{"tonal": {"thpcp": [1, 0.581919789314, 0.174717694521, 0.152537852526, 0.140432074666, 0.14990991354, 0.226416543126, 0.262625992298, 0.214648485184, 0.190686032176, 0.180925130844, 0.161952674389, 0.154601842165, 0.15180401504, 0.143433257937, 0.202035099268, 0.253348737955, 0.187965258956, 0.148799985647, 0.182764306664, 0.18832693994, 0.209025889635, 0.247592896223, 0.20986327529, 0.168659314513, 0.179160013795, 0.177933216095, 0.207930907607, 0.25065907836, 0.242577046156, 0.244368702173, 0.241999581456, 0.213492467999, 0.201163008809, 0.218628793955, 0.631062746048], "hpcp": {"dmean2": [0.163993313909, 0.155517652631, 0.135697931051, 0.173524305224, 0.191130295396, 0.132883965969, 0.128078401089, 0.137673944235, 0.138391852379, 0.171463757753, 0.196675986052, 0.167448490858, 0.144084110856, 0.149295195937, 0.145269826055, 0.171039283276, 0.194296136498, 0.186943337321, 0.200450152159, 0.205331936479, 0.194252043962, 0.185407578945, 0.17990604043, 0.247952073812, 0.320616006851, 0.237839892507, 0.150810092688, 0.132933169603, 0.128712177277, 0.144296661019, 0.230275407434, 0.265230327845, 0.224461123347, 0.226563453674, 0.195003509521, 0.174198001623], "median": [0.00257317372598, 0.0028349487111, 0.00351415760815, 0.00502788182348, 0.00531745841727, 0.00523309968412, 0.0164871327579, 0.0374468378723, 0.0471957698464, 0.0201264210045, 0.00907073449343, 0.00618288759142, 0.00705301947892, 0.0064906491898, 0.00851493701339, 0.0116849765182, 0.00897792167962, 0.00882070325315, 0.00604336895049, 0.00431506987661, 0.00531152822077, 0.00674517080188, 0.0132290478796, 0.508542895317, 0.584174871445, 0.47504478693, 0.00394580466673, 0.00344537361525, 0.00394489429891, 0.00570085179061, 0.00604564417154, 0.0069049987942, 0.00740814488381, 0.00375183322467, 0.00310337403789, 0.00284723890945], "min": [0, 0, 0, 0, 0, 0, 0, 0, 0, 0, 0, 0, 0, 0, 0, 0, 0, 0, 0, 0, 0, 0, 0, 0, 0, 0, 0, 0, 0, 0, 0, 0, 0, 0, 0, 0], "dvar2": [0.110370762646, 0.106720037758, 0.0794302970171, 0.0952711477876, 0.116082839668, 0.0603086687624, 0.0646515265107, 0.0751421377063, 0.0611159987748, 0.0864733979106, 0.109344743192, 0.0831298753619, 0.0675924271345, 0.0785960182548, 0.0670336261392, 0.0890466719866, 0.0995152965188, 0.0952436849475, 0.118947349489, 0.124361231923, 0.11940266192, 0.112268045545, 0.0975361764431, 0.126186564565, 0.218466117978, 0.115824714303, 0.0881373509765, 0.0741598829627, 0.07114328444, 0.0798767581582, 0.148914471269, 0.182075470686, 0.153288990259, 0.161202266812, 0.126266688108, 0.117301888764], "dvar": [0.0387994721532, 0.0375483594835, 0.0280429404229, 0.0338579826057, 0.042346354574, 0.0220488440245, 0.0228417124599, 0.0261423587799, 0.021336439997, 0.0310293473303, 0.0420704074204, 0.0301960837096, 0.0239888578653, 0.0278004985303, 0.0238701123744, 0.0317289121449, 0.037207800895, 0.0361319482327, 0.0415189005435, 0.0433297418058, 0.0424423590302, 0.0397995039821, 0.0368262007833, 0.0504583828151, 0.0930195078254, 0.0464946441352, 0.0326582193375, 0.0273756943643, 0.0259725507349, 0.0291715804487, 0.0534800998867, 0.0676704719663, 0.0553966499865, 0.0576292388141, 0.047063998878, 0.0428893044591], "dmean": [0.0894520580769, 0.0849505066872, 0.0747274756432, 0.0965883284807, 0.11053853482, 0.0759177729487, 0.0708146840334, 0.0767849758267, 0.0784838795662, 0.0987383797765, 0.114176437259, 0.0969345271587, 0.080674007535, 0.0844415202737, 0.0827189460397, 0.0988966152072, 0.113522753119, 0.107057996094, 0.112600758672, 0.116553612053, 0.109495937824, 0.10298564285, 0.102587461472, 0.136087700725, 0.172369018197, 0.13048709929, 0.0847945362329, 0.0743085741997, 0.0727035552263, 0.0798737928271, 0.127954944968, 0.149642556906, 0.126935496926, 0.122701473534, 0.108457788825, 0.095293469727], "max": [1, 1, 1, 1, 1, 1, 1, 1, 1, 1, 1, 1, 1, 1, 1, 1, 1, 1, 1, 1, 1, 1, 1, 1, 1, 1, 1, 1, 1, 1, 1, 1, 1, 1, 1, 1], "var": [0.03740138188, 0.0368683002889, 0.030499432236, 0.0423491038382, 0.0665106624365, 0.0372277200222, 0.0294446069747, 0.0304892323911, 0.0282961688936, 0.0395876467228, 0.0630033314228, 0.0458467230201, 0.036214761436, 0.0378980971873, 0.0331145934761, 0.0416075661778, 0.0588277988136, 0.0583246201277, 0.0600766055286, 0.0590792223811, 0.0524205006659, 0.049537345767, 0.0537547878921, 0.0788085386157, 0.202284917235, 0.0644736811519, 0.0428236834705, 0.037105564028, 0.0310045816004, 0.0321164019406, 0.0533249527216, 0.0677062943578, 0.0498743541539, 0.0485599189997, 0.0458640679717, 0.0411507114768], "mean": [0.0844164267182, 0.0828887447715, 0.0783181041479, 0.110316164792, 0.138334676623, 0.102633684874, 0.0812484696507, 0.0997938290238, 0.102831169963, 0.114133305848, 0.135191842914, 0.114590540528, 0.0920921564102, 0.0978258028626, 0.0971559360623, 0.113535419106, 0.13686606288, 0.132453069091, 0.133431360126, 0.13213776052, 0.11657217145, 0.109839983284, 0.119376726449, 0.344575881958, 0.546024739742, 0.317742586136, 0.0954001843929, 0.0832894444466, 0.0766793861985, 0.0818545222282, 0.123629033566, 0.143400296569, 0.117203384638, 0.104119293392, 0.0987895950675, 0.0884301662445]}, "tuning_equal_tempered_deviation": 0.187857240438, "chords_changes_rate": 0.106281727552, "key_key": "A#", "tuning_diatonic_strength": 0.473193138838, "key_scale": "major", "chords_number_rate": 0.00475888326764, "tuning_frequency": 434.193115234, "tuning_nontempered_energy_ratio": 0.778491020203, "chords_histogram": [20.717004776, 4.4098982811, 6.94796943665, 0.190355330706, 2.72842645645, 0.761421322823, 0, 0.126903548837, 0.22208121419, 0, 2.03045678139, 0.856598973274, 2.12563443184, 2.4428935051, 0, 1.23730969429, 0, 9.86675167084, 12.4048223495, 12.7538070679, 2.88705587387, 7.07487297058, 3.29949235916, 6.91624355316], "key_strength": 0.581495583057, "chords_key": "A#", "chords_strength": {"dmean2": 0.0136347813532, "median": 0.457057595253, "min": -1, "dvar2": 0.00123328797054, "dvar": 0.000662666221615, "dmean": 0.0104385185987, "max": 0.728595435619, "var": 0.0382736697793, "mean": 0.438435941935}, "chords_scale": "major", "hpcp_entropy": {"dmean2": 1.32437634468, "median": 2.19429254532, "min": 0, "dvar2": 1.11777853966, "dvar": 0.428860157728, "dmean": 0.79021525383, "max": 4.77064943314, "var": 1.062723279, "mean": 2.25070238113}}, "metadata": {"audio_properties": {"equal_loudness": 0, "codec": "flac", "downmix": "mix", "sample_rate": 44100, "analysis_sample_rate": 44100, "bit_rate": 0, "md5_encoded": "dc5123c0cddf82f9bcdea57aa26c0b4a", "length": 146.306671143, "replay_gain": -11.1238193512, "lossless": true}, "version": {"essentia_build_sha": "2d9f1f26377add8aeb1075a9c2973f962c4f09fd", "essentia": "2.1-beta2", "extractor": "music 1.0", "essentia_git_sha": "v2.1_beta2-1-ge3940c0"}, "tags": {"title": ["Going Back 2"], "artist": ["Nick Hook"], "date": ["2014-12-16"], "file_name": "02 - Going Back 2.flac", "performer": ["Bodega Bamz", "Crystal Caines", "DJ Sliink", "Nadus"], "album": ["Collage v.1"], "tracknumber": ["2"], "musicbrainz_recordingid": ["0909958a-6cca-448b-a008-d6ca3c4f4e3d"], "totaltracks": ["5"]}}, "rhythm": {"bpm_histogram_first_peak_bpm": {"dmean2": 0, "median": 99, "min": 99, "dvar2": 0, "dvar": 0, "dmean": 0, "max": 99, "var": 0, "mean": 99}, "bpm": 98.8867874146, "bpm_histogram_second_peak_spread": {"dmean2": 0, "median": 0.54545456171, "min": 0.54545456171, "dvar2": 0, "dvar": 0, "dmean": 0, "max": 0.54545456171, "var": 0, "mean": 0.54545456171}, "bpm_histogram_first_peak_weight": {"dmean2": 0, "median": 0.855371892452, "min": 0.855371892452, "dvar2": 0, "dvar": 0, "dmean": 0, "max": 0.855371892452, "var": 0, "mean": 0.855371892452}, "onset_rate": 5.39227104187, "beats_position": [0.626938760281, 1.28870749474, 1.95047616959, 2.57741498947, 3.19274377823, 3.80807256699, 4.41179132462, 5.01551008224, 5.61922883987, 6.2229475975, 6.82666635513, 7.4303855896, 8.03410434723, 8.63782310486, 9.24154186249, 9.84526062012, 10.4489793777, 11.0526981354, 11.656416893, 12.2601356506, 12.8754644394, 13.4907932281, 14.0945119858, 14.6982307434, 15.301949501, 15.9172782898, 16.5326080322, 17.1363258362, 17.7400455475, 18.3437633514, 18.9474830627, 19.5512008667, 20.154920578, 20.758638382, 21.3623580933, 21.9660758972, 22.5697956085, 23.1735134125, 23.7772331238, 24.3925609589, 24.9962806702, 25.6116104126, 26.2153282166, 26.8190479279, 27.4227657318, 28.0264854431, 28.6418132782, 29.2571430206, 29.8608608246, 30.4645805359, 31.0682983398, 31.6720180511, 32.2757377625, 32.8794555664, 33.4831733704, 34.0985031128, 34.7138328552, 35.3175506592, 35.9212684631, 36.5249862671, 37.1287078857, 37.7324256897, 38.3361434937, 38.9398651123, 39.55519104, 40.1705207825, 40.7742385864, 41.3779602051, 41.981678009, 42.585395813, 43.1775054932, 43.7928352356, 44.3965530396, 45.0002708435, 45.6039886475, 46.2077102661, 46.8114280701, 47.4267578125, 48.0304756165, 48.6458053589, 49.2495231628, 49.8532409668, 50.4569587708, 51.0606803894, 51.6643981934, 52.2681159973, 52.871837616, 53.4639434814, 54.0444450378, 54.6365509033, 55.240272522, 55.8439903259, 56.4477081299, 57.0630378723, 57.6783676147, 58.2936935425, 58.9090232849, 59.5127410889, 60.1164627075, 60.7201805115, 61.3238983154, 61.9276161194, 62.5429458618, 63.1466636658, 63.7619934082, 64.3657150269, 64.9810409546, 65.5963668823, 66.2117004395, 66.8386383057, 67.4771881104, 68.1041259766, 68.7310638428, 69.3696136475, 70.0313796997, 70.6815414429, 71.3084793091, 71.9238052368, 72.5391387939, 73.1428527832, 73.7465744019, 74.3502960205, 74.9540100098, 75.5577316284, 76.1614532471, 76.7419509888, 77.345664978, 77.9609985352, 78.5763244629, 79.1916503906, 79.8069839478, 80.410697937, 81.0144195557, 81.6181411743, 82.2218551636, 82.8255767822, 83.4292984009, 84.0330123901, 84.6367340088, 85.2404556274, 85.8441696167, 86.4362792969, 87.0516052246, 87.6553268433, 88.2822647095, 88.8859863281, 89.4897003174, 90.093421936, 90.7087478638, 91.3124694824, 91.9161911011, 92.5199050903, 93.1352386475, 93.6344680786, 94.1220855713, 94.609703064, 95.0857162476, 95.5501098633, 96.0028991699, 96.4556884766, 96.9317016602, 97.4077072144, 97.8837203979, 98.3597259521, 98.8473434448, 99.3349609375, 99.8225860596, 100.286979675, 100.75138092, 101.355102539, 101.958816528, 102.574150085, 103.189476013, 103.793197632, 104.396911621, 105.00063324, 105.604354858, 106.208068848, 106.811790466, 107.427116394, 108.042449951, 108.64616394, 109.249885559, 109.853607178, 110.457321167, 111.061042786, 111.664756775, 112.268478394, 112.872200012, 113.48752594, 114.102851868, 114.706573486, 115.310295105, 115.914009094, 116.517730713, 117.121452332, 117.725166321, 118.328887939, 118.944213867, 119.559547424, 120.163261414, 120.766983032, 121.370697021, 121.97441864, 122.578140259, 123.181854248, 123.785575867, 124.400901794, 125.016235352, 125.619949341, 126.223670959, 126.827392578, 127.431106567, 128.023223877, 128.638549805, 129.242263794, 129.845977783, 130.449707031, 131.053421021, 131.65713501, 132.272476196, 132.876190186, 133.491516113, 134.095230103, 134.698959351, 135.30267334, 135.906387329, 136.510116577, 137.113830566, 137.717544556, 138.321273804, 138.936599731, 139.551925659, 140.155639648, 140.759368896, 141.363082886, 141.966796875, 142.582122803, 143.197463989, 143.812789917, 144.428115845, 145.043441772, 145.6587677], "beats_loudness": {"dmean2": 0.0843846872449, "median": 0.11472029984, "min": 1.18300841345e-10, "dvar2": 0.00953239016235, "dvar": 0.00315501308069, "dmean": 0.0444999262691, "max": 0.357907503843, "var": 0.00647008186206, "mean": 0.0998563244939}, "danceability": 0.892824172974, "bpm_histogram_second_peak_weight": {"dmean2": 0, "median": 0.0206611566246, "min": 0.0206611566246, "dvar2": 0, "dvar": 0, "dmean": 0, "max": 0.0206611566246, "var": 0, "mean": 0.0206611566246}, "beats_count": 243, "bpm_histogram_second_peak_bpm": {"dmean2": 0, "median": 123, "min": 123, "dvar2": 0, "dvar": 0, "dmean": 0, "max": 123, "var": 0, "mean": 123}, "bpm_histogram_first_peak_spread": {"dmean2": 0, "median": 0.0590909458697, "min": 0.0590909458697, "dvar2": 0, "dvar": 0, "dmean": 0, "max": 0.0590909458697, "var": 0, "mean": 0.0590909458697}, "beats_loudness_band_ratio": {"dmean2": [0.293951243162, 0.174670413136, 0.163820281625, 0.146898582578, 0.106203518808, 0.131799578667], "median": [0.682932496071, 0.034180380404, 0.0335540547967, 0.0232027135789, 0.0334070622921, 0.0308801457286], "min": [0.000257063191384, 0.000807607197203, 1.18472853501e-05, 2.14653141484e-06, 1.17520164622e-06, 1.15326440664e-06], "dvar2": [0.0807703360915, 0.0554691590369, 0.0442713499069, 0.0412667095661, 0.0183587111533, 0.0136299990118], "dvar": [0.0400188304484, 0.021776990965, 0.0169895682484, 0.0149185368791, 0.00814605411142, 0.00706222373992], "dmean": [0.169573649764, 0.0999942272902, 0.0945193618536, 0.0820810198784, 0.0625320971012, 0.0729606896639], "max": [0.999452769756, 0.716302394867, 0.924833893776, 0.670460999012, 0.578481256962, 0.794546604156], "var": [0.129415690899, 0.0357401743531, 0.0217930227518, 0.0227735675871, 0.0120197134092, 0.0158285498619], "mean": [0.574011027813, 0.120728239417, 0.0964272022247, 0.0886972248554, 0.0765598490834, 0.0765550360084]}}, "lowlevel": {"barkbands_spread": {"dmean2": 11.7856998444, "median": 10.73711586, "min": 0.0864391475916, "dvar2": 285.806610107, "dvar": 126.2397995, "dmean": 7.69645214081, "max": 110.913970947, "var": 302.888244629, "mean": 16.4070243835}, "melbands_spread": {"dmean2": 12.4505567551, "median": 7.66193056107, "min": 0.155544221401, "dvar2": 577.104980469, "dvar": 251.79069519, "dmean": 8.00262832642, "max": 268.285552979, "var": 879.273498535, "mean": 19.126373291}, "hfc": {"dmean2": 27.4027919769, "median": 15.2652540207, "min": 1.12905521402e-16, "dvar2": 3004.70825195, "dvar": 1252.46057129, "dmean": 17.9705200195, "max": 423.056304932, "var": 1698.32763672, "mean": 28.4347000122}, "barkbands_kurtosis": {"dmean2": 32.8539619446, "median": 8.87038230896, "min": -1.94807207584, "dvar2": 6911.45019531, "dvar": 2628.51147461, "dmean": 20.7304267883, "max": 1261.08581543, "var": 3116.29199219, "mean": 29.2132167816}, "gfcc": {"mean": [-60.6787719727, 71.2787628174, -80.8998413086, 40.5228424072, -42.4293785095, 25.9765892029, -37.8012008667, 12.8150253296, -10.1455774307, 2.89677548409, -14.3806800842, -1.37039291859, -10.3721055984], "icov": [[6.01996762271e-05, -0.000122276396723, 4.93934348924e-05, -0.000133768699015, 7.42961856304e-05, -0.000251486402703, 0.00016974886239, -0.000186825884157, 0.000153182656504, -0.000182140691322, 0.000247238000156, -0.000291977834422, 0.000187804616871], [-0.000122276396723, 0.000856259721331, -0.000262591929641, 0.000546577910427, -0.000370539113646, 0.000826056115329, -0.000594817625824, 0.00068194011692, -0.000848152849358, 0.0010280716233, -0.00111047900282, 0.0013658949174, -0.000624269887339], [4.93934348924e-05, -0.000262591929641, 0.000607635767665, -0.000593864126131, -0.000205959164305, -3.94580019929e-05, -0.000119300122606, -4.66443307232e-05, 0.000578668725211, -0.00034246276482, 0.000423198856879, -0.000572282122448, 0.000685764185619], [-0.000133768699015, 0.000546577910427, -0.000593864126131, 0.00217369780876, -0.000743658980355, 0.000416003924329, -0.000344810745446, 0.000260733038886, -0.00123615434859, 0.000692317436915, -0.000887523230631, 0.000244380062213, -0.00108508334961], [7.42961856304e-05, -0.000370539113646, -0.000205959164305, -0.000743658980355, 0.0030646880623, -0.00124117627274, -0.000184362666914, -0.000262228306383, -0.000798283319455, 5.97019825364e-05, -0.000321248779073, -0.000406205304898, -0.000878980616108], [-0.000251486402703, 0.000826056115329, -3.94580019929e-05, 0.000416003924329, -0.00124117627274, 0.00444223126397, -0.00238227192312, 0.000855293939821, -0.000769453123212, 0.000345884152921, -0.000788544712123, 0.00100597657729, 2.83190784103e-05], [0.00016974886239, -0.000594817625824, -0.000119300122606, -0.000344810745446, -0.000184362666914, -0.00238227192312, 0.00451071327552, -0.00134592677932, 0.00123370776419, -0.0002182967728, -0.000554489612114, 0.00042399004451, 0.000861437700223], [-0.000186825884157, 0.00068194011692, -4.66443307232e-05, 0.000260733038886, -0.000262228306383, 0.000855293939821, -0.00134592677932, 0.00722986226901, -0.00403705053031, 0.000986980041489, 0.000299541105051, 7.78837129474e-05, 0.000336609140504], [0.000153182656504, -0.000848152849358, 0.000578668725211, -0.00123615434859, -0.000798283319455, -0.000769453123212, 0.00123370776419, -0.00403705053031, 0.00713162962347, -0.00209304969758, -1.53900191435e-06, 0.000692347588483, 0.000720977957826], [-0.000182140691322, 0.0010280716233, -0.00034246276482, 0.000692317436915, 5.97019825364e-05, 0.000345884152921, -0.0002182967728, 0.000986980041489, -0.00209304969758, 0.00982512626797, -0.00280142016709, 0.00116870738566, 0.000350909511326], [0.000247238000156, -0.00111047900282, 0.000423198856879, -0.000887523230631, -0.000321248779073, -0.000788544712123, -0.000554489612114, 0.000299541105051, -1.53900191435e-06, -0.00280142016709, 0.0100526604801, -0.00373503752053, -0.000291992444545], [-0.000291977834422, 0.0013658949174, -0.000572282122448, 0.000244380062213, -0.000406205304898, 0.00100597657729, 0.00042399004451, 7.78837129474e-05, 0.000692347588483, 0.00116870738566, -0.00373503752053, 0.0136705460027, -0.00220157299191], [0.000187804616871, -0.000624269887339, 0.000685764185619, -0.00108508334961, -0.000878980616108, 2.83190784103e-05, 0.000861437700223, 0.000336609140504, 0.000720977957826, 0.000350909511326, -0.000291992444545, -0.00220157299191, 0.0128910420462]], "cov": [[33133.1523438, 656.034606934, -373.999511719, 1132.65026855, 47.0902748108, 1251.61169434, -291.935668945, 675.037780762, 236.827529907, 247.645111084, -378.516479492, 335.064208984, -304.693572998], [656.034606934, 3034.44848633, 862.205627441, 71.9975967407, 494.357086182, -75.4504318237, 331.232666016, -46.2892379761, 220.069519043, -142.167663574, 217.760177612, -171.10206604, 77.8050079346], [-373.999511719, 862.205627441, 3294.7668457, 993.128601074, 705.634277344, 201.001525879, 427.897125244, -12.215423584, 26.8827018738, -15.7416210175, 130.341400146, 52.3109092712, -14.2656488419], [1132.65026855, 71.9975967407, 993.128601074, 1102.68041992, 511.538482666, 219.842605591, 194.588272095, 124.773696899, 207.883056641, 16.7572231293, 102.439224243, 54.3507766724, 44.6253662109], [47.0902748108, 494.357086182, 705.634277344, 511.538482666, 773.269226074, 272.707672119, 274.86517334, 95.2452697754, 206.115478516, -1.33600187302, 128.018127441, -1.24688601494, 51.2415657043], [1251.61169434, -75.4504318237, 201.001525879, 219.842605591, 272.707672119, 508.102722168, 253.74067688, 67.2754135132, 75.9804840088, 30.2570381165, 41.4196891785, 3.04976177216, -18.9242076874], [-291.935668945, 331.232666016, 427.897125244, 194.588272095, 274.86517334, 253.74067688, 462.279998779, 50.9184570313, 53.7139892578, -5.46947526932, 82.4695663452, -30.7749481201, -6.37002515793], [675.037780762, -46.2892379761, -12.215423584, 124.773696899, 95.2452697754, 67.2754135132, 50.9184570313, 247.26852417, 157.558517456, 14.797088623, -3.10443377495, -1.14171266556, -13.9163675308], [236.827529907, 220.069519043, 26.8827018738, 207.883056641, 206.115478516, 75.9804840088, 53.7139892578, 157.558517456, 317.830383301, 32.8336143494, 46.0061340332, -26.7144184113, 7.26884746552], [247.645111084, -142.167663574, -15.7416210175, 16.7572231293, -1.33600187302, 30.2570381165, -5.46947526932, 14.797088623, 32.8336143494, 129.200561523, 20.2850475311, 7.24299955368, -12.079955101], [-378.516479492, 217.760177612, 130.341400146, 102.439224243, 128.018127441, 41.4196891785, 82.4695663452, -3.10443377495, 46.0061340332, 20.2850475311, 160.571899414, 15.6950931549, 24.1490974426], [335.064208984, -171.10206604, 52.3109092712, 54.3507766724, -1.24688601494, 3.04976177216, -30.7749481201, -1.14171266556, -26.7144184113, 7.24299955368, 15.6950931549, 106.012893677, 10.3770666122], [-304.693572998, 77.8050079346, -14.2656488419, 44.6253662109, 51.2415657043, -18.9242076874, -6.37002515793, -13.9163675308, 7.26884746552, -12.079955101, 24.1490974426, 10.3770666122, 96.8612823486]]}, "spectral_energyband_middle_low": {"dmean2": 0.00828309636563, "median": 0.00655160471797, "min": 4.11890632881e-22, "dvar2": 0.000200752285309, "dvar": 7.84549411037e-05, "dmean": 0.0051452270709, "max": 0.119458943605, "var": 0.00013108701387, "mean": 0.00997271761298}, "melbands_crest": {"dmean2": 4.3807091713, "median": 24.5221672058, "min": 2.10143089294, "dvar2": 26.3267288208, "dvar": 11.0807771683, "dmean": 2.72440767288, "max": 35.692363739, "var": 102.568870544, "mean": 21.8704681396}, "spectral_kurtosis": {"dmean2": 4.8770775795, "median": 3.58358669281, "min": -1.58235228062, "dvar2": 193.990890503, "dvar": 81.2043380737, "dmean": 3.16808438301, "max": 269.047119141, "var": 278.499816895, "mean": 7.26789665222}, "spectral_rms": {"dmean2": 0.00133474892937, "median": 0.0100952060893, "min": 3.20801133054e-12, "dvar2": 4.14244186686e-06, "dvar": 1.91527396964e-06, "dmean": 0.000882688967977, "max": 0.0219099465758, "var": 2.32068723562e-05, "mean": 0.00786840170622}, "zerocrossingrate": {"dmean2": 0.017572235316, "median": 0.0322265625, "min": 0.00146484375, "dvar2": 0.000619758560788, "dvar": 0.000423759949626, "dmean": 0.0145856682211, "max": 0.5087890625, "var": 0.00691747292876, "mean": 0.0614159740508}, "silence_rate_60dB": {"dmean2": 0.0749206319451, "median": 0, "min": 0, "dvar2": 0.0880396589637, "dvar": 0.036052454263, "dmean": 0.0374543741345, "max": 1, "var": 0.136517196894, "mean": 0.163122817874}, "erbbands_kurtosis": {"dmean2": 4.78742074966, "median": 0.573995828629, "min": -1.9094825983, "dvar2": 94.9289016724, "dvar": 39.4804039001, "dmean": 2.99691200256, "max": 110.357940674, "var": 87.4688491821, "mean": 3.33600759506}, "erbbands": {"dmean2": [1.08176207542, 2.85756659508, 6.29350757599, 9.34375858307, 7.70781230927, 6.56476831436, 12.116358757, 18.9974365234, 12.94120121, 18.9772434235, 37.5920944214, 36.706287384, 17.7263278961, 14.9549531937, 11.0260429382, 18.9449119568, 34.950428009, 33.0888175964, 28.1608982086, 31.8140525818, 31.2142562866, 31.752494812, 27.098449707, 15.2096662521, 13.69480896, 14.874505043, 14.1729488373, 9.80483913422, 13.0614385605, 15.8443431854, 15.4021511078, 13.1722192764, 8.32009315491, 4.63738632202, 2.59665822983, 1.3948776722, 0.534618377686, 0.0995289236307, 0.00749047659338, 0.000265126960585], "median": [3.20076823235, 4.59095096588, 4.53732538223, 7.56027173996, 2.43339204788, 1.41562008858, 1.46496582031, 1.76798605919, 1.64886391163, 1.73574864864, 2.68755292892, 2.79036426544, 2.03219032288, 1.60719513893, 1.24506139755, 1.59059882164, 2.23616933823, 2.75798988342, 3.9665389061, 4.08423709869, 3.69835472107, 3.70440411568, 3.56723237038, 1.90118443966, 1.18890976906, 0.924029111862, 0.976814091206, 1.32867193222, 1.22399139404, 1.35624742508, 1.10730946064, 0.868757128716, 0.679809451103, 0.375084221363, 0.147787183523, 0.0470225065947, 0.0117501839995, 0.00145030359272, 0.0001500343933, 0.000136173242936], "min": [1.53230705026e-21, 1.08740177818e-20, 4.82719017914e-20, 1.9139986791e-20, 5.62298898097e-20, 3.93810091385e-19, 5.99295404023e-19, 2.31293502846e-19, 1.0802508341e-18, 2.62513646289e-18, 7.63328886709e-19, 1.44350182343e-18, 2.68067171486e-18, 1.98346309682e-18, 3.02537049061e-18, 4.88740078517e-18, 3.72841610864e-18, 6.91943323923e-18, 9.61288510134e-18, 7.58360343641e-18, 8.62402955652e-18, 1.28622945657e-17, 1.27918725443e-17, 1.36867603715e-17, 1.81200249383e-17, 1.6978909431e-17, 1.62792188575e-17, 1.3624403361e-17, 1.97178979994e-17, 1.56732478474e-17, 1.92180377183e-17, 1.54466549535e-17, 1.12884461384e-17, 1.20851840228e-17, 8.00032048541e-18, 6.75346523958e-18, 3.40170933839e-18, 1.28285714461e-18, 3.54001223075e-19, 3.23809544307e-20], "dvar2": [7.61522769928, 73.2320022583, 492.490905762, 626.193481445, 330.325286865, 264.683898926, 1259.08288574, 4631.79150391, 1481.96838379, 3162.3347168, 13195.6035156, 11680.0380859, 2258.03198242, 1691.4498291, 646.630737305, 2482.85888672, 7805.34619141, 10829.3710938, 5091.16992188, 4573.44824219, 3787.01904297, 2895.49804688, 2654.67529297, 1368.65100098, 2086.57055664, 3101.24755859, 2816.54296875, 757.765014648, 1543.56286621, 1480.75964355, 1431.83813477, 982.042297363, 362.76159668, 113.120605469, 49.077796936, 22.1741905212, 3.5899078846, 0.120327971876, 0.000633645395283, 6.00101373038e-07], "dvar": [3.64478445053, 30.4243221283, 170.521560669, 207.208023071, 133.89881897, 105.897949219, 478.034637451, 1731.92700195, 583.155639648, 1404.8996582, 5675.47460938, 4967.32128906, 972.796569824, 750.593688965, 265.142181396, 1076.4864502, 3242.78027344, 4971.66455078, 2255.12597656, 2200.19238281, 1598.25134277, 1220.72961426, 1093.56750488, 613.95501709, 927.23425293, 1243.46459961, 1088.27429199, 337.855621338, 637.57635498, 610.88092041, 573.371032715, 381.399871826, 147.772949219, 46.8301277161, 19.3275203705, 8.427277565, 1.39994478226, 0.0461212210357, 0.000255820574239, 2.41366024056e-07], "dmean": [0.703490555286, 1.89493441582, 3.48447704315, 5.34111595154, 4.71239709854, 4.22303104401, 7.24812269211, 11.3031244278, 7.92233562469, 12.1372241974, 23.779838562, 23.5172672272, 11.1798610687, 9.66060733795, 6.91470479965, 11.9827623367, 21.8562583923, 22.4854602814, 18.4968013763, 20.7401237488, 19.3886966705, 19.0496520996, 16.4554443359, 9.77523803711, 8.90040683746, 9.41785812378, 8.96458435059, 6.57830524445, 8.34876918793, 9.99174213409, 9.60414600372, 8.10674571991, 5.24100732803, 2.96322512627, 1.62645304203, 0.851143240929, 0.327244788408, 0.0597405657172, 0.00463941786438, 0.000166816782439], "max": [21.9179077148, 78.5223922729, 148.372451782, 210.019577026, 201.212646484, 180.076965332, 298.881072998, 525.124633789, 341.022155762, 715.029968262, 1251.27404785, 2045.88525391, 687.59185791, 744.819274902, 332.213500977, 943.299865723, 1296.31677246, 2312.61352539, 1285.90124512, 1257.72998047, 800.241821289, 405.573852539, 407.516540527, 409.845062256, 392.758331299, 503.945953369, 515.12701416, 297.471862793, 335.568634033, 376.918243408, 263.864349365, 288.30645752, 126.466278076, 86.1815032959, 66.613609314, 33.5157775879, 13.240404129, 2.69178557396, 0.185299709439, 0.00550032407045], "var": [11.468667984, 66.6192398071, 134.626663208, 231.068832397, 237.689422607, 218.002182007, 453.901306152, 1467.07531738, 603.02331543, 1742.66845703, 7573.19824219, 15580.0380859, 1473.25769043, 1027.70385742, 352.892456055, 1794.25073242, 5538.56152344, 11093.5410156, 3708.02148438, 4936.27246094, 2854.27612305, 1894.57666016, 1439.58459473, 795.950439453, 1061.68481445, 1165.89355469, 994.663452148, 482.828918457, 764.04107666, 697.176757813, 617.346679688, 375.30670166, 171.119155884, 56.4902153015, 19.5676136017, 7.0321264267, 1.19884169102, 0.0382717773318, 0.00024508163915, 2.56832208834e-07], "mean": [3.12279558182, 6.19420671463, 6.30843114853, 11.9455108643, 7.41585588455, 6.70275115967, 8.95704460144, 12.0777664185, 8.77177524567, 13.6923046112, 27.6227703094, 33.8691673279, 13.6325836182, 11.3463277817, 8.15424060822, 14.5248155594, 27.7523498535, 30.4268321991, 25.0484275818, 29.3767604828, 24.1488704681, 22.4285316467, 19.1223278046, 11.301525116, 9.90121269226, 9.21136856079, 8.84111404419, 8.30682659149, 10.091427803, 10.8399810791, 9.86475467682, 7.91253137589, 5.50183582306, 3.14561247826, 1.62808740139, 0.766587138176, 0.283239364624, 0.0505754128098, 0.00422693416476, 0.000237114669289]}, "spectral_strongpeak": {"dmean2": 0.512487709522, "median": 0.482815563679, "min": 0, "dvar2": 1.40761303902, "dvar": 0.591915667057, "dmean": 0.318656980991, "max": 11.2775268555, "var": 1.16705965996, "mean": 0.781214296818}, "spectral_energy": {"dmean2": 0.0260257571936, "median": 0.104461014271, "min": 1.05486199538e-20, "dvar2": 0.00302915787324, "dvar": 0.00134005548898, "dmean": 0.0167794506997, "max": 0.492046922445, "var": 0.0057771326974, "mean": 0.0872468873858}, "average_loudness": 0.821450769901, "spectral_rolloff": {"dmean2": 1031.80407715, "median": 279.931640625, "min": 64.599609375, "dvar2": 4988043, "dvar": 2121574.25, "dmean": 601.455566406, "max": 19121.484375, "var": 10328137, "mean": 1574.32104492}, "spectral_centroid": {"dmean2": 544.579223633, "median": 1036.94873047, "min": 75.2835922241, "dvar2": 441547.5, "dvar": 206291.578125, "dmean": 362.0652771, "max": 11458.7050781, "var": 842544.3125, "mean": 1257.1809082}, "pitch_salience": {"dmean2": 0.10373327136, "median": 0.401618659496, "min": 0.0776642039418, "dvar2": 0.0144141763449, "dvar": 0.00600882060826, "dmean": 0.0652487054467, "max": 0.971105217934, "var": 0.0344958715141, "mean": 0.470148295164}, "spectral_energyband_middle_high": {"dmean2": 0.0033109949436, "median": 0.00118671357632, "min": 1.7800884373e-21, "dvar2": 2.67434152192e-05, "dvar": 1.42362614497e-05, "dmean": 0.00226281140931, "max": 0.0598702467978, "var": 3.91439898522e-05, "mean": 0.00401658611372}, "spectral_contrast_coeffs": {"dmean2": [0.0780834555626, 0.094754345715, 0.0700845047832, 0.0606384947896, 0.0544310584664, 0.0331068225205], "median": [-0.652648806572, -0.733699798584, -0.814158380032, -0.810171246529, -0.807140469551, -0.804576039314], "min": [-0.95241111517, -0.964200794697, -0.961210846901, -0.96438062191, -0.960425496101, -0.961365997791], "dvar2": [0.00551006011665, 0.00656708609313, 0.00360792945139, 0.00282416469418, 0.00299313501455, 0.000855349004269], "dvar": [0.00209393119439, 0.00297129503451, 0.00172435864806, 0.00124186335597, 0.00120692234486, 0.000388420565287], "dmean": [0.0480700321496, 0.0609071776271, 0.0458068698645, 0.0395334511995, 0.0338735878468, 0.0219513643533], "max": [-0.259543508291, -0.363547056913, -0.407597720623, -0.474152892828, -0.522302389145, -0.601560771465], "var": [0.00946685206145, 0.0114390878007, 0.00909156817943, 0.00600811140612, 0.00388552527875, 0.00201501022093], "mean": [-0.647903621197, -0.723240375519, -0.788100600243, -0.793636798859, -0.797422528267, -0.8010455966]}, "melbands_skewness": {"dmean2": 2.58126568794, "median": 4.06780719757, "min": -1.72720849514, "dvar2": 9.96725845337, "dvar": 4.55087471008, "dmean": 1.70628285408, "max": 32.4732398987, "var": 21.3505477905, "mean": 5.23236227036}, "spectral_spread": {"dmean2": 1662940.25, "median": 5156463, "min": 425498.53125, "dvar2": 4085853454340.0, "dvar": 2126321549310.0, "dmean": 1123265.375, "max": 40367716, "var": 7744153190400.0, "mean": 5864092}, "dissonance": {"dmean2": 0.0413727350533, "median": 0.469248175621, "min": 0.0949389189482, "dvar2": 0.00220173737034, "dvar": 0.000914731586818, "dmean": 0.0259432010353, "max": 0.500000238419, "var": 0.00279127154499, "mean": 0.450484186411}, "spectral_skewness": {"dmean2": 0.561124384403, "median": 1.62178730965, "min": -0.482370108366, "dvar2": 0.646742224693, "dvar": 0.32832929492, "dmean": 0.383912622929, "max": 14.1202116013, "var": 1.85579741001, "mean": 1.87800049782}, "spectral_flux": {"dmean2": 0.0633151978254, "median": 0.07300581038, "min": 1.02706475269e-10, "dvar2": 0.00748010165989, "dvar": 0.0034034748096, "dmean": 0.0399392135441, "max": 0.558526933193, "var": 0.00667176162824, "mean": 0.0924706310034}, "spectral_contrast_valleys": {"dmean2": [0.642625451088, 0.841444909573, 0.813256144524, 0.724336862564, 0.615431725979, 0.705409944057], "median": [-6.89084339142, -7.50074005127, -8.27394294739, -8.03217506409, -8.15527057648, -9.93720817566], "min": [-27.3570652008, -27.2277355194, -27.6012611389, -27.1355876923, -27.2820148468, -27.2430381775], "dvar2": [0.469280064106, 0.573103547096, 0.557511210442, 0.477376699448, 0.436940640211, 0.592298686504], "dvar": [0.243692502379, 0.273967474699, 0.297340303659, 0.260145157576, 0.243424102664, 0.322533130646], "dmean": [0.411021262407, 0.552027583122, 0.558799386024, 0.517965257168, 0.459326863289, 0.544865787029], "max": [-5.01511907578, -4.40886306763, -5.45755958557, -5.47327423096, -4.93478298187, -7.11199712753], "var": [5.18959569931, 2.91224575043, 3.04477834702, 3.38183784485, 3.08427238464, 3.36989331245], "mean": [-7.68542146683, -7.78222560883, -8.4370470047, -8.34370136261, -8.43307971954, -10.2265796661]}, "erbbands_flatness_db": {"dmean2": 0.0376082882285, "median": 0.15234413743, "min": 0.0427638441324, "dvar2": 0.00133359339088, "dvar": 0.000688161409926, "dmean": 0.0253524407744, "max": 0.449770778418, "var": 0.00456405151635, "mean": 0.163108825684}, "spectral_energyband_high": {"dmean2": 0.00250481674448, "median": 0.000261925393716, "min": 7.42471744052e-21, "dvar2": 3.47731038346e-05, "dvar": 1.42300114021e-05, "dmean": 0.00160626182333, "max": 0.0456982366741, "var": 1.64921075338e-05, "mean": 0.0017482182011}, "spectral_entropy": {"dmean2": 0.434187203646, "median": 7.61383342743, "min": 3.77906990051, "dvar2": 0.225067898631, "dvar": 0.122381567955, "dmean": 0.30755841732, "max": 9.81368541718, "var": 0.850253760815, "mean": 7.41007947922}, "silence_rate_20dB": {"dmean2": 0.0260317455977, "median": 1, "min": 0, "dvar2": 0.0355102084577, "dvar": 0.0128437811509, "dmean": 0.0130138071254, "max": 1, "var": 0.00787151698023, "mean": 0.992066025734}, "melbands_flatness_db": {"dmean2": 0.0597031600773, "median": 0.297247171402, "min": 0.00513605913147, "dvar2": 0.00395273184404, "dvar": 0.00222114240751, "dmean": 0.0433692187071, "max": 0.872716248035, "var": 0.0269628223032, "mean": 0.299947410822}, "barkbands": {"dmean2": [0.00410392740741, 0.0186669174582, 0.00594636052847, 0.00313298939727, 0.00202005170286, 0.00216419133358, 0.000893965247087, 0.00156682089437, 0.00158492603805, 0.000525857205503, 0.000301069230773, 0.000444509409135, 0.000792495382484, 0.000655294919852, 0.000630160269793, 0.000595845340285, 0.000574967300054, 0.000488032615976, 0.00025752937654, 0.000302523578284, 0.000275199563475, 0.000372790498659, 0.000553908408619, 0.000549496093299, 0.000382808153518, 0.000292709679343, 4.55660374428e-05], "median": [0.00871715694666, 0.0590765997767, 0.00421394407749, 0.00122819514945, 0.000465448596515, 0.000210635596886, 8.44540118123e-05, 8.14566883491e-05, 0.000102794278064, 4.06363542425e-05, 2.4073280656e-05, 3.13693235512e-05, 4.43494827778e-05, 5.23453200003e-05, 6.90106244292e-05, 6.40154612483e-05, 5.80926644034e-05, 5.67633687751e-05, 2.3817174224e-05, 1.80080314749e-05, 2.98068171105e-05, 3.56208875019e-05, 4.14948299294e-05, 4.17002956965e-05, 2.67327559413e-05, 7.85329029895e-06, 5.61196884519e-07], "min": [1.02660046843e-23, 4.98545103742e-23, 3.91612389022e-23, 2.6464506461e-24, 1.05385998299e-22, 2.67731313296e-23, 1.48868289074e-22, 3.12852989561e-23, 6.05253213986e-23, 9.25130757473e-23, 7.0027769469e-23, 9.71125576542e-23, 9.58751756818e-23, 1.53571818579e-22, 1.70758787919e-22, 1.38642543906e-22, 2.29542695714e-22, 2.36593951004e-22, 3.18895367483e-22, 3.50400376823e-22, 3.78805629811e-22, 4.92797191819e-22, 6.41338715774e-22, 6.64295249691e-22, 1.13031312551e-21, 1.81949078996e-21, 2.35845469679e-21], "dvar2": [0.000118819145428, 0.0026552954223, 0.000418248731876, 5.85878733546e-05, 2.14250212593e-05, 5.76490347157e-05, 6.63066384732e-06, 2.34239942074e-05, 2.10448106372e-05, 1.94426957023e-06, 6.17755290477e-07, 1.53567407324e-06, 4.14437408836e-06, 4.20607420892e-06, 2.08895153264e-06, 1.45605508806e-06, 1.00736735931e-06, 9.62443209573e-07, 6.59354270738e-07, 1.29723480313e-06, 7.28879456346e-07, 1.09410871119e-06, 1.81904192686e-06, 1.63539959885e-06, 8.84378891897e-07, 1.07505991309e-06, 2.11851052256e-08], "dvar": [4.27592749475e-05, 0.00123111833818, 0.000141734271892, 2.00151371246e-05, 8.69007544679e-06, 2.14987849176e-05, 2.69477186521e-06, 1.01023933894e-05, 8.80287734617e-06, 8.73685735314e-07, 2.60163460553e-07, 6.58105477669e-07, 1.72620468675e-06, 1.88622664155e-06, 9.78849925559e-07, 6.38057485958e-07, 4.13041306047e-07, 3.96122942448e-07, 2.9286442782e-07, 5.20178957686e-07, 3.09754113914e-07, 4.56709358332e-07, 7.37298648801e-07, 6.51631523851e-07, 3.5628275441e-07, 4.1299563236e-07, 8.43762837377e-09], "dmean": [0.00256321043707, 0.0123120285571, 0.00332524790429, 0.00183088285848, 0.00127470563166, 0.00129997322802, 0.000555347069167, 0.000998172094114, 0.000999254174531, 0.000331236777129, 0.000188132733456, 0.000274701713352, 0.000491644896101, 0.000434796966147, 0.000412758905441, 0.000370718946215, 0.000342185550835, 0.000298371742247, 0.000167557678651, 0.000193700223463, 0.000182886171388, 0.000237923610257, 0.000347462977516, 0.000345236767316, 0.000242789858021, 0.000178816189873, 2.79506402876e-05], "max": [0.100894145668, 0.447265326977, 0.143097281456, 0.0971142649651, 0.0505312606692, 0.0651263147593, 0.0362887866795, 0.0475154481828, 0.0652953758836, 0.0188438668847, 0.0108034135774, 0.0228139273822, 0.0321929380298, 0.03267410025, 0.0222104229033, 0.0170970764011, 0.0126677509397, 0.00826328340918, 0.00718807755038, 0.0109297679737, 0.00937162619084, 0.00958725158125, 0.0104042924941, 0.0107435137033, 0.00779574504122, 0.00738036679104, 0.00112278666347], "var": [0.000130807587993, 0.00360628729686, 0.00010228742758, 2.82358323602e-05, 1.71557003341e-05, 1.77011697815e-05, 2.94663732348e-06, 1.29705867948e-05, 2.05351097975e-05, 1.24352197872e-06, 3.65948096714e-07, 9.40440656905e-07, 3.25645373778e-06, 3.71062355953e-06, 1.91123581317e-06, 1.17175420655e-06, 6.64239223624e-07, 5.0241834515e-07, 3.43138083281e-07, 4.9209467079e-07, 3.72214287836e-07, 5.67817608044e-07, 8.06510115581e-07, 7.04066792423e-07, 3.9644885419e-07, 3.45408295743e-07, 7.88849785494e-09], "mean": [0.0101756993681, 0.055176153779, 0.00622668862343, 0.00342926476151, 0.00199436838739, 0.0014082454145, 0.000598672078922, 0.0010841198964, 0.00134363363031, 0.000371028290829, 0.000217179505853, 0.000311835552566, 0.000623193976935, 0.000535970553756, 0.000545693910681, 0.000457598565845, 0.000392505055061, 0.000337244942784, 0.000187080106116, 0.000189554499229, 0.000207051212783, 0.000288039329462, 0.0003599357442, 0.000352929520886, 0.000251625140663, 0.000156888607307, 2.46002164204e-05]}, "erbbands_skewness": {"dmean2": 1.11275672913, "median": 0.223389387131, "min": -4.35352945328, "dvar2": 1.32349824905, "dvar": 0.587690711021, "dmean": 0.731089711189, "max": 7.96352434158, "var": 1.93169140816, "mean": 0.475575864315}, "erbbands_spread": {"dmean2": 23.29429245, "median": 38.2956466675, "min": 1.63848984241, "dvar2": 781.217834473, "dvar": 348.533630371, "dmean": 15.1431684494, "max": 214.342926025, "var": 1196.90771484, "mean": 46.2506256104}, "melbands_kurtosis": {"dmean2": 67.3960189819, "median": 24.129650116, "min": -1.89744329453, "dvar2": 15782.5019531, "dvar": 6773.00439453, "dmean": 43.1787033081, "max": 1420.83850098, "var": 14435.8164063, "mean": 75.3172912598}, "melbands": {"dmean2": [0.00701774237677, 0.00305034569465, 0.00156062247697, 0.000466100726044, 0.000391371169826, 0.000418015551986, 0.000193144893274, 0.000235309955315, 0.000327789719449, 0.000216144340811, 8.71388110681e-05, 6.36539916741e-05, 3.89921478927e-05, 4.06716935686e-05, 7.14479756425e-05, 7.78508911026e-05, 6.48018467473e-05, 4.7012406867e-05, 5.11800171807e-05, 4.10420871049e-05, 3.71085006918e-05, 3.44520194631e-05, 2.85330388579e-05, 2.45189294219e-05, 1.09437814899e-05, 1.17032204798e-05, 8.28089468996e-06, 1.03671955003e-05, 1.0328114513e-05, 5.9948974922e-06, 5.96963536736e-06, 7.4366280387e-06, 7.82916504249e-06, 1.00088591353e-05, 9.64616356214e-06, 8.84466680873e-06, 7.25257177692e-06, 5.68205950913e-06, 5.34035461897e-06, 3.58940201295e-06], "median": [0.0212981663644, 0.00366198294796, 0.00133984792046, 0.000119909003843, 5.58643369004e-05, 3.8564656279e-05, 2.22284616029e-05, 1.58672537509e-05, 2.10420475923e-05, 1.45556114148e-05, 7.27767474018e-06, 5.42973612028e-06, 3.51072185367e-06, 3.54828898708e-06, 4.27901613875e-06, 4.50663537777e-06, 4.51383220934e-06, 5.36025254405e-06, 5.28277223566e-06, 4.32083288615e-06, 3.77810874852e-06, 3.43023884852e-06, 3.69469535