{"metadata": {"tags": {"album": ["METAL GEAR SOLID PEACE WALKER ORIGINAL SOUNDTRACK"], "tracknumber": ["20/28"], "genre": ["Soundtrack"], "artist": ["\u9663\u5185\u4e00\u99ac"], "encodedby": ["iTunes 9.1.0.79"], "date": ["2010"], "discnumber": ["1/1"], "musicbrainz_recordingid": ["090f7cb3-a87a-47bf-9469-f46e2c98fbc7"], "title": ["Dead Ahead"], "file_name": "1527463.mp3", "composer": ["\u9663\u5185\u4e00\u99ac"]}, "audio_properties": {"sample_rate": 44100, "downmix": "mix", "lossless": false, "analysis_sample_rate": 44100, "md5_encoded": "3a059bf8f911c354ba1570eadfe66a48", "equal_loudness": 0, "replay_gain": -10.2817935944, "codec": "mp3", "bit_rate": 320000, "length": 129.671829224}, "version": {"extractor": "music 1.0", "essentia_build_sha": "70f2e5ece6736b2c40cc944ad0e695b16b925413", "essentia_git_sha": "v2.1_beta2", "essentia": "2.1-beta2"}}, "rhythm": {"beats_loudness_band_ratio": {"dvar2": [0.0332510955632, 0.016378082335, 0.0115774087608, 0.00451458338648, 0.0019412789261, 0.00124220899306], "var": [0.0365174971521, 0.0103268940002, 0.00722801219672, 0.00279440684244, 0.000939465535339, 0.00530182011425], "min": [0.00435840757564, 0.00294920429587, 0.00834854505956, 0.00636401120573, 0.00374422245659, 0.000771478225943], "dmean": [0.124124981463, 0.0837566480041, 0.066731736064, 0.040744766593, 0.0249448809773, 0.0181774217635], "mean": [0.64626210928, 0.141962707043, 0.108167238533, 0.0773421376944, 0.0420862659812, 0.0309736765921], "max": [0.916916966438, 0.497837424278, 0.507892787457, 0.393463045359, 0.195939302444, 0.844914376736], "dmean2": [0.207079306245, 0.14362154901, 0.11530623585, 0.0682294294238, 0.0423976071179, 0.0302878580987], "median": [0.682163774967, 0.114607214928, 0.0899751111865, 0.0637876987457, 0.0343437157571, 0.0187842808664], "dvar": [0.0141703551635, 0.00554759055376, 0.00441183662042, 0.00171181745827, 0.000682538724504, 0.000971146859229]}, "bpm_histogram_first_peak_weight": {"dvar2": 0, "var": 0, "min": 0.583561658859, "dmean": 0, "mean": 0.583561658859, "max": 0.583561658859, "dmean2": 0, "median": 0.583561658859, "dvar": 0}, "bpm": 172.265838623, "beats_count": 366, "bpm_histogram_first_peak_spread": {"dvar2": 0, "var": 0, "min": 0, "dmean": 0, "mean": 0, "max": 0, "dmean2": 0, "median": 0, "dvar": 0}, "danceability": 1.08787620068, "bpm_histogram_first_peak_bpm": {"dvar2": 0, "var": 0, "min": 172, "dmean": 0, "mean": 172, "max": 172, "dmean2": 0, "median": 172, "dvar": 0}, "beats_position": [0.336689323187, 0.650158703327, 0.986848056316, 1.34675729275, 1.69505667686, 2.04335594177, 2.39165520668, 2.73995471001, 3.08825397491, 3.44816327095, 3.79646253586, 4.15637159348, 4.5046710968, 4.86458063126, 5.21287965775, 5.5727891922, 5.92108821869, 6.26938772202, 6.6176867485, 6.97759628296, 7.33750534058, 7.6858048439, 8.03410434723, 8.38240337372, 8.74231243134, 9.10222244263, 9.45052146912, 9.81043052673, 10.1703395844, 10.5186395645, 10.866938591, 11.2152376175, 11.5751476288, 11.9350566864, 12.2833557129, 12.6316547394, 12.9915647507, 13.3398637772, 13.6997728348, 14.0480718613, 14.3963718414, 14.7446708679, 15.0929698944, 15.4412698746, 15.8011789322, 16.1610889435, 16.5209980011, 16.8809070587, 17.2292060852, 17.5775051117, 17.9258041382, 18.2857131958, 18.6456241608, 18.9939231873, 19.3422222137, 19.6905212402, 20.0388202667, 20.3871192932, 20.7354183197, 21.0953292847, 21.4552383423, 21.8151473999, 22.1634464264, 22.5117454529, 22.8716545105, 23.219953537, 23.5798625946, 23.9281635284, 24.2880725861, 24.6363716125, 24.984670639, 25.3445796967, 25.7044887543, 26.0527877808, 26.4010887146, 26.7493877411, 27.1092967987, 27.4692058563, 27.8175048828, 28.1658039093, 28.5257129669, 28.8856239319, 29.2339229584, 29.5822219849, 29.9305210114, 30.2788200378, 30.6387290955, 30.9986381531, 31.3469390869, 31.6952381134, 32.0435371399, 32.4034461975, 32.7633552551, 33.111656189, 33.4599533081, 33.8198623657, 34.1797714233, 34.5280723572, 34.8763694763, 35.2246704102, 35.5845794678, 35.9444885254, 36.2927894592, 36.6410865784, 36.9893875122, 37.3376846313, 37.6859855652, 38.0458946228, 38.4058036804, 38.7541046143, 39.1140136719, 39.4739227295, 39.8222198486, 40.1705207825, 40.5188217163, 40.8671188354, 41.2154197693, 41.5753288269, 41.9352378845, 42.2835350037, 42.6434440613, 43.0033569336, 43.3516540527, 43.6999549866, 44.0482521057, 44.4081611633, 44.7564620972, 45.1163711548, 45.4646720886, 45.8129692078, 46.1612701416, 46.5095672607, 46.8694763184, 47.229385376, 47.5776863098, 47.9375953674, 48.297504425, 48.6458053589, 48.994102478, 49.3424034119, 49.690700531, 50.0390014648, 50.3873023987, 50.7472114563, 51.0955085754, 51.4554176331, 51.8037185669, 52.1636276245, 52.5235366821, 52.871837616, 53.2201347351, 53.5684356689, 53.9167327881, 54.2650337219, 54.6249427795, 54.9732398987, 55.333152771, 55.6930618286, 56.0413589478, 56.3896598816, 56.7379570007, 57.0978660583, 57.4461669922, 57.8060760498, 58.1659851074, 58.5142860413, 58.8625831604, 59.2108840942, 59.5707931519, 59.9307022095, 60.2789993286, 60.6273002625, 60.9872093201, 61.3471183777, 61.6954193115, 62.0437164307, 62.4036254883, 62.7635345459, 63.1118354797, 63.4601364136, 63.8200454712, 64.1799545288, 64.5282516479, 64.8765487671, 65.2248535156, 65.5731506348, 65.9330596924, 66.29296875, 66.6412658691, 66.9895706177, 67.3494796753, 67.7093887329, 68.0576858521, 68.4059829712, 68.7542877197, 69.1025848389, 69.4624938965, 69.8224029541, 70.1707000732, 70.5189971924, 70.8673019409, 71.2272109985, 71.5871200562, 71.9354171753, 72.2837142944, 72.6436233521, 73.0035324097, 73.3518371582, 73.7001342773, 74.0484313965, 74.4083404541, 74.7682495117, 75.1165542603, 75.4648513794, 75.8131484985, 76.1730575562, 76.5329666138, 76.8812713623, 77.2295684814, 77.5778656006, 77.9261627197, 78.2860794067, 78.6459884644, 78.9942855835, 79.3425827026, 79.7024917603, 80.0507888794, 80.410697937, 80.7590026855, 81.1072998047, 81.4672088623, 81.8271179199, 82.1754150391, 82.5237197876, 82.8836288452, 83.2319259644, 83.591835022, 83.9401321411, 84.2884368896, 84.6367340088, 84.9850311279, 85.3333282471, 85.6932373047, 86.0531539917, 86.4014511108, 86.74974823, 87.0980453491, 87.4463500977, 87.8062591553, 88.1661682129, 88.514465332, 88.8627624512, 89.2226715088, 89.5825805664, 89.9308853149, 90.2791824341, 90.6274795532, 90.9757843018, 91.3356933594, 91.695602417, 92.0438995361, 92.3921966553, 92.7521057129, 93.1120147705, 93.460319519, 93.8086166382, 94.1569137573, 94.5168228149, 94.8767318726, 95.2250289917, 95.5733337402, 95.9216308594, 96.2699279785, 96.6182327271, 96.9781417847, 97.3380508423, 97.6863479614, 98.0346450806, 98.3945541382, 98.7428588867, 99.1027679443, 99.4510650635, 99.7993621826, 100.147659302, 100.507568359, 100.867477417, 101.227394104, 101.587303162, 101.935600281, 102.2838974, 102.643806458, 103.003715515, 103.352012634, 103.700317383, 104.048614502, 104.396911621, 104.74521637, 105.093513489, 105.441810608, 105.801719666, 106.161628723, 106.509933472, 106.858230591, 107.218139648, 107.566436768, 107.926345825, 108.286254883, 108.634559631, 108.994468689, 109.342765808, 109.691062927, 110.039360046, 110.399269104, 110.759178162, 111.10748291, 111.455780029, 111.804077148, 112.152381897, 112.500679016, 112.860588074, 113.220497131, 113.56879425, 113.928703308, 114.288612366, 114.636917114, 114.985214233, 115.333511353, 115.69342041, 116.053329468, 116.401634216, 116.749931335, 117.109840393, 117.469749451, 117.81804657, 118.166343689, 118.514648438, 118.862945557, 119.222854614, 119.571151733, 119.919456482, 120.27936554, 120.627662659, 120.987571716, 121.347480774, 121.695777893, 122.044082642, 122.392379761, 122.752288818, 123.112197876, 123.460494995, 123.808792114, 124.157096863, 124.51700592, 124.876914978, 125.225212097, 125.573509216, 125.921813965, 126.281723022, 126.64163208, 127.001541138, 127.361450195, 127.732971191, 128.104492188, 128.476013184, 128.847518921, 129.219039917], "beats_loudness": {"dvar2": 0.000961550569627, "var": 0.000643594772555, "min": 3.00937441633e-10, "dmean": 0.0200083404779, "mean": 0.0500384271145, "max": 0.121644996107, "dmean2": 0.0335368849337, "median": 0.0494794175029, "dvar": 0.000322236301145}, "bpm_histogram_second_peak_weight": {"dvar2": 0, "var": 0, "min": 0.397260278463, "dmean": 0, "mean": 0.397260278463, "max": 0.397260278463, "dmean2": 0, "median": 0.397260278463, "dvar": 0}, "bpm_histogram_second_peak_spread": {"dvar2": 0, "var": 0, "min": 0, "dmean": 0, "mean": 0, "max": 0, "dmean2": 0, "median": 0, "dvar": 0}, "bpm_histogram_second_peak_bpm": {"dvar2": 0, "var": 0, "min": 167, "dmean": 0, "mean": 167, "max": 167, "dmean2": 0, "median": 167, "dvar": 0}, "onset_rate": 4.4570069313}, "lowlevel": {"spectral_energyband_high": {"dvar2": 2.82483341607e-07, "var": 2.91251041062e-07, "min": 7.16487044487e-21, "dmean": 0.000241974194068, "mean": 0.000509764300659, "max": 0.00565461581573, "dmean2": 0.000356439559255, "median": 0.000330590468366, "dvar": 1.30682323629e-07}, "spectral_energyband_middle_low": {"dvar2": 9.62458943832e-05, "var": 0.000165162258781, "min": 2.25385209417e-22, "dmean": 0.00461881048977, "mean": 0.0146048050374, "max": 0.105473719537, "dmean2": 0.00737202493474, "median": 0.0107923010364, "dvar": 3.69030967704e-05}, "spectral_energy": {"dvar2": 0.000453303044196, "var": 0.000703937723301, "min": 1.04171652833e-20, "dmean": 0.0128779588267, "mean": 0.0419021248817, "max": 0.152799114585, "dmean2": 0.0203855857253, "median": 0.0412609241903, "dvar": 0.000197995163035}, "spectral_spread": {"dvar2": 1514665279490.0, "var": 5030801309700.0, "min": 1413899.875, "dmean": 618495.5625, "mean": 4519432.5, "max": 43025864, "dmean2": 933029.5, "median": 4211326.5, "dvar": 726703538176}, "spectral_energyband_low": {"dvar2": 0.000404432241339, "var": 0.000383234437322, "min": 3.06100561093e-23, "dmean": 0.0114052649587, "mean": 0.0229776855558, "max": 0.126474291086, "dmean2": 0.018176086247, "median": 0.0189591553062, "dvar": 0.000176638321136}, "spectral_rolloff": {"dvar2": 435360.90625, "var": 6017472, "min": 64.599609375, "dmean": 298.790313721, "mean": 1073.33007812, "max": 21468.6035156, "dmean2": 501.600067139, "median": 710.595703125, "dvar": 186132.1875}, "barkbands": {"dvar2": [3.76290017812e-06, 0.000311894807965, 5.93669938098e-05, 1.82876283361e-05, 4.81870665681e-05, 1.38034656629e-05, 9.70368728304e-06, 1.38193468047e-06, 2.19925209421e-06, 2.52497193287e-06, 3.50064601662e-06, 9.77879153652e-07, 6.94230095633e-07, 3.09023874934e-07, 5.61560057122e-07, 4.9556194881e-07, 3.21036424111e-07, 2.96946694789e-07, 8.04652131592e-08, 5.9060155877e-08, 1.59909330222e-08, 1.54481014647e-08, 1.75753189779e-08, 7.36924876676e-09, 5.63584023894e-09, 6.5236784863e-09, 3.25414006852e-09], "var": [2.20681840801e-06, 0.000267297204118, 3.71662172256e-05, 1.20476370284e-05, 4.31368571299e-05, 1.83000302059e-05, 2.55365757766e-05, 1.48225694829e-06, 2.47404204856e-06, 2.45338583227e-06, 2.8686386031e-06, 7.59673355333e-07, 3.76571222205e-07, 2.25876235049e-07, 3.35778793215e-07, 2.3826459028e-07, 1.77403336465e-07, 1.43209376802e-07, 4.98251324643e-08, 4.5378765634e-08, 1.65360471982e-08, 1.08611626359e-08, 1.21306014123e-08, 5.4597890653e-09, 4.48781367623e-09, 5.12902564864e-09, 2.17014806125e-09], "min": [2.10514277319e-24, 7.24993779701e-24, 6.22769692893e-25, 1.78100101053e-24, 7.43525068998e-24, 2.15008883324e-23, 5.42067822061e-24, 7.83131171808e-24, 2.56136793484e-23, 2.96531236551e-23, 2.66670326933e-23, 5.87721316793e-23, 2.96434143551e-23, 3.51826757247e-23, 5.66644783563e-23, 4.2536222513e-23, 1.25104971332e-22, 1.56391712325e-22, 9.57725227899e-23, 2.32045568351e-22, 2.99462706783e-22, 4.14599997748e-22, 4.29011337905e-22, 6.09663817349e-22, 9.35536123113e-22, 1.382318869e-21, 2.1356751265e-21], "dmean": [0.000845534203108, 0.00884829554707, 0.00345680769533, 0.00155136536341, 0.00252348254435, 0.00127345090732, 0.00132347561885, 0.00052843708545, 0.000643174629658, 0.000624438049272, 0.00069283391349, 0.00040045476635, 0.000278765888652, 0.000212292463402, 0.000263542402536, 0.000227391094086, 0.000184917706065, 0.000162898562849, 9.91834604065e-05, 8.38458945509e-05, 5.63365319977e-05, 4.98164044984e-05, 4.73410291306e-05, 3.29063368554e-05, 2.79446740024e-05, 2.57504507317e-05, 1.4412506971e-05], "mean": [0.00125043233857, 0.0159534011036, 0.00470468588173, 0.00216202810407, 0.00474222749472, 0.00255696475506, 0.00258909352124, 0.000877111160662, 0.00117777776904, 0.0011090709595, 0.00109152891673, 0.000661860744003, 0.000447225233074, 0.000364783743862, 0.000452760548797, 0.000375218805857, 0.000307369715301, 0.000278241088381, 0.000195238870219, 0.000163206757861, 0.000123396996059, 9.66281804722e-05, 7.98334513092e-05, 5.45474867977e-05, 4.1065748519e-05, 3.06047149934e-05, 1.51608028318e-05], "max": [0.0110539468005, 0.105709038675, 0.0572456605732, 0.0445828773081, 0.0853640288115, 0.0484691262245, 0.0597764030099, 0.0148836160079, 0.017290474847, 0.0183117967099, 0.019223805517, 0.0153252715245, 0.007732023485, 0.00706856371835, 0.00953201763332, 0.00861425325274, 0.0054049170576, 0.00678607821465, 0.00318710948341, 0.00315747549757, 0.00168774276972, 0.00134495145176, 0.00164130330086, 0.000806513882708, 0.000509454519488, 0.000650070898701, 0.000470766390208], "dmean2": [0.00143614935223, 0.0141398189589, 0.0056538740173, 0.00266978237778, 0.00399286160246, 0.00202724197879, 0.0020212335512, 0.000840319786221, 0.00105072604492, 0.000985983177088, 0.00111013790593, 0.000649791036267, 0.000464395445306, 0.000355618336471, 0.000436432979768, 0.000383605598472, 0.000304350309307, 0.000269758282229, 0.000163448014064, 0.000135152542498, 8.86716370587e-05, 7.93997605797e-05, 7.6177653682e-05, 4.97308756167e-05, 4.24764075433e-05, 3.98072625103e-05, 2.26219690376e-05], "median": [0.000669646949973, 0.0104569895193, 0.00257291132584, 0.00100624363404, 0.00253532989882, 0.00107073644176, 0.00104155787267, 0.000450038933195, 0.000675409799442, 0.000615778728388, 0.000512888887897, 0.000358927500201, 0.000259827822447, 0.000207236531423, 0.00025374640245, 0.00023100238468, 0.000163340344443, 0.000162963144248, 0.000126727245515, 9.90435655694e-05, 8.40264547151e-05, 6.26347900834e-05, 4.4981661631e-05, 2.5962399377e-05, 1.46237898662e-05, 5.86043643125e-06, 1.00580109574e-06], "dvar": [1.28500676055e-06, 0.000134145695483, 2.38753364101e-05, 6.72198530083e-06, 1.91769577214e-05, 5.08457515025e-06, 4.71070370622e-06, 5.8799071212e-07, 8.87766304913e-07, 1.09290829187e-06, 1.4844810039e-06, 3.87465917129e-07, 2.5068834475e-07, 1.15847207383e-07, 2.06750925713e-07, 1.87490485359e-07, 1.24877459484e-07, 1.10899812e-07, 3.02696037124e-08, 2.44353710599e-08, 6.97442725794e-09, 6.08382366707e-09, 6.79708289653e-09, 3.16136716805e-09, 2.76365819118e-09, 3.48720652354e-09, 1.62202018483e-09]}, "melbands_skewness": {"dvar2": 1.50838649273, "var": 2.38859295845, "min": -0.800395905972, "dmean": 0.847103118896, "mean": 3.04573655128, "max": 13.4025306702, "dmean2": 1.32919752598, "median": 2.8142683506, "dvar": 0.686726689339}, "barkbands_skewness": {"dvar2": 0.688237726688, "var": 1.14039707184, "min": -2.09015130997, "dmean": 0.585020959377, "mean": 1.95258975029, "max": 7.96347332001, "dmean2": 0.924271225929, "median": 1.85019648075, "dvar": 0.308914780617}, "erbbands": {"dvar2": [0.503975510597, 13.2817411423, 62.8766288757, 111.251625061, 553.827758789, 600.253479004, 266.585662842, 1492.50390625, 1937.7364502, 1414.92724609, 695.543701172, 1296.00109863, 2823.203125, 5489.50390625, 1400.88122559, 1345.68334961, 1419.33056641, 761.673156738, 613.624694824, 2247.32763672, 1029.42224121, 956.251525879, 1158.17260742, 316.182403564, 172.055633545, 142.339035034, 39.8054161072, 23.9307079315, 23.5727882385, 28.1141967773, 16.3815174103, 3.89299535751, 1.87726056576, 0.828095972538, 0.297625094652, 0.11822874099, 0.0228112116456, 0.00255550188012, 8.0406658526e-05, 4.21510321758e-07], "var": [0.509573042393, 8.88171768188, 41.743270874, 83.007019043, 461.180938721, 519.00604248, 375.162078857, 1967.99414062, 3590.17871094, 3426.52978516, 774.454162598, 1107.06091309, 2868.90185547, 4254.08544922, 1222.74206543, 1030.61560059, 745.996704102, 654.178649902, 467.882171631, 1098.98461914, 565.387695312, 474.888244629, 507.866943359, 193.768035889, 121.059028625, 101.099777222, 35.7293701172, 23.2188129425, 15.3011856079, 13.7232170105, 12.293302536, 2.74281907082, 1.39551913738, 0.636681497097, 0.224529266357, 0.0859231427312, 0.0171525403857, 0.00192233920097, 5.24716415384e-05, 2.59735259078e-07], "min": [1.93174289474e-22, 1.27610825231e-21, 1.38252798656e-21, 7.93505718231e-21, 1.15162128597e-20, 2.65341252061e-20, 7.46632155572e-20, 2.41503186352e-19, 1.37506873191e-19, 1.65122285016e-19, 4.99482466337e-19, 7.94924032482e-19, 7.26518729065e-19, 1.48920841196e-18, 1.78809854577e-18, 2.20595482926e-18, 1.35799161401e-18, 2.00047013701e-18, 2.84229101923e-18, 3.5352016068e-18, 4.50742751258e-18, 6.0808511827e-18, 8.3266928679e-18, 7.76298913278e-18, 6.72012737935e-18, 1.17164459309e-17, 1.2325403063e-17, 1.20206995038e-17, 1.30798174242e-17, 1.1804810327e-17, 1.09032206825e-17, 1.20882718881e-17, 1.01670729507e-17, 8.66549529345e-18, 6.97891372912e-18, 4.52588067128e-18, 2.52145330221e-18, 1.0684708516e-18, 2.7768895188e-19, 2.76081319898e-20], "dmean": [0.358020037413, 1.76106572151, 3.70772266388, 4.23852062225, 7.9729180336, 8.65663719177, 6.21734046936, 12.5386333466, 18.1810493469, 13.6448888779, 12.1606826782, 15.1188173294, 20.8292293549, 28.2333545685, 15.7398376465, 14.8149518967, 12.3557758331, 11.0975933075, 10.2641067505, 13.5724105835, 11.1490659714, 9.3442773819, 9.79020214081, 5.72879171371, 4.8449306488, 3.82964587212, 2.64150762558, 2.04896759987, 1.91106903553, 1.77364134789, 1.23060500622, 0.7138017416, 0.521807551384, 0.347107768059, 0.193627715111, 0.115571185946, 0.044942099601, 0.0137586845085, 0.00224406761117, 0.000162635784363], "mean": [0.654773712158, 2.81480288506, 5.44908428192, 6.61636018753, 13.3415431976, 14.9988994598, 12.2678432465, 24.5543632507, 36.0950126648, 28.5416603088, 21.4694805145, 27.6779022217, 38.5540733337, 45.6316452026, 30.1106262207, 25.51288414, 20.9980735779, 20.7036457062, 19.7488803864, 24.2676029205, 20.3833808899, 16.2507228851, 16.1241016388, 11.3170976639, 9.77397155762, 7.43882989883, 5.41667079926, 4.49149131775, 3.6134095192, 2.94954919815, 2.16988873482, 1.21693372726, 0.838603973389, 0.532236874104, 0.265267431736, 0.139569461346, 0.0525268651545, 0.0153712294996, 0.00234656920657, 0.000206911558053], "max": [4.52361106873, 21.3478450775, 75.4919891357, 93.060546875, 305.53024292, 366.935211182, 210.005065918, 558.763427734, 829.585632324, 821.087402344, 312.512817383, 385.158233643, 743.410644531, 735.153442383, 392.624328613, 362.170196533, 363.150360107, 278.735687256, 226.524230957, 624.432617188, 303.235870361, 254.458404541, 435.020385742, 173.26512146, 131.491790771, 158.564086914, 80.6433181763, 80.7433013916, 44.3126144409, 46.2312583923, 66.9837036133, 21.2913818359, 14.7229919434, 6.97680521011, 4.12273979187, 2.85265183449, 1.52485775948, 0.420256048441, 0.07179107517, 0.00642048288137], "dmean2": [0.56769734621, 2.8635571003, 6.04919052124, 7.10715103149, 12.9653224945, 13.9362535477, 10.0670385361, 20.0743370056, 28.2968769073, 21.0232257843, 19.5004119873, 24.8972797394, 32.7456741333, 45.0018920898, 25.4785175323, 24.0050392151, 20.542678833, 18.3953037262, 17.0569210052, 23.017457962, 18.8010826111, 15.3088102341, 16.387676239, 9.31755828857, 7.83768224716, 6.19836235046, 4.18357467651, 3.18046188354, 3.09426903725, 2.8834002018, 1.96021485329, 1.08804452419, 0.78898203373, 0.523500680923, 0.296922385693, 0.178796574473, 0.0693785250187, 0.0212054681033, 0.00351883214898, 0.000251805555308], "median": [0.334230720997, 1.94389462471, 3.4735827446, 3.51998662949, 5.77664470673, 7.35638380051, 5.921667099, 9.50423049927, 14.8650245667, 11.5326118469, 12.6354026794, 16.7310180664, 21.5665073395, 24.2643547058, 19.6333656311, 14.7343454361, 13.0786476135, 12.6674957275, 12.5607376099, 14.3062763214, 13.4097442627, 9.4126663208, 9.36772823334, 7.05884027481, 6.31186485291, 4.53304004669, 3.53758621216, 3.13324403763, 2.35822677612, 1.76454842091, 1.15415167809, 0.612565159798, 0.388158321381, 0.207728207111, 0.0857532173395, 0.0325734913349, 0.00924989301711, 0.00175567064434, 0.000186173943803, 6.64630642859e-05], "dvar": [0.222268775105, 5.42609071732, 24.9718074799, 42.625629425, 218.921310425, 238.990509033, 105.817398071, 562.82989502, 873.187561035, 654.27911377, 304.5831604, 494.269683838, 1210.39123535, 2350.24536133, 546.352600098, 529.973571777, 505.984680176, 290.667297363, 230.005935669, 841.532409668, 384.107025146, 371.832000732, 424.551330566, 121.908493042, 68.2156219482, 58.0914726257, 16.298456192, 10.4866352081, 9.0939912796, 10.6036071777, 6.16090869904, 1.60488283634, 0.823000252247, 0.384053260088, 0.146011337638, 0.0597365498543, 0.0120464600623, 0.00135049188975, 3.98435622628e-05, 1.98407377638e-07]}, "silence_rate_30dB": {"dvar2": 0.0244168136269, "var": 0.00534155406058, "min": 0, "dmean": 0.00859444960952, "mean": 0.994629442692, "max": 1, "dmean2": 0.0171919763088, "median": 1, "dvar": 0.0085201151669}, "melbands_spread": {"dvar2": 67.3372344971, "var": 196.072769165, "min": 1.69653487206, "dmean": 4.89450216293, "mean": 16.8454704285, "max": 214.295028687, "dmean2": 7.84224748611, "median": 14.5194139481, "dvar": 29.240901947}, "melbands_crest": {"dvar2": 25.296131134, "var": 36.4396476746, "min": 1.70821523666, "dmean": 3.91023421288, "mean": 16.6542644501, "max": 34.5857963562, "dmean2": 6.30744600296, "median": 16.0703544617, "dvar": 11.5089893341}, "zerocrossingrate": {"dvar2": 9.71171684796e-05, "var": 0.0038262582384, "min": 0.0029296875, "dmean": 0.00810179673135, "mean": 0.0494762808084, "max": 0.59326171875, "dmean2": 0.0101319234818, "median": 0.03955078125, "dvar": 6.69501605444e-05}, "barkbands_kurtosis": {"dvar2": 44.6621055603, "var": 40.638961792, "min": -1.82345092297, "dmean": 3.28030395508, "mean": 5.45536375046, "max": 71.0880889893, "dmean2": 5.30321264267, "median": 3.55922555923, "dvar": 18.2216777802}, "spectral_flux": {"dvar2": 0.00221799407154, "var": 0.00202251970768, "min": 6.52743969987e-11, "dmean": 0.0284775253385, "mean": 0.0965102910995, "max": 0.323321402073, "dmean2": 0.0477346070111, "median": 0.0948904082179, "dvar": 0.000848314142786}, "barkbands_crest": {"dvar2": 17.4882049561, "var": 20.4322071075, "min": 1.88863265514, "dmean": 3.00154614449, "mean": 11.5069789886, "max": 24.6130428314, "dmean2": 4.87996912003, "median": 10.7543926239, "dvar": 7.64013195038}, "barkbands_flatness_db": {"dvar2": 0.000947531021666, "var": 0.00179245823529, "min": 0.00791101809591, "dmean": 0.0235831998289, "mean": 0.130070999265, "max": 0.313593268394, "dmean2": 0.0359840355814, "median": 0.125140562654, "dvar": 0.000424193916842}, "spectral_entropy": {"dvar2": 0.0388624407351, "var": 0.0996673852205, "min": 6.13138580322, "dmean": 0.145113840699, "mean": 7.69396352768, "max": 9.81206321716, "dmean2": 0.212512329221, "median": 7.69198274612, "dvar": 0.0192963760346}, "pitch_salience": {"dvar2": 0.0118446936831, "var": 0.0146958511323, "min": 0.14008140564, "dmean": 0.0810381025076, "mean": 0.522353887558, "max": 0.82189977169, "dmean2": 0.129895970225, "median": 0.531635165215, "dvar": 0.00492568919435}, "erbbands_spread": {"dvar2": 114.229728699, "var": 182.837600708, "min": 8.30400943756, "dmean": 7.67680263519, "mean": 38.4626121521, "max": 102.000328064, "dmean2": 11.8974313736, "median": 36.6947784424, "dvar": 52.6883888245}, "dynamic_complexity": 3.58217978477, "spectral_contrast_valleys": {"dvar2": [0.293932139874, 0.205371379852, 0.139472857118, 0.116902455688, 0.116655640304, 0.306251376867], "var": [4.31495475769, 3.8943567276, 3.70314288139, 3.50564432144, 3.37666630745, 3.15153598785], "min": [-27.6640853882, -27.7444229126, -27.6068687439, -27.34034729, -27.4153347015, -27.3650379181], "dmean": [0.418359816074, 0.33027073741, 0.280604541302, 0.246893778443, 0.228776067495, 0.373923689127], "mean": [-6.88709020615, -6.75988674164, -7.04599761963, -7.59691238403, -7.64981794357, -10.4564027786], "max": [-5.1437087059, -4.82659959793, -5.37862205505, -5.68910074234, -5.61720895767, -8.16735172272], "dmean2": [0.658792555332, 0.552322387695, 0.463934898376, 0.387426763773, 0.333224505186, 0.511318147182], "median": [-6.41047859192, -6.34998321533, -6.64720201492, -7.22448730469, -7.30467557907, -10.1037693024], "dvar": [0.138165742159, 0.0826798304915, 0.0632982030511, 0.0577575676143, 0.064736828208, 0.165047764778]}, "hfc": {"dvar2": 76.7024765015, "var": 164.636199951, "min": 1.12304961808e-16, "dmean": 4.56881809235, "mean": 18.073261261, "max": 91.571434021, "dmean2": 6.73768472672, "median": 15.221280098, "dvar": 34.571685791}, "spectral_kurtosis": {"dvar2": 7.4045381546, "var": 5.79702472687, "min": -1.25572609901, "dmean": 1.39393663406, "mean": 4.57702064514, "max": 35.5832824707, "dmean2": 2.3724527359, "median": 4.14855146408, "dvar": 2.6114590168}, "mfcc": {"mean": [-641.578918457, 131.88067627, 1.86141324043, 23.6129188538, 3.88757920265, 9.65753650665, 2.84533643723, 9.99785423279, 5.07875728607, 3.38165092468, -0.499074876308, -0.317257940769, 2.26611232758], "cov": [[13498.7460938, 2045.05822754, -46.2701683044, 364.862060547, 63.9113960266, 72.1562805176, 24.5477485657, 97.0719909668, 1.98584198952, -2.86500740051, -3.15034770966, 30.3637561798, 41.9769859314], [2045.05822754, 1208.94787598, -232.728805542, 164.200775146, -28.3441390991, 3.76622056961, 2.00045156479, 26.743221283, 11.7148046494, 2.47678208351, -15.0187511444, -17.7453384399, -1.4624710083], [-46.2701683044, -232.728805542, 347.999206543, -14.7064332962, 48.5998001099, 52.8953895569, 12.2814416885, 22.3267974854, 17.9294548035, 2.3703827858, 6.94071292877, 0.299928188324, 2.33423709869], [364.862060547, 164.200775146, -14.7064332962, 166.693389893, 37.1343154907, 33.9443321228, 21.2605457306, 23.0286502838, 16.2171955109, 12.1760730743, 5.93713712692, 4.64938020706, -5.83536100388], [63.9113960266, -28.3441390991, 48.5998001099, 37.1343154907, 122.049835205, 37.6258087158, 16.3766441345, 14.7688913345, 20.2533588409, 14.3087215424, 11.0322132111, -5.04251527786, 6.60445785522], [72.1562805176, 3.76622056961, 52.8953895569, 33.9443321228, 37.6258087158, 91.3180465698, 29.7688903809, 30.3766059875, 18.663312912, 15.3434715271, 5.52297306061, 4.49511003494, 3.60161519051], [24.5477485657, 2.00045156479, 12.2814416885, 21.2605457306, 16.3766441345, 29.7688903809, 78.2739181519, 31.1553192139, 19.6140518188, 8.0313873291, 7.68715810776, 6.78664827347, -1.71252942085], [97.0719909668, 26.743221283, 22.3267974854, 23.0286502838, 14.7688913345, 30.3766059875, 31.1553192139, 70.7104110718, 35.9140129089, 19.8609447479, 9.92476463318, 4.62422800064, 6.21179437637], [1.98584198952, 11.7148046494, 17.9294548035, 16.2171955109, 20.2533588409, 18.663312912, 19.6140518188, 35.9140129089, 58.5096130371, 31.3451824188, 13.9212179184, 4.94626235962, 8.43001270294], [-2.86500740051, 2.47678208351, 2.3703827858, 12.1760730743, 14.3087215424, 15.3434715271, 8.0313873291, 19.8609447479, 31.3451824188, 58.6538887024, 28.5868873596, 15.0214567184, 17.7411689758], [-3.15034770966, -15.0187511444, 6.94071292877, 5.93713712692, 11.0322132111, 5.52297306061, 7.68715810776, 9.92476463318, 13.9212179184, 28.5868873596, 51.924747467, 28.2089939117, 18.0427913666], [30.3637561798, -17.7453384399, 0.299928188324, 4.64938020706, -5.04251527786, 4.49511003494, 6.78664827347, 4.62422800064, 4.94626235962, 15.0214567184, 28.2089939117, 53.2257843018, 28.0506324768], [41.9769859314, -1.4624710083, 2.33423709869, -5.83536100388, 6.60445785522, 3.60161519051, -1.71252942085, 6.21179437637, 8.43001270294, 17.7411689758, 18.0427913666, 28.0506324768, 60.2346229553]], "icov": [[0.000106463034172, -0.000201156362891, -0.000119803349662, -3.7527672248e-05, -8.24666785775e-05, 4.46467674919e-05, 9.70711244008e-06, -0.000103902944829, 0.000160092444276, 8.71693737281e-06, 4.56204834336e-05, -0.000154788751388, -2.72609740932e-05], [-0.000201156362891, 0.00153315765783, 0.000940828467719, -0.00108288298361, 0.000626566063147, -0.000284359499346, 0.00023199764837, -0.000183686424862, -0.000516892236192, 0.000249861855991, -8.18379849079e-05, 0.00104478630237, -0.000453400483821], [-0.000119803349662, 0.000940828467719, 0.00397661421448, 0.000269396346994, -0.000660079182126, -0.00208094716072, 0.000608063419349, -0.000552146753762, -0.0010253865039, 0.00127149862237, -0.000601771636866, 0.000490900478326, -2.99879666272e-05], [-3.7527672248e-05, -0.00108288298361, 0.000269396346994, 0.00840988196433, -0.0023906189017, -0.00166096305475, -0.000536120845936, -0.000820636341814, -5.57225394004e-05, -0.000639125646558, 0.000397728581447, -0.00230450672098, 0.00238505983725], [-8.24666785775e-05, 0.000626566063147, -0.000660079182126, -0.0023906189017, 0.0111926738173, -0.003162618028, -0.000609342532698, 0.00161571940407, -0.00248260237277, 0.000454481050838, -0.00302699999884, 0.00472304271534, -0.00243457686156], [4.46467674919e-05, -0.000284359499346, -0.00208094716072, -0.00166096305475, -0.003162618028, 0.0166106019169, -0.00353692052886, -0.00394587544724, 0.00173394044396, -0.00318599375896, 0.00269739469513, -0.0016737212427, 0.000208814948564], [9.70711244008e-06, 0.00023199764837, 0.000608063419349, -0.000536120845936, -0.000609342532698, -0.00353692052886, 0.0171505752951, -0.00541048729792, -0.0022790026851, 0.00229993602261, -0.00108777196147, -0.00246691540815, 0.00236342707649], [-0.000103902944829, -0.000183686424862, -0.000552146753762, -0.000820636341814, 0.00161571940407, -0.00394587544724, -0.00541048729792, 0.0247649215162, -0.0120142130181, 8.01244023023e-05, -0.000830899458379, 0.00134866940789, -0.00136047066189], [0.000160092444276, -0.000516892236192, -0.0010253865039, -5.57225394004e-05, -0.00248260237277, 0.00173394044396, -0.0022790026851, -0.0120142130181, 0.0330214463174, -0.0138713214546, 0.00130611693021, 0.000903673819266, -9.49944660533e-05], [8.71693737281e-06, 0.000249861855991, 0.00127149862237, -0.000639125646558, 0.000454481050838, -0.00318599375896, 0.00229993602261, 8.01244023023e-05, -0.0138713214546, 0.0324587449431, -0.0138019723818, 0.0018196660094, -0.00424541905522], [4.56204834336e-05, -8.18379849079e-05, -0.000601771636866, 0.000397728581447, -0.00302699999884, 0.00269739469513, -0.00108777196147, -0.000830899458379, 0.00130611693021, -0.0138019723818, 0.0355333313346, -0.0159254800528, 0.000908413261641], [-0.000154788751388, 0.00104478630237, 0.000490900478326, -0.00230450672098, 0.00472304271534, -0.0016737212427, -0.00246691540815, 0.00134866940789, 0.000903673819266, 0.0018196660094, -0.0159254800528, 0.034820869565, -0.0128438360989], [-2.72609740932e-05, -0.000453400483821, -2.99879666272e-05, 0.00238505983725, -0.00243457686156, 0.000208814948564, 0.00236342707649, -0.00136047066189, -9.49944660533e-05, -0.00424541905522, 0.000908413261641, -0.0128438360989, 0.0242767557502]]}, "silence_rate_20dB": {"dvar2": 0, "var": 0, "min": 1, "dmean": 0, "mean": 1, "max": 1, "dmean2": 0, "median": 1, "dvar": 0}, "melbands_kurtosis": {"dvar2": 329.60043335, "var": 308.329742432, "min": -1.45089519024, "dmean": 8.31073284149, "mean": 15.8461523056, "max": 243.482223511, "dmean2": 13.4413251877, "median": 10.6468896866, "dvar": 135.60144043}, "barkbands_spread": {"dvar2": 66.8224411011, "var": 107.096481323, "min": 2.49526524544, "dmean": 4.83809709549, "mean": 18.1377029419, "max": 125.648696899, "dmean2": 7.68918991089, "median": 16.7452545166, "dvar": 28.302028656}, "erbbands_skewness": {"dvar2": 0.155017957091, "var": 0.222289890051, "min": -1.2468214035, "dmean": 0.291357755661, "mean": 0.365092992783, "max": 3.0639154911, "dmean2": 0.456590086222, "median": 0.360126674175, "dvar": 0.0656965300441}, "average_loudness": 0.912480771542, "spectral_centroid": {"dvar2": 115967.0625, "var": 472731, "min": 271.969909668, "dmean": 208.377792358, "mean": 1146.94262695, "max": 11347.9892578, "dmean2": 325.940216064, "median": 1045.9440918, "dvar": 52780.3945312}, "dissonance": {"dvar2": 0.000662395032123, "var": 0.000407378654927, "min": 0.349266350269, "dmean": 0.0169740095735, "mean": 0.469481855631, "max": 0.500000059605, "dmean2": 0.0289545543492, "median": 0.473500490189, "dvar": 0.000234995444771}, "erbbands_flatness_db": {"dvar2": 0.000679827004205, "var": 0.00139237288386, "min": 0.0380852855742, "dmean": 0.0200619585812, "mean": 0.13171172142, "max": 0.320876419544, "dmean2": 0.028483690694, "median": 0.129131510854, "dvar": 0.000370376743376}, "spectral_strongpeak": {"dvar2": 0.709336400032, "var": 0.380111336708, "min": 0, "dmean": 0.322973400354, "mean": 0.535466969013, "max": 4.93694829941, "dmean2": 0.561967849731, "median": 0.366750717163, "dvar": 0.277324557304}, "spectral_rms": {"dvar2": 1.96629571292e-06, "var": 5.78681556362e-06, "min": 3.18795987872e-12, "dmean": 0.000962334743235, "mean": 0.00592395104468, "max": 0.01220951695, "dmean2": 0.00149581045844, "median": 0.00634464807808, "dvar": 9.49451987253e-07}, "silence_rate_60dB": {"dvar2": 0.0071220016107, "var": 0.061694893986, "min": 0, "dmean": 0.00322291860357, "mean": 0.0660580024123, "max": 1, "dmean2": 0.00644699158147, "median": 0, "dvar": 0.00321257580072}, "melbands": {"dvar2": [2.95227891911e-05, 1.38208206408e-05, 3.42340013049e-06, 3.08788639813e-06, 3.48290228658e-07, 6.98765461493e-07, 4.40161272763e-07, 1.27782968207e-07, 4.57009790011e-08, 5.67619977687e-08, 7.00627111883e-08, 8.18722512008e-08, 2.64990607235e-08, 1.68014011592e-08, 2.58716292834e-09, 1.21356507066e-08, 3.22271587194e-09, 1.60556079543e-09, 4.76949946204e-09, 3.80980180736e-09, 1.30034483181e-09, 8.51318626705e-10, 1.63120772445e-09, 6.59589549645e-10, 2.18225576498e-10, 1.27170496356e-10, 9.64766669331e-11, 6.55704865404e-11, 2.40335633339e-11, 1.21313774998e-11, 9.67823824555e-12, 1.0482070073e-11, 6.9219625691e-12, 1.2784619717e-11, 6.79243206819e-12, 2.31416556924e-12, 1.49870469767e-12, 1.05702425979e-12, 8.62671858861e-13, 6.49997688052e-13], "var": [2.76463360933e-05, 9.58797227213e-06, 2.85834767055e-06, 2.61243098976e-06, 4.61330273538e-07, 8.82189112872e-07, 9.90803641798e-07, 2.93920606964e-07, 4.83664095441e-08, 5.29937835836e-08, 7.15070456181e-08, 6.38669348518e-08, 2.18125713047e-08, 1.33711717254e-08, 2.17115458945e-09, 6.4246261644e-09, 2.71628364246e-09, 1.07572684094e-09, 2.59727617191e-09, 1.75456982277e-09, 7.44146189113e-10, 4.82378026412e-10, 6.41869613016e-10, 2.88893936551e-10, 1.25042004528e-10, 7.69539987289e-11, 6.6419827971e-11, 4.244565463e-11, 1.73142576665e-11, 1.06262680946e-11, 7.92177434761e-12, 6.31876669044e-12, 3.69668705369e-12, 5.06015802176e-12, 4.86142766667e-12, 1.76308381956e-12, 9.60345301546e-13, 7.17255573511e-13, 7.01983068029e-13, 4.39891395879e-13], "min": [2.30245305723e-24, 1.83050203233e-24, 2.82558616653e-24, 7.06207165712e-25, 2.01633734843e-24, 5.47479999516e-24, 1.68657672675e-24, 1.6981696294e-24, 4.55085178752e-24, 3.7944998402e-24, 2.5967048802e-24, 6.12176927822e-24, 5.37426322267e-24, 6.5562853033e-24, 5.33420920464e-24, 2.41723153008e-24, 2.28064401143e-24, 4.36617392758e-24, 4.22289272694e-24, 4.38742702366e-24, 5.59047027527e-24, 6.44620449715e-24, 6.9642778526e-24, 7.50731786684e-24, 5.79064057452e-24, 3.66440444959e-24, 5.38307913771e-24, 7.68249389717e-24, 8.34332662178e-24, 5.61295123334e-24, 6.14347005287e-24, 6.45485632912e-24, 6.4547265615e-24, 6.20834834029e-24, 6.04477329843e-24, 5.5449033028e-24, 7.76109599777e-24, 7.21007113345e-24, 6.87168372612e-24, 7.09592690476e-24], "dmean": [0.00273743108846, 0.00190831359942, 0.000760513939895, 0.000618722406216, 0.000232799138757, 0.000279576517642, 0.000284296489554, 0.000134938789415, 9.65187136899e-05, 0.000102802943729, 0.000104235965409, 0.000110488705104, 6.55149196973e-05, 5.1259277825e-05, 2.15384898183e-05, 3.39119069395e-05, 2.09056270251e-05, 1.62918877322e-05, 2.21405152843e-05, 1.79853941518e-05, 1.30022526719e-05, 9.90129319689e-06, 1.11866866064e-05, 7.30912233848e-06, 4.78946230942e-06, 4.09274161939e-06, 3.47885088559e-06, 2.51484584624e-06, 1.884260314e-06, 1.4603587033e-06, 1.24308621707e-06, 1.22371864109e-06, 8.98361236068e-07, 1.11008773729e-06, 7.53442691348e-07, 5.42314865015e-07, 4.31382517263e-07, 3.71996918602e-07, 3.72810802673e-07, 2.88781961899e-07], "mean": [0.00500947097316, 0.00311746262014, 0.0013431806583, 0.00108985276893, 0.000462955969851, 0.000543378584553, 0.000580937194172, 0.00028248669696, 0.000163290285855, 0.000183461772394, 0.000187746496522, 0.000176693371031, 0.000114686648885, 8.63131863298e-05, 3.79777156923e-05, 5.25600444234e-05, 3.63605795428e-05, 2.87618695438e-05, 3.65469277313e-05, 2.92353397526e-05, 2.27566924877e-05, 1.6653792045e-05, 1.65346718859e-05, 1.22378414744e-05, 8.78061473486e-06, 7.50496883484e-06, 6.46140142635e-06, 4.49660592494e-06, 3.46607680513e-06, 2.9089749205e-06, 2.49752474701e-06, 2.18531090468e-06, 1.59152375545e-06, 1.64704215422e-06, 1.29332227061e-06, 9.38635878356e-07, 6.73507315696e-07, 5.6937943782e-07, 5.80651203563e-07, 4.12678303974e-07], "max": [0.0335943102837, 0.0344543345273, 0.015918912366, 0.020409675315, 0.00661927787587, 0.0114827221259, 0.0120078185573, 0.00785661302507, 0.00287259859033, 0.0024426523596, 0.00364587293006, 0.00271393847652, 0.00212558917701, 0.00209894776344, 0.000470444647362, 0.00102918548509, 0.000624040025286, 0.000470581580885, 0.000862375658471, 0.000810667988844, 0.000315066834446, 0.000282743538264, 0.000418637297116, 0.00023477387731, 0.000165633027791, 0.000125955673866, 0.000150235107867, 0.000111593835754, 6.16539691691e-05, 4.95312742714e-05, 3.79003686248e-05, 2.71399221674e-05, 3.74159826606e-05, 2.37569420278e-05, 4.36575392087e-05, 1.98797606572e-05, 1.05728968265e-05, 1.08391031972e-05, 9.34012587095e-06, 5.82943539484e-06], "dmean2": [0.0043581193313, 0.0031088727992, 0.00127007567789, 0.000991435605101, 0.000373937597033, 0.000446006393759, 0.000439368508523, 0.00020884355763, 0.000155028930749, 0.000168821046827, 0.000163939461345, 0.000176129266038, 0.000105211278424, 8.31375291455e-05, 3.51832532033e-05, 5.65806440136e-05, 3.47579953086e-05, 2.73060450127e-05, 3.6897494283e-05, 3.03430497297e-05, 2.20516667468e-05, 1.62851792993e-05, 1.87707646546e-05, 1.23255713333e-05, 7.87103726907e-06, 6.73124986861e-06, 5.62053901376e-06, 4.1602274905e-06, 3.0677522318e-06, 2.33023706642e-06, 1.95429743144e-06, 2.01183820536e-06, 1.44562625337e-06, 1.85323051483e-06, 1.2166350416e-06, 8.57014583744e-07, 6.67083725148e-07, 5.73440217977e-07, 5.6115351299e-07, 4.44055814341e-07], "median": [0.00293955300003, 0.0023601045832, 0.000764107739087, 0.000538704334758, 0.000229921279242, 0.000216602522414, 0.000236716892687, 0.000123340054415, 9.0712637757e-05, 0.000104985956568, 0.000101178055047, 9.3502283562e-05, 6.67230633553e-05, 4.61999879917e-05, 2.19592038775e-05, 2.79061350739e-05, 1.98361849471e-05, 1.78240770765e-05, 1.93274463527e-05, 1.65986639331e-05, 1.421286197e-05, 9.33279807214e-06, 8.72184318723e-06, 7.11256416253e-06, 5.36734842171e-06, 4.66763913209e-06, 3.91548655898e-06, 2.64296340902e-06, 2.15926320379e-06, 1.94088647731e-06, 1.6423082343e-06, 1.37450581406e-06, 9.53806193138e-07, 9.30547287226e-07, 6.59412251025e-07, 4.90964566779e-07, 3.05802927869e-07, 2.59497653587e-07, 2.31642019344e-07, 1.49668636595e-07], "dvar": [1.29776544782e-05, 5.56309305466e-06, 1.28113788378e-06, 1.21999391922e-06, 1.38311719411e-07, 2.61159954107e-07, 2.0283169988e-07, 5.84545034599e-08, 1.99831386993e-08, 2.20476792379e-08, 3.00817859511e-08, 3.51545601518e-08, 1.0748943069e-08, 6.63402799361e-09, 1.01139174813e-09, 4.38187441887e-09, 1.24147525593e-09, 5.95171856244e-10, 1.74147862797e-09, 1.46204803819e-09, 4.78377670809e-10, 3.37625594149e-10, 5.94797600062e-10, 2.42326575473e