{"tonal": {"thpcp": [1, 0.670857310295, 0.487109959126, 0.532812058926, 0.345332115889, 0.311252653599, 0.33399450779, 0.238293603063, 0.273255676031, 0.323661118746, 0.201734617352, 0.129241973162, 0.147839605808, 0.177469685674, 0.494056493044, 0.729229450226, 0.42997866869, 0.162668287754, 0.11632232368, 0.094321757555, 0.229709014297, 0.346811234951, 0.217005029321, 0.247724488378, 0.405071079731, 0.29027864337, 0.162879988551, 0.154428750277, 0.139167487621, 0.211607739329, 0.309074789286, 0.249986484647, 0.161383718252, 0.129203572869, 0.144592016935, 0.598661243916], "hpcp": {"dmean2": [0.144557699561, 0.123163193464, 0.118134282529, 0.138909384608, 0.165525764227, 0.226431444287, 0.245624572039, 0.191412091255, 0.140034765005, 0.107672706246, 0.0827236324549, 0.106777429581, 0.131966084242, 0.109023600817, 0.133304268122, 0.175244227052, 0.163416355848, 0.157125428319, 0.152750462294, 0.145647346973, 0.153288543224, 0.162303477526, 0.167712494731, 0.163861021399, 0.138413786888, 0.14109057188, 0.236674338579, 0.284747928381, 0.296216845512, 0.27383723855, 0.237911656499, 0.224406957626, 0.224580004811, 0.21289883554, 0.176802501082, 0.162418365479], "median": [0.0221778191626, 0.0166116692126, 0.0110413115472, 0.01045051869, 0.0139869712293, 0.0829852074385, 0.127052009106, 0.0740235969424, 0.0138900522143, 0.0100256223232, 0.00994948297739, 0.0301952213049, 0.0412921980023, 0.0289906263351, 0.0257712602615, 0.0349894240499, 0.0248350128531, 0.0117299370468, 0.00887246057391, 0.00644891895354, 0.00812467373908, 0.00846352055669, 0.0101360827684, 0.00788258574903, 0.00604725349694, 0.00909378752112, 0.0986304581165, 0.177468329668, 0.140200138092, 0.0318586491048, 0.0228122659028, 0.0218967571855, 0.0165324825794, 0.0163588486612, 0.016283378005, 0.0220108050853], "min": [5.55604765395e-06, 3.9298520278e-06, 1.55163525051e-05, 2.54033852798e-06, 4.20282322011e-06, 2.20822855113e-07, 2.79641312773e-06, 3.37759593094e-06, 3.76608682018e-06, 4.38584584117e-06, 6.54206857575e-08, 5.01849035572e-06, 9.7635693237e-06, 6.49075627734e-06, 4.02767864216e-06, 2.12659119825e-06, 4.38102097178e-06, 8.82438428107e-07, 1.50476623162e-07, 4.39116718098e-07, 1.22034577998e-06, 1.46341324125e-06, 6.39133190816e-07, 9.16097576464e-07, 9.54904976425e-07, 2.48906667366e-06, 5.10248719365e-05, 0.000187198500498, 0.000344740954461, 5.41881991012e-06, 7.80120558375e-07, 7.08202662736e-07, 2.62031153397e-06, 1.75833463345e-06, 5.54587813895e-06, 8.41099245008e-06], "dvar2": [0.0956544801593, 0.0715641006827, 0.0756986364722, 0.0927052348852, 0.105003975332, 0.10960084945, 0.106597334146, 0.0867197662592, 0.08305542171, 0.0630414634943, 0.0427723750472, 0.0438859909773, 0.0580826401711, 0.046029958874, 0.0629478320479, 0.0904406532645, 0.0879843682051, 0.106476068497, 0.11702170223, 0.110587134957, 0.107128053904, 0.116299279034, 0.110301949084, 0.11303704977, 0.0953483730555, 0.0895455777645, 0.115345902741, 0.141694396734, 0.144166961312, 0.164933860302, 0.14490622282, 0.141930609941, 0.147488549352, 0.145099714398, 0.116671569645, 0.101664014161], "dvar": [0.0359364449978, 0.0251247212291, 0.0262484457344, 0.0321438200772, 0.0358763560653, 0.0395243391395, 0.0446209087968, 0.0316016823053, 0.0291390884668, 0.0216937661171, 0.0146768055856, 0.0162450931966, 0.0236219037324, 0.0168380253017, 0.0230141375214, 0.0359186865389, 0.0315355025232, 0.0366010591388, 0.0400642603636, 0.0379140339792, 0.0373089984059, 0.0448840670288, 0.0391297787428, 0.0389281287789, 0.0332382544875, 0.0313363410532, 0.0423095449805, 0.0575073547661, 0.0532168932259, 0.0609413273633, 0.0573346056044, 0.0501072220504, 0.0543342977762, 0.0538266785443, 0.0417525246739, 0.0360773950815], "dmean": [0.0813522562385, 0.0681950002909, 0.0631706491113, 0.0747154355049, 0.088944233954, 0.129087224603, 0.14594514668, 0.111302778125, 0.0766209661961, 0.0578678958118, 0.0446454957128, 0.0622889511287, 0.0789747461677, 0.0620535761118, 0.075727969408, 0.102018877864, 0.0919073447585, 0.084297016263, 0.0822084471583, 0.0778212174773, 0.0834665074944, 0.0896655023098, 0.0911865904927, 0.0871920436621, 0.0734338760376, 0.0754821226001, 0.134924978018, 0.165194630623, 0.167987063527, 0.154148980975, 0.134938850999, 0.124486982822, 0.124632157385, 0.118427045643, 0.0980240628123, 0.0891973674297], "max": [1, 1, 1, 1, 1, 1, 1, 1, 1, 1, 1, 1, 1, 1, 1, 1, 1, 1, 1, 1, 1, 1, 1, 1, 1, 1, 1, 1, 1, 1, 1, 1, 1, 1, 1, 1], "var": [0.0651880428195, 0.0255762934685, 0.0171456634998, 0.0214616619051, 0.0248501133174, 0.0526872240007, 0.0993780493736, 0.0425563789904, 0.0220400132239, 0.0142868487164, 0.00932812225074, 0.0214563962072, 0.0520724244416, 0.0193520672619, 0.0266344156116, 0.0681404620409, 0.0376015007496, 0.024177160114, 0.0265933703631, 0.0247913040221, 0.0337269753218, 0.070736721158, 0.0427006259561, 0.025768764317, 0.021109867841, 0.0205742996186, 0.0684920698404, 0.151786088943, 0.069646731019, 0.0829781368375, 0.111001931131, 0.0506889931858, 0.0529775582254, 0.0645329430699, 0.0373029559851, 0.0413952693343], "mean": [0.121993340552, 0.076037183404, 0.0487134791911, 0.055723246187, 0.0668913200498, 0.186218231916, 0.274858891964, 0.162066221237, 0.0613124258816, 0.0438438467681, 0.0355514623225, 0.0865812078118, 0.130719006062, 0.0817928612232, 0.093371540308, 0.152678132057, 0.1094109267, 0.0613922178745, 0.0582068040967, 0.0524545758963, 0.0797585323453, 0.116495512426, 0.0942241251469, 0.0608282499015, 0.0486990064383, 0.0544991716743, 0.225645542145, 0.376916885376, 0.252857446671, 0.183599963784, 0.200825870037, 0.130161508918, 0.117316380143, 0.125888168812, 0.0898168832064, 0.102994672954]}, "tuning_equal_tempered_deviation": 0.0226508881897, "chords_changes_rate": 0.0360308289528, "key_key": "B", "tuning_diatonic_strength": 0.581224918365, "key_scale": "minor", "chords_number_rate": 0.00154142582323, "tuning_frequency": 442.03793335, "tuning_nontempered_energy_ratio": 0.617500543594, "chords_histogram": [51.3680152893, 6.10789966583, 14.1425819397, 0.732177257538, 1.1753371954, 0.886319816113, 0, 6.30057811737, 0, 2.98651242256, 0, 0, 0, 0, 0, 0, 0.597302496433, 0, 0, 0, 0, 0, 4.1425819397, 11.5606937408], "key_strength": 0.77286285162, "chords_key": "B", "chords_strength": {"dmean2": 0.00653670867905, "median": 0.513357639313, "min": 0.228679165244, "dvar2": 3.89025954064e-05, "dvar": 3.26871559082e-05, "dmean": 0.00688514113426, "max": 0.767238855362, "var": 0.010063232854, "mean": 0.502687513828}, "chords_scale": "minor", "hpcp_entropy": {"dmean2": 0.814364492893, "median": 1.87503910065, "min": 0.0397275798023, "dvar2": 0.617248654366, "dvar": 0.234831362963, "dmean": 0.487080961466, "max": 4.43796014786, "var": 0.58501303196, "mean": 1.91822314262}}, "metadata": {"audio_properties": {"equal_loudness": 0, "codec": "flac", "downmix": "mix", "sample_rate": 44100, "analysis_sample_rate": 44100, "bit_rate": 0, "md5_encoded": "aa6ebe434749d1cb12e9f456c87b4d68", "length": 240.960006714, "replay_gain": -15.7908601761, "lossless": true}, "version": {"essentia_build_sha": "70f2e5ece6736b2c40cc944ad0e695b16b925413", "essentia": "2.1-beta2", "extractor": "music 1.0", "essentia_git_sha": "v2.1_beta2"}, "tags": {"title": ["Mean Low Water"], "barcode": ["4532813130149"], "albumartist": ["65daysofstatic"], "tracktotal": ["11"], "language": ["eng"], "releasetype": ["album"], "musicbrainz_recordingid": ["869e6451-f6ad-4246-a72c-5255f0e95ad9"], "musicbrainz_albumartistid": ["0cd12ab3-9628-45ef-a97b-ff18624f14a0"], "album": ["One Time for All Time"], "catalognumber": ["TSIP-2014"], "releasecountry": ["JP"], "date": ["2006-03-20"], "file_name": "05 Mean Low Water.flac", "musicbrainz_artistid": ["0cd12ab3-9628-45ef-a97b-ff18624f14a0"], "asin": ["B000EUMQOY"], "musicbrainz_albumid": ["a7928ab1-09af-4429-985e-fbb203d48f17"], "artist": ["65daysofstatic"], "totaltracks": ["11"], "artistsort": ["65daysofstatic"], "tracknumber": ["5"], "label": ["Thomason Sounds"], "albumartistsort": ["65daysofstatic"], "script": ["Latn"], "releasestatus": ["official"]}}, "rhythm": {"bpm_histogram_first_peak_bpm": {"dmean2": 0, "median": 133, "min": 133, "dvar2": 0, "dvar": 0, "dmean": 0, "max": 133, "var": 0, "mean": 133}, "bpm": 131.999465942, "bpm_histogram_second_peak_spread": {"dmean2": 0, "median": 0.466666698456, "min": 0.466666698456, "dvar2": 0, "dvar": 0, "dmean": 0, "max": 0.466666698456, "var": 0, "mean": 0.466666698456}, "bpm_histogram_first_peak_weight": {"dmean2": 0, "median": 0.68880456686, "min": 0.68880456686, "dvar2": 0, "dvar": 0, "dmean": 0, "max": 0.68880456686, "var": 0, "mean": 0.68880456686}, "onset_rate": 4.63530302048, "beats_position": [0.476009070873, 0.952018141747, 1.4164172411, 1.86920630932, 2.32199549675, 2.77478456497, 3.23918366432, 3.69197273254, 4.13315200806, 4.57433080673, 5.02712011337, 5.47990942001, 5.94430828094, 6.39709758759, 6.84988641739, 7.30267572403, 7.76707458496, 8.2198638916, 8.68426322937, 9.13705158234, 9.58984088898, 10.0542402267, 10.5070295334, 10.9714279175, 11.4242172241, 11.8653964996, 12.3297958374, 12.782585144, 13.235373497, 13.6765527725, 14.1409521103, 14.5821313858, 15.0465307236, 15.5109291077, 15.9753284454, 16.4281177521, 16.8809070587, 17.3453063965, 17.8097057343, 18.2508831024, 18.7036724091, 19.1564617157, 19.6092510223, 20.062040329, 20.5032196045, 20.9676189423, 21.4204082489, 21.8731975555, 22.3259868622, 22.7787742615, 23.2431735992, 23.707572937, 24.1719722748, 24.6363716125, 25.0891609192, 25.5419502258, 25.9831295013, 26.435918808, 26.8887062073, 27.3298854828, 27.7710647583, 28.2238540649, 28.6882534027, 29.1526527405, 29.6170520782, 30.0698413849, 30.5226306915, 30.9754180908, 31.4282073975, 31.8809967041, 32.3453979492, 32.7981834412, 33.2509727478, 33.7153739929, 34.1681632996, 34.6209526062, 35.0737419128, 35.5265312195, 35.9677085876, 36.4204978943, 36.8732872009, 37.3376846313, 37.790473938, 38.2432632446, 38.6960525513, 39.1604537964, 39.613243103, 40.0660324097, 40.5188217163, 40.9716110229, 41.4243965149, 41.8771858215, 42.3299751282, 42.7827644348, 43.2355537415, 43.6999549866, 44.1527442932, 44.6055335999, 45.0583229065, 45.5111083984, 45.9522895813, 46.4166870117, 46.8694763184, 47.322265625, 47.7750549316, 48.2278442383, 48.6806335449, 49.1334228516, 49.5978240967, 50.0622215271, 50.5150108337, 50.9678001404, 51.420589447, 51.8849868774, 52.3377761841, 52.7905654907, 53.2549667358, 53.7077522278, 54.1605415344, 54.6133308411, 55.0661201477, 55.5189094543, 55.9833106995, 56.4244880676, 56.8772773743, 57.3300666809, 57.7828559875, 58.2356452942, 58.6768226624, 59.129611969, 59.5824012756, 60.0351905823, 60.4879798889, 60.9407691956, 61.3935585022, 61.8579597473, 62.310749054, 62.7635345459, 63.2163238525, 63.6691131592, 64.1335144043, 64.5979156494, 65.0507049561, 65.5034942627, 65.9562835693, 66.409072876, 66.8618545532, 67.3146438599, 67.779045105, 68.2318344116, 68.6846237183, 69.1374130249, 69.5902023315, 70.0546035767, 70.5073928833, 70.9601821899, 71.4129714966, 71.8657608032, 72.3185501099, 72.7713394165, 73.2241287231, 73.6769180298, 74.1413116455, 74.6057128906, 75.0585021973, 75.5229034424, 75.975692749, 76.4284820557, 76.8812713623, 77.345664978, 77.7984542847, 78.2512435913, 78.7156448364, 79.1684341431, 79.6212234497, 80.0856246948, 80.5384140015, 80.9912033081, 81.4439926147, 81.8967819214, 82.3379592896, 82.7791366577, 83.2319259644, 83.684715271, 84.1491165161, 84.6019058228, 85.0546951294, 85.5190887451, 85.9834899902, 86.4362792969, 86.8890686035, 87.3418579102, 87.7946472168, 88.2474365234, 88.7002258301, 89.1530151367, 89.6058044434, 90.05859375, 90.5113830566, 90.9525604248, 91.4053497314, 91.8581390381, 92.3225402832, 92.7753295898, 93.2281188965, 93.6809082031, 94.1336975098, 94.5864868164, 95.039276123, 95.4920654297, 95.9448471069, 96.4092483521, 96.8620376587, 97.3148269653, 97.767616272, 98.2204055786, 98.6731948853, 99.1259841919, 99.590385437, 100.043174744, 100.49596405, 100.948753357, 101.401542664, 101.865936279, 102.318725586, 102.771514893, 103.224304199, 103.677093506, 104.141494751, 104.594284058, 105.047073364, 105.499862671, 105.952651978, 106.405441284, 106.858230591, 107.322631836, 107.775421143, 108.22820282, 108.680992126, 109.133781433, 109.58657074, 110.039360046, 110.503761292, 110.956550598, 111.409339905, 111.862129211, 112.314918518, 112.767707825, 113.220497131, 113.684898376, 114.137687683, 114.59047699, 115.043266296, 115.496055603, 115.960449219, 116.413238525, 116.866027832, 117.318817139, 117.771606445, 118.23600769, 118.688796997, 119.141586304, 119.59437561, 120.047164917, 120.499954224, 120.95274353, 121.405532837, 121.858322144, 122.322715759, 122.775505066, 123.228294373, 123.692695618, 124.18031311, 124.667930603, 125.155555725, 125.631561279, 126.119178772, 126.606803894, 127.082809448, 127.547210693, 128, 128.452789307, 128.905578613, 129.35836792, 129.811157227, 130.263946533, 130.71673584, 131.169525146, 131.622314453, 132.07510376, 132.539505005, 133.003890991, 133.456680298, 133.909469604, 134.362258911, 134.815048218, 135.279449463, 135.73223877, 136.185028076, 136.637817383, 137.090606689, 137.543395996, 137.996185303, 138.448974609, 138.901763916, 139.366165161, 139.818954468, 140.271743774, 140.73614502, 141.188934326, 141.641723633, 142.094512939, 142.547302246, 143.000091553, 143.452880859, 143.905670166, 144.358459473, 144.811248779, 145.264038086, 145.716827393, 146.169616699, 146.634017944, 147.098403931, 147.551193237, 148.003982544, 148.468383789, 148.921173096, 149.373962402, 149.826751709, 150.279541016, 150.732330322, 151.185119629, 151.649520874, 152.102310181, 152.555099487, 153.007888794, 153.460678101, 153.913467407, 154.366256714, 154.819046021, 155.271835327, 155.736236572, 156.189025879, 156.641815186, 157.094604492, 157.547393799, 158.000183105, 158.452972412, 158.917373657, 159.370162964, 159.822952271, 160.275741577, 160.728515625, 161.19291687, 161.657318115, 162.110107422, 162.562896729, 163.015686035, 163.456863403, 163.90965271, 164.374053955, 164.826843262, 165.279632568, 165.744033813, 166.185211182, 166.649612427, 167.102401733, 167.55519104, 168.007980347, 168.460769653, 168.91355896, 169.366348267, 169.830749512, 170.283538818, 170.736328125, 171.189117432, 171.641906738, 172.094696045, 172.547485352, 173.011871338, 173.453063965, 173.917449951, 174.370239258, 174.823028564, 175.275817871, 175.728607178, 176.193008423, 176.657409668, 177.121810913, 177.57460022, 178.027389526, 178.468566895, 178.921356201, 179.374145508, 179.838546753, 180.29133606, 180.744125366, 181.208526611, 181.661315918, 182.114105225, 182.555282593, 183.008071899, 183.460861206, 183.902038574, 184.366439819, 184.819229126, 185.272018433, 185.736419678, 186.189208984, 186.641998291, 187.094787598, 187.547576904, 188.000366211, 188.453155518, 188.905944824, 189.358734131, 189.823120117, 190.275909424, 190.72869873, 191.181488037, 191.634277344, 192.08706665, 192.539855957, 193.004257202, 193.457046509, 193.909835815, 194.374237061, 194.827026367, 195.279815674, 195.73260498, 196.185394287, 196.638183594, 197.0909729, 197.555374146, 198.008163452, 198.460952759, 198.902130127, 199.366531372, 199.819320679, 200.272109985, 200.73651123, 201.177688599, 201.642089844, 202.09487915, 202.547653198, 203.000442505, 203.453231812, 203.917633057, 204.370422363, 204.82321167, 205.276000977, 205.728790283, 206.18157959, 206.645980835, 207.098770142, 207.53994751, 208.004348755, 208.457138062, 208.909927368, 209.362716675, 209.815505981, 210.279907227, 210.732696533, 211.18548584, 211.638275146, 212.091064453, 212.54385376, 212.996643066, 213.461044312, 213.925445557, 214.366622925, 214.831008911, 215.283798218, 215.736587524, 216.20098877, 216.642166138, 217.094955444, 217.547744751, 218.012145996, 218.453323364, 218.906112671, 219.358901978, 219.811691284, 220.264480591, 220.728881836, 221.193283081, 221.646072388, 222.098861694, 222.551651001, 223.004440308, 223.457229614, 223.910018921, 224.374420166, 224.85043335, 225.338043213, 225.825668335, 226.30166626, 226.777679443, 227.265304565, 227.764526367, 228.228927612, 228.693328857, 229.146118164, 229.598907471, 230.040084839, 230.504486084, 230.945663452, 231.410064697, 231.874465942, 232.315643311, 232.780044556, 233.232833862, 233.685623169, 234.150024414, 234.591201782, 235.055603027, 235.508392334, 235.961181641, 236.413970947, 236.866760254, 237.319549561, 237.772338867, 238.225112915, 238.68951416, 239.142303467, 239.583480835, 240.04788208, 240.500671387], "beats_loudness": {"dmean2": 0.0340230837464, "median": 0.0436842292547, "min": 0.000134454763611, "dvar2": 0.000872364384122, "dvar": 0.000281356042251, "dmean": 0.0189104862511, "max": 0.135476663709, "var": 0.000872200645972, "mean": 0.0464122593403}, "danceability": 1.17301368713, "bpm_histogram_second_peak_weight": {"dmean2": 0, "median": 0.0151802655309, "min": 0.0151802655309, "dvar2": 0, "dvar": 0, "dmean": 0, "max": 0.0151802655309, "var": 0, "mean": 0.0151802655309}, "beats_count": 528, "bpm_histogram_second_peak_bpm": {"dmean2": 0, "median": 123, "min": 123, "dvar2": 0, "dvar": 0, "dmean": 0, "max": 123, "var": 0, "mean": 123}, "bpm_histogram_first_peak_spread": {"dmean2": 0, "median": 0.291015625, "min": 0.291015625, "dvar2": 0, "dvar": 0, "dmean": 0, "max": 0.291015625, "var": 0, "mean": 0.291015625}, "beats_loudness_band_ratio": {"dmean2": [0.325272202492, 0.210319906473, 0.155886590481, 0.122394181788, 0.0704677328467, 0.122126415372], "median": [0.590848088264, 0.118965178728, 0.0692685693502, 0.0542807877064, 0.0365998223424, 0.0526882410049], "min": [7.83789801062e-05, 0.000651901063975, 0.00112657854334, 0.00282423896715, 0.000521160720382, 5.86818932788e-05], "dvar2": [0.100994318724, 0.0431032963097, 0.0360808558762, 0.0321500711143, 0.0119105968624, 0.0365397073328], "dvar": [0.0361231006682, 0.0160835403949, 0.0137560684234, 0.0108901960775, 0.0042181443423, 0.0121541460976], "dmean": [0.184359103441, 0.121414721012, 0.0897591114044, 0.0683784261346, 0.0397779680789, 0.0672927126288], "max": [0.949298501015, 0.827980995178, 0.842690050602, 0.835787236691, 0.57308781147, 0.744080901146], "var": [0.0914258509874, 0.0272324103862, 0.0323976017535, 0.0284383147955, 0.0035432910081, 0.00961376726627], "mean": [0.508010327816, 0.177356466651, 0.14357329905, 0.116476729512, 0.0509083755314, 0.0785636380315]}}, "lowlevel": {"barkbands_spread": {"dmean2": 14.1731367111, "median": 23.1586036682, "min": 0.619190752506, "dvar2": 258.931304932, "dvar": 107.555465698, "dmean": 8.9832649231, "max": 97.0628204346, "var": 364.542663574, "mean": 26.4903297424}, "melbands_spread": {"dmean2": 11.2580432892, "median": 14.5346975327, "min": 0.569849610329, "dvar2": 202.527053833, "dvar": 84.1653213501, "dmean": 7.06854343414, "max": 169.651153564, "var": 207.849655151, "mean": 18.3373794556}, "hfc": {"dmean2": 17.9778022766, "median": 26.1809539795, "min": 0.00140826462302, "dvar2": 686.715942383, "dvar": 325.868560791, "dmean": 11.8359975815, "max": 222.708206177, "var": 1192.97802734, "mean": 35.177947998}, "barkbands_kurtosis": {"dmean2": 6.22561216354, "median": 3.06560945511, "min": -1.92532730103, "dvar2": 132.122619629, "dvar": 51.6535339355, "dmean": 3.84046626091, "max": 232.411727905, "var": 92.5797729492, "mean": 6.0553445816}, "gfcc": {"mean": [4.30495357513, 70.6191940308, -99.1518173218, 13.881814003, -45.2158660889, 7.09944343567, -32.0405349731, 0.538279533386, -25.0027275085, -5.97520399094, -18.2442932129, -12.1956691742, -16.4601764679], "icov": [[0.00059306260664, 0.000595889578108, -0.000169951163116, -0.000990468193777, -0.000353707087925, -0.000180496470421, 0.00053128961008, -0.000459567119833, 0.000243284463068, -0.0004066505644, 0.000584316148888, -0.000769284961279, 0.000377438060241], [0.000595889578108, 0.00183335831389, 0.000164126890013, -0.00130203634035, -0.00171534763649, 0.0010182155529, 0.000381058838684, -0.000662309292238, 0.000248092459515, 0.000815801147837, -0.00158502615523, 0.0010356339626, -0.000838080770336], [-0.000169951163116, 0.000164126890013, 0.00166663702112, -0.000341750768712, -0.000981599325314, -0.000760930066463, 0.00100498506799, -0.000729799212422, 0.000874399614986, 0.000325403962051, -0.00123058143072, 0.000384952058084, -0.000836933322717], [-0.000990468193777, -0.00130203634035, -0.000341750768712, 0.00385279138573, 0.000492827268317, -0.00166614900809, -0.00169105269015, 0.00255712750368, -0.000478512083646, -0.000566054193769, 0.000875128549524, 0.00102311419323, -0.00156246335246], [-0.000353707087925, -0.00171534763649, -0.000981599325314, 0.000492827268317, 0.00589457573369, -0.000574892677832, -0.00330793787725, 0.00114626518916, -0.000469545921078, -0.000346764310962, 0.00217610993423, -0.00128003989812, 0.000918472360354], [-0.000180496470421, 0.0010182155529, -0.000760930066463, -0.00166614900809, -0.000574892677832, 0.00797064322978, -0.0006551919505, -0.00444086547941, 0.00207231286913, 0.000920479593333, -0.00112117500976, 0.000620791863184, 0.000887279922608], [0.00053128961008, 0.000381058838684, 0.00100498506799, -0.00169105269015, -0.00330793787725, -0.0006551919505, 0.0102790566161, -0.00238110474311, -0.00196126708761, 0.00277054309845, -0.00081065914128, 0.000959527795203, -0.000863929046318], [-0.000459567119833, -0.000662309292238, -0.000729799212422, 0.00255712750368, 0.00114626518916, -0.00444086547941, -0.00238110474311, 0.01641337201, -0.00465674279258, -0.00450095534325, 0.00519595202059, -0.00234554079361, 0.00245720590465], [0.000243284463068, 0.000248092459515, 0.000874399614986, -0.000478512083646, -0.000469545921078, 0.00207231286913, -0.00196126708761, -0.00465674279258, 0.0157346501946, -0.00523308990523, -0.00159637373872, 0.00228884839453, -0.000908907968551], [-0.0004066505644, 0.000815801147837, 0.000325403962051, -0.000566054193769, -0.000346764310962, 0.000920479593333, 0.00277054309845, -0.00450095534325, -0.00523308990523, 0.0199212469161, -0.0103517789394, -0.00157001439948, 0.00485072564334], [0.000584316148888, -0.00158502615523, -0.00123058143072, 0.000875128549524, 0.00217610993423, -0.00112117500976, -0.00081065914128, 0.00519595202059, -0.00159637373872, -0.0103517789394, 0.0242552515119, -0.00927050970495, 0.0011249842355], [-0.000769284961279, 0.0010356339626, 0.000384952058084, 0.00102311419323, -0.00128003989812, 0.000620791863184, 0.000959527795203, -0.00234554079361, 0.00228884839453, -0.00157001439948, -0.00927050970495, 0.0235711634159, -0.0117553668097], [0.000377438060241, -0.000838080770336, -0.000836933322717, -0.00156246335246, 0.000918472360354, 0.000887279922608, -0.000863929046318, 0.00245720590465, -0.000908907968551, 0.00485072564334, 0.0011249842355, -0.0117553668097, 0.0187920350581]], "cov": [[20394.9824219, -7114.09619141, 5162.74023438, 3493.3918457, -291.198028564, 3061.63623047, -779.703369141, 1011.65447998, -502.360809326, 695.183532715, -409.660186768, 539.161132812, -346.914642334], [-7114.09619141, 4191.57910156, -1542.04785156, -454.824279785, 698.809326172, -1104.95410156, 519.190979004, -496.182067871, 122.531616211, -417.819610596, 127.427650452, -213.549041748, 302.655029297], [5162.74023438, -1542.04785156, 2180.8659668, 1093.72033691, 127.886253357, 895.501159668, -182.194442749, 244.463165283, -197.444442749, 127.330688477, -79.9714660645, 158.644592285, -11.6629419327], [3493.3918457, -454.824279785, 1093.72033691, 1310.54321289, 249.910476685, 580.809448242, 44.2815208435, 65.400970459, -128.099121094, 0.0680337026715, -99.5882873535, 66.6968536377, 62.543800354], [-291.198028564, 698.809326172, 127.886253357, 249.910476685, 453.457397461, -11.0827865601, 178.643157959, -56.4244537354, -11.9475488663, -93.4231033325, -25.1298007965, -21.6912231445, 68.9119644165], [3061.63623047, -1104.95410156, 895.501159668, 580.809448242, -11.0827865601, 648.694274902, -86.3081817627, 197.619400024, -88.665725708, 97.287727356, -70.5143737793, 69.452041626, -64.2263412476], [-779.703369141, 519.190979004, -182.194442749, 44.2815208435, 178.643157959, -86.3081817627, 218.234436035, -41.8868865967, 28.5313014984, -76.4756164551, -9.31706809998, -38.428440094, 42.8754806519], [1011.65447998, -496.182067871, 244.463165283, 65.400970459, -56.4244537354, 197.619400024, -41.8868865967, 167.38092041, 15.0877304077, 81.2361984253, -22.6941070557, 22.5301609039, -61.2944793701], [-502.360809326, 122.531616211, -197.444442749, -128.099121094, -11.9475488663, -88.665725708, 28.5313014984, 15.0877304077, 110.38432312, 31.3909225464, 24.0276031494, -17.6332588196, -15.013384819], [695.183532715, -417.819610596, 127.330688477, 0.0680337026715, -93.4231033325, 97.287727356, -76.4756164551, 81.2361984253, 31.3909225464, 145.684173584, 35.3265457153, 34.202583313, -57.8915786743], [-409.660186768, 127.427650452, -79.9714660645, -99.5882873535, -25.1298007965, -70.5143737793, -9.31706809998, -22.6941070557, 24.0276031494, 35.3265457153, 88.653678894, 26.3317604065, 12.3738069534], [539.161132812, -213.549041748, 158.644592285, 66.6968536377, -21.6912231445, 69.452041626, -38.428440094, 22.5301609039, -17.6332588196, 34.202583313, 26.3317604065, 96.1172637939, 34.1948242188], [-346.914642334, 302.655029297, -11.6629419327, 62.543800354, 68.9119644165, -64.2263412476, 42.8754806519, -61.2944793701, -15.013384819, -57.8915786743, 12.3738069534, 34.1948242188, 122.877578735]]}, "spectral_energyband_middle_low": {"dmean2": 0.00953435245901, "median": 0.0139226894826, "min": 9.03189004475e-07, "dvar2": 0.00021347834263, "dvar": 7.95661690063e-05, "dmean": 0.00572626059875, "max": 0.107976548374, "var": 0.000177935551619, "mean": 0.0158422943205}, "melbands_crest": {"dmean2": 5.27897024155, "median": 15.8771409988, "min": 4.12623023987, "dvar2": 29.8080348969, "dvar": 11.1084518433, "dmean": 3.21598601341, "max": 33.4945259094, "var": 26.972574234, "mean": 16.5163784027}, "spectral_kurtosis": {"dmean2": 6.38001346588, "median": 2.77708768845, "min": -0.88308095932, "dvar2": 279.565338135, "dvar": 99.4724502563, "dmean": 3.82523870468, "max": 189.388183594, "var": 334.29397583, "mean": 8.61548042297}, "spectral_rms": {"dmean2": 0.00141215836629, "median": 0.00563212111592, "min": 3.91906287405e-05, "dvar2": 3.58561260327e-06, "dvar": 1.4128378325e-06, "dmean": 0.000881732674316, "max": 0.0132270529866, "var": 7.18512410458e-06, "mean": 0.00559171941131}, "zerocrossingrate": {"dmean2": 0.0221053026617, "median": 0.07177734375, "min": 0.001953125, "dvar2": 0.00054443947738, "dvar": 0.000405084283557, "dmean": 0.0181631408632, "max": 0.43505859375, "var": 0.00249505136162, "mean": 0.0796440392733}, "silence_rate_60dB": {"dmean2": 0.0369085483253, "median": 0, "min": 0, "dvar2": 0.0403700806201, "dvar": 0.0181549545377, "dmean": 0.018500674516, "max": 1, "var": 0.105577647686, "mean": 0.119953751564}, "erbbands_kurtosis": {"dmean2": 1.15749776363, "median": -0.497516155243, "min": -1.89291155338, "dvar2": 3.97986340523, "dvar": 1.81592047215, "dmean": 0.76109701395, "max": 31.9769592285, "var": 6.21867799759, "mean": 0.298160612583}, "erbbands": {"dmean2": [0.147356659174, 2.92917919159, 12.2319393158, 13.6607761383, 22.7640266418, 13.0337839127, 5.18670701981, 6.27626514435, 6.49490976334, 13.0600595474, 17.5017738342, 11.2473201752, 17.6514472961, 10.4797306061, 14.4109239578, 16.6356945038, 12.5898122787, 26.5921325684, 18.3958854675, 22.83385849, 18.7387008667, 7.83686351776, 9.47016048431, 17.1613845825, 14.7539043427, 11.9951353073, 6.23789072037, 7.04973459244, 7.53309583664, 8.2082157135, 7.90379810333, 6.81086874008, 4.86844587326, 5.46753454208, 3.03009319305, 1.30611538887, 0.461107373238, 0.126142933965, 0.0225072838366, 0.00250046979636], "median": [0.0333905927837, 1.05216312408, 4.14295053482, 6.36321210861, 17.5681171417, 12.8167238235, 5.32513904572, 3.78521609306, 5.46913194656, 9.33532714844, 11.5652627945, 9.55287075043, 12.2792081833, 8.50582504272, 12.7870597839, 13.6805725098, 11.0077972412, 17.2399196625, 14.6426515579, 17.2778282166, 13.0831489563, 5.25888633728, 7.09838008881, 15.4257106781, 14.0667610168, 9.49784183502, 4.89603328705, 4.95414590836, 4.23275279999, 4.71878099442, 5.5890173912, 5.24467754364, 3.46163630486, 2.42433619499, 1.16612553596, 0.352277934551, 0.139107301831, 0.0398236960173, 0.00497568631545, 0.000331301125698], "min": [2.32358345897e-08, 3.60851331038e-08, 5.35495644272e-07, 1.03784559542e-05, 1.53622731887e-05, 2.41258840106e-05, 3.88829539588e-05, 0.000207777920878, 0.00033377498039, 0.000810929457657, 0.000534666294698, 0.00373847549781, 0.00797968916595, 0.00501283304766, 0.00406232755631, 0.00240488816053, 0.00114243081771, 0.00097671803087, 0.000497583707329, 0.000349885900505, 0.000120883960335, 1.40575912155e-05, 1.10908376882e-05, 1.89560414583e-05, 4.36617256128e-06, 5.80965831887e-07, 1.16991373034e-07, 1.15127370748e-07, 7.33403595632e-08, 8.65981277798e-08, 5.33744319853e-08, 4.56237927438e-08, 5.42175406792e-08, 5.06570039249e-08, 5.7481468474e-08, 5.20735845555e-08, 3.64692951393e-08, 2.28090808463e-08, 1.00458139585e-08, 8.66603855343e-09], "dvar2": [0.108755201101, 35.1407852173, 517.097167969, 604.284240723, 1587.3503418, 438.195922852, 67.7047042847, 106.273071289, 88.2312774658, 478.166809082, 891.080749512, 444.154632568, 877.263671875, 271.216491699, 485.462982178, 744.998474121, 415.628326416, 2426.47827148, 1027.83886719, 1988.6706543, 1001.36968994, 220.574752808, 211.346008301, 672.772949219, 440.906860352, 331.13494873, 94.7340316772, 112.4897995, 159.922821045, 189.091445923, 186.487335205, 104.440177917, 74.9231872559, 80.1190109253, 23.8521633148, 4.90660190582, 0.540106296539, 0.0370776280761, 0.00115276756696, 1.68685091921e-05], "dvar": [0.0430676452816, 12.8842906952, 186.02885437, 239.312484741, 554.076171875, 167.104949951, 24.1563072205, 39.2091331482, 35.6327171326, 195.275527954, 354.625183105, 175.774902344, 384.587036133, 106.723236084, 201.192260742, 368.369720459, 164.047943115, 1114.60998535, 416.206054688, 724.268188477, 391.25869751, 84.1553192139, 80.0848083496, 251.491516113, 176.199935913, 130.439086914, 37.796913147, 47.1935195923, 70.4485015869, 82.71434021, 82.5639572144, 44.3466873169, 34.9795150757, 34.1793823242, 10.3966817856, 2.02933931351, 0.230471670628, 0.0155454054475, 0.000532376987394, 7.640853255e-06], "dmean": [0.0904737561941, 1.70536112785, 7.1526465416, 8.20730400085, 13.4229650497, 7.90020513535, 3.0528409481, 3.73605895042, 3.91421914101, 8.2279291153, 10.8706054688, 7.02532625198, 11.2772703171, 6.37506389618, 9.20797634125, 11.0628499985, 7.77248954773, 17.2395801544, 11.3169708252, 13.6318187714, 11.4681339264, 4.78563976288, 5.67695617676, 10.3421154022, 9.03733158112, 7.35592269897, 3.88965153694, 4.43608427048, 4.75396442413, 5.15980005264, 5.1908121109, 4.29899024963, 3.15680861473, 3.38691067696, 1.90900731087, 0.805297255516, 0.289172589779, 0.078666806221, 0.0144719127566, 0.00158413115423], "max": [2.76443481445, 35.5819091797, 133.262313843, 229.810699463, 372.976257324, 179.321746826, 73.5900344849, 122.623222351, 177.732788086, 251.297241211, 320.841552734, 242.084350586, 387.386810303, 244.077896118, 321.672363281, 420.0574646, 234.276092529, 716.487792969, 532.034423828, 803.710571289, 317.4659729, 179.432418823, 146.718765259, 241.436569214, 173.054458618, 189.683288574, 91.1710891724, 85.5948486328, 108.502441406, 116.190063477, 151.795837402, 85.010925293, 105.805725098, 64.2461547852, 34.5570716858, 19.5637683868, 5.78813695908, 1.53429961205, 0.266795784235, 0.026433063671], "var": [0.0491036325693, 13.8649711609, 213.994171143, 477.996673584, 947.825317383, 534.073059082, 65.1788864136, 105.465385437, 135.507843018, 516.068237305, 795.655273438, 320.985626221, 1135.34875488, 272.86541748, 533.859802246, 988.427978516, 308.508636475, 2163.50024414, 1041.92932129, 953.351074219, 796.370483398, 158.812393188, 179.688949585, 684.473876953, 586.523742676, 468.241638184, 137.642272949, 169.706985474, 216.548965454, 245.093719482, 266.23425293, 142.22769165, 76.122543335, 60.372543335, 19.2615566254, 3.5749809742, 0.525806367397, 0.0328377895057, 0.00113011570647, 1.40211832331e-05], "mean": [0.120589628816, 2.35673522949, 9.65956687927, 13.5183362961, 26.6802883148, 20.176607132, 7.42739009857, 7.44181632996, 8.46832180023, 17.2501049042, 21.5901317596, 14.9283390045, 23.9902706146, 13.0293741226, 19.3652648926, 22.5919933319, 15.6983680725, 31.8865013123, 23.6387271881, 25.6337413788, 22.7428016663, 9.94721698761, 11.665060997, 23.1284828186, 21.2446804047, 17.3263206482, 9.63781833649, 10.4698534012, 10.7678575516, 11.2860002518, 12.3587055206, 9.78253173828, 6.40917205811, 5.33850812912, 2.93225264549, 1.18464422226, 0.474309831858, 0.122924134135, 0.0207992438227, 0.00207000551745]}, "spectral_strongpeak": {"dmean2": 0.471835285425, "median": 0.642999708652, "min": 0, "dvar2": 0.441111117601, "dvar": 0.183898612857, "dmean": 0.28442683816, "max": 7.33422660828, "var": 0.324579030275, "mean": 0.749718785286}, "spectral_energy": {"dmean2": 0.0216154158115, "median": 0.032513808459, "min": 1.57430315539e-06, "dvar2": 0.00111266085878, "dvar": 0.000420217053033, "dmean": 0.0131379365921, "max": 0.179328814149, "var": 0.000996959628537, "mean": 0.0394138656557}, "average_loudness": 0.82783395052, "spectral_rolloff": {"dmean2": 1668.37524414, "median": 1012.06054688, "min": 86.1328125, "dvar2": 6730476, "dvar": 2741882.75, "dmean": 986.542175293, "max": 15525.4394531, "var": 4296162, "mean": 1693.97644043}, "spectral_centroid": {"dmean2": 411.740661621, "median": 1158.19177246, "min": 144.586975098, "dvar2": 210141.578125, "dvar": 83526.7421875, "dmean": 258.149658203, "max": 3942.45068359, "var": 363498.03125, "mean": 1220.20959473}, "pitch_salience": {"dmean2": 0.118556506932, "median": 0.540628015995, "min": 0.0813890844584, "dvar2": 0.0159348808229, "dvar": 0.00586653221399, "dmean": 0.0716095194221, "max": 0.861308276653, "var": 0.0132401129231, "mean": 0.52709621191}, "spectral_energyband_middle_high": {"dmean2": 0.00198359508067, "median": 0.00363173778169, "min": 8.80803554537e-07, "dvar2": 8.66167192726e-06, "dvar": 3.68015867025e-06, "dmean": 0.00130446115509, "max": 0.0297105945647, "var": 1.34407828227e-05, "mean": 0.00426687672734}, "spectral_contrast_coeffs": {"dmean2": [0.0829860493541, 0.0706872940063, 0.0577108971775, 0.0474667437375, 0.0343058817089, 0.0346220657229], "median": [-0.586241841316, -0.744022190571, -0.776228666306, -0.791577160358, -0.789813160896, -0.795879721642], "min": [-0.943490147591, -0.939618289471, -0.912657618523, -0.932287693024, -0.962902963161, -0.960593879223], "dvar2": [0.00513890339062, 0.0032115643844, 0.00223095715046, 0.00144809135236, 0.000756412686314, 0.00126642454416], "dvar": [0.00189656799193, 0.00125492003281, 0.000878099002875, 0.000578218663577, 0.000300300831441, 0.000482151197502], "dmean": [0.0495369583368, 0.0428631193936, 0.0356988608837, 0.0287845656276, 0.0209006220102, 0.0211518462747], "max": [-0.257322520018, -0.368936002254, -0.45171046257, -0.545932114124, -0.589309692383, -0.640433132648], "var": [0.0061560110189, 0.00717853475362, 0.0052958317101, 0.00241538137197, 0.00174500967842, 0.00194428884424], "mean": [-0.581811785698, -0.729464769363, -0.760677933693, -0.782574951649, -0.782154500484, -0.794398248196]}, "melbands_skewness": {"dmean2": 1.55575466156, "median": 3.50133061409, "min": -1.99975645542, "dvar2": 3.22762966156, "dvar": 1.25082373619, "dmean": 0.97376614809, "max": 15.6077871323, "var": 3.73756814003, "mean": 3.67175269127}, "spectral_spread": {"dmean2": 1482024.875, "median": 6525429, "min": 432830.71875, "dvar2": 2689881866240.0, "dvar": 1408674824190.0, "dmean": 995502.4375, "max": 14572463, "var": 7006182178820.0, "mean": 6050956}, "dissonance": {"dmean2": 0.0278032980859, "median": 0.475062340498, "min": 0.151502609253, "dvar2": 0.00108719442505, "dvar": 0.000412803405197, "dmean": 0.0166403502226, "max": 0.5, "var": 0.0024966429919, "mean": 0.457083851099}, "spectral_skewness": {"dmean2": 0.563331186771, "median": 1.4479701519, "min": 0.538574099541, "dvar2": 1.1156784296, "dvar": 0.390921711922, "dmean": 0.344838410616, "max": 11.1414709091, "var": 1.39625990391, "mean": 1.82315945625}, "spectral_flux": {"dmean2": 0.0438635423779, "median": 0.0790083631873, "min": 0.000803573406301, "dvar2": 0.00315867201425, "dvar": 0.00137008400634, "dmean": 0.0277069620788, "max": 0.385011017323, "var": 0.0044511584565, "mean": 0.0882461443543}, "spectral_contrast_valleys": {"dmean2": [0.685032308102, 0.586738288403, 0.533033490181, 0.48203676939, 0.423097938299, 0.602187991142], "median": [-6.84312343597, -6.72398710251, -7.04462766647, -7.21544504166, -7.18019771576, -8.99558067322], "min": [-15.0944356918, -11.8732700348, -11.9334936142, -12.937962532, -15.2989473343, -17.8577594757], "dvar2": [0.365149378777, 0.247675925493, 0.227913126349, 0.224136292934, 0.226356804371, 0.44757515192], "dvar": [0.147562801838, 0.103145465255, 0.0978446602821, 0.102773711085, 0.107776358724, 0.196926921606], "dmean": [0.413379490376, 0.358516842127, 0.331634879112, 0.304669380188, 0.276606708765, 0.401677340269], "max": [-5.19963598251, -5.03440332413, -5.50090837479, -5.56891584396, -5.78901672363, -7.40794229507], "var": [3.56354284286, 1.35849165916, 1.23499631882, 1.74568235874, 2.84328007698, 5.75910615921], "mean": [-7.58013534546, -7.07508039474, -7.37775564194, -7.69881439209, -7.7986574173, -9.97339344025]}, "erbbands_flatness_db": {"dmean2": 0.0234484542161, "median": 0.0974062532187, "min": 0.039449442178, "dvar2": 0.00063373503508, "dvar": 0.000345440261299, "dmean": 0.0164485033602, "max": 0.544136404991, "var": 0.0126069439575, "mean": 0.147205621004}, "spectral_energyband_high": {"dmean2": 0.00156157615129, "median": 0.00126016163267, "min": 7.88835177734e-11, "dvar2": 5.89258706896e-06, "dvar": 2.78041147794e-06, "dmean": 0.00101742625702, "max": 0.0206970889121, "var": 8.77717684489e-06, "mean": 0.00241068215109}, "spectral_entropy": {"dmean2": 0.289318263531, "median": 7.91226911545, "min": 4.1008605957, "dvar2": 0.100863330066, "dvar": 0.0496661439538, "dmean": 0.19625787437, "max": 8.84418201447, "var": 0.826813459396, "mean": 7.54920387268}, "silence_rate_20dB": {"dmean2": 0, "median": 1, "min": 1, "dvar2": 0, "dvar": 0, "dmean": 0, "max": 1, "var": 0, "mean": 1}, "melbands_flatness_db": {"dmean2": 0.049991928041, "median": 0.195755034685, "min": 0.0296679250896, "dvar2": 0.00249637058005, "dvar": 0.00105935137253, "dmean": 0.0327362790704, "max": 0.65051060915, "var": 0.0126071730629, "mean": 0.226722568274}, "barkbands": {"dmean2": [0.000255294260569, 0.0101912645623, 0.0109944241121, 0.00529687106609, 0.00516629731283, 0.000666894717142, 0.000602089974564, 0.000725502497517, 0.000648648885544, 0.000395661161747, 0.000361766462447, 0.000439878582256, 0.000291590113193, 0.000501761154737, 0.000422163517214, 0.000362712307833, 0.000166061770869, 0.000225270705414, 0.000331836403348, 0.000247418793151, 0.000157042901265, 0.000206735974643, 0.00027047493495, 0.000290917785605, 0.000452322216006, 0.000276102218777, 0.000163745382451], "median": [1.04974151327e-05, 0.00347188743763, 0.00309259491041, 0.00194437953178, 0.00544413179159, 0.000455994217191, 0.000458651920781, 0.000543078989722, 0.000463758624392, 0.000229620025493, 0.000214866711758, 0.000345460779499, 0.000199806818273, 0.000346231303411, 0.000292342738248, 0.000255345163168, 8.37292318465e-05, 0.00016164178669, 0.000325516040903, 0.000195561049622, 0.000117184674309, 0.00011619340512, 0.000185470722499, 0.000230025252677, 0.00019741752476, 7.67543679103e-05, 3.37507881341e-05], "min": [1.04210917673e-10, 8.73891237152e-11, 2.66037220031e-10, 1.46717338279e-09, 8.7914653335e-09, 1.08317150804e-08, 3.8503440436e-09, 9.64001856119e-09, 8.26536776799e-08, 2.66668802595e-08, 5.51371348578e-09, 1.37017588386e-08, 4.03378219715e-09, 6.38101793626e-09, 2.68096655986e-09, 2.60477728276e-09, 8.9669834058e-11, 2.82566831045e-10, 1.95031324424e-10, 8.57394190368e-12