{"tonal": {"thpcp": [1, 0.619536936283, 0.391609221697, 0.329409986734, 0.477577596903, 0.834768891335, 0.887417733669, 0.721125662327, 0.695048451424, 0.535540938377, 0.352860838175, 0.408301562071, 0.493876636028, 0.58006221056, 0.786472499371, 0.831040561199, 0.546654462814, 0.309427201748, 0.301526516676, 0.397752135992, 0.541421771049, 0.534946918488, 0.370031774044, 0.267112493515, 0.222084343433, 0.245748788118, 0.385095387697, 0.45360994339, 0.448452442884, 0.623026847839, 0.72580063343, 0.556005120277, 0.413341164589, 0.388281136751, 0.55911308527, 0.962685823441], "hpcp": {"dmean2": [0.257543951273, 0.208808228374, 0.171000018716, 0.163651630282, 0.181695103645, 0.195926263928, 0.202425986528, 0.168163120747, 0.140345096588, 0.122090727091, 0.125351056457, 0.162298694253, 0.190836936235, 0.204011663795, 0.231930181384, 0.239675268531, 0.234415531158, 0.209396898746, 0.217131704092, 0.261795282364, 0.290591984987, 0.297407180071, 0.26822578907, 0.218338012695, 0.196128427982, 0.234261900187, 0.283229619265, 0.30394411087, 0.306398481131, 0.269515961409, 0.222861766815, 0.197382628918, 0.189658761024, 0.214084386826, 0.236541718245, 0.259149044752], "median": [0.0840228423476, 0.0512009672821, 0.0226890575141, 0.0147061329335, 0.0201844144613, 0.0411813259125, 0.0467520318925, 0.0313648842275, 0.0135250622407, 0.00849539786577, 0.0115808639675, 0.0270771104842, 0.036031011492, 0.0400941409171, 0.0344853624701, 0.0341358520091, 0.02739309147, 0.0161596015096, 0.0136836161837, 0.0279574040323, 0.0659128427505, 0.0842366814613, 0.0541556589305, 0.0154801998287, 0.0102045768872, 0.0220339111984, 0.0493725091219, 0.0640464872122, 0.0551462247968, 0.0267452001572, 0.0160380601883, 0.0168416295201, 0.0179276503623, 0.0255977250636, 0.0403407216072, 0.0717150345445], "min": [0, 0, 0, 0, 0, 0, 0, 0, 0, 0, 0, 0, 0, 0, 0, 0, 0, 0, 0, 0, 0, 0, 0, 0, 0, 0, 0, 0, 0, 0, 0, 0, 0, 0, 0, 0], "dvar2": [0.104446515441, 0.0863583683968, 0.0860208794475, 0.082925952971, 0.0965917184949, 0.0892313271761, 0.09343675524, 0.0735765621066, 0.0710055083036, 0.0588025860488, 0.0565704442561, 0.0691384375095, 0.0763405114412, 0.0811735764146, 0.107090711594, 0.120799385011, 0.1147031039, 0.102790124714, 0.116708546877, 0.129121080041, 0.141226828098, 0.139357164502, 0.123923771083, 0.117711998522, 0.104865640402, 0.120420649648, 0.13650368154, 0.149251282215, 0.146456301212, 0.138256520033, 0.11114037782, 0.102562852204, 0.102801434696, 0.109330870211, 0.109419353306, 0.109554775059], "dvar": [0.0422016084194, 0.0339752212167, 0.0309585463256, 0.0298246722668, 0.0354405604303, 0.0354268141091, 0.0348300561309, 0.0270663797855, 0.026333976537, 0.0216760337353, 0.0210349708796, 0.0266146045178, 0.0296841189265, 0.0314557775855, 0.0427269525826, 0.047603264451, 0.0430918969214, 0.0393947213888, 0.0447275862098, 0.0478245206177, 0.0537444986403, 0.0539604872465, 0.0452840775251, 0.0437198728323, 0.0387911014259, 0.0451953969896, 0.054646499455, 0.0569037012756, 0.0556338950992, 0.0528847463429, 0.0428043603897, 0.0368951708078, 0.037714060396, 0.0412581190467, 0.0418986305594, 0.0424249880016], "dmean": [0.15306070447, 0.122718624771, 0.0947268903255, 0.0914348810911, 0.103935353458, 0.115682162344, 0.118581429124, 0.0961055383086, 0.0789715349674, 0.0686328262091, 0.0711238011718, 0.0944975465536, 0.111729621887, 0.117410585284, 0.134968578815, 0.139746665955, 0.134641751647, 0.119289577007, 0.12024217099, 0.147717505693, 0.167979806662, 0.173111736774, 0.154312610626, 0.12184150517, 0.10768263787, 0.132790118456, 0.164004668593, 0.174991115928, 0.176925763488, 0.152460902929, 0.127057760954, 0.109625712037, 0.106639072299, 0.121932826936, 0.135759562254, 0.151606172323], "max": [1, 1, 1, 1, 1, 1, 1, 1, 1, 1, 1, 1, 1, 1, 1, 1, 1, 1, 1, 1, 1, 1, 1, 1, 1, 1, 1, 1, 1, 1, 1, 1, 1, 1, 1, 1], "var": [0.0794310644269, 0.044084072113, 0.0242286138237, 0.0263038966805, 0.0408456288278, 0.0542716942728, 0.0461150296032, 0.0279184151441, 0.0261720344424, 0.0202192086726, 0.0210691597313, 0.0331052914262, 0.0373053923249, 0.0334160625935, 0.0680768862367, 0.0871860235929, 0.0582384616137, 0.0419446602464, 0.0428472682834, 0.0549146533012, 0.109180644155, 0.109380058944, 0.0558388829231, 0.0403146408498, 0.0354917086661, 0.046867646277, 0.0949991345406, 0.0990338921547, 0.0712657421827, 0.0856390744448, 0.06058075279, 0.0315708331764, 0.0419384539127, 0.0523237511516, 0.0557454563677, 0.0755934566259], "mean": [0.213907986879, 0.14070764184, 0.0796458721161, 0.0776122510433, 0.102380514145, 0.139360755682, 0.137694150209, 0.0952453538775, 0.0687541589141, 0.0571640133858, 0.0632551908493, 0.0991226956248, 0.116758190095, 0.115430660546, 0.160365715623, 0.186819463968, 0.143114477396, 0.106393091381, 0.0999426990747, 0.143914461136, 0.247793182731, 0.257397770882, 0.159467428923, 0.10079934448, 0.0847893953323, 0.122927412391, 0.214867651463, 0.228419348598, 0.185616135597, 0.178903922439, 0.137847051024, 0.0908255949616, 0.105095915496, 0.127122744918, 0.149306714535, 0.20243626833]}, "tuning_equal_tempered_deviation": 0.138556584716, "chords_changes_rate": 0.0840185880661, "key_key": "A", "tuning_diatonic_strength": 0.575838625431, "key_scale": "major", "chords_number_rate": 0.00536288879812, "tuning_frequency": 443.828887939, "tuning_nontempered_energy_ratio": 0.838100254536, "chords_histogram": [13.2999639511, 1.64461922646, 12.4776544571, 2.28816580772, 7.61530208588, 0.286020725965, 6.36396121979, 0.0357525907457, 5.54165172577, 0.107257775962, 3.03897023201, 0.929567396641, 3.11047554016, 0.250268131495, 1.85913479328, 0, 3.21773338318, 0.393278509378, 0.858062207699, 0.178762957454, 4.71934223175, 4.00429010391, 23.8112258911, 3.96853780746], "key_strength": 0.673585355282, "chords_key": "D", "chords_strength": {"dmean2": 0.0117415171117, "median": 0.608636915684, "min": 0.266791880131, "dvar2": 0.000103129830677, "dvar": 9.83975696727e-05, "dmean": 0.0115878907964, "max": 0.824503302574, "var": 0.00965896528214, "mean": 0.594782590866}, "chords_scale": "major", "hpcp_entropy": {"dmean2": 1.15168297291, "median": 2.07633471489, "min": 0, "dvar2": 0.808269917965, "dvar": 0.291993558407, "dmean": 0.684844136238, "max": 4.39324426651, "var": 0.602533876896, "mean": 2.0671889782}}, "metadata": {"audio_properties": {"equal_loudness": 0, "codec": "flac", "downmix": "mix", "sample_rate": 44100, "analysis_sample_rate": 44100, "bit_rate": 0, "md5_encoded": "709c4f99bfaf75f8ad15a4afdcf3090f", "length": 129.813339233, "replay_gain": -10.9670658112, "lossless": true}, "version": {"essentia_build_sha": "2d9f1f26377add8aeb1075a9c2973f962c4f09fd", "essentia": "2.1-beta2", "extractor": "music 1.0", "essentia_git_sha": "v2.1_beta2-1-ge3940c0"}, "tags": {"title": ["Me And The Wine And The City Lights"], "barcode": ["826853010993"], "media": ["CD"], "albumartist": ["Lee Hazlewood"], "tracktotal": ["25"], "initialkey": ["A"], "releasetype": ["album", "compilation"], "musicbrainz_recordingid": ["09128dd6-360f-4a8e-81ab-50b90d1bac0c"], "artistsort": ["Hazlewood, Lee"], "musicbrainz_releasegroupid": ["727f37fe-2d81-4b46-9b94-4bc864d7065f"], "musicbrainz_albumartistid": ["56d9908f-548e-40c1-837f-cd006d79d3a0"], "originalyear": ["2013"], "musicbrainz_releasetrackid": ["9e2bd2ed-11d1-4571-af41-37f463ed2cb9"], "discnumber": ["2"], "album": ["There's A Dream I've Been Saving: Lee Hazlewood Industries 1966-1971 (Disc 2: I Was Born Running Wild The Victim Of A Woman Child)"], "catalognumber": ["LITA 109"], "releasecountry": ["US"], "file_name": "24 Lee Hazlewood - Me and the Wine and the City Lights.flac", "compilation": ["1"], "originaldate": ["2013-11-26"], "date": ["2013-11-26"], "genre": ["Pop"], "disctotal": ["6"], "discsubtitle": ["I Was Born Running Wild the Victim of a Woman Child"], "musicbrainz_artistid": ["56d9908f-548e-40c1-837f-cd006d79d3a0"], "asin": ["B00FBAQ3U0"], "musicbrainz_albumid": ["e08c1730-d92f-42f1-91a6-9832943fd781"], "artist": ["Lee Hazlewood"], "tracknumber": ["24"], "composer": ["Jean Peloquin"], "bpm": ["92"], "label": ["Light in the Attic Records"], "albumartistsort": ["Hazlewood, Lee"], "script": ["Latn"], "releasestatus": ["official"]}}, "rhythm": {"bpm_histogram_first_peak_bpm": {"dmean2": 0, "median": 92, "min": 92, "dvar2": 0, "dvar": 0, "dmean": 0, "max": 92, "var": 0, "mean": 92}, "bpm": 91.8317718506, "bpm_histogram_second_peak_spread": {"dmean2": 0, "median": 0.333333313465, "min": 0.333333313465, "dvar2": 0, "dvar": 0, "dmean": 0, "max": 0.333333313465, "var": 0, "mean": 0.333333313465}, "bpm_histogram_first_peak_weight": {"dmean2": 0, "median": 0.857142865658, "min": 0.857142865658, "dvar2": 0, "dvar": 0, "dmean": 0, "max": 0.857142865658, "var": 0, "mean": 0.857142865658}, "onset_rate": 3.87416648865, "beats_position": [0.696598649025, 1.40480720997, 2.12462592125, 2.85605430603, 3.58748292923, 4.31891155243, 5.01551008224, 5.6888885498, 6.35065746307, 7.01242637634, 7.67419481277, 8.33596324921, 8.98612213135, 9.63628101349, 10.2980499268, 10.95981884, 11.6099767685, 12.2601356506, 12.933514595, 13.6068935394, 14.2802715302, 14.9304304123, 15.6038093567, 16.2771873474, 16.9505672455, 17.6123352051, 18.2741031647, 18.9242630005, 19.574420929, 20.2361907959, 20.8979587555, 21.548116684, 22.2098865509, 22.8716545105, 23.5218143463, 24.1835823059, 24.8453502655, 25.4955101013, 26.1572780609, 26.8190479279, 27.4692058563, 28.142583847, 28.7927436829, 29.4545116425, 30.1162815094, 30.778049469, 31.4398174286, 32.1015853882, 32.7633552551, 33.4135131836, 34.0636711121, 34.725440979, 35.3872108459, 36.0373687744, 36.6991386414, 37.3609046936, 38.0226745605, 38.672832489, 39.334602356, 39.9847602844, 40.6349182129, 41.2850799561, 41.9352378845, 42.585395813, 43.2355537415, 43.8857116699, 44.5358734131, 45.1860313416, 45.8478012085, 46.5095672607, 47.1597251892, 47.8098869324, 48.4600448608, 49.1102027893, 49.7603607178, 50.4105224609, 51.0606803894, 51.7224464417, 52.3842163086, 53.0343742371, 53.696144104, 54.3579139709, 55.0080718994, 55.6582298279, 56.3083877563, 56.9585494995, 57.608707428, 58.2704734802, 58.9322433472, 59.5824012756, 60.2325630188, 60.8827209473, 61.5328788757, 62.1830368042, 62.8331947327, 63.4949645996, 64.1567306519, 64.806892395, 65.4570541382, 66.107208252, 66.7573699951, 67.4075241089, 68.0576858521, 68.7078475952, 69.358001709, 69.9965515137, 70.6351013184, 71.2852630615, 71.9354171753, 72.5855789185, 73.2357330322, 73.8858947754, 74.5360565186, 75.1745986938, 75.8131484985, 76.4633102417, 77.1134643555, 77.7636260986, 78.4137878418, 79.0639419556, 79.7141036987, 80.3642578125, 81.0144195557, 81.6645812988, 82.3147354126, 82.9648971558, 83.6150588989, 84.2652130127, 84.9153747559, 85.5655288696, 86.2040786743, 86.842628479, 87.4927902222, 88.1429443359, 88.7931060791, 89.4432601929, 90.093421936, 90.7435836792, 91.393737793, 92.0438995361, 92.7056655884, 93.36743927, 94.0175933838, 94.667755127, 95.3179092407, 95.9564590454, 96.6066207886, 97.2567749023, 97.895324707, 98.5570983887, 99.2188644409, 99.8690261841, 100.519180298, 101.169342041, 101.831108093, 102.481269836, 103.143035889, 103.793197632, 104.443351746, 105.093513489, 105.755279541, 106.417053223, 107.067207336, 107.71736908, 108.367523193, 109.017684937, 109.66784668, 110.329612732, 110.991378784, 111.641540527, 112.291702271, 112.953468323, 113.615234375, 114.265396118, 114.915550232, 115.565711975, 116.227478027, 116.889251709, 117.527801514, 118.166343689, 118.816505432, 119.466667175, 120.116821289, 120.755371094, 121.393920898, 122.044082642, 122.694236755, 123.33278656, 123.971336365, 124.621498108, 125.271652222, 125.921813965, 126.571968079, 127.222129822, 127.872291565, 128.522445679, 129.172607422], "beats_loudness": {"dmean2": 0.0276934914291, "median": 0.0300468113273, "min": 4.16956709159e-08, "dvar2": 0.000604510132689, "dvar": 0.00022304385493, "dmean": 0.0160164851695, "max": 0.0908806473017, "var": 0.000389266177081, "mean": 0.0317370072007}, "danceability": 1.1988863945, "bpm_histogram_second_peak_weight": {"dmean2": 0, "median": 0.0204081628472, "min": 0.0204081628472, "dvar2": 0, "dvar": 0, "dmean": 0, "max": 0.0204081628472, "var": 0, "mean": 0.0204081628472}, "beats_count": 197, "bpm_histogram_second_peak_bpm": {"dmean2": 0, "median": 82, "min": 82, "dvar2": 0, "dvar": 0, "dmean": 0, "max": 82, "var": 0, "mean": 82}, "bpm_histogram_first_peak_spread": {"dmean2": 0, "median": 0.115789532661, "min": 0.115789532661, "dvar2": 0, "dvar": 0, "dmean": 0, "max": 0.115789532661, "var": 0, "mean": 0.115789532661}, "beats_loudness_band_ratio": {"dmean2": [0.366412132978, 0.29493060708, 0.335095435381, 0.202873498201, 0.0719660818577, 0.12498254329], "median": [0.321423888206, 0.236334472895, 0.212038874626, 0.0411649793386, 0.0393269062042, 0.0382189527154], "min": [0.0314189121127, 0.0241025462747, 0.0120238829404, 0.00234266812913, 0.00441745715216, 0.00345503631979], "dvar2": [0.0554451681674, 0.047795984894, 0.0641208738089, 0.0416207239032, 0.00469017447904, 0.00701226107776], "dvar": [0.0203232094646, 0.0163346957415, 0.0233694761992, 0.0136769926175, 0.00161099736579, 0.00346926017664], "dmean": [0.206342428923, 0.163006186485, 0.189539268613, 0.109029859304, 0.0394010432065, 0.0666255652905], "max": [0.821623384953, 0.680164635181, 0.775747060776, 0.656188666821, 0.265867501497, 0.876826405525], "var": [0.0325315333903, 0.0217214524746, 0.0300679430366, 0.0112086459994, 0.00149312266149, 0.0153278643265], "mean": [0.3276078403, 0.264170557261, 0.259174108505, 0.0874225050211, 0.0495417639613, 0.078178845346]}}, "lowlevel": {"barkbands_spread": {"dmean2": 6.36832141876, "median": 9.50935745239, "min": 1.56052017212, "dvar2": 86.6511764526, "dvar": 37.3265953064, "dmean": 4.24305057526, "max": 121.3802948, "var": 245.160873413, "mean": 14.3164329529}, "melbands_spread": {"dmean2": 6.17150068283, "median": 9.76672744751, "min": 1.20727682114, "dvar2": 106.183876038, "dvar": 39.9898300171, "dmean": 4.07899951935, "max": 187.393432617, "var": 395.180114746, "mean": 14.8290424347}, "hfc": {"dmean2": 4.5304069519, "median": 4.40234375, "min": 2.26312295126e-05, "dvar2": 59.8326416016, "dvar": 35.2052726746, "dmean": 3.52292966843, "max": 93.8772583008, "var": 196.454315186, "mean": 10.7974853516}, "barkbands_kurtosis": {"dmean2": 5.26802968979, "median": 5.69778728485, "min": -1.89118242264, "dvar2": 37.8841056824, "dvar": 16.0383262634, "dmean": 3.43423199654, "max": 75.9661483765, "var": 49.082736969, "mean": 7.33807134628}, "gfcc": {"mean": [-95.9145202637, 125.371543884, -100.812782288, 28.0635166168, -55.3222465515, -4.23347187042, -36.3535118103, -6.15117025375, -14.3194169998, 0.134009405971, -10.437420845, -4.22260665894, -12.9641170502], "icov": [[0.000420113821747, -0.000844939495437, 0.00100822083186, -0.000692882924341, 0.00120727217291, -0.00105108995922, 0.00130911567248, -0.00145241175778, 0.000756102788728, -0.000750024104491, 0.0007010740228, -0.000990680418909, 0.000711874803528], [-0.000844939495437, 0.00246045459062, -0.00166907592211, 0.00159735546913, -0.00268656294793, 0.00266136787832, -0.003229763126, 0.0037525286898, -0.00190301425755, 0.00157547625713, -0.00190550182015, 0.00239519658498, -0.00177516462281], [0.00100822083186, -0.00166907592211, 0.00433769356459, -0.00184251298197, 0.00208559609018, -0.00262635806575, 0.00276989070699, -0.00264571071602, 0.00226294621825, -0.00292776059359, 0.00284265563823, -0.00479128351435, 0.00193001283333], [-0.000692882924341, 0.00159735546913, -0.00184251298197, 0.00379918632098, -0.00115752778947, 0.0023306037765, -0.00173713837285, 0.00370081840083, -0.00251891999505, 0.000901020306628, -0.00035034364555, 3.43044266629e-05, -0.0018022810109], [0.00120727217291, -0.00268656294793, 0.00208559609018, -0.00115752778947, 0.00745518738404, -0.0023051823955, 0.00406483607367, -0.00366722769104, 0.00173847214319, -0.00251111201942, 0.00169768417254, -0.0015306158457, 2.81410320895e-05], [-0.00105108995922, 0.00266136787832, -0.00262635806575, 0.0023306037765, -0.0023051823955, 0.00908248871565, -0.00595769193023, 0.00522493384778, -0.00259517785162, 0.000409479573136, 0.000824843766168, 0.00158916588407, 0.00218432769179], [0.00130911567248, -0.003229763126, 0.00276989070699, -0.00173713837285, 0.00406483607367, -0.00595769193023, 0.0140510657802, -0.00864757224917, 0.005501142703, -0.000588228343986, -0.002369918162, 0.000270885619102, -0.000286042719381], [-0.00145241175778, 0.0037525286898, -0.00264571071602, 0.00370081840083, -0.00366722769104, 0.00522493384778, -0.00864757224917, 0.0178485084325, -0.00455173430964, 0.00296991108917, -0.000872165546753, 0.00192118133418, -0.00238288799301], [0.000756102788728, -0.00190301425755, 0.00226294621825, -0.00251891999505, 0.00173847214319, -0.00259517785162, 0.005501142703, -0.00455173430964, 0.0114923054352, -0.00283053983003, -0.000653265509754, -0.000600959174335, 0.00177992938552], [-0.000750024104491, 0.00157547625713, -0.00292776059359, 0.000901020306628, -0.00251111201942, 0.000409479573136, -0.000588228343986, 0.00296991108917, -0.00283053983003, 0.0154024083167, -0.0039480952546, 0.00546888262033, -0.00451553240418], [0.0007010740228, -0.00190550182015, 0.00284265563823, -0.00035034364555, 0.00169768417254, 0.000824843766168, -0.002369918162, -0.000872165546753, -0.000653265509754, -0.0039480952546, 0.0187339223921, -0.00946830492467, 0.00553735857829], [-0.000990680418909, 0.00239519658498, -0.00479128351435, 3.43044266629e-05, -0.0015306158457, 0.00158916588407, 0.000270885619102, 0.00192118133418, -0.000600959174335, 0.00546888262033, -0.00946830492467, 0.022882450372, -0.00822782889009], [0.000711874803528, -0.00177516462281, 0.00193001283333, -0.0018022810109, 2.81410320895e-05, 0.00218432769179, -0.000286042719381, -0.00238288799301, 0.00177992938552, -0.00451553240418, 0.00553735857829, -0.00822782889009, 0.0244326815009]], "cov": [[20173.2460938, 3085.12866211, -2717.20410156, 354.759094238, -1243.5032959, 187.55128479, -76.2772674561, 214.642593384, 154.446838379, -85.3313674927, 49.9655761719, -163.242401123, -211.42414856], [3085.12866211, 2254.01538086, -612.539916992, -327.694702148, 191.930084229, -215.210784912, 153.916503906, -27.3022232056, 44.4172859192, -32.6220169067, 131.663772583, -125.948753357, 34.7310791016], [-2717.20410156, -612.539916992, 940.120178223, 210.76272583, 87.3336181641, 48.5797424316, -88.1495056152, -66.7717590332, -34.4211235046, 63.6085510254, -58.7557792664, 123.638656616, 33.1763420105], [354.759094238, -327.694702148, 210.76272583, 608.410644531, -89.3918380737, -31.6676635742, -134.326705933, -67.3352737427, 64.0772247314, 29.5876693726, -33.3964004517, 86.6364364624, 26.4243373871], [-1243.5032959, 191.930084229, 87.3336181641, -89.3918380737, 340.670379639, -63.9279022217, -4.02501296997, -18.7662639618, 4.53161382675, 21.3752861023, 7.79413747787, -15.160410881, 36.8770027161], [187.55128479, -215.210784912, 48.5797424316, -31.6676635742, -63.9279022217, 236.123947144, 38.2984809875, -0.222130328417, -13.3420772552, 8.41787338257, -27.4824638367, -9.15471172333, -42.2103729248], [-76.2772674561, 153.916503906, -88.1495056152, -134.326705933, -4.02501296997, 38.2984809875, 186.324905396, 50.8680343628, -46.042427063, -23.1077671051, 33.4167785645, -30.5914211273, -4.60876655579], [214.642593384, -27.3022232056, -66.7717590332, -67.3352737427, -18.7662639618, -0.222130328417, 50.8680343628, 106.528160095, -2.84238791466, -14.4554080963, 4.77438831329, -8.33032608032, -3.25529241562], [154.446838379, 44.4172859192, -34.4211235046, 64.0772247314, 4.53161382675, -13.3420772552, -46.042427063, -2.84238791466, 127.234863281, 17.9547233582, 7.16105556488, -1.83105456829, -1.64617919922], [-85.3313674927, -32.6220169067, 63.6085510254, 29.5876693726, 21.3752861023, 8.41787338257, -23.1077671051, -14.4554080963, 17.9547233582, 86.1291809082, 0.280973404646, -1.48284077644, 8.86337375641], [49.9655761719, 131.663772583, -58.7557792664, -33.3964004517, 7.79413747787, -27.4824638367, 33.4167785645, 4.77438831329, 7.16105556488, 0.280973404646, 85.3572311401, 12.4758710861, -2.02063393593], [-163.242401123, -125.948753357, 123.638656616, 86.6364364624, -15.160410881, -9.15471172333, -30.5914211273, -8.33032608032, -1.83105456829, -1.48284077644, 12.4758710861, 88.457359314, 18.7151889801], [-211.42414856, 34.7310791016, 33.1763420105, 26.4243373871, 36.8770027161, -42.2103729248, -4.60876655579, -3.25529241562, -1.64617919922, 8.86337375641, -2.02063393593, 18.7151889801, 60.818939209]]}, "spectral_energyband_middle_low": {"dmean2": 0.00620491569862, "median": 0.00740029476583, "min": 4.69934473279e-11, "dvar2": 8.84229739313e-05, "dvar": 4.3382140575e-05, "dmean": 0.00430842954665, "max": 0.13749346137, "var": 0.000196814522496, "mean": 0.0125732310116}, "melbands_crest": {"dmean2": 5.01044511795, "median": 12.1118469238, "min": 4.14171266556, "dvar2": 17.6356983185, "dvar": 6.68331432343, "dmean": 3.04663920403, "max": 29.9289875031, "var": 17.2592449188, "mean": 12.7646522522}, "spectral_kurtosis": {"dmean2": 5.3748216629, "median": 5.68093967438, "min": -1.18781125546, "dvar2": 41.0685272217, "dvar": 16.7384262085, "dmean": 3.35563850403, "max": 58.5565185547, "var": 46.4741439819, "mean": 7.69870328903}, "spectral_rms": {"dmean2": 0.000896150770131, "median": 0.00335656711832, "min": 1.3160679373e-06, "dvar2": 1.13969701943e-06, "dvar": 5.80465950861e-07, "dmean": 0.000625641550869, "max": 0.0121497623622, "var": 4.44004444944e-06, "mean": 0.00365885882638}, "zerocrossingrate": {"dmean2": 0.00901381205767, "median": 0.03173828125, "min": 0.00732421875, "dvar2": 0.000136489587021, "dvar": 0.000126799553982, "dmean": 0.00791101250798, "max": 0.57470703125, "var": 0.00733047630638, "mean": 0.052684430033}, "silence_rate_60dB": {"dmean2": 0.0715563520789, "median": 0, "min": 0, "dvar2": 0.081825338304, "dvar": 0.0344933494925, "dmean": 0.0357717759907, "max": 1, "var": 0.125762552023, "mean": 0.147532194853}, "erbbands_kurtosis": {"dmean2": 2.01512289047, "median": 0.669954061508, "min": -1.78349649906, "dvar2": 5.29510259628, "dvar": 2.39777398109, "dmean": 1.34834778309, "max": 25.0169506073, "var": 6.66900348663, "mean": 1.29775059223}, "erbbands": {"dmean2": [0.019534599036, 0.476841151714, 1.943567276, 3.35953021049, 6.72948551178, 6.43784236908, 11.2129573822, 23.8539772034, 26.9891834259, 22.3727207184, 25.9942188263, 22.3021583557, 17.9516124725, 8.08932209015, 8.71338367462, 10.893280983, 13.1225290298, 14.274474144, 11.08390522, 9.37178516388, 5.4434299469, 5.53894138336, 2.95415639877, 2.59980273247, 3.79761362076, 2.82615423203, 1.7017749548, 1.59002506733, 1.94532823563, 2.47310638428, 0.829110205173, 1.7371789217, 0.433582186699, 0.13711309433, 0.0789777636528, 0.0256890747696, 0.0109863635153, 0.00365471839905, 0.000174471409991, 1.30692915263e-05], "median": [0.0185031313449, 0.261680662632, 0.947763383389, 2.35664653778, 3.99386572838, 3.85203409195, 6.56318664551, 11.1718215942, 12.4088420868, 7.37528896332, 3.99619722366, 2.64418935776, 2.09890985489, 1.43444776535, 1.48660421371, 1.73668789864, 1.9627892971, 1.99222278595, 1.70471978188, 2.02598237991, 1.51760983467, 1.12489557266, 0.818866610527, 0.827270746231, 1.12714099884, 0.951051712036, 0.288888633251, 0.212607860565, 0.290298581123, 0.204756617546, 0.085346698761, 0.0472083166242, 0.0170838087797, 0.00768423266709, 0.00311166187748, 0.000962151680142, 0.000321507221088, 0.000101253819594, 2.70798154816e-05, 1.4903277588e-05], "min": [3.11782044626e-10, 3.10842152018e-09, 1.2740557942e-08, 1.76229786319e-08, 2.13534061544e-08, 5.62916895319e-08, 1.19213751759e-07, 9.92201307781e-08, 4.46104628793e-08, 3.36413172874e-08, 5.7072085724e-08, 1.74010693854e-07, 1.03298781085e-07, 3.48190987154e-08, 2.43408806e-07, 3.41521342762e-07, 4.81893152937e-07, 7.22290849353e-07, 5.3335480743e-07, 2.59710554928e-06, 1.40823055972e-06, 7.15450880762e-07, 9.02168153516e-07, 1.33535866098e-06, 5.35805725121e-07, 5.14437772381e-07, 1.18154616757e-06, 2.40291024056e-06, 3.51468065674e-06, 2.43600993599e-06, 2.90585671792e-06, 2.29806528296e-06, 1.09894449452e-06, 9.71605572886e-07, 1.32688842314e-06, 8.48905415296e-07, 7.82104791597e-07, 3.19997866427e-07, 6.86907597469e-08, 9.67017044218e-09], "dvar2": [0.00101501401514, 0.653279960155, 14.6435680389, 21.2684059143, 155.875320435, 123.942131042, 508.078674316, 2505.90136719, 5183.13574219, 2931.45385742, 5603.09960938, 5735.72753906, 5198.28808594, 601.88092041, 626.240722656, 1197.35095215, 1462.60571289, 1959.36047363, 1172.84448242, 706.547790527, 131.611816406, 164.695327759, 44.9798812866, 37.9625549316, 62.3399085999, 35.9642944336, 20.7373943329, 18.0035305023, 28.2234382629, 66.8782958984, 5.15669631958, 34.4253005981, 2.08908081055, 0.195543676615, 0.0773330032825, 0.00719935679808, 0.00149620953016, 0.000167462858371, 3.70853939557e-07, 5.70187230764e-10], "dvar": [0.000409694679547, 0.231227874756, 5.38970994949, 8.55143547058, 60.7511253357, 44.2663764954, 196.639480591, 1265.41113281, 2883.60961914, 1359.28491211, 2686.63085938, 3067.83325195, 3441.32666016, 436.73538208, 365.869628906, 662.386352539, 929.184326172, 1126.66662598, 626.567565918, 348.304779053, 67.1254043579, 82.9158630371, 21.1493434906, 17.3758029938, 32.350894928, 17.2996349335, 10.4824380875, 9.26538562775, 13.7229814529, 27.9599246979, 2.57802248001, 12.7416448593, 0.804261565208, 0.0985788628459, 0.0356750525534, 0.00345682632178, 0.000637675286271, 6.44003739581e-05, 1.55884848141e-07, 2.67602773274e-10], "dmean": [0.0117523260415, 0.275682300329, 1.13135957718, 2.11018371582, 4.18345212936, 3.86162185669, 7.12582302094, 15.8111066818, 18.9036979675, 14.8325977325, 17.8991718292, 16.9007129669, 14.8153209686, 6.55770587921, 6.498026371, 8.17221450806, 9.96901416779, 10.5997896194, 7.77171325684, 6.32149887085, 3.76526474953, 3.92864751816, 2.05898594856, 1.82899188995, 2.76092147827, 1.99659001827, 1.24140357971, 1.18118488789, 1.39935791492, 1.65610957146, 0.590261995792, 1.05133628845, 0.263523131609, 0.100133858621, 0.054684586823, 0.0174555592239, 0.0069422419183, 0.00219865981489, 0.000107948268123, 8.94367076398e-06], "max": [0.305382996798, 5.7270321846, 26.1308498383, 36.41796875, 120.808898926, 90.8340988159, 248.977462769, 1008.3649292, 2214.11743164, 839.407836914, 1398.08459473, 1293.18713379, 1871.43273926, 930.591003418, 655.338012695, 775.61541748, 863.936950684, 847.127258301, 669.889953613, 569.102111816, 167.662490845, 260.324981689, 110.595588684, 85.1134567261, 153.918563843, 57.1997108459, 53.4712600708, 41.6507263184, 58.5599060059, 114.161384583, 38.0692253113, 47.2190666199, 14.7168560028, 4.93645811081, 2.50313234329, 0.678228974342, 0.363900542259, 0.113815106452, 0.0053374292329, 0.00021806168661], "var": [0.000567004724871, 0.245717123151, 5.05204200745, 14.9518327713, 72.7800521851, 51.7283554077, 334.417572021, 4636.25683594, 11205.7597656, 2772.45996094, 7015.13378906, 10606.5107422, 14321.2070313, 2075.60400391, 1568.67089844, 2222.4453125, 3570.7578125, 4515.53857422, 1818.32080078, 757.251586914, 222.744812012, 266.856994629, 47.8648452759, 32.2249603271, 109.09211731, 38.1261367798, 17.1762275696, 16.4818687439, 27.0715332031, 44.1056213379, 5.47057437897, 16.9598350525, 0.923190355301, 0.145087689161, 0.0451686829329, 0.00449554622173, 0.000711604661774, 6.73281392665e-05, 1.61526287457e-07, 7.50430495522e-10], "mean": [0.0223381724209, 0.404701203108, 1.59059858322, 3.52878165245, 6.47769880295, 6.03020858765, 12.5211229324, 31.8807945251, 38.0339660645, 25.2647171021, 33.2274436951, 37.4325447083, 33.6313552856, 14.8403282166, 13.665060997, 15.4861812592, 20.1412734985, 21.9022369385, 13.5864658356, 9.80086231232, 6.85988140106, 7.53249692917, 3.54273986816, 3.06125020981, 5.46767282486, 3.43981957436, 1.69573462009, 1.6233433485, 2.14236164093, 2.40159654617, 0.886711835861, 1.31299984455, 0.29317393899, 0.117964848876, 0.0610026158392, 0.0191647727042, 0.00724111264572, 0.00224447436631, 0.000123629826703, 2.53939924733e-05]}, "spectral_strongpeak": {"dmean2": 0.57644289732, "median": 0.350687384605, "min": 4.51283995062e-05, "dvar2": 0.721487522125, "dvar": 0.329034984112, "dmean": 0.3746086061, "max": 7.64090490341, "var": 1.41386318207, "mean": 0.903185844421}, "spectral_energy": {"dmean2": 0.00812344253063, "median": 0.0115482062101, "min": 1.77533565626e-09, "dvar2": 0.000138904157211, "dvar": 6.80390221532e-05, "dmean": 0.00563669810072, "max": 0.15130713582, "var": 0.000341150385793, "mean": 0.0182728413492}, "average_loudness": 0.836628377438, "spectral_rolloff": {"dmean2": 462.252044678, "median": 473.73046875, "min": 107.666015625, "dvar2": 1282861.75, "dvar": 592813.6875, "dmean": 278.273712158, "max": 20004.3457031, "var": 10958601, "mean": 1358.44934082}, "spectral_centroid": {"dmean2": 243.470169067, "median": 656.385986328, "min": 214.010055542, "dvar2": 106232.171875, "dvar": 56395.5546875, "dmean": 171.555908203, "max": 10542.0068359, "var": 373106.1875, "mean": 828.726318359}, "pitch_salience": {"dmean2": 0.116149403155, "median": 0.639997005463, "min": 0.161385983229, "dvar2": 0.00965366140008, "dvar": 0.00366149493493, "dmean": 0.0713237151504, "max": 0.876320898533, "var": 0.00957312900573, "mean": 0.629105210304}, "spectral_energyband_middle_high": {"dmean2": 0.00121890951414, "median": 0.00054948811885, "min": 1.56354401648e-10, "dvar2": 5.95473875364e-06, "dvar": 4.44618081019e-06, "dmean": 0.000977019430138, "max": 0.0591263249516, "var": 3.02694788843e-05, "mean": 0.00273039471358}, "spectral_contrast_coeffs": {"dmean2": [0.0811976641417, 0.0762520506978, 0.0620336160064, 0.051743529737, 0.0340712480247, 0.0284563805908], "median": [-0.654581189156, -0.70365357399, -0.783974468708, -0.786911606789, -0.811750292778, -0.763932168484], "min": [-0.965849936008, -0.960398733616, -0.957170188427, -0.949456989765, -0.963267505169, -0.961738824844], "dvar2": [0.00443720445037, 0.00388542166911, 0.00251640193164, 0.00184909754898, 0.000846920360345, 0.000682246463839], "dvar": [0.00163169857115, 0.00159282854293, 0.00118596269749, 0.00087575649377, 0.000417497532908, 0.000344301282894], "dmean": [0.0488896258175, 0.0476910695434, 0.0403319820762, 0.0344592519104, 0.0226776003838, 0.0194183848798], "max": [-0.28586384654, -0.358962386847, -0.409801334143, -0.481550842524, -0.597747266293, -0.561289608479], "var": [0.00524007203057, 0.00802703201771, 0.00889099948108, 0.00504556205124, 0.00299921934493, 0.00248759565875], "mean": [-0.65662330389, -0.699785590172, -0.765519499779, -0.777256190777, -0.803600132465, -0.769201159477]}, "melbands_skewness": {"dmean2": 0.997456371784, "median": 2.62573647499, "min": -0.608142971992, "dvar2": 0.892755866051, "dvar": 0.38202086091, "dmean": 0.659447789192, "max": 8.79747009277, "var": 2.16023492813, "mean": 2.64459085464}, "spectral_spread": {"dmean2": 758891.75, "median": 3476255.5, "min": 1143736.5, "dvar2": 692070580224, "dvar": 427683020800, "dmean": 541682.3125, "max": 39828324, "var": 4573043884030.0, "mean": 4036026.75}, "dissonance": {"dmean2": 0.0460699424148, "median": 0.448176622391, "min": 0.179195970297, "dvar2": 0.00189646263607, "dvar": 0.000744719407521, "dmean": 0.0282811112702, "max": 0.500000059605, "var": 0.00220460444689, "mean": 0.437233805656}, "spectral_skewness": {"dmean2": 0.555166900158, "median": 1.83483099937, "min": -0.322913765907, "dvar2": 0.298169523478, "dvar": 0.13964420557, "dmean": 0.376460909843, "max": 5.99507045746, "var": 0.62364000082, "mean": 1.95017278194}, "spectral_flux": {"dmean2": 0.0301959700882, "median": 0.0504261255264, "min": 0.000122733647004, "dvar2": 0.00112592242658, "dvar": 0.000535736500751, "dmean": 0.0196057353169, "max": 0.250516861677, "var": 0.00172328867484, "mean": 0.0603209771216}, "spectral_contrast_valleys": {"dmean2": [0.700618445873, 0.652709245682, 0.639957308769, 0.583879172802, 0.452889144421, 0.417831748724], "median": [-7.20839357376, -6.82199668884, -8.17790794373, -8.54028892517, -8.55076599121, -11.5979738235], "min": [-27.3035907745, -27.2621650696, -27.3985481262, -27.3669815063, -27.0927639008, -27.1324138641], "dvar2": [0.351951658726, 0.35006403923, 0.340793132782, 0.351265788078, 0.216453522444, 0.197626769543], "dvar": [0.158919557929, 0.178136050701, 0.188421338797, 0.192461386323, 0.155692100525, 0.165391951799], "dmean": [0.42181840539, 0.423348367214, 0.42567422986, 0.409347236156, 0.371686190367, 0.366056323051], "max": [-5.61525392532, -4.66438484192, -5.55676174164, -5.94862270355, -6.14522171021, -8.26502799988], "var": [2.14750313759, 2.45888161659, 2.30339193344, 2.14688253403, 1.97791099548, 1.57758009434], "mean": [-7.60470819473, -7.14528083801, -8.40327358246, -8.74128818512, -8.74835395813, -11.5380811691]}, "erbbands_flatness_db": {"dmean2": 0.0269670113921, "median": 0.18126231432, "min": 0.0254497304559, "dvar2": 0.000570454169065, "dvar": 0.000345158390701, "dmean": 0.0203197542578, "max": 0.337678104639, "var": 0.00329597317614, "mean": 0.18095099926}, "spectral_energyband_high": {"dmean2": 0.000199172791326, "median": 3.20356048178e-05, "min": 1.3347359884e-09, "dvar2": 3.03897309095e-07, "dvar": 1.52669798581e-07, "dmean": 0.000148244900629, "max": 0.00617655878887, "var": 3.10159180117e-07, "mean": 0.000227234093472}, "spectral_entropy": {"dmean2": 0.295125901699, "median": 7.03345394135, "min": 5.50524187088, "dvar2": 0.0741937682033, "dvar": 0.0443208366632, "dmean": 0.226212337613, "max": 9.8109254837, "var": 0.346055418253, "mean": 7.11912298203}, "silence_rate_20dB": {"dmean2": 0, "median": 1, "min": 1, "dvar2": 0, "dvar": 0, "dmean": 0, "max": 1, "var": 0, "mean": 1}, "melbands_flatness_db": {"dmean2": 0.0374674461782, "median": 0.260835707188, "min": 0.0208232440054, "dvar2": 0.00111811689567, "dvar": 0.000615463708527, "dmean": 0.028229624033, "max": 0.444946706295, "var": 0.00490675820038, "mean": 0.255885839462}, "barkbands": {"dmean2": [5.45877128388e-06, 0.00165011931676, 0.00174187216908, 0.00163944019005, 0.00195395946503, 0.00255680386908, 0.00174159079324, 0.0011987129692, 0.00104481168091, 0.000413171714172, 0.000217913024244, 0.000298537197523, 0.00033187030931, 0.00030751308077, 0.000212222585105, 0.000126641389215, 0.000102537196653, 4.98860172229e-05, 6.51953741908e-05, 6.69681976433e-05, 3.97651601816e-05, 7.31788968551e-05, 2.79937994492e-05, 5.62273271498e-05, 1.10211913125e-05, 6.5444169195e-06, 1.03546710761e-06], "median": [9.4434096809e-07, 0.000983721576631, 0.000774223241024, 0.000906671455596, 0.00132070388645, 0.00135972257704, 0.000725246616639, 0.000162517550052, 0.000114667112939, 4.98472254549e-05, 3.06317233481e-05, 4.01842989959e-05, 4.23450255767e-05, 3.37345445587e-05, 3.46435190295e-05, 2.74297744909e-05, 1.98353445739e-05, 1.33788034873e-05, 1.82907169801e-05, 2.170814696e-05, 5.0507242122e-06, 8.67053404363e-06, 3.12816882797e-06, 1.55829229698e-06, 5.2848957921e-07, 1.88659242895e-07, 1.32225466132e-07], "min": [9.22964937984e-13, 1.26283272034e-11, 1.2258953401e-11, 4.97024166615e-12, 1.50242457364e-11, 1.40217464376e-11, 2.68392382971e-12, 1.66559366126e-12, 7.86564216537e-12, 1.15235642209e-12, 2.90473613045e-12, 8.45332311095e-12, 1.15134620587e-11, 1.18308722194e-11, 2.85556890633e-11, 3.8941346675e-11, 1.16153571136e-11, 1.59991325743e-11, 2.08820998687e-11, 1.0841437123e-11, 3.33319483126e-11, 1.11579710749e-10, 9.78265593532e-11, 7.983507605e-11, 1.3373606389e-10, 3.29571869795e-10, 6.12059625205e-10], "dvar2": [1.9252170691e-10, 7.32670514481e-06, 1.1781727153e-05, 5.88580860494e-06, 1.18158441182e-05, 2.60675478785e-05, 1.94225049199e-05, 1.04948867374e-05, 1.11341832962e-05, 3.49010747414e-06, 4.43244118742e-07, 9.90688704405e-07, 8.60614932208e-07, 8.98888060874e-07, 4.55907127161e-07, 7.76795303636e-08, 5.43801128572e-08, 1.23519354744e-08, 1.86053839002e-08, 1.93891569467e-08, 1.1397714772e-08, 5.22980379003e-08, 5.49302514585e-09, 3.5500658413e-08, 1.29265576021e-09, 4.68954708399e-10, 1.59270426708e-11], "dvar": [8.01772259695e-11, 2.62538605966e-06, 4.39446375822e-06, 2.33225864577e-06, 4.47762658951e-06, 1.25037322505e-05, 1.0648771422e-05, 5.08568018631e-06, 6.15743920207e-06, 2.29844386013e-06, 2.25021693723e-07, 5.38996005162e-07, 5.29067335719e-07, 4.62379830424e-07, 2.16916376417e-07, 3.74022661731e-08, 2.71192472923e-08, 5.74380898399e-09, 9.35013222403e-09, 9.32028321188e-09, 5.85361004113e-09, 2.25737792903e-08, 3.00113600638e-09, 1.31107054102e-08, 6.54437615211e-10, 2.04011696425e-10, 6.56930889895e-12], "dmean": [3.47108448295e-06, 0.000960394972935, 0.00102634902578, 0.00102436181623, 0.00120720430277, 0.00169587205164, 0.00120566459373, 0.000810197438113, 0.000787500699516, 0.00033943267772, 0.000155005909619, 0.000214669475099, 0.000244033231866, 0.000216502216063, 0.000141954311403, 8.4109895397e-05, 7.13402332622e-05, 3.41964805557e-05, 4.70134546049e-05, 4.6625140385e-05, 2.91591386485e-05, 5.04042509419e-05, 2.06158583751e-05, 3.38958088832e-05, 8.00369434728e-06, 4.1687585508e-06, 6.36052959635e-07], "max": [0.000123296107631, 0.0202577356249, 0.0232921354473, 0.0196690224111, 0.0290154777467, 0.0875147879124, 0.123251095414, 0.056463778019, 0.0496823340654, 0.0493102818727, 0.0133453104645, 0.0215932913125, 0.018078096211, 0.0141871413216, 0.0135711655021, 0.00396942254156, 0.00401651114225, 0.00180306786206, 0.00220702867955, 0.00139785709325, 0.00107898889109, 0.00325495493598, 0.00154666230083, 0.00168525509071, 0.000315253797453, 0.000188106292626, 4.23832170782e-05], "var": [1.17803433675e-10, 2.99029488815e-06, 4.24080099037e-06, 3.96049563278e-06, 5.50187678527e-06, 4.29134888691e-05, 3.46800261468e-05, 1.24748303278e-05, 2.19201829168e-05, 9.02853389562e-06, 6.67283359235e-07, 1.64524408319e-06, 2.00060617317e-06, 1.59185276516e-06, 4.71189878226e-07, 8.68222329586e-08, 8.95515057664e-08, 1.15775620202e-08, 2.66855089137e-08, 2.08028172466e-08, 9.90432891257e-09, 3.85742922049e-08, 6.97311142162e-09, 1.68227796138e-08, 9.44818667747e-10, 2.50266446455e-10, 6.03903429e-12], "mean": [6.86189468979e-06, 0.00146060879342, 0.00140037783422, 0.0015845525777, 0.00197840272449, 0.00340597517788, 0.00220077694394, 0.00136495858897, 0.00174791924655, 0.000703563098796, 0.000290106778266, 0.000378011347493, 0.000460603536339, 0.0004018805339, 0.000202187424293, 0.000128857616801, 0.000136774688144, 5.38270287507e-05, 8.6578373157e-05, 7.9047640611e-05, 3.8904210669e-05, 7.56243607611e-05, 3.09913993988e-05, 4.10363390984e-05, 9.28623740037e-06, 4.53773282061e-06, 6.56788301967e-07]}, "erbbands_skewness": {"dmean2": 0.6255453825, "median": 0.928157329559, "min": -2.23061084747, "dvar2": 0.302347868681, "dvar": 0.136971786618, "dmean": 0.427129298449, "max": 4.19281768799, "var": 0.664857447147, "mean": 0.918898761272}, "erbbands_spread": {"dmean2": 12.4743890762, "median": 30.0508079529, "min": 3.71824526787, "dvar2": 182.90184021, "dvar": 87.9008102417, "dmean": 8.58254528046, "max": 133.211730957, "var": 490.858551025, "mean": 35.7697257996}, "melbands_kurtosis": {"dmean2": 10.2555522919, "median": 12.6253099442, "min": -1.48845744133, "dvar2": 169.781173706, "dvar": 70.57421875, "dmean": 6.61509275436, "max": 150.502761841, "var": 208.092697144, "mean": 15.7787446976}, "melbands": {"dmean2": [0.000314934877679, 0.00087398319738, 0.000673863280099, 0.000457495276351, 0.000348718662281, 0.000526901567355, 0.000394889677409, 0.000245835777605, 0.000211573322304, 0.000141606404213, 9.07165522221e-05, 3.63586805179e-05, 2.89995077765e-05, 3.50631198671e-05, 2.85464429908e-05, 2.98622016999e-05, 2.77853760053e-05, 2.0058485461e-05, 1.56701862579e-05, 1.0699059203e-05, 6.2963322307e-06, 6.44198235022e-06, 3.89068827644e-06, 2.20304445975e-06, 2.23305687541e-06, 2.60687374976e-06, 3.12796191793e-06, 1.73220814759e-06, 1.11139956971e-06, 1.0357625797e-06, 9.9347403193e-07, 1.05301558051e-06, 2.00309386855e-06, 1.0060847444e-06, 4.09046151617e-07, 8.40771633648e-07, 1.07324524379e-06, 3.14911744681e-07, 1.64878045439e-07, 1.