{"tonal": {"thpcp": [1, 0.805888354778, 0.530493497849, 0.318456560373, 0.252687066793, 0.420897066593, 0.517826139927, 0.510298192501, 0.782878160477, 0.906452715397, 0.593641340733, 0.412702232599, 0.402209609747, 0.436792135239, 0.630495727062, 0.68526083231, 0.508052229881, 0.436336278915, 0.49973115325, 0.671456813812, 0.993869781494, 0.971408069134, 0.582675695419, 0.39721378684, 0.342630267143, 0.276786029339, 0.29263561964, 0.314830929041, 0.358908385038, 0.525195598602, 0.583244740963, 0.449711710215, 0.34705978632, 0.315975368023, 0.462659776211, 0.826034665108], "hpcp": {"dmean2": [0.268021643162, 0.278966039419, 0.250910460949, 0.249023631215, 0.298368453979, 0.330374389887, 0.351804763079, 0.362956494093, 0.273357212543, 0.223528817296, 0.191930294037, 0.171879902482, 0.174415439367, 0.170514434576, 0.178701207042, 0.223974198103, 0.232830777764, 0.203386932611, 0.178894653916, 0.186039447784, 0.230669811368, 0.308200716972, 0.339280962944, 0.323564589024, 0.286661058664, 0.186350166798, 0.140649780631, 0.177528247237, 0.204105138779, 0.219296053052, 0.273518145084, 0.314750313759, 0.261992484331, 0.225422397256, 0.226005405188, 0.242772743106], "median": [0.0441048890352, 0.0521233603358, 0.0414913631976, 0.029694814235, 0.0321892946959, 0.0530572459102, 0.0999200120568, 0.107000023127, 0.0589247122407, 0.0253090187907, 0.0193676948547, 0.0154023114592, 0.0179682262242, 0.0218627545983, 0.0266815461218, 0.040407218039, 0.0458564683795, 0.0321659110487, 0.0224065706134, 0.0202474351972, 0.0310086589307, 0.0758708119392, 0.106099009514, 0.0694775879383, 0.0350684076548, 0.0220382995903, 0.0195216238499, 0.031083971262, 0.039311721921, 0.0458472520113, 0.0618013329804, 0.0684966370463, 0.0529386773705, 0.0336141698062, 0.0289847478271, 0.0294845234603], "min": [0, 0, 0, 0, 0, 0, 0, 0, 0, 0, 0, 0, 0, 0, 0, 0, 0, 0, 0, 0, 0, 0, 0, 0, 0, 0, 0, 0, 0, 0, 0, 0, 0, 0, 0, 0], "dvar2": [0.132373511791, 0.139996796846, 0.124876916409, 0.129482701421, 0.167918801308, 0.16982807219, 0.161756411195, 0.167829751968, 0.130240648985, 0.120117984712, 0.108373880386, 0.0969923660159, 0.100308969617, 0.092474758625, 0.0891813710332, 0.108045741916, 0.110094353557, 0.0941545665264, 0.0908628255129, 0.0957510694861, 0.112242087722, 0.13932864368, 0.144555032253, 0.141850203276, 0.14305087924, 0.08129619807, 0.0585846118629, 0.0720182955265, 0.0853778123856, 0.0925575271249, 0.112378567457, 0.152624383569, 0.113635219634, 0.117251724005, 0.118633136153, 0.138336360455], "dvar": [0.053953319788, 0.0548828318715, 0.047358289361, 0.0487490780652, 0.0617136135697, 0.0641063824296, 0.0671257078648, 0.0664849728346, 0.0489158928394, 0.0449676588178, 0.0396148897707, 0.0343935415149, 0.0355651378632, 0.0339078307152, 0.0326173119247, 0.0416142493486, 0.0436089150608, 0.0354870334268, 0.0335231460631, 0.0342499092221, 0.0419248640537, 0.0564046725631, 0.0623831264675, 0.0599656589329, 0.0536362789571, 0.0298840943724, 0.0212000589818, 0.0273445602506, 0.033575695008, 0.0346723720431, 0.0448336713016, 0.0652379915118, 0.0434435531497, 0.0420078635216, 0.042731422931, 0.0495905913413], "dmean": [0.153273329139, 0.161214917898, 0.139746323228, 0.137756571174, 0.163467392325, 0.184872478247, 0.202325388789, 0.207945108414, 0.155087068677, 0.123389162123, 0.105828106403, 0.0930434986949, 0.0948289558291, 0.0948709100485, 0.100256331265, 0.12759527564, 0.134476810694, 0.116692081094, 0.0994668155909, 0.102105282247, 0.131156250834, 0.179150849581, 0.201361224055, 0.185120210052, 0.158949077129, 0.102246329188, 0.0778768286109, 0.101510420442, 0.116843558848, 0.124136142433, 0.157557606697, 0.179398804903, 0.149559170008, 0.124379187822, 0.123506806791, 0.133871525526], "max": [1, 1, 1, 1, 1, 1, 1, 1, 1, 1, 1, 1, 1, 1, 1, 1, 1, 1, 1, 1, 1, 1, 1, 1, 1, 1, 1, 1, 1, 1, 1, 1, 1, 1, 1, 1], "var": [0.0686820447445, 0.0725852400064, 0.0472905673087, 0.041315574199, 0.0514066293836, 0.0671441629529, 0.102032385767, 0.0954422354698, 0.0479001179338, 0.0390151776373, 0.0343764685094, 0.0254588220268, 0.0273722112179, 0.0283007305115, 0.0307643413544, 0.0501917824149, 0.059264048934, 0.0410686023533, 0.0333828516304, 0.0278347153217, 0.0427467226982, 0.083858281374, 0.100515365601, 0.0816066712141, 0.0523063093424, 0.024435793981, 0.0171625092626, 0.033928476274, 0.0478658080101, 0.043955847621, 0.0817917361856, 0.107578158379, 0.0503329262137, 0.035653822124, 0.0368895791471, 0.0411562137306], "mean": [0.164597004652, 0.178893968463, 0.13263194263, 0.113909803331, 0.130459651351, 0.175290301442, 0.25945931673, 0.253595471382, 0.152113124728, 0.103696502745, 0.0894469469786, 0.0722576677799, 0.076395355165, 0.0821896567941, 0.0936965048313, 0.137107387185, 0.152261674404, 0.117401592433, 0.0906033143401, 0.082488425076, 0.120781809092, 0.215644344687, 0.26105967164, 0.210384950042, 0.138490453362, 0.0831361636519, 0.0659664049745, 0.109879247844, 0.135183528066, 0.13321827352, 0.204377919436, 0.236638247967, 0.154975816607, 0.107739910483, 0.105000711977, 0.114028811455]}, "tuning_equal_tempered_deviation": 0.248936861753, "chords_changes_rate": 0.0797389298677, "key_key": "E", "tuning_diatonic_strength": 0.585550129414, "key_scale": "minor", "chords_number_rate": 0.00141884223558, "tuning_frequency": 434.193115234, "tuning_nontempered_energy_ratio": 0.91874974966, "chords_histogram": [39.4721908569, 6.03007936478, 6.89557313919, 4.44097614288, 0.681044280529, 5.10783195496, 1.50397276878, 9.88932991028, 0.822928488255, 0.283768445253, 0.0851305350661, 0.837116897106, 0, 0.227014750242, 0, 0.383087396622, 0.794551670551, 0.340522140265, 2.70998859406, 0.283768445253, 0.950624287128, 0, 7.25028371811, 11.0102157593], "key_strength": 0.703029930592, "chords_key": "E", "chords_strength": {"dmean2": 0.014732349664, "median": 0.517639636993, "min": -1, "dvar2": 0.000682221725583, "dvar": 0.000375038798666, "dmean": 0.0129229994491, "max": 0.82804018259, "var": 0.0180840548128, "mean": 0.515610277653}, "chords_scale": "minor", "hpcp_entropy": {"dmean2": 1.20611524582, "median": 2.24593305588, "min": 0, "dvar2": 0.944274127483, "dvar": 0.34588059783, "dmean": 0.713878810406, "max": 4.53743600845, "var": 0.719497919083, "mean": 2.23923325539}}, "metadata": {"audio_properties": {"equal_loudness": 0, "codec": "mp3", "downmix": "mix", "sample_rate": 44100, "analysis_sample_rate": 44100, "bit_rate": 320026, "md5_encoded": "adfb7c14e467b2c2358a5e77cdf70456", "length": 327.262054443, "replay_gain": -13.1568260193, "lossless": false}, "version": {"essentia_build_sha": "cead25079874084f62182a551b7393616cd33d87", "essentia": "2.1-beta2", "extractor": "music 1.0", "essentia_git_sha": "v2.1_beta2-1-ge3940c0"}, "tags": {"title": ["When You're N\u00b01 (club mix)"], "language": ["eng"], "media": ["(CD)"], "albumartist": ["Various Artists"], "musicbrainz_recordingid": ["091e8f20-7077-44e9-8225-566199a729cc"], "musicbrainz_albumartistid": ["89ad4ac3-39f7-470e-963a-56509c546377"], "discnumber": ["01/01"], "originalartist": ["Various Artists"], "album": ["Funky Collector Maxi Club 2"], "musicbrainz album release country": ["FR"], "musicbrainz album type": ["Album", "Compilation"], "musicbrainz album status": ["Official"], "file_name": "15. Gene Chandler - When You're #1.mp3", "artist": ["Gene Chandler"], "acoustid_fingerprint": ["AQADtAvDJJSHR0mCm0KXwPkF5s2GO0fyBNlxHqPi4FOIbupHNPkUPA8qSgppPBJuReh_fMuF_4gZHVX0HeaNnjkUM8eDQ49G3FE5SM2Oiw-iwvURM8nwH7pwJnGE-HmCJmn2I3dQOR7kCT-a6IEfHYqeFFn14Euw5nAcSTguHk8cKRqSZUT4HMeP-TFufFmCaOIeY8dBPR1ikWKCHWkjCw_ORPnwjaKQM0_Q5XA4orKON8dVHjkU6UeUz0Eld3iSECcPP8TxNMfT43rwHMlehIm84VuOS0p5_LA1nDl-RFv24CJvkHuhzCly8TguR3j6CI_RZyk84UHY4TihHOcTcGicLEIfCT90NM-M-_B0tBRKws9xccdRHj-ao2zQH5ai4SN-9A9uNCdqH3fQtXClIUef4x_aI0yPK2h5iM_xAy9-mPBz7HjDTsBz9EW7ED70YasuvDjK7rhRli2a-_jRBUd-mNmFHqFUeDhcQsfQOTpuhOfR6PgR6TB5HDrRoUd6wysuPD3M4Ic7PBfh78KHHF55iD9gncgPf8J_UL_gKjvRFn-QJiGhZ2GEnODb4sMvVD8aKceDZPPhI81_HJdY3MihJbcQpmJOdAyPS0F7hNlxLjr04OiJiyg__Dh3BexcIwxK5sVFWeimFs0a_A_ykoEeI4_BHM0P7sL17Ij_oh0DfZIU_MfP4i40pTlx_OGghS9KFrpOcHmFa8X74UGPJlrCgmclyD8eI1-NWgzCkPOGi4duhB6PL4QZoUdlPanwbSGqhsiZQbMRe3GER1SOyrnw4z5CfkOzjMYP1UTGhzkeHV8-PMdhNQvyPIPwp7GQkRsaRkU_ZOyD3w20ZyHS6miF88fjR6icBaGt4ZKgcdvg9rhiONfReccfBgz8oEyUUSD0SCliZxz-4lrwNTn841025CTkWMhdHFak4nOEmyly8dC45EgZGb1UcPFz9GIRig7xEPojhN_hMTmq45leoznysMGUQXHGHPmMH5cqPHEqXOhXYtMU4rhylNxx5SnyKzh_POHxJkb1DloWZscf4j1-xJHCcBmaddYRkvgJuylm_vgFhw2LOFNy_MSF8sPFIIeW7kZOSQyu5uCkHseTolHdIHwY4Zvx7MH1o2EVhN7xBA1nolYWIjc07ggz-WiXw2OPin7w-DgZobIOdi7h88Nx_MjFE1cmaEf246I-_MG0yEbTJI9xyfiTYz9ybS6eZGHSYS3CqFk-hG7wB5F-pNKD10MpHqof9CmFKRd25fhVaOGHUPLRXccbjTjKHD-FJ0uHHFoqqshypRuugP3x53hCH2GqFOUf_JTwX8STEt9wHs4TXNxx_RCbFrF0NBw6f7g_uHZyPAipE8d_aMut4E6UDrmJxj-OE8-RfguUpQiV_jhV7FWMDyeafEMVJnjEGh5qU0EYR4c-FbmF9qHRJFpwEVeO_MEl6IySI8-ECo2OP8V_5JXxMYF0ncgbCdXBRB7x486RSxae-NAjlAiT49vwJqfw5D3CjNCe40eYT0cknngFZ0l4yFPS4Qj7HM2k5MNzXBnCKHzQe9grhNfRnMV_NHnRM8fxREeuC1r2GuF5XNJwJS-eLPvh8EN2HBqfF36G6Dq8HY-JE-7x45yO_Ie4o1J-XMfOBXp2VBzCKPlxMQt-5AwH_QiTpmPRJVG247JxYXzwqfj0JYirUkSyVOjxHJUkPMEv4Q5OuJhuxD_kaSZCOWhKDw8RPtCyI26P_oGTXpiOH1-OZF-OtMqMv-iPph96PCJxLTGS60N5OFS2I1fawYp03CH-CX6IsMFv4YOWScUF59zRC1dmKL7wC2G-vHjEhdgm48pgB3lmQb2F8NOEJ0LTZ8ckhcNB5kIkMcmcQEs1IT8uCv9Ri2HQJ3ioDM0RPpOgkHpwEY1CHn6Uovoj3EN_sIW5PMhv4V-ObjrG4y9y6Ao_hB0dNFuOF18WHuWFxviDPwt-o3Q4DacyXBfgKsdVFZeOXMcNE4EjHt2W4UmS49ht5F2MG9qRJWQaGld1_MSu46cQaT60HLGSZriS48fV4kuPHs1uIXcOXVMshDmNM8eDNRdefWh4H89xIpTewGMyo2-H_Tx0ErmU6jg7bQOVhIkaXMyQ5zg0kjlupHnRMcwUxJfBHvpzvOERJgnzoN-DOwOv5_gN5p3R5MN-nLmENmIKf0WP-Ic84U3kHA2DnjEeR8eTHftxF80zaTK6XUQopvCeLESfIzx11NFy_DEeNDlWNGOEV8QXGhe0NUGTRcfTIyfaoznT4cwT7KYJJ0wIziyOpzpC64f2I98d_NHxaMmPH7saoq8xH8l7hIlK4imNa5QS_OCVFf0J58WTo2d8fBbyQP8QHk3VDTS_IRYvSFl1pB2qhin-40feHfqYI09OXGhuVN-iIlQsMRD7Dv2O-sh9pIwu6OsR08UfRA_6BruMT0kMPcqPSzIuaPnSon_wX3ijE7mKsNOORgXk4-ODI7xCOFdQ88Jx7Ud-aKs0omtI5I2LF7mSI1mio8enq3jw4EpMNCOD8LmQvBMuHdeSC42SquhzvJkM34h8fNqDRiGPHi-uHPWPRpWObxkU8YkUNMfP4ekDtoepXDn-4hsRf2jI-XiM6_gi2MkR01XQkof8oyKpYaOCt0XDEWeMkMwN_7iOL9LxH1eyI9wEfUHsHOfx7JgewqF2nAG3KGTQH_l4AAcAUggQjQQBhhFEhAHAIIAEEkAYBSFBBhjGCJAEECCMAUIIpABiRBiBuCOCAiM8EpAgIIwhghDijDACQMCoQAohRiBQBIDCEFIEAGCUAwSQwSjZRgCjARAWAkuUERQoYZABhFABjSfEEaGcQQJxxhBQWjDDDEfMAISIAVaAg4AIlAjiiDJmESUFIc4RopwUhiiFAQAIIAEAEsA4YADw0AEEkCHGCEEYBAKKh7RBABADhBCCAWGMAAgIQ4CBAgBQBDJAMmAIIkBSARAExAqhhCNMUMCcIkIRYgimiBBADDBCAkWEYAA6QoBBhjhBDEIOIOOAEUISYRQBAhAJhEiAKcQIEAoRAQAjAAAEhBEUIAEEMAAJKAARxiEJhEGGSoUUAAIqMCmgQDgjCFDGEGcAJEoBZoBhQghDBBIKEQIUQIILQgSjggDKiFDaAEAEYUgIQAgQAiFipCCAACyAAQpQIAQABhGGqRCEUACmMIIIABBBCAIlLDBEAEIAE4gZYIxRSAggCBCEOAIMs0ADIJRChDgEkABGCUWNMUIQQBEBgBAjBgECKUOQUoAA46QhzhhiAAQOKAIR8IYKoYhQyAACDFBKASIkp4JQ4ggkBJiFmICCSEAkUEgzgBBiCgFioEJGAcIUFZAIAAxQxggBCGOACAEAYsYCQZAhhgikABIAGAWRkcaCqCAQgjIiFBMGIAKJAJI6IYYxAhBBFQCAAAyFAIAABQAizggEBBMAASIEQEQI4gQwBgghBAJAMMKUMQAoIYwiADkmlAEHAQ8AIQIxYYQFAgABgCBMACCQAoYApAQATginDFLEEKQAU4IIYAxCyACnKBCACWOYEkAAQAUhyAAABICAEAOQIkQQboAxiAgDHhDEIQKIIABJAAgmhgGAACDIKEAEAEYgQJFwVhCFmCIAQYIAAkYgxwgDggmDiAA"], "date": ["2014"], "genre": ["Funk"], "musicbrainz_releasegroupid": ["c1938e33-0b05-44d6-a92f-396ab4f42ba3"], "musicbrainz_artistid": ["89ac1a98-98f0-473c-96ef-e6f7cb0944ae"], "originaldate": ["2014"], "musicbrainz_albumid": ["f166e77f-b114-48b5-9962-3a40541191c5"], "tracknumber": ["11/30"], "encodedby": ["Mike"], "artistsort": ["Chandler, Gene"], "originalalbum": ["Funky Collector Maxi Club 2"], "label": ["Hitmaster"], "acoustid_id": ["8c2fcbf7-70e7-46e2-98f4-5d653394d27a"], "script": ["Latin"]}}, "rhythm": {"bpm_histogram_first_peak_bpm": {"dmean2": 0, "median": 120, "min": 120, "dvar2": 0, "dvar": 0, "dmean": 0, "max": 120, "var": 0, "mean": 120}, "bpm": 119.934432983, "bpm_histogram_second_peak_spread": {"dmean2": 0, "median": 0.555555582047, "min": 0.555555582047, "dvar2": 0, "dvar": 0, "dmean": 0, "max": 0.555555582047, "var": 0, "mean": 0.555555582047}, "bpm_histogram_first_peak_weight": {"dmean2": 0, "median": 0.646153867245, "min": 0.646153867245, "dvar2": 0, "dvar": 0, "dmean": 0, "max": 0.646153867245, "var": 0, "mean": 0.646153867245}, "onset_rate": 4.69943094254, "beats_position": [0.522448956966, 1.04489791393, 1.57895684242, 2.11301589012, 2.67029476166, 3.25079369545, 3.83129239082, 4.3653512001, 4.8994102478, 5.42185926437, 5.94430828094, 6.45514726639, 6.97759628296, 7.50004529953, 8.01088428497, 8.52172279358, 9.03256225586, 9.54340076447, 10.0542402267, 10.5882987976, 11.1223583221, 11.656416893, 12.2253055573, 12.7709751129, 13.3166437149, 13.8971424103, 14.4660310745, 15.0000905991, 15.5225391388, 16.0449886322, 16.5558280945, 17.0550556183, 17.5542850494, 18.0535144806, 18.5527439117, 19.0403633118, 19.5279808044, 20.0272102356, 20.5264396667, 21.0256690979, 21.5248966217, 22.0241260529, 22.523355484, 23.0341949463, 23.5334243774, 24.0326519012, 24.5318813324, 25.0311107635, 25.5419502258, 26.0411777496, 26.5404071808, 27.0512466431, 27.5504760742, 28.0497055054, 28.5489330292, 29.0481624603, 29.5473918915, 30.0466213226, 30.5458488464, 31.0334682465, 31.5326976776, 32.0435371399, 32.5543746948, 33.053604126, 33.5528335571, 34.0520629883, 34.5512924194, 35.0505218506, 35.5497512817, 36.0489807129, 36.5482063293, 37.0474357605, 37.5466651917, 38.0458946228, 38.545124054, 39.0443534851, 39.5435829163, 40.0428123474, 40.5420417786, 41.041267395, 41.5404968262, 42.0513381958, 42.5389556885, 43.0381851196, 43.5374145508, 44.0366439819, 44.5358734131, 45.0351028442, 45.5343284607, 46.0335578918, 46.532787323, 47.0204086304, 47.5196380615, 48.0304756165, 48.5297050476, 49.0405426025, 49.5513839722, 50.0622215271, 50.5614509583, 51.0606803894, 51.5599098206, 52.0591392517, 52.5583648682, 53.0575942993, 53.5568237305, 54.0560531616, 54.5436706543, 55.0429000854, 55.5421295166, 56.0413589478, 56.5405883789, 57.0514259338, 57.5390472412, 58.0382766724, 58.5375061035, 59.03673172, 59.5359611511, 60.0468025208, 60.5460319519, 61.0452613831, 61.556098938, 62.0669364929, 62.5545578003, 63.042175293, 63.5530128479, 64.0522460938, 64.5514755249, 65.0507049561, 65.5499343872, 66.049156189, 66.5483856201, 67.0476150513, 67.5352401733, 68.0344696045, 68.5336914062, 69.0329208374, 69.5321502686, 70.0313796997, 70.5306091309, 71.0414505005, 71.5406799316, 72.0515213013, 72.5623550415, 73.0499725342, 73.5492019653, 74.0484313965, 74.5476608276, 75.0468902588, 75.5577316284, 76.0569610596, 76.5561904907, 77.0554199219, 77.554649353, 78.0538787842, 78.5531082153, 79.0523376465, 79.5515594482, 80.0624008179, 80.561630249, 81.0608596802, 81.5600891113, 82.0593185425, 82.5585479736, 83.0577774048, 83.5570068359, 84.0562362671, 84.5670700073, 85.0662994385, 85.5655288696, 86.0647583008, 86.5639877319, 87.0632171631, 87.5624465942, 88.0616760254, 88.5609054565, 89.0601348877, 89.5477523804, 90.0469818115, 90.5462112427, 91.0454406738, 91.5562820435, 92.0555114746, 92.5547409058, 93.0539703369, 93.5531921387, 94.0640335083, 94.5632629395, 95.0741043091, 95.5733337402, 96.0609512329, 96.5485687256, 97.0477981567, 97.5470275879, 98.046257019, 98.5454864502, 99.0331039429, 99.5439453125, 100.054779053, 100.554008484, 101.053237915, 101.564079285, 102.074920654, 102.562538147, 103.05015564, 103.560997009, 104.06022644, 104.559455872, 105.058685303, 105.557914734, 106.057144165, 106.556373596, 107.055595398, 107.54322052, 108.042449951, 108.541679382, 109.040908813, 109.551742554, 110.050971985, 110.550201416, 111.049430847, 111.560272217, 112.059501648, 112.558731079, 113.05796051, 113.545578003, 114.044807434, 114.544036865, 115.043266296, 115.542495728, 116.053329468, 116.564170837, 117.075012207, 117.5626297, 118.061859131, 118.561088562, 119.071922302, 119.571151733, 120.081993103, 120.581222534, 121.080451965, 121.579681396, 122.078910828, 122.578140259, 123.07736969, 123.576599121, 124.075828552, 124.575057983, 125.074279785, 125.573509216, 126.072738647, 126.571968079, 127.07119751, 127.570426941, 128.069656372, 128.568893433, 129.068115234, 129.567337036, 130.078186035, 130.589019775, 131.076644897, 131.575866699, 132.07510376, 132.5859375, 133.085174561, 133.584396362, 134.083618164, 134.582855225, 135.070480347, 135.581314087, 136.092147827, 136.591384888, 137.090606689, 137.578231812, 138.077453613, 138.565078735, 139.064300537, 139.551925659, 140.051147461, 140.550384521, 141.061218262, 141.572067261, 142.071289062, 142.570526123, 143.058135986, 143.557373047, 144.056594849, 144.555831909, 145.055053711, 145.565887451, 146.07673645, 146.564346313, 147.063583374, 147.562805176, 148.073654175, 148.584487915, 149.083709717, 149.582946777, 150.082168579, 150.58140564, 151.09223938, 151.59147644, 152.090698242, 152.589935303, 153.089157104, 153.588394165, 154.087615967, 154.598449707, 155.097686768, 155.596908569, 156.107757568, 156.595367432, 157.094604492, 157.593826294, 158.093063354, 158.592285156, 159.091522217, 159.590744019, 160.101577759, 160.600814819, 161.100036621, 161.61088562, 162.110107422, 162.609344482, 163.108566284, 163.607803345, 164.107025146, 164.606262207, 165.105484009, 165.604721069, 166.11555481, 166.614776611, 167.114013672, 167.613235474, 168.112472534, 168.611694336, 169.110931396, 169.59854126, 170.09777832, 170.597000122, 171.096237183, 171.595458984, 172.094696045, 172.593917847, 173.093154907, 173.592376709, 174.103210449, 174.614059448, 175.11328125, 175.612518311, 176.123352051, 176.622589111, 177.121810913, 177.621032715, 178.120269775, 178.607894897, 179.107116699, 179.606338501, 180.1171875, 180.62802124, 181.127258301, 181.626480103, 182.125717163, 182.624938965, 183.124176025, 183.623397827, 184.122619629, 184.621856689, 185.121078491, 185.620315552, 186.119537354, 186.618774414, 187.117996216, 187.617233276, 188.116455078, 188.615692139, 189.126525879, 189.637359619, 190.13659668, 190.624221802, 191.123443604, 191.611068726, 192.121902466, 192.632736206, 193.131973267, 193.631195068, 194.130432129, 194.629653931, 195.140487671, 195.65133667, 196.16217041, 196.649795532, 197.149017334, 197.648254395, 198.147476196, 198.646713257, 199.13432312, 199.621948242, 200.132781982, 200.632019043, 201.131240845, 201.618865967, 202.118087769, 202.617324829, 203.104934692, 203.604171753, 204.103393555, 204.602630615, 205.101852417, 205.601089478, 206.100311279, 206.611160278, 207.121994019, 207.632827759, 208.143676758, 208.631286621, 209.130523682, 209.629745483, 210.128982544, 210.628204346, 211.127426147, 211.638275146, 212.149108887, 212.648345947, 213.147567749, 213.64680481, 214.146026611, 214.645263672, 215.156097412, 215.655319214, 216.154556274, 216.653778076, 217.153015137, 217.663848877, 218.163085938, 218.662307739, 219.1615448, 219.660766602, 220.171600342, 220.659225464, 221.146850586, 221.657684326, 222.156906128, 222.64453125, 223.143753052, 223.642990112, 224.153823853, 224.653060913, 225.152282715, 225.651519775, 226.139129639, 226.626754761, 227.125976562, 227.625213623, 228.136047363, 228.635284424, 229.134506226, 229.645339966, 230.144577026, 230.643798828, 231.13142395, 231.64225769, 232.153106689, 232.66394043, 233.16317749, 233.662399292, 234.150024414, 234.649246216, 235.136871338, 235.63609314, 236.14692688, 236.64616394, 237.145385742, 237.644622803, 238.143844604, 238.643081665, 239.142303467, 239.641540527, 240.140762329, 240.63999939, 241.139221191, 241.638458252, 242.137680054, 242.648529053, 243.159362793, 243.670196533, 244.181045532, 244.668655396, 245.179489136, 245.667114258, 246.177947998, 246.66557312, 247.164810181, 247.664031982, 248.163253784, 248.662490845, 249.161712646, 249.660949707, 250.14855957, 250.647796631, 251.135421753, 251.646255493, 252.145477295, 252.644714355, 253.155548096, 253.654785156, 254.165618896, 254.664840698, 255.164077759, 255.651702881, 256.162536621, 256.661773682, 257.160980225, 257.660217285, 258.159454346, 258.670288086, 259.181121826, 259.668762207, 260.179595947, 260.67880249, 261.178039551, 261.677276611, 262.176513672, 262.675720215, 263.174957275, 263.662567139, 264.15020752, 264.637817383, 265.148651123, 265.659484863, 266.158721924, 266.657958984, 267.168792725, 267.668029785, 268.178863525, 268.678100586, 269.188934326, 269.699768066, 270.210601807, 270.69821167, 271.19744873, 271.696685791, 272.207519531, 272.695129395, 273.182769775, 273.670379639, 274.169616699, 274.668823242, 275.156463623, 275.667297363, 276.178131104, 276.665740967, 277.164978027, 277.664215088, 278.163452148, 278.662658691, 279.173522949, 279.672729492, 280.171966553, 280.659576416, 281.170440674, 281.669647217, 282.168884277, 282.668121338, 283.167327881, 283.666564941, 284.165802002, 284.676635742, 285.175872803, 285.675109863, 286.162719727, 286.65032959, 287.14956665, 287.648803711, 288.136413574, 288.635650635, 289.146484375, 289.645721436, 290.156555176, 290.655792236, 291.154998779, 291.64263916, 292.141845703, 292.641082764, 293.151916504, 293.662750244, 294.161987305, 294.661224365, 295.148834229, 295.648071289, 296.135681152, 296.634918213, 297.145751953, 297.656585693, 298.155822754, 298.655059814, 299.154266357, 299.653503418, 300.141113281, 300.651977539, 301.151184082, 301.650421143, 302.161254883, 302.672088623, 303.182952881, 303.682159424, 304.181396484, 304.680633545, 305.179870605, 305.667480469, 306.166717529, 306.665924072, 307.165161133, 307.664398193, 308.163635254, 308.662841797, 309.162078857, 309.661315918, 310.160552979, 310.659759521, 311.170593262, 311.669830322, 312.169067383, 312.679901123, 313.190734863, 313.689971924, 314.189208984, 314.688415527, 315.187652588, 315.675262451, 316.174499512, 316.673736572, 317.172973633, 317.672180176, 318.171417236, 318.670654297, 319.169891357, 319.6690979, 320.168334961, 320.667572021, 321.155181885, 321.654418945, 322.153656006, 322.664489746, 323.163726807, 323.66293335, 324.16217041, 324.661407471, 325.172241211, 325.683074951, 326.193908691, 326.704742432], "beats_loudness": {"dmean2": 0.0279927887022, "median": 0.056826453656, "min": 0, "dvar2": 0.000585058645811, "dvar": 0.000206395430723, "dmean": 0.0160514339805, "max": 0.130758389831, "var": 0.00045533356024, "mean": 0.0519889257848}, "danceability": 1.35817241669, "bpm_histogram_second_peak_weight": {"dmean2": 0, "median": 0.0123076923192, "min": 0.0123076923192, "dvar2": 0, "dvar": 0, "dmean": 0, "max": 0.0123076923192, "var": 0, "mean": 0.0123076923192}, "beats_count": 651, "bpm_histogram_second_peak_bpm": {"dmean2": 0, "median": 112, "min": 112, "dvar2": 0, "dvar": 0, "dmean": 0, "max": 112, "var": 0, "mean": 112}, "bpm_histogram_first_peak_spread": {"dmean2": 0, "median": 0.330143511295, "min": 0.330143511295, "dvar2": 0, "dvar": 0, "dmean": 0, "max": 0.330143511295, "var": 0, "mean": 0.330143511295}, "beats_loudness_band_ratio": {"dmean2": [0.372616797686, 0.0925152078271, 0.128932669759, 0.145759880543, 0.100992657244, 0.0733171403408], "median": [0.769950270653, 0.0329549759626, 0.0252558197826, 0.0365240573883, 0.0548994578421, 0.0317019820213], "min": [0, 0, 0, 0, 0, 0], "dvar2": [0.112007565796, 0.0182662755251, 0.0385650359094, 0.0415745005012, 0.0115983169526, 0.0150967435911], "dvar": [0.0411019548774, 0.00702078314498, 0.0139717170969, 0.0150290420279, 0.00430408166721, 0.00499808089808], "dmean": [0.212815955281, 0.0530467815697, 0.0723023042083, 0.0804843232036, 0.0554954297841, 0.0408268533647], "max": [0.998522698879, 0.784534275532, 0.893712699413, 0.710253298283, 0.714539945126, 0.853142797947], "var": [0.06349953264, 0.00936134532094, 0.0141503224149, 0.0131471827626, 0.00472126854584, 0.00388043164276], "mean": [0.694131731987, 0.061737600714, 0.0721998140216, 0.0750419124961, 0.0681879967451, 0.0423233769834]}}, "lowlevel": {"barkbands_spread": {"dmean2": 12.8010969162, "median": 24.7577342987, "min": 0.167073309422, "dvar2": 206.182922363, "dvar": 93.2479248047, "dmean": 8.26442813873, "max": 133.622512817, "var": 288.791625977, "mean": 27.1958427429}, "melbands_spread": {"dmean2": 18.8128795624, "median": 24.9187374115, "min": 0.211393222213, "dvar2": 633.321166992, "dvar": 284.144592285, "dmean": 11.9684648514, "max": 242.027908325, "var": 735.698486328, "mean": 31.701997757}, "hfc": {"dmean2": 10.8542366028, "median": 13.5811491013, "min": 1.06478579505e-16, "dvar2": 305.967193604, "dvar": 139.868850708, "dmean": 7.54563426971, "max": 339.174957275, "var": 497.353271484, "mean": 21.0293331146}, "barkbands_kurtosis": {"dmean2": 7.73888063431, "median": 1.01420927048, "min": -1.94142770767, "dvar2": 1033.33837891, "dvar": 436.527923584, "dmean": 4.81474256516, "max": 809.790466309, "var": 613.615722656, "mean": 5.30639886856}, "gfcc": {"mean": [-36.2873764038, 59.658946991, -105.44682312, 27.0432682037, -40.1289024353, 8.08344078064, -35.8848609924, 1.14089262486, -26.0846691132, -0.670281589031, -19.6889801025, -2.40187287331, -17.3142318726], "icov": [[7.10995518602e-05, -2.69555002888e-05, 4.58359463664e-05, -2.7780624805e-05, 7.27405422367e-05, -4.7138742957e-05, 9.27569635678e-05, -0.000194245250896, 0.000234793755226, -0.000290897325613, 0.000305486872094, -0.000221084163059, 0.000247828895226], [-2.69555002888e-05, 0.000526951684151, 2.58877935266e-05, 3.76300158678e-05, -0.000184779302799, -2.231428698e-05, -0.000321099447319, 0.000116653856821, -0.000730079598725, 0.000620753678959, -0.001056432724, 0.000996976858005, -0.000471475097584], [4.58359463664e-05, 2.58877935266e-05, 0.000884660868905, -4.25615507993e-05, -0.00030919839628, 0.000162839176483, -0.000536537729204, 0.000971520785242, -0.000848693074659, 0.000364219566109, 0.000142024349771, -0.000407296727644, 0.000763458141591], [-2.7780624805e-05, 3.76300158678e-05, -4.25615507993e-05, 0.0023450946901, -0.00118748727255, -0.000448468024842, 0.00100357516203, -0.000725851336028, 0.00044660110143, -0.000868085073307, 0.000287896458758, 6.73395916237e-05, -0.000423465011409], [7.27405422367e-05, -0.000184779302799, -0.00030919839628, -0.00118748727255, 0.00313203013502, -0.000700275064446, -0.000271206372418, 9.04912521946e-05, -0.000581997330301, 0.000838408246636, -0.000340758095263, 0.000316885038046, -0.000700974953361], [-4.7138742957e-05, -2.231428698e-05, 0.000162839176483, -0.000448468024842, -0.000700275064446, 0.00462218560278, -0.0023557243403, -0.000196012581, 0.000589790230151, -0.000298440922052, 0.00061340193497, -0.00166825705674, 0.00109157525003], [9.27569635678e-05, -0.000321099447319, -0.000536537729204, 0.00100357516203, -0.000271206372418, -0.0023557243403, 0.00722528807819, -0.00404939008877, 0.00209964276291, -0.00118897168431, 0.000174975619302, 0.00136223353911, -0.00144491752144], [-0.000194245250896, 0.000116653856821, 0.000971520785242, -0.000725851336028, 9.04912521946e-05, -0.000196012581, -0.00404939008877, 0.0109134186059, -0.0055825538002, 0.000310474279104, -0.000457385060145, -0.00201637856662, 0.00188688689377], [0.000234793755226, -0.000730079598725, -0.000848693074659, 0.00044660110143, -0.000581997330301, 0.000589790230151, 0.00209964276291, -0.0055825538002, 0.0135297039524, -0.0063469489105, 0.000619292957708, 0.00160075654276, -0.00127041793894], [-0.000290897325613, 0.000620753678959, 0.000364219566109, -0.000868085073307, 0.000838408246636, -0.000298440922052, -0.00118897168431, 0.000310474279104, -0.0063469489105, 0.0144524043426, -0.00543600134552, -0.000494080013596, 0.000209500984056], [0.000305486872094, -0.001056432724, 0.000142024349771, 0.000287896458758, -0.000340758095263, 0.00061340193497, 0.000174975619302, -0.000457385060145, 0.000619292957708, -0.00543600134552, 0.0144507065415, -0.00729790469632, 0.00357582815923], [-0.000221084163059, 0.000996976858005, -0.000407296727644, 6.73395916237e-05, 0.000316885038046, -0.00166825705674, 0.00136223353911, -0.00201637856662, 0.00160075654276, -0.000494080013596, -0.00729790469632, 0.0175922960043, -0.00736467959359], [0.000247828895226, -0.000471475097584, 0.000763458141591, -0.000423465011409, -0.000700974953361, 0.00109157525003, -0.00144491752144, 0.00188688689377, -0.00127041793894, 0.000209500984056, 0.00357582815923, -0.00736467959359, 0.0169528964907]], "cov": [[23751.8671875, -1331.25158691, -2358.83398438, 261.958557129, -980.249694824, 438.379852295, -87.2095184326, 587.359863281, -273.847015381, 476.319122314, -196.708862305, 295.452545166, -269.604431152], [-1331.25158691, 2953.0168457, 214.695953369, 6.7886133194, 337.115570068, 48.9986724854, 204.015472412, 90.3506317139, 220.218887329, -8.61053276062, 164.160217285, -121.729980469, 39.3060073853], [-2358.83398438, 214.695953369, 1621.04821777, 17.5367736816, 266.822937012, -48.8280296326, 45.5708885193, -142.37588501, 69.6851348877, -77.1334381104, -0.306220173836, -47.5481948853, -12.6190624237], [261.958557129, 6.7886133194, 17.5367736816, 602.627868652, 237.361068726, 89.3472518921, -22.5175743103, 46.319355011, 23.0226020813, 38.9658355713, 6.42972421646, 20.8542289734, 16.5564956665], [-980.249694824, 337.115570068, 266.822937012, 237.361068726, 530.116699219, 94.0276107788, 60.8941307068, 10.8618783951, 51.5917510986, -20.8846359253, 21.498468399, -13.5770645142, 31.1561393738], [438.379852295, 48.9986724854, -48.8280296326, 89.3472518921, 94.0276107788, 330.369140625, 133.258407593, 77.9660263062, -1.17040598392, 28.6333751678, 10.5939655304, 33.3492431641, -3.50776290894], [-87.2095184326, 204.015472412, 45.5708885193, -22.5175743103, 60.8941307068, 133.258407593, 253.249908447, 98.1636276245, 24.4540519714, 22.6232891083, 18.7000694275, 0.696416854858, 6.84175300598], [587.359863281, 90.3506317139, -142.37588501, 46.319355011, 10.8618783951, 77.9660263062, 98.1636276245, 197.421722412, 72.337348938, 64.4228210449, 33.2350997925, 26.9438991547, -7.36321496964], [-273.847015381, 220.218887329, 69.6851348877, 23.0226020813, 51.5917510986, -1.17040598392, 24.4540519714, 72.337348938, 150.926208496, 62.6206932068, 38.3339195251, -3.04578852654, 4.93365859985], [476.319122314, -8.61053276062, -77.1334381104, 38.9658355713, -20.8846359253, 28.6333751678, 22.6232891083, 64.4228210449, 62.6206932068, 135.022903442, 54.8760032654, 31.8530063629, -5.41820716858], [-196.708862305, 164.160217285, -0.306220173836, 6.42972421646, 21.498468399, 10.5939655304, 18.7000694275, 33.2350997925, 38.3339195251, 54.8760032654, 126.128837585, 41.2183151245, -0.786457479], [295.452545166, -121.729980469, -47.5481948853, 20.8542289734, -13.5770645142, 33.3492431641, 0.696416854858, 26.9438991547, -3.04578852654, 31.8530063629, 41.2183151245, 100.973754883, 23.8584976196], [-269.604431152, 39.3060073853, -12.6190624237, 16.5564956665, 31.1561393738, -3.50776290894, 6.84175300598, -7.36321496964, 4.93365859985, -5.41820716858, -0.786457479, 23.8584976196, 78.8871765137]]}, "spectral_energyband_middle_low": {"dmean2": 0.00641305185854, "median": 0.00527802901343, "min": 1.62793438478e-22, "dvar2": 8.8573222456e-05, "dvar": 3.55977936124e-05, "dmean": 0.00400878163055, "max": 0.0854626074433, "var": 9.59019598668e-05, "mean": 0.00841754395515}, "melbands_crest": {"dmean2": 5.74966812134, "median": 13.6533670425, "min": 1.58688616753, "dvar2": 26.1282043457, "dvar": 11.9001836777, "dmean": 3.66037225723, "max": 36.7152748108, "var": 37.7721481323, "mean": 14.5660057068}, "spectral_kurtosis": {"dmean2": 4.69777154922, "median": 4.35394906998, "min": -1.36659383774, "dvar2": 295.798126221, "dvar": 137.087127686, "dmean": 3.11283040047, "max": 330.092987061, "var": 758.756347656, "mean": 9.09733104706}, "spectral_rms": {"dmean2": 0.00137336028274, "median": 0.00396464439109, "min": 3.1285811615e-12, "dvar2": 3.38300378644e-06, "dvar": 1.74318120116e-06, "dmean": 0.00100777938496, "max": 0.0119277145714, "var": 5.85880297876e-06, "mean": 0.00403492758051}, "zerocrossingrate": {"dmean2": 0.0180159248412, "median": 0.06787109375, "min": 0.00244140625, "dvar2": 0.000424087629654, "dvar": 0.000392532267142, "dmean": 0.0161175075918, "max": 0.81689453125, "var": 0.00463485857472, "mean": 0.083287961781}, "silence_rate_60dB": {"dmean2": 0.143901228905, "median": 0, "min": 0, "dvar2": 0.141514748335, "dvar": 0.0667775943875, "dmean": 0.0719455108047, "max": 1, "var": 0.162057071924, "mean": 0.203476414084}, "erbbands_kurtosis": {"dmean2": 2.2874879837, "median": 0.13726067543, "min": -1.90261101723, "dvar2": 42.5211791992, "dvar": 18.9709300995, "dmean": 1.45807027817, "max": 232.020675659, "var": 28.5235137939, "mean": 1.2580653429}, "erbbands": {"dmean2": [0.214758649468, 1.53701472282, 6.03219127655, 9.9268693924, 7.85106182098, 5.5537238121, 6.32864189148, 8.83213043213, 10.008731842, 12.4915552139, 17.1048946381, 35.0953063965, 23.0111293793, 17.5556678772, 26.2822399139, 27.9045181274, 31.9372711182, 30.8156490326, 30.7913265228, 27.4979667664, 19.4423885345, 21.7358283997, 27.3779182434, 16.0636501312, 21.9821605682, 18.0294075012, 9.74845790863, 6.65325021744, 6.67034101486, 5.4398932457, 3.90055727959, 2.35996723175, 1.33392643929, 0.757559597492, 0.437337607145, 0.230560258031, 0.111846148968, 0.0269818920642, 0.00439794547856, 0.000234175604419], "median": [0.0140670221299, 0.176836684346, 0.604562520981, 1.32155072689, 3.10762858391, 2.47970342636, 2.14989686012, 2.16626524925, 2.06269526482, 1.94406580925, 2.96900677681, 4.10427379608, 2.70701575279, 3.15895581245, 4.09408426285, 5.27134132385, 6.55497932434, 9.42765903473, 12.6110839844, 9.92171287537, 5.88579750061, 9.5514421463, 11.1338558197, 6.6039018631, 6.49039983749, 5.42134714127, 2.65803384781, 2.07306790352, 1.85445261002, 1.7285182476, 1.30580961704, 0.851014196873, 0.539374351501, 0.321501433849, 0.196143776178, 0.119922623038, 0.0524614490569, 0.0127248354256, 0.00130360771436, 8.27044787002e-05], "min": [1.10034711438e-22, 6.18704895386e-22, 2.35005303785e-21, 5.69792378965e-21, 1.12626367655e-20, 1.8405180604e-20, 5.20128971975e-20, 5.2512950496e-20, 1.44852314579e-19, 1.69389283281e-19, 2.01050771525e-19, 2.8418909223e-19, 4.84158428502e-19, 7.68877407463e-19, 9.04039029747e-19, 1.19129590222e-18, 1.33461156079e-18, 1.6904996087e-18, 2.44472506257e-18, 2.81572094397e-18, 3.72421030881e-18, 4.37152049717e-18, 4.84963130481e-18, 5.05914043754e-18, 7.33848417832e-18, 7.66215912483e-18, 9.41155182179e-18, 1.04916470425e-17, 1.09826200951e-17, 1.10416137892e-17, 1.16535289192e-17, 1.00299909252e-17, 1.03260008161e-17, 8.09782440011e-18, 5.91286072646e-18, 3.78663266656e-18, 2.12091631959e-18, 9.65962494185e-19, 2.39281172431e-19, 2.60144554486e-20], "dvar2": [0.233650609851, 11.6414070129, 227.566040039, 530.961914062, 155.227386475, 86.1015014648, 368.581634521, 575.168212891, 759.342224121, 1241.19433594, 2211.97583008, 11912.8144531, 9322.64941406, 3115.37890625, 7006.77001953, 7182.76171875, 9636.83789062, 7829.82763672, 5621.5625, 3826.21972656, 1533.08374023, 1400.75756836, 2350.26123047, 1117.84387207, 1800.2364502, 1178.68066406, 477.31149292, 361.171600342, 751.937011719, 366.588409424, 348.452880859, 138.048294067, 43.3847961426, 10.7969036102, 3.05605506897, 0.39812374115, 0.0767248347402, 0.00374130369164, 8.88574577402e-05, 2.90555618676e-07], "dvar": [0.105996564031, 5.31071281433, 80.5114517212, 191.798950195, 57.9451370239, 34.7384910583, 166.670440674, 255.283920288, 345.495788574, 533.407348633, 1028.16052246, 5710.78857422, 4303.87890625, 1478.6986084, 3216.49560547, 3709.90917969, 4134.29101562, 3226.83447266, 2478.16064453, 1690.36218262, 656.299926758, 610.848876953, 980.121887207, 529.33984375, 758.723876953, 491.39730835, 198.465591431, 170.719177246, 329.783203125, 157.973587036, 144.900558472, 53.317150116, 17.3533115387, 4.51806735992, 1.29172086716, 0.166423648596, 0.0326111763716, 0.00169046700466, 4.41278934886e-05, 1.3986627323e-07], "dmean": [0.136198446155, 0.974282622337, 3.38244199753, 5.65838623047, 4.7316775322, 3.43219447136, 4.10287952423, 5.60860776901, 6.37788009644, 7.97132205963, 11.1253767014, 23.6836357117, 15.3251752853, 11.4988746643, 17.6166267395, 18.5953559875, 20.6940479279, 19.9241123199, 20.024148941, 17.6077671051, 12.1684083939, 13.7842168808, 17.2344093323, 10.4649267197, 13.6859893799, 11.2253112793, 6.05697202682, 4.27677154541, 4.345703125, 3.50005125999, 2.49145722389, 1.50899612904, 0.856411874294, 0.505444824696, 0.292945891619, 0.156232431531, 0.0753256455064, 0.0184438545257, 0.00301617570221, 0.000161392599693], "max": [2.53400921822, 20.7090091705, 72.7660598755, 117.546783447, 88.1510696411, 120.710853577, 433.103485107, 650.761962891, 577.211181641, 599.50970459, 1105.84399414, 2316.56689453, 3040.44042969, 1461.6763916, 1267.59484863, 3622.77246094, 1445.29260254, 2900.07910156, 2071.95532227, 1327.43981934, 659.001220703, 632.107666016, 780.356933594, 1231.13562012, 904.279724121, 711.959411621, 377.248352051, 726.230773926, 1080.06750488, 407.230651855, 490.710144043, 313.197784424, 199.987838745, 87.5565338135, 55.1545753479, 14.6197595596, 8.1419878006, 1.09209823608, 0.157974377275, 0.0079400697723], "var": [0.107477813959, 5.46336889267, 53.5811271667, 134.348419189, 69.3436050415, 64.0430603027, 337.653137207, 447.341552734, 748.951599121, 1172.89099121, 2172.80493164, 13667.1923828, 37910.9492188, 3273.13378906, 6998.34765625, 11014.7021484, 8186.16455078, 9169.3046875, 4033.87890625, 3337.30395508, 1337.8828125, 1272.56213379, 1693.04248047, 1395.7791748, 1740.84875488, 1075.97729492, 340.246459961, 381.253997803, 578.916503906, 220.598953247, 155.651824951, 53.2235870361, 18.2816772461, 5.70069122314, 1.62721991539, 0.241140201688, 0.0481602102518, 0.00284897093661, 8.50921642268e-05, 2.39330262275e-07], "mean": [0.133527830243, 1.04454171658, 3.15448474884, 5.41547250748, 6.13459825516, 5.4073433876, 6.72466135025, 8.56602859497, 10.3600492477, 12.1561050415, 18.112531662, 40.9595680237, 43.4902305603, 20.0928249359, 29.5351829529, 35.2043457031, 32.9464111328, 37.9607925415, 31.6700553894, 28.7310390472, 18.7497653961, 22.3976535797, 26.3395023346, 18.0807170868, 21.5086936951, 18.0272865295, 8.98805046082, 7.36369132996, 7.47239255905, 5.67980909348, 3.80159068108, 2.35027194023, 1.32912838459, 0.809341371059, 0.47729319334, 0.271143227816, 0.126030132174, 0.0310081895441, 0.00487170601264, 0.000257931271335]}, "spectral_strongpeak": {"dmean2": 0.975015580654, "median": 0.402749627829, "min": 0, "dvar2": 2.35767102242, "dvar": 1.06242108345, "dmean": 0.595583021641, "max": 18.1215381622, "var": 2.64571046829, "mean": 1.10845470428}, "spectral_energy": {"dmean2": 0.0150001803413, "median": 0.0161113664508, "min": 1.00327201689e-20, "dvar2": 0.000657811993733, "dvar": 0.000295151345199, "dmean": 0.0105340043083, "max": 0.145827144384, "var": 0.000544372771401, "mean": 0.0226928573102}, "average_loudness": 0.713886141777, "spectral_rolloff": {"dmean2": 1361.69421387, "median": 1614.99023438, "min": 64.599609375, "dvar2": 4115655.25, "dvar": 2023822.875, "dmean": 842.253356934, "max": 19789.0136719, "var": 7251493.5, "mean": 2268.08178711}, "spectral_centroid": {"dmean2": 552.528015137, "median": 1591.4519043, "min": 129.513442993, "dvar2": 382436.6875, "dvar": 165978.75, "dmean": 352.332611084, "max": 11906.9804688, "var": 1144774.625, "mean": 1680.078125}, "pitch_salience": {"dmean2": 0.138249695301, "median": 0.553130686283, "min": 0.0422108098865, "dvar2": 0.016078107059, "dvar": 0.00680369744077, "dmean": 0.0869606658816, "max": 0.969585776329, "var": 0.0164315514266, "mean": 0.541006803513}, "spectral_energyband_middle_high": {"dmean2": 0.00329887750559, "median": 0.00266505870968, "min": 1.11623156708e-21, "dvar2": 2.46987092396e-05, "dvar": 1.17794515972e-05, "dmean": 0.00222627096809, "max": 0.073059566319, "var": 5.75524354645e-05, "mean": 0.00585971213877}, "spectral_contrast_coeffs": {"dmean2": [0.0903292149305, 0.0791886150837, 0.064290702343, 0.0539950504899, 0.0459672547877, 0.0358384139836], "median": [-0.645744144917, -0.750222504139, -0.792569041252, -0.779715359211, -0.777624905109, -0.778488636017], "min": [-0.97852319479, -0.990737080574, -0.971651792526, -0.970169782639, -0.968213796616, -0.965854287148], "dvar2": [0.0057249921374, 0.00434729410335, 0.00282258307561, 0.00197683880106, 0.0015387396561, 0.00120308832265], "dvar": [0.00232979073189, 0.0018862511497, 0.00134443084244, 0.000929895613808, 0.000720924