{"tonal": {"thpcp": [1, 0.910313248634, 0.575195133686, 0.684422492981, 0.708268165588, 0.387324571609, 0.259356826544, 0.254367262125, 0.277734100819, 0.383052408695, 0.382338434458, 0.274448007345, 0.249715551734, 0.252572447062, 0.265262514353, 0.345793992281, 0.373760581017, 0.311858832836, 0.242864266038, 0.188518062234, 0.179838076234, 0.244354903698, 0.262581020594, 0.22053065896, 0.271079599857, 0.283885985613, 0.220124989748, 0.208391413093, 0.214782685041, 0.27747040987, 0.521005928516, 0.623334884644, 0.532293140888, 0.525605022907, 0.637394726276, 0.7973523736], "hpcp": {"dmean2": [0.29924762249, 0.267267525196, 0.248912334442, 0.203505888581, 0.176255464554, 0.168227940798, 0.171285301447, 0.188457131386, 0.173907086253, 0.148380234838, 0.143328413367, 0.141113683581, 0.148837819695, 0.181323900819, 0.199237436056, 0.193183749914, 0.160944610834, 0.113668486476, 0.0955210700631, 0.106773585081, 0.112393185496, 0.113458193839, 0.130009353161, 0.134455516934, 0.126830726862, 0.131975531578, 0.136096954346, 0.150157600641, 0.198097288609, 0.280434519053, 0.344476997852, 0.295647114515, 0.398541361094, 0.524131178856, 0.424267739058, 0.371880799532], "median": [0.0633888989687, 0.0432789213955, 0.0383258238435, 0.0287899095565, 0.0194437559694, 0.0183862708509, 0.0215561129153, 0.0244252383709, 0.022062946111, 0.0201223008335, 0.0195737592876, 0.0209094397724, 0.0220526978374, 0.0263970904052, 0.0292713753879, 0.0254761185497, 0.0191547367722, 0.0154807195067, 0.0160743445158, 0.02284309268, 0.0226350314915, 0.0209820568562, 0.0205346904695, 0.0222733877599, 0.0199610665441, 0.0162025243044, 0.0158001966774, 0.0216286666691, 0.0279466677457, 0.0317602790892, 0.0330193191767, 0.0309152882546, 0.0410485044122, 0.0652472227812, 0.102572157979, 0.0702855437994], "min": [0, 0, 0, 0, 0, 0, 0, 0, 0, 0, 0, 0, 0, 0, 0, 0, 0, 0, 0, 0, 0, 0, 0, 0, 0, 0, 0, 0, 0, 0, 0, 0, 0, 0, 0, 0], "dvar2": [0.157789573073, 0.138155683875, 0.133679285645, 0.111990295351, 0.108316503465, 0.104113996029, 0.107538707554, 0.111297979951, 0.104773379862, 0.0904599502683, 0.0912581831217, 0.0815305709839, 0.086644038558, 0.112165682018, 0.118075557053, 0.121177382767, 0.0980664864182, 0.0591736063361, 0.0507321096957, 0.0473580919206, 0.0538518577814, 0.0597160570323, 0.0729599893093, 0.0733628347516, 0.0725133493543, 0.0837573260069, 0.0869696214795, 0.0828391835093, 0.102693885565, 0.162368327379, 0.23418019712, 0.162010461092, 0.216214209795, 0.356011509895, 0.183828026056, 0.201451390982], "dvar": [0.0572970248759, 0.0543157346547, 0.0555283129215, 0.0407112389803, 0.0383763723075, 0.0366693288088, 0.0377787165344, 0.0415282696486, 0.0397230237722, 0.0320991277695, 0.0322342813015, 0.0288184955716, 0.0307986140251, 0.0399181693792, 0.0421630516648, 0.0427619889379, 0.0343230888247, 0.0208739321679, 0.0176034010947, 0.0173627771437, 0.0199716314673, 0.0208926126361, 0.0264568589628, 0.0264360718429, 0.0254213958979, 0.0297623798251, 0.0306876096874, 0.0295065678656, 0.0402753688395, 0.0624843873084, 0.088927872479, 0.0686023160815, 0.0794425159693, 0.120914511383, 0.0763060227036, 0.0803143680096], "dmean": [0.166098490357, 0.152803868055, 0.14229811728, 0.113278336823, 0.0950731709599, 0.091229327023, 0.0932373031974, 0.105029582977, 0.0974138230085, 0.0822661444545, 0.0794496461749, 0.0779903978109, 0.0822480097413, 0.10057194531, 0.109674401581, 0.105661958456, 0.0875561311841, 0.0626974925399, 0.0534131973982, 0.0613861717284, 0.0649544969201, 0.0635186135769, 0.0727621391416, 0.0754171535373, 0.0700694024563, 0.0724323391914, 0.0742691457272, 0.0835401266813, 0.112216390669, 0.153330564499, 0.187763854861, 0.167276114225, 0.219872161746, 0.285984039307, 0.241652593017, 0.206309780478], "max": [1, 1, 1, 1, 1, 1, 1, 1, 1, 1, 1, 1, 1, 1, 1, 1, 1, 1, 1, 1, 1, 1, 1, 1, 1, 1, 1, 1, 1, 1, 1, 1, 1, 1, 1, 1], "var": [0.0522519685328, 0.0928542464972, 0.106439091265, 0.0365937910974, 0.0259782131761, 0.0254202000797, 0.0274258740246, 0.0484860725701, 0.0525485798717, 0.0273585822433, 0.0255357418209, 0.0246498491615, 0.025243382901, 0.0388293936849, 0.0424536690116, 0.0321535430849, 0.0233548358083, 0.0158008504659, 0.0145372692496, 0.0213471259922, 0.0255553293973, 0.017311770469, 0.0299316309392, 0.0304584167898, 0.0184794273227, 0.020600778982, 0.0215330310166, 0.0241532847285, 0.0725459456444, 0.0900486633182, 0.0693692564964, 0.071266271174, 0.08155849576, 0.105281330645, 0.118087895215, 0.125105962157], "mean": [0.168646723032, 0.200672090054, 0.207663625479, 0.113563239574, 0.0760432034731, 0.0745802670717, 0.0814314037561, 0.112310640514, 0.112101309001, 0.0804679244757, 0.0732163861394, 0.0740540251136, 0.0777747482061, 0.101386502385, 0.109586283565, 0.0914367437363, 0.0712075978518, 0.055273335427, 0.0527283735573, 0.0716446489096, 0.0769885331392, 0.0646594017744, 0.0794803127646, 0.083235129714, 0.0645404607058, 0.0611001849174, 0.0629741027951, 0.0813540890813, 0.15275849402, 0.182761251926, 0.156067892909, 0.154106944799, 0.186883598566, 0.23378303647, 0.293199151754, 0.266903072596]}, "tuning_equal_tempered_deviation": 0.424337983131, "chords_changes_rate": 0.0903062820435, "key_key": "C#", "tuning_diatonic_strength": 0.463881731033, "key_scale": "minor", "chords_number_rate": 0.00252604996786, "tuning_frequency": 451.065460205, "tuning_nontempered_energy_ratio": 0.959941089153, "chords_histogram": [9.93053340912, 7.19924211502, 9.93053340912, 5.85727834702, 0, 1.64193248749, 0, 7.4834227562, 1.89453744888, 10.404168129, 0.963056504726, 2.44711089134, 0.221029371023, 0, 0.552573442459, 0.426270931959, 3.37859177589, 0.75781494379, 2.47868657112, 2.36817169189, 3.1259868145, 4.07325553894, 21.7871799469, 3.07862329483], "key_strength": 0.433249801397, "chords_key": "F#", "chords_strength": {"dmean2": 0.0131811546162, "median": 0.479654192924, "min": 0.203111037612, "dvar2": 0.000178216330823, "dvar": 9.80077020358e-05, "dmean": 0.0116135431454, "max": 0.797579348087, "var": 0.00956332590431, "mean": 0.479884505272}, "chords_scale": "minor", "hpcp_entropy": {"dmean2": 1.25235974789, "median": 2.06865668297, "min": 0, "dvar2": 0.99974501133, "dvar": 0.39062088728, "dmean": 0.749290645123, "max": 4.66534566879, "var": 1.00030684471, "mean": 2.16233086586}}, "metadata": {"audio_properties": {"equal_loudness": 0, "codec": "mp3", "downmix": "mix", "sample_rate": 44100, "analysis_sample_rate": 44100, "bit_rate": 128011, "md5_encoded": "86a221b1c183725dd4855d5ad9068f99", "length": 294.060394287, "replay_gain": -3.87629699707, "lossless": false}, "version": {"essentia_build_sha": "2d9f1f26377add8aeb1075a9c2973f962c4f09fd", "essentia": "2.1-beta2", "extractor": "music 1.0", "essentia_git_sha": "v2.1_beta2-1-ge3940c0"}, "tags": {"title": ["Like a Deep Sleep (RSM remix)"], "media": ["CD-R"], "albumartist": ["Unsinn"], "musicbrainz_recordingid": ["091f26aa-d519-45f5-af5e-7bdbd45bfcf9"], "originalyear": ["2010"], "discnumber": ["1/1"], "album": ["A Time Past"], "catalognumber": ["HLR-03"], "musicbrainz album release country": ["PL"], "musicbrainz album type": ["album"], "musicbrainz album status": ["official"], "musicbrainz_albumartistid": ["a16d3e74-e51b-46f8-bdbf-16245970a6f5"], "date": ["2010"], "file_name": "11 Like a Deep Sleep (RSM remix).mp3", "musicbrainz_releasegroupid": ["d056834e-229b-4d3c-b571-eea7e488dd2c"], "script": ["Latn"], "originaldate": ["2010"], "musicbrainz_albumid": ["27194e12-2c43-4c31-8180-23d87c6bd1df"], "artist": ["Unsinn"], "artistsort": ["Unsinn"], "tracknumber": ["11/13"], "label": ["Halotan Records"], "albumartistsort": ["Unsinn"], "acoustid_id": ["e3507451-8b20-4334-aca3-587cebe2be41"], "musicbrainz_artistid": ["a16d3e74-e51b-46f8-bdbf-16245970a6f5"]}}, "rhythm": {"bpm_histogram_first_peak_bpm": {"dmean2": 0, "median": 120, "min": 120, "dvar2": 0, "dvar": 0, "dmean": 0, "max": 120, "var": 0, "mean": 120}, "bpm": 119.931869507, "bpm_histogram_second_peak_spread": {"dmean2": 0, "median": 0.521739125252, "min": 0.521739125252, "dvar2": 0, "dvar": 0, "dmean": 0, "max": 0.521739125252, "var": 0, "mean": 0.521739125252}, "bpm_histogram_first_peak_weight": {"dmean2": 0, "median": 0.601018667221, "min": 0.601018667221, "dvar2": 0, "dvar": 0, "dmean": 0, "max": 0.601018667221, "var": 0, "mean": 0.601018667221}, "onset_rate": 4.10091495514, "beats_position": [0.417959183455, 0.835918366909, 1.26548755169, 1.69505667686, 2.11301589012, 2.53097510338, 2.94893407822, 3.35528349876, 3.76163268089, 4.1679816246, 4.58594083786, 4.99229001999, 5.39863920212, 5.80498838425, 6.19972801208, 6.60607719421, 7.02403593063, 7.45360517502, 7.8831744194, 8.31274318695, 8.75392246246, 9.26476192474, 9.77560043335, 10.2864398956, 10.7856683731, 11.2965078354, 11.807346344, 12.2601356506, 12.7245349884, 13.1889343262, 13.6417226791, 14.0829019547, 14.5240812302, 14.9652605057, 15.4180498123, 15.8592290878, 16.3004074097, 16.7648067474, 17.2408161163, 17.7168254852, 18.2508831024, 18.784942627, 19.3422222137, 19.8762817383, 20.4103393555, 20.9908390045, 21.5713367462, 22.128616333, 22.6858959198, 23.2315635681, 23.8701133728, 24.5202713013, 25.1704311371, 25.774148941, 26.3778686523, 26.865486145, 27.353105545, 27.8639450073, 28.3515644073, 28.8391838074, 29.3268013, 29.8260307312, 30.3252601624, 30.8360996246, 31.3237190247, 31.8113365173, 32.2989578247, 32.7981834412, 33.2974128723, 33.8082542419, 34.3074836731, 34.8067131042, 35.3059387207, 35.8051681519, 36.304397583, 36.8036270142, 37.3028564453, 37.8020858765, 38.3129234314, 38.8121528625, 39.3113822937, 39.7989997864, 40.2866210938, 40.7858505249, 41.2850799561, 41.7843093872, 42.2835350037, 42.7943763733, 43.3052139282, 43.8160552979, 44.3152809143, 44.8145103455, 45.3137397766, 45.8129692078, 46.3121986389, 46.8114280701, 47.3106575012, 47.8098869324, 48.3091163635, 48.80834198, 49.3191833496, 49.8184127808, 50.3176422119, 50.8284797668, 51.327709198, 51.8153266907, 52.3145561218, 52.8253974915, 53.3362350464, 53.8238525391, 54.3114738464, 54.8223114014, 55.3215408325, 55.8207702637, 56.3199996948, 56.819229126, 57.3300666809, 57.8176841736, 58.3169136047, 58.8161430359, 59.315372467, 59.8146018982, 60.3138313293, 60.8130607605, 61.3238983154, 61.8115196228, 62.310749054, 62.8099746704, 63.32081604, 63.8200454712, 64.3192749023, 64.8185043335, 65.3177337646, 65.8169631958, 66.316192627, 66.8154220581, 67.3146438599, 67.813873291, 68.3131027222, 68.8239440918, 69.3231735229, 69.8224029541, 70.3216323853, 70.8208618164, 71.3200912476, 71.8193206787, 72.3185501099, 72.817779541, 73.3170089722, 73.8162307739, 74.3270721436, 74.8146896362, 75.3255310059, 75.8131484985, 76.3239898682, 76.8116073608, 77.3224487305, 77.8216781616, 78.3209075928, 78.8201370239, 79.3193664551, 79.8185958862, 80.3178253174, 80.8170471191, 81.3162765503, 81.8155059814, 82.3147354126, 82.8255767822, 83.3131942749, 83.8240356445, 84.3232650757, 84.8224945068, 85.321723938, 85.8209533691, 86.3085708618, 86.8194122314, 87.3186416626, 87.8178634644, 88.3170928955, 88.8163223267, 89.3155517578, 89.814781189, 90.3140106201, 90.8132400513, 91.3240814209, 91.8116989136, 92.3225402832, 92.8217697144, 93.3209991455, 93.8202285767, 94.3194503784, 94.8186798096, 95.3179092407, 95.8171386719, 96.316368103, 96.8155975342, 97.3148269653, 97.825668335, 98.3132858276, 98.8241271973, 99.3117446899, 99.8225860596, 100.321815491, 100.821044922, 101.320266724, 101.819496155, 102.318725586, 102.817955017, 103.317184448, 103.816413879, 104.327255249, 104.814872742, 105.314102173, 105.813331604, 106.312561035, 106.811790466, 107.311019897, 107.810249329, 108.321083069, 108.8203125, 109.319541931, 109.818771362, 110.318000793, 110.817230225, 111.316459656, 111.815689087, 112.314918518, 112.814147949, 113.31337738, 113.812606812, 114.311836243, 114.822669983, 115.321899414, 115.809524536, 116.308753967, 116.807983398, 117.318817139, 117.81804657, 118.317276001, 118.816505432, 119.315734863, 119.814964294, 120.314193726, 120.813423157, 121.324264526, 121.811882019, 122.31111145, 122.810340881, 123.321174622, 123.820404053, 124.319633484, 124.807250977, 125.318092346, 125.817321777, 126.316551208, 126.81578064, 127.315010071, 127.814239502, 128.313461304, 128.824310303, 129.323532104, 129.822769165, 130.321990967, 130.821228027, 131.320449829, 131.81968689, 132.318908691, 132.818145752, 133.317367554, 133.816589355, 134.315826416, 134.815048218, 135.314285278, 135.81350708, 136.324356079, 136.811965942, 137.322814941, 137.822036743, 138.321273804, 138.820495605, 139.319732666, 139.818954468, 140.31817627, 140.81741333, 141.316635132, 141.815872192, 142.315093994, 142.814331055, 143.313552856, 143.824401855, 144.312011719, 144.811248779, 145.310470581, 145.809707642, 146.320541382, 146.819763184, 147.319000244, 147.818222046, 148.317459106, 148.816680908, 149.327529907, 149.826751709, 150.32598877, 150.813598633, 151.312835693, 151.812057495, 152.311294556, 152.810516357, 153.321365356, 153.820587158, 154.31980896, 154.819046021, 155.318267822, 155.817504883, 156.316726685, 156.815963745, 157.315185547, 157.814422607, 158.313644409, 158.824493408, 159.32371521, 159.822952271, 160.310562134, 160.809799194, 161.309020996, 161.808258057, 162.319091797, 162.818313599, 163.317550659, 163.816772461, 164.316009521, 164.815231323, 165.326080322, 165.825302124, 166.324539185, 166.812149048, 167.322982788, 167.845443726, 168.379501343, 168.91355896, 169.436004639, 169.958450317, 170.492507935, 171.026565552, 171.549026489, 172.059860229, 172.57069397, 173.06993103, 173.569152832, 174.068389893, 174.567611694, 175.066848755, 175.566070557, 176.065307617, 176.564529419, 177.063766479, 177.57460022, 178.08543396, 178.619491577, 179.153549194, 179.676010132, 180.210067749, 180.744125366, 181.266571045, 181.789016724, 182.299865723, 182.810699463, 183.321533203, 183.832382202, 184.331604004, 184.830841064, 185.330062866, 185.829299927, 186.328521729, 186.827758789, 187.326980591, 187.826202393, 188.325439453, 188.824661255, 189.323898315, 189.823120117, 190.322357178, 190.821578979, 191.32081604, 191.820037842, 192.319274902, 192.818496704, 193.317733765, 193.816955566, 194.316192627, 194.815414429, 195.314651489, 195.813873291, 196.313110352, 196.812332153, 197.323165894, 197.822402954, 198.321624756, 198.820861816, 199.320083618, 199.819320679, 200.31854248, 200.817779541, 201.317001343, 201.816238403, 202.315460205, 202.814697266, 203.313919067, 203.824752808, 204.323989868, 204.82321167, 205.357269287, 205.891326904, 206.42539978, 206.959457397, 207.505126953, 208.050796509, 208.561630249, 209.072463989, 209.57170105, 210.070922852, 210.570159912, 211.069381714, 211.568618774, 212.067840576, 212.578674316, 213.066299438, 213.565536499, 214.064758301, 214.575592041, 215.063217163, 215.562438965, 216.050064087, 216.549285889, 217.036911011, 217.547744751, 218.05859375, 218.56942749, 219.091873169, 219.614334106, 220.148391724, 220.694061279, 221.239730835, 221.762176514, 222.284622192, 222.795455933, 223.306304932, 223.817138672, 224.316360474, 224.815597534, 225.314819336, 225.814056396, 226.313278198, 226.812515259, 227.311737061, 227.810974121, 228.321807861, 228.821044922, 229.320266724, 229.819503784, 230.318725586, 230.817947388, 231.317184448, 231.828018188, 232.315643311, 232.814865112, 233.314102173, 233.824935913, 234.324172974, 234.823394775, 235.322631836, 235.821853638, 236.321090698, 236.8203125, 237.319549561, 237.818771362, 238.317993164, 238.817230225, 239.316452026, 239.815689087, 240.314910889, 240.814147949, 241.313369751, 241.812606812, 242.311828613, 242.811065674, 243.310287476, 243.809524536, 244.308746338, 244.807983398, 245.318817139, 245.81803894, 246.317276001, 246.816497803, 247.315734863, 247.814956665, 248.314193726, 248.825027466, 249.324264526, 249.823486328, 250.31111145, 250.82194519, 251.321166992, 251.820404053, 252.319625854, 252.818862915, 253.318084717, 253.817321777, 254.316543579, 254.81578064, 255.315002441, 255.814239502, 256.313476563, 256.812683105, 257.311920166, 257.811157227, 258.321990967, 258.821228027, 259.32043457, 259.819671631, 260.318908691, 260.818145752, 261.317352295, 261.816589355, 262.315826416, 262.815063477, 263.31427002, 263.81350708, 264.312744141, 264.811981201, 265.311187744, 265.810424805, 266.309661865, 266.820495605, 267.319732666, 267.818939209, 268.31817627, 268.81741333, 269.316650391, 269.815856934, 270.315093994, 270.814331055, 271.313568115, 271.812774658, 272.207519531, 272.602264404, 272.997009277, 273.39175415, 273.798095703, 274.192840576, 274.587554932, 275.028747559, 275.458312988, 275.887878418, 276.317443848, 276.723815918, 277.106933594, 277.501678467, 278.000915527, 278.50012207, 278.999359131, 279.498596191, 280.009429932, 280.520263672, 281.031097412, 281.541931152, 282.05279541, 282.49395752, 282.935150146, 283.376312256, 283.817504883, 284.270294189, 284.723083496, 285.175872803, 285.628662109, 286.093048096, 286.5574646, 287.021850586, 287.48626709, 287.962249756, 288.50793457, 289.053588867, 289.599273682, 290.133331299, 290.667388916, 291.189849854, 291.712280273, 292.246337891, 292.780395508, 293.314453125], "beats_loudness": {"dmean2": 0.0303220003843, "median": 0.0598975941539, "min": 9.24132791624e-07, "dvar2": 0.000567677372601, "dvar": 0.000190189603018, "dmean": 0.0167064294219, "max": 0.129251942039, "var": 0.000654128729366, "mean": 0.0551251284778}, "danceability": 1.33775234222, "bpm_histogram_second_peak_weight": {"dmean2": 0, "median": 0.0373514443636, "min": 0.0373514443636, "dvar2": 0, "dvar": 0, "dmean": 0, "max": 0.0373514443636, "var": 0, "mean": 0.0373514443636}, "beats_count": 590, "bpm_histogram_second_peak_bpm": {"dmean2": 0, "median": 112, "min": 112, "dvar2": 0, "dvar": 0, "dmean": 0, "max": 112, "var": 0, "mean": 112}, "bpm_histogram_first_peak_spread": {"dmean2": 0, "median": 0.256302535534, "min": 0.256302535534, "dvar2": 0, "dvar": 0, "dmean": 0, "max": 0.256302535534, "var": 0, "mean": 0.256302535534}, "beats_loudness_band_ratio": {"dmean2": [0.234199270606, 0.112429946661, 0.123694621027, 0.174374684691, 0.106113836169, 0.111572317779], "median": [0.771707415581, 0.035696927458, 0.0425548776984, 0.0513097643852, 0.0415785871446, 0.0418310984969], "min": [3.91873390981e-06, 2.68109524768e-05, 0.00461644912139, 0.00366484723054, 0.00175665749703, 0.000338737794664], "dvar2": [0.0554084889591, 0.0207122284919, 0.0321841351688, 0.0554265528917, 0.0161674972624, 0.0251304637641], "dvar": [0.0233131162822, 0.00858103111386, 0.0123046981171, 0.0200883001089, 0.00636818027124, 0.0101246992126], "dmean": [0.127804249525, 0.0651074722409, 0.0721219852567, 0.0970459729433, 0.0598842687905, 0.0635317862034], "max": [0.971986949444, 0.802231729031, 0.767469346523, 0.944421350956, 0.721584200859, 0.874248087406], "var": [0.131736665964, 0.0092513859272, 0.0182975530624, 0.0369698666036, 0.00997017975897, 0.0117035368457], "mean": [0.569150626659, 0.0721195489168, 0.100759483874, 0.138172283769, 0.0777460485697, 0.0742078050971]}}, "lowlevel": {"barkbands_spread": {"dmean2": 11.8961362839, "median": 24.1305084229, "min": 0.305508285761, "dvar2": 165.120147705, "dvar": 69.8374633789, "dmean": 7.50905990601, "max": 97.0302276611, "var": 228.961334229, "mean": 26.1940727234}, "melbands_spread": {"dmean2": 13.375828743, "median": 20.049407959, "min": 0.334221184254, "dvar2": 239.085144043, "dvar": 106.124084473, "dmean": 8.47978401184, "max": 156.695907593, "var": 386.227111816, "mean": 25.2321281433}, "hfc": {"dmean2": 17.6630363464, "median": 27.4770126343, "min": 1.1530597307e-16, "dvar2": 758.483032227, "dvar": 290.728607178, "dmean": 11.1273946762, "max": 290.670196533, "var": 566.752563477, "mean": 32.3462905884}, "barkbands_kurtosis": {"dmean2": 6.15683460236, "median": 1.66415572166, "min": -1.840285182, "dvar2": 302.207763672, "dvar": 115.673606873, "dmean": 3.86901116371, "max": 503.482513428, "var": 160.648986816, "mean": 5.16890621185}, "gfcc": {"mean": [34.2065086365, 55.7380981445, -125.525344849, 32.6186981201, -59.1162261963, 16.4075908661, -32.3614273071, 11.799782753, -24.1967029572, 5.63923406601, -14.6272230148, 6.02864646912, -11.8973474503], "icov": [[0.000300617452012, -5.5075637647e-05, -7.27244623704e-05, -0.000173583975993, -6.9188667112e-05, -4.2868192395e-05, 0.00038947048597, -0.000148296108819, 0.000260336499196, -0.000426001904998, 0.000572916469537, -0.000410219363403, 0.000366302207112], [-5.5075637647e-05, 0.00173223204911, -0.000538030115422, 3.52388524334e-05, -0.000695487193298, -0.000373201502953, 0.000150110005052, 0.000856582890265, -0.00076382572297, 0.0017832966987, -0.00261100078933, 0.00292731681839, -0.0015308232978], [-7.27244623704e-05, -0.000538030115422, 0.00211293553002, -0.000851259334013, -0.00110715522896, -0.000279727071756, -0.000415454764152, -2.40858244069e-05, 0.00122722436208, -0.00170514232013, 0.00232347007841, -0.00318850181065, 0.00184042553883], [-0.000173583975993, 3.52388524334e-05, -0.000851259334013, 0.00305530545302, -0.000861981883645, -0.000256625760812, 0.000494957901537, -0.0019581054803, 0.000790809222963, -8.71738011483e-05, -0.00071328820195, 0.00197298149578, -0.00116094679106], [-6.9188667112e-05, -0.000695487193298, -0.00110715522896, -0.000861981883645, 0.00517897494137, -0.00167473265901, -0.000978409545496, -0.000468931364594, -0.00129060412291, 0.000526277173776, 9.90858825389e-05, -0.000402261328418, 0.000405905884691], [-4.2868192395e-05, -0.000373201502953, -0.000279727071756, -0.000256625760812, -0.00167473265901, 0.00880480278283, -0.00344760343432, -0.00021249888232, 0.0010724067688, -0.00301227881573, 0.00213288306259, 0.00139624706935, -0.00160764472093], [0.00038947048597, 0.000150110005052, -0.000415454764152, 0.000494957901537, -0.000978409545496, -0.00344760343432, 0.0105702998117, -0.00236105592921, -0.00154035049491, 0.00152777065523, -0.00240345066413, 7.1574926551e-05, -0.000216876680497], [-0.000148296108819, 0.000856582890265, -2.40858244069e-05, -0.0019581054803, -0.000468931364594, -0.00021249888232, -0.00236105592921, 0.0109295072034, -0.00399737805128, 0.00216314662248, -0.000954401562922, -0.00312742358074, 0.00175397435669], [0.000260336499196, -0.00076382572297, 0.00122722436208, 0.000790809222963, -0.00129060412291, 0.0010724067688, -0.00154035049491, -0.00399737805128, 0.0162347536534, -0.00984004978091, -0.00096931081498, 0.00352612766437, -0.00458803214133], [-0.000426001904998, 0.0017832966987, -0.00170514232013, -8.71738011483e-05, 0.000526277173776, -0.00301227881573, 0.00152777065523, 0.00216314662248, -0.00984004978091, 0.0197166390717, -0.0069828145206, -0.000778287532739, 0.00290360767394], [0.000572916469537, -0.00261100078933, 0.00232347007841, -0.00071328820195, 9.90858825389e-05, 0.00213288306259, -0.00240345066413, -0.000954401562922, -0.00096931081498, -0.0069828145206, 0.0196960847825, -0.0124311922118, 0.00171903835144], [-0.000410219363403, 0.00292731681839, -0.00318850181065, 0.00197298149578, -0.000402261328418, 0.00139624706935, 7.1574926551e-05, -0.00312742358074, 0.00352612766437, -0.000778287532739, -0.0124311922118, 0.0263691861182, -0.0114579955116], [0.000366302207112, -0.0015308232978, 0.00184042553883, -0.00116094679106, 0.000405905884691, -0.00160764472093, -0.000216876680497, 0.00175397435669, -0.00458803214133, 0.00290360767394, 0.00171903835144, -0.0114579955116, 0.0192722138017]], "cov": [[6738.29443359, 78.0186538696, 2265.30053711, 1323.97473145, 879.163452148, 386.053771973, -114.868049622, 240.295715332, -285.277740479, 126.492996216, -383.332458496, 19.7045764923, -308.98828125], [78.0186538696, 1140.51647949, 361.431976318, 246.300765991, 349.292053223, 161.516799927, 95.1669158936, 0.00764197669923, 57.9338569641, -21.1364173889, 59.7102050781, -61.3101119995, 51.8181991577], [2265.30053711, 361.431976318, 2212.13061523, 1041.03112793, 888.108032227, 413.137390137, 146.66053772, 240.084777832, -112.933082581, 128.492889404, -153.311325073, 86.588104248, -148.417861938], [1323.97473145, 246.300765991, 1041.03112793, 936.55090332, 535.207763672, 247.190719604, 87.8935165405, 197.753067017, -37.3894920349, 61.9330444336, -68.211479187, 16.580450058, -58.548740387], [879.163452148, 349.292053223, 888.108032227, 535.207763672, 658.585327148, 263.006225586, 138.973739624, 150.365066528, 18.5475540161, 67.7881317139, -25.9643363953, 29.3653774261, -31.6110420227], [386.053771973, 161.516799927, 413.137390137, 247.190719604, 263.006225586, 251.140823364, 100.489524841, 71.9201507568, 13.2804479599, 46.5068588257, -21.9321727753, 4.04544305801, -8.55877017975], [-114.868049622, 95.1669158936, 146.66053772, 87.8935165405, 138.973739624, 100.489524841, 175.050811768, 74.3627548218, 52.5232696533, 32.1101074219, 45.6813316345, 29.2635860443, 22.6790065765], [240.295715332, 0.00764197669923, 240.084777832, 197.753067017, 150.365066528, 71.9201507568, 74.3627548218, 177.452453613, 43.1184844971, 41.0956535339, 26.2899894714, 45.4384918213, 0.681074559689], [-285.277740479, 57.9338569641, -112.933082581, -37.3894920349, 18.5475540161, 13.2804479599, 52.5232696533, 43.1184844971, 148.551254272, 65.7183837891, 74.196685791, 20.2145957947, 46.8039321899], [126.492996216, -21.1364173889, 128.492889404, 61.9330444336, 67.7881317139, 46.5068588257, 32.1101074219, 41.0956535339, 65.7183837891, 116.31010437, 48.9723396301, 37.3561973572, 2.4129884243], [-383.332458496, 59.7102050781, -153.311325073, -68.211479187, -25.9643363953, -21.9321727753, 45.6813316345, 26.2899894714, 74.196685791, 48.9723396301, 151.755966187, 64.4707183838, 54.4782142639], [19.7045764923, -61.3101119995, 86.588104248, 16.580450058, 29.3653774261, 4.04544305801, 29.2635860443, 45.4384918213, 20.2145957947, 37.3561973572, 64.4707183838, 105.889816284, 39.7870635986], [-308.98828125, 51.8181991577, -148.417861938, -58.548740387, -31.6110420227, -8.55877017975, 22.6790065765, 0.681074559689, 46.8039321899, 2.4129884243, 54.4782142639, 39.7870635986, 102.242774963]]}, "spectral_energyband_middle_low": {"dmean2": 0.00864004809409, "median": 0.00641416665167, "min": 1.72064573598e-22, "dvar2": 0.000219706067583, "dvar": 9.60801771726e-05, "dmean": 0.00542459869757, "max": 0.0852584689856, "var": 0.000114923263027, "mean": 0.00947707984596}, "melbands_crest": {"dmean2": 6.09505271912, "median": 18.6055145264, "min": 2.41985273361, "dvar2": 28.0921955109, "dvar": 11.4692029953, "dmean": 3.96879720688, "max": 35.2576370239, "var": 56.9964141846, "mean": 18.7839717865}, "spectral_kurtosis": {"dmean2": 1.86253094673, "median": 3.02296829224, "min": -1.21295571327, "dvar2": 11.2253332138, "dvar": 3.98157477379, "dmean": 1.11149656773, "max": 87.0825271606, "var": 11.3079357147, "mean": 3.60043716431}, "spectral_rms": {"dmean2": 0.00126581953373, "median": 0.0061259707436, "min": 3.27116719129e-12, "dvar2": 1.23354413972e-06, "dvar": 6.10624397268e-07, "dmean": 0.000839267857373, "max": 0.0130468551069, "var": 4.63017158836e-06, "mean": 0.00614956766367}, "zerocrossingrate": {"dmean2": 0.0146513674408, "median": 0.05810546875, "min": 0.0029296875, "dvar2": 0.00020853044407, "dvar": 0.000159568400704, "dmean": 0.0120227448642, "max": 0.51708984375, "var": 0.00150111329276, "mean": 0.0647000819445}, "silence_rate_60dB": {"dmean2": 0.0107391029596, "median": 0, "min": 0, "dvar2": 0.0123621057719, "dvar": 0.00534061249346, "dmean": 0.00536912772804, "max": 1, "var": 0.0205612629652, "mean": 0.0210011061281}, "erbbands_kurtosis": {"dmean2": 1.50821638107, "median": -0.179217636585, "min": -1.75049173832, "dvar2": 6.64341115952, "dvar": 2.93064832687, "dmean": 0.973183572292, "max": 54.5373077393, "var": 6.04526519775, "mean": 0.482831001282}, "erbbands": {"dmean2": [0.385480701923, 2.65041828156, 6.53651332855, 10.9857320786, 16.1520690918, 14.7261333466, 7.31467628479, 10.360575676, 19.5733909607, 15.7402391434, 16.8750534058, 15.9833574295, 30.3923530579, 62.6938400269, 36.8457107544, 32.9140319824, 36.0103187561, 34.3031959534, 33.5281562805, 36.0300445557, 29.5338897705, 29.2312049866, 28.0947589874, 30.1157531738, 24.2170715332, 21.0655937195, 18.3547019958, 16.0920238495, 13.1117362976, 10.8015823364, 7.4670176506, 6.39354991913, 3.92795944214, 2.38886499405, 1.29540193081, 0.751696705818, 0.310682654381, 0.0698605030775, 0.0041967057623, 7.82012721174e-05], "median": [0.0514900162816, 0.86231815815, 2.10886907578, 2.22699332237, 2.7267870903, 4.12266635895, 3.28858995438, 5.28759384155, 9.76674461365, 8.8582868576, 6.69455718994, 7.47648429871, 11.7968349457, 23.1809577942, 15.3277845383, 13.6071386337, 17.40832901, 15.5714530945, 16.255645752, 16.2254257202, 19.481098175, 20.0832290649, 19.6063938141, 20.9195594788, 19.313123703, 15.6116170883, 13.2892684937, 10.2824869156, 7.71782016754, 6.1040725708, 4.20630550385, 2.83705878258, 1.82582807541, 1.00325214863, 0.47470086813, 0.214798212051, 0.0652111619711, 0.0115849431604, 0.000324661436025, 7.53307685954e-05], "min": [6.27653783982e-22, 5.5870262537e-21, 6.74096178747e-21, 3.55611698491e-20, 2.98896706026e-20, 8.60340667723e-20, 1.90446251449e-20, 4.1179668144e-20, 1.39108023438e-19, 8.47600393155e-19, 5.51615576142e-19, 7.82389661263e-19, 9.2421127655e-19, 8.84499472714e-19, 1.48452853424e-18, 2.33432643609e-18, 2.3165300588e-18, 3.9796552625e-18, 6.78300923593e-18, 5.95118234988e-18, 6.64547143394e-18, 1.17543415563e-17, 9.04402224074e-18, 1.35594026813e-17, 1.66889644283e-17, 1.25355739402e-17, 1.67810147412e-17, 1.40583944228e-17, 1.62702340217e-17, 1.80255294795e-17, 1.43520799362e-17, 1.35569120405e-17, 1.33065997425e-17, 1.18631331777e-17, 8.15275001997e-18, 6.05705609161e-18, 3.20336569636e-18, 1.19666792331e-18, 2.92854636327e-19, 3.34551260043e-20], "dvar2": [0.400266468525, 14.7512226105, 184.68145752, 776.125854492, 1588.56848145, 884.207824707, 270.284301758, 510.662231445, 1405.03588867, 963.421569824, 1777.3840332, 1589.59301758, 7100.04443359, 18577.703125, 16931.1953125, 9949.90820313, 11882.6933594, 15664.0253906, 6243.66601563, 6557.46191406, 3526.73583984, 2450.99853516, 1992.72961426, 2144.15673828, 1431.36291504, 1316.47143555, 1232.80285645, 920.323669434, 655.663269043, 577.143432617, 248.945098877, 191.937438965, 84.4189529419, 28.5374755859, 6.70067882538, 2.37414860725, 0.480273008347, 0.0274318996817, 0.000111852175905, 2.98191018544e-08], "dvar": [0.243510752916, 6.51167631149, 84.7486343384, 318.909759521, 598.795715332, 311.053161621, 108.574440002, 223.781509399, 668.229675293, 410.805419922, 751.81628418, 775.871032715, 3532.76806641, 9859.72460938, 7516.99462891, 4584.50048828, 4554.88330078, 6033.875, 2875.91699219, 2788.40527344, 1442.3984375, 981.727844238, 806.323303223, 847.102661133, 593.627502441, 539.554138184, 516.611572266, 366.606567383, 250.627441406, 237.677185059, 108.861831665, 70.6731262207, 31.0075893402, 10.236787796, 2.46271538734, 0.856131732464, 0.171565845609, 0.00999354198575, 4.18974195782e-05, 1.09481046451e-08], "dmean": [0.291470438242, 1.64293038845, 4.24835634232, 6.7487821579, 9.3627166748, 8.5129776001, 4.37273168564, 6.56034708023, 13.0753393173, 9.94940662384, 10.2542600632, 10.1172237396, 20.4314289093, 43.0472602844, 23.867269516, 20.9658336639, 22.2253818512, 21.1182117462, 20.3681201935, 21.5774307251, 18.2962875366, 18.0103397369, 17.5140266418, 18.5978145599, 15.1036472321, 12.8742408752, 11.3591566086, 9.80355358124, 7.93854379654, 6.60184240341, 4.57208919525, 3.69308376312, 2.27725481987, 1.36832785606, 0.755210459232, 0.436700642109, 0.17963154614, 0.0408492386341, 0.00246059242636, 4.66303572466e-05], "max": [6.8086938858, 31.9471874237, 105.763145447, 163.48374939, 219.990905762, 180.527267456, 541.015808105, 698.88671875, 939.408569336, 494.24899292, 813.758544922, 1409.00024414, 2646.13891602, 2950.1784668, 3297.17236328, 3105.2644043, 2597.80126953, 2651.71899414, 2571.92456055, 2281.66699219, 1681.41101074, 776.076904297, 578.095458984, 507.41418457, 617.816772461, 1005.95562744, 802.783630371, 567.131774902, 500.512512207, 561.99432373, 394.996337891, 137.170135498, 105.39151001, 41.9785690308, 25.7945556641, 8.72887420654, 3.80909371376, 1.11313533783, 0.0912811905146, 0.00127866095863], "var": [1.28940439224, 23.5998935699, 103.73223877, 277.802825928, 448.832214355, 257.140472412, 152.110687256, 494.561309814, 1930.73864746, 713.388061523, 1103.37072754, 1527.97033691, 7123.69091797, 23368.3730469, 12109.6259766, 8259.71289063, 5031.36572266, 6724.58105469, 4444.60595703, 3601.87597656, 2658.23364258, 1686.92028809, 1923.99523926, 2181.328125, 1484.7890625, 1197.19470215, 911.865600586, 631.958007813, 566.088684082, 590.326538086, 234.684280396, 92.2056427002, 33.739112854, 10.563668251, 2.47650957108, 0.703498542309, 0.139219671488, 0.0106960088015, 5.09076708113e-05, 1.39285321055e-08], "mean": [0.720348477364, 3.58669614792, 5.30307579041, 6.66427326202, 8.70670223236, 9.45503807068, 6.41444730759, 11.2474212646, 23.669506073, 16.648475647, 14.4842414856, 15.5009613037, 32.3113174438, 70.6392440796, 37.3168830872, 32.6639289856, 34.5152015686, 32.5498962402, 31.4806270599, 30.9782447815, 32.2520866394, 33.0201072693, 34.6339225769, 36.8533363342, 31.1246643066, 24.8472061157, 21.8403682709, 17.7070579529, 14.3702774048, 11.7986555099, 7.95127820969, 5.43136930466, 3.32920789719, 1.88554167747, 0.959707736969, 0.503849446774, 0.203611895442, 0.0525764226913, 0.00286680040881, 0.000103026519355]}, "spectral_strongpeak": {"dmean2": 0.848572134972, "median": 0.640162706375, "min": 0, "dvar2": 2.47491455078, "dvar": 0.994434297085, "dmean": 0.518561601639, "max": 15.9863986969, "var": 1.80872666836, "mean": 1.09030938148}, "spectral_energy": {"dmean2": 0.0175689868629, "median": 0.0384657047689, "min": 1.0968048992e-20, "dvar2": 0.00032267649658, "dvar": 0.00014613570238, "dmean": 0.0113962162286, "max": 0.174475923181, "var": 0.000743871962186, "mean": 0.043508425355}, "average_loudness": 0.933055043221, "spectral_rolloff": {"dmean2": 1156.0703125, "median": 1335.05859375, "min": 64.599609375, "dvar2": 2787657.25, "dvar": 1154740.625, "dmean": 681.938354492, "max": 20112.0117188, "var": 2687638.75, "mean": 1747.95898438}, "spectral_centroid": {"dmean2": 473.235656738, "median": 1817.33666992, "min": 203.000076294, "dvar2": 224400.4375, "dvar": 108716.148438, "dmean": 315.666564941, "max": 11293.3037109, "var": 519209.15625, "mean": 1859.09680176}, "pitch_salience": {"dmean2": 0.141754820943, "median": 0.494321584702, "min": 0.0789535194635, "dvar2": 0.0155446166173, "dvar": 0.00712304003537, "dmean": 0.0878161415458, "max": 0.981712520123, "var": 0.0272670611739, "mean": 0.474338173866}, "spectral_energyband_middle_high": {"dmean2": 0.00450513092801, "median": 0.00604119710624, "min": 1.65091709626e-21, "dvar2": 4.17840710725e-05, "dvar": 1.95198535948e-05, "dmean": 0.00300175510347, "max": 0.101802028716, "var": 6.10995994066e-05, "mean": 0.00812536571175}, "spectral_contrast_coeffs": {"dmean2": [0.0952576249838, 0.0848757624626, 0.0687070265412, 0.0518832504749, 0.0379134118557, 0.0376730337739], "median": [-0.671982347965, -0.750705003738, -0.779356300831, -0.810161590576, -0.803434252739, -0.750126183033], "min": [-0.975560128689, -0.996324062347, -0.990265846252, -0.967645704746, -0.956088006496, -0.965061306953], "dvar2": [0.00622494658455, 0.00450104707852, 0.00297908298671, 0.0017103322316, 0.00100342661608, 0.000989821739495], "dvar": [0.00262904609554, 0.00169996498153, 0.00121449958533, 0.000668672902975, 0.000401452998631, 0.00042708122055], "dmean": [0.0615117847919, 0.0514020211995, 0.042769100517, 0.0313226170838, 0.023262521252, 0.0236048996449], "max": [-0.251555860043, -0.318454623222, -0.284039825201, -0.46115231514, -0.562961935997, -0.541721701622], "var": [0.0124574257061, 0.00801502354443, 0.00645623588935, 0.00264918245375, 0.00162455788814, 0.00173968321178], "mean": [-0.650696158409, -0.734540224075, -0.764143049717, -0.79976350069, -0.795664072037, -0.743615567684]}, "melbands_skewness": {"dmean2": 1.37555217743, "median": 2.94705057144, "min": -2.01434063911, "dvar2": 1.99571418762, "dvar": 0.952418327332, "dmean": 0.911259412766, "max": 21.5875072479, "var": 5.3596944809, "mean": 3.34855151176}, "spectral_spread": {"dmean2": 887342.625, "median": 4832347.5, "min": 1164908, "dvar2": 1105542643710.0, "dvar": 555796594688, "dmean": 591668.875, "max": 41783528, "var": 1983296045060.0, "mean": 4856497.5}, "dissonance": {"dmean2": 0.0245905872434, "median": 0.481627166271, "min": 0.121680088341, "dvar2": 0.000854739104398, "dvar": 0.000319782760926, "dmean": 0.0146270859987, "max": 0.500000059605, "var": 0.000775342807174, "mean": 0.473349183798}, "spectral_skewness": {"dmean2": 0.281181693077, "median": 1.30678737164, "min": -0.0524292625487, "dvar2": 0.0889743566513, "dvar": 0.0352284088731, "dmean": 0.174541756511, "max": 7.38252067566, "var": 0.167975634336, "mean": 1.332680583}, "spectral_flux": {"dmean2": 0.0409059897065, "median": 0.0935027301311, "min": 6.6805436183e-11, "dvar2": 0.001460227184, "dvar": 0.000820773828309, "dmean": 0.0284885987639, "max": 0.375838935375, "var": 0.00297485361807, "mean": 0.107595972717}, "spectral_contrast_valleys": {"dmean2": [0.749089598656, 0.6765396595, 0.543628633022, 0.484835028648, 0.395736306906, 0.503291010857], "median": [-7.01907444, -6.62743854523, -6.90365934372, -7.04560947418, -6.70077371597, -9.28493309021], "min": [-27.7006416321, -27.3477420807, -27.4691562653, -27.2592868805, -27.3840179443, -27.2987213135], "dvar2": [0.404290616512, 0.304341286421, 0.20120215416, 0.183018431067, 0.136471375823, 0.335330218077], "dvar": [0.168253809214, 0.121219456196, 0.0904172062874, 0.0852787420154, 0.068989045918, 0.153557002544], "dmean": [0.464644163847, 0.40276491642, 0.33304309845, 0.299930006266, 0.251694887877, 0.332379162312], "max": [-5.27613401413, -4.95033025742, -4.9173283577, -5.63719797134, -5.12333631516, -7.39905834198], "var": [2.96656131744, 0.898618459702, 0.746228277683, 0.780406653881, 0.844517409801, 1.12290072441], "mean": [-7.61714792252, -6.77940988541, -6.99355268478, -7.14925909042, -6.870262146, -9.49233341217]}, "erbbands_flatness_db": {"dmean2": 0.0254395734519, "median": 0.115848988295, "min": 0.0490494519472, "dvar2": 0.000647452136036, "dvar": 0.000325485510984, "dmean": 0.0172842051834, "max": 0.563528120518, "var": 0.00546649005264, "mean": 0.143565371633}, "spectral_energyband_high": {"dmean2": 0.00160619348753, "median": 0.001241248101, "min": 7.71997568276e-21, "dvar2": 8.7095750132e-06, "dvar": 3.43121041624e-06, "dmean": 0.000988468760625, "max": 0.0382287800312, "var": 7.04016338204e-06, "mean": 0.00197425344959}, "spectral_entropy": {"dmean2": 0.224498316646, "median": 7.96698999405, "min": 3.9655892849, "dvar2": 0.0672162398696, "dvar": 0.0281563270837, "dmean": 0.146563872695, "max": 9.81468391418, "var": 0.178180843592, "mean": 7.87318277359}, "silence_rate_20dB": {"dmean2": 0, "median": 1, "min": 1, "dvar2": 0, "dvar": 0, "dmean": 0, "max": 1, "var": 0, "mean": 1}, "melbands_flatness_db": {"dmean2": 0.0469518564641, "median": 0.18042203784, "min": 0.00771550647914, "dvar2": 0.00210694200359, "dvar": 0.000991484848782, "dmean": 0.0303916856647, "max": 0.571169793606, "var": 0.00536161009222, "mean": 0.186643153429}, "barkbands": {"dmean2": [0.000435977126472, 0.0120813092217, 0.00662015238777, 0.00485938088968, 0.00461754668504, 0.00110569142271, 0.0013646655716, 0.000837888044771, 0.000679331482388, 0.00147572194692, 0.00128368393052, 0.000821588444524, 0.000859968655277, 0.000673985981848, 0.000765876669902, 0.000570162839722, 0.00055556447478, 0.000535241037142, 0.000577692349907, 0.000452407053672, 0.000413408328313, 0.000348392000888, 0.000296791753499, 0.000257893145317, 0.00019248056924, 0.000168081052834, 2.82106866507e-05], "median": [5.51745433768e-05, 0.00331064104103, 0.00111790921073, 0.000449681567261, 0.00124511774629, 0.000550395809114, 0.000704992911778, 0.000274510850431, 0.000284790061414, 0.00054204754997, 0.000375144591089, 0.000279345898889, 0.000362744758604, 0.000263524765614, 0.00029464607