{"metadata": {"tags": {"album": ["Short Trip Home"], "musicbrainz_recordingid": ["092bc335-ab4a-47c0-bd83-5a0c624f3d14"], "artist": ["Joshua Bell"], "date": ["1999"], "tracknumber": ["9"], "title": ["Concert Duo Movement 1"], "file_name": "1993583.mp3"}, "audio_properties": {"sample_rate": 44100, "downmix": "mix", "lossless": false, "analysis_sample_rate": 44100, "md5_encoded": "7199a7ebdcc94eea4b28f02093149267", "equal_loudness": 0, "replay_gain": -3.83429718018, "codec": "mp3", "bit_rate": 192000, "length": 417.906951904}, "version": {"extractor": "music 1.0", "essentia_build_sha": "70f2e5ece6736b2c40cc944ad0e695b16b925413", "essentia_git_sha": "v2.1_beta2", "essentia": "2.1-beta2"}}, "rhythm": {"beats_loudness_band_ratio": {"dvar2": [0.0947932824492, 0.0714264586568, 0.0672014281154, 0.0167246293277, 0.0102583859116, 0.00105864217039], "var": [0.0829326212406, 0.0577926747501, 0.042878691107, 0.00608858559281, 0.00478778546676, 0.000313953612931], "min": [3.67502798326e-05, 0.000442139047664, 0.00181245151907, 0.000758146343287, 0.000430407235399, 5.52534875169e-05], "dmean": [0.171606272459, 0.196114420891, 0.170829072595, 0.067270219326, 0.0514959953725, 0.0112448576838], "mean": [0.289816409349, 0.368408858776, 0.250999063253, 0.0824575051665, 0.0582897216082, 0.0105952136219], "max": [0.980725646019, 0.975843608379, 0.930452406406, 0.639241158962, 0.57418012619, 0.210664883256], "dmean2": [0.292537599802, 0.335039198399, 0.295681506395, 0.118270337582, 0.0890242233872, 0.0200457423925], "median": [0.197572171688, 0.331285864115, 0.19633358717, 0.0596458204091, 0.0335139632225, 0.0047658411786], "dvar": [0.0348312743008, 0.0271119941026, 0.0241221208125, 0.00583756249398, 0.00370120164007, 0.000358884950401]}, "bpm_histogram_first_peak_weight": {"dvar2": 0, "var": 0, "min": 0.328042328358, "dmean": 0, "mean": 0.328042328358, "max": 0.328042328358, "dmean2": 0, "median": 0.328042328358, "dvar": 0}, "bpm": 162.770324707, "beats_count": 946, "bpm_histogram_first_peak_spread": {"dvar2": 0, "var": 0, "min": 0.337606847286, "dmean": 0, "mean": 0.337606847286, "max": 0.337606847286, "dmean2": 0, "median": 0.337606847286, "dvar": 0}, "danceability": 0.944292604923, "bpm_histogram_first_peak_bpm": {"dvar2": 0, "var": 0, "min": 161, "dmean": 0, "mean": 161, "max": 161, "dmean2": 0, "median": 161, "dvar": 0}, "beats_position": [0.696598649025, 1.40480720997, 2.11301589012, 2.82122445107, 3.50621318817, 4.20281171799, 4.8994102478, 5.59600877762, 6.33904743195, 7.08208608627, 7.83673477173, 8.59138298035, 9.25315189362, 9.91492080688, 10.5882987976, 11.261677742, 12.0627660751, 12.8638544083, 13.6649427414, 14.4660310745, 15.2439002991, 16.0217685699, 16.7996368408, 17.5775051117, 18.2973232269, 19.0171432495, 19.7485713959, 20.4799995422, 21.2114276886, 21.942855835, 22.6626758575, 23.3824939728, 24.102312088, 24.8221302032, 25.5419502258, 26.2617683411, 26.9931964874, 27.7246246338, 28.4908847809, 29.2571430206, 30.0234012604, 30.7896595001, 31.5559177399, 32.3337860107, 33.111656189, 33.901134491, 34.5977325439, 35.2943305969, 35.9444885254, 36.5946464539, 37.1751480103, 37.755645752, 38.3361434937, 38.823764801, 39.3113822937, 39.7989997864, 40.2866210938, 40.7742385864, 41.2618598938, 41.7494773865, 42.2370948792, 42.7247161865, 43.2239456177, 43.7347831726, 44.2340126038, 44.7448501587, 45.2556915283, 45.7781410217, 46.3005905151, 46.8114280701, 47.322265625, 47.8563270569, 48.3671646118, 48.8780021667, 49.3540115356, 49.8300209045, 50.3060302734, 50.6891593933, 51.0839004517, 51.4786376953, 51.8733787537, 52.2565078735, 52.6280250549, 52.999546051, 53.3710632324, 53.7541923523, 54.1257133484, 54.4972343445, 54.8687515259, 55.240272522, 55.6117897034, 55.9833106995, 56.3548278809, 56.726348877, 57.0978660583, 57.4693870544, 57.8409042358, 58.2124252319, 58.583946228, 58.9554634094, 59.3269844055, 59.6868934631, 60.0584106445, 60.4183197021, 60.7782287598, 61.1381378174, 61.498046875, 61.8579597473, 62.2062568665, 62.5777778625, 62.9492950439, 63.32081604, 63.6807250977, 64.0406341553, 64.4005432129, 64.7604522705, 65.1203613281, 65.4802703857, 65.8517913818, 66.234916687, 66.6064376831, 66.9779586792, 67.3494796753, 67.720993042, 68.0925140381, 68.4524230957, 68.8239440918, 69.1954650879, 69.566986084, 69.9384994507, 70.3100204468, 70.6815414429, 71.0414505005, 71.3897476196, 71.7496566772, 72.1095657349, 72.4694747925, 72.8409957886, 73.2125167847, 73.5840377808, 73.9555511475, 74.3270721436, 74.6985931396, 75.0701141357, 75.4416275024, 75.8131484985, 76.1962814331, 76.5794067383, 76.9625396729, 77.345664978, 77.7287979126, 78.1235351562, 78.5182723999, 78.9130172729, 79.3193664551, 79.7141036987, 80.1088409424, 80.503578186, 80.8983230591, 81.2930603027, 81.6761856079, 82.0593185425, 82.4424438477, 82.8255767822, 83.2087097168, 83.5570068359, 83.9053039551, 84.2536010742, 84.6019058228, 84.9502029419, 85.298500061, 85.6468048096, 85.9951019287, 86.3317871094, 86.6684799194, 87.0051651001, 87.3418579102, 87.6785507202, 88.0036239624, 88.3403167725, 88.6770019531, 89.0136947632, 89.3503875732, 89.6870727539, 90.023765564, 90.3604507446, 90.7203598022, 91.0802688599, 91.4401779175, 91.8000869751, 92.2877044678, 92.7753295898, 93.2629470825, 93.8086166382, 94.3542861938, 94.8999557495, 95.4920654297, 96.0841674805, 96.6878890991, 97.2916107178, 97.8837203979, 98.4874343872, 99.0795440674, 99.6716537476, 100.263763428, 100.867477417, 101.401542664, 101.947212219, 102.492874146, 103.073379517, 103.64226532, 104.222763062, 104.803260803, 105.383758545, 105.941040039, 106.498321533, 107.067207336, 107.636100769, 108.204986572, 108.773872375, 109.354377747, 109.946479797, 110.526985168, 111.095870972, 111.664756775, 112.245262146, 112.814147949, 113.290153503, 113.766166687, 114.242172241, 114.729797363, 115.217414856, 115.69342041, 116.088157654, 116.471290588, 116.866027832, 117.260765076, 117.655509949, 118.050247192, 118.444984436, 118.839729309, 119.234466553, 119.629203796, 120.02394104, 120.407073975, 120.79019928, 121.184944153, 121.568069458, 121.97441864, 122.380767822, 122.798728943, 123.205078125, 123.576599121, 123.948112488, 124.319633484, 124.69115448, 125.109115601, 125.527069092, 125.945030212, 126.351379395, 126.746116638, 127.140861511, 127.535598755, 127.930335999, 128.313461304, 128.708206177, 129.10295105, 129.474472046, 129.857589722, 130.229110718, 130.612243652, 130.995376587, 131.378494263, 131.761627197, 132.144760132, 132.527893066, 132.911010742, 133.282531738, 133.665664673, 134.02557373, 134.397094727, 134.768615723, 135.140136719, 135.511657715, 135.883178711, 136.243087769, 136.614593506, 136.986114502, 137.34602356, 137.717544556, 138.089065552, 138.460586548, 138.843719482, 139.215240479, 139.586761475, 139.946670532, 140.31817627, 140.689697266, 141.061218262, 141.444351196, 141.815872192, 142.187393188, 142.570526123, 142.94203186, 143.313552856, 143.685073853, 144.056594849, 144.428115845, 144.799636841, 145.171157837, 145.542678833, 145.914199829, 146.285705566, 146.668838501, 147.040359497, 147.423492432, 147.795013428, 148.166534424, 148.5496521, 148.921173096, 149.281082153, 149.652603149, 150.024124146, 150.395645142, 150.778778076, 151.161895752, 151.545028687, 151.928161621, 152.299682617, 152.671203613, 153.031112671, 153.402633667, 153.762542725, 154.134063721, 154.505569458, 154.865478516, 155.225387573, 155.596908569, 155.956817627, 156.328338623, 156.699859619, 157.071380615, 157.431289673, 157.802810669, 158.174331665, 158.5574646, 158.940582275, 159.312103271, 159.683624268, 160.066757202, 160.438278198, 160.809799194, 161.181304932, 161.564437866, 161.935958862, 162.307479858, 162.679000854, 163.050521851, 163.433654785, 163.805160522, 164.176681519, 164.559814453, 164.942947388, 165.34928894, 165.755645752, 166.161987305, 166.533508301, 166.893417358, 167.253326416, 167.624847412, 167.98475647, 168.344665527, 168.704574585, 169.064483643, 169.436004639, 169.807525635, 170.179046631, 170.550567627, 170.922088623, 171.316818237, 171.699951172, 172.083084106, 172.466217041, 172.837722778, 173.197631836, 173.569152832, 173.940673828, 174.312194824, 174.68371582, 175.055236816, 175.426757812, 175.798278809, 176.169799805, 176.55291748, 176.924438477, 177.295959473, 177.65586853, 178.027389526, 178.398910522, 178.770431519, 179.141952515, 179.513473511, 179.884979248, 180.256500244, 180.616409302, 180.987930298, 181.347839355, 181.719360352, 182.079269409, 182.439178467, 182.810699463, 183.182220459, 183.553741455, 183.913650513, 184.285171509, 184.656692505, 185.028198242, 185.3881073, 185.759628296, 186.131149292, 186.502670288, 186.862579346, 187.222488403, 187.582397461, 187.942306519, 188.302215576, 188.662124634, 189.022033691, 189.381942749, 189.741851807, 190.113372803, 190.47328186, 190.844802856, 191.204711914, 191.553009033, 191.912918091, 192.272827148, 192.632736206, 192.992645264, 193.352554321, 193.712463379, 194.083984375, 194.443893433, 194.815414429, 195.186935425, 195.558456421, 195.929977417, 196.301498413, 196.661407471, 197.021316528, 197.392837524, 197.764343262, 198.135864258, 198.507385254, 198.87890625, 199.262039185, 199.645172119, 200.028289795, 200.411422729, 200.794555664, 201.177688599, 201.560806274, 201.943939209, 202.338684082, 202.721817017, 203.104934692, 203.488067627, 203.871200562, 204.265930176, 204.660675049, 205.183120728, 205.705581665, 206.228027344, 206.750473022, 207.272918701, 207.806976318, 208.329421997, 208.863494873, 209.39755249, 209.931610107, 210.454055786, 210.976501465, 211.498947144, 212.021408081, 212.520629883, 213.008255005, 213.495864868, 213.98348999, 214.447891235, 214.900680542, 215.353469849, 215.829467773, 216.317092896, 216.804718018, 217.269119263, 217.733505249, 218.197906494, 218.662307739, 219.126708984, 219.591110229, 220.055511475, 220.51991272, 220.984298706, 221.437088013, 221.901489258, 222.354278564, 222.81867981, 223.399185181, 223.979675293, 224.664672852, 225.349655151, 226.04624939, 226.742858887, 227.462677002, 228.170883179, 228.890701294, 229.610519409, 230.330337524, 231.038543701, 231.746749878, 232.454956055, 233.16317749, 233.859771729, 234.556365967, 235.264572144, 235.984390259, 236.704208374, 237.424026489, 238.143844604, 238.86366272, 239.583480835, 240.30329895, 240.988296509, 241.673278809, 242.358276367, 243.031646729, 243.705032349, 244.366790771, 245.028564453, 245.585845947, 246.131515503, 246.677185059, 247.106750488, 247.547927856, 247.989105225, 248.465118408, 248.941131592, 249.417144775, 249.8931427, 250.369155884, 250.845169067, 251.263122559, 251.692687988, 252.110656738, 252.540222168, 252.934967041, 253.329696655, 253.71282959, 254.095962524, 254.490692139, 254.885437012, 255.291793823, 255.698135376, 256.081268311, 256.464385986, 256.84753418, 257.230651855, 257.613769531, 258.008514404, 258.391662598, 258.774780273, 259.157897949, 259.529418945, 259.900939941, 260.284088135, 260.667205811, 261.038726807, 261.410247803, 261.793365479, 262.176513672, 262.571228027, 262.954376221, 263.337493896, 263.72064209, 264.092163086, 264.475280762, 264.858398438, 265.241546631, 265.636291504, 266.007781982, 266.390930176, 266.774047852, 267.157196045, 267.540313721, 267.911834717, 268.283355713, 268.654876709, 269.026397705, 269.409515381, 269.792633057, 270.17578125, 270.558898926, 270.942047119, 271.325164795, 271.696685791, 272.068206787, 272.439727783, 272.811248779, 273.182769775, 273.554290771, 273.925811768, 274.297332764, 274.668823242, 275.040344238, 275.411865234, 275.78338623, 276.154907227, 276.526428223, 276.897949219, 277.269470215, 277.640991211, 278.012512207, 278.395629883, 278.767150879, 279.138671875, 279.510192871, 279.881713867, 280.264862061, 280.636352539, 281.007873535, 281.379394531, 281.762542725, 282.1456604, 282.517181396, 282.888702393, 283.260223389, 283.631744385, 284.003265381, 284.374786377, 284.746307373, 285.117828369, 285.489349365, 285.860870361, 286.23236084, 286.603881836, 286.975402832, 287.346923828, 287.718444824, 288.078369141, 288.438262939, 288.809783936, 289.181304932, 289.552825928, 289.935943604, 290.319091797, 290.690612793, 291.062133789, 291.433654785, 291.805175781, 292.188293457, 292.559814453, 292.942932129, 293.326080322, 293.709197998, 294.092315674, 294.46383667, 294.846984863, 295.218505859, 295.590026855, 295.973144531, 296.356262207, 296.727783203, 297.099304199, 297.470825195, 297.842346191, 298.213867188, 298.585388184, 298.95690918, 299.340026855, 299.723175049, 300.106292725, 300.489440918, 300.860961914, 301.24407959, 301.627197266, 302.010345459, 302.393463135, 302.764984131, 303.136505127, 303.508026123, 303.879547119, 304.251068115, 304.622589111, 304.994110107, 305.365631104, 305.7371521, 306.108642578, 306.480163574, 306.85168457, 307.223205566, 307.583129883, 307.943023682, 308.314544678, 308.686065674, 309.05758667, 309.429107666, 309.800628662, 310.172149658, 310.543670654, 310.92678833, 311.309936523, 311.693054199, 312.076171875, 312.470916748, 312.865661621, 313.248779297, 313.655151367, 314.049865723, 314.444610596, 314.839355469, 315.234100342, 315.628845215, 316.023590088, 316.418304443, 316.801452637, 317.184570312, 317.567718506, 317.950836182, 318.333953857, 318.717102051, 319.100219727, 319.483337402, 319.854858398, 320.226379395, 320.609527588, 320.981048584, 321.36416626, 321.735687256, 322.118804932, 322.501953125, 322.873474121, 323.244995117, 323.616516113, 323.988006592, 324.359527588, 324.731048584, 325.10256958, 325.474090576, 325.85723877, 326.240356445, 326.611877441, 326.983398438, 327.354919434, 327.72644043, 328.097961426, 328.481079102, 328.864196777, 329.235717773, 329.60723877, 329.978759766, 330.350280762, 330.733428955, 331.116546631, 331.499664307, 331.8828125, 332.265930176, 332.649078369, 333.032196045, 333.415313721, 333.798461914, 334.18157959, 334.553100586, 334.924621582, 335.284515381, 335.644439697, 336.015960693, 336.387481689, 336.759002686, 337.130523682, 337.49041748, 337.850341797, 338.198638916, 338.558532715, 338.930053711, 339.313201904, 339.6847229, 340.056243896, 340.427734375, 340.799255371, 341.170776367, 341.542297363, 341.913818359, 342.285339355, 342.656860352, 343.028381348, 343.399902344, 343.77142334, 344.131317139, 344.502838135, 344.862762451, 345.234283447, 345.605804443, 345.977325439, 346.337219238, 346.697143555, 347.057037354, 347.41696167, 347.776855469, 348.136779785, 348.508300781, 348.879821777, 349.239715576, 349.599639893, 349.971160889, 350.342681885, 350.702575684, 351.07409668, 351.434020996, 351.805511475, 352.177032471, 352.560180664, 352.93170166, 353.303222656, 353.663116455, 354.034637451, 354.394561768, 354.766082764, 355.13760376, 355.497497559, 355.857421875, 356.217315674, 356.58883667, 356.971954346, 357.355102539, 357.726623535, 358.098144531, 358.481262207, 358.864379883, 359.235900879, 359.607421875, 359.990570068, 360.373687744, 360.74520874, 361.139953613, 361.534698486, 361.941040039, 362.335784912, 362.742126465, 363.136871338, 363.531616211, 363.926330566, 364.332702637, 364.739044189, 365.157012939, 365.563354492, 365.923248291, 366.283172607, 366.654693604, 367.0262146, 367.386108398, 367.746032715, 368.105926514, 368.47744751, 368.837371826, 369.197265625, 369.568786621, 369.928710938, 370.323425293, 370.718170166, 371.112915039, 371.519256592, 371.914001465, 372.308746338, 372.703491211, 373.098236084, 373.48135376, 373.864471436, 374.247619629, 374.630737305, 375.013885498, 375.397003174, 375.791748047, 376.209686279, 376.61605835, 377.022399902, 377.428741455, 377.835083008, 378.229827881, 378.624572754, 379.112182617, 379.599822998, 380.087432861, 380.586669922, 381.085876465, 381.585113525, 382.153991699, 382.722900391, 383.291778564, 383.918731689, 384.534057617, 385.137756348, 385.753112793, 386.368438721, 386.983764648, 387.587463379, 388.202819824, 388.829742432, 389.572784424, 390.327423096, 391.070465088, 391.81350708, 392.510101318, 393.206695557, 393.891693115, 394.576690674, 395.273284912, 396.062744141, 396.840637207, 397.618499756, 398.384765625, 399.151000977, 399.905670166, 400.660308838, 401.40335083, 402.146392822, 402.866210938, 403.597625732, 404.352294922, 405.106933594, 405.838348389, 406.558166504, 407.25479126, 407.951385498, 408.647979736, 409.344573975, 410.05279541, 410.737762451, 411.42276001, 412.107757568, 412.78112793, 413.489349365, 414.185943604, 414.882537842, 415.57913208, 416.287353516, 416.995544434], "beats_loudness": {"dvar2": 0.00338670914061, "var": 0.00220285868272, "min": 3.64210166026e-07, "dmean": 0.0192417278886, "mean": 0.0277000628412, "max": 0.536166727543, "dmean2": 0.0329073853791, "median": 0.00981048215181, "dvar": 0.00128736777697}, "bpm_histogram_second_peak_weight": {"dvar2": 0, "var": 0, "min": 0.10582010448, "dmean": 0, "mean": 0.10582010448, "max": 0.10582010448, "dmean2": 0, "median": 0.10582010448, "dvar": 0}, "bpm_histogram_second_peak_spread": {"dvar2": 0, "var": 0, "min": 0, "dmean": 0, "mean": 0, "max": 0, "dmean2": 0, "median": 0, "dvar": 0}, "bpm_histogram_second_peak_bpm": {"dvar2": 0, "var": 0, "min": 167, "dmean": 0, "mean": 167, "max": 167, "dmean2": 0, "median": 167, "dvar": 0}, "onset_rate": 2.19178414345}, "lowlevel": {"spectral_energyband_high": {"dvar2": 3.30070193399e-08, "var": 3.69345194429e-08, "min": 1.15153253686e-12, "dmean": 2.73009027296e-05, "mean": 4.83035801153e-05, "max": 0.00671782949939, "dmean2": 3.62530008715e-05, "median": 3.94689413952e-06, "dvar": 1.77492793796e-08}, "spectral_energyband_middle_low": {"dvar2": 6.65657789796e-05, "var": 0.00022403949697, "min": 6.49091715164e-14, "dmean": 0.00274092261679, "mean": 0.00870971102268, "max": 0.204586267471, "dmean2": 0.00354820350185, "median": 0.00269708386622, "dvar": 3.67737156921e-05}, "spectral_energy": {"dvar2": 0.000189832411706, "var": 0.00126400857698, "min": 1.74437189953e-12, "dmean": 0.00449313223362, "mean": 0.017092641443, "max": 0.654350578785, "dmean2": 0.00557269481942, "median": 0.00453642709181, "dvar": 0.000116970382805}, "spectral_spread": {"dvar2": 177702813696, "var": 775269515264, "min": 1001835.375, "dmean": 219439.515625, "mean": 2456394.75, "max": 40252436, "dmean2": 355458.46875, "median": 2337992, "dvar": 117270355968}, "spectral_energyband_low": {"dvar2": 0.000114668284368, "var": 0.000735720677767, "min": 1.38574217476e-14, "dmean": 0.00202494999394, "mean": 0.00696058990434, "max": 0.600594580173, "dmean2": 0.0025810431689, "median": 0.000284940557322, "dvar": 7.25097488612e-05}, "spectral_rolloff": {"dvar2": 196445.46875, "var": 317850.53125, "min": 21.533203125, "dmean": 169.561920166, "mean": 793.758422852, "max": 17377.2949219, "dmean2": 282.905700684, "median": 602.9296875, "dvar": 98643.546875}, "barkbands": {"dvar2": [6.92839952077e-10, 1.55794496095e-05, 6.13857628196e-05, 1.80667859695e-06, 2.80756594293e-05, 1.41085401992e-05, 1.08022422864e-05, 4.47187585451e-06, 9.83749487204e-07, 1.07446885522e-06, 2.96556549984e-07, 1.3841096802e-07, 2.44064437993e-07, 4.4994354198e-07, 1.80775899139e-07, 4.88922808017e-07, 2.28584369211e-07, 1.42617835763e-07, 8.97055372207e-08, 2.3986213904e-08, 8.49275139103e-09, 4.83016782127e-09, 1.05191544364e-09, 2.13097331447e-10, 4.49278843295e-11, 5.72515299058e-12, 1.82437357864e-13], "var": [2.40453823519e-10, 0.000109455839265, 0.000401395518566, 5.72515273234e-06, 5.44976683159e-05, 1.93662854144e-05, 3.02682947222e-05, 1.86903744179e-05, 2.48610422204e-06, 2.06881236409e-06, 1.29844488583e-06, 1.9681159813e-07, 3.21368418099e-07, 6.62463321532e-07, 2.29347719483e-07, 1.02295064153e-06, 3.38278113077e-07, 1.953838904e-07, 1.22925982282e-07, 6.80851002244e-08, 1.21636363204e-08, 3.45707262817e-09, 6.96129209832e-10, 1.44714823458e-10, 1.9009575164e-11, 2.39954800821e-12, 8.10160180045e-14], "min": [7.50163294791e-15, 2.24856690782e-15, 4.17239663026e-15, 8.30822600116e-15, 8.47040994067e-15, 1.04866151705e-14, 1.63535905737e-14, 9.0292162107e-15, 8.42835390781e-15, 7.70711212949e-15, 3.78520431755e-15, 1.06481799289e-14, 2.97011628616e-14, 2.51297328216e-14, 2.2882772947e-14, 2.84670968438e-14, 3.83662455375e-14, 6.8955332709e-14, 7.04009468994e-14, 1.80858800158e-13, 1.44586206614e-13, 9.65125467609e-14, 3.09424286595e-14, 7.62023907516e-14, 1.40136532478e-13, 2.53733232342e-13, 3.17142444034e-13], "dmean": [6.1860846472e-06, 0.000682406011038, 0.00136775244027, 0.000299746956443, 0.00125055504031, 0.000856376194861, 0.00063662044704, 0.000535088183824, 0.000219437817577, 0.000150853695231, 0.000126541403006, 5.92672840867e-05, 9.76695955615e-05, 0.000145408135722, 8.67075941642e-05, 0.000137377544888, 6.40104626655e-05, 5.13854138262e-05, 5.05810057803e-05, 2.20189867832e-05, 1.27880402943e-05, 6.49238972983e-06, 2.92414165415e-06, 1.25682197449e-06, 5.57339149054e-07, 2.0722654881e-07, 3.70829056351e-08], "mean": [6.54123914501e-06, 0.00257800077088, 0.0039743357338, 0.000662016449496, 0.00286460015923, 0.00191576138604, 0.00154507462867, 0.00114198215306, 0.000510018144269, 0.000287746137474, 0.000266058224952, 0.000111706780444, 0.000189531419892, 0.000273180572549, 0.000162975484272, 0.000254221085925, 0.000105033635919, 8.32652076497e-05, 8.51875302033e-05, 3.76911593776e-05, 2.078959551e-05, 9.50013236434e-06, 4.2911701712e-06, 1.88884700947e-06, 8.07577862361e-07, 3.16396722155e-07, 4.39511893546e-08], "max": [0.000535165017936, 0.175679221749, 0.42304712534, 0.0763920918107, 0.142499923706, 0.0824859887362, 0.203438892961, 0.106957793236, 0.0419870577753, 0.098661698401, 0.0539762116969, 0.0230712518096, 0.0128196068108, 0.0224288534373, 0.0141926333308, 0.041852787137, 0.0247351117432, 0.0210977345705, 0.0149320904166, 0.0174435395747, 0.0062021589838, 0.00329287326895, 0.00134632526897, 0.000516708299983, 0.000303663895465, 0.000110151711851, 1.12533716674e-05], "dmean2": [1.12356274258e-05, 0.000813597987872, 0.00178840069566, 0.000439433177235, 0.00176791264676, 0.00123478064779, 0.000812839018181, 0.000601660984103, 0.000285604066448, 0.000201769216801, 0.000161176969414, 8.34586608107e-05, 0.000143096171087, 0.000203952062293, 0.000124386147945, 0.000174249435076, 8.64561880007e-05, 6.94062982802e-05, 6.87382053002e-05, 2.98508221022e-05, 1.77100700967e-05, 9.09351911105e-06, 4.294165592e-06, 1.84913608337e-06, 8.35191542592e-07, 3.09401599452e-07, 5.93664637449e-08], "median": [2.20844503929e-06, 3.20780673064e-05, 7.72905405029e-05, 6.94796908647e-05, 0.000506362470333, 0.000539680069778, 0.000198918656679, 0.00010848142847, 6.59432116663e-05, 3.54176045221e-05, 3.68900327885e-05, 2.28398203035e-05, 3.33256393787e-05, 4.09092244809e-05, 3.08629678329e-05, 2.49821896432e-05, 1.05632498162e-05, 6.973996733e-06, 9.94603578874e-06, 3.41774239132e-06, 1.53632106503e-06, 4.02899217988e-07, 1.46096326148e-07, 5.17625586838e-08, 2.9010722713e-08, 1.70638490005e-08, 3.6284937277e-09], "dvar": [2.15979165108e-10, 1.01431569419e-05, 3.90416025766e-05, 8.3677417706e-07, 1.37865681609e-05, 6.51102118354e-06, 5.70728207094e-06, 4.20917831434e-06, 6.29067642421e-07, 7.08646041403e-07, 2.63825540969e-07, 7.60100391517e-08, 1.20886141985e-07, 2.44475074851e-07, 9.2294293097e-08, 3.15881123925e-07, 1.33904492827e-07, 9.09051820486e-08, 5.20524316983e-08, 2.14745519145e-08, 5.18562393026e-09, 2.33471819655e-09, 4.56330445653e-10, 9.78940123408e-11, 1.82852413766e-11, 2.29240801689e-12, 7.39785294655e-14]}, "melbands_skewness": {"dvar2": 1.21344387531, "var": 2.17868542671, "min": -1.14722490311, "dmean": 0.506229400635, "mean": 2.60702514648, "max": 21.6788578033, "dmean2": 0.755483031273, "median": 2.35697865486, "dvar": 0.459592789412}, "barkbands_skewness": {"dvar2": 0.736837387085, "var": 1.41051566601, "min": -1.78037416935, "dmean": 0.426821619272, "mean": 1.93259394169, "max": 14.8005046844, "dmean2": 0.632531821728, "median": 1.75309193134, "dvar": 0.293436557055}, "erbbands": {"dvar2": [0.00132173590828, 1.47244524956, 65.2984771729, 35.5222587585, 135.767684937, 418.457519531, 883.248962402, 1157.22595215, 2228.17456055, 2658.45654297, 652.730163574, 650.964172363, 209.683441162, 1390.49316406, 489.409729004, 227.011550903, 517.695556641, 1068.41662598, 833.071960449, 336.290557861, 1845.02746582, 251.092651367, 191.315643311, 591.435852051, 162.401947021, 26.2122631073, 28.3755455017, 4.89344120026, 2.75770235062, 4.31900882721, 1.58221507072, 0.113905310631, 0.0685854777694, 0.0110507942736, 0.00161605305038, 0.00013760868751, 2.13722541957e-05, 8.9139945203e-07, 4.98795094117e-09, 2.4166851853e-10], "var": [0.0260039791465, 9.06821632385, 403.223815918, 170.425262451, 140.346862793, 885.329101562, 1711.25390625, 1441.22631836, 5738.54443359, 10099.0810547, 2358.63720703, 1888.15759277, 320.840576172, 2938.26293945, 1718.35546875, 407.998291016, 744.930603027, 1570.2442627, 1051.02661133, 752.270568848, 4212.08837891, 339.033721924, 228.063812256, 981.422058105, 265.575744629, 47.0092277527, 41.5498504639, 4.95324611664, 2.19295096397, 2.34647154808, 0.6856585145, 0.0931473150849, 0.0327330939472, 0.00357435666956, 0.000790698628407, 6.74381008139e-05, 8.15687326394e-06, 3.73011886268e-07, 2.79007106307e-09, 1.56452106825e-09], "min": [1.68106644599e-13, 2.47463860384e-13, 3.32118165434e-12, 1.85482237208e-11, 3.439918142e-11, 2.43825237778e-11, 2.41798681772e-11, 1.11910397615e-10, 2.20721510513e-10, 2.29587876488e-10, 1.73389302915e-10, 1.67287045327e-10, 3.21463550224e-10, 1.58650592663e-10, 2.92074586739e-10, 4.66232996654e-10, 1.42193690156e-09, 1.53726242846e-09, 1.08252895537e-09, 9.5888041951e-10, 1.8397107171e-09, 2.31565056019e-09, 3.8404541769e-09, 3.75836561872e-09, 4.54009452255e-09, 7.10645053914e-09, 8.0594322327e-09, 4.43040315545e-09, 3.03858804784e-09, 2.54923482323e-09, 8.3052253963e-10, 1.03805997131e-09, 1.63050339896e-09, 1.41194433922e-09, 1.09061215614e-09, 1.02893149556e-09, 4.02845812264e-10, 2.19740295404e-10, 5.91984586351e-11, 3.4242177236e-12], "dmean": [0.00699173798785, 0.210474938154, 1.38100862503, 1.24845767021, 2.27406644821, 4.41327667236, 6.65403985977, 7.04767036438, 8.91981124878, 11.8453836441, 7.67041492462, 5.95563459396, 2.78905057907, 5.42954969406, 4.99361038208, 2.67536640167, 4.41121244431, 7.02101421356, 5.77594661713, 4.0188703537, 8.10798168182, 2.56334280968, 2.25852775574, 3.20805215836, 2.4410443306, 0.962790131569, 0.704181373119, 0.30157917738, 0.186535999179, 0.166443780065, 0.0913608595729, 0.0325526408851, 0.017343563959, 0.00702993618324, 0.00364893837832, 0.00114136293996, 0.000369374640286, 8.3904931671e-05, 7.24545725461e-06, 5.12303722644e-06], "mean": [0.0374274551868, 0.775732457638, 4.1385717392, 3.43245768547, 4.526304245, 10.2932529449, 15.8714475632, 15.3762845993, 21.7197399139, 27.2273635864, 17.8277206421, 14.5310230255, 5.89103412628, 11.0545778275, 10.509847641, 5.64297199249, 8.9860124588, 13.6618719101, 11.6460227966, 8.25487613678, 15.2479839325, 4.617228508, 3.84234404564, 5.50999689102, 4.16391277313, 1.72141551971, 1.14911210537, 0.487774699926, 0.288781434298, 0.234755143523, 0.126996129751, 0.0494400896132, 0.0251944027841, 0.0102475229651, 0.0051266993396, 0.00172937102616, 0.000546843686607, 0.000118506628496, 1.45618696479e-05, 1.94337626453e-05], "max": [2.7982339859, 60.729637146, 484.729064941, 240.060775757, 246.821731567, 670.654785156, 692.307189941, 1031.56445312, 2806.83544922, 2461.7590332, 1390.13928223, 1199.64147949, 580.062866211, 3619.42431641, 1898.0369873, 921.255859375, 567.440429688, 1216.0838623, 869.671569824, 1125.49450684, 2887.33056641, 723.394042969, 665.327941895, 1160.48913574, 823.405151367, 316.915405273, 393.695465088, 70.7535858154, 51.818687439, 108.287399292, 61.2554626465, 14.0602769852, 11.5743503571, 5.50205373764, 1.34362506866, 0.48598998785, 0.218594834208, 0.0293777473271, 0.00196972559206, 0.00070983794285], "dmean2": [0.00811681803316, 0.253676563501, 1.77974796295, 1.72555053234, 3.35904860497, 6.25540781021, 9.13305473328, 10.26283741, 11.6595001221, 13.7242984772, 8.97406291962, 7.50617027283, 3.82449197769, 7.05560445786, 6.37197303772, 3.67368221283, 6.33913660049, 9.8578414917, 8.31431674957, 5.36812496185, 10.1979627609, 3.36509895325, 3.07210540771, 4.15849542618, 3.36076545715, 1.28386688232, 0.962872385979, 0.422320812941, 0.268424957991, 0.239021524787, 0.134247437119, 0.0480516403913, 0.0254136156291, 0.0106176976115, 0.00548231508583, 0.00169487763196, 0.000558645930141, 0.000129033040139, 1.0694008779e-05, 6.32791216049e-06], "median": [0.000583931454457, 0.0136471968144, 0.107522837818, 0.22628004849, 0.646411955357, 1.46238708496, 3.40759444237, 4.31749820709, 3.835242033, 2.51915168762, 3.104575634, 2.12383341789, 1.27884161472, 1.56992673874, 1.93668830395, 1.32099568844, 1.61697733402, 2.31185078621, 2.60350131989, 1.55342280865, 1.37496328354, 0.594303786755, 0.452293992043, 0.473036080599, 0.479217350483, 0.181959077716, 0.100712403655, 0.0356159880757, 0.0164941381663, 0.00760694406927, 0.00379184167832, 0.00141943793278, 0.000753295549657, 0.000375660922145, 0.000188502512174, 8.60610743985e-05, 3.03223332594e-05, 6.81026540406e-06, 2.52717563853e-06, 5.13714030603e-06], "dvar": [0.00105880131014, 0.935478925705, 41.6280059814, 19.0782718658, 55.3926544189, 212.514251709, 445.764312744, 551.659545898, 1141.67419434, 2134.67211914, 517.403564453, 446.547973633, 117.553245544, 948.443359375, 399.067565918, 134.35748291, 259.368804932, 567.854919434, 412.239959717, 220.403335571, 1251.41503906, 142.77784729, 112.210670471, 399.858856201, 103.140083313, 17.4329013824, 17.7827987671, 2.60715794563, 1.36342477798, 1.88155472279, 0.627347290516, 0.0556802265346, 0.0286338571459, 0.00417031534016, 0.000690233195201, 5.75225349166e-05, 8.35890841699e-06, 3.5810484178e-07, 2.06446171269e-09, 1.49045817355e-10]}, "silence_rate_30dB": {"dvar2": 0.0200267452747, "var": 0.0275827310979, "min": 0, "dmean": 0.0087787527591, "mean": 0.971609532833, "max": 1, "dmean2": 0.0175584815443, "median": 1, "dvar": 0.00870125927031}, "melbands_spread": {"dvar2": 29.583190918, "var": 69.3566207886, "min": 0.379111498594, "dmean": 2.68459248543, "mean": 11.7288789749, "max": 108.216789246, "dmean2": 3.88013195992, "median": 9.94954013824, "dvar": 14.1166887283}, "melbands_crest": {"dvar2": 17.3421802521, "var": 33.5174331665, "min": 2.77278828621, "dmean": 2.43924045563, "mean": 16.5177059174, "max": 38.3736076355, "dmean2": 3.7179608345, "median": 15.5313243866, "dvar": 6.77858257294}, "zerocrossingrate": {"dvar2": 4.02435762226e-05, "var": 0.000236755018705, "min": 0.0029296875, "dmean": 0.00422038557008, "mean": 0.0305721461773, "max": 0.51025390625, "dmean2": 0.00505957286805, "median": 0.02880859375, "dvar": 3.02674561681e-05}, "barkbands_kurtosis": {"dvar2": 125.484138489, "var": 122.936523438, "min": -1.82225418091, "dmean": 2.7858402729, "mean": 6.37928104401, "max": 254.704467773, "dmean2": 4.19950962067, "median": 3.61614894867, "dvar": 47.8583526611}, "spectral_flux": {"dvar2": 0.000577496015467, "var": 0.00117580255028, "min": 2.46529416472e-05, "dmean": 0.00969345215708, "mean": 0.0323220863938, "max": 0.365232765675, "dmean2": 0.01565570198, "median": 0.0182144735008, "dvar": 0.000217515189433}, "barkbands_crest": {"dvar2": 11.1114625931, "var": 21.5932807922, "min": 3.37569522858, "dmean": 1.96082437038, "mean": 12.3623800278, "max": 26.4398803711, "dmean2": 2.9857442379, "median": 11.5073575974, "dvar": 4.36705064774}, "barkbands_flatness_db": {"dvar2": 0.000803353788797, "var": 0.00301920296624, "min": 0.036059319973, "dmean": 0.0184100866318, "mean": 0.228070825338, "max": 0.486859023571, "dmean2": 0.0263764820993, "median": 0.223158419132, "dvar": 0.000360192236258}, "spectral_entropy": {"dvar2": 0.0517216622829, "var": 0.222007378936, "min": 4.09764957428, "dmean": 0.15134511888, "mean": 6.50818967819, "max": 9.78447341919, "dmean2": 0.213887944818, "median": 6.52055883408, "dvar": 0.0257674604654}, "pitch_salience": {"dvar2": 0.0079267565161, "var": 0.0143065415323, "min": 0.0612358190119, "dmean": 0.0546626634896, "mean": 0.490667790174, "max": 0.890310883522, "dmean2": 0.0840249881148, "median": 0.501441180706, "dvar": 0.00316216377541}, "erbbands_spread": {"dvar2": 35.8229637146, "var": 123.192024231, "min": 2.12093997002, "dmean": 3.62513446808, "mean": 26.2465934753, "max": 118.203460693, "dmean2": 5.32583332062, "median": 25.2253074646, "dvar": 15.6017122269}, "dynamic_complexity": 7.81090688705, "spectral_contrast_valleys": {"dvar2": [0.254233509302, 0.176271274686, 0.12878523767, 0.104592934251, 0.103303030133, 0.0818623676896], "var": [2.45713043213, 2.15357112885, 1.64913547039, 1.4997164011, 1.28390204906, 1.08980178833], "min": [-27.932390213, -27.1961193085, -27.077085495, -27.2639541626, -27.5515441895, -27.3039417267], "dmean": [0.351081967354, 0.290176570415, 0.255086869001, 0.232060864568, 0.213599577546, 0.178673669696], "mean": [-9.01684379578, -8.01913356781, -8.95591545105, -9.21943283081, -9.74915981293, -12.9908714294], "max": [-4.76390790939, -4.42229557037, -6.03232955933, -5.94448137283, -6.3029050827, -9.18439388275], "dmean2": [0.585461497307, 0.470886856318, 0.412684202194, 0.366150200367, 0.325151145458, 0.261718928814], "median": [-8.92943382263, -7.80502510071, -8.92507457733, -9.27783298492, -9.88497257233, -13.2722482681], "dvar": [0.105509422719, 0.078245267272, 0.0616100840271, 0.0540483444929, 0.0585813932121, 0.0490215085447]}, "hfc": {"dvar2": 34.1726608276, "var": 150.550567627, "min": 1.67376157378e-08, "dmean": 2.07478618622, "mean": 7.08743858337, "max": 189.219223022, "dmean2": 2.40019845963, "median": 1.98107969761, "dvar": 24.8210983276}, "spectral_kurtosis": {"dvar2": 77.1646575928, "var": 63.4562950134, "min": -1.1209731102, "dmean": 5.56912517548, "mean": 13.3698768616, "max": 75.877243042, "dmean2": 9.68260765076, "median": 11.648349762, "dvar": 26.5596103668}, "mfcc": {"mean": [-793.443664551, 175.133468628, -24.8883914948, 19.0276241302, 1.14241635799, -6.10890674591, -8.04877185822, -14.8570079803, -10.971280098, 0.66879683733, -4.49910640717, -5.8878364563, 0.588428854942], "cov": [[11467.9267578, 1068.17956543, -985.967102051, 1045.94042969, -486.337310791, 259.617370605, -340.881866455, 89.363822937, 23.959312439, 148.777984619, 39.3463249207, 10.2940139771, -74.338508606], [1068.17956543, 1218.6842041, 195.634674072, 267.853790283, 163.567550659, 115.104286194, 138.140579224, 6.62071228027, 50.7749290466, 58.0391731262, 2.0395026207, -25.549697876, -27.0465736389], [-985.967102051, 195.634674072, 752.13470459, 107.67539978, 268.080078125, 199.292144775, 174.921417236, 149.124099731, 111.589881897, 69.0023269653, 35.438747406, 13.0182571411, -18.0600185394], [1045.94042969, 267.853790283, 107.67539978, 463.229522705, 110.554046631, 134.907531738, 85.8361968994, 96.8715286255, 88.623085022, 64.6803588867, 26.1694030762, 22.0648937225, 29.9129104614], [-486.337310791, 163.567550659, 268.080078125, 110.554046631, 276.079223633, 142.108322144, 129.354446411, 93.0567398071, 63.0066680908, 41.9989547729, 30.8021373749, 16.331987381, -1.23983740807], [259.617370605, 115.104286194, 199.292144775, 134.907531738, 142.108322144, 235.780136108, 130.226699829, 100.012763977, 72.5909194946, 50.6609077454, 37.8282966614, 21.7057361603, -0.406570881605], [-340.881866455, 138.140579224, 174.921417236, 85.8361968994, 129.354446411, 130.226699829, 223.694213867, 96.341583252, 59.2273597717, 45.6793861389, 31.7245521545, 18.873418808, 9.37562847137], [89.363822937, 6.62071228027, 149.124099731, 96.8715286255, 93.0567398071, 100.012763977, 96.341583252, 179.123825073, 89.0696182251, 33.243560791, 24.2636013031, 18.3031749725, 13.3986845016], [23.959312439, 50.7749290466, 111.589881897, 88.623085022, 63.0066680908, 72.5909194946, 59.2273597717, 89.0696182251, 136.276153564, 61.946308136, 15.5690097809, 23.7066764832, 17.8870067596], [148.777984619, 58.0391731262, 69.0023269653, 64.6803588867, 41.9989547729, 50.6609077454, 45.6793861389, 33.243560791, 61.946308136, 125.257476807, 51.1372909546, 4.70327997208, 14.4116306305], [39.3463249207, 2.0395026207, 35.438747406, 26.1694030762, 30.8021373749, 37.8282966614, 31.7245521545, 24.2636013031, 15.5690097809, 51.1372909546, 109.236541748, 50.7411422729, 2.90788936615], [10.2940139771, -25.549697876, 13.0182571411, 22.0648937225, 16.331987381, 21.7057361603, 18.873418808, 18.3031749725, 23.7066764832, 4.70327997208, 50.7411422729, 121.739982605, 53.7222442627], [-74.338508606, -27.0465736389, -18.0600185394, 29.9129104614, -1.23983740807, -0.406570881605, 9.37562847137, 13.3986845016, 17.8870067596, 14.4116306305, 2.90788936615, 53.7222442627, 126.313316345]], "icov": [[0.000309439201374, -0.000326968118316, 0.00045632981346, -0.000592633208726, 0.000814359053038, -0.000932210998144, 0.000907327863388, -0.000803343136795, 0.00059279834386, -0.000632166396827, 0.000298504921375, -0.000438941875473, 0.0005085474113], [-0.000326968118316, 0.00143567204941, -0.000589447969105, 1.12960287879e-05, -0.0012038970599, 0.00108087144326, -0.00152214081027, 0.00169310648926, -0.000784380768891, 0.000564584857784, -0.000135574795422, 0.000647946377285, -0.000272722390946], [0.00045632981346, -0.000589447969105, 0.00295524019748, -0.000543723930605, -0.000352543633198, -0.00195805728436, 0.0011268950766, -0.00178315234371, 0.000410211767303, -0.00123437982984, 0.000688503379934, -0.000722617143765, 0.00116361631081], [-0.000592633208726, 1.12960287879e-05, -0.000543723930605, 0.00433414755389, -0.00187263591215, 0.000611050985754, -0.00127119093668, 0.00055126438383, -0.0017100838013, 0.000647364067845, -0.000466596073238, 0.000783568015322, -0.00158524408471], [0.000814359053038, -0.0012038970599, -0.000352543633198, -0.00187263591215, 0.009287471883, -0.00408770702779, 0.00100957672112, -0.00274693942629, 0.00170946202707, -0.00145958678331, 0.000384597922675, -0.00123813771643, 0.00135119562037], [-0.000932210998144, 0.00108087144326, -0.00195805728436, 0.000611050985754, -0.00408770702779, 0.0113408910111, -0.00511158304289, 0.00136505241971, -0.00244246469811, 0.00154297635891, -0.00155481498223, 0.000882211723365, -0.000680455355905], [0.000907327863388, -0.00152214081027, 0.0011268950766, -0.00127119093668, 0.00100957672112, -0.00511158304289, 0.0107855657116, -0.00476607726887, 0.00230799382553, -0.00276326178573, 0.000707313709427, -0.00154345482588, 0.000997280003503], [-0.000803343136795, 0.00169310648926, -0.00178315234371, 0.00055126438383, -0.00274693942629, 0.00136505241971, -0.00476607726887, 0.0134911192581, -0.00745426723734, 0.00437113409862, -0.00281051476486, 0.00274976575747, -0.00214356579818], [0.00059279834386, -0.000784380768891, 0.000410211767303, -0.0017100838013, 0.00170946202707, -0.00244246469811, 0.00230799382553, -0.00745426723734, 0.0165495723486, -0.00849752593786, 0.00526778586209, -0.00488909287378, 0.00185693521053], [-0.000632166396827, 0.000564584857784, -0.00123437982984, 0.000647364067845, -0.00145958678331, 0.00154297635891, -0.00276326178573, 0.00437113409862, -0.00849752593786, 0.0168438833207, -0.00950026232749, 0.00669364212081, -0.00419550715014], [0.000298504921375, -0.000135574795422, 0.000688503379934, -0.000466596073238, 0.000384597922675, -0.00155481498223, 0.000707313709427, -0.00281051476486, 0.00526778586209, -0.00950026232749, 0.0178378410637, -0.00963971111923, 0.0046271556057], [-0.000438941875473, 0.000647946377285, -0.000722617143765, 0.000783568015322, -0.00123813771643, 0.000882211723365, -0.00154345482588, 0.00274976575747, -0.00488909287378, 0.00669364212081, -0.00963971111923, 0.0160831753165, -0.00728467712179], [0.0005085474113, -0.000272722390946, 0.00116361631081, -0.00158524408471, 0.00135119562037, -0.000680455355905, 0.000997280003503, -0.00214356579818, 0.00185693521053, -0.00419550715014, 0.0046271556057, -0.00728467712179, 0.0120713729411]]}, "silence_rate_20dB": {"dvar2": 0.00133247033227, "var": 0.00155313510913, "min": 0, "dmean": 0.000555617269129, "mean": 0.998444378376, "max": 1, "dmean2": 0.00111129635479, "medi