{"tonal": {"thpcp": [1, 0.69519931078, 0.448542058468, 0.439272046089, 0.451195210218, 0.514878809452, 0.542022407055, 0.435547500849, 0.416048943996, 0.464162707329, 0.353092581034, 0.301501870155, 0.362732946873, 0.311584830284, 0.342003583908, 0.447593599558, 0.373080849648, 0.304170638323, 0.321739077568, 0.296531826258, 0.462761759758, 0.697763621807, 0.571266710758, 0.438945382833, 0.420655548573, 0.316407412291, 0.30829975009, 0.383172810078, 0.355435520411, 0.378573209047, 0.508347213268, 0.464947968721, 0.430326193571, 0.523703753948, 0.607208788395, 0.860803484917], "hpcp": {"dmean2": [0.428061544895, 0.40590468049, 0.372253388166, 0.34159296751, 0.341208934784, 0.387909293175, 0.350500553846, 0.304835885763, 0.337837487459, 0.331902891397, 0.239805787802, 0.201788812876, 0.219884261489, 0.201369807124, 0.204155430198, 0.239795953035, 0.230440407991, 0.203780680895, 0.20242857933, 0.198994800448, 0.275031775236, 0.365885347128, 0.329565405846, 0.308838129044, 0.281289845705, 0.209743022919, 0.202365383506, 0.227246463299, 0.224831014872, 0.245119810104, 0.291599690914, 0.294255256653, 0.306676924229, 0.335958302021, 0.401030510664, 0.469570696354], "median": [0.255613774061, 0.16428527236, 0.0661029517651, 0.0665069147944, 0.0603321008384, 0.0759620070457, 0.0849773958325, 0.0660938173532, 0.0617101788521, 0.0684566050768, 0.0592126324773, 0.0584872215986, 0.0586812794209, 0.0545606091619, 0.0687131509185, 0.076802842319, 0.0741419047117, 0.0605460703373, 0.056882172823, 0.0581406131387, 0.112165004015, 0.164108514786, 0.149950563908, 0.0888934582472, 0.0764284431934, 0.0610311105847, 0.061272546649, 0.0679099112749, 0.0674448907375, 0.0781433135271, 0.0890907272696, 0.0879862904549, 0.0795598402619, 0.0931362658739, 0.11279271543, 0.228437632322], "min": [0, 0, 0, 0, 0, 0, 0, 0, 0, 0, 0, 0, 0, 0, 0, 0, 0, 0, 0, 0, 0, 0, 0, 0, 0, 0, 0, 0, 0, 0, 0, 0, 0, 0, 0, 0], "dvar2": [0.179010227323, 0.175119549036, 0.186562269926, 0.160601302981, 0.174695506692, 0.205099508166, 0.169752195477, 0.133160114288, 0.162966504693, 0.15711401403, 0.0925034731627, 0.073724552989, 0.0927573889494, 0.0805064067245, 0.0627061501145, 0.0934843495488, 0.0849197655916, 0.0678103864193, 0.0709129944444, 0.0681736469269, 0.0918436124921, 0.147687345743, 0.115890599787, 0.129739016294, 0.123225912452, 0.0786224678159, 0.073733523488, 0.0893957987428, 0.0846499800682, 0.0928123295307, 0.13622148335, 0.123236849904, 0.13372284174, 0.15705755353, 0.186609238386, 0.189967378974], "dvar": [0.0700119510293, 0.0616228245199, 0.0647632107139, 0.0547335669398, 0.0658262446523, 0.0786911770701, 0.0665532648563, 0.0528547875583, 0.0584422834218, 0.0550872795284, 0.0329549722373, 0.02652583085, 0.0327515080571, 0.0279577355832, 0.0228809714317, 0.035182159394, 0.0304309595376, 0.0243122540414, 0.0255303867161, 0.0237358566374, 0.0318623259664, 0.0516221895814, 0.0395927168429, 0.0441196672618, 0.041491471231, 0.0266461744905, 0.0248634126037, 0.030411016196, 0.0290485415608, 0.0309261344373, 0.0449862293899, 0.0415732637048, 0.0455351732671, 0.0536193884909, 0.0666946098208, 0.0713103488088], "dmean": [0.249311372638, 0.23032553494, 0.203260347247, 0.189142212272, 0.195548951626, 0.222477138042, 0.203745052218, 0.175208210945, 0.186770036817, 0.183036312461, 0.132961794734, 0.11319500953, 0.123529441655, 0.112789198756, 0.114935711026, 0.135582119226, 0.130324020982, 0.114096909761, 0.114161841571, 0.111644767225, 0.154845803976, 0.205750346184, 0.18744418025, 0.172761455178, 0.157286345959, 0.117567315698, 0.112689860165, 0.126110225916, 0.12445127964, 0.136078670621, 0.163249954581, 0.164093956351, 0.169441699982, 0.187703639269, 0.227407306433, 0.273926019669], "max": [1, 1, 1, 1, 1, 1, 1, 1, 1, 1, 1, 1, 1, 1, 1, 1, 1, 1, 1, 1, 1, 1, 1, 1, 1, 1, 1, 1, 1, 1, 1, 1, 1, 1, 1, 1], "var": [0.130564853549, 0.0764715448022, 0.0590333156288, 0.0538069196045, 0.0641048252583, 0.075405292213, 0.078234449029, 0.0561605654657, 0.0522861070931, 0.063538312912, 0.0379564240575, 0.0273519791663, 0.0449217893183, 0.0320613645017, 0.0303293503821, 0.060446921736, 0.0354402475059, 0.0270107295364, 0.0336593389511, 0.0251586548984, 0.0381734259427, 0.083545923233, 0.0498007573187, 0.0459996201098, 0.0501190386713, 0.0293542779982, 0.025928972289, 0.0462210252881, 0.034633949399, 0.0337238572538, 0.0657518804073, 0.052279856056, 0.0467192567885, 0.0679444074631, 0.0786267369986, 0.10129237175], "mean": [0.390546441078, 0.271507620811, 0.175176501274, 0.171556130052, 0.17621268332, 0.201084077358, 0.211684927344, 0.170101523399, 0.162486433983, 0.181277096272, 0.137899056077, 0.117750480771, 0.14166405797, 0.121688351035, 0.133568286896, 0.174806088209, 0.145705401897, 0.118792757392, 0.125654056668, 0.115809448063, 0.180729955435, 0.272509098053, 0.223106175661, 0.171428561211, 0.16428552568, 0.123571790755, 0.120405368507, 0.149646773934, 0.138814076781, 0.147850424051, 0.198533192277, 0.18158377707, 0.168062359095, 0.204530626535, 0.237143233418, 0.336183726788]}, "tuning_equal_tempered_deviation": 0.0240388792008, "chords_changes_rate": 0.0667925849557, "key_key": "A", "tuning_diatonic_strength": 0.49821716547, "key_scale": "minor", "chords_number_rate": 0.0029189561028, "tuning_frequency": 440, "tuning_nontempered_energy_ratio": 0.726599216461, "chords_histogram": [35.3880500793, 1.57967031002, 5.35714292526, 2.09478020668, 1.11607146263, 1.35645604134, 8.00137329102, 3.55425834656, 10.0103025436, 6.09546709061, 0.875686824322, 0.53228020668, 0.566620886326, 0, 0, 1.85439562798, 1.09890115261, 0.858516454697, 5.56318664551, 1.15041208267, 2.69574165344, 0, 5.42582416534, 4.82486248016], "key_strength": 0.725796461105, "chords_key": "A", "chords_strength": {"dmean2": 0.0123309744522, "median": 0.490940719843, "min": -1, "dvar2": 0.000658780045342, "dvar": 0.000388426647987, "dmean": 0.012149207294, "max": 0.757759213448, "var": 0.0139653738588, "mean": 0.490364104509}, "chords_scale": "minor", "hpcp_entropy": {"dmean2": 1.08389866352, "median": 2.38400793076, "min": 0, "dvar2": 0.802105367184, "dvar": 0.286381095648, "dmean": 0.641971588135, "max": 4.52242040634, "var": 0.798541367054, "mean": 2.33352088928}}, "metadata": {"audio_properties": {"equal_loudness": 0, "codec": "mp3", "downmix": "mix", "sample_rate": 44100, "analysis_sample_rate": 44100, "bit_rate": 192000, "md5_encoded": "5851c1d3e6134e217e3be5a90bb0fd86", "length": 270.419586182, "replay_gain": -10.8820514679, "lossless": false}, "version": {"essentia_build_sha": "70f2e5ece6736b2c40cc944ad0e695b16b925413", "essentia": "2.1-beta2", "extractor": "music 1.0", "essentia_git_sha": "v2.1_beta2"}, "tags": {"title": ["Death Before Dawn"], "media": ["CD"], "albumartist": ["Finnugor"], "musicbrainz_recordingid": ["092ba467-bb12-461f-beb3-8d1bb072ad88"], "composer": ["Yusef Lateef"], "musicbrainz_albumartistid": ["e02fa50c-935e-4a20-825c-63f0f6d8ac16"], "discnumber": ["1/1"], "album": ["Death Before Dawn"], "catalognumber": ["CD AR 074"], "musicbrainz album release country": ["FR"], "musicbrainz album type": ["album"], "musicbrainz album status": ["official"], "file_name": "02 death before dawn.mp3", "date": ["2003"], "genre": ["Black Metal"], "musicbrainz_releasegroupid": ["67984a0e-7cfa-344f-be8c-88b5df591369"], "script": ["Latn"], "originaldate": ["2003"], "musicbrainz_albumid": ["6abb56da-4870-4dab-8ffe-e438704b8c53"], "artist": ["Finnugor"], "artistsort": ["Finnugor"], "tracknumber": ["2/10"], "label": ["Adipocere Records"], "albumartistsort": ["Finnugor"], "acoustid_id": ["2fbf34f1-9072-49dd-a7e9-e7637107f029"], "musicbrainz_artistid": ["e02fa50c-935e-4a20-825c-63f0f6d8ac16"]}}, "rhythm": {"bpm_histogram_first_peak_bpm": {"dmean2": 0, "median": 126, "min": 126, "dvar2": 0, "dvar": 0, "dmean": 0, "max": 126, "var": 0, "mean": 126}, "bpm": 125.659599304, "bpm_histogram_second_peak_spread": {"dmean2": 0, "median": 0, "min": 0, "dvar2": 0, "dvar": 0, "dmean": 0, "max": 0, "var": 0, "mean": 0}, "bpm_histogram_first_peak_weight": {"dmean2": 0, "median": 0.357142865658, "min": 0.357142865658, "dvar2": 0, "dvar": 0, "dmean": 0, "max": 0.357142865658, "var": 0, "mean": 0.357142865658}, "onset_rate": 2.22977209091, "beats_position": [0.487619042397, 0.986848056316, 1.48607707024, 1.98530614376, 2.48453521729, 2.97215414047, 3.45977306366, 3.94739222527, 4.43501138687, 4.92263031006, 5.39863920212, 5.87464857101, 6.3622674942, 6.84988641739, 7.33750534058, 7.8251247406, 8.3011341095, 8.78875255585, 9.27637195587, 9.75238037109, 10.22838974, 10.7043991089, 11.1920175552, 11.6796369553, 12.1672563553, 12.6548748016, 13.1424942017, 13.6417226791, 14.1409521103, 14.6401815414, 15.1277999878, 15.6154193878, 16.0914287567, 16.5906581879, 17.0898857117, 17.5775051117, 18.0651245117, 18.5527439117, 19.0403633118, 19.5279808044, 20.0156002045, 20.5032196045, 20.9908390045, 21.4784584045, 21.9660758972, 22.430475235, 22.9064846039, 23.3824939728, 23.8585033417, 24.3345127106, 24.8105201721, 25.3097496033, 25.8089790344, 26.3082084656, 26.8074378967, 27.3066654205, 27.8058948517, 28.3051242828, 28.7927436829, 29.291973114, 29.7679805756, 30.2439899445, 30.7316093445, 31.2076187134, 31.6720180511, 32.1364173889, 32.6008148193, 33.0884361267, 33.5760536194, 34.0636711121, 34.539680481, 35.0156898499, 35.4916992188, 35.9677085876, 36.455329895, 36.9313354492, 37.4073448181, 37.883354187, 38.3593635559, 38.8353729248, 39.3113822937, 39.7873916626, 40.2634010315, 40.7394104004, 41.2038078308, 41.6798171997, 42.1558265686, 42.6318359375, 43.1078453064, 43.5838546753, 44.0598640442, 44.5358734131, 45.011882782, 45.4878921509, 45.9638977051, 46.439907074, 46.9159164429, 47.3919258118, 47.8679351807, 48.3439445496, 48.8315620422, 49.3075714111, 49.78358078, 50.2595901489, 50.7355995178, 51.2232208252, 51.6992263794, 52.1752357483, 52.6396369934, 53.1156463623, 53.5916557312, 54.0676651001, 54.5436706543, 55.0196800232, 55.4956893921, 55.971698761, 56.4477081299, 56.9237174988, 57.4113349915, 57.8873443604, 58.3633537292, 58.8393630981, 59.315372467, 59.7913818359, 60.2557830811, 60.7201805115, 61.1961898804, 61.6721992493, 62.1482086182, 62.6358261108, 63.1118354797, 63.5994529724, 64.0754623413, 64.5514755249, 65.0274810791, 65.5034942627, 65.9678878784, 66.443901062, 66.9199066162, 67.3959197998, 67.871925354, 68.3479385376, 68.8239440918, 69.299949646, 69.7759628296, 70.2519683838, 70.7279815674, 71.2039871216, 71.6800003052, 72.1560058594, 72.632019043, 73.1080245972, 73.5840377808, 74.060043335, 74.5360565186, 75.0120620728, 75.488067627, 75.9640808105, 76.4400863647, 76.9160995483, 77.3921051025, 77.8681182861, 78.3441238403, 78.8201370239, 79.2961425781, 79.7721557617, 80.2481613159, 80.7241744995, 81.2001800537, 81.6761856079, 82.1521987915, 82.6282043457, 83.1042175293, 83.5802230835, 84.0562362671, 84.5438537598, 85.019859314, 85.4958724976, 85.9718780518, 86.4478912354, 86.9122848511, 87.3882980347, 87.7482070923, 88.1081161499, 88.4680252075, 88.8163223267, 89.1646270752, 89.5245361328, 89.8844451904, 90.244354248, 90.6042633057, 90.9641723633, 91.3240814209, 91.67237854, 92.0322875977, 92.3921966553, 92.7521057129, 93.1120147705, 93.460319519, 93.8202285767, 94.1801376343, 94.5284347534, 94.888343811, 95.2482528687, 95.6081619263, 95.9680709839, 96.3279800415, 96.6878890991, 97.0477981567, 97.4077072144, 97.7560043335, 98.104309082, 98.4642181396, 98.8241271973, 99.1724243164, 99.5207214355, 99.8806304932, 100.240539551, 100.600448608, 100.960357666, 101.320266724, 101.680175781, 102.02848053, 102.376777649, 102.736686707, 103.096595764, 103.444892883, 103.804801941, 104.164710999, 104.536231995, 104.907752991, 105.279273987, 105.650794983, 106.045532227, 106.417053223, 106.77696228, 107.136871338, 107.496780396, 107.856689453, 108.216598511, 108.576507568, 108.924804688, 109.273101807, 109.621406555, 109.992919922, 110.352828979, 110.712738037, 111.072654724, 111.432563782, 111.780860901, 112.140769958, 112.500679016, 112.860588074, 113.220497131, 113.580406189, 113.940315247, 114.288612366, 114.648521423, 115.008430481, 115.356735229, 115.705032349, 116.064941406, 116.424850464, 116.773147583, 117.133056641, 117.492965698, 117.852874756, 118.212783813, 118.561088562, 118.92099762, 119.280906677, 119.640815735, 120.000724792, 120.349021912, 120.708930969, 121.068840027, 121.428749084, 121.777046204, 122.136962891, 122.48526001, 122.845169067, 123.205078125, 123.564987183, 123.92489624, 124.284805298, 124.633102417, 124.993011475, 125.352920532, 125.71282959, 126.072738647, 126.432647705, 126.780952454, 127.140861511, 127.500770569, 127.860679626, 128.208984375, 128.568893433, 128.92880249, 129.288711548, 129.637008667, 129.996917725, 130.356826782, 130.705123901, 131.065032959, 131.424942017, 131.784851074, 132.144760132, 132.504669189, 132.864578247, 133.212875366, 133.561172485, 133.909469604, 134.269378662, 134.62928772, 134.989196777, 135.349105835, 135.697418213, 136.057327271, 136.417236328, 136.777145386, 137.125442505, 137.485351562, 137.84526062, 138.205169678, 138.565078735, 138.924987793, 139.273284912, 139.63319397, 139.993103027, 140.353012085, 140.712921143, 141.061218262, 141.421127319, 141.781036377, 142.140945435, 142.500854492, 142.849151611, 143.209060669, 143.568969727, 143.928878784, 144.288803101, 144.63710022, 144.997009277, 145.356918335, 145.716827393, 146.07673645, 146.425033569, 146.784942627, 147.144851685, 147.504760742, 147.8646698, 148.212966919, 148.561264038, 148.921173096, 149.281082153, 149.640991211, 150.000900269, 150.360809326, 150.720718384, 151.09223938, 151.475372314, 151.846893311, 152.230026245, 152.601531982, 152.96144104, 153.321365356, 153.681274414, 154.041183472, 154.401092529, 154.761001587, 155.120910645, 155.480819702, 155.829116821, 156.189025879, 156.548934937, 156.897232056, 157.257141113, 157.617050171, 157.96534729, 158.325256348, 158.685165405, 159.045074463, 159.393371582, 159.75328064, 160.113189697, 160.473098755, 160.833007812, 161.181304932, 161.52961731, 161.889526367, 162.237823486, 162.597732544, 162.957641602, 163.317550659, 163.677459717, 164.037368774, 164.397277832, 164.75718689, 165.117095947, 165.477005005, 165.836914062, 166.185211182, 166.545120239, 166.905029297, 167.264938354, 167.636459351, 168.077636719, 168.518814087, 168.959991455, 169.401168823, 169.900405884, 170.411239624, 170.898864746, 171.37487793, 171.850875854, 172.326889038, 172.802902222, 173.267303467, 173.731704712, 174.207702637, 174.672103882, 175.148117065, 175.635726929, 176.123352051, 176.610977173, 177.086975098, 177.562988281, 178.050613403, 178.50340271, 178.956192017, 179.408981323, 179.873382568, 180.326171875, 180.778961182, 181.231735229, 181.696136475, 182.16053772, 182.624938965, 183.100952148, 183.576965332, 184.052963257, 184.52897644, 184.993377686, 185.457778931, 185.945388794, 186.433013916, 186.920639038, 187.408248901, 187.907485962, 188.406707764, 188.929153442, 189.451599121, 189.974060059, 190.496505737, 191.018951416, 191.541397095, 192.052246094, 192.574691772, 193.085525513, 193.584762573, 194.095596313, 194.606430054, 195.117279053, 195.616500854, 196.127349854, 196.673019409, 197.230285645, 197.764343262, 198.310012817, 198.844070435, 199.38973999, 199.935409546, 200.481079102, 201.015136719, 201.560806274, 202.10647583, 202.640533447, 203.174606323, 203.650604248, 204.13822937, 204.625839233, 205.101852417, 205.577865601, 206.053878784, 206.529876709, 207.005889893, 207.481903076, 207.95791626, 208.433914185, 208.909927368, 209.385940552, 209.861953735, 210.33795166, 210.813964844, 211.289978027, 211.765975952, 212.241989136, 212.718002319, 213.194015503, 213.670013428, 214.15763855, 214.633651733, 215.109649658, 215.574050903, 216.061676025, 216.537689209, 217.013687134, 217.489700317, 217.965713501, 218.441726685, 218.917724609, 219.382125854, 219.858139038, 220.334152222, 220.821762085, 221.297775269, 221.773788452, 222.249786377, 222.725799561, 223.213424683, 223.677825928, 224.153823853, 224.629837036, 225.10585022, 225.581848145, 226.069473267, 226.533874512, 227.009887695, 227.48588562, 227.961898804, 228.437911987, 228.913925171, 229.389923096, 229.865936279, 230.341949463, 230.817947388, 231.293960571, 231.769973755, 232.245986938, 232.721984863, 233.197998047, 233.685623169, 234.150024414, 234.626022339, 235.102035522, 235.589660645, 236.05406189, 236.530059814, 237.006072998, 237.482086182, 237.958084106, 238.43409729, 238.910110474, 239.386123657, 239.862121582, 240.349746704, 240.825759888, 241.301757812, 241.766159058, 242.242172241, 242.718185425, 243.19418335, 243.658584595, 244.134597778, 244.610610962, 245.075012207, 245.551010132, 246.027023315, 246.514648438, 246.990646362, 247.478271484, 247.965896606, 248.441894531, 248.917907715, 249.393920898, 249.869934082, 250.345932007, 250.82194519, 251.286346436, 251.762359619, 252.238357544, 252.714370728, 253.190383911, 253.666397095, 254.14239502, 254.618408203, 255.094421387, 255.570419312, 256.046447754, 256.52243042, 256.998443604, 257.486083984, 257.973693848, 258.472930908, 258.972137451, 259.471374512, 259.970611572, 260.458221436, 260.957458496, 261.456695557, 261.94430542, 262.431915283, 262.931152344, 263.418762207, 263.894775391, 264.382385254, 264.858398438, 265.334411621, 265.810424805, 266.298034668, 266.785675049, 267.273284912, 267.772521973, 268.271728516, 268.770965576, 269.270202637, 269.769439697], "beats_loudness": {"dmean2": 0.0150880813599, "median": 0.0266435388476, "min": 1.64208799336e-10, "dvar2": 0.000537350191735, "dvar": 0.000175700202817, "dmean": 0.00882712006569, "max": 0.179129332304, "var": 0.000319682178088, "mean": 0.0251374654472}, "danceability": 0.952145755291, "bpm_histogram_second_peak_weight": {"dmean2": 0, "median": 0.262987017632, "min": 0.262987017632, "dvar2": 0, "dvar": 0, "dmean": 0, "max": 0.262987017632, "var": 0, "mean": 0.262987017632}, "beats_count": 617, "bpm_histogram_second_peak_bpm": {"dmean2": 0, "median": 167, "min": 167, "dvar2": 0, "dvar": 0, "dmean": 0, "max": 167, "var": 0, "mean": 167}, "bpm_histogram_first_peak_spread": {"dmean2": 0, "median": 0.314641654491, "min": 0.314641654491, "dvar2": 0, "dvar": 0, "dmean": 0, "max": 0.314641654491, "var": 0, "mean": 0.314641654491}, "beats_loudness_band_ratio": {"dmean2": [0.194489762187, 0.141700252891, 0.182546570897, 0.142464339733, 0.148294150829, 0.0652396008372], "median": [0.329943478107, 0.0907308608294, 0.136558800936, 0.0810487791896, 0.181257322431, 0.0619385391474], "min": [0.00138157070614, 0.00125420035329, 0.000647798879072, 0.000818860018626, 0.000550447613932, 0.00105103699025], "dvar2": [0.030645808205, 0.0239404011518, 0.0310437213629, 0.0264663752168, 0.0322256907821, 0.0124583570287], "dvar": [0.012719492428, 0.00925707537681, 0.011543107219, 0.00938401278108, 0.011393962428, 0.0051604565233], "dmean": [0.114815399051, 0.0822823047638, 0.106532417238, 0.0826894566417, 0.0841096937656, 0.0380963981152], "max": [0.995998442173, 0.895734548569, 0.829336941242, 0.666752755642, 0.806656956673, 0.856084048748], "var": [0.037464350462, 0.0278379917145, 0.0199679303914, 0.0111039699987, 0.0188198313117, 0.0122952982783], "mean": [0.320716738701, 0.155269294977, 0.178581148386, 0.116887107491, 0.182621449232, 0.0858213156462]}}, "lowlevel": {"barkbands_spread": {"dmean2": 14.4842987061, "median": 30.5140228271, "min": 0.774597167969, "dvar2": 193.036682129, "dvar": 65.6445846558, "dmean": 8.20892524719, "max": 108.224708557, "var": 191.786483765, "mean": 30.1870269775}, "melbands_spread": {"dmean2": 24.9605712891, "median": 35.4916877747, "min": 1.5234183073, "dvar2": 581.363525391, "dvar": 207.037796021, "dmean": 14.2916212082, "max": 223.243164062, "var": 631.283691406, "mean": 36.5535583496}, "hfc": {"dmean2": 8.57464408875, "median": 25.7179088593, "min": 1.17967707932e-16, "dvar2": 137.756347656, "dvar": 59.0479202271, "dmean": 5.30830955505, "max": 240.124237061, "var": 463.091400146, "mean": 25.0184707642}, "barkbands_kurtosis": {"dmean2": 4.94923019409, "median": -0.419075012207, "min": -1.895627141, "dvar2": 59.7094726562, "dvar": 25.2834186554, "dmean": 2.79929161072, "max": 486.998718262, "var": 345.243225098, "mean": 3.42912745476}, "gfcc": {"mean": [-20.6644973755, 76.4421768188, -128.242385864, 37.5800514221, -57.4593086243, 6.09888029099, -36.7757949829, 12.140827179, -26.3240070343, 4.54867601395, -21.5325317383, 1.53775084019, -13.8365697861], "icov": [[0.000328681169776, -0.00111141742673, 0.000480482412968, -0.000415741815232, 9.89630498225e-05, -0.000981555320323, 0.00141012982931, -0.00125603831839, 0.000701384036802, -0.0010529581923, 0.00104895792902, -0.000863543129526, 0.000653266964946], [-0.00111141742673, 0.00563235767186, -0.00176132225897, 0.00144831649959, -0.00130779761821, 0.00495591619983, -0.00540084205568, 0.00490415468812, -0.00316689279862, 0.00486335530877, -0.0053845862858, 0.0058187097311, -0.00309001444839], [0.000480482412968, -0.00176132225897, 0.00284855230711, -0.00216330168769, 0.001270398614, -0.00159793987405, 0.00177113432437, -0.00143148028292, 0.00148005504161, -0.00306916073896, 0.00305363978259, -0.00218648603186, 0.00172333326191], [-0.000415741815232, 0.00144831649959, -0.00216330168769, 0.00658560357988, -0.00316104013473, 0.00174177193549, -0.00137053744402, 0.000738888862543, -0.00223110523075, 0.0069700689055, -0.00347168487497, 0.000668593624141, 0.000427050574217], [9.89630498225e-05, -0.00130779761821, 0.001270398614, -0.00316104013473, 0.00410128198564, -0.00212935870513, -0.000538148160558, -0.00218887580559, 0.0013221843401, -0.00518190069124, 0.00223966594785, 0.00035006843973, -0.00121163332369], [-0.000981555320323, 0.00495591619983, -0.00159793987405, 0.00174177193549, -0.00212935870513, 0.0139697464183, -0.00927284825593, 0.0063876286149, 0.000132010813104, 0.00148930528667, -0.00613491190597, 0.0076447208412, -0.00210736901499], [0.00141012982931, -0.00540084205568, 0.00177113432437, -0.00137053744402, -0.000538148160558, -0.00927284825593, 0.0170177202672, -0.00995615404099, 0.0011901257094, 0.00123523874208, 0.00145071314182, -0.00484156562015, 0.00289893941954], [-0.00125603831839, 0.00490415468812, -0.00143148028292, 0.000738888862543, -0.00218887580559, 0.0063876286149, -0.00995615404099, 0.0183932930231, -0.00965026207268, 0.0021173004061, 0.0029401788488, -0.00206750351936, -0.000428077328252], [0.000701384036802, -0.00316689279862, 0.00148005504161, -0.00223110523075, 0.0013221843401, 0.000132010813104, 0.0011901257094, -0.00965026207268, 0.0240201503038, -0.0123729258776, -0.0035756342113, 0.011983981356, -0.00710420077667], [-0.0010529581923, 0.00486335530877, -0.00306916073896, 0.0069700689055, -0.00518190069124, 0.00148930528667, 0.00123523874208, 0.0021173004061, -0.0123729258776, 0.0305636469275, -0.0143898390234, 0.000552607642021, 0.00542971445248], [0.00104895792902, -0.0053845862858, 0.00305363978259, -0.00347168487497, 0.00223966594785, -0.00613491190597, 0.00145071314182, 0.0029401788488, -0.0035756342113, -0.0143898390234, 0.0322173312306, -0.017141925171, 0.00436335103586], [-0.000863543129526, 0.0058187097311, -0.00218648603186, 0.000668593624141, 0.00035006843973, 0.0076447208412, -0.00484156562015, -0.00206750351936, 0.011983981356, 0.000552607642021, -0.017141925171, 0.0346464142203, -0.0166433062404], [0.000653266964946, -0.00309001444839, 0.00172333326191, 0.000427050574217, -0.00121163332369, -0.00210736901499, 0.00289893941954, -0.000428077328252, -0.00710420077667, 0.00542971445248, 0.00436335103586, -0.0166433062404, 0.0283472258598]], "cov": [[19331.4746094, 3648.61474609, -1349.14611816, 1218.13122559, 3075.45776367, 238.564437866, 374.679382324, 984.688232422, 775.221679688, 410.791046143, -41.8848342896, -530.588989258, -47.8438453674], [3648.61474609, 1272.2767334, -196.45463562, 330.540985107, 746.14654541, 14.6448526382, 208.518829346, 177.66708374, 242.432632446, 41.0571289062, 22.4015655518, -175.150848389, 22.5154190063], [-1349.14611816, -196.45463562, 687.59576416, 33.5371284485, -321.711761475, -46.1347770691, -75.3627700806, -88.3283843994, -99.7370223999, -46.6252403259, -28.0438919067, 48.1891860962, -26.8925819397], [1218.13122559, 330.540985107, 33.5371284485, 452.083282471, 503.60244751, 46.0927963257, 142.559051514, 146.217453003, 93.4765167236, -8.63009262085, -5.70774364471, -49.1739616394, 8.77737903595], [3075.45776367, 746.14654541, -321.711761475, 503.60244751, 1301.21044922, 180.004882812, 319.314239502, 340.000305176, 272.868591309, 133.650634766, 17.8505935669, -145.38873291, 18.5856952667], [238.564437866, 14.6448526382, -46.1347770691, 46.0927963257, 180.004882812, 171.083404541, 93.2459945679, 22.948091507, 25.9936695099, 29.4558734894, 18.9541759491, -30.6665859222, -10.6182107925], [374.679382324, 208.518829346, -75.3627700806, 142.559051514, 319.314239502, 93.2459945679, 226.912582397, 123.200881958, 81.7919616699, 8.87169933319, 12.4045190811, -34.1763687134, 12.5884504318], [984.688232422, 177.66708374, -88.3283843994, 146.217453003, 340.000305176, 22.948091507, 123.200881958, 213.33531189, 112.030075073, 39.0951766968, -11.1888685226, -32.3366165161, 10.02693367], [775.221679688, 242.432632446, -99.7370223999, 93.4765167236, 272.868591309, 25.9936695099, 81.7919616699, 112.030075073, 162.009506226, 64.920715332, 18.8271808624, -63.8121681213, 7.94254589081], [410.791046143, 41.0571289062, -46.6252403259, -8.63009262085, 133.650634766, 29.4558734894, 8.87169933319, 39.0951766968, 64.920715332, 100.742607117, 34.2446250916, -16.915599823, -12.6704540253], [-41.8848342896, 22.4015655518, -28.0438919067, -5.70774364471, 17.8505935669, 18.9541759491, 12.4045190811, -11.1888685226, 18.8271808624, 34.2446250916, 67.9200439453, 19.1192836761, 4.86235904694], [-530.588989258, -175.150848389, 48.1891860962, -49.1739616394, -145.38873291, -30.6665859222, -34.1763687134, -32.3366165161, -63.8121681213, -16.915599823, 19.1192836761, 94.5055389404, 25.2502040863], [-47.8438453674, 22.5154190063, -26.8925819397, 8.77737903595, 18.5856952667, -10.6182107925, 12.5884504318, 10.02693367, 7.94254589081, -12.6704540253, 4.86235904694, 25.2502040863, 57.6994400024]]}, "spectral_energyband_middle_low": {"dmean2": 0.008848272264, "median": 0.0073301861994, "min": 2.87017157515e-22, "dvar2": 0.000111492008728, "dvar": 3.79997691198e-05, "dmean": 0.00486834673211, "max": 0.0767492651939, "var": 5.84485278523e-05, "mean": 0.00864897016436}, "melbands_crest": {"dmean2": 7.88632249832, "median": 12.2141981125, "min": 1.23767900467, "dvar2": 44.3399543762, "dvar": 16.613653183, "dmean": 4.87254190445, "max": 39.1387901306, "var": 30.435546875, "mean": 13.2034769058}, "spectral_kurtosis": {"dmean2": 2.09841895103, "median": 4.35298204422, "min": -1.19356763363, "dvar2": 4.39008378983, "dvar": 1.40249323845, "dmean": 1.20248508453, "max": 15.0400333405, "var": 4.80023908615, "mean": 4.18427324295}, "spectral_rms": {"dmean2": 0.00288584036753, "median": 0.00487603386864, "min": 3.26738310887e-12, "dvar2": 1.30066546262e-05, "dvar": 4.73147156299e-06, "dmean": 0.00161972898059, "max": 0.0152390832081, "var": 9.35681146075e-06, "mean": 0.00480772089213}, "zerocrossingrate": {"dmean2": 0.0131546193734, "median": 0.0703125, "min": 0, "dvar2": 0.000136865579407, "dvar": 8.78977225511e-05, "dmean": 0.00968101620674, "max": 0.53662109375, "var": 0.00233712187037, "mean": 0.0788311138749}, "silence_rate_60dB": {"dmean2": 0.0147702880204, "median": 0, "min": 0, "dvar2": 0.015926040709, "dvar": 0.00732917664573, "dmean": 0.00738450977951, "max": 1, "var": 0.170145004988, "mean": 0.217480897903}, "erbbands_kurtosis": {"dmean2": 1.66514050961, "median": 0.199422597885, "min": -1.8820977211, "dvar2": 4.32071065903, "dvar": 1.86929154396, "dmean": 1.0372376442, "max": 31.4719276428, "var": 8.90799236298, "mean": 1.11557817459}, "erbbands": {"dmean2": [1.01401567459, 5.4514093399, 10.4994287491, 15.2032403946, 11.3998184204, 14.5460796356, 6.33580875397, 5.84580564499, 7.82119750977, 10.3852624893, 28.6831550598, 28.9343166351, 12.549656868, 12.680934906, 13.1200942993, 14.0451793671, 22.3861484528, 66.3390579224, 79.5531463623, 32.8336868286, 24.672914505, 27.1692714691, 31.0434246063, 24.6631546021, 12.9229640961, 6.57400178909, 5.37692022324, 4.90763616562, 2.29505395889, 1.04408097267, 0.777056217194, 0.40891879797, 0.316686540842, 0.222435027361, 0.149359986186, 0.0648808926344, 0.0191525239497, 0.00438186060637, 0.000224970353884, 5.153960592e-05], "median": [0.0750805810094, 0.421193599701, 1.10538828373, 2.11568212509, 4.32454681396, 4.83480072021, 3.77970337868, 4.71718883514, 5.67091655731, 6.92066764832, 11.7923898697, 13.6996078491, 10.1217384338, 10.3793096542, 9.30839347839, 6.91919565201, 9.70755004883, 15.2465286255, 23.7076301575, 30.75349617, 38.79114151, 51.1318740845, 62.4850463867, 53.8713035583, 30.2312355042, 13.626241684, 8.70257759094, 7.15061903, 3.9853117466, 1.4407324791, 0.729835748672, 0.385474443436, 0.277430206537, 0.197139024734, 0.10023458302, 0.039702527225, 0.0105038126931, 0.00184161600191, 6.7478940764e-05, 3.50222653651e-05], "min": [5.98632224892e-21, 2.94945690755e-20, 3.47406971543e-20, 2.39477026828e-20, 5.23469262998e-20, 5.10355833038e-20, 1.29746768747e-19, 2.05535357065e-19, 2.66333855871e-19, 6.29962504848e-19, 2.66947293013e-18, 2.74201666985e-18, 2.97375111167e-18, 2.63626080136e-18, 4.37201763272e-18, 9.50637070822e-18, 7.3173182808e-18, 8.80048124325e-18, 5.77523400255e-18, 6.4749721389e-18, 8.730861587e-18, 1.93329661926e-17, 9.34601430185e-18, 1.56710343121e-17, 1.34936988981e-17, 1.45156731003e-17, 1.39302955787e-17, 1.35607493314e-17, 1.86873864661e-17, 2.04470229678e-17, 2.24474534001e-17, 1.81610200095e-17, 1.08107724957e-17, 1.09076733957e-17, 7.75496465365e-18, 5.33188835528e-18, 3.63331225848e-18, 1.26040456766e-18, 3.56536169761e-19, 3.24494359381e-20], "dvar2": [2.0588593483, 65.6324081421, 262.509002686, 504.765014648, 230.719512939, 528.676696777, 99.2729721069, 65.2339553833, 176.345443726, 325.294281006, 4243.24511719, 3516.63061523, 454.278747559, 473.047698975, 542.119506836, 1056.49755859, 2646.20361328, 32923.6796875, 53931.7578125, 4205.53759766, 1335.84399414, 1299.57385254, 1430.35290527, 886.608337402, 238.107925415, 64.4005737305, 44.6187057495, 36.9377403259, 7.93378925323, 2.06200480461, 1.59989058971, 0.518101453781, 0.35136988759, 0.221539407969, 0.116295784712, 0.0241811200976, 0.00197278591804, 0.000126993283629, 2.0970044261e-06, 5.28856469728e-09], "dvar": [0.755094885826, 23.8464660645, 92.8631286621, 178.700210571, 78.5022201538, 186.713821411, 35.5195999146, 24.5323448181, 68.6391677856, 130.559539795, 1757.01135254, 1413.06787109, 181.852722168, 186.576599121, 220.957733154, 437.836029053, 1110.34387207, 14824.7705078, 23485.8847656, 1798.41992188, 529.271362305, 512.309082031, 570.31463623, 350.764129639, 91.9178009033, 23.4965877533, 16.0966091156, 13.2824668884, 2.95071101189, 0.797208964825, 0.649116098881, 0.210666134953, 0.150819584727, 0.100228920579, 0.0577226392925, 0.0112194959074, 0.000985924038105, 6.4589890826e-05, 7.44295618915e-07, 1.92063343007e-09], "dmean": [0.552880823612, 2.92685222626, 5.49530887604, 7.99906206131, 6.24436187744, 8.03515338898, 3.67333984375, 3.50700068474, 5.03422021866, 6.54530525208, 17.6518917084, 18.2688789368, 7.94004583359, 8.07663917542, 8.400349617, 8.97375106812, 14.2285041809, 41.8324966431, 50.1750602722, 20.3403644562, 15.2671012878, 16.9213733673, 19.3676700592, 15.3180274963, 7.94667720795, 3.95091128349, 3.16859221458, 2.89079475403, 1.37080216408, 0.632875144482, 0.479933351278, 0.2529322505, 0.199554860592, 0.144730001688, 0.103886753321, 0.0422086827457, 0.012765172869, 0.00294311111793, 0.000137346301926, 2.84693651338e-05], "max": [3.65527677536, 22.378194809, 67.7087860107, 162.670654297, 106.680435181, 171.823898315, 133.179580688, 94.8365936279, 139.985595703, 166.515670776, 1082.00195312, 749.675292969, 224.521133423, 297.95690918, 323.341705322, 592.400390625, 702.082397461, 4755.20361328, 6638.24853516, 1856.17602539, 605.260803223, 450.243286133, 441.775909424, 255.853485107, 153.237457275, 70.5361785889, 61.7045631409, 56.0744628906, 44.7665748596, 28.6557235718, 18.6186103821, 9.2023973465, 11.2317762375, 8.26504707336, 7.07467603683, 2.49271583557, 1.00977647305, 0.418804466724, 0.0478979051113, 0.000992322806269], "var": [0.526539802551, 15.8230552673, 60.5644645691, 123.676589966, 77.8764572144, 153.492889404, 72.1537322998, 57.1783943176, 219.078125, 335.336639404, 3937.54174805, 3000.37988281, 477.61895752, 548.983215332, 679.242797852, 1789.28186035, 3662.43701172, 45476.484375, 73582, 5728.38916016, 1986.00634766, 1971.89562988, 2392.85693359, 1598.51428223, 469.737457275, 100.91595459, 46.3389778137, 36.0975074768, 11.1576910019, 2.89755272865, 2.26416134834, 0.592066764832, 0.372016787529, 0.270573496819, 0.169225096703, 0.0272778701037, 0.00281801749952, 0.000180703835213, 7.24493645521e-07, 2.14795603526e-09], "mean": [0.376517921686, 2.01965427399, 4.01974868774, 6.1652712822, 7.04323816299, 8.6316652298, 6.16162538528, 6.76757287979, 11.2511816025, 13.1356678009, 29.6081962585, 31.7851696014, 16.9585037231, 16.89295578, 18.0700149536, 20.6479969025, 31.116186142, 82.7111129761, 98.788269043, 46.6214637756, 41.7146110535, 49.5987129211, 58.3592834473, 48.9439125061, 27.0226097107, 12.5881099701, 8.4316110611, 7.20951128006, 4.08140087128, 1.84026896954, 1.19088673592, 0.648865520954, 0.473590672016, 0.340090513229, 0.216967880726, 0.0865082740784, 0.0258649345487, 0.00539233861491, 0.000190679304069, 4.40233052359e-05]}, "spectral_strongpeak": {"dmean2": 0.948421657085, "median": 0.262795627117, "min": 0, "dvar2": 3.496768713, "dvar": 1.28386962414, "dmean": 0.540190398693, "max": 16.7465705872, "var": 1.60730147362, "mean": 0.648699879646}, "spectral_energy": {"dmean2": 0.045078843832, "median": 0.0243701003492, "min": 1.09426866973e-20, "dvar2": 0.00385903590359, "dvar": 0.001399342902, "dmean": 0.0245283637196, "max": 0.238035395741, "var": 0.00135160109494, "mean": 0.0332827232778}, "average_loudness": 0.803153514862, "spectral_rolloff": {"dmean2": 1373.86132812, "median": 2088.72070312, "min": 21.533203125, "dvar2": 2385378.75, "dvar": 923351.0625, "dmean": 778.223937988, "max": 18776.953125, "var": 3699396.25, "mean": 2193.70336914}, "spectral_centroid": {"dmean2": 506.713226318, "median": 1928.86071777, "min": 294.927246094, "dvar2": 210573.25, "dvar": 76308, "dmean": 289.6065979, "max": 11120.9990234, "var": 445227.625, "mean": 1841.24768066}, "pitch_salience": {"dmean2": 0.123335301876, "median": 0.61765152216, "min": 0.0252799484879, "dvar2": 0.0104861147702, "dvar": 0.00408426253125, "dmean": 0.078189112246, "max": 0.981336772442, "var": 0.0105015141889, "mean": 0.606754899025}, "spectral_energyband_middle_high": {"dmean2": 0.00296342745423, "median": 0.00746459141374, "min": 1.88969108015e-21, "dvar2": 3.35570439347e-05, "dvar": 1.54982499225e-05, "dmean": 0.00195710035041, "max": 0.13228200376, "var": 0.000101677731436, "mean": 0.00889523886144}, "spectral_contrast_coeffs": {"dmean2": [0.0923594236374, 0.0731917992234, 0.0570498369634, 0.0463196337223, 0.0316124521196, 0.0273434557021], "median": [-0.660604298115, -0.747960925102, -0.771574020386, -0.785034418106, -0.780274748802, -0.733158707619], "min": [-0.973561942577, -0.978471159935, -0.972138047218, -0.961998820305, -0.964872956276, -0.959978103638], "dvar2": [0.00522792572156, 0.00324551831, 0.00204551964998, 0.00136948854197, 0.000605997513048, 0.000479865178932], "dvar": [0.00190965842921, 0.00119393388741, 0.000763086427469, 0.000518950168043, 0.000217030130443, 0.000190557198948], "dmean": [0.0556013546884, 0.0436594747007, 0.034647077322, 0.0279848948121, 0.0187918301672, 0.0168403852731], "max": [-0.30627772212, -0.464462637901, -0.502595722675, -0.517665684223, -0.65886092186, -0.568938612938], "var": [0.0083463974297, 0.00456875562668, 0.00372912804596, 0.00282795284875, 0.00197368650697, 0.00180009985343], "mean": [-0.646415233612, -0.74540746212, -0.77323693037, -0.785153746605, -0.792209684849, -0.737228572369]}, "melbands_skewness": {"dmean2": 2.07832956314, "median": 1.95695960522, "min": -2.1327791214, "dvar2": 4.47081851959, "dvar": 1.67753851414, "dmean": 1.19501686096, "max": 14.2291469574, "var": 2.93008828163, "mean": 2.35808134079}, "spectral_spread": {"dmean2": 564483.125, "median": 3530522.75, "min": 1961574.375, "dvar2": 346984710144, "dvar": 195864854528, "dmean": 351991.4375, "max": 41564780, "var": 2708950482940.0, "mean": 4263778}, "dissonance": {"dmean2": 0.0205381810665, "median": 0.484474807978, "min": 0.292808949947, "dvar2": 0.000571694865357, "dvar": 0.000210224447073, "dmean": 0.0121595961973, "max": 0.500000119209, "var": 0.000930125534069, "mean": 0.473549216986}, "spectral_skewness": {"dmean2": 0.286157041788, "median": 1.32461464405, "min": -0.00242887297645, "dvar2": 0.0593419596553, "dvar": 0.0218160971999, "dmean": 0.171381011605, "max": 2.95179367065, "var": 0.120511181653, "mean": 1.30546200275}, "spectral_flux": {"dmean2": 0.0739977583289, "median": 0.0994367301464, "min": 1.04607295048e-10, "dvar2": 0.00621611624956, "dvar": 0.00372248282656, "dmean": 0.0430369675159, "max": 0.383965611458, "var": 0.00787312909961, "mean": 0.112548306584}, "spectral_contrast_valleys": {"dmean2": [0.954667627811, 0.556444883347, 0.462037682533, 0.367067843676, 0.258937090635, 0.275778055191], "median": [-6.89797735214, -6.60574531555, -7.12590885162, -7.03128004074, -6.52097940445, -10.1410512924], "min": [-27.0700187683, -27.4409370422, -26.8854160309, -27.2789726257, -27.2913169861, -27.2804069519], "dvar2": [0.596303343773, 0.194392755628, 0.136199519038, 0.0916914790869, 0.0559380166233, 0.0798154473305], "dvar": [0.230218172073, 0.0758959725499, 0.0543973855674, 0.0426358543336, 0.0290124956518, 0.0415195897222], "dmean": [0.57117831707, 0.332392841578, 0.273822844028, 0.224108979106, 0.15800575912, 0.179963231087], "max": [-4.76812982559, -5.01222705841, -5.44101524353, -5.39226102829, -5.88127183914, -8.58323669434], "var": [4.7301864624, 1.98630332947, 1.76153111458, 3.0393743515, 2.1410651207, 0.913597345352], "mean": [-7.80465507507, -7.03454065323, -7.56080102921, -7.71722984314, -7.29591846466, -10.2929506302]}, "erbbands_flatness_db": {"dmean2": 0.0257098283619, "median": 0.155901253223, "min": 0.0347471870482, "dvar2": 0.000509608827997, "dvar": 0.000214495448745, "dmean": 0.016154050827, "max": 0.327536046505, "var": 0.00101073866244, "mean": 0.158288806677}, "spectral_energyband_high": {"dmean2": 0.000241305868258, "median": 0.000529923476279, "min": 7.46614998036e-21, "dvar2": 8.44815346568e-08, "dvar": 3.25263265211e-08, "dmean": 0.000147516431753, "max": 0.00237133167684, "var": 1.59700178415e-07, "mean": 0.000525860290509}, "spectral_entropy": {"dmean2": 0.137783631682, "median": 7.79639101028, "min": 6.08187961578, "dvar2": 0.0187609102577, "dvar": 0.0079626487568, "dmean": 0.0864993780851, "max": 9.80945014954, "var": 0.0996916890144, "mean": 7.77088308334}, "silence_rate_20dB": {"dmean2": 0, "median": 1, "min": 1, "dvar2": 0, "dvar": 0, "dmean": 0, "max": 1, "var": 0, "mean": 1}, "melbands_flatness_db": {"dmean2": 0.0670322999358, "median": 0.152933180332, "min": 0.000477758585475, "dvar2": 0.00428211549297, "dvar": 0.00157470698468, "dmean": 0.0390088036656, "max": 0.388872414827, "var": 0.00338842254132, "mean": 0.167981162667}, "barkbands": {"dmean2": [0.00273314816877, 0.0274332035333, 0.009177592583, 0.00504310568795, 0.00337466783822, 0.000654535077047, 0.000576885708142, 0.00110091443639, 0.00122604845092, 0.000442483753432, 0.000331958406605, 0.000349498004653, 0.000561175635085, 0.00178889348172, 0.0010814081179, 0.000477554305689, 0.000534573860932, 0.000589316827245, 0.000371243164409, 0.000150752370246, 0.000131718101329, 5.50103577552e-05, 2.70967684628e-05, 1.87639088836e-05, 1.92135630641e-05, 1.15071015898e-05, 1.85807232356e-06], "median": [0.000332789204549, 0.00209226668812, 0.