{"metadata": {"tags": {"label": ["A&M Records"], "releasecountry": ["JP"], "musicbrainz_releasetrackid": ["f1931966-28dd-3c87-b587-e7d89b35d801"], "catalognumber": ["UMCK-1268"], "releasestatus": ["official"], "releasetype": ["album", "soundtrack"], "tracknumber": ["18"], "disctotal": ["1"], "musicbrainz_albumartistid": ["44c64a30-1d58-49c5-b314-6e02fba49526"], "album": ["\u304a\u304f\u308a\u3073\u3068"], "script": ["Latn"], "albumartistsort": ["Hisaishi, Joe"], "acoustid_id": ["384966d0-e084-49cc-8c8b-cc9e5e4615aa"], "musicbrainz_artistid": ["44c64a30-1d58-49c5-b314-6e02fba49526"], "musicbrainz_releasegroupid": ["e8ac2921-1efb-3542-8ff2-f04bc7f6397c"], "musicbrainz_recordingid": ["09304a9e-267b-41d2-8d36-4df7b3a9906a"], "albumartist": ["\u4e45\u77f3\u8b72"], "barcode": ["4988005528353"], "originaldate": ["2008-09-10"], "totaltracks": ["19"], "artist": ["\u4e45\u77f3\u8b72"], "musicbrainz_albumid": ["baf49f9a-611a-4849-8681-74621e848521"], "artistsort": ["Hisaishi, Joe"], "title": ["\u304a\u304f\u308a\u3073\u3068~memory~"], "asin": ["B001CRGSQ0"], "tracktotal": ["19"], "totaldiscs": ["1"], "date": ["2008-09-10"], "media": ["CD"], "file_name": "18 \u304a\u304f\u308a\u3073\u3068~memory~.flac", "artists": ["\u4e45\u77f3\u8b72"], "discnumber": ["1"]}, "audio_properties": {"sample_rate": 44100, "downmix": "mix", "lossless": true, "analysis_sample_rate": 44100, "md5_encoded": "a468e68b2252bf77dc420d8a29b6b875", "equal_loudness": 0, "replay_gain": -5.99708938599, "codec": "flac", "bit_rate": 0, "length": 247.533340454}, "version": {"extractor": "music 1.0", "essentia_build_sha": "5c9e65ec81695c916afb4cba055c226bfc528ee6", "essentia_git_sha": "v2.1_beta1-28-g21ef5f4", "essentia": "2.1-beta1"}}, "rhythm": {"beats_loudness_band_ratio": {"dvar2": [0.0563332550228, 0.0597414076328, 0.0657429918647, 0.0362017154694, 0.00783201027662, 2.42858623096e-05], "var": [0.0388121791184, 0.0503064356744, 0.050426594913, 0.0145349483937, 0.00385532691143, 1.2818632058e-05], "min": [0.000161822201335, 0.00174391572364, 0.00110897957347, 0.00013119612413, 9.1717527539e-05, 6.39855852569e-06], "dmean": [0.106359958649, 0.188877046108, 0.154412567616, 0.0831010192633, 0.0367724373937, 0.00200294936076], "mean": [0.162726566195, 0.469167917967, 0.284938275814, 0.102347247303, 0.0474721342325, 0.00257879635319], "max": [0.98462754488, 0.945210933685, 0.979332208633, 0.951119840145, 0.598728120327, 0.0241730883718], "dmean2": [0.182089611888, 0.316750615835, 0.259891569614, 0.146719381213, 0.0632381737232, 0.00348004815169], "median": [0.081734418869, 0.496331393719, 0.229345947504, 0.0598702989519, 0.0250165387988, 0.001190557261], "dvar": [0.0203449837863, 0.0216562170535, 0.0226878393441, 0.013214240782, 0.00302847102284, 8.78137507243e-06]}, "bpm_histogram_first_peak_weight": {"dvar2": 0, "var": 0, "min": 0.257575750351, "dmean": 0, "mean": 0.257575750351, "max": 0.257575750351, "dmean2": 0, "median": 0.257575750351, "dvar": 0}, "bpm": 148.460678101, "beats_count": 595, "bpm_histogram_first_peak_spread": {"dvar2": 0, "var": 0, "min": 0.577348053455, "dmean": 0, "mean": 0.577348053455, "max": 0.577348053455, "dmean2": 0, "median": 0.577348053455, "dvar": 0}, "danceability": 0.958736598492, "bpm_histogram_first_peak_bpm": {"dvar2": 0, "var": 0, "min": 148, "dmean": 0, "mean": 148, "max": 148, "dmean2": 0, "median": 148, "dvar": 0}, "beats_position": [0.522448956966, 0.986848056316, 1.4164172411, 1.84598636627, 2.27555561066, 2.70512461662, 3.12308382988, 3.55265307426, 3.99383211136, 4.42340135574, 4.841360569, 5.25931978226, 5.66566896439, 6.08362817764, 6.5015873909, 6.91954612732, 7.33750534058, 7.76707458496, 8.16181373596, 8.55655288696, 8.96290206909, 9.36925125122, 9.77560043335, 10.1819496155, 10.5882987976, 11.0062580109, 11.4358272552, 11.8886165619, 12.3297958374, 12.7709751129, 13.2121543884, 13.6533327103, 14.0945119858, 14.512471199, 14.9304304123, 15.3483896255, 15.7547388077, 16.1610889435, 16.5558280945, 16.9505672455, 17.3453063965, 17.7516555786, 18.1580047607, 18.5643539429, 18.970703125, 19.3770523071, 19.7834014893, 20.1897506714, 20.5960998535, 21.0024490356, 21.4087982178, 21.8151473999, 22.221496582, 22.6278457642, 23.0341949463, 23.4405441284, 23.8585033417, 24.2764625549, 24.6944217682, 25.1123809814, 25.5303401947, 25.948299408, 26.3662586212, 26.7842178345, 27.2021770477, 27.6085262299, 28.014875412, 28.409614563, 28.8159637451, 29.2107028961, 29.6054420471, 30.0001811981, 30.4065303802, 30.8128795624, 31.2076187134, 31.6139678955, 32.0203170776, 32.4382743835, 32.8562355042, 33.2741928101, 33.6921539307, 34.0985031128, 34.5048522949, 34.8995895386, 35.2943305969, 35.7006797791, 36.1070289612, 36.5133781433, 36.9197273254, 37.3376846313, 37.755645752, 38.1852149963, 38.6031723022, 39.0095214844, 39.427482605, 39.8570518494, 40.2866210938, 40.7277984619, 41.1573677063, 41.5869369507, 42.0629463196, 42.5389556885, 43.0149650574, 43.4793624878, 43.9553718567, 44.4313812256, 44.8377304077, 45.2440795898, 45.650428772, 46.0567779541, 46.4515190125, 46.8578681946, 47.2642173767, 47.6937866211, 48.1233558655, 48.5297050476, 48.9476623535, 49.3307914734, 49.7371406555, 50.1318817139, 50.5498390198, 50.9445800781, 51.3393173218, 51.7224464417, 52.1055755615, 52.4887046814, 52.871837616, 53.2665748596, 53.661315918, 54.0560531616, 54.4391822815, 54.8223114014, 55.2170524597, 55.6001815796, 55.9833106995, 56.3780479431, 56.7843971252, 57.1907463074, 57.5854873657, 58.0034446716, 58.4214057922, 58.8393630981, 59.2573242188, 59.6752815247, 60.0932426453, 60.5111999512, 60.9291610718, 61.3471183777, 61.7650794983, 62.1946487427, 62.6009979248, 63.0189552307, 63.4369163513, 63.8548736572, 64.2496109009, 64.6327438354, 65.0158691406, 65.4106140137, 65.7821273804, 66.1768722534, 66.5716094971, 66.9663467407, 67.3610839844, 67.7674331665, 68.1737823486, 68.5685272217, 68.9632644653, 69.3696136475, 69.7759628296, 70.1707000732, 70.5422210693, 70.9253463745, 71.3084793091, 71.7032165527, 72.0979614258, 72.4926986694, 72.8758239746, 73.2589569092, 73.6536941528, 74.060043335, 74.4547805786, 74.8379135132, 75.2094345093, 75.5925598145, 75.9989089966, 76.3936462402, 76.7999954224, 77.2063446045, 77.6010894775, 77.9842147827, 78.3673477173, 78.7504730225, 79.1568222046, 79.5515594482, 79.9579086304, 80.3642578125, 80.7590026855, 81.1653518677, 81.5717010498, 82.0360946655, 82.4888839722, 82.9416732788, 83.3364181519, 83.742767334, 84.1375045776, 84.5206298828, 84.9037628174, 85.298500061, 85.7048492432, 86.0995864868, 86.5059356689, 86.900680542, 87.3070297241, 87.7133789062, 88.1313400269, 88.537689209, 88.9440383911, 89.3736038208, 89.8031692505, 90.2327423096, 90.6623077393, 91.0918807983, 91.5098419189, 91.9277954102, 92.3457565308, 92.7637176514, 93.181678772, 93.5880279541, 94.0059814453, 94.4355545044, 94.8419036865, 95.2714691162, 95.7010421753, 96.1190032959, 96.5369567871, 96.9665298462, 97.4077072144, 97.8488845825, 98.2900695801, 98.7544631958, 99.2188644409, 99.683265686, 100.136054993, 100.600448608, 101.053237915, 101.506027222, 101.958816528, 102.411605835, 102.817955017, 103.235916138, 103.653877258, 104.048614502, 104.443351746, 104.838096619, 105.221221924, 105.615959167, 106.010704041, 106.405441284, 106.800178528, 107.20652771, 107.601264954, 108.007614136, 108.413963318, 108.8203125, 109.226661682, 109.633010864, 110.039360046, 110.445709229, 110.852058411, 111.246803284, 111.653152466, 112.047889709, 112.454238892, 112.860588074, 113.255325317, 113.650062561, 114.044807434, 114.451156616, 114.857505798, 115.252243042, 115.658592224, 116.064941406, 116.45967865, 116.854415894, 117.260765076, 117.655509949, 118.050247192, 118.444984436, 118.851333618, 119.2576828, 119.664031982, 120.081993103, 120.488342285, 120.894691467, 121.301040649, 121.695777893, 122.090522766, 122.48526001, 122.879997253, 123.274734497, 123.66947937, 124.052604675, 124.447341919, 124.842086792, 125.248435974, 125.643173218, 126.037910461, 126.432647705, 126.838996887, 127.23374176, 127.628479004, 128.023223877, 128.417953491, 128.801086426, 129.195831299, 129.544128418, 129.892425537, 130.240722656, 130.589019775, 130.937316895, 131.274017334, 131.610702515, 131.947387695, 132.284072876, 132.620773315, 132.957458496, 133.305755615, 133.654052734, 134.048797607, 134.44354248, 134.838272095, 135.233016968, 135.627746582, 136.010879517, 136.394012451, 136.765533447, 137.137054443, 137.520172119, 137.903305054, 138.298049927, 138.692779541, 139.075912476, 139.435821533, 139.807342529, 140.178863525, 140.550384521, 140.921905518, 141.293426514, 141.676544189, 142.059677124, 142.43119812, 142.802719116, 143.185852051, 143.568969727, 143.940490723, 144.323623657, 144.729980469, 145.113098145, 145.496231079, 145.879364014, 146.262496948, 146.657226562, 147.051971436, 147.446716309, 147.8646698, 148.271011353, 148.665756226, 149.072113037, 149.47845459, 149.896408081, 150.302764893, 150.709106445, 151.115463257, 151.51020813, 151.881713867, 152.253234863, 152.624755859, 152.996276855, 153.367797852, 153.750930786, 154.134063721, 154.505569458, 154.877090454, 155.24861145, 155.620132446, 155.991653442, 156.386398315, 156.78112793, 157.175872803, 157.559005737, 157.942123413, 158.325256348, 158.696777344, 159.103118896, 159.509475708, 159.915817261, 160.322174072, 160.705307007, 161.088439941, 161.471557617, 161.843078613, 162.214599609, 162.586120605, 162.980865479, 163.375595093, 163.758728027, 164.141860962, 164.524978638, 164.908111572, 165.291244507, 165.674377441, 166.069107056, 166.45223999, 166.846984863, 167.253326416, 167.648071289, 168.042816162, 168.449157715, 168.855514526, 169.261856079, 169.668212891, 170.086166382, 170.504119873, 170.922088623, 171.316818237, 171.723175049, 172.117904663, 172.535873413, 172.953826904, 173.360183716, 173.766525269, 174.17288208, 174.579223633, 174.985580444, 175.403533936, 175.809890747, 176.2162323, 176.610977173, 177.005706787, 177.40045166, 177.795196533, 178.189926147, 178.573059082, 178.956192017, 179.339309692, 179.722442627, 180.105575562, 180.500320435, 180.895050049, 181.30140686, 181.707748413, 182.114105225, 182.532058716, 182.973236084, 183.414413452, 183.85559082, 184.296783447, 184.737960815, 185.179138184, 185.620315552, 186.06149292, 186.502670288, 186.932235718, 187.373413086, 187.814605713, 188.244171143, 188.685348511, 189.091690063, 189.498046875, 189.892791748, 190.299133301, 190.705490112, 191.111831665, 191.518188477, 191.912918091, 192.307662964, 192.702392578, 193.097137451, 193.503494263, 193.909835815, 194.304580688, 194.710922241, 195.117279053, 195.523620605, 195.929977417, 196.33631897, 196.742675781, 197.149017334, 197.566986084, 197.961715698, 198.344848633, 198.739593506, 199.13432312, 199.529067993, 199.935409546, 200.341766357, 200.73651123, 201.142852783, 201.549209595, 201.943939209, 202.350296021, 202.756637573, 203.151382446, 203.546112061, 203.940856934, 204.347213745, 204.753555298, 205.183120728, 205.624298096, 206.065490723, 206.495056152, 206.913009644, 207.330978394, 207.737319946, 208.143676758, 208.561630249, 208.97958374, 209.39755249, 209.792282104, 210.187026978, 210.581771851, 210.976501465, 211.382858276, 211.789199829, 212.207168579, 212.62512207, 213.043075562, 213.449432373, 213.855773926, 214.250518799, 214.645263672, 215.039993286, 215.446350098, 215.841079712, 216.224212646, 216.61895752, 217.013687134, 217.396820068, 217.779953003, 218.174682617, 218.627471924, 219.091873169, 219.544662476, 219.997451782, 220.450241089, 220.903030396, 221.355819702, 221.843444824, 222.342666626, 222.830291748, 223.31791687, 223.805526733, 224.293151855, 224.780761719, 225.268386841, 225.744400024, 226.232009888, 226.71963501, 227.207244873, 227.694869995, 228.182495117, 228.67010498, 229.192550659, 229.726623535, 230.249069214, 230.771514893, 231.293960571, 231.80480957, 232.315643311, 232.826477051, 233.33732605, 233.84815979, 234.347381592, 234.916275024, 235.496780396, 236.077270508, 236.657775879, 237.238265991, 237.818771362, 238.410873413, 239.002990723, 239.583480835, 240.152374268, 240.7212677, 241.301757812, 241.893875122, 242.462768555, 243.02003479, 243.577316284, 244.134597778, 244.691879272, 245.249160767, 245.806442261, 246.363708496, 246.909378052], "beats_loudness": {"dvar2": 0.00097420316888, "var": 0.000498084235005, "min": 6.60597905267e-08, "dmean": 0.0134871285409, "mean": 0.0215388331562, "max": 0.191584169865, "dmean2": 0.0230969246477, "median": 0.0151780704036, "dvar": 0.000350822490873}, "bpm_histogram_second_peak_weight": {"dvar2": 0, "var": 0, "min": 0.106060609221, "dmean": 0, "mean": 0.106060609221, "max": 0.106060609221, "dmean2": 0, "median": 0.106060609221, "dvar": 0}, "bpm_histogram_second_peak_spread": {"dvar2": 0, "var": 0, "min": 0.275862038136, "dmean": 0, "mean": 0.275862038136, "max": 0.275862038136, "dmean2": 0, "median": 0.275862038136, "dvar": 0}, "bpm_histogram_second_peak_bpm": {"dvar2": 0, "var": 0, "min": 157, "dmean": 0, "mean": 157, "max": 157, "dmean2": 0, "median": 157, "dvar": 0}, "onset_rate": 1.32095623016}, "lowlevel": {"spectral_energyband_high": {"dvar2": 2.62700250442e-10, "var": 1.19607690419e-09, "min": 7.6887924277e-21, "dmean": 4.52183667221e-06, "mean": 1.8919879949e-05, "max": 0.000530729768798, "dmean2": 6.20550281383e-06, "median": 4.93482230013e-06, "dvar": 1.60061575105e-10}, "spectral_energyband_middle_low": {"dvar2": 5.48628340766e-05, "var": 0.000300546642393, "min": 3.36599602385e-22, "dmean": 0.00328382849693, "mean": 0.01407728903, "max": 0.222960233688, "dmean2": 0.00435543712229, "median": 0.00891451910138, "dvar": 3.0674298614e-05}, "spectral_energy": {"dvar2": 6.26607652521e-05, "var": 0.000435040477896, "min": 1.0358059028e-20, "dmean": 0.0036321321968, "mean": 0.0181543175131, "max": 0.24676220119, "dmean2": 0.00473268097267, "median": 0.0117088947445, "dvar": 3.62139617209e-05}, "spectral_spread": {"dvar2": 207411544064, "var": 1413955452930.0, "min": 366289.5, "dmean": 216544.328125, "mean": 2067422.375, "max": 41104216, "dmean2": 371965.03125, "median": 1991625.75, "dvar": 134908067840}, "spectral_energyband_low": {"dvar2": 4.04280581279e-06, "var": 2.27403870667e-05, "min": 1.32615457264e-22, "dmean": 0.000488305115141, "mean": 0.00196841452271, "max": 0.0860390886664, "dmean2": 0.000664664315991, "median": 0.000352570903488, "dvar": 2.37129393099e-06}, "spectral_rolloff": {"dvar2": 372783.375, "var": 1235126.75, "min": 21.533203125, "dmean": 132.498962402, "mean": 864.548706055, "max": 20693.4082031, "dmean2": 220.107788086, "median": 667.529296875, "dvar": 156491}, "barkbands": {"dvar2": [2.18374474059e-09, 2.2144167815e-06, 6.33200215816e-07, 1.74372712536e-06, 1.73774569703e-05, 2.69190531981e-05, 3.42828570865e-06, 7.58373857934e-07, 1.63786796747e-06, 5.83057817494e-06, 4.12129747929e-06, 1.83366125839e-07, 3.06323997279e-08, 4.26334565873e-07, 1.76195214863e-07, 1.2717232778e-07, 1.03865410495e-07, 8.77730954585e-09, 2.94073632112e-09, 3.86614934511e-10, 3.21902365874e-11, 3.94894429656e-11, 7.99329265971e-12, 5.92130034241e-12, 2.8383395894e-12, 2.88461718704e-13, 3.33927933319e-14], "var": [9.30944321631e-10, 1.06696224975e-05, 1.31537717607e-06, 9.04250646272e-06, 6.1355473008e-05, 6.72663372825e-05, 1.42226926982e-05, 3.15090483127e-06, 6.23956702839e-06, 2.05178330361e-05, 7.42203110349e-06, 6.39056338514e-07, 4.06546085685e-08, 1.58926343374e-06, 5.89198691614e-07, 8.10249503047e-07, 2.58110731011e-07, 1.76134022922e-08, 4.72174388477e-09, 7.2870343093e-10, 5.85269471776e-11, 6.29232083105e-11, 1.8229789206e-11, 1.27690635843e-11, 1.00063629258e-11, 7.7454720155e-13, 1.35242172821e-13], "min": [6.59412419991e-24, 9.91464808815e-23, 2.36988362523e-23, 5.08448148002e-24, 8.38405661472e-23, 6.71499985758e-23, 9.11588540085e-23, 1.71845002054e-23, 5.57231464153e-23, 6.09545942597e-23, 5.90907052673e-23, 5.62449684378e-23, 5.67417677924e-23, 6.78864917387e-23, 6.58659728359e-23, 9.82896832752e-23, 2.15466236478e-22, 1.94715155703e-22, 2.99992695094e-22, 2.60574388511e-22, 4.61932459855e-22, 6.40294693075e-22, 5.01603454363e-22, 1.05171955723e-21, 1.49507645061e-21, 1.40365734192e-21, 2.14209668146e-21], "dmean": [1.44164678204e-05, 0.000210501704714, 0.000194925654796, 0.000357239739969, 0.0014623842435, 0.00155222951435, 0.000579146726523, 0.000270354736131, 0.000387620762922, 0.000434765941463, 0.000276221631793, 0.000107341998955, 5.52091369173e-05, 0.000133742127218, 0.000125341452076, 9.76852752501e-05, 9.65594590525e-05, 2.61746990873e-05, 1.25346050481e-05, 5.13513168698e-06, 1.50465530169e-06, 1.42736814723e-06, 6.49762910143e-07, 5.51026403173e-07, 4.13648706399e-07, 1.34635669724e-07, 6.02417600248e-08], "mean": [1.45292151501e-05, 0.000736424175557, 0.000561967608519, 0.00108282174915, 0.00432670861483, 0.00433963676915, 0.00187334243674, 0.00077295769006, 0.00106438109651, 0.00107548839878, 0.000606583198532, 0.000242845810135, 0.000117331568617, 0.000323616666719, 0.000331927003572, 0.000281567103229, 0.000281489366898, 6.11261930317e-05, 3.30422808474e-05, 1.29534691951e-05, 4.09452923122e-06, 3.8636926547e-06, 1.87529758477e-06, 1.64805010172e-06, 1.4673428268e-06, 4.45609344979e-07, 2.91024093713e-07], "max": [0.00116500724107, 0.0773403793573, 0.0156470872462, 0.0735893771052, 0.103226035833, 0.134733363986, 0.0926855430007, 0.0373089984059, 0.0454350225627, 0.104629680514, 0.0863088071346, 0.0229885689914, 0.00362042104825, 0.0334502421319, 0.0104182492942, 0.0219149682671, 0.00578599888831, 0.00244387099519, 0.00243741436861, 0.000446763559012, 0.000136564383865, 0.000176249159267, 7.07714571035e-05, 6.12490403e-05, 4.53895409009e-05, 1.12485950012e-05, 4.96545817441e-06], "dmean2": [2.52673617069e-05, 0.00027966464404, 0.000287641916657, 0.000487445708131, 0.00207636598498, 0.00215774192475, 0.0007655955269, 0.000357180746505, 0.00049878587015, 0.000541605404578, 0.000364744366379, 0.00014053961786, 8.24725066195e-05, 0.000178772752406, 0.000180495364475, 0.000131876033265, 0.00014411873417, 3.88801054214e-05, 1.85931530723e-05, 7.5838529483e-06, 2.28388353207e-06, 2.10755843e-06, 9.30342480387e-07, 8.01173655418e-07, 5.73671741222e-07, 1.88022667658e-07, 8.3831494635e-08], "median": [6.52153994452e-06, 3.28419482685e-05, 0.000112043111585, 0.000174223911017, 0.00177492375951, 0.00165181281045, 0.000752520165406, 0.000226563977776, 0.000277106097201, 0.000250807905104, 9.02185565792e-05, 5.97864709562e-05, 4.49094477517e-05, 6.21258222964e-05, 7.80372574809e-05, 5.26140793227e-05, 5.33018355782e-05, 1.58961393026e-05, 7.98777000455e-06, 3.29675231114e-06, 1.1390528698e-06, 8.66329116889e-07, 3.31266448939e-07, 2.83469375972e-07, 2.13248341652e-07, 7.76921140755e-08, 1.81747594752e-07], "dvar": [7.86104847883e-10, 1.36819983254e-06, 2.66869051302e-07, 9.98495920612e-07, 9.17449142435e-06, 1.25826754811e-05, 2.10772759601e-06, 4.89885110255e-07, 1.11092504085e-06, 4.61152603748e-06, 2.47935986408e-06, 1.24170796312e-07, 1.34309745548e-08, 3.0670292972e-07, 8.95578722293e-08, 9.91058044519e-08, 4.81767017391e-08, 4.49800285907e-09, 1.37806366318e-09, 1.87551446595e-10, 1.37036337139e-11, 1.70984632702e-11, 3.80190670612e-12, 2.81484557885e-12, 1.37327454096e-12, 1.34412812369e-13, 1.7776782108e-14]}, "melbands_skewness": {"dvar2": 2.76051330566, "var": 4.86185979843, "min": -5.86036634445, "dmean": 0.469621896744, "mean": 2.13257646561, "max": 43.2126045227, "dmean2": 0.691438734531, "median": 1.91255807877, "dvar": 1.04030263424}, "barkbands_skewness": {"dvar2": 2.3076479435, "var": 2.47911763191, "min": -7.26137256622, "dmean": 0.443880736828, "mean": 1.66715228558, "max": 29.4967842102, "dmean2": 0.671296656132, "median": 1.50921535492, "dvar": 0.795113623142}, "erbbands": {"dvar2": [0.000833008496556, 0.146252796054, 0.626408696175, 6.86185789108, 121.110107422, 309.386444092, 899.809692383, 2152.4777832, 884.872497559, 1341.99377441, 159.313552856, 644.699035645, 8371.6328125, 951.455078125, 4797.12451172, 429.623168945, 73.1268844604, 1036.04089355, 603.879943848, 141.415390015, 630.865234375, 133.38494873, 24.0845394135, 15.0018100739, 4.50853633881, 1.39734995365, 0.117001838982, 0.0407302342355, 0.0858752056956, 0.00696560414508, 0.00582143897191, 0.00499235466123, 0.00158070458565, 0.000771164777689, 0.000245636620093, 7.18666251487e-06, 1.23918596273e-06, 8.66691891588e-08, 1.3716371372e-09, 8.18717801887e-11], "var": [0.00656322482973, 0.615240097046, 1.18369364738, 48.3784637451, 367.731079102, 1249.68737793, 3176.6940918, 5858.09375, 2296.19824219, 6184.87548828, 712.537780762, 2602.45605469, 31359.6972656, 2757.05224609, 8625.78613281, 1576.3548584, 124.871589661, 3787.25537109, 2167.30639648, 221.693283081, 3918.61108398, 412.919586182, 80.2500152588, 25.9344291687, 7.38024568558, 2.42750716209, 0.229540407658, 0.0799918249249, 0.117139570415, 0.019107978791, 0.0150409759954, 0.00835590064526, 0.00347454170696, 0.00151869410183, 0.000579529558308, 1.94715194084e-05, 3.09461393044e-06, 2.03336909976e-07, 5.07896968927e-09, 6.6189559389e-10], "min": [3.94575128438e-21, 1.87561669089e-20, 2.82794052127e-20, 2.0709406907e-20, 5.79298881401e-20, 3.8446775845e-19, 3.60073400855e-19, 7.55332169836e-19, 8.86214114727e-19, 1.27049182843e-18, 4.47636233109e-19, 8.49382708881e-19, 2.56547482044e-18, 1.58037994888e-18, 2.2075787916e-18, 2.67338115173e-18, 2.38449700819e-18, 3.65097628687e-18, 2.22901765872e-18, 6.3301898891e-18, 4.96543493621e-18, 1.23950748316e-17, 1.09035796789e-17, 1.68881429024e-17, 1.20385872846e-17, 1.32705090252e-17, 1.83681526523e-17, 1.9282910185e-17, 2.14333084624e-17, 1.87470195708e-17, 1.38593516063e-17, 2.35591047341e-17, 1.41858861162e-17, 1.29771394948e-17, 1.3358606242e-17, 4.71936607477e-18, 2.96805101006e-18, 1.18910501097e-18, 3.07495810718e-19, 3.12184748643e-20], "dmean": [0.00390630681068, 0.0551967509091, 0.173608645797, 0.764269530773, 2.38837552071, 5.92134904861, 9.67405700684, 12.2723283768, 8.75613307953, 10.1557674408, 4.84402275085, 8.38136577606, 14.8524074554, 9.1374130249, 9.83060836792, 4.72131204605, 2.7867577076, 6.58649349213, 7.11179113388, 3.58324074745, 7.05221700668, 3.50696897507, 1.5813999176, 0.880213320255, 0.536189138889, 0.281475156546, 0.091774687171, 0.0496917590499, 0.0632465928793, 0.0211654081941, 0.0180301256478, 0.0149025237188, 0.00919883605093, 0.00579031463712, 0.00335703161545, 0.00068284443114, 0.000273759098491, 8.67392518558e-05, 1.05334120235e-05, 4.23278561357e-06], "mean": [0.0150324227288, 0.190301433206, 0.53154873848, 2.71478295326, 6.13032102585, 17.2104072571, 29.7624855042, 32.9959106445, 27.0244827271, 30.3397483826, 15.4342126846, 24.293088913, 38.1955947876, 24.329492569, 22.8872203827, 11.203540802, 6.90901184082, 16.5764312744, 20.1983680725, 8.87157821655, 22.4069766998, 11.1330385208, 4.64568185806, 2.40253472328, 1.38824462891, 0.716250181198, 0.253473252058, 0.142290964723, 0.158626616001, 0.0685188174248, 0.0531305931509, 0.0389933027327, 0.0279481373727, 0.0175585281104, 0.0101339193061, 0.00224264524877, 0.000875153986271, 0.000389181717765, 4.4948024879e-05, 2.24970390263e-05], "max": [2.19934487343, 17.5346469879, 22.3036403656, 114.780670166, 402.525970459, 523.446594238, 993.555175781, 1540.80688477, 681.605163574, 2704.68408203, 374.888519287, 863.18145752, 3961.984375, 902.617614746, 2809.46728516, 1194.14550781, 189.154052734, 1612.68225098, 630.063720703, 260.369781494, 1480.29504395, 306.172149658, 136.125854492, 175.051864624, 55.5516319275, 26.6194419861, 9.31646823883, 8.9625749588, 8.89498806, 1.52352499962, 1.80864977837, 1.88829040527, 0.855950057507, 0.728787302971, 0.419242322445, 0.0507411360741, 0.020825009793, 0.00572786992416, 0.00109013705514, 0.000295624922728], "dmean2": [0.00472623528913, 0.0749330297112, 0.254382103682, 1.0391497612, 3.47174787521, 8.5458688736, 12.3803262711, 17.5142841339, 12.7313184738, 12.9392337799, 6.13580799103, 10.8232755661, 18.1055335999, 11.6803922653, 13.0158538818, 6.02826929092, 4.06906270981, 8.79588603973, 9.9234495163, 5.428399086, 9.55955791473, 5.13352441788, 2.2704179287, 1.27522313595, 0.801320493221, 0.417348265648, 0.139070510864, 0.0743914544582, 0.0934764817357, 0.0313439555466, 0.0256379041821, 0.0214451104403, 0.0135886343196, 0.0082473680377, 0.00467476295307, 0.000970690860413, 0.000389504508348, 0.000126313330838, 1.43991510413e-05, 5.44162094229e-06], "median": [0.000588934752159, 0.014550046064, 0.128149777651, 0.484648704529, 1.72468602657, 6.50933551788, 12.0696582794, 10.0956869125, 10.3133907318, 9.63711166382, 6.52978801727, 7.0252199173, 7.78910493851, 8.36346244812, 5.87942409515, 3.3671207428, 2.95573806763, 3.73394393921, 5.24686670303, 3.45411491394, 4.60175418854, 2.6379237175, 1.24339485168, 0.654802680016, 0.326116025448, 0.168075025082, 0.0660957694054, 0.040309920907, 0.0364720262587, 0.0139375608414, 0.00934926513582, 0.00664254464209, 0.00443746196106, 0.00261441152543, 0.00134399160743, 0.000405221857363, 0.000165515753906, 0.000258740823483, 1.90457358258e-05, 1.4369668861e-05], "dvar": [0.000648918212391, 0.0856502056122, 0.273663967848, 4.04657936096, 57.0812149048, 177.015686035, 471.815734863, 1046.18920898, 376.517852783, 1069.85559082, 96.3389816284, 413.771881104, 6635.47216797, 607.651977539, 2844.55175781, 300.213623047, 32.7933197021, 735.049560547, 319.183624268, 60.7840499878, 474.682830811, 65.8846893311, 12.676445961, 7.53871202469, 2.05604767799, 0.672310531139, 0.0535386241972, 0.0186297316104, 0.0372186116874, 0.00297669856809, 0.00293327542022, 0.00235546636395, 0.000725453021005, 0.000345421023667, 0.000112233159598, 3.3241519759e-06, 5.79280822421e-07, 3.91836287861e-08, 7.15453418731e-10, 4.90705705236e-11]}, "silence_rate_30dB": {"dvar2": 0.0109820254147, "var": 0.00883068051189, "min": 0, "dmean": 0.00468999147415, "mean": 0.991089880466, "max": 1, "dmean2": 0.00938086304814, "median": 1, "dvar": 0.00466840947047}, "melbands_spread": {"dvar2": 22.3490142822, "var": 104.45262146, "min": 0.152408137918, "dmean": 2.13984322548, "mean": 11.3909072876, "max": 169.054275513, "dmean2": 3.06355571747, "median": 9.21724414825, "dvar": 10.6826591492}, "melbands_crest": {"dvar2": 13.3120355606, "var": 35.6418838501, "min": 1.87967193127, "dmean": 2.29647898674, "mean": 15.3665075302, "max": 39.7782058716, "dmean2": 3.44116401672, "median": 14.0577735901, "dvar": 5.57242870331}, "zerocrossingrate": {"dvar2": 6.43396269879e-05, "var": 0.000810943485703, "min": 0.00048828125, "dmean": 0.00355999660678, "mean": 0.0323432534933, "max": 0.51806640625, "dmean2": 0.00439553894103, "median": 0.02880859375, "dvar": 4.08468768001e-05}, "barkbands_kurtosis": {"dvar2": 2535.35424805, "var": 780.096069336, "min": -1.88238716125, "dmean": 4.07997083664, "mean": 7.18051195145, "max": 954.184082031, "dmean2": 6.7807559967, "median": 3.37715315819, "dvar": 794.675842285}, "spectral_flux": {"dvar2": 0.000497299595736, "var": 0.000702703255229, "min": 1.01774547123e-10, "dmean": 0.0102301193401, "mean": 0.0362723767757, "max": 0.275769114494, "dmean2": 0.0165413580835, "median": 0.0310016311705, "dvar": 0.000192791689187}, "barkbands_crest": {"dvar2": 9.31780529022, "var": 19.1607151031, "min": 3.8314344883, "dmean": 1.908857584, "mean": 12.0194034576, "max": 26.6892299652, "dmean2": 2.87199187279, "median": 11.2705516815, "dvar": 3.77352142334}, "barkbands_flatness_db": {"dvar2": 0.000686804298311, "var": 0.00455994112417, "min": 0.0531120859087, "dmean": 0.0151282781735, "mean": 0.231895372272, "max": 0.539055407047, "dmean2": 0.0221965909004, "median": 0.219036534429, "dvar": 0.000284850946628}, "spectral_entropy": {"dvar2": 0.0300562009215, "var": 0.31003805995, "min": 3.55945396423, "dmean": 0.108097799122, "mean": 6.27371311188, "max": 9.78839874268, "dmean2": 0.156421855092, "median": 6.35111427307, "dvar": 0.0142987305298}, "pitch_salience": {"dvar2": 0.00604353984818, "var": 0.015005662106, "min": 0.0211812518537, "dmean": 0.0507821105421, "mean": 0.52833545208, "max": 0.864916086197, "dmean2": 0.0771567076445, "median": 0.539424836636, "dvar": 0.00256679067388}, "erbbands_spread": {"dvar2": 23.6297416687, "var": 173.012527466, "min": 0.252808153629, "dmean": 2.73131895065, "mean": 21.0940380096, "max": 158.551254272, "dmean2": 4.02599382401, "median": 20.2157669067, "dvar": 10.0824985504}, "dynamic_complexity": 5.02293348312, "spectral_contrast_valleys": {"dvar2": [0.234135806561, 0.14024323225, 0.116781018674, 0.10237236321, 0.0791477560997, 0.138111174107], "var": [1.8233499527, 1.49497306347, 1.48236465454, 1.48996579647, 1.577663064, 1.16913211346], "min": [-27.1312599182, -27.2750110626, -26.8582267761, -27.0603694916, -27.4770927429, -27.3015003204], "dmean": [0.339684486389, 0.258232057095, 0.227883189917, 0.21023966372, 0.16616435349, 0.168899223208], "mean": [-8.68111801147, -7.21367645264, -8.23103046417, -9.29909610748, -10.0718603134, -12.8716802597], "max": [-5.43846178055, -5.02076530457, -5.91259860992, -6.62425947189, -7.23478507996, -10.3990888596], "dmean2": [0.561118662357, 0.415201663971, 0.366439908743, 0.335390418768, 0.258254617453, 0.274210333824], "median": [-8.62445926666, -6.99466133118, -7.98673152924, -9.05630111694, -9.82010650635, -12.652258873], "dvar": [0.0959590822458, 0.0667071118951, 0.0570111311972, 0.0540778934956, 0.044892359525, 0.0521085597575]}, "hfc": {"dvar2": 16.409236908, "var": 141.540466309, "min": 1.12846573203e-16, "dmean": 1.75012254715, "mean": 9.63135433197, "max": 130.907287598, "dmean2": 2.17026424408, "median": 5.83779907227, "dvar": 11.7759723663}, "spectral_kurtosis": {"dvar2": 458.712249756, "var": 1070.35461426, "min": -1.21399974823, "dmean": 9.93224048615, "mean": 32.3964881897, "max": 243.373168945, "dmean2": 17.4896717072, "median": 20.2127418518, "dvar": 157.333847046}, "mfcc": {"mean": [-764.252319336, 195.197906494, -20.4372310638, 2.3651804924, 3.89204978943, -16.4184093475, -17.9891853333, -7.1877784729, -6.63923406601, -9.37179756165, -10.3726835251, -8.68112659454, -4.32022047043], "cov": [[10399.8291016, 244.383834839, -1864.63671875, 777.653686523, 312.887786865, -225.681472778, -190.967315674, 54.9654541016, -50.7835464478, -129.222824097, -132.047821045, -91.9418182373, -67.0465164185], [244.383834839, 1479.15734863, 92.416885376, -120.096382141, 52.0365829468, -46.7920227051, -9.5325422287, -32.4052734375, -16.1691188812, -56.7676239014, -70.6328277588, -57.7831993103, -60.9336967468], [-1864.63671875, 92.416885376, 758.152038574, -85.8125534058, -42.0195503235, 92.6936950684, 76.7922592163, 35.4243049622, 60.1591072083, 42.0497436523, 35.9185714722, 67.1755371094, 21.4261207581], [777.653686523, -120.096382141, -85.8125534058, 304.831726074, 130.338043213, 50.2954750061, 34.0455970764, 34.6635856628, 30.2035903931, 3.79613900185, 3.65234732628, 21.7175693512, 15.5483636856], [312.887786865, 52.0365829468, -42.0195503235, 130.338043213, 234.6197052, 68.8399505615, 20.2985897064, 33.1616020203, 25.8991470337, -12.7756881714, -18.3388366699, -13.0614461899, -8.47079277039], [-225.681472778, -46.7920227051, 92.6936950684, 50.2954750061, 68.8399505615, 163.801742554, 63.084777832, 19.8549041748, 34.1935577393, 2.94127488136, -7.2169084549, 0.525215506554, -8.3450050354], [-190.967315674, -9.5325422287, 76.7922592163, 34.0455970764, 20.2985897064, 63.084777832, 130.720672607, 49.8790626526, 25.7719249725, 22.749546051, 14.5645723343, 22.9186058044, 11.5149822235], [54.9654541016, -32.4052734375, 35.4243049622, 34.6635856628, 33.1616020203, 19.8549041748, 49.8790626526, 116.730064392, 52.2307777405, 5.31241226196, 5.25085306168, 11.902885437, 5.98945188522], [-50.7835464478, -16.1691188812, 60.1591072083, 30.2035903931, 25.8991470337, 34.1935577393, 25.7719249725, 52.2307777405, 120.156806946, 38.7393760681, 6.61192321777, 12.1972789764, 2.55928182602], [-129.222824097, -56.7676239014, 42.0497436523, 3.79613900185, -12.7756881714, 2.94127488136, 22.749546051, 5.31241226196, 38.7393760681, 124.415519714, 57.5635604858, 33.6888084412, 25.076335907], [-132.047821045, -70.6328277588, 35.9185714722, 3.65234732628, -18.3388366699, -7.2169084549, 14.5645723343, 5.25085306168, 6.61192321777, 57.5635604858, 121.386703491, 59.1802253723, 22.9650306702], [-91.9418182373, -57.7831993103, 67.1755371094, 21.7175693512, -13.0614461899, 0.525215506554, 22.9186058044, 11.902885437, 12.1972789764, 33.6888084412, 59.1802253723, 122.494148254, 57.28332901], [-67.0465164185, -60.9336967468, 21.4261207581, 15.5483636856, -8.47079277039, -8.3450050354, 11.5149822235, 5.98945188522, 2.55928182602, 25.076335907, 22.9650306702, 57.28332901, 99.5701370239]], "icov": [[0.000244447408477, -0.00012335847714, 0.000547345902305, -0.000569188909139, 0.000116528754006, 7.38043527235e-05, 0.000244331225986, -0.00029015247128, 5.49600372324e-06, -3.58390971087e-05, 0.000146300357301, -0.000218553395825, 0.00016638332454], [-0.00012335847714, 0.000861535547301, -0.00043731983169, 0.000684633967467, -0.000615617027506, 0.00054830708541, -0.000495148880873, 0.00053791719256, -0.000144687321153, 0.000229631186812, 0.000245784322033, 0.000107517713332, 0.000277193059446], [0.000547345902305, -0.00043731983169, 0.00296812155284, -0.000645941356197, 0.000640780548565, -0.000944781524595, 0.00018330255989, -0.000836072082166, -0.000520168978255, -0.000179183945875, 0.000254836748354, -0.00138037547003, 0.000361387821613], [-0.000569188909139, 0.000684633967467, -0.000645941356197, 0.00633313599974, -0.00285855005495, -0.000416845578002, -0.00138411484659, 0.000637504446786, -0.000671502959449, 0.000293101387797, -0.000237645435845, -0.000578772975132, -0.000639423786197], [0.000116528754006, -0.000615617027506, 0.000640780548565, -0.00285855005495, 0.00690702116117, -0.00266635790467, 0.00121202366427, -0.00166128925048, -6.07792162555e-06, 0.000121058787045, 0.000161874340847, 0.000546608760487, -4.80149574287e-05], [7.38043527235e-05, 0.00054830708541, -0.000944781524595, -0.000416845578002, -0.00266635790467, 0.0100882686675, -0.00447426969185, 0.00221055536531, -0.00198532780632, 0.000867117079906, 0.000662302249111, 0.000294113415293, 0.00116745743435], [0.000244331225986, -0.000495148880873, 0.00018330255989, -0.00138411484659, 0.00121202366427, -0.00447426969185, 0.0124611780047, -0.00536605343223, 0.0017323854845, -0.0020335316658, 7.03271361999e-05, -0.0010848606471, -0.000276475824649], [-0.00029015247128, 0.00053791719256, -0.000836072082166, 0.000637504446786, -0.00166128925048, 0.00221055536531, -0.00536605343223, 0.0137610184029, -0.00568679347634, 0.002522762632, -0.000810375553556, 0.000332621129928, -0.000442722783191], [5.49600372324e-06, -0.000144687321153, -0.000520168978255, -0.000671502959449, -6.07792162555e-06, -0.00198532780632, 0.0017323854845, -0.00568679347634, 0.0128684481606, -0.00468841940165, 0.00168700702488, -0.000678467506077, 0.000958003802225], [-3.58390971087e-05, 0.000229631186812, -0.000179183945875, 0.000293101387797, 0.000121058787045, 0.000867117079906, -0.0020335316658, 0.002522762632, -0.00468841940165, 0.0125364391133, -0.00536692515016, 0.000816116225906, -0.00199284846894], [0.000146300357301, 0.000245784322033, 0.000254836748354, -0.000237645435845, 0.000161874340847, 0.000662302249111, 7.03271361999e-05, -0.000810375553556, 0.00168700702488, -0.00536692515016, 0.0135412719101, -0.00593292061239, 0.00193943013437], [-0.000218553395825, 0.000107517713332, -0.00138037547003, -0.000578772975132, 0.000546608760487, 0.000294113415293, -0.0010848606471, 0.000332621129928, -0.000678467506077, 0.000816116225906, -0.00593292061239, 0.015143616125, -0.00704928301275], [0.00016638332454, 0.000277193059446, 0.000361387821613, -0.000639423786197, -4.80149574287e-05, 0.00116745743435, -0.000276475824649, -0.000442722783191, 0.000958003802225, -0.00199284846894, 0.00193943013437, -0.00704928301275, 0.0145847396925]]}, "silence_rate_20dB": {"dvar2": 0, "var": 0, "min": 1, "dmean": 0, "mean": 1, "max": 1, "dmean2": 0, "median": 1, "dvar": 0}, "melbands_kurtosis": {"dvar2": 11073.3408203, "var": 6638.99755859, "min": -1.64089357853, "dmean": 7.08495903015, "mean": 13.8133325577, "max": 2534.28198242, "dmean2": 11.5754737854, "median": 5.5547709465, "dvar": 3905.2355957}, "barkbands_spread": {"dvar2": 25.9553966522, "var": 46.9802742004, "min": 0.214262932539, "dmean": 1.6551913023, "mean": 8.78628826141, "max": 135.24067688, "dmean2": 2.44467115402, "median": 7.39978122711, "dvar": 10.3869829178}, "erbbands_skewness": {"dvar2": 0.146313682199, "var": 0.636760652065, "min": -4.36343002319, "dmean": 0.254636734724, "mean": 0.659514248371, "max": 4.61978912354, "dmean2": 0.367686212063, "median": 0.618626356125, "dvar": 0.0689789876342}, "average_loudness": 0.174886375666, "spectral_centroid": {"dvar2": 22500.0683594, "var": 129776.625, "min": 197.461227417, "dmean": 72.0714645386, "mean": 674.39440918, "max": 10951.7480469, "dmean2": 103.364212036, "median": 588.943603516, "dvar": 13155.9785156}, "dissonance": {"dvar2": 0.00183784705587, "var": 0.003021532204, "min": 0.109844692051, "dmean": 0.0275476053357, "mean": 0.417274028063, "max": 0.500000178814, "dmean2": 0.0460625477135, "median": 0.42881077528, "dvar": 0.000699943804648}, "erbbands_flatness_db": {"dvar2": 0.000238529915805, "var": 0.00427483906969, "min": 0.0196179412305, "dmean": 0.0102690216154, "mean": 0.262619495392, "max": 0.593315064907, "dmean2": 0.014596006833, "median": 0.250922501087, "dvar": 0.000121846176626}, "spectral_strongpeak": {"dvar2": 0.773309528828, "var": 1.1034924984, "min": 0, "dmean": 0.316036880016, "mean": 0.991833508015, "max": 10.7621135712, "dmean2": 0.496086776257, "median": 0.692578077316, "dvar": 0.330996066332}, "spectral_rms": {"dvar2": 3.79215322255e-07, "var": 4.38961978944e-06, "min": 3.17890288745e-12, "dmean": 0.000376269657863, "mean": 0.00364991812967, "max": 0.0155159151182, "dmean2": 0.000492894789204, "median": 0.00337983900681, "dvar": 2.03382299446e-07}, "silence_rate_60dB": {"dvar2": 0.0496568568051, "var": 0.145295858383, "min": 0, "dmean": 0.0230747591704, "mean": 0.176420927048, "max": 1, "dmean2": 0.0461538471282, "median": 0, "dvar": 0.0225437451154}, "melbands": {"dvar2": [1.27688522866e-07, 1.70228517504e-07, 3.77414636432e-07, 8.36828689899e-07, 8.27991982533e-07, 1.02593446627e-06, 2.02014476258e-07, 1.26491798369e-07, 1.07088959922e-08, 2.9054877615e-08, 2.08226822451e-07, 1.38777407344e-08, 9.90307569282e-08, 2.33079355816e-09, 9.81711267833e-10, 3.2183200549e-10, 5.2388751115e-09, 1.48388190624e-09, 5.05506025927e-10, 1.61337804228e-10, 1.38452449505e-09, 2.41692998948e-10, 9.28336504891e-11, 3.38287453605e-11, 1.22856837551e-11, 3.42136648873e-12, 8.17155804828e-13, 7.21425415066e-13, 8.324145816e-14, 1.961228387e-14, 1.88350227206e-14, 5.1751649705e-14, 1.57494731232e-14, 2.25028363185e-15, 2.08372222607e-15, 6.69732942471e-15, 1.17565113172e-15, 1.34988146793e-15, 1.00172975078e-15, 6.2853841623e-16], "var": [7.60648561027e-07, 4.62856235117e-07, 1.80969709618e-06, 2.53386974691e-06, 3.08574499286e-06, 2.64907657765e-06, 5.7208171711e-07, 5.71384020986e-07, 4.76017305573e-08, 1.11087338439e-07, 7.77699085575e-07, 4.21730383948e-08, 1.72289901457e-07, 8.16351697353e-09, 3.25325721917e-09, 4.73017292002e-10, 1.96338234559e-08, 5.199068287e-09, 1.38756428569e-09, 2.92431773241e-10, 7.84193066039e-09, 5.00222196997e-10, 2.51633214265e-10, 7.29967891688e-11, 1.56991659256e-11, 5.03821767292e-12, 1.5025118736e-12, 1.20713963998e-12, 1.1782596925e-13, 2.74285632997e-14, 3.06526722407e-14, 5.70776946215e-14, 1.72824384334e-14, 4.63961449826e-15, 4.64999107538e-15, 8.72104106053e-15, 1.91487489012e-15, 2.01126554545e-15, 1.73453649345e-15, 9.30619958434e-16], "min": [3.20574549428e-23, 1.72628198938e-23, 3.76667040519e-24, 1.52682182271e-23, 1.61653376698e-23, 1.49600560254e-23, 1.56619749925e-23, 1.14547044725e-23, 3.20241555462e-24, 6.76602606306e-24, 1.3171369143e-23, 6.48601239057e-24, 8.08787689459e-24, 5.49286767091e-24, 6.09432125746e-24, 6.29956117132e-24, 6.84511804628e-24, 3.51762662298e-24, 