{"tonal": {"thpcp": [1, 0.807980239391, 0.347358673811, 0.1766577214, 0.148869037628, 0.24450789392, 0.331280887127, 0.277967721224, 0.23568162322, 0.193921223283, 0.139276579022, 0.231198266149, 0.319479733706, 0.291364848614, 0.414357334375, 0.559509932995, 0.428191840649, 0.274791419506, 0.248471960425, 0.30461025238, 0.65808057785, 0.950596809387, 0.630116045475, 0.302419543266, 0.271316260099, 0.246096864343, 0.311457484961, 0.421620696783, 0.372078090906, 0.25174048543, 0.191970795393, 0.176421925426, 0.284427851439, 0.403741776943, 0.375942647457, 0.593214094639], "hpcp": {"dmean2": [0.357934713364, 0.313968122005, 0.241941526532, 0.226247504354, 0.21454885602, 0.229994252324, 0.254426240921, 0.245677053928, 0.187771618366, 0.159038677812, 0.150875151157, 0.188959613442, 0.226775854826, 0.244888544083, 0.319191724062, 0.369926542044, 0.330917924643, 0.240380600095, 0.169917657971, 0.133211657405, 0.164524942636, 0.182881683111, 0.17785218358, 0.220218852162, 0.182185798883, 0.118295587599, 0.15182711184, 0.189463943243, 0.1858304739, 0.209528878331, 0.241714522243, 0.223093628883, 0.194744050503, 0.208418905735, 0.253373891115, 0.321949243546], "median": [0.135518163443, 0.0846306607127, 0.0255640558898, 0.0150432251394, 0.0158178806305, 0.026247696951, 0.0302483476698, 0.0265121385455, 0.0159312486649, 0.0102788507938, 0.00990574248135, 0.0236694477499, 0.0357214398682, 0.0402327403426, 0.0993818640709, 0.17589057982, 0.116883844137, 0.0294025503099, 0.0102890087292, 0.00921874213964, 0.0209993422031, 0.029075101018, 0.0291610956192, 0.0162665173411, 0.0123681873083, 0.011383742094, 0.0230565145612, 0.0322077348828, 0.0329347290099, 0.0268747545779, 0.0209873579443, 0.0170643460006, 0.0167578570545, 0.0156751386821, 0.0235434714705, 0.0942212492228], "min": [0, 0, 0, 0, 0, 0, 0, 0, 0, 0, 0, 0, 0, 0, 0, 0, 0, 0, 0, 0, 0, 0, 0, 0, 0, 0, 0, 0, 0, 0, 0, 0, 0, 0, 0, 0], "dvar2": [0.166354075074, 0.137379124761, 0.136287987232, 0.14171461761, 0.129060134292, 0.141772270203, 0.145057812333, 0.147878050804, 0.110057972372, 0.105608336627, 0.0941813364625, 0.104355715215, 0.119697906077, 0.118431575596, 0.137982934713, 0.158077046275, 0.140262871981, 0.122004598379, 0.102754533291, 0.0751691013575, 0.0844217985868, 0.0913099870086, 0.0757512077689, 0.142482250929, 0.0973673090339, 0.0626924335957, 0.0663935691118, 0.0898109078407, 0.0847521349788, 0.0992397516966, 0.136047527194, 0.126086965203, 0.106100298464, 0.128217965364, 0.141715839505, 0.139807522297], "dvar": [0.0714131817222, 0.0510339811444, 0.0484541319311, 0.0500452890992, 0.0451590679586, 0.0497259646654, 0.0531075596809, 0.0544167235494, 0.0398563891649, 0.0372762903571, 0.0333093740046, 0.0380887426436, 0.0445970371366, 0.0430962108076, 0.0501438677311, 0.067195892334, 0.0572244301438, 0.0451765023172, 0.0360408425331, 0.0268317833543, 0.0313719846308, 0.0347603410482, 0.0279509108514, 0.0487256720662, 0.0331530869007, 0.0218605138361, 0.0246686786413, 0.0341350622475, 0.0308200828731, 0.0376737453043, 0.0557876601815, 0.048026189208, 0.0377525389194, 0.0448381155729, 0.0502228662372, 0.0532610192895], "dmean": [0.209284842014, 0.18232268095, 0.132673203945, 0.122507594526, 0.11550142616, 0.126523897052, 0.14258864522, 0.1347117275, 0.102801807225, 0.0860299319029, 0.0822601690888, 0.105902403593, 0.128265678883, 0.137161970139, 0.183250486851, 0.21713322401, 0.192003235221, 0.134202077985, 0.0906189009547, 0.0722015574574, 0.0918966904283, 0.104622006416, 0.0998726189137, 0.116553597152, 0.0967558175325, 0.0637992396951, 0.0864807516336, 0.109209120274, 0.105658687651, 0.123252347112, 0.139319524169, 0.128303661942, 0.107856206596, 0.113404370844, 0.137547895312, 0.189168974757], "max": [1, 1, 1, 1, 1, 1, 1, 1, 1, 1, 1, 1, 1, 1, 1, 1, 1, 1, 1, 1, 1, 1, 1, 1, 1, 1, 1, 1, 1, 1, 1, 1, 1, 1, 1, 1], "var": [0.136525824666, 0.0705774649978, 0.0390510372818, 0.0387000143528, 0.0319536402822, 0.040788911283, 0.0616321265697, 0.0560389757156, 0.0349042527378, 0.029929254204, 0.0240871142596, 0.0351891592145, 0.0565944798291, 0.0433173589408, 0.0608219429851, 0.132510870695, 0.107050769031, 0.043913770467, 0.0233203526586, 0.0176767166704, 0.0279997866601, 0.0412342399359, 0.0288077052683, 0.0330477766693, 0.0223066974431, 0.0145090632141, 0.0231651179492, 0.0374032519758, 0.0294651445001, 0.053678303957, 0.102370291948, 0.0696776509285, 0.0356794111431, 0.0338027440012, 0.0388700589538, 0.0748556628823], "mean": [0.327190279961, 0.216882541776, 0.10409116745, 0.093385592103, 0.0847052112222, 0.107201978564, 0.145119562745, 0.128067269921, 0.0866477116942, 0.066075310111, 0.0607234723866, 0.0978985279799, 0.1389657408, 0.129397422075, 0.204181089997, 0.344194591045, 0.278102427721, 0.119558975101, 0.060804631561, 0.0512399189174, 0.0841582939029, 0.114025093615, 0.0956749841571, 0.0811203420162, 0.0667466372252, 0.04793824628, 0.0795771926641, 0.109963200986, 0.100286200643, 0.142619550228, 0.192580282688, 0.147381320596, 0.0945817232132, 0.0855227038264, 0.104845203459, 0.226507768035]}, "tuning_equal_tempered_deviation": 0.0285536106676, "chords_changes_rate": 0.0451485142112, "key_key": "D", "tuning_diatonic_strength": 0.714232861996, "key_scale": "major", "chords_number_rate": 0.00178217818029, "tuning_frequency": 440.254241943, "tuning_nontempered_energy_ratio": 0.728110134602, "chords_histogram": [28.653465271, 0.930693089962, 22.0990104675, 0.19801980257, 0, 0, 0.237623766065, 0, 0.079207919538, 0, 0.19801980257, 0, 0, 0.673267304897, 0, 7.54455423355, 0.594059407711, 2.69306921959, 0, 1.36633658409, 1.40594065189, 2.0594060421, 22.2574253082, 9.00990104675], "key_strength": 0.833194553852, "chords_key": "D", "chords_strength": {"dmean2": 0.0106342379004, "median": 0.600251197815, "min": -1, "dvar2": 0.000724430661649, "dvar": 0.000471614621347, "dmean": 0.0110986521468, "max": 0.867056787014, "var": 0.0448216162622, "mean": 0.57182019949}, "chords_scale": "major", "hpcp_entropy": {"dmean2": 1.14421737194, "median": 2.02573871613, "min": 0, "dvar2": 0.874391376972, "dvar": 0.307953089476, "dmean": 0.67511510849, "max": 4.34424066544, "var": 0.616082370281, "mean": 2.01793694496}}, "metadata": {"audio_properties": {"equal_loudness": 0, "codec": "flac", "downmix": "mix", "sample_rate": 44100, "analysis_sample_rate": 44100, "bit_rate": 0, "md5_encoded": "eb911882213b66610c973d527c6e3a7c", "length": 234.440002441, "replay_gain": -7.94059944153, "lossless": true}, "version": {"essentia_build_sha": "2d9f1f26377add8aeb1075a9c2973f962c4f09fd", "essentia": "2.1-beta2", "extractor": "music 1.0", "essentia_git_sha": "v2.1_beta2-1-ge3940c0"}, "tags": {"title": ["Blue Savannah (remix/edit)"], "language": ["English"], "media": ["CD"], "albumartist": ["Erasure"], "tracktotal": ["4"], "musicbrainz_releasegroupid": ["a86fdc45-b739-3914-85a5-30f6ec32e5f1"], "musicbrainz_recordingid": ["73703b3a-d042-4ccd-bc03-c2710f71de28"], "mood": ["Groovy", "Funky", "Happy", "Energetic"], "musicbrainz_albumartistid": ["43b58c98-3779-4b04-9a23-1c95cca3a145"], "musicbrainz_releasetrackid": ["2686c586-a313-3a9b-828e-5c3207f0f371"], "discnumber": ["1"], "totaldiscs": ["1; 01"], "album": ["Blue Savannah (CDM-S) [Sire PRO-CD-3801]"], "catalognumber": ["PRO-CD-3801"], "contentgroup": ["Pop", "Dance", "Electronica", "Rock", "Indie", "Classic Rock", "Soul", "Jazz", "Alternative Rock,Dance,Electronic,Pop Rock,Rock,Synth-pop"], "releasecountry": ["US"], "file_name": "1-02 Blue Savannah (remix edit).flac", "acoustid_fingerprint": ["AQADtEkSSVMShZEQHn0Oe8OP_siX4xO09GgXpFeDazwOxjv8Bc8x3MePVA8qdYF2C2d2PMGPM4f6wSqNHM_hsUZ4Dv-hD59xkRZO9EzgG_3RhcFJbYgfXB9OEVZrXDp-3InwIrKON5F6aIHc4jr-mfh09CmNuM3xEWmVHe5xeEvyo75QlsSH8DPyDz--QXu0w--F8DvGo4edGr10oa9xpPGOZzksPMNZiB98hP2RDzf6Q0SPHr5xwofOw9LR66h1RA9h_ugTVWj3oemG4yQafUTJg9d65Dru40GW5_Cb486I49VG_KC-g4pD5If4ws-M7kO-HJxJ4ZIeoY5--MOP6spxwoki48kVXDrBnEc6wuXQ402EKZrUAT8skccXQcf3IQ-Po0-EpxLuLAgPLYp0vB8-CeUSNFUbnBZ0RD_6w9M849Lwoj8uIN_x5AgvHS0_4cclHU1OFz2u4WHR9OAcpCqTQ_uRn9gV1GkOd5GPJ8iP78WPPaKGnMLhZwcjhwge6ZhuQ6z64MzR_Pixq0LzCT3eoMeULyaOUF487CEeGqd0pPrh91B9-DEO18ZTetCVwdMREnd-XMenBdVmwd1xZi7sEi5K8kF9NGmkFleKcA88otOE13hHyNOh_Ya3CZqnDN8RHk33EHeOamoOV9kx0V_wE-ETaJm0bPgeAz-aKhSF3kA_QguPo2Mv6FHQ4-gPd0Sv4QitHA0f_EHh78TFIdcMc-GBKcf14TmN63hz9Hii5Lioww8cUsfTGLkC4-GH6sXxSQ3yBF9-nNrR5_ihikf7CnOp5ehDhLmKO8pxhugYXjA_5A9-XBRUaqnQB63wodrxEG_QH8ezFM0XaA_OD9fxDCL_YfWQ-_gkuNTxWzim9EK5JDKaLNrxMD-SWkIuhkHZ4wot9JEVjNJRMkGYE_KaHNfOoamDPtDyUugJekGug7nywPmQU0eb4ReD3oUW7cfVC6f4YMqXBM-OXin-Q8_R5oHVN7gTHc-C0Bquo_jh7wj1HPqRG0119C5O4fPQ-KiP70Ok-XAe9Plwo1XgHO1xLxvxC89OdHjx8HCOH35EvMeZ47Rw_uiNdhBVeWBOBX-Mt9B-42NWhJeJ7wMTo9pCFdeP5hUuouvwZEf-ScUvEOGJ5ji-o5G2HH0QHock5Mvxws6OnrjRaYdPlORxRkKWfdAjvDhd_NDO4xfwEc6LB72g5TW-ozKP5hfIE9eOJg4J7WieEdWH78ETPMvRD42OJ_gOZ8PuGzqP_ngWXINp4VCdEX6L4iP6w4ePHjqhTTiND_4VaCemHpuF_PioAteH7QWuoFxOhN-hsce9QU-OH82P_uiPRt7B44c7XsiNH6c8VDx8-Aif4-QgfZLxHU24YxKPlkOYHz8qOE5wfLGQZ4b144GOHFdCDz1O1EM-Fc076MeJRnoOPceD8MdZfDzCJ0NzfBT-oB-aHDs064TdIE-EyjxuCR_OI_mO8Dxhi0d_4eKDJj8-XJWOO7hIhHmmQtZz5DmuPqjDgOo-9MS54d_BhDxCZbuGfitcBe-M5sNZ7FqOh0lWFA4vOI5h8rhenMqJHzp8FG80IZ6ORnnQ7_iDa9h64cJnHGEmoVUeQz_ChfCJ5guu4LxwLR_C_NCsCdE1_Dia0zL6MA--FM_RX7C8FOEp7VA-IR94Pag3cUZDID80QRIzasOPXDc-wVW24xumhDreBXmWzIN-hCX6DUf4HD605wLaBVZbXILoHtsTuQj7HBePRj0u_Mf1wB9yNGmyCOfR40yO2sij4xt-5MqLvoeLngdzhLlxhaiY49Pgo_-Qc7h4_Pj2QEqcHrWIPshhNXh-ONpRq0f4C1tOaJRW4UzxHRceGlqObsqh4hIaDsePnjiTQ1fRa4Q7Yiq0f2h-XAl6hKly_OjDuEK-40dP4vjxyoVl6fgR5tmHHm_q4C2aFz2-oR64dwhLBTouxkRufEe5cAcZ5sfbIV4FP3tQXkWuHW90TEfcJFPh89A-nMd59IPRKod22InQPXjQH18GHT7xF9sr7ME5pNKODY_wY8uY4R169OLhUvAY_QjbCkko5nikotVx6Rqq58d3_AjTsoIUTkG8bPiL_sKP_uCOXDq0PEE1HY9pdNRwKfjhjJvR9zh19MnRPDN-yE0GTXyFzR8ercVZnONw_PAV_PiBHvpxv3C1pETOHz9eo-lRjQjlHRt_HJrRMfgh9kSfIfiOe8OL3CW-o10N8WgXHJfRHP2Hh0Bz9PiF_mh-6NrR8UH6of7xTcOP8NsOr_ChbSLBLjfO483RnFAdHufxEOkPfviMe-iNN0uQf3iD_2jhH6XECD_eoJFnaOKIvoefBT-NJjtyHWFEKcdk6VBvNKGKdjlk5qj06GiO8MGLcN_xHVpiIWSWHX8m7Ccq50L6Q_6OiqKLXDuOVg3SHx80HXkUpcDKC30CH6FVACEII4QpphwQwBmgqDHOSkuENJIRQBgQQgDgBAFCAUMUAUwYCxgDAggFjBHCCMkEAIwwYCACAigCDBMKMMQEc1AAwoRAgiljlJHAQAOIUIoAIwgDQDHACAAWOCSUYQAgIgkxQEggFFGAGCJEYEgAVJACVCigGSKGiaMEMUwgpoCiQhAqhAEUKoCEYwAJQAEBQgRhnCHCAEGIEoYJCAQQzihAgADAALEIAQgoJYgBAAlGlGCGCSMkAAIZAAAVQAAHhHKKAK0AQ0AgxAAUijAhFFYAGUuUYcQYgZgARAgiDBUAAKCIYAohI5QHSgjkGBAKICQFMAAIIhgQgghjjHLAGSGAMAIQgBRABBADAAAMGQAIoUwAwQxjQgAjFAGGAQcBYMgIgAwQhihCGQCIAIaMcQAAQoSAigDAADIEUUYMUEoI6BgBChADDEGGCUKEcswJ6IhDigJHlAIKAQYYMooJYRRjBCAhAOMUGGIQEMo5BIgBAgkEEBJACEMoUkBYJoSggBhnBBJUIAaUNBApCwBTRiikjHAAQMCAQEYS4gwASjhDkEMKCGqQAQIwYoQQhiAgAQBEAWCIIAA4YgAjTBCAlBAAEWIUkVIQCBTwzhHCgEDCEIMEgUQAABATwgkhlDDAiIAIA0YQgBCxwnhhHAHAIGAYAAQh5JlTQiiJATYECIIEQNAQIZSQTiLghDQMICEcEAYh5pSzAAlhmBAGKGchJIAhR4hy1gADADHACaKgFwwZQwgDACBFnADGMmCAQIQwgYwRDgDjFFOSKAAEgEIRYwBwDCJCiBBEGCsEQIwxBwBQigCqgDIOUIUIBc4aRQRQQCCjoAECBMMUMgwYZgCSWhAGiAWCAWWUEkA44wgQykAiAGNACWMcIcAJQYEA0ikSFCACKiQEIpIAoAAAEggiDABIGCGUKQJJogQC"], "date": ["1989"], "genre": ["New Wave", "Synthpop", "Dance", "Synthpop", "Electronic"], "disctotal": ["01"], "musicbrainz_artistid": ["43b58c98-3779-4b04-9a23-1c95cca3a145"], "musicbrainz_albumid": ["08aefd68-1161-499c-9f5f-731445dff676"], "artist": ["Erasure"], "tracknumber": ["02"], "artistsort": ["Erasure"], "bpm": ["135"], "albumartistsort": ["Erasure"], "acoustid_id": ["59b950b7-b500-445b-ac84-28f2ef143a66"], "script": ["Latin"], "totaltracks": ["04; 4"]}}, "rhythm": {"bpm_histogram_first_peak_bpm": {"dmean2": 0, "median": 136, "min": 136, "dvar2": 0, "dvar": 0, "dmean": 0, "max": 136, "var": 0, "mean": 136}, "bpm": 135.018310547, "bpm_histogram_second_peak_spread": {"dmean2": 0, "median": 0.5, "min": 0.5, "dvar2": 0, "dvar": 0, "dmean": 0, "max": 0.5, "var": 0, "mean": 0.5}, "bpm_histogram_first_peak_weight": {"dmean2": 0, "median": 0.689788043499, "min": 0.689788043499, "dvar2": 0, "dvar": 0, "dmean": 0, "max": 0.689788043499, "var": 0, "mean": 0.689788043499}, "onset_rate": 4.47000026703, "beats_position": [0.487619042397, 0.986848056316, 1.48607707024, 1.95047616959, 2.41487526894, 2.85605430603, 3.29723358154, 3.73841261864, 4.17959165573, 4.63238096237, 5.08516979218, 5.52634906769, 5.9675283432, 6.40870714188, 6.84988641739, 7.2910656929, 7.73224496841, 8.18503379822, 8.63782310486, 9.07900238037, 9.52018165588, 9.96135997772, 10.4025392532, 10.8553285599, 11.3081178665, 11.749297142, 12.1904764175, 12.6316547394, 13.0728340149, 13.5140132904, 13.9551925659, 14.4079818726, 14.8607711792, 15.301949501, 15.7431287766, 16.1843090057, 16.6254863739, 17.0782756805, 17.5310649872, 17.9722442627, 18.4134235382, 18.8546028137, 19.2957820892, 19.7369613647, 20.1781406403, 20.6309299469, 21.0837192535, 21.5248966217, 21.9660758972, 22.4072551727, 22.8484344482, 23.3012237549, 23.7540130615, 24.195192337, 24.6363716125, 25.0775508881, 25.5187301636, 25.9599094391, 26.4010887146, 26.8538761139, 27.3066654205, 27.747844696, 28.1890239716, 28.6302032471, 29.0713825226, 29.5125617981, 29.9653511047, 30.4181404114, 30.8593196869, 31.3004989624, 31.7416782379, 32.1828575134, 32.6240348816, 33.0768241882, 33.5296134949, 33.9707946777, 34.4119720459, 34.8531494141, 35.2943305969, 35.7471199036, 36.1882972717, 36.6410865784, 37.0822677612, 37.5234451294, 37.9646263123, 38.4058036804, 38.8585929871, 39.3113822937, 39.7525634766, 40.1937408447, 40.6349182129, 41.0760993958, 41.5172767639, 41.9584579468, 42.4112472534, 42.8640365601, 43.3052139282, 43.7463951111, 44.1875724792, 44.6287536621, 45.0699310303, 45.5227203369, 45.9755096436, 46.4166870117, 46.8578681946, 47.2990455627, 47.7402267456, 48.1814041138, 48.6341934204, 49.0869827271, 49.5281639099, 49.9693412781, 50.4105224609, 50.8516998291, 51.2928771973, 51.7456665039, 52.1984558105, 52.6396369934, 53.0808143616, 53.5219955444, 53.9631729126, 54.4159622192, 54.8571434021, 55.3099327087, 55.7511100769, 56.1922874451, 56.6334686279, 57.0746459961, 57.515827179, 57.9686164856, 58.4214057922, 58.8625831604, 59.3037643433, 59.7449417114, 60.1861228943, 60.6273002625, 61.0684814453, 61.5212669373, 61.9740562439, 62.4152374268, 62.8564147949, 63.2975959778, 63.7387733459, 64.1915664673, 64.6443557739, 65.0855331421, 65.5267105103, 65.9678878784, 66.409072876, 66.8502502441, 67.3030395508, 67.7558288574, 68.1970062256, 68.6381835938, 69.0793609619, 69.5205459595, 69.9617233276, 70.4145126343, 70.8673019409, 71.3084793091, 71.7496566772, 72.1908340454, 72.632019043, 73.0731964111, 73.5143737793, 73.9671630859, 74.4199523926, 74.8611297607, 75.3023147583, 75.7434921265, 76.1846694946, 76.6374588013, 77.0902481079, 77.5314254761, 77.9726028442, 78.4137878418, 78.85496521, 79.2961425781, 79.7489318848, 80.2017211914, 80.6428985596, 81.0840835571, 81.5252609253, 81.9664382935, 82.4076156616, 82.8604049683, 83.3015823364, 83.7543716431, 84.1955566406, 84.6367340088, 85.077911377, 85.5190887451, 85.9718780518, 86.4246673584, 86.865852356, 87.3070297241, 87.7482070923, 88.1893844604, 88.6305618286, 89.0717468262, 89.5129241943, 89.965713501, 90.4185028076, 90.8596801758, 91.3008575439, 91.7536468506, 92.1948318481, 92.6476211548, 93.0887985229, 93.5299758911, 93.9711532593, 94.4123306274, 94.853515625, 95.3063049316, 95.7474822998, 96.2002716064, 96.6414489746, 97.0826263428, 97.5238113403, 97.9649887085, 98.4061660767, 98.8589553833, 99.3117446899, 99.7529220581, 100.194099426, 100.635284424, 101.076461792, 101.51763916, 101.970428467, 102.423217773, 102.864395142, 103.305580139, 103.746757507, 104.187934875, 104.629112244, 105.08190155, 105.523078918, 105.975868225, 106.417053223, 106.858230591, 107.299407959, 107.740585327, 108.193374634, 108.64616394, 109.087341309, 109.528526306, 109.969703674, 110.410881042, 110.852058411, 111.304847717, 111.757637024, 112.198822021, 112.63999939, 113.081176758, 113.522354126, 113.975143433, 114.416320801, 114.869110107, 115.310295105, 115.751472473, 116.192649841, 116.633827209, 117.075012207, 117.527801514, 117.968978882, 118.421768188, 118.862945557, 119.304122925, 119.745300293, 120.1980896, 120.639274597, 121.092063904, 121.533241272, 121.97441864, 122.415596008, 122.856781006, 123.297958374, 123.750747681, 124.191925049, 124.644714355, 125.085891724, 125.527069092, 125.968254089, 126.409431458, 126.862220764, 127.315010071, 127.756187439, 128.197372437, 128.638549805, 129.079727173, 129.520904541, 129.973693848, 130.426483154, 130.867660522, 131.308837891, 131.750015259, 132.191192627, 132.632385254, 133.073562622, 133.526351929, 133.979141235, 134.420318604, 134.861495972, 135.30267334, 135.743850708, 136.196640015, 136.649429321, 137.090606689, 137.531784058, 137.972961426, 138.414154053, 138.855331421, 139.296508789, 139.749298096, 140.202087402, 140.643264771, 141.084442139, 141.525619507, 141.966796875, 142.419586182, 142.86076355, 143.313552856, 143.754730225, 144.195922852, 144.63710022, 145.078277588, 145.519454956, 145.972244263, 146.413421631, 146.866210938, 147.307388306, 147.748565674, 148.189743042, 148.642532349, 149.095321655, 149.536499023, 149.97769165, 150.418869019, 150.860046387, 151.301223755, 151.742401123, 152.19519043, 152.647979736, 153.089157104, 153.530334473, 153.971511841, 154.412689209, 154.853881836, 155.306671143, 155.759460449, 156.200637817, 156.641815186, 157.082992554, 157.524169922, 157.96534729, 158.418136597, 158.870925903, 159.312103271, 159.75328064, 160.194458008, 160.635650635, 161.076828003, 161.52961731, 161.982406616, 162.423583984, 162.864761353, 163.305938721, 163.747116089, 164.188293457, 164.641082764, 165.082260132, 165.535049438, 165.976226807, 166.417419434, 166.858596802, 167.29977417, 167.752563477, 168.205352783, 168.646530151, 169.08770752, 169.528884888, 169.970062256, 170.411239624, 170.875640869, 171.316818237, 171.757995605, 172.199172974, 172.640365601, 173.093154907, 173.545944214, 173.987121582, 174.42829895, 174.869476318, 175.310653687, 175.751831055, 176.204620361, 176.657409668, 177.098587036, 177.539764404, 177.980941772, 178.422134399, 178.863311768, 179.304489136, 179.757278442, 180.210067749, 180.651245117, 181.092422485, 181.533599854, 181.974777222, 182.41595459, 182.868743896, 183.321533203, 183.762710571, 184.203903198, 184.645080566, 185.086257935, 185.527435303, 185.968612671, 186.409790039, 186.850967407, 187.292144775, 187.744934082, 188.197723389, 188.638900757, 189.080093384, 189.521270752, 189.96244812, 190.415237427, 190.868026733, 191.309204102, 191.75038147, 192.191558838, 192.632736206, 193.073913574, 193.515090942, 193.967880249, 194.420669556, 194.861862183, 195.303039551, 195.744216919, 196.185394287, 196.638183594, 197.0909729, 197.532150269, 197.973327637, 198.414505005, 198.855682373, 199.30847168, 199.761260986, 200.202438354, 200.643630981, 201.08480835, 201.525985718, 201.978775024, 202.408340454, 202.861129761, 203.302307129, 203.743484497, 204.196273804, 204.637451172, 205.07862854, 205.519821167, 205.960998535, 206.413787842, 206.866577148, 207.307754517, 207.748931885, 208.190109253, 208.64289856, 209.095687866, 209.536865234, 209.978042603, 210.419219971, 210.860397339, 211.301589966, 211.754379272, 212.195556641, 212.648345947, 213.089523315, 213.530700684, 213.971878052, 214.41305542, 214.854232788, 215.307022095, 215.759811401, 216.20098877, 216.642166138, 217.083358765, 217.524536133, 217.965713501, 218.406890869, 218.859680176, 219.312469482, 219.753646851, 220.194824219, 220.636001587, 221.077178955, 221.518356323, 221.95954895, 222.412338257, 222.865127563, 223.306304932, 223.7474823, 224.188659668, 224.641448975, 225.094238281, 225.547027588, 226.115921021, 226.673187256, 227.23046875, 227.834197998, 228.437911987, 229.064849854, 229.69178772, 230.318725586, 230.957275391, 231.653869629, 232.338867188, 233.035461426, 233.720443726], "beats_loudness": {"dmean2": 0.0596300400794, "median": 0.0863798707724, "min": 0, "dvar2": 0.00241461931728, "dvar": 0.000761453353334, "dmean": 0.0336383543909, "max": 0.216381952167, "var": 0.00114035082515, "mean": 0.0887253880501}, "danceability": 1.46307528019, "bpm_histogram_second_peak_weight": {"dmean2": 0, "median": 0.00578034669161, "min": 0.00578034669161, "dvar2": 0, "dvar": 0, "dmean": 0, "max": 0.00578034669161, "var": 0, "mean": 0.00578034669161}, "beats_count": 520, "bpm_histogram_second_peak_bpm": {"dmean2": 0, "median": 96, "min": 96, "dvar2": 0, "dvar": 0, "dmean": 0, "max": 96, "var": 0, "mean": 96}, "bpm_histogram_first_peak_spread": {"dmean2": 0, "median": 0.285429149866, "min": 0.285429149866, "dvar2": 0, "dvar": 0, "dmean": 0, "max": 0.285429149866, "var": 0, "mean": 0.285429149866}, "beats_loudness_band_ratio": {"dmean2": [0.17227396369, 0.0676078498363, 0.0748325660825, 0.0831023007631, 0.0317685380578, 0.0434410311282], "median": [0.854015111923, 0.0341399051249, 0.0294852182269, 0.0261804219335, 0.0135070513934, 0.0169387552887], "min": [0, 0, 0, 0, 0, 0], "dvar2": [0.0211090147495, 0.00686796335503, 0.00847074296325, 0.00945257488638, 0.00126708508469, 0.00682924920693], "dvar": [0.00814670603722, 0.00282554584555, 0.00350996269844, 0.0033401127439, 0.000428850733442, 0.00247751735151], "dmean": [0.101446777582, 0.0390543825924, 0.0449739955366, 0.0456622429192, 0.0173831954598, 0.023393701762], "max": [0.99290561676, 0.914976656437, 0.699426293373, 0.393886506557, 0.212763413787, 0.859810531139], "var": [0.031164444983, 0.00795792322606, 0.00489452620968, 0.00406620418653, 0.00047311882372, 0.00180776265915], "mean": [0.804103910923, 0.0556252002716, 0.0509257018566, 0.0476138144732, 0.0194371193647, 0.0236094407737]}}, "lowlevel": {"barkbands_spread": {"dmean2": 13.2194461823, "median": 23.52318573, "min": 0.469903200865, "dvar2": 218.978683472, "dvar": 100.397026062, "dmean": 8.72585487366, "max": 125.999526978, "var": 259.138458252, "mean": 26.1993427277}, "melbands_spread": {"dmean2": 12.5098667145, "median": 19.835144043, "min": 0.435159891844, "dvar2": 227.211029053, "dvar": 108.097160339, "dmean": 8.08993053436, "max": 188.372756958, "var": 481.821929932, "mean": 23.9077548981}, "hfc": {"dmean2": 18.0183410645, "median": 17.2433395386, "min": 1.07831588907e-16, "dvar2": 697.941467285, "dvar": 340.76751709, "dmean": 12.6561660767, "max": 198.646896362, "var": 731.920959473, "mean": 26.0783081055}, "barkbands_kurtosis": {"dmean2": 8.682513237, "median": 2.25322651863, "min": -1.9076488018, "dvar2": 463.290618896, "dvar": 208.719711304, "dmean": 5.6368227005, "max": 413.30380249, "var": 279.156799316, "mean": 6.9300775528}, "gfcc": {"mean": [1.29580771923, 73.5489425659, -90.2593765259, 26.1746730804, -48.8589897156, 15.5166816711, -27.8630695343, 10.2359714508, -23.6006813049, 9.88403701782, -14.9144458771, 5.96295785904, -14.473449707], "icov": [[9.15813652682e-05, -7.26342477719e-05, 0.000186291392311, -8.80679872353e-05, 0.000221754176891, -0.000343105843058, 0.00031606311677, -0.000305724039208, 0.000247848249273, -0.000239593529841, 0.000327363493852, -0.000275760627119, 0.000414072157582], [-7.26342477719e-05, 0.0011352384463, 0.00019433068519, -0.000493180123158, -0.000486875942443, 0.000468831858598, -0.00065857329173, 0.000245176546741, 0.000224425675697, 0.000224442366743, -0.000788150471635, 0.000990935252048, -0.000961429032031], [0.000186291392311, 0.00019433068519, 0.00182789890096, -0.000146498423419, -0.000597622478381, -0.00140369404107, 0.00130917434581, -0.000957587442826, 0.000626747612841, -0.000445504992967, 0.000695303955581, -0.000404780759709, 0.000293490389595], [-8.80679872353e-05, -0.000493180123158, -0.000146498423419, 0.00385908945464, 0.000108917491161, -0.000595283170696, 0.00081138801761, 0.000507729186211, -0.0022321541328, 0.00040899659507, -0.000398868869524, 0.000383510370739, -0.00180163234472], [0.000221754176891, -0.000486875942443, -0.000597622478381, 0.000108917491161, 0.00513471569866, -0.000544622424059, -0.000949955661781, -0.000810662226286, 0.000901274965145, -0.00185857107863, 0.00172052998096, -0.000392007030314, -0.000108237843961], [-0.000343105843058, 0.000468831858598, -0.00140369404107, -0.000595283170696, -0.000544622424059, 0.00686576170847, -0.0032756542787, -0.000361159211025, 9.36235956033e-05, -9.25425920286e-05, -0.00279738870449, 0.00111319229472, -6.30699651083e-05], [0.00031606311677, -0.00065857329173, 0.00130917434581, 0.00081138801761, -0.000949955661781, -0.0032756542787, 0.00993359368294, -0.00357127026655, 6.5840690695e-06, 0.00166520662606, -0.00272080278955, -0.000465517456178, 0.00222103879787], [-0.000305724039208, 0.000245176546741, -0.000957587442826, 0.000507729186211, -0.000810662226286, -0.000361159211025, -0.00357127026655, 0.0108682913706, -0.00203525344841, -0.00346607156098, 0.00336493900977, -0.000426164653618, -0.0021203730721], [0.000247848249273, 0.000224425675697, 0.000626747612841, -0.0022321541328, 0.000901274965145, 9.36235956033e-05, 6.5840690695e-06, -0.00203525344841, 0.00894155912101, -0.00279229669832, -0.000983459525742, 0.000990845030174, -0.000904245709535], [-0.000239593529841, 0.000224442366743, -0.000445504992967, 0.00040899659507, -0.00185857107863, -9.25425920286e-05, 0.00166520662606, -0.00346607156098, -0.00279229669832, 0.0141072487459, -0.00336308055557, -0.000380195589969, 0.00245098327287], [0.000327363493852, -0.000788150471635, 0.000695303955581, -0.000398868869524, 0.00172052998096, -0.00279738870449, -0.00272080278955, 0.00336493900977, -0.000983459525742, -0.00336308055557, 0.0157621409744, -0.00427741371095, -0.000648848537821], [-0.000275760627119, 0.000990935252048, -0.000404780759709, 0.000383510370739, -0.000392007030314, 0.00111319229472, -0.000465517456178, -0.000426164653618, 0.000990845030174, -0.000380195589969, -0.00427741371095, 0.0153363114223, -0.00486553879455], [0.000414072157582, -0.000961429032031, 0.000293490389595, -0.00180163234472, -0.000108237843961, -6.30699651083e-05, 0.00222103879787, -0.0021203730721, -0.000904245709535, 0.00245098327287, -0.000648848537821, -0.00486553879455, 0.0172808151692]], "cov": [[30408.5507813, 302.441497803, -1771.55236816, 183.279586792, -1045.63562012, 704.137390137, -441.545501709, 552.79675293, -444.357879639, 426.957366943, -414.444244385, 132.025100708, -604.206237793], [302.441497803, 1292.9855957, -340.319549561, 209.297073364, 18.2021579742, -49.9719238281, 79.2722473145, -54.0658416748, 29.0782966614, -42.7847671509, 76.2981109619, -45.8428001404, 72.9459075928], [-1771.55236816, -340.319549561, 1039.60852051, -56.213558197, 229.493041992, 142.052505493, -15.9554109573, 95.1626968384, -20.3905963898, 52.0949668884, -36.9613609314, 11.9111156464, 9.19128322601], [183.279586792, 209.297073364, -56.213558197, 384.358734131, -34.7136383057, 14.9946298599, -22.7950553894, -12.8402328491, 99.2751541138, -0.61323171854, 31.1349716187, -4.77830600739, 54.5761604309], [-1045.63562012, 18.2021579742, 229.493041992, -34.7136383057, 307.080657959, 41.9234237671, 57.1452789307, 48.9519424438, -6.39484500885, 30.3744220734, -8.97503757477, -2.13978815079, 13.7068433762], [704.137390137, -49.9719238281, 142.052505493, 14.9946298599, 41.9234237671, 270.655059814, 79.4981155396, 70.9649810791, -2.00610160828, 42.9986991882, 28.9079399109, 6.7236199379, -23.986415863], [-441.545501709, 79.2722473145, -15.9554109573, -22.7950553894, 57.1452789307, 79.4981155396, 183.088760376, 41.1526107788, 13.5594406128, 1.8840918541, 45.1965293884, 0.399218380451, -2.69761824608], [552.79675293, -54.0658416748, 95.1626968384, -12.8402328491, 48.9519424438, 70.9649810791, 41.1526107788, 165.397735596, 21.2085018158, 56.522895813, -24.3191871643, 8.59197616577, -9.03876304626], [-444.357879639, 29.0782966614, -20.3905963898, 99.2751541138, -6.39484500885, -2.00610160828, 13.5594406128, 21.2085018158, 169.972503662, 26.508310318, 28.2381153107, -5.32284021378, 28.4696731567], [426.957366943, -42.7847671509, 52.0949668884, -0.61323171854, 30.3744220734, 42.9986991882, 1.8840918541, 56.522895813, 26.508310318, 108.31817627, 5.40793514252, 7.86033058167, -18.0788707733], [-414.444244385, 76.2981109619, -36.9613609314, 31.1349716187, -8.97503757477, 28.9079399109, 45.1965293884, -24.3191871643, 28.2381153107, 5.40793514252, 106.023017883, 18.1769332886, 19.1149711609], [132.025100708, -45.8428001404, 11.9111156464, -4.77830600739, -2.13978815079, 6.7236199379, 0.399218380451, 8.59197616577, -5.32284021378, 7.86033058167, 18.1769332886, 81.6453781128, 16.8765792847], [-604.206237793, 72.9459075928, 9.19128322601, 54.5761604309, 13.7068433762, -23.986415863, -2.69761824608, -9.03876304626, 28.4696731567, -18.0788707733, 19.1149711609, 16.8765792847, 90.6967391968]]}, "spectral_energyband_middle_low": {"dmean2": 0.0068307579495, "median": 0.00699973292649, "min": 1.54646461702e-22, "dvar2": 0.00012736050121, "dvar": 4.84778101963e-05, "dmean": 0.00423792796209, "max": 0.0816601291299, "var": 8.10149576864e-05, "mean": 0.0095645384863}, "melbands_crest": {"dmean2": 5.92292165756, "median": 14.0148124695, "min": 1.58080399036, "dvar2": 28.1147670746, "dvar": 12.3753223419, "dmean": 3.74226689339, "max": 31.8299598694, "var": 35.1543655396, "mean": 14.8547391891}, "spectral_kurtosis": {"dmean2": 1.87049245834, "median": 3.32733011246, "min": -1.2707092762, "dvar2": 11.0766506195, "dvar": 4.87211179733, "dmean": 1.20355701447, "max": 118.672058105, "var": 10.321937561, "mean": 3.74096894264}, "spectral_rms": {"dmean2": 0.00171026017051, "median": 0.00469270395115, "min": 3.11398086136e-12, "dvar2": 3.93547361455e-06, "dvar": 2.20609672397e-06, "dmean": 0.00123037304729, "max": 0.0145758008584, "var": 6.77530988469e-06, "mean": 0.00526855932549}, "zerocrossingrate": {"dmean2": 0.0213295146823, "median": 0.06298828125, "min": 0.00048828125, "dvar2": 0.000444957928266, "dvar": 0.000339992722729, "dmean": 0.0184467993677, "max": 0.5263671875, "var": 0.00488665932789, "mean": 0.0779917836189}, "silence_rate_60dB": {"dmean2": 0.0134706813842, "median": 0, "min": 0, "dvar2": 0.0172527264804, "dvar": 0.00668971566483, "dmean": 0.00673467386514, "max": 1, "var": 0.0352064743638, "mean": 0.036541890353}, "erbbands_kurtosis": {"dmean2": 1.60840392113, "median": -0.136345222592, "min": -1.82721710205, "dvar2": 7.67095327377, "dvar": 3.63353252411, "dmean": 1.02262675762, "max": 44.0464782715, "var": 6.77506780624, "mean": 0.583419442177}, "erbbands": {"dmean2": [0.441311448812, 4.51299571991, 8.74095535278, 6.56209135056, 5.16769313812, 7.69606161118, 13.6167631149, 10.9162063599, 15.0207338333, 21.0138511658, 40.0624504089, 26.6939468384, 26.1125507355, 26.4638595581, 29.0685920715, 71.961730957, 35.4655151367, 29.708990097, 23.3080501556, 15.1756973267, 13.9621419907, 14.3409252167, 15.8775949478, 17.7228927612, 16.3642635345, 15.5140419006, 10.3831205368, 8.6978187561, 7.37908983231, 7.77121829987, 5.60268974304, 3.26777076721, 2.66158986092, 1.98409855366, 2.69609689713, 1.95798325539, 0.409274637699, 0.0749436840415, 0.00874659046531, 0.000347860710463], "median": [0.11971475184, 1.01042246819, 2.15445208549, 1.9744746685, 2.62829303741, 5.38637304306, 7.26054859161, 5.98492336273, 6.69219017029, 8.53783798218, 14.3109951019, 9.40572738647, 8.47084617615, 10.3532943726, 8.84252643585, 12.5264434814, 11.3120613098, 10.1114387512, 9.52218151093, 6.83421611786, 5.97167301178, 6.24225378036, 7.4557723999, 6.31921768188, 8.4271812439, 5.63330173492, 3.77268791199, 3.5303413868, 3.45181369781, 2.92604970932, 1.9927649498, 0.849049568176, 0.563151717186, 0.456747472286, 0.432637482882, 0.207544326782, 0.0497100427747, 0.00805264338851, 0.000900807091966, 8.61675362103e-05], "min": [3.16066998215e-23, 5.97233086044e-22, 1.22705781524e-21, 2.3130669977e-21, 1.14242302141e-20, 1.37075556663e-20, 2.9033936103e-20, 7.38900472537e-20, 1.21504430931e-19, 2.21108970801e-19, 1.16283434926e-19, 2.6306783662e-19, 5.4206494879e-19, 8.44654906391e-19, 8.38798829545e-19, 7.91315095168e-19, 1.29551269779e-18, 1.88105668942e-18, 2.38434087785e-18, 2.35478488739e-18, 3.09316125053e-18, 4.11014548567e-18, 4.53178136418e-18, 5.73033422531e-18, 7.20658940246e-18, 8.41096685588e-18, 7.3834033943e-18, 9.34137381862e-18, 8.61961241205e-18, 1.1782231605e-17, 1.05421844692e-17, 9.92985574899e-18, 9.20291371024e-18, 7.54185893962e-18, 6.16912128023e-18, 4.14363802867e-18, 2.29740998574e-18, 1.01881768097e-18, 2.12488779466e-19, 2.68573444148e-20], "dvar2": [0.713994264603, 85.1651992798, 363.033538818, 210.618682861, 123.424736023, 182.230743408, 858.694030762, 491.174621582, 891.170959473, 1532.30883789, 7778.79248047, 4214.60205078, 3321.54736328, 2933.41967773, 5288.54589844, 65976, 8214.37304688, 4488.31152344, 2586.74853516, 749.691772461, 595.832092285, 537.358520508, 638.312805176, 1056.18457031, 678.655456543, 826.408752441, 351.400146484, 242.809585571, 177.649246216, 320.103881836, 186.683258057, 94.2441711426, 47.5546646118, 18.149307251, 19.668504715, 9.32998561859, 0.498214274645, 0.0181309822947, 0.00029067180003, 5.95703454565e-07], "dvar": [0.372699141502, 35.3722648621, 136.964477539, 78.3555755615, 45.5005683899, 70.6857757568, 316.05267334, 183.76499939, 352.733428955, 600.391784668, 3121.46411133, 1892.64892578, 1453.84082031, 1288.78540039, 2043.50048828, 28888.2988281, 3483.78955078, 1839.71374512, 1063.58947754, 323.442626953, 232.575668335, 208.236953735, 244.013595581, 399.937316895, 258.624267578, 306.974609375, 139.128509521, 99.4496612549, 77.439453125, 137.174697876, 93.8025131226, 52.3917312622, 24.1750545502, 8.82481002808, 9.15431976318, 4.33404302597, 0.242390170693, 0.00892041064799, 0.000140895979712, 2.80893544868e-07], "dmean": [0.302677929401, 2.79313325882, 5.23194360733, 3.99817824364, 3.06522035599, 4.72040653229, 8.26028728485, 6.71573019028, 9.40037059784, 12.9619693756, 25.1429252625, 17.0864391327, 16.6606903076, 16.823261261, 18.0095596313, 46.5109672546, 22.7458534241, 18.7452144623, 14.8064012527, 9.62100696564, 8.7057762146, 8.61824607849, 9.48617553711, 10.4126825333, 9.75444316864, 8.95571136475, 6.11943674088, 5.23633432388, 4.62993240356, 5.0061545372, 3.82038378716, 2.31906247139, 1.87689340115, 1.37451887131, 1.84302830696, 1.32463359833, 0.286744832993, 0.0522563271224, 0.00599036971107, 0.000245743169216], "max": [5.49940061569, 44.6040077209, 114.727890015, 131.655792236, 114.255310059, 162.395751953, 447.190216064, 222.703704834, 594.374511719, 359.633850098, 1336.45837402, 1382.71826172, 1654.78991699, 972.537963867, 1355.60693359, 5966.74902344, 2532.79370117, 1033.98168945, 1025.1895752, 602.954711914, 378.777008057, 198.446075439, 198.042556763, 260.284088135, 255.144271851, 219.263031006, 229.744781494, 264.592803955, 184.236923218, 291.508331299, 276.164916992, 228.259033203, 169.637466431, 91.8464813232, 33.9105987549, 15.2239103317, 6.63128948212, 1.03023374081, 0.101808927953, 0.00478737009689], "var": [0.515349090099, 38.2870330811, 112.853981018, 74.4325637817, 47.2825164795, 126.573997498, 365.686462402, 279.019683838, 904.974365234, 1001.72467041, 7028.18457031, 4460.51953125, 3521.5168457, 3142.36035156, 4964.89550781, 53878.671875, 8484.33300781, 3330.85083008, 2067.96240234, 732.467529297, 558.973266602, 379.351135254, 369.025665283, 457.209899902, 428.622833252, 312.40524292, 161.788787842, 150.785049438, 175.743148804, 233.124237061, 235.852020264, 148.234695435, 59.3294296265, 18.2205219269, 12.0751857758, 5.5028090477, 0.342342287302, 0.0126476651058, 0.000179962284165, 3.38848110459e-07], "mean": [0.385804712772, 3.20522713661, 5.63487672806, 5.17393827438, 4.59911727905, 8.6316242218, 13.0811767578, 10.9815235138, 16.141450882, 19.6299629211, 39.6851272583, 28.0192947388, 26.9201793671, 28.2805786133, 30.4746456146, 73.5795898438, 37.5099143982, 29.2221641541, 23.7889690399, 15.652973175, 14.4337663651, 13.8724002838, 14.6936168671, 14.1155824661, 16.0165863037, 11.9468231201, 8.01254463196, 7.69216299057, 8.05927371979, 8.10552215576, 6.19479894638, 3.56787514687, 2.64592003822, 1.78524923325, 1.98271143436, 1.32250332832, 0.314334928989, 0.060163680464, 0.00666905846447, 0.000294792989735]}, "spectral_strongpeak": {"dmean2": 0.865754783154, "median": 0.382665932178, "min": 0, "dvar2": 2.32603383064, "dvar": 0.952328443527, "dmean": 0.515559256077, "max": 16.0536689758, "var": 1.52617716789, "mean": 0.792198956013}, "spectral_energy": {"dmean2": 0.0243295263499, "median": 0.0225720088929, "min": 9.93929803507e-21, "dvar2": 0.00130569655448, "dvar": 0.000635187025182, "dmean": 0.0168472416699, "max": 0.217765331268, "var": 0.00123950769193, "mean": 0.0353963710368}, "average_loudness": 0.89310246706, "spectral_rolloff": {"dmean2": 1182.18737793, "median": 1098.19335938, "min": 64.599609375, "dvar2": 3275451, "dvar": 1484362.875, "dmean": 701.36517334, "max": 19681.3476563, "var": 7815560, "mean": 1728.88098145}, "spectral_centroid": {"dmean2": 497.924865723, "median": 1312.84790039, "min": 145.354354858, "dvar2": 372204.65625, "dvar": 151189.53125, "dmean": 307.602508545, "max": 12032.0166016, "var": 1768643.125, "mean": 1487.9708252}, "pitch_salience": {"dmean2": 0.140859752893, "median": 0.522002220154, "min": 0.0813814178109, "dvar2": 0.0191624090075, "dvar": 0.00863565318286, "dmean": 0.0903524905443, "max": 0.969600141048, "var": 0.0202091298997, "mean": 0.511717438698}, "spectral_energyband_middle_high": {"dmean2": 0.00391070032492, "median": 0.00311788870022, "min": 1.1722979942e-21, "dvar2": 4.54051914858e-05, "dvar": 1.97762401513e-05, "dmean": 0.00256294454448, "max": 0.127508684993, "var": 6.22411535005e-05, "mean": 0.00579974753782}, "spectral_contrast_coeffs": {"dmean2": [0.0773809924722, 0.0752339363098, 0.0672480985522, 0.053613267839, 0.0414667502046, 0.035277672112], "median": [-0.672661662102, -0.736400842667, -0.774825930595, -0.783115148544, -0.797720253468, -0.765431642532], "min": [-0.980095267296, -0.988719403744, -0.980038464069, -0.971416532993, -0.969982266426, -0.966930449009], "dvar2": [0.0041052242741, 0.00370208430104, 0.00294500705786, 0.00208840402775, 0.00149931269698, 0.00111398997251], "dvar": [0.00164683465846, 0.00141962920316, 0.00119944417384, 0.000871932890732, 0.000602456333581, 0.000458594993688], "dmean": [0.0482046939433, 0.0462889447808, 0.0418144613504, 0.0340260304511, 0.0253120660782, 0.0230776052922], "max": [-0.273686528206, -0.473078519106, -0.469716072083, -0.487729936838, -0.59821331501, -0.573150932789], "var": [0.00671542203054, 0.00535147730261, 0.00592789519578, 0.00452240090817, 0.00265985261649, 0.00267391931266], "mean": [-0.66889834404, -0.733601629734, -0.764233827591, -0.776491940022, -0.794334828854, -0.765314280987]}, "melbands_skewness": {"dmean2": 1.4985678196, "median": 2.61127996445, "min": -1.15307962894, "dvar2": 3.0694835186, "dvar": 1.45216679573, "dmean": 1.00418400764, "max": 16.6788597107, "var": 4.38762569427, "mean": 3.07471013069}, "spectral_spread": {"dmean2": 1291813.375, "median": 5567645.5, "min": 1194450.375, "dvar2": 2138106494980.0, "dvar": 1129920593920.0, "dmean": 987465.3125, "max": 43186452, "var": 22307319840800.0, "mean": 6457406.5}, "dissonance": {"dmean2": 0.0328852944076, "median": 0.469954520464, "min": 0.122883409262, "dvar2": 0.00101958843879, "dvar": 0.000389063614421, "dmean": 0.0196437574923, "max": 0.500000119209, "var": 0.000721787917428, "mean": 0.463770002127}, "spectral_skewness": {"dmean2": 0.323592573404, "median": 1.49841022491, "min": -0.108964674175, "dvar2": 0.159070685506, "dvar": 0.0695064291358, "dmean": 0.21296004951, "max": 9.15074157715, "var": 0.259772568941, "mean": 1.51850187778}, "spectral_flux": {"dmean2": 0.0623271353543, "median": 0.0796417593956, "min": 6.42986844324e-11, "dvar2": 0.00495524331927, "dvar": 0.00227581220679, "dmean": 0.0410968847573, "max": 0.403603434563, "var": 0.00500025833026, "mean": 0.100744955242}, "spectral_contrast_valleys": {"dmean2": [0.621505796909, 0.634089827538, 0.635486841202, 0.64953827858, 0.632092893124, 0.559676468372], "median": [-6.83708095551, -6.56249094009, -7.19762563705, -7.68681430817, -7.46804904938, -9.80517292023], "min": [-28.5468769073, -28.1190643311, -27.870552063, -27.7721042633, -27.6112194061, -27.4215297699], "dvar2": [0.292785644531, 0.348930984735, 0.352963089943, 0.45466068387, 0