{"tonal": {"thpcp": [1, 0.61050260067, 0.196265771985, 0.160251557827, 0.175642475486, 0.535342752934, 0.803233206272, 0.489608407021, 0.445431798697, 0.542918026447, 0.281782954931, 0.249152079225, 0.318257212639, 0.222746729851, 0.490371495485, 0.719915270805, 0.367795139551, 0.130334898829, 0.16612200439, 0.182456508279, 0.605669438839, 0.965995192528, 0.573376357555, 0.360192269087, 0.403731524944, 0.220340400934, 0.227594017982, 0.331974804401, 0.237328648567, 0.377970904112, 0.617111682892, 0.406628996134, 0.333380043507, 0.421663284302, 0.273002713919, 0.588101625443], "hpcp": {"dmean2": [0.132321849465, 0.101940512657, 0.0622427910566, 0.0636659860611, 0.0926295220852, 0.155909568071, 0.176654651761, 0.171969741583, 0.13193371892, 0.0963065475225, 0.0931805595756, 0.089688912034, 0.0977575182915, 0.0883820801973, 0.105838291347, 0.109202794731, 0.115035779774, 0.106700599194, 0.0996950939298, 0.102805800736, 0.157107070088, 0.159132108092, 0.155159294605, 0.111320786178, 0.0889344587922, 0.11065505445, 0.165747970343, 0.17262005806, 0.157586544752, 0.141640767455, 0.12407720089, 0.0993498936296, 0.0876621454954, 0.0877688601613, 0.0870673060417, 0.125510662794], "median": [0.0451708622277, 0.0256929248571, 0.00820768717676, 0.00768983131275, 0.0105578098446, 0.0770129561424, 0.128038719296, 0.0853563770652, 0.0160054061562, 0.0090625686571, 0.00890883244574, 0.0191384330392, 0.0276429299265, 0.0247097034007, 0.0204647313803, 0.019513392821, 0.0201142262667, 0.0209793727845, 0.0179093629122, 0.0203254260123, 0.0624725818634, 0.0982729420066, 0.0554515682161, 0.0111016565934, 0.00551282986999, 0.00817462429404, 0.0473220124841, 0.071583263576, 0.062275249511, 0.023716788739, 0.0143019380048, 0.0136833637953, 0.0173892118037, 0.0185083895922, 0.0185848753899, 0.0381798408926], "min": [0, 0, 0, 0, 0, 0, 0, 0, 0, 0, 0, 0, 0, 0, 0, 0, 0, 0, 0, 0, 0, 0, 0, 0, 0, 0, 0, 0, 0, 0, 0, 0, 0, 0, 0, 0], "dvar2": [0.0579075403512, 0.0419209972024, 0.0291962698102, 0.0335877984762, 0.0444555990398, 0.0609729848802, 0.074156679213, 0.0692115351558, 0.0701126754284, 0.0506704673171, 0.0468108914793, 0.0391505919397, 0.0434071347117, 0.0338331907988, 0.0420639179647, 0.0501467958093, 0.048624292016, 0.0485221855342, 0.0465028956532, 0.0420707538724, 0.0623046904802, 0.0708435550332, 0.0699939951301, 0.0621137730777, 0.0562745705247, 0.0691973939538, 0.0806306824088, 0.0768672227859, 0.0625587552786, 0.0634377375245, 0.0623882897198, 0.0435712412, 0.041145440191, 0.0395440906286, 0.0361522845924, 0.0511570349336], "dvar": [0.0252914521843, 0.0152364159003, 0.00995133630931, 0.0121756559238, 0.0155763216317, 0.0226321499795, 0.031665507704, 0.0244162417948, 0.0254704449326, 0.0203949715942, 0.0166011713445, 0.0141144869849, 0.0164109170437, 0.0120914820582, 0.0151916537434, 0.0210185013711, 0.0179840493947, 0.0177695956081, 0.0190372504294, 0.0151926986873, 0.0231957118958, 0.0302002355456, 0.0252927858382, 0.0216191932559, 0.0201868098229, 0.024559898302, 0.0297258608043, 0.0316640138626, 0.0224417634308, 0.0229907520115, 0.0253032296896, 0.0157022830099, 0.0151422889903, 0.0158027280122, 0.0129273952916, 0.0196956750005], "dmean": [0.0804286301136, 0.0606090985239, 0.0345165021718, 0.0351747199893, 0.0514347963035, 0.0924190878868, 0.107295364141, 0.0998621881008, 0.0747925713658, 0.0560781247914, 0.0528068095446, 0.051969435066, 0.0576191432774, 0.0509512349963, 0.0627228319645, 0.0649405941367, 0.067280434072, 0.0621559582651, 0.0582014843822, 0.0590252168477, 0.0931086614728, 0.0964077040553, 0.091537989676, 0.0620674043894, 0.0487696938217, 0.0605555921793, 0.0971059277654, 0.10365742445, 0.0901489704847, 0.0818744152784, 0.0734623372555, 0.0576787553728, 0.0508730523288, 0.0516540296376, 0.0496920645237, 0.0744141638279], "max": [1, 1, 1, 1, 1, 1, 1, 1, 1, 1, 1, 1, 1, 1, 1, 1, 1, 1, 1, 1, 1, 1, 1, 1, 1, 1, 1, 1, 1, 1, 1, 1, 1, 1, 1, 1], "var": [0.103202939034, 0.0292910914868, 0.0113182915375, 0.0233247596771, 0.0175272617489, 0.0539288893342, 0.119194045663, 0.0434268116951, 0.0489155314863, 0.0728950053453, 0.0220252703875, 0.0188394039869, 0.0397399626672, 0.017792603001, 0.0366637222469, 0.101082161069, 0.0455002076924, 0.0348000340164, 0.065342515707, 0.0212109237909, 0.0509767718613, 0.138512805104, 0.0659046322107, 0.0192834381014, 0.0210704114288, 0.0194930136204, 0.0534556135535, 0.107074916363, 0.0410543978214, 0.0507294647396, 0.0859079137444, 0.0237464848906, 0.026056850329, 0.0424485355616, 0.0181019157171, 0.0508929342031], "mean": [0.217285469174, 0.111008264124, 0.0393377989531, 0.0501390956342, 0.0550691895187, 0.182803705335, 0.29155755043, 0.173056975007, 0.108713559806, 0.121854610741, 0.0665033385158, 0.0686926320195, 0.100196935236, 0.0716307461262, 0.114079520106, 0.186257213354, 0.122729130089, 0.100621066988, 0.127266794443, 0.0823979228735, 0.177501365542, 0.301820904016, 0.184262439609, 0.0592371113598, 0.0483672693372, 0.0530125685036, 0.161577641964, 0.242432564497, 0.1477740556, 0.134440630674, 0.163864001632, 0.0850479900837, 0.0751993060112, 0.0960566774011, 0.0672296211123, 0.148004367948]}, "tuning_equal_tempered_deviation": 0.0143480859697, "chords_changes_rate": 0.0479466766119, "key_key": "E", "tuning_diatonic_strength": 0.391645997763, "key_scale": "minor", "chords_number_rate": 0.00344012049027, "tuning_frequency": 440.254241943, "tuning_nontempered_energy_ratio": 0.616483449936, "chords_histogram": [6.72973537445, 11.782412529, 6.47172641754, 8.29929065704, 2.64459252357, 11.6319074631, 5.4181895256, 11.997420311, 1.24704360962, 15.5665445328, 0, 1.54805421829, 0.0215007532388, 0, 0, 2.04257154465, 1.16104066372, 0.301010549068, 1.24704360962, 0, 0.58052033186, 0.817028582096, 3.54762411118, 6.94474315643], "key_strength": 0.728483140469, "chords_key": "B", "chords_strength": {"dmean2": 0.00719165476039, "median": 0.497474998236, "min": -1, "dvar2": 0.00171996373683, "dvar": 0.000904360145796, "dmean": 0.0095077957958, "max": 0.704061627388, "var": 0.0547721199691, "mean": 0.464057415724}, "chords_scale": "major", "hpcp_entropy": {"dmean2": 0.752545177937, "median": 1.69177341461, "min": 0, "dvar2": 0.496633768082, "dvar": 0.18846192956, "dmean": 0.449115633965, "max": 3.79260802269, "var": 0.522221744061, "mean": 1.64545893669}}, "metadata": {"audio_properties": {"equal_loudness": 0, "codec": "mp3", "downmix": "mix", "sample_rate": 44100, "analysis_sample_rate": 44100, "bit_rate": 320000, "md5_encoded": "2419403a58bd8f67505e5385ff74d036", "length": 215.928161621, "replay_gain": -13.7020187378, "lossless": false}, "version": {"essentia_build_sha": "70f2e5ece6736b2c40cc944ad0e695b16b925413", "essentia": "2.1-beta2", "extractor": "music 1.0", "essentia_git_sha": "v2.1_beta2"}, "tags": {"title": ["HANABI -instrumental-"], "artist": ["\u0090\u00db\u00c4\u00da\u00c0\u00ef\u00b2\u00cb"], "date": ["2010"], "file_name": "1537404.mp3", "album": ["HANABI"], "tracknumber": ["3"], "musicbrainz_recordingid": ["09328228-59d9-4639-b699-6aa1a1ce0e0c"]}}, "rhythm": {"bpm_histogram_first_peak_bpm": {"dmean2": 0, "median": 152, "min": 152, "dvar2": 0, "dvar": 0, "dmean": 0, "max": 152, "var": 0, "mean": 152}, "bpm": 149.983810425, "bpm_histogram_second_peak_spread": {"dmean2": 0, "median": 0, "min": 0, "dvar2": 0, "dvar": 0, "dmean": 0, "max": 0, "var": 0, "mean": 0}, "bpm_histogram_first_peak_weight": {"dmean2": 0, "median": 0.49812734127, "min": 0.49812734127, "dvar2": 0, "dvar": 0, "dmean": 0, "max": 0.49812734127, "var": 0, "mean": 0.49812734127}, "onset_rate": 2.55619978905, "beats_position": [0.371519267559, 0.743038535118, 1.11455774307, 1.49768710136, 1.89242625237, 2.27555561066, 2.67029476166, 3.07664394379, 3.48299312592, 3.88934230804, 4.29569149017, 4.69043064117, 5.0967798233, 5.50312900543, 5.89786815643, 6.29260778427, 6.68734693527, 7.08208608627, 7.47682523727, 7.8831744194, 8.28952407837, 8.68426322937, 9.07900238037, 9.4853515625, 9.89170074463, 10.2864398956, 10.6811790466, 11.0875282288, 11.4938774109, 11.8886165619, 12.2833557129, 12.6780948639, 13.0728340149, 13.479183197, 13.8855323792, 14.2802715302, 14.6866207123, 15.0929698944, 15.4877090454, 15.8824491501, 16.2887973785, 16.6951465607, 17.0898857117, 17.4846248627, 17.8793640137, 18.2857131958, 18.6920623779, 19.0868015289, 19.4815406799, 19.8762817383, 20.2710208893, 20.6773700714, 21.0837192535, 21.4784584045, 21.8731975555, 22.2679367065, 22.6626758575, 23.0690250397, 23.4753742218, 23.8701133728, 24.2764625549, 24.6828117371, 25.0775508881, 25.4722900391, 25.8786392212, 26.2849884033, 26.6797275543, 27.0744667053, 27.4692058563, 27.8755550385, 28.2819042206, 28.6766433716, 29.0713825226, 29.4777317047, 29.8840808868, 30.2788200378, 30.6735591888, 31.079908371, 31.4862575531, 31.8809967041, 32.2757377625, 32.6820869446, 33.0884361267, 33.4947853088, 33.901134491, 34.2958717346, 34.690612793, 35.0853500366, 35.480091095, 35.8748283386, 36.2811775208, 36.6875267029, 37.0822677612, 37.4770050049, 37.883354187, 38.2897033691, 38.6844444275, 39.0791816711, 39.4739227295, 39.8802719116, 40.2866210938, 40.6813583374, 41.0760993958, 41.4824485779, 41.88879776, 42.2835350037, 42.678276062, 43.0846252441, 43.4793624878, 43.8857116699, 44.2920608521, 44.6868019104, 45.0931510925, 45.4878921509, 45.8826293945, 46.2773704529, 46.6721076965, 47.0784568787, 47.4848060608, 47.8795471191, 48.2742843628, 48.6806335449, 49.0869827271, 49.4817237854, 49.8880729675, 50.2944221497, 50.6891593933, 51.0839004517, 51.4786376953, 51.8849868774, 52.2913360596, 52.6860771179, 53.0808143616, 53.4871635437, 53.8935127258, 54.2882537842, 54.6829910278, 55.0777320862, 55.4840812683, 55.8904304504, 56.2851676941, 56.6915168762, 57.0978660583, 57.4926071167, 57.8989562988, 58.305305481, 58.7000427246, 59.094783783, 59.4895210266, 59.884262085, 60.2789993286, 60.6853485107, 61.0916976929, 61.4864387512, 61.8927879333, 62.2991371155, 62.6938781738, 63.0886154175, 63.4833564758, 63.889705658, 64.2960510254, 64.7024002075, 65.1087493896, 65.5034942627, 65.8982315063, 66.29296875, 66.6877059937, 67.0824508667, 67.4888000488, 67.895149231, 68.2898864746, 68.6962356567, 69.1025848389, 69.4973220825, 69.8920593262, 70.2984085083, 70.6931533813, 71.0995025635, 71.4942398071, 71.9005889893, 72.3069381714, 72.701675415, 73.0964126587, 73.5027618408, 73.9091110229, 74.303855896, 74.6985931396, 75.0933303833, 75.488067627, 75.8944168091, 76.3007659912, 76.6955108643, 77.0902481079, 77.4849853516, 77.8913345337, 78.2976837158, 78.6924285889, 79.0871658325, 79.4819030762, 79.8766403198, 80.282989502, 80.6893386841, 81.0840835571, 81.4904327393, 81.8967819214, 82.291519165, 82.6862564087, 83.0809936523, 83.4757385254, 83.8820877075, 84.2884368896, 84.6831741333, 85.077911377, 85.4842605591, 85.8906097412, 86.2853469849, 86.6800918579, 87.08644104, 87.4927902222, 87.8875274658, 88.2822647095, 88.6770019531, 89.0717468262, 89.4780960083, 89.8844451904, 90.2791824341, 90.6855316162, 91.0918807983, 91.486618042, 91.8813552856, 92.2877044678, 92.6940536499, 93.0887985229, 93.4835357666, 93.8782730103, 94.2846221924, 94.6909713745, 95.0857162476, 95.4920654297, 95.8984146118, 96.2931518555, 96.6878890991, 97.0826263428, 97.4889755249, 97.895324707, 98.2900695801, 98.6848068237, 99.0795440674, 99.4858932495, 99.8922424316, 100.286979675, 100.681724548, 101.076461792, 101.482810974, 101.889160156, 102.295509338, 102.701858521, 103.096595764, 103.491333008, 103.886077881, 104.280815125, 104.687164307, 105.093513489, 105.488250732, 105.882987976, 106.277732849, 106.684082031, 107.090431213, 107.496780396, 107.903129578, 108.297866821, 108.692604065, 109.087341309, 109.493690491, 109.900039673, 110.294784546, 110.68952179, 111.084259033, 111.479003906, 111.885353088, 112.291702271, 112.686439514, 113.092788696, 113.499137878, 113.893875122, 114.288612366, 114.694961548, 115.10131073, 115.496055603, 115.890792847, 116.28553009, 116.680267334, 117.086616516, 117.492965698, 117.887710571, 118.282447815, 118.677185059, 119.083534241, 119.489883423, 119.884620667, 120.27936554, 120.674102783, 121.080451965, 121.486801147, 121.881538391, 122.276275635, 122.682624817, 123.088973999, 123.483718872, 123.890068054, 124.296417236, 124.69115448, 125.085891724, 125.492240906, 125.898590088, 126.293327332, 126.688072205, 127.082809448, 127.48915863, 127.883895874, 128.290252686, 128.696594238, 129.10295105, 129.497680664, 129.892425537, 130.28717041, 130.681900024, 131.088256836, 131.494598389, 131.889343262, 132.284072876, 132.690429688, 133.09677124, 133.491516113, 133.897872925, 134.304214478, 134.698959351, 135.093688965, 135.488433838, 135.894775391, 136.289520264, 136.695877075, 137.090606689, 137.496963501, 137.903305054, 138.298049927, 138.692779541, 139.087524414, 139.493881226, 139.88861084, 140.283355713, 140.689697266, 141.084442139, 141.490783691, 141.897140503, 142.291885376, 142.68661499, 143.081359863, 143.476104736, 143.870834351, 144.277191162, 144.671920776, 145.078277588, 145.484619141, 145.890975952, 146.285705566, 146.680450439, 147.075195312, 147.481536865, 147.887893677, 148.282623291, 148.677368164, 149.072113037, 149.47845459, 149.884811401, 150.279541016, 150.674285889, 151.080627441, 151.486984253, 151.881713867, 152.27645874, 152.682815552, 153.089157104, 153.483901978, 153.878631592, 154.284988403, 154.691329956, 155.086074829, 155.480819702, 155.875549316, 156.281906128, 156.688247681, 157.082992554, 157.477722168, 157.884078979, 158.290420532, 158.685165405, 159.079910278, 159.474639893, 159.869384766, 160.275741577, 160.68208313, 161.076828003, 161.483169556, 161.889526367, 162.284255981, 162.690612793, 163.096954346, 163.491699219, 163.886444092, 164.281173706, 164.687530518, 165.09387207, 165.488616943, 165.883346558, 166.289703369, 166.696044922, 167.090789795, 167.497146606, 167.903488159, 168.298233032, 168.692962646, 169.099319458, 169.505661011, 169.900405884, 170.295150757, 170.70149231, 171.107849121, 171.502578735, 171.897323608, 172.292053223, 172.698410034, 173.104751587, 173.49949646, 173.894241333, 174.300582886, 174.706939697, 175.101669312, 175.496414185, 175.891159058, 176.285888672, 176.692245483, 177.098587036, 177.493331909, 177.899673462, 178.306030273, 178.700775146, 179.095504761, 179.490249634, 179.884979248, 180.279724121, 180.686080933, 181.080810547, 181.47555542, 181.870285034, 182.276641846, 182.671386719, 183.077728271, 183.484085083, 183.890426636, 184.296783447, 184.691513062, 185.097869873, 185.504211426, 185.898956299, 186.293685913, 186.688430786, 187.083175659, 187.477905273, 187.884262085, 188.290603638, 188.685348511, 189.080093384, 189.486434937, 189.892791748, 190.287521362, 190.682266235, 191.088607788, 191.4949646, 191.889694214, 192.284439087, 192.67918396, 193.073913574, 193.480270386, 193.886611938, 194.281356812, 194.687713623, 195.094055176, 195.500411987, 195.90675354, 196.324707031, 196.742675781, 197.160629272, 197.578598022, 197.984939575, 198.391296387, 198.809249878, 199.215591431, 199.621948242, 200.028289795, 200.434646606, 200.840988159, 201.247344971, 201.665298462, 202.083267212, 202.489608765, 202.907577515, 203.313919067, 203.70866394, 204.115005493, 204.509750366, 204.90447998, 205.310836792, 205.728790283, 206.135147095, 206.541488647, 206.982666016, 207.423858643, 207.865036011, 208.329421997, 208.805435181, 209.281448364, 209.699401855, 210.117370605, 210.535324097, 210.953277588, 211.417678833, 211.905303955, 212.392913818, 212.892150879, 213.391372681, 213.890609741, 214.389831543, 214.877456665, 215.376678467], "beats_loudness": {"dmean2": 0.0183042827994, "median": 0.0213358364999, "min": 0, "dvar2": 0.000439386465587, "dvar": 0.000155486064614, "dmean": 0.0106954053044, "max": 0.13518217206, "var": 0.000511169608217, "mean": 0.0265483483672}, "danceability": 0.84746325016, "bpm_histogram_second_peak_weight": {"dmean2": 0, "median": 0.0243445690721, "min": 0.0243445690721, "dvar2": 0, "dvar": 0, "dmean": 0, "max": 0.0243445690721, "var": 0, "mean": 0.0243445690721}, "beats_count": 535, "bpm_histogram_second_peak_bpm": {"dmean2": 0, "median": 144, "min": 144, "dvar2": 0, "dvar": 0, "dmean": 0, "max": 144, "var": 0, "mean": 144}, "bpm_histogram_first_peak_spread": {"dmean2": 0, "median": 0.470119535923, "min": 0.470119535923, "dvar2": 0, "dvar": 0, "dmean": 0, "max": 0.470119535923, "var": 0, "mean": 0.470119535923}, "beats_loudness_band_ratio": {"dmean2": [0.237266853452, 0.213749974966, 0.22012783587, 0.107969865203, 0.0691445991397, 0.0356381125748], "median": [0.362091511488, 0.207912638783, 0.154710620642, 0.0705920830369, 0.0567122474313, 0.0206632874906], "min": [0, 0, 0, 0, 0, 0], "dvar2": [0.0400261096656, 0.034723136574, 0.0497564077377, 0.0202125553042, 0.00778941949829, 0.00262329750694], "dvar": [0.0154356667772, 0.0129848634824, 0.0192781426013, 0.00788249634206, 0.00273069157265, 0.000938470242545], "dmean": [0.142871201038, 0.128986045718, 0.129578530788, 0.0628316625953, 0.0400289781392, 0.0207070950419], "max": [0.901538252831, 0.835807919502, 0.921917676926, 0.933228731155, 0.696063280106, 0.355031818151], "var": [0.0529210865498, 0.0251155309379, 0.0370485857129, 0.0127106178552, 0.00310534168966, 0.00142492481973], "mean": [0.371199727058, 0.237903282046, 0.211690321565, 0.103753954172, 0.0673588737845, 0.032919742167]}}, "lowlevel": {"barkbands_spread": {"dmean2": 5.12068605423, "median": 17.4088134766, "min": 1.20230877399, "dvar2": 35.4033126831, "dvar": 13.992266655, "dmean": 3.22711205482, "max": 86.2363128662, "var": 128.409912109, "mean": 18.785326004}, "melbands_spread": {"dmean2": 6.1433968544, "median": 16.5823287964, "min": 1.64232504368, "dvar2": 55.5979728699, "dvar": 21.2644195557, "dmean": 3.82608294487, "max": 170.418914795, "var": 466.673034668, "mean": 21.101436615}, "hfc": {"dmean2": 4.67498493195, "median": 8.45774650574, "min": 1.05857889644e-16, "dvar2": 84.4008331299, "dvar": 33.8630142212, "dmean": 3.03194618225, "max": 196.320678711, "var": 435.176361084, "mean": 17.2559871674}, "barkbands_kurtosis": {"dmean2": 2.62491726875, "median": 2.50552988052, "min": -1.69692564011, "dvar2": 16.135597229, "dvar": 6.17935419083, "dmean": 1.62464594841, "max": 71.427734375, "var": 22.5068359375, "mean": 3.7720284462}, "gfcc": {"mean": [-73.9857788086, 115.918876648, -118.126182556, 16.8606243134, -44.2203788757, -3.19907641411, -35.7295570374, 0.0268897563219, -17.8661689758, -5.57757902145, -13.361533165, -4.19637584686, -10.5381889343], "icov": [[6.92468747729e-05, -0.000125766164274, 0.000114447000669, -0.000152293534484, 0.000130894375616, -0.000162200158229, 0.000165064397152, -0.000231822501519, 0.000309903145535, -0.000186312579899, 0.000382619473385, -0.000330646638758, 0.000602255691774], [-0.000125766164274, 0.0014945192961, 0.000764387543313, 6.18834164925e-05, -0.00145421293564, 0.000980366021395, 0.000715056841727, 0.000125165213831, -0.00117789057549, 0.00169723713771, -0.00164943095297, 0.00182980520185, -0.00148845417425], [0.000114447000669, 0.000764387543313, 0.00247733597644, 7.22843105905e-05, -0.00179474276956, -0.00115894142073, 0.00157549849246, -0.00161566096358, -0.000168754922925, 0.000283320667222, -0.000334869429935, -0.000277031154837, 0.00164349831175], [-0.000152293534484, 6.18834164925e-05, 7.22843105905e-05, 0.00367160048336, -0.000543739588466, -0.00242613814771, -0.000148782492033, 0.000803627481218, -0.000878522521816, 0.000400950899348, -0.00136689224746, 0.00144830695353, -0.00125967385247], [0.000130894375616, -0.00145421293564, -0.00179474276956, -0.000543739588466, 0.00554301589727, 5.55026163056e-05, -0.00281064282171, 0.00196246895939, 0.000440999021521, -0.000894566415809, 0.00108402711339, -0.00240903580561, 0.00142307498027], [-0.000162200158229, 0.000980366021395, -0.00115894142073, -0.00242613814771, 5.55026163056e-05, 0.00854556262493, -0.00100280391052, -0.00320424535312, 0.002621085383, 0.000110500237497, -0.000857752922457, 0.000585445435718, -0.00171664787922], [0.000165064397152, 0.000715056841727, 0.00157549849246, -0.000148782492033, -0.00281064282171, -0.00100280391052, 0.00861730612814, -0.00244188029319, -0.00267917057499, 0.00101697188802, 0.000998633098789, 0.000781163107604, -0.000490068923682], [-0.000231822501519, 0.000125165213831, -0.00161566096358, 0.000803627481218, 0.00196246895939, -0.00320424535312, -0.00244188029319, 0.0142456190661, -0.00407043239102, -0.00157519732602, 0.00244960165583, 0.000469181599328, -0.00127810589038], [0.000309903145535, -0.00117789057549, -0.000168754922925, -0.000878522521816, 0.000440999021521, 0.002621085383, -0.00267917057499, -0.00407043239102, 0.0151058202609, -0.00284063164145, -0.00153703067917, 0.00138264999259, 0.00212491862476], [-0.000186312579899, 0.00169723713771, 0.000283320667222, 0.000400950899348, -0.000894566415809, 0.000110500237497, 0.00101697188802, -0.00157519732602, -0.00284063164145, 0.0152499591932, -0.00567471701652, -0.0016925460659, 0.000492039951496], [0.000382619473385, -0.00164943095297, -0.000334869429935, -0.00136689224746, 0.00108402711339, -0.000857752922457, 0.000998633098789, 0.00244960165583, -0.00153703067917, -0.00567471701652, 0.0195322725922, -0.00473595922813, -0.000215565829421], [-0.000330646638758, 0.00182980520185, -0.000277031154837, 0.00144830695353, -0.00240903580561, 0.000585445435718, 0.000781163107604, 0.000469181599328, 0.00138264999259, -0.0016925460659, -0.00473595922813, 0.0174797177315, -0.00612362287939], [0.000602255691774, -0.00148845417425, 0.00164349831175, -0.00125967385247, 0.00142307498027, -0.00171664787922, -0.000490068923682, -0.00127810589038, 0.00212491862476, 0.000492039951496, -0.000215565829421, -0.00612362287939, 0.0192168429494]], "cov": [[52153.859375, -1508.02661133, -698.161315918, 1770.91455078, -1986.97436523, 1820.7800293, -1314.36669922, 865.347412109, -1246.90637207, 328.700012207, -849.220458984, 219.150756836, -1051.91491699], [-1508.02661133, 3477.9987793, -1527.63183594, -174.859832764, 349.49810791, -832.227233887, 56.8187904358, -403.612426758, 257.70703125, -326.101257324, 141.83770752, -258.169921875, 209.395706177], [-698.161315918, -1527.63183594, 1426.23608398, 93.4571456909, 114.373588562, 448.24319458, -22.8505516052, 224.743881226, -76.8280944824, 153.370437622, -29.9093742371, 127.577217102, -121.471115112], [1770.91455078, -174.859832764, 93.4571456909, 457.016082764, -28.0716381073, 224.965652466, -10.2103700638, 58.3216667175, -41.2421379089, 20.3160419464, -8.85606861115, -0.384322106838, -17.4674873352], [-1986.97436523, 349.49810791, 114.373588562, -28.0716381073, 409.27734375, -95.2803573608, 112.404640198, -67.1595840454, 68.9713897705, -26.5861244202, 42.4223365784, 0.684821903706, 31.0487861633], [1820.7800293, -832.227233887, 448.24319458, 224.965652466, -95.2803573608, 440.907226562, -22.9423713684, 163.412643433, -104.510620117, 81.8221817017, -47.4962882996, 61.067035675, -59.9990463257], [-1314.36669922, 56.8187904358, -22.8505516052, -10.2103700638, 112.404640198, -22.9423713684, 201.22946167, 8.6180229187, 64.4584960938, -15.5516080856, 7.50579452515, -17.3381633759, 30.039560318], [865.347412109, -403.612426758, 224.743881226, 58.3216667175, -67.1595840454, 163.412643433, 8.6180229187, 160.212295532, -16.4511222839, 48.0353050232, -35.219997406, 21.6486606598, -36.2408180237], [-1246.90637207, 257.70703125, -76.8280944824, -41.2421379089, 68.9713897705, -104.510620117, 64.4584960938, -16.4511222839, 132.528488159, -10.1981019974, 32.3667221069, -31.792339325, 24.8510475159], [328.700012207, -326.101257324, 153.370437622, 20.3160419464, -26.5861244202, 81.8221817017, -15.5516080856, 48.0353050232, -10.1981019974, 114.182060242, 11.9162902832, 40.8126525879, -23.9256725311], [-849.220458984, 141.83770752, -29.9093742371, -8.85606861115, 42.4223365784, -47.4962882996, 7.50579452515, -35.219997406, 32.3667221069, 11.9162902832, 87.0975418091, 10.2363481522, 30.3975410461], [219.150756836, -258.169921875, 127.577217102, -0.384322106838, 0.684821903706, 61.067035675, -17.3381633759, 21.6486606598, -31.792339325, 40.8126525879, 10.2363481522, 98.85887146, 2.68869328499], [-1051.91491699, 209.395706177, -121.471115112, -17.4674873352, 31.0487861633, -59.9990463257, 30.039560318, -36.2408180237, 24.8510475159, -23.9256725311, 30.3975410461, 2.68869328499, 100.226394653]]}, "spectral_energyband_middle_low": {"dmean2": 0.00494845490903, "median": 0.00884277559817, "min": 1.5460326999e-22, "dvar2": 6.93779293215e-05, "dvar": 2.80072999885e-05, "dmean": 0.00311059248634, "max": 0.0976109132171, "var": 0.000111749308417, "mean": 0.0111838951707}, "melbands_crest": {"dmean2": 4.00548458099, "median": 12.0231256485, "min": 1.60589134693, "dvar2": 16.3495998383, "dvar": 6.03352880478, "dmean": 2.42122197151, "max": 32.3503456116, "var": 22.235906601, "mean": 12.6291656494}, "spectral_kurtosis": {"dmean2": 6.10488271713, "median": 5.0199546814, "min": -1.27147471905, "dvar2": 128.868545532, "dvar": 42.3691749573, "dmean": 3.47137904167, "max": 73.6614532471, "var": 96.9543609619, "mean": 8.77202415466}, "spectral_rms": {"dmean2": 0.000775959866587, "median": 0.0041863610968, "min": 3.09849910486e-12, "dvar2": 1.88788510513e-06, "dvar": 7.28368434011e-07, "dmean": 0.000485777301947, "max": 0.0137435710058, "var": 5.68746418139e-06, "mean": 0.00413227779791}, "zerocrossingrate": {"dmean2": 0.00836384482682, "median": 0.04541015625, "min": 0.00537109375, "dvar2": 0.000131951630465, "dvar": 7.37980153644e-05, "dmean": 0.00640015956014, "max": 0.58837890625, "var": 0.00674874102697, "mean": 0.0645248889923}, "silence_rate_60dB": {"dmean2": 0.0400043018162, "median": 0, "min": 0, "dvar2": 0.0418428480625, "dvar": 0.019597440958, "dmean": 0.019999999553, "max": 1, "var": 0.163993313909, "mean": 0.206751957536}, "erbbands_kurtosis": {"dmean2": 0.910104691982, "median": -0.314561605453, "min": -1.79860198498, "dvar2": 1.9651696682, "dvar": 1.03850829601, "dmean": 0.600121319294, "max": 35.4816894531, "var": 5.95055007935, "mean": 0.307600259781}, "erbbands": {"dmean2": [0.0530082136393, 1.18744432926, 3.96082448959, 5.73116445541, 8.01988697052, 6.47033309937, 9.49977302551, 15.2711763382, 12.1275730133, 14.8309850693, 19.3311138153, 14.4305181503, 18.3397407532, 16.1615524292, 18.6642723083, 26.7290172577, 15.0063095093, 18.0181427002, 24.0411548615, 20.0959911346, 14.4880008698, 12.7411985397, 8.97393989563, 9.19061565399, 6.3783249855, 5.36970710754, 4.60580778122, 2.27810359001, 1.7355363369, 1.32398402691, 2.24022984505, 1.45827555656, 1.15201342106, 0.356492608786, 0.275183469057, 0.170638993382, 0.182595267892, 0.0630780756474, 0.00439043762162, 9.840317216e-05], "median": [0.0210345722735, 0.448028951883, 1.85927700996, 3.6404876709, 4.67304897308, 4.95093679428, 7.4199590683, 12.2754716873, 9.30034255981, 7.63353824615, 8.67314338684, 9.16060352325, 7.66156816483, 6.97055482864, 5.6700501442, 6.56651544571, 7.42561292648, 6.39354467392, 7.53285360336, 8.61519050598, 8.31566524506, 8.15340900421, 5.38545703888, 3.92062878609, 2.76268005371, 2.14993572235, 1.30234372616, 0.745652794838, 0.443086534739, 0.383213192225, 0.280314534903, 0.234795749187, 0.15720975399, 0.062439084053, 0.017679547891, 0.0068174675107, 0.00284518348053, 0.000572387478314, 5.96073514316e-05, 2.56312614511e-05], "min": [1.09934305222e-22, 5.70081932569e-22, 1.74853258745e-21, 2.8999270046e-21, 1.19377074261e-20, 2.14701206493e-20, 3.41437021654e-20, 7.67462372853e-20, 9.71758148072e-20, 1.81587017841e-19, 1.01956343599e-19, 1.22781597797e-19, 5.36209544029e-19, 6.27085105389e-19, 6.83668033299e-19, 9.0835112228e-19, 1.65087951851e-18, 2.13328266975e-18, 1.88889319175e-18, 2.37175718599e-18, 2.9823682657e-18, 4.72910860802e-18, 5.08352241328e-18, 5.49517215384e-18, 6.85035786781e-18, 8.24944660639e-18, 8.17458841532e-18, 8.91895749521e-18, 1.00006367668e-17, 1.14505040553e-17, 9.91894027362e-18, 9.36005486557e-18, 8.11305031365e-18, 7.2979440565e-18, 5.92444332298e-18, 4.10443876662e-18, 2.08460660622e-18, 9.48156914512e-19, 2.38686584667e-19, 2.68269778391e-20], "dvar2": [0.0486603267491, 21.5819015503, 130.548660278, 139.141876221, 322.403869629, 123.043045044, 321.750854492, 919.977416992, 483.291168213, 1180.47497559, 2462.69750977, 1005.11627197, 2364.8684082, 1974.17504883, 3569.39916992, 6418.85253906, 1281.43505859, 2071.42724609, 10987.1103516, 2211.04345703, 782.759094238, 544.397216797, 288.153015137, 381.473907471, 195.866088867, 156.36100769, 201.309387207, 29.4712734222, 16.9623374939, 9.45956897736, 94.486076355, 25.4235095978, 18.3291110992, 1.39728426933, 1.72228848934, 0.3606993258, 1.01281106472, 0.140395745635, 0.000329378963215, 1.03398264173e-07], "dvar": [0.0178148504347, 7.67019844055, 46.0960960388, 52.2460327148, 128.770355225, 42.1242446899, 119.90007019, 331.163421631, 204.825775146, 494.458221436, 1042.75097656, 461.299407959, 1134.65490723, 1061.16662598, 1369.50805664, 2535.3112793, 540.11315918, 772.808959961, 4142.98632812, 829.139892578, 289.655059814, 197.590377808, 107.329795837, 132.151077271, 70.9521789551, 56.98878479, 72.9244766235, 11.7185249329, 7.23601055145, 4.74622058868, 40.9710578918, 9.56954288483, 7.23874425888, 0.660312831402, 0.739243447781, 0.14150069654, 0.415437877178, 0.0497603155673, 0.000133044115501, 4.1588066324e-08], "dmean": [0.0305235572159, 0.672172009945, 2.29235601425, 3.38985466957, 4.82377910614, 3.88080525398, 6.01631402969, 9.52541065216, 7.89174127579, 9.8814868927, 12.7675886154, 9.79808712006, 12.8113250732, 11.2011404037, 12.0860042572, 16.6834869385, 9.40967750549, 11.0598402023, 14.6410531998, 12.0054397583, 8.66692829132, 7.52023792267, 5.46605825424, 5.50021409988, 3.80394363403, 3.2131459713, 2.77711009979, 1.4120554924, 1.0849891901, 0.894102692604, 1.46305692196, 0.925144374371, 0.740514099598, 0.241420060396, 0.180264994502, 0.107696227729, 0.11275524646, 0.037445306778, 0.00270125665702, 6.15189492237e-05], "max": [1.94192147255, 34.4840354919, 89.1563491821, 141.161239624, 199.02456665, 92.4062347412, 258.806549072, 360.260162354, 383.088623047, 512.134887695, 930.05657959, 750.65637207, 1057.62915039, 1765.86767578, 1453.68322754, 1060.31335449, 692.946472168, 751.935852051, 2455.03955078, 950.557983398, 561.30267334, 316.505126953, 284.691345215, 250.219512939, 260.411834717, 203.839828491, 266.973999023, 133.481719971, 84.1108398438, 100.632911682, 428.811248779, 128.245895386, 87.5253219604, 33.9425544739, 39.8908462524, 10.2689971924, 37.1824531555, 6.05803632736, 0.3196375072, 0.00476954085752], "var": [0.013920860365, 5.33045291901, 46.497631073, 98.5163040161, 176.118759155, 98.0557403564, 342.16027832, 774.473205566, 709.978210449, 1343.31921387, 2747.27783203, 1455.28967285, 3441.26318359, 4940.20019531, 3428.74414062, 5717.86767578, 1526.25793457, 1533.69116211, 9749.03125, 1748.42785645, 727.124206543, 504.461395264, 338.457702637, 370.444824219, 219.660644531, 195.80670166, 230.74180603, 46.1417808533, 27.1480560303, 21.7806491852, 116.183921814, 36.962852478, 20.756937027, 2.20640397072, 1.40111029148, 0.321272730827, 0.981215238571, 0.060272667557, 0.00017681371537, 7.62112151165e-08], "mean": [0.0470125712454, 0.914700269699, 3.98396205902, 6.95637464523, 8.20333576202, 8.18080615997, 13.590051651, 21.480348587, 18.814081192, 20.6904582977, 26.1490650177, 22.5045585632, 28.3816051483, 25.8043289185, 24.0806999207, 31.4240608215, 19.1274013519, 20.6734733582, 26.9352321625, 22.6842746735, 18.3924942017, 16.6546287537, 13.1968841553, 12.8207569122, 9.46076583862, 8.06468772888, 7.11404371262, 3.94501590729, 2.91839981079, 2.56612610817, 3.63217043877, 2.47435927391, 1.73946666718, 0.612018704414, 0.376237004995, 0.214461818337, 0.198878720403, 0.0537850856781, 0.00436533661559, 0.000130616695969]}, "spectral_strongpeak": {"dmean2": 0.594726324081, "median": 0.435265749693, "min": 0, "dvar2": 1.65018069744, "dvar": 0.631895899773, "dmean": 0.341752678156, "max": 20.3630905151, "var": 0.896390914917, "mean": 0.68023443222}, "spectral_energy": {"dmean2": 0.0100435763597, "median": 0.0179637596011, "min": 9.84071410036e-21, "dvar2": 0.000581595522817, "dvar": 0.000216885862756, "dmean": 0.0061067729257, "max": 0.193607896566, "var": 0.000550389988348, "mean": 0.02333217673}, "average_loudness": 0.505037546158, "spectral_rolloff": {"dmean2": 487.113128662, "median": 904.39453125, "min": 107.666015625, "dvar2": 767555.3125, "dvar": 312738.40625, "dmean": 286.109436035, "max": 21274.8046875, "var": 10059556, "mean": 1629.90527344}, "spectral_centroid": {"dmean2": 234.897064209, "median": 1028.4251709, "min": 222.638183594, "dvar2": 71523.5625, "dvar": 31891.7363281, "dmean": 145.445419312, "max": 11780.3984375, "var": 2692152, "mean": 1300.4017334}, "pitch_salience": {"dmean2": 0.0902481153607, "median": 0.559799849987, "min": 0.0901217460632, "dvar2": 0.0088773528114, "dvar": 0.00320882117376, "dmean": 0.0545331947505, "max": 0.90370953083, "var": 0.0107201216742, "mean": 0.556353628635}, "spectral_energyband_middle_high": {"dmean2": 0.0016350178048, "median": 0.00197724089958, "min": 1.02958136869e-21, "dvar2": 1.05490489659e-05, "dvar": 4.2407887122e-06, "dmean": 0.00105891714338, "max": 0.0624954178929, "var": 3.87124273402e-05, "mean": 0.00444819079712}, "spectral_contrast_coeffs": {"dmean2": [0.0733286440372, 0.0617795772851, 0.050253752619, 0.0436770990491, 0.0310850143433, 0.0244679264724], "median": [-0.624613940716, -0.699971735477, -0.741796195507, -0.761077463627, -0.769809782505, -0.765913069248], "min": [-0.983901977539, -0.983514428139, -0.979180753231, -0.974812209606, -0.966870844364, -0.966419458389], "dvar2": [0.00386889465153, 0.00281840213574, 0.00179344159551, 0.00134907464962, 0.000745835830458, 0.000491692509968], "dvar": [0.00138223438989, 0.00109790673014, 0.000711691449396, 0.000511739170179, 0.000280853331788, 0.000189635538845], "dmean": [0.0432925485075, 0.0379362590611, 0.0311291180551, 0.0263649448752, 0.0187366344035, 0.0148169351742], "max": [-0.320559710264, -0.429500311613, -0.484661519527, -0.574684143066, -0.606813788414, -0.626954317093], "var": [0.0082109933719, 0.00695023639128, 0.0052069989033, 0.00307423551567, 0.00275461631827, 0.00280047231354], "mean": [-0.628217041492, -0.701659679413, -0.741633236408, -0.762792110443, -0.769745707512, -0.771807909012]}, "melbands_skewness": {"dmean2": 0.720016598701, "median": 2.30353498459, "min": -1.91135311127, "dvar2": 0.740312337875, "dvar": 0.285032302141, "dmean": 0.45034122467, "max": 11.0525560379, "var": 1.34485578537, "mean": 2.3391623497}, "spectral_spread": {"dmean2": 484572.5625, "median": 3814806.5, "min": 810782.9375, "dvar2": 704083394560, "dvar": 355592142848, "dmean": 314171.09375, "max": 43597192, "var": 36783513403400.0, "mean": 4767855}, "dissonance": {"dmean2": 0.0280281957239, "median": 0.462798476219, "min": 0.178873434663, "dvar2": 0.00074278539978, "dvar": 0.000282504508505, "dmean": 0.0168325062841, "max": 0.500000059605, "var": 0.00133983360138, "mean": 0.453509241343}, "spectral_skewness": {"dmean2": 0.513781368732, "median": 1.70290124416, "min": -0.0798105299473, "dvar2": 0.596095204353, "dvar": 0.196669831872, "dmean": 0.2979644835, "max": 6.35687351227, "var": 0.666863083839, "mean": 1.91607630253}, "spectral_flux": {"dmean2": 0.0247118547559, "median": 0.0477538183331, "min": 6.33797250793e-11, "dvar2": 0.00165055936668, "dvar": 0.000757325266022, "dmean": 0.0151461465284, "max": 0.368356853724, "var": 0.00256276247092, "mean": 0.0577016547322}, "spectral_contrast_valleys": {"dmean2": [0.617791295052, 0.484500646591, 0.429265499115, 0.361353516579, 0.299247920513, 0.305587351322], "median": [-7.1392083168, -6.77125453949, -7.62284946442, -7.85642290115, -7.96609306335, -10.8295955658], "min": [-28.2972126007, -27.9349441528, -28.0912628174, -27.727350235, -27.5160179138, -27.4277801514], "dvar2": [0.282427966595, 0.19810308516, 0.170194491744, 0.136317625642, 0.154717728496, 0.179396554828], "dvar": [0.119579054415, 0.0933396890759, 0.0822200104594, 0.0691465213895, 0.079000249505, 0.0869718044996], "dmean": [0.367492258549, 0.295240819454, 0.261252880096, 0.219922527671, 0.187584206462, 0.202976584435], "max": [-5.12711238861, -4.63233423233, -5.33956956863, -6.0279417038, -5.8381934166, -7.83531188965], "var": [12.2335090637, 11.9432601929, 11.0478572845, 10.87109375, 11.6172924042, 11.0502996445], "mean": [-8.18131160736, -7.49966573715, -8.29822158813, -8.63618946075, -8.81101512909, -11.7157564163]}, "erbbands_flatness_db": {"dmean2": 0.0162441972643, "median": 0.15358877182, "min": 0.0565643720329, "dvar2": 0.000274673657259, "dvar": 0.000145896497997, "dmean": 0.0110547821969, "max": 0.431500047445, "var": 0.00599056947976, "mean": 0.172708213329}, "spectral_energyband_high": {"dmean2": 0.000264789676294, "median": 0.000104387640022, "min": 6.92201377132e-21, "dvar2": 4.32019049867e-07, "dvar": 1.80602768296e-07, "dmean": 0.000177741661901, "max": 0.0135284196585, "var": 1.39272731303e-06, "mean": 0.000680664146785}, "spectral_entropy": {"dmean2": 0.158929362893, "median": 7.41212654114, "min": 4.93478393555, "dvar2": 0.0353815741837, "dvar": 0.0162294097245, "dmean": 0.103466518223, "max": 9.82805538177, "var": 0.545798420906, "mean": 7.30522155762}, "silence_rate_20dB": {"dmean2": 0, "median": 1, "min": 1, "dvar2": 0, "dvar": 0, "dmean": 0, "max": 1, "var": 0, "mean": 1}, "melbands_flatness_db": {"dmean2": 0.0261693205684, "median": 0.206077679992, "min": 0.00281686917879, "dvar2": 0.000914874137379, "dvar": 0.000380689307349, "dmean": 0.0166346020997, "max": 0.528064191341, "var": 0.00779931480065, "mean": 0.221115291119}, "barkbands": {"dmean2": [1.89479487744e-05, 0.00427485769615, 0.00366201624274, 0.00222537945956, 0.00198314641602, 0.00174869084731, 0.000858770858031, 0.000826672592666, 0.000694273621775, 0.000560613814741, 0.000503439223394, 0.000638884259388, 0.000323786778608, 0.000369445682736, 0.000518265354913, 0.000238777560298, 0.000289362651529, 0.000173205931787, 0.000157901042257, 0.000104242477391, 8.89622460818e-05, 4.75338019896e-05, 5.97204707447e-05, 6.35989563307e-05, 3.20902763633e-05, 8.51607328514e-05, 1.8023640223e-05], "median": [3.26095982928e-06, 0.00143243744969, 0.00166468322277, 0.00103628553916, 0.00160684750881, 0.00151997758076, 0.000595728226472, 0.000285555957817, 0.000401577621233, 0.00020173615485, 9.85449878499e-05, 0.000148884195369, 0.000129053776618, 0.000130831773276, 0.000153221189976, 0.000131489912746, 0.000135714595672, 8.26619070722e-05, 6.02200525464e-05, 4.20273609052e-05, 2.63552956312e-05, 1.31344750116e-05, 9.67866981227e-06, 1.02587346191e-05, 3.7155471091e-06, 1.54757185555e-06, 2.69282651288e-07], "min": [3.22855229135e-25, 3.79976785333e-24, 1.0516090749e-24, 5.63869097582e-25, 6.8926271943e-24, 1.05188361821e-23, 6.13581691879e-24, 4.44546983134e-24, 8.81307909134e-24, 1.29856681305e-23, 1.30728577709e-23, 1.7943397018e-23, 3.13483289424e-23, 2.91241797964e-23, 3.54217384443e-23, 2.88820405192e-23, 6.99631649163e-23, 8.27160859476e-23, 1.24732830933e-22, 1.75412789581e-22, 2.18934069017e-22, 2.59528724982e-22, 3.21575929461e-22, 4.84398562103e-22, 8.14506482949e-22, 1.20915246498e-21, 1.79415979734e-21], "dvar2": [2.81756618037e-09, 0.000290304917144, 9.14345073397e-05, 2.12832164834e-05, 1.13395562948e-05, 1.04298105725e-05, 2.61198556473e-06, 3.99191139877e-06, 2.13512839764e-06, 2.21357004193e-06, 2.4738162665e-06, 3.18213915307e-06, 6.05969262324e-07, 8.3981382204e-07, 3.23722383655e-06, 2.24198558385e-07, 3.14557780712e-07, 1.23599576796e-07, 1.13393753054e-07, 5.31645341084e-08, 6.46630908818e-08, 1.317800713e-08, 4.75508379338e-08, 4.07952462922e-08, 1.36975302212e-08, 1.67055091538e-07, 4.12999012767e-09], "dvar": [1.01230934746e-09, 0.000103499303805, 3.25495529978e-05, 8.06543812359e-06, 4.27765007771e-06, 3.79761331715e-06, 1.12126065233e-06, 1.66437530424e-06, 1.00145155102e-06, 1.07552580175e-06, 1.04268212908e-06, 1.26164593439e-06, 2.53048256127e-07, 3.14943832791e-07, 1.23697157051e-06, 8.91107134748e-08, 1.12949315