{"tonal": {"thpcp": [1, 0.451557725668, 0.274710774422, 0.162361070514, 0.0805300250649, 0.175139427185, 0.20874196291, 0.104442819953, 0.0494010560215, 0.0555954910815, 0.178069338202, 0.652103722095, 0.765430986881, 0.451625823975, 0.508335292339, 0.464940935373, 0.199724674225, 0.0975998193026, 0.0780942067504, 0.100960053504, 0.376823455095, 0.471733897924, 0.204550117254, 0.0862456411123, 0.0723758637905, 0.12035278976, 0.462924599648, 0.584967315197, 0.258845806122, 0.0751533359289, 0.0478073507547, 0.0377463139594, 0.0561278872192, 0.0764733925462, 0.24734158814, 0.900838851929], "hpcp": {"dmean2": [0.289036929607, 0.23278670013, 0.184995472431, 0.131531193852, 0.110505387187, 0.112119995058, 0.178819134831, 0.201128855348, 0.128985583782, 0.0846025645733, 0.0823672190309, 0.12059623003, 0.193706065416, 0.199340909719, 0.14009988308, 0.0789442434907, 0.0539701320231, 0.0477097705007, 0.0565518140793, 0.0772415101528, 0.154824286699, 0.255144536495, 0.272869855165, 0.245418787003, 0.251327037811, 0.156568318605, 0.0895934849977, 0.110130079091, 0.12444999069, 0.0878554433584, 0.0724440217018, 0.0872379541397, 0.149012699723, 0.247613549232, 0.265221118927, 0.309039264917], "median": [0.109561182559, 0.0827578306198, 0.0225325766951, 0.00416014809161, 0.00330410711467, 0.0120944175869, 0.0898192450404, 0.115477778018, 0.0513148009777, 0.00816987920552, 0.0061562936753, 0.0210294835269, 0.146609485149, 0.182466983795, 0.0697406753898, 0.00595256499946, 0.00214082654566, 0.00174239312764, 0.00655950745568, 0.0102308578789, 0.0754281207919, 0.407479852438, 0.477687001228, 0.165925398469, 0.0363895557821, 0.0187312904745, 0.00335329305381, 0.01592566818, 0.0194716155529, 0.00812575779855, 0.00151131348684, 0.00107735616621, 0.041096739471, 0.209290832281, 0.255548000336, 0.159536927938], "min": [0, 0, 0, 0, 0, 0, 0, 0, 0, 0, 0, 0, 0, 0, 0, 0, 0, 0, 0, 0, 0, 0, 0, 0, 0, 0, 0, 0, 0, 0, 0, 0, 0, 0, 0, 0], "dvar2": [0.13045103848, 0.107188694179, 0.103700846434, 0.0886381939054, 0.0817110314965, 0.0594093315303, 0.0669013857841, 0.0774472430348, 0.0461475141346, 0.0438614077866, 0.0397851280868, 0.0492287240922, 0.0568293593824, 0.0607154406607, 0.0370965711772, 0.0293419118971, 0.0281452853233, 0.0261298697442, 0.0279971156269, 0.0350125320256, 0.0505714528263, 0.0846911296248, 0.0963227003813, 0.0887488275766, 0.171291783452, 0.0793863460422, 0.0619804151356, 0.0554605722427, 0.0671054646373, 0.049791008234, 0.0516119375825, 0.0659094676375, 0.0721428990364, 0.0933468490839, 0.101181648672, 0.122964672744], "dvar": [0.0498015210032, 0.0412318482995, 0.0361553840339, 0.0305905975401, 0.0280136931688, 0.0208036992699, 0.02632038109, 0.0323637872934, 0.0166263431311, 0.015421776101, 0.0139227090403, 0.017205003649, 0.0229683872312, 0.0266848634928, 0.01428729482, 0.0105319088325, 0.00971043948084, 0.00905715767294, 0.00994172971696, 0.01227985695, 0.018166679889, 0.0348601192236, 0.0419042333961, 0.0311365127563, 0.0616126693785, 0.028024405241, 0.0214173551649, 0.0210494920611, 0.0258635878563, 0.0177537463605, 0.0178756248206, 0.0222157984972, 0.0244082491845, 0.0363288260996, 0.0409363843501, 0.042888302356], "dmean": [0.166217014194, 0.137278348207, 0.10233977437, 0.0699815154076, 0.0582837238908, 0.0608805976808, 0.108944676816, 0.125295817852, 0.0753627195954, 0.0465332269669, 0.0447363443673, 0.0668007135391, 0.119496352971, 0.125902071595, 0.0853661075234, 0.04342437163, 0.0294485725462, 0.0255652032793, 0.0312969051301, 0.0429174862802, 0.0922464281321, 0.158421993256, 0.170183077455, 0.144020065665, 0.142014756799, 0.0881814584136, 0.0495253317058, 0.0641971677542, 0.0731481611729, 0.0497529953718, 0.0384489521384, 0.0457106120884, 0.0823417007923, 0.147308915854, 0.158061549067, 0.174857988954], "max": [1, 1, 1, 1, 1, 1, 1, 1, 1, 1, 1, 1, 1, 1, 1, 1, 1, 1, 1, 1, 1, 1, 1, 1, 1, 1, 1, 1, 1, 1, 1, 1, 1, 1, 1, 1], "var": [0.100044727325, 0.0943017303944, 0.0338842459023, 0.0216838438064, 0.0181641001254, 0.0149137685075, 0.0558419004083, 0.0804336443543, 0.018893674016, 0.0113668907434, 0.00952729396522, 0.0139455031604, 0.0611094161868, 0.0947498679161, 0.0264244861901, 0.0094796307385, 0.00714007439092, 0.00640740338713, 0.00852170679718, 0.0101169701666, 0.0211957246065, 0.11995922029, 0.13909073174, 0.0465734302998, 0.0594763271511, 0.0253505259752, 0.017224945128, 0.0350690074265, 0.046575691551, 0.017226755619, 0.0114000570029, 0.0136667601764, 0.0193699710071, 0.104792363942, 0.133679956198, 0.0514247901738], "mean": [0.258286893368, 0.236238077283, 0.101480789483, 0.0495908036828, 0.0396799333394, 0.0512981489301, 0.191465288401, 0.239689618349, 0.103932619095, 0.0438217073679, 0.0367744229734, 0.0611516647041, 0.235213577747, 0.297223895788, 0.131520435214, 0.0381856672466, 0.0242910794914, 0.0191790312529, 0.0285187717527, 0.0388563945889, 0.125675112009, 0.457719296217, 0.508103430271, 0.22943803668, 0.139581486583, 0.0824962183833, 0.0409175828099, 0.0889889448881, 0.10606250912, 0.0530677549541, 0.0251008458436, 0.0282482597977, 0.0904776379466, 0.331336140633, 0.388918101788, 0.229472637177]}, "tuning_equal_tempered_deviation": 0.202103868127, "chords_changes_rate": 0.0376031398773, "key_key": "A", "tuning_diatonic_strength": 0.561570763588, "key_scale": "major", "chords_number_rate": 0.00094684161013, "tuning_frequency": 434.193115234, "tuning_nontempered_energy_ratio": 0.939158201218, "chords_histogram": [18.6121997833, 40.3354530334, 31.1646156311, 0, 0.459894508123, 0.121736779809, 0.0135263083503, 0.162315711379, 0.162315711379, 1.13620996475, 0, 0, 0, 0, 0.919789016247, 0, 0.852157473564, 0, 0, 0, 0, 1.21736776829, 1.70431494713, 3.13810372353], "key_strength": 0.76234036684, "chords_key": "C#", "chords_strength": {"dmean2": 0.00647875573486, "median": 0.607333481312, "min": -1, "dvar2": 0.000552484765649, "dvar": 0.000290046300506, "dmean": 0.00643136538565, "max": 0.795169889927, "var": 0.0176869407296, "mean": 0.583310544491}, "chords_scale": "minor", "hpcp_entropy": {"dmean2": 0.798618197441, "median": 2.10693287849, "min": 0, "dvar2": 0.460380882025, "dvar": 0.171286970377, "dmean": 0.47923707962, "max": 4.23415756226, "var": 0.410096973181, "mean": 2.04743075371}}, "metadata": {"audio_properties": {"equal_loudness": 0, "codec": "flac", "downmix": "mix", "sample_rate": 44100, "analysis_sample_rate": 44100, "bit_rate": 0, "md5_encoded": "2c0536c9e533a6871c6306846fe2ab8c", "length": 343.279998779, "replay_gain": -12.0559329987, "lossless": true}, "version": {"essentia_build_sha": "2d9f1f26377add8aeb1075a9c2973f962c4f09fd", "essentia": "2.1-beta2", "extractor": "music 1.0", "essentia_git_sha": "v2.1_beta2-1-ge3940c0"}, "tags": {"title": ["Looks Good (But You Looked Away)"], "barcode": ["098787063325"], "media": ["CD"], "albumartist": ["The Helio Sequence"], "tracktotal": ["10"], "musicbrainz_releasegroupid": ["33b45fb5-8d65-34fe-a3d5-3497f3a498b8"], "releasetype": ["album"], "musicbrainz_recordingid": ["09340d32-7fa8-4f4c-b6fb-e0fe878dfa5f"], "musicbrainz_albumartistid": ["b6ab8d01-0cb3-4515-bc05-d928397e7429"], "originalyear": ["2004"], "musicbrainz_releasetrackid": ["71b91a48-5f8d-3aa9-97ee-9c555afdeb9b"], "discnumber": ["1"], "album": ["Love and Distance"], "catalognumber": ["SPCD 633"], "releasecountry": ["US"], "originaldate": ["2004-06-08"], "albumartistsort": ["Helio Sequence, The"], "date": ["2004-06-08"], "file_name": "637b232042108f8b92fce98e6f1e.flac", "disctotal": ["1"], "acoustid_id": ["270c637b-2320-4210-8f8b-92fce98e6f1e"], "musicbrainz_artistid": ["b6ab8d01-0cb3-4515-bc05-d928397e7429"], "asin": ["B00023B1HQ"], "musicbrainz_albumid": ["ca17f11b-c07d-4913-9c0a-6c784c1258f5"], "tracknumber": ["10"], "artistsort": ["Helio Sequence, The"], "artist": ["The Helio Sequence"], "label": ["Sub Pop Records"], "releasestatus": ["official"], "totaldiscs": ["1"], "script": ["Latn"], "totaltracks": ["10"]}}, "rhythm": {"bpm_histogram_first_peak_bpm": {"dmean2": 0, "median": 140, "min": 140, "dvar2": 0, "dvar": 0, "dmean": 0, "max": 140, "var": 0, "mean": 140}, "bpm": 139.841705322, "bpm_histogram_second_peak_spread": {"dmean2": 0, "median": 0.659999966621, "min": 0.659999966621, "dvar2": 0, "dvar": 0, "dmean": 0, "max": 0.659999966621, "var": 0, "mean": 0.659999966621}, "bpm_histogram_first_peak_weight": {"dmean2": 0, "median": 0.579973995686, "min": 0.579973995686, "dvar2": 0, "dvar": 0, "dmean": 0, "max": 0.579973995686, "var": 0, "mean": 0.579973995686}, "onset_rate": 2.28374743462, "beats_position": [0.417959183455, 0.835918366909, 1.25387752056, 1.68344664574, 2.11301589012, 2.55419492722, 2.9837641716, 3.41333317757, 3.84290242195, 4.27247142792, 4.7020406723, 5.13160991669, 5.56117916107, 5.99074840546, 6.40870714188, 6.83827638626, 7.26784563065, 7.69741487503, 8.12698364258, 8.55655288696, 8.99773216248, 9.42730140686, 9.86848068237, 10.2980499268, 10.71600914, 11.1455783844, 11.5751476288, 12.0047159195, 12.4342851639, 12.8638544083, 13.2818136215, 13.7113828659, 14.1409521103, 14.5589113235, 14.9768705368, 15.4064397812, 15.8360090256, 16.2655773163, 16.6951465607, 17.1247158051, 17.5542850494, 17.9838542938, 18.4134235382, 18.8429927826, 19.272562027, 19.7021312714, 20.1317005157, 20.5612697601, 20.9908390045, 21.4204082489, 21.8499774933, 22.2679367065, 22.6975059509, 23.1270751953, 23.5566444397, 23.9862117767, 24.4157810211, 24.8453502655, 25.2749195099, 25.7044887543, 26.1340579987, 26.563627243, 26.9931964874, 27.4227657318, 27.8407249451, 28.2702941895, 28.6998634338, 29.1294326782, 29.5590019226, 29.988571167, 30.4181404114, 30.8360996246, 31.265668869, 31.6952381134, 32.1248054504, 32.5543746948, 32.9839439392, 33.4135131836, 33.843082428, 34.2726516724, 34.7138328552, 35.1550102234, 35.5845794678, 36.0141487122, 36.4437179565, 36.8732872009, 37.3028564453, 37.7324256897, 38.1503829956, 38.5683441162, 38.9979133606, 39.427482605, 39.8686599731, 40.2866210938, 40.7161903381, 41.1457595825, 41.5869369507, 42.0165061951, 42.4460754395, 42.8756446838, 43.3052139282, 43.7347831726, 44.164352417, 44.5823135376, 45.011882782, 45.4414520264, 45.8710212708, 46.3005905151, 46.718547821, 47.1481170654, 47.5776863098, 48.0072555542, 48.4368247986, 48.8547821045, 49.2843513489, 49.7139205933, 50.1551017761, 50.5846710205, 51.0142402649, 51.4321975708, 51.8617668152, 52.2913360596, 52.720905304, 53.1504745483, 53.5800437927, 54.0096130371, 54.4275741577, 54.8571434021, 55.2867126465, 55.7162818909, 56.1458511353, 56.5754165649, 57.0049858093, 57.4229469299, 57.8525161743, 58.2820854187, 58.7232627869, 59.1528320313, 59.5824012756, 60.01197052, 60.4415397644, 60.8711090088, 61.3006782532, 61.7186393738, 62.1482086182, 62.5777778625, 63.0189552307, 63.4369163513, 63.8664855957, 64.2960510254, 64.714012146, 65.1435852051, 65.5731506348, 66.0027160645, 66.4322891235, 66.8502502441, 67.2914276123, 67.720993042, 68.1505661011, 68.5801315308, 69.0097045898, 69.4392700195, 69.8688430786, 70.2984085083, 70.7279815674, 71.1575469971, 71.5755081177, 72.0050811768, 72.4462585449, 72.8642196655, 73.3053970337, 73.7233581543, 74.152923584, 74.5708847046, 75.0004501343, 75.4184112549, 75.859588623, 76.2891616821, 76.7187271118, 77.1483001709, 77.5778656006, 78.0074386597, 78.4370040894, 78.8665771484, 79.2961425781, 79.7141036987, 80.1552810669, 80.5732421875, 81.0028076172, 81.4323806763, 81.861946106, 82.291519165, 82.7210845947, 83.1506576538, 83.5802230835, 83.9981842041, 84.4393615723, 84.8689346313, 85.298500061, 85.7280731201, 86.1460266113, 86.5755996704, 86.993560791, 87.4115142822, 87.8410873413, 88.2822647095, 88.7234420776, 89.1414031982, 89.5593643188, 89.9889297485, 90.4185028076, 90.8480682373, 91.2776412964, 91.7072067261, 92.1367797852, 92.5663452148, 93.0075302124, 93.4370956421, 93.8550567627, 94.2846221924, 94.7141952515, 95.1437606812, 95.5733337402, 95.9912872314, 96.4092483521, 96.8504257202, 97.2916107178, 97.7211761475, 98.1507492065, 98.5687026978, 98.9866638184, 99.4162368774, 99.8458023071, 100.275375366, 100.704940796, 101.146118164, 101.587303162, 102.016868591, 102.44644165, 102.87600708, 103.305580139, 103.72353363, 104.153106689, 104.582672119, 105.012245178, 105.441810608, 105.871383667, 106.300949097, 106.718910217, 107.136871338, 107.566436768, 107.996009827, 108.425575256, 108.855148315, 109.284713745, 109.714286804, 110.155464172, 110.585029602, 111.014602661, 111.432563782, 111.850517273, 112.280090332, 112.709655762, 113.15083313, 113.592018127, 114.021583557, 114.451156616, 114.869110107, 115.287071228, 115.705032349, 116.134597778, 116.564170837, 116.993736267, 117.423309326, 117.852874756, 118.294059753, 118.735237122, 119.164802551, 119.59437561, 120.02394104, 120.441902161, 120.87147522, 121.301040649, 121.730613708, 122.160179138, 122.578140259, 123.007705688, 123.437278748, 123.866844177, 124.296417236, 124.725982666, 125.155555725, 125.573509216, 125.991470337, 126.421043396, 126.850608826, 127.291786194, 127.721359253, 128.150924683, 128.580490112, 129.010070801, 129.43963623, 129.86920166, 130.29876709, 130.71673584, 131.14630127, 131.587478638, 132.005432129, 132.423400879, 132.852966309, 133.282531738, 133.712112427, 134.130065918, 134.559631348, 134.989196777, 135.418777466, 135.859954834, 136.301132202, 136.730697632, 137.160263062, 137.58984375, 138.01940918, 138.448974609, 138.878540039, 139.308120728, 139.737686157, 140.167251587, 140.596817017, 141.014785767, 141.432739258, 141.862304688, 142.291885376, 142.733062744, 143.151016235, 143.580581665, 144.010162354, 144.439727783, 144.869293213, 145.298858643, 145.728439331, 146.158004761, 146.58757019, 147.01713562, 147.446716309, 147.876281738, 148.305847168, 148.735412598, 149.164993286, 149.582946777, 150.000900269, 150.430480957, 150.860046387, 151.289611816, 151.719177246, 152.148742676, 152.578323364, 153.019500732, 153.449066162, 153.878631592, 154.296600342, 154.726165771, 155.155731201, 155.585296631, 156.014877319, 156.432830811, 156.86239624, 157.291976929, 157.721542358, 158.151107788, 158.580673218, 159.010253906, 159.439819336, 159.869384766, 160.287338257, 160.716918945, 161.146484375, 161.576049805, 162.005615234, 162.435195923, 162.864761353, 163.294326782, 163.723892212, 164.1534729, 164.58303833, 165.01260376, 165.442169189, 165.871749878, 166.301315308, 166.719268799, 167.137237549, 167.578414917, 167.996368408, 168.425933838, 168.855514526, 169.285079956, 169.714645386, 170.155822754, 170.573776245, 170.991744995, 171.421310425, 171.862487793, 172.292053223, 172.721633911, 173.151199341, 173.580764771, 174.0103302, 174.439910889, 174.869476318, 175.299041748, 175.728607178, 176.146575928, 176.576141357, 177.005706787, 177.423675537, 177.853240967, 178.282806396, 178.723983765, 179.153549194, 179.583129883, 180.012695313, 180.442260742, 180.871826172, 181.30140686, 181.73097229, 182.16053772, 182.57850647, 183.008071899, 183.426025391, 183.85559082, 184.285171509, 184.714736938, 185.13269043, 185.562271118, 185.991836548, 186.421401978, 186.862579346, 187.292144775, 187.721725464, 188.151290894, 188.580856323, 188.998809814, 189.428390503, 189.846343994, 190.275909424, 190.705490112, 191.14666748, 191.57623291, 192.00579834, 192.42376709, 192.85333252, 193.282897949, 193.712463379, 194.142044067, 194.571609497, 195.001174927, 195.430740356, 195.848709106, 196.278274536, 196.707839966, 197.137405396, 197.578598022, 198.008163452, 198.437728882, 198.867294312, 199.296859741, 199.72644043, 200.156005859, 200.585571289, 201.015136719, 201.444717407, 201.874282837, 202.303848267, 202.733413696, 203.151382446, 203.569335938, 203.987304688, 204.416870117, 204.846435547, 205.276000977, 205.705581665, 206.123535156, 206.553100586, 206.982666016, 207.412246704, 207.841812134, 208.282989502, 208.72416687, 209.165344238, 209.583312988, 210.001266479, 210.430831909, 210.848800659, 211.278366089, 211.707931519, 212.137496948, 212.567077637, 212.996643066, 213.426208496, 213.855773926, 214.296951294, 214.726531982, 215.167709351, 215.59727478, 216.015228271, 216.433197021, 216.862762451, 217.292327881, 217.721893311, 218.151473999, 218.581039429, 219.010604858, 219.428573608, 219.858139038, 220.276092529, 220.705657959, 221.135238647, 221.564804077, 221.994369507, 222.423934937, 222.853515625, 223.283081055, 223.701034546, 224.119003296, 224.560180664, 225.001358032, 225.4425354, 225.883712769, 226.30166626, 226.71963501, 227.149200439, 227.578765869, 228.008346558, 228.437911987, 228.855865479, 229.273834229, 229.69178772, 230.109741211, 230.550918579, 230.992111206, 231.433288574, 231.874465942, 232.304031372, 232.733596802, 233.16317749, 233.581130981, 234.010696411, 234.440261841, 234.869842529, 235.299407959, 235.728973389, 236.158538818, 236.576507568, 237.006072998, 237.435638428, 237.865203857, 238.294784546, 238.724349976, 239.142303467, 239.571884155, 240.001449585, 240.431015015, 240.848968506, 241.278549194, 241.696502686, 242.126068115, 242.567245483, 242.996826172, 243.43800354, 243.855957031, 244.285522461, 244.715103149, 245.144668579, 245.574234009, 246.003799438, 246.433380127, 246.862945557, 247.292510986, 247.722076416, 248.151657104, 248.581222534, 249.010787964, 249.440353394, 249.869934082, 250.299499512, 250.717453003, 251.147018433, 251.576599121, 252.006164551, 252.43572998, 252.86529541, 253.294876099, 253.724441528, 254.154006958, 254.583572388, 255.013153076, 255.442718506, 255.860671997, 256.290252686, 256.719818115, 257.149383545, 257.578948975, 258.008514404, 258.426483154, 258.856048584, 259.285614014, 259.726806641, 260.16796875, 260.59753418, 261.038726807, 261.479919434, 261.921081543, 262.36227417, 262.803436279, 263.256225586, 263.709014893, 264.15020752, 264.649414063, 265.148651123, 265.647888184, 266.147125244, 266.634735107, 267.122344971, 267.621582031, 268.120819092, 268.620025635, 269.084442139, 269.548828125, 270.013244629, 270.466033936, 270.918823242, 271.371612549, 271.824401855, 272.265563965, 272.706756592, 273.136322021, 273.577514648, 274.018676758, 274.459869385, 274.889434814, 275.342224121, 275.795013428, 276.247802734, 276.712188721, 277.176605225, 277.640991211, 278.221496582, 278.802001953, 279.382476807, 279.962982178, 280.543487549, 281.12399292, 281.704498291, 282.284973145, 282.865478516, 283.445983887, 283.980041504, 284.514099121, 285.059753418, 285.617034912, 286.162719727, 286.720001221, 287.265655518, 287.811340332, 288.368621826, 288.92590332, 289.483154297, 290.028839111, 290.586120605, 291.1434021, 291.66583252, 292.199890137, 292.733947754, 293.256408691, 293.778869629, 294.289703369, 294.800537109, 295.31137085, 295.880279541, 296.449157715, 297.018035889, 297.563720703, 298.09777832, 298.643432617, 299.119445801, 299.595458984, 300.071472168, 300.547485352, 301.023498535, 301.487884521, 301.952270508, 302.416687012, 302.892700195, 303.368713379, 303.844696045, 304.309112549, 304.854766846, 305.41204834, 305.969329834, 306.538238525, 307.107116699, 307.710845947, 308.314544678, 308.918273926, 309.522003174, 310.137329102, 310.741027832, 311.34475708, 311.948486328, 312.552185059, 313.155914307, 313.689971924, 314.235626221, 314.781311035, 315.326965332, 315.861022949, 316.395111084, 316.929168701, 317.463226318, 317.997283936, 318.484893799, 318.960906982, 319.436920166, 319.924530029, 320.412139893, 320.899780273, 321.317718506, 321.735687256, 322.153656006, 322.594818115, 323.047607422, 323.500396729, 323.941589355, 324.371154785, 324.812316895, 325.253509521, 325.694702148, 326.135864258, 326.577056885, 327.006622314, 327.447784424, 327.888977051, 328.423034668, 328.933868408, 329.456329346, 329.978759766, 330.512817383, 331.046875, 331.639007568, 332.231109619, 332.82321167, 333.357269287, 333.879730225, 334.413787842, 334.936218262, 335.458679199, 335.981140137, 336.503570557, 337.026031494, 337.548461914, 338.070922852, 338.604980469, 339.046173096, 339.487335205, 339.928527832, 340.369689941, 340.810882568, 341.252044678, 341.693237305, 342.134429932, 342.575592041], "beats_loudness": {"dmean2": 0.0250527877361, "median": 0.0255332179368, "min": 1.93090154976e-10, "dvar2": 0.00107130303513, "dvar": 0.000374759285478, "dmean": 0.0143112102523, "max": 0.165298253298, "var": 0.00130356056616, "mean": 0.036187492311}, "danceability": 1.06650400162, "bpm_histogram_second_peak_weight": {"dmean2": 0, "median": 0.0221066325903, "min": 0.0221066325903, "dvar2": 0, "dvar": 0, "dmean": 0, "max": 0.0221066325903, "var": 0, "mean": 0.0221066325903}, "beats_count": 770, "bpm_histogram_second_peak_bpm": {"dmean2": 0, "median": 112, "min": 112, "dvar2": 0, "dvar": 0, "dmean": 0, "max": 112, "var": 0, "mean": 112}, "bpm_histogram_first_peak_spread": {"dmean2": 0, "median": 0.30637639761, "min": 0.30637639761, "dvar2": 0, "dvar": 0, "dmean": 0, "max": 0.30637639761, "var": 0, "mean": 0.30637639761}, "beats_loudness_band_ratio": {"dmean2": [0.238625571132, 0.237354099751, 0.123114258051, 0.0754326060414, 0.041730556637, 0.0120381899178], "median": [0.476427912712, 0.3251054883, 0.107045382261, 0.0464822128415, 0.0119590843096, 0.00183764076792], "min": [0.0082775996998, 0.000653944385704, 0.000850441982038, 0.00165550457314, 0.000340743601555, 8.53619167174e-06], "dvar2": [0.0384724922478, 0.0381626822054, 0.0136405266821, 0.00758633762598, 0.00603846507147, 0.00101389561314], "dvar": [0.0130694285035, 0.0122896078974, 0.00510394899175, 0.00267991586588, 0.0020496819634, 0.000568796182051], "dmean": [0.143035262823, 0.139108508825, 0.071962043643, 0.043143235147, 0.0232212040573, 0.00725140701979], "max": [0.970641851425, 0.874946892262, 0.518020749092, 0.503086745739, 0.418072372675, 0.973180353642], "var": [0.0514367073774, 0.0301772430539, 0.008898999542, 0.00536542665213, 0.00210329866968, 0.00264684017748], "mean": [0.487877339125, 0.330239981413, 0.129946365952, 0.0732810944319, 0.0278405677527, 0.00902221631259]}}, "lowlevel": {"barkbands_spread": {"dmean2": 3.96864056587, "median": 7.72823381424, "min": 0.846927702427, "dvar2": 33.3771209717, "dvar": 15.5993337631, "dmean": 2.49229836464, "max": 155.682937622, "var": 96.1205215454, "mean": 10.1827859879}, "melbands_spread": {"dmean2": 4.58581924438, "median": 7.88940000534, "min": 0.891164422035, "dvar2": 40.4495353699, "dvar": 16.6690769196, "dmean": 2.820125103, "max": 196.662597656, "var": 125.179046631, "mean": 10.9024991989}, "hfc": {"dmean2": 2.9256465435, "median": 3.91744470596, "min": 1.10307558856e-16, "dvar2": 31.7586116791, "dvar": 15.4328603745, "dmean": 1.93933796883, "max": 89.6837692261, "var": 101.875183105, "mean": 8.35363292694}, "barkbands_kurtosis": {"dmean2": 4.93164873123, "median": 3.75922369957, "min": -1.96638715267, "dvar2": 57.0119094849, "dvar": 21.2228126526, "dmean": 3.00836491585, "max": 123.666671753, "var": 61.2693367004, "mean": 6.26837778091}, "gfcc": {"mean": [-132.437133789, 159.363311768, -95.0408935547, 0.249115988612, -42.8968963623, 1.08854305744, -38.2839012146, -6.71058225632, -21.8520736694, -2.81211876869, -11.9576025009, -4.72586917877, -6.26802682877], "icov": [[0.000157245609444, -0.000448968436103, 8.36565668578e-05, -0.000456416164525, 0.000620984414127, -0.000119123949844, 0.000665897736326, -0.000651401525829, 0.000542023160961, -0.000505340169184, 0.000197091067093, -0.000296290585538, 4.16671173298e-05], [-0.000448968436103, 0.00283949333243, 8.52583179949e-05, 0.00272711878642, -0.0020526680164, 0.00132084905636, -0.00243977410719, 0.00246168370359, -0.00217843079008, 0.00257776374929, -0.00206049252301, 0.00176859274507, -0.00116910145152], [8.36565668578e-05, 8.52583179949e-05, 0.00200059032068, 0.000124845479149, -1.43911356645e-05, -0.000395640992792, 0.00026394429733, -0.00145819422323, 0.000371181056835, 0.000342232146068, -0.000884769833647, -0.00032854944584, -7.30742685846e-05], [-0.000456416164525, 0.00272711878642, 0.000124845479149, 0.00594981294125, -0.00114001485053, 6.71906900607e-06, -0.00319531490095, 2.5728691071e-06, -0.00131921912543, 0.00142847630195, -0.00197830540128, 0.000830661854707, -0.00102884182706], [0.000620984414127, -0.0020526680164, -1.43911356645e-05, -0.00114001485053, 0.00806225929409, -0.00113078369759, 0.000694143178407, -0.00324939470738, -0.000724558718503, -0.00189799664076, 0.00101516407449, -0.00134634459391, 0.000439464376541], [-0.000119123949844, 0.00132084905636, -0.000395640992792, 6.71906900607e-06, -0.00113078369759, 0.00743026053533, -0.00120274629444, 0.00131505692843, -0.00175665225834, -0.00303215393797, 0.00186089135241, -0.00109724351205, 0.00128883146681], [0.000665897736326, -0.00243977410719, 0.00026394429733, -0.00319531490095, 0.000694143178407, -0.00120274629444, 0.0111579801887, -0.00136039871722, 0.000518106739037, -0.00190212205052, -0.00136531679891, -0.00156354310457, -0.000274141202681], [-0.000651401525829, 0.00246168370359, -0.00145819422323, 2.5728691071e-06, -0.00324939470738, 0.00131505692843, -0.00136039871722, 0.0121015366167, -0.00191741238814, 0.0036371529568, -0.00385767198168, 0.000177530921064, -0.00102581083775], [0.000542023160961, -0.00217843079008, 0.000371181056835, -0.00131921912543, -0.000724558718503, -0.00175665225834, 0.000518106739037, -0.00191741238814, 0.0145464008674, -0.00470366096124, 0.00235188333318, -0.00204430217855, -0.00230016745627], [-0.000505340169184, 0.00257776374929, 0.000342232146068, 0.00142847630195, -0.00189799664076, -0.00303215393797, -0.00190212205052, 0.0036371529568, -0.00470366096124, 0.0167474839836, -0.0050925607793, 0.00125040987041, -0.000443313998403], [0.000197091067093, -0.00206049252301, -0.000884769833647, -0.00197830540128, 0.00101516407449, 0.00186089135241, -0.00136531679891, -0.00385767198168, 0.00235188333318, -0.0050925607793, 0.0200502704829, -0.00338782463223, 0.000320260296576], [-0.000296290585538, 0.00176859274507, -0.00032854944584, 0.000830661854707, -0.00134634459391, -0.00109724351205, -0.00156354310457, 0.000177530921064, -0.00204430217855, 0.00125040987041, -0.00338782463223, 0.0145299332216, -0.00434449128807], [4.16671173298e-05, -0.00116910145152, -7.30742685846e-05, -0.00102884182706, 0.000439464376541, 0.00128883146681, -0.000274141202681, -0.00102581083775, -0.00230016745627, -0.000443313998403, 0.000320260296576, -0.00434449128807, 0.0194518659264]], "cov": [[25873.4785156, 263.507385254, -342.160491943, 865.726013184, -1589.78320313, -452.974578857, -1042.21032715, 726.147583008, -877.296813965, -76.7002487183, 125.838157654, 47.5269012451, -2.48967695236], [263.507385254, 2228.7253418, -363.308990479, -789.953857422, 180.511734009, -411.277252197, 106.60231781, -289.070404053, 100.66570282, -189.46963501, 23.0640163422, -171.973419189, 68.4665145874], [-342.160491943, -363.308990479, 669.19732666, 134.064697266, 27.8957958221, 73.4889755249, 3.31390547752, 143.548324585, -12.0833244324, 11.3656406403, 42.6924209595, 59.3224906921, 1.9962220192], [865.726013184, -789.953857422, 134.064697266, 549.950439453, -79.4410400391, 143.806655884, -0.649127662182, 166.636276245, -40.0437660217, 70.4085235596, 29.4610309601, 80.6845092773, -4.29099702835], [-1589.78320313, 180.511734009, 27.8957958221, -79.4410400391, 279.686035156, 30.0629634857, 93.7345123291, -21.8421897888, 96.0031967163, 11.4468164444, 5.50159263611, 7.68779850006, 15.2557296753], [-452.974578857, -411.277252197, 73.4889755249, 143.806655884, 30.0629634857, 266.60055542, 24.2290077209, 23.0915870667, 37.4722824097, 87.4121627808, -14.1464233398, 49.4918746948, -14.9404764175], [-1042.21032715, 106.60231781, 3.31390547752, -0.649127662182, 93.7345123291, 24.2290077209, 172.984161377, -22.7394294739, 58.4154663086, 13.7755784988, 20.0617218018, 11.6764764786, 15.6324548721], [726.147583008, -289.070404053, 143.548324585, 166.636276245, -21.8421897888, 23.0915870667, -22.7394294739, 190.719650269, -27.6470127106, 5.82961368561, 31.9904823303, 43.2543411255, 5.12205410004], [-877.296813965, 100.66570282, -12.0833244324, -40.0437660217, 96.0031967163, 37.4722824097, 58.4154663086, -27.6470127106, 130.706283569, 27.8017368317, -1.82447910309, 11.5274581909, 19.1737747192], [-76.7002487183, -189.46963501, 11.3656406403, 70.4085235596, 11.4468164444, 87.4121627808, 13.7755784988, 5.82961368561, 27.8017368317, 106.774795532, 9.9060087204, 23.1549873352, -2.27584910393], [125.838157654, 23.0640163422, 42.6924209595, 29.4610309601, 5.50159263611, -14.1464233398, 20.0617218018, 31.9904823303, -1.82447910309, 9.9060087204, 69.9896850586, 17.9992313385, 8.49580669403], [47.5269012451, -171.973419189, 59.3224906921, 80.6845092773, 7.68779850006, 49.4918746948, 11.6764764786, 43.2543411255, 11.5274581909, 23.1549873352, 17.9992313385, 101.642860413, 17.341293335], [-2.48967695236, 68.4665145874, 1.9962220192, -4.29099702835, 15.2557296753, -14.9404764175, 15.6324548721, 5.12205410004, 19.1737747192, -2.27584910393, 8.49580669403, 17.341293335, 62.3941421509]]}, "spectral_energyband_middle_low": {"dmean2": 0.00719135114923, "median": 0.00877772457898, "min": 2.14576981978e-22, "dvar2": 0.000152591659571, "dvar": 5.73936049477e-05, "dmean": 0.00438319798559, "max": 0.12273041904, "var": 0.000323575019138, "mean": 0.0156284142286}, "melbands_crest": {"dmean2": 5.62565755844, "median": 12.6066160202, "min": 1.62117028236, "dvar2": 25.7778682709, "dvar": 9.30667972565, "dmean": 3.28740930557, "max": 38.6622505188, "var": 23.3892536163, "mean": 13.5830001831}, "spectral_kurtosis": {"dmean2": 15.1803369522, "median": 15.7740736008, "min": -1.2411339283, "dvar2": 512.770019531, "dvar": 200.047866821, "dmean": 8.97001361847, "max": 255.45274353, "var": 821.494567871, "mean": 25.679901123}, "spectral_rms": {"dmean2": 0.000938365003094, "median": 0.00345099228434, "min": 3.16432166927e-12, "dvar2": 1.86307477179e-06, "dvar": 7.95427865796e-07, "dmean": 0.000588799011894, "max": 0.0146060716361, "var": 8.33699232317e-06, "mean": 0.00401579961181}, "zerocrossingrate": {"dmean2": 0.00620526447892, "median": 0.0244140625, "min": 0.0029296875, "dvar2": 8.99438455235e-05, "dvar": 6.68379288982e-05, "dmean": 0.00481979548931, "max": 0.7802734375, "var": 0.00295822042972, "mean": 0.0327794738114}, "silence_rate_60dB": {"dmean2": 0.0227288100868, "median": 0, "min": 0, "dvar2": 0.0274889729917, "dvar": 0.011232460849, "dmean": 0.0113636367023, "max": 1, "var": 0.206348195672, "mean": 0.29110583663}, "erbbands_kurtosis": {"dmean2": 1.42005693913, "median": 0.207330062985, "min": -1.81268048286, "dvar2": 3.3772342205, "dvar": 1.4434658289, "dmean": 0.89521998167, "max": 31.4485797882, "var": 5.34428167343, "mean": 0.867075800896}, "erbbands": {"dmean2": [0.234205752611, 1.25618577003, 2.90123224258, 6.7685084343, 8.34731006622, 19.9027748108, 18.5473423004, 18.0083465576, 21.4541721344, 12.2387580872, 6.67753362656, 9.75016403198, 8.54880809784, 5.828332901, 6.66852855682, 6.72929239273, 4.76384305954, 4.77775239944, 5.10701847076, 3.23449611664, 4.52606630325, 2.48588705063, 1.96726620197, 1.80010545254, 1.58123409748, 1.45180344582, 0.987090528011, 0.68875181675, 0.499807685614, 0.347093015909, 0.360853463411, 0.420964092016, 0.341012150049, 0.261669367552, 0.106845743954, 0.0574061237276, 0.00833845604211, 0.0017430591397, 0.000294513738481, 2.53013931797e-05], "median": [0.00818880368024, 0.0781996324658, 0.729099571705, 2.3088247776, 5.51773834229, 7.75816774368, 12.7305240631, 11.6757078171, 10.2292041779, 7.76915550232, 4.48638725281, 6.38219070435, 6.00630283356, 4.62995529175, 3.48106741905, 1.87599360943, 2.72527217865, 3.14536523819, 2.17562747002, 0.932731568813, 0.477141410112, 0.323061496019, 0.260093361139, 0.127953574061, 0.10708834976, 0.0607417859137, 0.036455757916, 0.0285078287125, 0.0187328234315, 0.0152791654691, 0.006883288268, 0.00381033588201, 0.00287875835784, 0.00231149164028, 0.000899289152585, 0.000307396636344, 0.000110774635687, 3.33948337357e-05, 1.37071656354e-05, 1.38968425745e-05], "min": [2.87890836745e-22, 1.5739250797e-21, 2.53668546161e-21, 7.03972787327e-21, 1.26633459639e-20, 3.80734304605e-20, 8.40109962515e-20, 1.7038089189e-19, 2.52543255795e-19, 1.83669457958e-19, 4.60792644149e-19, 7.2148993623e-19, 6.03826389226e-19, 4.74599425946e-19, 7.88456462369e-19, 1.52850145561e-18, 2.4730154667e-18, 1.81839837841e-18, 2.85922340636e-18, 3.5879236175e-18, 5.03468649709e-18, 6.67361459992e-18, 5.86423780928e-18, 6.98554606327e-18, 9.01386819869e-18, 1.04475508713e-17, 9.82402874296e-18, 9.14027463118e-18, 1.25103805003e-17, 1.22235688578e-17, 1.22508807072e-17, 1.08306149042e-17, 1.1149303606e-17, 9.53783665873e-18, 6.5501322509e-18, 4.86060468282e-18, 2.85331402807e-18, 1.04233483937e-18, 2.38862024505e-19, 2.95243766581e-20], "dvar2": [0.728201687336, 16.857213974, 41.4329490662, 156.5834198, 342.768920898, 2077.27124023, 1390.31384277, 2052.27099609, 3007.3059082, 919.406677246, 380.24987793, 701.439575195, 305.810302734, 155.742553711, 275.106658936, 501.248840332, 115.231872559, 127.41734314, 218.637664795, 118.479408264, 592.757202148, 61.9401893616, 53.8913497925, 98.8212890625, 227.295608521, 87.669418335, 42.3382644653, 14.9234390259, 6.98753499985, 3.33498048782, 4.15832567215, 6.15497684479, 5.1803483963, 2.35566329956, 0.331801652908, 0.0947884768248, 0.00162565521896, 0.000101647980046, 3.68025416719e-06, 7.7237274354e-09], "dvar": [0.283429920673, 6.31543254852, 13.7583370209, 54.7618255615, 132.097106934, 763.790344238, 528.976745605, 778.986877441, 1081.54431152, 349.283935547, 146.085678101, 278.27520752, 128.62928772, 64.4421920776, 115.63306427, 198.867935181, 44.5007095337, 55.2514877319, 107.359031677, 44.4695701599, 243.614379883, 25.942609787, 20.2063999176, 42.6997795105, 92.0038909912, 39.5464477539, 18.8959770203, 7.3916683197, 3.51852345467, 1.67804121971, 2.27956438065, 3.61372566223, 3.24555134773, 1.36944377422, 0.177861586213, 0.0385218113661, 0.000698631512932, 5.09660640091e-05, 1.93002756532e-06, 3.957104866e-09], "dmean": [0.139825999737, 0.713879168034, 1.65702438354, 3.86135983467, 5.20737934113, 12.0069570541, 11.7922868729, 12.0412693024, 12.929980278, 7.36350297928, 4.39204788208, 6.53389358521, 5.52015447617, 3.73920893669, 4.322930336, 4.27432060242, 2.9686858654, 3.03561377525, 3.42881989479, 2.00967144966, 2.94882893562, 1.62769389153, 1.24259912968, 1.18324232101, 1.0440788269, 0.969413876534, 0.670803725719, 0.46502238512, 0.33653062582, 0.233940377831, 0.253218114376, 0.29907014966, 0.258292526007, 0.183274179697, 0.07292714715, 0.036174248904, 0.00537512963638, 0.00115888600703, 0.000197048822884, 1.6442640117e-05], "max": [6.13465166092, 46.2848587036, 60.1491661072, 133.384017944, 236.1378479, 572.57434082, 522.763916016, 540.964233398, 725.249206543, 787.385009766, 302.705535889, 576.536804199, 341.209594727, 187.977081299, 382.485321045, 507.284240723, 195.936538696, 315.383636475, 588.418701172, 260.077789307, 556.307983398, 175.713806152, 222.946807861, 374.753295898, 580.850585938, 317.935058594, 224.951065063, 108.546615601, 83.1348876953, 47.7034263611, 49.6359710693, 75.6299438477, 58.9356842041, 43.7123374939, 14.399936676, 5.49723672867, 1.0167927742, 0.392294198275, 0.0799639597535, 0.00341856922023], "var": [0.239408120513, 6.7241435051, 30.7593803406, 167.434371948, 343.066711426, 1578.84667969, 1787.08935547, 2775.04296875, 3176.2175293, 1465.09326172, 378.877288818, 810.713317871, 321.132507324, 250.386154175, 544.391540527, 577.838806152, 129.920913696, 157.170257568, 273.351074219, 108.350486755, 746.81237793, 96.0535430908, 40.7711105347, 76.8265380859, 116.547599792, 67.4740142822, 34.5435371399, 15.0540018082, 6.8998131752, 3.63264346123, 5.44534349442, 9.13421058655, 8.33722019196, 3.1980111599, 0.393105626106, 0.0614477321506, 0.0013647590531, 0.000100056262454, 3.73413831767e-06, 1.00677803871e-08], "mean": [0.147197827697, 0.926826834679, 3.02176237106, 6.99015808105, 12.1164693832, 22.7445201874, 28.4748096466, 32.7761917114, 28.7370948792, 17.7482280731, 10.3406791687, 14.3500423431, 11.2858743668, 9.06240081787, 10.5824918747, 8.74438762665, 6.31118679047, 6.5689330101, 6.3546500206, 4.17895460129, 6.14629888535, 3.9155626297, 2.70687317848, 2.58234453201, 1.85153281689, 1.55831897259, 1.22333800793, 0.761255145073, 0.507758319378, 0.375677287579, 0.442633390427, 0.503704249859, 0.440849900246, 0.314383387566, 0.124851025641, 0.0557457357645, 0.00879056379199, 0.00184114696458, 0.00031323696021, 4.32948618254e-05]}, "spectral_strongpeak": {"dmean2": 0.436617672443, "median": 0.385450363159, "min": 0, "dvar2": 0.351563453674, "dvar": 0.136376962066, "dmean": 0.255107015371, "max": 6.71421575546, "var": 0.326950997114, "mean": 0.540500819683}, "spectral_energy": {"dmean2": 0.0125093441457, "median": 0.0122070824727, "min": 1.02632547594e-20, "dvar2": 0.000565183756407, "dvar": 0.000231459416682, "dmean": 0.00777869531885, "max": 0.218670770526, "var": 0.000839559244923, "mean": 0.0250752456486}, "average_loudness": 0.490763455629, "spectral_rolloff": {"dmean2": 334.653015137, "median": 473.73046875, "min": 43.06640625, "dvar2": 1361734.625, "dvar": 515307.625, "dmean": 191.261657715, "max": 22050, "var": 3659120, "mean": 816.536193848}, "spectral_centroid": {"dmean2": 155.041275024, "median": 497.891571045, "min": 192.890365601, "dvar2": 61609.8398438, "dvar": 28490.7460938, "dmean": 97.3444824219, "max": 11439.6191406, "var": 272620.25, "mean": 603.676086426}, "pitch_salience": {"dmean2": 0.118527442217, "median": 0.614111065865, "min": 0.0679573491216, "dvar2": 0.0109156481922, "dvar": 0.00404830183834, "dmean": 0.0702360346913, "max": 0.935921669006, "var": 0.0101386755705, "mean": 0.600323438644}, "spectral_energyband_middle_high": {"dmean2": 0.000687442719936, "median": 0.000773291860241, "min": 1.24523731044e-21, "dvar2": 1.8447748289e-06, "dvar": 7.75673015596e-07, "dmean": 0.000447192549473, "max": 0.0225827936083, "var": 4.18464151153e-06, "mean": 0.0015094219707}, "spectral_contrast_coeffs": {"dmean2": [0.0791535377502, 0.0601418800652, 0.0508368723094, 0.0417384169996, 0.0318271294236, 0.0242166444659], "median": [-0.603868365288, -0.713883519173, -0.756405234337, -0.768115818501, -0.798080205917, -0.814515888691], "min": [-0.974553883076, -0.974198043346, -0.969104468822, -0.972254037857, -0.965102434158, -0.962792813778], "dvar2": [0.00411187158898, 0.00259602000006, 0.00176615116652, 0.00114765984472, 0.00084738858277, 0.000546865980141], "dvar": [0.00160171138123, 0.000930059642997, 0.000668182037771, 0.000436944741523, 0.00035654444946, 0.000250679819146], "dmean": [0.0469957850873, 0.0361375920475, 0.0312561839819, 0.0252872090787, 0.0196869280189, 0.0155544597656], "max": [-0.256010770798, -0.433718919754, -0.497090965509, -0.567713201046, -0.55117380619, -0.616098642349], "var": [0.0130635481328, 0.00705055613071, 0.00414873799309, 0.00281365728006, 0.00437639188021, 0.0021101590246], "mean": [-0.61579066515, -0.720640063286, -0.761952102184, -0.770433783531, -0.791056752205, -0.807557463646]}, "melbands_skewness": {"dmean2": 0.905011892319, "median": 2.08915615082, "min": -0.54505699873, "dvar2": 0.873941123486, "dvar": 0.331933200359, "dmean": 0.550781488419, "max": 13.398598671, "var": 1.55548250675, "mean": 2.41371273994}, "spectral_spread": {"dmean2": 613257.6875, "median": 2349843.25, "min": 349130.0625, "dvar2": 743634567168, "dvar": 365198770176, "dmean": 388977.375, "max": 41761052, "var": 5138473811970.0, "mean": 2840901.5}, "dissonance": {"dmean2": 0.0493864305317, "median": 0.439488589764, "min": 0.202638790011, "dvar2": 0.00192855508067, "dvar": 0.0006948125083, "dmean": 0.0292679537088, "max": 0.500000059605, "var": 0.00197099824436, "mean": 0.430486857891}, "spectral_skewness": {"dmean2": 0.984588623047, "median": 3.03605151176, "min": -0.038681730628, "dvar2": 1.44090855122, "dvar": 0.549101650715, "dmean": 0.589197993279, "max": 13.0159292221, "var": 2.66555070877, "mean": 3.48872923851}, "spectral_flux": {"dmean2": 0.0278909765184, "median": 0.0394280441105, "min": 6.47479223015e-11, "dvar2": 0.00189455342479, "dvar": 0.000862081884407, "dmean": 0.01772614941, "max": 0.354480981827, "var": 0.002769552171