{"metadata": {"tags": {"mood": ["Spiritual; Uplifting"], "catalognumber": [""], "discsubtitle": [""], "genre": ["Easy Listening, Vocal, Contemporary Christian"], "asin": ["B0019C1SU4"], "album": ["Reverence"], "grouping": [""], "script": ["Latn"], "albumartistsort": ["InsideOut"], "musicbrainz_artistid": ["87639a65-4660-4c9e-a4a5-1b29c37617a1"], "musicbrainz_releasegroupid": ["7cf33c21-b142-379f-8dfc-414ef2a1239a"], "musicbrainz_recordingid": ["0936b5a3-476a-4ec3-86f0-e8dfa2cbaf2d"], "composer": [""], "artist": ["InsideOut"], "bpm": ["118"], "musicbrainz_albumid": ["9cf81201-7329-4faa-b57d-fd3ce883f2d5"], "artistsort": ["InsideOut"], "title": ["Jesus Christ the Apple Tree"], "tracknumber": ["7/14"], "musicbrainz_albumartistid": ["87639a65-4660-4c9e-a4a5-1b29c37617a1"], "language": [""], "encodedby": [""], "compilation": ["0"], "date": ["0000"], "media": ["CD"], "file_name": "07 Jesus Christ the Apple Tree.m4a", "discnumber": ["1/1"]}, "audio_properties": {"sample_rate": 44100, "downmix": "mix", "lossless": false, "analysis_sample_rate": 44100, "md5_encoded": "eba3d8981ae120da173ffae7b715d929", "equal_loudness": 0, "replay_gain": -9.39597129822, "codec": "aac", "bit_rate": 250486, "length": 156.502487183}, "version": {"extractor": "music 1.0", "essentia_build_sha": "70f2e5ece6736b2c40cc944ad0e695b16b925413", "essentia_git_sha": "v2.1_beta2", "essentia": "2.1-beta2"}}, "rhythm": {"beats_loudness_band_ratio": {"dvar2": [0.107815153897, 0.135556489229, 0.0704892724752, 0.0172830410302, 0.0150646828115, 0.243349939585], "var": [0.0992297828197, 0.0917516425252, 0.036515943706, 0.00612201355398, 0.00309304869734, 0.0556046590209], "min": [0, 0, 0, 0, 0, 0], "dmean": [0.177575081587, 0.253845870495, 0.124583080411, 0.0489831268787, 0.0316985994577, 0.156386613846], "mean": [0.330161482096, 0.42725944519, 0.140422418714, 0.0424380637705, 0.0226836558431, 0.0938905254006], "max": [0.98480027914, 0.994081437588, 0.88826662302, 0.594914853573, 0.450971335173, 0.968559861183], "dmean2": [0.305331677198, 0.449719905853, 0.218951493502, 0.0877399146557, 0.0590307340026, 0.30013012886], "median": [0.257217645645, 0.386568963528, 0.0481348410249, 0.00978984683752, 0.00570959784091, 0.00377424689941], "dvar": [0.0432846993208, 0.0534959733486, 0.0264161080122, 0.00645285891369, 0.00512077240273, 0.0851281955838]}, "bpm_histogram_first_peak_weight": {"dvar2": 0, "var": 0, "min": 0.207920789719, "dmean": 0, "mean": 0.207920789719, "max": 0.207920789719, "dmean2": 0, "median": 0.207920789719, "dvar": 0}, "bpm": 118.048126221, "beats_count": 304, "bpm_histogram_first_peak_spread": {"dvar2": 0, "var": 0, "min": 0.574324369431, "dmean": 0, "mean": 0.574324369431, "max": 0.574324369431, "dmean2": 0, "median": 0.574324369431, "dvar": 0}, "danceability": 1.01897013187, "bpm_histogram_first_peak_bpm": {"dvar2": 0, "var": 0, "min": 117, "dmean": 0, "mean": 117, "max": 117, "dmean2": 0, "median": 117, "dvar": 0}, "beats_position": [0.487619042397, 0.986848056316, 1.48607707024, 1.99691605568, 2.49614500999, 2.9837641716, 3.45977306366, 3.94739222527, 4.42340135574, 4.92263031006, 5.4334692955, 6.03718805313, 6.64090681076, 7.24462556839, 7.80190467834, 8.35918331146, 8.92807197571, 9.49696159363, 10.0658502579, 10.5650787354, 11.0643081665, 11.5519275665, 12.051156044, 12.5503854752, 13.0496139526, 13.5836734772, 14.1061220169, 14.6285715103, 15.1742401123, 15.7199087143, 16.2771873474, 16.7996368408, 17.3220863342, 17.8329238892, 18.3437633514, 18.8546028137, 19.3770523071, 19.8878898621, 20.3871192932, 20.8863487244, 21.3855781555, 21.8731975555, 22.3375968933, 22.8019943237, 23.2896137238, 23.7888431549, 24.2880725861, 24.7873020172, 25.3097496033, 25.8205890656, 26.3314285278, 26.9119262695, 27.5040359497, 28.0961437225, 28.6534233093, 29.2107028961, 29.7563705444, 30.3020401001, 30.8593196869, 31.3933773041, 31.9158267975, 32.4382743835, 32.9375038147, 33.4483451843, 33.9591827393, 34.4584121704, 34.9460296631, 35.4336509705, 35.9328804016, 36.4321098328, 36.9313354492, 37.4421768188, 37.9530143738, 38.4638557434, 38.9746932983, 39.4739227295, 39.9615402222, 40.4723815918, 40.9832191467, 41.4940567017, 42.0048980713, 42.5157356262, 43.0149650574, 43.5141944885, 44.0134239197, 44.5242614746, 45.0351028442, 45.5459403992, 46.0567779541, 46.5792274475, 47.1016769409, 47.6125144958, 48.1233558655, 48.6225852966, 49.1218147278, 49.6210403442, 50.1086616516, 50.5962791443, 51.0839004517, 51.5599098206, 52.0475273132, 52.5235366821, 52.999546051, 53.4755554199, 54.0212249756, 54.578502655, 55.0777320862, 55.5653495789, 56.06457901, 56.5638084412, 57.0746459961, 57.5854873657, 58.0382766724, 58.491065979, 58.9438552856, 59.3966445923, 59.8610420227, 60.3254394531, 60.7898406982, 61.2542381287, 61.7302474976, 62.2062568665, 62.7170982361, 63.227935791, 63.7387733459, 64.2380065918, 64.7372360229, 65.2364578247, 65.7472991943, 66.2465286255, 66.7341461182, 67.2217712402, 67.7093887329, 68.1970062256, 68.6846237183, 69.1722412109, 69.6714706421, 70.1823120117, 70.6931533813, 71.2155990601, 71.7264404297, 72.2372741699, 72.7481155396, 73.2589569092, 73.7814025879, 74.303855896, 74.8263015747, 75.3487548828, 75.8363723755, 76.3356018066, 76.8232192993, 77.310836792, 77.7984542847, 78.2976837158, 78.796913147, 79.2961425781, 79.8069839478, 80.3410415649, 80.8634872437, 81.3975524902, 81.9432220459, 82.4772796631, 82.9997253418, 83.5221786499, 84.0446243286, 84.5670700073, 85.0662994385, 85.5539245605, 86.0647583008, 86.5639877319, 87.0632171631, 87.5740585327, 88.0848999023, 88.5841217041, 89.0949630737, 89.6058044434, 90.1050338745, 90.6042633057, 91.1150970459, 91.6259384155, 92.1367797852, 92.6476211548, 93.158454895, 93.6692962646, 94.1801376343, 94.6909713745, 95.2250289917, 95.7590942383, 96.2931518555, 96.7923812866, 97.2799987793, 97.7792282104, 98.2668457031, 98.7544631958, 99.253692627, 99.7761459351, 100.298591614, 100.821044922, 101.331878662, 101.842720032, 102.353561401, 102.864395142, 103.363624573, 103.886077881, 104.396911621, 104.907752991, 105.41859436, 105.882987976, 106.347389221, 106.811790466, 107.287796021, 107.763809204, 108.239814758, 108.727432251, 109.215057373, 109.691062927, 110.155464172, 110.631469727, 111.10748291, 111.664756775, 112.222038269, 112.779319763, 113.324989319, 113.870658875, 114.416320801, 115.066482544, 115.705032349, 116.378410339, 117.05178833, 117.725166321, 118.375328064, 119.037094116, 119.698867798, 120.349021912, 121.010787964, 121.684173584, 122.369155884, 123.042533875, 123.681083679, 124.331245422, 124.876914978, 125.434196472, 125.979858398, 126.525527954, 127.082809448, 127.616867065, 128.139312744, 128.661773682, 129.195831299, 129.718276978, 130.217498779, 130.71673584, 131.204345703, 131.680358887, 132.15637207, 132.655593872, 133.166442871, 133.665664673, 134.164901733, 134.675735474, 135.186569214, 135.674194336, 136.161804199, 136.66104126, 137.171875, 137.671112061, 138.181945801, 138.669570923, 139.157180786, 139.656417847, 140.14402771, 140.620040894, 141.096054077, 141.572067261, 142.071289062, 142.663391113, 143.220672607, 143.777954102, 144.265579224, 144.753189087, 145.240814209, 145.728439331, 146.216049194, 146.692062378, 147.168075562, 147.644073486, 148.12008667, 148.596099854, 148.979232788, 149.350738525, 149.73387146, 150.209884644, 150.674285889, 151.138687134, 151.614685059, 152.090698242, 152.566711426, 153.054321289, 153.495513916, 153.936691284, 154.377868652, 154.830657959, 155.283447266, 155.724624634], "beats_loudness": {"dvar2": 0.00194275414106, "var": 0.000731215695851, "min": 0, "dmean": 0.0198921300471, "mean": 0.0265577789396, "max": 0.177721604705, "dmean2": 0.0357182249427, "median": 0.0181289054453, "dvar": 0.000642580911517}, "bpm_histogram_second_peak_weight": {"dvar2": 0, "var": 0, "min": 0.135313525796, "dmean": 0, "mean": 0.135313525796, "max": 0.135313525796, "dmean2": 0, "median": 0.135313525796, "dvar": 0}, "bpm_histogram_second_peak_spread": {"dvar2": 0, "var": 0, "min": 0.405797123909, "dmean": 0, "mean": 0.405797123909, "max": 0.405797123909, "dmean2": 0, "median": 0.405797123909, "dvar": 0}, "bpm_histogram_second_peak_bpm": {"dvar2": 0, "var": 0, "min": 123, "dmean": 0, "mean": 123, "max": 123, "dmean2": 0, "median": 123, "dvar": 0}, "onset_rate": 2.1276037693}, "lowlevel": {"spectral_energyband_high": {"dvar2": 1.31115427848e-06, "var": 2.21845493797e-06, "min": 7.01996681925e-21, "dmean": 0.00018134896527, "mean": 0.000305928784655, "max": 0.025400293991, "dmean2": 0.000223636074224, "median": 3.5142100387e-05, "dvar": 8.40194275042e-07}, "spectral_energyband_middle_low": {"dvar2": 0.000151521511725, "var": 0.000371156434994, "min": 1.66096418021e-22, "dmean": 0.00610246462747, "mean": 0.0185908190906, "max": 0.157396450639, "dmean2": 0.00829013902694, "median": 0.0132753709331, "dvar": 7.69150792621e-05}, "spectral_energy": {"dvar2": 0.000190579812624, "var": 0.000626295281108, "min": 9.90974571521e-21, "dmean": 0.00720886513591, "mean": 0.0243740025908, "max": 0.246944442391, "dmean2": 0.00976865086704, "median": 0.0173503570259, "dvar": 9.78418174782e-05}, "spectral_spread": {"dvar2": 2204255649790.0, "var": 27517813522400.0, "min": 877194.375, "dmean": 689796, "mean": 5484552.5, "max": 43003368, "dmean2": 1001674.25, "median": 4328265, "dvar": 1258942889980.0}, "spectral_energyband_low": {"dvar2": 5.09009296366e-05, "var": 0.000226567542995, "min": 1.46499674253e-23, "dmean": 0.00180976558477, "mean": 0.00550901191309, "max": 0.23583714664, "dmean2": 0.00247984193265, "median": 0.000267541472567, "dvar": 2.75846250588e-05}, "spectral_rolloff": {"dvar2": 3551221.25, "var": 9911920, "min": 21.533203125, "dmean": 399.732818604, "mean": 1368.30212402, "max": 19767.4804688, "dmean2": 670.12286377, "median": 409.130859375, "dvar": 1892046.625}, "barkbands": {"dvar2": [6.25119128017e-07, 3.71815713152e-06, 3.12132906402e-05, 3.04329641949e-05, 6.99165830156e-05, 2.1460449716e-05, 1.01733194242e-05, 7.28843679099e-06, 9.88331703411e-06, 1.53552343818e-06, 9.27084215618e-07, 2.15334875975e-06, 1.032857881e-06, 3.13636405735e-06, 6.59664465275e-08, 1.08709990343e-07, 1.477053857e-08, 1.22948264902e-08, 2.72941083068e-08, 6.62983490329e-09, 6.05122396635e-09, 4.22448280801e-08, 8.42856877625e-08, 1.3841744817e-07, 1.83604754511e-07, 1.08501456708e-08, 6.20277926244e-11], "var": [3.74554218752e-07, 3.52157912857e-05, 9.52005357249e-05, 4.88762816531e-05, 0.000121997756651, 3.76915741072e-05, 1.67448451975e-05, 1.27032299133e-05, 2.23738006753e-05, 1.80295148766e-06, 6.37286518668e-07, 1.73765272393e-06, 8.99481108263e-07, 1.97227700482e-06, 6.5189851739e-08, 6.15400210791e-08, 1.35751481167e-08, 1.33404896019e-08, 1.59610458184e-08, 4.8053778734e-09, 5.49345013923e-09, 3.06107850179e-08, 7.98041170924e-08, 1.79240032594e-07, 2.69520199936e-07, 1.76169407951e-08, 7.05122488176e-11], "min": [3.91378152553e-25, 2.95584642908e-24, 7.92353032211e-26, 7.51445232486e-25, 9.67329246544e-24, 5.93396476809e-24, 1.23855007817e-24, 5.83519583288e-24, 8.09044148139e-24, 1.12988484346e-23, 1.12234743528e-23, 2.5511528172e-23, 2.94357577658e-23, 3.49032233267e-23, 3.48476780526e-23, 6.49691200282e-23, 4.81828604735e-23, 8.76878912691e-23, 1.43194990771e-22, 1.83904542749e-22, 2.38470354485e-22, 3.00709308962e-22, 4.14163965927e-22, 5.11595507377e-22, 8.74617784901e-22, 1.234998426e-21, 1.93054927877e-21], "dmean": [6.68190186843e-05, 0.0003575469309, 0.000975220347755, 0.00176432263106, 0.00297678378411, 0.00152631255332, 0.000690224464051, 0.000610326242168, 0.000748186081182, 0.000216717642616, 0.000116647228424, 0.000198771536816, 0.000149266590597, 0.000155037414515, 4.57999449281e-05, 4.18152012571e-05, 2.66054194071e-05, 2.44328784902e-05, 1.79652597581e-05, 1.25076885524e-05, 1.02617668745e-05, 2.21941918426e-05, 3.73056718672e-05, 5.16778600286e-05, 5.98414408159e-05, 1.56321111717e-05, 1.09982613594e-06], "mean": [6.54755494907e-05, 0.00112895434722, 0.00277240690775, 0.00397724797949, 0.00739050656557, 0.00328835705295, 0.00131693156436, 0.0010933841113, 0.00145906035323, 0.000346634711605, 0.000167611433426, 0.000309777737129, 0.000235148749198, 0.000234272432863, 7.61223054724e-05, 6.53283132124e-05, 4.74359658256e-05, 4.69460755994e-05, 3.2280189771e-05, 2.13257862924e-05, 1.52913362399e-05, 3.09793722408e-05, 5.48593561689e-05, 7.89924233686e-05, 9.1581568995e-05, 2.54138521996e-05, 1.6470595483e-06], "max": [0.0246505476534, 0.126446977258, 0.207307010889, 0.0643143728375, 0.157311394811, 0.0599963255227, 0.0695331916213, 0.0786256119609, 0.0706072896719, 0.0347005836666, 0.0244488958269, 0.030831169337, 0.0303226783872, 0.0449821054935, 0.00789136812091, 0.00650544604287, 0.00218020007014, 0.00214411411434, 0.00464167259634, 0.00249479734339, 0.00210534129292, 0.00436045415699, 0.00565458228812, 0.00729325599968, 0.0105724511668, 0.00262675969861, 0.000196637556655], "dmean2": [0.000106277424493, 0.000455505971331, 0.0013895330485, 0.00250313035212, 0.00414832215756, 0.00215228321031, 0.00094072218053, 0.000843411602546, 0.00103219342418, 0.000325691944454, 0.000180450777407, 0.00030865840381, 0.000239996996243, 0.000243593589403, 7.11430766387e-05, 6.83493635734e-05, 4.26047627116e-05, 3.86741376133e-05, 2.70941472991e-05, 1.88086778508e-05, 1.43343722812e-05, 3.12759329972e-05, 5.02216462337e-05, 7.12066394044e-05, 7.70463229856e-05, 2.01414986805e-05, 1.50817209033e-06], "median": [3.5206260236e-06, 6.23445612291e-06, 8.35652463138e-06, 0.000882796477526, 0.00372028117999, 0.000976461858954, 0.000111195113277, 5.67372881051e-05, 5.79366678721e-05, 1.88415488083e-05, 1.07911027953e-05, 1.9115399482e-05, 1.42796907312e-05, 1.29642467073e-05, 7.39747019907e-06, 7.15393389328e-06, 9.89277850749e-06, 8.47821229399e-06, 8.489969332e-06, 3.63560275218e-06, 2.01425609703e-06, 3.49083165929e-06, 6.57708051222e-06, 5.48931984667e-06, 6.49748972137e-06, 2.47674825005e-06, 1.38055938237e-07], "dvar": [3.05055323224e-07, 2.88159935735e-06, 1.54473691509e-05, 1.35438822326e-05, 3.53624527634e-05, 1.04264008769e-05, 5.00617488797e-06, 3.95429651689e-06, 5.41585268365e-06, 7.01175338236e-07, 3.75923349338e-07, 8.29634871025e-07, 4.19670612928e-07, 1.20006416182e-06, 2.84866104039e-08, 3.92719314846e-08, 6.07127637053e-09, 4.93921703537e-09, 1.23552359454e-08, 3.1014568691e-09, 3.09060577131e-09, 1.98449257027e-08, 4.33718163606e-08, 7.65575549622e-08, 1.11236374778e-07, 6.92478918651e-09, 3.43364434108e-11]}, "melbands_skewness": {"dvar2": 4.07073307037, "var": 13.3610429764, "min": -2.15901780128, "dmean": 1.14317429066, "mean": 4.16890764236, "max": 22.014629364, "dmean2": 1.70262086391, "median": 3.18996763229, "dvar": 1.89568138123}, "barkbands_skewness": {"dvar2": 3.30984568596, "var": 10.8109169006, "min": -5.61346578598, "dmean": 1.02416670322, "mean": 3.53939652443, "max": 33.2753715515, "dmean2": 1.47509849072, "median": 2.86468648911, "dvar": 1.75368857384}, "erbbands": {"dvar2": [0.00139183399733, 0.329056203365, 28.7835197449, 97.7915344238, 772.320678711, 1314.6394043, 984.319702148, 2974.51904297, 1904.13049316, 1736.35144043, 2183.24829102, 3701.03491211, 3994.29077148, 1470.40966797, 1794.59411621, 1261.03662109, 2155.30981445, 2036.57177734, 3439.55102539, 101.067649841, 384.525604248, 55.0279655457, 42.0590362549, 20.0363082886, 91.776763916, 11.7888202667, 7.93132257462, 16.1788864136, 44.6199378967, 71.0604934692, 73.6991119385, 61.0042152405, 48.5064582825, 34.9050140381, 6.91216754913, 0.431261867285, 0.0309151895344, 0.000436399684986, 1.55142788572e-06, 1.71154201922e-09], "var": [0.00169759301934, 3.14939212799, 100.450439453, 270.805725098, 1230.9934082, 2295.20825195, 2207.94921875, 4369.55566406, 3309.67236328, 2480.1862793, 4503.59277344, 8428.77050781, 6812.15625, 1141.51794434, 1495.38720703, 1097.7980957, 1857.3963623, 1464.9987793, 2306.13867188, 105.528396606, 187.107955933, 56.8998451233, 44.333114624, 16.0818786621, 48.7560806274, 9.69580554962, 7.9744553566, 11.3737325668, 31.465473175, 62.2196998596, 66.0507202148, 60.9312591553, 66.9998168945, 48.7993202209, 8.83000659943, 0.696501374245, 0.0454247817397, 0.000648907967843, 2.09557924791e-06, 3.09574987867e-09], "min": [9.04973278752e-23, 8.692529249e-22, 1.77287968751e-21, 7.89895365663e-21, 1.38789032221e-20, 1.80175834791e-20, 3.98021345432e-20, 5.34942839705e-20, 1.02309924537e-19, 1.60708992105e-19, 2.39167771139e-19, 2.76298332024e-19, 6.55842866565e-19, 8.74975004949e-19, 8.39736128577e-19, 9.12079121903e-19, 1.7897826855e-18, 1.55966941429e-18, 2.37574647129e-18, 1.89163798382e-18, 4.07418504931e-18, 4.20704349058e-18, 5.54870562872e-18, 5.72641876588e-18, 6.85216567104e-18, 8.34832033219e-18, 1.02578725665e-17, 9.8778500767e-18, 1.04827929013e-17, 1.03238542825e-17, 1.08231330556e-17, 1.09647207338e-17, 9.09578968502e-18, 7.46182590663e-18, 6.30904839342e-18, 4.18675440451e-18, 2.20458005509e-18, 9.6006717796e-19, 2.47739973074e-19, 2.73950069662e-20], "dmean": [0.00487284827977, 0.109641753137, 0.900578379631, 3.25966310501, 9.1358127594, 9.86388969421, 9.63044548035, 16.3520812988, 10.5843229294, 10.1814479828, 11.8546495438, 13.6084184647, 14.4053230286, 5.62523078918, 5.90148258209, 5.44173955917, 6.18232440948, 6.64329481125, 4.94720935822, 1.94637584686, 2.25740122795, 1.6309415102, 1.44855368137, 0.72498601675, 0.982732355595, 0.531312167645, 0.390665799379, 0.459815621376, 0.702146172523, 1.04248058796, 1.0865021944, 1.01012909412, 0.969984233379, 0.799183189869, 0.347322821617, 0.10025357455, 0.0248099192977, 0.00305857416242, 0.000185037919437, 1.32395280161e-05], "mean": [0.00922537315637, 0.361936926842, 2.68401217461, 8.53698444366, 20.4228630066, 22.90782547, 25.4352684021, 32.5113296509, 21.5863704681, 19.8885822296, 22.9912033081, 27.1222343445, 26.4464092255, 9.50258731842, 9.42464160919, 9.16163539886, 10.295715332, 11.0825338364, 7.8508310318, 3.545804739, 3.62589669228, 3.14875006676, 2.84089684486, 1.4846060276, 1.7993465662, 0.961240768433, 0.579588532448, 0.672644555569, 0.979145467281, 1.47317099571, 1.58617925644, 1.45256519318, 1.48629641533, 1.21343791485, 0.517732143402, 0.159595280886, 0.039493393153, 0.00490089179948, 0.000306117319269, 3.75821800844e-05], "max": [0.851792931557, 36.0391578674, 206.033706665, 147.754226685, 544.837524414, 963.597717285, 1008.6116333, 729.389526367, 1067.30322266, 852.774597168, 1401.16760254, 2180.43798828, 1181.78503418, 1004.17047119, 1077.23950195, 661.143249512, 1313.12731934, 1021.72210693, 1624.23791504, 208.891052246, 439.849029541, 147.303817749, 124.158859253, 107.369781494, 264.442016602, 98.6205978394, 65.8216781616, 110.157943726, 149.250717163, 184.550628662, 185.281265259, 148.862487793, 155.823852539, 156.2684021, 52.8803863525, 15.8515920639, 3.65689110756, 0.602432668209, 0.0279554333538, 0.000830345321447], "dmean2": [0.00733346818015, 0.139194741845, 1.2768573761, 4.58512496948, 13.2701625824, 13.4930820465, 12.3847322464, 23.3938903809, 14.5041284561, 14.2744522095, 16.1766624451, 18.8615894318, 20.5564460754, 8.44856739044, 9.15818405151, 8.46804237366, 9.90181541443, 10.4486780167, 7.73345851898, 2.98376822472, 3.71764492989, 2.5930929184, 2.2940518856, 1.085765481, 1.51458573341, 0.79869300127, 0.542362987995, 0.647037744522, 0.981890380383, 1.45170259476, 1.49847340584, 1.44364190102, 1.27769708633, 1.04284512997, 0.457396149635, 0.129235878587, 0.0323953181505, 0.00401497120038, 0.000245891540544, 1.76007797563e-05], "median": [0.000453586137155, 0.00492813577875, 0.0647403746843, 1.88890445232, 6.80280971527, 8.34047317505, 8.53742408752, 7.75999116898, 4.61282587051, 2.51332569122, 1.67672932148, 1.5042386055, 1.41327047348, 0.853033781052, 0.764727830887, 0.785848677158, 0.783619999886, 0.823368430138, 0.684670984745, 0.444837391376, 0.454303205013, 0.671605467796, 0.556332528591, 0.369413882494, 0.459027558565, 0.17095041275, 0.0660824403167, 0.0965217724442, 0.106086224318, 0.166875451803, 0.190597802401, 0.0994400307536, 0.108093306422, 0.0832070782781, 0.0361443050206, 0.0139147685841, 0.00373928644694, 0.000468930287752, 4.16768962168e-05, 2.52428217209e-05], "dvar": [0.00059264031006, 0.251793473959, 14.3872423172, 48.5253448486, 342.114379883, 765.65447998, 564.801269531, 1390.90710449, 972.894592285, 816.096862793, 1260.20324707, 1965.55847168, 2001.70471191, 599.141479492, 744.300537109, 477.838500977, 873.367553711, 778.326904297, 1349.50817871, 41.9575996399, 135.054046631, 23.05194664, 16.5891056061, 9.24611377716, 40.1611862183, 5.84380197525, 4.22945356369, 7.53700971603, 20.9831390381, 36.1418571472, 36.3958969116, 30.5451393127, 27.7787952423, 20.4675216675, 4.00780773163, 0.274463444948, 0.0190062858164, 0.000278758496279, 9.08619256279e-07, 1.04080155605e-09]}, "silence_rate_30dB": {"dvar2": 0.0129161877558, "var": 0.0123046012595, "min": 0, "dmean": 0.00593471806496, "mean": 0.987538933754, "max": 1, "dmean2": 0.0118711972609, "median": 1, "dvar": 0.00589902000502}, "melbands_spread": {"dvar2": 675.213439941, "var": 1231.43395996, "min": 0.252678155899, "dmean": 6.21852684021, "mean": 15.410618782, "max": 278.464263916, "dmean2": 9.15009117126, "median": 5.12072563171, "dvar": 379.734985352}, "melbands_crest": {"dvar2": 20.7185878754, "var": 50.7068099976, "min": 1.57490003109, "dmean": 2.90242481232, "mean": 18.4451351166, "max": 37.2900009155, "dmean2": 4.49921226501, "median": 17.8670139313, "dvar": 8.59972190857}, "zerocrossingrate": {"dvar2": 0.000493531581014, "var": 0.00734033621848, "min": 0.00390625, "dmean": 0.0117571456358, "mean": 0.050963204354, "max": 0.53662109375, "dmean2": 0.0123766511679, "median": 0.025390625, "dvar": 0.000606656481978}, "barkbands_kurtosis": {"dvar2": 2981.52075195, "var": 4434.55419922, "min": -1.93630242348, "dmean": 15.2154560089, "mean": 35.871887207, "max": 1371.44140625, "dmean2": 22.4588031769, "median": 14.2865390778, "dvar": 1504.99316406}, "spectral_flux": {"dvar2": 0.00116177042946, "var": 0.00131420837715, "min": 6.39023903237e-11, "dmean": 0.017630033195, "mean": 0.0508947260678, "max": 0.275257200003, "dmean2": 0.0293685402721, "median": 0.0461759418249, "dvar": 0.000436805654317}, "barkbands_crest": {"dvar2": 13.7373790741, "var": 28.9660758972, "min": 2.52177596092, "dmean": 2.38607549667, "mean": 13.9939041138, "max": 26.9489498138, "dmean2": 3.71459674835, "median": 13.1710500717, "dvar": 5.87450551987}, "barkbands_flatness_db": {"dvar2": 0.00147465686314, "var": 0.00954089313745, "min": 0.0198646467179, "dmean": 0.0268192533404, "mean": 0.252588421106, "max": 0.533593773842, "dmean2": 0.0373531356454, "median": 0.243301570415, "dvar": 0.000762476993259}, "spectral_entropy": {"dvar2": 0.147477790713, "var": 1.12509083748, "min": 3.49313163757, "dmean": 0.252954244614, "mean": 6.49502038956, "max": 9.82756328583, "dmean2": 0.337691396475, "median": 6.49043607712, "dvar": 0.0902739539742}, "pitch_salience": {"dvar2": 0.0122617119923, "var": 0.0314585790038, "min": 0.0285513494164, "dmean": 0.073826238513, "mean": 0.465812891722, "max": 0.878637731075, "dmean2": 0.112443178892, "median": 0.494331240654, "dvar": 0.00542835844681}, "erbbands_spread": {"dvar2": 425.875915527, "var": 504.138153076, "min": 1.01257455349, "dmean": 8.5143699646, "mean": 25.9671211243, "max": 157.71975708, "dmean2": 12.7762422562, "median": 19.8244113922, "dvar": 202.099578857}, "dynamic_complexity": 5.82749938965, "spectral_contrast_valleys": {"dvar2": [0.4280128479, 0.261486828327, 0.208393901587, 0.155669540167, 0.150648027658, 0.161513030529], "var": [7.6418838501, 9.03792953491, 8.18071174622, 7.76350879669, 7.27278327942, 6.72462368011], "min": [-28.4911231995, -27.9675807953, -27.8406028748, -27.6615600586, -27.589099884, -27.380903244], "dmean": [0.474934697151, 0.358937889338, 0.307949542999, 0.258093863726, 0.219223156571, 0.214240267873], "mean": [-9.74175739288, -8.60547161102, -9.47812271118, -9.82217025757, -9.82777690887, -11.3502435684], "max": [-5.75823163986, -5.04216718674, -5.79393625259, -6.81666994095, -6.11759710312, -7.17836952209], "dmean2": [0.765629649162, 0.566056966782, 0.489960730076, 0.39740857482, 0.320580452681, 0.28296110034], "median": [-9.49596595764, -8.13635063171, -8.96967220306, -9.27973461151, -9.33607959747, -10.8210296631], "dvar": [0.179132938385, 0.124964773655, 0.100355498493, 0.0795704200864, 0.0855121538043, 0.112497635186]}, "hfc": {"dvar2": 124.166267395, "var": 251.100021362, "min": 1.06819080133e-16, "dmean": 3.78642511368, "mean": 11.045044899, "max": 217.697875977, "dmean2": 5.01232862473, "median": 6.68438434601, "dvar": 73.4061050415}, "spectral_kurtosis": {"dvar2": 55.4820785522, "var": 138.070678711, "min": -1.46118414402, "dmean": 3.12022638321, "mean": 11.5119104385, "max": 100.448661804, "dmean2": 4.99017381668, "median": 8.51472091675, "dvar": 21.1362361908}, "mfcc": {"mean": [-783.934204102, 125.452316284, 26.2530078888, 6.57138156891, 9.56712627411, -14.5049772263, -15.5828380585, -7.80466365814, -21.6629886627, -13.0288448334, -7.62412452698, -14.2769269943, -6.76502418518], "cov": [[15275.8798828, 2597.71948242, -984.975891113, -1193.52954102, -688.917236328, -824.801330566, -302.06741333, -141.006668091, -500.549591064, 358.181304932, 441.928527832, -261.640533447, -243.504653931], [2597.71948242, 3454.12524414, 180.578857422, -112.934951782, 170.866790771, -127.151855469, 289.87789917, 235.926208496, -363.182739258, -44.1736450195, 96.883644104, -147.111633301, -66.3473968506], [-984.975891113, 180.578857422, 1067.98120117, 491.076812744, 370.995758057, 290.941131592, 124.627586365, 80.7364349365, 16.5461444855, -133.005706787, -113.23890686, 33.6093597412, 32.9661903381], [-1193.52954102, -112.934951782, 491.076812744, 795.637329102, 513.440734863, 140.260269165, -88.2593994141, 12.0925178528, 79.7040328979, -115.105155945, -228.190429688, -26.172082901, 50.585811615], [-688.917236328, 170.866790771, 370.995758057, 513.440734863, 661.095153809, 216.809829712, -66.1441802979, 19.9055957794, 75.9651947021, -18.5018367767, -124.731033325, -20.4857196808, 53.0593528748], [-824.801330566, -127.151855469, 290.941131592, 140.260269165, 216.809829712, 381.066650391, 180.707077026, 34.9195556641, 58.4126663208, 49.4750518799, 41.6765441895, 59.6234207153, 12.4948225021], [-302.06741333, 289.87789917, 124.627586365, -88.2593994141, -66.1441802979, 180.707077026, 437.641906738, 173.986419678, -10.6028699875, 86.601600647, 127.772377014, 70.7461395264, -0.637496888638], [-141.006668091, 235.926208496, 80.7364349365, 12.0925178528, 19.9055957794, 34.9195556641, 173.986419678, 224.896759033, 31.7354335785, 12.6653232574, 49.1170349121, 27.6651954651, 32.5729293823], [-500.549591064, -363.182739258, 16.5461444855, 79.7040328979, 75.9651947021, 58.4126663208, -10.6028699875, 31.7354335785, 205.478622437, 68.5076522827, -6.51892614365, 48.6867828369, 37.5418167114], [358.181304932, -44.1736450195, -133.005706787, -115.105155945, -18.5018367767, 49.4750518799, 86.601600647, 12.6653232574, 68.5076522827, 230.122665405, 124.467903137, 40.0352897644, -13.1063661575], [441.928527832, 96.883644104, -113.23890686, -228.190429688, -124.731033325, 41.6765441895, 127.772377014, 49.1170349121, -6.51892614365, 124.467903137, 227.71043396, 71.7227401733, -1.6211771965], [-261.640533447, -147.111633301, 33.6093597412, -26.172082901, -20.4857196808, 59.6234207153, 70.7461395264, 27.6651954651, 48.6867828369, 40.0352897644, 71.7227401733, 158.607192993, 76.7868804932], [-243.504653931, -66.3473968506, 32.9661903381, 50.585811615, 53.0593528748, 12.4948225021, -0.637496888638, 32.5729293823, 37.5418167114, -13.1063661575, -1.6211771965, 76.7868804932, 164.890289307]], "icov": [[0.000106672858237, -7.02113757143e-05, -3.12469455821e-05, 6.99624069966e-05, 2.70507116511e-05, 0.000122570374515, 0.000163924400113, 9.20737329579e-06, 0.000128487256006, -0.00023825954122, -0.000115676586574, 8.08983531897e-05, 7.88378019934e-06], [-7.02113757143e-05, 0.00058008893393, -0.00012283565593, 0.000237074913457, -0.000679003016558, 0.000569405616261, -0.000562822096981, -0.000331292132614, 0.000759788847063, 0.000135860856972, -0.000167637437698, 0.000293141958537, 1.98201432795e-05], [-3.12469455821e-05, -0.00012283565593, 0.0018277062336, -0.000868136936333, 2.27105156227e-05, -0.00112793501467, -0.000246295734541, -0.000199519083253, -1.90682585526e-05, 0.00102235365193, 0.000183369033039, -0.000599177728873, 0.000288409995846], [6.99624069966e-05, 0.000237074913457, -0.000868136936333, 0.00394424702972, -0.00248049455695, 0.000812032667454, -0.000255356775597, -0.000218391258386, -0.000123526042444, 0.000175468754605, 0.00194636476226, -0.000246793322731, 0.000117186027637], [2.70507116511e-05, -0.000679003016558, 2.27105156227e-05, -0.00248049455695, 0.00515133142471, -0.00314472871833, 0.00241243839264, -0.000913378084078, -0.000326915702317, -0.001596875838, 0.000653802475426, 0.000650121073704, -0.00105521793012], [0.000122570374515, 0.000569405616261, -0.00112793501467, 0.000812032667454, -0.00314472871833, 0.00721849547699, -0.00367990136147, 0.00224760058336, -0.000613964628428, 0.000380891055102, -0.00187579111662, -0.000116519127914, 0.000599099032115], [0.000163924400113, -0.000562822096981, -0.000246295734541, -0.000255356775597, 0.00241243839264, -0.00367990136147, 0.00708405021578, -0.00443857163191, 0.00179389398545, -0.00255354680121, 0.000368526030798, -0.0012613798026, 0.000529583485331], [9.20737329579e-06, -0.000331292132614, -0.000199519083253, -0.000218391258386, -0.000913378084078, 0.00224760058336, -0.00443857163191, 0.00891255680472, -0.00322660896927, 0.00219233194366, -0.00224918639287, 0.00130189955235, -0.00138649810106], [0.000128487256006, 0.000759788847063, -1.90682585526e-05, -0.000123526042444, -0.000326915702317, -0.000613964628428, 0.00179389398545, -0.00322660896927, 0.00934083294123, -0.00407119747251, 0.0019521121867, -0.00172919139732, -0.000292624696158], [-0.00023825954122, 0.000135860856972, 0.00102235365193, 0.000175468754605, -0.001596875838, 0.000380891055102, -0.00255354680121, 0.00219233194366, -0.00407119747251, 0.00962921604514, -0.00434381747618, 0.000239874469116, 0.00102450989652], [-0.000115676586574, -0.000167637437698, 0.000183369033039, 0.00194636476226, 0.000653802475426, -0.00187579111662, 0.000368526030798, -0.00224918639287, 0.0019521121867, -0.00434381747618, 0.0114243421704, -0.00406428612769, 0.000720713171177], [8.08983531897e-05, 0.000293141958537, -0.000599177728873, -0.000246793322731, 0.000650121073704, -0.000116519127914, -0.0012613798026, 0.00130189955235, -0.00172919139732, 0.000239874469116, -0.00406428612769, 0.012138357386, -0.005309344735], [7.88378019934e-06, 1.98201432795e-05, 0.000288409995846, 0.000117186027637, -0.00105521793012, 0.000599099032115, 0.000529583485331, -0.00138649810106, -0.000292624696158, 0.00102450989652, 0.000720713171177, -0.005309344735, 0.00918836519122]]}, "silence_rate_20dB": {"dvar2": 0, "var": 0, "min": 1, "dmean": 0, "mean": 1, "max": 1, "dmean2": 0, "median": 1, "dvar": 0}, "melbands_kurtosis": {"dvar2": 4035.65478516, "var": 10418.3808594, "min": -1.94440960884, "dmean": 23.2378959656, "mean": 56.3312110901, "max": 849.321716309, "dmean2": 35.0850524902, "median": 21.074306488, "dvar": 1895.16271973}, "barkbands_spread": {"dvar2": 218.000350952, "var": 247.374465942, "min": 0.0903671532869, "dmean": 4.40688085556, "mean": 10.282169342, "max": 125.106124878, "dmean2": 6.6018447876, "median": 5.13719320297, "dvar": 105.194725037}, "erbbands_skewness": {"dvar2": 0.964522778988, "var": 3.65526032448, "min": -5.39671325684, "dmean": 0.637693285942, "mean": 1.80064690113, "max": 12.7074766159, "dmean2": 0.919412016869, "median": 1.47856581211, "dvar": 0.521681368351}, "average_loudness": 0.491677820683, "spectral_centroid": {"dvar2": 286511.8125, "var": 2447950.25, "min": 123.372894287, "dmean": 168.257858276, "mean": 834.46484375, "max": 11762.2753906, "dmean2": 234.796203613, "median": 432.247650146, "dvar": 186592.15625}, "dissonance": {"dvar2": 0.00195411383174, "var": 0.00352426152676, "min": 0.152344062924, "dmean": 0.030437329784, "mean": 0.401764631271, "max": 0.500000059605, "dmean2": 0.0492479577661, "median": 0.408182859421, "dvar": 0.000772715371568}, "erbbands_flatness_db": {"dvar2": 0.000883672211785, "var": 0.00430936273187, "min": 0.0398419350386, "dmean": 0.0204516127706, "mean": 0.225095406175, "max": 0.428027927876, "dmean2": 0.0285467933863, "median": 0.222881004214, "dvar": 0.000466330326162}, "spectral_strongpeak": {"dvar2": 1.0816539526, "var": 1.04638111591, "min": 0, "dmean": 0.383023172617, "mean": 0.982697188854, "max": 12.8221731186, "dmean2": 0.596068143845, "median": 0.73538005352, "dvar": 0.437592089176}, "spectral_rms": {"dvar2": 1.11237147848e-06, "var": 6.50452875561e-06, "min": 3.10934806548e-12, "dmean": 0.000696651230101, "mean": 0.00415631057695, "max": 0.015521642752, "dmean2": 0.000918340228964, "median": 0.00411426508799, "dvar": 6.06714877449e-07}, "silence_rate_60dB": {"dvar2": 0.0869772806764, "var": 0.153360873461, "min": 0, "dmean": 0.04124629125, "mean": 0.189141079783, "max": 1, "dmean2": 0.0825048238039, "median": 0, "dvar": 0.0395413190126}, "melbands": {"dvar2": [1.67847900912e-07, 4.05702894568e-06, 4.69370979772e-06, 3.61594470633e-06, 1.44757609633e-06, 1.18891455259e-06, 4.13447963865e-07, 2.50603505947e-07, 1.16843821729e-07, 2.09490778502e-07, 1.05561831276e-07, 2.53248817472e-08, 1.21695027389e-08, 3.85786655954e-08, 3.2453990606e-09, 1.76782446459e-08, 1.07999689192e-08, 2.01681817913e-08, 5.31723387542e-10, 3.5980032842e-10, 5.12284159537e-10, 7.54454623775e-11, 5.35394437118e-11, 2.32928138583e-11, 1.39608723887e-11, 6.34402461119e-11, 2.74587470817e-11, 3.69472898457e-12, 3.7245085488e-12, 4.06916210796e-12, 6.33170859493e-12, 1.31387817293e-11, 2.55347531314e-11, 2.49148549014e-11, 2.93413592034e-11, 2.62748659635e-11, 2.65842521607e-11, 2.05044627111e-11, 5.04382403899e-11, 2.19957559111e-11], "var": [9.25570134314e-07, 1.70130933839e-05, 9.75957937044e-06, 6.10211009189e-06, 2.93550306196e-06, 1.82654582659e-06, 7.06818013896e-07, 3.91975163438e-07, 2.42238712644e-07, 4.69935969249e-07, 1.79256815613e-07, 2.13648920777e-08, 1.01467358959e-08, 2.97206401711e-08, 3.65231778154e-09, 1.44846223904e-08, 6.94012181057e-09, 1.30306645474e-08, 4.14880380051e-10, 2.69321065449e-10, 2.40128972262e-10, 6.93325119538e-11, 5.16302972597e-11, 2.81526104512e-11, 9.76684705334e-12, 3.50651799264e-11, 1.41689186425e-11, 3.18820404105e-12, 3.13637635828e-12, 3.441462176e-12, 4.04955669692e-12, 8.49439008715e-12, 1.71011989292e-11, 2.08953323394e-11, 2.26263435071e-11, 2.34729128495e-11, 2.3665670118e-11, 2.42761782898e-11, 6.20344609015e-11, 2.6921366178e-11], "min": [1.12980422187e-24, 1.34609124525e-24, 1.5191432676e-24, 8.54653778261e-25, 1.3174972068e-24, 1.2625083755e-24, 1.40354290029e-24, 1.62450145934e-24, 2.0307204521e-24, 1.24850747494e-24, 3.11507465014e-24, 2.84759262477e-24, 1.97469476175e-24, 2.77381283089e-24, 1.65874689731e-24, 3.72964009101e-24, 2.2928252071e-24, 3.41866954445e-24, 2.13243913545e-24, 3.21098041469e-24, 3.83416337209e-24, 2.55514315176e-24, 4.0532032242e-24, 4.19303394724e-24, 4.52103560632e-24, 4.12820614691e-24, 4.28329659531e-24, 4.82734714037e-24, 5.54267358745e-24, 4.90431945434e-24, 4.08669668051e-24, 5.4004699708e-24, 4.57198931548e-24, 4.63840864268e-24, 5.67380633016e-24, 5.35579401672e-24, 6.13373117056e-24, 5.2350383448e-24, 6.16853413598e-24, 5.92399080523e-24], "dmean": [6.97421637597e-05, 0.000358462479198, 0.00077194115147, 0.000651528360322, 0.000374621798983, 0.000335761287715, 0.000163461794727, 0.000125205027871, 8.68042843649e-05, 0.000103432161268, 7.37434747862e-05, 2.43830490945e-05, 1.59645060194e-05, 2.55853319686e-05, 8.88321210368e-06, 1.83900046977e-05, 1.23508507386e-05, 1.03570064311e-05, 3.77790320272e-06, 2.54131373367e-06, 2.52434074355e-06, 1.77699041615e-06, 1.63129027442e-06, 1.07834830487e-06, 5.79857612593e-07, 7.61099386182e-07, 6.69853420732e-07, 3.08665420334e-07, 2.52663966194e-07, 2.52328987926e-07, 2.78586952618e-07, 3.78568046244e-07, 5.29044712039e-07, 6.20598257228e-07, 6.43534917799e-07, 6.55105566238e-07, 6.25986046998e-07, 6.05646903296e-07, 9.10147377908e-07, 6.16490524408e-07], "mean": [0.000190665872651, 0.00110495823901, 0.00192687637173, 0.00151185621507, 0.000965583021753, 0.000681025383528, 0.000331503484631, 0.000238458931562, 0.000167105681612, 0.000199415037059, 0.000132811284857, 3.93001064367e-05, 2.51246892731e-05, 3.8964459236e-05, 1.45003241414e-05, 2.85128444375e-05, 1.96393193619e-05, 1.52393085955e-05, 5.97916232437e-06, 4.16138755099e-06, 3.820641723e-06, 3.11543726639e-06, 2.97480596601e-06, 2.03021977541e-06, 1.06091158614e-06, 1.32909315198e-06, 1.15034026749e-06, 5.13422946824e-07, 3.46580208088e-07, 3.50597218812e-07, 3.97036416189e-07, 5.00489647948e-07, 7.02481600001e-07, 8.6138277311e-07, 9.02624606169e-07, 9.24171160932e-07, 8.59215106175e-07, 9.03507157091e-07, 1.31208275889e-06, 9.11290442218e-07], "max": [0.0209675263613, 0.0745352804661, 0.0329937711358, 0.0381553322077, 0.0312310606241, 0.014438428916, 0.0138663388789, 0.0116759957746, 0.0091638378799, 0.0141675742343, 0.00601115357131, 0.00379980332218, 0.00331177702174, 0.0038895541802, 0.00233996030875, 0.00416245637462, 0.00268077664077, 0.00388516928069, 0.000628604728263, 0.000398383825086, 0.000507770397235, 0.000201490373001, 0.000149710947881, 0.000142304226756, 9.15977652767e-05, 0.000231466168771, 0.000154604160343, 5.81168205827e-05, 4.18989184254e-05, 5.11993966938e-05, 6.42110608169e-05, 7.06187347532e-05, 0.00011311716662, 0.000115554350486, 0.00012552755652, 0.000133606779855, 7.57748493925e-05, 9.46448853938e-05, 0.000187583020306, 0.000104232996819], "dmean2": [9.45309511735e-05, 0.00049638422206, 0.00109292927664, 0.000931435031816, 0.000485226657474, 0.000478268921142, 0.000223043767619, 0.000174356813659, 0.000119132360851, 0.000143753219163, 0.000105279737909, 3.65745763702e-05, 2.45093415288e-05, 3.9550333895e-05, 1.41558839459e-05, 2.95671379718e-05, 1.93851774384e-05, 1.63749518833e-05, 5.90117269894e-06, 4.04656930186e-06, 4.19634670834e-06, 2.84425868813e-06, 2.62542880591e-06, 1.71252588643e-06, 8.80939694525e-07, 1.16629803415e-06, 1.03600382317e-06, 4.70099308814e-07, 3.61798043969e-07, 3.56405990942e-07, 3.9766558757e-07, 5.41672591226e-07, 7.76420392867e-07, 8.7024699269e-07, 9.07007233764e-07, 9.31599799969e-07, 9.19814112876e-07, 8.21310209176e-07, 1.23077018088e-06, 8.21190099032e-07], "median": [2.2612491648e-06, 5.35558410775e-06, 0.00058624567464, 0.000660191988572, 0.000349019886926, 0.000165950375958, 6.91540917614e-05, 2.17505858018e-05, 7.48805405237e-06, 7.8953726188e-06, 6.22393872618e-06, 2.45113051278e-06, 2.0354470962e-06, 2.06954155146e-06, 1.27253190385e-06, 1.55684415404e-06, 1.17412014333e-06, 9.09370839963e-07, 5.85144505294e-07, 4.41281883923e-07, 4.62123324496e-07, 6.13739302935e-07, 5.99026748205e-07, 3.56995315087e-07, 2.46612074761e-07, 3.42984634472e-07, 2.32282587831e-07, 6.45684679057e-08, 3.05655412092e-08, 3.74584026019e-08, 5.59723183358e-08, 5.13793807499e-08, 7.10810823534e-08, 9.39489410712e-08, 1.06053001048e-07, 8.79391635067e-08, 4.08879152758e-08, 6.49639133599e-08, 8.02041952852e-08, 6.47903988238e-08], "dvar": [1.03540095608e-07, 2.13689190787e-06, 2.19678327085e-06, 1.79905146069e-06, 8.1658754425e-07, 5.61151750844e-07, 2.07057652801e-07, 1.24218431097e-07, 6.63028956183e-08, 1.12565714971e-07, 5.32063246794e-08, 1.06229487429e-08, 5.1292867731e-09, 1.46853329497e-08, 1.54537327379e-09, 7.1142185476e-09, 4.07203870623e-09, 7.86503928651e-09, 2.20550730456e-10, 1.37031719305e-10, 1.80560233431e-10, 3.12448192319e-11, 2.0775558357e-11, 9.96100077422e-12, 6.26787987831e-12, 2.85062997513e-11, 1.15781195395e-11, 1.87219857672e-12, 1.82655930311e-12, 2.02309154672e-12, 2.8396239353e-12, 5.95289702948e-12, 1.17874468866e-11, 1.2516369885e-11, 1.38940629835e-11, 1.2589513633e-11, 1.28490490817e-11, 1.0989484496e-11, 2.74252478366e-11,