{"tonal": {"thpcp": [1, 0.735235333443, 0.262658953667, 0.172249689698, 0.202185571194, 0.437678277493, 0.5707077384, 0.34689694643, 0.24034358561, 0.285983324051, 0.232867613435, 0.186498984694, 0.17365296185, 0.176122575998, 0.366966277361, 0.517945110798, 0.32338732481, 0.142016083002, 0.130946293473, 0.164469346404, 0.306850463152, 0.374402195215, 0.262574315071, 0.1869982481, 0.171256437898, 0.225459113717, 0.274870872498, 0.231752455235, 0.264982908964, 0.595758080482, 0.927458822727, 0.66546434164, 0.278829842806, 0.188427507877, 0.214337319136, 0.571516752243], "hpcp": {"dmean2": [0.14629176259, 0.158028751612, 0.19538423419, 0.206702396274, 0.176820978522, 0.134331449866, 0.135322540998, 0.134558141232, 0.137507289648, 0.138096630573, 0.140050932765, 0.168554678559, 0.186154767871, 0.160520851612, 0.120005987585, 0.11166216433, 0.12625823915, 0.147941365838, 0.160353317857, 0.15813793242, 0.141012072563, 0.135485947132, 0.156138166785, 0.169057711959, 0.150211855769, 0.183449298143, 0.248375236988, 0.239728018641, 0.258278280497, 0.216260418296, 0.159286603332, 0.171286940575, 0.262298375368, 0.248896434903, 0.285008579493, 0.201149687171], "median": [0.00933933351189, 0.0136319817975, 0.0483539775014, 0.0616740249097, 0.0379122830927, 0.0213106833398, 0.0211443342268, 0.0183463040739, 0.0159519966692, 0.0144510827959, 0.0123755829409, 0.0404526181519, 0.0562233962119, 0.0370424613357, 0.0101618822664, 0.00859117694199, 0.0119564216584, 0.0265590939671, 0.0373291485012, 0.0282811243087, 0.0115228388458, 0.00816427730024, 0.0103343091905, 0.0188285410404, 0.0209592916071, 0.024717759341, 0.0712989717722, 0.0988040044904, 0.0588421933353, 0.0160935427994, 0.00858191028237, 0.0144588826224, 0.0653615444899, 0.105888128281, 0.0804539173841, 0.0216319095343], "min": [0, 0, 0, 0, 0, 0, 0, 0, 0, 0, 0, 0, 0, 0, 0, 0, 0, 0, 0, 0, 0, 0, 0, 0, 0, 0, 0, 0, 0, 0, 0, 0, 0, 0, 0, 0], "dvar2": [0.0840278789401, 0.0863296091557, 0.0870295464993, 0.0996514558792, 0.0812137424946, 0.0619813874364, 0.0710803046823, 0.0609026029706, 0.0685866847634, 0.0821655243635, 0.0783459022641, 0.0783842206001, 0.0856117755175, 0.0784579962492, 0.0723902061582, 0.0655547752976, 0.0709543079138, 0.0703250020742, 0.0741977617145, 0.0754862502217, 0.0833884701133, 0.0787730813026, 0.0843927934766, 0.0974184796214, 0.0783760175109, 0.0944703072309, 0.114573903382, 0.117053031921, 0.121056944132, 0.126103043556, 0.0955807566643, 0.0842885300517, 0.133217290044, 0.131619006395, 0.140216946602, 0.10950858891], "dvar": [0.0308646466583, 0.0312093161047, 0.033287666738, 0.0396332666278, 0.0300676543266, 0.0225679092109, 0.0263444352895, 0.0227377898991, 0.0250187348574, 0.0294323787093, 0.028077814728, 0.0291406493634, 0.0339479893446, 0.0277923978865, 0.0252758022398, 0.0236076563597, 0.025321893394, 0.0280860699713, 0.0303847547621, 0.0281729288399, 0.0308729503304, 0.0289177000523, 0.0314699299634, 0.0370082147419, 0.0283920578659, 0.035023085773, 0.0436123944819, 0.0515451580286, 0.0456282049417, 0.0464226417243, 0.0359071828425, 0.0317142643034, 0.0474045686424, 0.0567741505802, 0.0536779277027, 0.0401381105185], "dmean": [0.0797063335776, 0.0876528099179, 0.113428473473, 0.11897098273, 0.101705506444, 0.0755550637841, 0.076061271131, 0.0755541920662, 0.0767024457455, 0.0756226032972, 0.077596321702, 0.0970003604889, 0.109247528017, 0.0920527279377, 0.0655043870211, 0.0609588846564, 0.0698466449976, 0.0857045724988, 0.0944391638041, 0.0898236632347, 0.0780804678798, 0.0741936787963, 0.0855758711696, 0.0934166461229, 0.0834227204323, 0.103271812201, 0.145197674632, 0.141019776464, 0.149490371346, 0.119118086994, 0.0868332907557, 0.0950824692845, 0.14852514863, 0.144225478172, 0.165066704154, 0.111491940916], "max": [1, 1, 1, 1, 1, 1, 1, 1, 1, 1, 1, 1, 1, 1, 1, 1, 1, 1, 1, 1, 1, 1, 1, 1, 1, 1, 1, 1, 1, 1, 1, 1, 1, 1, 1, 1], "var": [0.0237437207252, 0.0248010661453, 0.0548608824611, 0.0885596349835, 0.038700606674, 0.0283387806267, 0.047111093998, 0.0282949022949, 0.0202827192843, 0.0211015772074, 0.0220988616347, 0.0436156243086, 0.07429510355, 0.0343626365066, 0.0177405308932, 0.01704021357, 0.0199968665838, 0.0430818013847, 0.052566036582, 0.0280276797712, 0.0272151771933, 0.0246322341263, 0.0301998723298, 0.0387704186141, 0.0238300152123, 0.0306950490922, 0.0745391175151, 0.154508307576, 0.0952630490065, 0.0407347939909, 0.0291885770857, 0.0256568975747, 0.0704985260963, 0.167497381568, 0.103498615324, 0.0325105562806], "mean": [0.0612935163081, 0.0719459280372, 0.155743911862, 0.203081250191, 0.123440183699, 0.0855241194367, 0.1017646119, 0.0828638598323, 0.0663639977574, 0.0617928542197, 0.0626716464758, 0.13058167696, 0.184306144714, 0.115074492991, 0.0505351535976, 0.0465960688889, 0.0585249476135, 0.109189994633, 0.133227676153, 0.0934347212315, 0.0665416568518, 0.0609400719404, 0.0802276134491, 0.0978103503585, 0.0824670419097, 0.0942917987704, 0.211995199323, 0.330027937889, 0.236799538136, 0.0992191061378, 0.0670502483845, 0.0762700214982, 0.203369140625, 0.355841070414, 0.261626929045, 0.0934648439288]}, "tuning_equal_tempered_deviation": 0.0273297280073, "chords_changes_rate": 0.0358762070537, "key_key": "F#", "tuning_diatonic_strength": 0.612532019615, "key_scale": "major", "chords_number_rate": 0.00197122013196, "tuning_frequency": 445.112548828, "tuning_nontempered_energy_ratio": 0.67876714468, "chords_histogram": [43.1894340515, 2.2471909523, 4.11985015869, 0.295683026314, 3.01596689224, 0, 0.019712202251, 0.0985610112548, 0.473092854023, 0, 0, 0.551941633224, 0.413956224918, 0.019712202251, 0, 0.354819625616, 0.0788488090038, 1.81352257729, 1.61640059948, 2.95683026314, 0.689927041531, 28.0504627228, 3.48905968666, 6.50502681732], "key_strength": 0.659761726856, "chords_key": "F#", "chords_strength": {"dmean2": 0.00765707250684, "median": 0.58034080267, "min": 0.283594727516, "dvar2": 5.07285876665e-05, "dvar": 5.00187779835e-05, "dmean": 0.00805712677538, "max": 0.813774466515, "var": 0.0111117223278, "mean": 0.568981349468}, "chords_scale": "major", "hpcp_entropy": {"dmean2": 1.06878292561, "median": 1.93366909027, "min": 0, "dvar2": 0.790513694286, "dvar": 0.311723411083, "dmean": 0.654292821884, "max": 4.50952243805, "var": 0.655697643757, "mean": 1.94554913044}}, "metadata": {"audio_properties": {"equal_loudness": 0, "codec": "flac", "downmix": "mix", "sample_rate": 96000, "analysis_sample_rate": 44100, "bit_rate": 0, "md5_encoded": "1ab11b4b0e8f04e1e46b8689b462279d", "length": 235.496887207, "replay_gain": -7.18037414551, "lossless": true}, "version": {"essentia_build_sha": "70f2e5ece6736b2c40cc944ad0e695b16b925413", "essentia": "2.1-beta2", "extractor": "music 1.0", "essentia_git_sha": "v2.1_beta2"}, "tags": {"title": ["A Rose Is a Rose"], "barcode": ["766897399954"], "media": ["12\u2033 Vinyl"], "albumartist": ["The Ocean Blue"], "tracktotal": ["12"], "language": ["eng"], "releasetype": ["album"], "musicbrainz_recordingid": ["a87e7691-15ea-452e-8f9d-5ca510e6326d"], "musicbrainz_releasegroupid": ["3d0841ed-8241-4a36-aac0-247a32fcc4d1"], "musicbrainz_albumartistid": ["ec091c5c-cb67-47e7-a2c9-e61ec1afc17a"], "musicbrainz_releasetrackid": ["ed2e745f-8dcb-4db5-85aa-5ec0ebcc0132"], "discnumber": ["1"], "album": ["Ultramarine"], "catalognumber": ["KORDA004", "LIFE102"], "releasecountry": ["US"], "file_name": "1-07 A Rose Is a Rose.flac", "asin": ["B00CJ03YUW", "http://www.amazon.com/gp/product/B00CJ03YUW"], "date": ["2013"], "genre": ["Alternative Rock"], "musicbrainz_albumid": ["a53b7cee-974b-43c0-afe9-d785c01c6093"], "disctotal": ["1"], "musicbrainz_artistid": ["ec091c5c-cb67-47e7-a2c9-e61ec1afc17a"], "originaldate": ["2013-03-19"], "grouping": ["Rock"], "artist": ["The Ocean Blue"], "artistsort": ["Ocean Blue, The"], "tracknumber": ["7"], "label": ["Korda Records", "Shelflife Records"], "albumartistsort": ["Ocean Blue, The"], "script": ["Latn"], "releasestatus": ["official"]}}, "rhythm": {"bpm_histogram_first_peak_bpm": {"dmean2": 0, "median": 115, "min": 115, "dvar2": 0, "dvar": 0, "dmean": 0, "max": 115, "var": 0, "mean": 115}, "bpm": 114.895309448, "bpm_histogram_second_peak_spread": {"dmean2": 0, "median": 0, "min": 0, "dvar2": 0, "dvar": 0, "dmean": 0, "max": 0, "var": 0, "mean": 0}, "bpm_histogram_first_peak_weight": {"dmean2": 0, "median": 0.806236088276, "min": 0.806236088276, "dvar2": 0, "dvar": 0, "dmean": 0, "max": 0.806236088276, "var": 0, "mean": 0.806236088276}, "onset_rate": 3.8637907505, "beats_position": [0.487619042397, 0.975238084793, 1.46285712719, 1.95047616959, 2.46131515503, 2.9837641716, 3.50621318817, 4.02866220474, 4.55111122131, 5.06195020676, 5.58439922333, 6.10684776306, 6.62929677963, 7.1517457962, 7.66258478165, 8.18503379822, 8.70748329163, 9.22993183136, 9.75238037109, 10.2748298645, 10.7972784042, 11.3197278976, 11.8421764374, 12.3530158997, 12.8754644394, 13.3979139328, 13.9203624725, 14.4428119659, 14.9652605057, 15.4877090454, 15.9985485077, 16.5209980011, 17.0434455872, 17.5658950806, 18.088344574, 18.6107940674, 19.1332416534, 19.6556911469, 20.1781406403, 20.7005901337, 21.2230377197, 21.7454872131, 22.2679367065, 22.7787742615, 23.3012237549, 23.8236732483, 24.3461227417, 24.8685703278, 25.3910198212, 25.9134693146, 26.4243087769, 26.9467563629, 27.4692058563, 27.9916553497, 28.5141029358, 29.0365524292, 29.5590019226, 30.0930614471, 30.6038990021, 31.1263484955, 31.6487979889, 32.171245575, 32.6936950684, 33.2161445618, 33.7385940552, 34.2610435486, 34.783493042, 35.3059387207, 35.8283882141, 36.3392295837, 36.8732872009, 37.3841247559, 37.9065742493, 38.4290237427, 38.9398651123, 39.4507026672, 39.9847602844, 40.4956016541, 41.0180473328, 41.5404968262, 42.0629463196, 42.585395813, 43.1078453064, 43.6302947998, 44.1527442932, 44.6751937866, 45.1976394653, 45.7200889587, 46.2425384521, 46.7649879456, 47.287437439, 47.8098869324, 48.3323364258, 48.8547821045, 49.3772315979, 49.8996810913, 50.4221305847, 50.9445800781, 51.4670295715, 51.9894790649, 52.5003166199, 53.0343742371, 53.5568237305, 54.0792732239, 54.6017227173, 55.1241722107, 55.6350097656, 56.157459259, 56.6799087524, 57.2023582458, 57.7248077393, 58.2356452942, 58.7580947876, 59.280544281, 59.8029937744, 60.3254394531, 60.8478889465, 61.3703384399, 61.8927879333, 62.4152374268, 62.9376869202, 63.4601364136, 63.9825820923, 64.5050354004, 65.0158691406, 65.5499343872, 66.0723800659, 66.5948257446, 67.1056671143, 67.6397247314, 68.1505661011, 68.6730117798, 69.1954650879, 69.7295227051, 70.2403640747, 70.7628097534, 71.2852630615, 71.8193206787, 72.3301544189, 72.8642196655, 73.3750534058, 73.9091110229, 74.4199523926, 74.9424057007, 75.4648513794, 75.9872970581, 76.5097503662, 77.0205917358, 77.554649353, 78.0770950317, 78.5995483398, 79.1219940186, 79.6444396973, 80.1668930054, 80.6893386841, 81.2117919922, 81.7342376709, 82.256690979, 82.7791366577, 83.3015823364, 83.8240356445, 84.3464813232, 84.8689346313, 85.3913803101, 85.9138336182, 86.4246673584, 86.9471206665, 87.4695663452, 87.9920196533, 88.514465332, 89.0369110107, 89.5593643188, 90.0818099976, 90.6042633057, 91.1267089844, 91.6491622925, 92.1716079712, 92.6940536499, 93.2281188965, 93.7505645752, 94.2730178833, 94.7838516235, 95.2946929932, 95.8287506104, 96.3511962891, 96.8736495972, 97.3844909668, 97.918548584, 98.4409942627, 98.9634475708, 99.474281311, 99.9967346191, 100.519180298, 101.053237915, 101.564079285, 102.098136902, 102.608978271, 103.13142395, 103.653877258, 104.176322937, 104.698776245, 105.221221924, 105.743675232, 106.266120911, 106.788566589, 107.311019897, 107.833465576, 108.355918884, 108.878364563, 109.400817871, 109.92326355, 110.445709229, 110.968162537, 111.490608215, 112.013061523, 112.535507202, 113.05796051, 113.580406189, 114.102851868, 114.625305176, 115.147750854, 115.670204163, 116.192649841, 116.703491211, 117.22593689, 117.748390198, 118.270835876, 118.793289185, 119.315734863, 119.838180542, 120.372245789, 120.894691467, 121.417137146, 121.939590454, 122.462036133, 122.972877502, 123.495323181, 124.017776489, 124.540222168, 125.062675476, 125.585121155, 126.107574463, 126.630020142, 127.15246582, 127.674919128, 128.197372437, 128.719818115, 129.242263794, 129.753097534, 130.275558472, 130.79800415, 131.320449829, 131.842895508, 132.365356445, 132.887802124, 133.421859741, 133.94430542, 134.466751099, 134.977600098, 135.500045776, 136.022491455, 136.544937134, 137.067382812, 137.58984375, 138.112289429, 138.646347046, 139.157180786, 139.691238403, 140.202087402, 140.724533081, 141.24697876, 141.769424438, 142.291885376, 142.814331055, 143.336776733, 143.859222412, 144.381668091, 144.89251709, 145.426574707, 145.949020386, 146.471466064, 146.993927002, 147.516372681, 148.038818359, 148.561264038, 149.083709717, 149.606170654, 150.128616333, 150.651062012, 151.17350769, 151.695953369, 152.218414307, 152.740859985, 153.263305664, 153.785751343, 154.30821228, 154.830657959, 155.353103638, 155.875549316, 156.397994995, 156.920455933, 157.442901611, 157.96534729, 158.487792969, 159.010253906, 159.532699585, 160.055145264, 160.577590942, 161.100036621, 161.622497559, 162.144943237, 162.667388916, 163.189834595, 163.712280273, 164.234741211, 164.75718689, 165.279632568, 165.802078247, 166.324539185, 166.846984863, 167.369430542, 167.891876221, 168.414321899, 168.925170898, 169.447616577, 169.970062256, 170.492507935, 171.026565552, 171.549026489, 172.071472168, 172.593917847, 173.116363525, 173.638824463, 174.149658203, 174.672103882, 175.194549561, 175.728607178, 176.251068115, 176.773513794, 177.284347534, 177.806793213, 178.32925415, 178.863311768, 179.374145508, 179.896591187, 180.419036865, 180.941497803, 181.463943481, 181.998001099, 182.520446777, 183.042892456, 183.565353394, 184.087799072, 184.610244751, 185.13269043, 185.655151367, 186.177597046, 186.700042725, 187.222488403, 187.744934082, 188.26739502, 188.789840698, 189.312286377, 189.834732056, 190.357177734, 190.879638672, 191.402084351, 191.924530029, 192.446975708, 192.981033325, 193.503494263, 194.025939941, 194.536773682, 195.05921936, 195.581680298, 196.104125977, 196.626571655, 197.160629272, 197.671463013, 198.19392395, 198.716369629, 199.238815308, 199.761260986, 200.295318604, 200.817779541, 201.34022522, 201.862670898, 202.385116577, 202.907577515, 203.430023193, 203.952468872, 204.474914551, 204.997360229, 205.519821167, 206.053878784, 206.564712524, 207.087158203, 207.62121582, 208.143676758, 208.666122437, 209.188568115, 209.711013794, 210.233459473, 210.75592041, 211.278366089, 211.800811768, 212.323257446, 212.845703125, 213.368164062, 213.90222168, 214.41305542, 214.935501099, 215.457962036, 215.980407715, 216.502853394, 217.036911011, 217.547744751, 218.070205688, 218.592651367, 219.115097046, 219.637542725, 220.159988403, 220.682449341, 221.20489502, 221.727340698, 222.249786377, 222.772247314, 223.294692993, 223.817138672, 224.339584351, 224.862030029, 225.384490967, 225.906936646, 226.429382324, 226.951828003, 227.47428894, 227.996734619, 228.519180298, 229.041625977, 229.564071655, 230.086532593, 230.608978271, 231.13142395, 231.665481567, 232.187927246, 232.710388184, 233.244445801, 233.790115356, 234.335784912, 234.881454468], "beats_loudness": {"dmean2": 0.0260923672467, "median": 0.0510455444455, "min": 7.71221877471e-08, "dvar2": 0.000523103808518, "dvar": 0.000162022173754, "dmean": 0.0147388344631, "max": 0.0993351340294, "var": 0.000382285157684, "mean": 0.0492211095989}, "danceability": 1.11980378628, "bpm_histogram_second_peak_weight": {"dmean2": 0, "median": 0.00668151443824, "min": 0.00668151443824, "dvar2": 0, "dvar": 0, "dmean": 0, "max": 0.00668151443824, "var": 0, "mean": 0.00668151443824}, "beats_count": 450, "bpm_histogram_second_peak_bpm": {"dmean2": 0, "median": 110, "min": 110, "dvar2": 0, "dvar": 0, "dmean": 0, "max": 110, "var": 0, "mean": 110}, "bpm_histogram_first_peak_spread": {"dmean2": 0, "median": 0.182844281197, "min": 0.182844281197, "dvar2": 0, "dvar": 0, "dmean": 0, "max": 0.182844281197, "var": 0, "mean": 0.182844281197}, "beats_loudness_band_ratio": {"dmean2": [0.568555474281, 0.27898722887, 0.126597493887, 0.140535980463, 0.120609618723, 0.109706044197], "median": [0.520060479641, 0.139093101025, 0.0648909583688, 0.0876634046435, 0.0600478649139, 0.0695722252131], "min": [0.0854221060872, 0.000527834286913, 0.00062128942227, 0.00106265104841, 0.00066353334114, 0.0106767378747], "dvar2": [0.0873625651002, 0.0322118327022, 0.0123952431604, 0.0108880698681, 0.00563553301618, 0.00680598709732], "dvar": [0.0258963424712, 0.00975848827511, 0.00435073720291, 0.00370068638586, 0.00174098892603, 0.00199902779423], "dmean": [0.29152482748, 0.14447119832, 0.0713068023324, 0.0773283243179, 0.0623006671667, 0.0574356764555], "max": [0.978685200214, 0.562080085278, 0.439399003983, 0.531223118305, 0.362740397453, 0.448503613472], "var": [0.0420518107712, 0.0134026985615, 0.00603351695463, 0.00776788732037, 0.00236531766132, 0.00237007346004], "mean": [0.533185005188, 0.167381212115, 0.088322609663, 0.10870154202, 0.0661565363407, 0.0790825709701]}}, "lowlevel": {"barkbands_spread": {"dmean2": 9.75414276123, "median": 23.4532241821, "min": 1.09369492531, "dvar2": 160.740005493, "dvar": 70.5650177002, "dmean": 6.52109527588, "max": 120.493026733, "var": 244.196151733, "mean": 26.3260879517}, "melbands_spread": {"dmean2": 10.4180164337, "median": 19.3351173401, "min": 0.340888261795, "dvar2": 245.543289185, "dvar": 105.97328186, "dmean": 6.61355447769, "max": 258.881652832, "var": 317.016052246, "mean": 22.7184505463}, "hfc": {"dmean2": 11.3701972961, "median": 23.6916027069, "min": 2.71379502204e-10, "dvar2": 259.740631104, "dvar": 124.021087646, "dmean": 8.17846107483, "max": 175.716262817, "var": 423.134857178, "mean": 27.7545070648}, "barkbands_kurtosis": {"dmean2": 4.22478485107, "median": 1.93690347672, "min": -1.90564846992, "dvar2": 95.4791259766, "dvar": 54.3590660095, "dmean": 2.79266023636, "max": 323.382080078, "var": 151.712890625, "mean": 4.57389163971}, "gfcc": {"mean": [17.0627632141, 77.3106613159, -103.480644226, 38.7321586609, -49.8426704407, 24.6450767517, -36.5156707764, 8.66508102417, -32.2773399353, -1.99655604362, -17.5734043121, 2.14664196968, -13.8597602844], "icov": [[0.000187884288607, -0.000518770248163, 0.000153151660925, -0.000488741032314, 0.00061108043883, -0.000534477818292, 0.000601439562161, -0.000603725609835, 0.000852860102896, -0.000775269931182, 0.000904436805286, -0.000571320939343, 0.000590036797803], [-0.000518770248163, 0.00290266354568, -0.000710602500476, 0.00172794423997, -0.00227987207472, 0.00267174863257, -0.00226632435806, 0.0017328816466, -0.00258290558122, 0.00398616632447, -0.00493855727836, 0.00428833952174, -0.0027359186206], [0.000153151660925, -0.000710602500476, 0.00258488347754, -0.00151664600708, 0.000523540191352, -0.00111413409468, 0.000962692080066, -0.00162945513148, 0.000375679024728, -0.00316980015486, 0.00208375323564, -0.00169654120691, 0.0012515722774], [-0.000488741032314, 0.00172794423997, -0.00151664600708, 0.00512517709285, -0.00207508075982, 0.00027657445753, 5.62963432458e-05, 0.00219811988063, -0.00411340082064, 0.00527628650889, -0.00401563663036, 0.00292324298061, -0.00192777987104], [0.00061108043883, -0.00227987207472, 0.000523540191352, -0.00207508075982, 0.00678192637861, -0.00267764856108, 0.00132072297856, -0.00144764676224, 0.00282376958057, -0.00303569762036, 0.00367088383064, -0.00292598293163, 0.000592069991399], [-0.000534477818292, 0.00267174863257, -0.00111413409468, 0.00027657445753, -0.00267764856108, 0.00964154209942, -0.00690774060786, 0.00234601856209, -0.000406754232245, 0.000159157629241, -0.00205700285733, 0.00333670643158, -0.00397021928802], [0.000601439562161, -0.00226632435806, 0.000962692080066, 5.62963432458e-05, 0.00132072297856, -0.00690774060786, 0.0154791604728, -0.00768549088389, 0.000329973147018, -0.000690935063176, -0.00148724124301, -0.00104359199759, 0.00127572426572], [-0.000603725609835, 0.0017328816466, -0.00162945513148, 0.00219811988063, -0.00144764676224, 0.00234601856209, -0.00768549088389, 0.0179353747517, -0.00873094331473, 0.00177983636968, -0.000850640702993, -0.00099668931216, 0.00116620480549], [0.000852860102896, -0.00258290558122, 0.000375679024728, -0.00411340082064, 0.00282376958057, -0.000406754232245, 0.000329973147018, -0.00873094331473, 0.02140859887, -0.00991907995194, 0.00223906105384, 0.00100984866731, 0.000844717782456], [-0.000775269931182, 0.00398616632447, -0.00316980015486, 0.00527628650889, -0.00303569762036, 0.000159157629241, -0.000690935063176, 0.00177983636968, -0.00991907995194, 0.0255525186658, -0.0115010654554, 0.000959873083048, 0.00137893448118], [0.000904436805286, -0.00493855727836, 0.00208375323564, -0.00401563663036, 0.00367088383064, -0.00205700285733, -0.00148724124301, -0.000850640702993, 0.00223906105384, -0.0115010654554, 0.0233117416501, -0.00822494924068, 0.0014792032307], [-0.000571320939343, 0.00428833952174, -0.00169654120691, 0.00292324298061, -0.00292598293163, 0.00333670643158, -0.00104359199759, -0.00099668931216, 0.00100984866731, 0.000959873083048, -0.00822494924068, 0.0244823750108, -0.0103361764923], [0.000590036797803, -0.0027359186206, 0.0012515722774, -0.00192777987104, 0.000592069991399, -0.00397021928802, 0.00127572426572, 0.00116620480549, 0.000844717782456, 0.00137893448118, 0.0014792032307, -0.0103361764923, 0.0218470897526]], "cov": [[15533.5341797, 1079.76342773, 113.34551239, 554.614685059, -623.030456543, -51.9541435242, -453.462005615, -23.9365749359, -311.594543457, -114.978225708, -290.90512085, -154.757080078, -240.874786377], [1079.76342773, 1666.87255859, -229.851455688, -37.9942932129, 130.297683716, -195.550964355, 94.1108322144, -35.3526725769, 42.6735610962, -132.916610718, 167.66166687, -141.946563721, 74.950378418], [113.34551239, -229.851455688, 679.588256836, 147.976150513, 8.69125747681, 111.653877258, 23.6392345428, 96.081489563, 77.1993103027, 112.682487488, -11.580997467, 36.2335357666, -36.3449363708], [554.614685059, -37.9942932129, 147.976150513, 378.40145874, 36.6625976562, 50.8293914795, -28.9249629974, -14.4207038879, 23.4712200165, -24.4004840851, -2.00595593452, -16.6862831116, 8.752161026], [-623.030456543, 130.297683716, 8.69125747681, 36.6625976562, 250.722930908, 45.3632926941, 38.7578239441, -3.54917573929, 6.85893917084, -5.0248966217, 21.0920391083, 6.81831741333, 37.1059455872], [-51.9541435242, -195.550964355, 111.653877258, 50.8293914795, 45.3632926941, 232.061691284, 85.1229019165, 34.3516540527, 15.2233848572, 42.6876411438, 4.74316549301, 18.9425182343, 14.4992141724], [-453.462005615, 94.1108322144, 23.6392345428, -28.9249629974, 38.7578239441, 85.1229019165, 168.255584717, 69.9431610107, 52.5325279236, 27.8832206726, 53.6052589417, 1.9388679266, 14.4828548431], [-23.9365749359, -35.3526725769, 96.081489563, -14.4207038879, -3.54917573929, 34.3516540527, 69.9431610107, 121.496292114, 60.3273506165, 43.213973999, 15.3273506165, 11.2264566422, -15.5749206543], [-311.594543457, 42.6735610962, 77.1993103027, 23.4712200165, 6.85893917084, 15.2233848572, 52.5325279236, 60.3273506165, 107.90663147, 44.1137161255, 33.8881950378, -5.25947332382, -4.03863143921], [-114.978225708, -132.916610718, 112.682487488, -24.4004840851, -5.0248966217, 42.6876411438, 27.8832206726, 43.213973999, 44.1137161255, 100.48979187, 24.5362987518, 23.1860294342, -16.9295635223], [-290.90512085, 167.66166687, -11.580997467, -2.00595593452, 21.0920391083, 4.74316549301, 53.6052589417, 15.3273506165, 33.8881950378, 24.5362987518, 102.008674622, 8.36472702026, 19.8732051849], [-154.757080078, -141.946563721, 36.2335357666, -16.6862831116, 6.81831741333, 18.9425182343, 1.9388679266, 11.2264566422, -5.25947332382, 23.1860294342, 8.36472702026, 75.6720581055, 19.3756847382], [-240.874786377, 74.950378418, -36.3449363708, 8.752161026, 37.1059455872, 14.4992141724, 14.4828548431, -15.5749206543, -4.03863143921, -16.9295635223, 19.8732051849, 19.3756847382, 75.1796722412]]}, "spectral_energyband_middle_low": {"dmean2": 0.010595889762, "median": 0.0115453545004, "min": 1.15715271566e-14, "dvar2": 0.000368219334632, "dvar": 0.000133415465825, "dmean": 0.00630747713149, "max": 0.116974212229, "var": 0.000157013622811, "mean": 0.0139395818114}, "melbands_crest": {"dmean2": 4.83488035202, "median": 15.6814174652, "min": 1.42652547359, "dvar2": 23.1655673981, "dvar": 9.26708030701, "dmean": 2.98874139786, "max": 39.3744430542, "var": 35.2957382202, "mean": 16.6558666229}, "spectral_kurtosis": {"dmean2": 1.85571587086, "median": 3.14174628258, "min": -0.991595506668, "dvar2": 7.29311656952, "dvar": 3.12283086777, "dmean": 1.20315158367, "max": 59.4191818237, "var": 7.85523843765, "mean": 3.62350821495}, "spectral_rms": {"dmean2": 0.00140080356505, "median": 0.00618301518261, "min": 9.148118707e-09, "dvar2": 3.43421152138e-06, "dvar": 1.33212608944e-06, "dmean": 0.000867521041073, "max": 0.013484143652, "var": 4.69395308755e-06, "mean": 0.00584005145356}, "zerocrossingrate": {"dmean2": 0.0138231450692, "median": 0.05712890625, "min": 0.00390625, "dvar2": 0.000283605186269, "dvar": 0.000250197015703, "dmean": 0.0126771153882, "max": 0.5068359375, "var": 0.00172903575003, "mean": 0.0649853497744}, "silence_rate_60dB": {"dmean2": 0.0193255767226, "median": 0, "min": 0, "dvar2": 0.019931294024, "dvar": 0.0095667457208, "dmean": 0.00966183561832, "max": 1, "var": 0.0728158950806, "mean": 0.0790615156293}, "erbbands_kurtosis": {"dmean2": 1.08252561092, "median": -0.222709417343, "min": -1.92641973495, "dvar2": 2.60782694817, "dvar": 1.09430849552, "dmean": 0.700925469398, "max": 26.6131668091, "var": 2.77528882027, "mean": 0.207586631179}, "erbbands": {"dmean2": [0.15566252172, 2.01897454262, 6.96378087997, 10.6300373077, 21.1216049194, 17.3153171539, 14.3922119141, 15.6541967392, 17.1823348999, 13.3058509827, 13.613483429, 16.3095798492, 23.1168060303, 41.8303108215, 28.8081150055, 26.3998661041, 18.9691295624, 22.6140289307, 18.5263748169, 31.1078567505, 11.3076219559, 19.9228572845, 18.9437084198, 13.4553174973, 13.6995573044, 8.48256206512, 6.46437978745, 7.581387043, 7.34553003311, 6.52034330368, 6.32964420319, 5.03480386734, 2.95805215836, 1.81273150444, 0.973896086216, 0.606621086597, 0.209217011929, 0.0223580189049, 0.000998962088488, 4.59857365058e-05], "median": [0.0479971393943, 2.14189195633, 7.54986763, 6.10603666306, 10.5042123795, 9.71543121338, 7.0743393898, 6.49869441986, 8.13188934326, 5.60231018066, 5.35136079788, 6.76154136658, 13.2085380554, 18.1958580017, 17.4844017029, 17.9567832947, 12.6781587601, 15.5704774857, 15.6357326508, 22.3386116028, 7.90740871429, 12.7729568481, 17.5594425201, 14.8674736023, 12.9357757568, 7.86514425278, 5.5869550705, 5.28355312347, 4.81450986862, 3.55518984795, 2.92262268066, 2.41534614563, 1.47969579697, 0.827994465828, 0.361153036356, 0.164001226425, 0.0424844250083, 0.00404724758118, 0.000210193291423, 5.84332665312e-05], "min": [4.11332616189e-14, 2.29440029259e-13, 7.74231427667e-13, 1.87906959957e-12, 3.79080274115e-12, 6.74158255262e-12, 1.09549461516e-11, 1.66505264437e-11, 2.40311607419e-11, 3.32850934315e-11, 4.45880450617e-11, 5.81032028046e-11, 7.39561883956e-11, 9.22557516492e-11, 1.1303241676e-10, 1.36249914129e-10, 1.61753957451e-10, 1.89225191072e-10, 2.18124240892e-10, 2.47616122051e-10, 2.76488248963e-10, 3.03106456601e-10, 3.25343474383e-10, 3.40626526985e-10, 3.46092987602e-10, 3.38951366974e-10, 3.17080861567e-10, 2.79911066547e-10, 2.2939100619e-10, 1.70641833996e-10, 1.11717309015e-10, 6.17411677339e-11, 2.7513435974e-11, 1.01095833094e-11, 4.35365025281e-12, 2.84337137169e-12, 1.46662944376e-12, 3.3388168532e-13, 1.91483351256e-14, 3.16146407827e-15], "dvar2": [0.118533074856, 16.223865509, 167.64805603, 351.126922607, 1690.140625, 1016.1572876, 710.95690918, 1077.65820312, 1131.14916992, 1055.88464355, 920.163391113, 1246.56030273, 2192.63647461, 10332.4394531, 3547.1706543, 1756.58825684, 919.869140625, 1286.38232422, 688.502502441, 2257.81347656, 318.453826904, 920.822998047, 673.416564941, 367.823913574, 672.651306152, 311.099884033, 134.664962769, 171.123641968, 223.96043396, 265.587402344, 228.919784546, 87.0250930786, 31.7157611847, 9.76193904877, 3.08460497856, 1.36897492409, 0.173756152391, 0.00178316480014, 3.37781375492e-06, 5.13284570403e-09], "dvar": [0.0430947057903, 5.89484024048, 59.1747398376, 124.802734375, 590.805358887, 357.920715332, 269.941802979, 437.971893311, 474.893035889, 456.753387451, 413.513183594, 519.317504883, 981.523010254, 4299.28515625, 1618.73571777, 817.824829102, 393.462524414, 519.712219238, 291.466644287, 873.447509766, 126.731872559, 365.161407471, 281.701751709, 155.377090454, 285.024108887, 131.278610229, 56.1707267761, 73.3017044067, 93.3103790283, 111.902183533, 114.883850098, 46.1002349854, 14.8117733002, 4.43926286697, 1.35186207294, 0.582693040371, 0.0750612765551, 0.000808339042123, 1.55354928211e-06, 2.30237739984e-09], "dmean": [0.0914562419057, 1.18988263607, 4.1254992485, 6.09337663651, 12.154384613, 10.0778827667, 8.67147350311, 9.92656707764, 11.0674257278, 8.51218891144, 8.96397781372, 10.3606157303, 15.0794439316, 27.1665763855, 19.1781520844, 17.2692317963, 11.8847284317, 14.2013530731, 11.6388282776, 19.1577758789, 6.80410909653, 12.0849256516, 11.8023824692, 8.40948009491, 8.67827510834, 5.41524505615, 4.27086591721, 5.04069900513, 4.8568572998, 4.41835212708, 4.54602909088, 3.61298632622, 2.08187580109, 1.27707803249, 0.686484932899, 0.420228779316, 0.146480113268, 0.0160007495433, 0.000728618819267, 3.19925493386e-05], "max": [2.77789735794, 26.3976421356, 92.9159393311, 107.308120728, 274.635040283, 281.349395752, 297.039154053, 343.871887207, 433.732177734, 539.748657227, 495.669464111, 451.919189453, 742.419799805, 1448.45556641, 1094.65246582, 877.834228516, 512.30480957, 401.880371094, 462.519134521, 487.388153076, 185.189849854, 555.056030273, 241.837249756, 229.838180542, 628.741821289, 363.347198486, 302.139831543, 230.765304565, 312.955230713, 378.532867432, 264.226593018, 153.929412842, 71.9906082153, 28.5115718842, 11.7265281677, 12.5392894745, 3.92935490608, 0.277035623789, 0.0122109120712, 0.000379988807254], "var": [0.0538070686162, 5.72513914108, 94.6266555786, 119.424736023, 559.100341797, 421.227386475, 646.150878906, 966.185241699, 953.619873047, 1033.56555176, 1492.43066406, 1106.01940918, 3034.95629883, 13053.1914062, 7034.42285156, 3484.32250977, 1244.84143066, 1419.19067383, 838.896484375, 2062.47436523, 216.859817505, 815.061340332, 665.890991211, 413.578613281, 631.797973633, 282.945617676, 134.694610596, 189.958343506, 274.564453125, 315.173034668, 360.74130249, 150.996688843, 36.4542274475, 9.21921634674, 2.13069438934, 0.695757508278, 0.0878360792994, 0.00105591956526, 2.17884212361e-06, 3.65232843968e-09], "mean": [0.154806762934, 2.35758924484, 10.1313381195, 9.21344852448, 17.604593277, 16.0695266724, 15.7675056458, 17.7786178589, 19.766210556, 16.9317340851, 17.9540100098, 18.1772899628, 31.5410652161, 56.3062477112, 43.6933670044, 37.9582633972, 23.9646186829, 28.0532264709, 24.6758384705, 36.6574935913, 12.2819709778, 21.5893878937, 24.8909492493, 20.2237930298, 19.7109336853, 12.1424007416, 9.1684589386, 9.98990058899, 9.99911689758, 8.95380210876, 8.69581413269, 6.63362026215, 3.70087575912, 2.09571099281, 1.00548160076, 0.529926836491, 0.174734935164, 0.0193169247359, 0.000917798257433, 7.52185078454e-05]}, "spectral_strongpeak": {"dmean2": 0.643606901169, "median": 0.493815481663, "min": 0, "dvar2": 1.52235651016, "dvar": 0.618052005768, "dmean": 0.367873758078, "max": 9.74950027466, "var": 0.890768170357, "mean": 0.721600532532}, "spectral_energy": {"dmean2": 0.0199386943132, "median": 0.0391854196787, "min": 8.57802734009e-14, "dvar2": 0.000909348775167, "dvar": 0.00034070937545, "dmean": 0.011999944225, "max": 0.186367675662, "var": 0.000539834029041, "mean": 0.0397701412439}, "average_loudness": 0.958262503147, "spectral_rolloff": {"dmean2": 906.750366211, "median": 990.52734375, "min": 21.533203125, "dvar2": 2848180.75, "dvar": 1231588.875, "dmean": 542.46295166, "max": 13996.5820312, "var": 2964002.5, "mean": 1447.06542969}, "spectral_centroid": {"dmean2": 370.314971924, "median": 1298.46411133, "min": 222.202209473, "dvar2": 157515.0625, "dvar": 71652.59375, "dmean": 244.766952515, "max": 5684.21240234, "var": 413870.96875, "mean": 1387.09838867}, "pitch_salience": {"dmean2": 0.111758172512, "median": 0.502755463123, "min": 0.0380254127085, "dvar2": 0.0126947918907, "dvar": 0.00516341766343, "dmean": 0.0693144276738, "max": 0.991086602211, "var": 0.0141462404281, "mean": 0.504080951214}, "spectral_energyband_middle_high": {"dmean2": 0.00295202201232, "median": 0.00504932459444, "min": 4.63514656887e-14, "dvar2": 1.55686047947e-05, "dvar": 7.00822420185e-06, "dmean": 0.00196735421196, "max": 0.0460620224476, "var": 4.3327025196e-05, "mean": 0.00699987169355}, "spectral_contrast_coeffs": {"dmean2": [0.0843401029706, 0.0716804862022, 0.0584684237838, 0.0474434420466, 0.0333809964359, 0.0263309348375], "median": [-0.612438321114, -0.723312616348, -0.762001156807, -0.78266453743, -0.78712785244, -0.773769021034], "min": [-0.999952971935, -0.999945223331, -0.999870419502, -0.999541580677, -0.99739331007, -0.975649118423], "dvar2": [0.0052654906176, 0.00347196101211, 0.00220946618356, 0.00145867303945, 0.000732492655516, 0.000569345545955], "dvar": [0.00197482481599, 0.00136585347354, 0.000924378400669, 0.000566561997402, 0.000307279144181, 0.000246158160735], "dmean": [0.0503064133227, 0.044381506741, 0.0368299596012, 0.0290416292846, 0.0206611882895, 0.0166520457715], "max": [-0.279182672501, -0.433734297752, -0.51378017664, -0.596627354622, -0.565882205963, -0.646703898907], "var": [0.00913891009986, 0.00751089444384, 0.00515472423285, 0.00263958703727, 0.00182018009946, 0.00121114309877], "mean": [-0.614168524742, -0.718281030655, -0.756879985332, -0.781542360783, -0.786329567432, -0.775631964207]}, "melbands_skewness": {"dmean2": 1.22926533222, "median": 2.9077911377, "min": -2.3590695858, "dvar2": 2.19684553146, "dvar": 1.19696784019, "dmean": 0.81402105093, "max": 36.6077270508, "var": 6.28711223602, "mean": 3.35847043991}, "spectral_spread": {"dmean2": 865618.625, "median": 5153790, "min": 1593563.375, "dvar2": 1308694282240.0, "dvar": 773156634624, "dmean": 705504.625, "max": 33696228, "var": 3214693629950.0, "mean": 5465757.5}, "dissonance": {"dmean2": 0.0244531519711, "median": 0.475164711475, "min": 0.28714004159, "dvar2": 0.000640978978481, "dvar": 0.000246849347604, "dmean": 0.0147283114493, "max": 0.5, "var": 0.000736004905775, "mean": 0.467366158962}, "spectral_skewness": {"dmean2": 0.265968978405, "median": 1.43350362778, "min": 0.15068334341, "dvar2": 0.0871075093746, "dvar": 0.0419369973242, "dmean": 0.179997965693, "max": 6.69105052948, "var": 0.189316391945, "mean": 1.45204269886}, "spectral_flux": {"dmean2": 0.0409301221371, "median": 0.0766436755657, "min": 7.47877493268e-05, "dvar2": 0.00244816648774, "dvar": 0.00129535002634, "dmean": 0.027702992782, "max": 0.336227267981, "var": 0.00311254616827, "mean": 0.0877024680376}, "spectral_contrast_valleys": {"dmean2": [0.712065577507, 0.616167545319, 0.516096234322, 0.458969175816, 0.370258361101, 0.41077080369], "median": [-6.68901252747, -6.85119628906, -7.0685710907, -7.35049533844, -7.17280101776, -9.41688728333], "min": [-19.1027183533, -19.1035480499, -19.1068153381, -19.1184558868, -19.1824741364, -19.7723731995], "dvar2": [0.417779445648, 0.315411895514, 0.229584097862, 0.214693754911, 0.210069447756, 0.32324129343], "dvar": [0.191103518009, 0.14930267632, 0.113675490022, 0.106863886118, 0.115257978439, 0.211659863591], "dmean": [0.440702915192, 0.390257835388, 0.333569675684, 0.298451304436, 0.259103447199, 0.37045148015], "max": [-5.15173339844, -4.95486354828, -5.28514575958, -5.8298330307, -5.82898235321, -7.59760570526], "var": [2.24070501328, 1.72207975388, 1.43861627579, 1.3050327301, 1.34830880165, 1.68717360497], "mean": [-7.10437679291, -7.10979318619, -7.26861715317, -7.57936573029, -7.46004390717, -9.69395828247]}, "erbbands_flatness_db": {"dmean2": 0.0218798704445, "median": 0.121995165944, "min": 0.0312201883644, "dvar2": 0.000544112175703, "dvar": 0.000341874110745, "dmean": 0.0172875318676, "max": 0.386126935482, "var": 0.00160234014038, "mean": 0.127444133162}, "spectral_energyband_high": {"dmean2": 0.000892188458238, "median": 0.000740779098123, "min": 2.55792227135e-14, "dvar2": 2.38797088059e-06, "dvar": 1.18261152693e-06, "dmean": 0.000673571426887, "max": 0.0229747537524, "var": 4.10113943872e-06, "mean": 0.00147089851089}, "spectral_entropy": {"dmean2": 0.197845831513, "median": 7.81949949265, "min": 6.07563495636, "dvar2": 0.0520990304649, "dvar": 0.0334239006042, "dmean": 0.157448023558, "max": 9.77931308746, "var": 0.187670812011, "mean": 7.75125837326}, "silence_rate_20dB": {"dmean2": 0, "median": 1, "min": 1, "dvar2": 0, "dvar": 0, "dmean": 0, "max": 1, "var": 0, "mean": 1}, "melbands_flatness_db": {"dmean2": 0.0364380963147, "median": 0.190042108297, "min": 0.0206543635577, "dvar2": 0.00150945445057, "dvar": 0.000736154615879, "dmean": 0.0252774246037, "max": 0.517898857594, "var": 0.00408836314455, "mean": 0.198982566595}, "barkbands": {"dmean2": [0.000104431732325, 0.00774164125323, 0.00667710974813, 0.00454495055601, 0.00573118170723, 0.0018023524899, 0.00118743430357, 0.000555334729142, 0.00083471450489, 0.000910941744223, 0.00112770288251, 0.000769914593548, 0.000493201485369, 0.000441693904577, 0.000587104295846, 0.000278373772744, 0.000348641973687, 0.000342704443028, 0.000280786160147, 0.000202070223168, 0.000172151165316, 0.000200902592042, 0.00024580815807, 0.000185228098417, 0.000140603297041, 0.000121384029626, 6.73998238199e-06], "median": [2.36536379816e-05, 0.00736389635131, 0.00578077789396, 0.00153386918828, 0.0036412961781, 0.000777731067501, 0.000413511006627, 0.000172669082531, 0.000364124949556, 0.000343947787769, 0.000364644220099, 0.000449014361948, 0.000238931621425, 0.000288556446321, 0.000401072320528, 0.000152278662426, 0.000200358786969, 0.000322516541928, 0.000254293554462, 0.000177086345502, 0.00012767734006, 0.000138151983265, 0.000111140463559, 9.58087912295e-05, 6.13883312326e-05, 2.78324259853e-05, 1.0105943602e-06], "min": [7.52592691163e-16, 1.12872201243e-15, 7.52147204772e-16, 7.5189759475e-16, 1.87813674186e-15, 1.87444579579e-15, 1.86959907327e-15, 1.86330265385e-15, 2.59582373466e-15, 2.57745624872e-15, 2.55585606153e-15, 3.24901276842e-15, 3.55262516386e-15, 3.82821707413e-15, 4.40127636756e-15, 4.8910884159e-15, 5.27222529008e-15, 6.07351549356e-15, 6.78915499598e-15, 7.1827360547e-15, 7.4459989769e-15, 6.23540297154e-15, 4.19589925345e-15, 2.17143291127e-15, 7.2415340114e-16, 7.50660926647e-16, 2.17349541003e-16], "dvar2": [3.43928228119e-08, 0.000250734796282, 0.00015526295465, 7.73802676122e-05, 0.000109220913146, 1.20060385598e-05, 5.46193541595e-06, 1.63683625942e-06, 2.77676758742e-06, 4.11113569498e-06, 7.98410292191e-06, 1.52971927037e-06, 6.73803754125e-07, 4.41588042577e-07, 7.5179605119e-07, 1.94098916495e-07, 2.80650056084e-07, 2.07044266176e-07, 2.3882208211e-07, 1.62511312851e-07, 8.56282866835e-08, 1.77735515194e-07, 2.85730266114e-07, 1.24168650473e-07, 5.90820654622e-08, 5.74283021137e-08, 1.62145616378e-10], "dvar": [1.28440129643e-08, 9.11964161787e-05, 5.47041054233e-05, 2.73009081866e-05, 3.83726146538e-05, 4.96201028e-06, 2.36122377828e-06, 6.94498965004e-07, 1.21363439121e-06, 1.92339552996e-06, 3.43039141626e-06, 7.48230661429e-07, 2.96365897157e-07, 1.81391840215e-07, 3.14463193263e-07, 7.40389509701e-08, 1.10719255986e-07, 8.53332480233e-08, 9.90560664604e-08, 6.6758289563e-08, 3.67851846761e-08, 7.47068398255e-08, 1.40845628493e-07, 6.26771381462e-08, 2.66212651923e-08, 2.46454661124e-08, 7.32824842475e-11], "dmean": [6.23337327852e-05, 0.00455124117434, 0.00392110086977, 0.00257876235992, 0.00332318316214, 0.001156545826