{"tonal": {"thpcp": [1, 0.628922522068, 0.304686516523, 0.282321095467, 0.313451081514, 0.513021409512, 0.683187365532, 0.50309574604, 0.29732131958, 0.307830899954, 0.37623167038, 0.57641851902, 0.671424686909, 0.519238114357, 0.475486636162, 0.465199172497, 0.319043457508, 0.262184083462, 0.315802812576, 0.408971071243, 0.754210114479, 0.935573339462, 0.589652478695, 0.30379268527, 0.28668949008, 0.333901524544, 0.590899288654, 0.791696488857, 0.566190838814, 0.342539191246, 0.319692403078, 0.309706479311, 0.428513795137, 0.602438569069, 0.637359619141, 0.842991471291], "hpcp": {"dmean2": [0.235942944884, 0.260256052017, 0.264097541571, 0.281168043613, 0.240922018886, 0.160460442305, 0.143855020404, 0.15154145658, 0.180151671171, 0.200117379427, 0.191737398505, 0.150384038687, 0.143749624491, 0.166786178946, 0.20210416615, 0.21436715126, 0.184551402926, 0.179849416018, 0.149180412292, 0.12694491446, 0.118603207171, 0.148745983839, 0.184551075101, 0.227627679706, 0.245970711112, 0.213489368558, 0.149146169424, 0.147845432162, 0.162534669042, 0.191655769944, 0.215823322535, 0.186589390039, 0.147214904428, 0.135073497891, 0.147470042109, 0.189758643508], "median": [0.0410268753767, 0.0504827015102, 0.0754546523094, 0.0821077525616, 0.0512631163001, 0.0173551179469, 0.0118458475918, 0.0159221068025, 0.0325501896441, 0.0403032377362, 0.0256488472223, 0.0119166374207, 0.00920537859201, 0.0168137010187, 0.0413854494691, 0.050299488008, 0.0371572077274, 0.0216779131442, 0.0153413321823, 0.0125461081043, 0.0114527978003, 0.0139611512423, 0.0247734449804, 0.0616047754884, 0.0853696316481, 0.0552006438375, 0.0204429086298, 0.0131432553753, 0.0187225360423, 0.036625944078, 0.0449295416474, 0.0359279848635, 0.020322451368, 0.0128746526316, 0.0149097405374, 0.0268381349742], "min": [0, 0, 0, 0, 0, 0, 0, 0, 0, 0, 0, 0, 0, 0, 0, 0, 0, 0, 0, 0, 0, 0, 0, 0, 0, 0, 0, 0, 0, 0, 0, 0, 0, 0, 0, 0], "dvar2": [0.128622472286, 0.140376225114, 0.129512861371, 0.142466202378, 0.125365510583, 0.0949060469866, 0.0889383330941, 0.0899205431342, 0.0946716293693, 0.106932789087, 0.106315642595, 0.0908890068531, 0.0924739688635, 0.101332992315, 0.111019492149, 0.113768234849, 0.0845181941986, 0.0970586463809, 0.0801950320601, 0.0623470358551, 0.0574461072683, 0.0908091291785, 0.100274868309, 0.111532054842, 0.112439088523, 0.0992507785559, 0.0816201716661, 0.0800938755274, 0.0877624899149, 0.087404049933, 0.110110014677, 0.0834796354175, 0.076455719769, 0.0747331157327, 0.0819020718336, 0.111173845828], "dvar": [0.0498049929738, 0.0539661161602, 0.0486024878919, 0.0564939528704, 0.0456385947764, 0.0346321351826, 0.0346832722425, 0.0338432565331, 0.0368917807937, 0.0443215966225, 0.0408259779215, 0.0338645428419, 0.0351728349924, 0.0378995351493, 0.041498426348, 0.0436836220324, 0.0341184921563, 0.0378977321088, 0.031853698194, 0.0235366411507, 0.0213981363922, 0.034235060215, 0.0372280180454, 0.0435624569654, 0.0458889901638, 0.0357971489429, 0.0295322723687, 0.0311967413872, 0.0334273725748, 0.0336318016052, 0.0424464456737, 0.0319372154772, 0.0292687918991, 0.0281965974718, 0.0307618398219, 0.0419160313904], "dmean": [0.136351019144, 0.149723500013, 0.155618205667, 0.164525851607, 0.139889210463, 0.0895700529218, 0.0817203968763, 0.085867471993, 0.105786159635, 0.118335641921, 0.110959947109, 0.0846985280514, 0.0820223391056, 0.095596447587, 0.117748327553, 0.12589943409, 0.108622647822, 0.104829497635, 0.0894354209304, 0.0734878703952, 0.0677472129464, 0.0831555053592, 0.105656199157, 0.13527931273, 0.146071448922, 0.1234241575, 0.0832219198346, 0.0838512480259, 0.0930957198143, 0.112029843032, 0.125337928534, 0.10998518765, 0.0835459604859, 0.0764062479138, 0.0831613019109, 0.107945516706], "max": [1, 1, 1, 1, 1, 1, 1, 1, 1, 1, 1, 1, 1, 1, 1, 1, 1, 1, 1, 1, 1, 1, 1, 1, 1, 1, 1, 1, 1, 1, 1, 1, 1, 1, 1, 1], "var": [0.0628080666065, 0.064819842577, 0.0815881639719, 0.112693533301, 0.0556264221668, 0.0289159417152, 0.0310077052563, 0.0313368104398, 0.0529574789107, 0.0819773748517, 0.0542476028204, 0.029866039753, 0.0368806645274, 0.0392105132341, 0.0578977391124, 0.0709026381373, 0.0499167479575, 0.0509178936481, 0.0580428242683, 0.029498713091, 0.0247464962304, 0.0353284664452, 0.0373545996845, 0.077136233449, 0.100125938654, 0.0486186780035, 0.026210013777, 0.0285133831203, 0.030619379133, 0.0600343681872, 0.0962435975671, 0.0558853968978, 0.0316123217344, 0.0350753851235, 0.0288229901344, 0.0433294549584], "mean": [0.15535312891, 0.164358347654, 0.217385411263, 0.257873803377, 0.16218264401, 0.0785706713796, 0.0728032141924, 0.0808308199048, 0.132294788957, 0.176176130772, 0.129735216498, 0.0766713768244, 0.0793815255165, 0.097020290792, 0.148643240333, 0.173142835498, 0.133897900581, 0.122615545988, 0.11996267736, 0.0822729468346, 0.0676104053855, 0.0814372748137, 0.105462923646, 0.194491028786, 0.241259858012, 0.152055934072, 0.0783401727676, 0.0739297121763, 0.08610445261, 0.152377441525, 0.204157784581, 0.146005779505, 0.0883318856359, 0.0824402943254, 0.0798651874065, 0.110502481461]}, "tuning_equal_tempered_deviation": 0.0510304048657, "chords_changes_rate": 0.058651804924, "key_key": "A#", "tuning_diatonic_strength": 0.749367773533, "key_scale": "major", "chords_number_rate": 0.00398089177907, "tuning_frequency": 441.272583008, "tuning_nontempered_energy_ratio": 0.754652917385, "chords_histogram": [31.3959655762, 2.68046712875, 13.5350322723, 2.99893832207, 8.30679416656, 1.61889600754, 3.87473464012, 0.0265392772853, 1.2738853693, 1.72505307198, 3.52972388268, 0.132696390152, 0.690021216869, 0, 0.0265392772853, 2.17622089386, 0.398089170456, 0.981953263283, 0.557324826717, 1.0350317955, 0.291932046413, 4.77707004547, 11.4384288788, 6.52866220474], "key_strength": 0.897927463055, "chords_key": "A#", "chords_strength": {"dmean2": 0.0114154154435, "median": 0.573259711266, "min": 0.240966722369, "dvar2": 0.000113542533654, "dvar": 9.17543657124e-05, "dmean": 0.0114058563486, "max": 0.83835786581, "var": 0.0115298992023, "mean": 0.565919220448}, "chords_scale": "major", "hpcp_entropy": {"dmean2": 1.08748888969, "median": 1.66657733917, "min": 0, "dvar2": 0.751086235046, "dvar": 0.288639873266, "dmean": 0.648284494877, "max": 4.39766168594, "var": 0.61750203371, "mean": 1.64037144184}}, "metadata": {"audio_properties": {"equal_loudness": 0, "codec": "mp3", "downmix": "mix", "sample_rate": 44100, "analysis_sample_rate": 44100, "bit_rate": 160000, "md5_encoded": "1011cf3e3c8b3e1174a7bd99a838f617", "length": 174.915924072, "replay_gain": -5.61487579346, "lossless": false}, "version": {"essentia_build_sha": "2d9f1f26377add8aeb1075a9c2973f962c4f09fd", "essentia": "2.1-beta2", "extractor": "music 1.0", "essentia_git_sha": "v2.1_beta2-1-ge3940c0"}, "tags": {"title": ["Little Things Mean a Lot"], "language": ["eng"], "acoustid_fingerprint": ["AQADtElCKVOyhEEascWXD3_QC827Yj9--PpwSQrOB2EzKNsfpM9h9Tl6_EZfoalyxFcgNybCPDqqJ8fxwMuKMz-S8kFOdHkemJFUBZWOG80VGSV95Av0MwjvHk3HCkfbE96Lmgoe5BWqS9DSB_8FHz--C90iwj_-YcuH8Me1fCgVRTHSXHgEcU-OfGiaFx-eo8qZoImTTKifwlOOOZOOf-ijHyOPJ_uwLdET3DmeIj_E4joaJzM0JXlc_PilQF8IK_mPHDcch8X94miaHV2P6_gz7LmQTtnwiBT-Q3vhI8QZzUSe6BCRF9czJVgVP6CiRTsu_JiZIFn4I1RwkbnwBHUfNJfS410unHjCIym_IX_R9CP64BTW4NIjJL0kIRcj4baMhs-PHpyegPWFX0XKOND54sksGDEeGpeO_vCDXkKupJCOJyfCLNGHSX-KH02IZ3jYI7UOPYhESSvQfGHAWMSPKsyL5MyCUDuuJQ-uYh-eJMSUH92OR0-CnCkPHT_COEty9EJ_4qdBVdlR5cGNaKXwMGECXUeeI7_QV9ASWhTy5fg_PNIw5SeK_EHyHzzxZEmiGD9xOphOWM2JZHyQJ8SPXDsSfsR4ZXhwgsePyjkF-5iUSPiPJ_huXDyePcFj4XKR7AiTTB8u5bgq7JfQXOlQag_-w4yNk2mIPcH0G806IeL1CNdbnIGWbiKF_uiRriOD3vga_CKauCyqHE9T5J0NIbywyyEcMeC_oUnyD1-KkI8SNCfxjBxYtsOjVsEPn9B57MUTdkelaQ8a1cYfTB-aHw-Pg-ULNjueMwjzCr1y9MyRZw2qXscv3BkZzIuUI-9xFz5-7DJqsYJPDf2PkEeynMGPnyKuLiGefwh-6LiORwtHaJnUo06bIQ9-Y8oaVEl87FGUBjeNfBLOHJ94aMmSpoh0JsFJEl9wKjzsGmeNNx8uFY6iHOeF-EEjPsMkOkX-g_GDJowePMafw9Hx3YjFLNBFHbnUwOH24weuLBfskDiakEd_41vM4DqYHO2J78R0DU2VET0euDee4_rhxE9Q-QtKpZTwRGwipM-FhD9qSUYdKWkGJxVzVModXJeExsl1nMfjBD_q4zqqXPAf7IkyGk1l_DgaKuGMih9yqF6Jhx3aK0FT6JESXDC-ZT50PWh8DqWeSchtNHqKiviRJ8SZQvsRbQ-eKMffoamOHb0yRLt8JE-OWgweHucxreHR5Jh5BUm3IBcT7Mpw9cG6w38iXMqF68eXLDxunEdoHVouZch_HNXh-Oh3vDhhNctx40uOJ56I50TOZIL2jIJh1BFxPD_KJwm0JO4i_HimRMauzGj-ItQV8MKPXQjjI5kf9MTx_Dix5fB7dP5wHg-N_7jwLLmQr4TUR0QoE0y0JMf14F_Q5DmqT0d3NP3xHs20Hj0-Hn3AJMhDHooScscjXQhzkXhxPkGlE4164fTwJkPys0h_zE-Hx-iTg0kuasXDREc-RorwY7uHN9hRsUlhhVmHGtLlouGOcHuW4PwxNGpUhP5xPwne4wua05g6pgmuPoAWVUf1BJ-O6VfQLMfF4w4U-fAVZHLwHBPVo5dSnCiJX2iTPGh2xA90jUTOxAsuK8cxPSyaRgevHydMLsfxmEI4JqSgLIuK8Mc1Hj_2FVeWo3EeMC_G7viL5ujx2EHyZgjRVNrw6PjJ4HkeXFJ24-iFtA76oO8Fj0TD5cgl6ZguwhVfUEetB7teXI-BHvnwQ3MSfJSD_Kg-NPVxXQouxhuuHybOlPjxo2PIIz20Hx8-NJOWTIImJ3rwIKdwpzjr4Mlw8Rf6B01_7MmPnHgMPbnQt0c25QkeGdU143aJBlmeozKm6BFOHjoc_njy49aN_kJT4TouakHzoo90XKTxqJfwoPwR7fjRPHgCXuiRxq0KKTtiffiLa0f8I1knhceUHT-Pm3jy4C_M6MiZ5Ui-YmaOT0clZqQxRV2CU8eTjAvKR0PzY18iF8c3HHFEJWMCTT_CjGqE86gtPAk3JOto5GjQJjmiX4KaJgiTMwuePSHewxNmHk2LT7_wRJyPB6VXJB9JZHl0_HgiPOGLh_hB80i2SiliaTt2KailDaUFv-TQ9sGPpEu0JkYuMcEfwQ_mZ8eTsQXnHDfyKUg-nNvwTBKRjD_CHFe4YseP_2g5pM8yqEXQPcEuPrio48EPJvKN6gny5LiL33hq2NmhUwmRTSR4HtsZXEfZZWgqvsKXE_BzJD_yHG-SopYqeEkuwXuaBD0x_kHJH0xYBX-ELwdfy3iyJmi-BPVxIf96JEuiMbgOv0Rf_EX9Ij20Fzl-vDOqHM3G49QwdcihP0E9RA_qD3_xbUflHA_4nMj94NrxakSz4zSJPDu2sTh81CJ-HL2Qno9wMRyUJcmDPMPhK8LhnehHPMWP5pnApWQE51FRN8d3XIe5GuUnNBWDZGKOMPqwhjuaPEqYBO2O48Hz4nzQfOizBIH-4x-a6uiT48dsNQmefYbAMR_64_SCKzETPNCZI1NeYR9z4nkShE3xxYV2IT0Pc0H4ILmkVbj0ED-c3viDOTrxRYnAXMGL_0bk7ELi8AvOzRPxZBmHwzlKqjG6Br8WweGZ4j-ewz36Hn2JL8N2gtkk5MkOHV8UgcnZZKjDIndyvBGqK8PTkHj04tvhasgTHWLVoY4OfoV6VMmRconIoE8eHPiCq2huhD--Q10TDz02DteDq_DxT4QOX7iFNkel6ZDnG4-GX0ibG0MItEAZpgQgDAiBAAECAKagIAQhR4BwWgAAlSIECMEUYMogQQBmQhigKLFGIOCAUIwh6ghDwgoigAJEUEAZYggQh4wCAAgRHGLCQYccMEQABoBAAggEnJNAAMQAIEQYoAwyQABDhAEAAAIEBQApQIkAwCgClAGGGQoUZYJoARggSDFAHUECQCCYEEIRRgBCQgECBFBACEaQgYAAoogBAkmhkFFCEKIRINgIBY5BBAnJCAEIMkCMQoQYRAQRBjAkHFKEUSGVEYIYRBhBCiiGCBGAGOEUAEUyoKQQShkgIEAGMKWREUoAAQAWDBAAkEJBAAWaUAIxxoRyzCEBBCGCKYMIEI5IQQgwBhgAAHFIOYCIAAISophAAjomAHEEIEgMIUYAJqhCFjiHhJGACcAQgUAQZIAiniBkjCREKeOMIMgpASCQQiiFHCCECMCIQQ4ZgJRwRBgnmgIEEQqUQAQhpxESwgDEkGBQEmMIscAo4BhSAiTgiCBKIEMAg4QAhKgzCiiADCFGGAcUMYIIo4wAhBCBlBcYEEMAIAIgAwASRAlhPBEUCMKEYA4Ya4wBAAwDjGAMGGKYIc4goIhAAFhjGBCAAAAEA0IgIgAwBhGAkFXACWWQUAABAYggCAhmBAGCKiQIAEQoAIQBkipkgBMICeMAMsAIBoAhwkDChAJAkAEoosghb5URShhFgAAKKEMEEwgKIwBDgiiEFYmEOMSFEMQYBSwQAAgmBCSUAWANMI4Yw4wQigohAEIIECgw8tABKYAggAjCDYGSIaYcIQQA4YBAyEBGhSBCACAIAUgKBgQTAgCFGEPABMYYoBB5AAkESAipGDCCEOMIMeAw4SUAAFKuGCGGAGSIIgQiAggw7CBGlBCEACWVQIAQwBhihCEGAHBCCIEsUARKQhxARAOBjAAKEgMMIQwpLRCxyBDlgCHEASMIUYAZQwywBgFhINCEUQUAw8QSQIFBAA"], "genre": ["Oldies"], "musicbrainz album type": ["Compilation"], "musicip_puid": ["025a69b9-434b-8bfe-878b-3d3999956b84"], "musicbrainz_recordingid": ["093bebf6-5d6e-42b9-9d4e-b409d703f8f3"], "musicbrainz_albumartistid": ["89ad4ac3-39f7-470e-963a-56509c546377"], "musicbrainz_albumid": ["2c1a3e8d-3b5e-4430-92ab-e680f1a81e7a"], "artist": ["Ted Taylor"], "tracknumber": ["08"], "bpm": ["90.73"], "album": ["The Very Best of APT Records, Volume 2"], "musicbrainz album release country": ["United States"], "acoustid_id": ["2f09dc58-4a93-4cc0-b206-7d73a22fbc8a"], "musicbrainz_artistid": ["36a3493f-fdb2-47d1-abb7-30658572c95f"], "file_name": "Ted Taylor - Little Things Mean a Lot.mp3"}}, "rhythm": {"bpm_histogram_first_peak_bpm": {"dmean2": 0, "median": 185, "min": 185, "dvar2": 0, "dvar": 0, "dmean": 0, "max": 185, "var": 0, "mean": 185}, "bpm": 184.570800781, "bpm_histogram_second_peak_spread": {"dmean2": 0, "median": 0, "min": 0, "dvar2": 0, "dvar": 0, "dmean": 0, "max": 0, "var": 0, "mean": 0}, "bpm_histogram_first_peak_weight": {"dmean2": 0, "median": 0.562141478062, "min": 0.562141478062, "dvar2": 0, "dvar": 0, "dmean": 0, "max": 0.562141478062, "var": 0, "mean": 0.562141478062}, "onset_rate": 2.95550966263, "beats_position": [0.301859408617, 0.626938760281, 0.952018141747, 1.27709746361, 1.60217678547, 1.93886613846, 2.27555561066, 2.60063481331, 2.92571425438, 3.25079369545, 3.58748292923, 3.92417216301, 4.2492518425, 4.57433080673, 4.8994102478, 5.22448968887, 5.56117916107, 5.89786815643, 6.2229475975, 6.54802703857, 6.87310647964, 7.19818592072, 7.52326536179, 7.84834432602, 8.17342376709, 8.498503685, 8.82358264923, 9.14866161346, 9.47374153137, 9.79882049561, 10.1239004135, 10.4489793777, 10.774058342, 11.0991382599, 11.4242172241, 11.749297142, 12.0743761063, 12.3994560242, 12.7245349884, 13.0496139526, 13.3746938705, 13.7113828659, 14.0364627838, 14.361541748, 14.6866207123, 15.0117006302, 15.3251695633, 15.6502494812, 15.9753284454, 16.3004074097, 16.637096405, 16.9737873077, 17.298866272, 17.6239452362, 17.9490242004, 18.2741031647, 18.5991840363, 18.9242630005, 19.2493419647, 19.574420929, 19.8994998932, 20.2129707336, 20.5380496979, 20.851518631, 21.1765975952, 21.5016784668, 21.826757431, 22.1518363953, 22.4885253906, 22.8136043549, 23.1386852264, 23.4637641907, 23.800453186, 24.1255321503, 24.4506111145, 24.7756919861, 25.1007709503, 25.4258499146, 25.7509288788, 26.076007843, 26.4010887146, 26.7261676788, 27.0628566742, 27.3995456696, 27.7246246338, 28.0497055054, 28.3747844696, 28.6998634338, 29.0365524292, 29.3732414246, 29.6983222961, 30.0234012604, 30.3484802246, 30.6735591888, 30.9870281219, 31.3121089935, 31.6487979889, 31.9738769531, 32.2989578247, 32.6240348816, 32.9491157532, 33.2741928101, 33.5992736816, 33.9243545532, 34.2494316101, 34.5745124817, 34.8995895386, 35.2246704102, 35.5497512817, 35.8748283386, 36.1999092102, 36.5249862671, 36.8500671387, 37.1751480103, 37.5118370056, 37.8369140625, 38.1503829956, 38.4754638672, 38.8005447388, 39.1256217957, 39.4507026672, 39.7757797241, 40.1008605957, 40.4259414673, 40.7394104004, 41.0528793335, 41.3895683289, 41.7262573242, 42.0629463196, 42.3996353149, 42.7247161865, 43.0497932434, 43.374874115, 43.6999549866, 44.0250320435, 44.350112915, 44.6751937866, 45.0002708435, 45.3253517151, 45.650428772, 45.9755096436, 46.3005905151, 46.625667572, 46.9507484436, 47.287437439, 47.6125144958, 47.9492073059, 48.2742843628, 48.5877532959, 48.9128341675, 49.2379112244, 49.5629920959, 49.8996810913, 50.2247619629, 50.5498390198, 50.8749198914, 51.2000007629, 51.513469696, 51.8269386292, 52.152015686, 52.4770965576, 52.8021774292, 53.1388664246, 53.4755554199, 53.8006324768, 54.1257133484, 54.45079422, 54.7758712769, 55.1009521484, 55.4260292053, 55.7511100769, 56.0761909485, 56.4012680054, 56.726348877, 57.0514259338, 57.3765068054, 57.701587677, 58.0266647339, 58.3633537292, 58.7000427246, 59.0251235962, 59.3618125916, 59.6985015869, 60.0235824585, 60.3486595154, 60.673740387, 60.9988212585, 61.3238983154, 61.648979187, 61.9856681824, 62.3223571777, 62.6474380493, 62.9725151062, 63.3092041016, 63.6458930969, 63.9709739685, 64.2960510254, 64.621131897, 64.9462127686, 65.2712936401, 65.6079788208, 65.9446716309, 66.2697525024, 66.6064376831, 66.9431304932, 67.2798156738, 67.6165084839, 67.9531936646, 68.2898864746, 68.6149673462, 68.9400405884, 69.2767333984, 69.6134262085, 69.9501113892, 70.2868041992, 70.6234893799, 70.9601821899, 71.2852630615, 71.6219482422, 71.9586410522, 72.2837142944, 72.608795166, 72.9338760376, 73.2589569092, 73.5840377808, 73.9207229614, 74.2574157715, 74.5941009521, 74.9307937622, 75.2558746338, 75.580947876, 75.9060287476, 76.2427215576, 76.5794067383, 76.9160995483, 77.252784729, 77.5778656006, 77.9145584106, 78.2512435913, 78.5879364014, 78.924621582, 79.2497024536, 79.5747833252, 79.8998641968, 80.2365493774, 80.5732421875, 80.9215393066, 81.2466201782, 81.5717010498, 81.8967819214, 82.2218551636, 82.5469360352, 82.8952331543, 83.2203140259, 83.5453948975, 83.8936920166, 84.2303848267, 84.5670700073, 84.9153747559, 85.2404556274, 85.5655288696, 85.8906097412, 86.2156906128, 86.5407714844, 86.8890686035, 87.2141494751, 87.5508346558, 87.8875274658, 88.2126083374, 88.537689209, 88.8859863281, 89.2226715088, 89.5593643188, 89.907661438, 90.2211303711, 90.5462112427, 90.8829040527, 91.2079772949, 91.5330581665, 91.8581390381, 92.1948318481, 92.5315170288, 92.8565979004, 93.1700668335, 93.4951477051, 93.8318328857, 94.1685256958, 94.4936065674, 94.830291748, 95.1553726196, 95.4804534912, 95.8287506104, 96.1654434204, 96.5021286011, 96.8272094727, 97.1522903442, 97.4773712158, 97.802444458, 98.1391372681, 98.4758224487, 98.8125152588, 99.1492080688, 99.474281311, 99.7993621826, 100.124443054, 100.449523926, 100.774604797, 101.09967804, 101.424758911, 101.749839783, 102.098136902, 102.434829712, 102.771514893, 103.096595764, 103.421676636, 103.746757507, 104.083442688, 104.420135498, 104.74521637, 105.058685303, 105.383758545, 105.708839417, 106.045532227, 106.370613098, 106.69568634, 107.020767212, 107.345848083, 107.670928955, 107.996009827, 108.321083069, 108.64616394, 108.971244812, 109.296325684, 109.633010864, 109.958091736, 110.294784546, 110.631469727, 110.968162537, 111.28163147, 111.595100403, 111.920181274, 112.256866455, 112.581947327, 112.918640137, 113.243713379, 113.56879425, 113.905487061, 114.242172241, 114.567253113, 114.892333984, 115.217414856, 115.542495728, 115.855964661, 116.181037903, 116.517730713, 116.842811584, 117.179496765, 117.516189575, 117.841270447, 118.166343689, 118.503036499, 118.839729309, 119.164802551, 119.489883423, 119.814964294, 120.151649475, 120.488342285, 120.813423157, 121.138504028, 121.475189209, 121.800270081, 122.125350952, 122.450431824, 122.775505066, 123.100585938, 123.414054871, 123.739135742, 124.064216614, 124.412513733, 124.760810852, 125.085891724, 125.410972595, 125.736053467, 126.061134338, 126.397819519, 126.734512329, 127.07119751, 127.40789032, 127.732971191, 128.081268311, 128.406341553, 128.731430054, 129.056503296, 129.381591797, 129.718276978, 130.054962158, 130.3800354, 130.705123901, 131.030197144, 131.355285645, 131.691970825, 132.028656006, 132.365356445, 132.702041626, 133.027114868, 133.352203369, 133.677276611, 134.002349854, 134.327438354, 134.652511597, 134.977600098, 135.30267334, 135.639358521, 135.97605896, 136.312744141, 136.649429321, 136.974502563, 137.299591064, 137.624664307, 137.961364746, 138.298049927, 138.623123169, 138.94821167, 139.296508789, 139.621582031, 139.946670532, 140.283355713, 140.620040894, 140.945129395, 141.270202637, 141.606887817, 141.943572998, 142.268661499, 142.60534668, 142.94203186, 143.267120361, 143.592193604, 143.928878784, 144.265579224, 144.590652466, 144.915740967, 145.240814209, 145.57749939, 145.914199829, 146.239273071, 146.552734375, 146.889434814, 147.214508057, 147.551193237, 147.887893677, 148.224578857, 148.5496521, 148.886352539, 149.211425781, 149.536499023, 149.861587524, 150.209884644, 150.546569824, 150.883255005, 151.231567383, 151.568252563, 151.904937744, 152.241622925, 152.578323364, 152.903396606, 153.251693726, 153.611602783, 153.971511841, 154.343032837, 154.726165771, 155.109298706, 155.457595825, 155.817504883, 156.17741394, 156.548934937, 156.908843994, 157.268753052, 157.675094604, 158.081451416, 158.47618103, 158.870925903, 159.265670776, 159.660400391, 160.055145264, 160.461486816, 160.867843628, 161.262588501, 161.657318115, 162.063674927, 162.470016479, 162.864761353, 163.271102905, 163.677459717, 164.072189331, 164.466934204, 164.850067139, 165.186752319, 165.535049438, 165.883346558, 166.231658936, 166.556732178, 166.88180542, 167.218505859, 167.566802979, 167.903488159, 168.251785278, 168.588470459, 168.925170898, 169.261856079, 169.59854126, 169.935241699, 170.27192688, 170.597000122, 170.933700562, 171.270385742, 171.607070923, 171.943756104, 172.292053223, 172.640365601, 172.98866272, 173.336959839, 173.696868896, 174.045166016, 174.405075073], "beats_loudness": {"dmean2": 0.0224416218698, "median": 0.0323749966919, "min": 5.28063283127e-05, "dvar2": 0.000303956330754, "dvar": 0.000108639142127, "dmean": 0.0131780784577, "max": 0.0799693018198, "var": 0.000190917548025, "mean": 0.0321096628904}, "danceability": 1.08265328407, "bpm_histogram_second_peak_weight": {"dmean2": 0, "median": 0.292543023825, "min": 0.292543023825, "dvar2": 0, "dvar": 0, "dmean": 0, "max": 0.292543023825, "var": 0, "mean": 0.292543023825}, "beats_count": 524, "bpm_histogram_second_peak_bpm": {"dmean2": 0, "median": 178, "min": 178, "dvar2": 0, "dvar": 0, "dmean": 0, "max": 178, "var": 0, "mean": 178}, "bpm_histogram_first_peak_spread": {"dmean2": 0, "median": 0, "min": 0, "dvar2": 0, "dvar": 0, "dmean": 0, "max": 0, "var": 0, "mean": 0}, "beats_loudness_band_ratio": {"dmean2": [0.378496944904, 0.248475670815, 0.245295912027, 0.315616637468, 0.132689580321, 0.0445320867002], "median": [0.114279590547, 0.160021364689, 0.166082262993, 0.18778949976, 0.072593331337, 0.0136285722256], "min": [0.000204119030968, 2.20905913011e-05, 0.00513477902859, 0.0022722070571, 0.00160149403382, 0.000466136989417], "dvar2": [0.129270836711, 0.0644341409206, 0.0585295930505, 0.0839816704392, 0.0190301090479, 0.00407784013078], "dvar": [0.0464197583497, 0.024464353919, 0.0222113523632, 0.0329711101949, 0.00728477491066, 0.00147565803491], "dmean": [0.216458618641, 0.143759444356, 0.145918533206, 0.184220686555, 0.0752357244492, 0.0249343253672], "max": [0.920155584812, 0.98096203804, 0.95121628046, 0.93694216013, 0.612992942333, 0.323707342148], "var": [0.0525218062103, 0.0409234985709, 0.0355199836195, 0.0495100393891, 0.00956518389285, 0.001331801177], "mean": [0.209048956633, 0.220541983843, 0.225580409169, 0.260569781065, 0.100875109434, 0.0258005261421]}}, "lowlevel": {"barkbands_spread": {"dmean2": 5.44754743576, "median": 14.2815895081, "min": 0.16621235013, "dvar2": 34.0860519409, "dvar": 15.6340284348, "dmean": 3.57880949974, "max": 87.1119003296, "var": 98.3626174927, "mean": 16.0121440887}, "melbands_spread": {"dmean2": 8.84745788574, "median": 19.2484550476, "min": 0.209605947137, "dvar2": 103.479347229, "dvar": 49.0428161621, "dmean": 5.8080163002, "max": 137.132827759, "var": 265.54864502, "mean": 23.1755428314}, "hfc": {"dmean2": 7.46240854263, "median": 17.4138183594, "min": 1.14652447446e-16, "dvar2": 78.6322784424, "dvar": 37.4413566589, "dmean": 5.12101697922, "max": 97.9906692505, "var": 268.223388672, "mean": 21.6455020905}, "barkbands_kurtosis": {"dmean2": 6.24966287613, "median": 0.785435318947, "min": -1.93824160099, "dvar2": 6909.43017578, "dvar": 3364.21142578, "dmean": 4.10755252838, "max": 2639.03662109, "var": 12507.2753906, "mean": 8.69385719299}, "gfcc": {"mean": [-42.0707550049, 127.641090393, -165.043121338, 23.0613327026, -56.751625061, 1.87182593346, -31.6723270416, 0.809883356094, -21.2177257538, -8.95652770996, -1.73808562756, -10.4607572556, -0.366779386997], "icov": [[0.000966771622188, -0.00169076374732, 0.00157881923951, -0.000933082774282, 0.00111503072549, -0.000894718279596, 0.000970565248281, -0.000449382408988, 0.000569289899431, -0.000546217313968, 0.000607144960668, -0.0006384907756, 0.000712494016625], [-0.00169076374732, 0.00541693903506, -0.00428636139259, 0.00252124527469, -0.00340434466489, 0.00286128837615, -0.00260200421326, 0.00190394651145, -0.0020151748322, 0.00358060444705, -0.00235112081282, 0.00397091126069, -0.00244275713339], [0.00157881923951, -0.00428636139259, 0.00505093904212, -0.0026489701122, 0.00262224418111, -0.00216246652417, 0.00187736540101, -0.000401752389735, 0.00144700310193, -0.00340675585903, 0.00397446798161, -0.00450608273968, 0.00287316157483], [-0.000933082774282, 0.00252124527469, -0.0026489701122, 0.00369087187573, -0.00241279695183, 0.000769357779063, 0.000172129279235, -0.000766932033002, -0.00142406707164, 0.00258898898028, -0.00221755402163, 0.00385725451633, -0.00201546424069], [0.00111503072549, -0.00340434466489, 0.00262224418111, -0.00241279695183, 0.00631245877594, -0.00306618772447, 0.00177473248914, -0.00100359518547, 0.00202303822152, -0.00339687266387, 0.00322602991946, -0.00384979974478, 0.00201437133364], [-0.000894718279596, 0.00286128837615, -0.00216246652417, 0.000769357779063, -0.00306618772447, 0.00796535797417, -0.00640032300726, 0.00405282061547, -0.00141769158654, 0.000712899432983, -9.28138906602e-05, 0.00248788716272, 0.000246712501394], [0.000970565248281, -0.00260200421326, 0.00187736540101, 0.000172129279235, 0.00177473248914, -0.00640032300726, 0.0123904133216, -0.00817126873881, 0.00342525192536, 0.00128893181682, -0.00414471374825, 0.00296328240074, -0.00105767208152], [-0.000449382408988, 0.00190394651145, -0.000401752389735, -0.000766932033002, -0.00100359518547, 0.00405282061547, -0.00817126873881, 0.0144361341372, -0.00697620538995, -0.000306409201585, 0.00429601734504, -0.00580154219642, 0.00334555911832], [0.000569289899431, -0.0020151748322, 0.00144700310193, -0.00142406707164, 0.00202303822152, -0.00141769158654, 0.00342525192536, -0.00697620538995, 0.0120955687016, -0.00358560075983, -0.00229664077051, 0.00338361063041, -0.00239712418988], [-0.000546217313968, 0.00358060444705, -0.00340675585903, 0.00258898898028, -0.00339687266387, 0.000712899432983, 0.00128893181682, -0.000306409201585, -0.00358560075983, 0.0145503450185, -0.00635692058131, 0.000736939371563, 0.00185037066694], [0.000607144960668, -0.00235112081282, 0.00397446798161, -0.00221755402163, 0.00322602991946, -9.28138906602e-05, -0.00414471374825, 0.00429601734504, -0.00229664077051, -0.00635692058131, 0.0155662372708, -0.00740118464455, 0.00180315808393], [-0.0006384907756, 0.00397091126069, -0.00450608273968, 0.00385725451633, -0.00384979974478, 0.00248788716272, 0.00296328240074, -0.00580154219642, 0.00338361063041, 0.000736939371563, -0.00740118464455, 0.0201813485473, -0.00860059075058], [0.000712494016625, -0.00244275713339, 0.00287316157483, -0.00201546424069, 0.00201437133364, 0.000246712501394, -0.00105767208152, 0.00334555911832, -0.00239712418988, 0.00185037066694, 0.00180315808393, -0.00860059075058, 0.0151956323534]], "cov": [[3827.53271484, 851.145507813, -891.957824707, 243.417129517, -237.04460144, 89.8835525513, 139.618713379, -120.354797363, 58.1354141235, -345.813995361, 54.2531661987, -350.432342529, 70.9756774902], [851.145507813, 1028.32507324, 405.250335693, 28.6525535583, 117.178001404, -9.01645088196, 7.62485313416, -126.667793274, -34.5379180908, -151.594039917, -89.4528045654, -115.865959167, 23.6534976959], [-891.957824707, 405.250335693, 1218.74401855, 164.828781128, 228.964675903, -27.8925743103, -191.308258057, -44.5635566711, -83.417350769, 92.6690979004, -195.668060303, 99.9477157593, -79.6671829224], [243.417129517, 28.6525535583, 164.828781128, 596.623535156, 103.594841003, 42.9563713074, -27.1841182709, 30.2473583221, 56.4588546753, -40.2604827881, -41.4065055847, -73.1005935669, -4.47371864319], [-237.04460144, 117.178001404, 228.964675903, 103.594841003, 353.520385742, 77.5328369141, -33.424118042, -8.58638381958, -45.8414382935, 40.6962356567, -69.640953064, 25.7657527924, -37.4990730286], [89.8835525513, -9.01645088196, -27.8925743103, 42.9563713074, 77.5328369141, 313.466125488, 153.018920898, -22.3453044891, -21.3010921478, -16.4055194855, 0.210669800639, -74.5395584106, -38.0657615662], [139.618713379, 7.62485313416, -191.308258057, -27.1841182709, -33.424118042, 153.018920898, 260.448730469, 64.9795761108, 16.9094276428, -41.4892463684, 57.0672416687, -59.7302703857, 0.155305176973], [-120.354797363, -126.667793274, -44.5635566711, 30.2473583221, -8.58638381958, -22.3453044891, 64.9795761108, 173.560775757, 74.50415802, 31.449306488, 13.5372638702, 34.5029754639, -8.6240940094], [58.1354141235, -34.5379180908, -83.417350769, 56.4588546753, -45.8414382935, -21.3010921478, 16.9094276428, 74.50415802, 156.721374512, 26.823223114, 40.937335968, -13.8381738663, 14.9458532333], [-345.813995361, -151.594039917, 92.6690979004, -40.2604827881, 40.6962356567, -16.4055194855, -41.4892463684, 31.449306488, 26.823223114, 159.045089722, 34.690032959, 61.7019119263, -30.2859268188], [54.2531661987, -89.4528045654, -195.668060303, -41.4065055847, -69.640953064, 0.210669800639, 57.0672416687, 13.5372638702, 40.937335968, 34.690032959, 145.89213562, 20.1120376587, 21.1058578491], [-350.432342529, -115.865959167, 99.9477157593, -73.1005935669, 25.7657527924, -74.5395584106, -59.7302703857, 34.5029754639, -13.8381738663, 61.7019119263, 20.1120376587, 149.6668396, 27.8795261383], [70.9756774902, 23.6534976959, -79.6671829224, -4.47371864319, -37.4990730286, -38.0657615662, 0.155305176973, -8.6240940094, 14.9458532333, -30.2859268188, 21.1058578491, 27.8795261383, 107.572067261]]}, "spectral_energyband_middle_low": {"dmean2": 0.00601037871093, "median": 0.00983831658959, "min": 4.9345216094e-22, "dvar2": 5.99592676735e-05, "dvar": 2.65113540081e-05, "dmean": 0.00395772699267, "max": 0.0761426538229, "var": 0.00011021206592, "mean": 0.0124494284391}, "melbands_crest": {"dmean2": 5.09071922302, "median": 13.6558132172, "min": 3.30499386787, "dvar2": 20.0771255493, "dvar": 8.76477050781, "dmean": 3.2683801651, "max": 39.4776268005, "var": 37.8808860779, "mean": 14.7542581558}, "spectral_kurtosis": {"dmean2": 5.68182325363, "median": 6.40644931793, "min": -1.24898767471, "dvar2": 25.2189540863, "dvar": 8.41366767883, "dmean": 3.23521375656, "max": 38.5142555237, "var": 19.3882522583, "mean": 7.31178760529}, "spectral_rms": {"dmean2": 0.000833799829707, "median": 0.00483804149553, "min": 3.20174182306e-12, "dvar2": 6.59488307519e-07, "dvar": 3.51247848585e-07, "dmean": 0.000579255633056, "max": 0.00906249135733, "var": 2.52362656283e-06, "mean": 0.00473565701395}, "zerocrossingrate": {"dmean2": 0.00688604917377, "median": 0.04736328125, "min": 0, "dvar2": 7.47855665395e-05, "dvar": 6.9398272899e-05, "dmean": 0.00591952679679, "max": 0.50830078125, "var": 0.00052443909226, "mean": 0.0498454533517}, "silence_rate_60dB": {"dmean2": 0.0249601695687, "median": 0, "min": 0, "dvar2": 0.0285879019648, "dvar": 0.0123216155916, "dmean": 0.0124784279615, "max": 1, "var": 0.0323305204511, "mean": 0.0334483683109}, "erbbands_kurtosis": {"dmean2": 1.73661577702, "median": 0.0900183394551, "min": -1.896520257, "dvar2": 11.8654346466, "dvar": 5.08179569244, "dmean": 1.09540760517, "max": 107.592292786, "var": 15.6374168396, "mean": 0.993952035904}, "erbbands": {"dmean2": [0.0158802252263, 0.335368543863, 1.49299383163, 1.35200357437, 3.25784158707, 9.77503871918, 15.7846326828, 12.8639125824, 15.8687124252, 13.7252349854, 26.65209198, 40.6274185181, 59.1877212524, 59.8855895996, 45.469707489, 36.2668571472, 46.7108230591, 49.6065635681, 33.297164917, 30.9388256073, 20.1638889313, 18.3106746674, 26.1373119354, 17.8058319092, 17.1616382599, 7.01669788361, 2.68982958794, 1.34479904175, 0.849624872208, 0.52531671524, 0.418945074081, 0.170216470957, 0.0869525000453, 0.0304600354284, 0.00760189816356, 0.00179355603177, 0.000385283696232, 4.83555450046e-05, 7.25207519281e-06, 9.96128892439e-06], "median": [0.00494551379234, 0.0904276818037, 0.391968548298, 0.550183296204, 1.22493672371, 4.55963134766, 7.59398937225, 5.87316608429, 5.21540260315, 6.41219043732, 10.9664840698, 12.5352954865, 16.9125823975, 23.9185905457, 16.1174888611, 12.8929786682, 17.1016693115, 18.5839767456, 16.386806488, 13.5008125305, 8.68667984009, 8.94638061523, 11.8320350647, 8.20998573303, 8.32709217072, 4.12921619415, 1.3751308918, 0.66221010685, 0.378546893597, 0.234600663185, 0.142563551664, 0.0780944228172, 0.0394212305546, 0.0185575578362, 0.00608719978482, 0.00154419918545, 0.000209899124457, 1.58009606821e-05, 1.57934482559e-05, 2.85437272396e-05], "min": [1.58905202399e-21, 1.02460067511e-20, 2.06302948362e-20, 3.86226816184e-20, 8.17943783921e-20, 3.71036981941e-19, 1.14881428411e-18, 3.62111031047e-19, 3.91022880462e-19, 4.81976481142e-19, 1.83359058433e-18, 2.805147301e-18, 5.15749717546e-18, 2.46687075552e-18, 2.67227045496e-18, 2.50674871926e-18, 2.91738599075e-18, 3.31275826442e-18, 5.06508579819e-18, 1.03652488818e-17, 8.59964096334e-18, 1.09319230225e-17, 9.60129299224e-18, 1.04969583692e-17, 2.44588390125e-17, 1.80570417521e-17, 1.45662849732e-17, 2.00425531549e-17, 1.6588865648e-17, 1.55768829604e-17, 1.77689893387e-17, 1.3793294617e-17, 1.49767601173e-17, 1.09915966591e-17, 8.85163740105e-18, 6.56557571293e-18, 3.73453062773e-18, 1.04940599284e-18, 2.72826474047e-19, 3.19664238527e-20], "dvar2": [0.0012175058946, 0.504495739937, 11.4587478638, 6.87738704681, 45.5353164673, 355.583282471, 1176.53991699, 892.06842041, 1521.0546875, 929.64465332, 3033.81762695, 14544.2880859, 21260.3007813, 19579.3300781, 13826.7519531, 9176.10742188, 10297.2568359, 11003.4794922, 4843.89697266, 3565.48583984, 1880.91210938, 1596.68432617, 2747.28125, 1870.09753418, 1595.3684082, 259.006988525, 41.0902099609, 10.6926050186, 5.71394395828, 2.34428977966, 1.95474481583, 0.221508353949, 0.0760696604848, 0.0159758795053, 0.000628979702014, 8.99582937564e-06, 5.6470690879e-07, 7.11880643323e-09, 7.94719567931e-11, 1.13273765368e-10], "dvar": [0.000499494490214, 0.231252342463, 6.00735187531, 3.27347612381, 20.4872436523, 174.349975586, 594.850952148, 458.223297119, 812.062194824, 526.070983887, 1409.3494873, 5458.09423828, 9327.0390625, 9653.80371094, 7001.94189453, 4934.49902344, 4779.83496094, 4773.10449219, 2058.75292969, 1563.13989258, 818.208312988, 621.101196289, 1056.74121094, 708.792114258, 609.316345215, 97.3165893555, 16.6811580658, 4.66652870178, 2.69765424728, 1.13853526115, 0.873866438866, 0.117077745497, 0.0425745397806, 0.00932998862118, 0.000355291209416, 4.47283719041e-06, 2.02297698593e-07, 2.57900323319e-09, 3.05379957433e-11, 5.50828549439e-11], "dmean": [0.00993035081774, 0.218010142446, 1.01319813728, 0.871604859829, 2.04872918129, 6.48124885559, 10.8172912598, 8.82250213623, 10.7706422806, 9.36365127563, 17.3668708801, 25.8723659515, 39.0815124512, 39.6615333557, 31.4367084503, 25.1594791412, 30.9603042603, 32.6825942993, 21.300983429, 19.8128261566, 12.7480039597, 11.21596241, 15.9271526337, 10.9519109726, 10.4976711273, 4.27932977676, 1.67327404022, 0.860071718693, 0.567034780979, 0.3531422019, 0.278856307268, 0.117276728153, 0.0592356100678, 0.0208361819386, 0.00483197160065, 0.00106352963485, 0.000228227523621, 2.86987396976e-05, 4.59216516902e-06, 6.8065155574e-06], "max": [0.387550443411, 6.90645980835, 53.6736450195, 73.9594650269, 110.130516052, 313.807067871, 571.91809082, 695.918884277, 988.376342773, 747.379211426, 771.00012207, 1824.49108887, 1928.43688965, 2640.5637207, 2099.67675781, 2023.50512695, 1928.48840332, 1525.0255127, 1117.0291748, 808.518493652, 1132.21118164, 746.829833984, 925.630737305, 903.075744629, 623.25769043, 415.166809082, 118.004920959, 79.1810379028, 39.4416770935, 22.5949840546, 15.0195016861, 9.08213615417, 8.73407649994, 7.28350639343, 1.14006388187, 0.106369949877, 0.0183627661318, 0.000935061427299, 8.26935938676e-05, 0.000102919511846], "var": [0.000902639469132, 0.610367000103, 17.5594673157, 8.32181739807, 42.9521751404, 775.727722168, 2375.28686523, 1411.1730957, 2376.60424805, 1680.91772461, 4345.21728516, 14296.9443359, 28707.5117188, 40874.65625, 29167.3730469, 23461.9042969, 16182.7392578, 15121.6367188, 4527.35107422, 4156.07617188, 2432.79541016, 1308.34924316, 2415.84228516, 1794.71911621, 1592.94396973, 182.498703003, 29.2017307281, 9.28584098816, 4.63357830048, 1.96987533569, 1.23650658131, 0.237085044384, 0.090524956584, 0.0185303874314, 0.000764370604884, 8.34104230307e-06, 2.52996812833e-07, 5.00795271918e-09, 7.5884146189e-11, 3.12220554965e-10], "mean": [0.0167614314705, 0.420225381851, 1.94781064987, 1.53329968452, 3.27493405342, 14.8677711487, 24.3545398712, 18.4153003693, 20.5707893372, 18.6982402802, 34.4310874939, 49.8265647888, 77.3453674316, 84.7039413452, 67.1435317993, 56.6773490906, 63.467628479, 63.0446739197, 38.7924613953, 35.5294761658, 23.3833446503, 19.7482852936, 27.907793045, 22.5845317841, 21.9400787354, 8.93018913269, 3.35906720161, 1.7366527319, 1.04327833652, 0.644214093685, 0.448870778084, 0.213305279613, 0.10652782768, 0.0392715036869, 0.00939283333719, 0.00197160779499, 0.000383195641916, 4.73206491733e-05, 1.70642815647e-05, 3.05389585264e-05]}, "spectral_strongpeak": {"dmean2": 1.32406890392, "median": 1.28773200512, "min": 0, "dvar2": 3.07065534592, "dvar": 1.25197005272, "dmean": 0.812251865864, "max": 11.9906187057, "var": 3.44708776474, "mean": 1.91679298878}, "spectral_energy": {"dmean2": 0.00851713027805, "median": 0.0239918120205, "min": 1.05074289442e-20, "dvar2": 8.34864113131e-05, "dvar": 4.05632526963e-05, "dmean": 0.0058239842765, "max": 0.0841819643974, "var": 0.000223036055104, "mean": 0.0255738757551}, "average_loudness": 0.898224651814, "spectral_rolloff": {"dmean2": 500.145019531, "median": 1399.65820313, "min": 21.533203125, "dvar2": 433698.84375, "dvar": 226458.984375, "dmean": 299.694458008, "max": 19186.0839844, "var": 782840.9375, "mean": 1446.27722168}, "spectral_centroid": {"dmean2": 302.47277832, "median": 1224.90576172, "min": 262.28024292, "dvar2": 108065.945313, "dvar": 57339.6328125, "dmean": 199.478012085, "max": 10849.1630859, "var": 397440, "mean": 1312.54992676}, "pitch_salience": {"dmean2": 0.10220644623, "median": 0.53039598465, "min": 0.0209535118192, "dvar2": 0.00798147171736, "dvar": 0.00352655607276, "dmean": 0.0650581046939, "max": 0.862136304379, "var": 0.0155328484252, "mean": 0.521264195442}, "spectral_energyband_middle_high": {"dmean2": 0.00433177594095, "median": 0.00634388625622, "min": 1.6463221645e-21, "dvar2": 3.29427675752e-05, "dvar": 1.66848094523e-05, "dmean": 0.00295421062037, "max": 0.0749856829643, "var": 0.000126574130263, "mean": 0.0103201344609}, "spectral_contrast_coeffs": {"dmean2": [0.0785916671157, 0.074621617794, 0.0636069923639, 0.0547041557729, 0.0384278409183, 0.0285651981831], "median": [-0.62683403492, -0.701598882675, -0.722229480743, -0.727108478546, -0.753536760807, -0.750473618507], "min": [-0.971737027168, -0.943813860416, -0.965399324894, -0.968671441078, -0.959499359131, -0.960145533085], "dvar2": [0.00417931564152, 0.00355107220821, 0.00254942686297, 0.00194121501409, 0.000991926644929, 0.000566594710108], "dvar": [0.00168823054992, 0.00147893780377, 0.00105235225055, 0.000751008978114, 0.00039659862523, 0.000236499268794], "dmean": [0.0478180162609, 0.0469733402133, 0.0399659983814, 0.0336671546102, 0.0237321220338, 0.0176541283727], "max": [-0.255343526602, -0.3107881248, -0.340789794922, -0.497332394123, -0.534938275814, -0.607725679874], "var": [0.0110933948308, 0.0102411629632, 0.00771325081587, 0.00419603241608, 0.00315603613853, 0.00177367858123], "mean": [-0.623328626156, -0.688505232334, -0.710298120975, -0.723552048206, -0.752323508263, -0.750626862049]}, "melbands_skewness": {"dmean2": 0.845659315586, "median": 1.36000013351, "min": -1.91779375076, "dvar2": 2.40568852425, "dvar": 1.28535938263, "dmean": 0.569505274296, "max": 52.6757774353, "var": 7.2284655571, "mean": 1.76709342003}, "spectral_spread": {"dmean2": 391803.09375, "median": 2684935.25, "min": 1649322.5, "dvar2": 258413494272, "dvar": 194851733504, "dmean": 244673.875, "max": 42329940, "var": 688492511232, "mean": 2801870.25}, "dissonance": {"dmean2": 0.0397099666297, "median": 0.460509181023, "min": 0.181872665882, "dvar2": 0.00147794664372, "dvar": 0.000546035415027, "dmean": 0.0236050207168, "max": 0.5, "var": 0.00133037671912, "mean": 0.45220425725}, "spectral_skewness": {"dmean2": 0.559359431267, "median": 1.59751081467, "min": -0.00111010647379, "dvar2": 0.218215107918, "dvar": 0.0780328735709, "dmean": 0.326058149338, "max": 4.73739290237, "var": 0.336955547333, "mean": 1.68684947491}, "spectral_flux": {"dmean2": 0.0358335971832, "median": 0.0713360756636, "min": 1.02505753885e-10, "dvar2": 0.0012695674086, "dvar": 0.000547117262613, "dmean": 0.0228649508208, "max": 0.317360639572, "var": 0.00142802787013, "mean": 0.0780163481832}, "spectral_contrast_valleys": {"dmean2": [0.683563888073, 0.585310280323, 0.477703303099, 0.464444518089, 0.349157810211, 0.325799793005], "median": [-7.79680919647, -6.90788888931, -7.24030685425, -7.72392749786, -7.79559612274, -11.2316589355], "min": [-26.6638450623, -27.6427898407, -27.6924476624, -26.9732704163, -27.2299213409, -27.3075351715], "dvar2": [0.31048