{"tonal": {"thpcp": [1, 0.486666470766, 0.142290860415, 0.143939599395, 0.140981316566, 0.399411052465, 0.618928313255, 0.374914735556, 0.248059988022, 0.307838052511, 0.231702759862, 0.367315500975, 0.490312635899, 0.346003830433, 0.451340705156, 0.594263374805, 0.373626440763, 0.234575822949, 0.256317466497, 0.246915638447, 0.555702388287, 0.906640529633, 0.603355705738, 0.345598936081, 0.41592463851, 0.284457504749, 0.286954581738, 0.408380568027, 0.399082630873, 0.503281235695, 0.563595592976, 0.331085056067, 0.263995558023, 0.391426771879, 0.425219744444, 0.794681787491], "hpcp": {"dmean2": [0.117071814835, 0.136282682419, 0.170333385468, 0.197863429785, 0.169597864151, 0.122538723052, 0.115766063333, 0.104079626501, 0.11452472955, 0.140267133713, 0.154325321317, 0.143091455102, 0.139441803098, 0.123527042568, 0.118904985487, 0.138211026788, 0.183584958315, 0.199513658881, 0.22089497745, 0.158461332321, 0.0734452828765, 0.0628787055612, 0.0755601674318, 0.115612626076, 0.132792025805, 0.118256390095, 0.0903382226825, 0.0948209315538, 0.0955092683434, 0.122341126204, 0.142161548138, 0.151121556759, 0.165393024683, 0.172385632992, 0.160755127668, 0.122997201979], "median": [0.00616393750533, 0.00655320147052, 0.0375238358974, 0.0600360110402, 0.0368988625705, 0.0208194945008, 0.0137473223731, 0.0106250494719, 0.0072919940576, 0.0126381060109, 0.0127362199128, 0.0125935897231, 0.00990110542625, 0.00783773232251, 0.00733639113605, 0.00808324944228, 0.0120961265638, 0.0550111457705, 0.0827317014337, 0.0366530120373, 0.00208140886389, 0.00113345624413, 0.00203414773569, 0.0123888105154, 0.0208225026727, 0.014356632717, 0.00610994966701, 0.00521205924451, 0.00703876325861, 0.00998054351658, 0.0109667349607, 0.0124193476513, 0.0146804330871, 0.017103606835, 0.010578436777, 0.00611835857853], "min": [0, 0, 0, 0, 0, 0, 0, 0, 0, 0, 0, 0, 0, 0, 0, 0, 0, 0, 0, 0, 0, 0, 0, 0, 0, 0, 0, 0, 0, 0, 0, 0, 0, 0, 0, 0], "dvar2": [0.080073967576, 0.0854779854417, 0.0784818679094, 0.0985531359911, 0.0795170888305, 0.0556659586728, 0.0624082460999, 0.0540154017508, 0.0687666907907, 0.0789575502276, 0.0906185284257, 0.078186288476, 0.0776444375515, 0.0726200267673, 0.0760271400213, 0.0902322754264, 0.113801948726, 0.0963632315397, 0.107192471623, 0.0709810107946, 0.0422168634832, 0.0423711836338, 0.0460901409388, 0.0612187497318, 0.0665433481336, 0.0611254908144, 0.0470065288246, 0.0538715198636, 0.0525524429977, 0.0700446516275, 0.0837859511375, 0.0855455994606, 0.0947743952274, 0.0990902483463, 0.0962421745062, 0.0814716294408], "dvar": [0.0302377510816, 0.0309329461306, 0.0304612684995, 0.0419942438602, 0.0316836871207, 0.0208239145577, 0.0254328008741, 0.020889153704, 0.0264626741409, 0.032220043242, 0.0349515974522, 0.0308146439493, 0.031341932714, 0.0271853916347, 0.0275509487838, 0.0351690091193, 0.0415442325175, 0.0391475185752, 0.0451382286847, 0.0268360432237, 0.0152643676847, 0.0157774202526, 0.0164619535208, 0.0248269997537, 0.0311384163797, 0.0242254231125, 0.0180574823171, 0.0216292068362, 0.0195572935045, 0.0273234695196, 0.0352365076542, 0.032014798373, 0.0359936133027, 0.0416279137135, 0.036134801805, 0.0296980291605], "dmean": [0.064119502902, 0.075284473598, 0.099758528173, 0.117837451398, 0.0996198356152, 0.0701185017824, 0.0683436244726, 0.0598139315844, 0.065339513123, 0.0812293216586, 0.0883668735623, 0.0825839266181, 0.081870123744, 0.0699892565608, 0.0669743195176, 0.0778235197067, 0.103496514261, 0.118578821421, 0.130387037992, 0.0921111702919, 0.0404158383608, 0.0345848612487, 0.041813198477, 0.0683740377426, 0.0800200179219, 0.0698792859912, 0.0521009415388, 0.0550051443279, 0.0543510690331, 0.0699491724372, 0.0818107053638, 0.0859329476953, 0.0945477634668, 0.0991561636329, 0.0907797440886, 0.0675092115998], "max": [1, 1, 1, 1, 1, 1, 1, 1, 1, 1, 1, 1, 1, 1, 1, 1, 1, 1, 1, 1, 1, 1, 1, 1, 1, 1, 1, 1, 1, 1, 1, 1, 1, 1, 1, 1], "var": [0.0353454276919, 0.026745185256, 0.0508636161685, 0.109164729714, 0.0622782371938, 0.0273306686431, 0.0500003136694, 0.0271442383528, 0.0345855392516, 0.052579138428, 0.0465130135417, 0.0634810552001, 0.0773567184806, 0.0339526347816, 0.0280641112477, 0.0544477552176, 0.0472914911807, 0.0866356566548, 0.114925660193, 0.038354370743, 0.0154586136341, 0.0211864002049, 0.014186071232, 0.0454032756388, 0.0865788012743, 0.037997353822, 0.0260692499578, 0.0413261912763, 0.0217337347567, 0.0457489825785, 0.0700566321611, 0.033554431051, 0.0540339760482, 0.0855585560203, 0.0422103442252, 0.0275056380779], "mean": [0.0660774558783, 0.0636537075043, 0.143257498741, 0.23372772336, 0.155542299151, 0.0890938043594, 0.107223443687, 0.0733318254352, 0.0739755630493, 0.105278618634, 0.102881655097, 0.12974357605, 0.145292326808, 0.0853521898389, 0.0680568292737, 0.100908003747, 0.109619677067, 0.204865276814, 0.257795363665, 0.125460356474, 0.0366819240153, 0.0371069610119, 0.0363443307579, 0.102966316044, 0.159556850791, 0.0966512784362, 0.063948713243, 0.0793592259288, 0.0597318969667, 0.0946922302246, 0.126400321722, 0.0891981869936, 0.116353541613, 0.153198346496, 0.0963191613555, 0.0604725591838]}, "tuning_equal_tempered_deviation": 0.00275757210329, "chords_changes_rate": 0.0623504221439, "key_key": "D#", "tuning_diatonic_strength": 0.500946342945, "key_scale": "major", "chords_number_rate": 0.0022672880441, "tuning_frequency": 440.508575439, "tuning_nontempered_energy_ratio": 0.648998498917, "chords_histogram": [28.0765838623, 2.70814967155, 3.06083893776, 2.61997723579, 1.38556492329, 1.3099886179, 2.00277113914, 0.491245746613, 3.11122298241, 0.7431666255, 0.780954778194, 0.755762696266, 1.80123436451, 0.59201413393, 0.667590379715, 6.43657875061, 3.48910450935, 6.8396525383, 3.21199154854, 4.97543764114, 11.7017259598, 1.39816093445, 4.73611307144, 7.10416936874], "key_strength": 0.740269720554, "chords_key": "D#", "chords_strength": {"dmean2": 0.00855793058872, "median": 0.468983799219, "min": -1, "dvar2": 0.000538862193935, "dvar": 0.000301673513604, "dmean": 0.00991209037602, "max": 0.78685772419, "var": 0.0219134688377, "mean": 0.461693435907}, "chords_scale": "major", "hpcp_entropy": {"dmean2": 0.810682594776, "median": 1.61782181263, "min": 0, "dvar2": 0.506543636322, "dvar": 0.196776419878, "dmean": 0.480089008808, "max": 3.97780179977, "var": 0.424184769392, "mean": 1.56770575047}}, "metadata": {"audio_properties": {"equal_loudness": 0, "codec": "mp3", "downmix": "mix", "sample_rate": 44100, "analysis_sample_rate": 44100, "bit_rate": 256000, "md5_encoded": "e1556e93a6d5cf12e4d388869b68acb3", "length": 368.613891602, "replay_gain": -8.28993034363, "lossless": false}, "version": {"essentia_build_sha": "70f2e5ece6736b2c40cc944ad0e695b16b925413", "essentia": "2.1-beta2", "extractor": "music 1.0", "essentia_git_sha": "v2.1_beta2"}, "tags": {"title": ["You taught my heart to sing"], "artist": ["Carol Welsman"], "albumartist": ["Carol Welsman"], "date": ["2007"], "genre": ["Jazz"], "album": ["Lucky to Be Me"], "tracknumber": ["2"], "musicbrainz_recordingid": ["0941744f-a824-401e-9ead-ef7c8b8659da"], "file_name": "21042.mp3"}}, "rhythm": {"bpm_histogram_first_peak_bpm": {"dmean2": 0, "median": 103, "min": 103, "dvar2": 0, "dvar": 0, "dmean": 0, "max": 103, "var": 0, "mean": 103}, "bpm": 103.579040527, "bpm_histogram_second_peak_spread": {"dmean2": 0, "median": 0, "min": 0, "dvar2": 0, "dvar": 0, "dmean": 0, "max": 0, "var": 0, "mean": 0}, "bpm_histogram_first_peak_weight": {"dmean2": 0, "median": 0.356687903404, "min": 0.356687903404, "dvar2": 0, "dvar": 0, "dmean": 0, "max": 0.356687903404, "var": 0, "mean": 0.356687903404}, "onset_rate": 3.84940505028, "beats_position": [0.719818592072, 1.45124709606, 2.18267560005, 2.91410422325, 3.66875267029, 4.42340135574, 5.17804956436, 5.93269824982, 6.6989569664, 7.47682523727, 8.24308395386, 9.0093421936, 9.78721046448, 10.5418596268, 11.3081178665, 12.0743761063, 12.8290243149, 13.5952835083, 14.3731517792, 15.15102005, 15.9288883209, 16.6951465607, 17.4614048004, 18.2160549164, 18.9823131561, 19.7485713959, 20.5148296356, 21.2694778442, 22.0473461151, 22.825214386, 23.5914726257, 24.3577327728, 25.1123809814, 25.8786392212, 26.6332874298, 27.3995456696, 28.1658039093, 28.932062149, 29.6983222961, 30.476190567, 31.2540588379, 32.0319252014, 32.6936950684, 33.332244873, 33.9707946777, 34.6093406677, 35.2478904724, 35.8748283386, 36.5017662048, 37.1403160095, 37.755645752, 38.3593635559, 38.8585929871, 39.3462142944, 39.8454399109, 40.3330612183, 40.8206787109, 41.3083000183, 41.795917511, 42.2835350037, 42.771156311, 43.2587738037, 43.7463951111, 44.2340126038, 44.8493423462, 45.4646720886, 46.0567779541, 46.6488876343, 47.229385376, 47.7982749939, 48.3787727356, 48.959274292, 49.5513839722, 50.1318817139, 50.7123794556, 51.2928771973, 51.8733787537, 52.4422683716, 53.0227661133, 53.5916557312, 54.1721534729, 54.7526512146, 55.333152771, 55.9252586365, 56.5173683167, 57.0978660583, 57.6783676147, 58.2588653564, 58.8393630981, 59.4314727783, 60.0235824585, 60.6040802002, 61.1961898804, 61.7882995605, 62.380405426, 62.9725151062, 63.5646247864, 64.1451263428, 64.7372360229, 65.3177337646, 65.8982315063, 66.478729248, 67.0592269897, 67.6397247314, 68.2202224731, 68.8007278442, 69.392829895, 69.9733352661, 70.5538330078, 71.1343307495, 71.7148284912, 72.2953262329, 72.8758239746, 73.4563217163, 74.0368270874, 74.6289291382, 75.2210388184, 75.8131484985, 76.4168701172, 77.0205917358, 77.6243057251, 78.2280273438, 78.831741333, 79.4354629517, 80.0391845703, 80.6312942505, 81.2233963013, 81.8155059814, 82.3960113525, 82.9765090942, 83.5453948975, 84.1258926392, 84.7063903809, 85.2868881226, 85.8673934937, 86.4478912354, 87.0283889771, 87.6088867188, 88.1893844604, 88.7814941406, 89.3503875732, 89.9192733765, 90.4881591797, 91.0686569214, 91.6491622925, 92.2296600342, 92.8101577759, 93.4022674561, 93.9827651978, 94.5632629395, 95.1437606812, 95.7242584229, 96.3047637939, 96.8852615356, 97.4773712158, 98.0694732666, 98.6499786377, 99.2420806885, 99.8225860596, 100.403083801, 100.983581543, 101.564079285, 102.156188965, 102.748298645, 103.328796387, 103.909294128, 104.501403809, 105.093513489, 105.685623169, 106.266120911, 106.835006714, 107.415504456, 107.996009827, 108.56489563, 109.133781433, 109.714286804, 110.294784546, 110.875282288, 111.455780029, 112.024665833, 112.593559265, 113.174057007, 113.74294281, 114.311836243, 114.880722046, 115.449615479, 116.03011322, 116.598999023, 117.179496765, 117.748390198, 118.317276001, 118.886169434, 119.466667175, 120.047164917, 120.627662659, 121.2081604, 121.788658142, 122.369155884, 122.938049316, 123.50693512, 124.075828552, 124.644714355, 125.213600159, 125.782493591, 126.351379395, 126.920272827, 127.48915863, 128.058044434, 128.626937866, 129.195831299, 129.753097534, 130.321990967, 130.890884399, 131.459777832, 132.028656006, 132.597549438, 133.17805481, 133.746932983, 134.315826416, 134.884719849, 135.453598022, 136.022491455, 136.591384888, 137.160263062, 137.729156494, 138.286437988, 138.855331421, 139.424209595, 140.004714966, 140.585220337, 141.154098511, 141.722991943, 142.291885376, 142.849151611, 143.418045044, 143.975326538, 144.544219971, 145.113098145, 145.681991577, 146.25088501, 146.819763184, 147.377044678, 147.94593811, 148.514831543, 149.095321655, 149.652603149, 150.209884644, 150.767166138, 151.336044312, 151.904937744, 152.473831177, 153.042724609, 153.611602783, 154.180496216, 154.749389648, 155.318267822, 155.875549316, 156.444442749, 157.013336182, 157.570602417, 158.13949585, 158.708389282, 159.277282715, 159.846160889, 160.415054321, 160.983947754, 161.552825928, 162.12171936, 162.690612793, 163.259490967, 163.828384399, 164.397277832, 164.954559326, 165.535049438, 166.092330933, 166.661224365, 167.230117798, 167.787384033, 168.367889404, 168.948379517, 169.528884888, 170.09777832, 170.666656494, 171.235549927, 171.804443359, 172.373336792, 172.942214966, 173.511108398, 174.080001831, 174.660491943, 175.229385376, 175.798278809, 176.367156982, 176.936050415, 177.504943848, 178.073822021, 178.654327393, 179.234832764, 179.803710938, 180.384216309, 180.964706421, 181.533599854, 182.114105225, 182.694595337, 183.286712646, 183.878814697, 184.459320068, 185.039810181, 185.63192749, 186.224029541, 186.804534912, 187.385025024, 187.977142334, 188.569244385, 189.149749756, 189.730239868, 190.322357178, 190.914459229, 191.483352661, 192.063858032, 192.655960083, 193.259674072, 193.851791382, 194.443893433, 195.036010742, 195.616500854, 196.208618164, 196.789108276, 197.369613647, 197.95010376, 198.530609131, 199.111114502, 199.691604614, 200.272109985, 200.852600098, 201.433105469, 202.013595581, 202.594100952, 203.174606323, 203.766708374, 204.347213745, 204.927703857, 205.508209229, 206.100311279, 206.68081665, 207.272918701, 207.865036011, 208.457138062, 209.049255371, 209.629745483, 210.210250854, 210.790740967, 211.359634399, 211.928527832, 212.497406006, 213.089523315, 213.670013428, 214.250518799, 214.831008911, 215.411514282, 215.992019653, 216.572509766, 217.153015137, 217.733505249, 218.302398682, 218.871292114, 219.451782227, 220.020675659, 220.589569092, 221.158447266, 221.727340698, 222.307846069, 222.888336182, 223.457229614, 224.037734985, 224.629837036, 225.210342407, 225.79083252, 226.371337891, 226.951828003, 227.532333374, 228.112823486, 228.693328857, 229.273834229, 229.854324341, 230.434829712, 231.015319824, 231.595825195, 232.153106689, 232.721984863, 233.290878296, 233.882995605, 234.475097656, 235.067199707, 235.659317017, 236.239807129, 236.8203125, 237.400817871, 237.992919922, 238.585037231, 239.177139282, 239.769241333, 240.361358643, 240.953460693, 241.533966064, 242.114456177, 242.694961548, 243.275466919, 243.86756897, 244.459671021, 245.040176392, 245.620681763, 246.212783813, 246.804885864, 247.385391235, 247.977508545, 248.569610596, 249.150115967, 249.753829956, 250.357543945, 250.972869873, 251.58821106, 252.203536987, 252.818862915, 253.422576904, 254.026306152, 254.64163208, 255.233734131, 255.83744812, 256.42956543, 257.02166748, 257.613769531, 258.2059021, 258.786376953, 259.390106201, 259.982208252, 260.57434082, 261.166442871, 261.781768799, 262.408691406, 263.035644531, 263.662567139, 264.277923584, 264.870025635, 265.438903809, 266.031005859, 266.61151123, 267.192016602, 267.760894775, 268.329803467, 268.91027832, 269.502410889, 270.082885742, 270.663391113, 271.243896484, 271.812774658, 272.393280029, 272.9737854, 273.565887451, 274.169616699, 274.76171875, 275.353820801, 275.945922852, 276.526428223, 277.106933594, 277.687438965, 278.279541016, 278.871643066, 279.452148438, 280.044250488, 280.636352539, 281.21685791, 281.808959961, 282.377868652, 282.958374023, 283.538848877, 284.119354248, 284.699859619, 285.29196167, 285.872467041, 286.441345215, 287.021850586, 287.602355957, 288.182861328, 288.751739502, 289.332244873, 289.912750244, 290.493225098, 291.062133789, 291.64263916, 292.223114014, 292.803619385, 293.384124756, 293.964630127, 294.54510498, 295.125610352, 295.706115723, 296.274993896, 296.843902588, 297.424407959, 297.993286133, 298.562164307, 299.142669678, 299.723175049, 300.292053223, 300.860961914, 301.441436768, 302.021942139, 302.60244751, 303.182952881, 303.763427734, 304.355560303, 304.959259033, 305.562988281, 306.166717529, 306.77041626, 307.362548828, 307.943023682, 308.523529053, 309.104034424, 309.672912598, 310.241821289, 310.822296143, 311.402801514, 311.983306885, 312.540588379, 313.097869873, 313.666748047, 314.235626221, 314.792907715, 315.350189209, 315.93069458, 316.511199951, 317.114929199, 317.70703125, 318.31072998, 318.914459229, 319.518188477, 320.110290527, 320.690795898, 321.259674072, 321.828552246, 322.409057617, 322.989562988, 323.570068359, 324.15057373, 324.731048584, 325.311553955, 325.880462646, 326.44934082, 327.029846191, 327.610321045, 328.190826416, 328.771331787, 329.351837158, 329.932342529, 330.512817383, 331.104949951, 331.708648682, 332.31237793, 332.90447998, 333.508209229, 334.0887146, 334.669189453, 335.249694824, 335.830200195, 336.410705566, 336.97958374, 337.548461914, 338.117370605, 338.686248779, 339.255126953, 339.824035645, 340.392913818, 340.96182251, 341.530700684, 342.111206055, 342.680084229, 343.2605896, 343.829467773, 344.398345947, 344.955627441, 345.524536133, 346.093414307, 346.650695801, 347.219573975, 347.788482666, 348.368988037, 348.937866211, 349.506744385, 350.075653076, 350.64453125, 351.213409424, 351.782318115, 352.351196289, 352.920074463, 353.488983154, 354.057861328, 354.638366699, 355.23046875, 355.822570801, 356.426300049, 356.844268799, 357.273834229, 357.680175781, 358.074920654, 358.45803833, 358.852783203, 359.235900879, 359.619049072, 360.002166748, 360.385284424, 360.791656494, 361.186401367, 361.569519043, 361.952636719, 362.347381592, 362.730529785, 363.125244141, 363.531616211, 363.926330566, 364.355926514, 364.785491943, 365.215057373, 365.691070557, 366.201904297, 366.712738037, 367.223571777, 367.734405518], "beats_loudness": {"dmean2": 0.0437188595533, "median": 0.0342599339783, "min": 0, "dvar2": 0.00198748148978, "dvar": 0.000653582508676, "dmean": 0.0258260499686, "max": 0.165019005537, "var": 0.000963237311225, "mean": 0.0401681624353}, "danceability": 1.13796710968, "bpm_histogram_second_peak_weight": {"dmean2": 0, "median": 0.0318471342325, "min": 0.0318471342325, "dvar2": 0, "dvar": 0, "dmean": 0, "max": 0.0318471342325, "var": 0, "mean": 0.0318471342325}, "beats_count": 629, "bpm_histogram_second_peak_bpm": {"dmean2": 0, "median": 108, "min": 108, "dvar2": 0, "dvar": 0, "dmean": 0, "max": 108, "var": 0, "mean": 108}, "bpm_histogram_first_peak_spread": {"dmean2": 0, "median": 0.558185458183, "min": 0.558185458183, "dvar2": 0, "dvar": 0, "dmean": 0, "max": 0.558185458183, "var": 0, "mean": 0.558185458183}, "beats_loudness_band_ratio": {"dmean2": [0.462332993746, 0.193482965231, 0.297441154718, 0.229336053133, 0.055159304291, 0.0637774020433], "median": [0.484279811382, 0.0960272848606, 0.149320483208, 0.0730895623565, 0.0118962870911, 0.00945060234517], "min": [0, 0, 0, 0, 0, 0], "dvar2": [0.117964752018, 0.0328562296927, 0.0644048750401, 0.0591532923281, 0.00673925830051, 0.0185110550374], "dvar": [0.0412974208593, 0.0121764652431, 0.024246301502, 0.022430671379, 0.00227754819207, 0.00640894658864], "dmean": [0.271711736917, 0.111273042858, 0.170784950256, 0.13265350461, 0.0303498078138, 0.0341076590121], "max": [0.987264454365, 0.810284495354, 0.889410197735, 0.891648352146, 0.394051223993, 0.63491666317], "var": [0.0830282941461, 0.0162102449685, 0.0354159213603, 0.0289016105235, 0.00182317744475, 0.00395209528506], "mean": [0.484888911247, 0.134742423892, 0.207717046142, 0.144171327353, 0.026248048991, 0.0261893924326]}}, "lowlevel": {"barkbands_spread": {"dmean2": 5.93565559387, "median": 11.8782052994, "min": 0.710770070553, "dvar2": 115.584014893, "dvar": 52.4875335693, "dmean": 3.85702729225, "max": 127.023727417, "var": 154.632385254, "mean": 14.7720298767}, "melbands_spread": {"dmean2": 5.6541557312, "median": 12.6499557495, "min": 0.551833570004, "dvar2": 103.975730896, "dvar": 51.5877037048, "dmean": 3.76469159126, "max": 259.396911621, "var": 310.648040771, "mean": 16.672908783}, "hfc": {"dmean2": 6.5948343277, "median": 9.77944850922, "min": 1.06410750695e-16, "dvar2": 199.502883911, "dvar": 98.2089385986, "dmean": 4.72506046295, "max": 323.993530273, "var": 441.664550781, "mean": 17.5635929108}, "barkbands_kurtosis": {"dmean2": 5.72416114807, "median": 3.75538802147, "min": -1.95833778381, "dvar2": 137.063430786, "dvar": 63.9175033569, "dmean": 3.78512239456, "max": 192.75390625, "var": 172.803192139, "mean": 7.75728654861}, "gfcc": {"mean": [-48.9965744019, 99.8644866943, -84.6535720825, 6.20583248138, -51.9046211243, 14.5554389954, -27.1478500366, 11.7321901321, -24.2379283905, 5.654733181, -13.3965539932, -2.62267327309, -11.8590450287], "icov": [[6.05290770181e-05, -2.70861419267e-05, 0.000149733503349, -8.1254838733e-05, 8.92134848982e-05, -0.000186084900633, 0.000209743026062, -0.000224433722906, 0.000237513726461, -0.000181432042154, 7.64746509958e-05, -0.000209523801459, 9.67805317487e-05], [-2.70861419267e-05, 0.00097060459666, 0.000131851120386, 0.000221793379751, -0.000190291233594, -4.42813288828e-05, 5.32681224286e-05, 0.000123312158394, -0.000536899839062, 0.00010741125152, -0.000667057582177, 0.000986573286355, -0.000640673853923], [0.000149733503349, 0.000131851120386, 0.0017257288564, -0.000424817146268, 0.000112855661428, -0.00136539025698, 0.000657969387248, -0.000334862066666, -0.000273237266811, -0.000577678147238, 0.000965776620433, -0.00155071320478, 0.000655225594528], [-8.1254838733e-05, 0.000221793379751, -0.000424817146268, 0.00278088939376, -0.000427317718277, -0.000429881270975, -0.000592623022385, -0.000682513229549, -0.000221269830945, 0.000463406962808, 0.000579630839638, 0.000243538845098, -0.00111295992974], [8.92134848982e-05, -0.000190291233594, 0.000112855661428, -0.000427317718277, 0.00453787157312, -0.000803860661108, -0.000693561218213, -0.000777212029789, -0.00101834279485, 0.000598140759394, -0.000496717810165, -0.000625786778983, 0.000159357776283], [-0.000186084900633, -4.42813288828e-05, -0.00136539025698, -0.000429881270975, -0.000803860661108, 0.00705452309921, -0.00268362136558, 0.00112165266182, 0.000617720477749, -0.00143461942207, 0.000100513607322, 0.000508413068019, 0.000445350538939], [0.000209743026062, 5.32681224286e-05, 0.000657969387248, -0.000592623022385, -0.000693561218213, -0.00268362136558, 0.00801047682762, -0.00283255800605, 0.00273466715589, -0.000818388885818, -0.00274306559004, 0.00196419586428, -0.00119915523101], [-0.000224433722906, 0.000123312158394, -0.000334862066666, -0.000682513229549, -0.000777212029789, 0.00112165266182, -0.00283255800605, 0.0101215774193, -0.00367858191021, 0.00113251886796, 0.000134540750878, -0.000152876993525, 0.000259294058196], [0.000237513726461, -0.000536899839062, -0.000273237266811, -0.000221269830945, -0.00101834279485, 0.000617720477749, 0.00273466715589, -0.00367858191021, 0.011356764473, -0.0042893961072, 0.000277573097264, -0.000183623560588, -0.00107431819197], [-0.000181432042154, 0.00010741125152, -0.000577678147238, 0.000463406962808, 0.000598140759394, -0.00143461942207, -0.000818388885818, 0.00113251886796, -0.0042893961072, 0.0137244453654, -0.00486301165074, 0.00102234876249, -0.000157247748575], [7.64746509958e-05, -0.000667057582177, 0.000965776620433, 0.000579630839638, -0.000496717810165, 0.000100513607322, -0.00274306559004, 0.000134540750878, 0.000277573097264, -0.00486301165074, 0.014244816266, -0.0064984280616, 0.00231971521862], [-0.000209523801459, 0.000986573286355, -0.00155071320478, 0.000243538845098, -0.000625786778983, 0.000508413068019, 0.00196419586428, -0.000152876993525, -0.000183623560588, 0.00102234876249, -0.0064984280616, 0.0148926656693, -0.00589270377532], [9.67805317487e-05, -0.000640673853923, 0.000655225594528, -0.00111295992974, 0.000159357776283, 0.000445350538939, -0.00119915523101, 0.000259294058196, -0.00107431819197, -0.000157247748575, 0.00231971521862, -0.00589270377532, 0.0123384930193]], "cov": [[28150.8867188, 406.20022583, -1873.4810791, 350.330047607, -507.510986328, 261.878417969, -286.530334473, 249.801849365, -468.177124023, 147.459075928, 44.659324646, 150.318832397, -80.1130523682], [406.20022583, 1270.80603027, -282.329498291, -121.505989075, 42.3217582703, -30.6650009155, 13.773024559, 1.0252147913, 55.1843070984, 26.3533000946, 57.2442474365, -69.1089782715, 30.0831775665], [-1873.4810791, -282.329498291, 1046.35766602, 165.035202026, 62.4998893738, 154.68447876, -14.010228157, 16.6286411285, 74.7326660156, 31.5399837494, -36.2997207642, 82.6441116333, 4.45762252808], [350.330047607, -121.505989075, 165.035202026, 476.869140625, 64.7329483032, 82.4335861206, 56.6981391907, 62.7541427612, 10.634552002, -6.4398059845, -25.638338089, 21.1859073639, 41.355846405], [-507.510986328, 42.3217582703, 62.4998893738, 64.7329483032, 272.925354004, 46.0441474915, 60.0439071655, 40.4569282532, 39.393321991, 6.38118696213, 23.6368484497, 13.874546051, 14.1906032562], [261.878417969, -30.6650009155, 154.68447876, 82.4335861206, 46.0441474915, 225.583312988, 80.2232589722, 8.91592884064, -14.631942749, 32.8375778198, 13.5951128006, 5.14117765427, -6.50880813599], [-286.530334473, 13.773024559, -14.010228157, 56.6981391907, 60.0439071655, 80.2232589722, 212.878875732, 40.6167678833, -23.7525367737, 16.9914398193, 40.7537765503, -15.7322816849, 7.95847845078], [249.801849365, 1.0252147913, 16.6286411285, 62.7541427612, 40.4569282532, 8.91592884064, 40.6167678833, 135.029510498, 36.4208488464, 5.41976308823, 6.20975160599, 7.9214553833, 8.99279880524], [-468.177124023, 55.1843070984, 74.7326660156, 10.634552002, 39.393321991, -14.631942749, -23.7525367737, 36.4208488464, 138.819122314, 33.9831962585, 8.06858062744, 12.9062414169, 17.6409072876], [147.459075928, 26.3533000946, 31.5399837494, -6.4398059845, 6.38118696213, 32.8375778198, 16.9914398193, 5.41976308823, 33.9831962585, 104.623680115, 42.5352363586, 12.7113075256, 0.591930687428], [44.659324646, 57.2442474365, -36.2997207642, -25.638338089, 23.6368484497, 13.5951128006, 40.7537765503, 6.20975160599, 8.06858062744, 42.5352363586, 115.650619507, 37.3750572205, 2.62284040451], [150.318832397, -69.1089782715, 82.6441116333, 21.1859073639, 13.874546051, 5.14117765427, -15.7322816849, 7.9214553833, 12.9062414169, 12.7113075256, 37.3750572205, 116.27746582, 40.486114502], [-80.1130523682, 30.0831775665, 4.45762252808, 41.355846405, 14.1906032562, -6.50880813599, 7.95847845078, 8.99279880524, 17.6409072876, 0.591930687428, 2.62284040451, 40.486114502, 107.753517151]]}, "spectral_energyband_middle_low": {"dmean2": 0.00478769792244, "median": 0.0071182474494, "min": 1.29430466069e-22, "dvar2": 6.8427361839e-05, "dvar": 2.85445585178e-05, "dmean": 0.00312930904329, "max": 0.0931260883808, "var": 0.000104085731436, "mean": 0.0105475187302}, "melbands_crest": {"dmean2": 4.02197313309, "median": 14.5447378159, "min": 1.61592149734, "dvar2": 17.4340057373, "dvar": 7.50539255142, "dmean": 2.58197808266, "max": 32.3614006042, "var": 32.9454231262, "mean": 15.3756160736}, "spectral_kurtosis": {"dmean2": 3.4871339798, "median": 6.49224185944, "min": -1.46855688095, "dvar2": 44.7723770142, "dvar": 16.5499610901, "dmean": 2.17964220047, "max": 179.104141235, "var": 108.108779907, "mean": 8.13606929779}, "spectral_rms": {"dmean2": 0.00100791826844, "median": 0.00472890492529, "min": 3.07341131711e-12, "dvar2": 1.98837437893e-06, "dvar": 1.02501962829e-06, "dmean": 0.000736834073905, "max": 0.0139981862158, "var": 5.90820673096e-06, "mean": 0.00482306815684}, "zerocrossingrate": {"dmean2": 0.0107096740976, "median": 0.03857421875, "min": 0.0029296875, "dvar2": 0.000233090453548, "dvar": 0.00019062148931, "dmean": 0.00872982293367, "max": 0.52978515625, "var": 0.00324912089854, "mean": 0.0484855957329}, "silence_rate_60dB": {"dmean2": 0.028978202492, "median": 0, "min": 0, "dvar2": 0.0319256931543, "dvar": 0.0142815960571, "dmean": 0.0144881885499, "max": 1, "var": 0.0835099592805, "mean": 0.0919627100229}, "erbbands_kurtosis": {"dmean2": 1.8967154026, "median": 1.68989920616, "min": -1.81410849094, "dvar2": 7.98511457443, "dvar": 3.59400010109, "dmean": 1.23277878761, "max": 52.2796173096, "var": 11.1208305359, "mean": 2.479814291}, "erbbands": {"dmean2": [0.0940690562129, 1.63301432133, 4.86582803726, 2.67610692978, 5.7287774086, 7.93022680283, 7.15621805191, 9.58025360107, 12.3768558502, 17.1817321777, 17.0848121643, 22.2755413055, 26.990901947, 23.6787090302, 22.4651851654, 27.5445022583, 23.4017372131, 13.3030719757, 8.85082435608, 7.9327917099, 7.21356725693, 4.67444467545, 4.23081922531, 5.4269785881, 4.16134262085, 3.12185645103, 2.52517771721, 1.79601871967, 1.32109022141, 1.21914553642, 1.4178391695, 1.54625678062, 1.45363605022, 0.763661146164, 0.412128984928, 0.245706424117, 0.0842259973288, 0.0288715548813, 0.00456650555134, 0.000203326286282], "median": [0.0401893816888, 0.7574634552, 1.64822673798, 1.54942762852, 1.97402572632, 4.00671100616, 4.05197620392, 5.32971000671, 6.64436531067, 10.2515068054, 11.0301876068, 9.89078140259, 7.37380552292, 9.36523246765, 7.92916631699, 7.2359623909, 5.0382194519, 3.88662910461, 3.7021021843, 2.54467439651, 1.77155053616, 1.27376043797, 1.19742035866, 1.36046004295, 1.40700829029, 1.07803869247, 0.829794049263, 0.583868265152, 0.348338365555, 0.312212944031, 0.293873667717, 0.243273466825, 0.216899871826, 0.151022270322, 0.0817367509007, 0.0434309840202, 0.013768568635, 0.0027779834345, 0.000340198748745, 5.26939911651e-05], "min": [4.35791534277e-23, 2.20480539314e-22, 2.25730076686e-21, 8.83969792779e-21, 1.08012622386e-20, 1.75822037492e-20, 2.84938000877e-20, 6.70382388212e-20, 1.18554187879e-19, 1.72687924468e-19, 2.56278079658e-19, 3.21406248585e-19, 5.13932019169e-19, 9.45385239075e-19, 1.03982558698e-18, 1.00606710541e-18, 1.78285732262e-18, 1.54097668341e-18, 1.88520272545e-18, 3.54039299232e-18, 3.6919386844e-18, 3.54782686449e-18, 5.2799505118e-18, 4.87594267933e-18, 6.37839177135e-18, 7.85782539e-18, 9.28272919473e-18, 9.67948058528e-18, 9.96987474702e-18, 8.91513592078e-18, 1.09496726641e-17, 9.87108870237e-18, 8.45937015661e-18, 7.63520709893e-18, 5.58016951127e-18, 4.10238032767e-18, 1.92313102448e-18, 8.69609704701e-19, 2.37902107254e-19, 2.55995015868e-20], "dvar2": [0.0450415834785, 12.9899530411, 162.353378296, 36.4637794495, 243.706436157, 314.31628418, 232.571395874, 627.790771484, 1722.5690918, 1766.17163086, 2789.74169922, 4018.75439453, 6027.99072266, 6337.89306641, 9891.81347656, 9443.31445312, 7624.07958984, 2514.33740234, 994.88671875, 876.251281738, 905.52911377, 298.75088501, 223.252731323, 419.759246826, 189.514251709, 91.9268188477, 77.3458404541, 39.1951980591, 33.4771575928, 34.0379600525, 56.9443397522, 126.104721069, 131.142837524, 22.6169624329, 3.44767808914, 1.13935410976, 0.119488470256, 0.0184745211154, 0.000508016848471, 8.64435151016e-07], "dvar": [0.024642214179, 5.88926553726, 79.2676620483, 15.4287319183, 89.0589523315, 112.853424072, 94.292930603, 293.906463623, 788.876037598, 786.659790039, 1476.48547363, 2311.70336914, 3620.80639648, 3877.81225586, 4956.65234375, 4976.00634766, 4213.35400391, 1640.24743652, 548.105834961, 530.383972168, 553.98840332, 173.60647583, 109.178230286, 211.445449829, 98.9822387695, 41.0201797485, 34.9641799927, 16.4486045837, 13.2303218842, 13.1674985886, 23.8064041138, 56.3103904724, 59.7166442871, 10.6638650894, 1.67514359951, 0.55096501112, 0.0594238564372, 0.00823451764882, 0.000197722081793, 3.35711803245e-07], "dmean": [0.0695905610919, 1.11679887772, 3.30572962761, 1.69579684734, 3.33762836456, 4.66273641586, 4.48296117783, 6.25556993484, 8.08801460266, 11.1092834473, 12.3158426285, 16.3671512604, 19.8635368347, 17.616607666, 16.2296943665, 20.4445571899, 17.0823974609, 10.0461778641, 6.18826818466, 5.69051551819, 5.33315896988, 3.31511974335, 2.92920732498, 3.72479653358, 2.88133883476, 2.10008597374, 1.67420041561, 1.15263473988, 0.815935611725, 0.759599149227, 0.889666140079, 1.00519979, 0.974243998528, 0.507180154324, 0.271203070879, 0.162093952298, 0.0567146316171, 0.0187098961323, 0.00282307830639, 0.000127554012579], "max": [2.61326742172, 36.9978218079, 121.346817017, 74.4600524902, 213.957824707, 346.462036133, 358.444274902, 708.02911377, 1076.85644531, 893.780212402, 1546.23852539, 1881.82104492, 2264.43286133, 3190.03881836, 2792.46850586, 2067.89306641, 2341.93432617, 2624.76928711, 1804.65722656, 1369.71118164, 2265.12011719, 955.902404785, 522.188354492, 721.73248291, 461.033508301, 272.072418213, 256.099090576, 212.018981934, 177.414520264, 211.05430603, 252.399978638, 316.783294678, 406.936859131, 178.707824707, 73.7346954346, 35.2231826782, 11.3702898026, 4.21806049347, 0.450968742371, 0.0211706273258], "var": [0.0718917995691, 11.9949455261, 152.355407715, 23.5922698975, 81.8113708496, 131.574798584, 300.710540771, 1193.89709473, 2872.90600586, 2319.27270508, 5837.47607422, 13726.8046875, 27561.5546875, 26321.4765625, 18819.4589844, 22974.953125, 22186.9902344, 8431.09277344, 2661.33447266, 3063.8359375, 2921.29101562, 1062.47302246, 302.819335938, 750.680908203, 328.470092773, 154.069793701, 93.3010025024, 34.9508934021, 15.1065292358, 16.1256217957, 32.9100532532, 96.1802825928, 136.111373901, 25.8910903931, 3.99593400955, 1.33940958977, 0.173802822828, 0.0175811350346, 0.000235702522332, 3.52194234665e-07], "mean": [0.147366657853, 2.24811124802, 5.80016326904, 3.26552319527, 4.32051515579, 7.38569879532, 9.8896818161, 16.4259567261, 19.6838626862, 26.1680431366, 34.9385108948, 52.0212020874, 62.8988227844, 52.5954704285, 43.4232635498, 53.0373458862, 48.2950210571, 26.1527061462, 14.54114151, 13.9704790115, 13.1834850311, 7.92246341705, 5.93464231491, 8.46520137787, 6.69559192657, 4.83284568787, 3.45022058487, 2.19112300873, 1.23198115826, 1.18359482288, 1.37826502323, 1.50816655159, 1.57729899883, 0.85071003437, 0.416469842196, 0.235984414816, 0.0878474414349, 0.0246944669634, 0.0031780092977, 0.000163833276019]}, "spectral_strongpeak": {"dmean2": 0.867166936398, "median": 0.544369876385, "min": 0, "dvar2": 2.58239364624, "dvar": 1.15567243099, "dmean": 0.524032354355, "max": 17.6713466644, "var": 3.56742119789, "mean": 1.36694180965}, "spectral_energy": {"dmean2": 0.0127389840782, "median": 0.022921603173, "min": 9.68200366709e-21, "dvar2": 0.000489461410325, "dvar": 0.000235503801377, "dmean": 0.00908746384084, "max": 0.200847938657, "var": 0.000716113077942, "mean": 0.0298994351178}, "average_loudness": 0.80932289362, "spectral_rolloff": {"dmean2": 431.698760986, "median": 710.595703125, "min": 86.1328125, "dvar2": 1742136.375, "dvar": 777140.8125, "dmean": 252.971847534, "max": 20607.2753906, "var": 4707435, "mean": 1128.8067627}, "spectral_centroid": {"dmean2": 211.485473633, "median": 751.244873047, "min": 151.579421997, "dvar2": 116346.71875, "dvar": 57463.28125, "dmean": 139.744659424, "max": 11760.8007812, "var": 1199417, "mean": 960.271179199}, "pitch_salience": {"dmean2": 0.0965270474553, "median": 0.469534933567, "min": 0.0879561901093, "dvar2": 0.00978850480169, "dvar": 0.00413780938834, "dmean": 0.0610626488924, "max": 0.94579064846, "var": 0.0156895238906, "mean": 0.473601728678}, "spectral_energyband_middle_high": {"dmean2": 0.00231366977096, "median": 0.00179334392305, "min": 1.17459414742e-21, "dvar2": 2.40505778493e-05, "dvar": 1.31774286274e-05, "dmean": 0.00169708603062, "max": 0.0772422850132, "var": 0.000101587895188, "mean": 0.00629425281659}, "spectral_contrast_coeffs": {"dmean2": [0.0720949470997, 0.0604638122022, 0.0536655373871, 0.0446185655892, 0.0326787941158, 0.0227801706642], "median": [-0.664721310139, -0.724641978741, -0.725572228432, -0.743147611618, -0.797999739647, -0.810749650002], "min": [-0.980387926102, -0.980093121529, -0.977188944817, -0.974135816097, -0.967688024044, -0.964735150337], "dvar2": [0.00379328033887, 0.00268914923072, 0.0022255810909, 0.00147282006219, 0.000835380633362, 0.000468837592052], "dvar": [0.0014477071818, 0.00112969602924, 0.00106159423012, 0.000721604039427, 0.000418329349486, 0.000196959532332], "dmean": [0.0437928847969, 0.0372379496694, 0.0346324965358, 0.0297529771924, 0.0214323252439, 0.0141795799136], "max": [-0.331725716591, -0.381898730993, -0.387491464615, -0.452477574348, -0.516563177109, -0.617641031742], "var": [0.00812420807779, 0.0074139656499, 0.00994390808046, 0.00695653771982, 0.0043665971607, 0.00156221434008], "mean": [-0.655215442181, -0.719198703766, -0.710237562656, -0.733202219009, -0.786695718765, -0.8080753088]}, "melbands_skewness": {"dmean2": 0.990356326103, "median": 1.92414033413, "min": -1.46710312366, "dvar2": 1.63586235046, "dvar": 0.762077450752, "dmean": 0.669272661209, "max": 14.1518564224, "var": 3.58870482445, "mean": 2.29147672653}, "spectral_spread": {"dmean2": 1090406.75, "median": 4656761, "min": 523028.15625, "dvar2": 2581950627840.0, "dvar": 1279063097340.0, "dmean": 726918.25, "max": 42608104, "var": 16210645221400.0, "mean": 5386125.5}, "dissonance": {"dmean2": 0.0466502010822, "median": 0.444164335728, "min": 0.13645735383, "dvar2": 0.00203827559017, "dvar": 0.000737501017284, "dmean": 0.0276302862912, "max": 0.500000357628, "var": 0.00173354335129, "mean": 0.436636149883}, "spectral_skewness": {"dmean2": 0.410020232201, "median": 2.16614699364, "min": -0.454865068197, "dvar2": 0.269670665264, "dvar": 0.110950596631, "dmean": 0.263277173042, "max": 10.8209657669, "var": 0.695839047432, "mean": 2.22716116905}, "spectral_flux": {"dmean2": 0.0388724654913, "median": 0.0472251549363, "min": 6.30355281861e-11, "dvar2": 0.00277077383362, "dvar": 0.00115723058116, "dmean": 0.0248602442443, "max": 0.382680028677, "var": 0.00242825527675, "mean": 0.061708625406}, "spectral_contrast_valleys": {"dmean2": [0.61009567976, 0.448712855577, 0.451554179192, 0.427401214838, 0.36814302206, 0.413253426552], "median": [-7.1900062561, -6.69363880157, -7.70235443115, -8.56681442261, -8.55357170105, -10.5010538101], "min": [-28.4235248566, -27.9984455109, -27.8178405762, -27.6590633392, -27.642124176, -27.3856773376], "dvar2": [0.281313925982, 0.157400637865, 0.15929685533, 0.155637949705, 0.165213137865, 0.319239735603], "dvar": [0.126916274428, 0.0751824602485, 0.0773195698857, 0.0819465443492, 0.091634593904, 0.154272332788], "dmean": [0.378458827734, 0.276563078165, 0.285140275955, 0.283744186163, 0.257046699524, 0.294570088387], "max": [-5.18696260452, -4.71581888199, -4.80559301376, -6.12995386124, -5.6146697998, -7.25145244598], "var": [5.44755840302, 5.36080694199, 4.96144580841, 4.75477266312, 4.84793233871, 4.25002241135], "mean": [-7.65362596512, -7.07665061951, -8.07689857483, -8.92902469635, -8.91125202179, -10.8273477554]}, "erbbands_flatness_db": {"dmean2": 0.0261082518846, "median": 0.163156807423, "min": 0.0270934514701, "dvar2": 0.000861188571434, "dvar": 0.000441622192739, "dmean": 0.0183952413499, "max": 0.447964578867, "var": 0.00320753990673, "mean": 0.167456105351}, "spectral_energyband_high": {"dmean2": 0.000320006627589, "median": 0.000120211981994, "min": 6.77499816941e-21, "dvar2": 1.49610491462e-06, "dvar": 7.22622132798e-07, "dmean": 0.000217181717744, "max": 0.0307868327945, "var": 1.90496848518e-06, "mean": 0.000416388153099}, "spectral_entropy": {"dmean2": 0.280191242695, "median": 7.04712486267, "min": 5.00351810455, "dvar2": 0.108114622533, "dvar": 0.0522063374519, "dmean": 0.19226564467, "max": 9.82532787323, "var": 0.330588966608, "mean": 7.09702062607}, "silence_rate_20dB": {"dmean2": 0, "median": 1, "min": 1, "dvar2": 0, "dvar": 0, "dmean": 0, "max": 1, "var": 0, "mean": 1}, "melbands_flatness_db": {"dmean2": 0.0345540232956, "median": 0.256587982178, "min": 0.00271902955137, "dvar2": 0.00157946336549, "dvar": 0.00077086139936, "dmean": 0.0235770624131, "max": 0.516032040119, "var": 0.00510583212599, "mean": 0.26058575511}, "barkbands": {"dmean2": [1.67885245901e-05, 0.00600351486355, 0.00402916967869, 0.000691855675541, 0.00218804879114, 0.00111019145697, 0.00117603479885, 0.000630061607808, 0.00107901811134, 0.000837676110677, 0.000672177819069, 0.000738708127756, 0.000489355297759, 0.000215821622987, 0.000187924102647, 0.00013733918604, 0.000100498087704, 8.32967489259e-05, 0.000105556660856, 7.55582805141e-05, 5.2979838074e-05, 3.6431440094e-05, 4.75424130855e-05, 8.08776894701e-05, 6.02417021582e-05, 5.09193450853e-05, 2.62319881585e-05], "median": [3.30441389451e-06, 0.00279248505831, 0.000961563026067, 0.000331190094585, 0.00108356692363, 0.000668911205139, 0.000597124104388, 0.000318697449984, 0.000460326788016, 0.000131423905259, 0.000199317975785, 0.000145240104757, 6.99661613908e-05, 3.74997507606e-05, 5.76212951273e-05, 2.38413995248e-05, 2.04476928047e-05, 1.87812838703e-05, 2.45769588219e-05, 2.31330886891e-05, 1.661326678e-05, 9.16136377782e-06, 1.0