{"tonal": {"thpcp": [1, 0.537506818771, 0.418349772692, 0.598901748657, 0.394912421703, 0.382813125849, 0.394711852074, 0.239809378982, 0.528977930546, 0.734438061714, 0.445470392704, 0.414751648903, 0.400730311871, 0.211287051439, 0.624636471272, 0.947167694569, 0.501004874706, 0.318966418505, 0.429306268692, 0.257215261459, 0.199753567576, 0.261859387159, 0.198499783874, 0.299156427383, 0.403565376997, 0.259496569633, 0.283723682165, 0.352156847715, 0.232239723206, 0.55429816246, 0.791250050068, 0.409947007895, 0.290617018938, 0.390116810799, 0.268877923489, 0.636736690998], "hpcp": {"dmean2": [0.0694163814187, 0.0681438669562, 0.11565117538, 0.128446310759, 0.108646795154, 0.10272103548, 0.111180767417, 0.107091382146, 0.178181260824, 0.189923852682, 0.144900709391, 0.102194622159, 0.09519533813, 0.101155012846, 0.167243286967, 0.205528587103, 0.147592812777, 0.140907302499, 0.168348610401, 0.135784476995, 0.12277905643, 0.119052812457, 0.100119024515, 0.161496937275, 0.17626529932, 0.129122957587, 0.128026306629, 0.113485522568, 0.0921578407288, 0.177779912949, 0.202471762896, 0.16932991147, 0.126410543919, 0.118260428309, 0.0997094213963, 0.0768614336848], "median": [0.0215832684189, 0.0216147489846, 0.0344243459404, 0.0358972176909, 0.0234346576035, 0.0243348479271, 0.0207038037479, 0.021297654137, 0.0732799321413, 0.103497989476, 0.0594667829573, 0.0216820668429, 0.0175816249102, 0.0229192953557, 0.101716771722, 0.149652823806, 0.0890504717827, 0.0504434630275, 0.0492571927607, 0.0516324304044, 0.029850428924, 0.0276671368629, 0.0264100804925, 0.0620648190379, 0.0721486285329, 0.065813228488, 0.0426818616688, 0.0297066383064, 0.0244388505816, 0.100913338363, 0.163225650787, 0.08854418993, 0.0209071692079, 0.0208036080003, 0.0192549340427, 0.019628258422], "min": [0, 0, 0, 0, 0, 0, 0, 0, 0, 0, 0, 0, 0, 0, 0, 0, 0, 0, 0, 0, 0, 0, 0, 0, 0, 0, 0, 0, 0, 0, 0, 0, 0, 0, 0, 0], "dvar2": [0.0205176677555, 0.0234773270786, 0.0474333502352, 0.0567983873188, 0.0568509697914, 0.047138620168, 0.0583354756236, 0.0391580089927, 0.0686536505818, 0.0680448561907, 0.0495852120221, 0.0397006422281, 0.0410979241133, 0.0302847512066, 0.0504066795111, 0.0778072103858, 0.039796102792, 0.049549035728, 0.071923866868, 0.0409918949008, 0.0433031246066, 0.0468110069633, 0.0367233864963, 0.0617043636739, 0.071112267673, 0.0322286374867, 0.0403195358813, 0.0375075675547, 0.0253401044756, 0.0600093603134, 0.071538887918, 0.0674581453204, 0.0634360313416, 0.0520920231938, 0.0446122698486, 0.02924949117], "dvar": [0.00919571239501, 0.00837666541338, 0.0174003913999, 0.0236578844488, 0.0203307941556, 0.0180834848434, 0.0273566767573, 0.0146677820012, 0.0286027248949, 0.036255735904, 0.0201270207763, 0.0156695786864, 0.018861733377, 0.0123117677867, 0.0228720959276, 0.0412731580436, 0.0163330454379, 0.0200214665383, 0.0350491032004, 0.0164106134325, 0.0185072738677, 0.021752750501, 0.0141007164493, 0.0249375365674, 0.0358384847641, 0.0139192501083, 0.0171474460512, 0.0170572567731, 0.00944732408971, 0.0249936804175, 0.035910859704, 0.0229125451297, 0.0227786749601, 0.0255025643855, 0.0159081891179, 0.0104626500979], "dmean": [0.0434148684144, 0.0406250990927, 0.0684582516551, 0.0780973806977, 0.0635269358754, 0.0621582344174, 0.0685767754912, 0.0628884583712, 0.109087057412, 0.121727578342, 0.0886808410287, 0.06152857095, 0.0584053136408, 0.0594960786402, 0.105318039656, 0.130254268646, 0.092063985765, 0.0857732966542, 0.103214472532, 0.0832237005234, 0.0760364234447, 0.0746822506189, 0.0593420118093, 0.098775498569, 0.110404297709, 0.0800195038319, 0.0793397426605, 0.0720105841756, 0.0535073876381, 0.110312215984, 0.130655884743, 0.100214503706, 0.0747816041112, 0.0754465907812, 0.0592288151383, 0.0452881865203], "max": [1, 1, 1, 1, 1, 1, 1, 1, 1, 1, 1, 1, 1, 1, 1, 1, 1, 1, 1, 1, 1, 1, 1, 1, 1, 1, 1, 1, 1, 1, 1, 1, 1, 1, 1, 1], "var": [0.0354223139584, 0.0146501492709, 0.0242211408913, 0.0541465468705, 0.0272978246212, 0.0316902846098, 0.0608133375645, 0.0198603924364, 0.0580947697163, 0.109925195575, 0.0335146822035, 0.0309953670949, 0.0740605965257, 0.0256498809904, 0.0593295842409, 0.140748038888, 0.0412706099451, 0.040338460356, 0.0926862284541, 0.0323070138693, 0.0465460382402, 0.0541658625007, 0.0209832098335, 0.055952783674, 0.112518183887, 0.0362204499543, 0.0451560430229, 0.0531769059598, 0.0145249934867, 0.0576518699527, 0.121548123658, 0.0378135181963, 0.0376393906772, 0.0720557048917, 0.0246984288096, 0.0157946851104], "mean": [0.0878968834877, 0.0666293129325, 0.100416168571, 0.135462537408, 0.0871037617326, 0.0952359437943, 0.118206523359, 0.0779546126723, 0.186058163643, 0.265594482422, 0.137604624033, 0.0975497961044, 0.130948334932, 0.0902527570724, 0.213729858398, 0.33566442132, 0.180421918631, 0.140425130725, 0.201030015945, 0.132558047771, 0.128496751189, 0.132490724325, 0.0804954767227, 0.177559062839, 0.246524721384, 0.149528563023, 0.139217376709, 0.134510904551, 0.0709215477109, 0.209668233991, 0.317930489779, 0.168169513345, 0.107065677643, 0.144102841616, 0.0863380134106, 0.0670501664281]}, "tuning_equal_tempered_deviation": 0.0392707213759, "chords_changes_rate": 0.0508777163923, "key_key": "C", "tuning_diatonic_strength": 0.399511545897, "key_scale": "minor", "chords_number_rate": 0.0044629573822, "tuning_frequency": 442.03793335, "tuning_nontempered_energy_ratio": 0.645172476768, "chords_histogram": [20.4700984955, 0.714073181152, 8.06307601929, 7.6167807579, 0.743826270103, 0.77357929945, 0.416542708874, 9.7292470932, 0.44629573822, 20.0238018036, 0.714073181152, 3.45135378838, 1.24962806702, 0.178518295288, 3.48110675812, 0.952097594738, 1.93394827843, 1.48765254021, 1.4281463623, 1.24962806702, 3.83814334869, 1.69592380524, 9.10443305969, 0.238024398685], "key_strength": 0.627126693726, "chords_key": "C", "chords_strength": {"dmean2": 0.00707049155608, "median": 0.46449509263, "min": 0.153299227357, "dvar2": 4.56538691651e-05, "dvar": 5.34622158739e-05, "dmean": 0.00904236081988, "max": 0.710708916187, "var": 0.00888763647527, "mean": 0.45688828826}, "chords_scale": "minor", "hpcp_entropy": {"dmean2": 0.838206589222, "median": 1.76458191872, "min": 0, "dvar2": 0.508293032646, "dvar": 0.206023752689, "dmean": 0.508801043034, "max": 3.86221337318, "var": 0.487329632044, "mean": 1.73605918884}}, "metadata": {"audio_properties": {"equal_loudness": 0, "codec": "flac", "downmix": "mix", "sample_rate": 44100, "analysis_sample_rate": 44100, "bit_rate": 0, "md5_encoded": "532e9b2928e42f3a69dc2f81538e4cf1", "length": 156.038101196, "replay_gain": -6.08749389648, "lossless": true}, "version": {"essentia_build_sha": "2d9f1f26377add8aeb1075a9c2973f962c4f09fd", "essentia": "2.1-beta2", "extractor": "music 1.0", "essentia_git_sha": "v2.1_beta2-1-ge3940c0"}, "tags": {"title": ["Etude in C minor, op. 10 no. 12 \"Revolutionary\""], "barcode": ["074644230628"], "media": ["CD"], "albumartist": ["Chopin; Vladimir Horowitz"], "tracktotal": ["18"], "language": ["zxx"], "performer": ["\u0412\u043b\u0430\u0434\u0438\u043c\u0438\u0440 \u0421\u0430\u043c\u043e\u0439\u043b\u043e\u0432\u0438\u0447 \u0413\u043e\u0440\u043e\u0432\u0438\u0446 (piano)"], "releasetype": ["album", "compilation"], "musicbrainz_recordingid": ["0947662d-2c2f-4b4d-bb22-c5c024aa69ee"], "composer": ["Fryderyk Chopin"], "musicbrainz_releasegroupid": ["aeee0323-92a4-3dac-97b7-400d7d64ae8b"], "musicbrainz_albumartistid": ["09ff1fe8-d61c-4b98-bb82-18487c74d7b7", "81269a28-c616-4e87-8942-a6f8e59b68e4"], "originalyear": ["1987"], "musicbrainz_releasetrackid": ["e752509f-655d-48fa-a203-31140189216b"], "discnumber": ["1"], "totaldiscs": ["1"], "composersort": ["Chopin, Fryderyk"], "catalognumber": ["MK 42306"], "releasecountry": ["US"], "file_name": "12 Etude in C minor, op. 10 no. 12 _Revolutionary_.flac", "originaldate": ["1987-03-25"], "work": ["\u00c9tude in C minor, op. 10 no. 12 \"Revolutionary\": Allegro con fuoco"], "date": ["1987"], "genre": ["Keyboard, Classical"], "musicbrainz_albumid": ["fbf857c8-004d-475b-babb-e5fb5534c747"], "disctotal": ["1"], "albumartistsort": ["Chopin, Fryderyk; Horowitz, Vladimir Samoylovich"], "musicbrainz_artistid": ["09ff1fe8-d61c-4b98-bb82-18487c74d7b7"], "asin": ["B0000026FJ"], "musicbrainz_workid": ["45fc7e48-c655-3f5c-bfe7-704a9784225e"], "artist": ["Chopin"], "tracknumber": ["12"], "artistsort": ["Chopin, Fryderyk"], "album": ["Favorite Chopin"], "label": ["CBS Records Masterworks"], "releasestatus": ["official"], "acoustid_id": ["61c1b8b6-d844-4e87-9815-d270368b9aa6"], "script": ["Latn"], "totaltracks": ["18"]}}, "rhythm": {"bpm_histogram_first_peak_bpm": {"dmean2": 0, "median": 129, "min": 129, "dvar2": 0, "dvar": 0, "dmean": 0, "max": 129, "var": 0, "mean": 129}, "bpm": 129.924911499, "bpm_histogram_second_peak_spread": {"dmean2": 0, "median": 0.43902438879, "min": 0.43902438879, "dvar2": 0, "dvar": 0, "dmean": 0, "max": 0.43902438879, "var": 0, "mean": 0.43902438879}, "bpm_histogram_first_peak_weight": {"dmean2": 0, "median": 0.0809061452746, "min": 0.0809061452746, "dvar2": 0, "dvar": 0, "dmean": 0, "max": 0.0809061452746, "var": 0, "mean": 0.0809061452746}, "onset_rate": 2.62095975876, "beats_position": [0.812698423862, 1.62539684772, 2.43809509277, 3.1811337471, 3.92417216301, 4.65560102463, 5.38702917099, 6.08362817764, 6.78022670746, 7.47682523727, 8.17342376709, 8.87002277374, 9.45052146912, 10.0194101334, 10.5882987976, 11.1571884155, 11.7376871109, 12.2369155884, 12.7245349884, 13.2121543884, 13.7113828659, 14.2106122971, 14.7214508057, 15.2090702057, 15.696688652, 16.2075271606, 16.7415866852, 17.2640361786, 17.8793640137, 18.4946937561, 19.1216316223, 19.7369613647, 20.3406791687, 20.9560089111, 21.5829467773, 22.1982765198, 22.7671642303, 23.3360538483, 23.8933334351, 24.4506111145, 24.9962806702, 25.5419502258, 26.0992279053, 26.6565074921, 27.2021770477, 27.747844696, 28.2702941895, 28.7927436829, 29.3035831451, 29.8028106689, 30.3020401001, 30.8128795624, 31.358549118, 31.9042167664, 32.4382743835, 32.9723358154, 33.5296134949, 34.0752830505, 34.5861206055, 35.0969619751, 35.5961914063, 36.0838088989, 36.5714263916, 37.0706558228, 37.5234451294, 37.976234436, 38.4406356812, 38.9050331116, 39.3578224182, 39.7989997864, 40.216960907, 40.6233100891, 41.041267395, 41.4476165771, 41.8539657593, 42.2603149414, 42.6666641235, 43.0730133057, 43.5374145508, 43.9902038574, 44.4546012878, 44.9073905945, 45.3485717773, 45.7897491455, 46.2425384521, 46.6953277588, 47.1597251892, 47.6241264343, 48.0885238647, 48.5529251099, 49.0057144165, 49.4236717224, 49.841632843, 50.2712020874, 50.6427192688, 51.0142402649, 51.3857574463, 51.7572784424, 52.152015686, 52.5351448059, 52.9182739258, 53.3014030457, 53.7077522278, 54.1024932861, 54.4972343445, 54.8919715881, 55.333152771, 55.7859382629, 56.2271194458, 56.668296814, 57.1094779968, 57.5390472412, 57.9802246094, 58.4214057922, 58.8625831604, 59.315372467, 59.7681617737, 60.2093429565, 60.673740387, 61.1033096313, 61.5328788757, 61.9740562439, 62.4152374268, 62.8564147949, 63.2975959778, 63.7387733459, 64.2380065918, 64.7372360229, 65.2132415771, 65.8285675049, 66.4555053711, 67.0708389282, 67.686164856, 68.2898864746, 68.9052124023, 69.5205459595, 70.1358718872, 70.7511978149, 71.3433074951, 71.9354171753, 72.5391387939, 73.1196365356, 73.7001342773, 74.280632019, 74.8611297607, 75.4532394409, 76.0221328735, 76.5910186768, 77.15990448, 77.8565063477, 78.5531082153, 79.2264862061, 79.8998641968, 80.4803619385, 81.0608596802, 81.6413574219, 82.2682952881, 82.8952331543, 83.6034469604, 84.3000411987, 85.0082550049, 85.7164611816, 86.4014511108, 87.0748291016, 87.7598190308, 88.456413269, 89.1530151367, 89.7915649414, 90.4301147461, 91.0686569214, 91.695602417, 92.3109283447, 92.9262542725, 93.5415878296, 94.0872573853, 94.6329269409, 95.1785888672, 95.7126541138, 96.2583236694, 96.7923812866, 97.3264389038, 97.8488845825, 98.2436294556, 98.6499786377, 99.0563278198, 99.462677002, 99.8922424316, 100.310203552, 100.739768982, 101.146118164, 101.540863037, 101.935600281, 102.330337524, 102.759910583, 103.189476013, 103.619049072, 104.048614502, 104.478187561, 104.919364929, 105.348930359, 105.871383667, 106.393829346, 106.916282654, 107.46194458, 108.019226074, 108.576507568, 109.133781433, 109.691062927, 110.213516235, 110.735961914, 111.246803284, 111.757637024, 112.268478394, 112.779319763, 113.278549194, 113.766166687, 114.265396118, 114.764625549, 115.287071228, 115.797912598, 116.343582153, 116.900856018, 117.423309326, 117.934150696, 118.456596375, 118.944213867, 119.43183136, 119.907844543, 120.383850098, 120.859863281, 121.324264526, 121.788658142, 122.22983551, 122.671020508, 123.112197876, 123.553375244, 123.994552612, 124.424125671, 124.853691101, 125.28326416, 125.71282959, 126.142402649, 126.595191956, 127.036369324, 127.465942383, 127.941947937, 128.42956543, 128.92880249, 129.335144043, 129.741500854, 130.147842407, 130.554199219, 130.937316895, 131.320449829, 131.703582764, 132.086715698, 132.493057251, 132.887802124, 133.282531738, 133.677276611, 134.141677856, 134.606079102, 135.058868408, 135.534866333, 136.034103394, 136.498504639, 136.951293945, 137.41569519, 137.880081177, 138.344482422, 138.820495605, 139.308120728, 139.795730591, 140.271743774, 140.73614502, 141.188934326, 141.641723633, 142.094512939, 142.547302246, 142.930435181, 143.313552856, 143.708297729, 144.103042603, 144.47454834, 144.846069336, 145.217590332, 145.589111328, 145.960632324, 146.343765259, 146.726898193, 147.110015869, 147.504760742, 147.887893677, 148.271011353, 148.665756226, 149.037277222, 149.420410156, 149.803527832, 150.198272705, 150.604629517, 151.010971069, 151.417327881, 151.881713867, 152.346115112, 152.810516357, 153.274917603, 153.739318848, 154.203720093, 154.668121338, 155.120910645], "beats_loudness": {"dmean2": 0.0292831733823, "median": 0.010480934754, "min": 1.39627175599e-07, "dvar2": 0.00208379002288, "dvar": 0.000795257510617, "dmean": 0.0174404196441, "max": 0.158873260021, "var": 0.000861149339471, "mean": 0.0210301559418}, "danceability": 0.912302017212, "bpm_histogram_second_peak_weight": {"dmean2": 0, "median": 0.0744336545467, "min": 0.0744336545467, "dvar2": 0, "dvar": 0, "dmean": 0, "max": 0.0744336545467, "var": 0, "mean": 0.0744336545467}, "beats_count": 310, "bpm_histogram_second_peak_bpm": {"dmean2": 0, "median": 136, "min": 136, "dvar2": 0, "dvar": 0, "dmean": 0, "max": 136, "var": 0, "mean": 136}, "bpm_histogram_first_peak_spread": {"dmean2": 0, "median": 0.519230782986, "min": 0.519230782986, "dvar2": 0, "dvar": 0, "dmean": 0, "max": 0.519230782986, "var": 0, "mean": 0.519230782986}, "beats_loudness_band_ratio": {"dmean2": [0.137775316834, 0.346129596233, 0.358806401491, 0.235769227147, 0.0240194965154, 0.00190269004088], "median": [0.0706898719072, 0.296264946461, 0.402582734823, 0.128140985966, 0.0163942798972, 0.000420525902882], "min": [0.00159218697809, 0.000494050618727, 0.00190239667427, 0.000820980523713, 0.000218190878513, 6.12207668382e-06], "dvar2": [0.0190197918564, 0.0642532035708, 0.0685616061091, 0.0696442201734, 0.000844557653181, 2.01601887966e-05], "dvar": [0.00761910248548, 0.0257432833314, 0.0246379561722, 0.0277384072542, 0.000308039830998, 6.92624234944e-06], "dmean": [0.0787831991911, 0.199544608593, 0.207489430904, 0.137933313847, 0.0142668290064, 0.00113079929724], "max": [0.991666197777, 0.816838085651, 0.911050736904, 0.971786201, 0.178176820278, 0.0295132622123], "var": [0.0293824356049, 0.0447579957545, 0.0473438836634, 0.0337853170931, 0.000420092925197, 5.67728375245e-06], "mean": [0.126362234354, 0.313876271248, 0.425809502602, 0.18898588419, 0.0214416589588, 0.00113329105079]}}, "lowlevel": {"barkbands_spread": {"dmean2": 1.94234824181, "median": 6.79603862762, "min": 0.821105659008, "dvar2": 3.37448692322, "dvar": 1.33399915695, "dmean": 1.20743703842, "max": 31.0961799622, "var": 6.52645969391, "mean": 6.91600179672}, "melbands_spread": {"dmean2": 2.81604909897, "median": 9.04241085052, "min": 0.820841312408, "dvar2": 10.9626789093, "dvar": 4.76663541794, "dmean": 1.7418859005, "max": 133.717132568, "var": 23.402923584, "mean": 9.48051643372}, "hfc": {"dmean2": 3.71578431129, "median": 5.45338106155, "min": 1.14747500425e-16, "dvar2": 103.575942993, "dvar": 63.0981445313, "dmean": 2.80238008499, "max": 181.198455811, "var": 293.083465576, "mean": 10.8407077789}, "barkbands_kurtosis": {"dmean2": 2.77019381523, "median": 1.55602657795, "min": -1.6909840107, "dvar2": 101.614082336, "dvar": 39.6555976868, "dmean": 1.77892386913, "max": 339.767425537, "var": 439.767791748, "mean": 4.7694067955}, "gfcc": {"mean": [-189.843414307, 208.118209839, -157.525482178, -52.8554801941, -42.691116333, -35.5996856689, -29.5209960938, -17.1869411469, -16.482629776, -14.0053911209, -11.9780960083, -9.6436624527, -2.30372977257], "icov": [[0.00197113212198, -0.00330412155017, 0.0045001055114, -0.0026448648423, 0.00445984536782, -0.00193032680545, 0.00176778575405, -0.000645901833195, 0.000513989361934, 0.00233201566152, -0.00172299996484, 0.00222312472761, -0.000587074260693], [-0.00330412155017, 0.010816115886, -0.00798934232444, 0.0100445570424, -0.00944858975708, 0.00735169928521, -0.0025848406367, 0.00533483084291, -0.000371611939045, -0.00198742980137, 0.00615266663954, -0.0032000055071, 0.00244812015444], [0.0045001055114, -0.00798934232444, 0.0130304470658, -0.00629268633202, 0.011477115564, -0.00747371744365, 0.00801692530513, -0.00513118458912, 0.00539845274761, 0.00105174153578, 0.00104282982647, 0.00170826516114, 0.00077249458991], [-0.0026448648423, 0.0100445570424, -0.00629268633202, 0.0119741214439, -0.00805917102844, 0.0075125740841, -0.00429199170321, 0.00532917166129, 0.00127478921786, -0.00224212859757, 0.00797894969583, -0.00444360636175, 0.00441474793479], [0.00445984536782, -0.00944858975708, 0.011477115564, -0.00805917102844, 0.0191189851612, -0.00555097963661, 0.00945477839559, -0.00903965719044, 0.00935119763017, 0.000980007811449, 0.00126911897678, 0.00218834029511, 0.00125609256793], [-0.00193032680545, 0.00735169928521, -0.00747371744365, 0.0075125740841, -0.00555097963661, 0.0118510285392, -0.00503598665819, 0.00545507855713, -0.00189233140554, 0.000861486536451, 0.00272172363475, -0.00293627730571, 0.00366790615954], [0.00176778575405, -0.0025848406367, 0.00801692530513, -0.00429199170321, 0.00945477839559, -0.00503598665819, 0.0189149305224, -0.00881731044501, 0.0074486490339, -0.00402803812176, 0.0065417974256, -0.000915924785659, 0.00217389944009], [-0.000645901833195, 0.00533483084291, -0.00513118458912, 0.00532917166129, -0.00903965719044, 0.00545507855713, -0.00881731044501, 0.0235788207501, -0.0130983125418, 0.00514639634639, -0.00581068266183, 0.00481980387121, -0.00280820415355], [0.000513989361934, -0.000371611939045, 0.00539845274761, 0.00127478921786, 0.00935119763017, -0.00189233140554, 0.0074486490339, -0.0130983125418, 0.0315128676593, -0.0143260518089, 0.0161990597844, -0.00778419384733, 0.00793621968478], [0.00233201566152, -0.00198742980137, 0.00105174153578, -0.00224212859757, 0.000980007811449, 0.000861486536451, -0.00402803812176, 0.00514639634639, -0.0143260518089, 0.0286069773138, -0.0172853339463, 0.0110040400177, -0.00779151264578], [-0.00172299996484, 0.00615266663954, 0.00104282982647, 0.00797894969583, 0.00126911897678, 0.00272172363475, 0.0065417974256, -0.00581068266183, 0.0161990597844, -0.0172853339463, 0.0413313619792, -0.0222899243236, 0.0150265078992], [0.00222312472761, -0.0032000055071, 0.00170826516114, -0.00444360636175, 0.00218834029511, -0.00293627730571, -0.000915924785659, 0.00481980387121, -0.00778419384733, 0.0110040400177, -0.0222899243236, 0.0330525636673, -0.0161401852965], [-0.000587074260693, 0.00244812015444, 0.00077249458991, 0.00441474793479, 0.00125609256793, 0.00366790615954, 0.00217389944009, -0.00280820415355, 0.00793621968478, -0.00779151264578, 0.0150265078992, -0.0161401852965, 0.0268768034875]], "cov": [[12310.5380859, 944.191589355, -4259.01123047, 352.833007813, -466.162414551, -1422.99926758, 399.357543945, -403.960235596, 25.4025993347, -396.936309814, 39.6993484497, -297.89074707, 65.1720275879], [944.191589355, 1259.27783203, 16.0294380188, -656.33416748, 174.940460205, -192.363098145, -242.091812134, -97.7883987427, -61.8658485413, -85.8127059937, -38.3499145508, -51.668800354, 24.5121364594], [-4259.01123047, 16.0294380188, 1832.33007813, -323.57623291, 109.747550964, 590.088439941, -249.192321777, 89.8750839233, -37.7718391418, 97.1051712036, -35.7866287231, 92.3309555054, -35.3592033386], [352.833007813, -656.33416748, -323.57623291, 646.91809082, -44.223449707, -90.193359375, 170.122894287, 2.07312297821, -2.30475068092, 0.659785985947, -19.0836544037, -8.81980991364, -22.3945980072], [-466.162414551, 174.940460205, 109.747550964, -44.223449707, 230.042434692, -24.3012065887, -79.1223678589, 18.579284668, -47.1596603394, -12.525809288, -19.3279628754, -7.9078412056, -4.74984264374], [-1422.99926758, -192.363098145, 590.088439941, -90.193359375, -24.3012065887, 382.841064453, -25.6410102844, 29.1732006073, 4.06308317184, 32.8811645508, 0.479831874371, 41.4051475525, -28.7663555145], [399.357543945, -242.091812134, -249.192321777, 170.122894287, -79.1223678589, -25.6410102844, 163.151992798, 21.1682529449, 21.8018608093, 8.67398643494, -2.32567214966, -10.9316987991, -2.98245453835], [-403.960235596, -97.7883987427, 89.8750839233, 2.07312297821, 18.579284668, 29.1732006073, 21.1682529449, 92.4280776978, 30.0512180328, 22.6360588074, 1.29170358181, 1.22018110752, -2.04561686516], [25.4025993347, -61.8658485413, -37.7718391418, -2.30475068092, -47.1596603394, 4.06308317184, 21.8018608093, 30.0512180328, 73.7168045044, 29.0370674133, -3.48062539101, -1.92023694515, -1.87637543678], [-396.936309814, -85.8127059937, 97.1051712036, 0.659785985947, -12.525809288, 32.8811645508, 8.67398643494, 22.6360588074, 29.0370674133, 77.4619216919, 18.5439434052, 9.1901550293, 3.04138278961], [39.6993484497, -38.3499145508, -35.7866287231, -19.0836544037, -19.3279628754, 0.479831874371, -2.32567214966, 1.29170358181, -3.48062539101, 18.5439434052, 62.137714386, 27.9771080017, -1.85147404671], [-297.89074707, -51.668800354, 92.3309555054, -8.81980991364, -7.9078412056, 41.4051475525, -10.9316987991, 1.22018110752, -1.92023694515, 9.1901550293, 27.9771080017, 69.0404663086, 21.7751178741], [65.1720275879, 24.5121364594, -35.3592033386, -22.3945980072, -4.74984264374, -28.7663555145, -2.98245453835, -2.04561686516, -1.87637543678, 3.04138278961, -1.85147404671, 21.7751178741, 60.81508255]]}, "spectral_energyband_middle_low": {"dmean2": 0.00436547910795, "median": 0.00725109130144, "min": 1.9202524099e-22, "dvar2": 4.38284660049e-05, "dvar": 2.35109127971e-05, "dmean": 0.00285422685556, "max": 0.131402552128, "var": 0.000164188924828, "mean": 0.0111753446981}, "melbands_crest": {"dmean2": 4.39498519897, "median": 11.9401292801, "min": 1.91240751743, "dvar2": 14.8789367676, "dvar": 5.75997686386, "dmean": 2.69941401482, "max": 36.7173080444, "var": 24.1929798126, "mean": 12.9917488098}, "spectral_kurtosis": {"dmean2": 38.5733642578, "median": 44.0308647156, "min": -1.19713902473, "dvar2": 1215.94763184, "dvar": 427.62789917, "dmean": 22.0224838257, "max": 224.229614258, "var": 2286.18359375, "mean": 59.7938194275}, "spectral_rms": {"dmean2": 0.000607861147728, "median": 0.00305202999152, "min": 3.16149407001e-12, "dvar2": 5.77454841277e-07, "dvar": 3.28473618083e-07, "dmean": 0.000411472050473, "max": 0.0129642039537, "var": 3.99432383347e-06, "mean": 0.00338025111705}, "zerocrossingrate": {"dmean2": 0.00358496839181, "median": 0.0302734375, "min": 0, "dvar2": 8.76502017491e-05, "dvar": 4.77751418657e-05, "dmean": 0.00266730901785, "max": 0.50146484375, "var": 0.000271586119197, "mean": 0.0313580296934}, "silence_rate_60dB": {"dmean2": 0.0648906081915, "median": 0, "min": 0, "dvar2": 0.074967995286, "dvar": 0.0313885174692, "dmean": 0.0324404761195, "max": 1, "var": 0.15863481164, "mean": 0.197738438845}, "erbbands_kurtosis": {"dmean2": 1.41776239872, "median": 0.367303937674, "min": -1.58899056911, "dvar2": 5.84527778625, "dvar": 3.40816164017, "dmean": 0.9567283988, "max": 52.2449684143, "var": 10.5874490738, "mean": 1.26325511932}, "erbbands": {"dmean2": [0.000216861211811, 0.00136813393328, 0.034368544817, 0.367088228464, 2.27052879333, 5.99699211121, 10.5760040283, 14.1101541519, 13.6878814697, 13.5720052719, 37.9009895325, 34.0504226685, 29.8086471558, 22.4512023926, 38.7753181458, 25.5412330627, 12.4650316238, 9.65422534943, 5.30152273178, 3.34558343887, 2.95958375931, 2.66012215614, 2.33180046082, 1.170342803, 0.604833424091, 0.27221801877, 0.164860337973, 0.131284356117, 0.0470993407071, 0.0279223378748, 0.00814955495298, 0.00493428297341, 0.00208891625516, 0.000713878660463, 0.000181126772077, 5.7746139646e-05, 9.31309568841e-06, 1.54805434249e-06, 2.76597893389e-06, 6.3356519604e-06], "median": [0.000551855540834, 0.000940347963478, 0.0178724490106, 0.211490258574, 1.25757598877, 3.27360630035, 7.02222824097, 7.41017961502, 7.08314466476, 9.57610702515, 24.1220264435, 20.7727336884, 17.1036167145, 10.8445215225, 7.16995382309, 7.33985328674, 6.22772407532, 5.26298618317, 3.83077001572, 2.89566016197, 1.71254885197, 1.25498366356, 0.750961244106, 0.288212537766, 0.111265748739, 0.0345717258751, 0.0151234222576, 0.00484119262546, 0.00136351259425, 0.000375847244868, 0.000157795977429, 8.83239554241e-05, 5.75016165385e-05, 4.12075605709e-05, 2.95871086564e-05, 1.92878942471e-05, 1.00934958027e-05, 3.36581229021e-06, 5.22031996297e-06, 1.09197053462e-05], "min": [1.90307960219e-22, 2.34577274169e-21, 9.28424530693e-21, 1.45153993164e-20, 2.67808059744e-20, 7.76752709731e-20, 1.29799527361e-19, 1.68008395722e-19, 2.47936738662e-19, 3.47764694846e-19, 6.69750460999e-19, 7.06070203937e-19, 7.26634379254e-19, 1.18001057373e-18, 3.84319527685e-18, 3.51109466862e-18, 3.26497845108e-18, 4.24882355614e-18, 3.24393642387e-18, 3.94621855419e-18, 5.98264251011e-18, 6.05631990086e-18, 5.87397703381e-18, 9.92698295072e-18, 1.0819122884e-17, 9.94582447071e-18, 1.36481426174e-17, 1.59632772225e-17, 1.38734434552e-17, 1.9524589199e-17, 1.61559590201e-17, 1.40713050578e-17, 1.26627380701e-17, 1.07243147509e-17, 7.61981657645e-18, 4.46594771358e-18, 2.34559284283e-18, 1.23558449639e-18, 2.76001917021e-19, 3.26359845533e-20], "dvar2": [4.01075546108e-08, 3.83752058042e-06, 0.00300371972844, 0.401594728231, 17.8882141113, 129.604187012, 251.925125122, 655.105834961, 915.162841797, 834.964050293, 8387.6015625, 12686.7304688, 7755.79589844, 7529.45117188, 63887.0546875, 20711.6777344, 2761.8996582, 2076.26733398, 496.327697754, 54.9186172485, 45.4082145691, 57.1720275879, 76.1030883789, 12.7396535873, 3.48767185211, 1.29254996777, 0.502304315567, 0.421532601118, 0.0562936402857, 0.0360542796552, 0.0035074618645, 0.0022125497926, 0.000489893194754, 4.33614659414e-05, 2.50467564911e-06, 2.66351918299e-07, 4.79811790299e-09, 2.09919217425e-11, 3.40687859868e-11, 1.66926153455e-10], "dvar": [1.4855801922e-08, 1.32160721478e-06, 0.00104549410753, 0.139822483063, 7.10081243515, 46.1229820251, 84.7485580444, 210.37701416, 256.874664307, 447.146850586, 4557.22949219, 6640.32910156, 4507.41357422, 5154.83691406, 41245.3476563, 9228.52734375, 1991.63244629, 1430.98254395, 270.537841797, 22.1456108093, 20.5833702087, 28.7492485046, 29.8207015991, 5.50530576706, 1.43794965744, 0.489028215408, 0.190565183759, 0.179370298982, 0.0238535813987, 0.0143059371039, 0.0013735126704, 0.000811474572401, 0.000179842696525, 1.65148831002e-05, 9.6211545042e-07, 1.01931789231e-07, 1.83000414822e-09, 8.91314713009e-12, 2.02779407849e-11, 9.80965933484e-11], "dmean": [0.000128230138216, 0.000797394488472, 0.0204540509731, 0.220386341214, 1.40183866024, 3.56831860542, 6.13225746155, 8.14232444763, 7.55461931229, 9.02472019196, 26.4000225067, 23.4960765839, 21.9878540039, 16.1802520752, 31.7702312469, 17.7045555115, 9.00253772736, 7.27909183502, 3.71719717979, 2.1344666481, 1.89900791645, 1.75266373158, 1.44398152828, 0.75013422966, 0.384264558554, 0.165149301291, 0.100505203009, 0.0864990651608, 0.0312159769237, 0.0175303015858, 0.00514721404761, 0.00299009797163, 0.00124541937839, 0.000432169414125, 0.00010829140956, 3.49188921973e-05, 5.75859439778e-06, 9.92455738924e-07, 1.97798772206e-06, 4.47309093943e-06], "max": [0.00197023805231, 0.0214854683727, 0.629821360111, 8.36849021912, 56.3567810059, 133.278198242, 131.694473267, 257.775817871, 312.959350586, 598.64276123, 1794.9029541, 2122.54101563, 1729.52282715, 3228.18798828, 7300.10595703, 3123.75927734, 1915.97790527, 2446.29711914, 862.887390137, 133.974807739, 134.231262207, 208.786209106, 199.897491455, 44.6231613159, 24.5014133453, 14.3779039383, 12.3411149979, 9.12655735016, 4.55040788651, 2.91165828705, 1.24303686619, 1.12351918221, 0.620285987854, 0.151348486543, 0.0327473767102, 0.00842239428312, 0.00140207901131, 8.73787066666e-05, 9.52694390435e-05, 0.000205794320209], "var": [4.48889068139e-08, 3.27579550685e-06, 0.00228546420112, 0.269993066788, 15.8347902298, 106.715332031, 177.266082764, 596.25567627, 607.933776855, 2544.27954102, 23669.2675781, 18883.3808594, 19869.28125, 25194.84375, 139581.515625, 15922.6542969, 6726.36767578, 4787.38476563, 762.032165527, 71.9882202148, 77.8479995728, 84.7058258057, 46.818977356, 10.1880836487, 3.12767720222, 0.694401025772, 0.237166255713, 0.215686291456, 0.0295540448278, 0.0130865499377, 0.0012232188601, 0.000612666364759, 0.000126747516333, 1.29430754896e-05, 7.49980529235e-07, 7.76391573254e-08, 1.53531487523e-09, 1.91494962248e-11, 1.12275758135e-10, 5.46242884258e-10], "mean": [0.00056324765319, 0.00150104973, 0.0346553735435, 0.389469563961, 2.59803032875, 6.80540990829, 11.3027420044, 16.4956531525, 15.3868312836, 25.7112255096, 74.761932373, 57.2026939392, 61.7375984192, 41.7203598022, 70.7154922485, 33.1676330566, 20.2699565887, 19.8459072113, 9.84900951385, 5.71768045425, 4.66393518448, 3.96227359772, 2.75331282616, 1.40612435341, 0.756764173508, 0.281388968229, 0.159650713205, 0.113223090768, 0.0423632971942, 0.0191509313881, 0.00550509616733, 0.00290188146755, 0.00112937495578, 0.000413421483245, 0.000121772616694, 4.7513483878e-05, 1.56395490194e-05, 4.43686667495e-06, 8.53457459016e-06, 1.82682761078e-05]}, "spectral_strongpeak": {"dmean2": 0.706185221672, "median": 0.745616316795, "min": 0, "dvar2": 1.08759021759, "dvar": 0.533414542675, "dmean": 0.45050534606, "max": 15.3227119446, "var": 2.56018948555, "mean": 1.31527650356}, "spectral_energy": {"dmean2": 0.00552906142548, "median": 0.00954775884748, "min": 1.02449202688e-20, "dvar2": 0.000120088756375, "dvar": 7.01054814272e-05, "dmean": 0.00387702323496, "max": 0.172272339463, "var": 0.00039705861127, "mean": 0.0158059019595}, "average_loudness": 0.52116638422, "spectral_rolloff": {"dmean2": 151.06803894, "median": 796.728515625, "min": 21.533203125, "dvar2": 136175.09375, "dvar": 66536.7734375, "dmean": 86.1068649292, "max": 19616.7480469, "var": 313059.9375, "mean": 823.123840332}, "spectral_centroid": {"dmean2": 106.639587402, "median": 619.812744141, "min": 269.686401367, "dvar2": 43150.8085938, "dvar": 20560.7578125, "dmean": 65.4483795166, "max": 11325.3769531, "var": 112264.03125, "mean": 650.968322754}, "pitch_salience": {"dmean2": 0.0921809375286, "median": 0.609746336937, "min": 0.0570694245398, "dvar2": 0.00617517344654, "dvar": 0.00248081819154, "dmean": 0.0563260503113, "max": 0.845702946186, "var": 0.0132556986064, "mean": 0.59259390831}, "spectral_energyband_middle_high": {"dmean2": 0.00216078641824, "median": 0.00153624743689, "min": 1.57022013451e-21, "dvar2": 5.94176708546e-05, "dvar": 3.64938969142e-05, "dmean": 0.00167257187422, "max": 0.167191326618, "var": 0.000140625823406, "mean": 0.00482834409922}, "spectral_contrast_coeffs": {"dmean2": [0.0753397792578, 0.0695281401277, 0.0513369888067, 0.0399740748107, 0.0273428205401, 0.0338775664568], "median": [-0.470935374498, -0.732565462589, -0.752207815647, -0.767249882221, -0.741123318672, -0.802411258221], "min": [-0.966189146042, -0.972836256027, -0.979906380177, -0.977145433426, -0.961467146873, -0.961252212524], "dvar2": [0.0035912678577, 0.00313837314025, 0.00188668747433, 0.00109887286089, 0.00057022809051, 0.00103396666236], "dvar": [0.00129542988725, 0.00114617845975, 0.000849048607051, 0.000450428226031, 0.000239097396843, 0.000414105656091], "dmean": [0.0448511615396, 0.0415382161736, 0.0320542044938, 0.0242753792554, 0.0173929575831, 0.0202579312027], "max": [-0.256899952888, -0.41073268652, -0.434233099222, -0.521097004414, -0.625997364521, -0.606098234653], "var": [0.00912254583091, 0.00557120284066, 0.0061113955453, 0.00274782534689, 0.00312084006146, 0.00533743388951], "mean": [-0.483149468899, -0.726676404476, -0.741365492344, -0.764374196529, -0.751356959343, -0.795161128044]}, "melbands_skewness": {"dmean2": 0.614930987358, "median": 1.03866827488, "min": -3.07340288162, "dvar2": 0.499180078506, "dvar": 0.194778576493, "dmean": 0.388845294714, "max": 19.2323646545, "var": 2.34283208847, "mean": 1.17973589897}, "spectral_spread": {"dmean2": 361108.21875, "median": 1103555.5, "min": 381245.96875, "dvar2": 275147423744, "dvar": 147030032384, "dmean": 207498.421875, "max": 40255720, "var": 2634150313980.0, "mean": 1315999.375}, "dissonance": {"dmean2": 0.0589900836349, "median": 0.435114115477, "min": 0.126647725701, "dvar2": 0.00287748640403, "dvar": 0.00107843079604, "dmean": 0.0350046120584, "max": 0.500000059605, "var": 0.00274692336097, "mean": 0.424988865852}, "spectral_skewness": {"dmean2": 2.19124937057, "median": 4.13021421432, "min": -0.0285965707153, "dvar2": 3.24209904671, "dvar": 1.105027318, "dmean": 1.24530827999, "max": 12.0618467331, "var": 6.16344165802, "mean": 4.80647420883}, "spectral_flux": {"dmean2": 0.0224922224879, "median": 0.0381074994802, "min": 6.74871061812e-11, "dvar2": 0.00121405371465, "dvar": 0.000488567049615, "dmean": 0.013697270304, "max": 0.318192303181, "var": 0.000969051208813, "mean": 0.0433761812747}, "spectral_contrast_valleys": {"dmean2": [0.684694886208, 0.505301713943, 0.434926122427, 0.406976282597, 0.358431875706, 0.494974583387], "median": [-9.88073921204, -6.42891454697, -7.1915230751, -8.2579460144, -10.0956249237, -14.2152433395], "min": [-28.5900859833, -27.3392505646, -27.4976444244, -27.6495552063, -27.4275856018, -27.3191719055], "dvar2": [0.313443422318, 0.183629274368, 0.162206336856, 0.156335785985, 0.190903827548, 0.244820326567], "dvar": [0.118197388947, 0.0778899118304, 0.0735343396664, 0.0730850026011, 0.0962937399745, 0.0951016545296], "dmean": [0.39774954319, 0.29973167181, 0.263895630836, 0.249849885702, 0.233244135976, 0.286036789417], "max": [-8.14309692383, -4.74592733383, -5.22200012207, -6.2011680603, -6.99745559692, -10.6141843796], "var": [0.76277077198, 1.76343429089, 1.79973626137, 1.9915356636, 2.282725811, 0.522193908691], "mean": [-9.93791389465, -6.6710524559, -7.45631170273, -8.61297702789, -10.3494853973, -14.1041707993]}, "erbbands_flatness_db": {"dmean2": 0.0188307948411, "median": 0.355680912733, "min": 0.0325774289668, "dvar2": 0.000360862526577, "dvar": 0.000166757628904, "dmean": 0.0121551277116, "max": 0.487039476633, "var": 0.0030904118903, "mean": 0.35030323267}, "spectral_energyband_high": {"dmean2": 7.7356780821e-06, "median": 5.9600830582e-07, "min": 7.25484572353e-21, "dvar2": 1.17619514128e-09, "dvar": 4.67454908115e-10, "dmean": 4.95442054671e-06, "max": 0.000454090361018, "var": 5.92163817981e-10, "mean": 7.52048254071e-06}, "spectral_entropy": {"dmean2": 0.21633194387, "median": 6.30534696579, "min": 4.78482627869, "dvar2": 0.047564893961, "dvar": 0.0199494641274, "dmean": 0.133723542094, "max": 9.80603027344, "var": 0.227539047599, "mean": 6.29962825775}, "silence_rate_20dB": {"dmean2": 0, "median": 1, "min": 1, "dvar2": 0, "dvar": 0, "dmean": 0, "max": 1, "var": 0, "mean": 1}, "melbands_flatness_db": {"dmean2": 0.029486592859, "median": 0.373924165964, "min": 0.00411723321304, "dvar2": 0.000817229331005, "dvar": 0.000347124558175, "dmean": 0.0183277595788, "max": 0.541572928429, "var": 0.00337610440329, "mean": 0.377053588629}, "barkbands": {"dmean2": [3.065061901e-05, 4.535433618e-06, 4.91562932439e-05, 0.000212607468711, 0.00152069621254, 0.00157803180628, 0.000856522936374, 0.00155570043717, 0.0014680007007, 0.000904129294213, 0.00083731621271, 0.00068266922608, 0.000260474189417, 0.000181581315701, 7.79009787948e-05, 5.70507254452e-05, 5.26962066942e-05, 3.62249920727e-05, 1.98058387468e-05, 5.99400982537e-06, 3.27274892697e-06, 1.14658143957e-06, 4.49481035503e-07, 1.7199018032e-07, 4.14009626581e-08, 6.49825659949e-09, 1.41893130579e-09], "median": [0.000213855644688, 2.74893545793e-06, 1.90150749404e-05, 9.35013304115e-05, 0.00107947573997, 0.00102451490238, 0.00045068009058, 0.000850545824505, 0.000817785796244, 0.000392598391045, 0.000149381710798, 0.000181296694791, 0.000106416468043, 7.0012290962e-05, 5.92054020672e-05, 2.80620897684e-05, 2.09880599868e-05, 8.99598035176e-06, 3.48546836904e-06, 6.79317849972e-07, 2.14264062492e-07, 2.64684629769e-08, 5.42960920669e-09, 3.24924664952e-09, 3.09234349238e-09, 3.62585272917e-09, 3.40426375978e-09], "min": [1.19174055116e-24, 7.15758348426e-24, 1.05798324851e-23, 1.77891940381e-24, 2.17407351797e-23, 1.93414920449e-23, 1.01148052923e-23, 1.99921524081e-23, 2.176312463e-23, 3.25378680786e-23, 4.25461369168e-23, 5.07554999685e-23, 6.15692872988e-23, 2.9166065155e-23, 6.01494828198e-23, 9.90312062152e-23, 9.22971045641e-23, 1.05127605332e-22, 2.20027316636e-22, 1.99155634805e-22, 3.6824022007e-22, 3.69016080548e-22, 5.85291221308e-22, 7.65512187527e-22, 1.14196534577e-21, 1.38773128785e-21, 2.14421633178e-21], "dvar2": [6.79818257243e-10, 3.6022001354e-11, 6.68492639022e-09, 1.57003967161e-07, 6.00376779403e-06, 5.92113110542e-06, 2.72723968919e-06, 1.60384861374e-05, 1.83868978638e-05, 1.10806986413e-05, 2.05399846891e-05, 1.10131959445e-05, 1.46113802657e-06, 9.13241990474e-07, 2.91547976872e-08, 1.61169815271e-08, 2.08096206933e-08, 1.61713789026e-08, 3.65447849759e-09, 5.93620375078e-10, 2.12939069155e-10, 3.86590377766e-11, 1.37498129202e-11, 2.41729856618e-12, 1.27634502359e-13, 3.22002730096e-15, 3.97710175595e-18], "dvar": [2.210102934e-10, 1.21801804753e-11, 2.31047092569e-09, 5.10014004362e-08, 2.15321210817e-06, 1.92865491044e-06, 7.83615973887e-07, 9.11468578124e-06, 9.7816264315e-06, 6.63872742734e-06, 1.35194532049e-05, 4.83553003505e-06, 1.10126563868e-06, 5.89123544614e-07, 1.17836984614e-08, 6.7898526801e-09, 9.90264137357e-09, 6.36008712362e-09, 1.54096890803e-09, 2.21409141021e-10, 8.82442868777e-11, 1.64739142466e-11, 5.2060933689e-12, 8.99156942478e-13, 4.94803410213e-14, 1.25011115114e-15, 1.42925746308e-18], "dmean": [1.73934477061e-05, 2.63872493633e-06, 2.92731419904e-05, 0.000125244507217, 0.000910837901756, 0.000904824119061, 0.00047985612764, 0.00108685414307, 0.0010100385407, 0.000674126844388, 0.000665568863042, 0.000454410386737, 0.000189480109839, 0.000135857684654, 4.85566743009e-05, 3.62783648598e-05, 3.43740830431e-05, 2.23294446187e-05, 1.2650159988e-05, 3.59272098649e-06, 2.10555549529e-06, 7.47851629512e-07, 2.77784806713e-07, 1.0408646034e-07, 2.48268019476e-08, 3.90274124129e-09, 8.14988687647e-10], "max": [0.000340521277394, 5.85170237173e-05, 0.000874951598234, 0.00447456119582, 0.0296850204468, 0.0227609947324, 0.0151127846912, 0.0943653956056, 0.0788020342588, 0.0855827480555, 0.128709822893, 0.0603848733008, 0.0475121513009, 0.0512429922819, 0.00326713081449, 0.00200821878389, 0.002979750745, 0.00287198321894, 0.000786016404163, 0.000267021445325, 0.000220825953875, 0.000125187842059, 6.24097883701e-05, 2.99803887174e-05, 6.6037164288e-06, 1.20204538234e-06, 2.48228229083e-08], "var": [3.48668205419e-09, 2.3331911056e-11, 4.69117589219e-09, 8.76047963061e-08, 5.4605452533e-06, 5.47276886209e-06, 1.82552355454e-06, 5.25317482243e-05, 2.84232883132e-05, 2.842308458