{"metadata": {"tags": {"label": ["Pschent"], "releasecountry": ["FR"], "musicbrainz_releasetrackid": ["4ea2ebd1-edd4-3a71-b9ae-3db5e863cd11"], "catalognumber": ["3208382"], "genre": ["Electronic"], "releasetype": ["album", "compilation"], "originalyear": ["2009"], "tracknumber": ["9"], "disctotal": ["1"], "musicbrainz_albumartistid": ["11bf566b-a73e-4e8c-ba82-83fdcddd0aed"], "album": ["H\u00f4tel Costes, Volume 12"], "script": ["Latn"], "albumartistsort": ["Pompougnac, St\u00e9phane"], "releasestatus": ["official"], "acoustid_id": ["d382e0aa-2df1-4506-814c-b4b5b81459ee"], "musicbrainz_artistid": ["b9a025b6-eae0-44c8-9005-b0b18602e7b7", "4b33e41e-b202-444d-a085-b6fe05c46f70"], "musicbrainz_releasegroupid": ["682af749-db34-4e8d-96aa-9b6abd36e95b"], "musicbrainz_recordingid": ["0964410a-c0cc-43b2-9e8c-0fafb55ba70e"], "albumartist": ["St\u00e9phane Pompougnac"], "barcode": ["3596972083822"], "originaldate": ["2009-09-21"], "totaltracks": ["16"], "artist": ["Malik Alary feat. Manu D"], "musicbrainz_albumid": ["c51be25e-4bfe-42b1-9e58-a37f379bfa09"], "artistsort": ["Alary, Malik feat. Manu D"], "title": ["I Have to Run Away"], "asin": ["B002HSUYEA"], "tracktotal": ["16"], "totaldiscs": ["1"], "compilation": ["1"], "date": ["2009-09-21"], "media": ["CD"], "file_name": "09 I Have To Run Away -Malik Alary Feat. Manu D.flac", "discnumber": ["1"]}, "audio_properties": {"sample_rate": 44100, "downmix": "mix", "lossless": true, "analysis_sample_rate": 44100, "md5_encoded": "32abef07c4799f0172e87b81d78160e2", "equal_loudness": 0, "replay_gain": -12.9729614258, "codec": "flac", "bit_rate": 0, "length": 218.21333313}, "version": {"extractor": "music 1.0", "essentia_build_sha": "70f2e5ece6736b2c40cc944ad0e695b16b925413", "essentia_git_sha": "v2.1_beta2", "essentia": "2.1-beta2"}}, "rhythm": {"beats_loudness_band_ratio": {"dvar2": [0.124459810555, 0.0454562492669, 0.0453763157129, 0.092260055244, 0.00328988255933, 0.0585469789803], "var": [0.0934015959501, 0.0269885957241, 0.0161733645946, 0.0252953451127, 0.000950646935962, 0.0117159252986], "min": [0.000194249019842, 0.000433796696598, 2.87548682536e-05, 7.68775771576e-06, 1.58793170613e-06, 1.17558931834e-06], "dmean": [0.192171677947, 0.102193959057, 0.104541890323, 0.0940530076623, 0.0251726098359, 0.068520963192], "mean": [0.683718562126, 0.120327860117, 0.0980880782008, 0.0732063949108, 0.0170768611133, 0.0392852835357], "max": [0.998789668083, 0.980255961418, 0.91630345583, 0.944956839085, 0.318007618189, 0.856994926929], "dmean2": [0.350415498018, 0.176425650716, 0.192454591393, 0.175290852785, 0.0476299859583, 0.134830906987], "median": [0.833228349686, 0.0546608045697, 0.0490392968059, 0.0235946364701, 0.0100287375972, 0.00610062852502], "dvar": [0.0456274151802, 0.0173632968217, 0.0148228630424, 0.0319784656167, 0.00117090041749, 0.0180642101914]}, "bpm_histogram_first_peak_weight": {"dvar2": 0, "var": 0, "min": 0.754023015499, "dmean": 0, "mean": 0.754023015499, "max": 0.754023015499, "dmean2": 0, "median": 0.754023015499, "dvar": 0}, "bpm": 120.032829285, "beats_count": 436, "bpm_histogram_first_peak_spread": {"dvar2": 0, "var": 0, "min": 0.240740716457, "dmean": 0, "mean": 0.240740716457, "max": 0.240740716457, "dmean2": 0, "median": 0.240740716457, "dvar": 0}, "danceability": 1.34309220314, "bpm_histogram_first_peak_bpm": {"dvar2": 0, "var": 0, "min": 120, "dmean": 0, "mean": 120, "max": 120, "dmean2": 0, "median": 120, "dvar": 0}, "beats_position": [0.441179126501, 0.893968224525, 1.35836732388, 1.83437633514, 2.32199549675, 2.80961441994, 3.30884337425, 3.80807256699, 4.3073015213, 4.80653047562, 5.30575942993, 5.80498838425, 6.30421733856, 6.80344676971, 7.30267572403, 7.80190467834, 8.3011341095, 8.80036258698, 9.29959201813, 9.79882049561, 10.2980499268, 10.7972784042, 11.3081178665, 11.807346344, 12.3065757751, 12.8058052063, 13.3050336838, 13.8042631149, 14.3034915924, 14.8027210236, 15.301949501, 15.8011789322, 16.3004074097, 16.7880268097, 17.2872562408, 17.786485672, 18.2973232269, 18.7965526581, 19.3073921204, 19.8066215515, 20.3058490753, 20.8050785065, 21.3043079376, 21.8035373688, 22.3027667999, 22.8019943237, 23.312833786, 23.8120632172, 24.3112926483, 24.7989120483, 25.2981395721, 25.7973690033, 26.2965984344, 26.7958278656, 27.3066654205, 27.8058948517, 28.3051242828, 28.804353714, 29.3035831451, 29.8028106689, 30.3020401001, 30.7896595001, 31.3004989624, 31.7997264862, 32.2989578247, 32.7981834412, 33.2974128723, 33.7966423035, 34.2958717346, 34.7951011658, 35.3059387207, 35.8051681519, 36.304397583, 36.8036270142, 37.3028564453, 37.8020858765, 38.3013153076, 38.8005447388, 39.2997741699, 39.7989997864, 40.2982292175, 40.7974586487, 41.2966880798, 41.795917511, 42.2951469421, 42.7943763733, 43.3052139282, 43.8044433594, 44.3036727905, 44.7912902832, 45.2789115906, 45.7781410217, 46.2773704529, 46.7882080078, 47.287437439, 47.7982749939, 48.297504425, 48.80834198, 49.2959632874, 49.8068008423, 50.3060302734, 50.8052597046, 51.3044891357, 51.8037185669, 52.302947998, 52.8021774292, 53.3014030457, 53.8006324768, 54.3114738464, 54.7990913391, 55.3099327087, 55.8091583252, 56.3083877563, 56.7960090637, 57.3068466187, 57.8176841736, 58.305305481, 58.8045349121, 59.3037643433, 59.8146018982, 60.3022193909, 60.8130607605, 61.3122901917, 61.8115196228, 62.2991371155, 62.8099746704, 63.2975959778, 63.8084335327, 64.3076629639, 64.806892395, 65.3061218262, 65.8053512573, 66.3045806885, 66.8038101196, 67.3030395508, 67.8022689819, 68.3014984131, 68.8007278442, 69.299949646, 69.7991790771, 70.2984085083, 70.7976379395, 71.3084793091, 71.8077087402, 72.3069381714, 72.8061676025, 73.3053970337, 73.8162307739, 74.3154602051, 74.8146896362, 75.3023147583, 75.8131484985, 76.3007659912, 76.8116073608, 77.310836792, 77.8100662231, 78.2976837158, 78.8085250854, 79.3077545166, 79.8069839478, 80.3062133789, 80.8054428101, 81.3046722412, 81.8039016724, 82.3031311035, 82.8023605347, 83.3015823364, 83.8008117676, 84.3000411987, 84.7992706299, 85.298500061, 85.7977294922, 86.3085708618, 86.807800293, 87.3070297241, 87.8062591553, 88.3054885864, 88.8047180176, 89.3039474487, 89.8031692505, 90.3023986816, 90.8132400513, 91.3124694824, 91.8116989136, 92.3109283447, 92.8101577759, 93.2977752686, 93.8086166382, 94.3078460693, 94.8070755005, 95.3063049316, 95.8055343628, 96.3047637939, 96.8039855957, 97.3032150269, 97.802444458, 98.3016738892, 98.8009033203, 99.3001327515, 99.7993621826, 100.298591614, 100.797821045, 101.308662415, 101.807891846, 102.307121277, 102.806350708, 103.305580139, 103.804801941, 104.304031372, 104.803260803, 105.302490234, 105.801719666, 106.300949097, 106.811790466, 107.311019897, 107.810249329, 108.30947876, 108.808708191, 109.307937622, 109.807167053, 110.306388855, 110.805618286, 111.304847717, 111.804077148, 112.291702271, 112.790924072, 113.278549194, 113.777778625, 114.277008057, 114.776237488, 115.287071228, 115.797912598, 116.308753967, 116.79637146, 117.3072052, 117.794830322, 118.294059753, 118.793289185, 119.292518616, 119.791740417, 120.290969849, 120.79019928, 121.289428711, 121.788658142, 122.287887573, 122.787117004, 123.286346436, 123.797187805, 124.296417236, 124.795646667, 125.294876099, 125.805709839, 126.30493927, 126.804168701, 127.303398132, 127.802627563, 128.301864624, 128.801086426, 129.300308228, 129.799545288, 130.29876709, 130.79800415, 131.297225952, 131.796463013, 132.295684814, 132.794921875, 133.294143677, 133.793380737, 134.304214478, 134.803451538, 135.30267334, 135.801895142, 136.301132202, 136.800354004, 137.299591064, 137.798812866, 138.298049927, 138.797271729, 139.296508789, 139.807342529, 140.30657959, 140.794189453, 141.293426514, 141.792648315, 142.291885376, 142.791107178, 143.301940918, 143.801177979, 144.30039978, 144.799636841, 145.310470581, 145.809707642, 146.308929443, 146.808166504, 147.307388306, 147.806625366, 148.305847168, 148.805084229, 149.30430603, 149.803527832, 150.302764893, 150.801986694, 151.301223755, 151.812057495, 152.299682617, 152.810516357, 153.309753418, 153.80897522, 154.30821228, 154.807434082, 155.306671143, 155.805892944, 156.305114746, 156.804351807, 157.303573608, 157.802810669, 158.302032471, 158.801269531, 159.300491333, 159.799728394, 160.298950195, 160.798187256, 161.297409058, 161.796646118, 162.29586792, 162.79510498, 163.305938721, 163.805160522, 164.304397583, 164.803619385, 165.302856445, 165.813690186, 166.301315308, 166.812149048, 167.29977417, 167.81060791, 168.309844971, 168.809066772, 169.296691895, 169.807525635, 170.295150757, 170.805984497, 171.305206299, 171.804443359, 172.303665161, 172.802902222, 173.302124023, 173.801361084, 174.300582886, 174.799819946, 175.299041748, 175.798278809, 176.29750061, 176.796737671, 177.307571411, 177.806793213, 178.306030273, 178.805252075, 179.304489136, 179.803710938, 180.302947998, 180.813781738, 181.313018799, 181.812240601, 182.299865723, 182.810699463, 183.309921265, 183.809158325, 184.296783447, 184.807617188, 185.29524231, 185.80607605, 186.293685913, 186.804534912, 187.303756714, 187.802993774, 188.302215576, 188.801452637, 189.300674438, 189.799911499, 190.299133301, 190.798370361, 191.297592163, 191.796829224, 192.296051025, 192.795272827, 193.294509888, 193.793731689, 194.304580688, 194.80380249, 195.303039551, 195.802261353, 196.301498413, 196.812332153, 197.299957275, 197.810791016, 198.298416138, 198.809249878, 199.296859741, 199.80770874, 200.295318604, 200.806167603, 201.305389404, 201.804626465, 202.303848267, 202.803085327, 203.302307129, 203.801544189, 204.300765991, 204.800003052, 205.299224854, 205.798446655, 206.297683716, 206.796905518, 207.296142578, 207.79536438, 208.29460144, 208.793823242, 209.293060303, 209.792282104, 210.303131104, 210.813964844, 211.301589966, 211.800811768, 212.300048828, 212.810882568, 213.298492432, 213.809341431, 214.308563232, 214.807800293, 215.307022095, 215.806259155, 216.293869019, 216.804718018, 217.303939819, 217.80317688], "beats_loudness": {"dvar2": 0.00252484786324, "var": 0.00521413981915, "min": 1.01320911199e-05, "dmean": 0.0360817909241, "mean": 0.113042227924, "max": 0.260407179594, "dmean2": 0.0655945390463, "median": 0.142348498106, "dvar": 0.00102765508927}, "bpm_histogram_second_peak_weight": {"dvar2": 0, "var": 0, "min": 0.00229885056615, "dmean": 0, "mean": 0.00229885056615, "max": 0.00229885056615, "dmean2": 0, "median": 0.00229885056615, "dvar": 0}, "bpm_histogram_second_peak_spread": {"dvar2": 0, "var": 0, "min": 0.5, "dmean": 0, "mean": 0.5, "max": 0.5, "dmean2": 0, "median": 0.5, "dvar": 0}, "bpm_histogram_second_peak_bpm": {"dvar2": 0, "var": 0, "min": 126, "dmean": 0, "mean": 126, "max": 126, "dmean2": 0, "median": 126, "dvar": 0}, "onset_rate": 3.91783547401}, "lowlevel": {"spectral_energyband_high": {"dvar2": 3.35811864716e-06, "var": 1.86478223441e-06, "min": 9.77386882539e-09, "dmean": 0.000456283451058, "mean": 0.000488405115902, "max": 0.0148929785937, "dmean2": 0.000680305645801, "median": 2.62135017692e-05, "dvar": 1.46147090163e-06}, "spectral_energyband_middle_low": {"dvar2": 0.000418718293076, "var": 0.000213024875848, "min": 3.78443221205e-10, "dmean": 0.0061789592728, "mean": 0.0121943801641, "max": 0.13205820322, "dmean2": 0.00984157714993, "median": 0.00814240425825, "dvar": 0.000158515569638}, "spectral_energy": {"dvar2": 0.00140298379119, "var": 0.00210789148696, "min": 1.46444234517e-08, "dmean": 0.0158663503826, "mean": 0.0374761000276, "max": 0.276123672724, "dmean2": 0.0222036149353, "median": 0.0204178858548, "dvar": 0.000749270548113}, "spectral_spread": {"dvar2": 5499798945790.0, "var": 9049945931780.0, "min": 154944.40625, "dmean": 1123487.5, "mean": 4336325, "max": 24411876, "dmean2": 1563829.375, "median": 3579398.5, "dvar": 3062487580670.0}, "spectral_energyband_low": {"dvar2": 0.00126931734849, "var": 0.00149089773186, "min": 1.76106995653e-09, "dmean": 0.0125128263608, "mean": 0.0237097535282, "max": 0.267472475767, "dmean2": 0.0182090401649, "median": 0.00838313717395, "dvar": 0.000627343368251}, "spectral_rolloff": {"dvar2": 6679628.5, "var": 4801664, "min": 64.599609375, "dmean": 477.498291016, "mean": 994.598266602, "max": 18755.4199219, "dmean2": 834.111022949, "median": 495.263671875, "dvar": 2791412}, "barkbands": {"dvar2": [3.33702837452e-06, 0.0011233430123, 0.000582278356887, 0.000153643704834, 4.74038060929e-05, 7.15693158782e-06, 5.12648875883e-06, 1.06509323814e-05, 4.45797604698e-06, 6.06026060268e-06, 3.5988214222e-06, 5.77502851229e-06, 5.60090165891e-06, 2.10818689084e-06, 1.01996391777e-07, 5.32675805687e-08, 2.94241804255e-08, 5.10388247221e-08, 2.64729209221e-07, 4.14042879981e-08, 1.54343211989e-07, 5.88481547936e-08, 6.50386837719e-08, 9.93607613964e-08, 6.74205224982e-08, 2.009763449e-07, 1.83441841273e-07], "var": [3.80969936487e-06, 0.000959698809311, 0.000136659102282, 4.04996571888e-05, 2.78207644442e-05, 6.44354986434e-06, 3.61787715519e-06, 1.01965460999e-05, 4.62477373731e-06, 5.99584382144e-06, 2.44333136834e-06, 3.07738059746e-06, 2.29978877542e-06, 1.64311859407e-06, 1.07509357861e-07, 2.83468057916e-08, 2.86125736437e-08, 4.28716155909e-08, 1.15968155967e-07, 3.43894370758e-08, 5.21033491907e-08, 5.58660282479e-08, 6.30298373494e-08, 6.18662880925e-08, 3.70623745027e-08, 6.21747062723e-08, 4.95148775315e-08], "min": [1.6374548939e-10, 4.60484650411e-10, 4.27595764352e-10, 3.25410427771e-11, 6.3183014376e-11, 7.04134806018e-11, 1.48362589575e-11, 8.50611074632e-12, 1.75529001056e-11, 1.28497100113e-11, 1.30723140646e-11, 1.0007907697e-11, 1.62940216875e-11, 1.59080543877e-11, 1.20424347577e-11, 1.16057961852e-11, 1.22789538953e-11, 2.24947734051e-11, 1.82095935553e-11, 3.26994577249e-11, 5.0003605423e-11, 7.01860930485e-11, 1.17897525076e-10, 2.15885712085e-10, 5.51349244038e-10, 1.09995645925e-09, 1.00353607368e-10], "dmean": [0.000560139655136, 0.00993876904249, 0.0048003536649, 0.00254379655235, 0.00215792795643, 0.000916694814805, 0.000590967130847, 0.000920641527046, 0.000556623155717, 0.000639962032437, 0.000368446111679, 0.000450292020105, 0.000251194229349, 0.000250101118581, 8.79387880559e-05, 5.56841769139e-05, 5.02049733768e-05, 5.47495801584e-05, 8.95925768418e-05, 4.51770611107e-05, 5.70161682845e-05, 4.89393314638e-05, 5.5239914218e-05, 6.90598535584e-05, 6.13016309217e-05, 9.18994046515e-05, 7.93020153651e-05], "mean": [0.000807297532447, 0.0162085220218, 0.00487431744114, 0.00282150600106, 0.00388851831667, 0.00168347684667, 0.000915044685826, 0.00161723978817, 0.000955297553446, 0.000965630577412, 0.000513222825248, 0.000571444456, 0.000310169154545, 0.000344948639395, 0.000146111167851, 7.19510499039e-05, 7.36728688935e-05, 7.42574047763e-05, 0.00011509705655, 5.41374975001e-05, 6.08344453212e-05, 6.34942916804e-05, 6.94965638104e-05, 7.2137278039e-05, 6.44067040412e-05, 7.61411356507e-05, 5.75823178224e-05], "max": [0.0162812564522, 0.246956557035, 0.144501104951, 0.0752554088831, 0.076790034771, 0.0282401684672, 0.0387842953205, 0.0448703691363, 0.0406465493143, 0.0492290221155, 0.0350873917341, 0.0277022644877, 0.0453204475343, 0.0303073283285, 0.00492341816425, 0.00242793234065, 0.00268066534773, 0.00347686582245, 0.00544672692195, 0.00218424526975, 0.00348354945891, 0.00772936455905, 0.00389612023719, 0.00409806706011, 0.00338222878054, 0.00623500114307, 0.00555232120678], "dmean2": [0.000689472304657, 0.0149243688211, 0.00854348111898, 0.00447703013197, 0.00355078000575, 0.00139405752998, 0.000871103489771, 0.00136555091012, 0.000826890929602, 0.00098371389322, 0.000568693038076, 0.000724819779862, 0.000418627925683, 0.000387197796954, 0.000133651381475, 9.10190065042e-05, 7.39584866096e-05, 7.53062777221e-05, 0.000136409711558, 6.32184601272e-05, 9.23699917621e-05, 6.98625735822e-05, 7.81379058026e-05, 0.000106527717435, 9.30916139623e-05, 0.0001524919644, 0.000135358393891], "median": [6.13593583694e-05, 0.00381826492958, 0.00168764626142, 0.00116301025264, 0.00189799687359, 0.000631586357486, 0.000184262971743, 0.000200043185032, 0.000120766533655, 0.000215035121073, 4.15625581809e-05, 5.03167429997e-05, 2.49309323408e-05, 3.18111524393e-05, 1.779619015e-05, 6.94087611919e-06, 7.91617640061e-06, 7.64396645536e-06, 1.05928593257e-05, 4.0230020204e-06, 2.99323005493e-06, 4.52055746791e-06, 2.67347309091e-06, 2.03799891096e-06, 2.31929379879e-06, 2.10402208722e-06, 3.11089138449e-07], "dvar": [1.89724835309e-06, 0.000508209341206, 0.000205295727937, 5.38282401976e-05, 1.75106652023e-05, 3.02212947645e-06, 2.19500043386e-06, 4.48982473245e-06, 1.99294004233e-06, 2.72914599009e-06, 1.46159413816e-06, 2.15186514652e-06, 1.82033943474e-06, 9.43653844843e-07, 4.43959820018e-08, 1.99851069027e-08, 1.43583935852e-08, 2.61570569648e-08, 1.07143925732e-07, 2.29206484903e-08, 5.66503253197e-08, 3.36293055625e-08, 3.45915189826e-08, 4.15728251824e-08, 2.84540693229e-08, 7.76376793965e-08, 6.93879016467e-08]}, "melbands_skewness": {"dvar2": 4.95168828964, "var": 6.86237192154, "min": -3.40886592865, "dmean": 1.105484128, "mean": 2.89316678047, "max": 25.2423858643, "dmean2": 1.65696871281, "median": 2.38619613647, "dvar": 2.17804980278}, "barkbands_skewness": {"dvar2": 4.6103720665, "var": 6.3084602356, "min": -4.67096185684, "dmean": 0.975708842278, "mean": 2.23056221008, "max": 43.5762023926, "dmean2": 1.46266901493, "median": 1.832711339, "dvar": 2.07464981079}, "erbbands": {"dvar2": [0.913091540337, 75.9719696045, 551.527954102, 1558.2286377, 737.47845459, 739.543945312, 638.563293457, 468.1300354, 859.406860352, 1940.06848145, 5661.71777344, 1929.95385742, 3939.44482422, 6663.15820312, 3559.52270508, 13536.484375, 9519.82519531, 7221.82226562, 360.969177246, 142.10534668, 124.450836182, 84.6844940186, 76.9453048706, 344.585388184, 481.030822754, 85.903137207, 156.800369263, 213.753112793, 109.455253601, 55.988494873, 56.0085601807, 57.5556945801, 25.8353748322, 9.95735549927, 3.62033963203, 2.12854886055, 0.978562891483, 0.199757024646, 0.00549322040752, 7.25381687516e-06], "var": [1.7001144886, 35.3124008179, 152.33480835, 398.09487915, 257.370513916, 419.021789551, 661.500183105, 327.719482422, 648.796813965, 1352.67614746, 6888.95898438, 2209.37158203, 2709.91162109, 5694.14794922, 2559.59814453, 6720.06152344, 3985.72949219, 5354.85498047, 319.487731934, 165.865631104, 84.2404174805, 81.225227356, 85.2680587769, 246.535476685, 232.491546631, 75.8985595703, 75.2537536621, 79.6577835083, 86.2744216919, 50.8177947998, 53.8305282593, 31.0495223999, 17.5213451385, 5.04416656494, 1.95542800426, 0.725365281105, 0.273185759783, 0.0555055290461, 0.00152633304242, 2.06664185498e-06], "min": [6.16359807637e-09, 9.67670530372e-08, 5.38723895716e-07, 2.61357484987e-07, 1.40513137126e-07, 2.30117748856e-07, 6.95665107742e-07, 3.33484535986e-07, 2.1983969134e-07, 1.53612631948e-07, 1.9965055742e-07, 3.72800798232e-07, 4.18632652099e-07, 5.90646834553e-07, 3.77780224881e-07, 5.95201186115e-07, 7.72063572185e-07, 9.41132839216e-07, 7.55274015773e-07, 5.68968857806e-07, 9.03991690393e-07, 9.94102379082e-07, 1.40458621445e-06, 1.08446943159e-06, 1.49955337747e-06, 1.53282030624e-06, 1.6257910147e-06, 1.90466664662e-06, 2.19597995965e-06, 2.66384131464e-06, 3.06685456053e-06, 3.67345410268e-06, 3.89802016798e-06, 5.72401859245e-06, 5.51748917132e-06, 4.59687362309e-06, 3.44313525602e-06, 9.08798085675e-07, 8.98146268469e-08, 1.22071428521e-08], "dmean": [0.350380003452, 2.26810908318, 5.03046655655, 7.97223997116, 6.94434022903, 7.65205287933, 8.33829593658, 6.77449846268, 7.95035934448, 11.6472167969, 22.2234783173, 12.0325737, 16.6473140717, 19.9530277252, 13.1273546219, 20.9699172974, 11.3210544586, 14.8584604263, 5.11879253387, 3.44922471046, 2.84101080894, 2.54465651512, 2.35421442986, 4.08935546875, 3.9130191803, 2.09890270233, 2.03894257545, 2.2423081398, 1.94727492332, 1.61407780647, 1.60372006893, 1.38425958157, 1.18396866322, 0.67051410675, 0.44951826334, 0.30601888895, 0.189519375563, 0.0818164348602, 0.0136322584003, 0.000544821203221], "mean": [0.604775249958, 3.05797314644, 5.75365543365, 8.57361984253, 10.0613956451, 13.3573970795, 16.0618934631, 11.0926513672, 12.7500133514, 17.1376838684, 41.9868621826, 22.5570278168, 25.6332530975, 30.1231842041, 19.6008872986, 26.5937309265, 15.4106702805, 21.0364589691, 8.42000102997, 5.83787298203, 4.14971113205, 3.81670880318, 3.50475525856, 5.79669046402, 5.01265192032, 2.64170765877, 2.38924622536, 2.44411754608, 2.41359162331, 2.0741147995, 2.00709605217, 1.49446117878, 1.21564459801, 0.71904528141, 0.461447864771, 0.274921953678, 0.148748859763, 0.060849674046, 0.0100682014599, 0.000430010113632], "max": [9.14452934265, 56.2744827271, 142.399246216, 221.841079712, 191.037658691, 367.906066895, 357.258666992, 265.25213623, 319.498352051, 599.29901123, 931.762207031, 746.907104492, 1103.90161133, 1112.47253418, 1057.34399414, 1370.91333008, 1860.15112305, 1641.40734863, 256.753753662, 281.090209961, 129.407867432, 180.906661987, 103.085372925, 194.397232056, 230.009979248, 101.404403687, 127.588851929, 137.665405273, 327.950775146, 155.938827515, 112.71925354, 95.776725769, 83.5677566528, 52.7657051086, 37.9611091614, 26.6414222717, 18.4919395447, 5.40968990326, 0.823231935501, 0.0220391657203], "dmean2": [0.432387948036, 3.67924761772, 8.71091365814, 14.0561485291, 11.8626728058, 12.6399707794, 12.626335144, 10.543135643, 11.7774705887, 17.5097637177, 32.8830757141, 17.4415912628, 25.1536998749, 30.9899139404, 20.3714046478, 34.0388832092, 18.4302272797, 23.1566925049, 7.75581407547, 5.16002178192, 4.50875663757, 3.69674539566, 3.16749644279, 5.83807849884, 5.78028440475, 2.92137622833, 3.05277585983, 3.58946752548, 2.79043006897, 2.2648563385, 2.3204741478, 2.0965025425, 1.85304605961, 1.02645921707, 0.684384405613, 0.49597543478, 0.321806073189, 0.139252156019, 0.023109043017, 0.000922694045585], "median": [0.083033323288, 0.925929069519, 2.3779592514, 3.60902953148, 4.88023281097, 5.87695264816, 5.94558000565, 3.90040874481, 3.46016693115, 3.60541415215, 6.19086122513, 4.52111339569, 7.03904533386, 5.46700525284, 2.46629834175, 2.55350279808, 1.6933709383, 2.06469941139, 1.21762526035, 0.788906335831, 0.556510448456, 0.462656617165, 0.459557771683, 0.529695630074, 0.449656993151, 0.218946740031, 0.122505940497, 0.119222663343, 0.152251675725, 0.137899085879, 0.0654305517673, 0.0442224852741, 0.0332739464939, 0.0228490829468, 0.0170519072562, 0.0102193504572, 0.00356637290679, 0.000680074386764, 7.44489807403e-05, 3.37014644174e-05], "dvar": [0.62298566103, 29.3314228058, 200.197296143, 549.604614258, 263.523925781, 264.292633057, 267.721069336, 190.76512146, 373.523132324, 862.664001465, 2477.08862305, 865.822387695, 1670.22460938, 2780.4597168, 1447.84472656, 4936.47949219, 3090.23193359, 3145.61303711, 155.169311523, 64.4866333008, 49.6692199707, 41.3377189636, 43.8478546143, 163.972579956, 201.960357666, 48.8269920349, 63.9032058716, 80.4773788452, 57.4439048767, 29.9681720734, 30.2230262756, 23.7480697632, 11.001162529, 4.06814193726, 1.52931904793, 0.822105765343, 0.369017630816, 0.0763485357165, 0.00209723808803, 2.76530590781e-06]}, "silence_rate_30dB": {"dvar2": 0.115542568266, "var": 0.096913293004, "min": 0, "dmean": 0.0644818022847, "mean": 0.891265034676, "max": 1, "dmean2": 0.128977328539, "median": 1, "dvar": 0.0603188797832}, "melbands_spread": {"dvar2": 361.780883789, "var": 459.427642822, "min": 0.131815895438, "dmean": 5.10338783264, "mean": 12.8613080978, "max": 250.968322754, "dmean2": 7.8351726532, "median": 8.2228603363, "dvar": 182.108657837}, "melbands_crest": {"dvar2": 20.0412521362, "var": 46.4785804749, "min": 2.71516656876, "dmean": 3.29595565796, "mean": 16.9469814301, "max": 35.8964195251, "dmean2": 4.84728574753, "median": 15.6637182236, "dvar": 9.24693584442}, "zerocrossingrate": {"dvar2": 0.000707012251951, "var": 0.00330927385949, "min": 0.001953125, "dmean": 0.0137142194435, "mean": 0.0420852303505, "max": 0.54248046875, "dmean2": 0.0156463049352, "median": 0.0263671875, "dvar": 0.000625381770078}, "barkbands_kurtosis": {"dvar2": 6633.79443359, "var": 5855.35253906, "min": -1.9412432909, "dmean": 12.7431945801, "mean": 19.7848262787, "max": 3030.18823242, "dmean2": 20.2208385468, "median": 5.23380947113, "dvar": 3003.00439453}, "spectral_flux": {"dvar2": 0.00468662753701, "var": 0.00659092934802, "min": 7.6469979831e-05, "dmean": 0.0375286489725, "mean": 0.0846721231937, "max": 0.532085359097, "dmean2": 0.0539739467204, "median": 0.062391422689, "dvar": 0.00268195429817}, "barkbands_crest": {"dvar2": 17.4754295349, "var": 26.4462089539, "min": 2.62751674652, "dmean": 2.79345631599, "mean": 12.2444887161, "max": 26.8924274445, "dmean2": 4.34659337997, "median": 11.2625522614, "dvar": 7.64194250107}, "barkbands_flatness_db": {"dvar2": 0.00376352085732, "var": 0.013899680227, "min": 0.0187663640827, "dmean": 0.0381578318775, "mean": 0.243894070387, "max": 0.74893707037, "dmean2": 0.0526845194399, "median": 0.21503958106, "dvar": 0.00203330232762}, "spectral_entropy": {"dvar2": 0.346643716097, "var": 1.05718910694, "min": 2.59179401398, "dmean": 0.349746912718, "mean": 6.63689804077, "max": 9.00030708313, "dmean2": 0.472353845835, "median": 6.69949388504, "dvar": 0.185403496027}, "pitch_salience": {"dvar2": 0.0164232961833, "var": 0.022016428411, "min": 0.0197212155908, "dmean": 0.0812031254172, "mean": 0.487011104822, "max": 0.921118199825, "dmean2": 0.12656916678, "median": 0.503575384617, "dvar": 0.00702485069633}, "erbbands_spread": {"dvar2": 769.215576172, "var": 689.42175293, "min": 0.440902680159, "dmean": 11.0334119797, "mean": 28.2294387817, "max": 210.361740112, "dmean2": 16.7927284241, "median": 20.5340080261, "dvar": 344.596588135}, "dynamic_complexity": 4.73488855362, "spectral_contrast_valleys": {"dvar2": [0.45950242877, 0.671500265598, 0.799054801464, 0.651090681553, 0.667108058929, 0.80488461256], "var": [2.77529764175, 2.1488301754, 2.3272125721, 2.64938497543, 2.88155555725, 3.10195684433], "min": [-14.7994852066, -14.9644527435, -15.1359090805, -15.2065057755, -14.7795238495, -15.8788118362], "dmean": [0.461393773556, 0.524498403072, 0.566749155521, 0.518913090229, 0.513578295708, 0.577176690102], "mean": [-7.3305106163, -7.60039281845, -8.50901031494, -9.25297546387, -9.42997837067, -11.5499820709], "max": [-4.8660492897, -4.43564176559, -5.25587081909, -6.03513240814, -5.69586753845, -7.76040697098], "dmean2": [0.703131973743, 0.762347519398, 0.833315372467, 0.728644311428, 0.681945264339, 0.699896216393], "median": [-6.77858304977, -7.42203378677, -8.37663841248, -8.97971153259, -9.15824890137, -11.3869256973], "dvar": [0.241487294436, 0.351602107286, 0.427482843399, 0.362721860409, 0.380646854639, 0.472423344851]}, "hfc": {"dvar2": 586.079711914, "var": 385.682556152, "min": 0.000165833393112, "dmean": 8.38975334167, "mean": 14.3503379822, "max": 203.958511353, "dmean2": 12.1050424576, "median": 7.44574546814, "dvar": 250.761062622}, "spectral_kurtosis": {"dvar2": 1693.66821289, "var": 2581.24145508, "min": -1.22554576397, "dmean": 11.6940860748, "mean": 26.5997562408, "max": 621.054199219, "dmean2": 17.9554748535, "median": 10.178185463, "dvar": 745.754577637}, "mfcc": {"mean": [-760.05859375, 160.757537842, 33.4757270813, 18.4256076813, 6.85712623596, 7.31702518463, 6.89547109604, 7.42375612259, -0.429937392473, 3.0661380291, 3.00661587715, -6.94819307327, -2.20847415924], "cov": [[18064.2636719, -355.535675049, -2205.75830078, -248.326339722, -138.195800781, 89.766784668, 36.3570365906, 102.202095032, -271.381378174, 176.541931152, 316.59375, -97.0371017456, 22.2144908905], [-355.535675049, 3319.57617188, -14.6429843903, -133.411712646, -103.855140686, -150.938186646, 15.2488059998, 49.8087539673, -13.0226345062, 70.0444717407, 83.8348999023, -82.0162200928, 37.1284637451], [-2205.75830078, -14.6429843903, 1888.79699707, 517.459350586, 172.041183472, 55.0050086975, -11.3541469574, -2.9812567234, 156.485137939, 4.69512319565, -9.0371837616, 157.357772827, -2.99219584465], [-248.326339722, -133.411712646, 517.459350586, 765.138305664, 357.758392334, 156.421905518, -42.8867988586, 0.63421857357, 57.4452018738, 16.6787605286, 26.3359699249, 21.801700592, -21.5367622375], [-138.195800781, -103.855140686, 172.041183472, 357.758392334, 526.852050781, 240.946609497, 42.7110671997, -3.8766784668, 47.0855140686, 14.5178365707, -15.3556690216, -2.82125258446, -34.5391654968], [89.766784668, -150.938186646, 55.0050086975, 156.421905518, 240.946609497, 323.238708496, 156.290206909, 55.9112319946, 12.5444221497, -16.8536930084, 3.7893986702, -3.57719898224, -19.8528995514], [36.3570365906, 15.2488059998, -11.3541469574, -42.8867988586, 42.7110671997, 156.290206909, 361.250091553, 116.884460449, 34.1132774353, -4.59004020691, 3.99414968491, 22.7493190765, 15.1085939407], [102.202095032, 49.8087539673, -2.9812567234, 0.63421857357, -3.8766784668, 55.9112319946, 116.884460449, 210.840896606, 52.9013748169, 0.894304335117, 16.9570159912, -0.0484221465886, 31.5033111572], [-271.381378174, -13.0226345062, 156.485137939, 57.4452018738, 47.0855140686, 12.5444221497, 34.1132774353, 52.9013748169, 190.239151001, 70.157989502, -1.24562346935, 58.6857757568, 24.4227294922], [176.541931152, 70.0444717407, 4.69512319565, 16.6787605286, 14.5178365707, -16.8536930084, -4.59004020691, 0.894304335117, 70.157989502, 173.232772827, 101.380912781, 24.9089107513, 12.1267719269], [316.59375, 83.8348999023, -9.0371837616, 26.3359699249, -15.3556690216, 3.7893986702, 3.99414968491, 16.9570159912, -1.24562346935, 101.380912781, 195.207611084, 51.2656059265, 3.88952898979], [-97.0371017456, -82.0162200928, 157.357772827, 21.801700592, -2.82125258446, -3.57719898224, 22.7493190765, -0.0484221465886, 58.6857757568, 24.9089107513, 51.2656059265, 159.934173584, 52.9451026917], [22.2144908905, 37.1284637451, -2.99219584465, -21.5367622375, -34.5391654968, -19.8528995514, 15.1085939407, 31.5033111572, 24.4227294922, 12.1267719269, 3.88952898979, 52.9451026917, 125.406417847]], "icov": [[6.8844143243e-05, 8.15451494418e-06, 8.6525491497e-05, -4.18034323957e-05, 2.72054730885e-05, -3.47089953721e-05, 1.19701944641e-05, -4.994453775e-05, 8.98572616279e-05, -8.11409263406e-05, -4.47929160146e-05, -4.24820573244e-05, 3.05002140522e-06], [8.15451494418e-06, 0.000332324067131, -3.75555064238e-05, 6.3862229581e-05, -8.44864116516e-05, 0.00024320196826, -0.0001030249623, -3.59131772711e-05, -1.5845949747e-05, 4.89417470817e-06, -0.000271207798505, 0.000381428282708, -0.000203107105335], [8.6525491497e-05, -3.75555064238e-05, 0.000872855889611, -0.000616768433247, 0.000205761331017, -1.96457422135e-05, -3.93501341023e-06, -2.10492526094e-05, -0.000239391520154, 1.75611148734e-06, 0.000230109799304, -0.000845136586577, 0.000366140069673], [-4.18034323957e-05, 6.3862229581e-05, -0.000616768433247, 0.00250732246786, -0.00148515764158, -0.000192932449863, 0.000605654146057, -0.000145671569044, -0.000298192171613, 0.000451264699223, -0.000812579179183, 0.000541590212379, -0.000260591797996], [2.72054730885e-05, -8.44864116516e-05, 0.000205761331017, -0.00148515764158, 0.00420863507316, -0.00279150973074, 0.000370369467419, 0.000551826960873, -0.000379530334612, -0.000956976553425, 0.00109925330617, -0.000320880470099, 0.000571847951505], [-3.47089953721e-05, 0.00024320196826, -1.96457422135e-05, -0.000192932449863, -0.00279150973074, 0.00678953668103, -0.00251475442201, -0.000500825815834, 0.000188574340427, 0.00124170992058, -0.00108887860551, 0.000611814437434, 0.00025400830782], [1.19701944641e-05, -0.0001030249623, -3.93501341023e-06, 0.000605654146057, 0.000370369467419, -0.00251475442201, 0.00454891566187, -0.0019267530879, 7.07389699528e-05, -0.000404708785936, 0.000574958452489, -0.00104145437945, 0.000219394933083], [-4.994453775e-05, -3.59131772711e-05, -2.10492526094e-05, -0.000145671569044, 0.000551826960873, -0.000500825815834, -0.0019267530879, 0.0072557288222, -0.00312596396543, 0.00225411471911, -0.00222049211152, 0.00247220089659, -0.00210798112676], [8.98572616279e-05, -1.5845949747e-05, -0.000239391520154, -0.000298192171613, -0.000379530334612, 0.000188574340427, 7.07389699528e-05, -0.00312596396543, 0.0100602349266, -0.00612037675455, 0.00444017024711, -0.00414307927713, 0.000877992832102], [-8.11409263406e-05, 4.89417470817e-06, 1.75611148734e-06, 0.000451264699223, -0.000956976553425, 0.00124170992058, -0.000404708785936, 0.00225411471911, -0.00612037675455, 0.0125644085929, -0.00759749254212, 0.00322772376239, -0.00164413603488], [-4.47929160146e-05, -0.000271207798505, 0.000230109799304, -0.000812579179183, 0.00109925330617, -0.00108887860551, 0.000574958452489, -0.00222049211152, 0.00444017024711, -0.00759749254212, 0.0109843453392, -0.00508014624938, 0.00224713888019], [-4.24820573244e-05, 0.000381428282708, -0.000845136586577, 0.000541590212379, -0.000320880470099, 0.000611814437434, -0.00104145437945, 0.00247220089659, -0.00414307927713, 0.00322772376239, -0.00508014624938, 0.0115538286045, -0.00474523520097], [3.05002140522e-06, -0.000203107105335, 0.000366140069673, -0.000260591797996, 0.000571847951505, 0.00025400830782, 0.000219394933083, -0.00210798112676, 0.000877992832102, -0.00164413603488, 0.00224713888019, -0.00474523520097, 0.0106201572344]]}, "silence_rate_20dB": {"dvar2": 0, "var": 0, "min": 1, "dmean": 0, "mean": 1, "max": 1, "dmean2": 0, "median": 1, "dvar": 0}, "melbands_kurtosis": {"dvar2": 5893.53857422, "var": 4577.46875, "min": -1.92354691029, "dmean": 17.2031593323, "mean": 28.508518219, "max": 1451.94470215, "dmean2": 26.7460327148, "median": 9.92183303833, "dvar": 2433.51635742}, "barkbands_spread": {"dvar2": 325.891235352, "var": 230.7134552, "min": 0.0309404898435, "dmean": 6.07855176926, "mean": 12.482047081, "max": 140.53086853, "dmean2": 9.3998670578, "median": 8.18170833588, "dvar": 143.348236084}, "erbbands_skewness": {"dvar2": 1.47808504105, "var": 2.43315768242, "min": -5.08530330658, "dmean": 0.667035222054, "mean": 0.883584082127, "max": 12.9217863083, "dmean2": 0.988660752773, "median": 0.623145103455, "dvar": 0.668658435345}, "average_loudness": 0.907992601395, "spectral_centroid": {"dvar2": 231279.859375, "var": 453676.9375, "min": 68.8095779419, "dmean": 190.684524536, "mean": 733.939331055, "max": 6201.56640625, "dmean2": 270.433502197, "median": 548.259338379, "dvar": 127733.320312}, "dissonance": {"dvar2": 0.00474800169468, "var": 0.00550987524912, "min": 0.0342402383685, "dmean": 0.040112759918, "mean": 0.408351689577, "max": 0.500000059605, "dmean2": 0.0654523745179, "median": 0.427241116762, "dvar": 0.00183851644397}, "erbbands_flatness_db": {"dvar2": 0.00245571834967, "var": 0.00909492187202, "min": 0.0300831086934, "dmean": 0.0324408039451, "mean": 0.20885322988, "max": 0.581713974476, "dmean2": 0.0431888177991, "median": 0.194786474109, "dvar": 0.00137565867044}, "spectral_strongpeak": {"dvar2": 1.35233998299, "var": 0.913488984108, "min": 0, "dmean": 0.372745364904, "mean": 0.687578976154, "max": 10.9402427673, "dmean2": 0.605910778046, "median": 0.392542600632, "dvar": 0.548422157764}, "spectral_rms": {"dvar2": 3.68976793652e-06, "var": 1.11316203402e-05, "min": 3.7798467929e-06, "dmean": 0.00113591062836, "mean": 0.00504284352064, "max": 0.0164130721241, "dmean2": 0.00150085368659, "median": 0.00446317018941, "dvar": 2.24235782298e-06}, "silence_rate_60dB": {"dvar2": 0.0667838826776, "var": 0.121729813516, "min": 0, "dmean": 0.0327729322016, "mean": 0.141823604703, "max": 1, "dmean2": 0.0655528381467, "median": 0, "dvar": 0.0316944383085}, "melbands": {"dvar2": [7.66851808294e-05, 0.000101315803477, 3.99508789997e-05, 2.88513911073e-06, 8.245654044e-07, 2.39422178083e-07, 2.06840695682e-07, 2.58790635144e-07, 3.73792857999e-07, 6.95095891956e-08, 1.06715532411e-07, 1.2278412953e-07, 5.64298083816e-08, 5.88265187673e-08, 1.21964461641e-07, 1.808559702e-08, 3.11853440849e-08, 9.41895006434e-10, 4.7260251268e-10, 2.60552829312e-10, 1.74239275785e-10, 1.21444437839e-10, 6.5895303103e-11, 1.52197282555e-10, 2.57837862172e-10, 4.18462126062e-10, 6.95304022691e-11, 3.67932039003e-11, 4.18054237061e-11, 9.62744606259e-11, 5.90949164603e-11, 3.63282529059e-11, 2.22284378404e-11, 2.11021044388e-11, 2.01210333117e-11, 1.77623835779e-11, 2.77932052373e-11, 1.53615401649e-11, 7.51984498976e-12, 8.90287236294e-12], "var": [9.37279401114e-05, 4.01828110626e-05, 1.00866454886e-05, 1.48258368426e-06, 7.26757207303e-07, 1.76748812919e-07, 1.54403949182e-07, 1.69329354094e-07, 4.83558324049e-07, 7.67075931662e-08, 7.55999636226e-08, 1.11050397322e-07, 4.13312903902e-08, 3.42962103161e-08, 4.8754326798e-08, 8.73684857794e-09, 2.43382967113e-08, 7.47965023251e-10, 6.14606199267e-10, 1.74485773052e-10, 1.19205839644e-10, 1.04245050092e-10, 6.12448633475e-11, 1.13537193536e-10, 1.76366324323e-10, 1.66428371084e-10, 6.19631984611e-11, 2.79396471237e-11, 2.55993993364e-11, 3.01316575857e-11, 2.54514031378e-11, 2.83764539644e-11, 2.09023891945e-11, 1.65249671585e-11, 1.87087307452e-11, 1.46024858871e-11, 1.14636130449e-11, 1.00333560904e-11, 5.10249308083e-12, 3.74738738304e-12], "min": [1.414986045e-10, 2.55913873426e-10, 6.01007230094e-11, 1.06771449321e-11, 2.05287904731e-11, 8.36885075128e-12, 2.72057268207e-12, 1.43946985408e-12, 1.57190764311e-12, 2.52126835035e-12, 1.85818417944e-12, 2.31166973584e-12, 1.63260312387e-12, 1.17864756583e-12, 1.6224756998e-12, 1.4275233556e-12, 1.60656839394e-12, 1.07958151967e-12, 8.91810388558e-13, 5.17905813721e-13, 9.22738881831e-13, 8.85004905731e-13, 1.09959827702e-12, 1.03517292394e-12, 8.15370720161e-13, 7.61095234145e-13, 1.07817758627e-12, 9.51704535491e-13, 8.63166255052e-13, 1.13740809306e-12, 9.22761324816e-13, 8.87000000359e-13, 1.46440216724e-12, 1.37349105613e-12, 1.49787961982e-12, 1.66066650448e-12, 1.98308773916e-12, 2.19353051348e-12, 2.80478505005e-12, 1.65429150413e-12], "dmean": [0.00280450028367, 0.00255290535279, 0.0013173884945, 0.000504299125168, 0.000294501456665, 0.000157610993483, 0.000122558703879, 0.000131059176056, 0.00018071460363, 7.15041169315e-05, 8.46842885949e-05, 8.37689512991e-05, 4.83711482957e-05, 4.90198508487e-05, 4.48223981948e-05, 2.31415269809e-05, 2.85586011159e-05, 7.85124120739e-06, 5.9112735471e-06, 4.34428420704e-06, 3.3919109228e-06, 2.96223879559e-06, 2.11216934076e-06, 2.80155245491e-06, 3.49837227986e-06, 3.38733457284e-06, 1.89272770967e-06, 1.30077626181e-06, 1.17256877274e-06, 1.40353654388e-06, 1.25066731016e-06, 1.12061184154e-06, 9.24495623167e-07, 9.32226726036e-07, 9.37479342156e-07, 8.64009621182e-07, 8.68580968927e-07, 8.75169632764e-07, 6.40330370061e-07, 5.72836597712e-07], "mean": [0.00483024679124, 0.0033892900683, 0.00149438029621, 0.000852886820212, 0.000563872163184, 0.000265034934273, 0.000195749293198, 0.000192298641196, 0.000346097367583, 0.000126334416564, 0.000127244144096, 0.000123991441797, 6.93493930157e-05, 6.34812458884e-05, 5.41557237739e-05, 3.007108171e-05, 3.96278264816e-05, 1.19802989502e-05, 9.95017762762e-06, 6.00826024311e-06, 4.77977800983e-06, 4.25438656748e-06, 2.97112501357e-06, 3.70170005226e-06, 4.85579312226e-06, 4.11145765611e-06, 2.55786017078e-06, 1.53210703502e-06, 1.42018780025e-06, 1.44255875512e-06, 1.39909548125e-06, 1.36897187986e-06, 1.19263063425e-06, 1.14935937745e-06, 1.1594620446e-06, 1.02643798527e-06, 8.66001300892e-07, 8.80702202721e-07, 6.7789011382e-07, 6.02127443017e-07], "max": [0.0703470408916, 0.0662472397089, 0.0346023216844, 0.0175527166575, 0.010685166344, 0.00557684246451, 0.00603191088885, 0.0067282076925, 0.00833419896662, 0.0042489785701, 0.00624850206077, 0.00525861699134, 0.00407319003716, 0.00353797734715, 0.00525921583176, 0.00189296808094, 0.00377324898727, 0.000430223823059, 0.000533333339263, 0.000239514556597, 0.000157239745022, 0.000205553340493, 8.67333437782e-05, 0.000142419346957, 0.000168257349287, 0.000203812509426, 0.000103362071968, 6.27787376288e-05, 7.10638123564e-05, 8.1142752606e-05, 7.58658352424e-05, 0.000180377785, 0.000152598993736, 9.2341346317e-05, 7.38458620617e-05, 8.84420078364e-05, 5.930191764