{"tonal": {"thpcp": [1, 0.758859336376, 0.560375511646, 0.655664861202, 0.888329565525, 0.935081779957, 0.585050106049, 0.313778698444, 0.280269235373, 0.341217428446, 0.450157612562, 0.531411767006, 0.455515503883, 0.342490404844, 0.41539555788, 0.507998764515, 0.415387272835, 0.318159729242, 0.310224831104, 0.30354475975, 0.41122341156, 0.628038048744, 0.768798172474, 0.847906410694, 0.863561868668, 0.78505140543, 0.743594646454, 0.765131115913, 0.71562731266, 0.595589995384, 0.505862414837, 0.404879271984, 0.376070350409, 0.490998774767, 0.614927411079, 0.834570646286], "hpcp": {"dmean2": [0.399775803089, 0.360936373472, 0.310050010681, 0.357349008322, 0.410392522812, 0.433336883783, 0.284696429968, 0.146805718541, 0.122032724321, 0.146687462926, 0.185271382332, 0.214162036777, 0.185827285051, 0.152666419744, 0.174657672644, 0.200505554676, 0.166025340557, 0.140166088939, 0.141229391098, 0.140235722065, 0.195652276278, 0.274399757385, 0.319584220648, 0.373574852943, 0.378643125296, 0.356103956699, 0.362586855888, 0.355437994003, 0.345494747162, 0.303696751595, 0.245597213507, 0.186931475997, 0.178855597973, 0.242838531733, 0.31001240015, 0.345615655184], "median": [0.123359486461, 0.0794101059437, 0.0301000773907, 0.0445484146476, 0.121463418007, 0.108548536897, 0.0611382611096, 0.014546723105, 0.0113397343084, 0.0131291802973, 0.0191708561033, 0.0221923794597, 0.020207921043, 0.0176496095955, 0.0230281576514, 0.0279597844929, 0.0186292026192, 0.00888130906969, 0.00700911739841, 0.00910466071218, 0.0254482775927, 0.0561123304069, 0.0769870206714, 0.0931807458401, 0.0907494053245, 0.0733881294727, 0.0532338134944, 0.061688542366, 0.047752622515, 0.028284214437, 0.0174759477377, 0.014538930729, 0.0158796459436, 0.0271616075188, 0.0503474995494, 0.110810369253], "min": [0, 0, 0, 0, 0, 0, 0, 0, 0, 0, 0, 0, 0, 0, 0, 0, 0, 0, 0, 0, 0, 0, 0, 0, 0, 0, 0, 0, 0, 0, 0, 0, 0, 0, 0, 0], "dvar2": [0.175166323781, 0.171290189028, 0.158967509866, 0.183716163039, 0.181868925691, 0.19125585258, 0.102070197463, 0.056072730571, 0.0470383614302, 0.0602563470602, 0.0813614502549, 0.104022234678, 0.0831514596939, 0.0625540167093, 0.0812186449766, 0.0964540615678, 0.0651918798685, 0.066969037056, 0.0675555467606, 0.0638666078448, 0.0871020331979, 0.123301662505, 0.131738334894, 0.172511249781, 0.17520095408, 0.159622997046, 0.178812474012, 0.168445274234, 0.171243056655, 0.145791739225, 0.131029993296, 0.0836248621345, 0.076293900609, 0.110535822809, 0.135389134288, 0.135055959225], "dvar": [0.0748165398836, 0.0646221041679, 0.0583522506058, 0.0673378035426, 0.0690006539226, 0.0783602893353, 0.0394215546548, 0.0203865449876, 0.0170367714018, 0.0233383662999, 0.0342284478247, 0.0434120744467, 0.032562892884, 0.0225526615977, 0.0308632589877, 0.0384673923254, 0.0253502167761, 0.0238829180598, 0.0241779629141, 0.0224697887897, 0.0316738151014, 0.0490165427327, 0.0563161186874, 0.0660645067692, 0.0677373856306, 0.0622074380517, 0.0693672150373, 0.0658689886332, 0.0663992166519, 0.0553933084011, 0.0488510802388, 0.0311232302338, 0.02764903754, 0.0418671779335, 0.0516198351979, 0.0527152307332], "dmean": [0.231894224882, 0.204407006502, 0.171080261469, 0.198945134878, 0.233898445964, 0.248540535569, 0.162174507976, 0.0822380110621, 0.0690117105842, 0.0838525816798, 0.10931340605, 0.125489547849, 0.108339622617, 0.0863015726209, 0.100231997669, 0.115408375859, 0.0960713475943, 0.0778695866466, 0.0780256018043, 0.077589802444, 0.109989568591, 0.158070161939, 0.188573613763, 0.214773669839, 0.214046880603, 0.205007135868, 0.205505892634, 0.201908707619, 0.195143997669, 0.16871739924, 0.136276319623, 0.104633621871, 0.0996990054846, 0.135073319077, 0.174759924412, 0.20112092793], "max": [1, 1, 1, 1, 1, 1, 1, 1, 1, 1, 1, 1, 1, 1, 1, 1, 1, 1, 1, 1, 1, 1, 1, 1, 1, 1, 1, 1, 1, 1, 1, 1, 1, 1, 1, 1], "var": [0.108729064465, 0.0733986571431, 0.059138994664, 0.0728557184339, 0.0861366763711, 0.100029379129, 0.0484705902636, 0.0275390651077, 0.0248925667256, 0.0334675833583, 0.0506625883281, 0.0639798343182, 0.0496756955981, 0.0310682263225, 0.0409089699388, 0.0584428757429, 0.0410025827587, 0.0328916758299, 0.0341111682355, 0.0297385938466, 0.0378667637706, 0.0642702430487, 0.0788596346974, 0.0864789485931, 0.0929161682725, 0.0830789506435, 0.0838508158922, 0.0836560353637, 0.0806947275996, 0.064319498837, 0.0594911873341, 0.0410844944417, 0.0352791957557, 0.0506936274469, 0.0596470609307, 0.076503098011], "mean": [0.278261452913, 0.21116130054, 0.155930906534, 0.18244625628, 0.247187867761, 0.260197222233, 0.162796899676, 0.0873125195503, 0.0779881253839, 0.0949476584792, 0.125261515379, 0.147871404886, 0.126752406359, 0.095301873982, 0.115588568151, 0.141356468201, 0.115586265922, 0.0885315909982, 0.0863236114383, 0.0844648033381, 0.114427626133, 0.174758777022, 0.213926896453, 0.235939666629, 0.2402959764, 0.218449547887, 0.206913724542, 0.212906494737, 0.199131503701, 0.165729731321, 0.140762016177, 0.112662293017, 0.104645885527, 0.136626034975, 0.171110600233, 0.232228845358]}, "tuning_equal_tempered_deviation": 0.0782872587442, "chords_changes_rate": 0.118903242052, "key_key": "A#", "tuning_diatonic_strength": 0.416231304407, "key_scale": "minor", "chords_number_rate": 0.00500922743231, "tuning_frequency": 450.024475098, "tuning_nontempered_energy_ratio": 0.804509878159, "chords_histogram": [11.6794090271, 2.29369902611, 0.184550493956, 0.131821781397, 0, 6.2219877243, 3.16372275352, 8.62114429474, 12.7076196671, 2.87371468544, 4.11283922195, 0.632744550705, 1.37094652653, 2.32006335258, 7.75112056732, 8.93751621246, 3.48009490967, 7.38201951981, 2.10914850235, 5.29923534393, 0, 1.05457425117, 2.1618771553, 5.51015043259], "key_strength": 0.457119584084, "chords_key": "D", "chords_strength": {"dmean2": 0.0190718751401, "median": 0.447323292494, "min": -1, "dvar2": 0.00107752112672, "dvar": 0.000585453468375, "dmean": 0.0151962870732, "max": 0.782799959183, "var": 0.0184288490564, "mean": 0.44525796175}, "chords_scale": "minor", "hpcp_entropy": {"dmean2": 1.24059283733, "median": 2.30482268333, "min": 0, "dvar2": 0.977812349796, "dvar": 0.345490574837, "dmean": 0.732932388783, "max": 4.68809604645, "var": 0.747345089912, "mean": 2.28053998947}}, "metadata": {"audio_properties": {"equal_loudness": 0, "codec": "mp3", "downmix": "mix", "sample_rate": 44100, "analysis_sample_rate": 44100, "bit_rate": 227297, "md5_encoded": "0953c15bb63db6ce50738800e27356fd", "length": 176.091430664, "replay_gain": -5.75615882874, "lossless": false}, "version": {"essentia_build_sha": "70f2e5ece6736b2c40cc944ad0e695b16b925413", "essentia": "2.1-beta2", "extractor": "music 1.0", "essentia_git_sha": "v2.1_beta2"}, "tags": {"title": ["The Rosenberg Trio - 03 - Les Yeux Noirs"], "artist": ["Rosenberg Trio"], "albumartist": ["Rosenberg Trio"], "date": ["1993"], "file_name": "198834.mp3", "album": ["Live at the North Sea Jazz Festival"], "tracknumber": ["3"], "musicbrainz_recordingid": ["096a7599-53de-41bd-be31-2303a3535007"]}}, "rhythm": {"bpm_histogram_first_peak_bpm": {"dmean2": 0, "median": 167, "min": 167, "dvar2": 0, "dvar": 0, "dmean": 0, "max": 167, "var": 0, "mean": 167}, "bpm": 166.199234009, "bpm_histogram_second_peak_spread": {"dmean2": 0, "median": 0, "min": 0, "dvar2": 0, "dvar": 0, "dmean": 0, "max": 0, "var": 0, "mean": 0}, "bpm_histogram_first_peak_weight": {"dmean2": 0, "median": 0.435622304678, "min": 0.435622304678, "dvar2": 0, "dvar": 0, "dmean": 0, "max": 0.435622304678, "var": 0, "mean": 0.435622304678}, "onset_rate": 5.04225349426, "beats_position": [0.301859408617, 0.615328788757, 0.9287981987, 1.25387752056, 1.59056687355, 1.92725622654, 2.26394557953, 2.60063481331, 2.93732428551, 3.27401351929, 3.61070299149, 3.94739222527, 4.29569149017, 4.63238096237, 4.98067998886, 5.31736946106, 5.66566896439, 6.01396799088, 6.3622674942, 6.71056699753, 7.05886602402, 7.39555549622, 7.73224496841, 8.08054447174, 8.42884349823, 8.77714252472, 9.12544155121, 9.47374153137, 9.81043052673, 10.1471195221, 10.4954195023, 10.866938591, 11.2500677109, 11.6448068619, 12.0395460129, 12.4110651016, 12.782585144, 13.1424942017, 13.5024032593, 13.8623123169, 14.2106122971, 14.5705213547, 14.9420404434, 15.301949501, 15.6618595123, 16.0217685699, 16.3700675964, 16.7299766541, 17.0898857117, 17.4381847382, 17.7980957031, 18.1580047607, 18.5179138184, 18.877822876, 19.2261219025, 19.5860309601, 19.9459400177, 20.3058490753, 20.6657600403, 21.0256690979, 21.3855781555, 21.7454872131, 22.0937862396, 22.430475235, 22.8019943237, 23.1735134125, 23.5334243774, 23.8817234039, 24.2416324615, 24.6131515503, 24.9730606079, 25.3329696655, 25.6928787231, 26.0527877808, 26.4126987457, 26.7726078033, 27.1209068298, 27.4808158875, 27.8407249451, 28.1890239716, 28.5605430603, 28.932062149, 29.2803630829, 29.6286621094, 29.988571167, 30.3484802246, 30.6967792511, 31.0566883087, 31.4165973663, 31.776506424, 32.1364173889, 32.4847145081, 32.8446235657, 33.204536438, 33.5644454956, 33.9127426147, 34.2726516724, 34.63256073, 34.9924697876, 35.3407707214, 35.7006797791, 36.0605888367, 36.4204978943, 36.7804069519, 37.1403160095, 37.5002250671, 37.8601341248, 38.2200431824, 38.57995224, 38.9398651123, 39.2997741699, 39.6596832275, 40.0195922852, 40.3795013428, 40.7394104004, 41.099319458, 41.4476165771, 41.795917511, 42.1558265686, 42.5157356262, 42.8756446838, 43.2355537415, 43.5838546753, 43.9321517944, 44.2804527283, 44.6403617859, 44.9886627197, 45.3485717773, 45.6968688965, 46.0451698303, 46.3934669495, 46.7533760071, 47.1132888794, 47.473197937, 47.8331069946, 48.1930160522, 48.5529251099, 48.9128341675, 49.2727432251, 49.6326522827, 49.9925613403, 50.3524703979, 50.7123794556, 51.0722885132, 51.4321975708, 51.8037185669, 52.152015686, 52.5119247437, 52.871837616, 53.2317466736, 53.5916557312, 53.9515647888, 54.3114738464, 54.6713829041, 55.0312919617, 55.3912010193, 55.7511100769, 56.1110191345, 56.4593200684, 56.819229126, 57.1791381836, 57.5390472412, 57.8989562988, 58.2588653564, 58.6071662903, 58.9670753479, 59.3269844055, 59.6868934631, 60.0468025208, 60.3950996399, 60.7550086975, 61.1149177551, 61.463218689, 61.8231277466, 62.1830368042, 62.531337738, 62.8912467957, 63.2511558533, 63.6110649109, 63.9709739685, 64.3308868408, 64.6907958984, 65.0390930176, 65.3990020752, 65.7589111328, 66.1188201904, 66.478729248, 66.8386383057, 67.1985473633, 67.5584564209, 67.9183654785, 68.2898864746, 68.6497955322, 69.0097045898, 69.3812255859, 69.7527389526, 70.1242599487, 70.4957809448, 70.8556900024, 71.2155990601, 71.5755081177, 71.9354171753, 72.3069381714, 72.6784591675, 73.0383682251, 73.3982772827, 73.7465744019, 74.094871521, 74.4547805786, 74.8146896362, 75.1745986938, 75.5345077515, 75.8828125, 76.2427215576, 76.6026306152, 76.9509277344, 77.2992248535, 77.6591339111, 78.0074386597, 78.3673477173, 78.7272567749, 79.0871658325, 79.4354629517, 79.7953720093, 80.1552810669, 80.503578186, 80.8518829346, 81.2001800537, 81.5484771729, 81.9083862305, 82.2682952881, 82.6166000366, 82.9765090942, 83.3364181519, 83.6963272095, 84.0562362671, 84.4161453247, 84.7760543823, 85.1243515015, 85.4726486206, 85.8325576782, 86.1924667358, 86.5407714844, 86.8890686035, 87.2373657227, 87.5972747803, 87.9571838379, 88.3054885864, 88.6537857056, 89.0020828247, 89.3503875732, 89.7102966309, 90.0702056885, 90.4185028076, 90.7667999268, 91.1150970459, 91.4634017944, 91.8116989136, 92.1599960327, 92.5083007812, 92.8565979004, 93.2048950195, 93.5531921387, 93.9014968872, 94.2497940063, 94.609703064, 94.9696121216, 95.3179092407, 95.6662139893, 96.0145111084, 96.3628082275, 96.7111129761, 97.0710220337, 97.4309310913, 97.7908401489, 98.1507492065, 98.4990463257, 98.8473434448, 99.1956481934, 99.5439453125, 99.8922424316, 100.240539551, 100.588844299, 100.937141418, 101.297050476, 101.656959534, 102.005256653, 102.353561401, 102.701858521, 103.05015564, 103.410064697, 103.769973755, 104.141494751, 104.501403809, 104.861312866, 105.209609985, 105.569519043, 105.929428101, 106.289337158, 106.649246216, 106.997550964, 107.357460022, 107.71736908, 108.065666199, 108.413963318, 108.762268066, 109.122177124, 109.482086182, 109.830383301, 110.17868042, 110.526985168, 110.875282288, 111.235191345, 111.595100403, 111.943397522, 112.30330658, 112.663215637, 113.011520386, 113.359817505, 113.708114624, 114.068023682, 114.416320801, 114.776237488, 115.124534607, 115.472831726, 115.821128845, 116.169433594, 116.517730713, 116.866027832, 117.214332581, 117.5626297, 117.922538757, 118.282447815, 118.630744934, 118.979042053, 119.327346802, 119.687255859, 120.047164917, 120.395462036, 120.743759155, 121.092063904, 121.440361023, 121.788658142, 122.136962891, 122.48526001, 122.82194519, 123.158638, 123.50693512, 123.855232239, 124.203536987, 124.551834106, 124.900131226, 125.248435974, 125.596733093, 125.933418274, 126.281723022, 126.64163208, 126.989929199, 127.338226318, 127.686531067, 128.034820557, 128.383132935, 128.731430054, 129.091339111, 129.451248169, 129.799545288, 130.147842407, 130.496139526, 130.844436646, 131.215957642, 131.575866699, 131.935775757, 132.295684814, 132.655593872, 133.003890991, 133.352203369, 133.712112427, 134.072021484, 134.431930542, 134.7918396, 135.140136719, 135.488433838, 135.836730957, 136.185028076, 136.533325195, 136.881637573, 137.241546631, 137.601455688, 137.949752808, 138.298049927, 138.646347046, 138.994644165, 139.342941284, 139.691238403, 140.039550781, 140.3878479, 140.73614502, 141.084442139, 141.432739258, 141.792648315, 142.152557373, 142.500854492, 142.86076355, 143.220672607, 143.568969727, 143.928878784, 144.288803101, 144.63710022, 144.997009277, 145.356918335, 145.705215454, 146.065124512, 146.425033569, 146.796554565, 147.168075562, 147.539596558, 147.934326172, 148.329071045, 148.665756226, 149.014053345, 149.350738525, 149.699050903, 150.175048828, 150.651062012, 151.127075195, 151.603088379, 152.079086304, 152.555099487, 153.019500732, 153.495513916, 153.971511841, 154.552017212, 155.120910645, 155.689788818, 156.258682251, 156.827575684, 157.396453857, 157.976959229, 158.5574646, 159.126342773, 159.706848145, 160.275741577, 160.844619751, 161.413513184, 161.982406616, 162.55128479, 163.120178223, 163.689071655, 164.257949829, 164.8384552, 165.442169189, 166.045898438, 166.638000488, 167.230117798, 167.822219849, 168.449157715, 169.076095581, 169.714645386, 170.341583252, 170.968521118, 171.607070923, 172.245620728, 172.872558594, 173.49949646, 174.126434326, 174.741760254, 175.36869812], "beats_loudness": {"dmean2": 0.0261684339494, "median": 0.0331999175251, "min": 0, "dvar2": 0.000525960116647, "dvar": 0.000188234684174, "dmean": 0.0148366298527, "max": 0.100287139416, "var": 0.00044168511522, "mean": 0.035693038255}, "danceability": 1.26299715042, "bpm_histogram_second_peak_weight": {"dmean2": 0, "median": 0.360515028238, "min": 0.360515028238, "dvar2": 0, "dvar": 0, "dmean": 0, "max": 0.360515028238, "var": 0, "mean": 0.360515028238}, "beats_count": 467, "bpm_histogram_second_peak_bpm": {"dmean2": 0, "median": 172, "min": 172, "dvar2": 0, "dvar": 0, "dmean": 0, "max": 172, "var": 0, "mean": 172}, "bpm_histogram_first_peak_spread": {"dmean2": 0, "median": 0, "min": 0, "dvar2": 0, "dvar": 0, "dmean": 0, "max": 0, "var": 0, "mean": 0}, "beats_loudness_band_ratio": {"dmean2": [0.284011542797, 0.287827938795, 0.135756567121, 0.0456723459065, 0.0562131032348, 0.0321344546974], "median": [0.362412601709, 0.512328982353, 0.0634789839387, 0.0111828027293, 0.0135448817164, 0.00657590571791], "min": [0, 0, 0, 0, 0, 0], "dvar2": [0.0657084137201, 0.06237950176, 0.0172557197511, 0.00581210572273, 0.00859479326755, 0.00639808410779], "dvar": [0.0218431632966, 0.0209985412657, 0.00672338809818, 0.00252678873949, 0.00308140227571, 0.00223615439609], "dmean": [0.166882500052, 0.170219272375, 0.0770204588771, 0.0261750388891, 0.031722702086, 0.018944196403], "max": [0.906322836876, 0.943525493145, 0.479317009449, 0.624505281448, 0.517207145691, 0.622681081295], "var": [0.0485263317823, 0.0556132793427, 0.00832723267376, 0.010758026503, 0.00959490891546, 0.00448638666421], "mean": [0.368301331997, 0.474045574665, 0.0969207063317, 0.0491834580898, 0.0512376464903, 0.0265677757561]}}, "lowlevel": {"barkbands_spread": {"dmean2": 5.85194587708, "median": 7.92825984955, "min": 0.694908261299, "dvar2": 49.7065353394, "dvar": 21.3028125763, "dmean": 3.63212537766, "max": 67.9885025024, "var": 66.6963500977, "mean": 10.6309070587}, "melbands_spread": {"dmean2": 6.02427482605, "median": 6.61833763123, "min": 0.686493396759, "dvar2": 67.2860565186, "dvar": 29.3617362976, "dmean": 3.73242712021, "max": 156.60118103, "var": 293.872375488, "mean": 13.08015728}, "hfc": {"dmean2": 7.90521717072, "median": 8.17072486877, "min": 1.07212871044e-16, "dvar2": 118.518798828, "dvar": 52.1753616333, "dmean": 5.18157863617, "max": 111.306869507, "var": 97.3582382202, "mean": 10.9278230667}, "barkbands_kurtosis": {"dmean2": 10.6635084152, "median": 10.6750679016, "min": -1.80085670948, "dvar2": 171.931228638, "dvar": 66.0150756836, "dmean": 6.46745491028, "max": 140.18107605, "var": 151.25440979, "mean": 12.984787941}, "gfcc": {"mean": [-48.4210090637, 102.482376099, -99.2451171875, 32.884563446, -51.0280075073, -2.8212518692, -42.9750175476, -7.42605447769, -22.5562858582, 5.34569835663, -17.996088028, -3.82324361801, -11.5351877213], "icov": [[0.000237816799199, -0.000391925801523, 0.000412705616327, -0.0007061517681, 0.000913784955628, -0.000557989813387, 0.000856066064443, -0.000549506861717, 0.000640108017251, -0.000382435595384, 0.000535568280611, -0.000511859951075, 0.000458407652332], [-0.000391925801523, 0.00189441209659, -0.000861609354615, 7.50429026084e-05, -0.00169818580616, 0.00186980410945, -0.00198179599829, 0.00196710950695, -0.00229662586935, 0.00111215258949, -0.00161355896853, 0.00242990069091, -0.00171080906875], [0.000412705616327, -0.000861609354615, 0.00252782250755, -0.00272635323927, 0.000678113952745, -0.000722586933989, 0.00150097347796, -0.000691019755322, 0.00096448889235, -0.000297552964184, -2.93255143333e-05, -0.000905353401322, 0.000773517531343], [-0.0007061517681, 7.50429026084e-05, -0.00272635323927, 0.00787759479135, -0.00432163011283, 0.0012119183084, -0.00149626098573, 0.0022407611832, 8.00177440397e-05, -0.000666135980282, -7.72641797084e-05, 0.0010444696527, -0.000698481104337], [0.000913784955628, -0.00169818580616, 0.000678113952745, -0.00432163011283, 0.0128926923499, -0.00607185438275, 0.000606942165177, -0.00163979025092, -9.05727429199e-05, -7.48844176996e-05, 0.00117153895553, -0.000123837045976, 0.000156734240591], [-0.000557989813387, 0.00186980410945, -0.000722586933989, 0.0012119183084, -0.00607185438275, 0.0128428600729, -0.0029090968892, -0.00183198635932, 0.00121574196965, 0.000147489714436, 0.000570189557038, -0.000119543641631, -0.000166777346749], [0.000856066064443, -0.00198179599829, 0.00150097347796, -0.00149626098573, 0.000606942165177, -0.0029090968892, 0.0143226282671, -0.00466132769361, 0.000316171586746, -0.00219990173355, 0.000699290889315, -0.0019400435267, 0.000792933627963], [-0.000549506861717, 0.00196710950695, -0.000691019755322, 0.0022407611832, -0.00163979025092, -0.00183198635932, -0.00466132769361, 0.0162290968001, -0.0053037526086, 0.00462321005762, -0.00198352732696, 0.00122120324522, 0.00085559184663], [0.000640108017251, -0.00229662586935, 0.00096448889235, 8.00177440397e-05, -9.05727429199e-05, 0.00121574196965, 0.000316171586746, -0.0053037526086, 0.0177093781531, -0.00725111924112, 0.00362627953291, -0.00219299620949, 0.00219125719741], [-0.000382435595384, 0.00111215258949, -0.000297552964184, -0.000666135980282, -7.48844176996e-05, 0.000147489714436, -0.00219990173355, 0.00462321005762, -0.00725111924112, 0.0163803566247, -0.00419319421053, 0.000234418461332, 0.00054097676184], [0.000535568280611, -0.00161355896853, -2.93255143333e-05, -7.72641797084e-05, 0.00117153895553, 0.000570189557038, 0.000699290889315, -0.00198352732696, 0.00362627953291, -0.00419319421053, 0.0186844263226, -0.00610030116513, 0.00250809616409], [-0.000511859951075, 0.00242990069091, -0.000905353401322, 0.0010444696527, -0.000123837045976, -0.000119543641631, -0.0019400435267, 0.00122120324522, -0.00219299620949, 0.000234418461332, -0.00610030116513, 0.0228647328913, -0.00493466109037], [0.000458407652332, -0.00171080906875, 0.000773517531343, -0.000698481104337, 0.000156734240591, -0.000166777346749, 0.000792933627963, 0.00085559184663, 0.00219125719741, 0.00054097676184, 0.00250809616409, -0.00493466109037, 0.0187588818371]], "cov": [[15110.65625, 658.682312012, -962.420959473, 511.813690186, -719.674499512, 8.58138465881, -612.014038086, -73.254989624, -343.006835938, 45.3799972534, -208.502944946, 35.9129104614, -139.059326172], [658.682312012, 2890.45532227, 1361.85217285, 909.375244141, 395.198913574, -251.521194458, 119.588417053, -299.255096436, 175.86630249, 83.8859176636, 89.0466308594, -181.914337158, 145.551895142], [-962.420959473, 1361.85217285, 1498.76599121, 694.11328125, 329.402038574, -85.3209228516, 62.3527870178, -167.889755249, 67.4867324829, 45.8571434021, 72.900604248, -81.8793029785, 72.782699585], [511.813690186, 909.375244141, 694.11328125, 572.898010254, 197.104049683, -48.8038787842, 19.2212753296, -120.716262817, 26.6311664581, 41.0092048645, 22.3509731293, -57.5299568176, 43.335105896], [-719.674499512, 395.198913574, 329.402038574, 197.104049683, 234.712188721, 28.4330883026, 64.9977493286, -26.066986084, 41.9384422302, 9.19652557373, 15.0641965866, -31.619058609, 28.6223335266], [8.58138465881, -251.521194458, -85.3209228516, -48.8038787842, 28.4330883026, 141.641769409, 15.112701416, 51.6147651672, -20.8091278076, -12.7782030106, -15.108543396, 16.2030830383, -14.3370466232], [-612.014038086, 119.588417053, 62.3527870178, 19.2212753296, 64.9977493286, 15.112701416, 123.749458313, 19.1786651611, 36.5509262085, 10.1072978973, 12.8355083466, -6.00619983673, 9.63527202606], [-73.254989624, -299.255096436, -167.889755249, -120.716262817, -26.066986084, 51.6147651672, 19.1786651611, 119.596832275, 3.38996911049, -21.4646282196, -9.15755271912, 17.6267757416, -22.5784263611], [-343.006835938, 175.86630249, 67.4867324829, 26.6311664581, 41.9384422302, -20.8091278076, 36.5509262085, 3.38996911049, 100.20022583, 32.6551856995, 6.27487134933, -10.0011053085, 4.2786693573], [45.3799972534, 83.8859176636, 45.8571434021, 41.0092048645, 9.19652557373, -12.7782030106, 10.1072978973, -21.4646282196, 32.6551856995, 85.215171814, 16.4695091248, 0.281301319599, -1.86115586758], [-208.502944946, 89.0466308594, 72.900604248, 22.3509731293, 15.0641965866, -15.108543396, 12.8355083466, -9.15755271912, 6.27487134933, 16.4695091248, 70.5839996338, 9.0994720459, 2.40586948395], [35.9129104614, -181.914337158, -81.8793029785, -57.5299568176, -31.619058609, 16.2030830383, -6.00619983673, 17.6267757416, -10.0011053085, 0.281301319599, 9.0994720459, 63.2292060852, 0.200570613146], [-139.059326172, 145.551895142, 72.782699585, 43.335105896, 28.6223335266, -14.3370466232, 9.63527202606, -22.5784263611, 4.2786693573, -1.86115586758, 2.40586948395, 0.200570613146, 68.1338500977]]}, "spectral_energyband_middle_low": {"dmean2": 0.0174784809351, "median": 0.0123741850257, "min": 2.16991174027e-22, "dvar2": 0.000609845621511, "dvar": 0.000246458046604, "dmean": 0.0109440768138, "max": 0.173569217324, "var": 0.00037076859735, "mean": 0.0182869434357}, "melbands_crest": {"dmean2": 6.40513324738, "median": 14.0481243134, "min": 1.53398776054, "dvar2": 28.001865387, "dvar": 10.2039375305, "dmean": 3.77551198006, "max": 30.1939601898, "var": 28.2920322418, "mean": 14.2299394608}, "spectral_kurtosis": {"dmean2": 4.1556353569, "median": 5.27228069305, "min": -1.26358509064, "dvar2": 21.5271396637, "dvar": 8.50305271149, "dmean": 2.55677556992, "max": 46.202419281, "var": 16.2669792175, "mean": 6.31249141693}, "spectral_rms": {"dmean2": 0.00178160949145, "median": 0.00460782367736, "min": 3.14707288007e-12, "dvar2": 3.30590364683e-06, "dvar": 1.38648852044e-06, "dmean": 0.00114751141518, "max": 0.0132495993748, "var": 4.49954404758e-06, "mean": 0.00469056190923}, "zerocrossingrate": {"dmean2": 0.00934746582061, "median": 0.0283203125, "min": 0.0048828125, "dvar2": 0.000132822970045, "dvar": 8.50870565046e-05, "dmean": 0.00714787328616, "max": 0.53173828125, "var": 0.00322950538248, "mean": 0.046070381999}, "silence_rate_60dB": {"dmean2": 0.018462350592, "median": 0, "min": 0, "dvar2": 0.0210214015096, "dvar": 0.00914513971657, "dmean": 0.0092299580574, "max": 1, "var": 0.0699491128325, "mean": 0.0756756737828}, "erbbands_kurtosis": {"dmean2": 3.22323417664, "median": 0.883687019348, "min": -1.77910363674, "dvar2": 17.1206207275, "dvar": 7.06958389282, "dmean": 1.97961091995, "max": 43.7463722229, "var": 13.9742689133, "mean": 2.09119224548}, "erbbands": {"dmean2": [0.0382742658257, 1.30674386024, 4.44992160797, 4.69491004944, 19.6421909332, 77.9300460815, 28.1991577148, 19.9481525421, 35.350528717, 16.5497531891, 11.7678813934, 7.18799257278, 8.33002567291, 8.44774150848, 4.14141178131, 6.48166704178, 12.2241325378, 8.4687538147, 10.829536438, 15.6103143692, 8.22361373901, 7.16637516022, 7.1948890686, 6.02621555328, 4.95279121399, 5.49522399902, 6.87453556061, 6.25136518478, 2.38548111916, 2.10058522224, 1.31497633457, 1.17069959641, 0.612723350525, 0.294889032841, 0.158910825849, 0.0662545412779, 0.0241839680821, 0.00609036115929, 0.000739379611332, 3.42698003806e-05], "median": [0.0241273771971, 0.715921401978, 2.46838140488, 3.45069074631, 9.8206281662, 17.1106529236, 9.8534488678, 7.78067207336, 9.55365943909, 6.15545797348, 4.06630897522, 2.48799586296, 1.87744748592, 1.76758396626, 1.58337843418, 2.54481434822, 3.82163381577, 3.8202457428, 4.23344612122, 4.93037080765, 3.17197012901, 2.73790478706, 2.18949317932, 1.84215128422, 1.2026911974, 1.69787955284, 1.7720746994, 1.20142817497, 0.673284292221, 0.423116534948, 0.248996526003, 0.166991129518, 0.0916856899858, 0.0538200996816, 0.0311408992857, 0.0132582103834, 0.00435882760212, 0.00106692046393, 0.00012914101535, 3.02619082504e-05], "min": [4.26251997122e-23, 7.265953188e-22, 1.51649004833e-21, 1.1507184151e-20, 1.81283238992e-20, 2.68628600293e-20, 5.34191107012e-20, 6.23790600105e-20, 1.57417188083e-19, 3.21521485184e-19, 2.64989196237e-19, 2.7192438189e-19, 6.56099034061e-19, 5.2401390327e-19, 9.29405557206e-19, 9.22703739883e-19, 1.32452388643e-18, 2.06519619276e-18, 2.62084959937e-18, 3.14169338464e-18, 4.00099734948e-18, 5.08266090467e-18, 4.93805360357e-18, 6.80200709306e-18, 5.72663838233e-18, 7.89942761173e-18, 9.6524979537e-18, 8.54948982998e-18, 1.03060748624e-17, 9.89477336485e-18, 1.06195490176e-17, 1.141683615e-17, 1.08601708947e-17, 8.21910562152e-18, 6.56438498644e-18, 4.62740096144e-18, 2.28354147559e-18, 1.03804032443e-18, 2.68418299316e-19, 2.69934479373e-20], "dvar2": [0.0024173532147, 2.60457444191, 35.1444091797, 33.6758041382, 696.50012207, 18001.0019531, 2152.3581543, 1299.20153809, 4730.52197266, 1130.15405273, 480.637756348, 321.80871582, 804.776733398, 1331.55651855, 126.679763794, 137.569473267, 766.542358398, 365.766815186, 638.823364258, 2213.38330078, 477.756256104, 293.239471436, 447.370117188, 251.098602295, 326.794006348, 278.035186768, 613.249023438, 819.274047852, 39.0208396912, 102.537635803, 13.9971122742, 11.9038972855, 4.09994792938, 0.4654122293, 0.127022311091, 0.026959432289, 0.00559702701867, 0.000254625774687, 3.00689907817e-06, 3.69372199494e-09], "dvar": [0.000839817163069, 0.960531413555, 12.535697937, 12.2091712952, 275.842651367, 6959.19287109, 914.598205566, 586.615356445, 2271.96630859, 589.798522949, 240.072982788, 120.195617676, 293.972503662, 454.126708984, 48.5882339478, 55.4479904175, 322.153961182, 138.92098999, 283.999450684, 1028.7487793, 218.257949829, 136.878173828, 190.078323364, 116.251083374, 174.732177734, 110.292678833, 292.728881836, 332.206451416, 15.9728984833, 42.3043251038, 5.458527565, 4.6246509552, 1.48181176186, 0.190348893404, 0.0505806803703, 0.0110826445743, 0.00209401221946, 0.000100990007923, 1.19630374229e-06, 1.47544043649e-09], "dmean": [0.0226230341941, 0.796303272247, 2.67043495178, 2.80531597137, 12.0322303772, 46.3277206421, 17.7995414734, 12.5038309097, 22.8257846832, 10.9713439941, 7.65078496933, 4.43626832962, 5.10262823105, 5.16738176346, 2.55383944511, 3.99565219879, 7.55417442322, 5.26965475082, 6.86773490906, 9.81499290466, 5.17723083496, 4.55952548981, 4.56237268448, 3.90584588051, 3.12477135658, 3.39630413055, 4.21931695938, 3.78286075592, 1.48131740093, 1.29165315628, 0.795083522797, 0.70366859436, 0.371921718121, 0.18000613153, 0.0960854962468, 0.0404265187681, 0.0144791305065, 0.00363741605543, 0.000444328965386, 2.16539774556e-05], "max": [0.308293282986, 13.4736204147, 46.9008026123, 45.3408279419, 214.339828491, 948.701049805, 476.104400635, 526.851501465, 853.971313477, 605.419189453, 277.185333252, 449.579528809, 433.36428833, 959.97265625, 401.210113525, 141.549468994, 318.958374023, 361.822723389, 445.563568115, 1017.95922852, 477.686309814, 298.543792725, 539.317077637, 375.438171387, 881.803710938, 355.143951416, 784.306091309, 608.60333252, 121.512435913, 388.967651367, 62.5616455078, 44.5486755371, 53.6272125244, 13.9498729706, 4.57053852081, 2.52486300468, 1.49580848217, 0.24029584229, 0.0231343023479, 0.00129765272141], "var": [0.00126993842423, 1.68875658512, 22.1474952698, 21.19373703, 406.418365479, 7033.83154297, 1398.76367188, 1290.20715332, 4981.37890625, 1368.43029785, 517.074707031, 303.806182861, 635.804504395, 835.717956543, 147.719085693, 118.694747925, 493.41607666, 305.520751953, 567.272338867, 1408.56994629, 295.545074463, 249.4737854, 430.769622803, 266.507598877, 550.38684082, 135.062362671, 341.118469238, 304.084106445, 17.0876808167, 36.7286682129, 5.00231599808, 3.74358844757, 1.1415014267, 0.203085303307, 0.0509588979185, 0.0114300511777, 0.00162573705893, 8.96185883903e-05, 1.11697693228e-06, 1.72298020296e-09], "mean": [0.0342374444008, 1.12455272675, 3.90502595901, 4.62005376816, 16.8144416809, 49.0573348999, 23.8133144379, 19.3629703522, 36.0335083008, 18.4627666473, 11.7146644592, 7.35519838333, 8.10318851471, 8.14291572571, 4.60936307907, 6.44817399979, 11.2337255478, 9.18883037567, 11.4262676239, 13.8609275818, 7.89389610291, 7.54510593414, 7.60485744476, 6.16901350021, 4.91867685318, 4.32413864136, 4.87264919281, 4.09193277359, 1.8408690691, 1.4101691246, 0.903701424599, 0.697556972504, 0.385414451361, 0.203461363912, 0.108274027705, 0.046123072505, 0.0153339682147, 0.0037497789599, 0.00046378801926, 4.06058170483e-05]}, "spectral_strongpeak": {"dmean2": 0.807636797428, "median": 0.55015540123, "min": 0, "dvar2": 1.66222000122, "dvar": 0.716426193714, "dmean": 0.490460216999, "max": 27.4391174316, "var": 1.11725711823, "mean": 0.829559803009}, "spectral_energy": {"dmean2": 0.0210318733007, "median": 0.0217628423125, "min": 1.01516693872e-20, "dvar2": 0.000707977626007, "dvar": 0.000283637753455, "dmean": 0.0132523216307, "max": 0.17994068563, "var": 0.000507445714902, "mean": 0.0271634552628}, "average_loudness": 0.856287658215, "spectral_rolloff": {"dmean2": 372.056915283, "median": 409.130859375, "min": 107.666015625, "dvar2": 566333, "dvar": 246405.546875, "dmean": 214.63092041, "max": 19573.6816406, "var": 4155429.5, "mean": 1019.82446289}, "spectral_centroid": {"dmean2": 286.974639893, "median": 544.974182129, "min": 160.237640381, "dvar2": 130569, "dvar": 65029.734375, "dmean": 179.687316895, "max": 11536.1318359, "var": 1513094.375, "mean": 956.48840332}, "pitch_salience": {"dmean2": 0.142677053809, "median": 0.573108017445, "min": 0.171507611871, "dvar2": 0.0145839890465, "dvar": 0.00528812455013, "dmean": 0.0847328826785, "max": 0.861551582813, "var": 0.014435463585, "mean": 0.575682461262}, "spectral_energyband_middle_high": {"dmean2": 0.00119433447253, "median": 0.000851935008541, "min": 1.29557516851e-21, "dvar2": 4.33115974374e-06, "dvar": 1.86138731806e-06, "dmean": 0.000782698392868, "max": 0.0327773168683, "var": 6.75253477311e-06, "mean": 0.0017841294175}, "spectral_contrast_coeffs": {"dmean2": [0.105279408395, 0.0880777016282, 0.0609953515232, 0.050925206393, 0.0386205725372, 0.0383999161422], "median": [-0.602613568306, -0.724448442459, -0.811615288258, -0.808061242104, -0.810737252235, -0.765304148197], "min": [-0.976579904556, -0.978290081024, -0.976656079292, -0.969505310059, -0.96958988905, -0.964751005173], "dvar2": [0.00721630547196, 0.00494854757562, 0.00224802433513, 0.00178855494596, 0.00101444602478, 0.00109358690679], "dvar": [0.0027108406648, 0.00200562877581, 0.000917189463507, 0.000783320807386, 0.00043446093332, 0.000499818765093], "dmean": [0.0641365349293, 0.0543980002403, 0.0370187610388, 0.0319916978478, 0.0242520645261, 0.0243146996945], "max": [-0.264549225569, -0.37683364749, -0.554789125919, -0.515821158886, -0.576139390469, -0.493264734745], "var": [0.00765484245494, 0.00864178407937, 0.00297233648598, 0.00334801361896, 0.0017773368163, 0.00216282694601], "mean": [-0.598187744617, -0.718572556973, -0.804943025112, -0.796393752098, -0.806145846844, -0.758051633835]}, "melbands_skewness": {"dmean2": 1.58667469025, "median": 3.22613787651, "min": -1.02503275871, "dvar2": 2.3208053112, "dvar": 0.966387033463, "dmean": 0.999317586422, "max": 11.9893407822, "var": 3.31915664673, "mean": 3.22693943977}, "spectral_spread": {"dmean2": 1113787.375, "median": 4091955, "min": 1336208.375, "dvar2": 1459424329730.0, "dvar": 752671588352, "dmean": 738664.125, "max": 43791704, "var": 13830946029600.0, "mean": 4497928}, "dissonance": {"dmean2": 0.0380559116602, "median": 0.457151502371, "min": 0.290010422468, "dvar2": 0.0011656882707, "dvar": 0.000441148324171, "dmean": 0.0228387713432, "max": 0.499999940395, "var": 0.00119278125931, "mean": 0.451844364405}, "spectral_skewness": {"dmean2": 0.492238342762, "median": 1.82159268856, "min": -0.068457506597, "dvar2": 0.203878581524, "dvar": 0.0861675217748, "dmean": 0.313832163811, "max": 4.93053150177, "var": 0.277639359236, "mean": 1.90260481834}, "spectral_flux": {"dmean2": 0.0489698313177, "median": 0.0807264372706, "min": 6.40553721176e-11, "dvar2": 0.00254129967652, "dvar": 0.00103143032175, "dmean": 0.0300149135292, "max": 0.311063706875, "var": 0.00218935171142, "mean": 0.0875923037529}, "spectral_contrast_valleys": {"dmean2": [0.758470416069, 0.646548032761, 0.531598269939, 0.471670091152, 0.47228205204, 0.702643752098], "median": [-6.86717939377, -6.85197210312, -7.97894477844, -8.02620887756, -8.08485221863, -10.8278865814], "min": [-27.992307663, -28.1025238037, -27.7216396332, -27.5966491699, -27.5031909943, -27.3860054016], "dvar2": [0.371902823448, 0.269360095263, 0.193294212222, 0.161504715681, 0.176371350884, 0.366218924522], "dvar": [0.158447414637, 0.138268589973, 0.10856565088, 0.100071370602, 0.114172510803, 0.21169808507], "dmean": [0.454528689384, 0.403167277575, 0.337618887424, 0.308527439833, 0.332194298506, 0.512914001942], "max": [-5.41100263596, -4.91776657104, -5.28701496124, -6.0133099556, -6.19027709961, -8.05599403381], "var": [5.84874010086, 4.40158843994, 4.06024646759, 4.0594997406, 4.01979494095, 3.47275328636], "mean": [-7.53265571594, -7.0779132843, -8.10127067566, -8.1540222168, -8.26667022705, -10.973657608]}, "erbbands_flatness_db": {"dmean2": 0.0425617918372, "median": 0.169299900532, "min": 0.069167278707, "dvar2": 0.00131545460317, "dvar": 0.000565605179872, "dmean": 0.0276869237423, "max": 0.342099666595, "var": 0.00165705033578, "mean": 0.170850530267}, "spectral_energyband_high": {"dmean2": 0.00039702813956, "median": 0.000121856137412, "min": 7.06873574026e-21, "dvar2": 9.98477730718e-07, "dvar": 4.36331561104e-07, "dmean": 0.000249081960646, "max": 0.0196053590626, "var": 4.77163382584e-07, "mean": 0.000311047333525}, "spectral_entropy": {"dmean2": 0.446547716856, "median": 7.07958078384, "min": 5.32144212723, "dvar2": 0.162377119064, "dvar": 0.0690052658319, "dmean": 0.288010418415, "max": 9.82243442535, "var": 0.402727693319, "mean": 7.12499094009}, "silence_rate_20dB": {"dmean2": 0, "median": 1, "min": 1, "dvar2": 0, "dvar": 0, "dmean": 0, "max": 1, "var": 0, "mean": 1}, "melbands_flatness_db": {"dmean2": 0.0537432469428, "median": 0.274845719337, "min": 0.00320464442484, "dvar2": 0.00212401873432, "dvar": 0.000933633709792, "dmean": 0.0344500169158, "max": 0.528874278069, "var": 0.00884936843067, "mean": 0.258589714766}, "barkbands": {"dmean2": [4.17712544731e-06, 0.0045285015367, 0.00349428853951, 0.00251465383917, 0.0147060537711, 0.0020779191982, 0.00239413999952, 0.000469776132377, 0.000320578896208, 0.000304763292661, 0.000120953198348, 0.000146561505971, 0.000289859832264, 0.000187520461623, 0.000188668418559, 0.000272365461569, 0.000137262759381, 0.000145154452184, 0.000100970668427, 0.000126127328258, 0.000172062806087, 6.33935269434e-05, 5.60243461223e-05, 4.30399668403e-05, 2.34737472056e-05, 1.38359209814e-05, 3.79161929231e-06], "median": [8.72222585713e-07, 0.00248157745227, 0.00185305299237, 0.001203981461, 0.00485356058925, 0.000780103437137, 0.000573719793465, 0.000146025820868, 9.06243512873e-05, 5.60071785003e-05, 3.44333420799e-05, 4.97965156683e-05, 8.08375916677e-05, 6.62048842059e-05, 7.24980709492e-05, 6.07090696576e-05, 4.7735960834e-05, 3.96649702452e-05, 2.72627457889e-05, 3.42082093994e-05, 3.75104136765e-05, 1.71700139617e-05, 9.93383127934e-06, 6.38187066215e-06, 4.62528350909e-06, 2.71083195003e-06, 6.27539236575e-07], "min": [1.07427324592e-24, 2.52175540281e-24, 9.42970700905e-25, 6.81075388474e-25, 6.80805499437e-24, 6.86970920728e-24, 9.52997616049e-24, 3.32036130401e-24, 1.46234191004e-23, 1.32594107532e-23, 1.55770525383e-23, 1.88830360635e-23, 2.52020880156e-23, 1.67004740866e-23, 3.58069644678e-23, 5.37469867389e-23, 7.43454639496e-23, 5.83360809254e-23, 1.25705225061e-22, 1.74793994465e-22, 2.63862411251e-22, 3.28883406772e-22, 3.83778962367e-22, 6.4801346353e-22, 9.31929930682e-22, 1.3308017333e-21, 2.05011969034e-21], "dvar2": [4.53280989132e-11, 3.20819999615e-05, 2.40589943132e-05, 1.11924700832e-05, 0.000557271647267, 1.17619219964e-05, 2.32289257838e-05, 6.56406371036e-07, 7.63278023896e-07, 9.78528191808e-07, 1.39050186476e-07, 7.48873461021e-08, 3.83760436762e-07, 1.98756140435e-07, 1.68532196199e-07, 8.99654764908e-07, 1.10115166763e-07, 1.59475064265e-07, 9.61090051987e-08, 1.52131036657e-07, 4.68714858926e-07, 3.17511599235e-08, 4.82457096496e-08, 1.34333388857e-08, 2.75084621748e-09, 1.4191096076e-09, 7.88254600481e-11], "dvar": [1.80178389569e-11, 1.17701029012e-05, 8.28731299407e-06, 4.23927167503e-06, 0.000220697707846, 5.23997732671e-06, 1.18866828416e-05, 3.29717636305e-07, 2.77286346773e-07, 3.72356765865e-07, 5.35121209566e-08, 2.93400574947e-08, 1.66050440953e-07, 7.8947117288e-08, 7.05534972667e-08, 4.20414863811e-07, 5.20016456562e-08, 6.89610502036e-08, 4.34630642587e-08, 7.95248595864e-08, 2.16421270238e-07, 1.2543044825e-08, 2.0167124859e-08, 5.25367971349e-09, 1.12062614743e-09, 5.64607527398e-10, 3.12692823023e-11], "dmean": [2.48054698204e-06, 0.00275612645783, 0.00207582255825, 0.00151111918967, 0.00893069338053, 0.00130996177904, 0.00156075460836, 0.00030292608426, 0.000194860593183, 0.000189330952708, 7.48280290281e-05, 8.94038021215e-05, 0.00017931376351, 0.000116478426207, 0.000116804068966, 0.000171058389242, 8.72009040904e-05, 9.15775308385e-05, 6.41784063191e-05, 7.84960429883e-05, 0.0001047971964, 3.91550565837e-05, 3.41481754731e-05, 2.61581244558e-05, 1.42909248098e-05, 8.38703817863e-06, 2.26774659495e-06], "max": [6.65106344968e-05, 0.0466344282031, 0.0338616408408, 0.0317526943982, 0.168853491545, 0.0441968590021, 0.0761885717511, 0.0104628941044, 0.0199863649905, 0.0209375396371, 0.00889596529305, 0.00342741655186, 0.0107543468475, 0.00765127874911, 0.00680900691077, 0.0211515575647, 0.00583487330005, 0.00901050586253, 0.00634555937722, 0.0179917234927, 0.0193658545613, 0.00