{"tonal": {"thpcp": [1, 0.660956680775, 0.29857391119, 0.232335537672, 0.26385051012, 0.392711341381, 0.46956333518, 0.360161006451, 0.24934335053, 0.239733487368, 0.28575438261, 0.441499888897, 0.581816852093, 0.546284139156, 0.589911878109, 0.736319363117, 0.574743330479, 0.319874703884, 0.269295752048, 0.296416252851, 0.386380255222, 0.473191767931, 0.3880469203, 0.25780543685, 0.240970641375, 0.275627106428, 0.44142383337, 0.568815946579, 0.425975173712, 0.302113622427, 0.316956102848, 0.28175804019, 0.275053977966, 0.326531767845, 0.432603478432, 0.778124094009], "hpcp": {"dmean2": [0.29764854908, 0.296649485826, 0.277824014425, 0.283329904079, 0.264435589314, 0.207911089063, 0.184493333101, 0.202671408653, 0.226248174906, 0.234993696213, 0.214804336429, 0.164930164814, 0.160914897919, 0.17177683115, 0.221107706428, 0.248644039035, 0.216646671295, 0.182129338384, 0.181191980839, 0.178166508675, 0.182178884745, 0.21351800859, 0.266522198915, 0.359539419413, 0.38158673048, 0.312904238701, 0.206958636642, 0.170696154237, 0.185667529702, 0.22798204422, 0.234589144588, 0.216610968113, 0.183001175523, 0.179877534509, 0.201300054789, 0.253845155239], "median": [0.0454326719046, 0.0434900075197, 0.0483696982265, 0.0528628230095, 0.039015121758, 0.0186220742762, 0.0112581178546, 0.0108629856259, 0.0232184790075, 0.0319939926267, 0.0238054357469, 0.0101223085076, 0.00666912365705, 0.0100135495886, 0.0314277820289, 0.0456578172743, 0.0330662056804, 0.0183833874762, 0.0132049676031, 0.0113498279825, 0.0110142575577, 0.0128006227314, 0.0275255702436, 0.0878833085299, 0.120804443955, 0.0610493980348, 0.0144296120852, 0.00735109485686, 0.00947257503867, 0.0202455706894, 0.0238020047545, 0.0185231678188, 0.0106924548745, 0.00920573808253, 0.0118992254138, 0.030091509223], "min": [0, 0, 0, 0, 0, 0, 0, 0, 0, 0, 0, 0, 0, 0, 0, 0, 0, 0, 0, 0, 0, 0, 0, 0, 0, 0, 0, 0, 0, 0, 0, 0, 0, 0, 0, 0], "dvar2": [0.152376964688, 0.159581676126, 0.139139041305, 0.13350777328, 0.127980083227, 0.110641345382, 0.106706395745, 0.120976217091, 0.124592669308, 0.119805894792, 0.115743912756, 0.0916238278151, 0.104737386107, 0.0981092527509, 0.108281321824, 0.115291588008, 0.1020822227, 0.093163587153, 0.0951094180346, 0.0986813381314, 0.102173127234, 0.120493017137, 0.13447919488, 0.17319855094, 0.170528039336, 0.142175391316, 0.116476938128, 0.104115337133, 0.108860298991, 0.133031308651, 0.130528569221, 0.126926541328, 0.109551176429, 0.108196720481, 0.116071477532, 0.134972974658], "dvar": [0.0607065707445, 0.0600377433002, 0.0535057298839, 0.0582401789725, 0.0522354319692, 0.0414498634636, 0.0396840199828, 0.0449023135006, 0.0471152924001, 0.0471375659108, 0.0451829917729, 0.0345347337425, 0.0395650975406, 0.0382163003087, 0.0427997969091, 0.0477641522884, 0.0408979468048, 0.0345495641232, 0.036539234221, 0.0375856310129, 0.0393512621522, 0.0463487319648, 0.0507401004434, 0.0678196623921, 0.0734009370208, 0.0563527196646, 0.0427560396492, 0.0388826653361, 0.0415418557823, 0.0504264049232, 0.0513419695199, 0.0478520803154, 0.0410592332482, 0.0398274585605, 0.0428891554475, 0.0510881580412], "dmean": [0.17097966373, 0.1698487252, 0.16299405694, 0.168463930488, 0.15723541379, 0.116613209248, 0.102918043733, 0.11332654953, 0.129030093551, 0.137283742428, 0.124194085598, 0.0934372022748, 0.0901666507125, 0.0982700437307, 0.129171773791, 0.146868437529, 0.12489516288, 0.103515855968, 0.102173231542, 0.0999267622828, 0.10180490464, 0.119307212532, 0.150243028998, 0.207351475954, 0.221702799201, 0.183796495199, 0.114316947758, 0.0937910154462, 0.103113099933, 0.128843098879, 0.134118020535, 0.122371710837, 0.100660018623, 0.099368147552, 0.111819662154, 0.144437536597], "max": [1, 1, 1, 1, 1, 1, 1, 1, 1, 1, 1, 1, 1, 1, 1, 1, 1, 1, 1, 1, 1, 1, 1, 1, 1, 1, 1, 1, 1, 1, 1, 1, 1, 1, 1, 1], "var": [0.0758794173598, 0.067093193531, 0.073281109333, 0.103877820075, 0.0744721591473, 0.0367923974991, 0.0332053974271, 0.0385747291148, 0.0477271340787, 0.0583437383175, 0.0483664087951, 0.0318427979946, 0.0358741022646, 0.0369634851813, 0.0514299795032, 0.0712051317096, 0.0477201417089, 0.0319027341902, 0.0396727211773, 0.034096121788, 0.0343791954219, 0.0431531108916, 0.0519092902541, 0.0929714217782, 0.124609798193, 0.0774077922106, 0.0356131456792, 0.0309407766908, 0.0343378707767, 0.0513040795922, 0.0651441439986, 0.0465402640402, 0.0318412147462, 0.0298231095076, 0.0360594764352, 0.0525089986622], "mean": [0.178334966302, 0.167443692684, 0.180816218257, 0.225692152977, 0.176166832447, 0.0980460569263, 0.0825428962708, 0.0908557102084, 0.118430934846, 0.145039871335, 0.118941791356, 0.0790209546685, 0.073860861361, 0.0844835489988, 0.135302558541, 0.17435002327, 0.130567327142, 0.0926020368934, 0.097151465714, 0.0863627642393, 0.0843078792095, 0.100086539984, 0.132598996162, 0.238505870104, 0.306513935328, 0.202592432499, 0.0915170684457, 0.0712140798569, 0.0808738619089, 0.120371498168, 0.143927708268, 0.110394366086, 0.0764272138476, 0.073481656611, 0.0875876992941, 0.135325863957]}, "tuning_equal_tempered_deviation": 0.0476128570735, "chords_changes_rate": 0.0831395313144, "key_key": "A#", "tuning_diatonic_strength": 0.777608752251, "key_scale": "major", "chords_number_rate": 0.00377906975336, "tuning_frequency": 441.527557373, "tuning_nontempered_energy_ratio": 0.765464484692, "chords_histogram": [48.1104660034, 8.11046504974, 14.7965116501, 1.77325582504, 1.97674417496, 0.406976729631, 0.0290697682649, 0.145348832011, 0.494186043739, 0.37790697813, 5.87209320068, 1.07558143139, 1.36627912521, 1.2209302187, 0.0290697682649, 0, 0.145348832011, 0.0872092992067, 0, 2.93604660034, 1.86046516895, 0.406976729631, 5.2616276741, 3.51744174957], "key_strength": 0.924394011497, "chords_key": "A#", "chords_strength": {"dmean2": 0.0159405134618, "median": 0.588005661964, "min": -1, "dvar2": 0.00128204934299, "dvar": 0.000675850198604, "dmean": 0.0141266444698, "max": 0.807508528233, "var": 0.0285354163498, "mean": 0.575200855732}, "chords_scale": "major", "hpcp_entropy": {"dmean2": 1.11837053299, "median": 1.77429199219, "min": 0, "dvar2": 0.797960281372, "dvar": 0.310522735119, "dmean": 0.669578850269, "max": 4.36280822754, "var": 0.630046546459, "mean": 1.78428542614}}, "metadata": {"audio_properties": {"equal_loudness": 0, "codec": "vorbis", "downmix": "mix", "sample_rate": 44100, "analysis_sample_rate": 44100, "bit_rate": 320000, "md5_encoded": "9f7647dbcdcaf8902123abdca16b6bef", "length": 159.661865234, "replay_gain": -9.35731887817, "lossless": false}, "version": {"essentia_build_sha": "cead25079874084f62182a551b7393616cd33d87", "essentia": "2.1-beta2", "extractor": "music 1.0", "essentia_git_sha": "v2.1_beta2-1-ge3940c0"}, "tags": {"title": ["Barney, the Bashful Bullfrog"], "barcode": ["074646342220"], "media": ["CD"], "albumartist": ["Gene Autry"], "tracktotal": ["16"], "albumartistsort": ["Autry, Gene"], "releasetype": ["album", "compilation"], "musicbrainz_recordingid": ["09788135-8f5f-4cb6-a31a-f17b0c2853fb"], "musicbrainz_releasegroupid": ["4e008d04-bb44-4ff3-9952-3ddf831aedf4"], "musicbrainz_albumartistid": ["675b7627-6b5d-4a46-a728-785cb24a299e"], "musicbrainz_releasetrackid": ["c7796503-d368-40d3-a2db-d3cc970ff0c5"], "discnumber": ["1"], "album": ["Always Your Pal, Gene Autry"], "catalognumber": ["LK 63422"], "releasecountry": ["US"], "isrc": ["USSM15400042"], "originaldate": ["1997"], "producer": ["Kara Buhl Mann", "Janet Stampler", "Larry Cohn"], "date": ["1997"], "file_name": "04 Barney, the Bashful Bullfrog.ogg", "disctotal": ["1"], "musicbrainz_artistid": ["675b7627-6b5d-4a46-a728-785cb24a299e"], "asin": ["B0000062EE"], "musicbrainz_albumid": ["9ee11dbf-436e-489b-8ed2-8d4252fc73aa"], "tracknumber": ["4"], "artistsort": ["Autry, Gene"], "artist": ["Gene Autry"], "label": ["Sony Wonder"], "releasestatus": ["official"], "totaldiscs": ["1"], "script": ["Latn"], "totaltracks": ["16"]}}, "rhythm": {"bpm_histogram_first_peak_bpm": {"dmean2": 0, "median": 117, "min": 117, "dvar2": 0, "dvar": 0, "dmean": 0, "max": 117, "var": 0, "mean": 117}, "bpm": 116.569961548, "bpm_histogram_second_peak_spread": {"dmean2": 0, "median": 0.327586174011, "min": 0.327586174011, "dvar2": 0, "dvar": 0, "dmean": 0, "max": 0.327586174011, "var": 0, "mean": 0.327586174011}, "bpm_histogram_first_peak_weight": {"dmean2": 0, "median": 0.381578952074, "min": 0.381578952074, "dvar2": 0, "dvar": 0, "dmean": 0, "max": 0.381578952074, "var": 0, "mean": 0.381578952074}, "onset_rate": 4.18953418732, "beats_position": [0.510838985443, 1.03328800201, 1.55573689938, 2.06657600403, 2.57741498947, 3.08825397491, 3.59909296036, 4.1099319458, 4.62077093124, 5.11999988556, 5.58439922333, 6.06040811539, 6.54802703857, 7.03564596176, 7.5464849472, 8.05732440948, 8.56816291809, 9.07900238037, 9.57823085785, 10.0890703201, 10.6115188599, 11.1223583221, 11.6331968307, 12.144036293, 12.6548748016, 13.1657142639, 13.6881628036, 14.1990022659, 14.7098407745, 15.2206802368, 15.7315187454, 16.2539672852, 16.7648067474, 17.2756462097, 17.7748756409, 18.2973232269, 18.8081626892, 19.3306121826, 19.853061676, 20.363899231, 20.8863487244, 21.3971881866, 21.9080276489, 22.430475235, 22.9529247284, 23.4869842529, 24.009431839, 24.5202713013, 25.0311107635, 25.553560257, 26.076007843, 26.5984573364, 27.1209068298, 27.6317462921, 28.1541938782, 28.6534233093, 29.1642627716, 29.6751022339, 30.2091598511, 30.7199993134, 31.2308387756, 31.7416782379, 32.2757377625, 32.8097953796, 33.3206329346, 33.8314743042, 34.3423118591, 34.8415412903, 35.3407707214, 35.8632202148, 36.3856697083, 36.8732872009, 37.3725166321, 37.883354187, 38.4058036804, 38.91664505, 39.427482605, 39.9383201599, 40.4607696533, 40.9832191467, 41.4940567017, 42.0165061951, 42.5389556885, 43.0614051819, 43.5838546753, 44.1063041687, 44.6287536621, 45.1511993408, 45.6620407104, 46.1844902039, 46.6953277588, 47.2177772522, 47.7402267456, 48.2510643005, 48.7619056702, 49.2727432251, 49.78358078, 50.2944221497, 50.8284797668, 51.3393173218, 51.8617668152, 52.3842163086, 52.8950538635, 53.4058952332, 53.9167327881, 54.4275741577, 54.9384117126, 55.4492492676, 55.9600906372, 56.4709281921, 56.9933776855, 57.5042152405, 58.0266647339, 58.5607261658, 59.0715637207, 59.5824012756, 60.0932426453, 60.6156921387, 61.1381378174, 61.648979187, 62.1830368042, 62.7054862976, 63.227935791, 63.7387733459, 64.2612228394, 64.7836685181, 65.3177337646, 65.8285675049, 66.316192627, 66.8270263672, 67.3378677368, 67.8487091064, 68.3827667236, 68.9052124023, 69.4276657104, 69.9384994507, 70.4377288818, 70.936958313, 71.4477996826, 71.9702453613, 72.481086731, 72.9919281006, 73.5027618408, 74.0136032104, 74.5360565186, 75.0468902588, 75.5577316284, 76.068572998, 76.5794067383, 77.0902481079, 77.6010894775, 78.1119232178, 78.6227645874, 79.1452102661, 79.6676635742, 80.1901092529, 80.712562561, 81.2350082397, 81.7574615479, 82.2682952881, 82.7675247192, 83.2899780273, 83.8124237061, 84.3464813232, 84.8689346313, 85.3913803101, 85.9138336182, 86.4362792969, 86.9703369141, 87.4927902222, 88.0036239624, 88.5028533936, 89.0136947632, 89.5245361328, 90.035369873, 90.5345993042, 91.0454406738, 91.5562820435, 92.0671157837, 92.6011810303, 93.1120147705, 93.6344680786, 94.1453018188, 94.667755127, 95.1902008057, 95.7126541138, 96.223487854, 96.7459411621, 97.2567749023, 97.767616272, 98.2900695801, 98.8241271973, 99.3697967529, 99.8922424316, 100.41469574, 100.92552948, 101.43637085, 101.935600281, 102.44644165, 102.968887329, 103.491333008, 104.025398254, 104.536231995, 105.047073364, 105.557914734, 106.068748474, 106.591201782, 107.125259399, 107.647705078, 108.170158386, 108.692604065, 109.215057373, 109.737503052, 110.248344421, 110.7707901, 111.316459656, 111.850517273, 112.38457489, 112.941856384, 113.499137878, 114.033195496, 114.567253113, 115.10131073, 115.623764038, 116.146209717, 116.657051086, 117.167892456, 117.690338135, 118.212783813, 118.735237122, 119.269294739, 119.814964294, 120.349021912, 120.883079529, 121.417137146, 121.962806702, 122.508476257, 123.054145813, 123.599815369, 124.122268677, 124.644714355, 125.155555725, 125.666389465, 126.200454712, 126.734512329, 127.268569946, 127.814239502, 128.348297119, 128.882354736, 129.451248169, 130.031738281, 130.589019775, 131.157913208, 131.715194702, 132.284072876, 132.864578247, 133.456680298, 134.037185669, 134.62928772, 135.221405029, 135.790298462, 136.347564697, 136.893234253, 137.41569519, 137.938140869, 138.460586548, 138.983032227, 139.517089844, 140.085983276, 140.654876709, 141.212158203, 141.757827759, 142.315093994, 142.86076355, 143.406433105, 143.940490723, 144.451339722, 144.962173462, 145.473007202, 145.99546814, 146.50630188, 147.005523682, 147.516372681, 148.050430298, 148.584487915, 149.106933594, 149.629379272, 150.140228271, 150.66267395, 151.185119629, 151.719177246, 152.253234863, 152.78729248, 153.321365356, 153.843811035, 154.366256714, 154.877090454, 155.376327515, 155.898773193, 156.397994995, 156.897232056, 157.408065796, 157.918914795, 158.452972412, 158.987030029], "beats_loudness": {"dmean2": 0.0300689954311, "median": 0.0280782002956, "min": 0, "dvar2": 0.000876049860381, "dvar": 0.00032284136978, "dmean": 0.0175091661513, "max": 0.159861385822, "var": 0.000414459005697, "mean": 0.0300090946257}, "danceability": 1.28914916515, "bpm_histogram_second_peak_weight": {"dmean2": 0, "median": 0.128289476037, "min": 0.128289476037, "dvar2": 0, "dvar": 0, "dmean": 0, "max": 0.128289476037, "var": 0, "mean": 0.128289476037}, "beats_count": 305, "bpm_histogram_second_peak_bpm": {"dmean2": 0, "median": 112, "min": 112, "dvar2": 0, "dvar": 0, "dmean": 0, "max": 112, "var": 0, "mean": 112}, "bpm_histogram_first_peak_spread": {"dmean2": 0, "median": 0.491228044033, "min": 0.491228044033, "dvar2": 0, "dvar": 0, "dmean": 0, "max": 0.491228044033, "var": 0, "mean": 0.491228044033}, "beats_loudness_band_ratio": {"dmean2": [0.210213020444, 0.348795384169, 0.399995088577, 0.413777142763, 0.154392778873, 0.0342194028199], "median": [0.102188520133, 0.120714522898, 0.269988685846, 0.184008300304, 0.0399474538863, 0.0109038529918], "min": [0, 0, 0, 0, 0, 0], "dvar2": [0.043644759804, 0.110496006906, 0.0954186916351, 0.135212883353, 0.0318817608058, 0.00309868576005], "dvar": [0.018326818943, 0.0393986515701, 0.0349508225918, 0.0441689230502, 0.0136178368703, 0.00117788231], "dmean": [0.120399087667, 0.193586364388, 0.232027381659, 0.232363596559, 0.0858360901475, 0.0196957476437], "max": [0.905596613884, 0.861609458923, 0.910471320152, 0.845825791359, 0.969594955444, 0.419093549252], "var": [0.0248069241643, 0.0439404770732, 0.0537606291473, 0.0512585453689, 0.0203676242381, 0.00100118480623], "mean": [0.150737196207, 0.207015827298, 0.326728671789, 0.244993239641, 0.0886400565505, 0.0198746658862]}}, "lowlevel": {"barkbands_spread": {"dmean2": 8.63604831696, "median": 10.299747467, "min": 0.986511111259, "dvar2": 243.919723511, "dvar": 112.737113953, "dmean": 5.59722232819, "max": 126.061195374, "var": 211.157363892, "mean": 14.5530500412}, "melbands_spread": {"dmean2": 10.5754117966, "median": 13.1855182648, "min": 1.25334692001, "dvar2": 478.591217041, "dvar": 251.34564209, "dmean": 7.06266307831, "max": 217.773284912, "var": 711.354248047, "mean": 20.4500808716}, "hfc": {"dmean2": 6.82049751282, "median": 6.75214004517, "min": 1.1025401711e-16, "dvar2": 259.831298828, "dvar": 143.450134277, "dmean": 5.2744603157, "max": 490.950775146, "var": 444.130554199, "mean": 13.7850484848}, "barkbands_kurtosis": {"dmean2": 5.71182394028, "median": 3.11101150513, "min": -1.94473946095, "dvar2": 78.2964935303, "dvar": 36.5318260193, "dmean": 3.80323839188, "max": 105.525596619, "var": 78.7461853027, "mean": 5.952501297}, "gfcc": {"mean": [-92.7747039795, 106.223777771, -111.024131775, -2.9601290226, -47.2856407166, -10.1593198776, -26.5855789185, 2.92987585068, -22.3738460541, 0.811681628227, -12.220580101, 3.65610337257, -14.6382980347], "icov": [[0.000156096430146, -0.000208096229471, 0.000347067863913, -0.000342467566952, 0.00047864735825, -0.000372694397811, 0.000430468353443, -0.000458440306829, 0.000541771645658, -0.000435342342826, 0.000496116699651, -0.000346504268236, 0.000355065189069], [-0.000208096229471, 0.00114038807806, -0.000210063692066, 0.000793130311649, -0.00131010636687, 0.00106213800609, -0.000574875273742, 0.000694098765962, -0.000779199646786, 0.00117349682841, -0.00147212354932, 0.000621119630523, -0.000326505716657], [0.000347067863913, -0.000210063692066, 0.00178675469942, -0.00108582829125, 0.000644859625027, -0.000715193978976, 0.000800915819127, -0.000829930591863, 0.00132709986065, -0.00116425810847, 0.000866646645591, -0.000940430269111, 0.0008478317759], [-0.000342467566952, 0.000793130311649, -0.00108582829125, 0.00301256985404, -0.00136686186306, 0.00158709881362, -0.00104941288009, 0.00110784871504, -0.00179193553049, 0.000484027172206, -0.000987985287793, 0.000463838747237, -0.00113173259888], [0.00047864735825, -0.00131010636687, 0.000644859625027, -0.00136686186306, 0.00534319039434, -0.00206349114887, 0.00171617884189, -0.00210096267983, 0.000556560524274, -0.0014214233961, 0.00139404111542, 5.74960686208e-05, -0.00018886734324], [-0.000372694397811, 0.00106213800609, -0.000715193978976, 0.00158709881362, -0.00206349114887, 0.00517008453608, -0.00337402475998, 0.00155977450777, -0.00116783718113, -0.000187995217857, -0.00133931799792, 0.00129674945492, -0.00169394363184], [0.000430468353443, -0.000574875273742, 0.000800915819127, -0.00104941288009, 0.00171617884189, -0.00337402475998, 0.006701127626, -0.00409864634275, 0.0016078009503, 0.000252398720477, 0.000787270895671, -0.000971702218521, 0.00104176730383], [-0.000458440306829, 0.000694098765962, -0.000829930591863, 0.00110784871504, -0.00210096267983, 0.00155977450777, -0.00409864634275, 0.00929110031575, -0.00369451218285, 0.00236579147168, -0.00119630992413, 0.000313853088301, -0.000430488435086], [0.000541771645658, -0.000779199646786, 0.00132709986065, -0.00179193553049, 0.000556560524274, -0.00116783718113, 0.0016078009503, -0.00369451218285, 0.0110879745334, -0.00492743821815, 0.00250904029235, -0.00117772328667, 0.00152419344522], [-0.000435342342826, 0.00117349682841, -0.00116425810847, 0.000484027172206, -0.0014214233961, -0.000187995217857, 0.000252398720477, 0.00236579147168, -0.00492743821815, 0.0103859361261, -0.00353843113407, 0.00281243678182, -0.00128922751173], [0.000496116699651, -0.00147212354932, 0.000866646645591, -0.000987985287793, 0.00139404111542, -0.00133931799792, 0.000787270895671, -0.00119630992413, 0.00250904029235, -0.00353843113407, 0.0124399140477, -0.00519534666091, 0.00213445816189], [-0.000346504268236, 0.000621119630523, -0.000940430269111, 0.000463838747237, 5.74960686208e-05, 0.00129674945492, -0.000971702218521, 0.000313853088301, -0.00117772328667, 0.00281243678182, -0.00519534666091, 0.0125598944724, -0.00360809359699], [0.000355065189069, -0.000326505716657, 0.0008478317759, -0.00113173259888, -0.00018886734324, -0.00169394363184, 0.00104176730383, -0.000430488435086, 0.00152419344522, -0.00128922751173, 0.00213445816189, -0.00360809359699, 0.0103614274412]], "cov": [[22969.8886719, 1572.5222168, -3075.64160156, 25.3313102722, -1098.7989502, -208.742385864, -544.227294922, 86.95652771, -421.147186279, -59.7613792419, -201.821365356, 97.1468048096, -349.049468994], [1572.5222168, 1944.91967773, -494.976104736, -314.866577148, 179.862457275, -242.750305176, -73.5298843384, 11.2676048279, -42.8451004028, -165.951904297, 107.837684631, 3.29394102097, -50.449432373], [-3075.64160156, -494.976104736, 1261.64575195, 292.941741943, 99.9399871826, 43.8873901367, 16.8344020844, -20.7153320312, 39.1953582764, 95.4370727539, 10.1245937347, 16.5979309082, 34.8067092896], [25.3313102722, -314.866577148, 292.941741943, 596.394958496, 40.0895500183, -59.8250808716, -38.3231010437, -12.2438726425, 65.1644744873, 77.0543060303, -12.5186471939, 12.2462701797, 31.52094841], [-1098.7989502, 179.862457275, 99.9399871826, 40.0895500183, 364.14163208, 67.4229278564, 15.1592626572, 35.0882759094, 62.423286438, 30.4255428314, 7.76163053513, -27.6553230286, 40.49036026], [-208.742385864, -242.750305176, 43.8873901367, -59.8250808716, 67.4229278564, 403.003936768, 174.278289795, 41.3939170837, 20.4774475098, 46.9944725037, -3.8310573101, -16.8721809387, 38.4387779236], [-544.227294922, -73.5298843384, 16.8344020844, -38.3231010437, 15.1592626572, 174.278289795, 322.410491943, 112.864501953, 3.62479901314, -36.2994804382, 7.74382019043, 9.45966720581, 8.45966148376], [86.95652771, 11.2676048279, -20.7153320312, -12.2438726425, 35.0882759094, 41.3939170837, 112.864501953, 180.720474243, 34.210018158, -24.367855072, -0.839944243431, 7.72020816803, -3.90243387222], [-421.147186279, -42.8451004028, 39.1953582764, 65.1644744873, 62.423286438, 20.4774475098, 3.62479901314, 34.210018158, 150.941650391, 63.1952323914, -6.37075185776, -13.1644973755, 4.92205715179], [-59.7613792419, -165.951904297, 95.4370727539, 77.0543060303, 30.4255428314, 46.9944725037, -36.2994804382, -24.367855072, 63.1952323914, 171.363204956, 8.74910640717, -22.0432872772, 10.8478012085], [-201.821365356, 107.837684631, 10.1245937347, -12.5186471939, 7.76163053513, -3.8310573101, 7.74382019043, -0.839944243431, -6.37075185776, 8.74910640717, 117.074813843, 36.4276924133, -2.58668875694], [97.1468048096, 3.29394102097, 16.5979309082, 12.2462701797, -27.6553230286, -16.8721809387, 9.45966720581, 7.72020816803, -13.1644973755, -22.0432872772, 36.4276924133, 110.743629456, 23.1146430969], [-349.049468994, -50.449432373, 34.8067092896, 31.52094841, 40.49036026, 38.4387779236, 8.45966148376, -3.90243387222, 4.92205715179, 10.8478012085, -2.58668875694, 23.1146430969, 122.695251465]]}, "spectral_energyband_middle_low": {"dmean2": 0.0056470464915, "median": 0.00596672203392, "min": 1.78207187343e-22, "dvar2": 7.91567726992e-05, "dvar": 4.35629299318e-05, "dmean": 0.00420630304143, "max": 0.0863768905401, "var": 0.000152828884893, "mean": 0.010702945292}, "melbands_crest": {"dmean2": 5.44978761673, "median": 13.3255081177, "min": 1.00012123585, "dvar2": 23.4862995148, "dvar": 9.84195518494, "dmean": 3.49162793159, "max": 33.8779525757, "var": 31.9711380005, "mean": 14.1262025833}, "spectral_kurtosis": {"dmean2": 6.06569433212, "median": 9.44408035278, "min": -1.27620565891, "dvar2": 42.739025116, "dvar": 17.0550746918, "dmean": 3.79153108597, "max": 65.1809158325, "var": 48.512462616, "mean": 10.8346881866}, "spectral_rms": {"dmean2": 0.000873605604284, "median": 0.00324626895599, "min": 3.13253719839e-12, "dvar2": 1.04728701444e-06, "dvar": 7.45408271996e-07, "dmean": 0.000698475283571, "max": 0.0130445798859, "var": 4.63901233161e-06, "mean": 0.00347754615359}, "zerocrossingrate": {"dmean2": 0.0141121521592, "median": 0.0380859375, "min": 0.00390625, "dvar2": 0.000579977873713, "dvar": 0.000578254635911, "dmean": 0.0126877157018, "max": 0.52685546875, "var": 0.00532265985385, "mean": 0.0573904402554}, "silence_rate_60dB": {"dmean2": 0.183827802539, "median": 0, "min": 0, "dvar2": 0.162841439247, "dvar": 0.083453759551, "dmean": 0.0919005349278, "max": 1, "var": 0.189422279596, "mean": 0.253852874041}, "erbbands_kurtosis": {"dmean2": 2.680082798, "median": 0.863502025604, "min": -1.84343278408, "dvar2": 25.2719326019, "dvar": 11.6048412323, "dmean": 1.76488113403, "max": 105.341217041, "var": 28.3776664734, "mean": 2.2164440155}, "erbbands": {"dmean2": [0.0196479186416, 0.153766468167, 0.407684117556, 0.846272945404, 2.51844739914, 5.47722053528, 7.92338275909, 16.595375061, 22.423078537, 27.9387435913, 26.9016075134, 50.6948471069, 36.0521202087, 29.1063613892, 27.2810745239, 36.9066047668, 30.5198478699, 22.246547699, 17.8141479492, 10.6339330673, 7.21050453186, 12.8419570923, 20.3589286804, 7.98172521591, 6.93922185898, 2.10752558708, 1.1729259491, 1.50574457645, 1.3869433403, 0.768474161625, 0.598955750465, 0.307544142008, 0.164148285985, 0.113068759441, 0.0960358530283, 0.0722116306424, 0.0218192879111, 0.00562629988417, 0.00146414304618, 6.94347691024e-05], "median": [0.00498398020864, 0.0679170936346, 0.14125752449, 0.428917497396, 1.50565958023, 1.67446351051, 2.10413551331, 5.10923910141, 5.92081928253, 5.35694646835, 4.90887355804, 4.61121082306, 3.39370799065, 3.57872104645, 2.98874902725, 3.40421581268, 2.98474240303, 1.9062153101, 1.57325255871, 1.47660148144, 1.54468226433, 2.02526330948, 1.76912796497, 1.59852170944, 1.47259402275, 0.557449221611, 0.244946032763, 0.282569646835, 0.195822194219, 0.080551803112, 0.0562110319734, 0.03327826038, 0.0156678240746, 0.00864970870316, 0.00880831293762, 0.0072349794209, 0.0023000841029, 0.000547489849851, 0.00016448480892, 3.07643058477e-05], "min": [7.24304630814e-23, 2.9730519114e-22, 1.77691966508e-21, 3.37415554667e-21, 9.08260630013e-21, 3.12626837907e-20, 4.90332924647e-20, 1.04088479176e-19, 9.50056547714e-20, 1.6254683233e-19, 2.05970971055e-19, 3.14293296648e-19, 4.46081598846e-19, 7.28373267998e-19, 9.85246659203e-19, 1.22819601576e-18, 2.15839566635e-18, 1.92279250082e-18, 2.53050844838e-18, 2.50237582895e-18, 4.38155461159e-18, 3.93112829827e-18, 5.31168901831e-18, 5.68761282821e-18, 7.51074536806e-18, 7.45627800627e-18, 8.5688425476e-18, 9.86461022381e-18, 1.07836178105e-17, 1.1070795894e-17, 1.16089678724e-17, 1.10025443945e-17, 1.03184188787e-17, 9.01597006463e-18, 6.21496900645e-18, 3.67486112706e-18, 2.36796146095e-18, 8.85324481978e-19, 2.22816840272e-19, 2.90871600056e-20], "dvar2": [0.00206953519955, 0.117260739207, 0.850084900856, 2.29557132721, 22.4667892456, 321.927947998, 613.91796875, 1552.53015137, 3717.08642578, 6282.43701172, 6601.03662109, 23695.7695312, 14806.1289062, 9862.08105469, 5513.42626953, 14838.5371094, 9243.96875, 5107.52099609, 3018.28515625, 1429.57678223, 1127.3338623, 19800.0742188, 58400.3125, 3870.56030273, 4918.45605469, 54.3031044006, 15.8691978455, 21.6976528168, 57.1721076965, 14.3321065903, 5.86974716187, 1.27942466736, 0.643477022648, 0.241674289107, 0.157237976789, 0.0716711208224, 0.00660918839276, 0.000431149179349, 3.24223037751e-05, 7.25588051864e-08], "dvar": [0.000837641127873, 0.0455299764872, 0.358903765678, 1.06157886982, 10.0303964615, 149.714324951, 286.93637085, 886.532348633, 1950.23071289, 3201.26220703, 3274.796875, 11471.9130859, 8528.9609375, 5861.86865234, 3152.13720703, 7378.68017578, 5151.48925781, 2515.1652832, 1500.49829102, 717.551330566, 621.67388916, 10055.1191406, 30441.9648438, 2402.2253418, 2130.2565918, 26.5063381195, 7.4731502533, 10.1986684799, 26.3181114197, 6.6368637085, 3.02173089981, 0.645429551601, 0.274954259396, 0.0975894778967, 0.0660175159574, 0.0336166471243, 0.00354047655128, 0.000238312306465, 1.6810332454e-05, 3.61239358426e-08], "dmean": [0.0121176643297, 0.0957481488585, 0.265763014555, 0.562863588333, 1.6557404995, 3.74527430534, 5.57550382614, 12.3765554428, 15.6886606216, 19.4137554169, 18.8412761688, 36.6634101868, 27.0567817688, 23.0885448456, 20.4432296753, 27.2407779694, 22.6275978088, 15.8386383057, 12.7239313126, 7.63172245026, 5.15205574036, 9.38489627838, 14.5466194153, 6.31663799286, 5.19569635391, 1.48180556297, 0.795273780823, 1.0339127779, 0.941120743752, 0.525990784168, 0.41650557518, 0.213073194027, 0.107131101191, 0.0713768824935, 0.0627452880144, 0.0484704002738, 0.0151283871382, 0.00387135636993, 0.0010049805278, 4.77097491967e-05], "max": [0.509620428085, 4.22004365921, 11.005698204, 18.5604019165, 62.1393890381, 366.062408447, 390.655151367, 615.461975098, 889.110351562, 893.096252441, 1460.984375, 2038.0423584, 1864.66601562, 3019.38525391, 1317.6340332, 1895.80895996, 1846.61547852, 1366.20654297, 844.757446289, 910.970031738, 1363.10095215, 5571.66699219, 9301.63378906, 3307.29174805, 3324.39746094, 241.317153931, 83.9403381348, 76.8335266113, 265.689422607, 71.6598129272, 45.1693000793, 19.5703754425, 20.0495948792, 11.4203939438, 8.8712310791, 4.62526607513, 1.76757049561, 0.430703014135, 0.0998517647386, 0.00536287901923], "var": [0.00112769019324, 0.0598437301815, 0.521536588669, 2.79596376419, 20.7124633789, 330.66506958, 599.608703613, 3375.42163086, 4346.52099609, 5701.52441406, 6009.65478516, 24122.1464844, 21049.8613281, 16880.5410156, 10703.7509766, 16636.7890625, 13355.3066406, 5329.58789062, 2923.08544922, 1501.36450195, 1160.97802734, 17273.4765625, 54699.7773438, 5279.89111328, 2338.85571289, 41.9778442383, 10.950003624, 16.5053329468, 33.2912445068, 9.50033092499, 5.17951536179, 1.17886197567, 0.334375977516, 0.106929704547, 0.0750036910176, 0.0492629334331, 0.00557470787317, 0.000361079466529, 2.45552728302e-05, 5.00396346581e-08], "mean": [0.0177463311702, 0.151165023446, 0.392318934202, 1.06114828587, 3.08219981194, 6.75742101669, 9.52388572693, 25.4218273163, 27.0439453125, 28.4935588837, 28.836517334, 59.3422966003, 46.7170295715, 42.6456451416, 37.545589447, 44.4148445129, 36.8515472412, 24.1148281097, 18.7246208191, 12.0494413376, 8.45498657227, 13.8148584366, 21.4609622955, 9.87347602844, 8.06718635559, 2.24617791176, 1.11393284798, 1.45071530342, 1.30011773109, 0.673939704895, 0.540616929531, 0.278407603502, 0.125631481409, 0.0754298716784, 0.0711368098855, 0.0592404082417, 0.0183218065649, 0.00450570182875, 0.00119448627811, 7.44160934119e-05]}, "spectral_strongpeak": {"dmean2": 0.929474830627, "median": 0.826584100723, "min": 0, "dvar2": 2.68008422852, "dvar": 1.1885240078, "dmean": 0.622047901154, "max": 35.4129371643, "var": 3.24232125282, "mean": 1.37336850166}, "spectral_energy": {"dmean2": 0.00756434071809, "median": 0.0108017185703, "min": 1.00581099285e-20, "dvar2": 0.000123498684843, "dvar": 7.46890291339e-05, "dmean": 0.00575501238927, "max": 0.174415096641, "var": 0.000328963331413, "mean": 0.0171506367624}, "average_loudness": 0.884624183178, "spectral_rolloff": {"dmean2": 832.285217285, "median": 925.927734375, "min": 64.599609375, "dvar2": 3946586.75, "dvar": 2049965, "dmean": 515.851989746, "max": 19638.28125, "var": 8248080.5, "mean": 1619.54345703}, "spectral_centroid": {"dmean2": 356.654602051, "median": 871.432006836, "min": 234.562347412, "dvar2": 407012.75, "dvar": 226550.421875, "dmean": 247.609466553, "max": 11633.0595703, "var": 1811500.375, "mean": 1168.80273438}, "pitch_salience": {"dmean2": 0.113733626902, "median": 0.595915198326, "min": 0.180446520448, "dvar2": 0.0104201957583, "dvar": 0.00443097110838, "dmean": 0.0732881426811, "max": 0.996098279953, "var": 0.0153489634395, "mean": 0.588172793388}, "spectral_energyband_middle_high": {"dmean2": 0.00295364065096, "median": 0.001184071647, "min": 1.13019740908e-21, "dvar2": 4.7149045713e-05, "dvar": 2.86957711069e-05, "dmean": 0.0023735857103, "max": 0.169301792979, "var": 0.000110839857371, "mean": 0.00549101876095}, "spectral_contrast_coeffs": {"dmean2": [0.0763475000858, 0.0797668099403, 0.0659514740109, 0.0548066087067, 0.0482163503766, 0.0335092581809], "median": [-0.629215955734, -0.685673177242, -0.756828010082, -0.769076108932, -0.763973593712, -0.770891427994], "min": [-0.980359017849, -0.999139845371, -0.99900084734, -0.989485025406, -0.989024817944, -0.9644780159], "dvar2": [0.00392517121509, 0.00497041922063, 0.0032234233804, 0.00217117904685, 0.00184075790457, 0.000875431753229], "dvar": [0.0018518808065, 0.00260607153177, 0.00181544059888, 0.00118630274665, 0.00105517648626, 0.000486596574774], "dmean": [0.0494357645512, 0.0532888732851, 0.0459063127637, 0.0383347906172, 0.0338094718754, 0.0239660795778], "max": [-0.30705049634, -0.32960242033, -0.374138772488, -0.439281344414, -0.452901810408, -0.596530973911], "var": [0.0111225247383, 0.0137429125607, 0.0124504501, 0.00751618575305, 0.00590858049691, 0.00328076537699], "mean": [-0.630836188793, -0.674125373363, -0.729968488216, -0.753570079803, -0.757389545441, -0.768663227558]}, "melbands_skewness": {"dmean2": 0.990316390991, "median": 1.58709740639, "min": -5.57243204117, "dvar2": 1.20003128052, "dvar": 0.582139372826, "dmean": 0.683597326279, "max": 10.1002454758, "var": 2.34459853172, "mean": 1.76833570004}, "spectral_spread": {"dmean2": 1048616, "median": 3073187, "min": 1030046.875, "dvar2": 3566074593280.0, "dvar": 1876250460160.0, "dmean": 716440.3125, "max": 45134252, "var": 21380795990000.0, "mean": 4040707.25}, "dissonance": {"dmean2": 0.0569697022438, "median": 0.433752328157, "min": 0, "dvar2": 0.00359545787796, "dvar": 0.0014454817865, "dmean": 0.0350464843214, "max": 0.500000059605, "var": 0.00400795135647, "mean": 0.418257147074}, "spectral_skewness": {"dmean2": 0.61344909668, "median": 2.20350933075, "min": -0.0888918712735, "dvar2": 0.358528882265, "dvar": 0.159782037139, "dmean": 0.39894002676, "max": 6.19761180878, "var": 0.663603842258, "mean": 2.27153897285}, "spectral_flux": {"dmean2": 0.0376004241407, "median": 0.0538432151079, "min": 6.23749246698e-11, "dvar2": 0.00165308476426, "dvar": 0.000763062620535, "dmean": 0.0247755926102, "max": 0.326383501291, "var": 0.00259619858116, "mean": 0.0661561563611}, "spectral_contrast_valleys": {"dmean2": [0.680455684662, 0.682392477989, 0.572861194611, 0.538233697414, 0.498203992844, 0.554889678955], "median": [-8.25726509094, -7.35572910309, -7.95576190948, -8.67564201355, -8.76027011871, -11.7753753662], "min": [-28.1793117523, -28.1301364899, -28.0678920746, -27.6950874329, -27.5804233551, -27.4625968933], "dvar2": [0.329061061144, 0.433492660522, 0.327904552221, 0.30247682333, 0.32722735405, 0.446440249681], "dvar": [0.180738866329, 0.208766534925, 0.172680303454, 0.175856247544, 0.193785995245, 0.247285798192], "dmean": [0.453541427851, 0.44823589921, 0.389310508966, 0.390385270119, 0.384498327971, 0.436042010784], "max": [-5.80282831192, -5.06396150589, -4.46465826035, -5.55351066589, -6.1436882019, -8.28297710419], "var": [5.74346971512, 6.0960521698, 5.86287927628, 5.5738825798, 5.48274993896, 4.17250776291], "mean": [-8.58112049103, -7.70180130005, -8.2088432312, -8.93158054352, -9.10161685944, -11.9028186798]}, "erbbands_flatness_db": {"dmean2": 0.0361520424485, "median": 0.203553885221, "min": 0.0289470776916, "dvar2": 0.00135831197258, "dvar": 0.000779553607572, "dmean": 0.0262867882848, "max": 0.431673407555, "var": 0.00406834948808, "mean": 0.202917531133}, "spectral_energyband_high": {"dmean2": 0.000124628917547, "median": 3.11233779939e-05, "min": 7.03283335518e-21, "dvar2": 1.62724120401e-07, "dvar": 8.58316582253e-08, "dmean": 8.81611558725e-05, "max": 0.00697824079543, "var": 1.58358886893e-07, "mean": 0.000133687746711}, "spectral_entropy": {"dmean2": 0.330457389355, "median": 6.98676156998, "min": 5.18571996689, "dvar2": 0.117547318339, "dvar": 0.0700421258807, "dmean": 0.243855386972, "max": 9.82492160797, "var": 0.44491866231, "mean": 7.02315473557}, "silence_rate_20dB": {"dmean2": 0, "median": 1, "min": 1, "dvar2": 0, "dvar": 0, "dmean": 0, "max": 1, "var": 0, "mean": 1}, "melbands_flatness_db": {"dmean2": 0.039978671819, "median": 0.249840497971, "min": -2.32973349057e-07, "dvar2": 0.00179976236541, "dvar": 0.00102145434357, "dmean": 0.0293031167239, "max": 0.451518386602, "var": 0.00551753537729, "mean": 0.24746979773}, "barkbands": {"dmean2": [3.52170864062e-05, 0.000662049744278, 0.000409488653531, 0.000381279620342, 0.00138768157922, 0.00159891787916, 0.00191096425988, 0.00120926648378, 0.00211484730244, 0.00104857783299, 0.000798373308498, 0.000924002670217, 0.000710017629899, 0.000438101094915, 0.000323289947119, 0.000142769044032, 0.000259292806732, 0.000334850919899, 0.000149508472532, 4.91355785925e-05, 3.30920374836e-05, 3.57400640496e-05, 2.14607534872e-05, 1.10001319626e-05, 1.13688320198e-05, 1.34532438096e-05, 7.37912432669e-06], "median": [4.08487903769e-06, 0.000277614890365, 7.96349631855e-05, 0.000128356623463, 0.000619828468189, 0.00050933129387, 0.000266852148343, 0.000127972773043, 0.000169035498402, 9.12040559342e-05, 7.42264091969e-05, 6.94846821716e-05, 5.41948538739e-05, 2.16779808397e-05, 2.96066100418e-05, 1.83348674909e-05, 3.41962841048e-05, 2.70896562142e-05, 3.20402905345e-05, 9.67564756138e-06, 5.97606140218e-06, 4.87848319608e-06, 2.0151787794e-06, 1.20398476611e-06, 1.006153866e-06, 1.50454138748e-06, 8.85840279352e-07], "min": [3.33869132531e-25, 6.53389526145e-25, 9.06147166887e-25, 4.00205062348e-25, 1.25817208599e-23, 8.25807126831e-24, 6.02900278564e-24, 8.57802220741e-24, 9.33763925002e-24, 5.3032385255e-24, 1.70676399286e-23, 3.00202658313e-23, 4.26841970416e-23, 2.90618156086e-23, 3.95747440115e-23, 3.14333081946e-23, 4.75414187388e-23, 8.49093843214e-23, 1.36913171475e-22, 1.74259651642e-22, 1.99124105613e-22, 3.25146907141e-22, 3.5868250756e-22, 6.20422516945e-22, 9.29362762726e-22, 1.32524492135e-21, 1.88149581247e-21], "dvar2": [8.61275939457e-09, 2.21413984036e-06, 9.05571539533e-07, 4.33119993204e-07, 1.50230407598e-05, 1.22330939121e-05, 2.74370486295e-05, 1.2620196685e-05, 3.65076157323e-05, 1.20728745969e-05, 5.20670073456e-06, 8.15162093204e-06, 5.18945580552e-06, 2.18068794311e-06, 1.00898319033e-06, 4.68631498052e-07, 9.16036515264e-06, 1.34038909891e-05, 1.17603337912e-06, 2.25273613097e-08, 1.05276560802e-08, 2.83896213205e-08, 7.05890101926e-09, 1.85844140077e-09, 2.21051599247e-09, 2.28905383537e-09, 7.85566167671e-10], "dvar": [3.73097108763e-09, 8.74861711964e-07, 3.91195129623e-07, 2.04710488561e-07, 6.80220682625e-06, 6.845851658e-06, 1.43582046803e-05, 6.39995414531e-06, 1.72908421519e-05, 6.78837886881e-06, 2.92889558295e-06, 4.02719251724e-06, 2.79381333712e-06, 1.05415426788e-06, 4.79774939777e-07, 2.72896841125e-07, 4.89162084705e-06, 7.88486249803e-06, 7.05713148363e-07, 1.1524281085e-08, 5.03709074451e-09, 1.33412330072e-08, 3.68461083866e-09, 8.52052262079e-10, 9.19012810296e-10, 1.18500476098e-09, 4.20503881715e-10], "dmean": [2.20371202886e-05, 0.000412547757151, 0.000270297954557, 0.000250826007687, 0.000934731157031, 0.00117401778698, 0.00129776366521, 0.000842175038997, 0.00150817260146, 0.000792226463091, 0.000573940866161, 0.000664891209453, 0.000509891135152, 0.000298559636576, 0.000223324765102, 9.95139198494e-05, 0.000184035219718, 0.000246970768785, 0.000107333129563, 3.44766449416e-05, 2.26495467359e-05, 2.42522437475e-05, 1.50313735503e-05, 7.3284568316e-06, 7.32744774723e-06, 9.26394659473e-06, 5.09821711603e-06], "max": [0.00167867296841, 0.0183415189385, 0.0116673884913, 0.00819569081068, 0.0738628730178, 0.0505856573582, 0.0689643993974, 0.0586605332792, 0.0683519691229, 0.0513322204351, 0.0578056015074, 0.0410130694509, 0.0396725386381, 0.0243385024369, 0.0189949609339, 0.0316427722573, 0.125736579299, 0.166203275323, 0.0564866401255, 0.0028473760467, 0.00187301472761, 0.0051549510099, 0.00137179321609, 0.000799427099992, 0.00113168708049, 0.000865341164172, 0.000495946092997], "var": [3.9442560329e-09, 1.16600813271e-06, 6.01497163188e-07, 5.92647495523e-07, 1.57033591677e-05, 2.57938499999e-05, 3.04888890241e-05, 1.13369278552e-05, 3.60061894753e-05, 1.79958824447e-05, 7.77238801675e-06, 9.38919674809e-06, 6.52765174891e-06, 2.02922251447e-06, 8.1961803744e-07, 5.5872538951e-07, 7.05213324181e-06, 1.47777209349e-05, 1.34417211939e-06, 2.16225704008e-08, 7.73559349909e-09, 1.89356068603e-08, 6.38711794565e-09, 1.30845112523e-09, 1.05285291596e-09, 1.89162840947e-09, 6.32425445346e-10], "mean": [2.25912062888e-05, 0.000651118985843, 0.000372755544959, 0.00046074387501, 0.00174870423507, 0.00241873669438, 0.00202987133525, 0.00116194935981, 0.00237616198137, 0.00138335174415, 0.000910794478841, 0.00104387826286, 0.0007681492134, 0.00040427557542, 0.000312355434289, 0.000149184445036, 0.000239248853177, 0.000353645300493, 0.000174524408067, 5.0007358368e-05, 3.09071619995e-05, 3.31539886247e-05, 1.95400116354e-05, 9.15795044421e-06, 8.21076810098e-06, 1.14514405141e-05, 6.13844395048e-06]}, "erbbands_skewness": {"dmean2": 0.712296843529, "median": 0.69848805666, "min": -6.79185152054, "dvar2": 0.58189457655, "dvar": 0.302107334137, "dmean": 0.495762318373, "max": 5.61931276321, "var": 1.16608417034, "mean": 0.675541698933}, "erbbands_spread": {"dm