{"tonal": {"thpcp": [1, 0.98854970932, 0.452928245068, 0.125209599733, 0.0865099579096, 0.117876052856, 0.176574870944, 0.171413630247, 0.0942936614156, 0.0616828389466, 0.0682430490851, 0.0864622890949, 0.124218538404, 0.15210492909, 0.219508633018, 0.3847412467, 0.421728342772, 0.229038789868, 0.108269222081, 0.144899904728, 0.229700043797, 0.345457404852, 0.347643136978, 0.218604564667, 0.135685920715, 0.150028735399, 0.299800604582, 0.655159413815, 0.824471056461, 0.640251636505, 0.596725404263, 0.513435065746, 0.248585999012, 0.163018316031, 0.265041619539, 0.551990628242], "hpcp": {"dmean2": [0.159807875752, 0.11245316267, 0.082166351378, 0.111250631511, 0.133059233427, 0.145166501403, 0.161905571818, 0.136581733823, 0.110582515597, 0.12291303277, 0.177760988474, 0.24370534718, 0.270135313272, 0.301892131567, 0.212020948529, 0.174165993929, 0.140147730708, 0.127455130219, 0.191016957164, 0.303759217262, 0.330454140902, 0.317860811949, 0.259042352438, 0.0948980376124, 0.0617417246103, 0.0659405589104, 0.0770035162568, 0.0721766203642, 0.0567623004317, 0.0443341583014, 0.0440853051841, 0.0498290285468, 0.0578993409872, 0.0820982307196, 0.109685003757, 0.138197958469], "median": [0.0288037452847, 0.0133001618087, 0.00308041716926, 0.00219721579924, 0.00482318922877, 0.0131808621809, 0.0128529369831, 0.00570834986866, 0.00206782389432, 0.00262622302398, 0.0102446051314, 0.0392326936126, 0.0791388973594, 0.0866775512695, 0.0292358677834, 0.0109807159752, 0.00862388685346, 0.00543840229511, 0.00821426138282, 0.0425354652107, 0.179124996066, 0.174289703369, 0.0446643717587, 0.00705482438207, 0.00379060790874, 0.00447718705982, 0.00744743971154, 0.00833450630307, 0.00517765572295, 0.0021504831966, 0.00179230782669, 0.00322620430961, 0.00631449976936, 0.00886411778629, 0.00854827463627, 0.0250943638384], "min": [0, 0, 0, 0, 0, 0, 0, 0, 0, 0, 0, 0, 0, 0, 0, 0, 0, 0, 0, 0, 0, 0, 0, 0, 0, 0, 0, 0, 0, 0, 0, 0, 0, 0, 0, 0], "dvar2": [0.0766529068351, 0.0510434657335, 0.0423300489783, 0.0663642883301, 0.0819021910429, 0.0774748176336, 0.0898519903421, 0.075987547636, 0.0759518519044, 0.0796575695276, 0.108913958073, 0.139394834638, 0.128286480904, 0.145624428988, 0.102833598852, 0.0874211937189, 0.0718583837152, 0.0689800754189, 0.119201898575, 0.157515615225, 0.148082181811, 0.138242840767, 0.127137437463, 0.039187528193, 0.0293912794441, 0.0278303790838, 0.0337590649724, 0.0291639529169, 0.0241280477494, 0.021843444556, 0.0210949685425, 0.0246218498796, 0.0235334932804, 0.0389049649239, 0.0536755509675, 0.0661972463131], "dvar": [0.0298731084913, 0.0191828515381, 0.015729021281, 0.0252581331879, 0.0299459546804, 0.0307779815048, 0.0343660376966, 0.0288609284908, 0.0273816883564, 0.0293954350054, 0.0394313000143, 0.0535024031997, 0.0547318868339, 0.0546602495015, 0.0405508242548, 0.0348771847785, 0.0264504812658, 0.0253076925874, 0.0452134534717, 0.059593513608, 0.0573261417449, 0.0564782805741, 0.0461313985288, 0.0144447460771, 0.0109903905541, 0.0107411388308, 0.0136898644269, 0.012871154584, 0.00923821236938, 0.00806249212474, 0.00804986152798, 0.00965849403292, 0.00964709930122, 0.0146966734901, 0.0205832459033, 0.0239518899471], "dmean": [0.0965567305684, 0.0670021921396, 0.0468819960952, 0.0622480139136, 0.0761237666011, 0.0850691944361, 0.0944188609719, 0.0767994523048, 0.060857757926, 0.0672073587775, 0.100162938237, 0.14094696939, 0.159165948629, 0.1742554456, 0.122675336897, 0.101582847536, 0.0805748030543, 0.0704185813665, 0.106790959835, 0.174352735281, 0.192937344313, 0.188429027796, 0.14819470048, 0.0522763282061, 0.0344235114753, 0.0384408310056, 0.0463355220854, 0.0434494800866, 0.032149977982, 0.0250712428242, 0.025332422927, 0.0285185333341, 0.0347373597324, 0.0480018891394, 0.0636697113514, 0.0826473012567], "max": [1, 1, 1, 1, 1, 1, 1, 1, 1, 1, 1, 1, 1, 1, 1, 1, 1, 1, 1, 1, 1, 1, 1, 1, 1, 1, 1, 1, 1, 1, 1, 1, 1, 1, 1, 1], "var": [0.0583175830543, 0.024041980505, 0.0125497290865, 0.0219644177705, 0.0371121577919, 0.0591221190989, 0.0561185665429, 0.0344471409917, 0.0227393414825, 0.0232534501702, 0.0460611432791, 0.100449100137, 0.128575414419, 0.0749805793166, 0.0998944938183, 0.093139693141, 0.0307387374341, 0.0212903507054, 0.0440799444914, 0.0775082930923, 0.129189565778, 0.127154603601, 0.0536612570286, 0.0122473808005, 0.00981138832867, 0.0126467403024, 0.0208566244692, 0.0227139610797, 0.00911325775087, 0.00683124596253, 0.00886307097971, 0.0110478913411, 0.0161864981055, 0.0177948325872, 0.0303663499653, 0.0508547648787], "mean": [0.142174750566, 0.0772144794464, 0.0365001559258, 0.0488492362201, 0.0774374008179, 0.116461992264, 0.117198847234, 0.0736968517303, 0.0457429848611, 0.0505782924592, 0.10106998682, 0.220869973302, 0.277949005365, 0.215844199061, 0.20117045939, 0.173091292381, 0.0838043093681, 0.0549573898315, 0.0893518999219, 0.18608930707, 0.337124019861, 0.333263844252, 0.152692988515, 0.042211163789, 0.0291645843536, 0.0397388488054, 0.0595276281238, 0.0577876530588, 0.0317886583507, 0.0207947660238, 0.0230063702911, 0.0291485153139, 0.041877053678, 0.0512782260776, 0.0740016326308, 0.129705518484]}, "tuning_equal_tempered_deviation": 0.11329536885, "chords_changes_rate": 0.072875931859, "key_key": "A", "tuning_diatonic_strength": 0.632160663605, "key_scale": "major", "chords_number_rate": 0.00426590815187, "tuning_frequency": 453.678466797, "tuning_nontempered_energy_ratio": 0.80286949873, "chords_histogram": [34.0561676025, 12.7266263962, 3.87486672401, 1.20867395401, 0.710984706879, 3.27052974701, 0.0710984691978, 3.44827580452, 2.20405268669, 0, 20.1564159393, 3.19943118095, 3.87486672401, 0, 0.319943130016, 0.995378613472, 0, 0.0710984691978, 0, 0.319943130016, 0.710984706879, 3.98151445389, 4.79914665222, 0], "key_strength": 0.64848703146, "chords_key": "A", "chords_strength": {"dmean2": 0.00962668098509, "median": 0.569766700268, "min": 0.308553814888, "dvar2": 7.40811228752e-05, "dvar": 8.18878397695e-05, "dmean": 0.010868228972, "max": 0.868626356125, "var": 0.0107137300074, "mean": 0.574401199818}, "chords_scale": "major", "hpcp_entropy": {"dmean2": 0.978565573692, "median": 1.51927602291, "min": 0, "dvar2": 0.62928122282, "dvar": 0.238489165902, "dmean": 0.576979339123, "max": 3.42307329178, "var": 0.49594643712, "mean": 1.44099462032}}, "metadata": {"audio_properties": {"equal_loudness": 0, "codec": "mp3", "downmix": "mix", "sample_rate": 44100, "analysis_sample_rate": 44100, "bit_rate": 127992, "md5_encoded": "05721985d0a9a0b58b5f7e67ab769984", "length": 130.586120605, "replay_gain": -5.90763473511, "lossless": false}, "version": {"essentia_build_sha": "2d9f1f26377add8aeb1075a9c2973f962c4f09fd", "essentia": "2.1-beta2", "extractor": "music 1.0", "essentia_git_sha": "v2.1_beta2-1-ge3940c0"}, "tags": {"title": ["Gone"], "acoustid_fingerprint": ["AQADtImiaFkWLYJ2HfqS4JmiGMGVGSWZBv1wX_jRfEf_DD-eFH8wScpgRiFuXDxe4j3uFOdxHj4S_UPQHD-GE89xOMp6HD-SD-FhPTijo79QPoaPAs1Toj9OREfyHM2fYvXRVfiPKx7eo1-C5oTPEM_IwHtiJH8Qy8Lzo_TR8Klw2UlwZoGXnzieoF9nNLnwUB-eIwmfIXdC9LvgpzL648SPt4SrbAyx8gvCH372o1yQH7cVCZ_hZ8b9454Rhvih5brwH9-eBDl8CflGtA_CPER-NPuhPRHu44ffVoAcIl8YvB9-_BL64zEewUd9nEeefkiWH9UXvNFxCzuPHodPYxdCJReSSenxzOhxH__Ro_kynNxi_Jh0vLjEwuqNPtuQ3MiPH2WWB41C4iHGD_3RfBLCs0OyVMeZo9eDLS5CHp92oaSO5lnCI2uuRMaDnoarLEefI4eWOkf6z-gDMrzwLVdQCs3x48d75FqJZEmSPqjEDEeR_uiPSIeXmTgT_MezRST63ngj_EHRPDj1Is8FPckRvsWPi_nQo4fXnXiOw3rQIz-SC5VsmMfEHn2C4-Tg4bmx_UakH8mZNPiD-7DMCEf1oynX40vhJYp08ImOHEn0EP1X1NHRhLvwZDglXMJzXMkuPK9wwmeIf8c3IhI1CVYP-EXZI7oWtONhazp-fET_4ce9O4h_JHuIR8d19FmDHd_BdcY2aUnx4B8SO0d4eDe-5vD64MIJH4dv-OiPB0mOPIdH5viFH48Nv2FCfEEzb-jzHN_hvXgPVXww5oRHZsFjHn-I92i4HvWuCI8T4YdJIemYI--PPxSa8Db6S3gWo8yHS0yKZ-5wpHGWQ3yfoMp96D_y33giPJzRH81JRcaPD_txa0f0fdCXI746NHmCdsnRH43SC7-EdOehP8Ef_IdfLYGuIZaUDk_O4Fx2HD_OiUKZ5fiJRj_-48eHdCmPPzv-QD4RkR-eHaUPX-hDByeFH2GYHcm75_CYrEM7UsKPosluvKWFF30ivEej5vhvJF9G5MUzHNdROYGTMSHeFMlu5KxxskOZo3lGnLhq_CysRz2ubGCP5wuuoOfRPAqSKydy4czx5-gS8jjxC4e3Hgxz8Bke4eyOZHuHNMqeg2GBXsL24MLzEBeTwDqq57gePMSL9Al0vsgd_AmFX8sS3OgvPD88_PCPq6zwHLmhC_HxJMdzeBeu8PiHfxl29Hrw48fDojKsPCgzGl-MJs_QIzouPCl0HcF5Mqi24K_QX8nw-PjRp0aTT_hxxEfiF_6GHcc5IWHG4UcsXrjFCX1vpGNYaEf04MQRe1yQ3EWzLEef7DipBP-lwA-OH83So8TNHHmyQ9tZhNmXBH1keCx6D3_Rx7Ac5UV5KcXDCz9-HP7x6FifjPiJlh6ap3h2fBEevE-RKEwRpuLROER9DM1z1Mas4OmDRmUO7pqE5sdkCU2jM7iLhkeyPQny-Kilo1lVou0O_8STL_AnGn3D4zmSh0EOj5mEZz2e6HiP8SnyQ98RUkpF4blwxnB4_Mcz4kiYV4gDPyh5PGlwYZfww-GH98N_PD36HBZ8PPjh00d_hEuR0EVb4SfKc_AfoR-FZ0qO_NDx7Erh6ULyGP-xp8YZdMlywZOOHs1z4jqS5RGijg9-NHpSJJdohFLwYk-ZoKkzDf10XDiqg5ljbbiF2_jQXmie4yNyBomUx8IlfPrRzArKHM8xejG6b0KTJzvyI3l33JkinAjXHM5_9FOOHFfwXBlRvUFzksNx-7hhLhmSk0eYJxLRl_iFZlnQB9eD5pOOPoNPXMVzoWvmIO8J9WGDMMd7HF544ldwH70x_fhRCf6DUNEyI7nC40czJkdPNJeO_joe-MJxMTq6U0HCIz5M3uiPo-wF_BgaOceXFj-SmEd-4YLZFW-JnzyaG72FH_5w5zieKoZ2nMOPdsnQGx6Dn_Bxw3lelORxD8lJCfmF_5h-wefx4_B1eN2J_jiPPxe0rzj-48eP97hb_DD-o5eOH0nOIC96otGD_5ir49NR_vB7PGiOc_iOPqqCZMmjI0fRRMF7_EP1B1eOX5GOSSh5NMuF63iU1Ljw40EOLbmR38J4C0WOH_opnCdKC-IzhI-s4LheVE_hpHlQEle2Ym3wU0hPQYfO-sgjSVXQ72iSY9mPN3g2fEdYBgl_tJtxLhRyy0HSSTjhD_tlcM6PDY-P63CU4jryPIOuxQjzhPiJH164C8c_HM5zPBd8lDny9IF2aFmsI_eDp4TP4OmIOXvQPEKf45TxJA6elrh0JPqR72gO5ssboFRCE-5zPIefoUezo2J4nDO89CHmR1GQeJSR8ziVo8zg-cFz49JxoX-EJ4T-4NsiNOhx4tMiRHyRKFU0_MIx5ofzBeWOJx966MePKg5-XMdnBTt88IqPK0pSRDwS78JN4gqaV0UvIj-eQ_0tPId-NGfOodCDZ0euw_ESD5-NPB_0XAryVoPrTMaPVcdVPEU_hKmyQHoQkyJh_cYXGkkVHVkoU8Hd4gBFCAIEGOUIE4IJ6QwD2AkJmKMEGIWc4IxA4oxTSBqgCEFIKQaRVAARoQBUBAHmBABCCEAIMA4cIAzh0igChDINEkAAEMAowgAQSDhKhDAAGIqYUswIoQFyBhCDmCAAAeo0I0YwIAAiEBjBhIeGMSIMAFIa4gyjwDBlGJLWCCmEIMoAIQABAoiBDHFCCCUAUExB44QRcjklIAFEASEoUoAowRwwWAGgrKCCFOWgIoS6RwwwCiAngANHCCIINEMYQwSRQgCCAAVEAYCAMRAYgpggUgADGIJIKY8EI4R4YoQxXWHElaIKOgUkJBgYAQgjxBAEjSGOEACcJQIgQQgRhgHCWACAAEaAAIAxBoAjxhHAkBDEIMKAAVIIBZghBgEsEEBcAgKAMAJQwAwiRCBAoCEKEcGIEwAAxATRigoFAFGKMWQZYUQijIAAAilCuBACGU-MAYgxIBERRAEAEFAIEQUYMEiBC4AjRADBCCDAAYAUIBJwIZGDChihAHDCSAANE9oojB4SBBAiDENCKcCRBYSoQAQwRAAEKQhAGQYAgMwiCZQCxEACCQKKCCaoA8k5JyCgzEFJiFJIEMQIAgZQaAAQghAjAFHKGuIYEgQKIDAADBKkCENCEJAdAcIQQAhRTiBkgRBUEkMIQcQgRoQiTBCDgVSIMAQEAwQwowB2YxLkEDLCMAQEcBAYIBCACBghiAAOCGUEJcAAgiBhigFACAIEKSAIBY4Q5YhhgDEDnDCAKQAIIBQ5oAgQgAFZAJYMSMsMd0QApRwggJohRYCCGWACEAYBAIBVQBhmOEBGCKIAEUY4ACwzlBjAGABAQMmAFQQIBIwRDDCmmAMGCECIAwI4IQChCALGGCDCAGOcAwAYYgmjwhAAjMIACCKAM5QSJAARRBkEBGIES6QQgsAxCAhTDAgKHAMEAiEYEEYqwRghQgDgEAHAcIAMJgAJZAASjAAgiCADIGMEIgIVABhRSgLqAEFGCQKQoQJ4YYUjAhhAFQFAMqeEYMYIRLwG4AphEAAY"], "date": ["1956"], "genre": ["Oldies"], "musicbrainz album type": ["Compilation"], "musicip_puid": ["174e2fd9-7b8d-c352-5dc2-3caf53522606"], "musicbrainz_recordingid": ["097d800c-0fc9-4c81-97e8-a6d388a41f91"], "musicbrainz_albumid": ["b10bb237-cda2-4323-baa7-ec0143449582"], "artist": ["Gary Dale & Buddy Holly on Guitar"], "tracknumber": ["14"], "bpm": ["118.23"], "album": ["The Complete Buddy Holly (Disc 7)"], "musicbrainz album release country": [""], "acoustid_id": ["e61d5a93-59ea-49b0-b157-f2b84d606ab3"], "file_name": "Gary Dale & Buddy Holly on Guitar - Gone.mp3"}}, "rhythm": {"bpm_histogram_first_peak_bpm": {"dmean2": 0, "median": 78, "min": 78, "dvar2": 0, "dvar": 0, "dmean": 0, "max": 78, "var": 0, "mean": 78}, "bpm": 77.4179763794, "bpm_histogram_second_peak_spread": {"dmean2": 0, "median": 0.645161271095, "min": 0.645161271095, "dvar2": 0, "dvar": 0, "dmean": 0, "max": 0.645161271095, "var": 0, "mean": 0.645161271095}, "bpm_histogram_first_peak_weight": {"dmean2": 0, "median": 0.300518155098, "min": 0.300518155098, "dvar2": 0, "dvar": 0, "dmean": 0, "max": 0.300518155098, "var": 0, "mean": 0.300518155098}, "onset_rate": 2.80243659019, "beats_position": [0.789478421211, 1.57895684242, 2.36843538284, 3.1811337471, 3.98222208023, 4.78331041336, 5.58439922333, 6.3622674942, 7.1517457962, 7.95283412933, 8.77714252472, 9.58984088898, 10.3909292221, 11.1920175552, 11.9582767487, 12.7129249573, 13.4675731659, 14.2338323593, 15.0000905991, 15.7547388077, 16.50938797, 17.2756462097, 18.0419044495, 18.8197727203, 19.5976409912, 20.3755092621, 21.153377533, 21.9312477112, 22.6975059509, 23.4753742218, 24.2416324615, 24.9962806702, 25.7509288788, 26.5055770874, 27.2602272034, 28.0264854431, 28.7927436829, 29.5590019226, 30.3252601624, 31.0915184021, 31.869386673, 32.6472549438, 33.4251251221, 34.1913833618, 34.9692497253, 35.7238998413, 36.4785499573, 37.244808197, 38.0110664368, 38.7773246765, 39.5435829163, 40.3214492798, 41.0877075195, 41.8423576355, 42.6086158752, 43.3980941772, 44.1759643555, 44.9306106567, 45.6968688965, 46.4631271362, 47.229385376, 48.0072555542, 48.7735137939, 49.5397720337, 50.3060302734, 51.0722885132, 51.8269386292, 52.5815849304, 53.3362350464, 54.0908851624, 54.8455314636, 55.6001815796, 56.3548278809, 57.1210861206, 57.8873443604, 58.6536026001, 59.4198646545, 60.2209510803, 61.0220413208, 61.8347396851, 62.6474380493, 63.4369163513, 64.2263946533, 65.0390930176, 65.8517913818, 66.6528778076, 67.4539642334, 68.2550582886, 69.0329208374, 69.8224029541, 70.6118774414, 71.3897476196, 72.1676177979, 72.9570999146, 73.7349624634, 74.5128326416, 75.3023147583, 76.1034011841, 76.8928756714, 77.6707458496, 78.4370040894, 79.2148742676, 79.9811325073, 80.7473907471, 81.5136489868, 82.291519165, 83.0577774048, 83.8240356445, 84.5786819458, 85.205619812, 85.8441696167, 86.3550109863, 86.865852356, 87.3766860962, 87.8875274658, 88.3983688354, 88.8975982666, 89.4084320068, 89.9192733765, 90.4417190552, 90.9641723633, 91.486618042, 91.9974594116, 92.5199050903, 93.0423583984, 93.5531921387, 94.0640335083, 94.5748748779, 95.0973205566, 95.6197738647, 96.130607605, 96.6414489746, 97.1522903442, 97.6631240845, 98.1855773926, 98.6964187622, 99.2188644409, 99.7529220581, 100.275375366, 100.821044922, 101.355102539, 101.912376404, 102.434829712, 102.968887329, 103.502944946, 104.037002563, 104.582672119, 105.116729736, 105.627571106, 106.161628723, 106.660858154, 107.160087585, 107.647705078, 108.158546448, 108.692604065, 109.215057373, 109.737503052, 110.248344421, 110.7707901, 111.293243408, 111.827301025, 112.361358643, 112.883804321, 113.406257629, 113.940315247, 114.474372864, 115.008430481, 115.542495728, 116.076553345, 116.598999023, 117.121452332, 117.64389801, 118.15473938, 118.677185059, 119.211242676, 119.745300293, 120.27936554, 120.801811218, 121.335868835, 121.881538391, 122.415596008, 122.961265564, 123.50693512, 124.064216614, 124.621498108, 125.178771973, 125.736053467, 126.30493927, 126.873832703, 127.442718506, 127.988388062, 128.545669556, 129.10295105, 129.671829224], "beats_loudness": {"dmean2": 0.0320826880634, "median": 0.0246239081025, "min": 5.54251782887e-05, "dvar2": 0.000668129825499, "dvar": 0.000268408912234, "dmean": 0.0192936006933, "max": 0.128450348973, "var": 0.000486629054649, "mean": 0.0301554203033}, "danceability": 0.991671442986, "bpm_histogram_second_peak_weight": {"dmean2": 0, "median": 0.113989636302, "min": 0.113989636302, "dvar2": 0, "dvar": 0, "dmean": 0, "max": 0.113989636302, "var": 0, "mean": 0.113989636302}, "beats_count": 194, "bpm_histogram_second_peak_bpm": {"dmean2": 0, "median": 115, "min": 115, "dvar2": 0, "dvar": 0, "dmean": 0, "max": 115, "var": 0, "mean": 115}, "bpm_histogram_first_peak_spread": {"dmean2": 0, "median": 0.457943886518, "min": 0.457943886518, "dvar2": 0, "dvar": 0, "dmean": 0, "max": 0.457943886518, "var": 0, "mean": 0.457943886518}, "beats_loudness_band_ratio": {"dmean2": [0.359093040228, 0.22967107594, 0.234524443746, 0.101482987404, 0.027323000133, 0.00353460013866], "median": [0.374462962151, 0.232788830996, 0.263009905815, 0.0351830348372, 0.0107517326251, 0.000854498997796], "min": [0.00510859722272, 0.00594900129363, 0.0263800062239, 0.000569125637412, 7.97846496425e-06, 1.49138950292e-05], "dvar2": [0.0740304887295, 0.0339592844248, 0.0380616113544, 0.016189686954, 0.002494195709, 2.97659953503e-05], "dvar": [0.0312756411731, 0.0130990659818, 0.0148456674069, 0.00611614063382, 0.00086495251162, 9.71483586909e-06], "dmean": [0.21872112155, 0.142194628716, 0.147915229201, 0.0581801235676, 0.0153451189399, 0.00195988011546], "max": [0.903614878654, 0.877752900124, 0.938979923725, 0.578469216824, 0.240594521165, 0.0203504189849], "var": [0.0698317661881, 0.0285020209849, 0.0319660305977, 0.00621009292081, 0.000623360450845, 8.93421565706e-06], "mean": [0.393705666065, 0.264094471931, 0.28857794404, 0.0625216811895, 0.0169166345149, 0.00203339196742]}}, "lowlevel": {"barkbands_spread": {"dmean2": 1.98408007622, "median": 5.838722229, "min": 0.329164892435, "dvar2": 5.68291854858, "dvar": 3.1155371666, "dmean": 1.35336863995, "max": 85.1484603882, "var": 15.1178569794, "mean": 6.36595344543}, "melbands_spread": {"dmean2": 2.55751514435, "median": 7.49975013733, "min": 0.329605102539, "dvar2": 18.9782352448, "dvar": 10.5002346039, "dmean": 1.72045147419, "max": 145.317337036, "var": 30.8775577545, "mean": 8.03175258636}, "hfc": {"dmean2": 2.55292534828, "median": 6.11285114288, "min": 1.23869476167e-16, "dvar2": 11.5985822678, "dvar": 6.54074954987, "dmean": 1.87779545784, "max": 75.2768096924, "var": 86.5640716553, "mean": 9.03575801849}, "barkbands_kurtosis": {"dmean2": 4.85123872757, "median": 4.3088092804, "min": -1.93338644505, "dvar2": 114.912590027, "dvar": 51.5700073242, "dmean": 3.17158770561, "max": 216.682861328, "var": 103.00163269, "mean": 6.8860206604}, "gfcc": {"mean": [-175.577270508, 233.40763855, -134.17401123, -6.32992219925, -23.2354564667, -49.5486373901, -17.5928783417, 1.86065363884, -11.8280067444, -19.9753856659, 1.95676767826, -11.8758859634, -6.36164283752], "icov": [[0.000353464769432, -0.000729817082174, 0.000705477548763, -0.000747545971535, 0.000547817791812, -0.000421924691182, 0.00022761663422, 0.000149988482008, -0.000131699445774, 0.000445873389253, -0.000357003416866, 0.000209796548006, -6.33633535472e-05], [-0.000729817082174, 0.00764858210459, -0.00334629951976, 0.00535041792318, -0.00618661101907, 0.00390343740582, -0.00543635664508, 0.00307049695402, -0.004027959425, 0.00497880904004, -0.00338960066438, 0.00375924422406, -0.00209953822196], [0.000705477548763, -0.00334629951976, 0.00337832374498, -0.00290749385022, 0.00215824740008, -0.00304349674843, 0.00337749393657, -0.00208385218866, 0.00242927041836, -0.00203213887289, 0.00239129317924, -0.00272946991026, 0.00127370539121], [-0.000747545971535, 0.00535041792318, -0.00290749385022, 0.00629684934393, -0.00475879851729, 0.00286998203956, -0.00391980167478, 0.00229168217629, -0.00398800522089, 0.00370934512466, -0.00291249691509, 0.00380951422267, -0.00193083402701], [0.000547817791812, -0.00618661101907, 0.00215824740008, -0.00475879851729, 0.00753708509728, -0.00238531315699, 0.00411577709019, -0.00321061047725, 0.00344942091033, -0.00431445520371, 0.00276145967655, -0.00130538700614, 0.00137392955367], [-0.000421924691182, 0.00390343740582, -0.00304349674843, 0.00286998203956, -0.00238531315699, 0.00610991474241, -0.00488311424851, 0.00243842834607, -0.00348436599597, 0.00322704669088, -0.00350968283601, 0.00356939062476, -0.00176145194564], [0.00022761663422, -0.00543635664508, 0.00337749393657, -0.00391980167478, 0.00411577709019, -0.00488311424851, 0.0103467330337, -0.00639122677967, 0.00784527976066, -0.00743460422382, 0.00440905988216, -0.00483053643256, 0.00213910778984], [0.000149988482008, 0.00307049695402, -0.00208385218866, 0.00229168217629, -0.00321061047725, 0.00243842834607, -0.00639122677967, 0.0123514579609, -0.00898486096412, 0.0067647411488, -0.00445036031306, 0.000667895830702, 0.00117747054901], [-0.000131699445774, -0.004027959425, 0.00242927041836, -0.00398800522089, 0.00344942091033, -0.00348436599597, 0.00784527976066, -0.00898486096412, 0.0168108809739, -0.0108605995774, 0.00742349866778, -0.00548927253112, 0.00055209256243], [0.000445873389253, 0.00497880904004, -0.00203213887289, 0.00370934512466, -0.00431445520371, 0.00322704669088, -0.00743460422382, 0.0067647411488, -0.0108605995774, 0.0184187646955, -0.00982687901706, 0.00888073910028, -0.00550581840798], [-0.000357003416866, -0.00338960066438, 0.00239129317924, -0.00291249691509, 0.00276145967655, -0.00350968283601, 0.00440905988216, -0.00445036031306, 0.00742349866778, -0.00982687901706, 0.0188189260662, -0.0127397598699, 0.0054017174989], [0.000209796548006, 0.00375924422406, -0.00272946991026, 0.00380951422267, -0.00130538700614, 0.00356939062476, -0.00483053643256, 0.000667895830702, -0.00548927253112, 0.00888073910028, -0.0127397598699, 0.0227528084069, -0.00980232190341], [-6.33633535472e-05, -0.00209953822196, 0.00127370539121, -0.00193083402701, 0.00137392955367, -0.00176145194564, 0.00213910778984, 0.00117747054901, 0.00055209256243, -0.00550581840798, 0.0054017174989, -0.00980232190341, 0.0147403767332]], "cov": [[9470.31640625, 134.976028442, -2445.44677734, 492.46496582, -155.447525024, -269.51184082, 277.158996582, -333.794616699, -36.0928878784, -209.717178345, 184.256698608, -193.689926147, 31.1698627472], [134.976028442, 769.844055176, 181.073394775, -147.693206787, 407.367675781, -102.011894226, 84.1805267334, 29.4043045044, -35.1735496521, -48.3071975708, -28.9644470215, -41.4249725342, -23.1451320648], [-2445.44677734, 181.073394775, 1457.06408691, 73.0862960815, 195.322952271, 262.759216309, -128.043777466, 146.332687378, 33.5876197815, -0.877266645432, -76.216293335, 50.3585968018, -21.1326198578], [492.46496582, -147.693206787, 73.0862960815, 525.56640625, 142.518432617, 6.5913848877, -24.3086071014, 9.68812561035, 64.5467300415, 4.75030088425, -15.4838724136, -50.2639541626, 5.47161912918], [-155.447525024, 407.367675781, 195.322952271, 142.518432617, 529.14654541, -51.3594322205, -13.3806838989, 45.3289108276, 18.5325298309, 8.59610843658, -47.6406211853, -67.4795379639, -22.8906078339], [-269.51184082, -102.011894226, 262.759216309, 6.5913848877, -51.3594322205, 380.24621582, 95.1856918335, 35.0503234863, 7.81941699982, 20.6357803345, 26.4348430634, 17.245973587, 5.2791967392], [277.158996582, 84.1805267334, -128.043777466, -24.3086071014, -13.3806838989, 95.1856918335, 298.90423584, 57.5809135437, -47.7814598083, 24.56640625, 41.8362503052, 17.6375102997, -6.92954301834], [-333.794616699, 29.4043045044, 146.332687378, 9.68812561035, 45.3289108276, 35.0503234863, 57.5809135437, 185.750259399, 56.5986213684, -7.20171785355, 15.0819339752, 34.7025566101, -19.112247467], [-36.0928878784, -35.1735496521, 33.5876197815, 64.5467300415, 18.5325298309, 7.81941699982, -47.7814598083, 56.5986213684, 151.512588501, 49.7889289856, -13.8095588684, 7.56457901001, 25.020822525], [-209.717178345, -48.3071975708, -0.877266645432, 4.75030088425, 8.59610843658, 20.6357803345, 24.56640625, -7.20171785355, 49.7889289856, 134.383148193, 23.3602523804, -3.0158829689, 29.3547000885], [184.256698608, -28.9644470215, -76.216293335, -15.4838724136, -47.6406211853, 26.4348430634, 41.8362503052, 15.0819339752, -13.8095588684, 23.3602523804, 116.484016418, 52.0329780579, 2.70569443703], [-193.689926147, -41.4249725342, 50.3585968018, -50.2639541626, -67.4795379639, 17.245973587, 17.6375102997, 34.7025566101, 7.56457901001, -3.0158829689, 52.0329780579, 112.388023376, 39.6106338501], [31.1698627472, -23.1451320648, -21.1326198578, 5.47161912918, -22.8906078339, 5.2791967392, -6.92954301834, -19.112247467, 25.020822525, 29.3547000885, 2.70569443703, 39.6106338501, 107.894622803]]}, "spectral_energyband_middle_low": {"dmean2": 0.00617018155754, "median": 0.0114800743759, "min": 4.1114014217e-22, "dvar2": 6.57242781017e-05, "dvar": 3.09206843667e-05, "dmean": 0.00427699135616, "max": 0.149549201131, "var": 0.000308427261189, "mean": 0.0167740918696}, "melbands_crest": {"dmean2": 4.35358333588, "median": 14.1295671463, "min": 2.38899755478, "dvar2": 16.1758594513, "dvar": 6.6870303154, "dmean": 2.73956942558, "max": 35.9094657898, "var": 24.6254444122, "mean": 14.9194316864}, "spectral_kurtosis": {"dmean2": 28.986869812, "median": 24.6383209229, "min": -1.16758716106, "dvar2": 780.640563965, "dvar": 334.478118896, "dmean": 17.4658870697, "max": 317.079223633, "var": 1180.30273438, "mean": 34.238910675}, "spectral_rms": {"dmean2": 0.000744997232687, "median": 0.0040043219924, "min": 3.33415847015e-12, "dvar2": 5.86075714182e-07, "dvar": 3.0764681469e-07, "dmean": 0.000543160713278, "max": 0.0121685676277, "var": 4.55783674624e-06, "mean": 0.00419204961509}, "zerocrossingrate": {"dmean2": 0.00353754241951, "median": 0.021484375, "min": 0.0029296875, "dvar2": 0.000108791216917, "dvar": 6.60954683553e-05, "dmean": 0.00286778411828, "max": 0.51025390625, "var": 0.00018003747391, "mean": 0.0220363717526}, "silence_rate_60dB": {"dmean2": 0.0782500430942, "median": 0, "min": 0, "dvar2": 0.0774644687772, "dvar": 0.037587236613, "dmean": 0.0391180664301, "max": 1, "var": 0.110681772232, "mean": 0.126755550504}, "erbbands_kurtosis": {"dmean2": 2.65990114212, "median": 1.63363039494, "min": -1.85382974148, "dvar2": 87.0541229248, "dvar": 46.0736312866, "dmean": 1.81454014778, "max": 273.53918457, "var": 153.199249268, "mean": 3.27506661415}, "erbbands": {"dmean2": [0.0236591137946, 0.356067717075, 0.981366455555, 5.30895423889, 5.60819911957, 7.85477495193, 18.7476234436, 11.277844429, 13.8049316406, 24.6524562836, 26.4439296722, 25.9352684021, 8.95991802216, 10.3795461655, 5.25757980347, 7.25714492798, 5.02367448807, 3.87571763992, 2.51734519005, 1.6398062706, 1.66971969604, 4.13395118713, 2.60687327385, 1.67511057854, 1.31065225601, 0.160035789013, 0.0526031069458, 0.0191599335521, 0.00834834296256, 0.00413757469505, 0.0021764494013, 0.00110688968562, 0.000586209120229, 0.000248249038123, 9.85915103229e-05, 3.79752855224e-05, 7.46397199691e-06, 1.69201803146e-06, 3.37070309797e-06, 8.05211766419e-06], "median": [0.00513410149142, 0.0688283517957, 0.53610932827, 1.89448106289, 1.97831523418, 3.66694545746, 12.8994121552, 7.95477390289, 8.54228210449, 12.6734762192, 21.5589580536, 11.8279809952, 4.66727924347, 4.60466527939, 2.76850533485, 1.93234086037, 1.55438971519, 1.39804911613, 0.813206672668, 0.482226550579, 1.28885149956, 2.94334626198, 2.06669950485, 1.32500314713, 0.366352677345, 0.0722320526838, 0.0305228661746, 0.00582845741883, 0.00136158894747, 0.000435400899732, 0.000167897014762, 9.17741272133e-05, 4.73990257888e-05, 2.43768463406e-05, 1.53716209752e-05, 1.065941251e-05, 6.05050490776e-06, 1.16885985335e-06, 7.91507591202e-06, 1.84028704098e-05], "min": [7.90713680741e-22, 1.53403128563e-21, 1.34250888352e-20, 2.82429220241e-20, 3.77119977693e-20, 4.97615519695e-19, 5.20667337307e-19, 1.27598989117e-18, 1.33226826152e-18, 8.25132409959e-19, 9.51217792971e-19, 1.1435794716e-18, 1.50980376164e-18, 4.27286142474e-18, 3.16051174357e-18, 5.16502906853e-18, 4.38235739037e-18, 3.23233562937e-18, 4.49147740242e-18, 9.05259762215e-18, 9.99849188749e-18, 1.01876490684e-17, 1.14269062467e-17, 1.62924024621e-17, 1.92853040457e-17, 1.80364846595e-17, 2.102856568e-17, 2.17929103445e-17, 1.84845336558e-17, 2.11385261075e-17, 1.27268445676e-17, 1.54069519385e-17, 2.20301788314e-17, 1.21685514209e-17, 7.30728623433e-18, 7.83669175253e-18, 3.77894774508e-18, 1.56065303544e-18, 3.53663009602e-19, 3.34992735383e-20], "dvar2": [0.00224002194591, 0.622567296028, 4.56425952911, 145.819747925, 129.884765625, 351.541473389, 1125.24182129, 502.464599609, 697.380004883, 6339.82861328, 3431.18945313, 3629.30566406, 594.565734863, 641.999023438, 242.934265137, 1126.95959473, 208.084274292, 113.737892151, 104.226867676, 127.673492432, 13.9521522522, 84.9933319092, 40.0231781006, 15.1586942673, 20.2317905426, 0.216579154134, 0.0139325363562, 0.00252002617344, 0.000726556696463, 0.000183393756743, 7.20226889825e-05, 1.53943601617e-05, 5.67453935219e-06, 1.57882811891e-06, 3.0907651194e-07, 9.0312191503e-08, 1.30554256295e-09, 9.24721341167e-11, 1.86122211393e-11, 1.08773760832e-10], "dvar": [0.0010775354458, 0.366412371397, 2.14148855209, 55.5149078369, 58.4050979614, 199.442703247, 504.654388428, 217.898269653, 364.406616211, 3076.31640625, 1741.60095215, 1937.26171875, 353.435821533, 397.6065979, 158.245056152, 707.166809082, 121.098831177, 57.8379821777, 47.882183075, 65.3610992432, 6.67240858078, 43.3344612122, 21.5752487183, 6.97343015671, 10.7520618439, 0.105623029172, 0.00594440102577, 0.00106290553231, 0.000339493679348, 8.89582443051e-05, 3.43845204043e-05, 6.82192649037e-06, 2.5503084089e-06, 7.12331541308e-07, 1.29843513719e-07, 3.2302708064e-08, 4.61819388287e-10, 3.13517926898e-11, 9.08675478611e-12, 5.22167552253e-11], "dmean": [0.0161499977112, 0.278369247913, 0.670978367329, 3.3516356945, 3.65536928177, 5.56782245636, 12.6671962738, 7.79065799713, 9.567694664, 17.1877765656, 19.0498313904, 18.191286087, 6.4718875885, 7.37837123871, 3.79843783379, 5.33591651917, 3.57492470741, 2.66057491302, 1.68572282791, 1.13664495945, 1.12533080578, 2.8982257843, 1.80633819103, 1.1500043869, 0.940942823887, 0.114016339183, 0.0351925827563, 0.0125256860629, 0.00557695608586, 0.00274790800177, 0.00145554321352, 0.000725569785573, 0.000382976082619, 0.000164056487847, 6.19200363872e-05, 2.2415222702e-05, 4.43514863946e-06, 9.64132937042e-07, 2.39296650761e-06, 5.69664052819e-06], "max": [0.825510561466, 13.9755001068, 38.7725448608, 160.223648071, 179.059875488, 477.10925293, 616.554931641, 273.52130127, 723.97857666, 2549.71972656, 1483.97033691, 1608.66809082, 907.164428711, 944.437561035, 669.365234375, 2183.50292969, 441.497131348, 301.940032959, 290.902099609, 399.624786377, 84.7097625732, 291.811340332, 183.236831665, 94.6380615234, 130.656341553, 10.6042671204, 1.77597808838, 0.812430024147, 0.612689197063, 0.347628086805, 0.274541050196, 0.055805593729, 0.0424052141607, 0.0322980843484, 0.0133513500914, 0.00648874696344, 0.000555354170501, 0.000235476909438, 7.26140133338e-05, 0.000170538114617], "var": [0.00549353379756, 2.52979946136, 7.31418466568, 130.989181519, 218.442443848, 1457.19384766, 3044.38183594, 904.40411377, 2347.21606445, 25381.9980469, 6963.48095703, 11053.9472656, 2061.56567383, 2561.31835938, 692.948242188, 5900.75, 682.072692871, 246.275421143, 140.577911377, 117.104179382, 46.0792045593, 246.225296021, 86.6434555054, 28.7406997681, 42.6863555908, 0.557747960091, 0.0218315646052, 0.00303977332078, 0.000878676364664, 0.000263162830379, 7.40102186683e-05, 1.30372181957e-05, 4.24681365985e-06, 1.00171462236e-06, 1.42899182265e-07, 2.1885366408e-08, 3.75065312141e-10, 2.00697566205e-11, 1.02056883777e-10, 5.63142366072e-10], "mean": [0.0361380912364, 0.786039590836, 1.64210247993, 6.48905277252, 7.65856313705, 14.9949808121, 32.4988899231, 19.629447937, 25.5342617035, 48.4393882751, 49.3902931213, 50.4391937256, 17.8366794586, 18.3925209045, 9.48029899597, 14.3647317886, 9.95522117615, 6.79894733429, 3.85577464104, 2.2779545784, 3.32294821739, 8.33700370789, 4.68999004364, 2.98709607124, 2.40802526474, 0.298540830612, 0.0846114233136, 0.0272350702435, 0.0109329968691, 0.00505172181875, 0.00245156837627, 0.00115716748405, 0.000586851732805, 0.000241178189754, 8.31857687444e-05, 3.0675502785e-05, 9.92756577034e-06, 1.95464008357e-06, 1.08337635538e-05, 2.53666348726e-05]}, "spectral_strongpeak": {"dmean2": 0.524506092072, "median": 0.619663715363, "min": 0, "dvar2": 0.443315178156, "dvar": 0.202077031136, "dmean": 0.321932524443, "max": 10.391869545, "var": 0.972737252712, "mean": 0.993505120277}, "spectral_energy": {"dmean2": 0.00727950269356, "median": 0.0164354611188, "min": 1.13945284524e-20, "dvar2": 8.994617383e-05, "dvar": 4.28893181379e-05, "dmean": 0.00514183938503, "max": 0.151775896549, "var": 0.000452072621556, "mean": 0.0226843375713}, "average_loudness": 0.496472090483, "spectral_rolloff": {"dmean2": 143.416229248, "median": 581.396484375, "min": 43.06640625, "dvar2": 161616.21875, "dvar": 88577.2265625, "dmean": 83.642868042, "max": 18217.0898438, "var": 182850.96875, "mean": 576.674621582}, "spectral_centroid": {"dmean2": 100.866294861, "median": 523.984619141, "min": 151.881195068, "dvar2": 20453.8886719, "dvar": 17748.5703125, "dmean": 70.9741439819, "max": 10681.09375, "var": 69378.140625, "mean": 551.338623047}, "pitch_salience": {"dmean2": 0.0997865945101, "median": 0.533299446106, "min": 0.0791807770729, "dvar2": 0.00894156936556, "dvar": 0.00350309745409, "dmean": 0.0629160925746, "max": 0.924819290638, "var": 0.0117608578876, "mean": 0.525706648827}, "spectral_energyband_middle_high": {"dmean2": 0.00061558681773, "median": 0.000749986444134, "min": 1.74752385523e-21, "dvar2": 1.5832470126e-06, "dvar": 9.62146259553e-07, "dmean": 0.000457864894997, "max": 0.0487995147705, "var": 8.71898100741e-06, "mean": 0.0017064048443}, "spectral_contrast_coeffs": {"dmean2": [0.0812916383147, 0.0664771646261, 0.0555429644883, 0.0424024537206, 0.0350045748055, 0.0674721673131], "median": [-0.579817771912, -0.654313862324, -0.713794887066, -0.765721142292, -0.719170451164, -0.775797665119], "min": [-0.979676365852, -0.965534389019, -0.968033909798, -0.95691215992, -0.962692141533, -0.956719279289], "dvar2": [0.00412509450689, 0.00268842093647, 0.00187455315609, 0.00109657028224, 0.000792114180513, 0.003342614742], "dvar": [0.00167404825334, 0.00111502048094, 0.000816338171717, 0.000456657173345, 0.000392695248593, 0.00122125109192], "dmean": [0.0506700277328, 0.0422157272696, 0.0352698601782, 0.0270973872393, 0.0234448499978, 0.0403652526438], "max": [-0.22152402997, -0.33547976613, -0.457649409771, -0.554340481758, -0.505272269249, -0.497952461243], "var": [0.00996031332761, 0.00756274908781, 0.00593228777871, 0.00338591076434, 0.002703912789, 0.00435491232201], "mean": [-0.577261567116, -0.649214565754, -0.707722425461, -0.764320135117, -0.722648918629, -0.78344810009]}, "melbands_skewness": {"dmean2": 0.817304372787, "median": 1.72388696671, "min": -4.97486925125, "dvar2": 0.859662353992, "dvar": 0.382718861103, "dmean": 0.536398470402, "max": 12.5335063934, "var": 1.69000673294, "mean": 1.90521299839}, "spectral_spread": {"dmean2": 421867.9375, "median": 1492412.625, "min": 289293.1875, "dvar2": 346323484672, "dvar": 235444568064, "dmean": 252432.65625, "max": 40411572, "var": 627795755008, "mean": 1526448}, "dissonance": {"dmean2": 0.0640686228871, "median": 0.393178761005, "min": 0.0410855673254, "dvar2": 0.00302282813936, "dvar": 0.00112682441249, "dmean": 0.0388230532408, "max": 0.499752283096, "var": 0.00318387453444, "mean": 0.387334823608}, "spectral_skewness": {"dmean2": 1.88429200649, "median": 2.96239256859, "min": -0.405177026987, "dvar2": 2.39238262177, "dvar": 0.987278580666, "dmean": 1.12774670124, "max": 15.1048755646, "var": 4.05947446823, "mean": 3.47740101814}, "spectral_flux": {"dmean2": 0.025776989758, "median": 0.0457102023065, "min": 1.06745154382e-10, "dvar2": 0.000731349573471, "dvar": 0.000275471247733, "dmean": 0.0159242860973, "max": 0.226802438498, "var": 0.000875029247254, "mean": 0.0506926588714}, "spectral_contrast_valleys": {"dmean2": [0.691878795624, 0.528264164925, 0.48442414403, 0.44324657321, 0.39333820343, 1.0832388401], "median": [-7.93188381195, -6.94118118286, -8.10926532745, -9.02593421936, -9.42667484283, -14.2208747864], "min": [-26.6368370056, -27.2491378784, -27.3852062225, -27.3323707581, -27.1832695007, -27.237947464], "dvar2": [0.299975991249, 0.181950345635, 0.170715227723, 0.142892763019, 0.114675074816, 0.8949457407], "dvar": [0.130927607417, 0.100978843868, 0.103596910834, 0.11366186291, 0.123357251287, 0.30594599247], "dmean": [0.433111488819, 0.352744460106, 0.339442849159, 0.339766710997, 0.340519726276, 0.634472846985], "max": [-5.68931150436, -5.22579288483, -6.05936574936, -6.90985488892, -7.35583639145, -11.2143917084], "var": [1.0582139492, 0.919500231743, 1.19717001915, 1.40107381344, 1.74830937386, 1.05864179134], "mean": [-7.95823526382, -7.08531665802, -8.33062839508, -9.29706859589, -9.75691699982, -14.2492933273]}, "erbbands_flatness_db": {"dmean2": 0.0228515416384, "median": 0.33519795537, "min": 0.0371901057661, "dvar2": 0.00042427011067, "dvar": 0.000208464407478, "dmean": 0.0152869587764, "max": 0.505656301975, "var": 0.00163325632457, "mean": 0.336006850004}, "spectral_energyband_high": {"dmean2": 1.84088241895e-06, "median": 9.84839516605e-07, "min": 8.29597127009e-21, "dvar2": 1.85147591703e-11, "dvar": 8.55916986592e-12, "dmean": 1.25482608837e-06, "max": 6.72211244819e-05, "var": 2.96955134094e-11, "mean": 2.96088001051e-06}, "spectral_entropy": {"dmean2": 0.237333208323, "median": 6.16703414917, "min": 3.89420413971, "dvar2": 0.0500065237284, "dvar": 0.0281888060272, "dmean": 0.171694338322, "max": 9.7912607193, "var": 0.225900754333, "mean": 6.09949874878}, "silence_rate_20dB": {"dmean2": 0, "median": 1, "min": 1, "dvar2": 0, "dvar": 0, "dmean": 0, "max": 1, "var": 0, "mean": 1}, "melbands_flatness_db": {"dmean2": 0.0346918329597, "median": 0.419855087996, "min": 0.0054447632283, "dvar2": 0.00104930240195, "dvar": 0.000571018492337, "dmean": 0.0250126495957, "max": 0.738909721375, "var": 0.00566634349525, "mean": 0.424584805965}, "barkbands": {"dmean2": [2.02430437639e-05, 0.00136321398895, 0.00111519405618, 0.00242949463427, 0.00216717552394, 0.00176816189196, 0.00139489967842, 0.00126093591098, 0.00099767500069, 0.000346062995959, 0.000127172083012, 0.000204784359084, 0.000108952859591, 7.9412748164e-05, 4.52307140222e-05, 2.65329599642e-05, 7.63133939472e-05, 4.90921302116e-05, 3.25194414472e-05, 4.1884836719e-06, 8.1526923168e-07, 2.08688746284e-07, 8.20012999725e-08, 4.08762943493e-08, 1.69015166307e-08, 5.58503066017e-09, 1.74030134747e-09], "median": [2.53534039985e-06, 0.000234003149671, 0.000388402113458, 0.000728635117412, 0.00146233069245, 0.00117338460404, 0.000598763814196, 0.000645954569336, 0.000390470755519, 0.000130615691887, 4.2894454964e-05, 4.28714811278e-05, 2.69715783361e-05, 2.21974023589e-05, 8.19962133392e-06, 1.28123638206e-05, 4.70524282719e-05, 3.27013549395e-05, 1.21132634376e-05, 1.14931242479e-06, 3.43889837495e-07, 2.85007111245e-08, 5.98394089835e-09, 2.71584688072e-09, 8.58273618842e-10, 4.23179519204e-10, 2.79931605673e-10], "min": [1.80056018558e-23, 1.29731867733e-23, 1.69869899451e-23, 5.8198619546e-24, 1.06333641128e-22, 1.19446402639e-22, 6.41530024009e-23, 5.46841471834e-23, 4.23097089926e-23, 6.7807340591e-23, 1.15659832428e-22, 1.06716295465e-22, 1.05687052864e-22, 6.42570058227e-23, 1.21987733822e-22, 1.97277603115e-22, 1.49501233199e-22, 2.23755738331e-22, 3.92603728433e-22, 3.40314114885e-22, 5.45854688883e-22, 5.24561704842e-22, 5.1956620845e-22, 1.0701789529e-21, 1.07430324393e-21, 2.16278407276e-21, 2.45780038083e-21], "dvar2": [5.45912204331e-09, 8.76424383023e-06, 9.1075007731e-06, 2.81580050796e-05, 1.5040692233e-05, 1.12663838081e-05, 9.64745140664e-06, 9.06469267647e-06, 4.92503158966e-06, 6.67342533234e-07, 1.26087826402e-07, 6.30885608643e-07, 8.83034303456e-08, 4.19403605179e-08, 1.13109216215e-07, 4.59108351336e-09, 2.78994587433e-08, 1.44053791118e-08, 8.83212880609e-09, 2.75701989016e-10, 3.4166395841e-12, 4.65315503143e-13, 8.2230615817e-14, 2.36676692513e-14, 7.7782332509e-15, 1.62115414544e-15, 1.85932235339e-17], "dvar": [2.14627182693e-09, 5.09701931151e-06, 3.99466807721e-06, 1.11204180939e-05, 8.14413670014e-06, 4.93636616739e-06, 5.53841618967e-06, 4.88492469231e-06, 2.85299233838e-06, 3.6116659885e-07, 6.54211689266e-08, 3.87819540038e-07, 5.19769223217e-08, 2.15676507764e-08, 5.39611555439e-08, 2.06365569078e-09, 1.19584990799e-08, 7.04719171907e-09, 4.5160981621e-09, 1.24969992688e-10, 1.4371055344e-12, 2.20715576349e-13, 3.81001281143e-14, 1.06432900077e-14, 3.49448439884e-15, 5.67859834625e-16, 6.19070159523e-18], "dmean": [1.27412386064e-05, 0.00104539794847, 0.000706469814759, 0.00155555980746, 0.00151902309153, 0.00120234978385, 0.00099564017728, 0.000906368775759, 0.000709117972292, 0.000242253096076, 8.80059014889e-05, 0.000145648722537, 7.72380153649e-05, 5.37859123142e-05, 3.06870824716e-05, 1.7753613065e-05, 5.17769367434e-05, 3.31080409524e-05, 2.30266468861e-05, 2.76104992736e-06, 5.32978276624e-07, 1.38989818765e-07, 5.48494085706e-08, 2.67688999855e-08, 1.07871107602e-08, 3.15319392818e-09, 9.38207400658e-10], "max": [0.00155842467211, 0.0526162981987, 0.0572