{"tonal": {"thpcp": [1, 0.636785984039, 0.170477554202, 0.172455340624, 0.132373377681, 0.307755470276, 0.494205623865, 0.265400081873, 0.0935994535685, 0.135273203254, 0.120356865227, 0.374191850424, 0.59053581953, 0.329357326031, 0.398752421141, 0.741278171539, 0.502868890762, 0.180702209473, 0.150902882218, 0.11634594202, 0.371534436941, 0.68781286478, 0.429461330175, 0.108441829681, 0.0840886607766, 0.0820902064443, 0.246994704008, 0.328252285719, 0.161948949099, 0.2208891958, 0.409904390574, 0.26637300849, 0.227305963635, 0.339044749737, 0.194053724408, 0.48691830039], "hpcp": {"dmean2": [0.0456744544208, 0.0439205542207, 0.10767249763, 0.136605829, 0.0765124484897, 0.0838113352656, 0.127907633781, 0.108609721065, 0.0953852236271, 0.117145903409, 0.086126640439, 0.150112569332, 0.191406607628, 0.187047034502, 0.106084004045, 0.0848878771067, 0.0751020610332, 0.12485435605, 0.181395575404, 0.111157752573, 0.0439533554018, 0.0460209287703, 0.0618562214077, 0.150266870856, 0.19188721478, 0.15501396358, 0.167792290449, 0.199168905616, 0.18330809474, 0.106836922467, 0.0799265280366, 0.0679042041302, 0.135880887508, 0.189496353269, 0.146357938647, 0.0722011327744], "median": [0.0117248147726, 0.0132517209277, 0.0362829901278, 0.0420718565583, 0.0260151028633, 0.0251565556973, 0.0272623915225, 0.0189146474004, 0.0349811017513, 0.0414071157575, 0.0278346631676, 0.0892698764801, 0.18012213707, 0.118134073913, 0.0208092126995, 0.0166266560555, 0.0158644262701, 0.0439531207085, 0.0601428300142, 0.0375007949769, 0.0103017129004, 0.00853998493403, 0.0115576991811, 0.0571992844343, 0.0752864256501, 0.0411992743611, 0.0581884607673, 0.0970825850964, 0.0707317963243, 0.0263012740761, 0.0178257860243, 0.0160498786718, 0.0629043281078, 0.096692815423, 0.0616616010666, 0.016624674201], "min": [0, 0, 0, 0, 0, 0, 0, 0, 0, 2.46973213507e-05, 3.01127365674e-05, 0.00011596337572, 0.000191952538444, 0, 0, 0, 0, 0, 0, 0, 0, 0, 0, 0, 0, 0, 0, 0, 0, 0, 0, 0, 0, 0, 0, 0], "dvar2": [0.0128715103492, 0.00850004050881, 0.0359841734171, 0.0545601509511, 0.020159130916, 0.0214013531804, 0.0596848353744, 0.0416970774531, 0.0291372537613, 0.0441694296896, 0.0236078687012, 0.0396019667387, 0.073100246489, 0.0618650950491, 0.0483561828732, 0.0355309545994, 0.024139996618, 0.036702927202, 0.0786324515939, 0.030610576272, 0.0116156740114, 0.0149691961706, 0.0202638823539, 0.0514843203127, 0.0807692930102, 0.0603019669652, 0.0592980012298, 0.0819097608328, 0.0695245862007, 0.0411577038467, 0.0286936778575, 0.0220623724163, 0.0432062931359, 0.0752258822322, 0.0484615936875, 0.0258482340723], "dvar": [0.00489694718271, 0.00323441810906, 0.0149991791695, 0.0246900543571, 0.00789428129792, 0.00852398853749, 0.0272286459804, 0.0163036584854, 0.0115952482447, 0.020269792527, 0.0090086562559, 0.016034765169, 0.0386223569512, 0.0252093728632, 0.0172856412828, 0.0137786343694, 0.00886354409158, 0.0147657468915, 0.0336363278329, 0.0120690977201, 0.00424484210089, 0.00713615724817, 0.00769562413916, 0.0202446263283, 0.037340182811, 0.0222333278507, 0.0230495315045, 0.0410529002547, 0.0275093521923, 0.0149043602869, 0.0109929647297, 0.00801223423332, 0.0167995356023, 0.0376304164529, 0.019695142284, 0.00888962671161], "dmean": [0.0266354568303, 0.0258961580694, 0.0664714276791, 0.084552153945, 0.0463242195547, 0.0514717251062, 0.0766455158591, 0.0641494914889, 0.0582312345505, 0.0726715996861, 0.0523023940623, 0.0921526551247, 0.119665198028, 0.113154523075, 0.0612675063312, 0.0495602376759, 0.0432971268892, 0.076342843473, 0.111044988036, 0.0677129775286, 0.0266250688583, 0.0283477362245, 0.0356137491763, 0.0926781222224, 0.117464654148, 0.0905507057905, 0.0993262603879, 0.122701145709, 0.110993139446, 0.062191426754, 0.0477078258991, 0.0393308550119, 0.0841485336423, 0.118555903435, 0.0910038799047, 0.0409749336541], "max": [1, 1, 1, 1, 1, 1, 1, 1, 1, 1, 1, 1, 1, 1, 1, 1, 1, 1, 1, 1, 1, 1, 1, 1, 1, 1, 1, 1, 1, 1, 1, 1, 1, 1, 1, 1], "var": [0.00796796754003, 0.00457372050732, 0.0249446481466, 0.0466716215014, 0.01060258504, 0.0201727990061, 0.0881595760584, 0.0365622155368, 0.021974792704, 0.058897677809, 0.0170268919319, 0.0429515875876, 0.164076820016, 0.0726513266563, 0.0180741287768, 0.0281114168465, 0.0132243493572, 0.0303915776312, 0.080148473382, 0.0228181369603, 0.00674882763997, 0.0285410322249, 0.0154131641611, 0.0401065088809, 0.105482004583, 0.0365327559412, 0.0437667183578, 0.134367465973, 0.0652775019407, 0.0175935290754, 0.0156904961914, 0.00900895241648, 0.0334031768143, 0.118083328009, 0.0499396510422, 0.00778666837141], "mean": [0.0332530103624, 0.0324627198279, 0.0976744964719, 0.129807949066, 0.0640430003405, 0.0873510241508, 0.162097424269, 0.105337679386, 0.0898885503411, 0.134075850248, 0.0767388939857, 0.19255271554, 0.395451784134, 0.251818150282, 0.0674156546593, 0.0681977719069, 0.052347291261, 0.121702454984, 0.195434495807, 0.104952938855, 0.0370140708983, 0.0534940324724, 0.0475953370333, 0.147974833846, 0.23352843523, 0.130244940519, 0.157687351108, 0.293139785528, 0.198860391974, 0.0714590102434, 0.0596748143435, 0.046009209007, 0.146923959255, 0.271996825933, 0.169831246138, 0.042883515358]}, "tuning_equal_tempered_deviation": 0.0095959668979, "chords_changes_rate": 0.0532496981323, "key_key": "F#", "tuning_diatonic_strength": 0.56551617384, "key_scale": "major", "chords_number_rate": 0.001334578963, "tuning_frequency": 440, "tuning_nontempered_energy_ratio": 0.603841125965, "chords_histogram": [25.1301212311, 6.92646455765, 30.3216342926, 2.17536377907, 6.2591753006, 0, 0.213532626629, 0, 0.320298939943, 0, 0, 0, 0.266915798187, 0, 0.0934205278754, 2.10863471031, 0.453756839037, 2.85599899292, 0.800747334957, 4.53756856918, 0.827438950539, 2.66915798187, 13.1055650711, 0.934205234051], "key_strength": 0.828608989716, "chords_key": "C#", "chords_strength": {"dmean2": 0.00677976384759, "median": 0.445774078369, "min": 0.154020935297, "dvar2": 3.95689712605e-05, "dvar": 4.48236860393e-05, "dmean": 0.00855804048479, "max": 0.635455310345, "var": 0.0066784247756, "mean": 0.442363202572}, "chords_scale": "major", "hpcp_entropy": {"dmean2": 0.846835494041, "median": 1.50487399101, "min": 0.0399875454605, "dvar2": 0.541081726551, "dvar": 0.223384723067, "dmean": 0.515008211136, "max": 3.99126267433, "var": 0.501675069332, "mean": 1.47337555885}}, "metadata": {"audio_properties": {"equal_loudness": 0, "codec": "flac", "downmix": "mix", "sample_rate": 44100, "analysis_sample_rate": 44100, "bit_rate": 0, "md5_encoded": "4521d2e9811330131c34b715568b5668", "length": 347.893341064, "replay_gain": -0.307464599609, "lossless": true}, "version": {"essentia_build_sha": "70f2e5ece6736b2c40cc944ad0e695b16b925413", "essentia": "2.1-beta2", "extractor": "music 1.0", "essentia_git_sha": "v2.1_beta2"}, "tags": {"title": ["Sonata no. 64 in G major: II. Allegretto grazioso"], "barcode": ["747313213726"], "media": ["CD"], "albumartist": ["Padre Antonio Soler; Gilbert Rowland"], "tracktotal": ["14"], "language": ["zxx"], "performer": ["Gilbert Rowland (harpsichord)"], "releasetype": ["album"], "musicbrainz_recordingid": ["0989a9df-98e4-4d38-8a72-b6dc7c1d4c2f"], "composer": ["Padre Antonio Soler"], "musicbrainz_albumartistid": ["bc94f2e1-e6e8-4fce-a767-8c98e910fa3a", "9a1318a8-1712-448a-b22c-8c2e06a64915"], "producer": ["John Taylor"], "composersort": ["Soler, Antonio, Padre"], "catalognumber": ["8.557137"], "engineer": ["John Taylor"], "work": ["Keyboard Sonata no. 64 in G major: II. Allegretto grazioso"], "date": ["2003-10"], "file_name": "07 - Padre Antonio Soler - Sonata no. 64 in G major: II. Allegretto grazioso.flac", "musicbrainz_albumid": ["f6a14d3f-a424-45d0-9424-24d560e207ef"], "musicbrainz_releasegroupid": ["41eb4477-6413-4001-b44b-fa4fd0f83f94"], "albumartistsort": ["Soler, Antonio, Padre; Rowland, Gilbert"], "musicbrainz_artistid": ["bc94f2e1-e6e8-4fce-a767-8c98e910fa3a"], "originaldate": ["2003"], "musicbrainz_workid": ["eac8a01b-179d-4516-a385-a298f170e5c7"], "musicbrainz_releasetrackid": ["bcecaa91-dbbf-40bb-ad26-e1addf080e83"], "artist": ["Padre Antonio Soler"], "tracknumber": ["7"], "artistsort": ["Soler, Antonio, Padre"], "album": ["Sonatas for Harpsichord, Volume 10"], "label": ["Naxos"], "releasestatus": ["official"], "acoustid_id": ["e0b4c712-0093-4856-a95a-7690840e9492"], "script": ["Latn"], "totaltracks": ["14"]}}, "rhythm": {"bpm_histogram_first_peak_bpm": {"dmean2": 0, "median": 117, "min": 117, "dvar2": 0, "dvar": 0, "dmean": 0, "max": 117, "var": 0, "mean": 117}, "bpm": 117.12361145, "bpm_histogram_second_peak_spread": {"dmean2": 0, "median": 0.534031391144, "min": 0.534031391144, "dvar2": 0, "dvar": 0, "dmean": 0, "max": 0.534031391144, "var": 0, "mean": 0.534031391144}, "bpm_histogram_first_peak_weight": {"dmean2": 0, "median": 0.228915661573, "min": 0.228915661573, "dvar2": 0, "dvar": 0, "dmean": 0, "max": 0.228915661573, "var": 0, "mean": 0.228915661573}, "onset_rate": 4.38898801804, "beats_position": [0.476009070873, 0.952018141747, 1.43963718414, 1.95047616959, 2.4497051239, 2.96054410934, 3.48299312592, 4.01705217361, 4.5627207756, 5.08516979218, 5.61922883987, 6.14167785645, 6.66412687302, 7.18657588959, 7.70902490616, 8.24308395386, 8.76553249359, 9.31120204926, 9.86848068237, 10.4141492844, 10.9714279175, 11.5287075043, 12.0743761063, 12.6200447083, 13.1424942017, 13.6533327103, 14.1641721725, 14.66340065, 15.1626300812, 15.6734695435, 16.1959171295, 16.7183666229, 17.2408161163, 17.7748756409, 18.2973232269, 18.8081626892, 19.3190021515, 19.8298416138, 20.3174591064, 20.8050785065, 21.3043079376, 21.8035373688, 22.2911567688, 22.7787742615, 23.2663936615, 23.7540130615, 24.2532424927, 24.7524719238, 25.2400894165, 25.7857589722, 26.3314285278, 26.8770961761, 27.4343757629, 27.9800453186, 28.5141029358, 29.0481624603, 29.5822219849, 30.1394996643, 30.6967792511, 31.2424488068, 31.776506424, 32.322177887, 32.8794555664, 33.4367332458, 33.9824028015, 34.6093406677, 35.2246704102, 35.8632202148, 36.5017662048, 37.1403160095, 37.6859855652, 38.2200431824, 38.730884552, 39.2533340454, 39.7757797241, 40.2866210938, 40.8090705872, 41.3083000183, 41.795917511, 42.3067550659, 42.8175964355, 43.3284339905, 43.8392753601, 44.3385009766, 44.8377304077, 45.3601799011, 45.8826293945, 46.4166870117, 46.9507484436, 47.4615859985, 47.9840354919, 48.4948730469, 49.0173225403, 49.5165519714, 50.0390014648, 50.5498390198, 51.0839004517, 51.6063499451, 52.1171875, 52.6164169312, 53.1272544861, 53.6264839172, 54.1373214722, 54.6365509033, 55.1241722107, 55.6350097656, 56.157459259, 56.7379570007, 57.3068466187, 57.8757362366, 58.4214057922, 58.9670753479, 59.5011329651, 60.0235824585, 60.5576400757, 61.0684814453, 61.5793190002, 62.0901565552, 62.6009979248, 63.1118354797, 63.6226730347, 64.1219024658, 64.621131897, 65.1087493896, 65.6312026978, 66.1652603149, 66.7109298706, 67.2682037354, 67.7906570435, 68.3131027222, 68.8471679688, 69.392829895, 69.9152832031, 70.4261245728, 70.936958313, 71.4477996826, 71.9818572998, 72.4926986694, 73.0035324097, 73.5375976562, 74.0716552734, 74.6057128906, 75.1165542603, 75.638999939, 76.1730575562, 76.7071151733, 77.2295684814, 77.7752380371, 78.3209075928, 78.8665771484, 79.4122467041, 79.9463043213, 80.4571380615, 81.0028076172, 81.5484771729, 82.08253479, 82.6282043457, 83.1738739014, 83.742767334, 84.3348770142, 84.8921508789, 85.4378204346, 85.9951019287, 86.5523757935, 87.0980453491, 87.6321105957, 88.1661682129, 88.6770019531, 89.1878433228, 89.7219009399, 90.2559585571, 90.7900238037, 91.3124694824, 91.8581390381, 92.3921966553, 92.9262542725, 93.460319519, 93.9711532593, 94.4819946289, 95.0160522461, 95.5268936157, 96.037727356, 96.525352478, 97.0129699707, 97.5238113403, 98.011428833, 98.4990463257, 99.0098876953, 99.5091171265, 100.008346558, 100.519180298, 101.030021667, 101.564079285, 102.098136902, 102.632194519, 103.154647827, 103.688705444, 104.211151123, 104.721992493, 105.244445801, 105.766891479, 106.289337158, 106.788566589, 107.287796021, 107.787025452, 108.30947876, 108.808708191, 109.307937622, 109.807167053, 110.294784546, 110.782402039, 111.270019531, 111.780860901, 112.314918518, 112.872200012, 113.429473877, 113.986755371, 114.532424927, 115.078094482, 115.623764038, 116.169433594, 116.715103149, 117.260765076, 117.81804657, 118.363716125, 118.897773743, 119.443443298, 119.977500916, 120.511566162, 121.045623779, 121.568069458, 122.102127075, 122.647796631, 123.193466187, 123.715919495, 124.249977112, 124.784034729, 125.28326416, 125.79410553, 126.316551208, 126.827392578, 127.338226318, 127.849067688, 128.359909058, 128.870742798, 129.381591797, 129.880813599, 130.391647339, 130.914108276, 131.459777832, 132.005432129, 132.562713623, 133.085174561, 133.630844116, 134.222946167, 134.815048218, 135.337509155, 135.859954834, 136.382400513, 136.893234253, 137.404083252, 137.914916992, 138.414154053, 138.924987793, 139.435821533, 139.946670532, 140.445892334, 140.968338013, 141.479187012, 141.990020752, 142.500854492, 143.011703491, 143.545761108, 144.079818726, 144.660308838, 145.240814209, 145.798095703, 146.33215332, 146.854598999, 147.377044678, 147.899505615, 148.421951294, 148.932785034, 149.443618774, 149.966079712, 150.488525391, 150.999359131, 151.51020813, 152.032653809, 152.566711426, 153.147201538, 153.716094971, 154.273376465, 154.819046021, 155.341491699, 155.898773193, 156.432830811, 156.955276489, 157.477722168, 157.96534729, 158.47618103, 159.010253906, 159.532699585, 160.043533325, 160.589202881, 161.123260498, 161.680541992, 162.214599609, 162.748657227, 163.282714844, 163.839996338, 164.397277832, 164.966171265, 165.51184082, 166.057495117, 166.603164673, 167.160446167, 167.706115723, 168.263397217, 168.832290649, 169.401168823, 169.888793945, 170.364807129, 170.852416992, 171.328430176, 171.792831421, 172.245620728, 172.744842529, 173.255691528, 173.778137207, 174.288970947, 174.799819946, 175.310653687, 175.798278809, 176.285888672, 176.785125732, 177.261123657, 177.748748779, 178.236373901, 178.712371826, 179.18838501, 179.676010132, 180.163619995, 180.651245117, 181.115646362, 181.603256226, 182.114105225, 182.648162842, 183.170608521, 183.704666138, 184.238723755, 184.772781372, 185.306838989, 185.829299927, 186.351745605, 186.874191284, 187.385025024, 187.884262085, 188.383483887, 188.871109009, 189.358734131, 189.846343994, 190.333969116, 190.833190918, 191.332427979, 191.820037842, 192.342483521, 192.85333252, 193.399002075, 193.956283569, 194.478729248, 194.97795105, 195.47718811, 195.988021851, 196.510467529, 197.021316528, 197.543762207, 198.066207886, 198.588653564, 199.111114502, 199.645172119, 200.179229736, 200.690063477, 201.200897217, 201.711746216, 202.222579956, 202.745025635, 203.267486572, 203.778320312, 204.289154053, 204.811599731, 205.334060669, 205.833282471, 206.355728149, 206.913009644, 207.447067261, 207.981124878, 208.46875, 208.956375122, 209.443984985, 209.931610107, 210.419219971, 210.906845093, 211.394470215, 211.905303955, 212.404525757, 212.915374756, 213.414596558, 213.90222168, 214.401443481, 214.900680542, 215.411514282, 215.922348022, 216.45640564, 216.978866577, 217.512924194, 218.035369873, 218.522994995, 219.033828735, 219.556274414, 220.067123413, 220.566345215, 221.077178955, 221.588027954, 222.098861694, 222.598098755, 223.097320557, 223.596542358, 224.095779419, 224.606613159, 225.117462158, 225.61668396, 226.1275177, 226.649978638, 227.172424316, 227.694869995, 228.217315674, 228.751373291, 229.273834229, 229.796279907, 230.307113647, 230.817947388, 231.328796387, 231.839630127, 232.338867188, 232.849700928, 233.372146606, 233.894592285, 234.405441284, 234.916275024, 235.415512085, 235.914733887, 236.460403442, 237.006072998, 237.551742554, 238.074188232, 238.60824585, 239.153915405, 239.699584961, 240.22203064, 240.744491577, 241.255325317, 241.777770996, 242.323440552, 242.857498169, 243.368347168, 243.914016724, 244.436462402, 244.97052002, 245.504577637, 246.050247192, 246.607528687, 247.188018799, 247.76852417, 248.337417603, 248.894683838, 249.463577271, 250.032470703, 250.589752197, 251.147018433, 251.704299927, 252.273193359, 252.725982666, 253.190383911, 253.643173218, 254.072738647, 254.513916016, 254.955093384, 255.419494629, 255.872283936, 256.336669922, 256.801086426, 257.323547363, 257.85760498, 258.391662598, 258.902496338, 259.413330078, 259.924163818, 260.434997559, 260.922637939, 261.410247803, 261.886260986, 262.36227417, 262.861480713, 263.360717773, 263.871551514, 264.382385254, 264.962890625, 265.543395996, 266.10067749, 266.669555664, 267.238464355, 267.737670898, 268.236907959, 268.724517822, 269.23538208, 269.74621582, 270.257049561, 270.767883301, 271.278717041, 271.766357422, 272.265563965, 272.741577148, 273.229187012, 273.716827393, 274.204437256, 274.680450439, 275.1796875, 275.667297363, 276.154907227, 276.665740967, 277.176605225, 277.710662842, 278.267944336, 278.813598633, 279.463745117, 280.079101562, 280.70602417, 281.332977295, 281.959899902, 282.49395752, 283.028015137, 283.573699951, 284.096130371, 284.606964111, 285.117828369, 285.628662109, 286.13949585, 286.65032959, 287.16116333, 287.695220947, 288.206085205, 288.716918945, 289.227752686, 289.738586426, 290.249420166, 290.771881104, 291.294311523, 291.816772461, 292.339233398, 292.861663818, 293.384124756, 293.906585693, 294.405792236, 294.916625977, 295.415863037, 295.915100098, 296.437530518, 296.959991455, 297.470825195, 297.970062256, 298.480895996, 299.003356934, 299.514190674, 300.025024414, 300.535858154, 301.046691895, 301.545928955, 302.068389893, 302.567626953, 303.078460693, 303.589294434, 304.100128174, 304.622589111, 305.145019531, 305.655853271, 306.178314209, 306.700775146, 307.199981689, 307.710845947, 308.221679688, 308.72088623, 309.220123291, 309.707763672, 310.218597412, 310.706207275, 311.205444336, 311.727874756, 312.28515625, 312.842437744, 313.411346436, 313.968597412, 314.502655029, 315.025115967, 315.547576904, 316.070007324, 316.580841064, 317.091705322, 317.602539062, 318.124969482, 318.6590271, 319.169891357, 319.6690979, 320.156738281, 320.667572021, 321.201629639, 321.735687256, 322.269744873, 322.792205811, 323.31463623, 323.871917725, 324.405975342, 324.916809082, 325.450866699, 325.961730957, 326.484161377, 327.018218994, 327.540679932, 328.051513672, 328.597167969, 329.119628906, 329.653686523, 330.187744141, 330.721801758, 331.267486572, 331.824768066, 332.382049561, 332.950927734, 333.508209229, 334.042266846, 334.622772217, 335.20324707, 335.783752441, 336.352661133, 336.909912109, 337.525268555, 338.140594482, 338.75592041, 339.359619141, 339.963348389, 340.567077637, 341.182403564, 341.786102295, 342.285339355, 342.784576416, 343.283813477, 343.77142334, 344.259033203, 344.746673584, 345.164611816, 345.582580566, 346.000549316, 346.418487549, 346.836456299, 347.254425049], "beats_loudness": {"dmean2": 0.0319149717689, "median": 0.0308201126754, "min": 7.89887963037e-06, "dvar2": 0.00101463194005, "dvar": 0.000347109657014, "dmean": 0.0185773540288, "max": 0.179326981306, "var": 0.000528836331796, "mean": 0.035405818373}, "danceability": 1.04888010025, "bpm_histogram_second_peak_weight": {"dmean2": 0, "median": 0.134036138654, "min": 0.134036138654, "dvar2": 0, "dvar": 0, "dmean": 0, "max": 0.134036138654, "var": 0, "mean": 0.134036138654}, "beats_count": 665, "bpm_histogram_second_peak_bpm": {"dmean2": 0, "median": 112, "min": 112, "dvar2": 0, "dvar": 0, "dmean": 0, "max": 112, "var": 0, "mean": 112}, "bpm_histogram_first_peak_spread": {"dmean2": 0, "median": 0.550295829773, "min": 0.550295829773, "dvar2": 0, "dvar": 0, "dmean": 0, "max": 0.550295829773, "var": 0, "mean": 0.550295829773}, "beats_loudness_band_ratio": {"dmean2": [0.294678330421, 0.25282946229, 0.273358523846, 0.20014667511, 0.0727435722947, 0.104652486742], "median": [0.10169429332, 0.14930126071, 0.234116867185, 0.126887500286, 0.0697081461549, 0.112435981631], "min": [0.00289788097143, 0.0084604555741, 0.00320533127524, 0.000266209855909, 5.03624651174e-05, 0.000321147555951], "dvar2": [0.0970765575767, 0.0417185015976, 0.0424895174801, 0.0322757251561, 0.00410030735657, 0.00771597446874], "dvar": [0.0370489880443, 0.0161247216165, 0.0163480881602, 0.0122087458149, 0.00136783497874, 0.00271014194004], "dmean": [0.169484093785, 0.146026030183, 0.158860102296, 0.115449503064, 0.0423522181809, 0.0614270605147], "max": [0.992206096649, 0.746179640293, 0.785951912403, 0.808314800262, 0.315548300743, 0.41584071517], "var": [0.0601672753692, 0.0227243769914, 0.029100259766, 0.0170911960304, 0.00200655497611, 0.00470426911488], "mean": [0.219554558396, 0.195442825556, 0.269338905811, 0.161053314805, 0.0756620913744, 0.119127616286]}}, "lowlevel": {"barkbands_spread": {"dmean2": 8.37978839874, "median": 27.7982940674, "min": 0.321230471134, "dvar2": 66.4504318237, "dvar": 28.9508972168, "dmean": 5.36159324646, "max": 75.3920440674, "var": 106.484008789, "mean": 27.7355003357}, "melbands_spread": {"dmean2": 9.93274974823, "median": 26.3968200684, "min": 0.555386424065, "dvar2": 99.9407806396, "dvar": 42.0110740662, "dmean": 6.39391088486, "max": 96.1034164429, "var": 177.591094971, "mean": 28.075717926}, "hfc": {"dmean2": 12.0289325714, "median": 29.9354515076, "min": 3.82235957659e-05, "dvar2": 201.547805786, "dvar": 95.4967269897, "dmean": 8.70527648926, "max": 123.094680786, "var": 364.396453857, "mean": 31.7138843536}, "barkbands_kurtosis": {"dmean2": 3.07072687149, "median": 0.948287844658, "min": -1.62212300301, "dvar2": 466.311309814, "dvar": 163.923141479, "dmean": 1.88487267494, "max": 903.367126465, "var": 236.219970703, "mean": 2.85549378395}, "gfcc": {"mean": [39.4219779968, 43.2020149231, -114.329582214, 15.3021802902, -73.506980896, 5.41984796524, -38.9364814758, 8.63563919067, -27.8376541138, 3.81667423248, -18.9823894501, 2.80664086342, -12.6765975952], "icov": [[0.000315133627737, 0.000406399398344, 6.18526391918e-05, -0.000356913980795, 0.000283197587123, -0.000448881794, 0.000656664022245, -0.000347975204932, 0.000669878674671, -2.86369759124e-05, 0.000580973224714, -0.000326191249769, 0.000500427966472], [0.000406399398344, 0.00275313504972, 0.000141893950058, -0.00195745704696, -0.000567208684515, 0.000171407373273, 0.000240142311668, 0.00191263307352, -0.000943201419432, 0.00222303648479, -0.00150044739712, 0.0015587414382, -0.000763781368732], [6.18526391918e-05, 0.000141893950058, 0.00312368525192, 8.61972948769e-05, -0.00310848746449, 0.00063160515856, 0.000651217531413, 0.000178324466106, 0.000151831976837, -0.00086955819279, 0.00151152256876, -0.000555768550839, 0.00038604188012], [-0.000356913980795, -0.00195745704696, 8.61972948769e-05, 0.0105461524799, -0.00405711168423, -0.00284686218947, 0.00246987398714, 0.000349409150658, -0.00110989564564, -0.00137584493496, -0.000490770325996, 0.00222072238103, -0.000495489221066], [0.000283197587123, -0.000567208684515, -0.00310848746449, -0.00405711168423, 0.013684714213, -0.00284384563565, -0.00251490133815, -0.000344709289493, 0.00153677864, 0.000639030069578, 0.000679118034896, -0.00148085970432, 0.00264352210797], [-0.000448881794, 0.000171407373273, 0.00063160515856, -0.00284686218947, -0.00284384563565, 0.0153506500646, -0.00769379502162, 0.000405021797633, -0.00114688638132, 0.00210528331809, -0.00200310815126, -0.00265689520165, 0.00144562323112], [0.000656664022245, 0.000240142311668, 0.000651217531413, 0.00246987398714, -0.00251490133815, -0.00769379502162, 0.0164676532149, -0.00631498219445, 0.00137608114164, 8.02862705314e-05, 0.00105006445665, 0.00258389022201, -5.62209643249e-05], [-0.000347975204932, 0.00191263307352, 0.000178324466106, 0.000349409150658, -0.000344709289493, 0.000405021797633, -0.00631498219445, 0.0190470907837, -0.00881349015981, 0.00217769690789, -0.00170639599673, 0.00279881549068, -0.0019011052791], [0.000669878674671, -0.000943201419432, 0.000151831976837, -0.00110989564564, 0.00153677864, -0.00114688638132, 0.00137608114164, -0.00881349015981, 0.0199463330209, -0.00793244410306, 0.00110030220821, -0.000400248507503, 0.000832525489386], [-2.86369759124e-05, 0.00222303648479, -0.00086955819279, -0.00137584493496, 0.000639030069578, 0.00210528331809, 8.02862705314e-05, 0.00217769690789, -0.00793244410306, 0.0242003872991, -0.0117445625365, 0.00317695457488, 0.00104677409399], [0.000580973224714, -0.00150044739712, 0.00151152256876, -0.000490770325996, 0.000679118034896, -0.00200310815126, 0.00105006445665, -0.00170639599673, 0.00110030220821, -0.0117445625365, 0.0220719221979, -0.011586994864, 0.00420148251578], [-0.000326191249769, 0.0015587414382, -0.000555768550839, 0.00222072238103, -0.00148085970432, -0.00265689520165, 0.00258389022201, 0.00279881549068, -0.000400248507503, 0.00317695457488, -0.011586994864, 0.0215947870165, -0.0110585950315], [0.000500427966472, -0.000763781368732, 0.00038604188012, -0.000495489221066, 0.00264352210797, 0.00144562323112, -5.62209643249e-05, -0.0019011052791, 0.000832525489386, 0.00104677409399, 0.00420148251578, -0.0110585950315, 0.0169246476144]], "cov": [[6597.64501953, -1293.89050293, -121.466056824, -96.8557510376, -201.73008728, 40.5788993835, -191.052536011, 42.1464767456, -246.925338745, -68.9377975464, -216.534790039, 30.6290206909, -131.215759277], [-1293.89050293, 832.08013916, 60.6981048584, 170.51991272, 115.497581482, 11.506685257, 7.2393078804, -75.8984832764, 35.0115280151, -27.5447063446, 39.0256347656, -45.128200531, 12.6981296539], [-121.466056824, 60.6981048584, 471.429290771, 58.618396759, 137.775787354, 7.74762916565, 0.730847775936, -18.9000015259, -11.1056537628, -5.19216918945, -36.8549232483, -22.9433612823, -31.9829463959], [-96.8557510376, 170.51991272, 58.618396759, 170.914764404, 81.1202774048, 39.3250083923, 1.61610305309, -14.5160007477, 10.8545665741, 2.06154799461, 4.42792320251, -27.2523231506, -22.9961872101], [-201.73008728, 115.497581482, 137.775787354, 81.1202774048, 159.740081787, 51.3685340881, 40.0054321289, -2.4341878891, 0.122575603426, -9.15866661072, -7.21783208847, -21.7331619263, -30.9175605774], [40.5788993835, 11.506685257, 7.74762916565, 39.3250083923, 51.3685340881, 116.648147583, 60.9029350281, 20.2450656891, 7.04968500137, -5.08505153656, 8.14608860016, 0.460067123175, -16.9704685211], [-191.052536011, 7.2393078804, 0.730847775936, 1.61610305309, 40.0054321289, 60.9029350281, 122.642837524, 46.0496253967, 17.6463336945, -4.84077119827, -5.32104444504, -23.0288562775, -14.1590003967], [42.1464767456, -75.8984832764, -18.9000015259, -14.5160007477, -2.4341878891, 20.2450656891, 46.0496253967, 93.5925827026, 37.4647979736, 9.00765228271, -0.6550309062, -11.9338006973, -5.38323736191], [-246.925338745, 35.0115280151, -11.1056537628, 10.8545665741, 0.122575603426, 7.04968500137, 17.6463336945, 37.4647979736, 88.8389816284, 34.2880783081, 23.8528575897, -6.00906562805, -3.24055862427], [-68.9377975464, -27.5447063446, -5.19216918945, 2.06154799461, -9.15866661072, -5.08505153656, -4.84077119827, 9.00765228271, 34.2880783081, 76.4882583618, 46.2123756409, 8.6275177002, -8.41749858856], [-216.534790039, 39.0256347656, -36.8549232483, 4.42792320251, -7.21783208847, 8.14608860016, -5.32104444504, -0.6550309062, 23.8528575897, 46.2123756409, 104.623817444, 49.6020889282, 11.8803520203], [30.6290206909, -45.128200531, -22.9433612823, -27.2523231506, -21.7331619263, 0.460067123175, -23.0288562775, -11.9338006973, -6.00906562805, 8.6275177002, 49.6020889282, 110.099632263, 58.1093101501], [-131.215759277, 12.6981296539, -31.9829463959, -22.9961872101, -30.9175605774, -16.9704685211, -14.1590003967, -5.38323736191, -3.24055862427, -8.41749858856, 11.8803520203, 58.1093101501, 104.920959473]]}, "spectral_energyband_middle_low": {"dmean2": 0.00763007998466, "median": 0.0119174681604, "min": 3.01506482003e-08, "dvar2": 9.33118571993e-05, "dvar": 3.86917417927e-05, "dmean": 0.00490006245673, "max": 0.152705878019, "var": 0.000144954276038, "mean": 0.0147051028907}, "melbands_crest": {"dmean2": 4.86351966858, "median": 13.2719955444, "min": 3.20792770386, "dvar2": 19.5936870575, "dvar": 7.83217668533, "dmean": 3.04201769829, "max": 36.5478973389, "var": 27.0054206848, "mean": 14.0683403015}, "spectral_kurtosis": {"dmean2": 1.24124240875, "median": 3.04920530319, "min": 1.10108137131, "dvar2": 2.33391785622, "dvar": 0.805546760559, "dmean": 0.72818595171, "max": 26.5012512207, "var": 2.35613036156, "mean": 3.36347317696}, "spectral_rms": {"dmean2": 0.000903861073311, "median": 0.00473724957556, "min": 1.16020783025e-05, "dvar2": 7.85950078352e-07, "dvar": 3.90486604829e-07, "dmean": 0.000633241026662, "max": 0.0145180616528, "var": 3.05669163936e-06, "mean": 0.00478023290634}, "zerocrossingrate": {"dmean2": 0.0145769324154, "median": 0.09521484375, "min": 0, "dvar2": 0.000166834273841, "dvar": 0.000118664174806, "dmean": 0.0122502772138, "max": 0.2236328125, "var": 0.001117273001, "mean": 0.0937063023448}, "silence_rate_60dB": {"dmean2": 0.014150314033, "median": 0, "min": 0, "dvar2": 0.0159507635981, "dvar": 0.00702610751614, "dmean": 0.00707468483597, "max": 1, "var": 0.0364103503525, "mean": 0.0378403626382}, "erbbands_kurtosis": {"dmean2": 0.766566812992, "median": -0.618698239326, "min": -1.67851912975, "dvar2": 1.4788517952, "dvar": 0.626582205296, "dmean": 0.493962824345, "max": 28.8569869995, "var": 3.05726075172, "mean": -0.192425981164}, "erbbands": {"dmean2": [0.0154923424125, 0.228055089712, 1.016964674, 3.75980186462, 6.70500087738, 6.98204565048, 10.6778707504, 25.6775169373, 24.848400116, 29.7444763184, 32.1731185913, 38.7486343384, 32.886756897, 25.5854740143, 23.8067436218, 17.0931167603, 13.9627475739, 11.8778133392, 7.02948522568, 9.027094841, 12.5656557083, 17.115278244, 16.0593090057, 9.49600601196, 9.35398769379, 14.9127101898, 15.1717128754, 7.18199825287, 17.0573711395, 6.05948972702, 4.20954084396, 3.44429016113, 3.55041193962, 2.93237495422, 1.51716196537, 0.572360515594, 0.242656722665, 0.0433787889779, 0.00443345773965, 0.000268334144494], "median": [0.00630211504176, 0.04267270118, 0.187165081501, 0.807313323021, 2.00169754028, 3.54818916321, 5.21744203568, 10.5178279877, 11.8178443909, 16.3375320435, 20.945148468, 15.8937168121, 19.9770736694, 15.3519268036, 19.2838821411, 15.9179477692, 14.3641738892, 14.7054624557, 11.1887178421, 11.7990322113, 16.1711921692, 16.5388870239, 15.8710021973, 12.3861761093, 13.63007164, 18.2292175293, 14.740486145, 8.73575401306, 13.0085639954, 7.45588874817, 5.26087427139, 4.50859260559, 3.55880975723, 1.99063205719, 1.17340755463, 0.557638287544, 0.158463388681, 0.0266489684582, 0.00249104970135, 0.000147511163959], "min": [1.94724225366e-06, 1.07486257548e-05, 2.56262173934e-05, 3.31272640324e-05, 4.12406225223e-05, 4.04805468861e-05, 1.93683754333e-05, 1.40546662806e-05, 2.40872614086e-05, 2.74666017503e-05, 2.06317108677e-05, 5.15782521688e-05, 3.57988101314e-05, 4.68086818728e-06, 4.71849807582e-06, 3.6316216665e-06, 5.95443452767e-06, 6.14133386989e-06, 8.45252270665e-06, 7.92265200289e-06, 5.00246960655e-06, 3.68214955415e-06, 4.16255670643e-06, 3.7914976474e-06, 5.12693441124e-06, 5.17518219567e-06, 3.32030981554e-06, 1.51721053498e-06, 3.05693606606e-06, 4.34846288044e-06, 1.96443829736e-06, 1.75168020178e-06, 1.75201546426e-06, 2.15260706682e-06, 1.29183013087e-06, 9.00491215816e-07, 2.69698489319e-07, 7.30324387632e-08, 1.67150471242e-08, 9.11670561266e-09], "dvar2": [0.000762612384278, 0.705066502094, 11.4042778015, 111.737663269, 287.906951904, 180.624450684, 511.260742188, 2916.74780273, 3316.3503418, 3079.25024414, 3329.19628906, 9426.39257812, 4417.99462891, 2881.12353516, 4094.21313477, 1653.82836914, 508.997772217, 285.918029785, 79.3819046021, 195.701797485, 328.09274292, 953.293640137, 548.855102539, 247.427200317, 132.647201538, 439.47869873, 510.185302734, 90.4330596924, 808.18536377, 62.3860359192, 29.3358745575, 22.2525043488, 23.8617572784, 24.8032989502, 5.1044254303, 0.544358968735, 0.165709838271, 0.00389647204429, 3.73884831788e-05, 1.2518347603e-07], "dvar": [0.000358150573447, 0.49349963665, 7.07546710968, 42.8887138367, 130.06161499, 69.9220581055, 192.809005737, 1034.60205078, 1578.71374512, 1269.53479004, 1510.15454102, 4046.37011719, 2285.9453125, 1777.7598877, 2509.44189453, 939.406066895, 238.650497437, 117.330230713, 38.9160041809, 85.2121353149, 178.769302368, 463.897918701, 291.47253418, 109.190429688, 56.1218948364, 190.860168457, 240.149124146, 38.5844192505, 310.361755371, 33.8046226501, 12.9466753006, 9.88619804382, 11.2797641754, 10.6663160324, 2.19621825218, 0.23141528666, 0.0634566247463, 0.0015280994121, 1.53676191985e-05, 5.01329466829e-08], "dmean": [0.0097394445911, 0.169890508056, 0.748234272003, 2.40635848045, 4.27508640289, 4.25826072693, 6.53782844543, 15.3037023544, 16.3209247589, 18.7491054535, 21.0905857086, 25.7211093903, 22.3813991547, 18.8832912445, 17.2566661835, 11.7434110641, 9.68552589417, 7.71860647202, 4.87714576721, 6.02889347076, 8.85587120056, 11.7077531815, 11.9030275345, 6.45478487015, 6.17489957809, 9.99943351746, 10.3888969421, 4.62939834595, 10.7254295349, 4.30245876312, 2.81526279449, 2.39638781548, 2.46774530411, 1.93159520626, 0.986917674541, 0.384642183781, 0.156420245767, 0.0284304618835, 0.00300895422697, 0.000174808199517], "max": [0.464378297329, 22.6099872589, 71.1798858643, 198.537948608, 404.54888916, 243.744186401, 307.097167969, 679.31072998, 753.22857666, 633.488586426, 872.104431152, 1847.52661133, 1482.48852539, 935.186950684, 2660.78442383, 1950.3223877, 337.73614502, 235.939544678, 149.165496826, 367.092346191, 561.407897949, 377.926879883, 385.322143555, 209.627761841, 166.094741821, 196.557006836, 265.591400146, 93.1412506104, 254.434921265, 91.994354248, 70.3339996338, 37.8553771973, 46.555141449, 39.1755180359, 24.3513851166, 5.42707681656, 3.85208487511, 0.541277229786, 0.0407205335796, 0.00183268263936], "var": [0.00102199614048, 2.02362346649, 28.4265270233, 153.405197144, 459.296844482, 194.789123535, 819.544250488, 2538.52587891, 3735.64501953, 2901.37255859, 3975.51611328, 9936.19335938, 10276.140625, 7221.06347656, 8056.98046875, 2905.70507812, 702.002929688, 380.073150635, 185.402908325, 265.003051758, 548.028015137, 907.818115234, 1113.7532959, 352.403503418, 169.920425415, 512.507263184, 698.661865234, 89.5014801025, 521.978027344, 96.07862854, 31.1662349701, 25.2731628418, 28.9957180023, 16.2483692169, 3.44813919067, 0.484242260456, 0.0842000767589, 0.00214383658022, 2.38913999056e-05, 7.07899161512e-08], "mean": [0.0155148208141, 0.368589550257, 1.84549617767, 5.40322065353, 8.78329563141, 8.49271011353, 15.7304773331, 29.396982193, 31.1725940704, 36.4193191528, 43.1196708679, 50.6261940002, 53.3865776062, 45.6928367615, 44.043510437, 32.2094688416, 22.915397644, 20.0807132721, 15.2607021332, 15.8209142685, 21.7660140991, 25.0744800568, 27.8767642975, 18.0801067352, 16.3163146973, 24.7305927277, 23.3996677399, 11.0610609055, 20.2481098175, 10.0732364655, 6.57844400406, 5.7122297287, 5.37890386581, 3.204403162, 1.69171726704, 0.740513861179, 0.244516536593, 0.0414112024009, 0.00418732548133, 0.000243967893766]}, "spectral_strongpeak": {"dmean2": 0.902756392956, "median": 1.12268126011, "min": 0, "dvar2": 1.25155842304, "dvar": 0.525167763233, "dmean": 0.552859008312, "max": 11.9762783051, "var": 1.28277087212, "mean": 1.43695878983}, "spectral_energy": {"dmean2": 0.00998290907592, "median": 0.0230025686324, "min": 1.37973415804e-07, "dvar2": 0.000138510644319, "dvar": 6.77803982398e-05, "dmean": 0.00688970927149, "max": 0.216043457389, "var": 0.000345837936038, "mean": 0.026555147022}, "average_loudness": 0.843595504761, "spectral_rolloff": {"dmean2": 1162.4375, "median": 1959.52148438, "min": 21.533203125, "dvar2": 1698542.5, "dvar": 733372.5625, "dmean": 694.97479248, "max": 9754.54101562, "var": 2077991, "mean": 2249.75244141}, "spectral_centroid": {"dmean2": 360.014312744, "median": 1597.94702148, "min": 218.873352051, "dvar2": 108892.117188, "dvar": 46599.2578125, "dmean": 231.649765015, "max": 3331.54882812, "var": 287335.59375, "mean": 1613.98205566}, "pitch_salience": {"dmean2": 0.0911118164659, "median": 0.510918438435, "min": 0.0715928077698, "dvar2": 0.00646671652794, "dvar": 0.00258534797467, "dmean": 0.0564629733562, "max": 0.838130652905, "var": 0.00892260856926, "mean": 0.507550477982}, "spectral_energyband_middle_high": {"dmean2": 0.00234292331152, "median": 0.00527190417051, "min": 1.25434251874e-09, "dvar2": 1.2632308426e-05, "dvar": 7.40730683901e-06, "dmean": 0.00172173161991, "max": 0.093401581049, "var": 3.54390103894e-05, "mean": 0.00661603035405}, "spectral_contrast_coeffs": {"dmean2": [0.0855687111616, 0.0816491171718, 0.0584623664618, 0.0444210469723, 0.0443306341767, 0.0381795205176], "median": [-0.597918987274, -0.686085581779, -0.697103977203, -0.716229081154, -0.686780571938, -0.694608688354], "min": [-0.964929521084, -0.960643649101, -0.941427826881, -0.942654192448, -0.947383403778, -0.900853693485], "dvar2": [0.00450804084539, 0.00429068179801, 0.00228740088642, 0.00129613548052, 0.00164099759422, 0.00121398654301], "dvar": [0.00169458647724, 0.00158839998767, 0.000940683356021, 0.000505047733895, 0.000685557257384, 0.000498019740917], "dmean": [0.0518472716212, 0.0493506193161, 0.0369694568217, 0.0273821149021, 0.0278958454728, 0.0235612411052], "max": [-0.273142039776, -0.424686342478, -0.425018966198, -0.553839445114, -0.524764180183, -0.566781640053], "var": [0.0101725542918, 0.00547010451555, 0.00528285233304, 0.00260431412607, 0.00338041759096, 0.00195232138503], "mean": [-0.597070932388, -0.68464422226, -0.693868875504, -0.719019949436, -0.689971089363, -0.698112487793]}, "melbands_skewness": {"dmean2": 0.678446054459, "median": 2.25689649582, "min": -0.464394927025, "dvar2": 0.493115842342, "dvar": 0.204324811697, "dmean": 0.441929250956, "max": 17.4125041962, "var": 1.1941562891, "mean": 2.42482686043}, "spectral_spread": {"dmean2": 754433.375, "median": 5774928.5, "min": 1956284.125, "dvar2": 624928227328, "dvar": 276052508672, "dmean": 487551.46875, "max": 12422791, "var": 876211798016, "mean": 5678284.5}, "dissonance": {"dmean2": 0.029477763921, "median": 0.467407852411, "min": 0.277030944824, "dvar2": 0.000684227736201, "dvar": 0.000244714436121, "dmean": 0.0173201691359, "max": 0.500000059605, "var": 0.00057232339168, "mean": 0.463185995817}, "spectral_skewness": {"dmean2": 0.195308536291, "median": 1.45035684109, "min": 0.92750442028, "dvar2": 0.0341591238976, "dvar": 0.0125857023522, "dmean": 0.117051668465, "max": 3.67374825478, "var": 0.0554627925158, "mean": 1.48420906067}, "spectral_flux": {"dmean2": 0.0307792499661, "median": 0.0624223612249, "min": 0.00109335174784, "dvar2": 0.000934079405852, "dvar": 0.000374978408217, "dmean": 0.018990861252, "max": 0.259310871363, "var": 0.000971993023995, "mean": 0.0649024918675}, "spectral_contrast_valleys": {"dmean2": [0.685429930687, 0.555548250675, 0.460008203983, 0.400433182716, 0.45544937253, 0.629680037498], "median": [-7.94469118118, -6.5352396965, -7.25117301941, -7.96248722076, -7.8825917244, -10.0907897949], "min": [-11.1740312576, -11.8802957535, -13.8044052124, -13.9981307983, -13.8232431412, -16.1140136719], "dvar2": [0.276533901691, 0.196406081319, 0.138082519174, 0.115031763911, 0.209547430277, 0.464405715466], "dvar": [0.100272037089, 0.0786597728729, 0.0588055364788, 0.051385730505, 0.091299444437, 0.191158160567], "dmean": [0.408735662699, 0.335744976997, 0.284866690636, 0.252316564322, 0.295328319073, 0.421403676271], "max": [-5.61623430252, -4.88620853424, -5.83934783936, -6.53649425507, -6.43269824982, -8.44433689117], "var": [0.524288773537, 0.607581436634, 0.657683074474, 0.643616616726, 0.738867759705, 1.04307079315], "mean": [-7.96681404114, -6.64742517471, -7.39811515808, -8.0998916626, -8.04040527344, -10.3048124313]}, "erbbands_flatness_db": {"dmean2": 0.0202096682042, "median": 0.125539600849, "min": 0.0476052984595, "dvar2": 0.000386855215766, "dvar": 0.000184089280