{"tonal": {"thpcp": [1, 0.802998423576, 0.305758774281, 0.181872263551, 0.160852923989, 0.225410595536, 0.389358013868, 0.41204687953, 0.492246538401, 0.835626065731, 0.754783213139, 0.441419959068, 0.392653822899, 0.295080661774, 0.211797460914, 0.245297595859, 0.252898871899, 0.229334488511, 0.230277076364, 0.257634311914, 0.446612775326, 0.882712125778, 0.925069272518, 0.730011761189, 0.779330432415, 0.616790354252, 0.371609866619, 0.314312130213, 0.288635849953, 0.329781532288, 0.461080342531, 0.392756968737, 0.294698238373, 0.424277424812, 0.447802186012, 0.588104486465], "hpcp": {"dmean2": [0.159577548504, 0.125331953168, 0.112246759236, 0.116071008146, 0.115292392671, 0.117089472711, 0.129529550672, 0.16227401793, 0.240426748991, 0.323780298233, 0.358041226864, 0.345025897026, 0.294765591621, 0.264501988888, 0.227850213647, 0.190783008933, 0.18341037631, 0.187070533633, 0.182634040713, 0.167896419764, 0.154772102833, 0.165054440498, 0.188190862536, 0.242998808622, 0.271458745003, 0.257697254419, 0.160010740161, 0.120550312102, 0.103963561356, 0.122885018587, 0.156933322549, 0.177934482694, 0.217563211918, 0.244331330061, 0.24297747016, 0.190498098731], "median": [0.0584054589272, 0.0450274087489, 0.0289837326854, 0.0286883711815, 0.0288178101182, 0.0290473569185, 0.0281887166202, 0.0263243447989, 0.054966121912, 0.132006660104, 0.160912483931, 0.093824647367, 0.0505812726915, 0.0415504947305, 0.0358082614839, 0.0320769026875, 0.0306782070547, 0.0357031933963, 0.0457983836532, 0.0418620184064, 0.031257212162, 0.0232952777296, 0.029916472733, 0.0739133581519, 0.122449666262, 0.114511340857, 0.0470285005867, 0.0195415690541, 0.0167033430189, 0.0262705646455, 0.0489622354507, 0.0601950846612, 0.0779868066311, 0.11359295994, 0.118188910186, 0.0707139372826], "min": [0, 0, 0, 0, 0, 0, 0, 0, 0, 0, 0, 0, 0, 0, 0, 0, 0, 0, 0, 0, 0, 0, 0, 0, 0, 0, 0, 0, 0, 0, 0, 0, 0, 0, 0, 0], "dvar2": [0.0591805018485, 0.0426638685167, 0.0483485050499, 0.0505205392838, 0.0498753450811, 0.0525035746396, 0.0650443136692, 0.0941459015012, 0.134907841682, 0.163206353784, 0.175044700503, 0.19001096487, 0.174904480577, 0.152234017849, 0.142980232835, 0.12734799087, 0.116434536874, 0.116127952933, 0.0996981337667, 0.0844188183546, 0.0805818364024, 0.0961002707481, 0.0979695990682, 0.110663473606, 0.12898978591, 0.100009024143, 0.0657153874636, 0.0586451254785, 0.0491193532944, 0.0549064837396, 0.0667354539037, 0.0718780308962, 0.0886426046491, 0.0939520820975, 0.0901895537972, 0.0723732933402], "dvar": [0.0216707196087, 0.0156640559435, 0.0171974934638, 0.018444955349, 0.0180992279202, 0.0187033843249, 0.0233251452446, 0.0331460274756, 0.0475664995611, 0.0609196163714, 0.0636265948415, 0.0667382404208, 0.067030467093, 0.056219484657, 0.0501159392297, 0.0439243763685, 0.0396619960666, 0.0400934480131, 0.0378116369247, 0.0307537969202, 0.028984375298, 0.0360067076981, 0.037132166326, 0.0393138863146, 0.0531721003354, 0.0392827801406, 0.0230999030173, 0.0199246294796, 0.0169943608344, 0.0195742677897, 0.0251574404538, 0.0260683652014, 0.03138480708, 0.0386199615896, 0.0339460149407, 0.0259412210435], "dmean": [0.0926243513823, 0.0723981782794, 0.063277579844, 0.0665905401111, 0.0660303533077, 0.0669776201248, 0.0722815990448, 0.0890740081668, 0.134375736117, 0.185346990824, 0.205404177308, 0.192584723234, 0.163442075253, 0.149273380637, 0.1245271191, 0.103933334351, 0.0987109392881, 0.102742277086, 0.103955686092, 0.0968694388866, 0.0876279175282, 0.0937449038029, 0.106221333146, 0.139631763101, 0.156731501222, 0.151486635208, 0.0896804332733, 0.0655598044395, 0.0566414855421, 0.0685527771711, 0.0907265990973, 0.102362498641, 0.123583845794, 0.145376443863, 0.143259182572, 0.108610481024], "max": [1, 1, 1, 1, 1, 1, 1, 1, 1, 1, 1, 1, 1, 1, 1, 1, 1, 1, 1, 1, 1, 1, 1, 1, 1, 1, 1, 1, 1, 1, 1, 1, 1, 1, 1, 1], "var": [0.0330801568925, 0.0186204612255, 0.0140804387629, 0.0207914616913, 0.022565247491, 0.0170794408768, 0.018762530759, 0.0253817085177, 0.0424998290837, 0.0937431380153, 0.0869645699859, 0.0804229080677, 0.120915852487, 0.082933858037, 0.0420983359218, 0.0358772687614, 0.0288517381996, 0.0333334691823, 0.058532372117, 0.0398422814906, 0.0276986453682, 0.0680038481951, 0.0652814805508, 0.0520019978285, 0.128389582038, 0.0791547745466, 0.0196965504438, 0.0140484366566, 0.0120545635, 0.0170395746827, 0.0384307727218, 0.0328783392906, 0.0356445349753, 0.0972278490663, 0.070959508419, 0.0316620394588], "mean": [0.121232949197, 0.0911069661379, 0.0653930455446, 0.0757363066077, 0.078083217144, 0.0708076506853, 0.071098677814, 0.0795452967286, 0.137892916799, 0.272539794445, 0.285617679358, 0.225393131375, 0.240620404482, 0.190435707569, 0.11473556608, 0.0970447361469, 0.0891171097755, 0.10182095319, 0.142359822989, 0.121264792979, 0.0909888893366, 0.130996823311, 0.138260155916, 0.181578874588, 0.30875274539, 0.247927963734, 0.0944038629532, 0.0561535619199, 0.0496637821198, 0.0695961415768, 0.12021535635, 0.127220600843, 0.151982471347, 0.258001834154, 0.233041390777, 0.13628962636]}, "tuning_equal_tempered_deviation": 0.164363458753, "chords_changes_rate": 0.0316382311285, "key_key": "F", "tuning_diatonic_strength": 0.652555048466, "key_scale": "minor", "chords_number_rate": 0.00132516154554, "tuning_frequency": 437.465789795, "tuning_nontempered_energy_ratio": 0.876259088516, "chords_histogram": [37.999004364, 8.44790458679, 1.25890338421, 0, 0, 1.3748550415, 0.463806539774, 18.7841644287, 0.7454033494, 12.0589694977, 0, 0, 0, 0, 0.380983918905, 0, 0.513500094414, 0, 0, 0, 0, 0, 1.42454862595, 16.5479545593], "key_strength": 0.811125934124, "chords_key": "F", "chords_strength": {"dmean2": 0.00867104809731, "median": 0.614041566849, "min": 0.287511229515, "dvar2": 7.05865240889e-05, "dvar": 4.77244284411e-05, "dmean": 0.00789784174412, "max": 0.797752261162, "var": 0.00704758567736, "mean": 0.607296049595}, "chords_scale": "minor", "hpcp_entropy": {"dmean2": 1.03607130051, "median": 2.43296122551, "min": 0.0411959700286, "dvar2": 0.789142489433, "dvar": 0.280370682478, "dmean": 0.616540074348, "max": 4.68130016327, "var": 0.596952080727, "mean": 2.4578769207}}, "metadata": {"audio_properties": {"equal_loudness": 0, "codec": "flac", "downmix": "mix", "sample_rate": 44100, "analysis_sample_rate": 44100, "bit_rate": 0, "md5_encoded": "56a4ad50226a1216eeed355170fde3fd", "length": 280.279998779, "replay_gain": -13.3667850494, "lossless": true}, "version": {"essentia_build_sha": "2d9f1f26377add8aeb1075a9c2973f962c4f09fd", "essentia": "2.1-beta2", "extractor": "music 1.0", "essentia_git_sha": "v2.1_beta2-1-ge3940c0"}, "tags": {"title": ["Anthrazit"], "media": ["CD"], "albumartist": ["FJ\u00d8RT"], "tracktotal": ["11"], "musicbrainz_releasegroupid": ["c342f53e-13cc-4d69-8542-a0666a98a54c"], "releasetype": ["album"], "musicbrainz_recordingid": ["098b3e40-6bf6-4831-b14c-c18ca5a56c72"], "originalyear": ["2016"], "musicbrainz_releasetrackid": ["72619274-7762-4297-aa1d-fd5ff96325ce"], "discnumber": ["1"], "album": ["Kontakt"], "releasecountry": ["DE"], "musicbrainz_albumartistid": ["bcb478f4-dbf9-4bc8-823e-bec7986d652b"], "date": ["2016-01-22"], "file_name": "02 - FJ\u00d8RT - Anthrazit.flac", "disctotal": ["1"], "musicbrainz_artistid": ["bcb478f4-dbf9-4bc8-823e-bec7986d652b"], "originaldate": ["2016-01-22"], "musicbrainz_albumid": ["65126667-e2ed-463f-88b4-f5080ed4edf0"], "artist": ["FJ\u00d8RT"], "artistsort": ["FJ\u00d8RT"], "tracknumber": ["2"], "label": ["Grand Hotel van Cleef"], "albumartistsort": ["FJ\u00d8RT"], "acoustid_id": ["af4655dc-9c74-408c-bcd0-8dcf209d0d0b"], "script": ["Latn"], "releasestatus": ["official"]}}, "rhythm": {"bpm_histogram_first_peak_bpm": {"dmean2": 0, "median": 136, "min": 136, "dvar2": 0, "dvar": 0, "dmean": 0, "max": 136, "var": 0, "mean": 136}, "bpm": 137.20501709, "bpm_histogram_second_peak_spread": {"dmean2": 0, "median": 0.103448301554, "min": 0.103448301554, "dvar2": 0, "dvar": 0, "dmean": 0, "max": 0.103448301554, "var": 0, "mean": 0.103448301554}, "bpm_histogram_first_peak_weight": {"dmean2": 0, "median": 0.433641970158, "min": 0.433641970158, "dvar2": 0, "dvar": 0, "dmean": 0, "max": 0.433641970158, "var": 0, "mean": 0.433641970158}, "onset_rate": 3.0752799511, "beats_position": [0.429569154978, 0.882358253002, 1.33514738083, 1.78793644905, 2.24072551727, 2.69351458549, 3.14630389214, 3.59909296036, 4.04027223587, 4.48145103455, 4.92263031006, 5.36380958557, 5.80498838425, 6.25777769089, 6.71056699753, 7.16335582733, 7.61614513397, 8.06893444061, 8.52172279358, 8.97451210022, 9.42730140686, 9.86848068237, 10.3096599579, 10.7508392334, 11.1920175552, 11.6331968307, 12.0743761063, 12.5155553818, 12.9451246262, 13.3746938705, 13.8042631149, 14.2338323593, 14.6750106812, 15.1161899567, 15.5573692322, 15.9869384766, 16.4165077209, 16.8576869965, 17.298866272, 17.7284355164, 18.1580047607, 18.5991840363, 19.0403633118, 19.4699325562, 19.9111099243, 20.3522891998, 20.7934684753, 21.1649875641, 21.5248966217, 21.8964176178, 22.2679367065, 22.6278457642, 22.9877548218, 23.3476638794, 23.707572937, 24.0674819946, 24.4273910522, 24.7756919861, 25.1239910126, 25.4606800079, 25.8089790344, 26.1456680298, 26.4823570251, 26.9119262695, 27.3414955139, 27.7826747894, 28.2238540649, 28.5721530914, 28.9204521179, 29.2687530518, 29.6170520782, 29.9653511047, 30.3136501312, 30.6735591888, 31.0218582153, 31.3701572418, 31.7068481445, 32.0435371399, 32.391834259, 32.7285270691, 33.0768241882, 33.4135131836, 33.7618141174, 34.2029914856, 34.6441726685, 35.0853500366, 35.5265312195, 35.9677085876, 36.4088897705, 36.8500671387, 37.2215881348, 37.5931053162, 37.9646263123, 38.3361434937, 38.6844444275, 39.0443534851, 39.4042625427, 39.7525634766, 40.1124725342, 40.5420417786, 40.9716110229, 41.4011802673, 41.8423576355, 42.2835350037, 42.7247161865, 43.1658935547, 43.6070747375, 44.0482521057, 44.4894332886, 44.9422225952, 45.3950119019, 45.8478012085, 46.3005905151, 46.7533760071, 47.2061653137, 47.6705665588, 48.1233558655, 48.5761451721, 49.0173225403, 49.4352836609, 49.8648529053, 50.2828102112, 50.7123794556, 51.1303405762, 51.5947380066, 52.0359191895, 52.4770965576, 52.9182739258, 53.3478431702, 53.7774124146, 54.2069816589, 54.6597709656, 55.1009521484, 55.5421295166, 55.9949188232, 56.4593200684, 56.912109375, 57.3648986816, 57.8292961121, 58.2936935425, 58.7580947876, 59.2108840942, 59.6520614624, 60.0932426453, 60.5344200134, 60.9756011963, 61.4167785645, 61.8463478088, 62.2759170532, 62.6938781738, 63.135055542, 63.5646247864, 64.0058059692, 64.4353713989, 64.8765487671, 65.3061218262, 65.7356872559, 66.1768722534, 66.6180496216, 67.0476150513, 67.4771881104, 67.9183654785, 68.3595428467, 68.7891159058, 69.2186813354, 69.659866333, 70.0894317627, 70.5189971924, 70.9601821899, 71.4013595581, 71.8425369263, 72.2837142944, 72.7132873535, 73.1428527832, 73.5840377808, 74.0136032104, 74.4431762695, 74.8843536377, 75.3139190674, 75.7434921265, 76.1846694946, 76.6258468628, 77.0670318604, 77.4849853516, 77.9261627197, 78.3673477173, 78.796913147, 79.2264862061, 79.6676635742, 80.0972290039, 80.5384140015, 80.9679794312, 81.3975524902, 81.8271179199, 82.2682952881, 82.7094802856, 83.1390457153, 83.5686187744, 84.0097961426, 84.4393615723, 84.8689346313, 85.3101119995, 85.7512893677, 86.1924667358, 86.6220397949, 87.0516052246, 87.4927902222, 87.9339675903, 88.36353302, 88.7931060791, 89.2342834473, 89.6638565063, 90.093421936, 90.5229949951, 90.9641723633, 91.4053497314, 91.8349151611, 92.2761001587, 92.7172775269, 93.1468429565, 93.5880279541, 94.0175933838, 94.4471664429, 94.8767318726, 95.2946929932, 95.7358703613, 96.1770477295, 96.6182327271, 97.0594100952, 97.5005874634, 97.9301605225, 98.3597259521, 98.8009033203, 99.2420806885, 99.6716537476, 100.101219177, 100.530792236, 100.960357666, 101.401542664, 101.842720032, 102.272285461, 102.701858521, 103.143035889, 103.584213257, 104.013786316, 104.443351746, 104.884536743, 105.314102173, 105.743675232, 106.1848526, 106.61441803, 107.043991089, 107.485168457, 107.926345825, 108.355918884, 108.785484314, 109.226661682, 109.66784668, 110.097412109, 110.526985168, 110.968162537, 111.409339905, 111.850517273, 112.280090332, 112.709655762, 113.15083313, 113.592018127, 114.021583557, 114.462760925, 114.892333984, 115.321899414, 115.751472473, 116.169433594, 116.610610962, 117.040176392, 117.469749451, 117.910926819, 118.340499878, 118.770065308, 119.211242676, 119.652427673, 120.093605042, 120.523170471, 120.95274353, 121.393920898, 121.835098267, 122.264671326, 122.694236755, 123.135414124, 123.564987183, 123.994552612, 124.424125671, 124.853691101, 125.306480408, 125.736053467, 126.177230835, 126.618408203, 127.059593201, 127.500770569, 127.91872406, 128.359909058, 128.801086426, 129.242263794, 129.660217285, 130.089797974, 130.519363403, 130.960540771, 131.378494263, 131.81968689, 132.260864258, 132.702041626, 133.131607056, 133.561172485, 134.002349854, 134.44354248, 134.87310791, 135.30267334, 135.743850708, 136.185028076, 136.626205444, 137.067382813, 137.485351563, 137.926528931, 138.35609436, 138.78565979, 139.226852417, 139.656417847, 140.085983276, 140.527160645, 140.968338013, 141.409515381, 141.850692749, 142.268661499, 142.709838867, 143.139404297, 143.568969727, 143.998550415, 144.428115845, 144.869293213, 145.310470581, 145.751647949, 146.181228638, 146.610794067, 147.051971436, 147.481536865, 147.911102295, 148.352294922, 148.79347229, 149.22303772, 149.652603149, 150.093780518, 150.534957886, 150.964538574, 151.394104004, 151.835281372, 152.27645874, 152.717636108, 153.158813477, 153.588394165, 154.017959595, 154.447525024, 154.877090454, 155.318267822, 155.747848511, 156.189025879, 156.618591309, 157.059768677, 157.489334106, 157.918914795, 158.360092163, 158.801269531, 159.230834961, 159.672012329, 160.101577759, 160.531158447, 160.960723877, 161.401901245, 161.843078613, 162.272644043, 162.702224731, 163.1434021, 163.584579468, 164.025756836, 164.455322266, 164.884887695, 165.326080322, 165.755645752, 166.185211182, 166.62638855, 167.067565918, 167.497146606, 167.926712036, 168.367889404, 168.809066772, 169.250244141, 169.668212891, 170.086166382, 170.504119873, 170.945297241, 171.386474609, 171.827667236, 172.268844604, 172.710021973, 173.139587402, 173.569152832, 174.0103302, 174.451522827, 174.881088257, 175.310653687, 175.751831055, 176.193008423, 176.622589111, 177.052154541, 177.493331909, 177.934509277, 178.364074707, 178.793640137, 179.234832764, 179.676010132, 180.105575562, 180.535140991, 180.976318359, 181.417495728, 181.847076416, 182.276641846, 182.706207275, 183.135772705, 183.576965332, 184.0181427, 184.459320068, 184.900497437, 185.341674805, 185.771240234, 186.212417603, 186.641998291, 187.071563721, 187.50112915, 187.919082642, 188.360275269, 188.801452637, 189.231018066, 189.672195435, 190.101760864, 190.531341553, 190.960906982, 191.402084351, 191.83164978, 192.26121521, 192.702392578, 193.143585205, 193.573150635, 193.991104126, 194.420669556, 194.861862183, 195.303039551, 195.73260498, 196.173782349, 196.614959717, 197.044525146, 197.485717773, 197.926895142, 198.36807251, 198.809249878, 199.227203369, 199.645172119, 200.086349487, 200.527526855, 200.945480347, 201.386657715, 201.827835083, 202.26902771, 202.710205078, 203.139770508, 203.569335938, 204.010513306, 204.440093994, 204.869659424, 205.310836792, 205.740402222, 206.169967651, 206.587936401, 207.02911377, 207.470291138, 207.888244629, 208.329421997, 208.770614624, 209.211791992, 209.641357422, 210.070922852, 210.51210022, 210.953277588, 211.394470215, 211.835647583, 212.276824951, 212.706390381, 213.135955811, 213.577133179, 214.018310547, 214.436279297, 214.877456665, 215.318634033, 215.748199463, 216.177780151, 216.607345581, 217.036911011, 217.478088379, 217.919265747, 218.348846436, 218.778411865, 219.219589233, 219.660766602, 220.10194397, 220.531509399, 220.961090088, 221.402267456, 221.831832886, 222.261398315, 222.702575684, 223.132156372, 223.561721802, 224.00289917, 224.444076538, 224.873641968, 225.303222656, 225.744400024, 226.185577393, 226.626754761, 227.05632019, 227.48588562, 227.927078247, 228.356643677, 228.786209106, 229.227386475, 229.656951904, 230.098129272, 230.527709961, 230.968887329, 231.398452759, 231.828018188, 232.269195557, 232.710388184, 233.128341675, 233.569519043, 234.010696411, 234.451873779, 234.881454468, 235.311019897, 235.740585327, 236.170150757, 236.611328125, 237.052505493, 237.49369812, 237.92326355, 238.352828979, 238.782394409, 239.211975098, 239.653152466, 240.094329834, 240.535507202, 240.965072632, 241.394638062, 241.835830688, 242.265396118, 242.694961548, 243.124526978, 243.565704346, 243.995285034, 244.436462402, 244.877639771, 245.318817139, 245.748382568, 246.177947998, 246.619140625, 247.060317993, 247.501495361, 247.954284668, 248.395462036, 248.836639404, 249.277816772, 249.730606079, 250.183395386, 250.636184692, 251.088973999, 251.541763306, 251.994552612, 252.447341919, 252.900131226, 253.352920532, 253.805709839, 254.258499146, 254.699676514, 255.140853882, 255.593643188, 256.046447754, 256.499237061, 256.952026367, 257.393188477, 257.834381104, 258.28717041, 258.72833252, 259.181121826, 259.633911133, 260.086700439, 260.527893066, 260.980682373, 261.421844482, 261.851409912, 262.292602539, 262.733795166, 263.174957275, 263.604522705, 264.034088135, 264.463653564, 264.904846191, 265.334411621, 265.775604248, 266.205169678, 266.634735107, 267.064300537, 267.517089844, 267.946655273, 268.376220703, 268.794189453, 269.23538208, 269.676544189, 270.117736816, 270.547302246, 270.976867676, 271.418029785, 271.859222412, 272.277191162, 272.706756592, 273.136322021, 273.565887451, 273.995452881, 274.425018311, 274.866210938, 275.295776367, 275.725341797, 276.154907227, 276.5496521, 276.955993652, 277.350738525, 277.745483398, 278.151824951, 278.558166504, 278.952911377, 279.34765625, 279.742401123], "beats_loudness": {"dmean2": 0.0417888946831, "median": 0.0409144163132, "min": 1.44577518313e-06, "dvar2": 0.00211409223266, "dvar": 0.000721854157746, "dmean": 0.0237322077155, "max": 0.177977666259, "var": 0.00133138208184, "mean": 0.0476926453412}, "danceability": 1.07938539982, "bpm_histogram_second_peak_weight": {"dmean2": 0, "median": 0.0401234552264, "min": 0.0401234552264, "dvar2": 0, "dvar": 0, "dmean": 0, "max": 0.0401234552264, "var": 0, "mean": 0.0401234552264}, "beats_count": 649, "bpm_histogram_second_peak_bpm": {"dmean2": 0, "median": 144, "min": 144, "dvar2": 0, "dvar": 0, "dmean": 0, "max": 144, "var": 0, "mean": 144}, "bpm_histogram_first_peak_spread": {"dmean2": 0, "median": 0.503533542156, "min": 0.503533542156, "dvar2": 0, "dvar": 0, "dmean": 0, "max": 0.503533542156, "var": 0, "mean": 0.503533542156}, "beats_loudness_band_ratio": {"dmean2": [0.315701842308, 0.182553574443, 0.121627427638, 0.171497166157, 0.0779346749187, 0.0746986493468], "median": [0.561184942722, 0.0956182926893, 0.0652323961258, 0.0747518017888, 0.0557620711625, 0.0425919145346], "min": [0.000426174461609, 0.00126476795413, 0.00564707815647, 0.0010901321657, 0.00055301404791, 5.09071942361e-05], "dvar2": [0.0683125630021, 0.0334930978715, 0.021510111168, 0.0394680500031, 0.00709053035825, 0.0104450276121], "dvar": [0.0258121341467, 0.0105604687706, 0.00761901354417, 0.0135748330504, 0.00242862664163, 0.00377400708385], "dmean": [0.18076993525, 0.100239768624, 0.0690805912018, 0.0973982512951, 0.0452746972442, 0.0421688705683], "max": [0.967699766159, 0.889008641243, 0.849862039089, 0.886641144753, 0.416491895914, 0.585701584816], "var": [0.0612778142095, 0.0209094285965, 0.0125785376877, 0.0246156863868, 0.00313667044975, 0.00367746362463], "mean": [0.542527556419, 0.144674003124, 0.0999990031123, 0.131866514683, 0.0696622282267, 0.0565172098577]}}, "lowlevel": {"barkbands_spread": {"dmean2": 11.1448850632, "median": 30.7238922119, "min": 1.05930161476, "dvar2": 200.418243408, "dvar": 84.9987640381, "dmean": 7.04894304276, "max": 105.003829956, "var": 345.955108643, "mean": 31.1912555695}, "melbands_spread": {"dmean2": 12.9487342834, "median": 26.2497730255, "min": 0.843699216843, "dvar2": 232.207122803, "dvar": 95.7882003784, "dmean": 8.12853527069, "max": 195.767868042, "var": 296.294250488, "mean": 28.3987407684}, "hfc": {"dmean2": 17.155538559, "median": 32.8186912537, "min": 1.35351301651e-05, "dvar2": 877.655456543, "dvar": 397.497253418, "dmean": 10.8608207703, "max": 301.92074585, "var": 1191.93103027, "mean": 36.9646644592}, "barkbands_kurtosis": {"dmean2": 3.58061027527, "median": 0.362295508385, "min": -1.86541354656, "dvar2": 70.2351455688, "dvar": 27.1784381866, "dmean": 2.19761371613, "max": 168.723312378, "var": 100.601425171, "mean": 2.78287792206}, "gfcc": {"mean": [18.0172901154, 87.6948318481, -115.343055725, 31.6538219452, -48.3770294189, 19.4731349945, -34.7070503235, 11.2964515686, -26.067522049, -1.23412036896, -19.3204593658, -1.00377047062, -11.6583757401], "icov": [[0.000318694947055, 3.65191372111e-05, 0.000506293901708, -0.00040769475163, -0.000165913428646, -0.000750151637476, -0.000150771811604, -0.000322902953485, 0.000370137713617, -0.000840813503601, 0.000967148575, -0.00110645487439, 0.000877438054886], [3.65191372111e-05, 0.00367036834359, -7.53467975301e-05, 0.00104614847805, -0.002102852799, 0.00222627446055, -0.00215265806764, 0.00164419447538, -0.00122537650168, 0.00380655378103, -0.00486874533817, 0.0044356151484, -0.00418931944296], [0.000506293901708, -7.53467975301e-05, 0.00320324418135, -0.000696937437169, -0.000683811376803, -0.00130357244052, 0.00119485671166, -0.00120238808449, 0.00130273413379, -0.00241645937786, 0.00407446501777, -0.00401174928993, 0.00210023135878], [-0.00040769475163, 0.00104614847805, -0.000696937437169, 0.0027391477488, -0.000220980931772, 0.000853931647725, -0.000555055215955, 0.00040185067337, 9.05257402337e-05, 0.000144837948028, -0.00320677086711, 0.0044138552621, -0.0031320899725], [-0.000165913428646, -0.002102852799, -0.000683811376803, -0.000220980931772, 0.00804432108998, 0.000161548581673, -0.00246391864493, -0.00133227510378, 0.00110232236329, -0.00341020151973, 0.000601883861236, -0.000788785866462, 0.000159139948664], [-0.000750151637476, 0.00222627446055, -0.00130357244052, 0.000853931647725, 0.000161548581673, 0.00855673197657, -0.00281134387478, -0.00168725010008, -0.00130936282221, 0.00397019367665, -0.00511781964451, 0.00113930599764, -0.0023323057685], [-0.000150771811604, -0.00215265806764, 0.00119485671166, -0.000555055215955, -0.00246391864493, -0.00281134387478, 0.0126715134829, -0.00124924152624, -0.00345348077826, 0.00305974669755, 0.00155438575894, -0.00362777058035, 0.000724342826288], [-0.000322902953485, 0.00164419447538, -0.00120238808449, 0.00040185067337, -0.00133227510378, -0.00168725010008, -0.00124924152624, 0.0154144000262, -0.00373108731583, -0.00158698332962, -0.00069030065788, 0.00246551493183, -0.00154337228741], [0.000370137713617, -0.00122537650168, 0.00130273413379, 9.05257402337e-05, 0.00110232236329, -0.00130936282221, -0.00345348077826, -0.00373108731583, 0.015756374225, -0.00807037018239, -0.000448229548056, 0.00239455862902, -0.000732779270038], [-0.000840813503601, 0.00380655378103, -0.00241645937786, 0.000144837948028, -0.00341020151973, 0.00397019367665, 0.00305974669755, -0.00158698332962, -0.00807037018239, 0.0252272244543, -0.0123541066423, 0.00303305592388, -0.000124613812659], [0.000967148575, -0.00486874533817, 0.00407446501777, -0.00320677086711, 0.000601883861236, -0.00511781964451, 0.00155438575894, -0.00069030065788, -0.000448229548056, -0.0123541066423, 0.0340144708753, -0.0186170767993, 0.00634195189923], [-0.00110645487439, 0.0044356151484, -0.00401174928993, 0.0044138552621, -0.000788785866462, 0.00113930599764, -0.00362777058035, 0.00246551493183, 0.00239455862902, 0.00303305592388, -0.0186170767993, 0.0354661010206, -0.0168119110167], [0.000877438054886, -0.00418931944296, 0.00210023135878, -0.0031320899725, 0.000159139948664, -0.0023323057685, 0.000724342826288, -0.00154337228741, -0.000732779270038, -0.000124613812659, 0.00634195189923, -0.0168119110167, 0.0328609310091]], "cov": [[18594.7246094, -5459.44970703, 693.132568359, 2643.64135742, -282.590240479, 2361.93261719, -173.181243896, 1161.82519531, -2.70106124878, 1130.16223145, 34.5905570984, 518.999145508, -494.373443604], [-5459.44970703, 2891.48876953, -773.900146484, -943.770507813, 353.915283203, -847.908935547, 354.616394043, -457.348022461, 94.2739028931, -481.45904541, 84.4823989868, -192.585830688, 268.161407471], [693.132568359, -773.900146484, 743.84979248, 196.810089111, -71.5946807861, 187.114471436, -165.390228271, 126.751945496, -69.6151123047, 138.762161255, -59.3295555115, 70.2102279663, -76.3820953369], [2643.64135742, -943.770507813, 196.810089111, 891.054748535, -55.1866836548, 323.124694824, -66.473777771, 182.72038269, 0.774200260639, 208.783615112, 16.6080474854, 39.6101531982, -67.4395904541], [-282.590240479, 353.915283203, -71.5946807861, -55.1866836548, 215.207214355, -56.8490600586, 94.7174224854, -16.4660186768, 31.0613670349, -18.8556652069, 29.2378501892, -4.62523126602, 36.6545982361], [2361.93261719, -847.908935547, 187.114471436, 323.124694824, -56.8490600586, 489.20715332, -8.00959205627, 191.205474854, 9.67028427124, 150.758117676, 17.2292690277, 95.8585357666, -61.6670837402], [-173.181243896, 354.616394043, -165.390228271, -66.473777771, 94.7174224854, -8.00959205627, 184.944885254, -17.7868595123, 50.6765556335, -52.5530204773, 31.1971740723, 0.237312600017, 43.1597099304], [1161.82519531, -457.348022461, 126.751945496, 182.72038269, -16.4660186768, 191.205474854, -17.7868595123, 167.88848877, 24.0311851501, 103.409423828, 2.48692655563, 37.7050056458, -38.347454071], [-2.70106124878, 94.2739028931, -69.6151123047, 0.774200260639, 31.0613670349, 9.67028427124, 50.6765556335, 24.0311851501, 106.945281982, 24.7589435577, 25.8934669495, -6.28020238876, 11.429813385], [1130.16223145, -481.45904541, 138.762161255, 208.783615112, -18.8556652069, 150.758117676, -52.5530204773, 103.409423828, 24.7589435577, 160.671478271, 18.6780071259, 40.1170959473, -45.6378288269], [34.5905570984, 84.4823989868, -59.3295555115, 16.6080474854, 29.2378501892, 17.2292690277, 31.1971740723, 2.48692655563, 25.8934669495, 18.6780071259, 67.4067840576, 24.4048538208, 15.8568716049], [518.999145508, -192.585830688, 70.2102279663, 39.6101531982, -4.62523126602, 95.8585357666, 0.237312600017, 37.7050056458, -6.28020238876, 40.1170959473, 24.4048538208, 77.6403656006, 4.4930472374], [-494.373443604, 268.161407471, -76.3820953369, -67.4395904541, 36.6545982361, -61.6670837402, 43.1597099304, -38.347454071, 11.429813385, -45.6378288269, 15.8568716049, 4.4930472374, 68.2860794067]]}, "spectral_energyband_middle_low": {"dmean2": 0.00747257471085, "median": 0.00862088985741, "min": 3.81287428297e-08, "dvar2": 0.00016314201639, "dvar": 5.85668130952e-05, "dmean": 0.00440291734412, "max": 0.0887971296906, "var": 7.87028839113e-05, "mean": 0.0103709828109}, "melbands_crest": {"dmean2": 4.79497671127, "median": 13.0862483978, "min": 3.89642310143, "dvar2": 18.6325283051, "dvar": 7.83368015289, "dmean": 3.02986812592, "max": 29.6336555481, "var": 20.4430427551, "mean": 13.7543878555}, "spectral_kurtosis": {"dmean2": 5.00942754745, "median": 3.14901781082, "min": -0.778028547764, "dvar2": 186.459091187, "dvar": 61.80701828, "dmean": 2.91322994232, "max": 112.491073608, "var": 228.256561279, "mean": 7.79728031158}, "spectral_rms": {"dmean2": 0.00135106546804, "median": 0.00586142018437, "min": 6.25314532954e-06, "dvar2": 3.21197080666e-06, "dvar": 1.40242229918e-06, "dmean": 0.000877360231243, "max": 0.0155871268362, "var": 6.25022357781e-06, "mean": 0.00552653009072}, "zerocrossingrate": {"dmean2": 0.0144641688094, "median": 0.0673828125, "min": 0.00634765625, "dvar2": 0.00028196288622, "dvar": 0.000244061913691, "dmean": 0.0125310011208, "max": 0.44091796875, "var": 0.0018530722009, "mean": 0.0739808753133}, "silence_rate_60dB": {"dmean2": 0.0169014092535, "median": 0, "min": 0, "dvar2": 0.0189393758774, "dvar": 0.00837620347738, "dmean": 0.00845000427216, "max": 1, "var": 0.090675406158, "mean": 0.1008117944}, "erbbands_kurtosis": {"dmean2": 1.13163352013, "median": 0.00824705790728, "min": -1.63869893551, "dvar2": 2.85028028488, "dvar": 1.31438195705, "dmean": 0.72892922163, "max": 46.0459327698, "var": 11.4660625458, "mean": 0.877701878548}, "erbbands": {"dmean2": [0.39549523592, 3.72696566582, 4.03660821915, 6.16909694672, 15.6286067963, 10.6213102341, 8.65840148926, 11.1768484116, 13.4021720886, 17.8552112579, 15.6358251572, 27.2591133118, 32.3380699158, 42.518321991, 40.5920524597, 28.4218177795, 29.9708862305, 39.979221344, 46.8943977356, 30.3017272949, 29.9591732025, 24.905626297, 24.3038368225, 21.016456604, 22.8400974274, 24.1276798248, 14.2084026337, 13.5984401703, 12.316277504, 15.1155347824, 11.6340970993, 8.43827342987, 4.04250192642, 2.41672801971, 2.12903046608, 0.905284583569, 0.26667112112, 0.0368354357779, 0.00155711523257, 5.66015041841e-05], "median": [0.103853404522, 1.70012640953, 3.10899949074, 4.22137832642, 6.85356903076, 5.96032905579, 5.59998750687, 6.43880033493, 6.0473613739, 8.10238265991, 9.06425094604, 16.7612304688, 20.9124069214, 19.4801292419, 19.7882156372, 16.5241775513, 20.8136253357, 29.3883457184, 36.2249221802, 23.5645523071, 30.1226234436, 29.1683349609, 24.8729934692, 22.7427120209, 28.6599750519, 22.6676177979, 12.1587677002, 9.08429145813, 7.34029483795, 7.99599742889, 6.57570266724, 5.0104675293, 2.65208911896, 1.28330016136, 0.713235318661, 0.257053017616, 0.0558896511793, 0.00719132553786, 0.000329396221787, 6.28000561846e-05], "min": [5.09534814341e-09, 2.82985741507e-08, 9.35452305839e-07, 1.22273740999e-05, 5.14450694027e-05, 0.000102713725937, 6.19397251285e-05, 3.11059193336e-05, 1.96630116989e-05, 5.49386186321e-06, 3.31451997226e-06, 3.58005149792e-06, 8.43596865252e-07, 8.85777296844e-07, 9.54545612331e-07, 7.86312568835e-07, 8.06002731224e-07, 1.59120179433e-06, 1.91906337932e-06, 8.72214343417e-07, 9.36550065944e-07, 4.38114113877e-07, 4.29016040471e-07, 1.7054841237e-06, 6.77412060668e-07, 1.01158582311e-06, 3.737878842e-07, 5.99885538577e-07, 6.60321575197e-07, 1.4819381704e-06, 1.30588125558e-06, 1.03370325633e-06, 1.3636966969e-06, 8.06401942555e-07, 6.83935070356e-07, 3.40025991363e-07, 1.54231059923e-07, 4.60791049761e-08, 4.95745844376e-09, 5.08751041295e-10], "dvar2": [0.912041187286, 59.5962257385, 40.4961776733, 66.0123977661, 1005.89074707, 387.541229248, 205.456359863, 511.588806152, 977.039855957, 2189.78881836, 1277.51806641, 3278.83276367, 4982.8359375, 10158.4589844, 7663.79248047, 5674.06396484, 3575.52270508, 5950.98583984, 6606.25146484, 3719.19677734, 2424.06347656, 1292.00610352, 1326.4519043, 1186.25610352, 1041.10961914, 2291.04174805, 849.87689209, 777.469116211, 639.409240723, 1006.27697754, 546.435119629, 295.483001709, 59.8539199829, 48.5638809204, 46.513835907, 9.31650257111, 0.975680947304, 0.0184268672019, 2.75305319519e-05, 1.78601808898e-08], "dvar": [0.365477591753, 24.8403816223, 15.6136198044, 24.5697612762, 353.133056641, 138.678924561, 77.0361785889, 188.143447876, 357.637817383, 844.932495117, 503.756195068, 1318.17980957, 1967.35217285, 4152.58056641, 3067.80029297, 2524.09985352, 1443.08691406, 2400.3034668, 2562.04907227, 1550.1060791, 941.559692383, 494.057281494, 500.429992676, 431.348480225, 378.069061279, 815.218261719, 343.52331543, 274.976043701, 229.38835144, 415.529998779, 243.334457397, 131.086471558, 26.3515415192, 24.0043811798, 25.3710346222, 4.93027210236, 0.50958687067, 0.0101057812572, 1.52349639393e-05, 1.01577359857e-08], "dmean": [0.246734812856, 2.35662055016, 2.46534276009, 3.66163063049, 9.00195980072, 6.26467561722, 5.20464038849, 6.65089178085, 7.73559904099, 10.6376218796, 9.40902042389, 16.909029007, 20.217912674, 26.6436080933, 25.6957683563, 18.0227031708, 18.3306980133, 24.4158229828, 28.1545124054, 18.3908309937, 17.7854232788, 14.8733329773, 14.3275718689, 12.2582740784, 13.3482055664, 13.808549881, 8.43152809143, 7.62076711655, 6.97470998764, 9.04434967041, 7.11981248856, 5.28496551514, 2.52277946472, 1.61677145958, 1.46895420551, 0.638058006763, 0.190787732601, 0.0265798848122, 0.00114485505037, 4.08881569456e-05], "max": [6.21489286423, 52.9298667908, 71.000289917, 66.3231048584, 228.550369263, 193.28453064, 144.788131714, 274.834991455, 446.940887451, 613.535888672, 616.843994141, 879.415527344, 741.652038574, 1328.69458008, 1058.8034668, 2043.41064453, 1165.40637207, 1006.8984375, 962.838500977, 1230.6965332, 751.694519043, 478.681518555, 464.301269531, 308.07131958, 351.961608887, 496.28604126, 616.516235352, 209.912460327, 182.208984375, 745.461181641, 442.487579346, 229.514190674, 81.6504364014, 121.135925293, 109.203887939, 51.1990814209, 18.4320983887, 3.04503488541, 0.157853066921, 0.00299083185382], "var": [0.368181049824, 29.0656089783, 22.9958839417, 46.2000541687, 343.223571777, 168.147766113, 127.19695282, 219.006881714, 325.769805908, 814.096435547, 625.825866699, 2028.36816406, 3058.94360352, 7972.30419922, 7674.45507813, 5636.91845703, 2560.94091797, 4149.56445313, 4318.68408203, 2587.76660156, 1640.77331543, 1150.18066406, 1004.37158203, 716.642578125, 899.431762695, 961.242797852, 570.004821777, 276.365692139, 258.521331787, 760.650817871, 562.933288574, 308.926635742, 64.2595977783, 48.670337677, 52.2775001526, 10.4822616577, 1.03806495667, 0.0198142938316, 3.04489349219e-05, 2.50396254842e-08], "mean": [0.300023496151, 3.33419632912, 4.34459400177, 6.29580402374, 12.498090744, 9.82100868225, 8.98161220551, 10.638422966, 10.6132621765, 14.8216161728, 14.6669282913, 28.4972000122, 36.5230064392, 46.3162384033, 46.5300750732, 32.9400939941, 33.6569519043, 46.0995864868, 52.8207931519, 34.9018211365, 37.8826446533, 34.9329338074, 30.9037628174, 26.7181396484, 31.9112892151, 27.0713100433, 16.3934764862, 12.7048273087, 11.390827179, 15.0017786026, 12.9898786545, 10.3373775482, 5.06416225433, 2.98041772842, 2.47338223457, 1.06676495075, 0.308000475168, 0.0418760329485, 0.00182333495468, 9.90269618342e-05]}, "spectral_strongpeak": {"dmean2": 0.543984949589, "median": 0.377458035946, "min": 0.000267564144451, "dvar2": 1.08871340752, "dvar": 0.409935116768, "dmean": 0.314400911331, "max": 16.0031757355, "var": 0.484901189804, "mean": 0.565232396126}, "spectral_energy": {"dmean2": 0.0204260963947, "median": 0.0352151542902, "min": 4.00793709332e-08, "dvar2": 0.00107728061266, "dvar": 0.00045441754628, "dmean": 0.0130165005103, "max": 0.249032482505, "var": 0.000872324279044, "mean": 0.03771244362}, "average_loudness": 0.910013735294, "spectral_rolloff": {"dmean2": 1128.20715332, "median": 1571.92382813, "min": 86.1328125, "dvar2": 3147882.25, "dvar": 1488147.75, "dmean": 695.323974609, "max": 13092.1875, "var": 3516190.75, "mean": 1958.16784668}, "spectral_centroid": {"dmean2": 367.485900879, "median": 1720.18139648, "min": 219.023361206, "dvar2": 171028.484375, "dvar": 64352.5234375, "dmean": 224.831863403, "max": 4552.28125, "var": 466360.3125, "mean": 1619.86071777}, "pitch_salience": {"dmean2": 0.125533625484, "median": 0.586023330688, "min": 0.0869739949703, "dvar2": 0.0162570495158, "dvar": 0.00688531529158, "dmean": 0.0790916532278, "max": 0.832013010979, "var": 0.0142376702279, "mean": 0.566664814949}, "spectral_energyband_middle_high": {"dmean2": 0.00352598307654, "median": 0.00693405047059, "min": 2.1667988237e-10, "dvar2": 2.52400368481e-05, "dvar": 1.09342154246e-05, "dmean": 0.00224739243276, "max": 0.0516136884689, "var": 5.45539223822e-05, "mean": 0.00844638422132}, "spectral_contrast_coeffs": {"dmean2": [0.0826017037034, 0.0739521309733, 0.0598161108792, 0.0458507277071, 0.0311751123518, 0.0289080776274], "median": [-0.657983422279, -0.769262135029, -0.777299404144, -0.802219629288, -0.802509188652, -0.765115439892], "min": [-0.862375795841, -0.922390341759, -0.924355089664, -0.931372761726, -0.922757923603, -0.921618819237], "dvar2": [0.00479499902576, 0.00358152785338, 0.00221855333075, 0.00131310150027, 0.000619956234004, 0.000777467852458], "dvar": [0.00172517669853, 0.0012874371605, 0.000812272250187, 0.000486158125568, 0.000223394294153, 0.000307351932861], "dmean": [0.049085598439, 0.0440958552063, 0.0362430773675, 0.0272597633302, 0.018484890461, 0.0176035705954], "max": [-0.371709764004, -0.506991386414, -0.526958167553, -0.639585077763, -0.633726835251, -0.615742385387], "var": [0.00512493215501, 0.00344973662868, 0.00363833806477, 0.00155572593212, 0.000771852442995, 0.0018742592074], "mean": [-0.65003824234, -0.76261973381, -0.768283605576, -0.79758888483, -0.800789773464, -0.77190130949]}, "melbands_skewness": {"dmean2": 1.14823305607, "median": 2.3838634491, "min": -2.85165739059, "dvar2": 2.13123178482, "dvar": 0.947738647461, "dmean": 0.749112010002, "max": 14.7601213455, "var": 2.6681125164, "mean": 2.50086092949}, "spectral_spread": {"dmean2": 715118.8125, "median": 4788505.5, "min": 559307.5, "dvar2": 784999841792, "dvar": 456763113472, "dmean": 503959.375, "max": 14851151, "var": 3873574748160.0, "mean": 4795765.5}, "dissonance": {"dmean2": 0.0256926380098, "median": 0.484478920698, "min": 0.187800779939, "dvar2": 0.00114441593178, "dvar": 0.000421956006903, "dmean": 0.0150003684685, "max": 0.500000119209, "var": 0.00149162311573, "mean": 0.470579206944}, "spectral_skewness": {"dmean2": 0.441889286041, "median": 1.33690726757, "min": 0.276398718357, "dvar2": 0.662424921989, "dvar": 0.219968855381, "dmean": 0.262338489294, "max": 8.10884475708, "var": 1.17538297176, "mean": 1.70750951767}, "spectral_flux": {"dmean2": 0.0413994379342, "median": 0.0953382104635, "min": 9.7356220067e-05, "dvar2": 0.00308604957536, "dvar": 0.00127989728935, "dmean": 0.025846902281, "max": 0.388174504042, "var": 0.00372704840265, "mean": 0.0978111028671}, "spectral_contrast_valleys": {"dmean2": [0.612895190716, 0.548800945282, 0.4582901299, 0.379908651114, 0.310461223125, 0.379859477282], "median": [-6.57010936737, -6.40616893768, -6.65540409088, -6.73707294464, -6.54952287674, -9.08835697174], "min": [-15.2637729645, -13.5991430283, -14.7942857742, -15.2654933929, -15.0831756592, -16.2183094025], "dvar2": [0.250103086233, 0.191753283143, 0.126722589135, 0.100131951272, 0.109227314591, 0.237051203847], "dvar": [0.091044947505, 0.0685153305531, 0.0473238565028, 0.0370899066329, 0.0434778928757, 0.105552047491], "dmean": [0.363371521235, 0.325272202492, 0.276390463114, 0.227551460266, 0.189760789275, 0.251210182905], "max": [-5.18750333786, -4.6785993576, -4.9137673378, -5.45383262634, -5.33337259293, -7.18751430511], "var": [2.03009414673, 1.26066505909, 1.60343503952, 1.98085141182, 2.87194466591, 4.18083763123], "mean": [-7.03671073914, -6.71713352203, -6.96129131317, -7.22944831848, -7.25476312637, -9.93458747864]}, "erbbands_flatness_db": {"dmean2": 0.017585394904, "median": 0.118387795985, "min": 0.0415506474674, "dvar2": 0.000300601299386, "dvar": 0.000156824826263, "dmean": 0.0123261911795, "max": 0.470674037933, "var": 0.00619287788868, "mean": 0.145018652081}, "spectral_energyband_high": {"dmean2": 0.00170171901118, "median": 0.00154605996795, "min": 3.63727242769e-10, "dvar2": 1.03412794488e-05, "dvar": 4.67456266051e-06, "dmean": 0.0010666201124, "max": 0.0285212639719, "var": 1.12712295959e-05, "mean": 0.00236577587202}, "spectral_entropy": {"dmean2": 0.163485050201, "median": 8.01616668701, "min": 5.03373908997, "dvar2": 0.0321317687631, "dvar": 0.0147539675236, "dmean": 0.10680064559, "max": 8.96882152557, "var": 0.475939929485, "mean": 7.74964427948}, "silence_rate_20dB": {"dmean2": 0, "median": 1, "min": 1, "dvar2": 0, "dvar": 0, "dmean": 0, "max": 1, "var": 0, "mean": 1}, "melbands_flatness_db": {"dmean2": 0.0407144352794, "median": 0.159444764256, "min": 0.0371917635202, "dvar2": 0.00220556603745, "dvar": 0.000916260993108, "dmean": 0.0262272488326, "max": 0.53695088625, "var": 0.00769798830152, "m