{"tonal": {"thpcp": [1, 0.611313760281, 0.309338480234, 0.278134971857, 0.284107774496, 0.38174033165, 0.426222294569, 0.353730350733, 0.320590525866, 0.32619586587, 0.343906849623, 0.441111057997, 0.421872437, 0.255026400089, 0.220907643437, 0.260473102331, 0.271584719419, 0.280060976744, 0.264001786709, 0.259739518166, 0.486455947161, 0.607461333275, 0.373558223248, 0.230613082647, 0.248575270176, 0.298461824656, 0.426598280668, 0.42439994216, 0.279953211546, 0.235496297479, 0.23797249794, 0.269602328539, 0.325528264046, 0.342946738005, 0.42269128561, 0.807355761528], "hpcp": {"dmean2": [0.178616657853, 0.196605607867, 0.197166979313, 0.185285612941, 0.177373036742, 0.21125844121, 0.210016697645, 0.213383257389, 0.192484587431, 0.192852824926, 0.191133335233, 0.232202231884, 0.230833008885, 0.194485723972, 0.193147346377, 0.186308935285, 0.188281163573, 0.216883778572, 0.218792036176, 0.237039968371, 0.287298828363, 0.275196582079, 0.253526687622, 0.197067767382, 0.198402419686, 0.197047308087, 0.225001305342, 0.252441436052, 0.240314558148, 0.240516513586, 0.24164108932, 0.242552697659, 0.242329031229, 0.226357445121, 0.174079850316, 0.152265384793], "median": [0.0165889095515, 0.014087755233, 0.0108914049342, 0.0114691443741, 0.0187034551054, 0.0472279824317, 0.0618474669755, 0.0346340760589, 0.0107223661616, 0.0114759393036, 0.0193681567907, 0.0288584567606, 0.025517500937, 0.0157391130924, 0.0101950075477, 0.00988347176462, 0.0120111424476, 0.0154420081526, 0.0176483206451, 0.0310969091952, 0.118898116052, 0.124764323235, 0.0752713829279, 0.0258000139147, 0.0129300300032, 0.0136818122119, 0.0223853550851, 0.0241366028786, 0.0198147930205, 0.0111807314679, 0.0117207523435, 0.0184185020626, 0.0340849421918, 0.0308684632182, 0.0152723565698, 0.0140362456441], "min": [0, 0, 0, 0, 0, 0, 0, 0, 0, 0, 0, 0, 0, 0, 0, 0, 0, 0, 0, 0, 0, 0, 0, 0, 0, 0, 0, 0, 0, 0, 0, 0, 0, 0, 0, 0], "dvar2": [0.101044170558, 0.11850990355, 0.115778841078, 0.104406498373, 0.0920005962253, 0.0918197855353, 0.104944333434, 0.110482655466, 0.122692927718, 0.118826642632, 0.0993848070502, 0.115613274276, 0.118148289621, 0.104427605867, 0.117799319327, 0.108184628189, 0.102938577533, 0.124605938792, 0.116245925426, 0.119721829891, 0.133948326111, 0.133878275752, 0.11981407553, 0.100962541997, 0.118742436171, 0.111098721623, 0.121518723667, 0.14530672133, 0.133271992207, 0.139387831092, 0.14373716712, 0.14757604897, 0.130924120545, 0.120333530009, 0.0977408140898, 0.0827817693353], "dvar": [0.0378450639546, 0.0445045083761, 0.0438707731664, 0.0392724126577, 0.0339896678925, 0.03614538908, 0.0442682430148, 0.0396023951471, 0.0431297682226, 0.0419255979359, 0.037766199559, 0.0479660145938, 0.0509382411838, 0.0385705381632, 0.0421399027109, 0.0391971096396, 0.038583189249, 0.0466655381024, 0.0439956523478, 0.0473496615887, 0.0558596476912, 0.0568051785231, 0.044321257621, 0.0388248227537, 0.0440401174128, 0.0415573082864, 0.0473712310195, 0.0577808357775, 0.0515475198627, 0.0535442642868, 0.053442183882, 0.05422443524, 0.049851603806, 0.0472668334842, 0.0359680950642, 0.0302230231464], "dmean": [0.100966818631, 0.111509107053, 0.11264693737, 0.105164177716, 0.100707232952, 0.124474905431, 0.123581074178, 0.120311297476, 0.105396144092, 0.106432594359, 0.109968610108, 0.139093458652, 0.135191902518, 0.110315933824, 0.106305897236, 0.103499792516, 0.106710702181, 0.122384645045, 0.124203488231, 0.138269066811, 0.169482961297, 0.161120682955, 0.144638612866, 0.110563963652, 0.110664114356, 0.111584328115, 0.129642158747, 0.142035424709, 0.136052563787, 0.135316133499, 0.13575835526, 0.13528983295, 0.139007598162, 0.131681710482, 0.0988042578101, 0.0858694911003], "max": [1, 1, 1, 1, 1, 1, 1, 1, 1, 1, 1, 1, 1, 1, 1, 1, 1, 1, 1, 1, 1, 1, 1, 1, 1, 1, 1, 1, 1, 1, 1, 1, 1, 1, 1, 1], "var": [0.0338028967381, 0.0384239330888, 0.0407439805567, 0.036578938365, 0.0301388222724, 0.0586342141032, 0.0980832353234, 0.0413390249014, 0.0322417914867, 0.035014141351, 0.0387754812837, 0.0616517104208, 0.0679307207465, 0.0357179120183, 0.0324607342482, 0.0324224643409, 0.0359570905566, 0.0473207384348, 0.0477585271001, 0.0582789890468, 0.100257977843, 0.155402719975, 0.0684509500861, 0.0393348559737, 0.0415709353983, 0.0403530597687, 0.0560754239559, 0.0704927444458, 0.0510437525809, 0.0491583123803, 0.0495535284281, 0.0501023717225, 0.0619858838618, 0.0595580711961, 0.0312761105597, 0.0257580801845], "mean": [0.0896398201585, 0.0934637933969, 0.0963808298111, 0.0908541828394, 0.089387357235, 0.167410075665, 0.209053143859, 0.128557190299, 0.0793637186289, 0.0855452716351, 0.102713346481, 0.146810516715, 0.146053984761, 0.0963437482715, 0.081044241786, 0.0818964093924, 0.092781573534, 0.112028047442, 0.118022486567, 0.145465955138, 0.277845293283, 0.344142317772, 0.210378929973, 0.106456458569, 0.09571801126, 0.0977735072374, 0.131373003125, 0.146681129932, 0.12173358351, 0.110328771174, 0.112257800996, 0.118352897465, 0.151804983616, 0.145184159279, 0.0877653732896, 0.0760236680508]}, "tuning_equal_tempered_deviation": 0.166779667139, "chords_changes_rate": 0.125477105379, "key_key": "E", "tuning_diatonic_strength": 0.61032897234, "key_scale": "major", "chords_number_rate": 0.00357824424282, "tuning_frequency": 452.892974854, "tuning_nontempered_energy_ratio": 0.826092123985, "chords_histogram": [9.375, 2.95801520348, 9.61354923248, 6.36927461624, 1.83683204651, 0.333969473839, 0, 0.429389327765, 1.71755731106, 14.2414121628, 5.9398856163, 0.858778655529, 0.93034350872, 0.143129765987, 0.954198479652, 6.32156467438, 4.86641216278, 7.9198474884, 1.31202292442, 3.93606877327, 0.69179391861, 0.906488537788, 10.424618721, 7.9198474884], "key_strength": 0.737355828285, "chords_key": "C", "chords_strength": {"dmean2": 0.0180750470608, "median": 0.489128470421, "min": -1, "dvar2": 0.00118668715004, "dvar": 0.000624953187071, "dmean": 0.0145508814603, "max": 0.735338449478, "var": 0.0309036634862, "mean": 0.470646113157}, "chords_scale": "minor", "hpcp_entropy": {"dmean2": 1.1835616827, "median": 2.1069226265, "min": 0, "dvar2": 0.916778981686, "dvar": 0.363132327795, "dmean": 0.711575269699, "max": 4.56457328796, "var": 0.790766179562, "mean": 2.15146374702}}, "metadata": {"audio_properties": {"equal_loudness": 0, "codec": "flac", "downmix": "mix", "sample_rate": 44100, "analysis_sample_rate": 44100, "bit_rate": 0, "md5_encoded": "d632fcdb41d4bd34468c8bd7f0141ecd", "length": 194.586669922, "replay_gain": -14.5875873566, "lossless": true}, "version": {"essentia_build_sha": "ca57ba49d9b1854bd80e60cf9ccf267278fb7d6b", "essentia": "2.1-beta1", "extractor": "music 1.0", "essentia_git_sha": "v2.1_beta1-28-g21ef5f4-dirty"}, "tags": {"title": ["Bullshittin' (feat. Mos Def)"], "barcode": ["672230861623"], "media": ["CD"], "albumartist": ["Mos Def"], "tracktotal": ["15"], "albumartistsort": ["Mos Def"], "performer": ["Mos Def"], "releasetype": ["album", "compilation"], "musicbrainz_recordingid": ["098c3272-fae2-4e17-900c-8e2baece96a2"], "musicbrainz_releasegroupid": ["3d70ec9a-4b88-3959-bf62-2cd5d4129c64"], "musicbrainz_albumartistid": ["9f4551c6-1324-4ac5-b3fe-a5c5cfacd54d"], "musicbrainz_releasetrackid": ["6c57a98e-4c3d-32e1-a6dc-8bb5e274218b"], "discnumber": ["2"], "catalognumber": ["STTN 8616"], "releasecountry": ["GB"], "originaldate": ["2003"], "artists": ["N\u2019Dea Davenport", "Mos Def"], "date": ["2003-01-20"], "file_name": "12 - N\u2019Dea Davenport - Bullshittin' (feat. Mos Def).flac", "disctotal": ["4"], "acoustid_id": ["09fc19f3-06ee-458e-b5de-2a191b2f366d"], "musicbrainz_artistid": ["381dea75-f40a-456f-92c1-04730e15002e", "9f4551c6-1324-4ac5-b3fe-a5c5cfacd54d"], "asin": ["B00006YXDO"], "musicbrainz_albumid": ["4bbf56b8-6aa0-4988-8aec-9b92eb65a9f6"], "artist": ["N\u2019Dea Davenport"], "tracknumber": ["12"], "artistsort": ["Davenport, N\u2019Dea feat. Mos Def"], "album": ["We Are Hip Hop. Me. You. Everybody"], "label": ["Sattan Music"], "releasestatus": ["official"], "totaldiscs": ["4"], "script": ["Latn"], "totaltracks": ["15"]}}, "rhythm": {"bpm_histogram_first_peak_bpm": {"dmean2": 0, "median": 91, "min": 91, "dvar2": 0, "dvar": 0, "dmean": 0, "max": 91, "var": 0, "mean": 91}, "bpm": 90.6817169189, "bpm_histogram_second_peak_spread": {"dmean2": 0, "median": 0, "min": 0, "dvar2": 0, "dvar": 0, "dmean": 0, "max": 0, "var": 0, "mean": 0}, "bpm_histogram_first_peak_weight": {"dmean2": 0, "median": 0.74657535553, "min": 0.74657535553, "dvar2": 0, "dvar": 0, "dmean": 0, "max": 0.74657535553, "var": 0, "mean": 0.74657535553}, "onset_rate": 4.08002948761, "beats_position": [0.66176867485, 1.33514738083, 1.99691605568, 2.67029476166, 3.34367346764, 4.01705217361, 4.66721057892, 5.34058952332, 5.99074840546, 6.65251684189, 7.31428575516, 7.97605419159, 8.63782310486, 9.31120204926, 9.98458003998, 10.6463489532, 11.2965078354, 11.9466667175, 12.5852155685, 13.2469835281, 13.9087524414, 14.5705213547, 15.2322902679, 15.9056682587, 16.5558280945, 17.2175960541, 17.8793640137, 18.5411338806, 19.2029018402, 19.8646717072, 20.5264396667, 21.1882076263, 21.8499774933, 22.5001354218, 23.1619052887, 23.8236732483, 24.4854412079, 25.1472110748, 25.8205890656, 26.5055770874, 27.1557369232, 27.7942848206, 28.4444446564, 29.106212616, 29.7679805756, 30.4297504425, 31.0915184021, 31.7648983002, 32.4150543213, 33.0768241882, 33.7385940552, 34.3887519836, 35.0389099121, 35.7122879028, 36.3740577698, 37.0358276367, 37.6975975037, 38.3709754944, 39.0675735474, 39.7525634766, 40.4259414673, 41.099319458, 41.7494773865, 42.3996353149, 43.0381851196, 43.6883430481, 44.3268928528, 44.9886627197, 45.650428772, 46.3121986389, 46.9739685059, 47.6473464966, 48.3323364258, 49.0173225403, 49.5978240967, 50.1551017761, 50.7007713318, 51.2464370728, 51.7804985046, 52.3377761841, 52.906665802, 53.5800437927, 54.2534217834, 54.9035835266, 55.5653495789, 56.2387275696, 56.912109375, 57.5854873657, 58.2356452942, 58.8858032227, 59.5591812134, 60.2093429565, 60.8711090088, 61.5328788757, 62.1830368042, 62.8331947327, 63.4949645996, 64.1567306519, 64.8185043335, 65.4802703857, 66.142036438, 66.8038101196, 67.4771881104, 68.1505661011, 68.8123321533, 69.474105835, 70.1242599487, 70.7744216919, 71.4361877441, 72.0979614258, 72.7713394165, 73.4447174072, 74.1064834595, 74.7682495117, 75.4184112549, 76.068572998, 76.7187271118, 77.3805007935, 78.0422668457, 78.7156448364, 79.3774108887, 80.0275726318, 80.6893386841, 81.3395004272, 82.0012664795, 82.6630401611, 83.3364181519, 83.9981842041, 84.6599502563, 85.3101119995, 85.9718780518, 86.6336517334, 87.2954177856, 87.9571838379, 88.6189575195, 89.2807235718, 89.942489624, 90.6042633057, 91.2544174194, 91.9045791626, 92.5663452148, 93.2281188965, 93.8898849487, 94.551651001, 95.2250289917, 95.8751907349, 96.5369567871, 97.1987304688, 97.860496521, 98.5222625732, 99.1840362549, 99.8458023071, 100.507568359, 101.169342041, 101.831108093, 102.492874146, 103.154647827, 103.816413879, 104.48979187, 105.139953613, 105.813331604, 106.486709595, 107.148475647, 107.810249329, 108.460403442, 109.110565186, 109.783943176, 110.434104919, 111.095870972, 111.757637024, 112.431015015, 113.081176758, 113.74294281, 114.404716492, 115.066482544, 115.728248596, 116.390022278, 117.063400269, 117.725166321, 118.375328064, 119.037094116, 119.698867798, 120.36063385, 121.022399902, 121.684173584, 122.345939636, 123.007705688, 123.66947937, 124.331245422, 124.993011475, 125.654785156, 126.316551208, 126.966712952, 127.628479004, 128.290252686, 128.94039917, 129.602172852, 130.263946533, 130.925704956, 131.587478638, 132.249252319, 132.911010742, 133.561172485, 134.211334229, 134.87310791, 135.534866333, 136.196640015, 136.858413696, 137.520172119, 138.181945801, 138.855331421, 139.505477905, 140.178863525, 140.852249146, 141.514007568, 142.17578125, 142.849151611, 143.499313354, 144.172698975, 144.822860718, 145.496231079, 146.169616699, 146.842987061, 147.493148804, 148.166534424, 148.816680908, 149.47845459, 150.140228271, 150.813598633, 151.475372314, 152.137145996, 152.78729248, 153.449066162, 154.110839844, 154.772598267, 155.42276001, 156.09614563, 156.769515991, 157.442901611, 158.104675293, 158.754821777, 159.381759644, 160.043533325, 160.705307007, 161.35546875, 162.005615234, 162.679000854, 163.352371216, 164.014144897, 164.675918579, 165.337677002, 165.999450684, 166.661224365, 167.322982788, 167.98475647, 168.634918213, 169.308303833, 169.970062256, 170.631835938, 171.293609619, 171.943756104, 172.605529785, 173.267303467, 173.917449951, 174.579223633, 175.240997314, 175.902755737, 176.564529419, 177.226303101, 177.888076782, 178.549835205, 179.211608887, 179.873382568, 180.535140991, 181.196914673, 181.858688354, 182.520446777, 183.182220459, 183.843994141, 184.505752563, 185.167526245, 185.817687988, 186.479446411, 187.141220093, 187.802993774, 188.453155518, 189.149749756, 189.857955933, 190.624221802, 191.390472412, 192.168334961, 192.946212769, 193.724075317], "beats_loudness": {"dmean2": 0.0298944450915, "median": 0.0295088309795, "min": 0, "dvar2": 0.00058225292014, "dvar": 0.00022651560721, "dmean": 0.0172295961529, "max": 0.0987162217498, "var": 0.000369674788089, "mean": 0.0340368077159}, "danceability": 1.24767971039, "bpm_histogram_second_peak_weight": {"dmean2": 0, "median": 0.0171232875437, "min": 0.0171232875437, "dvar2": 0, "dvar": 0, "dmean": 0, "max": 0.0171232875437, "var": 0, "mean": 0.0171232875437}, "beats_count": 293, "bpm_histogram_second_peak_bpm": {"dmean2": 0, "median": 77, "min": 77, "dvar2": 0, "dvar": 0, "dmean": 0, "max": 77, "var": 0, "mean": 77}, "bpm_histogram_first_peak_spread": {"dmean2": 0, "median": 0.210144937038, "min": 0.210144937038, "dvar2": 0, "dvar": 0, "dmean": 0, "max": 0.210144937038, "var": 0, "mean": 0.210144937038}, "beats_loudness_band_ratio": {"dmean2": [0.99432259798, 0.149845302105, 0.184396088123, 0.278631240129, 0.527119278908, 0.229329183698], "median": [0.460989385843, 0.0707098543644, 0.0428605563939, 0.0917951837182, 0.0719938725233, 0.0767977312207], "min": [0, 0, 0, 0, 0, 0], "dvar2": [0.216487377882, 0.0284051112831, 0.0541503354907, 0.027221692726, 0.063296303153, 0.0227862540632], "dvar": [0.0747430995107, 0.0107452990487, 0.0196318533272, 0.00968655385077, 0.021434834227, 0.00778001127765], "dmean": [0.508131325245, 0.0863068774343, 0.104974836111, 0.151348769665, 0.264481425285, 0.118594311178], "max": [0.994975507259, 0.720478892326, 0.83957195282, 0.637742340565, 0.523310601711, 0.451537251472], "var": [0.116744354367, 0.0104941977188, 0.0180219765753, 0.0151853477582, 0.0294615682214, 0.00951921287924], "mean": [0.417295604944, 0.101902082562, 0.0954692587256, 0.124511383474, 0.163668721914, 0.107735604048]}}, "lowlevel": {"barkbands_spread": {"dmean2": 10.6119194031, "median": 15.8979415894, "min": 0.242812365294, "dvar2": 177.543792725, "dvar": 76.9832000732, "dmean": 6.81897878647, "max": 103.533790588, "var": 193.940200806, "mean": 18.6816711426}, "melbands_spread": {"dmean2": 13.6135292053, "median": 14.1325836182, "min": 0.291169583797, "dvar2": 394.586669922, "dvar": 182.549743652, "dmean": 8.83084583282, "max": 185.49458313, "var": 670.06652832, "mean": 22.6767673492}, "hfc": {"dmean2": 9.36142730713, "median": 11.6873321533, "min": 1.06963419841e-16, "dvar2": 410.443634033, "dvar": 182.130661011, "dmean": 6.54014921188, "max": 135.680847168, "var": 336.492950439, "mean": 17.0779666901}, "barkbands_kurtosis": {"dmean2": 14.2689905167, "median": 3.28855824471, "min": -1.90703308582, "dvar2": 1012.7722168, "dvar": 428.652313232, "dmean": 8.87516403198, "max": 504.285614014, "var": 760.106933594, "mean": 12.3571681976}, "gfcc": {"mean": [-55.165802002, 86.1978378296, -109.231803894, 39.609954834, -58.1019134521, 11.6942176819, -38.8418121338, 12.6546077728, -22.1344966888, 7.17160367966, -4.0013217926, 2.22761249542, -2.85281872749], "icov": [[0.000199777219677, -0.000458256021375, 0.000456719601061, -0.000583688321058, 0.000506852113176, -0.000588823808357, 0.000407632614952, -0.000422441313276, 0.000440948962932, -0.000322722364217, 0.000300447078189, -0.000263707595877, 0.000303538807202], [-0.000458256021375, 0.00193550356198, -0.00115244730841, 0.00145123992115, -0.00136370258406, 0.00142542668618, -0.00126244488638, 0.00128411967307, -0.00173654663377, 0.00169183325488, -0.00124115985818, 0.00138157967012, -0.000754265056457], [0.000456719601061, -0.00115244730841, 0.00180942332372, -0.0018363102572, 0.0010176897049, -0.00138466362841, 0.000726543483324, -0.000811946985777, 0.000965280341916, -0.000630589551292, 0.000512219499797, -0.000701324956026, 0.00103861757088], [-0.000583688321058, 0.00145123992115, -0.0018363102572, 0.0031450248789, -0.00192015524954, 0.00193200586364, -0.00101065065246, 0.00112077652011, -0.00140708684921, 0.000829034717754, -0.00052631390281, 0.000760027673095, -0.00030862778658], [0.000506852113176, -0.00136370258406, 0.0010176897049, -0.00192015524954, 0.0037089753896, -0.00260484940372, 0.00102502538357, -0.00112217164133, 0.000151657601236, -0.000440489879111, 0.000689470150974, -0.000264787377091, 0.000229152894462], [-0.000588823808357, 0.00142542668618, -0.00138466362841, 0.00193200586364, -0.00260484940372, 0.00531188305467, -0.0026751558762, 0.0009179309709, 0.000508869998157, -0.000606894958764, -1.39733756441e-05, 0.00111628696322, 0.000126359707792], [0.000407632614952, -0.00126244488638, 0.000726543483324, -0.00101065065246, 0.00102502538357, -0.0026751558762, 0.00408492237329, -0.00140262651257, 0.00045643444173, -0.000116569324746, 0.000308623421006, -0.000346976303263, 0.000900249055121], [-0.000422441313276, 0.00128411967307, -0.000811946985777, 0.00112077652011, -0.00112217164133, 0.0009179309709, -0.00140262651257, 0.00519563723356, -0.00153207464609, 0.00137662258931, -0.00138182938099, 0.00139944034163, -0.00107234017923], [0.000440948962932, -0.00173654663377, 0.000965280341916, -0.00140708684921, 0.000151657601236, 0.000508869998157, 0.00045643444173, -0.00153207464609, 0.0065334700048, -0.00264495494775, 0.0020973244682, -0.00106998952106, 0.00128913798835], [-0.000322722364217, 0.00169183325488, -0.000630589551292, 0.000829034717754, -0.000440489879111, -0.000606894958764, -0.000116569324746, 0.00137662258931, -0.00264495494775, 0.0081069516018, -0.00233988673426, 0.00087843334768, -0.00113564427011], [0.000300447078189, -0.00124115985818, 0.000512219499797, -0.00052631390281, 0.000689470150974, -1.39733756441e-05, 0.000308623421006, -0.00138182938099, 0.0020973244682, -0.00233988673426, 0.00690531125292, -0.00187621510122, 0.000402695150115], [-0.000263707595877, 0.00138157967012, -0.000701324956026, 0.000760027673095, -0.000264787377091, 0.00111628696322, -0.000346976303263, 0.00139944034163, -0.00106998952106, 0.00087843334768, -0.00187621510122, 0.00731446361169, -0.00159637699835], [0.000303538807202, -0.000754265056457, 0.00103861757088, -0.00030862778658, 0.000229152894462, 0.000126359707792, 0.000900249055121, -0.00107234017923, 0.00128913798835, -0.00113564427011, 0.000402695150115, -0.00159637699835, 0.00937153864652]], "cov": [[23842.9589844, 937.474853516, -2672.95336914, 817.822875977, -895.527160645, 764.88873291, -434.182342529, 395.873291016, -558.142150879, 136.026168823, -219.144042969, -99.7428970337, -189.362106323], [937.474853516, 2094.22753906, 626.078186035, 163.467987061, 423.35635376, 30.7435855865, 353.750427246, -2.61550784111, 276.606170654, -225.271606445, 23.6608295441, -234.046173096, -77.0945587158], [-2672.95336914, 626.078186035, 2230.76245117, 890.80255127, 473.928375244, 171.528167725, 283.344451904, -15.5837869644, 154.018066406, -78.5648269653, -21.2000637054, -96.4811325073, -170.06086731], [817.822875977, 163.467987061, 890.80255127, 1148.0526123, 329.506469727, 52.1352577209, 60.745300293, 8.64266014099, 117.50743866, -20.0195350647, -68.7806091309, -52.6646575928, -112.460891724], [-895.527160645, 423.35635376, 473.928375244, 329.506469727, 709.165649414, 241.394760132, 203.316879272, 45.3424911499, 126.676292419, -35.351436615, -42.8440742493, -110.871574402, -52.2857704163], [764.88873291, 30.7435855865, 171.528167725, 52.1352577209, 241.394760132, 565.40222168, 266.060333252, 56.7736701965, -82.9231567383, 42.8872795105, -39.4684486389, -85.3285369873, -68.4162216187], [-434.182342529, 353.750427246, 283.344451904, 60.745300293, 203.316879272, 266.060333252, 511.981994629, 74.0037765503, 34.1661491394, -38.9123077393, -6.1977391243, -89.8757781982, -60.598941803], [395.873291016, -2.61550784111, -15.5837869644, 8.64266014099, 45.3424911499, 56.7736701965, 74.0037765503, 259.915802002, 13.3647689819, -10.7474517822, 11.2756214142, -34.6843223572, 0.203288331628], [-558.142150879, 276.606170654, 154.018066406, 117.50743866, 126.676292419, -82.9231567383, 34.1661491394, 13.3647689819, 281.18572998, 2.00780153275, -30.4238643646, -24.3171539307, -17.8624954224], [136.026168823, -225.271606445, -78.5648269653, -20.0195350647, -35.351436615, 42.8872795105, -38.9123077393, -10.7474517822, 2.00780153275, 182.240753174, 27.6575832367, 22.6796569824, 12.7880859375], [-219.144042969, 23.6608295441, -21.2000637054, -68.7806091309, -42.8440742493, -39.4684486389, -6.1977391243, 11.2756214142, -30.4238643646, 27.6575832367, 190.004302979, 39.8134078979, 18.7061500549], [-99.7428970337, -234.046173096, -96.4811325073, -52.6646575928, -110.871574402, -85.3285369873, -89.8757781982, -34.6843223572, -24.3171539307, 22.6796569824, 39.8134078979, 197.572631836, 39.9159584045], [-189.362106323, -77.0945587158, -170.06086731, -112.460891724, -52.2857704163, -68.4162216187, -60.598941803, 0.203288331628, -17.8624954224, 12.7880859375, 18.7061500549, 39.9159584045, 139.826049805]]}, "spectral_energyband_middle_low": {"dmean2": 0.0055140783079, "median": 0.00524533353746, "min": 1.5409170947e-22, "dvar2": 7.67658057157e-05, "dvar": 3.02452317555e-05, "dmean": 0.00342001323588, "max": 0.126498445868, "var": 7.98572509666e-05, "mean": 0.00790459662676}, "melbands_crest": {"dmean2": 5.68918180466, "median": 16.0324611664, "min": 1.60497117043, "dvar2": 31.6953907013, "dvar": 12.5068826675, "dmean": 3.42625236511, "max": 37.9892845154, "var": 34.9650878906, "mean": 15.8854799271}, "spectral_kurtosis": {"dmean2": 3.40582442284, "median": 4.09532260895, "min": -1.28592097759, "dvar2": 34.2657089233, "dvar": 14.8000202179, "dmean": 2.16032528877, "max": 100.465446472, "var": 28.0729026794, "mean": 5.04392194748}, "spectral_rms": {"dmean2": 0.0014771851711, "median": 0.00517243146896, "min": 3.10301762584e-12, "dvar2": 3.93198570237e-06, "dvar": 1.65473682046e-06, "dmean": 0.000952275877353, "max": 0.0117153078318, "var": 6.08217624176e-06, "mean": 0.00497625116259}, "zerocrossingrate": {"dmean2": 0.0144392577931, "median": 0.04541015625, "min": 0.00048828125, "dvar2": 0.000345990934875, "dvar": 0.000256636209087, "dmean": 0.0125265903771, "max": 0.5390625, "var": 0.00463520176709, "mean": 0.0610819347203}, "silence_rate_60dB": {"dmean2": 0.0782816261053, "median": 0, "min": 0, "dvar2": 0.085752248764, "dvar": 0.0376009941101, "dmean": 0.0391361415386, "max": 1, "var": 0.092646472156, "mean": 0.103316627443}, "erbbands_kurtosis": {"dmean2": 2.84049415588, "median": 0.162865996361, "min": -1.89604973793, "dvar2": 31.4784832001, "dvar": 14.3574695587, "dmean": 1.81236600876, "max": 112.794448853, "var": 23.6684684753, "mean": 1.46326637268}, "erbbands": {"dmean2": [0.171231225133, 1.98738956451, 6.81354570389, 6.20841360092, 4.63834476471, 3.82168221474, 9.68263339996, 18.7276878357, 12.7305402756, 14.2466411591, 17.0824890137, 27.1501522064, 29.9834537506, 23.1436042786, 26.8791351318, 36.3967056274, 30.8396263123, 38.5665245056, 25.902009964, 29.6697750092, 30.1872119904, 19.7478656769, 14.9776983261, 18.138917923, 16.8429260254, 11.3344364166, 6.26641702652, 4.49104309082, 3.06402254105, 3.75001215935, 2.34263038635, 1.23753321171, 0.862036645412, 0.493894457817, 0.267963320017, 0.0794726014137, 0.0160772036761, 0.00218227203004, 8.97343488759e-05, 2.13829134736e-05], "median": [0.0829384624958, 1.08387601376, 1.8200186491, 1.75854086876, 1.07850837708, 2.0523314476, 4.50250339508, 7.41458034515, 5.78762769699, 2.68707561493, 1.98659682274, 3.42243480682, 3.23408651352, 3.14702415466, 3.16934490204, 3.11007285118, 2.90577888489, 3.85333800316, 3.74624586105, 3.40513372421, 3.0871925354, 3.42211341858, 3.59109258652, 4.17586994171, 4.32448196411, 3.30067586899, 2.1308836937, 1.15253520012, 0.679483175278, 0.631224036217, 0.670659661293, 0.593355536461, 0.402601629496, 0.171667397022, 0.0775846242905, 0.0254414901137, 0.00469594635069, 0.000358433579095, 3.21872066706e-05, 3.57090102625e-05], "min": [7.82183860301e-23, 5.94263889328e-22, 1.09222868806e-21, 5.02000565681e-21, 7.15238276412e-21, 2.14754860141e-20, 4.65041037313e-20, 4.62632778507e-20, 7.17016246209e-20, 1.73661360953e-19, 3.35015024023e-19, 4.16753858529e-19, 4.20539166259e-19, 6.49502372073e-19, 6.41218106539e-19, 1.04828505971e-18, 1.78559467006e-18, 2.00745836562e-18, 2.03066202257e-18, 3.26523218874e-18, 3.47991409542e-18, 4.18603765251e-18, 4.10096502164e-18, 6.08991294631e-18, 6.91469266714e-18, 9.23666681514e-18, 8.61290480446e-18, 9.05288630818e-18, 1.05748266706e-17, 1.11877021572e-17, 8.88136544509e-18, 1.10678271428e-17, 1.04351150379e-17, 8.16803383614e-18, 6.43087968994e-18, 4.15423958899e-18, 2.10090516622e-18, 8.54372262336e-19, 2.49856004479e-19, 2.52216076782e-20], "dvar2": [0.10678306222, 12.6994924545, 261.484008789, 247.610198975, 127.191062927, 51.2308158875, 242.412094116, 1086.51635742, 1736.54602051, 3408.43334961, 3417.9206543, 11658.5449219, 10453.6767578, 5767.68505859, 7124.77685547, 14424.2900391, 8966.09570312, 12593.3544922, 5328.85546875, 8078.81347656, 10468.4013672, 2960.5378418, 1291.55310059, 2431.43408203, 2052.68310547, 627.653076172, 206.906707764, 86.3957595825, 42.6788215637, 51.1415214539, 16.7145996094, 4.2939119339, 2.57365441322, 0.855110704899, 0.261472940445, 0.0254739634693, 0.00118289969396, 2.42770129262e-05, 5.02932202551e-08, 9.66826174675e-10], "dvar": [0.0409891232848, 4.7652721405, 93.0819854736, 86.7742462158, 44.0297317505, 19.2812309265, 94.8741073608, 391.172698975, 804.65020752, 1523.94494629, 1540.84899902, 4812.73828125, 5505.55664062, 2534.47802734, 3178.28710938, 6482.90576172, 4311.70996094, 5913.48730469, 2292.9074707, 3307.75830078, 3981.40893555, 1208.80004883, 584.710571289, 1094.03063965, 945.559509277, 289.502319336, 110.587463379, 41.3102645874, 20.6706905365, 22.3184547424, 7.13637638092, 1.98259496689, 1.10600078106, 0.362429529428, 0.112639315426, 0.0118507873267, 0.00055506901117, 1.02849116956e-05, 2.06783106194e-08, 3.79581338583e-10], "dmean": [0.108007989824, 1.17873692513, 3.84163022041, 3.49090504646, 2.67940378189, 2.32972049713, 5.82821655273, 10.8216648102, 8.22047042847, 9.4296579361, 11.5530185699, 18.0683517456, 20.8999958038, 15.4236221313, 17.9703903198, 23.9543247223, 19.9760704041, 25.7692317963, 17.1372108459, 18.9329547882, 18.834695816, 12.8218774796, 9.96327018738, 11.979552269, 11.5849523544, 7.61994695663, 4.34302377701, 3.08069372177, 2.0720500946, 2.40057086945, 1.48359823227, 0.81167858839, 0.566365122795, 0.315241485834, 0.171755984426, 0.0520804412663, 0.0105539644137, 0.00138595828321, 5.57975254196e-05, 1.33633429868e-05], "max": [2.08156251907, 21.2836818695, 68.7801742554, 86.8868331909, 58.0808677673, 66.1781997681, 229.365402222, 473.559844971, 1150.0645752, 1339.86694336, 1011.6461792, 2149.66674805, 2146.00585938, 1205.80554199, 1380.70361328, 2786.44750977, 2475.10498047, 2165.53808594, 1190.64733887, 769.63848877, 900.437561035, 735.717163086, 348.964935303, 598.030761719, 613.944091797, 489.328460693, 445.966003418, 185.31892395, 170.926025391, 64.3422851562, 34.2146339417, 29.4997787476, 19.9942111969, 14.4602870941, 7.04494285583, 2.80578517914, 1.01534438133, 0.0692002102733, 0.00362618034706, 0.000301042018691], "var": [0.0892288163304, 16.3528671265, 111.44078064, 72.532623291, 37.1060295105, 28.9891662598, 194.589355469, 647.578369141, 1207.2331543, 2037.46740723, 3370.38305664, 11723.5644531, 22151.8339844, 4051.68847656, 6971.49804688, 10900.8671875, 8724.4453125, 10397.4921875, 3259.30029297, 4050.59692383, 3919.41992188, 1667.67602539, 1008.20294189, 1477.328125, 1493.05541992, 990.09576416, 414.052398682, 103.961097717, 48.9892349243, 28.124830246, 10.6736459732, 4.64729356766, 2.48561215401, 0.700742304325, 0.244373604655, 0.0292733423412, 0.00159404578153, 1.39641588248e-05, 2.47290241617e-08, 9.07376451753e-10], "mean": [0.240914434195, 3.23532223701, 6.78579330444, 4.88107967377, 3.45413804054, 3.83005523682, 9.50106906891, 16.1145820618, 13.9637441635, 13.059305191, 17.3885707855, 32.9635925293, 39.5267181396, 20.7771492004, 26.99243927, 31.0477313995, 26.6710357666, 34.4143180847, 23.068189621, 23.4082584381, 22.0043182373, 17.8688831329, 15.3877401352, 17.0950889587, 17.7235527039, 13.9947814941, 7.90241003036, 4.86961078644, 3.20873570442, 2.80269002914, 2.03926301003, 1.41627645493, 0.983508169651, 0.515592992306, 0.28341755271, 0.0870329290628, 0.016372885555, 0.00161426723935, 7.58017849876e-05, 3.99259624828e-05]}, "spectral_strongpeak": {"dmean2": 0.799320042133, "median": 0.529004216194, "min": 0, "dvar2": 1.96611821651, "dvar": 0.839572072029, "dmean": 0.479553759098, "max": 14.2880077362, "var": 1.7747964859, "mean": 0.936961770058}, "spectral_energy": {"dmean2": 0.017308274284, "median": 0.0274228993803, "min": 9.86943600843e-21, "dvar2": 0.000676630821545, "dvar": 0.000255015766015, "dmean": 0.0107069173828, "max": 0.140679657459, "var": 0.000635725562461, "mean": 0.0316164642572}, "average_loudness": 0.91954100132, "spectral_rolloff": {"dmean2": 904.205749512, "median": 753.662109375, "min": 21.533203125, "dvar2": 2414548.5, "dvar": 1074774.5, "dmean": 544.092346191, "max": 19638.28125, "var": 6885437.5, "mean": 1586.49401855}, "spectral_centroid": {"dmean2": 517.483032227, "median": 1210.11169434, "min": 107.177848816, "dvar2": 372000, "dvar": 182358.890625, "dmean": 345.423492432, "max": 11974.1523438, "var": 2104075.25, "mean": 1495.9107666}, "pitch_salience": {"dmean2": 0.136965811253, "median": 0.489857196808, "min": 0.0504735335708, "dvar2": 0.0191681943834, "dvar": 0.007391825784, "dmean": 0.0834119319916, "max": 0.995487987995, "var": 0.0241973865777, "mean": 0.494914233685}, "spectral_energyband_middle_high": {"dmean2": 0.00404317164794, "median": 0.00194702204317, "min": 1.08589185045e-21, "dvar2": 0.000113034198876, "dvar": 4.72508836538e-05, "dmean": 0.00277429050766, "max": 0.0815819278359, "var": 7.94834340923e-05, "mean": 0.00511357747018}, "spectral_contrast_coeffs": {"dmean2": [0.0820336863399, 0.0948674231768, 0.0712149143219, 0.0609300397336, 0.0455976836383, 0.0333306342363], "median": [-0.644071102142, -0.666763246059, -0.764029026031, -0.783782362938, -0.777534723282, -0.780580401421], "min": [-0.998767673969, -0.984905004501, -0.995882332325, -0.998531401157, -0.976139366627, -0.963962197304], "dvar2": [0.00529264798388, 0.0062122317031, 0.00378725328483, 0.00269186822698, 0.00151917512994, 0.000860214116983], "dvar": [0.00216004322283, 0.00243224506266, 0.00178892083932, 0.00127617479302, 0.000721178716049, 0.000424763798947], "dmean": [0.0503308884799, 0.058411244303, 0.0461185798049, 0.0396737717092, 0.0302677359432, 0.0224865805358], "max": [-0.319459170103, -0.321722239256, -0.299021214247, -0.414102584124, -0.471896231174, -0.580856204033], "var": [0.00926609896123, 0.00997700821608, 0.0113549577072, 0.00702910637483, 0.00449299160391, 0.00275707594119], "mean": [-0.644206762314, -0.668397605419, -0.744162678719, -0.769285619259, -0.77013117075, -0.780835747719]}, "melbands_skewness": {"dmean2": 2.13473582268, "median": 2.78647756577, "min": -1.65920639038, "dvar2": 7.50087976456, "dvar": 3.18279743195, "dmean": 1.38383042812, "max": 20.800819397, "var": 9.9159784317, "mean": 3.5836725235}, "spectral_spread": {"dmean2": 1029203.0625, "median": 4389435, "min": 832330.125, "dvar2": 1520350003200.0, "dvar": 872710537216, "dmean": 710449.0625, "max": 42494716, "var": 22899683491800.0, "mean": 5218618.5}, "dissonance": {"dmean2": 0.0426287911832, "median": 0.461498111486, "min": 0, "dvar2": 0.00228531938046, "dvar": 0.000886391091626, "dmean": 0.0260303933173, "max": 0.5, "var": 0.00212691817433, "mean": 0.448186635971}, "spectral_skewness": {"dmean2": 0.467307716608, "median": 1.54782009125, "min": -0.107538819313, "dvar2": 0.321471214294, "dvar": 0.158256977797, "dmean": 0.313514024019, "max": 8.29608154297, "var": 0.519658446312, "mean": 1.59808135033}, "spectral_flux": {"dmean2": 0.0505256019533, "median": 0.0733859315515, "min": 6.40956177023e-11, "dvar2": 0.0035587514285, "dvar": 0.00152246188372, "dmean": 0.0321528054774, "max": 0.308702647686, "var": 0.00332415523008, "mean": 0.0874214395881}, "spectral_contrast_valleys": {"dmean2": [0.766348838806, 0.756338119507, 0.744991183281, 0.65097630024, 0.53402608633, 0.510670244694], "median": [-7.29060506821, -7.43148803711, -8.11922645569, -8.3189125061, -7.91975641251, -10.2623033524], "min": [-28.5569248199, -28.0843887329, -27.8071231842, -27.7987556458, -27.553396225, -27.4096698761], "dvar2": [0.576380670071, 0.496603697538, 0.596129417419, 0.525692880154, 0.365878522396, 0.340836495161], "dvar": [0.339997828007, 0.233529731631, 0.290389806032, 0.284125387669, 0.214576125145, 0.218193128705], "dmean": [0.50345480442, 0.480061322451, 0.491540640593, 0.450483173132, 0.386211842299, 0.387662738562], "max": [-5.36884450912, -4.81028270721, -4.92824363708, -5.04735040665, -5.54091072083, -8.35808086395], "var": [8.01591968536, 6.88287115097, 6.68755817413, 6.62285995483, 6.5830655098, 5.31626462936], "mean": [-8.09218406677, -7.78499937057, -8.38647651672, -8.58507156372, -8.28223991394, -10.6391105652]}, "erbbands_flatness_db": {"dmean2": 0.0325763747096, "median": 0.17640414834, "min": 0.0615169927478, "dvar2": 0.00100022868719, "dvar": 0.000517935492098, "dmean": 0.0228888299316, "max": 0.419859886169, "var": 0.00275846151635, "mean": 0.180168449879}, "spectral_energyband_high": {"dmean2": 0.000429362087743, "median": 0.000261275621597, "min": 7.16617099252e-21, "dvar2": 4.4781785391e-07, "dvar": 2.32420518387e-07, "dmean": 0.000294821074931, "max": 0.0103052854538, "var": 6.91397758601e-07, "mean": 0.000575418584049}, "spectral_entropy": {"dmean2": 0.367106705904, "median": 7.38365793228, "min": 4.66266727448, "dvar2": 0.170380160213, "dvar": 0.0864913836122, "dmean": 0.255211681128, "max": 9.82392597198, "var": 0.421092182398, "mean": 7.34643888474}, "silence_rate_20dB": {"dmean2": 0, "median": 1, "min": 1, "dvar2": 0, "dvar": 0, "dmean": 0, "max": 1, "var": 0, "mean": 1}, "melbands_flatness_db": {"dmean2": 0.0580178909004, "median": 0.246043741703, "min": 0.00313623389229, "dvar2": 0.0039246911183, "dvar": 0.00202887598425, "dmean": 0.0407519750297, "max": 0.709073781967, "var": 0.011579961516, "mean": 0.250074267387}, "barkbands": {"dmean2": [0.00059057463659, 0.00756178284064, 0.00600786833093, 0.00178258144297, 0.00123659300152, 0.00206301384605, 0.000952075410169, 0.000720686337445, 0.00129402929451, 0.000930134789087, 0.000654092116747, 0.000925054133404, 0.000702716235537, 0.00076443539001, 0.000637557415757, 0.000560297281481, 0.000381998106604, 0.000275694415905, 0.000367845233995, 0.000239103275817, 0.00013556308113, 0.000102823098132, 9.03913096408e-05, 5.2657454944e-05, 4.06643157476e-05, 1.10230757855e-05, 7.92181594989e-07], "median": [0.00014872745669, 0.00451576896012, 0.00114880083129, 0.000348713714629, 0.00061471958179, 0.000902159605175, 0.000298234401271, 5.13738195878e-05, 0.000133633526275, 6.91333552822e-05, 4.99154266436e-05, 6.07142283116e-05, 4.69582373626e-05, 6.71325105941e-05, 5.76642778469e-05, 4.53638858744e-05, 5.37465493835e-05, 5.91728348809e-05, 8.51021977724e-05, 7.04255289747e-05, 3.52357928932e-05, 1.9387294742e-05, 2.30306904996e-05, 2.80498097709e-05, 1.31522265292e-05, 3.53855716639e-06, 2.3663602633e-08], "min": [2.32742735811e-25, 1.74272114067e-24, 7.92912790653e-25, 2.70353725576e-25, 4.56567527279e-24, 5.74705955938e-24, 3.94381977108e-24, 2.80981999248e-24, 1.8658548338e-23, 1.42266725522e-23, 1.42039486249e-23, 2.01936685041e-23, 3.31295642446e-23, 2.9241313019e-23, 3.00138287263e-23, 5.82816936991e-23, 5.64146808175e-23, 6.09266370292e-23, 1.24014058741e-22, 1.97924519544e-22, 2.42433541186e-22, 2.92016970554e-22, 2.99376020436e-22, 5.24627489531e-22, 8.38442365592e-22, 1.30844039178e-21, 1.92812266689e-21], "dvar2": [8.79086712757e-07, 0.0001700520952, 0.000229349083384, 1.96393793885e-05, 5.60349872103e-06, 1.0896303138e-05, 1.19360893223e-05, 7.78721823735e-06, 2.31051762967e-05, 9.23242441786e-06, 4.61315812572e-06, 9.96683866106e-06, 5.20239927937e-06, 4.70763961857e-06, 3.71020905732e-06, 3.33024763677e-06, 1.16532567063e-06, 4.10573221643e-07, 7.62508022945e-07, 2.45133236376e-07, 8.59560387312e-08, 4.43710455045e-08, 2.67583946112e-08, 7.83123610404e-09, 5.60578738984e-09, 4.93855623063e-10, 4.40319482264e-12], "dvar": [3.12214666565e-07, 6.58401404507e-05, 8.0902427726e-05, 6.81033270666e-06, 2.01915327125e-06, 3.96899758925e-06, 5.61238084629e-06, 3.38768245456e-06, 1.00889747046e-05, 4.67316658614e-06, 2.09351378544e-06, 4.38491269961e-06, 2.3148541004e-06, 2.15354157262e-06, 1.43615466186e-06, 1.27004943806e-06, 4.64016409296e-07, 1.93313269392e-07, 3.9672835328e-07, 1.1393611743e-07, 4.08704678989e-08, 2.07935535457e-08, 1.11107931744e-08, 3.58711549353e-09, 2.39834330173e-09, 2.36674929655e-10, 1.67549231867e-12], "dmean": [0.00034399703145, 0.00454131001607, 0.00337844248861, 0.000997142517008, 0.000746053468902, 0.00119541364256, 0.00061453419039, 0.000477766705444, 0.000875210971572, 0.000626878580078, 0.000431703228969, 0.000611498602666, 0.000447489699582, 0.000505629694089, 0.000393240188714, 0.00034600138315, 0.000240077919443, 0.000181622148375, 0.000240751192905, 0.00015908270143, 9.16494536796e-05, 6.86109488015e-05, 5.66161579627e-05, 3.46164706571e-05, 2.59867611021e-05, 7.3166461334e-06, 4.63737279688e-07], "max": [0.00655383523554, 0.0832240432501, 0.0671877339482, 0.0249315928668, 0.0210151448846, 0.0394907705486, 0.119367606938, 0.0551851093769, 0.115796230733, 0.0719832703471, 0.0324354507029, 0.0770199894905, 0.0567933954298, 0.0366702228785, 0.0185070820153, 0.0152785340324, 0.0173676647246, 0.0100328568369, 0.00934457965195, 0.00914850924164, 0.00664300238714, 0.00500336708501, 0.00130333576817, 0.00146043428686, 0.00098955410067, 0.000440292787971, 3.16463447234e-05], "var": [4.16078592025e-07, 0.000240154040512, 7.2907860158e-05, 5.65826167076e-06, 2.64996879196e-06, 7.33652359486e-06, 8.79517210706e-06, 4.72124247608e-06, 2.91760625259e-05, 1.07308760562e-05, 3.67246252608e-06, 7.81885773904e-06, 4.23030542152e-06, 3.52578899765e-06, 1.57904048592e-06, 1.22989081319e-06, 5.98069618718e-07, 3.52513325197e-07, 6.30011129488e-07, 4.36939330939e-07, 1.18202869714e-07, 4.28982680489e-08, 1.47528744776e-08, 9.05536889917e-09, 4.86490181473e-09, 6.48640363643e-10, 1.40909723126e-12], "mean": [0.000431280815974, 0.0128677915782, 0.00489572063088, 0.00123269006144, 0.00118682219181, 0.00182117975783, 0.00098108779639, 0.000581294880249, 0.00165227381513, 0.00085799745284, 0.000580813677516, 0.000801876885816, 0.000566364848055, 0.000643517356366, 0.000459166476503, 0.000380112265702, 0.000315223966027, 0.000270962016657, 0.000358341872925, 0.000298594852211, 0.00014588535123, 9.5817114925e-05, 7.36099682399e-05, 6.27832050668e-05, 4.28431849286e-05, 1.19886453831e-05, 3.88210168012e-07]}, "erbbands_skewness": {"dmean2": 0.841664433479, "median": 0.270003050566, "min": -3.2790954113, "dvar2": 0.834599912167, "dvar": 0.374228596687, "dmean": 0.555932879448, "max": 9.22758579254, "var": 1.21739411354, "mean": 0.373456329107}, "erbbands_spread": {"dmean2": 19.7019252777, "median": 35.0697555542, "min": 1.24168658257, "dvar2": 583.901367188, "dvar": 268.510772705, "dmean": 12.9667253