{"metadata": {"tags": {"label": ["Schema Records"], "releasecountry": ["IT"], "musicbrainz_releasetrackid": ["92d90d4d-2ac1-3aeb-b77c-f507ca5eb8f6"], "catalognumber": ["SCCD 406"], "releasestatus": ["promotion"], "releasetype": ["album"], "originalyear": ["2006"], "disctotal": ["1"], "musicbrainz_albumartistid": ["406c77d1-4c07-405b-bb86-4217fa4fc0a4", "6e062659-af60-438b-8c99-9b9a412e98c0"], "album": ["Handful of Soul"], "script": ["Latn"], "albumartistsort": ["Biondi, Mario and the High Five Quintet"], "acoustid_id": ["3ce642dd-2372-44ba-90b4-0f9af9b5dff5"], "musicbrainz_artistid": ["406c77d1-4c07-405b-bb86-4217fa4fc0a4", "6e062659-af60-438b-8c99-9b9a412e98c0"], "musicbrainz_albumid": ["16f96eef-09e2-4aa7-9c82-69c6a8fbe5a8"], "musicbrainz_recordingid": ["0992fd32-858d-4436-91de-4d458c75751f"], "albumartist": ["Mario Biondi and the High Five Quintet"], "barcode": ["8018344014067"], "originaldate": ["2006-02-05"], "totaltracks": ["12"], "artist": ["Mario Biondi and the High Five Quintet"], "isrc": ["ITO0P0601137"], "artistsort": ["Biondi, Mario and the High Five Quintet"], "title": ["No Mercy for Me"], "tracknumber": ["2"], "tracktotal": ["12"], "musicbrainz_releasegroupid": ["ece04f15-4536-3be9-8793-a0873b92066a"], "totaldiscs": ["1"], "date": ["2006"], "media": ["CD"], "file_name": "02 No Mercy for Me.flac", "discnumber": ["1"]}, "audio_properties": {"sample_rate": 44100, "downmix": "mix", "lossless": true, "analysis_sample_rate": 44100, "md5_encoded": "2a11bc6192967f92c59110d2fefde5ef", "equal_loudness": 0, "replay_gain": -11.2747554779, "codec": "flac", "bit_rate": 0, "length": 229.479995728}, "version": {"extractor": "music 1.0", "essentia_build_sha": "70f2e5ece6736b2c40cc944ad0e695b16b925413", "essentia_git_sha": "v2.1_beta2", "essentia": "2.1-beta2"}}, "rhythm": {"beats_loudness_band_ratio": {"dvar2": [0.161093503237, 0.0419770888984, 0.0701802670956, 0.0273471679538, 0.00452668592334, 0.0511620566249], "var": [0.0810735523701, 0.0205747671425, 0.0255618169904, 0.0147593021393, 0.00242075603455, 0.0106819793582], "min": [0.00348837813362, 0.00354685634375, 0.00198285817169, 0.000111536901386, 3.8448448322e-05, 3.67265674868e-05], "dmean": [0.284857660532, 0.127565070987, 0.140183836222, 0.0915493220091, 0.0331051461399, 0.0908462032676], "mean": [0.50638794899, 0.178241893649, 0.155281946063, 0.107663400471, 0.0364798344672, 0.0600947737694], "max": [0.991336286068, 0.829876244068, 0.789058089256, 0.807975113392, 0.307565569878, 0.714237570763], "dmean2": [0.513275623322, 0.224172085524, 0.246488064528, 0.155468717217, 0.0587399564683, 0.176565542817], "median": [0.511889338493, 0.132531180978, 0.0956814289093, 0.0668129920959, 0.017138460651, 0.0215204190463], "dvar": [0.050384670496, 0.0145245315507, 0.0242971405387, 0.0106662046164, 0.00174510641955, 0.0160851590335]}, "bpm_histogram_first_peak_weight": {"dvar2": 0, "var": 0, "min": 0.782608687878, "dmean": 0, "mean": 0.782608687878, "max": 0.782608687878, "dmean2": 0, "median": 0.782608687878, "dvar": 0}, "bpm": 151.988006592, "beats_count": 576, "bpm_histogram_first_peak_spread": {"dvar2": 0, "var": 0, "min": 0.0945674180984, "dmean": 0, "mean": 0.0945674180984, "max": 0.0945674180984, "dmean2": 0, "median": 0.0945674180984, "dvar": 0}, "danceability": 1.13782477379, "bpm_histogram_first_peak_bpm": {"dvar2": 0, "var": 0, "min": 152, "dmean": 0, "mean": 152, "max": 152, "dmean2": 0, "median": 152, "dvar": 0}, "beats_position": [0.371519267559, 0.766258478165, 1.16099774837, 1.55573689938, 1.95047616959, 2.34521532059, 2.73995471001, 3.13469386101, 3.52943301201, 3.92417216301, 4.31891155243, 4.71365070343, 5.10838985443, 5.50312900543, 5.89786815643, 6.29260778427, 6.68734693527, 7.08208608627, 7.47682523727, 7.87156438828, 8.26630401611, 8.66104316711, 9.05578231812, 9.45052146912, 9.84526062012, 10.2399997711, 10.6347389221, 11.0294780731, 11.4242172241, 11.8189563751, 12.2136955261, 12.6084346771, 13.0031747818, 13.3979139328, 13.8042631149, 14.1990022659, 14.6053514481, 15.0000905991, 15.3948297501, 15.7895689011, 16.1843090057, 16.5790481567, 16.9737873077, 17.3685264587, 17.7632656097, 18.1580047607, 18.5527439117, 18.9474830627, 19.3422222137, 19.7369613647, 20.1317005157, 20.5264396667, 20.9211788177, 21.3159179688, 21.7106571198, 22.1053962708, 22.5001354218, 22.8948745728, 23.2896137238, 23.6843528748, 24.0790920258, 24.4738311768, 24.8685703278, 25.2633094788, 25.6580486298, 26.0527877808, 26.4475269318, 26.8422679901, 27.2370071411, 27.6317462921, 28.0264854431, 28.4212245941, 28.8159637451, 29.2107028961, 29.6054420471, 29.988571167, 30.3717002869, 30.7664394379, 31.1611785889, 31.567527771, 31.9738769531, 32.3686180115, 32.7633552551, 33.146484375, 33.5412254333, 33.935962677, 34.3423118591, 34.7370529175, 35.1317901611, 35.5265312195, 35.9212684631, 36.3160095215, 36.7107467651, 37.1054878235, 37.5002250671, 37.8949661255, 38.2897033691, 38.672832489, 39.0675735474, 39.4507026672, 39.8454399109, 40.2401809692, 40.6349182129, 41.0296592712, 41.4243965149, 41.8191375732, 42.2254867554, 42.6202278137, 43.0033569336, 43.3980941772, 43.7928352356, 44.1875724792, 44.5823135376, 44.9770507812, 45.3717918396, 45.7781410217, 46.1844902039, 46.5792274475, 46.9739685059, 47.3687057495, 47.7634468079, 48.1581840515, 48.5529251099, 48.9360542297, 49.3191833496, 49.7139205933, 50.1086616516, 50.5033988953, 50.8981399536, 51.2928771973, 51.6876182556, 52.0707473755, 52.4654884338, 52.8602256775, 53.2665748596, 53.661315918, 54.0560531616, 54.45079422, 54.8455314636, 55.240272522, 55.6350097656, 56.029750824, 56.4244880676, 56.819229126, 57.2139663696, 57.608707428, 58.0034446716, 58.39818573, 58.7929229736, 59.187664032, 59.5824012756, 59.977142334, 60.3718795776, 60.766620636, 61.1613578796, 61.556098938, 61.9624481201, 62.3571853638, 62.7519264221, 63.1466636658, 63.5414047241, 63.924533844, 64.3192749023, 64.714012146, 65.1087493896, 65.5034942627, 65.8982315063, 66.29296875, 66.6877059937, 67.0824508667, 67.4771881104, 67.871925354, 68.2666625977, 68.6614074707, 69.0561447144, 69.450881958, 69.8456192017, 70.2403640747, 70.6351013184, 71.029838562, 71.4245758057, 71.8077087402, 72.2024459839, 72.5855789185, 72.9919281006, 73.3866653442, 73.7930145264, 74.18775177, 74.5824966431, 74.9772338867, 75.3719711304, 75.766708374, 76.1614532471, 76.5561904907, 76.9509277344, 77.345664978, 77.7404098511, 78.1351470947, 78.5298843384, 78.924621582, 79.3309707642, 79.7141036987, 80.1204528809, 80.503578186, 80.8983230591, 81.2930603027, 81.6877975464, 82.08253479, 82.4772796631, 82.8720169067, 83.2667541504, 83.661491394, 84.0562362671, 84.4509735107, 84.8457107544, 85.2404556274, 85.6351928711, 86.0183181763, 86.4130630493, 86.807800293, 87.2141494751, 87.6088867188, 88.0036239624, 88.386756897, 88.7698822021, 89.1530151367, 89.5593643188, 89.9541015625, 90.3488388062, 90.7435836792, 91.1499328613, 91.5562820435, 91.9510192871, 92.3457565308, 92.7404937744, 93.1352386475, 93.5299758911, 93.9247131348, 94.3194503784, 94.7141952515, 95.1089324951, 95.5036697388, 95.8984146118, 96.2931518555, 96.6878890991, 97.0826263428, 97.4773712158, 97.8721084595, 98.2668457031, 98.6615829468, 99.0563278198, 99.4510650635, 99.8458023071, 100.240539551, 100.646888733, 101.041633606, 101.43637085, 101.819496155, 102.214241028, 102.608978271, 103.015327454, 103.410064697, 103.804801941, 104.187934875, 104.582672119, 104.977409363, 105.372154236, 105.766891479, 106.161628723, 106.556373596, 106.95111084, 107.345848083, 107.740585327, 108.1353302, 108.530067444, 108.924804688, 109.307937622, 109.691062927, 110.085800171, 110.480545044, 110.886894226, 111.28163147, 111.687980652, 112.082717896, 112.477455139, 112.872200012, 113.266937256, 113.6616745, 114.056411743, 114.451156616, 114.834281921, 115.217414856, 115.6121521, 116.006889343, 116.413238525, 116.819587708, 117.22593689, 117.632286072, 118.027030945, 118.421768188, 118.816505432, 119.199638367, 119.59437561, 119.977500916, 120.372245789, 120.766983032, 121.161720276, 121.55645752, 121.951202393, 122.345939636, 122.74067688, 123.135414124, 123.530158997, 123.92489624, 124.319633484, 124.714370728, 125.109115601, 125.503852844, 125.898590088, 126.293327332, 126.688072205, 127.082809448, 127.500770569, 127.872291565, 128.267028809, 128.650161743, 129.044891357, 129.43963623, 129.834381104, 130.240722656, 130.635467529, 131.030197144, 131.424942017, 131.81968689, 132.214416504, 132.609161377, 133.003890991, 133.398635864, 133.793380737, 134.188110352, 134.582855225, 134.977600098, 135.372329712, 135.767074585, 136.161804199, 136.556549072, 136.951293945, 137.34602356, 137.740768433, 138.135513306, 138.53024292, 138.936599731, 139.342941284, 139.737686157, 140.13243103, 140.527160645, 140.921905518, 141.316635132, 141.711380005, 142.106124878, 142.500854492, 142.895599365, 143.301940918, 143.685073853, 144.068206787, 144.451339722, 144.846069336, 145.229202271, 145.612335205, 146.007064819, 146.413421631, 146.819763184, 147.214508057, 147.597640991, 147.992385864, 148.398727417, 148.79347229, 149.188201904, 149.582946777, 149.97769165, 150.372421265, 150.743942261, 151.138687134, 151.533416748, 151.93977356, 152.322906494, 152.717636108, 153.112380981, 153.507110596, 153.901855469, 154.296600342, 154.702941895, 155.109298706, 155.50402832, 155.898773193, 156.293518066, 156.688247681, 157.071380615, 157.466125488, 157.860855103, 158.267211914, 158.661941528, 159.056686401, 159.451431274, 159.846160889, 160.240905762, 160.635650635, 161.030380249, 161.425125122, 161.819854736, 162.214599609, 162.609344482, 163.004074097, 163.39881897, 163.793563843, 164.188293457, 164.58303833, 164.977767944, 165.372512817, 165.755645752, 166.150375366, 166.545120239, 166.951477051, 167.346206665, 167.740951538, 168.135681152, 168.530426025, 168.91355896, 169.308303833, 169.691421509, 170.086166382, 170.480911255, 170.875640869, 171.270385742, 171.676727295, 172.059860229, 172.454605103, 172.849334717, 173.24407959, 173.638824463, 174.045166016, 174.451522827, 174.846252441, 175.240997314, 175.635726929, 176.030471802, 176.425216675, 176.819946289, 177.214691162, 177.609436035, 178.027389526, 178.422134399, 178.816864014, 179.211608887, 179.606338501, 180.001083374, 180.395828247, 180.790557861, 181.173690796, 181.55682373, 181.951568604, 182.346298218, 182.741043091, 183.135772705, 183.530517578, 183.925262451, 184.319992065, 184.714736938, 185.109481812, 185.504211426, 185.898956299, 186.293685913, 186.688430786, 187.083175659, 187.477905273, 187.872650146, 188.26739502, 188.662124634, 189.056869507, 189.451599121, 189.846343994, 190.241088867, 190.635818481, 191.030563354, 191.425308228, 191.820037842, 192.214782715, 192.609527588, 193.004257202, 193.399002075, 193.793731689, 194.188476562, 194.583221436, 194.97795105, 195.372695923, 195.767440796, 196.16217041, 196.556915283, 196.951644897, 197.346389771, 197.741134644, 198.135864258, 198.530609131, 198.913742065, 199.30847168, 199.703216553, 200.109558105, 200.504302979, 200.899047852, 201.293777466, 201.688522339, 202.071655273, 202.466384888, 202.861129761, 203.255874634, 203.650604248, 204.05696106, 204.451690674, 204.846435547, 205.24118042, 205.635910034, 206.030654907, 206.42539978, 206.820129395, 207.214874268, 207.609603882, 208.004348755, 208.399093628, 208.793823242, 209.188568115, 209.583312988, 209.978042603, 210.372787476, 210.76751709, 211.162261963, 211.557006836, 211.95173645, 212.346481323, 212.741226196, 213.135955811, 213.542312622, 213.948654175, 214.343399048, 214.749740601, 215.156097412, 215.574050903, 215.992019653, 216.409973145, 216.827926636, 217.164627075, 217.501312256, 217.826385498, 218.163085938, 218.499771118, 218.848068237, 219.196365356, 219.544662476, 219.892959595, 220.241271973, 220.589569092, 220.937866211, 221.28616333, 221.727340698, 222.168518066, 222.609695435, 223.07409668, 223.538497925, 224.00289917, 224.583404541, 225.163894653, 225.744400024, 226.348114014, 226.951828003, 227.555557251, 228.170883179, 228.786209106], "beats_loudness": {"dvar2": 0.0017309874529, "var": 0.000757918402087, "min": 5.99921179401e-08, "dmean": 0.0263575967401, "mean": 0.0331551656127, "max": 0.142399922013, "dmean2": 0.0485263802111, "median": 0.0258833281696, "dvar": 0.000546681869309}, "bpm_histogram_second_peak_weight": {"dvar2": 0, "var": 0, "min": 0.0747826099396, "dmean": 0, "mean": 0.0747826099396, "max": 0.0747826099396, "dmean2": 0, "median": 0.0747826099396, "dvar": 0}, "bpm_histogram_second_peak_spread": {"dvar2": 0, "var": 0, "min": 0.0444444417953, "dmean": 0, "mean": 0.0444444417953, "max": 0.0444444417953, "dmean2": 0, "median": 0.0444444417953, "dvar": 0}, "bpm_histogram_second_peak_bpm": {"dvar2": 0, "var": 0, "min": 157, "dmean": 0, "mean": 157, "max": 157, "dmean2": 0, "median": 157, "dvar": 0}, "onset_rate": 4.24411201477}, "lowlevel": {"spectral_energyband_high": {"dvar2": 9.02292015326e-07, "var": 9.08178037662e-07, "min": 8.79298645699e-21, "dmean": 0.000298706348985, "mean": 0.000496045162436, "max": 0.0110523151234, "dmean2": 0.000433733832324, "median": 0.000159921430168, "dvar": 4.35379320152e-07}, "spectral_energyband_middle_low": {"dvar2": 8.78989885678e-05, "var": 0.000176031142473, "min": 2.50374858769e-22, "dmean": 0.00344581063837, "mean": 0.0105679193512, "max": 0.159010946751, "dmean2": 0.00510629964992, "median": 0.00484574213624, "dvar": 3.89834312955e-05}, "spectral_energy": {"dvar2": 0.000229277677136, "var": 0.000526201212779, "min": 1.15781116574e-20, "dmean": 0.00769359478727, "mean": 0.0241656880826, "max": 0.201873123646, "dmean2": 0.0111990841106, "median": 0.0169980749488, "dvar": 0.00010676511738}, "spectral_spread": {"dvar2": 2435105947650.0, "var": 5552268115970.0, "min": 980499.875, "dmean": 845508.0625, "mean": 5992609, "max": 40225160, "dmean2": 1192863.375, "median": 5683860, "dvar": 1259830378500.0}, "spectral_energyband_low": {"dvar2": 0.000136273753014, "var": 0.000116219154734, "min": 2.55036695397e-23, "dmean": 0.00489682285115, "mean": 0.00909856893122, "max": 0.112571291625, "dmean2": 0.00749650457874, "median": 0.00580815598369, "dvar": 5.75463200221e-05}, "spectral_rolloff": {"dvar2": 6456800, "var": 4292464.5, "min": 43.06640625, "dmean": 557.329528809, "mean": 1170.08032227, "max": 20068.9453125, "dmean2": 929.344848633, "median": 581.396484375, "dvar": 2877157.25}, "barkbands": {"dvar2": [1.22683019299e-08, 0.000108839296445, 1.11829631351e-05, 1.72213754013e-06, 1.6604182747e-05, 1.32689865495e-05, 5.00390124216e-05, 1.02670219349e-05, 5.7202150856e-06, 9.08879064809e-06, 8.0732306742e-06, 3.69556687474e-06, 2.38721054302e-06, 1.43244164974e-06, 2.2310678105e-06, 1.06863119242e-07, 3.95701960088e-08, 1.99226519726e-08, 7.41524459613e-08, 3.98563138049e-08, 8.4723851046e-08, 4.04955606825e-08, 1.74291816535e-08, 2.2153916035e-08, 1.6723971541e-08, 1.96192608826e-08, 1.08495555651e-07], "var": [5.54390755525e-09, 7.40313917049e-05, 1.44017567436e-05, 1.28346425754e-06, 3.03266497212e-05, 1.15084949357e-05, 6.09032176726e-05, 1.40699012263e-05, 1.1238335901e-05, 1.86437209777e-05, 9.21971331991e-06, 5.23193102708e-06, 2.24885616262e-06, 1.51435222051e-06, 4.10486791225e-06, 1.00617775445e-07, 5.41202744841e-08, 2.51622989111e-08, 4.46990036096e-08, 1.94477589588e-08, 2.99419191663e-08, 3.21739719311e-08, 2.53114524895e-08, 4.37374403361e-08, 2.29567209686e-08, 1.58134252359e-08, 5.07001196581e-08], "min": [9.06625847685e-24, 1.50036958106e-23, 2.44027711535e-24, 6.5281892333e-24, 2.47672079312e-23, 1.636773729e-23, 6.93895557531e-23, 4.84027475623e-23, 3.56759472933e-23, 7.85368270895e-23, 2.23630423043e-23, 7.57690044739e-23, 2.42100124391e-22, 6.65406256147e-23, 6.73184866434e-23, 1.76150519678e-22, 1.84120602284e-22, 1.80102990492e-22, 2.55428213375e-22, 4.15476201333e-22, 4.17218586813e-22, 7.52087870134e-22, 8.64359715369e-22, 8.8139113396e-22, 1.24068539369e-21, 1.7076721674e-21, 2.92172672764e-21], "dmean": [3.17420017382e-05, 0.00413312995806, 0.00120905344374, 0.000431026972365, 0.00145283539314, 0.000743882206734, 0.00126692652702, 0.000659323530272, 0.00046663696412, 0.000335682649165, 0.000426619604696, 0.000434038054664, 0.000348761008354, 0.000231638114201, 0.000246977695497, 8.40802458697e-05, 4.71405655844e-05, 3.23363747157e-05, 6.27852423349e-05, 4.06359031331e-05, 5.79383195145e-05, 4.8208195949e-05, 3.94155540562e-05, 3.71831665689e-05, 3.56356395059e-05, 4.06924227718e-05, 6.62871389068e-05], "mean": [4.59598959424e-05, 0.00661151856184, 0.00218078726903, 0.000675422197673, 0.00350685883313, 0.00138120807242, 0.0025965559762, 0.00125750887673, 0.00103339832276, 0.000719110132195, 0.000794240331743, 0.000832311809063, 0.000596232421231, 0.000424664351158, 0.000581827771384, 0.000144181001815, 9.36433352763e-05, 6.24133026577e-05, 9.56262738327e-05, 5.76300153625e-05, 7.84670046414e-05, 7.93456492829e-05, 6.87753781676e-05, 6.73504691804e-05, 6.20537539362e-05, 5.56522245461e-05, 5.99545237492e-05], "max": [0.00071087363176, 0.0898640230298, 0.0477348864079, 0.0188697744161, 0.0522161573172, 0.0693571120501, 0.14556722343, 0.0614681020379, 0.0660882294178, 0.163883894682, 0.0570517890155, 0.0376853756607, 0.0287820026278, 0.0253785960376, 0.0422417744994, 0.00749879982322, 0.00479096546769, 0.00287039810792, 0.00379336043261, 0.00303787807934, 0.00484477402642, 0.00518070487306, 0.00316076679155, 0.00465809460729, 0.0029789719265, 0.00119486986659, 0.00254734000191], "dmean2": [5.51153134438e-05, 0.00650568958372, 0.00179150665645, 0.000723332283087, 0.00229997932911, 0.00116462458391, 0.00194770633243, 0.000963218102697, 0.000636567827314, 0.000448821636382, 0.000630339665804, 0.000653986004181, 0.000536274106707, 0.000340749626048, 0.000382823287509, 0.000135777852847, 7.30148240109e-05, 4.99395428051e-05, 0.000103188038338, 6.62780585117e-05, 9.6270821814e-05, 7.5086914876e-05, 5.98250408075e-05, 5.25646682945e-05, 4.96384745929e-05, 5.80531559535e-05, 0.00010348221258], "median": [1.17466834126e-05, 0.00381527561694, 0.000735573412385, 0.000285852875095, 0.00125983241014, 0.000442617281806, 0.000408228021115, 0.000191937724594, 0.00013646876323, 0.000106177612906, 6.03232219873e-05, 9.43917402765e-05, 8.87643400347e-05, 4.58080685348e-05, 4.9191636208e-05, 3.54671283276e-05, 2.33042992477e-05, 1.09550446723e-05, 1.83669435501e-05, 1.52465863721e-05, 2.18954628508e-05, 2.18698332901e-05, 2.05594278668e-05, 2.01811199076e-05, 1.79743074114e-05, 1.52235688802e-05, 5.04432591697e-06], "dvar": [3.87656129419e-09, 4.40320291091e-05, 5.66473408981e-06, 6.42038344267e-07, 6.47395063424e-06, 5.90845274928e-06, 2.0960391339e-05, 4.90185220769e-06, 3.01920317725e-06, 6.15865974396e-06, 3.76270986635e-06, 1.67581788446e-06, 1.0781805031e-06, 6.91233992711e-07, 8.92490106708e-07, 4.57485072047e-08, 1.78129599959e-08, 9.22232157308e-09, 2.83075412e-08, 1.51593138042e-08, 3.10561034667e-08, 1.77973937809e-08, 8.56147330808e-09, 1.34130733187e-08, 9.38396294003e-09, 1.01138049047e-08, 4.93555916137e-08]}, "melbands_skewness": {"dvar2": 2.79365563393, "var": 6.13327074051, "min": -2.75631642342, "dmean": 0.888857662678, "mean": 3.25942349434, "max": 24.1829624176, "dmean2": 1.36131346226, "median": 2.66256570816, "dvar": 1.20907914639}, "barkbands_skewness": {"dvar2": 1.63340389729, "var": 3.39778923988, "min": -2.61437606812, "dmean": 0.725050151348, "mean": 2.33090567589, "max": 17.5555114746, "dmean2": 1.08790969849, "median": 1.9046754837, "dvar": 0.72994863987}, "erbbands": {"dvar2": [0.0375481173396, 7.3907995224, 19.398683548, 7.66507816315, 109.968276978, 314.066253662, 552.959838867, 1208.59912109, 7451.05517578, 7436.61621094, 5130.02978516, 3508.25024414, 1072.61608887, 14261.7333984, 12074.8515625, 5754.51025391, 4625.25683594, 2093.34472656, 8660.83984375, 785.538574219, 235.094863892, 98.4569778442, 62.2012367249, 169.656982422, 114.828491211, 66.4470443726, 193.824768066, 105.341018677, 56.6769180298, 31.4225082397, 13.2113695145, 8.64437103271, 8.35186576843, 3.03882813454, 0.757436096668, 0.213601410389, 0.0694327801466, 0.02626186423, 0.00262067094445, 1.99339137907e-05], "var": [0.0356323719025, 4.8125834465, 21.9311847687, 8.50522899628, 104.684806824, 662.018432617, 383.969360352, 1093.01330566, 7637.81689453, 12724.8300781, 8682.75878906, 6706.62402344, 2052.15771484, 28094.6074219, 14652.3994141, 8732.36425781, 4963.49609375, 2869.08447266, 18286.8671875, 1140.66809082, 187.482452393, 135.636947632, 98.5735702515, 121.283149719, 74.8111114502, 37.2340545654, 59.8670692444, 42.9557914734, 39.4115791321, 35.8264083862, 19.2369842529, 16.0336341858, 14.1561517715, 4.03523397446, 0.918558716774, 0.227905496955, 0.0524359121919, 0.0147499628365, 0.00121309189126, 8.59287229105e-06], "min": [5.05788279424e-22, 3.28164076698e-21, 3.49691007854e-21, 1.38535061924e-20, 7.86729477271e-20, 6.82685795095e-20, 3.83052833701e-20, 1.9975203334e-19, 7.71565951249e-19, 1.15378036631e-18, 1.08053269589e-18, 9.55662751391e-19, 2.35091533648e-18, 1.3244866633e-18, 1.02576682529e-18, 3.84765502112e-18, 9.67108387488e-18, 6.52887412274e-18, 3.29611890601e-18, 6.56234267751e-18, 8.90176454617e-18, 9.12727135195e-18, 1.1637681793e-17, 1.328084961e-17, 1.91417319612e-17, 1.40241144038e-17, 1.80949514396e-17, 1.88708501629e-17, 2.72748265154e-17, 2.59450790868e-17, 2.21982156098e-17, 1.77521462871e-17, 1.57081515606e-17, 1.4024916769e-17, 8.49375522749e-18, 4.90806913355e-18, 3.99031431187e-18, 1.41903888739e-18, 4.64077378361e-19, 3.93841110658e-20], "dmean": [0.0805346891284, 1.0516885519, 1.66698634624, 1.04035508633, 3.55848741531, 5.6453576088, 4.63438272476, 7.29613733292, 16.2847690582, 16.056646347, 14.112569809, 11.3058586121, 6.01675271988, 14.1300086975, 17.6108627319, 17.4137630463, 15.9497747421, 10.1424007416, 14.5854682922, 6.68337774277, 3.90379166603, 2.44253873825, 1.73940002918, 3.08593344688, 2.48182296753, 1.75559258461, 2.41740250587, 2.2591149807, 1.78708708286, 1.49350404739, 1.04884529114, 0.797493100166, 0.643102705479, 0.410645067692, 0.254563570023, 0.15068513155, 0.0736211910844, 0.0372069999576, 0.010276639834, 0.000859612599015], "mean": [0.139973372221, 1.64712750912, 3.03276062012, 2.11835980415, 6.71672582626, 13.8070020676, 8.97484016418, 13.6958026886, 32.5298423767, 33.401802063, 30.0143928528, 25.0855083466, 14.7111349106, 31.2035007477, 33.5032234192, 36.4709205627, 29.7282981873, 21.6387939453, 37.243473053, 15.1903963089, 7.00454473495, 4.84065294266, 3.56769156456, 4.97236871719, 3.99557638168, 2.63644814491, 2.89977431297, 3.17972898483, 2.86937952042, 2.62353444099, 1.83028149605, 1.40559065342, 1.12549376488, 0.714420437813, 0.423843234777, 0.235055223107, 0.096975363791, 0.0383906625211, 0.00931985210627, 0.000768389378209], "max": [1.6452600956, 24.344997406, 56.2498397827, 37.0726127625, 130.79876709, 260.63079834, 532.237121582, 692.233642578, 1746.56799316, 2660.2644043, 1791.30554199, 1811.41503906, 1115.13989258, 6160.18017578, 2876.85473633, 1537.10180664, 1417.47436523, 1044.18969727, 2240.51586914, 499.26260376, 241.867782593, 245.477539062, 191.216323853, 205.04107666, 173.15864563, 108.150642395, 191.089477539, 163.25668335, 145.075897217, 168.050552368, 90.8524169922, 66.0060958862, 101.348068237, 38.1403236389, 15.8634338379, 5.17541742325, 1.96179127693, 1.42142105103, 0.41518676281, 0.0311951488256], "dmean2": [0.124660357833, 1.65941226482, 2.52603983879, 1.62593650818, 5.81536245346, 8.80946540833, 7.15545463562, 11.3749065399, 25.4246692657, 23.738483429, 20.2362442017, 15.2261543274, 8.19308662415, 19.3760871887, 25.7876148224, 25.9914150238, 24.1569824219, 15.1968746185, 22.2117729187, 10.3141899109, 6.39285802841, 3.76134824753, 2.60870218277, 4.93133592606, 4.06718301773, 2.82325696945, 4.07711839676, 3.69744634628, 2.79503250122, 2.30117249489, 1.58497095108, 1.15630745888, 0.917864859104, 0.581874728203, 0.360602021217, 0.212366148829, 0.106583468616, 0.0562674365938, 0.016071440652, 0.00135513418354], "median": [0.070294752717, 0.896387815475, 1.38194715977, 1.15101981163, 2.63920426369, 3.78969693184, 2.88617920876, 4.54625320435, 6.83611249924, 6.13774299622, 4.61507034302, 3.39746809006, 3.29562067986, 4.04275608063, 3.95427441597, 4.97206401825, 4.9284658432, 3.35476064682, 2.56566905975, 2.77538967133, 2.09867405891, 1.14684605598, 0.631431818008, 0.927964687347, 0.974177002907, 0.690123021603, 0.600196003914, 0.992569565773, 0.814745187759, 0.783516705036, 0.520224750042, 0.443964630365, 0.304992049932, 0.205637127161, 0.116412386298, 0.0674174875021, 0.0267232395709, 0.00596252130345, 0.000829928088933, 8.05862946436e-05], "dvar": [0.0164431408048, 2.95048904419, 9.34890842438, 3.13287806511, 40.9775085449, 128.996139526, 230.720306396, 554.890319824, 3083.09838867, 3636.89599609, 2636.86010742, 1897.66259766, 574.073913574, 9187.49414062, 5918.13476562, 2633.46362305, 2128.92041016, 1024.21801758, 3380.53686523, 343.648590088, 92.575843811, 45.1650886536, 31.4449596405, 67.6939468384, 43.9311256409, 25.9552593231, 69.5758361816, 39.4939689636, 23.7912368774, 14.8910112381, 6.49959278107, 4.99286937714, 4.78952455521, 1.69206261635, 0.396829456091, 0.113504566252, 0.0355055518448, 0.0125928344205, 0.00118685420603, 8.82145104697e-06]}, "silence_rate_30dB": {"dvar2": 0.0203801356256, "var": 0.00842558126897, "min": 0, "dmean": 0.00809470843524, "mean": 0.991501390934, "max": 1, "dmean2": 0.0161910541356, "median": 1, "dvar": 0.00802959967405}, "melbands_spread": {"dvar2": 145.817855835, "var": 230.485778809, "min": 0.430250436068, "dmean": 4.82328367233, "mean": 15.3500175476, "max": 231.311950684, "dmean2": 7.33017349243, "median": 11.7312030792, "dvar": 73.7540130615}, "melbands_crest": {"dvar2": 16.6617145538, "var": 30.1196060181, "min": 2.49027967453, "dmean": 2.89926600456, "mean": 15.8697519302, "max": 38.0576705933, "dmean2": 4.61022233963, "median": 15.4498157501, "dvar": 6.93075227737}, "zerocrossingrate": {"dvar2": 0.000562440778594, "var": 0.00225961464457, "min": 0.00244140625, "dmean": 0.0148375639692, "mean": 0.0548849068582, "max": 0.50048828125, "dmean2": 0.017328498885, "median": 0.04248046875, "dvar": 0.000474894011859}, "barkbands_kurtosis": {"dvar2": 416.046356201, "var": 471.423248291, "min": -1.92174303532, "dmean": 6.63106489182, "mean": 12.0454597473, "max": 446.157989502, "dmean2": 10.2353830338, "median": 4.9310426712, "dvar": 177.80619812}, "spectral_flux": {"dvar2": 0.00141351949424, "var": 0.00185478688218, "min": 1.07601635935e-10, "dmean": 0.0223410725594, "mean": 0.0639080479741, "max": 0.307238280773, "dmean2": 0.0351630114019, "median": 0.0557166039944, "dvar": 0.000597362115514}, "barkbands_crest": {"dvar2": 16.3592205048, "var": 24.4178199768, "min": 2.50414800644, "dmean": 2.73413419724, "mean": 12.316570282, "max": 26.4470825195, "dmean2": 4.37477827072, "median": 11.5328617096, "dvar": 6.63310194016}, "barkbands_flatness_db": {"dvar2": 0.00154932995792, "var": 0.00422334251925, "min": 0.0212697759271, "dmean": 0.0265707597136, "mean": 0.160957872868, "max": 0.472699433565, "dmean2": 0.0385613180697, "median": 0.152501523495, "dvar": 0.000785737822298}, "spectral_entropy": {"dvar2": 0.140310078859, "var": 0.354614883661, "min": 4.88371896744, "dmean": 0.235463544726, "mean": 7.34929800034, "max": 9.8047580719, "dmean2": 0.325051665306, "median": 7.35774564743, "dvar": 0.0767192542553}, "pitch_salience": {"dvar2": 0.0114752687514, "var": 0.0159421227872, "min": 0.0654433891177, "dmean": 0.0724823176861, "mean": 0.478589981794, "max": 0.853854179382, "dmean2": 0.11548088491, "median": 0.481395542622, "dvar": 0.00467706378549}, "erbbands_spread": {"dvar2": 390.799133301, "var": 697.270385742, "min": 0.782814502716, "dmean": 9.4893655777, "mean": 39.3607368469, "max": 190.118484497, "dmean2": 14.5184850693, "median": 31.7179145813, "dvar": 171.91506958}, "dynamic_complexity": 5.81117200851, "spectral_contrast_valleys": {"dvar2": [0.290831208229, 0.20571257174, 0.203019171953, 0.221877261996, 0.349712580442, 0.379890680313], "var": [1.27739620209, 1.51871371269, 1.8341537714, 2.02333068848, 1.7273696661, 1.53905415535], "min": [-27.5346679688, -27.0969734192, -27.5601425171, -27.3805732727, -27.1177787781, -27.2698097229], "dmean": [0.401004582644, 0.322999507189, 0.324771016836, 0.32454714179, 0.349258542061, 0.345360994339], "mean": [-7.32705974579, -7.18706703186, -8.10192680359, -8.57196426392, -8.6895647049, -10.4157867432], "max": [-5.38764619827, -5.01704359055, -5.26243591309, -5.7888507843, -5.87555170059, -7.61874246597], "dmean2": [0.640891194344, 0.517292559147, 0.498996764421, 0.483631670475, 0.475341647863, 0.439274907112], "median": [-7.094851017, -7.01934051514, -7.97304821014, -8.41065502167, -8.50476646423, -10.1844825745], "dvar": [0.13705638051, 0.0957309007645, 0.100966788828, 0.118404790759, 0.185253083706, 0.205306306481]}, "hfc": {"dvar2": 170.216644287, "var": 340.592163086, "min": 1.30563365791e-16, "dmean": 5.49731397629, "mean": 15.3092927933, "max": 157.43989563, "dmean2": 7.80875587463, "median": 7.53685188293, "dvar": 83.9870147705}, "spectral_kurtosis": {"dvar2": 35.2538337708, "var": 41.6944961548, "min": -1.31502914429, "dmean": 2.11315131187, "mean": 6.52176713943, "max": 93.3745193481, "dmean2": 3.18658328056, "median": 4.80597686768, "dvar": 15.5490026474}, "mfcc": {"mean": [-701.370300293, 134.386779785, 27.6751441956, 9.61992263794, 8.41727924347, 15.1608295441, 0.0985984355211, -0.0610853470862, -0.0847453549504, 2.27118110657, 3.90575909615, 1.4995187521, 4.99045562744], "cov": [[11888.953125, -98.3184127808, -1091.70324707, -377.804168701, -536.119750977, 95.4827194214, -118.582717896, -226.545425415, -306.305328369, -79.1180648804, -22.5223274231, -178.064529419, -95.6561355591], [-98.3184127808, 1808.69250488, -51.9935455322, -179.662887573, 98.2790145874, -6.08518314362, -100.73513031, 46.8057441711, 71.2388763428, -4.71900272369, 0.352394610643, -25.7391376495, 2.67786431313], [-1091.70324707, -51.9935455322, 764.499755859, 145.944244385, 45.8234710693, 67.3794174194, 66.4494552612, 46.5718040466, 98.2222137451, 38.994556427, 7.16422128677, 42.2418861389, 29.8878288269], [-377.804168701, -179.662887573, 145.944244385, 331.796936035, 144.889297485, 35.1956138611, 48.2505760193, 12.1220912933, 6.78548717499, 31.2999019623, 0.883602380753, 13.5052633286, -5.00519990921], [-536.119750977, 98.2790145874, 45.8234710693, 144.889297485, 254.374206543, 53.6792488098, 6.01050806046, -0.320250034332, 11.7761602402, 34.9713592529, -1.12462747097, -6.99230909348, -9.51697254181], [95.4827194214, -6.08518314362, 67.3794174194, 35.1956138611, 53.6792488098, 140.05909729, 24.2976417542, -8.19367694855, 6.44133234024, 23.6431713104, -2.23915028572, -11.1862688065, -2.4772028923], [-118.582717896, -100.73513031, 66.4494552612, 48.2505760193, 6.01050806046, 24.2976417542, 121.441062927, 62.0682678223, 27.1846504211, 5.27571153641, 11.5764226913, 33.2516365051, 12.5014743805], [-226.545425415, 46.8057441711, 46.5718040466, 12.1220912933, -0.320250034332, -8.19367694855, 62.0682678223, 152.480300903, 63.1172904968, 3.6782784462, 16.3850078583, 44.970790863, 17.1686096191], [-306.305328369, 71.2388763428, 98.2222137451, 6.78548717499, 11.7761602402, 6.44133234024, 27.1846504211, 63.1172904968, 107.432121277, 31.7774658203, 11.0899496078, 22.3242664337, 10.5081586838], [-79.1180648804, -4.71900272369, 38.994556427, 31.2999019623, 34.9713592529, 23.6431713104, 5.27571153641, 3.6782784462, 31.7774658203, 82.2004928589, 27.7583122253, -5.06428527832, -6.56400251389], [-22.5223274231, 0.352394610643, 7.16422128677, 0.883602380753, -1.12462747097, -2.23915028572, 11.5764226913, 16.3850078583, 11.0899496078, 27.7583122253, 81.8325500488, 36.7885017395, 8.5756187439], [-178.064529419, -25.7391376495, 42.2418861389, 13.5052633286, -6.99230909348, -11.1862688065, 33.2516365051, 44.970790863, 22.3242664337, -5.06428527832, 36.7885017395, 105.099220276, 36.0123977661], [-95.6561355591, 2.67786431313, 29.8878288269, -5.00519990921, -9.51697254181, -2.4772028923, 12.5014743805, 17.1686096191, 10.5081586838, -6.56400251389, 8.5756187439, 36.0123977661, 71.6332168579]], "icov": [[0.000119178192108, -2.01219827431e-05, 0.000155916553922, -5.88678958593e-05, 0.000321031664498, -0.000256029714365, -4.04111051466e-06, 3.35751647071e-05, 0.000171921390574, -4.69605365652e-05, -3.73667935492e-05, 7.9295343312e-05, 5.22725495102e-05], [-2.01219827431e-05, 0.000714143156074, -4.01605211664e-05, 0.000557802384719, -0.000671503541525, 2.18802633754e-05, 0.00066433910979, -0.000377557560569, -0.000524393457454, 0.00034868210787, -0.000171857522218, 0.000213311213884, -8.95312114153e-05], [0.000155916553922, -4.01605211664e-05, 0.00193488528021, -0.000861390959471, 0.000752244435716, -0.000988722662441, -0.000270611984888, 0.000438594637671, -0.00138174952008, -3.72011163563e-05, 0.000146776699694, -0.000204338793992, -0.000365483196219], [-5.88678958593e-05, 0.000557802384719, -0.000861390959471, 0.00522376410663, -0.00318569527008, 0.0006616092287, -0.00118223251775, -0.000212569182622, 0.000934086099733, -0.000905681867152, 0.000571756681893, -0.00057162164012, 0.000480756105389], [0.000321031664498, -0.000671503541525, 0.000752244435716, -0.00318569527008, 0.00725730322301, -0.00241565564647, 0.000550816592295, 0.000154658206156, 0.000361764919944, -0.00154845032375, 0.000399318174459, 4.33808199887e-05, 0.000400217773858], [-0.000256029714365, 2.18802633754e-05, -0.000988722662441, 0.0006616092287, -0.00241565564647, 0.00941903237253, -0.00247393082827, 0.0010792008834, 0.00015807012096, -0.00185719749425, 0.0006421697326, 0.000834472361021, -0.000395830982598], [-4.04111051466e-06, 0.00066433910979, -0.000270611984888, -0.00118223251775, 0.000550816592295, -0.00247393082827, 0.0128167225048, -0.00476179178804, -0.00028608890716, 0.00059093022719, -0.000328485650243, -0.00155871163588, -0.000188749399967], [3.35751647071e-05, -0.000377557560569, 0.000438594637671, -0.000212569182622, 0.000154658206156, 0.0010792008834, -0.00476179178804, 0.011584110558, -0.00570094725117, 0.00152732280549, -0.000453406944871, -0.00208407011814, 5.18496453878e-05], [0.000171921390574, -0.000524393457454, -0.00138174952008, 0.000934086099733, 0.000361764919944, 0.00015807012096, -0.00028608890716, -0.00570094725117, 0.0168264787644, -0.00677631841972, 0.00199865014292, -0.00132855097763, -0.000299856910715], [-4.69605365652e-05, 0.00034868210787, -3.72011163563e-05, -0.000905681867152, -0.00154845032375, -0.00185719749425, 0.00059093022719, 0.00152732280549, -0.00677631841972, 0.0191655270755, -0.00784579385072, 0.00378928845748, 0.000921871280298], [-3.73667935492e-05, -0.000171857522218, 0.000146776699694, 0.000571756681893, 0.000399318174459, 0.0006421697326, -0.000328485650243, -0.000453406944871, 0.00199865014292, -0.00784579385072, 0.0178759302944, -0.00710998568684, 0.000598762650043], [7.9295343312e-05, 0.000213311213884, -0.000204338793992, -0.00057162164012, 4.33808199887e-05, 0.000834472361021, -0.00155871163588, -0.00208407011814, -0.00132855097763, 0.00378928845748, -0.00710998568684, 0.0162906814367, -0.00584719888866], [5.22725495102e-05, -8.95312114153e-05, -0.000365483196219, 0.000480756105389, 0.000400217773858, -0.000395830982598, -0.000188749399967, 5.18496453878e-05, -0.000299856910715, 0.000921871280298, 0.000598762650043, -0.00584719888866, 0.0172755960375]]}, "silence_rate_20dB": {"dvar2": 0, "var": 0, "min": 1, "dmean": 0, "mean": 1, "max": 1, "dmean2": 0, "median": 1, "dvar": 0}, "melbands_kurtosis": {"dvar2": 1832.90026855, "var": 2175.06445312, "min": -1.64656364918, "dmean": 13.503405571, "mean": 27.5884513855, "max": 832.480773926, "dmean2": 21.3633537292, "median": 11.144744873, "dvar": 759.434692383}, "barkbands_spread": {"dvar2": 239.877655029, "var": 294.850585938, "min": 0.341374844313, "dmean": 6.58079433441, "mean": 18.562746048, "max": 134.152175903, "dmean2": 9.87397289276, "median": 13.8310432434, "dvar": 118.782150269}, "erbbands_skewness": {"dvar2": 0.353154659271, "var": 0.782674014568, "min": -2.99463486671, "dmean": 0.377838015556, "mean": 0.744587361813, "max": 6.78796815872, "dmean2": 0.573532342911, "median": 0.696551561356, "dvar": 0.162412345409}, "average_loudness": 0.632145941257, "spectral_centroid": {"dvar2": 226790.28125, "var": 340056.59375, "min": 132.16053772, "dmean": 206.840408325, "mean": 881.248901367, "max": 11781.8935547, "dmean2": 311.582092285, "median": 746.372680664, "dvar": 111954.226562}, "dissonance": {"dvar2": 0.00168001104612, "var": 0.00188948446885, "min": 0.154691904783, "dmean": 0.0252847205848, "mean": 0.440317243338, "max": 0.5, "dmean2": 0.0413317531347, "median": 0.450718402863, "dvar": 0.000663677870762}, "erbbands_flatness_db": {"dvar2": 0.000987724750303, "var": 0.00282972259447, "min": 0.0209414325655, "dmean": 0.0209727715701, "mean": 0.136968925595, "max": 0.376826316118, "dmean2": 0.0283971093595, "median": 0.135068923235, "dvar": 0.000570659176446}, "spectral_strongpeak": {"dvar2": 1.94883596897, "var": 1.57493293285, "min": 0, "dmean": 0.415696263313, "mean": 0.83105891943, "max": 12.5832424164, "dmean2": 0.691562831402, "median": 0.3442029953, "dvar": 0.772179245949}, "spectral_rms": {"dvar2": 1.26645124965e-06, "var": 4.99672842125e-06, "min": 3.36091050823e-12, "dmean": 0.000740761111956, "mean": 0.00431041279808, "max": 0.0140338661149, "dmean2": 0.00105070136487, "median": 0.00407228292897, "dvar": 6.29588384982e-07}, "silence_rate_60dB": {"dvar2": 0.0728662908077, "var": 0.092943392694, "min": 0, "dmean": 0.0348072461784, "mean": 0.103702954948, "max": 1, "dmean2": 0.0696215331554, "median": 0, "dvar": 0.033594917506}, "melbands": {"dvar2": [5.77786659051e-06, 7.1099257184e-06, 3.45627796605e-07, 9.63594629866e-07, 5.18141519024e-07, 5.49948765638e-07, 1.92626430362e-06, 7.01948295045e-07, 3.21584025187e-07, 1.09189087993e-07, 3.3420420209e-08, 2.65119155074e-07, 1.54908519789e-07, 5.58511175086e-08, 5.33322008778e-08, 1.36210402957e-08, 9.00536978321e-09, 2.8825679621e-08, 5.07843056496e-09, 7.95195076453e-10, 3.25354992947e-10, 1.35637182042e-10, 6.78891665107e-11, 5.28428655e-11, 1.48032405778e-10, 1.24594529138e-10, 3.44053049939e-11, 3.48024872809e-11, 1.03939516716e-10, 5.01042367318e-11, 3.21257014047e-11, 2.05891102778e-11, 1.8412486813e-11, 9.32136919735e-12, 5.37872350825e-12, 4.98748568487e-12, 3.42331892e-12, 5.00522409977e-12, 3.86773295682e-12, 2.1999691565e-12], "var": [4.43680301032e-06, 6.1441219259e-06, 3.55465857638e-07, 1.75877312358e-06, 5.60181945275e-07, 5.27624138158e-07, 1.98055477085e-06, 1.11580595785e-06, 5.80261939831e-07, 2.17198220298e-07, 5.7875116255e-08, 5.32013984866e-07, 1.76153392317e-07, 6.32068264395e-08, 6.50487521625e-08, 1.2270453098e-08, 1.07974980068e-08, 5.61605872917e-08, 6.24819973538e-09, 9.6975760755e-10, 2.43795345023e-10, 1.74857156532e-10, 1.04697986392e-10, 6.33752772483e-11, 9.98238297578e-11, 6.93441831734e-11, 2.29245164518e-11, 1.65665033774e-11, 2.91476391634e-11, 1.83326877984e-11, 1.395236357e-11, 1.29714806604e-11, 1.45341282412e-11, 1.04821533398e-11, 6.59864437397e-12, 6.44900062172e-12, 6.07524100471e-12, 8.12538317879e-12, 4.99295570167e-12, 2.50306568007e-12], "min": [5.29990401045e-24, 2.61163170625e-24, 3.77284166405e-24, 6.74786727388e-24, 1.3798533087e-24, 4.04165035624e-24, 1.27552402824e-23, 1.19099182356e-23, 9.025973717e-24, 5.46687785952e-24, 1.18925798617e-23, 5.43335679308e-24, 3.17342787459e-24, 6.11108139625e-24, 1.61355565929e-23, 2.46097071183e-23, 9.8061342753e-24, 4.53904608964e-24, 6.25751961824e-24, 1.20634723774e-23, 9.41514088965e-24, 8.71789986768e-24, 1.22158290283e-23, 8.30271685124e-24, 1.13970624062e-23, 9.78823107705e-24, 1.77024284104e-23, 7.52728314749e-24, 1.06170864413e-23, 1.1815004858e-23, 1.04923170451e-23, 1.64268608371e-23, 1.23712227937e-23, 1.6899418496e-23, 1.23961042555e-23, 1.27917818972e-23, 9.77339575887e-24, 1.07754329131e-23, 1.07702832291e-23, 1.20631331672e-23], "dmean": [0.000984735786915, 0.00105250929482, 0.0