{"tonal": {"thpcp": [1, 0.650030195713, 0.32806494832, 0.165679469705, 0.101699471474, 0.11702042073, 0.130959644914, 0.157099187374, 0.194149956107, 0.248049676418, 0.259032636881, 0.439648658037, 0.622862935066, 0.405107527971, 0.199303537607, 0.175989001989, 0.226248651743, 0.262566506863, 0.229087233543, 0.235687837005, 0.486622899771, 0.624261200428, 0.398894309998, 0.31612610817, 0.37680581212, 0.321870088577, 0.358990103006, 0.389215022326, 0.235211104155, 0.158415868878, 0.185856610537, 0.221464052796, 0.416549831629, 0.514851391315, 0.394625514746, 0.74188554287], "hpcp": {"dmean2": [0.095740698278, 0.0943892151117, 0.103864490986, 0.111282527447, 0.13297611475, 0.155096530914, 0.157469585538, 0.15233039856, 0.124657817185, 0.119036570191, 0.121421352029, 0.125272423029, 0.113449044526, 0.110143609345, 0.0996749773622, 0.106676332653, 0.116646699607, 0.135929524899, 0.157965421677, 0.171965867281, 0.196651428938, 0.17424146831, 0.211399137974, 0.174856707454, 0.111685499549, 0.0748237594962, 0.071278475225, 0.07387047261, 0.0838127583265, 0.0965753793716, 0.110991761088, 0.128912523389, 0.159870713949, 0.158111691475, 0.177670091391, 0.131120920181], "median": [0.0107046328485, 0.0101511375979, 0.0139417480677, 0.0132910571992, 0.0170506425202, 0.0279119480401, 0.0359284467995, 0.0337852314115, 0.0185946039855, 0.0149947730824, 0.0141685316339, 0.0118233878165, 0.0109826233238, 0.00904855690897, 0.00820255931467, 0.00745449028909, 0.0126573648304, 0.0307936258614, 0.0340816117823, 0.0514027774334, 0.0497022233903, 0.0544960126281, 0.0636029243469, 0.0177285186946, 0.011622518301, 0.00641202833503, 0.0083092674613, 0.00877170078456, 0.00983182806522, 0.0137013830245, 0.016216320917, 0.0191448517144, 0.0331510677934, 0.0241174325347, 0.0196282379329, 0.0122383385897], "min": [0, 0, 0, 0, 0, 0, 0, 0, 0, 0, 0, 0, 0, 0, 0, 0, 0, 0, 0, 0, 0, 0, 0, 0, 0, 0, 0, 0, 0, 0, 0, 0, 0, 0, 0, 0], "dvar2": [0.0529306642711, 0.051903065294, 0.0516190603375, 0.0528605952859, 0.0697324648499, 0.0747194215655, 0.0791382417083, 0.0766351893544, 0.0602614358068, 0.0656853094697, 0.0600534416735, 0.0662713944912, 0.065598398447, 0.066827043891, 0.0597988404334, 0.0643778815866, 0.0604307726026, 0.0631659477949, 0.079089038074, 0.0750084966421, 0.0810957476497, 0.0939875468612, 0.0991514548659, 0.104440964758, 0.0703314691782, 0.0486900433898, 0.0477546788752, 0.0499410778284, 0.0544910803437, 0.0559380240738, 0.0616265572608, 0.072940595448, 0.0812335163355, 0.0869251415133, 0.0991564616561, 0.0724710524082], "dvar": [0.0198805369437, 0.0192964337766, 0.0198579858989, 0.0201399084181, 0.0263791363686, 0.0294998753816, 0.0331238359213, 0.0284010097384, 0.0230624638498, 0.0260028541088, 0.0229312945157, 0.0277373790741, 0.0282556787133, 0.0250327847898, 0.0221142154187, 0.0252629071474, 0.02410255, 0.0252167228609, 0.0327229239047, 0.0287031680346, 0.0322230607271, 0.0416622422636, 0.0375060252845, 0.0391015186906, 0.0251788403839, 0.0172021407634, 0.0167371984571, 0.0173718128353, 0.0193559229374, 0.0204165223986, 0.023218402639, 0.0269307866693, 0.0293572749943, 0.0362599603832, 0.0362306348979, 0.0275165885687], "dmean": [0.0540871657431, 0.0525779649615, 0.0605510361493, 0.064314045012, 0.0759851485491, 0.0919008105993, 0.0931215807796, 0.0874935314059, 0.0716850161552, 0.0689864531159, 0.071024492383, 0.0762331560254, 0.0669619217515, 0.0641684010625, 0.0557189323008, 0.0604148842394, 0.0672625303268, 0.0803508237004, 0.092862136662, 0.100425235927, 0.115966506302, 0.101797051728, 0.121054299176, 0.0968798846006, 0.0611084327102, 0.0409453436732, 0.0394218228757, 0.0403414405882, 0.04608778283, 0.0539634972811, 0.0626372247934, 0.0721450224519, 0.0922536998987, 0.0908722877502, 0.101152405143, 0.0738459527493], "max": [1, 1, 1, 1, 1, 1, 1, 1, 1, 1, 1, 1, 1, 1, 1, 1, 1, 1, 1, 1, 1, 1, 1, 1, 1, 1, 1, 1, 1, 1, 1, 1, 1, 1, 1, 1], "var": [0.0222082007676, 0.0390721708536, 0.0368185229599, 0.0236739628017, 0.0280184820294, 0.0636690184474, 0.097463876009, 0.0478971600533, 0.0403259843588, 0.0702938959002, 0.0423697270453, 0.0604815594852, 0.0782898589969, 0.0330180041492, 0.0210530404001, 0.029027344659, 0.0297706034034, 0.0577004402876, 0.0801141560078, 0.0391866154969, 0.0979681760073, 0.170407935977, 0.0762880444527, 0.0483479313552, 0.0191815756261, 0.0112753510475, 0.0123770330101, 0.0137226730585, 0.0223323740065, 0.0238649901003, 0.0355024449527, 0.0356770120561, 0.0502054467797, 0.113594517112, 0.0521611832082, 0.023578748107], "mean": [0.0583205968142, 0.0749760270119, 0.0870113149285, 0.0759167000651, 0.0781040564179, 0.161260858178, 0.206872493029, 0.132188677788, 0.104760311544, 0.124868825078, 0.106663793325, 0.118964910507, 0.128981083632, 0.077946074307, 0.052497074008, 0.0615906007588, 0.073390468955, 0.138039499521, 0.170615434647, 0.130774050951, 0.245851770043, 0.331387728453, 0.215412020683, 0.108716696501, 0.0549041442573, 0.0337019562721, 0.0387791320682, 0.0433984175324, 0.0520607419312, 0.06433891505, 0.0822006165981, 0.0858402326703, 0.145694166422, 0.206409141421, 0.134247660637, 0.066046744585]}, "tuning_equal_tempered_deviation": 0.147596523166, "chords_changes_rate": 0.0569871142507, "key_key": "E", "tuning_diatonic_strength": 0.478010326624, "key_scale": "major", "chords_number_rate": 0.00346878101118, "tuning_frequency": 443.060424805, "tuning_nontempered_energy_ratio": 0.775064587593, "chords_histogram": [25.7185325623, 13.4291381836, 4.55896949768, 1.11496531963, 0, 0, 0.0991080254316, 0, 22.993062973, 3.07234883308, 1.16451931, 1.21407330036, 0.693756222725, 0, 0.718533217907, 3.14667987823, 5.72348880768, 8.34985160828, 0, 1.43706643581, 0, 0.644202172756, 1.09018826485, 4.83151626587], "key_strength": 0.696856498718, "chords_key": "E", "chords_strength": {"dmean2": 0.00732029369101, "median": 0.503911614418, "min": 0.20989716053, "dvar2": 5.20963512827e-05, "dvar": 4.89778794872e-05, "dmean": 0.00812138989568, "max": 0.775363564491, "var": 0.00842677988112, "mean": 0.499233722687}, "chords_scale": "major", "hpcp_entropy": {"dmean2": 0.888416290283, "median": 1.90017366409, "min": 0, "dvar2": 0.605502605438, "dvar": 0.234012618661, "dmean": 0.539670944214, "max": 4.24330377579, "var": 0.513019323349, "mean": 1.90407657623}}, "metadata": {"audio_properties": {"equal_loudness": 0, "codec": "mp3", "downmix": "mix", "sample_rate": 44100, "analysis_sample_rate": 44100, "bit_rate": 182222, "md5_encoded": "7a34e1ea94bec43cce1623b9a2889f97", "length": 187.350204468, "replay_gain": -13.7702159882, "lossless": false}, "version": {"essentia_build_sha": "2d9f1f26377add8aeb1075a9c2973f962c4f09fd", "essentia": "2.1-beta2", "extractor": "music 1.0", "essentia_git_sha": "v2.1_beta2-1-ge3940c0"}, "tags": {"title": ["Delicje"], "language": ["pol"], "media": ["12\" Vinyl"], "albumartist": ["El Banda"], "musicbrainz_recordingid": ["099459c7-c621-45fd-864b-4581c3f43339"], "musicbrainz_albumartistid": ["54a3bdc7-2a9e-4a09-a5b4-fdc2bc678bd9"], "discnumber": ["2/2"], "album": ["Skutki uboczne"], "catalognumber": ["[none]"], "musicbrainz album release country": ["PL"], "musicbrainz album type": ["album"], "musicbrainz album status": ["official"], "file_name": "208 - Delicje.mp3", "date": ["2010-02-26"], "genre": ["Punk", "Punk Rock", "Hardcore", "Hardcore Punk"], "script": ["Latn"], "originaldate": ["2010-02-26"], "musicbrainz_albumid": ["459b6f49-4cbc-47d7-8097-d252621bd0c3"], "artist": ["El Banda"], "artistsort": ["El Banda"], "tracknumber": ["8/10"], "label": ["Pasa\u017cer"], "albumartistsort": ["El Banda"], "musicbrainz_artistid": ["54a3bdc7-2a9e-4a09-a5b4-fdc2bc678bd9"]}}, "rhythm": {"bpm_histogram_first_peak_bpm": {"dmean2": 0, "median": 152, "min": 152, "dvar2": 0, "dvar": 0, "dmean": 0, "max": 152, "var": 0, "mean": 152}, "bpm": 153.138244629, "bpm_histogram_second_peak_spread": {"dmean2": 0, "median": 0.0354609936476, "min": 0.0354609936476, "dvar2": 0, "dvar": 0, "dmean": 0, "max": 0.0354609936476, "var": 0, "mean": 0.0354609936476}, "bpm_histogram_first_peak_weight": {"dmean2": 0, "median": 0.456953644753, "min": 0.456953644753, "dvar2": 0, "dvar": 0, "dmean": 0, "max": 0.456953644753, "var": 0, "mean": 0.456953644753}, "onset_rate": 3.03690481186, "beats_position": [0.441179126501, 0.893968224525, 1.33514738083, 1.74149656296, 2.15945577621, 2.56580495834, 2.97215414047, 3.36689329147, 3.7732424736, 4.17959165573, 4.58594083786, 4.99229001999, 5.41024923325, 5.80498838425, 6.2229475975, 6.62929677963, 7.03564596176, 7.4303855896, 7.8251247406, 8.23147392273, 8.63782310486, 9.04417228699, 9.43891143799, 9.83365058899, 10.2399997711, 10.6347389221, 11.0410881042, 11.4474372864, 11.8537864685, 12.2601356506, 12.6664848328, 13.0496139526, 13.4443531036, 13.8274831772, 14.2106122971, 14.5937414169, 14.9768705368, 15.3716096878, 15.7547388077, 16.1378688812, 16.5326080322, 16.9157371521, 17.298866272, 17.693605423, 18.0767345428, 18.4598636627, 18.8429927826, 19.2261219025, 19.6092510223, 19.9923801422, 20.363899231, 20.7470283508, 21.1301574707, 21.5016784668, 21.8964176178, 22.2911567688, 22.6858959198, 23.0690250397, 23.4637641907, 23.8468933105, 24.2300224304, 24.6131515503, 24.9962806702, 25.37940979, 25.774148941, 26.168888092, 26.5520172119, 26.9351463318, 27.3298854828, 27.7130146027, 28.1077537537, 28.5024929047, 28.897233963, 29.291973114, 29.686712265, 30.081451416, 30.4645805359, 30.8593196869, 31.2424488068, 31.6371879578, 32.0203170776, 32.4150543213, 32.8097953796, 33.204536438, 33.5992736816, 33.9824028015, 34.3655319214, 34.7602729797, 35.1550102234, 35.5497512817, 35.9444885254, 36.3392295837, 36.7223587036, 37.1054878235, 37.4886169434, 37.8717460632, 38.2664833069, 38.6612243652, 39.0559616089, 39.4390907288, 39.8222198486, 40.216960907, 40.6116981506, 41.006439209, 41.4011802673, 41.795917511, 42.1906585693, 42.5737876892, 42.9569168091, 43.340045929, 43.7231750488, 44.1179122925, 44.5010414124, 44.8841705322, 45.2789115906, 45.6736488342, 46.0567779541, 46.439907074, 46.8230361938, 47.2061653137, 47.5892944336, 47.9724235535, 48.355556488, 48.7386856079, 49.1218147278, 49.5165519714, 49.9112930298, 50.3060302734, 50.6891593933, 51.0722885132, 51.4554176331, 51.8385467529, 52.2216758728, 52.6048049927, 52.9879341125, 53.3710632324, 53.7541923523, 54.1373214722, 54.5204544067, 54.8919715881, 55.2867126465, 55.6698417664, 56.0529708862, 56.4477081299, 56.8424491882, 57.2371864319, 57.6203155518, 58.0034446716, 58.3865737915, 58.7697029114, 59.1644439697, 59.5475730896, 59.9307022095, 60.3022193909, 60.6853485107, 61.0684814453, 61.463218689, 61.8463478088, 62.2294769287, 62.6242179871, 63.0189552307, 63.4020843506, 63.7852134705, 64.1683425903, 64.5514755249, 64.9346008301, 65.3177337646, 65.7124710083, 66.107208252, 66.5019454956, 66.8966903687, 67.2798156738, 67.6629486084, 68.0460739136, 68.4292068481, 68.8239440918, 69.2186813354, 69.6134262085, 70.0081634521, 70.4145126343, 70.8208618164, 71.2155990601, 71.6103363037, 72.0166854858, 72.423034668, 72.8293838501, 73.2357330322, 73.6420822144, 74.0484313965, 74.4547805786, 74.8611297607, 75.2558746338, 75.6506118774, 76.0453491211, 76.4400863647, 76.8348312378, 77.2295684814, 77.6243057251, 78.0190429688, 78.4137878418, 78.8085250854, 79.1916503906, 79.5747833252, 79.9695205688, 80.3642578125, 80.7706069946, 81.1769561768, 81.5717010498, 81.954826355, 82.3379592896, 82.7210845947, 83.1158294678, 83.4989547729, 83.8936920166, 84.2884368896, 84.6831741333, 85.0662994385, 85.449432373, 85.8441696167, 86.2389068604, 86.6220397949, 87.0051651001, 87.3882980347, 87.7714233398, 88.1661682129, 88.5492935181, 88.9440383911, 89.3387756348, 89.7219009399, 90.116645813, 90.5113830566, 90.8945083618, 91.2776412964, 91.67237854, 92.0671157837, 92.4618606567, 92.8449859619, 93.2281188965, 93.6112442017, 94.0059814453, 94.3891143799, 94.7838516235, 95.1785888672, 95.5617218018, 95.9448471069, 96.33959198, 96.7343292236, 97.1290664673, 97.5238113403, 97.918548584, 98.3132858276, 98.6964187622, 99.0795440674, 99.474281311, 99.8690261841, 100.263763428, 100.658500671, 101.041633606, 101.424758911, 101.807891846, 102.191017151, 102.585754395, 102.980499268, 103.375236511, 103.769973755, 104.164710999, 104.559455872, 104.942581177, 105.325714111, 105.708839417, 106.091972351, 106.486709595, 106.881446838, 107.276191711, 107.670928955, 108.065666199, 108.460403442, 108.855148315, 109.249885559, 109.644622803, 110.039360046, 110.434104919, 110.828842163, 111.223579407, 111.606712341, 111.989837646, 112.372970581, 112.756095886, 113.15083313, 113.545578003, 113.940315247, 114.33505249, 114.729797363, 115.124534607, 115.519271851, 115.914009094, 116.308753967, 116.703491211, 117.098228455, 117.492965698, 117.887710571, 118.282447815, 118.677185059, 119.071922302, 119.466667175, 119.861404419, 120.256141663, 120.650878906, 121.045623779, 121.440361023, 121.835098267, 122.22983551, 122.624580383, 123.030929565, 123.437278748, 123.832015991, 124.226753235, 124.621498108, 125.016235352, 125.410972595, 125.805709839, 126.200454712, 126.595191956, 126.989929199, 127.384666443, 127.779411316, 128.17414856, 128.568893433, 128.963623047, 129.346755981, 129.753097534, 130.147842407, 130.54258728, 130.937316895, 131.332061768, 131.726806641, 132.121536255, 132.516281128, 132.899414063, 133.294143677, 133.677276611, 134.060409546, 134.45513916, 134.861495972, 135.256240845, 135.650970459, 136.045715332, 136.440444946, 136.835189819, 137.229934692, 137.601455688, 137.984573364, 138.367706299, 138.762451172, 139.157180786, 139.551925659, 139.946670532, 140.341400146, 140.73614502, 141.130874634, 141.514007568, 141.908752441, 142.291885376, 142.68661499, 143.081359863, 143.476104736, 143.870834351, 144.265579224, 144.671920776, 145.055053711, 145.438186646, 145.82131958, 146.216049194, 146.610794067, 147.005523682, 147.400268555, 147.795013428, 148.189743042, 148.596099854, 149.002441406, 149.420410156, 149.826751709, 150.233108521, 150.639450073, 151.057418823, 151.475372314, 151.881713867, 152.299682617, 152.694412231, 153.089157104, 153.483901978, 153.867019653, 154.250152588, 154.633285522, 155.016418457, 155.411148071, 155.805892944, 156.212234497, 156.60697937, 157.013336182, 157.408065796, 157.837631226, 158.267211914, 158.708389282, 159.14956665, 159.57913208, 160.00869751, 160.438278198, 160.867843628, 161.297409058, 161.738586426, 162.214599609, 162.679000854, 163.1434021, 163.700683594, 164.257949829, 164.815231323, 165.477005005, 166.150375366, 166.823760986, 167.497146606, 168.193740845, 168.878723145, 169.517272949, 170.144210815, 170.771148682, 171.340042114, 171.920547485, 172.477813721, 173.035095215, 173.603988647, 174.17288208, 174.730148315, 175.28742981, 175.844711304, 176.425216675, 176.959274292, 177.493331909, 178.015777588, 178.561447144, 179.118728638, 179.676010132, 180.210067749, 180.720901489, 181.231735229, 181.765808105, 182.311477661, 182.973236084, 183.623397827, 184.285171509, 184.923721313, 185.573867798, 186.224029541, 186.874191284], "beats_loudness": {"dmean2": 0.0202731434256, "median": 0.0509617477655, "min": 5.26076582901e-05, "dvar2": 0.000449950457551, "dvar": 0.000159341056133, "dmean": 0.012027929537, "max": 0.104473419487, "var": 0.000692271802109, "mean": 0.044314481318}, "danceability": 0.961442828178, "bpm_histogram_second_peak_weight": {"dmean2": 0, "median": 0.300220757723, "min": 0.300220757723, "dvar2": 0, "dvar": 0, "dmean": 0, "max": 0.300220757723, "var": 0, "mean": 0.300220757723}, "beats_count": 454, "bpm_histogram_second_peak_bpm": {"dmean2": 0, "median": 157, "min": 157, "dvar2": 0, "dvar": 0, "dmean": 0, "max": 157, "var": 0, "mean": 157}, "bpm_histogram_first_peak_spread": {"dmean2": 0, "median": 0.171999976039, "min": 0.171999976039, "dvar2": 0, "dvar": 0, "dmean": 0, "max": 0.171999976039, "var": 0, "mean": 0.171999976039}, "beats_loudness_band_ratio": {"dmean2": [0.363351643085, 0.188723728061, 0.107112810016, 0.270161509514, 0.116411820054, 0.0842228084803], "median": [0.49971729517, 0.0843904912472, 0.0424823239446, 0.0590358823538, 0.0535800233483, 0.034652300179], "min": [0.00762013159692, 0.000100797769846, 0.00018615933368, 3.70333618775e-05, 2.1816287699e-05, 8.19845990918e-06], "dvar2": [0.0672464594245, 0.0374712087214, 0.0135227181017, 0.0725659877062, 0.0201043989509, 0.0205227788538], "dvar": [0.0256042424589, 0.0133407711983, 0.00536250555888, 0.0281921904534, 0.00750905461609, 0.00722823850811], "dmean": [0.215983748436, 0.108844928443, 0.0619438029826, 0.149844154716, 0.0682792440057, 0.0473106168211], "max": [0.989003837109, 0.844627320766, 0.720116794109, 0.92108464241, 0.877939045429, 0.734736919403], "var": [0.0551530979574, 0.0228307768703, 0.00698006898165, 0.0418380312622, 0.0120700728148, 0.0053714918904], "mean": [0.513154983521, 0.138296961784, 0.0705220550299, 0.163503617048, 0.0894593149424, 0.0540509857237]}}, "lowlevel": {"barkbands_spread": {"dmean2": 10.0077066422, "median": 23.3498840332, "min": 0.148517742753, "dvar2": 186.667190552, "dvar": 89.1015930176, "dmean": 6.61482810974, "max": 125.217323303, "var": 365.995452881, "mean": 25.9717235565}, "melbands_spread": {"dmean2": 10.692486763, "median": 20.2176837921, "min": 0.164505258203, "dvar2": 262.751495361, "dvar": 121.20602417, "dmean": 6.9213643074, "max": 285.30480957, "var": 424.608825684, "mean": 24.0715827942}, "hfc": {"dmean2": 13.366733551, "median": 22.196144104, "min": 1.45648444416e-08, "dvar2": 1177.68664551, "dvar": 736.559753418, "dmean": 10.0778903961, "max": 649.096130371, "var": 2619.93896484, "mean": 34.4622612}, "barkbands_kurtosis": {"dmean2": 6.73863458633, "median": 1.69723725319, "min": -1.97250056267, "dvar2": 1148.25622559, "dvar": 390.310272217, "dmean": 4.06318998337, "max": 670.765075684, "var": 402.904693604, "mean": 5.92277431488}, "gfcc": {"mean": [-38.4023895264, 90.6149749756, -91.1441345215, 6.02536296844, -18.5408306122, 12.1315135956, -33.03673172, 10.5677471161, -27.0836734772, -2.15569186211, -9.92880821228, -4.49598026276, -8.47559356689], "icov": [[0.000147040365846, 0.000231706071645, 1.23837144201e-05, -0.000151344924234, -0.000147610146087, 0.000292273849482, 2.53309099207e-05, -0.000272935256362, 0.000379776931368, -7.36512811272e-05, 0.000235996762058, -0.000115111804917, 0.000374190043658], [0.000231706071645, 0.0011705358047, 1.0366987226e-05, 0.000148207080201, -0.000609297363553, 0.00119274121244, -0.000312334945193, 0.000202602648642, -0.000195318250917, 0.000601891311817, -0.000371440488379, 0.000964972306974, -0.000164010940352], [1.23837144201e-05, 1.0366987226e-05, 0.00102257332765, -0.000169850885868, 0.000137562296004, 6.75470946589e-05, 0.000267746800091, 4.62419629912e-05, 0.000114051712444, -0.000279812229564, 0.000292832031846, -0.000770767626818, 0.000796253734734], [-0.000151344924234, 0.000148207080201, -0.000169850885868, 0.00336502189748, -7.34783970984e-05, 0.000125222213683, 0.000182562813279, -0.000128806015709, -0.00114997837227, 0.000417467032094, -0.000513922830578, 8.76587364473e-05, 0.000390928762499], [-0.000147610146087, -0.000609297363553, 0.000137562296004, -7.34783970984e-05, 0.00244024023414, -0.000371214264305, -4.95814492751e-05, -0.000148452600115, 0.000178241272806, -0.000827549549285, 0.000637596531305, -0.00114171602763, -0.00018976033607], [0.000292273849482, 0.00119274121244, 6.75470946589e-05, 0.000125222213683, -0.000371214264305, 0.00267681269906, -0.000665056461003, -0.000947799300775, 0.000254341604887, 0.000190670980373, -0.000521165202372, 0.000484564312501, -0.00129255757201], [2.53309099207e-05, -0.000312334945193, 0.000267746800091, 0.000182562813279, -4.95814492751e-05, -0.000665056461003, 0.00385972461663, -0.000123979960335, 4.79613845528e-05, 7.9981815361e-05, -0.000869791198056, -0.000995118170977, 0.000930333335418], [-0.000272935256362, 0.000202602648642, 4.62419629912e-05, -0.000128806015709, -0.000148452600115, -0.000947799300775, -0.000123979960335, 0.00697615370154, -0.000352868286427, 0.00023200661235, -0.00036231323611, 0.00105991482269, -0.00110347848386], [0.000379776931368, -0.000195318250917, 0.000114051712444, -0.00114997837227, 0.000178241272806, 0.000254341604887, 4.79613845528e-05, -0.000352868286427, 0.00664053019136, -0.00131765380502, 0.00266509596258, -0.00190078036394, 0.00155697634909], [-7.36512811272e-05, 0.000601891311817, -0.000279812229564, 0.000417467032094, -0.000827549549285, 0.000190670980373, 7.9981815361e-05, 0.00023200661235, -0.00131765380502, 0.00678167073056, -0.000927724409848, 0.00222790800035, -0.00154904706869], [0.000235996762058, -0.000371440488379, 0.000292832031846, -0.000513922830578, 0.000637596531305, -0.000521165202372, -0.000869791198056, -0.00036231323611, 0.00266509596258, -0.000927724409848, 0.00581637164578, -0.00201083929278, 0.00110936211422], [-0.000115111804917, 0.000964972306974, -0.000770767626818, 8.76587364473e-05, -0.00114171602763, 0.000484564312501, -0.000995118170977, 0.00105991482269, -0.00190078036394, 0.00222790800035, -0.00201083929278, 0.00858175847679, -0.00170033995528], [0.000374190043658, -0.000164010940352, 0.000796253734734, 0.000390928762499, -0.00018976033607, -0.00129255757201, 0.000930333335418, -0.00110347848386, 0.00155697634909, -0.00154904706869, 0.00110936211422, -0.00170033995528, 0.0102019570768]], "cov": [[27525, -5523.46386719, 1635.14086914, 1390.26477051, 614.174194336, -1191.28649902, -864.506835938, 778.632995605, -644.076599121, 237.959243774, -1017.67248535, 447.148406982, -936.100097656], [-5523.46386719, 3515.83227539, -270.31427002, -272.740875244, 173.695404053, -968.889953613, 142.585098267, -388.500579834, 243.818084717, -169.287033081, 112.724311829, -223.488174438, 3.69254803658], [1635.14086914, -270.31427002, 1297.24377441, 178.379974365, -10.5029687881, -273.907348633, -138.218292236, -21.9104290009, 41.510055542, 8.51463603973, -125.210975647, 111.753082275, -169.869140625], [1390.26477051, -272.740875244, 178.379974365, 403.923553467, 23.2043743134, -116.813644409, -64.2211380005, 32.0097579956, 37.8960990906, -4.80168390274, -56.3025054932, 39.3669013977, -83.656211853], [614.174194336, 173.695404053, -10.5029687881, 23.2043743134, 522.612548828, -95.0005950928, -3.43846893311, 7.21637582779, 7.57287168503, 35.2132911682, -60.8862457275, 38.6510009766, -3.77160167694], [-1191.28649902, -968.889953613, -273.907348633, -116.813644409, -95.0005950928, 1171.68237305, 153.243041992, 172.133239746, -107.815124512, 58.2613677979, 166.690994263, 30.42786026, 217.544006348], [-864.506835938, 142.585098267, -138.218292236, -64.2211380005, -3.43846893311, 153.243041992, 343.280303955, -5.38458681107, -13.4081907272, -22.1070823669, 117.847396851, 27.3387393951, 25.1456851959], [778.632995605, -388.500579834, -21.9104290009, 32.0097579956, 7.21637582779, 172.133239746, -5.38458681107, 208.911376953, -42.993221283, 23.6583404541, -4.91665220261, 4.21033525467, 22.0995368958], [-644.076599121, 243.818084717, 41.510055542, 37.8960990906, 7.57287168503, -107.815124512, -13.4081907272, -42.993221283, 240.446548462, 5.38576698303, -74.7102890015, 8.43846797943, -20.4428749084], [237.959243774, -169.287033081, 8.51463603973, -4.80168390274, 35.2132911682, 58.2613677979, -22.1070823669, 23.6583404541, 5.38576698303, 181.169662476, -8.29612350464, -24.0258655548, 24.2657546997], [-1017.67248535, 112.724311829, -125.210975647, -56.3025054932, -60.8862457275, 166.690994263, 117.847396851, -4.91665220261, -74.7102890015, -8.29612350464, 293.359100342, 22.3802871704, 41.7494125366], [447.148406982, -223.488174438, 111.753082275, 39.3669013977, 38.6510009766, 30.42786026, 27.3387393951, 4.21033525467, 8.43846797943, -24.0258655548, 22.3802871704, 175.565216064, -5.7962770462], [-936.100097656, 3.69254803658, -169.869140625, -83.656211853, -3.77160167694, 217.544006348, 25.1456851959, 22.0995368958, -20.4428749084, 24.2657546997, 41.7494125366, -5.7962770462, 177.765838623]]}, "spectral_energyband_middle_low": {"dmean2": 0.00490120286122, "median": 0.00957092549652, "min": 5.52162861874e-13, "dvar2": 5.11320540681e-05, "dvar": 1.91472572624e-05, "dmean": 0.00300903478637, "max": 0.0595360398293, "var": 7.4904608482e-05, "mean": 0.0104025211185}, "melbands_crest": {"dmean2": 4.70890712738, "median": 16.0303936005, "min": 4.96146154404, "dvar2": 26.1963500977, "dvar": 9.6747379303, "dmean": 2.88681149483, "max": 39.8704414368, "var": 34.4333000183, "mean": 16.9057025909}, "spectral_kurtosis": {"dmean2": 6.87863206863, "median": 7.90334796906, "min": -1.53588843346, "dvar2": 173.083847046, "dvar": 67.0496063232, "dmean": 4.28836393356, "max": 183.10824585, "var": 440.025268555, "mean": 13.8948078156}, "spectral_rms": {"dmean2": 0.000803351926152, "median": 0.00646034348756, "min": 5.00037309337e-08, "dvar2": 8.65535128014e-07, "dvar": 3.57868771061e-07, "dmean": 0.000501471280586, "max": 0.0116426404566, "var": 7.20337175153e-06, "mean": 0.00532062351704}, "zerocrossingrate": {"dmean2": 0.0152296181768, "median": 0.0576171875, "min": 0, "dvar2": 0.000409403728554, "dvar": 0.000411007815273, "dmean": 0.0136966248974, "max": 0.47265625, "var": 0.00288274860941, "mean": 0.0665188506246}, "silence_rate_60dB": {"dmean2": 0.0109072877094, "median": 0, "min": 0, "dvar2": 0.0125232962891, "dvar": 0.00542395329103, "dmean": 0.00545296818018, "max": 1, "var": 0.166710436344, "mean": 0.21140024066}, "erbbands_kurtosis": {"dmean2": 3.52462792397, "median": 0.703371882439, "min": -1.71478950977, "dvar2": 99.2320709229, "dvar": 47.3965454102, "dmean": 2.43419575691, "max": 190.501342773, "var": 199.103118896, "mean": 5.05158042908}, "erbbands": {"dmean2": [0.163873717189, 1.44765901566, 4.74362373352, 7.88444757462, 5.61885499954, 5.93156528473, 11.8968639374, 10.98757267, 5.25953578949, 8.24720668793, 11.5765666962, 18.3959083557, 13.0781784058, 26.3118629456, 40.1768531799, 30.589050293, 23.5218372345, 21.014585495, 29.6521892548, 21.992603302, 22.7003593445, 21.5604820251, 14.947262764, 16.1430873871, 9.04329395294, 9.59794139862, 4.43816375732, 1.53575277328, 1.82552194595, 2.81720042229, 4.59586572647, 6.46072912216, 5.01693153381, 4.72937726974, 2.70269322395, 1.06965780258, 0.488785535097, 0.126489087939, 0.0242474991828, 0.000720266252756], "median": [0.0603109449148, 1.75834012032, 5.34105682373, 8.40515899658, 5.04211187363, 3.87123918533, 10.1311254501, 7.7358751297, 4.68336009979, 4.76226520538, 5.9709405899, 6.91618061066, 6.53395462036, 6.7603263855, 9.77277946472, 12.1818962097, 9.4291677475, 12.8789920807, 20.4253616333, 13.45195961, 18.0359153748, 15.1579170227, 11.9049510956, 11.0809726715, 6.34253358841, 3.17950248718, 1.49837136269, 0.579899072647, 0.314708352089, 0.258261471987, 0.308332651854, 0.455648243427, 0.624735713005, 0.506342887878, 0.305826216936, 0.164840236306, 0.116505824029, 0.0355399996042, 0.00676338281482, 0.000262455199845], "min": [2.29659672356e-12, 3.00324626279e-11, 1.63026758759e-10, 3.87184312389e-10, 5.63713076218e-10, 4.97553442891e-10, 5.01105490436e-10, 6.99389879344e-10, 4.85918749682e-10, 1.75501321809e-10, 1.11722109342e-09, 1.88612103713e-09, 1.89041227117e-09, 8.15201350868e-10, 3.40321409942e-10, 7.27746529705e-10, 1.14337217472e-09, 7.03432811999e-10, 1.15960363534e-09, 4.83631801274e-09, 9.68615854191e-09, 8.08917111073e-09, 3.04261082995e-09, 3.12960479754e-09, 3.35012551034e-09, 5.07481523471e-09, 4.80301665107e-09, 1.67562475006e-09, 1.00302854911e-09, 1.08037734314e-09, 1.27357158153e-09, 6.80056122526e-10, 2.89155988042e-09, 2.60838195487e-09, 1.29443655794e-09, 2.34050112624e-09, 2.99028746209e-10, 1.26904931008e-10, 2.26884934451e-11, 2.4276589853e-12], "dvar2": [0.20966398716, 8.37528896332, 73.3489074707, 215.886322021, 105.469993591, 188.933563232, 464.442932129, 641.879516602, 166.208374023, 556.521057129, 997.619018555, 3598.57592773, 2056.55273438, 6161.74560547, 17958.5625, 11351.2128906, 7306.17285156, 2529.15576172, 4481.20019531, 3205.13354492, 1856.01867676, 1617.29797363, 849.295043945, 1111.63330078, 328.8984375, 599.280517578, 127.291053772, 10.8898115158, 42.7987213135, 144.640991211, 400.972503662, 770.018676758, 556.528076172, 570.268920898, 223.236740112, 28.5322742462, 3.72014117241, 0.0824412256479, 0.00195782398805, 1.70079977124e-06], "dvar": [0.0814920142293, 3.06537556648, 27.2864341736, 65.9621353149, 38.6865119934, 77.4964904785, 206.512420654, 266.029052734, 66.5215377808, 238.964981079, 438.472106934, 1539.49108887, 949.497497559, 3573.88256836, 9463.39746094, 6285.98144531, 4085.11083984, 1172.83850098, 1904.78979492, 1617.3112793, 791.76184082, 678.085083008, 380.298950195, 489.514129639, 141.938598633, 276.634246826, 53.8225402832, 4.64858436584, 22.5140838623, 83.3755111694, 218.209365845, 399.790893555, 276.550201416, 299.085021973, 117.732429504, 15.5207529068, 1.90667963028, 0.0427026152611, 0.000984803424217, 8.47347223498e-07], "dmean": [0.100701265037, 0.887159347534, 2.96545886993, 4.64793586731, 3.32982182503, 3.74768066406, 7.6683177948, 7.0262670517, 3.26890444756, 5.19455194473, 7.37301826477, 11.9066438675, 8.75119304657, 19.7828826904, 28.9186573029, 21.7762947083, 17.0087070465, 13.5583868027, 18.800951004, 14.8185358047, 14.5815906525, 13.7928791046, 9.66411495209, 10.4356412888, 5.87179470062, 6.44934225082, 2.88082838058, 0.98423832655, 1.25216948986, 2.00170564651, 3.25448155403, 4.46350240707, 3.56310486794, 3.32057619095, 1.93234777451, 0.776141226292, 0.34606179595, 0.0893938615918, 0.0170807037503, 0.000503496441524], "max": [3.48998260498, 24.487859726, 65.3928604126, 89.433555603, 89.1562957764, 163.187683105, 310.929199219, 347.345153809, 241.104064941, 304.709320068, 563.137145996, 1160.4185791, 951.654846191, 1556.25158691, 3510.62768555, 3877.87084961, 2333.85961914, 1494.81286621, 1111.1628418, 1215.95996094, 535.405273438, 578.21081543, 489.44720459, 502.797485352, 237.61265564, 348.1746521, 208.105041504, 49.5284347534, 217.50227356, 337.96585083, 399.200469971, 405.916748047, 677.734741211, 668.352233887, 367.874084473, 119.043212891, 39.055721283, 6.00292158127, 0.389794766903, 0.010110097006], "var": [0.0876045525074, 7.12672185898, 96.6137619019, 132.543670654, 73.9974212646, 169.323532104, 595.82421875, 806.787658691, 113.485496521, 291.186187744, 700.655700684, 2077.71459961, 1937.64599609, 13072.4912109, 34168.1835938, 19681.375, 14055.8623047, 2697.76953125, 4454.73095703, 6136.90673828, 2185.63891602, 1857.30041504, 1130.68762207, 1303.62866211, 508.311248779, 885.669677734, 155.154266357, 14.7441053391, 63.4817771912, 212.552368164, 481.24609375, 778.261901855, 546.343200684, 557.972290039, 234.404647827, 35.3104171753, 4.20803308487, 0.10798278451, 0.0023698033765, 2.01489137908e-06], "mean": [0.150403991342, 2.43464612961, 8.48190402985, 10.9819030762, 7.42674827576, 8.42635726929, 17.5292434692, 17.7060928345, 7.53869342804, 9.11102962494, 13.2823190689, 19.0841445923, 16.978307724, 44.5138626099, 64.0252685547, 46.3124961853, 34.6930847168, 27.717622757, 40.4942855835, 35.6100921631, 33.6192474365, 30.7688674927, 23.2593822479, 23.321516037, 14.667052269, 13.9523000717, 6.11897420883, 2.13407063484, 2.23526763916, 3.28176140785, 5.12767410278, 6.90888834, 5.77667474747, 5.25963878632, 2.92981863022, 1.31028831005, 0.620625376701, 0.171575278044, 0.0320555604994, 0.000973487563897]}, "spectral_strongpeak": {"dmean2": 0.887727439404, "median": 0.477812170982, "min": 0, "dvar2": 4.72517204285, "dvar": 1.85924220085, "dmean": 0.508841693401, "max": 32.0469207764, "var": 2.64415860176, "mean": 0.902958452702}, "spectral_energy": {"dmean2": 0.0102926827967, "median": 0.0427794419229, "min": 2.56288241497e-12, "dvar2": 0.000199552814593, "dvar": 8.02300710347e-05, "dmean": 0.00642131874338, "max": 0.138939857483, "var": 0.000626573222689, "mean": 0.0364000983536}, "average_loudness": 0.906884491444, "spectral_rolloff": {"dmean2": 854.17779541, "median": 1076.66015625, "min": 21.533203125, "dvar2": 3766870.5, "dvar": 1821171.5, "dmean": 512.809143066, "max": 13867.3828125, "var": 4366719, "mean": 1545.26025391}, "spectral_centroid": {"dmean2": 266.618530273, "median": 1243.12231445, "min": 151.377563477, "dvar2": 124039.5625, "dvar": 65200.2148438, "dmean": 182.288360596, "max": 10621.6162109, "var": 410781.875, "mean": 1250.59741211}, "pitch_salience": {"dmean2": 0.0956527665257, "median": 0.472390890121, "min": 0.0226670317352, "dvar2": 0.00906516239047, "dvar": 0.00348158949055, "dmean": 0.0593046322465, "max": 0.863574743271, "var": 0.0158853773028, "mean": 0.477332562208}, "spectral_energyband_middle_high": {"dmean2": 0.00276085920632, "median": 0.00406568916515, "min": 6.12355218615e-13, "dvar2": 2.38741849898e-05, "dvar": 1.42293038152e-05, "dmean": 0.00201697740704, "max": 0.0811829268932, "var": 0.000100177021523, "mean": 0.00770465657115}, "spectral_contrast_coeffs": {"dmean2": [0.0670179948211, 0.0663127526641, 0.0577558651567, 0.0476133562624, 0.0351325310767, 0.0300416890532], "median": [-0.634098649025, -0.708990454674, -0.758186340332, -0.753791451454, -0.765512883663, -0.809846699238], "min": [-0.962352752686, -0.961407959461, -0.968896865845, -0.959730744362, -0.958858966827, -0.96209949255], "dvar2": [0.0035725501366, 0.00335217593238, 0.00274604302831, 0.00163266900927, 0.00090846553212, 0.000783916737419], "dvar": [0.00128705753013, 0.00130075472407, 0.00122030335478, 0.00067953573307, 0.000383748236345, 0.000340421247529], "dmean": [0.0404389351606, 0.0403673239052, 0.0367059260607, 0.0296934191138, 0.0220767762512, 0.0191459432244], "max": [-0.312359601259, -0.339214473963, -0.470680475235, -0.495937615633, -0.554173231125, -0.616986989975], "var": [0.0117556527257, 0.0104405274615, 0.00678179925308, 0.00466253561899, 0.00243318150751, 0.00143223966006], "mean": [-0.639213263988, -0.700034022331, -0.739507377148, -0.743429601192, -0.770222008228, -0.805976688862]}, "melbands_skewness": {"dmean2": 1.06064975262, "median": 2.44780135155, "min": -3.41436433792, "dvar2": 2.2399418354, "dvar": 0.897344470024, "dmean": 0.687341094017, "max": 38.8694839478, "var": 4.12192678452, "mean": 2.51546144485}, "spectral_spread": {"dmean2": 1133127.875, "median": 4616740, "min": 471436.34375, "dvar2": 2328392630270.0, "dvar": 1469394583550.0, "dmean": 822037.375, "max": 40237800, "var": 7535494430720.0, "mean": 4774393.5}, "dissonance": {"dmean2": 0.0403306856751, "median": 0.467918068171, "min": 0.0865038484335, "dvar2": 0.00374019588344, "dvar": 0.00128026294988, "dmean": 0.0238091237843, "max": 0.499934345484, "var": 0.00509544275701, "mean": 0.440666794777}, "spectral_skewness": {"dmean2": 0.595304250717, "median": 2.20526456833, "min": -0.271146655083, "dvar2": 0.702914774418, "dvar": 0.287996858358, "dmean": 0.383532553911, "max": 11.0815877914, "var": 2.08261942863, "mean": 2.54267764091}, "spectral_flux": {"dmean2": 0.0320323891938, "median": 0.0665395930409, "min": 3.20540202665e-05, "dvar2": 0.00134016387165, "dvar": 0.000614979071543, "dmean": 0.0207548532635, "max": 0.317632466555, "var": 0.00289579271339, "mean": 0.0723825916648}, "spectral_contrast_valleys": {"dmean2": [0.552903294563, 0.555634796619, 0.524771988392, 0.447229415178, 0.429604023695, 0.563948094845], "median": [-6.85866737366, -6.95623731613, -7.29492378235, -7.4023475647, -7.53929138184, -10.208272934], "min": [-26.9276046753, -27.11977005, -26.9852333069, -27.2707214355, -27.2521934509, -27.1761188507], "dvar2": [0.270226150751, 0.278806775808, 0.313815951347, 0.226660236716, 0.298374712467, 0.549779295921], "dvar": [0.12604790926, 0.132596209645, 0.152043044567, 0.121641553938, 0.161581635475, 0.282004565001], "dmean": [0.337330877781, 0.336882799864, 0.33223131299, 0.283669233322, 0.286981314421, 0.418373435736], "max": [-5.27179336548, -4.91504144669, -5.00298261642, -5.86382484436, -5.69239091873, -7.14694881439], "var": [2.85922884941, 2.63217449188, 2.47640132904, 3.06947493553, 3.89114332199, 4.88036966324], "mean": [-7.57503318787, -7.61100435257, -7.94811439514, -8.19666004181, -8.39545154572, -11.0047483444]}, "erbbands_flatness_db": {"dmean2": 0.0281021669507, "median": 0.145999252796, "min": 0.0435455590487, "dvar2": 0.00126567680854, "dvar": 0.00060229585506, "dmean": 0.020279886201, "max": 0.529285371304, "var": 0.0107532264665, "mean": 0.183386296034}, "spectral_energyband_high": {"dmean2": 0.00107142794877, "median": 0.000379936333047, "min": 1.05588411278e-12, "dvar2": 1.14654303616e-05, "dvar": 7.30130705051e-06, "dmean": 0.000816659128759, "max": 0.0602866150439, "var": 2.16288590309e-05, "mean": 0.00173317757435}, "spectral_entropy": {"dmean2": 0.291137188673, "median": 7.36871576309, "min": 3.5714802742, "dvar2": 0.192430734634, "dvar": 0.0857333540916, "dmean": 0.20489384234, "max": 9.80404758453, "var": 0.938063979149, "mean": 7.07158756256}, "silence_rate_20dB": {"dmean2": 0, "median": 1, "min": 1, "dvar2": 0, "dvar": 0, "dmean": 0, "max": 1, "var": 0, "mean": 1}, "melbands_flatness_db": {"dmean2": 0.0415045320988, "median": 0.250406086445, "min": 0.059309836477, "dvar2": 0.00240178080276, "dvar": 0.00105686788447, "dmean": 0.0282453037798, "max": 0.69343906641, "var": 0.0139018185437, "mean": 0.275546342134}, "barkbands": {"dmean2": [0.00054824212566, 0.00573207298294, 0.0044625243172, 0.0028566874098, 0.00156930007506, 0.00165525695775, 0.000456486392068, 0.000408304185839, 0.00081326632062, 0.000487724057166, 0.00113734137267, 0.000835399550851, 0.000543835631106, 0.000596734287683, 0.00049513526028, 0.000468188925879, 0.000360496313078, 0.000308863236569, 0.000236206818954, 0.000207785938983, 6.20964419795e-05, 5.67586175748e-05, 0.000149152750964, 0.00029338611057, 0.0003854430106, 0.000246822193731, 0.000114478236355], "median": [7.91797574493e-05, 0.00626462744549, 0.00381651893258, 0.0021625040099, 0.00113988993689, 0.00120192207396, 0.00032407278195, 0.00013370445231, 0.000338235258823, 0.000167815160239, 0.000169559876667, 0.00026592501672, 0.000146855949424, 0.00031675840728, 0.000255257065874, 0.000322725623846, 0.000230694422498, 0.000194135325728, 0.00015843953588, 7.14506022632e-05, 2.18595650949e-05, 8.26738869364e-06, 9.89847103483e-06, 3.27036250383e-05, 4.65810371679e-05, 5.54026628379e-05, 3.29607901222e-05], "min": [2.33031723394e-14, 1.11731987323e-13, 1.67609199089e-13, 1.46656395795e-13, 1.61749194767e-13, 8.19557773426e-14, 2.09859663284e-14, 2.91977508523e-14, 8.98359620201e-14, 4.32956655824e-14, 1.02597695828e-14, 1.62597071359e-14, 2.97339430367e-14, 6.83941708403e-15, 3.37420385686e-14, 1.59752622914e-13, 1.73950738254e-13, 4.93222677327e-14, 6.47626009352e-14, 1.19056674242e-13, 6.15971303911e-14, 3.19006295988e-14, 4.27335236967e-14, 1.26576930903e-13, 1.67813733829e-13, 3.88786577802e-13, 1.62620242793e-13], "dvar2": [1.43994429891e-06, 0.000147652928717, 6.03129010415e-05, 2.74069552688e-05, 1.28373103507e-05, 1.03910751932e-05, 1.21134371511e-06, 1.51844540142e-06, 5.30542092747e-06, 2.80419590126e-06, 1.23571089716e-05, 7.20508069207e-06, 4.2965693865e-06, 1.88430624348e-06, 1.40865665799e-06, 8.73976375715e-07, 5.0795046036e-07, 4.47145083626e-07, 2.11159743913e-07, 2.44857716325e-07, 2.25516672003e-08, 4.6565492795e-08, 4.04555208888e-07, 1.6585559024e-06, 3.31302567247e-06, 1.02260071344e-06, 4.36611493626e-08], "dvar": [5.30745637661e-07, 5.77020582568e-05, 2.26049251069e-05, 8.48005856824e-06, 5.2550426517e-06, 4.51130563306e-06, 5.01317231283e-07, 6.69738540182e-07, 2.29870101975e-06, 1.27663020066e-06, 7.24238452676e-06, 4.00578073823e-06, 2.34498156715e-06, 8.41882126679e-07, 6.98163432844e-07, 3.67606247664e-07, 2.09772352378e-07, 1.96491413362e-07, 9.21427343314e-08, 1.11579389284e-07, 9.20501541657e-09, 2.50307703453e-08, 2.24907623192e-07, 8.69302994033e-07, 1.93981827579e-06, 5.57843748084e-07, 2.22043379239e-08], "dmean": [0.000317245401675, 0.00358401983976, 0.00278660352342, 0.00167652533855, 0.000988141749986, 0.00107069429941, 0.000289997260552, 0.000254952145042, 0.000530645833351, 0.00032444196404, 0.000844931113534, 0.000580147316214, 0.000387118197978, 0.000375256204279, 0.000327