{"tonal": {"thpcp": [1, 0.678884744644, 0.357096523046, 0.291079163551, 0.25952103734, 0.508122682571, 0.809662818909, 0.665031135082, 0.605969786644, 0.589512586594, 0.309074997902, 0.340081065893, 0.53610599041, 0.453579723835, 0.595335066319, 0.91840583086, 0.655749261379, 0.288819432259, 0.239503949881, 0.257982343435, 0.528654813766, 0.7585516572, 0.529569506645, 0.369883358479, 0.394609153271, 0.316478580236, 0.432557046413, 0.590022146702, 0.470883488655, 0.586309731007, 0.775069653988, 0.508167505264, 0.315803915262, 0.347064137459, 0.380107462406, 0.727299213409], "hpcp": {"dmean2": [0.271043241024, 0.225265011191, 0.209093376994, 0.208930134773, 0.179984420538, 0.20710682869, 0.236890897155, 0.206421360373, 0.247462391853, 0.273947358131, 0.213658973575, 0.179489970207, 0.188406288624, 0.205295309424, 0.315097242594, 0.354189872742, 0.285324752331, 0.215578645468, 0.182944953442, 0.176605701447, 0.230586379766, 0.278906732798, 0.246428817511, 0.254506736994, 0.209110349417, 0.136769503355, 0.169808283448, 0.2162219733, 0.215466469526, 0.23948147893, 0.280940890312, 0.236630991101, 0.171881780028, 0.146960541606, 0.159172564745, 0.224208176136], "median": [0.064113214612, 0.0497382581234, 0.0235338956118, 0.017013637349, 0.0167548786849, 0.0335554592311, 0.0463675968349, 0.0440772473812, 0.0520345382392, 0.0587745830417, 0.040139503777, 0.0237052105367, 0.018309827894, 0.0332504920661, 0.0834983214736, 0.119940280914, 0.0704215541482, 0.0206734128296, 0.00967014953494, 0.0128107257187, 0.050714597106, 0.0715850740671, 0.0802918747067, 0.0542781427503, 0.037725687027, 0.0184926763177, 0.0210210867226, 0.0224875900894, 0.0249272789806, 0.0524912662804, 0.066392570734, 0.0508931875229, 0.0208982359618, 0.0119692049921, 0.014636034146, 0.0449025556445], "min": [0, 0, 0, 0, 0, 0, 0, 0, 0, 0, 0, 0, 0, 0, 0, 0, 0, 0, 0, 0, 0, 0, 0, 0, 0, 0, 0, 0, 0, 0, 0, 0, 0, 0, 0, 0], "dvar2": [0.127400398254, 0.092422015965, 0.0982490181923, 0.108392052352, 0.0821241885424, 0.0861590206623, 0.105603411794, 0.0820426344872, 0.106804206967, 0.13091391325, 0.0953345522285, 0.0893054232001, 0.0954499691725, 0.0948785841465, 0.137394800782, 0.153204292059, 0.129542544484, 0.108967520297, 0.111398346722, 0.0924166291952, 0.100898660719, 0.122193701565, 0.0910057201982, 0.104315698147, 0.0864502266049, 0.0549894981086, 0.0757710710168, 0.106355451047, 0.105862483382, 0.103390596807, 0.127335011959, 0.0973259806633, 0.0720955058932, 0.0686251223087, 0.0718870684505, 0.0918456017971], "dvar": [0.0539848580956, 0.0349310301244, 0.0357866510749, 0.0424513481557, 0.0299178790301, 0.0327071771026, 0.0449932180345, 0.0314701907337, 0.0426032058895, 0.0591090321541, 0.0361953340471, 0.0324284806848, 0.0356713235378, 0.0344281643629, 0.0529093556106, 0.0653974786401, 0.0501317195594, 0.0392676778138, 0.0407745465636, 0.0328990332782, 0.0382945463061, 0.0558088421822, 0.0375930145383, 0.0404164753854, 0.0375473797321, 0.0208396352828, 0.0289051122963, 0.0458591356874, 0.0399923846126, 0.0412142984569, 0.0601558573544, 0.0401519164443, 0.0258603077382, 0.0253058914095, 0.0262583270669, 0.0351487584412], "dmean": [0.158082857728, 0.129855006933, 0.117257811129, 0.116351686418, 0.100393943489, 0.119631670415, 0.137284606695, 0.120157271624, 0.145952194929, 0.160707324743, 0.125822305679, 0.100265271962, 0.105253107846, 0.115373343229, 0.182385966182, 0.207032367587, 0.164454460144, 0.118917919695, 0.0998402386904, 0.0960528105497, 0.133874714375, 0.166175797582, 0.147602379322, 0.146388575435, 0.121866635978, 0.0787638574839, 0.0972926914692, 0.125884965062, 0.121700614691, 0.138824060559, 0.165693297982, 0.139815330505, 0.0951508209109, 0.0806247517467, 0.0873509421945, 0.130308926105], "max": [1, 1, 1, 1, 1, 1, 1, 1, 1, 1, 1, 1, 1, 1, 1, 1, 1, 1, 1, 1, 1, 1, 1, 1, 1, 1, 1, 1, 1, 1, 1, 1, 1, 1, 1, 1], "var": [0.0938107073307, 0.046061437577, 0.0342801325023, 0.0487243123353, 0.0292230807245, 0.0373277328908, 0.0675373151898, 0.0398198254406, 0.0559914000332, 0.100168608129, 0.0467169359326, 0.0279573295265, 0.0350278355181, 0.0320023298264, 0.066934838891, 0.110471777618, 0.0657041594386, 0.0351891666651, 0.0367831364274, 0.0250402279198, 0.0430217571557, 0.0968956202269, 0.060578558594, 0.0568988882005, 0.0726479142904, 0.0257344469428, 0.0299739278853, 0.0725935548544, 0.0510411411524, 0.0552008785307, 0.121246293187, 0.068416915834, 0.0222861431539, 0.0227792356163, 0.0232109241188, 0.0477470308542], "mean": [0.211315140128, 0.147525951266, 0.103041037917, 0.109929077327, 0.0881636887789, 0.12050049752, 0.164366662502, 0.13117736578, 0.163332477212, 0.215916663408, 0.14156383276, 0.0879757478833, 0.096684128046, 0.105889245868, 0.202608913183, 0.278577119112, 0.189121752977, 0.0994789227843, 0.0810879915953, 0.0722966194153, 0.141551345587, 0.225553542376, 0.185262456536, 0.168809309602, 0.164224714041, 0.0861012265086, 0.0947388038039, 0.149346858263, 0.126356929541, 0.165846735239, 0.255846858025, 0.18267673254, 0.0804584845901, 0.0667203217745, 0.071867980063, 0.14727114141]}, "tuning_equal_tempered_deviation": 0.0158144887537, "chords_changes_rate": 0.0984656438231, "key_key": "C", "tuning_diatonic_strength": 0.575023531914, "key_scale": "major", "chords_number_rate": 0.00186791189481, "tuning_frequency": 441.017791748, "tuning_nontempered_energy_ratio": 0.72497189045, "chords_histogram": [18.3322219849, 5.95063352585, 15.7304868698, 5.01667785645, 7.69846582413, 1.02735161781, 11.1140756607, 2.3749165535, 0.480320215225, 0.280186802149, 0.120080053806, 0, 1.4676450491, 0.413609087467, 0.0133422277868, 0.253502339125, 0.400266855955, 0.773849248886, 0.213475644588, 7.07138109207, 2.61507678032, 5.12341547012, 1.8145430088, 11.7144765854], "key_strength": 0.741009175777, "chords_key": "C", "chords_strength": {"dmean2": 0.0147036472335, "median": 0.443002521992, "min": -1, "dvar2": 0.000697032141034, "dvar": 0.000390148372389, "dmean": 0.0136023843661, "max": 0.728248894215, "var": 0.0290379356593, "mean": 0.43658041954}, "chords_scale": "major", "hpcp_entropy": {"dmean2": 1.2498216629, "median": 1.92225801945, "min": 0, "dvar2": 1.08895123005, "dvar": 0.3709461689, "dmean": 0.720865368843, "max": 4.38158464432, "var": 0.612582027912, "mean": 1.87488257885}}, "metadata": {"audio_properties": {"equal_loudness": 0, "codec": "mp3", "downmix": "mix", "sample_rate": 44100, "analysis_sample_rate": 44100, "bit_rate": 192000, "md5_encoded": "deebe756f2dd4f43acb758681b7b81ca", "length": 347.977142334, "replay_gain": -8.94047546387, "lossless": false}, "version": {"essentia_build_sha": "2d9f1f26377add8aeb1075a9c2973f962c4f09fd", "essentia": "2.1-beta2", "extractor": "music 1.0", "essentia_git_sha": "v2.1_beta2-1-ge3940c0"}, "tags": {"title": ["New Smeseno"], "language": ["eng"], "media": ["(CD)"], "albumartist": ["Farmers Market"], "musicbrainz_recordingid": ["099a3b97-ea4f-4bec-a0c1-93ef1211d72d"], "composer": ["Stian Carstensen"], "musicbrainz_albumartistid": ["f39255c1-d344-4bf5-a4fb-a1711459b7e2"], "discnumber": ["01/01"], "originalartist": ["Farmers Market"], "album": ["Farmers Market"], "catalognumber": ["W&W 910 056-2"], "musicbrainz album release country": ["NO"], "musicbrainz album type": ["Album"], "musicbrainz album status": ["Official"], "file_name": "06. New Smeseno_5-48.mp3", "acoustid_fingerprint": ["AQADtFIiJRmVKMKDa8fnIz50IqeNHnjhByV8CZUnfDke8vjx4Ef7HNu0o06DH0dz5sF347ikRMFdEfkO5UmEdM9RfcGzo88O75hJNA9O5Bd0Hf0emBlx4D6hnUf4B8cV9AbzwRZalvhxtC_SH2c2ODyeC_YRsifxSceHd0STB1U8MDyai1mRcyn0fKHwEHmKJqpThEqZF1eiQ0-UpMiZHz-8R8FNJ-Cz8MgPscF_HFeMK4qa4Lkg70V1pLzRPin4_Tj-iPgxWQymWCOH62h2HX0u5IZexQli7yCbHU2W7Liyozmux8gfB1QTzca_RXiOnYHH7HiaDvkXXEcjbQj14_YMPYriIN5-9MMUHf-qIE_Ro2Fy6PiDVzqUL04Q-3gu4XRQ3kVz3McfXOqNJJePSzpyZSOY2EXF4z_-oj3CHM8zuFIjZE905KN09MxxzkGbpD32HxpJLUgf9FXC4eLxJdKKx_jhKnPxMA2u4-3R5EP4HHpwHl9ePEe4MDmacTpysbhfPKlwqT00vfCPXi506bhyEld4_Gg0NQ3qaId-5Mf0oCEe5JfgQ1-OSA5VNDpii2i-HJoTFvlx5kcTWzK6Fz9yHbr8CdctWA2PmKJw1D48Dz7aLWjWC3Vw8RnyDo5-yJOUHjGTHA_M44y04CNxysSY5UXzg6mPH1eaILmyB7F4dIfzY2pF4lOEPUYOKbGD0NKHLw4xPcQlow5Rirj6FOkFbT6-MZpCvMEjwjnySEcfGWFGTcW1ELniCb3QnLwQc0uPcxYcTjzOK4FYdQvy5PiFi4FVhjiV8Tgf5Bcajsf3w88sXHDUZahao7-OhhIrvEFzKHqoQd_h13gWrceFUB-D5pdx5XiC6ZER5gtV3CZ0XFfxK0J_o6kYnJaIhlJW9MMnDU9WtNEHLT9uhOnRJkyHMeFDNCcqL2mQRxF-vIe4XPjTCPKUHU6P_DgPJuvCCzfCOImo4E6hZQ2q48Ojo85WwmQbbLsV_EMTpriQP8L0EM2840lahNYTQ9njIU7UwFmSREHJJ0F-ZZjeQ1wG_6iTLMczUNWhSze-RFcQhlmOicfzIQ3F4OGhb4GPD2J1PEnx48eUJP7ASNkV6MeXI9_xI38Qk0i_WMQ1Enp5hF02NNOJ4zqa8OiPw1eOI356NBL1gBF5tApDBVq4jLh8lIerGrwVFe6Gw9FRPelBT4qGK1D7oNE7VJLyC_vxBf3RhMZ3aEmmH_0EHU8eCv0xM99B9QoqJdGPPUGtQ2x09AS0POgzGo2ipCgTHvvRI8x55El0vEdZZofIlzhzNNWOh4f-4iyRO8VEhfmwXRdC9oH-lDiPLG9ANRvCTROeXJAS_Qg3MS5aJcfW4-mOI4y2zfiJE5e0I3p8XKzQTDz6B5wzqwgjaHqG-YjO4zqadMoQujne2MKrDnLxB0xQSTvxHXWTg8mFJ0dzlG-Eg0nSfKg4xhUeNmiYDz_hKtsM6U06XIe_44fZFxUr4sJ96H2IJk8VMP-RE3tG3PiFND2eSUfzHL0yYG4JXo8kbNRxHSqt4zFSNcN7HOl7_E3wJNAybZmESOvRvQOTL8WVYOLw5GgVBt413DxOBY7DCnnmYVtWfIUuZWCS5vgjhD2eTBdOoMmFcA0PHrqUtGiFa8clZFKZERWX4_ju4C1cB__wUxQa3kj7GRotfAgvNJJc4SpOVB-ar0HeJQcrvdAq4aqKUwSvjUWjbXgv_MaP5jqkPB2uHX2L-se9Ct8juAqPK8EzBZreEc2Ph3qQL3hCPCKVIU9WMBmHPg-eKcf3Qe84NKxSoj-kS4lxZS-eXDgzBU8k4nsgPsvxZMLFTHh2aHlH9A8u5ciXZHguInt09CqaMdDVB18mC2fioR1TC1r27Ph1XFkeXMmNP1PwzGgi60QlRskDPT-uKFGgnZIJJvnxHr9wygxih8c6IXQuNLNi_IpxZ_h-6FuKJ5Ee9Gi-HM9y6Dr2NMWfI8wu1GmOR5mFnITSx0P6C3-MJxH-FX-O_2iOWske5Ep4qM5s5J_hODpmD19qXJ2GLxyDWpmPF65JMJyOiyl-BqcYo0djHnks9EuF5lA11FuM5kNO9EeYPEqFutCixXhwZlEgnk3wiLgSccgT5mCio-yCZNOFrGSHPivBP7iO40oyIpyiJTwk3QjJGpdq_HGCKyXxCGfCw0-QT0VSH1cSbsEVsQ4uBn0OX0oe1I1sXDnyQ7cm9MnUoznoKDye4xYZlD2a69iPb4Mu_EaYPDQxKbKOLzKeRzpy6fiiQ6UDZo4aEWFe7MgnpkalHuIlD-VnRJd8PBG-hDjRawyaMS-uHbnyI9vxw79A_sHV481ifMdTNLmOLH-gq8iTHHfyCZ6jAr8cnMffoKltVPIRh8xwKYOO9yLySGGO9oef4EXV7ngf_M0Q3oeW7viK3xp-Dmb14MN5QW2C-2jk0tC-4YR-fDKJnFVEVF_g8cMflIxRuYg60bg-QYyoo19w4hu-C2XHwbfwD0e3R8M1V1Ae5egX-IfWGFfC4AnCvKgshRG-C9mv4omYQ582DbmO9xL6KGhCLcST4x3yKgqYHC0PXW6gSrkOLsXJI3yOZjqeD2eNZy0a7kUffXgqXDryHz8FLR9CK0oXvDkuqUnxXvBDnAv-Ib8IlZmOPFLoGH-EXiKa4utx8QFPhsK9ow03NGmR6xv0xMOtkgitoLFyXHhEDkfl9mieCPkFPVRkXEMu4Vt89DIoRpEqo-NE3LiXDv_Q_MOno1aC58iV41EK-Uf66KAVZgR5410M_yTyG_IfXMpSXOFxSRX8rLhy6HiWSGgmB33yRDgtiDmDp_OQcomIM13xgM9RH-ExJWKio9OWLnhwJlKDbzlRujIAApRAYCnPAUBAGaRAk8BJwRkATlBghCKCQSYUcMgogxABYgAiBDKIAcGQQIIAZiQwgCADECHGSIAAEQAZwwAxxhJHDETKIAEAIEQhRBAyQikgBWIEIQCBAQAADAQyBjhCEBGCWgCkJQQIIZBDAAgmACTAAECUUQQKYQBgRBAABDBCAAQMEsQQqYgzxCiAGAIAKQEcAIYII4FRjBCBiDPICKGYEpYoK4ABBBjiqDACEAIUgxIBKgEwnjAHFGESCkKEUkpYZoRRDBCIgDUOQQEMBYQIZYSRDgAgFBFOEQUANAAgJAQBgCAEDAKICEAEY0IJQJkCwlCgmEGaCAaMQAohARAiThghCJJIAGIAEU4QgAgjxBBAHIMAEHEhglQ6IZRzjCGEkAQMAAaWAA45wogRAiEkhLeCIGWEMIoSqKQwAjEgkAAKEGehQMIw4AAwABkCiCIIAGMMAAIJwIBiAgGlBPOKAMIMMEQJIwBBUAhjgFGCIQaBEEUZ4gQyChADmCAGGCKEMIwqDJwxBhhNjEHCiMAEIhAApAgBACgHJBESECSFAgQwYooxAAgBCMEAQQEEAIAAhRBBBCiCAEDEGECoMEQYhowSCAFBAIIEEcMYYwQAgxggiDAAjDEAESAIAAIIJIgygAlABBECEEMkIIhIIAAQxAALCANACkCAE0YQA5hSQBAAHBEICAEAMIgABpExwABAtBCCAUKMR8YQohBxgBGAGDDEEGMcIwIIBAAxEggBNAAEEEEcIRwBIJACwAAjIAAGACGMYwYgIgAzDBlABHIAGSoEQYQYQIhwwAjHOBEIAEMsEsgAABgUAgAAkjACEAWEAsYABYRwChEEEFMAUAIoYcYBYggBhglBECEEK0KAA4I6hJgTBiCgBASCEKAQAYIY6wQBABGFCDHAGIMMAscKAIlQHgGBhHFEMICgBo4IYCAxwBkiiAFAOCEKIAgAJgICUoCADA"], "date": ["2000"], "genre": ["Lounge"], "musicbrainz_releasegroupid": ["50d23e9d-52ca-3748-94ac-6d50c96cd132"], "musicbrainz_artistid": ["f39255c1-d344-4bf5-a4fb-a1711459b7e2"], "originaldate": ["2000"], "musicbrainz_albumid": ["ebd25ba4-6a1b-45c1-aff4-3bfb2ad9a676"], "originalalbum": ["Farmers Market"], "tracknumber": ["06/13"], "artistsort": ["Farmers Market"], "artist": ["Farmers Market"], "label": ["Winter & Winter"], "albumartistsort": ["Farmers Market"], "acoustid_id": ["07be85ba-cee0-45e9-8a65-37739eb567f5"], "script": ["Latin"]}}, "rhythm": {"bpm_histogram_first_peak_bpm": {"dmean2": 0, "median": 178, "min": 178, "dvar2": 0, "dvar": 0, "dmean": 0, "max": 178, "var": 0, "mean": 178}, "bpm": 178.205581665, "bpm_histogram_second_peak_spread": {"dmean2": 0, "median": 0, "min": 0, "dvar2": 0, "dvar": 0, "dmean": 0, "max": 0, "var": 0, "mean": 0}, "bpm_histogram_first_peak_weight": {"dmean2": 0, "median": 0.185135141015, "min": 0.185135141015, "dvar2": 0, "dvar": 0, "dmean": 0, "max": 0.185135141015, "var": 0, "mean": 0.185135141015}, "onset_rate": 5.66958141327, "beats_position": [0.31346938014, 0.638548731804, 0.975238084793, 1.31192743778, 1.64861679077, 1.98530614376, 2.32199549675, 2.65868473053, 3.08825397491, 3.51782298088, 3.94739222527, 4.37696123123, 4.78331041336, 5.20126962662, 5.61922883987, 6.03718805313, 6.45514726639, 6.86149644852, 7.26784563065, 7.66258478165, 8.06893444061, 8.47528362274, 8.87002277374, 9.25315189362, 9.63628101349, 10.0194101334, 10.4025392532, 10.7856683731, 11.1687984467, 11.5519275665, 11.9234466553, 12.3065757751, 12.689704895, 13.0612239838, 13.5372333527, 14.0016326904, 14.4776411057, 14.9304304123, 15.3832197189, 15.8476190567, 16.3120174408, 16.6835365295, 17.0434455872, 17.4033565521, 17.7516555786, 18.1115646362, 18.4714736938, 18.8313827515, 19.179681778, 19.5512008667, 19.9227199554, 20.3058490753, 20.6889801025, 21.0721092224, 21.4552383423, 21.8499774933, 22.2331066132, 22.5930156708, 22.9761447906, 23.3360538483, 23.7191829681, 24.0907020569, 24.4622211456, 24.8221302032, 25.1936511993, 25.5651702881, 25.948299408, 26.3314285278, 26.7261676788, 27.0744667053, 27.4227657318, 27.7826747894, 28.142583847, 28.4908847809, 28.8507938385, 29.199092865, 29.5473918915, 29.8840808868, 30.2207698822, 30.5574588776, 30.8825397491, 31.2076187134, 31.5443077087, 31.8809967041, 32.2292976379, 32.5659866333, 32.9258956909, 33.2625846863, 33.5992736816, 33.9475746155, 34.3074836731, 34.6673927307, 35.0273017883, 35.3872108459, 35.8632202148, 36.3392295837, 36.7920188904, 37.244808197, 37.7092056274, 38.1852149963, 38.6496124268, 39.1024017334, 39.5784111023, 40.0544204712, 40.5188217163, 40.9832191467, 41.4476165771, 41.9352378845, 42.4344673157, 42.9104766846, 43.4561424255, 44.0018119812, 44.5590934753, 45.1163711548, 45.6736488342, 46.2077102661, 46.7649879456, 47.322265625, 47.8098869324, 48.3207244873, 48.8199539185, 49.3191833496, 49.8184127808, 50.3060302734, 50.8052597046, 51.3160972595, 51.8269386292, 52.3377761841, 52.871837616, 53.3594551086, 53.8238525391, 54.2882537842, 54.7526512146, 55.0777320862, 55.4144210815, 55.7511100769, 56.0761909485, 56.4012680054, 56.7379570007, 57.0630378723, 57.3997268677, 57.736415863, 58.0731048584, 58.4097938538, 58.7464828491, 59.0831718445, 59.4430847168, 59.8029937744, 60.1512908936, 60.4879798889, 60.8130607605, 61.1613578796, 61.5096588135, 61.8695678711, 62.2294769287, 62.6242179871, 63.0189552307, 63.4136962891, 63.7852134705, 64.1451263428, 64.4934234619, 64.8533325195, 65.2132415771, 65.5731506348, 65.9446716309, 66.316192627, 66.7109298706, 67.0824508667, 67.4539642334, 67.8254852295, 68.1737823486, 68.5220870972, 68.8587722778, 69.1954650879, 69.5205459595, 69.8572311401, 70.1939239502, 70.5306091309, 70.8673019409, 71.2039871216, 71.5406799316, 71.8889770508, 72.2488861084, 72.632019043, 72.9687042236, 73.3053970337, 73.6420822144, 73.9787750244, 74.3270721436, 74.6637649536, 75.0004501343, 75.3255310059, 75.6622238159, 75.9989089966, 76.3239898682, 76.6606826782, 77.0089797974, 77.345664978, 77.6939697266, 78.0538787842, 78.4253921509, 78.7620849609, 79.1103820801, 79.4586868286, 79.7953720093, 80.1320648193, 80.4571380615, 80.7938308716, 81.1305236816, 81.4555969238, 81.7922897339, 82.1289749146, 82.4656677246, 82.8023605347, 83.1506576538, 83.5105667114, 83.870475769, 84.2187728882, 84.5670700073, 84.9153747559, 85.2520599365, 85.5887527466, 85.9254379272, 86.2621307373, 86.598815918, 86.9238967896, 87.2489776611, 87.5856704712, 87.9223556519, 88.2590484619, 88.6073455811, 88.9556427002, 89.3039474487, 89.6638565063, 90.023765564, 90.3720626831, 90.7087478638, 91.0454406738, 91.3821334839, 91.7188186646, 92.0555114746, 92.3921966553, 92.7172775269, 93.0539703369, 93.3906555176, 93.7273483276, 94.0640335083, 94.4123306274, 94.760635376, 95.1089324951, 95.4688415527, 95.8287506104, 96.1654434204, 96.5021286011, 96.8504257202, 97.1871185303, 97.5238113403, 97.8488845825, 98.1855773926, 98.5106582642, 98.8473434448, 99.1956481934, 99.5207214355, 99.8574142456, 100.205711365, 100.542404175, 100.879089355, 101.227394104, 101.587303162, 101.958816528, 102.295509338, 102.632194519, 102.968887329, 103.305580139, 103.653877258, 103.990562439, 104.327255249, 104.66394043, 104.989021301, 105.325714111, 105.67401123, 106.010704041, 106.347389221, 106.69568634, 107.055595398, 107.415504456, 107.763809204, 108.112106323, 108.460403442, 108.785484314, 109.122177124, 109.458862305, 109.783943176, 110.109024048, 110.445709229, 110.782402039, 111.130699158, 111.467391968, 111.804077148, 112.152381897, 112.500679016, 112.860588074, 113.220497131, 113.56879425, 113.905487061, 114.242172241, 114.578865051, 114.915550232, 115.252243042, 115.588935852, 115.914009094, 116.239089966, 116.575782776, 116.912467957, 117.260765076, 117.609069824, 117.957366943, 118.305664063, 118.66557312, 119.025482178, 119.362174988, 119.698867798, 120.047164917, 120.488342285, 120.883079529, 121.301040649, 121.71900177, 122.136962891, 122.554916382, 122.961265564, 123.390838623, 123.797187805, 124.203536987, 124.621498108, 125.12071991, 125.596733093, 126.084350586, 126.571968079, 127.082809448, 127.570426941, 128.058044434, 128.522445679, 128.986846924, 129.428024292, 129.86920166, 130.310379028, 130.751556396, 131.192733765, 131.645523071, 132.098312378, 132.539505005, 132.980682373, 133.43347168, 133.909469604, 134.385482788, 134.87310791, 135.337509155, 135.790298462, 136.254684448, 136.74230957, 137.206710815, 137.671112061, 138.135513306, 138.599899292, 139.087524414, 139.551925659, 139.993103027, 140.445892334, 140.887069702, 141.339859009, 141.792648315, 142.245437622, 142.68661499, 143.139404297, 143.592193604, 144.033370972, 144.47454834, 144.915740967, 145.356918335, 145.798095703, 146.239273071, 146.692062378, 147.144851685, 147.597640991, 148.050430298, 148.514831543, 148.990829468, 149.47845459, 149.942855835, 150.500137329, 151.045806885, 151.603088379, 152.171966553, 152.740859985, 153.309753418, 153.89024353, 154.48236084, 155.062850952, 155.643356323, 156.212234497, 156.792739868, 157.384857178, 157.96534729, 158.534240723, 159.079910278, 159.637191772, 160.182861328, 160.751739502, 161.309020996, 161.86630249, 162.539672852, 163.22467041, 163.979324341, 164.710739136, 165.442169189, 166.173599243, 166.905029297, 167.624847412, 168.344665527, 169.076095581, 169.807525635, 170.562179565, 171.316818237, 172.059860229, 172.81451416, 173.569152832, 174.242538452, 174.93913269, 175.624130249, 176.332336426, 177.028930664, 177.702316284, 178.375686646, 179.049072266, 179.722442627, 180.465484619, 181.208526611, 181.963165283, 182.729431152, 183.484085083, 184.215499878, 184.970153809, 185.713195801, 186.433013916, 187.176055908, 187.907485962, 188.638900757, 189.370330811, 190.101760864, 190.821578979, 191.541397095, 192.284439087, 193.004257202, 193.735687256, 194.443893433, 195.175323486, 195.895141602, 196.614959717, 197.346389771, 198.066207886, 198.786026001, 199.494232178, 200.225662231, 200.957092285, 201.688522339, 202.419952393, 203.151382446, 203.8828125, 204.602630615, 205.310836792, 206.030654907, 206.762084961, 207.493515015, 208.201721191, 208.933151245, 209.664581299, 210.396011353, 211.104217529, 211.835647583, 212.567077637, 213.298492432, 214.018310547, 214.738143921, 215.469558716, 216.189376831, 216.909194946, 217.640625, 218.372055054, 219.103485107, 219.834915161, 220.543121338, 221.28616333, 222.017593384, 222.772247314, 223.445617676, 224.107391357, 224.780761719, 225.4425354, 226.115921021, 226.789291382, 227.462677002, 228.136047363, 228.809432983, 229.471191406, 230.132965088, 230.79473877, 231.468109131, 232.129882813, 232.803268433, 233.465026855, 234.138412476, 234.800170898, 235.473556519, 236.14692688, 236.8203125, 237.49369812, 238.236724854, 238.956542969, 239.687973022, 240.407791138, 241.139221191, 241.859039307, 242.59046936, 243.310287476, 244.041717529, 244.761535645, 245.423309326, 246.085067749, 246.746841431, 247.408615112, 248.081985474, 248.639266968, 249.196548462, 249.753829956, 250.31111145, 250.868392944, 251.42565918, 251.982940674, 252.540222168, 253.097503662, 253.654785156, 254.22366333, 254.792556763, 255.373062134, 255.976776123, 256.557281494, 257.126159668, 257.695037842, 258.275543213, 258.879272461, 259.459777832, 260.028656006, 260.59753418, 261.178039551, 261.781768799, 262.36227417, 262.931152344, 263.500030518, 264.068939209, 264.672637939, 265.253143311, 265.822021484, 266.390930176, 266.95980835, 267.563537598, 268.144042969, 268.724517822, 269.293426514, 269.873931885, 270.477630615, 271.058135986, 271.62701416, 272.195922852, 272.776397705, 273.368530273, 273.949005127, 274.529510498, 275.098419189, 275.678894043, 276.271026611, 276.851501465, 277.420410156, 277.966064453, 278.523345947, 279.069030762, 279.637908936, 280.218414307, 280.775695801, 281.332977295, 281.890258789, 282.447509766, 282.99319458, 283.550476074, 284.107757568, 284.653411865, 285.210693359, 285.79119873, 286.371704102, 286.975402832, 287.555908203, 288.124816895, 288.693695068, 289.285797119, 289.87789917, 290.446807861, 291.015686035, 291.596191406, 292.176696777, 292.780395508, 293.349304199, 293.918182373, 294.498687744, 295.079193115, 295.682891846, 296.170501709, 296.66973877, 297.15737915, 297.610168457, 298.062927246, 298.504119873, 298.840820313, 299.165893555, 299.490966797, 299.827667236, 300.164337158, 300.501037598, 300.837738037, 301.174407959, 301.511108398, 301.836181641, 302.17288208, 302.509552002, 302.846252441, 303.182952881, 303.53125, 303.891143799, 304.251068115, 304.622589111, 304.959259033, 305.295959473, 305.632659912, 305.969329834, 306.306030273, 306.642730713, 306.979400635, 307.316101074, 307.675994873, 308.035919189, 308.384216309, 308.744110107, 309.080810547, 309.417510986, 309.765808105, 310.102478027, 310.427581787, 310.752655029, 311.100952148, 311.43762207, 311.77432251, 312.111022949, 312.447692871, 312.784393311, 313.109466553, 313.446166992, 313.771240234, 314.107940674, 314.456237793, 314.792907715, 315.141204834, 315.489532471, 315.83782959, 316.209350586, 316.546020508, 316.882720947, 317.231018066, 317.556091309, 317.904388428, 318.299133301, 318.693878174, 319.06539917, 319.436920166, 319.785217285, 320.133514404, 320.481811523, 320.830108643, 321.190002441, 321.549926758, 321.898223877, 322.234924316, 322.676086426, 323.128875732, 323.581665039, 324.092498779, 324.59173584, 325.0909729, 325.590209961, 326.101043701, 326.588653564, 327.111114502, 327.621948242, 328.121185303, 328.65524292, 329.16607666, 329.711730957, 330.234191895, 330.721801758, 331.197814941, 331.685424805, 332.184661865, 332.672271729, 333.159912109, 333.624298096, 334.111907959, 334.59954834, 335.063934326, 335.52835083, 336.027557373, 336.515197754, 336.99118042, 337.478820801, 337.954833984, 338.430847168, 338.941680908, 339.452514648, 339.963348389, 340.497406006, 341.008239746, 341.56552124, 342.07635498, 342.563995361, 343.051605225, 343.457946777, 343.86428833, 344.28225708, 344.70022583, 345.11819458, 345.536132813, 345.942474365, 346.348846436, 346.755187988, 347.161529541], "beats_loudness": {"dmean2": 0.0263773202896, "median": 0.0294843818992, "min": 7.93677068511e-10, "dvar2": 0.000550883472897, "dvar": 0.000193751810002, "dmean": 0.0150503711775, "max": 0.103217661381, "var": 0.000382764003007, "mean": 0.0324033983052}, "danceability": 1.08831560612, "bpm_histogram_second_peak_weight": {"dmean2": 0, "median": 0.0891891866922, "min": 0.0891891866922, "dvar2": 0, "dvar": 0, "dmean": 0, "max": 0.0891891866922, "var": 0, "mean": 0.0891891866922}, "beats_count": 741, "bpm_histogram_second_peak_bpm": {"dmean2": 0, "median": 172, "min": 172, "dvar2": 0, "dvar": 0, "dmean": 0, "max": 172, "var": 0, "mean": 172}, "bpm_histogram_first_peak_spread": {"dmean2": 0, "median": 0, "min": 0, "dvar2": 0, "dvar": 0, "dmean": 0, "max": 0, "var": 0, "mean": 0}, "beats_loudness_band_ratio": {"dmean2": [0.393336743116, 0.215952858329, 0.251010000706, 0.170557126403, 0.122914977372, 0.0487173497677], "median": [0.326710730791, 0.154096469283, 0.192276641726, 0.105059728026, 0.0687604099512, 0.0208971351385], "min": [1.50475088958e-05, 3.0671735658e-06, 2.67802224698e-05, 0.000339515361702, 0.000146081962157, 0.000278247316601], "dvar2": [0.11034822464, 0.0336877219379, 0.0552743338048, 0.0332170166075, 0.0174244958907, 0.00471235299483], "dvar": [0.0419512353837, 0.012415711768, 0.0201715175062, 0.0117102740332, 0.00627238769084, 0.00186166388448], "dmean": [0.224400535226, 0.122702270746, 0.144338086247, 0.0982002466917, 0.0706004276872, 0.027769362554], "max": [0.980266451836, 0.65847748518, 0.976897597313, 0.775806725025, 0.583243787289, 0.735697984695], "var": [0.067170843482, 0.0172664634883, 0.0321487635374, 0.0139496205375, 0.0106484517455, 0.00282407877967], "mean": [0.363446354866, 0.18216997385, 0.232172980905, 0.132617890835, 0.105045862496, 0.0375094972551]}}, "lowlevel": {"barkbands_spread": {"dmean2": 7.95568370819, "median": 16.3716259003, "min": 0.296716421843, "dvar2": 77.8608932495, "dvar": 35.6532554626, "dmean": 5.15281963348, "max": 141.249069214, "var": 133.453430176, "mean": 18.6222686768}, "melbands_spread": {"dmean2": 10.5504617691, "median": 18.4759750366, "min": 0.203131228685, "dvar2": 149.867416382, "dvar": 70.451385498, "dmean": 6.93195104599, "max": 167.495849609, "var": 252.448745728, "mean": 22.0462665558}, "hfc": {"dmean2": 10.9682359695, "median": 15.4637470245, "min": 1.19700988805e-16, "dvar2": 174.47026062, "dvar": 84.0440216064, "dmean": 7.67558813095, "max": 137.331207275, "var": 244.15864563, "mean": 18.7025604248}, "barkbands_kurtosis": {"dmean2": 5.56517696381, "median": 1.20955848694, "min": -1.91954433918, "dvar2": 179.010803223, "dvar": 73.6016540527, "dmean": 3.53555345535, "max": 502.398162842, "var": 186.981750488, "mean": 4.75865221024}, "gfcc": {"mean": [-35.4364700317, 112.028495789, -122.56161499, 25.1270179749, -47.1620292664, 4.81315851212, -30.5236320496, 8.03876972198, -18.4461021423, 1.76282715797, -12.760518074, -2.19491028786, -5.40377521515], "icov": [[7.97260508989e-05, -0.000113225622044, 6.67413842166e-05, 4.8888305173e-05, 1.70981331848e-06, 9.80415370577e-06, 3.78084187105e-05, -0.000139558920637, 0.000275308848359, -0.000202738054213, 0.000352264411049, -0.000114733920782, 0.000151489002747], [-0.000113225622044, 0.000910666014533, 0.000151647604071, -0.000379538687412, -0.000127554609207, -0.000326601177221, 5.43422829651e-05, 0.000197768589715, -0.000454315682873, 0.00151944777463, -0.000948916072957, 0.000759764458053, -0.000406501960242], [6.67413842166e-05, 0.000151647604071, 0.000952453818172, -0.000230143996305, -0.000353027804522, -0.000800689100288, 0.000118600983114, 9.21049213503e-05, 0.0003025875194, 0.000766641984228, 0.000515043619089, -0.000504543073475, 0.000951327499934], [4.8888305173e-05, -0.000379538687412, -0.000230143996305, 0.00265709101222, -0.000846796436235, -0.000274479010841, 0.000244850554736, -0.000413801171817, 0.000937555159908, -0.00100447353907, 0.00109306676313, 7.35642606742e-05, 0.000119670243294], [1.70981331848e-06, -0.000127554609207, -0.000353027804522, -0.000846796436235, 0.00363569776528, -0.000642452039756, -0.000506828830112, -0.000711583066732, 0.000330312614096, -0.000537205429282, -0.000251472753007, 0.00110016262624, -0.00147295638453], [9.80415370577e-06, -0.000326601177221, -0.000800689100288, -0.000274479010841, -0.000642452039756, 0.00744816614315, -0.00332401436754, 0.00057175004622, 0.000647025706712, -0.00162274588365, 0.00185902882367, -0.00184641883243, 0.00192087399773], [3.78084187105e-05, 5.43422829651e-05, 0.000118600983114, 0.000244850554736, -0.000506828830112, -0.00332401436754, 0.00992584042251, -0.00391903845593, -0.000760068825912, 0.00441074091941, -0.00522492500022, 0.0049453037791, -0.00258262804709], [-0.000139558920637, 0.000197768589715, 9.21049213503e-05, -0.000413801171817, -0.000711583066732, 0.00057175004622, -0.00391903845593, 0.0122786713764, -0.00366401439533, -0.00136836816091, 0.00530041521415, -0.00563464360312, 0.00343456538394], [0.000275308848359, -0.000454315682873, 0.0003025875194, 0.000937555159908, 0.000330312614096, 0.000647025706712, -0.000760068825912, -0.00366401439533, 0.0118176788092, -0.00190532463603, -0.000622892053798, 0.00448639551178, -0.00176954269409], [-0.000202738054213, 0.00151944777463, 0.000766641984228, -0.00100447353907, -0.000537205429282, -0.00162274588365, 0.00441074091941, -0.00136836816091, -0.00190532463603, 0.0118338819593, -0.0056208204478, 0.00312849716283, 0.000489291734993], [0.000352264411049, -0.000948916072957, 0.000515043619089, 0.00109306676313, -0.000251472753007, 0.00185902882367, -0.00522492500022, 0.00530041521415, -0.000622892053798, -0.0056208204478, 0.0165971722454, -0.00850390456617, 0.00456850975752], [-0.000114733920782, 0.000759764458053, -0.000504543073475, 7.35642606742e-05, 0.00110016262624, -0.00184641883243, 0.0049453037791, -0.00563464360312, 0.00448639551178, 0.00312849716283, -0.00850390456617, 0.0189023781568, -0.00835258327425], [0.000151489002747, -0.000406501960242, 0.000951327499934, 0.000119670243294, -0.00147295638453, 0.00192087399773, -0.00258262804709, 0.00343456538394, -0.00176954269409, 0.000489291734993, 0.00456850975752, -0.00835258327425, 0.0167337730527]], "cov": [[20380.375, 2003.20300293, -1475.44750977, 129.59463501, -84.297706604, -92.1426391602, -317.415161133, 217.076568604, -334.256408691, 81.5547485352, -407.32144165, -1.66266155243, -70.629234314], [2003.20300293, 1898.71899414, -239.057739258, 163.513595581, 112.965400696, 60.0829658508, 133.108795166, -9.45570373535, 16.3724308014, -205.031707764, -11.8461065292, -65.2057495117, 44.3550262451], [-1475.44750977, -239.057739258, 1838.14331055, 286.199493408, 248.484405518, 277.006134033, 64.8078308105, 32.5984573364, -97.0370101929, -120.383483887, -86.4458312988, 24.1312351227, -76.7062606812], [129.59463501, 163.513595581, 286.199493408, 535.149230957, 179.519271851, 90.5062866211, 2.59342765808, 30.5415019989, -46.182964325, 0.165091693401, -59.6385879517, -15.5476541519, -14.12159729], [-84.297706604, 112.965400696, 248.484405518, 179.519271851, 383.638946533, 92.6179122925, 60.9099388123, 32.9119262695, -10.1931085587, -14.3786754608, -25.9206523895, -21.0627307892, 9.78572463989], [-92.1426391602, 60.0829658508, 277.006134033, 90.5062866211, 92.6179122925, 216.218688965, 74.431312561, 23.0423641205, -18.8323154449, -21.3534412384, -19.4985332489, -3.12621569633, -21.6149768829], [-317.415161133, 133.108795166, 64.8078308105, 2.59342765808, 60.9099388123, 74.431312561, 199.215362549, 36.578792572, 31.8598823547, -62.2474632263, 19.2773323059, -27.8942642212, 8.46301937103], [217.076568604, -9.45570373535, 32.5984573364, 30.5415019989, 32.9119262695, 23.0423641205, 36.578792572, 123.665786743, 24.1431255341, -1.94389212132, -32.3442153931, 6.00225830078, -9.31499481201], [-334.256408691, 16.3724308014, -97.0370101929, -46.182964325, -10.1931085587, -18.8323154449, 31.8598823547, 24.1431255341, 126.725585938, 16.5513877869, 10.2603797913, -34.0949707031, 3.59429001808], [81.5547485352, -205.031707764, -120.383483887, 0.165091693401, -14.3786754608, -21.3534412384, -62.2474632263, -1.94389212132, 16.5513877869, 159.139953613, 30.8573913574, -5.72173166275, -21.0821914673], [-407.32144165, -11.8461065292, -86.4458312988, -59.6385879517, -25.9206523895, -19.4985332489, 19.2773323059, -32.3442153931, 10.2603797913, 30.8573913574, 117.23097229, 25.755897522, -0.655644893646], [-1.66266155243, -65.2057495117, 24.1312351227, -15.5476541519, -21.0627307892, -3.12621569633, -27.8942642212, 6.00225830078, -34.0949707031, -5.72173166275, 25.755897522, 99.9037017822, 29.5348472595], [-70.629234314, 44.3550262451, -76.7062606812, -14.12159729, 9.78572463989, -21.6149768829, 8.46301937103, -9.31499481201, 3.59429001808, -21.0821914673, -0.655644893646, 29.5348472595, 88.4163589478]]}, "spectral_energyband_middle_low": {"dmean2": 0.0103636942804, "median": 0.0100018642843, "min": 4.92460139953e-22, "dvar2": 0.000180770293809, "dvar": 7.53536296543e-05, "dmean": 0.00653932848945, "max": 0.120029874146, "var": 0.000157390488312, "mean": 0.013602135703}, "melbands_crest": {"dmean2": 4.73218393326, "median": 11.6986293793, "min": 3.03866767883, "dvar2": 19.21434021, "dvar": 7.66022109985, "dmean": 2.89689850807, "max": 39.645565033, "var": 25.7206821442, "mean": 12.5906562805}, "spectral_kurtosis": {"dmean2": 5.19456672668, "median": 5.99243736267, "min": -1.18672037125, "dvar2": 37.3576126099, "dvar": 14.061674118, "dmean": 3.13244724274, "max": 80.7884979248, "var": 23.0604305267, "mean": 7.18772745132}, "spectral_rms": {"dmean2": 0.00146801129449, "median": 0.00490031857044, "min": 3.31509862964e-12, "dvar2": 2.31699118558e-06, "dvar": 1.04752780317e-06, "dmean": 0.000987738836557, "max": 0.0123718855903, "var": 4.15889553551e-06, "mean": 0.00481847766787}, "zerocrossingrate": {"dmean2": 0.0111618172377, "median": 0.0458984375, "min": 0, "dvar2": 0.000181398398126, "dvar": 0.000167041696841, "dmean": 0.00952140334994, "max": 0.49609375, "var": 0.00105106772389, "mean": 0.0505253151059}, "silence_rate_60dB": {"dmean2": 0.0555184856057, "median": 0, "min": 0, "dvar2": 0.062327824533, "dvar": 0.0269810408354, "dmean": 0.0277573894709, "max": 1, "var": 0.0642297193408, "mean": 0.0689885243773}, "erbbands_kurtosis": {"dmean2": 1.97343146801, "median": 0.0928709879518, "min": -1.76113712788, "dvar2": 13.9834804535, "dvar": 6.0080370903, "dmean": 1.25322079659, "max": 98.5616836548, "var": 10.9106388092, "mean": 0.906025528908}, "erbbands": {"dmean2": [0.130487635732, 0.873371958733, 2.22294187546, 7.83315038681, 7.45676279068, 11.3453912735, 12.1264820099, 23.508234024, 33.1201705933, 26.1733551025, 41.8984222412, 48.4948158264, 36.7544364929, 31.0728931427, 37.5575218201, 33.8263473511, 37.0548095703, 23.8453025818, 23.6576805115, 33.0147399902, 35.4822311401, 23.7356472015, 14.8120632172, 12.817908287, 9.04129123688, 14.3387317657, 6.429708004, 2.30541944504, 1.32948338985, 1.00157225132, 0.661337792873, 0.478764384985, 0.317548424006, 0.184176489711, 0.117135316133, 0.0604702718556, 0.0156460106373, 0.00545462407172, 0.00239346083254, 0.000213877661736], "median": [0.0687194988132, 0.745864331722, 1.83393347263, 2.77599573135, 4.00414466858, 5.24227237701, 5.4512424469, 7.37076950073, 7.73268890381, 10.5392951965, 12.5255117416, 10.3765878677, 11.2693996429, 11.9943714142, 11.7102680206, 12.0153303146, 10.807012558, 8.6351852417, 9.9035949707, 14.0402708054, 14.716594696, 10.5249824524, 7.89465236664, 4.43102931976, 3.55039525032, 3.52296257019, 2.31764221191, 1.21648228168, 0.604348957539, 0.424906730652, 0.298352897167, 0.182421654463, 0.0910289287567, 0.0559403002262, 0.0306170005351, 0.0103881396353, 0.00277073355392, 0.000399246637244, 3.07992304442e-05, 3.71741953131e-05], "min": [2.55690453459e-21, 1.72277794749e-20, 3.72874150081e-20, 1.51680729309e-19, 7.39669685883e-20, 1.91239491807e-19, 3.85246471449e-19, 1.88257497944e-18, 8.4343641765e-19, 4.58207601337e-19, 1.58277877265e-18, 4.03876310753e-18, 9.17062574901e-19, 2.1577409529e-18, 3.25939353438e-18, 3.39938061817e-18, 5.53117394923e-18, 5.27926105676e-18, 3.1371170079e-18, 7.26879917479e-18, 1.57826193224e-17, 1.50937399995e-17, 1.28073830079e-17, 1.54106362009e-17, 1.92751694289e-17, 1.06112052467e-17, 2.05707046673e-17, 1.84356886406e-17, 2.11946436947e-17, 1.36918888913e-17, 1.71881513844e-17, 2.00925711122e-17, 1.78409259278e-17, 1.40402560063e-17, 1.04756865926e-17, 6.12607604192e-18, 3.24175018551e-18, 1.2334209021e-18, 3.38785545899e-19, 3.55672670749e-20], "dvar2": [0.0437128394842, 1.81998443604, 11.2054367065, 242.231964111, 151.826034546, 307.785003662, 436.581634521, 2004.60180664, 4396.03857422, 2012.4029541, 8711.98730469, 15745.8925781, 8831.97070313, 5015.00292969, 7373.88183594, 4024.77270508, 7169.13818359, 2407.02026367, 2675.28295898, 5461.82373047, 5236.29248047, 2167.29345703, 1036.76025391, 1060.3079834, 310.292816162, 1338.04016113, 126.243896484, 12.85069561, 4.43147468567, 2.35759234428, 0.913470327854, 0.441815108061, 0.229445517063, 0.0709859877825, 0.0344232283533, 0.0133156413212, 0.000853148056194, 0.000163142656675, 4.46023077529e-05, 3.33860185719e-07], "dvar": [0.016581133008, 0.753615260124, 4.91549110413, 89.9500427246, 59.4849624634, 119.349334717, 176.070297241, 869.84954834, 1780.69519043, 999.099731445, 4321.6328125, 8116.96923828, 4811.37988281, 2690.94360352, 4055.6706543, 1922.03662109, 3678.52294922, 1211.49145508, 1274.0748291, 2762.0480957, 2453.34228516, 1187.20910645, 613.614440918, 484.188598633, 159.22479248, 677.256774902, 61.154876709, 6.17913150787, 2.01327824593, 1.11595571041, 0.449145078659, 0.224568679929, 0.112509503961, 0.0351799800992, 0.0160290990025, 0.00581829482689, 0.000404191872803, 7.83524519647e-05, 1.93440664589e-05, 1.42616556786e-07], "dmean": [0.0791779607534, 0.554092824459, 1.42115473747, 4.62999868393, 4.57227230072, 6.77606105804, 7.40509319305, 14.7838153839, 20.4755344391, 17.1960678101, 27.6505966187, 32.1511535645, 25.0409221649, 21.3904666901, 25.7463932037, 22.4336528778, 24.5889625549, 15.7414197922, 16.0572471619, 22.2068977356, 23.6077060699, 16.0970745087, 10.1421871185, 8.41106128693, 6.09646987915, 9.94381809235, 4.31628084183, 1.57317185402, 0.884678542614, 0.672903299332, 0.453368008137, 0.328391194344, 0.217138305306, 0.126691892743, 0.0796961709857, 0.0404307171702, 0.0107098761946, 0.00367329642177, 0.00152247888036, 0.000135582042276], "max": [1.86435651779, 12.6600666046, 34.7177810669, 147.455963135, 104.924385071, 232.576431274, 301.208007813, 529.358764648, 697.222473145, 550.649230957, 1714.40722656, 2291.36645508, 2943.09130859, 1606.5958252, 1806.43591309, 892.438964844, 1723.40844727, 890.76361084, 1018.93029785, 1263.82971191, 1436.16796875, 1090.47912598, 1098.68261719, 868.581237793, 327.394836426, 521.132202148, 159.851516724, 57.743686676, 31.7080574036, 16.7250537872, 12.08198452, 7.86679458618, 2.99183678627, 1.83986723423, 1.19853913784, 0.669136762619, 0.167720019817, 0.0931225121021, 0.0447218120098, 0.00396177871153], "var": [0.0301425699145, 1.89378046989, 12.3290758133, 85.2196655273, 91.8310546875, 162.186706543, 294.250701904, 1415.62695313, 2836.51416016, 2408.25, 10407.140625, 18791.7871094, 15824.5117188, 6388.28027344, 11843.4511719, 3522.11743164, 6982.15527344, 2659.33691406, 3064.5612793, 5143.53466797, 5191.94091797, 2644.41455078, 1229.91125488, 715.488586426, 435.645294189, 1809.50146484, 166.654449463, 12.8554019928, 3.05545806885, 1.69378972054, 0.829838991165, 0.404196202755, 0.180550530553, 0.0628867968917, 0.02674183622, 0.00753936078399, 0.000605638604611, 0.000104478029243, 1.95525790332e-05, 1.38083294132e-07], "mean": [0.136613294482, 1.17766976357, 2.93432426453, 5.77503871918, 7.4330072403, 9.63337898254, 11.3853559494, 20.730588913, 28.9277572632, 28.6991081238, 44.2246856689, 51.1861152649, 46.429649353, 36.6122016907, 42.7463989258, 34.1921615601, 37.1352081299, 25.3484153748, 26.9314975739, 35.7046279907, 41.1231307983, 27.7799453735, 16.763376236, 11.7845058441, 10.2452812195, 16.8136692047, 7.26067018509, 2.48681902885, 1.23766100407, 0.903652727604, 0.627853453159, 0.44848009944, 0.283350497484, 0.174307197332, 0.107461087406, 0.0490721017122, 0.0138638438657, 0.00444894796237, 0.00143977848347, 0.000146210324601]}, "spectral_strongpeak": {"dmean2": 1.3936766386, "median": 0.44706004858, "min": 0, "dvar2": 4.42117214203, "dvar": 1.91595602036, "dmean": 0.826169490814, "max": 21.1174449921, "var": 2.96261000633, "mean": 1.23271429539}, "spectral_energy": {"dmean2": 0.0160770658404, "median": 0.0246134474874, "min": 1.12646263611e-20, "dvar2": 0.000353767856723, "dvar": 0.000154117282364, "dmean": 0.0105643672869, 