{"tonal": {"thpcp": [1, 0.588435530663, 0.281128019094, 0.204566374421, 0.223916128278, 0.490799933672, 0.676661610603, 0.43869099021, 0.300971210003, 0.397295862436, 0.320771604776, 0.224866613746, 0.273200362921, 0.289237529039, 0.394909709692, 0.499397516251, 0.537348270416, 0.552258968353, 0.336140602827, 0.255698561668, 0.587486863136, 0.808560371399, 0.610656857491, 0.360571891069, 0.29316046834, 0.318535149097, 0.412396878004, 0.460898429155, 0.403434574604, 0.391926169395, 0.413363277912, 0.379665583372, 0.400226891041, 0.448733627796, 0.571162641048, 0.926797628403], "hpcp": {"dmean2": [0.289559990168, 0.286446899176, 0.259260475636, 0.234940961003, 0.240162953734, 0.27776414156, 0.314026117325, 0.311338603497, 0.26074886322, 0.193091884255, 0.146900266409, 0.139182016253, 0.185477674007, 0.226175889373, 0.188030704856, 0.141092792153, 0.143962085247, 0.134446114302, 0.121891662478, 0.116059690714, 0.136823281646, 0.167978525162, 0.169472455978, 0.243433460593, 0.346326470375, 0.205833986402, 0.138112053275, 0.217449501157, 0.248720631003, 0.259964317083, 0.247858569026, 0.224032193422, 0.251574963331, 0.2849804461, 0.295951247215, 0.283396393061], "median": [0.0285315662622, 0.0257243104279, 0.038367215544, 0.0531190745533, 0.0676438957453, 0.0840473398566, 0.139299213886, 0.210357800126, 0.101784862578, 0.0257135108113, 0.0153724625707, 0.0200114436448, 0.0552478507161, 0.0936991646886, 0.0711098238826, 0.0243010148406, 0.0169405788183, 0.0175895188004, 0.023048279807, 0.0245454907417, 0.0303822718561, 0.0424603037536, 0.0398735925555, 0.0680163279176, 0.0375419668853, 0.0315080098808, 0.031409997493, 0.0981408134103, 0.149211376905, 0.0946332290769, 0.0316678360105, 0.0196943189949, 0.0247819516808, 0.0405704975128, 0.0460633262992, 0.0363866388798], "min": [0, 0, 0, 0, 0, 0, 0, 0, 0, 0, 0, 0, 0, 0, 0, 0, 0, 0, 0, 0, 0, 0, 0, 0, 0, 0, 0, 0, 0, 0, 0, 0, 0, 0, 0, 0], "dvar2": [0.16044318676, 0.173002839088, 0.13894508779, 0.111426770687, 0.106441646814, 0.119650393724, 0.137190505862, 0.119060382247, 0.107336692512, 0.0942844972014, 0.071147762239, 0.0582379586995, 0.0708116814494, 0.0950914919376, 0.0705528110266, 0.058124832809, 0.0661161467433, 0.0551723912358, 0.0466205067933, 0.0401615053415, 0.050942119211, 0.0689144134521, 0.0705533847213, 0.0773093029857, 0.200537085533, 0.067736916244, 0.0501835271716, 0.0708206519485, 0.083763487637, 0.102373450994, 0.127176731825, 0.124526463449, 0.147111847997, 0.163590297103, 0.162845686078, 0.161888211966], "dvar": [0.0592922717333, 0.0630548894405, 0.0507284216583, 0.0408195108175, 0.0392526462674, 0.0445612967014, 0.0586941987276, 0.0493539720774, 0.0409872047603, 0.0344312526286, 0.0261743459851, 0.0220306478441, 0.0287821032107, 0.0393231101334, 0.0264852941036, 0.0212635342032, 0.0276862401515, 0.0221185963601, 0.018150402233, 0.0186269655824, 0.0212476383895, 0.0265172775835, 0.030330343172, 0.0313680320978, 0.0806063935161, 0.0263505466282, 0.0184339676052, 0.0284150540829, 0.0349191986024, 0.0394416190684, 0.0467283017933, 0.0460523888469, 0.0533878803253, 0.0634467080235, 0.0629279464483, 0.0610821023583], "dmean": [0.159284055233, 0.156686410308, 0.143199667335, 0.133045688272, 0.136856630445, 0.161245852709, 0.187421247363, 0.189409121871, 0.154693931341, 0.108909189701, 0.0825017690659, 0.0793602690101, 0.111614905298, 0.136630296707, 0.112464420497, 0.0824130028486, 0.0848733261228, 0.0805654525757, 0.0720768868923, 0.0727307647467, 0.082064665854, 0.0984836146235, 0.102583169937, 0.141351908445, 0.188458174467, 0.114036969841, 0.0804156586528, 0.131408751011, 0.152372032404, 0.15258872509, 0.13757686317, 0.123278528452, 0.137089163065, 0.158342406154, 0.166744798422, 0.158413305879], "max": [1, 1, 1, 1, 1, 1, 1, 1, 1, 1, 1, 1, 1, 1, 1, 1, 1, 1, 1, 1, 1, 1, 1, 1, 1, 1, 1, 1, 1, 1, 1, 1, 1, 1, 1, 1], "var": [0.0541722923517, 0.0615428425372, 0.0459490194917, 0.040166337043, 0.0445968396962, 0.0585432983935, 0.122305452824, 0.110453188419, 0.0564799383283, 0.030617762357, 0.0218791943043, 0.0206958949566, 0.0601031184196, 0.0885926410556, 0.0376728847623, 0.0321630425751, 0.0713494867086, 0.0427445210516, 0.0210309885442, 0.0333439521492, 0.0304893124849, 0.0449497923255, 0.0742736160755, 0.0524330362678, 0.09352388978, 0.0311825480312, 0.0209268294275, 0.0564173050225, 0.0893057659268, 0.0659541338682, 0.0453372895718, 0.0392176099122, 0.0426277816296, 0.0571754425764, 0.0629252940416, 0.0546552762389], "mean": [0.133350178599, 0.140643998981, 0.129178598523, 0.136174440384, 0.152678519487, 0.194334149361, 0.315336495638, 0.34024310112, 0.200211122632, 0.0956518724561, 0.0696022957563, 0.0761859193444, 0.16699129343, 0.230229437351, 0.149261578918, 0.102403379977, 0.135177180171, 0.109140321612, 0.0765093117952, 0.0929545387626, 0.0984110757709, 0.134365305305, 0.169916555285, 0.182829037309, 0.18790230155, 0.114369519055, 0.0869996696711, 0.199888348579, 0.275107085705, 0.207771778107, 0.122682102025, 0.0997458249331, 0.108379386365, 0.140315189958, 0.156817510724, 0.137265831232]}, "tuning_equal_tempered_deviation": 0.330254912376, "chords_changes_rate": 0.0754443258047, "key_key": "B", "tuning_diatonic_strength": 0.646883666515, "key_scale": "major", "chords_number_rate": 0.0050779832527, "tuning_frequency": 434.193115234, "tuning_nontempered_energy_ratio": 0.921748995781, "chords_histogram": [20.5658321381, 1.77729415894, 15.6329345703, 1.55966627598, 3.44577431679, 0, 0, 0, 0.0362713076174, 0.14508523047, 0.0362713076174, 0, 0, 0, 0, 3.9173014164, 3.15560388565, 15.197678566, 3.33696055412, 5.29561138153, 5.94849491119, 3.84475874901, 10.8813924789, 5.22306871414], "key_strength": 0.742947816849, "chords_key": "B", "chords_strength": {"dmean2": 0.01048572734, "median": 0.502874135971, "min": 0.263108730316, "dvar2": 8.08037002571e-05, "dvar": 6.85164777678e-05, "dmean": 0.0100330887362, "max": 0.753336489201, "var": 0.00651821633801, "mean": 0.500485599041}, "chords_scale": "major", "hpcp_entropy": {"dmean2": 1.06776750088, "median": 2.15358614922, "min": 0, "dvar2": 0.747159361839, "dvar": 0.281277120113, "dmean": 0.639838159084, "max": 4.73886537552, "var": 0.506093740463, "mean": 2.13699960709}}, "metadata": {"audio_properties": {"equal_loudness": 0, "codec": "mp3", "downmix": "mix", "sample_rate": 44100, "analysis_sample_rate": 44100, "bit_rate": 128026, "md5_encoded": "a98c54ff1f0ad851b3f9805791e940d4", "length": 127.973876953, "replay_gain": -6.00904083252, "lossless": false}, "version": {"essentia_build_sha": "2d9f1f26377add8aeb1075a9c2973f962c4f09fd", "essentia": "2.1-beta2", "extractor": "music 1.0", "essentia_git_sha": "v2.1_beta2-1-ge3940c0"}, "tags": {"title": ["I Can't Let Go"], "acoustid_fingerprint": ["AQADtEkWNXGSRLjAHX_woD-OkzsaF9-OB82VCf2F_3hG4xUx2cR2oTKDN5Cp45RctI-J9ESPL8hX_DP-Q4vxo1mPHz-keDt86HB0HLEOH61w4eh-NGsU0NGRfBHy3UGP5sRzfDLekQjzD8m-4w_e44kElrnxp4HzYN-Rb8qho2eqImR3_EX1I_eM5D2-Cs1GjXiO_5j3RPgt1C78IIl2IeakY59MoD--kELPDCdeBY3yhAiZLNCPPEXTCyGVG9fRM6zQKIxyaMcfo5YOXMWf5uijYMrzIXl-Yc9xCk7dBP9X_EQP23hEC52PypTRPEf-HboUPMkp5DXS53jmDtfxNAGTR0cRJ6FGXDr-Bs111Eq24UfIF8kijTiV5bgS5Qmay-hbXFKDp5i6I1nGLM5Rm5phn3DFHO8OkfsR6cGVpA5OSYsEPsgJnUf4HJGS5fimPNBeIk-CysRzBeePIsxzJG-KMxMu8cKz4NGF5gye4yWSzTsiXPGNH48-NOfRx0dy5Aw8hhU-6TiPq-CD2hTeH3ET5YKoDzEVTuhx9cYVXWAof2ieHj_24yf8Iy-hfsI_hI-DO7NQirvRC8c3Ys9xNQ-ahFmCK0N-_Dn06CiH5sSVJRiPo_qRR0dzHd_04kdzDX1CB6fQ90gshFFJ4coT4sfDHM_wBj-aH7rCo8k9PKzxL2hGoZeKj8SP_EPyHFU8SmjyHTeaj_CnIGRDJB-uucLTCz0p-DTyQ0ffEzmPnEok4ugTaPkz3JiyOOFwSYGvR-iYLMc74dCSB5Ve8C1uxoiUbA88ZRbq4zqaH454oVOU4xpCU9qQLF9ivGkDYHxwD9xNNBxlYzIVErGeI3EWprhzEz-eZTjxC39xJXmMMDFDEVW2CRcOzUifBX2PE9_xSNPR5KmC3tB44eiTiTk-lKngkYHTBUkz0UL4hElwXMElJejMCmEuXdAvETkPCwfCh4ccD2GN-8SL60H_wEhehNOPL3iz4j-eYZIITzr2IzeeQ7uQ46N-hNsFLT4e5Dx-3EbzRHGGmPoEjcMTvchzPPfgZzlOnTjKuUL6nIF2Iuc29AsuJjlewnnh8UXoLTeun_ih5WlyhCdw9DqmOEyMN4snPHmRX5CSvEWvE9JsKcLDIZp-XKSJh0bzo3IkIi8f6IouXNqP80STB91QdbLQVAyaR0b44DaNJzr2mPhFo9EzouRxKTnyH8ns7GiO83iUo1zR1MGePUd1pULCD-kzofbxB89yNNEmvMebSUf4D0mPE39xLZyD5M5huUV-_McP58qReKIR_fiPMwdTRfCIesuGB38jNKVyMFe-CaWORsJ1mItU_EiibSoa50csZgmFt0cTSrJwIt09TFkeQ7cMHk94QuyL8_hz5OGOKzFqG27yw1xi_EQmNQ-SyR_24xEu40lW_NlQ_RnCVFmKC-qPPLuNJifa8cS-KDgj9CKeLoQv_DuSH5HCUceNyjqa5DpOfBJ69EeeQvuFNOlRdTqeIOehL0OOS1fw5AoxJrKxVwghVi9adcZN5MfroHkeVDbxJ4dzbUGeJSifQEuazMiDh8dHD_3h83icIedR8_iSQe304GFmBd-YIh9-NE4WhCRVKOcRW8EnysTRW8eVGX8PJ54xiZJyIrky5Md11E7xk6hGPcXP4aoR5szQT8SPQzuLMG5wPDleLqhyZcQ_pNyRfHiOPzi-Dl8iIn-gS2HxywiPS0P8JyipQ4t-XEKY7Dt6_Mh7CP-J_MUT4sU5IdwPZw-0G6-OnFKOhxbaBaHFbNBnhMkelF2PH5-O_IVsHWGOclqNLzt-_EeTH5O3By-LNTtC_VAeHSFP4eh4wV-mJCijSLg41PzRfMX1FM-uHImWIYxz9MeN8g7KKLzwXchlaM8RJrGCK8cp4sqP5ke5ZDlyqMqP5gyP82hcFvqRo1F5lHlwSRd-NDfKjCnuI7fRREw2lDnu48d5KMonlIkSOZAzhPKJKVUu3GBzeDqeLNjlo0dlrimeBr_QijkabQzxRfqR78VtaBKPRl50PKOH8wl6-OIxPVlw7zjxSFkX5HnQB82Hq8aJEwyoaZeCZFKSjAzCH0_wC3Xy48pR5mICnxd-Hlre4_LxJhfeE_9w40I7W4i-KYYmNxN6pMnRH8-O3_jxx3gehHFeaDpybkT46XjzCFpJIRZN_Hjz4j8Kn0Z3JNdD5PFwWfgDO3lwLsV-PDpiZTquT4LspbiXIwez8IiUxzP04lKO0LyEyosw7UoxH9USHbkOXR_CJ8qIKR9OduCTHc8vVE22CM3kH39ynDmeIymVKMiX6Pj0YD-uEN-Dy8fTlDgLj1GiHZ98fEeI5FkKb2FR7XjEUvi1aLiG0odYoV0i_PgTPEE7Jnhm3PFw0QnyJ9eg4aJw60FPaphyhcML3Qd1HNqPKW6ObzgRFpZio-qFudmH-kHTVseNz2gmHX0LpnHgdcWF7Tme0QizG49xXehnwYdWssFl9Cma_Mg59Gt0mI9gPXiC60iPcskH9cKL_EMTS3hbvGjkICcHaFF-hH2Oizv6EKkPTT7y5DgqHT-e52gu4jruBX_wL0K1Dxf8PMK1HP3x481e5JJu6B_RqjrCFz_-Mbi-oHk0o9eI68E_CpYX5ETSPRXKJdHRXLmEPmg-vMYzMbh4wY-Qc0Jy5SH-odLjoLlx_BeeFdeIPEsE3bgRVkeYj0J-_DEcUeKI5-ipo4lz5BPeToee4w9EMznyMMJvXIsPMxBTSiAgBJKEEEGIAQA5AAABQjAgGALKOIAQNMIKQSRBDDCghQCAACMIAAISIggRUDAojCJGACCAQ8AZZAAChBBDBApAQckYE8JRCYQRBFCAjBAKEQAIkcoopBQggAAFICEKCUQQYEABaAAwwgBEJSCKIGIMAU4CJJgiACGCiAHCEAYIUQIwBAgABCohABDWGuIAYQwA4AQBxgAEHDEICaEwEAABIUgwhACkGAFAMIAsMYYAIRRgygLAACLKCOcAAQQJAQRQwEAqGBROUAIEAEgCxDAggggWAEAACKCQRFQYLQERBAFAjABAAGEsYxIoYggHARjIEADGCQaAVioQAAxhzAVBADGICAOYIkQAY5xAxhkSgGDICCUYBYYYZQABADgHgDAEAIEQMAAQhIBgQwFBhBOAUAIBIwIIIYAwDBjACDEGGMIEEg4YRJBhBgABEGCEICYEEQYQ4wABygAHmBCAGWAEsQwYAwRjRCBgAHACQIMEYAAAARAEgBBjnKNAKGMAggIAKJABAAAIDAJWCOCMxQIRwoQ0UiiglEAKCkABEQIYwaQQACiAjECKAQGECEIIAAAyRADBCGFEEAEAIESJgRkAAClFlIECG6IMMIATQIQBRggOHKBAAIYgcAQoQ4gQSgGCnCIUAAsQE0QQpIB0RhAiABIAEAEEEQAKSglARCkEFEFGIGUUYUA4wIxRABhnECEGCOIMI0ABy7ASRAykABBCAKQEAQoQAADDQCEgEGbAEgmEIIgQIAgBABAAgBBASOYINEYZQ6AggiFggHAEUAGQIwJRZARggEABGBFEIOARkEAJAIFREAgAhBKEAGCAIQQQAYwQHBkFDGDCGEIQFMBIo5AEDABEAAACCEIMAF9AhbwBDCiHEEmISAkBUVAQRAFhRDFEAWAEEK-AAQAIgbASQjBDACDOMEiIEAIIgBxghhAkGCCKGSKYAEIRAAQgACihGGHACOCIQFgAx6SAFgklDWAECEcEUARAJohTAg"], "date": ["1966"], "genre": ["Oldies"], "musicbrainz album type": ["Compilation"], "musicip_puid": ["e6a0ce61-625c-1328-bfdb-a90e6a6481bc"], "musicbrainz_recordingid": ["09a2a7df-5f3a-4c66-bb39-d0cdee9bc0a4"], "musicbrainz_albumid": ["27330545-38ec-4999-a3a6-4777f368ae92"], "artist": ["Evie Sands"], "tracknumber": ["18"], "bpm": ["117.94"], "album": ["The Best of the Girl Groups, Volume 1"], "musicbrainz album release country": ["United States"], "acoustid_id": ["9f1563f5-7b0c-4920-af10-96c923c421dc"], "file_name": "Evie Sands - I Can't Let Go.mp3"}}, "rhythm": {"bpm_histogram_first_peak_bpm": {"dmean2": 0, "median": 117, "min": 117, "dvar2": 0, "dvar": 0, "dmean": 0, "max": 117, "var": 0, "mean": 117}, "bpm": 117.425941467, "bpm_histogram_second_peak_spread": {"dmean2": 0, "median": 0.299999952316, "min": 0.299999952316, "dvar2": 0, "dvar": 0, "dmean": 0, "max": 0.299999952316, "var": 0, "mean": 0.299999952316}, "bpm_histogram_first_peak_weight": {"dmean2": 0, "median": 0.506024122238, "min": 0.506024122238, "dvar2": 0, "dvar": 0, "dmean": 0, "max": 0.506024122238, "var": 0, "mean": 0.506024122238}, "onset_rate": 3.46906471252, "beats_position": [0.487619042397, 0.99845802784, 1.52090704441, 2.03174591064, 2.55419492722, 3.07664394379, 3.59909296036, 4.12154197693, 4.65560102463, 5.16644001007, 5.67727899551, 6.19972801208, 6.72217655182, 7.24462556839, 7.75546455383, 8.26630401611, 8.78875255585, 9.31120204926, 9.83365058899, 10.3560991287, 10.8785486221, 11.4009971619, 11.900226593, 12.4110651016, 12.933514595, 13.4443531036, 13.966802597, 14.4892511368, 15.0117006302, 15.5341491699, 16.0565986633, 16.5674381256, 17.0898857117, 17.6123352051, 18.1347846985, 18.6456241608, 19.1680717468, 19.6905212402, 20.2013607025, 20.7121982574, 21.2346477509, 21.7570972443, 22.2679367065, 22.7903842926, 23.312833786, 23.8352832794, 24.3577327728, 24.8685703278, 25.3910198212, 25.9134693146, 26.435918808, 26.958366394, 27.4692058563, 27.9800453186, 28.4908847809, 28.9901123047, 29.500951767, 30.0234012604, 30.5342407227, 31.0450782776, 31.5559177399, 32.0667572021, 32.5775947571, 33.1000442505, 33.6108856201, 34.1333312988, 34.6441726685, 35.1550102234, 35.6658477783, 36.1882972717, 36.7107467651, 37.2331962585, 37.7440338135, 38.2664833069, 38.7773246765, 39.2881622314, 39.7989997864, 40.309841156, 40.8206787109, 41.3315200806, 41.8423576355, 42.3531951904, 42.8640365601, 43.374874115, 43.8857116699, 44.3965530396, 44.9073905945, 45.4182319641, 45.929069519, 46.439907074, 46.9507484436, 47.4848060608, 48.0072555542, 48.5297050476, 49.0405426025, 49.5513839722, 50.0738296509, 50.5962791443, 51.1187286377, 51.6411781311, 52.152015686, 52.6744651794, 53.1853065491, 53.7077522278, 54.2185935974, 54.7294311523, 55.2518806458, 55.7511100769, 56.2619476318, 56.7727890015, 57.2952384949, 57.8176841736, 58.340133667, 58.8509750366, 59.37342453, 59.884262085, 60.3950996399, 60.9059410095, 61.4167785645, 61.9276161194, 62.4268455505, 62.9260749817, 63.4369163513, 63.9477539063, 64.4585952759, 64.9694290161, 65.4802703857, 65.9911117554, 66.5135574341, 67.0243988037, 67.5352401733, 68.0576858521, 68.5569152832, 69.0561447144, 69.566986084, 70.0778198242, 70.5886611938, 71.0995025635, 71.6103363037, 72.1211776733, 72.632019043, 73.1428527832, 73.6536941528, 74.1645355225, 74.6637649536, 75.1745986938, 75.673828125, 76.1846694946, 76.6838989258, 77.1831283569, 77.6707458496, 78.1583633423, 78.6575927734, 79.1568222046, 79.6560516357, 80.1552810669, 80.6661224365, 81.1769561768, 81.6877975464, 82.198638916, 82.7094802856, 83.2319259644, 83.742767334, 84.2419967651, 84.7528305054, 85.263671875, 85.7745132446, 86.2853469849, 86.784576416, 87.2954177856, 87.8062591553, 88.3054885864, 88.7931060791, 89.2807235718, 89.7683410645, 90.2675704956, 90.7551879883, 91.2544174194, 91.7652587891, 92.2761001587, 92.7869338989, 93.2977752686, 93.8086166382, 94.3078460693, 94.8070755005, 95.3179092407, 95.8171386719, 96.316368103, 96.8272094727, 97.3380508423, 97.8372802734, 98.3481140137, 98.8473434448, 99.3581848145, 99.8690261841, 100.368255615, 100.867477417, 101.378318787, 101.889160156, 102.388389587, 102.887619019, 103.38684845, 103.886077881, 104.385307312, 104.884536743, 105.360542297, 105.84815979, 106.324172974, 106.800178528, 107.299407959, 107.79863739, 108.297866821, 108.797096252, 109.296325684, 109.795555115, 110.294784546, 110.805618286, 111.316459656, 111.827301025, 112.338134766, 112.848976135, 113.359817505, 113.859046936, 114.358276367, 114.869110107, 115.379951477, 115.879180908, 116.378410339, 116.889251709, 117.400085449, 117.89931488, 118.398544312, 118.909385681, 119.420227051, 119.931060791, 120.441902161, 120.95274353, 121.463577271, 121.97441864, 122.48526001, 122.99609375, 123.495323181, 123.994552612, 124.493782043, 124.993011475, 125.503852844, 126.014694214, 126.513923645, 127.013153076, 127.523986816], "beats_loudness": {"dmean2": 0.0179701838642, "median": 0.0279638394713, "min": 1.39967411883e-07, "dvar2": 0.000185401760973, "dvar": 7.45434008422e-05, "dmean": 0.0106140309945, "max": 0.0680743902922, "var": 0.000211742342799, "mean": 0.0278737116605}, "danceability": 1.08908581734, "bpm_histogram_second_peak_weight": {"dmean2": 0, "median": 0.0281124506146, "min": 0.0281124506146, "dvar2": 0, "dvar": 0, "dmean": 0, "max": 0.0281124506146, "var": 0, "mean": 0.0281124506146}, "beats_count": 250, "bpm_histogram_second_peak_bpm": {"dmean2": 0, "median": 123, "min": 123, "dvar2": 0, "dvar": 0, "dmean": 0, "max": 123, "var": 0, "mean": 123}, "bpm_histogram_first_peak_spread": {"dmean2": 0, "median": 0.468354433775, "min": 0.468354433775, "dvar2": 0, "dvar": 0, "dmean": 0, "max": 0.468354433775, "var": 0, "mean": 0.468354433775}, "beats_loudness_band_ratio": {"dmean2": [0.348223060369, 0.125013574958, 0.169382572174, 0.264886826277, 0.150918841362, 0.246092766523], "median": [0.357274144888, 0.0625589862466, 0.0927529558539, 0.100929990411, 0.111116245389, 0.108755394816], "min": [0.070954285562, 0.00403479812667, 0.000244999624556, 5.31373225385e-05, 1.75431687239e-05, 3.06104229821e-05], "dvar2": [0.0838945284486, 0.0112150376663, 0.0239941012114, 0.0682714208961, 0.0178017280996, 0.028838628903], "dvar": [0.0302529279143, 0.00360700045712, 0.00868746545166, 0.0241057649255, 0.00710338819772, 0.00882300175726], "dmean": [0.199887052178, 0.0666225925088, 0.0958340018988, 0.147899881005, 0.0905412882566, 0.126822859049], "max": [0.998548984528, 0.315754354, 0.476884335279, 0.812946081161, 0.519733190536, 0.555670619011], "var": [0.0537877269089, 0.00402942905203, 0.0100860735402, 0.0250679831952, 0.0113430870697, 0.0103201474994], "mean": [0.396547287703, 0.0775656327605, 0.126069054008, 0.1636467278, 0.135271966457, 0.126042068005]}}, "lowlevel": {"barkbands_spread": {"dmean2": 9.87448215485, "median": 27.2090930939, "min": 0.252038836479, "dvar2": 113.325927734, "dvar": 59.4880104065, "dmean": 6.64609241486, "max": 106.026901245, "var": 277.714935303, "mean": 28.9751148224}, "melbands_spread": {"dmean2": 13.5361022949, "median": 35.1525268555, "min": 0.312495917082, "dvar2": 239.965118408, "dvar": 118.546577454, "dmean": 8.97055244446, "max": 273.500762939, "var": 491.354217529, "mean": 35.4913864136}, "hfc": {"dmean2": 9.9738702774, "median": 15.4591560364, "min": 1.14846537105e-16, "dvar2": 231.946380615, "dvar": 135.825668335, "dmean": 7.78020381927, "max": 262.726989746, "var": 678.951843262, "mean": 24.1063175201}, "barkbands_kurtosis": {"dmean2": 5.39013767242, "median": -0.0417290367186, "min": -1.96036088467, "dvar2": 311.201629639, "dvar": 132.21925354, "dmean": 3.36944365501, "max": 258.260742188, "var": 509.893615723, "mean": 5.82291316986}, "gfcc": {"mean": [-22.2087116241, 84.1259536743, -119.772819519, 39.2414474487, -48.6325340271, 25.7943077087, -34.2189865112, 19.7384643555, -20.8079204559, 4.59997320175, -12.4655771255, -3.37296032906, -12.0982475281], "icov": [[0.000185521275853, -0.000305240071611, 0.000374700204702, -0.000367063184967, 0.000488729274366, -0.000518215238117, 0.000349859823473, -0.000423148419941, 0.000450270978035, -0.000398180767661, 0.000399229029426, -0.000400711025577, 0.000190282298718], [-0.000305240071611, 0.00344772799872, -0.00125950272195, 0.00176495313644, -0.00215872214176, 0.00274364138022, -0.00193269178271, 0.00232268078253, -0.00279835332185, 0.00380743970163, -0.00419836910442, 0.0039857015945, -0.00263167964295], [0.000374700204702, -0.00125950272195, 0.00191843765788, -0.00149323011283, 0.00104690133594, -0.00111536402255, 0.000413800269598, -0.000724037759937, 0.00106780300848, -0.00213576643728, 0.00268899672665, -0.00236890674569, 0.00127397605684], [-0.000367063184967, 0.00176495313644, -0.00149323011283, 0.0063376808539, -0.000409058120567, 0.00261308229528, -0.000458107533632, 0.00172422081232, -0.0037728920579, 0.00232164189219, -0.0021844340954, 0.0020114465151, -0.00178679078817], [0.000488729274366, -0.00215872214176, 0.00104690133594, -0.000409058120567, 0.00562302256003, -0.00230550416745, 0.000108505497337, -0.00107846967876, 0.000775993452407, -0.00149949500337, 0.00183590955567, -0.00183968292549, 0.000236226245761], [-0.000518215238117, 0.00274364138022, -0.00111536402255, 0.00261308229528, -0.00230550416745, 0.00898143462837, -0.0035825537052, 0.00369012937881, -0.0012508102227, 0.000870577176102, -0.00111878477037, 0.00257204170339, -0.000373071612557], [0.000349859823473, -0.00193269178271, 0.000413800269598, -0.000458107533632, 0.000108505497337, -0.0035825537052, 0.0111841838807, -0.00203542830423, 0.00165978353471, -5.65479167562e-05, -0.00145768723451, -0.000773149426095, 0.000483883079141], [-0.000423148419941, 0.00232268078253, -0.000724037759937, 0.00172422081232, -0.00107846967876, 0.00369012937881, -0.00203542830423, 0.0114205488935, -0.00616326415911, 0.00422015413642, -0.00255295401439, 0.0030605699867, -0.00227948231623], [0.000450270978035, -0.00279835332185, 0.00106780300848, -0.0037728920579, 0.000775993452407, -0.0012508102227, 0.00165978353471, -0.00616326415911, 0.017743229866, -0.00906153395772, 0.00715058902279, -0.00233780173585, -0.000300140876789], [-0.000398180767661, 0.00380743970163, -0.00213576643728, 0.00232164189219, -0.00149949500337, 0.000870577176102, -5.65479167562e-05, 0.00422015413642, -0.00906153395772, 0.0205094069242, -0.0103066070005, 0.00413328688592, 0.000113066183985], [0.000399229029426, -0.00419836910442, 0.00268899672665, -0.0021844340954, 0.00183590955567, -0.00111878477037, -0.00145768723451, -0.00255295401439, 0.00715058902279, -0.0103066070005, 0.0170028824359, -0.00640689535066, 0.00310242921114], [-0.000400711025577, 0.0039857015945, -0.00236890674569, 0.0020114465151, -0.00183968292549, 0.00257204170339, -0.000773149426095, 0.0030605699867, -0.00233780173585, 0.00413328688592, -0.00640689535066, 0.0181476175785, -0.00559053942561], [0.000190282298718, -0.00263167964295, 0.00127397605684, -0.00178679078817, 0.000236226245761, -0.000373071612557, 0.000483883079141, -0.00227948231623, -0.000300140876789, 0.000113066183985, 0.00310242921114, -0.00559053942561, 0.0165436416864]], "cov": [[13277.2216797, -1047.59204102, -2177.10742188, 165.550460815, -955.347229004, 283.625518799, -344.456665039, 185.589523315, -176.695571899, 16.0090484619, 10.8195562363, -11.8498468399, -87.489944458], [-1047.59204102, 1271.52087402, 81.5557785034, -122.132232666, 369.106658936, -160.883590698, 188.685333252, -23.924287796, 26.2732257843, -89.7824935913, 150.116165161, -92.4818954468, 118.818283081], [-2177.10742188, 81.5557785034, 1314.38342285, 160.205459595, 20.95586586, -37.0245170593, -0.46266451478, -39.4352874756, 78.5818862915, 39.1431732178, -111.335510254, 60.6844596863, -9.91000843048], [165.550460815, -122.132232666, 160.205459595, 266.307159424, -81.3747634888, -60.8279380798, -48.7875938416, 22.1835746765, 55.9310874939, 7.64067173004, -37.6471977234, 12.140627861, 11.4920892715], [-955.347229004, 369.106658936, 20.95586586, -81.3747634888, 365.114624023, 8.06182193756, 86.1322937012, -17.8361797333, 7.30540037155, -20.2669391632, 36.7853469849, -18.0491867065, 36.5661621094], [283.625518799, -160.883590698, -37.0245170593, -60.8279380798, 8.06182193756, 213.720809937, 27.9875049591, -48.8303184509, -35.3656349182, 21.7320632935, -5.15891122818, 1.42654621601, -34.75623703], [-344.456665039, 188.685333252, -0.46266451478, -48.7875938416, 86.1322937012, 27.9875049591, 144.464248657, -7.85801076889, -15.1016435623, -10.3311300278, 46.0838356018, -11.6832666397, 10.0428953171], [185.589523315, -23.924287796, -39.4352874756, 22.1835746765, -17.8361797333, -48.8303184509, -7.85801076889, 136.460128784, 42.6945991516, -13.0612430573, -14.7532596588, -7.43345689774, 18.7965641022], [-176.695571899, 26.2732257843, 78.5818862915, 55.9310874939, 7.30540037155, -35.3656349182, -15.1016435623, 42.6945991516, 107.780181885, 19.5632343292, -30.703742981, -3.57136726379, 17.9964885712], [16.0090484619, -89.7824935913, 39.1431732178, 7.64067173004, -20.2669391632, 21.7320632935, -10.3311300278, -13.0612430573, 19.5632343292, 89.2515182495, 24.7214851379, 5.60794067383, -20.3693752289], [10.8195562363, 150.116165161, -111.335510254, -37.6471977234, 36.7853469849, -5.15891122818, 46.0838356018, -14.7532596588, -30.703742981, 24.7214851379, 135.259124756, 3.81398868561, -0.5617582798], [-11.8498468399, -92.4818954468, 60.6844596863, 12.140627861, -18.0491867065, 1.42654621601, -11.6832666397, -7.43345689774, -3.57136726379, 5.60794067383, 3.81398868561, 82.7814178467, 8.82594680786], [-87.489944458, 118.818283081, -9.91000843048, 11.4920892715, 36.5661621094, -34.75623703, 10.0428953171, 18.7965641022, 17.9964885712, -20.3693752289, -0.5617582798, 8.82594680786, 86.9016723633]]}, "spectral_energyband_middle_low": {"dmean2": 0.00288547948003, "median": 0.00399978784844, "min": 2.00776472598e-22, "dvar2": 1.83944757737e-05, "dvar": 8.01817805041e-06, "dmean": 0.00188585824799, "max": 0.0562247633934, "var": 2.48327723966e-05, "mean": 0.00525814807042}, "melbands_crest": {"dmean2": 5.62651491165, "median": 12.4092340469, "min": 2.03159761429, "dvar2": 23.8095741272, "dvar": 9.90485095978, "dmean": 3.45801281929, "max": 35.3048286438, "var": 29.8626823425, "mean": 13.4946308136}, "spectral_kurtosis": {"dmean2": 2.40936040878, "median": 3.8651278019, "min": -1.27158248425, "dvar2": 8.84878349304, "dvar": 3.42077040672, "dmean": 1.49769556522, "max": 32.6364593506, "var": 16.2652797699, "mean": 4.7836766243}, "spectral_rms": {"dmean2": 0.000812223122921, "median": 0.00401219632477, "min": 3.18499892259e-12, "dvar2": 6.1150979036e-07, "dvar": 3.22492695659e-07, "dmean": 0.000590177776758, "max": 0.0107398787513, "var": 2.83988083538e-06, "mean": 0.00401533581316}, "zerocrossingrate": {"dmean2": 0.0126745793968, "median": 0.07080078125, "min": 0.001953125, "dvar2": 0.000212747370824, "dvar": 0.000205023578019, "dmean": 0.0113167511299, "max": 0.54443359375, "var": 0.00184787192848, "mean": 0.0741786286235}, "silence_rate_60dB": {"dmean2": 0.0457267276943, "median": 0, "min": 0, "dvar2": 0.0519832149148, "dvar": 0.0223333854228, "dmean": 0.0228592157364, "max": 1, "var": 0.0722159743309, "mean": 0.0783602371812}, "erbbands_kurtosis": {"dmean2": 2.04452967644, "median": 0.23684027791, "min": -1.7596924305, "dvar2": 18.0183506012, "dvar": 10.7903051376, "dmean": 1.396671772, "max": 124.653877258, "var": 54.1272506714, "mean": 1.85346603394}, "erbbands": {"dmean2": [0.177214547992, 0.587267875671, 1.10873019695, 2.08509993553, 2.99281406403, 1.63486111164, 2.69389867783, 6.05275964737, 7.41106271744, 9.66481208801, 10.6740570068, 26.520980835, 33.3546409607, 17.8303852081, 46.1517105103, 49.4861526489, 40.2751998901, 54.4589500427, 33.0921859741, 55.5300636292, 36.4163246155, 16.9663848877, 15.8355035782, 15.7709159851, 15.4128408432, 11.818734169, 8.01316547394, 6.66280984879, 6.64997577667, 5.70074987411, 4.25980043411, 5.1514673233, 1.76202368736, 0.988463878632, 0.429888993502, 0.141059264541, 0.0653311386704, 0.00504684308544, 0.000170826577232, 1.341000916e-05], "median": [0.0678415000439, 0.400247007608, 0.975458145142, 2.47177672386, 1.38328635693, 1.10609579086, 1.45083105564, 2.96126461029, 3.46041822433, 6.0290389061, 4.56165981293, 8.05926322937, 7.18941068649, 5.93198823929, 8.71941757202, 8.43520736694, 8.92702484131, 8.79451274872, 9.11636257172, 14.9037351608, 11.9343910217, 8.42092990875, 10.0445718765, 10.2045612335, 10.9017086029, 7.16982746124, 3.67060041428, 1.78006625175, 1.29568195343, 1.67851912975, 1.37731480598, 1.46578872204, 0.58220654726, 0.307768464088, 0.124800041318, 0.0314264409244, 0.00665865652263, 0.000631726230495, 3.00607007375e-05, 2.33930531977e-05], "min": [2.62819852679e-22, 4.58402614013e-21, 3.27839141736e-20, 4.93568977988e-20, 2.10991317601e-20, 1.16505545845e-19, 9.55124062941e-20, 4.24881993722e-19, 2.66068641087e-19, 8.16110299319e-19, 9.40444489276e-19, 1.36154590571e-18, 8.62692251732e-19, 7.83335283799e-19, 3.19542724402e-18, 3.06665155947e-18, 2.24006382862e-18, 2.72007363615e-18, 4.71014673325e-18, 1.24668906524e-17, 6.69391526651e-18, 6.83657910676e-18, 7.51046908974e-18, 1.33446665943e-17, 1.38656447964e-17, 2.42573609763e-17, 2.81146745719e-17, 2.11033676228e-17, 1.39879533762e-17, 1.55107250551e-17, 1.62425995718e-17, 2.28695934452e-17, 1.53200351084e-17, 1.25382043746e-17, 8.02845372522e-18, 6.21693562835e-18, 3.58927729857e-18, 1.3544166428e-18, 3.12259156125e-19, 3.34990441249e-20], "dvar2": [0.0613407045603, 0.502526581287, 2.34102845192, 7.13783884048, 30.0607509613, 6.63382911682, 29.6391677856, 117.361312866, 367.636505127, 347.071929932, 986.539489746, 3725.20922852, 8891.01171875, 2236.70092773, 19212.8261719, 28611.6875, 16334.4492188, 23386.5527344, 10129.2646484, 34473.5742188, 10438.765625, 1509.32312012, 928.592529297, 775.071289063, 982.515686035, 538.648925781, 388.955627441, 231.752624512, 319.406951904, 176.399429321, 105.991355896, 145.942947388, 26.1161003113, 7.25002145767, 1.34843957424, 0.231454968452, 0.0420860946178, 0.000379953766242, 4.62098370235e-07, 4.26506774343e-10], "dvar": [0.0273984149098, 0.202355220914, 0.806632220745, 2.69519329071, 12.6570959091, 2.6725833416, 13.0220813751, 50.5000228882, 153.255050659, 146.991287231, 388.773620605, 1483.21044922, 3956.73583984, 962.517578125, 8016.70117188, 11756.8916016, 6595.68212891, 9539.86328125, 4912.54394531, 13979.8544922, 4222.45996094, 753.858032227, 394.307281494, 353.478424072, 441.000305176, 241.506591797, 177.353530884, 120.282211304, 170.362701416, 96.5927047729, 57.1626968384, 79.3417282104, 15.4894676208, 4.82029247284, 0.909417033195, 0.128838852048, 0.0218397043645, 0.000207041448448, 2.61171891225e-07, 2.91588864165e-10], "dmean": [0.11412654072, 0.362876713276, 0.641211152077, 1.25515544415, 1.83884203434, 1.02125024796, 1.6859164238, 3.77632880211, 4.62644147873, 6.23405742645, 6.75104522705, 16.2431259155, 21.4110946655, 11.6472711563, 29.7215595245, 32.0047912598, 26.1246452332, 34.9212265015, 22.270570755, 36.4306106567, 23.5619182587, 11.527973175, 10.44627285, 10.5280838013, 10.3124923706, 7.97099208832, 5.53539800644, 4.71006393433, 4.96140384674, 4.20969867706, 3.11516141891, 3.65228486061, 1.28289330006, 0.723906636238, 0.318596690893, 0.105788938701, 0.0468163900077, 0.00375370495021, 0.000128388011944, 1.02947460618e-05], "max": [1.64690506458, 5.48323488235, 11.1884613037, 22.9941310883, 51.1379470825, 23.1901397705, 138.222198486, 162.687652588, 349.35446167, 267.11819458, 686.368530273, 812.467956543, 1478.44348145, 854.96270752, 2296.72167969, 3350.85546875, 3152.87475586, 2072.90991211, 2549.19555664, 3308.92163086, 1688.79626465, 1411.28735352, 421.214660645, 469.926635742, 698.89453125, 445.819091797, 335.635437012, 122.917564392, 217.908721924, 128.685470581, 148.630661011, 295.498840332, 171.861282349, 171.408966064, 71.0241394043, 23.3665828705, 5.54694509506, 0.822511196136, 0.0304949618876, 0.000775339256506], "var": [0.0370831079781, 0.291945010424, 1.46295619011, 6.52025604248, 19.0148715973, 5.0681643486, 23.5981082916, 102.110305786, 335.109771729, 361.320617676, 617.613220215, 2540.0871582, 9557.66699219, 1823.19030762, 13798.5283203, 25342.4160156, 15527.0107422, 23262.2792969, 14920.7324219, 27806.6699219, 8953.26171875, 2558.80834961, 1047.42016602, 1114.28271484, 1018.78729248, 516.849853516, 260.729766846, 202.434997559, 289.036499023, 187.51449585, 123.294792175, 219.886749268, 52.7347755432, 19.2454299927, 3.00845098495, 0.271335989237, 0.0456100478768, 0.000416635331931, 5.37473624718e-07, 1.14616915958e-09], "mean": [0.143176794052, 0.556639790535, 1.34602487087, 3.07466053963, 2.97653102875, 1.86154544353, 2.88034892082, 6.23564529419, 8.10625267029, 12.9771728516, 11.1866264343, 25.8637676239, 36.2906990051, 19.7333526611, 46.83045578, 54.1640777588, 44.0430259705, 60.2923469543, 41.3175773621, 61.9190673828, 43.056804657, 24.2606735229, 21.7121753693, 22.3240661621, 21.4704303741, 15.3478469849, 9.13289356232, 6.7980427742, 6.91236352921, 6.4499335289, 5.05676984787, 6.47729492188, 2.37125134468, 1.25268435478, 0.569789588451, 0.18029370904, 0.0712523311377, 0.00565150333568, 0.000195069194888, 3.22580781358e-05]}, "spectral_strongpeak": {"dmean2": 1.3456684351, "median": 0.321688711643, "min": 0, "dvar2": 4.00430679321, "dvar": 1.68757474422, "dmean": 0.816160261631, "max": 16.0476779938, "var": 4.15495538712, "mean": 1.37210464478}, "spectral_energy": {"dmean2": 0.00763368140906, "median": 0.0165001600981, "min": 1.03978234741e-20, "dvar2": 8.44558380777e-05, "dvar": 4.00073622586e-05, "dmean": 0.0054350271821, "max": 0.11822861433, "var": 0.000217640394112, "mean": 0.0194369181991}, "average_loudness": 0.816139698029, "spectral_rolloff": {"dmean2": 898.872253418, "median": 1830.32226563, "min": 21.533203125, "dvar2": 1712254.75, "dvar": 917380, "dmean": 569.994567871, "max": 18432.421875, "var": 2704491.25, "mean": 1990.85107422}, "spectral_centroid": {"dmean2": 372.017852783, "median": 1758.6081543, "min": 120.613563538, "dvar2": 161866.15625, "dvar": 90845.4765625, "dmean": 254.683029175, "max": 10966.6962891, "var": 486133.75, "mean": 1702.51318359}, "pitch_salience": {"dmean2": 0.103482164443, "median": 0.524968206882, "min": 0.150516226888, "dvar2": 0.00739217782393, "dvar": 0.00301173492335, "dmean": 0.0644606798887, "max": 0.854090929031, "var": 0.00934104342014, "mean": 0.525894641876}, "spectral_energyband_middle_high": {"dmean2": 0.00381635897793, "median": 0.00395883852616, "min": 1.2871917859e-21, "dvar2": 5.07416370965e-05, "dvar": 2.34091130551e-05, "dmean": 0.00274009467103, "max": 0.105613104999, "var": 0.000127091727336, "mean": 0.00816437136382}, "spectral_contrast_coeffs": {"dmean2": [0.0740171000361, 0.0736375227571, 0.0675730034709, 0.0548359788954, 0.0388543829322, 0.027070954442], "median": [-0.704315900803, -0.75784599781, -0.741187572479, -0.748200595379, -0.764992535114, -0.784018278122], "min": [-0.961550652981, -0.950432121754, -0.960794508457, -0.960408687592, -0.95996505022, -0.95946085453], "dvar2": [0.00343723059632, 0.00358089711517, 0.00288410834037, 0.00194007414393, 0.00104182667565, 0.000486975593958], "dvar": [0.00127095775679, 0.00132325314917, 0.00120711326599, 0.00083803886082, 0.000484177406179, 0.000225628056796], "dmean": [0.0446309372783, 0.0446200668812, 0.0424462631345, 0.0349090844393, 0.0252688620239, 0.017601121217], "max": [-0.491893112659, -0.394445061684, -0.455114722252, -0.500774979591, -0.547014296055, -0.609605610371], "var": [0.00353101571091, 0.00475476169959, 0.00734327640384, 0.0060198046267, 0.00336040463299, 0.00158011063468], "mean": [-0.706322610378, -0.753075361252, -0.73487251997, -0.743077874184, -0.763910114765, -0.784453451633]}, "melbands_skewness": {"dmean2": 0.972777605057, "median": 1.65379106998, "min": -1.61496913433, "dvar2": 1.13716471195, "dvar": 0.518978774548, "dmean": 0.646371901035, "max": 21.6841392517, "var": 3.15888094902, "mean": 1.99635267258}, "spectral_spread": {"dmean2": 753073.5625, "median": 4380628.5, "min": 1651387.75, "dvar2": 850160844800, "dvar": 549989777408, "dmean": 519621.25, "max": 39940748, "var": 2827973558270.0, "mean": 4647188.5}, "dissonance": {"dmean2": 0.0313386358321, "median": 0.475025415421, "min": 0.307053506374, "dvar2": 0.000952738453634, "dvar": 0.000340592639986, "dmean": 0.0184071157128, "max": 0.499959975481, "var": 0.000598394137342, "mean": 0.468989521265}, "spectral_skewness": {"dmean2": 0.315326154232, "median": 1.48431193829, "min": -0.278116494417, "dvar2": 0.11119094491, "dvar": 0.0517238080502, "dmean": 0.208023950458, "max": 4.9578795433, "var": 0.354093849659, "mean": 1.5564699173}, "spectral_flux": {"dmean2": 0.0288023278117, "median": 0.0677278414369, "min": 1.01969717392e-10, "dvar2": 0.000728989078198, "dvar": 0.000320326565998, "dmean": 0.0189427603036, "max": 0.29300558567, "var": 0.00165086321067, "mean": 0.0724977627397}, "spectral_contrast_valleys": {"dmean2": [0.586547136307, 0.574789702892, 0.509181916714, 0.465645849705, 0.395786762238, 0.429117053747], "median": [-7.1684589386, -6.95449542999, -7.50551939011, -7.81713199615, -7.6214017868, -10.0004177094], "min": [-27.3406791687, -27.4047374725, -27.3352432251, -27.1372909546, -27.3415431976, -27.1910972595], "dvar2": [0.22769728303, 0.23521964252, 0.19006177783, 0.182957991958, 0.159190684557, 0.216911792755], "dvar": [0.0957417339087, 0.109773479402, 0.100361466408, 0.102541573346, 0.107464022934, 0.143052473664], "dmean": [0.359236449003, 0.355193287134, 0.33287769556, 0.310792267323, 0.293315500021, 0.328425675631], "max": [-5.99250888824, -5.34340763092, -5.35712385178, -5.57990598679, -5.73338603973, -7.27198266983], "var": [0.991722404957, 1.26425564289, 1.3623033762, 1.40050077438, 1.62761795521, 1.76618480682], "mean": [-7.32646083832, -7.17791891098, -7.72426557541, -8.02889442444, -7.85685825348, -10.2333450317]}, "erbbands_flatness_db": {"dmean2": 0.0253095887601, "median": 0.153120025992, "min": 0.0220661256462, "dvar2": 0.000553034653421, "dvar": 0.000286916852929, "dmean": 0.0176869537681, "max": 0.328540146351, "var": 0.00225364579819, "mean": 0.158371582627}, "spectral_energyband_high": {"dmean2": 0.000726951286197, "median": 0.00036961355363, "min": 7.98420495851e-21, "dvar2": 2.35991569753e-06, "dvar": 1.46481340835e-06, "dmean": 0.00057182717137, "max": 0.0260819662362, "var": 3.83733640774e-06, "mean": 0.00106798065826}, "spectral_entropy": {"dmean2": 0.223774641752, "median": 7.61812067032, "min": 4.80243444443, "dvar2": 0.0573526471853, "dvar": 0.0325674936175, "dmean": 0.164270013571, "max": 9.79557323456, "var": 0.302486032248, "mean": 7.57437753677}, "silence_rate_20dB": {"dmean2": 0, "median": 1, "min": 1, "dvar2": 0, "dvar": 0, "dmean": 0, "max": 1, "var": 0, "mean": 1}, "melbands_flatness_db": {"dmean2": 0.0384804084897, "median": 0.161203548312, "min": 0.00693317968398, "dvar2": 0.00137750664726, "dvar": 0.000716467213351, "dmean": 0.0260612722486, "max": 0.656219065189, "var": 0.00935540068895, "mean": 0.185947075486}, "barkbands": {"dmean2": [0.000386223953683, 0.00359826954082, 0.00118008151185, 0.000782859395258, 0.000655963609461, 0.00062907312531, 0.000595040852204, 0.000421829783591, 0.00148486765102, 0.000544617883861, 0.000801459362265, 0.00154041487258, 0.00112451671157, 0.000925317581277, 0.00112250971142, 0.000791531871073, 0.000342837127391, 0.000333864009008, 0.000319868238876, 0.000263818656094, 0.000177659356268, 0.000184522185009, 0.000150392734213, 0.000167567966855, 7.06259088474e-05, 2.96205580526e-05, 1.50290657075e-06], "median": [9.26326174522e-05, 0.0020441096276, 0.000990371219814, 0.000524770992342, 0.000369428656995, 0.000328155001625, 0.000350083282683, 0.000184014381375, 0.000403565296438, 0.000107153959107, 0.00011482014088, 0.000171676365426, 0.000151397121954, 0.000129309264594, 0.000229914570809, 0.000217727269046, 0.000124599770061, 0.00017910884344, 0.000182019954082, 0.000154135530465, 6.41695587547e-05, 3.70400521206e-05, 5.23445050931e-05, 5.28212513018e-05, 2.24926607189e-05, 4.67913059765e-06, 7.08319873866e-08], "min": [3.48029220292e-24, 1.50802295179e-23, 3.64074169899e-23, 1.12463560522e-23, 2.13653036532e-23, 3.8824931721e-23, 3.12669437405e-23, 3.37289912475e-23, 5.92849038895e-23, 3.07692513954e-23, 1.59636543353e-23, 1.16591218411e-22, 4.76145366784e-23, 6.00947421839e-23, 1.32374293019e-22, 1.78886756303e-22, 1.29396172708e-22, 1.81773532832e-22, 2.4473943841e-22, 5.3455976582e-22, 5.86389618611e-22, 4.12683457023e-22, 5.63589493723e-22, 1.05223008277e-21, 1.12590610673e-21, 1.70172902818e-21, 2.38780203903e-21], "dvar2": [3.45089034681e-07, 2.26115625992e-05, 2.66294000539e-06, 1.23462712054e-06, 1.38652410442e-06, 1.12453540169e-06, 1.59060596161e-06, 1.27257146687e-06, 1.11130148071e-05, 2.53558960139e-06, 7.11361326466e-06, 2.68721887551e-05, 1.21816319734e-05, 6.16708803136e-06, 1.21158227557e-05, 4.46090689366e-06, 9.83550080491e-07, 3.84085183214e-07, 3.80626403285e-07, 2.51419493225e-07, 1.58874357226e-07, 2.32286907931e-07, 1.23477761349e-07, 1.68031135672e-07, 3.76386743994e-08, 8.42582004168e-09, 5.6016951494e-11], "dvar": [1.45918193084e-07, 9.72917860054e-06, 9.52736399995e-07, 4.82234952415e-07, 5.99910606525e-07, 4.90052741497e-07, 6.78686546962e-07, 5.13939937719e-07, 4.44229772256e-06, 1.22621975152e-06, 3.13252621709e-06, 1.06038896774e-05, 4.71154999104e-06, 2.65408175437e-06, 4.79577647639e-06, 1.89288527963e-06, 4.282015027e-07, 1.59506200248e-07, 1.65021958765e-07, 1.08713557267e-07, 8.12852647414e-08, 1.27223344748