{"tonal": {"thpcp": [1, 0.665791809559, 0.256107896566, 0.163499727845, 0.130437657237, 0.122707895935, 0.140667155385, 0.194248706102, 0.246924743056, 0.279644966125, 0.307866871357, 0.343196123838, 0.328364342451, 0.275409013033, 0.217508897185, 0.158832013607, 0.133179619908, 0.137109816074, 0.163185700774, 0.172315463424, 0.172619730234, 0.191526263952, 0.18193860352, 0.174268692732, 0.17565061152, 0.19149620831, 0.259293109179, 0.225417032838, 0.112670712173, 0.0795845389366, 0.0851543173194, 0.110436752439, 0.131141662598, 0.155954301357, 0.210585191846, 0.611855208874], "hpcp": {"dmean2": [0.376019984484, 0.343825340271, 0.277545422316, 0.205659374595, 0.171652406454, 0.156897693872, 0.158346399665, 0.173012748361, 0.193229928613, 0.210994541645, 0.190264299512, 0.155921518803, 0.146394968033, 0.1703543365, 0.187001928687, 0.179475039244, 0.115616343915, 0.0934968516231, 0.0934772863984, 0.107572712004, 0.125835642219, 0.164658218622, 0.228057324886, 0.374220430851, 0.493516117334, 0.381621062756, 0.272100865841, 0.195496216416, 0.144963279366, 0.135068610311, 0.189260885119, 0.274243235588, 0.314008831978, 0.338410228491, 0.372399628162, 0.389754980803], "median": [0.0362248495221, 0.0321019515395, 0.0270695034415, 0.022218959406, 0.0189028903842, 0.0252556838095, 0.0322636440396, 0.0329185985029, 0.0329098030925, 0.0314683541656, 0.0307986307889, 0.0249401088804, 0.0330965928733, 0.0477521158755, 0.0685127079487, 0.0592969283462, 0.0265642870218, 0.0122230518609, 0.0138480626047, 0.0223981924355, 0.0273974668235, 0.0274522937834, 0.0343616269529, 0.316119492054, 0.493515074253, 0.340834110975, 0.0516861341894, 0.0253886003047, 0.0248203147203, 0.0212745331228, 0.0139524070546, 0.0168788060546, 0.0250803045928, 0.031806319952, 0.0342403799295, 0.0338148921728], "min": [0, 0, 0, 0, 0, 0, 0, 0, 0, 0, 0, 0, 0, 0, 0, 0, 0, 0, 0, 0, 0, 0, 0, 0, 0, 0, 0, 0, 0, 0, 0, 0, 0, 0, 0, 0], "dvar2": [0.225405156612, 0.214386716485, 0.169897273183, 0.116056792438, 0.0961605533957, 0.0733290687203, 0.0653444975615, 0.0691983923316, 0.081457965076, 0.0898047760129, 0.0781857147813, 0.0607164539397, 0.0552009828389, 0.0519809052348, 0.0605229362845, 0.0600162036717, 0.0324387960136, 0.0387265197933, 0.0370898991823, 0.0424947813153, 0.0450063757598, 0.0727860108018, 0.102701231837, 0.136953055859, 0.282107800245, 0.13275256753, 0.121501617134, 0.089500464499, 0.0633865147829, 0.058179166168, 0.114713706076, 0.198762655258, 0.203418955207, 0.209219560027, 0.23162060976, 0.234008297324], "dvar": [0.0806907191873, 0.0757735222578, 0.0602708086371, 0.0406521931291, 0.0333525426686, 0.025237172842, 0.0232487600297, 0.0244546551257, 0.0283311977983, 0.0322937779129, 0.0273148324341, 0.0226826779544, 0.020209569484, 0.0182516779751, 0.0215253382921, 0.0207745004445, 0.0111245922744, 0.0135399745777, 0.0133729185909, 0.0149421934038, 0.0160182137042, 0.025517899543, 0.0359628275037, 0.0484134480357, 0.110660456121, 0.0483755357563, 0.0430173277855, 0.0314639098942, 0.0218781139702, 0.020318839699, 0.0406804159284, 0.0697977095842, 0.0733334720135, 0.0757365450263, 0.082292675972, 0.0857660919428], "dmean": [0.205241113901, 0.185087516904, 0.149496093392, 0.111253216863, 0.0926965177059, 0.0859538763762, 0.0887741595507, 0.0961800515652, 0.106466569006, 0.116107322276, 0.105315804482, 0.0867042168975, 0.0826600268483, 0.094621874392, 0.105422347784, 0.101001434028, 0.0636638998985, 0.0509007945657, 0.0513748191297, 0.0598625801504, 0.0695570185781, 0.0899643450975, 0.12470433861, 0.21263846755, 0.269651323557, 0.218439847231, 0.150714293122, 0.106466576457, 0.079451136291, 0.0736457034945, 0.101019091904, 0.146357372403, 0.168780252337, 0.1830637604, 0.201539903879, 0.212278917432], "max": [1, 1, 1, 1, 1, 1, 1, 1, 1, 1, 1, 1, 1, 1, 1, 1, 1, 1, 1, 1, 1, 1, 1, 1, 1, 1, 1, 1, 1, 1, 1, 1, 1, 1, 1, 1], "var": [0.0792960226536, 0.0636505633593, 0.0463433563709, 0.028548585251, 0.0230208560824, 0.0190509986132, 0.0238030869514, 0.0252738371491, 0.0235284212977, 0.0292643196881, 0.0257440805435, 0.0315977707505, 0.0284551568329, 0.0216240715235, 0.03572139889, 0.0280988384038, 0.00919349957258, 0.00980113539845, 0.010287576355, 0.0127499625087, 0.0164869613945, 0.0230692848563, 0.0364308282733, 0.0757044628263, 0.187810301781, 0.0866957604885, 0.0411111935973, 0.0258520878851, 0.0170006342232, 0.0175350178033, 0.0297063644975, 0.0495766401291, 0.0606761574745, 0.0664745569229, 0.0729834288359, 0.0859849229455], "mean": [0.172219932079, 0.144446030259, 0.11407867074, 0.0833039283752, 0.0698498040438, 0.071911111474, 0.0855873450637, 0.0903757065535, 0.0905352830887, 0.100451350212, 0.0954228341579, 0.0914001315832, 0.0921249166131, 0.100435584784, 0.135993584991, 0.118226319551, 0.0590933337808, 0.0417403541505, 0.0446615815163, 0.0579216703773, 0.0687809437513, 0.0817946270108, 0.110447339714, 0.32090473175, 0.524478197098, 0.349193274975, 0.134323000908, 0.0857520401478, 0.0684117078781, 0.0643576160073, 0.0737768560648, 0.10187920928, 0.129506647587, 0.146667689085, 0.161469459534, 0.179998889565]}, "tuning_equal_tempered_deviation": 0.246641561389, "chords_changes_rate": 0.106146633625, "key_key": "A#", "tuning_diatonic_strength": 0.398974835873, "key_scale": "minor", "chords_number_rate": 0.00271537899971, "tuning_frequency": 434.193115234, "tuning_nontempered_energy_ratio": 0.834582388401, "chords_histogram": [15.4282894135, 30.9553203583, 8.98543548584, 2.39447045326, 0, 0.0987410545349, 0.0493705272675, 4.44334745407, 3.38188099861, 5.38138723373, 1.38237476349, 0.592446327209, 0, 0, 0, 0.0740557909012, 2.17230319977, 10.2690696716, 11.7748708725, 0.419649481773, 0.0493705272675, 0.592446327209, 0.592446327209, 0.962725281715], "key_strength": 0.556436240673, "chords_key": "C#", "chords_strength": {"dmean2": 0.0132380491123, "median": 0.501909613609, "min": -1, "dvar2": 0.00131738837808, "dvar": 0.00065319892019, "dmean": 0.0100731384009, "max": 0.77149271965, "var": 0.0900100916624, "mean": 0.446163833141}, "chords_scale": "major", "hpcp_entropy": {"dmean2": 1.01885819435, "median": 2.69709849358, "min": 0, "dvar2": 0.686422646046, "dvar": 0.234864026308, "dmean": 0.587915360928, "max": 4.29190778732, "var": 0.732651174068, "mean": 2.53892946243}}, "metadata": {"audio_properties": {"equal_loudness": 0, "codec": "mp3", "downmix": "mix", "sample_rate": 44100, "analysis_sample_rate": 44100, "bit_rate": 159140, "md5_encoded": "e3f2b585de38f7f59ae476b970bd4517", "length": 188.05657959, "replay_gain": 5.11026573181, "lossless": false}, "version": {"essentia_build_sha": "ca57ba49d9b1854bd80e60cf9ccf267278fb7d6b", "essentia": "2.1-beta1", "extractor": "music 1.0", "essentia_git_sha": "v2.1_beta1-28-g21ef5f4-dirty"}, "tags": {"title": ["Nowhere to Hide"], "language": ["eng"], "media": ["CD"], "albumartist": ["Fred Frith"], "musicbrainz_releasegroupid": ["47890feb-a807-4df4-b0a3-e12b11bfe354"], "musicbrainz_recordingid": ["09a968e7-154f-4e59-9119-ab21ca030c14"], "composer": ["Fred Frith"], "filetype": ["MPG/3"], "musicbrainz_albumartistid": ["4801bad4-1b42-4c9e-84b1-bf61067ab67c"], "acoustid_fingerprint": ["AQADtGqiZFqSRKh9wD-Oc8CD4wjwwcehHybxBceP47gH4fzxDf7xAz8OEyc04bhxFX-K_riJ7YJO-OiDBxLbo-KJnHg24idc6cih80iTGBU3Cgeva-hhG0f-Qv0RXjh1oTrClBf0LBd6pNFxJt7wHh6XoV1m_MF6TIkz9MUfFOlpaCdC3bB-_DCPHrzRHnGlDH8FnxDTCR9-6LzgHPwO9PhwQqtyfEd--DT6Hd-FS0fO41Q11Dv848qhHQ9mH32P9Ai9sUFy4Tt-TM-LU4Mvo0-SHj8eHvGiINknfIGfEv2Cm8bxBNePPRPRdjgxeJcxefjR4xfyDDpCSqQ0tNOHazvsMMZ3vMQ-XAoeI9_xB30ODVZj4s0D4wt-fMLRD5oa4Q3STBU-vD6yYvShxkf448ZxH30ShCcOdcuJOMuLpseJEz2P8_hxt5iCy4EP5sEZ4tE8tCPx4AuPO6yRHn1xatCuD2cR38LH4kxkeLuOrkUYLujFQv-Ewp-Mw-uKHpd-aL8wNFlG7Ed_pD4RUiv6Q8yPR-oR6dlxtIO3Bj9xOLpgHuGLo88h8nh2vBncw_vR48yR60ezMUevoR76BDct4jHyH6KHfDxO4k9wNFfQbzoiPsD_JIYu9BKalTg-E0dzFjp8PNhO4xoeHZ51HL7x4-7xHT-On0fL6ehb-Ggfo4cPFYev48FxmEd8PNuQZ_CP_nhuvIH2pYaRFz4uo8eO73jRH7aRK_Dxwy-kRzgf2NrxB8qGkjxu9MgnwRUsDbloAYdo_PCPHs1pohZzXPKwHr0EWzsu4sV_WGDsI5dIHCFhi9C24zuyJGaOsseTHNfRE09BFaEqccMhB82PH-JRdFIyhImn4eHxHc3xmTBHVD7ChSncQ6eRc8MtHD2L9-jh08h14aIgmkL1obIs_DiSR1KOZzzO5Yd_HOWLxyeuHAwuJFOeIPZxoUxyRsNp-PhQ6zgOJsp1XPCJCv0FHy2lAuGP7eiLXzm6Fs053EH7Q7QWod3xIJSzIFJOvMGXQ-iDB8ePeYZ1o2WO40ePhiqO6rCpHBM7oT-cE8eH50JnlOtY3BEcHTekG-bxZciPG-El4TpeCXpOfET4o1EZxIvS4zn4o8nGoIvlQb2OMMdEBjvaKDv8HIwqdPvhjEf4INnRcExQStGJP3h0Bn-E_yjPFcwfXMyO5jvyHMkFRkmW5PhBXc7x45mEikVJSS7OJEfqI-EZBR47oczy4aje4yd89D3Oa_gunMnRXEfOHN2FS5eg6kRP-Ef549qHH-Xh_eh3XEcp-BF6nITw6Ahf_PhOHM6RH9eO49fho8jRX0hfHMcPkd3x47AbCH9wE_eOXEaPD7mIHo6LNiIunMSVoz-uGw2VDP-gaw9qSUFz48iZD-2RkyNsFZdW_MF1aP6hLx-uhEf4w4-OHsmRR8EvCv2X4tnhUEUf4coMlFEO7zt0PGXw3LjRE0_wC5eIc0Ao_fgpiFuCrsQRXvCLY_3hTfhuoE-N6EePww90_GhIvGjh4wp8oTs-0gg7Gg2OLywahzgPP5pRqzhx7jjxC0kRVsMX7DzcH-YPP8QTHtfxD-EDPciP5zgzB01c9Lh0vEVeJE-OmQ9aeBI-_PjxlEd9IA_0I8fXo9fhGnkONR3iKx0uXPpx4fTh50Ma4obq49lhHLZQ6GyIH2HxZDNy9NBeEx6JC4-WUfghxkfIsgKpqCjXZ_iR5_BDaDwePQE7xlB5NC9C9niOH5O0HE5-hCzxHD929Nj-4XILTfjxIXSOKaqGjzt6HtRXTO_x4zcePUKN9EimPLh14MlRLjy-C756HCF-6McO5hI0SuHxfnj8Q03RrDNCq8FxDv3xD6nKHE-S43rwHF9Q5cd14sGZ6DhuHfp2GUfFAzpjfPjRLMIhdyfOHHciC30PT8qx46gO4Wj0o1qPxhdKFsdpvOh3vIeOSWN0_OgP10EPjEevYf9wosc_rOKD6KjKoyl3xDt-3EdlCs30Qv9RH82t416Obsrh9fi0B1_oQ7eCXwjLj8J9MD1xrBOu48NxWDo-5MJ3RPWC4w-oXcDIo9lTIf-hY5-OUDr8ZOiUo2poFQ0zFjmkXggP1xZRxzgO6sPz4L6GMMsTaBRybvhx4t7BKdGJEzhyNBzCa2GE4yqaKjgf5N_x7Dh3QxfhXDiPfjrRH_5xvDh-9Al-ZKF4vMN_nD3O41iZHPkFb1SgOvjg7EaeD_6JL0TeCz76ojMAIoxFVkQDxFLQYuCNNYIooQC1wjkZDiMKKaAMUYwwo4CBSIgBSCEMKCOIUkIIIhghQgoCADGEAMoYg8IA0JwwSBjCOEOAQEEEAkYpAQBQxnHJgFPAAGIAokAAJgAmGjDEGADGaMKUQQIpQYRQQhFLjHIAAWYQQJYIxICxgiGFkDGMAMWcQoQACQlCRDFCAFEMEIIMIUAABZgygiAhBAMCEQCEEIAJAoeDDiChCNEEKEMMMFBgAIwxChkoQBHICAC4AE0UrJQQVhBmgAGCYIasMIQgAAAQQyjTDBYKASaEAEQBqBCQAgEDrAAGESEIUcIgkgASBAhDCEDMAECQZQwQRRBCgjIEHEAKOaKRsYgRsBhjABkIEKNCCQOEQAQTAwiCQBLAlKNACcOAIgAoBQAgCAACFRKMAGcKJEJQxYgBCgDGFRMEGYCEoAAQIYRYBCABAWBQA0QYIE4BKJAixBhkhEFEMIQBk4AAiwgjCBGRBFMKCOKMIAQKAZkRRjlBkBEUCCIIMEgwYgwASBALDFCAAmAUEAgYJ5QAxgEggCGYGqIIUoIRQCQRSAlCBRKCSUCAAUQY4lAgRAABBGFMINEAVEJhAAwAiIgDxBEEEWMYM4oCS5XlgBpiBAOISGCMAMQBAAAyQCBlIGGEIAkMEsgpBBAgEnWhEACUCUGMAYQJJARkBAJKlCBCGUIMQAoSIIxxABnFkBJAGSO5EMQIyRwAwjkhjCcCEQcAIgogogBlliEmDBAGAIUQAkIQQxRDjgjkFCHWGCAwQIg4SJgAABBzJDLMIMWIIIogoTAxChhBlAbSkEAYBYIAQwQgBAiFgCAAIEeAclQZhC1ASGhqHFSCAAAEcIBJSKgjAADjlKIOCWEiCcwTBIxghBCCDAJAEQUY01YBoA0DQBEHBEHKMaEEAAYgKQA"], "country": ["United States"], "album": ["Nowhere, Sideshow, Thin Air (Music for Dance Volume 6)"], "musicbrainz album release country": ["US"], "musicbrainz original album id": ["ab1a7818-9d8e-40be-8b20-a205f54ec611"], "musicbrainz album type": ["Soundtrack", "Album"], "musicbrainz album status": ["Official"], "discnumber": ["01/01"], "artists": ["Fred Frith"], "date": ["2009"], "genre": ["Fred Frith"], "originalalbum": ["Nowhere, Sideshow, Thin Air (Music for Dance Volume 6)"], "musicbrainz release track id": ["c8b50a62-9b85-3aa6-92de-b798046a9935"], "musicbrainz_artistid": ["4801bad4-1b42-4c9e-84b1-bf61067ab67c"], "musicbrainz_albumid": ["ab1a7818-9d8e-40be-8b20-a205f54ec611"], "artist": ["Fred Frith"], "file_name": "fred frith_08_nowhere to hide.mp3", "artistsort": ["Frith, Fred"], "tracknumber": ["08/22"], "label": ["ReR Megacorp"], "albumartistsort": ["Frith, Fred"], "acoustid_id": ["7e838fb1-53fe-463d-894b-cfb5330af5f5"], "script": ["Latin"]}}, "rhythm": {"bpm_histogram_first_peak_bpm": {"dmean2": 0, "median": 140, "min": 140, "dvar2": 0, "dvar": 0, "dmean": 0, "max": 140, "var": 0, "mean": 140}, "bpm": 139.312164307, "bpm_histogram_second_peak_spread": {"dmean2": 0, "median": 0.390243947506, "min": 0.390243947506, "dvar2": 0, "dvar": 0, "dmean": 0, "max": 0.390243947506, "var": 0, "mean": 0.390243947506}, "bpm_histogram_first_peak_weight": {"dmean2": 0, "median": 0.171794876456, "min": 0.171794876456, "dvar2": 0, "dvar": 0, "dmean": 0, "max": 0.171794876456, "var": 0, "mean": 0.171794876456}, "onset_rate": 1.23358309269, "beats_position": [0.580498874187, 1.16099774837, 1.74149656296, 2.32199549675, 2.89088439941, 3.45977306366, 4.02866220474, 4.55111122131, 5.07355976105, 5.59600877762, 6.11845779419, 6.64090681076, 7.16335582733, 7.6858048439, 8.20825386047, 8.73070240021, 9.25315189362, 9.77560043335, 10.4141492844, 11.0526981354, 11.6912469864, 12.3297958374, 12.9683446884, 13.6068935394, 14.2454423904, 14.8839902878, 15.5225391388, 16.1494789124, 16.7880268097, 17.4381847382, 18.1231746674, 18.7965526581, 19.4815406799, 20.1665306091, 20.8050785065, 21.4436283112, 22.0821762085, 22.7207260132, 23.3592739105, 24.009431839, 24.6595916748, 25.3097496033, 25.9599094391, 26.6100673676, 27.1905670166, 27.7826747894, 28.3747844696, 28.9668922424, 29.5590019226, 30.1394996643, 30.7199993134, 31.358549118, 31.9970970154, 32.6356468201, 33.2858047485, 33.935962677, 34.5280723572, 35.1201820374, 35.6658477783, 36.1999092102, 36.7223587036, 37.151927948, 37.5814971924, 37.9994544983, 38.4290237427, 38.8469848633, 39.2533340454, 39.6712913513, 40.0776405334, 40.4839897156, 40.8903388977, 41.2850799561, 41.6449890137, 42.0048980713, 42.3648071289, 42.7247161865, 43.0846252441, 43.467754364, 43.8508834839, 44.2340126038, 44.6635818481, 45.0931510925, 45.5227203369, 45.9522895813, 46.3934669495, 46.8346481323, 47.2758255005, 47.7053947449, 48.1465759277, 48.5761451721, 49.0173225403, 49.4468917847, 49.8764610291, 50.3060302734, 50.7472114563, 51.1883888245, 51.6295700073, 52.0707473755, 52.5119247437, 52.9531059265, 53.4987754822, 54.0328330994, 54.5668907166, 55.1009521484, 55.6350097656, 56.1690673828, 56.7147369385, 57.2604064941, 57.8060760498, 58.4678459167, 59.129611969, 59.7913818359, 60.4531517029, 61.1149177551, 61.7766876221, 62.438457489, 63.0886154175, 63.7387733459, 64.3773193359, 65.0158691406, 65.6660308838, 66.316192627, 66.9663467407, 67.6165084839, 68.2666625977, 68.9168243408, 69.566986084, 70.1242599487, 70.6815414429, 71.238822937, 71.6683883667, 72.1095657349, 72.5391387939, 72.9570999146, 73.3750534058, 73.7930145264, 74.210975647, 74.6289291382, 75.0468902588, 75.4532394409, 75.859588623, 76.2659378052, 76.6722869873, 77.0902481079, 77.5314254761, 77.9726028442, 78.4137878418, 78.8665771484, 79.3193664551, 79.7721557617, 80.2249450684, 80.677734375, 81.1305236816, 81.5833053589, 82.012878418, 82.4424438477, 82.8720169067, 83.3015823364, 83.7311553955, 84.1607208252, 84.5902938843, 85.019859314, 85.449432373, 85.8673934937, 86.2853469849, 86.7033081055, 87.1212692261, 87.5508346558, 87.9804077148, 88.386756897, 88.8047180176, 89.2226715088, 89.6406326294, 90.0702056885, 90.4997711182, 90.9293441772, 91.3705215454, 91.8116989136, 92.2412643433, 92.6708374023, 93.100402832, 93.5299758911, 93.9827651978, 94.4239425659, 94.8767318726, 95.3411331177, 95.8055343628, 96.2699279785, 96.7343292236, 97.1987304688, 97.6631240845, 98.1275253296, 98.5919265747, 99.0563278198, 99.532333374, 99.9851226807, 100.449523926, 100.913917542, 101.343490601, 101.77305603, 102.191017151, 102.53931427, 102.887619019, 103.235916138, 103.584213257, 103.920906067, 104.257591248, 104.582672119, 104.907752991, 105.244445801, 105.569519043, 105.882987976, 106.208068848, 106.544761658, 106.881446838, 107.218139648, 107.554824829, 107.891517639, 108.22820282, 108.64616394, 109.064125061, 109.482086182, 109.900039673, 110.329612732, 110.759178162, 111.188751221, 111.61831665, 112.047889709, 112.477455139, 112.907028198, 113.359817505, 113.800994873, 114.242172241, 114.683357239, 115.124534607, 115.565711975, 116.006889343, 116.448066711, 116.889251709, 117.330429077, 117.852874756, 118.386940002, 118.886169434, 119.373786926, 119.861404419, 120.349021912, 120.825035095, 121.301040649, 121.788658142, 122.206619263, 122.624580383, 123.042533875, 123.460494995, 123.878456116, 124.296417236, 124.714370728, 125.132331848, 125.53868103, 125.945030212, 126.374603271, 126.804168701, 127.222129822, 127.640090942, 128.069656372, 128.499221802, 128.92880249, 129.35836792, 129.78793335, 130.217498779, 130.658676147, 131.088256836, 131.529434204, 131.970611572, 132.400177002, 132.84135437, 133.282531738, 133.712112427, 134.141677856, 134.571243286, 135.000808716, 135.418777466, 135.848342896, 136.266296387, 136.684265137, 137.125442505, 137.566619873, 138.007797241, 138.437362671, 138.866943359, 139.296508789, 139.726074219, 140.155639648, 140.596817017, 141.037994385, 141.467575073, 141.885528564, 142.315093994, 142.756271362, 143.197463989, 143.638641357, 144.079818726, 144.520996094, 144.962173462, 145.40335083, 145.844528198, 146.274108887, 146.703674316, 147.168075562, 147.632461548, 148.096862793, 148.561264038, 149.025665283, 149.501678467, 149.97769165, 150.418869019, 150.860046387, 151.301223755, 151.730789185, 152.171966553, 152.613143921, 153.100769043, 153.576782227, 154.06439209, 154.540405273, 154.969970703, 155.411148071, 155.852325439, 156.339950562, 156.827575684, 157.315185547, 157.79119873, 158.267211914, 158.754821777, 159.230834961, 159.706848145, 160.206069946, 160.728515625, 161.262588501, 161.78503418, 162.330703735, 162.876373291, 163.422042847, 163.956100464, 164.490158081, 165.024215698, 165.546661377, 166.069107056, 166.568344116, 167.067565918, 167.578414917, 168.031204224, 168.48399353, 168.936782837, 169.389572144, 169.772689819, 170.155822754, 170.538955688, 170.980133057, 171.421310425, 171.862487793, 172.303665161, 172.756454468, 173.209243774, 173.662033081, 174.114822388, 174.567611694, 175.020401001, 175.473190308, 175.925979614, 176.378768921, 176.831558228, 177.237915039, 177.644256592, 178.050613403, 178.468566895, 178.886520386, 179.292877197, 179.815322876, 180.337768555, 180.860229492, 181.452331543, 182.044433594, 182.636550903, 183.217056274, 183.797546387, 184.378051758, 184.95854187, 185.539047241, 186.119537354, 186.700042725, 187.280548096], "beats_loudness": {"dmean2": 0.108499795198, "median": 0.0309518165886, "min": 0, "dvar2": 0.0464779436588, "dvar": 0.0156537722796, "dmean": 0.0574517920613, "max": 0.800750553608, "var": 0.00995255354792, "mean": 0.0577554441988}, "danceability": 0.958464384079, "bpm_histogram_second_peak_weight": {"dmean2": 0, "median": 0.0641025677323, "min": 0.0641025677323, "dvar2": 0, "dvar": 0, "dmean": 0, "max": 0.0641025677323, "var": 0, "mean": 0.0641025677323}, "beats_count": 391, "bpm_histogram_second_peak_bpm": {"dmean2": 0, "median": 133, "min": 133, "dvar2": 0, "dvar": 0, "dmean": 0, "max": 133, "var": 0, "mean": 133}, "bpm_histogram_first_peak_spread": {"dmean2": 0, "median": 0.5838509202, "min": 0.5838509202, "dvar2": 0, "dvar": 0, "dmean": 0, "max": 0.5838509202, "var": 0, "mean": 0.5838509202}, "beats_loudness_band_ratio": {"dmean2": [0.284105807543, 0.133712008595, 0.167964547873, 0.0495130196214, 0.0135170705616, 0.16449534893], "median": [0.560693383217, 0.0768813639879, 0.0582967102528, 0.0307778958231, 0.00713321333751, 0.150796338916], "min": [0, 0, 0, 0, 0, 0], "dvar2": [0.0559779368341, 0.0281948093325, 0.0906992927194, 0.00690722512081, 0.000417972332798, 0.0251393336803], "dvar": [0.020806664601, 0.0107952961698, 0.0331426411867, 0.00240397779271, 0.000173166205059, 0.00848989840597], "dmean": [0.169754222035, 0.0780500397086, 0.0966000184417, 0.0282567273825, 0.00796020682901, 0.0935829132795], "max": [0.915482759476, 0.763416528702, 0.925651490688, 0.453109234571, 0.145285665989, 0.839492440224], "var": [0.0444739200175, 0.0134684499353, 0.026087641716, 0.00182876666076, 0.000210812460864, 0.0109600387514], "mean": [0.519180238247, 0.109480760992, 0.106475666165, 0.0406409911811, 0.0108882924542, 0.163132876158]}}, "lowlevel": {"barkbands_spread": {"dmean2": 5.94464635849, "median": 10.6787099838, "min": 1.25710380077, "dvar2": 33.6301422119, "dvar": 12.6342105865, "dmean": 3.56043553352, "max": 100.210029602, "var": 69.3330764771, "mean": 12.630739212}, "melbands_spread": {"dmean2": 5.97642087936, "median": 8.60507965088, "min": 0.982510685921, "dvar2": 45.633430481, "dvar": 17.0959300995, "dmean": 3.57672023773, "max": 179.394393921, "var": 657.138671875, "mean": 14.8360109329}, "hfc": {"dmean2": 67.7424240112, "median": 126.776794434, "min": 1.04012065885e-16, "dvar2": 10082.2070312, "dvar": 4580.02392578, "dmean": 44.6393318176, "max": 2309.13134766, "var": 36060.1992188, "mean": 177.059967041}, "barkbands_kurtosis": {"dmean2": 10.370267868, "median": 9.70513916016, "min": -1.51517522335, "dvar2": 140.621917725, "dvar": 52.0183334351, "dmean": 6.17070484161, "max": 114.267875671, "var": 106.484764099, "mean": 12.3765144348}, "gfcc": {"mean": [-84.0470275879, 121.99987793, -71.4745635986, -7.14086818695, -15.5234642029, -6.88023424149, -4.09035491943, -6.40783405304, -2.68145608902, -8.08173847198, -0.87452685833, -2.6073820591, -3.33173823357], "icov": [[0.000104473088868, -0.000471205683425, 0.000560284010135, -0.000399938231567, 0.000323408166878, -0.000400696677389, 0.000201372531592, 0.000128709842102, 0.000146609716467, -0.0003073727421, 0.000461875664769, -0.000418300973251, 0.000264809961664], [-0.000471205683425, 0.00401076069102, -0.00130154902581, 0.00239856960252, -0.000792732753325, 0.00162201432977, -0.000380806217436, -8.3580998762e-05, -0.00224304432049, 0.00533600198105, -0.00594481872395, 0.0054446272552, -0.00332023063675], [0.000560284010135, -0.00130154902581, 0.00699241971597, -0.0021073280368, 0.00140427518636, -0.00406568311155, 0.00231287907809, 0.000272579782177, -5.77089958824e-05, -0.000296194310067, 0.001223076717, -0.00080463552149, -0.000801327230874], [-0.000399938231567, 0.00239856960252, -0.0021073280368, 0.0105601940304, -0.00411375472322, 0.00198490475304, -0.00319362455048, -3.70943198504e-05, 0.00296861911193, -0.00370399141684, 0.00570657011122, -0.00574291776866, 0.00225258152932], [0.000323408166878, -0.000792732753325, 0.00140427518636, -0.00411375472322, 0.0111774224788, -0.00287254038267, -0.00241232896224, 0.00211722659878, -0.00376950646751, 0.00632752710953, -0.00897966790944, 0.0104680731893, -0.00670773582533], [-0.000400696677389, 0.00162201432977, -0.00406568311155, 0.00198490475304, -0.00287254038267, 0.0157716628164, -0.00140645599458, -0.00654966663569, 0.00419615022838, -0.00339472852647, 0.00377352559008, -0.00447000237182, 0.00226361281238], [0.000201372531592, -0.000380806217436, 0.00231287907809, -0.00319362455048, -0.00241232896224, -0.00140645599458, 0.0170067418367, -0.000528260017745, -0.00943666044623, 0.00805036257952, -0.00354989012703, -0.00181882746983, 0.0030651895795], [0.000128709842102, -8.3580998762e-05, 0.000272579782177, -3.70943198504e-05, 0.00211722659878, -0.00654966663569, -0.000528260017745, 0.0167615730315, -0.00218968465924, -0.00278180860914, -0.00142165471334, 0.00781286973506, -0.00646956497803], [0.000146609716467, -0.00224304432049, -5.77089958824e-05, 0.00296861911193, -0.00376950646751, 0.00419615022838, -0.00943666044623, -0.00218968465924, 0.0277019031346, -0.017203502357, 0.00937720388174, -0.0113688344136, 0.0108443880454], [-0.0003073727421, 0.00533600198105, -0.000296194310067, -0.00370399141684, 0.00632752710953, -0.00339472852647, 0.00805036257952, -0.00278180860914, -0.017203502357, 0.0446276925504, -0.030232725665, 0.0173862334341, -0.00673437165096], [0.000461875664769, -0.00594481872395, 0.001223076717, 0.00570657011122, -0.00897966790944, 0.00377352559008, -0.00354989012703, -0.00142165471334, 0.00937720388174, -0.030232725665, 0.0573916621506, -0.0255845915526, 0.00173791125417], [-0.000418300973251, 0.0054446272552, -0.00080463552149, -0.00574291776866, 0.0104680731893, -0.00447000237182, -0.00181882746983, 0.00781286973506, -0.0113688344136, 0.0173862334341, -0.0255845915526, 0.0417803376913, -0.0146588291973], [0.000264809961664, -0.00332023063675, -0.000801327230874, 0.00225258152932, -0.00670773582533, 0.00226361281238, 0.0030651895795, -0.00646956497803, 0.0108443880454, -0.00673437165096, 0.00173791125417, -0.0146588291973, 0.0313014313579]], "cov": [[52716.828125, 5232.1484375, -3362.6965332, -137.442749023, -878.390563965, -455.955718994, -74.7038650513, -586.081604004, -40.6460647583, -354.246826172, -83.0826644897, 26.7508640289, -281.263763428], [5232.1484375, 1401.73852539, -360.165344238, -261.632568359, 114.911827087, -136.488021851, 4.20241689682, -26.0836544037, 0.624461591244, -85.9374542236, 66.474319458, -110.880699158, 68.3999786377], [-3362.6965332, -360.165344238, 423.205963135, 33.3447570801, 16.7617034912, 92.4321212769, -40.6493263245, 59.9075126648, -22.9476413727, 30.8791255951, -4.67600345612, 7.37779855728, 30.2578868866], [-137.442749023, -261.632568359, 33.3447570801, 203.604797363, -7.90977096558, 21.2749271393, 34.841796875, -22.7887573242, 5.77895307541, 5.78103542328, -25.1136360168, 44.5626029968, -30.2383041382], [-878.390563965, 114.911827087, 16.7617034912, -7.90977096558, 220.280410767, -9.75146770477, 49.5456008911, 12.3223114014, 14.4080247879, -13.7797527313, 29.2653617859, -40.0465660095, 37.8883132935], [-455.955718994, -136.488021851, 92.4321212769, 21.2749271393, -9.75146770477, 113.852119446, -14.9446687698, 44.0310058594, -15.8327045441, 16.4788684845, -8.31207752228, 8.84521198273, 4.09035587311], [-74.7038650513, 4.20241689682, -40.6493263245, 34.841796875, 49.5456008911, -14.9446687698, 114.873336792, -16.1190128326, 44.8737716675, -15.5958690643, 3.80251264572, 10.9590625763, -19.3334369659], [-586.081604004, -26.0836544037, 59.9075126648, -22.7887573242, 12.3223114014, 44.0310058594, -16.1190128326, 100.567100525, -5.05120706558, 22.2063884735, 5.96204900742, -21.040813446, 23.528717041], [-40.6460647583, 0.624461591244, -22.9476413727, 5.77895307541, 14.4080247879, -15.8327045441, 44.8737716675, -5.05120706558, 73.1821670532, 14.4253025055, 5.97571468353, 7.74693393707, -20.7532176971], [-354.246826172, -85.9374542236, 30.8791255951, 5.78103542328, -13.7797527313, 16.4788684845, -15.5958690643, 22.2063884735, 14.4253025055, 54.6115074158, 16.0109882355, 1.39206063747, 2.74288153648], [-83.0826644897, 66.474319458, -4.67600345612, -25.1136360168, 29.2653617859, -8.31207752228, 3.80251264572, 5.96204900742, 5.97571468353, 16.0109882355, 42.2906112671, 5.18943500519, 18.6306324005], [26.7508640289, -110.880699158, 7.37779855728, 44.5626029968, -40.0465660095, 8.84521198273, 10.9590625763, -21.040813446, 7.74693393707, 1.39206063747, 5.18943500519, 64.2312316895, -2.24152326584], [-281.263763428, 68.3999786377, 30.2578868866, -30.2383041382, 37.8883132935, 4.09035587311, -19.3334369659, 23.528717041, -20.7532176971, 2.74288153648, 18.6306324005, -2.24152326584, 64.8086624146]]}, "spectral_energyband_middle_low": {"dmean2": 0.00803837180138, "median": 0.00563789904118, "min": 1.62676510359e-22, "dvar2": 0.00119993230328, "dvar": 0.000577214814257, "dmean": 0.00555069418624, "max": 0.871512830257, "var": 0.00214324332774, "mean": 0.0150115545839}, "melbands_crest": {"dmean2": 9.08180427551, "median": 17.938627243, "min": 1.52475631237, "dvar2": 55.0116424561, "dvar": 19.7270488739, "dmean": 5.34178638458, "max": 36.5068855286, "var": 47.2978782654, "mean": 18.1273708344}, "spectral_kurtosis": {"dmean2": 9.6391992569, "median": 19.6316299438, "min": -1.26783168316, "dvar2": 116.844078064, "dvar": 43.9517326355, "dmean": 6.0203499794, "max": 91.1837158203, "var": 128.8462677, "mean": 20.6091594696}, "spectral_rms": {"dmean2": 0.00160872738343, "median": 0.00537988403812, "min": 3.10173783359e-12, "dvar2": 2.89189938485e-06, "dvar": 1.27850296394e-06, "dmean": 0.00100203382317, "max": 0.0341508239508, "var": 9.59253156907e-06, "mean": 0.00567426485941}, "zerocrossingrate": {"dmean2": 0.0642308741808, "median": 0.26611328125, "min": 0.02099609375, "dvar2": 0.00282683805563, "dvar": 0.0014858993236, "dmean": 0.0471875369549, "max": 0.69384765625, "var": 0.0103932637721, "mean": 0.27323409915}, "silence_rate_60dB": {"dmean2": 0.00370461842977, "median": 0, "min": 0, "dvar2": 0.00393784185871, "dvar": 0.00184867845383, "dmean": 0.00185208045878, "max": 1, "var": 0.0673224851489, "mean": 0.0725925937295}, "erbbands_kurtosis": {"dmean2": 1.30122256279, "median": 0.199553728104, "min": -1.58759188652, "dvar2": 4.63867902756, "dvar": 1.87784230709, "dmean": 0.797910273075, "max": 53.1254348755, "var": 8.05318641663, "mean": 0.751513719559}, "erbbands": {"dmean2": [0.709655165672, 1.8826622963, 3.57142591476, 5.02905321121, 7.6211771965, 11.1385717392, 19.3460006714, 10.9551067352, 14.1211185455, 43.2794761658, 49.3092651367, 20.6460895538, 12.7730646133, 11.6611433029, 26.0590496063, 24.7157058716, 18.4947490692, 9.43016147614, 9.86816310883, 4.99738931656, 5.21176099777, 2.99542713165, 2.66630005836, 4.50130176544, 1.50927972794, 0.963051736355, 1.38851487637, 1.40108263493, 1.1683100462, 1.45112705231, 0.377000629902, 0.139075636864, 0.143238291144, 0.0467649996281, 0.0277764182538, 0.0236290842295, 0.0129202241078, 0.0175374690443, 0.00318456138484, 0.00252310349606], "median": [0.33648699522, 1.15076637268, 1.72334933281, 2.72794985771, 3.68122386932, 4.16849756241, 7.68479967117, 4.43044471741, 5.7583732605, 8.47920608521, 8.60416793823, 9.05624961853, 8.95589733124, 7.22571754456, 8.91939163208, 9.02735042572, 6.13078594208, 3.84240674973, 2.99522042274, 2.21230983734, 2.23086833954, 1.90121293068, 1.34121322632, 0.746196806431, 0.506020486355, 0.317187190056, 0.22959202528, 0.131942331791, 0.0824498906732, 0.0535626858473, 0.0390861555934, 0.0302194654942, 0.0174026694149, 0.00942772254348, 0.00595594104379, 0.00479303393513, 0.00343530927785, 0.00196157768369, 0.00219539995305, 0.00553454086185], "min": [3.97991086747e-23, 3.60622221863e-22, 1.43514917413e-21, 3.23695928141e-21, 7.28038815612e-21, 1.75488176411e-20, 2.78796346388e-20, 3.11477476908e-20, 1.40551117565e-19, 1.33162598162e-19, 3.09919527461e-19, 2.0706047132e-19, 4.50896410397e-19, 5.74958096041e-19, 7.76081168321e-19, 1.03020237453e-18, 1.41320261118e-18, 1.37107802489e-18, 1.59137348941e-18, 1.72814583914e-18, 2.87392633496e-18, 4.42747182098e-18, 4.5615569711e-18, 6.17875669359e-18, 5.67664193175e-18, 6.71781416877e-18, 8.11256558581e-18, 8.28893703602e-18, 1.10427983119e-17, 1.02931758079e-17, 9.71614702029e-18, 1.0022877172e-17, 8.54098806765e-18, 7.38175399616e-18, 6.48817600943e-18, 4.12002781245e-18, 1.89833483806e-18, 9.23775559162e-19, 2.38861016379e-19, 2.58094487504e-20], "dvar2": [0.654192566872, 5.30235004425, 23.7865810394, 63.3346862793, 266.647857666, 1310.82275391, 5728.79199219, 1069.58581543, 2784.46435547, 116463.828125, 179645.015625, 4931.89746094, 855.772521973, 1484.59729004, 30718.0039062, 29795.9316406, 17985.3984375, 3981.52001953, 4370.18603516, 1370.60839844, 1211.48522949, 149.536911011, 140.919692993, 4475.12109375, 79.4784164429, 102.5754776, 723.512268066, 1212.16516113, 398.557281494, 904.77532959, 49.1492156982, 0.368735104799, 10.9205465317, 0.0447573438287, 0.00575305707753, 0.101267211139, 0.00518288183957, 0.129344671965, 0.000572250748519, 2.45331011683e-05], "dvar": [0.249085143209, 2.09363722801, 8.33126449585, 28.3227596283, 178.616409302, 541.759216309, 3454.8515625, 799.237060547, 2693.26513672, 51214.6328125, 79176.171875, 3429.53173828, 379.502655029, 565.046691895, 11583.5048828, 10993.5576172, 6606.35693359, 1422.26330566, 1802.13415527, 502.746185303, 429.16293335, 54.8726425171, 52.8574905396, 1954.80126953, 36.9822463989, 85.8678359985, 438.624908447, 948.499511719, 273.537872314, 595.834899902, 34.6103210449, 0.180158421397, 3.37577199936, 0.0150785241276, 0.00230569415726, 0.0340491868556, 0.00496656447649, 0.0841689407825, 0.000577562197577, 1.11073004518e-05], "dmean": [0.416561037302, 1.12708175182, 2.04060077667, 2.97429728508, 4.85240221024, 6.91501760483, 13.4090166092, 7.58556270599, 10.0638809204, 27.3412399292, 32.2174873352, 14.1285896301, 7.6371512413, 7.05814027786, 16.1066665649, 14.7127494812, 10.7348823547, 5.6094865799, 6.06797552109, 2.99728751183, 3.05557823181, 1.77581727505, 1.57529485226, 2.95266771317, 0.941137909889, 0.6402567029, 1.01955258846, 1.3443595171, 0.879626750946, 1.04872512817, 0.275872886181, 0.0870454460382, 0.0836231857538, 0.0284547004849, 0.017067046836, 0.0143806422129, 0.00862050522119, 0.0131323374808, 0.0023258945439, 0.00168105354533], "max": [9.58547592163, 34.0110435486, 70.3445358276, 449.03717041, 1366.31201172, 1551.90075684, 5420.73486328, 2056.55249023, 5344.56494141, 9367.75195312, 10898.6865234, 6921.28271484, 1146.33178711, 1169.66723633, 4183.80126953, 4368.26074219, 2456.45019531, 1632.68395996, 2425.81420898, 1015.24676514, 884.169067383, 259.694763184, 283.500457764, 3247.82861328, 631.123657227, 1299.43591309, 2053.8984375, 3452.58496094, 1640.5480957, 2441.55297852, 639.00177002, 42.5534286499, 129.55406189, 7.09334468842, 1.42142617702, 13.6690778732, 9.21618556976, 30.1563835144, 3.25369238853, 0.112400203943], "var": [0.398382365704, 3.3840200901, 10.8414201736, 96.6364822388, 1290.6015625, 2790.0949707, 45937.8164062, 5343.67236328, 32285.2148438, 60123.65625, 95322.5703125, 78113.8515625, 1003.55535889, 1047.95666504, 14388.5917969, 12479.2451172, 4934.91064453, 1036.22644043, 4923.76220703, 387.385498047, 315.59552002, 62.0447502136, 82.7717971802, 4160.43457031, 153.568099976, 327.226257324, 1134.47229004, 2807.3972168, 565.018432617, 1437.92321777, 100.426216125, 0.799279749393, 4.18039369583, 0.0202950052917, 0.00283409841359, 0.0626511499286, 0.0305017828941, 0.204478293657, 0.00489454437047, 6.83434991515e-05], "mean": [0.537784397602, 1.66171324253, 2.72682380676, 4.43261289597, 8.3839006424, 13.2433624268, 35.4341697693, 16.6554660797, 23.7763690948, 37.3860931396, 45.2397270203, 38.7365913391, 14.9256620407, 13.4229030609, 26.4838638306, 23.5090789795, 14.7942638397, 8.84268474579, 10.875164032, 5.12363481522, 5.13402509689, 3.62076449394, 3.27692055702, 5.03925132751, 2.10048794746, 1.47838640213, 1.87341761589, 2.63045930862, 1.85929441452, 1.8868868351, 0.606368005276, 0.194674223661, 0.111027643085, 0.030883692205, 0.0181467458606, 0.0187480524182, 0.0197696909308, 0.0264063943177, 0.00709370197728, 0.00740636279806]}, "spectral_strongpeak": {"dmean2": 10.4616184235, "median": 0.163165092468, "min": 0, "dvar2": 921.183044434, "dvar": 339.550201416, "dmean": 5.48614454269, "max": 327.81036377, "var": 251.558624268, "mean": 3.88016867638}, "spectral_energy": {"dmean2": 0.0229693651199, "median": 0.0296667329967, "min": 9.86129668045e-21, "dvar2": 0.00216223392636, "dvar": 0.000978119904175, "dmean": 0.0145964156836, "max": 1.1954356432, "var": 0.00360202579759, "mean": 0.0428347140551}, "average_loudness": 0.227173298597, "spectral_rolloff": {"dmean2": 9461.01074219, "median": 21597.8027344, "min": 64.599609375, "dvar2": 179456960, "dvar": 71604552, "dmean": 4821.20507812, "max": 22028.4667969, "var": 99994472, "mean": 13917.8583984}, "spectral_centroid": {"dmean2": 187.903579712, "median": 586.096801758, "min": 224.981414795, "dvar2": 51055.1992188, "dvar": 21068.2578125, "dmean": 113.576568604, "max": 11936.6220703, "var": 4232813.5, "mean": 1083.06054688}, "pitch_salience": {"dmean2": 0.155092358589, "median": 0.535432100296, "min": 0.131374105811, "dvar2": 0.0164406225085, "dvar": 0.00582743203267, "dmean": 0.0922616571188, "max": 0.99836230278, "var": 0.0148374671116, "mean": 0.53135406971}, "spectral_energyband_middle_high": {"dmean2": 0.0017849500291, "median": 0.00116426567547, "min": 1.0792675393e-21, "dvar2": 0.000152168839122, "dvar": 5.64455549465e-05, "dmean": 0.00110367115121, "max": 0.287883937359, "var": 6.18617850705e-05, "mean": 0.00247082929127}, "spectral_contrast_coeffs": {"dmean2": [0.0845563486218, 0.075074583292, 0.054908439517, 0.0421239174902, 0.0328942798078, 0.0410238690674], "median": [-0.727696537971, -0.804845035076, -0.826789021492, -0.834774494171, -0.834277451038, -0.829063117504], "min": [-0.980678379536, -0.991859614849, -0.990318000317, -0.97840487957, -0.981449484825, -0.966622829437], "dvar2": [0.0045915436931, 0.00373527687043, 0.00200139544904, 0.00120861083269, 0.000824935268611, 0.00176344870124], "dvar": [0.00165606138762, 0.00135912175756, 0.000689408974722, 0.000433240405982, 0.000307068461552, 0.000691815570462], "dmean": [0.0498484000564, 0.0442072935402, 0.0322225429118, 0.0248657129705, 0.0200503151864, 0.0253702942282], "max": [-0.304458647966, -0.346869409084, -0.520546972752, -0.489885747433, -0.539590835571, -0.407221674919], "var": [0.00717860413715, 0.00544253457338, 0.00270084477961, 0.00185715197586, 0.00154822028708, 0.00487963110209], "mean": [-0.726011514664, -0.797713756561, -0.825298249722, -0.834771811962, -0.83775049448, -0.809046387672]}, "melbands_skewness": {"dmean2": 1.37526035309, "median": 2.76347589493, "min": -2.52957844734, "dvar2": 1.36728668213, "dvar": 0.511590361595, "dmean": 0.825720787048, "max": 9.53335094452, "var": 1.93335461617, "mean": 2.7914788723}, "spectral_spread": {"dmean2": 956436.75, "median": 3392780.5, "min": 1008376, "dvar2": 1038444986370.0, "dvar": 426295853056, "dmean": 597150.4375, "max": 43309560, "var": 53581193412600.0, "mean": 4996849}, "dissonance": {"dmean2": 0.035778991878, "median": 0.47279265523, "min": 0.213235154748, "dvar2": 0.00112264975905, "dvar": 0.000401911820518, "dmean": 0.0208327602595, "max": 0.500000059605, "var": 0.000756733759772, "mean": 0.466435432434}, "spectral_skewness": {"dmean2": 0.648822963238, "median": 3.25967979431, "min": -0.0820270329714, "dvar2": 0.455551981926, "dvar": 0.174557715654, "dmean": 0.406524002552, "max": 7.26209640503, "var": 1.14951562881, "mean": 3.15411400795}, "spectral_flux": {"dmean2": 0.0400353968143, "median": 0.0926742851734, "min": 6.13406755945e-11, "dvar2": 0.00251803197898, "dvar": 0.000963883008808, "dmean": 0.0236575957388, "max": 0.877139866352, "var": 0.00259641348384, "mean": 0.0964628756046}, "spectral_contrast_valleys": {"dmean2": [0.623687684536, 0.581022262573, 0.442752897739, 0.382450133562, 0.401787847281, 0.931231200695], "median": [-6.47135066986, -6.31553411484, -6.89378881454, -7.76110029221, -8.34817314148, -11.2204799652], "min": [-28.1670780182, -28.1437587738, -27.9788951874, -27.8533267975, -27.5719356537, -27.4262180328], "dvar2": [0.233889460564, 0.199015274644, 0.121733382344, 0.107415027916, 0.159681349993, 0.710255026817], "dvar": [0.0846018493176, 0.0752240493894, 0.0481079481542, 0.0462963432074, 0.0698475390673, 0.271172642708], "dmean": [0.369271337986, 0.344726324081, 0.261899024248, 0.233215019107, 0.250038385391, 0.590111076832], "max": [-5.00502443314, -3.76534748077, -4.82090425491, -5.2231669426, -5.47961139679, -8.39043998718], "var": [17.1617736816, 17.4310112, 16.2923564911, 15.0631875992, 14.3814220428, 10.6264019012], "mean": [-7.37822771072, -7.19839191437, -7.76439428329, -8.57711410522, -9.07300567627, -11.8944950104]}, "erbbands_flatness_db": {"dmean2": 0.0316906571388, "median": 0.14411945641, "min": 0.0421204157174, "dvar2": 0.000778740504757, "dvar": 0.000315659679472, "dmean": 0.0201463662088, "max": 0.374780446291, "var": 0.00165159197059, "mean": 0.146631911397}, "spectral_energyband_high": {"dmean2": 0.00012128437811, "median": 5.70470401726e-05, "min": 6.78637149894e-21, "dvar2": 2.75377988146e-06, "dvar": 2.37826498051e-06, "dmean": 9.67824234976e-05, "max": 0.192350536585, "var": 1.02409412648e-05, "mean": 0.000252184283454}, "spectral_entropy": {"dmean2": 0.281346082687, "median": 7.25360965729, "min": 5.26670455933, "dvar2": 0.0691266134381, "dvar": 0.0271191336215, "dmean": 0.17637835443, "max": 9.83229351044, "var": 0.384347826242, "mean": 7.3463602066}, "silence_rate_20dB": {"dmean2": 0.00889108423144, "median": 1, "min": 0, "dvar2": 0.010046212934, "dvar": 0.00442487001419, "dmean": 0.00444499310106, "max": 1, "var": 0.00880915950984, "mean": 0.99111109972}, "melbands_flatness_db": {"dmean2": 0.0587522350252, "median": 0.305188983679, "min": 0.00316624180414, "dvar2": 0.00228578806855, "dvar": 0.000840949767735, "dmean": 0.0357101783156, "max": 0.485156446695, "var": 0.00655483966693, "mean": 0.292398512363}, "barkbands": {"dmean2": [0.00614317227155, 0.0126787973568, 0.00321261887439, 0.0022141286172, 0.00310228089802, 0.00155644619372, 0.0011718228925, 0.00314303068444, 0.00088616204448, 0.000366974942153, 0.0004011291603