{"metadata": {"tags": {"label": ["Relativity Music Group"], "originalyear": ["2011"], "album": ["Limitless"], "musicbrainz album type": ["album/soundtrack"], "script": ["Latn"], "albumartistsort": ["Leonard-Morgan, Paul"], "musicbrainz album release country": ["US"], "musicbrainz_artistid": ["6dff0382-de9d-4695-b221-5eac7b3c5ef5"], "musicbrainz_releasegroupid": ["a65b0f20-9f94-4b2f-a6a7-a8b6f8d6986c"], "musicbrainz_recordingid": ["09ae8f27-1d47-4b72-a3a9-7116be695d7d"], "albumartist": ["Paul Leonard-Morgan"], "originaldate": ["2011"], "musicbrainz album status": ["official"], "artist": ["Paul Leonard-Morgan"], "musicbrainz_albumid": ["b2d2b991-c0fc-46cd-9351-b81c733c8f01"], "discnumber": ["1/1"], "title": ["Happy Pills"], "tracknumber": ["25/25"], "musicbrainz_albumartistid": ["6dff0382-de9d-4695-b221-5eac7b3c5ef5"], "encoding": ["Lavf56.36.100"], "artistsort": ["Leonard-Morgan, Paul"], "date": ["2011"], "media": ["CD"], "file_name": "Paul Leonard-Morgan - Happy Pills.mp3"}, "audio_properties": {"sample_rate": 44100, "downmix": "mix", "lossless": false, "analysis_sample_rate": 44100, "md5_encoded": "cfcef322111be38a9224aa964bd6c42f", "equal_loudness": 0, "replay_gain": -10.2137241364, "codec": "mp3", "bit_rate": 160015, "length": 272.953460693}, "version": {"extractor": "music 1.0", "essentia_build_sha": "70f2e5ece6736b2c40cc944ad0e695b16b925413", "essentia_git_sha": "v2.1_beta2", "essentia": "2.1-beta2"}}, "rhythm": {"beats_loudness_band_ratio": {"dvar2": [0.105616614223, 0.0336292274296, 0.0259878784418, 0.0448193326592, 0.025389155373, 0.0387264862657], "var": [0.0610103495419, 0.0183247178793, 0.0100404517725, 0.0424603261054, 0.00879281107336, 0.0349862463772], "min": [8.60611464759e-07, 2.95392583212e-05, 2.57657939073e-05, 0.00189460569527, 0.000276813749224, 0.00102496973705], "dmean": [0.20895947516, 0.0973071232438, 0.0790472850204, 0.1240330562, 0.0536959469318, 0.104732535779], "mean": [0.325918078423, 0.14401063323, 0.102967835963, 0.202405229211, 0.071994997561, 0.193079084158], "max": [0.991662740707, 0.752435445786, 0.662963449955, 0.929034590721, 0.798698604107, 0.994121551514], "dmean2": [0.387763440609, 0.175730526447, 0.145297572017, 0.212192237377, 0.0945402383804, 0.187171891332], "median": [0.297862827778, 0.114034675062, 0.0802969038486, 0.117579624057, 0.0489450991154, 0.141027837992], "dvar": [0.0351457819343, 0.0110045615584, 0.00908490922302, 0.0165338627994, 0.00920787546784, 0.0134642692283]}, "bpm_histogram_first_peak_weight": {"dvar2": 0, "var": 0, "min": 0.652173936367, "dmean": 0, "mean": 0.652173936367, "max": 0.652173936367, "dmean2": 0, "median": 0.652173936367, "dvar": 0}, "bpm": 104.937232971, "beats_count": 484, "bpm_histogram_first_peak_spread": {"dvar2": 0, "var": 0, "min": 0.27586209774, "dmean": 0, "mean": 0.27586209774, "max": 0.27586209774, "dmean2": 0, "median": 0.27586209774, "dvar": 0}, "danceability": 1.15141582489, "bpm_histogram_first_peak_bpm": {"dvar2": 0, "var": 0, "min": 105, "dmean": 0, "mean": 105, "max": 105, "dmean2": 0, "median": 105, "dvar": 0}, "beats_position": [0.603718817234, 1.18421769142, 1.75310659409, 2.32199549675, 2.90249419212, 3.47138309479, 4.04027223587, 4.62077093124, 5.18965959549, 5.75854873657, 6.32743740082, 6.8963265419, 7.47682523727, 8.04571437836, 8.6146030426, 9.19510173798, 9.78721046448, 10.3909292221, 10.9946479797, 11.5983667374, 12.2136955261, 12.8174142838, 13.4211339951, 14.0248527527, 14.6053514481, 15.1858501434, 15.7663488388, 16.3352375031, 16.904127121, 17.4730148315, 18.0419044495, 18.6224040985, 19.1912918091, 19.760181427, 20.3290691376, 20.8979587555, 21.4784584045, 22.0473461151, 22.616235733, 23.1967334747, 23.7656230927, 24.3345127106, 24.9034004211, 25.4722900391, 26.0411777496, 26.6100673676, 27.1905670166, 27.7594547272, 28.3283443451, 28.897233963, 29.4661216736, 30.0466213226, 30.6155090332, 31.1843986511, 31.7648983002, 32.3337860107, 32.9026756287, 33.4715652466, 34.0404510498, 34.6209526062, 35.1898422241, 35.7587280273, 36.3276176453, 36.8965072632, 37.4770050049, 38.0575065613, 38.6263923645, 39.1952819824, 39.7757797241, 40.3562812805, 40.9832191467, 41.5985488892, 42.2022666931, 42.8175964355, 43.432926178, 44.0250320435, 44.6055335999, 45.1860313416, 45.7665290833, 46.3354187012, 46.9043083191, 47.4848060608, 48.0536956787, 48.6225852966, 49.1914749146, 49.7603607178, 50.3408622742, 50.9097480774, 51.4786376953, 52.0591392517, 52.6280250549, 53.1969146729, 53.7658042908, 54.3346939087, 54.9035835266, 55.4724693298, 56.0529708862, 56.6218566895, 57.1907463074, 57.7712478638, 58.340133667, 58.9090232849, 59.4779129028, 60.0468025208, 60.6273002625, 61.2077980042, 61.7766876221, 62.34557724, 62.9144668579, 63.4833564758, 64.0522460938, 64.621131897, 65.2016296387, 65.7705230713, 66.3394088745, 66.9082946777, 67.4888000488, 68.0576858521, 68.6265716553, 69.1954650879, 69.7759628296, 70.3448486328, 70.9137420654, 71.4826278687, 72.0515213013, 72.6204071045, 73.1892929077, 73.7697982788, 74.338684082, 74.9075698853, 75.4764633179, 76.0453491211, 76.6258468628, 77.1947402954, 77.7636260986, 78.3441238403, 78.9130172729, 79.4819030762, 80.0507888794, 80.619682312, 81.2001800537, 81.7690658569, 82.3379592896, 82.9184570312, 83.4873428345, 84.0562362671, 84.6135101318, 85.1940155029, 85.7629013062, 86.3317871094, 86.9122848511, 87.4811782837, 88.0500640869, 88.6305618286, 89.1994552612, 89.7683410645, 90.3372344971, 90.9061203003, 91.486618042, 92.0555114746, 92.6243972778, 93.1932830811, 93.7621765137, 94.3426742554, 94.9115600586, 95.4804534912, 96.0493392944, 96.6182327271, 97.1987304688, 97.767616272, 98.3365097046, 98.9170074463, 99.4858932495, 100.054779053, 100.623672485, 101.192558289, 101.761451721, 102.330337524, 102.899223328, 103.479728699, 104.048614502, 104.629112244, 105.198005676, 105.766891479, 106.335777283, 106.904670715, 107.485168457, 108.05405426, 108.622947693, 109.203445435, 109.772331238, 110.34122467, 110.910110474, 111.479003906, 112.047889709, 112.628387451, 113.197273254, 113.777778625, 114.346664429, 114.915550232, 115.484443665, 116.053329468, 116.6222229, 117.191108704, 117.771606445, 118.340499878, 118.909385681, 119.478271484, 120.047164917, 120.61605072, 121.184944153, 121.765441895, 122.345939636, 122.914825439, 123.483718872, 124.064216614, 124.633102417, 125.20199585, 125.782493591, 126.339767456, 126.908660889, 127.477546692, 128.058044434, 128.626937866, 129.195831299, 129.764709473, 130.333602905, 130.914108276, 131.48298645, 132.051879883, 132.632385254, 133.201263428, 133.77015686, 134.350662231, 134.919540405, 135.488433838, 136.057327271, 136.626205444, 137.195098877, 137.76399231, 138.344482422, 138.913375854, 139.482269287, 140.051147461, 140.620040894, 141.200546265, 141.769424438, 142.338317871, 142.918823242, 143.487701416, 144.056594849, 144.625488281, 145.194366455, 145.774871826, 146.343765259, 146.912643433, 147.493148804, 148.062042236, 148.63092041, 149.199813843, 149.768707275, 150.349197388, 150.929702759, 151.498596191, 152.067474365, 152.647979736, 153.216873169, 153.785751343, 154.354644775, 154.923538208, 155.492416382, 156.061309814, 156.630203247, 157.19909668, 157.767974854, 158.336868286, 158.905761719, 159.474639893, 160.055145264, 160.624038696, 161.19291687, 161.773422241, 162.342315674, 162.911193848, 163.48008728, 164.048980713, 164.629470825, 165.198364258, 165.778869629, 166.347747803, 166.916641235, 167.485534668, 168.054412842, 168.623306274, 169.192199707, 169.761077881, 170.341583252, 170.922088623, 171.490966797, 172.059860229, 172.628753662, 173.197631836, 173.778137207, 174.335418701, 174.904312134, 175.473190308, 176.053695679, 176.622589111, 177.191467285, 177.771972656, 178.34085083, 178.909744263, 179.490249634, 180.059127808, 180.62802124, 181.196914673, 181.765808105, 182.334686279, 182.903579712, 183.484085083, 184.064575195, 184.633468628, 185.202362061, 185.759628296, 186.340133667, 186.9090271, 187.477905273, 188.058410645, 188.627304077, 189.196182251, 189.765075684, 190.333969116, 190.914459229, 191.483352661, 192.052246094, 192.632736206, 193.201629639, 193.770523071, 194.339401245, 194.908294678, 195.47718811, 196.057678223, 196.626571655, 197.195465088, 197.764343262, 198.344848633, 198.913742065, 199.482620239, 200.051513672, 200.620407104, 201.200897217, 201.769790649, 202.338684082, 202.907577515, 203.476455688, 204.05696106, 204.625839233, 205.194732666, 205.763626099, 206.332519531, 206.913009644, 207.493515015, 208.062393188, 208.631286621, 209.200180054, 209.769073486, 210.33795166, 210.906845093, 211.475738525, 212.044616699, 212.62512207, 213.205612183, 213.774505615, 214.343399048, 214.91229248, 215.481170654, 216.061676025, 216.630569458, 217.199447632, 217.768341064, 218.337234497, 218.917724609, 219.486618042, 220.055511475, 220.624389648, 221.193283081, 221.773788452, 222.342666626, 222.911560059, 223.49206543, 224.060943604, 224.629837036, 225.198730469, 225.767608643, 226.336502075, 226.905395508, 227.48588562, 228.054779053, 228.623672485, 229.204162598, 229.77305603, 230.341949463, 230.910827637, 231.479721069, 232.06022644, 232.629104614, 233.197998047, 233.766891479, 234.347381592, 234.916275024, 235.485168457, 236.05406189, 236.622940063, 237.191833496, 237.760726929, 238.329605103, 238.910110474, 239.467391968, 240.04788208, 240.628387451, 241.197280884, 241.766159058, 242.346664429, 242.915557861, 243.484436035, 244.064941406, 244.633834839, 245.202713013, 245.771606445, 246.340499878, 246.92098999, 247.501495361, 248.081985474, 248.639266968, 249.2081604, 249.777053833, 250.345932007, 250.914825439, 251.483718872, 252.052597046, 252.633102417, 253.213607788, 253.782485962, 254.351379395, 254.931884766, 255.512374878, 256.081268311, 256.661773682, 257.102935791, 257.544128418, 257.985290527, 258.426483154, 258.867645264, 259.297241211, 259.73840332, 260.179595947, 260.620758057, 261.050323486, 261.491516113, 261.921081543, 262.36227417, 262.780212402, 263.209777832, 263.639373779, 264.068939209, 264.498504639, 264.939666748, 265.380859375, 265.822021484, 266.263214111, 266.704406738, 267.145568848, 267.598358154, 268.051147461, 268.503936768, 268.956726074, 269.374694824, 269.792633057, 270.210601807, 270.628570557, 271.046539307, 271.464477539, 271.882446289, 272.288787842], "beats_loudness": {"dvar2": 0.000618976424448, "var": 0.000987042323686, "min": 1.3771214169e-09, "dmean": 0.0136104943231, "mean": 0.0384535342455, "max": 0.118224821985, "dmean2": 0.0240113008767, "median": 0.0296277776361, "dvar": 0.000191683488083}, "bpm_histogram_second_peak_weight": {"dvar2": 0, "var": 0, "min": 0.0331262946129, "dmean": 0, "mean": 0.0331262946129, "max": 0.0331262946129, "dmean2": 0, "median": 0.0331262946129, "dvar": 0}, "bpm_histogram_second_peak_spread": {"dvar2": 0, "var": 0, "min": 0.407407402992, "dmean": 0, "mean": 0.407407402992, "max": 0.407407402992, "dmean2": 0, "median": 0.407407402992, "dvar": 0}, "bpm_histogram_second_peak_bpm": {"dvar2": 0, "var": 0, "min": 136, "dmean": 0, "mean": 136, "max": 136, "dmean2": 0, "median": 136, "dvar": 0}, "onset_rate": 3.51682114601}, "lowlevel": {"spectral_energyband_high": {"dvar2": 1.95399734366e-05, "var": 1.36024082167e-05, "min": 7.48350784853e-21, "dmean": 0.00131578173023, "mean": 0.00237708934583, "max": 0.0307312011719, "dmean2": 0.00196630321443, "median": 0.000921181752346, "dvar": 9.10888775252e-06}, "spectral_energyband_middle_low": {"dvar2": 0.000191058061318, "var": 0.000140722375363, "min": 3.6905073994e-22, "dmean": 0.00435712607577, "mean": 0.00938882771879, "max": 0.105576038361, "dmean2": 0.00690622348338, "median": 0.00590195087716, "dvar": 7.96304811956e-05}, "spectral_energy": {"dvar2": 0.000446575664682, "var": 0.000534791441169, "min": 1.04303210093e-20, "dmean": 0.00882626418024, "mean": 0.0254427772015, "max": 0.189113557339, "dmean2": 0.0135944141075, "median": 0.0200509745628, "dvar": 0.000195217886358}, "spectral_spread": {"dvar2": 4158232723460.0, "var": 5301044510720.0, "min": 738202.5, "dmean": 853099.6875, "mean": 5846038, "max": 42667348, "dmean2": 1265381.625, "median": 5545117.5, "dvar": 2297103384580.0}, "spectral_energyband_low": {"dvar2": 0.000211458682315, "var": 0.000142645701999, "min": 1.49420882983e-22, "dmean": 0.00499297492206, "mean": 0.00931365042925, "max": 0.123921409249, "dmean2": 0.00803382135928, "median": 0.00594610814005, "dvar": 8.02595677669e-05}, "spectral_rolloff": {"dvar2": 7864574.5, "var": 7168447.5, "min": 43.06640625, "dmean": 1089.36950684, "mean": 2591.84985352, "max": 18755.4199219, "dmean2": 1823.95849609, "median": 1744.18945312, "dvar": 3784687}, "barkbands": {"dvar2": [1.00867737274e-06, 9.3982758699e-05, 5.21177316841e-05, 2.93170760415e-05, 4.39134564658e-05, 2.7230798878e-05, 5.91676825934e-06, 3.33394655172e-06, 2.90581806439e-06, 3.78482332053e-06, 3.34136575475e-06, 2.22773860514e-06, 2.56396060649e-06, 1.08832625756e-06, 7.09313326297e-07, 2.17811589209e-07, 1.93178664176e-07, 2.45751238026e-07, 1.62090401545e-07, 7.85447866747e-08, 1.08068519467e-07, 1.32980972012e-07, 3.77792105155e-07, 3.74923979507e-06, 1.34705624077e-06, 9.59556018643e-07, 4.45165966312e-08], "var": [1.65110725447e-06, 6.75162809785e-05, 2.21467216761e-05, 1.05856624941e-05, 1.91833551071e-05, 1.33392377393e-05, 3.81448217013e-06, 3.11809617415e-06, 1.31827982841e-06, 3.03968408844e-06, 1.55754173647e-06, 1.24881796637e-06, 1.35828361181e-06, 4.92025606036e-07, 5.89263549955e-07, 2.19874408458e-07, 1.42150625493e-07, 2.8398375207e-07, 2.5763088729e-07, 9.13768687383e-08, 1.53593830987e-07, 1.86872966879e-07, 3.774663071e-07, 2.0165953174e-06, 6.22962659236e-07, 2.35436729668e-07, 1.03298845033e-08], "min": [1.32056735484e-23, 1.22747829703e-22, 7.70827544928e-24, 9.69237422188e-24, 8.02087452029e-23, 7.91078803433e-23, 3.52655976276e-23, 5.70317467502e-23, 8.72013471063e-23, 7.97067519881e-23, 4.70921277434e-23, 5.79912414247e-23, 1.42376620157e-22, 1.04041886602e-22, 1.33261540656e-22, 1.33818047315e-22, 2.00197398206e-22, 1.79985292445e-22, 2.97623007422e-22, 2.96254226466e-22, 3.67914224879e-22, 5.66242338284e-22, 5.02926418277e-22, 8.53170562776e-22, 1.10507755351e-21, 1.63706283074e-21, 2.46638237968e-21], "dmean": [0.00040323700523, 0.00312541984022, 0.00204404490069, 0.00136050896253, 0.00183313689195, 0.00120691861957, 0.000707092287485, 0.000624462380074, 0.000400972785428, 0.000800041947514, 0.000369162851712, 0.000426267768489, 0.000509461853653, 0.00030000359402, 0.000303569191601, 0.000150709500303, 0.000146632097312, 0.00018172293494, 0.000147692626342, 0.000105397964944, 0.000131485561724, 0.000132083601784, 0.000208491212106, 0.000455826026155, 0.000304925546516, 0.000173246531631, 3.44931831933e-05], "mean": [0.000736858055461, 0.00479559088126, 0.00289647653699, 0.00160579499789, 0.00248866761103, 0.0022345345933, 0.00109155883547, 0.00108389207162, 0.000535814266186, 0.00125494087115, 0.000518007727806, 0.000612277479377, 0.000803073926363, 0.000439948460553, 0.000534365535714, 0.000284920155536, 0.000285774818622, 0.000408768857596, 0.000365492829587, 0.000251327815931, 0.000335335120326, 0.000311271112878, 0.000402694189688, 0.000585591129493, 0.000356705131708, 0.000187707293662, 3.53558352799e-05], "max": [0.0106188487262, 0.0873941928148, 0.072491556406, 0.058710962534, 0.0688459351659, 0.0660076513886, 0.0250328853726, 0.0194023940712, 0.0180373433977, 0.0279871504754, 0.079365067184, 0.0146166794002, 0.0239743925631, 0.0124576287344, 0.00818133261055, 0.00764021603391, 0.00504732411355, 0.00982608087361, 0.0105881793424, 0.0027117675636, 0.00313006876968, 0.00397400651127, 0.0059275245294, 0.0141040524468, 0.00738817080855, 0.00702803069726, 0.00156178197358], "dmean2": [0.000630375638139, 0.00500081572682, 0.00346086849459, 0.00234672171064, 0.00299818534404, 0.00196221121587, 0.00116333016194, 0.000974536000285, 0.000670759414788, 0.00129755737726, 0.000602993764915, 0.000715014350135, 0.000837400206365, 0.000513532257173, 0.000495412270539, 0.000251886696788, 0.000247195333941, 0.000299781910144, 0.000242250796873, 0.000171280014911, 0.000207557153772, 0.000199508154765, 0.000316755467793, 0.00069793779403, 0.000478867295897, 0.00029374557198, 6.08909758739e-05], "median": [0.000249305885518, 0.002191595966, 0.00112989929039, 0.000475056673167, 0.00109425932169, 0.00118191330694, 0.000307898997562, 0.000383644190151, 0.000117476156447, 0.000624301144853, 0.000182575226063, 0.000235090890783, 0.000441706913989, 0.000196822817088, 0.000271243363386, 0.000134078989504, 0.000174033732037, 0.000280223757727, 0.000207972392673, 0.000142012228025, 0.000217506298213, 0.000101640463981, 0.000166284269653, 0.000141860626172, 0.000100827412098, 7.03870173311e-05, 1.21856182886e-05], "dvar": [4.20983781169e-07, 3.64423176507e-05, 1.89526908798e-05, 1.05901071947e-05, 1.73823864316e-05, 1.06876323116e-05, 2.3139930363e-06, 1.36355447466e-06, 1.0788083955e-06, 1.52037489443e-06, 1.37083793561e-06, 8.17496527361e-07, 9.69407324192e-07, 3.69055698002e-07, 2.71779867944e-07, 8.55085673379e-08, 7.16099819442e-08, 9.61644062158e-08, 6.38318908841e-08, 3.36543095614e-08, 4.93805316637e-08, 6.71026825216e-08, 1.84983960594e-07, 1.73605485543e-06, 5.7939701037e-07, 3.47721623939e-07, 1.60605875266e-08]}, "melbands_skewness": {"dvar2": 3.17572116852, "var": 4.12486505508, "min": -7.7393245697, "dmean": 0.808427095413, "mean": 2.49370622635, "max": 34.3884620667, "dmean2": 1.24811220169, "median": 2.24355149269, "dvar": 1.39320003986}, "barkbands_skewness": {"dvar2": 3.05963587761, "var": 2.54178524017, "min": -7.5008058548, "dmean": 0.584602057934, "mean": 1.23831784725, "max": 36.6954193115, "dmean2": 0.897750198841, "median": 1.08741784096, "dvar": 1.25002944469}, "erbbands": {"dvar2": [0.113191597164, 5.12687349319, 49.9195556641, 186.358612061, 521.587646484, 468.20211792, 748.44744873, 2461.30859375, 1245.7467041, 1058.9083252, 2470.20532227, 1387.32299805, 2693.81518555, 4572.83251953, 3875.16943359, 5482.60644531, 4127.79980469, 3863.02026367, 2427.31591797, 417.736480713, 606.057128906, 407.220153809, 657.154174805, 347.36730957, 515.606750488, 185.469604492, 213.643493652, 185.670440674, 186.994857788, 213.212783813, 347.951751709, 1325.94714355, 1070.95812988, 204.52180481, 68.2469940186, 16.9571819305, 3.85626769066, 0.179351061583, 0.00116236775648, 3.00818214782e-07], "var": [0.130049735308, 2.4541990757, 23.0352363586, 72.3522109985, 210.745788574, 170.513870239, 702.073120117, 1036.01025391, 916.28326416, 570.091369629, 2162.41674805, 678.707763672, 2552.43286133, 3162.28515625, 2044.83825684, 3036.00927734, 2285.68701172, 2100.46240234, 1928.3984375, 488.018127441, 590.618164062, 328.702423096, 756.051452637, 510.694366455, 693.17175293, 228.736709595, 286.026672363, 237.901077271, 233.402511597, 249.204605103, 318.010986328, 716.032409668, 560.005615234, 114.59980011, 24.3749732971, 4.79145240784, 0.885776996613, 0.0410043783486, 0.000262646208284, 7.22721935631e-08], "min": [4.07761227508e-21, 2.43014774911e-20, 1.65845851564e-20, 3.02887109311e-20, 1.82995809822e-19, 1.88839698678e-19, 6.51184909138e-19, 4.99934675638e-19, 6.24384464086e-19, 4.86882075765e-19, 1.46362061368e-18, 1.96355037794e-18, 2.46785572083e-18, 2.0885795547e-18, 2.30295933367e-18, 2.03119472689e-18, 5.57995030841e-18, 7.57757577129e-18, 4.23125878942e-18, 7.12252965426e-18, 9.99458097756e-18, 1.08970962372e-17, 7.86847534039e-18, 1.36007211801e-17, 1.45602267024e-17, 1.42333249243e-17, 1.68582055816e-17, 1.343687159e-17, 2.01317132988e-17, 1.76098596412e-17, 1.57129260471e-17, 1.40307897514e-17, 1.67344146942e-17, 1.444139559e-17, 7.24609472134e-18, 5.03507609916e-18, 3.57701724112e-18, 1.07763663317e-18, 3.83788436372e-19, 3.70809235854e-20], "dmean": [0.120319493115, 0.620947659016, 1.98442518711, 3.63009881973, 5.86799287796, 5.61644506454, 9.50563049316, 9.79750537872, 10.7237005234, 8.22734355927, 16.5217208862, 9.23432922363, 14.8067340851, 27.2728767395, 13.1557664871, 20.0997867584, 20.453666687, 21.0933666229, 17.4761810303, 7.36769247055, 7.76879739761, 6.55331659317, 9.97139644623, 6.64885473251, 7.63044691086, 5.19859933853, 5.83514738083, 5.13378286362, 4.74012756348, 5.00294017792, 6.27920866013, 8.79837417603, 7.66012382507, 3.93642663956, 1.88190042973, 0.837885499001, 0.314078778028, 0.0706405639648, 0.00515932310373, 9.3418166216e-05], "mean": [0.197820916772, 0.866746664047, 3.00996875763, 4.8550825119, 6.39049863815, 6.90801620483, 18.9171352386, 15.3347139359, 18.3704166412, 12.1169519424, 27.5377082825, 13.9118185043, 24.550453186, 42.0749397278, 21.138923645, 29.7619800568, 33.8565101624, 34.5500907898, 30.399471283, 15.8836088181, 16.1837368011, 14.7739076614, 22.7853965759, 17.0665149689, 17.8112697601, 12.8196973801, 14.5425548553, 12.7611207962, 10.983335495, 9.90137577057, 11.9474487305, 12.4401874542, 9.30737304688, 4.78189516068, 2.06549620628, 0.957441329956, 0.297110259533, 0.079568952322, 0.00486880773678, 0.000118635653052], "max": [3.9824461937, 22.8471317291, 64.2017745972, 162.572906494, 229.384841919, 194.169372559, 335.348937988, 659.447509766, 413.799987793, 307.176239014, 539.749450684, 381.578582764, 1290.0513916, 695.861999512, 2855.58129883, 750.11895752, 955.471496582, 730.186462402, 498.641235352, 357.679443359, 428.856292725, 197.685638428, 421.531188965, 256.120025635, 657.72833252, 149.341400146, 152.413101196, 132.547302246, 168.013946533, 157.332748413, 184.808181763, 282.881958008, 235.802429199, 95.6646652222, 58.1796989441, 29.9124259949, 13.7132997513, 3.39115428925, 0.231725752354, 0.00375558692031], "dmean2": [0.185815960169, 1.02134776115, 3.32728362083, 6.17630386353, 9.78560447693, 9.42055797577, 14.6004104614, 16.4356040955, 17.5997505188, 13.6780519485, 25.5862789154, 15.4397640228, 23.4050502777, 44.867515564, 21.177526474, 33.6481399536, 33.5531005859, 35.5018882751, 28.5868778229, 12.0150823593, 13.0161876678, 10.9250001907, 16.4519615173, 10.707572937, 12.5933856964, 8.47798061371, 9.42600917816, 8.04136371613, 7.1569943428, 7.44504642487, 9.66061210632, 13.5744934082, 11.7317752838, 6.11112833023, 3.01310753822, 1.39101135731, 0.540907025337, 0.1231674999, 0.00911481119692, 0.000159204428201], "median": [0.0706221833825, 0.385497838259, 1.21536099911, 2.06035017967, 1.57226645947, 2.95286464691, 9.64995002747, 5.7239689827, 5.86190652847, 3.72210526466, 9.88475513458, 4.34638929367, 9.0400390625, 22.2434864044, 10.9444847107, 11.9429931641, 19.5722160339, 19.8712940216, 15.1595811844, 9.42912006378, 8.35899925232, 10.0086069107, 16.699842453, 10.0054340363, 10.2222108841, 7.47176218033, 9.16906642914, 7.26217985153, 4.4015378952, 2.33016037941, 5.5375957489, 2.73846101761, 2.46695232391, 1.5081076622, 0.389829218388, 0.354709357023, 0.0698314681649, 0.0389949791133, 0.00157301372383, 6.2321749283e-05], "dvar": [0.0502868779004, 1.87654387951, 18.5245742798, 67.2557449341, 204.616027832, 179.872421265, 306.411315918, 951.514404297, 483.68850708, 428.667755127, 1021.07415771, 514.73815918, 1177.56298828, 1765.15869141, 1681.08154297, 2004.76953125, 1587.48791504, 1376.23608398, 939.893066406, 169.829986572, 234.580383301, 154.243881226, 253.381973267, 137.429489136, 197.706726074, 79.145111084, 92.6225662231, 83.3339385986, 91.4615707397, 109.728393555, 163.96685791, 597.270935059, 495.179260254, 96.313369751, 26.7438678741, 6.29595041275, 1.3815612793, 0.0644254758954, 0.000418244162574, 1.08823883238e-07]}, "silence_rate_30dB": {"dvar2": 0.0306457933038, "var": 0.00650645699352, "min": 0, "dmean": 0.0110581833869, "mean": 0.993450701237, "max": 1, "dmean2": 0.0221182480454, "median": 1, "dvar": 0.0109357414767}, "melbands_spread": {"dvar2": 631.309692383, "var": 435.306060791, "min": 0.103866815567, "dmean": 10.4091730118, "mean": 33.0474014282, "max": 241.748809814, "dmean2": 16.5058269501, "median": 30.3439865112, "dvar": 265.699523926}, "melbands_crest": {"dvar2": 24.6698856354, "var": 54.5095939636, "min": 3.189016819, "dmean": 3.45941162109, "mean": 15.176656723, "max": 38.5344276428, "dmean2": 5.55113267899, "median": 13.0898828506, "dvar": 10.3667058945}, "zerocrossingrate": {"dvar2": 0.00100503535941, "var": 0.00341458758339, "min": 0.001953125, "dmean": 0.0182330012321, "mean": 0.0979033187032, "max": 0.5166015625, "dmean2": 0.0222861859947, "median": 0.08935546875, "dvar": 0.000758473936003}, "barkbands_kurtosis": {"dvar2": 3291.61621094, "var": 1273.53918457, "min": -1.94233846664, "dmean": 3.98596358299, "mean": 4.28259325027, "max": 1648.00512695, "dmean2": 6.46890497208, "median": 0.553290605545, "dvar": 1224.74841309}, "spectral_flux": {"dvar2": 0.00150049466174, "var": 0.0026790802367, "min": 1.0212894419e-10, "dmean": 0.0222028158605, "mean": 0.0796262919903, "max": 0.364935815334, "dmean2": 0.0341671481729, "median": 0.0709555000067, "dvar": 0.000750396226067}, "barkbands_crest": {"dvar2": 12.2637052536, "var": 20.6904792786, "min": 2.28499889374, "dmean": 2.35128521919, "mean": 8.83033275604, "max": 26.7944316864, "dmean2": 3.83946752548, "median": 7.5505771637, "dvar": 5.07345628738}, "barkbands_flatness_db": {"dvar2": 0.00144064414781, "var": 0.0074638533406, "min": 0.0160115547478, "dmean": 0.0201936941594, "mean": 0.111990451813, "max": 0.655373573303, "dmean2": 0.0307057220489, "median": 0.0805256664753, "dvar": 0.000697096576914}, "spectral_entropy": {"dvar2": 0.106295026839, "var": 0.407817870378, "min": 4.36852741241, "dmean": 0.172921106219, "mean": 7.70869636536, "max": 9.79917812347, "dmean2": 0.25196531415, "median": 7.82751560211, "dvar": 0.060485444963}, "pitch_salience": {"dvar2": 0.00968758109957, "var": 0.0201372243464, "min": 0.0114550758153, "dmean": 0.07098262012, "mean": 0.52495098114, "max": 0.952504694462, "dmean2": 0.112709581852, "median": 0.543282091618, "dvar": 0.00437010312453}, "erbbands_spread": {"dvar2": 286.434143066, "var": 410.539245605, "min": 0.307397335768, "dmean": 10.0765914917, "mean": 43.1742858887, "max": 175.912857056, "dmean2": 15.8339824677, "median": 42.2323417664, "dvar": 121.404602051}, "dynamic_complexity": 4.47443342209, "spectral_contrast_valleys": {"dvar2": [0.337041914463, 0.376255363226, 0.24057303369, 0.140870943666, 0.145905330777, 0.639000952244], "var": [4.34987545013, 3.12188458443, 2.23909235001, 2.17383551598, 3.01601052284, 4.4017739296], "min": [-27.9516067505, -27.1170978546, -26.5894107819, -27.445098877, -27.283996582, -27.1957778931], "dmean": [0.412752538919, 0.417853444815, 0.345994234085, 0.269410967827, 0.227337539196, 0.428087294102], "mean": [-7.90172338486, -7.32859420776, -7.63609457016, -7.95873355865, -7.82457971573, -10.4666147232], "max": [-5.0456738472, -4.24421834946, -5.0446562767, -5.67824935913, -5.60652399063, -7.06449317932], "dmean2": [0.662968158722, 0.676098287106, 0.555509269238, 0.423395454884, 0.341723531485, 0.558133482933], "median": [-7.16116046906, -6.93515777588, -7.31383562088, -7.57119655609, -7.21415758133, -10.1308164597], "dvar": [0.163950890303, 0.16964404285, 0.113351464272, 0.0783581212163, 0.0926265195012, 0.44075345993]}, "hfc": {"dvar2": 2046.56542969, "var": 1503.36535645, "min": 1.15760459186e-16, "dmean": 14.2975902557, "mean": 31.6174755096, "max": 314.336914062, "dmean2": 21.5182762146, "median": 19.0656661987, "dvar": 928.706604004}, "spectral_kurtosis": {"dvar2": 21.5743045807, "var": 24.7717342377, "min": -1.41846561432, "dmean": 1.24353444576, "mean": 3.47009968758, "max": 118.752471924, "dmean2": 2.00756835938, "median": 2.56325483322, "dvar": 8.96857833862}, "mfcc": {"mean": [-652.520141602, 87.0983963013, 5.70459890366, 5.40230464935, 2.00426149368, 14.3984899521, 7.07573604584, 0.192178621888, -2.19457602501, 1.77802586555, 1.12582540512, 1.95029771328, -1.63435292244], "cov": [[17087.5683594, 1207.93884277, 1126.35058594, 2197.69311523, 467.743591309, -1178.53588867, -465.791687012, 339.033721924, -154.805145264, -116.901145935, -65.6601791382, 86.2013473511, -306.812011719], [1207.93884277, 1482.66088867, -138.926574707, 493.400848389, 88.4076766968, 1.46132361889, 123.611091614, 125.14125061, 93.5020980835, -1.58571648598, 102.446929932, 49.9347000122, 3.00568723679], [1126.35058594, -138.926574707, 542.653137207, 22.8102111816, 119.335868835, -16.2431964874, 52.2305297852, 25.5701618195, -14.7726182938, 86.7850799561, -6.52012062073, 36.242641449, -36.3431587219], [2197.69311523, 493.400848389, 22.8102111816, 849.994873047, 162.897888184, -157.251831055, -106.264450073, 109.329376221, 30.4096317291, -44.613735199, 60.0396881104, 33.3893623352, 6.092710495], [467.743591309, 88.4076766968, 119.335868835, 162.897888184, 222.964004517, 17.1589260101, 49.8747177124, 23.4701557159, 26.6822719574, 20.230966568, 33.1912498474, 29.9800205231, -33.567150116], [-1178.53588867, 1.46132361889, -16.2431964874, -157.251831055, 17.1589260101, 388.340087891, 156.530151367, 45.6235389709, 106.093528748, 145.213302612, 79.8908233643, 45.4011306763, 79.3377380371], [-465.791687012, 123.611091614, 52.2305297852, -106.264450073, 49.8747177124, 156.530151367, 334.166503906, 34.4773521423, 26.8311481476, 91.418182373, 86.5395812988, 77.5357055664, 37.3868408203], [339.033721924, 125.14125061, 25.5701618195, 109.329376221, 23.4701557159, 45.6235389709, 34.4773521423, 230.804779053, 85.2827301025, 26.3897743225, 33.3481559753, 29.140455246, 51.0862579346], [-154.805145264, 93.5020980835, -14.7726182938, 30.4096317291, 26.6822719574, 106.093528748, 26.8311481476, 85.2827301025, 169.474411011, 93.9508209229, 64.3882675171, 24.3557376862, 34.323638916], [-116.901145935, -1.58571648598, 86.7850799561, -44.613735199, 20.230966568, 145.213302612, 91.418182373, 26.3897743225, 93.9508209229, 209.164855957, 90.4105453491, 68.1521606445, 27.0235652924], [-65.6601791382, 102.446929932, -6.52012062073, 60.0396881104, 33.1912498474, 79.8908233643, 86.5395812988, 33.3481559753, 64.3882675171, 90.4105453491, 146.407791138, 77.6408081055, 56.5613212585], [86.2013473511, 49.9347000122, 36.242641449, 33.3893623352, 29.9800205231, 45.4011306763, 77.5357055664, 29.140455246, 24.3557376862, 68.1521606445, 77.6408081055, 117.233856201, 47.3926086426], [-306.812011719, 3.00568723679, -36.3431587219, 6.092710495, -33.567150116, 79.3377380371, 37.3868408203, 51.0862579346, 34.323638916, 27.0235652924, 56.5613212585, 47.3926086426, 157.860519409]], "icov": [[0.000139289317303, -5.308076652e-05, -0.000252596306382, -0.000269251002464, 6.25638858764e-05, 0.00029623194132, 5.58308674954e-05, -0.000137712151627, 9.31489048526e-05, -0.000155615329277, 7.41480180295e-05, -8.7280626758e-05, 0.000125754668261], [-5.308076652e-05, 0.00104164273944, 0.000380154087907, -0.000578583974857, 0.000211872771615, -0.00013511175348, -0.000714086170774, -6.28715351922e-05, -0.000490671838634, 0.000340621510986, -0.000181963361683, -1.11053714136e-05, 0.00040618411731], [-0.000252596306382, 0.000380154087907, 0.00321498815902, 0.000502288574353, -0.00170529540628, 0.000150209132698, -0.00040046221693, -0.000440803094534, 0.000897752703167, -0.00189921725541, 0.00110976060387, -8.97677527973e-05, -0.000218759960262], [-0.000269251002464, -0.000578583974857, 0.000502288574353, 0.00291281146929, -0.00184906180948, 0.000302555592498, 0.00116463878658, -0.000547346950043, 0.000254405720625, 0.000265670736553, -0.00120516796596, 0.000118554242363, -0.00085758510977], [6.25638858764e-05, 0.000211872771615, -0.00170529540628, -0.00184906180948, 0.00756376795471, -0.00109236466233, -0.00117937417235, 0.000523838913068, -0.00160640629474, 0.00199763663113, -0.000886255060323, -0.00130881741643, 0.00278125866316], [0.00029623194132, -0.00013511175348, 0.000150209132698, 0.000302555592498, -0.00109236466233, 0.00573585787788, -0.0012061544694, -0.000445418729214, -0.00100642198231, -0.00298648350872, 0.000489227939397, 0.00103912549093, -0.00184116908349], [5.58308674954e-05, -0.000714086170774, -0.00040046221693, 0.00116463878658, -0.00117937417235, -0.0012061544694, 0.0053681419231, -0.000849019910675, 0.00183121790178, -0.000405919970945, -0.00183375517372, -0.0014942320995, 0.000120722244901], [-0.000137712151627, -6.28715351922e-05, -0.000440803094534, -0.000547346950043, 0.000523838913068, -0.000445418729214, -0.000849019910675, 0.00655613280833, -0.00381754827686, 0.0014914519852, 0.00107779877726, -0.000787853787187, -0.00150707364082], [9.31489048526e-05, -0.000490671838634, 0.000897752703167, 0.000254405720625, -0.00160640629474, -0.00100642198231, 0.00183121790178, -0.00381754827686, 0.0121557042003, -0.00486528035253, -0.00247535668314, 0.00238708290271, -0.000286675232928], [-0.000155615329277, 0.000340621510986, -0.00189921725541, 0.000265670736553, 0.00199763663113, -0.00298648350872, -0.000405919970945, 0.0014914519852, -0.00486528035253, 0.0120364949107, -0.0037806504406, -0.00332002830692, 0.00213148305193], [7.41480180295e-05, -0.000181963361683, 0.00110976060387, -0.00120516796596, -0.000886255060323, 0.000489227939397, -0.00183375517372, 0.00107779877726, -0.00247535668314, -0.0037806504406, 0.0157476365566, -0.00563476327807, -0.00266453856602], [-8.7280626758e-05, -1.11053714136e-05, -8.97677527973e-05, 0.000118554242363, -0.00130881741643, 0.00103912549093, -0.0014942320995, -0.000787853787187, 0.00238708290271, -0.00332002830692, -0.00563476327807, 0.0161559507251, -0.00316842691973], [0.000125754668261, 0.00040618411731, -0.000218759960262, -0.00085758510977, 0.00278125866316, -0.00184116908349, 0.000120722244901, -0.00150707364082, -0.000286675232928, 0.00213148305193, -0.00266453856602, -0.00316842691973, 0.0101333539933]]}, "silence_rate_20dB": {"dvar2": 0, "var": 0, "min": 1, "dmean": 0, "mean": 1, "max": 1, "dmean2": 0, "median": 1, "dvar": 0}, "melbands_kurtosis": {"dvar2": 5662.1171875, "var": 2560.26342773, "min": -1.95761394501, "dmean": 8.60214233398, "mean": 13.4929447174, "max": 1801.80639648, "dmean2": 13.6638650894, "median": 6.26828384399, "dvar": 2193.13085938}, "barkbands_spread": {"dvar2": 258.965026855, "var": 267.198425293, "min": 0.0561776384711, "dmean": 8.27794361115, "mean": 33.132068634, "max": 134.433837891, "dmean2": 12.8527669907, "median": 31.6516990662, "dvar": 120.279281616}, "erbbands_skewness": {"dvar2": 0.625771999359, "var": 0.809190571308, "min": -5.27990293503, "dmean": 0.411680281162, "mean": 0.306756168604, "max": 9.30072116852, "dmean2": 0.646319508553, "median": 0.226025745273, "dvar": 0.268575996161}, "average_loudness": 0.814830958843, "spectral_centroid": {"dvar2": 569302.8125, "var": 630234.375, "min": 71.104927063, "dmean": 335.24041748, "mean": 1791.38195801, "max": 10904.0859375, "dmean2": 518.762329102, "median": 1705.71337891, "dvar": 278427.96875}, "dissonance": {"dvar2": 0.00186378986109, "var": 0.0009955446003, "min": 0.136654391885, "dmean": 0.0211659166962, "mean": 0.46429374814, "max": 0.499999821186, "dmean2": 0.0362952575088, "median": 0.472418904305, "dvar": 0.000655415002257}, "erbbands_flatness_db": {"dvar2": 0.0009763771086, "var": 0.00515119358897, "min": 0.0414624176919, "dmean": 0.0179842207581, "mean": 0.142643511295, "max": 0.517095923424, "dmean2": 0.0278886817396, "median": 0.116789504886, "dvar": 0.000431973254308}, "spectral_strongpeak": {"dvar2": 1.79919815063, "var": 0.82262891531, "min": 0, "dmean": 0.50907099247, "mean": 0.735526382923, "max": 12.9664583206, "dmean2": 0.890668928623, "median": 0.369175851345, "dvar": 0.690493583679}, "spectral_rms": {"dvar2": 1.8716385739e-06, "var": 5.00234000356e-06, "min": 3.18997237479e-12, "dmean": 0.000769931240939, "mean": 0.00445195427164, "max": 0.013583115302, "dmean2": 0.00117198284715, "median": 0.00442288676277, "dvar": 8.5889513457e-07}, "silence_rate_60dB": {"dvar2": 0.052672047168, "var": 0.0905029922724, "min": 0, "dmean": 0.0229669958353, "mean": 0.100620903075, "max": 1, "dmean2": 0.0459378995001, "median": 0, "dvar": 0.022445064038}, "melbands": {"dvar2": [7.39003735362e-06, 9.81821904134e-06, 5.45424654774e-06, 2.8003278203e-06, 7.49268281197e-07, 1.13129897272e-06, 2.78600310821e-07, 1.03531405671e-07, 1.79378488951e-07, 4.80792294866e-08, 6.63512338406e-08, 8.22070873596e-08, 6.48239151246e-08, 2.61735841889e-08, 1.04799671163e-08, 4.59302924583e-08, 1.10704654332e-08, 5.56688561915e-09, 1.61225721662e-09, 1.31104171963e-09, 1.08462860915e-09, 5.0078985403e-10, 6.75030809028e-10, 9.66494106969e-10, 2.57189380903e-10, 4.57592630454e-10, 8.46487810402e-11, 9.85702977574e-11, 1.27685612084e-10, 8.28675808529e-11, 8.56232654223e-11, 7.84787027031e-11, 5.60756475976e-11, 9.21788825825e-11, 9.71963204366e-11, 2.68564004369e-10, 6.427232635e-10, 6.91172008516e-10, 2.73217531932e-10, 1.25106369708e-10], "var": [6.87827423462e-06, 4.74742000733e-06, 2.3338527626e-06, 1.06482059437e-06, 6.19359923348e-07, 4.95014830904e-07, 2.03097812346e-07, 6.05784507002e-08, 1.32054239543e-07, 2.63318629123e-08, 6.2391691813e-08, 5.64890605403e-08, 2.91086799109e-08, 1.58146313822e-08, 5.78552050712e-09, 2.35815633687e-08, 6.06186345564e-09, 4.4006736033e-09, 1.49789225468e-09, 1.34262456708e-09, 8.74331440581e-10, 3.57083584923e-10, 5.7900195749e-10, 1.03687780584e-09, 3.14493237008e-10, 5.90156590263e-10, 1.01349574566e-10, 1.06677687517e-10, 1.38157707497e-10, 8.41086575387e-11, 9.36192373624e-11, 8.57828044709e-11, 6.24599399979e-11, 9.24794824053e-11, 9.69255092853e-11, 1.60484042722e-10, 3.33009619879e-10, 3.5169137047e-10, 1.48647996689e-10, 6.64351559876e-11], "min": [3.62299516852e-23, 1.81486302265e-23, 7.98476646339e-24, 1.56236079535e-23, 1.85036018567e-23, 1.20617850039e-23, 8.97460309485e-24, 6.61908573111e-24, 1.27438625415e-23, 1.24355480896e-23, 1.26064161506e-23, 8.84859124271e-24, 7.82691145195e-24, 5.88836466346e-24, 5.9679516569e-24, 1.65376658176e-23, 1.36255416097e-23, 5.16928047746e-24, 1.12249865992e-23, 6.24198852474e-24, 1.40424829971e-23, 1.2700921687e-23, 5.63612402243e-24, 9.54095631543e-24, 1.11885451697e-23, 1.05289801445e-23, 9.07583682596e-24, 1.03400842453e-23, 1.00342263063e-23, 1.08470662165e-23, 6.18727234349e-24, 1.02793293339e-23, 1.20100365174e-23, 9.15149489766e-24, 8.73137992283e-24, 9.34869671333e-24, 7.63461713997e-24, 1.10211315306e-23, 1.14276512766e-23, 1.28122315385e-23], "dmean": [0.000938254932407, 0.000901684805285, 0.000646601140033, 0.000423446210334, 0.000298559258226, 0.000218608707655, 0.000159915580298, 8.75344703672e-05, 0.000130934931803, 5.59272230021e-05, 7.48733364162e-05, 0.000115480746899, 4.57293026557e-05, 4.97964501847e-05, 3.11568182951e-05, 6.84787373757e-05, 3.32303970936e-05, 2.66342303803e-05, 1.46277307067e-05, 1.1490930774e-05, 9.97179358819e-06, 7.29419298295e-06, 1.00949446278e-05, 9.45007923292e-06, 5.64639549339e-06, 7.12307519279e-06, 3.40820270139e-06, 3.87884301745e-06, 4.58967042505e-06, 3.12977408612e-06, 3.54121425516e-06, 2.99410362459e-06, 2.61723153017e-06, 3.16859745908e-06, 3.54582584805e-06, 4.34234698332e-06, 6.09117842032e-06, 6.07464744462e-06, 4.05240643886e-06, 3.14646968036e-06], "mean": [0.00152575387619, 0.0014198400313, 0.000888710084837, 0.000461928313598, 0.000570714706555, 0.000358573190169, 0.000271968339803, 0.000136663380545, 0.00021015467064, 8.14450686448e-05, 0.000122054101666, 0.000174151908141, 6.68432548991e-05, 7.48374004615e-05, 4.90684833494e-05, 0.000104462815216, 5.25744399056e-05, 4.50800871477e-05, 2.78689822153e-05, 2.12867889786e-05, 1.84571399586e-05, 1.41446707858e-05, 2.01615384867e-05, 1.99165915546e-05, 1.24818861877e-05, 1.54958870553e-05, 7.93658637122e-06, 8.60583350004e-06, 1.01506293504e-05, 6.71735415381e-06, 8.08112781669e-06, 6.55568055663e-06, 5.24830556969e-06, 5.71553891859e-06, 6.86050498189e-06, 6.70681993142e-06, 8.12664075056e-06, 7.43452528695e-06, 4.52296944786e-06, 3.86772899219e-06], "max": [0.0283275693655, 0.0264111533761, 0.0273073501885, 0.0170555599034, 0.00970979500562, 0.0139196878299, 0.00597606413066, 0.00309325940907, 0.00510560441762, 0.00221546087414, 0.00624224776402, 0.00242611533031, 0.0125903440639, 0.00161659019068, 0.000999654061161, 0.00320424931124, 0.00125165621284, 0.000789842102677, 0.00045