{"tonal": {"thpcp": [1, 0.568303108215, 0.110666908324, 0.0552985593677, 0.0774423778057, 0.193928271532, 0.270630836487, 0.182542473078, 0.16209076345, 0.197230607271, 0.114425428212, 0.0593582615256, 0.0609613358974, 0.0922644883394, 0.221655964851, 0.257285565138, 0.179625615478, 0.22811883688, 0.192183345556, 0.125348106027, 0.439695864916, 0.63717007637, 0.345938712358, 0.190673053265, 0.22458973527, 0.13277733326, 0.0673546642065, 0.0676202103496, 0.0860088765621, 0.236194208264, 0.300115019083, 0.163265869021, 0.131557196379, 0.169711828232, 0.195217013359, 0.623069226742], "hpcp": {"dmean2": [0.0975281596184, 0.106667399406, 0.101145222783, 0.118597321212, 0.175803676248, 0.248372524977, 0.21426461637, 0.217598304152, 0.116171933711, 0.0682263448834, 0.0796260237694, 0.110936060548, 0.14236959815, 0.127162471414, 0.108922317624, 0.112248554826, 0.0757354795933, 0.0539952032268, 0.05699981004, 0.0773930028081, 0.106814555824, 0.113000951707, 0.100240886211, 0.125315755606, 0.116261690855, 0.111445143819, 0.18484890461, 0.202318683267, 0.184565246105, 0.123241692781, 0.0893340110779, 0.0835672914982, 0.0575109161437, 0.0557896532118, 0.0758111849427, 0.100571714342], "median": [0.0124934604391, 0.0121083715931, 0.00867730937898, 0.00902044028044, 0.0232134182006, 0.236787885427, 0.380745470524, 0.173489481211, 0.0106229037046, 0.00171010103077, 0.00246360898018, 0.0190883092582, 0.0344483107328, 0.0238892659545, 0.0141177456826, 0.0127529129386, 0.00813059136271, 0.00694456230849, 0.006914970465, 0.00619674660265, 0.0107061248273, 0.0120627433062, 0.0274566356093, 0.0249873735011, 0.0197588857263, 0.00912189204246, 0.0864136889577, 0.146841540933, 0.0789881199598, 0.00679194554687, 0.00251259980723, 0.00312821846455, 0.00578876025975, 0.00581824406981, 0.007651317399, 0.0109683163464], "min": [0, 0, 0, 0, 0, 0, 0, 0, 0, 0, 0, 0, 0, 0, 0, 0, 0, 0, 0, 0, 0, 0, 0, 0, 0, 0, 0, 0, 0, 0, 0, 0, 0, 0, 0, 0], "dvar2": [0.0438430905342, 0.0477960035205, 0.0506076253951, 0.0612740144134, 0.0941722169518, 0.0879050865769, 0.0881508439779, 0.0801795646548, 0.0542995110154, 0.04207476601, 0.0498934015632, 0.0506683513522, 0.0686407536268, 0.0659841150045, 0.0539689660072, 0.0638730302453, 0.0338908471167, 0.0308297164738, 0.0356419049203, 0.0419762060046, 0.0585761703551, 0.0605446174741, 0.0419779270887, 0.056273765862, 0.0543704368174, 0.0620490387082, 0.0781153142452, 0.0863610506058, 0.0832849964499, 0.0631969198585, 0.0502377413213, 0.0445707328618, 0.0277595799416, 0.0305973980576, 0.036259111017, 0.0479326359928], "dvar": [0.0196349881589, 0.0180500335991, 0.0184880588204, 0.0230482034385, 0.0335280708969, 0.0322372689843, 0.0395019426942, 0.0288044828922, 0.0189638584852, 0.0142814796418, 0.0174173749983, 0.0206230282784, 0.0286291912198, 0.024482300505, 0.0216631144285, 0.0270856264979, 0.0135000953451, 0.0108853727579, 0.0123532591388, 0.0153301963583, 0.0233636945486, 0.0258366558701, 0.0164222922176, 0.0216230470687, 0.0199555438012, 0.0227530822158, 0.0315591320395, 0.0380637980998, 0.0303654354066, 0.0235488638282, 0.0216748919338, 0.0161699894816, 0.00986582413316, 0.0110016642138, 0.0125989979133, 0.0183995440602], "dmean": [0.0581632107496, 0.0616124086082, 0.0571613125503, 0.0673168078065, 0.0983648747206, 0.143867209554, 0.12764441967, 0.127691656351, 0.0628333613276, 0.0365595072508, 0.0440570525825, 0.0666880905628, 0.0857497826219, 0.0743461698294, 0.0629699155688, 0.0667603164911, 0.0454110577703, 0.0301883146167, 0.0320754721761, 0.0444420687854, 0.0623898617923, 0.0677288994193, 0.0591796450317, 0.0718555524945, 0.0658477842808, 0.0628955736756, 0.110031858087, 0.123965114355, 0.107876069844, 0.0701047629118, 0.0522339940071, 0.0478470996022, 0.0327545776963, 0.0318614318967, 0.0423578508198, 0.0585369691253], "max": [1, 1, 1, 1, 1, 1, 1, 1, 1, 1, 1, 1, 1, 1, 1, 1, 1, 1, 1, 1, 1, 1, 1, 1, 1, 1, 1, 1, 1, 1, 1, 1, 1, 1, 1, 1], "var": [0.0858760774136, 0.0243528243154, 0.0229210667312, 0.037204567343, 0.0338582731783, 0.0755087435246, 0.168142601848, 0.0751546993852, 0.0161946490407, 0.00983569957316, 0.0164575539529, 0.0365619026124, 0.0536101870239, 0.0285812523216, 0.0306822434068, 0.0446928478777, 0.0182327907532, 0.00905925501138, 0.00943058729172, 0.016299938783, 0.0551489666104, 0.0658178329468, 0.0238515418023, 0.036011852324, 0.0282091833651, 0.0236723441631, 0.0754872411489, 0.122598156333, 0.04610324651, 0.0428182557225, 0.071274086833, 0.0273066479713, 0.00897492840886, 0.0101296249777, 0.0107216360047, 0.0564008951187], "mean": [0.147345498204, 0.0801575705409, 0.0645897686481, 0.083322301507, 0.0958444178104, 0.305904209614, 0.490963429213, 0.279016047716, 0.0543334037066, 0.0271495711058, 0.0380213744938, 0.0952116921544, 0.132869839668, 0.0896216779947, 0.0795806348324, 0.0968330129981, 0.0561787001789, 0.029142735526, 0.0299297869205, 0.0452984906733, 0.108824975789, 0.126317799091, 0.0881896093488, 0.111998006701, 0.0943549945951, 0.0615413375199, 0.215874582529, 0.312827199697, 0.169843256474, 0.0936134979129, 0.110265344381, 0.0651888176799, 0.0330686755478, 0.0331990495324, 0.0422272123396, 0.115962721407]}, "tuning_equal_tempered_deviation": 0.0242806393653, "chords_changes_rate": 0.0508345961571, "key_key": "B", "tuning_diatonic_strength": 0.594899773598, "key_scale": "minor", "chords_number_rate": 0.00189681339543, "tuning_frequency": 440.254241943, "tuning_nontempered_energy_ratio": 0.633567929268, "chords_histogram": [40.9332313538, 3.09180569649, 4.32473421097, 11.0015172958, 0.11380880326, 0.493171483278, 0.284521996975, 15.8194236755, 2.67450690269, 7.0182094574, 1.23292863369, 0, 0, 0.398330807686, 0, 0, 0.208649471402, 0.94840669632, 0, 0.151745066047, 0, 0, 4.38163900375, 6.92336893082], "key_strength": 0.74310708046, "chords_key": "B", "chords_strength": {"dmean2": 0.00764961633831, "median": 0.506898164749, "min": -1, "dvar2": 0.000787536730058, "dvar": 0.000422965473263, "dmean": 0.00838438235223, "max": 0.7456189394, "var": 0.0529626682401, "mean": 0.475972861052}, "chords_scale": "minor", "hpcp_entropy": {"dmean2": 0.940202236176, "median": 1.58504033089, "min": 0, "dvar2": 0.689854085445, "dvar": 0.265536427498, "dmean": 0.557698369026, "max": 3.98149943352, "var": 0.59921091795, "mean": 1.5199842453}}, "metadata": {"audio_properties": {"equal_loudness": 0, "codec": "flac", "downmix": "mix", "analysis_sample_rate": 44100, "bit_rate": 0, "md5_encoded": "16bcf375ff7f7f0673e03179b49b656a", "length": 244.759994507, "replay_gain": -11.4070892334, "lossless": true}, "version": {"essentia_build_sha": "ed039d7e5a6e3dec64cf0be7c36ef885fb432306", "essentia": "2.1-beta1", "extractor": "music 1.0", "essentia_git_sha": "v2.1_beta1-7-ge0e83e8"}, "tags": {"title": ["Where Are We Going From Here"], "barcode": ["693723004327"], "media": ["CD"], "albumartist": ["Blackmore's Night"], "language": ["eng"], "releasetype": ["album"], "musicbrainz_recordingid": ["bdbe877d-187f-4545-83d7-a0332615b3d2"], "mood": ["Eclectic; Calm"], "artistsort": ["Blackmore's Night"], "musicbrainz_albumartistid": ["aeee5fe5-38f5-41bc-8ab8-9f9aa23e4f68"], "replaygain_track_gain": ["-5.31 dB"], "replaygain_album_peak": ["0.999969"], "date": ["2003-06-30"], "disctotal": ["1"], "asin": ["B00009NJ94"], "musicbrainz_albumid": ["b6a161de-b7b0-47a4-ab66-d0fbb13fae9e"], "musicbrainz_releasetrackid": ["0256b245-4fe0-3c53-84fe-ef03e7ba69b7"], "composer": ["Ritchie Blackmore"], "tracknumber": ["12"], "label": ["Steamhammer"], "musicbrainz_artistid": ["aeee5fe5-38f5-41bc-8ab8-9f9aa23e4f68"], "totaltracks": ["17"], "tracktotal": ["17"], "replaygain_track_peak": ["0.988800"], "musicbrainz_workid": ["90e44fb1-2fc9-42d9-9a7a-4e40b1e77753"], "originalyear": ["2003"], "lyricist": ["Candice Night"], "producer": ["Pat Regan", "Ritchie Blackmore"], "discnumber": ["1"], "album": ["Ghost of a Rose"], "catalognumber": ["SPV 089-74990 CD Ltd."], "releasecountry": ["DE"], "genre": ["Folk Rock"], "replaygain_album_gain": ["-7.53 dB"], "artists": ["Blackmore's Night"], "file_name": "12 Where Are We Going From Here.flac", "acoustid_id": ["b5a9517e-5043-4c12-a237-e527d5793ed7"], "script": ["Latn"], "originaldate": ["2003-06-23"], "grouping": ["Folk"], "work": ["Where Are We Going From Here"], "artist": ["Blackmore's Night"], "musicbrainz_releasegroupid": ["717fa21e-0ecc-3471-a563-fd7254ec60a2"], "composersort": ["Blackmore, Ritchie"], "albumartistsort": ["Blackmore's Night"], "totaldiscs": ["1"], "releasestatus": ["official"]}}, "rhythm": {"bpm_histogram_first_peak_bpm": {"dmean2": 0, "median": 152, "min": 152, "dvar2": 0, "dvar": 0, "dmean": 0, "max": 152, "var": 0, "mean": 152}, "bpm": 151.954666138, "bpm_histogram_second_peak_spread": {"dmean2": 0, "median": 0.0638298094273, "min": 0.0638298094273, "dvar2": 0, "dvar": 0, "dmean": 0, "max": 0.0638298094273, "var": 0, "mean": 0.0638298094273}, "bpm_histogram_first_peak_weight": {"dmean2": 0, "median": 0.580246925354, "min": 0.580246925354, "dvar2": 0, "dvar": 0, "dmean": 0, "max": 0.580246925354, "var": 0, "mean": 0.580246925354}, "onset_rate": 2.94966983795, "beats_position": [0.383129239082, 0.777868449688, 1.17260766029, 1.5673469305, 1.95047616959, 2.33360528946, 2.71673464775, 3.13469386101, 3.55265307426, 3.97061228752, 4.38857126236, 4.80653047562, 5.21287965775, 5.61922883987, 6.025578022, 6.43192720413, 6.82666635513, 7.22140598297, 7.61614513397, 8.01088428497, 8.40562343597, 8.80036258698, 9.18349170685, 9.56662082672, 9.96135997772, 10.3560991287, 10.7508392334, 11.1455783844, 11.5403175354, 11.9350566864, 12.3297958374, 12.7245349884, 13.1308841705, 13.5372333527, 13.9319725037, 14.3383216858, 14.7446708679, 15.3367795944, 15.9288883209, 16.5209980011, 17.1014957428, 17.6819953918, 18.2624931335, 18.8546028137, 19.4467124939, 20.0388202667, 20.6309299469, 21.2230377197, 21.8035373688, 22.4072551727, 22.9993648529, 23.5914726257, 24.1835823059, 24.7756919861, 25.37940979, 25.9831295013, 26.5984573364, 27.22539711, 27.8523349762, 28.4212245941, 29.0017223358, 29.593832016, 30.1743297577, 30.7664394379, 31.3237190247, 31.8577766418, 32.391834259, 32.9491157532, 33.5063934326, 34.0636711121, 34.7022209167, 35.329158783, 35.9677085876, 36.6062583923, 37.2215881348, 37.848526001, 38.4754638672, 39.1024017334, 39.7293434143, 40.3214492798, 40.9019508362, 41.4824485779, 42.0745582581, 42.6550559998, 43.2239456177, 43.7928352356, 44.3617210388, 44.953830719, 45.5343284607, 46.1264381409, 46.718547821, 47.3106575012, 47.9027671814, 48.4948730469, 49.0869827271, 49.6790924072, 50.2944221497, 50.8981399536, 51.4902496338, 52.0823554993, 52.6860771179, 53.2897949219, 53.9631729126, 54.6365509033, 55.3099327087, 55.9600906372, 56.5870285034, 57.2139663696, 57.8525161743, 58.491065979, 59.129611969, 59.7681617737, 60.4067115784, 61.0104293823, 61.6257591248, 62.2178688049, 62.8215866089, 63.4253044128, 64.0406341553, 64.6443557739, 65.2596817017, 65.8634033203, 66.4555053711, 67.0476150513, 67.6397247314, 68.2318344116, 68.7310638428, 69.2186813354, 69.7295227051, 70.2171401978, 70.6931533813, 71.1691589355, 71.6335601807, 72.1095657349, 72.5855789185, 72.9919281006, 73.3982772827, 73.8046264648, 74.1993637085, 74.5941009521, 75.0004501343, 75.3835830688, 75.766708374, 76.1614532471, 76.5678024292, 76.9741516113, 77.3921051025, 77.8100662231, 78.2280273438, 78.6459884644, 79.0523376465, 79.4586868286, 79.8650360107, 80.2713851929, 80.6661224365, 81.0608596802, 81.4555969238, 81.8503417969, 82.2450790405, 82.6398162842, 83.0345535278, 83.4292984009, 83.8240356445, 84.2187728882, 84.6135101318, 85.0082550049, 85.4029922485, 85.7977294922, 86.1924667358, 86.5872116089, 86.9819488525, 87.3766860962, 87.7714233398, 88.1661682129, 88.5609054565, 88.9556427002, 89.3503875732, 89.7335128784, 90.116645813, 90.5113830566, 90.9061203003, 91.3008575439, 91.695602417, 92.0903396606, 92.4850769043, 92.8798141479, 93.274559021, 93.6692962646, 94.0640335083, 94.458770752, 94.853515625, 95.2482528687, 95.6429901123, 96.037727356, 96.432472229, 96.8272094727, 97.2219467163, 97.61668396, 98.011428833, 98.4061660767, 98.8009033203, 99.1956481934, 99.590385437, 99.9851226807, 100.379859924, 100.774604797, 101.169342041, 101.564079285, 101.958816528, 102.353561401, 102.748298645, 103.143035889, 103.537773132, 103.932518005, 104.327255249, 104.721992493, 105.116729736, 105.511474609, 105.894599915, 106.277732849, 106.672470093, 107.067207336, 107.473556519, 107.868293762, 108.251426697, 108.64616394, 109.040908813, 109.435646057, 109.830383301, 110.248344421, 110.654693604, 111.061042786, 111.455780029, 111.850517273, 112.245262146, 112.628387451, 113.011520386, 113.406257629, 113.800994873, 114.195732117, 114.59047699, 114.985214233, 115.379951477, 115.786300659, 116.181037903, 116.587387085, 116.982131958, 117.376869202, 117.771606445, 118.166343689, 118.561088562, 118.967437744, 119.362174988, 119.76852417, 120.186485291, 120.557998657, 120.941131592, 121.312652588, 121.672561646, 122.020858765, 122.380767822, 122.74067688, 123.088973999, 123.448883057, 123.808792114, 124.18031311, 124.551834106, 124.981407166, 125.422584534, 125.852149963, 126.293327332, 126.711288452, 127.15246582, 127.547210693, 127.953559875, 128.371520996, 128.777862549, 129.18421936, 129.602172852, 130.008529663, 130.426483154, 130.821228027, 131.204345703, 131.587478638, 131.982223511, 132.376953125, 132.771697998, 133.166442871, 133.561172485, 133.955917358, 134.350662231, 134.745391846, 135.140136719, 135.534866333, 135.929611206, 136.324356079, 136.719085693, 137.113830566, 137.508575439, 137.903305054, 138.298049927, 138.681182861, 139.064300537, 139.45904541, 139.865386963, 140.260131836, 140.666488647, 141.061218262, 141.467575073, 141.850692749, 142.245437622, 142.640182495, 143.034912109, 143.429656982, 143.824401855, 144.21913147, 144.602264404, 144.985397339, 145.368530273, 145.728439331, 146.099945068, 146.50630188, 146.901046753, 147.330612183, 147.748565674, 148.154922485, 148.561264038, 148.956008911, 149.350738525, 149.745483398, 150.128616333, 150.534957886, 150.929702759, 151.324447632, 151.719177246, 152.113922119, 152.508651733, 152.903396606, 153.298141479, 153.692871094, 154.087615967, 154.48236084, 154.877090454, 155.271835327, 155.6665802, 156.061309814, 156.444442749, 156.827575684, 157.222305298, 157.617050171, 158.011795044, 158.406524658, 158.801269531, 159.195999146, 159.590744019, 159.985488892, 160.380218506, 160.76335144, 161.169708252, 161.576049805, 161.970794678, 162.37713623, 162.771881104, 163.166610718, 163.549743652, 163.932876587, 164.32762146, 164.722351074, 165.117095947, 165.51184082, 165.906570435, 166.301315308, 166.696044922, 167.090789795, 167.485534668, 167.880264282, 168.275009155, 168.681350708, 169.08770752, 169.482452393, 169.877182007, 170.27192688, 170.666656494, 171.061401367, 171.45614624, 171.850875854, 172.245620728, 172.640365601, 173.035095215, 173.429840088, 173.812973022, 174.207702637, 174.590835571, 174.985580444, 175.380310059, 175.775054932, 176.169799805, 176.564529419, 176.959274292, 177.354003906, 177.737136841, 178.131881714, 178.538223267, 178.944580078, 179.350921631, 179.745666504, 180.128799438, 180.511917114, 180.906661987, 181.30140686, 181.696136475, 182.090881348, 182.485626221, 182.880355835, 183.275100708, 183.669830322, 184.064575195, 184.459320068, 184.854049683, 185.248794556, 185.643539429, 186.038269043, 186.433013916, 186.827758789, 187.222488403, 187.617233276, 188.011962891, 188.406707764, 188.801452637, 189.196182251, 189.590927124, 189.985671997, 190.380401611, 190.775146484, 191.169876099, 191.564620972, 191.959365845, 192.354095459, 192.748840332, 193.143585205, 193.538314819, 193.933059692, 194.327789307, 194.72253418, 195.117279053, 195.512008667, 195.90675354, 196.313110352, 196.719451904, 197.114196777, 197.508926392, 197.903671265, 198.298416138, 198.693145752, 199.087890625, 199.47102356, 199.865753174, 200.260498047, 200.643630981, 201.038360596, 201.433105469, 201.827835083, 202.222579956, 202.617324829, 203.012054443, 203.395187378, 203.789932251, 204.184661865, 204.591018677, 204.997360229, 205.392105103, 205.798446655, 206.193191528, 206.587936401, 206.982666016, 207.377410889, 207.772155762, 208.166885376, 208.561630249, 208.956375122, 209.351104736, 209.734237671, 210.117370605, 210.51210022, 210.906845093, 211.301589966, 211.69631958, 212.091064453, 212.485794067, 212.892150879, 213.298492432, 213.693237305, 214.087982178, 214.482711792, 214.877456665, 215.272201538, 215.666931152, 216.061676025, 216.45640564, 216.851150513, 217.245895386, 217.640625, 218.035369873, 218.430114746, 218.82484436, 219.219589233, 219.614334106, 220.009063721, 220.403808594, 220.798538208, 221.193283081, 221.588027954, 221.982757568, 222.377502441, 222.760635376, 223.143753052, 223.538497925, 223.933242798, 224.327972412, 224.722717285, 225.117462158, 225.512191772, 225.906936646, 226.30166626, 226.696411133, 227.091156006, 227.48588562, 227.880630493, 228.275375366, 228.67010498, 229.064849854, 229.459594727, 229.854324341, 230.249069214, 230.643798828, 231.038543701, 231.433288574, 231.828018188, 232.222763062, 232.617507935, 233.012237549, 233.406982422, 233.801712036, 234.196456909, 234.591201782, 234.985931396, 235.38067627, 235.775421143, 236.170150757, 236.56489563, 236.959625244, 237.354370117, 237.74911499, 238.143844604, 238.538589478, 238.921722412, 239.304855347, 239.687973022, 240.117553711, 240.558731079, 240.988296509, 241.417861938, 241.847427368, 242.277008057, 242.706573486, 243.136138916, 243.565704346, 243.995285034], "beats_loudness": {"dmean2": 0.022647280246, "median": 0.0195646043867, "min": 0, "dvar2": 0.000585718720686, "dvar": 0.000206545344554, "dmean": 0.0130742033944, "max": 0.0867042690516, "var": 0.000350248912582, "mean": 0.0235431715846}, "danceability": 1.00080049038, "bpm_histogram_second_peak_weight": {"dmean2": 0, "median": 0.0776014104486, "min": 0.0776014104486, "dvar2": 0, "dvar": 0, "dmean": 0, "max": 0.0776014104486, "var": 0, "mean": 0.0776014104486}, "beats_count": 568, "bpm_histogram_second_peak_bpm": {"dmean2": 0, "median": 157, "min": 157, "dvar2": 0, "dvar": 0, "dmean": 0, "max": 157, "var": 0, "mean": 157}, "bpm_histogram_first_peak_spread": {"dmean2": 0, "median": 0.134210541844, "min": 0.134210541844, "dvar2": 0, "dvar": 0, "dmean": 0, "max": 0.134210541844, "var": 0, "mean": 0.134210541844}, "beats_loudness_band_ratio": {"dmean2": [0.255304843187, 0.268991410732, 0.182288631797, 0.123967118561, 0.079380273819, 0.140097379684], "median": [0.27758705616, 0.310137569904, 0.136765226722, 0.0459005385637, 0.0329717844725, 0.0275575760752], "min": [0, 0, 0, 0, 0, 0], "dvar2": [0.049285504967, 0.0560482107103, 0.0252627879381, 0.0279755368829, 0.00979858916253, 0.0793520137668], "dvar": [0.0190938804299, 0.0196725167334, 0.0102000311017, 0.0100958868861, 0.00355758448131, 0.0274087935686], "dmean": [0.149030208588, 0.160535007715, 0.109285116196, 0.0706830471754, 0.0467613823712, 0.0781712159514], "max": [0.853548228741, 0.806410610676, 0.891564786434, 0.663871884346, 0.432634413242, 0.973244845867], "var": [0.0346234887838, 0.0368613526225, 0.0255078077316, 0.009640567936, 0.00475182617083, 0.0193656552583], "mean": [0.304723858833, 0.322633415461, 0.179913729429, 0.0796928852797, 0.0561426877975, 0.0682643279433]}}, "lowlevel": {"barkbands_spread": {"dmean2": 6.7682299614, "median": 14.6169815063, "min": 0.895064771175, "dvar2": 150.172531128, "dvar": 72.0038528442, "dmean": 4.47296905518, "max": 160.432388306, "var": 240.656051636, "mean": 18.1363277435}, "melbands_spread": {"dmean2": 7.60913991928, "median": 14.2995615005, "min": 1.32811629772, "dvar2": 279.054412842, "dvar": 158.057891846, "dmean": 5.20835781097, "max": 342.85055542, "var": 691.75970459, "mean": 21.1676559448}, "hfc": {"dmean2": 7.39144277573, "median": 7.55403423309, "min": 1.04920746949e-16, "dvar2": 1041.4206543, "dvar": 546.108825684, "dmean": 5.52511501312, "max": 962.066833496, "var": 1066.44421387, "mean": 15.8010025024}, "barkbands_kurtosis": {"dmean2": 3.49220633507, "median": 3.43523931503, "min": -1.96405112743, "dvar2": 26.8671016693, "dvar": 11.4568271637, "dmean": 2.23098087311, "max": 105.855895996, "var": 40.4714775085, "mean": 5.00761985779}, "gfcc": {"mean": [-84.9513397217, 112.7423172, -104.026000977, 25.5641365051, -54.0147018433, 11.0847206116, -37.713306427, 3.55333328247, -15.8051605225, 4.36302423477, -9.18818759918, 2.61914944649, -3.01409626007], "icov": [[0.000143348792335, -0.000257881911239, 0.000292696757242, -0.000294833851513, 0.000474532687804, -0.00039174943231, 0.000537284184247, -0.000479768496007, 0.000683827325702, -0.000339310005074, 0.000301589956507, -0.000201874485356, 6.41268852632e-05], [-0.000257881911239, 0.00154909142293, 0.000142406817758, 0.000595973921008, -0.000902459549252, 0.00122708512936, -0.000812563230284, 0.00203117821366, -0.00116296496708, 0.00142840971239, -0.000691808934789, 0.000897636404261, 0.000184907330549], [0.000292696757242, 0.000142406817758, 0.00245947530493, -0.000277406506939, 0.000337805890013, -0.000984928570688, 0.00114077597391, 6.70534209348e-05, 0.00157362886239, 7.73999090597e-06, 0.00135829730425, -0.00114803516772, 0.0017180837458], [-0.000294833851513, 0.000595973921008, -0.000277406506939, 0.00274336035363, -0.00109289796092, 0.000142250952194, -0.000438665243564, 0.00101341353729, -0.00222285976633, 0.000548207433894, -0.000749414553866, -4.61025883851e-05, 0.000117024748761], [0.000474532687804, -0.000902459549252, 0.000337805890013, -0.00109289796092, 0.0062631200999, -0.00107666174881, 0.000673916423693, -0.000726266938727, 0.000507023534738, -6.49343419354e-05, 0.000350645306753, 0.000515014922712, -0.00244088983163], [-0.00039174943231, 0.00122708512936, -0.000984928570688, 0.000142250952194, -0.00107666174881, 0.00744355749339, -0.000934465497267, 0.000948383531068, 0.000181292256457, -0.00115526514128, -0.000494193285704, 0.000432500703027, 0.000815837935079], [0.000537284184247, -0.000812563230284, 0.00114077597391, -0.000438665243564, 0.000673916423693, -0.000934465497267, 0.00840605050325, -0.00117550569121, 0.00222398503684, -0.000325936300214, -0.000965204206295, 0.00112511462066, 0.00216681766324], [-0.000479768496007, 0.00203117821366, 6.70534209348e-05, 0.00101341353729, -0.000726266938727, 0.000948383531068, -0.00117550569121, 0.0109488191083, -0.00289167044684, 0.00251975888386, -0.00117610977031, 0.00150383182336, -0.000696491508279], [0.000683827325702, -0.00116296496708, 0.00157362886239, -0.00222285976633, 0.000507023534738, 0.000181292256457, 0.00222398503684, -0.00289167044684, 0.0120586799458, -0.00286846538074, 0.00313339708373, -0.00208546221256, 0.00171240011696], [-0.000339310005074, 0.00142840971239, 7.73999090597e-06, 0.000548207433894, -6.49343419354e-05, -0.00115526514128, -0.000325936300214, 0.00251975888386, -0.00286846538074, 0.0146731650457, -0.00536118354648, 0.000940820958931, 0.00159794592764], [0.000301589956507, -0.000691808934789, 0.00135829730425, -0.000749414553866, 0.000350645306753, -0.000494193285704, -0.000965204206295, -0.00117610977031, 0.00313339708373, -0.00536118354648, 0.0140041904524, -0.00193018617574, -0.00228152237833], [-0.000201874485356, 0.000897636404261, -0.00114803516772, -4.61025883851e-05, 0.000515014922712, 0.000432500703027, 0.00112511462066, 0.00150383182336, -0.00208546221256, 0.000940820958931, -0.00193018617574, 0.0128452209756, -0.00163683388382], [6.41268852632e-05, 0.000184907330549, 0.0017180837458, 0.000117024748761, -0.00244088983163, 0.000815837935079, 0.00216681766324, -0.000696491508279, 0.00171240011696, 0.00159794592764, -0.00228152237833, -0.00163683388382, 0.0147992931306]], "cov": [[43535.8203125, 1971.65991211, -3108.30737305, 1765.75170898, -2038.66564941, 1038.7322998, -1491.47705078, 636.684631348, -913.690795898, 491.068389893, 26.0809078217, 206.092071533, 67.9532241821], [1971.65991211, 1606.75817871, -548.421264648, -69.2055282593, 65.2304611206, -210.945449829, 51.3497428894, -131.865493774, 9.89099121094, -86.9658737183, 28.4342327118, -97.0010452271, 46.1597557068], [-3108.30737305, -548.421264648, 937.405822754, -89.0837783813, 59.1487121582, 67.6674346924, 16.172498703, -47.2755279541, 2.67210125923, -21.7021179199, -74.2266311646, 51.798122406, -90.0478973389], [1765.75170898, -69.2055282593, -89.0837783813, 552.87701416, -25.5764808655, 68.2392196655, -79.0316162109, 21.8725166321, 39.2655639648, 34.0764007568, 5.25145196915, 34.3915596008, 0.194680705667], [-2038.66564941, 65.2304611206, 59.1487121582, -25.5764808655, 305.80859375, -61.6155319214, 68.9465026855, -36.4084854126, 55.0992431641, -37.1643676758, 8.25492095947, -25.4277095795, 39.4782752991], [1038.7322998, -210.945449829, 67.6674346924, 68.2392196655, -61.6155319214, 224.033355713, -42.2685279846, 23.020647049, -45.0684585571, 46.7908058167, -0.327684342861, 19.5395145416, -23.22797966], [-1491.47705078, 51.3497428894, 16.172498703, -79.0316162109, 68.9465026855, -42.2685279846, 206.39730835, -23.4220218658, 12.8072338104, -16.8150234222, 21.1666259766, -37.7898674011, -13.634226799], [636.684631348, -131.865493774, -47.2755279541, 21.8725166321, -36.4084854126, 23.020647049, -23.4220218658, 134.068252563, -0.517725586891, 3.86394453049, -0.0780052244663, 2.57488775253, 6.58445549011], [-913.690795898, 9.89099121094, 2.67210125923, 39.2655639648, 55.0992431641, -45.0684585571, 12.8072338104, -0.517725586891, 142.621124268, -3.28615236282, -13.487991333, 4.32567453384, -4.86108207703], [491.068389893, -86.9658737183, -21.7021179199, 34.0764007568, -37.1643676758, 46.7908058167, -16.8150234222, 3.86394453049, -3.28615236282, 99.7910003662, 29.2731838226, 8.21629333496, -9.82956504822], [26.0809078217, 28.4342327118, -74.2266311646, 5.25145196915, 8.25492095947, -0.327684342861, 21.1666259766, -0.0780052244663, -13.487991333, 29.2731838226, 98.881980896, 2.75859761238, 20.3332462311], [206.092071533, -97.0010452271, 51.798122406, 34.3915596008, -25.4277095795, 19.5395145416, -37.7898674011, 2.57488775253, 4.32567453384, 8.21629333496, 2.75859761238, 97.039024353, 4.18708515167], [67.9532241821, 46.1597557068, -90.0478973389, 0.194680705667, 39.4782752991, -23.22797966, -13.634226799, 6.58445549011, -4.86108207703, -9.82956504822, 20.3332462311, 4.18708515167, 92.4713745117]]}, "spectral_energyband_middle_low": {"dmean2": 0.00457100057974, "median": 0.00807736255229, "min": 1.73166631216e-22, "dvar2": 4.60880582978e-05, "dvar": 2.10104735743e-05, "dmean": 0.00306824687868, "max": 0.088345117867, "var": 0.000135234688059, "mean": 0.0118033001199}, "melbands_crest": {"dmean2": 3.82586240768, "median": 12.417137146, "min": 1.51987504959, "dvar2": 14.1356334686, "dvar": 5.48689031601, "dmean": 2.36963510513, "max": 35.9585456848, "var": 22.0198688507, "mean": 13.071726799}, "spectral_kurtosis": {"dmean2": 3.86896729469, "median": 5.494784832, "min": -1.61177897453, "dvar2": 31.4790554047, "dvar": 10.9337501526, "dmean": 2.31174445152, "max": 117.344749451, "var": 87.7087249756, "mean": 7.43757534027}, "spectral_rms": {"dmean2": 0.000620014092419, "median": 0.00391885638237, "min": 3.11364280713e-12, "dvar2": 5.42728628261e-07, "dvar": 2.75262522109e-07, "dmean": 0.000426670274464, "max": 0.0104415789247, "var": 4.37993321611e-06, "mean": 0.00396227417514}, "zerocrossingrate": {"dmean2": 0.0109757194296, "median": 0.03955078125, "min": 0.005859375, "dvar2": 0.000356010743417, "dvar": 0.000345223234035, "dmean": 0.00970165431499, "max": 0.56689453125, "var": 0.00625452073291, "mean": 0.0586023181677}, "silence_rate_60dB": {"dmean2": 0.011005692184, "median": 0, "min": 0, "dvar2": 0.0127821005881, "dvar": 0.00547204865143, "dmean": 0.00550232408568, "max": 1, "var": 0.121702574193, "mean": 0.141813695431}, "erbbands_kurtosis": {"dmean2": 1.46897017956, "median": 0.0776496082544, "min": -1.78827428818, "dvar2": 6.59799957275, "dvar": 2.78790974617, "dmean": 0.947875797749, "max": 44.8174858093, "var": 8.06400585175, "mean": 0.925447642803}, "erbbands": {"dmean2": [0.0435887649655, 0.265907227993, 0.860588550568, 0.839855611324, 2.41325092316, 11.8147373199, 14.1478404999, 15.7116909027, 9.73574733734, 11.7958431244, 8.24008178711, 13.7850217819, 17.3821258545, 9.68647289276, 16.3301448822, 13.8385419846, 8.32498550415, 18.2411308289, 15.1260662079, 14.900094986, 11.974158287, 5.29314088821, 4.26737785339, 6.36467313766, 3.50301671028, 2.87475132942, 3.46033000946, 2.11951708794, 2.6756465435, 2.59310555458, 3.13990712166, 2.76998186111, 2.6300368309, 2.12666702271, 1.28752565384, 0.490676790476, 0.0656872913241, 0.00544706499204, 0.000371328264009, 5.97037287662e-05], "median": [0.0981391817331, 0.388655900955, 0.782308936119, 1.02779722214, 1.89005041122, 5.90393257141, 6.48765897751, 9.34140396118, 6.75102519989, 7.70261144638, 4.36294746399, 4.68359184265, 5.08437633514, 3.80264472961, 5.6627407074, 4.33991622925, 3.01168251038, 4.5979590416, 5.2520647049, 4.7852935791, 3.75098085403, 2.49583387375, 1.7529091835, 1.66436755657, 1.28489005566, 0.968624472618, 0.855465531349, 0.602063417435, 0.430526196957, 0.299223005772, 0.532167434692, 0.195591911674, 0.0927132666111, 0.0599841624498, 0.0217009037733, 0.0132820867002, 0.00232999352738, 0.000227227967116, 3.00167848764e-05, 2.37725471379e-05], "min": [5.89978279398e-23, 4.76835190936e-22, 2.55214016813e-21, 2.61363163588e-21, 7.27577969382e-21, 2.12503361756e-20, 3.31578062728e-20, 9.08639614443e-20, 1.2102041395e-19, 1.31368482187e-19, 2.21277741496e-19, 4.14116082953e-19, 3.76347352226e-19, 5.45143042945e-19, 5.28720147365e-19, 4.86648138748e-19, 1.65062267893e-18, 1.86588288826e-18, 2.2230024013e-18, 2.97316670856e-18, 3.82622980248e-18, 3.90407535634e-18, 4.60745432815e-18, 6.8326264242e-18, 6.48588802785e-18, 7.79058718673e-18, 7.55661005149e-18, 8.70684605227e-18, 1.03416477646e-17, 9.18702439786e-18, 9.00409340539e-18, 1.01613455521e-17, 9.50458647964e-18, 8.07015438144e-18, 5.82522797159e-18, 4.03725929318e-18, 2.25349083112e-18, 9.27103927152e-19, 2.26048066239e-19, 2.37835735703e-20], "dvar2": [0.00338977319188, 0.187529802322, 2.57627034187, 2.05570650101, 32.4661636353, 635.923400879, 1059.57861328, 1242.02124023, 698.290466309, 1426.29675293, 425.380737305, 1495.60070801, 3745.31884766, 1332.97424316, 2502.04321289, 4539.18505859, 782.482788086, 4915.19384766, 2266.03710938, 2236.93139648, 2092.95874023, 323.04510498, 159.590713501, 519.947937012, 137.438690186, 92.3364944458, 206.251708984, 75.087852478, 162.3490448, 178.439712524, 228.631973267, 375.863739014, 759.348083496, 628.657958984, 267.052642822, 40.5147743225, 0.397153377533, 0.00175565760583, 5.09936808157e-06, 4.3720902454e-08], "dvar": [0.00127462367527, 0.0705174505711, 0.950179815292, 0.925374746323, 12.5508403778, 271.110717773, 439.117736816, 588.014282227, 330.887237549, 679.796386719, 233.391281128, 834.835327148, 2243.90600586, 756.721496582, 1493.48217773, 2528.65673828, 523.233398438, 3074.40893555, 1387.6920166, 1175.40917969, 1322.76062012, 235.591659546, 100.126838684, 272.596984863, 65.0579223633, 56.1032142639, 96.4386138916, 35.5638694763, 73.6667098999, 91.5429000854, 120.875785828, 197.052947998, 313.987701416, 271.794952393, 114.96647644, 17.4728736877, 0.176084667444, 0.000873313168995, 2.40203803514e-06, 1.88402982104e-08], "dmean": [0.0268559120595, 0.163207769394, 0.522819638252, 0.521246016026, 1.53384995461, 7.70472002029, 9.10778141022, 10.6344137192, 6.44559574127, 8.52637863159, 5.72879648209, 9.98504447937, 12.9117050171, 6.83856344223, 12.2667074203, 10.02485466, 6.16940927505, 13.2920913696, 11.092168808, 10.3237981796, 8.98692131042, 4.07516241074, 3.1023914814, 4.48123931885, 2.48724889755, 2.08386921883, 2.46322202682, 1.44223475456, 1.74975574017, 1.77057957649, 2.17798686028, 1.92876255512, 1.69856798649, 1.42987883091, 0.868698716164, 0.327275067568, 0.0442674197257, 0.00381347234361, 0.000253953505307, 3.74074261345e-05], "max": [0.72641813755, 6.43232870102, 24.8178539276, 65.4570159912, 102.350669861, 324.68548584, 472.481964111, 578.657775879, 859.485229492, 1314.71594238, 528.826477051, 849.599304199, 1237.96179199, 921.814208984, 1820.04736328, 3101.04541016, 1281.49475098, 3482.05249023, 1288.5949707, 1245.31066895, 1403.92260742, 796.720153809, 367.03414917, 583.852050781, 237.940032959, 484.273040771, 448.751342773, 222.875640869, 476.117553711, 350.603881836, 455.796539307, 502.32522583, 952.488952637, 929.939453125, 437.930938721, 300.07232666, 14.4959592819, 1.15060257912, 0.0591988489032, 0.0038965602871], "var": [0.00310393795371, 0.281105816364, 5.16756486893, 12.6212148666, 49.3585090637, 1125.53686523, 1773.59399414, 2455.72802734, 1767.51049805, 2691.72119141, 903.751464844, 5210.49951172, 10007.0605469, 3648.79296875, 6750.05126953, 6729.47900391, 2674.66845703, 13381.0400391, 4741.93505859, 3230.78955078, 5725.27880859, 1421.2467041, 431.475463867, 1042.67504883, 185.443969727, 247.403915405, 203.124023438, 65.9180450439, 111.779098511, 155.499176025, 234.282440186, 350.641967773, 367.302337646, 299.184692383, 117.707992554, 17.1950836182, 0.205766782165, 0.00127224763855, 3.24540110341e-06, 2.29221832626e-08], "mean": [0.0938876122236, 0.471248477697, 1.58642137051, 1.91642212868, 4.24957513809, 18.4738273621, 22.1737632751, 30.3322715759, 18.0845241547, 22.5442562103, 14.6067590714, 28.134557724, 32.4500007629, 17.6404953003, 28.8813819885, 21.9201622009, 14.6665506363, 27.5654792786, 22.8124599457, 20.5156154633, 20.1222839355, 10.0187911987, 7.12059879303, 10.2018051147, 5.81285429001, 4.95392274857, 5.03097677231, 2.54470348358, 2.44488835335, 2.44718813896, 3.38462591171, 2.59649300575, 1.94765245914, 1.61154735088, 0.854049921036, 0.330531656742, 0.0486909784377, 0.00437453994527, 0.000287673145067, 5.47760682821e-05]}, "spectral_strongpeak": {"dmean2": 0.699783146381, "median": 0.54298889637, "min": 0, "dvar2": 3.40707087517, "dvar": 1.34013020992, "dmean": 0.429693609476, "max": 29.8561573029, "var": 2.71475219727, "mean": 1.04238784313}, "spectral_energy": {"dmean2": 0.00609759427607, "median": 0.0157413706183, "min": 9.93714122624e-21, "dvar2": 7.05579077476e-05, "dvar": 3.48278808815e-05, "dmean": 0.00421840604395, "max": 0.111752234399, "var": 0.00030718013295, "mean": 0.0205815397203}, "average_loudness": 0.654468357563, "spectral_rolloff": {"dmean2": 569.849487305, "median": 710.595703125, "min": 107.666015625, "dvar2": 2124308.25, "dvar": 1064850.5, "dmean": 340.267913818, "max": 20628.8085938, "var": 9761921, "mean": 1545.23706055}, "spectral_centroid": {"dmean2": 264.213989258, "median": 807.673034668, "min": 205.982849121, "dvar2": 227629.625, "dvar": 123357.609375, "dmean": 182.075759888, "max": 11944.8007812, "var": 2495556.5, "mean": 1176.85168457}, "pitch_salience": {"dmean2": 0.0799568742514, "median": 0.547381043434, "min": 0.209296658635, "dvar2": 0.0055057941936, "dvar": 0.00223764008842, "dmean": 0.0500663369894, "max": 0.885780990124, "var": 0.0109480051324, "mean": 0.550158858299}, "spectral_energyband_middle_high": {"dmean2": 0.00140119378921, "median": 0.00120560987853, "min": 1.08390760652e-21, "dvar2": 1.00705110526e-05, "dvar": 6.63136142975e-06, "dmean": 0.00109283812344, "max": 0.0854415073991, "var": 5.22125446878e-05, "mean": 0.00387965305708}, "spectral_contrast_coeffs": {"dmean2": [0.0645164400339, 0.0605781748891, 0.0524894855917, 0.0466237515211, 0.0365831442177, 0.0270100478083], "median": [-0.680484235287, -0.681946635246, -0.735561966896, -0.746792256832, -0.771701812744, -0.769937157631], "min": [-0.982590377331, -0.979643523693, -0.981092393398, -0.974844872952, -0.966283857822, -0.96677416563], "dvar2": [0.00288075883873, 0.00277572800405, 0.00201671407558, 0.0015905398177, 0.00118034193292, 0.000681052042637], "dvar": [0.00109766807873, 0.00115837005433, 0.000902223400772, 0.000716834969353, 0.000607022317126, 0.000331492337864], "dmean": [0.0391192473471, 0.0377528369427, 0.0334437899292, 0.0295523554087, 0.0241271667182, 0.0177482608706], "max": [-0.342925816774, -0.366951227188, -0.378924250603, -0.454192817211, -0.509729683399, -0.519152522087], "var": [0.00885427743196, 0.0102065969259, 0.00883500650525, 0.0061776349321, 0.00536584528163, 0.00341566326097], "mean": [-0.67652207613, -0.681921422482, -0.72209918499, -0.741332173347, -0.763973116875, -0.768159151077]}, "melbands_skewness": {"dmean2": 0.664752304554, "median": 2.22799682617, "min": -2.38873052597, "dvar2": 0.546281278133, "dvar": 0.238135918975, "dmean": 0.443696320057, "max": 8.52307987213, "var": 1.56347978115, "mean": 2.21819067001}, "spectral_spread": {"dmean2": 821029.9375, "median": 3981815.25, "min": 881416.5625, "dvar2": 1784837046270.0, "dvar": 1072349052930.0, "dmean": 588557.9375, "max": 42791488, "var": 30941972004900.0, "mean": 5127447.5}, "dissonance": {"dmean2": 0.036857586354, "median": 0.443857312202, "min": 0.255609095097, "dvar2": 0.00130755838472, "dvar": 0.000476932269521, "dmean": 0.0221509002149, "max": 0.5, "var": 0.00134177645668, "mean": 0.438107192516}, "spectral_skewness": {"dmean2": 0.420010864735, "median": 1.88052654266, "min": -0.712463617325, "dvar2": 0.201869353652, "dvar": 0.0846976414323, "dmean": 0.263750076294, "max": 9.09113025665, "var": 0.803353250027, "mean": 1.95802748203}, "spectral_flux": {"dmean2": 0.0257075242698, "median": 0.041994959116, "min": 6.33441493703e-11, "dvar2": 0.0010555194458, "dvar": 0.000422608369263, "dmean": 0.0159275829792, "max": 0.259483724833, "var": 0.00136490468867, "mean": 0.0496268048882}, "spectral_contrast_valleys": {"dmean2": [0.498951166868, 0.483900815248, 0.444840282202, 0.402466565371, 0.373327076435, 0.434330791235], "median": [-7.02027130127, -7.11030101776, -7.98505210876, -8.45897483826, -8.59641456604, -11.0037269592], "min": [-28.2641086578, -28.2064552307, -27.8701839447, -27.7113666534, -27.6010856628, -27.4458293915], "dvar2": [0.223241448402, 0.181606799364, 0.162567004561, 0.156916677952, 0.178357437253, 0.294692397118], "dvar": [0.0878234058619, 0.0762894451618, 0.0689712017775, 0.0664119943976, 0.0801771879196, 0.151381850243], "dmean": [0.297913700342, 0.292253226042, 0.270102649927, 0.24477276206, 0.239858567715, 0.319195866585], "max": [-5.60546445847, -5.10611057281, -5.47799158096, -6.06914758682, -6.14363336563, -7.10768032074], "var": [10.079782486, 9.78227043152, 9.01907062531, 8.74689388275, 8.79735279083, 7.76154613495], "mean": [-7.81575489044, -7.77863836288, -8.64070415497, -9.14719486237, -9.27764320374, -11.6150379181]}, "erbbands_flatness_db": {"dmean2": 0.0216357018799, "median": 0.166073203087, "min": 0.0227182544768, "dvar2": 0.000497361819725, "dvar": 0.000243973481702, "dmean": 0.0153705654666, "max": 0.416956156492, "var": 0.00244762818329, "mean": 0.169474452734}, "spectral_energyband_high": {"dmean2": 0.000542728055734, "median": 9.40349564189e-05, "min": 7.03217177225e-21, "dvar2": 9.52380105446e-06, "dvar": 5.25233099324e-06, "dmean": 0.000398900068831, "max": 0.0815798565745, "var": 9.31685281103e-06, "mean": 0.000621812883765}, "spectral_entropy": {"dmean2": 0.257406055927, "median": 7.08327102661, "min": 5.47628211975, "dvar2": 0.0775772035122, "dvar": 0.0381383746862, "dmean": 0.175083324313, "max": 9.83202075958, "var": 0.389318645, "mean": 7.13527059555}, "silence_rate_20dB": {"dmean2": 0, "median": 1, "min": 1, "dvar2": 0, "dvar": 0, "dmean": 0, "max": 1, "var": 0, "mean": 1}, "melbands_flatness_db": {"dmean2": 0.0280885193497, "median": 0.228144720197, "min": 0.00307508604601, "dvar2": 0.000865935231559, "dvar": 0.000432265747804, "dmean": 0.0193072538823, "max": 0.515485405922, "var": 0.00464324234053, "mean": 0.231293201447}, "barkbands": {"dmean2": [0.000235286774114, 0.00123886414804, 0.000769065343775, 0.000335882301442, 0.00253674364649, 0.00179420516361, 0.000707087456249, 0.000355607451638, 0.000738320755772, 0.000364024104783, 0.000332379480824, 0.000465132063255, 0.00023547289311, 0.00037382368464, 0.000371852802346, 0.000198126450414, 0.000114499482152, 9.70152323134e-