{"tonal": {"thpcp": [1, 0.360619753599, 0.0787229388952, 0.0563352443278, 0.338673442602, 0.80547362566, 0.649897396564, 0.229659467936, 0.293147206306, 0.362717151642, 0.203736811876, 0.129019275308, 0.114720664918, 0.142412871122, 0.397113472223, 0.478150933981, 0.257418960333, 0.153930276632, 0.15603621304, 0.246874272823, 0.642586171627, 0.776514589787, 0.374436885118, 0.177817121148, 0.181278243661, 0.128651350737, 0.131093874574, 0.143527671695, 0.193484932184, 0.449079960585, 0.483127951622, 0.211648702621, 0.0964852273464, 0.10404419899, 0.315148115158, 0.950629711151], "hpcp": {"dmean2": [0.141825422645, 0.151177600026, 0.184164613485, 0.243289530277, 0.25520324707, 0.188717767596, 0.117746673524, 0.104469507933, 0.0964448451996, 0.0944375470281, 0.102033637464, 0.122574776411, 0.17005687952, 0.174921512604, 0.120568230748, 0.0767983421683, 0.0876333415508, 0.158535525203, 0.225955575705, 0.237827301025, 0.172903060913, 0.0702590271831, 0.0513202957809, 0.124906592071, 0.233905225992, 0.198686793447, 0.124449200928, 0.132812589407, 0.138646259904, 0.103882081807, 0.085302747786, 0.0886563062668, 0.105443291366, 0.17190296948, 0.187822818756, 0.158271431923], "median": [0.00770970527083, 0.00625499570742, 0.0226627402008, 0.115477219224, 0.146006256342, 0.0658740177751, 0.00897458102554, 0.00677844742313, 0.00930441357195, 0.0110847298056, 0.0139014292508, 0.0237226020545, 0.0468631051481, 0.046408765018, 0.0212931297719, 0.0089135337621, 0.00927830208093, 0.0473076216877, 0.213295325637, 0.231215909123, 0.0658838823438, 0.0064575006254, 0.00415761210024, 0.0489058718085, 0.142506018281, 0.123682849109, 0.0314092002809, 0.0223338380456, 0.0220455881208, 0.020151257515, 0.0144360419363, 0.0117956716567, 0.0132491514087, 0.0342677012086, 0.0389028415084, 0.0221808049828], "min": [0, 0, 0, 0, 0, 0, 0, 0, 0, 0, 0, 0, 0, 0, 0, 0, 0, 0, 0, 0, 0, 0, 0, 0, 0, 0, 0, 0, 0, 0, 0, 0, 0, 0, 0, 0], "dvar2": [0.0929905250669, 0.0964755788445, 0.105915181339, 0.0963575989008, 0.103246428072, 0.0784820318222, 0.0628988668323, 0.0611701384187, 0.0517772212625, 0.0499190166593, 0.0515592545271, 0.0617694072425, 0.0730265900493, 0.0787792801857, 0.0541051141918, 0.035500369966, 0.0399296171963, 0.0590196922421, 0.0776057466865, 0.0854620859027, 0.0617421455681, 0.0284181740135, 0.0212098602206, 0.0382937341928, 0.100813321769, 0.0680973529816, 0.047273222357, 0.0550446510315, 0.0648327171803, 0.0355777107179, 0.0349071025848, 0.0420296899974, 0.0440643802285, 0.0787041708827, 0.0913151800632, 0.0810101777315], "dvar": [0.033444982022, 0.0345952510834, 0.0375618636608, 0.037283308804, 0.0432787686586, 0.0284500513226, 0.0225756857544, 0.0232061389834, 0.0184632595628, 0.0176455955952, 0.0184441879392, 0.0224448535591, 0.0300106592476, 0.0327573567629, 0.0197813119739, 0.0125736193731, 0.0141734033823, 0.021941697225, 0.0330697968602, 0.0357742235065, 0.0228049717844, 0.0102304602042, 0.00763601902872, 0.0145818125457, 0.0426068007946, 0.0307111777365, 0.017797274515, 0.0219553001225, 0.0275348722935, 0.0134785305709, 0.0123511012644, 0.0146039584652, 0.015911815688, 0.0311894156039, 0.0378723330796, 0.0296893958002], "dmean": [0.0779866650701, 0.0822716876864, 0.102590173483, 0.144291743636, 0.153656870127, 0.109695732594, 0.0654500052333, 0.0583162643015, 0.0532247647643, 0.0525644831359, 0.0569161549211, 0.0697043389082, 0.100890748203, 0.104409754276, 0.0693681314588, 0.0424728393555, 0.0483138337731, 0.0929695740342, 0.136752039194, 0.142207473516, 0.101271286607, 0.0386516563594, 0.0281506869942, 0.0726350173354, 0.139444351196, 0.120462477207, 0.072210624814, 0.0790250599384, 0.0825849920511, 0.061049118638, 0.0477939508855, 0.0487354584038, 0.0591986402869, 0.101293571293, 0.110793627799, 0.0899696722627], "max": [1, 1, 1, 1, 1, 1, 1, 1, 1, 1, 1, 1, 1, 1, 1, 1, 1, 1, 1, 1, 1, 1, 1, 1, 1, 1, 1, 1, 1, 1, 1, 1, 1, 1, 1, 1], "var": [0.0256842859089, 0.026832960546, 0.0357687473297, 0.0841843485832, 0.110748618841, 0.036364492029, 0.0288270842284, 0.0365629382432, 0.0156935155392, 0.0158263128251, 0.0170934256166, 0.0221955608577, 0.074321873486, 0.0850629284978, 0.0224198624492, 0.00984580907971, 0.0107919480652, 0.0307057052851, 0.133065581322, 0.140216112137, 0.0328820422292, 0.0075121098198, 0.00537620158866, 0.0303487163037, 0.122407719493, 0.0805238559842, 0.0220607593656, 0.0431238375604, 0.0687770247459, 0.0210662242025, 0.0134612880647, 0.0115959560499, 0.0140450652689, 0.0606784522533, 0.0879887342453, 0.0317202582955], "mean": [0.0598918683827, 0.0607112571597, 0.0960549265146, 0.250020265579, 0.302129715681, 0.145687550306, 0.0691858679056, 0.0705325379968, 0.0500562340021, 0.0510065816343, 0.0558443777263, 0.0752819702029, 0.17473000288, 0.187977552414, 0.0823492109776, 0.037540897727, 0.0404819734395, 0.122619219124, 0.369875192642, 0.389084398746, 0.140311524272, 0.0306298676878, 0.0219191648066, 0.13177254796, 0.313397228718, 0.252864927053, 0.0893569141626, 0.114059001207, 0.141127586365, 0.0792708173394, 0.0501993894577, 0.0446360222995, 0.0554106235504, 0.15451066196, 0.186041072011, 0.100157700479]}, "tuning_equal_tempered_deviation": 0.183079048991, "chords_changes_rate": 0.0436751544476, "key_key": "D#", "tuning_diatonic_strength": 0.514232099056, "key_scale": "minor", "chords_number_rate": 0.000905705965124, "tuning_frequency": 434.193115234, "tuning_nontempered_energy_ratio": 0.9122620821, "chords_histogram": [32.5148429871, 4.38764238358, 25.9132537842, 10.9691057205, 0.805071949959, 4.03542327881, 1.03653013706, 9.70111656189, 0.0100633995607, 0.98621314764, 0.080507196486, 0.372345775366, 0, 0, 0, 0, 0, 0, 0.301901996136, 0.0603803955019, 0.080507196486, 0, 5.07195329666, 3.67314076424], "key_strength": 0.652094304562, "chords_key": "D#", "chords_strength": {"dmean2": 0.00747812725604, "median": 0.49576446414, "min": -1, "dvar2": 0.000560882675927, "dvar": 0.000279821833828, "dmean": 0.00772714521736, "max": 0.789765119553, "var": 0.0132703082636, "mean": 0.495145887136}, "chords_scale": "minor", "hpcp_entropy": {"dmean2": 0.944163620472, "median": 1.89426445961, "min": 0, "dvar2": 0.605472505093, "dvar": 0.220296770334, "dmean": 0.554721355438, "max": 4.20226097107, "var": 0.50964063406, "mean": 1.86499047279}}, "metadata": {"audio_properties": {"equal_loudness": 0, "codec": "flac", "downmix": "mix", "sample_rate": 44100, "analysis_sample_rate": 44100, "bit_rate": 0, "md5_encoded": "131a9a3bac69a96e6bbd422825534e20", "length": 461.42666626, "replay_gain": -13.3316936493, "lossless": true}, "version": {"essentia_build_sha": "70f2e5ece6736b2c40cc944ad0e695b16b925413", "essentia": "2.1-beta2", "extractor": "music 1.0", "essentia_git_sha": "v2.1_beta2"}, "tags": {"title": ["Cyberia"], "barcode": ["724358150827"], "media": ["CD"], "albumartist": ["Afrocelts"], "tracktotal": ["10"], "language": ["eng"], "releasetype": ["album"], "musicbrainz_recordingid": ["09b22827-44c2-4be0-90f4-274b405b3518"], "musicbrainz_releasegroupid": ["94d51904-4b88-38b9-8fdf-2270f714aca3"], "musicbrainz_albumartistid": ["2f0baf2a-bfa7-4116-8c75-8240aed74553"], "discnumber": ["1"], "catalognumber": ["7243 5 81508 2 7", "CDRW111"], "releasecountry": ["GB"], "file_name": "01-Cyberia.flac", "originaldate": ["2003-03-24"], "albumartistsort": ["Afro Celt Sound System"], "date": ["2003-03-24"], "genre": ["Ethnic Fusion, Worldbeat"], "disctotal": ["1"], "releasestatus": ["official"], "musicbrainz_artistid": ["2f0baf2a-bfa7-4116-8c75-8240aed74553"], "asin": ["B00008DAN1"], "musicbrainz_albumid": ["89118264-d49a-4883-a1d1-3c834b8ead2c"], "artist": ["Afrocelts"], "tracknumber": ["1"], "artistsort": ["Afro Celt Sound System"], "album": ["Seed"], "label": ["Virgin", "Real World"], "isrc": ["GBCPA0200697"], "totaldiscs": ["1"], "script": ["Latn"], "totaltracks": ["10"]}}, "rhythm": {"bpm_histogram_first_peak_bpm": {"dmean2": 0, "median": 112, "min": 112, "dvar2": 0, "dvar": 0, "dmean": 0, "max": 112, "var": 0, "mean": 112}, "bpm": 111.913078308, "bpm_histogram_second_peak_spread": {"dmean2": 0, "median": 0.125, "min": 0.125, "dvar2": 0, "dvar": 0, "dmean": 0, "max": 0.125, "var": 0, "mean": 0.125}, "bpm_histogram_first_peak_weight": {"dmean2": 0, "median": 0.603837490082, "min": 0.603837490082, "dvar2": 0, "dvar": 0, "dmean": 0, "max": 0.603837490082, "var": 0, "mean": 0.603837490082}, "onset_rate": 4.35594320297, "beats_position": [0.476009070873, 0.96362811327, 1.40480720997, 1.84598636627, 2.28716540337, 2.72834467888, 3.20435357094, 3.68036270142, 4.15637159348, 4.62077093124, 5.08516979218, 5.54956912994, 6.07201814651, 6.59446716309, 7.11691617966, 7.63936471939, 8.16181373596, 8.68426322937, 9.2067117691, 9.72916126251, 10.2516098022, 10.7624483109, 11.2732877731, 11.7841272354, 12.2717456818, 12.7593650818, 13.2469835281, 13.7346029282, 14.2222223282, 14.7098407745, 15.2439002991, 15.7779588699, 16.3468475342, 16.904127121, 17.4614048004, 18.0186843872, 18.575963974, 19.1216316223, 19.667301178, 20.2013607025, 20.7354183197, 21.2694778442, 21.8035373688, 22.3375968933, 22.8716545105, 23.405714035, 24.0210418701, 24.6247615814, 25.2284793854, 25.8321990967, 26.435918808, 27.0512466431, 27.6665763855, 28.2586841583, 28.8507938385, 29.4429016113, 30.0466213226, 30.6503391266, 31.3004989624, 31.9390468597, 32.5892066956, 33.204536438, 33.8198623657, 34.3539237976, 34.8995895386, 35.4452590942, 36.0141487122, 36.5830383301, 37.151927948, 37.7208137512, 38.2897033691, 38.8702049255, 39.4507026672, 40.0312004089, 40.5652618408, 41.1109275818, 41.703037262, 42.2951469421, 42.8872566223, 43.467754364, 44.0482521057, 44.6287536621, 45.2092514038, 45.801361084, 46.3818588257, 46.9623565674, 47.5428581238, 48.0304756165, 48.5180931091, 49.0753746033, 49.6326522827, 50.1899299622, 50.6775512695, 51.1651687622, 51.6643981934, 52.1752357483, 52.6860771179, 53.1853065491, 53.661315918, 54.1373214722, 54.6133308411, 55.08934021, 55.5537414551, 56.0181388855, 56.5173683167, 57.0165977478, 57.515827179, 58.0034446716, 58.4794540405, 58.9554634094, 59.4314727783, 59.9074821472, 60.3834915161, 60.859500885, 61.3355102539, 61.8115196228, 62.2991371155, 62.8099746704, 63.32081604, 63.831653595, 64.3657150269, 64.899772644, 65.4454421997, 65.9911117554, 66.536781311, 67.0708389282, 67.6165084839, 68.1505661011, 68.6962356567, 69.2419052124, 69.7759628296, 70.3216323853, 70.844078064, 71.3781356812, 71.9122009277, 72.4462585449, 73.0035324097, 73.5608139038, 74.1297073364, 74.6869812012, 75.2442626953, 75.789932251, 76.3356018066, 76.8812713623, 77.4385452271, 77.9842147827, 78.5298843384, 79.0639419556, 79.5979995728, 80.1436691284, 80.712562561, 81.2814483643, 81.8271179199, 82.3727874756, 82.9184570312, 83.4757385254, 84.0330123901, 84.5902938843, 85.1359634399, 85.6700210571, 86.1924667358, 86.7265319824, 87.2489776611, 87.7714233398, 88.3054885864, 88.8395462036, 89.3736038208, 89.9192733765, 90.4649429321, 90.9990005493, 91.5330581665, 92.0671157837, 92.6011810303, 93.1352386475, 93.6692962646, 94.2033538818, 94.737411499, 95.2714691162, 95.8055343628, 96.33959198, 96.8852615356, 97.4193191528, 97.95337677, 98.4990463257, 99.0331039429, 99.5671615601, 100.101219177, 100.635284424, 101.169342041, 101.703399658, 102.237457275, 102.771514893, 103.305580139, 103.839637756, 104.373695374, 104.919364929, 105.465034485, 105.999092102, 106.533149719, 107.067207336, 107.601264954, 108.1353302, 108.669387817, 109.203445435, 109.737503052, 110.271560669, 110.817230225, 111.36289978, 111.896957397, 112.431015015, 112.965080261, 113.510749817, 114.056411743, 114.59047699, 115.124534607, 115.658592224, 116.192649841, 116.726707458, 117.260765076, 117.794830322, 118.328887939, 118.862945557, 119.397003174, 119.931060791, 120.465126038, 121.010787964, 121.54485321, 122.090522766, 122.624580383, 123.158638, 123.692695618, 124.226753235, 124.760810852, 125.294876099, 125.828933716, 126.362991333, 126.89704895, 127.431106567, 127.965164185, 128.499221802, 129.033279419, 129.578948975, 130.12461853, 130.658676147, 131.192733765, 131.726806641, 132.260864258, 132.794921875, 133.328979492, 133.863037109, 134.397094727, 134.942764282, 135.488433838, 136.022491455, 136.556549072, 137.090606689, 137.624664307, 138.158721924, 138.692779541, 139.226852417, 139.760910034, 140.294967651, 140.829025269, 141.363082886, 141.897140503, 142.43119812, 142.976867676, 143.522537231, 144.056594849, 144.590652466, 145.124710083, 145.6587677, 146.192825317, 146.726898193, 147.260955811, 147.795013428, 148.329071045, 148.863128662, 149.397186279, 149.931243896, 150.465301514, 151.010971069, 151.556640625, 152.090698242, 152.624755859, 153.158813477, 153.692871094, 154.226928711, 154.761001587, 155.295059204, 155.829116821, 156.363174438, 156.897232056, 157.431289673, 157.976959229, 158.522628784, 159.056686401, 159.590744019, 160.124801636, 160.658859253, 161.19291687, 161.726974487, 162.261047363, 162.79510498, 163.329162598, 163.863220215, 164.397277832, 164.931335449, 165.477005005, 166.022674561, 166.556732178, 167.090789795, 167.624847412, 168.158905029, 168.692962646, 169.227020264, 169.761077881, 170.295150757, 170.829208374, 171.363265991, 171.897323608, 172.431381226, 172.977050781, 173.522720337, 174.056777954, 174.590835571, 175.124893188, 175.658950806, 176.193008423, 176.72706604, 177.261123657, 177.795196533, 178.32925415, 178.863311768, 179.397369385, 179.931427002, 180.465484619, 181.011154175, 181.55682373, 182.090881348, 182.624938965, 183.158996582, 183.693054199, 184.227111816, 184.761169434, 185.29524231, 185.829299927, 186.363357544, 186.897415161, 187.443084717, 187.988754272, 188.52281189, 189.056869507, 189.590927124, 190.124984741, 190.659042358, 191.193099976, 191.727157593, 192.26121521, 192.795272827, 193.329345703, 193.86340332, 194.397460938, 194.931518555, 195.465576172, 196.011245728, 196.556915283, 197.0909729, 197.625030518, 198.159088135, 198.693145752, 199.227203369, 199.761260986, 200.295318604, 200.829391479, 201.363449097, 201.897506714, 202.431564331, 202.965621948, 203.499679565, 204.033737183, 204.579406738, 205.125076294, 205.659133911, 206.193191528, 206.727249146, 207.261306763, 207.79536438, 208.329421997, 208.863494873, 209.409164429, 209.943222046, 210.477279663, 211.01133728, 211.557006836, 212.091064453, 212.62512207, 213.159179688, 213.693237305, 214.227294922, 214.761352539, 215.295410156, 215.829467773, 216.363540649, 216.897598267, 217.443267822, 217.988937378, 218.522994995, 219.057052612, 219.591110229, 220.125167847, 220.659225464, 221.193283081, 221.727340698, 222.261398315, 222.795455933, 223.32951355, 223.863571167, 224.397644043, 224.93170166, 225.465759277, 226.011428833, 226.557098389, 227.091156006, 227.613601685, 228.15927124, 228.693328857, 229.227386475, 229.761444092, 230.295501709, 230.829559326, 231.363616943, 231.897689819, 232.431747437, 232.965805054, 233.499862671, 234.033920288, 234.579589844, 235.125259399, 235.659317017, 236.193374634, 236.727432251, 237.261489868, 237.795547485, 238.329605103, 238.86366272, 239.397735596, 239.931793213, 240.46585083, 241.011520386, 241.557189941, 242.091247559, 242.625305176, 243.159362793, 243.69342041, 244.227478027, 244.761535645, 245.295593262, 245.829650879, 246.363708496, 246.897766113, 247.431838989, 247.977508545, 248.523162842, 249.057235718, 249.591293335, 250.113739014, 250.647796631, 251.181854248, 251.715911865, 252.261581421, 252.795639038, 253.329696655, 253.863754272, 254.39781189, 254.931884766, 255.465942383, 256, 256.534057617, 257.068115234, 257.602172852, 258.136230469, 258.681884766, 259.22756958, 259.761627197, 260.307312012, 260.841369629, 261.375427246, 261.909484863, 262.45513916, 262.989196777, 263.523254395, 264.057312012, 264.579772949, 265.113830566, 265.647888184, 266.19354248, 266.739227295, 267.261688232, 267.79574585, 268.329803467, 268.863861084, 269.397918701, 269.931976318, 270.466033936, 271.000091553, 271.54574585, 272.091430664, 272.625488281, 273.159545898, 273.693603516, 274.227661133, 274.76171875, 275.295776367, 275.829833984, 276.363891602, 276.909576416, 277.455230713, 277.97769165, 278.50012207, 279.034179688, 279.568237305, 280.113922119, 280.659576416, 281.193634033, 281.72769165, 282.261749268, 282.795837402, 283.32989502, 283.863952637, 284.398010254, 284.943664551, 285.489349365, 286.023406982, 286.5574646, 287.091522217, 287.625579834, 288.159637451, 288.693695068, 289.227752686, 289.761810303, 290.29586792, 290.841522217, 291.375610352, 291.921264648, 292.455322266, 292.989379883, 293.5234375, 294.057495117, 294.591552734, 295.125610352, 295.659667969, 296.193725586, 296.727783203, 297.26184082, 297.795898438, 298.341583252, 298.875640869, 299.421295166, 299.955383301, 300.489440918, 301.023498535, 301.557556152, 302.09161377, 302.625671387, 303.159729004, 303.693786621, 304.227844238, 304.773498535, 305.31918335, 305.853240967, 306.387298584, 306.921356201, 307.455413818, 307.989471436, 308.523529053, 309.05758667, 309.591644287, 310.125701904, 310.659759521, 311.193817139, 311.739501953, 312.27355957, 312.819213867, 313.353271484, 313.887329102, 314.421386719, 314.955444336, 315.489532471, 316.023590088, 316.557647705, 317.091705322, 317.625762939, 318.159820557, 318.693878174, 319.227935791, 319.761993408, 320.307647705, 320.841705322, 321.387390137, 321.921447754, 322.455505371, 322.989562988, 323.523620605, 324.057678223, 324.59173584, 325.125793457, 325.659851074, 326.193908691, 326.739593506, 327.273651123, 327.81930542, 328.353363037, 328.887420654, 329.421478271, 329.955535889, 330.489593506, 331.023681641, 331.557739258, 332.091796875, 332.625854492, 333.159912109, 333.693969727, 334.228027344, 334.762084961, 335.296142578, 335.841796875, 336.387481689, 336.921539307, 337.455596924, 337.989654541, 338.523712158, 339.057769775, 339.591827393, 340.12588501, 340.659942627, 341.194000244, 341.728057861, 342.273742676, 342.807800293, 343.35345459, 343.887512207, 344.421569824, 344.955627441, 345.489685059, 346.023742676, 346.557830811, 347.091888428, 347.625946045, 348.160003662, 348.694061279, 349.228118896, 349.762176514, 350.307830811, 350.853515625, 351.387573242, 351.921630859, 352.455688477, 352.989746094, 353.523803711, 354.057861328, 354.591918945, 355.125976562, 355.66003418, 356.194091797, 356.728149414, 357.273834229, 357.819488525, 358.353546143, 358.88760376, 359.421661377, 359.955718994, 360.489776611, 361.023834229, 361.557922363, 362.09197998, 362.626037598, 363.160095215, 363.705749512, 364.239807129, 364.773864746, 365.307922363, 365.853607178, 366.387664795, 366.921722412, 367.455780029, 367.989837646, 368.523895264, 369.057952881, 369.592010498, 370.126068115, 370.660125732, 371.19418335, 371.728240967, 372.262298584, 372.796356201, 373.330413818, 373.864471436, 374.398529053, 374.93258667, 375.478271484, 376.023925781, 376.557983398, 377.092071533, 377.62612915, 378.160186768, 378.694244385, 379.228302002, 379.762359619, 380.296417236, 380.830474854, 381.364532471, 381.910186768, 382.455871582, 382.989929199, 383.523986816, 384.058044434, 384.592102051, 385.126159668, 385.660217285, 386.194274902, 386.72833252, 387.262390137, 387.796447754, 388.330505371, 388.864562988, 389.398620605, 389.94430542, 390.489959717, 391.024017334, 391.558074951, 392.092132568, 392.626220703, 393.16027832, 393.694335938, 394.228393555, 394.762451172, 395.308105469, 395.842163086, 396.3878479, 396.921905518, 397.455963135, 397.990020752, 398.524078369, 399.058135986, 399.592193604, 400.126251221, 400.660308838, 401.182769775, 401.716827393, 402.262481689, 402.808166504, 403.330596924, 403.864654541, 404.398712158, 404.932769775, 405.47845459, 406.012512207, 406.558166504, 407.092224121, 407.626281738, 408.171966553, 408.70602417, 409.240081787, 409.785766602, 410.319824219, 410.842254639, 411.364715576, 411.898773193, 412.432830811, 412.966888428, 413.500946045, 414.046600342, 414.580657959, 415.126342773, 415.660400391, 416.194458008, 416.728515625, 417.262573242, 417.796630859, 418.330688477, 418.864746094, 419.398803711, 419.932861328, 420.466918945, 421.000976562, 421.5234375, 422.03427124, 422.46383667, 422.88180542, 423.29977417, 423.740936279, 424.182128906, 424.623291016, 425.064483643, 425.482452393, 425.900390625, 426.318359375, 426.666656494, 427.014953613, 427.37487793, 427.734771729, 428.083068848, 428.431365967, 428.768066406, 429.104766846, 429.441436768, 429.789733887, 430.149658203, 430.509552002, 430.881072998, 431.264221191, 431.635742188, 432.007263184, 432.378753662, 432.727081299, 433.075378418, 433.423675537, 433.771972656, 434.155090332, 434.538238525, 434.909729004, 435.28125, 435.675994873, 436.070739746, 436.465484619, 436.860229492, 437.254943848, 437.649688721, 438.044433594, 438.439178467, 438.83392334, 439.228668213, 439.623382568, 440.018127441, 440.412872314, 440.79598999, 441.179138184, 441.562255859, 441.945373535, 442.328521729, 442.723266602, 443.106384277, 443.50112915, 443.895874023, 444.290618896, 444.685333252, 445.080078125, 445.474822998, 445.904388428, 446.345581055, 446.775146484, 447.216308594, 447.58782959, 447.959350586, 448.330871582, 448.702392578, 449.073913574, 449.44543457, 449.816955566, 450.188476562, 450.536773682, 450.89666748, 451.256591797, 451.616485596, 451.976409912, 452.336303711, 452.696228027, 453.067749023, 453.474090576, 453.880432129, 454.275177002, 454.681518555, 455.064666748, 455.447784424, 455.81930542, 456.24887085, 456.678436279, 457.108032227, 457.537597656, 457.978759766, 458.419952393, 458.872741699, 459.325531006, 459.778320312, 460.231109619, 460.683898926], "beats_loudness": {"dmean2": 0.0287139303982, "median": 0.0279947593808, "min": 0, "dvar2": 0.00104863906745, "dvar": 0.000368347245967, "dmean": 0.0166074167937, "max": 0.14825078845, "var": 0.000851621443871, "mean": 0.0341821350157}, "danceability": 0.987713575363, "bpm_histogram_second_peak_weight": {"dmean2": 0, "median": 0.0237020310014, "min": 0.0237020310014, "dvar2": 0, "dvar": 0, "dmean": 0, "max": 0.0237020310014, "var": 0, "mean": 0.0237020310014}, "beats_count": 887, "bpm_histogram_second_peak_bpm": {"dmean2": 0, "median": 152, "min": 152, "dvar2": 0, "dvar": 0, "dmean": 0, "max": 152, "var": 0, "mean": 152}, "bpm_histogram_first_peak_spread": {"dmean2": 0, "median": 0.231321871281, "min": 0.231321871281, "dvar2": 0, "dvar": 0, "dmean": 0, "max": 0.231321871281, "var": 0, "mean": 0.231321871281}, "beats_loudness_band_ratio": {"dmean2": [0.313271939754, 0.210413083434, 0.272726893425, 0.177063941956, 0.062929995358, 0.0473239012063], "median": [0.374769538641, 0.129431426525, 0.177085652947, 0.0699632540345, 0.0202246271074, 0.00869041122496], "min": [0, 0, 0, 0, 0, 0], "dvar2": [0.0618666671216, 0.0438205003738, 0.0769822821021, 0.0610189437866, 0.00520581705496, 0.00835094414651], "dvar": [0.0226290319115, 0.0161735247821, 0.030434275046, 0.0184028018266, 0.00192581722513, 0.00315498770215], "dmean": [0.184929743409, 0.122417785227, 0.162314087152, 0.0997402146459, 0.034462377429, 0.0255124326795], "max": [0.963764846325, 0.954629957676, 0.945647656918, 0.953784883022, 0.377583771944, 0.985694766045], "var": [0.0678133890033, 0.0288049746305, 0.0488142482936, 0.0250057522207, 0.00173862499651, 0.00189978687558], "mean": [0.408513396978, 0.185473367572, 0.249639689922, 0.131565615535, 0.0351675078273, 0.0224629025906]}}, "lowlevel": {"barkbands_spread": {"dmean2": 5.56477308273, "median": 13.2520389557, "min": 0.346763163805, "dvar2": 40.4212303162, "dvar": 18.1558036804, "dmean": 3.6573908329, "max": 129.583816528, "var": 74.2082519531, "mean": 14.560459137}, "melbands_spread": {"dmean2": 6.31347894669, "median": 14.9891939163, "min": 0.500979065895, "dvar2": 49.0929946899, "dvar": 20.7039470673, "dmean": 4.06361246109, "max": 152.353607178, "var": 112.31186676, "mean": 16.4051055908}, "hfc": {"dmean2": 6.78787326813, "median": 9.204870224, "min": 1.03855728749e-16, "dvar2": 105.841644287, "dvar": 48.8049468994, "dmean": 4.64974212646, "max": 138.103683472, "var": 197.920089722, "mean": 14.0417480469}, "barkbands_kurtosis": {"dmean2": 4.50654220581, "median": 2.37427139282, "min": -1.80911707878, "dvar2": 112.493606567, "dvar": 45.2517280579, "dmean": 2.86581730843, "max": 227.008148193, "var": 92.4975128174, "mean": 4.85590457916}, "gfcc": {"mean": [-54.2752799988, 128.833847046, -120.312255859, 16.9164562225, -52.7560958862, 10.5104398727, -26.5196208954, 7.84478569031, -12.8543367386, 0.0817869231105, -0.0489237718284, -2.93857145309, -7.99851417542], "icov": [[0.000147712984472, -0.000138505260111, 0.000120929325931, -0.000192322171642, 0.000394369155401, -0.00023688589863, 0.000219858527998, -0.000278563675238, 0.000215512904106, -0.000501242408063, 0.000245341885602, -0.000149132771185, 0.000157858405146], [-0.000138505260111, 0.00196024565957, -2.40231784119e-05, 0.000645939609967, -0.0015489787329, 0.000829843687825, -0.000931973394472, 0.00109269935638, -0.00149895960931, 0.00184153777082, -0.00207474059425, 0.00115029839799, -0.00121540378314], [0.000120929325931, -2.40231784119e-05, 0.00231681368314, -0.000630087510217, -0.000470709463116, -0.00100494839717, 0.0010253310902, -0.00121863803361, 0.000617595680524, -0.00111353863031, 0.000437819166109, -0.000861795328092, 0.000512056052685], [-0.000192322171642, 0.000645939609967, -0.000630087510217, 0.00406344560906, -0.00123745412566, -0.000383511680411, -0.000653054914437, 0.00119719305076, -0.000875987869222, 0.00133380515035, -0.00047251250362, -0.000168611906702, -0.000641936552711], [0.000394369155401, -0.0015489787329, -0.000470709463116, -0.00123745412566, 0.00510283978656, -0.000352670555003, -0.000907291658223, -0.000624712265562, 0.000265496550128, -0.00206062826328, 0.00232390477322, -0.000721476273611, -5.07040167577e-05], [-0.00023688589863, 0.000829843687825, -0.00100494839717, -0.000383511680411, -0.000352670555003, 0.00525378528982, -0.000955434690695, -0.0008580298163, -0.000718247727491, 0.00260568456724, -0.00156247231644, 0.000477414345369, 0.000272410747129], [0.000219858527998, -0.000931973394472, 0.0010253310902, -0.000653054914437, -0.000907291658223, -0.000955434690695, 0.00724672712386, -0.00266362749971, 0.000202596624149, -0.000830132397823, 0.000239529312239, 0.000235801038798, 0.000974378315732], [-0.000278563675238, 0.00109269935638, -0.00121863803361, 0.00119719305076, -0.000624712265562, -0.0008580298163, -0.00266362749971, 0.0106028635055, -0.00363642349839, 0.000368600944057, 0.000540003587957, 9.87388193607e-05, 0.00161291752011], [0.000215512904106, -0.00149895960931, 0.000617595680524, -0.000875987869222, 0.000265496550128, -0.000718247727491, 0.000202596624149, -0.00363642349839, 0.0110726263374, -0.00466459151357, -4.6097116865e-05, 0.00283141387627, -0.00230444129556], [-0.000501242408063, 0.00184153777082, -0.00111353863031, 0.00133380515035, -0.00206062826328, 0.00260568456724, -0.000830132397823, 0.000368600944057, -0.00466459151357, 0.0116211855784, -0.000680381257553, -0.00350450305268, 0.00201516202651], [0.000245341885602, -0.00207474059425, 0.000437819166109, -0.00047251250362, 0.00232390477322, -0.00156247231644, 0.000239529312239, 0.000540003587957, -4.6097116865e-05, -0.000680381257553, 0.00891431793571, -0.00237765652128, 0.00111055152956], [-0.000149132771185, 0.00115029839799, -0.000861795328092, -0.000168611906702, -0.000721476273611, 0.000477414345369, 0.000235801038798, 9.87388193607e-05, 0.00283141387627, -0.00350450305268, -0.00237765652128, 0.013462388888, -0.00680951168761], [0.000157858405146, -0.00121540378314, 0.000512056052685, -0.000641936552711, -5.07040167577e-05, 0.000272410747129, 0.000974378315732, 0.00161291752011, -0.00230444129556, 0.00201516202651, 0.00111055152956, -0.00680951168761, 0.0139681817964]], "cov": [[14130.4746094, -2330.72705078, 327.455535889, 189.783355713, -1283.55529785, 505.556762695, -575.164672852, 402.671081543, -278.099090576, 604.412414551, -361.727050781, 269.465759277, -359.623626709], [-2330.72705078, 2042.46838379, -462.033721924, -83.3373336792, 454.907623291, -201.7706604, 278.905303955, -197.043182373, 210.686172485, -287.858337402, 318.50579834, -166.892379761, 195.655105591], [327.455535889, -462.033721924, 748.934631348, 123.947555542, 60.0032653809, 147.044036865, -68.3009567261, 124.336540222, -28.7112770081, 131.297119141, -102.856063843, 87.1931838989, -50.8989067078], [189.783355713, -83.3373336792, 123.947555542, 316.678619385, 65.2671661377, 69.2355422974, 11.2287778854, 4.09044075012, 3.11062955856, -0.583469867706, -14.2906332016, 24.6859989166, 12.0127592087], [-1283.55529785, 454.907623291, 60.0032653809, 65.2671661377, 467.875549316, -44.658416748, 136.812850952, -1.92317140102, 83.6377868652, -7.47603559494, -3.00551438332, -16.2301464081, 55.339630127], [505.556762695, -201.7706604, 147.044036865, 69.2355422974, -44.658416748, 295.059265137, 7.33033370972, 69.4239730835, -10.7013626099, -14.0324172974, -2.26452159882, -2.85009145737, -40.873210907], [-575.164672852, 278.905303955, -68.3009567261, 11.2287778854, 136.812850952, 7.33033370972, 226.680450439, 31.5433940887, 57.3831520081, -28.322271347, 28.2183055878, -43.6313705444, 4.72600841522], [402.671081543, -197.043182373, 124.336540222, 4.09044075012, -1.92317140102, 69.4239730835, 31.5433940887, 172.150894165, 34.4538803101, 60.1544647217, -50.665058136, -0.166567772627, -48.5528755188], [-278.099090576, 210.686172485, -28.7112770081, 3.11062955856, 83.6377868652, -10.7013626099, 57.3831520081, 34.4538803101, 155.560287476, 22.3438415527, 22.4142417908, -31.9631633759, 20.2780017853], [604.412414551, -287.858337402, 131.297119141, -0.583469867706, -7.47603559494, -14.0324172974, -28.322271347, 60.1544647217, 22.3438415527, 197.499008179, -58.3110542297, 59.8493309021, -32.4355773926], [-361.727050781, 318.50579834, -102.856063843, -14.2906332016, -3.00551438332, -2.26452159882, 28.2183055878, -50.665058136, 22.4142417908, -58.3110542297, 192.841583252, -7.97954273224, 31.7190990448], [269.465759277, -166.892379761, 87.1931838989, 24.6859989166, -16.2301464081, -2.85009145737, -43.6313705444, -0.166567772627, -31.9631633759, 59.8493309021, -7.97954273224, 136.992599487, 36.9415779114], [-359.623626709, 195.655105591, -50.8989067078, 12.0127592087, 55.339630127, -40.873210907, 4.72600841522, -48.5528755188, 20.2780017853, -32.4355773926, 31.7190990448, 36.9415779114, 124.884689331]]}, "spectral_energyband_middle_low": {"dmean2": 0.0069369492121, "median": 0.00742917880416, "min": 1.68947588524e-22, "dvar2": 0.000134842499392, "dvar": 6.09877643001e-05, "dmean": 0.00456430902705, "max": 0.198955953121, "var": 0.000244444439886, "mean": 0.012820949778}, "melbands_crest": {"dmean2": 4.94211339951, "median": 13.9854183197, "min": 1.47497534752, "dvar2": 23.5650577545, "dvar": 9.1351442337, "dmean": 3.1017742157, "max": 36.2953491211, "var": 35.871837616, "mean": 15.109916687}, "spectral_kurtosis": {"dmean2": 5.70511102676, "median": 6.14597129822, "min": -1.24402701855, "dvar2": 69.3700714111, "dvar": 23.4883155823, "dmean": 3.39042520523, "max": 82.3308639526, "var": 60.0409851074, "mean": 8.47223949432}, "spectral_rms": {"dmean2": 0.00107372726779, "median": 0.00420483853668, "min": 3.09541953701e-12, "dvar2": 1.73619184807e-06, "dvar": 7.36380172839e-07, "dmean": 0.000718751864042, "max": 0.0141055518761, "var": 5.63254297958e-06, "mean": 0.00450755702332}, "zerocrossingrate": {"dmean2": 0.00777490390465, "median": 0.03662109375, "min": 0.00146484375, "dvar2": 7.33819688321e-05, "dvar": 5.85848320043e-05, "dmean": 0.00640471093357, "max": 0.873046875, "var": 0.00126460881438, "mean": 0.0413184762001}, "silence_rate_60dB": {"dmean2": 0.037441495806, "median": 0, "min": 0, "dvar2": 0.0432879365981, "dvar": 0.0183683410287, "dmean": 0.0187198072672, "max": 1, "var": 0.0973629802465, "mean": 0.109294019639}, "erbbands_kurtosis": {"dmean2": 2.33497905731, "median": 0.715492248535, "min": -1.73058438301, "dvar2": 18.9035739899, "dvar": 9.08480834961, "dmean": 1.50846934319, "max": 190.979858398, "var": 30.5193443298, "mean": 2.00379538536}, "erbbands": {"dmean2": [0.270621597767, 1.25007140636, 1.73237359524, 2.20349311829, 3.98982024193, 8.69093418121, 7.37609386444, 17.3878288269, 29.1526412964, 25.8604106903, 42.7685241699, 39.8338394165, 18.8290214539, 20.4138011932, 21.9499721527, 31.8476238251, 26.2404251099, 19.2163829803, 12.0576705933, 11.094329834, 9.13710975647, 7.18118190765, 8.98629760742, 6.08882188797, 6.50549936295, 3.88223409653, 2.21309971809, 2.52071595192, 2.05109500885, 1.43282365799, 1.1512414217, 0.877867639065, 0.723678648472, 0.489792853594, 0.251095086336, 0.0982353910804, 0.0281974375248, 0.00623156968504, 0.000685316743329, 5.01118920511e-05], "median": [0.0535162724555, 0.332728207111, 0.497637629509, 0.977817595005, 1.5339230299, 2.64320850372, 4.67663478851, 7.71456670761, 8.73077583313, 10.2712459564, 14.6013813019, 14.1875658035, 8.60842037201, 9.12755584717, 10.1701231003, 11.0946092606, 10.3645896912, 7.52083063126, 5.26427221298, 3.59297919273, 2.84426760674, 2.59473252296, 2.99718117714, 2.25463891029, 1.84611344337, 1.18269741535, 0.622526347637, 0.40688213706, 0.418057471514, 0.308764755726, 0.262111932039, 0.210040986538, 0.133386656642, 0.0389934889972, 0.00859572552145, 0.00207029026933, 0.000444594945293, 0.000101872894447, 2.90726547973e-05, 2.67179675575e-05], "min": [8.43919736091e-23, 6.15635431293e-22, 9.87308622561e-22, 9.14654881551e-21, 2.44879227087e-20, 3.63928741056e-20, 2.47661558937e-20, 8.4364163599e-20, 1.26202855584e-19, 2.38618755857e-19, 2.12752171868e-19, 5.55294720411e-19, 5.03891287303e-19, 6.82505844538e-19, 1.0171908235e-18, 1.66883068197e-18, 1.4052101853e-18, 2.18596270104e-18, 2.54602594308e-18, 3.59276510562e-18, 3.66193560281e-18, 5.33480830284e-18, 6.50025243278e-18, 8.00861379823e-18, 8.19064399101e-18, 9.03975812468e-18, 1.05600656325e-17, 1.19940717327e-17, 1.17651238556e-17, 1.15462460753e-17, 9.57313659137e-18, 1.10126856288e-17, 1.02394661435e-17, 9.20734987987e-18, 6.86317834013e-18, 4.74695420256e-18, 2.43375044379e-18, 9.49932044107e-19, 2.58115377046e-19, 2.66218095822e-20], "dvar2": [0.395176500082, 8.2717294693, 15.9578771591, 23.5422058105, 74.0612182617, 481.936737061, 248.622940063, 2220.90600586, 12541.5429688, 4774.41992188, 10260.5693359, 11137.6738281, 2291.10327148, 2490.96533203, 3162.38085938, 11391.5654297, 5586.52001953, 3230.60375977, 784.882141113, 778.958862305, 617.262878418, 284.102233887, 589.761474609, 238.623397827, 294.724243164, 94.8600311279, 27.0839691162, 54.4674072266, 20.7578392029, 9.39066123962, 7.12380313873, 4.15085697174, 2.59783864021, 1.6724241972, 0.355658948421, 0.0618019849062, 0.00682865502313, 0.000296774320304, 3.33123580276e-06, 1.36607223311e-08], "dvar": [0.136770814657, 3.04260420799, 6.06120824814, 8.61654663086, 27.3280239105, 176.372299194, 105.337097168, 977.902587891, 6778.01757812, 1971.53930664, 4831.15527344, 5047.98486328, 1079.74914551, 1226.47070312, 1306.39978027, 4703.28417969, 2348.06933594, 1476.92346191, 345.203186035, 299.876586914, 234.644348145, 118.212875366, 249.189208984, 101.970054626, 120.096565247, 43.7803993225, 12.6677522659, 22.5046596527, 9.48753261566, 4.4536190033, 3.45591187477, 1.91450595856, 1.18394231796, 0.756050765514, 0.163942083716, 0.0265160594136, 0.0027601455804, 0.000124157668324, 1.42322369356e-06, 5.90590953919e-09], "dmean": [0.168205231428, 0.767953157425, 1.05229794979, 1.32201504707, 2.37808990479, 5.20962667465, 4.75700044632, 11.0741758347, 20.3632049561, 16.7216491699, 29.0109539032, 26.3074417114, 12.4266700745, 13.9411087036, 13.9317302704, 20.1875934601, 16.5587863922, 12.4269685745, 7.45160293579, 6.6086769104, 5.45995378494, 4.43952035904, 5.67643165588, 3.87484669685, 4.08997869492, 2.53911685944, 1.48968982697, 1.62021815777, 1.3794438839, 0.99139136076, 0.769626557827, 0.594224691391, 0.484470039606, 0.336447626352, 0.168578803539, 0.0636379644275, 0.0183520894498, 0.00403927406296, 0.000445500947535, 3.33859934472e-05], "max": [5.01252698898, 25.7644786835, 51.2005462646, 74.5479278564, 145.775375366, 447.140350342, 401.817810059, 953.113037109, 3103.60400391, 1567.83203125, 1990.4934082, 2357.30371094, 1341.37060547, 1304.07629395, 1500.73144531, 3008.54711914, 1803.01489258, 1473.7298584, 967.142211914, 573.588195801, 447.779724121, 357.793304443, 613.650390625, 383.542114258, 427.108398438, 387.966369629, 159.616455078, 180.662216187, 83.847984314, 82.1760482788, 75.7836151123, 54.0600395203, 34.9742965698, 29.1920928955, 14.1969614029, 4.92740774155, 2.35438370705, 0.257651209831, 0.0304684173316, 0.00164301856421], "var": [0.272826254368, 6.20565319061, 8.41996860504, 10.8574085236, 36.2482948303, 283.618865967, 272.117614746, 3411.15478516, 23601.7402344, 5092.21582031, 17586.3027344, 18231.5839844, 3566.12329102, 2865.26318359, 2875.74951172, 9424.76367188, 4516.91308594, 3543.84423828, 649.703979492, 623.944396973, 489.803314209, 199.696975708, 456.65411377, 193.853164673, 207.782730103, 81.4130401611, 22.9417419434, 31.2186508179, 17.1874675751, 10.5453462601, 9.56230545044, 4.48504161835, 2.43571281433, 1.18217623234, 0.284725129604, 0.0384946838021, 0.00320200435817, 0.000167477453942, 2.25429084821e-06, 1.00415009641e-08], "mean": [0.290777534246, 1.35270595551, 1.68035817146, 2.11390352249, 3.45697569847, 8.28470420837, 9.42373275757, 23.9525470734, 43.2325057983, 32.7251777649, 60.832698822, 55.5859336853, 24.7919578552, 23.8557376862, 24.568113327, 34.3426589966, 27.641664505, 22.5108165741, 12.3251314163, 10.3400382996, 8.72558784485, 7.15840673447, 9.29429340363, 6.71697473526, 6.76770305634, 4.00668478012, 2.35152602196, 2.35439562798, 2.07459306717, 1.53597605228, 1.18997621536, 0.929641604424, 0.709428369999, 0.428572118282, 0.208046466112, 0.0742124691606, 0.0210994184017, 0.00472328113392, 0.000540914828889, 6.19180937065e-05]}, "spectral_strongpeak": {"dmean2": 0.855857014656, "median": 0.502877831459, "min": 0, "dvar2": 1.81893742085, "dvar": 0.761248528957, "dmean": 0.523453831673, "max": 11.6401424408, "var": 2.03091025352, "mean": 1.13509523869}, "spectral_energy": {"dmean2": 0.0130016459152, "median": 0.0181226823479, "min": 9.82116226487e-21, "dvar2": 0.000388191110687, "dvar": 0.000159355651704, "dmean": 0.00851922109723, "max": 0.203940749168, "var": 0.000639205100015, "mean": 0.0265994090587}, "average_loudness": 0.520668268204, "spectral_rolloff": {"dmean2": 370.81161499, "median": 732.12890625, "min": 43.06640625, "dvar2": 461923.5, "dvar": 197956.546875, "dmean": 218.677001953, "max": 21770.0683594, "var": 1520271.25, "mean": 933.695983887}, "spectral_centroid": {"dmean2": 245.3671875, "median": 863.679443359, "min": 200.224136353, "dvar2": 86839.0625, "dvar": 38990.7617188, "dmean": 159.572784424, "max": 11654.4375, "var": 365931.90625, "mean": 956.352416992}, "pitch_salience": {"dmean2": 0.104935564101, "median": 0.507264792919, "min": 0.0577027760446, "dvar2": 0.00962265860289, "dvar": 0.00384483858943, "dmean": 0.0660814791918, "max": 0.845687270164, "var": 0.0141094485298, "mean": 0.502012848854}, "spectral_energyband_middle_high": {"dmean2": 0.00245329248719, "median": 0.0022582586389, "min": 1.20917437638e-21, "dvar2": 2.16241860471e-05, "dvar": 9.27113978832e-06, "dmean": 0.00162310665473, "max": 0.0995773226023, "var": 2.5445706342e-05, "mean": 0.00383864855394}, "spectral_contrast_coeffs": {"dmean2": [0.0710006579757, 0.0772169232368, 0.0630724579096, 0.052906986326, 0.0345798023045, 0.027275422588], "median": [-0.704329073429, -0.703792572021, -0.764541685581, -0.774813771248, -0.80329811573, -0.789186060429], "min": [-0.981358885765, -0.975238800049, -0.973313331604, -0.969186842442, -0.966492831707, -0.965605437756], "dvar2": [0.0038551655598, 0.00399657664821, 0.00260750041343, 0.00181034824345, 0.000803752569482, 0.000633774965536], "dvar": [0.00143985019531, 0.0016392931575, 0.0010508307023, 0.000722904107533, 0.000344390689861, 0.000273494893918], "dmean": [0.0436718091369, 0.0484945066273, 0.0395344570279, 0.032653912901