{"tonal": {"thpcp": [1, 0.636506557465, 0.230291724205, 0.183478668332, 0.189977347851, 0.316617488861, 0.548425674438, 0.453845500946, 0.189958676696, 0.126594260335, 0.164915263653, 0.318964153528, 0.488021165133, 0.418191611767, 0.290121257305, 0.283207535744, 0.234249949455, 0.24130345881, 0.352225542068, 0.381462812424, 0.622921228409, 0.90830206871, 0.630596756935, 0.250723272562, 0.153495371342, 0.165091723204, 0.315021127462, 0.449858754873, 0.34918987751, 0.199682280421, 0.14061704278, 0.14605858922, 0.265582054853, 0.370693862438, 0.415440618992, 0.730466008186], "hpcp": {"dmean2": [0.111182458699, 0.114802002907, 0.129765421152, 0.161425843835, 0.163921326399, 0.104711875319, 0.0789231210947, 0.0899038463831, 0.137332811952, 0.17908449471, 0.172321662307, 0.14211666584, 0.117875538766, 0.109781265259, 0.111336052418, 0.16595646739, 0.204649597406, 0.236596688628, 0.261771380901, 0.247735247016, 0.155301198363, 0.106566175818, 0.107116065919, 0.137394413352, 0.162335604429, 0.139748707414, 0.0912834778428, 0.0840493738651, 0.0874514952302, 0.118476301432, 0.16195063293, 0.205791190267, 0.245389059186, 0.244877278805, 0.218511238694, 0.135254129767], "median": [0.00950665120035, 0.00997601822019, 0.0281044393778, 0.0553128197789, 0.0425389260054, 0.0153821250424, 0.00736932363361, 0.00966417975724, 0.0383537448943, 0.0702556595206, 0.0545276291668, 0.0231532864273, 0.0134632559493, 0.0112522505224, 0.0150366304442, 0.0200534816831, 0.0327739976346, 0.106340304017, 0.1622261554, 0.103784404695, 0.0209109857678, 0.00754980975762, 0.00993505120277, 0.0304797291756, 0.0509716942906, 0.0393396504223, 0.0177714265883, 0.00881411228329, 0.00730411056429, 0.0159028414637, 0.0288080964237, 0.0494676940143, 0.116054236889, 0.157712697983, 0.0849424675107, 0.0193944610655], "min": [0, 0, 0, 0, 0, 0, 0, 0, 0, 0, 0, 0, 0, 0, 0, 0, 0, 0, 0, 0, 0, 0, 0, 0, 0, 0, 0, 0, 0, 0, 0, 0, 0, 0, 0, 0], "dvar2": [0.0634627342224, 0.0704875960946, 0.058743417263, 0.0647266879678, 0.0717829465866, 0.0495004206896, 0.0368450842798, 0.0390889458358, 0.0555283688009, 0.069536216557, 0.0705340132117, 0.0675825402141, 0.0576453134418, 0.0571213811636, 0.0501730032265, 0.0965646654367, 0.116187177598, 0.102676793933, 0.109129190445, 0.112504698336, 0.0808841213584, 0.0625835433602, 0.0540909841657, 0.0594103820622, 0.06473775208, 0.0565163083375, 0.036150097847, 0.0409881211817, 0.0449102930725, 0.0626403838396, 0.0799232050776, 0.091926433146, 0.0997610166669, 0.108193352818, 0.0898701027036, 0.0640388801694], "dvar": [0.0232665706426, 0.0255606900901, 0.0220143999904, 0.0284507013857, 0.0298482123762, 0.0181880313903, 0.0135548757389, 0.0149879110977, 0.0215263217688, 0.0282662529498, 0.0271646827459, 0.0255236048251, 0.0225847419351, 0.021950058639, 0.0199698917568, 0.0371827706695, 0.0451946370304, 0.0383237451315, 0.045472368598, 0.0420784652233, 0.0305391158909, 0.0229286942631, 0.0203017368913, 0.0236507020891, 0.0275632217526, 0.0231802128255, 0.0137632740662, 0.0151159511879, 0.0168890580535, 0.0247402228415, 0.0315617322922, 0.0367396846414, 0.0397476702929, 0.0456977114081, 0.0370570085943, 0.0240940526128], "dmean": [0.0627412348986, 0.065056078136, 0.0770345404744, 0.0998640134931, 0.100076809525, 0.0608099587262, 0.0448951683939, 0.0521312318742, 0.0813613310456, 0.10880754143, 0.102336116135, 0.0829978510737, 0.0687833875418, 0.0646200180054, 0.0658793672919, 0.0952262878418, 0.118640318513, 0.143530711532, 0.158641919494, 0.145558416843, 0.0870804339647, 0.0596081353724, 0.0613084621727, 0.0823791623116, 0.0996785461903, 0.0845108702779, 0.0536698438227, 0.0483811758459, 0.0499946288764, 0.0701356902719, 0.0955283567309, 0.119062878191, 0.146728694439, 0.146056607366, 0.133673638105, 0.0771931633353], "max": [1, 1, 1, 1, 1, 1, 1, 1, 1, 1, 1, 1, 1, 1, 1, 1, 1, 1, 1, 1, 1, 1, 1, 1, 1, 1, 1, 1, 1, 1, 1, 1, 1, 1, 1, 1], "var": [0.0272821858525, 0.0275597888976, 0.040006827563, 0.0863324254751, 0.0662955865264, 0.020433222875, 0.0135987335816, 0.0195440407842, 0.0349584780633, 0.0590471215546, 0.0505676306784, 0.0389941856265, 0.0497937351465, 0.036854814738, 0.0318099111319, 0.0599055476487, 0.0557811297476, 0.0708056017756, 0.124274611473, 0.0725421682, 0.032443292439, 0.0206064004451, 0.0201974269003, 0.0403990894556, 0.0618831813335, 0.0432885475457, 0.0232879854739, 0.0151371443644, 0.0174620244652, 0.041701477021, 0.0550306104124, 0.0531482584774, 0.0920489355922, 0.150619000196, 0.0800347030163, 0.0262985602021], "mean": [0.0660395845771, 0.0683786571026, 0.113960318267, 0.197395175695, 0.163352876902, 0.0683719366789, 0.0455651469529, 0.0593580454588, 0.114804945886, 0.175653740764, 0.150519952178, 0.104423515499, 0.101935051382, 0.0843137204647, 0.0868524909019, 0.126776739955, 0.137300133705, 0.224208399653, 0.326925694942, 0.226971060038, 0.0902429670095, 0.0552476793528, 0.0594215579331, 0.113385736942, 0.161917924881, 0.12568411231, 0.0718717575073, 0.0506123714149, 0.0525709502399, 0.0955910980701, 0.133424058557, 0.149529784918, 0.262917041779, 0.359930574894, 0.229098170996, 0.0828890353441]}, "tuning_equal_tempered_deviation": 0.0457446575165, "chords_changes_rate": 0.0517985597253, "key_key": "G#", "tuning_diatonic_strength": 0.777182817459, "key_scale": "major", "chords_number_rate": 0.00345323747024, "tuning_frequency": 443.828887939, "tuning_nontempered_energy_ratio": 0.733869373798, "chords_histogram": [41.2661857605, 5.49640274048, 10.9064750671, 6.30215835571, 5.64028787613, 0.172661870718, 1.17985606194, 0, 2.07194232941, 0.258992791176, 0.143884897232, 0, 0.805755376816, 0, 0, 0.230215832591, 0, 2.35971212387, 0, 1.06474816799, 0, 7.02158260345, 2.64748191833, 12.4316549301], "key_strength": 0.924469172955, "chords_key": "G#", "chords_strength": {"dmean2": 0.00903233699501, "median": 0.5620033741, "min": 0.260353237391, "dvar2": 7.02073302818e-05, "dvar": 7.87136377767e-05, "dmean": 0.0108312601224, "max": 0.836292624474, "var": 0.00932912528515, "mean": 0.556457281113}, "chords_scale": "major", "hpcp_entropy": {"dmean2": 1.02684986591, "median": 1.75985264778, "min": 0, "dvar2": 0.703718960285, "dvar": 0.259159713984, "dmean": 0.611320436001, "max": 4.08761262894, "var": 0.59490609169, "mean": 1.73019564152}}, "metadata": {"audio_properties": {"equal_loudness": 0, "codec": "mp3", "downmix": "mix", "sample_rate": 44100, "analysis_sample_rate": 44100, "bit_rate": 128020, "md5_encoded": "7a82dd574108806720bac63e1fb776eb", "length": 161.332244873, "replay_gain": -5.63721466064, "lossless": false}, "version": {"essentia_build_sha": "2d9f1f26377add8aeb1075a9c2973f962c4f09fd", "essentia": "2.1-beta2", "extractor": "music 1.0", "essentia_git_sha": "v2.1_beta2-1-ge3940c0"}, "tags": {"title": ["Love Is the Sweetest Thing (Die Gleiche Story)"], "language": ["eng"], "acoustid_fingerprint": ["AQABz0y4iFKSJMEz5XD6oD_woElahHKQPA-eGd-Gpkd_-LizGO-L0D2SJZqO9yiZxRr8HsmNmMoVfGKKyjyeo9wOP4GL8EiaBJUYPMSuo1eE7Ic-DdmU8ajyoLkf7EHyvMh3PHxQyoYf9A_xIxeSRwluJ0H5wx16e7h0PI0QJn-gPUeOqyiT4IKPvqiZHH6OE3GO64efHQ8D8Tf6LMjr4SKeHGeOMif8WOizI5cOLU3RMwifw9fRL_HwHVcipSiz7EfzDB-ao4kj4Qml4ztOp-ieoXHy4dJDXDjh47J0JA_ykcWT44k1_GiaZD76F9eRH1rOoAeO5AueLBZ65fBx8Wi4TMSVBleOXj-aXMeZE0_n4PlRS0IP4w2uvEHeo_kO7Ud8NE-H0EmOZBaD5tmD_8KJO8uF53iSHOdRHWEOOQ_yjDiTPMZp42WCH19oNE32oEeQLOtRJXmOU8Szo4_RPEfyH3mopHie4LrhPMeTiIj15tCN8NiVB01-gtPxZGRiTM4F_3iWSXh-YdZT9HuIXFlmJAf1Y3-M42N0VEyOHAmJPldwpnBoPMdf3FGOhFce5AcePagPfyQq49E-XBnROMzhtyF6nOnxHc34oJc8nNWF50hu5Lnw5HiPl0d_DGmeHMnGrRwuGc9xhPmoFMmO48GV4AueoDw2HjdOHn6G_EVy7WjCH9fxJzveol2O5keydEPopEdlLWgeIacGPT_yBz-2-DiD60ee5Eii_8NzwbtR_cRTEo8S1NLhI0iWZXgx-sEPnsIV4R7aPXB6MM-R_9DzIN8xZ8kKR8d1HECyB6nD4EfzvfiRa7ghpzquYdxyHCHJwyeeHrcp-IH_oniC6DySK4KH44miJ8SpK-iJ5lmOHJpTpE_gKzl6VJLQKEmSpcd_HM8OVwvyGXp-RO4NdwSf4DqmoGRGnJKCjsnh6iqS8UL8oKfR5zhTXA2uJMf5oT62CvmguxWYH9pzEqHxYw-eNDKujDEehkKt5AgzkkiO47vQ-EKZHX-G_3iToNTR8Lh4oXGmBqWUqsXT4_HRB2G6GcnzFOeLB5_wF8_xM6jEHWYePD58UniO5CnyDFaPWkeo6krh_Sl-aFl_XEMeBU-OyofHFyn5oTwFXQtiJRsu_Giqo3qOXvvQNQcemQrO1AlOwcfxrLjW4DlHhGSWSEiW49rxpYg_qEkmGyHV9GiaWQmej2i-HD0PnEiuPUEe_ahoNHrw48d1XFFyfD0eHnmgnZjyfBCyB-afYZZy3D8asc6GHMnWHBfj4yNx9njzDEuDXRmSJV8mAKAUQwxIRgAhFAgHiDEAQCcAYUp4sYQAFiCIgGcEUUKQUMiZgIQASADBBDGjIOaEIwg4AoACSiCmECIMCSSUEJQIgRQRAEBAGEGMCOA4GAQYAwVDDDAhoDUAMIIM8cAQZIQQRBBCECKIAAGMMEIZhABiBjBAAFCQKYSEAAQI4BExBACACEIACCcQgsQAQQRUChCiCAGOEQAQMAYCowQQjjEBGCJQAUEARYgoJRBQwBJlDBIAAACVIIoIBwQSABBghUUKMYaZJQ4YYAgwjAIgmKGCAQGAAtARxYkCQhEBiBKIAOQ8MQICJqgUBjGgjGJQEbkREIQKRRVzDAkEEEYCCYcMIMAIoAwARAxggEOCAScI4AQg5IwghBEjCFLMKAAMUx4ApIRKRBkAhCAACyKIYUIZAxCjCDgDAIDCAGagkpAIYAAhijkIFZGGKKSEEYAZ4BBUkAiroAOEEWGEIAEJJAgAYjCBBDFGKoEMAwIBQwxBQAFCjAUA"], "date": ["1965"], "genre": ["Vocal"], "musicbrainz_releasegroupid": ["d427b137-1d88-4bbc-bff2-8fd571851cb9"], "musicbrainz album type": ["Compilation"], "musicbrainz_recordingid": ["09b3c5d3-33ac-493a-b7f6-c5ec88e2c1fb"], "musicbrainz album release country": ["Germany"], "musicbrainz_albumartistid": ["291881d5-c1b6-45f4-9163-ce8796b5e45d"], "musicbrainz_albumid": ["2b724fc4-afb9-4462-aeb2-cc5655998eca"], "artist": ["Heidi Br\u00fchl"], "bpm": ["101.71"], "album": ["Try to Remember"], "catalognumber": ["BCD 16642 AH"], "tracknumber": ["13"], "label": ["Bear Family Records"], "acoustid_id": ["70141e96-f0fa-44b5-a4ed-7b8dfcfefc07"], "musicbrainz_artistid": ["291881d5-c1b6-45f4-9163-ce8796b5e45d"], "file_name": "Heidi Br\u00fchl - Love Is the Sweetest Thing (Die Gleiche Story).mp3"}}, "rhythm": {"bpm_histogram_first_peak_bpm": {"dmean2": 0, "median": 96, "min": 96, "dvar2": 0, "dvar": 0, "dmean": 0, "max": 96, "var": 0, "mean": 96}, "bpm": 95.2079162598, "bpm_histogram_second_peak_spread": {"dmean2": 0, "median": 0.277777820826, "min": 0.277777820826, "dvar2": 0, "dvar": 0, "dmean": 0, "max": 0.277777820826, "var": 0, "mean": 0.277777820826}, "bpm_histogram_first_peak_weight": {"dmean2": 0, "median": 0.319548875093, "min": 0.319548875093, "dvar2": 0, "dvar": 0, "dmean": 0, "max": 0.319548875093, "var": 0, "mean": 0.319548875093}, "onset_rate": 2.68370938301, "beats_position": [0.650158703327, 1.31192743778, 1.97369611263, 2.63546490669, 3.29723358154, 3.93578219414, 4.57433080673, 5.20126962662, 5.8282084465, 6.45514726639, 7.07047605515, 7.69741487503, 8.31274318695, 8.93968200684, 9.55501079559, 10.1819496155, 10.7972784042, 11.4242172241, 12.0395460129, 12.6548748016, 13.2818136215, 13.9087524414, 14.5240812302, 15.1394100189, 15.7663488388, 16.3816776276, 16.99700737, 17.6239452362, 18.2508831024, 18.877822876, 19.5047607422, 20.1433105469, 20.758638382, 21.3855781555, 22.0125160217, 22.6278457642, 23.2431735992, 23.8585033417, 24.4738311768, 25.1007709503, 25.7277088165, 26.343038559, 26.958366394, 27.5736961365, 28.1890239716, 28.8159637451, 29.4312915802, 30.0582313538, 30.68516922, 31.3237190247, 31.9506568909, 32.5892066956, 33.2277526855, 33.8546943665, 34.4816322327, 35.1085700989, 35.7355079651, 36.362449646, 36.9893875122, 37.6163253784, 38.2432632446, 38.8702049255, 39.4971427917, 40.1124725342, 40.7277984619, 41.3547401428, 42.0048980713, 42.6318359375, 43.2471656799, 43.8624954224, 44.4778213501, 45.1047592163, 45.743309021, 46.3586387634, 46.9855766296, 47.6009063721, 48.2278442383, 48.8431739807, 49.4585037231, 50.0854415894, 50.7123794556, 51.3509292603, 51.9778671265, 52.6048049927, 53.2201347351, 53.8354644775, 54.45079422, 55.0777320862, 55.7046699524, 56.3199996948, 56.9353294373, 57.5622673035, 58.1892051697, 58.8161430359, 59.4314727783, 60.070022583, 60.708568573, 61.3238983154, 61.9508361816, 62.5545578003, 63.1582756042, 63.7503852844, 64.3773193359, 65.0158691406, 65.6312026978, 66.2465286255, 66.8734664917, 67.4888000488, 68.1041259766, 68.7310638428, 69.3696136475, 70.0081634521, 70.6467132568, 71.2852630615, 71.9122009277, 72.5391387939, 73.1776885986, 73.8162307739, 74.4547805786, 75.1049423218, 75.766708374, 76.4168701172, 77.0670318604, 77.7055740356, 78.3441238403, 78.9014053345, 79.4586868286, 80.0391845703, 80.6661224365, 81.3046722412, 81.9432220459, 82.5933761597, 83.2203140259, 83.8472518921, 84.4741897583, 85.0895233154, 85.7048492432, 86.3317871094, 86.9587249756, 87.5856704712, 88.2126083374, 88.8511581421, 89.4897003174, 90.1282501221, 90.7667999268, 91.4053497314, 92.0438995361, 92.6708374023, 93.2977752686, 93.9247131348, 94.5400466919, 95.1785888672, 95.8055343628, 96.4440765381, 97.0710220337, 97.709564209, 98.3365097046, 98.9750518799, 99.6136016846, 100.263763428, 100.902313232, 101.540863037, 102.179405212, 102.817955017, 103.456504822, 104.095054626, 104.721992493, 105.360542297, 105.999092102, 106.626029968, 107.252967834, 107.891517639, 108.530067444, 109.180221558, 109.830383301, 110.468933105, 111.095870972, 111.734420776, 112.361358643, 112.999908447, 113.638458252, 114.265396118, 114.892333984, 115.519271851, 116.169433594, 116.819587708, 117.446525574, 118.07346344, 118.700408936, 119.338951111, 119.977500916, 120.604438782, 121.242988586, 121.89315033, 122.531700134, 123.170249939, 123.808792114, 124.43573761, 125.074279785, 125.71282959, 126.362991333, 127.013153076, 127.66330719, 128.313461304, 128.963623047, 129.61378479, 130.263946533, 130.902496338, 131.541046143, 132.167984009, 132.818145752, 133.456680298, 134.095230103, 134.745391846, 135.38394165, 136.022491455, 136.66104126, 137.299591064, 137.926528931, 138.576690674, 139.20362854, 139.865386963, 140.527160645, 141.177322388, 141.827484131, 142.466033936, 143.092971802, 143.719909668, 144.358459473, 144.997009277, 145.623947144, 146.169616699, 146.715286255, 147.144851685, 147.586029053, 148.027206421, 148.468383789, 148.874740601, 149.281082153, 149.699050903, 150.105392456, 150.511749268, 150.91809082, 151.324447632, 151.742401123, 152.148742676, 152.543487549, 152.938232422, 153.344573975, 153.750930786, 154.157272339, 154.586837769, 155.016418457, 155.445983887, 155.875549316, 156.293518066, 156.699859619, 157.106216431, 157.512557983, 157.895690918, 158.278823853, 158.650344849, 159.033462524, 159.416595459, 159.799728394, 160.182861328, 160.565979004], "beats_loudness": {"dmean2": 0.021296011284, "median": 0.0182576030493, "min": 2.72797080925e-07, "dvar2": 0.000305877561914, "dvar": 0.000117345465696, "dmean": 0.0122050428763, "max": 0.073766939342, "var": 0.000173690728843, "mean": 0.0198390576988}, "danceability": 0.987151145935, "bpm_histogram_second_peak_weight": {"dmean2": 0, "median": 0.0488721802831, "min": 0.0488721802831, "dvar2": 0, "dvar": 0, "dmean": 0, "max": 0.0488721802831, "var": 0, "mean": 0.0488721802831}, "beats_count": 267, "bpm_histogram_second_peak_bpm": {"dmean2": 0, "median": 148, "min": 148, "dvar2": 0, "dvar": 0, "dmean": 0, "max": 148, "var": 0, "mean": 148}, "bpm_histogram_first_peak_spread": {"dmean2": 0, "median": 0.611872136593, "min": 0.611872136593, "dvar2": 0, "dvar": 0, "dmean": 0, "max": 0.611872136593, "var": 0, "mean": 0.611872136593}, "beats_loudness_band_ratio": {"dmean2": [0.507755994797, 0.124551765621, 0.232278734446, 0.302482396364, 0.223121285439, 0.178737565875], "median": [0.379567295313, 0.0560336410999, 0.0853558555245, 0.0760708600283, 0.0758261755109, 0.0284253507853], "min": [0.000759044254664, 0.00159438606352, 0.00155514536891, 0.00044616710511, 0.000567527953535, 0.000401246361434], "dvar2": [0.189136907458, 0.0182997491211, 0.0372795835137, 0.0998258665204, 0.0602952539921, 0.0830351039767], "dvar": [0.0629647672176, 0.00654287589714, 0.0145242167637, 0.0382720567286, 0.0226211585104, 0.0300586242229], "dmean": [0.291518628597, 0.0715992599726, 0.132050409913, 0.174216672778, 0.129770711064, 0.0964065790176], "max": [0.98334300518, 0.768628120422, 0.806096315384, 0.887720346451, 0.792408466339, 0.817748606205], "var": [0.11110060662, 0.0108669018373, 0.0320572704077, 0.0439900793135, 0.0276629310101, 0.0206447709352], "mean": [0.408568203449, 0.0923544242978, 0.157129392028, 0.171025648713, 0.138450965285, 0.0759738907218]}}, "lowlevel": {"barkbands_spread": {"dmean2": 7.80598974228, "median": 18.8537101746, "min": 0.809522986412, "dvar2": 112.558998108, "dvar": 55.0458641052, "dmean": 5.14680576324, "max": 127.472412109, "var": 211.649154663, "mean": 21.9902591705}, "melbands_spread": {"dmean2": 12.5683412552, "median": 25.4856796265, "min": 0.579201817513, "dvar2": 399.958435059, "dvar": 216.983703613, "dmean": 8.46669769287, "max": 297.18270874, "var": 915.874511719, "mean": 33.3468322754}, "hfc": {"dmean2": 7.32712364197, "median": 8.15762424469, "min": 1.19138545693e-16, "dvar2": 258.683624268, "dvar": 127.656837463, "dmean": 5.14400625229, "max": 289.976745605, "var": 568.757202148, "mean": 17.704246521}, "barkbands_kurtosis": {"dmean2": 2.9754216671, "median": 0.589901924133, "min": -1.93954944611, "dvar2": 41.6215553284, "dvar": 23.2130622864, "dmean": 2.01917457581, "max": 215.097564697, "var": 105.057731628, "mean": 3.01609301567}, "gfcc": {"mean": [-64.5995407104, 90.9971237183, -146.018936157, 25.1379680634, -54.0453567505, 13.5306091309, -42.7221488953, 26.7453765869, -26.5048389435, 3.21797204018, -6.17385053635, -4.16268873215, -1.52268946171], "icov": [[0.000227778335102, -0.000115147791803, 0.00033964306931, -0.000299943931168, 0.000219404755626, -0.000461058894871, 0.000218385917833, -0.000408116116887, 0.000193555242731, -0.00012530577078, 5.00932037539e-06, 8.00381021691e-05, 1.39943886097e-05], [-0.000115147791803, 0.00241991458461, -0.00140310532879, 0.00138402730227, -0.00205936818384, 0.00276824319735, -0.00260853604414, 0.00203561596572, -0.00179321877658, 0.00129893620033, -0.00113858236, 0.00111846532673, -0.000613931100816], [0.00033964306931, -0.00140310532879, 0.00252925627865, -0.00174887629692, 0.00144791533239, -0.0024690805003, 0.0017797894543, -0.00191818259191, 0.00089813239174, -0.00119285832625, 0.00093305221526, -0.00178641569801, 0.00123663397972], [-0.000299943931168, 0.00138402730227, -0.00174887629692, 0.00412494456396, -0.00246289744973, 0.00207177503034, -0.00138865364715, 0.000799302360974, -0.00184906285722, 0.00112696923316, -3.87220325138e-06, 0.000780649599619, -0.000423142628279], [0.000219404755626, -0.00205936818384, 0.00144791533239, -0.00246289744973, 0.00594066875055, -0.00297867227346, 0.000899215636309, -0.00195028213784, 0.000723386241589, -0.00125395786017, 0.000656296615489, -0.000128532905364, -0.00097163830651], [-0.000461058894871, 0.00276824319735, -0.0024690805003, 0.00207177503034, -0.00297867227346, 0.00691733974963, -0.00356579595245, 0.00174676859751, -0.00177212420385, 0.00119474704843, -0.00184869882651, 0.0015605079243, 0.000527689640876], [0.000218385917833, -0.00260853604414, 0.0017797894543, -0.00138865364715, 0.000899215636309, -0.00356579595245, 0.00603167526424, -0.00175639567897, 0.00176621973515, -0.00063542946009, 0.00127708655782, -0.00149151752703, 0.00147585396189], [-0.000408116116887, 0.00203561596572, -0.00191818259191, 0.000799302360974, -0.00195028213784, 0.00174676859751, -0.00175639567897, 0.00862256996334, -0.00300664268434, 0.00156261492521, -0.00177169567905, 0.00128174934071, -0.00205496186391], [0.000193555242731, -0.00179321877658, 0.00089813239174, -0.00184906285722, 0.000723386241589, -0.00177212420385, 0.00176621973515, -0.00300664268434, 0.00975242909044, -0.00375992781483, 0.00129339774139, -0.000973215152044, -0.00170713034458], [-0.00012530577078, 0.00129893620033, -0.00119285832625, 0.00112696923316, -0.00125395786017, 0.00119474704843, -0.00063542946009, 0.00156261492521, -0.00375992781483, 0.0102669559419, -0.00208837143146, -0.000976752140559, 0.000866999151185], [5.00932037539e-06, -0.00113858236, 0.00093305221526, -3.87220325138e-06, 0.000656296615489, -0.00184869882651, 0.00127708655782, -0.00177169567905, 0.00129339774139, -0.00208837143146, 0.00644608261064, -0.000131035514642, -0.00146023626439], [8.00381021691e-05, 0.00111846532673, -0.00178641569801, 0.000780649599619, -0.000128532905364, 0.0015605079243, -0.00149151752703, 0.00128174934071, -0.000973215152044, -0.000976752140559, -0.000131035514642, 0.00945374835283, -0.00272969459184], [1.39943886097e-05, -0.000613931100816, 0.00123663397972, -0.000423142628279, -0.00097163830651, 0.000527689640876, 0.00147585396189, -0.00205496186391, -0.00170713034458, 0.000866999151185, -0.00146023626439, -0.00272969459184, 0.0139043126255]], "cov": [[7207.47021484, -1024.33728027, -877.822387695, 195.508453369, 19.0615730286, 476.100463867, -127.668777466, 323.612579346, -60.5081062317, -26.2273921967, 196.994812012, -258.780273438, 40.2729606628], [-1024.33728027, 1882.95068359, 84.0868682861, -38.0056800842, 364.0965271, -284.424194336, 483.259765625, -157.852355957, 115.021537781, -63.6218681335, 31.4166603088, -24.2973613739, 53.7671318054], [-877.822387695, 84.0868682861, 1188.953125, 298.576751709, 32.3553237915, 166.017456055, -44.3093414307, 110.810096741, 101.649681091, 90.3014450073, -71.111541748, 154.229690552, -45.3611984253], [195.508453369, -38.0056800842, 298.576751709, 492.474273682, 162.048812866, 46.3985061646, 14.805975914, 92.4682388306, 93.5772247314, 15.5062551498, -39.7260284424, 18.8999996185, 18.2756481171], [19.0615730286, 364.0965271, 32.3553237915, 162.048812866, 377.514404297, 66.6806716919, 141.676177979, 49.4713363647, 72.2529067993, 5.23794794083, 22.0053863525, -20.5978565216, 41.0463752747], [476.100463867, -284.424194336, 166.017456055, 46.3985061646, 66.6806716919, 389.982177734, 60.3310127258, 70.2201080322, 5.57331705093, 22.8285980225, 36.6165618896, -12.0572223663, -31.8182640076], [-127.668777466, 483.259765625, -44.3093414307, 14.805975914, 141.676177979, 60.3310127258, 399.767730713, -25.6451339722, 3.58931589127, -30.5184936523, -5.49464654922, -13.9987926483, -13.7361183167], [323.612579346, -157.852355957, 110.810096741, 92.4682388306, 49.4713363647, 70.2201080322, -25.6451339722, 206.755615234, 56.9117164612, 16.9332523346, 33.7652702332, 2.91893434525, 29.7851028442], [-60.5081062317, 115.021537781, 101.649681091, 93.5772247314, 72.2529067993, 5.57331705093, 3.58931589127, 56.9117164612, 172.939147949, 49.6333656311, 4.74319982529, 24.4743404388, 35.2554779053], [-26.2273921967, -63.6218681335, 90.3014450073, 15.5062551498, 5.23794794083, 22.8285980225, -30.5184936523, 16.9332523346, 49.6333656311, 134.045501709, 26.9899024963, 32.5972595215, 1.86888813972], [196.994812012, 31.4166603088, -71.111541748, -39.7260284424, 22.0053863525, 36.6165618896, -5.49464654922, 33.7652702332, 4.74319982529, 26.9899024963, 203.767272949, -11.9756193161, 29.9741802216], [-258.780273438, -24.2973613739, 154.229690552, 18.8999996185, -20.5978565216, -12.0572223663, -13.9987926483, 2.91893434525, 24.4743404388, 32.5972595215, -11.9756193161, 147.790252686, 15.710064888], [40.2729606628, 53.7671318054, -45.3611984253, 18.2756481171, 41.0463752747, -31.8182640076, -13.7361183167, 29.7851028442, 35.2554779053, 1.86888813972, 29.9741802216, 15.710064888, 99.2242279053]]}, "spectral_energyband_middle_low": {"dmean2": 0.00156983127818, "median": 0.00198272406124, "min": 2.74226629907e-22, "dvar2": 6.69728524372e-06, "dvar": 3.22732716995e-06, "dmean": 0.00105848792009, "max": 0.0726660937071, "var": 1.53593282448e-05, "mean": 0.00323210726492}, "melbands_crest": {"dmean2": 4.24942731857, "median": 13.2304725647, "min": 1.44564366341, "dvar2": 17.173915863, "dvar": 7.52740621567, "dmean": 2.78747487068, "max": 31.7198028564, "var": 33.9289207458, "mean": 14.0939092636}, "spectral_kurtosis": {"dmean2": 3.42165756226, "median": 5.87904977798, "min": -1.7035266161, "dvar2": 15.670592308, "dvar": 5.42596578598, "dmean": 2.04322481155, "max": 44.8910636902, "var": 15.5685253143, "mean": 6.38209009171}, "spectral_rms": {"dmean2": 0.000600407249294, "median": 0.00314848241396, "min": 3.24357164391e-12, "dvar2": 3.96339345343e-07, "dvar": 2.3072850297e-07, "dmean": 0.000440137635451, "max": 0.0100169554353, "var": 2.74978697234e-06, "mean": 0.00328681571409}, "zerocrossingrate": {"dmean2": 0.0120688481256, "median": 0.06201171875, "min": 0.00341796875, "dvar2": 0.000342077575624, "dvar": 0.000360378995538, "dmean": 0.0108877299353, "max": 0.5078125, "var": 0.00301806651987, "mean": 0.0728122293949}, "silence_rate_60dB": {"dmean2": 0.0938534587622, "median": 0, "min": 0, "dvar2": 0.0959846898913, "dvar": 0.0447163879871, "dmean": 0.0469199754298, "max": 1, "var": 0.15395848453, "mean": 0.190099298954}, "erbbands_kurtosis": {"dmean2": 1.75795149803, "median": 0.136197462678, "min": -1.75513923168, "dvar2": 7.30721569061, "dvar": 3.14229726791, "dmean": 1.10729396343, "max": 46.7591056824, "var": 9.51684951782, "mean": 1.07249009609}, "erbbands": {"dmean2": [0.0191460438073, 0.325805902481, 0.591225862503, 0.24931871891, 0.520676553249, 0.931037843227, 1.74900364876, 3.34170246124, 9.16154193878, 4.63055467606, 8.28895568848, 10.4142179489, 22.1092376709, 23.4782772064, 18.8293266296, 30.0286540985, 23.6418552399, 21.7128372192, 32.0211410522, 24.3235416412, 16.5195522308, 27.6559753418, 23.1650104523, 13.1932754517, 6.45883512497, 8.20380401611, 3.06372189522, 1.13134014606, 1.12458026409, 1.28506064415, 0.962143421173, 2.08067178726, 2.71849966049, 2.02272796631, 0.502409696579, 0.119231238961, 0.0142107261345, 0.000313547439873, 1.86979377759e-05, 8.22634683573e-06], "median": [0.00391521817073, 0.0884129181504, 0.251433968544, 0.147748813033, 0.289885252714, 0.496934741735, 0.823307693005, 1.57335722446, 2.93046426773, 2.58019423485, 3.11921405792, 3.3736371994, 6.16216754913, 6.53772735596, 3.98506975174, 4.61897659302, 4.42106819153, 3.43921780586, 5.21436214447, 5.06677627563, 5.77666854858, 7.78464508057, 7.43391180038, 4.80114126205, 3.24164605141, 2.57076406479, 1.18653512001, 0.401911735535, 0.214678660035, 0.181629404426, 0.163928508759, 0.197209864855, 0.214189350605, 0.164278745651, 0.0473322719336, 0.0124349733815, 0.00188063352834, 5.07251461386e-05, 1.07904288598e-05, 1.4223074686e-05], "min": [5.06171476497e-22, 2.90095088295e-21, 4.64816292986e-21, 6.0271715618e-21, 3.08208885642e-20, 2.26962281761e-19, 2.73481084104e-19, 2.1152862957e-19, 5.69658091362e-19, 4.82754496207e-19, 6.99282721722e-19, 6.00112089782e-19, 2.22965231304e-18, 2.34027634624e-18, 9.44856360471e-19, 2.95458595726e-18, 2.43005852992e-18, 5.3937784223e-18, 5.79706123096e-18, 6.75786501326e-18, 6.19038809378e-18, 9.36996200777e-18, 9.88448489239e-18, 7.3574497754e-18, 5.82423907717e-18, 1.06120150565e-17, 1.89869681229e-17, 1.98248226741e-17, 1.32349890625e-17, 1.75392581215e-17, 1.48171556181e-17, 1.69968873744e-17, 1.44857407426e-17, 1.08177431467e-17, 8.43981064384e-18, 4.10614730818e-18, 2.79096177388e-18, 1.43219343727e-18, 3.42258308605e-19, 4.10900579881e-20], "dvar2": [0.00231632520445, 0.618378102779, 2.01618099213, 0.282698452473, 1.00444579124, 3.82844662666, 16.4848251343, 61.8936691284, 646.757751465, 158.033752441, 483.181243896, 1331.85119629, 3873.12011719, 3860.15771484, 6489.26269531, 13667.6816406, 6256.07177734, 5630.48388672, 15802.8056641, 5877.66162109, 1796.35559082, 7537.81152344, 4351.76611328, 1246.87145996, 674.766357422, 466.687530518, 79.4945678711, 29.6728954315, 44.3747291565, 79.1103820801, 20.3381156921, 297.513427734, 524.259338379, 301.903564453, 7.58919429779, 0.260226011276, 0.00301487674005, 1.41979569435e-06, 4.97597518745e-09, 3.0260083328e-10], "dvar": [0.00142275565304, 0.349112123251, 1.47244727612, 0.174654766917, 0.487080395222, 1.58678030968, 7.81591320038, 29.0645179749, 293.488708496, 82.7999801636, 223.14503479, 764.609863281, 1680.03503418, 1670.60437012, 2595.90576172, 6480.23046875, 3438.36914063, 2981.29199219, 6847.71142578, 2718.87353516, 845.265136719, 2854.45043945, 1772.87268066, 506.785949707, 364.417755127, 281.271484375, 39.9746208191, 11.3302440643, 17.929101944, 33.1450424194, 10.1621370316, 129.610427856, 211.275543213, 116.967277527, 3.81645679474, 0.14108248055, 0.001523007988, 7.55053008561e-07, 2.75670886118e-09, 1.53640919431e-10], "dmean": [0.0143358763307, 0.246379882097, 0.492192029953, 0.181326851249, 0.342008411884, 0.583315849304, 1.16835725307, 2.30879569054, 6.30038118362, 3.1663248539, 5.48098611832, 7.14323806763, 14.2473487854, 15.3576688766, 12.1772241592, 20.7984237671, 16.8000183105, 14.7884759903, 21.675195694, 16.1940975189, 10.5445756912, 17.148525238, 14.714548111, 8.33228397369, 4.29223394394, 5.81728935242, 2.0877904892, 0.715425372124, 0.729369223118, 0.850008189678, 0.672403216362, 1.42317473888, 1.78541362286, 1.31008136272, 0.352857530117, 0.0840794146061, 0.00965285580605, 0.000217300461372, 1.32988498081e-05, 5.86754185861e-06], "max": [1.04265642166, 12.9456949234, 23.7396755219, 9.81415939331, 15.0570898056, 35.1513710022, 69.2158050537, 195.225906372, 719.648742676, 365.285614014, 360.697937012, 1638.65771484, 1019.96496582, 1412.56518555, 2090.51806641, 2247.98901367, 1933.96313477, 1478.24389648, 3616.53442383, 1584.77099609, 978.825744629, 1564.09912109, 1139.31750488, 721.640991211, 1743.7454834, 687.758361816, 263.004882813, 171.339065552, 176.950897217, 265.817840576, 115.83530426, 613.053771973, 766.721923828, 465.566802979, 65.4856948853, 16.8741912842, 1.41615664959, 0.0279532931745, 0.00130739063025, 0.00029947020812], "var": [0.00718677788973, 1.71349871159, 6.20424604416, 0.573414206505, 1.46182632446, 4.24244785309, 32.2912750244, 175.390594482, 1911.04931641, 244.84211731, 576.184814453, 2240.02441406, 4280.39453125, 5355.75878906, 11110.1025391, 27764.953125, 18463.6347656, 10480.171875, 15683.3789063, 7785.95898438, 2814.77905273, 7353.15722656, 6579.46191406, 1900.93432617, 1321.87341309, 1743.78979492, 217.40788269, 12.1720819473, 23.2461071014, 39.8570289612, 19.7360858917, 157.262863159, 266.134216309, 133.974746704, 8.28436946869, 0.373879104853, 0.00412026559934, 2.1773730623e-06, 7.95848720259e-09, 5.61531876553e-10], "mean": [0.0355312600732, 0.639990627766, 1.18940651417, 0.408607125282, 0.678799569607, 1.16506016254, 2.73558449745, 6.00719118118, 16.7310218811, 6.85539388657, 10.5699272156, 13.3476676941, 26.6092262268, 31.4181175232, 25.9833469391, 46.5960540771, 38.6098442078, 30.2414417267, 42.3067321777, 31.9218578339, 22.8316669464, 34.4534072876, 33.0415153503, 20.2086467743, 11.2913293839, 15.5207281113, 5.05633449554, 1.15674626827, 1.05708539486, 1.14769649506, 1.08838891983, 2.02919983864, 2.77320671082, 1.97049629688, 0.563809931278, 0.133309945464, 0.0153725584969, 0.000362473714631, 2.96258258459e-05, 2.08212604775e-05]}, "spectral_strongpeak": {"dmean2": 1.19423389435, "median": 0.613831400871, "min": 0, "dvar2": 4.30878782272, "dvar": 1.77914321423, "dmean": 0.726711392403, "max": 24.5728359222, "var": 5.76681947708, "mean": 1.68960523605}, "spectral_energy": {"dmean2": 0.0048084128648, "median": 0.0101607656106, "min": 1.07837759313e-20, "dvar2": 4.0662696847e-05, "dvar": 2.16731878027e-05, "dmean": 0.00342927640304, "max": 0.102847874165, "var": 0.000175429144292, "mean": 0.0138918124139}, "average_loudness": 0.730749070644, "spectral_rolloff": {"dmean2": 771.914855957, "median": 1679.58984375, "min": 86.1328125, "dvar2": 1980490.625, "dvar": 1044336.75, "dmean": 465.060516357, "max": 19056.8847656, "var": 3831924.75, "mean": 2081.59423828}, "spectral_centroid": {"dmean2": 330.950256348, "median": 1630.015625, "min": 176.273330688, "dvar2": 172766.484375, "dvar": 96675.4140625, "dmean": 224.98866272, "max": 11063.9306641, "var": 624795.6875, "mean": 1696.72741699}, "pitch_salience": {"dmean2": 0.0963524356484, "median": 0.528180241585, "min": 0.0646176636219, "dvar2": 0.0072934133932, "dvar": 0.00327886873856, "dmean": 0.0626180544496, "max": 0.977893829346, "var": 0.0181941073388, "mean": 0.518026173115}, "spectral_energyband_middle_high": {"dmean2": 0.00294572906569, "median": 0.00241679209284, "min": 1.2682863872e-21, "dvar2": 2.98173181363e-05, "dvar": 1.51511267177e-05, "dmean": 0.00200087483972, "max": 0.0944991931319, "var": 0.000130250598886, "mean": 0.00706093665212}, "spectral_contrast_coeffs": {"dmean2": [0.0652341544628, 0.0639414340258, 0.0616729669273, 0.0522176660597, 0.0367447063327, 0.0322715863585], "median": [-0.686985194683, -0.725820422173, -0.742255032063, -0.735442757607, -0.752951800823, -0.780458509922], "min": [-0.969461262226, -0.97688639164, -0.970511972904, -0.970755815506, -0.974409878254, -0.960464537144], "dvar2": [0.00269216182642, 0.00265444256365, 0.00232875160873, 0.00167202367447, 0.000946614367422, 0.000754292937927], "dvar": [0.00102584366687, 0.00110723171383, 0.000941242557019, 0.000692832516506, 0.000422858895035, 0.000328503228957], "dmean": [0.039777778089, 0.0401436574757, 0.0381078198552, 0.0323233939707, 0.02349082008, 0.0207969397306], "max": [-0.314919024706, -0.385681003332, -0.433024942875, -0.401095926762, -0.498820602894, -0.548968493938], "var": [0.00478317588568, 0.0071287821047, 0.00675763981417, 0.00718428986147, 0.00588698498905, 0.00255871308036], "mean": [-0.6818177104, -0.71666264534, -0.730850994587, -0.721348166466, -0.739877939224, -0.775143384933]}, "melbands_skewness": {"dmean2": 0.819786131382, "median": 1.29472100735, "min": -2.89345097542, "dvar2": 0.819800555706, "dvar": 0.462742000818, "dmean": 0.56960350275, "max": 14.8465623856, "var": 3.61158227921, "mean": 1.71483063698}, "spectral_spread": {"dmean2": 749443.125, "median": 3494928.5, "min": 1220522.75, "dvar2": 1164138905600.0, "dvar": 710095011840, "dmean": 524304.9375, "max": 40649372, "var": 4622384103420.0, "mean": 4079447.75}, "dissonance": {"dmean2": 0.0338120833039, "median": 0.46657961607, "min": 0.27823382616, "dvar2": 0.00117478170432, "dvar": 0.000420322379796, "dmean": 0.0201393775642, "max": 0.500000119209, "var": 0.000947492197156, "mean": 0.45898848772}, "spectral_skewness": {"dmean2": 0.38047555089, "median": 1.74850440025, "min": -0.642826735973, "dvar2": 0.128456890583, "dvar": 0.051974363625, "dmean": 0.234808415174, "max": 4.69932222366, "var": 0.272966533899, "mean": 1.74365580082}, "spectral_flux": {"dmean2": 0.0232584606856, "median": 0.0438824854791, "min": 6.67027266754e-11, "dvar2": 0.000744627381209, "dvar": 0.0002885388094, "dmean": 0.0144165856764, "max": 0.241639629006, "var": 0.00100652035326, "mean": 0.0507934950292}, "spectral_contrast_valleys": {"dmean2": [0.626572608948, 0.480456262827, 0.449769735336, 0.377856075764, 0.323898524046, 0.475408256054], "median": [-8.34415149689, -7.34444284439, -7.92242908478, -8.32937240601, -8.13962554932, -11.1404514313], "min": [-27.4301261902, -27.6886920929, -27.355298996, -27.2265968323, -27.3204727173, -27.226020813], "dvar2": [0.260980784893, 0.150067076087, 0.134954825044, 0.0973148494959, 0.0971847698092, 0.248887583613], "dvar": [0.11839774251, 0.0631351470947, 0.0564326681197, 0.0457951575518, 0.0548453852534, 0.149452313781], "dmean": [0.390809476376, 0.294246405363, 0.271827936172, 0.23255866766, 0.217091321945, 0.354494541883], "max": [-6.21874237061, -5.82420682907, -5.13679075241, -6.39430427551, -5.61021947861, -7.6335606575], "var": [1.08637285233, 0.70551431179, 0.767236053944, 0.731239020824, 0.865608870983, 1.37587988377], "mean": [-8.41262149811, -7.44861745834, -7.99255228043, -8.38048553467, -8.21625232697, -11.1412448883]}, "erbbands_flatness_db": {"dmean2": 0.0260847304016, "median": 0.201546683908, "min": 0.04332453385, "dvar2": 0.000614610908087, "dvar": 0.000315469515044, "dmean": 0.0180384200066, "max": 0.383991390467, "var": 0.00266121188179, "mean": 0.201253756881}, "spectral_energyband_high": {"dmean2": 0.00040802086005, "median": 0.000127648672787, "min": 7.87158399499e-21, "dvar2": 2.48184392149e-06, "dvar": 1.21114396734e-06, "dmean": 0.000287086964818, "max": 0.0315868668258, "var": 2.85473697659e-06, "mean": 0.000594138284214}, "spectral_entropy": {"dmean2": 0.218146577477, "median": 7.25916910172, "min": 5.80019664764, "dvar2": 0.0475348383188, "dvar": 0.026503123343, "dmean": 0.156053334475, "max": 9.81167602539, "var": 0.234025746584, "mean": 7.29775238037}, "silence_rate_20dB": {"dmean2": 0, "median": 1, "min": 1, "dvar2": 0, "dvar": 0, "dmean": 0, "max": 1, "var": 0, "mean": 1}, "melbands_flatness_db": {"dmean2": 0.0307100880891, "median": 0.191402822733, "min": 0.00091562414309, "dvar2": 0.00101434648968, "dvar": 0.000551310717128, "dmean": 0.0218478366733, "max": 0.485247761011, "var": 0.00481447391212, "mean": 0.197402328253}, "barkbands": {"dmean2": [3.21736115438e-06, 0.00123009493109, 0.000417500355979, 7.38125308999e-05, 0.000251730496529, 0.000347171793692, 0.000554354861379, 0.000327230489347, 0.000508854107466, 0.000870323856361, 0.000580971129239, 0.000853661214933, 0.000605322653428, 0.000648220069706, 0.000553215795662, 0.000326150271576, 0.000478505739011, 0.000415372662246, 0.000197112196474, 0.000171751744347, 3.97498333768e-05, 3.46708329744e-05, 3.36738557962e-05, 0.00013438766473, 0.000122785640997, 1.41398659252e-05, 9.9260089037e-10], "median": [5.45172440525e-07, 0.000315327721182, 0.000134500936838, 4.15674221586e-05, 0.000149584957398, 0.000159273389727, 0.000185898985364, 0.000109254579002, 0.000124185287859, 0.000207728269743, 7.56473964429e-05, 9.88941537798e-05, 8.25932947919e-05, 5.55890401301e-05, 6.47573760943e-05, 8.11265999801e-05, 0.000116582872579, 9.88502360997e-05, 6.76806957927e-05, 6.08627233305e-05, 1.23603958855e-05, 5.43243822904e-06, 5.78458229938e-06, 1.18657071653e-05, 1.13260230137e-05, 1.46067793594e-06, 1.88529733491e-10], "min": [4.28309661907e-24, 1.53329127099e-23, 3.32685796799e-24, 1.98333042208e-24, 4.42978688212e-23, 2.00115725859e-23, 5.26446924634e-23, 2.26377899358e-23, 3.241983871e-23, 7.95546154294e-23, 2.85248285241e-23, 6.39237341783e-23, 4.93855420324e-23, 1.16062782579e-22, 1.17480573885e-22, 1.3915064606e-22, 1.41809044202e-22, 1.47286730244e-22, 1.33659101309e-22, 2.49556286206e-22, 4.88489582136e-22, 4.63085686146e-22, 5.0702839401e-22, 9.29297129499e-22, 1.11568257037e-21, 1.36555452716e-21, 2.65615974575e-21], "dvar2": [4.89113610724e-11, 8.82208951225e-06, 1.31326737574e-06, 1.46122101086e-08, 2.35915251778e-07, 5.42983570995e-07, 2.06240474654e-06, 8.01087480795e-07, 2.87774014396e-06, 5.24716324435e-06, 3.74003411707e-06, 1.25631622723e-05, 4.72973943033e-06, 5.63931052966e-06, 4.09382937505e-06, 9.64895093603e-07, 2.26963243222e-06, 1.54171061695e-06, 3.04769883996e-07, 1.88188280958e-07, 1.71385341474e-08, 5.58374431137e-08, 2.40366038184e-08, 1.08633355467e-06, 8.17952468424e-07, 4.0591947581e-09, 2.34062541646e-18], "dvar": [1.7784759776e-11, 5.03773844684e-06, 1.01353305126e-06, 5.69229285929e-09, 1.1118644494e-07, 2.58544389453e-07, 9.84237885859e-07, 3.81806955829e-07, 1.52306972723e-06, 2.30415298574e-06, 1.85353235338e-06, 5.82323491471e-06, 2.68497592515e-06, 2.68837789008e-06, 1.79963569735e-06, 5.03242574723e-07, 8.84982910065e-07, 6.27455904123e-07, 1.44000921409e-07, 1.09147364924e-07, 6.84456580302e-09, 2.24008971372e-08, 1.1888593221e-08, 4.61891488612e-07, 3.35833163945e-07, 2.00140237716e-09, 7.55512185017e-19], "dmean": [1.88021965641e-06, 0.000923061918002, 0.000350259360857, 4.43728276878e-05, 0.000161247240612, 0.000237650878262, 0.000383903679904, 0.000216415079194, 0.000344861735357, 0.000564307847526, 0.000382406782592, 0.000574433594011, 0.0004271317448, 0.000432727014413, 0.000363733794075, 0.00021447877225, 0.000298101949738, 0.000264792644884, 0.000124430720462, 0.000120719676488, 2.54176538874e-05, 2.24195428018e-05, 2.33774590015e-05, 9.01907333173e-05, 8.2013917563e-05, 9.74168324319e-06, 5.42015932137e-10], "max": [7.4393406976e-05, 0.0516358017921, 0.0197004377842, 0.00117038469762, 0.0105686765164, 0.0150607666001, 0.0398761853576, 0.0177174713463, 0.0687294751406, 0.0457075461745, 0.0474930591881, 0.0825985148549, 0.0609388388693, 0.0526279807091, 0.0364173091948, 0.0309756975621, 0.029379921034, 0.022205106914, 0.0250347126275, 0.013513690792, 0.00280628609471, 0.00716104824096, 0.00417339708656, 0.0294944196939, 0.0223689749837, 0.00228833616711, 1.04933945977e-08], "var": [1.97628406695e-11, 2.50740904448e-05, 4.13560610468e-06, 1.02858814799e-08, 3.76104850375e-07, 1.51515268954e-06, 6.19696902504e-06, 8.76857939147e-07, 4.23621804657e-06, 5.95189203523e-06, 