{"tonal": {"thpcp": [1, 0.596324384212, 0.514652192593, 0.763654768467, 0.374020427465, 0.152525261045, 0.198631480336, 0.137053653598, 0.322787076235, 0.469714105129, 0.254312694073, 0.27336961031, 0.381414175034, 0.21909853816, 0.375811100006, 0.613938271999, 0.339981466532, 0.147532343864, 0.172675192356, 0.120692439377, 0.363984972239, 0.576504707336, 0.331741243601, 0.477812886238, 0.737631857395, 0.374831438065, 0.134188398719, 0.16287663579, 0.136790886521, 0.37925067544, 0.524305701256, 0.253878355026, 0.191608473659, 0.252397567034, 0.154835507274, 0.537916064262], "hpcp": {"dmean2": [0.0560030639172, 0.0604532808065, 0.121958769858, 0.146504208446, 0.0824698284268, 0.0719103366137, 0.086656562984, 0.068884961307, 0.150937348604, 0.210229426622, 0.17812897265, 0.154309526086, 0.166903316975, 0.106200955808, 0.0605766661465, 0.0644940212369, 0.0661751925945, 0.0984066799283, 0.126142755151, 0.0919981375337, 0.0988339558244, 0.116492204368, 0.0862340927124, 0.126979202032, 0.175012886524, 0.115167289972, 0.0665546581149, 0.0645593628287, 0.0615024790168, 0.135211840272, 0.191144913435, 0.137141555548, 0.162628397346, 0.203914582729, 0.129971325397, 0.0621429011226], "median": [0.00362397590652, 0.00751190120354, 0.0248928572983, 0.0271683465689, 0.0176069755107, 0.00912372674793, 0.00884879939258, 0.01019585412, 0.0557137168944, 0.09143024683, 0.0630865618587, 0.043828163296, 0.0243189334869, 0.0212891884148, 0.00764169404283, 0.00841478817165, 0.00924404710531, 0.0122043183073, 0.0139140896499, 0.0164293274283, 0.0159496515989, 0.0153374094516, 0.0138659905642, 0.0241514593363, 0.0280420929193, 0.0181570146233, 0.00571282953024, 0.00397440977395, 0.00662998156622, 0.0268458761275, 0.03672317788, 0.0321284085512, 0.0354333259165, 0.0400969199836, 0.0238592829555, 0.00460724672303], "min": [0, 0, 0, 0, 0, 0, 0, 0, 0, 0, 0, 0, 0, 0, 0, 0, 0, 0, 0, 0, 0, 0, 0, 0, 0, 0, 0, 0, 0, 0, 0, 0, 0, 0, 0, 0], "dvar2": [0.0262195561081, 0.017068522051, 0.0436767116189, 0.0665121823549, 0.0214452017099, 0.0240122228861, 0.0393635705113, 0.0177052225918, 0.0436792746186, 0.103631779552, 0.0605362132192, 0.0471401251853, 0.0793996453285, 0.029514959082, 0.0209633298218, 0.0275594778359, 0.0301570985466, 0.0356208644807, 0.0609082728624, 0.0275940410793, 0.0320768915117, 0.0492774099112, 0.027921795845, 0.0467663109303, 0.0883975103498, 0.0389671474695, 0.026759499684, 0.0338586047292, 0.0213060602546, 0.0509272478521, 0.0935173109174, 0.0457109101117, 0.0604700148106, 0.0940771996975, 0.0435973964632, 0.0245265886188], "dvar": [0.0117409583181, 0.00670957751572, 0.0194982364774, 0.0331971496344, 0.00912264920771, 0.00995723903179, 0.0185136608779, 0.00708510028198, 0.0185329746455, 0.04972377792, 0.0245809387416, 0.0207171868533, 0.0431526079774, 0.0132270362228, 0.00815204903483, 0.0123325120658, 0.0108062000945, 0.0155998235568, 0.0294025801122, 0.0112680830061, 0.0129300877452, 0.0222693644464, 0.0111465808004, 0.0195641834289, 0.0439202859998, 0.0168178994209, 0.0106343468651, 0.0154050774872, 0.00824496429414, 0.0220011826605, 0.0460967049003, 0.0187235046178, 0.0251407846808, 0.049102883786, 0.0189340561628, 0.00918843690306], "dmean": [0.0328107327223, 0.0358554273844, 0.0765094682574, 0.0911081954837, 0.0511227585375, 0.0441455207765, 0.0533598773181, 0.0410150066018, 0.0934011265635, 0.126125752926, 0.107609070837, 0.0934404805303, 0.102805927396, 0.0661724582314, 0.0359084531665, 0.0387066788971, 0.0380879528821, 0.0604051798582, 0.0765242129564, 0.0555820949376, 0.060625731945, 0.0723050758243, 0.0521867722273, 0.0774748325348, 0.106105990708, 0.0707552134991, 0.0390190035105, 0.0382987260818, 0.0358541272581, 0.0828138738871, 0.115627288818, 0.081678211689, 0.098983719945, 0.125750407577, 0.0804574564099, 0.0353289283812], "max": [1, 1, 1, 1, 1, 1, 1, 1, 1, 1, 1, 1, 1, 1, 1, 1, 1, 1, 1, 1, 1, 1, 1, 1, 1, 1, 1, 1, 1, 1, 1, 1, 1, 1, 1, 1], "var": [0.0305527318269, 0.0104179205373, 0.0394964814186, 0.0852089524269, 0.0192932803184, 0.0183980725706, 0.0387946516275, 0.0105628725141, 0.0480879992247, 0.156823664904, 0.0609858445823, 0.0516774728894, 0.138984784484, 0.0319014452398, 0.0151170771569, 0.0327221825719, 0.0139450067654, 0.0396698899567, 0.0862583145499, 0.022029735148, 0.024199495092, 0.0542901009321, 0.0190268419683, 0.0377611108124, 0.107212439179, 0.0322995595634, 0.0167375896126, 0.0325807966292, 0.0101987887174, 0.0381290353835, 0.0915165692568, 0.0272564124316, 0.0502249114215, 0.121779538691, 0.0342273935676, 0.0154888341203], "mean": [0.0523156821728, 0.0439369864762, 0.121814630926, 0.168406054378, 0.0815452709794, 0.0615442954004, 0.0810696408153, 0.0497328862548, 0.172777667642, 0.321198195219, 0.191538318992, 0.165305361152, 0.24528452754, 0.120134688914, 0.0489908382297, 0.0638000741601, 0.0440213866532, 0.103678628802, 0.150871321559, 0.0816847831011, 0.0878058299422, 0.122509546578, 0.0703740566969, 0.120709851384, 0.197195872664, 0.109201431274, 0.0473871231079, 0.0554629601538, 0.038766194135, 0.116911314428, 0.185172274709, 0.106554687023, 0.15347263217, 0.236926019192, 0.120395183563, 0.0431010723114]}, "tuning_equal_tempered_deviation": 0.00280343787745, "chords_changes_rate": 0.0502108074725, "key_key": "F", "tuning_diatonic_strength": 0.417282044888, "key_scale": "minor", "chords_number_rate": 0.00178868020885, "tuning_frequency": 445.112548828, "tuning_nontempered_energy_ratio": 0.61566144228, "chords_histogram": [21.361951828, 11.8691711426, 0.766577243805, 3.88399124146, 1.14986586571, 3.06630897522, 0.945445239544, 1.20097100735, 0.127762869, 15.7659387589, 0.332183480263, 1.12431323528, 0.178868025541, 0.0255525745451, 0.472722619772, 3.46237373352, 4.5739107132, 1.63536477089, 6.28593349457, 0.498275190592, 0.447170048952, 0.843234956264, 9.48000526428, 10.5021076202], "key_strength": 0.71429926157, "chords_key": "F", "chords_strength": {"dmean2": 0.0075529278256, "median": 0.471752405167, "min": -1, "dvar2": 0.000559970620088, "dvar": 0.000303252658341, "dmean": 0.00893851462752, "max": 0.763629734516, "var": 0.0246891696006, "mean": 0.470370322466}, "chords_scale": "minor", "hpcp_entropy": {"dmean2": 0.911393225193, "median": 1.51061487198, "min": 0, "dvar2": 0.613698720932, "dvar": 0.241883352399, "dmean": 0.536544322968, "max": 3.94379973412, "var": 0.48591658473, "mean": 1.44710552692}}, "metadata": {"audio_properties": {"equal_loudness": 0, "codec": "flac", "downmix": "mix", "sample_rate": 44100, "analysis_sample_rate": 44100, "bit_rate": 0, "md5_encoded": "7881416099a5ecf8ee36bf02d1cfb2fb", "length": 363.42666626, "replay_gain": -5.84858894348, "lossless": true}, "version": {"essentia_build_sha": "2d9f1f26377add8aeb1075a9c2973f962c4f09fd", "essentia": "2.1-beta2", "extractor": "music 1.0", "essentia_git_sha": "v2.1_beta2-1-ge3940c0"}, "tags": {"title": ["Impromptus, D. 935: No. 4 in F minor"], "barcode": ["094638585329"], "media": ["CD"], "albumartist": ["Schubert"], "tracktotal": ["8"], "musicbrainz_releasegroupid": ["2a643301-c619-49c3-9972-931c3d683fe9"], "releasetype": ["album", "compilation"], "musicbrainz_recordingid": ["09b56d35-5ecd-4a74-a7ed-fc666c992e62"], "composer": ["Franz Schubert"], "musicbrainz_albumartistid": ["f91e3a88-24ee-4563-8963-fab73d2765ed"], "originalyear": ["2007"], "musicbrainz_releasetrackid": ["2931d96b-ea28-4521-8fca-24ec4c8a1f69"], "discnumber": ["22"], "totaldiscs": ["40"], "catalognumber": ["0946 385853 2 9"], "releasecountry": ["XE"], "file_name": "CD22 08 Impromptus, D. 935_ No. 4 in F minor.flac", "originaldate": ["2007"], "albumartistsort": ["Schubert, Franz"], "date": ["2007"], "genre": ["Classical Box Set, Classical, Box Set"], "disctotal": ["40"], "musicbrainz_artistid": ["f91e3a88-24ee-4563-8963-fab73d2765ed"], "asin": ["B000LXH0Y0"], "musicbrainz_albumid": ["8edceb1c-bfaa-4710-9812-9f17129dcf8d"], "artist": ["Franz Schubert"], "tracknumber": ["8"], "artistsort": ["Schubert, Franz"], "album": ["The Collector's Edition"], "label": ["EMI Classics"], "releasestatus": ["official"], "acoustid_id": ["ff968fdd-e856-4cb7-8724-a7c4ba36e578"], "script": ["Latn"], "totaltracks": ["8"]}}, "rhythm": {"bpm_histogram_first_peak_bpm": {"dmean2": 0, "median": 144, "min": 144, "dvar2": 0, "dvar": 0, "dmean": 0, "max": 144, "var": 0, "mean": 144}, "bpm": 143.17098999, "bpm_histogram_second_peak_spread": {"dmean2": 0, "median": 0.417266190052, "min": 0.417266190052, "dvar2": 0, "dvar": 0, "dmean": 0, "max": 0.417266190052, "var": 0, "mean": 0.417266190052}, "bpm_histogram_first_peak_weight": {"dmean2": 0, "median": 0.126666665077, "min": 0.126666665077, "dvar2": 0, "dvar": 0, "dmean": 0, "max": 0.126666665077, "var": 0, "mean": 0.126666665077}, "onset_rate": 4.27307224274, "beats_position": [0.441179126501, 0.893968224525, 1.35836732388, 1.8111563921, 2.2523355484, 2.71673464775, 3.1811337471, 3.64553284645, 4.1099319458, 4.55111122131, 4.99229001999, 5.42185926437, 5.85142850876, 6.29260778427, 6.73378658295, 7.18657588959, 7.6277551651, 8.08054447174, 8.54494285583, 9.02095222473, 9.50857162476, 10.0078001022, 10.5070295334, 10.9830379486, 11.4474372864, 11.9234466553, 12.3994560242, 12.8638544083, 13.3398637772, 13.8158731461, 14.2918815613, 14.7795009613, 15.2555103302, 15.7431287766, 16.2307472229, 16.7299766541, 17.2175960541, 17.693605423, 18.1580047607, 18.6224040985, 19.0984115601, 19.5512008667, 20.0156002045, 20.4916095734, 20.94439888, 21.3739681244, 21.8151473999, 22.2563266754, 22.7091159821, 23.1619052887, 23.614692688, 24.0674819946, 24.5202713013, 24.9498405457, 25.3910198212, 25.8554191589, 26.3082084656, 26.7609977722, 27.22539711, 27.6781845093, 28.142583847, 28.6069831848, 29.0481624603, 29.4893417358, 29.9305210114, 30.3600902557, 30.8128795624, 31.2772789001, 31.7300682068, 32.1828575134, 32.6472549438, 33.111656189, 33.5760536194, 34.0404510498, 34.4816322327, 34.9228096008, 35.3639907837, 35.8051681519, 36.2579574585, 36.7107467651, 37.151927948, 37.5814971924, 38.0110664368, 38.4638557434, 38.9979133606, 39.5435829163, 40.0892524719, 40.6116981506, 41.134147644, 41.6565971375, 42.1674385071, 42.6898841858, 43.1658935547, 43.6302947998, 44.0946922302, 44.5823135376, 45.046710968, 45.4878921509, 45.9406776428, 46.4050788879, 46.8810882568, 47.3454856873, 47.7866668701, 48.2394561768, 48.6922454834, 49.1334228516, 49.5862121582, 50.0390014648, 50.480178833, 50.9561882019, 51.420589447, 51.8733787537, 52.3377761841, 52.7905654907, 53.2433547974, 53.696144104, 54.1373214722, 54.578502655, 55.0312919617, 55.4724693298, 55.9136505127, 56.3780479431, 56.8308372498, 57.2836265564, 57.7248077393, 58.1543769836, 58.583946228, 59.0135154724, 59.4546928406, 59.8958702087, 60.3254394531, 60.766620636, 61.1845779419, 61.6025390625, 62.0321083069, 62.4616775513, 62.9028549194, 63.3440361023, 63.7736053467, 64.2031707764, 64.6443557739, 65.0855331421, 65.5267105103, 65.9678878784, 66.3974609375, 66.8270263672, 67.1869354248, 67.5700683594, 67.9531936646, 68.3247146606, 68.6846237183, 69.0561447144, 69.4276657104, 69.8107910156, 70.1707000732, 70.5422210693, 70.9137420654, 71.2852630615, 71.6800003052, 72.0747375488, 72.4694747925, 72.8642196655, 73.2589569092, 73.6536941528, 74.0484313965, 74.489616394, 74.9307937622, 75.3487548828, 75.766708374, 76.1846694946, 76.6026306152, 77.0205917358, 77.4385452271, 77.8448944092, 78.2512435913, 78.6692047119, 79.098777771, 79.5283432007, 79.9463043213, 80.3642578125, 80.7822189331, 81.2001800537, 81.6181411743, 82.0360946655, 82.4540557861, 82.8720169067, 83.2899780273, 83.7079315186, 84.1375045776, 84.5670700073, 84.9850311279, 85.4029922485, 85.8209533691, 86.2389068604, 86.656867981, 87.0748291016, 87.4927902222, 87.8991394043, 88.3054885864, 88.7002258301, 89.1065750122, 89.5129241943, 89.9192733765, 90.3256225586, 90.7319717407, 91.1383209229, 91.544670105, 91.9626312256, 92.3689804077, 92.7869338989, 93.216506958, 93.6576843262, 94.0872573853, 94.5052108765, 94.9231719971, 95.3295211792, 95.7590942383, 96.188659668, 96.6066207886, 97.0245819092, 97.4309310913, 97.825668335, 98.2436294556, 98.6731948853, 99.1027679443, 99.5671615601, 99.9851226807, 100.403083801, 100.832649231, 101.26222229, 101.69178772, 102.121360779, 102.585754395, 103.061767578, 103.537773132, 104.106666565, 104.675552368, 105.25605011, 105.929428101, 106.602806091, 107.264579773, 107.926345825, 108.588119507, 109.249885559, 109.900039673, 110.550201416, 111.211967468, 111.862129211, 112.500679016, 113.139228821, 113.777778625, 114.427932739, 115.078094482, 115.716644287, 116.343582153, 116.982131958, 117.609069824, 118.23600769, 118.851333618, 119.466667175, 120.093605042, 120.708930969, 121.324264526, 121.927978516, 122.531700134, 123.135414124, 123.739135742, 124.342857361, 124.94657135, 125.550292969, 126.154014587, 126.757728577, 127.373062134, 128.011611938, 128.661773682, 129.300308228, 129.938858032, 130.589019775, 131.239181519, 131.889343262, 132.527893066, 133.166442871, 133.804992676, 134.44354248, 135.070480347, 135.709014893, 136.347564697, 136.986114502, 137.601455688, 138.239990234, 138.878540039, 139.505477905, 140.13243103, 140.759368896, 141.351470947, 141.943572998, 142.558914185, 143.151016235, 143.731521606, 144.312011719, 144.89251709, 145.484619141, 146.053512573, 146.634017944, 147.214508057, 147.806625366, 148.387115479, 148.96762085, 149.536499023, 150.117004395, 150.697509766, 151.277999878, 151.858505249, 152.4506073, 153.031112671, 153.599990845, 154.168884277, 154.73777771, 155.306671143, 155.875549316, 156.456054688, 157.048156738, 157.628662109, 158.197555542, 158.766433716, 159.335327148, 159.892608643, 160.542770386, 161.19291687, 161.843078613, 162.493240356, 163.1434021, 163.793563843, 164.432098389, 165.082260132, 165.744033813, 166.417419434, 167.079177856, 167.740951538, 168.391113281, 169.041259766, 169.67980957, 170.318359375, 170.945297241, 171.572235107, 172.187576294, 172.802902222, 173.429840088, 174.056777954, 174.68371582, 175.322265625, 175.96081543, 176.587753296, 177.214691162, 177.853240967, 178.515014648, 179.165161133, 179.838546753, 180.500320435, 181.173690796, 181.835464478, 182.485626221, 183.135772705, 183.797546387, 184.44770813, 185.086257935, 185.724807739, 186.351745605, 186.99029541, 187.628845215, 188.278991699, 188.963989258, 189.648971558, 190.333969116, 191.018951416, 191.703948975, 192.388931274, 193.085525513, 193.735687256, 194.385848999, 195.024398804, 195.65133667, 196.289886475, 196.916824341, 197.543762207, 198.182312012, 198.820861816, 199.494232178, 200.156005859, 200.829391479, 201.491149902, 202.152923584, 202.826293945, 203.488067627, 204.115005493, 204.753555298, 205.415328979, 206.088699341, 206.762084961, 207.435455322, 208.108840942, 208.770614624, 209.420761108, 210.094146729, 210.75592041, 211.44090271, 212.11428833, 212.683166504, 213.252059937, 213.809341431, 214.366622925, 214.92388916, 215.492782593, 216.050064087, 216.61895752, 217.12979126, 217.640625, 218.151473999, 218.662307739, 219.173141479, 219.660766602, 220.148391724, 220.636001587, 221.135238647, 221.657684326, 222.180130005, 222.690963745, 223.143753052, 223.596542358, 224.037734985, 224.467300415, 224.908477783, 225.326431274, 225.744400024, 226.162353516, 226.580307007, 226.998275757, 227.462677002, 227.927078247, 228.403076172, 228.867477417, 229.331878662, 229.796279907, 230.272293091, 230.725082397, 231.177871704, 231.619049072, 232.071838379, 232.524627686, 232.965805054, 233.395370483, 233.824935913, 234.266113281, 234.69569397, 235.125259399, 235.543212891, 235.961181641, 236.379135132, 236.797088623, 237.215057373, 237.633010864, 238.085800171, 238.538589478, 238.979766846, 239.420944214, 239.862121582, 240.30329895, 240.744491577, 241.185668945, 241.626846313, 242.044799805, 242.462768555, 242.880722046, 243.298675537, 243.728256226, 244.157821655, 244.575775146, 244.993743896, 245.434921265, 245.89932251, 246.363708496, 246.83972168, 247.315734863, 247.803344727, 248.267745972, 248.732147217, 249.184936523, 249.63772583, 250.090515137, 250.543304443, 250.99609375, 251.448883057, 251.913284302, 252.389297485, 252.85369873, 253.318084717, 253.7940979, 254.258499146, 254.722900391, 255.175689697, 255.628479004, 256.069641113, 256.51083374, 256.975219727, 257.428009033, 257.88079834, 258.310394287, 258.739959717, 259.181121826, 259.622314453, 260.063476563, 260.504669189, 260.934234619, 261.363800049, 261.735321045, 262.106842041, 262.466766357, 262.838256836, 263.221405029, 263.616149902, 263.987670898, 264.359191895, 264.730712891, 265.07901001, 265.450531006, 265.822021484, 266.181945801, 266.553466797, 266.913360596, 267.261688232, 267.726074219, 268.190460205, 268.654876709, 269.107666016, 269.548828125, 270.001617432, 270.454406738, 270.907196045, 271.359985352, 271.801177979, 272.230743408, 272.648712158, 273.066650391, 273.49621582, 273.937408447, 274.366973877, 274.784942627, 275.226104736, 275.667297363, 276.10848999, 276.561279297, 276.990844727, 277.420410156, 277.861572266, 278.279541016, 278.709106445, 279.150299072, 279.591461182, 280.032653809, 280.473815918, 280.903381348, 281.321350098, 281.739318848, 282.168884277, 282.598449707, 283.028015137, 283.457580566, 283.863952637, 284.281890869, 284.699859619, 285.129425049, 285.558990479, 285.988555908, 286.418121338, 286.859313965, 287.300506592, 287.753295898, 288.217681885, 288.600799561, 288.94909668, 289.285797119, 289.622497559, 289.970794678, 290.319091797, 290.667388916, 291.004089355, 291.340759277, 291.677459717, 292.025756836, 292.362457275, 292.710754395, 293.082275391, 293.453796387, 293.825286865, 294.301300049, 294.754089355, 295.195281982, 295.636444092, 296.077636719, 296.518829346, 296.959991455, 297.401184082, 297.830749512, 298.260314941, 298.701477051, 299.142669678, 299.583862305, 300.025024414, 300.466217041, 300.895782471, 301.3253479, 301.74331665, 302.17288208, 302.60244751, 303.032012939, 303.449981689, 303.867919922, 304.285888672, 304.715454102, 305.133422852, 305.562988281, 305.992553711, 306.410522461, 306.828460693, 307.246429443, 307.664398193, 308.082366943, 308.500305176, 308.906646729, 309.313018799, 309.730957031, 310.148925781, 310.578491211, 311.008056641, 311.426025391, 311.843994141, 312.261932373, 312.668304443, 313.086242676, 313.504211426, 313.910552979, 314.328521729, 314.746490479, 315.164428711, 315.582397461, 316.000366211, 316.418304443, 316.824676514, 317.242614746, 317.648986816, 318.066925049, 318.461669922, 318.868011475, 319.274383545, 319.680725098, 320.08706665, 320.493408203, 320.899780273, 321.294494629, 321.689239502, 322.095581055, 322.501953125, 322.919891357, 323.326263428, 323.73260498, 324.127349854, 324.533691406, 324.940032959, 325.346374512, 325.752746582, 326.147491455, 326.553833008, 326.960174561, 327.354919434, 327.761260986, 328.167602539, 328.585571289, 328.980316162, 329.386657715, 329.792999268, 330.210968018, 330.61730957, 331.023681641, 331.430023193, 331.836364746, 332.254333496, 332.672271729, 333.078643799, 333.484985352, 333.902954102, 334.309295654, 334.843353271, 335.377410889, 335.911468506, 336.457122803, 336.99118042, 337.525268555, 338.059326172, 338.593383789, 339.139038086, 339.6847229, 340.218780518, 340.752838135, 341.286895752, 341.809326172, 342.331787109, 342.865844727, 343.376678467, 343.887512207, 344.386749268, 344.885986328, 345.385223389, 345.896057129, 346.418487549, 346.952545166, 347.463409424, 347.974243164, 348.485076904, 348.995910645, 349.506744385, 350.029205322, 350.540039063, 351.07409668, 351.608154297, 352.130615234, 352.653045654, 353.163879395, 353.674743652, 354.034637451, 354.394561768, 354.754455566, 355.125976563, 355.497497559, 355.869018555, 356.240539551, 356.612060547, 357.030029297, 357.459594727, 357.889160156, 358.283905029, 358.678619385, 359.073364258, 359.468109131, 359.851226807, 360.234375, 360.617492676, 361.000640869, 361.383758545, 361.813323975, 362.231292725, 362.649230957], "beats_loudness": {"dmean2": 0.0323386415839, "median": 0.00920893065631, "min": 0, "dvar2": 0.00379065261222, "dvar": 0.00142461899668, "dmean": 0.0186623614281, "max": 0.320171028376, "var": 0.00153467361815, "mean": 0.0230886582285}, "danceability": 0.975713849068, "bpm_histogram_second_peak_weight": {"dmean2": 0, "median": 0.108000002801, "min": 0.108000002801, "dvar2": 0, "dvar": 0, "dmean": 0, "max": 0.108000002801, "var": 0, "mean": 0.108000002801}, "beats_count": 751, "bpm_histogram_second_peak_bpm": {"dmean2": 0, "median": 136, "min": 136, "dvar2": 0, "dvar": 0, "dmean": 0, "max": 136, "var": 0, "mean": 136}, "bpm_histogram_first_peak_spread": {"dmean2": 0, "median": 0.558139503002, "min": 0.558139503002, "dvar2": 0, "dvar": 0, "dmean": 0, "max": 0.558139503002, "var": 0, "mean": 0.558139503002}, "beats_loudness_band_ratio": {"dmean2": [0.10529435426, 0.26293566823, 0.336648792028, 0.339101970196, 0.104212343693, 0.00746679352596], "median": [0.0298944991082, 0.215126886964, 0.38904055953, 0.14466868341, 0.0192392766476, 0.000686413550284], "min": [0, 0, 0, 0, 0, 0], "dvar2": [0.020603004843, 0.0582366771996, 0.0856969282031, 0.127643808722, 0.0451478734612, 0.00303625175729], "dvar": [0.00861407071352, 0.0237752981484, 0.0351272746921, 0.053901899606, 0.0156117836013, 0.00172406178899], "dmean": [0.061382882297, 0.155827045441, 0.196422055364, 0.192194581032, 0.0569550432265, 0.00434806011617], "max": [0.920220553875, 0.923264622688, 0.979317307472, 0.992898106575, 0.7923604846, 0.919976472855], "var": [0.0135097010061, 0.0413081645966, 0.0681442469358, 0.0830193385482, 0.0117381699383, 0.00297726131976], "mean": [0.072243437171, 0.250415235758, 0.399968266487, 0.285024940968, 0.052717089653, 0.00567265274003]}}, "lowlevel": {"barkbands_spread": {"dmean2": 2.50100708008, "median": 5.69171905518, "min": 0.319895893335, "dvar2": 12.1517896652, "dvar": 5.387550354, "dmean": 1.63160634041, "max": 148.914611816, "var": 41.761592865, "mean": 7.00978326797}, "melbands_spread": {"dmean2": 4.36424589157, "median": 9.3409614563, "min": 0.735021471977, "dvar2": 44.5245437622, "dvar": 21.2612781525, "dmean": 2.82336425781, "max": 267.627746582, "var": 282.746643066, "mean": 12.7639141083}, "hfc": {"dmean2": 6.6617732048, "median": 3.04074263573, "min": 1.07830894075e-16, "dvar2": 498.99987793, "dvar": 266.116088867, "dmean": 4.99690389633, "max": 682.484313965, "var": 711.47253418, "mean": 11.7777347565}, "barkbands_kurtosis": {"dmean2": 4.03042984009, "median": 2.04682993889, "min": -1.92394244671, "dvar2": 56.6372413635, "dvar": 24.5504207611, "dmean": 2.63095974922, "max": 180.774841309, "var": 60.9253463745, "mean": 4.3147354126}, "gfcc": {"mean": [-214.851486206, 191.594299316, -151.868362427, -38.3337898254, -42.6987724304, -25.9679374695, -28.3954296112, -15.0651655197, -15.5637817383, -10.9711589813, -6.29765558243, -7.94759511948, -6.1763715744], "icov": [[0.000820354965981, -0.00155787542462, 0.00216095568612, -0.00148157693911, 0.00190055079293, -0.0013094318565, 0.000955338997301, 3.11273652187e-05, 6.62988604745e-05, 0.000414284702856, -0.000771895633079, 0.000392493413528, -8.71723968885e-05], [-0.00155787542462, 0.00421512592584, -0.00414713984355, 0.00355433556251, -0.00422178627923, 0.00333668710664, -0.00178590742871, 0.00039726641262, -0.000452309002867, 0.000367561122403, 0.000819425738882, -0.000111405584903, 3.1131941796e-05], [0.00216095568612, -0.00414713984355, 0.00708035938442, -0.00373595533893, 0.00508096301928, -0.00432417774573, 0.00361117417924, -0.00152354966849, 0.00119626754895, -0.000393425201764, -0.000762760872021, -0.000692452420481, 0.000792109174654], [-0.00148157693911, 0.00355433556251, -0.00373595533893, 0.00513092707843, -0.00394733995199, 0.002271624282, -0.00246444181539, 0.00148666754831, -0.00196398608387, -0.000726987607777, 0.00128719198983, -0.00058674957836, 0.000217407534365], [0.00190055079293, -0.00422178627923, 0.00508096301928, -0.00394733995199, 0.00954478327185, -0.00424928916618, 0.00211155228317, -0.000730942934752, 0.00110053527169, -0.00017129907792, -0.00231011584401, 0.000727857288439, -3.81594945793e-05], [-0.0013094318565, 0.00333668710664, -0.00432417774573, 0.002271624282, -0.00424928916618, 0.00671712029725, -0.00321203842759, 0.000920878490433, 0.000634834170341, -0.000255780993029, 0.00203444366343, -0.00112013053149, 0.000466637866339], [0.000955338997301, -0.00178590742871, 0.00361117417924, -0.00246444181539, 0.00211155228317, -0.00321203842759, 0.00787633657455, -0.00341905304231, 0.00196307036094, 0.00101932452526, -0.00149160157889, 0.00131993729156, -0.000749075785279], [3.11273652187e-05, 0.00039726641262, -0.00152354966849, 0.00148666754831, -0.000730942934752, 0.000920878490433, -0.00341905304231, 0.00936355814338, -0.00551800057292, 0.00174770562444, 0.000946320244111, -0.00129506015219, 0.00138812267687], [6.62988604745e-05, -0.000452309002867, 0.00119626754895, -0.00196398608387, 0.00110053527169, 0.000634834170341, 0.00196307036094, -0.00551800057292, 0.0132459877059, -0.00559606496245, 0.00176962616388, 0.000603701686487, -0.00150349654723], [0.000414284702856, 0.000367561122403, -0.000393425201764, -0.000726987607777, -0.00017129907792, -0.000255780993029, 0.00101932452526, 0.00174770562444, -0.00559606496245, 0.015275507234, -0.00756293535233, 0.00429460359737, -0.00021424528677], [-0.000771895633079, 0.000819425738882, -0.000762760872021, 0.00128719198983, -0.00231011584401, 0.00203444366343, -0.00149160157889, 0.000946320244111, 0.00176962616388, -0.00756293535233, 0.0172280240804, -0.00966305844486, 0.0057010166347], [0.000392493413528, -0.000111405584903, -0.000692452420481, -0.00058674957836, 0.000727857288439, -0.00112013053149, 0.00131993729156, -0.00129506015219, 0.000603701686487, 0.00429460359737, -0.00966305844486, 0.017991065979, -0.00921959988773], [-8.71723968885e-05, 3.1131941796e-05, 0.000792109174654, 0.000217407534365, -3.81594945793e-05, 0.000466637866339, -0.000749075785279, 0.00138812267687, -0.00150349654723, -0.00021424528677, 0.0057010166347, -0.00921959988773, 0.0158001687378]], "cov": [[21008.5449219, 2187.24902344, -5135.78320313, 1075.69348145, -503.949249268, -961.902648926, 63.6774215698, -1074.42626953, 90.8907394409, -358.16192627, 149.973373413, -493.980804443, 140.307800293], [2187.24902344, 1424.59619141, -249.961502075, -445.742340088, 27.8498573303, -324.515869141, -92.8121643066, -53.7159004211, -48.3260231018, -108.191436768, 23.8744506836, -41.7621574402, -1.15312981606], [-5135.78320313, -249.961502075, 1711.50073242, -257.971466064, 62.0485534668, 306.327270508, -109.362312317, 276.269134521, -35.8499259949, 86.3978729248, -33.68542099, 148.251358032, -52.0279312134], [1075.69348145, -445.742340088, -257.971466064, 704.993591309, 24.730348587, 76.3377685547, 74.2396240234, -86.9320144653, 79.1557235718, 56.6468925476, 9.02661323547, -28.7045783997, 7.30146360397], [-503.949249268, 27.8498573303, 62.0485534668, 24.730348587, 228.271377563, 72.2424163818, 23.9750843048, 15.1596946716, -15.0996685028, 16.6714172363, 18.1641292572, 10.1688156128, -9.89483642578], [-961.902648926, -324.515869141, 306.327270508, 76.3377685547, 72.2424163818, 390.078094482, 79.2831802368, 33.0491676331, -41.5786361694, 7.87882041931, -20.9908180237, 35.8840408325, -6.90278100967], [63.6774215698, -92.8121643066, -109.362312317, 74.2396240234, 23.9750843048, 79.2831802368, 223.70199585, 47.5035972595, -9.09469604492, -22.4554767609, -8.13510131836, -8.40513134003, 6.00473499298], [-1074.42626953, -53.7159004211, 276.269134521, -86.9320144653, 15.1596946716, 33.0491676331, 47.5035972595, 223.461380005, 52.4194641113, 6.30864906311, -22.5129051208, 24.9651012421, -9.03132247925], [90.8907394409, -48.3260231018, -35.8499259949, 79.1557235718, -15.0996685028, -41.5786361694, -9.09469604492, 52.4194641113, 136.514892578, 47.0681037903, -5.07809782028, -15.0364809036, 4.14667367935], [-358.16192627, -108.191436768, 86.3978729248, 56.6468925476, 16.6714172363, 7.87882041931, -22.4554767609, 6.30864906311, 47.0681037903, 122.133575439, 40.2234802246, -5.19208288193, -20.0931034088], [149.973373413, 23.8744506836, -33.68542099, 9.02661323547, 18.1641292572, -20.9908180237, -8.13510131836, -22.5129051208, -5.07809782028, 40.2234802246, 109.338500977, 34.6313743591, -14.5805368423], [-493.980804443, -41.7621574402, 148.251358032, -28.7045783997, 10.1688156128, 35.8840408325, -8.40513134003, 24.9651012421, -15.0364809036, -5.19208288193, 34.6313743591, 116.209213257, 40.5052108765], [140.307800293, -1.15312981606, -52.0279312134, 7.30146360397, -9.89483642578, -6.90278100967, 6.00473499298, -9.03132247925, 4.14667367935, -20.0931034088, -14.5805368423, 40.5052108765, 96.8511657715]]}, "spectral_energyband_middle_low": {"dmean2": 0.00374392629601, "median": 0.00316363503225, "min": 1.49868173427e-22, "dvar2": 6.23060041107e-05, "dvar": 2.95828795061e-05, "dmean": 0.00258746324107, "max": 0.194519206882, "var": 0.000192120671272, "mean": 0.00809940882027}, "melbands_crest": {"dmean2": 4.84860992432, "median": 13.7374505997, "min": 1.4749225378, "dvar2": 20.3584823608, "dvar": 9.23945522308, "dmean": 3.12692332268, "max": 35.1137390137, "var": 32.5869483948, "mean": 14.6878404617}, "spectral_kurtosis": {"dmean2": 31.9243507385, "median": 41.0836372375, "min": -1.26939475536, "dvar2": 821.98638916, "dvar": 291.519561768, "dmean": 18.5675201416, "max": 183.073730469, "var": 1233.32592773, "mean": 48.5790748596}, "spectral_rms": {"dmean2": 0.000775084015913, "median": 0.0022245827131, "min": 3.0773480552e-12, "dvar2": 1.22713936435e-06, "dvar": 7.21071842236e-07, "dmean": 0.000582916138228, "max": 0.0204570218921, "var": 5.62452260056e-06, "mean": 0.00289495917968}, "zerocrossingrate": {"dmean2": 0.00408810377121, "median": 0.03271484375, "min": 0.01025390625, "dvar2": 3.88714615838e-05, "dvar": 3.03419055854e-05, "dmean": 0.00337154907174, "max": 0.70947265625, "var": 0.0028568492271, "mean": 0.0404200665653}, "silence_rate_60dB": {"dmean2": 0.181458055973, "median": 0, "min": 0, "dvar2": 0.167708739638, "dvar": 0.0824864432216, "dmean": 0.0907232314348, "max": 1, "var": 0.237553775311, "mean": 0.388296186924}, "erbbands_kurtosis": {"dmean2": 3.31954073906, "median": 1.29667067528, "min": -1.71712732315, "dvar2": 30.5687103271, "dvar": 15.2547397614, "dmean": 2.25315237045, "max": 162.275680542, "var": 41.2254905701, "mean": 3.52038836479}, "erbbands": {"dmean2": [0.00107326882426, 0.0258628875017, 0.114732548594, 0.40418407321, 1.3997502327, 2.80096960068, 6.37842512131, 14.0812540054, 13.6560697556, 19.2392787933, 18.2136802673, 19.2936916351, 21.5535335541, 18.7957687378, 54.6599235535, 33.7117919922, 55.5060768127, 36.4701042175, 11.9947061539, 9.68912982941, 8.46478939056, 4.81047725677, 5.01342153549, 1.76429378986, 0.59598582983, 0.528960764408, 0.324209928513, 0.202789008617, 0.125151842833, 0.0448791384697, 0.0210968479514, 0.00894336029887, 0.011501673609, 0.00182607781608, 0.00102743296884, 0.000387472100556, 3.60467674909e-05, 6.02572026764e-06, 3.9774013203e-06, 8.50206379255e-06], "median": [0.000122462733998, 0.00285927951336, 0.0204109400511, 0.100739099085, 0.342616289854, 1.00232326984, 1.87734985352, 2.85697579384, 4.57053613663, 7.40162563324, 6.88395547867, 4.25246572495, 3.92211461067, 3.94828987122, 6.52307653427, 4.47156620026, 2.55390501022, 1.67700469494, 0.961979269981, 0.912952423096, 0.763532102108, 0.376051217318, 0.180341184139, 0.121677309275, 0.0422900430858, 0.0216473843902, 0.00869550835341, 0.00231879437342, 0.000956452277023, 0.000372485053958, 0.000182766510989, 9.33979754336e-05, 6.06012217759e-05, 4.04390993936e-05, 2.45586961682e-05, 1.39409830808e-05, 6.84620090396e-06, 2.33288142226e-06, 2.96763801089e-06, 5.83387918596e-06], "min": [1.17501904684e-22, 3.52927912407e-22, 1.87705335175e-21, 5.85796263944e-21, 1.26623192582e-20, 3.00180419251e-20, 3.08174861377e-20, 5.16303164707e-20, 1.1190425029e-19, 1.76726569185e-19, 1.46751172298e-19, 2.0597568857e-19, 6.29198345058e-19, 7.4030167772e-19, 9.71800011166e-19, 1.78200119068e-18, 1.89702789269e-18, 1.88585433697e-18, 2.31501094161e-18, 2.80233985e-18, 3.1584841171e-18, 4.46481406255e-18, 5.48505242622e-18, 5.78692495974e-18, 6.58388990529e-18, 9.30524008792e-18, 8.90309630696e-18, 8.63864666513e-18, 9.67472595112e-18, 1.25836174174e-17, 1.10657749077e-17, 1.0364626842e-17, 9.45172798414e-18, 9.11560810531e-18, 7.0480163975e-18, 4.15599776139e-18, 2.2813777779e-18, 9.70516537048e-19, 2.47502830732e-19, 2.70141549176e-20], "dvar2": [2.13387120311e-05, 0.0090222703293, 0.121985010803, 2.60072231293, 18.2504825592, 51.4480171204, 310.79083252, 1831.74023438, 1706.37158203, 3052.17358398, 2434.13208008, 7840.13427734, 6501.42529297, 8324.64550781, 70605.3984375, 20575.8242188, 192012.5, 53445.25, 1990.5645752, 2024.56872559, 981.486083984, 2692.20092773, 6486.18115234, 72.9815673828, 4.69312477112, 7.35801315308, 3.21796178818, 2.8978843689, 4.57802438736, 0.179412052035, 0.0179465264082, 0.00692755449563, 0.132139280438, 0.00133362016641, 0.000382084574085, 0.000100525357993, 3.12736091246e-07, 1.89403426276e-08, 1.27221372326e-10, 4.6664361264e-10], "dvar": [8.68734332471e-06, 0.00355856493115, 0.0463344715536, 0.835802197456, 7.27306461334, 19.9163818359, 146.190383911, 576.340087891, 568.878173828, 1755.65490723, 1202.23413086, 3812.96020508, 2984.71704102, 5625.45947266, 35159.421875, 13405.8935547, 102532.539063, 27522.703125, 1004.72668457, 907.00793457, 478.539154053, 1160.06225586, 2575.77270508, 32.4551773071, 2.18270111084, 3.52148318291, 1.43966341019, 1.28404438496, 1.65471720695, 0.0747563317418, 0.00779657857493, 0.00263726548292, 0.0453153327107, 0.000463773088995, 0.000140004762216, 3.55438351107e-05, 1.11900867239e-07, 6.73645628169e-09, 6.90406273818e-11, 2.54288534673e-10], "dmean": [0.000682591286022, 0.0158899277449, 0.0699827075005, 0.250936359167, 0.899533689022, 1.83799481392, 4.31538581848, 8.37988853455, 8.46795749664, 13.9825839996, 12.9770536423, 13.7026348114, 14.5007190704, 13.565820694, 40.625705719, 25.6547088623, 42.7744064331, 27.9157047272, 8.58985614777, 6.42542409897, 5.88052558899, 3.21961951256, 3.21587252617, 1.15546274185, 0.404669374228, 0.361167162657, 0.213765084743, 0.129487603903, 0.0787328183651, 0.0299264863133, 0.0137458834797, 0.00555628258735, 0.0064815543592, 0.00106481416151, 0.000598309852649, 0.000219935551286, 2.13163166336e-05, 3.62056630365e-06, 2.92619552056e-06, 6.23868800176e-06], "max": [0.105318643153, 2.46485042572, 7.40043401718, 39.8242454529, 82.8624801636, 125.918373108, 403.971801758, 535.686035156, 621.039489746, 1852.48278809, 1122.99414063, 2722.37817383, 1402.46716309, 6211.08837891, 6569.49169922, 3020.21630859, 11068.25, 5739.75146484, 843.781494141, 1427.83850098, 733.178466797, 1654.23828125, 4623.22363281, 404.148498535, 47.0987205505, 93.0835571289, 59.3598480225, 72.5028381348, 81.2291488647, 16.0133209229, 3.56233286858, 3.20723056793, 17.4250507355, 1.53494417667, 0.88532346487, 0.419926255941, 0.0179950874299, 0.00660783052444, 0.000368196517229, 0.000560024171136], "var": [3.80326782761e-05, 0.00962481833994, 0.120814345777, 2.27194166183, 20.9083881378, 107.681213379, 829.980651855, 1446.06140137, 1723.71838379, 6477.39941406, 3824.51586914, 10905.6220703, 8264.85742188, 13247.5546875, 56445.5585938, 28795.8144531, 212881.96875, 57709.4179688, 3880.19458008, 2242.52148438, 1175.28588867, 1308.55383301, 2469.98583984, 50.2161064148, 6.30623674393, 6.76283359528, 2.28513884544, 1.6838568449, 1.40745377541, 0.0958463996649, 0.0102160479873, 0.00226386194117, 0.0258251354098, 0.000280908745481, 9.4394912594e-05, 2.13671264646e-05, 7.18016011092e-08, 4.18567047689e-09, 2.2352168727e-10, 9.21891729622e-10], "mean": [0.00146160344593, 0.027702614665, 0.118218265474, 0.542525231838, 1.91992175579, 4.69168663025, 10.1780920029, 15.8292007446, 19.8683605194, 31.3701534271, 28.6814212799, 30.1496391296, 29.5030231476, 25.5330085754, 61.9689064026, 42.620475769, 71.8855895996, 47.738822937, 19.4030590057, 12.9865550995, 10.6777992249, 5.13866901398, 4.44119644165, 1.97458970547, 0.866099238396, 0.621828794479, 0.327893823385, 0.185032367706, 0.108562618494, 0.0419870615005, 0.0179028920829, 0.0061083547771, 0.00526823662221, 0.000973314861767, 0.000487815123051, 0.000171519626747, 2.54695423791e-05, 5.88018747294e-06, 8.18512671685e-06, 1.69028407981e-05]}, "spectral_strongpeak": {"dmean2": 1.05677318573, "median": 0.78152602911, "min": 0, "dvar2": 4.032579422, "dvar": 2.08658790588, "dmean": 0.730738222599, "max": 32.4404220581, "var": 6.28068828583, "mean": 1.60801398754}, "spectral_energy": {"dmean2": 0.00717769190669, "median": 0.00507248705253, "min": 9.70682231664e-21, "dvar2": 0.000310637871735, "dvar": 0.000168969490915, "dmean": 0.00524994172156, "max": 0.428952008486, "var": 0.000639294972643, "mean": 0.0143553968519}, "average_loudness": 0.0597402974963, "spectral_rolloff": {"dmean2": 200.396621704, "median": 861.328125, "min": 86.1328125, "dvar2": 220248.8125, "dvar": 93913.28125, "dmean": 114.944084167, "max": 21102.5390625, "var": 3824333.5, "mean": 1117.47070313}, "spectral_centroid": {"dmean2": 121.86554718, "median": 666.924743652, "min": 217.576538086, "dvar2": 37763.1914063, "dvar": 18645.0605469, "dmean": 81.0407943726, "max": 11753.8447266, "var": 737800.0625, "mean": 805.586120605}, "pitch_salience": {"dmean2": 0.11376786232, "median": 0.542160928249, "min": 0.0867517516017, "dvar2": 0.0112681118771, "dvar": 0.00485236151144, "dmean": 0.0727629512548, "max": 0.907453358173, "var": 0.0165989156812, "mean": 0.531989693642}, "spectral_energyband_middle_high": {"dmean2": 0.00423979992047, "median": 0.000915970711503, "min": 1.19079737566e-21, "dvar2": 0.000248579424806, "dvar": 0.000132292538183, "dmean": 0.00317988381721, "max": 0.408885657787, "var": 0.000302163069136, "mean": 0.00616744952276}, "spectral_contrast_coeffs": {"dmean2": [0.0782553702593, 0.0714366361499, 0.0600147172809, 0.0509999170899, 0.0378296971321, 0.0320352837443], "median": [-0.600827395916, -0.700017511845, -0.740489125252, -0.744409620762, -0.751150667667, -0.814673364162], "min": [-0.979373693466, -0.980635285378, -0.981728196144, -0.97205388546, -0.966780543327, -0.964204788208], "dvar2": [0.00382421817631, 0.0036648446694, 0.0026841009967, 0.00185305578634, 0.0011153339874, 0.000948343717027], "dvar": [0.00145234412048, 0.00149920780677, 0.00130161235575, 0.000888156180736, 0.000507864810061, 0.000413936824771], "dmean": [0.0477428771555, 0.0453875772655, 0.0395776107907, 0.0332132093608, 0.0248785261065, 0.0198983326554], "max": [-0.263314902782, -0.394792824984, -0.425950288773, -0.438954800367, -0.570053994656, -0.592306375504], "var": [0.0116558540612, 0.00730406679213, 0.00689081382006, 0.00544021464884, 0.00371482595801, 0.00563858496025], "mean": [-0.602187931538, -0.701510429382, -0.733037173748, -0.740342617035, -0.758177399635, -0.797120511532]}, "melbands_skewness": {"dmean2": 0.73878633976, "median": 0.888503789902, "min": -7.94520807266, "dvar2": 0.567756831646, "dvar": 0.271057009697, "dmean": 0.503866434097, "max": 12.7929496765, "var": 1.92609059811, "mean": 0.834368169308}, "spectral_spread": {"dmean2": 446448.1875, "median": 1262157.5, "min": 429098.125, "dvar2": 336546103296, "dvar": 166404456448, "dmean": 258925.75, "max": 43395624, "var": 10348153274400.0, "mean": 1701823.5}, "dissonance": {"dmean2": 0.0726352781057, "median": 0.421678960323, "min": 0.0835667699575, "dvar2": 0.00492537440732, "dvar": 0.00179190805648, "dmean": 0.0427325554192, "max": 0.500000119209, "var": 0.00441642571241, "mean": 0.407517015934}, "spectral_skewness": {"dmean2": 1.9192687273, "median": 4.18866062164, "min": -0.0812782943249, "dvar2": 2.59401488304, "dvar": 0.893265724182, "dmean": 1.10497069359, "max": 11.343000412, "var": 4.38471317291, "mean": 4.49103116989}, "spectral_flux": {"dmean2": 0.031341470778, "median": 0.0300052259117, "min": 6.42732186917e-11, "dvar2": 0.00219683907926, "dvar": 0.00086519861361, "dmean": 0.0191872566938, "max": 0.485182791948, "var": 0