{"metadata": {"tags": {"album": ["DJ Cam - The French Connection"], "genre": ["Trip-Hop"], "artist": ["Shinju Gumi - Blindwhisper"], "date": ["2000"], "tracknumber": ["7/13"], "title": ["Shinju Gumi - Blindwhisper"], "file_name": "1937004.mp3", "musicbrainz_recordingid": ["09ccce2c-0465-49ba-b0fd-2dc3630e8096"]}, "audio_properties": {"sample_rate": 44100, "downmix": "mix", "lossless": false, "analysis_sample_rate": 44100, "md5_encoded": "00952582294fa2adfc5e217ac5848100", "equal_loudness": 0, "replay_gain": -10.38164711, "codec": "mp3", "bit_rate": 320047, "length": 175.830200195}, "version": {"extractor": "music 1.0", "essentia_build_sha": "70f2e5ece6736b2c40cc944ad0e695b16b925413", "essentia_git_sha": "v2.1_beta2", "essentia": "2.1-beta2"}}, "rhythm": {"beats_loudness_band_ratio": {"dvar2": [0.147688671947, 0.0826475322247, 0.0271086338907, 0.0162017866969, 0.00261618662626, 0.0100503591821], "var": [0.110120408237, 0.034842222929, 0.0202423948795, 0.00498176505789, 0.00120463303756, 0.00313345040195], "min": [0.000355234660674, 0.00783516094089, 0.00261964765377, 0.000158824055688, 6.22267252766e-05, 9.91229808278e-06], "dmean": [0.326347082853, 0.194334715605, 0.138934955001, 0.0640529170632, 0.0323203392327, 0.0346140563488], "mean": [0.386820554733, 0.30139824748, 0.208769470453, 0.0683362856507, 0.0354645363986, 0.0302294045687], "max": [0.98009198904, 0.928074419498, 0.711740732193, 0.539928197861, 0.244445025921, 0.723575115204], "dmean2": [0.552411317825, 0.326507121325, 0.229006543756, 0.108828678727, 0.0541629232466, 0.0601495914161], "median": [0.346047729254, 0.270708143711, 0.187949821353, 0.0549863576889, 0.0257476586848, 0.0132498554885], "dvar": [0.0853203609586, 0.0300145708025, 0.0114649012685, 0.00521616498008, 0.00104505138006, 0.00382161256857]}, "bpm_histogram_first_peak_weight": {"dvar2": 0, "var": 0, "min": 0.680738806725, "dmean": 0, "mean": 0.680738806725, "max": 0.680738806725, "dmean2": 0, "median": 0.680738806725, "dvar": 0}, "bpm": 129.922531128, "beats_count": 380, "bpm_histogram_first_peak_spread": {"dvar2": 0, "var": 0, "min": 0.29315072298, "dmean": 0, "mean": 0.29315072298, "max": 0.29315072298, "dmean2": 0, "median": 0.29315072298, "dvar": 0}, "danceability": 1.27593541145, "bpm_histogram_first_peak_bpm": {"dvar2": 0, "var": 0, "min": 129, "dmean": 0, "mean": 129, "max": 129, "dmean2": 0, "median": 129, "dvar": 0}, "beats_position": [0.487619042397, 0.99845802784, 1.48607707024, 1.9620860815, 2.43809509277, 2.90249419212, 3.36689329147, 3.8196823597, 4.27247142792, 4.73687076569, 5.20126962662, 5.66566896439, 6.13006782532, 6.59446716309, 7.05886602402, 7.51165533066, 7.96444416046, 8.42884349823, 8.893242836, 9.35764122009, 9.82204055786, 10.2864398956, 10.7508392334, 11.2152376175, 11.6680269241, 12.1208162308, 12.5852155685, 13.0496139526, 13.5140132904, 13.9784126282, 14.4195919037, 14.8839902878, 15.3483896255, 15.8127889633, 16.2771873474, 16.7415866852, 17.2059860229, 17.6703853607, 18.1347846985, 18.5991840363, 19.0635814667, 19.5163707733, 19.9807701111, 20.4451694489, 20.9095687866, 21.3623580933, 21.826757431, 22.2911567688, 22.7555541992, 23.219953537, 23.6843528748, 24.1487522125, 24.6131515503, 25.0775508881, 25.5419502258, 25.9947395325, 26.4475269318, 26.9119262695, 27.3763256073, 27.8407249451, 28.3051242828, 28.7695236206, 29.2339229584, 29.686712265, 30.1394996643, 30.6038990021, 31.0682983398, 31.5326976776, 31.9970970154, 32.4614944458, 32.9258956909, 33.3786849976, 33.8314743042, 34.2958717346, 34.7602729797, 35.2246704102, 35.6890678406, 36.1534690857, 36.6178665161, 37.0706558228, 37.5234451294, 37.9878463745, 38.4522438049, 38.91664505, 39.3810424805, 39.8454399109, 40.309841156, 40.7742385864, 41.2270278931, 41.6798171997, 42.1442184448, 42.6086158752, 43.0730133057, 43.5374145508, 44.0018119812, 44.4662132263, 44.919002533, 45.3717918396, 45.83618927, 46.3005905151, 46.7649879456, 47.229385376, 47.6937866211, 48.1581840515, 48.6225852966, 49.0753746033, 49.5397720337, 50.0041732788, 50.4685707092, 50.9213600159, 51.3857574463, 51.8501586914, 52.3145561218, 52.7789573669, 53.2433547974, 53.7077522278, 54.1721534729, 54.6365509033, 55.1009521484, 55.5653495789, 56.0181388855, 56.4709281921, 56.9353294373, 57.3997268677, 57.8641242981, 58.3285255432, 58.7929229736, 59.2457122803, 59.6985015869, 60.162902832, 60.6273002625, 61.0916976929, 61.556098938, 62.0204963684, 62.4848976135, 62.9376869202, 63.3904762268, 63.8548736572, 64.3192749023, 64.7836685181, 65.2480697632, 65.7124710083, 66.1652603149, 66.6180496216, 67.0824508667, 67.5468444824, 68.0112457275, 68.4756469727, 68.9400405884, 69.4044418335, 69.8688430786, 70.3332443237, 70.7860336304, 71.238822937, 71.7032165527, 72.1676177979, 72.632019043, 73.0964126587, 73.5608139038, 74.0136032104, 74.4663925171, 74.9307937622, 75.3951950073, 75.859588623, 76.3239898682, 76.7883911133, 77.252784729, 77.7171859741, 78.1815872192, 78.6459884644, 79.1103820801, 79.5747833252, 80.0391845703, 80.491973877, 80.9447631836, 81.4091567993, 81.861946106, 82.3263473511, 82.7791366577, 83.2435379028, 83.719543457, 84.1955566406, 84.6483459473, 85.1011352539, 85.5539245605, 86.0299301147, 86.4943313599, 86.9587249756, 87.4231262207, 87.8875274658, 88.3403167725, 88.7931060791, 89.2575073242, 89.7219009399, 90.1863021851, 90.6507034302, 91.1150970459, 91.579498291, 92.0322875977, 92.4966888428, 92.9494781494, 93.4138793945, 93.8782730103, 94.3426742554, 94.8070755005, 95.2714691162, 95.7242584229, 96.1770477295, 96.6414489746, 97.0942382812, 97.5470275879, 98.011428833, 98.4758224487, 98.9286117554, 99.381401062, 99.8458023071, 100.310203552, 100.774604797, 101.250610352, 101.738227844, 102.225845337, 102.701858521, 103.166259766, 103.619049072, 104.06022644, 104.501403809, 104.954193115, 105.41859436, 105.882987976, 106.335777283, 106.800178528, 107.252967834, 107.705757141, 108.170158386, 108.622947693, 109.087341309, 109.551742554, 110.027755737, 110.503761292, 110.968162537, 111.432563782, 111.896957397, 112.361358643, 112.825759888, 113.290153503, 113.754554749, 114.218955994, 114.683357239, 115.136146545, 115.588935852, 116.053329468, 116.517730713, 116.982131958, 117.446525574, 117.89931488, 118.352104187, 118.816505432, 119.280906677, 119.745300293, 120.209701538, 120.674102783, 121.138504028, 121.602897644, 122.067298889, 122.520088196, 122.984489441, 123.448883057, 123.901672363, 124.366073608, 124.830474854, 125.294876099, 125.747665405, 126.200454712, 126.664848328, 127.129249573, 127.593650818, 128.069656372, 128.545669556, 129.010070801, 129.451248169, 129.904037476, 130.356826782, 130.821228027, 131.285614014, 131.750015259, 132.214416504, 132.678817749, 133.143218994, 133.607620239, 134.072021484, 134.524810791, 134.989196777, 135.465209961, 135.929611206, 136.394012451, 136.846801758, 137.299591064, 137.76399231, 138.228393555, 138.692779541, 139.157180786, 139.621582031, 140.074371338, 140.527160645, 140.99156189, 141.455963135, 141.92036438, 142.384765625, 142.849151611, 143.313552856, 143.777954102, 144.230743408, 144.683532715, 145.14793396, 145.612335205, 146.07673645, 146.541137695, 147.005523682, 147.469924927, 147.922714233, 148.37550354, 148.839904785, 149.30430603, 149.768707275, 150.233108521, 150.697509766, 151.161895752, 151.614685059, 152.067474365, 152.53187561, 152.996276855, 153.460678101, 153.925079346, 154.389480591, 154.853881836, 155.306671143, 155.759460449, 156.223846436, 156.688247681, 157.152648926, 157.617050171, 158.081451416, 158.545852661, 158.998641968, 159.451431274, 159.915817261, 160.380218506, 160.856231689, 161.320632935, 161.773422241, 162.237823486, 162.702224731, 163.155014038, 163.619400024, 164.08380127, 164.548202515, 165.024215698, 165.488616943, 165.94140625, 166.405807495, 166.858596802, 167.322982788, 167.787384033, 168.251785278, 168.716186523, 169.180587769, 169.621765137, 170.062942505, 170.52734375, 170.980133057, 171.432922363, 171.88571167, 172.338500977, 172.791290283, 173.24407959, 173.685256958, 174.126434326, 174.567611694, 175.008789062, 175.461578369], "beats_loudness": {"dvar2": 0.00161417212803, "var": 0.00069015705958, "min": 3.40146652889e-05, "dmean": 0.0334577150643, "mean": 0.0508389808238, "max": 0.113649949431, "dmean2": 0.0647343397141, "median": 0.0524601712823, "dvar": 0.000498115201481}, "bpm_histogram_second_peak_weight": {"dvar2": 0, "var": 0, "min": 0.026385223493, "dmean": 0, "mean": 0.026385223493, "max": 0.026385223493, "dmean2": 0, "median": 0.026385223493, "dvar": 0}, "bpm_histogram_second_peak_spread": {"dvar2": 0, "var": 0, "min": 0, "dmean": 0, "mean": 0, "max": 0, "dmean2": 0, "median": 0, "dvar": 0}, "bpm_histogram_second_peak_bpm": {"dvar2": 0, "var": 0, "min": 136, "dmean": 0, "mean": 136, "max": 136, "dmean2": 0, "median": 136, "dvar": 0}, "onset_rate": 3.46896982193}, "lowlevel": {"spectral_energyband_high": {"dvar2": 2.01753778128e-07, "var": 3.28268185967e-07, "min": 7.66342528631e-21, "dmean": 0.000149586514453, "mean": 0.000237329295487, "max": 0.00559042859823, "dmean2": 0.000186903023859, "median": 6.30463182461e-05, "dvar": 1.42802790037e-07}, "spectral_energyband_middle_low": {"dvar2": 0.000644899730105, "var": 0.000356367410859, "min": 2.4201959747e-22, "dmean": 0.00977183505893, "mean": 0.0200137514621, "max": 0.157087758183, "dmean2": 0.0160428825766, "median": 0.0151777379215, "dvar": 0.000251938647125}, "spectral_energy": {"dvar2": 0.000732085900381, "var": 0.000688916246872, "min": 1.09298363173e-20, "dmean": 0.0120313279331, "mean": 0.033350199461, "max": 0.178010880947, "dmean2": 0.0186962746084, "median": 0.0284490901977, "dvar": 0.000315152370604}, "spectral_spread": {"dvar2": 836218191872, "var": 1877396422660.0, "min": 395856.125, "dmean": 508143.3125, "mean": 3565550, "max": 40533636, "dmean2": 663305.375, "median": 3335182.25, "dvar": 563100647424}, "spectral_energyband_low": {"dvar2": 0.000202748415177, "var": 0.000271547120064, "min": 6.62728294255e-23, "dmean": 0.00557731557637, "mean": 0.0131204258651, "max": 0.0936043933034, "dmean2": 0.00848534610122, "median": 0.00434176577255, "dvar": 9.52887858148e-05}, "spectral_rolloff": {"dvar2": 511639.625, "var": 455108.71875, "min": 21.533203125, "dmean": 210.914718628, "mean": 675.771789551, "max": 18970.7519531, "dmean2": 341.476837158, "median": 624.462890625, "dvar": 248806.890625}, "barkbands": {"dvar2": [3.79659354621e-07, 7.59556569392e-05, 0.000107468978968, 0.000134698086185, 0.000157793954713, 0.000112509289465, 1.91907274711e-05, 4.58314389107e-06, 9.51163565333e-06, 8.98634880286e-07, 9.57882434705e-07, 2.30544202395e-07, 2.21845112947e-07, 5.73904941348e-08, 1.64935045177e-07, 5.64326505526e-08, 2.64864361554e-08, 4.93490510678e-08, 4.35873026561e-08, 1.35905242615e-08, 2.09372430504e-08, 1.58785269377e-08, 2.41453967931e-08, 1.07217310585e-08, 3.68008334917e-09, 1.76492964687e-09, 4.22560930691e-10], "var": [1.75387143031e-07, 5.3341853345e-05, 9.94962319965e-05, 8.27384428703e-05, 4.90332131449e-05, 4.73950931337e-05, 8.68321967573e-06, 2.08907090382e-06, 7.54840721129e-06, 7.73144734012e-07, 1.19546120914e-06, 1.70920714027e-07, 1.14716527833e-07, 5.55147536829e-08, 7.96741304043e-08, 4.62765648024e-08, 2.22055440702e-08, 3.26639302273e-08, 1.81707122238e-07, 1.21921805984e-08, 1.13534746049e-08, 1.49561820706e-08, 1.73639236323e-08, 1.0565159414e-08, 4.46056303005e-09, 2.84772383452e-09, 5.45315015366e-10], "min": [2.28029994975e-23, 2.70136865741e-23, 1.59894548201e-23, 6.12575460352e-24, 6.60405256661e-23, 3.14131638425e-23, 3.39201101567e-23, 3.93259719918e-23, 5.37638746731e-23, 4.94112557425e-23, 1.95751188818e-22, 1.45285535278e-22, 1.25671966685e-22, 9.62459150637e-23, 1.07955892559e-22, 2.32060966916e-22, 4.64641496556e-22, 2.24028141468e-22, 1.85824567083e-22, 3.80693367647e-22, 4.31305421148e-22, 3.41139427475e-22, 6.20537324605e-22, 8.0342931074e-22, 1.11390825181e-21, 1.65020845935e-21, 2.69814481639e-21], "dmean": [0.000165698322235, 0.0029172457289, 0.00338138407096, 0.00345924100839, 0.00389936799183, 0.0030708394479, 0.00126107793767, 0.000564170652069, 0.00137746753171, 0.000278650928522, 0.000291876640404, 0.000185304277693, 0.000141046548379, 9.20861857594e-05, 0.000129467051011, 0.000109307569801, 6.17047844571e-05, 8.88420909178e-05, 6.22157313046e-05, 2.93897410302e-05, 3.11102667183e-05, 3.65953674191e-05, 3.56643140549e-05, 2.30766509048e-05, 1.38950026667e-05, 1.1460456335e-05, 5.49458081878e-06], "mean": [0.000185519398656, 0.00472114002332, 0.00591234955937, 0.00459762150422, 0.00531752221286, 0.00523784896359, 0.00169997336343, 0.000731387815904, 0.00235597486608, 0.00043974534492, 0.000463497126475, 0.000279778498225, 0.000203353876714, 0.000161693285918, 0.000177297770279, 0.000192514242372, 0.000102482619695, 0.000143175551784, 0.000159707778948, 5.04840209032e-05, 4.5968365157e-05, 5.42244997632e-05, 4.65197663289e-05, 3.1647279684e-05, 1.77975707629e-05, 1.44066652865e-05, 6.67564518153e-06], "max": [0.00810290873051, 0.0494724363089, 0.0808261111379, 0.0931494683027, 0.06540389359, 0.0853325426579, 0.0595229119062, 0.0281934570521, 0.0478100143373, 0.0209090616554, 0.0183241311461, 0.00608190894127, 0.00661162286997, 0.00279936706647, 0.00273791328073, 0.00238567613997, 0.00130325788632, 0.00203007715754, 0.00538592319936, 0.00218311860226, 0.00410940265283, 0.00231407629326, 0.00227445573546, 0.00298186275177, 0.00221473327838, 0.000604545464739, 0.000296253070701], "dmean2": [0.000290473661153, 0.00480870669708, 0.00517544522882, 0.00595544232056, 0.00684052240103, 0.00491608679295, 0.00207472313195, 0.000957011128776, 0.00205270387232, 0.00043471873505, 0.000453714455944, 0.0002880821703, 0.000230635792832, 0.00014174944954, 0.000213774575968, 0.000168916260009, 9.5744508144e-05, 0.000144587174873, 9.44665443967e-05, 4.41108641098e-05, 4.43172575615e-05, 5.0546372222e-05, 4.91273167427e-05, 3.08034141199e-05, 1.6822355974e-05, 1.39557041621e-05, 6.73895601722e-06], "median": [3.94540766138e-05, 0.000511424266733, 0.000989114283584, 0.000982232857496, 0.00342600652948, 0.00307531072758, 0.000678202311974, 0.000317216356052, 0.00149525329471, 0.000185342010809, 0.000158158392878, 0.000152847031131, 0.000111913534056, 8.23324080557e-05, 7.38743547117e-05, 0.000133596215164, 4.48462888016e-05, 8.76106423675e-05, 5.17422995472e-05, 1.51691374413e-05, 1.20633358165e-05, 1.58536095114e-05, 1.25262558868e-05, 7.70690166974e-06, 1.17340846373e-06, 4.94561163578e-07, 3.34758283316e-07], "dvar": [1.37544205359e-07, 2.92803579214e-05, 4.95965105074e-05, 5.27514275745e-05, 5.68290051888e-05, 4.27288177889e-05, 7.32560965844e-06, 1.74909712314e-06, 4.17329738411e-06, 4.23357107593e-07, 4.7223906563e-07, 1.08348437777e-07, 9.42674560633e-08, 2.52945131507e-08, 6.38671409092e-08, 2.52117082766e-08, 1.19184235814e-08, 1.98298426568e-08, 2.14842543755e-08, 5.82030157403e-09, 8.83721096301e-09, 8.19902368221e-09, 1.18656631187e-08, 6.14880368843e-09, 2.33026975494e-09, 1.30565480649e-09, 2.68995464792e-10]}, "melbands_skewness": {"dvar2": 3.14589214325, "var": 2.98854374886, "min": -0.721622645855, "dmean": 0.802528440952, "mean": 2.97219347954, "max": 49.2891387939, "dmean2": 1.22115564346, "median": 2.78632330894, "dvar": 1.34638082981}, "barkbands_skewness": {"dvar2": 1.6776778698, "var": 1.79675924778, "min": -2.03385567665, "dmean": 0.640231847763, "mean": 2.25763726234, "max": 39.2378463745, "dmean2": 0.984704196453, "median": 2.10593128204, "dvar": 0.737557768822}, "erbbands": {"dvar2": [0.0616920590401, 4.35515451431, 85.1015014648, 532.878662109, 1878.18115234, 919.338500977, 27763.0761719, 1789.16271973, 3484.45874023, 3155.21972656, 1733.81542969, 6798.47705078, 914.98638916, 1626.32885742, 363.484588623, 291.120697021, 493.942443848, 133.773376465, 237.854309082, 381.089508057, 125.754379272, 85.4926681519, 194.401199341, 76.9962081909, 76.9415893555, 27.8007831573, 25.3489131927, 27.1871185303, 24.3555393219, 17.0986289978, 21.444683075, 6.54621458054, 4.28232908249, 0.965220212936, 0.118376873434, 0.034483153373, 0.00695319566876, 0.000451111845905, 1.43048328027e-05, 4.89492997247e-08], "var": [0.0420236252248, 3.17109084129, 80.7646942139, 466.842651367, 756.297912598, 368.569885254, 7730.12255859, 1317.02563477, 1598.33337402, 1330.09594727, 1073.19787598, 4504.77246094, 984.315185547, 1550.21374512, 367.212524414, 193.518966675, 232.827545166, 126.081947327, 153.450637817, 210.582443237, 106.97983551, 79.2822418213, 114.998443604, 134.270843506, 380.337890625, 21.9659538269, 16.8532619476, 16.6780986786, 19.9498596191, 14.0986785889, 15.7398939133, 5.89248991013, 2.90476679802, 0.896397233009, 0.176298990846, 0.0524661801755, 0.00946019403636, 0.00065933476435, 1.97228473553e-05, 4.74933514738e-08], "min": [1.00098103355e-21, 5.4822772385e-21, 2.09738300532e-20, 1.59443958299e-20, 1.62941319934e-19, 2.39322531462e-19, 9.78274780335e-20, 3.5667443817e-19, 2.96263370084e-19, 6.72665962465e-19, 1.15392739767e-18, 1.27626534231e-18, 1.2848204578e-18, 4.85001801175e-18, 5.58834205572e-18, 6.69506504756e-18, 5.78254669276e-18, 4.77066657559e-18, 4.45214372352e-18, 8.1278957241e-18, 1.28000359897e-17, 2.67460033324e-17, 1.60875710357e-17, 1.235635368e-17, 7.95573875911e-18, 1.86320629724e-17, 1.65402489347e-17, 1.66010152768e-17, 1.40681766607e-17, 1.82973542637e-17, 1.5910771106e-17, 1.39960250046e-17, 1.47183571658e-17, 1.19458454487e-17, 8.13781361964e-18, 5.83773866477e-18, 3.00610379978e-18, 1.54310977542e-18, 3.6237800359e-19, 3.92845682801e-20], "dmean": [0.0735419094563, 0.724092960358, 2.93659687042, 7.68974208832, 11.8426361084, 10.5604009628, 34.3211669922, 16.0979328156, 18.134431839, 14.593875885, 14.1123304367, 31.6258659363, 13.7286396027, 12.1802606583, 7.41437768936, 6.33063077927, 6.15891504288, 4.64082193375, 4.97282552719, 6.66100311279, 4.98472452164, 3.66376209259, 5.54150724411, 2.97887301445, 2.72401499748, 1.25994062424, 1.19168674946, 1.24269008636, 1.41103386879, 1.1322838068, 1.0369437933, 0.59271633625, 0.350782364607, 0.170648932457, 0.0924524217844, 0.0483355149627, 0.0213487632573, 0.00591519987211, 0.00102045899257, 5.71017626498e-05], "mean": [0.11643897742, 1.19601595402, 5.5556936264, 12.487994194, 15.9134759903, 16.2093334198, 45.0793380737, 31.4970932007, 26.1491775513, 19.3171882629, 22.6082553864, 50.5384025574, 25.4776973724, 19.9507083893, 13.0758953094, 10.2723674774, 9.05443191528, 8.03863716125, 8.05414772034, 10.7516145706, 9.32527637482, 6.7049241066, 9.05338668823, 6.35435390472, 7.26928567886, 2.32861852646, 1.82133376598, 1.83876085281, 2.0759999752, 1.58141505718, 1.34699594975, 0.82344686985, 0.444743543863, 0.220620796084, 0.117764130235, 0.0610261596739, 0.0259374417365, 0.00731678353623, 0.00126029190142, 9.35464195209e-05], "max": [1.71029567719, 12.4557790756, 73.9545669556, 196.025741577, 270.628875732, 193.670761108, 1268.68041992, 377.357208252, 876.021850586, 457.258331299, 609.153808594, 1059.71472168, 413.393127441, 624.472900391, 208.057449341, 252.419952393, 293.30255127, 121.930358887, 158.405181885, 129.218704224, 125.581367493, 80.5141906738, 104.695648193, 154.523010254, 214.516052246, 97.6595611572, 117.680725098, 127.322525024, 87.782913208, 56.4578132629, 65.6792068481, 47.7646179199, 70.4887008667, 47.342666626, 5.89535427094, 2.87418723106, 1.07710838318, 0.313846111298, 0.0568976029754, 0.00403737602755], "dmean2": [0.124913312495, 1.16694068909, 4.47033548355, 12.7665672302, 20.6982250214, 18.4352378845, 57.760181427, 25.519109726, 29.4731197357, 24.9087085724, 22.1952800751, 47.9848670959, 20.4069194794, 18.9534931183, 11.381360054, 9.90211868286, 10.0462522507, 7.11814546585, 7.89440870285, 10.9663677216, 7.67294502258, 5.66396427155, 9.12839984894, 4.53281736374, 4.10533189774, 1.91472184658, 1.71200668812, 1.74449396133, 1.9841299057, 1.58616566658, 1.40504968166, 0.821066856384, 0.456715911627, 0.212873071432, 0.112551122904, 0.0599962025881, 0.0263787768781, 0.0072766887024, 0.00122860143892, 7.45633878978e-05], "median": [0.0148121863604, 0.16351929307, 1.17416977882, 3.70872831345, 6.96727848053, 10.000213623, 22.8288879395, 20.6866493225, 12.1992416382, 8.31188011169, 12.3955059052, 29.1973133087, 15.0483894348, 7.91318225861, 6.35306453705, 6.02615070343, 4.85512447357, 4.48263645172, 3.71810817719, 5.66761779785, 6.67698144913, 3.28900671005, 5.88789224625, 2.35027527809, 2.25540590286, 0.637465953827, 0.450318872929, 0.557799577713, 0.673804998398, 0.544395089149, 0.33358374238, 0.232457756996, 0.0685939192772, 0.0195044279099, 0.00562430825084, 0.00214449735358, 0.000895721022971, 0.000333437579684, 8.39848726173e-05, 4.01419347327e-05], "dvar": [0.0227142013609, 1.69082510471, 38.6696166992, 236.226333618, 689.091064453, 321.905609131, 10157.0322266, 694.475524902, 1342.58203125, 1173.42114258, 703.601257324, 2880.24169922, 440.088531494, 750.803161621, 166.302947998, 129.598709106, 203.377166748, 66.0899200439, 101.25554657, 148.164123535, 57.7208900452, 39.1519088745, 74.6498336792, 34.8059997559, 40.9893379211, 11.2755527496, 11.6858959198, 11.7687044144, 11.6409702301, 8.70686340332, 10.6041917801, 3.62894272804, 2.03848004341, 0.554532110691, 0.0829538404942, 0.0248976387084, 0.00468158302829, 0.000307060137857, 9.45072315517e-06, 2.69573572353e-08]}, "silence_rate_30dB": {"dvar2": 0.0486979596317, "var": 0.0134128285572, "min": 0, "dmean": 0.0192790180445, "mean": 0.986400842667, "max": 1, "dmean2": 0.0385631285608, "median": 1, "dvar": 0.0189074780792}, "melbands_spread": {"dvar2": 37.9568481445, "var": 87.5285797119, "min": 0.116645440459, "dmean": 3.25457167625, "mean": 10.4158058167, "max": 153.432495117, "dmean2": 4.98234081268, "median": 8.55687904358, "dvar": 18.8416194916}, "melbands_crest": {"dvar2": 31.5242424011, "var": 25.7696266174, "min": 1.92234349251, "dmean": 3.77841258049, "mean": 15.4466094971, "max": 39.9131660461, "dmean2": 6.22300958633, "median": 14.7291030884, "dvar": 12.0040149689}, "zerocrossingrate": {"dvar2": 0.000139479408972, "var": 0.000539227039553, "min": 0.00048828125, "dmean": 0.00715722423047, "mean": 0.0332454144955, "max": 0.51123046875, "dmean2": 0.00829865317792, "median": 0.0283203125, "dvar": 0.000125631355331}, "barkbands_kurtosis": {"dvar2": 3295.01269531, "var": 1407.45788574, "min": -1.79085087776, "dmean": 6.14817523956, "mean": 10.3068141937, "max": 1890.72814941, "dmean2": 9.87474346161, "median": 6.24095201492, "dvar": 1250.06811523}, "spectral_flux": {"dvar2": 0.00348057015799, "var": 0.00294637470506, "min": 1.04545858082e-10, "dmean": 0.0302892494947, "mean": 0.0861385986209, "max": 0.361552417278, "dmean2": 0.0486416704953, "median": 0.0727862492204, "dvar": 0.00148150627501}, "barkbands_crest": {"dvar2": 15.4830293655, "var": 13.631942749, "min": 2.41290044785, "dmean": 2.8175740242, "mean": 11.223110199, "max": 26.4753456116, "dmean2": 4.59133148193, "median": 10.7288475037, "dvar": 6.03290700912}, "barkbands_flatness_db": {"dvar2": 0.00146324164234, "var": 0.00567624857649, "min": 0.0249775610864, "dmean": 0.0268772598356, "mean": 0.19022795558, "max": 0.531935870647, "dmean2": 0.0390383116901, "median": 0.180193454027, "dvar": 0.000746326404624}, "spectral_entropy": {"dvar2": 0.108219660819, "var": 0.381927460432, "min": 4.36163043976, "dmean": 0.227593541145, "mean": 6.93998003006, "max": 9.8227186203, "dmean2": 0.331037670374, "median": 6.98418712616, "dvar": 0.0564359091222}, "pitch_salience": {"dvar2": 0.0169241540134, "var": 0.0126511482522, "min": 0.009167060256, "dmean": 0.0862007811666, "mean": 0.548024952412, "max": 0.985421597958, "dmean2": 0.142637655139, "median": 0.56096124649, "dvar": 0.0064361365512}, "erbbands_spread": {"dvar2": 119.241996765, "var": 191.882492065, "min": 1.85694432259, "dmean": 6.89851379395, "mean": 30.6416110992, "max": 156.22277832, "dmean2": 10.2110414505, "median": 29.7545604706, "dvar": 58.4289741516}, "dynamic_complexity": 2.85798287392, "spectral_contrast_valleys": {"dvar2": [0.39780190587, 0.408548146486, 0.362811505795, 0.287853300571, 0.277481198311, 0.27921795845], "var": [1.92501473427, 0.980534017086, 1.01465904713, 1.0545655489, 1.27947592735, 1.20517194271], "min": [-27.1982154846, -27.4415664673, -27.6398658752, -27.10978508, -27.2646274567, -27.1996021271], "dmean": [0.442377120256, 0.410717606544, 0.366631299257, 0.335733532906, 0.308869868517, 0.332859218121], "mean": [-7.61307096481, -6.55996084213, -7.53742790222, -8.17286682129, -8.53119087219, -11.0011196136], "max": [-5.12093782425, -4.42430973053, -5.65336275101, -6.00100851059, -6.14126014709, -8.05990695953], "dmean2": [0.720131933689, 0.664533555508, 0.579479396343, 0.507285952568, 0.432390928268, 0.408746033907], "median": [-7.50226783752, -6.41736793518, -7.40965270996, -8.06055355072, -8.51064872742, -11.0539093018], "dvar": [0.206623405218, 0.197980806231, 0.193151682615, 0.168364137411, 0.182115897536, 0.193651646376]}, "hfc": {"dvar2": 71.6378631592, "var": 135.548477173, "min": 1.20393067663e-16, "dmean": 4.29752063751, "mean": 12.9632768631, "max": 119.915550232, "dmean2": 6.01867675781, "median": 10.102853775, "dvar": 44.4903640747}, "spectral_kurtosis": {"dvar2": 371.634735107, "var": 520.08392334, "min": -1.19962632656, "dmean": 4.74265098572, "mean": 12.0969772339, "max": 248.334274292, "dmean2": 7.57443332672, "median": 7.02616167068, "dvar": 157.687530518}, "mfcc": {"mean": [-686.994812012, 155.532073975, 7.74215316772, 18.5895614624, -3.21284818649, -1.30419194698, -15.7687139511, 6.93458223343, -7.93282365799, -1.94981253147, -5.77186203003, -6.12656259537, -6.36694669724], "cov": [[8418.62988281, -787.74041748, -1414.72839355, -139.576675415, -502.124298096, -346.768493652, -323.351623535, 21.899148941, -189.627502441, -17.7940444946, -104.208511353, -78.931060791, -97.7001266479], [-787.74041748, 1381.66650391, 536.263183594, 224.311798096, 274.248840332, 279.280914307, 190.422607422, 178.919143677, 134.74005127, 100.231025696, 63.6296730042, 42.8095855713, -48.3662567139], [-1414.72839355, 536.263183594, 930.173217773, 222.542297363, 325.927001953, 274.311157227, 239.419662476, 85.4508361816, 166.687774658, 41.1546401978, 90.1162567139, 70.5607223511, 4.30039978027], [-139.576675415, 224.311798096, 222.542297363, 379.46987915, 191.100799561, 170.419921875, 198.32989502, 121.238998413, 66.9619140625, 88.7134399414, 54.7067337036, 35.7988967896, -7.92942905426], [-502.124298096, 274.248840332, 325.927001953, 191.100799561, 269.630584717, 187.677444458, 140.137832642, 98.3877029419, 104.995170593, 53.673500061, 48.2543945312, 36.548625946, -1.33015692234], [-346.768493652, 279.280914307, 274.311157227, 170.419921875, 187.677444458, 228.653945923, 173.471847534, 93.2634429932, 95.1406707764, 57.5490188599, 47.6063728333, 41.9274902344, -10.4242248535], [-323.351623535, 190.422607422, 239.419662476, 198.32989502, 140.137832642, 173.471847534, 260.315979004, 105.528434753, 77.598526001, 61.9538459778, 59.1800231934, 40.7768936157, 1.33458387852], [21.899148941, 178.919143677, 85.4508361816, 121.238998413, 98.3877029419, 93.2634429932, 105.528434753, 159.983978271, 80.5587615967, 63.2274246216, 30.8974323273, 21.6458435059, -11.2128362656], [-189.627502441, 134.74005127, 166.687774658, 66.9619140625, 104.995170593, 95.1406707764, 77.598526001, 80.5587615967, 132.595703125, 54.8372268677, 35.7650947571, 29.8532123566, 3.04293465614], [-17.7940444946, 100.231025696, 41.1546401978, 88.7134399414, 53.673500061, 57.5490188599, 61.9538459778, 63.2274246216, 54.8372268677, 94.7004013062, 41.9670219421, 21.2185306549, 2.65507888794], [-104.208511353, 63.6296730042, 90.1162567139, 54.7067337036, 48.2543945312, 47.6063728333, 59.1800231934, 30.8974323273, 35.7650947571, 41.9670219421, 78.0110626221, 36.9897842407, 5.46107578278], [-78.931060791, 42.8095855713, 70.5607223511, 35.7988967896, 36.548625946, 41.9274902344, 40.7768936157, 21.6458435059, 29.8532123566, 21.2185306549, 36.9897842407, 65.7799072266, 18.6119174957], [-97.7001266479, -48.3662567139, 4.30039978027, -7.92942905426, -1.33015692234, -10.4242248535, 1.33458387852, -11.2128362656, 3.04293465614, 2.65507888794, 5.46107578278, 18.6119174957, 74.0703659058]], "icov": [[0.000173668740899, 2.70237869699e-05, 0.000242391804932, -0.000166779107531, 0.000227206546697, -0.000123945588712, 0.000164806173416, -0.000201350077987, -8.19322449388e-05, 0.000116366987641, -6.35745891486e-05, -8.05412346381e-05, 0.000192097693798], [2.70237869699e-05, 0.001170531963, -0.000548392767087, 0.000117361218145, 5.5212447478e-05, -0.000990543630905, 0.000537069630809, -0.000963306694757, 0.000638214754872, -0.000736049376428, 0.000215971405851, 5.9010588302e-05, 0.000519877416082], [0.000242391804932, -0.000548392767087, 0.00300598028116, -0.000327564339386, -0.00163884100039, -0.000216284752241, -0.000937501550652, 0.00146670441609, -0.00207904982381, 0.00214960682206, -0.00125001056585, -0.000330898357788, 0.000114760550787], [-0.000166779107531, 0.000117361218145, -0.000327564339386, 0.00643419707194, -0.00338132330216, 0.000216294778511, -0.0029700784944, -0.00107670598663, 0.00307434936985, -0.0037111598067, 0.000892870943062, -0.000316627003485, 0.000445163605036], [0.000227206546697, 5.5212447478e-05, -0.00163884100039, -0.00338132330216, 0.0131244240329, -0.00698864087462, 0.00323732593097, -0.00225356873125, -0.00256422441453, 0.00183297588956, -0.00127033318859, 0.00138456490822, -0.00129302346613], [-0.000123945588712, -0.000990543630905, -0.000216284752241, 0.000216294778511, -0.00698864087462, 0.0172806922346, -0.0068288538605, 0.00166364840697, -0.00225768471137, -0.00123066909146, 0.00215812469833, -0.00340266851708, 0.00273953774013], [0.000164806173416, 0.000537069630809, -0.000937501550652, -0.0029700784944, 0.00323732593097, -0.0068288538605, 0.0112028121948, -0.00353081384674, 0.000616076751612, 0.000827581679914, -0.00297729950398, 0.000753779022489, -0.00135958078317], [-0.000201350077987, -0.000963306694757, 0.00146670441609, -0.00107670598663, -0.00225356873125, 0.00166364840697, -0.00353081384674, 0.0139258038253, -0.00557395583019, -0.00260424357839, 0.00124554114882, -0.00060219981242, 0.00165218266193], [-8.19322449388e-05, 0.000638214754872, -0.00207904982381, 0.00307434936985, -0.00256422441453, -0.00225768471137, 0.000616076751612, -0.00557395583019, 0.0174139719456, -0.00651576463133, 0.000665722647682, -0.00165335473139, -0.000575652753469], [0.000116366987641, -0.000736049376428, 0.00214960682206, -0.0037111598067, 0.00183297588956, -0.00123066909146, 0.000827581679914, -0.00260424357839, -0.00651576463133, 0.0221032388508, -0.00865488126874, 0.00161502510309, -0.00169097364414], [-6.35745891486e-05, 0.000215971405851, -0.00125001056585, 0.000892870943062, -0.00127033318859, 0.00215812469833, -0.00297729950398, 0.00124554114882, 0.000665722647682, -0.00865488126874, 0.0234907232225, -0.00981526821852, 0.00176570634358], [-8.05412346381e-05, 5.9010588302e-05, -0.000330898357788, -0.000316627003485, 0.00138456490822, -0.00340266851708, 0.000753779022489, -0.00060219981242, -0.00165335473139, 0.00161502510309, -0.00981526821852, 0.0241655185819, -0.00597959756851], [0.000192097693798, 0.000519877416082, 0.000114760550787, 0.000445163605036, -0.00129302346613, 0.00273953774013, -0.00135958078317, 0.00165218266193, -0.000575652753469, -0.00169097364414, 0.00176570634358, -0.00597959756851, 0.0162280425429]]}, "silence_rate_20dB": {"dvar2": 0, "var": 0, "min": 1, "dmean": 0, "mean": 1, "max": 1, "dmean2": 0, "median": 1, "dvar": 0}, "melbands_kurtosis": {"dvar2": 9015.36425781, "var": 3628.56616211, "min": -1.73155486584, "dmean": 10.6993751526, "mean": 19.1477355957, "max": 2776.51342773, "dmean2": 17.0235900879, "median": 12.4610595703, "dvar": 3310.7175293}, "barkbands_spread": {"dvar2": 35.9953956604, "var": 54.9954833984, "min": 0.104645185173, "dmean": 3.20286750793, "mean": 10.0887804031, "max": 74.7989730835, "dmean2": 4.80991697311, "median": 8.36091899872, "dvar": 17.5333881378}, "erbbands_skewness": {"dvar2": 0.383169829845, "var": 0.695700883865, "min": -2.19591164589, "dmean": 0.379602074623, "mean": 0.993460476398, "max": 8.53726100922, "dmean2": 0.595476090908, "median": 0.893822789192, "dvar": 0.165999412537}, "average_loudness": 0.944923937321, "spectral_centroid": {"dvar2": 78969.8828125, "var": 207438.109375, "min": 147.04473877, "dmean": 148.205612183, "mean": 698.621520996, "max": 11355.9257812, "dmean2": 227.73298645, "median": 601.587158203, "dvar": 41668.4648438}, "dissonance": {"dvar2": 0.00194732320961, "var": 0.0014065457508, "min": 0.136241450906, "dmean": 0.0273286923766, "mean": 0.442650735378, "max": 0.499999970198, "dmean2": 0.0461454354227, "median": 0.449789941311, "dvar": 0.000692303583492}, "erbbands_flatness_db": {"dvar2": 0.000785468728282, "var": 0.00248072505929, "min": 0.0404397174716, "dmean": 0.0200999192894, "mean": 0.186306551099, "max": 0.401702433825, "dmean2": 0.0281640384346, "median": 0.182361513376, "dvar": 0.000402197736548}, "spectral_strongpeak": {"dvar2": 0.572859108448, "var": 0.451746344566, "min": 0, "dmean": 0.364395409822, "mean": 0.776195824146, "max": 7.78160619736, "dmean2": 0.612657546997, "median": 0.62328183651, "dvar": 0.225846514106}, "spectral_rms": {"dvar2": 2.76228524854e-06, "var": 5.10387144459e-06, "min": 3.26546407102e-12, "dmean": 0.000956379109994, "mean": 0.0052376491949, "max": 0.0131783587858, "dmean2": 0.00144271203317, "median": 0.00526832137257, "dvar": 1.32497928007e-06}, "silence_rate_60dB": {"dvar2": 0.0286737903953, "var": 0.0572794042528, "min": 0, "dmean": 0.0126766143367, "mean": 0.0609981529415, "max": 1, "dmean2": 0.0253565777093, "median": 0, "dvar": 0.0125154722482}, "melbands": {"dvar2": [5.54589632884e-06, 1.28613255583e-05, 2.01030161406e-05, 5.46351702724e-06, 2.33537284657e-05, 1.21493280858e-06, 7.86008172327e-07, 3.4024989759e-07, 1.24626311049e-07, 2.84520837113e-07, 2.40980924104e-08, 2.60134225272e-08, 7.0174133171e-09, 3.7327874125e-09, 2.82532885976e-09, 1.3281346023e-09, 4.77650752284e-10, 7.35442207134e-10, 1.29318245001e-09, 3.93126642351e-10, 1.88634136089e-10, 1.09589004538e-10, 1.29214958178e-10, 1.17932788535e-10, 6.24642351732e-11, 9.16453440913e-11, 2.17646178857e-11, 1.56713704513e-11, 1.00663114996e-11, 2.48157570881e-11, 8.19857116224e-12, 9.10525214254e-12, 8.73896181114e-12, 6.62126863754e-12, 9.07762320174e-12, 5.16762370742e-12, 2.13565818676e-12, 3.10464523014e-12, 1.11830380026e-12, 9.83521424025e-13], "var": [3.76820776182e-06, 1.31144079205e-05, 1.38019486258e-05, 2.09383279071e-06, 6.4768169068e-06, 7.88327668033e-07, 3.63564879535e-07, 1.41725379876e-07, 9.06813113488e-08, 2.05186594826e-07, 2.55706922303e-08, 2.45334170756e-08, 8.53980086646e-09, 2.9275359914e-09, 1.48664969224e-09, 7.01018632032e-10, 4.35988772862e-10, 4.60127574931e-10, 5.5579368885e-10, 2.99168245732e-10, 1.30775210105e-10, 9.22049311902e-11, 8.64215365937e-11, 7.28700502717e-11, 9.15420100833e-11, 4.73294736736e-10, 5.41599161352e-11, 6.8990555456e-12, 5.77488534423e-12, 9.25210602576e-12, 5.64484656934e-12, 6.61948620917e-12, 6.19484455053e-12, 4.36472299276e-12, 6.02770350994e-12, 3.56067801112e-12, 1.8994369879e-12, 1.67930643349e-12, 1.02465345236e-12, 5.99011942479e-13], "min": [1.05984385584e-23, 1.00431428011e-23, 6.05038052175e-24, 1.745126772e-23, 4.3120699024e-24, 7.47091193606e-24, 5.27959794189e-24, 7.72346891031e-24, 1.00978976365e-23, 7.49595905866e-24, 6.24018321655e-24, 1.86118209511e-23, 2.4178376908e-23, 1.59767352268e-23, 1.5917315068e-23, 1.09088198258e-23, 8.83331416242e-24, 6.21569736849e-24, 9.93663790143e-24, 1.34694276143e-23, 1.41668989837e-23, 2.59439643653e-23, 2.48142114194e-23, 1.03724180761e-23, 1.00994469594e-23, 5.63143582207e-24, 7.40120266445e-24, 1.40990553681e-23, 9.82578953361e-24, 1.22103874658e-23, 8.18332827526e-24, 8.34632429322e-24, 6.38191746097e-24, 1.18504807218e-23, 9.52265237584e-24, 7.59742077057e-24, 8.65205838109e-24, 9.53401670604e-24, 1.05039274999e-23, 1.06319454253e-23], "dmean": [0.000745904166251, 0.00121643650346, 0.00145063747186, 0.000723674893379, 0.00100458285306, 0.000403232028475, 0.000268345582299, 0.000153496832354, 0.000130634653033, 0.000209932361031, 6.83166217641e-05, 5.02240363858e-05, 2.9060018278e-05, 2.27047985391e-05, 1.8551492758e-05, 1.16845048979e-05, 8.6921336333e-06, 8.26352061267e-06, 1.13324540507e-05, 8.87309306563e-06, 5.26118174093e-06, 3.8609036892e-06, 4.54317660115e-06, 4.24404333899e-06, 2.54287897405e-06, 2.57347574006e-06, 1.38417306061e-06, 8.1306473021e-07, 7.39947267903e-07, 8.1670458485e-07, 7.32350542876e-07, 8.20191758066e-07, 7.44259921248e-07, 6.19448485395e-07, 6.50606182262e-07, 4.95091114772e-07, 3.2375399428e-07, 2.74914071952e-07, 1.75550908921e-07, 1.35283116265e-07], "mean": [0.00120050471742, 0.002500962466, 0.00233558635227, 0.00108835310675, 0.00136709026992, 0.000780583359301, 0.000386784668081, 0.000197865025257, 0.00020466944261, 0.000338074431056, 0.000123095262097, 8.05445306469e-05, 4.95710119139e-05, 3.40232654708e-05, 2.59080516116e-05, 1.673600309e-05, 1.43734760059e-05, 1.24851067085e-05, 1.52078982865e-05, 1.49222396431e-05, 9.24139203562e-06, 6.36552977085e-06, 7.6113697105e-06, 6.7687496994e-06, 4.84656993649e-06, 6.9016323323e-06, 3.01989234686e-06, 1.19913386243e-06, 1.09042196073e-06, 1.15405839551e-06, 1.00463603303e-06, 1.18374669e-06, 1.01790431017e-06, 8.18472756237e-07, 8.15498310658e-07, 6.30383965472e-07, 4.46895853656e-07, 3.38085783369e-07, 2.15676493553e-07, 1.76203215574e-07], "max": [0.0150501867756, 0.0271417237818, 0.0327919349074, 0.0155272539705, 0.0360180549324, 0.00848988629878, 0.0128007130697, 0.00500225974247, 0.00534541439265, 0.00632067816332, 0.0024177916348, 0.00229934020899, 0.00137081218418, 0.000756598776206, 0.000766290584579, 0.000429834704846, 0.000199769856408, 0.0002950427006, 0.000210121041164, 0.000197399102035, 0.000153460903675, 9.75989241851e-05, 0.000118758878671, 8.17382024252e-05, 0.000144570425618, 0.000276430451777, 7.99008194008e-05, 7.22511103959e-05, 6.57414057059e-05, 0.000160824332852, 4.6114972065e-05, 5.33789971087e-05, 3.8164529542e-05, 3.54574913217e-05, 3.84170962207e-05, 3.34202195518e-05, 2.85068981611e-05, 5.15949650435e-05, 4.32284687122e-05, 4.44936995336e-05], "dmean2": [0.00124872184824, 0.00184596318286, 0.00243829400279, 0.0012664970709, 0.00169708835892, 0.000635443022475, 0.00043743167771, 0.000263205060037, 0.000202650786377, 0.000315889948979, 0.000101600962807, 7.81203998486e-05, 4.49700200988e-05, 3.48654939444e-05, 3.04054483422e-05, 1.89835827769e-05, 1.33478997668e-05, 1.30259904836e-05, 1.90889477381e-05, 1.39234925882e-05, 8.2639444372e-06, 6.01927149546e-06, 7.34053310225e-06, 6.94594473316e-06, 3.88459102396e-06, 3.93250866182e-06, 2.06494405575e-06, 1.2830465721e-06, 1.07733842469e-06, 1.19447474844e-06, 1.03183720057e-06, 1.18231218948e-06, 1.05334265754e-06, 8.94673235052e-07, 8.96657638805e-07, 6.87679516886e-07, 4.49843355455e-07, 3.68122641703e-07, 2.28329767538e-07, 1.72841239987e-07], "median": [0.000157634101924, 0.000549011165276, 0.000852824770845, 0.00065049022669, 0.000751780869905, 0.000506699259859, 0.000173946114955, 8.12038197182e-05, 0.000103733953438, 0.000194198277313, 7.05953061697e-05, 2.93850534945e-05, 2.07591037906e-05, 1.67864418472e-05, 1.33549801831e-05, 9.07629510039e-06, 7.74717045715e-06, 4.82575615024e-06, 6.32342425888e-06, 9.88312149275e-06, 6.08601203567e-06, 2.54770020547e-06, 4.90893489768e-06, 4.12650888393e-06, 1.40730196563e-06, 1.80819188245e-06, 8.83027155396e-07, 3.31912843876e-07, 3.20254173403e-07, 2.89423724098e-07, 2.58993139823e-07, 3.87797939538e-07, 2.67586187874e-07, 2.74224618124e-07, 1.89038871667e-07, 1.63819947829e-07, 1.17997188909e-07, 5.23240650807e-08, 2.42227926606e-08, 1.27862183064e-08], "dvar": [2.10527537092e-06, 5.74209889237e-06, 8.04790761322e-06, 1.91630601876e-06, 8.52948051033e-06, 4.73824627534e-07, 3.01534498703e-07, 1.26542445855e-07, 5.3064827199e-08, 1.23164156207e-07, 1.16012834894e-08, 1.19958407652e-08, 3