{"tonal": {"thpcp": [1, 0.88907033205, 0.245550110936, 0.0653295889497, 0.0533055998385, 0.0592064857483, 0.0959302186966, 0.0979767739773, 0.0985000059009, 0.130117967725, 0.104570239782, 0.0922830998898, 0.26846820116, 0.382017016411, 0.388571500778, 0.638758301735, 0.557119727135, 0.262677758932, 0.217637017369, 0.116923294961, 0.193532139063, 0.606034755707, 0.631117939949, 0.415441006422, 0.56483745575, 0.428988605738, 0.123043619096, 0.0632552802563, 0.0459275096655, 0.0857723429799, 0.185537531972, 0.1893645823, 0.134759560227, 0.128518283367, 0.136626124382, 0.393298566341], "hpcp": {"dmean2": [0.065794236958, 0.0635914877057, 0.0654618442059, 0.0817615836859, 0.172678738832, 0.184482529759, 0.212590277195, 0.114117719233, 0.0455999746919, 0.0299367662519, 0.0312364529818, 0.035828512162, 0.0438188612461, 0.0476368889213, 0.0495356917381, 0.0496984086931, 0.0508196540177, 0.0690530985594, 0.0697456151247, 0.108026728034, 0.103982746601, 0.11228094995, 0.0940958932042, 0.0835853889585, 0.0568561963737, 0.0822701975703, 0.137534931302, 0.146370738745, 0.146313712001, 0.118989251554, 0.11229326576, 0.0734732672572, 0.0386307053268, 0.0319432914257, 0.0562143288553, 0.076188378036], "median": [0.00340696517378, 0.00235698185861, 0.00307080079801, 0.00531171634793, 0.0487855002284, 0.152138456702, 0.118266448379, 0.0191883891821, 0.000491553975735, 0.000463198230136, 0.00113362399861, 0.00262041809037, 0.00429284619167, 0.0063155060634, 0.00522915646434, 0.0029640768189, 0.00312600284815, 0.00294625735842, 0.00436686165631, 0.0220711156726, 0.0256860665977, 0.0231339968741, 0.0150307817385, 0.00509559409693, 0.00250875437632, 0.00599916558713, 0.0234993714839, 0.0337476506829, 0.0435502976179, 0.0195222869515, 0.0142486132681, 0.00547858513892, 0.00234298803844, 0.00245985132642, 0.00262865168042, 0.00380083126947], "min": [0, 0, 0, 0, 0, 0, 0, 0, 0, 0, 0, 0, 0, 0, 0, 0, 0, 0, 0, 0, 0, 0, 1.86966744309e-07, 0, 0, 0, 0, 0, 0, 0, 0, 0, 0, 0, 0, 0], "dvar2": [0.0357950180769, 0.0354603827, 0.0400911532342, 0.0397369079292, 0.0843283012509, 0.0763328075409, 0.094358175993, 0.0463605262339, 0.0283086728305, 0.0157526396215, 0.0155884120613, 0.0103858066723, 0.0170604400337, 0.0232702344656, 0.0240471344441, 0.0264825168997, 0.0299088060856, 0.0337742902339, 0.0367449633777, 0.0406707003713, 0.048337366432, 0.0477568730712, 0.0379273481667, 0.0510011203587, 0.0288882181048, 0.0394276976585, 0.0721516087651, 0.068655833602, 0.0645153596997, 0.061751883477, 0.0526738576591, 0.036386936903, 0.0187027342618, 0.0120948906988, 0.0295882932842, 0.0447722189128], "dvar": [0.0147205535322, 0.0133105963469, 0.0142954159528, 0.0142209082842, 0.0294151101261, 0.0325496941805, 0.0361857414246, 0.0170072130859, 0.0101036867127, 0.0060095442459, 0.00556728243828, 0.00454619899392, 0.00657000532374, 0.00829411391169, 0.0094351042062, 0.00968152005225, 0.0107119483873, 0.0130696957931, 0.0149452760816, 0.0162626393139, 0.0211390592158, 0.0211702845991, 0.0150716425851, 0.0200370345265, 0.0106370830908, 0.0144257172942, 0.0294671058655, 0.0289588347077, 0.0236269012094, 0.0258287377656, 0.0223051086068, 0.0130128245801, 0.00663817068562, 0.00429456541315, 0.0103838173673, 0.0171209145337], "dmean": [0.038750667125, 0.0368918143213, 0.0366514921188, 0.0459726750851, 0.100495584309, 0.111383765936, 0.126506581903, 0.0660612210631, 0.0257807131857, 0.0168540067971, 0.0185886900872, 0.0221910625696, 0.0264326184988, 0.0277438927442, 0.0293220356107, 0.0291184931993, 0.029417341575, 0.0414560548961, 0.0416356883943, 0.0665691420436, 0.0644090250134, 0.0690728276968, 0.0554828606546, 0.0466501116753, 0.0317273400724, 0.0477478690445, 0.083215303719, 0.0889381617308, 0.0876829922199, 0.0722504630685, 0.068081907928, 0.0416742004454, 0.0218032654375, 0.0178894158453, 0.0315359942615, 0.0430948957801], "max": [1, 1, 1, 1, 1, 1, 1, 1, 1, 1, 1, 1, 1, 1, 1, 1, 1, 1, 1, 1, 1, 1, 1, 1, 1, 1, 1, 1, 1, 1, 1, 1, 1, 1, 1, 1], "var": [0.0388908535242, 0.0195571687073, 0.0207239277661, 0.0158252324909, 0.0413062013686, 0.141096711159, 0.124959394336, 0.023388940841, 0.0105740902945, 0.00957963149995, 0.00600701430812, 0.00981028191745, 0.00909638125449, 0.010015681386, 0.0172335002571, 0.0135686723515, 0.0125363478437, 0.0450717955828, 0.0882225185633, 0.0466313771904, 0.124262407422, 0.0967439860106, 0.0299472343177, 0.0477183237672, 0.0130504118279, 0.0207577291876, 0.107076592743, 0.105840884149, 0.0450634807348, 0.110504224896, 0.0745256394148, 0.0119739184156, 0.00612028827891, 0.00304783321917, 0.0104271853343, 0.0354370325804], "mean": [0.0660329535604, 0.0469917394221, 0.0448153577745, 0.0476426295936, 0.137146368623, 0.348708033562, 0.310025960207, 0.0856252983212, 0.0227809529752, 0.0185880903155, 0.0206457767636, 0.0334516391158, 0.034165289253, 0.0343477427959, 0.0453731827438, 0.0364644825459, 0.0321798585355, 0.0936170145869, 0.133212402463, 0.135498002172, 0.222740158439, 0.194272115827, 0.0915978476405, 0.075891777873, 0.0407720915973, 0.0674862116575, 0.211329191923, 0.220075905323, 0.144867613912, 0.196963354945, 0.149591773748, 0.0429062992334, 0.0220576245338, 0.016015291214, 0.0299095045775, 0.0646984279156]}, "tuning_equal_tempered_deviation": 0.189620822668, "chords_changes_rate": 0.0651317760348, "key_key": "D#", "tuning_diatonic_strength": 0.677793860435, "key_scale": "minor", "chords_number_rate": 0.0045440774411, "tuning_frequency": 443.572570801, "tuning_nontempered_energy_ratio": 0.904495716095, "chords_histogram": [27.6279907227, 5.72553777695, 2.99909114838, 2.24174499512, 0.696758568287, 0, 0.302938491106, 5.02877902985, 0.333232343197, 11.6934261322, 0.90881550312, 1.02999091148, 1.54498636723, 1.72674942017, 7.27052402496, 0.121175400913, 5.14995479584, 2.48409581184, 2.2720386982, 0.605876982212, 0, 0.605876982212, 1.24204790592, 18.3883666992], "key_strength": 0.854937970638, "chords_key": "D#", "chords_strength": {"dmean2": 0.0061940588057, "median": 0.543751835823, "min": 0.208497315645, "dvar2": 3.97447765863e-05, "dvar": 5.84087392781e-05, "dmean": 0.00854632258415, "max": 0.782546937466, "var": 0.0110380128026, "mean": 0.539354920387}, "chords_scale": "minor", "hpcp_entropy": {"dmean2": 0.869800806046, "median": 1.28652715683, "min": 0.032607793808, "dvar2": 0.647166788578, "dvar": 0.252206593752, "dmean": 0.512686192989, "max": 4.21487236023, "var": 0.675283133984, "mean": 1.31248641014}}, "metadata": {"audio_properties": {"equal_loudness": 0, "codec": "flac", "downmix": "mix", "sample_rate": 44100, "analysis_sample_rate": 44100, "bit_rate": 0, "md5_encoded": "ce1abf1b9d0c4ea7cd267c8f61ad9788", "length": 153.226669312, "replay_gain": -6.82141494751, "lossless": true}, "version": {"essentia_build_sha": "ca57ba49d9b1854bd80e60cf9ccf267278fb7d6b", "essentia": "2.1-beta1", "extractor": "music 1.0", "essentia_git_sha": "v2.1_beta1-28-g21ef5f4-dirty"}, "tags": {"title": ["Eg fekk i hug \u00e5 g\u00e5 til Siri (O Siri, My Siri)"], "albumartist": ["Ensemble Polaris"], "date": ["2000"], "file_name": "10 - Eg fekk i hug \u00e5 g\u00e5 til Siri (O Siri, My Siri).flac", "tracktotal": ["26"], "musicbrainz_recordingid": ["09d55399-791f-4585-af53-bc56657a47a6"], "musicbrainz_albumartistid": ["0c5a5545-999c-441a-9369-7d47f181a4b4"], "musicbrainz_albumid": ["68e4a6a7-1852-4867-afb8-d2eabe86ded7"], "artist": ["Ensemble Polaris"], "tracknumber": ["10"], "artistsort": ["Ensemble Polaris"], "album": ["Midnight Sun: Traditional Nordic Melodies"], "albumartistsort": ["Ensemble Polaris"], "acoustid_id": ["ac082b59-17f2-4352-b64f-ceefa4debfa8"], "musicbrainz_artistid": ["0c5a5545-999c-441a-9369-7d47f181a4b4"], "totaltracks": ["26"]}}, "rhythm": {"bpm_histogram_first_peak_bpm": {"dmean2": 0, "median": 144, "min": 144, "dvar2": 0, "dvar": 0, "dmean": 0, "max": 144, "var": 0, "mean": 144}, "bpm": 144.283706665, "bpm_histogram_second_peak_spread": {"dmean2": 0, "median": 0, "min": 0, "dvar2": 0, "dvar": 0, "dmean": 0, "max": 0, "var": 0, "mean": 0}, "bpm_histogram_first_peak_weight": {"dmean2": 0, "median": 0.097345136106, "min": 0.097345136106, "dvar2": 0, "dvar": 0, "dmean": 0, "max": 0.097345136106, "var": 0, "mean": 0.097345136106}, "onset_rate": 1.70973527431, "beats_position": [0.417959183455, 0.847528338432, 1.27709746361, 1.71827661991, 2.14784574509, 2.57741498947, 3.01859402657, 3.45977306366, 3.90095233917, 4.33052158356, 4.77170038223, 5.21287965775, 5.66566896439, 6.11845779419, 6.57124710083, 7.02403593063, 7.47682523727, 7.94122457504, 8.39401340485, 8.84680271149, 9.21832180023, 9.58984088898, 9.96135997772, 10.3328800201, 10.6927890778, 11.0526981354, 11.4009971619, 11.749297142, 12.1672563553, 12.5852155685, 13.0031747818, 13.4211339951, 13.8390922546, 14.2570514679, 14.66340065, 15.0697498322, 15.4877090454, 15.8824491501, 16.2887973785, 16.6835365295, 17.0782756805, 17.4730148315, 17.8329238892, 18.1928348541, 18.5527439117, 18.9126529694, 19.2841720581, 19.6208610535, 19.9575500488, 20.2942390442, 20.6309299469, 20.9908390045, 21.339138031, 21.6874370575, 22.0473461151, 22.4072551727, 22.7671642303, 23.1154651642, 23.4637641907, 23.8120632172, 24.1719722748, 24.5086612701, 24.8453502655, 25.1936511993, 25.5419502258, 25.8902492523, 26.2269382477, 26.563627243, 26.9003162384, 27.2370071411, 27.5853061676, 27.9336051941, 28.2702941895, 28.6069831848, 28.9436721802, 29.2803630829, 29.6286621094, 29.9769611359, 30.3252601624, 30.6735591888, 31.0102481842, 31.3469390869, 31.6836280823, 32.0203170776, 32.357006073, 32.7169151306, 33.0652160645, 33.4135131836, 33.750202179, 34.0985031128, 34.4584121704, 34.8067131042, 35.1550102234, 35.5033111572, 35.9561004639, 36.4088897705, 36.8732872009, 37.3376846313, 37.8020858765, 38.2664833069, 38.7076644897, 39.1488418579, 39.5900230408, 40.0312004089, 40.4491615295, 40.8555107117, 41.2734680176, 41.6914291382, 42.0977783203, 42.5041275024, 42.9104766846, 43.3168258667, 43.7231750488, 44.1179122925, 44.5242614746, 44.9306106567, 45.3485717773, 45.7549209595, 46.2193183899, 46.683719635, 47.1481170654, 47.6009063721, 48.0536956787, 48.5064849854, 48.9708824158, 49.3307914734, 49.690700531, 50.0506095886, 50.3989105225, 50.7704315186, 51.1419487, 51.513469696, 51.8733787537, 52.2448959351, 52.6164169312, 52.9763259888, 53.3362350464, 53.696144104, 54.0560531616, 54.4043540955, 54.7526512146, 55.1590003967, 55.5653495789, 55.9833106995, 56.4012680054, 56.819229126, 57.2371864319, 57.6551475525, 58.0614967346, 58.4678459167, 58.8625831604, 59.2689323425, 59.6752815247, 60.070022583, 60.4763717651, 60.8827209473, 61.2774581909, 61.6954193115, 62.1017684937, 62.531337738, 62.9609069824, 63.4020843506, 63.831653595, 64.3424911499, 64.8533325195, 65.4802703857, 66.107208252, 66.7341461182, 67.3494796753, 67.964805603, 68.5917434692, 69.2186813354, 69.8340148926, 70.4377288818, 71.053062439, 71.6335601807, 72.2140579224, 72.7829437256, 73.2589569092, 73.7233581543, 74.1993637085, 74.6057128906, 75.0236740112, 75.4416275024, 75.859588623, 76.2659378052, 76.6838989258, 77.1018600464, 77.5082092285, 77.9145584106, 78.3325119019, 78.738861084, 79.1568222046, 79.5747833252, 80.0043487549, 80.4571380615, 80.9215393066, 81.3859405518, 81.8387298584, 82.291519165, 82.7559204102, 83.2087097168, 83.6034469604, 83.9981842041, 84.4045333862, 84.8108825684, 85.2172317505, 85.6119689941, 86.0067138672, 86.4014511108, 86.7961883545, 87.1793212891, 87.5624465942, 87.9339675903, 88.3170928955, 88.7118377686, 89.0949630737, 89.5245361328, 89.9541015625, 90.3952789307, 90.9061203003, 91.4169616699, 91.9161911011, 92.4270248413, 92.9378662109, 93.4487075806, 93.9479370117, 94.4471664429, 94.946395874, 95.5501098633, 96.1538314819, 96.7575454712, 97.3612670898, 97.9649887085, 98.5687026978, 99.1724243164, 99.7761459351, 100.391471863, 101.006797791, 101.564079285, 102.10974884, 102.574150085, 103.026939392, 103.491333008, 103.944122314, 104.443351746, 104.942581177, 105.453422546, 106.010704041, 106.567977905, 107.113647461, 107.659317017, 108.204986572, 108.750656128, 109.296325684, 109.830383301, 110.364440918, 110.898498535, 111.432563782, 111.978225708, 112.523895264, 113.081176758, 113.638458252, 114.195732117, 114.764625549, 115.333511353, 115.937232971, 116.54094696, 117.144668579, 117.736778259, 118.328887939, 118.92099762, 119.501495361, 120.093605042, 120.685714722, 121.277824402, 121.881538391, 122.48526001, 123.088973999, 123.704307556, 124.319633484, 124.830474854, 125.341316223, 125.852149963, 126.351379395, 126.850608826, 127.361450195, 127.860679626, 128.359909058, 128.847518921, 129.323532104, 129.799545288, 130.28717041, 130.751556396, 131.22756958, 131.691970825, 132.167984009, 132.632385254, 133.09677124, 133.572784424, 134.02557373, 134.478363037, 134.931152344, 135.430389404, 135.929611206, 136.428848267, 136.928070068, 137.438903809, 137.938140869, 138.437362671, 138.94821167, 139.45904541, 139.96987915, 140.492340088, 141.014785767, 141.537231445, 142.059677124, 142.582122803, 143.011703491, 143.452880859, 143.882446289, 144.312011719, 144.729980469, 145.14793396, 145.57749939, 146.007064819, 146.425033569, 146.842987061, 147.260955811, 147.678909302, 148.096862793, 148.514831543, 149.002441406, 149.490066528, 149.97769165, 150.488525391, 150.987747192, 151.486984253, 151.997817993, 152.508651733], "beats_loudness": {"dmean2": 0.0172260385007, "median": 0.00281866593286, "min": 1.91264143723e-06, "dvar2": 0.00101264042314, "dvar": 0.00042413623305, "dmean": 0.0101392725483, "max": 0.206612467766, "var": 0.00052995380247, "mean": 0.011219188571}, "danceability": 0.875743806362, "bpm_histogram_second_peak_weight": {"dmean2": 0, "median": 0.0737463161349, "min": 0.0737463161349, "dvar2": 0, "dvar": 0, "dmean": 0, "max": 0.0737463161349, "var": 0, "mean": 0.0737463161349}, "beats_count": 340, "bpm_histogram_second_peak_bpm": {"dmean2": 0, "median": 172, "min": 172, "dvar2": 0, "dvar": 0, "dmean": 0, "max": 172, "var": 0, "mean": 172}, "bpm_histogram_first_peak_spread": {"dmean2": 0, "median": 0.576923072338, "min": 0.576923072338, "dvar2": 0, "dvar": 0, "dmean": 0, "max": 0.576923072338, "var": 0, "mean": 0.576923072338}, "beats_loudness_band_ratio": {"dmean2": [0.199338719249, 0.334796369076, 0.24313621223, 0.159180313349, 0.170192211866, 0.0306015796959], "median": [0.0449869930744, 0.374689698219, 0.155800372362, 0.0417502522469, 0.0466444119811, 0.00556971970946], "min": [0.000337555567967, 6.70674999128e-05, 0.000234661856666, 5.77727878408e-05, 2.4843520805e-05, 0.000184516859008], "dvar2": [0.0639316141605, 0.0761958658695, 0.0538122467697, 0.0605375915766, 0.0490643419325, 0.0043637547642], "dvar": [0.032416395843, 0.0313665047288, 0.0224039200693, 0.0246562641114, 0.0167827289551, 0.00151112664025], "dmean": [0.118967734277, 0.200405016541, 0.145900011063, 0.0929739698768, 0.0942302420735, 0.0169503036886], "max": [0.997125208378, 0.95595318079, 0.872358620167, 0.904080510139, 0.721541285515, 0.362269312143], "var": [0.0951933264732, 0.0805120095611, 0.0395494587719, 0.0320869013667, 0.0198337491602, 0.00102412793785], "mean": [0.209637746215, 0.394073069096, 0.219353705645, 0.113145500422, 0.10463874042, 0.0155998133123]}}, "lowlevel": {"barkbands_spread": {"dmean2": 4.1197271347, "median": 9.35800361633, "min": 0.325519323349, "dvar2": 42.5002670288, "dvar": 19.613319397, "dmean": 2.6918656826, "max": 111.17477417, "var": 92.4422454834, "mean": 11.4136600494}, "melbands_spread": {"dmean2": 4.92196083069, "median": 10.9842205048, "min": 0.150939643383, "dvar2": 80.8715591431, "dvar": 44.2791099548, "dmean": 3.35906767845, "max": 268.018585205, "var": 255.760910034, "mean": 14.9970550537}, "hfc": {"dmean2": 2.60435032845, "median": 1.54801905155, "min": 0.000543437607121, "dvar2": 57.4807815552, "dvar": 36.8646202087, "dmean": 2.0870449543, "max": 287.50100708, "var": 398.464935303, "mean": 8.87707519531}, "barkbands_kurtosis": {"dmean2": 17.5431156158, "median": 3.40509676933, "min": -1.87435781956, "dvar2": 4644.234375, "dvar": 1640.28881836, "dmean": 10.2469501495, "max": 990.495300293, "var": 2547.50146484, "mean": 16.2273960114}, "gfcc": {"mean": [-202.938034058, 109.70098114, -120.734359741, -4.29949235916, -43.3995819092, -21.3929481506, -48.5977401733, 9.64622783661, -23.5579128265, -7.27245903015, -3.85915064812, 1.53669345379, 0.381431549788], "icov": [[0.000725195626728, -1.35911532197e-05, 0.00137089868076, -0.000219567489694, 0.0013749722857, -0.000183797368663, 0.00121430354193, -0.000128588988446, 0.00114322640002, -0.000432142813224, 0.00061563187046, -0.000449567043688, 0.00126701919362], [-1.35911532197e-05, 0.00220397487283, -0.000469010934466, 0.00154785939958, -0.000849258503877, 0.00229073269293, -0.000423421210144, 0.00179644115269, -0.000492813356686, 0.00272472226061, -0.000351867493009, 0.00148805603385, -0.000231173762586], [0.00137089868076, -0.000469010934466, 0.00335150700994, -0.00118815910537, 0.00242454488762, -0.00095520663308, 0.00194580154493, 0.000232227801462, 0.00174605601933, -0.0015366517473, 0.00178462301847, -0.00155429530423, 0.00286296452396], [-0.000219567489694, 0.00154785939958, -0.00118815910537, 0.00390804000199, -0.00157009297982, 0.00231379643083, -0.000982985598966, 0.00147431599908, -0.000957333657425, 0.0017758627655, 0.000758196634706, 0.000578981533181, -8.72045347933e-06], [0.0013749722857, -0.000849258503877, 0.00242454488762, -0.00157009297982, 0.00581389246508, -0.00131662900094, 0.00286566931754, -0.00174738967326, 0.00276244990528, -0.00203296449035, 0.000897683319636, 0.000136865535751, 0.00153754942585], [-0.000183797368663, 0.00229073269293, -0.00095520663308, 0.00231379643083, -0.00131662900094, 0.00690378760919, -0.00297449179925, 0.00231138523668, -0.00109471462201, 0.00280525162816, -0.000255337974522, 0.00161941628903, -0.000522706774063], [0.00121430354193, -0.000423421210144, 0.00194580154493, -0.000982985598966, 0.00286566931754, -0.00297449179925, 0.00664065312594, -0.00104776280932, 0.00169695087243, -0.000325932021951, 0.000134587069624, -0.000488612684421, 0.00336574600078], [-0.000128588988446, 0.00179644115269, 0.000232227801462, 0.00147431599908, -0.00174738967326, 0.00231138523668, -0.00104776280932, 0.00774842640385, -0.00146728684194, 0.00249880179763, 0.00100935366936, 0.000354694842827, 0.000172835614649], [0.00114322640002, -0.000492813356686, 0.00174605601933, -0.000957333657425, 0.00276244990528, -0.00109471462201, 0.00169695087243, -0.00146728684194, 0.0088731078431, -0.00382626685314, 0.00157344597392, -0.000681540870573, 0.000729185063392], [-0.000432142813224, 0.00272472226061, -0.0015366517473, 0.0017758627655, -0.00203296449035, 0.00280525162816, -0.000325932021951, 0.00249880179763, -0.00382626685314, 0.013400693424, -0.0048485500738, 0.00250401417725, -0.000804459617939], [0.00061563187046, -0.000351867493009, 0.00178462301847, 0.000758196634706, 0.000897683319636, -0.000255337974522, 0.000134587069624, 0.00100935366936, 0.00157344597392, -0.0048485500738, 0.0105095189065, -0.00444350438192, 0.00155251019169], [-0.000449567043688, 0.00148805603385, -0.00155429530423, 0.000578981533181, 0.000136865535751, 0.00161941628903, -0.000488612684421, 0.000354694842827, -0.000681540870573, 0.00250401417725, -0.00444350438192, 0.0121690388769, -0.00368193001486], [0.00126701919362, -0.000231173762586, 0.00286296452396, -8.72045347933e-06, 0.00153754942585, -0.000522706774063, 0.00336574600078, 0.000172835614649, 0.000729185063392, -0.000804459617939, 0.00155251019169, -0.00368193001486, 0.0114568918943]], "cov": [[21073.4296875, -838.098266602, -7642.09082031, -1719.89880371, -1405.55126953, -873.132507324, -1487.32556152, 670.860961914, -835.962341309, -134.56022644, 331.653686523, 202.060760498, 200.314025879], [-838.098266602, 1215.66430664, 274.010498047, -142.624313354, 134.922653198, -217.47052002, -55.5989837646, -138.102844238, -35.6886482239, -144.070007324, -52.9428787231, -98.2521972656, 6.77579116821], [-7642.09082031, 274.010498047, 3465.58154297, 790.424987793, 312.658477783, 321.38180542, 503.790313721, -336.994628906, 259.96875, 48.7210044861, -191.123214722, -49.1619148254, -187.983886719], [-1719.89880371, -142.624313354, 790.424987793, 595.354797363, 148.456039429, 11.6709241867, 104.903121948, -61.5401878357, 69.618598938, 4.32023715973, -97.7677764893, -20.461479187, -56.4755134583], [-1405.55126953, 134.922653198, 312.658477783, 148.456039429, 440.111877441, -0.0967537537217, -3.05620908737, 13.793718338, 14.4156074524, 8.42981529236, -37.8701896667, -52.8719749451, 9.58080196381], [-873.132507324, -217.47052002, 321.38180542, 11.6709241867, -0.0967537537217, 344.769989014, 211.047683716, -40.6583518982, 37.4827919006, 0.086783118546, -7.63733816147, -14.0946950912, -39.6481742859], [-1487.32556152, -55.5989837646, 503.790313721, 104.903121948, -3.05620908737, 211.047683716, 403.364898682, -38.1020698547, 45.9952774048, -13.2363500595, -15.3103971481, -23.9801254272, -79.8241043091], [670.860961914, -138.102844238, -336.994628906, -61.5401878357, 13.793718338, -40.6583518982, -38.1020698547, 208.879638672, -7.69117593765, -15.9025421143, -11.3273448944, 1.83966100216, 13.0228490829], [-835.962341309, -35.6886482239, 259.96875, 69.618598938, 14.4156074524, 37.4827919006, 45.9952774048, -7.69117593765, 186.737548828, 48.5768127441, -8.16383647919, -0.510161697865, 5.66579532623], [-134.56022644, -144.070007324, 48.7210044861, 4.32023715973, 8.42981529236, 0.086783118546, -13.2363500595, -15.9025421143, 48.5768127441, 141.163665771, 58.9625549316, 15.7150468826, 6.68417644501], [331.653686523, -52.9428787231, -191.123214722, -97.7677764893, -37.8701896667, -7.63733816147, -15.3103971481, -11.3273448944, -8.16383647919, 58.9625549316, 166.239715576, 53.9265403748, 18.8053226471], [202.060760498, -98.2521972656, -49.1619148254, -20.461479187, -52.8719749451, -14.0946950912, -23.9801254272, 1.83966100216, -0.510161697865, 15.7150468826, 53.9265403748, 124.940391541, 35.3914070129], [200.314025879, 6.77579116821, -187.983886719, -56.4755134583, 9.58080196381, -39.6481742859, -79.8241043091, 13.0228490829, 5.66579532623, 6.68417644501, 18.8053226471, 35.3914070129, 141.293457031]]}, "spectral_energyband_middle_low": {"dmean2": 0.00210817926563, "median": 0.00140194769483, "min": 6.62064625345e-09, "dvar2": 4.04280690418e-05, "dvar": 2.48607284448e-05, "dmean": 0.00157903926447, "max": 0.206561163068, "var": 0.000160452909768, "mean": 0.00565684912726}, "melbands_crest": {"dmean2": 4.12407875061, "median": 15.5434474945, "min": 4.89623785019, "dvar2": 22.4149646759, "dvar": 8.50426197052, "dmean": 2.57794737816, "max": 39.5366325378, "var": 42.9440383911, "mean": 16.561378479}, "spectral_kurtosis": {"dmean2": 6.44062662125, "median": 12.5203723907, "min": -1.14165818691, "dvar2": 40.6271896362, "dvar": 14.9831972122, "dmean": 3.77849411964, "max": 90.1548309326, "var": 94.6549911499, "mean": 14.742231369}, "spectral_rms": {"dmean2": 0.000367251661373, "median": 0.00146699231118, "min": 2.09658355743e-05, "dvar2": 3.70099655811e-07, "dvar": 2.39168258531e-07, "dmean": 0.000283657689579, "max": 0.0150704076514, "var": 4.52334552392e-06, "mean": 0.00218048831448}, "zerocrossingrate": {"dmean2": 0.00782352685928, "median": 0.03662109375, "min": 0.00048828125, "dvar2": 0.000146777980262, "dvar": 0.000129985710373, "dmean": 0.00647921627387, "max": 0.4248046875, "var": 0.000930683978368, "mean": 0.0424309745431}, "silence_rate_60dB": {"dmean2": 0.0715368315578, "median": 1, "min": 0, "dvar2": 0.0761230811477, "dvar": 0.0344855077565, "dmean": 0.0357629954815, "max": 1, "var": 0.246827483177, "mean": 0.556212127209}, "erbbands_kurtosis": {"dmean2": 2.15233802795, "median": 0.193207621574, "min": -1.88949668407, "dvar2": 19.3259773254, "dvar": 8.69617080688, "dmean": 1.42071938515, "max": 107.448043823, "var": 37.7283058167, "mean": 2.41869997978}, "erbbands": {"dmean2": [0.000828503165394, 0.00191165413707, 0.0211870111525, 0.0455602668226, 0.262803286314, 0.708975791931, 2.08545255661, 13.5692920685, 9.53573989868, 5.83974075317, 4.6455540657, 3.3335006237, 10.4290742874, 11.0848493576, 13.8108816147, 13.6712265015, 2.22315216064, 7.19834566116, 5.45608329773, 18.7704963684, 9.21399879456, 7.88067293167, 7.49162912369, 5.78994178772, 3.15007948875, 2.66605401039, 0.276731401682, 0.0761938467622, 0.0758167207241, 0.0606554448605, 0.0780761316419, 0.0604828707874, 0.0512764826417, 0.0438765957952, 0.021015278995, 0.00913130771369, 0.0032218573615, 0.000511058256961, 4.12927474827e-05, 4.87620854983e-06], "median": [0.000416095368564, 0.001184562454, 0.00998155027628, 0.0363295450807, 0.0850122198462, 0.299753546715, 1.19272077084, 2.85841155052, 0.844382226467, 0.490263909101, 0.490261852741, 1.56519114971, 1.23246407509, 0.797728896141, 0.975621700287, 0.421110451221, 0.338281750679, 0.6457644701, 0.677224993706, 1.15460991859, 1.36522161961, 1.22246551514, 0.945643782616, 0.453764736652, 0.29924595356, 0.145454376936, 0.0308244246989, 0.00678151007742, 0.00376637093723, 0.00610057543963, 0.00603682175279, 0.00363130355254, 0.00425465963781, 0.00368824973702, 0.00129603338428, 0.000638359284494, 0.00015285378322, 3.60407793778e-05, 7.95000232756e-06, 3.96290533899e-06], "min": [5.57023349756e-06, 9.96476592263e-06, 9.6009371191e-06, 4.35745550931e-06, 2.33077139455e-06, 3.00318470181e-06, 4.89654667035e-06, 2.17724982576e-06, 2.97941392091e-06, 4.29533974966e-06, 4.92094295623e-06, 1.04178998299e-05, 4.17990031565e-06, 6.75991304888e-06, 6.37094399281e-06, 6.16714396529e-06, 7.52559299144e-06, 9.814070836e-06, 1.01218238342e-05, 1.17586541819e-05, 9.58743567026e-06, 1.50465039042e-05, 1.38347340908e-05, 1.37957504194e-05, 1.4599782844e-05, 1.72213094629e-05, 1.65515575645e-05, 1.7887510694e-05, 1.62290725712e-05, 1.29686222863e-05, 1.73361913767e-05, 1.27962102852e-05, 9.20378806768e-06, 7.35741650715e-06, 5.36298330189e-06, 3.03249862554e-06, 1.31035210416e-06, 8.89411921889e-07, 7.47036608573e-07, 2.15973031459e-07], "dvar2": [1.11418091819e-06, 1.31578044602e-05, 0.00372755969875, 0.0071915849112, 0.794503748417, 5.54565191269, 63.6712417603, 3001.27563477, 1283.69140625, 676.384765625, 3965.44775391, 156.268966675, 1952.01330566, 6386.57421875, 6632.44384766, 23063.140625, 126.326934814, 906.822692871, 386.446075439, 8245.75097656, 1801.59899902, 4430.91308594, 795.195373535, 493.447601318, 127.716896057, 244.697235107, 2.28579759598, 0.0980964004993, 0.163046136498, 0.105098746717, 0.124647855759, 0.15382835269, 0.119553506374, 0.114035435021, 0.0368377715349, 0.00558376219124, 0.000823457608931, 2.06232707569e-05, 8.50766284088e-08, 2.38353614623e-10], "dvar": [3.68521540395e-07, 4.78398396808e-06, 0.00106673385017, 0.00296066398732, 0.333255589008, 2.69069290161, 26.4103031158, 1938.46972656, 717.555541992, 318.890350342, 3021.3425293, 103.889427185, 1176.56958008, 3404.19921875, 4305.65087891, 10371.3251953, 69.9030761719, 496.865478516, 201.406967163, 4110.68017578, 1080.04492188, 2142.6706543, 394.623504639, 257.125762939, 63.5277442932, 135.957794189, 1.37342655659, 0.050309304148, 0.0808939114213, 0.0479701459408, 0.0590714626014, 0.0730213448405, 0.0617927573621, 0.0587613917887, 0.0178356301039, 0.0032412733417, 0.000438058254076, 1.05508834167e-05, 4.36590212871e-08, 1.273244149e-10], "dmean": [0.000469555438031, 0.00109598052222, 0.011858554557, 0.0280940942466, 0.166565746069, 0.468860924244, 1.56948840618, 10.3057546616, 7.02707004547, 3.95199322701, 3.44686794281, 2.70245695114, 8.24313259125, 8.88770580292, 10.8648300171, 9.76433467865, 1.67786979675, 5.39648008347, 3.9872879982, 13.716553688, 6.57275009155, 5.71076536179, 5.19462299347, 4.11917209625, 2.17359375954, 1.86364793777, 0.189694568515, 0.0551136769354, 0.053551517427, 0.0409035310149, 0.0545248575509, 0.0414080508053, 0.0373988002539, 0.0300177652389, 0.0144663564861, 0.00662856036797, 0.00219080667011, 0.000338765850756, 2.80507229036e-05, 3.68928112948e-06], "max": [0.0118060866371, 0.0953283905983, 0.697383105755, 1.3934892416, 21.8877105713, 75.9973449707, 213.411178589, 2236.78833008, 896.600585938, 555.931335449, 4629.58007812, 662.683532715, 1455.70935059, 3451.74023438, 3940.61767578, 5702.79248047, 308.894500732, 882.106750488, 459.851318359, 2931.21386719, 2683.24682617, 3639.93774414, 858.535644531, 483.869140625, 276.818450928, 902.926574707, 86.6852493286, 7.85012102127, 8.67923545837, 8.87480926514, 7.7788438797, 8.92593860626, 12.23802948, 13.7177276611, 5.52940225601, 2.41352200508, 0.985265314579, 0.167899534106, 0.00854404270649, 0.000331367336912], "var": [4.81846029743e-07, 1.21023185784e-05, 0.00319466996007, 0.0264944173396, 0.885459184647, 9.88738536835, 265.307983398, 10496.2509766, 4143.41796875, 2038.55773926, 22062.6542969, 585.798278809, 7026.47167969, 14359.6181641, 32626.8144531, 45251.8515625, 281.391937256, 2449.7421875, 1222.7545166, 22909.046875, 5850.80126953, 4321.45068359, 1598.12854004, 1043.03271484, 345.53302002, 751.019470215, 7.34189558029, 0.201783314347, 0.173927813768, 0.0934647992253, 0.143622413278, 0.143059834838, 0.138454854488, 0.123743191361, 0.0342092365026, 0.00723357824609, 0.000885597837623, 1.96394321392e-05, 8.72047252187e-08, 7.56543383496e-10], "mean": [0.000613516080193, 0.0020483287517, 0.0322727672756, 0.100493811071, 0.372773855925, 1.21317470074, 6.0967464447, 28.8337955475, 20.302154541, 12.5237236023, 12.1626052856, 9.64362239838, 23.3200798035, 25.406042099, 34.1728897095, 23.9478263855, 4.45873022079, 13.8192567825, 11.0904798508, 35.3234214783, 16.2473907471, 13.3967523575, 12.4083395004, 9.80791282654, 5.98837900162, 4.62248420715, 0.471008777618, 0.122800022364, 0.092792712152, 0.0751447379589, 0.104578442872, 0.0731106549501, 0.0653527677059, 0.0501758940518, 0.0228020139039, 0.0110514359549, 0.00360738439485, 0.000540905515663, 5.4604588513e-05, 1.44438154166e-05]}, "spectral_strongpeak": {"dmean2": 0.563836753368, "median": 0.479584813118, "min": 0, "dvar2": 1.85942173004, "dvar": 0.80877250433, "dmean": 0.365371286869, "max": 16.9420261383, "var": 3.64982748032, "mean": 1.18913245201}, "spectral_energy": {"dmean2": 0.00295988447033, "median": 0.00220586825162, "min": 4.50555404541e-07, "dvar2": 6.64573090035e-05, "dvar": 4.18174058723e-05, "dmean": 0.00230591790751, "max": 0.232795134187, "var": 0.000362776627298, "mean": 0.00950985495001}, "average_loudness": 0.0346684679389, "spectral_rolloff": {"dmean2": 360.31652832, "median": 753.662109375, "min": 21.533203125, "dvar2": 736509.1875, "dvar": 371104.75, "dmean": 214.344482422, "max": 13135.2539062, "var": 1376856, "mean": 1100.31542969}, "spectral_centroid": {"dmean2": 190.26991272, "median": 825.517211914, "min": 152.16986084, "dvar2": 66674.609375, "dvar": 33389.5117188, "dmean": 129.89201355, "max": 5621.96191406, "var": 343434.96875, "mean": 961.663879395}, "pitch_salience": {"dmean2": 0.0985489934683, "median": 0.523544728756, "min": 0.0189396310598, "dvar2": 0.0101482300088, "dvar": 0.00389507785439, "dmean": 0.0619514286518, "max": 0.866833567619, "var": 0.0227056648582, "mean": 0.499856173992}, "spectral_energyband_middle_high": {"dmean2": 0.00126941117924, "median": 0.000333251955453, "min": 4.1880201529e-09, "dvar2": 2.40495301114e-05, "dvar": 1.3541323824e-05, "dmean": 0.0010077819461, "max": 0.165283098817, "var": 0.00011986073514, "mean": 0.00384567119181}, "spectral_contrast_coeffs": {"dmean2": [0.0600631162524, 0.055240765214, 0.046786736697, 0.0410034358501, 0.0322818495333, 0.0176941938698], "median": [-0.645609736443, -0.610450744629, -0.665561199188, -0.70482134819, -0.714573502541, -0.842383503914], "min": [-0.944621264935, -0.948225736618, -0.955107629299, -0.954399824142, -0.937492132187, -0.914050936699], "dvar2": [0.00245790579356, 0.00240901205689, 0.0019584975671, 0.00145542970859, 0.00100754655432, 0.000287739327177], "dvar": [0.000930846610572, 0.00109422346577, 0.000946547777858, 0.000735993904527, 0.000554339610972, 0.000129848558572], "dmean": [0.0360182076693, 0.035238597542, 0.0306600891054, 0.0267155896872, 0.0217352509499, 0.0112999891862], "max": [-0.36183527112, -0.22963488102, -0.299770355225, -0.401038646698, -0.48008275032, -0.653136730194], "var": [0.00929426215589, 0.0180065780878, 0.016976531595, 0.0132877407596, 0.0109571199864, 0.00200849119574], "mean": [-0.650304377079, -0.611225128174, -0.67244374752, -0.710723817348, -0.72745102644, -0.83412617445]}, "melbands_skewness": {"dmean2": 1.22873771191, "median": 1.96713531017, "min": -2.20621180534, "dvar2": 10.0963563919, "dvar": 3.39621853828, "dmean": 0.77129638195, "max": 51.5028305054, "var": 16.0958080292, "mean": 2.85150766373}, "spectral_spread": {"dmean2": 520604.28125, "median": 2722186, "min": 1016010.125, "dvar2": 616139194368, "dvar": 373534654464, "dmean": 343838.84375, "max": 16217664, "var": 3689904865280.0, "mean": 3305876.25}, "dissonance": {"dmean2": 0.0445837900043, "median": 0.422437876463, "min": 0.142366528511, "dvar2": 0.00184081634507, "dvar": 0.00068477698369, "dmean": 0.0266408137977, "max": 0.499851554632, "var": 0.00264757731929, "mean": 0.414508968592}, "spectral_skewness": {"dmean2": 0.573633551598, "median": 2.42728090286, "min": -0.620355844498, "dvar2": 0.282983660698, "dvar": 0.106416106224, "dmean": 0.345952361822, "max": 8.13214588165, "var": 0.984314203262, "mean": 2.64218664169}, "spectral_flux": {"dmean2": 0.0147299934179, "median": 0.0140023268759, "min": 0.000425682985224, "dvar2": 0.000715576927178, "dvar": 0.000271481869277, "dmean": 0.00893693417311, "max": 0.365618854761, "var": 0.000853523262776, "mean": 0.0243715234101}, "spectral_contrast_valleys": {"dmean2": [0.604755043983, 0.494415193796, 0.453150480986, 0.400370061398, 0.321480989456, 0.252971976995], "median": [-9.76316261292, -8.99289703369, -9.90194320679, -10.3637228012, -10.1131877899, -12.7241249084], "min": [-12.9419202805, -13.600520134, -14.1652565002, -14.0537719727, -13.7499313354, -15.6339111328], "dvar2": [0.22203373909, 0.201006546617, 0.15630209446, 0.142286524177, 0.104250222445, 0.104830190539], "dvar": [0.0755804032087, 0.0795994997025, 0.0634301155806, 0.058288808912, 0.0453009977937, 0.0536632202566], "dmean": [0.349391877651, 0.300254911184, 0.275856882334, 0.246007621288, 0.203444570303, 0.170439377427], "max": [-7.94767999649, -5.67945289612, -6.28445672989, -7.14574670792, -6.9819688797, -9.02456474304], "var": [0.319273769855, 1.62330067158, 2.01466393471, 1.87139427662, 1.86021733284, 1.32903432846], "mean": [-9.80214214325, -9.06813430786, -10.0471067429, -10.4973173141, -10.299279213, -12.8120632172]}, "erbbands_flatness_db": {"dmean2": 0.0216135755181, "median": 0.250858426094, "min": 0.0224017035216, "dvar2": 0.000582060834859, "dvar": 0.000307269569021, "dmean": 0.0149768115953, "max": 0.450897216797, "var": 0.00450776750222, "mean": 0.24021589756}, "spectral_energyband_high": {"dmean2": 2.76239479717e-05, "median": 2.84535212813e-06, "min": 1.4273586757e-08, "dvar2": 3.66830015253e-08, "dvar": 2.20785132399e-08, "dmean": 1.96478158614e-05, "max": 0.0131219550967, "var": 1.23865319779e-07, "mean": 4.34014036728e-05}, "spectral_entropy": {"dmean2": 0.232377365232, "median": 6.28449678421, "min": 4.13192939758, "dvar2": 0.072544850409, "dvar": 0.0369336232543, "dmean": 0.161935508251, "max": 8.79200935364, "var": 0.468933314085, "mean": 6.35081577301}, "silence_rate_20dB": {"dmean2": 0, "median": 1, "min": 1, "dvar2": 0, "dvar": 0, "dmean": 0, "max": 1, "var": 0, "mean": 1}, "melbands_flatness_db": {"dmean2": 0.0311796814203, "median": 0.293765902519, "min": 0.0611557140946, "dvar2": 0.00134478567634, "dvar": 0.000565590744372, "dmean": 0.0206134542823, "max": 0.567105233669, "var": 0.0071537932381, "mean": 0.306179463863}, "barkbands": {"dmean2": [7.45139914216e-05, 1.15486627692e-05, 2.29022698477e-05, 2.11378664972e-05, 0.000156823007273, 0.00141794316005, 0.000389691937016, 0.000245852657827, 0.000220896385144, 0.000304648187011, 0.000439360854216, 0.000309834693326, 5.01628237544e-05, 0.000131312845042, 0.000306219590129, 0.000206322321901, 0.000168959639268, 0.000171650885022, 7.38927046768e-05, 4.76905552205e-05, 2.46524268732e-06, 2.05445826396e-06, 2.54058227256e-06, 2.7820926789e-06, 3.21580637319e-06, 1.79360938546e-06, 2.49275899478e-07], "median": [1.89383099496e-05, 6.70284316584e-06, 1.08392614493e-05, 9.89319414657e-06, 6.68168722768e-05, 0.000405206927098, 2.96613015962e-05, 5.74216210225e-06, 8.0926460214e-05, 5.45719194633e-06, 1.25873011712e-05, 5.05227035319e-06, 2.85195051219e-06, 1.10470882646e-05, 1.78744958248e-05, 1.22482106235e-05, 1.83421288966e-05, 1.09015145426e-05, 6.11224595559e-06, 3.03919773614e-06, 1.6850212603e-07, 1.08377292918e-07, 2.1696547492e-07, 2.08908602417e-07, 2.58071878534e-07, 1.12467475333e-07, 5.36575157639e-08], "min": [6.56574261626e-09, 5.64354820654e-08, 2.65911004327e-09, 6.69283309329e-11, 6.48405273918e-10, 3.27721849658e-10, 1.61242547092e-10, 1.80690143403e-10, 4.36045394236e-10, 1.35186598027e-10, 1.22694632232e-10, 9.11387840197e-11, 1.29213778566e-10, 7.45701000948e-11, 1.46221881825e-10, 1.53606516395e-10, 2.38837505329e-10, 2.21184806581e-10, 2.45167608437e-10, 3.53312601398e-10, 4.57907600726e-10, 4.72549888109e-10, 5.45855027845e-10, 6.03991245907e-10, 7.34802330093e-10, 7.84530607145e-10, 9.70952829249e-09], "dvar2": [2.26464482722e-08, 1.80638906611e-10, 3.89643783905e-09, 1.92527838117e-09, 2.2745642525e-07, 2.90312200377e-05, 1.51118774738e-06, 6.53568031339e-06, 8.72496968896e-07, 2.00623526325e-06, 1.07913674583e-05, 1.02965905171e-05, 5.82092098966e-08, 2.99360721101e-07, 1.64684695392e-06, 1.7049563894e-06, 1.33634091526e-06, 4.303569483e-07, 8.03108406444e-08, 5.62771802493e-08, 8.46300390878e-11, 1.30322114211e-10, 1.65588931456e-10, 3.14959169856e-10, 6.58038790124e-10, 2.39232328392e-10, 3.11729873685e-12], "dvar": [7.05946723301e-09, 6.90277904281e-11, 1.14884834979e-09, 8.02553745682e-10, 1.10003568921e-07, 1.70064686245e-05, 9.15655505196e-07, 4.5422580115e-06, 4.57594694581e-07, 1.20419599625e-06, 6.10456982031e-06, 4.62840034743e-06, 3.14150980785e-08, 1.60728362175e-07, 8.51539084579e-07, 8.46248042308e-07, 8.5166647068e-07, 2.03321050662e-07, 3.70053321319e-08, 3.03761531484e-08, 4.13176125258e-11, 5.90746271345e-11, 7.48319253785e-11, 1.6601166275e-10, 3.56362439558e-10, 1.31723368324e-10, 1.6151308806e-12], "dmean": [4.16629154643e-05, 6.62109368932e-06, 1.30407979668e-05, 1.30590287881e-05, 0.000103434897028, 0.0010525630787, 0.000285746733425, 0.000165258141351, 0.000177395922947, 0.000236303167185, 0.000345085689332, 0.000221473965212, 3.66382409993e-05, 9.731038881e-05, 0.000223338560318, 0.000140094954986, 0.000126406928757, 0.000116691342555, 5.01681606693e-05, 3.3164928027e-05, 1.71792578385e-06, 1.41787984376e-06, 1.73395778802e-06, 2.00783983928e-06, 2.30885871133e-06, 1.2396898228e-06, 1.6765667965e-07], "max": [0.00190840079449, 0.000295027799439, 0.000840492895804, 0.000728968763724, 0.012877298519, 0.194412022829, 0.0411441959441, 0.169647842646, 0.039314083755, 0.0365451462567, 0.157649606466, 0.124614149332, 0.00549781322479, 0.0152243506163, 0.0436416864395, 0.0440045855939, 0.0666200891137, 0.0159100759774, 0.00551939895377, 0.0129771018401, 0.000196321328986, 0.000275632861303, 0.000361702259397, 0.000599382328801, 0.000996022834443, 0.000560963526368, 5.36177285539e-05], "var": [6.57320375907e-09, 1.50172888014e-10, 4.9422244075e-09, 4.91426277449e-09, 3.92257419435e-07, 8.82428066689e-05, 6.82755626258e-06, 3.05975627271e-05, 1.85843828149e-06, 6.11134100836e-06, 4.24843346991e-05, 2.15816435229e-05, 1.29003041138e-07, 7.10586448349e-07, 5.11121606905e-06, 2.30783916777e-06, 2.19167827709e-06, 7.62455670156e-07, 1.43956256693e-07, 1.76483339942e-07, 1.34827690679e-10, 1.19536061605e-10, 1.65428754029e-10, 3.88135135143e-10, 7.94244892077e-10, 2.7831756344e-10, 3.20101887705e-12], "mean": [4.29336687375e-05, 9.6691892395e-06, 4.00344761147e-05, 3.76183234039e-05, 0.000261356268311, 0.00307327252813, 0.000881266547367, 0.000451224652352, 0.000578206381761, 0.00063961267