{"tonal": {"thpcp": [1, 0.759556055069, 0.494884282351, 0.276351869106, 0.188482925296, 0.403571218252, 0.50366038084, 0.358598351479, 0.320125073195, 0.317389786243, 0.279664993286, 0.430231481791, 0.474336922169, 0.351977974176, 0.406221985817, 0.421681672335, 0.295737236738, 0.235203310847, 0.231554239988, 0.289491921663, 0.576726138592, 0.640408635139, 0.361291646957, 0.248863637447, 0.220794707537, 0.186268508434, 0.240657225251, 0.268211573362, 0.249153330922, 0.431266874075, 0.546875536442, 0.364538401365, 0.227678537369, 0.20484149456, 0.273416757584, 0.702813506126], "hpcp": {"dmean2": [0.260625064373, 0.242189139128, 0.210782945156, 0.186364084482, 0.183877468109, 0.204422101378, 0.261517375708, 0.261831909418, 0.199069321156, 0.160221606493, 0.1357858181, 0.131706386805, 0.14082723856, 0.14618845284, 0.15551918745, 0.207158654928, 0.214087724686, 0.209159746766, 0.177420452237, 0.160947650671, 0.187871053815, 0.291991084814, 0.294234603643, 0.335989832878, 0.333838254213, 0.188751235604, 0.123537458479, 0.179335922003, 0.171432554722, 0.174655869603, 0.175935909152, 0.168599352241, 0.180950954556, 0.219575211406, 0.219909310341, 0.24649643898], "median": [0.0446068234742, 0.0465967692435, 0.0315946824849, 0.0206133835018, 0.0190050043166, 0.0355728156865, 0.095869615674, 0.107343271375, 0.0569395273924, 0.0204894281924, 0.0162535142154, 0.0179728120565, 0.025828210637, 0.0271701328456, 0.0344421826303, 0.0398032814264, 0.0349615216255, 0.0281261615455, 0.0221707560122, 0.0185565594584, 0.0322298109531, 0.115152940154, 0.148219779134, 0.154249444604, 0.0513855181634, 0.0206489097327, 0.0164780244231, 0.0381509289145, 0.0426122508943, 0.0310053620487, 0.0192835461348, 0.0161493588239, 0.0323577038944, 0.0518604591489, 0.0483513921499, 0.0417481176555], "min": [0, 0, 0, 0, 0, 0, 0, 0, 0, 0, 0, 0, 0, 0, 0, 0, 0, 0, 0, 0, 0, 0, 0, 0, 0, 0, 0, 0, 0, 0, 0, 0, 0, 0, 0, 0], "dvar2": [0.139662116766, 0.128800228238, 0.115274958313, 0.107617750764, 0.103440634906, 0.103245049715, 0.116750478745, 0.112357057631, 0.0932312086225, 0.0908754616976, 0.0787387341261, 0.0777093023062, 0.0709644556046, 0.0700252279639, 0.0781452581286, 0.104663021863, 0.118401683867, 0.11958552897, 0.105782307684, 0.100812420249, 0.0948932766914, 0.124668128788, 0.135442882776, 0.129690378904, 0.172659873962, 0.0786209851503, 0.0538573414087, 0.0808543339372, 0.0768897384405, 0.0798818320036, 0.0875955224037, 0.0915270224214, 0.0883121788502, 0.109370782971, 0.111698359251, 0.131951242685], "dvar": [0.052012193948, 0.048817306757, 0.041141204536, 0.0382551439106, 0.0370065607131, 0.0368612892926, 0.0441039279103, 0.0448585152626, 0.0337432213128, 0.0328190848231, 0.0286865122616, 0.026912799105, 0.0252686776221, 0.0256100594997, 0.0274603385478, 0.0380310676992, 0.0484391860664, 0.0438732765615, 0.0372983850539, 0.0353051349521, 0.0336490646005, 0.0473373271525, 0.0583688169718, 0.0490609668195, 0.0640922486782, 0.0289021749049, 0.0195613075048, 0.0309693850577, 0.0315389744937, 0.029230825603, 0.033035852015, 0.0354258418083, 0.0317627377808, 0.0395056530833, 0.041511811316, 0.0469288341701], "dmean": [0.146000012755, 0.138340234756, 0.117107734084, 0.101978488266, 0.100383542478, 0.113377168775, 0.152823507786, 0.154999017715, 0.113504871726, 0.0897020027041, 0.0756249725819, 0.0725446939468, 0.0796970427036, 0.0835099443793, 0.0873196348548, 0.119809053838, 0.123457640409, 0.118330702186, 0.0974492281675, 0.0880888849497, 0.104692153633, 0.169687211514, 0.170516163111, 0.192129448056, 0.185830071568, 0.105392612517, 0.0698018819094, 0.105434961617, 0.100992955267, 0.100806362927, 0.0996443033218, 0.0946685150266, 0.100314162672, 0.124058380723, 0.124940805137, 0.134944602847], "max": [1, 1, 1, 1, 1, 1, 1, 1, 1, 1, 1, 1, 1, 1, 1, 1, 1, 1, 1, 1, 1, 1, 1, 1, 1, 1, 1, 1, 1, 1, 1, 1, 1, 1, 1, 1], "var": [0.0542024597526, 0.0574237406254, 0.0354798026383, 0.0294581409544, 0.0299587901682, 0.0325784571469, 0.0668515488505, 0.0805147588253, 0.0357435941696, 0.0347839482129, 0.0332384780049, 0.0225075632334, 0.0256156660616, 0.0304509811103, 0.0236314218491, 0.0581763423979, 0.0998060703278, 0.0526534095407, 0.0284803975374, 0.0262447614223, 0.0290576387197, 0.0854664444923, 0.151232361794, 0.0864471644163, 0.0687031373382, 0.0298448503017, 0.0192229356617, 0.0549836531281, 0.0883629620075, 0.0472086444497, 0.0483635552227, 0.0548079609871, 0.0314848981798, 0.0504256859422, 0.0648562163115, 0.0429128967226], "mean": [0.146179959178, 0.151743158698, 0.106421753764, 0.0846384763718, 0.0833253487945, 0.104174360633, 0.207536280155, 0.230452597141, 0.130011662841, 0.0895541757345, 0.0794535055757, 0.067029170692, 0.0866010785103, 0.0965165793896, 0.0896584242582, 0.155192419887, 0.196794480085, 0.131180018187, 0.0819306671619, 0.0737127065659, 0.0983896777034, 0.252909123898, 0.359852403402, 0.273328065872, 0.178085297346, 0.09944588691, 0.0678260326385, 0.145226076245, 0.181243404746, 0.129042476416, 0.115197777748, 0.114213481545, 0.100638121367, 0.154819831252, 0.170691281557, 0.126660123467]}, "tuning_equal_tempered_deviation": 0.20907689631, "chords_changes_rate": 0.078511506319, "key_key": "A", "tuning_diatonic_strength": 0.542478978634, "key_scale": "major", "chords_number_rate": 0.00100380007643, "tuning_frequency": 434.193115234, "tuning_nontempered_energy_ratio": 0.944388091564, "chords_histogram": [7.32774066925, 7.95870065689, 26.2422027588, 0.193590015173, 2.40195035934, 0.365670025349, 1.4411700964, 0.229440018535, 0.15057002008, 0.308310031891, 0.21510002017, 0, 0.0860400050879, 0.451710045338, 1.84269022942, 5.48505067825, 0.0573600046337, 4.30917024612, 1.62759017944, 12.253531456, 6.76848077774, 7.52133083344, 7.63605070114, 5.12655067444], "key_strength": 0.697160720825, "chords_key": "E", "chords_strength": {"dmean2": 0.0105409137905, "median": 0.487321972847, "min": -1, "dvar2": 0.00037988985423, "dvar": 0.000212832645047, "dmean": 0.0107832215726, "max": 0.788525521755, "var": 0.0109104327857, "mean": 0.489951640368}, "chords_scale": "major", "hpcp_entropy": {"dmean2": 1.05826413631, "median": 2.14907383919, "min": 0, "dvar2": 0.73373144865, "dvar": 0.273354202509, "dmean": 0.628913223743, "max": 4.43319654465, "var": 0.585274040699, "mean": 2.12133359909}}, "metadata": {"audio_properties": {"equal_loudness": 0, "codec": "flac", "downmix": "mix", "sample_rate": 44100, "analysis_sample_rate": 44100, "bit_rate": 0, "md5_encoded": "ff793b5ec7d56021891be2da5c0b21a4", "length": 647.626647949, "replay_gain": -9.4136390686, "lossless": true}, "version": {"essentia_build_sha": "2d9f1f26377add8aeb1075a9c2973f962c4f09fd", "essentia": "2.1-beta2", "extractor": "music 1.0", "essentia_git_sha": "v2.1_beta2-1-ge3940c0"}, "tags": {"title": ["Kyle's Song"], "barcode": ["827823002420"], "media": ["CD"], "albumartist": ["moe."], "tracktotal": ["6"], "musicbrainz_releasegroupid": ["511b8eb9-ddd5-34e0-95f9-5f05ec62898e"], "releasetype": ["album", "live"], "musicbrainz_recordingid": ["09d7e668-7f32-40f7-b52a-665c369ff83d"], "originalyear": ["2003"], "musicbrainz_releasetrackid": ["a8a88476-a6e3-3ab4-b975-fed766e60fd2"], "discnumber": ["1"], "totaldiscs": ["3"], "album": ["Instant Live: 2003-10-10: Cain's Ballroom, Tulsa, OK, USA"], "file_name": "106 - Kyle's Song.flac", "musicbrainz_albumartistid": ["5fab339d-5dd4-42b0-8d70-496a4493ed59"], "albumartistsort": ["moe."], "date": ["2003-11-18"], "genre": ["Jam Bands;Rock;Awesome;Summer;Jam;Jam Band;Moe;Country But Not Too Much;Jam;Jam Band;Rock;Psychedelic;Jam Bands"], "disctotal": ["3"], "musicbrainz_artistid": ["5fab339d-5dd4-42b0-8d70-496a4493ed59"], "originaldate": ["2003-11-18"], "musicbrainz_albumid": ["774b7c77-67f0-4b57-b6bc-7f959ccb368f"], "tracknumber": ["6"], "artistsort": ["moe."], "artist": ["moe."], "label": ["Instant Live"], "releasestatus": ["official"], "acoustid_id": ["e52d0add-8c9a-4900-8c0b-4be2b99c0858"], "script": ["Latn"], "totaltracks": ["6"]}}, "rhythm": {"bpm_histogram_first_peak_bpm": {"dmean2": 0, "median": 117, "min": 117, "dvar2": 0, "dvar": 0, "dmean": 0, "max": 117, "var": 0, "mean": 117}, "bpm": 117.621231079, "bpm_histogram_second_peak_spread": {"dmean2": 0, "median": 0.106060609221, "min": 0.106060609221, "dvar2": 0, "dvar": 0, "dmean": 0, "max": 0.106060609221, "var": 0, "mean": 0.106060609221}, "bpm_histogram_first_peak_weight": {"dmean2": 0, "median": 0.501942515373, "min": 0.501942515373, "dvar2": 0, "dvar": 0, "dmean": 0, "max": 0.501942515373, "var": 0, "mean": 0.501942515373}, "onset_rate": 3.90186285973, "beats_position": [0.487619042397, 0.99845802784, 1.50929701328, 2.02013611794, 2.53097510338, 3.05342388153, 3.5758728981, 4.08671188354, 4.62077093124, 5.14321994781, 5.66566896439, 6.19972801208, 6.72217655182, 7.23301553726, 7.75546455383, 8.28952407837, 8.8119726181, 9.33442115784, 9.85687065125, 10.379319191, 10.9017686844, 11.4242172241, 11.9466667175, 12.4691152573, 12.9915647507, 13.5140132904, 14.0248527527, 14.5473012924, 15.0697498322, 15.5921993256, 16.114648819, 16.6487064362, 17.1711559296, 17.693605423, 18.2276649475, 18.7501125336, 19.272562027, 19.7950115204, 20.3174591064, 20.851518631, 21.3855781555, 21.9196376801, 22.4420852661, 22.9645347595, 23.4869842529, 24.009431839, 24.5318813324, 25.0543308258, 25.5767803192, 26.0992279053, 26.6100673676, 27.132516861, 27.6549663544, 28.1658039093, 28.6882534027, 29.199092865, 29.7215423584, 30.2323799133, 30.7432193756, 31.2540588379, 31.7648983002, 32.2757377625, 32.7981834412, 33.3090248108, 33.8314743042, 34.3423118591, 34.8531494141, 35.3755989075, 35.8980484009, 36.4088897705, 36.9197273254, 37.4305648804, 37.9530143738, 38.4754638672, 38.9863014221, 39.5087509155, 40.0312004089, 40.5420417786, 41.0528793335, 41.5637168884, 42.0745582581, 42.585395813, 43.0962333679, 43.6186828613, 44.1411323547, 44.6519737244, 45.1744194031, 45.6968688965, 46.2193183899, 46.7417678833, 47.2526054382, 47.7634468079, 48.2742843628, 48.7967338562, 49.3191833496, 49.8300209045, 50.3640823364, 50.8749198914, 51.4089775085, 51.9198188782, 52.4306564331, 52.941493988, 53.4523353577, 53.9631729126, 54.485622406, 55.0080718994, 55.5189094543, 56.029750824, 56.5405883789, 57.0514259338, 57.5622673035, 58.0731048584, 58.5955543518, 59.1180038452, 59.6288414001, 60.1396827698, 60.6505203247, 61.1613578796, 61.6721992493, 62.1830368042, 62.6938781738, 63.2163238525, 63.7387733459, 64.2496109009, 64.7604522705, 65.2712936401, 65.7821273804, 66.29296875, 66.8038101196, 67.3146438599, 67.8254852295, 68.3363265991, 68.8471679688, 69.358001709, 69.8688430786, 70.3796844482, 70.8905181885, 71.4013595581, 71.9122009277, 72.423034668, 72.9338760376, 73.4331054688, 73.9439468384, 74.4547805786, 74.9772338867, 75.488067627, 75.9989089966, 76.5097503662, 77.0205917358, 77.5314254761, 78.0422668457, 78.5414962769, 79.0639419556, 79.5747833252, 80.0856246948, 80.5964584351, 81.1072998047, 81.5949172974, 82.105758667, 82.6166000366, 83.1274337769, 83.626663208, 84.1258926392, 84.6367340088, 85.1475753784, 85.6468048096, 86.1460266113, 86.656867981, 87.1677093506, 87.6785507202, 88.1893844604, 88.7002258301, 89.1994552612, 89.6986846924, 90.2095184326, 90.7087478638, 91.2195892334, 91.7188186646, 92.2296600342, 92.7404937744, 93.251335144, 93.7389526367, 94.2497940063, 94.760635376, 95.2598648071, 95.7590942383, 96.246711731, 96.7459411621, 97.2451705933, 97.7444000244, 98.2436294556, 98.7312469482, 99.2420806885, 99.7529220581, 100.263763428, 100.774604797, 101.285438538, 101.784667969, 102.2838974, 102.79473877, 103.305580139, 103.816413879, 104.315643311, 104.814872742, 105.302490234, 105.801719666, 106.312561035, 106.811790466, 107.322631836, 107.833465576, 108.344306946, 108.855148315, 109.365982056, 109.876823425, 110.387664795, 110.898498535, 111.409339905, 111.920181274, 112.431015015, 112.930244446, 113.429473877, 113.917098999, 114.427932739, 114.938774109, 115.449615479, 115.960449219, 116.471290588, 116.982131958, 117.492965698, 118.003807068, 118.514648438, 119.025482178, 119.536323547, 120.047164917, 120.557998657, 121.057228088, 121.55645752, 122.055686951, 122.56652832, 123.065757751, 123.576599121, 124.087432861, 124.598274231, 125.109115601, 125.619949341, 126.107574463, 126.64163208, 127.164077759, 127.698135376, 128.220581055, 128.743041992, 129.265487671, 129.776321411, 130.28717041, 130.79800415, 131.320449829, 131.842895508, 132.353744507, 132.864578247, 133.375411987, 133.897872925, 134.408706665, 134.931152344, 135.441986084, 135.964447021, 136.4868927, 136.99772644, 137.508575439, 138.01940918, 138.553466797, 139.075912476, 139.598358154, 140.109207153, 140.631652832, 141.165710449, 141.688156128, 142.199005127, 142.721450806, 143.243896484, 143.754730225, 144.265579224, 144.776412964, 145.287246704, 145.798095703, 146.308929443, 146.819763184, 147.330612183, 147.829833984, 148.352294922, 148.863128662, 149.373962402, 149.884811401, 150.384033203, 150.883255005, 151.394104004, 151.904937744, 152.415786743, 152.926620483, 153.425842285, 153.925079346, 154.424301147, 154.923538208, 155.434371948, 155.933609009, 156.456054688, 156.966888428, 157.477722168, 157.988571167, 158.487792969, 158.987030029, 159.49786377, 159.985488892, 160.484710693, 160.983947754, 161.483169556, 161.982406616, 162.470016479, 162.96925354, 163.468475342, 163.956100464, 164.466934204, 164.977767944, 165.488616943, 165.987838745, 166.487075806, 166.974685669, 167.473922729, 167.973144531, 168.48399353, 168.994827271, 169.494049072, 169.993286133, 170.480911255, 170.968521118, 171.467758179, 171.96697998, 172.477813721, 172.98866272, 173.49949646, 173.998733521, 174.497955322, 174.997192383, 175.496414185, 176.007247925, 176.518096924, 177.017318726, 177.516555786, 178.015777588, 178.515014648, 179.01423645, 179.513473511, 180.024307251, 180.535140991, 181.034378052, 181.533599854, 182.044433594, 182.555282593, 183.054504395, 183.565353394, 184.064575195, 184.575408936, 185.086257935, 185.585479736, 186.084716797, 186.57232666, 187.083175659, 187.594009399, 188.10484314, 188.615692139, 189.126525879, 189.637359619, 190.124984741, 190.635818481, 191.14666748, 191.657501221, 192.179946899, 192.702392578, 193.213241577, 193.712463379, 194.211700439, 194.72253418, 195.23336792, 195.744216919, 196.255050659, 196.777496338, 197.299957275, 197.810791016, 198.321624756, 198.844070435, 199.366531372, 199.888977051, 200.399810791, 200.92225647, 201.444717407, 201.967163086, 202.489608765, 203.012054443, 203.534515381, 204.05696106, 204.5677948, 205.07862854, 205.601089478, 206.111923218, 206.611160278, 207.121994019, 207.632827759, 208.143676758, 208.666122437, 209.176956177, 209.687789917, 210.187026978, 210.6746521, 211.173873901, 211.673095703, 212.160720825, 212.648345947, 213.135955811, 213.635192871, 214.122802734, 214.610427856, 215.098052979, 215.608886719, 216.119720459, 216.630569458, 217.153015137, 217.675460815, 218.197906494, 218.708755493, 219.24281311, 219.765258789, 220.287704468, 220.798538208, 221.332611084, 221.855056763, 222.377502441, 222.888336182, 223.410797119, 223.933242798, 224.455688477, 224.978134155, 225.512191772, 226.04624939, 226.568710327, 227.091156006, 227.613601685, 228.136047363, 228.658493042, 229.180953979, 229.703399658, 230.237457275, 230.771514893, 231.317184448, 231.862854004, 232.40852356, 232.965805054, 233.523086548, 234.080352783, 234.6144104, 235.136871338, 235.659317017, 236.181762695, 236.704208374, 237.215057373, 237.737503052, 238.25994873, 238.782394409, 239.293243408, 239.815689087, 240.326522827, 240.848968506, 241.371429443, 241.882263184, 242.393096924, 242.903945923, 243.414779663, 243.925613403, 244.436462402, 244.958908081, 245.48135376, 245.9921875, 246.503036499, 247.013870239, 247.524719238, 248.035552979, 248.546386719, 249.057235718, 249.568069458, 250.090515137, 250.612960815, 251.135421753, 251.657867432, 252.18031311, 252.702758789, 253.225204468, 253.747665405, 254.258499146, 254.769332886, 255.280181885, 255.791015625, 256.301849365, 256.812683105, 257.323547363, 257.834381104, 258.345214844, 258.856048584, 259.366882324, 259.877716064, 260.388580322, 260.899414063, 261.410247803, 261.909484863, 262.408691406, 262.919555664, 263.430389404, 263.941223145, 264.452056885, 264.962890625, 265.462127686, 265.961364746, 266.472198486, 266.983032227, 267.505493164, 268.027923584, 268.538757324, 269.049621582, 269.560455322, 270.071289063, 270.582122803, 271.092956543, 271.61541748, 272.137878418, 272.648712158, 273.159545898, 273.670379639, 274.192840576, 274.715270996, 275.226104736, 275.748565674, 276.271026611, 276.781860352, 277.304290771, 277.826751709, 278.337585449, 278.848419189, 279.359283447, 279.870117188, 280.380950928, 280.891784668, 281.391021729, 281.890258789, 282.401092529, 282.91192627, 283.42276001, 283.93359375, 284.44442749, 284.955291748, 285.454498291, 285.965332031, 286.476196289, 286.987030029, 287.48626709, 287.99710083, 288.51953125, 289.041992188, 289.552825928, 290.063659668, 290.574493408, 291.085357666, 291.596191406, 292.118621826, 292.629486084, 293.128692627, 293.639526367, 294.161987305, 294.672821045, 295.172058105, 295.682891846, 296.193725586, 296.704589844, 297.215423584, 297.714630127, 298.213867188, 298.724700928, 299.235565186, 299.757995605, 300.268829346, 300.779663086, 301.278900146, 301.789733887, 302.300598145, 302.811431885, 303.322265625, 303.844696045, 304.367156982, 304.877990723, 305.388824463, 305.899688721, 306.410522461, 306.921356201, 307.443817139, 307.966247559, 308.477081299, 308.987945557, 309.498779297, 310.009613037, 310.520446777, 311.031280518, 311.530517578, 312.029754639, 312.540588379, 313.039825439, 313.539031982, 314.038269043, 314.537506104, 315.036743164, 315.535949707, 316.046783447, 316.546020508, 317.045257568, 317.556091309, 318.055328369, 318.55456543, 319.053771973, 319.553009033, 320.063842773, 320.574676514, 321.073913574, 321.584747314, 322.083984375, 322.594818115, 323.105651855, 323.616516113, 324.127349854, 324.649780273, 325.195465088, 325.741119385, 326.286804199, 326.832458496, 327.378143311, 327.90057373, 328.411407471, 328.910644531, 329.409881592, 329.920715332, 330.419952393, 330.907562256, 331.395172119, 331.906036377, 332.416870117, 332.916107178, 333.415313721, 333.926147461, 334.437011719, 334.947845459, 335.44708252, 335.946289063, 336.457122803, 336.967987061, 337.478820801, 337.978057861, 338.477264404, 338.964904785, 339.452514648, 339.963348389, 340.462585449, 340.96182251, 341.461029053, 341.960266113, 342.471099854, 342.981933594, 343.492797852, 344.003631592, 344.514465332, 345.025299072, 345.524536133, 346.023742676, 346.534606934, 347.022216797, 347.533050537, 348.043884277, 348.543121338, 349.053955078, 349.553192139, 350.064025879, 350.574859619, 351.07409668, 351.57333374, 352.08416748, 352.595001221, 353.094238281, 353.593475342, 354.092681885, 354.591918945, 355.091156006, 355.590393066, 356.101226807, 356.60043335, 357.111297607, 357.61050415, 358.121368408, 358.632202148, 359.131408691, 359.630645752, 360.141479492, 360.65234375, 361.16317749, 361.650787354, 362.161621094, 362.660858154, 363.160095215, 363.659301758, 364.158538818, 364.646148682, 365.145385742, 365.644622803, 366.143859863, 366.643066406, 367.142303467, 367.641540527, 368.152374268, 368.639984131, 369.139221191, 369.638458252, 370.126068115, 370.625305176, 371.112915039, 371.6121521, 372.12298584, 372.6222229, 373.121429443, 373.620666504, 374.119903564, 374.630737305, 375.141571045, 375.640808105, 376.140045166, 376.650878906, 377.150115967, 377.64932251, 378.160186768, 378.659393311, 379.158630371, 379.657867432, 380.168701172, 380.679534912, 381.190368652, 381.689605713, 382.200439453, 382.711273193, 383.222137451, 383.732971191, 384.243804932, 384.754638672, 385.265472412, 385.753112793, 386.263946533, 386.774780273, 387.285614014, 387.796447754, 388.307281494, 388.806518555, 389.305755615, 389.804992676, 390.315826416, 390.815063477, 391.325897217, 391.82510376, 392.32434082, 392.823577881, 393.322814941, 393.810424805, 394.321258545, 394.808868408, 395.308105469, 395.807342529, 396.31817627, 396.81741333, 397.32824707, 397.827484131, 398.338317871, 398.837554932, 399.336761475, 399.824401855, 400.335235596, 400.834472656, 401.333679199, 401.844512939, 402.355377197, 402.866210938, 403.365447998, 403.864654541, 404.375488281, 404.874725342, 405.385559082, 405.884796143, 406.395629883, 406.894866943, 407.405700684, 407.904937744, 408.427398682, 408.938232422, 409.449066162, 409.948303223, 410.470733643, 410.981567383, 411.480804443, 411.991638184, 412.502471924, 413.001708984, 413.500946045, 414.011779785, 414.522613525, 415.033447266, 415.544311523, 416.055145264, 416.565979004, 417.065216064, 417.564422607, 418.063659668, 418.562896729, 419.062133789, 419.561340332, 420.07220459, 420.58303833, 421.09387207, 421.604705811, 422.092315674, 422.603179932, 423.114013672, 423.613220215, 424.112457275, 424.611694336, 425.110931396, 425.610137939, 426.109375, 426.596984863, 427.096221924, 427.595458984, 428.083068848, 428.570709229, 429.069915771, 429.569152832, 430.056762695, 430.532775879, 431.020385742, 431.508026123, 431.984039307, 432.448425293, 432.9012146, 433.354003906, 433.806793213, 434.32925415, 434.863311768, 435.397369385, 435.931427002, 436.477081299, 437.022766113, 437.56842041, 438.114105225, 438.648162842, 439.182220459, 439.739501953, 440.250335693, 440.761169434, 441.283630371, 441.794464111, 442.305297852, 442.816131592, 443.326965332, 443.83782959, 444.337036133, 444.836273193, 445.335510254, 445.846343994, 446.357177734, 446.868011475, 447.378845215, 447.889709473, 448.400543213, 448.911376953, 449.422210693, 449.933044434, 450.420684814, 450.931518555, 451.430725098, 451.929962158, 452.440795898, 452.951660156, 453.462493896, 453.973327637, 454.484161377, 454.994995117, 455.517456055, 456.039886475, 456.527526855, 457.038360596, 457.549194336, 458.060028076, 458.570861816, 459.081726074, 459.592559814, 460.103393555, 460.614227295, 461.113464355, 461.612701416, 462.123535156, 462.622772217, 463.145202637, 463.656036377, 464.166870117, 464.677734375, 465.188568115, 465.699401855, 466.210235596, 466.721069336, 467.231933594, 467.742767334, 468.253601074, 468.764434814, 469.263671875, 469.762908936, 470.273742676, 470.772949219, 471.295410156, 471.806243896, 472.317077637, 472.827941895, 473.338775635, 473.849609375, 474.360443115, 474.871276855, 475.370513916, 475.881347656, 476.380584717, 476.891418457, 477.402252197, 477.913085938, 478.423950195, 478.923156738, 479.445617676, 479.956451416, 480.467285156, 480.954925537, 481.465759277, 481.976593018, 482.487426758, 482.975036621, 483.485900879, 483.996734619, 484.507568359, 485.0184021, 485.52923584, 486.04006958, 486.539306641, 487.038543701, 487.549377441, 488.060211182, 488.571044922, 489.08190918, 489.59274292, 490.10357666, 490.6144104, 491.113647461, 491.636077881, 492.146942139, 492.657775879, 493.145385742, 493.656219482, 494.167053223, 494.666290283, 495.165527344, 495.676361084, 496.187194824, 496.698028564, 497.208892822, 497.719726563, 498.230560303, 498.741394043, 499.252227783, 499.763061523, 500.273925781, 500.784759521, 501.295593262, 501.806427002, 502.317260742, 502.828094482, 503.35055542, 503.873016357, 504.383850098, 504.894683838, 505.405517578, 505.916351318, 506.427215576, 506.938049316, 507.42565918, 507.93649292, 508.44732666, 508.946563721, 509.445800781, 509.956634521, 510.479095459, 510.978302002, 511.48916626, 512, 512.510803223, 513.02166748, 513.532531738, 514.054931641, 514.577392578, 515.088256836, 515.610717773, 516.109924316, 516.620788574, 517.131591797, 517.642456055, 518.153259277, 518.664123535, 519.163330078, 519.662597656, 520.173400879, 520.695861816, 521.218322754, 521.729125977, 522.239990234, 522.750854492, 523.261657715, 523.772521973, 524.283325195, 524.805786133, 525.316650391, 525.815856934, 526.326721191, 526.825927734, 527.325134277, 527.812805176, 528.335205078, 528.846069336, 529.368530273, 529.879333496, 530.390197754, 530.901062012, 531.411865234, 531.922729492, 532.433532715, 532.944396973, 533.455200195, 533.966064453, 534.476928711, 534.987731934, 535.498596191, 536.021057129, 536.543457031, 537.054321289, 537.565185547, 538.06439209, 538.586853027, 539.09765625, 539.608520508, 540.096130371, 540.606994629, 541.117797852, 541.628662109, 542.139465332, 542.65032959, 543.161193848, 543.660400391, 544.171264648, 544.693664551, 545.204528809, 545.715393066, 546.226196289, 546.737060547, 547.24786377, 547.758728027, 548.26953125, 548.780395508, 549.291259766, 549.802062988, 550.312927246, 550.823730469, 551.334594727, 551.845458984, 552.379516602, 552.890319824, 553.401184082, 553.911987305, 554.422851563, 554.93371582, 555.456115723, 555.96697998, 556.466186523, 556.965454102, 557.476257324, 557.987121582, 558.486328125, 558.997192383, 559.507995605, 560.018859863, 560.529724121, 561.040527344, 561.551391602, 562.062194824, 562.573059082, 563.083862305, 563.583129883, 564.082336426, 564.593200684, 565.104003906, 565.614868164, 566.114074707, 566.624938965, 567.147399902, 567.66986084, 568.192260742, 568.726318359, 569.237182617, 569.748046875, 570.258850098, 570.769714355, 571.280517578, 571.791381836, 572.290588379, 572.789855957, 573.30065918, 573.823120117, 574.333984375, 574.833190918, 575.344055176, 575.854858398, 576.354064941, 576.85333252, 577.364135742, 577.875, 578.385864258, 578.89666748, 579.407531738, 579.929992676, 580.452392578, 580.963256836, 581.474121094, 581.984924316, 582.495788574, 583.006591797, 583.517456055, 584.028259277, 584.539123535, 585.049987793, 585.560791016, 586.071655273, 586.570861816, 587.070129395, 587.580932617, 588.103393555, 588.614257813, 589.113464355, 589.624267578, 590.135131836, 590.634338379, 591.133605957, 591.6328125, 592.132080078, 592.631286621, 593.130493164, 593.641357422, 594.152160645, 594.663024902, 595.17388916, 595.684692383, 596.195556641, 596.706359863, 597.217224121, 597.728088379, 598.238891602, 598.749755859, 599.272216797, 599.78302002, 600.305480957, 600.827941895, 601.350402832, 601.861206055, 602.372070313, 602.882873535, 603.393737793, 603.904541016, 604.403808594, 604.914611816, 605.413879395, 605.936340332, 606.458740234, 606.969604492, 607.48046875, 607.991271973, 608.50213623, 609.012939453, 609.512207031, 610.011413574, 610.522277832, 611.044677734, 611.567138672, 612.101196289, 612.635253906, 613.180969238, 613.715026855, 614.179382324, 614.655395508, 615.119812012, 615.560974121, 616.013793945, 616.466552734, 616.814880371, 617.163146973, 617.511474609, 617.859741211, 618.208068848, 618.556335449, 618.916259766, 619.276184082, 619.636108398, 619.99597168, 620.355895996, 620.715820313, 621.075744629, 621.43560791, 621.795532227, 622.155456543, 622.515380859, 622.863647461, 623.223571777, 623.583496094, 623.94342041, 624.291687012, 624.640014648, 624.97668457, 625.324951172, 625.696472168, 626.067993164, 626.43951416, 626.811035156, 627.182556152, 627.554077148, 627.925598145, 628.297119141, 628.703491211, 629.109802246, 629.516174316, 629.922546387, 630.39855957, 630.874572754, 631.350524902, 631.838195801, 632.325805664, 632.813415527, 633.301025391, 633.788635254, 634.276245117, 634.763916016, 635.251525879, 635.727539063, 636.122253418, 636.516967773, 636.911743164, 637.30645752, 637.70123291, 638.095947266, 638.479064941, 638.862182617, 639.245361328, 639.616882324, 639.98840332, 640.359924316, 640.743041992, 641.126159668, 641.509277344, 641.89239502, 642.27557373, 642.658691406, 643.030212402, 643.413330078, 643.76159668, 644.109924316, 644.458190918, 644.806518555, 645.154846191, 645.503112793, 645.85144043, 646.199707031, 646.548034668, 646.977600098], "beats_loudness": {"dmean2": 0.0604210309684, "median": 0.0439766794443, "min": 0, "dvar2": 0.00224575353786, "dvar": 0.000771929102484, "dmean": 0.0333791561425, "max": 0.141650080681, "var": 0.000985142658465, "mean": 0.0524758808315}, "danceability": 1.29232704639, "bpm_histogram_second_peak_weight": {"dmean2": 0, "median": 0.0458430461586, "min": 0.0458430461586, "dvar2": 0, "dvar": 0, "dmean": 0, "max": 0.0458430461586, "var": 0, "mean": 0.0458430461586}, "beats_count": 1288, "bpm_histogram_second_peak_bpm": {"dmean2": 0, "median": 123, "min": 123, "dvar2": 0, "dvar": 0, "dmean": 0, "max": 123, "var": 0, "mean": 123}, "bpm_histogram_first_peak_spread": {"dmean2": 0, "median": 0.411121219397, "min": 0.411121219397, "dvar2": 0, "dvar": 0, "dmean": 0, "max": 0.411121219397, "var": 0, "mean": 0.411121219397}, "beats_loudness_band_ratio": {"dmean2": [0.605799555779, 0.27087071538, 0.175724551082, 0.088174559176, 0.0805406570435, 0.21072936058], "median": [0.438551008701, 0.136705368757, 0.100719600916, 0.0414180904627, 0.0375962480903, 0.117640152574], "min": [0, 0, 0, 0, 0, 0], "dvar2": [0.169531852007, 0.0399922020733, 0.0196641143411, 0.00760028604418, 0.00683340476826, 0.0390920750797], "dvar": [0.0519701950252, 0.013105943799, 0.00695846648887, 0.00297480705194, 0.00249453051947, 0.0121069578454], "dmean": [0.321712434292, 0.148776724935, 0.0994411706924, 0.0502943731844, 0.0442980378866, 0.115454152226], "max": [0.973396778107, 0.813031613827, 0.786423802376, 0.780509412289, 0.57663577795, 0.695378959179], "var": [0.0730051249266, 0.0182752814144, 0.0126650026068, 0.0100619345903, 0.00302086398005, 0.0170800406486], "mean": [0.464160382748, 0.161985456944, 0.129213243723, 0.0694494470954, 0.0524692237377, 0.15625166893]}}, "lowlevel": {"barkbands_spread": {"dmean2": 12.9086675644, "median": 27.1330223083, "min": 1.17468822002, "dvar2": 248.374145508, "dvar": 122.985122681, "dmean": 8.65119457245, "max": 138.104690552, "var": 511.238494873, "mean": 32.4354095459}, "melbands_spread": {"dmean2": 9.96314525604, "median": 17.9937133789, "min": 0.766489505768, "dvar2": 137.877807617, "dvar": 57.2860717773, "dmean": 6.20243930817, "max": 180.110137939, "var": 223.56703186, "mean": 21.3554611206}, "hfc": {"dmean2": 29.066236496, "median": 26.5796966553, "min": 1.08173922567e-16, "dvar2": 2884.10449219, "dvar": 1271.95605469, "dmean": 19.5950908661, "max": 424.882720947, "var": 3040.11865234, "mean": 48.1534919739}, "barkbands_kurtosis": {"dmean2": 4.30682134628, "median": 2.09127855301, "min": -1.92053687572, "dvar2": 58.7993621826, "dvar": 23.1713523865, "dmean": 2.68454170227, "max": 168.03553772, "var": 53.1171379089, "mean": 4.19223976135}, "gfcc": {"mean": [40.1584739685, 69.1813430786, -86.1907730103, 26.1800632477, -49.3635749817, 9.19956588745, -32.7928352356, 10.3884000778, -17.9628181458, 4.37791872025, -11.1688737869, -0.979766190052, -6.68303489685], "icov": [[0.000173604523297, 0.000196292749024, -3.17400008498e-05, -0.000230414327234, -4.09650965594e-05, 0.000147316619405, 0.00024625271908, -0.0002003419213, -1.24701500681e-05, 9.12171235541e-05, -0.000128788509755, -0.000185948680155, 0.000110834851512], [0.000196292749024, 0.00110684102401, 0.00035571178887, -0.000742123404052, -0.000506108568516, -0.000268495146884, 0.000954901857767, 0.000186987250345, -0.000135352951474, 0.000973066315055, -0.00140331825241, 0.000846156326588, -1.40805323099e-05], [-3.17400008498e-05, 0.00035571178887, 0.00122159149032, -0.000369058630895, -0.000944536470342, 0.00043033080874, -0.000142437958857, 0.000814088794868, -0.000563597248401, -0.000179262497113, -0.000161411458976, -0.00101646082476, 0.000607998284977], [-0.000230414327234, -0.000742123404052, -0.000369058630895, 0.0034350187052, 0.00105845741928, -0.00176541646942, 0.000146194070112, -0.000143506273162, -0.0001038242699, -0.000472039042506, -0.000458653026726, 0.000402621459216, -0.00054010207532], [-4.09650965594e-05, -0.000506108568516, -0.000944536470342, 0.00105845741928, 0.00519843352959, -0.00104397023097, -0.00153480900917, 0.00115972291678, -0.00259903282858, 0.000524141127244, 0.000466601195512, -0.000526121759322, 0.000546871742699], [0.000147316619405, -0.000268495146884, 0.00043033080874, -0.00176541646942, -0.00104397023097, 0.00951780378819, -0.00181890756357, -0.00223504332826, 0.00286905630492, -0.00236778240651, 0.000582570966799, -0.000871620199177, 0.00127219187561], [0.00024625271908, 0.000954901857767, -0.000142437958857, 0.000146194070112, -0.00153480900917, -0.00181890756357, 0.00912081263959, -0.00213599205017, -0.00142761447933, 0.00259906216525, -0.00158673757687, -8.3156839537e-05, 2.39694763877e-05], [-0.0002003419213, 0.000186987250345, 0.000814088794868, -0.000143506273162, 0.00115972291678, -0.00223504332826, -0.00213599205017, 0.0124100772664, -0.00549293123186, -0.000117672228953, 0.00128063815646, -0.00104240805376, -9.90074404399e-05], [-1.24701500681e-05, -0.000135352951474, -0.000563597248401, -0.0001038242699, -0.00259903282858, 0.00286905630492, -0.00142761447933, -0.00549293123186, 0.0168835073709, -0.00575949437916, -0.000488838355523, 0.00384159758687, -0.00413407525048], [9.12171235541e-05, 0.000973066315055, -0.000179262497113, -0.000472039042506, 0.000524141127244, -0.00236778240651, 0.00259906216525, -0.000117672228953, -0.00575949437916, 0.0189197715372, -0.00479421904311, -0.00115926295985, 0.00456510018557], [-0.000128788509755, -0.00140331825241, -0.000161411458976, -0.000458653026726, 0.000466601195512, 0.000582570966799, -0.00158673757687, 0.00128063815646, -0.000488838355523, -0.00479421904311, 0.01608460024, -0.00536077842116, 0.00108925264794], [-0.000185948680155, 0.000846156326588, -0.00101646082476, 0.000402621459216, -0.000526121759322, -0.000871620199177, -8.3156839537e-05, -0.00104240805376, 0.00384159758687, -0.00115926295985, -0.00536077842116, 0.0213726591319, -0.00834207702428], [0.000110834851512, -1.40805323099e-05, 0.000607998284977, -0.00054010207532, 0.000546871742699, 0.00127219187561, 2.39694763877e-05, -9.90074404399e-05, -0.00413407525048, 0.00456510018557, 0.00108925264794, -0.00834207702428, 0.0200408827513]], "cov": [[9106.28417969, -2131.48291016, 1115.69433594, 174.550308228, 15.1823234558, -176.898590088, -23.2071685791, 129.245925903, 90.0432434082, 98.1144332886, -3.74637150764, 205.876907349, 12.6038599014], [-2131.48291016, 2196.31738281, -792.729125977, 359.216308594, -78.849067688, 133.601089478, -169.215118408, -62.0047492981, -70.9273147583, -58.1069221497, 103.850639343, -121.053344727, -16.7996768951], [1115.69433594, -792.729125977, 1494.41271973, -76.9833908081, 291.338653564, -85.2197875977, 100.571136475, -46.8990974426, 89.8975753784, 54.2756614685, 14.4799547195, 102.297203064, -9.05617427826], [174.550308228, 359.216308594, -76.9833908081, 451.442718506, -82.0945129395, 85.2732772827, -45.1098861694, 11.0516557693, -15.922659874, 15.6299715042, 39.6856689453, -10.4020462036, -2.60721993446], [15.1823234558, -78.849067688, 291.338653564, -82.0945129395, 306.984558105, 0.383863717318, 71.0350189209, -8.73963356018, 56.706489563, 5.69540405273, 1.3539249897, 15.3645658493, -2.99771380424], [-176.898590088, 133.601089478, -85.2197875977, 85.2732772827, 0.383863717318, 148.524551392, 19.3117828369, 23.9872112274, -14.7405653, 11.5888986588, 8.83157348633, -4.07109928131, -11.2428436279], [-23.2071685791, -169.215118408, 100.571136475, -45.1098861694, 71.0350189209, 19.3117828369, 160.029846191, 34.3924179077, 31.0263328552, -4.04395723343, -1.24916160107, 12.9380941391, 5.3315987587], [129.245925903, -62.0047492981, -46.8990974426, 11.0516557693, -8.73963356018, 23.9872112274, 34.3924179077, 115.491348267, 37.4815406799, 9.83919906616, -6.48371839523, 2.62953615189, 7.14497613907], [90.0432434082, -70.9273147583, 89.8975753784, -15.922659874, 56.706489563, -14.7405653, 31.0263328552, 37.4815406799, 98.8417892456, 24.6851081848, 3.38293576241, -0.720369577408, 10.1147260666], [98.1144332886, -58.1069221497, 54.2756614685, 15.6299715042, 5.69540405273, 11.5888986588, -4.04395723343, 9.83919906616, 24.6851081848, 74.5216674805, 20.8726673126, 6.26184415817, -13.0575532913], [-3.74637150764, 103.850639343, 14.4799547195, 39.6856689453, 1.3539249897, 8.83157348633, -1.24916160107, -6.48371839523, 3.38293576241, 20.8726673126, 84.6171112061, 17.0457744598, -1.46463644505], [205.876907349, -121.053344727, 102.297203064, -10.4020462036, 15.3645658493, -4.07109928131, 12.9380941391, 2.62953615189, -0.720369577408, 6.26184415817, 17.0457744598, 72.5114974976, 22.9109077454], [12.6038599014, -16.7996768951, -9.05617427826, -2.60721993446, -2.99771380424, -11.2428436279, 5.3315987587, 7.14497613907, 10.1147260666, -13.0575532913, -1.46463644505, 22.9109077454, 65.5225906372]]}, "spectral_energyband_middle_low": {"dmean2": 0.00845582876354, "median": 0.0131244407967, "min": 1.6190376746e-22, "dvar2": 0.00010632041085, "dvar": 3.8285543269e-05, "dmean": 0.00500862440094, "max": 0.0858030989766, "var": 9.46646323428e-05, "mean": 0.0144829424098}, "melbands_crest": {"dmean2": 5.91916513443, "median": 13.1754741669, "min": 1.59980773926, "dvar2": 34.444190979, "dvar": 13.6162776947, "dmean": 3.64504265785, "max": 35.3392333984, "var": 25.7847385406, "mean": 14.0233650208}, "spectral_kurtosis": {"dmean2": 1.89316403866, "median": 3.290610075, "min": -1.2563624382, "dvar2": 6.90317201614, "dvar": 2.71673226357, "dmean": 1.20310354233, "max": 46.5877304077, "var": 9.31387138367, "mean": 4.10741949081}, "spectral_rms": {"dmean2": 0.00160921702627, "median": 0.00597053579986, "min": 3.12290276104e-12, "dvar2": 3.41045415553e-06, "dvar": 1.52556049215e-06, "dmean": 0.000987141625956, "max": 0.0138657866046, "var": 4.3576878852e-06, "mean": 0.00584581447765}, "zerocrossingrate": {"dmean2": 0.0226343125105, "median": 0.0712890625, "min": 0.00244140625, "dvar2": 0.000714097404853, "dvar": 0.000643961073365, "dmean": 0.020227862522, "max": 0.52294921875, "var": 0.00469727022573, "mean": 0.0916450470686}, "silence_rate_60dB": {"dmean2": 0.0147006092593, "median": 0, "min": 0, "dvar2": 0.0164900701493, "dvar": 0.00730110285804, "dmean": 0.00735004106537, "max": 1, "var": 0.0393935926259, "mean": 0.0410870499909}, "erbbands_kurtosis": {"dmean2": 1.02300095558, "median": -0.481125891209, "min": -1.7775503397, "dvar2": 2.72166466713, "dvar": 1.24400544167, "dmean": 0.659451067448, "max": 45.9860153198, "var": 4.06015014648, "mean": 0.0748733431101}, "erbbands": {"dmean2": [0.582540988922, 3.18017530441, 4.80909585953, 6.132791996, 11.3792934418, 21.9863853455, 14.9159984589, 19.2666149139, 20.3953838348, 29.4512195587, 20.8399486542, 25.2424030304, 21.7044239044, 15.5569000244, 14.0362291336, 15.6352033615, 18.2800559998, 13.6405153275, 14.3164339066, 19.3159351349, 25.1134338379, 20.9854068756, 12.0325889587, 14.8944244385, 15.5119419098, 15.6761989594, 10.8663749695, 9.77269554138, 8.93949317932, 6.58572864532, 4.83363056183, 5.03438234329, 3.9793856144, 3.24259066582, 2.85767602921, 1.36462402344, 0.581951200962, 0.29967135191, 0.0984736010432, 0.013368261978], "median": [0.180605471134, 2.08576154709, 2.9347448349, 2.88689732552, 7.66286754608, 10.6456289291, 10.0901927948, 12.6790084839, 16.1193828583, 18.6620845795, 14.6155128479, 14.2550106049, 12.414686203, 9.75535202026, 10.0542144775, 10.7454032898, 12.0405902863, 9.50421714783, 9.7892742157, 11.2948713303, 15.2085952759, 14.5418157578, 9.03264141083, 11.2195577621, 11.2445735931, 10.1241102219, 7.6528339386, 5.6724357605, 4.89320850372, 4.15820884705, 3.19229984283, 2.81573033333, 2.11097288132, 1.4478276968, 0.692437112331, 0.210544139147, 0.0542263090611, 0.0113009177148, 0.00139344320633, 0.000143848417792], "min": [9.02941046842e-23, 1.91853496505e-22, 1.44632540202e-21, 8.94555442798e-21, 1.10594677977e-20, 2.06400852942e-20, 1.10071799664e-19, 1.00456690998e-19, 1.49976556302e-19, 2.81978891483e-19, 2.92008223766e-19, 2.82653043682e-19, 3.71918213636e-19, 8.75340928972e-19, 1.29176029634e-18, 1.2128687726e-18, 1.39517017722e-18, 2.03134610094e-18, 2.9669742277e-18, 3.53170552794e-18, 3.6636722685e-18, 3.841686913e-18, 5.97023107861e-18, 6.42991726529e-18, 7.37301069708e-18, 8.3308866736e-18, 1.01738467327e-17, 9.93195265184e-18, 1.20864463005e-17, 1.18531300825e-17, 1.22847132215e-17