{"tonal": {"thpcp": [1, 0.852520823479, 0.736276566982, 0.743812739849, 0.826350152493, 0.965846538544, 0.977392435074, 0.878398954868, 0.840754747391, 0.844309389591, 0.810174286366, 0.805417358875, 0.829340517521, 0.781408071518, 0.720916152, 0.754646778107, 0.840256690979, 0.889874339104, 0.815608382225, 0.641872406006, 0.607853829861, 0.702705204487, 0.757795631886, 0.786608576775, 0.812906324863, 0.76622569561, 0.716086626053, 0.745428085327, 0.72370237112, 0.657212197781, 0.573101639748, 0.521026611328, 0.573045730591, 0.641041576862, 0.710628509521, 0.893832862377], "hpcp": {"dmean2": [0.314303308725, 0.2608320117, 0.23460714519, 0.262952387333, 0.289544820786, 0.316374748945, 0.260877817869, 0.274805217981, 0.299683004618, 0.264720827341, 0.237450435758, 0.227705493569, 0.209765553474, 0.208460405469, 0.237466305494, 0.259912282228, 0.282921940088, 0.302311301231, 0.287426888943, 0.280322432518, 0.268667161465, 0.288908392191, 0.302100926638, 0.341693520546, 0.362151831388, 0.363948017359, 0.338849127293, 0.329696446657, 0.317422300577, 0.316108644009, 0.344512909651, 0.318193048239, 0.291785001755, 0.282498449087, 0.296983242035, 0.30352807045], "median": [0.0481802821159, 0.0387233048677, 0.0459968820214, 0.0502536594868, 0.0540960654616, 0.0462253764272, 0.0436680912971, 0.0441742017865, 0.048822902143, 0.0489378198981, 0.0539048090577, 0.0468631274998, 0.0350276231766, 0.027901802212, 0.0283058360219, 0.0331953316927, 0.0425389930606, 0.0565319173038, 0.0574352107942, 0.0553004220128, 0.0382593274117, 0.0364706106484, 0.0410800166428, 0.0437569692731, 0.0461992919445, 0.0463198684156, 0.0488063320518, 0.0491062551737, 0.0481858253479, 0.0535204075277, 0.0498867183924, 0.0437071472406, 0.038403313607, 0.0403862968087, 0.0495457798243, 0.0582545399666], "min": [0, 0, 0, 0, 0, 0, 0, 0, 0, 0, 0, 0, 0, 0, 0, 0, 0, 0, 0, 0, 0, 0, 0, 0, 0, 0, 0, 0, 0, 0, 0, 0, 0, 0, 0, 0], "dvar2": [0.158859297633, 0.135923177004, 0.109905011952, 0.131084665656, 0.146901115775, 0.172738045454, 0.13158018887, 0.141617387533, 0.154756829143, 0.120427884161, 0.0954974666238, 0.104015231133, 0.0988996624947, 0.10403291136, 0.126551792026, 0.14312595129, 0.148981615901, 0.150135859847, 0.135311990976, 0.134927406907, 0.135576620698, 0.156398162246, 0.159833714366, 0.189680993557, 0.206808924675, 0.209968790412, 0.181438848376, 0.173439130187, 0.163855403662, 0.161729574203, 0.18346260488, 0.171637073159, 0.146719843149, 0.139269843698, 0.144964814186, 0.148479163647], "dvar": [0.0575344637036, 0.0483534000814, 0.0387185327709, 0.0470083244145, 0.0534438863397, 0.060232590884, 0.0469713769853, 0.0491240806878, 0.0538546107709, 0.0441345982254, 0.0360672324896, 0.0383586883545, 0.0362300500274, 0.0371284857392, 0.0449987053871, 0.0506226085126, 0.0536600127816, 0.0557656474411, 0.0508428774774, 0.0500006265938, 0.0500360131264, 0.0566257722676, 0.0569973662496, 0.0698937401175, 0.0723176747561, 0.0732309520245, 0.0643768236041, 0.0648221448064, 0.0594252049923, 0.0581023134291, 0.0659782662988, 0.0626122504473, 0.0534878857434, 0.0498823039234, 0.0530189275742, 0.0548588708043], "dmean": [0.175446301699, 0.144619837403, 0.130822047591, 0.145329341292, 0.159578680992, 0.174209922552, 0.143668279052, 0.150689050555, 0.164991483092, 0.147486850619, 0.134321495891, 0.129275247455, 0.117451474071, 0.115818709135, 0.131372079253, 0.143915235996, 0.157723918557, 0.170661404729, 0.164009600878, 0.158911749721, 0.150451675057, 0.160304635763, 0.169054195285, 0.189818575978, 0.201463326812, 0.199822366238, 0.18851646781, 0.183626785874, 0.176966995001, 0.174183323979, 0.187880530953, 0.1768296808, 0.161305516958, 0.156702041626, 0.16543905437, 0.170270010829], "max": [1, 1, 1, 1, 1, 1, 1, 1, 1, 1, 1, 1, 1, 1, 1, 1, 1, 1, 1, 1, 1, 1, 1, 1, 1, 1, 1, 1, 1, 1, 1, 1, 1, 1, 1, 1], "var": [0.0630203932524, 0.0437188781798, 0.0349959842861, 0.0446314029396, 0.0542352646589, 0.0608084760606, 0.0697624310851, 0.061589717865, 0.0483583025634, 0.0527337193489, 0.0471695512533, 0.0442664772272, 0.0397103726864, 0.034088216722, 0.0399000383914, 0.0465398728848, 0.0517406798899, 0.0681258887053, 0.0855899602175, 0.0596745312214, 0.0562604404986, 0.0580879561603, 0.0645606592298, 0.0886684134603, 0.0814496353269, 0.070461332798, 0.0637636333704, 0.0674231350422, 0.06071786955, 0.0578068643808, 0.0631945356727, 0.0605735145509, 0.0523496046662, 0.0564985610545, 0.0645904615521, 0.0702436417341], "mean": [0.165103822947, 0.12993440032, 0.123048014939, 0.142248794436, 0.153400763869, 0.159233376384, 0.164556846023, 0.155107274652, 0.144957602024, 0.150897204876, 0.14649926126, 0.1330396384, 0.116013117135, 0.105471551418, 0.116001792252, 0.129766210914, 0.143852710724, 0.180938825011, 0.202430263162, 0.172576010227, 0.149044662714, 0.150570213795, 0.167278274894, 0.195516571403, 0.197853803635, 0.177814528346, 0.170194208622, 0.170913770795, 0.164003789425, 0.163040846586, 0.167883619666, 0.158180639148, 0.145935252309, 0.152763351798, 0.170093387365, 0.180137500167]}, "tuning_equal_tempered_deviation": 0.206191256642, "chords_changes_rate": 0.130577430129, "key_key": "D#", "tuning_diatonic_strength": 0.308663934469, "key_scale": "minor", "chords_number_rate": 0.00656167976558, "tuning_frequency": 434.193115234, "tuning_nontempered_energy_ratio": 0.895073592663, "chords_histogram": [0.0656168013811, 0.688976407051, 1.8700786829, 3.64173221588, 7.61154842377, 14.3372707367, 5.34776926041, 4.39632558823, 0.984251976013, 1.64041996002, 1.24671912193, 1.80446195602, 2.85433077812, 5.97112846375, 5.47900247574, 7.05380582809, 18.6023616791, 1.47637796402, 0.426509171724, 1.08267712593, 1.60761153698, 3.67454075813, 1.50918638706, 6.62729644775], "key_strength": 0.356356054544, "chords_key": "B", "chords_strength": {"dmean2": 0.0209062341601, "median": 0.452112317085, "min": 0.222222998738, "dvar2": 0.000393346272176, "dvar": 0.000214851577766, "dmean": 0.0164045989513, "max": 0.797267794609, "var": 0.0115343891084, "mean": 0.46376979351}, "chords_scale": "minor", "hpcp_entropy": {"dmean2": 1.20313251019, "median": 2.96113681793, "min": 0, "dvar2": 0.95040088892, "dvar": 0.356938689947, "dmean": 0.707377493382, "max": 4.74111843109, "var": 1.05007195473, "mean": 2.76346135139}}, "metadata": {"audio_properties": {"equal_loudness": 0, "codec": "mp3", "downmix": "mix", "sample_rate": 44100, "analysis_sample_rate": 44100, "bit_rate": 192000, "md5_encoded": "317528197561e2c6557ea2b7e200a315", "length": 141.479187012, "replay_gain": -10.3358058929, "lossless": false}, "version": {"essentia_build_sha": "70f2e5ece6736b2c40cc944ad0e695b16b925413", "essentia": "2.1-beta2", "extractor": "music 1.0", "essentia_git_sha": "v2.1_beta2"}, "tags": {"title": ["These Guys"], "language": ["mul"], "albumartist": ["Various Artists"], "genre": ["Halloween/Various"], "musicbrainz_releasegroupid": ["002c854c-c185-302d-88d2-df35f7109492"], "musicbrainz album type": ["album/compilation"], "musicbrainz_recordingid": ["09daf71e-f8cb-40c3-929f-649c81b88518"], "musicbrainz_artistid": ["d8534ed8-759c-44cb-8fb5-df58459aa22f"], "musicbrainz_albumartistid": ["89ad4ac3-39f7-470e-963a-56509c546377"], "musicbrainz_albumid": ["d7815d1e-0bff-4fea-8565-e176466ada7f"], "artist": ["Shirley and Spinoza"], "tracknumber": ["10/31"], "artistsort": ["Shirley and Spinoza"], "album": ["Calling All Fiends"], "albumartistsort": ["Various Artists"], "discnumber": ["1/1"], "script": ["Latn"], "musicbrainz album status": ["official"], "file_name": "10 Shirley and Spinoza - These Guys.mp3"}}, "rhythm": {"bpm_histogram_first_peak_bpm": {"dmean2": 0, "median": 88, "min": 88, "dvar2": 0, "dvar": 0, "dmean": 0, "max": 88, "var": 0, "mean": 88}, "bpm": 88.1560897827, "bpm_histogram_second_peak_spread": {"dmean2": 0, "median": 0.636363625526, "min": 0.636363625526, "dvar2": 0, "dvar": 0, "dmean": 0, "max": 0.636363625526, "var": 0, "mean": 0.636363625526}, "bpm_histogram_first_peak_weight": {"dmean2": 0, "median": 0.733644843102, "min": 0.733644843102, "dvar2": 0, "dvar": 0, "dmean": 0, "max": 0.733644843102, "var": 0, "mean": 0.733644843102}, "onset_rate": 4.33243703842, "beats_position": [0.46439909935, 0.9287981987, 1.39319729805, 1.83437633514, 2.27555561066, 2.71673464775, 3.19274377823, 3.66875267029, 4.13315200806, 4.69043064117, 5.25931978226, 5.8282084465, 6.38548755646, 6.94276618958, 7.51165533066, 8.08054447174, 8.63782310486, 9.19510173798, 9.76399040222, 10.3328800201, 10.8901586533, 11.4009971619, 11.9698867798, 12.538775444, 13.0728340149, 13.6649427414, 14.2570514679, 14.8839902878, 15.4877090454, 16.0914287567, 16.7183666229, 17.3453063965, 17.9606342316, 18.575963974, 19.2029018402, 19.7834014893, 20.363899231, 20.94439888, 21.5248966217, 22.1170063019, 22.7091159821, 23.312833786, 24.009431839, 24.7060317993, 25.3910198212, 26.076007843, 26.7493877411, 27.4227657318, 28.1077537537, 28.7927436829, 29.4661216736, 30.1511096954, 30.8244895935, 31.5094776154, 32.1828575134, 32.8562355042, 33.5412254333, 34.2146034241, 34.8995895386, 35.5845794678, 36.269569397, 36.9545555115, 37.6395454407, 38.3129234314, 38.9979133606, 39.6829032898, 40.3562812805, 41.0296592712, 41.7146492004, 42.3996353149, 43.0730133057, 43.7347831726, 44.4081611633, 45.0931510925, 45.7897491455, 46.4747390747, 47.1597251892, 47.8447151184, 48.5180931091, 49.2030830383, 49.8880729675, 50.573059082, 51.2464370728, 51.9198188782, 52.5931968689, 53.2781867981, 53.9631729126, 54.6365509033, 55.3099327087, 55.9833106995, 56.6799087524, 57.3648986816, 58.0498847961, 58.7464828491, 59.4198646545, 60.0932426453, 60.766620636, 61.4516105652, 62.1365966797, 62.8099746704, 63.4833564758, 64.1683425903, 64.8417205811, 65.5150985718, 66.1884765625, 66.8734664917, 67.5700683594, 68.2550582886, 68.9400405884, 69.6250305176, 70.3100204468, 70.9833984375, 71.6567764282, 72.3417663574, 73.0267562866, 73.7001342773, 74.3735122681, 75.0468902588, 75.7202682495, 76.3936462402, 77.0670318604, 77.7636260986, 78.4602279663, 79.133605957, 79.8185958862, 80.503578186, 81.1885681152, 81.8735580444, 82.5469360352, 83.2319259644, 83.9169158936, 84.5902938843, 85.263671875, 85.9370498657, 86.6104278564, 87.2838058472, 87.9571838379, 88.6537857056, 89.3503875732, 90.0469818115, 90.7319717407, 91.4169616699, 92.0903396606, 92.7637176514, 93.4370956421, 94.1104736328, 94.795463562, 95.4804534912, 96.1538314819, 96.8272094727, 97.5005874634, 98.1739654541, 98.8473434448, 99.532333374, 100.217323303, 100.902313232, 101.587303162, 102.2838974, 102.968887329, 103.64226532, 104.327255249, 105.00063324, 105.685623169, 106.370613098, 107.043991089, 107.71736908, 108.39074707, 109.064125061, 109.737503052, 110.422492981, 111.10748291, 111.792472839, 112.477455139, 113.162445068, 113.847434998, 114.532424927, 115.205802917, 115.890792847, 116.575782776, 117.260765076, 117.934150696, 118.607528687, 119.280906677, 119.942672729, 120.61605072, 121.301040649, 121.997642517, 122.682624817, 123.367614746, 124.052604675, 124.737594604, 125.410972595, 126.095962524, 126.780952454, 127.454330444, 128.127700806, 128.801086426, 129.486068726, 130.171066284, 130.844436646, 131.517822266, 132.191192627, 132.887802124, 133.572784424, 134.257781982, 134.942764282, 135.627746582, 136.301132202, 136.974502563, 137.659500122, 138.344482422, 139.02947998, 139.702850342, 140.3878479, 141.0728302], "beats_loudness": {"dmean2": 0.0225584469736, "median": 0.024413684383, "min": 2.97494007206e-09, "dvar2": 0.000633617572021, "dvar": 0.00025354596437, "dmean": 0.0137175107375, "max": 0.163807943463, "var": 0.000508246186655, "mean": 0.0276868175715}, "danceability": 0.896124958992, "bpm_histogram_second_peak_weight": {"dmean2": 0, "median": 0.0373831763864, "min": 0.0373831763864, "dvar2": 0, "dvar": 0, "dmean": 0, "max": 0.0373831763864, "var": 0, "mean": 0.0373831763864}, "beats_count": 215, "bpm_histogram_second_peak_bpm": {"dmean2": 0, "median": 105, "min": 105, "dvar2": 0, "dvar": 0, "dmean": 0, "max": 105, "var": 0, "mean": 105}, "bpm_histogram_first_peak_spread": {"dmean2": 0, "median": 0.0924855470657, "min": 0.0924855470657, "dvar2": 0, "dvar": 0, "dmean": 0, "max": 0.0924855470657, "var": 0, "mean": 0.0924855470657}, "beats_loudness_band_ratio": {"dmean2": [0.284703850746, 0.174749538302, 0.17038667202, 0.121731467545, 0.0589518249035, 0.0460583604872], "median": [0.777996778488, 0.0803274437785, 0.0311494395137, 0.0217070244253, 0.0217754039913, 0.016395650804], "min": [0.000141023570905, 0.000180276692845, 0.000956029456574, 0.000309484050376, 3.8082293031e-05, 2.37887961703e-05], "dvar2": [0.045825432986, 0.0320634432137, 0.0774440765381, 0.0628628656268, 0.00560969579965, 0.00352479703724], "dvar": [0.0150384316221, 0.0150967827067, 0.0323618613183, 0.0226290076971, 0.00192417844664, 0.00114156119525], "dmean": [0.151343807578, 0.104075305164, 0.0984909236431, 0.0653961747885, 0.0319406725466, 0.0250632148236], "max": [0.958385825157, 0.996137917042, 0.984770655632, 0.991485238075, 0.328760445118, 0.191696405411], "var": [0.0864577442408, 0.0289841908962, 0.0519106648862, 0.0202907267958, 0.0016600851668, 0.000939740624744], "mean": [0.662088036537, 0.13778026402, 0.122191041708, 0.0597731433809, 0.0300830546767, 0.0266630724072]}}, "lowlevel": {"barkbands_spread": {"dmean2": 14.3622903824, "median": 18.5299339294, "min": 0.064345009625, "dvar2": 259.492767334, "dvar": 127.81628418, "dmean": 9.32680988312, "max": 123.408927917, "var": 630.842163086, "mean": 27.5989055634}, "melbands_spread": {"dmean2": 19.5280227661, "median": 13.9044647217, "min": 0.219345420599, "dvar2": 846.893493652, "dvar": 410.40637207, "dmean": 12.7530403137, "max": 236.525482178, "var": 1566.01086426, "mean": 31.0596103668}, "hfc": {"dmean2": 4.37320661545, "median": 5.14095878601, "min": 1.14612544254e-16, "dvar2": 59.4306716919, "dvar": 24.3352546692, "dmean": 2.8857665062, "max": 89.5524749756, "var": 124.82346344, "mean": 9.0967464447}, "barkbands_kurtosis": {"dmean2": 19.0832500458, "median": 2.85407090187, "min": -1.92627298832, "dvar2": 3235.79174805, "dvar": 1217.54272461, "dmean": 11.4011240005, "max": 994.535095215, "var": 2225.13745117, "mean": 15.547618866}, "gfcc": {"mean": [-85.9115524292, 75.4034423828, -92.9720458984, 26.2137508392, -46.0759849548, 3.95688796043, -27.9685401917, -2.62049388885, -22.5225830078, 3.41815280914, -19.7558765411, 0.294687569141, -8.97034931183], "icov": [[0.000102484824311, -3.13001328323e-05, 8.89254224603e-05, -4.57892565464e-05, -1.6284608364e-06, -2.82376913674e-06, 2.8193475373e-05, -7.58568858146e-05, 0.000152478096425, -0.000210555255762, 0.000266192189883, -2.2218830054e-05, 3.80344463338e-05], [-3.13001328323e-05, 0.000742025440559, -9.74295980996e-05, 3.0717041227e-05, -0.00013266580936, -2.32596230489e-05, -4.97258552059e-05, 0.000623808358796, -0.000801888469141, 0.0016243980499, -0.0012157286983, 0.00122351374011, 0.000453029613709], [8.89254224603e-05, -9.74295980996e-05, 0.0013941997895, -0.000689081382006, -4.55518420495e-05, -0.000200065929675, 0.00035824283259, -0.000482450064737, 0.00015245762188, -0.000400096760131, 0.00106062868144, 0.000118666604976, -0.00102606008295], [-4.57892565464e-05, 3.0717041227e-05, -0.000689081382006, 0.00201540347189, -0.0013410334941, 0.000337842502631, -0.000264698348474, 0.00010051522986, 0.000988952000625, -0.0008315006271, 0.000333300151397, -0.000626350345556, 0.0015897389967], [-1.6284608364e-06, -0.00013266580936, -4.55518420495e-05, -0.0013410334941, 0.0049168090336, -0.00186868861783, -0.000295256351819, 0.00116646999959, -0.00129708764143, -0.00025622989051, 0.000552729819901, 0.000688855187036, -0.00134751270525], [-2.82376913674e-06, -2.32596230489e-05, -0.000200065929675, 0.000337842502631, -0.00186868861783, 0.00468836491928, -2.26565825869e-05, -0.00182933825999, 0.00198317714967, -0.00178666342981, 0.00185332505498, -0.00122823670972, 0.000386879313737], [2.8193475373e-05, -4.97258552059e-05, 0.00035824283259, -0.000264698348474, -0.000295256351819, -2.26565825869e-05, 0.00414692563936, -0.000764825439546, -8.90307910595e-06, 0.000722691998817, 0.0011170237558, -0.000490972306579, 0.000480637681903], [-7.58568858146e-05, 0.000623808358796, -0.000482450064737, 0.00010051522986, 0.00116646999959, -0.00182933825999, -0.000764825439546, 0.00740316323936, -0.00261922040954, 0.000769417150877, -0.00177482166328, 0.00297517562285, -0.000583266257308], [0.000152478096425, -0.000801888469141, 0.00015245762188, 0.000988952000625, -0.00129708764143, 0.00198317714967, -8.90307910595e-06, -0.00261922040954, 0.00970849022269, -0.00527304923162, 0.00186722329818, -0.00314383604564, 0.00364646385424], [-0.000210555255762, 0.0016243980499, -0.000400096760131, -0.0008315006271, -0.00025622989051, -0.00178666342981, 0.000722691998817, 0.000769417150877, -0.00527304923162, 0.0129916910082, -0.00538468174636, 0.00158386363182, -0.00192176445853], [0.000266192189883, -0.0012157286983, 0.00106062868144, 0.000333300151397, 0.000552729819901, 0.00185332505498, 0.0011170237558, -0.00177482166328, 0.00186722329818, -0.00538468174636, 0.0128880757838, -0.00347357080318, -0.00135248037986], [-2.2218830054e-05, 0.00122351374011, 0.000118666604976, -0.000626350345556, 0.000688855187036, -0.00122823670972, -0.000490972306579, 0.00297517562285, -0.00314383604564, 0.00158386363182, -0.00347357080318, 0.00934077613056, -0.00187252648175], [3.80344463338e-05, 0.000453029613709, -0.00102606008295, 0.0015897389967, -0.00134751270525, 0.000386879313737, 0.000480637681903, -0.000583266257308, 0.00364646385424, -0.00192176445853, -0.00135248037986, -0.00187252648175, 0.0142018944025]], "cov": [[11211.5185547, -137.682571411, -300.436645508, 407.35446167, 171.778244019, 222.172653198, 42.7517967224, 45.5018501282, -142.893463135, 87.5092849731, -240.072006226, -85.684677124, -67.8996353149], [-137.682571411, 3224.88232422, -381.325622559, -360.035217285, -148.12387085, -382.533721924, 42.3525428772, -153.984619141, 45.8285751343, -423.652191162, 83.2990188599, -353.795349121, -208.951629639], [-300.436645508, -381.325622559, 1256.02722168, 578.54309082, 257.863342285, 240.524612427, -32.1515235901, 65.4775848389, -59.6104850769, 88.1935501099, -130.342315674, -6.39122915268, 74.6288757324], [407.35446167, -360.035217285, 578.54309082, 1024.00720215, 349.029449463, 197.058532715, 51.8782424927, -16.0550804138, -59.1837348938, 89.7539291382, -111.89389801, 37.6092300415, -15.4556274414], [171.778244019, -148.12387085, 257.863342285, 349.029449463, 384.404205322, 184.667938232, 30.8608989716, -10.9792833328, -4.55013418198, 55.3285675049, -67.1107406616, 8.56344795227, 17.1657962799], [222.172653198, -382.533721924, 240.524612427, 197.058532715, 184.667938232, 388.266174316, 18.196762085, 66.3018798828, -42.5433578491, 78.2769317627, -70.852432251, 31.113073349, 34.8490104675], [42.7517967224, 42.3525428772, -32.1515235901, 51.8782424927, 30.8608989716, 18.196762085, 271.598266602, 16.1481113434, -1.10372436047, -34.9767837524, -39.6314620972, -6.45282411575, -24.7662582397], [45.5018501282, -153.984619141, 65.4775848389, -16.0550804138, -10.9792833328, 66.3018798828, 16.1481113434, 191.081466675, 30.6764011383, 34.3081092834, -0.783089578152, -26.0910778046, 9.02253437042], [-142.893463135, 45.8285751343, -59.6104850769, -59.1837348938, -4.55013418198, -42.5433578491, -1.10372436047, 30.6764011383, 176.604034424, 53.2704849243, 26.0421257019, 29.7422447205, -28.471244812], [87.5092849731, -423.652191162, 88.1935501099, 89.7539291382, 55.3285675049, 78.2769317627, -34.9767837524, 34.3081092834, 53.2704849243, 184.921646118, 32.52110672, 60.2705307007, 37.7040252686], [-240.072006226, 83.2990188599, -130.342315674, -111.89389801, -67.1107406616, -70.852432251, -39.6314620972, -0.783089578152, 26.0421257019, 32.52110672, 141.092819214, 34.9397964478, 13.7231492996], [-85.684677124, -353.795349121, -6.39122915268, 37.6092300415, 8.56344795227, 31.113073349, -6.45282411575, -26.0910778046, 29.7422447205, 60.2705307007, 34.9397964478, 186.919265747, 34.4472541809], [-67.8996353149, -208.951629639, 74.6288757324, -15.4556274414, 17.1657962799, 34.8490104675, -24.7662582397, 9.02253437042, -28.471244812, 37.7040252686, 13.7231492996, 34.4472541809, 104.531417847]]}, "spectral_energyband_middle_low": {"dmean2": 0.00628365529701, "median": 0.00193218817003, "min": 2.5219307587e-22, "dvar2": 0.000167211517692, "dvar": 6.77276548231e-05, "dmean": 0.00392104499042, "max": 0.167426198721, "var": 0.000338821933838, "mean": 0.00920272432268}, "melbands_crest": {"dmean2": 6.53518009186, "median": 15.2287101746, "min": 1.13855028152, "dvar2": 29.3849105835, "dvar": 11.4181022644, "dmean": 4.04255628586, "max": 37.4954795837, "var": 35.7951316833, "mean": 15.6596250534}, "spectral_kurtosis": {"dmean2": 5.78206348419, "median": 3.9146194458, "min": -1.22436606884, "dvar2": 166.015762329, "dvar": 59.9234580994, "dmean": 3.49675559998, "max": 125.641067505, "var": 139.096755981, "mean": 7.45672035217}, "spectral_rms": {"dmean2": 0.00122198474128, "median": 0.00288289878517, "min": 3.20856795993e-12, "dvar2": 2.36472010329e-06, "dvar": 9.99960434456e-07, "dmean": 0.000801349757239, "max": 0.0155314682052, "var": 6.49513958706e-06, "mean": 0.00335739203729}, "zerocrossingrate": {"dmean2": 0.0230885222554, "median": 0.0556640625, "min": 0.00537109375, "dvar2": 0.000743010314181, "dvar": 0.000729187333491, "dmean": 0.0213938187808, "max": 0.52734375, "var": 0.00745869474486, "mean": 0.0914238169789}, "silence_rate_60dB": {"dmean2": 0.119500987232, "median": 0, "min": 0, "dvar2": 0.119994685054, "dvar": 0.056173093617, "dmean": 0.0597406849265, "max": 1, "var": 0.233199805021, "mean": 0.370364278555}, "erbbands_kurtosis": {"dmean2": 5.0149846077, "median": -0.0607373714447, "min": -1.90040659904, "dvar2": 204.533111572, "dvar": 73.6914978027, "dmean": 3.00958871841, "max": 170.306365967, "var": 150.731262207, "mean": 3.33770275116}, "erbbands": {"dmean2": [0.0833470895886, 0.992520391941, 4.70025920868, 8.02269363403, 8.38659858704, 7.98478031158, 6.73724508286, 6.9225897789, 17.5187759399, 16.780620575, 14.8746089935, 9.89448070526, 11.9413366318, 14.865439415, 15.299077034, 10.1323070526, 7.50544643402, 9.64390563965, 6.96252059937, 6.87234306335, 6.49205541611, 4.61070823669, 4.22119855881, 3.34984850883, 3.12342715263, 3.92513775826, 3.9032626152, 4.76101255417, 2.60199689865, 1.09643399715, 0.64999127388, 0.929910719395, 0.425417214632, 0.283973246813, 0.328921794891, 0.0551770627499, 0.0170801840723, 0.0159727130085, 0.00237951753661, 0.000185915021575], "median": [0.0032911687158, 0.0709153115749, 0.435857117176, 0.649859011173, 1.12289321423, 0.87477004528, 1.1371781826, 1.817882061, 1.19716441631, 0.885643959045, 1.00490021706, 0.942197442055, 1.03215420246, 1.18995118141, 1.43848204613, 1.21128380299, 1.30597925186, 1.52596175671, 1.45786070824, 1.23758494854, 1.14689445496, 1.19312059879, 1.07476055622, 1.043176651, 0.748382329941, 0.637532234192, 0.724726676941, 1.16290831566, 1.09224247932, 0.307299852371, 0.155625939369, 0.116093620658, 0.0560642033815, 0.0753304436803, 0.099322244525, 0.0377699844539, 0.00786338560283, 0.00275787012652, 0.00037132127909, 0.000125007441966], "min": [1.50555113503e-22, 3.24365265891e-21, 9.45889027611e-21, 2.45016988202e-20, 3.60773337825e-20, 8.31334610192e-20, 1.97368447781e-19, 1.58513396265e-19, 5.0990773379e-19, 2.50460595958e-19, 6.03440302675e-19, 6.54815766738e-19, 1.07200218903e-18, 1.33318715578e-18, 2.13176479333e-18, 3.448538928e-18, 2.15416835983e-18, 3.5135997851e-18, 4.01683951257e-18, 5.40156632777e-18, 5.14553655739e-18, 6.15279190775e-18, 7.33088817875e-18, 8.27239507813e-18, 9.45525177355e-18, 1.16336443244e-17, 1.42005553372e-17, 1.44132416707e-17, 1.8379779503e-17, 1.75540332216e-17, 1.37604439661e-17, 1.5409789168e-17, 9.61249549927e-18, 1.09441413074e-17, 8.67120035813e-18, 5.43349343146e-18, 2.77129700238e-18, 1.0183127906e-18, 2.6947538444e-19, 3.36948306673e-20], "dvar2": [0.0335903465748, 3.69923615456, 141.419952393, 498.360626221, 407.718200684, 718.61315918, 1323.53063965, 454.645751953, 12432.5742188, 8016.58349609, 4844.51904297, 3103.0925293, 4359.36962891, 7725.92236328, 11736.3798828, 2623.76269531, 567.645874023, 1521.23059082, 648.505737305, 336.700195312, 373.039764404, 124.916183472, 254.308929443, 86.800567627, 60.2135429382, 117.31578064, 179.222671509, 76.874458313, 26.8770217896, 5.38134717941, 4.94721317291, 27.8105754852, 4.51402854919, 0.62404602766, 0.265367954969, 0.0249656960368, 0.00955474935472, 0.0127254417166, 0.000258632411715, 8.80655704805e-07], "dvar": [0.0137117402628, 1.39931666851, 54.0158882141, 181.001953125, 183.855453491, 318.728302002, 509.558990479, 202.122619629, 4785.36425781, 3260.50048828, 2192.6640625, 1200.68884277, 1680.70849609, 3367.84692383, 4106.27783203, 1030.19262695, 218.765472412, 564.65612793, 235.50340271, 117.525512695, 142.559448242, 46.7955436707, 86.6334228516, 38.5815887451, 23.8262138367, 48.1640319824, 74.6532058716, 37.5168838501, 12.4961948395, 2.28636670113, 1.75800657272, 9.42048931122, 1.54789614677, 0.238482773304, 0.149180039763, 0.0094400094822, 0.00323306233622, 0.00427043298259, 8.72314485605e-05, 3.00641346485e-07], "dmean": [0.0507574044168, 0.586466789246, 2.84883141518, 4.6900844574, 5.14203310013, 4.95691919327, 4.1970038414, 4.30739736557, 10.9384050369, 10.5291881561, 9.97653865814, 6.34660720825, 7.51313924789, 9.17938613892, 9.27367115021, 6.33698511124, 4.5641002655, 5.92641973495, 4.21928119659, 4.10035037994, 3.97216391563, 2.75013113022, 2.53371500969, 2.11501026154, 1.93066000938, 2.45561361313, 2.42622542381, 3.11946845055, 1.6690684557, 0.700978636742, 0.387373507023, 0.505305230618, 0.237933665514, 0.172158434987, 0.208627939224, 0.0335216224194, 0.00963123422116, 0.00870995689183, 0.00128372700419, 0.000105960229121], "max": [1.71380269527, 21.1944465637, 161.079391479, 228.972869873, 404.564666748, 592.352172852, 1084.06213379, 829.687133789, 2632.40161133, 1721.31994629, 1480.10437012, 1759.3392334, 1534.55407715, 2443.83154297, 2444.67358398, 976.120544434, 387.133911133, 878.381286621, 918.472717285, 257.120697021, 320.636016846, 163.546707153, 416.545776367, 347.680847168, 119.413146973, 144.204711914, 271.006622314, 150.098526001, 73.582649231, 37.2451133728, 25.397315979, 60.0945472717, 32.1764144897, 12.4900312424, 6.05180072784, 2.060785532, 2.1900935173, 1.75870215893, 0.243208885193, 0.012035603635], "var": [0.015617126599, 1.7228230238, 102.094070435, 259.341796875, 637.487670898, 1724.70935059, 2032.13647461, 1019.16876221, 15007.1230469, 11589.5429688, 10278.7109375, 3950.81445312, 4340.93017578, 9897.32421875, 13891.15625, 3195.73217773, 588.453613281, 1334.77270508, 552.022277832, 222.110595703, 201.57409668, 54.3071708679, 134.062545776, 124.817619324, 37.9557571411, 87.3115539551, 114.610664368, 80.8286590576, 22.2912445068, 4.7086558342, 1.28609848022, 5.01922178268, 0.901244997978, 0.309483468533, 0.28409743309, 0.00881541706622, 0.00175515341107, 0.00220125797205, 4.58943286503e-05, 1.78819973939e-07], "mean": [0.0559918433428, 0.685507357121, 3.76194143295, 6.26199674606, 8.30737400055, 9.20180606842, 8.28065872192, 7.53431510925, 22.1127548218, 22.6320323944, 23.905790329, 13.2418746948, 14.6353807449, 18.5769309998, 19.198923111, 11.3360872269, 7.21848392487, 9.54509544373, 6.75593900681, 5.73313856125, 5.32094287872, 3.57909965515, 3.36172318459, 3.46680641174, 2.72179317474, 3.47245597839, 3.48546791077, 5.5018248558, 2.65035057068, 1.04193663597, 0.452467083931, 0.436216682196, 0.229435279965, 0.386295676231, 0.330199748278, 0.0568962320685, 0.0122239887714, 0.00838760379702, 0.00112778821494, 0.00016476912424]}, "spectral_strongpeak": {"dmean2": 1.01437699795, "median": 0.293345779181, "min": 0, "dvar2": 2.5651705265, "dvar": 1.02290225029, "dmean": 0.582199215889, "max": 11.2625961304, "var": 2.17300391197, "mean": 1.04323470592}, "spectral_energy": {"dmean2": 0.0125243263319, "median": 0.00851888209581, "min": 1.05522800664e-20, "dvar2": 0.00048484117724, "dvar": 0.000191410537809, "dmean": 0.00792826339602, "max": 0.24725715816, "var": 0.000656572519802, "mean": 0.0182112976909}, "average_loudness": 0.141060724854, "spectral_rolloff": {"dmean2": 1788.74914551, "median": 818.26171875, "min": 21.533203125, "dvar2": 9633138, "dvar": 4946301.5, "dmean": 1092.90979004, "max": 21597.8027344, "var": 14290709, "mean": 2580.328125}, "spectral_centroid": {"dmean2": 613.093017578, "median": 1133.79321289, "min": 141.443283081, "dvar2": 486602.96875, "dvar": 265506.28125, "dmean": 409.007659912, "max": 11302.2490234, "var": 1462406.125, "mean": 1573.21533203}, "pitch_salience": {"dmean2": 0.168275088072, "median": 0.552057027817, "min": 0.0300494227558, "dvar2": 0.0205412525684, "dvar": 0.00816358067095, "dmean": 0.102903306484, "max": 0.992189586163, "var": 0.0219270642847, "mean": 0.534691870213}, "spectral_energyband_middle_high": {"dmean2": 0.00129398808349, "median": 0.00043773255311, "min": 1.41346809577e-21, "dvar2": 2.14586452785e-05, "dvar": 8.49674688652e-06, "dmean": 0.000813899911009, "max": 0.102408960462, "var": 3.98725933337e-05, "mean": 0.00201941467822}, "spectral_contrast_coeffs": {"dmean2": [0.0952009409666, 0.0878363996744, 0.0578188188374, 0.0480707511306, 0.0359215922654, 0.0392822436988], "median": [-0.688027858734, -0.792617738247, -0.848145127296, -0.841817438602, -0.836769223213, -0.728948652744], "min": [-0.977209985256, -0.992362618446, -0.990873754025, -0.986242175102, -0.985741317272, -0.962286114693], "dvar2": [0.00568283395842, 0.00531345233321, 0.00271325442009, 0.00169411220122, 0.000996657414362, 0.00107368803583], "dvar": [0.00220087007619, 0.0019920184277, 0.000999243580736, 0.000647188979201, 0.000389404012822, 0.000498598266859], "dmean": [0.0570774227381, 0.0532282777131, 0.034864500165, 0.0287469718605, 0.0217776205391, 0.0264461729676], "max": [-0.205979168415, -0.287041962147, -0.391728967428, -0.471444427967, -0.625693738461, -0.493970185518], "var": [0.0145118236542, 0.0115846693516, 0.00648663612083, 0.00270045106299, 0.00150462635793, 0.00350426044315], "mean": [-0.660345196724, -0.763581156731, -0.825544953346, -0.829738855362, -0.828324615955, -0.730783462524]}, "melbands_skewness": {"dmean2": 2.1112074852, "median": 3.04547405243, "min": -2.76678586006, "dvar2": 5.41428899765, "dvar": 2.18667602539, "dmean": 1.34030795097, "max": 19.6894302368, "var": 9.02340888977, "mean": 3.70439887047}, "spectral_spread": {"dmean2": 1245613.75, "median": 4525931, "min": 576040.8125, "dvar2": 2645926084610.0, "dvar": 1326191083520.0, "dmean": 807797.75, "max": 41167404, "var": 3898491535360.0, "mean": 4636330.5}, "dissonance": {"dmean2": 0.0350230298936, "median": 0.480897128582, "min": 0.143919810653, "dvar2": 0.00259394315071, "dvar": 0.000956166244578, "dmean": 0.0208786334842, "max": 0.500000059605, "var": 0.00420561386272, "mean": 0.457267940044}, "spectral_skewness": {"dmean2": 0.584045350552, "median": 1.46830964088, "min": -0.0359029732645, "dvar2": 0.755250453949, "dvar": 0.285935103893, "dmean": 0.377193748951, "max": 9.26768398285, "var": 1.16631877422, "mean": 1.77051889896}, "spectral_flux": {"dmean2": 0.0363950207829, "median": 0.0491566359997, "min": 6.63315513627e-11, "dvar2": 0.0018370624166, "dvar": 0.000723868550267, "dmean": 0.0223764088005, "max": 0.278497755527, "var": 0.00211007660255, "mean": 0.0611763074994}, "spectral_contrast_valleys": {"dmean2": [0.847041666508, 0.74764329195, 0.667681097984, 0.640626311302, 0.575205862522, 0.686685204506], "median": [-8.07946872711, -7.4525718689, -7.97721624374, -8.33286380768, -8.28860092163, -11.3238983154], "min": [-27.5491485596, -27.622467041, -27.3086299896, -27.6142063141, -27.3980617523, -27.2869815826], "dvar2": [0.512070417404, 0.463168382645, 0.444752752781, 0.48443415761, 0.44545674324, 0.633131563663], "dvar": [0.241564184427, 0.217120960355, 0.209485515952, 0.23568752408, 0.223020330071, 0.286088347435], "dmean": [0.52645367384, 0.478032886982, 0.42659163475, 0.426632344723, 0.410912483931, 0.4655585289], "max": [-5.44558954239, -4.93467950821, -5.44168043137, -5.85109186172, -6.01956701279, -8.34037590027], "var": [2.14683222771, 1.4706183672, 1.42756736279, 1.48230731487, 1.46281611919, 1.44550347328], "mean": [-8.09772968292, -7.54957437515, -8.06947040558, -8.40548038483, -8.39072799683, -11.3913888931]}, "erbbands_flatness_db": {"dmean2": 0.0387850813568, "median": 0.127946674824, "min": 0.0245951190591, "dvar2": 0.0027176302392, "dvar": 0.00110472366214, "dmean": 0.0251963753253, "max": 0.521728157997, "var": 0.00724593177438, "mean": 0.158212140203}, "spectral_energyband_high": {"dmean2": 0.00025861771428, "median": 0.000232553415117, "min": 7.56757411725e-21, "dvar2": 4.21420139674e-07, "dvar": 1.72724298864e-07, "dmean": 0.000161154472153, "max": 0.00793708302081, "var": 2.64681744966e-07, "mean": 0.000320332386764}, "spectral_entropy": {"dmean2": 0.42815259099, "median": 7.63223457336, "min": 3.35983157158, "dvar2": 0.322186559439, "dvar": 0.132365584373, "dmean": 0.277854472399, "max": 9.81252574921, "var": 0.639764428139, "mean": 7.37769031525}, "silence_rate_20dB": {"dmean2": 0, "median": 1, "min": 1, "dvar2": 0, "dvar": 0, "dmean": 0, "max": 1, "var": 0, "mean": 1}, "melbands_flatness_db": {"dmean2": 0.0693058073521, "median": 0.227359861135, "min": 9.47139851633e-05, "dvar2": 0.00476834829897, "dvar": 0.00205856561661, "dmean": 0.0450154915452, "max": 0.650106608868, "var": 0.0127469301224, "mean": 0.236431449652}, "barkbands": {"dmean2": [0.000125790669699, 0.00370872486383, 0.00517024612054, 0.00254019070417, 0.00244923913851, 0.000893345393706, 0.00133600912523, 0.000746859353967, 0.000528362463228, 0.000476661516586, 0.00040848122444, 0.000341716513503, 0.000174989239895, 0.000186455596122, 0.000132632339955, 0.000126652274048, 8.54398531374e-05, 7.7674005297e-05, 6.22991938144e-05, 8.05954186944e-05, 0.000117155796033, 6.27084591542e-05, 2.27174168685e-05, 3.52735005436e-05, 3.84280392609e-05, 1.06510869955e-05, 1.77898236871e-05], "median": [2.46309537033e-05, 0.000230056946748, 0.000331101357006, 0.000208039127756, 0.00028189754812, 0.000199926667847, 6.86477287672e-05, 3.84041195503e-05, 3.9850230678e-05, 3.27417983499e-05, 3.24070570059e-05, 2.77786093648e-05, 2.49012300628e-05, 2.97120568575e-05, 2.42672067543e-05, 2.03339332074e-05, 1.98120724235e-05, 1.95086504391e-05, 1.66068311955e-05, 1.31408269226e-05, 2.94416659017e-05, 1.17178042274e-05, 5.08281709699e-06, 4.79105619888e-06, 2.61007480731e-05, 4.77774801766e-06, 4.39973928223e-06], "min": [8.88495615272e-25, 1.03714540881e-23, 4.8506007877e-24, 8.18626835986e-24, 2.14916097504e-23, 1.47015857498e-23, 1.28054899332e-23, 1.8229632042e-23, 3.39432490248e-23, 4.50069254018e-23, 3.65671960331e-23, 7.4674311662e-23, 4.87782043324e-23, 7.28447034091e-23, 7.25495053475e-23, 1.08648790112e-22, 9.89641782818e-23, 1.37668067186e-22, 1.64084153759e-22, 2.60948371689e-22, 3.55406197827e-22, 5.33040053685e-22, 4.90880045249e-22, 6.51357577436e-22, 1.11586472782e-21, 1.51271936893e-21, 2.00717859601e-21], "dvar2": [7.30703320073e-08, 5.58793799428e-05, 0.000219385750825, 3.74977244064e-05, 4.68992147944e-05, 1.54809076776e-05, 5.58253304916e-05, 1.5714973415e-05, 9.44249040913e-06, 1.13200676424e-05, 8.22121637611e-06, 5.83756354899e-06, 3.76160926407e-07, 5.40583357633e-07, 1.35058115802e-07, 1.29943671823e-07, 4.78856847508e-08, 7.97361536797e-08, 2.41202577911e-08, 4.79364175021e-08, 7.42158263733e-08, 1.70842451297e-08, 5.32192467873e-09, 3.72086468303e-08, 4.20479739915e-09, 3.82973786017e-09, 1.1921104992e-08], "dvar": [3.03683620473e-08, 2.17864999286e-05, 8.45264075906e-05, 1.32651384774e-05, 2.23785136768e-05, 6.59857232677e-06, 2.21163754759e-05, 6.90476645104e-06, 3.87230966226e-06, 4.64918684884e-06, 2.85954001811e-06, 2.17705223804e-06, 1.38379846248e-07, 1.98600531576e-07, 5.11321260888e-08, 4.96656618054e-08, 1.76073093883e-08, 2.8178774869e-08, 1.01764729976e-08, 1.97832310533e-08, 3.30238840718e-08, 7.98614596675e-09, 1.91887683521e-09, 1.26263586253e-08, 2.04798356052e-09, 1.29975818997e-09, 4.02245348141e-09], "dmean": [7.74143336457e-05, 0.00222046975978, 0.00313536287285, 0.00146479695104, 0.00151940633077, 0.00055824208539, 0.000830040662549, 0.000475432811072, 0.00034052671981, 0.000284301408101, 0.000244081995334, 0.00021428106993, 0.00010443906649, 0.000115071270557, 7.96513195382e-05, 7.77741443017e-05, 5.0278064009e-05, 4.67981844849e-05, 3.86691644962e-05, 5.06040451e-05, 7.52781634219e-05, 4.02656332881e-05, 1.37542983794e-05, 1.93016639969e-05, 2.42705536948e-05, 6.01944384471e-06, 9.77883064479e-06], "max": [0.00472052069381, 0.0839587599039, 0.202974915504, 0.0638029649854, 0.162618294358, 0.165357246995, 0.152326449752, 0.114548750222, 0.0992287173867, 0.102040484548, 0.0708110705018, 0.0674927309155, 0.0114632323384, 0.0174983721226, 0.0064181452617, 0.00524314166978, 0.00285835959949, 0.00694171153009, 0.00255897897296, 0.00261440244503, 0.00471472460777, 0.0020117899403, 0.000832693767734, 0.00203634472564, 0.000960993114859, 0.00136902777012, 0.00123906030785], "var": [3.50799886917e-08, 2.62971680058e-05, 0.000158843453391, 1.55559046107e-05, 0.000113823989523, 3.68724213331e-05, 6.69588407618e-05, 3.56798045686e-05, 1.33540179377e-05, 1.17262989079e-05, 7.91305865278e-06, 5.60061562282e-06, 2.77311841046e-07, 4.84704798964e-07, 1.08048176628e-07, 7.79387576699e-08, 1.85800406172e-08, 4.87368509994e-08, 1.80053429943e-08, 3.60818255274e-08, 5.9318256973e-08, 1.43988874157e-08, 1.62289059968e-09, 6.82952849829e-09, 3.9098115856e-09, 7.16446013627e-10, 2.13349871103e-09], "mean": [8.2745886175e-05, 0.0025596593041, 0.00406472478062, 0.00178856390994, 0.00275048427284, 0.00104473298416, 0.00166715460364, 0.00107293704059, 0.000718883587979, 0.000535997096449, 0.000457169342553, 0.000380333571229, 0.000145225552842, 0.00018021982396, 0.000109012580651, 0.000103031561594, 6.2560706283e-05, 6.35706746834e-05, 5.68038703932e-05, 7.19181844033e-05, 0.000126427868963, 5.76162892685e-05, 1.6269090338e-05, 1.728395182e-05, 4.47796810477e-05, 7.53195763536e-06, 1.00796596598e-05]}, "erbbands_skewness": {"dmean2": 0.967471241951, "median": 0.0515641383827, "min": -4.32441520691, "dvar2": 1.22421193123, "dvar": 0.499005198479, "dmean": 0.623592913151, "max": 11.5997495651, "var": 2.51256990433, "mean": 0.24236933887}, "erbbands_spread": {"dmean2": 20.9829711914, "median": 44.8765563965, "min": 0.506882071495, "dvar2": 499.413421631, "dvar": 213.712005615, "dmean": 13.2726812363, "max": 180.879058838, "var": 808.871582031, "mean": 46.7097816467}, "melbands_kurtosis": {"dmean2": 37.2516822815, "median": 12.6225471497, "min": -1.89718127251, "dvar2": 3960.65893555, "dvar": 1544.40393066, "dmean": 22.6572570801, "max": 590.604125977, "var": 3097.43945312, "mean": 35.1403656006}, "melbands": {"dmean2": [0.00088629318634, 0.00202808924951, 0.00131195143331, 0.000604550121352, 0.000242589958361, 0.000168271362782, 0.000260074622929, 0.000174300454091, 0.000127086692373, 5.93833683524e-05, 6.25551401754e-05, 6.36935583316e-05, 5.32471458428e-05, 3.4857828723e-05, 2.63930705842e-05, 1.67383932421e-05, 1.93971409317e-05, 1.22025603559e-05, 1.08050880954e-05, 9.22774324863e-06, 7.53609083404e-06, 5.20708636031e-06, 3.83054702979e-06, 4.06404933528e-06, 2.81775214717e-06, 2.42460009758e-06, 2.6408681606e-06, 2.75587899523e-06, 2.63383526544e-06, 2.10281291402e-06, 3.56796226697e-06, 1.31790704927e-06, 1.40731060583e-06, 4.18079054043e-07, 3.35087349868e-07, 5.58023714348e-07, 5.68028326597e-07, 3.22226725302e-07, 2.1729435673e-07, 2.62035342757e-07], "median": [4.73234977107e-05, 0.000189120066352, 0.000146833815961, 8.10477067716e-05, 4.00119679398e-05, 3.99817436119e-05, 1.71962419699e-05, 8.82871427166e-06, 7.99055487732e-06, 5.42656471225e-06, 4.7793196245e-06, 4.66193523607e-06, 4.77723824588e-06, 3.26409735862e-06, 2.62463981926e-06, 2.50706602856e-06, 2.63416768576e-06, 2.27723103308e-06, 1.80489257673e-06, 1