{"tonal": {"thpcp": [1, 0.662519872189, 0.310472071171, 0.221383050084, 0.269172310829, 0.425693184137, 0.515555977821, 0.42500513792, 0.283305346966, 0.233152791858, 0.297791212797, 0.495578706264, 0.628718554974, 0.547652006149, 0.529819190502, 0.480175733566, 0.313967853785, 0.258707553148, 0.27581936121, 0.386277139187, 0.634257793427, 0.649600803852, 0.392694473267, 0.254310250282, 0.23499776423, 0.267050147057, 0.527427256107, 0.721100926399, 0.525124073029, 0.357586354017, 0.327691674232, 0.283705055714, 0.298532754183, 0.337648779154, 0.386101722717, 0.744299829006], "hpcp": {"dmean2": [0.30051445961, 0.279775202274, 0.203726857901, 0.157731384039, 0.181436941028, 0.215769246221, 0.223860859871, 0.213175758719, 0.17543554306, 0.168410331011, 0.189719751477, 0.241631358862, 0.253870069981, 0.247211694717, 0.211992353201, 0.188405901194, 0.175705075264, 0.175109639764, 0.177684307098, 0.201366990805, 0.233278825879, 0.255402028561, 0.208276510239, 0.172761380672, 0.173014834523, 0.179331600666, 0.242039039731, 0.290516674519, 0.248107507825, 0.230895265937, 0.214627578855, 0.186253994703, 0.177820697427, 0.195503249764, 0.227679014206, 0.296389192343], "median": [0.0494608804584, 0.038221642375, 0.0138304978609, 0.00886175967753, 0.00979525595903, 0.0167287550867, 0.0226977989078, 0.018082678318, 0.0118271317333, 0.00776639766991, 0.00991499517113, 0.0175105147064, 0.0261480566114, 0.0314276181161, 0.0200314410031, 0.014428765513, 0.0130329597741, 0.0101177617908, 0.0109951905906, 0.0140896243975, 0.0192730072886, 0.026231855154, 0.0175337716937, 0.00836693309247, 0.00646780896932, 0.0102048953995, 0.0182171203196, 0.0223791599274, 0.0185846798122, 0.0103848911822, 0.00699061248451, 0.00676409434527, 0.010783713311, 0.0143131613731, 0.0196709409356, 0.036247253418], "min": [0, 0, 0, 0, 0, 0, 0, 0, 0, 0, 0, 0, 0, 0, 0, 0, 0, 0, 0, 0, 0, 0, 0, 0, 0, 0, 0, 0, 0, 0, 0, 0, 0, 0, 0, 0], "dvar2": [0.155977442861, 0.140413060784, 0.11808411777, 0.0888283774257, 0.109145596623, 0.124716430902, 0.117051713169, 0.120528303087, 0.0934728085995, 0.102088518441, 0.110669434071, 0.130822971463, 0.129056081176, 0.123387791216, 0.10530513525, 0.105262666941, 0.0945583507419, 0.0991329178214, 0.100699618459, 0.110457062721, 0.121383674443, 0.129303053021, 0.112254291773, 0.0954548344016, 0.115851119161, 0.0954148173332, 0.123597182333, 0.152340844274, 0.123330079019, 0.135005906224, 0.132122978568, 0.113405823708, 0.0953356772661, 0.107015870512, 0.120936609805, 0.152220860124], "dvar": [0.0674646571279, 0.0528998151422, 0.0427933335304, 0.0316615663469, 0.0390293300152, 0.0499217510223, 0.0498783364892, 0.0469661727548, 0.0346724800766, 0.0366891138256, 0.0407359600067, 0.0514981001616, 0.0559113100171, 0.0498342588544, 0.0416714213789, 0.0399088636041, 0.0340203642845, 0.0359446890652, 0.0364067107439, 0.0416424907744, 0.0544167980552, 0.053796812892, 0.0417639054358, 0.0339088849723, 0.0409098006785, 0.0340627506375, 0.0504223667085, 0.0754969492555, 0.0518652647734, 0.050174176693, 0.0485055185854, 0.0409303046763, 0.0353188626468, 0.0397208295763, 0.0437317416072, 0.0583454668522], "dmean": [0.171893149614, 0.158075973392, 0.110476709902, 0.0847097039223, 0.0988183096051, 0.122321009636, 0.130714789033, 0.121567994356, 0.09694134444, 0.0903266146779, 0.104035422206, 0.134635791183, 0.146941646934, 0.142452552915, 0.12120988965, 0.106395237148, 0.0976079329848, 0.0949308723211, 0.0973290279508, 0.113636039197, 0.13718162477, 0.149835675955, 0.117706157267, 0.0937313735485, 0.0931693166494, 0.0980496555567, 0.142434671521, 0.168395385146, 0.145015567541, 0.126506581903, 0.116024084389, 0.100906074047, 0.0982454121113, 0.107885815203, 0.125935152173, 0.166971176863], "max": [1, 1, 1, 1, 1, 1, 1, 1, 1, 1, 1, 1, 1, 1, 1, 1, 1, 1, 1, 1, 1, 1, 1, 1, 1, 1, 1, 1, 1, 1, 1, 1, 1, 1, 1, 1], "var": [0.136618882418, 0.0672259032726, 0.0323931723833, 0.0208556484431, 0.0278966519982, 0.053121984005, 0.0630174130201, 0.0488759279251, 0.0275822933763, 0.0245444625616, 0.0320247672498, 0.0611015036702, 0.0802128389478, 0.0593328028917, 0.067446000874, 0.0648877695203, 0.0299779213965, 0.0263460278511, 0.0285568553954, 0.042176861316, 0.0884387940168, 0.0799709782004, 0.040405947715, 0.024944158271, 0.0275911148638, 0.0254890900105, 0.0601981803775, 0.104668423533, 0.0599029250443, 0.040523018688, 0.0409036651254, 0.0333625599742, 0.0296609513462, 0.0347243212163, 0.0367019735277, 0.083243817091], "mean": [0.264674723148, 0.17535226047, 0.0821741074324, 0.0585944987833, 0.0712431073189, 0.112670227885, 0.136454641819, 0.112488113344, 0.0749837681651, 0.0617096498609, 0.078817807138, 0.131167158484, 0.166405916214, 0.144949644804, 0.140229746699, 0.127090379596, 0.0830993577838, 0.0684733465314, 0.0730024129152, 0.102237798274, 0.167872011662, 0.171932905912, 0.103936299682, 0.0673094913363, 0.0621979683638, 0.0706814229488, 0.139596670866, 0.190857186913, 0.138987064362, 0.0946440696716, 0.0867317020893, 0.075089558959, 0.0790140703321, 0.0893670991063, 0.102191366255, 0.196997344494]}, "tuning_equal_tempered_deviation": 0.110954016447, "chords_changes_rate": 0.103465847671, "key_key": "D", "tuning_diatonic_strength": 0.674022436142, "key_scale": "major", "chords_number_rate": 0.0040774717927, "tuning_frequency": 434.193115234, "tuning_nontempered_energy_ratio": 0.818361878395, "chords_histogram": [17.915391922, 36.850151062, 13.3027524948, 1.75840973854, 2.34454631805, 3.16004085541, 2.44648313522, 1.40163099766, 0.331294596195, 1.32517838478, 1.93679916859, 0.0764525979757, 1.65647304058, 0.535168170929, 0, 1.32517838478, 0, 1.78389394283, 0, 0.178389400244, 0, 2.14067268372, 3.79714584351, 5.73394489288], "key_strength": 0.803257524967, "chords_key": "F#", "chords_strength": {"dmean2": 0.0184191260487, "median": 0.499455928802, "min": -1, "dvar2": 0.00167221110314, "dvar": 0.00098818319384, "dmean": 0.0158697292209, "max": 0.790376663208, "var": 0.0234851446003, "mean": 0.496287763119}, "chords_scale": "minor", "hpcp_entropy": {"dmean2": 1.23825526237, "median": 2.20019674301, "min": 0, "dvar2": 1.00876879692, "dvar": 0.375997215509, "dmean": 0.745823860168, "max": 4.52462291718, "var": 0.858525037766, "mean": 2.17614865303}}, "metadata": {"audio_properties": {"equal_loudness": 0, "codec": "mp3", "downmix": "mix", "sample_rate": 44100, "analysis_sample_rate": 44100, "bit_rate": 192000, "md5_encoded": "923c7e9aff5270d6863859c35b28f7a4", "length": 182.177963257, "replay_gain": -11.5906848907, "lossless": false}, "version": {"essentia_build_sha": "70f2e5ece6736b2c40cc944ad0e695b16b925413", "essentia": "2.1-beta2", "extractor": "music 1.0", "essentia_git_sha": "v2.1_beta2"}, "tags": {"title": ["What About You"], "barcode": ["766126101297"], "media": ["CD"], "albumartist": ["Various Artists"], "musicbrainz_recordingid": ["09e16b00-3378-478b-866e-27dd518217ae"], "encoding": ["Audiograbber 1.82.02, Fraunhofer acm, 192 kBit/s, 44,100 Hz, Stereo, HQ = off"], "musicbrainz_albumartistid": ["89ad4ac3-39f7-470e-963a-56509c546377"], "originalyear": ["1999"], "discnumber": ["3/3"], "album": ["Trojan Singles Box Set"], "catalognumber": ["TRBCD 012"], "musicbrainz album release country": ["GB"], "musicbrainz album type": ["album/compilation"], "musicbrainz album status": ["official"], "originaldate": ["1999"], "date": ["1999"], "file_name": "01. Pat Rhoden - What About You.mp3", "musicbrainz_releasegroupid": ["e2f5770c-9182-3c2f-9a52-dd777f98f240"], "musicbrainz_artistid": ["79a8acf0-f78e-47fc-91b3-b24fd59ffb0f"], "asin": ["B0000011DL"], "musicbrainz_albumid": ["0b0c68c0-5cef-4f73-8d83-27e1c2c3127f"], "artist": ["Pat Rhoden"], "artistsort": ["Rhoden, Pat"], "tracknumber": ["1/17"], "label": ["Trojan Records"], "albumartistsort": ["Various Artists"], "acoustid_id": ["d3926670-29fd-4bae-8d5b-9b84b81f24c1"], "script": ["Latn"]}}, "rhythm": {"bpm_histogram_first_peak_bpm": {"dmean2": 0, "median": 148, "min": 148, "dvar2": 0, "dvar": 0, "dmean": 0, "max": 148, "var": 0, "mean": 148}, "bpm": 148.563110352, "bpm_histogram_second_peak_spread": {"dmean2": 0, "median": 0, "min": 0, "dvar2": 0, "dvar": 0, "dmean": 0, "max": 0, "var": 0, "mean": 0}, "bpm_histogram_first_peak_weight": {"dmean2": 0, "median": 0.526785731316, "min": 0.526785731316, "dvar2": 0, "dvar": 0, "dmean": 0, "max": 0.526785731316, "var": 0, "mean": 0.526785731316}, "onset_rate": 4.63239002228, "beats_position": [0.394739210606, 0.789478421211, 1.19582760334, 1.62539684772, 2.04335594177, 2.46131515503, 2.87927436829, 3.30884337425, 3.76163268089, 4.20281171799, 4.62077093124, 5.0387301445, 5.44507932663, 5.85142850876, 6.24616765976, 6.62929677963, 7.01242637634, 7.40716552734, 7.80190467834, 8.2198638916, 8.6146030426, 9.0093421936, 9.4040813446, 9.81043052673, 10.2167797089, 10.6115188599, 11.0062580109, 11.4242172241, 11.8189563751, 12.2253055573, 12.6316547394, 13.0380039215, 13.4443531036, 13.8390922546, 14.2338323593, 14.6517915726, 15.0581407547, 15.4644899368, 15.8592290878, 16.2539672852, 16.6487064362, 17.0666656494, 17.4614048004, 17.8793640137, 18.2741031647, 18.6804523468, 19.0868015289, 19.5047607422, 19.9111099243, 20.3174591064, 20.7121982574, 21.1185474396, 21.5248966217, 21.9312477112, 22.3375968933, 22.7439460754, 23.1502952576, 23.5450344086, 23.9397735596, 24.3461227417, 24.764081955, 25.1704311371, 25.5651702881, 25.9715194702, 26.3778686523, 26.7958278656, 27.1905670166, 27.5969161987, 28.0032653809, 28.3980045319, 28.804353714, 29.2107028961, 29.6054420471, 30.0117912292, 30.4181404114, 30.8360996246, 31.2308387756, 31.6371879578, 32.0435371399, 32.449886322, 32.8562355042, 33.2509727478, 33.6457138062, 34.0636711121, 34.4700202942, 34.8647613525, 35.2711105347, 35.6890678406, 36.0954170227, 36.5017662048, 36.8965072632, 37.3028564453, 37.7092056274, 38.1155548096, 38.5219039917, 38.91664505, 39.3229942322, 39.7293434143, 40.1356925964, 40.5420417786, 40.9483909607, 41.3547401428, 41.7494773865, 42.1674385071, 42.585395813, 42.9801368713, 43.374874115, 43.7812232971, 44.1759643555, 44.5823135376, 44.9886627197, 45.3950119019, 45.801361084, 46.2077102661, 46.6024475098, 47.0087966919, 47.415145874, 47.8214950562, 48.2278442383, 48.6341934204, 49.0405426025, 49.4352836609, 49.8300209045, 50.2247619629, 50.6194992065, 51.0258483887, 51.4321975708, 51.8501586914, 52.2565078735, 52.6628570557, 53.0692062378, 53.4755554199, 53.8819046021, 54.2882537842, 54.6829910278, 55.08934021, 55.4956893921, 55.8904304504, 56.2851676941, 56.6799087524, 57.0862579346, 57.4926071167, 57.8873443604, 58.2820854187, 58.6768226624, 59.0831718445, 59.4779129028, 59.884262085, 60.2906112671, 60.6969604492, 61.0916976929, 61.498046875, 61.9043960571, 62.2991371155, 62.6938781738, 63.0886154175, 63.4833564758, 63.889705658, 64.2960510254, 64.7024002075, 65.1087493896, 65.5150985718, 65.9214477539, 66.327796936, 66.7341461182, 67.1288909912, 67.5236282349, 67.9415893555, 68.3363265991, 68.7426757812, 69.1490249634, 69.5553741455, 69.9617233276, 70.3680725098, 70.7744216919, 71.1691589355, 71.5755081177, 71.9818572998, 72.3765945435, 72.7945556641, 73.1892929077, 73.5840377808, 73.9787750244, 74.3851242065, 74.7914733887, 75.1862106323, 75.580947876, 75.9989089966, 76.3936462402, 76.7999954224, 77.1947402954, 77.6010894775, 78.0190429688, 78.4137878418, 78.8433532715, 79.2380905151, 79.6444396973, 80.0507888794, 80.4571380615, 80.8634872437, 81.2814483643, 81.6645812988, 82.0593185425, 82.4772796631, 82.8720169067, 83.2899780273, 83.684715271, 84.0910644531, 84.4974136353, 84.8921508789, 85.2868881226, 85.6816329956, 86.0763702393, 86.4711074829, 86.865852356, 87.2605895996, 87.6553268433, 88.0500640869, 88.456413269, 88.8627624512, 89.2807235718, 89.6870727539, 90.093421936, 90.5113830566, 90.9061203003, 91.3240814209, 91.7188186646, 92.1251678467, 92.5315170288, 92.9378662109, 93.3442153931, 93.7505645752, 94.1569137573, 94.5632629395, 94.9696121216, 95.3759613037, 95.7823104858, 96.188659668, 96.5950088501, 97.0013580322, 97.4077072144, 97.802444458, 98.2204055786, 98.6383666992, 99.0447158813, 99.4510650635, 99.8458023071, 100.252151489, 100.658500671, 101.076461792, 101.482810974, 101.889160156, 102.307121277, 102.713470459, 103.119819641, 103.537773132, 103.932518005, 104.338867188, 104.74521637, 105.151565552, 105.557914734, 105.952651978, 106.35900116, 106.77696228, 107.183311462, 107.589660645, 107.996009827, 108.39074707, 108.785484314, 109.203445435, 109.609794617, 110.027755737, 110.434104919, 110.828842163, 111.223579407, 111.641540527, 112.036277771, 112.442626953, 112.848976135, 113.255325317, 113.6616745, 114.056411743, 114.462760925, 114.869110107, 115.27545929, 115.681808472, 116.088157654, 116.494506836, 116.889251709, 117.3072052, 117.725166321, 118.119903564, 118.514648438, 118.932601929, 119.350563049, 119.745300293, 120.140045166, 120.546394348, 120.941131592, 121.347480774, 121.765441895, 122.160179138, 122.554916382, 122.961265564, 123.367614746, 123.785575867, 124.18031311, 124.586662292, 124.993011475, 125.399360657, 125.805709839, 126.200454712, 126.595191956, 127.013153076, 127.40789032, 127.814239502, 128.220581055, 128.615325928, 129.010070801, 129.416412354, 129.822769165, 130.229110718, 130.635467529, 131.041809082, 131.448165894, 131.842895508, 132.237640381, 132.655593872, 133.061950684, 133.479904175, 133.886260986, 134.280990601, 134.687347412, 135.093688965, 135.488433838, 135.906387329, 136.312744141, 136.719085693, 137.113830566, 137.520172119, 137.926528931, 138.332870483, 138.739227295, 139.133972168, 139.528701782, 139.935058594, 140.31817627, 140.712921143, 141.107666016, 141.514007568, 141.908752441, 142.315093994, 142.709838867, 143.11618042, 143.522537231, 143.940490723, 144.346847534, 144.741577148, 145.14793396, 145.554275513, 145.960632324, 146.366973877, 146.773330688, 147.168075562, 147.574417114, 147.980773926, 148.37550354, 148.781860352, 149.188201904, 149.571334839, 149.954467773, 150.360809326, 150.755554199, 151.161895752, 151.556640625, 151.962997437, 152.369338989, 152.764083862, 153.158813477, 153.565170288, 153.971511841, 154.377868652, 154.784210205, 155.190567017, 155.596908569, 155.991653442, 156.386398315, 156.792739868, 157.19909668, 157.617050171, 158.011795044, 158.418136597, 158.824493408, 159.219223022, 159.613967896, 160.020309448, 160.42666626, 160.821395874, 161.216140747, 161.634094238, 162.04045105, 162.446792603, 162.853149414, 163.259490967, 163.65423584, 164.060592651, 164.466934204, 164.861679077, 165.26802063, 165.674377441, 166.080718994, 166.487075806, 166.88180542, 167.288162231, 167.694503784, 168.100860596, 168.49559021, 168.901947021, 169.296691895, 169.703033447, 170.109390259, 170.515731812, 170.922088623, 171.328430176, 171.734786987, 172.129516602, 172.524261475, 172.930603027, 173.336959839, 173.743301392, 174.149658203, 174.544403076, 174.950744629, 175.35710144, 175.751831055, 176.146575928, 176.541305542, 176.959274292, 177.354003906, 177.760360718, 178.166702271, 178.584671021, 179.002624512, 179.432189941, 179.873382568, 180.314559937, 180.755737305, 181.196914673, 181.649703979], "beats_loudness": {"dmean2": 0.0380652472377, "median": 0.0289981886744, "min": 1.31813365778e-10, "dvar2": 0.00103167456109, "dvar": 0.000344544940162, "dmean": 0.0212679617107, "max": 0.112344525754, "var": 0.000451225350844, "mean": 0.0324590802193}, "danceability": 1.29426288605, "bpm_histogram_second_peak_weight": {"dmean2": 0, "median": 0.0133928572759, "min": 0.0133928572759, "dvar2": 0, "dvar": 0, "dmean": 0, "max": 0.0133928572759, "var": 0, "mean": 0.0133928572759}, "beats_count": 449, "bpm_histogram_second_peak_bpm": {"dmean2": 0, "median": 157, "min": 157, "dvar2": 0, "dvar": 0, "dmean": 0, "max": 157, "var": 0, "mean": 157}, "bpm_histogram_first_peak_spread": {"dmean2": 0, "median": 0.452436208725, "min": 0.452436208725, "dvar2": 0, "dvar": 0, "dmean": 0, "max": 0.452436208725, "var": 0, "mean": 0.452436208725}, "beats_loudness_band_ratio": {"dmean2": [0.797140419483, 0.189818292856, 0.0956706553698, 0.0816568359733, 0.246990382671, 0.375031739473], "median": [0.671276509762, 0.0684871599078, 0.0267055146396, 0.0114386975765, 0.0302239023149, 0.0794750079513], "min": [0.00610523438081, 0.00095824804157, 0.000110990476969, 4.97900909977e-05, 0.000161100921105, 0.000595010526013], "dvar2": [0.205822899938, 0.0384749397635, 0.0103885782883, 0.0165898222476, 0.0536966100335, 0.0734718218446], "dvar": [0.0771687999368, 0.0138473650441, 0.00415169866756, 0.00617930665612, 0.0201756563038, 0.0292243212461], "dmean": [0.416686922312, 0.109088607132, 0.0547265522182, 0.0445543117821, 0.125851079822, 0.196314767003], "max": [0.992993652821, 0.651806056499, 0.463197499514, 0.583361506462, 0.864162623882, 0.848486244678], "var": [0.0983246490359, 0.0141128487885, 0.00473329890519, 0.00477017974481, 0.0155113339424, 0.0339351668954], "mean": [0.58187186718, 0.112420350313, 0.0511459745467, 0.0344819463789, 0.0793162286282, 0.158740743995]}}, "lowlevel": {"barkbands_spread": {"dmean2": 16.2068881989, "median": 18.7373962402, "min": 0.304800242186, "dvar2": 346.474395752, "dvar": 157.163131714, "dmean": 10.5766963959, "max": 120.536811829, "var": 368.168212891, "mean": 23.3474121094}, "melbands_spread": {"dmean2": 23.047203064, "median": 14.5197582245, "min": 0.307472914457, "dvar2": 1067.15625, "dvar": 483.698699951, "dmean": 14.7555894852, "max": 213.323135376, "var": 1028.58813477, "mean": 26.7241191864}, "hfc": {"dmean2": 16.4372768402, "median": 7.47823238373, "min": 1.2457705308e-16, "dvar2": 907.890197754, "dvar": 362.125152588, "dmean": 10.3866863251, "max": 139.148834229, "var": 424.495483398, "mean": 15.3346405029}, "barkbands_kurtosis": {"dmean2": 19.2182044983, "median": 4.40427446365, "min": -1.94323658943, "dvar2": 1356.92407227, "dvar": 603.458129883, "dmean": 12.4990730286, "max": 405.273651123, "var": 1173.32128906, "mean": 17.1607837677}, "gfcc": {"mean": [-86.6587524414, 83.1190567017, -101.709075928, 73.5397491455, -51.4828453064, 4.37699460983, -28.1745643616, 1.28489351273, -23.0952262878, -6.49881458282, -17.5921192169, -5.106361866, -12.1314382553], "icov": [[0.000102546931885, -0.000190090126125, 0.000228118471568, -0.000333058764227, 0.000304698129185, -0.000210926868021, 0.000154472145368, -0.000235387284192, 0.000293043471174, -0.000126728598843, 0.000410879409174, -0.000296853570035, 0.000364716717741], [-0.000190090126125, 0.00156597571913, -0.000507478544023, 0.000599168532062, -0.000443939701654, 0.00104112725239, -0.00126257480588, 0.00158328469843, -0.00174340873491, 0.00201541255228, -0.00216145627201, 0.00293512362987, -0.00164596759714], [0.000228118471568, -0.000507478544023, 0.00198435573839, -0.00160481000785, 0.000644686515443, -0.00156619551126, 0.000513801525813, 0.000187015873962, -6.19396450929e-05, -0.000624908367172, 0.000978516996838, -0.000477676687296, 0.000678580428939], [-0.000333058764227, 0.000599168532062, -0.00160481000785, 0.0035917297937, -0.00206190231256, 0.00107850285713, -4.80637572764e-05, 0.000587951741181, -0.000385714316508, 0.000308190414216, -0.0009171597776, -0.000124139012769, 1.74703291123e-05], [0.000304698129185, -0.000443939701654, 0.000644686515443, -0.00206190231256, 0.00328942760825, -0.00115101435222, 0.000617214886006, -0.000978424213827, -4.11282489949e-05, 0.00105768430512, -0.000363539380487, 0.000719488598406, 0.000860803411342], [-0.000210926868021, 0.00104112725239, -0.00156619551126, 0.00107850285713, -0.00115101435222, 0.00608644634485, -0.00330594787374, 0.000514968414791, 0.000202667069971, -0.00125357648358, 0.000799170287792, 0.00123684899881, -0.000759720511269], [0.000154472145368, -0.00126257480588, 0.000513801525813, -4.80637572764e-05, 0.000617214886006, -0.00330594787374, 0.00658754725009, -0.00379905709997, 0.00208819308318, -0.000669767323416, -0.00148261315189, 0.000282016349956, -0.00049159291666], [-0.000235387284192, 0.00158328469843, 0.000187015873962, 0.000587951741181, -0.000978424213827, 0.000514968414791, -0.00379905709997, 0.0122008770704, -0.00493435654789, 0.00252259406261, -0.0011689318344, -0.00146409985609, 0.00280280550942], [0.000293043471174, -0.00174340873491, -6.19396450929e-05, -0.000385714316508, -4.11282489949e-05, 0.000202667069971, 0.00208819308318, -0.00493435654789, 0.0131150055677, -0.00599848106503, 0.00336317089386, -0.00195423653349, -0.000326124631101], [-0.000126728598843, 0.00201541255228, -0.000624908367172, 0.000308190414216, 0.00105768430512, -0.00125357648358, -0.000669767323416, 0.00252259406261, -0.00599848106503, 0.0159406587481, -0.00618180725724, 0.00224478263408, -0.00153836118989], [0.000410879409174, -0.00216145627201, 0.000978516996838, -0.0009171597776, -0.000363539380487, 0.000799170287792, -0.00148261315189, -0.0011689318344, 0.00336317089386, -0.00618180725724, 0.0184771548957, -0.0085429623723, 0.00194552785251], [-0.000296853570035, 0.00293512362987, -0.000477676687296, -0.000124139012769, 0.000719488598406, 0.00123684899881, 0.000282016349956, -0.00146409985609, -0.00195423653349, 0.00224478263408, -0.0085429623723, 0.0201281514019, -0.00915061030537], [0.000364716717741, -0.00164596759714, 0.000678580428939, 1.74703291123e-05, 0.000860803411342, -0.000759720511269, -0.00049159291666, 0.00280280550942, -0.000326124631101, -0.00153836118989, 0.00194552785251, -0.00915061030537, 0.0202148035169]], "cov": [[23674.8691406, 783.234558105, -1654.4230957, 486.156066895, -1355.04846191, -216.467056274, -179.023483276, 131.303207397, -371.083526611, -233.968261719, -329.143310547, -1.79444015026, -274.172027588], [783.234558105, 1996.49804688, -1.94033110142, -114.961715698, 84.0454483032, -153.739608765, 189.593551636, -148.12147522, 43.6215362549, -155.776977539, 58.293132782, -218.912002563, 48.5310516357], [-1654.4230957, -1.94033110142, 1215.33105469, 483.319915771, 282.89730835, 241.609909058, -6.33711051941, -52.8963737488, 57.4951515198, 50.5135879517, -22.0520515442, -38.5433311462, -17.8628959656], [486.156066895, -114.961715698, 483.319915771, 750.959350586, 359.436218262, 39.3819770813, -94.0086288452, -5.7646021843, 10.5141134262, -7.41473531723, -14.9733009338, -1.56374108791, -49.9792518616], [-1355.04846191, 84.0454483032, 282.89730835, 359.436218262, 674.192687988, 68.4483337402, -2.19903254509, 14.9950170517, 30.6500434875, -37.6203422546, 15.0495738983, -52.5736503601, -34.4003486633], [-216.467056274, -153.739608765, 241.609909058, 39.3819770813, 68.4483337402, 338.458526611, 143.53678894, 33.4748573303, -8.20504188538, 41.9466056824, -13.1737756729, -13.0948219299, -9.70239639282], [-179.023483276, 189.593551636, -6.33711051941, -94.0086288452, -2.19903254509, 143.53678894, 314.244934082, 60.420375824, -13.419137001, 4.90707492828, 38.0762290955, -20.4859714508, 10.9330825806], [131.303207397, -148.12147522, -52.8963737488, -5.7646021843, 14.9950170517, 33.4748573303, 60.420375824, 139.577590942, 23.7826843262, 5.82503032684, 5.76238870621, 24.6638736725, -18.4757461548], [-371.083526611, 43.6215362549, 57.4951515198, 10.5141134262, 30.6500434875, -8.20504188538, -13.419137001, 23.7826843262, 116.959281921, 31.8424797058, 2.39164090157, 3.76749801636, 8.85585975647], [-233.968261719, -155.776977539, 50.5135879517, -7.41473531723, -37.6203422546, 41.9466056824, 4.90707492828, 5.82503032684, 31.8424797058, 105.819877625, 22.1550445557, 24.7737865448, 9.98690700531], [-329.143310547, 58.293132782, -22.0520515442, -14.9733009338, 15.0495738983, -13.1737756729, 38.0762290955, 5.76238870621, 2.39164090157, 22.1550445557, 92.4920578003, 31.0786399841, 17.3203487396], [-1.79444015026, -218.912002563, -38.5433311462, -1.56374108791, -52.5736503601, -13.0948219299, -20.4859714508, 24.6638736725, 3.76749801636, 24.7737865448, 31.0786399841, 109.857116699, 30.0155181885], [-274.172027588, 48.5310516357, -17.8628959656, -49.9792518616, -34.4003486633, -9.70239639282, 10.9330825806, -18.4757461548, 8.85585975647, 9.98690700531, 17.3203487396, 30.0155181885, 75.7605285645]]}, "spectral_energyband_middle_low": {"dmean2": 0.00433658249676, "median": 0.0057090818882, "min": 2.55687111213e-22, "dvar2": 4.36859227193e-05, "dvar": 1.8228760382e-05, "dmean": 0.00284332828596, "max": 0.0664463192225, "var": 5.14451712661e-05, "mean": 0.00710963085294}, "melbands_crest": {"dmean2": 5.71957111359, "median": 15.8104333878, "min": 1.20404875278, "dvar2": 26.6057319641, "dvar": 11.620388031, "dmean": 3.60106158257, "max": 35.096572876, "var": 34.6124610901, "mean": 16.2086582184}, "spectral_kurtosis": {"dmean2": 3.08372998238, "median": 2.37238264084, "min": -1.22518789768, "dvar2": 15.502743721, "dvar": 5.82431125641, "dmean": 1.8646017313, "max": 61.5320587158, "var": 9.67540454865, "mean": 3.25294017792}, "spectral_rms": {"dmean2": 0.00136002595536, "median": 0.00384622486308, "min": 3.31006272739e-12, "dvar2": 2.47058278546e-06, "dvar": 1.27736041122e-06, "dmean": 0.000974962022156, "max": 0.011925698258, "var": 4.55144163425e-06, "mean": 0.00385372387245}, "zerocrossingrate": {"dmean2": 0.0182875487953, "median": 0.05078125, "min": 0.0029296875, "dvar2": 0.000352422328433, "dvar": 0.000300433370285, "dmean": 0.016484066844, "max": 0.5537109375, "var": 0.00495541468263, "mean": 0.0661268606782}, "silence_rate_60dB": {"dmean2": 0.163671121001, "median": 0, "min": 0, "dvar2": 0.156000435352, "dvar": 0.0751275867224, "dmean": 0.0818251371384, "max": 1, "var": 0.140250608325, "mean": 0.16872690618}, "erbbands_kurtosis": {"dmean2": 4.83534526825, "median": -0.0242230892181, "min": -1.91978871822, "dvar2": 67.123916626, "dvar": 27.2501506805, "dmean": 2.96081972122, "max": 150.30871582, "var": 44.7569618225, "mean": 2.05797076225}, "erbbands": {"dmean2": [0.105698041618, 1.3909214735, 4.51835632324, 5.91949558258, 7.27135276794, 7.90591669083, 5.51083564758, 3.20630431175, 2.93339085579, 5.89259767532, 7.26939439774, 12.2802171707, 8.30116939545, 8.77868175507, 7.20300340652, 4.01159286499, 5.14978885651, 6.94162797928, 8.00405311584, 10.6302251816, 33.5108757019, 42.2906723022, 51.3658103943, 107.159004211, 37.3183441162, 21.5977020264, 14.9212093353, 13.2776794434, 9.51750278473, 6.99954986572, 3.97343301773, 2.03870582581, 0.756767630577, 0.306086629629, 0.142576083541, 0.0543046370149, 0.0167402289808, 0.00348387868144, 0.000364508188795, 2.41754969466e-05], "median": [0.0183966942132, 0.317270934582, 1.50844442844, 2.09261131287, 2.50741434097, 3.26064777374, 2.23542428017, 0.968100130558, 0.875898838043, 0.984141528606, 0.968087852001, 0.920297682285, 0.753906548023, 0.604196548462, 0.572094559669, 0.521018922329, 0.708537042141, 1.05903184414, 1.24487125874, 1.10550367832, 1.68444132805, 2.58853650093, 3.20949292183, 3.20959973335, 5.07601881027, 5.35478830338, 2.84256696701, 3.00583863258, 1.61140060425, 1.10469329357, 0.744991123676, 0.303949952126, 0.0825739279389, 0.0402752794325, 0.0139292925596, 0.00492266193032, 0.00116294121835, 0.000175324588781, 2.56648600043e-05, 2.03377749131e-05], "min": [1.34127366618e-21, 6.9378376395e-21, 5.32397966852e-20, 6.75784653094e-20, 1.01365523384e-19, 1.54396944872e-19, 1.04790361313e-19, 5.29522202366e-19, 7.46096853393e-19, 6.03872866437e-19, 1.38988521689e-18, 9.15055731337e-19, 1.41030003441e-18, 5.7852966547e-18, 4.12061800582e-18, 4.55629279368e-18, 5.09272107528e-18, 5.98818834253e-18, 5.06424248756e-18, 1.04954835062e-17, 1.01865580172e-17, 9.98916873481e-18, 1.22028653542e-17, 9.29082977447e-18, 1.09358628838e-17, 9.87669615974e-18, 1.30852536552e-17, 1.47791615582e-17, 1.57884277847e-17, 1.99298961186e-17, 1.94069426092e-17, 1.88082739496e-17, 2.22951628319e-17, 1.3891894546e-17, 1.03659064904e-17, 7.21299426195e-18, 3.34796348488e-18, 1.43178563723e-18, 3.31881689712e-19, 3.63138234271e-20], "dvar2": [0.106734737754, 11.5453367233, 101.165046692, 123.12827301, 197.650817871, 207.959793091, 157.052215576, 105.331420898, 52.8050727844, 441.676300049, 727.256469727, 1929.93615723, 807.99005127, 1339.44567871, 761.032958984, 143.394317627, 177.274032593, 339.053863525, 462.16418457, 718.287353516, 9237.62304688, 11441.4023438, 14010.7919922, 74597.6953125, 5707.94140625, 1916.06103516, 1084.22998047, 745.011291504, 472.501525879, 211.444900513, 115.895271301, 13.1474256516, 2.03892064095, 0.333663791418, 0.0782169699669, 0.0120227476582, 0.00121519831009, 5.22682312294e-05, 6.63710125082e-07, 1.38444067321e-09], "dvar": [0.0452313609421, 4.59399366379, 41.732170105, 52.0567970276, 82.0004119873, 88.3416213989, 84.7267303467, 47.6150398254, 22.0858631134, 222.022735596, 366.58190918, 910.53527832, 452.427978516, 697.033996582, 360.934295654, 70.5362701416, 91.2378158569, 148.594207764, 169.681106567, 282.981231689, 3395.42089844, 4348.33642578, 5302.40527344, 27291.2734375, 2154.93725586, 749.060119629, 425.89239502, 309.250396729, 191.994812012, 92.7972717285, 55.2907752991, 6.31876707077, 0.967464148998, 0.159588515759, 0.0373791269958, 0.00566372321919, 0.000582513981499, 2.45147130045e-05, 2.905074723e-07, 6.00530569717e-10], "dmean": [0.0700677707791, 0.880194187164, 2.91765499115, 3.78829741478, 4.65665483475, 5.0567612648, 3.73381114006, 2.14767026901, 1.91490602493, 4.03215456009, 4.89335727692, 8.1147108078, 6.06516361237, 6.20203399658, 4.91358804703, 2.64760279655, 3.37256503105, 4.27200603485, 4.63443374634, 6.23137664795, 18.9425086975, 24.2806415558, 29.6773052216, 59.7294235229, 22.110376358, 13.3680725098, 9.31329059601, 8.44723320007, 6.06037902832, 4.54543924332, 2.65211606026, 1.35855710506, 0.504576146603, 0.205858781934, 0.094938673079, 0.0362548232079, 0.0111666154116, 0.00227946438827, 0.000229369601584, 1.61745410878e-05], "max": [2.99399065971, 23.740530014, 97.1339797974, 108.315093994, 135.409942627, 229.67578125, 528.018310547, 251.367599487, 119.222007751, 641.414611816, 753.746459961, 1021.44696045, 978.864074707, 967.823486328, 774.893310547, 344.291778564, 496.429199219, 247.079376221, 232.360900879, 361.50289917, 899.991882324, 703.672180176, 713.750427246, 1575.67712402, 479.148864746, 375.031616211, 221.824050903, 285.042541504, 196.672790527, 252.230148315, 463.889801025, 58.2730026245, 21.5350532532, 5.67701673508, 2.92797136307, 1.32053112984, 0.632725834846, 0.109393686056, 0.00805096048862, 0.000255019869655], "var": [0.0587812662125, 5.74202489853, 67.0191879272, 112.564201355, 128.835983276, 254.289550781, 303.627746582, 250.683456421, 49.0568313599, 556.383728027, 892.344055176, 2550.69726562, 1826.26281738, 1837.21875, 2344.18994141, 251.67616272, 282.278381348, 293.135894775, 173.579406738, 323.470672607, 2357.05371094, 3238.34106445, 3949.71435547, 18680.9648438, 1909.77905273, 958.509765625, 495.917663574, 450.400604248, 253.946289062, 136.501800537, 83.538444519, 12.2824754715, 1.73089742661, 0.286256045103, 0.0644554048777, 0.00930579565465, 0.000881730869878, 3.4641023376e-05, 3.20833407841e-07, 9.76009384424e-10], "mean": [0.0931805446744, 1.25182700157, 4.39910316467, 6.22745466232, 7.39994096756, 10.5094432831, 8.21793937683, 5.5114607811, 3.39244818687, 7.39547538757, 8.5717458725, 14.9910564423, 12.759552002, 11.0399494171, 11.194270134, 4.80873298645, 5.27163124084, 5.79631614685, 5.43250370026, 6.44584465027, 15.0953760147, 20.3053283691, 25.2853984833, 44.2998199463, 22.7341308594, 17.862033844, 11.9355678558, 11.7555522919, 7.94403076172, 5.72734832764, 3.59660959244, 1.87956023216, 0.647348344326, 0.266120433807, 0.120080083609, 0.0452331416309, 0.0133736338466, 0.00253318762407, 0.000225375595619, 3.02198386635e-05]}, "spectral_strongpeak": {"dmean2": 0.683299779892, "median": 0.409172952175, "min": 0, "dvar2": 1.85762178898, "dvar": 0.717519938946, "dmean": 0.399594068527, "max": 16.1054477692, "var": 1.13603639603, "mean": 0.698536574841}, "spectral_energy": {"dmean2": 0.013302304782, "median": 0.0151632819325, "min": 1.12304284204e-20, "dvar2": 0.000356204109266, "dvar": 0.000159627670655, "dmean": 0.00893275626004, "max": 0.145777821541, "var": 0.000360809732229, "mean": 0.0198876559734}, "average_loudness": 0.812918663025, "spectral_rolloff": {"dmean2": 1380.60412598, "median": 624.462890625, "min": 64.599609375, "dvar2": 3260654, "dvar": 1601749.625, "dmean": 811.937194824, "max": 20284.2773438, "var": 6795190, "mean": 1756.95056152}, "spectral_centroid": {"dmean2": 741.022583008, "median": 1399.12219238, "min": 116.369056702, "dvar2": 640165.125, "dvar": 334503.6875, "dmean": 503.895141602, "max": 10808.5664062, "var": 1059376.25, "mean": 1573.38000488}, "pitch_salience": {"dmean2": 0.13769158721, "median": 0.513783276081, "min": 0.0967300459743, "dvar2": 0.0166658069938, "dvar": 0.0070732999593, "dmean": 0.0879705324769, "max": 0.96421200037, "var": 0.0195989366621, "mean": 0.508344173431}, "spectral_energyband_middle_high": {"dmean2": 0.00444201892242, "median": 0.000647995679174, "min": 1.58194323865e-21, "dvar2": 8.6669853772e-05, "dvar": 3.29564099957e-05, "dmean": 0.00263079977594, "max": 0.044851206243, "var": 3.35423319484e-05, "mean": 0.0031002976466}, "spectral_contrast_coeffs": {"dmean2": [0.0851460248232, 0.0793419331312, 0.0618341267109, 0.0505709052086, 0.049463968724, 0.0368408225477], "median": [-0.613488376141, -0.749463498592, -0.815501391888, -0.81339687109, -0.793476700783, -0.721449613571], "min": [-0.963972270489, -0.980306506157, -0.968213737011, -0.97065526247, -0.963787078857, -0.961169958115], "dvar2": [0.00511978380382, 0.00404499424621, 0.00256871175952, 0.00176197837573, 0.00217613694258, 0.00119568849914], "dvar": [0.00211094482802, 0.00168198370375, 0.00107617431786, 0.000706437160261, 0.000952780013904, 0.000525017734617], "dmean": [0.0535377897322, 0.0494162291288, 0.0385614670813, 0.0310031790286, 0.0314417518675, 0.0246570985764], "max": [-0.313407063484, -0.389286518097, -0.46062630415, -0.592000603676, -0.567926883698, -0.568378150463], "var": [0.00875102542341, 0.00862656254321, 0.00726560829207, 0.00248354580253, 0.00285343755968, 0.00275728781708], "mean": [-0.619629561901, -0.737420737743, -0.795478999615, -0.811047673225, -0.790405631065, -0.725091814995]}, "melbands_skewness": {"dmean2": 2.60759067535, "median": 3.84905719757, "min": -2.09953808784, "dvar2": 8.01986503601, "dvar": 3.65442824364, "dmean": 1.74629807472, "max": 20.0226898193, "var": 10.7325344086, "mean": 4.52464532852}, "spectral_spread": {"dmean2": 1093113.25, "median": 4341234.5, "min": 1053206.625, "dvar2": 1383574405120.0, "dvar": 691303022592, "dmean": 739621.9375, "max": 41451744, "var": 1922419916800.0, "mean": 4521105}, "dissonance": {"dmean2": 0.0230908263475, "median": 0.477478444576, "min": 0.280167400837, "dvar2": 0.000583436572924, "dvar": 0.000246232608333, "dmean": 0.0146825155243, "max": 0.499992370605, "var": 0.000714116322342, "mean": 0.469353795052}, "spectral_skewness": {"dmean2": 0.473476558924, "median": 0.998788952827, "min": -0.224386796355, "dvar2": 0.245756372809, "dvar": 0.104631602764, "dmean": 0.30561542511, "max": 6.79430055618, "var": 0.265925705433, "mean": 1.07234752178}, "spectral_flux": {"dmean2": 0.0485708490014, "median": 0.0599901676178, "min": 1.05973715914e-10, "dvar2": 0.0024189313408, "dvar": 0.00117906462401, "dmean": 0.0311981681734, "max": 0.322595983744, "var": 0.00252765393816, "mean": 0.072034612298}, "spectral_contrast_valleys": {"dmean2": [0.765519320965, 0.760515391827, 0.680791556835, 0.651700794697, 0.648037016392, 0.619424760342], "median": [-7.52403926849, -7.86436843872, -8.47939872742, -8.65259933472, -7.79783201218, -10.7707633972], "min": [-27.3147277832, -27.2976779938, -27.0944538116, -27.0814723969, -27.3226947784, -27.2086334229], "dvar2": [0.416393518448, 0.436917662621, 0.374683439732, 0.419717043638, 0.47813680768, 0.400502204895], "dvar": [0.205204874277, 0.223030298948, 0.201006114483, 0.238346531987, 0.299170851707, 0.273656100035], "dmean": [0.498260200024, 0.506269812584, 0.466416537762, 0.468704432249, 0.520171523094, 0.55206745863], "max": [-5.24814033508, -5.59218597412, -5.94386339188, -5.98786401749, -5.20509147644, -8.19249725342], "var": [2.72440743446, 2.37147808075, 2.29926848412, 2.08303523064, 2.36571550369, 2.26880812645], "mean": [-7.77158308029, -8.13458442688, -8.70421028137, -8.81825828552, -7.98698806763, -10.9053544998]}, "erbbands_flatness_db": {"dmean2": 0.037594627589, "median": 0.166909173131, "min": 0.0336996875703, "dvar2": 0.00145187100861, "dvar": 0.000600470695645, "dmean": 0.0255205053836, "max": 0.398982316256, "var": 0.00166707218159, "mean": 0.169532343745}, "spectral_energyband_high": {"dmean2": 0.000946692365687, "median": 0.000262541405391, "min": 8.29853682245e-21, "dvar2": 3.6390463265e-06, "dvar": 1.56594660439e-06, "dmean": 0.00062644132413, "max": 0.0153826978058, "var": 2.37755011767e-06, "mean": 0.000916016870178}, "spectral_entropy": {"dmean2": 0.37907409668, "median": 7.48579359055, "min": 4.02069950104, "dvar2": 0.162842690945, "dvar": 0.0813094079494, "dmean": 0.273228049278, "max": 9.80240440369, "var": 0.323803901672, "mean": 7.41119766235}, "silence_rate_20dB": {"dmean2": 0, "median": 1, "min": 1, "dvar2": 0, "dvar": 0, "dmean": 0, "max": 1, "var": 0, "mean": 1}, "melbands_flatness_db": {"dmean2": 0.064135581255, "median": 0.235630080104, "min": 0.000347337307176, "dvar2": 0.00414492515847, "dvar": 0.00219082343392, "dmean": 0.0475688539445, "max": 0.737589836121, "var": 0.0117379147559, "mean": 0.247190758586}, "barkbands": {"dmean2": [9.71475310507e-05, 0.00522680440918, 0.0040182126686, 0.00222302507609, 0.00216425862163, 0.000406812148867, 0.000273365847534, 0.000328354275553, 0.000519470311701, 0.000258156564087, 0.000220275382162, 0.000135458365548, 0.000136200280394, 0.000149142055307, 0.000152517081005, 0.000469799386337, 0.000771684746724, 0.001477915328, 0.0012555437861, 0.000432888191426, 0.000331214163452, 0.000258216401562, 0.000163899007021, 6.59068391542e-05, 2.21221107495e-05, 1.00453462437e-05, 1.98869611268e-06], "median": [6.60866226099e-06, 0.00112603278831, 0.00103173975367, 0.000445106910774, 0.00136995059438, 0.000115431059385, 4.28337625635e-05, 3.04591721942e-05, 3.61985985364e-05, 1.77594683919e-05, 9.55593077379e-06, 1.20281101772e-05, 1.60716208484e-05, 2.25315561693e-05, 1.92331281141e-05, 2.3586278985e-05, 4.26233746111e-05, 5.45830953342e-05, 7.36626752769e-05, 0.000106365565443, 7.50349863665e-05, 4.08946907555e-05, 2.94310630125e-05, 8.47556566441e-06, 2.73526893579e-06, 7.91032221059e-07, 7.41707495422e-08], "min": [2.33847528607e-23, 3.25984115754e-23, 6.29119348704e-23, 1.69471019823e-23, 4.2016609301e-23, 4.21905783742e-23, 3.93014289513e-23, 5.87765808548e-23, 4.91787058585e-23, 1.14844541527e-22, 1.10932460391e-22, 9.9124405398e-23, 9.21658381095e-23, 1.13763852574e-22, 1.09786314916e-22, 2.15331536901e-22, 2.02867294784e-22, 2.01108702946e-22, 2.059138756e-22, 2.05077809258e-22, 3.61386798474e-22, 5.52295681376e-22, 6.60522449837e-22, 1.11039071472e-21, 1.40993117163e-21, 1.83073527641e-21, 2.54201205239e-21], "dvar2": [1.17320020365e-07, 0.000168973201653, 8.03744696896e-05, 1.65694164025e-05, 1.45504081956e-05, 1.70994667315e-06, 7.44712224332e-07, 1.49123252413e-06, 2.80916265183e-06, 1.33584251216e-06, 9.06382069843e-07, 3.00411414855e-07, 1.44946270098e-07, 1.62265820336e-07, 1.49800200688e-07, 1.73632793121e-06, 3.98160545956e-06, 1.36623839353e-05, 9.35215848585e-06, 7.98571306859e-07, 4.85006296458e-07, 3.1134203482e-07, 1.23179802358e-07, 1.35641222698e-08, 1.78553150043e-09, 4.05075833987e-10, 1.88403338069e-11], "dvar": [5.92103397423e-08, 6.87785941409e-05, 3.39613179676e-05, 6.65817060508e-06, 6.09506832916e-06, 8.14194322629e-07, 3.50222535417e-07, 8.00021325631e-07, 1.37290305702e-06, 6.90713022777e-07, 4.29366366461e-07, 1.5266861908e-07, 7.44743218206e-08, 6.88453383191e-08, 5.66696414239e-08, 6.41807048396e-07, 1.50500727614e-06, 5.08443145009e-06, 3.40016117661e-06, 3.10584084673e-07, 1.96729914137e-07, 1.29517559344e-07, 6.32592502825e-08, 6.46838582696e-09, 8.62203919372e-10, 1.95338065168e-10, 8.31658093087e-12], "dmean": [6.2173785409e-05, 0.00330953998491, 0.00260591227561, 0.00138871010859, 0.00