{"tonal": {"thpcp": [1, 0.656633138657, 0.313175350428, 0.185075581074, 0.238969907165, 0.307049959898, 0.276942521334, 0.39050090313, 0.511322021484, 0.338922858238, 0.183943927288, 0.191442936659, 0.275905221701, 0.618731081486, 0.933004558086, 0.730098962784, 0.345626920462, 0.178438931704, 0.215263754129, 0.415958166122, 0.437215745449, 0.237391188741, 0.249010398984, 0.336635798216, 0.261147081852, 0.195676699281, 0.182474762201, 0.207884341478, 0.448397159576, 0.613920092583, 0.404662877321, 0.200677350163, 0.16968524456, 0.23124653101, 0.586418151855, 0.996877968311], "hpcp": {"dmean2": [0.185632452369, 0.274552732706, 0.367585897446, 0.370998799801, 0.301452249289, 0.238213852048, 0.163510620594, 0.160583525896, 0.176359280944, 0.164272561669, 0.184873774648, 0.206684499979, 0.177765905857, 0.140965670347, 0.147528216243, 0.193867489696, 0.286697000265, 0.363512068987, 0.276380002499, 0.212419256568, 0.161115914583, 0.163132026792, 0.22871889174, 0.20829603076, 0.134016364813, 0.13019888103, 0.134829193354, 0.138766482472, 0.120343483984, 0.112583711743, 0.130017399788, 0.187527149916, 0.20681643486, 0.187160596251, 0.15427005291, 0.148290559649], "median": [0.0131759010255, 0.0665929764509, 0.164970248938, 0.156467467546, 0.0385841950774, 0.00978220067918, 0.00516381813213, 0.0129436571151, 0.0176628548652, 0.0171489827335, 0.0322531759739, 0.0397973284125, 0.0262439288199, 0.0101529648528, 0.0078794285655, 0.0122910169885, 0.0612536594272, 0.134923607111, 0.0818644613028, 0.0119623020291, 0.00432017771527, 0.010230855085, 0.0282725319266, 0.0349525436759, 0.0228113345802, 0.0106259165332, 0.00891517940909, 0.0086300317198, 0.00889706332237, 0.00909434258938, 0.0145027069375, 0.0394174978137, 0.051380045712, 0.0286802537739, 0.00853689946234, 0.00603568647057], "min": [0, 0, 0, 0, 0, 0, 0, 0, 0, 0, 0, 0, 0, 0, 0, 0, 0, 0, 0, 0, 0, 0, 0, 0, 0, 0, 0, 0, 0, 0, 0, 0, 0, 0, 0, 0], "dvar2": [0.107735097408, 0.137876570225, 0.17178273201, 0.162193968892, 0.160396024585, 0.160603299737, 0.115786999464, 0.0963369831443, 0.101532608271, 0.0895931869745, 0.0880524516106, 0.0928776189685, 0.0897887796164, 0.0839363187551, 0.0918692201376, 0.116744965315, 0.146317183971, 0.180719956756, 0.141425669193, 0.137972980738, 0.117785744369, 0.0949579253793, 0.136458590627, 0.101644478738, 0.0605676919222, 0.0707542151213, 0.0710437372327, 0.0788084194064, 0.0685153976083, 0.0585397742689, 0.0591312646866, 0.0755112022161, 0.0891770943999, 0.0871748179197, 0.0882428586483, 0.0959838479757], "dvar": [0.0384231694043, 0.0511560589075, 0.0655621215701, 0.0679500550032, 0.0679327100515, 0.0576836615801, 0.0411569550633, 0.0346938930452, 0.0371692068875, 0.0326535664499, 0.0335029363632, 0.0367718748748, 0.0328514389694, 0.0298963300884, 0.0334156751633, 0.0419706888497, 0.055977050215, 0.0683348178864, 0.0557648576796, 0.0495922490954, 0.0413271486759, 0.033538132906, 0.0507768467069, 0.0393901690841, 0.0220873039216, 0.0258896313608, 0.0288141537458, 0.0288830399513, 0.0257122870535, 0.021339206025, 0.0214774180204, 0.0292860027403, 0.0366165451705, 0.032578215003, 0.0306833013892, 0.0335555635393], "dmean": [0.100663051009, 0.156498029828, 0.214115917683, 0.215167030692, 0.173321798444, 0.130014821887, 0.0871839374304, 0.0889784172177, 0.0990930572152, 0.0924203917384, 0.106748633087, 0.120717965066, 0.101596109569, 0.0774034112692, 0.0801957547665, 0.106900170445, 0.165391400456, 0.210723876953, 0.159785076976, 0.117298036814, 0.0859979689121, 0.0886862948537, 0.128981411457, 0.12027142942, 0.0760100781918, 0.0746983811259, 0.0788827240467, 0.0793328136206, 0.0673998817801, 0.0631365701556, 0.0729861408472, 0.110303267837, 0.123466879129, 0.107344798744, 0.0839868485928, 0.0794925391674], "max": [1, 1, 1, 1, 1, 1, 1, 1, 1, 1, 1, 1, 1, 1, 1, 1, 1, 1, 1, 1, 1, 1, 1, 1, 1, 1, 1, 1, 1, 1, 1, 1, 1, 1, 1, 1], "var": [0.0271078050137, 0.0623740516603, 0.114886716008, 0.113908722997, 0.102301441133, 0.0463614575565, 0.02697734721, 0.0273649953306, 0.0382630638778, 0.0326202251017, 0.0424976572394, 0.0653328150511, 0.034400921315, 0.021392121911, 0.0259501375258, 0.0355906896293, 0.0754368975759, 0.108364231884, 0.0960225537419, 0.0502903535962, 0.026929622516, 0.0243499279022, 0.0498355999589, 0.0467986911535, 0.0193742439151, 0.0295903924853, 0.0549911856651, 0.0353753305972, 0.0256832242012, 0.0202144831419, 0.0192755460739, 0.0476650595665, 0.0849547982216, 0.0483551546931, 0.0226633585989, 0.0213765036315], "mean": [0.0724300593138, 0.183675408363, 0.312237888575, 0.313215762377, 0.205667853355, 0.0980914533138, 0.0579685904086, 0.0748491436243, 0.0961728841066, 0.0867427587509, 0.122311040759, 0.160154119134, 0.106155984104, 0.0576141364872, 0.0599629469216, 0.0864178612828, 0.193796336651, 0.292231738567, 0.228678509593, 0.108255796134, 0.0558898858726, 0.0674239993095, 0.130284652114, 0.136942863464, 0.0743546634912, 0.0779939815402, 0.105439640582, 0.08179538697, 0.0612890273333, 0.0571539737284, 0.0651126503944, 0.140445053577, 0.192289456725, 0.126746788621, 0.0628553107381, 0.0531480945647]}, "tuning_equal_tempered_deviation": 0.309591561556, "chords_changes_rate": 0.0871731042862, "key_key": "D", "tuning_diatonic_strength": 0.587598443031, "key_scale": "minor", "chords_number_rate": 0.00124532997143, "tuning_frequency": 449.764648438, "tuning_nontempered_energy_ratio": 0.968468308449, "chords_histogram": [10.9713573456, 4.35865497589, 19.0909099579, 9.50186824799, 0.996263980865, 14.8194274902, 0.69738483429, 9.72602748871, 0, 0.211706101894, 0, 0, 0, 0, 1.24532997608, 0.0622664988041, 0.983810722828, 0, 0.124532997608, 0.635118305683, 1.05853056908, 9.83810710907, 14.8194274902, 0.85927772522], "key_strength": 0.747257351875, "chords_key": "A", "chords_strength": {"dmean2": 0.0103480769321, "median": 0.444976389408, "min": -1, "dvar2": 0.000539228261914, "dvar": 0.000283832574496, "dmean": 0.00886506866664, "max": 0.667530655861, "var": 0.00736722256988, "mean": 0.445158183575}, "chords_scale": "minor", "hpcp_entropy": {"dmean2": 1.09460270405, "median": 2.26704525948, "min": 0, "dvar2": 0.798241436481, "dvar": 0.283789753914, "dmean": 0.650624036789, "max": 4.51269340515, "var": 0.518942773342, "mean": 2.24670410156}}, "metadata": {"audio_properties": {"equal_loudness": 0, "codec": "mp3", "downmix": "mix", "sample_rate": 44100, "analysis_sample_rate": 44100, "bit_rate": 227742, "md5_encoded": "33e4f3ce8a5ec7b6f8e55b8af4033560", "length": 372.826660156, "replay_gain": -10.2707767487, "lossless": false}, "version": {"essentia_build_sha": "8c736cf16650f17891d5d07b4590ae21bf33ae95", "essentia": "2.1-dev", "extractor": "music 1.0", "essentia_git_sha": "v2.1_beta2-277-g9e13431"}, "tags": {"title": ["Spirit"], "barcode": ["732183333025"], "media": ["CD"], "albumartist": ["Wamdue Project"], "language": ["eng"], "musicbrainz_recordingid": ["09e4f667-7d99-4228-a66b-d9bd06cfe8dd"], "musicbrainz_albumartistid": ["355e35eb-86d4-454d-ac9c-656a2271181d"], "discnumber": ["1/1"], "album": ["Program Yourself"], "catalognumber": ["SR 330 CD"], "musicbrainz album release country": ["US"], "musicbrainz album type": ["album"], "musicbrainz album status": ["official"], "originaldate": ["1998-08-11"], "date": ["1998"], "file_name": "08 - Spirit.mp3", "musicip_puid": ["8a9e4e1f-5514-0aeb-9933-738ff642979b"], "script": ["Latn"], "asin": ["B000007OG2"], "musicbrainz_albumid": ["dbd61903-dab5-420a-9add-e1f8a752fa0a"], "artist": ["Wamdue Project"], "artistsort": ["Wamdue Project"], "tracknumber": ["8/11"], "label": ["Strictly Rhythm"], "albumartistsort": ["Wamdue Project"], "musicbrainz_artistid": ["355e35eb-86d4-454d-ac9c-656a2271181d"]}}, "rhythm": {"bpm_histogram_first_peak_bpm": {"dmean2": 0, "median": 81, "min": 81, "dvar2": 0, "dvar": 0, "dmean": 0, "max": 81, "var": 0, "mean": 81}, "bpm": 81.0726165771, "bpm_histogram_second_peak_spread": {"dmean2": 0, "median": 0.371428608894, "min": 0.371428608894, "dvar2": 0, "dvar": 0, "dmean": 0, "max": 0.371428608894, "var": 0, "mean": 0.371428608894}, "bpm_histogram_first_peak_weight": {"dmean2": 0, "median": 0.85996055603, "min": 0.85996055603, "dvar2": 0, "dvar": 0, "dmean": 0, "max": 0.85996055603, "var": 0, "mean": 0.85996055603}, "onset_rate": 4.45764255524, "beats_position": [0.696598649025, 1.40480720997, 2.11301589012, 2.83283448219, 3.5758728981, 4.3073015213, 5.05034017563, 5.78176879883, 6.52480697632, 7.26784563065, 8.01088428497, 8.75392246246, 9.49696159363, 10.2399997711, 10.9830379486, 11.7260770798, 12.4691152573, 13.2121543884, 13.9551925659, 14.6982307434, 15.4412698746, 16.1843090057, 16.9157371521, 17.6471652985, 18.390203476, 19.1332416534, 19.8762817383, 20.6193199158, 21.3623580933, 22.1053962708, 22.8484344482, 23.5914726257, 24.3345127106, 25.0775508881, 25.8089790344, 26.5404071808, 27.2834453583, 28.0264854431, 28.7695236206, 29.5125617981, 30.2555999756, 30.9986381531, 31.7416782379, 32.4847145081, 33.2277526855, 33.9591827393, 34.690612793, 35.4336509705, 36.1766891479, 36.9197273254, 37.6627655029, 38.4058036804, 39.1488418579, 39.8918800354, 40.6233100891, 41.3547401428, 42.0977783203, 42.8408164978, 43.5838546753, 44.3268928528, 45.0699310303, 45.8129692078, 46.5560073853, 47.2990455627, 48.0420837402, 48.7851219177, 49.5281639099, 50.2595901489, 51.0026283264, 51.7456665039, 52.4887046814, 53.2201347351, 53.9631729126, 54.7062110901, 55.4492492676, 56.1922874451, 56.9353294373, 57.6783676147, 58.4214057922, 59.1644439697, 59.8958702087, 60.6273002625, 61.3703384399, 62.1133766174, 62.8564147949, 63.5994529724, 64.3424911499, 65.0855331421, 65.8285675049, 66.5716094971, 67.3146438599, 68.0460739136, 68.7775039673, 69.5205459595, 70.2635803223, 71.0066223145, 71.7496566772, 72.4926986694, 73.2241287231, 73.9555511475, 74.6985931396, 75.4416275024, 76.1846694946, 76.9277114868, 77.6707458496, 78.4137878418, 79.1568222046, 79.8998641968, 80.6428985596, 81.3743286133, 82.105758667, 82.8487930298, 83.591835022, 84.3348770142, 85.077911377, 85.8209533691, 86.5639877319, 87.3070297241, 88.0500640869, 88.7814941406, 89.5245361328, 90.2559585571, 90.9990005493, 91.7420425415, 92.4850769043, 93.2281188965, 93.9711532593, 94.7141952515, 95.4572296143, 96.2002716064, 96.9317016602, 97.6631240845, 98.4061660767, 99.1492080688, 99.8922424316, 100.635284424, 101.378318787, 102.121360779, 102.864395142, 103.607437134, 104.338867188, 105.070289612, 105.813331604, 106.556373596, 107.299407959, 108.042449951, 108.785484314, 109.516914368, 110.25995636, 111.002990723, 111.746032715, 112.489067078, 113.220497131, 113.963539124, 114.706573486, 115.449615479, 116.192649841, 116.935691833, 117.678726196, 118.421768188, 119.164802551, 119.907844543, 120.639274597, 121.370697021, 122.113739014, 122.856781006, 123.599815369, 124.342857361, 125.085891724, 125.828933716, 126.571968079, 127.315010071, 128.058044434, 128.789474487, 129.520904541, 130.263946533, 131.006988525, 131.750015259, 132.493057251, 133.236099243, 133.979141235, 134.722167969, 135.465209961, 136.208251953, 136.951293945, 137.682723999, 138.414154053, 139.157180786, 139.900222778, 140.643264771, 141.386306763, 142.129333496, 142.872375488, 143.61541748, 144.346847534, 145.078277588, 145.82131958, 146.564346313, 147.307388306, 148.050430298, 148.79347229, 149.536499023, 150.279541016, 151.022583008, 151.765625, 152.508651733, 153.240081787, 153.971511841, 154.714553833, 155.457595825, 156.200637817, 156.943664551, 157.686706543, 158.429748535, 159.161178589, 159.904220581, 160.635650635, 161.378677368, 162.12171936, 162.864761353, 163.607803345, 164.350830078, 165.09387207, 165.836914062, 166.579956055, 167.322982788, 168.054412842, 168.785842896, 169.528884888, 170.27192688, 171.014968872, 171.757995605, 172.501037598, 173.24407959, 173.987121582, 174.730148315, 175.473190308, 176.2162323, 176.947662354, 177.679092407, 178.422134399, 179.165161133, 179.908203125, 180.651245117, 181.394287109, 182.137313843, 182.880355835, 183.623397827, 184.366439819, 185.097869873, 185.829299927, 186.57232666, 187.315368652, 188.058410645, 188.801452637, 189.54447937, 190.287521362, 191.030563354, 191.773605347, 192.516647339, 193.259674072, 194.002716064, 194.734146118, 195.465576172, 196.208618164, 196.951644897, 197.69468689, 198.437728882, 199.180770874, 199.912200928, 200.643630981, 201.386657715, 202.129699707, 202.872741699, 203.615783691, 204.358810425, 205.101852417, 205.844894409, 206.587936401, 207.330978394, 208.062393188, 208.793823242, 209.536865234, 210.279907227, 211.022949219, 211.765975952, 212.509017944, 213.252059937, 213.995101929, 214.738143921, 215.481170654, 216.224212646, 216.9556427, 217.687072754, 218.430114746, 219.173141479, 219.916183472, 220.659225464, 221.402267456, 222.145309448, 222.888336182, 223.619766235, 224.351196289, 225.094238281, 225.837280273, 226.580307007, 227.323348999, 228.066390991, 228.809432983, 229.552474976, 230.295501709, 231.038543701, 231.781585693, 232.513015747, 233.244445801, 233.987472534, 234.730514526, 235.473556519, 236.216598511, 236.959625244, 237.702667236, 238.445709229, 239.188751221, 239.920181274, 240.651611328, 241.394638062, 242.137680054, 242.880722046, 243.623764038, 244.366790771, 245.109832764, 245.852874756, 246.595916748, 247.33895874, 248.070373535, 248.801803589, 249.544845581, 250.287887573, 251.030929565, 251.773956299, 252.516998291, 253.260040283, 254.003082275, 254.746124268, 255.489151001, 256.220581055, 256.952026367, 257.695037842, 258.438079834, 259.181121826, 259.924163818, 260.667205811, 261.410247803, 262.153289795, 262.896331787, 263.627746582, 264.370788574, 265.113830566, 265.845245361, 266.588287354, 267.331329346, 268.074371338, 268.81741333, 269.560455322, 270.303497314, 271.046539307, 271.789550781, 272.532592773, 273.275634766, 274.007080078, 274.738494873, 275.481536865, 276.224578857, 276.96762085, 277.710662842, 278.453704834, 279.196716309, 279.928161621, 280.659576416, 281.402618408, 282.1456604, 282.888702393, 283.631744385, 284.374786377, 285.117828369, 285.860870361, 286.603881836, 287.346923828, 288.078369141, 288.809783936, 289.552825928, 290.29586792, 291.038909912, 291.781951904, 292.524993896, 293.268035889, 294.011047363, 294.754089355, 295.485534668, 296.216949463, 296.959991455, 297.703033447, 298.446075439, 299.189117432, 299.932159424, 300.675201416, 301.418212891, 302.161254883, 302.904296875, 303.647338867, 304.37878418, 305.110198975, 305.853240967, 306.596282959, 307.339324951, 308.082366943, 308.813781738, 309.545196533, 310.288238525, 311.008056641, 311.727874756, 312.482543945, 313.248779297, 313.980224609, 314.711639404, 315.408233643, 316.104858398, 316.813049316, 317.521270752, 318.21786499, 318.914459229, 319.611053467, 320.296051025, 320.981048584, 321.642791748, 322.316192627, 323.012786865, 323.720977783, 324.417602539, 325.114196777, 325.810791016, 326.507385254, 327.192382812, 327.877349854, 328.562347412, 329.235717773, 329.909118652, 330.570892334, 331.232635498, 331.906036377, 332.591003418, 333.310821533, 334.030639648, 334.750457764, 335.470275879, 336.190093994, 336.909912109, 337.618133545, 338.33795166, 338.941680908, 339.545379639, 340.149108887, 340.752838135, 341.356536865, 341.960266113, 342.563995361, 343.167694092, 343.701751709, 344.235809326, 344.79309082, 345.350372314, 345.907653809, 346.534606934, 347.161529541, 347.91619873, 348.670837402, 349.483520508, 350.284606934, 351.097320557, 351.898406982, 352.641448975, 353.384490967, 354.127532959, 354.870574951, 355.613586426, 356.356628418, 357.09967041, 357.842712402, 358.585754395, 359.328796387, 360.071838379, 360.814880371, 361.557922363, 362.300933838, 363.04397583, 363.787017822, 364.460388184, 365.145385742, 365.830383301, 366.503753662, 367.177124023, 367.850524902, 368.523895264, 369.197265625, 369.882263184, 370.567260742, 371.252227783, 371.937225342], "beats_loudness": {"dmean2": 0.0551616102457, "median": 0.0596588291228, "min": 2.93788354755e-10, "dvar2": 0.00302616017871, "dvar": 0.00120314932428, "dmean": 0.034233238548, "max": 0.179604589939, "var": 0.00265545747243, "mean": 0.0638640895486}, "danceability": 1.41393315792, "bpm_histogram_second_peak_weight": {"dmean2": 0, "median": 0.0433925054967, "min": 0.0433925054967, "dvar2": 0, "dvar": 0, "dmean": 0, "max": 0.0433925054967, "var": 0, "mean": 0.0433925054967}, "beats_count": 508, "bpm_histogram_second_peak_bpm": {"dmean2": 0, "median": 88, "min": 88, "dvar2": 0, "dvar": 0, "dmean": 0, "max": 88, "var": 0, "mean": 88}, "bpm_histogram_first_peak_spread": {"dmean2": 0, "median": 0.037527680397, "min": 0.037527680397, "dvar2": 0, "dvar": 0, "dmean": 0, "max": 0.037527680397, "var": 0, "mean": 0.037527680397}, "beats_loudness_band_ratio": {"dmean2": [0.473634660244, 0.155905395746, 0.0985618531704, 0.0621914416552, 0.0719369575381, 0.28575283289], "median": [0.655769705772, 0.0579468011856, 0.0221409164369, 0.0179350711405, 0.0284149367362, 0.123901352286], "min": [0.0157755017281, 0.00357648311183, 0.000902125262655, 0.000717803312, 0.000814011844341, 0.00058633799199], "dvar2": [0.140790060163, 0.0264283567667, 0.0162299629301, 0.0106909517199, 0.00403853459284, 0.0747273340821], "dvar": [0.0542137883604, 0.010084441863, 0.00587183609605, 0.0036227258388, 0.00162638002075, 0.0285805780441], "dmean": [0.275092869997, 0.0886353030801, 0.0542313568294, 0.0370615981519, 0.0406149215996, 0.164559140801], "max": [0.955463886261, 0.795705735683, 0.636362493038, 0.60786241293, 0.3288808465, 0.726232647896], "var": [0.0777319893241, 0.0231178123504, 0.00940885115415, 0.00472810957581, 0.00191719667055, 0.0354709886014], "mean": [0.563042104244, 0.129445254803, 0.0667224526405, 0.0441880226135, 0.0433206669986, 0.186797976494]}}, "lowlevel": {"barkbands_spread": {"dmean2": 14.7702436447, "median": 18.7159633636, "min": 0.534417450428, "dvar2": 284.671447754, "dvar": 139.314956665, "dmean": 9.62963294983, "max": 124.636024475, "var": 379.487579346, "mean": 24.7708683014}, "melbands_spread": {"dmean2": 15.9969320297, "median": 13.7303104401, "min": 0.478380531073, "dvar2": 567.605957031, "dvar": 269.66519165, "dmean": 10.5038738251, "max": 274.143066406, "var": 638.068908691, "mean": 21.886133194}, "hfc": {"dmean2": 26.8888874054, "median": 12.3616991043, "min": 1.06609009344e-16, "dvar2": 2556.14648438, "dvar": 1337.38122559, "dmean": 18.0049724579, "max": 597.131652832, "var": 1914.35498047, "mean": 26.4158706665}, "barkbands_kurtosis": {"dmean2": 14.317522049, "median": 3.61464190483, "min": -1.9512335062, "dvar2": 754.553588867, "dvar": 326.820861816, "dmean": 9.15833187103, "max": 370.645202637, "var": 609.5390625, "mean": 13.2682209015}, "gfcc": {"mean": [-18.5142383575, 92.3227386475, -105.471046448, 61.9311790466, -58.4830207825, 24.083562851, -28.2822494507, 4.56713247299, -17.3824081421, 2.52629709244, -8.64524269104, -2.02208256721, -8.8501996994], "icov": [[0.000266168965027, -0.000426366284955, 0.000380398472771, -0.000914419943001, 0.000613434123807, -0.000975349801593, 0.000312915246468, -0.000691893394105, 0.000331200601067, -0.000528735399712, 0.00056224456057, -0.000358911143849, 0.000408918218454], [-0.000426366284955, 0.00306710042059, -0.000903049309272, 0.00312781892717, -0.00215380080044, 0.00321743870154, -0.00179864245001, 0.00276603270322, -0.0011281336192, 0.00261299451813, -0.00252693984658, 0.00266818120144, -0.0019008271629], [0.000380398472771, -0.000903049309272, 0.00287140975706, -0.00183777301572, 0.000733662513085, -0.00202958541922, 0.000140950462082, -0.00127982359845, 0.000266070012003, -0.000492959574331, 0.000958486401942, -0.00167231319938, 0.000946401560213], [-0.000914419943001, 0.00312781892717, -0.00183777301572, 0.00625792006031, -0.00294722872786, 0.00353815872222, -0.00209512328729, 0.00371243315749, -0.00335435708985, 0.00269357278012, -0.0026803209912, 0.00208494323306, -0.00191093969624], [0.000613434123807, -0.00215380080044, 0.000733662513085, -0.00294722872786, 0.00689465133473, -0.00404223892838, -5.71387790842e-05, -0.0009184005321, -7.3968549259e-05, -0.00304673542269, 0.00152818346396, -0.000297776423395, -0.000598959857598], [-0.000975349801593, 0.00321743870154, -0.00202958541922, 0.00353815872222, -0.00404223892838, 0.0116888312623, -0.00252426485531, 0.00189273443539, -0.00143338972703, 0.00305068003945, -0.00330832204781, 0.000738184840884, -6.57067575958e-05], [0.000312915246468, -0.00179864245001, 0.000140950462082, -0.00209512328729, -5.71387790842e-05, -0.00252426485531, 0.00706369895488, -0.00365311070345, 0.0014061187394, -0.00140862399712, -0.000224590316066, -0.00204130378552, 0.00089326815214], [-0.000691893394105, 0.00276603270322, -0.00127982359845, 0.00371243315749, -0.0009184005321, 0.00189273443539, -0.00365311070345, 0.0142131811008, -0.00347609096207, 0.000863903202116, -0.000680505763739, 0.0032268743962, -0.00427560182288], [0.000331200601067, -0.0011281336192, 0.000266070012003, -0.00335435708985, -7.3968549259e-05, -0.00143338972703, 0.0014061187394, -0.00347609096207, 0.0114612942562, -0.0024388183374, -0.000511273567099, 0.000104451777588, -0.001558773336], [-0.000528735399712, 0.00261299451813, -0.000492959574331, 0.00269357278012, -0.00304673542269, 0.00305068003945, -0.00140862399712, 0.000863903202116, -0.0024388183374, 0.0143994623795, -0.0035251583904, -0.000912369054276, -0.0003989218676], [0.00056224456057, -0.00252693984658, 0.000958486401942, -0.0026803209912, 0.00152818346396, -0.00330832204781, -0.000224590316066, -0.000680505763739, -0.000511273567099, -0.0035251583904, 0.013800714165, -0.00269063632004, -0.000375731702661], [-0.000358911143849, 0.00266818120144, -0.00167231319938, 0.00208494323306, -0.000297776423395, 0.000738184840884, -0.00204130378552, 0.0032268743962, 0.000104451777588, -0.000912369054276, -0.00269063632004, 0.0174601767212, -0.00550100021064], [0.000408918218454, -0.0019008271629, 0.000946401560213, -0.00191093969624, -0.000598959857598, -6.57067575958e-05, 0.00089326815214, -0.00427560182288, -0.001558773336, -0.0003989218676, -0.000375731702661, -0.00550100021064, 0.0198883451521]], "cov": [[12322.4599609, -1960.66955566, -111.66897583, 1831.94592285, -303.5496521, 741.024047852, -7.68211221695, 320.727325439, 197.023452759, 216.988510132, -178.879348755, 167.111465454, -134.177261353], [-1960.66955566, 1524.36230469, -97.3180770874, -645.169799805, 136.901977539, -259.882568359, 74.4068908691, -127.56439209, -72.9080505371, -127.364265442, 98.3828659058, -132.709411621, 58.0260772705], [-111.66897583, -97.3180770874, 532.198486328, 201.026885986, 73.5557250977, 93.9742050171, 83.1283416748, 28.4531993866, 55.7316322327, 14.2577772141, 21.3386974335, 48.2283668518, 10.2908668518], [1831.94592285, -645.169799805, 201.026885986, 795.069885254, 88.1735610962, 165.176681519, 71.5608520508, 50.5861778259, 154.427139282, 64.2764434814, 15.6216001511, 61.8254508972, 9.1493062973], [-303.5496521, 136.901977539, 73.5557250977, 88.1735610962, 281.797576904, 50.4932479858, 84.7377548218, 0.0477775447071, 56.7447547913, 28.1809673309, 42.1087188721, 0.616287231445, 35.1338920593], [741.024047852, -259.882568359, 93.9742050171, 165.176681519, 50.4932479858, 205.193695068, 51.5057411194, 38.2982025146, 35.2683677673, 26.8852539062, 9.03420448303, 35.6647872925, -7.21791219711], [-7.68211221695, 74.4068908691, 83.1283416748, 71.5608520508, 84.7377548218, 51.5057411194, 222.183898926, 38.4355430603, 26.1312980652, 18.2167663574, 40.4502334595, 19.2646198273, 19.7014217377], [320.727325439, -127.56439209, 28.4531993866, 50.5861778259, 0.0477775447071, 38.2982025146, 38.4355430603, 113.25037384, 32.5814704895, 20.6030254364, -4.63180112839, 8.92191123962, 12.8155679703], [197.023452759, -72.9080505371, 55.7316322327, 154.427139282, 56.7447547913, 35.2683677673, 26.1312980652, 32.5814704895, 140.284591675, 29.694026947, 24.4400672913, 10.5765476227, 23.8006057739], [216.988510132, -127.364265442, 14.2577772141, 64.2764434814, 28.1809673309, 26.8852539062, 18.2167663574, 20.6030254364, 29.694026947, 100.305992126, 15.5450134277, 24.2350387573, 4.74794197083], [-178.879348755, 98.3828659058, 21.3386974335, 15.6216001511, 42.1087188721, 9.03420448303, 40.4502334595, -4.63180112839, 24.4400672913, 15.5450134277, 104.627967834, 10.1869592667, 19.0734558105], [167.111465454, -132.709411621, 48.2283668518, 61.8254508972, 0.616287231445, 35.6647872925, 19.2646198273, 8.92191123962, 10.5765476227, 24.2350387573, 10.1869592667, 84.3762741089, 13.5604600906], [-134.177261353, 58.0260772705, 10.2908668518, 9.1493062973, 35.1338920593, -7.21791219711, 19.7014217377, 12.8155679703, 23.8006057739, 4.74794197083, 19.0734558105, 13.5604600906, 67.9509048462]]}, "spectral_energyband_middle_low": {"dmean2": 0.00681720906869, "median": 0.00406516250223, "min": 1.4801691252e-22, "dvar2": 0.000166291356436, "dvar": 6.11723953625e-05, "dmean": 0.00397899700329, "max": 0.0984318852425, "var": 5.26332041773e-05, "mean": 0.0060715326108}, "melbands_crest": {"dmean2": 5.49301099777, "median": 16.6520690918, "min": 1.49796783924, "dvar2": 25.8325519562, "dvar": 11.6057052612, "dmean": 3.44525194168, "max": 32.236076355, "var": 46.6113853455, "mean": 17.3321933746}, "spectral_kurtosis": {"dmean2": 1.98303425312, "median": 1.62489771843, "min": -1.36784923077, "dvar2": 7.53795909882, "dvar": 2.56254482269, "dmean": 1.16921854019, "max": 37.0233459473, "var": 15.6263990402, "mean": 3.01739883423}, "spectral_rms": {"dmean2": 0.00203475961462, "median": 0.00446917815134, "min": 3.06038657957e-12, "dvar2": 5.96197469349e-06, "dvar": 3.15732995659e-06, "dmean": 0.001401009853, "max": 0.0184595137835, "var": 1.40192814797e-05, "mean": 0.00580065418035}, "zerocrossingrate": {"dmean2": 0.0163763072342, "median": 0.046875, "min": 0.00439453125, "dvar2": 0.000297608406981, "dvar": 0.000259474792983, "dmean": 0.0141886798665, "max": 0.52392578125, "var": 0.002186055528, "mean": 0.0585489906371}, "silence_rate_60dB": {"dmean2": 0.0440956652164, "median": 0, "min": 0, "dvar2": 0.0516228638589, "dvar": 0.0215624682605, "dmean": 0.0220464598387, "max": 1, "var": 0.0878602415323, "mean": 0.0973346605897}, "erbbands_kurtosis": {"dmean2": 1.38065683842, "median": -0.542307853699, "min": -1.83308172226, "dvar2": 3.85979509354, "dvar": 1.76683628559, "dmean": 0.89356225729, "max": 36.829750061, "var": 3.09042000771, "mean": 0.0158131867647}, "erbbands": {"dmean2": [0.719166874886, 6.17169523239, 8.55700492859, 11.594127655, 9.71685600281, 8.87730789185, 8.64737892151, 7.66923618317, 4.81035995483, 6.52825403214, 10.2730464935, 9.17725467682, 5.36406993866, 5.62941360474, 7.52117681503, 9.48965930939, 13.911491394, 14.2217187881, 16.7206878662, 16.6730747223, 13.2683238983, 24.2135047913, 19.2788944244, 21.7111034393, 24.0819168091, 26.7218799591, 25.2059516907, 36.4125938416, 65.7814254761, 33.678565979, 18.1128997803, 9.38986968994, 4.55659866333, 1.8311393261, 0.605566501617, 0.160116121173, 0.0248569771647, 0.00283428933471, 0.000155930305482, 4.41500960733e-05], "median": [0.101094573736, 1.18999564648, 2.7629699707, 1.92035782337, 3.11985683441, 4.16948890686, 4.62099838257, 3.00878214836, 2.6364274025, 3.36190223694, 4.56178617477, 3.98716259003, 2.82508611679, 3.20835494995, 4.26834869385, 4.88022756577, 5.82306051254, 4.88607501984, 4.78627634048, 4.14600467682, 4.33912086487, 4.08168506622, 6.02550649643, 6.27016305923, 7.91516494751, 6.53106403351, 5.60501766205, 6.79935741425, 4.3992600441, 3.64407110214, 3.4779419899, 1.4393569231, 0.50897115469, 0.269073903561, 0.0687626153231, 0.0164017118514, 0.00350841972977, 0.000554953119718, 6.81200763211e-05, 2.95024292427e-05], "min": [1.4128551824e-22, 9.04738286554e-22, 1.36262678035e-21, 7.7827048922e-21, 3.09807832229e-20, 4.08377840571e-20, 2.28577985218e-20, 8.03617403452e-20, 1.90503275212e-19, 2.57609556101e-19, 2.57867894946e-19, 3.48963124457e-19, 4.70282111835e-19, 8.81032034984e-19, 9.55009795695e-19, 9.39873114268e-19, 1.34277397228e-18, 2.37993179839e-18, 3.35184792504e-18, 3.24971366006e-18, 3.76981815266e-18, 6.37764896316e-18, 6.37740039538e-18, 7.25815418749e-18, 5.99637908496e-18, 9.8137659131e-18, 9.60035000634e-18, 1.03871170557e-17, 1.14885841419e-17, 1.24109533907e-17, 1.32040574707e-17, 1.21044118362e-17, 9.24897691702e-18, 9.28357043741e-18, 7.31020700908e-18, 4.73647175624e-18, 2.34399472989e-18, 1.05353455467e-18, 2.70165821757e-19, 2.70691753531e-20], "dvar2": [1.85033655167, 126.401725769, 293.06930542, 814.835327148, 405.939453125, 209.60256958, 186.941772461, 238.557571411, 66.0299987793, 143.698471069, 570.200866699, 450.283416748, 117.983558655, 91.5720672607, 145.346694946, 385.885314941, 719.754760742, 1516.8737793, 1275.53857422, 1610.69396973, 999.876220703, 4172.36914062, 1806.11437988, 1954.8984375, 2761.73999023, 3326.22705078, 4249.24365234, 7511.82910156, 28155.1484375, 4944.01025391, 1683.52001953, 2483.50048828, 291.878173828, 26.6183738708, 2.00576162338, 0.156226992607, 0.00376320746727, 5.47366471437e-05, 1.67343472413e-07, 3.89590137928e-09], "dvar": [0.878538370132, 52.0076637268, 110.167282104, 292.874969482, 145.376052856, 76.9964828491, 69.2985839844, 87.2232589722, 25.274023056, 56.9677505493, 223.686355591, 200.329025269, 59.0806083679, 36.7295150757, 58.6067810059, 168.095916748, 288.058074951, 538.666564941, 484.80267334, 685.198791504, 422.904785156, 1687.0390625, 762.324645996, 824.233215332, 1162.29553223, 1519.39306641, 1749.32788086, 3898.9453125, 12444.9697266, 2540.80639648, 776.138549805, 1110.5456543, 132.523925781, 12.1155042648, 0.909338057041, 0.0667497292161, 0.00164967577439, 2.27009895752e-05, 6.68518325142e-08, 1.88323934225e-09], "dmean": [0.470934450626, 3.92133998871, 5.03332710266, 6.5029091835, 5.53345870972, 5.14578104019, 5.20238113403, 4.51068067551, 2.92618322372, 3.99302506447, 6.25901603699, 5.8632349968, 3.46220254898, 3.51940369606, 4.6409702301, 5.90314292908, 8.50999927521, 8.18754863739, 9.92541503906, 10.6558790207, 8.16814041138, 14.8430404663, 11.859454155, 13.4056615829, 15.6414890289, 17.7391757965, 15.8720293045, 23.6005573273, 41.205368042, 22.3664302826, 11.6431970596, 6.075527668, 2.98368549347, 1.20622169971, 0.390040576458, 0.100997209549, 0.0158185716718, 0.00180421210825, 9.60244578891e-05, 2.95156551147e-05], "max": [8.87924098969, 71.8332061768, 156.948059082, 317.010620117, 198.970046997, 208.61366272, 109.189682007, 165.559738159, 100.118469238, 159.153320312, 453.303833008, 772.531433105, 434.912445068, 123.376022339, 264.726867676, 601.246337891, 448.85736084, 306.35345459, 345.033752441, 947.237365723, 262.944519043, 551.161682129, 267.072418213, 519.400817871, 401.331970215, 739.651123047, 994.829162598, 1505.27526855, 1179.70593262, 767.787780762, 1056.72924805, 2341.31738281, 878.08190918, 169.804168701, 18.1894016266, 4.4114613533, 0.621954917908, 0.0831331312656, 0.0063751405105, 0.00043002597522], "var": [2.13587355614, 111.96723938, 141.102264404, 199.602798462, 110.68460083, 94.7779998779, 77.1436233521, 87.748298645, 41.3156585693, 111.548683167, 368.895782471, 529.724487305, 238.826049805, 58.78855896, 109.534011841, 399.751983643, 464.636169434, 400.730163574, 648.117675781, 1292.63037109, 465.993652344, 1565.45153809, 782.557800293, 1120.78686523, 1356.58178711, 1889.04199219, 1776.26489258, 4814.67626953, 12181.6962891, 3226.96557617, 1005.59082031, 1232.40393066, 179.354995728, 16.9152889252, 1.08990824223, 0.0695815756917, 0.00181493663695, 2.50958491961e-05, 7.41113410641e-08, 4.6552206534e-09], "mean": [0.892089903355, 7.33358669281, 7.24888753891, 5.99538326263, 6.26046895981, 7.21073579788, 7.48665380478, 6.0511007309, 4.79091215134, 6.8880238533, 9.78544998169, 10.6237668991, 6.48768281937, 5.71843194962, 7.55891132355, 10.3517942429, 13.1484298706, 10.2810602188, 13.7411594391, 15.4263391495, 10.4909667969, 16.1177005768, 14.1184310913, 17.3363132477, 20.3913974762, 21.68309021, 19.0273838043, 27.7832298279, 37.2354240417, 23.2477092743, 13.9215488434, 7.18030738831, 3.27362179756, 1.37518370152, 0.411241620779, 0.103182710707, 0.0174449775368, 0.00224470579997, 0.000141516386066, 6.32913797745e-05]}, "spectral_strongpeak": {"dmean2": 0.456724613905, "median": 0.369741886854, "min": 0, "dvar2": 1.72052693367, "dvar": 0.688365101814, "dmean": 0.275846660137, "max": 43.257106781, "var": 0.742017149925, "mean": 0.545280456543}, "spectral_energy": {"dmean2": 0.0336764529347, "median": 0.0204728916287, "min": 9.60011520983e-21, "dvar2": 0.00251183309592, "dvar": 0.00115692429245, "dmean": 0.0221403557807, "max": 0.34927251935, "var": 0.00296614225954, "mean": 0.0488586463034}, "average_loudness": 0.839818298817, "spectral_rolloff": {"dmean2": 1313.06811523, "median": 602.9296875, "min": 64.599609375, "dvar2": 3812462.5, "dvar": 1765798.125, "dmean": 775.564575195, "max": 19745.9472656, "var": 4042979.25, "mean": 1443.9510498}, "spectral_centroid": {"dmean2": 590.028259277, "median": 1516.58483887, "min": 214.033584595, "dvar2": 392375.9375, "dvar": 217240.453125, "dmean": 395.482910156, "max": 11626.9121094, "var": 1047233.6875, "mean": 1664.41320801}, "pitch_salience": {"dmean2": 0.150619924068, "median": 0.511954069138, "min": 0.0446835942566, "dvar2": 0.0202481094748, "dvar": 0.00900097750127, "dmean": 0.0968124717474, "max": 0.863036930561, "var": 0.0361325778067, "mean": 0.459994971752}, "spectral_energyband_middle_high": {"dmean2": 0.00253498018719, "median": 0.00155857484788, "min": 1.16926180111e-21, "dvar2": 2.33854789258e-05, "dvar": 1.00127062979e-05, "dmean": 0.00163482408971, "max": 0.0327823497355, "var": 1.39537796713e-05, "mean": 0.00282925437205}, "spectral_contrast_coeffs": {"dmean2": [0.0858113840222, 0.0734332874417, 0.0572031289339, 0.0527296736836, 0.0382573120296, 0.0340700484812], "median": [-0.675411343575, -0.774621844292, -0.786049187183, -0.77514475584, -0.796643614769, -0.727878928185], "min": [-0.97617316246, -0.978022396564, -0.972185134888, -0.973496437073, -0.967367291451, -0.966186821461], "dvar2": [0.00517372088507, 0.00361899822019, 0.00203783065081, 0.00171865930315, 0.00107874267269, 0.000895426433999], "dvar": [0.00187320332043, 0.00131774903275, 0.000766828947235, 0.000636650947854, 0.000443234777777, 0.000437093607616], "dmean": [0.0514540113509, 0.0442674197257, 0.0349982865155, 0.0317550748587, 0.0234810449183, 0.0216515474021], "max": [-0.361051023006, -0.476504445076, -0.538853883743, -0.576992094517, -0.60660970211, -0.506235361099], "var": [0.00471448851749, 0.00324524217285, 0.00258361082524, 0.0020137578249, 0.00172420102172, 0.00262629007921], "mean": [-0.670912563801, -0.769103527069, -0.78288257122, -0.772836387157, -0.793991804123, -0.733083426952]}, "melbands_skewness": {"dmean2": 2.17696690559, "median": 3.80590987206, "min": -1.25993168354, "dvar2": 5.91123390198, "dvar": 2.9657831192, "dmean": 1.49320721626, "max": 19.4916706085, "var": 13.7815122604, "mean": 5.05286359787}, "spectral_spread": {"dmean2": 639609.3125, "median": 4942872, "min": 1541030.625, "dvar2": 1121148600320.0, "dvar": 484104994816, "dmean": 427718.90625, "max": 52498760, "var": 4817548214270.0, "mean": 4938055}, "dissonance": {"dmean2": 0.0218174010515, "median": 0.481524944305, "min": 0.314876705408, "dvar2": 0.000474230619147, "dvar": 0.000172020692844, "dmean": 0.012972950004, "max": 0.500000059605, "var": 0.000391680776374, "mean": 0.476023167372}, "spectral_skewness": {"dmean2": 0.314837753773, "median": 0.950646042824, "min": -0.393080472946, "dvar2": 0.0922930762172, "dvar": 0.039387922734, "dmean": 0.198501765728, "max": 4.93383979797, "var": 0.467982143164, "mean": 1.15579485893}, "spectral_flux": {"dmean2": 0.0646854192019, "median": 0.06982704252, "min": 6.23196008687e-11, "dvar2": 0.00631021475419, "dvar": 0.00283459271304, "dmean": 0.0415253378451, "max": 0.464392930269, "var": 0.00571426283568, "mean": 0.0959483161569}, "spectral_contrast_valleys": {"dmean2": [0.653095304966, 0.585819780827, 0.541922748089, 0.550770521164, 0.486563503742, 0.532900691032], "median": [-6.81097602844, -6.87435722351, -7.79538345337, -8.02037811279, -7.48855686188, -10.0273933411], "min": [-27.9162731171, -27.8536434174, -27.783285141, -27.6342124939, -27.5161132812, -27.3664321899], "dvar2": [0.335178881884, 0.271143078804, 0.253581166267, 0.313317984343, 0.297484785318, 0.366951853037], "dvar": [0.146920308471, 0.112811557949, 0.113402299583, 0.146817609668, 0.152230337262, 0.208062410355], "dmean": [0.408252418041, 0.359323948622, 0.344417244196, 0.366801738739, 0.334163278341, 0.390932559967], "max": [-4.96718645096, -4.93442964554, -5.73564577103, -5.58482599258, -5.10332489014, -7.19308519363], "var": [2.0462346077, 1.6289960146, 1.56512403488, 1.77687263489, 2.15425133705, 2.48232913017], "mean": [-6.97644138336, -6.96586370468, -7.8770160675, -8.10731887817, -7.70070314407, -10.1785001755]}, "erbbands_flatness_db": {"dmean2": 0.0190937425941, "median": 0.12616699934, "min": 0.0493931099772, "dvar2": 0.000275654107099, "dvar": 0.000123138786876, "dmean": 0.0122900819406, "max": 0.303976893425, "var": 0.00135263078846, "mean": 0.136526450515}, "spectral_energyband_high": {"dmean2": 0.00328839733265, "median": 0.00059608736774, "min": 7.02474491819e-21, "dvar2": 4.48908831459e-05, "dvar": 2.39804467128e-05, "dmean": 0.00216728448868, "max": 0.07612195611, "var": 3.26958470396e-05, "mean": 0.00253335223533}, "spectral_entropy": {"dmean2": 0.240198865533, "median": 7.77675771713, "min": 5.94382429123, "dvar2": 0.0512396432459, "dvar": 0.0239307172596, "dmean": 0.157178610563, "max": 9.8164396286, "var": 0.208746165037, "mean": 7.70519685745}, "silence_rate_20dB": {"dmean2": 0, "median": 1, "min": 1, "dvar2": 0, "dvar": 0, "dmean": 0, "max": 1, "var": 0, "mean": 1}, "melbands_flatness_db": {"dmean2": 0.0550269447267, "median": 0.228313803673, "min": 0.00366805982776, "dvar2": 0.00280639668927, "dvar": 0.00142544647679, "dmean": 0.0386594086885, "max": 0.491204768419, "var": 0.00728340726346, "mean": 0.228728473186}, "barkbands": {"dmean2": [0.000644475978334, 0.0265842471272, 0.00729658594355, 0.00377555773593, 0.00257494114339, 0.00102689035702, 0.000386859523132, 0.000440015195636, 0.000389473512769, 0.000177107183845, 0.000182411778951, 0.000245977396844, 0.000297138176393, 0.000367632135749, 0.000324009160977, 0.000259853288298, 0.000390863628127, 0.000425898004323, 0.000406764884247, 0.000585397821851, 0.000742358563002, 0.00162908306811, 0.000621276616585, 0.000348180095898, 0.000126843311591, 2.12781706068e-05, 8.34361344459e-07], "median": [9.57105512498e-05, 0.00499772839248, 0.00128860166296, 0.000452589476481, 0.00131957023405, 0.00043987686513, 0.000188032252481, 0.000167113408679, 0.000176644069143, 7.36564397812e-05, 0.000103088881588, 0.000119782620459, 0.000106865365524, 0.000101680314401, 5.83926885156e-05, 7.89161131252e-05, 6.18309059064e-05, 0.000109936270746, 0.000142218064866, 0.000145116908243, 0.00017872985336, 0.000129863823531, 0.000112514040666, 4.09516214859e-05, 1.76903158717e-05, 2.44981265496e-06, 2.01710165015e-07], "min": [9.12947443713e-25, 1.94140147889e-24, 1.38192781567e-24, 9.60943220301e-25, 1.15989035128e-23, 7.79280820616e-24, 1.71319320924e-23, 6.85555230947e-24, 1.13676655045e-23, 1.07968560087e-23, 1.72649166861e-23, 2.06062948223e-23, 2.97880188699e-23, 2.81971357041e-23, 5.39351647747e-23, 6.35001726702e-23, 9.99007707464e-23, 1.15878605645e-22, 1.52095739919e-22, 2.0984789338e-22, 2.43810299103e-22, 3.1305257137e-22, 4.6187182485e-22, 6.28444815832e-22, 8.64543387431e-22, 1.38641892623e-21, 2.00283791728e-21], "dvar2": [1.38890959533e-06, 0.00227797264233, 0.000256433238974, 8.93845281098e-05, 1.80946299224e-05, 3.9832038965e-06, 4.6414766075e-07, 9.76525939222e-07, 6.54598295569e-07, 1.1657323995e-07, 7.28563307462e-08, 2.387863276e-07, 3.42064709002e-07, 1.07393930193e-06, 4.89789215408e-07, 3.88562312992e-07, 1.06090385543e-06, 8.87927171789e-07, 5.95585845531e-07, 1.56312114541e-06, 3.168138619e-06, 1.50895211846e-05, 2.28115231948e-06, 3.06703554998e-06, 1.16849520282e-07, 2.90062285302e-09, 5.648