{"metadata": {"tags": {"label": ["Art Line Music"], "genre": ["Arabic"], "initialkey": ["Gm"], "originalyear": ["2006"], "album": ["Ya TabTab"], "musicbrainz album type": ["album"], "script": ["Latn"], "albumartistsort": ["Ajram, Nancy"], "musicbrainz album release country": ["LB"], "acoustid_id": ["5070b927-d0a0-4984-a940-57769be6a306"], "musicbrainz_artistid": ["c5fb9677-b013-4cd7-b89b-bb6e73ad851b"], "musicbrainz_releasegroupid": ["943b88d4-0018-3da9-9a1f-bd39546eba9f"], "musicbrainz_recordingid": ["09e42813-969b-48e3-bb69-0f23a6c67a9a"], "musicbrainz album status": ["official"], "albumartist": ["Nancy Ajram"], "originaldate": ["2006-04-04"], "artist": ["Nancy Ajram"], "bpm": ["110"], "musicbrainz_albumid": ["3e37ca50-ace8-4071-99d6-b5df7a5823fb"], "artistsort": ["Ajram, Nancy"], "title": ["Ehsas Jdid"], "tracknumber": ["2/11"], "musicbrainz_albumartistid": ["c5fb9677-b013-4cd7-b89b-bb6e73ad851b"], "artistwebpage": ["http://www.passionate-music.com"], "discnumber": ["1/1"], "date": ["2006-04-04"], "media": ["CD"], "file_name": "\u0627\u062d\u0633\u0627\u0633 \u062c\u062f\u064a\u062f.mp3"}, "audio_properties": {"sample_rate": 44100, "downmix": "mix", "lossless": false, "analysis_sample_rate": 44100, "md5_encoded": "663ac4e619d99eda22a8f36de3782989", "equal_loudness": 0, "replay_gain": -14.1812095642, "codec": "mp3", "bit_rate": 128000, "length": 272.97958374}, "version": {"extractor": "music 1.0", "essentia_build_sha": "2d9f1f26377add8aeb1075a9c2973f962c4f09fd", "essentia_git_sha": "v2.1_beta2-1-ge3940c0", "essentia": "2.1-beta2"}}, "rhythm": {"beats_loudness_band_ratio": {"dvar2": [0.463187873363, 0.103060685098, 0.095524251461, 0.0724858641624, 0.0238395761698, 0.0321421846747], "var": [0.118436202407, 0.0549514368176, 0.0507258139551, 0.0324111320078, 0.00781184528023, 0.00871187634766], "min": [0, 0, 0, 0, 0, 0], "dmean": [0.419377684593, 0.213607162237, 0.24077115953, 0.152625188231, 0.0777873843908, 0.078104108572], "mean": [0.290673822165, 0.231254518032, 0.248384356499, 0.139812409878, 0.0674645751715, 0.060784664005], "max": [0.983513653278, 0.962292671204, 0.976259887218, 0.953052103519, 0.749589860439, 0.829835236073], "dmean2": [0.812862694263, 0.398882806301, 0.444021493196, 0.276052415371, 0.143614426255, 0.148252129555], "median": [0.109350785613, 0.13629335165, 0.192330777645, 0.062842041254, 0.0378065183759, 0.0282056890428], "dvar": [0.127089709044, 0.035873118788, 0.0325276255608, 0.0265752337873, 0.00815746746957, 0.0111823193729]}, "bpm_histogram_first_peak_weight": {"dvar2": 0, "var": 0, "min": 0.5510597229, "dmean": 0, "mean": 0.5510597229, "max": 0.5510597229, "dmean2": 0, "median": 0.5510597229, "dvar": 0}, "bpm": 109.797164917, "beats_count": 520, "bpm_histogram_first_peak_spread": {"dvar2": 0, "var": 0, "min": 0.212121263146, "dmean": 0, "mean": 0.212121263146, "max": 0.212121263146, "dmean2": 0, "median": 0.212121263146, "dvar": 0}, "danceability": 1.21692585945, "bpm_histogram_first_peak_bpm": {"dvar2": 0, "var": 0, "min": 110, "dmean": 0, "mean": 110, "max": 110, "dmean2": 0, "median": 110, "dvar": 0}, "beats_position": [0.371519267559, 0.754648506641, 1.13777780533, 1.50929701328, 1.89242625237, 2.27555561066, 2.6470746994, 3.01859402657, 3.40172338486, 3.79646253586, 4.19120168686, 4.58594083786, 4.96907043457, 5.35219955444, 5.73532867432, 6.10684776306, 6.47836732864, 6.84988641739, 7.20979595184, 7.56970500946, 7.94122457504, 8.3011341095, 8.66104316711, 9.03256225586, 9.39247131348, 9.75238037109, 10.1239004135, 10.4954195023, 10.866938591, 11.2500677109, 11.6331968307, 12.0047159195, 12.3762359619, 12.7593650818, 13.1308841705, 13.5140132904, 13.8971424103, 14.2802715302, 14.6517915726, 15.0233106613, 15.3948297501, 15.7663488388, 16.1494789124, 16.5326080322, 16.9157371521, 17.298866272, 17.6819953918, 18.0999546051, 18.5063037872, 18.9242630005, 19.4234924316, 19.9343299866, 20.4451694489, 20.9792289734, 21.5016784668, 22.0241260529, 22.5930156708, 23.1502952576, 23.707572937, 24.2764625549, 24.8337402344, 25.5071201324, 26.1804981232, 26.865486145, 27.5388660431, 28.2122440338, 28.8856239319, 29.5357818604, 30.1743297577, 30.8128795624, 31.3701572418, 31.9274368286, 32.4731063843, 33.0187759399, 33.5644454956, 34.121723175, 34.6673927307, 35.2246704102, 35.7819480896, 36.3276176453, 36.8732872009, 37.4073448181, 37.9530143738, 38.4986839294, 39.0443534851, 39.5900230408, 40.1356925964, 40.6813583374, 41.2270278931, 41.8075294495, 42.3880271912, 42.9569168091, 43.5374145508, 44.1179122925, 44.7796821594, 45.4414520264, 46.1148300171, 46.7882080078, 47.473197937, 48.076915741, 48.6922454834, 49.2959632874, 49.8996810913, 50.5033988953, 51.0839004517, 51.6643981934, 52.2448959351, 52.813785553, 53.3826751709, 53.9167327881, 54.45079422, 55.0312919617, 55.6001815796, 56.1690673828, 56.726348877, 57.2952384949, 57.8757362366, 58.433013916, 58.9786834717, 59.5359611511, 60.070022583, 60.6156921387, 61.1613578796, 61.7186393738, 62.252696991, 62.7983665466, 63.3440361023, 63.9013137817, 64.4353713989, 64.9810409546, 65.5267105103, 66.0723800659, 66.6180496216, 67.1637191772, 67.7093887329, 68.2550582886, 68.8007278442, 69.3463897705, 69.8920593262, 70.4377288818, 70.9833984375, 71.5290679932, 72.0747375488, 72.6204071045, 73.1660766602, 73.7117462158, 74.2574157715, 74.8030853271, 75.3487548828, 75.8944168091, 76.4400863647, 76.9973678589, 77.5430374146, 78.0887069702, 78.6343765259, 79.1800460815, 79.7373199463, 80.2713851929, 80.8170471191, 81.3627166748, 81.8967819214, 82.4424438477, 82.9765090942, 83.5221786499, 84.0794525146, 84.6251220703, 85.170791626, 85.7280731201, 86.2621307373, 86.807800293, 87.3534698486, 87.8991394043, 88.44480896, 88.9904708862, 89.5361404419, 90.0818099976, 90.6274795532, 91.1731491089, 91.7188186646, 92.2644882202, 92.8101577759, 93.3558273315, 93.9014968872, 94.4471664429, 94.9928359985, 95.5384979248, 96.0841674805, 96.6298370361, 97.1755065918, 97.7211761475, 98.2668457031, 98.8009033203, 99.346572876, 99.8922424316, 100.437911987, 100.983581543, 101.529251099, 102.074920654, 102.62059021, 103.166259766, 103.711929321, 104.257591248, 104.803260803, 105.348930359, 105.894599915, 106.44026947, 106.985939026, 107.531608582, 108.077278137, 108.622947693, 109.168617249, 109.714286804, 110.25995636, 110.805618286, 111.351287842, 111.896957397, 112.442626953, 112.988296509, 113.533966064, 114.07963562, 114.625305176, 115.170974731, 115.728248596, 116.157821655, 116.598999023, 117.05178833, 117.469749451, 117.887710571, 118.305664063, 118.712013245, 119.118362427, 119.524711609, 119.931060791, 120.337409973, 120.743759155, 121.161720276, 121.579681396, 121.997642517, 122.427207947, 122.856781006, 123.286346436, 123.715919495, 124.133872986, 124.551834106, 124.969795227, 125.376144409, 125.782493591, 126.188842773, 126.618408203, 127.036369324, 127.454330444, 127.849067688, 128.232192993, 128.615325928, 129.010070801, 129.404800415, 129.799545288, 130.205886841, 130.600631714, 130.995376587, 131.390106201, 131.784851074, 132.179595947, 132.574325562, 132.957458496, 133.340591431, 133.723709106, 134.211334229, 134.698959351, 135.186569214, 135.674194336, 136.161804199, 136.719085693, 137.276367188, 137.833648682, 138.390930176, 138.959823608, 139.505477905, 140.039550781, 140.573608398, 141.119277954, 141.66494751, 142.210617065, 142.756271362, 143.313552856, 143.859222412, 144.404891968, 144.938949585, 145.484619141, 146.030288696, 146.575958252, 147.121627808, 147.667297363, 148.212966919, 148.758636475, 149.30430603, 149.849975586, 150.395645142, 150.941314697, 151.486984253, 152.032653809, 152.578323364, 153.12399292, 153.669662476, 154.215332031, 154.761001587, 155.295059204, 155.852325439, 156.397994995, 156.943664551, 157.489334106, 158.035003662, 158.580673218, 159.126342773, 159.672012329, 160.217681885, 160.774963379, 161.320632935, 161.86630249, 162.400360107, 162.946029663, 163.491699219, 164.037368774, 164.58303833, 165.140319824, 165.68598938, 166.231658936, 166.765716553, 167.29977417, 167.845443726, 168.391113281, 168.948379517, 169.494049072, 170.039718628, 170.573776245, 171.119445801, 171.665115356, 172.210784912, 172.756454468, 173.302124023, 173.847793579, 174.393463135, 174.93913269, 175.484802246, 176.030471802, 176.576141357, 177.121810913, 177.667480469, 178.213150024, 178.75881958, 179.304489136, 179.850158691, 180.395828247, 180.941497803, 181.487167358, 182.032836914, 182.57850647, 183.124176025, 183.669830322, 184.215499878, 184.761169434, 185.29524231, 185.852508545, 186.409790039, 186.967071533, 187.50112915, 188.046798706, 188.592468262, 189.126525879, 189.672195435, 190.21786499, 190.763534546, 191.309204102, 191.854873657, 192.400543213, 192.957824707, 193.491882324, 194.03755188, 194.583221436, 195.117279053, 195.662948608, 196.208618164, 196.75428772, 197.299957275, 197.845626831, 198.391296387, 198.948562622, 199.494232178, 200.039901733, 200.585571289, 201.131240845, 201.6769104, 202.222579956, 202.768249512, 203.313919067, 203.859588623, 204.405258179, 204.950927734, 205.49659729, 206.030654907, 206.576324463, 207.121994019, 207.667663574, 208.21333313, 208.759002686, 209.31628418, 209.850341797, 210.396011353, 210.941680908, 211.487350464, 212.033004761, 212.578674316, 213.124343872, 213.670013428, 214.204071045, 214.761352539, 215.307022095, 215.85269165, 216.386749268, 216.944030762, 217.489700317, 218.035369873, 218.56942749, 219.115097046, 219.660766602, 220.206436157, 220.752105713, 221.309387207, 221.843444824, 222.38911438, 222.934783936, 223.480453491, 224.026123047, 224.571792603, 225.117462158, 225.674728394, 226.220397949, 226.766067505, 227.300125122, 227.845794678, 228.391464233, 228.937133789, 229.482803345, 230.0284729, 230.574142456, 231.119812012, 231.665481567, 232.211151123, 232.756820679, 233.302490234, 233.84815979, 234.393829346, 234.939498901, 235.485168457, 236.030838013, 236.576507568, 237.122177124, 237.66784668, 238.213516235, 238.759185791, 239.304855347, 239.850509644, 240.396179199, 240.941848755, 241.487518311, 242.044799805, 242.59046936, 243.136138916, 243.670196533, 244.215866089, 244.773147583, 245.318817139, 245.864486694, 246.41015625, 246.944213867, 247.489883423, 248.035552979, 248.581222534, 249.12689209, 249.672561646, 250.218231201, 250.763900757, 251.309570313, 251.855239868, 252.400909424, 252.946563721, 253.492233276, 254.026306152, 254.583572388, 255.129241943, 255.674911499, 256.220581055, 256.766265869, 257.311920166, 257.85760498, 258.403259277, 258.948944092, 259.494598389, 260.028656006, 260.57434082, 261.119995117, 261.665649414, 262.211334229, 262.745391846, 263.337493896, 263.941223145, 264.544952393, 265.137054443, 265.729156494, 266.344482422, 266.94821167, 267.563537598, 268.178863525, 268.805786133, 269.374694824, 269.943572998, 270.512481689, 271.081359863, 271.650238037, 272.219146729], "beats_loudness": {"dvar2": 0.0148079143837, "var": 0.00389842339791, "min": 0, "dmean": 0.0578407943249, "mean": 0.053400285542, "max": 0.233475163579, "dmean2": 0.112680993974, "median": 0.0296138022095, "dvar": 0.00439348770306}, "bpm_histogram_second_peak_weight": {"dvar2": 0, "var": 0, "min": 0.0462427735329, "dmean": 0, "mean": 0.0462427735329, "max": 0.0462427735329, "dmean2": 0, "median": 0.0462427735329, "dvar": 0}, "bpm_histogram_second_peak_spread": {"dvar2": 0, "var": 0, "min": 0.428571432829, "dmean": 0, "mean": 0.428571432829, "max": 0.428571432829, "dmean2": 0, "median": 0.428571432829, "dvar": 0}, "bpm_histogram_second_peak_bpm": {"dvar2": 0, "var": 0, "min": 157, "dmean": 0, "mean": 157, "max": 157, "dmean2": 0, "median": 157, "dvar": 0}, "onset_rate": 4.3516960144}, "lowlevel": {"spectral_energyband_high": {"dvar2": 4.5188266995e-06, "var": 2.32684737966e-06, "min": 7.08086637626e-21, "dmean": 0.000569543917663, "mean": 0.000853293866385, "max": 0.017347805202, "dmean2": 0.000879014492966, "median": 0.000373707385734, "dvar": 1.88276510471e-06}, "spectral_energyband_middle_low": {"dvar2": 0.000275095546385, "var": 0.000150720516103, "min": 1.48010929799e-22, "dmean": 0.00573423411697, "mean": 0.0119493994862, "max": 0.116228550673, "dmean2": 0.00933745317161, "median": 0.00841473042965, "dvar": 0.000102649122709}, "spectral_energy": {"dvar2": 0.000985149876215, "var": 0.00103282788768, "min": 9.9728085434e-21, "dmean": 0.0115426070988, "mean": 0.0254102442414, "max": 0.246718913317, "dmean2": 0.0169324371964, "median": 0.0173115357757, "dvar": 0.000539368134923}, "spectral_spread": {"dvar2": 1662657626110.0, "var": 22481721098200.0, "min": 1001725.1875, "dmean": 725902, "mean": 6121223, "max": 42599072, "dmean2": 1063479.375, "median": 5356133, "dvar": 866218672128}, "spectral_energyband_low": {"dvar2": 0.000940580677707, "var": 0.000685331877321, "min": 8.4433675952e-24, "dmean": 0.00557264825329, "mean": 0.00755292130634, "max": 0.228852704167, "dmean2": 0.0082262698561, "median": 0.00125575065613, "dvar": 0.000486541801365}, "spectral_rolloff": {"dvar2": 2922491, "var": 7391532, "min": 64.599609375, "dmean": 574.607788086, "mean": 1858.71264648, "max": 19659.8144531, "dmean2": 964.319335938, "median": 1098.19335938, "dvar": 1300471.875}, "barkbands": {"dvar2": [8.32927682382e-08, 0.0005517344689, 0.000510589627083, 4.952980089e-05, 4.16363909608e-05, 2.5772724257e-05, 1.70224957401e-05, 1.31584138217e-05, 2.32997354033e-05, 1.81697341759e-05, 6.65542074785e-06, 1.14698086691e-05, 1.20025633805e-05, 1.14392396426e-05, 2.08401866075e-06, 8.44777218845e-07, 1.11553333682e-06, 1.85059263913e-07, 2.41415961e-07, 1.28402845689e-07, 1.74361673544e-07, 1.3874797844e-07, 1.62766554013e-07, 2.48021166271e-07, 1.03703662546e-07, 8.43648848559e-08, 1.34219302339e-10], "var": [7.91888652429e-08, 0.000296237063594, 0.000135122827487, 1.22959836517e-05, 2.07734192372e-05, 1.8836093659e-05, 1.24622893054e-05, 1.18790494525e-05, 1.7850608856e-05, 2.20611000259e-05, 9.67515370576e-06, 1.49100451381e-05, 1.08875437945e-05, 8.50381456985e-06, 1.79786297849e-06, 5.50887989448e-07, 9.5278852541e-07, 1.44344340924e-07, 2.34041067415e-07, 8.18867675889e-08, 6.59212702203e-08, 6.80405705111e-08, 9.48865590544e-08, 1.44773011357e-07, 5.37715507676e-08, 3.63801397896e-08, 4.20687269742e-11], "min": [2.38142636619e-25, 1.53450031866e-24, 1.33289034825e-24, 7.75724793427e-25, 7.34724694511e-24, 1.64196674117e-24, 9.11072341063e-24, 3.94800901692e-24, 8.27531813428e-24, 7.58101798577e-24, 1.14509139958e-23, 2.47627918879e-23, 2.54498013839e-23, 2.77418746094e-23, 3.56302596251e-23, 4.1257318058e-23, 6.55034691618e-23, 7.45413538896e-23, 1.1753780101e-22, 1.51447233146e-22, 2.10727605818e-22, 2.52424735919e-22, 3.9293467136e-22, 5.76956053875e-22, 8.08722075164e-22, 1.21985623461e-21, 1.90121647682e-21], "dmean": [6.90958186169e-05, 0.00364705943502, 0.00287580955774, 0.000981828081422, 0.00172784877941, 0.00152631872334, 0.00117940758355, 0.000926195236389, 0.00115310610272, 0.00109771313146, 0.000629581103567, 0.000609197770245, 0.000461151299533, 0.000412182882428, 0.000368710316252, 0.000212207101868, 0.000248335360084, 0.000123402758618, 0.000132928864332, 9.76589726633e-05, 9.17611978366e-05, 9.18985970202e-05, 0.0001073871681, 0.00014333933359, 8.6291700427e-05, 6.27336848993e-05, 1.95175880435e-06], "mean": [0.000116436414828, 0.00434340490028, 0.00245561846532, 0.00101905048359, 0.00263097439893, 0.00262544094585, 0.00184372952208, 0.00149877369404, 0.00162148510572, 0.0018108637305, 0.000953512266278, 0.000857083534356, 0.000613435229752, 0.00051824998809, 0.000554182042833, 0.000276025966741, 0.000346166896634, 0.00018758137594, 0.000205150121474, 0.000152938053361, 0.000119938493299, 0.00012038359273, 0.000149757077452, 0.000208657656913, 0.000113172107376, 6.6540465923e-05, 1.61735181337e-06], "max": [0.00327200605534, 0.177637904882, 0.155072510242, 0.0670583546162, 0.0571289658546, 0.0490829907358, 0.0545207634568, 0.0516474284232, 0.0599532723427, 0.0556573569775, 0.0545092821121, 0.0956506580114, 0.131803736091, 0.159791767597, 0.0187353417277, 0.0170047357678, 0.0214037206024, 0.00700982194394, 0.00913804490119, 0.00318026146851, 0.00347273144871, 0.00631400803104, 0.00939644128084, 0.00574657693505, 0.00343313999474, 0.00236014439724, 0.00013863008644], "dmean2": [0.000103852362372, 0.00561538431793, 0.00493058143184, 0.00175408204086, 0.00286718364805, 0.00246652797796, 0.00193027418572, 0.00142963253893, 0.00181975064334, 0.00164863083046, 0.000955136376433, 0.000975665869191, 0.000743505486753, 0.000651751703117, 0.000580727646593, 0.000337281235261, 0.00037891510874, 0.000194414125872, 0.000201421760721, 0.000153931934619, 0.00014967599418, 0.00014673206897, 0.000170171944774, 0.000225146781304, 0.000133632507641, 9.89365435089e-05, 3.23667654811e-06], "median": [7.37321943234e-06, 0.000215847088839, 0.000240251611103, 0.000227458702284, 0.00116333412006, 0.000920050079003, 0.000608031346928, 0.000329850678099, 0.000237495696638, 0.000229214463616, 0.000112992376671, 0.000115300252219, 9.67887754086e-05, 0.000101934776467, 0.000145447964314, 6.38454584987e-05, 9.19315061765e-05, 5.61727720196e-05, 5.92179821979e-05, 5.54162979824e-05, 4.59925286123e-05, 4.12007029809e-05, 5.082926873e-05, 6.92124958732e-05, 3.13682903652e-05, 1.13485421025e-05, 5.82700110385e-08], "dvar": [3.89473377993e-08, 0.00024684908567, 0.000191709870705, 1.72119125637e-05, 1.56606492965e-05, 1.00440729511e-05, 6.84488441038e-06, 5.81700169278e-06, 9.83632799034e-06, 8.4982784756e-06, 3.4590264022e-06, 5.37072219231e-06, 5.54943335374e-06, 6.04069282417e-06, 9.07331752842e-07, 3.68135260942e-07, 5.23431765487e-07, 7.83546738603e-08, 1.13814138558e-07, 5.12803097763e-08, 6.66051676035e-08, 5.71583775866e-08, 7.00162772205e-08, 1.02103690836e-07, 4.37343352644e-08, 3.56188003536e-08, 5.22232881939e-11]}, "melbands_skewness": {"dvar2": 1.98786795139, "var": 4.01278686523, "min": -2.8518884182, "dmean": 0.805858492851, "mean": 2.55008864403, "max": 17.124080658, "dmean2": 1.19866323471, "median": 2.18056058884, "dvar": 0.998225212097}, "barkbands_skewness": {"dvar2": 1.11512243748, "var": 2.41372537613, "min": -3.16882133484, "dmean": 0.637294948101, "mean": 1.67353641987, "max": 14.490983963, "dmean2": 0.952120840549, "median": 1.48069560528, "dvar": 0.560325980186}, "erbbands": {"dvar2": [0.0651979520917, 43.8626060486, 559.920043945, 595.420776367, 455.846405029, 564.922241211, 1227.21350098, 2135.38256836, 3185.66870117, 3593.24389648, 7720.68261719, 12998.9658203, 13403.3671875, 23790.9335938, 9131.34667969, 20867.0664063, 15442.2021484, 45296.65625, 7271.04003906, 3607.39599609, 1834.82897949, 2073.11865234, 460.308441162, 933.798461914, 321.210296631, 279.87512207, 295.121368408, 278.921539307, 188.575149536, 211.750228882, 114.477470398, 86.4485778809, 77.9849472046, 13.64012146, 6.1678686142, 1.96247184277, 0.28650406003, 0.0044864998199, 1.95619031729e-06, 5.14664089124e-09], "var": [0.0896517187357, 21.7499103546, 190.453536987, 146.099853516, 110.513893127, 334.714996338, 1132.06799316, 1406.87719727, 2421.22680664, 2407.36181641, 7787.41162109, 10540.9414063, 15991.5087891, 32069.1816406, 13372.4296875, 30114.8222656, 18012.7539063, 36432.0117188, 4447.54980469, 3670.90869141, 2275.73413086, 1471.11340332, 352.718261719, 987.256835938, 330.708435059, 187.434173584, 123.980644226, 103.891746521, 90.1976394653, 106.598892212, 67.4805450439, 52.1238365173, 43.1319160461, 8.45107555389, 2.73808813095, 0.851412594318, 0.119710765779, 0.00188219803385, 8.16501881218e-07, 3.30731420028e-09], "min": [7.56863066075e-23, 3.04175828837e-22, 1.88412639222e-21, 4.83628916588e-21, 8.06772758216e-21, 2.8527068258e-20, 2.149790067e-20, 1.81481245352e-20, 1.03428447208e-19, 1.81334042745e-19, 1.34262296012e-19, 2.0252189932e-19, 3.01497148614e-19, 5.6793021446e-19, 6.18604281062e-19, 1.13567648463e-18, 1.02298811882e-18, 2.12231652958e-18, 2.32561250193e-18, 1.89126699331e-18, 2.71404969334e-18, 4.08650962685e-18, 4.54845112147e-18, 5.63098776579e-18, 6.08021425363e-18, 8.26747583502e-18, 8.75368101855e-18, 1.05014987636e-17, 9.8294029354e-18, 7.97768882385e-18, 1.06052776705e-17, 1.00510013128e-17, 9.97841290531e-18, 7.34486835828e-18, 6.12707651687e-18, 3.73839976504e-18, 2.2821456083e-18, 9.08874520812e-19, 2.33423803116e-19, 2.62539549321e-20], "dmean": [0.05688162148, 0.991062760353, 3.20172715187, 3.3138525486, 3.59132194519, 6.56225967407, 10.9022531509, 12.1153154373, 16.8250465393, 16.0762825012, 22.5287914276, 26.5108680725, 28.6370201111, 35.306388855, 21.838344574, 24.765203476, 20.6026134491, 23.4696769714, 19.3999786377, 13.9869308472, 11.0528850555, 11.0148439407, 6.29369068146, 7.29822921753, 5.41837263107, 4.46135234833, 4.00710582733, 3.43557929993, 3.36305642128, 3.49006867409, 2.93844294548, 2.64301753044, 2.50625085831, 1.09813797474, 0.593562483788, 0.312638640404, 0.11244931072, 0.0132112419233, 0.000280893407762, 2.36257292272e-05], "mean": [0.102870389819, 1.04449176788, 2.90138697624, 3.38287997246, 4.21996688843, 10.062871933, 18.2332935333, 20.4729766846, 28.0082473755, 24.7098712921, 37.9339103699, 38.7538528442, 45.9638977051, 59.3678092957, 33.6918182373, 38.1082305908, 30.8973522186, 31.8733463287, 27.9301490784, 21.240240097, 17.8079547882, 16.0647106171, 10.4584913254, 12.338508606, 9.00709342957, 7.15931129456, 5.67097949982, 4.30621433258, 4.34123373032, 4.61441659927, 4.13944101334, 3.88360357285, 3.49025058746, 1.55960917473, 0.71396279335, 0.343502640724, 0.115146234632, 0.013071670197, 0.000291143980576, 4.26426013291e-05], "max": [2.87768149376, 49.3504066467, 160.867095947, 195.902481079, 191.601608276, 288.433654785, 602.65826416, 487.691864014, 664.351318359, 799.398864746, 1285.54455566, 1738.91101074, 2273.76782227, 2451.80639648, 2603.1574707, 4695.02441406, 5175.75048828, 8833.91699219, 1710.13549805, 1201.98852539, 1020.42431641, 918.915222168, 485.64151001, 675.046386719, 486.571136475, 173.99156189, 160.804138184, 147.720916748, 240.469818115, 306.816925049, 213.062316895, 87.9732513428, 99.0852050781, 39.0372238159, 31.6429538727, 12.0090932846, 4.59384489059, 0.722879707813, 0.0141398804262, 0.000576176506002], "dmean2": [0.0787197649479, 1.54094517231, 5.23727035522, 5.8764128685, 6.37572288513, 10.8727006912, 17.4727573395, 19.5944099426, 27.5580368042, 25.3160171509, 34.8248062134, 41.3437538147, 41.8695602417, 52.8055343628, 33.8348693848, 39.1846008301, 33.0545845032, 36.4570884705, 30.921497345, 21.8372917175, 16.6541805267, 16.9767665863, 9.7514257431, 10.8562088013, 8.29473686218, 6.97646951675, 6.47215938568, 5.61670017242, 5.41080474854, 5.60048723221, 4.6464009285, 4.17852640152, 3.94233870506, 1.68970859051, 0.926123559475, 0.491662174463, 0.179560303688, 0.0207878481597, 0.000439748138888, 3.4840843e-05], "median": [0.0042570354417, 0.0547638162971, 0.270814061165, 0.728783011436, 1.58483541012, 4.09995651245, 5.929479599, 7.21830368042, 10.3105258942, 8.31491088867, 8.91778373718, 7.09525823593, 7.09929275513, 8.86402893066, 5.48232698441, 6.17360162735, 6.02442073822, 6.97937011719, 8.59220695496, 5.96182823181, 4.88135623932, 4.93679904938, 3.57155609131, 2.83030748367, 3.36215019226, 2.58716344833, 2.23625230789, 1.40432739258, 1.44466948509, 1.48223996162, 1.44619309902, 1.30365228653, 1.1200401783, 0.481054723263, 0.1741117239, 0.0671712756157, 0.0172988660634, 0.0014478075318, 4.93204788654e-05, 2.68092771876e-05], "dvar": [0.0361708141863, 20.024848938, 229.203384399, 211.325866699, 158.26109314, 216.341583252, 498.397674561, 834.448608398, 1262.4786377, 1527.65991211, 3371.03710938, 5524.29492188, 6796.76806641, 11360.9580078, 4453.94482422, 9876.60546875, 7539.97900391, 23495.8691406, 3057.6875, 1633.86303711, 936.188964844, 902.577026367, 188.561325073, 416.272399902, 156.716415405, 113.180709839, 113.350883484, 107.12297821, 77.0873031616, 87.6093673706, 49.3131904602, 35.0548057556, 32.3852424622, 5.82832431793, 2.54673218727, 0.823904514313, 0.120362646878, 0.00189422257245, 8.23835762276e-07, 2.35121211389e-09]}, "silence_rate_30dB": {"dvar2": 0.047314286232, "var": 0.0290388260037, "min": 0, "dmean": 0.0243259333074, "mean": 0.97006291151, "max": 1, "dmean2": 0.0486560054123, "median": 1, "dvar": 0.0237349867821}, "melbands_spread": {"dvar2": 209.341705322, "var": 535.020324707, "min": 0.358215212822, "dmean": 7.21945381165, "mean": 23.7771549225, "max": 219.661941528, "dmean2": 11.0491800308, "median": 18.1862659454, "dvar": 96.1889190674}, "melbands_crest": {"dvar2": 26.9918613434, "var": 37.2881774902, "min": 1.46306145191, "dmean": 3.63996744156, "mean": 14.4853839874, "max": 34.563457489, "dmean2": 5.86362266541, "median": 13.311164856, "dvar": 10.9556064606}, "zerocrossingrate": {"dvar2": 0.000281906104647, "var": 0.00466569326818, "min": 0.00244140625, "dmean": 0.0128459874541, "mean": 0.0752725973725, "max": 0.53125, "dmean2": 0.0149812959135, "median": 0.06005859375, "dvar": 0.000227771204663}, "barkbands_kurtosis": {"dvar2": 214.159286499, "var": 208.998748779, "min": -1.93998658657, "dmean": 4.47873210907, "mean": 6.75092744827, "max": 270.275665283, "dmean2": 6.87468910217, "median": 2.71226358414, "dvar": 101.186004639}, "spectral_flux": {"dvar2": 0.00347736524418, "var": 0.00452975882217, "min": 6.29744451031e-11, "dmean": 0.0315297394991, "mean": 0.0833067297935, "max": 0.479469925165, "dmean2": 0.0489696189761, "median": 0.0674308463931, "dvar": 0.00181252742186}, "barkbands_crest": {"dvar2": 16.3096351624, "var": 21.7501564026, "min": 2.54011392593, "dmean": 2.88836526871, "mean": 10.9915685654, "max": 26.3944225311, "dmean2": 4.54516887665, "median": 10.0905714035, "dvar": 6.78689241409}, "barkbands_flatness_db": {"dvar2": 0.00134652887937, "var": 0.00410083075985, "min": 0.0235562939197, "dmean": 0.0265974197537, "mean": 0.152474433184, "max": 0.513416647911, "dmean2": 0.039364811033, "median": 0.14423006773, "dvar": 0.000664455175865}, "spectral_entropy": {"dvar2": 0.101839005947, "var": 0.389676898718, "min": 4.07942533493, "dmean": 0.222966045141, "mean": 7.44531440735, "max": 9.82312488556, "dmean2": 0.326748430729, "median": 7.47498178482, "dvar": 0.0506958402693}, "pitch_salience": {"dvar2": 0.014730066061, "var": 0.0187969524413, "min": 0.0887033492327, "dmean": 0.0803861841559, "mean": 0.539385557175, "max": 0.881443679333, "dmean2": 0.127670317888, "median": 0.551296830177, "dvar": 0.00629621231928}, "erbbands_spread": {"dvar2": 215.999176025, "var": 468.714202881, "min": 0.519747078419, "dmean": 9.01477336884, "mean": 36.8533935547, "max": 148.894714355, "dmean2": 13.6463479996, "median": 33.3582878113, "dvar": 101.716094971}, "dynamic_complexity": 3.69301223755, "spectral_contrast_valleys": {"dvar2": [0.498116016388, 0.408367931843, 0.452199310064, 0.31179895997, 0.282138615847, 0.397215217352], "var": [8.32397556305, 7.27648591995, 7.03398036957, 6.82805967331, 6.89465808868, 6.20488023758], "min": [-28.4005069733, -28.0728626251, -27.8171215057, -27.6957492828, -27.5117740631, -27.4267120361], "dmean": [0.470792591572, 0.427140891552, 0.437847286463, 0.377964377403, 0.361931115389, 0.401532262564], "mean": [-8.55816078186, -7.15589380264, -8.00725460052, -8.3790063858, -8.49204444885, -10.4214487076], "max": [-5.2671084404, -4.23926925659, -4.73543071747, -5.2948923111, -5.76384830475, -7.46114253998], "dmean2": [0.74941778183, 0.68269020319, 0.689081251621, 0.579781591892, 0.521233558655, 0.547211647034], "median": [-7.90582561493, -6.76946973801, -7.68086099625, -7.98021411896, -8.01781463623, -9.91227149963], "dvar": [0.240332871675, 0.18005348742, 0.201767072082, 0.146014615893, 0.144929006696, 0.210640370846]}, "hfc": {"dvar2": 760.485961914, "var": 556.427001953, "min": 1.08080378366e-16, "dmean": 9.55340576172, "mean": 20.7070388794, "max": 272.5440979, "dmean2": 14.1876983643, "median": 14.0798931122, "dvar": 322.511138916}, "spectral_kurtosis": {"dvar2": 19.4661445618, "var": 30.8912887573, "min": -1.5451952219, "dmean": 1.5590159893, "mean": 4.43044519424, "max": 86.5311126709, "dmean2": 2.50721311569, "median": 3.37536382675, "dvar": 7.21144866943}, "mfcc": {"mean": [-673.118164063, 105.938682556, 7.66984176636, 1.02671861649, -2.22659850121, -6.94096565247, -11.0220975876, -6.5502204895, -8.04571151733, 0.22258707881, -6.66654825211, -1.67193162441, -2.71447491646], "cov": [[11045.5371094, 267.694030762, -53.3243751526, 176.759552002, 310.053497314, 411.399536133, 457.832305908, 374.88760376, 157.358566284, 124.298568726, -11.8190546036, -28.5275421143, 6.78326749802], [267.694030762, 1487.19848633, 104.656532288, 124.277793884, 118.364402771, 251.945571899, 88.3256072998, 11.4596719742, 82.9134521484, 61.6941452026, 61.0042152405, 11.7973442078, -9.40189647675], [-53.3243751526, 104.656532288, 802.263427734, 207.194335938, 218.113586426, 52.368637085, 71.5949401855, 44.7136077881, 19.5673332214, 22.9929294586, 69.9757766724, 58.88098526, -19.8851108551], [176.759552002, 124.277793884, 207.194335938, 515.373413086, 291.895446777, 132.513198853, 84.7058258057, 166.894088745, 68.2813568115, 31.8037948608, 59.1998329163, 56.9710235596, 33.5750808716], [310.053497314, 118.364402771, 218.113586426, 291.895446777, 456.757415771, 103.002784729, 132.037399292, 122.255264282, 72.916885376, 64.6211166382, 48.2645874023, 48.0303421021, 17.5758533478], [411.399536133, 251.945571899, 52.368637085, 132.513198853, 103.002784729, 530.925354004, 166.322113037, 156.288375854, 111.317962646, 36.3648300171, 79.3624267578, 24.4567966461, 33.6364440918], [457.832305908, 88.3256072998, 71.5949401855, 84.7058258057, 132.037399292, 166.322113037, 293.56161499, 117.42855072, 94.1637954712, 74.5620117188, 24.4623413086, 29.2729434967, 33.1823730469], [374.88760376, 11.4596719742, 44.7136077881, 166.894088745, 122.255264282, 156.288375854, 117.42855072, 269.521484375, 96.4580001831, 40.8577079773, 51.8549957275, 35.522102356, 19.5315189362], [157.358566284, 82.9134521484, 19.5673332214, 68.2813568115, 72.916885376, 111.317962646, 94.1637954712, 96.4580001831, 205.87361145, 96.2942428589, 42.3235588074, 7.26983594894, 14.1794195175], [124.298568726, 61.6941452026, 22.9929294586, 31.8037948608, 64.6211166382, 36.3648300171, 74.5620117188, 40.8577079773, 96.2942428589, 189.043182373, 52.1675224304, 6.65767717361, 9.64780521393], [-11.8190546036, 61.0042152405, 69.9757766724, 59.1998329163, 48.2645874023, 79.3624267578, 24.4623413086, 51.8549957275, 42.3235588074, 52.1675224304, 168.251022339, 55.5659484863, -2.24680709839], [-28.5275421143, 11.7973442078, 58.88098526, 56.9710235596, 48.0303421021, 24.4567966461, 29.2729434967, 35.522102356, 7.26983594894, 6.65767717361, 55.5659484863, 135.61164856, 55.8114051819], [6.78326749802, -9.40189647675, -19.8851108551, 33.5750808716, 17.5758533478, 33.6364440918, 33.1823730469, 19.5315189362, 14.1794195175, 9.64780521393, -2.24680709839, 55.8114051819, 129.088241577]], "icov": [[0.000100546851172, -1.03012189356e-05, 2.33204409597e-05, 2.43398189923e-05, -4.02268015023e-05, -2.62991889031e-05, -0.000110494824185, -0.000105091108708, 4.23714591307e-05, -2.24519371841e-05, 4.87211873406e-05, 3.90623317799e-05, 2.88444916805e-05], [-1.03012189356e-05, 0.000773163395934, -2.35044826695e-05, -0.000140138581628, -6.46186599624e-05, -0.000385834980989, -1.90486352949e-05, 0.0004084847169, -0.000150441919686, -0.000121437333291, -4.81703282276e-05, -5.55650840397e-05, 0.000190893988474], [2.33204409597e-05, -2.35044826695e-05, 0.00156140443869, -0.000381695426768, -0.00048817001516, 2.66463994194e-05, -0.000264341855654, 0.000295851117698, 0.000110618195322, 8.48828058224e-05, -0.000312320102239, -0.00049623468658, 0.000610188522842], [2.43398189923e-05, -0.000140138581628, -0.000381695426768, 0.00365317612886, -0.00185533938929, -0.000156999652972, 0.00059070851421, -0.00149989849888, -2.87344355456e-05, 0.000311766983941, -0.000160874289577, -8.63833920448e-05, -0.000637430988718], [-4.02268015023e-05, -6.46186599624e-05, -0.00048817001516, -0.00185533938929, 0.00402867700905, 0.000150051011587, -0.000957442098297, -9.45545689319e-05, -6.52051385259e-05, -0.000599340186454, 0.000152239037561, -0.000386569474358, 0.000299310660921], [-2.62991889031e-05, -0.000385834980989, 2.66463994194e-05, -0.000156999652972, 0.000150051011587, 0.00295863696374, -0.00109946425073, -0.000875548284966, -0.000639875244815, 0.000826165894978, -0.00116648303811, 0.000713167071808, -0.000678149110172], [-0.000110494824185, -1.90486352949e-05, -0.000264341855654, 0.00059070851421, -0.000957442098297, -0.00109946425073, 0.00558524765074, -0.00115450785961, -0.000710170716047, -0.00126482255291, 0.000994240981527, -0.000584571331274, -0.000591529475059], [-0.000105091108708, 0.0004084847169, 0.000295851117698, -0.00149989849888, -9.45545689319e-05, -0.000875548284966, -0.00115450785961, 0.00649287831038, -0.00171223236248, 0.000448581908131, -0.000620205246378, -0.000683941820171, 0.000465807592263], [4.23714591307e-05, -0.000150441919686, 0.000110618195322, -2.87344355456e-05, -6.52051385259e-05, -0.000639875244815, -0.000710170716047, -0.00171223236248, 0.00790867302567, -0.00315378140658, -0.000272679812042, 0.00069667265052, -0.000310399220325], [-2.24519371841e-05, -0.000121437333291, 8.48828058224e-05, 0.000311766983941, -0.000599340186454, 0.000826165894978, -0.00126482255291, 0.000448581908131, -0.00315378140658, 0.0079736597836, -0.00231814640574, 0.00107515242416, -0.000706802587956], [4.87211873406e-05, -4.81703282276e-05, -0.000312320102239, -0.000160874289577, 0.000152239037561, -0.00116648303811, 0.000994240981527, -0.000620205246378, -0.000272679812042, -0.00231814640574, 0.0088792424649, -0.00411162432283, 0.0022445677314], [3.90623317799e-05, -5.55650840397e-05, -0.00049623468658, -8.63833920448e-05, -0.000386569474358, 0.000713167071808, -0.000584571331274, -0.000683941820171, 0.00069667265052, 0.00107515242416, -0.00411162432283, 0.0116975456476, -0.00522540789098], [2.88444916805e-05, 0.000190893988474, 0.000610188522842, -0.000637430988718, 0.000299310660921, -0.000678149110172, -0.000591529475059, 0.000465807592263, -0.000310399220325, -0.000706802587956, 0.0022445677314, -0.00522540789098, 0.0106215383857]]}, "silence_rate_20dB": {"dvar2": 0, "var": 0, "min": 1, "dmean": 0, "mean": 1, "max": 1, "dmean2": 0, "median": 1, "dvar": 0}, "melbands_kurtosis": {"dvar2": 1093.65209961, "var": 1007.11950684, "min": -1.82941353321, "dmean": 9.58175373077, "mean": 16.8151397705, "max": 495.630065918, "dmean2": 14.7357521057, "median": 7.949010849, "dvar": 521.624328613}, "barkbands_spread": {"dvar2": 116.692153931, "var": 191.557647705, "min": 0.192039251328, "dmean": 6.1096329689, "mean": 20.2432804108, "max": 94.0140533447, "dmean2": 9.32476139069, "median": 17.2541618347, "dvar": 54.1668243408}, "erbbands_skewness": {"dvar2": 0.50192964077, "var": 1.11014723778, "min": -5.31961393356, "dmean": 0.469250500202, "mean": 0.857541620731, "max": 9.68441581726, "dmean2": 0.718166828156, "median": 0.790071547031, "dvar": 0.221042662859}, "average_loudness": 0.755614876747, "spectral_centroid": {"dvar2": 157604.34375, "var": 1824357.5, "min": 165.287078857, "dmean": 235.011077881, "mean": 1318.85314941, "max": 11910.1083984, "dmean2": 352.607055664, "median": 1076.95422363, "dvar": 77598.125}, "dissonance": {"dvar2": 0.0019020101754, "var": 0.00183549360372, "min": 0.110403515399, "dmean": 0.0266591440886, "mean": 0.446296781301, "max": 0.500000119209, "dmean2": 0.044623542577, "median": 0.456156790257, "dvar": 0.000698825577274}, "erbbands_flatness_db": {"dvar2": 0.000961326120887, "var": 0.0035900908988, "min": 0.0561990365386, "dmean": 0.0217581279576, "mean": 0.17555731535, "max": 0.511086881161, "dmean2": 0.0316236354411, "median": 0.167435228825, "dvar": 0.000490799779072}, "spectral_strongpeak": {"dvar2": 2.70756983757, "var": 2.78538417816, "min": 0, "dmean": 0.683806419373, "mean": 1.37376821041, "max": 24.8623142242, "dmean2": 1.10904419422, "median": 0.848205685616, "dvar": 1.15233945847}, "spectral_rms": {"dvar2": 3.20830713463e-06, "var": 6.1364407884e-06, "min": 3.11922579779e-12, "dmean": 0.000949899142142, "mean": 0.00431902753189, "max": 0.0155145535246, "dmean2": 0.00136817386374, "median": 0.00410965969786, "dvar": 1.7906585299e-06}, "silence_rate_60dB": {"dvar2": 0.06431889534, "var": 0.104580752552, "min": 0, "dmean": 0.0290890540928, "mean": 0.118642628193, "max": 1, "dmean2": 0.058183055371, "median": 0, "dvar": 0.0282405912876}, "melbands": {"dvar2": [1.86809866136e-05, 9.65549625107e-05, 1.56919413712e-05, 2.59432567873e-06, 1.13864541618e-06, 9.93630919766e-07, 7.58994872285e-07, 4.36460481978e-07, 5.85617669913e-07, 5.56648899419e-07, 3.28976426545e-07, 4.11770230357e-07, 8.47001473403e-08, 1.24715711536e-07, 1.38848861297e-07, 1.64698747085e-07, 1.4562716899e-07, 2.12485584683e-08, 8.20734236129e-09, 6.32238617015e-09, 3.99810051732e-09, 3.75512154704e-09, 8.20793655265e-10, 3.63573060547e-10, 8.95414298263e-10, 3.75612402292e-10, 1.16354481605e-10, 1.49304041352e-10, 1.1526935656e-10, 1.17003670641e-10, 1.01007834041e-10, 7.03288677295e-11, 5.03358049686e-11, 8.31409455171e-11, 4.34881991529e-11, 2.98270158572e-11, 3.90278712126e-11, 5.48545965595e-11, 2.31633861397e-11, 8.5342297465e-12], "var": [1.33965540954e-05, 4.63046926598e-05, 3.91378443965e-06, 9.45767567373e-07, 1.0769833807e-06, 6.69272253617e-07, 5.84930944569e-07, 3.09311843694e-07, 5.8656002011e-07, 4.60482965536e-07, 3.93721762748e-07, 5.48202763184e-07, 1.25662680261e-07, 1.36994259492e-07, 2.12376875197e-07, 1.75594919938e-07, 1.10512459628e-07, 1.11872742181e-08, 7.56581464145e-09, 4.46350556516e-09, 5.31894972511e-09, 2.54086596208e-09, 7.13944736663e-10, 2.62698779396e-10, 8.43069336565e-10, 3.281496741e-10, 9.90753937224e-11, 8.39877542513e-11, 5.39438389791e-11, 4.43967466957e-11, 3.6626937594e-11, 3.20791795905e-11, 2.46726857694e-11, 4.07976777361e-11, 2.56611312061e-11, 1.62033650386e-11, 2.3724043563e-11, 2.68875564174e-11, 1.35854105743e-11, 4.98000208779e-12], "min": [9.91671521927e-25, 8.35632764114e-25, 1.20756658004e-24, 9.30857248667e-25, 9.72391366973e-25, 3.09706865345e-25, 1.80980804142e-24, 1.90257552007e-24, 9.99041356326e-25, 1.13125661341e-24, 1.41345523339e-24, 1.80888527137e-24, 1.75694430279e-24, 3.23369172015e-24, 2.10095333014e-24, 2.79902226162e-24, 2.97174197632e-24, 2.54179385031e-24, 2.34540219479e-24, 2.80438750186e-24, 2.91519504612e-24, 3.43182853321e-24, 3.85428287504e-24, 3.0661806568e-24, 4.00038701444e-24, 4.88496554089e-24, 4.33080298231e-24, 3.8349096345e-24, 4.82868386517e-24, 4.2417559689e-24, 4.89780859085e-24, 4.87813163887e-24, 3.51589073456e-24, 4.29804356107e-24, 5.1449709398e-24, 5.86321972211e-24, 5.11771382338e-24, 6.03690362204e-24, 5.14916294665e-24, 5.50228548682e-24], "dmean": [0.00075798749458, 0.00149297120515, 0.000557805644348, 0.000362936785677, 0.000352734321496, 0.000276340870187, 0.000258958316408, 0.000174595770659, 0.000195124666789, 0.00016711227363, 0.000143211655086, 0.000143780562212, 7.20026655472e-05, 6.80931480019e-05, 5.50080912944e-05, 4.89005833515e-05, 4.48660539405e-05, 3.10184113914e-05, 2.36550968111e-05, 1.76226130861e-05, 1.42958760989e-05, 1.37589513542e-05, 8.01067017164e-06, 5.27472411704e-06, 6.52605785945e-06, 4.95809354106e-06, 3.3964463455e-06, 3.07044206238e-06, 2.70048280981e-06, 2.30017394642e-06, 2.0210495677e-06, 2.00051249521e-06, 1.78701588993e-06, 2.13281509787e-06, 1.78636275905e-06, 1.51757069489e-06, 1.75633056188e-06, 2.01621969609e-06, 1.36277583351e-06, 8.37511549889e-07], "mean": [0.00106560846325, 0.00152360799257, 0.000591058109421, 0.000499306363054, 0.000607746245805, 0.000470153201604, 0.000428103900049, 0.000266153132543, 0.00031868123915, 0.000238810433075, 0.000221702328417, 0.000237800370087, 0.000109327957034, 9.49011082412e-05, 8.58004641486e-05, 6.51042864774e-05, 5.75506855967e-05, 4.13650850533e-05, 3.54373696609e-05, 2.32015736401e-05, 2.15292166104e-05, 1.8309447114e-05, 1.21318744277e-05, 8.08913682704e-06, 1.03147713162e-05, 7.13527606422e-06, 5.4012198234e-06, 4.51941923529e-06, 