{"tonal": {"thpcp": [1, 0.596885800362, 0.214887529612, 0.145205691457, 0.095962792635, 0.077096298337, 0.0857339724898, 0.105067357421, 0.0958345979452, 0.0996163487434, 0.134383663535, 0.177849829197, 0.207379058003, 0.190825596452, 0.161467239261, 0.151070266962, 0.139376208186, 0.12926016748, 0.112826168537, 0.102116346359, 0.126098498702, 0.222152620554, 0.260229051113, 0.153139680624, 0.0911166667938, 0.0963279902935, 0.0842218920588, 0.0655387938023, 0.0647420212626, 0.136356547475, 0.226619333029, 0.220588445663, 0.156101480126, 0.0950707495213, 0.0975055173039, 0.590318500996], "hpcp": {"dmean2": [0.295399874449, 0.311739325523, 0.295092374086, 0.274071484804, 0.2406758219, 0.201089054346, 0.170991003513, 0.155732259154, 0.159322232008, 0.26272726059, 0.321279615164, 0.211294487119, 0.138319939375, 0.133620798588, 0.107814304531, 0.0874171629548, 0.089974462986, 0.14399689436, 0.246297985315, 0.336068898439, 0.293279737234, 0.150177761912, 0.112751118839, 0.502011716366, 0.67987704277, 0.366199672222, 0.388995051384, 0.248698741198, 0.111076727509, 0.0911293029785, 0.114225439727, 0.133162006736, 0.130180597305, 0.155208840966, 0.210691407323, 0.255728393793], "median": [0.0401040166616, 0.0209913738072, 0.00705099152401, 0.00745754363015, 0.00884799379855, 0.0101589458063, 0.00952775869519, 0.0115354172885, 0.0334565974772, 0.0696471780539, 0.0469529852271, 0.0149738816544, 0.00569352600724, 0.0075129927136, 0.00759133929387, 0.00524691259488, 0.00755079882219, 0.017241133377, 0.0183431766927, 0.0103038772941, 0.00646753888577, 0.00928770750761, 0.0174662154168, 0.233246684074, 0.707777440548, 0.316896677017, 0.0131011316553, 0.00552331330255, 0.00615055114031, 0.00712208962068, 0.010574885644, 0.0122172972187, 0.00867709331214, 0.00729941017926, 0.0118464063853, 0.0370917245746], "min": [0, 0, 0, 0, 0, 0, 0, 0, 0, 0, 0, 0, 0, 0, 0, 0, 0, 0, 0, 0, 0, 0, 0, 0, 0, 0, 0, 0, 0, 0, 0, 0, 0, 0, 0, 0], "dvar2": [0.145752638578, 0.203661710024, 0.200542762876, 0.17806302011, 0.156893908978, 0.134873971343, 0.123219512403, 0.110942184925, 0.100461296737, 0.0915429443121, 0.102761186659, 0.0843537002802, 0.0782178863883, 0.0957291796803, 0.0632775425911, 0.0610776655376, 0.0659718886018, 0.0801259428263, 0.146198689938, 0.251002579927, 0.228969857097, 0.0701866298914, 0.0309623293579, 0.129341945052, 0.36005795002, 0.0928985401988, 0.32752931118, 0.199437186122, 0.0437796339393, 0.0375771969557, 0.0487150326371, 0.0633158013225, 0.0599123388529, 0.0806883722544, 0.141247048974, 0.167556777596], "dvar": [0.050237391144, 0.0695137456059, 0.0695832446218, 0.0624160990119, 0.0548710301518, 0.0464757606387, 0.0422293134034, 0.0378780141473, 0.0341046862304, 0.0343144983053, 0.0433543361723, 0.0303818229586, 0.0276445057243, 0.0336916856468, 0.0218059513718, 0.0209840834141, 0.0227552950382, 0.0292329471558, 0.0581793263555, 0.0919306129217, 0.0823766291142, 0.0245408974588, 0.0108082480729, 0.0589332096279, 0.171045467257, 0.0389718152583, 0.101616419852, 0.0636444911361, 0.0169147849083, 0.0130930915475, 0.0158286578953, 0.021167030558, 0.0207228660583, 0.0279973708093, 0.0501500889659, 0.0589643083513], "dmean": [0.153237462044, 0.159479364753, 0.149488985538, 0.139164969325, 0.122631855309, 0.103033624589, 0.0877643674612, 0.0805570706725, 0.0846231877804, 0.139647632837, 0.168393477798, 0.110760994256, 0.0722847357392, 0.0706357583404, 0.0570267699659, 0.0458397641778, 0.0470364876091, 0.0781114920974, 0.130263343453, 0.175318136811, 0.148771166801, 0.0776006653905, 0.0618177913129, 0.280002832413, 0.355283290148, 0.232541456819, 0.197241723537, 0.127293154597, 0.0595996826887, 0.0486746579409, 0.0595441423357, 0.0704219564795, 0.0684596523643, 0.0802090167999, 0.108645454049, 0.132596462965], "max": [1, 1, 1, 1, 1, 1, 1, 1, 1, 1, 1, 1, 1, 1, 1, 1, 1, 1, 1, 1, 1, 1, 1, 1, 1, 1, 1, 1, 1, 1, 1, 1, 1, 1, 1, 1], "var": [0.036010760814, 0.0459472648799, 0.0429935418069, 0.0388091467321, 0.034274160862, 0.0318393409252, 0.0287950318307, 0.0235573928803, 0.0218904595822, 0.0314868167043, 0.0529235340655, 0.0256625246257, 0.0194476116449, 0.024446060881, 0.0177492648363, 0.0147101981565, 0.0144477030262, 0.027860308066, 0.0687884092331, 0.0634688436985, 0.0483502224088, 0.0161875914782, 0.00953346304595, 0.0984442457557, 0.210703834891, 0.0766422599554, 0.0630119815469, 0.0396149344742, 0.0197030808777, 0.0132856043056, 0.0132635599002, 0.0188203621656, 0.0173021499068, 0.0196148455143, 0.0322779193521, 0.0367980077863], "mean": [0.113149687648, 0.104117825627, 0.0880993828177, 0.0824266076088, 0.0760461241007, 0.0705266371369, 0.0615599565208, 0.0557164847851, 0.068801574409, 0.12121040374, 0.141985580325, 0.0835557207465, 0.0497148670256, 0.0525582544506, 0.0459529533982, 0.0357591249049, 0.0353243909776, 0.074398547411, 0.123647518456, 0.120356962085, 0.0851717293262, 0.0518722832203, 0.0532007366419, 0.322088211775, 0.545617699623, 0.325671464205, 0.117246441543, 0.0792267993093, 0.0523589998484, 0.0420651063323, 0.0467779710889, 0.0573266111314, 0.0522890537977, 0.0543524436653, 0.0733221024275, 0.0970380157232]}, "tuning_equal_tempered_deviation": 0.16856226325, "chords_changes_rate": 0.0734474360943, "key_key": "A#", "tuning_diatonic_strength": 0.484821110964, "key_scale": "minor", "chords_number_rate": 0.000782396062277, "tuning_frequency": 432.191345215, "tuning_nontempered_energy_ratio": 0.806423425674, "chords_histogram": [5.86797046661, 2.23960876465, 30.2689495087, 2.3276283741, 5.71149158478, 0.127139359713, 0.293398529291, 2.10268950462, 1.80929100513, 45.7310523987, 0.479217618704, 0.870415627956, 0.10757946223, 0, 0, 0.117359414697, 0.0391198061407, 0, 0, 0, 0.234718829393, 0.889975547791, 0.410757958889, 0.371638149023], "key_strength": 0.684715032578, "chords_key": "F", "chords_strength": {"dmean2": 0.0116985030472, "median": 0.432682514191, "min": 0.203466579318, "dvar2": 9.38068187679e-05, "dvar": 5.27646043338e-05, "dmean": 0.00915551092476, "max": 0.693049490452, "var": 0.00842771772295, "mean": 0.431415647268}, "chords_scale": "major", "hpcp_entropy": {"dmean2": 1.41051316261, "median": 2.52707672119, "min": 0, "dvar2": 1.18204748631, "dvar": 0.384249955416, "dmean": 0.789239168167, "max": 4.85392618179, "var": 0.766450226307, "mean": 2.49081707001}}, "metadata": {"audio_properties": {"equal_loudness": 0, "codec": "mp3", "downmix": "mix", "sample_rate": 44100, "analysis_sample_rate": 44100, "bit_rate": 160009, "md5_encoded": "5a890d5ec9d2ce0bebd2a1d7f5709fbe", "length": 474.775512695, "replay_gain": -9.96137619019, "lossless": false}, "version": {"essentia_build_sha": "70f2e5ece6736b2c40cc944ad0e695b16b925413", "essentia": "2.1-beta2", "extractor": "music 1.0", "essentia_git_sha": "v2.1_beta2"}, "tags": {"title": ["Space Union"], "barcode": ["5060147129762"], "media": ["CD"], "albumartist": ["Braincell"], "musicbrainz_recordingid": ["09e4b8a1-fcc3-46df-a2fa-425bce64f92a"], "encoding": ["Lavf56.36.100"], "musicbrainz_albumartistid": ["a8ef9fb6-3b0b-478c-8b13-3e2ea6d97a8f"], "originalyear": ["2013"], "discnumber": ["1/1"], "album": ["5th Album"], "catalognumber": ["BOOMCD027"], "musicbrainz album release country": ["NL"], "musicbrainz album type": ["album"], "musicbrainz album status": ["official"], "originaldate": ["2013"], "date": ["2013"], "file_name": "Braincell - Space Union.mp3", "musicbrainz_releasegroupid": ["ce1660be-d20d-4925-b9ae-6c693f885bd2"], "musicbrainz_artistid": ["a8ef9fb6-3b0b-478c-8b13-3e2ea6d97a8f"], "asin": ["B00GDC9QO0"], "musicbrainz_albumid": ["c66a0ec9-d07e-48ff-a360-79ac7ca775f2"], "artist": ["Braincell"], "artistsort": ["Braincell"], "tracknumber": ["7/10"], "label": ["BooM! Records"], "albumartistsort": ["Braincell"], "acoustid_id": ["ac2bed5c-43f3-4417-8eb7-8da8db9ce0a8"], "script": ["Latn"]}}, "rhythm": {"bpm_histogram_first_peak_bpm": {"dmean2": 0, "median": 148, "min": 148, "dvar2": 0, "dvar": 0, "dmean": 0, "max": 148, "var": 0, "mean": 148}, "bpm": 145.910964966, "bpm_histogram_second_peak_spread": {"dmean2": 0, "median": 0.365853607655, "min": 0.365853607655, "dvar2": 0, "dvar": 0, "dmean": 0, "max": 0.365853607655, "var": 0, "mean": 0.365853607655}, "bpm_histogram_first_peak_weight": {"dmean2": 0, "median": 0.53425848484, "min": 0.53425848484, "dvar2": 0, "dvar": 0, "dmean": 0, "max": 0.53425848484, "var": 0, "mean": 0.53425848484}, "onset_rate": 6.35860061646, "beats_position": [0.325079351664, 0.66176867485, 0.99845802784, 1.33514738083, 1.66022670269, 1.99691605568, 2.33360528946, 2.67029476166, 2.99537420273, 3.32045340538, 3.64553284645, 3.97061228752, 4.29569149017, 4.62077093124, 4.94585037231, 5.28253936768, 5.61922883987, 6.04879808426, 6.46675729752, 6.8963265419, 7.32589578629, 7.75546455383, 8.17342376709, 8.59138298035, 8.99773216248, 9.4040813446, 9.82204055786, 10.2399997711, 10.6579589844, 11.0643081665, 11.4706573486, 11.8886165619, 12.294965744, 12.7129249573, 13.1192741394, 13.5256233215, 13.9435825348, 14.3499317169, 14.7678909302, 15.1742401123, 15.5805892944, 15.9985485077, 16.4165077209, 16.8344669342, 17.2640361786, 17.7052154541, 18.1347846985, 18.5527439117, 18.970703125, 19.3886623383, 19.7950115204, 20.2013607025, 20.6193199158, 21.037279129, 21.4668483734, 21.9196376801, 22.3608150482, 22.8019943237, 23.2547836304, 23.6843528748, 24.102312088, 24.5202713013, 24.9382305145, 25.3561897278, 25.7625389099, 26.168888092, 26.5868473053, 26.9931964874, 27.3995456696, 27.8175048828, 28.2238540649, 28.6302032471, 29.0481624603, 29.4661216736, 29.8724708557, 30.2788200378, 30.6967792511, 31.1031284332, 31.5094776154, 31.9274368286, 32.3337860107, 32.7401351929, 33.1580963135, 33.5644454956, 33.9707946777, 34.3887519836, 34.8067131042, 35.2130622864, 35.6194114685, 36.0373687744, 36.4437179565, 36.8500671387, 37.2680282593, 37.6859855652, 38.0923347473, 38.4986839294, 38.91664505, 39.3229942322, 39.7293434143, 40.1473007202, 40.5536499023, 40.9599990845, 41.3779602051, 41.7843093872, 42.1906585693, 42.6086158752, 43.0265769958, 43.432926178, 43.8392753601, 44.257232666, 44.6635818481, 45.0699310303, 45.4878921509, 45.894241333, 46.3005905151, 46.718547821, 47.1365089417, 47.5776863098, 48.0304756165, 48.4832649231, 48.9360542297, 49.3772315979, 49.8068008423, 50.2247619629, 50.631111145, 51.0374603271, 51.4554176331, 51.8617668152, 52.2681159973, 52.6860771179, 53.0924263, 53.4987754822, 53.9167327881, 54.3346939087, 54.7410430908, 55.1473922729, 55.5653495789, 55.971698761, 56.3780479431, 56.7960090637, 57.2023582458, 57.608707428, 58.0266647339, 58.4446258545, 58.8509750366, 59.2573242188, 59.6752815247, 60.0816307068, 60.4879798889, 60.9059410095, 61.3122901917, 61.7186393738, 62.1365966797, 62.5545578003, 62.9609069824, 63.3672561646, 63.7852134705, 64.1915664673, 64.5979156494, 65.0158691406, 65.4222183228, 65.8285675049, 66.2465286255, 66.6644897461, 67.0708389282, 67.4771881104, 67.895149231, 68.3014984131, 68.7078475952, 69.1258010864, 69.5321502686, 69.9384994507, 70.3564605713, 70.7628097534, 71.1691589355, 71.5871200562, 72.0050811768, 72.4114303589, 72.817779541, 73.2357330322, 73.6420822144, 74.0484313965, 74.4663925171, 74.8843536377, 75.2907028198, 75.697052002, 76.1150131226, 76.5213623047, 76.9277114868, 77.345664978, 77.7520141602, 78.1583633423, 78.5763244629, 78.982673645, 79.3890228271, 79.8069839478, 80.2249450684, 80.6312942505, 81.0376434326, 81.4555969238, 81.861946106, 82.2682952881, 82.6862564087, 83.0926055908, 83.4989547729, 83.9169158936, 84.3348770142, 84.7412261963, 85.1475753784, 85.5655288696, 85.9718780518, 86.3782272339, 86.7961883545, 87.2025375366, 87.6088867188, 88.0268478394, 88.4331970215, 88.8395462036, 89.2575073242, 89.6638565063, 90.0702056885, 90.4881591797, 90.9061203003, 91.3240814209, 91.730430603, 92.1367797852, 92.5547409058, 92.9610900879, 93.36743927, 93.7853927612, 94.1917419434, 94.5980911255, 95.0160522461, 95.4224014282, 95.8287506104, 96.246711731, 96.6646728516, 97.0710220337, 97.4773712158, 97.895324707, 98.3016738892, 98.7080230713, 99.1259841919, 99.532333374, 99.9386825562, 100.356643677, 100.774604797, 101.180953979, 101.587303162, 102.005256653, 102.411605835, 102.817955017, 103.235916138, 103.653877258, 104.06022644, 104.466575623, 104.872924805, 105.279273987, 105.697235107, 106.115188599, 106.521537781, 106.927886963, 107.345848083, 107.752197266, 108.158546448, 108.576507568, 108.98285675, 109.389205933, 109.807167053, 110.225120544, 110.631469727, 111.037818909, 111.455780029, 111.862129211, 112.268478394, 112.686439514, 113.092788696, 113.499137878, 113.917098999, 114.33505249, 114.741401672, 115.147750854, 115.565711975, 115.972061157, 116.378410339, 116.79637146, 117.214332581, 117.620681763, 118.027030945, 118.444984436, 118.851333618, 119.2576828, 119.675643921, 120.081993103, 120.488342285, 120.906303406, 121.312652588, 121.71900177, 122.136962891, 122.554916382, 122.961265564, 123.367614746, 123.785575867, 124.191925049, 124.598274231, 125.016235352, 125.422584534, 125.828933716, 126.246894836, 126.653244019, 127.059593201, 127.477546692, 127.895507812, 128.301864624, 128.708206177, 129.126159668, 129.544128418, 129.950469971, 130.356826782, 130.774780273, 131.181137085, 131.587478638, 132.005432129, 132.41178894, 132.818145752, 133.236099243, 133.642440796, 134.048797607, 134.466751099, 134.884719849, 135.291061401, 135.697418213, 136.115371704, 136.521713257, 136.928070068, 137.34602356, 137.752380371, 138.158721924, 138.576690674, 138.994644165, 139.401000977, 139.807342529, 140.213699341, 140.620040894, 141.037994385, 141.455963135, 141.862304688, 142.268661499, 142.68661499, 143.092971802, 143.499313354, 143.917282104, 144.335235596, 144.741577148, 145.14793396, 145.565887451, 145.972244263, 146.378585815, 146.796554565, 147.202896118, 147.60925293, 148.027206421, 148.445159912, 148.851516724, 149.257858276, 149.675827026, 150.082168579, 150.488525391, 150.906478882, 151.312835693, 151.719177246, 152.137145996, 152.543487549, 152.94984436, 153.367797852, 153.785751343, 154.192108154, 154.598449707, 155.016418457, 155.42276001, 155.829116821, 156.247070312, 156.665023804, 157.071380615, 157.477722168, 157.895690918, 158.302032471, 158.708389282, 159.126342773, 159.532699585, 159.939041138, 160.357009888, 160.76335144, 161.169708252, 161.587661743, 162.005615234, 162.411972046, 162.818313599, 163.236282349, 163.642623901, 164.048980713, 164.466934204, 164.873291016, 165.279632568, 165.69758606, 166.11555481, 166.521896362, 166.928253174, 167.346206665, 167.752563477, 168.158905029, 168.576873779, 168.983215332, 169.389572144, 169.807525635, 170.225479126, 170.631835938, 171.03817749, 171.45614624, 171.862487793, 172.268844604, 172.686798096, 173.093154907, 173.49949646, 173.917449951, 174.323806763, 174.730148315, 175.148117065, 175.566070557, 175.972427368, 176.378768921, 176.796737671, 177.203079224, 177.609436035, 178.027389526, 178.445343018, 178.851699829, 179.258041382, 179.676010132, 180.093963623, 180.523529053, 180.964706421, 181.394287109, 181.823852539, 182.253417969, 182.694595337, 183.135772705, 183.553741455, 183.971694946, 184.389663696, 184.807617188, 185.21395874, 185.620315552, 186.038269043, 186.444625854, 186.850967407, 187.268936157, 187.67527771, 188.081634521, 188.499588013, 188.917541504, 189.323898315, 189.730239868, 190.148208618, 190.554550171, 190.960906982, 191.378860474, 191.785217285, 192.191558838, 192.609527588, 193.027481079, 193.433822632, 193.840179443, 194.258132935, 194.664489746, 195.070831299, 195.488800049, 195.895141602, 196.301498413, 196.719451904, 197.137405396, 197.543762207, 197.95010376, 198.36807251, 198.774414062, 199.180770874, 199.598724365, 200.005081177, 200.411422729, 200.829391479, 201.247344971, 201.653686523, 202.060043335, 202.477996826, 202.884353638, 203.29069519, 203.70866394, 204.126617432, 204.556182861, 204.997360229, 205.450149536, 205.902938843, 206.355728149, 206.785308838, 207.203262329, 207.609603882, 208.027572632, 208.445526123, 208.851882935, 209.258224487, 209.676193237, 210.08253479, 210.488891602, 210.906845093, 211.313186646, 211.719543457, 212.137496948, 212.555465698, 212.961807251, 213.368164062, 213.786117554, 214.192474365, 214.598815918, 215.016769409, 215.423126221, 215.829467773, 216.247436523, 216.653778076, 217.060134888, 217.478088379, 217.896057129, 218.302398682, 218.708755493, 219.126708984, 219.533050537, 219.939407349, 220.35736084, 220.77532959, 221.181671143, 221.588027954, 222.005981445, 222.412338257, 222.81867981, 223.236633301, 223.642990112, 224.049331665, 224.467300415, 224.873641968, 225.279998779, 225.697952271, 226.115921021, 226.522262573, 226.928619385, 227.346572876, 227.752914429, 228.15927124, 228.577224731, 228.983581543, 229.389923096, 229.807891846, 230.225845337, 230.632202148, 231.038543701, 231.444900513, 231.851242065, 232.269195557, 232.687164307, 233.093505859, 233.499862671, 233.917816162, 234.335784912, 234.742126465, 235.148483276, 235.566436768, 235.97277832, 236.379135132, 236.797088623, 237.203445435, 237.609786987, 238.027755737, 238.445709229, 238.85206604, 239.258407593, 239.676361084, 240.082717896, 240.489059448, 240.907028198, 241.313369751, 241.719726562, 242.137680054, 242.555648804, 242.961990356, 243.368347168, 243.786300659, 244.192642212, 244.598999023, 245.016952515, 245.423309326, 245.829650879, 246.247619629, 246.66557312, 247.071929932, 247.478271484, 247.896224976, 248.302581787, 248.70892334, 249.12689209, 249.533233643, 249.939590454, 250.357543945, 250.763900757, 251.17024231, 251.58821106, 252.006164551, 252.412506104, 252.818862915, 253.236816406, 253.643173218, 254.049514771, 254.467483521, 254.873825073, 255.280181885, 255.698135376, 256.116088867, 256.52243042, 256.92880249, 257.346740723, 257.753112793, 258.159454346, 258.577423096, 258.995361328, 259.401733398, 259.808074951, 260.226013184, 260.632385254, 261.038726807, 261.456695557, 261.863037109, 262.269378662, 262.687347412, 263.093688965, 263.500030518, 263.917999268, 264.32434082, 264.730712891, 265.148651123, 265.566619873, 265.972961426, 266.379302979, 266.797271729, 267.203613281, 267.609985352, 268.027923584, 268.445892334, 268.852233887, 269.258575439, 269.676544189, 270.082885742, 270.489257812, 270.907196045, 271.325164795, 271.754730225, 272.207519531, 272.648712158, 273.089874268, 273.554290771, 273.972229004, 274.390197754, 274.808166504, 275.214508057, 275.620849609, 276.038818359, 276.445159912, 276.851501465, 277.269470215, 277.675811768, 278.082183838, 278.50012207, 278.91809082, 279.324432373, 279.730773926, 280.148742676, 280.555084229, 280.961456299, 281.379394531, 281.785766602, 282.192108154, 282.610076904, 283.028015137, 283.434356689, 283.84072876, 284.258666992, 284.665039062, 285.071380615, 285.489349365, 285.895690918, 286.302032471, 286.720001221, 287.126342773, 287.532684326, 287.950653076, 288.368621826, 288.774963379, 289.181304932, 289.599273682, 290.005615234, 290.411956787, 290.829925537, 291.247894287, 291.65423584, 292.060577393, 292.478546143, 292.884887695, 293.291229248, 293.709197998, 294.115539551, 294.521911621, 294.939849854, 295.346221924, 295.752563477, 296.170501709, 296.588470459, 296.994812012, 297.401184082, 297.819122314, 298.225494385, 298.631835938, 299.049804688, 299.46774292, 299.874084473, 300.280456543, 300.698394775, 301.104766846, 301.511108398, 301.929077148, 302.335418701, 302.741760254, 303.159729004, 303.566070557, 303.972412109, 304.390380859, 304.808349609, 305.214691162, 305.621032715, 306.039001465, 306.445343018, 306.85168457, 307.26965332, 307.675994873, 308.082366943, 308.500305176, 308.918273926, 309.324615479, 309.730957031, 310.148925781, 310.555267334, 310.961639404, 311.379577637, 311.785949707, 312.19229126, 312.610229492, 313.028198242, 313.434539795, 313.840911865, 314.258850098, 314.665222168, 315.071563721, 315.489532471, 315.895874023, 316.302215576, 316.720184326, 317.138122559, 317.544494629, 317.950836182, 318.368804932, 318.775146484, 319.181488037, 319.599456787, 320.00579834, 320.412139893, 320.830108643, 321.248077393, 321.654418945, 322.060760498, 322.478729248, 322.885070801, 323.291412354, 323.709381104, 324.127349854, 324.556915283, 324.998077393, 325.450866699, 325.903656006, 326.356445312, 326.786010742, 327.203979492, 327.610321045, 328.028289795, 328.434631348, 328.841003418, 329.25894165, 329.6769104, 330.083251953, 330.489593506, 330.907562256, 331.313903809, 331.720275879, 332.138214111, 332.556182861, 332.962524414, 333.368896484, 333.786834717, 334.19317627, 334.59954834, 335.017486572, 335.423858643, 335.830200195, 336.248168945, 336.666107178, 337.072479248, 337.478820801, 337.896759033, 338.303131104, 338.709472656, 339.127441406, 339.533782959, 339.940124512, 340.358093262, 340.764434814, 341.170776367, 341.588745117, 342.006713867, 342.41305542, 342.819396973, 343.237365723, 343.643707275, 344.050048828, 344.468017578, 344.874359131, 345.280731201, 345.698669434, 346.116638184, 346.522979736, 346.929321289, 347.347290039, 347.753631592, 348.160003662, 348.577941895, 348.984313965, 349.390655518, 349.808624268, 350.2265625, 350.632904053, 351.039276123, 351.445617676, 351.851959229, 352.269927979, 352.687896729, 353.094238281, 353.500579834, 353.918548584, 354.324890137, 354.731231689, 355.149200439, 355.567169189, 355.973510742, 356.379852295, 356.797821045, 357.204162598, 357.61050415, 358.0284729, 358.434814453, 358.841186523, 359.259124756, 359.677093506, 360.083435059, 360.489776611, 360.907745361, 361.314086914, 361.720458984, 362.138397217, 362.544769287, 362.95111084, 363.369049072, 363.787017822, 364.193359375, 364.599731445, 365.017669678, 365.424041748, 365.830383301, 366.248352051, 366.654693604, 367.061035156, 367.479003906, 367.885345459, 368.291687012, 368.709655762, 369.127624512, 369.533966064, 369.940307617, 370.358276367, 370.76461792, 371.170959473, 371.588928223, 372.006896973, 372.413238525, 372.819580078, 373.237548828, 373.643890381, 374.050231934, 374.468200684, 374.874542236, 375.280914307, 375.698852539, 376.105194092, 376.511566162, 376.929504395, 377.347473145, 377.753814697, 378.160186768, 378.578125, 378.98449707, 379.390838623, 379.808776855, 380.226745605, 380.633087158, 381.039459229, 381.457397461, 381.863769531, 382.270111084, 382.688079834, 383.094421387, 383.500762939, 383.918731689, 384.325073242, 384.731414795, 385.149383545, 385.567352295, 385.973693848, 386.3800354, 386.79800415, 387.204345703, 387.610687256, 388.028656006, 388.434997559, 388.841339111, 389.259307861, 389.677276611, 390.083618164, 390.489959717, 390.907928467, 391.31427002, 391.72064209, 392.138580322, 392.544921875, 392.951293945, 393.369232178, 393.787200928, 394.19354248, 394.599914551, 395.017852783, 395.424224854, 395.830566406, 396.248504639, 396.654876709, 397.061218262, 397.479187012, 397.897125244, 398.303497314, 398.709838867, 399.127807617, 399.53414917, 399.940490723, 400.358459473, 400.764801025, 401.171142578, 401.589111328, 402.007080078, 402.413421631, 402.819763184, 403.237731934, 403.644073486, 404.050415039, 404.468383789, 404.874725342, 405.281066895, 405.699035645, 406.117004395, 406.523345947, 406.9296875, 407.34765625, 407.753997803, 408.160369873, 408.578308105, 408.984649658, 409.391021729, 409.808959961, 410.215332031, 410.621673584, 411.039642334, 411.457580566, 411.863952637, 412.270294189, 412.688232422, 413.094604492, 413.500946045, 413.918914795, 414.325256348, 414.7315979, 415.14956665, 415.5675354, 415.973876953, 416.380218506, 416.798187256, 417.204528809, 417.610870361, 418.028839111, 418.435180664, 418.841522217, 419.259490967, 419.677459717, 420.08380127, 420.490142822, 420.908111572, 421.314453125, 421.720794678, 422.138763428, 422.54510498, 422.951477051, 423.369415283, 423.787384033, 424.193725586, 424.600097656, 425.018035889, 425.424377441, 425.830749512, 426.248687744, 426.655059814, 427.061401367, 427.479370117, 427.89730835, 428.30368042, 428.710021973, 429.127960205, 429.534332275, 429.940673828, 430.358642578, 430.776580811, 431.217773438, 431.670562744, 432.123352051, 432.587738037, 433.005706787, 433.423675537, 433.84161377, 434.25958252, 434.665924072, 435.072296143, 435.490234375, 435.896575928, 436.302947998, 436.72088623, 437.127258301, 437.533599854, 437.951568604, 438.369506836, 438.775878906, 439.182220459, 439.600158691, 440.006530762, 440.412872314, 440.830841064, 441.237182617, 441.64352417, 442.06149292, 442.47946167, 442.885803223, 443.292144775, 443.710113525, 444.116455078, 444.522796631, 444.940765381, 445.347106934, 445.753448486, 446.171417236, 446.589385986, 446.995727539, 447.402069092, 447.820037842, 448.226379395, 448.632720947, 449.050689697, 449.45703125, 449.86340332, 450.281341553, 450.699310303, 451.105651855, 451.512023926, 451.929962158, 452.336303711, 452.742675781, 453.160614014, 453.566986084, 453.973327637, 454.391296387, 454.809234619, 455.215606689, 455.621948242, 456.039886475, 456.446258545, 456.852600098, 457.270568848, 457.68850708, 458.01361084, 458.350280762, 458.686981201, 459.023651123, 459.360351562, 459.697052002, 460.033721924, 460.370422363, 460.799987793, 461.229553223, 461.659118652, 462.077087402, 462.495056152, 462.912994385, 463.330963135, 463.748931885, 464.166870117, 464.596466064, 465.037628174, 465.467193604, 465.885162354, 466.303131104, 466.721069336, 467.139038086, 467.557006836, 467.986572266, 468.427734375, 468.857330322, 469.275268555, 469.693237305, 470.111206055, 470.517547607, 470.92388916, 471.34185791, 471.759796143, 472.166168213, 472.572509766, 472.990478516, 473.408416748, 473.826385498, 474.255950928], "beats_loudness": {"dmean2": 0.0293716099113, "median": 0.0655217394233, "min": 6.81126977042e-08, "dvar2": 0.00381977367215, "dvar": 0.00144748215098, "dmean": 0.0164504647255, "max": 0.388152480125, "var": 0.00505687436089, "mean": 0.0952446162701}, "danceability": 1.56257498264, "bpm_histogram_second_peak_weight": {"dmean2": 0, "median": 0.0225498694927, "min": 0.0225498694927, "dvar2": 0, "dvar": 0, "dmean": 0, "max": 0.0225498694927, "var": 0, "mean": 0.0225498694927}, "beats_count": 1154, "bpm_histogram_second_peak_bpm": {"dmean2": 0, "median": 140, "min": 140, "dvar2": 0, "dvar": 0, "dmean": 0, "max": 140, "var": 0, "mean": 140}, "bpm_histogram_first_peak_spread": {"dmean2": 0, "median": 0.425373136997, "min": 0.425373136997, "dvar2": 0, "dvar": 0, "dmean": 0, "max": 0.425373136997, "var": 0, "mean": 0.425373136997}, "beats_loudness_band_ratio": {"dmean2": [0.117884248495, 0.0365642085671, 0.0422664433718, 0.088147059083, 0.0620641373098, 0.0388636402786], "median": [0.748336195946, 0.0532905086875, 0.0218329280615, 0.0423494838178, 0.0195481702685, 0.083716660738], "min": [4.89804001802e-08, 6.40790389639e-08, 7.22447148291e-05, 1.53565215442e-05, 7.50277058614e-06, 1.90725927496e-06], "dvar2": [0.0317252464592, 0.0026713910047, 0.00703911297023, 0.0260764900595, 0.0233720205724, 0.00468460517004], "dvar": [0.0135577423498, 0.00105800072197, 0.00248914491385, 0.00903194304556, 0.00758978025988, 0.00197678175755], "dmean": [0.0693888887763, 0.0217644479126, 0.0240722857416, 0.0504118837416, 0.0351886749268, 0.0226557888091], "max": [0.999036252499, 0.644293427467, 0.609648823738, 0.984607458115, 0.735930860043, 0.877538442612], "var": [0.0714428722858, 0.00279055722058, 0.00442861951888, 0.030835127458, 0.00786682683975, 0.00457167252898], "mean": [0.716939032078, 0.0520900636911, 0.0363821722567, 0.0957840234041, 0.0426447764039, 0.0704341158271]}}, "lowlevel": {"barkbands_spread": {"dmean2": 19.917924881, "median": 12.1467065811, "min": 0.0128005379811, "dvar2": 462.99130249, "dvar": 196.357025146, "dmean": 12.3840389252, "max": 119.965065002, "var": 357.818328857, "mean": 19.0567512512}, "melbands_spread": {"dmean2": 17.4014186859, "median": 7.76246166229, "min": 0.169753432274, "dvar2": 439.070343018, "dvar": 172.587509155, "dmean": 10.1809177399, "max": 263.835174561, "var": 277.661773682, "mean": 13.723731041}, "hfc": {"dmean2": 33.795124054, "median": 20.2704315186, "min": 1.2505201357e-16, "dvar2": 2250.71557617, "dvar": 965.08770752, "dmean": 21.6930541992, "max": 380.862121582, "var": 1431.94580078, "mean": 32.4272689819}, "barkbands_kurtosis": {"dmean2": 65.9128646851, "median": 8.48502731323, "min": -1.94900202751, "dvar2": 125994.03125, "dvar": 54142.453125, "dmean": 43.7913093567, "max": 8185.95654297, "var": 51229.2734375, "mean": 44.1997795105}, "gfcc": {"mean": [-16.9244537354, 85.5524368286, -97.7232894897, 28.7887630463, -27.5757141113, 37.2233924866, -22.9444160461, 11.5411787033, -17.9068183899, 3.97007727623, -15.0128326416, 4.36157131195, -8.79055118561], "icov": [[0.000179742462933, -0.000154078297783, 7.73100794049e-07, -0.000334526790539, 0.000267445546342, -4.15989197791e-05, 0.000137684633955, -0.000367762637325, 0.000332387309754, -0.000530474586412, 0.00025475223083, -0.000422086392064, 0.000276335980743], [-0.000154078297783, 0.00146636669524, -0.000729973369744, 0.000650434114505, -0.00107213004958, 0.00141340552364, -0.000654789211694, 0.00179028429557, -0.000685330771375, 0.00146412756294, -0.00107896048576, 0.00121779553592, -0.00109377328772], [7.73100794049e-07, -0.000729973369744, 0.00123511964921, -0.000851126678754, 0.000182393312571, -0.00124661053997, 0.00060555775417, -0.000743362179492, 0.000133864203235, -0.000670405454002, 0.000787666358519, -0.00135846389458, 0.00140442047268], [-0.000334526790539, 0.000650434114505, -0.000851126678754, 0.00193409016356, -0.000367133703548, 0.000555399223231, -0.000887158035766, 0.00111002172343, 4.95758577017e-05, 0.00079664925579, -0.00114029308315, 0.00160153862089, -0.00215205550194], [0.000267445546342, -0.00107213004958, 0.000182393312571, -0.000367133703548, 0.00283674779348, -0.00100252474658, -4.85338678118e-05, -0.00157405133359, -0.000259452412138, -0.000679421005771, 0.000559825217351, -0.000393316673581, 0.000519986788277], [-4.15989197791e-05, 0.00141340552364, -0.00124661053997, 0.000555399223231, -0.00100252474658, 0.0056562316604, -0.00188949098811, 0.00141705118585, -0.001741582877, -0.000360168371117, 0.000399241922423, -0.000728021201212, 0.000134001544211], [0.000137684633955, -0.000654789211694, 0.00060555775417, -0.000887158035766, -4.85338678118e-05, -0.00188949098811, 0.00657462142408, -0.00375586864538, 0.000590637675487, 0.00020021419914, -0.00345799769275, 0.00227144057862, -0.000827920564916], [-0.000367762637325, 0.00179028429557, -0.000743362179492, 0.00111002172343, -0.00157405133359, 0.00141705118585, -0.00375586864538, 0.0100116990507, -0.00218131951988, 0.000856031139847, 0.00161065766588, -0.00297689111903, 0.000444811128546], [0.000332387309754, -0.000685330771375, 0.000133864203235, 4.95758577017e-05, -0.000259452412138, -0.001741582877, 0.000590637675487, -0.00218131951988, 0.00884421635419, -0.00300181354396, -0.00146382290404, 0.00188196857926, -0.00498499814421], [-0.000530474586412, 0.00146412756294, -0.000670405454002, 0.00079664925579, -0.000679421005771, -0.000360168371117, 0.00020021419914, 0.000856031139847, -0.00300181354396, 0.0127042680979, -0.00291969068348, 0.000438369432231, 0.00138150295243], [0.00025475223083, -0.00107896048576, 0.000787666358519, -0.00114029308315, 0.000559825217351, 0.000399241922423, -0.00345799769275, 0.00161065766588, -0.00146382290404, -0.00291969068348, 0.0132262250409, -0.00467508798465, 0.000906545785256], [-0.000422086392064, 0.00121779553592, -0.00135846389458, 0.00160153862089, -0.000393316673581, -0.000728021201212, 0.00227144057862, -0.00297689111903, 0.00188196857926, 0.000438369432231, -0.00467508798465, 0.0194478463382, -0.0045618833974], [0.000276335980743, -0.00109377328772, 0.00140442047268, -0.00215205550194, 0.000519986788277, 0.000134001544211, -0.000827920564916, 0.000444811128546, -0.00498499814421, 0.00138150295243, 0.000906545785256, -0.0045618833974, 0.0204589534551]], "cov": [[25235.0976562, -2785.0637207, 5651.765625, 4693.74707031, -2217.14672852, 720.691955566, -636.99609375, 605.046936035, -1251.1595459, 883.319335938, -456.875488281, 741.781066895, -550.139831543], [-2785.0637207, 2905.00366211, -164.672424316, -302.871582031, 824.607421875, -434.745727539, 199.685043335, -363.770751953, 266.527770996, -287.032531738, 221.241333008, -228.172668457, 193.891647339], [5651.765625, -164.672424316, 3125.64477539, 1545.65698242, -201.376617432, 493.295928955, -117.579841614, 178.766921997, -207.512573242, 250.729721069, -109.287216187, 231.323104858, -154.945602417], [4693.74707031, -302.871582031, 1545.65698242, 1845.65539551, -285.066497803, 187.056289673, 45.8916931152, 59.955291748, -172.738464355, 141.920410156, 9.58448028564, 93.9028625488, -16.1353321075], [-2217.14672852, 824.607421875, -201.376617432, -285.066497803, 812.473937988, 9.9990901947, 178.334182739, -5.31914663315, 214.926223755, -74.9963989258, 85.216758728, -74.6915588379, 81.4887237549], [720.691955566, -434.745727539, 493.295928955, 187.056289673, 9.9990901947, 400.521728516, 53.0935401917, 108.422859192, 30.457988739, 101.645187378, -21.8810596466, 69.2009811401, -33.2916984558], [-636.99609375, 199.685043335, -117.579841614, 45.8916931152, 178.334182739, 53.0935401917, 314.194152832, 60.0880699158, 97.4919204712, -15.776556015, 96.9896469116, -33.8677177429, 51.6765594482], [605.046936035, -363.770751953, 178.766921997, 59.955291748, -5.31914663315, 108.422859192, 60.0880699158, 219.669143677, 5.75621461868, 56.113899231, -24.8085575104, 60.5339355469, -24.2940006256], [-1251.1595459, 266.527770996, -207.512573242, -172.738464355, 214.926223755, 30.457988739, 97.4919204712, 5.75621461868, 252.295227051, -4.75702810287, 65.6541900635, -39.9822883606, 75.351776123], [883.319335938, -287.032531738, 250.729721069, 141.920410156, -74.9963989258, 101.645187378, -15.776556015, 56.113899231, -4.75702810287, 148.185134888, -3.90528488159, 44.5457649231, -31.2369441986], [-456.875488281, 221.241333008, -109.287216187, 9.58448028564, 85.216758728, -21.8810596466, 96.9896469116, -24.8085575104, 65.6541900635, -3.90528488159, 135.004638672, -11.6316452026, 36.6361351013], [741.781066895, -228.172668457, 231.323104858, 93.9028625488, -74.6915588379, 69.2009811401, -33.8677177429, 60.5339355469, -39.9822883606, 44.5457649231, -11.6316452026, 100.055114746, -19.3855686188], [-550.139831543, 193.891647339, -154.945602417, -16.1353321075, 81.4887237549, -33.2916984558, 51.6765594482, -24.2940006256, 75.351776123, -31.2369441986, 36.6361351013, -19.3855686188, 90.9037399292]]}, "spectral_energyband_middle_low": {"dmean2": 0.0131008382887, "median": 0.00424760160968, "min": 5.72995744939e-22, "dvar2": 0.000420420605224, "dvar": 0.000149048690218, "dmean": 0.00727704027668, "max": 0.0833713710308, "var": 0.00010388019291, "mean": 0.00725412461907}, "melbands_crest": {"dmean2": 7.29497671127, "median": 20.0687885284, "min": 2.28045678139, "dvar2": 36.3187789917, "dvar": 14.8463058472, "dmean": 4.39505815506, "max": 35.7000923157, "var": 34.3664894104, "mean": 19.7072563171}, "spectral_kurtosis": {"dmean2": 9.97183609009, "median": 3.63875555992, "min": -1.17690753937, "dvar2": 622.146118164, "dvar": 246.749908447, "dmean": 6.22738218307, "max": 579.701904297, "var": 920.667053223, "mean": 11.9224462509}, "spectral_rms": {"dmean2": 0.00313180196099, "median": 0.00765631720424, "min": 3.33041038324e-12, "dvar2": 6.32201681583e-06, "dvar": 4.38956703874e-06, "dmean": 0.00218549720012, "max": 0.0227017998695, "var": 2.02751743927e-05, "mean": 0.00808251556009}, "zerocrossingrate": {"dmean2": 0.0241458248347, "median": 0.03662109375, "min": 0.00244140625, "dvar2": 0.000436605449067, "dvar": 0.000323282001773, "dmean": 0.0176705177873, "max": 0.51513671875, "var": 0.00150825397577, "mean": 0.0472438633442}, "silence_rate_60dB": {"dmean2": 0.0140858851373, "median": 0, "min": 0, "dvar2": 0.0162428375334, "dvar": 0.00699485139921, "dmean": 0.00704259797931, "max": 1, "var": 0.0835292190313, "mean": 0.0919894352555}, "erbbands_kurtosis": {"dmean2": 3.12501692772, "median": -0.250948786736, "min": -1.94857740402, "dvar2": 345.130218506, "dvar": 146.85256958, "dmean": 1.9532752037, "max": 574.996826172, "var": 144.35067749, "mean": 0.950854063034}, "erbbands": {"dmean2": [1.5763502121, 15.9725790024, 22.2911930084, 19.4958934784, 15.2009391785, 13.6906099319, 14.2876796722, 18.3063697815, 10.7416162491, 9.338555336, 11.7488851547, 18.8285751343, 44.8693008423, 36.1718559265, 38.2257041931, 42.0047607422, 41.0418663025, 37.6940193176, 33.4903640747, 30.5865879059, 33.1971893311, 24.2265872955, 20.6146469116, 21.2177143097, 20.0338993073, 22.5368785858, 17.4754810333, 15.1027326584, 16.997303009, 13.3764944077, 18.2850170135, 11.1401920319, 6.52659368515, 4.47366523743, 3.71727085114, 2.01199245453, 0.77426058054, 0.114109948277, 0.00660465797409, 0.000162801617989], "median": [0.516600012779, 8.48198699951, 12.8969745636, 4.07477760315, 3.92011356354, 5.13613367081, 3.8872563839, 3.43996238708, 2.67433428764, 2.58614015579, 3.72026729584, 5.92361164093, 8.50001335144, 9.89345932007, 10.7278013229, 15.8176860809, 13.2816104889, 12.097360611, 9.99537849426, 10.7982406616, 10.3626365662, 6.05196142197, 4.64436912537, 4.19592618942, 4.00046920776, 3.56626462936, 2.48688745499, 2.72651815414, 2.30366802216, 2.61696577072, 2.0427236557, 1.3631478548, 0.93905878067, 0.727110743523, 0.435606479645, 0.20285564661, 0.0555423349142, 0.00877766031772, 0.000370618596207, 9.77374002105e-05], "min": [1.69479997691e-21, 1.41074328689e-20, 1.6160406292e-20, 9.59838152328e-20, 2.55206493024e-19, 6.5578630809e-19, 4.49544745577e-19, 5.95645107679e-19, 1.36785894814e-18, 2.20139603011e-18, 1.93054628508e-18, 1.30243671651e-18, 2.32894231748e-18, 1.89253423401e-18, 1.497910352e-18, 9.93108700733e-19, 3.18603088586e-18, 8.94961032717e-18, 1.49098858735e-17, 5.52313375367e-18, 5.59022637316e-18, 1.14167617037e-17, 8.04990913595e-18, 1.37064067382e-17, 1.07112510875e-17, 1.12131602949e-17, 1.76606601113e-17, 1.95237123875e-17, 1.58360601531e-17, 1.52487453745e-17, 1.62592920766e-17, 2.02338535608e-17, 1.44200311691e-17, 1.51544914525e-17, 1.16997807231e-17, 6.48156931787e-18, 4.28417146525e-18, 1.68234350446e-18, 3.1387639762e-19, 2.92603800269e-20], "dvar2": [6.21660852432, 476.894561768, 1326.43554688, 1308.39050293, 634.74407959, 412.922485352, 781.238708496, 1961.56994629, 397.048583984, 245.59161377, 365.080200195, 1249.94042969, 6046.85693359, 3039.7019043, 4542.48046875, 4546.80957031, 4972.43945312, 4551.44824219, 3173.78466797, 2420.28833008, 2874.11938477, 1662.79797363, 1339.98449707, 1555.39660645, 1338.48730469, 1491.9140625, 1113.69775391, 682.49432373, 985.81842041, 539.164428711, 1556.82092285, 440.113922119, 143.686141968, 73.5163116455, 52.2305221558, 8.93614387512, 1.27655112743, 0.0288667250425, 0.000197504938114, 6.07205024039e-08], "dvar": [3.65139985085, 282.150146484, 541.929443359, 472.999328613, 224.3777771, 147.070648193, 267.868438721, 675.096679688, 146.246841431, 93.9432449341, 138.885787964, 484.791412354, 2290.08349609, 1208.00793457, 1878.48461914, 1798.21936035, 1899.46557617, 1724.31140137, 1208.89526367, 955.900634766, 1126.61950684, 608.43548584, 488.151763916, 560.218505859, 486.478881836, 576.805480957, 402.512512207, 273.521484375, 408.640808105, 239.631271362, 668.844909668, 205.746688843, 74.0613479614, 34.3401908875, 22.7881336212, 3.73555755615, 0.528998613358, 0.0124563788995, 7.95570595074e-05, 2.52784317922e-08], "dmean": [1.12185060978, 10.7092962265, 13.7923717499, 10.530670166, 7.95876073837, 7.52237701416, 7.93933391571, 10.1787900925, 6.16656255722, 5.49808311462, 6.9328584671, 11.4011363983, 26.0553684235, 21.3615169525, 23.0390815735, 25.0198287964, 23.9607429504, 22.0018024445, 19.4453125, 17.7779083252, 19.2953948975, 13.7775068283, 11.6857328415, 11.9071092606, 11.3935070038, 13.3053607941, 10.0341663361, 9.17835330963, 10.8170204163, 8.83957195282, 11.6310539246, 7.46097707748, 4.38024330139, 2.99581646919, 2.38113737106, 1.22900891304, 0.465688019991, 0.0692759230733, 0.00395737634972, 0.