{"tonal": {"thpcp": [1, 0.568499267101, 0.229335218668, 0.703145802021, 0.903074204922, 0.441888511181, 0.233274549246, 0.282747715712, 0.232555419207, 0.237997561693, 0.304971843958, 0.271377712488, 0.25395283103, 0.255431354046, 0.205450057983, 0.202660635114, 0.203716352582, 0.181225791574, 0.249607861042, 0.344894587994, 0.320181965828, 0.275064855814, 0.252876698971, 0.210071623325, 0.276913076639, 0.396007984877, 0.333676874638, 0.238886296749, 0.241969868541, 0.212179660797, 0.193000912666, 0.175314679742, 0.148813053966, 0.216221496463, 0.283624142408, 0.653379201889], "hpcp": {"dmean2": [0.166885972023, 0.159965246916, 0.124732509255, 0.129024252295, 0.136564821005, 0.124345235527, 0.15842667222, 0.183856368065, 0.1779114604, 0.168690353632, 0.171786248684, 0.154344588518, 0.153156071901, 0.189992338419, 0.178773909807, 0.158952981234, 0.157546818256, 0.138292819262, 0.121483772993, 0.106548182666, 0.0935369282961, 0.131179749966, 0.163436368108, 0.166868790984, 0.150479435921, 0.124972097576, 0.153591632843, 0.224701628089, 0.20169198513, 0.186896920204, 0.146800667048, 0.144506752491, 0.150928273797, 0.152186691761, 0.183455124497, 0.196801513433], "median": [0.023135073483, 0.0255057122558, 0.0211260430515, 0.0200139917433, 0.0201492290944, 0.0131626464427, 0.0137715861201, 0.0175795555115, 0.0196272432804, 0.0157442148775, 0.012360598892, 0.0134065849707, 0.0315621308982, 0.0496019981802, 0.0508036017418, 0.0267917644233, 0.0138348136097, 0.0134597122669, 0.0136017100886, 0.0117035610601, 0.0128278750926, 0.0177454780787, 0.0175023674965, 0.179762691259, 0.13563169539, 0.110825836658, 0.0280129965395, 0.079984754324, 0.0964916497469, 0.0816962271929, 0.0130572831258, 0.00979434419423, 0.00943554751575, 0.0180683601648, 0.0233724769205, 0.0201852545142], "min": [0, 0, 0, 0, 0, 0, 0, 0, 0, 0, 0, 0, 0, 0, 0, 0, 0, 0, 0, 0, 0, 0, 0, 0, 0, 0, 0, 0, 0, 0, 0, 0, 0, 0, 0, 0], "dvar2": [0.0890096127987, 0.0849588662386, 0.0535868369043, 0.0628571212292, 0.0700303986669, 0.0555241815746, 0.0747809186578, 0.1101982072, 0.0932396203279, 0.0963623821735, 0.103714294732, 0.0821377336979, 0.0639792382717, 0.075757317245, 0.0715079084039, 0.0751972049475, 0.0794883966446, 0.0676202252507, 0.0605286024511, 0.0473527126014, 0.0369379520416, 0.0561832375824, 0.0842595621943, 0.0767050683498, 0.0844639018178, 0.0591823160648, 0.0701088234782, 0.0972604826093, 0.101087786257, 0.0665078386664, 0.0782865509391, 0.0855612307787, 0.0870051831007, 0.0825604349375, 0.102455794811, 0.114088572562], "dvar": [0.0324070677161, 0.0321062132716, 0.0190457571298, 0.0219441372901, 0.0251209102571, 0.0201433561742, 0.0263456981629, 0.0400288365781, 0.0333932824433, 0.0358264520764, 0.0357405282557, 0.0282306279987, 0.022259645164, 0.0284359529614, 0.0253235660493, 0.0264113117009, 0.0287374779582, 0.0239835344255, 0.0208154376596, 0.0172835327685, 0.0130744352937, 0.0198203567415, 0.0309898797423, 0.0284521412104, 0.0363559387624, 0.0222859345376, 0.0246678255498, 0.0360837802291, 0.0419075079262, 0.0239809453487, 0.0269711371511, 0.0331580787897, 0.0316828340292, 0.0284675899893, 0.0357454828918, 0.0393621586263], "dmean": [0.0940278619528, 0.0897703543305, 0.0706123411655, 0.0723442360759, 0.0765641853213, 0.0702201575041, 0.0895653739572, 0.10258769989, 0.101044788957, 0.0973220020533, 0.0962162017822, 0.084247790277, 0.0874296724796, 0.111356653273, 0.101640209556, 0.0886294618249, 0.0882735922933, 0.0775595828891, 0.0682207345963, 0.0607887655497, 0.052631624043, 0.074106566608, 0.0910904929042, 0.0930476039648, 0.0841602906585, 0.0698069855571, 0.0860397666693, 0.129906535149, 0.116248086095, 0.106626644731, 0.0820372700691, 0.0832067206502, 0.0838870033622, 0.085791438818, 0.102208949625, 0.108344256878], "max": [1, 1, 1, 1, 1, 1, 1, 1, 1, 1, 1, 1, 1, 1, 1, 1, 1, 1, 1, 1, 1, 1, 1, 1, 1, 1, 1, 1, 1, 1, 1, 1, 1, 1, 1, 1], "var": [0.036589089781, 0.0398072078824, 0.0237971097231, 0.0259499698877, 0.0268185287714, 0.0221238397062, 0.0328648947179, 0.067773334682, 0.0524878017604, 0.0483018681407, 0.0446610637009, 0.0300087668002, 0.0312363076955, 0.0525165982544, 0.0350519157946, 0.0315413810313, 0.0371287316084, 0.029001256451, 0.0253789685667, 0.0228973384947, 0.0154101103544, 0.0274784844369, 0.0505822822452, 0.0582552962005, 0.194948494434, 0.0523993745446, 0.0266890451312, 0.110540390015, 0.175373986363, 0.0440804362297, 0.0363718084991, 0.0620183907449, 0.0402539148927, 0.0353232696652, 0.0538275055587, 0.0413937456906], "mean": [0.102719128132, 0.103317163885, 0.0831006765366, 0.0819724053144, 0.0823994204402, 0.0733024179935, 0.10096167028, 0.139503359795, 0.129507571459, 0.111258551478, 0.102283857763, 0.0849700123072, 0.112006120384, 0.160177767277, 0.134966000915, 0.0966250002384, 0.0978722497821, 0.0858226716518, 0.0780652314425, 0.0709114819765, 0.0601920746267, 0.0874575152993, 0.114720612764, 0.264279574156, 0.404481142759, 0.229947224259, 0.0927617698908, 0.284409224987, 0.365276485682, 0.178735569119, 0.0943551585078, 0.11436611414, 0.0940642803907, 0.0962655246258, 0.123355358839, 0.10976716876]}, "tuning_equal_tempered_deviation": 0.269134044647, "chords_changes_rate": 0.0508109666407, "key_key": "F#", "tuning_diatonic_strength": 0.365761339664, "key_scale": "minor", "chords_number_rate": 0.00157887185924, "tuning_frequency": 434.193115234, "tuning_nontempered_energy_ratio": 0.875730037689, "chords_histogram": [28.1326255798, 0, 4.36342763901, 1.83723270893, 0.0574135221541, 0.516721665859, 0, 0.889909565449, 0.0143533805385, 2.12430024147, 0.387541264296, 0.674608886242, 0.0143533805385, 0, 0, 0.444954782724, 37.0891342163, 1.01908993721, 0, 3.90411949158, 1.9951198101, 1.07650351524, 12.9754552841, 2.48313474655], "key_strength": 0.378743082285, "chords_key": "D", "chords_strength": {"dmean2": 0.010727356188, "median": 0.441982537508, "min": 0.213411852717, "dvar2": 0.000111720415589, "dvar": 6.56547999824e-05, "dmean": 0.00878901686519, "max": 0.632212042809, "var": 0.00393206020817, "mean": 0.435264140368}, "chords_scale": "minor", "hpcp_entropy": {"dmean2": 1.3237811327, "median": 2.2339246273, "min": 0, "dvar2": 1.09448349476, "dvar": 0.429971784353, "dmean": 0.772441327572, "max": 4.84228277206, "var": 1.15887439251, "mean": 2.20746397972}}, "metadata": {"audio_properties": {"equal_loudness": 0, "codec": "mp3", "downmix": "mix", "sample_rate": 44100, "analysis_sample_rate": 44100, "bit_rate": 320026, "md5_encoded": "0609e23b64e256ee81e758da34e67787", "length": 323.500396729, "replay_gain": -17.5487670898, "lossless": false}, "version": {"essentia_build_sha": "70f2e5ece6736b2c40cc944ad0e695b16b925413", "essentia": "2.1-beta2", "extractor": "music 1.0", "essentia_git_sha": "v2.1_beta2"}, "tags": {"title": ["The Gatekeeper"], "language": ["eng"], "media": ["Digital Media"], "albumartist": ["Andy C"], "musicbrainz_releasegroupid": ["dc073dc8-26f5-4cac-becf-0dddfee9db18"], "isrc": ["GBBZH1100007"], "musicbrainz_recordingid": ["09f4e251-1dd6-44d8-b630-579e65ab8b00"], "musicbrainz_albumartistid": ["ec853694-30a1-4c7e-84e6-4ca87ee3c314"], "discnumber": ["1/1"], "bpm": ["108"], "catalognumber": ["RAMMLP19D"], "musicbrainz album release country": ["GB"], "musicbrainz album type": ["compilation"], "musicbrainz album status": ["Official"], "file_name": "66. DJ Fresh - The Gatekeeper.mp3", "acoustid_fingerprint": ["AQADtMkSLYmUJcHxA_7RHt_RG75a6DgHh4eO4A-u6MJ_nIOBOPGhLglllEJ89MFLDjkDZ8mES8fxHy9vmEkkoh70o89xksgftEmykIhM4oF8NCOLakmPD03UL9DO4l2C_GiTRIfrIg_GQ9eINunxHv0hPnERn7DGo0ySoDz84w2DMLmhK0ezRDLyw5-C50fe45TwpMaJs8P14-NhJhNRMofQZ8fJI492tFFJRGYG_eheNJF0PNFQ6YV4PeiTFXnI40KbSKngIWKgH9ePNtFQfhA_PNmKOPCUHWWiHA1-OGkYhLYPjUmCdLaOC46XDPeR8_iSCdfxF__x8jCTkKgX_NB-_BlyHa2SxUJkicUD-WhGFtWS4xuaqOqgk0HXIv9RJ4GZpsKDiIdetImPayP6Q3xixOdhjUepJEeZyzDyUoWWcAtyBQ0n_HiKND60pUe1JIdrlOzxDFqio07CY2rUFc136C9O5AwqaXiSI5QZ4gzkD00kH22S7PihZf2CPivy_DjRKdGqYotw5Id-tIkmaP6OvMET9Dre40tiD11k-FpxC5VEQ1dxSQ9-NJUkCpW6kPiEH-Ul-NThIk8sJHUSEc214WGG78F1DY_gD7nxZ8jHUcLJTeip4BMeEj_MvFCZ48d5nKQinA-eE4X8HDe-Mce1K8UTBk2eo5eK_DtU6shjeB--HJd0NG2CPtFx8Sx-GU14yXgpHPYlJFdypLHSozOu48eVPMGVHekT4cd_xHoaPKSEjhSuhMczuGORdEL-4-zR08OvoGJa_CTCI_GP_3gmpfgeBU8K54mK_IQe9AzCjJx0fMHhK7iUWHiTH8-PSxLRRMMp2OeR60j6HM1TPMzwHdeDR9fQ_EJ4C--PZzvi5VPQLyM-FQ_xPXBe6MlxvMdJKsWpD0_Y4yeR7DriB_-FJwqLpw1-OJeO2B-SC48GzzqeJTF--CeeExeP6zya_nhg_niOtPuJZM_xKSH-4Eed5Gh6icIfScGpiigvXDr6HF-RT4GO9KmCxkl01A5-NI9RXtJw1OmEpmKG_tCyJ3genDoaLc0x6bNwHcdXTJyOSGF06E8oIvfAJEzyoX6PKxt6YspDnB3-B9fxHKEdaLneIMeT45mUo-lc_PhxEjeOZKOI_BIa5xIuCe6F6ZIElpHx40LGHFqaMBVqHtmLX3iioVvCo6migu_wB53WOPiPPMmR_DiuXMeeuOjjCZcY4kqIU8aP9yiV4DzSH9pe5Me1WCilsfCDH3-I4yL6IXlGhH8Gn1pwb9jyBSUzgt6P6_hTVPwRZiT0Z8gbSriU4yGcH2Q0K7jcBJV6ovkq_MPHCdPRMEqJvA_0BzmHE_sko-uHn9hPfMGR3kUJHeG1CO6OP3jw-fiH4zkjRDx8SoPOHhQ-YT9--Ap-4j8058iVS7guEX0PTzvqhDhyaNP6IF2PCy9x-BnODvuLH3kznNmJi8QTw0lz6FqwjYfW8ziJq3CoMMbLMzj0oI2PKQ-Hl8KP5ui1oxN5_NgPXUh73IEvlCGPi4h9QY-I8EqFxs3xRMd7PC_6zEXTJMOF_PgPHaePfjt-uMIJHIeOD8eP4zuA44fY4wrE4z1if8CFHzl-6DiPfBEq58i948lDQT3xKIgX0TizNBb84y_yMicubRCZ5MIfA4d3XDmu4Hp2lIKu43AnHMB9HDhk4Dj048OP4zge_Aa-_CgV5NWOPyHy4ymefXifoDkD7R-eRscNjznax2h-_DiNfjusaTiO49Dx4fiB-zhw_NAPW4F4_Mjx48KPHD90nEe-CNWPnNrx5KGgnngUxItonFkaCz5-BnmZE5c2iFSO6zuOD35x6bgSXM-OUtB1HG5xHPjxAYcM4At0HR-OH3jw4KWBL88RcscnDU-QE2caPFEunIyWoA-0PPtwR8dTohmPP0bz48dp9NvxFT5OHIeODzhwHweOQ8cDXfiR48eFH8FP6DiPnKh4nNqRJ6egnnhk5EloXMwcC35wBrF54pkDcVFyXN9xfPCL49lxrdlRCroOmCmOAz8-4BAOfIEufMfxAw8e_DieH5V2fCqeECePviilCg-f4Df8Qxej4ymaMcd_NM_x4zT67fjhCsdx6DiOHzlSGf5xHDKO57ig4xPu4xCe4zqFHN_xo5KOPFIq6IyJ_Lh0nCKew9EXnDjF42nQjHGEtjnxB-l1PIce8UQYG_vww9KNWAzESskQXsGOHx_T4MwM94iba8hxMcWdo9VePFKOG_5nXEfYHMk44Tb-GLeFHmNrvDrOItHZFlmX43txbSmmP2ie4_pKvEZ-6NmPA5eJqscHM8IBnNAH_MB9HDgOHYeO4x9iHxeOIz-hA3EWo-JxagdxpALACSaIAN4oQpAQjmAlBDEmAEIAgAoRw5gVCCghpAAQCAKIMUY4BIQB2AsAmBEGGOIAYQgYJYgwADGiDBACAYGUIAAoIQWhQAgqjLCAKMYAIAQQqBQRRjHLEBRCCAgAIcYYIRQDggCrlAJMMEEA5Mog4ogABCggBIJNAGKAkEYQBYAQBEghgBUCGSAAIwopRRgBQDhngMDCUAIQIoARAIhBBilFgJHCCCKEAEQQQRAgQABhGDEIIUYYEMIgAQ4BRgmikFGAEkAIIsgopYUwhCAgiDCAOiCMAIAIwIlCRCFBBGECAOEQQUIYpwgwCAhmjCBCEIWAEYRQQJhRgAmgBCBEMIEQAIAAIyAzVBjAFJHAWkAIdAYJoIggDBgBGGUIACCkEMIxQQxgRClEhKFAAAqMgIgARigQBkFCDBNSaQIJAAYQZBEgQlBHDLACEcWoEQpQYAQlBApCkCACKEEAEFIgQ40wSgJBDEDMKIeIAQIS1EAAgFggkHKCGAAAAhI4J4QBCBkhgDBADICQooA4YSQiAFFDDBGECkI8AAIaAIBQRBknBRZIKQGIIYoZhbRxAAAAgBHCCKMQY8gJ5oRkSgilFILiQRYAIAJAYQRBAjgAgCDQFGQMEAARI4ZBDiIjBcAOKeMIAAwIIIxDBBACBEMIEYCIAwAY44RRiDEkDHJCEiYERcEqBMWDLAAAiABQGEEQcAAAQwwgYRFkgACIGCeeEQ4ZJ0wAyDgAlBNQAwKIAgQhZAxAxAEAjABGGIXEMMgJ4oygKFiFoEMsAKAIcMQJAhAXgBADSFjEGAAQceIZ4QQygpoAkHGEHcCcgMAAQphBhCBEDABIOACAEcIJqRxiSBmBHHJMgQGUM1AhA4wwBhERABeGMQ4UEsAQwZQQAhgABGGGWGAQEUIQKwjAgCKGtIAAGMOIAgAioIxDADAioTNECmGQEwQawZRSJjHEFgEA"], "date": ["2013-11-10"], "genre": ["Drum And Bass, Electronic, Jungle"], "album": ["Nightlife 6"], "musicbrainz_artistid": ["77049387-0580-4a3a-a05f-d12b5d6b5042"], "originaldate": ["2013-11-10"], "musicbrainz_albumid": ["828ffce7-dd97-494d-b586-3db796ffd4f6"], "artist": ["DJ Fresh"], "artistsort": ["Fresh, DJ"], "tracknumber": ["66/83"], "label": ["RAM Records"], "albumartistsort": ["Andy C", "Andy C"], "acoustid_id": ["d4767eeb-d7ed-4518-9626-20f882e43bd1"], "script": ["Latn"]}}, "rhythm": {"bpm_histogram_first_peak_bpm": {"dmean2": 0, "median": 88, "min": 88, "dvar2": 0, "dvar": 0, "dmean": 0, "max": 88, "var": 0, "mean": 88}, "bpm": 86.9457015991, "bpm_histogram_second_peak_spread": {"dmean2": 0, "median": 0.552631616592, "min": 0.552631616592, "dvar2": 0, "dvar": 0, "dmean": 0, "max": 0.552631616592, "var": 0, "mean": 0.552631616592}, "bpm_histogram_first_peak_weight": {"dmean2": 0, "median": 0.461215943098, "min": 0.461215943098, "dvar2": 0, "dvar": 0, "dmean": 0, "max": 0.461215943098, "var": 0, "mean": 0.461215943098}, "onset_rate": 6.43870973587, "beats_position": [0.684988677502, 1.38158726692, 2.07818579674, 2.77478456497, 3.48299312592, 4.1679816246, 4.85297060013, 5.54956912994, 6.24616765976, 6.91954612732, 7.61614513397, 8.3011341095, 8.99773216248, 9.682721138, 10.379319191, 11.0643081665, 11.749297142, 12.445895195, 13.1424942017, 13.8158731461, 14.512471199, 15.2090702057, 15.8940582275, 16.5790481567, 17.2756462097, 17.9606342316, 18.6456241608, 19.3422222137, 20.0388202667, 20.7238082886, 21.4087982178, 22.1053962708, 22.7903842926, 23.4753742218, 24.1719722748, 24.8569602966, 25.5419502258, 26.2385482788, 26.9235363007, 27.6085262299, 28.3051242828, 28.9901123047, 29.6751022339, 30.3717002869, 31.0682983398, 31.753288269, 32.4382743835, 33.1348762512, 33.8314743042, 34.5164604187, 35.2014503479, 35.8864402771, 36.5830383301, 37.2680282593, 37.9530143738, 38.638004303, 39.334602356, 40.0195922852, 40.7045783997, 41.4011802673, 42.0977783203, 42.7943763733, 43.4909744263, 44.1875724792, 44.8841705322, 45.5923805237, 46.3005905151, 47.0087966919, 47.6009063721, 48.1814041138, 48.7619056702, 49.3424034119, 49.9112930298, 50.4917907715, 51.0490684509, 51.6179580688, 52.1287956238, 52.6512451172, 53.1736946106, 53.73097229, 54.2882537842, 54.8455314636, 55.4028091431, 55.9600906372, 56.5173683167, 57.0862579346, 57.6551475525, 58.2124252319, 58.7697029114, 59.3269844055, 59.8958702087, 60.4763717651, 61.0568695068, 61.6373672485, 62.2178688049, 62.7867546082, 63.3556442261, 63.9941940308, 64.621131897, 65.2480697632, 65.9098434448, 66.5716094971, 67.2565994263, 67.9415893555, 68.6381835938, 69.3347854614, 70.0313796997, 70.7163696289, 71.4013595581, 72.0979614258, 72.7945556641, 73.4795455933, 74.1645355225, 74.8611297607, 75.5577316284, 76.2427215576, 76.9277114868, 77.6126937866, 78.2976837158, 78.9942855835, 79.6908798218, 80.375869751, 81.0608596802, 81.7574615479, 82.4540557861, 83.1390457153, 83.8240356445, 84.5090255737, 85.1940155029, 85.8906097412, 86.5872116089, 87.2722015381, 87.9571838379, 88.6537857056, 89.3387756348, 90.023765564, 90.6971435547, 91.393737793, 92.0903396606, 92.7869338989, 93.4835357666, 94.1685256958, 94.853515625, 95.5501098633, 96.246711731, 96.9317016602, 97.61668396, 98.3132858276, 98.9982757568, 99.683265686, 100.379859924, 101.064849854, 101.749839783, 102.44644165, 103.143035889, 103.828025818, 104.513015747, 105.198005676, 105.882987976, 106.579589844, 107.276191711, 107.961174011, 108.64616394, 109.342765808, 110.039360046, 110.735961914, 111.432563782, 112.175598145, 112.907028198, 113.638458252, 114.358276367, 115.089706421, 115.821128845, 116.564170837, 117.260765076, 117.957366943, 118.653968811, 119.338951111, 120.02394104, 120.720542908, 121.417137146, 122.102127075, 122.787117004, 123.483718872, 124.168708801, 124.853691101, 125.550292969, 126.246894836, 126.931877136, 127.616867065, 128.301864624, 128.986846924, 129.683441162, 130.3800354, 131.076644897, 131.761627197, 132.446624756, 133.131607056, 133.816589355, 134.513198853, 135.209793091, 135.894775391, 136.579772949, 137.276367188, 137.961364746, 138.646347046, 139.342941284, 140.027938843, 140.712921143, 141.409515381, 142.106124878, 142.791107178, 143.476104736, 144.172698975, 144.857681274, 145.542678833, 146.239273071, 146.924255371, 147.60925293, 148.305847168, 149.002441406, 149.687438965, 150.372421265, 151.069015503, 151.754013062, 152.438995361, 153.135604858, 153.832199097, 154.517181396, 155.202178955, 155.898773193, 156.583755493, 157.268753052, 157.96534729, 158.650344849, 159.335327148, 160.031921387, 160.728515625, 161.413513184, 162.098495483, 162.783493042, 163.468475342, 164.16506958, 164.850067139, 165.535049438, 166.231658936, 166.916641235, 167.601623535, 168.298233032, 168.994827271, 169.67980957, 170.364807129, 171.061401367, 171.757995605, 172.442993164, 173.127975464, 173.824569702, 174.521179199, 175.206161499, 175.891159058, 176.576141357, 177.272735596, 177.957733154, 178.654327393, 179.350921631, 180.035919189, 180.732513428, 181.30140686, 181.835464478, 182.369522095, 182.91519165, 183.460861206, 184.0181427, 184.563812256, 185.109481812, 185.666748047, 186.224029541, 186.781311035, 187.326980591, 187.872650146, 188.429931641, 188.998809814, 189.567703247, 190.148208618, 190.72869873, 191.309204102, 191.936141968, 192.563079834, 193.1900177, 193.816955566, 194.432281494, 194.989562988, 195.558456421, 196.115737915, 196.649795532, 197.183853149, 197.810791016, 198.437728882, 199.064666748, 199.749649048, 200.434646606, 201.119628906, 201.793014526, 202.454788208, 203.139770508, 203.824752808, 204.509750366, 205.194732666, 205.891326904, 206.587936401, 207.272918701, 207.95791626, 208.654510498, 209.351104736, 210.036102295, 210.721084595, 211.406066895, 212.091064453, 212.787658691, 213.48425293, 214.169250488, 214.854232788, 215.550842285, 216.247436523, 216.932418823, 217.617416382, 218.302398682, 218.987380981, 219.683990479, 220.380584717, 221.065567017, 221.750564575, 222.447158813, 223.143753052, 223.82875061, 224.51373291, 225.210342407, 225.895324707, 226.580307007, 227.276916504, 227.961898804, 228.646896362, 229.343490601, 230.040084839, 230.725082397, 231.410064697, 232.095046997, 232.780044556, 233.476638794, 234.173233032, 234.858230591, 235.543212891, 236.239807129, 236.936416626, 237.621398926, 238.306396484, 238.991378784, 239.676361084, 240.372970581, 241.069564819, 241.754547119, 242.439544678, 243.136138916, 243.821136475, 244.506118774, 245.191101074, 245.887710571, 246.572692871, 247.269287109, 247.965896606, 248.650878906, 249.335861206, 250.032470703, 250.729064941, 251.414047241, 252.0990448, 252.7840271, 253.469024658, 254.165618896, 254.862213135, 255.547210693, 256.232208252, 256.92880249, 257.625396729, 258.310394287, 258.995361328, 259.680358887, 260.365356445, 261.061950684, 261.758544922, 262.44354248, 263.128509521, 263.825134277, 264.521728516, 265.206695557, 265.891693115, 266.588287354, 267.273284912, 267.958282471, 268.654876709, 269.33984375, 270.024841309, 270.721435547, 271.418029785, 272.103027344, 272.788024902, 273.484619141, 274.169616699, 274.85458374, 275.551208496, 276.236175537, 276.921173096, 277.617767334, 278.314361572, 278.999359131, 279.684356689, 280.380950928, 281.065948486, 281.750915527, 282.447509766, 283.132507324, 283.817504883, 284.514099121, 285.210693359, 285.895690918, 286.580688477, 287.277282715, 287.962249756, 288.647247314, 289.343841553, 290.028839111, 290.71383667, 291.410430908, 292.107025146, 292.792022705, 293.476989746, 294.173614502, 294.858581543, 295.543579102, 296.24017334, 296.925170898, 297.610168457, 298.306762695, 299.003356934, 299.688323975, 300.373321533, 301.069915771, 301.75491333, 302.439910889, 303.136505127, 303.821502686, 304.506469727, 305.203063965, 305.899688721, 306.584655762, 307.26965332, 307.966247559, 308.662841797, 309.359436035, 310.067657471, 310.822296143, 311.565338135, 312.28515625, 313.016601562, 313.748016357, 314.47946167, 315.187652588, 315.884246826, 316.580841064, 317.27746582, 317.974060059, 318.6590271, 319.344024658, 320.040618896, 320.725616455, 321.410614014, 322.107208252, 322.80380249], "beats_loudness": {"dmean2": 0.0593541152775, "median": 0.0721923261881, "min": 5.41043920776e-09, "dvar2": 0.00362475961447, "dvar": 0.00110750889871, "dmean": 0.0308391470462, "max": 0.137959495187, "var": 0.00131268950645, "mean": 0.0527442730963}, "danceability": 1.21363449097, "bpm_histogram_second_peak_weight": {"dmean2": 0, "median": 0.0356394127011, "min": 0.0356394127011, "dvar2": 0, "dvar": 0, "dmean": 0, "max": 0.0356394127011, "var": 0, "mean": 0.0356394127011}, "beats_count": 478, "bpm_histogram_second_peak_bpm": {"dmean2": 0, "median": 108, "min": 108, "dvar2": 0, "dvar": 0, "dmean": 0, "max": 108, "var": 0, "mean": 108}, "bpm_histogram_first_peak_spread": {"dmean2": 0, "median": 0.449999988079, "min": 0.449999988079, "dvar2": 0, "dvar": 0, "dmean": 0, "max": 0.449999988079, "var": 0, "mean": 0.449999988079}, "beats_loudness_band_ratio": {"dmean2": [0.52359598875, 0.18229983747, 0.103868246078, 0.166536778212, 0.13352638483, 0.311023145914], "median": [0.418994545937, 0.0764141082764, 0.0267195776105, 0.0398016124964, 0.0251616239548, 0.111982896924], "min": [8.20255736471e-05, 0.00107358943205, 0.000319462415064, 0.000188789112144, 0.000195506261662, 2.5155935873e-05], "dvar2": [0.276720523834, 0.033142760396, 0.0192957874388, 0.0454205572605, 0.0176358968019, 0.100442923605], "dvar": [0.0869900733232, 0.0120806992054, 0.00707324780524, 0.0168449990451, 0.00551676936448, 0.0305162370205], "dmean": [0.284192949533, 0.100760526955, 0.0579085834324, 0.0946768224239, 0.0704752132297, 0.166026130319], "max": [0.984088540077, 0.813602864742, 0.618742465973, 0.773671984673, 0.455120533705, 0.937741219997], "var": [0.152981415391, 0.020673988387, 0.0163454785943, 0.0169730260968, 0.00699395267293, 0.0516198761761], "mean": [0.439331799746, 0.122999206185, 0.0855272635818, 0.0957998484373, 0.0656956583261, 0.214540362358]}}, "lowlevel": {"barkbands_spread": {"dmean2": 29.3307437897, "median": 25.831993103, "min": 0.393218576908, "dvar2": 907.379150391, "dvar": 390.08505249, "dmean": 17.9925708771, "max": 117.926116943, "var": 613.382141113, "mean": 32.9145851135}, "melbands_spread": {"dmean2": 36.4596138, "median": 21.4635848999, "min": 0.455032795668, "dvar2": 2815.18164062, "dvar": 1156.77966309, "dmean": 22.5966091156, "max": 285.864624023, "var": 2208.10302734, "mean": 37.9163017273}, "hfc": {"dmean2": 76.0458221436, "median": 22.5678958893, "min": 1.15971224806e-16, "dvar2": 11470.2480469, "dvar": 4714.29736328, "dmean": 46.5319976807, "max": 485.261260986, "var": 4891.97753906, "mean": 49.0619125366}, "barkbands_kurtosis": {"dmean2": 23.9273090363, "median": 1.71212387085, "min": -1.94759726524, "dvar2": 2582.08544922, "dvar": 1091.43286133, "dmean": 14.8635091782, "max": 320.505737305, "var": 1127.4609375, "mean": 13.3322372437}, "gfcc": {"mean": [-9.95246887207, 37.8741645813, -92.0079116821, 39.060546875, -64.2294311523, 24.5003986359, -35.1367149353, 14.1417150497, -26.7731800079, 7.62495136261, -11.0543041229, 4.55922842026, -6.18774747849], "icov": [[9.40467289183e-05, -2.65522345444e-07, 1.33764806378e-05, -7.49252430978e-05, 7.81208073022e-05, -0.000248695607297, 0.000110272638267, 2.36260439124e-05, -6.08389018453e-05, -0.000173664942849, 0.000409164786106, -0.000151407395606, 0.000285461166641], [-2.65522345444e-07, 0.000933751231059, -0.000161144984304, 0.000144369885675, -0.000264592468739, 0.0012139264727, -0.00108541385271, 1.11807266876e-05, -4.94009145768e-05, 0.00143655901775, -0.0020310736727, 0.000739246082958, 0.000361647544196], [1.33764806378e-05, -0.000161144984304, 0.00183254247531, -0.00103249552194, -0.00071390758967, -0.00101813965011, 0.00124022818636, -0.00105030636769, -0.000413580070017, -0.00133108301088, 0.000356182834366, 0.00197248347104, -0.00120291195344], [-7.49252430978e-05, 0.000144369885675, -0.00103249552194, 0.00325907813385, -0.000489273457788, -0.00175740336999, -0.000902031315491, 0.00136782845948, 8.05801901151e-05, 0.000145193305798, 0.00126904400531, 2.58036307059e-05, -0.000697554205544], [7.81208073022e-05, -0.000264592468739, -0.00071390758967, -0.000489273457788, 0.00628956407309, -0.0013860524632, -0.00401636911556, 0.00271017290652, -0.00501784170046, 0.00257258000784, 0.000713233544957, -0.0046818763949, 0.00405808677897], [-0.000248695607297, 0.0012139264727, -0.00101813965011, -0.00175740336999, -0.0013860524632, 0.01014027372, -0.00154278299306, -0.00622319523245, 0.00412915553898, 0.00286138709635, -0.00727749522775, 0.00441641639918, -0.00174971902743], [0.000110272638267, -0.00108541385271, 0.00124022818636, -0.000902031315491, -0.00401636911556, -0.00154278299306, 0.0098657682538, -0.00294295023195, 7.69961989135e-05, -0.00456544663757, 0.00197336776182, 0.00146653235424, -0.000809077173471], [2.36260439124e-05, 1.11807266876e-05, -0.00105030636769, 0.00136782845948, 0.00271017290652, -0.00622319523245, -0.00294295023195, 0.0183715485036, -0.00805874075741, 8.56073820614e-05, 0.00327782239765, -0.00460049649701, 0.00105506076943], [-6.08389018453e-05, -4.94009145768e-05, -0.000413580070017, 8.05801901151e-05, -0.00501784170046, 0.00412915553898, 7.69961989135e-05, -0.00805874075741, 0.0210637263954, -0.00461766310036, -0.00480925198644, 0.00452122511342, -0.004070578143], [-0.000173664942849, 0.00143655901775, -0.00133108301088, 0.000145193305798, 0.00257258000784, 0.00286138709635, -0.00456544663757, 8.56073820614e-05, -0.00461766310036, 0.0178875401616, -0.0059438846074, -0.00434887968004, 0.00484698871151], [0.000409164786106, -0.0020310736727, 0.000356182834366, 0.00126904400531, 0.000713233544957, -0.00727749522775, 0.00197336776182, 0.00327782239765, -0.00480925198644, -0.0059438846074, 0.0221859775484, -0.00470470031723, -0.00634633284062], [-0.000151407395606, 0.000739246082958, 0.00197248347104, 2.58036307059e-05, -0.0046818763949, 0.00441641639918, 0.00146653235424, -0.00460049649701, 0.00452122511342, -0.00434887968004, -0.00470470031723, 0.0211216751486, -0.00726508907974], [0.000285461166641, 0.000361647544196, -0.00120291195344, -0.000697554205544, 0.00405808677897, -0.00174971902743, -0.000809077173471, 0.00105506076943, -0.004070578143, 0.00484698871151, -0.00634633284062, -0.00726508907974, 0.0188228655607]], "cov": [[16776.5566406, -2299.72924805, 1209.33361816, 1271.52185059, -218.08644104, 833.80480957, -227.447662354, 200.175018311, -178.414169312, 79.9855575562, -493.366638184, -234.944732666, -298.512969971], [-2299.72924805, 2382.05102539, -323.522003174, -324.382873535, 382.571044922, -305.679992676, 321.931732178, -62.382194519, 134.068756104, -54.1752243042, 166.106216431, 31.753616333, -25.9427242279], [1209.33361816, -323.522003174, 2167.7878418, 1153.28564453, 368.902740479, 852.400085449, 197.432296753, 309.769195557, 183.840057373, 48.2326927185, 111.700378418, -177.245346069, 156.564407349], [1271.52185059, -324.382873535, 1153.28564453, 1053.76977539, 289.953948975, 581.974304199, 183.594863892, 172.835113525, 88.8214569092, 14.0555849075, 29.9570732117, -104.776313782, 74.7423171997], [-218.08644104, 382.571044922, 368.902740479, 289.953948975, 559.875061035, 169.87272644, 299.929260254, 82.7025299072, 147.742446899, 24.5822162628, 52.2341690063, 15.1319723129, -17.3081474304], [833.80480957, -305.679992676, 852.400085449, 581.974304199, 169.87272644, 575.780639648, 122.584693909, 184.674926758, 68.1710739136, 5.74031066895, 80.5470657349, -78.7998886108, 91.0938034058], [-227.447662354, 321.931732178, 197.432296753, 183.594863892, 299.929260254, 122.584693909, 305.178161621, 79.541343689, 98.2033081055, 40.7462730408, 43.8287887573, 1.99740707874, -1.63019025326], [200.175018311, -62.382194519, 309.769195557, 172.835113525, 82.7025299072, 184.674926758, 79.541343689, 139.472305298, 63.9526863098, 22.4819812775, 33.464756012, -10.6873083115, 34.501247406], [-178.414169312, 134.068756104, 183.840057373, 88.8214569092, 147.742446899, 68.1710739136, 98.2033081055, 63.9526863098, 119.74030304, 34.7158927917, 50.4381103516, 3.97937870026, 25.7881450653], [79.9855575562, -54.1752243042, 48.2326927185, 14.0555849075, 24.5822162628, 5.74031066895, 40.7462730408, 22.4819812775, 34.7158927917, 92.0040817261, 22.0235118866, 20.0397396088, -1.86751508713], [-493.366638184, 166.106216431, 111.700378418, 29.9570732117, 52.2341690063, 80.5470657349, 43.8287887573, 33.464756012, 50.4381103516, 22.0235118866, 121.306236267, 21.6884384155, 63.2808914185], [-234.944732666, 31.753616333, -177.245346069, -104.776313782, 15.1319723129, -78.7998886108, 1.99740707874, -10.6873083115, 3.97937870026, 20.0397396088, 21.6884384155, 92.3773117065, 16.5081653595], [-298.512969971, -25.9427242279, 156.564407349, 74.7423171997, -17.3081474304, 91.0938034058, -1.63019025326, 34.501247406, 25.7881450653, -1.86751508713, 63.2808914185, 16.5081653595, 114.888565063]]}, "spectral_energyband_middle_low": {"dmean2": 0.00659175077453, "median": 0.00311182392761, "min": 3.82893797323e-22, "dvar2": 0.000149466999574, "dvar": 5.62538698432e-05, "dmean": 0.00390522484668, "max": 0.0769718289375, "var": 7.45006691432e-05, "mean": 0.00635051121935}, "melbands_crest": {"dmean2": 4.9119553566, "median": 17.6640529633, "min": 2.2550971508, "dvar2": 27.5032367706, "dvar": 11.946149826, "dmean": 3.1306655407, "max": 35.2434120178, "var": 102.828727722, "mean": 19.762046814}, "spectral_kurtosis": {"dmean2": 1.74684488773, "median": 1.13455915451, "min": -1.18893289566, "dvar2": 42.5903053284, "dvar": 13.9217615128, "dmean": 1.10847401619, "max": 147.303070068, "var": 96.9478988647, "mean": 2.95891046524}, "spectral_rms": {"dmean2": 0.00117672630586, "median": 0.00500077614561, "min": 3.19886391681e-12, "dvar2": 2.74815852208e-06, "dvar": 1.47112700688e-06, "dmean": 0.00079838297097, "max": 0.0116270566359, "var": 8.93532069313e-06, "mean": 0.00548931257799}, "zerocrossingrate": {"dmean2": 0.0397643744946, "median": 0.0810546875, "min": 0.00341796875, "dvar2": 0.00146075093653, "dvar": 0.00114074011799, "dmean": 0.0326271913946, "max": 0.501953125, "var": 0.00702609680593, "mean": 0.109387584031}, "silence_rate_60dB": {"dmean2": 0.0666140243411, "median": 0, "min": 0, "dvar2": 0.0828551352024, "dvar": 0.032191619277, "dmean": 0.0333046242595, "max": 1, "var": 0.0837152153254, "mean": 0.0922270864248}, "erbbands_kurtosis": {"dmean2": 3.15007066727, "median": -0.37415766716, "min": -1.89664888382, "dvar2": 19.9670562744, "dvar": 7.92597055435, "dmean": 1.90224051476, "max": 43.5489463806, "var": 9.42071533203, "mean": 0.625162482262}, "erbbands": {"dmean2": [0.27833211422, 1.25421905518, 3.75339770317, 5.36536979675, 6.53564119339, 14.0262384415, 9.5935344696, 12.5108184814, 10.8758153915, 11.0643529892, 14.1979846954, 15.4267864227, 17.1247272491, 21.706035614, 14.6627073288, 15.351899147, 14.9124660492, 16.3473682404, 14.9540948868, 15.3147754669, 15.6561136246, 18.8427639008, 16.5833282471, 19.8791389465, 23.0536880493, 27.3032264709, 39.4089317322, 33.3804740906, 27.0800533295, 26.218580246, 22.7379074097, 35.2398872375, 95.4042053223, 11.6545391083, 21.4301624298, 3.84140276909, 0.402065724134, 0.062538087368, 0.0112575525418, 0.000598068523686], "median": [0.0444473996758, 0.830217957497, 1.11148953438, 2.03661942482, 1.21938240528, 1.24406218529, 1.35335743427, 3.65761613846, 3.80174922943, 1.66417491436, 1.7230578661, 4.25685214996, 5.31490087509, 4.10074090958, 3.72735738754, 5.12892866135, 3.89793634415, 4.17636156082, 3.04943442345, 2.65209984779, 3.47739863396, 3.96611332893, 4.57318925858, 5.05598497391, 6.14721727371, 6.5094370842, 6.2637462616, 6.57752513885, 5.53382349014, 5.21636581421, 4.53038072586, 4.88644647598, 5.17780208588, 1.53312242031, 1.54651999474, 0.516025960445, 0.0478896871209, 0.00633187266067, 0.000618766935077, 8.97200516192e-05], "min": [5.73978375326e-22, 3.37545165145e-21, 2.80581562093e-21, 7.6190378376e-21, 3.39198302563e-20, 1.94221529614e-19, 4.78286583526e-19, 1.38989969255e-18, 6.65148855251e-19, 1.2571901438e-18, 6.81691588623e-19, 1.30180371654e-18, 2.67508865931e-18, 2.87546695885e-18, 2.59970913766e-18, 2.789352494e-18, 8.6130611416e-18, 5.43388592866e-18, 6.39999690177e-18, 7.98830320547e-18, 6.82488070495e-18, 7.44703178138e-18, 7.98116132806e-18, 1.26184218688e-17, 1.59783352184e-17, 1.81412222687e-17, 1.77440283365e-17, 1.29722434128e-17, 1.40866856541e-17, 1.41294558548e-17, 1.70014534114e-17, 1.74371840339e-17, 1.50486570018e-17, 1.2296270589e-17, 1.07651642382e-17, 7.8477519845e-18, 3.01034723633e-18, 9.51574824803e-19, 3.23011418413e-19, 3.82052785265e-20], "dvar2": [0.282398104668, 8.87351512909, 204.67048645, 320.324523926, 381.5234375, 782.669250488, 334.248748779, 937.971801758, 776.422912598, 1050.82324219, 1165.02868652, 1261.58898926, 1022.02105713, 2719.84204102, 647.840576172, 592.871276855, 712.48828125, 998.006164551, 1452.57800293, 1137.31860352, 1122.4050293, 2192.87133789, 1154.43164062, 1437.25366211, 1693.20703125, 2569.22729492, 8377.60644531, 3237.52001953, 1680.74829102, 1914.04187012, 1177.42993164, 2799.16674805, 26553.6835938, 335.389770508, 1094.2923584, 39.3622589111, 0.36972463131, 0.0106217619032, 0.000517433043569, 1.28828571633e-06], "dvar": [0.142753615975, 5.68654823303, 78.7344970703, 115.736488342, 142.422088623, 282.959960938, 130.300338745, 343.119445801, 307.518676758, 479.888214111, 480.086242676, 555.630310059, 437.069122314, 1049.44921875, 285.675598145, 257.584503174, 345.593383789, 427.597351074, 618.07232666, 508.86630249, 543.613098145, 951.611877441, 544.811645508, 659.221557617, 950.284973145, 1287.4276123, 3301.27441406, 1483.33117676, 858.299316406, 857.431091309, 530.687988281, 1022.38989258, 9625.80859375, 130.885574341, 418.166564941, 15.4569272995, 0.155544579029, 0.00443723844364, 0.00019256772066, 4.9455604767e-07], "dmean": [0.191616773605, 0.877456963062, 2.31739425659, 3.0963871479, 3.84962034225, 7.72874069214, 5.52613544464, 7.79508495331, 6.92623806, 6.99574947357, 8.51388931274, 9.77037811279, 11.0981893539, 13.0720443726, 9.15842056274, 9.92597484589, 9.38824939728, 10.3656873703, 9.40728855133, 9.55670261383, 10.2942256927, 12.0038938522, 11.0958061218, 12.6439313889, 15.3815927505, 18.0670509338, 24.1136283875, 21.6997890472, 17.757106781, 16.9604740143, 13.9296541214, 21.0330104828, 54.3185081482, 6.91431951523, 12.5051002502, 2.2717499733, 0.241428688169, 0.0374413095415, 0.00649080472067, 0.000348780187778], "max": [4.06413698196, 29.3781700134, 94.7835617065, 128.560302734, 159.526702881, 169.650802612, 304.913116455, 462.6746521, 333.745758057, 629.796020508, 559.085449219, 407.584686279, 533.338500977, 469.825012207, 294.370513916, 299.137908936, 463.996276855, 544.922485352, 686.340515137, 393.606170654, 542.707702637, 473.739746094, 331.364013672, 276.962127686, 403.277709961, 324.011657715, 570.50201416, 460.04473877, 302.611541748, 290.328155518, 199.790740967, 307.324035645, 783.269104004, 80.6401443481, 157.538986206, 40.0514030457, 3.98194003105, 0.574819803238, 0.128445059061, 0.00706137018278], "var": [2.13427662849, 15.9673156738, 78.8055725098, 92.6474838257, 123.607566833, 215.8256073, 142.659561157, 517.979614258, 681.067260742, 765.840209961, 696.457214355, 821.828186035, 929.022033691, 918.636474609, 630.899108887, 636.381164551, 648.226196289, 759.333190918, 640.794250488, 640.801757812, 717.40032959, 1033.0892334, 765.796691895, 826.141662598, 1355.04272461, 1623.97692871, 2717.7265625, 1703.47924805, 1150.44689941, 987.128479004, 629.553222656, 987.988830566, 7520.42480469, 115.936340332, 351.941711426, 13.165646553, 0.14827772975, 0.00410335510969, 0.000144106641528, 4.04272157084e-07], "mean": [1.08046925068, 2.78323078156, 3.00827646255, 4.27061462402, 4.1705994606, 6.80628728867, 5.90710544586, 13.938158989, 13.1949033737, 9.23108291626, 10.1583976746, 12.4313392639, 16.1832199097, 14.3930587769, 13.5198202133, 15.6595373154, 13.4392604828, 14.8348817825, 11.4405088425, 11.9963083267, 13.0572977066, 14.2936916351, 14.6394510269, 15.1082105637, 18.1214485168, 19.0435123444, 21.4038562775, 21.4130706787, 18.3420963287, 16.6802062988, 14.1656045914, 19.022108078, 42.6669883728, 5.90582323074, 9.99678611755, 1.89295196533, 0.21111048758, 0.0334362350404, 0.00503479782492, 0.000307481503114]}, "spectral_strongpeak": {"dmean2": 1.13885009289, "median": 0.630087614059, "min": 0, "dvar2": 10.1070632935, "dvar": 3.4662103653, "dmean": 0.631092131138, "max": 20.0655250549, "var": 2.43013167381, "mean": 0.920660078526}, "spectral_energy": {"dmean2": 0.0132045699283, "median": 0.0256329551339, "min": 1.04885483852e-20, "dvar2": 0.000408689898904, "dvar": 0.000223715964239, "dmean": 0.00882197543979, "max": 0.138568148017, "var": 0.00114577834029, "mean": 0.0400447323918}, "average_loudness": 0.863579332829, "spectral_rolloff": {"dmean2": 3032.08032227, "median": 1270.45898438, "min": 64.599609375, "dvar2": 16435318, "dvar": 7161075, "dmean": 1766.63232422, "max": 18776.953125, "var": 13060604, "mean": 3163.19482422}, "spectral_centroid": {"dmean2": 1186.92919922, "median": 1836.18237305, "min": 170.047317505, "dvar2": 1151814, "dvar": 525751.625, "dmean": 776.685852051, "max": 10524.9638672, "var": 1261249.5, "mean": 2093.11157227}, "pitch_salience": {"dmean2": 0.125097423792, "median": 0.525825381279, "min": 0.0925661325455, "dvar2": 0.014335132204, "dvar": 0.00689978105947, "dmean": 0.0808958187699, "max": 0.966026723385, "var": 0.0428229309618, "mean": 0.505868971348}, "spectral_energyband_middle_high": {"dmean2": 0.00294561777264, "median": 0.00133729516529, "min": 1.46834272446e-21, "dvar2": 3.16297009704e-05, "dvar": 1.62731594173e-05, "dmean": 0.00197015935555, "max": 0.0438298285007, "var": 2.45502069447e-05, "mean": 0.0031933572609}, "spectral_contrast_coeffs": {"dmean2": [0.0960639417171, 0.0785332098603, 0.0654778108001, 0.0478870868683, 0.0391825847328, 0.0435672774911], "median": [-0.69273763895, -0.766497969627, -0.801668643951, -0.826586306095, -0.815234065056, -0.760484099388], "min": [-0.968675374985, -0.979229271412, -0.961424410343, -0.961542189121, -0.955329418182, -0.960911333561], "dvar2": [0.00834444630891, 0.00418988708407, 0.00295124808326, 0.00144958286546, 0.000952311675064, 0.00122148066293], "dvar": [0.00325111206621, 0.0015729443403, 0.00110309803858, 0.00055024883477, 0.000383439823054, 0.000520586501807], "dmean": [0.0577882453799, 0.0477092862129, 0.0401248596609, 0.0288194809109, 0.0245609767735, 0.0282463505864], "max": [-0.295810520649, -0.484716504812, -0.535453081131, -0.612461328506, -0.632604598999, -0.622364580631], "var": [0.0100394478068, 0.00670089945197, 0.00413001282141, 0.00176597433165, 0.0011142102303, 0.00163901667111], "mean": [-0.671486377716, -0.756135106087, -0.793724238873, -0.821362793446, -0.813332080841, -0.758467376232]}, "melbands_skewness": {"dmean2": 3.63012123108, "median": 2.89939498901, "min": -2.6248652935, "dvar2": 25.569858551, "dvar": 11.8751058578, "dmean": 2.40218877792, "max": 28.0743255615, "var": 33.1028938293, "mean": 5.33628845215}, "spectral_spread": {"dmean2": 1480381, "median": 6725505.5, "min": 590011.875, "dvar2": 2479155314690.0, "dvar": 1401488670720.0, "dmean": 1129907.875, "max": 40461392, "var": 7650972008450.0, "mean": 7091717.5}, "dissonance": {"dmean2": 0.0250897370279, "median": 0.480765134096, "min": 0.236719369888, "dvar2": 0.000656738353427, "dvar": 0.000241339381319, "dmean": 0.0150106083602, "max": 0.500000119209, "var": 0.000725157326087, "mean": 0.472827374935}, "spectral_skewness": {"dmean2": 0.341234505177, "median": 0.975046217442, "min": 0.0361732766032, "dvar2": 0.173618048429, "dvar": 0.0627883076668, "dmean": 0.227730348706, "max": 9.37369251251, "var": 0.629109025002, "mean": 1.11082720757}, "spectral_flux": {"dmean2": 0.0531873255968, "median": 0.0754442289472, "min": 1.02413612313e-10, "dvar2": 0.00304716429673, "dvar": 0.00148423679639, "dmean": 0.0339311659336, "max": 0.379334956408, "var": 0.00380093092099, "mean": 0.0872759222984}, "spectral_contrast_valleys": {"dmean2": [0.710984349251, 0.836402475834, 0.75760191679, 0.725508213043, 0.745633900166, 0.825259566307], "median": [-7.2998251915, -7.24700212479, -7.55211162567, -7.95044231415, -7.36088275909, -9.24287319183], "min": [-26.9917392731, -27.126329422, -26.900396347, -27.1879577637, -27.2709388733, -27.2110557556], "dvar2": [0.403046488762, 0.613525211811, 0.488199323416, 0.456198960543, 0.410315126181, 0.495202660561], "dvar": [0.191586375237, 0.263684630394, 0.230672031641, 0.231581583619, 0.201183363795, 0.238761544228], "dmean": [0.448660343885, 0.520816981792, 0.490399718285, 0.480855643749, 0.515020906925, 0.585143268108], "max": [-5.13647270203, -4.7648897171, -5.46668434143, -5.60075044632, -5.24898195267, -7.13142824173], "var": [3.0007007122, 1.53246366978, 1.4999806881, 1.85047769547, 2.01850438118, 2.7586183548], "mean": [-7.7892575264, -7.30793857574, -7.68390417099, -8.03067111969, -7.55351877213, -9.5378780365]}, "erbbands_flatness_db": {"dmean2": 0.0293157603592, "median": 0.119295693934, "min": 0.0527827963233, "dvar2": 0.000699207244907, "dvar": 0.00030019247788, "dmean": 0.0186147931963, "max": 0.428790599108, "var": 0.00254492857493, "mean": 0.130012631416},