{"tonal": {"thpcp": [1, 0.586472094059, 0.366511315107, 0.313156872988, 0.237327724695, 0.45486587286, 0.505514144897, 0.256785184145, 0.268961817026, 0.331910610199, 0.319954752922, 0.610372841358, 0.623455941677, 0.34293115139, 0.564722836018, 0.67083966732, 0.61116540432, 0.672532737255, 0.359295994043, 0.163902804255, 0.650540053844, 0.843014717102, 0.409633547068, 0.273509353399, 0.314433932304, 0.281045466661, 0.48816627264, 0.598901152611, 0.47693631053, 0.638243377209, 0.612443864346, 0.299729406834, 0.288243085146, 0.315549254417, 0.299248635769, 0.742791473866], "hpcp": {"dmean2": [0.187980815768, 0.173511043191, 0.147813305259, 0.132002815604, 0.134204789996, 0.154377356172, 0.210191622376, 0.210741192102, 0.208821177483, 0.153356358409, 0.126884266734, 0.120909139514, 0.119892954826, 0.125413179398, 0.112669937313, 0.106146529317, 0.108424633741, 0.129890084267, 0.129144966602, 0.14789198339, 0.145522728562, 0.153953269124, 0.141695275903, 0.20608638227, 0.261597126722, 0.145761370659, 0.0810548663139, 0.151388704777, 0.148341536522, 0.130860328674, 0.115558817983, 0.138424709439, 0.151426076889, 0.182924777269, 0.189738288522, 0.212442949414], "median": [0.0167332235724, 0.0105912378058, 0.0104280635715, 0.0126184467226, 0.0136381592602, 0.016774892807, 0.0524314045906, 0.065789334476, 0.0333288647234, 0.00474353088066, 0.00266960216686, 0.00516267865896, 0.0197426248342, 0.0246049277484, 0.0154387885705, 0.0061513800174, 0.00490614213049, 0.0150666916743, 0.0223610140383, 0.0244509316981, 0.0237691439688, 0.0209086854011, 0.0222130604088, 0.0337152928114, 0.0115621183068, 0.00775938108563, 0.00774459214881, 0.0519233942032, 0.0641514733434, 0.0268565360457, 0.00438484316692, 0.00352355884388, 0.00823858845979, 0.0249997954816, 0.028130158782, 0.0235084220767], "min": [0, 0, 0, 0, 0, 0, 0, 0, 0, 0, 0, 0, 0, 0, 0, 0, 0, 0, 0, 0, 0, 0, 0, 0, 0, 0, 0, 0, 0, 0, 0, 0, 0, 0, 0, 0], "dvar2": [0.113749325275, 0.104704961181, 0.0963250026107, 0.0792155638337, 0.07981531322, 0.0926516130567, 0.105210706592, 0.112400822341, 0.118368633091, 0.101685211062, 0.0887165814638, 0.0739638805389, 0.0600436367095, 0.0597177520394, 0.0565300062299, 0.0580934844911, 0.0557485930622, 0.064648590982, 0.0565002374351, 0.0691544637084, 0.0662243813276, 0.0771434828639, 0.0739450901747, 0.0905354991555, 0.172077670693, 0.0594610348344, 0.0361030511558, 0.0629211366177, 0.0618090443313, 0.0568003505468, 0.0688209682703, 0.0930318534374, 0.0967046618462, 0.112528704107, 0.119965597987, 0.130113765597], "dvar": [0.0415157079697, 0.0382388308644, 0.0327390991151, 0.0287894811481, 0.0297292508185, 0.0326341539621, 0.0383939221501, 0.0442268066108, 0.0418439656496, 0.036902166903, 0.03268269822, 0.0259726569057, 0.0232141334563, 0.0232786778361, 0.0201448965818, 0.0206991154701, 0.0213052351028, 0.0229403544217, 0.0235532354563, 0.0277707725763, 0.0242491997778, 0.0295565910637, 0.0306062102318, 0.0334933921695, 0.0664945393801, 0.0220910124481, 0.0128254787996, 0.024715397507, 0.0273035056889, 0.0199167579412, 0.0252332612872, 0.0341130718589, 0.0341270528734, 0.0405446738005, 0.0450775586069, 0.0441223867238], "dmean": [0.106419704854, 0.0981181189418, 0.0810530260205, 0.0743850544095, 0.0767831280828, 0.0859487950802, 0.121669486165, 0.123309925199, 0.117157816887, 0.0834572315216, 0.0689375624061, 0.0664999485016, 0.0699779987335, 0.0750309973955, 0.0634671375155, 0.0595341138542, 0.0617031417787, 0.0727807655931, 0.0750284194946, 0.0867577940226, 0.0830911695957, 0.0908845663071, 0.0841704010963, 0.117654591799, 0.144232094288, 0.080616876483, 0.0455697886646, 0.0920151472092, 0.0912623256445, 0.0756342038512, 0.0640500932932, 0.075762219727, 0.083483941853, 0.103465288877, 0.105993777514, 0.117831192911], "max": [1, 1, 1, 1, 1, 1, 1, 1, 1, 1, 1, 1, 1, 1, 1, 1, 1, 1, 1, 1, 1, 1, 1, 1, 1, 1, 1, 1, 1, 1, 1, 1, 1, 1, 1, 1], "var": [0.0840288475156, 0.0837062299252, 0.027874102816, 0.0267239324749, 0.0319454930723, 0.0264954678714, 0.0702364519238, 0.118783861399, 0.058581314981, 0.0553539916873, 0.0507757551968, 0.0227537918836, 0.0525911971927, 0.0565973594785, 0.0180763695389, 0.0244931317866, 0.0383537225425, 0.0255250036716, 0.0810686796904, 0.0768383443356, 0.024327352643, 0.0643445774913, 0.0938822627068, 0.0503930673003, 0.0925703570247, 0.0270569212735, 0.0102652888745, 0.0589478239417, 0.0959360674024, 0.0293826591223, 0.0351169891655, 0.0458130836487, 0.0292853936553, 0.0548380985856, 0.0821532383561, 0.0452693477273], "mean": [0.164458602667, 0.157810732722, 0.0772324129939, 0.0742726922035, 0.0813087746501, 0.0771085321903, 0.19139790535, 0.257673799992, 0.15111848712, 0.0944403633475, 0.0806923210621, 0.0611531361938, 0.117207020521, 0.130257755518, 0.0661668106914, 0.0693044140935, 0.0855246707797, 0.082443960011, 0.157277092338, 0.16064825654, 0.0883643701673, 0.145514279604, 0.172857806087, 0.157481312752, 0.173294067383, 0.0925811678171, 0.0422334596515, 0.167627125978, 0.217222809792, 0.105551831424, 0.0704761967063, 0.0810213834047, 0.0724180564284, 0.12578766048, 0.15432113409, 0.122893989086]}, "tuning_equal_tempered_deviation": 0.191231116652, "chords_changes_rate": 0.0568443425, "key_key": "E", "tuning_diatonic_strength": 0.440175205469, "key_scale": "major", "chords_number_rate": 0.00265627773479, "tuning_frequency": 434.193115234, "tuning_nontempered_energy_ratio": 0.95243114233, "chords_histogram": [8.5355052948, 9.03134441376, 17.0887203217, 8.5355052948, 3.89587402344, 0.106251105666, 2.03647947311, 0.389587402344, 0.106251105666, 0.141668140888, 0.655215144157, 0, 0, 0.460421472788, 0.54896402359, 6.12714719772, 2.05418801308, 4.79900836945, 2.63856911659, 5.79068517685, 13.6001415253, 1.41668140888, 6.49902582169, 5.54276609421], "key_strength": 0.758823752403, "chords_key": "B", "chords_strength": {"dmean2": 0.00855520740151, "median": 0.473518431187, "min": 0.251887768507, "dvar2": 6.74116308801e-05, "dvar": 6.36680342723e-05, "dmean": 0.00942563917488, "max": 0.716285765171, "var": 0.00830461736768, "mean": 0.474642008543}, "chords_scale": "major", "hpcp_entropy": {"dmean2": 0.879514396191, "median": 1.99487102032, "min": 0, "dvar2": 0.59318113327, "dvar": 0.21877707541, "dmean": 0.521869242191, "max": 4.46503782272, "var": 0.467973828316, "mean": 1.99410068989}}, "metadata": {"audio_properties": {"equal_loudness": 0, "codec": "mp3", "downmix": "mix", "sample_rate": 44100, "analysis_sample_rate": 44100, "bit_rate": 212726, "md5_encoded": "f3de5f5f68937f9ec0dd55a2ae13a240", "length": 262.164886475, "replay_gain": -15.0394306183, "lossless": false}, "version": {"essentia_build_sha": "70f2e5ece6736b2c40cc944ad0e695b16b925413", "essentia": "2.1-beta2", "extractor": "music 1.0", "essentia_git_sha": "v2.1_beta2"}, "tags": {"title": ["YOU"], "artist": ["MEG"], "albumartist": ["Meg"], "date": ["2010"], "genre": ["JPop"], "composer": ["Yasutaka Nakata & MEG"], "album": ["MAVERICK"], "tracknumber": ["7/11"], "musicbrainz_recordingid": ["0f15f5b7-a491-43aa-929c-64974c9033bc"], "file_name": "1531726.mp3"}}, "rhythm": {"bpm_histogram_first_peak_bpm": {"dmean2": 0, "median": 161, "min": 161, "dvar2": 0, "dvar": 0, "dmean": 0, "max": 161, "var": 0, "mean": 161}, "bpm": 161.511444092, "bpm_histogram_second_peak_spread": {"dmean2": 0, "median": 0.350000023842, "min": 0.350000023842, "dvar2": 0, "dvar": 0, "dmean": 0, "max": 0.350000023842, "var": 0, "mean": 0.350000023842}, "bpm_histogram_first_peak_weight": {"dmean2": 0, "median": 0.66325032711, "min": 0.66325032711, "dvar2": 0, "dvar": 0, "dmean": 0, "max": 0.66325032711, "var": 0, "mean": 0.66325032711}, "onset_rate": 3.04375100136, "beats_position": [0.383129239082, 0.766258478165, 1.13777780533, 1.50929701328, 1.88081634045, 2.2523355484, 2.62385487556, 3.00698399544, 3.39011335373, 3.76163268089, 4.13315200806, 4.5046710968, 4.87619018555, 5.25931978226, 5.64244890213, 6.01396799088, 6.38548755646, 6.7570066452, 7.14013576508, 7.52326536179, 7.89478445053, 8.26630401611, 8.63782310486, 9.0093421936, 9.38086128235, 9.76399040222, 10.1471195221, 10.5186395645, 10.8901586533, 11.261677742, 11.6331968307, 12.0047159195, 12.387845993, 12.7709751129, 13.1424942017, 13.5140132904, 13.8855323792, 14.2570514679, 14.6285715103, 15.0000905991, 15.3832197189, 15.7547388077, 16.1378688812, 16.50938797, 16.8925170898, 17.2756462097, 17.6471652985, 18.0186843872, 18.390203476, 18.7617225647, 19.1332416534, 19.5047607422, 19.8762817383, 20.2594108582, 20.642539978, 21.0140590668, 21.3971881866, 21.7803173065, 22.1518363953, 22.523355484, 22.8948745728, 23.2663936615, 23.6379127502, 24.009431839, 24.3925609589, 24.764081955, 25.1472110748, 25.5187301636, 25.8902492523, 26.2617683411, 26.6332874298, 27.0164165497, 27.3995456696, 27.7710647583, 28.142583847, 28.5141029358, 28.8856239319, 29.2687530518, 29.6518821716, 30.0234012604, 30.3949203491, 30.7664394379, 31.1495685577, 31.5326976776, 31.9042167664, 32.2757377625, 32.6472549438, 33.0187759399, 33.3902931213, 33.7734222412, 34.1449432373, 34.5164604187, 34.8995895386, 35.2711105347, 35.6426315308, 36.0141487122, 36.397277832, 36.7804069519, 37.151927948, 37.5234451294, 37.8949661255, 38.2664833069, 38.638004303, 39.0211334229, 39.4042625427, 39.7757797241, 40.1473007202, 40.5188217163, 40.9019508362, 41.2850799561, 41.6565971375, 42.0281181335, 42.3996353149, 42.771156311, 43.1426734924, 43.5258026123, 43.9089317322, 44.2804527283, 44.6519737244, 45.0234909058, 45.3950119019, 45.7781410217, 46.1496582031, 46.5211791992, 46.9043083191, 47.2758255005, 47.6473464966, 48.018863678, 48.3903846741, 48.7735137939, 49.1566429138, 49.5281639099, 49.8996810913, 50.2712020874, 50.6427192688, 51.0142402649, 51.3857574463, 51.7572784424, 52.1287956238, 52.5003166199, 52.871837616, 53.2549667358, 53.6380958557, 54.0212249756, 54.4043540955, 54.7758712769, 55.1473922729, 55.5189094543, 55.9020385742, 56.2735595703, 56.6566886902, 57.0282058716, 57.3997268677, 57.7712478638, 58.1427650452, 58.525894165, 58.9090232849, 59.280544281, 59.6520614624, 60.0235824585, 60.3950996399, 60.7782287598, 61.1613578796, 61.5328788757, 61.9043960571, 62.2759170532, 62.6474380493, 63.0189552307, 63.4020843506, 63.7852134705, 64.1567306519, 64.5282516479, 64.899772644, 65.2712936401, 65.6544189453, 66.0375518799, 66.409072876, 66.7805862427, 67.1521072388, 67.5236282349, 67.895149231, 68.2782745361, 68.6497955322, 69.0213165283, 69.4044418335, 69.7759628296, 70.1474838257, 70.5189971924, 70.8905181885, 71.273651123, 71.6567764282, 72.0282974243, 72.3998184204, 72.7713394165, 73.1428527832, 73.5259857178, 73.9091110229, 74.280632019, 74.6521530151, 75.0236740112, 75.3951950073, 75.7783203125, 76.1614532471, 76.5329666138, 76.9044876099, 77.276008606, 77.6475296021, 78.0306549072, 78.4137878418, 78.7853012085, 79.1568222046, 79.5283432007, 79.8998641968, 80.2713851929, 80.6428985596, 81.0260314941, 81.4091567993, 81.7806777954, 82.1521987915, 82.5353240967, 82.9068450928, 83.2783660889, 83.661491394, 84.0330123901, 84.4045333862, 84.7760543823, 85.1475753784, 85.5190887451, 85.9022216797, 86.2853469849, 86.656867981, 87.0283889771, 87.3999099731, 87.7714233398, 88.1545562744, 88.537689209, 88.9092025757, 89.2807235718, 89.6522445679, 90.023765564, 90.3952789307, 90.7784118652, 91.1615371704, 91.5330581665, 91.9045791626, 92.2761001587, 92.6476211548, 93.0191345215, 93.4022674561, 93.7853927612, 94.1569137573, 94.5284347534, 94.8999557495, 95.2830810547, 95.6662139893, 96.037727356, 96.4092483521, 96.7807693481, 97.1522903442, 97.5238113403, 97.9069366455, 98.2784576416, 98.6615829468, 99.0331039429, 99.404624939, 99.7761459351, 100.147659302, 100.530792236, 100.913917542, 101.285438538, 101.656959534, 102.02848053, 102.400001526, 102.783126831, 103.166259766, 103.537773132, 103.909294128, 104.280815125, 104.652336121, 105.023849487, 105.395370483, 105.778503418, 106.161628723, 106.533149719, 106.904670715, 107.276191711, 107.647705078, 108.030838013, 108.413963318, 108.785484314, 109.15700531, 109.528526306, 109.900039673, 110.271560669, 110.654693604, 111.037818909, 111.409339905, 111.780860901, 112.152381897, 112.523895264, 112.907028198, 113.290153503, 113.6616745, 114.033195496, 114.404716492, 114.776237488, 115.147750854, 115.530883789, 115.914009094, 116.28553009, 116.657051086, 117.028572083, 117.400085449, 117.783218384, 118.166343689, 118.537864685, 118.909385681, 119.280906677, 119.652427673, 120.035552979, 120.418685913, 120.79019928, 121.161720276, 121.533241272, 121.904762268, 122.276275635, 122.659408569, 123.042533875, 123.414054871, 123.785575867, 124.157096863, 124.528617859, 124.911743164, 125.294876099, 125.666389465, 126.037910461, 126.409431458, 126.780952454, 127.15246582, 127.535598755, 127.91872406, 128.290252686, 128.661773682, 129.033279419, 129.404800415, 129.776321411, 130.159454346, 130.54258728, 130.914108276, 131.285614014, 131.65713501, 132.028656006, 132.41178894, 132.794921875, 133.166442871, 133.537963867, 133.909469604, 134.280990601, 134.652511597, 135.024032593, 135.407165527, 135.790298462, 136.161804199, 136.533325195, 136.904846191, 137.276367188, 137.659500122, 138.042633057, 138.414154053, 138.78565979, 139.157180786, 139.528701782, 139.911834717, 140.294967651, 140.666488647, 141.037994385, 141.409515381, 141.792648315, 142.164169312, 142.547302246, 142.918823242, 143.290344238, 143.661849976, 144.033370972, 144.404891968, 144.788024902, 145.171157837, 145.542678833, 145.914199829, 146.285705566, 146.657226562, 147.040359497, 147.411880493, 147.795013428, 148.166534424, 148.538040161, 148.909561157, 149.281082153, 149.664215088, 150.047348022, 150.418869019, 150.790390015, 151.161895752, 151.533416748, 151.904937744, 152.27645874, 152.659591675, 153.042724609, 153.414230347, 153.785751343, 154.157272339, 154.540405273, 154.923538208, 155.295059204, 155.6665802, 156.038085938, 156.409606934, 156.792739868, 157.164260864, 157.547393799, 157.918914795, 158.290420532, 158.661941528, 159.033462524, 159.404983521, 159.776504517, 160.159637451, 160.542770386, 160.914276123, 161.285797119, 161.657318115, 162.04045105, 162.423583984, 162.79510498, 163.166610718, 163.538131714, 163.90965271, 164.281173706, 164.652694702, 165.035827637, 165.418960571, 165.790466309, 166.161987305, 166.545120239, 166.928253174, 167.29977417, 167.671295166, 168.042816162, 168.414321899, 168.785842896, 169.157363892, 169.540496826, 169.923629761, 170.295150757, 170.666656494, 171.03817749, 171.409698486, 171.781219482, 172.152740479, 172.524261475, 172.895782471, 173.278915405, 173.662033081, 174.033554077, 174.416687012, 174.799819946, 175.171340942, 175.54284668, 175.914367676, 176.285888672, 176.657409668, 177.040542603, 177.423675537, 177.795196533, 178.166702271, 178.538223267, 178.909744263, 179.292877197, 179.676010132, 180.047531128, 180.407440186, 180.778961182, 181.162078857, 181.545211792, 181.928344727, 182.299865723, 182.671386719, 183.042892456, 183.414413452, 183.785934448, 184.157455444, 184.540588379, 184.923721313, 185.29524231, 185.666748047, 186.038269043, 186.409790039, 186.792922974, 187.176055908, 187.547576904, 187.919082642, 188.290603638, 188.662124634, 189.03364563, 189.416778564, 189.799911499, 190.171432495, 190.542938232, 190.914459229, 191.285980225, 191.657501221, 192.040634155, 192.42376709, 192.795272827, 193.166793823, 193.538314819, 193.921447754, 194.304580688, 194.676101685, 195.047622681, 195.419128418, 195.790649414, 196.16217041, 196.545303345, 196.928436279, 197.299957275, 197.671463013, 198.042984009, 198.414505005, 198.786026001, 199.157546997, 199.540679932, 199.923812866, 200.295318604, 200.6668396, 201.038360596, 201.409881592, 201.793014526, 202.176147461, 202.547653198, 202.919174194, 203.302307129, 203.685440063, 204.05696106, 204.428482056, 204.800003052, 205.171508789, 205.543029785, 205.914550781, 206.297683716, 206.68081665, 207.052337646, 207.423858643, 207.79536438, 208.166885376, 208.538406372, 208.921539307, 209.304672241, 209.676193237, 210.047698975, 210.419219971, 210.790740967, 211.173873901, 211.545394897, 211.928527832, 212.300048828, 212.671554565, 213.043075562, 213.414596558, 213.797729492, 214.180862427, 214.552383423, 214.92388916, 215.295410156, 215.666931152, 216.050064087, 216.433197021, 216.804718018, 217.176239014, 217.547744751, 217.919265747, 218.290786743, 218.662307739, 219.045440674, 219.428573608, 219.800079346, 220.171600342, 220.554733276, 220.937866211, 221.309387207, 221.680908203, 222.052429199, 222.423934937, 222.795455933, 223.166976929, 223.550109863, 223.933242798, 224.304763794, 224.676269531, 225.047790527, 225.419311523, 225.79083252, 226.173965454, 226.557098389, 226.928619385, 227.300125122, 227.671646118, 228.043167114, 228.41468811, 228.797821045, 229.180953979, 229.552474976, 229.923980713, 230.295501709, 230.667022705, 231.05015564, 231.433288574, 231.80480957, 232.176315308, 232.547836304, 232.9193573, 233.302490234, 233.685623169, 234.057144165, 234.428665161, 234.800170898, 235.171691895, 235.543212891, 235.914733887, 236.297866821, 236.680999756, 237.052505493, 237.424026489, 237.795547485, 238.167068481, 238.550201416, 238.933334351, 239.304855347, 239.676361084, 240.04788208, 240.431015015, 240.814147949, 241.185668945, 241.557189941, 241.928695679, 242.300216675, 242.671737671, 243.043258667, 243.426391602, 243.809524536, 244.181045532, 244.55255127, 244.924072266, 245.3072052, 245.678726196, 246.061859131, 246.433380127, 246.816497803, 247.199630737, 247.582763672, 247.965896606, 248.476730347, 248.975952148, 249.475189209, 250.06729126, 250.659408569, 251.25151062, 251.855239868, 252.458953857, 253.051055908, 253.643173218, 254.246887207, 254.850601196, 255.454330444, 256.046447754, 256.638549805, 257.242248535, 257.845977783, 258.449707031, 259.053405762, 259.65713501, 260.272460938, 260.876190186, 261.479919434], "beats_loudness": {"dmean2": 0.0367856323719, "median": 0.0550980865955, "min": 1.24228483056e-09, "dvar2": 0.000938975310419, "dvar": 0.000278638442978, "dmean": 0.0198990758508, "max": 0.129738852382, "var": 0.000545477960259, "mean": 0.0542292296886}, "danceability": 1.07417881489, "bpm_histogram_second_peak_weight": {"dmean2": 0, "median": 0.0190336741507, "min": 0.0190336741507, "dvar2": 0, "dvar": 0, "dmean": 0, "max": 0.0190336741507, "var": 0, "mean": 0.0190336741507}, "beats_count": 684, "bpm_histogram_second_peak_bpm": {"dmean2": 0, "median": 99, "min": 99, "dvar2": 0, "dvar": 0, "dmean": 0, "max": 99, "var": 0, "mean": 99}, "bpm_histogram_first_peak_spread": {"dmean2": 0, "median": 0.31259483099, "min": 0.31259483099, "dvar2": 0, "dvar": 0, "dmean": 0, "max": 0.31259483099, "var": 0, "mean": 0.31259483099}, "beats_loudness_band_ratio": {"dmean2": [0.334228634834, 0.161162748933, 0.151099056005, 0.155317723751, 0.0537693426013, 0.115041561425], "median": [0.613480269909, 0.100058935583, 0.0871092900634, 0.05517866835, 0.0154971815646, 0.0255728401244], "min": [0.00542850745842, 6.65018014843e-05, 3.69657536794e-05, 2.07165703614e-05, 5.44972090211e-06, 4.50931747764e-06], "dvar2": [0.0721359848976, 0.0255541205406, 0.0206299312413, 0.0356848873198, 0.00727759161964, 0.0341012664139], "dvar": [0.0259024370462, 0.0088368691504, 0.00753060122952, 0.0126157104969, 0.0026405362878, 0.0115321110934], "dmean": [0.19319614768, 0.090083040297, 0.0870167836547, 0.0904404073954, 0.0301843285561, 0.0630416050553], "max": [0.999798059464, 0.60878354311, 0.612111747265, 0.762758553028, 0.581610321999, 0.973977863789], "var": [0.0409265160561, 0.00847319234163, 0.00952353235334, 0.0146325454116, 0.00214441283606, 0.00944450311363], "mean": [0.595948755741, 0.123756475747, 0.117221996188, 0.100963979959, 0.0291065946221, 0.055703971535]}}, "lowlevel": {"barkbands_spread": {"dmean2": 7.8698143959, "median": 15.6865119934, "min": 0.0530805401504, "dvar2": 161.563323975, "dvar": 75.3752822876, "dmean": 5.19270467758, "max": 136.819946289, "var": 224.009277344, "mean": 19.1895141602}, "melbands_spread": {"dmean2": 7.46073198318, "median": 13.7089138031, "min": 0.0648337826133, "dvar2": 251.467056274, "dvar": 116.973709106, "dmean": 4.92926216125, "max": 310.79083252, "var": 367.061157227, "mean": 17.7697696686}, "hfc": {"dmean2": 12.8191862106, "median": 15.8744344711, "min": 1.12984507224e-16, "dvar2": 703.727600098, "dvar": 294.009643555, "dmean": 8.38553142548, "max": 283.66784668, "var": 623.697875977, "mean": 24.0387420654}, "barkbands_kurtosis": {"dmean2": 8.48778343201, "median": 3.8776473999, "min": -1.96789777279, "dvar2": 1404.7713623, "dvar": 621.131408691, "dmean": 5.46962118149, "max": 1657.20007324, "var": 1512.51342773, "mean": 9.73977184296}, "gfcc": {"mean": [-14.3357248306, 97.6314620972, -78.5379104614, 18.2227172852, -53.1658935547, 24.9400959015, -25.7849731445, 19.0205574036, -22.0031261444, 6.35856485367, -7.76425504684, 2.551882267, -6.40968990326], "icov": [[6.64421895635e-05, -9.05980778043e-05, 0.000106004867121, -4.30730360677e-05, 0.000165634759469, -0.00019348472415, 0.000127285136841, -0.000196233653696, 0.000264116504695, -5.93553086219e-05, 0.000210544938454, -3.5349810787e-05, 0.000215096777538], [-9.05980778043e-05, 0.0015838596737, -0.00041989563033, 0.000914004631341, -0.000772486964706, 0.00118350889534, -0.00124600564595, 0.00102320872247, -0.00131853786297, 0.00149783713277, -0.00142831564881, 0.00149300438352, -0.00167731824331], [0.000106004867121, -0.00041989563033, 0.00180169462692, -0.00032715476118, 6.56767224427e-05, -0.000747782061808, -2.19326284423e-06, -0.00078210060019, 0.000665172119625, -0.000784736766946, 0.00149879592936, -0.00134432991035, 0.0008692824631], [-4.30730360677e-05, 0.000914004631341, -0.00032715476118, 0.00367070944048, -0.000530160556082, 0.00122189742979, -0.000697713403497, -0.000273945741355, -0.00174449151382, 0.000784273317549, -0.000500079884659, 0.000710962049197, 2.57277897617e-05], [0.000165634759469, -0.000772486964706, 6.56767224427e-05, -0.000530160556082, 0.00542375305668, -0.00139076437335, 0.000144067555084, -0.000340760627296, -0.00107400736306, -0.000726106052753, 0.00204322393984, 0.00126366398763, 0.000786446034908], [-0.00019348472415, 0.00118350889534, -0.000747782061808, 0.00122189742979, -0.00139076437335, 0.00657025864348, -0.00247026863508, 0.00157033046708, -0.00104958971497, -0.000926238775719, -0.000100980520074, 0.00246769655496, -0.00232247891836], [0.000127285136841, -0.00124600564595, -2.19326284423e-06, -0.000697713403497, 0.000144067555084, -0.00247026863508, 0.0090449070558, -0.0021177015733, 0.00272058532573, 0.000469630147563, -0.00325904181227, -0.000139267038321, 0.000617336947471], [-0.000196233653696, 0.00102320872247, -0.00078210060019, -0.000273945741355, -0.000340760627296, 0.00157033046708, -0.0021177015733, 0.00991476047784, -0.00349924201146, 0.00406134687364, -0.00212709256448, -0.000982448109426, -0.00171993346885], [0.000264116504695, -0.00131853786297, 0.000665172119625, -0.00174449151382, -0.00107400736306, -0.00104958971497, 0.00272058532573, -0.00349924201146, 0.0132161872461, -0.00330191315152, 0.00134591071401, -0.00233914679848, 0.00122308253776], [-5.93553086219e-05, 0.00149783713277, -0.000784736766946, 0.000784273317549, -0.000726106052753, -0.000926238775719, 0.000469630147563, 0.00406134687364, -0.00330191315152, 0.0137060740963, -0.00284298043698, 0.000884664535988, -0.00249150930904], [0.000210544938454, -0.00142831564881, 0.00149879592936, -0.000500079884659, 0.00204322393984, -0.000100980520074, -0.00325904181227, -0.00212709256448, 0.00134591071401, -0.00284298043698, 0.0126239052042, -0.000924124964513, 0.00172357098199], [-3.5349810787e-05, 0.00149300438352, -0.00134432991035, 0.000710962049197, 0.00126366398763, 0.00246769655496, -0.000139267038321, -0.000982448109426, -0.00233914679848, 0.000884664535988, -0.000924124964513, 0.0146899186075, -0.00204434432089], [0.000215096777538, -0.00167731824331, 0.0008692824631, 2.57277897617e-05, 0.000786446034908, -0.00232247891836, 0.000617336947471, -0.00171993346885, 0.00122308253776, -0.00249150930904, 0.00172357098199, -0.00204434432089, 0.0100489491597]], "cov": [[21763.8300781, -39.5245780945, -898.661560059, -153.510818481, -588.289978027, 233.518997192, -134.217086792, 108.559196472, -404.723083496, -155.040512085, -150.943664551, -100.624000549, -251.243682861], [-39.5245780945, 1528.24621582, -42.2065429688, -257.326019287, 115.886444092, -29.1105136871, 219.690856934, -30.3060092926, 4.81360244751, -80.7209777832, 152.657272339, -114.964805603, 155.590820312], [-898.661560059, -42.2065429688, 742.254394531, 47.3139152527, 53.5309867859, 39.5611381531, -5.1606836319, 26.5724163055, 22.145154953, 22.2276210785, -72.4638061523, 53.6205177307, -16.1669597626], [-153.510818481, -257.326019287, 47.3139152527, 380.995025635, 5.77373695374, -67.8088150024, -24.1324005127, 56.9877815247, 47.7451057434, -14.509057045, -14.6166582108, 26.5948810577, -51.1123313904], [-588.289978027, 115.886444092, 53.5309867859, 5.77373695374, 260.695373535, 55.7418670654, 5.06696033478, -19.1670322418, 41.0983810425, 18.8229598999, -31.5647754669, -36.2404098511, 13.8845529556], [233.518997192, -29.1105136871, 39.5611381531, -67.8088150024, 55.7418670654, 250.05317688, 36.2994766235, -44.3092193604, -10.7387781143, 45.5238418579, -16.3391742706, -39.1975097656, 37.9314613342], [-134.217086792, 219.690856934, -5.1606836319, -24.1324005127, 5.06696033478, 36.2994766235, 189.957702637, 25.5154666901, -25.5662059784, -20.5125827789, 73.1738128662, -20.1359024048, 22.1199531555], [108.559196472, -30.3060092926, 26.5724163055, 56.9877815247, -19.1670322418, -44.3092193604, 25.5154666901, 153.582885742, 24.714925766, -40.9664154053, 19.9889144897, 29.6673488617, -4.4064283371], [-404.723083496, 4.81360244751, 22.145154953, 47.7451057434, 41.0983810425, -10.7387781143, -25.5662059784, 24.714925766, 110.913291931, 15.3832092285, -10.2710390091, 14.3727321625, 2.5311627388], [-155.040512085, -80.7209777832, 22.2276210785, -14.509057045, 18.8229598999, 45.5238418579, -20.5125827789, -40.9664154053, 15.3832092285, 105.926803589, -4.84339761734, -3.67885231972, 15.7293586731], [-150.943664551, 152.657272339, -72.4638061523, -14.6166582108, -31.5647754669, -16.3391742706, 73.1738128662, 19.9889144897, -10.2710390091, -4.84339761734, 132.636306763, -6.10155963898, 8.69607162476], [-100.624000549, -114.964805603, 53.6205177307, 26.5948810577, -36.2404098511, -39.1975097656, -20.1359024048, 29.6673488617, 14.3727321625, -3.67885231972, -6.10155963898, 96.2448654175, -3.68524456024], [-251.243682861, 155.590820312, -16.1669597626, -51.1123313904, 13.8845529556, 37.9314613342, 22.1199531555, -4.4064283371, 2.5311627388, 15.7293586731, 8.69607162476, -3.68524456024, 139.307983398]]}, "spectral_energyband_middle_low": {"dmean2": 0.00688150105998, "median": 0.00964345596731, "min": 1.5121424781e-22, "dvar2": 0.00022722115682, "dvar": 8.47547999001e-05, "dmean": 0.00419059349224, "max": 0.12978720665, "var": 0.000105102706584, "mean": 0.0115676214918}, "melbands_crest": {"dmean2": 4.91848754883, "median": 15.9366588593, "min": 1.66705799103, "dvar2": 25.0382480621, "dvar": 9.78208827972, "dmean": 3.01335382462, "max": 38.643825531, "var": 30.6370639801, "mean": 16.4643421173}, "spectral_kurtosis": {"dmean2": 3.02894330025, "median": 4.86804962158, "min": -1.60804963112, "dvar2": 34.9879684448, "dvar": 14.6514949799, "dmean": 1.91926658154, "max": 103.390579224, "var": 36.0688018799, "mean": 5.98947668076}, "spectral_rms": {"dmean2": 0.00120046036318, "median": 0.00651297392324, "min": 3.16705776188e-12, "dvar2": 2.310181344e-06, "dvar": 9.49624961777e-07, "dmean": 0.000752247171476, "max": 0.0124047929421, "var": 4.71977500638e-06, "mean": 0.00603917567059}, "zerocrossingrate": {"dmean2": 0.0124766891822, "median": 0.03564453125, "min": 0.0009765625, "dvar2": 0.000279202009551, "dvar": 0.000247292860877, "dmean": 0.0105476276949, "max": 0.5322265625, "var": 0.00203035678715, "mean": 0.0477002188563}, "silence_rate_60dB": {"dmean2": 0.00779450824484, "median": 0, "min": 0, "dvar2": 0.00879691820592, "dvar": 0.00388179696165, "dmean": 0.00389690906741, "max": 1, "var": 0.067350551486, "mean": 0.0726177841425}, "erbbands_kurtosis": {"dmean2": 1.96218931675, "median": 1.14348840714, "min": -1.80467557907, "dvar2": 13.2052726746, "dvar": 5.94453430176, "dmean": 1.28793644905, "max": 101.477546692, "var": 15.6039772034, "mean": 2.18276333809}, "erbbands": {"dmean2": [0.40092009306, 2.22188615799, 2.89394640923, 3.81198716164, 6.44202232361, 11.2252702713, 14.9400186539, 16.6096363068, 13.3665561676, 16.3015880585, 18.4719753265, 26.3616085052, 24.1275215149, 35.2352714539, 28.4403476715, 21.5923233032, 19.8568744659, 31.335401535, 17.8447055817, 16.5460243225, 10.1132564545, 8.45561790466, 9.38779449463, 7.95126056671, 9.41948986053, 6.05393457413, 5.29730319977, 3.16154193878, 3.55595302582, 4.30909156799, 4.84650754929, 4.01528310776, 2.99069213867, 2.62958168983, 1.50453782082, 0.794632256031, 0.299556672573, 0.088289514184, 0.00570280337706, 0.000114570299047], "median": [0.38912653923, 3.1077401638, 4.466796875, 3.43981933594, 3.02648878098, 4.55836439133, 8.3509979248, 10.835647583, 9.8354473114, 11.3190975189, 14.1928434372, 14.9786434174, 16.4860801697, 24.2152786255, 16.7472686768, 9.31544303894, 6.53997325897, 5.4327788353, 4.09241008759, 3.98359203339, 2.95930600166, 2.17311286926, 1.79492497444, 2.07329297066, 2.81951999664, 2.47486615181, 1.59295153618, 0.749540746212, 0.533892273903, 0.496738135815, 0.787868022919, 0.994057834148, 0.686307728291, 0.344370305538, 0.110742338002, 0.0481190569699, 0.0188598744571, 0.00445341598243, 0.000269151350949, 5.8734745835e-05], "min": [1.02610514267e-22, 9.22139876548e-22, 1.31516002256e-21, 5.50572263899e-21, 2.23045762507e-20, 2.25909794598e-20, 2.12389899071e-20, 1.33298889093e-19, 7.8044762213e-20, 3.15919171841e-19, 3.60466389194e-19, 5.7691349931e-19, 4.7771769006e-19, 8.71800699348e-19, 1.6390317072e-18, 1.78260296458e-18, 1.75684766223e-18, 2.4043960786e-18, 2.48236695032e-18, 3.55025753472e-18, 4.15368537798e-18, 4.59394605516e-18, 5.21265606024e-18, 5.86672348702e-18, 8.42982905539e-18, 9.44126166785e-18, 1.42659141861e-17, 9.87567707323e-18, 1.30220057712e-17, 1.1294732711e-17, 1.19522180481e-17, 1.297528082e-17, 1.14200059061e-17, 8.43010202499e-18, 6.28888834753e-18, 4.92760424448e-18, 2.38115416454e-18, 9.96989935565e-19, 2.55942709619e-19, 3.19239597605e-20], "dvar2": [0.321636885405, 10.7618818283, 22.6698799133, 58.8948631287, 278.455322266, 999.14630127, 1087.25061035, 1510.76000977, 1019.1114502, 1593.88220215, 1746.26428223, 6216.36132812, 4089.49267578, 6500.80126953, 3857.26123047, 3174.4296875, 2244.28588867, 13292.4072266, 2509.80297852, 2655.33154297, 1068.38220215, 595.722351074, 1330.14831543, 597.056152344, 704.405639648, 240.330886841, 255.324829102, 89.7096176147, 155.539352417, 249.32019043, 207.009231567, 117.70891571, 64.7353134155, 68.5233459473, 22.9549942017, 4.85994768143, 0.646405279636, 0.0630769953132, 0.000286111404421, 9.20724332332e-08], "dvar": [0.120250985026, 3.9010591507, 8.94595241547, 22.9402198792, 99.6081466675, 352.231079102, 388.152954102, 553.106933594, 405.156982422, 650.905273438, 702.331604004, 2673.92578125, 1985.79626465, 3422.25073242, 2143.34814453, 1534.04858398, 1107.79223633, 6031.82910156, 1136.63684082, 1216.49194336, 519.329956055, 291.525970459, 592.06640625, 276.395965576, 311.061218262, 99.1976470947, 97.9535217285, 37.4910354614, 71.5459671021, 122.514030457, 103.398910522, 50.8790512085, 26.9815673828, 31.2955913544, 9.30931758881, 1.8890042305, 0.256510227919, 0.0239649470896, 0.000107705469418, 3.50624986822e-08], "dmean": [0.251471817493, 1.36243629456, 1.79876112938, 2.39140748978, 3.74572873116, 6.44362831116, 8.82851982117, 9.90406799316, 8.34447097778, 10.4697694778, 11.9516057968, 17.2608757019, 16.3110198975, 25.485868454, 20.185749054, 14.5455656052, 13.2234306335, 20.0981903076, 11.0821857452, 10.6176137924, 6.57574462891, 5.358751297, 6.08605241776, 5.09800624847, 6.01569890976, 3.93740868568, 3.2606241703, 2.01853966713, 2.32200932503, 2.82657122612, 3.24524378777, 2.56771373749, 1.8956912756, 1.67037212849, 0.941560804844, 0.475203603506, 0.182615995407, 0.0530222430825, 0.00339091708884, 6.92099274602e-05], "max": [3.82800841331, 25.6707572937, 40.5920257568, 78.4069061279, 173.057937622, 282.72277832, 298.176422119, 455.066162109, 584.29473877, 722.738220215, 542.878479004, 1789.1315918, 1474.97460938, 1566.69824219, 1524.98522949, 1287.94506836, 832.022277832, 2419.58862305, 1468.38330078, 1619.94372559, 1507.58215332, 844.229797363, 1203.56848145, 734.460754395, 689.877685547, 313.920349121, 164.955703735, 180.400512695, 293.185791016, 425.652069092, 447.172363281, 233.212036133, 146.041213989, 190.160766602, 112.223625183, 28.2529125214, 10.3398990631, 2.9054915905, 0.152738437057, 0.00257672299631], "var": [0.245608195662, 8.02094650269, 26.0180568695, 49.9254379272, 104.293540955, 256.502716064, 491.574249268, 877.221679688, 1080.23364258, 1528.16296387, 1658.24511719, 5678.20019531, 6884.20898438, 18212.0332031, 9211.71972656, 5003.23828125, 4237.49658203, 30968.2441406, 3451.79345703, 5221.83105469, 3357.81542969, 799.087646484, 2772.06665039, 1719.95202637, 1276.84411621, 408.198242188, 141.194320679, 73.9794692993, 136.790145874, 219.766555786, 275.586883545, 106.783538818, 41.5586051941, 52.0644493103, 13.7117443085, 2.34519171715, 0.292760074139, 0.0208077579737, 8.786496619e-05, 3.1055193972e-08], "mean": [0.528627157211, 3.54439353943, 5.60294389725, 5.73813486099, 6.34440088272, 8.69304084778, 15.9723129272, 19.9653949738, 20.1175422668, 23.5164108276, 29.037853241, 39.6948509216, 40.6317176819, 74.8020858765, 54.6601371765, 31.1713962555, 27.050994873, 44.3874359131, 20.0349788666, 20.7797145844, 13.6738576889, 9.37623310089, 12.540391922, 12.2918739319, 13.1777791977, 9.17133140564, 5.64869785309, 3.4663901329, 3.90245890617, 4.47647380829, 6.21405696869, 4.49047374725, 2.75081300735, 2.18463730812, 1.20735955238, 0.528363823891, 0.196893230081, 0.0509646162391, 0.00314891710877, 0.00010622911941]}, "spectral_strongpeak": {"dmean2": 0.86541980505, "median": 0.36933156848, "min": 0, "dvar2": 4.17522716522, "dvar": 1.61900568008, "dmean": 0.493023216724, "max": 16.4918632507, "var": 2.93279767036, "mean": 0.879944741726}, "spectral_energy": {"dmean2": 0.0166710671037, "median": 0.0434793010354, "min": 1.02810108698e-20, "dvar2": 0.000518877641298, "dvar": 0.000204729498364, "dmean": 0.0102946367115, "max": 0.157725855708, "var": 0.00050734449178, "mean": 0.042221263051}, "average_loudness": 0.956872105598, "spectral_rolloff": {"dmean2": 560.297363281, "median": 645.99609375, "min": 21.533203125, "dvar2": 2287648.5, "dvar": 1022512.5, "dmean": 328.432617188, "max": 19422.9492188, "var": 2694951, "mean": 1024.16003418}, "spectral_centroid": {"dmean2": 262.23815918, "median": 862.217041016, "min": 58.2340164185, "dvar2": 216206.3125, "dvar": 107317.53125, "dmean": 177.868972778, "max": 11389.4443359, "var": 590934.6875, "mean": 1039.1184082}, "pitch_salience": {"dmean2": 0.111182548106, "median": 0.46334195137, "min": 0.0320791378617, "dvar2": 0.0131167471409, "dvar": 0.00526449177414, "dmean": 0.0687175914645, "max": 0.935827672482, "var": 0.0159700512886, "mean": 0.473778933287}, "spectral_energyband_middle_high": {"dmean2": 0.00307650561444, "median": 0.00328055862337, "min": 1.23117645171e-21, "dvar2": 2.77672097582e-05, "dvar": 1.30366806843e-05, "dmean": 0.00208096834831, "max": 0.0670917481184, "var": 7.244747394e-05, "mean": 0.00686973007396}, "spectral_contrast_coeffs": {"dmean2": [0.07048753649, 0.0633862316608, 0.057179722935, 0.0513485372066, 0.0357982926071, 0.0254528000951], "median": [-0.702262103558, -0.71558368206, -0.717211484909, -0.771876215935, -0.800507903099, -0.813351690769], "min": [-0.969785392284, -0.986261487007, -0.973968446255, -0.969554424286, -0.964448451996, -0.963770508766], "dvar2": [0.00409274268895, 0.00298135424964, 0.00258214212954, 0.00206411536783, 0.000948322645854, 0.000515342107974], "dvar": [0.00156696909107, 0.00121325987857, 0.00114147656132, 0.000869161449373, 0.000437324400991, 0.000249207834713], "dmean": [0.0424244366586, 0.0391509644687, 0.0362453833222, 0.0323003381491, 0.0226957350969, 0.0164788942784], "max": [-0.24565936625, -0.448917031288, -0.430196136236, -0.458629250526, -0.518073618412, -0.618813633919], "var": [0.0057888571173, 0.00669057480991, 0.00858969520777, 0.0061828061007, 0.00410050619394, 0.00159692962188], "mean": [-0.699253618717, -0.716489732265, -0.718162894249, -0.764562964439, -0.790976703167, -0.809720277786]}, "melbands_skewness": {"dmean2": 1.18958067894, "median": 2.72427845001, "min": -1.67733931541, "dvar2": 4.01303052902, "dvar": 1.69033432007, "dmean": 0.781175434589, "max": 47.4021873474, "var": 5.5001335144, "mean": 3.03937387466}, "spectral_spread": {"dmean2": 1183399.625, "median": 5016428, "min": 897463.875, "dvar2": 3268223696900.0, "dvar": 1611213963260.0, "dmean": 830794.8125, "max": 52007208, "var": 7207327891460.0, "mean": 5630900.5}, "dissonance": {"dmean2": 0.0408859886229, "median": 0.45378100872, "min": 0.224730655551, "dvar2": 0.00159565277863, "dvar": 0.000604813685641, "dmean": 0.0245258267969, "max": 0.500000119209, "var": 0.00146213453263, "mean": 0.446218132973}, "spectral_skewness": {"dmean2": 0.381510436535, "median": 1.93471419811, "min": -0.177122280002, "dvar2": 0.261668235064, "dvar": 0.125916033983, "dmean": 0.254104077816, "max": 8.67528247833, "var": 0.537869691849, "mean": 1.98875260353}, "spectral_flux": {"dmean2": 0.0413506776094, "median": 0.0651781111956, "min": 6.5826892548e-11, "dvar2": 0.00229012384079, "dvar": 0.00109476526268, "dmean": 0.0268836356699, "max": 0.360133439302, "var": 0.00268980790861, "mean": 0.0770129784942}, "spectral_contrast_valleys": {"dmean2": [0.570339977741, 0.565347671509, 0.559871673584, 0.616306364536, 0.498989343643, 0.485439777374], "median": [-6.49540615082, -6.56907367706, -7.35173797607, -8.20087528229, -8.1798248291, -10.1409683228], "min": [-27.6206550598, -28.1305541992, -27.5673828125, -27.4628658295, -27.4350204468, -27.3664226532], "dvar2": [0.268474787474, 0.359009861946, 0.35836789012, 0.47871118784, 0.390076011419, 0.445028036833], "dvar": [0.126187726855, 0.165043115616, 0.167282178998, 0.228381022811, 0.206336989999, 0.255923271179], "dmean": [0.34675988555, 0.353578746319, 0.350209861994, 0.396380156279, 0.338101238012, 0.36637327075], "max": [-4.91254091263, -4.23713493347, -4.83500576019, -5.34716796875, -5.64739894867, -7.09442043304], "var": [2.56650209427, 2.41288137436, 2.38673448563, 2.28947806358, 2.38099884987, 2.52795147896], "mean": [-6.87594556808, -6.83300971985, -7.61420297623, -8.37709331512, -8.36685085297, -10.238360405]}, "erbbands_flatness_db": {"dmean2": 0.0252337232232, "median": 0.140901505947, "min": 0.0305262841284, "dvar2": 0.000835629645735, "dvar": 0.000437974027591, "dmean": 0.0181756149977, "max": 0.368418753147, "var": 0.00248171924613, "mean": 0.14366286993}, "spectral_energyband_high": {"dmean2": 0.000860749685671, "median": 0.000238658249145, "min": 7.13908244304e-21, "dvar2": 4.53670372735e-06, "dvar": 2.03269428312e-06, "dmean": 0.000567406357732, "max": 0.0293640065938, "var": 4.01838178732e-06, "mean": 0.000990098691545}, "spectral_entropy": {"dmean2": 0.277861148119, "median": 7.25031089783, "min": 4.19177389145, "dvar2": 0.119896054268, "dvar": 0.0649269372225, "dmean": 0.199219837785, "max": 9.81635284424, "var": 0.329860299826, "mean": 7.3407201767}, "silence_rate_20dB": {"dmean2": 0, "median": 1, "min": 1, "dvar2": 0, "dvar": 0, "dmean": 0, "max": 1, "var": 0, "mean": 1}, "melbands_flatness_db": {"dmean2": 0.042458280921, "median": 0.253867268562, "min": 0.0034198614303, "dvar2": 0.00242530251853, "dvar": 0.00123536807951, "dmean": 0.0293586235493, "max": 0.862256407738, "var": 0.00641456898302, "mean": 0.258886396885}, "barkbands": {"dmean2": [0.00264675193