{"metadata": {"tags": {"bpm": ["139.49"], "musicip_puid": ["9312b34b-1124-e3d3-3292-6301d5fb86b7"], "musicbrainz_albumid": ["166fb0e9-e643-4e93-9b44-bd5d97ae0291"], "genre": ["Country Rock"], "musicbrainz_recordingid": ["0f20db97-b777-4aa4-b3ce-e6c535db1090"], "title": ["Same Ole' Me"], "tracknumber": ["04"], "artist": ["Amazing Rhythm Aces"], "album": ["Too Stuffed to Jump"], "musicbrainz album type": ["Album"], "date": ["1976"], "acoustid_id": ["9aeb0fa5-b04a-4e55-b60a-36b9bf2cddc5"], "file_name": "Amazing Rhythm Aces - Same Ole' Me.mp3", "acoustid_fingerprint": ["AQADtIqTSKWi4Efz4D9OHoypD8cjawiSUU7QPFtw_A8-TSt8Ic-RXDo-En-G2zhH5Dek5DkR-rhC4w0ZNDyujCWctM9QaUUOPcgPJt5ROslxJTjuK8h7KLrRTAqe44dyNSJSZmKGKkp4ULmw_UR1ZYjjHXegB6HhW-jlBH_wvIh5lFmWQUs35Dl2XCcYRTzSKYYrQdn-o7qZIScTXMelHE2P_hP-C_-QHyqifzgTHftx1CIcJlk0Ct0TXLgaHk8TJE8Y5DvRxJiuoMorMKly3GgqTGy242uIqM2hfkTIx_iLB72wj0cT8aiCGzdOG-eCc_gj4z96JEwQ9sF3HDf8LPiFK0hmI3WaoyWLd8ebC1OqXOgR_oP4o8-hpVeEjg03_OOw9-iJhkrxKDiPO4OeMugJ58fTvAh_HIVP_GgTY5d04TtyxUWiPRK64xzyF3p0mMfUhwuO71gPFU-FNmJ6UBcV4mQQf8F9lBIpPGlTNA_6IVd0qExCIktGfuiDH2-UOKgSKcvRLH2R33jZCKXExAiz_NiP_NhE6zjqHM3y496xBzp-HHGi1PjyAM1R9jiR38GTLCd0ObgOX-Lxp3iOW9DyHn2O_UGWMMe-HDWFB8F344kFHzp-XMlRMVcEsXhzBH4uo6jFw1qG6RlORJ-gP0EOVxKPaxTePcjFQzw95PnxHz28LsacG5Ei6IuCK6HwxLiWL8GVDKqlDNf0FOmFN59wX8gHrd10NG2aBFdOHDf0F32eDM1wFrri4k8YIfXEHU_d45j4wO4FM0fJBXFMQ70shHnRhy_g0webpcao47mGtEl1CckFVPoxJdHEhjgjeDt-IvmQ6bow6k2GZyeaJgnhoRdOFle2onGYJkHFGw9uoa6KxiNz1EfzPEhCE3mWodFz1B_2PBHOKLh1JO-DPFvw82j-oNc9vId6PXiDpsfPwM-CSuTQ5hE8JiKLPhPyhNCJ_DnaZ0ITTTueo08qNF105Eay7CIOTzamL8ET5CV0E3Ee4SnyhdCPnsRPCaLKU_gRTiMu_jhp1DrCjIGOPsrQ8JmSIUd_OOeJJinyQ_oQcinMo-zxE5eOJ_iLKnrR7Phx4V84sNJC5Dp0Sjl64rQgk3KF6Dy8F2UefD3OUsEfDddbeMmGM7iTI6akIKHC4PuE60siVE1muGqGaeWHp6C4HPuNMw_6BGFuEjpKSTnyo0a9FY3DDD-TYNKiC0ySiMQZXIuCH0nU5SzSnQmaH4_wox-SJco05FKER2g0haEw5bgrCt-FfJBiI2WNPsd9nE4Y4WGPQHt6hNnxFI9GvDp-NDuohC_6ZD2SHOkk4filBP8zNEksEk-TIDlCK8ePZ0qMSvzgJFnWFX12nMezHLkeaDn65LjIok-F5msg5Mf9wAuXKchF7HjyJNB4CZGmLcS70MEfwA-H88i5pMZfHfqOvA-uI_wyBcmy_riPHy9-onHYJAif5dBz3OizMGiqC_rwJS_6SDh9VFoY49FyQdfRbMmDkDeOPl_RxKSORnTQM8RznC-2PPimgxfeEP9YJJoWpsmQB420hDomaRIuBcdzXNeQa05QO2h-zAYf7MGvRdC2eEPD-Dg3lF2O2ChOHU-WfHg-nDK29cfZgHuGPIemvUinJOmIrVrQazvy7vgTQXtmIcyUHxeNH704hAmrSYXM6AjDH_UW_DgfND8qK7geIg_kZA_yVsKPH43Moo-e4OGEKziPPxTMEXlz4JIMfUkTXBX0vMEp5Bf6J2huPDm-49siBWnmnEi-isJc8Db2eEcp6gg7JkTSNC8ui0KzB3XwXEMO8YjHSMey_JhSymgVhKkJjWqCfMF7RWgSukO1NsQX4Uc9JUeYdUfy49EXNHaFUDa0JPskIbxw1E7ROCyDkTueG0mvEWFW9vgoCp6Uo08vHBWVHlOSqdZwJD-RZ-HRVEePHz3q_MiP20GYKOVRjsGuZPgOMj2-Jzhl2OLx5ki-IRccJ0feB-MhUh6RY-I9NP3xZXgizeBj_Kh_RHODZxQuPsP1Q5OWXMKFnDhh__gS4iKDU6gVHhfPotNz_CPCEBr-E_nR72j24zm-43rCROj4aPAjolbW4x1-_MhNqJKOPEGz5-jxD6Ek7cmhxSLxScKPPEX4JYEWlUbOEDuuZMH54LmRRzmcOTukZ8gj-ngceEyp4MeDWIf8NEemLDqeg7cIXyGR63giHsqP8HCYPGi65ThOGO92XIrwRMSXD2GOZGRwYtXTgMkzvIbzBOWP_zguWQxS8VC3HLFIHv-Ff8h7vEee5OgPj8xQpXnwnfiPP4owS3nQDp4lB82PJw6-EU2khE6O9grKH2EeQqPEI4zxo7J05OLwQEtVEhfylMWJNg-R_ni8EI4J8Qh5_DgqJycahUtwbTieF9FyPIGuahseNCNP9At3_AqcHet0qE0mNJMz9FSM_IGfZcG1HdeO30G15QrsTEdt4sNz7ImsBLmyx_ADaQ7IHupiEVm4MMsRph_OHboe_EGekmguPNSEZhZ2MdLwPMI7Hc2DksccBteSGMmnI8fRH8xD4NXhiRniXccFnSmh5Q0RHr1GeFIP5wh3fLVCPFoM7WGQTsdpNH2IL7hWvIk0NCeVos1H7FwihN2FZKnSHk9I4U9R5QqaMSu-4z-SbdmRhjrMhfBP3Pie45mkB32OvIL-I-eOV_CSC6_x8rhy40h3JGSe4cfMBG8SXMf7Y1oDf8ck_cKlZzg-fMdVHRUlJ2h2HUfS8Ui5LMclonHToKYl3BP24BO-4rtxpikcMXjwAwQBFcAAIRkAARABlAACEEedQUgYRhgyIiqrAHBAUCEQMVI5AYAUyBACDVDIAQUQAQQIJhCwTCAAACPAKGCMNXCCIAgxSBrKAGBMIKDEIBRcIBCQABAFkFEIQMUMA4AQqQTAAhkAgFAMAYa0IQAJSYFDghilkGQGEIQAh4QjQAgUCAEGsBBIAQCMUwwgaBRiDBACFHKOAQUoMQIB5gAQwABJgVAAMEUYRQY5xYUDSBgAjDEQEWKUEEIACYADxAHCQCCGAEqQQAwoRIIQQnADiAACCmQEBAIACJgghBBggARCAIMgMgwIh4AgQBkigAGIEAEEEQIRIZQSCDigkHACIAAQ8YZCpZggQhGFgCAOEEElRUANCoAAFyrIFGHEEQcYAwAQIAQSQgBEBDAIMKKAIcYIKBxgAkiJEDFGEWOIUQIhB4byABGBBBEAEAAsgUAJ6oAQDCUBgCAIUkSNAkwxICAmgCgkFCDGMOEIM4ABAYBBhBgECSEIMgGIEUQQQIQgSjABAEKCyAGAYNAABJQhAHDEEAVIICGQAUYwgwRCjBAEmAHOCSGEUUIoRLiggBAHlFLMKCOcUBYQiAg1AACEBAJMGWCYkgoJgYgwxABhAAjAAEsEcdQIxAwAVBJhhDACCK40MAJQ4YBogAlGhIPEEACgEFQAY50AgDEGhiEMICGQ4NoBhRhFQAABICFGKYAAccBgIIQCjGEngSQCSCgAEIgbRkxBQgjmFCCAIosEEQZBQiBgwBiFCDiEIOQEBAEYIIhDgAFEhTAGGAkYUMAIBZAyhAhiCEOACQOcYAgqqDQAEohrmTmGCmMVAYUAJph0CgnEABGEAMaIMAJJYQAkSkhJiECMCQqQIQYOJAQSQgElADIeGEC5wgAAAo1ARDBrDDECIUACEAAIggQCiEFhBUAGTMcQggYIJYAQBhEHlSMCCccIQIIAwKBFAA"]}, "audio_properties": {"sample_rate": 44100, "downmix": "mix", "lossless": false, "analysis_sample_rate": 44100, "md5_encoded": "235074a8ed4667e83f5ee20a61c05a8d", "equal_loudness": 0, "replay_gain": -6.54144096375, "codec": "mp3", "bit_rate": 192000, "length": 140.800003052}, "version": {"extractor": "music 1.0", "essentia_build_sha": "2d9f1f26377add8aeb1075a9c2973f962c4f09fd", "essentia_git_sha": "v2.1_beta2-1-ge3940c0", "essentia": "2.1-beta2"}}, "rhythm": {"beats_loudness_band_ratio": {"dvar2": [0.089925095439, 0.0661120414734, 0.0510073900223, 0.0172912441194, 0.0035036788322, 0.000997766037472], "var": [0.0532546043396, 0.0345797948539, 0.0247812326998, 0.0067875655368, 0.000834173406474, 0.000318820384564], "min": [0.00898584257811, 0.00411188183352, 0.00123970815912, 6.98288495187e-05, 4.42201162514e-05, 0.000205723306863], "dmean": [0.214047819376, 0.171476781368, 0.116675376892, 0.0517034418881, 0.0206724852324, 0.0248218812048], "mean": [0.571029484272, 0.265323758125, 0.142350241542, 0.0436845347285, 0.015987187624, 0.0167767200619], "max": [0.99391746521, 0.915947198868, 0.919604718685, 0.60987919569, 0.288648873568, 0.0952023342252], "dmean2": [0.370527893305, 0.303059756756, 0.203664511442, 0.0919275283813, 0.038165371865, 0.0479355342686], "median": [0.617719352245, 0.219195574522, 0.0875510126352, 0.0107310479507, 0.00939213205129, 0.00907066743821], "dvar": [0.0324284173548, 0.0249420385808, 0.0203026644886, 0.00690627517179, 0.00121208210476, 0.000290781463264]}, "bpm_histogram_first_peak_weight": {"dvar2": 0, "var": 0, "min": 0.419753074646, "dmean": 0, "mean": 0.419753074646, "max": 0.419753074646, "dmean2": 0, "median": 0.419753074646, "dvar": 0}, "bpm": 140.221862793, "beats_count": 325, "bpm_histogram_first_peak_spread": {"dvar2": 0, "var": 0, "min": 0.519434630871, "dmean": 0, "mean": 0.519434630871, "max": 0.519434630871, "dmean2": 0, "median": 0.519434630871, "dvar": 0}, "danceability": 1.24292302132, "bpm_histogram_first_peak_bpm": {"dvar2": 0, "var": 0, "min": 140, "dmean": 0, "mean": 140, "max": 140, "dmean2": 0, "median": 140, "dvar": 0}, "beats_position": [0.46439909935, 0.952018141747, 1.43963718414, 1.91564619541, 2.40326523781, 2.86766433716, 3.34367346764, 3.80807256699, 4.28408145905, 4.79492044449, 5.2941493988, 5.80498838425, 6.26938772202, 6.74539661407, 7.20979595184, 7.66258478165, 8.11537361145, 8.57977294922, 9.03256225586, 9.49696159363, 9.97297000885, 10.4257593155, 10.866938591, 11.3197278976, 11.7725172043, 12.2136955261, 12.6548748016, 13.0960540771, 13.5372333527, 13.9784126282, 14.4079818726, 14.8491611481, 15.2903394699, 15.7199087143, 16.1494789124, 16.5906581879, 17.031835556, 17.4614048004, 17.8909740448, 18.3205432892, 18.7617225647, 19.2029018402, 19.6440811157, 20.0852603912, 20.5148296356, 20.94439888, 21.3855781555, 21.8151473999, 22.2679367065, 22.7091159821, 23.1502952576, 23.5914726257, 24.0326519012, 24.4738311768, 24.9034004211, 25.3445796967, 25.7857589722, 26.2153282166, 26.6448974609, 27.0744667053, 27.5156459808, 27.9568252563, 28.3863945007, 28.8159637451, 29.2455329895, 29.6751022339, 30.1046714783, 30.5342407227, 30.9638080597, 31.3933773041, 31.8345565796, 32.2757377625, 32.7169151306, 33.1580963135, 33.5876655579, 34.0172348022, 34.4468002319, 34.8647613525, 35.2943305969, 35.7355079651, 36.1766891479, 36.5946464539, 37.0242156982, 37.4537849426, 37.8949661255, 38.3361434937, 38.7773246765, 39.2185020447, 39.6596832275, 40.1008605957, 40.5304298401, 40.9599990845, 41.3895683289, 41.8191375732, 42.2603149414, 42.7014961243, 43.1310653687, 43.560634613, 44.0018119812, 44.4429931641, 44.8841705322, 45.3137397766, 45.743309021, 46.1844902039, 46.625667572, 47.0668487549, 47.4964179993, 47.9259872437, 48.355556488, 48.7851219177, 49.2030830383, 49.6326522827, 50.0622215271, 50.4917907715, 50.9213600159, 51.3393173218, 51.7572784424, 52.1984558105, 52.6396369934, 53.0808143616, 53.510383606, 53.9399528503, 54.3695220947, 54.7990913391, 55.2286605835, 55.6582298279, 56.0761909485, 56.4941482544, 56.9004974365, 57.3300666809, 57.7480278015, 58.1775970459, 58.6071662903, 59.0251235962, 59.4430847168, 59.8610420227, 60.2906112671, 60.7201805115, 61.1613578796, 61.5793190002, 61.9972763062, 62.4152374268, 62.8331947327, 63.2511558533, 63.6807250977, 64.1102905273, 64.5398635864, 64.9694290161, 65.3990020752, 65.8285675049, 66.258140564, 66.6877059937, 67.1172790527, 67.5468444824, 67.9764175415, 68.3943786621, 68.8123321533, 69.2186813354, 69.6366424561, 70.0546035767, 70.4725646973, 70.8905181885, 71.3084793091, 71.7264404297, 72.1444015503, 72.5623550415, 72.9803161621, 73.4098815918, 73.8394546509, 74.2690200806, 74.6985931396, 75.1165542603, 75.5345077515, 75.9524688721, 76.3704299927, 76.7883911133, 77.2063446045, 77.6243057251, 78.0306549072, 78.4370040894, 78.8665771484, 79.2845306396, 79.7141036987, 80.1320648193, 80.5500183105, 80.9795913696, 81.4091567993, 81.8271179199, 82.256690979, 82.6746444702, 83.1042175293, 83.5221786499, 83.9633560181, 84.3813171387, 84.7992706299, 85.2172317505, 85.6468048096, 86.0763702393, 86.4943313599, 86.9238967896, 87.3534698486, 87.7714233398, 88.2009963989, 88.6305618286, 89.0485229492, 89.4664840698, 89.8844451904, 90.3023986816, 90.7319717407, 91.1615371704, 91.602722168, 92.0322875977, 92.4618606567, 92.8914260864, 93.3209991455, 93.7505645752, 94.1801376343, 94.5980911255, 95.0276641846, 95.4572296143, 95.8868026733, 96.316368103, 96.7343292236, 97.1290664673, 97.5354156494, 97.95337677, 98.3829498291, 98.8009033203, 99.2188644409, 99.6484298706, 100.066390991, 100.49596405, 100.913917542, 101.331878662, 101.761451721, 102.191017151, 102.608978271, 103.026939392, 103.444892883, 103.862854004, 104.292427063, 104.721992493, 105.139953613, 105.557914734, 105.987480164, 106.417053223, 106.835006714, 107.252967834, 107.682540894, 108.100494385, 108.530067444, 108.948028564, 109.365982056, 109.783943176, 110.213516235, 110.631469727, 111.061042786, 111.479003906, 111.896957397, 112.326530457, 112.756095886, 113.197273254, 113.626846313, 114.056411743, 114.485984802, 114.915550232, 115.333511353, 115.751472473, 116.157821655, 116.564170837, 116.958908081, 117.376869202, 117.81804657, 118.23600769, 118.653968811, 119.071922302, 119.501495361, 119.931060791, 120.36063385, 120.79019928, 121.219772339, 121.649337769, 122.078910828, 122.496871948, 122.926437378, 123.356010437, 123.785575867, 124.203536987, 124.633102417, 125.062675476, 125.480628967, 125.898590088, 126.316551208, 126.734512329, 127.164077759, 127.593650818, 128.011611938, 128.42956543, 128.859130859, 129.288711548, 129.706665039, 130.136230469, 130.554199219, 130.983764648, 131.413330078, 131.842895508, 132.272476196, 132.702041626, 133.119995117, 133.537963867, 133.955917358, 134.385482788, 134.803451538, 135.233016968, 135.674194336, 136.138595581, 136.579772949, 137.020950317, 137.473739624, 137.926528931, 138.379318237, 138.832107544, 139.296508789, 139.749298096, 140.202087402], "beats_loudness": {"dvar2": 0.000857051112689, "var": 0.000428837549407, "min": 1.49198913277e-05, "dmean": 0.01851509884, "mean": 0.0390898138285, "max": 0.110271677375, "dmean2": 0.0320176146924, "median": 0.0366902127862, "dvar": 0.000291460077278}, "bpm_histogram_second_peak_weight": {"dvar2": 0, "var": 0, "min": 0.0401234552264, "dmean": 0, "mean": 0.0401234552264, "max": 0.0401234552264, "dmean2": 0, "median": 0.0401234552264, "dvar": 0}, "bpm_histogram_second_peak_spread": {"dvar2": 0, "var": 0, "min": 0.380952388048, "dmean": 0, "mean": 0.380952388048, "max": 0.380952388048, "dmean2": 0, "median": 0.380952388048, "dvar": 0}, "bpm_histogram_second_peak_bpm": {"dvar2": 0, "var": 0, "min": 133, "dmean": 0, "mean": 133, "max": 133, "dmean2": 0, "median": 133, "dvar": 0}, "onset_rate": 3.91286826134}, "lowlevel": {"spectral_energyband_high": {"dvar2": 2.56447719948e-07, "var": 2.0945365975e-07, "min": 7.40137462982e-21, "dmean": 0.000121540484542, "mean": 0.000166084937518, "max": 0.00631941994652, "dmean2": 0.000176971763722, "median": 2.08925030165e-05, "dvar": 1.1744712225e-07}, "spectral_energyband_middle_low": {"dvar2": 0.00042132238741, "var": 0.000297900580335, "min": 3.58619524905e-22, "dmean": 0.00687904795632, "mean": 0.0154397841543, "max": 0.191690787673, "dmean2": 0.0109369391575, "median": 0.0100485542789, "dvar": 0.000169258040842}, "spectral_energy": {"dvar2": 0.000921321683563, "var": 0.000566022237763, "min": 1.04270736792e-20, "dmean": 0.0106127932668, "mean": 0.0257420372218, "max": 0.210114017129, "dmean2": 0.0169562920928, "median": 0.0190902873874, "dvar": 0.000366441439837}, "spectral_spread": {"dvar2": 902988627968, "var": 1981435740160.0, "min": 1002813.625, "dmean": 547665.75, "mean": 3620453, "max": 39806116, "dmean2": 789682.625, "median": 3329131.25, "dvar": 498746884096}, "spectral_energyband_low": {"dvar2": 0.000387021864299, "var": 0.000138360250276, "min": 2.16457579045e-23, "dmean": 0.00526666967198, "mean": 0.009855017066, "max": 0.148321792483, "dmean2": 0.00891282502562, "median": 0.0066837714985, "dvar": 0.000144183984958}, "spectral_rolloff": {"dvar2": 699975.5625, "var": 653015, "min": 21.533203125, "dmean": 156.069290161, "mean": 531.877380371, "max": 18798.4863281, "dmean2": 265.436248779, "median": 366.064453125, "dvar": 326152.15625}, "barkbands": {"dvar2": [9.70398605915e-09, 0.000133755471325, 8.84290493559e-05, 9.38181037782e-05, 9.55870127655e-05, 3.34950018441e-05, 1.8163706045e-05, 7.8667744674e-06, 5.696757853e-06, 2.08567598747e-06, 2.47254752139e-06, 2.03382796826e-06, 4.32067849943e-07, 4.43020809371e-07, 1.32624748517e-07, 5.92055187099e-08, 1.09799366044e-07, 1.36330854161e-07, 6.40934203489e-08, 8.22935817268e-08, 4.72513832506e-08, 1.48165435476e-08, 7.79210829194e-09, 1.61523168174e-08, 5.01682195786e-10, 3.82361711737e-11, 1.56188877478e-14], "var": [4.55856064008e-09, 4.98997032992e-05, 2.57474694081e-05, 3.15663928632e-05, 3.90076384065e-05, 4.41265583504e-05, 1.65641686181e-05, 1.49062789205e-05, 1.24383059301e-05, 6.36408503851e-06, 4.54237624581e-06, 4.12928784499e-06, 4.4648490416e-07, 3.98970996685e-07, 1.30681328869e-07, 5.67794096185e-08, 8.07020086313e-08, 1.70580889858e-07, 4.91072427167e-08, 6.22803142392e-08, 2.12779429631e-08, 1.16306031472e-08, 6.16833917277e-09, 1.04673700818e-08, 3.16615400564e-10, 9.56288867537e-12, 4.16315973597e-15], "min": [6.70624381708e-24, 8.47692494924e-24, 4.02246802004e-24, 1.59624726217e-23, 6.39946433074e-23, 1.26841757477e-23, 4.09962618963e-23, 3.66000094913e-23, 1.39620756672e-22, 4.2488146174e-23, 6.22348145347e-23, 5.93032938149e-23, 8.15626009102e-23, 7.9628963992e-23, 1.06447918674e-22, 1.17843247953e-22, 1.31397733705e-22, 1.95225782211e-22, 3.37483151842e-22, 2.89952023005e-22, 3.21835357414e-22, 4.0498753198e-22, 5.50943132023e-22, 1.01803426257e-21, 9.13856357415e-22, 1.55829427418e-21, 2.17741200257e-21], "dmean": [2.95451009151e-05, 0.00294226035476, 0.00222667236812, 0.00249339011498, 0.0027014859952, 0.00184461288154, 0.000910710426979, 0.000677659758367, 0.000508569413796, 0.000273100333288, 0.00022798088321, 0.000183675307198, 0.000102924372186, 7.96073873062e-05, 5.96149293415e-05, 4.15117065131e-05, 5.04083363921e-05, 5.61448468943e-05, 4.41349293396e-05, 5.71310010855e-05, 3.60632730008e-05, 2.882809531e-05, 2.01147176995e-05, 1.67099915416e-05, 4.92883282277e-06, 9.03713385014e-07, 1.55460480045e-08], "mean": [3.45200896845e-05, 0.00506156310439, 0.00325564970262, 0.00343306642026, 0.00444331532344, 0.0033694608137, 0.00157170230523, 0.00136045645922, 0.00106013286859, 0.000539212895092, 0.00041628323379, 0.000336332246661, 0.000163943113876, 0.000116201706987, 9.30495516513e-05, 5.82694920013e-05, 7.570625894e-05, 8.13899969216e-05, 6.21868603048e-05, 7.80113623478e-05, 4.27025806857e-05, 3.70092784578e-05, 2.55249051406e-05, 1.99073292606e-05, 5.72759972783e-06, 7.42336510484e-07, 1.143125683e-08], "max": [0.000924235675484, 0.07676397264, 0.0918184816837, 0.0579958185554, 0.118385478854, 0.0924295186996, 0.072006598115, 0.0741570293903, 0.0606977306306, 0.0482220575213, 0.0627487003803, 0.0538255684078, 0.0178228672594, 0.0230256803334, 0.00972133968025, 0.00613007834181, 0.00671135401353, 0.0112341204658, 0.00436124624684, 0.00544680655003, 0.00327695952728, 0.00183675193693, 0.00123069784604, 0.00209965324029, 0.000378673837986, 8.09329940239e-05, 1.64950097314e-06], "dmean2": [4.89016456413e-05, 0.00498407008126, 0.00390715990216, 0.00428329175338, 0.00454092072323, 0.00283213332295, 0.0014233951224, 0.000968715234194, 0.000713300309144, 0.000369819026673, 0.000315668003168, 0.00025415775599, 0.000145699756104, 0.000115374969027, 8.89574730536e-05, 6.13543816144e-05, 7.59565227781e-05, 8.37077459437e-05, 6.57239579596e-05, 8.57175255078e-05, 5.5600561609e-05, 4.203408389e-05, 3.00951960526e-05, 2.51924957411e-05, 7.32956141292e-06, 1.49321238041e-06, 2.75920868376e-08], "median": [8.40363190946e-06, 0.00292411306873, 0.00181692256592, 0.00170478795189, 0.0024008101318, 0.00121787248645, 0.000364909181371, 0.000142752774991, 9.44375497056e-05, 3.7630827137e-05, 1.27531839098e-05, 1.25544574985e-05, 8.96091660252e-06, 6.32041110293e-06, 6.20955142949e-06, 5.4977090258e-06, 6.52007247481e-06, 6.17272735326e-06, 5.64961692362e-06, 6.35139167571e-06, 3.54041139872e-06, 4.75418573842e-06, 2.79977075479e-06, 1.88572698789e-06, 6.23309915682e-07, 3.10070582543e-08, 1.20022236594e-09], "dvar": [3.79676645679e-09, 4.97283544973e-05, 3.14889184665e-05, 3.4443270124e-05, 3.51935887011e-05, 1.59191949933e-05, 7.99837835075e-06, 4.50408469987e-06, 3.21349352816e-06, 1.45454737321e-06, 1.44916361933e-06, 1.06872221295e-06, 2.04786857694e-07, 2.07597281587e-07, 6.15326030129e-08, 3.08457295262e-08, 4.67664662551e-08, 6.48238085432e-08, 2.74909481845e-08, 3.67323096384e-08, 1.82666024529e-08, 6.80909417738e-09, 3.62153973477e-09, 6.97773083758e-09, 2.23203538985e-10, 1.39586345954e-11, 5.91397853202e-15]}, "melbands_skewness": {"dvar2": 2.01218795776, "var": 3.15833735466, "min": -1.38886642456, "dmean": 0.837295651436, "mean": 2.72216296196, "max": 13.393075943, "dmean2": 1.26729118824, "median": 2.40369677544, "dvar": 0.908204734325}, "barkbands_skewness": {"dvar2": 1.40703201294, "var": 2.04916167259, "min": -1.75049781799, "dmean": 0.702474713326, "mean": 2.25888323784, "max": 12.6038599014, "dmean2": 1.08191466331, "median": 2.10458707809, "dvar": 0.588989317417}, "erbbands": {"dvar2": [0.0405714996159, 9.97277545929, 105.452682495, 308.124023438, 2521.48852539, 559.955749512, 1042.69030762, 3330.4855957, 4042.1640625, 2993.18261719, 4283.40283203, 3982.50708008, 2731.3815918, 1966.37890625, 1930.83288574, 3544.86767578, 650.899597168, 1029.98486328, 400.029449463, 211.806793213, 138.927032471, 265.080352783, 546.301330566, 98.3898162842, 321.436035156, 215.011489868, 57.1554527283, 77.4052352905, 16.4773654938, 16.8845748901, 4.84989118576, 8.4218378067, 3.56967496872, 0.184722617269, 0.0122133214027, 0.00174744008109, 7.55007422413e-05, 6.30433703463e-07, 6.61404431224e-10, 1.11172493433e-09], "var": [0.0159130692482, 3.547113657, 29.280506134, 111.832397461, 756.688537598, 346.924194336, 1253.98486328, 4514.671875, 4546.65283203, 2775.66430664, 9149.46191406, 6748.15039063, 9832.63574219, 4019.49487305, 4918.90917969, 4631.26611328, 1097.58312988, 1089.96276855, 486.578369141, 269.795959473, 114.881530762, 186.830978394, 601.967529297, 156.581604004, 197.079940796, 157.050460815, 32.6000862122, 36.9489250183, 12.955039978, 11.4641189575, 3.84164333344, 5.82097578049, 2.0240175724, 0.117263920605, 0.00551305571571, 0.000453520129668, 1.98347133846e-05, 1.74049333168e-07, 3.23962773274e-10, 7.23983817341e-10], "min": [2.68353390074e-22, 2.38746619885e-21, 5.5743568194e-21, 2.8253045293e-20, 9.86540899594e-20, 2.33071811916e-19, 2.42494148726e-19, 1.10385792254e-19, 4.06839452653e-19, 8.69315952186e-19, 7.09195033797e-19, 2.81763297196e-18, 2.19038956488e-18, 1.90183629359e-18, 2.06086983136e-18, 2.77146864236e-18, 3.85968098645e-18, 5.47622227318e-18, 5.42349488581e-18, 4.79581452057e-18, 6.70744628697e-18, 7.6586915837e-18, 9.17233863326e-18, 1.33930682407e-17, 1.84965525901e-17, 1.19994442708e-17, 1.00356074816e-17, 1.26524562151e-17, 1.55496439029e-17, 1.23010434211e-17, 1.76771226599e-17, 2.18090866885e-17, 1.62482095107e-17, 9.52262480726e-18, 6.37852453384e-18, 5.5293615965e-18, 2.8444040521e-18, 1.1475048572e-18, 2.93873722842e-19, 3.01935980854e-20], "dmean": [0.0530068427324, 0.788722634315, 2.41712331772, 5.08196210861, 11.4429988861, 7.25391340256, 9.4289598465, 16.9079742432, 14.6885051727, 11.4149770737, 15.2414751053, 11.6928882599, 10.0426063538, 8.42356109619, 7.18841457367, 7.34641313553, 4.79223394394, 3.78845310211, 3.61914086342, 2.5362610817, 2.15709090233, 2.58969497681, 3.23980116844, 1.9652531147, 2.74296760559, 2.76655578613, 1.53159499168, 1.43168759346, 0.996297121048, 0.900987386703, 0.492487668991, 0.399096012115, 0.244421541691, 0.0820293202996, 0.0231967214495, 0.00618350412697, 0.00128900620621, 0.000117071060231, 7.74821728555e-06, 1.19130718303e-05], "mean": [0.0854808613658, 1.34598124027, 3.79178595543, 7.84486293793, 15.1978149414, 13.3658218384, 17.1756858826, 30.5892314911, 26.3111629486, 20.5190162659, 32.8145980835, 24.7530040741, 21.4329586029, 17.7183246613, 15.1710233688, 13.1639699936, 8.39410018921, 6.24008846283, 5.91588401794, 3.96633863449, 3.32756781578, 3.85508847237, 4.67744255066, 2.99313592911, 3.80623292923, 3.80947780609, 1.935947299, 1.71349072456, 1.2815861702, 1.12161231041, 0.627925932407, 0.480565369129, 0.282593607903, 0.0978856161237, 0.0247270576656, 0.00539250392467, 0.00107058032881, 9.40363825066e-05, 1.53200471686e-05, 2.90852804028e-05], "max": [1.35589575768, 20.6251335144, 85.944190979, 125.243339539, 350.918792725, 336.755706787, 511.358978271, 886.243713379, 1420.16479492, 1161.7824707, 2071.93652344, 1492.97021484, 1849.59851074, 1351.70092773, 1331.10095215, 1784.87426758, 663.050415039, 1193.40368652, 410.221374512, 475.450317383, 297.242919922, 259.903961182, 714.290893555, 355.72467041, 310.251678467, 314.640777588, 137.524169922, 132.152801514, 67.999420166, 58.0552024841, 37.3630867004, 55.2097396851, 39.6517105103, 8.39330005646, 1.57453215122, 0.574134588242, 0.125338301063, 0.008421019651, 0.000216340122279, 0.000239279455855], "dmean2": [0.088534347713, 1.34364748001, 4.27603960037, 8.69987869263, 19.6211509705, 12.1304283142, 15.0527353287, 25.9253158569, 22.6106948853, 17.4670963287, 21.1633377075, 16.4649982452, 13.0425205231, 11.7762727737, 9.85415935516, 10.2792205811, 6.46297168732, 5.32758951187, 5.28912067413, 3.65612339973, 3.11575984955, 3.88929080963, 4.79924249649, 2.87664580345, 4.10294723511, 4.16499948502, 2.30928111076, 2.18820548058, 1.45791518688, 1.36034142971, 0.733373880386, 0.596526682377, 0.368562191725, 0.121244721115, 0.0354226343334, 0.0100750224665, 0.00213920720853, 0.0001972635946, 1.20847480503e-05, 1.88823760254e-05], "median": [0.0476463064551, 0.772490262985, 2.40170955658, 4.69456291199, 7.36347818375, 7.27176523209, 6.80219268799, 10.1145467758, 7.74157905579, 4.96984481812, 3.54910612106, 2.40070271492, 1.8747190237, 1.28949725628, 0.726222097874, 0.618459522724, 0.498638987541, 0.478874593973, 0.402413666248, 0.357109427452, 0.370790809393, 0.354236900806, 0.361695706844, 0.293824404478, 0.358214616776, 0.287247151136, 0.156795278192, 0.16781681776, 0.15635228157, 0.14022642374, 0.0752288848162, 0.0471495836973, 0.0277897808701, 0.0114205479622, 0.00229187193327, 0.000275827274891, 5.51152625121e-05, 6.55095163893e-06, 9.81613266049e-06, 2.14420324482e-05], "dvar": [0.0157642923295, 3.63401317596, 37.1438751221, 113.654922485, 924.070251465, 207.733795166, 458.004150391, 1607.44396973, 1938.97399902, 1315.96325684, 2558.69262695, 2086.48706055, 2058.43945313, 1136.44250488, 1094.85351563, 1727.85180664, 365.832855225, 492.735748291, 206.801574707, 114.828308105, 63.4724960327, 109.552749634, 256.024536133, 49.1712188721, 133.31968689, 93.7113876343, 23.6255264282, 30.0193462372, 7.65676259995, 7.3470287323, 2.26265239716, 3.72164011002, 1.4895670414, 0.0805918201804, 0.0050652846694, 0.000640372512862, 2.78680126939e-05, 2.38917635897e-07, 2.69627709049e-10, 4.47235248835e-10]}, "silence_rate_30dB": {"dvar2": 0.0269605759531, "var": 0.00768915517256, "min": 0, "dmean": 0.0102242743596, "mean": 0.992250621319, "max": 1, "dmean2": 0.0204519219697, "median": 1, "dvar": 0.0101194316521}, "melbands_spread": {"dvar2": 87.2903137207, "var": 110.837509155, "min": 0.514306724072, "dmean": 2.7228167057, "mean": 7.7994222641, "max": 168.374298096, "dmean2": 4.11750459671, "median": 4.95273542404, "dvar": 42.8781051636}, "melbands_crest": {"dvar2": 17.8345355988, "var": 17.9323196411, "min": 2.03907012939, "dmean": 2.76680898666, "mean": 14.3787145615, "max": 32.2264976501, "dmean2": 4.56597185135, "median": 13.9645767212, "dvar": 6.68271875381}, "zerocrossingrate": {"dvar2": 0.000147744285641, "var": 0.000499767484143, "min": 0.0029296875, "dmean": 0.00556104350835, "mean": 0.023687236011, "max": 0.5078125, "dmean2": 0.00666222441941, "median": 0.0185546875, "dvar": 0.000107700056105}, "barkbands_kurtosis": {"dvar2": 300.120330811, "var": 284.984161377, "min": -1.91763532162, "dmean": 6.79383134842, "mean": 14.4000759125, "max": 285.630371094, "dmean2": 10.8423566818, "median": 9.98523902893, "dvar": 116.795547485}, "spectral_flux": {"dvar2": 0.0030715900939, "var": 0.00313758011907, "min": 6.82768910854e-11, "dmean": 0.0292483959347, "mean": 0.0680759996176, "max": 0.389793604612, "dmean2": 0.0452261343598, "median": 0.0503046736121, "dvar": 0.00153427768964}, "barkbands_crest": {"dvar2": 11.9003171921, "var": 13.7638463974, "min": 3.37837696075, "dmean": 2.27023124695, "mean": 11.2017612457, "max": 26.1166324615, "dmean2": 3.71786117554, "median": 10.5389137268, "dvar": 4.55057191849}, "barkbands_flatness_db": {"dvar2": 0.00138241972309, "var": 0.00433899322525, "min": 0.068165063858, "dmean": 0.026423053816, "mean": 0.265595078468, "max": 0.453879147768, "dmean2": 0.0376132614911, "median": 0.264024853706, "dvar": 0.000704727484845}, "spectral_entropy": {"dvar2": 0.134144082665, "var": 0.422008961439, "min": 4.56977415085, "dmean": 0.266130179167, "mean": 6.51644277573, "max": 9.81231594086, "dmean2": 0.366539120674, "median": 6.46423625946, "dvar": 0.0748592540622}, "pitch_salience": {"dvar2": 0.0113910408691, "var": 0.0116672823206, "min": 0.130024075508, "dmean": 0.0694651380181, "mean": 0.552429318428, "max": 0.858230054379, "dmean2": 0.114114589989, "median": 0.560013592243, "dvar": 0.00429716985673}, "erbbands_spread": {"dvar2": 274.523101807, "var": 471.7394104, "min": 1.27943050861, "dmean": 8.39115428925, "mean": 25.9343795776, "max": 132.304077148, "dmean2": 11.9466781616, "median": 18.4565601349, "dvar": 142.548919678}, "dynamic_complexity": 3.89278817177, "spectral_contrast_valleys": {"dvar2": [0.352522790432, 0.392891198397, 0.41222012043, 0.378741025925, 0.316357582808, 0.28919428587], "var": [0.921015560627, 1.01016378403, 1.21538984776, 1.17681825161, 1.23607420921, 1.07288551331], "min": [-27.5497360229, -27.3876647949, -27.3451328278, -27.2338523865, -27.3319473267, -27.2035942078], "dmean": [0.400392323732, 0.423117399216, 0.433090358973, 0.41546857357, 0.369908988476, 0.354357481003], "mean": [-7.11063098907, -7.23708534241, -8.57535839081, -9.32760906219, -8.99923706055, -11.4470720291], "max": [-4.92603254318, -4.45423746109, -5.27032709122, -5.78384304047, -5.67898321152, -8.21286201477], "dmean2": [0.638066589832, 0.663983643055, 0.657068550587, 0.607467591763, 0.499010235071, 0.440196454525], "median": [-6.91873550415, -7.20622968674, -8.55103397369, -9.36911678314, -9.09730148315, -11.584356308], "dvar": [0.171660706401, 0.189176976681, 0.20587708056, 0.202093616128, 0.196201637387, 0.198381111026]}, "hfc": {"dvar2": 79.2046813965, "var": 143.224502563, "min": 1.12809290518e-16, "dmean": 3.66766571999, "mean": 9.41130161285, "max": 124.418693542, "dmean2": 5.20635938644, "median": 5.01846027374, "dvar": 39.8461341858}, "spectral_kurtosis": {"dvar2": 51.5973320007, "var": 63.4383964539, "min": -1.18711388111, "dmean": 4.25236463547, "mean": 9.96628284454, "max": 65.9432754517, "dmean2": 6.99662446976, "median": 8.16651439667, "dvar": 20.4636821747}, "mfcc": {"mean": [-747.430664063, 163.64894104, 44.5558738708, 42.6001853943, -0.319930583239, 4.27904129028, -5.5509262085, 2.56417918205, -4.52313137054, 1.24535238743, -2.11809825897, -2.6313149929, -0.988869547844], "cov": [[8174.67724609, -629.715515137, -1678.6607666, -512.960876465, -467.371673584, -270.681915283, -6.31064605713, 10.7760667801, -130.077911377, 71.0538406372, -68.948638916, -31.182800293, -17.6490058899], [-629.715515137, 1310.01000977, -124.741447449, -293.870025635, -61.1742210388, 18.4001865387, -3.65392446518, 35.0830917358, -11.6017875671, 5.04196405411, 62.52576828, -5.07021379471, 14.4078788757], [-1678.6607666, -124.741447449, 1087.70263672, 301.676086426, 153.271743774, 140.514465332, 17.8727397919, 16.8763599396, 31.3497047424, -23.717464447, 0.823776185513, -6.34652709961, -9.29944038391], [-512.960876465, -293.870025635, 301.676086426, 602.473022461, 202.584335327, 13.0104665756, -14.9771566391, -22.2276763916, 43.9791755676, 3.57191252708, -27.7807369232, 25.9024467468, 10.7851915359], [-467.371673584, -61.1742210388, 153.271743774, 202.584335327, 311.691711426, 70.3987121582, -13.5858039856, -30.4422569275, 20.5972881317, 0.205965697765, -8.58052062988, 16.0257873535, 4.40703821182], [-270.681915283, 18.4001865387, 140.514465332, 13.0104665756, 70.3987121582, 229.2265625, 45.7606048584, 4.21017503738, 11.3380918503, 17.3991146088, 34.2592811584, -1.6982820034, -18.8965702057], [-6.31064605713, -3.65392446518, 17.8727397919, -14.9771566391, -13.5858039856, 45.7606048584, 175.32989502, 64.6292495728, -1.47509229183, 7.71172094345, 2.56390619278, 2.17107844353, -1.61523675919], [10.7760667801, 35.0830917358, 16.8763599396, -22.2276763916, -30.4422569275, 4.21017503738, 64.6292495728, 152.864746094, 43.8262557983, -2.56333804131, -8.0260515213, -10.4542312622, 6.72139024734], [-130.077911377, -11.6017875671, 31.3497047424, 43.9791755676, 20.5972881317, 11.3380918503, -1.47509229183, 43.8262557983, 114.731704712, 42.4348602295, 0.793216943741, -7.57929182053, -3.3797056675], [71.0538406372, 5.04196405411, -23.717464447, 3.57191252708, 0.205965697765, 17.3991146088, 7.71172094345, -2.56333804131, 42.4348602295, 141.506332397, 61.2290840149, -6.23338127136, -22.1626815796], [-68.948638916, 62.52576828, 0.823776185513, -27.7807369232, -8.58052062988, 34.2592811584, 2.56390619278, -8.0260515213, 0.793216943741, 61.2290840149, 125.736602783, 39.5081138611, -14.7613859177], [-31.182800293, -5.07021379471, -6.34652709961, 25.9024467468, 16.0257873535, -1.6982820034, 2.17107844353, -10.4542312622, -7.57929182053, -6.23338127136, 39.5081138611, 104.630935669, 37.5488967896], [-17.6490058899, 14.4078788757, -9.29944038391, 10.7851915359, 4.40703821182, -18.8965702057, -1.61523675919, 6.72139024734, -3.3797056675, -22.1626815796, -14.7613859177, 37.5488967896, 84.5900878906]], "icov": [[0.00021567013755, 0.000146605554619, 0.000310252042254, 3.27419766109e-05, 0.000161668242072, -2.99544881273e-05, 6.86913481331e-05, -0.000152060267283, 0.000274061574601, -0.00022056097805, 0.000183138356078, -4.0663202526e-05, 5.14112653036e-05], [0.000146605554619, 0.000995788141154, 0.000218978093471, 0.000470202823635, -4.22650227847e-05, -5.01931244798e-05, 0.000169454462593, -0.000311292154947, 0.000166508747498, 1.28273140945e-05, -0.000457306217868, 0.000269268202828, -0.000345252687111], [0.000310252042254, 0.000218978093471, 0.00164383475203, -0.000532206264324, 0.000132700472022, -0.000700976175722, 0.000142379576573, -0.000414619018557, 0.000298995379126, 0.000153163273353, -5.60153566767e-05, 0.000287897215458, 6.26691471552e-05], [3.27419766109e-05, 0.000470202823635, -0.000532206264324, 0.0027548247017, -0.00140173768159, 0.000573587312829, -3.24510801875e-05, 0.000228819582844, -0.000648165412713, -0.000327174144331, 0.000543733709492, -0.000704220787156, -4.77646335639e-06], [0.000161668242072, -4.22650227847e-05, 0.000132700472022, -0.00140173768159, 0.00477813184261, -0.00146681512706, 0.000369099347154, 0.000694633461535, -0.000279700441752, -0.000167455757037, 0.00084256840637, -0.000635138130747, -1.65974997799e-05], [-2.99544881273e-05, -5.01931244798e-05, -0.000700976175722, 0.000573587312829, -0.00146681512706, 0.0058435536921, -0.00173357722815, 0.000581851811148, -0.000694428454153, 0.000382697617169, -0.00178859464359, 0.000639043981209, 0.000631316564977], [6.86913481331e-05, 0.000169454462593, 0.000142379576573, -3.24510801875e-05, 0.000369099347154, -0.00173357722815, 0.00768892094493, -0.00388846057467, 0.00221417960711, -0.00141363916919, 0.0011080064578, -0.00109120970592, 0.000450378516689], [-0.000152060267283, -0.000311292154947, -0.000414619018557, 0.000228819582844, 0.000694633461535, 0.000581851811148, -0.00388846057467, 0.0100202588364, -0.00492593646049, 0.00201640278101, -0.000785779382568, 0.00134515401442, -0.00123285048176], [0.000274061574601, 0.000166508747498, 0.000298995379126, -0.000648165412713, -0.000279700441752, -0.000694428454153, 0.00221417960711, -0.00492593646049, 0.013090768829, -0.00513351056725, 0.00237236707471, -0.000597290578298, 0.000294626399409], [-0.00022056097805, 1.28273140945e-05, 0.000153163273353, -0.000327174144331, -0.000167455757037, 0.000382697617169, -0.00141363916919, 0.00201640278101, -0.00513351056725, 0.0119936866686, -0.00693176034838, 0.00316112767905, 0.000241777641349], [0.000183138356078, -0.000457306217868, -5.60153566767e-05, 0.000543733709492, 0.00084256840637, -0.00178859464359, 0.0011080064578, -0.000785779382568, 0.00237236707471, -0.00693176034838, 0.0151577182114, -0.00778719596565, 0.00406119180843], [-4.0663202526e-05, 0.000269268202828, 0.000287897215458, -0.000704220787156, -0.000635138130747, 0.000639043981209, -0.00109120970592, 0.00134515401442, -0.000597290578298, 0.00316112767905, -0.00778719596565, 0.0157701317221, -0.00743957562372], [5.14112653036e-05, -0.000345252687111, 6.26691471552e-05, -4.77646335639e-06, -1.65974997799e-05, 0.000631316564977, 0.000450378516689, -0.00123285048176, 0.000294626399409, 0.000241777641349, 0.00406119180843, -0.00743957562372, 0.0162333883345]]}, "silence_rate_20dB": {"dvar2": 0, "var": 0, "min": 1, "dmean": 0, "mean": 1, "max": 1, "dmean2": 0, "median": 1, "dvar": 0}, "melbands_kurtosis": {"dvar2": 797.552307129, "var": 741.17956543, "min": -1.45016241074, "dmean": 11.5454826355, "mean": 23.4007987976, "max": 310.874298096, "dmean2": 18.3015708923, "median": 14.5880737305, "dvar": 319.623504639}, "barkbands_spread": {"dvar2": 65.4889602661, "var": 77.4027633667, "min": 0.371825426817, "dmean": 2.75635242462, "mean": 7.49080038071, "max": 91.2113647461, "dmean2": 4.16857719421, "median": 4.85337924957, "dvar": 32.1050758362}, "erbbands_skewness": {"dvar2": 0.590478658676, "var": 1.45368039608, "min": -3.44697713852, "dmean": 0.523680925369, "mean": 1.62349486351, "max": 8.7210931778, "dmean2": 0.771858692169, "median": 1.55414032936, "dvar": 0.292113304138}, "average_loudness": 0.887605190277, "spectral_centroid": {"dvar2": 157133.21875, "var": 235777.671875, "min": 144.636672974, "dmean": 140.766159058, "mean": 547.680236816, "max": 11196.9248047, "dmean2": 210.745361328, "median": 406.025238037, "dvar": 81633.359375}, "dissonance": {"dvar2": 0.00294440588914, "var": 0.00332433753647, "min": 0.131863296032, "dmean": 0.0359773822129, "mean": 0.408475250006, "max": 0.5, "dmean2": 0.0586225800216, "median": 0.418509870768, "dvar": 0.00114875484724}, "erbbands_flatness_db": {"dvar2": 0.000825102906674, "var": 0.00242173834704, "min": 0.0498493127525, "dmean": 0.022119782865, "mean": 0.220657795668, "max": 0.385624915361, "dmean2": 0.0304527319968, "median": 0.223192214966, "dvar": 0.000460984709207}, "spectral_strongpeak": {"dvar2": 0.729321241379, "var": 1.00090622902, "min": 0, "dmean": 0.361632496119, "mean": 0.79128485918, "max": 9.82337665558, "dmean2": 0.590958833694, "median": 0.416488051414, "dvar": 0.341446340084}, "spectral_rms": {"dvar2": 3.87186673834e-06, "var": 4.25279858973e-06, "min": 3.18947559336e-12, "dmean": 0.000905232736841, "mean": 0.00456742802635, "max": 0.0143174463883, "dmean2": 0.00138591439463, "median": 0.00431563099846, "dvar": 1.6615556433e-06}, "silence_rate_60dB": {"dvar2": 0.0289926864207, "var": 0.0504218302667, "min": 0, "dmean": 0.0131926117465, "mean": 0.0532563887537, "max": 1, "dmean2": 0.0263895764947, "median": 0, "dvar": 0.0130193075165}, "melbands": {"dvar2": [6.34490652374e-06, 2.41590878431e-05, 1.79485614353e-05, 6.50960782878e-06, 9.68147332969e-07, 1.49010156747e-06, 8.60428542637e-07, 3.11367983841e-07, 2.60974417188e-07, 1.5295360356e-07, 6.96929447486e-08, 3.3193426674e-08, 3.85829004301e-08, 1.63586513224e-08, 1.69505973702e-08, 1.56546631214e-09, 4.9602015828e-09, 1.51363066525e-09, 5.51176493335e-10, 4.15669304532e-10, 2.49625708992e-10, 4.28042545852e-10, 4.70062544444e-10, 3.00043712098e-10, 6.63555529967e-11, 1.21344725934e-10, 2.11886327928e-10, 8.59977852818e-11, 2.46512064234e-11, 4.72622739556e-11, 2.22584294746e-11, 6.41713331778e-12, 5.12435449976e-12, 5.62659250788e-12, 1.74960252449e-12, 2.28667410528e-12, 3.90355976709e-12, 2.23111481547e-12, 6.5844058721e-13, 6.24317221185e-14], "var": [2.42933560912e-06, 7.14492944098e-06, 5.74125033381e-06, 2.41702696258e-06, 1.13106318622e-06, 2.06494610211e-06, 9.32980697144e-07, 3.17840402886e-07, 5.32486751581e-07, 2.80200225689e-07, 2.40917358951e-07, 6.77095570722e-08, 7.94061705278e-08, 4.65171048347e-08, 2.50391192225e-08, 2.74155120827e-09, 4.51686510416e-09, 1.49385115389e-09, 5.49461642851e-10, 4.85037454645e-10, 1.69889491364e-10, 2.28816438019e-10, 5.09458919495e-10, 3.72022218587e-10, 9.80994174782e-11, 9.35709773553e-11, 1.211443168e-10, 6.13747525025e-11, 1.34780199154e-11, 1.89342482665e-11, 1.21653060889e-11, 4.77596434623e-12, 3.57812477564e-12, 3.76558376494e-12, 1.2661386696e-12, 1.71494155682e-12, 2.53600721152e-12, 1.29976693471e-12, 3.26161515331e-13, 4.13253517506e-14], "min": [3.22546607028e-24, 2.62664688472e-24, 8.18196591248e-24, 1.09786655704e-23, 9.95280481682e-24, 2.42253504195e-24, 7.06542323128e-24, 9.89868028125e-24, 6.13146319546e-24, 1.85629762616e-23, 1.11397959323e-23, 7.42588848876e-24, 7.36166101158e-24, 6.12588555443e-24, 8.32301503119e-24, 9.58494872153e-24, 9.47221103184e-24, 8.20650027549e-24, 7.49088194988e-24, 5.2722386585e-24, 9.0583738121e-24, 7.22583494091e-24, 8.08876594083e-24, 9.29914835987e-24, 1.0559415976e-23, 1.38984070191e-23, 9.22558865818e-24, 6.3092038126e-24, 6.79538431051e-24, 4.91614487374e-24, 7.10340057298e-24, 7.84277544476e-24, 7.6595285785e-24, 6.07921733214e-24, 8.96120744782e-24, 1.29696952749e-23, 1.29520090134e-23, 1.17123172563e-23, 9.57253520632e-24, 6.72863247843e-24], "dmean": [0.000654131465126, 0.00118664233014, 0.00111471046694, 0.000671156740282, 0.000305980152916, 0.000367745407857, 0.000217367371079, 0.000126055296278, 0.000119105956401, 7.35180292395e-05, 5.06597207277e-05, 3.48232824763e-05, 2.93933153444e-05, 1.97930967261e-05, 1.63998211065e-05, 7.97388656792e-06, 7.42654992791e-06, 6.34434218227e-06, 3.64849734069e-06, 3.40746510119e-06, 2.61115269495e-06, 2.91723517876e-06, 2.93005450658e-06, 2.73283148999e-06, 1.50538664911e-06, 1.7900763396e-06, 2.27940927289e-06, 1.76899936832e-06, 9.63094294093e-07, 9.33692263061e-07, 8.13967972135e-07, 5.99898612563e-07, 5.18313470366e-07, 5.04051683947e-07, 2.89490799332e-07, 2.5284629146e-0