{"tonal": {"thpcp": [1, 0.494381278753, 0.055136166513, 0.170441672206, 0.174009352922, 0.0609731636941, 0.0191404223442, 0.0202097762376, 0.0553005076945, 0.126203328371, 0.128974959254, 0.129912778735, 0.254654765129, 0.232242763042, 0.0802883133292, 0.0349941253662, 0.0341640301049, 0.0570952370763, 0.118921205401, 0.129059687257, 0.0669688433409, 0.0360326208174, 0.0389323122799, 0.0752653107047, 0.184242874384, 0.20526330173, 0.113818623126, 0.13855227828, 0.183582812548, 0.112750053406, 0.0497714169323, 0.0370119735599, 0.0607276521623, 0.186302825809, 0.242446213961, 0.614388406277], "hpcp": {"dmean2": [0.124678514898, 0.11833294481, 0.104518257082, 0.0561385303736, 0.0576265119016, 0.0900420472026, 0.0995130464435, 0.0911155492067, 0.0856257900596, 0.0656341612339, 0.0694795250893, 0.106771491468, 0.129830747843, 0.128104314208, 0.130431190133, 0.103868871927, 0.0829075276852, 0.0987256243825, 0.0729315057397, 0.0585599988699, 0.0837672054768, 0.124884463847, 0.101095341146, 0.135698914528, 0.13261961937, 0.0828864425421, 0.0622301399708, 0.0870711058378, 0.0764163210988, 0.0625455603004, 0.0346266441047, 0.0352266840637, 0.0691372156143, 0.0926307365298, 0.106189087033, 0.15021173656], "median": [0.0116194169968, 0.0108457682654, 0.00637547951192, 0.00199545128271, 0.00197814870626, 0.00420664995909, 0.00880691595376, 0.0082536265254, 0.00432640640065, 0.00159630784765, 0.00154382851906, 0.00422505289316, 0.0153320133686, 0.018991291523, 0.0129487551749, 0.00265512242913, 0.00205610669218, 0.00224764226004, 0.00234629982151, 0.00216991291381, 0.00474573578686, 0.0120192412287, 0.0143461897969, 0.510524868965, 1, 0.475899964571, 0.00341537967324, 0.00741159915924, 0.00812687724829, 0.0038119754754, 0.000831602141261, 0.000611888652202, 0.00336343259551, 0.0111045558006, 0.0147570185363, 0.014635687694], "min": [0, 0, 0, 0, 0, 0, 0, 0, 0, 0, 0, 0, 0, 0, 0, 0, 0, 0, 0, 0, 0, 0, 0, 0, 0, 0, 0, 0, 0, 0, 0, 0, 0, 0, 0, 0], "dvar2": [0.0632742419839, 0.0576208978891, 0.0510645397007, 0.0313624218106, 0.0294589921832, 0.0509278848767, 0.0531520769, 0.0442244820297, 0.0465152710676, 0.0459756925702, 0.0449183247983, 0.0599253065884, 0.0662768855691, 0.0612788014114, 0.0603399798274, 0.051815520972, 0.047280896455, 0.0556969828904, 0.0414792709053, 0.0315207093954, 0.0423913151026, 0.0589935742319, 0.0417808517814, 0.0537912249565, 0.0957410857081, 0.0293904468417, 0.0208632629365, 0.0341933779418, 0.0280338563025, 0.0214373935014, 0.0198115818202, 0.0194569993764, 0.03300627321, 0.0405286066234, 0.0449542813003, 0.074487939477], "dvar": [0.0232232939452, 0.0212944652885, 0.0170836951584, 0.0107806669548, 0.0101509885862, 0.0174954496324, 0.020064432174, 0.0185692068189, 0.0162745695561, 0.0158909447491, 0.015696419403, 0.0205854158849, 0.0243687164038, 0.0239916015416, 0.0208310000598, 0.0186492335051, 0.0182473156601, 0.0203528162092, 0.0146922040731, 0.011057456024, 0.014713248238, 0.0226689781994, 0.017625587061, 0.0199301950634, 0.0367605239153, 0.0107311690226, 0.00719427410513, 0.0136314118281, 0.0114768482745, 0.00716818217188, 0.00671721529216, 0.00712352618575, 0.0116575295106, 0.0147820739076, 0.0162834059447, 0.0244265999645], "dmean": [0.0716160982847, 0.0686154812574, 0.0568073764443, 0.0304535366595, 0.0308611225337, 0.0487074330449, 0.0581534840167, 0.0552273131907, 0.0480020828545, 0.0347691141069, 0.0371018983424, 0.0597598366439, 0.0763412714005, 0.0761109665036, 0.0745593383908, 0.0584194436669, 0.0475712530315, 0.0558682382107, 0.0401273518801, 0.0320144221187, 0.0461850054562, 0.0739381164312, 0.0616776756942, 0.0781035274267, 0.0754337608814, 0.0471410155296, 0.0349995158613, 0.0521351322532, 0.0471321716905, 0.0350752733648, 0.0184414349496, 0.0191290043294, 0.0385189466178, 0.0536607205868, 0.0610283501446, 0.0826755985618], "max": [1, 1, 1, 1, 1, 1, 1, 1, 1, 1, 1, 1, 1, 1, 1, 1, 1, 1, 1, 1, 1, 1, 1, 1, 1, 1, 1, 1, 1, 1, 1, 1, 1, 1, 1, 1], "var": [0.0944601222873, 0.0817903801799, 0.0139072267339, 0.00681313313544, 0.0065528829582, 0.0120157310739, 0.0288461726159, 0.0375649929047, 0.014376421459, 0.00977837946266, 0.0103714354336, 0.0171131454408, 0.0519549176097, 0.0600275658071, 0.0212402790785, 0.0440121740103, 0.0767434611917, 0.0314315035939, 0.011096579954, 0.00723183713853, 0.011557999067, 0.051480434835, 0.0778924673796, 0.0692881792784, 0.187815651298, 0.0465943105519, 0.00763846142218, 0.0500544011593, 0.0516008399427, 0.00841595977545, 0.00394192896783, 0.00486906431615, 0.00967499893159, 0.0275770835578, 0.0262290611863, 0.0248582847416], "mean": [0.164525404572, 0.150045618415, 0.0518720597029, 0.0226087365299, 0.0220724344254, 0.036887653172, 0.0768316984177, 0.0833818912506, 0.0432667173445, 0.0232796780765, 0.0251530893147, 0.048626832664, 0.119034223258, 0.132614940405, 0.0735350623727, 0.0895147919655, 0.118607774377, 0.0728446915746, 0.0321559347212, 0.0239124111831, 0.0392344556749, 0.120365098119, 0.156637787819, 0.396939337254, 0.646072328091, 0.319406062365, 0.0356219522655, 0.110117644072, 0.112422630191, 0.0393930748105, 0.0123660974205, 0.0130569767207, 0.0357281267643, 0.0815364792943, 0.083327151835, 0.0839330554008]}, "tuning_equal_tempered_deviation": 0.131234645844, "chords_changes_rate": 0.0566211715341, "key_key": "A", "tuning_diatonic_strength": 0.30387917161, "key_scale": "minor", "chords_number_rate": 0.00258207297884, "tuning_frequency": 434.193115234, "tuning_nontempered_energy_ratio": 0.739085316658, "chords_histogram": [1.64146065712, 0, 0.129103645682, 0, 3.72556257248, 1.71523427963, 6.04942846298, 9.5352268219, 5.45923995972, 3.02471423149, 0.165990412235, 0, 0, 2.21320557594, 19.1811141968, 33.8436012268, 3.31980824471, 0.129103645682, 0, 0, 0, 1.08815932274, 6.76872014999, 2.01032829285], "key_strength": 0.537907958031, "chords_key": "C#", "chords_strength": {"dmean2": 0.0065099792555, "median": 0.463943183422, "min": 0.22403177619, "dvar2": 3.40444967151e-05, "dvar": 3.22824780596e-05, "dmean": 0.00659199943766, "max": 0.742117285728, "var": 0.00802533887327, "mean": 0.472023308277}, "chords_scale": "major", "hpcp_entropy": {"dmean2": 0.82062202692, "median": 1.85095369816, "min": 0, "dvar2": 0.520020484924, "dvar": 0.19901034236, "dmean": 0.489767700434, "max": 4.40020036697, "var": 0.458050131798, "mean": 1.90182507038}}, "metadata": {"audio_properties": {"equal_loudness": 0, "codec": "mp3", "downmix": "mix", "sample_rate": 44100, "analysis_sample_rate": 44100, "bit_rate": 128013, "md5_encoded": "4995886c4bb1cd5fa8f6580eaf970f06", "length": 251.715911865, "replay_gain": -12.2874202728, "lossless": false}, "version": {"essentia_build_sha": "aa10914b8b75d94b7bc89e0cef18ecc7f15a9ad7", "essentia": "2.1-beta2", "extractor": "music 1.0", "essentia_git_sha": "v2.1_beta2-1-ge3940c0"}, "tags": {"title": ["Headshots"], "media": ["Digital Media"], "albumartist": ["MRKTS"], "script": ["Latn"], "musicbrainz_recordingid": ["0f214323-0bef-4f10-ada8-baa0c2f310e0"], "originalyear": ["2015"], "discnumber": ["1/1"], "album": ["Last Call"], "musicbrainz album release country": ["XW"], "musicbrainz album type": ["album"], "musicbrainz album status": ["official"], "musicbrainz_albumartistid": ["b8bf65b1-7f18-4121-9a7c-0332306584d7"], "date": ["2015-10-30"], "file_name": "04. MRKTS - Last Call - Headshots.mp3", "musicbrainz_releasegroupid": ["a50fafee-ea47-4173-abd1-8e498f150995"], "artistwebpage": ["http://mrktsband.com/"], "originaldate": ["2015-10-30"], "musicbrainz_albumid": ["0f7e3000-3ab0-4982-8ae2-84619a825e48"], "artist": ["MRKTS"], "artistsort": ["MRKTS"], "tracknumber": ["4/8"], "label": ["[no label]"], "albumartistsort": ["MRKTS"], "musicbrainz_artistid": ["b8bf65b1-7f18-4121-9a7c-0332306584d7"]}}, "rhythm": {"bpm_histogram_first_peak_bpm": {"dmean2": 0, "median": 120, "min": 120, "dvar2": 0, "dvar": 0, "dmean": 0, "max": 120, "var": 0, "mean": 120}, "bpm": 120.040077209, "bpm_histogram_second_peak_spread": {"dmean2": 0, "median": 0.396825432777, "min": 0.396825432777, "dvar2": 0, "dvar": 0, "dmean": 0, "max": 0.396825432777, "var": 0, "mean": 0.396825432777}, "bpm_histogram_first_peak_weight": {"dmean2": 0, "median": 0.428000003099, "min": 0.428000003099, "dvar2": 0, "dvar": 0, "dmean": 0, "max": 0.428000003099, "var": 0, "mean": 0.428000003099}, "onset_rate": 2.84831786156, "beats_position": [0.522448956966, 1.04489791393, 1.57895684242, 2.11301589012, 2.6470746994, 3.04181408882, 3.43655323982, 3.83129239082, 4.22603178024, 4.63238096237, 5.0387301445, 5.4334692955, 5.8282084465, 6.2229475975, 6.6176867485, 7.01242637634, 7.4303855896, 7.83673477173, 8.24308395386, 8.64943313599, 9.07900238037, 9.52018165588, 9.94974994659, 10.379319191, 10.8437185287, 11.3081178665, 11.7725172043, 12.2369155884, 12.7129249573, 13.1889343262, 13.6881628036, 14.1873922348, 14.6866207123, 15.1858501434, 15.6734695435, 16.1610889435, 16.6487064362, 17.1363258362, 17.6239452362, 18.0999546051, 18.575963974, 19.0635814667, 19.5976409912, 20.1433105469, 20.6889801025, 21.1882076263, 21.6874370575, 22.1866664886, 22.6742858887, 23.1735134125, 23.6611328125, 24.1487522125, 24.6363716125, 25.1356010437, 25.6232185364, 26.1224479675, 26.6216773987, 27.1209068298, 27.620136261, 28.1193637848, 28.6185932159, 29.1178226471, 29.6286621094, 30.1975498199, 30.778049469, 31.358549118, 31.9390468597, 32.5195465088, 33.0419960022, 33.5644454956, 34.0868911743, 34.5977325439, 35.1201820374, 35.6310195923, 36.1534690857, 36.6759185791, 37.2564163208, 37.8253059387, 38.3941955566, 38.9630813599, 39.5319709778, 40.1008605957, 40.5884780884, 41.0877075195, 41.5753288269, 42.0861663818, 42.585395813, 43.0846252441, 43.6302947998, 44.1875724792, 44.7448501587, 45.3021316528, 45.8478012085, 46.3702468872, 46.8926963806, 47.415145874, 47.9027671814, 48.3903846741, 48.8780021667, 49.3656234741, 49.8532409668, 50.3524703979, 50.8516998291, 51.3509292603, 51.8501586914, 52.3609962463, 52.871837616, 53.3826751709, 53.9051246643, 54.4275741577, 54.9500198364, 55.4724693298, 55.9949188232, 56.4709281921, 56.946937561, 57.4229469299, 57.8989562988, 58.3169136047, 58.7464828491, 59.1644439697, 59.5940132141, 60.01197052, 60.4415397644, 60.8711090088, 61.3006782532, 61.7186393738, 62.1365966797, 62.6126060486, 63.0886154175, 63.5530128479, 64.0174102783, 64.4934234619, 64.9694290161, 65.5034942627, 66.049156189, 66.6064376831, 67.1288909912, 67.6629486084, 68.1970062256, 68.7310638428, 69.26512146, 69.7991790771, 70.3100204468, 70.8092498779, 71.3200912476, 71.8193206787, 72.3185501099, 72.8061676025, 73.3053970337, 73.8162307739, 74.3154602051, 74.8146896362, 75.3139190674, 75.8131484985, 76.3123779297, 76.8116073608, 77.310836792, 77.8100662231, 78.3092956543, 78.8085250854, 79.3077545166, 79.8069839478, 80.3062133789, 80.8054428101, 81.3046722412, 81.8039016724, 82.3031311035, 82.8023605347, 83.3131942749, 83.8008117676, 84.3000411987, 84.7992706299, 85.3101119995, 85.7977294922, 86.3085708618, 86.807800293, 87.3070297241, 87.8178634644, 88.3170928955, 88.8163223267, 89.3155517578, 89.814781189, 90.3140106201, 90.8132400513, 91.3124694824, 91.8116989136, 92.3109283447, 92.8101577759, 93.309387207, 93.8086166382, 94.3078460693, 94.8070755005, 95.3179092407, 95.8287506104, 96.33959198, 96.8620376587, 97.3844909668, 97.918548584, 98.4526062012, 98.9750518799, 99.497505188, 100.031562805, 100.565620422, 101.111289978, 101.656959534, 102.202629089, 102.713470459, 103.235916138, 103.758361816, 104.292427063, 104.814872742, 105.33732605, 105.836547852, 106.335777283, 106.835006714, 107.334236145, 107.833465576, 108.332695007, 108.831924438, 109.33115387, 109.830383301, 110.34122467, 110.840454102, 111.339683533, 111.838912964, 112.338134766, 112.837364197, 113.348205566, 113.847434998, 114.358276367, 114.869110107, 115.391563416, 115.914009094, 116.448066711, 116.958908081, 117.469749451, 117.992195129, 118.514648438, 119.013877869, 119.524711609, 120.035552979, 120.53478241, 121.045623779, 121.55645752, 122.078910828, 122.601356506, 123.112197876, 123.681083679, 124.238365173, 124.807250977, 125.387756348, 125.956642151, 126.432647705, 126.920272827, 127.40789032, 127.895507813, 128.383132935, 128.870742798, 129.35836792, 129.845977783, 130.321990967, 130.832824707, 131.343673706, 131.854507446, 132.365356445, 132.876190186, 133.398635864, 133.921081543, 134.44354248, 134.954376221, 135.453598022, 135.964447021, 136.463668823, 136.99772644, 137.531784058, 138.065841675, 138.565078735, 139.064300537, 139.575149536, 140.074371338, 140.573608398, 141.0728302, 141.560455322, 142.048065186, 142.547302246, 143.02331543, 143.510925293, 143.986938477, 144.46295166, 144.950561523, 145.426574707, 145.972244263, 146.517913818, 147.063583374, 147.620864868, 148.166534424, 148.723800659, 149.257858276, 149.803527832, 150.314376831, 150.813598633, 151.324447632, 151.823669434, 152.322906494, 152.822128296, 153.309753418, 153.80897522, 154.30821228, 154.807434082, 155.306671143, 155.805892944, 156.305114746, 156.815963745, 157.315185547, 157.802810669, 158.302032471, 158.801269531, 159.312103271, 159.811340332, 160.310562134, 160.809799194, 161.309020996, 161.808258057, 162.307479858, 162.80670166, 163.305938721, 163.805160522, 164.292785645, 164.792022705, 165.302856445, 165.813690186, 166.312927246, 166.812149048, 167.311386108, 167.81060791, 168.298233032, 168.797454834, 169.296691895, 169.807525635, 170.306747437, 170.805984497, 171.316818237, 171.827667236, 172.3152771, 172.81451416, 173.313735962, 173.812973022, 174.312194824, 174.811431885, 175.310653687, 175.809890747, 176.309112549, 176.808334351, 177.307571411, 177.806793213, 178.306030273, 178.805252075, 179.304489136, 179.815322876, 180.314559937, 180.813781738, 181.324615479, 181.812240601, 182.299865723, 182.845535278, 183.402801514, 183.948471069, 184.494140625, 185.039810181, 185.585479736, 186.131149292, 186.676818848, 187.222488403, 187.733337402, 188.255783081, 188.77822876, 189.300674438, 189.811508179, 190.310745239, 190.821578979, 191.332427979, 191.83164978, 192.330886841, 192.841720581, 193.340942383, 193.840179443, 194.339401245, 194.838638306, 195.337860107, 195.837097168, 196.33631897, 196.847167969, 197.346389771, 197.834014893, 198.333236694, 198.820861816, 199.320083618, 199.819320679, 200.31854248, 200.817779541, 201.317001343, 201.816238403, 202.315460205, 202.814697266, 203.313919067, 203.824752808, 204.323989868, 204.834823608, 205.334060669, 205.833282471, 206.332519531, 206.831741333, 207.330978394, 207.841812134, 208.341033936, 208.851882935, 209.339492798, 209.838729858, 210.33795166, 210.837188721, 211.324798584, 211.824035645, 212.323257446, 212.822494507, 213.321716309, 213.809341431, 214.308563232, 214.807800293, 215.318634033, 215.817871094, 216.317092896, 216.816329956, 217.303939819, 217.80317688, 218.302398682, 218.801635742, 219.312469482, 219.811691284, 220.310928345, 220.810150146, 221.309387207, 221.808609009, 222.307846069, 222.807067871, 223.306304932, 223.817138672, 224.316360474, 224.815597534, 225.314819336, 225.814056396, 226.313278198, 226.812515259, 227.311737061, 227.810974121, 228.310195923, 228.809432983, 229.308654785, 229.807891846, 230.307113647, 230.806350708, 231.30557251, 231.80480957, 232.304031372, 232.803268433, 233.302490234, 233.801712036, 234.300949097, 234.800170898, 235.311019897, 235.821853638, 236.321090698, 236.8203125, 237.319549561, 237.818771362, 238.306396484, 238.794006348, 239.304855347, 239.815689087, 240.314910889, 240.814147949, 241.324981689, 241.835830688, 242.369888306, 242.903945923, 243.426391602, 243.902404785, 244.390014648, 244.877639771, 245.411697388, 245.945755005, 246.479812622, 246.990646362, 247.501495361, 248.02394104, 248.45350647, 248.883071899, 249.312652588, 249.742218018, 250.171783447, 250.612960815, 251.054138184], "beats_loudness": {"dmean2": 0.0687584877014, "median": 0.0476839393377, "min": 3.27308491421e-08, "dvar2": 0.0066479165107, "dvar": 0.0025857409928, "dmean": 0.0431073121727, "max": 0.354798406363, "var": 0.00595198897645, "mean": 0.0778073370457}, "danceability": 0.892626345158, "bpm_histogram_second_peak_weight": {"dmean2": 0, "median": 0.0759999975562, "min": 0.0759999975562, "dvar2": 0, "dvar": 0, "dmean": 0, "max": 0.0759999975562, "var": 0, "mean": 0.0759999975562}, "beats_count": 501, "bpm_histogram_second_peak_bpm": {"dmean2": 0, "median": 115, "min": 115, "dvar2": 0, "dvar": 0, "dmean": 0, "max": 115, "var": 0, "mean": 115}, "bpm_histogram_first_peak_spread": {"dmean2": 0, "median": 0.355421662331, "min": 0.355421662331, "dvar2": 0, "dvar": 0, "dmean": 0, "max": 0.355421662331, "var": 0, "mean": 0.355421662331}, "beats_loudness_band_ratio": {"dmean2": [0.274223923683, 0.145033612847, 0.117797262967, 0.0758370161057, 0.0378389470279, 0.0398089662194], "median": [0.861146330833, 0.0459369234741, 0.0181421805173, 0.00731695070863, 0.00556511431932, 0.00552462693304], "min": [0.0624857246876, 0.00180264969822, 8.38794130686e-06, 1.17229183161e-06, 3.9603253299e-07, 4.279600887e-07], "dvar2": [0.0635028928518, 0.0324447154999, 0.0269112624228, 0.0128275202587, 0.00503196194768, 0.00623513944447], "dvar": [0.0256668571383, 0.0126994010061, 0.0102387433872, 0.00453757774085, 0.00177269626874, 0.00221932469867], "dmean": [0.158510178328, 0.0832509920001, 0.0650929734111, 0.0439413562417, 0.0207561962306, 0.0218036305159], "max": [0.999100327492, 0.83049339056, 0.780764579773, 0.52156662941, 0.277560919523, 0.448845773935], "var": [0.0342881120741, 0.0165023710579, 0.00903515703976, 0.00591061590239, 0.0015162791824, 0.00152469635941], "mean": [0.794886887074, 0.101394981146, 0.0573926568031, 0.0420895181596, 0.0182610731572, 0.0176987927407]}}, "lowlevel": {"barkbands_spread": {"dmean2": 4.04629278183, "median": 7.01517009735, "min": 0.131668612361, "dvar2": 51.3706245422, "dvar": 27.747838974, "dmean": 2.73643326759, "max": 117.418479919, "var": 170.926574707, "mean": 11.3855695724}, "melbands_spread": {"dmean2": 3.59607005119, "median": 4.61498260498, "min": 0.14972178638, "dvar2": 40.890537262, "dvar": 21.7388515472, "dmean": 2.41081905365, "max": 181.407897949, "var": 147.59085083, "mean": 9.45456027985}, "hfc": {"dmean2": 4.31243658066, "median": 7.29773139954, "min": 1.12743261653e-16, "dvar2": 47.4233093262, "dvar": 25.1361408234, "dmean": 3.02071142197, "max": 105.039611816, "var": 366.921783447, "mean": 16.7513694763}, "barkbands_kurtosis": {"dmean2": 20.1851444244, "median": 12.3756217957, "min": -1.9187592268, "dvar2": 3537.70922852, "dvar": 1426.03601074, "dmean": 12.7901849747, "max": 1591.39367676, "var": 3076.57373047, "mean": 29.6581573486}, "gfcc": {"mean": [-74.9393005371, 116.67930603, -64.0653381348, 44.120136261, -35.2644844055, 18.1125087738, -24.1487102509, 10.1566877365, -13.3825531006, -1.21353662014, -14.9169635773, 5.37390518188, -5.24572467804], "icov": [[0.00010642142297, -0.000162448341143, 0.000188489153516, -0.000283722940367, 7.58246169426e-05, -0.000311280338792, 7.11938919267e-05, -0.000364674488083, 3.08500493702e-05, -0.000206059092307, 0.000205948235816, -0.00025711156195, 0.000249919656198], [-0.000162448341143, 0.00359801296145, -0.000259857595665, 0.00309288990684, -0.00110664532986, 0.00314014870673, -0.00150303670671, 0.00305373687297, -0.00235408591107, 0.00360133987851, -0.00313484040089, 0.0029670605436, -0.00206423341297], [0.000188489153516, -0.000259857595665, 0.00137574807741, -0.000819864624646, 0.000155377929332, -0.000164640005096, 0.000299868232105, 0.000529818527866, 0.00024901953293, -0.000398563832277, -0.000129618259962, -0.000628628651612, -0.000112204688776], [-0.000283722940367, 0.00309288990684, -0.000819864624646, 0.00504665728658, -0.000906784669496, 0.00345317111351, -0.000425405130954, 0.00227018003352, -0.00168347754516, 0.0020915477071, -0.0023718837183, 0.00251144892536, -0.00332335568964], [7.58246169426e-05, -0.00110664532986, 0.000155377929332, -0.000906784669496, 0.0038005169481, -0.000750754203182, 0.00053197669331, -0.000352518109139, -0.000423682824476, -0.000935189600568, 0.000180292190635, -0.000135298541863, -0.000830991077237], [-0.000311280338792, 0.00314014870673, -0.000164640005096, 0.00345317111351, -0.000750754203182, 0.00789804663509, -0.00277043133974, 0.00267715915106, -0.00101174297743, 0.00138221867383, -0.00236318446696, 0.00214791949838, -0.000954414426815], [7.11938919267e-05, -0.00150303670671, 0.000299868232105, -0.000425405130954, 0.00053197669331, -0.00277043133974, 0.00592438131571, -0.00221265316941, 0.000801718328148, -0.000311950861942, -0.00177632365376, -0.000617108133156, -1.47122173075e-05], [-0.000364674488083, 0.00305373687297, 0.000529818527866, 0.00227018003352, -0.000352518109139, 0.00267715915106, -0.00221265316941, 0.0106129804626, -0.0022345718462, 0.00273992284201, -0.00157962553203, 0.000823057256639, -0.00167097593658], [3.08500493702e-05, -0.00235408591107, 0.00024901953293, -0.00168347754516, -0.000423682824476, -0.00101174297743, 0.000801718328148, -0.0022345718462, 0.0083819264546, -0.00451470259577, 0.00222887517884, -0.00188778934535, 5.79261723033e-05], [-0.000206059092307, 0.00360133987851, -0.000398563832277, 0.0020915477071, -0.000935189600568, 0.00138221867383, -0.000311950861942, 0.00273992284201, -0.00451470259577, 0.0128597924486, -0.00522912293673, 0.00293623399921, 0.000534814433195], [0.000205948235816, -0.00313484040089, -0.000129618259962, -0.0023718837183, 0.000180292190635, -0.00236318446696, -0.00177632365376, -0.00157962553203, 0.00222887517884, -0.00522912293673, 0.0114976279438, -0.00335235986859, 0.00197753217071], [-0.00025711156195, 0.0029670605436, -0.000628628651612, 0.00251144892536, -0.000135298541863, 0.00214791949838, -0.000617108133156, 0.000823057256639, -0.00188778934535, 0.00293623399921, -0.00335235986859, 0.0133782094344, -0.00253936345689], [0.000249919656198, -0.00206423341297, -0.000112204688776, -0.00332335568964, -0.000830991077237, -0.000954414426815, -1.47122173075e-05, -0.00167097593658, 5.79261723033e-05, 0.000534814433195, 0.00197753217071, -0.00253936345689, 0.0122363800183]], "cov": [[25265.5253906, -3122.29785156, -4213.17138672, -56.3748207092, -915.271484375, 1328.60644531, 253.503982544, 1358.44116211, 39.3801116943, 460.070739746, -416.014343262, 354.380767822, -748.933410645], [-3122.29785156, 2282.44433594, 369.013916016, -555.668945313, 425.187347412, -316.347991943, 275.496734619, -332.15246582, 151.106765747, -251.895355225, 264.623809814, -177.111236572, 191.223846436], [-4213.17138672, 369.013916016, 1709.52368164, 394.458618164, 175.420684814, -330.693481445, -184.447265625, -314.326599121, 0.251086980104, -44.1432304382, 72.6362991333, -25.1264610291, 199.060897827], [-56.3748207092, -555.668945313, 394.458618164, 742.230773926, 32.8751945496, -181.709274292, -220.514694214, -19.1959781647, 18.8033351898, 36.6456832886, -67.5961532593, 20.6692409515, 111.312416077], [-915.271484375, 425.187347412, 175.420684814, 32.8751945496, 397.341522217, -99.5923843384, -1.76378297806, -84.541809082, 73.8491210938, -25.1108112335, 49.4298667908, -38.6495628357, 93.3665237427], [1328.60644531, -316.347991943, -330.693481445, -181.709274292, -99.5923843384, 353.732696533, 128.809677124, 87.6301803589, -37.2532730103, 59.5043296814, 13.0965909958, 23.0595855713, -99.6936035156], [253.503982544, 275.496734619, -184.447265625, -220.514694214, -1.76378297806, 128.809677124, 333.440032959, 37.7248039246, -5.25903272629, -14.5242204666, 102.315910339, -7.2649936676, -22.1883220673], [1358.44116211, -332.15246582, -314.326599121, -19.1959781647, -84.541809082, 87.6301803589, 37.7248039246, 216.556686401, 0.199062347412, 26.0303211212, -36.2161827087, 38.1267700195, -48.5359115601], [39.3801116943, 151.106765747, 0.251086980104, 18.8033351898, 73.8491210938, -37.2532730103, -5.25903272629, 0.199062347412, 178.106338501, 30.0017375946, 7.96918725967, -4.00754785538, 27.6524562836], [460.070739746, -251.895355225, -44.1432304382, 36.6456832886, -25.1108112335, 59.5043296814, -14.5242204666, 26.0303211212, 30.0017375946, 151.253982544, 17.6954193115, 10.9441280365, -43.2107810974], [-416.014343262, 264.623809814, 72.6362991333, -67.5961532593, 49.4298667908, 13.0965909958, 102.315910339, -36.2161827087, 7.96918725967, 17.6954193115, 170.491149902, -4.17856454849, 5.76933860779], [354.380767822, -177.111236572, -25.1264610291, 20.6692409515, -38.6495628357, 23.0595855713, -7.2649936676, 38.1267700195, -4.00754785538, 10.9441280365, -4.17856454849, 103.931533813, -5.57668972015], [-748.933410645, 191.223846436, 199.060897827, 111.312416077, 93.3665237427, -99.6936035156, -22.1883220673, -48.5359115601, 27.6524562836, -43.2107810974, 5.76933860779, -5.57668972015, 152.914245605]]}, "spectral_energyband_middle_low": {"dmean2": 0.00457501737401, "median": 0.00663068983704, "min": 2.98744881225e-22, "dvar2": 4.75557862956e-05, "dvar": 1.76063003892e-05, "dmean": 0.00283006066456, "max": 0.086398512125, "var": 8.13960141386e-05, "mean": 0.00925155170262}, "melbands_crest": {"dmean2": 3.91513705254, "median": 22.6752586365, "min": 2.08091855049, "dvar2": 19.1525993347, "dvar": 6.98211240768, "dmean": 2.41712188721, "max": 39.1995391846, "var": 53.0247993469, "mean": 22.9019126892}, "spectral_kurtosis": {"dmean2": 7.73568964005, "median": 5.43083763123, "min": -1.36803174019, "dvar2": 558.211975098, "dvar": 188.944381714, "dmean": 4.74095535278, "max": 679.945007324, "var": 1026.19470215, "mean": 14.2971124649}, "spectral_rms": {"dmean2": 0.00106974726077, "median": 0.00637371931225, "min": 3.18448934757e-12, "dvar2": 2.7867654353e-06, "dvar": 1.08845540581e-06, "dmean": 0.000686547835357, "max": 0.0201644357294, "var": 1.58533657668e-05, "mean": 0.0070288553834}, "zerocrossingrate": {"dmean2": 0.00635531358421, "median": 0.01904296875, "min": 0.00146484375, "dvar2": 8.35463215481e-05, "dvar": 7.68469617469e-05, "dmean": 0.00518138427287, "max": 0.50537109375, "var": 0.000733417400625, "mean": 0.0257314573973}, "silence_rate_60dB": {"dmean2": 0.0103321028873, "median": 0, "min": 0, "dvar2": 0.0124394176528, "dvar": 0.00513891177252, "dmean": 0.00516557507217, "max": 1, "var": 0.0517028160393, "mean": 0.0546947047114}, "erbbands_kurtosis": {"dmean2": 3.19212722778, "median": 1.01843881607, "min": -1.93775367737, "dvar2": 49.1427192688, "dvar": 19.228729248, "dmean": 2.0172495842, "max": 169.065307617, "var": 117.666404724, "mean": 3.918217659}, "erbbands": {"dmean2": [0.853145182133, 3.39432954788, 4.03763723373, 4.1291103363, 8.37020778656, 9.33846664429, 6.6456246376, 3.39129781723, 4.60862636566, 9.36341381073, 17.7275180817, 19.0425071716, 12.4470396042, 12.878991127, 27.116809845, 18.1293849945, 19.104341507, 7.39575719833, 6.37696123123, 7.52295732498, 10.1142644882, 9.00209903717, 5.74519872665, 5.51611852646, 6.33054924011, 3.7950065136, 2.55147719383, 2.59970235825, 2.83080911636, 2.59427785873, 1.32786524296, 1.27078080177, 0.740033090115, 0.537561237812, 0.217228606343, 0.104063950479, 0.0396116636693, 0.0128995068371, 0.000509069126565, 2.7328993383e-05], "median": [0.939616084099, 2.55491447449, 2.32232046127, 2.93376302719, 5.96883678436, 6.15301561356, 3.43866729736, 2.04170322418, 2.33611679077, 2.33677530289, 2.92641639709, 2.53458142281, 2.47954940796, 2.2580537796, 1.55953907967, 0.991124510765, 1.09868311882, 0.927428126335, 1.22097682953, 1.71303462982, 2.29224920273, 2.39771413803, 1.38629031181, 0.681024253368, 0.843753755093, 0.751405954361, 0.589252591133, 0.594003200531, 0.695420265198, 0.579045057297, 0.281634688377, 0.242310225964, 0.140232473612, 0.0608081221581, 0.0370335094631, 0.0187049843371, 0.007573928684, 0.00148684647866, 7.84316362115e-05, 5.17620537721e-05], "min": [6.03619098088e-22, 3.11554891804e-21, 1.16782804831e-20, 2.81089607701e-20, 1.18463521129e-19, 1.02740523744e-19, 2.71646009765e-19, 9.46241577804e-19, 8.04418825143e-19, 8.15671273209e-19, 1.432350188e-18, 6.24371849582e-19, 2.1340058324e-18, 3.32144097252e-18, 3.2534965638e-18, 4.4156183228e-18, 8.7627584986e-18, 6.71191761177e-18, 1.33011188438e-17, 9.35260114107e-18, 1.00180034238e-17, 7.88813659637e-18, 1.26008649603e-17, 1.60249402285e-17, 1.72654133623e-17, 1.5531182886e-17, 1.39150026636e-17, 1.21037236219e-17, 1.33077875739e-17, 1.68685205239e-17, 2.05337809791e-17, 1.37298002331e-17, 1.2227595573e-17, 1.12286674499e-17, 9.28679147872e-18, 5.86703864283e-18, 3.07166427398e-18, 1.24577804987e-18, 3.4447414452e-19, 3.46915219131e-20], "dvar2": [4.02353858948, 70.7134628296, 146.8359375, 74.8955993652, 182.054092407, 237.302841187, 156.168731689, 61.0717124939, 96.4627532959, 694.351989746, 3099.88964844, 3385.19213867, 1383.39941406, 1800.27124023, 8463.640625, 4409.66357422, 4337.61083984, 748.261474609, 446.599487305, 603.495422363, 1697.4765625, 631.819702148, 243.612945557, 320.222106934, 450.64932251, 104.004219055, 45.2116279602, 68.4338607788, 47.3908309937, 47.4507331848, 9.55472755432, 15.1337394714, 5.42806386948, 3.00021839142, 0.377210140228, 0.0669638291001, 0.00823161192238, 0.00107671134174, 1.92841980606e-06, 2.4472781579e-09], "dvar": [1.43602824211, 26.2937088013, 51.3811683655, 27.2099666595, 61.463142395, 85.5567932129, 58.0468597412, 27.1067905426, 43.4862670898, 356.411437988, 1752.50195313, 1961.90319824, 685.000061035, 815.929870605, 3945.53540039, 2570.69262695, 2278.25366211, 382.01864624, 247.105041504, 263.336120605, 978.885925293, 302.300109863, 104.146980286, 165.742263794, 230.101623535, 48.7048072815, 22.9013004303, 29.9370250702, 23.2450580597, 23.7901191711, 4.91130876541, 7.61532688141, 2.75753736496, 1.2754817009, 0.177169859409, 0.0340644419193, 0.00410629529506, 0.0004855862353, 8.22387221433e-07, 9.73873981458e-10], "dmean": [0.530312240124, 2.07888317108, 2.35867786407, 2.48990035057, 4.94190406799, 5.50010347366, 3.9804983139, 2.18079972267, 2.89076542854, 6.48350715637, 12.4618062973, 13.8579206467, 8.60891628265, 8.78746032715, 19.2735729218, 13.1585865021, 13.4177570343, 5.15224075317, 4.39476442337, 4.86858606339, 7.02678871155, 5.99430704117, 3.78733611107, 3.79850697517, 4.38170099258, 2.54316234589, 1.73334538937, 1.69808411598, 1.90362143517, 1.77965724468, 0.913671553135, 0.883955597878, 0.503992974758, 0.349419862032, 0.144762352109, 0.0720799416304, 0.0273361727595, 0.0087109124288, 0.000332001654897, 1.76185894816e-05], "max": [16.6234397888, 91.0932617188, 151.524139404, 113.287498474, 123.47416687, 236.117843628, 146.020629883, 161.361312866, 257.586242676, 651.913513184, 1705.4921875, 2256.04418945, 843.627746582, 798.381896973, 1530.92346191, 1641.51855469, 1862.20776367, 875.058410645, 607.075439453, 624.938354492, 1530.97375488, 644.556152344, 384.440673828, 461.277435303, 555.022705078, 204.397415161, 150.328521729, 191.852355957, 116.045272827, 160.738021851, 43.3452415466, 80.5050201416, 45.0307159424, 22.9048252106, 13.5452108383, 2.98570346832, 1.21013426781, 0.392095088959, 0.0181977059692, 0.00047442340292], "var": [8.44124889374, 62.5490455627, 63.7124099731, 39.5296173096, 121.491989136, 150.226974487, 132.180023193, 86.6472854614, 125.733406067, 1497.17333984, 10509.5234375, 13643.1953125, 5533.74414063, 4123.99609375, 23381.9179688, 12608.6083984, 12997.5625, 1819.09375, 1060.34924316, 1020.38800049, 7988.19628906, 1526.72546387, 372.602874756, 552.58972168, 695.58026123, 180.631210327, 58.3973388672, 78.2283325195, 75.8609695435, 68.4280319214, 13.702454567, 19.4439353943, 7.65725183487, 2.41360902786, 0.390953481197, 0.0770364999771, 0.00815827678889, 0.000652819464449, 9.86561758509e-07, 6.71019462217e-09], "mean": [2.13859891891, 5.59917259216, 4.42909145355, 4.8955540657, 9.64873886108, 10.0984840393, 7.40064907074, 4.47024393082, 5.64174222946, 15.7169008255, 34.6595001221, 38.959487915, 26.1865768433, 25.5574741364, 54.6446800232, 34.7823066711, 37.2190513611, 13.5701913834, 10.630862236, 12.0666246414, 20.0080699921, 15.1402158737, 9.14536094666, 8.32057666779, 8.93326282501, 5.41766119003, 3.12594795227, 3.43930721283, 4.17742872238, 3.73739957809, 1.7810395956, 1.61846673489, 0.946486115456, 0.577311456203, 0.253475695848, 0.11964956671, 0.0409723892808, 0.0105671770871, 0.000398402597057, 8.22199435788e-05]}, "spectral_strongpeak": {"dmean2": 0.344673335552, "median": 0.313825726509, "min": 0, "dvar2": 1.24970042706, "dvar": 0.482192844152, "dmean": 0.194898247719, "max": 11.2145395279, "var": 0.836545825005, "mean": 0.554261684418}, "spectral_energy": {"dmean2": 0.0209725089371, "median": 0.0416399016976, "min": 1.03944961724e-20, "dvar2": 0.00180072220974, "dvar": 0.00067838729592, "dmean": 0.0131198549643, "max": 0.416769534349, "var": 0.00470497412607, "mean": 0.0668896362185}, "average_loudness": 0.47370454669, "spectral_rolloff": {"dmean2": 239.811676025, "median": 215.33203125, "min": 43.06640625, "dvar2": 554604.75, "dvar": 278305.03125, "dmean": 140.63180542, "max": 18776.953125, "var": 899298.875, "mean": 514.996337891}, "spectral_centroid": {"dmean2": 228.152770996, "median": 674.354858398, "min": 110.626358032, "dvar2": 123194.164063, "dvar": 69577.640625, "dmean": 156.482116699, "max": 10956.9296875, "var": 427427.96875, "mean": 834.180664063}, "pitch_salience": {"dmean2": 0.0905011668801, "median": 0.400141298771, "min": 0.0444405414164, "dvar2": 0.00819536671042, "dvar": 0.00310326809995, "dmean": 0.0554193593562, "max": 0.865645289421, "var": 0.0203653424978, "mean": 0.388111174107}, "spectral_energyband_middle_high": {"dmean2": 0.00165755278431, "median": 0.000643631792627, "min": 1.92934243518e-21, "dvar2": 1.39771545946e-05, "dvar": 6.5793410613e-06, "dmean": 0.00117808661889, "max": 0.0626901611686, "var": 9.00376326172e-05, "mean": 0.0052035106346}, "spectral_contrast_coeffs": {"dmean2": [0.0692720785737, 0.068589605391, 0.0537445172668, 0.0439256578684, 0.0349331460893, 0.0304132755846], "median": [-0.71589410305, -0.705658733845, -0.756306052208, -0.780487537384, -0.790393829346, -0.763773560524], "min": [-0.953245282173, -0.969382822514, -0.969834208488, -0.966978132725, -0.960117220879, -0.961648762226], "dvar2": [0.00321751064621, 0.00306228525005, 0.0019286298193, 0.00128609116655, 0.000869903946295, 0.000612463918515], "dvar": [0.00114655925427, 0.00118208676577, 0.000815059116576, 0.000553596357349, 0.000403372076107, 0.000268187868642], "dmean": [0.0414598174393, 0.0420132279396, 0.0337631478906, 0.0275877304375, 0.0225910600275, 0.0194145552814], "max": [-0.407051116228, -0.390248835087, -0.424942374229, -0.449104726315, -0.530403673649, -0.580275833607], "var": [0.00467987684533, 0.00737061165273, 0.00914270617068, 0.00512137170881, 0.00458439346403, 0.00253096967936], "mean": [-0.712721884251, -0.699506521225, -0.743012905121, -0.771894216537, -0.781069338322, -0.767611026764]}, "melbands_skewness": {"dmean2": 1.57923853397, "median": 3.93733882904, "min": -0.782974779606, "dvar2": 3.98228168488, "dvar": 1.73967802525, "dmean": 1.01701748371, "max": 29.6763591766, "var": 13.3589439392, "mean": 4.81531190872}, "spectral_spread": {"dmean2": 844994, "median": 4370829.5, "min": 145062.484375, "dvar2": 1061802999810.0, "dvar": 649537519616, "dmean": 597927.4375, "max": 40107020, "var": 4347751301120.0, "mean": 4493926}, "dissonance": {"dmean2": 0.0458094477654, "median": 0.448293566704, "min": 0.138222008944, "dvar2": 0.00241409288719, "dvar": 0.000856680504512, "dmean": 0.0272564645857, "max": 0.500000119209, "var": 0.00265019293875, "mean": 0.434840887785}, "spectral_skewness": {"dmean2": 0.572801053524, "median": 1.8977971077, "min": -0.156055405736, "dvar2": 0.665308535099, "dvar": 0.285648435354, "dmean": 0.372705340385, "max": 23.1764965057, "var": 3.72838234901, "mean": 2.46865940094}, "spectral_flux": {"dmean2": 0.0329352244735, "median": 0.050876006484, "min": 1.01953404053e-10, "dvar2": 0.00252036913298, "dvar": 0.00101755920332, "dmean": 0.0202954076231, "max": 0.514122486115, "var": 0.00351664237678, "mean": 0.0690580531955}, "spectral_contrast_valleys": {"dmean2": [0.462280541658, 0.54768627882, 0.472729712725, 0.404375016689, 0.367024302483, 0.463812410831], "median": [-6.31414413452, -7.76793766022, -8.47874832153, -9.03061962128, -8.8081741333, -11.0165147781], "min": [-27.4968967438, -27.2628936768, -26.7477207184, -27.0847892761, -27.3498821259, -27.1589279175], "dvar2": [0.159626320004, 0.206892713904, 0.164309352636, 0.135579451919, 0.148895487189, 0.250617772341], "dvar": [0.0662227869034, 0.0860309302807, 0.0717092975974, 0.0634590163827, 0.0853655710816, 0.149219557643], "dmean": [0.27564394474, 0.327466279268, 0.28819295764, 0.252881765366, 0.248956695199, 0.341981500387], "max": [-4.75919055939, -4.83019447327, -5.43537473679, -6.28098487854, -5.88872003555, -7.90210914612], "var": [1.48963701725, 2.07121133804, 2.79534626007, 2.98599767685, 3.05044579506, 3.29583740234], "mean": [-6.54089784622, -7.81204319, -8.61598205566, -9.1081609726, -9.00006008148, -11.3070383072]}, "erbbands_flatness_db": {"dmean2": 0.0249320752919, "median": 0.161576747894, "min": 0.0359647497535, "dvar2": 0.00063169474015, "dvar": 0.000329662463628, "dmean": 0.0174510311335, "max": 0.506848216057, "var": 0.00529962219298, "mean": 0.174882382154}, "spectral_energyband_high": {"dmean2": 0.000260115019046, "median": 0.000103991078504, "min": 7.20287390102e-21, "dvar2": 3.93087674411e-07, "dvar": 2.28328019602e-07, "dmean": 0.000186642573681, "max": 0.0112529145554, "var": 8.18660794266e-07, "mean": 0.000456280860817}, "spectral_entropy": {"dmean2": 0.274270802736, "median": 6.97630405426, "min": 3.85032129288, "dvar2": 0.0879269838333, "dvar": 0.047625798732, "dmean": 0.191145732999, "max": 9.80914592743, "var": 0.823679864407, "mean": 6.85814619064}, "silence_rate_20dB": {"dmean2": 0.0029520294629, "median": 1, "min": 0, "dvar2": 0.00423449184746, "dvar": 0.00147367827594, "dmean": 0.00147587864194, "max": 1, "var": 0.000829394266475, "mean": 0.999169886112}, "melbands_flatness_db": {"dmean2": 0.035976819694, "median": 0.337862700224, "min": 0.00515146553516, "dvar2": 0.00142417196184, "dvar": 0.000723246776033, "dmean": 0.025565829128, "max": 1, "var": 0.0185935348272, "mean": 0.369371861219}, "barkbands": {"dmean2": [0.00171381921973, 0.0189888738096, 0.00325058191083, 0.00168316951022, 0.00268173334189, 0.000491776096169, 0.000362209073501, 0.000816837709863, 0.000815446081106, 0.000431466847658, 0.000577388505917, 0.000587581191212, 0.000428160623414, 0.000170031460584, 0.000133781315526, 0.000172262938577, 0.000158091410412, 0.000103927319287, 0.000138244780828, 7.82490242273e-05, 5.98310871283e-05, 7.92786231614e-05, 5.76305501454e-05, 5.01508584421e-05, 3.75311610696e-05, 2.27359359997e-05, 5.24458255313e-06], "median": [0.00303406501189, 0.0205689296126, 0.0013281480642, 0.0010280192364, 0.00219689449295, 0.000272717530606, 0.000148133607581, 8.63603272592e-05, 9.79496981017e-05, 5.98350088694e-05, 2.55953309534e-05, 2.71373610303e-05, 1.98978086701e-05, 1.91473664017e-05, 2.57843566942e-05, 3.39975158568e-05, 3.68578257621e-05, 1.79760500032e-05, 1.31978576974e-05, 1.33033827296e-05, 1.48039653141e-05, 1.9739720301e-05, 1.12548395919e-05, 1.06323414002e-05, 5.21484162164e-06, 4.2039418986e-06, 3.6292667005e-07], "min": [1.6588626232e-23, 1.40725733075e-23, 1.41433988173e-23, 1.19805899175e-23, 4.28149081381e-23, 8.91209738548e-23, 3.80550855191e-23, 7.84035474618e-23, 2.78986086494e-23, 8.75176613966e-23, 9.76561585485e-23, 9.46604624164e-23, 1.84375347559e-22, 1.24096365333e-22, 3.05044307896e-22, 1.48165559158e-22, 1.23205457381e-22, 2.98493935105e-22, 3.25992237866e-22, 3.26827016786e-22, 2.89058855756e-22, 4.2307776599e-22, 6.72992964975e-22, 6.89282526149e-22, 1.16511216556e-21, 1.55888224693e-21, 2.41702437521e-21], "dvar2": [1.68009228219e-05, 0.00193671125453, 9.90876069409e-05, 8.58819657878e-06, 1.7724429199e-05, 1.01265663943e-06, 7.05330137407e-07, 6.41023825665e-06, 5.81733684157e-06, 2.15176987695e-06, 6.25907205176e-06, 4.36090840594e-06, 2.23232223107e-06, 3.93179874436e-07, 1.71718696151e-07, 3.91584165982e-07, 1.61380270924e-07, 9.0195356961e-08, 1.86028444205e-07, 4.326437519