{"tonal": {"thpcp": [1, 0.610491156578, 0.307601690292, 0.308635264635, 0.309876233339, 0.385614871979, 0.401142537594, 0.349685698748, 0.354135543108, 0.425521373749, 0.432719320059, 0.485265463591, 0.551138937473, 0.354473531246, 0.298013180494, 0.437740772963, 0.341864943504, 0.199331879616, 0.177639871836, 0.16801764071, 0.234379053116, 0.256837874651, 0.175162985921, 0.142793223262, 0.156849294901, 0.200099259615, 0.241407439113, 0.221875429153, 0.187904149294, 0.195764198899, 0.209611788392, 0.216949045658, 0.251983702183, 0.255829870701, 0.209789156914, 0.626288890839], "hpcp": {"dmean2": [0.354991108179, 0.391719400883, 0.271932899952, 0.252422600985, 0.186229422688, 0.147647887468, 0.197556108236, 0.196425557137, 0.153878286481, 0.137276753783, 0.130397692323, 0.176387667656, 0.187223434448, 0.120928645134, 0.101437114179, 0.124928243458, 0.181297123432, 0.201208099723, 0.165833204985, 0.133788317442, 0.134264081717, 0.147641852498, 0.148569434881, 0.185421139002, 0.200384020805, 0.163938313723, 0.259351074696, 0.299095451832, 0.281679928303, 0.277143627405, 0.297142714262, 0.287737011909, 0.291905134916, 0.277235329151, 0.327626377344, 0.341029822826], "median": [0.00317286327481, 0.00386993028224, 0.00686014723033, 0.00506934244186, 0.00471481308341, 0.00457857828587, 0.00386606669053, 0.00440575834364, 0.00422828085721, 0.00420465040952, 0.00410236697644, 0.00530098751187, 0.00508956052363, 0.00405714474618, 0.00254015857354, 0.00281769502908, 0.0028931517154, 0.00370677374303, 0.00332164391875, 0.00263915536925, 0.00257791532204, 0.00277441972867, 0.00385084399022, 0.00515397917479, 0.00382603076287, 0.00573403853923, 0.0190058462322, 0.0257822349668, 0.0311302281916, 0.00402890099213, 0.002850192599, 0.00422275438905, 0.00790257006884, 0.00898442603648, 0.00516444444656, 0.00315897120163], "min": [0, 0, 0, 0, 0, 0, 0, 0, 0, 0, 0, 0, 0, 0, 0, 0, 0, 0, 0, 0, 0, 0, 0, 0, 0, 0, 0, 0, 0, 0, 0, 0, 0, 0, 0, 0], "dvar2": [0.242010354996, 0.314333260059, 0.131574690342, 0.148793950677, 0.0905316248536, 0.0719720870256, 0.140825122595, 0.109332449734, 0.0878434330225, 0.0778989344835, 0.0690434351563, 0.121278055012, 0.137819170952, 0.0652968212962, 0.0571404471993, 0.0724869668484, 0.148544415832, 0.151611834764, 0.106164596975, 0.084635913372, 0.0839057266712, 0.0956487581134, 0.0831880345941, 0.111243836582, 0.151144728065, 0.102725304663, 0.109052412212, 0.161613449454, 0.130254879594, 0.200415223837, 0.236565664411, 0.196898683906, 0.209926143289, 0.172228261828, 0.221581816673, 0.259122520685], "dvar": [0.0867976844311, 0.117895334959, 0.0516454167664, 0.0769260153174, 0.035861197859, 0.0272498335689, 0.05447229743, 0.0411866232753, 0.0314745754004, 0.0281917769462, 0.0246648471802, 0.043198466301, 0.0496995076537, 0.0232441294938, 0.0204149242491, 0.0251821260899, 0.0513560473919, 0.0531530603766, 0.0384433344007, 0.0301882568747, 0.0302136689425, 0.0344102084637, 0.0316933616996, 0.0414370782673, 0.0546718798578, 0.0362352505326, 0.0479288585484, 0.0885045304894, 0.0523056797683, 0.0728639662266, 0.0849806666374, 0.0705645084381, 0.0735270157456, 0.0673718377948, 0.0814893394709, 0.0941026061773], "dmean": [0.191371157765, 0.207924127579, 0.155621990561, 0.142427816987, 0.112600378692, 0.0837408900261, 0.109567753971, 0.107807055116, 0.0822624191642, 0.0740841329098, 0.0702035948634, 0.0964044854045, 0.102549917996, 0.0667375326157, 0.0554696768522, 0.0666875392199, 0.0942160561681, 0.106585197151, 0.0892760828137, 0.0729497224092, 0.0729066208005, 0.0799211710691, 0.0816206559539, 0.100983828306, 0.10719589889, 0.0882321894169, 0.143652006984, 0.167226448655, 0.161145612597, 0.145341962576, 0.15368154645, 0.149384647608, 0.15970954299, 0.151084005833, 0.170011729002, 0.177341267467], "max": [1, 1, 1, 1, 1, 1, 1, 1, 1, 1, 1, 1, 1, 1, 1, 1, 1, 1, 1, 1, 1, 1, 1, 1, 1, 1, 1, 1, 1, 1, 1, 1, 1, 1, 1, 1], "var": [0.0664583742619, 0.0794921144843, 0.0582829266787, 0.105500563979, 0.0399248786271, 0.0340979099274, 0.0817855745554, 0.0438186973333, 0.0220386534929, 0.0203074607998, 0.0176274292171, 0.0317199230194, 0.0379490554333, 0.0172025877982, 0.0148625122383, 0.0167386364192, 0.030642317608, 0.0348544642329, 0.0297370180488, 0.0232993829995, 0.0247282218188, 0.0262312740088, 0.0257111880928, 0.0323693156242, 0.0396255068481, 0.0261168181896, 0.0711952373385, 0.171833977103, 0.0617536120117, 0.0461762994528, 0.0515432432294, 0.0448543913662, 0.0563664026558, 0.0590184256434, 0.0523454993963, 0.0596822872758], "mean": [0.125779435039, 0.127907067537, 0.143439128995, 0.162910610437, 0.104778476059, 0.0880894213915, 0.129391357303, 0.101051516831, 0.0589203089476, 0.0525083914399, 0.0496641658247, 0.069279871881, 0.0759184509516, 0.051776252687, 0.0422081053257, 0.0463629253209, 0.0591471418738, 0.0713573843241, 0.0655839368701, 0.0555423982441, 0.057865742594, 0.0619589388371, 0.0641277506948, 0.0744836106896, 0.0756204947829, 0.0620113685727, 0.185124114156, 0.295588999987, 0.180454462767, 0.0909236744046, 0.091229185462, 0.0915960073471, 0.113983511925, 0.118573322892, 0.103363245726, 0.104678571224]}, "tuning_equal_tempered_deviation": 0.112749963999, "chords_changes_rate": 0.0818368420005, "key_key": "B", "tuning_diatonic_strength": 0.564602255821, "key_scale": "major", "chords_number_rate": 0.00205233460292, "tuning_frequency": 442.804626465, "tuning_nontempered_energy_ratio": 0.74892950058, "chords_histogram": [9.18419742584, 5.4643406868, 49.3843002319, 2.38583898544, 0.89789634943, 0.487429440022, 0, 0.179579272866, 0.333504348993, 0, 0, 0, 0.0513083636761, 0.359158545732, 0.513083636761, 6.00307846069, 0, 2.18060541153, 0.333504348993, 14.238070488, 0, 0.5387378335, 7.31144189835, 0.153925091028], "key_strength": 0.568962335587, "chords_key": "F#", "chords_strength": {"dmean2": 0.0130235450342, "median": 0.460030376911, "min": 0.234530732036, "dvar2": 0.000141736294609, "dvar": 8.12842481537e-05, "dmean": 0.00993355270475, "max": 0.679705142975, "var": 0.0101871816441, "mean": 0.473015189171}, "chords_scale": "major", "hpcp_entropy": {"dmean2": 1.2430870533, "median": 1.81527721882, "min": 0, "dvar2": 1.03125095367, "dvar": 0.380020320415, "dmean": 0.730828404427, "max": 4.39440155029, "var": 0.704603552818, "mean": 1.87218081951}}, "metadata": {"audio_properties": {"equal_loudness": 0, "codec": "flac", "downmix": "mix", "sample_rate": 44100, "analysis_sample_rate": 44100, "bit_rate": 0, "md5_encoded": "fa3ae011aa86065badd6fadc4dad40c1", "length": 180.933334351, "replay_gain": -12.4970531464, "lossless": true}, "version": {"essentia_build_sha": "70f2e5ece6736b2c40cc944ad0e695b16b925413", "essentia": "2.1-beta2", "extractor": "music 1.0", "essentia_git_sha": "v2.1_beta2"}, "tags": {"title": ["Heater"], "language": ["English"], "media": ["CD"], "albumartist": ["Various Artists"], "tracktotal": ["22"], "musicbrainz_releasegroupid": ["12e223c2-c894-453c-9495-973a330e3379"], "musicbrainz_recordingid": ["0f2231b2-7340-479f-821d-5d0e5752e118"], "album": ["Blanco Y Negro 83:13"], "musicbrainz_albumartistid": ["89ad4ac3-39f7-470e-963a-56509c546377"], "discnumber": ["14"], "bpm": ["0"], "catalognumber": ["MXCD 2637"], "releasecountry": ["ES"], "file_name": "14.21. Samim - Heater.flac", "compilation": ["1"], "acoustid_fingerprint": ["AQADtEmlLGqi4EPjpqg3FjuOpu_QB3uOU0HTNEd_7HgE93iCtVfQsUZTMcdzrMcdwZqDC7uCxk1Rb8eOB08H19h1fGjcFPXGYsfR9B36YM9xKmiaBv2LHRfcF0-w9go61mgq5niOHXcE18GFXUHjpqiVHfvx4OngGruOD42bot6OXTiavkMf7DmuoGl89MeOC-6LJ9ivoK_RVMzxHDvuCK6DC7uCvunQVBl-7PjTCK6xSzr-Do3YFLUyHfss4UdTp-iJJzf2D02rEIp-HEfTF70u7Hg9NIwYKOpS4X9ww3WO69iHjjWaKsuxHw9uD35w6diHxk2HWlGwXzj6Do0mrEyOK2jcHPVG7PjR9B36RNgv9HUgVgz6vFCO3xGsObiOfehrNFWWYz8e3IPr4Dr2oXFT1MqO_cLRd2g0YWVy4UHj5qg3YsfR9B36BPsV9DXEioH2vNjxO4Lr4MKuoK-HpsqCtccf_PHgOriOfdDiptC8Hbvwo3mHWtiTCw8aN0e9ETuOpu_QMcF-BZeOhjn6Y6_wCG6MK8IuK-juQUuVBU-OB78hPsGXQ84V9L3QLIc8ZdFwPijlCI2143mKP0U37WiUSMclUsMf2A6u4U-FO-mhpTpaJTv-RDh8Qtbx3OiN5sOZFXl45Dscjvhx6UbVtGiqBLuGC01fo8-w58KhxU2Hejsu7Gj0YrI-6Im6oq-N5sOzYQ9-WBcuYX-KVqU2aKmy4IfSB08H19h143IV9D0aRlmOX9jRp0PThMQe3TgaSU1Rb8d-DUdTp-iaHcqzKmh1oqnzQR_2KvjhPthV4U_RNx0aTdmx9vgY4U5hM1CqBV-VomfSQQuzHTsedC-a6sPKRBX-oKEa1Bt2_AqaOpieDPqFVnzgNgn6HfqFnYH7Y6WOPOhrhNGU5cOxXsHtwWIDfdGxX0HfdNBSZdh3POiLpj12XXjQUA3qDfs1_GjqdOgzrMwVaOfRME4OXcEu_AzcGB_WW0GfDk1F6Mnx42lgVngOXamCLj-aPTiPH70rNB3-GI-DpkmUBrWOXTjcdzgTrD3aU0HDJMzxHDseuD8u7Ar6Gk2V5fiPHXcE1zmuYx8aNzXqjcXw4Onginhy7EPjpqg3FjuObu_QHE-OlQ-aY_KO40ejvQu0J_h07A5c57iwH_rhp9gX4dKhX_CL8zi-MIbHRNCHC85u5MNxNNcqdDt-IYdH-niWxdHwHH4HPTo-XHegxRRqZcSxB0_h-th14S9aNTWaKsN-_BNqe2ieY9eF8xEaxsnRR8F-DWfQ9OikGHsu43XQtMmHHrtwMYKWOugT7LsMmXXgKkqO79hxB65z7Lpw9EbDJFmOH_uHG9acY6VUQT8axiK0Zzl-7B-aViE65thz4T8aNx2mbXiFC01f9ImwX2jVo6mYDtGX4zyew24wckd-aGn6I9yUBd9w4j9cB3mSE_eIcyLEHleWPciJk4dPvDweI1cPLWOWoz--N0TYSUEYNXugnUG-GlMqJnguXDreBrmh-SIy8nAWJTr6pEdv-DvCNIkjBV8N_UePvwGfEM0lnMGPORfiH7-J7Rme4w8e_cjjJNrRjEe3EnoyowlpeL4MTc5-PApD-HgiPCb6pEHTDXhwtRCN58J-oWlcKCqPE0fTqkPHHGtz4Q4aN-i2F7vxCNZ-PMF-BX2NpmKO58eOOxpcBxd2BX1TNFV27D8e_OkGa8au40Pjpqi3D7twNH039MGe4woa-6j3Yz3-wP2HJ9gv9IyDpmLwqMWOO4LrYBd-BX2NRlOW4z32QH46uIZyHe_QuCnq7cNe4ajfDY2DPccVNDbqvcN6_IJb1XiCtUdfKmgq5niO8ccdwXXwCruCKlKNpmKIfTme4B7cJth1HE3adKinYBeO-h0aB3uOK2hs1Hux44L74gn2oy8VNBVzPMeOO4Lr4MJ6BR1rNFWWYz8ePB1cY5eOD42bDvWGXfhRv0MjBnsuHI2bDvWGXbjQaC_6BPuuoK_RMMpy7MdxR3AdXNgV9DWaKsuxH3_wdLBmXMc-NG461Bt24eg7NBX25PjQuCnqjcWOC01f9An2oy8VNBVzPMeOC-6L61g_dKzRVFmO_fiDe7Dm4Dr2oXFT1NuxC0ffoamwJxeOxk2HeiN2HE3foU-wH60YDg0jpthzfLjgHhd2aO-FpooS7MfxC64DmcI-aHFT1NuxC0efQ0tFPME-NG461Bt24Wj6Dn1y7EerHiIjppieF8cF97igfOhrNFWWY79w_Ic1p7iOfWjcFJq3YxeOPkdTEU-wD42bDvWGXTi09B36BL-C6YabMJieF8cF98WTY__Q12gq5thzPLgH18F17EPjpqiVHfuFH3c6iGZw7tgVQUse1NEkIj9-NPqKkseTRke-E81zoUzUCGfG4jk8Hc_xHX_QTMnRKRvOT7hgJxLy6MhRHmKkJEcbEf-EpxAnZcGPz4G2VWiyJDlu4kfj5mijDCf0oD6aJUl2nMdhG69wXA-aJqjGHcfzwFWHPPhRLdxhKUnUIjzx4z5EN0a-fLgErkUAhlBBgAZBCcEApMoSCyohXIsADKEEaBGUEAxoqiwxAlRCOLEiAEO4IECLoIwAggFNlQVMaEEAEMIAIYUihBAARgCAKyEAFYpYYQRISAFrhGiECy0FAEYAAbQgilggjABVEUuMEA2AoUUARgABtCDKAiGgEIpYYqVQBIChRTBCIEAUA8kQJMABCAmlACKGGEUEUwQpIqARkiAEhhKCAUKMUIACZ0UABojFuTEGKKOREgYwJiAlRACCmODKALEAEosAoZhhgAgIlJCIAWXBYRJogwASgCiBJEDAA8EYEswIAARohgAQkJBCAGCUNQQBZQBSlBEkiDAEMQABZVYEYYBgQIMglAWCCaEpUsSCqojVIgBFkFJgSACEcUIJBQECSBilDHEFMWEAARgANogyAEEQBNOUECCFMQYhRIACRhiBgQFKEEsBEMIITQUBYiFmAKLIKIGYAUgaIAiQIgAjAABASQCgAgBAIgACQAAABGICSEEQEIwAgIQTBCljlEPCMIGAAAwBARChCBhBkDPIIQIEIEYAYJBSCCQGgANYTECBBgEpI4BgQGiqLCBGCDAIIZxYEYAhXAABBQRCGQGYpkQwIITQhBBJmAiGcACFVAYIBgigwALlKSHiimAIB1oEZQwQDGiqmDACVAK4lQIYIK4IAAggjABVWSCMEJAqYq1ohHAtAjAGCAa0CIowYYSAVBFLrGgEiC0CMMYAMIKyABghKLDEiiWUtSIAYgQQAIygLBBGiEGIIpZYsYSyVgTAhBIAjKCIEUAYAKoilhghBQLEGqOMA4oJgAwgSAFmjCCCEUGIkEQRhZgACiAmCGSEMESgAIAhpSgAAhIECSEA"], "date": ["2013-11"], "genre": ["Dance"], "disctotal": ["15"], "musicbrainz_artistid": ["d14b3769-5d33-4085-8f76-88663e7e897f"], "originaldate": ["2013-11"], "musicbrainz_albumid": ["1f1021f9-8ad5-44e2-b551-e250fa35569e"], "tracknumber": ["21"], "encodedby": ["FLAC 1.2.1"], "artistsort": ["Samim"], "artist": ["Samim"], "label": ["Blanco y Negro"], "albumartistsort": ["Various Artists"], "totaldiscs": ["15"], "acoustid_id": ["a5706dcc-852d-47ae-801d-c27dfa857185"], "totaltracks": ["22"]}}, "rhythm": {"bpm_histogram_first_peak_bpm": {"dmean2": 0, "median": 126, "min": 126, "dvar2": 0, "dvar": 0, "dmean": 0, "max": 126, "var": 0, "mean": 126}, "bpm": 125.037345886, "bpm_histogram_second_peak_spread": {"dmean2": 0, "median": 0, "min": 0, "dvar2": 0, "dvar": 0, "dmean": 0, "max": 0, "var": 0, "mean": 0}, "bpm_histogram_first_peak_weight": {"dmean2": 0, "median": 0.477333337069, "min": 0.477333337069, "dvar2": 0, "dvar": 0, "dmean": 0, "max": 0.477333337069, "var": 0, "mean": 0.477333337069}, "onset_rate": 5.18366336823, "beats_position": [0.487619042397, 0.975238084793, 1.46285712719, 1.93886613846, 2.41487526894, 2.90249419212, 3.39011335373, 3.85451245308, 4.34213161469, 4.81814050674, 5.2941493988, 5.78176879883, 6.26938772202, 6.73378658295, 7.22140598297, 7.69741487503, 8.17342376709, 8.66104316711, 9.14866161346, 9.61306095123, 10.1006803513, 10.5882987976, 11.0643081665, 11.5403175354, 12.0279359818, 12.4923353195, 12.9799547195, 13.4675731659, 13.9435825348, 14.4195919037, 14.90721035, 15.3832197189, 15.8592290878, 16.3468475342, 16.8228569031, 17.298866272, 17.786485672, 18.2624931335, 18.7385025024, 19.2261219025, 19.7021312714, 20.1781406403, 20.6657600403, 21.1417675018, 21.6177768707, 22.1053962708, 22.5814056396, 23.0574150085, 23.5450344086, 24.0210418701, 24.497051239, 24.984670639, 25.4722900391, 25.9366893768, 26.4243087769, 26.9003162384, 27.3763256073, 27.8639450073, 28.3399543762, 28.8159637451, 29.3035831451, 29.7679805756, 30.2555999756, 30.7316093445, 31.2192287445, 31.6952381134, 32.1828575134, 32.6588668823, 33.1348762512, 33.6224937439, 34.1101112366, 34.5745124817, 35.0621299744, 35.5381393433, 36.0141487122, 36.5017662048, 36.9893875122, 37.4537849426, 37.94140625, 38.4174156189, 38.8934249878, 39.3810424805, 39.8686599731, 40.3330612183, 40.8206787109, 41.3083000183, 41.7843093872, 42.2603149414, 42.7479362488, 43.2239456177, 43.6999549866, 44.1875724792, 44.6635818481, 45.139591217, 45.6272087097, 46.1032180786, 46.5792274475, 47.0552368164, 47.5312461853, 48.018863678, 48.5064849854, 48.9824943542, 49.4585037231, 49.9461212158, 50.4221305847, 50.8981399536, 51.3857574463, 51.8617668152, 52.3377761841, 52.8253974915, 53.3014030457, 53.7774124146, 54.2650337219, 54.7410430908, 55.2170524597, 55.7046699524, 56.1806793213, 56.6566886902, 57.1326980591, 57.608707428, 58.0963249207, 58.583946228, 59.0715637207, 59.5359611511, 60.0235824585, 60.4995918274, 60.9756011963, 61.463218689, 61.9508361816, 62.4152374268, 62.9028549194, 63.3788642883, 63.8548736572, 64.3424911499, 64.8301086426, 65.2945098877, 65.7821273804, 66.258140564, 66.7341461182, 67.2217712402, 67.7093887329, 68.1853942871, 68.6614074707, 69.1374130249, 69.6250305176, 70.1010437012, 70.5770492554, 71.053062439, 71.5406799316, 72.0166854858, 72.4926986694, 72.9803161621, 73.4679336548, 73.9323348999, 74.4199523926, 74.9075698853, 75.3835830688, 75.859588623, 76.3472061157, 76.8232192993, 77.2992248535, 77.7868499756, 78.2628555298, 78.738861084, 79.2264862061, 79.7024917603, 80.1785049438, 80.6661224365, 81.1421279907, 81.6181411743, 82.105758667, 82.5817642212, 83.0577774048, 83.5453948975, 84.0330123901, 84.4974136353, 84.9850311279, 85.4610443115, 85.9370498657, 86.4246673584, 86.9122848511, 87.3766860962, 87.8643035889, 88.3403167725, 88.8163223267, 89.3039474487, 89.7915649414, 90.2559585571, 90.7435836792, 91.2195892334, 91.695602417, 92.1832199097, 92.6708374023, 93.1352386475, 93.6228561401, 94.0988616943, 94.5748748779, 95.0624923706, 95.5501098633, 96.0145111084, 96.5021286011, 96.9781417847, 97.4541473389, 97.9417648315, 98.4293823242, 98.8937835693, 99.381401062, 99.8690261841, 100.345031738, 100.821044922, 101.308662415, 101.77305603, 102.260681152, 102.748298645, 103.224304199, 103.700317383, 104.187934875, 104.652336121, 105.139953613, 105.627571106, 106.10358429, 106.579589844, 107.067207336, 107.531608582, 108.019226074, 108.506843567, 108.98285675, 109.458862305, 109.946479797, 110.422492981, 110.898498535, 111.374511719, 111.850517273, 112.338134766, 112.814147949, 113.290153503, 113.777778625, 114.25378418, 114.729797363, 115.217414856, 115.69342041, 116.169433594, 116.657051086, 117.133056641, 117.609069824, 118.096687317, 118.572692871, 119.048706055, 119.536323547, 120.012336731, 120.488342285, 120.975959778, 121.451972961, 121.927978516, 122.415596008, 122.891609192, 123.367614746, 123.84362793, 124.319633484, 124.807250977, 125.294876099, 125.770881653, 126.246894836, 126.734512329, 127.222129822, 127.698135376, 128.17414856, 128.661773682, 129.149383545, 129.625396729, 130.101409912, 130.577407837, 131.053421021, 131.541046143, 132.028656006, 132.493057251, 132.980682373, 133.456680298, 133.932693481, 134.420318604, 134.907928467, 135.372329712, 135.859954834, 136.347564697, 136.823577881, 137.299591064, 137.787200928, 138.263214111, 138.739227295, 139.226852417, 139.702850342, 140.178863525, 140.666488647, 141.142486572, 141.618499756, 142.094512939, 142.570526123, 143.058135986, 143.545761108, 144.021759033, 144.497772217, 144.985397339, 145.473007202, 145.937408447, 146.425033569, 146.901046753, 147.377044678, 147.8646698, 148.340682983, 148.816680908, 149.30430603, 149.780319214, 150.256317139, 150.743942261, 151.231567383, 151.707565308, 152.183578491, 152.659591675, 153.135604858, 153.623214722, 154.110839844, 154.575241089, 155.062850952, 155.538864136, 156.014877319, 156.502487183, 156.990112305, 157.45451355, 157.942123413, 158.418136597, 158.89414978, 159.381759644, 159.869384766, 160.333786011, 160.821395874, 161.297409058, 161.773422241, 162.261047363, 162.748657227, 163.213058472, 163.700683594, 164.188293457, 164.664306641, 165.140319824, 165.627929688, 166.092330933, 166.579956055, 167.067565918, 167.543579102, 168.019592285, 168.507202148, 168.971603394, 169.459228516, 169.946838379, 170.422851562, 170.898864746, 171.386474609, 171.862487793, 172.338500977, 172.826126099, 173.302124023, 173.778137207, 174.265762329, 174.741760254, 175.217773438, 175.70539856, 176.193008423, 176.657409668, 177.14503479, 177.621032715, 178.097045898, 178.584671021, 179.072280884, 179.536682129, 180.001083374, 180.477096558], "beats_loudness": {"dmean2": 0.130261063576, "median": 0.209615886211, "min": 9.19402864952e-08, "dvar2": 0.00880003254861, "dvar": 0.0027955872938, "dmean": 0.0705685093999, "max": 0.356595486403, "var": 0.0101621458307, "mean": 0.201096832752}, "danceability": 1.3772200346, "bpm_histogram_second_peak_weight": {"dmean2": 0, "median": 0, "min": 0, "dvar2": 0, "dvar": 0, "dmean": 0, "max": 0, "var": 0, "mean": 0}, "beats_count": 376, "bpm_histogram_second_peak_bpm": {"dmean2": 0, "median": 0, "min": 0, "dvar2": 0, "dvar": 0, "dmean": 0, "max": 0, "var": 0, "mean": 0}, "bpm_histogram_first_peak_spread": {"dmean2": 0, "median": 0.522666692734, "min": 0.522666692734, "dvar2": 0, "dvar": 0, "dmean": 0, "max": 0.522666692734, "var": 0, "mean": 0.522666692734}, "beats_loudness_band_ratio": {"dmean2": [0.148393824697, 0.0271200630814, 0.0753602311015, 0.0499411188066, 0.0653950944543, 0.0313683077693], "median": [0.961250185966, 0.00879739131778, 0.00556204188615, 0.00413919240236, 0.00715546729043, 0.00479456456378], "min": [1.11271601781e-05, 2.27348391491e-06, 5.64816627957e-06, 2.00590747568e-07, 9.7500624463e-08, 4.19672204544e-07], "dvar2": [0.0546287447214, 0.00104152387939, 0.0269969832152, 0.0136845214292, 0.0196460504085, 0.00244094268419], "dvar": [0.0241519287229, 0.000411782617448, 0.0109957857057, 0.00461274618283, 0.00804462004453, 0.000782178482041], "dmean": [0.0802030563354, 0.0146947801113, 0.0409164316952, 0.0271446146071, 0.0379715710878, 0.0167449284345], "max": [0.999956786633, 0.230557113886, 0.979980885983, 0.614327132702, 0.926533341408, 0.296934485435], "var": [0.0999486073852, 0.000684308470227, 0.024846047163, 0.00693628145382, 0.0249880645424, 0.00135522114579], "mean": [0.830031275749, 0.0152380615473, 0.0557680949569, 0.0299991592765, 0.0574786104262, 0.016911322251]}}, "lowlevel": {"barkbands_spread": {"dmean2": 12.4200611115, "median": 7.09401512146, "min": 0.0332569777966, "dvar2": 318.058105469, "dvar": 136.049118042, "dmean": 7.97669029236, "max": 109.802955627, "var": 235.510009766, "mean": 12.7504720688}, "melbands_spread": {"dmean2": 17.561958313, "median": 4.60211181641, "min": 0.0819688290358, "dvar2": 1011.83081055, "dvar": 419.904296875, "dmean": 10.8371648788, "max": 233.930206299, "var": 591.346557617, "mean": 16.0654220581}, "hfc": {"dmean2": 18.168056488, "median": 18.8406105042, "min": 1.49922706628e-12, "dvar2": 813.89654541, "dvar": 325.45715332, "dmean": 11.7828626633, "max": 271.649108887, "var": 390.8699646, "mean": 21.8574008942}, "barkbands_kurtosis": {"dmean2": 115.51525116, "median": 18.2641448975, "min": -1.92326128483, "dvar2": 94084.0625, "dvar": 42196.1523438, "dmean": 76.4281463623, "max": 3219.35717773, "var": 56452.296875, "mean": 94.5787582397}, "gfcc": {"mean": [-69.5171585083, 84.9736862183, -120.284179688, 41.5564804077, -36.5545463562, 12.3841438293, -15.95844841, 7.46247434616, -4.61773395538, -2.67509293556, -10.1854763031, -10.0708866119, -8.37259197235], "icov": [[0.000106205960037, -7.75800872361e-05, 4.29324245488e-05, -0.000155734596774, 0.000100050354376, -0.000144576915773, 6.70826339046e-05, -7.23135381122e-05, 0.000232391670579, -0.000255933817243, 0.000300774816424, -0.000128885090817, 6.90041852067e-05], [-7.75800872361e-05, 0.000941406819038, -0.000256331637502, 0.00027245626552, -0.000380017183488, 0.000491113692988, -0.000876554695424, 0.000861607259139, -0.000923564773984, 0.000973053800408, -0.000802297901828, 0.000900065409951, 8.32604491734e-05], [4.29324245488e-05, -0.000256331637502, 0.000638751720544, -0.000231729340157, -0.000264285947196, -0.000351886526914, 0.00012918873108, -0.0004573543265, 0.00030585899367, 0.000202059251023, 0.000766509503592, -0.00102675729431, 0.000855481834151], [-0.000155734596774, 0.00027245626552, -0.000231729340157, 0.00143885496072, -0.000710505817551, 9.96032686089e-05, -4.8459329264e-05, -4.74290609418e-05, -0.000334445940098, 0.00057816534536, -0.00137563236058, 0.000864548434038, -0.000352999457391], [0.000100050354376, -0.000380017183488, -0.000264285947196, -0.000710505817551, 0.0025477388408, -0.000913482217584, -0.00102602492552, 0.000624727515969, 0.000271028256975, -0.00171914056409, 0.000764709664509, 8.97741265362e-05, -0.000587070535403], [-0.000144576915773, 0.000491113692988, -0.000351886526914, 9.96032686089e-05, -0.000913482217584, 0.00413786619902, -0.0014964354923, -2.15929976548e-05, -0.000659404671751, 0.000439911906142, -2.82414803223e-05, -0.000816756917629, 0.000704587961081], [6.70826339046e-05, -0.000876554695424, 0.00012918873108, -4.8459329264e-05, -0.00102602492552, -0.0014964354923, 0.00592360831797, -0.00347781414166, -0.000268879026407, 0.000590051698964, -0.00202935212292, 0.00134428555612, -0.00165558652952], [-7.23135381122e-05, 0.000861607259139, -0.0004573543265, -4.74290609418e-05, 0.000624727515969, -2.15929976548e-05, -0.00347781414166, 0.00786731392145, -0.00359714822844, -0.000713113578968, 0.0017426633276, -0.0019230969483, 0.00138722232077], [0.000232391670579, -0.000923564773984, 0.00030585899367, -0.000334445940098, 0.000271028256975, -0.000659404671751, -0.000268879026407, -0.00359714822844, 0.00841311644763, -0.00271311844699, -0.000989150139503, 0.00293541862629, -0.00218840129673], [-0.000255933817243, 0.000973053800408, 0.000202059251023, 0.00057816534536, -0.00171914056409, 0.000439911906142, 0.000590051698964, -0.000713113578968, -0.00271311844699, 0.00843093264848, -0.00316821970046, -0.000581222760957, 0.00234386371449], [0.000300774816424, -0.000802297901828, 0.000766509503592, -0.00137563236058, 0.000764709664509, -2.82414803223e-05, -0.00202935212292, 0.0017426633276, -0.000989150139503, -0.00316821970046, 0.0108024952933, -0.00526762101799, -0.000474118511193], [-0.000128885090817, 0.000900065409951, -0.00102675729431, 0.000864548434038, 8.97741265362e-05, -0.000816756917629, 0.00134428555612, -0.0019230969483, 0.00293541862629, -0.000581222760957, -0.00526762101799, 0.0135179124773, -0.00412613293156], [6.90041852067e-05, 8.32604491734e-05, 0.000855481834151, -0.000352999457391, -0.000587070535403, 0.000704587961081, -0.00165558652952, 0.00138722232077, -0.00218840129673, 0.00234386371449, -0.000474118511193, -0.00412613293156, 0.0126248821616]], "cov": [[14136.4169922, -1180.07226562, 313.245880127, 705.9921875, -461.390930176, 220.9402771, -755.573608398, -122.918663025, -686.156066895, 146.25, -464.010894775, 147.211730957, -305.735809326], [-1180.07226562, 3750.8894043, 1228.66442871, 876.529663086, 1467.96496582, 479.257293701, 1404.5513916, 338.758483887, 792.110046387, -21.0660667419, 389.056762695, -261.855316162, 181.690917969], [313.245880127, 1228.66442871, 3705.33837891, 938.667541504, 1236.89404297, 766.266113281, 732.740966797, 460.588867188, 211.127502441, 10.2907934189, -24.9079360962, 83.6222076416, -113.336288452], [705.9921875, 876.529663086, 938.667541504, 1589.35644531, 1030.3527832, 480.1902771, 728.576293945, 322.975463867, 383.982452393, 143.157791138, 258.224731445, -35.2944221497, 90.5064315796], [-461.390930176, 1467.96496582, 1236.89404297, 1030.3527832, 1628.33947754, 655.85748291, 1027.18261719, 405.384643555, 522.466064453, 209.959030151, 265.768280029, -57.0278663635, 110.03755188], [220.9402771, 479.257293701, 766.266113281, 480.1902771, 655.85748291, 611.681640625, 528.172058105, 277.924957275, 246.448348999, 102.614547729, 108.574241638, 18.4425811768, 25.9931201935], [-755.573608398, 1404.5513916, 732.740966797, 728.576293945, 1027.18261719, 528.172058105, 1128.87744141, 467.032440186, 561.655761719, 137.5262146, 295.025909424, -70.6182632446, 140.419403076], [-122.918663025, 338.758483887, 460.588867188, 322.975463867, 405.384643555, 277.924957275, 467.032440186, 410.783905029, 290.366363525, 115.157806396, 94.3367919922, 4.40237140656, 29.640499115], [-686.156066895, 792.110046387, 211.127502441, 383.982452393, 522.466064453, 246.448348999, 561.655761719, 290.366363525, 490.471038818, 133.397659302, 187.806915283, -70.5930252075, 91.4797439575], [146.25, -21.0660667419, 10.2907934189, 143.157791138, 209.959030151, 102.614547729, 137.5262146, 115.157806396, 133.397659302, 232.440338135, 95.1455307007, 20.7682361603, 2.39304304123], [-464.010894775, 389.056762695, -24.9079360962, 258.224731445, 265.768280029, 108.574241638, 295.025909424, 94.3367919922, 187.806915283, 95.1455307007, 251.044052124, 24.4119319916, 75.7968902588], [147.211730957, -261.855316162, 83.6222076416, -35.2944221497, -57.0278663635, 18.4425811768, -70.6182632446, 4.40237140656, -70.5930252075, 20.7682361603, 24.4119319916, 139.763763428, 11.346364975], [-305.735809326, 181.690917969, -113.336288452, 90.5064315796, 110.03755188, 25.9931201935, 140.419403076, 29.640499115, 91.4797439575, 2.39304304123, 75.7968902588, 11.346364975, 130.683029175]]}, "spectral_energyband_middle_low": {"dmean2": 0.0134733524173, "median": 0.00190335710067, "min": 1.89434844789e-18, "dvar2": 0.00110851472709, "dvar": 0.000394013302866, "dmean": 0.00764137273654, "max": 0.183383733034, "var": 0.000263246358372, "mean": 0.00674376590177}, "melbands_crest": {"dmean2": 6.98722219467, "median": 26.8975105286, "min": 1.60599946976, "dvar2": 62.3146095276, "dvar": 28.0256252289, "dmean": 4.52998733521, "max": 36.7228546143, "var": 75.8173065186, "mean": 23.4760017395}, "spectral_kurtosis": {"dmean2": 9.12836551666, "median": 4.04680252075, "min": -0.610637664795, "dvar2": 514.717346191, "dvar": 206.555374146, "dmean": 5.74984264374, "max": 434.706481934, "var": 350.126831055, "mean": 8.31774616241}, "spectral_rms": {"dmean2": 0.00248194113374, "median": 0.00948983803391, "min": 3.58546831114e-10, "dvar2": 6.52420339975e-06, "dvar": 5.47808349438e-06, "dmean": 0.0019676820375, "max": 0.0186477787793, "var": 3.19767423207e-05, "mean": 0.00870008487254}, "zerocrossingrate": {"dmean2": 0.0190895292908, "median": 0.0185546875, "min": 0.001953125, "dvar2": 0.00065472809365, "dvar": 0.000520688015968, "dmean": 0.0164063870907, "max": 0.51806640625, "var": 0.00268303579651, "mean": 0.0443681254983}, "silence_rate_60dB": {"dmean2": 0.161447644234, "median": 0, "min": 0, "dvar2": 0.178514510393, "dvar": 0.0741951614618, "dmean": 0.0807134583592, "max": 1, "var": 0.0821664705873, "mean": 0.0903258919716}, "erbbands_kurtosis": {"dmean2": 7.31414413452, "median": 0.0385894775391, "min": -1.93696784973, "dvar2": 607.542236328, "dvar": 249.214279175, "dmean": 4.50023841858, "max": 388.246612549, "var": 332.836730957, "mean": 3.83499217033}, "erbbands": {"dmean2": [1.21458351612, 11.5929460526, 25.2590198517, 24.4035015106, 18.0414180756, 9.85691547394, 5.84783029556, 6.69132423401, 11.2889432907, 17.2843017578, 27.3994350433, 18.0925960541, 20.1880397797, 5.99732255936, 10.7186393738, 8.68288898468, 36.4520797729, 23.3138961792, 18.684627533, 84.2121734619, 20.8786010742, 15.1628246307, 22.488571167, 20.5886631012, 8.97208309174, 12.639257431, 8.70630073547, 6.68531703949, 5.56772994995, 6.87253189087, 4.67214870453, 2.8917028904, 3.4111738205, 3.64535546303, 1.77348947525, 0.683044075966, 0.268591701984, 0.0620303042233, 0.0105365887284, 0.00028139675851], "median": [0.369923979044, 9.82118988037, 3.26263952255, 0.631633281708, 0.870978713036, 0.634218215942, 0.564145207405, 0.663187980652, 0.78506064415, 1.29709136486, 2.67591333389, 3.50118136406, 3.4860086441, 1.76991915703, 2.16639947891, 2.66973495483, 4.50503873825, 4.48147153854, 4.72663116455, 6.72803449631, 5.9451341629, 5.15445613861, 5.32171058655, 6.0598320961, 3.55923080444, 3.40858364105, 2.53074216843, 1.75679886341, 1.04082679749, 0.646092653275, 0.325147628784, 0.162656188011, 0.0807658135891, 0.0285045877099, 0.00747963460162, 0.00234731426463, 0.00046725809807, 9.02164465515e-05, 9.80600598268e-05, 0.000170233091922], "min": [5.05075075818e-18, 2.84325269941e-17, 9.60066648564e-17, 2.39092281189e-16, 4.91517337424e-16, 8.95912148146e-16, 1.51110826021e-15, 2.41780514948e-15, 3.69921649736e-15, 5.48083425839e-15, 7.94247463344e-15, 1.12624092588e-14, 1.56830318588e-14, 2.13367870464e-14, 2.82965806412e-14, 3.62309296876e-14, 4.43602504719e-14, 5.09257790289e-14, 5.33741921374e-14, 4.86600912558e-14, 3.49919779838e-14, 1.56584238577e-14, 3.91990754363e-15, 2.6372480927e-14, 1.15149805923e-13, 2.78859075588e-13, 4.57610349353e-13, 5.14905284209e-13, 3.55743239771e-13, 1.32563434513e-13, 1.83533499813e-13, 4.65917506399e-13, 4.28202910413e-13, 1.07068732135e-13, 7.18432949308e-14, 7.38634142999e-14, 1.49668451732e-14, 4.40786882499e-15, 3.82885319587e-15, 4.65978658789e-16], "dvar2": [2.98339080811, 270.046905518, 2061.58178711, 4356.28613281, 2742.14013672, 484.600616455, 231.798065186, 290.974212646, 652.852478027, 2787.32446289, 6360.78027344, 4135.73876953, 2872.68383789, 145.841125488, 694.740905762, 667.17199707, 13334.1630859, 4102.44384766, 11968.4511719, 64076.703125, 1647.84667969, 2411.46826172, 7800.25634766, 1586.6932373, 353.046508789, 427.469543457, 393.58782959, 115.470787048, 81.3308868408, 219.353408813, 74.9349975586, 34.2061080933, 82.9287033081, 133.759231567, 29.6587486267, 4.31478881836, 0.672071039677, 0.0352681204677, 0.00105577893555, 4.77064531879e-07], "dvar": [3.10124063492, 136.07321167, 840.387268066, 1523.78991699, 942.270690918, 187.393264771, 82.2634506226, 103.977920532, 235.346572876, 1083.09521484, 2971.4440918, 1933.67858887, 1335.16967773, 60.4358215332, 294.509643555, 267.840576172, 4729.77099609, 1717.07385254, 5322.66064453, 25941.2382812, 652.173217773, 1457.64465332, 4226.52441406, 656.707336426, 143.141326904, 170.692932129, 162.973999023, 46.9010276794, 34.4233703613, 96.2432403564, 32.8653488159, 14.4352617264, 32.7279510498, 47.9601860046, 11.167140007, 1.62033390999, 0.245610654354, 0.0129795866087, 0.000388773943996, 1.83232700124e-07], "dmean": [1.05382359028, 8.12876224518, 15.9703874588, 13.1430921555, 9.59510707855, 6.03134679794, 3.41213560104, 3.76382470131, 6.25734615326, 10.2616167068, 17.0531616211, 11.562456131, 13.189538002, 3.72816705704, 6.8283867836, 5.44340991974, 21.5969352722, 14.0228834152, 11.6155776978, 50.9769630432, 12.5255088806, 9.42088508606, 13.4770956039, 12.3018941879, 5.55588293076, 7.6643652916, 5.58917665482, 4.15623426437, 3.47219729424, 4.47153997421, 2.92488121986, 1.80863082409, 2.02415752411, 2.03002429008, 1.0360558033, 0.401782929897, 0.151207238436, 0.0350849851966, 0.00597923062742, 0.000172051091795], "max": [14.7844200134, 85.4463882446, 206.231185913, 371.583251953, 312.78237915, 314.728546143, 93.6398162842, 104.199638367, 212.392028809, 547.008239746, 1861.66235352, 2106.82202148, 879.634399414, 223.450302124, 301.979248047, 711.541320801, 949.80682373, 1519.71264648, 3782.7019043, 3704.18676758, 895.25201416, 3366.47485352, 4420.52148438, 552.239746094, 294.452667236, 488.940795898, 729.15838623, 205.94241333, 181.399398804, 253.823425293, 51.0262680054, 38.8324623108, 42.2251701355, 47.5028800964, 22.2536773682, 8.90829658508, 3.13140010834, 0.719567000866, 0.123446948826, 0.00269709876738], "var": [15.2845726013, 348.930023193, 1951.60119629, 922.326721191, 535.80279541, 182.592605591, 54.1769485474, 69.4496231079, 170.083175659, 1008.56170654, 4884.72412109, 4874.9609375, 2223.16772461, 201.825134277, 447.94909668, 332.927978516, 6056.03955078, 2716.43408203, 5979.39501953, 33331.2460938, 945.131408691, 3309.15063477, 6255.40283203, 825.928283691, 259.477172852, 305.827331543, 284.72442627, 77.2147216797, 48.1183776855, 103.81867981, 33.8582992554, 13.6969146729, 25.1156711578, 29.6054382324, 7.89518022537, 1.14533019066, 0.158389225602, 0.00850592460483, 0.000255175342318, 1.38081460932e-07], "mean": [2.35303640366, 16.7565422058, 28.298707962, 10.3754987717, 6.31667852402, 5.72940731049, 3.03454637527, 3.03612208366, 4.96223640442, 10.2443151474, 20.128736496, 17.1302509308, 18.4198265076, 6.10177230835, 9.16307926178, 7.69918775558, 25.7130489349, 17.7715396881, 16.4442176819, 56.1338996887, 16.0981578827, 13.1057033539, 16.0127658844, 15.1391525269, 8.5848531723, 10.6622285843, 7.3054933548, 4.99638366699, 3.68624997139, 4.17410373688, 2.64826130867, 1.5750797987, 1.55312418938, 1.31299030781, 0.736698925495, 0.286696344614, 0.0997206866741, 0.0233507528901, 0.00401311088353, 0.000228061981034]}, "spectral_strongpeak": {"dmean2": 0.907802045345, "median": 1.0472817421, "min": 0, "dvar2": 2.83261919022, "dvar": 1.15174508095, "dmean": 0.578069031239, "max": 26.3279209137, "var": 2.21070623398, "mean": 1.32186329365}, "spectral_energy": {"dmean2": 0.0449154600501, "median": 0.0923084616661, "min": 1.31769712761e-16, "dvar2": 0.00258554867469, "dvar": 0.00199902476743, "dmean": 0.0345101095736, "max": 0.356433153152, "var": 0.0103544490412, "mean": 0.110359854996}, "average_loudness": 0.953682780266, "spectral_rolloff": {"dmean2": 1492.86523438, "median": 129.19921875, "min": 64.599609375, "dvar2": 9030608, "dvar": 3920705.25, "dmean": 917.170654297, "max": 19789.0136719, "var": 5564982, "mean": 1326.96557617}, "spectral_centroid": {"dmean2": 713.29309082, "median": 1097.43310547, "min": 56.9189033508, "dvar2": 633327.75, "dvar": 308112.875, "dmean": 474.011138916, "max": 5185.91748047, "var": 857368.25, "mean": 1283.6027832}, "pitch_salience": {"dmean2": 0.199779391289, "median": 0.206967964768, "min": 0.0100452275947, "dvar2": 0.051811888814, "dvar": 0.0231675393879, "dmean": 0.130278930068, "max": 0.992009043694, "var": 0.0536317825317, "mean": 0.294065773487}, "spectral_energyband_middle_high": {"dmean2": 0.00335384439677, "median": 0.00174493982922, "min": 9.41481670367e-18, "dvar2": 3.32501804223e-05, "dvar": 1.45794747368e-05, "dmean": 0.00211986899376, "max": 0.0908873677254, "var": 2.81868160528e-05, "mean": 0.00343610905111}, "spectral_contrast_coeffs": {"dmean2": [0.140285313129, 0.0933718830347, 0.0692101418972, 0.0651747733355, 0.0552640780807, 0.0478963702917], "median": [-0.560469329357, -0.786908745766, -0.791822314262, -0.780714273453, -0.790126681328, -0.746207356453], "min": [-0.988966226578, -0.994141876698, -0.996421515942, -0.997333645821, -0.944491565228, -0.959902524948], "dvar2": [0.0151424426585, 0.00655173650011, 0.00315058231354, 0.00304498407058, 0.00259945774451, 0.00196393439546], "dvar": [0.006407385692, 0.00250493758358, 0.00134393165354, 0.00151034968439, 0.00121782871429, 0.000972759909928], "dmean": [0.0883529037237, 0.0564275383949, 0.0434281937778, 0.0421236902475, 0.0363529101014, 0.0320120789111], "max": [-0.22768959403, -0.30532002449, -0.48048427701, -0.415196120739, -0.498125016689, -0.520246565342], "var": [0.0155211929232, 0.00571798207238, 0.00552545674145, 0.00683866487816, 0.00488804327324, 0.00350210745819], "mean": [-0.558144748211, -0.776959776878, -0.777887225151, -0.762253165245, -0.771286606789, -0.748019576073]}, "melbands_skewness": {"dmean2": 4.02440738678, "median": 5.95362663269, "min": -4.47398042679, "dvar2": 20.1471405029, "dvar": 9.21544361115, "dmean": 2.77302861214, "max": 30.5516529083, "var": 29.7348403931, "mean": 6.61595535278}, "spectral_spread": {"dmean2": 1504553.875, "median": 3576754.5, "min": 267189.75, "dvar2": 3097328353280.0, "dvar": 1907922698240.0, "dmean": 1113385.125, "max": 16366172, "var": 5036374491140.0, "mean": 4286749.5}, "dissonance": {"dmean2": 0.0350859202445, "median": 0.47878408432, "min": 0.0636360198259, "dvar2": 0.00194271339569, "dvar": 0.000709393760189, "dmean": 0.0204668138176, "max": 0.5, "var": 0.00116979144514, "mean": 0.469914406538}, "spectral_skewness": {"dmean2": 0.893593609333, "median": 1.34978818893, "min": 0.0346468426287, "dvar2": 1.56189513206, "dvar": 0.702066421509, "dmean": 0.579707741737, "max": 17.733335495, "var": 1.74319350719, "mean": 1.70647835732}, "spectral_flux": {"dmean2": 0.109146036208, "median": 0.0981875583529, "min": 9.86326995189e-07, "dvar2": 0.0123813208193, "dvar": 0.00566023075953, "dmean": 0.0732489824295, "max": 0.64753973484, "var": 0.0137392347679, "mean": 0.139864325523}, "spectral_contrast_valleys": {"dmean2": [1.10974860191, 1.04180407524, 0.810011923313, 0.74803185463, 0.905299127102, 1.10962176323], "median": [-7.75047206879, -7.48972606659, -7.96308517456, -8.19284248352, -8.08543777466, -11.004029274], "min": [-23.2448482513, -23.0567989349, -22.9248027802, -22.8483486176, -23.4384422302, -23.7922611237], "dvar2": [1.11009192467, 1.24262595177, 0.674017488956, 0.530736625195, 0.939911186695, 1.49363231659], "dvar": [0.631836175919, 0.543481469154, 0.328574329615, 0.273909032345, 0.441093683243, 0.789881944656], "dmean": [0.76711922884, 0.701622307301, 0.543782114983, 0.527733147144, 0.653593122959, 0.886229634285], "max": [-4.91445350647, -4.50794696808, -5.57121086121, -6.08034324646, -5.91312599182, -7.70986127853], "var": [4.39504766464, 1.82107198238, 1.5605880022, 1.63088738918, 1.74756908417, 2.54776287079], "mean": [-8.50039386749, -7.6409239769, -8.11771583557, -8.35915279388, -8.24410915375, -11.029955864]}, "erbbands_flatness_db": {"dmean2": 0.0545407831669, "median": 0.201871186495, "min": 0.048047605902, "dvar2": 0.00292907096446, "dvar": 0.00151248462498, "dmean": 0.0399383045733, "max": 0.677424252033, "var": 0.00603147177026, "mean": 0.20738786459}, "spectral_energyband_high": {"dmean2": 0.00123949570116, "median": 0.000232296850299, "min": 1.0175029601e-16, "dvar2": 6.02179079578e-06, "dvar": 2.39479118136e-06, "dmean": 0.000758545706049, "max": 0.0138923330233, "var": 2.20951642405e-06, "mean": 0.000769293925259}, "spectral_entropy": {"dmean2": 0.640476286411, "median": 7.23085260391, "min": 2.40889644623, "dvar2": 0.530737757683, "dvar": 0.253752231598, "dmean": 0.472850769758, "max": 8.92825222015, "var": 0.805326163769, "mean": 7.09322404861}, "silence_rate_20dB": {"dmean2": 0.0241273101419, "median": 1, "min": 0, "dvar2": 0.0294473897666, "dvar": 0.0119161074981, "dmean": 0.0120621072128, "max": 1, "var": 0.00927827227861, "mean": 0.990633845329}, "melbands_flatness_db": {"dmean2": 0.102102652192, "median": 0.338875234127, "min": 0.00425004027784, "dvar2": 0.0121617624536, "dvar": 0.00652001611888, "dmean": 0.0820362567902, "max": 0.959278643131, "var": 0.0318517573178, "mean": 0.346010506153}, "barkbands": {"dmean2": [0.00224688858725, 0.0466658137739, 0.0216392260045, 0.00821444950998, 0.00323037523776, 0.00072154623922, 0.000757031026296, 0.00142760935705, 0.00106126116589, 0.000324209599057, 0.000255938008195, 0.000196075270651, 0.000831874727737, 0.000325367582263, 0.000906731118448, 0.000819189473987, 0.000290437863441, 0.000495217507705, 0.000253988284385, 0.000265974755166, 0.000184629927389, 0.000141217009514, 0.000218460496399, 0.000176408371772, 0.000282535969745, 0.000132916597067, 5.56788072572e-05], "median": [2.14292304008e-05, 0.0365914180875, 0.000213118342799, 7.1