{"metadata": {"tags": {"bpm": ["119.25"], "musicip_puid": ["fb14e9e8-678b-216b-5c8a-21458f02312d"], "musicbrainz_albumid": ["c55359d4-bf6c-4ac6-8edf-feb8697f7972"], "genre": ["Pop/Rock"], "musicbrainz_artistid": ["4f20b3e2-adda-4063-a43b-2432ddf9ba8d"], "title": ["Heroine"], "tracknumber": ["01"], "artist": ["Shakespears Sister"], "musicbrainz_albumartistid": ["4f20b3e2-adda-4063-a43b-2432ddf9ba8d"], "album": ["Sacred Heart"], "musicbrainz album type": ["Album"], "musicbrainz_recordingid": ["0f26f08b-6050-4c01-b306-6bf719fe1702"], "musicbrainz album release country": ["United States"], "date": ["1989"], "acoustid_id": ["583ba4b5-2cee-49db-a380-49e22226d9fb"], "file_name": "Shakespears Sister - Heroine.mp3", "acoustid_fingerprint": ["AQADtEokJlEkacIfvHB45NOR4A2-hDWuZHvQ40eqI9mPR8EnHo2f4AmPZsvxGZcUpNWQ1ImCh8bzHCWZG1ekPagF8g_CPEey4w578PjyoStz_EbzJGmQXYKQH3-OJ-KJi8yDBz-eI-GFnMaPX8EnGv_B5EeP5EMepngenMzxKHzwHE3RBz_40DiOxkmUOOgR_miicsIlrtCPviyaPTh62A0u4Q_0Hj5jVMqJa8fhvsODeyNxQVY9FN6SBX7xBK4YyI12OCZxNEs2fEmhww9xZ8WP5wgPPwifCO0Ib1OGK4WfQ_xxE00uPMqhD1rqWOhpPMXZ4vHRHmJ-eAxy-MuOvuh1bGETHGFUBhcT6MnRf3hgT8F04oemo3OJXMMz40et5bjhc0IoJTYu5vgzaHnQefgdXCOqw2mKJ8F_iGrhVhFUw0epjTB_fGoBH3eOL8flQnvhM0Z49PAWxoI74hb8BHc-hFlyfMmhf2geojLxPHgirkDfrNBy4jkaN0NIZgjt4y_UE66YoIySYeahC3ZK5EwXPMER6iq0TL1wJR9-9IOWL8azCE8OvViRy-izHJ58lEEO_USqDmdOfE6O8sbxHWm3QLuO-CIuH0_wc0P6Q3miCD9-BSV5NM-h_2ilHM3K4T7kEqE0ZU2IOykuxcHgqOGC9keed0hKCj-aJ6glFxdzXLEq5DtUsggfxO4EPznR5biS4w9--CG-PThiIcwFjRcuukE5pJeGL8Zt5IfSLEd6fAt8nB8aaZlxaccTTGSyDj7MScvwJTxcdbiH8NGhEuElNJuW4lmOH1uc5Xh4IpAzVgiLplSOZ8f1YOKOWhn6DI0eDp-RjI0yIoySJBl-vM1gNR9O48cZIVJ3Qu-DfMd_-AvqBf0xpSLRPDtKBs-RXbCkhMd9RIszHLVCNCN_PMdxF8m8HWHyDO_E4NxCXEx0tGPwI5QOvSF6NFKU44f2C8Z5-HiG99CPWA_88bjCoBkTXdgbvA2aImcW_Me1HMw_fMfl4jv6Hv6CNjzIHvrRZsuR4z3eXcDxETeL_sjJ4Dz0RSS0XDqeDOV6PGFc8PDZ4jnuQUf4CNeFd_iM9niUpEL_Celp6DrRR0Mu0XiE6Eazox0tXIyUCtAFLZMTol2uoRaNLU2PcEqDSv1wrvBRdjnyCFcK8YyFPPjxF2uONh_CnMGX7EEtIvyO8BGsXzh7aMmiEPNCXBn8BPoXfB8uEmG3wxp-pCfqodka1Dw0fRt8JfjRXCmeKLsgZ8clmB0GnVFxMmg4yagk5eh66IqOJ06R7uiRQ1EUiUYZJTR-BuER5tAlHXmWefhf9DxcFVe24D-YkUZyCmFeBlaYoVL-4k6HC03dIcuV47ygOsYd_KEELTz6ZFygHzlKTmjwRHlwNE6PPjtCQguHXsoJn7B-6C-ccUYOMy84dcFr5IMeGlnyZMebqLiO5x4apyJR_bhaxLKgX0G4H7fQRtGMvoZnicgtNFw4nBu0mDlqdcJzaHnCodMRNmI-2MlQNxKao3Lw4zPCbOKRlNLgL8fzoFFk4lzwnfjhsci5MVDF4y_C7Dna5TiJRk8YlAse48wD1DcahYuHXAn0hwiTG_3R5_gR8lC9pEO-BO_xaOPQWMM_XLlRm_iNJziaK4anH_3i4TluIWwuWA1KnuChk0dOfNLR-fDx4IwCfMuFm_gt_MRVS7gGpzp65DWhH6925JJOvA8qRx6uFD2YRjn-4YcvHpU1Ii-PB_oDTduJS4E4dkT1HTQ-BZXJ4wkrNPegf8iDPoTzHMezOHjpo11O5E6hTzvC6_CPZ0HjZOBFG12XGP7hI2SP5MSDPjHqvjj6JUV6HclYPE5wLcedDk3RSyHydXiT4_HR8fCeoRYPzcqO1Onwwyd85GEWiEcbZTnihkclOUeD5FGCvHiso8ePZ8cVBYdlJUVyhA8uy8OTKA8uVEdzIeqhV8cfBFNGKbgC_7iPxo1xHz-Y88ePkPqh48O3C1K-oflxDTmafChv4uERSstz6Dq6Iz-OJhWP2sf_4zvy7lBeH7mK-WjqGM9hMVLAcUVzyfjx4zvCRhBXIgdu_EalvMGJRpWCPjPyxNAzhFxE-Ohz3GioFGem4tKR6Dx8lNREQo-OvEdf-JmF_bgedGRq_Ehe5MeP_jOaC9-AL-pwIt-g5yoaPtiqoKR29HrQHJ-i4OTx5Ed32FeKT0eaC7_RLMxwnIF_fHC-FR2zo4ke_MUfo9zhSRR6esj9QQtCLzJ6MNmSZcMfhBHDoE9k6DlyRkHPw96Oh_gOSyPyJTwkVYR_XEd6TMtVnDxCWSrhSckP0WGHfjKazqg44tSNR8qhsTy2LiL6Q-eQM8eD60FfNHqFPBd0yugzFbl89AfTEedx5HfgkD90IcuBn8ODH00d9HuKqg1-oWJzXDh1fCEeB2WP9Bq0s3iLXDq-KDFRhQ-YnMGdWWieIw8F8cd35AOzHp9S9FkVuJKQwyfEP6hwHz-6UMcnMNl0fBmH70d56Ie7GfmOT-jSHB8tsGSQm_gUiD_y5HgfMNlyPAus_Pjxx_iOsTvcncitI4l0xThOFqyU4Ydv4T96HRWehyLeon2OpjjuxAjfIblA_bhMAUAER8oSILQAEAknhBIQOaQYAQAIIAgQQGigGDCCKOMIIAIAJiAUgDFlmADAEIEYYoQAIpi0TBKQlAACGCAcJkIoAAAxCjBAAAOMeAQYE0AigQwQRAhDjGBACGkAEoII5ABggjGBFBFEESAEMMogAgxVRBAlBFFAESYAIEIgAAAxyCAmBADMACEM4oKIJAwiighBnFKCEGoYAYAQxYAQghABBICGCKMIAgAoAowhAACijAFECIQAEAAqxSAgwBgngCMEGoMoEYQpQIQQQBADhVACMYEUIUIjyAhiihhgGBHACCEBUAYLYiwAhDHHgGCAOCuAVQQKShAwBEgHBDGAOAEMEMggZBQTQAgklXGKGQJcFcIKowASzAgDKACEAEaRFEYARZggGAEuAKGEEAIYM4AgBQggQhBAAEKIIAGEM4QAASwhAAFAADOAAEESUAYAIQhQAAkgCAAAKWMIQEJIAIghhgkBABBAGGKEAsoIQRwBACFhiLBCMMAQckBBggAQzBhiBCEQGAEMEYYIQIAwAgmBlCLMCGGQYUp5AoBgkAIlACJEIEoJIMgIAAShViEFiCACQaUIokIBIBgAgAAokEIMKGAUYkIIA4AQgDGAiITIAEEIQQYgJCQQBDABCALAACCAQEoAzIQxRCMBiEBOWQCMQwoABhSyAgBLAIAEMSYYBgIYgABBmAkEABCASCQIMFIwKZhDgDgIEQBEQISEEQQhIowggghgGCPECUEcAcZSRJQSQgCjBGEEEGIcIMhRogASQjBlACMEKAAFFEIAwJwQAigIHDBACEEMIEIgQAQFyBKlCBDCEKIQEkAoQwRhjAABAEmAGEMIE8IYAAxSQAHhGBDKECIUswQhZACCiCGAjGFUKCWQMMYJh4BBBgqABDEKKUeAcQIAIJhhEiEC"], "language": ["eng"]}, "audio_properties": {"sample_rate": 44100, "downmix": "mix", "lossless": false, "analysis_sample_rate": 44100, "md5_encoded": "eb6ef3c9b534429b2489834b1c6794d7", "equal_loudness": 0, "replay_gain": -5.4862575531, "codec": "mp3", "bit_rate": 128000, "length": 229.616333008}, "version": {"extractor": "music 1.0", "essentia_build_sha": "2d9f1f26377add8aeb1075a9c2973f962c4f09fd", "essentia_git_sha": "v2.1_beta2-1-ge3940c0", "essentia": "2.1-beta2"}}, "rhythm": {"beats_loudness_band_ratio": {"dvar2": [0.0224379003048, 0.00317437527701, 0.002813359024, 0.0187082011253, 0.0208332128823, 0.00293497066014], "var": [0.0333737619221, 0.00108609185554, 0.000971618923359, 0.00876395497471, 0.0111600877717, 0.00162787176669], "min": [0.000404726713896, 3.53086738869e-06, 0.000223300463404, 0.000922333798371, 0.00123181589879, 0.0012462985469], "dmean": [0.0847404822707, 0.0262418091297, 0.0217852499336, 0.038874540478, 0.045845232904, 0.0305164102465], "mean": [0.815882205963, 0.0378281474113, 0.0251099411398, 0.0471787154675, 0.0524460524321, 0.0335634872317], "max": [0.988041877747, 0.341876417398, 0.27811267972, 0.851837337017, 0.930097162724, 0.464841127396], "dmean2": [0.150586351752, 0.0460711196065, 0.0385237149894, 0.0708348378539, 0.0818532779813, 0.0577583350241], "median": [0.866417944431, 0.0286622997373, 0.0156874004751, 0.0245508197695, 0.0265084076673, 0.0249628685415], "dvar": [0.00926880072802, 0.00116205133963, 0.00103631580714, 0.00817114859819, 0.00899101700634, 0.00112441519741]}, "bpm_histogram_first_peak_weight": {"dvar2": 0, "var": 0, "min": 0.561673998833, "dmean": 0, "mean": 0.561673998833, "max": 0.561673998833, "dmean2": 0, "median": 0.561673998833, "dvar": 0}, "bpm": 119.221511841, "beats_count": 455, "bpm_histogram_first_peak_spread": {"dvar2": 0, "var": 0, "min": 0.434589803219, "dmean": 0, "mean": 0.434589803219, "max": 0.434589803219, "dmean2": 0, "median": 0.434589803219, "dvar": 0}, "danceability": 1.40034377575, "bpm_histogram_first_peak_bpm": {"dvar2": 0, "var": 0, "min": 120, "dmean": 0, "mean": 120, "max": 120, "dmean2": 0, "median": 120, "dvar": 0}, "beats_position": [0.49922901392, 1.01006805897, 1.52090704441, 2.03174591064, 2.53097510338, 3.04181408882, 3.54104304314, 4.04027223587, 4.55111122131, 5.06195020676, 5.5727891922, 6.10684776306, 6.64090681076, 7.17496585846, 7.6858048439, 8.19664382935, 8.70748329163, 9.21832180023, 9.70594120026, 10.2167797089, 10.7276191711, 11.2152376175, 11.7260770798, 12.2253055573, 12.7245349884, 13.235373497, 13.7346029282, 14.2338323593, 14.7446708679, 15.2555103302, 15.7431287766, 16.2539672852, 16.7648067474, 17.2756462097, 17.7632656097, 18.2741031647, 18.7733325958, 19.272562027, 19.7834014893, 20.2826309204, 20.7818584442, 21.2926979065, 21.7919273376, 22.2911567688, 22.8019943237, 23.3012237549, 23.800453186, 24.3112926483, 24.8221302032, 25.3213596344, 25.8205890656, 26.3314285278, 26.830657959, 27.3298854828, 27.8291149139, 28.3283443451, 28.8391838074, 29.3384113312, 29.8376407623, 30.3484802246, 30.8593196869, 31.3469390869, 31.8577766418, 32.357006073, 32.8562355042, 33.3670730591, 33.8663024902, 34.3655319214, 34.8763694763, 35.3755989075, 35.8748283386, 36.3856697083, 36.8965072632, 37.3957366943, 37.8949661255, 38.4058036804, 38.9050331116, 39.4042625427, 39.9151000977, 40.4143295288, 40.91355896, 41.4127883911, 41.9120178223, 42.4228553772, 42.9336967468, 43.432926178, 43.9321517944, 44.4429931641, 44.9422225952, 45.4414520264, 45.9522895813, 46.4515190125, 46.9507484436, 47.4615859985, 47.9608154297, 48.4600448608, 48.9708824158, 49.4817237854, 49.9693412781, 50.480178833, 50.9794082642, 51.4786376953, 51.9894790649, 52.4887046814, 52.9879341125, 53.4987754822, 53.9980049133, 54.4972343445, 55.0080718994, 55.5073013306, 56.0065307617, 56.5173683167, 57.0282058716, 57.5274353027, 58.0266647339, 58.5375061035, 59.03673172, 59.5359611511, 60.0468025208, 60.5460319519, 61.0452613831, 61.5444869995, 62.0437164307, 62.5545578003, 63.0653953552, 63.5530128479, 64.0638504028, 64.563079834, 65.0623092651, 65.5731506348, 66.0839920044, 66.5832214355, 67.0824508667, 67.5816802979, 68.0809020996, 68.5917434692, 69.1025848389, 69.60181427, 70.1010437012, 70.6002731323, 71.1111068726, 71.6103363037, 72.1211776733, 72.6204071045, 73.1196365356, 73.6188659668, 74.1180953979, 74.6289291382, 75.1397705078, 75.638999939, 76.1382293701, 76.6490707397, 77.1483001709, 77.6475296021, 78.1583633423, 78.6575927734, 79.1568222046, 79.6676635742, 80.1668930054, 80.6661224365, 81.1769561768, 81.6877975464, 82.1754150391, 82.6862564087, 83.1970977783, 83.6963272095, 84.1955566406, 84.6947860718, 85.1940155029, 85.7048492432, 86.2156906128, 86.7149200439, 87.2141494751, 87.7133789063, 88.2126083374, 88.7234420776, 89.2342834473, 89.7335128784, 90.2327423096, 90.7319717407, 91.2312011719, 91.7420425415, 92.2412643433, 92.7404937744, 93.251335144, 93.7505645752, 94.2497940063, 94.760635376, 95.2714691162, 95.7706985474, 96.2699279785, 96.7807693481, 97.2799987793, 97.7792282104, 98.2900695801, 98.7892990112, 99.288520813, 99.7877502441, 100.286979675, 100.797821045, 101.308662415, 101.796279907, 102.307121277, 102.817955017, 103.317184448, 103.816413879, 104.327255249, 104.82648468, 105.325714111, 105.824943542, 106.324172974, 106.835006714, 107.345848083, 107.845077515, 108.344306946, 108.855148315, 109.354377747, 109.853607178, 110.364440918, 110.863670349, 111.36289978, 111.87374115, 112.372970581, 112.872200012, 113.383033752, 113.882263184, 114.381492615, 114.892333984, 115.379951477, 115.890792847, 116.401634216, 116.900856018, 117.400085449, 117.910926819, 118.41015625, 118.909385681, 119.420227051, 119.919456482, 120.418685913, 120.929519653, 121.440361023, 121.927978516, 122.438819885, 122.938049316, 123.437278748, 123.948112488, 124.43573761, 124.94657135, 125.445800781, 125.945030212, 126.455871582, 126.955101013, 127.454330444, 127.965164185, 128.464401245, 128.963623047, 129.474472046, 129.973693848, 130.472915649, 130.983764648, 131.494598389, 131.993835449, 132.493057251, 133.003890991, 133.51473999, 134.002349854, 134.513198853, 135.012420654, 135.511657715, 136.022491455, 136.521713257, 137.020950317, 137.531784058, 138.031021118, 138.53024292, 139.041091919, 139.540313721, 140.039550781, 140.550384521, 141.049606323, 141.548843384, 142.059677124, 142.558914185, 143.058135986, 143.568969727, 144.068206787, 144.567428589, 145.078277588, 145.589111328, 146.07673645, 146.58757019, 147.086807251, 147.586029053, 148.096862793, 148.596099854, 149.095321655, 149.606170654, 150.105392456, 150.604629517, 151.115463257, 151.614685059, 152.113922119, 152.624755859, 153.12399292, 153.623214722, 154.134063721, 154.633285522, 155.132507324, 155.643356323, 156.142578125, 156.641815186, 157.152648926, 157.651885986, 158.151107788, 158.661941528, 159.161178589, 159.660400391, 160.17124939, 160.670471191, 161.169708252, 161.680541992, 162.179763794, 162.679000854, 163.189834595, 163.689071655, 164.199905396, 164.699142456, 165.198364258, 165.69758606, 166.208435059, 166.70765686, 167.206893921, 167.717727661, 168.216964722, 168.716186523, 169.227020264, 169.737869263, 170.225479126, 170.736328125, 171.235549927, 171.734786987, 172.245620728, 172.744842529, 173.24407959, 173.75491333, 174.254150391, 174.753372192, 175.264221191, 175.763442993, 176.262680054, 176.773513794, 177.272735596, 177.771972656, 178.282806396, 178.782043457, 179.281265259, 179.792098999, 180.29133606, 180.790557861, 181.30140686, 181.812240601, 182.299865723, 182.810699463, 183.309921265, 183.809158325, 184.319992065, 184.819229126, 185.318450928, 185.829299927, 186.328521729, 186.827758789, 187.338592529, 187.837814331, 188.337051392, 188.847885132, 189.347122192, 189.846343994, 190.357177734, 190.856414795, 191.355636597, 191.866485596, 192.365707397, 192.864944458, 193.375778198, 193.875015259, 194.374237061, 194.885070801, 195.384307861, 195.883529663, 196.394378662, 196.893600464, 197.392837524, 197.903671265, 198.402893066, 198.902130127, 199.412963867, 199.912200928, 200.411422729, 200.92225647, 201.42149353, 201.920715332, 202.431564331, 202.930786133, 203.430023193, 203.940856934, 204.440093994, 204.939315796, 205.450149536, 205.949386597, 206.448608398, 206.959457397, 207.458679199, 207.95791626, 208.46875, 208.967971802, 209.467208862, 209.978042603, 210.477279663, 210.976501465, 211.487350464, 211.974960327, 212.485794067, 212.996643066, 213.48425293, 213.995101929, 214.505935669, 215.005172729, 215.504394531, 216.015228271, 216.514465332, 217.013687134, 217.524536133, 218.023757935, 218.522994995, 219.022216797, 219.521453857, 220.032287598, 220.543121338, 221.042358398, 221.5415802, 222.052429199, 222.551651001, 223.050872803, 223.550109863, 224.049331665, 224.560180664, 225.059402466, 225.558639526, 226.069473267, 226.568710327, 227.067932129, 227.578765869, 228.089614868, 228.600448608, 229.111282349], "beats_loudness": {"dvar2": 0.00299123534933, "var": 0.00160490907729, "min": 1.32908728467e-09, "dmean": 0.0370344594121, "mean": 0.0742300227284, "max": 0.17455676198, "dmean2": 0.0688620209694, "median": 0.0778948441148, "dvar": 0.000878208084032}, "bpm_histogram_second_peak_weight": {"dvar2": 0, "var": 0, "min": 0.0066079297103, "dmean": 0, "mean": 0.0066079297103, "max": 0.0066079297103, "dmean2": 0, "median": 0.0066079297103, "dvar": 0}, "bpm_histogram_second_peak_spread": {"dvar2": 0, "var": 0, "min": 0, "dmean": 0, "mean": 0, "max": 0, "dmean2": 0, "median": 0, "dvar": 0}, "bpm_histogram_second_peak_bpm": {"dvar2": 0, "var": 0, "min": 112, "dmean": 0, "mean": 112, "max": 112, "dmean2": 0, "median": 112, "dvar": 0}, "onset_rate": 4.78588199615}, "lowlevel": {"spectral_energyband_high": {"dvar2": 2.70215896307e-05, "var": 9.71574536379e-06, "min": 7.77009604242e-21, "dmean": 0.00134672457352, "mean": 0.00152771850117, "max": 0.0375239253044, "dmean2": 0.00225409073755, "median": 0.000559248263016, "dvar": 1.00659981399e-05}, "spectral_energyband_middle_low": {"dvar2": 0.000115557479148, "var": 6.83275211486e-05, "min": 3.36637038568e-22, "dmean": 0.00429636053741, "mean": 0.0076151532121, "max": 0.0731165334582, "dmean2": 0.00699151586741, "median": 0.0050367587246, "dvar": 4.6881941671e-05}, "spectral_energy": {"dvar2": 0.000927176850382, "var": 0.000700783450156, "min": 1.11930978563e-20, "dmean": 0.0127407312393, "mean": 0.0248977057636, "max": 0.210911512375, "dmean2": 0.0183525662869, "median": 0.0178391262889, "dvar": 0.000423515448347}, "spectral_spread": {"dvar2": 1476254892030.0, "var": 2991330426880.0, "min": 1078682, "dmean": 800020.4375, "mean": 4934622, "max": 40648848, "dmean2": 1109497, "median": 4689998, "dvar": 793795493888}, "spectral_energyband_low": {"dvar2": 0.00125072500668, "var": 0.000528623291757, "min": 9.78608269326e-23, "dmean": 0.0106838662177, "mean": 0.0136540075764, "max": 0.192514851689, "dmean2": 0.0170252826065, "median": 0.0055215456523, "dvar": 0.000497474742588}, "spectral_rolloff": {"dvar2": 3841198.5, "var": 3674913.5, "min": 43.06640625, "dmean": 910.639099121, "mean": 2128.11254883, "max": 18690.8203125, "dmean2": 1539.36547852, "median": 1851.85546875, "dvar": 1667742.125}, "barkbands": {"dvar2": [2.40751454328e-08, 0.000115106260637, 0.00081188295735, 5.45768052689e-05, 4.22048760811e-05, 2.06466438613e-06, 1.4015653278e-06, 6.50585320727e-07, 8.6463506932e-07, 9.68369022303e-07, 1.32657851282e-06, 9.93215167e-07, 5.87591387102e-07, 3.34703173621e-07, 1.1218102145e-06, 5.92123569731e-07, 7.6160563367e-07, 1.9412234451e-06, 1.23378902117e-06, 2.19597836804e-06, 2.37555764215e-06, 1.02799174329e-06, 1.13022178994e-06, 1.08325946258e-06, 1.41284786537e-07, 4.47443220253e-08, 8.95390504891e-18], "var": [1.188553167e-08, 9.29129892029e-05, 0.000200251190108, 3.15321849484e-05, 1.14613494588e-05, 1.14066745027e-06, 6.85406234879e-07, 4.33288505519e-07, 7.69073210449e-07, 7.31785462449e-07, 1.31508079448e-06, 1.00332317743e-06, 3.96437570771e-07, 2.82317103029e-07, 5.61969955015e-07, 5.58808210371e-07, 4.21623440161e-07, 7.0651947226e-07, 5.11236464718e-07, 6.40111181838e-07, 5.83586768244e-07, 3.04916000005e-07, 5.40560790796e-07, 7.06547666596e-07, 1.1159146851e-07, 2.53128398242e-08, 2.20428123609e-18], "min": [1.57585997249e-22, 2.99775884563e-23, 1.76828851704e-23, 7.88692562304e-24, 5.17262690431e-23, 7.44071465615e-23, 6.99662635619e-23, 6.880307238e-23, 5.47632604659e-23, 7.40982412528e-23, 8.40804934584e-23, 1.06466889201e-22, 7.97290294201e-23, 9.19453230875e-23, 1.64222980656e-22, 2.44626069632e-22, 2.08415713251e-22, 2.92758095908e-22, 2.89098589102e-22, 3.08331623816e-22, 3.83492018946e-22, 4.27210059225e-22, 4.49365716308e-22, 8.59916951725e-22, 1.22344818968e-21, 1.5819113308e-21, 3.01786910629e-21], "dmean": [2.57024184975e-05, 0.00438302522525, 0.00665724137798, 0.00271510169841, 0.00168441026472, 0.000519695924595, 0.000347121502273, 0.000246666371822, 0.000316207791911, 0.000272403063718, 0.00034699664684, 0.000283490226138, 0.000245971255936, 0.000180163493496, 0.000309303577524, 0.000267777766567, 0.000244159513386, 0.000407362298574, 0.000321532628732, 0.000370650494006, 0.000341417937307, 0.000243558519287, 0.000255109596765, 0.000226854259381, 9.61194455158e-05, 5.34770042577e-05, 1.05931985406e-09], "mean": [2.8452328479e-05, 0.00601470610127, 0.00529505405575, 0.00359841133468, 0.00183614902198, 0.000723760342225, 0.000487501965836, 0.000348993198713, 0.000519604072906, 0.000432273955084, 0.000561797583941, 0.000496324442793, 0.000362105667591, 0.000278244580841, 0.000420353549998, 0.000444852368673, 0.000350547692506, 0.000525084149558, 0.000443422351964, 0.000435954512795, 0.000328354304656, 0.000266245828243, 0.000277801416814, 0.000260888395132, 0.000103266211227, 5.76258353249e-05, 8.91828888516e-10], "max": [0.00566773535684, 0.103536620736, 0.144588515162, 0.0666215121746, 0.0501715801656, 0.0119366776198, 0.0109131941572, 0.0156959760934, 0.0137482313439, 0.0220363084227, 0.0147474724799, 0.0162244439125, 0.0100689288229, 0.00784981716424, 0.00897968932986, 0.00913647934794, 0.00848477520049, 0.00889743771404, 0.00980790052563, 0.00838583707809, 0.0086530353874, 0.00991713721305, 0.0136874029413, 0.0197443589568, 0.00645557465032, 0.00195260031614, 3.15962438435e-08], "dmean2": [4.20588366978e-05, 0.00648411875591, 0.0118215912953, 0.00450875516981, 0.00292184436694, 0.000855820951983, 0.000579444982577, 0.000404610851547, 0.000503147311974, 0.000441248062998, 0.000558788829949, 0.000459234201116, 0.000395372742787, 0.000290719908662, 0.000506837794092, 0.000429783860454, 0.00041973113548, 0.000699087744579, 0.000541864021216, 0.000653628085274, 0.000612274510786, 0.000415494345361, 0.000421705190092, 0.000366532767657, 0.000156299793161, 8.10954370536e-05, 1.96615879133e-09], "median": [1.05929502752e-05, 0.00211864383891, 0.00124588026665, 0.00123970909044, 0.000891233910806, 0.00034787185723, 0.000219701672904, 0.000147479644511, 0.00024768844014, 0.000175865570782, 0.000196267239517, 0.000201436487259, 0.000154238077812, 9.79212636594e-05, 0.000173070948222, 0.000185324650374, 0.000127927574795, 0.000229122233577, 0.000209759629797, 0.000179573195055, 9.16995195439e-05, 8.663587505e-05, 6.38674246147e-05, 6.39297068119e-05, 2.84302641376e-05, 7.2702896432e-06, 3.36747491003e-10], "dvar": [1.0475082135e-08, 5.6053926528e-05, 0.000295674486551, 2.08230358112e-05, 1.54052850121e-05, 8.05675881566e-07, 5.24638835486e-07, 2.56390393361e-07, 3.575365497e-07, 3.85746176335e-07, 5.4770623592e-07, 3.99944099172e-07, 2.44688180828e-07, 1.39235780239e-07, 4.54075177458e-07, 2.54821600265e-07, 2.76952988543e-07, 7.17991952115e-07, 4.68149892185e-07, 7.9080029991e-07, 8.48117679197e-07, 3.75064871605e-07, 4.41523525296e-07, 4.54836879271e-07, 6.22421936214e-08, 1.9652919292e-08, 2.77987155661e-18]}, "melbands_skewness": {"dvar2": 3.91553449631, "var": 5.23536872864, "min": -4.04184150696, "dmean": 1.12519407272, "mean": 3.0475628376, "max": 19.6223278046, "dmean2": 1.69737172127, "median": 2.57772827148, "dvar": 1.76367998123}, "barkbands_skewness": {"dvar2": 1.83840966225, "var": 2.40252494812, "min": -4.01255130768, "dmean": 0.745919704437, "mean": 1.43454933167, "max": 13.3063364029, "dmean2": 1.13983201981, "median": 1.11732828617, "dvar": 0.82986164093}, "erbbands": {"dvar2": [0.0318396016955, 9.57804393768, 673.165222168, 867.728637695, 353.184753418, 545.375915527, 248.845550537, 155.711166382, 226.860870361, 397.048126221, 275.357055664, 397.266296387, 715.283203125, 2262.2175293, 1863.47375488, 948.282287598, 986.004333496, 967.090942383, 1172.59606934, 3284.03369141, 2037.31274414, 2857.75854492, 5842.88574219, 3022.41601563, 3825.89233398, 4228.26220703, 6258.97753906, 2780.25878906, 1663.33166504, 1014.81573486, 882.870727539, 733.51574707, 200.698959351, 26.3289928436, 5.47155666351, 0.466047465801, 0.420840859413, 0.00227376818657, 6.71372447414e-07, 2.8240203509e-09], "var": [0.0192075446248, 7.36216688156, 190.132598877, 319.072937012, 139.464736938, 144.189163208, 102.086608887, 68.238899231, 111.590522766, 169.617477417, 245.821228027, 364.399963379, 475.908203125, 1807.56079102, 2133.22314453, 1116.03857422, 784.035461426, 719.884460449, 706.485290527, 1715.89440918, 1791.85375977, 1599.28979492, 2105.38671875, 1283.53881836, 1445.85144043, 1214.6887207, 1470.2076416, 714.336669922, 476.118408203, 353.489074707, 459.987213135, 491.309997559, 117.649787903, 19.2101783752, 4.53119087219, 0.381160408258, 0.19598223269, 0.00117189146113, 3.54377249323e-07, 2.1004220585e-09], "min": [9.86889074777e-22, 8.11155280655e-21, 1.81261460878e-20, 2.66971589505e-20, 4.29524971425e-20, 1.29251739925e-19, 4.57989225655e-19, 7.36480775374e-19, 8.84492441679e-19, 1.23078612505e-18, 1.84017783714e-18, 1.38751048475e-18, 1.44327703709e-18, 3.98622473092e-18, 3.37586490733e-18, 4.18635363551e-18, 2.63944978941e-18, 4.32060298097e-18, 7.31784188613e-18, 1.43756330769e-17, 1.14530972665e-17, 9.81348384451e-18, 1.34145567386e-17, 1.80122863179e-17, 1.24044922829e-17, 1.84987876321e-17, 1.10551654892e-17, 1.89663117687e-17, 1.49807487822e-17, 1.55655026096e-17, 1.13241844767e-17, 1.93894493936e-17, 1.37990526212e-17, 1.10253787153e-17, 8.86296150364e-18, 5.28416251548e-18, 3.05044006023e-18, 1.75791679317e-18, 4.20977468586e-19, 4.00047647127e-20], "dmean": [0.0608120001853, 1.24255597591, 6.34620428085, 9.13418197632, 6.24115276337, 5.75903320313, 5.00967073441, 3.68502283096, 4.29693126678, 5.50936746597, 5.76255893707, 6.49006652832, 6.72812843323, 13.4631547928, 10.7900629044, 9.61330032349, 10.446972847, 9.68067455292, 10.5446977615, 15.9113283157, 15.1373920441, 14.8896007538, 22.4292068481, 15.9619083405, 17.2240447998, 16.122297287, 17.2419815063, 11.8597021103, 9.3510723114, 7.88530635834, 7.01872730255, 5.07559251785, 3.41501402855, 1.18239998817, 0.673534095287, 0.203995466232, 0.135168462992, 0.0101245949045, 0.000188428151887, 2.32960719586e-05], "mean": [0.0838640406728, 1.6809438467, 5.73622941971, 10.6021842957, 7.66336345673, 6.56680059433, 6.1848025322, 4.97045278549, 6.26817464828, 7.43752193451, 9.33024597168, 10.8661880493, 11.3913478851, 22.2808094025, 19.4241733551, 18.255771637, 17.3471565247, 14.9348802567, 16.3543586731, 23.8931236267, 25.5148277283, 22.3594169617, 28.5208644867, 23.7155075073, 23.1489334106, 19.0572052002, 16.4188117981, 11.5421915054, 10.0112409592, 8.78965568542, 7.62047290802, 5.79306650162, 3.87131524086, 1.3304131031, 0.700646340847, 0.220357745886, 0.138634681702, 0.0103423930705, 0.000206724114832, 4.14205314883e-05], "max": [2.2278342247, 29.0580387115, 134.490768433, 214.511260986, 188.403747559, 176.458084106, 107.78276825, 130.146362305, 191.267074585, 273.049163818, 219.473983765, 336.249542236, 942.679931641, 1043.44934082, 724.20098877, 516.549560547, 541.70526123, 490.504119873, 351.429168701, 539.019958496, 607.918884277, 446.225708008, 542.143371582, 439.010192871, 485.776885986, 385.897735596, 370.633972168, 343.438751221, 441.265319824, 272.263824463, 393.709594727, 503.153778076, 270.814727783, 92.3856735229, 46.6996612549, 14.2770185471, 5.36155033112, 0.403537929058, 0.00689642177895, 0.000365401181625], "dmean2": [0.0979357138276, 1.81590986252, 10.791852951, 15.460474968, 10.7158575058, 9.95473384857, 8.45378684998, 6.18464279175, 7.16013240814, 9.33210659027, 9.22323608398, 10.3304548264, 10.8440904617, 21.7935447693, 17.5235919952, 15.4695625305, 16.5857639313, 15.6996421814, 17.0869045258, 26.0985412598, 24.3422260284, 25.6170711517, 38.7791023254, 26.81848526, 29.4382400513, 28.2400417328, 31.1531219482, 21.1754550934, 16.1362228394, 13.1388139725, 11.5443668365, 8.3925113678, 5.47519302368, 1.91810250282, 1.09060394764, 0.325112223625, 0.205024257302, 0.0147229386494, 0.000275266502285, 3.36203956977e-05], "median": [0.0329278297722, 0.586432695389, 1.66930699348, 3.80220746994, 3.54552602768, 3.07775497437, 2.47746896744, 2.39652729034, 3.04689455032, 3.52681970596, 4.45994377136, 5.31688022614, 5.58126306534, 8.33806610107, 6.81454181671, 8.17273521423, 8.10300064087, 6.10985183716, 7.11638069153, 10.7303218842, 11.6089601517, 9.05076599121, 12.6864128113, 11.9124279022, 10.6599874496, 8.11615562439, 5.11999416351, 3.04896402359, 2.92510080338, 2.66349554062, 1.73938083649, 1.34717428684, 0.947667837143, 0.356417119503, 0.191668003798, 0.0622080825269, 0.00549289351329, 0.000219320267206, 2.70869786618e-05, 2.69354641205e-05], "dvar": [0.0132015310228, 4.61247634888, 252.422897339, 318.315124512, 134.37953186, 198.316253662, 92.4442977905, 58.773727417, 85.1290740967, 145.313812256, 112.016113281, 165.755203247, 318.468383789, 892.307189941, 768.335571289, 383.990203857, 413.769927979, 405.557342529, 467.76550293, 1332.81066895, 861.44708252, 1041.14819336, 2153.47290039, 1133.5324707, 1430.63098145, 1533.33972168, 2225.45849609, 1000.09362793, 602.261901855, 377.696136475, 350.48840332, 306.941955566, 82.8363876343, 11.3733253479, 2.45780897141, 0.212780103087, 0.176705151796, 0.00100721255876, 2.97078798894e-07, 1.29536947835e-09]}, "silence_rate_30dB": {"dvar2": 0.047514308244, "var": 0.0107005843893, "min": 0, "dmean": 0.0175953079015, "mean": 0.989180982113, "max": 1, "dmean2": 0.0351941734552, "median": 1, "dvar": 0.0172855127603}, "melbands_spread": {"dvar2": 551.074890137, "var": 729.111450195, "min": 0.348814308643, "dmean": 12.3694086075, "mean": 33.0550765991, "max": 265.327270508, "dmean2": 19.6322460175, "median": 26.6309089661, "dvar": 249.639923096}, "melbands_crest": {"dvar2": 27.7419471741, "var": 29.2622470856, "min": 2.01917815208, "dmean": 3.97495365143, "mean": 14.4615440369, "max": 37.7278785706, "dmean2": 6.24114322662, "median": 13.8129062653, "dvar": 11.4449186325}, "zerocrossingrate": {"dvar2": 0.00032019536593, "var": 0.00203280732967, "min": 0.005859375, "dmean": 0.0160954557359, "mean": 0.078467041254, "max": 0.5009765625, "dmean2": 0.019035808742, "median": 0.07177734375, "dvar": 0.000250009121373}, "barkbands_kurtosis": {"dvar2": 274.063201904, "var": 154.414962769, "min": -1.92459177971, "dmean": 4.17985153198, "mean": 4.33226633072, "max": 291.184783936, "dmean2": 6.76747560501, "median": 0.530970692635, "dvar": 115.05531311}, "spectral_flux": {"dvar2": 0.00287995347753, "var": 0.00425349408761, "min": 1.05797440253e-10, "dmean": 0.0325033143163, "mean": 0.088283456862, "max": 0.410828471184, "dmean2": 0.0461087226868, "median": 0.0740343555808, "dvar": 0.00170002819505}, "barkbands_crest": {"dvar2": 17.0506858826, "var": 18.9773750305, "min": 2.05087351799, "dmean": 3.0434243679, "mean": 9.85331344604, "max": 25.8936271667, "dmean2": 4.89385890961, "median": 9.12908649445, "dvar": 7.19230270386}, "barkbands_flatness_db": {"dvar2": 0.00165934744291, "var": 0.0029789430555, "min": 0.0278928689659, "dmean": 0.027090838179, "mean": 0.13839520514, "max": 0.480508476496, "dmean2": 0.0415845885873, "median": 0.125811874866, "dvar": 0.000716763664968}, "spectral_entropy": {"dvar2": 0.0998596027493, "var": 0.238678693771, "min": 4.4787364006, "dmean": 0.203553125262, "mean": 7.72849941254, "max": 9.81447505951, "dmean2": 0.304025858641, "median": 7.79189491272, "dvar": 0.0452321693301}, "pitch_salience": {"dvar2": 0.0205762479454, "var": 0.0158032476902, "min": 0.0927960798144, "dmean": 0.0964331775904, "mean": 0.538156509399, "max": 0.859882295132, "dmean2": 0.155335813761, "median": 0.54977786541, "dvar": 0.00872123241425}, "erbbands_spread": {"dvar2": 303.743408203, "var": 451.860351563, "min": 0.972264647484, "dmean": 11.2874240875, "mean": 45.8792114258, "max": 150.660720825, "dmean2": 16.9459342957, "median": 43.1679534912, "dvar": 135.860748291}, "dynamic_complexity": 4.03821372986, "spectral_contrast_valleys": {"dvar2": [0.323277235031, 0.417079895735, 0.307471722364, 0.313364326954, 0.518415510654, 0.706067383289], "var": [3.04485988617, 2.84413504601, 2.29061317444, 2.21173167229, 2.51592302322, 2.56244468689], "min": [-26.980764389, -27.3048419952, -27.4278507233, -27.0376777649, -27.1159038544, -27.1595516205], "dmean": [0.443743616343, 0.428269952536, 0.361895173788, 0.3569021523, 0.376560926437, 0.519270598888], "mean": [-7.62909841537, -7.40031576157, -7.71637916565, -7.92607831955, -7.669028759, -10.1914958954], "max": [-5.33230876923, -4.8490896225, -5.36077928543, -5.63361978531, -5.05848741531, -6.93249177933], "dmean2": [0.706356704235, 0.689529657364, 0.588335573673, 0.569076776505, 0.575747609138, 0.701331794262], "median": [-7.12476634979, -6.92013692856, -7.31841278076, -7.59355545044, -7.36112499237, -9.85007381439], "dvar": [0.152282446623, 0.180521383882, 0.134437024593, 0.151867121458, 0.242415249348, 0.316672861576]}, "hfc": {"dvar2": 2013.60717773, "var": 845.285339355, "min": 1.25424469839e-16, "dmean": 13.1342973709, "mean": 22.0618190765, "max": 306.435882568, "dmean2": 20.9546413422, "median": 14.2997589111, "dvar": 769.300231934}, "spectral_kurtosis": {"dvar2": 21.1202030182, "var": 15.4549465179, "min": -1.21765935421, "dmean": 1.51076257229, "mean": 3.45642924309, "max": 42.1959762573, "dmean2": 2.52583146095, "median": 2.60206699371, "dvar": 6.95798444748}, "mfcc": {"mean": [-658.532226563, 94.2158584595, -1.23977041245, 28.0065479279, 8.72078800201, 9.79447555542, 7.22980499268, 12.1210231781, -0.510585784912, 3.53451633453, -3.28964352608, -1.25313472748, -0.27077460289], "cov": [[14672.5566406, 794.153320313, 874.492980957, 838.26751709, -7.86710691452, 206.172637939, -32.32213974, -33.1223220825, -259.770721436, 137.43182373, -11.0039997101, 23.5433273315, -224.790847778], [794.153320313, 1104.98522949, 124.535217285, 147.668106079, 43.1024513245, 8.97691822052, 99.024055481, 40.1215667725, 13.7587080002, 64.9934844971, 4.48187637329, 1.49685299397, 4.97470283508], [874.492980957, 124.535217285, 917.560852051, 82.6516494751, 140.24987793, 72.5241012573, -33.0618515015, 27.267168045, -74.686416626, 40.9344711304, 54.9465141296, 8.73086929321, -22.2680244446], [838.26751709, 147.668106079, 82.6516494751, 465.778076172, 54.4575614929, 59.3077850342, 24.627368927, 4.09038496017, 33.8324813843, -21.0254669189, 12.3572473526, 21.8746318817, -22.1378307343], [-7.86710691452, 43.1024513245, 140.24987793, 54.4575614929, 185.075088501, 51.8137779236, 8.67515468597, 26.8472766876, 24.77891922, 41.9088554382, 14.3985080719, 11.4619779587, 9.98288726807], [206.172637939, 8.97691822052, 72.5241012573, 59.3077850342, 51.8137779236, 190.047866821, 71.1262130737, 31.7810440063, 16.8113861084, 1.21779084206, 30.0715923309, 1.44141972065, -6.35337686539], [-32.32213974, 99.024055481, -33.0618515015, 24.627368927, 8.67515468597, 71.1262130737, 149.009033203, 41.8963775635, 24.6036472321, 8.72873592377, 5.81842279434, 1.28568053246, 2.39489889145], [-33.1223220825, 40.1215667725, 27.267168045, 4.09038496017, 26.8472766876, 31.7810440063, 41.8963775635, 114.98891449, 43.981967926, 20.4216003418, 16.6883049011, 5.82455587387, 15.8472070694], [-259.770721436, 13.7587080002, -74.686416626, 33.8324813843, 24.77891922, 16.8113861084, 24.6036472321, 43.981967926, 110.997039795, 29.3354415894, 8.0464220047, 0.742048501968, 10.5722208023], [137.43182373, 64.9934844971, 40.9344711304, -21.0254669189, 41.9088554382, 1.21779084206, 8.72873592377, 20.4216003418, 29.3354415894, 108.057044983, 24.020532608, 8.14718532562, 2.41307687759], [-11.0039997101, 4.48187637329, 54.9465141296, 12.3572473526, 14.3985080719, 30.0715923309, 5.81842279434, 16.6883049011, 8.0464220047, 24.020532608, 91.2043533325, 29.0742835999, 5.46441173553], [23.5433273315, 1.49685299397, 8.73086929321, 21.8746318817, 11.4619779587, 1.44141972065, 1.28568053246, 5.82455587387, 0.742048501968, 8.14718532562, 29.0742835999, 78.3110809326, 27.6868934631], [-224.790847778, 4.97470283508, -22.2680244446, -22.1378307343, 9.98288726807, -6.35337686539, 2.39489889145, 15.8472070694, 10.5722208023, 2.41307687759, 5.46441173553, 27.6868934631, 84.8901062012]], "icov": [[9.64681166806e-05, -3.9429825847e-05, -4.31378211943e-05, -0.000186154124094, 0.000155040470418, -0.000140913281939, 0.000109189466457, -8.62633314682e-05, 0.000303551874822, -0.000285492511466, 0.000158948692842, -7.84296280472e-05, 0.000167802558281], [-3.9429825847e-05, 0.00110698654316, -0.000119865573652, -0.000331006391207, -3.64651459677e-05, 0.000470675702672, -0.000904631102458, -7.71874474594e-05, 0.000139912561281, -0.000602826243266, 6.2707469624e-05, 0.000256384286331, -0.000295545352856], [-4.31378211943e-05, -0.000119865573652, 0.00158360216301, -0.000128271974972, -0.00108204444405, -0.000358041172149, 0.000660916091874, -0.000720135169104, 0.00155232823454, -0.000278461753624, -0.000723603588995, 0.000271978322417, 0.000263446738245], [-0.000186154124094, -0.000331006391207, -0.000128271974972, 0.0030821042601, -0.000899817212485, -0.000264432863332, -0.000160762880114, 0.000723237055354, -0.0020035256166, 0.00198391266167, -0.00029458955396, -0.00106373697054, 0.000811140693258], [0.000155040470418, -3.64651459677e-05, -0.00108204444405, -0.000899817212485, 0.00784745533019, -0.00200708024204, 0.000869041017722, -0.000479459471535, -0.00077082804637, -0.00296562421136, 0.00136004411615, -0.000669466331601, -0.0008027771255], [-0.000140913281939, 0.000470675702672, -0.000358041172149, -0.000264432863332, -0.00200708024204, 0.0081521878019, -0.00399894174188, -0.000200397204026, -0.000664002494887, 0.00170245475601, -0.00261612352915, 0.00107065786142, 0.000286288443021], [0.000109189466457, -0.000904631102458, 0.000660916091874, -0.000160762880114, 0.000869041017722, -0.00399894174188, 0.0100958542898, -0.00270014163107, 0.000188364239875, -0.000722993456293, 0.00102472200524, -0.000506951997522, 0.000387817621231], [-8.62633314682e-05, -7.71874474594e-05, -0.000720135169104, 0.000723237055354, -0.000479459471535, -0.000200397204026, -0.00270014163107, 0.0121952984482, -0.00480915419757, 0.000266257266048, -0.00119357602671, 0.000208184530493, -0.00178295013029], [0.000303551874822, 0.000139912561281, 0.00155232823454, -0.0020035256166, -0.00077082804637, -0.000664002494887, 0.000188364239875, -0.00480915419757, 0.0146725028753, -0.00432567484677, 5.41254448763e-05, 0.0012393668294, -0.000498321081977], [-0.000285492511466, -0.000602826243266, -0.000278461753624, 0.00198391266167, -0.00296562421136, 0.00170245475601, -0.000722993456293, 0.000266257266048, -0.00432567484677, 0.0135331032798, -0.00329284812324, -0.000412661989685, 0.000671100337058], [0.000158948692842, 6.2707469624e-05, -0.000723603588995, -0.00029458955396, 0.00136004411615, -0.00261612352915, 0.00102472200524, -0.00119357602671, 5.41254448763e-05, -0.00329284812324, 0.0147981503978, -0.00543346814811, 0.000895182718523], [-7.84296280472e-05, 0.000256384286331, 0.000271978322417, -0.00106373697054, -0.000669466331601, 0.00107065786142, -0.000506951997522, 0.000208184530493, 0.0012393668294, -0.000412661989685, -0.00543346814811, 0.0171874091029, -0.0056930067949], [0.000167802558281, -0.000295545352856, 0.000263446738245, 0.000811140693258, -0.0008027771255, 0.000286288443021, 0.000387817621231, -0.00178295013029, -0.000498321081977, 0.000671100337058, 0.000895182718523, -0.0056930067949, 0.0148021010682]]}, "silence_rate_20dB": {"dvar2": 0, "var": 0, "min": 1, "dmean": 0, "mean": 1, "max": 1, "dmean2": 0, "median": 1, "dvar": 0}, "melbands_kurtosis": {"dvar2": 1931.42736816, "var": 1155.35107422, "min": -1.86127221584, "dmean": 13.1824817657, "mean": 18.6962985992, "max": 566.804260254, "dmean2": 21.0204753876, "median": 7.21116542816, "dvar": 789.977478027}, "barkbands_spread": {"dvar2": 263.812103271, "var": 325.549591064, "min": 0.492888838053, "dmean": 9.629570961, "mean": 31.1662216187, "max": 115.858306885, "dmean2": 15.2547578812, "median": 29.8207359314, "dvar": 110.285812378}, "erbbands_skewness": {"dvar2": 0.425543069839, "var": 0.488068163395, "min": -4.83001422882, "dmean": 0.382960736752, "mean": -0.188925713301, "max": 4.71398210526, "dmean2": 0.609009563923, "median": -0.228353261948, "dvar": 0.173840358853}, "average_loudness": 0.936819672585, "spectral_centroid": {"dvar2": 423057.875, "var": 593536, "min": 148.86328125, "dmean": 367.990692139, "mean": 1791.15490723, "max": 11022.9960938, "dmean2": 587.235534668, "median": 1784.02709961, "dvar": 184059.140625}, "dissonance": {"dvar2": 0.000621774408501, "var": 0.000355634168955, "min": 0.251085072756, "dmean": 0.01254064776, "mean": 0.478556990623, "max": 0.499999880791, "dmean2": 0.0212171692401, "median": 0.484052300453, "dvar": 0.000214853644138}, "erbbands_flatness_db": {"dvar2": 0.000736169691663, "var": 0.00354147236794, "min": 0.0298226773739, "dmean": 0.0203744396567, "mean": 0.145664453506, "max": 0.524141192436, "dmean2": 0.0288260877132, "median": 0.135266035795, "dvar": 0.000370041641872}, "spectral_strongpeak": {"dvar2": 1.89565598965, "var": 0.897435963154, "min": 0, "dmean": 0.43570664525, "mean": 0.632807672024, "max": 12.6646490097, "dmean2": 0.744803786278, "median": 0.340772867203, "dvar": 0.724586546421}, "spectral_rms": {"dvar2": 3.3090072975e-06, "var": 5.65063874092e-06, "min": 3.30455693191e-12, "dmean": 0.00107032130472, "mean": 0.00431738700718, "max": 0.0143445925787, "dmean2": 0.00148266018368, "median": 0.00417181337252, "dvar": 1.72047964497e-06}, "silence_rate_60dB": {"dvar2": 0.0422705039382, "var": 0.104691833258, "min": 0, "dmean": 0.0188087765127, "mean": 0.118806876242, "max": 1, "dmean2": 0.0376213602722, "median": 0, "dvar": 0.0184536427259}, "melbands": {"dvar2": [4.5789233809e-06, 9.41969701671e-05, 1.80803854164e-05, 2.19021285375e-06, 4.26996052738e-07, 7.35574161581e-08, 5.364809752e-08, 4.24098729468e-08, 2.14043662794e-08, 1.79648615983e-08, 1.78620442881e-08, 3.57207099455e-08, 1.78388059879e-08, 1.35057742767e-08, 1.05705675324e-08, 5.54117329798e-09, 3.46229223069e-09, 3.21582938057e-09, 6.46546993721e-09, 3.9316043754e-09, 2.78523559771e-09, 3.55957752163e-09, 4.49460380025e-09, 4.32197699851e-09, 1.9946508889e-09, 1.66667057933e-09, 2.05647565643e-09, 2.17837525796e-09, 2.48583731377e-09, 1.87799664708e-09, 7.81436804154e-10, 7.57700679976e-10, 2.05879757686e-10, 4.35662783627e-10, 3.73741315673e-10, 2.81009326919e-10, 2.90214186016e-10, 1.17791248977e-10, 5.43295582134e-11, 1.34008255881e-11], "var": [3.88896160075e-06, 3.34343021677e-05, 7.72224120738e-06, 6.44546901185e-07, 1.38831566687e-07, 3.45611645969e-08, 2.55985312947e-08, 1.91472668831e-08, 2.00182910248e-08, 1.58322137622e-08, 1.21211387594e-08, 2.82815868502e-08, 2.06218135901e-08, 1.2884761702e-08, 9.5257624011e-09, 3.76632902643e-09, 2.56763010853e-09, 1.89358084768e-09, 4.00804278655e-09, 2.94320545713e-09, 2.40375119809e-09, 2.31577468313e-09, 1.4971207607e-09, 1.68800695644e-09, 8.78960959572e-10, 7.59861340516e-10, 7.87179543771