{"tonal": {"thpcp": [1, 0.539552927017, 0.198452815413, 0.171676680446, 0.206645995378, 0.437286108732, 0.621836185455, 0.40042886138, 0.168301329017, 0.139670327306, 0.151738494635, 0.360254019499, 0.525107622147, 0.384874939919, 0.360174506903, 0.40978243947, 0.270531922579, 0.200854420662, 0.22890406847, 0.243362426758, 0.581963837147, 0.952463746071, 0.632870852947, 0.20631942153, 0.128009274602, 0.156629443169, 0.376213163137, 0.547432720661, 0.414480447769, 0.288990557194, 0.196700543165, 0.126128897071, 0.281618416309, 0.409719944, 0.411741942167, 0.779867291451], "hpcp": {"dmean2": [0.225983738899, 0.198575049639, 0.146270960569, 0.128504350781, 0.133400797844, 0.175159111619, 0.206264272332, 0.20110937953, 0.195212244987, 0.173565208912, 0.159563198686, 0.150676310062, 0.156654313207, 0.173689767718, 0.252636909485, 0.301053375006, 0.262236267328, 0.165263399482, 0.11320528388, 0.132637128234, 0.183539792895, 0.207472980022, 0.228189259768, 0.267171055079, 0.19539219141, 0.120630964637, 0.169546291232, 0.204742491245, 0.266847908497, 0.341309756041, 0.309502393007, 0.267160534859, 0.18179127574, 0.159089609981, 0.187500849366, 0.228479996324], "median": [0.0953368768096, 0.0597368627787, 0.0173522364348, 0.0135994646698, 0.0158027261496, 0.0527394749224, 0.0744456574321, 0.051394417882, 0.0352792739868, 0.0269465651363, 0.0227023474872, 0.0264642331749, 0.0251493528485, 0.0305746216327, 0.140911370516, 0.245218783617, 0.14763957262, 0.0262960661203, 0.0111920284107, 0.0143720088527, 0.0509305261075, 0.0845215246081, 0.0659263581038, 0.029646564275, 0.017563726753, 0.0102097410709, 0.0281585343182, 0.0426220484078, 0.0538126081228, 0.178691983223, 0.233311057091, 0.11116874218, 0.0196441765875, 0.0145293138921, 0.017065834254, 0.0609485805035], "min": [0, 0, 0, 0, 0, 0, 0, 0, 0, 0, 0, 0, 0, 0, 0, 0, 0, 0, 0, 0, 0, 0, 0, 0, 0, 0, 0, 0, 0, 0, 0, 0, 0, 0, 0, 0], "dvar2": [0.101586170495, 0.0972039029002, 0.0831856131554, 0.0778050497174, 0.0744494125247, 0.0804848372936, 0.0947630628943, 0.0958914458752, 0.100947894156, 0.0872031077743, 0.0846525132656, 0.0770154222846, 0.0786583647132, 0.0832039788365, 0.0930746346712, 0.110695891082, 0.0985936969519, 0.0818312466145, 0.0583581440151, 0.0704941153526, 0.0843236222863, 0.0852381512523, 0.0997956246138, 0.163924828172, 0.103975266218, 0.0669245272875, 0.0888731852174, 0.100972004235, 0.132838279009, 0.157899677753, 0.136348739266, 0.11902141571, 0.104572489858, 0.0966857969761, 0.113121300936, 0.120949141681], "dvar": [0.0420013219118, 0.0361022502184, 0.0298093110323, 0.0276263579726, 0.0267251078039, 0.0305951759219, 0.0388071611524, 0.0362423807383, 0.0367444492877, 0.0356038808823, 0.0314266122878, 0.028233261779, 0.029841888696, 0.0308586061001, 0.0355631224811, 0.0473457500339, 0.0382254421711, 0.0290787201375, 0.0205940101296, 0.0249311886728, 0.0321248099208, 0.0362254418433, 0.0367048457265, 0.057088598609, 0.035862814635, 0.0235289949924, 0.0331308282912, 0.0405549108982, 0.0498482361436, 0.0564057007432, 0.0565034113824, 0.0437762923539, 0.0364882983267, 0.0339517332613, 0.0401042401791, 0.0445435121655], "dmean": [0.133657619357, 0.114592902362, 0.0796764343977, 0.0694274455309, 0.0729732513428, 0.101340800524, 0.121932767332, 0.116351179779, 0.110901929438, 0.100725926459, 0.0909890010953, 0.0836662352085, 0.0874361842871, 0.0984269604087, 0.149446591735, 0.181076094508, 0.154514193535, 0.0911536216736, 0.0612826012075, 0.0728835910559, 0.108659811318, 0.124907158315, 0.131123378873, 0.143679141998, 0.104339458048, 0.0654069408774, 0.0961875244975, 0.117891706526, 0.151884108782, 0.19546931982, 0.1814571172, 0.152701690793, 0.0982086509466, 0.0858799144626, 0.101890996099, 0.130375027657], "max": [1, 1, 1, 1, 1, 1, 1, 1, 1, 1, 1, 1, 1, 1, 1, 1, 1, 1, 1, 1, 1, 1, 1, 1, 1, 1, 1, 1, 1, 1, 1, 1, 1, 1, 1, 1], "var": [0.0913517922163, 0.0459145456553, 0.0210476592183, 0.0182363688946, 0.0184987168759, 0.0424456335604, 0.0802890360355, 0.0489905066788, 0.0509334541857, 0.0745756700635, 0.036128949374, 0.0223973058164, 0.0287967976183, 0.0285535529256, 0.0513772033155, 0.106284864247, 0.0613642781973, 0.0221420209855, 0.014478947036, 0.0186070371419, 0.0473211221397, 0.0814880654216, 0.0486260391772, 0.041919849813, 0.0243583861738, 0.0160004366189, 0.0401287972927, 0.0676236748695, 0.055050291121, 0.092158511281, 0.139076948166, 0.0557175800204, 0.0255701616406, 0.023074304685, 0.0293428227305, 0.0564050860703], "mean": [0.238720431924, 0.153723046184, 0.0646102130413, 0.0536188818514, 0.0582518018782, 0.138300091028, 0.201586738229, 0.147751957178, 0.138269558549, 0.157313853502, 0.103856131434, 0.0771072134376, 0.0878753587604, 0.0934258699417, 0.223413601518, 0.365647047758, 0.242956608534, 0.0792052075267, 0.0491422489285, 0.0601294189692, 0.144426733255, 0.210157245398, 0.159117400646, 0.110942326486, 0.0755125582218, 0.0484203845263, 0.108112186193, 0.157289862633, 0.158066093922, 0.299387961626, 0.383896023035, 0.207132220268, 0.0761852487922, 0.065905995667, 0.0793305784464, 0.167872399092]}, "tuning_equal_tempered_deviation": 0.0102103203535, "chords_changes_rate": 0.0434938259423, "key_key": "G", "tuning_diatonic_strength": 0.714391350746, "key_scale": "major", "chords_number_rate": 0.00125290849246, "tuning_frequency": 440.763122559, "tuning_nontempered_energy_ratio": 0.644958972931, "chords_histogram": [38.5358886719, 3.20386600494, 20.404510498, 0.75174510479, 0.608555555344, 0.357973873615, 0, 0, 0, 0, 0.590656876564, 0, 0, 0.0357973873615, 0, 0.0178986936808, 0, 2.66690540314, 0, 0.680150330067, 0, 3.6155359745, 17.3617324829, 11.1687850952], "key_strength": 0.920133829117, "chords_key": "G", "chords_strength": {"dmean2": 0.00845340359956, "median": 0.525065422058, "min": -1, "dvar2": 0.000712051813025, "dvar": 0.000390166242141, "dmean": 0.00918989721686, "max": 0.789216995239, "var": 0.0184637401253, "mean": 0.513703107834}, "chords_scale": "major", "hpcp_entropy": {"dmean2": 0.939887225628, "median": 1.9563485384, "min": 0, "dvar2": 0.649031698704, "dvar": 0.243674784899, "dmean": 0.559923648834, "max": 4.4049706459, "var": 0.505224466324, "mean": 1.9322116375}}, "metadata": {"audio_properties": {"equal_loudness": 0, "codec": "mp3", "downmix": "mix", "sample_rate": 44100, "analysis_sample_rate": 44100, "bit_rate": 160016, "md5_encoded": "220eeffbe6655e30d87433677f752ee8", "length": 259.395904541, "replay_gain": -13.554649353, "lossless": false}, "version": {"essentia_build_sha": "70f2e5ece6736b2c40cc944ad0e695b16b925413", "essentia": "2.1-beta2", "extractor": "music 1.0", "essentia_git_sha": "v2.1_beta2"}, "tags": {"title": ["Another Australian Day"], "media": ["CD"], "albumartist": ["Troy Cassar-Daley"], "musicbrainz_recordingid": ["0f29cdec-ce81-444a-95c9-c9268d90c542"], "encoding": ["Lavf56.36.100"], "musicbrainz_albumartistid": ["90d950a3-05a6-428b-93b9-33f9c04b1d32"], "originalyear": ["2015"], "discnumber": ["1/1"], "album": ["Freedom Ride"], "musicbrainz album release country": ["AU"], "musicbrainz album type": ["album"], "musicbrainz album status": ["official"], "asin": ["B00UC5KA7G"], "date": ["2015"], "file_name": "Troy Cassar-Daley - Another Australian Day.mp3", "musicbrainz_releasegroupid": ["5783d836-3eee-4644-b481-2a366da5a834"], "script": ["Latn"], "originaldate": ["2015"], "musicbrainz_albumid": ["173e35c2-8436-402e-a894-739d1ba8601a"], "artist": ["Troy Cassar-Daley"], "artistsort": ["Cassar-Daley, Troy"], "tracknumber": ["5/12"], "label": ["Liberation Music"], "albumartistsort": ["Cassar-Daley, Troy"], "musicbrainz_artistid": ["90d950a3-05a6-428b-93b9-33f9c04b1d32"]}}, "rhythm": {"bpm_histogram_first_peak_bpm": {"dmean2": 0, "median": 123, "min": 123, "dvar2": 0, "dvar": 0, "dmean": 0, "max": 123, "var": 0, "mean": 123}, "bpm": 122.027389526, "bpm_histogram_second_peak_spread": {"dmean2": 0, "median": 0.166666686535, "min": 0.166666686535, "dvar2": 0, "dvar": 0, "dmean": 0, "max": 0.166666686535, "var": 0, "mean": 0.166666686535}, "bpm_histogram_first_peak_weight": {"dmean2": 0, "median": 0.620229005814, "min": 0.620229005814, "dvar2": 0, "dvar": 0, "dmean": 0, "max": 0.620229005814, "var": 0, "mean": 0.620229005814}, "onset_rate": 3.13399457932, "beats_position": [0.49922901392, 1.01006805897, 1.50929701328, 1.99691605568, 2.48453521729, 2.97215414047, 3.45977306366, 3.95900225639, 4.45823097229, 4.94585037231, 5.4334692955, 5.93269824982, 6.43192720413, 6.91954612732, 7.40716552734, 7.89478445053, 8.38240337372, 8.87002277374, 9.35764122009, 9.84526062012, 10.3328800201, 10.8321084976, 11.3313379288, 11.8305664062, 12.3181858063, 12.8174142838, 13.3050336838, 13.7926530838, 14.2802715302, 14.7678909302, 15.2555103302, 15.7547388077, 16.242357254, 16.7415866852, 17.2292060852, 17.7168254852, 18.2160549164, 18.7152824402, 19.2029018402, 19.6905212402, 20.1897506714, 20.6889801025, 21.1765975952, 21.6642169952, 22.1634464264, 22.6626758575, 23.1502952576, 23.6379127502, 24.1255321503, 24.6247615814, 25.1239910126, 25.6116104126, 26.0992279053, 26.5868473053, 27.0744667053, 27.5620861053, 28.0497055054, 28.5489330292, 29.0481624603, 29.5357818604, 30.0350112915, 30.5226306915, 31.0102481842, 31.5094776154, 31.9970970154, 32.4847145081, 32.9839439392, 33.4831733704, 33.9707946777, 34.4584121704, 34.9460296631, 35.4336509705, 35.9328804016, 36.4321098328, 36.9197273254, 37.4073448181, 37.8949661255, 38.3825836182, 38.8818130493, 39.3810424805, 39.8686599731, 40.3678894043, 40.8671188354, 41.3547401428, 41.8423576355, 42.3299751282, 42.8175964355, 43.3052139282, 43.7928352356, 44.2804527283, 44.7796821594, 45.2789115906, 45.7665290833, 46.2541503906, 46.7417678833, 47.2409973145, 47.7286148071, 48.2162361145, 48.7038536072, 49.2030830383, 49.690700531, 50.1899299622, 50.6775512695, 51.1651687622, 51.6643981934, 52.152015686, 52.6396369934, 53.1388664246, 53.6264839172, 54.1257133484, 54.6133308411, 55.1009521484, 55.5885696411, 56.0877990723, 56.5870285034, 57.0746459961, 57.5622673035, 58.0614967346, 58.5607261658, 59.0483436584, 59.5359611511, 60.0235824585, 60.5111999512, 61.0104293823, 61.5096588135, 61.9972763062, 62.4848976135, 62.9725151062, 63.4601364136, 63.9477539062, 64.4353713989, 64.9229888916, 65.4222183228, 65.9214477539, 66.409072876, 66.8966903687, 67.3843078613, 67.8835372925, 68.3827667236, 68.8703842163, 69.358001709, 69.8572311401, 70.3564605713, 70.844078064, 71.3316955566, 71.8193206787, 72.3069381714, 72.8061676025, 73.3053970337, 73.7930145264, 74.280632019, 74.7682495117, 75.2558746338, 75.7434921265, 76.2427215576, 76.7419509888, 77.2295684814, 77.7171859741, 78.2048034668, 78.7040328979, 79.2032623291, 79.6908798218, 80.1785049438, 80.6661224365, 81.1537399292, 81.6529693604, 82.1521987915, 82.6398162842, 83.1274337769, 83.6150588989, 84.1142807007, 84.6135101318, 85.1011352539, 85.5887527466, 86.0763702393, 86.5755996704, 87.0748291016, 87.5624465942, 88.0500640869, 88.537689209, 89.0253067017, 89.5129241943, 90.0121536255, 90.5113830566, 90.9990005493, 91.486618042, 91.9742355347, 92.4734649658, 92.972694397, 93.460319519, 93.9479370117, 94.4471664429, 94.946395874, 95.4340133667, 95.9216308594, 96.4092483521, 96.8968658447, 97.3960952759, 97.895324707, 98.3829498291, 98.8705673218, 99.3697967529, 99.8574142456, 100.356643677, 100.844261169, 101.331878662, 101.819496155, 102.318725586, 102.817955017, 103.305580139, 103.804801941, 104.304031372, 104.791656494, 105.279273987, 105.766891479, 106.254508972, 106.742126465, 107.229751587, 107.71736908, 108.216598511, 108.704216003, 109.203445435, 109.691062927, 110.190292358, 110.68952179, 111.177139282, 111.664756775, 112.152381897, 112.63999939, 113.127616882, 113.615234375, 114.114463806, 114.602081299, 115.10131073, 115.588935852, 116.076553345, 116.575782776, 117.075012207, 117.5626297, 118.050247192, 118.537864685, 119.025482178, 119.524711609, 120.02394104, 120.511566162, 120.999183655, 121.498413086, 121.997642517, 122.48526001, 122.972877502, 123.472106934, 123.971336365, 124.458953857, 124.94657135, 125.434196472, 125.921813965, 126.409431458, 126.89704895, 127.384666443, 127.883895874, 128.383132935, 128.870742798, 129.35836792, 129.857589722, 130.356826782, 130.844436646, 131.332061768, 131.81968689, 132.318908691, 132.818145752, 133.305755615, 133.793380737, 134.280990601, 134.768615723, 135.267837524, 135.767074585, 136.254684448, 136.74230957, 137.229934692, 137.717544556, 138.216781616, 138.704391479, 139.192016602, 139.679641724, 140.178863525, 140.666488647, 141.165710449, 141.66494751, 142.152557373, 142.640182495, 143.139404297, 143.627029419, 144.126251221, 144.613876343, 145.101501465, 145.589111328, 146.07673645, 146.575958252, 147.075195312, 147.562805176, 148.050430298, 148.538040161, 149.025665283, 149.513290405, 150.000900269, 150.488525391, 150.987747192, 151.486984253, 151.974594116, 152.473831177, 152.973052979, 153.460678101, 153.948303223, 154.435913086, 154.923538208, 155.42276001, 155.910385132, 156.409606934, 156.908843994, 157.408065796, 157.895690918, 158.383300781, 158.882537842, 159.370162964, 159.869384766, 160.357009888, 160.844619751, 161.332244873, 161.819854736, 162.319091797, 162.818313599, 163.305938721, 163.793563843, 164.292785645, 164.792022705, 165.279632568, 165.76725769, 166.254867554, 166.754104614, 167.241714478, 167.7293396, 168.228561401, 168.716186523, 169.203811646, 169.691421509, 170.179046631, 170.666656494, 171.165893555, 171.665115356, 172.152740479, 172.65196228, 173.139587402, 173.627212524, 174.126434326, 174.614059448, 175.101669312, 175.589294434, 176.076919556, 176.564529419, 177.052154541, 177.551376343, 178.050613403, 178.538223267, 179.025848389, 179.513473511, 180.001083374, 180.500320435, 180.999542236, 181.487167358, 181.974777222, 182.462402344, 182.961624146, 183.460861206, 183.948471069, 184.436096191, 184.935317993, 185.434555054, 185.922180176, 186.421401978, 186.920639038, 187.408248901, 187.895874023, 188.383483887, 188.871109009, 189.358734131, 189.846343994, 190.333969116, 190.844802856, 191.332427979, 191.820037842, 192.307662964, 192.795272827, 193.294509888, 193.78213501, 194.269744873, 194.768981934, 195.256591797, 195.755828857, 196.255050659, 196.742675781, 197.230285645, 197.729522705, 198.228744507, 198.716369629, 199.203994751, 199.691604614, 200.179229736, 200.678451538, 201.16607666, 201.653686523, 202.152923584, 202.640533447, 203.128158569, 203.62739563, 204.126617432, 204.614242554, 205.101852417, 205.589477539, 206.088699341, 206.576324463, 207.075546265, 207.563171387, 208.050796509, 208.561630249, 209.049255371, 209.536865234, 210.024490356, 210.51210022, 210.999725342, 211.498947144, 211.986572266, 212.485794067, 212.973419189, 213.461044312, 213.948654175, 214.436279297, 214.92388916, 215.423126221, 215.922348022, 216.409973145, 216.897598267, 217.396820068, 217.896057129, 218.383666992, 218.871292114, 219.358901978, 219.8465271, 220.334152222, 220.833374023, 221.332611084, 221.820220947, 222.307846069, 222.795455933, 223.294692993, 223.782302856, 224.281539917, 224.76914978, 225.256774902, 225.744400024, 226.232009888, 226.731246948, 227.23046875, 227.718093872, 228.217315674, 228.704940796, 229.192550659, 229.69178772, 230.179412842, 230.667022705, 231.166259766, 231.665481567, 232.153106689, 232.640716553, 233.128341675, 233.615966797, 234.115188599, 234.6144104, 235.102035522, 235.589660645, 236.077270508, 236.576507568, 237.064117432, 237.563354492, 238.050964355, 238.538589478, 239.0262146, 239.513824463, 240.001449585, 240.500671387, 240.999908447, 241.487518311, 241.986755371, 242.474365234, 242.973602295, 243.461227417, 243.94883728, 244.436462402, 244.924072266, 245.411697388, 245.910919189, 246.41015625, 246.897766113, 247.397003174, 247.896224976, 248.395462036, 248.894683838, 249.405532837, 249.939590454, 250.462036133, 250.984481812, 251.530151367, 252.075820923, 252.621490479, 253.155548096, 253.689605713, 254.188842773, 254.676452637, 255.164077759, 255.674911499, 256.185760498, 256.696594238, 257.207427979, 257.718261719, 258.229125977, 258.774780273], "beats_loudness": {"dmean2": 0.0242146644741, "median": 0.0462842397392, "min": 0, "dvar2": 0.000360548612662, "dvar": 0.000118579213449, "dmean": 0.0142136765644, "max": 0.0960860624909, "var": 0.000242564026848, "mean": 0.0458748415112}, "danceability": 1.06730782986, "bpm_histogram_second_peak_weight": {"dmean2": 0, "median": 0.019083969295, "min": 0.019083969295, "dvar2": 0, "dvar": 0, "dmean": 0, "max": 0.019083969295, "var": 0, "mean": 0.019083969295}, "beats_count": 525, "bpm_histogram_second_peak_bpm": {"dmean2": 0, "median": 117, "min": 117, "dvar2": 0, "dvar": 0, "dmean": 0, "max": 117, "var": 0, "mean": 117}, "bpm_histogram_first_peak_spread": {"dmean2": 0, "median": 0.356435656548, "min": 0.356435656548, "dvar2": 0, "dvar": 0, "dmean": 0, "max": 0.356435656548, "var": 0, "mean": 0.356435656548}, "beats_loudness_band_ratio": {"dmean2": [0.358310222626, 0.213542982936, 0.224569648504, 0.11292091012, 0.0904910936952, 0.0719086676836], "median": [0.548255324364, 0.10439299047, 0.121583759785, 0.0662755891681, 0.0517474785447, 0.0340508632362], "min": [0, 0, 0, 0, 0, 0], "dvar2": [0.0715552642941, 0.036185644567, 0.0450127124786, 0.0161630678922, 0.008016387932, 0.00726639851928], "dvar": [0.0249024722725, 0.0121371559799, 0.0158512052149, 0.00578091293573, 0.00276525388472, 0.00383237400092], "dmean": [0.200565129519, 0.118057280779, 0.128882557154, 0.0636494234204, 0.0507067814469, 0.0394930206239], "max": [0.966465115547, 0.631723344326, 0.739702403545, 0.490179806948, 0.356042683125, 0.96177726984], "var": [0.0501090735197, 0.015632821247, 0.0230663474649, 0.00603400263935, 0.00334657751955, 0.00494659785181], "mean": [0.543542802334, 0.146900773048, 0.175271034241, 0.0868665799499, 0.0673311725259, 0.0467411726713]}}, "lowlevel": {"barkbands_spread": {"dmean2": 6.87510347366, "median": 20.3454875946, "min": 0.18755838275, "dvar2": 79.414024353, "dvar": 39.0733375549, "dmean": 4.49272012711, "max": 123.916915894, "var": 160.581756592, "mean": 22.0503940582}, "melbands_spread": {"dmean2": 9.01785087585, "median": 21.7778930664, "min": 0.174490883946, "dvar2": 135.796127319, "dvar": 64.1738891602, "dmean": 5.79778385162, "max": 192.892715454, "var": 333.371002197, "mean": 24.3921890259}, "hfc": {"dmean2": 7.64461421967, "median": 23.3032226562, "min": 1.0757489822e-16, "dvar2": 116.187339783, "dvar": 57.5136795044, "dmean": 5.1116271019, "max": 145.530136108, "var": 270.31427002, "mean": 25.2654495239}, "barkbands_kurtosis": {"dmean2": 3.84286212921, "median": 1.25033950806, "min": -1.90900301933, "dvar2": 481.382019043, "dvar": 225.88458252, "dmean": 2.49698805809, "max": 1183.18371582, "var": 426.335845947, "mean": 3.74767017365}, "gfcc": {"mean": [14.1877098083, 102.155921936, -116.297142029, 28.9429626465, -54.6378326416, 18.1890277863, -38.6065177917, 10.3102836609, -22.7293014526, 3.50707507133, -15.9684267044, -4.59913539886, -12.9363517761], "icov": [[0.000394171773223, -0.000893507211003, 0.000824337592348, -0.000892244279385, 0.000990043045022, -0.00109496258665, 0.00125214271247, -0.00153822475113, 0.00106855120976, -0.00134477671236, 0.00128852389753, -0.00118276337162, 0.000989181338809], [-0.000893507211003, 0.00364877609536, -0.00148777710274, 0.00276514329016, -0.00292992009781, 0.0031546948012, -0.00310750049539, 0.0046238633804, -0.00280409841798, 0.00421999488026, -0.00455729663372, 0.00446088286117, -0.00341102969833], [0.000824337592348, -0.00148777710274, 0.00361402914859, -0.00185157859232, 0.00109806272667, -0.00172874797136, 0.00214847386815, -0.00249385717325, 0.00302283815108, -0.00369058130309, 0.00288050877862, -0.00304495403543, 0.00202566199005], [-0.000892244279385, 0.00276514329016, -0.00185157859232, 0.00647672219202, -0.00152460928075, 0.00190081971232, -0.00248821312562, 0.00472544506192, -0.00319799082354, 0.00300446338952, -0.0028213406913, 0.00366136105731, -0.00436386046931], [0.000990043045022, -0.00292992009781, 0.00109806272667, -0.00152460928075, 0.00780157605186, -0.00336138950661, 0.00248789135367, -0.00343680894002, 0.00116576312575, -0.00282227108255, 0.00328872236423, -0.00232920772396, 0.00142778479494], [-0.00109496258665, 0.0031546948012, -0.00172874797136, 0.00190081971232, -0.00336138950661, 0.0111340880394, -0.00737415300682, 0.00384429097176, 0.000305073568597, -0.00125360640232, -0.000332170689944, 0.00231278617866, -0.00396973127499], [0.00125214271247, -0.00310750049539, 0.00214847386815, -0.00248821312562, 0.00248789135367, -0.00737415300682, 0.0114388698712, -0.00520791858435, 0.0022727441974, -0.0012109837262, 0.000994234229438, -0.00124174403027, 0.00216155452654], [-0.00153822475113, 0.0046238633804, -0.00249385717325, 0.00472544506192, -0.00343680894002, 0.00384429097176, -0.00520791858435, 0.0154587971047, -0.00782059784979, 0.00539027759805, -0.00508667994291, 0.00262883189134, -0.00100032566115], [0.00106855120976, -0.00280409841798, 0.00302283815108, -0.00319799082354, 0.00116576312575, 0.000305073568597, 0.0022727441974, -0.00782059784979, 0.0164364315569, -0.00956195406616, 0.00307036330923, -0.000818181666546, -0.00150771846529], [-0.00134477671236, 0.00421999488026, -0.00369058130309, 0.00300446338952, -0.00282227108255, -0.00125360640232, -0.0012109837262, 0.00539027759805, -0.00956195406616, 0.0228225272149, -0.00924052856863, 0.0036774056498, -0.00255842297338], [0.00128852389753, -0.00455729663372, 0.00288050877862, -0.0028213406913, 0.00328872236423, -0.000332170689944, 0.000994234229438, -0.00508667994291, 0.00307036330923, -0.00924052856863, 0.021204855293, -0.0106291081756, 0.00570057565346], [-0.00118276337162, 0.00446088286117, -0.00304495403543, 0.00366136105731, -0.00232920772396, 0.00231278617866, -0.00124174403027, 0.00262883189134, -0.000818181666546, 0.0036774056498, -0.0106291081756, 0.0239539369941, -0.0116789108142], [0.000989181338809, -0.00341102969833, 0.00202566199005, -0.00436386046931, 0.00142778479494, -0.00396973127499, 0.00216155452654, -0.00100032566115, -0.00150771846529, -0.00255842297338, 0.00570057565346, -0.0116789108142, 0.0221867840737]], "cov": [[19399.7519531, -652.211669922, -1882.30993652, 607.035705566, -1218.953125, 522.556945801, -771.668884277, 625.838562012, -198.488723755, 317.933776855, -281.91229248, 189.971664429, -202.999862671], [-652.211669922, 1512.01843262, -151.825363159, -228.819503784, 254.382019043, -239.584655762, 112.964248657, -171.585006714, 61.7459831238, -149.706451416, 115.001251221, -129.007781982, 41.891456604], [-1882.30993652, -151.825363159, 666.117980957, 17.0062580109, 96.157371521, 26.293926239, 28.0292358398, -50.1103134155, -37.5080184937, 28.1783275604, -5.33063840866, 30.3584499359, 14.6846122742], [607.035705566, -228.819503784, 17.0062580109, 296.933349609, -59.4978637695, 59.0469322205, -21.0918388367, -13.7954425812, 1.7309653759, 29.7709312439, -28.4507045746, 15.5267839432, 29.4674434662], [-1218.953125, 254.382019043, 96.157371521, -59.4978637695, 275.475616455, -13.5272302628, 66.2511978149, -42.0308265686, 30.0126171112, -21.788816452, 18.3027572632, -24.8210391998, 26.2347507477], [522.556945801, -239.584655762, 26.293926239, 59.0469322205, -13.5272302628, 243.993377686, 70.3059692383, 20.3367271423, -32.761341095, 51.5480270386, -36.5131759644, 22.0874614716, 12.4011507034], [-771.668884277, 112.964248657, 28.0292358398, -21.0918388367, 66.2511978149, 70.3059692383, 208.356292725, -11.934381485, 6.05494785309, -17.6170063019, 19.2391014099, -22.160484314, 14.3143758774], [625.838562012, -171.585006714, -50.1103134155, -13.7954425812, -42.0308265686, 20.3367271423, -11.934381485, 156.551803589, 30.364315033, 27.0033531189, -1.58091902733, 20.4475650787, -21.5091114044], [-198.488723755, 61.7459831238, -37.5080184937, 1.7309653759, 30.0126171112, -32.761341095, 6.05494785309, 30.364315033, 115.82232666, 24.7041072845, 18.6060600281, -6.1813621521, 17.778421402], [317.933776855, -149.706451416, 28.1783275604, 29.7709312439, -21.788816452, 51.5480270386, -17.6170063019, 27.0033531189, 24.7041072845, 93.9940109253, 8.3753862381, 22.7344779968, 1.98386645317], [-281.91229248, 115.001251221, -5.33063840866, -28.4507045746, 18.3027572632, -36.5131759644, 19.2391014099, -1.58091902733, 18.6060600281, 8.3753862381, 88.9800033569, 14.9774265289, 2.73558449745], [189.971664429, -129.007781982, 30.3584499359, 15.5267839432, -24.8210391998, 22.0874614716, -22.160484314, 20.4475650787, -6.1813621521, 22.7344779968, 14.9774265289, 82.5797958374, 22.4312572479], [-202.999862671, 41.891456604, 14.6846122742, 29.4674434662, 26.2347507477, 12.4011507034, 14.3143758774, -21.5091114044, 17.778421402, 1.98386645317, 2.73558449745, 22.4312572479, 75.7259521484]]}, "spectral_energyband_middle_low": {"dmean2": 0.00753720104694, "median": 0.0144539801404, "min": 1.39969635141e-22, "dvar2": 9.48238375713e-05, "dvar": 3.6971658119e-05, "dmean": 0.00469925766811, "max": 0.0849514678121, "var": 0.000127757943119, "mean": 0.0171490181237}, "melbands_crest": {"dmean2": 4.67237138748, "median": 12.042298317, "min": 1.23769724369, "dvar2": 18.3342323303, "dvar": 7.60051631927, "dmean": 2.88313651085, "max": 37.5259399414, "var": 23.0588779449, "mean": 12.8660469055}, "spectral_kurtosis": {"dmean2": 3.14456486702, "median": 4.18180608749, "min": -1.2530901432, "dvar2": 39.2610054016, "dvar": 14.3896684647, "dmean": 1.90460824966, "max": 99.1906509399, "var": 58.4050559998, "mean": 5.86400651932}, "spectral_rms": {"dmean2": 0.00101050210651, "median": 0.00570242712274, "min": 3.1346008688e-12, "dvar2": 1.11218037091e-06, "dvar": 5.01323370372e-07, "dmean": 0.000659204903059, "max": 0.0107616595924, "var": 2.49135655395e-06, "mean": 0.00552833685651}, "zerocrossingrate": {"dmean2": 0.0100603597239, "median": 0.052734375, "min": 0.001953125, "dvar2": 0.000133882902446, "dvar": 0.00013331673108, "dmean": 0.00840432010591, "max": 0.67041015625, "var": 0.00319661432877, "mean": 0.0606692843139}, "silence_rate_60dB": {"dmean2": 0.00358070014045, "median": 0, "min": 0, "dvar2": 0.0046408213675, "dvar": 0.00178702024277, "dmean": 0.00179018976633, "max": 1, "var": 0.0252813212574, "mean": 0.025955427438}, "erbbands_kurtosis": {"dmean2": 1.04777538776, "median": -0.0383014678955, "min": -1.8978613615, "dvar2": 3.34491682053, "dvar": 1.33123314381, "dmean": 0.663190066814, "max": 43.4529533386, "var": 3.03139853477, "mean": 0.360617160797}, "erbbands": {"dmean2": [0.180916830897, 1.62024140358, 3.63618540764, 7.54205989838, 14.1886835098, 9.57148265839, 8.43578052521, 13.2660036087, 21.934135437, 25.0343837738, 35.968120575, 29.1843605042, 29.8349323273, 19.4174098969, 21.4295711517, 48.6780128479, 29.2457675934, 37.2046661377, 33.7975120544, 28.8130531311, 25.1972312927, 17.3730792999, 11.9642572403, 10.0773105621, 14.7047195435, 8.38823890686, 6.5809006691, 6.125, 5.40722608566, 3.91920876503, 2.79370594025, 1.94013690948, 1.61481928825, 1.15175807476, 0.471720606089, 0.166629508138, 0.0391218662262, 0.00567582203075, 0.000292270677164, 1.73198823177e-05], "median": [0.0616747699678, 0.727083444595, 2.09840989113, 4.89253902435, 7.82831954956, 6.71186637878, 7.29627656937, 8.03220462799, 14.8383979797, 14.7004499435, 26.6574726105, 19.4666442871, 20.5840301514, 16.2403621674, 19.1113033295, 33.4294013977, 22.0805339813, 22.3134288788, 21.1338481903, 21.9034957886, 20.3756961823, 17.809337616, 10.6125154495, 9.06063652039, 12.5290813446, 7.04113864899, 4.5276684761, 3.59866166115, 2.97910833359, 2.08424901962, 1.58272838593, 1.29050183296, 0.99434363842, 0.520940899849, 0.212640911341, 0.0703731179237, 0.0158350672573, 0.00224666646682, 8.7675609393e-05, 4.45890145784e-05], "min": [1.58204969069e-22, 6.38651136089e-22, 1.54319489586e-21, 4.54257906001e-21, 1.43946277158e-20, 2.14963852493e-20, 6.3003859254e-20, 8.56674642022e-20, 1.12480872725e-19, 1.6859042068e-19, 4.12178748411e-19, 4.05365675295e-19, 5.64228581219e-19, 6.47464457538e-19, 1.14450033042e-18, 1.0881950767e-18, 1.63463741359e-18, 2.1896420004e-18, 2.67265509395e-18, 2.62511578338e-18, 3.49081013204e-18, 4.13100946226e-18, 6.12558759177e-18, 6.83505626725e-18, 5.93680801878e-18, 1.03293070571e-17, 7.35048491464e-18, 1.15825014015e-17, 1.20447663237e-17, 1.09911003508e-17, 1.10828503971e-17, 1.05480061664e-17, 9.84924120803e-18, 9.30095942825e-18, 6.30894540943e-18, 3.89461489167e-18, 2.29780703243e-18, 7.87926911681e-19, 2.52508591757e-19, 2.79639068949e-20], "dvar2": [0.100900769234, 10.0905885696, 40.241771698, 119.287071228, 609.997070312, 242.851821899, 226.785919189, 772.922668457, 2067.14038086, 3502.44213867, 4430.64599609, 4773.55615234, 4156.17382812, 1674.41052246, 1615.22998047, 5668.26025391, 2765.22973633, 5457.42089844, 5255.52001953, 3130.91943359, 2448.42724609, 778.241149902, 452.749176025, 310.734527588, 577.86529541, 238.547531128, 280.866271973, 301.826873779, 120.967010498, 103.445404053, 57.7036705017, 29.0340919495, 22.8873195648, 14.9199171066, 3.14351272583, 0.228904753923, 0.0107016386464, 0.000196187436813, 4.33059483385e-07, 4.95550211976e-10], "dvar": [0.0495701283216, 4.01850938797, 14.7758712769, 40.8320617676, 224.494277954, 91.6856002808, 97.0939483643, 335.591796875, 1014.1496582, 1703.16992188, 2067.21557617, 2104.30224609, 1931.45117188, 716.354858398, 676.428283691, 2240.4765625, 1194.47265625, 2138.21069336, 2083.33959961, 1313.10437012, 1029.91796875, 312.089111328, 182.627792358, 126.278129578, 243.421432495, 94.577796936, 114.273124695, 119.654762268, 53.888885498, 54.3578987122, 31.3662757874, 16.8854732513, 11.2318401337, 7.02562046051, 1.48364686966, 0.110302165151, 0.00488918786868, 8.23990485515e-05, 1.73702261463e-07, 2.3405979932e-10], "dmean": [0.118085935712, 0.97557669878, 2.12882733345, 4.40679073334, 8.45072174072, 5.75096130371, 5.46897411346, 8.61793422699, 14.8405637741, 16.6558189392, 23.7756309509, 19.2953777313, 20.0192565918, 12.4679403305, 13.6089401245, 30.478433609, 18.6997032166, 23.1497535706, 21.3051757812, 18.1397190094, 15.647403717, 10.8583269119, 7.43596363068, 6.25430059433, 9.20716381073, 5.15841722488, 4.07165670395, 3.79019713402, 3.39167284966, 2.5831758976, 1.87780487537, 1.34338617325, 1.08828651905, 0.759336173534, 0.315993100405, 0.110141001642, 0.0252826120704, 0.00362708535977, 0.000180216593435, 1.15681241368e-05], "max": [2.02331733704, 23.4839038849, 47.7896499634, 70.3281021118, 237.613967896, 163.895263672, 216.197311401, 309.192749023, 581.044128418, 844.853820801, 1628.26464844, 1304.1517334, 1208.64489746, 1067.21289062, 892.749816895, 923.743408203, 994.864868164, 989.458435059, 1113.58300781, 1289.26037598, 816.51965332, 394.475372314, 489.678833008, 329.19644165, 634.733642578, 220.249023438, 455.097015381, 574.883117676, 195.880935669, 242.362365723, 173.860610962, 118.163902283, 97.7254562378, 80.8988571167, 66.645362854, 9.58010864258, 1.82895302773, 0.263244867325, 0.00987676158547, 0.000331479532178], "var": [0.077095232904, 3.97119879723, 15.0459604263, 50.9071807861, 246.850982666, 175.08215332, 275.715148926, 1550.19763184, 5456.31445312, 7543.58447266, 7641.35107422, 8008.64794922, 9666.72851562, 1846.24755859, 1805.1295166, 5497.32080078, 3041.22045898, 5108.43310547, 4812.9765625, 3084.25537109, 3147.68823242, 987.260070801, 530.594909668, 382.152374268, 728.498291016, 190.951538086, 166.984588623, 171.340011597, 130.165863037, 144.461532593, 88.5081939697, 50.9372215271, 26.8368759155, 13.6082181931, 2.69407224655, 0.215758576989, 0.00904096476734, 0.00011861648818, 2.2584649173e-07, 6.86606882461e-10], "mean": [0.163902580738, 1.31600737572, 3.34957695007, 7.03906202316, 12.5967235565, 10.8599014282, 12.3999872208, 23.6215114594, 43.0168304443, 41.7180137634, 55.4304237366, 48.7268180847, 48.9833564758, 27.2865314484, 29.1476154327, 56.8635139465, 38.0770378113, 45.0811347961, 43.1251716614, 38.65675354, 36.9414329529, 27.6215019226, 18.195306778, 15.3336429596, 21.4104557037, 11.3162841797, 8.16187763214, 7.37177562714, 6.67163658142, 5.04580354691, 3.73444986343, 2.81313323975, 2.11004495621, 1.32764005661, 0.546033322811, 0.181691482663, 0.040078535676, 0.00551790557802, 0.000244495284278, 4.71099265269e-05]}, "spectral_strongpeak": {"dmean2": 0.87336820364, "median": 0.497782945633, "min": 0, "dvar2": 1.7792737484, "dvar": 0.693964958191, "dmean": 0.511049926281, "max": 8.54362106323, "var": 1.48555111885, "mean": 1.11410403252}, "spectral_energy": {"dmean2": 0.0123799126595, "median": 0.0333306193352, "min": 1.00713658209e-20, "dvar2": 0.000201536066015, "dvar": 8.74049655977e-05, "dmean": 0.00798120256513, "max": 0.118708647788, "var": 0.00026758981403, "mean": 0.0338802672923}, "average_loudness": 0.963454663754, "spectral_rolloff": {"dmean2": 635.895874023, "median": 1184.32617188, "min": 43.06640625, "dvar2": 1202409, "dvar": 599486.125, "dmean": 388.666748047, "max": 19336.8164062, "var": 4064785, "mean": 1525.22131348}, "spectral_centroid": {"dmean2": 314.487121582, "median": 1202.47595215, "min": 155.95211792, "dvar2": 153971.21875, "dvar": 72982.140625, "dmean": 202.214691162, "max": 11677.0732422, "var": 798285.3125, "mean": 1293.95092773}, "pitch_salience": {"dmean2": 0.104257456958, "median": 0.574631273746, "min": 0.0296584237367, "dvar2": 0.00988709740341, "dvar": 0.00395492045209, "dmean": 0.064535908401, "max": 0.990133941174, "var": 0.0103096393868, "mean": 0.564688742161}, "spectral_energyband_middle_high": {"dmean2": 0.00271284161136, "median": 0.00608510617167, "min": 1.15934229806e-21, "dvar2": 1.06420939119e-05, "dvar": 4.50574407296e-06, "dmean": 0.00173568690661, "max": 0.045676574111, "var": 2.74587255262e-05, "mean": 0.00709055038169}, "spectral_contrast_coeffs": {"dmean2": [0.0844915211201, 0.0654117241502, 0.057578664273, 0.047935616225, 0.0344849973917, 0.0282220877707], "median": [-0.645772576332, -0.71427243948, -0.752932310104, -0.763439059258, -0.781031191349, -0.769849777222], "min": [-0.974798083305, -0.989272594452, -0.990627467632, -0.983987689018, -0.9836820364, -0.963786363602], "dvar2": [0.00517342798412, 0.00306570692919, 0.00217639491893, 0.00142327521462, 0.000831043347716, 0.00074954261072], "dvar": [0.00194156344514, 0.00122583133634, 0.000877503305674, 0.000578947074246, 0.000370064080926, 0.000292151526082], "dmean": [0.0512128435075, 0.0405124686658, 0.0358434394002, 0.029824282974, 0.0218380074948, 0.0171696320176], "max": [-0.282506495714, -0.370778739452, -0.498289763927, -0.545229375362, -0.546619236469, -0.625726759434], "var": [0.00654766289517, 0.00717009697109, 0.00436241412535, 0.00308652059175, 0.00268163229339, 0.00163185980637], "mean": [-0.639730572701, -0.705078482628, -0.748308539391, -0.760157823563, -0.775164186954, -0.77017980814]}, "melbands_skewness": {"dmean2": 0.913293659687, "median": 2.05365228653, "min": -1.09305214882, "dvar2": 1.4172103405, "dvar": 0.617491185665, "dmean": 0.595143795013, "max": 32.0337638855, "var": 2.022990942, "mean": 2.27455568314}, "spectral_spread": {"dmean2": 662131.5625, "median": 4345889, "min": 676668.0625, "dvar2": 981363720192, "dvar": 515555753984, "dmean": 475564.03125, "max": 41988648, "var": 8496996155390.0, "mean": 4614565}, "dissonance": {"dmean2": 0.0276324469596, "median": 0.468682080507, "min": 0.197374612093, "dvar2": 0.000773608451709, "dvar": 0.000296750367852, "dmean": 0.0167730432004, "max": 0.5, "var": 0.000972948619165, "mean": 0.46085268259}, "spectral_skewness": {"dmean2": 0.353788077831, "median": 1.62715399265, "min": -0.0869375020266, "dvar2": 0.209114417434, "dvar": 0.085328578949, "dmean": 0.222201451659, "max": 7.4504275322, "var": 0.512486875057, "mean": 1.7258515358}, "spectral_flux": {"dmean2": 0.03511204198, "median": 0.0809437856078, "min": 6.4079935802e-11, "dvar2": 0.00122465821914, "dvar": 0.0006164557999, "dmean": 0.0238506700844, "max": 0.275690376759, "var": 0.00193044869229, "mean": 0.0882830098271}, "spectral_contrast_valleys": {"dmean2": [0.577397823334, 0.489646434784, 0.459177613258, 0.422238767147, 0.359451681376, 0.355792760849], "median": [-6.74712085724, -6.36115503311, -6.84265804291, -7.21819114685, -7.29042673111, -9.70513343811], "min": [-28.520532608, -28.0159835815, -27.9019966125, -27.6501617432, -27.5287342072, -27.39935112], "dvar2": [0.24254642427, 0.186230257154, 0.165802776814, 0.151811987162, 0.167737707496, 0.211206614971], "dvar": [0.104017354548, 0.0789241120219, 0.0748553872108, 0.0756523683667, 0.0881303176284, 0.12744461], "dmean": [0.354177385569, 0.301136642694, 0.286205351353, 0.270390361547, 0.239578872919, 0.271629720926], "max": [-5.25709819794, -4.70870780945, -5.22026968002, -5.71207857132, -5.57098817825, -7.34872913361], "var": [3.30824351311, 3.38649392128, 3.27185344696, 3.27405834198, 3.40834593773, 3.37612724304], "mean": [-7.03374195099, -6.64483165741, -7.17102813721, -7.55582237244, -7.64025592804, -10.1068267822]}, "erbbands_flatness_db": {"dmean2": 0.0205229092389, "median": 0.148169890046, "min": 0.0302749555558, "dvar2": 0.000455597357359, "dvar": 0.000263656198513, "dmean": 0.014902131632, "max": 0.386915594339, "var": 0.00209074700251, "mean": 0.154420614243}, "spectral_energyband_high": {"dmean2": 0.000505859206896, "median": 0.000457084097434, "min": 7.17973223092e-21, "dvar2": 1.37094139063e-06, "dvar": 7.55051871693e-07, "dmean": 0.000353624025593, "max": 0.0210383217782, "var": 2.27396458286e-06, "mean": 0.000864171830472}, "spectral_entropy": {"dmean2": 0.197866246104, "median": 7.62856531143, "min": 4.91713762283, "dvar2": 0.0572434216738, "dvar": 0.0305853448808, "dmean": 0.139310106635, "max": 9.8186750412, "var": 0.310294896364, "mean": 7.54721641541}, "silence_rate_20dB": {"dmean2": 0, "median": 1, "min": 1, "dvar2": 0, "dvar": 0, "dmean": 0, "max": 1, "var": 0, "mean": 1}, "melbands_flatness_db": {"dmean2": 0.0352973341942, "median": 0.176817938685, "min": 0.000223347524297, "dvar2": 0.00155147863552, "dvar": 0.000670659181196, "dmean": 0.0228044781834, "max": 0.599422454834, "var": 0.00636219279841, "mean": 0.19375282526}, "barkbands": {"dmean2": [0.000148278093548, 0.00663323048502, 0.00348622328602, 0.00324491062202, 0.00347607745789, 0.00153730646707, 0.00156486034393, 0.00158610753715, 0.00122988445219, 0.000848076248076, 0.000522134127095, 0.0011035928037, 0.000648609246127, 0.000716006674338, 0.000694224319886, 0.00044290185906, 0.000405669299653, 0.00022557695047, 0.000267294351943, 0.000199960748432, 0.000155536094098, 0.000137476541568, 0.000104254140751, 9.00670420378e-05, 8.37442785269e-05, 2.62654048129e-05, 1.96674227482e-06], "median": [3.98260490329e-05, 0.00302168168128, 0.00195744959638, 0.00167834199965, 0.00261518359184, 0.00111451954581, 0.000939812220167, 0.00100790755823, 0.00067994906567, 0.000620323582552, 0.000322211591993, 0.00069299741881, 0.000387433392461, 0.000372647278709, 0.000436456291936, 0.000303940207232, 0.000355621392373, 0.000169891209225, 0.00021517231653, 0.000145879763295, 0.000101916295534, 7.78148387326e-05, 5.75352059968e-05, 6.23757878202e-05, 3.82733342121e-05, 1.13330424938e-05, 4.47439560958e-07], "min": [1.31141528644e-24, 2.93069912114e-24, 9.07508543595e-25, 1.19412537629e-24, 7.94454165697e-24, 8.63444153936e-24, 4.84343004208e-24, 9.30895153434e-24, 1.37822362068e-23, 2.40857551714e-23, 2.56948799568e-23, 1.42069510295e-23, 3.92778924974e-23, 3.91775209912e-23, 4.80452610436e-23, 3.80761386389e-23, 6.41720044824e-23, 1.10836560149e-22, 1.40067554867e-22, 2.15904716923e-22, 2.4732392344e-22, 3.09595795505e-22, 3.58173067498e-22, 5.37267994728e-22, 8.51932720109e-22, 1.14985758989e-21, 2.02424081173e-21], "dvar2": [6.54431815406e-08, 0.000153357163072, 3.43210631399e-05, 2.44438670052e-05, 3.14751960104e-05, 8.6612180894e-06, 1.10071086965e-05, 8.87926398718e-06, 7.83260020398e-06, 2.90568164019e-06, 1.04835203274e-06, 3.39567191077e-06, 1.4498824612e-06, 2.07748689718e-06, 1.72713293978e-06, 7.01435055817e-07, 4.3251822035e-07, 1.65236556882e-07, 2.00850962528e-07, 1.51500572088e-07, 1.7479555936e-07, 8.36092581835e-08, 7.79874866907e-08, 6.574619249