{"tonal": {"thpcp": [1, 0.572525680065, 0.231828555465, 0.167431280017, 0.146305561066, 0.2017814219, 0.232696160674, 0.168742701411, 0.119834452868, 0.123762153089, 0.185018986464, 0.299117028713, 0.377198964357, 0.369777321815, 0.37155431509, 0.441130876541, 0.372199177742, 0.200349718332, 0.185789018869, 0.426280021667, 0.67480224371, 0.576483547688, 0.318667083979, 0.160444766283, 0.111722484231, 0.131553694606, 0.218923941255, 0.297485262156, 0.288451015949, 0.244751185179, 0.202518507838, 0.169105783105, 0.175095498562, 0.211554720998, 0.328159689903, 0.778489947319], "hpcp": {"dmean2": [0.225520849228, 0.195608824492, 0.185750693083, 0.154723674059, 0.168746441603, 0.210406556726, 0.218711450696, 0.278066575527, 0.196525067091, 0.125319749117, 0.103833988309, 0.10832054913, 0.119157746434, 0.162969067693, 0.182523041964, 0.157858222723, 0.133823394775, 0.132627516985, 0.174042746425, 0.190194442868, 0.248815119267, 0.342558443546, 0.355912297964, 0.316541045904, 0.172551050782, 0.123870484531, 0.111040994525, 0.135789766908, 0.156885400414, 0.125011965632, 0.10023419559, 0.112111769617, 0.144803971052, 0.174032911658, 0.222142904997, 0.240085244179], "median": [0.0170735791326, 0.0122173726559, 0.00855978578329, 0.00668651564047, 0.00609036814421, 0.0130258109421, 0.0299404356629, 0.0406537652016, 0.0183852761984, 0.00553437089548, 0.00307054677978, 0.00354026444256, 0.00730046723038, 0.011080971919, 0.0117664057761, 0.00971185415983, 0.00652504665777, 0.00453822221607, 0.00360228423961, 0.0040978603065, 0.0183735489845, 0.0703057199717, 0.110669791698, 0.0639086067677, 0.00796283408999, 0.00386227900162, 0.00469233235344, 0.00657499302179, 0.00834818743169, 0.00637904927135, 0.00419615581632, 0.00365019310266, 0.00480246683583, 0.0109724570066, 0.021577173844, 0.0220156293362], "min": [0, 0, 0, 0, 0, 0, 0, 0, 0, 0, 0, 0, 0, 0, 0, 0, 0, 0, 0, 0, 0, 0, 0, 0, 0, 0, 0, 0, 0, 0, 0, 0, 0, 0, 0, 0], "dvar2": [0.121558398008, 0.109526216984, 0.118157163262, 0.0905790254474, 0.11138150841, 0.116262055933, 0.122872978449, 0.155942961574, 0.103608168662, 0.0692692101002, 0.0673767253757, 0.0693936273456, 0.0611415952444, 0.0863737165928, 0.110226370394, 0.0815280601382, 0.0740974545479, 0.0676034614444, 0.134648084641, 0.134710460901, 0.143544599414, 0.170265704393, 0.171827301383, 0.160816252232, 0.10474203527, 0.0801219195127, 0.0567496046424, 0.0794361308217, 0.100366361439, 0.0748613253236, 0.0580969788134, 0.066113434732, 0.0975795313716, 0.100723691285, 0.124039530754, 0.131221145391], "dvar": [0.0457639954984, 0.0420305654407, 0.0429449938238, 0.032140571624, 0.0393117591739, 0.0423050113022, 0.0502283200622, 0.0566839948297, 0.0389409326017, 0.0247913282365, 0.0237744059414, 0.0244019459933, 0.0259915087372, 0.036944899708, 0.0432644151151, 0.0332868732512, 0.0296348687261, 0.0259566176683, 0.0471821464598, 0.0476513281465, 0.0537657476962, 0.0689958035946, 0.0777900889516, 0.0585361272097, 0.0378815606236, 0.0287060104311, 0.0201177429408, 0.0311362743378, 0.0383501760662, 0.0273118577898, 0.020975606516, 0.0227105189115, 0.0351823419333, 0.038423769176, 0.0474013909698, 0.0489555299282], "dmean": [0.129392400384, 0.11261651665, 0.104706719518, 0.0860743075609, 0.0912656933069, 0.119231022894, 0.125865772367, 0.160578116775, 0.113079361618, 0.0689258873463, 0.0558415129781, 0.0593598484993, 0.0670569166541, 0.0950157865882, 0.106279700994, 0.0903573259711, 0.0780122280121, 0.0745052844286, 0.0925772488117, 0.102391280234, 0.137287870049, 0.202616557479, 0.203336074948, 0.17969276011, 0.0947137624025, 0.0678690522909, 0.0619720965624, 0.0764638409019, 0.0881280303001, 0.0695278793573, 0.0546082369983, 0.0606258958578, 0.0801687091589, 0.099826939404, 0.125348761678, 0.13498929143], "max": [1, 1, 1, 1, 1, 1, 1, 1, 1, 1, 1, 1, 1, 1, 1, 1, 1, 1, 1, 1, 1, 1, 1, 1, 1, 1, 1, 1, 1, 1, 1, 1, 1, 1, 1, 1], "var": [0.0556054003537, 0.0797196403146, 0.0664502978325, 0.0263041015714, 0.0267807040364, 0.0641991347075, 0.126606419683, 0.0776762291789, 0.0444284826517, 0.0195368994027, 0.0151398880407, 0.0174525864422, 0.0358276553452, 0.049840413034, 0.0436498150229, 0.0359361581504, 0.0309304744005, 0.021813178435, 0.0297662634403, 0.0342954173684, 0.0489722080529, 0.113975442946, 0.156688466668, 0.0690482258797, 0.0332470275462, 0.0270323585719, 0.0170404873788, 0.0301276501268, 0.0364725738764, 0.0223198551685, 0.0154723813757, 0.0154602732509, 0.0286071673036, 0.0501354709268, 0.0579400025308, 0.0529967360198], "mean": [0.126274779439, 0.149920746684, 0.126493930817, 0.068089954555, 0.0631414204836, 0.144873604178, 0.22933524847, 0.195921108127, 0.108300760388, 0.0545280352235, 0.0379694998264, 0.0447092466056, 0.0744025036693, 0.101102001965, 0.0980316624045, 0.0831800326705, 0.0688270255923, 0.0574715286493, 0.0595071651042, 0.0718980357051, 0.111526876688, 0.264574080706, 0.339855492115, 0.194575995207, 0.0787882059813, 0.0569024421275, 0.0497227497399, 0.0685765221715, 0.079083070159, 0.0573481321335, 0.0407263971865, 0.0420612469316, 0.0628797188401, 0.10165656358, 0.12819314003, 0.125670850277]}, "tuning_equal_tempered_deviation": 0.380538225174, "chords_changes_rate": 0.02937063016, "key_key": "E", "tuning_diatonic_strength": 0.769806802273, "key_scale": "major", "chords_number_rate": 0.00279720290564, "tuning_frequency": 456.306610107, "tuning_nontempered_energy_ratio": 0.951051235199, "chords_histogram": [59.0909080505, 0, 0, 0, 0, 0, 0, 0, 0, 0, 0, 0, 0, 0.0699300691485, 0, 2.44755244255, 0, 2.93706297874, 0, 0.559440553188, 0.209790214896, 0, 33.7062950134, 0.979020953178], "key_strength": 0.781414747238, "chords_key": "E", "chords_strength": {"dmean2": 0.0113977398723, "median": 0.643539726734, "min": 0.329696446657, "dvar2": 0.000107993088022, "dvar": 9.6292096714e-05, "dmean": 0.0118799787015, "max": 0.86384344101, "var": 0.010860026814, "mean": 0.64272660017}, "chords_scale": "major", "hpcp_entropy": {"dmean2": 1.14478075504, "median": 1.95088350773, "min": 0, "dvar2": 0.921039402485, "dvar": 0.319083660841, "dmean": 0.672099471092, "max": 4.25079250336, "var": 0.506764411926, "mean": 1.98510742188}}, "metadata": {"audio_properties": {"equal_loudness": 0, "codec": "mp3", "downmix": "mix", "sample_rate": 44100, "analysis_sample_rate": 44100, "bit_rate": 128000, "md5_encoded": "549f7eba2a05950a918d8e80e38f61de", "length": 66.3248977661, "replay_gain": -5.88332557678, "lossless": false}, "version": {"essentia_build_sha": "2d9f1f26377add8aeb1075a9c2973f962c4f09fd", "essentia": "2.1-beta2", "extractor": "music 1.0", "essentia_git_sha": "v2.1_beta2-1-ge3940c0"}, "tags": {"title": ["Dolly With the Dimpled Knees"], "acoustid_fingerprint": ["AQACAElYJZeEo1GD_oGsHod-pMcfPMEvwXGy4zl-Dc9zPI-M5E-OMEf1LcIzMZTxgxVXpWj2o6JixKEW6GKKvEvwH20fNH_xRMcljQjRREe2JB-eD9dzNEe_40-ChpPiHCVJFTmSpTqeBReTwL9w6zjcxRn6LUFeaIcYCqeUHPX2gBSeo0PT44L-oMyOlEeIB18uePqDE_fRB82hL32Q53ieoG86NEt8gm0e9Dka7UH09ELS5XgOfENz5Ua9L8EVBMmSo-uJsQnuIH-gMxWRT0dLWbiobEGV8niT40F4HeL0osyLHOFz_BtRZTp0ZsfzILzQ1LiU4zn6E7dy9NNxtEsLJmMrI6aQ2IabMHgqob_Q_MKPZ09xFYkTH_mfgPnxDKWi4wqPZPnxP4hGod5xdMcjBc11fA92BdHXQ7t-NDryHR8c18GLByG0PMmMZ3KQJ5cwsQ8a_HiTo8pE5AlKHs9y6KmFUooOO0SoTMnxjxN4fUKdotnxvPgROtmhJRnx73iio9yDpkh-nAm-HW0_uH4GyuIT_Ia5z_CkQHvwHMwTozGdFJes4_iDBxmL5OiHptIevMdz3A_S0A-UK0ceHv8RbtieDC2P8E-C5jqu7Ph5RJOk5LifQUeeqDku8cSP3jKaJ5GOXDrmZFegL2eKtDiyHXqPs8cpJsaXM3hCNL-gXQuehMFfaFmUVAzK5cIfoFYCPkKPE1eOqj8UpdyI98HzI9wDh0qSHGWSPsH7wM-P63iUFBePJ8mOppkVoV9IHLOPpFukHhkVoYkUB73wHM0ZHM2qGU9enOrwUDmo6MdDZRT6TYStZUWpg82RvEcdH2Eq5cXzKPgzYkx-VMo4HY2GmEmWMNBl9CWizQ-eIIc0LniVBFm-4_iUIzym9FCoHk8f3FORE39QOUeY_NCTB0zGHLUenMePMBcqhcf5JPipo_7Ra8TjHFP4INeRLJPa4C-e4orRfEOZME4SfEl-5D-S6HCOh_JxI08E7cgj4Au-xHgm4xz65Eingz70w9_wC3YUVNkiMjh1XEGyLA_60AL6BK52NPfxR8L5BE3UElleJNtxCv7xcQn6MUe_B02P58hDHdqRT0mcgXmW40WYKNIDzTr-PUiX4z3-oEafwtMePE_wg7mCZt0prEl6oREfhFaGpE-NP-h3-Mb_oFWeDN-F_FBWxMeXLMeTREd4Kwm0XCty9IUZaQ76HW-CpzXCODk0v8Z_MMxTNCfeBi5zPNqhptmDF2GYBz3xg9fR6-jxvTifBCYv_FDzoKfw4gqah8OPf6PR1FbASKliXMePWmGcofLRkEj2PMiNXoF51HsCnEaWHFp55Bd--AzyZMkxH6LII1d4_MezZyh9-M2GmnrwKHmCnEwDYQseGroW8AfTUjB3KcPzJTgPkxTe4m3g43fQLxmDZzmuP-jhOAv66NCPU3nQ5Md06sE1veiSB-5RNZGe4Mnx5jH8vLjwKCme-dAVXYcrOtBj_LgxPyiTK_CfBCEaMCJZ5RAY0EHjCCOACIAAAEApQAgjxBmgjCBGIIGMUAIQCMxglAjDWCNYAMEMUEQZAQ4BQAliCQACMgKEMMARwJiDgADjHZICEEEIQBQgY8ABQDAgCLNMMIoAMURQJogACCAhgQBAKAeBAQogYBBRghhllQBAUKBEaAQJg5AGUAoigDAAAKCIgAQAIAhTkhEDCAAIAAaIQIIUSZgABBEGjFBAQAIEQIQAAQkRBhABAiAAAEGEYgIIFwgTBhjgBRAMIeMI4gYZIggiDEAgCAFEYEABBkhAAiQYgCKGDAMAKIcZAIARYAgDDBkCBiFGGAAgEcAYRhAAjhhBEQCIGGAEQEAABiiQzDIigBLEeYCQJBwpAIByDCCFDFCEMYEIIMwYZZggShhgHGFACAMEIQYIAAkRECDCmDECIGOYQAQBYBBQ0BADlEEMEQKAIkQAABhQQADlLCOOIIMIQYQYIhwnjAhAGDNKEGmgEQApRAkABhIjgDDECCMIEAAoABhghjABhCAIAGAJEQwQ4QAghClAHBGAYEoAAIBBiIQSAg"], "date": ["1994"], "genre": ["Country"], "musicbrainz album type": ["Compilation"], "musicip_puid": ["25a56297-c265-4641-1b8f-02afe7e471cb"], "musicbrainz_recordingid": ["0f2a1ddc-c391-4666-bae6-4796c7e55fe9"], "musicbrainz_albumartistid": ["2c05faf7-5cc8-4476-9daa-d177ad75cd34"], "musicbrainz_albumid": ["fac22dd2-0153-4d69-9144-6f48db161222"], "artist": ["Jim Reeves"], "tracknumber": ["22"], "bpm": ["111.76"], "album": ["Welcome to My World (Disc 12)"], "musicbrainz album release country": ["United States"], "acoustid_id": ["cba1bb6a-3197-4b63-b1bb-a1aed2c382df"], "musicbrainz_artistid": ["2c05faf7-5cc8-4476-9daa-d177ad75cd34"], "file_name": "Jim Reeves - Dolly With the Dimpled Knees.mp3"}}, "rhythm": {"bpm_histogram_first_peak_bpm": {"dmean2": 0, "median": 112, "min": 112, "dvar2": 0, "dvar": 0, "dmean": 0, "max": 112, "var": 0, "mean": 112}, "bpm": 111.492248535, "bpm_histogram_second_peak_spread": {"dmean2": 0, "median": 0, "min": 0, "dvar2": 0, "dvar": 0, "dmean": 0, "max": 0, "var": 0, "mean": 0}, "bpm_histogram_first_peak_weight": {"dmean2": 0, "median": 0.47107437253, "min": 0.47107437253, "dvar2": 0, "dvar": 0, "dmean": 0, "max": 0.47107437253, "var": 0, "mean": 0.47107437253}, "onset_rate": 4.1905708313, "beats_position": [0.487619042397, 0.99845802784, 1.52090704441, 2.04335594177, 2.57741498947, 3.11147379875, 3.64553284645, 4.19120168686, 4.73687076569, 5.27092981339, 5.80498838425, 6.32743740082, 6.84988641739, 7.38394546509, 7.92961454391, 8.47528362274, 9.03256225586, 9.58984088898, 10.1471195221, 10.71600914, 11.2848978043, 11.8537864685, 12.4226751328, 12.9915647507, 13.5372333527, 14.0945119858, 14.6401815414, 15.1858501434, 15.7082986832, 16.2307472229, 16.7648067474, 17.298866272, 17.8329238892, 18.3553733826, 18.8894329071, 19.4351024628, 19.96916008, 20.5032196045, 21.0488891602, 21.5945568085, 22.1518363953, 22.6975059509, 23.2431735992, 23.7772331238, 24.3112926483, 24.8453502655, 25.37940979, 25.9134693146, 26.435918808, 26.958366394, 27.4924259186, 28.0264854431, 28.5605430603, 29.0946025848, 29.6286621094, 30.1743297577, 30.7199993134, 31.2540588379, 31.7881164551, 32.322177887, 32.8562355042, 33.4019050598, 33.9591827393, 34.5164604187, 35.0621299744, 35.60779953, 36.1302490234, 36.6643066406, 37.2099761963, 37.7440338135, 38.2780952454, 38.8121528625, 39.334602356, 39.8686599731, 40.402721405, 40.9367790222, 41.4592285156, 42.0048980713, 42.550567627, 43.0962333679, 43.6419029236, 44.1875724792, 44.7216300964, 45.2556915283, 45.7897491455, 46.3238105774, 46.8578681946, 47.3919258118, 47.9259872437, 48.4600448608, 48.994102478, 49.5281639099, 50.0738296509, 50.6078910828, 51.1419487, 51.6876182556, 52.2332878113, 52.7905654907, 53.3362350464, 53.8819046021, 54.4159622192, 54.9616317749, 55.4956893921, 56.029750824, 56.5638084412, 57.0978660583, 57.6319274902, 58.1659851074, 58.7116546631, 59.2573242188, 59.8029937744, 60.3486595154, 60.8827209473, 61.4167785645, 61.9624481201, 62.5081176758, 63.042175293, 63.5762329102, 64.1102905273, 64.655960083, 65.2016296387, 65.7472991943], "beats_loudness": {"dmean2": 0.0542088225484, "median": 0.0427665635943, "min": 5.92390222209e-07, "dvar2": 0.00259810150601, "dvar": 0.000849685980938, "dmean": 0.0317993797362, "max": 0.170692011714, "var": 0.00116896233521, "mean": 0.0513499565423}, "danceability": 1.24359929562, "bpm_histogram_second_peak_weight": {"dmean2": 0, "median": 0.0413223132491, "min": 0.0413223132491, "dvar2": 0, "dvar": 0, "dmean": 0, "max": 0.0413223132491, "var": 0, "mean": 0.0413223132491}, "beats_count": 122, "bpm_histogram_second_peak_bpm": {"dmean2": 0, "median": 105, "min": 105, "dvar2": 0, "dvar": 0, "dmean": 0, "max": 105, "var": 0, "mean": 105}, "bpm_histogram_first_peak_spread": {"dmean2": 0, "median": 0.504347860813, "min": 0.504347860813, "dvar2": 0, "dvar": 0, "dmean": 0, "max": 0.504347860813, "var": 0, "mean": 0.504347860813}, "beats_loudness_band_ratio": {"dmean2": [0.563952624798, 0.397265583277, 0.257393628359, 0.124739289284, 0.0449732542038, 0.0488611608744], "median": [0.60459625721, 0.136743545532, 0.0344666987658, 0.0184484682977, 0.0119615513831, 0.00904691964388], "min": [0.0188042372465, 0.00253622978926, 0.000951730355155, 0.000483357580379, 0.000766438199207, 0.000109061445983], "dvar2": [0.16492408514, 0.11483836174, 0.0688755959272, 0.0251465905458, 0.00577189773321, 0.0182220079005], "dvar": [0.0524386540055, 0.0453388057649, 0.0272295493633, 0.00950349494815, 0.00217616278678, 0.00624106731266], "dmean": [0.314803540707, 0.23072321713, 0.143780589104, 0.0687395036221, 0.0255499314517, 0.0266342740506], "max": [0.986427605152, 0.893236994743, 0.617555320263, 0.541857481003, 0.309779345989, 0.615942656994], "var": [0.0882235765457, 0.0629594251513, 0.0238647144288, 0.00706608686596, 0.00178636796772, 0.00361220911145], "mean": [0.571284115314, 0.253988206387, 0.112890571356, 0.0520506054163, 0.024844661355, 0.0206835921854]}}, "lowlevel": {"barkbands_spread": {"dmean2": 7.30124855042, "median": 9.54550361633, "min": 0.143360450864, "dvar2": 116.016731262, "dvar": 55.348690033, "dmean": 4.8960146904, "max": 103.074157715, "var": 175.488479614, "mean": 13.9485816956}, "melbands_spread": {"dmean2": 8.04512500763, "median": 7.60168552399, "min": 0.239901304245, "dvar2": 280.073760986, "dvar": 168.123397827, "dmean": 5.71383857727, "max": 246.336975098, "var": 530.709289551, "mean": 14.4693155289}, "hfc": {"dmean2": 5.82620286942, "median": 8.63590908051, "min": 1.17814050862e-16, "dvar2": 184.5415802, "dvar": 106.750534058, "dmean": 4.38123035431, "max": 310.628936768, "var": 285.523406982, "mean": 12.4478559494}, "barkbands_kurtosis": {"dmean2": 18.0821857452, "median": 10.3601665497, "min": -1.89276719093, "dvar2": 2053.98925781, "dvar": 1047.89404297, "dmean": 12.6152267456, "max": 917.127502441, "var": 2594.31274414, "mean": 24.0925884247}, "gfcc": {"mean": [-53.6344909668, 100.274467468, -94.2320709229, 43.3770141602, -57.4116897583, 8.94245433807, -41.743686676, 9.98286533356, -23.1586723328, 3.14273929596, -11.3174591064, 5.94195795059, -7.8047618866], "icov": [[0.000181072682608, -0.00047344295308, 0.00025219359668, -0.000495026353747, 0.000572527816985, -0.000490508507937, 0.000332188326865, -0.000245576462476, 0.000375980715035, -8.63844834385e-05, -1.79254984687e-05, -1.43656870932e-05, -5.41855042684e-05], [-0.00047344295308, 0.0036112414673, -0.000778224202804, 0.00251205614768, -0.00284095248207, 0.00260682404041, -0.00195353385061, 0.0017539919354, -0.00278577022254, 0.00252075493336, -0.00246024434455, 0.00211399584077, -0.000301133462926], [0.00025219359668, -0.000778224202804, 0.00285872374661, -0.00157267355826, -0.000191997154616, -0.00202096393332, 0.000468379963422, -0.000107254614704, 0.000354916206561, 6.72920214129e-05, -0.000367037398973, -0.000455083150882, -0.000101841185824], [-0.000495026353747, 0.00251205614768, -0.00157267355826, 0.00520485593006, -0.00260638957843, 0.00155559473205, -0.00126328377519, 0.00223397416994, -0.00310835544951, 0.00255972123705, -0.000925126543734, 0.00117628229782, -0.00134699861519], [0.000572527816985, -0.00284095248207, -0.000191997154616, -0.00260638957843, 0.00631377613172, -0.0011105396552, 0.000315450830385, -0.000848303199746, 0.000795512984041, -0.00144717213698, 0.00137477344833, -0.000274258141872, -0.000972897687461], [-0.000490508507937, 0.00260682404041, -0.00202096393332, 0.00155559473205, -0.0011105396552, 0.00984458066523, -0.0047052516602, -0.000731769658159, -0.00068001676118, -0.00155488913879, -0.00118715059943, 0.00269141746685, -0.000910809962079], [0.000332188326865, -0.00195353385061, 0.000468379963422, -0.00126328377519, 0.000315450830385, -0.0047052516602, 0.007134815678, -0.00375624885783, 0.0013531165896, -0.000791803642642, 0.000445364014013, -0.00114850362297, -0.000420432363171], [-0.000245576462476, 0.0017539919354, -0.000107254614704, 0.00223397416994, -0.000848303199746, -0.000731769658159, -0.00375624885783, 0.0105537883937, -0.00409355340526, 0.000309450901113, -6.99185839039e-05, -0.000754079665057, 0.00124284310732], [0.000375980715035, -0.00278577022254, 0.000354916206561, -0.00310835544951, 0.000795512984041, -0.00068001676118, 0.0013531165896, -0.00409355340526, 0.0121168103069, -0.00429735286161, -0.00134111801162, -0.00013837251754, -8.25998431537e-05], [-8.63844834385e-05, 0.00252075493336, 6.72920214129e-05, 0.00255972123705, -0.00144717213698, -0.00155488913879, -0.000791803642642, 0.000309450901113, -0.00429735286161, 0.0124838063493, -0.00339533877559, 0.00230133300647, -0.000851848511957], [-1.79254984687e-05, -0.00246024434455, -0.000367037398973, -0.000925126543734, 0.00137477344833, -0.00118715059943, 0.000445364014013, -6.99185839039e-05, -0.00134111801162, -0.00339533877559, 0.0125714261085, -0.00585296889767, 0.003216662677], [-1.43656870932e-05, 0.00211399584077, -0.000455083150882, 0.00117628229782, -0.000274258141872, 0.00269141746685, -0.00114850362297, -0.000754079665057, -0.00013837251754, 0.00230133300647, -0.00585296889767, 0.0153464991599, -0.00476706353948], [-5.41855042684e-05, -0.000301133462926, -0.000101841185824, -0.00134699861519, -0.000972897687461, -0.000910809962079, -0.000420432363171, 0.00124284310732, -8.25998431537e-05, -0.000851848511957, 0.003216662677, -0.00476706353948, 0.011924372986]], "cov": [[12213.2373047, 817.788574219, -795.401184082, 192.214553833, -790.897460938, -111.263916016, -414.960266113, -169.949691772, -155.395690918, -242.702880859, 146.330673218, -107.535438538, -79.7525253296], [817.788574219, 1218.53466797, 145.564804077, -7.36284971237, 352.209442139, -161.125411987, 60.8520774841, -77.7024459839, 161.821807861, -106.572639465, 152.431884766, -53.671875, -7.49478673935], [-795.401184082, 145.564804077, 712.332641602, 262.185577393, 286.364959717, 171.438171387, 184.388427734, 42.3882064819, 104.296607971, 25.4407787323, 50.9012413025, 8.34415435791, 66.4494094849], [192.214553833, -7.36284971237, 262.185577393, 483.486083984, 175.447677612, 17.4788188934, 20.19190979, -55.6000938416, 60.7369117737, -47.1759757996, -1.82165038586, 1.9185615778, 78.0077972412], [-790.897460938, 352.209442139, 286.364959717, 175.447677612, 459.841186523, 33.7389297485, 131.934555054, 8.50594997406, 106.150650024, 2.06472420692, 28.5383892059, -11.4402389526, 60.0364227295], [-111.263916016, -161.125411987, 171.438171387, 17.4788188934, 33.7389297485, 333.128356934, 251.82723999, 149.3306427, 45.4797096252, 108.774749756, 19.6780586243, -7.99855613708, 19.9562759399], [-414.960266113, 60.8520774841, 184.388427734, 20.19190979, 131.934555054, 251.82723999, 417.43157959, 181.762496948, 83.6010284424, 89.5105133057, 42.4812202454, 5.42113780975, 26.9608802795], [-169.949691772, -77.7024459839, 42.3882064819, -55.6000938416, 8.50594997406, 149.3306427, 181.762496948, 215.437591553, 62.1932487488, 76.9753189087, 23.825674057, 9.42113304138, -9.32984924316], [-155.395690918, 161.821807861, 104.296607971, 60.7369117737, 106.150650024, 45.4797096252, 83.6010284424, 62.1932487488, 168.216339111, 49.4006652832, 57.1616706848, -2.35032916069, 8.06715393066], [-242.702880859, -106.572639465, 25.4407787323, -47.1759757996, 2.06472420692, 108.774749756, 89.5105133057, 76.9753189087, 49.4006652832, 152.234115601, 29.6940956116, -1.64649224281, -2.74696183205], [146.330673218, 152.431884766, 50.9012413025, -1.82165038586, 28.5383892059, 19.6780586243, 42.4812202454, 23.825674057, 57.1616706848, 29.6940956116, 138.840270996, 25.9382820129, -16.9768447876], [-107.535438538, -53.671875, 8.34415435791, 1.9185615778, -11.4402389526, -7.99855613708, 5.42113780975, 9.42113304138, -2.35032916069, -1.64649224281, 25.9382820129, 92.8456497192, 26.095243454], [-79.7525253296, -7.49478673935, 66.4494094849, 78.0077972412, 60.0364227295, 19.9562759399, 26.9608802795, -9.32984924316, 8.06715393066, -2.74696183205, -16.9768447876, 26.095243454, 115.906684875]]}, "spectral_energyband_middle_low": {"dmean2": 0.00756278913468, "median": 0.00829989463091, "min": 3.34214162738e-22, "dvar2": 0.000124070880702, "dvar": 7.05746133463e-05, "dmean": 0.00543395197019, "max": 0.153032973409, "var": 0.0003396627435, "mean": 0.014782297425}, "melbands_crest": {"dmean2": 4.78486204147, "median": 17.8219985962, "min": 1.86240041256, "dvar2": 20.4108695984, "dvar": 9.4589881897, "dmean": 3.16221880913, "max": 33.1277580261, "var": 42.571849823, "mean": 18.1988735199}, "spectral_kurtosis": {"dmean2": 2.38437867165, "median": 3.93976616859, "min": -1.18854045868, "dvar2": 6.92089653015, "dvar": 2.78196597099, "dmean": 1.47495818138, "max": 24.9749622345, "var": 7.91265869141, "mean": 4.54563331604}, "spectral_rms": {"dmean2": 0.00111480557825, "median": 0.00517561612651, "min": 3.27407935832e-12, "dvar2": 1.42791805047e-06, "dvar": 8.80888308075e-07, "dmean": 0.000845243281219, "max": 0.0140151828527, "var": 8.07776359579e-06, "mean": 0.00515156937763}, "zerocrossingrate": {"dmean2": 0.0110080409795, "median": 0.02978515625, "min": 0.00244140625, "dvar2": 0.000331649178406, "dvar": 0.000305572146317, "dmean": 0.00999310240149, "max": 0.505859375, "var": 0.00193876377307, "mean": 0.0417509526014}, "silence_rate_60dB": {"dmean2": 0.0966386571527, "median": 0, "min": 0, "dvar2": 0.104805983603, "dvar": 0.0459703430533, "dmean": 0.0483024157584, "max": 1, "var": 0.107726834714, "mean": 0.122813157737}, "erbbands_kurtosis": {"dmean2": 2.29688549042, "median": 0.278519362211, "min": -1.83502101898, "dvar2": 13.1100244522, "dvar": 6.93226528168, "dmean": 1.5008866787, "max": 70.2524642944, "var": 15.4385576248, "mean": 1.2644765377}, "erbbands": {"dmean2": [0.151434317231, 1.92203128338, 2.31190848351, 2.133644104, 6.54148340225, 14.231508255, 18.8332843781, 35.8884925842, 24.3817100525, 20.1238269806, 18.730304718, 10.8781728745, 13.4828920364, 13.7596101761, 9.06236362457, 11.5551633835, 12.2803955078, 8.81674098969, 5.54883670807, 6.17824792862, 7.18854761124, 6.62060976028, 5.42360639572, 8.63273715973, 4.52264547348, 2.67754864693, 3.35781407356, 2.99468803406, 2.92117714882, 2.53698706627, 2.93943667412, 2.50698184967, 1.1927883625, 0.612487673759, 0.237312704325, 0.0851280093193, 0.0203672461212, 0.00168754835613, 3.65124760719e-05, 1.65312976605e-05], "median": [0.0314685925841, 0.450722277164, 1.59824347496, 1.98581838608, 3.32656908035, 2.97914838791, 6.09579753876, 7.38177394867, 6.92338562012, 5.50229263306, 2.63608312607, 2.40003204346, 2.18114233017, 3.17229294777, 2.14243650436, 1.76183378696, 2.28424787521, 1.77623176575, 1.55939435959, 1.86901378632, 3.37662672997, 3.46981573105, 2.8156170845, 2.65605068207, 1.78395795822, 1.26303613186, 1.08137011528, 0.818191826344, 0.683062195778, 0.645643293858, 0.450617969036, 0.274887621403, 0.175487071276, 0.120642602444, 0.0483174398541, 0.0137209668756, 0.00362975616008, 0.00027802461409, 2.56720068137e-05, 3.30345064867e-05], "min": [3.67179839552e-22, 1.49292095445e-21, 7.92005887915e-21, 2.57489821707e-20, 8.50532050492e-20, 8.71393480917e-20, 2.7010171526e-19, 2.9888873795e-19, 8.51157114692e-19, 8.7685311853e-19, 1.13614394508e-18, 9.18830466665e-19, 6.54438779174e-19, 2.21144606776e-18, 2.46320903374e-18, 2.71492981352e-18, 3.89784544556e-18, 5.2189426329e-18, 3.91448376999e-18, 5.00151076426e-18, 6.13297141951e-18, 7.63786317588e-18, 9.33420547143e-18, 1.36354644202e-17, 1.1043252434e-17, 1.75380289311e-17, 1.37518065462e-17, 1.16738254499e-17, 1.95690882072e-17, 2.68919428078e-17, 2.39381486692e-17, 1.66593563255e-17, 1.35057153508e-17, 1.02521211797e-17, 6.96560025716e-18, 4.87913228777e-18, 3.16587394189e-18, 1.56337135773e-18, 3.47638989243e-19, 3.16838124265e-20], "dvar2": [0.106373749673, 16.6387233734, 17.8822345734, 11.0719003677, 146.466506958, 1200.47106934, 2338.95410156, 7772.83691406, 3109.5546875, 2248.38525391, 4454.91845703, 1312.05651855, 1681.57568359, 795.4765625, 784.088256836, 3031.04272461, 1732.26049805, 628.752319336, 241.531143188, 375.248565674, 393.592468262, 274.10168457, 224.678985596, 650.278930664, 166.027832031, 33.9500274658, 88.193145752, 76.1567153931, 157.681976318, 109.792556763, 339.267059326, 497.420043945, 106.975563049, 18.119758606, 1.22544336319, 0.0689563825727, 0.00202450458892, 1.49018460434e-05, 6.22702467368e-09, 5.08437014712e-10], "dvar": [0.0625300556421, 7.94597148895, 9.86612415314, 5.5044260025, 71.0564498901, 603.589904785, 1373.87243652, 4094.74243164, 1407.26696777, 1018.36395264, 1960.99462891, 659.793518066, 759.427429199, 358.557006836, 318.927124023, 1220.16113281, 757.309753418, 281.59552002, 118.657180786, 153.860794067, 163.385620117, 118.625282288, 100.486312866, 321.445098877, 86.6659851074, 19.1923313141, 39.8875465393, 40.1541786194, 75.3220977783, 62.8913345337, 166.939666748, 220.904953003, 60.8824806213, 10.8557577133, 0.834717810154, 0.0396965444088, 0.0010330833029, 6.89013359079e-06, 3.29661564713e-09, 2.68575800488e-10], "dmean": [0.109199129045, 1.3293159008, 1.61107075214, 1.46154987812, 4.35317468643, 10.1329507828, 13.0552682877, 25.080947876, 16.1342735291, 13.1504688263, 11.9894533157, 7.38303661346, 8.76527118683, 9.00001239777, 5.88230657578, 7.55767774582, 8.03544235229, 5.85483360291, 3.73802995682, 3.9812939167, 4.61451816559, 4.34329128265, 3.63658499718, 5.92328929901, 3.07892012596, 1.88802170753, 2.28745388985, 2.0697388649, 2.01405668259, 1.80158162117, 2.01114392281, 1.68016600609, 0.827231049538, 0.436584413052, 0.169456750154, 0.0575920902193, 0.0135425198823, 0.00110142119229, 2.49778622674e-05, 1.18932766782e-05], "max": [5.70254516602, 43.1846122742, 50.1836624146, 41.5582466125, 216.912033081, 401.776672363, 1229.5201416, 1123.35534668, 684.668823242, 744.194458008, 775.320739746, 533.076660156, 691.704284668, 316.290435791, 389.487335205, 775.830749512, 697.510437012, 270.088928223, 344.866271973, 257.74786377, 383.029205322, 299.335876465, 239.631362915, 326.543731689, 286.122497559, 107.409942627, 170.730270386, 149.983535767, 218.461624146, 166.386688232, 349.283813477, 482.015075684, 293.582458496, 116.383972168, 35.8248252869, 5.67772674561, 0.704062581062, 0.0405138134956, 0.00137720536441, 0.00030477240216], "var": [0.562850296497, 43.8229827881, 52.9081077576, 20.6020183563, 242.315292358, 2814.24780273, 7876.23388672, 12373.7714844, 2151.109375, 1897.18188477, 3225.65698242, 1387.1595459, 1123.03894043, 698.852783203, 456.98526001, 1546.98583984, 1178.09533691, 440.102783203, 225.100921631, 283.64956665, 324.615997314, 222.811645508, 181.338638306, 593.771362305, 171.300598145, 51.5673751831, 74.7224197388, 99.0739135742, 140.29057312, 108.409049988, 256.682769775, 295.271270752, 107.030586243, 19.0954265594, 1.66899096966, 0.0775379613042, 0.00200034910813, 1.22743767861e-05, 6.83477230368e-09, 1.51673884563e-09], "mean": [0.329348683357, 3.87102532387, 4.68278598785, 3.5075097084, 8.974193573, 24.8267250061, 28.53515625, 45.754447937, 22.0004024506, 18.1791191101, 16.5381164551, 11.2122192383, 10.665968895, 13.0393075943, 8.66264057159, 9.85893535614, 10.6221752167, 7.7167057991, 5.44002819061, 6.71577739716, 8.53653335571, 7.93391132355, 6.74079465866, 9.90691757202, 5.28974914551, 3.48849248886, 3.85102677345, 3.41506576538, 3.21036744118, 2.74488067627, 2.77718901634, 2.19169974327, 1.19805705547, 0.627026319504, 0.247145742178, 0.0818945020437, 0.0189227145165, 0.00147392402869, 4.8669793614e-05, 4.22165358032e-05]}, "spectral_strongpeak": {"dmean2": 0.592457652092, "median": 0.556583762169, "min": 0, "dvar2": 0.73089247942, "dvar": 0.321411073208, "dmean": 0.362884312868, "max": 9.9198179245, "var": 0.658039689064, "mean": 0.838638186455}, "spectral_energy": {"dmean2": 0.0136813819408, "median": 0.0274566803128, "min": 1.09875854794e-20, "dvar2": 0.000340211758157, "dvar": 0.000176194036612, "dmean": 0.00985727086663, "max": 0.201335996389, "var": 0.00114089087583, "mean": 0.0354818217456}, "average_loudness": 0.870106756687, "spectral_rolloff": {"dmean2": 542.83190918, "median": 366.064453125, "min": 43.06640625, "dvar2": 1339213.5, "dvar": 725301.875, "dmean": 339.136932373, "max": 18518.5546875, "var": 2139131, "mean": 853.359191895}, "spectral_centroid": {"dmean2": 342.79699707, "median": 707.764770508, "min": 102.775039673, "dvar2": 220179.140625, "dvar": 133247.578125, "dmean": 242.957580566, "max": 11210.9052734, "var": 609811.8125, "mean": 968.798278809}, "pitch_salience": {"dmean2": 0.1163424775, "median": 0.472130954266, "min": 0.0562643744051, "dvar2": 0.0117357475683, "dvar": 0.00576753448695, "dmean": 0.0780172795057, "max": 0.990841805935, "var": 0.0294468570501, "mean": 0.452177226543}, "spectral_energyband_middle_high": {"dmean2": 0.00117353792302, "median": 0.000960839912295, "min": 1.35436244632e-21, "dvar2": 4.22064931627e-06, "dvar": 2.4399389531e-06, "dmean": 0.00083872792311, "max": 0.0328131169081, "var": 7.87722547102e-06, "mean": 0.00185675022658}, "spectral_contrast_coeffs": {"dmean2": [0.080339871347, 0.0832346230745, 0.0634922459722, 0.0517171211541, 0.0361791700125, 0.0335131697357], "median": [-0.614544451237, -0.708056390285, -0.781067967415, -0.783353686333, -0.790915548801, -0.780398488045], "min": [-0.962518513203, -0.985792398453, -0.990631103516, -0.963511943817, -0.963905930519, -0.962855756283], "dvar2": [0.00445216521621, 0.00460446160287, 0.00233328761533, 0.00169885728974, 0.000841285742354, 0.000794492254499], "dvar": [0.00186331232544, 0.0019565850962, 0.000931984162889, 0.000720950134564, 0.000390748784412, 0.000361560494639], "dmean": [0.0503143742681, 0.0530464760959, 0.0393700897694, 0.0325960218906, 0.0236513074487, 0.0216833297163], "max": [-0.274324029684, -0.33151397109, -0.554748117924, -0.597219824791, -0.605863213539, -0.602345883846], "var": [0.0125481626019, 0.0101764630526, 0.00368728698231, 0.00268253916875, 0.00230947928503, 0.00181236024946], "mean": [-0.606915533543, -0.692847192287, -0.774671018124, -0.779403805733, -0.788055121899, -0.777966558933]}, "melbands_skewness": {"dmean2": 1.68346858025, "median": 3.83724093437, "min": -1.18502104282, "dvar2": 4.14613628387, "dvar": 1.99522078037, "dmean": 1.14685964584, "max": 25.7219181061, "var": 7.4389667511, "mean": 4.35117101669}, "spectral_spread": {"dmean2": 982673.8125, "median": 4589586, "min": 2329633.75, "dvar2": 1720988598270.0, "dvar": 835448340480, "dmean": 646973.0625, "max": 39928320, "var": 2901298905090.0, "mean": 4871393.5}, "dissonance": {"dmean2": 0.0362622216344, "median": 0.453609824181, "min": 0.259767621756, "dvar2": 0.00103455409408, "dvar": 0.00039194963756, "dmean": 0.0221323203295, "max": 0.5, "var": 0.00101183343213, "mean": 0.448574900627}, "spectral_skewness": {"dmean2": 0.337212890387, "median": 1.64829015732, "min": -0.287914693356, "dvar2": 0.10300873965, "dvar": 0.0501252189279, "dmean": 0.22149066627, "max": 4.19345760345, "var": 0.250781685114, "mean": 1.64841139317}, "spectral_flux": {"dmean2": 0.0401234216988, "median": 0.0597365796566, "min": 6.98982122183e-11, "dvar2": 0.0018516239943, "dvar": 0.000791410915554, "dmean": 0.0257764980197, "max": 0.317467063665, "var": 0.00206148158759, "mean": 0.0694331377745}, "spectral_contrast_valleys": {"dmean2": [0.641125977039, 0.649872422218, 0.569169104099, 0.477771013975, 0.351528674364, 0.518272101879], "median": [-7.46110439301, -7.11571407318, -8.00527000427, -8.46118927002, -8.12483882904, -10.5011329651], "min": [-27.2149143219, -27.2966518402, -27.4006710052, -27.417175293, -27.3441543579, -27.1748409271], "dvar2": [0.261890411377, 0.298450291157, 0.235942259431, 0.174981251359, 0.107098631561, 0.232906505466], "dvar": [0.139311239123, 0.154512062669, 0.132706776261, 0.105403669178, 0.0808310136199, 0.157466381788], "dmean": [0.427455455065, 0.432898551226, 0.391037642956, 0.333472281694, 0.266840457916, 0.404454112053], "max": [-5.40992975235, -5.03962373734, -5.23624229431, -6.06624555588, -6.00843334198, -7.09191703796], "var": [1.67466270924, 1.6504458189, 1.50882899761, 1.32084178925, 1.31052935123, 1.35695576668], "mean": [-7.65159893036, -7.29443311691, -8.1324596405, -8.60377502441, -8.26483058929, -10.6333713531]}, "erbbands_flatness_db": {"dmean2": 0.0289946720004, "median": 0.158853828907, "min": 0.0351398251951, "dvar2": 0.000653977505863, "dvar": 0.000321414961945, "dmean": 0.019831571728, "max": 0.318544864655, "var": 0.00171904987656, "mean": 0.159447267652}, "spectral_energyband_high": {"dmean2": 0.000352415459929, "median": 0.000119214644656, "min": 8.12083597022e-21, "dvar2": 2.54858127846e-06, "dvar": 1.54091412696e-06, "dmean": 0.000262046058197, "max": 0.0376371890306, "var": 3.24204347635e-06, "mean": 0.000455703091575}, "spectral_entropy": {"dmean2": 0.293167442083, "median": 7.28877353668, "min": 4.95157670975, "dvar2": 0.0768802687526, "dvar": 0.0442597344518, "dmean": 0.208894714713, "max": 9.80884933472, "var": 0.302089482546, "mean": 7.27611351013}, "silence_rate_20dB": {"dmean2": 0, "median": 1, "min": 1, "dvar2": 0, "dvar": 0, "dmean": 0, "max": 1, "var": 0, "mean": 1}, "melbands_flatness_db": {"dmean2": 0.0430535003543, "median": 0.263594835997, "min": 0.00514758331701, "dvar2": 0.00153923698235, "dvar": 0.0010672629578, "dmean": 0.0331332609057, "max": 0.650032699108, "var": 0.00992006715387, "mean": 0.270613104105}, "barkbands": {"dmean2": [4.31650623796e-05, 0.00765203218907, 0.0015402904246, 0.00102254131343, 0.00351131660864, 0.00350334262475, 0.00166258576792, 0.00100490753539, 0.000501447939314, 0.00049228023272, 0.000258942163782, 0.000258845306234, 0.000289765623165, 0.000140876931255, 0.000127866078401, 0.000137982453452, 0.000137417606311, 0.000126290004118, 0.000136182978167, 5.69126568735e-05, 8.1004734966e-05, 7.66492303228e-05, 9.66514853644e-05, 9.53064154601e-05, 4.20737887907e-05, 1.36671314976e-05, 1.6461784158e-09], "median": [6.03266698818e-06, 0.00166993332095, 0.00103774107993, 0.000433501118096, 0.00116230780259, 0.000770971295424, 0.000378725875635, 0.000131137145218, 9.0634872322e-05, 7.91154816397e-05, 5.3979580116e-05, 3.66045533156e-05, 4.70517697977e-05, 1.89123311429e-05, 2.83841472992e-05, 4.28794519394e-05, 6.44182873657e-05, 4.97803703183e-05, 4.28790226579e-05, 2.60601555055e-05, 2.41538036789e-05, 1.98199995793e-05, 1.61819116329e-05, 1.20990171126e-05, 8.94675213203e-06, 2.22062544708e-06, 2.48949472148e-10], "min": [9.79576390984e-24, 1.08862418379e-23, 8.47919450207e-24, 1.17805111261e-23, 3.42608728242e-23, 2.71812690293e-23, 6.14427161443e-23, 4.84880549806e-23, 4.38293706405e-23, 3.77140357062e-23, 5.00247402467e-23, 5.48699523256e-23, 7.8609219277e-23, 6.49809213873e-23, 9.74130884155e-23, 9.57903447355e-23, 1.04401828056e-22, 2.12794736934e-22, 2.03844270616e-22, 3.36155618846e-22, 2.91497231125e-22, 5.00250349651e-22, 8.11817742061e-22, 8.19834537855e-22, 9.56604792978e-22, 1.66662474314e-21, 2.29714720403e-21], "dvar2": [1.12437277267e-08, 0.000257945270278, 7.54552547733e-06, 2.85886267193e-06, 6.11587092862e-05, 6.14164964645e-05, 1.43447077789e-05, 8.79954859556e-06, 3.06094761982e-06, 1.53483961185e-06, 4.56809402749e-07, 1.27877160594e-06, 8.55173425407e-07, 2.05773716289e-07, 1.76670582164e-07, 2.35411022231e-07, 1.0010269591e-07, 1.47135878592e-07, 1.46338820173e-07, 1.54017616438e-08, 4.67953924499e-08, 9.2060957968e-08, 2.84696881181e-07, 7.50958804474e-07, 5.66881119823e-08, 1.26074262141e-09, 8.79306474188e-18], "dvar": [5.11194997443e-09, 0.000127867388073, 3.92733727494e-06, 1.46888135077e-06, 2.94925248454e-05, 3.47044369846e-05, 6.11368204773e-06, 3.9704568735e-06, 1.57350962127e-06, 6.23191567684e-07, 1.89727003885e-07, 5.37990217708e-07, 3.75724681589e-07, 8.99350638406e-08, 7.76071402697e-08, 9.27295715769e-08, 4.23216377499e-08, 6.48518678759e-08, 7.35028180543e-08, 8.93131701929e-09, 2.23927596466e-08, 4.77160604362e-08, 1.57814440627e-07, 3.53398036168e-07, 3.73106168183e-08, 6.32383312382e-10, 2.88996309229e-18], "dmean": [2.76129467238e-05, 0.00532889552414, 0.00105180917308, 0.000687495979946, 0.00245146919042, 0.00251366291195, 0.00106777891051, 0.000633801391814, 0.000349409121554, 0.000305510358885, 0.000165639052284, 0.000171225765371, 0.000186413701158, 9.08459987841e-05, 8.29678683658e-05, 8.77579004737e-05, 8.73969547683e-05, 8.26285322546e-05, 9.30963724386e-05, 4.0039230953e-05, 5.53171994397e-05, 5.41316221643e-05, 6.74764305586e-05, 6.26996770734e-05, 3.0681349017e-05, 9.04514399735e-06, 9.12522279961e-10], "max": [0.00161735888105, 0.194175779819, 0.0364587195218, 0.0222682058811, 0.0866556614637, 0.114809706807, 0.049159605056, 0.0326287634671, 0.0272694248706, 0.0176677815616, 0.00857625156641, 0.016911868006, 0.016194421798, 0.00540006533265, 0.00638249889016, 0.00928760692477, 0.00525756319985, 0.0064666364342, 0.00569094484672, 0.00261617777869, 0.00343746133149, 0.00541880819947, 0.0125268995762, 0.0211117751896, 0.00739640882239, 0.000587541551795, 2.07117896167e-08], "var": [1.53897037336e-08, 0.000785630196333, 1.69550112332e-05, 5.34359742232e-06, 0.000120988421259, 0.00013184803538, 8.04391765996e-06, 6.78867036186e-06, 3.27239013131e-06, 8.43582313337e-07, 3.01580399764e-07, 7.22578022305e-07, 6.21023389158e-07, 1.10204446457e-07, 1.27041431597e-07, 1.6559599203e-07, 7.84760985084e-08, 1.04990299121e-07, 1.37554025059e-07, 2.40649953298e-08, 4.76193342536e-08, 9.55409689141e-08, 2.72144632163e-07, 5.18453475706e-07, 7.23520088286e-08, 1.13314713168e-09, 2.42874393314e-18], "mean": [4.8841615353e-05, 0.0157438050956, 0.00265414104797, 0.00137883075513, 0.005816583056, 0.00482223462313, 0.00129944097716, 0.000838345382363, 0.000499460322317, 0.00038191783824, 0.000234334074776, 0.000222921516979, 0.000236053121625, 0.000106219056761, 0.000120705808513, 0.000146131511428, 0.000151385189383, 0.00013959754142, 0.000150197403855, 7.25926729501e-05, 9.1513946245e-05, 8.67927374202e-05, 9.61628975347e-05, 8.64348403411e-05, 4.45245095761e-05, 1.26202385218e-05, 8.14759260059e-10]}, "erbbands_skewness": {"dmean2": 0.682567119598, "median": 0.854617834091, "min": -5.20638084412, "dvar2": 0.400446802378, "dvar": 0.217507526278, "dmean": 0.465448409319, "max": 6.93864631653, "var": 1.02203631401, "mean": 0.886756777763}, "erbbands_spread": {"dmean2": 15.7640619278, "median": 39.7612609863, "min": 4.20797586441, "dvar2": 323.694061279, "dvar": 135.388015747, "dmean": 10.1923923492, "max": 197.378097534, "var": 379.767669678, "mean": 42.9832496643}, "melbands_kurtosis": {"dmean2": 32.1453590393, "median": 25.2392730713, "min": -1.91658198833, "dvar2": 4640.12207031, "dvar": 1985.14733887, "dmean": 21.2024154663, "max": 877.249755859, "var": 3878.54125977, "mean": 44.5916938782}, "melbands": {"dmean2": [0.00184250273742, 0.00172701431438, 0.000465674092993, 0.000723525008652, 0.000683086283971, 0.000741689233109, 0.000370177818695, 0.000219133682549, 0.000150277250214, 6.3716324803e-05, 6.7900531576e-05, 5.72205790377e-05, 3.10110081045e-05, 2.7231491913e-05, 2.75072416116e-05, 3.21238148899e-05, 1.6001822587e-05, 8.98442976904e-06, 1.02195162981e-05, 9.96092057903e-06, 9.06783498067e-06, 8.40727989271e-06, 4.99199677506e-06, 6.21190611128e-06, 7.76364868216e-06, 4.27553322879e-06, 2.48899323196e-06, 1.84270595582e-06, 2.08989513339e-06, 2.36870550907e-06, 1.70759381035e-06, 1.91971071217e-06, 1.39821645462e-06, 1.58367527092e-06, 1.80926974735e-06, 1.70435737346e-06, 1.50535663579e-06, 9.63336