{"tonal": {"thpcp": [1, 0.740105569363, 0.405785650015, 0.448851406574, 0.49759978056, 0.485725820065, 0.500140190125, 0.464848130941, 0.355862110853, 0.29873046279, 0.304549366236, 0.339971363544, 0.36653482914, 0.362907975912, 0.389427900314, 0.488758772612, 0.507973313332, 0.443363845348, 0.459157794714, 0.499494552612, 0.551171422005, 0.617701232433, 0.532849431038, 0.38156041503, 0.338853210211, 0.331146448851, 0.313266396523, 0.333738863468, 0.359647572041, 0.3289539814, 0.269715040922, 0.214237436652, 0.185990378261, 0.176670670509, 0.199249118567, 0.581000447273], "hpcp": {"dmean2": [0.24547894299, 0.242333561182, 0.241301760077, 0.259590864182, 0.262385219336, 0.277961283922, 0.292185246944, 0.305559039116, 0.335518151522, 0.331081420183, 0.283319562674, 0.24028968811, 0.223012298346, 0.197536051273, 0.185784861445, 0.185725435615, 0.189679414034, 0.183475196362, 0.156117171049, 0.131771117449, 0.113925412297, 0.114782445133, 0.132602423429, 0.276349127293, 0.424543023109, 0.329443305731, 0.251526743174, 0.246954843402, 0.262523442507, 0.291825294495, 0.288600683212, 0.265487134457, 0.225720331073, 0.201417967677, 0.210161954165, 0.230204582214], "median": [0.0120138740167, 0.0128690060228, 0.0141552090645, 0.0181953459978, 0.0211352333426, 0.0190164968371, 0.0148359015584, 0.0155556965619, 0.021459819749, 0.0247367154807, 0.0220694802701, 0.0171378590167, 0.015824303031, 0.0165285710245, 0.0165452845395, 0.0183656979352, 0.0197970792651, 0.016366224736, 0.0116922352463, 0.00976029597223, 0.00876040570438, 0.00783392321318, 0.00732642086223, 0.0360559150577, 0.070847786963, 0.0683896690607, 0.0203333366662, 0.0203821547329, 0.0209904015064, 0.0209801346064, 0.0208371281624, 0.0170962493867, 0.0147510915995, 0.0115739181638, 0.0107143977657, 0.0106516322121], "min": [0, 0, 0, 0, 0, 0, 0, 0, 0, 0, 0, 0, 0, 0, 0, 0, 0, 0, 0, 0, 0, 0, 0, 0, 0, 0, 0, 0, 0, 0, 0, 0, 0, 0, 0, 0], "dvar2": [0.167557910085, 0.164256766438, 0.161181122065, 0.167997851968, 0.158262565732, 0.179102942348, 0.196866944432, 0.199417307973, 0.212356418371, 0.211987778544, 0.175451621413, 0.153656095266, 0.147033691406, 0.118604823947, 0.115609697998, 0.107407838106, 0.110268525779, 0.110089987516, 0.0923716947436, 0.0811205357313, 0.0614180117846, 0.0641357600689, 0.0822785794735, 0.119950950146, 0.249530225992, 0.14598929882, 0.157365947962, 0.14366298914, 0.154097363353, 0.170973911881, 0.167624309659, 0.158673852682, 0.140677317977, 0.125012800097, 0.136083871126, 0.152353480458], "dvar": [0.0601239278913, 0.0576960556209, 0.0567813329399, 0.0611644200981, 0.0588974803686, 0.0633890479803, 0.0705798491836, 0.0747081339359, 0.0791214331985, 0.0788131430745, 0.064227707684, 0.0541239492595, 0.0510983578861, 0.0426174364984, 0.0428518429399, 0.0390869379044, 0.0394750572741, 0.0405881367624, 0.0335888490081, 0.0284997448325, 0.0215501841158, 0.0223374720663, 0.0291279926896, 0.0450494810939, 0.0962039381266, 0.0569476224482, 0.0561698153615, 0.0523187406361, 0.0578309632838, 0.0624246560037, 0.062401175499, 0.0593929067254, 0.050567869097, 0.0446242205799, 0.0485572479665, 0.0540976300836], "dmean": [0.132161602378, 0.130471795797, 0.13076248765, 0.141874715686, 0.143923938274, 0.150581330061, 0.158391833305, 0.167982071638, 0.183892264962, 0.180371642113, 0.154876828194, 0.130547866225, 0.119373142719, 0.107462927699, 0.10149846226, 0.10270754993, 0.105881124735, 0.101322337985, 0.0862031653523, 0.0719979479909, 0.062191978097, 0.0616765506566, 0.0712631195784, 0.152275502682, 0.232850655913, 0.182398408651, 0.136852100492, 0.135788008571, 0.145532801747, 0.160444647074, 0.158989831805, 0.145902782679, 0.122539624572, 0.108658842742, 0.112687848508, 0.124040201306], "max": [1, 1, 1, 1, 1, 1, 1, 1, 1, 1, 1, 1, 1, 1, 1, 1, 1, 1, 1, 1, 1, 1, 1, 1, 1, 1, 1, 1, 1, 1, 1, 1, 1, 1, 1, 1], "var": [0.0471711046994, 0.0450284518301, 0.0481792204082, 0.065304979682, 0.0673832669854, 0.0526402033865, 0.0602585300803, 0.0671717077494, 0.0726779401302, 0.0864973366261, 0.0712965726852, 0.044238127768, 0.0390084013343, 0.0364883244038, 0.0361774154007, 0.0342912524939, 0.0371796377003, 0.0364340730011, 0.0291301980615, 0.0215929429978, 0.0162182897329, 0.0158784966916, 0.0212366711348, 0.0517271533608, 0.133927688003, 0.0724318698049, 0.0464763194323, 0.0562171339989, 0.0657976269722, 0.0585789270699, 0.0615501664579, 0.0590521581471, 0.0410358346999, 0.0332254767418, 0.0355979986489, 0.0422087535262], "mean": [0.101793460548, 0.100786224008, 0.108151294291, 0.135737299919, 0.141073539853, 0.123130299151, 0.127516567707, 0.138718828559, 0.153070449829, 0.17154699564, 0.147982090712, 0.105966344476, 0.0941057726741, 0.0919654592872, 0.0869998410344, 0.0926854237914, 0.0998807474971, 0.0913565680385, 0.0749048292637, 0.0594976767898, 0.0516529493034, 0.0490646958351, 0.0553351454437, 0.161354511976, 0.277718394995, 0.205540925264, 0.112694136798, 0.12465429306, 0.138192608953, 0.134894996881, 0.138898134232, 0.129096880555, 0.0988294556737, 0.0829629451036, 0.084578961134, 0.0944163054228]}, "tuning_equal_tempered_deviation": 0.193206548691, "chords_changes_rate": 0.0867871791124, "key_key": "A#", "tuning_diatonic_strength": 0.484366416931, "key_scale": "minor", "chords_number_rate": 0.00159792264458, "tuning_frequency": 434.193115234, "tuning_nontempered_energy_ratio": 0.870824575424, "chords_histogram": [16.4685916901, 2.23709177971, 9.72735404968, 0.239688411355, 2.34694886208, 1.18845498562, 4.38430023193, 14.9805250168, 4.08469009399, 7.00089883804, 0.239688411355, 0.549285948277, 0.0699091181159, 10.3565368652, 10.2566661835, 1.01867568493, 1.68780589104, 0.389493644238, 0.0699091181159, 0.00998701713979, 0.0399480685592, 3.48546886444, 3.55537796021, 5.61270332336], "key_strength": 0.584389925003, "chords_key": "A#", "chords_strength": {"dmean2": 0.0172595158219, "median": 0.464401990175, "min": -1, "dvar2": 0.00130178884137, "dvar": 0.000670314009767, "dmean": 0.0134455319494, "max": 0.72987061739, "var": 0.0101762088016, "mean": 0.464371711016}, "chords_scale": "minor", "hpcp_entropy": {"dmean2": 1.20796561241, "median": 2.5950524807, "min": 0, "dvar2": 0.909208774567, "dvar": 0.318647444248, "dmean": 0.708606243134, "max": 4.73748874664, "var": 0.701462626457, "mean": 2.56740736961}}, "metadata": {"audio_properties": {"equal_loudness": 0, "codec": "flac", "downmix": "mix", "sample_rate": 44100, "analysis_sample_rate": 44100, "bit_rate": 0, "md5_encoded": "4f11cc2ac644d1440ddce43aa9e8f2f1", "length": 464.933319092, "replay_gain": -10.2325057983, "lossless": true}, "version": {"essentia_build_sha": "70f2e5ece6736b2c40cc944ad0e695b16b925413", "essentia": "2.1-beta2", "extractor": "music 1.0", "essentia_git_sha": "v2.1_beta2"}, "tags": {"title": ["Contact (remix)"], "media": ["CD"], "albumartist": ["Various Artists"], "tracktotal": ["9"], "musicbrainz_releasegroupid": ["83143446-abfd-358e-b396-e89034d73ff8"], "releasetype": ["album", "compilation"], "musicbrainz_recordingid": ["0f39ce55-0f09-4110-92c5-98e8a0da4bc7"], "mood": ["Funky"], "musicbrainz_albumartistid": ["89ad4ac3-39f7-470e-963a-56509c546377"], "musicbrainz_discid": ["QYWpDWIZJr4HyzivnJ9oOIm.tsI-"], "originalyear": ["1998"], "musicbrainz_releasetrackid": ["80bcebaf-2cfd-30a5-afb0-2e4147ff6a4e"], "discnumber": ["1"], "releasecountry": ["DE"], "file_name": "01 Contact (remix).flac", "compilation": ["1"], "originaldate": ["1998-08-11"], "albumartistsort": ["Various Artists"], "date": ["1998-08-11"], "genre": ["Electronica; Drum And Bass; Thrash Metal; Jungle; Doom Metal"], "musicbrainz_albumid": ["5705d592-479b-45b1-ae2a-8f9e292fcfc3"], "disctotal": ["1"], "musicbrainz_artistid": ["72363656-64db-4f01-b429-85ccef728d2f"], "asin": ["B000009ONE"], "grouping": ["Electronica"], "artist": ["Equinox"], "tracknumber": ["1"], "artistsort": ["Equinox"], "album": ["Cryogenic Studios"], "label": ["Cleopatra Records"], "releasestatus": ["official"], "totaldiscs": ["1"], "script": ["Latn"], "totaltracks": ["9"]}}, "rhythm": {"bpm_histogram_first_peak_bpm": {"dmean2": 0, "median": 96, "min": 96, "dvar2": 0, "dvar": 0, "dmean": 0, "max": 96, "var": 0, "mean": 96}, "bpm": 96.4118804932, "bpm_histogram_second_peak_spread": {"dmean2": 0, "median": 0.425000011921, "min": 0.425000011921, "dvar2": 0, "dvar": 0, "dmean": 0, "max": 0.425000011921, "var": 0, "mean": 0.425000011921}, "bpm_histogram_first_peak_weight": {"dmean2": 0, "median": 0.466926068068, "min": 0.466926068068, "dvar2": 0, "dvar": 0, "dmean": 0, "max": 0.466926068068, "var": 0, "mean": 0.466926068068}, "onset_rate": 4.75098371506, "beats_position": [0.522448956966, 1.05650794506, 1.57895684242, 2.10140585899, 2.62385487556, 3.12308382988, 3.63392281532, 4.14476203918, 4.62077093124, 5.0967798233, 5.56117916107, 6.03718805313, 6.51319694519, 6.98920631409, 7.4884352684, 7.99927425385, 8.498503685, 9.0093421936, 9.50857162476, 10.0078001022, 10.5070295334, 11.0062580109, 11.505487442, 11.9698867798, 12.4342851639, 12.8986845016, 13.3630838394, 13.8042631149, 14.2454423904, 14.6982307434, 15.1394100189, 15.5805892944, 16.0101585388, 16.4397277832, 16.8576869965, 17.2756462097, 17.693605423, 18.1115646362, 18.5295238495, 18.9474830627, 19.365442276, 19.7834014893, 20.2013607025, 20.6077098846, 21.0256690979, 21.43201828, 21.8499774933, 22.2679367065, 22.6858959198, 23.1038551331, 23.5218143463, 23.9397735596, 24.3577327728, 24.764081955, 25.1820411682, 25.5883903503, 25.9947395325, 26.4010887146, 26.8190479279, 27.2370071411, 27.6549663544, 28.0729255676, 28.5024929047, 28.932062149, 29.3616313934, 29.7912006378, 30.2091598511, 30.6387290955, 31.0682983398, 31.4978675842, 31.9274368286, 32.357006073, 32.8330154419, 33.3090248108, 33.7850341797, 34.2726516724, 34.7486610413, 35.2246704102, 35.8516082764, 36.4785499573, 37.1054878235, 37.7208137512, 38.3361434937, 38.9630813599, 39.5900230408, 40.2053489685, 40.8206787109, 41.4476165771, 42.0745582581, 42.6898841858, 43.3052139282, 43.9321517944, 44.5590934753, 45.1744194031, 45.7897491455, 46.4166870117, 47.0436286926, 47.6705665588, 48.2858963013, 48.901222229, 49.5281639099, 50.1551017761, 50.7704315186, 51.3857574463, 52.0126991272, 52.6280250549, 53.2433547974, 53.8702926636, 54.4972343445, 55.1125602722, 55.7278900146, 56.3548278809, 56.9817695618, 57.608707428, 58.2356452942, 58.8509750366, 59.4663009644, 60.0932426453, 60.708568573, 61.3238983154, 61.9508361816, 62.5777778625, 63.2047157288, 63.8200454712, 64.4353713989, 65.0623092651, 65.6776428223, 66.29296875, 66.9199066162, 67.5468444824, 68.1737823486, 68.7891159058, 69.4044418335, 70.0313796997, 70.6583175659, 71.273651123, 71.8889770508, 72.515914917, 73.1428527832, 73.7697982788, 74.3851242065, 75.0004501343, 75.6273880005, 76.2543258667, 76.8696594238, 77.4849853516, 78.1119232178, 78.738861084, 79.3658065796, 79.9811325073, 80.5964584351, 81.2233963013, 81.8387298584, 82.4656677246, 83.0809936523, 83.7079315186, 84.3348770142, 84.9502029419, 85.5655288696, 86.1924667358, 86.8194122314, 87.4347381592, 88.0500640869, 88.6770019531, 89.3039474487, 89.9192733765, 90.5345993042, 91.1615371704, 91.788482666, 92.4154205322, 93.0191345215, 93.6460723877, 94.2730178833, 94.8999557495, 95.5384979248, 96.188659668, 96.8388214111, 97.4889755249, 98.1275253296, 98.7660751343, 99.3930130005, 100.019950867, 100.635284424, 101.26222229, 101.889160156, 102.504486084, 103.119819641, 103.746757507, 104.373695374, 105.00063324, 105.615959167, 106.231292725, 106.858230591, 107.485168457, 108.100494385, 108.715827942, 109.342765808, 109.969703674, 110.585029602, 111.200363159, 111.827301025, 112.454238892, 113.069564819, 113.684898376, 114.311836243, 114.938774109, 115.554100037, 116.169433594, 116.79637146, 117.423309326, 118.050247192, 118.66557312, 119.292518616, 119.907844543, 120.523170471, 121.138504028, 121.765441895, 122.392379761, 123.007705688, 123.623039246, 124.249977112, 124.876914978, 125.492240906, 126.107574463, 126.734512329, 127.361450195, 127.988388062, 128.615325928, 129.230651855, 129.845977783, 130.46131897, 131.088256836, 131.715194702, 132.33052063, 132.957458496, 133.584396362, 134.211334229, 134.838272095, 135.453598022, 136.068939209, 136.695877075, 137.311203003, 137.926528931, 138.553466797, 139.180404663, 139.807342529, 140.411056519, 141.037994385, 141.66494751, 142.291885376, 142.907211304, 143.522537231, 144.149475098, 144.776412964, 145.391738892, 146.007064819, 146.634017944, 147.260955811, 147.876281738, 148.491607666, 149.118545532, 149.745483398, 150.360809326, 150.976135254, 151.603088379, 152.230026245, 152.845352173, 153.460678101, 154.087615967, 154.714553833, 155.341491699, 155.968429565, 156.583755493, 157.19909668, 157.826034546, 158.441360474, 159.056686401, 159.683624268, 160.310562134, 160.9375, 161.552825928, 162.168167114, 162.79510498, 163.422042847, 164.048980713, 164.664306641, 165.279632568, 165.906570435, 166.533508301, 167.148834229, 167.775772095, 168.391113281, 169.006439209, 169.621765137, 170.248703003, 170.875640869, 171.502578735, 172.129516602, 172.744842529, 173.360183716, 173.975509644, 174.590835571, 175.217773438, 175.844711304, 176.47164917, 177.110198975, 177.748748779, 178.387298584, 179.025848389, 179.664398193, 180.314559937, 180.953109741, 181.580047607, 182.206985474, 182.83392334, 183.460861206, 184.087799072, 184.703125, 185.318450928, 185.945388794, 186.57232666, 187.187667847, 187.814605713, 188.441543579, 189.056869507, 189.672195435, 190.287521362, 190.914459229, 191.541397095, 192.156738281, 192.772064209, 193.387390137, 194.014328003, 194.629653931, 195.256591797, 195.883529663, 196.510467529, 197.125808716, 197.741134644, 198.36807251, 198.995010376, 199.610336304, 200.225662231, 200.852600098, 201.479537964, 202.09487915, 202.710205078, 203.337142944, 203.964080811, 204.579406738, 205.194732666, 205.821670532, 206.448608398, 207.063934326, 207.679275513, 208.306213379, 208.933151245, 209.548477173, 210.163803101, 210.790740967, 211.417678833, 212.033004761, 212.648345947, 213.275283813, 213.90222168, 214.529159546, 215.144485474, 215.759811401, 216.386749268, 217.013687134, 217.62902832, 218.244354248, 218.871292114, 219.49822998, 220.125167847, 220.752105713, 221.379043579, 221.994369507, 222.609695435, 223.236633301, 223.851974487, 224.467300415, 225.094238281, 225.709564209, 226.336502075, 226.951828003, 227.578765869, 228.205703735, 228.832641602, 229.447982788, 230.063308716, 230.690246582, 231.317184448, 231.932510376, 232.547836304, 233.17477417, 233.801712036, 234.417053223, 235.03237915, 235.659317017, 236.286254883, 236.901580811, 237.516906738, 238.143844604, 238.770782471, 239.386123657, 240.001449585, 240.628387451, 241.255325317, 241.870651245, 242.485977173, 243.112915039, 243.739852905, 244.355194092, 244.97052002, 245.597457886, 246.224395752, 246.83972168, 247.455047607, 248.081985474, 248.70892334, 249.324264526, 249.939590454, 250.56652832, 251.193466187, 251.820404053, 252.43572998, 253.051055908, 253.677993774, 254.304931641, 254.920272827, 255.535598755, 256.162536621, 256.789459229, 257.416412354, 258.031738281, 258.658691406, 259.274017334, 259.900939941, 260.527893066, 261.154815674, 261.781768799, 262.397094727, 263.012420654, 263.639373779, 264.266296387, 264.881622314, 265.496948242, 266.123901367, 266.750823975, 267.3777771, 268.016326904, 268.678100586, 269.33984375, 270.001617432, 270.651794434, 271.301940918, 271.9637146, 272.625488281, 273.264038086, 273.890960693, 274.506286621, 275.133239746, 275.760162354, 276.387115479, 277.002441406, 277.617767334, 278.244720459, 278.871643066, 279.486968994, 280.102294922, 280.729248047, 281.356170654, 281.9715271, 282.586853027, 283.213775635, 283.84072876, 284.467651367, 285.082977295, 285.70993042, 286.325256348, 286.952209473, 287.5675354, 288.182861328, 288.809783936, 289.436737061, 290.052062988, 290.678985596, 291.294311523, 291.921264648, 292.536590576, 293.163543701, 293.778869629, 294.405792236, 295.032745361, 295.659667969, 296.274993896, 296.890319824, 297.517272949, 298.144226074, 298.759552002, 299.37487793, 300.001800537, 300.628753662, 301.24407959, 301.859405518, 302.486358643, 303.11328125, 303.728607178, 304.343933105, 304.97088623, 305.597808838, 306.213134766, 306.828460693, 307.455413818, 308.082366943, 308.697692871, 309.313018799, 309.928344727, 310.555267334, 311.182220459, 311.797546387, 312.412872314, 313.028198242, 313.655151367, 314.282073975, 314.9090271, 315.524353027, 316.139678955, 316.766601562, 317.381958008, 317.997283936, 318.624206543, 319.251159668, 319.878082275, 320.493408203, 321.108734131, 321.735687256, 322.362609863, 322.989562988, 323.604888916, 324.220214844, 324.847167969, 325.474090576, 326.089416504, 326.704742432, 327.331695557, 327.958648682, 328.573974609, 329.189300537, 329.816223145, 330.44317627, 331.058502197, 331.673828125, 332.300750732, 332.927703857, 333.554656982, 334.18157959, 334.796905518, 335.412231445, 336.03918457, 336.654510498, 337.269836426, 337.896759033, 338.523712158, 339.150665283, 339.765991211, 340.381317139, 341.008239746, 341.623565674, 342.250518799, 342.877441406, 343.492797852, 344.119720459, 344.735046387, 345.350372314, 345.977325439, 346.604248047, 347.219573975, 347.834899902, 348.461853027, 349.088806152, 349.71572876, 350.331054688, 350.946380615, 351.57333374, 352.200256348, 352.815582275, 353.430908203, 354.057861328, 354.684814453, 355.311737061, 355.927062988, 356.542388916, 357.169342041, 357.784667969, 358.399993896, 359.026947021, 359.653869629, 360.280822754, 360.896148682, 361.511474609, 362.138397217, 362.765350342, 363.38067627, 363.996002197, 364.622955322, 365.24987793, 365.876831055, 366.503753662, 367.11907959, 367.734405518, 368.361358643, 368.98828125, 369.603607178, 370.218963623, 370.84588623, 371.472839355, 372.088165283, 372.703491211, 373.330413818, 373.957366943, 374.584289551, 375.211242676, 375.84979248, 376.488342285, 377.12689209, 377.672546387, 378.218231201, 378.763885498, 379.309570312, 379.855224609, 380.400909424, 381.027832031, 381.654785156, 382.281707764, 382.920257568, 383.547210693, 384.174133301, 384.801086426, 385.428009033, 386.054962158, 386.681884766, 387.308837891, 387.912567139, 388.539489746, 389.166442871, 389.793365479, 390.408691406, 391.024017334, 391.650970459, 392.277893066, 392.904846191, 393.520172119, 394.147125244, 394.762451172, 395.389373779, 396.004699707, 396.631652832, 397.24697876, 397.873901367, 398.500854492, 399.127807617, 399.743133545, 400.358459473, 400.98538208, 401.612335205, 402.227661133, 402.842987061, 403.469909668, 404.096862793, 404.712188721, 405.327514648, 405.954467773, 406.581390381, 407.196716309, 407.812042236, 408.438995361, 409.065948486, 409.681274414, 410.296600342, 410.923522949, 411.550476074, 412.165802002, 412.78112793, 413.408050537, 414.035003662, 414.65032959, 415.265655518, 415.892608643, 416.51953125, 417.134857178, 417.750183105, 418.37713623, 419.004058838, 419.631011963, 420.246337891, 420.861663818, 421.488616943, 422.115539551, 422.719268799, 423.346191406, 423.973144531, 424.600097656, 425.227020264, 425.853973389, 426.480895996, 427.096221924, 427.711547852, 428.338500977, 428.953826904, 429.569152832, 430.196105957, 430.823028564, 431.449981689, 432.065307617, 432.680633545, 433.307556152, 433.934509277, 434.549835205, 435.165161133, 435.792114258, 436.419036865, 437.034362793, 437.649688721, 438.276641846, 438.903564453, 439.518890381, 440.134246826, 440.761169434, 441.388122559, 442.003448486, 442.618774414, 443.245697021, 443.872650146, 444.499572754, 445.114898682, 445.730255127, 446.357177734, 446.984130859, 447.611053467, 448.238006592, 448.85333252, 449.468658447, 450.083984375, 450.699310303, 451.326263428, 451.953186035, 452.58013916, 453.207061768, 453.834014893, 454.4609375, 454.948577881, 455.436187744, 455.923797607, 456.411407471, 456.899047852, 457.386657715, 457.851043701, 458.315460205, 458.779846191, 459.244262695, 459.708648682, 460.161437988, 460.683898926, 461.183135986, 461.682342529, 462.18157959, 462.69241333, 463.20324707, 463.714080811, 464.224945068], "beats_loudness": {"dmean2": 0.146215736866, "median": 0.0639768391848, "min": 0, "dvar2": 0.0171412546188, "dvar": 0.00541924126446, "dmean": 0.0786562040448, "max": 0.575605154037, "var": 0.00749613763765, "mean": 0.0925590321422}, "danceability": 1.17485964298, "bpm_histogram_second_peak_weight": {"dmean2": 0, "median": 0.0298313871026, "min": 0.0298313871026, "dvar2": 0, "dvar": 0, "dmean": 0, "max": 0.0298313871026, "var": 0, "mean": 0.0298313871026}, "beats_count": 772, "bpm_histogram_second_peak_bpm": {"dmean2": 0, "median": 144, "min": 144, "dvar2": 0, "dvar": 0, "dmean": 0, "max": 144, "var": 0, "mean": 144}, "bpm_histogram_first_peak_spread": {"dmean2": 0, "median": 0.457013547421, "min": 0.457013547421, "dvar2": 0, "dvar": 0, "dmean": 0, "max": 0.457013547421, "var": 0, "mean": 0.457013547421}, "beats_loudness_band_ratio": {"dmean2": [0.523853540421, 0.104314647615, 0.095538623631, 0.0785222202539, 0.0679212808609, 0.311587870121], "median": [0.814661979675, 0.0389605052769, 0.0243486389518, 0.0210444368422, 0.016541980207, 0.0358937606215], "min": [0, 0, 0, 0, 0, 0], "dvar2": [0.141473710537, 0.0142112970352, 0.0222897566855, 0.0101264510304, 0.00581473112106, 0.0792303606868], "dvar": [0.0491553768516, 0.00519180065021, 0.00786101724952, 0.00364696863107, 0.00219890079461, 0.0247574616224], "dmean": [0.280063271523, 0.0585045367479, 0.0528653152287, 0.0434227995574, 0.0379830412567, 0.161039978266], "max": [0.995190799236, 0.592276930809, 0.826745569706, 0.536475718021, 0.614141345024, 0.871430039406], "var": [0.0794250592589, 0.00517466571182, 0.00625989213586, 0.00518951378763, 0.00474487291649, 0.0240952875465], "mean": [0.701313257217, 0.0624293126166, 0.0486869513988, 0.0470180809498, 0.0408544652164, 0.114379756153]}}, "lowlevel": {"barkbands_spread": {"dmean2": 15.7100410461, "median": 19.6459579468, "min": 0.226757705212, "dvar2": 269.496459961, "dvar": 129.692382812, "dmean": 9.97722911835, "max": 163.80329895, "var": 513.250976562, "mean": 26.4398059845}, "melbands_spread": {"dmean2": 15.230099678, "median": 10.6872673035, "min": 0.0328963957727, "dvar2": 507.634765625, "dvar": 223.407012939, "dmean": 9.58317947388, "max": 237.514175415, "var": 769.545715332, "mean": 21.4787216187}, "hfc": {"dmean2": 28.1934375763, "median": 21.4326114655, "min": 1.04657425582e-16, "dvar2": 2054.68994141, "dvar": 849.155090332, "dmean": 18.0656394958, "max": 258.779571533, "var": 1212.53747559, "mean": 32.4902801514}, "barkbands_kurtosis": {"dmean2": 23.7147102356, "median": 6.87876987457, "min": -1.94467639923, "dvar2": 2196.55834961, "dvar": 812.273925781, "dmean": 14.4979839325, "max": 557.82434082, "var": 1641.22290039, "mean": 20.0739345551}, "gfcc": {"mean": [11.2528295517, 68.9541168213, -87.7530212402, 52.6035385132, -47.2838096619, 26.9194602966, -18.9712619781, 14.5395908356, -13.7605228424, 1.82886719704, -9.74862861633, -0.603829681873, -7.36046028137], "icov": [[0.000122810932226, -0.000169181686942, 2.41088291659e-05, -0.000210952683119, 0.000232930920902, -0.000256314087892, 0.00017059277161, -0.000263701105723, 0.000250560988206, -0.000333914591465, 0.000463638221845, -0.000454343913589, 0.000471061124699], [-0.000169181686942, 0.0011519503314, 7.43245182093e-05, 0.000555816688575, -0.000711427943315, 0.000556914426852, -0.000940579164308, 0.00100292719435, -0.000445230165496, 0.00151157286018, -0.00143250450492, 0.00233521917835, -0.00165009102784], [2.41088291659e-05, 7.43245182093e-05, 0.00097097386606, -0.000221833150135, -0.000180986273335, -0.000727674632799, 6.68188440613e-05, 0.00025582141825, -0.000179589318577, -0.000135302441777, 0.000424786092481, -0.00033328612335, 0.000499561952893], [-0.000210952683119, 0.000555816688575, -0.000221833150135, 0.00283257453702, -0.000353924755473, -0.00056783168111, -0.000136852715514, 0.000921637518331, -0.000400439865189, 0.000560620333999, -0.000904454151168, 0.00238067866303, -0.00207331567071], [0.000232930920902, -0.000711427943315, -0.000180986273335, -0.000353924755473, 0.00388164375909, -0.000850840471685, -0.00095848296769, 0.00016012195556, 0.000496926950291, -0.0011244303314, 0.000405920058256, -0.000579427636694, 0.000436008704128], [-0.000256314087892, 0.000556914426852, -0.000727674632799, -0.00056783168111, -0.000850840471685, 0.00640170788392, -0.000742131436709, -0.00200617173687, -0.000253788108239, 0.00148974219337, -0.00218345457688, 0.00188373052515, -0.000163688833709], [0.00017059277161, -0.000940579164308, 6.68188440613e-05, -0.000136852715514, -0.00095848296769, -0.000742131436709, 0.0068333055824, -0.00255425879732, -0.00136502308305, 0.00143008294981, -0.00121520820539, -0.000823010632303, 0.00144588889088], [-0.000263701105723, 0.00100292719435, 0.00025582141825, 0.000921637518331, 0.00016012195556, -0.00200617173687, -0.00255425879732, 0.0112049644813, -0.00295818527229, -0.00173465744592, 0.00203323736787, 0.000501379661728, -0.00257053296082], [0.000250560988206, -0.000445230165496, -0.000179589318577, -0.000400439865189, 0.000496926950291, -0.000253788108239, -0.00136502308305, -0.00295818527229, 0.0108338566497, -0.00495683215559, -1.60240124387e-05, 0.00101203110535, -0.000904551649], [-0.000333914591465, 0.00151157286018, -0.000135302441777, 0.000560620333999, -0.0011244303314, 0.00148974219337, 0.00143008294981, -0.00173465744592, -0.00495683215559, 0.0194292999804, -0.00757251493633, 0.000145759098814, 0.00237561017275], [0.000463638221845, -0.00143250450492, 0.000424786092481, -0.000904454151168, 0.000405920058256, -0.00218345457688, -0.00121520820539, 0.00203323736787, -1.60240124387e-05, -0.00757251493633, 0.0198971647769, -0.00727693038061, -0.00233019678853], [-0.000454343913589, 0.00233521917835, -0.00033328612335, 0.00238067866303, -0.000579427636694, 0.00188373052515, -0.000823010632303, 0.000501379661728, 0.00101203110535, 0.000145759098814, -0.00727693038061, 0.0215249788016, -0.00857622269541], [0.000471061124699, -0.00165009102784, 0.000499561952893, -0.00207331567071, 0.000436008704128, -0.000163688833709, 0.00144588889088, -0.00257053296082, -0.000904551649, 0.00237561017275, -0.00233019678853, -0.00857622269541, 0.023112449795]], "cov": [[16126.1669922, -637.46081543, 331.652801514, 859.464416504, -870.711547852, 572.268249512, -502.706787109, 306.365814209, -267.46472168, 96.4768753052, -368.200561523, -3.14548397064, -276.924713135], [-637.46081543, 2469.02026367, -387.881347656, -193.378829956, 422.515991211, -135.297073364, 355.355072021, -169.149703979, 21.8016700745, -174.197967529, 98.280166626, -150.751678467, 103.058303833], [331.652801514, -387.881347656, 1294.22546387, 190.813995361, 37.2697677612, 205.337188721, -28.3607177734, 33.470199585, 23.4917984009, 29.8042354584, -32.1731529236, -0.829527437687, -44.7563972473], [859.464416504, -193.378829956, 190.813995361, 508.251342773, -16.2074050903, 118.85471344, -32.1258735657, 10.9847288132, 1.8081561327, 4.90699529648, -13.858549118, -30.7518577576, 1.28279101849], [-870.711547852, 422.515991211, 37.2697677612, -16.2074050903, 407.870269775, 20.3281326294, 137.272354126, -25.320848465, 26.0715103149, -17.4207782745, 41.5847206116, -23.9747600555, 24.8050785065], [572.268249512, -135.297073364, 205.337188721, 118.85471344, 20.3281326294, 252.254196167, 25.3827514648, 66.6496429443, 20.1320056915, 10.2673950195, -2.08120059967, -12.1632757187, -12.8620796204], [-502.706787109, 355.355072021, -28.3607177734, -32.1258735657, 137.272354126, 25.3827514648, 255.995559692, 30.2268180847, 53.7038726807, -19.6682376862, 37.5075645447, -17.3304347992, 19.7585220337], [306.365814209, -169.149703979, 33.470199585, 10.9847288132, -25.320848465, 66.6496429443, 30.2268180847, 147.291534424, 46.7987747192, 30.8333930969, -10.1040258408, 8.82985591888, -1.69803750515], [-267.46472168, 21.8016700745, 23.4917984009, 1.8081561327, 26.0715103149, 20.1320056915, 53.7038726807, 46.7987747192, 136.281158447, 35.8448524475, 21.4818477631, -3.00541234016, 10.8581295013], [96.4768753052, -174.197967529, 29.8042354584, 4.90699529648, -17.4207782745, 10.2673950195, -19.6682376862, 30.8333930969, 35.8448524475, 87.5355300903, 21.7476387024, 20.1071605682, -7.4868183136], [-368.200561523, 98.280166626, -32.1731529236, -13.858549118, 41.5847206116, -2.08120059967, 37.5075645447, -10.1040258408, 21.4818477631, 21.7476387024, 88.7585906982, 24.9916286469, 26.5313873291], [-3.14548397064, -150.751678467, -0.829527437687, -30.7518577576, -23.9747600555, -12.1632757187, -17.3304347992, 8.82985591888, -3.00541234016, 20.1071605682, 24.9916286469, 82.0123825073, 19.7602558136], [-276.924713135, 103.058303833, -44.7563972473, 1.28279101849, 24.8050785065, -12.8620796204, 19.7585220337, -1.69803750515, 10.8581295013, -7.4868183136, 26.5313873291, 19.7602558136, 66.5687713623]]}, "spectral_energyband_middle_low": {"dmean2": 0.00979524292052, "median": 0.00516841979697, "min": 1.28221830188e-22, "dvar2": 0.000312996911816, "dvar": 0.000118109281175, "dmean": 0.00582467298955, "max": 0.234111249447, "var": 0.000126142287627, "mean": 0.00864196289331}, "melbands_crest": {"dmean2": 6.58495330811, "median": 20.5921821594, "min": 1.632573843, "dvar2": 31.8581848145, "dvar": 12.2212543488, "dmean": 3.99597430229, "max": 39.99659729, "var": 42.6011619568, "mean": 20.353603363}, "spectral_kurtosis": {"dmean2": 2.45299267769, "median": 1.87074327469, "min": -1.24476969242, "dvar2": 67.1552963257, "dvar": 28.1093349457, "dmean": 1.48387467861, "max": 297.273956299, "var": 83.0407485962, "mean": 3.21719479561}, "spectral_rms": {"dmean2": 0.00296145910397, "median": 0.00719254184514, "min": 3.10819187228e-12, "dvar2": 9.93947378447e-06, "dvar": 4.19725893153e-06, "dmean": 0.00188515125774, "max": 0.0234079901129, "var": 1.81051927939e-05, "mean": 0.00762223172933}, "zerocrossingrate": {"dmean2": 0.0191106647253, "median": 0.04833984375, "min": 0, "dvar2": 0.000384751474485, "dvar": 0.000282395893009, "dmean": 0.0155964698642, "max": 0.607421875, "var": 0.00325597077608, "mean": 0.0648640096188}, "silence_rate_60dB": {"dmean2": 0.0209758784622, "median": 0, "min": 0, "dvar2": 0.026125382632, "dvar": 0.0103748133406, "dmean": 0.0104874148965, "max": 1, "var": 0.0577370561659, "mean": 0.0615230947733}, "erbbands_kurtosis": {"dmean2": 1.45439016819, "median": -0.549099683762, "min": -1.88740837574, "dvar2": 6.92326784134, "dvar": 2.90038704872, "dmean": 0.899778962135, "max": 69.638092041, "var": 4.6459569931, "mean": -0.0146665116772}, "erbbands": {"dmean2": [1.53577303886, 10.3072957993, 18.8575134277, 14.6048126221, 13.8027019501, 10.5790185928, 10.5732593536, 12.3484153748, 9.67219543457, 12.4604072571, 19.2334918976, 34.3983650208, 28.4790649414, 19.9870815277, 15.3595848083, 13.2064628601, 13.5322055817, 12.8034305573, 11.5174436569, 17.0753860474, 19.9519519806, 14.1069345474, 16.6743869781, 23.2742900848, 23.9672641754, 22.0318946838, 21.6687812805, 19.2479095459, 21.298166275, 25.1755313873, 15.3621788025, 15.8826818466, 10.5681638718, 4.76562595367, 1.38314092159, 0.542957544327, 0.22167493403, 0.0509283095598, 0.00654713856056, 0.000547904230189], "median": [0.639731407166, 4.89667749405, 7.48393630981, 4.77257728577, 3.3531293869, 2.94098305702, 3.03871369362, 3.64253520966, 3.15296888351, 4.34858512878, 5.74678134918, 7.55809354782, 7.58368062973, 7.10927724838, 7.39991426468, 6.44647455215, 5.58176469803, 5.86192560196, 5.79796218872, 6.01532459259, 7.59394788742, 6.78516483307, 7.91101264954, 8.77081489563, 8.72916603088, 8.50554275513, 8.28906917572, 6.61459875107, 5.03564786911, 4.41743183136, 5.00480794907, 4.32279920578, 2.46589303017, 1.06360971928, 0.263852119446, 0.0765413045883, 0.0235304553062, 0.00508824968711, 0.000656153308228, 0.000155049725436], "min": [8.65588419871e-23, 8.83208972408e-22, 3.29616206804e-21, 5.18549065083e-21, 1.973044673e-20, 3.27642363223e-20, 4.72396353169e-20, 9.54819492455e-20, 1.0786636813e-19, 2.97014760272e-19, 2.19924034574e-19, 2.29936306256e-19, 5.17378880781e-19, 8.02612831372e-19, 1.26534376649e-18, 2.07829956085e-18, 1.86704487023e-18, 1.22749487679e-18, 2.11999773552e-18, 2.12086668876e-18, 2.53551764737e-18, 5.19234753544e-18, 6.80630884583e-18, 6.52668002617e-18, 7.83044653891e-18, 7.34580141801e-18, 8.810885521e-18, 1.07908399245e-17, 1.14447907188e-17, 1.0518931595e-17, 1.28931219328e-17, 1.21734665281e-17, 1.00534042725e-17, 9.04006583587e-18, 6.29705551531e-18, 4.57998200565e-18, 2.58552381733e-18, 1.03430467338e-18, 2.576970563e-19, 2.75458155628e-20], "dvar2": [5.33972930908, 281.635986328, 1035.67321777, 810.429382324, 1162.1965332, 533.429138184, 419.169616699, 605.832519531, 279.423065186, 516.483581543, 1413.15905762, 5744.46582031, 3929.86181641, 1827.32019043, 701.665710449, 638.51574707, 727.887451172, 779.416748047, 399.255859375, 1422.25244141, 8566.76367188, 1132.26074219, 975.035827637, 2696.38647461, 2597.25585938, 2191.64208984, 1796.79406738, 1399.31433105, 1792.86303711, 2427.35058594, 679.86730957, 724.078735352, 476.656280518, 86.0920410156, 6.64521360397, 0.864188909531, 0.149710565805, 0.00768813723698, 0.000219204332097, 1.85789247098e-06], "dvar": [2.04851102829, 104.030929565, 403.689422607, 307.065429688, 422.477416992, 192.793426514, 168.246673584, 243.160064697, 108.166702271, 198.332458496, 518.076782227, 2113.13256836, 1528.54272461, 740.361206055, 281.87322998, 289.906036377, 307.09173584, 297.582366943, 158.974761963, 533.460266113, 3837.0012207, 547.073852539, 357.91607666, 973.16998291, 997.207641602, 938.577392578, 750.203674316, 577.78692627, 797.319885254, 1011.93334961, 280.912841797, 294.848815918, 196.582107544, 37.3792304993, 2.77651381493, 0.345669269562, 0.059773016721, 0.00305012776516, 7.99514818937e-05, 6.81685378368e-07], "dmean": [0.945529699326, 6.25537157059, 11.4822826385, 8.68523693085, 8.08350563049, 6.18563508987, 6.35855770111, 7.49393987656, 5.6813325882, 7.39570093155, 11.2001934052, 19.618844986, 16.5829277039, 12.0528945923, 9.42365837097, 8.34327125549, 8.40175247192, 7.79097366333, 6.98771095276, 10.1357421875, 12.4276399612, 8.78994083405, 9.72827911377, 13.3612012863, 14.1927747726, 13.4134635925, 13.2384967804, 11.928650856, 13.6436061859, 15.8489313126, 9.57093048096, 9.73361873627, 6.61736917496, 2.94932985306, 0.860296726227, 0.330249041319, 0.133812978864, 0.0304770618677, 0.00380309624597, 0.000318404636346], "max": [18.3816509247, 111.656524658, 336.879547119, 352.034088135, 479.117401123, 241.876708984, 274.128356934, 345.10458374, 241.020690918, 364.958557129, 566.986938477, 1169.36218262, 939.46270752, 717.809143066, 326.282745361, 856.704284668, 393.537231445, 391.753448486, 259.043670654, 305.262451172, 2011.41540527, 711.033508301, 189.015365601, 421.264343262, 349.496734619, 600.282470703, 372.831542969, 358.473327637, 377.558349609, 354.71182251, 180.603790283, 173.237167358, 158.258590698, 69.2069320679, 18.1795787811, 9.23273849487, 2.75914859772, 0.641191840172, 0.162474125624, 0.0129578439519], "var": [3.62227797508, 185.178619385, 736.433959961, 342.736816406, 366.021820068, 181.517333984, 243.885391235, 360.166931152, 110.351837158, 209.471664429, 511.838592529, 1844.99291992, 1611.87426758, 990.046569824, 469.108978271, 639.63470459, 461.484558105, 391.28918457, 207.339157104, 532.372070312, 4259.54833984, 760.834899902, 351.321350098, 789.745300293, 1053.36584473, 1172.82580566, 930.14654541, 693.018798828, 1005.29089355, 1320.06628418, 405.397888184, 365.47567749, 263.234313965, 74.4947128296, 4.80943441391, 0.444812238216, 0.0780958458781, 0.00377484527417, 6.49615758448e-05, 5.85659563512e-07], "mean": [1.46402704716, 9.97710990906, 17.4734039307, 11.1907186508, 9.43305683136, 7.31867599487, 8.26388454437, 9.53542041779, 6.65864133835, 8.95417881012, 13.2670240402, 20.6100273132, 18.8204669952, 16.6190338135, 14.5842370987, 13.8280181885, 12.6884746552, 11.932970047, 10.4862232208, 13.2292308807, 16.7949123383, 13.4901018143, 13.94759655, 16.8038101196, 19.0545978546, 18.9037914276, 18.7706432343, 16.1892700195, 17.5832462311, 20.427986145, 13.5104808807, 12.3402891159, 8.67871379852, 4.4464969635, 1.21396946907, 0.407432854176, 0.162268981338, 0.0355654358864, 0.00401119608432, 0.000372047361452]}, "spectral_strongpeak": {"dmean2": 0.439770668745, "median": 0.377627402544, "min": 0, "dvar2": 0.410959869623, "dvar": 0.159755453467, "dmean": 0.262266665697, "max": 7.78750371933, "var": 0.232491180301, "mean": 0.508225917816}, "spectral_energy": {"dmean2": 0.059494074434, "median": 0.0530259758234, "min": 9.90237783009e-21, "dvar2": 0.00660416064784, "dvar": 0.00261723785661, "dmean": 0.0370317623019, "max": 0.561632335186, "var": 0.00615743175149, "mean": 0.0781083628535}, "average_loudness": 0.847030341625, "spectral_rolloff": {"dmean2": 1236.0645752, "median": 279.931640625, "min": 21.533203125, "dvar2": 3803679.75, "dvar": 1749668, "dmean": 735.83203125, "max": 21124.0722656, "var": 5815564.5, "mean": 1542.68469238}, "spectral_centroid": {"dmean2": 601.770324707, "median": 1557.73461914, "min": 108.740287781, "dvar2": 342417.75, "dvar": 169642.84375, "dmean": 390.96005249, "max": 11775.2558594, "var": 1056175.375, "mean": 1693.69885254}, "pitch_salience": {"dmean2": 0.175443351269, "median": 0.4333345294, "min": 0.00340725504793, "dvar2": 0.0233303904533, "dvar": 0.00896406080574, "dmean": 0.107131376863, "max": 0.984079957008, "var": 0.0292356051505, "mean": 0.438367277384}, "spectral_energyband_middle_high": {"dmean2": 0.00271318806335, "median": 0.00211875862442, "min": 1.22195579107e-21, "dvar2": 2.21418595174e-05, "dvar": 9.05891738512e-06, "dmean": 0.00167829112615, "max": 0.0469220504165, "var": 1.26710810946e-05, "mean": 0.00316997664049}, "spectral_contrast_coeffs": {"dmean2": [0.0922475382686, 0.0806701406837, 0.0643690600991, 0.0465458445251, 0.0338465757668, 0.0343142785132], "median": [-0.686548769474, -0.791544377804, -0.813574850559, -0.827773690224, -0.815073609352, -0.762302875519], "min": [-0.999088406563, -0.99916100502, -0.998438239098, -0.994314432144, -0.968715488911, -0.962150394917], "dvar2": [0.00556547753513, 0.00390050141141, 0.00274264928885, 0.00149704515934, 0.00078250822844, 0.00111616321374], "dvar": [0.00205334136263, 0.00142356962897, 0.00100289762486, 0.000573910598177, 0.000297898281133, 0.000471567618661], "dmean": [0.0557001754642, 0.0480668954551, 0.0385630875826, 0.0281211733818, 0.0203250702471, 0.0216774512082], "max": [-0.326723486185, -0.488249659538, -0.523584067822, -0.588738381863, -0.631245017052, -0.520774304867], "var": [0.00673952465877, 0.00360710336827, 0.0027767654974, 0.00184133718722, 0.00104217894841, 0.00201763375662], "mean": [-0.68353921175, -0.785551249981, -0.807153880596, -0.82106333971, -0.812948644161, -0.759449243546]}, "melbands_skewness": {"dmean2": 2.87444067001, "median": 5.34384202957, "min": -1.78904485703, "dvar2": 12.5585136414, "dvar": 5.32623815536, "dmean": 1.83241200447, "max": 160.682769775, "var": 92.8187026978, "mean": 6.53587388992}, "spectral_spread": {"dmean2": 1264202.5, "median": 5775877, "min": 271016.8125, "dvar2": 2107266301950.0, "dvar": 994769436672, "dmean": 834754.1875, "max": 42055812, "var": 7292508962820.0, "mean": 5923769.5}, "dissonance": {"dmean2": 0.0210908632725, "median": 0.486457318068, "min": 0.114764645696, "dvar2": 0.000511961989105, "dvar": 0.00018678761262, "dmean": 0.0123039372265, "max": 0.500000178814, "var": 0.000346867513144, "mean": 0.481591373682}, "spectral_skewness": {"dmean2": 0.349430322647, "median": 1.11934542656, "min": -0.155518442392, "dvar2": 0.267176687717, "dvar": 0.110065296292, "dmean": 0.21886202693, "max": 14.8666725159, "var": 0.495283484459, "mean": 1.19952213764}, "spectral_flux": {"dmean2": 0.0800258889794, "median": 0.115668304265, "min": 6.37372654655e-11, "dvar2": 0.0072842692025, "dvar": 0.00296396156773, "dmean": 0.0490290224552, "max": 0.593580722809, "var": 0.00685808761045, "mean": 0.131359294057}, "spectral_contrast_valleys": {"dm