{"metadata": {"tags": {"label": ["Rock Proper"], "genre": ["Americana, Country, Indie Folk"], "album": ["Whatever Happened I Apologize"], "musicbrainz album type": ["album"], "script": ["Latn"], "albumartistsort": ["Bennett, Jay"], "musicbrainz album release country": ["US"], "acoustid_id": ["d01478c3-84f0-4522-9eec-4e506ab3ef95"], "musicbrainz_artistid": ["89e00fb9-0553-48bb-b665-69ed0fc0a38d"], "musicbrainz_releasegroupid": ["9df6bb6c-3f5e-3fd7-b254-0acade6c993c"], "musicbrainz_recordingid": ["0f3afd03-44ed-4c5d-9786-b5012c8e099c"], "musicbrainz album status": ["Official"], "albumartist": ["Jay Bennett"], "originaldate": ["2008"], "artist": ["Jay Bennett"], "bpm": ["163"], "musicbrainz_albumid": ["c0e7a74d-369a-417e-97b8-f206e76f02f0"], "artistsort": ["Bennett, Jay"], "title": ["I Don't Have the Time"], "tracknumber": ["2/10"], "musicbrainz_albumartistid": ["89e00fb9-0553-48bb-b665-69ed0fc0a38d"], "encodedby": ["iTunes v7.6"], "discnumber": ["1/1"], "date": ["2008"], "acoustid_fingerprint": ["AQADb4n0qFmW4IJ_6M6FZgsfhEx2EQ98nvizdHi0HFeSHs_QLEdfhD-0Y3eo4gp4ZgjTYzpmEo20LDUqMQHL4UsszCxqwT6SUQp3xMqD_3hwPDk-X-j3wFdQUsiDR5mhnE8QdswJTzu6ow-a7_gfY85xMYnG4JJxHT2aiinOIfmO_Md3nOHxv8CPPmhe_LjE4ym6F87wH0ZqLTWSESf8JNGFf0nwHy9efPChW8W3D0dzKSjjGH-QPD9Sb3h-oeTR6E8YhHo0JFGOh_CkK3ixK1_QHD3CBPUPLW4IjSSukFJRa8dTvCmh-2iP_EXjKcf0aviHK0F6Hc-JqDeax6j448nxHXcOfxH-C1_SOMSpHkceJHyO47glYooWCmEiNT6Spw-O36CWH8mFPHfw4EpQKcyNZnzAY2eDIz_kRUfKBTfy4E1i4niUaTseIzys0DqOSUyPJ2qFL1yG9NAT3CcUisyOVMmS416HK1FcPMczDXePJkpyoot8fFIoxM6NpOIJKzJLXEmaCn-C5wx8JceVD7qSo83RRMdP4h6R8DnyYTyo59g_7Eh0RLfQXKiTJJOCZ9JV4Q_eHfk_6A9ywV0kXHmOZrmFnkeVk0KY_FDMqMicRA8mXvAZ2Cucb0cV6yGwJxXe42Aw5Tr-404efPTwMAjjMEgqiWjJyfhz9Ie_HGWO5ylOsYGTZjme4MeVCi5y6kguCdcxKcuJZwTzFnVyNMcp8MmDJuowKUmFRyyOHyGbC1qWOE-Q5_hx7yiZpUmKRskPJGeQMxGeS2jySqhzCU2Fsj8-ZvB0PLdwZjn-oNHRR9TxLSmOnQr2FM8euPbxjFB_NPqDXpnwRLiyHE19tIxSJMs4NQivD33Q7MeTvLjMBImPPMtROmiW4Sr-bMKVHdeRnEdYwrvQJx2eT0qFK5GOJxmB1_DII-xyTAl_6ElqFSfyoEfzdHiSHE-QJ2IOLWNuhJvaoI7CY_syHId_9MeLZNEcIuR0NNyHLnKOB-Gdo7mCnkezJM2RC8-v4tNRNmiWPchx6DnqPUij5chjJDu-48fHRHiiKXiQkBcRPseNOukWXGM35DuU_cjx-Mj7Q1GU9Ih04c-H-zne45Sw_bg6EWcOhNGPZMc3JWPQZVOHMGcmQ118lE-J5omD6xHc_7iCZNrhMc_whyTSZVCWS0Z_ZFdE4iee4xs-SkIjO0mQ7MF35Cd-4yemrOiTZcc3zH5wJjmu41eI3ggzKRzxhB-S9SuoT0T57BhT2sJ51KRwRgneHYej7Cj5HV8aJBdJ5Dj6oMGTHz-6JRGa_MGPHxfV4FLExPiSEqhEBo1OGvlxX9CZZVrQxkbz4-aHMGOS5OhKPMCZoI9fNGdC_DvyPtDCvA_OPAhjH3l66P4QO0etR7CuJgO8RC96_UKybQisSnmCK8ekg96TYTcvnMOLYHsz4ZeFJ2ISg06qEjr-nAj5oDn2HVOapvgOJz3CZwFvolmu4H-RZwGTS_iPffiDc2j6o0fyPMiLenvwa0UfI7lpxFqCajuaS8rw6Bo8KTue4wnVIfQD8VqO3ElQ3D-e1Qly5kKyo96OT8EpZUhPDQ_NQN6RR8KXoZueoTk-vOnxIUgeXNnRY8oy3niP7cQeCV8m4XgqHVOmHCFvJGeO58EzNIp8VEqSLBP-oCe0_MGtJHPxREKXoenj4EcZLo_Q7IdqBT-ms0TzHM8-zCdeh4GeFy7xTDOeMCPuBkieq0HuxMOVHDVvNN_xFE8WnA-iX5DU9sijFLV_UD1xH43P4HyxB7cuNG2C4haebUyCfkXTJEcsHsnkoiHNEA-PWlnyoGlw83iK57iSD4-yoEH4Csk_Es-sZkElBV9m_HtwuGJQ5ziPM9kKR3mRhLG0RMjOGU1TlH9RZkzhRgf_JFLQLOMxP0tx5wjzIJm149ksBX8Cj-FxPEefB3Yz4oPHE1cVeFRiC31wXCGOr8zRTB_6JMGT6DiP9wka5xlC1dB55Oh1NCsRZmGU6UgisXHwJckXOCf448rBpHngHxMvJOSE_Onx43vQjHzhTFqKkujDo1HxE7nYBVoeRULYaXiDZsdzwZN6nDySZcyQF0_xqVWRMzlEHrlwvbgUBefhE9dSHM9xox-aS8V9NE-wB82i5tD7pOAF4_7wxMelbMb3EN4PNm_wsEeSEzH1oGl09KeQv9Az5shnPA3-46WRzgqSU7jxUHh2NN2CPsN_nB-aSZHGo00y4Uzko9FRW8SjRWhyBr3wIn52JOPxqDvKhRnxx_gvpL-RPCOe50OdfUTTHpEuK0j4BZUs0DvmX7ieBM2zQHuGpZKx6_ii5Dmq1ESzP3h2IHlc5JIWBuaSBw-FJomX4c7RdDLG1gQ_KPphMUx0fHC0Y-fwD82XNfhSHT_-wKV8cD1WRZfRJ4cYPziFho9xpxJxog9xaqiWxkGTLG2OXgp-fFlwWXjkoz98hIJc-shHG9-j4D_hH8-042Jw-A-eJEi-G3l23Gh3Be5x88SPfjxuU8jRLsdt_Dh--AD6Q8fRC8d34IB7FOjhH6E_HA2O3jjq47AunDzc_DgPFAEpIYAQEBARACCBlCDUClCwNkwwZgRzSQhlgJDGAGC8EgAAAQFSlFJhGAIICoIAAN4AKgBFxgjAEABKMMGIIYIIEohDABEiFCCCEWGFwCIYIZwighkjAFKOOAYIUsQgBwgggBEBAFOIuQ8AEI4xQYBRlBmFETMaMk-QEFQZFIgTBBkiAEKIEQWAIQIwwgAQkABhOEMCCUWCBAga44AAhhACBCCUIACIIJAIJRQghDGNDAEAECOYAVQIABACzkFAGIIAIqYEIQsgxIQByCADABBIEGSQEEYiRABThhDCjUFCUKAEMIxAIZwggDgEGQKDIIEoMEYIAACywCgBmDKICSQYYQCLQZWQwACpABEQCQAIU8ZbhJAk1gEwBAJBCEqYAMogIQggCACEACAEAQAYE8AK4ARhBgBACCHEGUEcQBIZ5ZhxSiAjiDEAIQKcQkQJARwBFDgmgCDCUAEUFIYh4whihCgDECAGGMaYAAAAIRAAhChHgGKEGCAAYAQQA5xzQABkAJBWMEuIQIwAoQBiAAnDhEEBCMCEYRIJAAlQDigABCACCaWAEFpYBYUSziBhBCHACM2IEggw4gUzGglAFDNACCgIIEQ4RwQEAAijoBCACqKUEQwAISwhyhAFgSJIGAQUdJQQQwAChhDiKRMEAQEIUEIAIJgwDDGqBEJGCIYUEsQoR4wwikgoFBHAOYYIIhAIAShASAikgABUIIIMIEkIIhhhCjKgHKOIAQEMAsAQAYkBTgghmDAKCSMMAAYJQCRClBghgGEEECCRkhQAAIQjABABgBDCACEcAEwAAQQQQAgHiDAaOEqIoRogBIyRzACghACKAsIEEcJJQxCgRglDjAGCCgGQCIQxoAgZCggrCGGCAKYoMoQ4p7FDTEBsAQAmkA4EMEgwAg"], "media": ["Digital Media"], "file_name": "02 I Don't Have the Time.mp3", "language": ["eng"]}, "audio_properties": {"sample_rate": 44100, "downmix": "mix", "lossless": false, "analysis_sample_rate": 44100, "md5_encoded": "f1fffe4f5619b72de8309e2a04f9c113", "equal_loudness": 0, "replay_gain": -14.0448455811, "codec": "mp3", "bit_rate": 320000, "length": 111.516731262}, "version": {"extractor": "music 1.0", "essentia_build_sha": "70f2e5ece6736b2c40cc944ad0e695b16b925413", "essentia_git_sha": "v2.1_beta2", "essentia": "2.1-beta2"}}, "rhythm": {"beats_loudness_band_ratio": {"dvar2": [0.162240773439, 0.0753534287214, 0.071161814034, 0.0543122291565, 0.0359346270561, 0.147655516863], "var": [0.0841002836823, 0.028502818197, 0.0314738638699, 0.0239478778094, 0.0113422581926, 0.0505233928561], "min": [0.000388881948311, 0.000105733393866, 0.000143085315358, 0.000575954210944, 0.000286634312943, 3.70189263776e-05], "dmean": [0.291282922029, 0.151570320129, 0.128743305802, 0.129781246185, 0.0865442752838, 0.145981222391], "mean": [0.432464957237, 0.17308473587, 0.126542925835, 0.146001711488, 0.0862143263221, 0.117113873363], "max": [0.978783071041, 0.950609862804, 0.857429385185, 0.725526690483, 0.816039860249, 0.991566956043], "dmean2": [0.498801857233, 0.261654436588, 0.222305491567, 0.231102377176, 0.155670791864, 0.274718374014], "median": [0.40360674262, 0.12038423121, 0.0632843077183, 0.099750213325, 0.0549102313817, 0.0277299713343], "dvar": [0.0534504167736, 0.0257436484098, 0.0295589510351, 0.0199153441936, 0.0131687438115, 0.0553687401116]}, "bpm_histogram_first_peak_weight": {"dvar2": 0, "var": 0, "min": 0.17803029716, "dmean": 0, "mean": 0.17803029716, "max": 0.17803029716, "dmean2": 0, "median": 0.17803029716, "dvar": 0}, "bpm": 164.379699707, "beats_count": 265, "bpm_histogram_first_peak_spread": {"dvar2": 0, "var": 0, "min": 0, "dmean": 0, "mean": 0, "max": 0, "dmean2": 0, "median": 0, "dvar": 0}, "danceability": 0.954137384892, "bpm_histogram_first_peak_bpm": {"dvar2": 0, "var": 0, "min": 167, "dmean": 0, "mean": 167, "max": 167, "dmean2": 0, "median": 167, "dvar": 0}, "beats_position": [0.394739210606, 0.777868449688, 1.16099774837, 1.53251695633, 1.89242625237, 2.2523355484, 2.61224484444, 2.97215414047, 3.33206343651, 3.69197273254, 4.04027223587, 4.38857126236, 4.74848079681, 5.10838985443, 5.47990942001, 5.83981847763, 6.19972801208, 6.57124710083, 6.94276618958, 7.31428575516, 7.67419481277, 8.04571437836, 8.42884349823, 8.8119726181, 9.24154186249, 9.65950107574, 10.077460289, 10.4838094711, 10.8901586533, 11.3081178665, 11.7028570175, 12.0859861374, 12.4691152573, 12.8638544083, 13.2585935593, 13.6417226791, 14.0364627838, 14.4428119659, 14.8607711792, 15.2787294388, 15.696688652, 16.0914287567, 16.4977779388, 16.904127121, 17.3104763031, 17.7284355164, 18.1231746674, 18.5063037872, 18.9010429382, 19.2957820892, 19.6905212402, 20.0852603912, 20.4683895111, 20.851518631, 21.2230377197, 21.6061668396, 22.0009059906, 22.3840351105, 22.7787742615, 23.1619052887, 23.5450344086, 23.9165534973, 24.2764625549, 24.6363716125, 25.0078907013, 25.37940979, 25.7393188477, 26.0992279053, 26.4591369629, 26.8190479279, 27.1789569855, 27.5388660431, 27.9103851318, 28.2935142517, 28.6766433716, 29.0713825226, 29.4545116425, 29.8608608246, 30.2555999756, 30.6503391266, 31.0566883087, 31.4398174286, 31.8113365173, 32.1828575134, 32.5543746948, 32.9375038147, 33.3206329346, 33.7269821167, 34.1333312988, 34.539680481, 34.9460296631, 35.3523788452, 35.7355079651, 36.1302490234, 36.5249862671, 36.908115387, 37.3841247559, 37.8369140625, 38.2897033691, 38.8005447388, 39.3229942322, 39.8570518494, 40.4143295288, 40.9599990845, 41.5172767639, 42.0629463196, 42.6086158752, 43.1658935547, 43.7347831726, 44.3036727905, 44.8841705322, 45.4646720886, 46.0451698303, 46.6024475098, 47.1597251892, 47.7170066833, 48.2742843628, 48.8315620422, 49.3888435364, 49.9461212158, 50.5033988953, 51.0490684509, 51.5947380066, 52.152015686, 52.7092971802, 53.2665748596, 53.8238525391, 54.392742157, 54.9500198364, 55.4956893921, 56.029750824, 56.5638084412, 57.0978660583, 57.6551475525, 58.2124252319, 58.7580947876, 59.3269844055, 59.8726501465, 60.4299316406, 60.9756011963, 61.5212669373, 62.0785484314, 62.5777778625, 63.0653953552, 63.5762329102, 64.0638504028, 64.5514755249, 65.0390930176, 65.4222183228, 65.8053512573, 66.200088501, 66.5948257446, 66.9779586792, 67.3610839844, 67.7326049805, 68.0925140381, 68.4524230957, 68.8239440918, 69.1838531494, 69.543762207, 69.9268951416, 70.2984085083, 70.6699295044, 71.053062439, 71.4361877441, 71.7960968018, 72.1676177979, 72.5507507324, 72.9338760376, 73.3286132812, 73.6885223389, 74.0484313965, 74.4199523926, 74.7914733887, 75.1629943848, 75.5345077515, 75.917640686, 76.3007659912, 76.6955108643, 77.1018600464, 77.5082092285, 77.9145584106, 78.2976837158, 78.6692047119, 79.040725708, 79.4238510132, 79.8069839478, 80.1901092529, 80.561630249, 80.9215393066, 81.2814483643, 81.6413574219, 82.012878418, 82.3843994141, 82.7559204102, 83.1390457153, 83.5221786499, 83.8936920166, 84.2652130127, 84.6251220703, 84.9850311279, 85.3449401855, 85.7048492432, 86.0647583008, 86.4246673584, 86.784576416, 87.1444854736, 87.4927902222, 87.8410873413, 88.2126083374, 88.572517395, 88.9324264526, 89.3039474487, 89.6638565063, 90.023765564, 90.3952789307, 90.7435836792, 91.0918807983, 91.4401779175, 91.788482666, 92.1483917236, 92.5083007812, 92.8682098389, 93.216506958, 93.5764160156, 93.9363250732, 94.2962341309, 94.667755127, 95.039276123, 95.4224014282, 95.8055343628, 96.2002716064, 96.6995010376, 97.1871185303, 97.6747360229, 98.1507492065, 98.6267547607, 99.1143722534, 99.590385437, 100.054779053, 100.530792236, 101.006797791, 101.494422913, 101.982040405, 102.469657898, 102.957275391, 103.433288574, 103.909294128, 104.373695374, 104.861312866, 105.33732605, 105.732063293, 106.126800537, 106.521537781, 106.904670715, 107.276191711, 107.647705078, 108.030838013, 108.413963318, 108.8203125, 109.226661682, 109.633010864, 110.039360046, 110.445709229, 110.852058411], "beats_loudness": {"dvar2": 0.000794414023403, "var": 0.000481543043861, "min": 1.863679433e-09, "dmean": 0.0163961481303, "mean": 0.0223573800176, "max": 0.113390021026, "dmean2": 0.0264011379331, "median": 0.0159594193101, "dvar": 0.000337667675922}, "bpm_histogram_second_peak_weight": {"dvar2": 0, "var": 0, "min": 0.166666671634, "dmean": 0, "mean": 0.166666671634, "max": 0.166666671634, "dmean2": 0, "median": 0.166666671634, "dvar": 0}, "bpm_histogram_second_peak_spread": {"dvar2": 0, "var": 0, "min": 0.428571462631, "dmean": 0, "mean": 0.428571462631, "max": 0.428571462631, "dmean2": 0, "median": 0.428571462631, "dvar": 0}, "bpm_histogram_second_peak_bpm": {"dvar2": 0, "var": 0, "min": 157, "dmean": 0, "mean": 157, "max": 157, "dmean2": 0, "median": 157, "dvar": 0}, "onset_rate": 3.4607334137}, "lowlevel": {"spectral_energyband_high": {"dvar2": 5.74235400563e-06, "var": 6.57025339024e-06, "min": 7.46210535797e-21, "dmean": 0.000438907300122, "mean": 0.000769085600041, "max": 0.0365601107478, "dmean2": 0.000623077095952, "median": 0.000150425359607, "dvar": 3.18143293043e-06}, "spectral_energyband_middle_low": {"dvar2": 7.18707888154e-05, "var": 0.000229675686569, "min": 2.52631985456e-22, "dmean": 0.00333382887766, "mean": 0.0109385401011, "max": 0.10272333771, "dmean2": 0.00473208073527, "median": 0.0046053500846, "dvar": 3.87074142054e-05}, "spectral_energy": {"dvar2": 9.36357610044e-05, "var": 0.000355742085958, "min": 1.0643578511e-20, "dmean": 0.00446428125724, "mean": 0.0175317935646, "max": 0.123686350882, "dmean2": 0.00627572834492, "median": 0.0112453140318, "dvar": 5.16404179507e-05}, "spectral_spread": {"dvar2": 765727604736, "var": 7264752631810.0, "min": 1089474.625, "dmean": 388132.125, "mean": 4288264.5, "max": 40496064, "dmean2": 565429.875, "median": 3837672.25, "dvar": 513816526848}, "spectral_energyband_low": {"dvar2": 2.14026822505e-05, "var": 2.58389536612e-05, "min": 1.081833748e-23, "dmean": 0.00158687867224, "mean": 0.00399072328582, "max": 0.0441296175122, "dmean2": 0.00249347393401, "median": 0.00202457862906, "dvar": 8.69927771419e-06}, "spectral_rolloff": {"dvar2": 1763631.5, "var": 10803799, "min": 129.19921875, "dmean": 428.74029541, "mean": 1928.42297363, "max": 21554.7363281, "dmean2": 689.467895508, "median": 1184.32617188, "dvar": 947323.4375}, "barkbands": {"dvar2": [1.50830996998e-11, 1.11395415558e-07, 4.80507924294e-06, 3.31671326421e-05, 8.25245933811e-06, 8.46979855851e-06, 7.0431142376e-06, 1.15785369417e-05, 1.00510178527e-05, 4.70348459203e-06, 6.26428061423e-07, 1.06574736947e-06, 2.94757171559e-07, 1.1153348396e-06, 1.97821941583e-06, 7.10616419042e-08, 1.95810272885e-07, 1.04232007914e-07, 6.91477595183e-08, 6.59585566609e-07, 8.44247779241e-07, 3.764550911e-07, 4.7170320272e-07, 7.60393788823e-07, 3.75817776899e-08, 3.52697038242e-10, 3.31564224861e-12], "var": [9.12694399224e-12, 1.91775896496e-07, 6.63701939629e-06, 3.87777290598e-05, 1.99533624254e-05, 1.95339362108e-05, 1.01574923974e-05, 2.87724178634e-05, 1.22271540022e-05, 2.64702030108e-05, 2.0988209144e-06, 1.39315193337e-06, 9.19849696857e-07, 2.00019667318e-06, 1.11224462671e-05, 1.71110883684e-07, 2.40239216964e-07, 6.5320335807e-08, 1.04685135227e-07, 3.6888258137e-07, 5.09323285769e-07, 4.04840619694e-07, 4.02250464049e-07, 5.07649474457e-07, 1.86088904286e-08, 2.24588347919e-10, 2.3070870301e-12], "min": [1.10081397804e-23, 4.29553222238e-24, 5.23575029176e-24, 5.13407361526e-24, 5.98516894059e-24, 2.56192455509e-23, 2.13719427065e-23, 1.34003707307e-23, 6.72069732659e-23, 3.1319838442e-23, 9.07427204147e-23, 2.806519714e-23, 1.01430473016e-22, 7.27148695259e-23, 9.24692024592e-23, 1.13531902225e-22, 1.15199251256e-22, 1.61854252239e-22, 3.68018834146e-22, 2.9611967835e-22, 4.2356948508e-22, 5.48350922466e-22, 7.20834135081e-22, 7.21658740851e-22, 1.2122265234e-21, 1.54419454039e-21, 2.11895258797e-21], "dmean": [3.04488651182e-07, 8.09712291812e-05, 0.000710417982191, 0.00179212260991, 0.000886891211849, 0.00060497620143, 0.000412738037994, 0.000526724907104, 0.000415939430241, 0.0004088684218, 0.00022969681595, 0.000170066938153, 0.000125085382024, 0.000282567925751, 0.000222104252316, 6.88788131811e-05, 0.000108638676465, 5.71505370317e-05, 5.51863049623e-05, 0.000133360081236, 0.000114200898679, 0.000109619570139, 0.000102578494989, 9.26809880184e-05, 2.06986496778e-05, 2.18670516006e-06, 2.5115622293e-07], "mean": [3.11192962954e-07, 0.000187337354873, 0.00179092516191, 0.00349353067577, 0.00234007299878, 0.00146701687481, 0.000749409548007, 0.00131923973095, 0.000831271230709, 0.00109454360791, 0.000598614977207, 0.000493645318784, 0.000421049684519, 0.000707354221959, 0.000574403034989, 0.000166345911566, 0.000219547771849, 0.000114629263408, 0.000113487294584, 0.000211803067941, 0.000174372675247, 0.000176757443114, 0.000146130114445, 0.000114487607789, 2.23530114454e-05, 2.80600625047e-06, 3.85011418302e-07], "max": [0.000153969420353, 0.00522354571149, 0.0221127420664, 0.0850429609418, 0.0644540041685, 0.0626393631101, 0.0749139487743, 0.0722975730896, 0.0635372921824, 0.0763422325253, 0.0250335894525, 0.0263654738665, 0.0113297328353, 0.0159892551601, 0.0826881453395, 0.00968288630247, 0.00887881219387, 0.00461936555803, 0.00856762286276, 0.0104393241927, 0.0228145495057, 0.0116438297555, 0.0122579736635, 0.0136102363467, 0.00372543442063, 0.000500128488056, 2.83170011244e-05], "dmean2": [4.96345194279e-07, 0.000115490365715, 0.00112874887418, 0.00271867751144, 0.00130911031738, 0.000837580359075, 0.000584673776757, 0.000710765772965, 0.000544263340998, 0.000458898080979, 0.000293689226964, 0.000241603862378, 0.00017672793183, 0.000417975476012, 0.000277996528894, 0.000102336380223, 0.000161816351465, 8.74344623298e-05, 8.01248897915e-05, 0.00021375513461, 0.000170376195456, 0.000162552707479, 0.000148553444888, 0.000141747164889, 3.16500845656e-05, 3.33067941938e-06, 3.7305647993e-07], "median": [2.85224448504e-08, 2.68141993729e-05, 0.000739218085073, 0.00134106283076, 0.000930771406274, 0.000125426027807, 0.000100073273643, 0.000110472421511, 7.24669662304e-05, 8.2146449131e-05, 9.83219506452e-05, 8.96419151104e-05, 7.96586973593e-05, 0.000207633711398, 7.63056232245e-05, 4.92677354487e-05, 5.5177079048e-05, 3.39535545208e-05, 4.28418716183e-05, 3.30974726239e-05, 2.9093997e-05, 2.77920189546e-05, 1.61779971677e-05, 4.95426365887e-06, 8.17883346826e-07, 2.55769748492e-07, 9.41804358945e-08], "dvar": [6.89187248937e-12, 5.25251380168e-08, 1.84027669548e-06, 1.59810861078e-05, 4.38971574113e-06, 4.59237207906e-06, 4.2209703679e-06, 6.37525772618e-06, 5.1360816542e-06, 4.17249520979e-06, 4.51252930134e-07, 4.89805699999e-07, 1.64411758874e-07, 5.16844522735e-07, 1.94817198462e-06, 3.75739261926e-08, 9.28644894316e-08, 4.07535623026e-08, 3.76316044992e-08, 2.531113239e-07, 3.70118982573e-07, 1.95114949975e-07, 2.4011927735e-07, 3.5926652231e-07, 1.63179016965e-08, 1.51076817723e-10, 1.55116642187e-12]}, "melbands_skewness": {"dvar2": 1.21130514145, "var": 5.0424246788, "min": -3.20810317993, "dmean": 0.664110600948, "mean": 2.91813778877, "max": 13.6465616226, "dmean2": 0.961820185184, "median": 2.52844643593, "dvar": 0.634869873524}, "barkbands_skewness": {"dvar2": 0.808454275131, "var": 5.77071666718, "min": -12.056810379, "dmean": 0.535279691219, "mean": 1.5089302063, "max": 9.77250576019, "dmean2": 0.761118710041, "median": 1.51673293114, "dvar": 0.461298406124}, "erbbands": {"dvar2": [3.11818939736e-06, 0.015605638735, 3.27151727676, 135.080200195, 230.632705688, 124.274536133, 370.589141846, 675.330627441, 1958.58105469, 452.774414062, 9141.95800781, 4236.96191406, 5764.91699219, 660.872314453, 903.890441895, 2186.03125, 559.23223877, 2050.99243164, 1414.08959961, 7007.9765625, 210.932769775, 535.110412598, 434.354095459, 105.495681763, 442.088928223, 1148.51538086, 1723.51464844, 1776.6348877, 585.774291992, 376.369415283, 349.251983643, 530.952758789, 134.426605225, 12.664768219, 0.45471739769, 0.0186272021383, 0.000369285349734, 1.12469133455e-05, 9.44515647916e-08, 4.58508342405e-10], "var": [4.30759655501e-06, 0.0218892414123, 3.60632133484, 150.73046875, 369.792022705, 155.387130737, 988.999145508, 1684.01025391, 2997.11254883, 576.990356445, 24503.4121094, 7215.25878906, 35393.1914062, 1593.2800293, 3033.23217773, 3531.92382812, 1877.12133789, 3850.9050293, 5744.50537109, 40469.0507812, 766.571838379, 630.534301758, 261.970123291, 144.079147339, 405.919403076, 787.612731934, 856.6796875, 953.773132324, 611.216552734, 376.029998779, 319.377746582, 361.011169434, 77.3998718262, 6.56613969803, 0.24133503437, 0.0117325531319, 0.000274011719739, 7.78962657932e-06, 6.95029171993e-08, 8.48762171657e-10], "min": [1.89180646431e-22, 7.0292555365e-22, 4.84891094036e-21, 1.20587076323e-20, 1.76415491114e-20, 2.25497787567e-20, 8.23279034248e-20, 2.93569656419e-19, 4.9850318789e-19, 4.46335801788e-19, 4.57051047744e-19, 1.51407532232e-18, 1.25941153733e-18, 1.47372979474e-18, 3.66547138634e-18, 2.26566113947e-18, 3.69408521809e-18, 4.80125033797e-18, 5.39568259207e-18, 6.06263211612e-18, 6.37382614796e-18, 7.24933644216e-18, 8.14995332231e-18, 1.2865020953e-17, 1.77782173656e-17, 1.43792164233e-17, 1.90195888176e-17, 1.33047046717e-17, 1.66854489107e-17, 2.04475622895e-17, 2.05574052574e-17, 1.40388646885e-17, 1.37234979441e-17, 1.10517599866e-17, 8.67517909688e-18, 4.49843564573e-18, 3.37474469798e-18, 1.21670471929e-18, 2.86627181236e-19, 3.17056971698e-20], "dmean": [0.000485031894641, 0.0321952365339, 0.564379036427, 3.71403861046, 4.70369195938, 2.33574128151, 3.91756772995, 4.92255496979, 6.60284566879, 3.91447925568, 14.9660186768, 8.38827228546, 15.4335536957, 5.21730422974, 8.91861724854, 8.17020988464, 5.72185754776, 12.8920927048, 8.90333366394, 10.2371110916, 4.02568483353, 5.64987277985, 3.64720082283, 2.38460755348, 3.81538915634, 5.96120166779, 5.06218671799, 4.34159994125, 4.21581602097, 3.16452383995, 2.96151661873, 2.50063943863, 1.22902846336, 0.373909562826, 0.0741267874837, 0.0162596721202, 0.00277736457065, 0.000477281486383, 4.46920967079e-05, 7.23918446965e-06], "mean": [0.00124241283629, 0.0788297280669, 1.41026818752, 8.33375644684, 9.94394683838, 6.0629901886, 10.8443717957, 11.2387485504, 12.5129384995, 8.75962352753, 37.1200447083, 19.7102031708, 43.9730224609, 13.6049642563, 23.9639663696, 25.367641449, 21.034078598, 32.8414039612, 27.0508537292, 24.838388443, 10.7542819977, 12.1800518036, 7.72656917572, 5.21607971191, 6.43125629425, 9.7556810379, 8.43795776367, 6.44587516785, 6.59035110474, 4.93517494202, 4.21089982986, 3.11794686317, 1.431163311, 0.413060754538, 0.0836831927299, 0.0198737885803, 0.00367967574857, 0.000650875503197, 7.70506303525e-05, 2.50336015597e-05], "max": [0.0294605642557, 1.8793118, 17.9881896973, 130.06149292, 227.997070312, 261.238922119, 510.836853027, 786.135437012, 1397.38061523, 609.990783691, 2206.14282227, 1511.2487793, 2816.38793945, 460.347320557, 964.276550293, 1143.79541016, 474.794921875, 687.91394043, 1287.14489746, 5411.47460938, 575.759521484, 485.12588501, 278.528015137, 319.847381592, 456.929534912, 528.6015625, 1040.12963867, 1295.26428223, 468.683532715, 326.849029541, 359.916778564, 383.376068115, 192.323532104, 62.6777153015, 13.7414627075, 3.32293176651, 0.361287087202, 0.0526916868985, 0.00556002883241, 0.000314708187943], "dmean2": [0.00071190088056, 0.0476750954986, 0.891261339188, 5.75650978088, 7.04235553741, 3.40470314026, 5.38054084778, 6.75867986679, 9.21366977692, 5.52626895905, 19.8171958923, 10.6597518921, 17.1716518402, 6.76611042023, 11.471654892, 11.424782753, 7.93453407288, 19.1090393066, 12.0142850876, 12.749168396, 5.59731197357, 8.34768772125, 5.61249685287, 3.41757249832, 5.87154054642, 9.40138912201, 7.63564682007, 6.22081422806, 6.19907617569, 4.59866905212, 4.26329994202, 3.76812195778, 1.84213674068, 0.567898869514, 0.114060662687, 0.0246903337538, 0.00428543845192, 0.000712976965588, 6.51880254736e-05, 1.02010153569e-05], "median": [0.000559369334951, 0.0279691275209, 0.662812590599, 3.81792259216, 3.50818061829, 2.3380651474, 1.61705851555, 0.851930081844, 1.37509942055, 1.68228983879, 2.17033672333, 1.46701002121, 3.8191857338, 2.16537427902, 4.53246164322, 4.4595041275, 4.84312152863, 9.81386756897, 6.26781225204, 3.56109952927, 3.07902193069, 3.71271896362, 2.50857400894, 2.0025343895, 1.84829378128, 1.60187888145, 1.57799696922, 1.04549324512, 1.00652861595, 0.667496204376, 0.449270069599, 0.173101216555, 0.0592931769788, 0.0163496993482, 0.00378554337658, 0.00134188705124, 0.000439140247181, 0.000104414633824, 2.2698277462e-05, 1.59290175361e-05], "dvar": [1.35517018407e-06, 0.00675559556112, 1.22105050087, 58.9643249512, 113.358398438, 57.7677154541, 196.684188843, 384.61138916, 1184.90783691, 233.657714844, 5276.36083984, 2241.34692383, 5154.75, 378.120025635, 639.88067627, 1042.55114746, 313.257659912, 952.881408691, 841.151000977, 7346.41357422, 141.904129028, 249.093490601, 166.16960144, 55.0301170349, 203.604415894, 459.875762939, 678.709838867, 777.416564941, 310.997497559, 189.137069702, 183.969985962, 251.047241211, 60.518737793, 5.58453369141, 0.201916515827, 0.00801552180201, 0.000168361148098, 5.11618918608e-06, 4.46652848041e-08, 2.44673975525e-10]}, "silence_rate_30dB": {"dvar2": 0.00622225925326, "var": 0.00311248726211, "min": 0, "dmean": 0.00249843858182, "mean": 0.996877610683, "max": 1, "dmean2": 0.00499791745096, "median": 1, "dvar": 0.00249241827987}, "melbands_spread": {"dvar2": 599.392333984, "var": 1159.62011719, "min": 0.876062631607, "dmean": 7.95531177521, "mean": 28.3453559875, "max": 251.526931763, "dmean2": 12.233215332, "median": 17.7163581848, "dvar": 293.595062256}, "melbands_crest": {"dvar2": 19.3853111267, "var": 37.4482345581, "min": 2.04667401314, "dmean": 2.75620388985, "mean": 16.3943481445, "max": 34.2464179993, "dmean2": 4.29119682312, "median": 16.1815261841, "dvar": 8.32744693756}, "zerocrossingrate": {"dvar2": 0.000274840655038, "var": 0.012371792458, "min": 0.0048828125, "dmean": 0.0103913526982, "mean": 0.0715678632259, "max": 0.79541015625, "dmean2": 0.0111022470519, "median": 0.04638671875, "dvar": 0.000325874483678}, "barkbands_kurtosis": {"dvar2": 130.527404785, "var": 566.952941895, "min": -1.87837326527, "dmean": 3.70506548882, "mean": 9.77998638153, "max": 222.465896606, "dmean2": 5.60816907883, "median": 2.50723052025, "dvar": 58.4684562683}, "spectral_flux": {"dvar2": 0.0011864650296, "var": 0.00142941798549, "min": 1.03167717425e-10, "dmean": 0.0179516375065, "mean": 0.0439394414425, "max": 0.300936251879, "dmean2": 0.0278306175023, "median": 0.0329558327794, "dvar": 0.000538584426977}, "barkbands_crest": {"dvar2": 9.83823108673, "var": 18.8490791321, "min": 2.8897049427, "dmean": 1.97235774994, "mean": 10.4293174744, "max": 25.4157428741, "dmean2": 3.06831026077, "median": 9.79458045959, "dvar": 4.14433336258}, "barkbands_flatness_db": {"dvar2": 0.00102572503965, "var": 0.00345599465072, "min": 0.0475224480033, "dmean": 0.0201400052756, "mean": 0.176095291972, "max": 0.404453843832, "dmean2": 0.0296553168446, "median": 0.168659433722, "dvar": 0.000516815052833}, "spectral_entropy": {"dvar2": 0.101098231971, "var": 0.346470147371, "min": 4.86843681335, "dmean": 0.1948890239, "mean": 7.18331956863, "max": 9.79949474335, "dmean2": 0.284753471613, "median": 7.13481426239, "dvar": 0.0488142818213}, "pitch_salience": {"dvar2": 0.00824455264956, "var": 0.0237470939755, "min": 0.0685730725527, "dmean": 0.0574046000838, "mean": 0.493094086647, "max": 0.964841783047, "dmean2": 0.0880454406142, "median": 0.486262321472, "dvar": 0.00372029212303}, "erbbands_spread": {"dvar2": 166.685241699, "var": 297.617858887, "min": 3.07785820961, "dmean": 6.6857714653, "mean": 36.6293983459, "max": 119.918006897, "dmean2": 10.104183197, "median": 34.9779434204, "dvar": 75.4812088013}, "dynamic_complexity": 4.94023084641, "spectral_contrast_valleys": {"dvar2": [0.387029677629, 0.267817288637, 0.241099193692, 0.253257453442, 0.342955648899, 0.37944868207], "var": [3.2024102211, 2.80262494087, 2.46508193016, 2.40460658073, 2.27793526649, 1.86103844643], "min": [-27.6687984467, -27.2699279785, -27.393863678, -27.5543384552, -27.3531455994, -27.2492542267], "dmean": [0.457386106253, 0.337293028831, 0.340848177671, 0.330761611462, 0.357690870762, 0.325847625732], "mean": [-8.91261863708, -8.06865882874, -8.64291954041, -8.64074039459, -8.82312393188, -11.3460893631], "max": [-6.13759422302, -5.32383298874, -5.46312189102, -5.6756272316, -5.80830097198, -7.24175167084], "dmean2": [0.696633934975, 0.544782340527, 0.526901364326, 0.510225355625, 0.530532598495, 0.458310008049], "median": [-8.67378425598, -7.84245014191, -8.44892120361, -8.4310092926, -8.65333747864, -11.4632472992], "dvar": [0.175429075956, 0.134237259626, 0.128200739622, 0.130167335272, 0.176152139902, 0.212495028973]}, "hfc": {"dvar2": 310.01953125, "var": 555.326599121, "min": 1.13771017021e-16, "dmean": 4.73274374008, "mean": 14.8951234818, "max": 227.225387573, "dmean2": 6.39795827866, "median": 7.20877790451, "dvar": 173.287155151}, "spectral_kurtosis": {"dvar2": 17.6116600037, "var": 29.3559112549, "min": -1.21746551991, "dmean": 2.05015063286, "mean": 4.98841428757, "max": 68.7721099854, "dmean2": 3.40446376801, "median": 3.66967058182, "dvar": 6.68978834152}, "mfcc": {"mean": [-710.040222168, 119.918426514, -13.7740030289, 19.1508369446, -3.16863703728, 18.4688663483, -6.82565879822, -1.9658343792, -11.6033420563, -3.42728066444, -9.36644649506, -8.66676425934, -13.3627634048], "cov": [[10863.2421875, 156.064086914, -740.548461914, -159.409469604, -868.105224609, -117.712600708, -645.773498535, -31.1772975922, -149.927093506, -19.0648918152, -274.831420898, -91.628616333, -231.500030518], [156.064086914, 2131.86645508, -349.602020264, -0.520057678223, 98.1540145874, 31.7680644989, -20.5128688812, 20.3363208771, -98.9689331055, -62.4472198486, 68.6557922363, -92.6494903564, -65.4956283569], [-740.548461914, -349.602020264, 818.479797363, 70.5688934326, 105.043319702, 29.7821540833, -58.5255699158, 7.7836356163, 6.68323469162, -52.4785766602, 21.4361782074, -20.3232803345, 9.67901515961], [-159.409469604, -0.520057678223, 70.5688934326, 365.959716797, 191.695266724, 98.9647216797, 99.7555007935, -6.00337791443, 3.83722090721, 2.71123671532, -13.7278699875, 18.9398345947, 32.95104599], [-868.105224609, 98.1540145874, 105.043319702, 191.695266724, 424.399078369, 118.6434021, 108.768013, -17.2998466492, -0.698073387146, 12.7644910812, 6.86481666565, -13.7909345627, 29.1436920166], [-117.712600708, 31.7680644989, 29.7821540833, 98.9647216797, 118.6434021, 235.626403809, 151.387939453, 5.50748920441, 19.5091114044, 39.5943260193, -8.00013542175, 34.5272064209, 25.920879364], [-645.773498535, -20.5128688812, -58.5255699158, 99.7555007935, 108.768013, 151.387939453, 395.503448486, 41.0750961304, 23.8773956299, 84.0855865479, 9.69264507294, 86.4212799072, 53.3049507141], [-31.1772975922, 20.3363208771, 7.7836356163, -6.00337791443, -17.2998466492, 5.50748920441, 41.0750961304, 144.304412842, 28.8203697205, 12.9731483459, 32.6326179504, 18.7928237915, -9.69370365143], [-149.927093506, -98.9689331055, 6.68323469162, 3.83722090721, -0.698073387146, 19.5091114044, 23.8773956299, 28.8203697205, 126.398460388, 34.749835968, 10.9274024963, 6.3658490181, 3.89349317551], [-19.0648918152, -62.4472198486, -52.4785766602, 2.71123671532, 12.7644910812, 39.5943260193, 84.0855865479, 12.9731483459, 34.749835968, 151.965698242, 17.7464199066, 9.38838195801, 6.95652866364], [-274.831420898, 68.6557922363, 21.4361782074, -13.7278699875, 6.86481666565, -8.00013542175, 9.69264507294, 32.6326179504, 10.9274024963, 17.7464199066, 124.33555603, -1.75763440132, -16.0628147125], [-91.628616333, -92.6494903564, -20.3232803345, 18.9398345947, -13.7909345627, 34.5272064209, 86.4212799072, 18.7928237915, 6.3658490181, 9.38838195801, -1.75763440132, 132.191085815, 36.0136451721], [-231.500030518, -65.4956283569, 9.67901515961, 32.95104599, 29.1436920166, 25.920879364, 53.3049507141, -9.69370365143, 3.89349317551, 6.95652866364, -16.0628147125, 36.0136451721, 104.909439087]], "icov": [[0.000153986140504, 3.28843293573e-06, 0.000121804238006, -0.000156795911607, 0.000323264801409, -0.000233129525441, 0.000299637817079, -9.6834031865e-05, 0.000194119929802, -0.000149286439409, 0.000304022774799, 4.19764683102e-06, 0.00023426633561], [3.28843293573e-06, 0.000605534936767, 0.000333731353749, 2.51351975749e-05, -0.000174868415343, -0.000255646766163, 3.76744683308e-05, -0.000197870729608, 0.000447243597591, 0.000351592665538, -0.00040076606092, 0.000427477498306, 0.000172907690285], [0.000121804238006, 0.000333731353749, 0.00162886688486, -0.000246034906013, -0.000134331989102, -0.000579112092964, 0.000620161299594, -0.000358499411959, 0.000243803660851, 0.000525898532942, -0.000294379919069, 0.000323942134855, 3.61025195161e-05], [-0.000156795911607, 2.51351975749e-05, -0.000246034906013, 0.0039895074442, -0.00177897547837, -0.000388523738366, -0.000635693606455, 0.000102184800198, -0.000246912764851, 0.000515522900969, 9.03149266378e-05, -0.000253941107076, -0.000562055793125], [0.000323264801409, -0.000174868415343, -0.000134331989102, -0.00177897547837, 0.00432927301154, -0.00141443917528, 6.16763572907e-05, 0.000322119449265, 0.000474374159239, -0.000304476794554, 0.000234113802435, 0.00107538769953, -1.01763462226e-05], [-0.000233129525441, -0.000255646766163, -0.000579112092964, -0.000388523738366, -0.00141443917528, 0.00691754417494, -0.00234500528313, 0.000477219204186, -0.00102643924765, -0.00051146937767, 0.000390637491364, -0.000717546616215, -0.000201082846615], [0.000299637817079, 3.76744683308e-05, 0.000620161299594, -0.000635693606455, 6.16763572907e-05, -0.00234500528313, 0.00511133158579, -0.001182643231, 0.000638305034954, -0.00188868993428, 0.000342252489645, -0.00188555731438, -0.000515698455274], [-9.6834031865e-05, -0.000197870729608, -0.000358499411959, 0.000102184800198, 0.000322119449265, 0.000477219204186, -0.001182643231, 0.00828069169074, -0.0018751330208, 0.000241267072852, -0.00186379137449, -0.000974302238319, 0.000925108091906], [0.000194119929802, 0.000447243597591, 0.000243803660851, -0.000246912764851, 0.000474374159239, -0.00102643924765, 0.000638305034954, -0.0018751330208, 0.00945061538368, -0.00184149469715, -9.70130495261e-05, 0.000356394884875, 2.10470752791e-05], [-0.000149286439409, 0.000351592665538, 0.000525898532942, 0.000515522900969, -0.000304476794554, -0.00051146937767, -0.00188868993428, 0.000241267072852, -0.00184149469715, 0.00861609913409, -0.00157041102648, 0.000962973572314, -0.000201472095796], [0.000304022774799, -0.00040076606092, -0.000294379919069, 9.03149266378e-05, 0.000234113802435, 0.000390637491364, 0.000342252489645, -0.00186379137449, -9.70130495261e-05, -0.00157041102648, 0.00991395581514, -0.000370209047105, 0.00166455691215], [4.19764683102e-06, 0.000427477498306, 0.000323942134855, -0.000253941107076, 0.00107538769953, -0.000717546616215, -0.00188555731438, -0.000974302238319, 0.000356394884875, 0.000962973572314, -0.000370209047105, 0.0102353198454, -0.0025747816544], [0.00023426633561, 0.000172907690285, 3.61025195161e-05, -0.000562055793125, -1.01763462226e-05, -0.000201082846615, -0.000515698455274, 0.000925108091906, 2.10470752791e-05, -0.000201472095796, 0.00166455691215, -0.0025747816544, 0.0118814706802]]}, "silence_rate_20dB": {"dvar2": 0, "var": 0, "min": 1, "dmean": 0, "mean": 1, "max": 1, "dmean2": 0, "median": 1, "dvar": 0}, "melbands_kurtosis": {"dvar2": 325.327301025, "var": 693.76550293, "min": -1.91146945953, "dmean": 6.90860939026, "mean": 17.9137420654, "max": 250.645126343, "dmean2": 10.3519258499, "median": 7.71942472458, "dvar": 155.983978271}, "barkbands_spread": {"dvar2": 144.699325562, "var": 176.619949341, "min": 1.13839042187, "dmean": 4.8323802948, "mean": 18.6873569489, "max": 104.781272888, "dmean2": 7.39385843277, "median": 16.222568512, "dvar": 63.6190910339}, "erbbands_skewness": {"dvar2": 0.249670296907, "var": 1.05382204056, "min": -5.15326023102, "dmean": 0.30571064353, "mean": 0.0700416341424, "max": 3.89114952087, "dmean2": 0.438338279724, "median": -0.0205886736512, "dvar": 0.135228872299}, "average_loudness": 0.78093534708, "spectral_centroid": {"dvar2": 273762.46875, "var": 1295831.875, "min": 177.539596558, "dmean": 250.392410278, "mean": 1364.26379395, "max": 11185.328125, "dmean2": 361.818969727, "median": 1043.87036133, "dvar": 173715.359375}, "dissonance": {"dvar2": 0.000983097357675, "var": 0.00163288624026, "min": 0.211756199598, "dmean": 0.0185227338225, "mean": 0.44842416048, "max": 0.500000119209, "dmean2": 0.0296603944153, "median": 0.458561480045, "dvar": 0.000398637290346}, "erbbands_flatness_db": {"dvar2": 0.000525227806065, "var": 0.00189811701421, "min": 0.038075927645, "dmean": 0.0142292175442, "mean": 0.187752768397, "max": 0.355588138103, "dmean2": 0.0202415604144, "median": 0.179070055485, "dvar": 0.000278209277894}, "spectral_strongpeak": {"dvar2": 2.25898647308, "var": 3.21060729027, "min": 0, "dmean": 0.429131805897, "mean": 1.09106683731, "max": 22.8027114868, "dmean2": 0.699476420879, "median": 0.42439994216, "dvar": 1.01456332207}, "spectral_rms": {"dvar2": 7.960773587e-07, "var": 4.22025368607e-06, "min": 3.22241820901e-12, "dmean": 0.000497312343214, "mean": 0.00358943408355, "max": 0.0109849721193, "dmean2": 0.000703380734194, "median": 0.00331225572154, "dvar": 4.38072248699e-07}, "silence_rate_60dB": {"dvar2": 0.0984027087688, "var": 0.155223041773, "min": 0, "dmean": 0.0441390797496, "mean": 0.192131564021, "max": 1, "dmean2": 0.0882965400815, "median": 0, "dvar": 0.0421921014786}, "melbands": {"dvar2": [2.32131847078e-09, 4.50669404017e-07, 4.13184852732e-06, 5.72359965645e-07, 3.45967379189e-07, 3.30906431145e-07, 3.52955851213e-07, 6.79106904045e-08, 6.43795999622e-07, 1.61572558e-07, 1.48585144188e-07, 1.52023762467e-08, 1.45953737984e-08, 5.21354870386e-09, 1.65492011206e-08, 2.56587595615e-09, 9.53824486061e-09, 4.46812942201e-09, 1.02294315241e-08, 3.56496321352e-09, 3.67774227739e-10, 6.62087773495e-10, 4.78721118302e-10, 2.27875843195e-10, 8.39253666562e-11, 1.59574825576e-10, 9.72425362455e-10, 4.83914630589e-10, 1.28505406316e-09, 7.08460512477e-10, 5.1848814131e-10, 2.16212811543e-10, 1.79276732348e-10, 1.55692653214e-10, 1.28123400778e-10, 1.93790913872e-10, 2.2250917775e-10, 9.20411524774e-11, 2.55633691298e-11, 6.42675712995e-12], "var": [3.93519083985e-09, 5.31527859948e-07, 5.06695414515e-06, 1.17138381484e-06, 8.64950720825e-07, 7.83945267813e-07, 5.3702956393e-07, 8.88452333925e-08, 1.75470961494e-06, 2.62622904756e-07, 9.10268056487e-07, 2.7681165804e-08, 5.21800735953e-08, 7.29442772851e-09, 5.47664846806e-08, 4.71853178752e-09, 1.72519598607e-08, 1.28248949238e-08, 5.97188218876e-08, 2.03324344028e-08, 9.05923169814e-10, 8.31784585653e-10, 4.04735606141e-10, 1.1571645725e-10, 1.0762468694e-10, 2.03816408195e-10, 4.58793114611e-10, 3.52418899618e-10, 4.94235208315e-10, 3.30244942504e-10, 3.25518112465e-10, 2.12412976097e-10, 1.60378099689e-10, 1.22215654264e-10, 1.06778454134e-10, 1.37898928387e-10, 1.41799641473e-10, 5.06595737582e-11, 1.23344069333e-11, 3.13943857889e-12], "min": [1.19464868689e-24, 2.0425575072e-24, 4.01993774868e-24, 1.14860060788e-24, 2.50857728417e-24, 7.25944041548e-24, 7.55976922843e-24, 4.47850101517e-24, 4.67208393143e-24, 8.69637185358e-24, 5.93433553271e-24, 5.50571072087e-24, 1.17425479839e-23, 5.74544436668e-24, 1.05785363866e-23, 6.90289500784e-24, 7.83845406472e-24, 8.63257272787e-24, 7.07353272139e-24, 8.2898741957e-24, 7.11916122501e-24, 7.25711248695e-24, 6.832897802e-24, 7.40068596056e-24, 1.02321049646e-23, 1.29057036671e-23, 1.13111657088e-23, 8.68225360996e-24, 1.27760827763e-23, 9.23029894664e-24, 6.71251131697e-24, 7.19624555722e-24, 1.08115651091e-23, 9.60746912265e-24, 9.53047472058e-24, 1.58462686772e-23, 6.53901201049e-24, 1.03165225478e-23, 8.83791479922e-24, 9.26546163263e-24], "dmean": [1.16846904348e-05, 0.000206874363357, 0.000671470945235, 0.000227690805332, 0.000124418816995, 0.000115201692097, 9.22523104236e-05, 4.67196186946e-05, 0.000130836997414, 4.97031651321e-05, 7.77634195401e-05, 2.08375822695e-05, 3.51985509042e-05, 1.39536032293e-05, 2.42663572863e-05, 1.24506677821e-05, 2.66230053967e-05, 1.54033459694e-05, 1.58522561833e-05, 8.23896698421e-06, 5.30637862539e-06, 6.60755586068e-06, 4.53762640973e-06, 2.29843726629e-06, 2.04441244023e-06, 2.27518944484e-06, 4.35265201304e-06, 3.9510341594e-06, 3.36360358233e-06, 2.95186509902e-06, 2.42035321207e-06, 2.41626457864e-06, 2.30548585023e-06, 1.71520787262e-06, 1.72592319814e-06, 1.82562666851e-06, 1.47668208683e-06, 9.7960810308e-07, 5.2110743809e-07, 2.48736029107e-07], "mean": [2.70023556368e-05, 0.000521071371622, 0.00150128954556, 0.000550873170141, 0.000352255709004, 0.000268161238637, 0.000175064604264, 9.95859445538e-05, 0.000311894458719, 0.000111146495328, 0.000219215653487, 4.81990609842e-05, 9.26717038965e-05, 3.46506276401e-05, 9.20970560401e-05, 3.1770534406e-05, 6.62655074848e-05, 4.40065014118e-05, 4.14979258494e-05, 1.86797660717e-05, 1.27828179757e-05, 1.36327698783e-05, 9.01419753063e-06, 4.3894292503e-06, 4.2785968617e-06, 4.19105435867e-06, 5.87363956583e-06, 6.57090640743e-06, 5.39535540156e-06, 4.40480789621e-06, 3.41118175129e-06, 3.63772232959e-06, 3.51818380295e-06, 2.45397427534e-06, 2.39876