{"tonal": {"thpcp": [1, 0.813553035259, 0.299334913492, 0.191426858306, 0.382276535034, 0.637536883354, 0.61757093668, 0.401479572058, 0.267828285694, 0.227937757969, 0.258819639683, 0.530275642872, 0.841941177845, 0.772837996483, 0.565923452377, 0.486727505922, 0.340502649546, 0.213421091437, 0.212653547525, 0.235757768154, 0.341526657343, 0.424829602242, 0.292164444923, 0.148944601417, 0.111401490867, 0.126555889845, 0.305196344852, 0.48668551445, 0.383215814829, 0.237633451819, 0.212584346533, 0.166638255119, 0.219257175922, 0.368304014206, 0.362638026476, 0.54429256916], "hpcp": {"dmean2": [0.104208685458, 0.127987742424, 0.148438557982, 0.144369661808, 0.120574906468, 0.0807445049286, 0.0612454041839, 0.0710247978568, 0.119068667293, 0.142262667418, 0.14497064054, 0.113690182567, 0.090406216681, 0.0831167921424, 0.10640193522, 0.144664302468, 0.17141751945, 0.219567194581, 0.24853298068, 0.251532465219, 0.159289166331, 0.11127589643, 0.178441673517, 0.209817349911, 0.210936740041, 0.186660915613, 0.143758550286, 0.122087925673, 0.15724748373, 0.232138171792, 0.272730380297, 0.309339612722, 0.268452972174, 0.205802544951, 0.158462509513, 0.112845644355], "median": [0.0033158317674, 0.00431166449562, 0.00605532061309, 0.00625286903232, 0.00548217678443, 0.00276631303132, 0.00211240327917, 0.00290621817112, 0.00674917688593, 0.00852307491004, 0.00733525399119, 0.00386879476719, 0.0017331315903, 0.0021082428284, 0.00452525587752, 0.00689087482169, 0.0115585969761, 0.0225638132542, 0.0243138112128, 0.0185901299119, 0.00510570267215, 0.00206122663803, 0.00353603623807, 0.00825771037489, 0.0111942300573, 0.00681658135727, 0.00278402189724, 0.00211555254646, 0.00591130461544, 0.0173054058105, 0.0277826841921, 0.0339529551566, 0.0206463225186, 0.00778771052137, 0.00500076683238, 0.0041313720867], "min": [0, 0, 0, 0, 0, 0, 0, 0, 0, 0, 0, 0, 0, 0, 0, 0, 0, 0, 0, 0, 0, 0, 0, 0, 0, 0, 0, 0, 0, 0, 0, 0, 0, 0, 0, 0], "dvar2": [0.0517366379499, 0.068510979414, 0.083818115294, 0.076879709959, 0.0591336600482, 0.038233064115, 0.0244443994015, 0.0339366644621, 0.0609464384615, 0.0686631575227, 0.0721104517579, 0.0621807537973, 0.0507001578808, 0.0438469164073, 0.0531787723303, 0.0783500820398, 0.0922856703401, 0.100914441049, 0.12769074738, 0.129315644503, 0.0841157734394, 0.0604908950627, 0.116762295365, 0.123956412077, 0.112983174622, 0.116166599095, 0.0921333730221, 0.0754663944244, 0.0860265567899, 0.128671035171, 0.141728758812, 0.159067615867, 0.133068710566, 0.113636724651, 0.0897573754191, 0.058124255389], "dvar": [0.0201065726578, 0.0252781920135, 0.0324353836477, 0.0352821014822, 0.0244076326489, 0.014329935424, 0.00986237730831, 0.0127541273832, 0.024658376351, 0.0349096655846, 0.0308917984366, 0.0235843304545, 0.0217478983104, 0.0175215192139, 0.0198472794145, 0.0325802750885, 0.0354133322835, 0.0382858142257, 0.0623360797763, 0.0568415150046, 0.0321468226612, 0.0230608228594, 0.0442580059171, 0.0522488281131, 0.0489881299436, 0.0448259338737, 0.0340450443327, 0.0291164610535, 0.0313533432782, 0.0498569943011, 0.0606592483819, 0.0626669749618, 0.0530631989241, 0.0479159094393, 0.0346360318363, 0.0212265420705], "dmean": [0.0590992718935, 0.0718206986785, 0.0859097838402, 0.0871016010642, 0.07142906636, 0.0456326007843, 0.0344645306468, 0.0401400402188, 0.0697989985347, 0.0852345228195, 0.0868932753801, 0.0651307031512, 0.0527627691627, 0.0474249273539, 0.0602927617729, 0.0838418751955, 0.0972507297993, 0.127033308148, 0.145791366696, 0.148570120335, 0.0891433805227, 0.0602458007634, 0.098913371563, 0.120423451066, 0.125498175621, 0.10848493129, 0.0798199549317, 0.0672848597169, 0.0868937075138, 0.132518231869, 0.158429726958, 0.178119316697, 0.154053762555, 0.119879707694, 0.0903096869588, 0.0629171729088], "max": [1, 1, 1, 1, 1, 1, 1, 1, 1, 1, 1, 1, 1, 1, 1, 1, 1, 1, 1, 1, 1, 1, 1, 1, 1, 1, 1, 1, 1, 1, 1, 1, 1, 1, 1, 1], "var": [0.0238208658993, 0.0242071654648, 0.0383997634053, 0.0583741180599, 0.0319354608655, 0.013044170104, 0.0099366363138, 0.0108335325494, 0.0351195223629, 0.0718993842602, 0.0440425239503, 0.0263752788305, 0.0294848326594, 0.0195033177733, 0.0202189013362, 0.047572966665, 0.0410028621554, 0.0499126091599, 0.140508338809, 0.103306993842, 0.031578976661, 0.0223167296499, 0.0502825267613, 0.092819750309, 0.0799461975694, 0.0495080798864, 0.032938092947, 0.0302003994584, 0.0248552467674, 0.0588378608227, 0.111345782876, 0.0913305208087, 0.0618397332728, 0.0655499473214, 0.0435458421707, 0.0208138488233], "mean": [0.0540483407676, 0.0599205419421, 0.0868029221892, 0.107975319028, 0.0742569491267, 0.0378559790552, 0.0283139683306, 0.0321656316519, 0.0775691568851, 0.123696707189, 0.0973986983299, 0.0603972673416, 0.0540307499468, 0.0423530265689, 0.0557267293334, 0.0936086922884, 0.0921686142683, 0.138338208199, 0.254161477089, 0.206773847342, 0.0760794058442, 0.0486533343792, 0.0971599668264, 0.162037312984, 0.156962737441, 0.10204064101, 0.0680716335773, 0.0579329989851, 0.0657819807529, 0.13477563858, 0.213989019394, 0.196425646544, 0.143835946918, 0.123707383871, 0.0865426585078, 0.0542434193194]}, "tuning_equal_tempered_deviation": 0.0496964901686, "chords_changes_rate": 0.0815483853221, "key_key": "G#", "tuning_diatonic_strength": 0.588626146317, "key_scale": "major", "chords_number_rate": 0.00438709696755, "tuning_frequency": 447.432556152, "tuning_nontempered_energy_ratio": 0.791933178902, "chords_histogram": [9.44516086578, 36.8516120911, 12.9032258987, 5.23870944977, 4.10322570801, 1.00645160675, 1.00645160675, 0.283870965242, 4.64516115189, 1.03225803375, 4.46451616287, 1.29032254219, 0.283870965242, 0, 1.52258062363, 0.0258064512163, 0, 1.36774194241, 0.129032254219, 1.16129028797, 0, 2.0645160675, 2.16774201393, 9.00645160675], "key_strength": 0.734467029572, "chords_key": "C", "chords_strength": {"dmean2": 0.0145891681314, "median": 0.521434664726, "min": -1, "dvar2": 0.00112636049744, "dvar": 0.000660774938297, "dmean": 0.0143229030073, "max": 0.823413610458, "var": 0.0423598028719, "mean": 0.498822927475}, "chords_scale": "minor", "hpcp_entropy": {"dmean2": 1.06204855442, "median": 1.60952472687, "min": 0, "dvar2": 0.748126804829, "dvar": 0.289468735456, "dmean": 0.620856225491, "max": 4.05184173584, "var": 0.5560105443, "mean": 1.55266022682}}, "metadata": {"audio_properties": {"equal_loudness": 0, "codec": "vorbis", "downmix": "mix", "sample_rate": 44100, "analysis_sample_rate": 44100, "bit_rate": 365000, "md5_encoded": "c1dd1d220ef20d527546270a2e891123", "length": 179.871932983, "replay_gain": -11.1020336151, "lossless": false}, "version": {"essentia_build_sha": "cead25079874084f62182a551b7393616cd33d87", "essentia": "2.1-beta2", "extractor": "music 1.0", "essentia_git_sha": "v2.1_beta2-1-ge3940c0"}, "tags": {"title": ["September in the Rain"], "barcode": ["7044961010015"], "media": ["CD"], "albumartist": ["Various Artists"], "albumartistsort": ["Various Artists"], "tracktotal": ["25"], "language": ["eng"], "performer": ["Mikkel Flagstad (tenor saxophone)", "Frank Cook (bass)", "Kenneth Greenberg (drums)", "Tor Braun (guitar)", "Rowland Greenberg (vocals)", "Rowland Greenberg (trumpet)"], "releasetype": ["album", "compilation"], "musicbrainz_recordingid": ["0f417b70-ac63-4c14-ab9b-22878cf26e03"], "composer": ["Harry Warren"], "musicbrainz_releasegroupid": ["2ab607b4-0929-4ba7-a684-634c46cc4081"], "musicbrainz_albumartistid": ["89ad4ac3-39f7-470e-963a-56509c546377"], "originalyear": ["2001"], "lyricist": ["Al Dubin"], "musicbrainz_releasetrackid": ["b935658b-1730-3fda-8e4e-deb2dffea42e"], "discnumber": ["2"], "composersort": ["Warren, Harry"], "catalognumber": ["GMOJCD 9501/02"], "releasecountry": ["NO"], "compilation": ["1"], "originaldate": ["2001"], "work": ["September in the Rain"], "date": ["2001"], "file_name": "2-15 Mikkel Flagstad - September in the Rain.ogg", "musicbrainz_albumid": ["de154a11-9c08-436f-aca4-7308e19eca64"], "disctotal": ["2"], "discsubtitle": ["Kristian Bergheim / Mikkel Flagstad"], "releasestatus": ["official"], "musicbrainz_artistid": ["42de5872-2172-4593-b94c-93e2ee53fb3e"], "asin": ["B0000AZKEF"], "musicbrainz_workid": ["9b7ce169-00d4-3864-a6ec-08aa3f77a5e7"], "artist": ["Mikkel Flagstad"], "tracknumber": ["15"], "artistsort": ["Flagstad, Mikkel"], "album": ["Portrait of a Norwegian Jazz Artist"], "label": ["Gemini Records"], "totaltracks": ["25"], "totaldiscs": ["2"], "script": ["Latn"], "acoustid_id": ["ae720e3c-27f5-4942-8db6-a56e28e1505c"]}}, "rhythm": {"bpm_histogram_first_peak_bpm": {"dmean2": 0, "median": 185, "min": 185, "dvar2": 0, "dvar": 0, "dmean": 0, "max": 185, "var": 0, "mean": 185}, "bpm": 184.570831299, "bpm_histogram_second_peak_spread": {"dmean2": 0, "median": 0, "min": 0, "dvar2": 0, "dvar": 0, "dmean": 0, "max": 0, "var": 0, "mean": 0}, "bpm_histogram_first_peak_weight": {"dmean2": 0, "median": 0.502782940865, "min": 0.502782940865, "dvar2": 0, "dvar": 0, "dmean": 0, "max": 0.502782940865, "var": 0, "mean": 0.502782940865}, "onset_rate": 4.38613557816, "beats_position": [0.383129239082, 0.684988677502, 0.99845802784, 1.3235373497, 1.66022670269, 1.99691605568, 2.32199549675, 2.6470746994, 2.94893407822, 3.26240348816, 3.5758728981, 3.87773227692, 4.20281171799, 4.52789115906, 4.85297060013, 5.17804956436, 5.50312900543, 5.83981847763, 6.17650794983, 6.51319694519, 6.86149644852, 7.19818592072, 7.5464849472, 7.8831744194, 8.24308395386, 8.57977294922, 8.91646194458, 9.24154186249, 9.57823085785, 9.91492080688, 10.2399997711, 10.5766887665, 10.9133787155, 11.261677742, 11.5867567062, 11.9234466553, 12.2601356506, 12.5968255997, 12.933514595, 13.2702035904, 13.6068935394, 13.9435825348, 14.2802715302, 14.6169614792, 14.9536504745, 15.2903394699, 15.6270294189, 15.9521083832, 16.3004074097, 16.637096405, 16.9737873077, 17.3220863342, 17.6587753296, 17.995464325, 18.3321533203, 18.6688423157, 19.0055332184, 19.3422222137, 19.667301178, 20.0039901733, 20.3406791687, 20.6657600403, 21.0024490356, 21.339138031, 21.6642169952, 22.0009059906, 22.3375968933, 22.6626758575, 23.010974884, 23.3360538483, 23.6611328125, 23.9862117767, 24.3229026794, 24.6595916748, 24.984670639, 25.3097496033, 25.6580486298, 25.9831295013, 26.3198184967, 26.6565074921, 27.0048065186, 27.3298854828, 27.6549663544, 27.9800453186, 28.316734314, 28.6534233093, 28.9901123047, 29.3268013, 29.6634922028, 30.0001811981, 30.3252601624, 30.6503391266, 30.9754180908, 31.3004989624, 31.6371879578, 31.9738769531, 32.2989578247, 32.6240348816, 32.9491157532, 33.2858047485, 33.6224937439, 33.9475746155, 34.2842636108, 34.6209526062, 34.9460296631, 35.2711105347, 35.5961914062, 35.9212684631, 36.2463493347, 36.5830383301, 36.908115387, 37.244808197, 37.5814971924, 37.9065742493, 38.2316551208, 38.5683441162, 38.8934249878, 39.2301139832, 39.5668029785, 39.8918800354, 40.2401809692, 40.5652618408, 40.8903388977, 41.2154197693, 41.5521087646, 41.88879776, 42.2254867554, 42.5621757507, 42.8872566223, 43.2239456177, 43.560634613, 43.8857116699, 44.22240448, 44.5590934753, 44.8841705322, 45.2092514038, 45.5343284607, 45.8710212708, 46.2077102661, 46.532787323, 46.8810882568, 47.229385376, 47.5544662476, 47.8911552429, 48.2278442383, 48.5529251099, 48.8780021667, 49.2263031006, 49.5629920959, 49.9112930298, 50.2479820251, 50.573059082, 50.9097480774, 51.2464370728, 51.5715179443, 51.9082069397, 52.2448959351, 52.5699768066, 52.8950538635, 53.2317466736, 53.5684356689, 53.9051246643, 54.2418136597, 54.5668907166, 54.8919715881, 55.2170524597, 55.5537414551, 55.878818512, 56.2155075073, 56.5522003174, 56.8888893127, 57.2255783081, 57.5738754272, 57.9105644226, 58.2588653564, 58.583946228, 58.9090232849, 59.2573242188, 59.5824012756, 59.9074821472, 60.2325630188, 60.5808601379, 60.9059410095, 61.2310180664, 61.556098938, 61.8811798096, 62.2294769287, 62.5545578003, 62.9028549194, 63.227935791, 63.5646247864, 63.9013137817, 64.2496109009, 64.5746917725, 64.899772644, 65.2248535156, 65.5731506348, 65.9214477539, 66.2465286255, 66.5716094971, 66.8966903687, 67.2217712402, 67.5584564209, 67.895149231, 68.2202224731, 68.5453033447, 68.8819961548, 69.2186813354, 69.543762207, 69.8804550171, 70.2171401978, 70.5654373169, 70.902130127, 71.238822937, 71.5755081177, 71.9005889893, 72.2372741699, 72.57396698, 72.91065979, 73.2357330322, 73.5724258423, 73.8975067139, 74.2341918945, 74.5592727661, 74.8843536377, 75.2326507568, 75.5693435669, 75.9060287476, 76.2427215576, 76.5794067383, 76.9160995483, 77.252784729, 77.5778656006, 77.9029464722, 78.2280273438, 78.5763244629, 78.9014053345, 79.2380905151, 79.5631713867, 79.8998641968, 80.2249450684, 80.5500183105, 80.8750991821, 81.2233963013, 81.5717010498, 81.9083862305, 82.2450790405, 82.5817642212, 82.9184570312, 83.2551422119, 83.591835022, 83.9169158936, 84.2419967651, 84.5786819458, 84.9153747559, 85.2404556274, 85.5655288696, 85.8906097412, 86.2156906128, 86.5523757935, 86.8890686035, 87.2141494751, 87.5392303467, 87.8759155273, 88.2126083374, 88.5492935181, 88.8859863281, 89.2110671997, 89.5361404419, 89.872833252, 90.2095184326, 90.5345993042, 90.8596801758, 91.1847610474, 91.5098419189, 91.8465270996, 92.1832199097, 92.5315170288, 92.8682098389, 93.2048950195, 93.5299758911, 93.8666687012, 94.1917419434, 94.5284347534, 94.8651199341, 95.1785888672, 95.5152816772, 95.8519744873, 96.1770477295, 96.5137405396, 96.8504257202, 97.1755065918, 97.5121994019, 97.8488845825, 98.1739654541, 98.4990463257, 98.8357315063, 99.1724243164, 99.497505188, 99.8225860596, 100.15927124, 100.484352112, 100.821044922, 101.157730103, 101.482810974, 101.819496155, 102.144577026, 102.469657898, 102.79473877, 103.119819641, 103.444892883, 103.769973755, 104.095054626, 104.431747437, 104.756820679, 105.08190155, 105.41859436, 105.743675232, 106.068748474, 106.393829346, 106.730522156, 107.067207336, 107.403900146, 107.728981018, 108.05405426, 108.367523193, 108.704216003, 109.040908813, 109.377593994, 109.714286804, 110.039360046, 110.364440918, 110.68952179, 111.014602661, 111.339683533, 111.664756775, 111.989837646, 112.326530457, 112.663215637, 112.988296509, 113.31337738, 113.650062561, 113.986755371, 114.311836243, 114.625305176, 114.950386047, 115.27545929, 115.6121521, 115.937232971, 116.262313843, 116.587387085, 116.912467957, 117.237548828, 117.5626297, 117.887710571, 118.212783813, 118.549476624, 118.886169434, 119.222854614, 119.536323547, 119.861404419, 120.186485291, 120.511566162, 120.848251343, 121.184944153, 121.510017395, 121.835098267, 122.160179138, 122.48526001, 122.810340881, 123.147026062, 123.483718872, 123.808792114, 124.157096863, 124.482177734, 124.807250977, 125.132331848, 125.45741272, 125.782493591, 126.107574463, 126.455871582, 126.780952454, 127.117637634, 127.454330444, 127.779411316, 128.104492188, 128.42956543, 128.754638672, 129.079727173, 129.404800415, 129.741500854, 130.078186035, 130.403259277, 130.728347778, 131.053421021, 131.378494263, 131.703582764, 132.028656006, 132.353744507, 132.678817749, 133.003890991, 133.328979492, 133.654052734, 133.990753174, 134.327438354, 134.652511597, 135.000808716, 135.325897217, 135.650970459, 135.97605896, 136.301132202, 136.626205444, 136.962905884, 137.299591064, 137.613052368, 137.926528931, 138.251602173, 138.576690674, 138.901763916, 139.226852417, 139.551925659, 139.876998901, 140.213699341, 140.527160645, 140.852249146, 141.177322388, 141.50239563, 141.827484131, 142.164169312, 142.500854492, 142.825942993, 143.162628174, 143.487701416, 143.824401855, 144.149475098, 144.47454834, 144.799636841, 145.124710083, 145.449798584, 145.774871826, 146.099945068, 146.425033569, 146.750106812, 147.075195312, 147.411880493, 147.748565674, 148.073654175, 148.410339355, 148.747024536, 149.072113037, 149.397186279, 149.722259521, 150.047348022, 150.372421265, 150.697509766, 151.022583008, 151.34765625, 151.672744751, 151.997817993, 152.322906494, 152.647979736, 152.984664917, 153.298141479, 153.623214722, 153.971511841, 154.30821228, 154.621673584, 154.946762085, 155.271835327, 155.608520508, 155.92199707, 156.247070312, 156.572158813, 156.908843994, 157.245529175, 157.570602417, 157.895690918, 158.22076416, 158.534240723, 158.859313965, 159.195999146, 159.509475708, 159.822952271, 160.148025513, 160.473098755, 160.809799194, 161.146484375, 161.471557617, 161.796646118, 162.12171936, 162.446792603, 162.771881104, 163.096954346, 163.422042847, 163.758728027, 164.095413208, 164.420501709, 164.745574951, 165.070648193, 165.395736694, 165.744033813, 166.069107056, 166.394195557, 166.719268799, 167.0443573, 167.369430542, 167.694503784, 168.019592285, 168.356277466, 168.681350708, 169.006439209, 169.331512451, 169.668212891, 169.993286133, 170.318359375, 170.643447876, 170.968521118, 171.293609619, 171.618682861, 171.955368042, 172.292053223, 172.617141724, 172.953826904, 173.278915405, 173.592376709, 173.917449951, 174.254150391, 174.590835571, 174.915908813, 175.252609253, 175.600906372, 175.949203491, 176.29750061, 176.645797729, 177.098587036, 177.551376343, 178.004165649, 178.445343018, 178.898132324, 179.350921631], "beats_loudness": {"dmean2": 0.0353659763932, "median": 0.0488854497671, "min": 0, "dvar2": 0.000811113335658, "dvar": 0.000311356881866, "dmean": 0.0205136276782, "max": 0.127670764923, "var": 0.000606686400715, "mean": 0.0500647611916}, "danceability": 1.30094468594, "bpm_histogram_second_peak_weight": {"dmean2": 0, "median": 0.378478676081, "min": 0.378478676081, "dvar2": 0, "dvar": 0, "dmean": 0, "max": 0.378478676081, "var": 0, "mean": 0.378478676081}, "beats_count": 540, "bpm_histogram_second_peak_bpm": {"dmean2": 0, "median": 178, "min": 178, "dvar2": 0, "dvar": 0, "dmean": 0, "max": 178, "var": 0, "mean": 178}, "bpm_histogram_first_peak_spread": {"dmean2": 0, "median": 0, "min": 0, "dvar2": 0, "dvar": 0, "dmean": 0, "max": 0, "var": 0, "mean": 0}, "beats_loudness_band_ratio": {"dmean2": [0.332632601261, 0.337876021862, 0.229470461607, 0.0811560377479, 0.0104343052953, 0.000826611299999], "median": [0.626447081566, 0.340995341539, 0.0716498494148, 0.0277835335582, 0.00332137523219, 0.000220442321734], "min": [0, 0, 0, 0, 0, 0], "dvar2": [0.0696651414037, 0.0573770739138, 0.0674081891775, 0.00773420836776, 0.000226938253036, 2.52605286732e-06], "dvar": [0.0255113504827, 0.02246122621, 0.024407306686, 0.00278762239031, 8.19671768113e-05, 9.1816366421e-07], "dmean": [0.201050773263, 0.196195036173, 0.129092216492, 0.0466671735048, 0.00598598830402, 0.000458994938526], "max": [0.989520132542, 0.849190354347, 0.851153314114, 0.299067348242, 0.0778346210718, 0.0125870509073], "var": [0.0457966253161, 0.0373422279954, 0.0233571603894, 0.00341492611915, 9.10860908334e-05, 1.4750827404e-06], "mean": [0.599292576313, 0.366883993149, 0.131723642349, 0.0505160354078, 0.00652840966359, 0.000526891206391]}}, "lowlevel": {"barkbands_spread": {"dmean2": 2.75985527039, "median": 4.3508181572, "min": 0.17510150373, "dvar2": 9.14071178436, "dvar": 4.15071153641, "dmean": 1.80794477463, "max": 37.8456001282, "var": 25.0139942169, "mean": 5.77719259262}, "melbands_spread": {"dmean2": 4.40381336212, "median": 5.77948284149, "min": 0.214486777782, "dvar2": 39.471786499, "dvar": 17.8747501373, "dmean": 2.88969922066, "max": 157.264877319, "var": 368.503143311, "mean": 10.1342668533}, "hfc": {"dmean2": 4.5450334549, "median": 9.21876335144, "min": 1.06449039231e-16, "dvar2": 25.6359081268, "dvar": 14.6313047409, "dmean": 3.14413499832, "max": 51.7362442017, "var": 65.2154541016, "mean": 10.3248767853}, "barkbands_kurtosis": {"dmean2": 8.87375068665, "median": 4.06738471985, "min": -1.56483948231, "dvar2": 243.690597534, "dvar": 103.608154297, "dmean": 5.61442518234, "max": 318.491790771, "var": 245.845947266, "mean": 8.95920658112}, "gfcc": {"mean": [-161.928955078, 200.04699707, -105.461196899, -14.5876550674, -23.7368431091, -19.8453369141, -30.1435680389, -9.72424983978, -29.1931762695, -17.1682910919, -11.1419839859, -18.3267173767, -15.0210571289], "icov": [[0.000700401607901, -0.00239108642563, 0.00144757761154, -0.000737234717235, 0.000890082330443, 0.000239518267335, -0.000492507359013, 0.000633862684481, 0.000108319916762, -0.00069233472459, 0.00219015963376, -0.000612939009443, 0.0010690218769], [-0.00239108642563, 0.00971892662346, -0.00447900593281, 0.00316499732435, -0.00305629894137, -0.00112371263094, 0.00273780757561, -0.0014279843308, -0.000293655786663, 0.00518879340962, -0.0104899583384, 0.00558149209246, -0.00417390977964], [0.00144757761154, -0.00447900593281, 0.00518329814076, -0.00229133176617, 0.00243986141868, -0.000625845277682, -0.000969905464444, 0.00218767276965, -0.00490973098204, 0.00516295200214, -0.00220594066195, 0.00338844512589, -0.000681263220031], [-0.000737234717235, 0.00316499732435, -0.00229133176617, 0.00527470791712, -0.0036784959957, -2.87023212877e-05, 0.00154797080904, -0.00106305396184, 0.00173254602123, 0.000265582202701, -0.000570946780499, -0.000634979107417, 0.00157058576588], [0.000890082330443, -0.00305629894137, 0.00243986141868, -0.0036784959957, 0.0127362925559, -0.00569667574018, -0.00252598943189, 0.00641541043296, -0.00585827417672, 0.00730267865583, -0.00705220550299, 0.00754810590297, -0.00285238167271], [0.000239518267335, -0.00112371263094, -0.000625845277682, -2.87023212877e-05, -0.00569667574018, 0.0127644632012, -0.00316341361031, -0.000795650004875, 0.00426918873563, -0.00973416492343, 0.0132321342826, -0.0124658467248, 0.00592209259048], [-0.000492507359013, 0.00273780757561, -0.000969905464444, 0.00154797080904, -0.00252598943189, -0.00316341361031, 0.0144779877737, -0.00260067917407, 8.90740047907e-05, -0.00127253425308, 0.000756751862355, 0.00214362191036, -0.00249443785287], [0.000633862684481, -0.0014279843308, 0.00218767276965, -0.00106305396184, 0.00641541043296, -0.000795650004875, -0.00260067917407, 0.0180325321853, -0.0127203203738, 0.00732405483723, -0.00939336325973, 0.00800992082804, -0.00113902869634], [0.000108319916762, -0.000293655786663, -0.00490973098204, 0.00173254602123, -0.00585827417672, 0.00426918873563, 8.90740047907e-05, -0.0127203203738, 0.0390491932631, -0.0307166725397, 0.0228678397834, -0.00897969864309, 0.0066701755859], [-0.00069233472459, 0.00518879340962, 0.00516295200214, 0.000265582202701, 0.00730267865583, -0.00973416492343, -0.00127253425308, 0.00732405483723, -0.0307166725397, 0.0525005199015, -0.0337406992912, 0.0124601665884, -0.00537050282583], [0.00219015963376, -0.0104899583384, -0.00220594066195, -0.000570946780499, -0.00705220550299, 0.0132321342826, 0.000756751862355, -0.00939336325973, 0.0228678397834, -0.0337406992912, 0.061044793576, -0.0409305095673, 0.0172880217433], [-0.000612939009443, 0.00558149209246, 0.00338844512589, -0.000634979107417, 0.00754810590297, -0.0124658467248, 0.00214362191036, 0.00800992082804, -0.00897969864309, 0.0124601665884, -0.0409305095673, 0.0563285686076, -0.0280322227627], [0.0010690218769, -0.00417390977964, -0.000681263220031, 0.00157058576588, -0.00285238167271, 0.00592209259048, -0.00249443785287, -0.00113902869634, 0.0066701755859, -0.00537050282583, 0.0172880217433, -0.0280322227627, 0.035591263324]], "cov": [[25397.0996094, 4619.6171875, -3398.50805664, -741.318481445, -442.668792725, -451.636657715, -412.205474854, -448.576812744, -659.622741699, -319.833068848, -385.560455322, -424.67855835, -328.825714111], [4619.6171875, 1376.41943359, -101.688262939, -143.605926514, -10.2813158035, -178.601806641, -152.511810303, -76.0947189331, -160.785736084, -159.762237549, 1.37944996357, -112.585945129, -40.4959983826], [-3398.50805664, -101.688262939, 1278.26196289, 229.154251099, 138.106735229, -43.1738929749, -11.40346241, 63.7873001099, 72.5454940796, -94.9482116699, 76.8600082397, -33.3214225769, 32.5009422302], [-741.318481445, -143.605926514, 229.154251099, 357.822479248, 127.42754364, 50.599067688, 5.98905467987, -18.8975334167, 4.81233930588, -24.3729534149, -4.59423208237, -12.3836307526, -16.4721488953], [-442.668792725, -10.2813158035, 138.106735229, 127.42754364, 200.121612549, 81.1793289185, 26.262802124, -46.7424545288, -2.3916451931, -23.8638420105, 0.269600600004, -7.31693696976, 2.93957328796], [-451.636657715, -178.601806641, -43.1738929749, 50.599067688, 81.1793289185, 189.606826782, 61.7445983887, -23.7879428864, 24.6800308228, 39.223690033, -19.6741428375, 30.4987411499, 2.9549973011], [-412.205474854, -152.511810303, -11.40346241, 5.98905467987, 26.262802124, 61.7445983887, 105.683197021, 12.8102712631, 29.2572288513, 25.100063324, -16.4766483307, 4.61389827728, 3.60235404968], [-448.576812744, -76.0947189331, 63.7873001099, -18.8975334167, -46.7424545288, -23.7879428864, 12.8102712631, 109.458351135, 49.1775131226, 18.6642665863, 8.92040348053, -9.88520240784, -7.30141830444], [-659.622741699, -160.785736084, 72.5454940796, 4.81233930588, -2.3916451931, 24.6800308228, 29.2572288513, 49.1775131226, 89.2694625854, 46.0916213989, -7.60306072235, -2.74590563774, -6.78576087952], [-319.833068848, -159.762237549, -94.9482116699, -24.3729534149, -23.8638420105, 39.223690033, 25.100063324, 18.6642665863, 46.0916213989, 80.6520843506, 18.5864925385, 30.2515525818, 2.37649917603], [-385.560455322, 1.37944996357, 76.8600082397, -4.59423208237, 0.269600600004, -19.6741428375, -16.4766483307, 8.92040348053, -7.60306072235, 18.5864925385, 78.3177947998, 47.041885376, 19.0808315277], [-424.67855835, -112.585945129, -33.3214225769, -12.3836307526, -7.31693696976, 30.4987411499, 4.61389827728, -9.88520240784, -2.74590563774, 30.2515525818, 47.041885376, 82.6262130737, 41.1138916016], [-328.825714111, -40.4959983826, 32.5009422302, -16.4721488953, 2.93957328796, 2.9549973011, 3.60235404968, -7.30141830444, -6.78576087952, 2.37649917603, 19.0808315277, 41.1138916016, 59.0799827576]]}, "spectral_energyband_middle_low": {"dmean2": 0.0149827376008, "median": 0.0190825480968, "min": 1.14777949045e-22, "dvar2": 0.000388966931496, "dvar": 0.000171816951479, "dmean": 0.0100244516507, "max": 0.139130055904, "var": 0.000495392538141, "mean": 0.0252123791724}, "melbands_crest": {"dmean2": 5.58926439285, "median": 16.8449325562, "min": 1.61132860184, "dvar2": 26.2401542664, "dvar": 10.6916513443, "dmean": 3.50215744972, "max": 39.7713241577, "var": 39.9137001038, "mean": 17.3739204407}, "spectral_kurtosis": {"dmean2": 28.4601573944, "median": 37.7809143066, "min": -1.258228302, "dvar2": 557.367431641, "dvar": 211.14263916, "dmean": 16.8150787354, "max": 166.549728394, "var": 694.971191406, "mean": 42.565952301}, "spectral_rms": {"dmean2": 0.0013989607105, "median": 0.00499157747254, "min": 3.12047002821e-12, "dvar2": 2.32272122958e-06, "dvar": 1.1444494703e-06, "dmean": 0.000973730348051, "max": 0.011874223128, "var": 5.27682959728e-06, "mean": 0.00496789021417}, "zerocrossingrate": {"dmean2": 0.00428793625906, "median": 0.01806640625, "min": 0, "dvar2": 9.63293350651e-05, "dvar": 5.83290093346e-05, "dmean": 0.00359123386443, "max": 0.541015625, "var": 0.0050597419031, "mean": 0.0298016052693}, "silence_rate_60dB": {"dmean2": 0.0526723451912, "median": 0, "min": 0, "dvar2": 0.0602284111083, "dvar": 0.0256368909031, "dmean": 0.0263327732682, "max": 1, "var": 0.0707941651344, "mean": 0.0766649469733}, "erbbands_kurtosis": {"dmean2": 3.79052639008, "median": 0.655999064445, "min": -1.65127873421, "dvar2": 41.9850158691, "dvar": 18.8974304199, "dmean": 2.43707489967, "max": 87.9306793213, "var": 56.4575042725, "mean": 3.26172232628}, "erbbands": {"dmean2": [0.00429956614971, 0.227030038834, 2.28006696701, 12.1609458923, 36.3002853394, 19.725320816, 14.1735105515, 12.5874757767, 13.4819259644, 16.6251296997, 35.0034370422, 35.6087760925, 15.049574852, 11.697675705, 15.6706523895, 16.7002010345, 11.1823348999, 8.65316200256, 3.65326905251, 2.23424339294, 1.52795469761, 0.997255921364, 0.811045825481, 0.58057063818, 0.329634964466, 0.113850302994, 0.0465056709945, 0.0234569292516, 0.0104216458276, 0.00406462885439, 0.00198338925838, 0.00121071899775, 0.000779682828579, 0.000478353525978, 0.000274928519502, 0.000151406915393, 6.32503215456e-05, 2.06433742278e-05, 9.7586425909e-06, 1.78706159204e-05], "median": [0.00311841955408, 0.124120920897, 1.35651946068, 5.12094831467, 17.0305366516, 10.284444809, 7.57104969025, 5.9692029953, 5.13403701782, 5.69352293015, 6.0311999321, 5.72964572906, 4.63189029694, 3.53444814682, 4.5054769516, 6.00820541382, 4.37050294876, 2.52831149101, 1.65248656273, 1.24904298782, 0.743643045425, 0.553097486496, 0.407197743654, 0.269994974136, 0.149836450815, 0.0541296601295, 0.0126466546208, 0.00385596742854, 0.00185660040006, 0.00121658109128, 0.000913183903322, 0.00069776608143, 0.000529827666469, 0.000392259971704, 0.000268888601568, 0.000158352573635, 6.95454000379e-05, 2.05251944863e-05, 1.63219956448e-05, 2.8656781069e-05], "min": [5.7568721213e-23, 6.51251806966e-22, 1.50512166654e-21, 3.89443377466e-21, 1.63140437817e-20, 2.50074244451e-20, 4.42452221124e-20, 7.11229342342e-20, 1.41450107794e-19, 1.3382634598e-19, 1.83097242845e-19, 3.11992080184e-19, 4.48072467484e-19, 6.9596298743e-19, 7.93632493353e-19, 1.01612831e-18, 1.87605079915e-18, 2.10902456431e-18, 2.29435500094e-18, 2.74871186973e-18, 3.93175157886e-18, 4.24382779883e-18, 4.6683790754e-18, 5.85564877939e-18, 7.46352245407e-18, 7.54256866059e-18, 9.92707145905e-18, 1.06531226243e-17, 1.01608575156e-17, 1.09889529899e-17, 1.14419212292e-17, 9.6593412189e-18, 8.49787375976e-18, 7.40391251041e-18, 5.95483228433e-18, 3.70210597489e-18, 2.21751591909e-18, 9.04752369627e-19, 2.52178624241e-19, 2.64011850032e-20], "dvar2": [5.0402519264e-05, 0.157017424703, 17.0106220245, 484.559570312, 3431.52197266, 1093.63549805, 538.908813477, 541.707275391, 772.278381348, 1580.0880127, 7645.68505859, 7746.85449219, 1866.62927246, 1332.65551758, 1542.22045898, 1402.21936035, 684.88079834, 439.838684082, 53.548210144, 18.2028751373, 12.2084360123, 3.2035472393, 2.11110305786, 1.12285387516, 0.392689615488, 0.0424230098724, 0.0101421847939, 0.00341711309738, 0.000726988306269, 0.00011737398745, 3.98836600652e-05, 3.0392615372e-05, 1.92563420569e-05, 3.65587106899e-06, 5.21314689195e-07, 1.51578504415e-07, 3.24451399081e-08, 4.32374624992e-09, 2.13496775814e-10, 5.09053577069e-10], "dvar": [2.21819991566e-05, 0.0769765973091, 7.37200593948, 215.443008423, 1397.41784668, 445.698394775, 211.528152466, 235.033874512, 393.168304443, 1057.48693848, 5039.70996094, 5674.24316406, 887.81652832, 582.418395996, 855.449035645, 731.183410645, 387.098114014, 253.234542847, 28.3240261078, 9.20227527618, 6.98939466476, 1.56625747681, 1.00815081596, 0.52125865221, 0.201031342149, 0.0215079411864, 0.00531173823401, 0.00178916018922, 0.000361497368431, 5.01375106978e-05, 1.46200363815e-05, 1.03974307422e-05, 6.51291566101e-06, 1.24395262446e-06, 1.79268113243e-07, 5.26489429831e-08, 1.11739559827e-08, 1.47331258304e-09, 8.42948003066e-11, 2.2962544366e-10], "dmean": [0.00288351741619, 0.153798863292, 1.51241004467, 8.03737258911, 23.6401042938, 13.0240049362, 8.8575296402, 7.99922180176, 8.8031578064, 11.640961647, 25.107843399, 26.4216384888, 9.89796257019, 7.73253679276, 10.7936201096, 11.5206336975, 7.71176528931, 5.93393421173, 2.46032238007, 1.46508836746, 1.03052914143, 0.663941025734, 0.545785486698, 0.388650178909, 0.223312571645, 0.0775537118316, 0.032024115324, 0.0160428900272, 0.00701936194673, 0.00263564172201, 0.00122519768775, 0.00072028953582, 0.000453530490631, 0.000280788517557, 0.00016481881903, 9.20290331123e-05, 3.87047293771e-05, 1.25566211864e-05, 6.46145599603e-06, 1.20997283375e-05], "max": [0.0768578797579, 4.573158741, 36.6454734802, 221.259246826, 442.429321289, 372.132110596, 185.302459717, 315.131774902, 683.635925293, 1243.34057617, 1557.49804688, 1380.36853027, 1033.65856934, 886.309631348, 987.859191895, 720.299133301, 602.112792969, 563.784973145, 110.894882202, 136.82963562, 83.7607803345, 24.9928073883, 20.485584259, 16.2113838196, 11.9346036911, 3.06191968918, 1.71209609509, 1.17576348782, 0.479093432426, 0.191356226802, 0.121097117662, 0.134910807014, 0.119533225894, 0.0427440404892, 0.0110749946907, 0.00522573385388, 0.00331099145114, 0.00134811922908, 0.000193795349333, 0.000157768954523], "var": [4.47173333669e-05, 0.183242425323, 14.3360757828, 645.598144531, 2792.86669922, 892.860595703, 395.445251465, 707.269958496, 1428.97583008, 3665.95288086, 19258.3691406, 23290.3652344, 2686.54956055, 1266.73278809, 2451.375, 2025.99511719, 1182.06970215, 866.504699707, 87.4575805664, 29.9505672455, 20.2805252075, 4.04521179199, 2.40500569344, 1.16472899914, 0.473395496607, 0.051785171032, 0.0138597935438, 0.00471027102321, 0.000904281681869, 9.68686581473e-05, 1.57703361765e-05, 6.9037355388e-06, 3.7863048874e-06, 8.0879806319e-07, 1.61393913345e-07, 4.91698060046e-08, 9.8236476731e-09, 1.19149412559e-09, 1.92968224733e-10, 7.03382130318e-10], "mean": [0.00544496439397, 0.27241563797, 2.70333313942, 15.7870769501, 39.1245193481, 22.0060539246, 15.1953878403, 15.3739128113, 16.3543281555, 23.0311832428, 55.592124939, 58.4019813538, 19.620973587, 14.1067581177, 20.9939861298, 21.7652111053, 15.083943367, 11.7130632401, 4.92162275314, 2.86774134636, 1.91812980175, 1.2372033596, 0.957326292992, 0.659258008003, 0.38501226902, 0.138587400317, 0.0564011707902, 0.027214679867, 0.0117354597896, 0.00455328868702, 0.00215090531856, 0.00127468677238, 0.000822395610157, 0.000553963356651, 0.000357065844582, 0.000202584124054, 8.63088134793e-05, 2.64449572569e-05, 1.85464450624e-05, 3.42065031873e-05]}, "spectral_strongpeak": {"dmean2": 0.794362723827, "median": 0.916658759117, "min": 0, "dvar2": 0.944273710251, "dvar": 0.490788578987, "dmean": 0.506500065327, "max": 7.0386557579, "var": 1.3740067482, "mean": 1.23406004906}, "spectral_energy": {"dmean2": 0.0162253268063, "median": 0.0255387425423, "min": 9.98076611783e-21, "dvar2": 0.000427147431765, "dvar": 0.000192092513316, "dmean": 0.0109825795516, "max": 0.144522100687, "var": 0.000579623447265, "mean": 0.0307057052851}, "average_loudness": 0.923085808754, "spectral_rolloff": {"dmean2": 250.641189575, "median": 495.263671875, "min": 21.533203125, "dvar2": 266232.84375, "dvar": 134286.1875, "dmean": 149.414154053, "max": 19573.6816406, "var": 7145335.5, "mean": 944.860351562}, "spectral_centroid": {"dmean2": 137.863937378, "median": 383.517944336, "min": 156.504272461, "dvar2": 84668.2421875, "dvar": 39810.234375, "dmean": 94.3236083984, "max": 11743.9882812, "var": 2437579.25, "mean": 662.126220703}, "pitch_salience": {"dmean2": 0.127479046583, "median": 0.476036906242, "min": 0.0166747458279, "dvar2": 0.0135762682185, "dvar": 0.00524903275073, "dmean": 0.0786994919181, "max": 0.865648031235, "var": 0.0169976316392, "mean": 0.477702140808}, "spectral_energyband_middle_high": {"dmean2": 0.0012179602636, "median": 0.00105127645656, "min": 1.21223470231e-21, "dvar2": 3.93760865336e-06, "dvar": 2.15180648411e-06, "dmean": 0.000856334751006, "max": 0.0269204434007, "var": 7.66701941757e-06, "mean": 0.00208004331216}, "spectral_contrast_coeffs": {"dmean2": [0.0919993370771, 0.0826911702752, 0.0703147277236, 0.0541784316301, 0.0311308335513, 0.0292934961617], "median": [-0.51031267643, -0.691375553608, -0.732904553413, -0.767505407333, -0.797701537609, -0.841964840889], "min": [-0.98310893774, -0.979731619358, -0.976910054684, -0.977188587189, -0.967383861542, -0.965499341488], "dvar2": [0.00608792295679, 0.00472223386168, 0.00352650531568, 0.00213223090395, 0.000666227424517, 0.000761615403462], "dvar": [0.00246662693098, 0.00219205953181, 0.00172108400147, 0.00116031512152, 0.000327474583173, 0.00037807849003], "dmean": [0.0571675226092, 0.053741723299, 0.0462443418801, 0.0372560098767, 0.0204995889217, 0.0187104865909], "max": [-0.252875328064, -0.344663619995, -0.431550174952, -0.526308596134, -0.634715080261, -0.692156493664], "var": [0.0120384236798, 0.011211367324, 0.0084697669372, 0.00663293665275, 0.00193501939066, 0.00187640101649], "mean": [-0.523768126965, -0.686728298664, -0.734724223614, -0.770271658897, -0.797421216965, -0.831383407116]}, "melbands_skewness": {"dmean2": 1.17794597149, "median": 2.0266752243, "min": -2.01095914841, "dvar2": 1.67583107948, "dvar": 0.759705305099, "dmean": 0.797181069851, "max": 26.3193130493, "var": 2.93663287163, "mean": 2.14643955231}, "spectral_spread": {"dmean2": 528332.5, "median": 1461806.75, "min": 528535.1875, "dvar2": 797373890560, "dvar": 354190458880, "dmean": 308882.125, "max": 42925472, "var": 32711024574500.0, "mean": 2349406.5}, "dissonance": {"dmean2": 0.0773434042931, "median": 0.39861831069, "min": 0.132815554738, "dvar2": 0.00433182995766, "dvar": 0.00158782000653, "dmean": 0.0458528287709, "max": 0.500000119209, "var": 0.00408750912175, "mean": 0.389946490526}, "spectral_skewness": {"dmean2": 1.79244291782, "median": 4.22592163086, "min": -0.0806593522429, "dvar2": 2.01759243011, "dvar": 0.760902583599, "dmean": 1.05948281288, "max": 10.5455513, "var": 3.05152535439, "mean": 4.41270399094}, "spectral_flux": {"dmean2": 0.0524417236447, "median": 0.0617166608572, "min": 6.35595118204e-11, "dvar2": 0.00287613389082, "dvar": 0.00120597984642, "dmean": 0.0326998829842, "max": 0.310316830873, "var": 0.0022145609837, "mean": 0.0726153403521}, "spectral_contrast_valleys": {"dmean2": [0.763706088066, 0.669941067696, 0.615400195122, 0.565556287766, 0.446185022593, 0.347507923841], "median": [-7.70625400543, -7.05120372772, -8.05506706238, -8.79721164703, -9.6432762146, -13.1587505341], "min": [-28.3634204865, -28.2145729065, -28.1345081329, -27.6060256958, -27.5008907318, -27.3920211792], "dvar2": [0.427765071392, 0.329460352659, 0.289895713329, 0.254193931818, 0.18399387598, 0.141423299909], "dvar": [0.187686935067, 0.157665863633, 0.142336085439, 0.125662013888, 0.0978545993567, 0.0638433173299], "dmean": [0.4811629951, 0.428401112556, 0.400333017111, 0.372723579407, 0.30215421319, 0.217251777649], "max": [-5.71390676498, -5.17969703674, -5.81981706619, -6.57381105423, -7.43835926056, -10.3423614502], "var": [8.72467803955, 9.2141418457, 8.3141784668, 7.72851371765, 6.99972820282, 4.41070652008], "mean": [-8.20357131958, -7.4817700386, -8.48735046387, -9.18504333496, -9.97785758972, -13.432847023]}, "erbbands_flatness_db": {"dmean2": 0.0272864531726, "median": 0.305182427168, "min": 0.0448378883302, "dvar2": 0.000657884695102, "dvar": 0.000316772318911, "dmean": 0.0185505449772, "max": 0.454165309668, "var": 0.00278003909625, "mean": 0.304442256689}, "spectral_energyband_high": {"dmean2": 1.98456973521e-06, "median": 6.84285907937e-07, "min": 7.03581653682e-21, "dvar2": 1.90281106843e-11, "dvar": 9.44377475526e-12, "dmean": 1.35301127102e-06, "max": 7.33698107069e-05, "var": 2.46700992967e-11, "mean": 2.47943557952e-06}, "spectral_entropy": {"dmean2": 0.364157527685, "median": 5.91974210739, "min": 4.09891605377, "dvar2": 0.110899969935, "dvar": 0.0513119958341, "dmean": 0.243133276701, "max": 9.82256317139, "var": 0.619079530239, "mean": 5.96622467041}, "silence_rate_20dB": {"dmean2": 0, "median": 1, "min": 1, "dvar2": 0, "dvar": 0, "dmean": 0, "max": 1, "var": 0, "mean": 1}, "melbands_flatness_db": {"dmean2": 0.0468003749847, "median": 0.420926451683, "min": 0.00230663409457, "dvar2": 0.00187430658843, "dvar": 0.000950732501224, "dmean": 0.0319352708757, "max": 0.659245312214, "var": 0.00948236137629, "mean": 0.413140058517}, "barkbands": {"dmean2": [1.21613402371e-06, 0.000664316932671, 0.0024594378192, 0.00677131861448, 0.00840881187469, 0.00172049878165, 0.00102740060538, 0.00111535820179, 0.0019005346112, 0.000409169821069, 0.000413461180869, 0.000450778316008, 0.000264080648776, 0.000141271710163, 6.03997796134e-05, 3.34226533596e-05, 2.01220263989e-05, 1.37979704959e-05, 9.3079133876e-06, 2.79559662886e-06, 8.08303809663e-07, 2.50787167033e-07, 7.65968763972e-08, 5.03108097405e-08, 3.8654000889e-08, 3.30699982953e-08, 2.03140455568e-08], "median": [3.50165464624e-07, 0.000294260622468, 0.00115739018656, 0.00192755041644, 0.00407941732556, 0.000838823267259, 0.000290528172627, 0.000176021829247, 0.0