{"tonal": {"thpcp": [1, 0.690569937229, 0.365482926369, 0.312152683735, 0.242194950581, 0.293997198343, 0.378117829561, 0.360696047544, 0.586199343204, 0.784569978714, 0.524239897728, 0.365369707346, 0.44089397788, 0.404001533985, 0.558605074883, 0.785370230675, 0.53975212574, 0.198588043451, 0.126552835107, 0.193686559796, 0.567336797714, 0.91570019722, 0.879904031754, 0.908148884773, 0.911141335964, 0.57227987051, 0.391389816999, 0.407386809587, 0.310722112656, 0.443182945251, 0.619954764843, 0.429251104593, 0.273271709681, 0.291277110577, 0.331198334694, 0.69072252512], "hpcp": {"dmean2": [0.179706931114, 0.155303046107, 0.13421176374, 0.131373330951, 0.153766185045, 0.229585781693, 0.270630419254, 0.228579193354, 0.160061404109, 0.126740142703, 0.113991819322, 0.125935733318, 0.145955204964, 0.154742673039, 0.195938616991, 0.216071605682, 0.185581535101, 0.147918581963, 0.155647426844, 0.178516551852, 0.195702165365, 0.214399024844, 0.18173879385, 0.0989984422922, 0.0728373005986, 0.105286158621, 0.216795518994, 0.278310894966, 0.292672067881, 0.275407344103, 0.237939104438, 0.207876950502, 0.157281398773, 0.13233666122, 0.13031154871, 0.159283354878], "median": [0.0315403752029, 0.0300147235394, 0.0180328879505, 0.0128283500671, 0.0240537505597, 0.0771833285689, 0.121559903026, 0.0836733877659, 0.0264794304967, 0.00962533894926, 0.0120373833925, 0.0192208793014, 0.0238896422088, 0.0321587137878, 0.0554983988404, 0.0554493591189, 0.0427150838077, 0.0302968211472, 0.0252659656107, 0.0320548564196, 0.0476771444082, 0.0565822198987, 0.0396536774933, 0.0149819906801, 0.00656302226707, 0.0128904143348, 0.0582160241902, 0.113895371556, 0.128166601062, 0.0966771095991, 0.0651826262474, 0.0444015935063, 0.0259507261217, 0.016342073679, 0.0224219951779, 0.028539089486], "min": [0, 0, 0, 0, 0, 0, 0, 0, 0, 0, 0, 0, 0, 0, 0, 0, 0, 0, 0, 0, 0, 0, 0, 0, 0, 0, 0, 0, 0, 0, 0, 0, 0, 0, 0, 0], "dvar2": [0.0801851078868, 0.0591387115419, 0.063725322485, 0.0654151812196, 0.065438374877, 0.0889195427299, 0.105051577091, 0.0864713191986, 0.0644859299064, 0.0633737146854, 0.0443096123636, 0.051182795316, 0.0602417066693, 0.0603632666171, 0.074052721262, 0.0899354889989, 0.0724895298481, 0.0553276725113, 0.0638931691647, 0.0801342427731, 0.0851376205683, 0.0936100780964, 0.0738557949662, 0.0316161252558, 0.0287403166294, 0.0414342842996, 0.0939978659153, 0.110347107053, 0.109803952277, 0.108618631959, 0.0989866182208, 0.0820641517639, 0.0612931773067, 0.0539108254015, 0.0465555824339, 0.0634042173624], "dvar": [0.034158654511, 0.0236740745604, 0.0236929077655, 0.0253447219729, 0.0242037624121, 0.0346378944814, 0.0453992187977, 0.034872636199, 0.0251266174018, 0.0253586601466, 0.016534358263, 0.0202410910279, 0.0245429519564, 0.0231115631759, 0.0284498203546, 0.0384378433228, 0.0286529883742, 0.0214618947357, 0.0269561503083, 0.0298933815211, 0.0325413793325, 0.0395072847605, 0.0299972463399, 0.0117480652407, 0.0102982437238, 0.0150590250269, 0.036546446383, 0.0462884940207, 0.0443714298308, 0.0448863320053, 0.042229745537, 0.0334552265704, 0.0238802246749, 0.0230934005231, 0.0181487426162, 0.0248655024916], "dmean": [0.10669708997, 0.0933458283544, 0.0770975500345, 0.0764662250876, 0.0888883545995, 0.138560220599, 0.163529753685, 0.138899028301, 0.0924145206809, 0.0736020281911, 0.0657104104757, 0.0738255158067, 0.0862571001053, 0.0907629281282, 0.115474499762, 0.127686306834, 0.110092073679, 0.0870277956128, 0.0925379022956, 0.103898979723, 0.117039874196, 0.127503111959, 0.109299041331, 0.0566988699138, 0.0406674742699, 0.0600853711367, 0.128425046802, 0.165101096034, 0.174927905202, 0.161955073476, 0.140732839704, 0.124206490815, 0.0925117135048, 0.0779758915305, 0.0764596164227, 0.094588957727], "max": [1, 1, 1, 1, 1, 1, 1, 1, 1, 1, 1, 1, 1, 1, 1, 1, 1, 1, 1, 1, 1, 1, 1, 1, 1, 1, 1, 1, 1, 1, 1, 1, 1, 1, 1, 1], "var": [0.0819765254855, 0.039750225842, 0.0239148847759, 0.0345548391342, 0.0300687048584, 0.0638674944639, 0.109619893134, 0.0615744143724, 0.033788613975, 0.0409510396421, 0.0201029386371, 0.0269779860973, 0.0394712649286, 0.0295438040048, 0.0529812611639, 0.0965543165803, 0.0489216297865, 0.0317758768797, 0.0512143708766, 0.0359698943794, 0.0543937236071, 0.0983610004187, 0.0560244619846, 0.0118990624323, 0.00933702196926, 0.0129524897784, 0.0531067214906, 0.0969108864665, 0.0805588811636, 0.101713553071, 0.11614356935, 0.0566804669797, 0.0383181758225, 0.0554694309831, 0.0247895177454, 0.0442123487592], "mean": [0.172497019172, 0.11943539232, 0.076035477221, 0.0810453221202, 0.092153057456, 0.192187532783, 0.278241306543, 0.192145079374, 0.101692445576, 0.0868537724018, 0.067388638854, 0.0818021669984, 0.105208002031, 0.100360542536, 0.163104876876, 0.218299776316, 0.145865187049, 0.101660944521, 0.122674919665, 0.11240991205, 0.155427008867, 0.218522444367, 0.150181338191, 0.0552553981543, 0.035212226212, 0.0538916029036, 0.157856523991, 0.254785627127, 0.244825646281, 0.252684533596, 0.253517150879, 0.159231901169, 0.108900815248, 0.113351836801, 0.0864557251334, 0.123311802745]}, "tuning_equal_tempered_deviation": 0.00831462722272, "chords_changes_rate": 0.0571301057935, "key_key": "G", "tuning_diatonic_strength": 0.613340556622, "key_scale": "major", "chords_number_rate": 0.00267797359265, "tuning_frequency": 452.631469727, "tuning_nontempered_energy_ratio": 0.742796301842, "chords_histogram": [26.4449901581, 4.17317581177, 16.0678424835, 0.267797380686, 1.94153094292, 1.22740459442, 11.2474889755, 0.803392112255, 13.8585138321, 1.78531575203, 6.18165588379, 0, 0.0446328930557, 0, 0, 0, 0.245480924845, 0, 0, 0, 0, 1.56215131283, 4.64182090759, 9.5068063736], "key_strength": 0.739302515984, "chords_key": "G", "chords_strength": {"dmean2": 0.0106800980866, "median": 0.610195815563, "min": -1, "dvar2": 0.000915921991691, "dvar": 0.000514952116646, "dmean": 0.0121108237654, "max": 0.88015717268, "var": 0.0475403778255, "mean": 0.586979210377}, "chords_scale": "major", "hpcp_entropy": {"dmean2": 1.1254825592, "median": 1.84651780128, "min": 0, "dvar2": 0.815745890141, "dvar": 0.285855740309, "dmean": 0.662446498871, "max": 4.36469316483, "var": 0.564771533012, "mean": 1.80330145359}}, "metadata": {"audio_properties": {"equal_loudness": 0, "codec": "vorbis", "downmix": "mix", "sample_rate": 44100, "analysis_sample_rate": 44100, "bit_rate": 359600, "md5_encoded": "bf132931692366f16888c18832b84356", "length": 208.017410278, "replay_gain": -7.72214508057, "lossless": false}, "version": {"essentia_build_sha": "cead25079874084f62182a551b7393616cd33d87", "essentia": "2.1-beta2", "extractor": "music 1.0", "essentia_git_sha": "v2.1_beta2-1-ge3940c0"}, "tags": {"title": ["Savoy Christmas Medley"], "barcode": ["743625517828"], "media": ["CD"], "albumartist": ["Various Artists"], "tracktotal": ["23"], "albumartistsort": ["Various Artists"], "performer": ["New Mayfair Orchestra (orchestra)"], "releasetype": ["album", "compilation"], "musicbrainz_recordingid": ["0f4b7471-6ec9-457e-bce8-21145a6e7011"], "musicbrainz_releasegroupid": ["5e302ce8-054a-4df9-bc45-131fa5795cbd"], "originalyear": ["1995"], "musicbrainz_releasetrackid": ["6b130d0d-390a-3222-aa64-199591fa2cf7"], "discnumber": ["1"], "totaldiscs": ["1"], "catalognumber": ["CD AJA 5178"], "releasecountry": ["GB"], "compilation": ["1"], "musicbrainz_albumartistid": ["89ad4ac3-39f7-470e-963a-56509c546377"], "producer": ["Peter Dempsey"], "date": ["1995"], "file_name": "02 New Mayfair Orchestra - Savoy Christmas Medley.ogg", "disctotal": ["1"], "releasestatus": ["official"], "musicbrainz_artistid": ["5e1edba0-e3ad-4b3c-abf8-7d09846ba480"], "originaldate": ["1995"], "musicbrainz_albumid": ["6253929d-9753-4249-b3a7-2b8cceb38ee0"], "artist": ["New Mayfair Orchestra"], "tracknumber": ["2"], "artistsort": ["Noble, Ray & New Mayfair Orchestra, The"], "album": ["The Spirit of Christmas Past"], "label": ["ASV Mono", "Living Era"], "totaltracks": ["23"], "acoustid_id": ["fcd41171-9c94-46db-a3f6-164e29305035"], "script": ["Latn"], "conductor": ["Ray Noble"]}}, "rhythm": {"bpm_histogram_first_peak_bpm": {"dmean2": 0, "median": 108, "min": 108, "dvar2": 0, "dvar": 0, "dmean": 0, "max": 108, "var": 0, "mean": 108}, "bpm": 107.648597717, "bpm_histogram_second_peak_spread": {"dmean2": 0, "median": 0.363636374474, "min": 0.363636374474, "dvar2": 0, "dvar": 0, "dmean": 0, "max": 0.363636374474, "var": 0, "mean": 0.363636374474}, "bpm_histogram_first_peak_weight": {"dmean2": 0, "median": 0.545945942402, "min": 0.545945942402, "dvar2": 0, "dvar": 0, "dmean": 0, "max": 0.545945942402, "var": 0, "mean": 0.545945942402}, "onset_rate": 3.24938774109, "beats_position": [0.557278871536, 1.1261677742, 1.69505667686, 2.27555561066, 2.86766433716, 3.45977306366, 4.06349182129, 4.66721057892, 5.24770975113, 5.81659841537, 6.3622674942, 6.91954612732, 7.47682523727, 8.03410434723, 8.57977294922, 9.12544155121, 9.682721138, 10.22838974, 10.774058342, 11.3197278976, 11.8770065308, 12.4226751328, 12.9799547195, 13.5256233215, 14.0829019547, 14.6285715103, 15.1742401123, 15.7315187454, 16.2887973785, 16.8460769653, 17.4149665833, 17.9722442627, 18.5063037872, 19.0519733429, 19.5976409912, 20.154920578, 20.7121982574, 21.2694778442, 21.8151473999, 22.3608150482, 22.918094635, 23.4521541595, 23.9978218079, 24.5434913635, 25.0775508881, 25.6348285675, 26.1921081543, 26.7261676788, 27.2834453583, 27.8175048828, 28.3631744385, 28.9088420868, 29.4661216736, 30.0234012604, 30.5806789398, 31.1263484955, 31.6720180511, 32.2176856995, 32.7517471313, 33.2974128723, 33.8546943665, 34.4119720459, 34.9692497253, 35.5265312195, 36.0722007751, 36.6294784546, 37.1751480103, 37.7324256897, 38.2897033691, 38.823764801, 39.3810424805, 39.9383201599, 40.4839897156, 41.0296592712, 41.5753288269, 42.1209983826, 42.678276062, 43.2239456177, 43.7928352356, 44.350112915, 44.9073905945, 45.4646720886, 46.0219497681, 46.5792274475, 47.1248970032, 47.6705665588, 48.2278442383, 48.7851219177, 49.3424034119, 49.8996810913, 50.4569587708, 51.0142402649, 51.5599098206, 52.1055755615, 52.6744651794, 53.2433547974, 53.8006324768, 54.3579139709, 54.9151916504, 55.4724693298, 56.029750824, 56.5870285034, 57.1443061829, 57.701587677, 58.2704734802, 58.8277549744, 59.3966445923, 59.9423103333, 60.4879798889, 61.0452613831, 61.6025390625, 62.1598167419, 62.7170982361, 63.2743759155, 63.831653595, 64.3773193359, 64.9229888916, 65.4802703857, 66.0375518799, 66.5948257446, 67.1637191772, 67.720993042, 68.2782745361, 68.8239440918, 69.3812255859, 69.9384994507, 70.4957809448, 71.053062439, 71.6103363037, 72.1560058594, 72.701675415, 73.2589569092, 73.8162307739, 74.3735122681, 74.9307937622, 75.488067627, 76.0453491211, 76.6026306152, 77.15990448, 77.7171859741, 78.2744674683, 78.831741333, 79.3774108887, 79.9230804443, 80.4803619385, 81.0376434326, 81.5833053589, 82.1289749146, 82.6746444702, 83.2319259644, 83.7892074585, 84.3348770142, 84.9037628174, 85.4726486206, 86.0299301147, 86.598815918, 87.1677093506, 87.7249908447, 88.2822647095, 88.8511581421, 89.4084320068, 89.965713501, 90.5229949951, 91.0802688599, 91.6491622925, 92.2064361572, 92.7753295898, 93.3442153931, 93.9014968872, 94.458770752, 95.0276641846, 95.5965499878, 96.1654434204, 96.7343292236, 97.3032150269, 97.8721084595, 98.4293823242, 98.9866638184, 99.5439453125, 100.101219177, 100.658500671, 101.215782166, 101.784667969, 102.353561401, 102.910835266, 103.46811676, 104.037002563, 104.605895996, 105.174781799, 105.743675232, 106.300949097, 106.858230591, 107.415504456, 107.97278595, 108.530067444, 109.087341309, 109.644622803, 110.201904297, 110.759178162, 111.316459656, 111.885353088, 112.442626953, 113.011520386, 113.580406189, 114.149291992, 114.706573486, 115.27545929, 115.855964661, 116.424850464, 116.993736267, 117.5626297, 118.119903564, 118.677185059, 119.234466553, 119.791740417, 120.36063385, 120.929519653, 121.486801147, 122.044082642, 122.601356506, 123.158638, 123.715919495, 124.261581421, 124.807250977, 125.364532471, 125.921813965, 126.47908783, 127.036369324, 127.593650818, 128.150924683, 128.708206177, 129.253875732, 129.811157227, 130.356826782, 130.914108276, 131.471374512, 132.028656006, 132.5859375, 133.143218994, 133.700500488, 134.257781982, 134.803451538, 135.349105835, 135.906387329, 136.463668823, 137.020950317, 137.578231812, 138.123901367, 138.669570923, 139.226852417, 139.772521973, 140.31817627, 140.863845825, 141.409515381, 141.955184937, 142.512466431, 143.058135986, 143.61541748, 144.172698975, 144.71836853, 145.264038086, 145.82131958, 146.390197754, 146.959091187, 147.527984619, 148.096862793, 148.654144287, 149.211425781, 149.780319214, 150.349197388, 150.906478882, 151.463760376, 152.02104187, 152.589935303, 153.135604858, 153.692871094, 154.250152588, 154.807434082, 155.364715576, 155.92199707, 156.479278564, 157.0365448, 157.593826294, 158.151107788, 158.708389282, 159.265670776, 159.822952271, 160.368606567, 160.914276123, 161.459945679, 162.017227173, 162.574508667, 163.131790161, 163.700683594, 164.269561768, 164.8384552, 165.418960571, 165.999450684, 166.579956055, 167.148834229, 167.706115723, 168.263397217, 168.820678711, 169.377960205, 169.946838379, 170.504119873, 171.061401367, 171.6302948, 172.199172974, 172.756454468, 173.313735962, 173.871017456, 174.42829895, 174.985580444, 175.54284668, 176.100128174, 176.645797729, 177.214691162, 177.783584595, 178.34085083, 178.909744263, 179.467025757, 180.024307251, 180.581588745, 181.138870239, 181.707748413, 182.276641846, 182.845535278, 183.414413452, 183.983306885, 184.552200317, 185.121078491, 185.678359985, 186.235641479, 186.804534912, 187.361816406, 187.919082642, 188.476364136, 189.03364563, 189.602539062, 190.183029175, 190.751922607, 191.32081604, 191.889694214, 192.446975708, 193.004257202, 193.561538696, 194.11882019, 194.676101685, 195.244979858, 195.813873291, 196.382766724, 196.951644897, 197.508926392, 198.054595947, 198.600265503, 199.157546997, 199.714828491, 200.272109985, 200.829391479, 201.386657715, 201.943939209, 202.512832642, 203.070114136, 203.63899231, 204.207885742, 204.834823608, 205.461761475, 206.088699341, 206.715637207, 207.342575073], "beats_loudness": {"dmean2": 0.0390694327652, "median": 0.0353949554265, "min": 0, "dvar2": 0.00146740791388, "dvar": 0.000520755478647, "dmean": 0.0222707912326, "max": 0.152779012918, "var": 0.000922546780203, "mean": 0.0427376888692}, "danceability": 1.20487260818, "bpm_histogram_second_peak_weight": {"dmean2": 0, "median": 0.0189189184457, "min": 0.0189189184457, "dvar2": 0, "dvar": 0, "dmean": 0, "max": 0.0189189184457, "var": 0, "mean": 0.0189189184457}, "beats_count": 371, "bpm_histogram_second_peak_bpm": {"dmean2": 0, "median": 103, "min": 103, "dvar2": 0, "dvar": 0, "dmean": 0, "max": 103, "var": 0, "mean": 103}, "bpm_histogram_first_peak_spread": {"dmean2": 0, "median": 0.429378569126, "min": 0.429378569126, "dvar2": 0, "dvar": 0, "dmean": 0, "max": 0.429378569126, "var": 0, "mean": 0.429378569126}, "beats_loudness_band_ratio": {"dmean2": [0.375967144966, 0.283907204866, 0.196895614266, 0.13749563694, 0.124270625412, 0.0133890295401], "median": [0.35917121172, 0.218393355608, 0.179851099849, 0.0878146737814, 0.0706972628832, 0.00577730964869], "min": [0, 0, 0, 0, 0, 0], "dvar2": [0.0786220058799, 0.0608832240105, 0.0331906750798, 0.015651954338, 0.0129673704505, 0.000184831718798], "dvar": [0.0300191510469, 0.0213492754847, 0.011582291685, 0.00558741111308, 0.00496399961412, 6.8356297561e-05], "dmean": [0.213036596775, 0.162377908826, 0.114484705031, 0.0781600996852, 0.0699257999659, 0.00761407753453], "max": [0.969440221786, 0.930948853493, 0.684028446674, 0.46743401885, 0.538641035557, 0.0666936635971], "var": [0.050660315901, 0.031298674643, 0.0187332555652, 0.00617699790746, 0.00666982447729, 8.32878286019e-05], "mean": [0.383515894413, 0.254801005125, 0.207595303655, 0.106353402138, 0.0930932983756, 0.00858196243644]}}, "lowlevel": {"barkbands_spread": {"dmean2": 5.11008882523, "median": 13.1869773865, "min": 1.11546874046, "dvar2": 25.6865768433, "dvar": 12.1072835922, "dmean": 3.43105649948, "max": 67.8416671753, "var": 55.395740509, "mean": 14.3845977783}, "melbands_spread": {"dmean2": 7.5992808342, "median": 15.9000110626, "min": 0.81755977869, "dvar2": 70.6032943726, "dvar": 33.6065406799, "dmean": 5.14014863968, "max": 169.448608398, "var": 367.551330566, "mean": 20.3137779236}, "hfc": {"dmean2": 4.75664710999, "median": 8.39396858215, "min": 1.06110728978e-16, "dvar2": 35.9079818726, "dvar": 27.6950893402, "dmean": 3.989164114, "max": 82.1092147827, "var": 154.981124878, "mean": 12.3826198578}, "barkbands_kurtosis": {"dmean2": 2.62207937241, "median": 1.15195226669, "min": -1.82800388336, "dvar2": 18.4507236481, "dvar": 7.89090824127, "dmean": 1.73425793648, "max": 70.4680938721, "var": 19.6132678986, "mean": 2.30848956108}, "gfcc": {"mean": [-126.035461426, 195.4503479, -164.636856079, 21.2635555267, -34.7803230286, -21.8769187927, -18.3893737793, -7.46727228165, -5.7601776123, -15.2783117294, 1.63212072849, -14.3139438629, 8.35673522949], "icov": [[0.00099365261849, -0.00279655097984, 0.00230926880613, -0.00183169788215, 0.000695175840519, 0.00116180139594, -0.00191030686256, 0.00274556130171, -0.00250493059866, 0.00113146391232, -0.000146431790199, -0.00051160773728, 0.000523039663676], [-0.00279655097984, 0.0100882593542, -0.00612119911239, 0.0048970207572, -0.00148629059549, -0.0028886210639, 0.00412935204804, -0.00477758748457, 0.00238238670863, 0.0029798692558, -0.00549687538296, 0.00701034069061, -0.00425384426489], [0.00230926880613, -0.00612119911239, 0.00680319825187, -0.00380772631615, 0.0015957680298, 0.00148647848982, -0.00497922068462, 0.00709551665932, -0.00687486724928, 0.00267849978991, 0.0007267309702, -0.00255207414739, 0.00198372430168], [-0.00183169788215, 0.0048970207572, -0.00380772631615, 0.00882002618164, -0.00357035477646, -0.00387302576564, 0.00467685516924, -0.00957606453449, 0.00925667025149, -0.00411418266594, 0.000454596447526, 0.00233864714392, -0.0015091735404], [0.000695175840519, -0.00148629059549, 0.0015957680298, -0.00357035477646, 0.00723262038082, 0.00117172778118, -0.00488501181826, 0.00518722785637, -0.00368804181926, 0.00333255250007, 0.000859324005432, -0.0034301946871, 0.00322524784133], [0.00116180139594, -0.0028886210639, 0.00148647848982, -0.00387302576564, 0.00117172778118, 0.00837396737188, -0.00525536620989, 0.00410009501502, -0.0041089663282, 0.00106368039269, -3.69745866919e-05, 0.00137548963539, -0.000190624079551], [-0.00191030686256, 0.00412935204804, -0.00497922068462, 0.00467685516924, -0.00488501181826, -0.00525536620989, 0.0246780905873, -0.0213847067207, 0.0144869154319, -0.00991729926318, 0.00335559551604, -0.000369984976714, 0.00132027862128], [0.00274556130171, -0.00477758748457, 0.00709551665932, -0.00957606453449, 0.00518722785637, 0.00410009501502, -0.0213847067207, 0.0439724102616, -0.0328609421849, 0.0194979459047, -0.00932847708464, 0.00108215329237, 0.000132533692522], [-0.00250493059866, 0.00238238670863, -0.00687486724928, 0.00925667025149, -0.00368804181926, -0.0041089663282, 0.0144869154319, -0.0328609421849, 0.0519034676254, -0.0367625541985, 0.0190178081393, -0.00646412046626, 0.00130275741685], [0.00113146391232, 0.0029798692558, 0.00267849978991, -0.00411418266594, 0.00333255250007, 0.00106368039269, -0.00991729926318, 0.0194979459047, -0.0367625541985, 0.0493287369609, -0.0326295047998, 0.0199449434876, -0.00832952558994], [-0.000146431790199, -0.00549687538296, 0.0007267309702, 0.000454596447526, 0.000859324005432, -3.69745866919e-05, 0.00335559551604, -0.00932847708464, 0.0190178081393, -0.0326295047998, 0.0538277477026, -0.0405171625316, 0.0181778818369], [-0.00051160773728, 0.00701034069061, -0.00255207414739, 0.00233864714392, -0.0034301946871, 0.00137548963539, -0.000369984976714, 0.00108215329237, -0.00646412046626, 0.0199449434876, -0.0405171625316, 0.0526955090463, -0.025572348386], [0.000523039663676, -0.00425384426489, 0.00198372430168, -0.0015091735404, 0.00322524784133, -0.000190624079551, 0.00132027862128, 0.000132533692522, 0.00130275741685, -0.00832952558994, 0.0181778818369, -0.025572348386, 0.028698887676]], "cov": [[26035.7617188, 4514.31982422, -4388.21630859, 273.570526123, -406.43182373, -1156.58569336, -355.814422607, -289.823791504, -171.484710693, -431.710906982, 120.740234375, -261.720703125, 140.83303833], [4514.31982422, 1103.08105469, -503.162811279, -41.5799980164, -108.247756958, -156.502685547, -70.0436325073, -57.3558769226, -7.01901102066, -90.2393417358, 13.6539793015, -67.5685119629, 33.7061920166], [-4388.21630859, -503.162811279, 1171.68286133, -32.1432228088, 58.7310180664, 255.623123169, 89.2374801636, 46.9730873108, 64.4764480591, 67.4801559448, -31.5657863617, 23.2944545746, -29.0999088287], [273.570526123, -41.5799980164, -32.1432228088, 290.548583984, 103.253913879, 75.7097015381, 45.1214332581, 34.7778358459, -25.2248859406, -11.6181297302, -7.09305143356, -14.7243709564, -17.8401603699], [-406.43182373, -108.247756958, 58.7310180664, 103.253913879, 226.340560913, 40.2605133057, 49.4982032776, 10.4941616058, -21.1849822998, -16.6105594635, -5.41445493698, 8.77102851868, -27.3766479492], [-1156.58569336, -156.502685547, 255.623123169, 75.7097015381, 40.2605133057, 243.951522827, 66.4905319214, 37.4332962036, 24.4351463318, 28.020116806, -19.5563354492, -16.4048290253, -17.1496181488], [-355.814422607, -70.0436325073, 89.2374801636, 45.1214332581, 49.4982032776, 66.4905319214, 100.809463501, 50.0869636536, 12.7284402847, 14.7288379669, -0.135244429111, -2.66775250435, -16.2772960663], [-289.823791504, -57.3558769226, 46.9730873108, 34.7778358459, 10.4941616058, 37.4332962036, 50.0869636536, 75.2867507935, 38.1109695435, 17.6952438354, 2.05125570297, 1.14076042175, -5.09701919556], [-171.484710693, -7.01901102066, 64.4764480591, -25.2248859406, -21.1849822998, 24.4351463318, 12.7284402847, 38.1109695435, 79.729309082, 50.1487312317, 0.734705090523, -6.49044942856, 2.77041268349], [-431.710906982, -90.2393417358, 67.4801559448, -11.6181297302, -16.6105594635, 28.020116806, 14.7288379669, 17.6952438354, 50.1487312317, 79.869720459, 26.0256786346, 5.28045272827, -0.364046245813], [120.740234375, 13.6539793015, -31.5657863617, -7.09305143356, -5.41445493698, -19.5563354492, -0.135244429111, 2.05125570297, 0.734705090523, 26.0256786346, 66.9912872314, 42.4359016418, 5.00839519501], [-261.720703125, -67.5685119629, 23.2944545746, -14.7243709564, 8.77102851868, -16.4048290253, -2.66775250435, 1.14076042175, -6.49044942856, 5.28045272827, 42.4359016418, 73.404800415, 31.749162674], [140.83303833, 33.7061920166, -29.0999088287, -17.8401603699, -27.3766479492, -17.1496181488, -16.2772960663, -5.09701919556, 2.77041268349, -0.364046245813, 5.00839519501, 31.749162674, 66.9688873291]]}, "spectral_energyband_middle_low": {"dmean2": 0.0059811254032, "median": 0.00821399036795, "min": 1.23516483147e-22, "dvar2": 6.19666534476e-05, "dvar": 3.46832675859e-05, "dmean": 0.00450985133648, "max": 0.0931948199868, "var": 0.00015701042139, "mean": 0.0122531289235}, "melbands_crest": {"dmean2": 4.71285104752, "median": 11.6418361664, "min": 1.50781071186, "dvar2": 16.2507648468, "dvar": 7.01426887512, "dmean": 3.08115029335, "max": 34.2616996765, "var": 28.2058410645, "mean": 12.7360687256}, "spectral_kurtosis": {"dmean2": 11.9371461868, "median": 9.54401779175, "min": -1.26631069183, "dvar2": 102.933197021, "dvar": 34.072769165, "dmean": 6.73905467987, "max": 59.17760849, "var": 64.4015579224, "mean": 11.2055997849}, "spectral_rms": {"dmean2": 0.000821165274829, "median": 0.00375801557675, "min": 3.09268604649e-12, "dvar2": 6.34479647488e-07, "dvar": 4.87779630021e-07, "dmean": 0.000713864457794, "max": 0.0141199342906, "var": 4.83265785078e-06, "mean": 0.00396362971514}, "zerocrossingrate": {"dmean2": 0.00648817745969, "median": 0.03564453125, "min": 0.00439453125, "dvar2": 0.000100530181953, "dvar": 5.89071387367e-05, "dmean": 0.00551285268739, "max": 0.52734375, "var": 0.00432369206101, "mean": 0.045547105372}, "silence_rate_60dB": {"dmean2": 0.117436930537, "median": 0, "min": 0, "dvar2": 0.118160791695, "dvar": 0.055265724659, "dmean": 0.0587119087577, "max": 1, "var": 0.128823712468, "mean": 0.151897326112}, "erbbands_kurtosis": {"dmean2": 1.22899127007, "median": -0.339736223221, "min": -1.70091032982, "dvar2": 2.78073167801, "dvar": 1.20630860329, "dmean": 0.783408820629, "max": 25.2625598907, "var": 3.24448227882, "mean": 0.179148823023}, "erbbands": {"dmean2": [0.02702271007, 0.439741581678, 1.60151767731, 2.05402994156, 5.92298173904, 7.19924020767, 14.787109375, 22.9136447906, 25.6448879242, 25.5760498047, 23.0799045563, 26.4612503052, 33.0998458862, 26.033782959, 24.3443775177, 21.0894374847, 18.3794898987, 14.9504613876, 18.6933898926, 26.89087677, 16.2539463043, 17.0782260895, 12.9596118927, 10.4161052704, 3.61185336113, 1.57621586323, 0.983023226261, 0.263243407011, 0.0592629648745, 0.0126966992393, 0.00388436298817, 0.00360982958227, 0.00131699757185, 0.000262858811766, 4.38815695816e-05, 1.02313961179e-05, 4.22461380367e-06, 1.38170196351e-06, 3.87658292311e-06, 8.96067740541e-06], "median": [0.0127261597663, 0.151727557182, 0.366715729237, 0.902649044991, 2.64678621292, 4.34825706482, 8.24267864227, 9.934009552, 11.7771148682, 9.92122459412, 10.3627929688, 10.3977355957, 15.703537941, 11.0384311676, 8.43432426453, 8.32497882843, 6.48099517822, 6.58250427246, 8.07473087311, 9.78042984009, 7.73044013977, 6.6100435257, 4.70319032669, 3.12475252151, 1.15098977089, 0.496827244759, 0.310286402702, 0.0979427695274, 0.0301849208772, 0.00706701632589, 0.00270286644809, 0.00304507045075, 0.00136501598172, 0.000350806047209, 7.44573044358e-05, 1.86404395208e-05, 6.99467454979e-06, 1.68779047272e-06, 7.47429749026e-06, 1.67658126884e-05], "min": [4.58041198336e-23, 6.5896623553e-22, 1.31038868889e-21, 2.26690624016e-21, 1.0179598042e-20, 1.4964464685e-20, 2.52431337612e-20, 6.16709869438e-20, 1.1208173223e-19, 1.07881716207e-19, 1.59811785484e-19, 3.67548476954e-19, 5.4347203471e-19, 7.04598132639e-19, 9.89447909535e-19, 1.01059064599e-18, 1.20419206156e-18, 1.73032225473e-18, 2.15111089349e-18, 2.37651926478e-18, 3.46573828768e-18, 4.28900220003e-18, 5.35891482743e-18, 5.1497386349e-18, 7.77504694456e-18, 8.41338222327e-18, 7.60736337233e-18, 1.04443687074e-17, 9.75701718718e-18, 1.04167971233e-17, 9.29707416091e-18, 1.12752699784e-17, 8.41297855913e-18, 8.29147317177e-18, 6.32780719535e-18, 3.92327173682e-18, 2.25663122231e-18, 9.50871928078e-19, 2.32343298441e-19, 2.41210778005e-20], "dvar2": [0.00161455082707, 0.637660205364, 13.4348630905, 13.4091920853, 113.537086487, 125.695045471, 606.72857666, 2016.14868164, 2092.29248047, 2602.61328125, 1812.39904785, 3407.96728516, 3210.22973633, 3003.04296875, 2838.30541992, 2496.08447266, 1675.11486816, 778.713195801, 1523.10205078, 3296.49194336, 889.966125488, 1024.84228516, 630.467651367, 507.594451904, 52.2343673706, 10.9098978043, 4.53302288055, 0.306150585413, 0.0131599949673, 0.000761810515542, 6.10794159002e-05, 4.82801697217e-05, 6.09256085227e-06, 2.19502865662e-07, 5.01573849121e-09, 2.11428249908e-10, 3.51162432466e-11, 4.10465238188e-12, 2.21615694546e-11, 1.19998538883e-10], "dvar": [0.000733397435397, 0.445637345314, 13.4433031082, 6.13649654388, 45.4810142517, 57.2526321411, 278.877746582, 1071.39807129, 1161.25744629, 1342.03625488, 804.578979492, 1663.42163086, 1407.08081055, 1247.39526367, 1173.82568359, 1011.35394287, 715.75213623, 325.827423096, 645.10723877, 1393.53479004, 419.422637939, 479.632263184, 312.598266602, 235.812179565, 26.5129871368, 5.93562078476, 2.41703724861, 0.177669137716, 0.00709331221879, 0.000376419251552, 3.19578794006e-05, 2.50130688073e-05, 3.18419074574e-06, 1.14222608261e-07, 2.78026357492e-09, 1.17584705861e-10, 1.87280937286e-11, 1.9344085795e-12, 1.69989144289e-11, 8.98373597735e-11], "dmean": [0.0176709070802, 0.338228195906, 1.43152010441, 1.3958016634, 3.70142626762, 4.76940393448, 10.2560348511, 16.4459266663, 18.202999115, 17.6320438385, 15.2204799652, 17.8453483582, 21.5384902954, 16.7347393036, 15.6220178604, 13.4605941772, 11.8393516541, 9.69680023193, 12.2683801651, 17.6795349121, 11.0295448303, 11.6431407928, 9.05902576447, 7.22014093399, 2.61009979248, 1.16403448582, 0.70890969038, 0.196001976728, 0.0427757352591, 0.00898997019976, 0.00273435888812, 0.00253494083881, 0.00092937174486, 0.000186401695828, 3.21787119901e-05, 7.77823152021e-06, 3.23820972881e-06, 9.90082185126e-07, 3.35978302246e-06, 7.69139842305e-06], "max": [0.601805508137, 21.2930088043, 129.279312134, 72.6007232666, 124.413070679, 174.82182312, 320.102661133, 712.79083252, 866.472167969, 693.093994141, 541.351928711, 1172.25073242, 713.997741699, 737.17175293, 602.451904297, 821.986938477, 912.073059082, 300.190246582, 580.061767578, 899.743713379, 383.494598389, 423.83392334, 375.215301514, 377.685424805, 91.7183609009, 73.1988677979, 43.6661949158, 23.5468177795, 2.62757158279, 0.515199542046, 0.128969147801, 0.111186206341, 0.0406922325492, 0.00824027508497, 0.00120013032574, 0.000280541513348, 9.68391323113e-05, 2.52327954513e-05, 9.43471459323e-05, 0.000225318828598], "var": [0.00263484753668, 2.22491574287, 77.8385925293, 19.3621845245, 86.0032958984, 136.083007812, 777.197570801, 3794.27319336, 4124.12792969, 3105.3371582, 1454.21679688, 4128.76806641, 2918.80175781, 2455.48828125, 2311.26855469, 1989.31542969, 1311.60241699, 695.708862305, 1270.88000488, 2516.72167969, 1025.35266113, 1188.87792969, 770.787475586, 628.309265137, 72.5330657959, 16.0309371948, 6.87483453751, 0.674953758717, 0.0245446749032, 0.000991816283204, 8.99014921742e-05, 7.13740373612e-05, 9.2128993856e-06, 3.57974670351e-07, 1.06090620733e-08, 5.93756377398e-10, 9.74401809239e-11, 7.64345791521e-12, 1.17245546605e-10, 6.11494910263e-10], "mean": [0.0325043797493, 0.646897733212, 2.87975907326, 2.56500768661, 5.83685350418, 8.51476478577, 19.0221920013, 31.5407848358, 35.0350570679, 29.1989574432, 23.5637016296, 28.9126377106, 34.8386001587, 27.0686359406, 24.545879364, 21.4261550903, 18.8377742767, 16.3817577362, 20.4714450836, 28.3107395172, 19.991104126, 21.0763435364, 16.423248291, 13.1715211868, 4.75312328339, 2.06036353111, 1.26040530205, 0.374999016523, 0.0894420668483, 0.0187086891383, 0.00609409809113, 0.0059340079315, 0.00236586597748, 0.000540191365872, 0.000105679231638, 2.61147179117e-05, 9.98692576104e-06, 2.62515504801e-06, 1.07099504021e-05, 2.41819670919e-05]}, "spectral_strongpeak": {"dmean2": 0.727260172367, "median": 0.609352588654, "min": 0, "dvar2": 0.955479085445, "dvar": 0.386684238911, "dmean": 0.450493216515, "max": 9.59100151062, "var": 0.735549747944, "mean": 0.869950413704}, "spectral_energy": {"dmean2": 0.00790686998516, "median": 0.0144757498056, "min": 9.80382539934e-21, "dvar2": 9.48564484133e-05, "dvar": 7.02955512679e-05, "dmean": 0.00675165141001, "max": 0.204356864095, "var": 0.000475024367915, "mean": 0.0210566706955}, "average_loudness": 0.853896319866, "spectral_rolloff": {"dmean2": 466.096069336, "median": 904.39453125, "min": 64.599609375, "dvar2": 333970.5625, "dvar": 181383.3125, "dmean": 290.664764404, "max": 19595.2148438, "var": 6235010, "mean": 1416.04260254}, "spectral_centroid": {"dmean2": 264.847137451, "median": 877.987609863, "min": 180.114944458, "dvar2": 103742.46875, "dvar": 57134.8515625, "dmean": 185.311431885, "max": 11835.2802734, "var": 2074874.75, "mean": 1151.45117188}, "pitch_salience": {"dmean2": 0.102813735604, "median": 0.568202018738, "min": 0.145907923579, "dvar2": 0.00727365585044, "dvar": 0.00297029269859, "dmean": 0.0649743080139, "max": 0.845065355301, "var": 0.0115230828524, "mean": 0.561076939106}, "spectral_energyband_middle_high": {"dmean2": 0.00229076272808, "median": 0.00242487294599, "min": 1.09743340298e-21, "dvar2": 9.55401173997e-06, "dvar": 5.77761420573e-06, "dmean": 0.00172253837809, "max": 0.035645570606, "var": 2.54097085417e-05, "mean": 0.00439447863027}, "spectral_contrast_coeffs": {"dmean2": [0.0841944515705, 0.0736893191934, 0.0656135380268, 0.0532538443804, 0.0364451594651, 0.0261106658727], "median": [-0.637106060982, -0.70891392231, -0.733787059784, -0.750267624855, -0.764515459538, -0.726910352707], "min": [-0.981231868267, -0.980041861534, -0.98438334465, -0.983877599239, -0.981508255005, -0.980706334114], "dvar2": [0.00460503902286, 0.00347890541889, 0.00267770560458, 0.00183586473577, 0.000869451090693, 0.000481040478917], "dvar": [0.00171849434264, 0.00140442117117, 0.00105717626866, 0.000785095617175, 0.000420428928919, 0.000272092845989], "dmean": [0.0515539757907, 0.0466738790274, 0.0409707613289, 0.033914539963, 0.0243011042476, 0.0176253411919], "max": [-0.370812535286, -0.438175588846, -0.49225372076, -0.534418225288, -0.594491958618, -0.556576371193], "var": [0.0085572777316, 0.0071796416305, 0.00514248991385, 0.00451730331406, 0.00382134830579, 0.00247715669684], "mean": [-0.644510567188, -0.709000766277, -0.733980953693, -0.752832055092, -0.770090103149, -0.723943114281]}, "melbands_skewness": {"dmean2": 0.780654549599, "median": 1.62100696564, "min": -1.21138858795, "dvar2": 0.609631836414, "dvar": 0.270342409611, "dmean": 0.517162084579, "max": 12.2411422729, "var": 1.1053237915, "mean": 1.74607336521}, "spectral_spread": {"dmean2": 353479.4375, "median": 1969675, "min": 1015169.625, "dvar2": 498145296384, "dvar": 251742715904, "dmean": 211864.71875, "max": 42867300, "var": 28108769984500.0, "mean": 2750229.5}, "dissonance": {"dmean2": 0.0423801578581, "median": 0.450303792953, "min": 0.235898122191, "dvar2": 0.00131827953737, "dvar": 0.000496047898196, "dmean": 0.0255704689771, "max": 0.500000059605, "var": 0.00130133097991, "mean": 0.443814367056}, "spectral_skewness": {"dmean2": 0.955601751804, "median": 1.80076491833, "min": -0.0841108560562, "dvar2": 0.60272538662, "dvar": 0.213163435459, "dmean": 0.553659796715, "max": 5.77352428436, "var": 0.681447565556, "mean": 1.89427888393}, "spectral_flux": {"dmean2": 0.0252032205462, "median": 0.0611399486661, "min": 6.22383325433e-11, "dvar2": 0.000608693808317, "dvar": 0.000280840002233, "dmean": 0.0163218192756, "max": 0.22810459137, "var": 0.00117183488328, "mean": 0.0636131465435}, "spectral_contrast_valleys": {"dmean2": [0.682644069195, 0.563223183155, 0.51066249609, 0.472882121801, 0.369956105947, 0.225670278072], "median": [-7.52738761902, -6.63884878159, -7.45675373077, -8.07095146179, -8.44591522217, -13.0390205383], "min": [-28.1182041168, -28.0163097382, -27.9712619781, -27.7663021088, -27.5423984528, -27.4437427521], "dvar2": [0.299915134907, 0.21298032999, 0.191351592541, 0.173071399331, 0.141413599253, 0.0463142842054], "dvar": [0.132470831275, 0.116027414799, 0.105594605207, 0.10653924942, 0.0989302173257, 0.0323284268379], "dmean": [0.422825336456, 0.377787947655, 0.346142113209, 0.327882230282, 0.280173331499, 0.159336492419], "max": [-5.51778841019, -4.88753175735, -5.66474819183, -6.12154054642, -6.15562868118, -11.4877824783], "var": [7.93914175034, 8.7488117218, 7.99114656448, 7.63213777542, 7.36902475357, 4.03589963913], "mean": [-7.91768455505, -7.15965270996, -7.9284901619, -8.48905086517, -8.75620746613, -13.2495775223]}, "erbbands_flatness_db": {"dmean2": 0.0201358553022, "median": 0.267373859882, "min": 0.0486889667809, "dvar2": 0.000334325857693, "dvar": 0.000161253890838, "dmean": 0.0134648857638, "max": 0.380859255791, "var": 0.00153621472418, "mean": 0.264479577541}, "spectral_energyband_high": {"dmean2": 2.99278199236e-05, "median": 1.11219978862e-05, "min": 6.80559617804e-21, "dvar2": 4.10251388416e-09, "dvar": 2.34279995404e-09, "dmean": 2.24794875976e-05, "max": 0.00141735072248, "var": 7.3546075896e-09, "mean": 4.25885373261e-05}, "spectral_entropy": {"dmean2": 0.192017287016, "median": 6.91691255569, "min": 5.61963129044, "dvar2": 0.0297191888094, "dvar": 0.0157630108297, "dmean": 0.134827062488, "max": 9.82076835632, "var": 0.273024529219, "mean": 6.94046258926}, "silence_rate_20dB": {"dmean2": 0, "median": 1, "min": 1, "dvar2": 0, "dvar": 0, "dmean": 0, "max": 1, "var": 0, "mean": 1}, "melbands_flatness_db": {"dmean2": 0.0296018011868, "median": 0.278978347778, "min": 0.00284174550325, "dvar2": 0.000689764274284, "dvar": 0.000375641713617, "dmean": 0.0214481092989, "max": 0.507502198219, "var": 0.00409862725064, "mean": 0.280269294977}, "barkbands": {"dmean2": [3.96220748371e-05, 0.00160508032423, 0.00135472218972, 0.00103886437137, 0.00218951236457, 0.00254581146874, 0.00169904401992, 0.00109971407801, 0.00109644571785, 0.00102553609759, 0.000650328234769, 0.00049357971875, 0.000339200749295, 0.000353764015017, 0.000382146827178, 0.000483557232656, 0.000326852168655, 0.000309955066768, 0.000100681390904, 3.19370701618e-05, 1.48060089487e-05, 1.42863871133e-06, 1.31338708798e-07, 1.22129463875e-07, 1.33279280945e-08, 1.61049296121e-09, 1.56913737559e-09], "median": [1.45347603393e-05, 0.000621235813014, 0.000283248838969, 0.000288610579446, 0.00141641288064, 0.00136556837242, 0.000749210128561, 0.000429658510257, 0.000462998170406, 0.000459414557554, 0.000195856977371, 0.000156296940986, 8.37597326608e-05, 0.000122233323054, 0.000121201614093, 0.000155261717737, 9.97497118078e-05, 9.01600797079e-05, 2.99266503134e-05, 8.87956230144e-06, 4.82290852233e-06, 6.76891090734e-07, 8.55672510625e-08, 1.16213684009e-07, 1.73048633201e-08, 1.07308906205e-09, 2.48894072019e-10], "min": [5.61519130249e-25, 1.93105201824e-24, 5.11362712946e-25, 2.0524790108e-25, 4.08991917731e-24, 7.82956754662e-24, 3.6057281866e-24, 3.14288179983e-24, 1.26192493398e-23, 7.86014773961e-24, 1.5848113034e-23, 2.35046123866e-23, 2.14569361582e-23, 3.83506433013e-23, 2.73183446557e-23, 3.56134221779e-23, 5.67783961819e-23, 8.72373254745e-23, 1.20047476783e-22, 1.59344753171e-22, 2.2363146434e-22, 2.88952075544e-22, 3.50844511824e-22, 5.20924008462e-22, 8.06092757591e-22, 1.25486166591e-21, 1.95173770403e-21], "dvar2": [2.80547451936e-09, 7.62205036153e-06, 9.24985306483e-06, 3.97268604502e-06, 1.0837080481e-05, 2.10910075111e-05, 8.64987578097e-06, 3.8049943214e-06, 4.21145250584e-06, 3.303621952e-06, 1.72602574366e-06, 1.30152761812e-06, 5.88026068726e-07, 4.69722010621e-07, 5.5992398984e-07, 9.95340883492e-07, 4.12144771644e-07, 3.68217172309e-07, 4.22869739225e-08, 4.23185442244e-09, 1.07592978971e-09, 8.80415271937e-12, 7.11044179265e-14, 5.44098762627e-14, 5.36069099928e-16, 7.74860942501e-18, 8.28791712232e-18], "dvar": [1.01411834486e-09, 4.7967955652e-06, 8.53815618029e-06, 1.70286136836e-06, 4.7517510211e-06, 1.07901287265e-05, 4.8013439482e-06, 1.75544187186e-06, 2.03243439501e-06, 1.44169928262e-06, 7.14094824161e-07, 5.3691684343e-07, 2.57155477357e-07, 1.98896259462e-07, 2.40419808506e-07, 4.20065077833e-07, 1.88271357615e-07, 1.68674944234e-07, 2.05263273045e-08, 2.38868058666e-09, 5.65611169012e-10, 4.30079626426e-12, 3.58544167663e-14, 2.89654164911e-14, 2.65381907471e-16, 2.56803287648e-18, 2.59660431523e-18], "dmean": [2.33172668231e-05, 0.00119274924509, 0.00116676732432, 0.000658409728203, 0.00143754691817, 0.0018268461572, 0.00119377486408, 0.00074097851757, 0.000734606990591, 0.000664705585223, 0.000415157323005, 0.000312207674142, 0.000217987806536, 0.000228322373005, 0.000249314296525, 0.000315218057949, 0.000217970242375, 0.000209749967325, 7.02160177752e-05, 2.34973413171e-05, 1.06252055048e-05, 9.91325691757e-07, 9.08775632524e-08, 8.68905445373e-08, 9.09911435087e-09, 9.2010660202e-10, 8.51693215953e-10], "max": [0.00047938071657, 0.0655386373401, 0.102201715112, 0.029282508418, 0.0371559225023, 0.0644009560347, 0.0514807924628, 0.0356117635965, 0.0364942960441, 0.0239951461554, 0.0149545473978, 0.0197014305741, 0.016335118562, 0.0100443214178, 0.00841813068837, 0.0143372099847, 0.00861204788089, 0.00793955847621, 0.00363430054858, 0.00177308276761, 0.000794024672359, 6.36205804767e-05, 4.29864621765e-06, 3.73569855583e-06, 4.08350445014e-07, 3.4329527665e-08, 2.21113332088e-0