{"tonal": {"thpcp": [1, 0.875608384609, 0.603612422943, 0.436146020889, 0.440118074417, 0.533725321293, 0.532992005348, 0.437289118767, 0.500376224518, 0.514400422573, 0.362905651331, 0.280577301979, 0.272397369146, 0.299650341272, 0.478285700083, 0.54214400053, 0.369282275438, 0.30442610383, 0.342031508684, 0.462158530951, 0.713063418865, 0.686704933643, 0.415652185678, 0.345919460058, 0.437593072653, 0.505670249462, 0.573761403561, 0.616292834282, 0.572761058807, 0.618611872196, 0.752190947533, 0.744748175144, 0.632578909397, 0.55928248167, 0.578748166561, 0.814996898174], "hpcp": {"dmean2": [0.254270642996, 0.224883601069, 0.249568924308, 0.30183288455, 0.317639917135, 0.288316845894, 0.26283159852, 0.213181301951, 0.197366729379, 0.207327142358, 0.201650545001, 0.184865266085, 0.186642080545, 0.172485888004, 0.145279824734, 0.133871659636, 0.131132826209, 0.136310458183, 0.180418565869, 0.195754155517, 0.14170615375, 0.121767990291, 0.135151863098, 0.184690758586, 0.252039313316, 0.227118194103, 0.164530366659, 0.1627407372, 0.216880813241, 0.191477149725, 0.23331707716, 0.241549789906, 0.185429692268, 0.225292801857, 0.251097917557, 0.252626478672], "median": [0.0234536081553, 0.0178907625377, 0.020486170426, 0.0368392951787, 0.0525998361409, 0.0447269678116, 0.0252107772976, 0.0146899418905, 0.0136908506975, 0.0215934813023, 0.0208263564855, 0.0170341487974, 0.016672000289, 0.0166742652655, 0.0124402968213, 0.0122331893072, 0.0112547529861, 0.0106880431995, 0.0193867292255, 0.0212335605174, 0.0165135376155, 0.0103718657047, 0.00977632217109, 0.0191211979836, 0.0305119995028, 0.0317279994488, 0.0167512185872, 0.00892332941294, 0.007305030711, 0.0108517389745, 0.0149020561948, 0.0157764405012, 0.0168533306569, 0.0218908265233, 0.0229540877044, 0.0252114217728], "min": [0, 0, 0, 0, 0, 0, 0, 0, 0, 0, 0, 0, 0, 0, 0, 0, 0, 0, 0, 0, 0, 0, 0, 0, 0, 0, 0, 0, 0, 0, 0, 0, 0, 0, 0, 0], "dvar2": [0.150965109468, 0.134292274714, 0.147676229477, 0.168304905295, 0.174971595407, 0.168309137225, 0.165628328919, 0.131211057305, 0.12312695384, 0.125092357397, 0.121031746268, 0.105066865683, 0.10566418618, 0.0943920984864, 0.0799636617303, 0.0803272277117, 0.0805976688862, 0.0823487639427, 0.100026987493, 0.107251174748, 0.0676780566573, 0.0605372004211, 0.0753249153495, 0.0971255451441, 0.149711474776, 0.116119980812, 0.0924906656146, 0.0987988561392, 0.174263343215, 0.129091724753, 0.160597920418, 0.166157290339, 0.0950409248471, 0.13126732409, 0.137150794268, 0.14620269835], "dvar": [0.0555443167686, 0.0503367446363, 0.0539736263454, 0.0645903423429, 0.0667964369059, 0.0616647787392, 0.0596372038126, 0.0477577783167, 0.0469440035522, 0.0464316308498, 0.0456304810941, 0.0390189141035, 0.040436424315, 0.0369428507984, 0.0302521884441, 0.0287993513048, 0.0282142255455, 0.0293464586139, 0.0380955152214, 0.0424562245607, 0.0259016789496, 0.0231166630983, 0.0283463187516, 0.0361483953893, 0.0554426722229, 0.0436447411776, 0.0337508171797, 0.0358880721033, 0.0596017241478, 0.0462581180036, 0.0533987618983, 0.058901835233, 0.0361041687429, 0.046569544822, 0.0545036420226, 0.0557794868946], "dmean": [0.141185939312, 0.125058919191, 0.13815189898, 0.170811399817, 0.18235000968, 0.161415159702, 0.146236792207, 0.116246260703, 0.108698949218, 0.116178311408, 0.113802783191, 0.103493653238, 0.105170711875, 0.0991882458329, 0.0819037854671, 0.0735346153378, 0.0717353448272, 0.0756058394909, 0.103913232684, 0.111356273293, 0.0811759978533, 0.068874783814, 0.0766534656286, 0.104264378548, 0.142590194941, 0.129537776113, 0.0926360040903, 0.0901750028133, 0.11902026087, 0.108281999826, 0.130274325609, 0.134201616049, 0.105154961348, 0.127648025751, 0.143184140325, 0.141904398799], "max": [1, 1, 1, 1, 1, 1, 1, 1, 1, 1, 1, 1, 1, 1, 1, 1, 1, 1, 1, 1, 1, 1, 1, 1, 1, 1, 1, 1, 1, 1, 1, 1, 1, 1, 1, 1], "var": [0.0603066757321, 0.0565639622509, 0.0542842745781, 0.0775317251682, 0.0961540937424, 0.0840080082417, 0.0573553182185, 0.0404166392982, 0.0425757914782, 0.0488257221878, 0.0506832152605, 0.0356468744576, 0.0460461117327, 0.0501290298998, 0.0293857753277, 0.0221166573465, 0.0224126391113, 0.0254179425538, 0.0418776907027, 0.0507698990405, 0.0271347947419, 0.0252773687243, 0.0316704623401, 0.0374716743827, 0.0675640627742, 0.0599128492177, 0.0343209095299, 0.0314060859382, 0.0513353459537, 0.0553998164833, 0.0582180395722, 0.0657129511237, 0.0584671832621, 0.0561443865299, 0.0776187106967, 0.0777254998684], "mean": [0.135371863842, 0.119686439633, 0.123852089047, 0.17440931499, 0.213999971747, 0.187380164862, 0.12917304039, 0.0933352336287, 0.0941852554679, 0.114217199385, 0.114060275257, 0.0935798585415, 0.107080496848, 0.110081680119, 0.0776617974043, 0.0600435324013, 0.0582930296659, 0.0641251653433, 0.102353125811, 0.116018794477, 0.0790263935924, 0.0651471763849, 0.0731947347522, 0.09890191257, 0.152595549822, 0.146954834461, 0.0889495536685, 0.0740267559886, 0.0936449021101, 0.108213417232, 0.122784920037, 0.131886646152, 0.122570849955, 0.132382929325, 0.160968840122, 0.159376084805]}, "tuning_equal_tempered_deviation": 0.231020063162, "chords_changes_rate": 0.0618336871266, "key_key": "D#", "tuning_diatonic_strength": 0.52645522356, "key_scale": "major", "chords_number_rate": 0.00310137635097, "tuning_frequency": 434.193115234, "tuning_nontempered_energy_ratio": 0.923451662064, "chords_histogram": [9.88563632965, 1.86082577705, 10.0019388199, 0.116301611066, 3.66350078583, 0.542740821838, 1.43438649178, 0.0581508055329, 0.0387672036886, 0.116301611066, 0, 2.77185511589, 9.09090900421, 1.84144210815, 0.0387672036886, 1.6669896841, 0.213219612837, 1.29870128632, 4.71021509171, 27.4665641785, 1.70575690269, 3.08199262619, 15.002907753, 3.39213037491], "key_strength": 0.437412232161, "chords_key": "A#", "chords_strength": {"dmean2": 0.0140554932877, "median": 0.588329255581, "min": 0.239575520158, "dvar2": 0.000172721091076, "dvar": 0.000119507072668, "dmean": 0.0126088848338, "max": 0.913773953915, "var": 0.0125758349895, "mean": 0.577800929546}, "chords_scale": "minor", "hpcp_entropy": {"dmean2": 1.03553855419, "median": 1.9342944622, "min": 0, "dvar2": 0.726027488708, "dvar": 0.263077497482, "dmean": 0.609009921551, "max": 4.36244916916, "var": 0.501268327236, "mean": 1.96202969551}}, "metadata": {"audio_properties": {"equal_loudness": 0, "codec": "mp3", "downmix": "mix", "sample_rate": 44100, "analysis_sample_rate": 44100, "bit_rate": 320000, "md5_encoded": "8485a3633c9b080d1e26ec5c2ed877d3", "length": 239.516738892, "replay_gain": -13.7831306458, "lossless": false}, "version": {"essentia_build_sha": "70f2e5ece6736b2c40cc944ad0e695b16b925413", "essentia": "2.1-beta2", "extractor": "music 1.0", "essentia_git_sha": "v2.1_beta2"}, "tags": {"title": ["It"], "albumartist": ["Various Artists"], "date": ["2008-06-02"], "file_name": "15 Aste Hunnes Sem - It.mp3", "musicbrainz album release country": ["NO"], "musicip_puid": ["7f19ffa5-644b-68a0-ba15-06f24f737bd6"], "musicbrainz_recordingid": ["0f4f789e-8115-49ae-bee4-279b668c640e"], "album": ["Old School Joint 4 The True Funk Soldiers"], "musicbrainz album status": ["official"], "musicbrainz_albumartistid": ["89ad4ac3-39f7-470e-963a-56509c546377"], "musicbrainz_albumid": ["e866796d-40f3-4b6e-8850-a66dd5347c1a"], "artist": ["\u00c5ste Hunnes Sem"], "artistsort": ["\u00c5ste Hunnes Sem"], "tracknumber": ["15/17"], "label": ["C+C Records"], "albumartistsort": ["Various Artists"], "musicbrainz album type": ["album"], "musicbrainz_artistid": ["cc2cfc9a-b950-4b02-8e76-e480a5e594f0"]}}, "rhythm": {"bpm_histogram_first_peak_bpm": {"dmean2": 0, "median": 120, "min": 120, "dvar2": 0, "dvar": 0, "dmean": 0, "max": 120, "var": 0, "mean": 120}, "bpm": 119.973098755, "bpm_histogram_second_peak_spread": {"dmean2": 0, "median": 0.5, "min": 0.5, "dvar2": 0, "dvar": 0, "dmean": 0, "max": 0.5, "var": 0, "mean": 0.5}, "bpm_histogram_first_peak_weight": {"dmean2": 0, "median": 0.663157880306, "min": 0.663157880306, "dvar2": 0, "dvar": 0, "dmean": 0, "max": 0.663157880306, "var": 0, "mean": 0.663157880306}, "onset_rate": 5.23509836197, "beats_position": [0.487619042397, 0.99845802784, 1.49768710136, 1.99691605568, 2.50775504112, 3.00698399544, 3.50621318817, 4.00544214249, 4.55111122131, 5.10838985443, 5.65405893326, 6.2229475975, 6.78022670746, 7.32589578629, 7.84834432602, 8.35918331146, 8.88163280487, 9.43891143799, 9.99619007111, 10.5534696579, 11.1223583221, 11.6912469864, 12.2601356506, 12.8290243149, 13.3746938705, 13.8855323792, 14.3963718414, 14.8839902878, 15.3832197189, 15.8824491501, 16.3700675964, 16.8809070587, 17.391746521, 17.8909740448, 18.390203476, 18.8894329071, 19.3770523071, 19.8878898621, 20.3871192932, 20.8747386932, 21.3739681244, 21.8731975555, 22.3724250793, 22.8716545105, 23.3592739105, 23.8701133728, 24.3809528351, 24.8801803589, 25.3677997589, 25.8670291901, 26.3778686523, 26.8887062073, 27.3763256073, 27.8639450073, 28.3747844696, 28.8740139008, 29.3732414246, 29.8840808868, 30.383310318, 30.8825397491, 31.3701572418, 31.8809967041, 32.3802261353, 32.8794555664, 33.3786849976, 33.8779144287, 34.3771438599, 34.8763694763, 35.3755989075, 35.8748283386, 36.3740577698, 36.8732872009, 37.3725166321, 37.8717460632, 38.3593635559, 38.8585929871, 39.3578224182, 39.8686599731, 40.3795013428, 40.8787307739, 41.3779602051, 41.8771858215, 42.3764152527, 42.8872566223, 43.374874115, 43.8741035461, 44.3733329773, 44.8725624084, 45.3717918396, 45.8826293945, 46.3818588257, 46.8810882568, 47.3687057495, 47.8795471191, 48.3903846741, 48.8896141052, 49.3888435364, 49.8880729675, 50.3873023987, 50.8865280151, 51.3857574463, 51.8849868774, 52.3726081848, 52.871837616, 53.3710632324, 53.8702926636, 54.3579139709, 54.8455314636, 55.3563690186, 55.8672103882, 56.3780479431, 56.8888893127, 57.3765068054, 57.8757362366, 58.3749656677, 58.8858032227, 59.37342453, 59.8726501465, 60.3718795776, 60.8711090088, 61.3703384399, 61.8695678711, 62.3687973022, 62.8796348572, 63.3672561646, 63.889705658, 64.3889312744, 64.8881607056, 65.3873901367, 65.8866195679, 66.385848999, 66.8734664917, 67.3610839844, 67.871925354, 68.3827667236, 68.8703842163, 69.3696136475, 69.8688430786, 70.3680725098, 70.8673019409, 71.3549194336, 71.8657608032, 72.3765945435, 72.8758239746, 73.3750534058, 73.8742828369, 74.3735122681, 74.8843536377, 75.3719711304, 75.8712005615, 76.3704299927, 76.8696594238, 77.368888855, 77.8797302246, 78.3789520264, 78.8781814575, 79.3658065796, 79.8766403198, 80.3874816895, 80.8867111206, 81.3859405518, 81.8851699829, 82.3843994141, 82.8836288452, 83.3828582764, 83.8820877075, 84.3813171387, 84.8805389404, 85.3797683716, 85.8673934937, 86.3666229248, 86.865852356, 87.3766860962, 87.8759155273, 88.3751449585, 88.8859863281, 89.3736038208, 89.872833252, 90.3720626831, 90.8712921143, 91.3705215454, 91.8813552856, 92.3805847168, 92.8798141479, 93.36743927, 93.8782730103, 94.3775024414, 94.8767318726, 95.3759613037, 95.8751907349, 96.374420166, 96.8736495972, 97.3728790283, 97.8721084595, 98.3713378906, 98.8589553833, 99.3581848145, 99.8690261841, 100.379859924, 100.855873108, 101.366706848, 101.877548218, 102.376777649, 102.87600708, 103.375236511, 103.886077881, 104.385307312, 104.884536743, 105.372154236, 105.871383667, 106.370613098, 106.869842529, 107.36907196, 107.868293762, 108.367523193, 108.866752625, 109.365982056, 109.876823425, 110.376052856, 110.875282288, 111.36289978, 111.87374115, 112.372970581, 112.872200012, 113.371429443, 113.870658875, 114.381492615, 114.869110107, 115.356735229, 115.86756897, 116.378410339, 116.866027832, 117.353645325, 117.864486694, 118.375328064, 118.874557495, 119.373786926, 119.884620667, 120.383850098, 120.883079529, 121.370697021, 121.881538391, 122.369155884, 122.868385315, 123.367614746, 123.866844177, 124.366073608, 124.86530304, 125.364532471, 125.863761902, 126.362991333, 126.862220764, 127.361450195, 127.872291565, 128.371520996, 128.870742798, 129.369979858, 129.86920166, 130.3800354, 130.890884399, 131.378494263, 131.889343262, 132.376953125, 132.864578247, 133.363800049, 133.863037109, 134.37387085, 134.884719849, 135.372329712, 135.883178711, 136.382400513, 136.881637573, 137.380859375, 137.880081177, 138.390930176, 138.890151978, 139.389389038, 139.88861084, 140.3878479, 140.875457764, 141.363082886, 141.873916626, 142.373153687, 142.872375488, 143.371612549, 143.870834351, 144.370071411, 144.869293213, 145.368530273, 145.879364014, 146.378585815, 146.877822876, 147.377044678, 147.876281738, 148.37550354, 148.874740601, 149.373962402, 149.873199463, 150.372421265, 150.871658325, 151.370880127, 151.881713867, 152.380950928, 152.880172729, 153.37940979, 153.878631592, 154.377868652, 154.877090454, 155.376327515, 155.887161255, 156.386398315, 156.874008179, 157.361633301, 157.872467041, 158.371704102, 158.859313965, 159.358551025, 159.869384766, 160.380218506, 160.879455566, 161.378677368, 161.877914429, 162.37713623, 162.876373291, 163.375595093, 163.874832153, 164.374053955, 164.873291016, 165.372512817, 165.871749878, 166.37097168, 166.870193481, 167.369430542, 167.880264282, 168.391113281, 168.890335083, 169.389572144, 169.888793945, 170.388031006, 170.875640869, 171.37487793, 171.874099731, 172.384933472, 172.872558594, 173.371795654, 173.871017456, 174.381851196, 174.881088257, 175.380310059, 175.879547119, 176.378768921, 176.878005981, 177.377227783, 177.876464844, 178.375686646, 178.874923706, 179.374145508, 179.873382568, 180.37260437, 180.871826172, 181.371063232, 181.881896973, 182.381134033, 182.880355835, 183.367980957, 183.878814697, 184.378051758, 184.87727356, 185.37651062, 185.88734436, 186.386566162, 186.874191284, 187.373413086, 187.872650146, 188.383483887, 188.882720947, 189.381942749, 189.88117981, 190.380401611, 190.879638672, 191.378860474, 191.878097534, 192.377319336, 192.876556396, 193.375778198, 193.875015259, 194.374237061, 194.873458862, 195.372695923, 195.871917725, 196.371154785, 196.870376587, 197.369613647, 197.868835449, 198.36807251, 198.87890625, 199.378143311, 199.877365112, 200.376602173, 200.875823975, 201.375045776, 201.874282837, 202.373504639, 202.872741699, 203.371963501, 203.871200562, 204.370422363, 204.869659424, 205.368881226, 205.868118286, 206.378952026, 206.878189087, 207.377410889, 207.87663269, 208.375869751, 208.875091553, 209.374328613, 209.873550415, 210.372787476, 210.872009277, 211.371246338, 211.87046814, 212.3697052, 212.868927002, 213.368164062, 213.878997803, 214.378234863, 214.877456665, 215.376678467, 215.875915527, 216.386749268, 216.885986328, 217.38520813, 217.872833252, 218.372055054, 218.871292114, 219.370513916, 219.869750977, 220.368972778, 220.868209839, 221.367431641, 221.866668701, 222.377502441, 222.876724243, 223.375961304, 223.875183105, 224.374420166, 224.873641968, 225.372879028, 225.87210083, 226.371337891, 226.870559692, 227.369796753, 227.869018555, 228.368255615, 228.867477417, 229.366714478, 229.865936279, 230.36517334, 230.864395142, 231.363616943, 231.874465942, 232.385299683, 232.872924805, 233.372146606, 233.859771729, 234.35899353, 234.869842529, 235.369064331, 235.868301392, 236.379135132, 236.889968872, 237.400817871, 237.911651611, 238.422485352, 238.933334351], "beats_loudness": {"dmean2": 0.0475866049528, "median": 0.0255080219358, "min": 7.39441716746e-08, "dvar2": 0.0013341443846, "dvar": 0.000541106739547, "dmean": 0.0280171185732, "max": 0.115270577371, "var": 0.000624435546342, "mean": 0.0315156169236}, "danceability": 1.1305257082, "bpm_histogram_second_peak_weight": {"dmean2": 0, "median": 0.0105263162404, "min": 0.0105263162404, "dvar2": 0, "dvar": 0, "dmean": 0, "max": 0.0105263162404, "var": 0, "mean": 0.0105263162404}, "beats_count": 476, "bpm_histogram_second_peak_bpm": {"dmean2": 0, "median": 105, "min": 105, "dvar2": 0, "dvar": 0, "dmean": 0, "max": 105, "var": 0, "mean": 105}, "bpm_histogram_first_peak_spread": {"dmean2": 0, "median": 0.310722112656, "min": 0.310722112656, "dvar2": 0, "dvar": 0, "dmean": 0, "max": 0.310722112656, "var": 0, "mean": 0.310722112656}, "beats_loudness_band_ratio": {"dmean2": [0.597308635712, 0.185887187719, 0.317770928144, 0.293113291264, 0.146059319377, 0.19281873107], "median": [0.412071108818, 0.047005597502, 0.0812347903848, 0.073607057333, 0.056101731956, 0.0712158828974], "min": [0.000517483218573, 3.20419821946e-05, 3.97845360567e-05, 2.0031035092e-05, 4.79300288134e-05, 4.31574444519e-05], "dvar2": [0.128398984671, 0.0401843674481, 0.102352768183, 0.0655200332403, 0.0193233955652, 0.0357294678688], "dvar": [0.0764238536358, 0.0141625897959, 0.0365296564996, 0.0275744125247, 0.00779503863305, 0.0144771123305], "dmean": [0.366381138563, 0.100739009678, 0.173983097076, 0.171763241291, 0.0863906517625, 0.116121634841], "max": [0.998046278954, 0.762735724449, 0.884554445744, 0.89297658205, 0.646898329258, 0.996585488319], "var": [0.115486286581, 0.0126055348665, 0.0320390462875, 0.0334846526384, 0.00815700925887, 0.0186945553869], "mean": [0.43720588088, 0.0899493545294, 0.14930203557, 0.15392537415, 0.0829465538263, 0.11364774406]}}, "lowlevel": {"barkbands_spread": {"dmean2": 11.7774505615, "median": 20.9075107574, "min": 0.0675808787346, "dvar2": 248.891036987, "dvar": 105.941970825, "dmean": 7.6020822525, "max": 138.028656006, "var": 317.393829346, "mean": 23.8125705719}, "melbands_spread": {"dmean2": 14.0088233948, "median": 20.8971347809, "min": 0.173352211714, "dvar2": 457.464233398, "dvar": 199.055160522, "dmean": 9.02364253998, "max": 241.408309937, "var": 600.513977051, "mean": 26.2683162689}, "hfc": {"dmean2": 11.4621238708, "median": 12.4625864029, "min": 1.16964317997e-16, "dvar2": 726.380371094, "dvar": 281.084411621, "dmean": 7.50485229492, "max": 214.140350342, "var": 434.199432373, "mean": 18.238407135}, "barkbands_kurtosis": {"dmean2": 23.7732315063, "median": 1.58866739273, "min": -1.93950259686, "dvar2": 18900.6796875, "dvar": 7829.18017578, "dmean": 15.1765480042, "max": 4477.62060547, "var": 10230.8691406, "mean": 21.0764274597}, "gfcc": {"mean": [-41.4934272766, 71.3268585205, -107.516670227, 28.619430542, -39.8872146606, 12.7857131958, -18.9164733887, 17.0485477448, -17.9638137817, 11.1542491913, -4.71786832809, 5.79227828979, -6.52511405945], "icov": [[0.000124244426843, -0.000107727209979, 0.000106051047624, -0.000170890256413, 0.000252128957072, -0.000208702113014, 0.000193036132259, -0.000441297655925, 0.000486577948323, -0.000321764324326, 0.000343677238561, -0.000152797030751, 0.000149416708155], [-0.000107727209979, 0.000902478233911, -8.02369395387e-05, 0.000127565013827, -0.00063411105657, 0.000618388527073, -0.000522406713571, 0.000533142418135, -0.000571566983126, 0.00120694760699, -0.000834183534607, 0.000781292153988, -0.000373497285182], [0.000106051047624, -8.02369395387e-05, 0.000978225958534, -0.000632746203337, 5.47246709175e-05, -0.000530042336322, 0.000639058533125, -0.000694058835506, 0.000145143814734, -0.000182826115633, 0.000760520459153, -0.000639403529931, 0.000882329593878], [-0.000170890256413, 0.000127565013827, -0.000632746203337, 0.0028792375233, -0.00130624545272, 0.00052959297318, -0.000551050179638, 0.000732486951165, -0.00120191578753, 0.000299051549518, 0.0002556933905, 0.000699836760759, -0.00106980151031], [0.000252128957072, -0.00063411105657, 5.47246709175e-05, -0.00130624545272, 0.00430982885882, -0.0012813656358, -0.000292322714813, -0.000716030830517, 0.00089357723482, 0.000160856128787, 0.000344246218447, -0.000268458214123, -0.000128602943732], [-0.000208702113014, 0.000618388527073, -0.000530042336322, 0.00052959297318, -0.0012813656358, 0.0049437652342, -0.00264672446065, 0.00120610708836, -0.000330529961502, 2.67894210992e-05, -0.000766314333305, 0.000310297240503, 0.00020875602786], [0.000193036132259, -0.000522406713571, 0.000639058533125, -0.000551050179638, -0.000292322714813, -0.00264672446065, 0.00607332447544, -0.00226002372801, 0.000444348028395, -0.000555205100682, -0.00105166842695, -0.000308954011416, 0.000912379124202], [-0.000441297655925, 0.000533142418135, -0.000694058835506, 0.000732486951165, -0.000716030830517, 0.00120610708836, -0.00226002372801, 0.00941366981715, -0.00477523636073, 0.00111259217374, -0.00301492097788, 0.000320569990436, -0.00020885754202], [0.000486577948323, -0.000571566983126, 0.000145143814734, -0.00120191578753, 0.00089357723482, -0.000330529961502, 0.000444348028395, -0.00477523636073, 0.0076858503744, -0.00423674797639, 0.002741395263, -0.000832897843793, -0.000326441921061], [-0.000321764324326, 0.00120694760699, -0.000182826115633, 0.000299051549518, 0.000160856128787, 2.67894210992e-05, -0.000555205100682, 0.00111259217374, -0.00423674797639, 0.0105073424056, -0.00452059460804, -7.51217739889e-05, -0.000480195652926], [0.000343677238561, -0.000834183534607, 0.000760520459153, 0.0002556933905, 0.000344246218447, -0.000766314333305, -0.00105166842695, -0.00301492097788, 0.002741395263, -0.00452059460804, 0.00922205578536, -0.00148162746336, -0.000855394231621], [-0.000152797030751, 0.000781292153988, -0.000639403529931, 0.000699836760759, -0.000268458214123, 0.000310297240503, -0.000308954011416, 0.000320569990436, -0.000832897843793, -7.51217739889e-05, -0.00148162746336, 0.00829993467778, -0.00317090167664], [0.000149416708155, -0.000373497285182, 0.000882329593878, -0.00106980151031, -0.000128602943732, 0.00020875602786, 0.000912379124202, -0.00020885754202, -0.000326441921061, -0.000480195652926, -0.000855394231621, -0.00317090167664, 0.0100426385179]], "cov": [[14603.9179688, 245.443359375, -828.954650879, -27.4038505554, -650.006347656, 76.5131912231, -313.665100098, 37.1995849609, -696.523620605, -8.82811546326, -265.586761475, -37.5942878723, -176.439651489], [245.443359375, 1928.65612793, -182.194351196, 108.192733765, 287.489532471, -99.9444122314, 116.359016418, -56.6034660339, -91.7758026123, -232.012145996, 40.563835144, -175.720672607, 23.5156841278], [-828.954650879, -182.194351196, 1718.67590332, 382.404327393, 125.311470032, 76.549621582, -102.418937683, 61.6056022644, 154.782028198, -20.7091026306, -185.368759155, 44.1920547485, -91.901763916], [-27.4038505554, 108.192733765, 382.404327393, 562.691101074, 177.214782715, 12.0990724564, 18.8509922028, 24.771062851, 100.027603149, -15.8465852737, -69.9305038452, -17.6162414551, 22.5708236694], [-650.006347656, 287.489532471, 125.311470032, 177.214782715, 397.484863281, 92.3859405518, 105.922088623, 11.1017198563, 14.5630254745, -44.8382606506, 15.0348415375, -22.0632190704, 14.6524677277], [76.5131912231, -99.9444122314, 76.549621582, 12.0990724564, 92.3859405518, 335.857391357, 161.036972046, 31.9073066711, 7.75894403458, 43.4485702515, 54.3594284058, 14.7139778137, -18.4514827728], [-313.665100098, 116.359016418, -102.418937683, 18.8509922028, 105.922088623, 161.036972046, 330.556793213, 99.0635681152, 59.7409248352, 56.888381958, 122.410736084, 11.3685321808, 8.7167930603], [37.1995849609, -56.6034660339, 61.6056022644, 24.771062851, 11.1017198563, 31.9073066711, 99.0635681152, 228.837600708, 157.782928467, 88.3061904907, 80.8040161133, 40.9951553345, 18.9834671021], [-696.523620605, -91.7758026123, 154.782028198, 100.027603149, 14.5630254745, 7.75894403458, 59.7409248352, 157.782928467, 339.338256836, 129.272857666, 34.9905319214, 51.7643966675, 38.4218826294], [-8.82811546326, -232.012145996, -20.7091026306, -15.8465852737, -44.8382606506, 43.4485702515, 56.888381958, 88.3061904907, 129.272857666, 213.061828613, 100.641517639, 61.0160293579, 29.0522575378], [-265.586761475, 40.563835144, -185.368759155, -69.9305038452, 15.0348415375, 54.3594284058, 122.410736084, 80.8040161133, 34.9905319214, 100.641517639, 233.977249146, 45.9096641541, 44.2934570312], [-37.5942878723, -175.720672607, 44.1920547485, -17.6162414551, -22.0632190704, 14.7139778137, 11.3685321808, 40.9951553345, 51.7643966675, 61.0160293579, 45.9096641541, 171.956848145, 50.3010940552], [-176.439651489, 23.5156841278, -91.901763916, 22.5708236694, 14.6524677277, -18.4514827728, 8.7167930603, 18.9834671021, 38.4218826294, 29.0522575378, 44.2934570312, 50.3010940552, 136.020980835]]}, "spectral_energyband_middle_low": {"dmean2": 0.00461658462882, "median": 0.00285445712507, "min": 3.44742691654e-22, "dvar2": 7.26360885892e-05, "dvar": 3.43619431078e-05, "dmean": 0.00298382877372, "max": 0.0686801970005, "var": 0.000137259950861, "mean": 0.00728674605489}, "melbands_crest": {"dmean2": 5.2499423027, "median": 18.3516407013, "min": 1.66337275505, "dvar2": 25.1127338409, "dvar": 10.5344839096, "dmean": 3.32117319107, "max": 38.5802993774, "var": 53.4662628174, "mean": 18.5974063873}, "spectral_kurtosis": {"dmean2": 2.77317285538, "median": 4.62553119659, "min": -1.20400846004, "dvar2": 15.8121776581, "dvar": 5.95853853226, "dmean": 1.72630798817, "max": 77.1560440063, "var": 12.556473732, "mean": 5.07652187347}, "spectral_rms": {"dmean2": 0.00119328184519, "median": 0.00478022824973, "min": 3.2132226567e-12, "dvar2": 2.56808152699e-06, "dvar": 1.03561330889e-06, "dmean": 0.00079635164002, "max": 0.0130856279284, "var": 5.54618327442e-06, "mean": 0.00461230007932}, "zerocrossingrate": {"dmean2": 0.0167892538011, "median": 0.05419921875, "min": 0.001953125, "dvar2": 0.000522309157532, "dvar": 0.000400900142267, "dmean": 0.0142822265625, "max": 0.97900390625, "var": 0.00843548309058, "mean": 0.0698034390807}, "silence_rate_60dB": {"dmean2": 0.0763936042786, "median": 0, "min": 0, "dvar2": 0.0781208276749, "dvar": 0.0367380529642, "dmean": 0.0381930992007, "max": 1, "var": 0.122955948114, "mean": 0.143549486995}, "erbbands_kurtosis": {"dmean2": 1.965457201, "median": 0.0847952365875, "min": -1.85552358627, "dvar2": 10.5962257385, "dvar": 4.32912731171, "dmean": 1.24064290524, "max": 62.1588973999, "var": 9.39628505707, "mean": 0.950576007366}, "erbbands": {"dmean2": [0.265691518784, 1.92981719971, 2.45064234734, 2.25727319717, 8.91477584839, 6.44386529922, 6.28909444809, 6.8487739563, 7.78571033478, 9.50000858307, 13.5354881287, 23.2487773895, 17.5075874329, 20.9922027588, 29.593421936, 26.0599708557, 26.3981437683, 29.4459457397, 26.088388443, 17.2192573547, 13.6377620697, 14.6391067505, 15.2048473358, 12.18663311, 17.4416503906, 20.1085777283, 11.7534790039, 20.7509918213, 5.18356895447, 9.75177574158, 2.93845415115, 1.3609200716, 1.06628513336, 0.611401021481, 0.580603420734, 0.285145163536, 0.0972907245159, 0.0219686627388, 0.00293358624913, 0.000211315578781], "median": [0.102945312858, 0.514949202538, 0.370502561331, 0.303647696972, 0.539714038372, 1.15262198448, 1.7186974287, 2.4751765728, 2.26225972176, 2.8479487896, 4.39315509796, 5.57748937607, 3.17582774162, 3.6229159832, 5.54172754288, 5.3039355278, 5.04998922348, 4.22683477402, 3.67921280861, 3.82519888878, 3.71980571747, 4.40543746948, 5.83245944977, 5.61174964905, 4.76117563248, 4.51509284973, 2.56351876259, 1.4110789299, 0.776068389416, 0.644206702709, 0.511137008667, 0.310909181833, 0.233457803726, 0.147210940719, 0.0848859846592, 0.0312775671482, 0.0125725772232, 0.00267996871844, 0.000309763359837, 5.95219025854e-05], "min": [5.94620530187e-22, 4.12382776063e-21, 6.09655052789e-21, 4.53891741255e-20, 1.30387407207e-19, 4.59294587748e-20, 1.19883001834e-19, 1.50554173938e-19, 5.17344294292e-19, 5.35804122131e-19, 5.12554918545e-19, 1.52529933606e-18, 2.7684033178e-18, 2.23031323035e-18, 1.78297871137e-18, 1.94332601875e-18, 3.66074859863e-18, 2.99686377875e-18, 6.90690724321e-18, 5.52717370378e-18, 5.70687579673e-18, 6.9435277697e-18, 5.41558869351e-18, 1.13793425343e-17, 8.77336295405e-18, 1.33469057722e-17, 1.76308601026e-17, 1.48595502789e-17, 1.52866103943e-17, 1.74916555316e-17, 1.59977441843e-17, 1.22126095418e-17, 1.04500894886e-17, 9.45766383221e-18, 8.21217881107e-18, 5.1274328825e-18, 3.23562511987e-18, 9.93912513493e-19, 3.84071487238e-19, 3.69509302134e-20], "dvar2": [0.386553555727, 21.9581260681, 52.9063186646, 60.1942253113, 609.844177246, 226.51260376, 182.66986084, 173.143157959, 338.238983154, 630.271362305, 999.796813965, 4237.30273438, 3273.21411133, 4171.80712891, 5454.95166016, 6672.55908203, 5161.14257812, 7082.12890625, 7088.40234375, 2944.59887695, 1638.83703613, 1718.48571777, 1715.40942383, 664.016174316, 2298.70410156, 3318.09838867, 1554.48535156, 10975.7431641, 420.516387939, 2183.73388672, 93.9635391235, 9.47271537781, 5.69558858871, 1.60204517841, 1.97703099251, 0.475119799376, 0.0344157740474, 0.00180689501576, 3.98677075282e-05, 2.39309088101e-07], "dvar": [0.156558811665, 7.60826015472, 18.3936309814, 21.8840675354, 333.552825928, 92.4346160889, 69.8135757446, 71.4869613647, 139.825180054, 264.044891357, 401.963592529, 1849.47692871, 1469.1595459, 1752.25158691, 2959.95288086, 3003.05908203, 2148.36401367, 3055.73974609, 2597.87084961, 1327.72290039, 771.052429199, 688.743164062, 742.71105957, 296.400970459, 1148.45556641, 1609.93371582, 605.110595703, 3912.41772461, 152.367721558, 790.824523926, 36.6141014099, 4.23033428192, 2.56208133698, 0.686616897583, 0.773713946342, 0.202236577868, 0.0150768700987, 0.000755738816224, 1.58304519573e-05, 9.49077048062e-08], "dmean": [0.178913041949, 1.18033468723, 1.44322967529, 1.37124097347, 6.0853471756, 3.94910240173, 3.7455728054, 4.25937175751, 4.77523565292, 5.83851575851, 8.33011817932, 15.0574531555, 11.5454502106, 13.6885499954, 20.9844608307, 17.3499336243, 17.0034542084, 18.7993144989, 15.594171524, 10.8297624588, 9.02289104462, 9.35412883759, 9.71887969971, 7.81864500046, 11.8651351929, 13.5078954697, 7.2401714325, 11.8393678665, 3.04573845863, 5.7778635025, 1.81009078026, 0.868300199509, 0.684345960617, 0.387628465891, 0.364185214043, 0.18735820055, 0.0640476942062, 0.0142515525222, 0.00185023061931, 0.000132570625283], "max": [7.27518749237, 31.0045509338, 58.7938919067, 108.972770691, 217.659423828, 121.962043762, 142.414321899, 174.084716797, 469.692901611, 450.491607666, 513.780151367, 1431.26220703, 1309.40808105, 1149.9440918, 1471.46032715, 1694.97180176, 1186.37011719, 1389.94628906, 727.121337891, 1098.56665039, 932.869812012, 1260.59655762, 1048.09118652, 463.002685547, 1115.63208008, 1082.63720703, 403.172393799, 764.744140625, 138.78024292, 406.343200684, 100.875007629, 63.5125083923, 63.6411743164, 22.5209674835, 9.58925056458, 7.4582118988, 1.67295646667, 0.458148896694, 0.0414897426963, 0.00303006451577], "var": [0.429831147194, 13.3381528854, 16.4447536469, 24.5763835907, 1343.82617188, 165.016357422, 90.2895355225, 145.835845947, 226.069793701, 587.493041992, 801.048095703, 3940.87304688, 3822.24487305, 5369.15966797, 14703.6552734, 6273.08007812, 5882.31835938, 5987.11083984, 2844.74291992, 2038.33300781, 2140.0090332, 3591.44042969, 2281.47143555, 716.989318848, 2871.73364258, 3734.56738281, 656.449768066, 2517.83935547, 111.780044556, 678.73651123, 38.7094039917, 7.11867856979, 4.09723615646, 1.01387155056, 0.963087201118, 0.301663011312, 0.0219420325011, 0.00092365720775, 1.59422761499e-05, 9.82895258517e-08], "mean": [0.454109281301, 2.30795550346, 1.88425540924, 2.22040605545, 12.7105760574, 6.06396055222, 4.93353033066, 6.80322885513, 7.1861114502, 9.04776096344, 12.8223876953, 24.2877750397, 20.3042163849, 26.8759822845, 49.7699127197, 31.5639362335, 33.9902305603, 29.6637096405, 22.0152759552, 15.9433174133, 15.7191057205, 18.4353675842, 17.8895111084, 14.5822820663, 22.5289497375, 23.9190559387, 9.53586196899, 10.2256336212, 3.12058854103, 5.62306547165, 2.04810428619, 1.07743918896, 0.857229530811, 0.482999265194, 0.446357250214, 0.223727017641, 0.0736778900027, 0.0150042511523, 0.00185639562551, 0.000157563001267]}, "spectral_strongpeak": {"dmean2": 0.933009326458, "median": 0.418805480003, "min": 0, "dvar2": 4.20818567276, "dvar": 1.5698133707, "dmean": 0.540690302849, "max": 19.1632289886, "var": 2.21308588982, "mean": 0.987096905708}, "spectral_energy": {"dmean2": 0.0136476028711, "median": 0.0234218481928, "min": 1.05829196764e-20, "dvar2": 0.000487430021167, "dvar": 0.000179467198905, "dmean": 0.00877513363957, "max": 0.175514489412, "var": 0.00052337924717, "mean": 0.0274899639189}, "average_loudness": 0.931173324585, "spectral_rolloff": {"dmean2": 1099.66662598, "median": 1098.19335938, "min": 43.06640625, "dvar2": 3987934.25, "dvar": 1754060.375, "dmean": 647.254150391, "max": 22028.4667969, "var": 7544928, "mean": 1826.1842041}, "spectral_centroid": {"dmean2": 509.262908936, "median": 1612.28039551, "min": 85.1456756592, "dvar2": 371654.78125, "dvar": 178080.46875, "dmean": 337.241455078, "max": 11029.8652344, "var": 749437.0625, "mean": 1660.38269043}, "pitch_salience": {"dmean2": 0.134309083223, "median": 0.436234235764, "min": 0.00953449588269, "dvar2": 0.0191087182611, "dvar": 0.00762235745788, "dmean": 0.0836030319333, "max": 0.919386684895, "var": 0.0282089225948, "mean": 0.433952301741}, "spectral_energyband_middle_high": {"dmean2": 0.00302042672411, "median": 0.00230332906358, "min": 1.38502921837e-21, "dvar2": 3.3785130654e-05, "dvar": 1.42532653626e-05, "dmean": 0.00200576568022, "max": 0.0578520558774, "var": 5.67660244997e-05, "mean": 0.00569700682536}, "spectral_contrast_coeffs": {"dmean2": [0.0873734951019, 0.0815361812711, 0.0659460276365, 0.054133426398, 0.0434957779944, 0.036910995841], "median": [-0.694117844105, -0.741400957108, -0.758828043938, -0.774075508118, -0.772731542587, -0.783619880676], "min": [-0.963277280331, -0.965023756027, -0.965745151043, -0.960026085377, -0.956364095211, -0.961433589458], "dvar2": [0.00563224079087, 0.00451203994453, 0.00299444794655, 0.00203915406018, 0.00141934794374, 0.00116616196465], "dvar": [0.0025837298017, 0.00182387477253, 0.00136787549127, 0.000941606471315, 0.000726649130229, 0.000602022511885], "dmean": [0.0541171692312, 0.0505869574845, 0.0423046313226, 0.0346624441445, 0.0286845527589, 0.0250305607915], "max": [-0.322581321001, -0.425646007061, -0.356629818678, -0.456841140985, -0.467834681273, -0.584593594074], "var": [0.0122435530648, 0.00700541120023, 0.00997617654502, 0.00667056953534, 0.00504565192387, 0.00310430512764], "mean": [-0.676222860813, -0.735686063766, -0.741796135902, -0.759063780308, -0.761047899723, -0.773518383503]}, "melbands_skewness": {"dmean2": 1.8019862175, "median": 2.50964593887, "min": -2.22642469406, "dvar2": 6.60347938538, "dvar": 2.9653301239, "dmean": 1.18411242962, "max": 29.9437179565, "var": 14.1028156281, "mean": 3.61449813843}, "spectral_spread": {"dmean2": 1234708.25, "median": 4273353.5, "min": 960458.1875, "dvar2": 2042192461820.0, "dvar": 1147047378940.0, "dmean": 873265.8125, "max": 39893064, "var": 4916620296190.0, "mean": 4919422.5}, "dissonance": {"dmean2": 0.0345807820559, "median": 0.468341886997, "min": 0.279495507479, "dvar2": 0.00117123953532, "dvar": 0.000433421635535, "dmean": 0.0206258520484, "max": 0.5, "var": 0.00105399580207, "mean": 0.459603220224}, "spectral_skewness": {"dmean2": 0.385518550873, "median": 1.54174828529, "min": -0.0593850426376, "dvar2": 0.160847038031, "dvar": 0.0683378502727, "dmean": 0.253854334354, "max": 6.78777742386, "var": 0.25125721097, "mean": 1.56278061867}, "spectral_flux": {"dmean2": 0.0471566878259, "median": 0.0654556006193, "min": 1.02873320973e-10, "dvar2": 0.00255298311822, "dvar": 0.00110609421972, "dmean": 0.0291851442307, "max": 0.347194612026, "var": 0.0026773812715, "mean": 0.0757677480578}, "spectral_contrast_valleys": {"dmean2": [0.794345974922, 0.740790367126, 0.628088951111, 0.56271058321, 0.505352199078, 0.683857917786], "median": [-7.7197675705, -7.28062438965, -7.85421085358, -8.20660209656, -7.93316793442, -10.3961429596], "min": [-27.6979427338, -27.4259395599, -27.2343769073, -27.3526115417, -27.3178539276, -27.302646637], "dvar2": [0.510466516018, 0.472526162863, 0.328064918518, 0.312606602907, 0.291614085436, 0.576665103436], "dvar": [0.248872950673, 0.208403393626, 0.156728312373, 0.150258183479, 0.146538242698, 0.295433431864], "dmean": [0.512599229813, 0.467169135809, 0.408309012651, 0.368968784809, 0.35073018074, 0.513844788074], "max": [-5.32749271393, -4.75853300095, -5.21272373199, -5.3327589035, -5.4556016922, -7.76980495453], "var": [2.36435198784, 1.75588417053, 1.71850800514, 1.54141378403, 1.4871083498, 1.70298969746], "mean": [-7.95286512375, -7.48555088043, -8.04499721527, -8.37656593323, -8.11241149902, -10.5965862274]}, "erbbands_flatness_db": {"dmean2": 0.034626159817, "median": 0.157872900367, "min": 0.0144392671064, "dvar2": 0.00108290836215, "dvar": 0.000544080045074, "dmean": 0.0241956226528, "max": 0.411116212606, "var": 0.00286630657502, "mean": 0.159120962024}, "spectral_energyband_high": {"dmean2": 0.00108307413757, "median": 0.000260724627879, "min": 7.65825702307e-21, "dvar2": 1.45617887028e-05, "dvar": 5.36790503247e-06, "dmean": 0.000664684979711, "max": 0.027558831498, "var": 4.6541890697e-06, "mean": 0.000821663008537}, "spectral_entropy": {"dmean2": 0.343203723431, "median": 7.45953989029, "min": 5.10172128677, "dvar2": 0.127325236797, "dvar": 0.0612723380327, "dmean": 0.241338759661, "max": 9.8037776947, "var": 0.281823575497, "mean": 7.45042324066}, "silence_rate_20dB": {"dmean2": 0, "median": 1, "min": 1, "dvar2": 0, "dvar": 0, "dmean": 0, "max": 1, "var": 0, "mean": 1}, "melbands_flatness_db": {"dmean2": 0.052567191422, "median": 0.225419566035, "min": 0.00445461319759, "dvar2": 0.00319182663225, "dvar": 0.0015125030186, "dmean": 0.0362379103899, "max": 0.697336375713, "var": 0.0110182631761, "mean": 0.240436211228}, "barkbands": {"dmean2": [0.000312079675496, 0.0084308674559, 0.00170751486439, 0.00113166926894, 0.00241059507243, 0.000855597842019, 0.000609211565461, 0.000538337160833, 0.000996428425424, 0.000505976204295, 0.000835682847537, 0.000778190733399, 0.000643258506898, 0.000655005045701, 0.0004324017209, 0.000255103193922, 0.00028302858118, 0.000269372452749, 0.000295647711027, 0.000465903838631, 0.000450363149866, 0.000114718743134, 0.000220530229853, 6.38319761492e-05, 6.99002412148e-05, 5.53287354705e-05, 1.93135128939e-05], "median": [7.51461557229e-05, 0.0028111259453, 8.64839967107e-05, 5.55943479412e-05, 0.000341536302585, 0.000281438522507, 0.000145728336065, 0.000138987335959, 0.000236928724917, 6.0075231886e-05, 9.12197647267e-05, 0.000111185894639, 8.45095783006e-05, 5.35314138688e-05, 6.1472717789e-05, 5.38400890946e-05, 7.1330483479e-05, 9.92499990389e-05, 8.37527768454e-05, 9.48497472564e-05, 4.00512872147e-05, 2.01054099307e-05, 1.88795947906e-05, 1.47184900925e-05, 1.33739713419e-05, 6.91670675224e-06, 1.77531217105e-06], "min": [1.06958029267e-23, 1.8941522211e-23, 5.19186872062e-24, 2.22513695769e-23, 2.97806256655e-23, 2.08548538495e-23, 4.10421799119e-23, 1.89512110006e-23, 5.40880018419e-23, 8.74617216921e-23, 4.59489894057e-23, 4.41267901344e-23, 7.40648882138e-23, 6.23838145825e-23, 1.32964777494e-22, 7.60970380818e-23, 1.32550038607e-22, 1.39454679364e-22, 2.0809106859e-22, 2.71973870353e-22, 4.15923163611e-22, 5.71548431302e-22, 4.98465327817e-22, 6.89931386332e-22, 9.56277232687e-22, 1.72572130491e-21, 2.47199190016e-21], "dvar2": [6.483562629e-07, 0.00038547051372, 2.71313328994e-05, 1.25145170387e-05, 3.85724379157e-05, 2.58451882473e-06, 2.21298500946e-06, 1.89054821931e-06, 7.14329962648e-06, 2.65324479187e-06, 5.99972599957e-06, 4.91237960887e-06, 3.07794493892e-06, 4.22561834057e-06, 1.72138004473e-06, 6.50709409911e-07, 5.55895780963e-07, 4.70528192409e-07, 5.18908450431e-07, 1.56814166985e-06, 4.45079786004e-06, 1.58388417049e-07, 9.83998234005e-07, 1.90975111281e-08, 2.39659474488e-08, 1.29892239187e-08, 1.76878756086e-09], "dvar": [3.52749651711e-07, 0.000139423034852, 9.68839685811e-06, 4.75070373795e-06, 2.00998947548e-05, 1.01434170574e-06, 9.22081767385e-07, 7.58675355428e-07, 3.15772558679e-06, 1.2150595694e-06, 2.89236754725e-06, 2.27634996008e-06, 1.29769739488e-06, 1.67310986399e-06, 7.0403132213e-07, 2.93646877481e-07, 2.45226686957e-07, 1.96237252226e-07, 2.44428548513e-07, 7.62820377531e-07, 1.59644105224e-06, 5.85825361554e-08, 3.61642008784e-07, 8.67344951416e-09, 9.40433242391e-09, 5.64904745204e-09, 7.06824931918e-10], "dmean": [0.0002190