{"tonal": {"thpcp": [1, 0.485510766506, 0.566190958023, 0.73196554184, 0.300134927034, 0.194863408804, 0.268946409225, 0.158237010241, 0.407485097647, 0.651985049248, 0.343365848064, 0.195400699973, 0.269612342119, 0.2120962888, 0.57064718008, 0.824211597443, 0.386443138123, 0.181286692619, 0.234280571342, 0.152212053537, 0.396855592728, 0.572401285172, 0.295989602804, 0.381413787603, 0.479298770428, 0.220605760813, 0.287505567074, 0.397217035294, 0.210388019681, 0.366089016199, 0.596390247345, 0.321731954813, 0.119563132524, 0.11959605664, 0.117942146957, 0.684215962887], "hpcp": {"dmean2": [0.134605795145, 0.0969574227929, 0.0830094367266, 0.0752606987953, 0.054874677211, 0.0544714145362, 0.0643734037876, 0.0459535606205, 0.0710389092565, 0.0850781723857, 0.0681748464704, 0.0507198534906, 0.0550228431821, 0.0604327581823, 0.100974075496, 0.116673834622, 0.0947461649776, 0.0552008859813, 0.0508984811604, 0.0416145287454, 0.0687730908394, 0.0826009586453, 0.0639989078045, 0.073652304709, 0.0804154276848, 0.0555218569934, 0.0633322894573, 0.0722209140658, 0.0572786256671, 0.0722400769591, 0.0844198912382, 0.0658538863063, 0.0398317612708, 0.0378842949867, 0.045358531177, 0.109828747809], "median": [0.0474310256541, 0.0593733154237, 0.00767774414271, 0.00515675498173, 0.00640601292253, 0.00516962679103, 0.00325657171197, 0.00513077247888, 0.00572957424447, 0.00443550851196, 0.006017009262, 0.00352250947617, 0.00199413183145, 0.00562662957236, 0.0207061488181, 0.0287793520838, 0.0175503771752, 0.00248920428567, 0.000939704710618, 0.00347035704181, 0.00762933725491, 0.00876948051155, 0.0151171926409, 0.0097609097138, 0.00753524759784, 0.00913224741817, 0.00371040962636, 0.00251274975017, 0.00584240024909, 0.0151213202626, 0.014591967687, 0.0101570542902, 0.00172323000152, 0.000780427129939, 0.00395898707211, 0.0332981310785], "min": [0, 0, 0, 0, 0, 0, 0, 0, 0, 0, 0, 0, 0, 0, 0, 0, 0, 0, 0, 0, 0, 0, 0, 0, 0, 0, 0, 0, 0, 0, 0, 0, 0, 0, 0, 0], "dvar2": [0.0624800175428, 0.0224246606231, 0.0326218493283, 0.034640327096, 0.013273075223, 0.0189218390733, 0.0315217226744, 0.0137019660324, 0.0247417036444, 0.0384040884674, 0.0257075093687, 0.0182683784515, 0.0269069094211, 0.0198178719729, 0.0382404364645, 0.0523030273616, 0.0378432422876, 0.0230235662311, 0.022910842672, 0.0110988616943, 0.0227394923568, 0.0349538363516, 0.0160816889256, 0.0292329527438, 0.0373949073255, 0.0138133186847, 0.0256413817406, 0.0364786908031, 0.0171495713294, 0.021736331284, 0.0359031781554, 0.0176385417581, 0.0173685252666, 0.0201031509787, 0.0145637430251, 0.037875149399], "dvar": [0.0277381446213, 0.00916093401611, 0.013658340089, 0.0154229011387, 0.00545200612396, 0.00784491468221, 0.0138063235208, 0.00538315949962, 0.0102674318478, 0.0183367226273, 0.0104324156418, 0.00753469392657, 0.0119879404083, 0.00784701574594, 0.0161203444004, 0.0243228022009, 0.0148169444874, 0.00878143217415, 0.0101598473266, 0.00437402306125, 0.00956552755088, 0.016549706459, 0.00702114915475, 0.0123450290412, 0.0165658276528, 0.00558212166652, 0.0107436925173, 0.0158321969211, 0.00682448083535, 0.00884104892612, 0.0159465968609, 0.00755659770221, 0.0070585780777, 0.0083792116493, 0.00526694674045, 0.0157042015344], "dmean": [0.0832443088293, 0.0601123794913, 0.0517817810178, 0.0465608239174, 0.0340570658445, 0.0335686206818, 0.0403505079448, 0.0282816719264, 0.0451066978276, 0.054340466857, 0.0430019572377, 0.0317830704153, 0.0339298546314, 0.0366302356124, 0.0641752704978, 0.0732973515987, 0.0581387318671, 0.0333466567099, 0.0310018397868, 0.0254076272249, 0.043413374573, 0.0510420463979, 0.0400398671627, 0.0459082871675, 0.0504521988332, 0.0344800278544, 0.0393425896764, 0.0440312363207, 0.0348157919943, 0.0455944426358, 0.0527582876384, 0.0423645712435, 0.0236053634435, 0.0228184815496, 0.0266396272928, 0.0688943266869], "max": [1, 1, 1, 1, 1, 1, 1, 1, 1, 1, 1, 1, 1, 1, 1, 1, 1, 1, 1, 1, 1, 1, 1, 1, 1, 0.796298801899, 1, 1, 1, 1, 1, 1, 1, 1, 1, 1], "var": [0.142179459333, 0.0261018183082, 0.0798605680466, 0.129614636302, 0.0262420047075, 0.0177074577659, 0.0383072756231, 0.0104931956157, 0.0435937307775, 0.108796156943, 0.0330565609038, 0.0211059506983, 0.0454785563052, 0.0174747109413, 0.0674540475011, 0.124967485666, 0.0318337008357, 0.0190558321774, 0.0395277291536, 0.0112868444994, 0.0444704182446, 0.0916707739234, 0.0218180138618, 0.0457355566323, 0.074366286397, 0.0129053015262, 0.0371743403375, 0.0666505619884, 0.0192542951554, 0.0340356640518, 0.0934114232659, 0.0290211327374, 0.0142531972378, 0.0169538371265, 0.00628864299506, 0.0728757232428], "mean": [0.273210704327, 0.132646739483, 0.15468943119, 0.199980825186, 0.0820000767708, 0.0532387681305, 0.0734790340066, 0.0432320460677, 0.111329287291, 0.178129300475, 0.0938112214208, 0.0533855631948, 0.0736609771848, 0.0579469762743, 0.155906915665, 0.225183427334, 0.105580404401, 0.0495294630527, 0.0640079602599, 0.0415859632194, 0.108425192535, 0.15638615191, 0.0808675289154, 0.104206331074, 0.130949556828, 0.0602718554437, 0.0785496011376, 0.108523949981, 0.0574802607298, 0.100019440055, 0.162940204144, 0.0879006162286, 0.0326659269631, 0.0326749235392, 0.0322230570018, 0.186935126781]}, "tuning_equal_tempered_deviation": 0.0739148259163, "chords_changes_rate": 0.0447400249541, "key_key": "D", "tuning_diatonic_strength": 0.387714833021, "key_scale": "minor", "chords_number_rate": 0.00459492160007, "tuning_frequency": 442.548919678, "tuning_nontempered_energy_ratio": 0.686042308807, "chords_histogram": [7.59371232986, 4.78839159012, 5.65900850296, 11.6324062347, 1.30592501163, 1.86215233803, 1.76541721821, 12.0435304642, 3.6517534256, 9.67351913452, 0.701330125332, 0.773881494999, 0.19347037375, 2.27327680588, 1.18500602245, 0.773881494999, 3.24062871933, 3.62756943703, 0.0967351868749, 1.18500602245, 3.11970973015, 6.60217666626, 8.02902030945, 8.22249126434], "key_strength": 0.64445734024, "chords_key": "D", "chords_strength": {"dmean2": 0.0051334365271, "median": 0.510539114475, "min": 0.191987976432, "dvar2": 3.11855437758e-05, "dvar": 4.15962749685e-05, "dmean": 0.007219129242, "max": 0.753097832203, "var": 0.0128146987408, "mean": 0.509961605072}, "chords_scale": "major", "hpcp_entropy": {"dmean2": 0.778622567654, "median": 1.45556867123, "min": 0, "dvar2": 0.478287875652, "dvar": 0.186953902245, "dmean": 0.456304162741, "max": 3.21988797188, "var": 0.393495172262, "mean": 1.40243136883}}, "metadata": {"audio_properties": {"equal_loudness": 0, "codec": "flac", "downmix": "mix", "analysis_sample_rate": 44100, "bit_rate": 0, "md5_encoded": "2cbbd532dcc802512e3f40f77c928cab", "length": 191.973327637, "replay_gain": -3.91595840454, "lossless": true}, "version": {"essentia_build_sha": "7f154e5731828a63663f0144680ef47bd640f88b", "essentia": "2.1-beta1", "extractor": "music 1.0", "essentia_git_sha": "v2.1_beta1-6-g5578087"}, "tags": {"title": ["The Promise"], "barcode": ["720258702326"], "media": ["CD"], "albumartist": ["Bruce Broughton"], "tracktotal": ["17"], "albumartistsort": ["Broughton, Bruce"], "releasetype": ["album", "soundtrack"], "musicbrainz_recordingid": ["0f5ede02-8374-45da-b29f-fbcb1f5420d7"], "artistsort": ["Broughton, Bruce"], "musicbrainz_releasegroupid": ["eb654df6-0f0e-4ca7-9fb0-a0f349b90363"], "musicbrainz_albumartistid": ["8efdd66f-98b8-4cfd-95da-62af1b0d85c9"], "artists": ["Bruce Broughton"], "discnumber": ["1"], "composersort": ["Broughton, Bruce"], "catalognumber": ["MAF 7023D"], "releasecountry": ["US"], "originaldate": ["1991"], "work": ["The Promise"], "date": ["1991"], "file_name": "03 The Promise.flac", "musicbrainz_albumid": ["cbdced61-3ca8-4ea9-91ca-a0060659d772"], "disctotal": ["1"], "tracknumber": ["3"], "releasestatus": ["official"], "musicbrainz_artistid": ["8efdd66f-98b8-4cfd-95da-62af1b0d85c9"], "asin": ["B000000O6C"], "musicbrainz_workid": ["54239bce-05a7-4439-92c2-c0a3533461eb"], "musicbrainz_releasetrackid": ["29864cd4-fbed-4fdb-97ed-01ef88a78c5b"], "artist": ["Bruce Broughton"], "arranger": ["Don Nemitz"], "composer": ["Bruce Broughton"], "album": ["O Pioneers!"], "label": ["Intrada"], "totaltracks": ["17"], "totaldiscs": ["1"], "script": ["Latn"], "conductor": ["Bruce Broughton"]}}, "rhythm": {"bpm_histogram_first_peak_bpm": {"dmean2": 0, "median": 110, "min": 110, "dvar2": 0, "dvar": 0, "dmean": 0, "max": 110, "var": 0, "mean": 110}, "bpm": 110.760498047, "bpm_histogram_second_peak_spread": {"dmean2": 0, "median": 0.478260874748, "min": 0.478260874748, "dvar2": 0, "dvar": 0, "dmean": 0, "max": 0.478260874748, "var": 0, "mean": 0.478260874748}, "bpm_histogram_first_peak_weight": {"dmean2": 0, "median": 0.25, "min": 0.25, "dvar2": 0, "dvar": 0, "dmean": 0, "max": 0.25, "var": 0, "mean": 0.25}, "onset_rate": 1.75526130199, "beats_position": [0.53405892849, 1.06811785698, 1.60217678547, 2.14784574509, 2.68190479279, 3.21596360207, 3.75002264977, 4.28408145905, 4.80653047562, 5.31736946106, 5.8282084465, 6.33904743195, 6.84988641739, 7.36072540283, 7.84834432602, 8.34757328033, 8.83519268036, 9.25315189362, 9.67111110687, 10.0890703201, 10.5186395645, 10.9365987778, 11.354557991, 11.7725172043, 12.1904764175, 12.6084346771, 13.0380039215, 13.479183197, 13.9319725037, 14.3847618103, 14.8375511169, 15.2322902679, 15.6270294189, 16.0217685699, 16.4048976898, 16.7880268097, 17.1827659607, 17.5775051117, 17.9606342316, 18.3437633514, 18.7268924713, 19.0984115601, 19.458322525, 19.8182315826, 20.1897506714, 20.549659729, 20.9211788177, 21.2926979065, 21.6642169952, 22.0473461151, 22.430475235, 22.8136043549, 23.1851234436, 23.5566444397, 23.9165534973, 24.2880725861, 24.6595916748, 25.0311107635, 25.4026298523, 25.774148941, 26.1456680298, 26.5171871185, 26.9003162384, 27.2834453583, 27.6665763855, 28.0380954742, 28.4212245941, 28.7927436829, 29.1642627716, 29.5357818604, 29.9189109802, 30.3020401001, 30.68516922, 31.0682983398, 31.4514274597, 31.8229465485, 32.2060775757, 32.6936950684, 33.1580963135, 33.6341018677, 34.1913833618, 34.7486610413, 35.3059387207, 35.8864402771, 36.4669380188, 37.0474357605, 37.6395454407, 38.2200431824, 38.7424926758, 39.2649421692, 39.7873916626, 40.1473007202, 40.5188217163, 40.8787307739, 41.2386398315, 41.5869369507, 41.9468460083, 42.3067550659, 42.6550559998, 43.0033569336, 43.3632659912, 43.7231750488, 44.0946922302, 44.4662132263, 44.8261222839, 45.1744194031, 45.5343284607, 45.894241333, 46.2541503906, 46.6140594482, 46.9739685059, 47.3338775635, 47.6937866211, 48.0536956787, 48.4136047363, 48.7735137939, 49.1334228516, 49.4933319092, 49.8532409668, 50.2131500244, 50.573059082, 50.9445800781, 51.3160972595, 51.6760063171, 52.0475273132, 52.4190483093, 52.7789573669, 53.1388664246, 53.510383606, 53.8819046021, 54.2650337219, 54.6481628418, 55.0196800232, 55.4028091431, 55.7743301392, 56.1458511353, 56.5173683167, 56.8888893127, 57.2720184326, 57.643535614, 58.0266647339, 58.4097938538, 58.7929229736, 59.187664032, 59.6636734009, 60.1396827698, 60.6040802002, 61.1149177551, 61.6257591248, 62.1365966797, 62.6242179871, 63.1234474182, 63.6110649109, 64.1102905273, 64.6095199585, 65.0971450806, 65.5847625732, 66.0723800659, 66.5599975586, 66.9431304932, 67.3262557983, 67.7093887329, 68.1041259766, 68.4988632202, 68.8819961548, 69.26512146, 69.6482543945, 70.0197753906, 70.4029006958, 70.7744216919, 71.1575469971, 71.5755081177, 71.9818572998, 72.3998184204, 72.8758239746, 73.3518371582, 73.8162307739, 74.303855896, 74.7914733887, 75.2790908813, 75.8131484985, 76.3472061157, 76.8928756714, 77.4153289795, 77.9493865967, 78.4950561523, 79.0639419556, 79.6328353882, 80.2017211914, 80.7822189331, 81.3627166748, 81.9432220459, 82.5237197876, 83.0926055908, 83.661491394, 84.2303848267, 84.8108825684, 85.3913803101, 85.9602737427, 86.5407714844, 87.1212692261, 87.6785507202, 88.235824585, 88.7931060791, 89.3619918823, 89.9308853149, 90.4997711182, 91.0222167969, 91.544670105, 92.0671157837, 92.6127853394, 93.158454895, 93.7041244507, 94.2497940063, 94.795463562, 95.3411331177, 95.8984146118, 96.4556884766, 97.0013580322, 97.5470275879, 98.0810852051, 98.6035385132, 99.1375961304, 99.6716537476, 100.205711365, 100.739768982, 101.273826599, 101.807891846, 102.330337524, 102.864395142, 103.398452759, 103.932518005, 104.466575623, 105.00063324, 105.534690857, 106.068748474, 106.602806091, 107.148475647, 107.694145203, 108.239814758, 108.773872375, 109.319541931, 109.876823425, 110.434104919, 110.979774475, 111.525436401, 112.059501648, 112.593559265, 113.127616882, 113.673286438, 114.218955994, 114.753013611, 115.298683167, 115.844352722, 116.390022278, 116.935691833, 117.469749451, 118.003807068, 118.537864685, 119.083534241, 119.629203796, 120.174873352, 120.720542908, 121.266212463, 121.811882019, 122.357551575, 122.90322113, 123.437278748, 123.971336365, 124.505393982, 125.039451599, 125.585121155, 126.13079071, 126.676460266, 127.210517883, 127.756187439, 128.290252686, 128.824310303, 129.369979858, 129.915649414, 130.46131897, 131.006988525, 131.552658081, 132.098312378, 132.632385254, 133.17805481, 133.723709106, 134.269378662, 134.815048218, 135.360717773, 135.894775391, 136.440444946, 136.986114502, 137.520172119, 138.065841675, 138.599899292, 139.133972168, 139.668029785, 140.225296021, 140.782577515, 141.32824707, 141.873916626, 142.407974243, 142.930435181, 143.452880859, 143.986938477, 144.532608032, 145.078277588, 145.623947144, 146.169616699, 146.726898193, 147.27255249, 147.818222046, 148.363891602, 148.909561157, 149.443618774, 149.97769165, 150.511749268, 151.057418823, 151.59147644, 152.125534058, 152.671203613, 153.20526123, 153.750930786, 154.296600342, 154.830657959, 155.376327515, 155.910385132, 156.444442749, 156.978500366, 157.512557983, 158.058227539, 158.592285156, 159.126342773, 159.672012329, 160.217681885, 160.76335144, 161.309020996, 161.854690552, 162.400360107, 162.934417725, 163.48008728, 164.025756836, 164.571426392, 165.117095947, 165.662765503, 166.208435059, 166.754104614, 167.29977417, 167.845443726, 168.391113281, 168.925170898, 169.459228516, 169.993286133, 170.538955688, 171.084625244, 171.6302948, 172.164352417, 172.710021973, 173.24407959, 173.778137207, 174.323806763, 174.869476318, 175.415145874, 175.96081543, 176.518096924, 177.075378418, 177.632644653, 178.178314209, 178.723983765, 179.26965332, 179.815322876, 180.349380493, 180.88343811, 181.417495728, 181.951568604, 182.485626221, 183.031295776, 183.576965332, 184.122619629, 184.668289185, 185.21395874, 185.80607605, 186.386566162, 186.978683472, 187.559173584, 188.139678955, 188.720184326, 189.242630005, 189.776687622, 190.299133301, 190.821578979, 191.344039917], "beats_loudness": {"dmean2": 0.0100218895823, "median": 0.00368029880337, "min": 1.05638616787e-06, "dvar2": 0.000247059680987, "dvar": 0.000103350532299, "dmean": 0.0060514267534, "max": 0.145542100072, "var": 0.000312324496917, "mean": 0.0117131685838}, "danceability": 0.891325652599, "bpm_histogram_second_peak_weight": {"dmean2": 0, "median": 0.0918367356062, "min": 0.0918367356062, "dvar2": 0, "dvar": 0, "dmean": 0, "max": 0.0918367356062, "var": 0, "mean": 0.0918367356062}, "beats_count": 393, "bpm_histogram_second_peak_bpm": {"dmean2": 0, "median": 161, "min": 161, "dvar2": 0, "dvar": 0, "dmean": 0, "max": 161, "var": 0, "mean": 161}, "bpm_histogram_first_peak_spread": {"dmean2": 0, "median": 0.475935816765, "min": 0.475935816765, "dvar2": 0, "dvar": 0, "dmean": 0, "max": 0.475935816765, "var": 0, "mean": 0.475935816765}, "beats_loudness_band_ratio": {"dmean2": [0.0899229049683, 0.211140230298, 0.268247812986, 0.250491768122, 0.142734065652, 0.0123041393235], "median": [0.0106813088059, 0.13149780035, 0.352299541235, 0.221337899566, 0.0449620075524, 0.00307416636497], "min": [0.000155471308972, 2.65085600404e-06, 3.25473888552e-06, 0.000342423649272, 0.000188465957763, 1.10684350147e-05], "dvar2": [0.0250136423856, 0.0658460482955, 0.0470601581037, 0.0524167977273, 0.0493499934673, 0.000419926509494], "dvar": [0.010843812488, 0.0241613145918, 0.0198513362557, 0.0217958558351, 0.0173543896526, 0.000148023827933], "dmean": [0.0545457229018, 0.124672740698, 0.158520445228, 0.147238016129, 0.0799308046699, 0.007157697808], "max": [0.990785300732, 0.897498965263, 0.956630945206, 0.967188417912, 0.945541203022, 0.0949911028147], "var": [0.0236384924501, 0.0514118000865, 0.0620032511652, 0.0552504248917, 0.0287134889513, 0.00020075350767], "mean": [0.0711513832211, 0.2076728791, 0.372432410717, 0.279745429754, 0.112279191613, 0.00913774780929]}}, "lowlevel": {"barkbands_spread": {"dmean2": 2.99885487556, "median": 7.78917980194, "min": 0.244949787855, "dvar2": 19.4143009186, "dvar": 8.63144493103, "dmean": 2.05542135239, "max": 79.4862823486, "var": 48.2153244019, "mean": 9.6715593338}, "melbands_spread": {"dmean2": 4.84837818146, "median": 12.1477518082, "min": 0.128931224346, "dvar2": 55.2547187805, "dvar": 25.1494522095, "dmean": 3.32678222656, "max": 150.222351074, "var": 159.301330566, "mean": 15.1797447205}, "hfc": {"dmean2": 3.91017723083, "median": 2.34466218948, "min": 1.07996919151e-16, "dvar2": 110.63445282, "dvar": 51.7083969116, "dmean": 2.80924344063, "max": 263.45300293, "var": 361.547485352, "mean": 10.0583629608}, "barkbands_kurtosis": {"dmean2": 4.0252623558, "median": 1.51706314087, "min": -1.82006835938, "dvar2": 403.696685791, "dvar": 162.051361084, "dmean": 2.64289307594, "max": 504.477539062, "var": 494.417388916, "mean": 4.69572973251}, "gfcc": {"mean": [-179.830535889, 110.423484802, -163.833312988, -26.4910049438, -53.5124053955, -8.28781700134, -27.5139541626, 3.45503425598, -9.56161403656, -0.664919912815, -7.52318906784, 0.800704538822, 0.546646595001], "icov": [[0.000151901214849, -0.00012598624744, 0.00040235646884, -0.000314541219268, 0.000162168755196, -1.20564072859e-05, 0.000385555351386, -0.000179259150173, 0.000288223673124, -0.000245708797593, 0.00040107377572, -0.000252770376392, 0.000467126665171], [-0.00012598624744, 0.00121606211178, -0.000905137159862, 0.000796911248472, -0.000697971205227, 0.0012787010055, -0.000567870796658, 0.00103563000448, -0.000897608522791, 0.00121600099374, -0.00155795877799, 0.00143136444967, -0.000591201824136], [0.00040235646884, -0.000905137159862, 0.00217288197018, -0.00142349477392, 0.000679322460201, -0.000564024434425, 0.00105212058406, -0.000296256417641, 0.0011166757904, -0.00134850549512, 0.00224734796211, -0.00184024567716, 0.00207366328686], [-0.000314541219268, 0.000796911248472, -0.00142349477392, 0.00276556494646, -0.000761170929763, 0.00045922739082, -0.000577504048124, -0.000153330387548, -0.00065216771327, 0.00139680749271, -0.00115035148337, 0.00101073423866, -0.000814209051896], [0.000162168755196, -0.000697971205227, 0.000679322460201, -0.000761170929763, 0.00331539078616, -0.0022592546884, 0.000254470389336, 0.000494628213346, -0.00100375514012, 0.000686763203703, 0.000978048425168, -0.000184059361345, 0.00026843987871], [-1.20564072859e-05, 0.0012787010055, -0.000564024434425, 0.00045922739082, -0.0022592546884, 0.0080883493647, -0.00498409429565, 0.00127067242283, -0.000294790137559, -0.000384886370739, 0.00195498671383, -0.000370618101442, -0.000262004934484], [0.000385555351386, -0.000567870796658, 0.00105212058406, -0.000577504048124, 0.000254470389336, -0.00498409429565, 0.0120111647993, -0.00795103423297, 0.0014412853634, 0.00170968892053, -0.00428191991523, 0.00307735824026, -0.000616033270489], [-0.000179259150173, 0.00103563000448, -0.000296256417641, -0.000153330387548, 0.000494628213346, 0.00127067242283, -0.00795103423297, 0.0136441141367, -0.00581430178136, -0.00092942873016, 0.00408558174968, -0.003219361417, 0.000548572163098], [0.000288223673124, -0.000897608522791, 0.0011166757904, -0.00065216771327, -0.00100375514012, -0.000294790137559, 0.0014412853634, -0.00581430178136, 0.00899086985737, -0.00509828608483, 0.000426008278737, 0.000481903320178, 0.000885733345058], [-0.000245708797593, 0.00121600099374, -0.00134850549512, 0.00139680749271, 0.000686763203703, -0.000384886370739, 0.00170968892053, -0.00092942873016, -0.00509828608483, 0.0141657358035, -0.00799457076937, 0.00324630737305, -3.22329142364e-05], [0.00040107377572, -0.00155795877799, 0.00224734796211, -0.00115035148337, 0.000978048425168, 0.00195498671383, -0.00428191991523, 0.00408558174968, 0.000426008278737, -0.00799457076937, 0.0158616993576, -0.00976424198598, 0.00399612030014], [-0.000252770376392, 0.00143136444967, -0.00184024567716, 0.00101073423866, -0.000184059361345, -0.000370618101442, 0.00307735824026, -0.003219361417, 0.000481903320178, 0.00324630737305, -0.00976424198598, 0.0133453775197, -0.00643380265683], [0.000467126665171, -0.000591201824136, 0.00207366328686, -0.000814209051896, 0.00026843987871, -0.000262004934484, -0.000616033270489, 0.000548572163098, 0.000885733345058, -3.22329142364e-05, 0.00399612030014, -0.00643380265683, 0.0116015011445]], "cov": [[18103.2441406, 128.41519165, -1757.89575195, 466.195709229, -1109.74682617, -1111.58569336, -1189.88793945, -625.573303223, -678.306396484, -56.2554550171, -74.1911315918, -64.3152084351, -366.955291748], [128.41519165, 2971.42749023, 990.519226074, -355.528198242, -119.022750854, -729.751159668, -578.196105957, -658.637756348, -254.425018311, -81.7769012451, 155.236938477, -146.545410156, -184.575164795], [-1757.89575195, 990.519226074, 1681.36560059, 231.111663818, -115.09223938, -234.185470581, -306.817565918, -290.542419434, -215.414199829, -64.9975967407, -53.0131072998, -16.7546768188, -142.997879028], [466.195709229, -355.528198242, 231.111663818, 656.918640137, 101.605110168, 105.275154114, 58.1002159119, 90.2613601685, 9.36680793762, -53.0190467834, -95.9670639038, -22.3653583527, -13.4602708817], [-1109.74682617, -119.022750854, -115.09223938, 101.605110168, 660.373718262, 349.800445557, 259.561798096, 170.162704468, 174.370391846, -54.185798645, -114.666976929, -88.8320999146, 41.4472007751], [-1111.58569336, -729.751159668, -234.185470581, 105.275154114, 349.800445557, 545.428771973, 402.070739746, 310.051940918, 188.816879272, -5.38371896744, -107.408508301, -29.4297885895, 73.9752120972], [-1189.88793945, -578.196105957, -306.817565918, 58.1002159119, 259.561798096, 402.070739746, 494.47668457, 366.665618896, 236.554199219, 32.4669265747, -24.8509483337, -19.2939739227, 69.247543335], [-625.573303223, -658.637756348, -290.542419434, 90.2613601685, 170.162704468, 310.051940918, 366.665618896, 422.218048096, 274.716949463, 66.7102279663, -40.9628257751, 8.33587741852, 50.4054412842], [-678.306396484, -254.425018311, -215.414199829, 9.36680793762, 174.370391846, 188.816879272, 236.554199219, 274.716949463, 370.818969727, 124.617919922, 19.5255393982, -23.263010025, 5.71665334702], [-56.2554550171, -81.7769012451, -64.9975967407, -53.0190467834, -54.185798645, -5.38371896744, 32.4669265747, 66.7102279663, 124.617919922, 174.349304199, 100.748588562, 25.8416919708, -23.7051086426], [-74.1911315918, 155.236938477, -53.0131072998, -95.9670639038, -114.666976929, -107.408508301, -24.8509483337, -40.9628257751, 19.5255393982, 100.748588562, 223.772232056, 110.474945068, -2.5397503376], [-64.3152084351, -146.545410156, -16.7546768188, -22.3653583527, -88.8320999146, -29.4297885895, -19.2939739227, 8.33587741852, -23.263010025, 25.8416919708, 110.474945068, 204.0337677, 73.464225769], [-366.955291748, -184.575164795, -142.997879028, -13.4602708817, 41.4472007751, 73.9752120972, 69.247543335, 50.4054412842, 5.71665334702, -23.7051086426, -2.5397503376, 73.464225769, 159.298599243]]}, "spectral_energyband_middle_low": {"dmean2": 0.00172651349567, "median": 0.00153996190056, "min": 2.12090744841e-22, "dvar2": 2.24729119509e-05, "dvar": 1.17036206575e-05, "dmean": 0.00136893952731, "max": 0.220229759812, "var": 0.000125540478621, "mean": 0.00572128081694}, "melbands_crest": {"dmean2": 3.44588708878, "median": 13.9877529144, "min": 1.6736779213, "dvar2": 12.4997053146, "dvar": 5.51654624939, "dmean": 2.35882973671, "max": 39.5426177979, "var": 35.6741790771, "mean": 15.0522937775}, "spectral_kurtosis": {"dmean2": 11.7567520142, "median": 14.360824585, "min": -1.23964977264, "dvar2": 239.830444336, "dvar": 82.3637466431, "dmean": 6.69559526443, "max": 195.876480103, "var": 442.134063721, "mean": 20.8725147247}, "spectral_rms": {"dmean2": 0.000382263067877, "median": 0.00177603552584, "min": 3.12913930878e-12, "dvar2": 3.20398214626e-07, "dvar": 1.78759663072e-07, "dmean": 0.00030275536119, "max": 0.0154123771936, "var": 4.34269759353e-06, "mean": 0.00246952218004}, "zerocrossingrate": {"dmean2": 0.00531687308103, "median": 0.04296875, "min": 0.001953125, "dvar2": 0.000104957129224, "dvar": 6.95779599482e-05, "dmean": 0.00444573350251, "max": 0.52783203125, "var": 0.00122833938804, "mean": 0.0478017255664}, "silence_rate_60dB": {"dmean2": 0.0885448157787, "median": 0, "min": 0, "dvar2": 0.0872287526727, "dvar": 0.0423038750887, "dmean": 0.0442670546472, "max": 1, "var": 0.249976798892, "mean": 0.495464980602}, "erbbands_kurtosis": {"dmean2": 2.36033511162, "median": 0.608201026917, "min": -1.7760746479, "dvar2": 32.1213035583, "dvar": 14.0559148788, "dmean": 1.59732723236, "max": 157.285385132, "var": 29.8398971558, "mean": 2.08345866203}, "erbbands": {"dmean2": [0.00320081738755, 0.0346462540329, 0.0877724811435, 0.212706282735, 0.897031545639, 1.37873399258, 3.31439948082, 4.32809686661, 6.35751152039, 10.4512548447, 9.09212303162, 12.3016767502, 15.7035455704, 24.6348609924, 19.9454860687, 13.1923351288, 18.9018230438, 27.163936615, 24.8061237335, 13.9293699265, 28.8238143921, 14.9983234406, 5.74513339996, 3.54342913628, 2.92067074776, 1.29978764057, 1.11231803894, 0.389985799789, 0.304313540459, 0.136381462216, 0.100232496858, 0.079816609621, 0.0285156406462, 0.0372281000018, 0.0139912283048, 0.015702996403, 0.00944347307086, 0.0018172696, 0.000677400210407, 2.99921048281e-05], "median": [0.000220288580749, 0.000356654025381, 0.000967675237916, 0.00681664003059, 0.0621341466904, 0.313108056784, 0.762828230858, 1.17345476151, 2.8218588829, 3.30894804001, 2.55001354218, 3.23212170601, 3.74813938141, 6.29977226257, 2.93747854233, 2.30212306976, 2.18601536751, 1.52461910248, 1.60926544666, 1.69676077366, 1.01544380188, 0.721909403801, 0.42910182476, 0.177553936839, 0.157297730446, 0.0875221118331, 0.0473653487861, 0.0233387947083, 0.0161616429687, 0.00844421703368, 0.00633885618299, 0.00362701178528, 0.00223952089436, 0.00102114200126, 0.00052330509061, 0.000190872655367, 7.60984257795e-05, 2.33932660194e-05, 6.74426109981e-06, 4.6533036766e-06], "min": [1.02331011382e-22, 3.10302185736e-22, 2.5014836355e-21, 1.23423393017e-20, 2.52313448219e-20, 2.8040262774e-20, 9.81703379351e-20, 6.90663241245e-20, 2.19064206176e-19, 2.35597116778e-19, 1.70154903562e-19, 7.13697274474e-19, 5.73276696349e-19, 1.12668751291e-18, 8.73239476626e-19, 9.37001660169e-19, 2.3483246068e-18, 3.07169632723e-18, 2.92312352227e-18, 3.61211658246e-18, 4.68877197263e-18, 4.89317326508e-18, 6.50859992593e-18, 7.87060863919e-18, 7.78713784358e-18, 9.68723540352e-18, 1.11991354476e-17, 1.14344981104e-17, 8.45323164928e-18, 1.20559076194e-17, 9.94469785072e-18, 1.08381745078e-17, 9.53274701642e-18, 8.41484798732e-18, 6.8407969007e-18, 4.30520253233e-18, 2.57707354699e-18, 9.39165564651e-19, 2.66912417011e-19, 2.889695047e-20], "dvar2": [0.000298085040413, 0.0295456424356, 0.531507849693, 2.6500108242, 80.7134399414, 99.3395462036, 111.763404846, 160.676208496, 371.739471436, 1250.29650879, 707.857849121, 1572.04528809, 4438.82714844, 9227.0859375, 6458.79736328, 6031.05810547, 9742.64746094, 22471.5605469, 18355.0625, 2725.77954102, 24260.1386719, 8003.85595703, 1780.96484375, 203.823471069, 127.033676147, 33.0412139893, 27.0664367676, 3.98803377151, 4.00442028046, 0.397463977337, 0.184783473611, 0.230013623834, 0.0347758196294, 0.528754174709, 0.0761383771896, 0.184562638402, 0.0950729176402, 0.00113625638187, 0.000200108712306, 3.02126466067e-07], "dvar": [0.000159586707014, 0.0159111265093, 0.285217314959, 1.09387981892, 30.6866321564, 39.43800354, 74.6318893433, 108.148155212, 248.191619873, 699.583129883, 404.100769043, 1170.36291504, 2347.31640625, 4496.17578125, 3042.57617188, 2493.92578125, 3971.91918945, 11065.1142578, 6816.984375, 1302.37463379, 10822.265625, 3296.46435547, 691.909545898, 77.450668335, 57.4613876343, 14.0189237595, 9.91027164459, 1.75938773155, 1.74410235882, 0.168012365699, 0.0740502849221, 0.103193476796, 0.0213501229882, 0.238869592547, 0.0346541628242, 0.0722279474139, 0.0351104810834, 0.000662372796796, 7.91430647951e-05, 1.2114010417e-07], "dmean": [0.00225794012658, 0.0241603832692, 0.0585517995059, 0.149960637093, 0.612094819546, 1.01439166069, 2.57960820198, 3.39961457253, 5.2464594841, 8.08269882202, 7.02240514755, 10.0690927505, 11.1602497101, 17.3918476105, 14.1295185089, 8.83172702789, 13.0750360489, 18.9986057281, 16.4520435333, 9.13211154938, 18.4705944061, 9.51784801483, 3.67021727562, 2.25234603882, 1.84484779835, 0.815035164356, 0.697618246078, 0.251982986927, 0.201034963131, 0.0883394777775, 0.0646008625627, 0.0522446036339, 0.0202404465526, 0.0260994117707, 0.00985176768154, 0.010000760667, 0.00576580641791, 0.00131275341846, 0.000418669136707, 1.9467461243e-05], "max": [0.50190281868, 7.8286242485, 49.3687286377, 61.31590271, 391.431671143, 410.338531494, 326.335266113, 515.484863281, 694.923706055, 1262.32080078, 752.452331543, 1726.2677002, 1895.41894531, 2046.37487793, 1432.94152832, 3382.42016602, 2143.19433594, 6639.27587891, 4143.30517578, 1617.02490234, 3702.01538086, 2261.50878906, 1516.51586914, 313.424957275, 560.769714355, 153.80140686, 122.8567276, 55.4676704407, 55.1981544495, 18.2575702667, 9.68468475342, 13.6580476761, 11.7218818665, 35.4813041687, 14.0300388336, 18.4701404572, 12.6577129364, 2.29038786888, 0.486831396818, 0.0196706037968], "var": [0.000942268990912, 0.0905213132501, 1.28366219997, 3.11012291908, 69.2031555176, 86.9779663086, 362.12701416, 780.509765625, 1847.92163086, 4922.91259766, 1981.70849609, 7748.74169922, 6308.32324219, 11037.2294922, 13061.9492188, 6402.91796875, 10001.5009766, 58868.0507812, 13066.7958984, 3850.24633789, 22355.9160156, 5814.75341797, 1140.28796387, 216.822433472, 236.683074951, 32.2775039673, 19.831987381, 3.87283778191, 3.49535012245, 0.356198191643, 0.152488037944, 0.240637898445, 0.0624653808773, 0.284916818142, 0.0378998629749, 0.0605662092566, 0.023906821385, 0.00153249909636, 6.36959302938e-05, 9.93732172105e-08], "mean": [0.00625498080626, 0.0658549517393, 0.147420868278, 0.378957808018, 1.36894381046, 2.53259134293, 6.51867628098, 9.44973754883, 15.5784988403, 23.294801712, 19.2122478485, 29.0163249969, 23.1123752594, 33.0771217346, 31.5295257568, 18.3403320312, 27.4106616974, 41.1216430664, 30.2185745239, 17.6913013458, 30.7537097931, 15.2201681137, 6.62879037857, 4.59260892868, 3.60084819794, 1.73109030724, 1.24837887287, 0.488878637552, 0.367762774229, 0.183720603585, 0.126950770617, 0.101657368243, 0.0414445213974, 0.0392711237073, 0.0141907325014, 0.0111113674939, 0.00561186019331, 0.0019977176562, 0.000389375491068, 2.98949962598e-05]}, "spectral_strongpeak": {"dmean2": 0.881205022335, "median": 0.821515738964, "min": 0, "dvar2": 3.15130257607, "dvar": 1.43375325203, "dmean": 0.562894880772, "max": 24.0695266724, "var": 4.33636045456, "mean": 1.52391970158}, "spectral_energy": {"dmean2": 0.00329263648018, "median": 0.00323315965943, "min": 1.003630031e-20, "dvar2": 5.96524223511e-05, "dvar": 2.99396706396e-05, "dmean": 0.0024982560426, "max": 0.243479892612, "var": 0.000355019059498, "mean": 0.0107022412121}, "average_loudness": 0.0142728248611, "spectral_rolloff": {"dmean2": 298.263244629, "median": 1141.25976562, "min": 43.06640625, "dvar2": 451991.3125, "dvar": 211333.6875, "dmean": 172.588577271, "max": 19573.6816406, "var": 1576595.75, "mean": 1313.79089355}, "spectral_centroid": {"dmean2": 155.450302124, "median": 943.823669434, "min": 211.387207031, "dvar2": 81827.3046875, "dvar": 40406.0234375, "dmean": 107.276405334, "max": 11544.9208984, "var": 575931, "mean": 1060.49023438}, "pitch_salience": {"dmean2": 0.0814169794321, "median": 0.492017447948, "min": 0.0387711524963, "dvar2": 0.00618925271556, "dvar": 0.00273786485195, "dmean": 0.0539937801659, "max": 0.914279282093, "var": 0.0145294973627, "mean": 0.49443975091}, "spectral_energyband_middle_high": {"dmean2": 0.00239393627271, "median": 0.000899345963262, "min": 1.15699414313e-21, "dvar2": 3.82373000321e-05, "dvar": 1.79657417902e-05, "dmean": 0.00167676212732, "max": 0.166137874126, "var": 9.80930708465e-05, "mean": 0.00470547471195}, "spectral_contrast_coeffs": {"dmean2": [0.0589747466147, 0.050995580852, 0.0500465519726, 0.0423133186996, 0.0307434387505, 0.0201889835298], "median": [-0.625999987125, -0.673780500889, -0.633167743683, -0.676421225071, -0.739293813705, -0.783731818199], "min": [-0.97945278883, -0.983816504478, -0.970781445503, -0.968853712082, -0.967169940472, -0.964094042778], "dvar2": [0.00234497408383, 0.00193840218708, 0.00186628720257, 0.00127685489133, 0.000645944208372, 0.000278056337265], "dvar": [0.000914665171877, 0.000815417501144, 0.00082230794942, 0.000545311719179, 0.000287509290501, 0.000108212858322], "dmean": [0.0362608805299, 0.0330266878009, 0.0329140238464, 0.0272019803524, 0.0196514800191, 0.0123596601188], "max": [-0.264231681824, -0.321219980717, -0.325523197651, -0.415143191814, -0.498296767473, -0.623861193657], "var": [0.0208191908896, 0.0129696559161, 0.0106600774452, 0.00866399332881, 0.00521314144135, 0.002122878097], "mean": [-0.64342457056, -0.677511572838, -0.63417249918, -0.677534759045, -0.736903250217, -0.783401191235]}, "melbands_skewness": {"dmean2": 0.681677639484, "median": 1.00081050396, "min": -6.21908998489, "dvar2": 1.23851513863, "dvar": 0.548350811005, "dmean": 0.471951454878, "max": 35.5074501038, "var": 3.44433569908, "mean": 1.21229684353}, "spectral_spread": {"dmean2": 409759.34375, "median": 2321532.75, "min": 456486.28125, "dvar2": 677899468800, "dvar": 323962994688, "dmean": 251199.765625, "max": 42469828, "var": 6460536782850.0, "mean": 2581735.25}, "dissonance": {"dmean2": 0.0561301484704, "median": 0.4074845016, "min": 0.0935261622071, "dvar2": 0.00281420000829, "dvar": 0.00102907919791, "dmean": 0.0335969030857, "max": 0.499995499849, "var": 0.00329503766261, "mean": 0.400038778782}, "spectral_skewness": {"dmean2": 0.854302406311, "median": 2.68001198769, "min": -0.0816469565034, "dvar2": 0.877817928791, "dvar": 0.29201310873, "dmean": 0.490948200226, "max": 11.448102951, "var": 1.92473256588, "mean": 2.97800707817}, "spectral_flux": {"dmean2": 0.0133021734655, "median": 0.0168922878802, "min": 6.50799483748e-11, "dvar2": 0.000367193541024, "dvar": 0.000137897484819, "dmean": 0.00802775938064, "max": 0.316401183605, "var": 0.000854606507346, "mean": 0.0282607264817}, "spectral_contrast_valleys": {"dmean2": [0.607959210873, 0.467220336199, 0.414780944586, 0.342704802752, 0.248674288392, 0.21955345571], "median": [-10.4588518143, -8.06373596191, -9.03957271576, -9.81016540527, -10.1659669876, -13.0615386963], "min": [-27.7907390594, -28.0767345428, -27.534740448, -27.7042064667, -27.5332221985, -27.4142246246], "dvar2": [0.254146844149, 0.195853546262, 0.150185540318, 0.116958171129, 0.086537361145, 0.0827356874943], "dvar": [0.102815955877, 0.0869586095214, 0.0745581910014, 0.0607863999903, 0.0507028885186, 0.0505231171846], "dmean": [0.358018487692, 0.288678884506, 0.260183691978, 0.218386292458, 0.167650297284, 0.158276155591], "max": [-5.97719669342, -4.51883125305, -5.66268253326, -6.24292945862, -6.86609506607, -9.31577014923], "var": [2.6698718071, 4.51953315735, 3.46503376961, 3.07138848305, 2.93392825127, 2.12521219254], "mean": [-10.2515563965, -8.50914001465, -9.22011089325, -9.84993934631, -10.1118297577, -12.9167051315]}, "erbbands_flatness_db": {"dmean2": 0.0223459973931, "median": 0.284762859344, "min": 0.0233393348753, "dvar2": 0.000502640381455, "dvar": 0.000247501098784, "dmean": 0.0160091482103, "max": 0.555439352989, "var": 0.00572679564357, "mean": 0.294788390398}, "spectral_energyband_high": {"dmean2": 3.97613403038e-05, "median": 2.74613739748e-06, "min": 7.21058752179e-21, "dvar2": 3.38144232614e-08, "dvar": 1.44381528955e-08, "dmean": 2.70455402642e-05, "max": 0.00382845825516, "var": 3.25848965588e-08, "mean": 5.91017960687e-05}, "spectral_entropy": {"dmean2": 0.180369600654, "median": 6.35321521759, "min": 3.73723649979, "dvar2": 0.0351638123393, "dvar": 0.0185389500111, "dmean": 0.13208296895, "max": 9.81345844269, "var": 0.480408966541, "mean": 6.31597185135}, "silence_rate_20dB": {"dmean2": 0, "median": 1, "min": 1, "dvar2": 0, "dvar": 0, "dmean": 0, "max": 1, "var": 0, "mean": 1}, "melbands_flatness_db": {"dmean2": 0.0229735616595, "median": 0.284769237041, "min": 0.00392449926585, "dvar2": 0.000613175623585, "dvar": 0.000312103511533, "dmean": 0.0168287511915, "max": 0.566112220287, "var": 0.00668839691207, "mean": 0.294999837875}, "barkbands": {"dmean2": [6.88423779138e-06, 0.000139518961078, 7.84920412116e-05, 0.000112279463792, 0.00042801379459, 0.000528500066139, 0.000507037970237, 0.000519134686328, 0.000476030865684, 0.000796198786702, 0.000453915388789, 0.000302673666738, 0.000371516769519, 0.000527970900293, 0.000453307235148, 0.000448870589025, 0.000298528088024, 8.08243275969e-05, 7.31146064936e-05, 2.68958428933e-05, 1.89477759704e-05, 8.99668157217e-06, 3.64076618098e-06, 2.78802713183e-06, 2.7264320579e-06, 4.33076183981e-06, 3.07303389491e-06], "median": [3.26420149577e-06, 3.66166977983e-06, 5.21515971741e-07, 1.41588634506e-06, 9.7823140095e-05, 0.000153229906573, 0.000211640755879, 7.8196542745e-05, 0.00011822966917, 0.000113433008664, 5.88015573157e-05, 3.14853459713e-05, 3.49675901816e-05, 1.23819554574e-05, 3.22591768054e-05, 1.15641132652e-05, 1.51761578309e-05, 4.56739280708e-06, 2.73829300568e-06, 2.19510366151e-06, 8.456892715e-07, 3.88644195937e-07, 2.38315720935e-07, 1.47557727814e-07, 8.00665205247e-08, 4.04944664467e-08, 3.01400042702e-08], "min": [7.33105991377e-25, 2.36618512977e-24, 2.66496422547e-24, 5.56685138533e-24, 1.07751173687e-23, 5.62689040554e-24, 9.81115221952e-24, 3.6673693833e-24, 2.95449392705e-23, 1.88388393424e-23, 2.0620934503e-23, 1.61273303514e-23, 4.75242815245e-23, 5.54464203207e-23, 6.5088679787e-23, 7.54974533067e-23, 8.76301592726e-23, 8.75391247241e-23, 1.62193992543e-22, 2.0298114319e-22, 2.28628121935e-22, 2.93119911696e-22, 4.04442523758e-22, 6.67352950291e-22, 8.44731543382e-22, 1.30209022557e-21, 2.04323446187e-21], "dvar2": [8.87993290011e-11, 4.77740627502e-07, 4.25698630124e-07, 9.79821834335e-07, 1.11403878691e-05, 2.16247326534e-06, 1.98484576686e-06, 2.49215054282e-06, 2.14232750295e-06, 9.16174394661e-06, 2.79642267742e-06, 3.05131129608e-06, 3.69809822587e-06, 9.29601355892e-06, 5.65222944715e-06, 5.439740562e-06, 2.22959806706e-06, 5.97836560701e-07, 8.12728728761e-08, 1.1229407626e-08, 7.45797290591e-09, 3.13232240146e-09, 4.07692629656e-10, 2.25971269474e-10, 3.28770655145e-09, 1.00283248372e-08, 3.01131564129e-09], "dvar": [3.51526308062e-11, 2.5206867349e-07, 2.18484245806e-07, 3.91063792904e-07, 4.20580909122e-06, 1.49436732499e-06, 1.25212795865e-06, 1.38085147228e-06, 1.51326457853e-06, 4.61523586637e-06, 1.36167852816e-06, 1.26427130454e-06, 1.50558992118e-06, 4.66741403216e-06, 2.10679240809e-06, 2.42070314016e-06, 9.30050362058e-07, 2.19557946934e-07, 3.27678826295e-08, 4.66597738225e-09, 2.7058031371e-09, 1.38316358367e-09, 1.60738977684e-10, 1.09761262579e-10, 1.48452394821e-09, 3.94767507572e-09, 1.17245191333e-09], "dmean": [3.98687916459e-06, 9.74454305833e-05, 5.1521226851e-05, 7.81971102697e-05, 0.000310243165586, 0.00041872827569, 0.000407861167332, 0.000400287040975, 0.000381808407838, 0.000560311193112, 0.000322893902194, 0.000200350885279, 0.000256179017015, 0.000373530958313, 0.000292505370453, 0.000288802926661, 0.000186513731023, 5.01196154801e-05, 4.61570780317e-05, 1.65055807884e-05, 1.20341110232e-05, 5.89369710724