{"tonal": {"thpcp": [1, 0.934312820435, 0.884613275528, 0.920505404472, 0.922887921333, 0.85846221447, 0.83638137579, 0.826100885868, 0.747125327587, 0.744234383106, 0.834263145924, 0.855157315731, 0.82449311018, 0.814128398895, 0.807438790798, 0.833538711071, 0.875692546368, 0.875132858753, 0.887189924717, 0.922991275787, 0.916594147682, 0.914579510689, 0.940854549408, 0.940952777863, 0.931847631931, 0.924702584743, 0.9624325037, 0.96984577179, 0.901234328747, 0.879426598549, 0.888031721115, 0.916183114052, 0.921043694019, 0.903513014317, 0.905201435089, 0.953559398651], "hpcp": {"dmean2": [0.325857073069, 0.332846611738, 0.334331274033, 0.335021942854, 0.343213200569, 0.329042524099, 0.327942401171, 0.330538243055, 0.33471980691, 0.341913074255, 0.341251730919, 0.34472283721, 0.358710825443, 0.388692617416, 0.362252175808, 0.332649320364, 0.352078139782, 0.3671400249, 0.335575819016, 0.312601834536, 0.314251303673, 0.294424265623, 0.290417462587, 0.327343076468, 0.326142340899, 0.31620028615, 0.318202853203, 0.311271637678, 0.313536405563, 0.332009524107, 0.327979505062, 0.318622708321, 0.32517132163, 0.327780753374, 0.325280964375, 0.328198939562], "median": [0.0963680371642, 0.0939028412104, 0.0882292091846, 0.0931352600455, 0.0959885120392, 0.0913610905409, 0.087509945035, 0.0870065018535, 0.0913685262203, 0.0897118151188, 0.0897451192141, 0.0873490795493, 0.0916554033756, 0.0902989804745, 0.0915827155113, 0.0873459652066, 0.0871262699366, 0.0904555767775, 0.0867282897234, 0.0829803720117, 0.0770368501544, 0.0679278075695, 0.0696313753724, 0.0753905624151, 0.0800756961107, 0.0776348263025, 0.0737720951438, 0.0742247849703, 0.0781538784504, 0.0806781724095, 0.0850975513458, 0.0896938964725, 0.0887716934085, 0.085985057056, 0.0860905796289, 0.0950961112976], "min": [9.39964593272e-06, 1.25590631797e-05, 3.31779774569e-05, 2.51365217991e-05, 0, 3.14104072459e-05, 2.20671427087e-05, 2.77249073406e-05, 1.79014950845e-05, 0, 0, 0, 0, 1.1295506738e-05, 2.15038162423e-05, 2.8639098673e-05, 6.28649140708e-05, 4.93503139296e-05, 3.93490081478e-05, 1.02543963294e-05, 1.21303799006e-06, 4.3498002924e-06, 9.38413722906e-06, 5.67855749978e-06, 7.1564791142e-06, 7.59633485359e-06, 0, 0, 0, 0, 0, 0, 0, 0, 0, 0], "dvar2": [0.136222720146, 0.144141957164, 0.141293153167, 0.14097777009, 0.154628828168, 0.141672506928, 0.142412096262, 0.150276482105, 0.140854805708, 0.153232321143, 0.150960296392, 0.156268641353, 0.15638230741, 0.181065991521, 0.158921793103, 0.139318227768, 0.154320582747, 0.165738344193, 0.146394908428, 0.130183890462, 0.14217428863, 0.138089969754, 0.126408651471, 0.153006076813, 0.15122102201, 0.150894239545, 0.15191437304, 0.13842125237, 0.139179468155, 0.151704579592, 0.150364086032, 0.131285563111, 0.145079895854, 0.146009251475, 0.139184355736, 0.145575299859], "dvar": [0.0518141053617, 0.0529267564416, 0.0523983873427, 0.053135920316, 0.0581362396479, 0.051982358098, 0.0533449947834, 0.0548983439803, 0.0537829138339, 0.0576569661498, 0.0549479797482, 0.0579385124147, 0.05990601331, 0.0685140490532, 0.0594650693238, 0.0534508042037, 0.0591657310724, 0.0634218677878, 0.0552976801991, 0.0489672869444, 0.0527650155127, 0.0500665083528, 0.0465502478182, 0.0562670752406, 0.0569403879344, 0.0559945069253, 0.0556056462228, 0.0512245967984, 0.0516445040703, 0.0569531694055, 0.0559350550175, 0.0492125600576, 0.0539325624704, 0.0544220879674, 0.0523003824055, 0.0536422580481], "dmean": [0.185663864017, 0.189126268029, 0.188432946801, 0.190163403749, 0.194579541683, 0.187073871493, 0.185945138335, 0.187055006623, 0.190558999777, 0.193566516042, 0.193519428372, 0.195254474878, 0.203931108117, 0.21865580976, 0.204104632139, 0.188843086362, 0.20013000071, 0.206399515271, 0.189741104841, 0.177609786391, 0.177656143904, 0.16528236866, 0.162537992001, 0.184452474117, 0.18470312655, 0.179335922003, 0.178374171257, 0.175118729472, 0.17638900876, 0.187008231878, 0.185777157545, 0.181139409542, 0.184867143631, 0.185731336474, 0.183462992311, 0.18787433207], "max": [1, 1, 1, 1, 1, 1, 1, 1, 1, 1, 1, 1, 1, 1, 1, 1, 1, 1, 1, 1, 1, 1, 1, 1, 1, 1, 1, 1, 1, 1, 1, 1, 1, 1, 1, 1], "var": [0.0689782947302, 0.0666793957353, 0.0684400647879, 0.0722833424807, 0.0753874629736, 0.0634570196271, 0.064558647573, 0.0651152729988, 0.0680818930268, 0.0694821923971, 0.0647317916155, 0.0681050494313, 0.0727492570877, 0.0786022245884, 0.0686164498329, 0.0641638934612, 0.0693283379078, 0.0704007521272, 0.0608447641134, 0.0584093630314, 0.0611706972122, 0.0537365600467, 0.0515828467906, 0.063705638051, 0.0654963925481, 0.0619061850011, 0.0607770346105, 0.0590642131865, 0.0605133622885, 0.0654858499765, 0.0642386898398, 0.0628916919231, 0.0687700137496, 0.0681212842464, 0.067591316998, 0.0697521865368], "mean": [0.211844906211, 0.209794983268, 0.208186358213, 0.216680824757, 0.218349844217, 0.202902749181, 0.19799298048, 0.19993032515, 0.206268295646, 0.207362607121, 0.203415766358, 0.20379589498, 0.214683145285, 0.22513872385, 0.210349991918, 0.199160709977, 0.207241415977, 0.207777813077, 0.193273082376, 0.188301831484, 0.18598729372, 0.168206840754, 0.167555972934, 0.187824934721, 0.192529022694, 0.185625329614, 0.183291822672, 0.181785732508, 0.187661841512, 0.197152301669, 0.19702629745, 0.199740812182, 0.20780107379, 0.206360831857, 0.205907270312, 0.211822792888]}, "tuning_equal_tempered_deviation": 0.275453835726, "chords_changes_rate": 0.194994553924, "key_key": "C#", "tuning_diatonic_strength": 0.257906377316, "key_scale": "major", "chords_number_rate": 0.00478781294078, "tuning_frequency": 439.745910645, "tuning_nontempered_energy_ratio": 0.903715312481, "chords_histogram": [3.50380849838, 2.26332974434, 5.37540817261, 6.7682261467, 8.03046798706, 11.0554952621, 2.69858551025, 2.15451574326, 3.72143626213, 1.58868336678, 1.82807397842, 0.478781282902, 7.72578907013, 4.74428749084, 5.41893339157, 3.06855273247, 3.52557134628, 1.458106637, 3.35146903992, 3.4385201931, 0.892274200916, 2.28509259224, 7.63873767853, 6.98585414886], "key_strength": 0.302820831537, "chords_key": "G", "chords_strength": {"dmean2": 0.0287010781467, "median": 0.419410318136, "min": 0.163497358561, "dvar2": 0.00052942475304, "dvar": 0.00029532314511, "dmean": 0.0214859470725, "max": 0.774254322052, "var": 0.00933453720063, "mean": 0.427140235901}, "chords_scale": "minor", "hpcp_entropy": {"dmean2": 1.38325464725, "median": 2.54323863983, "min": 0.0365033820271, "dvar2": 1.14950311184, "dvar": 0.418461799622, "dmean": 0.818681359291, "max": 4.7636475563, "var": 0.795680940151, "mean": 2.49205064774}}, "metadata": {"audio_properties": {"equal_loudness": 0, "codec": "flac", "downmix": "mix", "sample_rate": 44100, "analysis_sample_rate": 44100, "bit_rate": 0, "md5_encoded": "a3bf0de9ccfe68d0c73aff17da119ed5", "length": 213.306671143, "replay_gain": -10.6359729767, "lossless": true}, "version": {"essentia_build_sha": "2d9f1f26377add8aeb1075a9c2973f962c4f09fd", "essentia": "2.1-beta2", "extractor": "music 1.0", "essentia_git_sha": "v2.1_beta2-1-ge3940c0"}, "tags": {"title": ["M\u00e4\u00e4\u00e4\u00e4h"], "barcode": ["9783837102598"], "media": ["CD"], "albumartist": ["Various Artists"], "tracktotal": ["23"], "language": ["deu"], "releasetype": ["compilation"], "musicbrainz_recordingid": ["0f5e3dd3-58c5-46ef-a6fe-e68c117dd6f1"], "musicbrainz_albumartistid": ["89ad4ac3-39f7-470e-963a-56509c546377"], "discnumber": ["7"], "catalognumber": ["02 59"], "releasecountry": ["DE"], "file_name": "21. M\u00e4\u00e4\u00e4\u00e4h.flac", "compilation": ["1"], "originaldate": ["2009-11-20"], "albumartistsort": ["Various Artists"], "date": ["2009-11-20"], "genre": ["Unknown"], "disctotal": ["8"], "discsubtitle": ["Die Wahrheit \u00fcber Deutschland Pt. 7"], "musicbrainz_artistid": ["1f455c22-3515-4877-94c9-69830b3c2bc1"], "asin": ["3837102599"], "musicbrainz_albumid": ["c2e7d4fe-6f79-4e64-b4c8-445303b7d4ab"], "artist": ["Christoph Sieber"], "tracknumber": ["21"], "artistsort": ["Sieber, Christoph"], "album": ["Die komplette Wahrheit \u00fcber Deutschland"], "label": ["WortArt"], "releasestatus": ["official"], "totaldiscs": ["8"], "script": ["Latn"], "totaltracks": ["23"]}}, "rhythm": {"bpm_histogram_first_peak_bpm": {"dmean2": 0, "median": 117, "min": 117, "dvar2": 0, "dvar": 0, "dmean": 0, "max": 117, "var": 0, "mean": 117}, "bpm": 117.581962585, "bpm_histogram_second_peak_spread": {"dmean2": 0, "median": 0, "min": 0, "dvar2": 0, "dvar": 0, "dmean": 0, "max": 0, "var": 0, "mean": 0}, "bpm_histogram_first_peak_weight": {"dmean2": 0, "median": 0.0668257772923, "min": 0.0668257772923, "dvar2": 0, "dvar": 0, "dmean": 0, "max": 0.0668257772923, "var": 0, "mean": 0.0668257772923}, "onset_rate": 4.98777151108, "beats_position": [0.743038535118, 1.49768710136, 2.27555561066, 3.04181408882, 3.8196823597, 4.57433080673, 5.31736946106, 6.06040811539, 6.79183673859, 7.60453510284, 8.4172334671, 9.24154186249, 10.0542402267, 10.866938591, 11.6912469864, 12.5155553818, 13.3398637772, 14.0829019547, 14.8375511169, 15.5805892944, 16.3236274719, 17.0550556183, 17.786485672, 18.5063037872, 19.2261219025, 19.9227199554, 20.6309299469, 21.2578678131, 21.8615875244, 22.3956451416, 22.9297046661, 23.4521541595, 23.9862117767, 24.5086612701, 25.0311107635, 25.5651702881, 26.076007843, 26.5868473053, 27.1092967987, 27.6085262299, 28.1193637848, 28.6069831848, 29.1178226471, 29.6170520782, 30.1162815094, 30.6155090332, 31.0915184021, 31.6023578644, 32.1015853882, 32.6008148193, 33.111656189, 33.6224937439, 34.1333312988, 34.725440979, 35.3175506592, 35.8980484009, 36.4669380188, 37.0474357605, 37.6279373169, 38.2200431824, 38.7076644897, 39.1952819824, 39.6829032898, 40.216960907, 40.7626304626, 41.3199081421, 41.9120178223, 42.492515564, 43.0846252441, 43.6767349243, 44.2804527283, 44.8377304077, 45.3717918396, 45.9406776428, 46.5095672607, 47.0552368164, 47.5892944336, 48.1349639893, 48.6690254211, 49.2263031006, 49.78358078, 50.3524703979, 50.9678001404, 51.5715179443, 52.2565078735, 52.941493988, 53.6380958557, 54.3230819702, 54.9848518372, 55.6466217041, 56.2851676941, 56.9353294373, 57.5738754272, 58.2124252319, 58.8741950989, 59.5359611511, 60.1861228943, 60.8478889465, 61.5212669373, 62.1946487427, 62.8680267334, 63.5762329102, 64.2496109009, 64.9229888916, 65.6195907593, 66.316192627, 66.9663467407, 67.6397247314, 68.3131027222, 68.9864807129, 69.6366424561, 70.2635803223, 70.8905181885, 71.4826278687, 72.0747375488, 72.666847229, 73.2241287231, 73.7814025879, 74.3270721436, 74.8843536377, 75.4416275024, 76.0105209351, 76.5794067383, 77.1366882324, 77.6939697266, 78.2628555298, 78.889793396, 79.5167312622, 80.1320648193, 80.7590026855, 81.3975524902, 82.0360946655, 82.6746444702, 83.2667541504, 83.8472518921, 84.4393615723, 85.0314712524, 85.6119689941, 86.1808624268, 86.5523757935, 86.9471206665, 87.3418579102, 87.6785507202, 87.9920196533, 88.328704834, 88.6770019531, 89.0136947632, 89.3619918823, 89.7102966309, 90.05859375, 90.4068908691, 90.7667999268, 91.1383209229, 91.5098419189, 91.8813552856, 92.2528762817, 92.6127853394, 92.972694397, 93.3209991455, 93.6576843262, 93.9827651978, 94.3194503784, 94.64453125, 94.9812240601, 95.3411331177, 95.6894302368, 96.037727356, 96.3860321045, 96.7343292236, 97.0710220337, 97.4077072144, 97.7444000244, 98.1507492065, 98.5570983887, 98.9634475708, 99.381401062, 99.7993621826, 100.240539551, 100.658500671, 101.076461792, 101.51763916, 101.958816528, 102.411605835, 102.887619019, 103.375236511, 103.851242065, 104.362083435, 104.872924805, 105.511474609, 106.138412476, 106.765350342, 107.403900146, 108.019226074, 108.64616394, 109.261497498, 109.876823425, 110.480545044, 111.084259033, 111.722808838, 112.361358643, 112.941856384, 113.510749817, 114.044807434, 114.578865051, 115.112922668, 115.635368347, 116.053329468, 116.471290588, 116.900856018, 117.330429077, 117.690338135, 118.050247192, 118.41015625, 118.74684906, 119.083534241, 119.443443298, 119.803352356, 120.163261414, 120.511566162, 120.859863281, 121.2081604, 121.579681396, 121.927978516, 122.276275635, 122.636184692, 122.99609375, 123.344398499, 123.681083679, 124.040992737, 124.424125671, 124.795646667, 125.178771973, 125.550292969, 125.921813965, 126.293327332, 126.664848328, 127.013153076, 127.361450195, 127.721359253, 128.081268311, 128.441177368, 128.801086426, 129.160995483, 129.532516479, 129.904037476, 130.263946533, 130.635467529, 131.018585205, 131.390106201, 131.773239136, 132.167984009, 132.574325562, 132.980682373, 133.375411987, 133.828201294, 134.269378662, 134.710571289, 135.163360596, 135.616149902, 136.068939209, 136.533325195, 136.986114502, 137.438903809, 137.880081177, 138.332870483, 138.77406311, 139.226852417, 139.668029785, 140.202087402, 140.73614502, 141.24697876, 141.757827759, 142.268661499, 142.791107178, 143.313552856, 143.847610474, 144.358459473, 144.857681274, 145.345306396, 145.844528198, 146.343765259, 146.854598999, 147.388656616, 147.911102295, 148.456771851, 149.141769409, 149.815139771, 150.488525391, 151.161895752, 151.846893311, 152.555099487, 153.251693726, 153.936691284, 154.621673584, 155.295059204, 155.980041504, 156.653427124, 157.326797485, 157.988571167, 158.673553467, 159.358551025, 160.031921387, 160.612426758, 161.19291687, 161.773422241, 162.353912354, 162.946029663, 163.526535034, 164.107025146, 164.675918579, 165.233200073, 165.802078247, 166.37097168, 166.928253174, 167.485534668, 168.06602478, 168.634918213, 169.203811646, 169.737869263, 170.283538818, 170.829208374, 171.37487793, 171.908935547, 172.442993164, 172.965438843, 173.487884521, 173.987121582, 174.486343384, 174.985580444, 175.36869812, 175.763442993, 176.146575928, 176.541305542, 176.936050415, 177.31918335, 177.702316284, 178.08543396, 178.433731079, 178.782043457, 179.130340576, 179.478637695, 179.826934814, 180.163619995, 180.511917114, 180.848617554, 181.185302734, 181.603256226, 182.032836914, 182.462402344, 182.891967773, 183.321533203, 183.751113892, 184.180679321, 184.598632813, 185.039810181, 185.469390869, 185.898956299, 186.340133667, 186.781311035, 187.292144775, 187.802993774, 188.313827515, 188.824661255, 189.335510254, 189.823120117, 190.333969116, 190.856414795, 191.378860474, 191.889694214, 192.400543213, 192.911376953, 193.422225952, 193.933059692, 194.443893433, 194.943130493, 195.442352295, 195.953201294, 196.429199219, 196.916824341, 197.392837524, 197.868835449, 198.344848633, 198.820861816, 199.296859741, 199.749649048, 200.214050293, 200.6668396, 201.119628906, 201.572418213, 202.02520752, 202.489608765, 202.965621948, 203.430023193, 203.789932251, 204.149841309, 204.521362305, 204.892883301, 205.229568481, 205.543029785, 205.868118286, 206.193191528, 206.518280029, 206.831741333, 207.145217896, 207.470291138, 207.79536438, 208.120452881, 208.445526123, 208.770614624, 209.107299805, 209.432373047, 209.769073486, 210.094146729, 210.419219971, 210.744308472, 211.080993652, 211.417678833, 211.742767334, 212.067840576, 212.392913818], "beats_loudness": {"dmean2": 0.0336854159832, "median": 0.0141335185617, "min": 8.68628887929e-07, "dvar2": 0.00123552780133, "dvar": 0.000425916077802, "dmean": 0.0195300597697, "max": 0.145643189549, "var": 0.000505559146404, "mean": 0.0209989249706}, "danceability": 1.1743979454, "bpm_histogram_second_peak_weight": {"dmean2": 0, "median": 0.0572792366147, "min": 0.0572792366147, "dvar2": 0, "dvar": 0, "dmean": 0, "max": 0.0572792366147, "var": 0, "mean": 0.0572792366147}, "beats_count": 420, "bpm_histogram_second_peak_bpm": {"dmean2": 0, "median": 172, "min": 172, "dvar2": 0, "dvar": 0, "dmean": 0, "max": 172, "var": 0, "mean": 172}, "bpm_histogram_first_peak_spread": {"dmean2": 0, "median": 0.481481462717, "min": 0.481481462717, "dvar2": 0, "dvar": 0, "dmean": 0, "max": 0.481481462717, "var": 0, "mean": 0.481481462717}, "beats_loudness_band_ratio": {"dmean2": [0.372397601604, 0.326129972935, 0.354787617922, 0.307875752449, 0.197562679648, 0.114468872547], "median": [0.0951231792569, 0.0883475542068, 0.176972866058, 0.168622732162, 0.0667238384485, 0.0140318376943], "min": [3.62106038665e-05, 4.51311971119e-05, 0.000478620175272, 0.000418384850491, 0.000113598718599, 0.000169846505742], "dvar2": [0.130441918969, 0.0986489579082, 0.0945646837354, 0.071734175086, 0.0526141226292, 0.0672390833497], "dvar": [0.0487894713879, 0.0349670983851, 0.0320503637195, 0.0280647724867, 0.0221635997295, 0.0226640664041], "dmean": [0.212352991104, 0.177233755589, 0.201897978783, 0.178629621863, 0.114723406732, 0.0618203282356], "max": [0.967733919621, 0.905638098717, 0.936429023743, 0.894223630428, 0.850437402725, 0.918075084686], "var": [0.0680552423, 0.0372298881412, 0.039082441479, 0.046927973628, 0.0331911295652, 0.014041329734], "mean": [0.221726313233, 0.165476456285, 0.23825570941, 0.229175597429, 0.14736674726, 0.0506229139864]}}, "lowlevel": {"barkbands_spread": {"dmean2": 12.2984628677, "median": 11.8214912415, "min": 0.137665703893, "dvar2": 357.747253418, "dvar": 141.144256592, "dmean": 7.53308773041, "max": 106.170051575, "var": 198.050064087, "mean": 16.0812129974}, "melbands_spread": {"dmean2": 22.0344696045, "median": 17.9672851563, "min": 0.312477767467, "dvar2": 1525.62145996, "dvar": 752.36114502, "dmean": 14.0611886978, "max": 256.589355469, "var": 1139.63830566, "mean": 27.1842479706}, "hfc": {"dmean2": 11.2083349228, "median": 5.42909860611, "min": 0.000837491301354, "dvar2": 295.371551514, "dvar": 148.467468262, "dmean": 7.64064359665, "max": 234.192932129, "var": 361.505645752, "mean": 13.3238677979}, "barkbands_kurtosis": {"dmean2": 8.47090911865, "median": 1.58128643036, "min": -1.94198691845, "dvar2": 309.572723389, "dvar": 119.430854797, "dmean": 5.0966629982, "max": 380.625457764, "var": 136.315673828, "mean": 5.05448246002}, "gfcc": {"mean": [-115.850646973, 83.6085510254, -138.727508545, 6.27646207809, -63.0819473267, 2.5361084938, -45.1259727478, -2.39431095123, -22.8986797333, -11.7429828644, -16.9686450958, -10.9600143433, -17.4242572784], "icov": [[0.000232819642406, -9.17872457649e-05, 0.000472503714263, -0.000269461248536, 0.000459326140117, -0.000416516471887, 0.000567536160816, -0.000264243572019, 0.000131152221002, 0.00037063160562, 9.78936514002e-05, -0.000107331405161, 0.000116977382277], [-9.17872457649e-05, 0.00145817664452, -0.000851836346556, 0.00106254336424, -0.00121290259995, 0.00160579092335, -0.00118810357526, 0.00155154324602, -0.00107244972605, 0.00227666203864, -0.00210922840051, 0.00222355639562, -0.000492061430123], [0.000472503714263, -0.000851836346556, 0.00214312504977, -0.00157663377468, 0.00127568864264, -0.0017592527438, 0.00148240174167, -0.00111855077557, 0.00110866955947, -0.000161951218615, 0.00135447713546, -0.00172962271608, 0.000746460282244], [-0.000269461248536, 0.00106254336424, -0.00157663377468, 0.00275692716241, -0.00148363085464, 0.0016079293564, -8.45307804411e-05, 0.000854792771861, -0.000267272786004, 0.000868033443112, -0.000771469261963, 0.00131981307641, -0.000693874724675], [0.000459326140117, -0.00121290259995, 0.00127568864264, -0.00148363085464, 0.00463405903429, -0.00226668943651, 0.00193579262123, -0.00132763653528, -0.000570715637878, -0.000927433487959, 0.00116622052155, -0.000784209638368, -0.000197774046683], [-0.000416516471887, 0.00160579092335, -0.0017592527438, 0.0016079293564, -0.00226668943651, 0.00672307983041, -0.00423062639311, 0.002099360805, -0.000895323930308, -0.000634481140878, 0.000125676713651, 0.00232527498156, -0.000251332996413], [0.000567536160816, -0.00118810357526, 0.00148240174167, -8.45307804411e-05, 0.00193579262123, -0.00423062639311, 0.0076433038339, -0.0040920516476, 0.00238261860795, -0.000443462340627, 0.000911409268156, -0.00292759411968, 0.000535067927558], [-0.000264243572019, 0.00155154324602, -0.00111855077557, 0.000854792771861, -0.00132763653528, 0.002099360805, -0.0040920516476, 0.0102658523247, -0.00365454982966, 0.00182110362221, -0.00299903773703, 0.00226917141117, 0.000452737382147], [0.000131152221002, -0.00107244972605, 0.00110866955947, -0.000267272786004, -0.000570715637878, -0.000895323930308, 0.00238261860795, -0.00365454982966, 0.00953460577875, -0.00284281978384, 0.00274940067902, -0.000873824697919, -0.00120214000344], [0.00037063160562, 0.00227666203864, -0.000161951218615, 0.000868033443112, -0.000927433487959, -0.000634481140878, -0.000443462340627, 0.00182110362221, -0.00284281978384, 0.0106614371762, -0.00540506793186, 0.00420575868338, -0.000377154181479], [9.78936514002e-05, -0.00210922840051, 0.00135447713546, -0.000771469261963, 0.00116622052155, 0.000125676713651, 0.000911409268156, -0.00299903773703, 0.00274940067902, -0.00540506793186, 0.0145201869309, -0.00660898024216, 0.0044757341966], [-0.000107331405161, 0.00222355639562, -0.00172962271608, 0.00131981307641, -0.000784209638368, 0.00232527498156, -0.00292759411968, 0.00226917141117, -0.000873824697919, 0.00420575868338, -0.00660898024216, 0.0166025664657, -0.00699162762612], [0.000116977382277, -0.000492061430123, 0.000746460282244, -0.000693874724675, -0.000197774046683, -0.000251332996413, 0.000535067927558, 0.000452737382147, -0.00120214000344, -0.000377154181479, 0.0044757341966, -0.00699162762612, 0.0135315153748]], "cov": [[11525.8105469, -491.228912354, -2341.41650391, -17.6671485901, -671.621520996, -362.432159424, -587.753601074, -46.7278289795, -13.4101848602, -405.523986816, -32.87840271, -107.58782959, -38.1967811584], [-491.228912354, 3091.20776367, 179.384155273, -410.047363281, 256.387054443, -535.817993164, -54.7205810547, -136.317321777, 53.8995018005, -466.327514648, 151.792617798, -97.9562835693, -22.7767982483], [-2341.41650391, 179.384155273, 1716.8659668, 665.954284668, 66.4132080078, 51.1940536499, -78.1093521118, -53.5608406067, -109.62336731, -61.8114929199, -73.4864883423, 65.1188583374, 19.4966697693], [-17.6671485901, -410.047363281, 665.954284668, 1008.55535889, 94.3674468994, -100.41809082, -270.652313232, -60.7339515686, -34.6777610779, -39.5840835571, -84.745475769, 16.4420146942, 44.81224823], [-671.621520996, 256.387054443, 66.4132080078, 94.3674468994, 408.535125732, 24.7384433746, -49.0372657776, -2.35621166229, 83.3364944458, 23.3668727875, -18.0005283356, -30.8409748077, 22.8266620636], [-362.432159424, -535.817993164, 51.1940536499, -100.41809082, 24.7384433746, 426.436706543, 199.427307129, 44.418586731, -2.71863818169, 145.03477478, -38.2425270081, -3.33407688141, -10.6871061325], [-587.753601074, -54.7205810547, -78.1093521118, -270.652313232, -49.0372657776, 199.427307129, 370.852355957, 90.6986465454, -30.7302646637, 56.58411026, 32.1973571777, 28.9223327637, -18.0488700867], [-46.7278289795, -136.317321777, -53.5608406067, -60.7339515686, -2.35621166229, 44.418586731, 90.6986465454, 154.859176636, 32.8773078918, 32.2819252014, 19.0071697235, 0.555458247662, -14.8692007065], [-13.4101848602, 53.8995018005, -109.62336731, -34.6777610779, 83.3364944458, -2.71863818169, -30.7302646637, 32.8773078918, 162.738418579, 35.2636146545, -13.8291826248, -20.1891727448, 17.2108783722], [-405.523986816, -466.327514648, -61.8114929199, -39.5840835571, 23.3668727875, 145.03477478, 56.58411026, 32.2819252014, 35.2636146545, 242.692443848, 20.4272460938, -15.943857193, -17.4515247345], [-32.87840271, 151.792617798, -73.4864883423, -84.745475769, -18.0005283356, -38.2425270081, 32.1973571777, 19.0071697235, -13.8291826248, 20.4272460938, 124.502418518, 16.9612903595, -30.4465847015], [-107.58782959, -97.9562835693, 65.1188583374, 16.4420146942, -30.8409748077, -3.33407688141, 28.9223327637, 0.555458247662, -20.1891727448, -15.943857193, 16.9612903595, 109.428367615, 41.636516571], [-38.1967811584, -22.7767982483, 19.4966697693, 44.81224823, 22.8266620636, -10.6871061325, -18.0488700867, -14.8692007065, 17.2108783722, -17.4515247345, -30.4465847015, 41.636516571, 108.598678589]]}, "spectral_energyband_middle_low": {"dmean2": 0.00744039285928, "median": 0.00160963111557, "min": 7.67713075334e-08, "dvar2": 0.0001808727975, "dvar": 8.92841126188e-05, "dmean": 0.00513543467969, "max": 0.131660267711, "var": 0.000169687438756, "mean": 0.00806032959372}, "melbands_crest": {"dmean2": 6.75006103516, "median": 11.6771755219, "min": 2.66392683983, "dvar2": 34.1630706787, "dvar": 14.2921485901, "dmean": 4.17609262466, "max": 35.5617027283, "var": 36.5106201172, "mean": 12.8488779068}, "spectral_kurtosis": {"dmean2": 5.90632295609, "median": 6.70400524139, "min": -1.20508491993, "dvar2": 63.7104682922, "dvar": 23.6248111725, "dmean": 3.60379552841, "max": 91.2163391113, "var": 45.883228302, "mean": 8.27432727814}, "spectral_rms": {"dmean2": 0.0012500124285, "median": 0.00235957978293, "min": 1.86081779248e-05, "dvar2": 2.36804180531e-06, "dvar": 1.43214595028e-06, "dmean": 0.000944360566791, "max": 0.0141939250752, "var": 5.43431951883e-06, "mean": 0.00291765131988}, "zerocrossingrate": {"dmean2": 0.0202721767128, "median": 0.0546875, "min": 0.005859375, "dvar2": 0.000905710679945, "dvar": 0.000846420240123, "dmean": 0.0182692240924, "max": 0.39208984375, "var": 0.00298610026948, "mean": 0.0691120997071}, "silence_rate_60dB": {"dmean2": 0.222077071667, "median": 0, "min": 0, "dvar2": 0.210210829973, "dvar": 0.0987020581961, "dmean": 0.111026450992, "max": 1, "var": 0.23477897048, "mean": 0.37657815218}, "erbbands_kurtosis": {"dmean2": 3.1915230751, "median": 0.801683187485, "min": -1.85303878784, "dvar2": 20.6599769592, "dvar": 8.82895851135, "dmean": 1.98223352432, "max": 73.0302124023, "var": 15.2830953598, "mean": 1.79715096951}, "erbbands": {"dmean2": [0.00058497331338, 0.0258508678526, 0.526228785515, 3.25789260864, 6.74755764008, 9.01889038086, 9.96381092072, 14.0202274323, 27.1481113434, 39.5194664001, 39.1214294434, 22.2808456421, 30.5561828613, 39.5788726807, 43.3332252502, 48.5189476013, 43.1991386414, 33.1870613098, 32.6736907959, 26.3542022705, 25.2205410004, 24.4753551483, 12.83989048, 12.4314594269, 8.83908843994, 3.76931214333, 2.93512153625, 3.12171578407, 3.29941868782, 2.47972464561, 2.24396681786, 1.93253552914, 1.30458211899, 0.651436209679, 0.213197767735, 0.0561522319913, 0.0105319134891, 0.00218404387124, 0.000342638813891, 3.31905685016e-05], "median": [0.000134820656967, 0.00202497979626, 0.0173873826861, 0.128177985549, 0.369775444269, 0.418362498283, 0.331926167011, 0.453429162502, 1.11723279953, 2.12129116058, 2.63466358185, 2.23103523254, 2.80059194565, 2.78059387207, 2.25849175453, 2.1593670845, 2.52934837341, 2.81074762344, 2.65625619888, 1.97676229477, 1.87071490288, 2.2021510601, 1.57425904274, 1.344196558, 1.0321791172, 0.538377404213, 0.23721447587, 0.158174037933, 0.158370107412, 0.17067939043, 0.142173856497, 0.0683762729168, 0.03859770298, 0.0157423429191, 0.00604116544127, 0.00179767631926, 0.000384719896829, 7.69764446886e-05, 2.1325511625e-05, 1.30752969199e-05], "min": [1.5928411301e-07, 1.09796917513e-06, 4.49817844128e-06, 1.12763182187e-05, 2.09418722079e-05, 4.36045484093e-05, 5.96613463131e-05, 6.47674823995e-05, 7.33720880817e-05, 8.71143420227e-05, 4.85129494336e-05, 0.000104452832602, 0.000108302658191, 0.000116530180094, 8.33285666886e-05, 0.000207126839086, 0.000215309279156, 0.000216173706576, 0.00018805754371, 0.000129335778183, 0.000123813209939, 0.000136888469569, 0.000149591942318, 0.000146709513501, 0.000133185953018, 0.000141105003422, 0.00014446779096, 0.000134156478452, 0.000168561266037, 0.000191676634131, 0.00020507480076, 0.00019462723867, 0.000157115224283, 5.75515623495e-05, 1.73349599208e-05, 6.65655670673e-06, 2.21560480895e-06, 1.01515524875e-06, 1.24606174268e-07, 9.716569771e-09], "dvar2": [3.35636559612e-06, 0.00770078971982, 2.67457699776, 70.3883361816, 300.270782471, 651.101135254, 782.060852051, 1825.07653809, 7358.93945313, 13423.8740234, 12735.109375, 4223.37255859, 10487.3115234, 22516.296875, 23107.0820313, 42220.9570313, 18669.9785156, 7524.01318359, 6641.88378906, 5315.35400391, 7169.33984375, 3588.96020508, 1250.58972168, 1238.27612305, 451.940734863, 93.5952301025, 83.2014541626, 89.7710113525, 142.012237549, 62.1337890625, 54.8391990662, 64.6791152954, 32.2993583679, 8.84292316437, 0.873552501202, 0.0514282807708, 0.00184663990512, 8.88651920832e-05, 2.64730192612e-06, 1.31220057042e-08], "dvar": [2.01365901376e-06, 0.00432968931273, 1.3416724205, 35.3610076904, 145.220092773, 318.554168701, 352.851623535, 810.215026855, 3128.55908203, 5877.57666016, 5341.15820313, 1818.58508301, 4385.31347656, 9263.74023438, 10989.7685547, 20501.53125, 8704.36132813, 3179.56640625, 2937.2331543, 2294.28588867, 2952.95654297, 1689.82043457, 577.334533691, 546.117980957, 192.547027588, 39.7018547058, 34.6936073303, 39.2846984863, 58.7365036011, 27.5499324799, 23.5816631317, 27.9631443024, 13.9250049591, 3.63302946091, 0.363184064627, 0.0221509002149, 0.000743954209611, 3.42294988513e-05, 9.39859091886e-07, 4.60644322686e-09], "dmean": [0.000407645042287, 0.01871130988, 0.371195882559, 2.22654533386, 4.51833534241, 6.04238176346, 6.52094650269, 8.98448944092, 16.7789802551, 24.754781723, 24.4995613098, 14.5113716125, 19.6325321198, 25.2602462769, 28.3693733215, 31.3005428314, 27.6942481995, 21.0731086731, 20.9900741577, 17.0320663452, 16.3187999725, 15.9237184525, 8.37760162354, 7.95935916901, 5.53887224197, 2.35855913162, 1.86206221581, 1.9950633049, 2.08052158356, 1.61569726467, 1.42521369457, 1.23855769634, 0.842683792114, 0.413116902113, 0.137437656522, 0.0363421551883, 0.0067841168493, 0.00135750276968, 0.000206370576052, 2.08701567317e-05], "max": [0.0788155645132, 1.97917282581, 32.5901832581, 127.671783447, 268.387786865, 362.189758301, 402.392944336, 654.75982666, 1416.22277832, 2099.5690918, 1420.33129883, 1468.87878418, 1420.94726563, 2495.07788086, 2741.88842773, 6481.36376953, 3308.33789063, 1138.78710938, 1245.40551758, 1096.85107422, 1933.26757813, 1136.94567871, 749.825195313, 591.645690918, 260.038970947, 120.554992676, 158.89440918, 125.401313782, 222.353378296, 111.718132019, 101.289138794, 161.19921875, 90.1413879395, 50.0210838318, 13.5697250366, 3.3021299839, 0.753789246082, 0.189439088106, 0.0261424425989, 0.00194702751469], "var": [5.18616388945e-06, 0.0113063566387, 2.51431918144, 61.8976669312, 225.564453125, 528.914428711, 493.309143066, 927.81048584, 3100.3894043, 6510.94580078, 5589.34716797, 2574.30541992, 5163.01123047, 9966.76660156, 15592.3359375, 27817.4609375, 11509.515625, 5249.07958984, 11109.78125, 6055.44824219, 4547.13671875, 2675.93261719, 893.81652832, 703.510070801, 253.211776733, 52.9187698364, 42.6586532593, 49.9565620422, 64.6900177002, 35.1347427368, 28.266746521, 31.2042942047, 15.4671850204, 3.72788167, 0.399242848158, 0.0274605434388, 0.000955435098149, 4.0649993025e-05, 9.48451713612e-07, 4.84549023128e-09], "mean": [0.000649777823128, 0.029994700104, 0.549778699875, 3.08686304092, 5.83819580078, 7.42921638489, 7.49646425247, 9.34624195099, 15.220369339, 24.4870414734, 24.3449420929, 17.3215904236, 22.4960269928, 27.5366477966, 31.8172950745, 35.2974433899, 31.373418808, 28.8294448853, 34.8027610779, 26.0048103333, 22.6799869537, 20.0480117798, 10.4554252625, 8.99037742615, 6.31454896927, 2.9179930687, 2.23464608192, 2.34238982201, 2.36759924889, 1.92632007599, 1.63681530952, 1.32536995411, 0.880749344826, 0.433162510395, 0.150604963303, 0.0413979664445, 0.00808720104396, 0.00159358908422, 0.000240155131905, 3.21659426845e-05]}, "spectral_strongpeak": {"dmean2": 0.846206903458, "median": 0.478280931711, "min": 0.000724379147869, "dvar2": 1.47986996174, "dvar": 0.615642607212, "dmean": 0.531537652016, "max": 19.878288269, "var": 1.21153259277, "mean": 0.836795449257}, "spectral_energy": {"dmean2": 0.0110124479979, "median": 0.00570680666715, "min": 3.54920871359e-07, "dvar2": 0.000321429630276, "dvar": 0.000169401770108, "dmean": 0.00788275897503, "max": 0.206504181027, "var": 0.000382900121622, "mean": 0.0142956916243}, "average_loudness": 0.767015695572, "spectral_rolloff": {"dmean2": 1242.40478516, "median": 1442.72460938, "min": 107.666015625, "dvar2": 4232307.5, "dvar": 2276274, "dmean": 769.551269531, "max": 11520.2636719, "var": 3920033, "mean": 1918.0189209}, "spectral_centroid": {"dmean2": 598.744262695, "median": 1165.93640137, "min": 142.088180542, "dvar2": 665526.125, "dvar": 372717.09375, "dmean": 402.680847168, "max": 6951.12207031, "var": 843524.1875, "mean": 1363.73925781}, "pitch_salience": {"dmean2": 0.152208551764, "median": 0.665099680424, "min": 0.0576238706708, "dvar2": 0.018516195938, "dvar": 0.00789254065603, "dmean": 0.0948339551687, "max": 0.947607755661, "var": 0.0200292896479, "mean": 0.641218185425}, "spectral_energyband_middle_high": {"dmean2": 0.00482984771952, "median": 0.00112561462447, "min": 5.33839603634e-08, "dvar2": 9.58582168096e-05, "dvar": 5.04451345478e-05, "dmean": 0.00334375095554, "max": 0.206381648779, "var": 0.000112164394523, "mean": 0.00529421167448}, "spectral_contrast_coeffs": {"dmean2": [0.0982088446617, 0.101457029581, 0.0749943330884, 0.0622697658837, 0.0526310727, 0.0352796576917], "median": [-0.607146859169, -0.756923556328, -0.818675637245, -0.80642080307, -0.810161888599, -0.802123427391], "min": [-0.897252619267, -0.963155329227, -0.948452949524, -0.935158729553, -0.9212641716, -0.903089284897], "dvar2": [0.00696336384863, 0.00718982983381, 0.00407003751025, 0.00292428070679, 0.00247319205664, 0.00103863852564], "dvar": [0.00367093621753, 0.00350736780092, 0.00187087291852, 0.00135353347287, 0.00128585356288, 0.000518367567565], "dmean": [0.0661239102483, 0.0667425394058, 0.0477320365608, 0.040332570672, 0.0355116836727, 0.0236531682312], "max": [-0.216363221407, -0.262806385756, -0.349697977304, -0.4568580091, -0.491611629725, -0.543137431145], "var": [0.0210233479738, 0.011930490844, 0.00592149235308, 0.00450609438121, 0.00528257759288, 0.00223365286365], "mean": [-0.578824341297, -0.734510242939, -0.80184751749, -0.794039189816, -0.792911589146, -0.796898007393]}, "melbands_skewness": {"dmean2": 1.61470854282, "median": 1.32088518143, "min": -3.01178789139, "dvar2": 3.59089374542, "dvar": 1.50619065762, "dmean": 1.05654346943, "max": 12.2992572784, "var": 3.69935512543, "mean": 1.77571058273}, "spectral_spread": {"dmean2": 1080647.25, "median": 3273391.5, "min": 700162.4375, "dvar2": 1815904387070.0, "dvar": 986883620864, "dmean": 736826.8125, "max": 14834795, "var": 3158001844220.0, "mean": 3762919.25}, "dissonance": {"dmean2": 0.0444816425443, "median": 0.472770571709, "min": 0.104803554714, "dvar2": 0.00259471824393, "dvar": 0.00112684641499, "dmean": 0.0280865766108, "max": 0.500000178814, "var": 0.00259715435095, "mean": 0.454551905394}, "spectral_skewness": {"dmean2": 0.674215078354, "median": 1.93543100357, "min": -0.224778175354, "dvar2": 0.527662813663, "dvar": 0.228424340487, "dmean": 0.434018105268, "max": 6.94301223755, "var": 0.624630451202, "mean": 1.97613370419}, "spectral_flux": {"dmean2": 0.0425741188228, "median": 0.0585221722722, "min": 0.000393686263124, "dvar2": 0.00272678281181, "dvar": 0.00122163200285, "dmean": 0.0272843632847, "max": 0.424228876829, "var": 0.00355565035716, "mean": 0.0723872408271}, "spectral_contrast_valleys": {"dmean2": [0.812994480133, 0.875695943832, 0.713589370251, 0.667804777622, 0.608127772808, 0.540253996849], "median": [-9.62398147583, -7.59288454056, -7.80094432831, -8.15744972229, -8.40210819244, -11.2663002014], "min": [-12.5305156708, -12.0220708847, -12.481341362, -12.5281991959, -12.336771965, -13.7760219574], "dvar2": [0.435083061457, 0.622913956642, 0.407065033913, 0.380710691214, 0.362504065037, 0.33088812232], "dvar": [0.177673339844, 0.269782572985, 0.20890237391, 0.192457124591, 0.189140945673, 0.194985404611], "dmean": [0.502709925175, 0.551972329617, 0.488613069057, 0.462781876326, 0.432400137186, 0.411290258169], "max": [-6.2305226326, -4.48945236206, -4.74345111847, -5.27094173431, -5.76783561707, -7.4966378212], "var": [0.668550431728, 1.18010175228, 1.6335362196, 1.64597177505, 1.52670180798, 1.61335718632], "mean": [-9.53069496155, -7.70314645767, -7.9009141922, -8.22761631012, -8.57533073425, -11.1869382858]}, "erbbands_flatness_db": {"dmean2": 0.0439303778112, "median": 0.21252463758, "min": 0.0338191129267, "dvar2": 0.00159586488735, "dvar": 0.000833720376249, "dmean": 0.029848234728, "max": 0.551565170288, "var": 0.0039421338588, "mean": 0.210828080773}, "spectral_energyband_high": {"dmean2": 0.000356678676326, "median": 3.02953831124e-05, "min": 6.08131358604e-08, "dvar2": 1.09794495984e-06, "dvar": 5.10358972861e-07, "dmean": 0.000234948747675, "max": 0.0124021731317, "var": 7.40284633594e-07, "mean": 0.00030126402271}, "spectral_entropy": {"dmean2": 0.397888481617, "median": 7.41590118408, "min": 4.2211728096, "dvar2": 0.175457432866, "dvar": 0.102598898113, "dmean": 0.275031089783, "max": 8.90948009491, "var": 0.387876033783, "mean": 7.38670015335}, "silence_rate_20dB": {"dmean2": 0, "median": 1, "min": 1, "dvar2": 0, "dvar": 0, "dmean": 0, "max": 1, "var": 0, "mean": 1}, "melbands_flatness_db": {"dmean2": 0.0579852201045, "median": 0.204152196646, "min": 0.013204228133, "dvar2": 0.00347101315856, "dvar": 0.00198290939443, "dmean": 0.0398940034211, "max": 0.548985660076, "var": 0.0080955279991, "mean": 0.209214508533}, "barkbands": {"dmean2": [2.2923807137e-06, 6.52881499263e-05, 0.000713837333024, 0.0016373534454, 0.00233763176948, 0.00157778768335, 0.00242838077247, 0.00197480153292, 0.00109609530773, 0.00116495683324, 0.00108898326289, 0.00125695345923, 0.000972378184088, 0.000692109635565, 0.000587053014897, 0.00047319298028, 0.000449457962532, 0.000221760346903, 0.000230406192713, 8.09691118775e-05, 7.38669987186e-05, 9.10595190362e-05, 7.664765144e-05, 8.40442007757e-05, 4.27352351835e-05, 7.85859811003e-06, 2.02784440262e-06], "median": [2.17291571403e-08, 4.23575693276e-06, 1.19474034364e-05, 4.10652100982e-05, 0.000127835446619, 4.25614380219e-05, 9.48036904447e-05, 0.000102085410617, 9.51154579525e-05, 8.52691591717e-05, 5.10125646542e-05, 4.72796600661e-05, 4.98138324474e-05, 5.21111505805e-05, 3.86555984733e-05, 2.91010146611e-05, 3.70275884052e-05, 2.60565539065e-05, 2.31600679399e-05, 1.05847302621e-05, 4.19493835579e-06, 4.62590878669e-06, 5.18328761245e-06, 2.64554319074e-06, 1.10475912152e-06, 2.70674746616e-07, 7.24438820043e-08], "min": [5.98751950798e-11, 4.96492802426e-09, 4.51907222754e-09, 4.42149827862e-09, 1.20373329082e-08, 7.26983540034e-09, 4.34337588118e-09, 2.2799939714e-09, 4.40579484007e-09, 4.85393414351e-09, 1.27811783379e-09, 3.13523695894e-09, 4.1067638179e-09, 3.33618421777e-09, 1.44522160905e-09, 1.81138881672e-09, 2.31827024244e-09, 2.51807330542e-09, 2.27834506816e-09, 3.19649617886e-09, 3.96722832363e-09, 4.4345744854e-09, 7.61332064059e-09, 9.83310943781e-09, 3.4537230853e-09, 1.47508383286e-09, 8.54687598473e-10], "dvar2": [7.69890540209e-10, 6.11150809959e-08, 5.10407699039e-06, 1.86706329259e-05, 3.21028019243e-05, 1.87033365364e-05, 5.84870867897e-05, 3.11330695695e-05, 1.09267830339e-05, 1.6689153199e-05, 1.66810968949e-05, 2.84520338028e-05, 9.16401313589e-06, 3.12747965836e-06, 2.19639014176e-06, 2.5110673505e-06, 1.25873111756e-06, 3.74754193899e-07, 3.55849692824e-07, 4.41161205345e-08, 4.92343836811e-08, 1.00488158239e-07, 6.10122583566e-08, 1.24028318282e-07, 3.61652112701e-08, 9.28942422984e-10, 9.71271119088e-11], "dvar": [3.23431281757e-10, 3.6553228e-08, 2.57122951552e-06, 8.97363497643e-06, 1.5386249288e-05, 8.49760999699e-06, 2.52087666013e-05, 1.29877580548e-05, 4.4942698878e-06, 7.14686484571e-06, 6.93939546181e-06, 1.46052661876e-05, 4.25560347139e-06, 1.30246633034e-06, 1.00268925962e-06, 1.01627404092e-06, 5.82688073791e-07, 1.71518209413e-07, 1.51611914134e-07, 1.84276043314e-08, 2.1506787462e-08, 4.21400478956e-08, 2.6539982656e-08, 5.46551497393e-08, 1.4971909934e-08, 3.93001020615e-10, 3.43714813555e-11], "dmean": [1.26242571241e-06, 4.58677095594e-05, 0.000493426050525, 0.00108875718433, 0.00156310433522, 0.0010191842448, 0.00149718881585, 0.00121337175369, 0.000695955648553, 0.00074010231765, 0.000688098953106, 0.00080