{"metadata": {"tags": {"label": ["Virgin Records America"], "catalognumber": ["7243 8 50188 2 4"], "asin": ["B00004YLJ4"], "album": ["Jazzmatazz, Volume 3: Streetsoul"], "musicbrainz album type": ["album"], "script": ["Latn"], "albumartistsort": ["Guru"], "musicbrainz album release country": ["US"], "musicbrainz_artistid": ["215c6ab2-7888-4061-bd56-9fb650328106", "5ca67d4f-d909-4cb7-9f43-89f8b4cf7e95"], "musicbrainz_albumid": ["aff7c213-fb34-4c85-8b78-544abde0092b"], "musicbrainz_recordingid": ["0f662e26-29e3-4a52-886e-d11cf56af67b"], "albumartist": ["Guru"], "barcode": ["724385018824"], "originaldate": ["2000-10-03"], "musicbrainz album status": ["official"], "artist": ["Guru"], "isrc": ["USVI20000410"], "artistsort": ["Guru feat. Nubians, Les"], "title": ["Who's There (feat. Les Nubians)"], "tracknumber": ["14/16"], "musicbrainz_albumartistid": ["215c6ab2-7888-4061-bd56-9fb650328106"], "musicbrainz_releasegroupid": ["73311f59-ddcb-323c-9187-dd584b2efca4"], "discnumber": ["1/1"], "date": ["2000-10-03"], "media": ["CD"], "file_name": "14 Guru - Jazzmatazz, Volume 3_ Streetsoul - Who's There (feat. Les Nubians).mp3"}, "audio_properties": {"sample_rate": 44100, "downmix": "mix", "lossless": false, "analysis_sample_rate": 44100, "md5_encoded": "e663fa2879806ff30cd0b1b517f7be1d", "equal_loudness": 0, "replay_gain": -4.43173789978, "codec": "mp3", "bit_rate": 128000, "length": 245.551025391}, "version": {"extractor": "music 1.0", "essentia_build_sha": "2d9f1f26377add8aeb1075a9c2973f962c4f09fd", "essentia_git_sha": "v2.1_beta2-1-ge3940c0", "essentia": "2.1-beta2"}}, "rhythm": {"beats_loudness_band_ratio": {"dvar2": [0.136883109808, 0.0286665260792, 0.0123200640082, 0.00228935619816, 0.00291541358456, 0.0150032714009], "var": [0.153623789549, 0.0192201919854, 0.00811817497015, 0.00193418969866, 0.0034868074581, 0.0170462075621], "min": [0.0171928051859, 0.00116861658171, 0.000287736940663, 5.70862175664e-05, 0.000250132085057, 0.00121211097576], "dmean": [0.743389368057, 0.241287887096, 0.143528744578, 0.0755363702774, 0.110574379563, 0.236037775874], "mean": [0.531719863415, 0.158825516701, 0.0965587794781, 0.0472419559956, 0.0636210590601, 0.130124270916], "max": [0.995365321636, 0.516028642654, 0.510784685612, 0.189188465476, 0.214713305235, 0.652675509453], "dmean2": [1.47919070721, 0.481365144253, 0.279005080462, 0.149489149451, 0.220740199089, 0.470135509968], "median": [0.40277966857, 0.135200425982, 0.100941896439, 0.0433863848448, 0.0633586347103, 0.0613879412413], "dvar": [0.0365635454655, 0.00894414447248, 0.00376969366334, 0.000726469734218, 0.000912750430871, 0.00531886005774]}, "bpm_histogram_first_peak_weight": {"dvar2": 0, "var": 0, "min": 0.988505721092, "dmean": 0, "mean": 0.988505721092, "max": 0.988505721092, "dmean2": 0, "median": 0.988505721092, "dvar": 0}, "bpm": 85.5369720459, "beats_count": 349, "bpm_histogram_first_peak_spread": {"dvar2": 0, "var": 0, "min": 0.0114942202345, "dmean": 0, "mean": 0.0114942202345, "max": 0.0114942202345, "dmean2": 0, "median": 0.0114942202345, "dvar": 0}, "danceability": 1.32163774967, "bpm_histogram_first_peak_bpm": {"dvar2": 0, "var": 0, "min": 86, "dmean": 0, "mean": 86, "max": 86, "dmean2": 0, "median": 86, "dvar": 0}, "beats_position": [0.66176867485, 1.33514738083, 2.02013611794, 2.71673464775, 3.41333317757, 4.1099319458, 4.80653047562, 5.50312900543, 6.19972801208, 6.90793657303, 7.61614513397, 8.32435321808, 9.02095222473, 9.72916126251, 10.4257593155, 11.1223583221, 11.8189563751, 12.5271654129, 13.235373497, 13.9319725037, 14.6285715103, 15.3251695633, 16.0333786011, 16.7299766541, 17.426574707, 18.1347846985, 18.8313827515, 19.5279808044, 20.2245807648, 20.9327888489, 21.640996933, 22.3375968933, 23.0341949463, 23.7424030304, 24.4506111145, 25.1472110748, 25.8438091278, 26.5404071808, 27.2370071411, 27.9452152252, 28.6534233093, 29.3500213623, 30.0466213226, 30.7548294067, 31.4630374908, 32.1596374512, 32.8562355042, 33.5644454956, 34.2726516724, 34.9692497253, 35.6658477783, 36.3740577698, 37.0822677612, 37.7788658142, 38.4754638672, 39.1720619202, 39.8686599731, 40.5768699646, 41.2850799561, 41.981678009, 42.678276062, 43.3864860535, 44.0946922302, 44.7912902832, 45.4878921509, 46.1960983276, 46.9043083191, 47.6009063721, 48.297504425, 49.0057144165, 49.7139205933, 50.4105224609, 51.1071205139, 51.8037185669, 52.5003166199, 53.2085266113, 53.9167327881, 54.6133308411, 55.3215408325, 56.029750824, 56.726348877, 57.4229469299, 58.1195449829, 58.8277549744, 59.5359611511, 60.2325630188, 60.9291610718, 61.6257591248, 62.3339653015, 63.042175293, 63.7387733459, 64.4353713989, 65.1319732666, 65.8401794434, 66.5483856201, 67.2449874878, 67.9415893555, 68.6497955322, 69.358001709, 70.0546035767, 70.7511978149, 71.4594116211, 72.1676177979, 72.8642196655, 73.5608139038, 74.2574157715, 74.9656219482, 75.673828125, 76.3704299927, 77.0670318604, 77.7636260986, 78.4718322754, 79.1800460815, 79.8766403198, 80.5732421875, 81.2814483643, 81.9896621704, 82.6862564087, 83.3828582764, 84.0794525146, 84.7876663208, 85.4958724976, 86.1924667358, 86.8890686035, 87.5856704712, 88.2938766479, 89.0020828247, 89.6986846924, 90.3952789307, 91.1034927368, 91.8116989136, 92.5083007813, 93.2048950195, 93.9131011963, 94.6213150024, 95.3179092407, 96.0145111084, 96.7111129761, 97.4193191528, 98.1275253296, 98.8241271973, 99.5207214355, 100.217323303, 100.92552948, 101.633743286, 102.330337524, 103.026939392, 103.735145569, 104.443351746, 105.139953613, 105.836547852, 106.544761658, 107.252967834, 107.949569702, 108.64616394, 109.354377747, 110.062583923, 110.759178162, 111.455780029, 112.152381897, 112.848976135, 113.557182312, 114.265396118, 114.961990356, 115.658592224, 116.366798401, 117.075012207, 117.771606445, 118.468208313, 119.164802551, 119.873016357, 120.581222534, 121.277824402, 121.97441864, 122.682624817, 123.390838623, 124.087432861, 124.784034729, 125.480628967, 126.188842773, 126.89704895, 127.593650818, 128.290252686, 128.986846924, 129.706665039, 130.403259277, 131.099868774, 131.796463013, 132.504669189, 133.201263428, 133.897872925, 134.606079102, 135.30267334, 136.010879517, 136.719085693, 137.41569519, 138.112289429, 138.820495605, 139.528701782, 140.225296021, 140.921905518, 141.630111694, 142.338317871, 143.034912109, 143.731521606, 144.428115845, 145.136322021, 145.844528198, 146.541137695, 147.237731934, 147.934326172, 148.642532349, 149.350738525, 150.047348022, 150.743942261, 151.452148438, 152.160354614, 152.856964111, 153.55355835, 154.261764526, 154.969970703, 155.6665802, 156.363174438, 157.071380615, 157.779586792, 158.47618103, 159.172790527, 159.869384766, 160.565979004, 161.274185181, 161.982406616, 162.679000854, 163.375595093, 164.08380127, 164.792022705, 165.488616943, 166.185211182, 166.893417358, 167.601623535, 168.298233032, 168.994827271, 169.691421509, 170.399627686, 171.096237183, 171.804443359, 172.501037598, 173.197631836, 173.905853271, 174.614059448, 175.310653687, 176.007247925, 176.715454102, 177.423675537, 178.120269775, 178.816864014, 179.52507019, 180.233291626, 180.929885864, 181.626480103, 182.323074341, 183.031295776, 183.739501953, 184.436096191, 185.13269043, 185.829299927, 186.537506104, 187.24571228, 187.942306519, 188.638900757, 189.335510254, 190.055328369, 190.751922607, 191.448516846, 192.156738281, 192.864944458, 193.561538696, 194.258132935, 194.954742432, 195.65133667, 196.359542847, 197.067749023, 197.764343262, 198.460952759, 199.169158936, 199.877365112, 200.573959351, 201.270568848, 201.978775024, 202.686981201, 203.383575439, 204.080184937, 204.776779175, 205.484985352, 206.193191528, 206.889785767, 207.586395264, 208.282989502, 208.991195679, 209.699401855, 210.396011353, 211.092605591, 211.800811768, 212.509017944, 213.205612183, 213.90222168, 214.610427856, 215.318634033, 216.015228271, 216.711837769, 217.408432007, 218.116638184, 218.813232422, 219.521453857, 220.218048096, 220.914642334, 221.622848511, 222.331054688, 223.027664185, 223.724258423, 224.4324646, 225.140670776, 225.837280273, 226.533874512, 227.23046875, 227.938674927, 228.646896362, 229.343490601, 230.040084839, 230.748291016, 231.456497192, 232.153106689, 232.849700928, 233.546295166, 234.254501343, 234.962722778, 235.659317017, 236.355911255, 237.064117432, 237.772338867, 238.468933105, 239.165527344, 239.862121582, 240.570343018, 241.266937256, 241.975143433, 242.671737671, 243.379943848, 244.088165283, 244.784759521], "beats_loudness": {"dvar2": 0.0131496516988, "var": 0.0048755556345, "min": 3.2033307118e-09, "dmean": 0.078121714294, "mean": 0.0977530181408, "max": 0.290340065956, "dmean2": 0.150563418865, "median": 0.0767699703574, "dvar": 0.00390992686152}, "bpm_histogram_second_peak_weight": {"dvar2": 0, "var": 0, "min": 0, "dmean": 0, "mean": 0, "max": 0, "dmean2": 0, "median": 0, "dvar": 0}, "bpm_histogram_second_peak_spread": {"dvar2": 0, "var": 0, "min": 0, "dmean": 0, "mean": 0, "max": 0, "dmean2": 0, "median": 0, "dvar": 0}, "bpm_histogram_second_peak_bpm": {"dvar2": 0, "var": 0, "min": 0, "dmean": 0, "mean": 0, "max": 0, "dmean2": 0, "median": 0, "dvar": 0}, "onset_rate": 4.28811168671}, "lowlevel": {"spectral_energyband_high": {"dvar2": 7.92903756519e-06, "var": 6.00673774898e-06, "min": 7.85262346439e-21, "dmean": 0.000708092353307, "mean": 0.000845277449116, "max": 0.0211689416319, "dmean2": 0.00106291659176, "median": 0.000176086730789, "dvar": 4.42296322944e-06}, "spectral_energyband_middle_low": {"dvar2": 0.000965263170656, "var": 0.000278245221125, "min": 2.1496159269e-22, "dmean": 0.00720843393356, "mean": 0.0102705191821, "max": 0.195591568947, "dmean2": 0.0122348759323, "median": 0.00548990583047, "dvar": 0.000349752866896}, "spectral_energy": {"dvar2": 0.00469186343253, "var": 0.00256718602031, "min": 1.07274177897e-20, "dmean": 0.0198169220239, "mean": 0.0332398228347, "max": 0.359384059906, "dmean2": 0.0319224372506, "median": 0.0181125663221, "dvar": 0.00199325568974}, "spectral_spread": {"dvar2": 1126091849730.0, "var": 2580821311490.0, "min": 1464321.625, "dmean": 611857.375, "mean": 5046008, "max": 41147044, "dmean2": 888339.1875, "median": 4798599.5, "dvar": 596220575744}, "spectral_energyband_low": {"dvar2": 0.00397202325985, "var": 0.00208384054713, "min": 3.69786690367e-23, "dmean": 0.013484088704, "mean": 0.0199991129339, "max": 0.345630288124, "dmean2": 0.0221902877092, "median": 0.00710553862154, "dvar": 0.00168055773247}, "spectral_rolloff": {"dvar2": 2081058.875, "var": 2144104.25, "min": 21.533203125, "dmean": 502.281311035, "mean": 1122.25634766, "max": 18820.0195313, "dmean2": 814.257629395, "median": 645.99609375, "dvar": 969441.5}, "barkbands": {"dvar2": [1.81020084256e-07, 0.00170625338797, 0.00107527070213, 7.5430063589e-05, 3.9536425902e-05, 0.000148728780914, 7.50136823626e-05, 1.12556181193e-05, 6.45298632662e-06, 1.17115700959e-06, 9.0907417416e-07, 1.56684427566e-06, 7.33860190394e-07, 5.39294148894e-07, 3.38512478493e-07, 9.18977832498e-07, 7.06462969902e-07, 4.03721116982e-07, 1.21184470459e-07, 7.50826359308e-07, 1.27112298287e-06, 4.49078271458e-07, 3.27150019075e-07, 1.25855450506e-07, 1.39210154515e-08, 5.51700074514e-10, 2.81145620753e-17], "var": [6.28274676728e-08, 0.00062431092374, 0.000507515505888, 1.60107301781e-05, 1.46796810441e-05, 4.70156337542e-05, 1.90918181033e-05, 5.78368917559e-06, 4.65311813969e-06, 1.14173610655e-06, 6.61693206894e-07, 9.98349264592e-07, 3.97125432983e-07, 3.79316077215e-07, 2.48914062695e-07, 4.03504742508e-07, 3.01953065218e-07, 2.41069869844e-07, 9.92693998114e-08, 3.68405210338e-07, 5.74906039219e-07, 2.44269187988e-07, 2.58098879158e-07, 1.00227900646e-07, 1.36138158524e-08, 4.10993711286e-10, 6.02206014784e-18], "min": [2.09578372741e-24, 1.35780663827e-23, 1.10842025377e-23, 1.16142523794e-23, 2.17194406685e-23, 4.66667392335e-23, 3.22283379921e-23, 3.79886318764e-23, 2.04161304348e-23, 1.74994182119e-23, 2.89615040559e-23, 4.70546189851e-23, 1.14721062708e-22, 7.68999028458e-23, 1.15183108006e-22, 1.0271338804e-22, 8.70163750012e-23, 1.88118662948e-22, 2.43447296869e-22, 2.65457778302e-22, 3.53837286015e-22, 5.21600838497e-22, 6.18104957201e-22, 7.95793642048e-22, 1.05567148531e-21, 1.52107861871e-21, 2.34035830336e-21], "dmean": [5.13521372341e-05, 0.00814583245665, 0.00650858646259, 0.00148947024718, 0.00168787874281, 0.00246425718069, 0.00163935078308, 0.00101173785515, 0.000756409950554, 0.000272713048616, 0.000271525175776, 0.000354507152224, 0.000221984373638, 0.000210203521419, 0.000171432373463, 0.000199069050723, 0.000189967278857, 0.000162377400557, 0.000115638344141, 0.000210788173717, 0.000218778455746, 0.000152516440721, 0.00013289686467, 8.90426381375e-05, 4.07458937843e-05, 6.74563580105e-06, 1.3905715468e-09], "mean": [5.04602903675e-05, 0.0116183273494, 0.00756627833471, 0.0013997865608, 0.00219081249088, 0.00261788838543, 0.00157262280118, 0.00125875568483, 0.0011016887147, 0.000387082662201, 0.000371419300791, 0.00052313040942, 0.000253508624155, 0.000280726322671, 0.00023254599364, 0.000226926873438, 0.00022937094036, 0.000243799499003, 0.000165767385624, 0.000253821955994, 0.000209307210753, 0.000150835330714, 0.000148915481986, 0.000113361180411, 6.20067294221e-05, 1.06569350464e-05, 1.12460951662e-09], "max": [0.0135488398373, 0.206031933427, 0.208516702056, 0.0698713958263, 0.0505653806031, 0.0875388383865, 0.0537726953626, 0.0355666056275, 0.0209376774728, 0.0259083881974, 0.0106437290087, 0.0129915075377, 0.0074725439772, 0.00844282191247, 0.00763277988881, 0.00973509252071, 0.00658972887322, 0.00526738585904, 0.00385499186814, 0.00768193462864, 0.00788938254118, 0.00535366404802, 0.00471755629405, 0.00325915962458, 0.00145834486466, 0.000592736818362, 4.28417195053e-08], "dmean2": [8.50348660606e-05, 0.0143776144832, 0.00996491312981, 0.00270191836171, 0.00286132912152, 0.00412332778797, 0.00282091274858, 0.00163005397189, 0.00118203903548, 0.000420245429268, 0.000428126135375, 0.000573469151277, 0.000349724694388, 0.000331150076818, 0.000265140814008, 0.000320928695146, 0.000301855354337, 0.000251074816333, 0.000174010478077, 0.000330029230099, 0.000338514189934, 0.000233013095567, 0.000207350909477, 0.000124071142636, 6.1130434915e-05, 1.0401320651e-05, 2.59887467102e-09], "median": [4.78046604258e-06, 0.00363108329475, 0.00133172690403, 0.000317867787089, 0.000961371930316, 0.000537280458957, 0.000301664113067, 0.000434699177276, 0.000129868305521, 4.78766669403e-05, 6.62018210278e-05, 0.000175655732164, 5.51078410354e-05, 6.89823064022e-05, 5.04036361235e-05, 5.3985761042e-05, 6.95124326739e-05, 0.000106091887574, 5.42330963071e-05, 7.9917954281e-05, 2.54119586316e-05, 1.82603816938e-05, 1.24743410197e-05, 2.3272656108e-05, 2.30770710914e-05, 4.5588994908e-06, 3.22998822133e-10], "dvar": [7.03725291373e-08, 0.000609451555647, 0.000470528670121, 2.56674757111e-05, 1.45264875755e-05, 5.59777690796e-05, 2.67044288194e-05, 4.61899662696e-06, 2.70692021331e-06, 5.29266401372e-07, 3.83781383562e-07, 6.50360107102e-07, 3.20541971632e-07, 2.29880640745e-07, 1.51438840135e-07, 3.89909757814e-07, 2.851693921e-07, 1.87606175928e-07, 6.06097998457e-08, 3.28108711756e-07, 5.70960082769e-07, 2.17901501287e-07, 1.89462369349e-07, 6.93079229563e-08, 7.63676855087e-09, 2.45649500741e-10, 8.63454136775e-18]}, "melbands_skewness": {"dvar2": 7.26995372772, "var": 11.0242643356, "min": -2.88219594955, "dmean": 1.18426191807, "mean": 3.68775606155, "max": 88.9604034424, "dmean2": 1.71613800526, "median": 2.8437371254, "dvar": 3.80359268188}, "barkbands_skewness": {"dvar2": 4.74609088898, "var": 6.28057336807, "min": -2.68651461601, "dmean": 0.831452310085, "mean": 2.25815153122, "max": 96.8477783203, "dmean2": 1.2107167244, "median": 1.75841915607, "dvar": 2.37511706352}, "erbbands": {"dvar2": [0.24238319695, 139.275009155, 1644.56872559, 897.650390625, 516.629150391, 508.754577637, 1120.05737305, 14667.6572266, 38873.390625, 3984.5234375, 6200.83740234, 3037.25952148, 1331.83752441, 1243.87219238, 1032.37792969, 2650.16601563, 1604.18579102, 1713.57312012, 867.833007813, 1071.2545166, 3234.98095703, 1778.39526367, 893.852661133, 859.97833252, 308.703674316, 1503.51831055, 1396.03283691, 2075.68896484, 540.041992188, 600.14465332, 263.254058838, 142.823699951, 20.6608085632, 3.33198738098, 0.480929195881, 0.0371688939631, 0.000780744245276, 3.17311491926e-06, 3.27684945844e-09, 6.03455418968e-09], "var": [0.101006776094, 51.6200904846, 820.363647461, 231.143539429, 121.982849121, 233.723068237, 788.214660645, 4306.73632813, 8312.60546875, 2267.53491211, 3001.71289063, 2097.8527832, 1289.02392578, 1215.52648926, 752.675048828, 1559.37341309, 828.014770508, 993.701965332, 646.115661621, 641.988098145, 1383.69274902, 1023.54870605, 655.96673584, 478.787017822, 253.457870483, 822.803771973, 667.365966797, 927.85559082, 283.11038208, 355.334228516, 212.016021729, 82.9465713501, 19.2548656464, 3.24784517288, 0.384982734919, 0.0260748676956, 0.000644598563667, 2.69252041107e-06, 3.10690162486e-09, 3.46921114058e-09], "min": [1.75516237645e-22, 4.02397760951e-21, 1.43618474529e-20, 3.39329940602e-20, 4.18716402694e-20, 5.75213320034e-20, 2.69513719091e-19, 3.05031820619e-19, 2.48837641747e-19, 8.10351312798e-19, 6.79871222588e-19, 5.19584868078e-19, 6.48818707297e-19, 7.51047942949e-19, 1.90979253031e-18, 2.41970946649e-18, 5.33323459173e-18, 4.64785300209e-18, 5.37842925885e-18, 5.63273146252e-18, 5.47942346215e-18, 4.86042311667e-18, 1.12331408426e-17, 9.62425552604e-18, 1.06909661373e-17, 9.95712458506e-18, 1.73658959544e-17, 1.21263635553e-17, 1.42709053939e-17, 1.70758731967e-17, 1.64032413555e-17, 1.41771659782e-17, 1.63118858743e-17, 9.53805172568e-18, 8.38765442468e-18, 5.10290408221e-18, 2.9564700679e-18, 1.28539710608e-18, 3.1953643266e-19, 3.33824213521e-20], "dmean": [0.0946794971824, 2.31518626213, 8.26751995087, 5.09970617294, 4.93149328232, 5.84889125824, 10.9520425797, 21.2688083649, 27.8212566376, 19.5951881409, 22.5231513977, 15.8686647415, 10.3326873779, 9.37791728973, 9.6282119751, 14.2463636398, 10.1317577362, 10.8379077911, 8.8216342926, 8.88123130798, 10.9161291122, 10.4441661835, 8.26933479309, 7.31477594376, 5.73227977753, 9.49795818329, 8.12677192688, 8.9870300293, 5.67122173309, 4.85259771347, 3.88016963005, 2.50801372528, 1.28448319435, 0.602185726166, 0.232098668814, 0.0546843260527, 0.00872124824673, 0.000534662103746, 2.10649923247e-05, 2.34771887335e-05], "mean": [0.150401040912, 3.24327588081, 10.1407022476, 5.31635332108, 5.40679645538, 7.44219207764, 15.3203144073, 20.947101593, 23.0443973541, 24.6588439941, 30.2616176605, 22.7001228333, 16.1729736328, 14.1131305695, 14.7484321594, 20.9245662689, 12.3240175247, 14.1964025497, 12.465265274, 12.1486787796, 12.8423643112, 13.8021659851, 12.9941978455, 10.8657875061, 8.26394748688, 12.171620369, 8.2920589447, 8.51575946808, 5.58190155029, 4.82980155945, 4.34129095078, 2.76025247574, 1.76226127148, 0.872017800808, 0.350962936878, 0.0822221040726, 0.0146088562906, 0.000874121324159, 4.05712999054e-05, 4.0680719394e-05], "max": [5.09194231033, 55.0822143555, 239.195053101, 185.278915405, 183.437164307, 252.824508667, 443.315460205, 913.743286133, 1159.32458496, 677.226867676, 810.362121582, 522.014587402, 492.13671875, 979.820068359, 443.368347168, 575.950744629, 396.271026611, 472.359893799, 348.893493652, 399.839324951, 635.796081543, 341.267578125, 261.315765381, 244.864501953, 186.027633667, 354.209289551, 285.397460938, 340.922302246, 181.040313721, 201.578094482, 129.236785889, 99.9334564209, 41.3513145447, 22.4561271667, 8.39425945282, 5.08155107498, 0.631387293339, 0.0400357022882, 0.000755452027079, 0.000393369118683], "dmean2": [0.16360399127, 4.05646276474, 12.85201931, 8.84387397766, 8.88866615295, 9.81426429749, 17.3576469421, 35.7483673096, 49.6379699707, 31.1911945343, 35.8637886047, 24.3264884949, 15.792552948, 14.3689403534, 15.0251426697, 22.848613739, 15.7875156403, 17.2256546021, 13.4357833862, 13.8628950119, 17.6396522522, 16.1618480682, 12.4562044144, 11.2600078583, 8.70188903809, 14.7543964386, 12.4273738861, 13.9562387466, 8.83228874207, 7.31910943985, 6.03260087967, 3.56523227692, 1.85758292675, 0.883054733276, 0.354251474142, 0.084218300879, 0.0134991807863, 0.000841813685838, 3.07670779875e-05, 3.68478104065e-05], "median": [0.0214144177735, 1.06050205231, 2.54553508759, 1.45647621155, 2.498306036, 2.36736631393, 4.81649398804, 3.4456615448, 3.25498723984, 7.3760933876, 11.3179473877, 3.43462467194, 2.21286964417, 2.52294802666, 5.36868000031, 7.16020774841, 3.29195642471, 3.21448135376, 3.3453335762, 2.74694252014, 3.44255542755, 4.43983650208, 5.604429245, 4.24441242218, 2.88256287575, 3.90573334694, 1.29982089996, 1.0088160038, 0.742488145828, 0.339140355587, 0.381845235825, 0.401139318943, 0.426155388355, 0.293193340302, 0.135862439871, 0.032119423151, 0.00671393703669, 0.000398832373321, 2.32754882745e-05, 2.32080183196e-05], "dvar": [0.0866042971611, 50.9413299561, 732.798278809, 319.320343018, 178.893005371, 188.80859375, 483.196746826, 5490.88916016, 13602.2138672, 1680.43859863, 2461.03857422, 1307.41418457, 594.09576416, 579.188720703, 443.481140137, 1081.53442383, 689.440368652, 703.608032227, 390.593505859, 452.467987061, 1374.32971191, 780.974975586, 439.550018311, 381.498168945, 161.390228271, 681.650878906, 622.327819824, 929.971130371, 256.730407715, 306.70614624, 153.042572021, 68.8451080322, 12.1398658752, 1.89260935783, 0.229551941156, 0.0164417829365, 0.000348530185875, 1.4190766251e-06, 1.61020696776e-09, 2.6137927378e-09]}, "silence_rate_30dB": {"dvar2": 0.155476763844, "var": 0.0754980519414, "min": 0, "dmean": 0.0771631225944, "mean": 0.917738258839, "max": 1, "dmean2": 0.154340833426, "median": 1, "dvar": 0.071215800941}, "melbands_spread": {"dvar2": 213.20715332, "var": 303.409545898, "min": 0.0711823403835, "dmean": 6.40538644791, "mean": 18.5164966583, "max": 228.888504028, "dmean2": 9.44227313995, "median": 14.7135410309, "dvar": 99.5010147095}, "melbands_crest": {"dvar2": 21.5470027924, "var": 31.6325531006, "min": 1.90511989594, "dmean": 3.01454687119, "mean": 16.6322002411, "max": 39.9787750244, "dmean2": 4.71763467789, "median": 16.0569381714, "dvar": 10.5685882568}, "zerocrossingrate": {"dvar2": 0.000253457954386, "var": 0.00130087241996, "min": 0, "dmean": 0.0115383975208, "mean": 0.0498604141176, "max": 0.5009765625, "dmean2": 0.0133329322562, "median": 0.04296875, "dvar": 0.000206419426831}, "barkbands_kurtosis": {"dvar2": 30520.7695313, "var": 20746.7460938, "min": -1.93418288231, "dmean": 10.1661605835, "mean": 13.3600616455, "max": 10823.0400391, "dmean2": 15.4497585297, "median": 3.37003993988, "dvar": 14574.890625}, "spectral_flux": {"dvar2": 0.00921996962279, "var": 0.00748994527385, "min": 6.79614003962e-11, "dmean": 0.0401953198016, "mean": 0.0890942588449, "max": 0.527444303036, "dmean2": 0.0646443217993, "median": 0.0626451522112, "dvar": 0.00391246192157}, "barkbands_crest": {"dvar2": 15.7999010086, "var": 22.9241275787, "min": 2.43457221985, "dmean": 2.51467299461, "mean": 11.5939159393, "max": 26.9012298584, "dmean2": 4.03819465637, "median": 10.6604833603, "dvar": 6.82878494263}, "barkbands_flatness_db": {"dvar2": 0.00184564606752, "var": 0.00298414635472, "min": 0.0472926087677, "dmean": 0.0261802244931, "mean": 0.179036006331, "max": 0.606797993183, "dmean2": 0.0388690456748, "median": 0.170971155167, "dvar": 0.000850649608765}, "spectral_entropy": {"dvar2": 0.0769515186548, "var": 0.18746997416, "min": 5.49945449829, "dmean": 0.215169638395, "mean": 7.43634080887, "max": 9.82915019989, "dmean2": 0.302233040333, "median": 7.39969730377, "dvar": 0.0434124544263}, "pitch_salience": {"dvar2": 0.0190009586513, "var": 0.0195416603237, "min": 0.00325459009036, "dmean": 0.0774047747254, "mean": 0.462126672268, "max": 0.896763503551, "dmean2": 0.126799806952, "median": 0.471238434315, "dvar": 0.00798988901079}, "erbbands_spread": {"dvar2": 361.285827637, "var": 588.130615234, "min": 1.68450343609, "dmean": 11.3534793854, "mean": 45.0518836975, "max": 203.569335938, "dmean2": 16.7036781311, "median": 41.2861022949, "dvar": 176.312454224}, "dynamic_complexity": 4.20094347, "spectral_contrast_valleys": {"dvar2": [0.360051006079, 0.493420958519, 0.379187852144, 0.336737543344, 0.269275873899, 0.282921552658], "var": [1.87199401855, 1.72677671909, 1.5836353302, 1.55909144878, 1.48706185818, 1.5009251833], "min": [-27.6131191254, -27.2758331299, -27.2833194733, -27.2322292328, -27.2876567841, -27.228811264], "dmean": [0.405108094215, 0.474382758141, 0.430237650871, 0.408514380455, 0.376455366611, 0.390588611364], "mean": [-7.71688842773, -7.26192188263, -8.10712623596, -8.43173313141, -8.08284187317, -10.3459014893], "max": [-5.00222730637, -3.94591641426, -5.03284358978, -5.42262983322, -5.32464551926, -7.60223913193], "dmean2": [0.654762506485, 0.736792385578, 0.659350335598, 0.600425422192, 0.519582271576, 0.502494335175], "median": [-7.49324893951, -7.1569519043, -8.00318527222, -8.31951522827, -7.9680814743, -10.2813510895], "dvar": [0.168716222048, 0.220291718841, 0.178237825632, 0.179708793759, 0.156496986747, 0.179201334715]}, "hfc": {"dvar2": 1178.00097656, "var": 737.110046387, "min": 1.16477035824e-16, "dmean": 9.21893405914, "mean": 16.1150150299, "max": 249.620925903, "dmean2": 13.3904905319, "median": 10.0569629669, "dvar": 575.443664551}, "spectral_kurtosis": {"dvar2": 5.74600410461, "var": 7.98348474503, "min": -1.22014927864, "dmean": 1.50512361526, "mean": 4.30088090897, "max": 35.7130432129, "dmean2": 2.30511021614, "median": 4.06651210785, "dvar": 2.51046061516}, "mfcc": {"mean": [-678.73828125, 120.073608398, 12.2442760468, 28.0667724609, 12.4580154419, -1.26291203499, 9.33202266693, 2.07160711288, -0.509813964367, 1.11114609241, 4.15887403488, 7.2677488327, 1.53661930561], "cov": [[9163.80273438, 55.88671875, 17.9872741699, 47.1251182556, -301.150604248, -65.8999938965, -357.470092773, -57.4823799133, -77.8360366821, 57.0649642944, -108.239891052, -6.55073356628, -29.1048488617], [55.88671875, 1223.20812988, -180.56854248, -88.9721832275, 75.634437561, -203.334838867, 167.629806519, 17.0706520081, 43.0274124146, 42.8641242981, 33.7034416199, -56.3175544739, 4.50084495544], [17.9872741699, -180.56854248, 683.450866699, 193.853240967, 36.0457000732, 205.015319824, 21.0707492828, 63.4110870361, -6.61942005157, -8.64105415344, -12.8886642456, 17.1590080261, 10.0022344589], [47.1251182556, -88.9721832275, 193.853240967, 434.344726563, 159.40838623, 160.132324219, 3.95454740524, 37.1784629822, 22.584980011, -25.1331996918, 18.1491146088, 60.8190002441, 57.1504669189], [-301.150604248, 75.634437561, 36.0457000732, 159.40838623, 363.879608154, 91.2848815918, 17.8968105316, 12.0490179062, 21.0204792023, 51.5218200684, 40.2912940979, 28.2254600525, 30.557926178], [-65.8999938965, -203.334838867, 205.015319824, 160.132324219, 91.2848815918, 316.864501953, 50.7512588501, 56.1714363098, 21.4695358276, 10.3335390091, 50.5720558167, 52.1261482239, 30.3197822571], [-357.470092773, 167.629806519, 21.0707492828, 3.95454740524, 17.8968105316, 50.7512588501, 286.978088379, 58.4132080078, 66.6270751953, 15.3316478729, 37.9527854919, 22.763885498, -6.54135656357], [-57.4823799133, 17.0706520081, 63.4110870361, 37.1784629822, 12.0490179062, 56.1714363098, 58.4132080078, 172.520706177, 70.1268386841, 26.3165245056, 17.0249538422, 11.2977256775, 15.5221576691], [-77.8360366821, 43.0274124146, -6.61942005157, 22.584980011, 21.0204792023, 21.4695358276, 66.6270751953, 70.1268386841, 169.579101563, 70.7123794556, 25.2031497955, -3.66318511963, -13.0378799438], [57.0649642944, 42.8641242981, -8.64105415344, -25.1331996918, 51.5218200684, 10.3335390091, 15.3316478729, 26.3165245056, 70.7123794556, 144.158630371, 43.2603988647, -9.03705406189, -14.5519256592], [-108.239891052, 33.7034416199, -12.8886642456, 18.1491146088, 40.2912940979, 50.5720558167, 37.9527854919, 17.0249538422, 25.2031497955, 43.2603988647, 113.607139587, 42.9537315369, 14.7585096359], [-6.55073356628, -56.3175544739, 17.1590080261, 60.8190002441, 28.2254600525, 52.1261482239, 22.763885498, 11.2977256775, -3.66318511963, -9.03705406189, 42.9537315369, 109.053108215, 47.107673645], [-29.1048488617, 4.50084495544, 10.0022344589, 57.1504669189, 30.557926178, 30.3197822571, -6.54135656357, 15.5221576691, -13.0378799438, -14.5519256592, 14.7585096359, 47.107673645, 93.5886383057]], "icov": [[0.000126406070194, -6.49700814392e-05, 1.38685572892e-05, -8.67052585818e-05, 0.000172654312337, -6.89186708769e-05, 0.000184874166735, -1.70111081843e-06, 6.62593520246e-05, -0.000204861906241, 0.000172364161699, -0.000156703215907, 0.000102129764855], [-6.49700814392e-05, 0.0012359978864, 3.8012785808e-05, 3.42592065863e-05, -0.000498551817145, 0.00106275710277, -0.000958118063863, -0.000114246147859, 4.6296918299e-05, 8.11932404758e-05, -0.000734043482225, 0.00105512503069, -0.000730430416297], [1.38685572892e-05, 3.8012785808e-05, 0.00206181686372, -0.000730312371161, 0.000321568310028, -0.00113564368803, -8.51084550959e-05, -0.000536677660421, 0.000637055141851, -0.000442357180873, 0.000773753563408, 0.000143600147567, 0.000399746524636], [-8.67052585818e-05, 3.42592065863e-05, -0.000730312371161, 0.0039463667199, -0.00155352812726, -0.000886608613655, 0.000342467537848, 6.96953138686e-05, -0.00127459526993, 0.00167175638489, 0.000105727005575, -0.000804443203378, -0.00108295842074], [0.000172654312337, -0.000498551817145, 0.000321568310028, -0.00155352812726, 0.00412925565615, -0.000940794590861, 0.000314130797051, 0.000332499563228, 0.000577391765546, -0.00205143890344, 0.000183862313861, -0.00028270779876, -0.000209917401662], [-6.89186708769e-05, 0.00106275710277, -0.00113564368803, -0.000886608613655, -0.000940794590861, 0.00600192602724, -0.00121881067753, -0.000813116843347, 0.00013906598906, 0.000223459224799, -0.00225538644008, 0.000123298697872, -0.000649620429613], [0.000184874166735, -0.000958118063863, -8.51084550959e-05, 0.000342467537848, 0.000314130797051, -0.00121881067753, 0.00513260066509, -0.000746393110603, -0.00148183177225, 0.00067988364026, -0.000262085406575, -0.00167609669734, 0.00146262987982], [-1.70111081843e-06, -0.000114246147859, -0.000536677660421, 6.96953138686e-05, 0.000332499563228, -0.000813116843347, -0.000746393110603, 0.00784728582948, -0.00298423180357, -0.000138641800731, 0.000135628913995, 0.000222617687541, -0.00174979458097], [6.62593520246e-05, 4.6296918299e-05, 0.000637055141851, -0.00127459526993, 0.000577391765546, 0.00013906598906, -0.00148183177225, -0.00298423180357, 0.00976610276848, -0.00443836068735, 0.000224581584916, 0.000326673587551, 0.00135699450038], [-0.000204861906241, 8.11932404758e-05, -0.000442357180873, 0.00167175638489, -0.00205143890344, 0.000223459224799, 0.00067988364026, -0.000138641800731, -0.00443836068735, 0.0115467347205, -0.00423985999078, 0.0016678449465, 0.000632907846011], [0.000172364161699, -0.000734043482225, 0.000773753563408, 0.000105727005575, 0.000183862313861, -0.00225538644008, -0.000262085406575, 0.000135628913995, 0.000224581584916, -0.00423985999078, 0.0138369128108, -0.00550140114501, 0.000530614634044], [-0.000156703215907, 0.00105512503069, 0.000143600147567, -0.000804443203378, -0.00028270779876, 0.000123298697872, -0.00167609669734, 0.000222617687541, 0.000326673587551, 0.0016678449465, -0.00550140114501, 0.0155428927392, -0.00637639593333], [0.000102129764855, -0.000730430416297, 0.000399746524636, -0.00108295842074, -0.000209917401662, -0.000649620429613, 0.00146262987982, -0.00174979458097, 0.00135699450038, 0.000632907846011, 0.000530614634044, -0.00637639593333, 0.0154553037137]]}, "silence_rate_20dB": {"dvar2": 0, "var": 0, "min": 1, "dmean": 0, "mean": 1, "max": 1, "dmean2": 0, "median": 1, "dvar": 0}, "melbands_kurtosis": {"dvar2": 30273.2460938, "var": 19429.7207031, "min": -1.87151360512, "dmean": 23.9356899261, "mean": 36.0621528625, "max": 9329.30175781, "dmean2": 36.4540672302, "median": 11.5344152451, "dvar": 13715.6796875}, "barkbands_spread": {"dvar2": 126.467430115, "var": 191.457397461, "min": 0.0376343093812, "dmean": 6.35182714462, "mean": 19.6378078461, "max": 125.418128967, "dmean2": 9.25584316254, "median": 16.7638244629, "dvar": 62.927696228}, "erbbands_skewness": {"dvar2": 0.370802313089, "var": 0.652733445168, "min": -5.71186923981, "dmean": 0.435851842165, "mean": 0.428774416447, "max": 4.61016654968, "dmean2": 0.657114505768, "median": 0.432259857655, "dvar": 0.178969949484}, "average_loudness": 0.849079549313, "spectral_centroid": {"dvar2": 229970.921875, "var": 446469.3125, "min": 190.907424927, "dmean": 301.376434326, "mean": 1232.48278809, "max": 11215.0605469, "dmean2": 438.554138184, "median": 1091.52954102, "dvar": 117409.46875}, "dissonance": {"dvar2": 0.00131144863553, "var": 0.00121175777167, "min": 0.264988422394, "dmean": 0.023896150291, "mean": 0.448822528124, "max": 0.500000059605, "dmean2": 0.0391543693841, "median": 0.456336915493, "dvar": 0.000521750596818}, "erbbands_flatness_db": {"dvar2": 0.000576208753046, "var": 0.00150863279123, "min": 0.0297144111246, "dmean": 0.0180160775781, "mean": 0.1541685462, "max": 0.410402804613, "dmean2": 0.0260391514748, "median": 0.150210559368, "dvar": 0.000304255139781}, "spectral_strongpeak": {"dvar2": 1.01747667789, "var": 0.50508338213, "min": 0, "dmean": 0.357185781002, "mean": 0.660700380802, "max": 8.40454673767, "dmean2": 0.606942355633, "median": 0.383615255356, "dvar": 0.40204796195}, "spectral_rms": {"dvar2": 9.76846695266e-06, "var": 9.81097491604e-06, "min": 3.23508472615e-12, "dmean": 0.00119944196194, "mean": 0.00475585646927, "max": 0.0187248121947, "dmean2": 0.00183618161827, "median": 0.00420366507024, "dvar": 4.43848239229e-06}, "silence_rate_60dB": {"dvar2": 0.0405619330704, "var": 0.0922112688422, "min": 0, "dmean": 0.0189125295728, "mean": 0.102779880166, "max": 1, "dmean2": 0.0378286354244, "median": 0, "dvar": 0.0185526739806}, "melbands": {"dvar2": [5.76062666369e-05, 0.000365596875781, 2.33633309108e-05, 2.84091993308e-06, 9.59032490755e-07, 8.51784352562e-06, 6.95422340868e-06, 4.08145922393e-07, 4.45679745553e-07, 1.0425538477e-07, 3.36351035912e-08, 2.13620623413e-08, 1.29828663376e-08, 2.59729144858e-08, 8.82101769406e-09, 8.42696401548e-09, 6.86151579998e-09, 2.5006998694e-09, 2.51746490321e-09, 2.32033081637e-09, 6.56326060167e-09, 2.08307837646e-09, 1.21466281477e-09, 8.82900030863e-10, 5.95406612902e-10, 2.19823687031e-10, 3.20588805502e-10, 9.6901409119e-10, 6.63997856698e-10, 8.71416327985e-10, 7.03309521732e-10, 1.80775186487e-10, 1.79361192565e-10, 1.63179539325e-10, 1.12732628788e-10, 7.25753485087e-11, 5.61885676875e-11, 1.48760587182e-11, 4.2896059968e-12, 2.06977902699e-12], "var": [2.21185455302e-05, 0.000175298220711, 6.53427105135e-06, 8.31762179132e-07, 6.93051845246e-07, 2.36172058976e-06, 1.54401391228e-06, 2.47620022265e-07, 2.14980730107e-07, 7.71769919083e-08, 3.24115596584e-08, 2.16629061356e-08, 9.48794998124e-09, 1.74720398149e-08, 5.21818588339e-09, 4.27237578648e-09, 3.92541332772e-09, 1.90492022156e-09, 1.84085635624e-09, 1.19058685133e-09, 2.64432009622e-09, 1.1801886135e-09, 6.71965594279e-10, 5.13241671385e-10, 3.24259036288e-10, 1.5914915219e-10, 1.83579179636e-10, 4.77198669468e-10, 2.62765725845e-10, 3.57605306478e-10, 3.05127145772e-10, 7.7553269362e-11, 1.09525596925e-10, 9.95428253714e-11, 8.16425538286e-11, 4.33049394954e-11, 2.97906560531e-11, 1.17132649066e-11, 4.05873251674e-12, 1.84019314543e-12], "min": [3.19882781523e-24, 6.600552233e-24, 5.9989684844e-24, 5.36681755901e-24, 7.41083150066e-24, 7.55574051578e-24, 4.28414659294e-24, 8.42232867486e-24, 4.71996660509e-24, 3.10449799755e-24, 2.95617143977e-24, 2.59964614808e-24, 5.91577442447e-24, 5.59905663179e-24, 6.79975696651e-24, 1.37701682126e-23, 6.80684488174e-24, 8.09365214528e-24, 8.82080440619e-24, 7.94911231706e-24, 5.74237412004e-24, 4.98842662076e-24, 6.54828743702e-24, 1.05660005979e-23, 6.47689118636e-24, 7.40850514985e-24, 9.23651359286e-24, 4.40532391102e-24, 1.08519997526e-23, 8.79140750455e-24, 6.88408304183e-24, 6.1209334801e-24, 8.31390053229e-24, 1.06895780253e-23, 8.18769067607e-24, 6.52239189451e-24, 8.90782523036e-24, 1.2054745998e-23, 1.06504828677e-23, 6.85614474401e-24], "dmean": [0.00153680972289, 0.00389024056494, 0.000890011375304, 0.000382366997655, 0.000341532111634, 0.000503481307533, 0.00039959748392, 0.000205949749216, 0.000189978192793, 9.33253249968e-05, 5.16795225849e-05, 3.81367499358e-05, 3.34748656314e-05, 4.40672811237e-05, 2.66936658591e-05, 2.23010938498e-05, 2.10130292544e-05, 1.47382006617e-05, 1.37382776302e-05, 1.13462883746e-05, 1.42121134559e-05, 1.12144953164e-05, 8.9127515821e-06, 7.88841771282e-06, 6.07199399383e-06, 4.58307931694e-06, 4.79766822536e-06, 7.32865510145e-06, 5.72798035137e-06, 4.8829087973e-06, 5.49760397917e-06, 3.2506225125e-06, 2.85699979941e-06, 2.52050676863e-06, 2.45527780862e-06, 1.87163777809e-06, 1.47997207023e-06, 1.00871113773e-06, 6.3158785224e-07, 4.85162900077e-07], "mean": [0.00232500140555, 0.00514181191102, 0.000985254533589, 0.000448307895567, 0.000494633452035, 0.000491556071211, 0.000345219217706, 0.000267347553745, 0.000250698591117, 0.000135982525535, 7.8592041973e-05, 5.58390820515e-05, 4.78426809423e-05, 6.57541386317e-05, 3.44808540831e-05, 2.53263406194e-05, 2.63924721366e-05, 1.97163171833e-05, 1.86245342775e-05, 1.37054375955e-05, 1.5457824702e-05, 1.41323043863e-05, 1.17375320769e-05, 1.19837814054e-05, 8.50633477967e-06, 6.17141677139e-06, 6.36919185126e-06, 8.69475115906e-06, 5.54360076421e-06, 4.56339739685e-06, 5.11043799634e-06, 3.07278901346e-06, 2.85590272142e-06, 2.54032011071e-06, 2.65524158749e-06, 1.97617987396e-06, 1.60856689035e-06, 1.30562477807e-06, 9.18108185033e-07, 6.72194516937e-07], "max": [0.0508279912174, 0.108361698687, 0.0309891309589, 0.011871131137, 0.0124240713194, 0.0201219953597, 0.0156020149589, 0.00648167170584, 0.00576074654236, 0.00339517649263, 0.00244121300057, 0.00403663748875, 0.00120691175107, 0.00182190747, 0.000916882941965, 0.000900320359506, 0.00107231002767, 0.000636298325844, 0.000727567472495, 0.000511384976562, 0.00096916424809, 0.000383621983929, 0.00031729231705, 0.000248907104833, 0.000203104791581, 0.000168105005287, 0.000170907063875, 0.000280060863588, 0.000223456358071, 0.000249476142926, 0.000200989481527, 0.000114751201181, 0.000101853518572, 0.000107859865238, 8.51196818985e-05, 7.48001693864e-05, 6.64489998599e-05, 3.66642452718e-05, 2.51437395491e-05, 1.69353606907e-05], "dmean2": [0.00272122677416, 0.00629860768095, 0.00152369320858, 0.000672076130286, 0.000538709340617, 0.000853231118526, 0.000704693957232, 0.000327079702402, 0.000301335559925, 0.000143790995935, 7.96258536866e-05, 5.85328562011e-05, 5.23905619048e-05, 7.16728682164e-05, 4.18015843024e-05, 3.55127885996e-05, 3.38128993462e-05, 2.26765241678e-05, 2.13759558392e-05, 1.78961981874e-05, 2.3443973987e-05, 1.74005272129e-05, 1.38233299367e-05, 1.22390410979e-05, 9.4502202046e-06, 7.04599597157e-06, 7.48323327571e-06, 1.1601132428e-05, 9.15597138373e-06, 7.65516051615e-06, 8.63948116603e-06, 5.16916361448e-06, 4.4503940444e-06, 3.84730628866e-06, 3.78883964913e-06, 2.73694217867e-06, 2.13671182792e-06, 1.46822924307e-06, 9.34865454383e-07, 7.22906122519e-07], "median": [0.00058482401073, 0.00181620602962, 0.000333649892127, 0.000186069402844, 0.000170667291968, 8.42735462356e-05, 5.31143887201e-05, 8.63604800543e-05, 8.19177221274e-05, 1.65021629073e-05, 9.39979145187e-06, 8.74826946529e-06, 1.16301944217e-05, 2.1595191356e-05, 1.03364218376e-05, 5.18882825418e-06, 5.43192163605e-06, 4.86892577101e-06, 3.63214144272e-06, 2.68150665761e-06, 3.99383134209e-06, 4.0764834921e-06, 4.44202214567e-06, 5.12324049851e-06, 3.05315825244e-06, 1.8208261281e-06, 2.36815048993e-06, 2.33162199947e-06, 7.49344906126e-07, 4.79076163629e-07, 5.68259679312e-07, 4.50100912985e-07, 2.20860300715e-07, 1.54151990728e-07, 2.02856980991e-07, 2.3361667445e-07, 2.25997595749e-0