{"metadata": {"tags": {"albumartist": ["Peter, Paul & Mary"], "musicbrainz_artistid": ["3d621c94-2356-4532-ad52-79e0ef73e20c"], "artist": ["Peter, Paul & Mary"], "genre": ["folk"], "musicbrainz_albumid": ["0d51e3e5-2079-4c23-ba7a-90239b308e21"], "artistsort": ["Peter, Paul & Mary"], "albumartistsort": ["Peter, Paul & Mary"], "title": ["Oh, Had I a Golden Thread"], "tracknumber": ["12/12"], "musicbrainz_albumartistid": ["3d621c94-2356-4532-ad52-79e0ef73e20c"], "album": ["In These Times"], "musicbrainz album status": ["official"], "musicbrainz album type": ["album"], "composer": ["Pete Seeger"], "encodedby": ["iTunes v4.5"], "discnumber": ["1/1"], "date": ["2004"], "musicbrainz_recordingid": ["0f6e36fa-95eb-49e2-b42d-959d0f4abb13"], "file_name": "12_Ohx_Had_I_a_G.mp3", "language": ["eng"], "script": ["Latn"]}, "audio_properties": {"sample_rate": 44100, "downmix": "mix", "lossless": false, "analysis_sample_rate": 44100, "md5_encoded": "ea18d5907a869620e4a9b55605eb7a36", "equal_loudness": 0, "replay_gain": -5.76981544495, "codec": "mp3", "bit_rate": 160000, "length": 428.486541748}, "version": {"extractor": "music 1.0", "essentia_build_sha": "ca57ba49d9b1854bd80e60cf9ccf267278fb7d6b", "essentia_git_sha": "v2.1_beta1-28-g21ef5f4-dirty", "essentia": "2.1-beta1"}}, "rhythm": {"beats_loudness_band_ratio": {"dvar2": [0.0842101275921, 0.0559148341417, 0.0327260158956, 0.0225947890431, 0.0011925464496, 0.0340220294893], "var": [0.081898458302, 0.0304771102965, 0.0138094425201, 0.0118631590158, 0.000345675362041, 0.0800926834345], "min": [2.87341263174e-05, 5.19160039403e-06, 3.16238329106e-05, 6.79866861901e-05, 4.78718720842e-05, 0.00117383187171], "dmean": [0.175186231732, 0.129292845726, 0.0698979198933, 0.0374689176679, 0.0103573584929, 0.0849666744471], "mean": [0.485110163689, 0.172374412417, 0.0730552077293, 0.041512273252, 0.00991808995605, 0.268394201994], "max": [0.981159985065, 0.886409878731, 0.71499568224, 0.830137491226, 0.183543667197, 0.999585092068], "dmean2": [0.302096098661, 0.223117679358, 0.123974040151, 0.0656414851546, 0.0188116878271, 0.145981416106], "median": [0.477019309998, 0.109863974154, 0.0207976959646, 0.00687720766291, 0.00314182252623, 0.160654753447], "dvar": [0.0307164434344, 0.0211036484689, 0.0116156190634, 0.00813400186598, 0.000419217714807, 0.0123464595526]}, "bpm_histogram_first_peak_weight": {"dvar2": 0, "var": 0, "min": 0.204804047942, "dmean": 0, "mean": 0.204804047942, "max": 0.204804047942, "dmean2": 0, "median": 0.204804047942, "dvar": 0}, "bpm": 108.265739441, "beats_count": 792, "bpm_histogram_first_peak_spread": {"dvar2": 0, "var": 0, "min": 0.62929058075, "dmean": 0, "mean": 0.62929058075, "max": 0.62929058075, "dmean2": 0, "median": 0.62929058075, "dvar": 0}, "danceability": 0.941433370113, "bpm_histogram_first_peak_bpm": {"dvar2": 0, "var": 0, "min": 108, "dmean": 0, "mean": 108, "max": 108, "dmean2": 0, "median": 108, "dvar": 0}, "beats_position": [0.46439909935, 0.940408170223, 1.40480720997, 1.86920630932, 2.33360528946, 2.7863945961, 3.25079369545, 3.7151927948, 4.17959165573, 4.6439909935, 5.10838985443, 5.58439922333, 6.01396799088, 6.44353723526, 6.87310647964, 7.30267572403, 7.73224496841, 8.15020370483, 8.56816291809, 9.02095222473, 9.47374153137, 9.92653083801, 10.379319191, 10.774058342, 11.1687984467, 11.5751476288, 11.9814968109, 12.3994560242, 12.8174142838, 13.2237634659, 13.6301136017, 14.0248527527, 14.4195919037, 14.8143310547, 15.2206802368, 15.6270294189, 16.0449886322, 16.4977779388, 16.9505672455, 17.4033565521, 17.8677539825, 18.3321533203, 18.784942627, 19.2493419647, 19.7717914581, 20.2942390442, 20.851518631, 21.4087982178, 21.9544658661, 22.5001354218, 23.0458049774, 23.5914726257, 24.1371421814, 24.6828117371, 25.2168693542, 25.7509288788, 26.2849884033, 26.865486145, 27.4459857941, 28.0264854431, 28.6650333405, 29.3035831451, 29.8376407623, 30.3717002869, 30.9057598114, 31.4398174286, 31.9738769531, 32.5079345703, 33.0419960022, 33.5644454956, 34.0868911743, 34.6557807922, 35.2246704102, 35.7819480896, 36.3392295837, 36.8965072632, 37.4537849426, 38.0226745605, 38.5915641785, 39.1720619202, 39.7641716003, 40.3678894043, 40.9716110229, 41.5753288269, 42.1906585693, 42.8059844971, 43.432926178, 44.0598640442, 44.7216300964, 45.3833999634, 46.0451698303, 46.7069396973, 47.3687057495, 48.0304756165, 48.6922454834, 49.3656234741, 50.0390014648, 50.6775512695, 51.3160972595, 51.9546470642, 52.6048049927, 53.2549667358, 53.9167327881, 54.578502655, 55.1241722107, 55.6814498901, 56.2387275696, 56.7843971252, 57.3300666809, 57.8873443604, 58.4446258545, 59.0019035339, 59.5359611511, 60.0932426453, 60.6389122009, 61.1845779419, 61.7186393738, 62.252696991, 62.6938781738, 63.135055542, 63.5878448486, 63.9825820923, 64.3657150269, 64.7604522705, 65.1551895142, 65.5731506348, 66.0027160645, 66.4206771851, 66.8386383057, 67.2217712402, 67.6048965454, 67.98802948, 68.3943786621, 68.8007278442, 69.2070770264, 69.6250305176, 70.1010437012, 70.5770492554, 71.053062439, 71.4826278687, 71.9005889893, 72.3185501099, 72.724899292, 73.1428527832, 73.5608139038, 73.9903869629, 74.4083404541, 74.8146896362, 75.2326507568, 75.6506118774, 76.068572998, 76.4865264893, 76.9044876099, 77.3224487305, 77.7520141602, 78.1815872192, 78.6111526489, 79.0639419556, 79.5167312622, 79.9695205688, 80.503578186, 81.0260314941, 81.5368728638, 82.105758667, 82.6862564087, 83.2667541504, 83.8472518921, 84.4277572632, 85.0314712524, 85.6351928711, 86.3085708618, 86.9819488525, 87.6437149048, 88.3170928955, 88.9672546387, 89.6058044434, 90.2327423096, 90.7551879883, 91.2776412964, 91.788482666, 92.3109283447, 92.8217697144, 93.3442153931, 93.8666687012, 94.3891143799, 94.9115600586, 95.3991851807, 95.8751907349, 96.3628082275, 96.8388214111, 97.3148269653, 97.7908401489, 98.2668457031, 98.7428588867, 99.2188644409, 99.7993621826, 100.368255615, 100.937141418, 101.506027222, 102.063308716, 102.608978271, 103.154647827, 103.711929321, 104.269203186, 104.814872742, 105.372154236, 105.906211853, 106.44026947, 106.974327087, 107.403900146, 107.833465576, 108.263038635, 108.692604065, 109.122177124, 109.551742554, 109.981315613, 110.422492981, 110.863670349, 111.304847717, 111.746032715, 112.187210083, 112.616775513, 113.034736633, 113.452697754, 113.859046936, 114.277008057, 114.694961548, 115.112922668, 115.530883789, 115.960449219, 116.390022278, 116.819587708, 117.260765076, 117.678726196, 118.096687317, 118.514648438, 118.932601929, 119.350563049, 119.76852417, 120.174873352, 120.592834473, 120.999183655, 121.428749084, 121.904762268, 122.380767822, 122.856781006, 123.33278656, 123.808792114, 124.284805298, 124.760810852, 125.178771973, 125.596733093, 126.014694214, 126.432647705, 126.850608826, 127.268569946, 127.686531067, 128.116104126, 128.557281494, 128.998458862, 129.451248169, 129.904037476, 130.356826782, 130.890884399, 131.424942017, 131.947387695, 132.504669189, 133.061950684, 133.607620239, 134.164901733, 134.722167969, 135.279449463, 135.848342896, 136.417236328, 137.032562256, 137.636276245, 138.263214111, 138.890151978, 139.517089844, 140.13243103, 140.759368896, 141.432739258, 142.106124878, 142.779495239, 143.441268921, 144.103042603, 144.776412964, 145.438186646, 146.099945068, 146.773330688, 147.469924927, 148.166534424, 148.770248413, 149.385574341, 149.98928833, 150.558181763, 151.127075195, 151.684356689, 152.230026245, 152.78729248, 153.332962036, 153.867019653, 154.401092529, 154.99319458, 155.585296631, 156.223846436, 156.874008179, 157.512557983, 158.151107788, 158.778045654, 159.404983521, 160.031921387, 160.658859253, 161.285797119, 161.912734985, 162.55128479, 163.178222656, 163.816772461, 164.455322266, 165.105484009, 165.755645752, 166.417419434, 167.055953979, 167.694503784, 168.275009155, 168.855514526, 169.412780762, 169.970062256, 170.52734375, 171.084625244, 171.641906738, 172.199172974, 172.710021973, 173.220855713, 173.731704712, 174.242538452, 174.753372192, 175.264221191, 175.775054932, 176.285888672, 176.796737671, 177.284347534, 177.771972656, 178.25958252, 178.747207642, 179.234832764, 179.722442627, 180.210067749, 180.697677612, 181.185302734, 181.696136475, 182.206985474, 182.717819214, 183.228652954, 183.739501953, 184.250335693, 184.761169434, 185.272018433, 185.771240234, 186.270477295, 186.781311035, 187.292144775, 187.802993774, 188.302215576, 188.801452637, 189.312286377, 189.823120117, 190.333969116, 190.844802856, 191.355636597, 191.854873657, 192.354095459, 192.85333252, 193.44543457, 194.03755188, 194.629653931, 195.198547363, 195.767440796, 196.324707031, 196.881988525, 197.43927002, 198.019775391, 198.588653564, 199.157546997, 199.714828491, 200.272109985, 200.840988159, 201.409881592, 201.955551147, 202.501220703, 203.058502197, 203.604171753, 204.161453247, 204.707122803, 205.252792358, 205.798446655, 206.355728149, 206.913009644, 207.470291138, 208.027572632, 208.584854126, 209.130523682, 209.676193237, 210.221862793, 210.76751709, 211.301589966, 211.847259521, 212.392913818, 212.950195312, 213.495864868, 214.041534424, 214.575592041, 215.121261597, 215.666931152, 216.212600708, 216.758270264, 217.315551758, 217.872833252, 218.430114746, 218.987380981, 219.521453857, 220.067123413, 220.61277771, 221.158447266, 221.704116821, 222.249786377, 222.795455933, 223.341125488, 223.898406982, 224.444076538, 225.001358032, 225.558639526, 226.115921021, 226.673187256, 227.23046875, 227.787750244, 228.345031738, 228.902313232, 229.459594727, 230.005249023, 230.550918579, 231.108200073, 231.665481567, 232.222763062, 232.780044556, 233.325714111, 233.882995605, 234.440261841, 235.03237915, 235.63609314, 236.216598511, 236.808700562, 237.400817871, 237.981307983, 238.550201416, 239.119094849, 239.687973022, 240.256866455, 240.825759888, 241.394638062, 241.963531494, 242.532424927, 243.089706421, 243.670196533, 244.250701904, 244.831192017, 245.411697388, 245.9921875, 246.572692871, 247.164810181, 247.756912231, 248.349014282, 248.941131592, 249.533233643, 250.113739014, 250.694229126, 251.286346436, 251.878448486, 252.470565796, 253.051055908, 253.619949341, 254.188842773, 254.757720947, 255.32661438, 255.895507812, 256.464385986, 257.02166748, 257.567352295, 258.113006592, 258.670288086, 259.22756958, 259.784851074, 260.342132568, 260.887786865, 261.445068359, 262.013977051, 262.571228027, 263.128509521, 263.685791016, 264.24307251, 264.800354004, 265.357635498, 265.914916992, 266.472198486, 267.02947998, 267.586761475, 268.144042969, 268.701324463, 269.258575439, 269.815856934, 270.373138428, 270.918823242, 271.464477539, 272.010162354, 272.55581665, 273.089874268, 273.623931885, 274.169616699, 274.715270996, 275.27255249, 275.829833984, 276.398712158, 276.96762085, 277.536499023, 278.105377197, 278.674285889, 279.243164062, 279.800445557, 280.357727051, 280.915008545, 281.472290039, 282.041168213, 282.610076904, 283.178955078, 283.747833252, 284.316741943, 284.885620117, 285.454498291, 286.023406982, 286.580688477, 287.137939453, 287.695220947, 288.264129639, 288.833007812, 289.413513184, 289.982391357, 290.551300049, 291.120178223, 291.689056396, 292.246337891, 292.803619385, 293.349304199, 293.894958496, 294.440643311, 294.997894287, 295.543579102, 296.100860596, 296.66973877, 297.215423584, 297.761077881, 298.306762695, 298.852416992, 299.409698486, 299.955383301, 300.489440918, 301.023498535, 301.569152832, 302.114837646, 302.672088623, 303.217773438, 303.763427734, 304.320709229, 304.877990723, 305.435272217, 305.992553711, 306.549835205, 307.095489502, 307.641174316, 308.198455811, 308.755737305, 309.313018799, 309.870300293, 310.439178467, 310.996459961, 311.565338135, 312.122619629, 312.679901123, 313.237182617, 313.771240234, 314.316925049, 314.874176025, 315.443084717, 316.011962891, 316.580841064, 317.149749756, 317.71862793, 318.287536621, 318.856414795, 319.413696289, 319.970977783, 320.539855957, 321.097137451, 321.654418945, 322.223297119, 322.780578613, 323.337860107, 323.895141602, 324.452423096, 325.00970459, 325.566986084, 326.112640381, 326.658325195, 327.227203369, 327.784484863, 328.353363037, 328.910644531, 329.467926025, 330.036804199, 330.594085693, 331.162994385, 331.720275879, 332.277557373, 332.82321167, 333.368896484, 333.926147461, 334.471832275, 335.02911377, 335.586395264, 336.132049561, 336.689331055, 337.246612549, 337.792297363, 338.34954834, 338.895233154, 339.440887451, 339.986572266, 340.532226562, 341.06628418, 341.611968994, 342.157623291, 342.703308105, 343.237365723, 343.794647217, 344.351928711, 344.897583008, 345.443267822, 345.977325439, 346.522979736, 347.045440674, 347.579498291, 348.113555908, 348.647613525, 349.193267822, 349.738952637, 350.273010254, 350.807067871, 351.341125488, 351.875183105, 352.409240723, 352.954925537, 353.500579834, 354.057861328, 354.603546143, 355.149200439, 355.694854736, 356.25213623, 356.797821045, 357.343475342, 357.889160156, 358.44644165, 358.992095947, 359.537780762, 360.095062256, 360.65234375, 361.197998047, 361.743652344, 362.300933838, 362.858215332, 363.403900146, 363.949554443, 364.495239258, 365.040893555, 365.598175049, 366.155456543, 366.712738037, 367.258392334, 367.804077148, 368.338134766, 368.883789062, 369.429473877, 369.975128174, 370.520812988, 371.066467285, 371.6121521, 372.146209717, 372.691864014, 373.249145508, 373.794830322, 374.328887939, 374.874542236, 375.420227051, 375.954284668, 376.488342285, 377.022399902, 377.568054199, 378.113739014, 378.671020508, 379.216674805, 379.762359619, 380.319641113, 380.876922607, 381.445800781, 382.014678955, 382.583587646, 383.1640625, 383.732971191, 384.313476562, 384.870727539, 385.416412354, 385.950469971, 386.496124268, 387.053405762, 387.622314453, 388.191192627, 388.760070801, 389.328979492, 389.909484863, 390.46673584, 391.024017334, 391.569702148, 392.126983643, 392.66104126, 393.206695557, 393.752380371, 394.274810791, 394.820495605, 395.354553223, 395.90020752, 396.434265137, 396.979949951, 397.514007568, 398.048065186, 398.582122803, 399.127807617, 399.673461914, 400.219116211, 400.764801025, 401.310455322, 401.867736816, 402.425018311, 402.970703125, 403.516357422, 404.073638916, 404.607696533, 405.130157471, 405.652587891, 406.186645508, 406.720703125, 407.289611816, 407.870117188, 408.450592041, 409.019500732, 409.600006104, 410.15725708, 410.702941895, 411.248596191, 411.805877686, 412.3515625, 412.908843994, 413.524169922, 414.13949585, 414.778045654, 415.404968262, 416.031921387, 416.647247314, 417.262573242, 417.901123047, 418.528076172, 419.154998779, 419.781951904, 420.408874512, 421.047424316, 421.685974121, 422.336151123, 422.997894287, 423.671295166, 424.344665527, 425.018035889, 425.69140625, 426.364807129, 427.03817749, 427.711547852], "beats_loudness": {"dvar2": 0.00292257592082, "var": 0.00160051835701, "min": 5.64263622493e-08, "dmean": 0.0232575628906, "mean": 0.0327581875026, "max": 0.302354872227, "dmean2": 0.0401608012617, "median": 0.0186745524406, "dvar": 0.00107718771324}, "bpm_histogram_second_peak_weight": {"dvar2": 0, "var": 0, "min": 0.0505689010024, "dmean": 0, "mean": 0.0505689010024, "max": 0.0505689010024, "dmean2": 0, "median": 0.0505689010024, "dvar": 0}, "bpm_histogram_second_peak_spread": {"dvar2": 0, "var": 0, "min": 0.487179517746, "dmean": 0, "mean": 0.487179517746, "max": 0.487179517746, "dmean2": 0, "median": 0.487179517746, "dvar": 0}, "bpm_histogram_second_peak_bpm": {"dvar2": 0, "var": 0, "min": 144, "dmean": 0, "mean": 144, "max": 144, "dmean2": 0, "median": 144, "dvar": 0}, "onset_rate": 2.80045986176}, "lowlevel": {"spectral_energyband_high": {"dvar2": 1.01301038669e-08, "var": 1.82455970332e-08, "min": 7.67109447844e-21, "dmean": 2.57544816122e-05, "mean": 5.50738586753e-05, "max": 0.00313087389804, "dmean2": 3.81868812838e-05, "median": 1.57035465236e-05, "dvar": 5.46154277359e-09}, "spectral_energyband_middle_low": {"dvar2": 0.000185956829228, "var": 0.000378300232114, "min": 3.83159031292e-22, "dmean": 0.00433703092858, "mean": 0.0109008094296, "max": 0.205393835902, "dmean2": 0.00668017938733, "median": 0.00284107867628, "dvar": 7.67091623857e-05}, "spectral_energy": {"dvar2": 0.000484632240841, "var": 0.00113757234067, "min": 1.06289526006e-20, "dmean": 0.00820919498801, "mean": 0.0245439074934, "max": 0.451955080032, "dmean2": 0.01250596717, "median": 0.0112895648926, "dvar": 0.000208897297853}, "spectral_spread": {"dvar2": 1158822494210.0, "var": 4591541288960.0, "min": 1269065.25, "dmean": 719292.875, "mean": 4429907, "max": 40210688, "dmean2": 1169787.875, "median": 3966598.75, "dvar": 463697215488}, "spectral_energyband_low": {"dvar2": 0.000222537681111, "var": 0.000204781143111, "min": 5.25467001617e-23, "dmean": 0.0046159401536, "mean": 0.00890446640551, "max": 0.236279308796, "dmean2": 0.00739439716563, "median": 0.00387410656549, "dvar": 8.67816634127e-05}, "spectral_rolloff": {"dvar2": 82383296, "var": 104422496, "min": 43.06640625, "dmean": 1704.27148438, "mean": 10619.5078125, "max": 22006.9335938, "dmean2": 3347.66088867, "median": 12037.0605469, "dvar": 29951472}, "barkbands": {"dvar2": [1.96812129616e-06, 0.000108372230898, 5.48328607692e-05, 2.8968348488e-05, 5.33667989657e-05, 4.67504760309e-05, 1.47127284436e-05, 6.30782096778e-06, 1.8173834178e-05, 2.05960350286e-06, 1.360396368e-06, 8.5373312686e-07, 3.43754209098e-07, 1.51013892946e-07, 1.12353774284e-07, 9.0952898546e-09, 5.58797141892e-09, 6.6425727141e-09, 1.83443082946e-09, 1.8646690858e-09, 1.18133935967e-09, 1.70568628666e-10, 9.61102447627e-11, 5.70848507353e-11, 2.64799744631e-11, 1.79453701898e-10, 8.24245027786e-09], "var": [1.21400978514e-06, 8.25918759801e-05, 4.26661681558e-05, 2.45657247433e-05, 6.78389551467e-05, 3.74937335437e-05, 1.55373418238e-05, 4.79394839203e-06, 2.14460615098e-05, 1.92880634131e-06, 6.4286672341e-07, 4.1120264882e-07, 2.70864376262e-07, 1.44778397271e-07, 1.28330086113e-07, 6.95787116811e-09, 6.20908124915e-09, 7.25415238989e-09, 1.79614589868e-09, 3.171656493e-09, 1.35945543711e-09, 1.88989518479e-10, 6.5598373955e-11, 2.67651803498e-11, 1.00454202248e-11, 6.9360427124e-11, 1.40454456954e-08], "min": [4.34241146496e-24, 1.82181730485e-23, 9.19109492624e-24, 6.12729469666e-23, 1.04254935844e-22, 6.1737964693e-23, 4.06453954984e-23, 3.61941815763e-23, 5.1644924862e-23, 7.56198466539e-23, 6.83073080109e-23, 8.67103663898e-23, 6.60983207714e-23, 1.11388043341e-22, 1.82749435813e-22, 1.05316199887e-22, 2.12914795253e-22, 1.88124683534e-22, 4.70604376232e-22, 4.22688687169e-22, 3.88695774617e-22, 5.89394812629e-22, 5.07599706011e-22, 9.24985834258e-22, 1.11519991372e-21, 1.7088961766e-21, 2.48450825759e-21], "dmean": [0.000337025470799, 0.00260651879944, 0.00206295982935, 0.00154463679064, 0.00190138514154, 0.00131422490813, 0.000644652929623, 0.000413752859458, 0.000640638114419, 0.000205136428121, 0.000111990106234, 9.13854673854e-05, 9.83098507277e-05, 6.77490024827e-05, 5.76277416258e-05, 1.66784884641e-05, 1.40306601679e-05, 1.5184381482e-05, 8.13938731881e-06, 6.49742287351e-06, 5.432359103e-06, 3.34096216648e-06, 2.23337178795e-06, 1.67869836787e-06, 1.29609315991e-06, 2.30413729696e-06, 1.99461755983e-05], "mean": [0.000503920309711, 0.00422764150426, 0.00309897633269, 0.00230709696189, 0.00334333349019, 0.00210206070915, 0.00115160434507, 0.000635300995782, 0.00120986322872, 0.000327510788338, 0.000159727176651, 0.00013357429998, 0.000164204626344, 0.000119659271149, 0.000110161425255, 2.72555007541e-05, 2.57226147369e-05, 3.06167494273e-05, 1.54835051944e-05, 1.25074311654e-05, 1.02027906905e-05, 5.98982978772e-06, 3.45481066688e-06, 2.09340169022e-06, 1.28632632368e-06, 2.97746851174e-06, 4.56364468846e-05], "max": [0.0409364439547, 0.219517439604, 0.137881711125, 0.104961439967, 0.144904986024, 0.114052169025, 0.0801554098725, 0.0510713160038, 0.0957403853536, 0.0375650115311, 0.0274900812656, 0.0296503696591, 0.0166353620589, 0.00952266622335, 0.00762521615252, 0.0021045980975, 0.00426767580211, 0.00354211567901, 0.00161081517581, 0.00230177375488, 0.00162621960044, 0.000302954314975, 0.000237643151195, 0.000178877380677, 5.92822289036e-05, 0.000439781259047, 0.00341342017055], "dmean2": [0.000580660183914, 0.00420929305255, 0.00337348389439, 0.00250195362605, 0.00292538339272, 0.00208575418219, 0.00101206451654, 0.000673286442179, 0.00101858645212, 0.00032868704875, 0.000189319078345, 0.000152251057443, 0.000159564384376, 0.000107662155642, 9.21288665268e-05, 2.67181512754e-05, 2.20806177822e-05, 2.40026583924e-05, 1.27256971609e-05, 9.7908796306e-06, 8.11728295957e-06, 5.20079174748e-06, 3.60068429472e-06, 2.78964216704e-06, 2.19980051952e-06, 3.78627669306e-06, 2.96449434245e-05], "median": [0.000116807146696, 0.00134461116977, 0.00081039161887, 0.000705100595951, 0.000737785128877, 0.00010663948342, 6.00638704782e-05, 3.16565274261e-05, 2.3315749786e-05, 1.68616934388e-05, 9.77828221949e-06, 9.70723067439e-06, 1.073743897e-05, 6.94033860782e-06, 6.60801924823e-06, 4.11908558817e-06, 4.14592386733e-06, 3.31622595695e-06, 2.41529005507e-06, 2.14289252654e-06, 2.0192944703e-06, 1.29663544612e-06, 7.53699509914e-07, 4.19061279899e-07, 2.80931828911e-07, 7.29052317183e-07, 9.818361832e-06], "dvar": [7.21491460354e-07, 4.28309467679e-05, 2.08753572224e-05, 1.18077659863e-05, 2.29192337429e-05, 1.84310883924e-05, 5.96127938479e-06, 2.37976155404e-06, 7.06342552803e-06, 7.8398977621e-07, 4.7611951004e-07, 3.20607568938e-07, 1.32566896127e-07, 5.92702740221e-08, 4.56584388075e-08, 3.60458018989e-09, 2.39860131757e-09, 2.85258860977e-09, 7.49396711353e-10, 1.02211683561e-09, 5.66013735881e-10, 7.49459660998e-11, 3.91628222907e-11, 2.20066621176e-11, 1.00470777531e-11, 6.88220314071e-11, 4.09666256473e-09]}, "melbands_skewness": {"dvar2": 2.21902108192, "var": 15.3254098892, "min": -11.4455184937, "dmean": 0.989810585976, "mean": 2.84422397614, "max": 14.8326873779, "dmean2": 1.59128236771, "median": 3.41593551636, "dvar": 0.889413237572}, "barkbands_skewness": {"dvar2": 2.7943353653, "var": 12.1896286011, "min": -15.2208757401, "dmean": 1.04378080368, "mean": 2.95386910439, "max": 17.7698307037, "dmean2": 1.69117772579, "median": 3.26598548889, "dvar": 1.06583023071}, "erbbands": {"dvar2": [0.0491231195629, 7.47915458679, 63.7663269043, 151.28918457, 505.305053711, 784.737243652, 2811.97436523, 3751.80004883, 3507.6706543, 2847.13842773, 3235.00146484, 8564.56640625, 6931.48095703, 1841.98950195, 2257.64770508, 1015.51531982, 688.619140625, 472.813049316, 307.748718262, 102.361022949, 17.705078125, 18.3241786957, 20.1578521729, 8.31750106812, 4.33672237396, 3.55134534836, 3.33697938919, 0.879318356514, 0.238330706954, 0.100145235658, 0.0767082720995, 0.0467347279191, 0.010386201553, 0.00341559504159, 0.00134372804314, 0.000636654382106, 0.00114681548439, 0.000200061651412, 2.61725817836e-05, 2.27811015066e-05], "var": [0.0467079095542, 5.30531358719, 50.0124778748, 127.24042511, 351.840637207, 1078.27661133, 2395.34619141, 2632.06201172, 3228.87866211, 3305.81494141, 3015.62304688, 9674.64160156, 7867.88867188, 849.324584961, 1262.62695312, 511.221679688, 551.526000977, 455.78717041, 385.513885498, 114.847007751, 14.1907958984, 20.6038303375, 23.044960022, 8.41702079773, 4.13119506836, 6.58756113052, 4.44743824005, 1.23106610775, 0.287260740995, 0.087526075542, 0.0501578822732, 0.0221386570483, 0.00476495129988, 0.00128308660351, 0.000516129541211, 0.000258284504525, 0.000406776729506, 0.000116829047329, 4.70082195534e-05, 5.51522716705e-05], "min": [2.96826119068e-22, 4.7989424459e-21, 9.80920611228e-21, 1.08812287934e-19, 3.56867429746e-19, 2.82562958544e-19, 3.64498791283e-19, 5.41904992739e-19, 7.58009805177e-19, 2.76808237173e-19, 1.03192570194e-18, 1.13502725125e-18, 2.15370968818e-18, 3.07954420329e-18, 1.94824567545e-18, 3.99307544076e-18, 2.86769993969e-18, 3.53448568198e-18, 1.00974996166e-17, 8.59010357088e-18, 7.1231847813e-18, 1.16536869107e-17, 1.2714352486e-17, 1.43845748993e-17, 2.77216645192e-17, 1.72188646005e-17, 1.46420563717e-17, 1.70542738566e-17, 1.94592154608e-17, 1.8846243194e-17, 1.64741257709e-17, 2.03649600336e-17, 1.28718443659e-17, 1.16392981039e-17, 8.46261270461e-18, 5.68966258177e-18, 3.27712435761e-18, 1.56080017019e-18, 3.80746272874e-19, 3.00941651597e-20], "dmean": [0.0583156272769, 0.672949254513, 2.21149253845, 3.74673771858, 5.89558172226, 6.05291748047, 9.75704574585, 10.5748615265, 9.34177303314, 9.44430732727, 9.16394996643, 14.0892868042, 10.048248291, 4.98657560349, 4.22448301315, 3.38409900665, 4.3575720787, 3.71052217484, 2.94753456116, 1.87892758846, 0.773212492466, 0.747330367565, 0.848240554333, 0.53006452322, 0.353621423244, 0.300271958113, 0.250239640474, 0.18924869597, 0.125049680471, 0.0802512019873, 0.0610741898417, 0.0419124364853, 0.0246594250202, 0.0146133042872, 0.0092657674104, 0.00624671624973, 0.00482765538618, 0.00258194282651, 0.00114604504779, 0.0013054413721], "mean": [0.100712418556, 1.02232205868, 3.4397687912, 6.11513328552, 9.33211898804, 10.6398105621, 15.4915313721, 16.4101810455, 16.3561859131, 16.5882835388, 15.9682941437, 26.3626804352, 18.9539985657, 7.48117208481, 6.79374694824, 5.52718925476, 7.49733495712, 6.86749124527, 6.0445189476, 3.67906594276, 1.4484744072, 1.45996928215, 1.71732628345, 1.08680868149, 0.678812861443, 0.583024084568, 0.470673292875, 0.370718985796, 0.228036761284, 0.131139546633, 0.0943230316043, 0.0574278086424, 0.0281752403826, 0.0146650681272, 0.00929638184607, 0.00681606074795, 0.00634006923065, 0.00407810509205, 0.00260645197704, 0.0039091957733], "max": [4.10226154327, 56.6848258972, 147.674514771, 207.405395508, 451.087921143, 733.83380127, 821.644104004, 1246.07397461, 1399.38098145, 1409.1496582, 1483.50866699, 2629.91357422, 2593.42675781, 943.071350098, 1112.54589844, 1179.33483887, 746.284179688, 562.855102539, 513.996643066, 212.910598755, 101.778388977, 266.063995361, 172.031768799, 97.8861923218, 88.8239212036, 115.7579422, 91.8752212524, 46.4128303528, 11.6271705627, 6.40282154083, 7.11950683594, 6.89532756805, 1.74593698978, 0.666671812534, 0.421380132437, 0.465185463428, 1.27963984013, 0.487233132124, 0.175942212343, 0.116791598499], "dmean2": [0.0946489199996, 1.08813881874, 3.60001468658, 6.08498764038, 9.57908153534, 9.19699859619, 15.3720788956, 16.7547073364, 14.7343978882, 14.5821819305, 14.9745569229, 22.4404449463, 15.9896812439, 8.14700222015, 7.01965475082, 5.5532374382, 7.01161384583, 5.89514636993, 4.61379480362, 2.98375463486, 1.21977126598, 1.17089056969, 1.33746337891, 0.841855168343, 0.547934532166, 0.452815502882, 0.36811876297, 0.282109260559, 0.193139046431, 0.12769831717, 0.0988961830735, 0.0689337700605, 0.0412794910371, 0.0248212963343, 0.0156929735094, 0.0104622738436, 0.00793904345483, 0.00406811991706, 0.00166923808865, 0.00193111703265], "median": [0.0304473545402, 0.293425709009, 1.00374054909, 2.12563180923, 3.25100231171, 1.7614325285, 0.948949754238, 0.82168006897, 0.761086642742, 1.01565599442, 0.652883172035, 0.563376247883, 0.525551080704, 0.581699192524, 0.432132154703, 0.427638113499, 0.530544102192, 0.406330883503, 0.370950877666, 0.326304554939, 0.257418632507, 0.238202407956, 0.198766469955, 0.151565730572, 0.113898590207, 0.100932843983, 0.0885261893272, 0.0718211084604, 0.0488626547158, 0.0305224191397, 0.0204792506993, 0.011360139586, 0.00574855459854, 0.00333070242777, 0.00205991487019, 0.00159661506768, 0.00144662708044, 0.00114528299309, 0.000795126776211, 0.0012821367709], "dvar": [0.0198281276971, 2.93668699265, 24.181602478, 59.8361244202, 196.079864502, 343.017211914, 1109.14611816, 1467.69238281, 1391.76330566, 1206.89025879, 1201.39770508, 3375.0625, 2540.88476562, 669.427490234, 793.029541016, 376.434234619, 270.448120117, 184.142532349, 127.755661011, 39.5264053345, 6.73010206223, 7.90671825409, 8.80241966248, 3.3024430275, 1.87943696976, 2.02571153641, 1.66615331173, 0.443871051073, 0.108459092677, 0.0419448688626, 0.0310393832624, 0.0180068165064, 0.00402885721996, 0.00129399460275, 0.000510279787704, 0.000243098576902, 0.000435702299001, 8.34978854982e-05, 1.45775429701e-05, 1.06202824099e-05]}, "silence_rate_30dB": {"dvar2": 0.0429433099926, "var": 0.0351390875876, "min": 0, "dmean": 0.0186409447342, "mean": 0.963532924652, "max": 1, "dmean2": 0.0372839123011, "median": 1, "dvar": 0.0182947535068}, "melbands_spread": {"dvar2": 71.8862304688, "var": 271.574676514, "min": 0.303270429373, "dmean": 2.34697079659, "mean": 7.1988196373, "max": 346.542449951, "dmean2": 3.76504158974, "median": 4.06289720535, "dvar": 31.1645202637}, "melbands_crest": {"dvar2": 21.8575191498, "var": 32.7314910889, "min": 2.42738032341, "dmean": 3.4085559845, "mean": 17.4327850342, "max": 36.5614280701, "dmean2": 5.62733125687, "median": 17.3967227936, "dvar": 8.2219581604}, "zerocrossingrate": {"dvar2": 0.00240052049048, "var": 0.03412521258, "min": 0.001953125, "dmean": 0.0362652689219, "mean": 0.273620516062, "max": 0.89404296875, "dmean2": 0.0475423671305, "median": 0.24462890625, "dvar": 0.00147255905904}, "barkbands_kurtosis": {"dvar2": 1681.68823242, "var": 2892.24780273, "min": -1.97638487816, "dmean": 17.4455757141, "mean": 44.1417427063, "max": 548.121765137, "dmean2": 28.8663234711, "median": 25.4392604828, "dvar": 616.340759277}, "spectral_flux": {"dvar2": 0.0013145992998, "var": 0.00267508625984, "min": 1.03096808868e-10, "dmean": 0.0180199537426, "mean": 0.0638080611825, "max": 0.421893388033, "dmean2": 0.0293892566115, "median": 0.0514398142695, "dvar": 0.000510024547111}, "barkbands_crest": {"dvar2": 15.2776060104, "var": 19.548910141, "min": 3.19820308685, "dmean": 2.76675057411, "mean": 12.7233972549, "max": 25.7838516235, "dmean2": 4.5900850296, "median": 12.0964307785, "dvar": 5.80725765228}, "barkbands_flatness_db": {"dvar2": 0.00241463095881, "var": 0.00659294007346, "min": 0.0417624972761, "dmean": 0.0345432236791, "mean": 0.235951527953, "max": 0.516720414162, "dmean2": 0.0557785667479, "median": 0.223144367337, "dvar": 0.000919540354516}, "spectral_entropy": {"dvar2": 0.255730241537, "var": 0.484830439091, "min": 4.29933261871, "dmean": 0.323499858379, "mean": 6.92692804337, "max": 9.81258869171, "dmean2": 0.520859181881, "median": 6.8762140274, "dvar": 0.096945732832}, "pitch_salience": {"dvar2": 0.012947646901, "var": 0.0216505862772, "min": 0.0998795852065, "dmean": 0.0791217386723, "mean": 0.546368718147, "max": 0.939323067665, "dmean2": 0.130615994334, "median": 0.545142173767, "dvar": 0.00482017593458}, "erbbands_spread": {"dvar2": 144.421554565, "var": 318.011749268, "min": 1.2394400835, "dmean": 6.92001199722, "mean": 26.4844341278, "max": 211.424331665, "dmean2": 11.003780365, "median": 24.0835380554, "dvar": 60.4305648804}, "dynamic_complexity": 9.86711120605, "spectral_contrast_valleys": {"dvar2": [0.291645437479, 0.282424390316, 0.318937420845, 0.322481513023, 0.407290577888, 0.806553423405], "var": [9.20651817322, 6.54609727859, 5.39563274384, 4.85702848434, 3.80626058578, 2.00890541077], "min": [-27.3381576538, -27.0383415222, -27.0941524506, -27.4538707733, -27.3270950317, -27.2273750305], "dmean": [0.401203453541, 0.402490377426, 0.412734478712, 0.386734426022, 0.41267824173, 0.629940152168], "mean": [-8.15213298798, -8.01804447174, -8.86837863922, -9.33473968506, -9.53066539764, -12.0477619171], "max": [-4.77995157242, -4.31054210663, -4.47210836411, -6.04901742935, -6.04978656769, -9.04543876648], "dmean2": [0.668336808681, 0.649683356285, 0.663115680218, 0.617841959, 0.661300599575, 1.02885758877], "median": [-7.31289100647, -7.56953191757, -8.39890003204, -8.90598678589, -9.12164497375, -11.8043899536], "dvar": [0.11315201968, 0.114171937108, 0.128388375044, 0.132524460554, 0.162859395146, 0.311301350594]}, "hfc": {"dvar2": 33694.6132812, "var": 51620.421875, "min": 1.13340565465e-16, "dmean": 42.8716926575, "mean": 111.051971436, "max": 5092.76123047, "dmean2": 66.3091583252, "median": 31.9085617065, "dvar": 13934.4101562}, "spectral_kurtosis": {"dvar2": 99.1063079834, "var": 88.652923584, "min": -1.70720648766, "dmean": 5.21321344376, "mean": 15.9022607803, "max": 83.6499176025, "dmean2": 8.48871135712, "median": 14.6830387115, "dvar": 37.5981063843}, "mfcc": {"mean": [-814.376464844, 160.38243103, 19.829366684, 31.8803977966, 10.6518630981, 14.2522993088, 2.50517487526, 3.39815926552, 0.388968586922, 2.05837392807, 1.45049798489, -0.164301469922, -5.06307697296], "cov": [[17545.5371094, 4889.22998047, -737.516174316, 650.871704102, -523.047363281, 159.692565918, -509.662841797, -216.292694092, -314.681640625, 244.784759521, 188.043762207, -105.060455322, -448.541595459], [4889.22998047, 2823.02319336, 250.051803589, 408.477661133, 118.820739746, 153.966949463, -26.9103183746, -60.4012870789, -38.7950363159, 55.853187561, 96.0342102051, -24.1582832336, -119.796157837], [-737.516174316, 250.051803589, 751.741760254, 186.181015015, 254.387878418, 63.4087677002, 80.9883270264, 21.9868373871, 56.4352111816, 24.0762348175, 6.90239715576, 12.311797142, -1.5718433857], [650.871704102, 408.477661133, 186.181015015, 384.745056152, 128.144226074, 86.8452072144, 7.26845550537, 18.2215499878, 22.2317371368, 3.47007417679, 1.57269620895, 2.23564076424, -18.9457206726], [-523.047363281, 118.820739746, 254.387878418, 128.144226074, 315.307800293, 125.123565674, 105.926208496, 24.6231632233, 39.1298408508, -24.7347602844, -21.5102996826, 5.9302444458, 28.7563610077], [159.692565918, 153.966949463, 63.4087677002, 86.8452072144, 125.123565674, 212.762924194, 105.104415894, 41.6201133728, 4.59409141541, -31.7725563049, -31.5905284882, 0.661472678185, 18.9538879395], [-509.662841797, -26.9103183746, 80.9883270264, 7.26845550537, 105.926208496, 105.104415894, 193.594314575, 82.9458618164, 12.8232631683, -51.7086486816, -38.5120773315, 6.52028512955, 41.0096321106], [-216.292694092, -60.4012870789, 21.9868373871, 18.2215499878, 24.6231632233, 41.6201133728, 82.9458618164, 143.239334106, 48.4098625183, -22.8063678741, -31.7777576447, 15.0025892258, 33.0157775879], [-314.681640625, -38.7950363159, 56.4352111816, 22.2317371368, 39.1298408508, 4.59409141541, 12.8232631683, 48.4098625183, 111.224243164, 28.8239097595, -7.20736885071, 15.2862386703, 23.6649532318], [244.784759521, 55.853187561, 24.0762348175, 3.47007417679, -24.7347602844, -31.7725563049, -51.7086486816, -22.8063678741, 28.8239097595, 113.030548096, 51.3689956665, 6.41202354431, -22.5355949402], [188.043762207, 96.0342102051, 6.90239715576, 1.57269620895, -21.5102996826, -31.5905284882, -38.5120773315, -31.7777576447, -7.20736885071, 51.3689956665, 94.3438110352, 22.6770305634, -16.9378204346], [-105.060455322, -24.1582832336, 12.311797142, 2.23564076424, 5.9302444458, 0.661472678185, 6.52028512955, 15.0025892258, 15.2862386703, 6.41202354431, 22.6770305634, 67.2649002075, 30.2167453766], [-448.541595459, -119.796157837, -1.5718433857, -18.9457206726, 28.7563610077, 18.9538879395, 41.0096321106, 33.0157775879, 23.6649532318, -22.5355949402, -16.9378204346, 30.2167453766, 86.6874694824]], "icov": [[0.00019096879987, -0.000315695768222, 0.000219588167965, -0.000110212502477, 0.000213065053686, -0.00023794878507, 0.00034580839565, -0.000221171925659, 0.000393106485717, -0.000361570826499, 0.000289100426016, -0.000159342365805, 0.000344451837009], [-0.000315695768222, 0.000993807800114, -0.00042430558824, -0.000226850286708, -0.000275923142908, 5.61461929465e-05, -0.000552382669412, 0.000459745642729, -0.000568350136746, 0.000613480049651, -0.000963067519478, 0.000391995970858, -0.000162083379109], [0.000219588167965, -0.00042430558824, 0.00231689796783, -0.000655847310554, -0.00130543112755, 0.000482440111227, -0.000300509214867, -0.000146694059367, 0.000145972619066, -0.00106720032636, 0.000410158099839, -0.000522015732713, 0.000918924575672], [-0.000110212502477, -0.000226850286708, -0.000655847310554, 0.00402851589024, -0.00116846489254, -0.00100928801112, 0.00141810544301, -0.000886901689228, -0.000429129460827, 0.00057137478143, -4.81690949528e-05, -0.000316330115311, 0.000626529334113], [0.000213065053686, -0.000275923142908, -0.00130543112755, -0.00116846489254, 0.00685808807611, -0.00247244397178, -0.00166252977215, 0.00181462871842, -0.00157199148089, 0.000661008933093, -4.57080423075e-05, 0.000318866659654, -0.00071602256503], [-0.00023794878507, 5.61461929465e-05, 0.000482440111227, -0.00100928801112, -0.00247244397178, 0.00865957513452, -0.00390625046566, 0.00010590373131, 0.000518858782016, -0.000282999972114, 0.00133478676435, -0.000232776204939, -0.000504318973981], [0.00034580839565, -0.000552382669412, -0.000300509214867, 0.00141810544301, -0.00166252977215, -0.00390625046566, 0.0120563115925, -0.00566217349842, 0.00228804303333, 0.00150879228022, 0.000257058738498, 0.000384736835258, -0.00112729647662], [-0.000221171925659, 0.000459745642729, -0.000146694059367, -0.000886901689228, 0.00181462871842, 0.00010590373131, -0.00566217349842, 0.0127034131438, -0.00563199305907, 0.00142612075433, 0.00145399267785, -0.00158009806182, -0.00074715790106], [0.000393106485717, -0.000568350136746, 0.000145972619066, -0.000429129460827, -0.00157199148089, 0.000518858782016, 0.00228804303333, -0.00563199305907, 0.015218179673, -0.00663147866726, 0.00340031017549, -0.00147696794011, -0.00207109400071], [-0.000361570826499, 0.000613480049651, -0.00106720032636, 0.00057137478143, 0.000661008933093, -0.000282999972114, 0.00150879228022, 0.00142612075433, -0.00663147866726, 0.0161671694368, -0.00797512754798, 0.00120098912157, 0.00170446804259], [0.000289100426016, -0.000963067519478, 0.000410158099839, -4.81690949528e-05, -4.57080423075e-05, 0.00133478676435, 0.000257058738498, 0.00145399267785, 0.00340031017549, -0.00797512754798, 0.0190038625151, -0.00795591622591, 0.00269468873739], [-0.000159342365805, 0.000391995970858, -0.000522015732713, -0.000316330115311, 0.000318866659654, -0.000232776204939, 0.000384736835258, -0.00158009806182, -0.00147696794011, 0.00120098912157, -0.00795591622591, 0.021854672581, -0.00845345295966], [0.000344451837009, -0.000162083379109, 0.000918924575672, 0.000626529334113, -0.00071602256503, -0.000504318973981, -0.00112729647662, -0.00074715790106, -0.00207109400071, 0.00170446804259, 0.00269468873739, -0.00845345295966, 0.0188948530704]]}, "silence_rate_20dB": {"dvar2": 0.000866496586241, "var": 0.000270830147201, "min": 0, "dmean": 0.000325132772559, "mean": 0.999729096889, "max": 1, "dmean2": 0.000650300760753, "median": 1, "dvar": 0.000324989989167}, "melbands_kurtosis": {"dvar2": 1184.16223145, "var": 1617.53564453, "min": -1.97682607174, "dmean": 16.8417263031, "mean": 42.0031738281, "max": 386.050231934, "dmean2": 27.6040325165, "median": 31.0252571106, "dvar": 460.306121826}, "barkbands_spread": {"dvar2": 52.5875396729, "var": 108.070991516, "min": 0.289888679981, "dmean": 2.72609829903, "mean": 7.59836673737, "max": 135.990341187, "dmean2": 4.38660621643, "median": 5.08178091049, "dvar": 22.7778167725}, "erbbands_skewness": {"dvar2": 0.591476082802, "var": 3.25738072395, "min": -9.91830921173, "dmean": 0.51644974947, "mean": 0.937608599663, "max": 10.2822542191, "dmean2": 0.819141864777, "median": 1.16492533684, "dvar": 0.238883435726}, "average_loudness": 0.074913598597, "spectral_centroid": {"dvar2": 64269.5664062, "var": 6368675, "min": 114.920440674, "dmean": 103.804527283, "mean": 1182.02746582, "max": 11371.2402344, "dmean2": 161.965255737, "median": 382.558563232, "dvar": 33290.7890625}, "dissonance": {"dvar2": 0.0016676557716, "var": 0.00149983190931, "min": 0.204063892365, "dmean": 0.0249923579395, "mean": 0.44856390357, "max": 0.500000178814, "dmean2": 0.0416249260306, "median": 0.455610007048, "dvar": 0.000624406267889}, "erbbands_flatness_db": {"dvar2": 0.00149310694542, "var": 0.00560950813815, "min": 0.0420079268515, "dmean": 0.0279145352542, "mean": 0.181454211473, "max": 0.435830384493, "dmean2": 0.0447524040937, "median": 0.167208835483, "dvar": 0.000574450939894}, "spectral_strongpeak": {"dvar2": 1365.19567871, "var": 686.75012207, "min": 0, "dmean": 7