{"metadata": {"tags": {"label": ["Putumayo World Music"], "releasecountry": ["US"], "musicbrainz_releasetrackid": ["6cb93a04-fa73-34e8-856a-0cc0aaccc47c"], "catalognumber": ["PUTU110-2"], "releasestatus": ["official"], "releasetype": ["album", "compilation"], "originalyear": ["1995"], "tracknumber": ["8"], "disctotal": ["1"], "musicbrainz_albumartistid": ["feab1d71-e01d-434f-93ec-f628e3a152dc"], "album": ["Putumayo Presents: The Super Sawal\u00e9 Collection"], "script": ["Latn"], "albumartistsort": ["Kotoja"], "acoustid_id": ["c6256abd-c35e-4ff7-a45f-823df4a080dd"], "musicbrainz_artistid": ["feab1d71-e01d-434f-93ec-f628e3a152dc"], "musicbrainz_releasegroupid": ["72fcc592-607f-3d51-a0c5-e729f2d87009"], "musicbrainz_recordingid": ["0f7223e8-2236-46fc-8805-72f9cb1365e3"], "albumartist": ["Kotoja"], "barcode": ["790248011028"], "originaldate": ["1995-07-19"], "totaltracks": ["12"], "artist": ["Kotoja"], "musicbrainz_albumid": ["3ea2e565-f73f-4336-8622-af937de38e8b"], "artistsort": ["Kotoja"], "title": ["You Are the One"], "asin": ["B000003EJ6"], "tracktotal": ["12"], "totaldiscs": ["1"], "date": ["1995-07-19"], "media": ["CD"], "file_name": "08 Kotoja - You Are the One.ogg", "discnumber": ["1"]}, "audio_properties": {"sample_rate": 44100, "downmix": "mix", "lossless": false, "analysis_sample_rate": 44100, "md5_encoded": "f1ebfe8cf3720f1b7729414985a88435", "equal_loudness": 0, "replay_gain": -6.32109069824, "codec": "vorbis", "bit_rate": 365000, "length": 340.551116943}, "version": {"extractor": "music 1.0", "essentia_build_sha": "cead25079874084f62182a551b7393616cd33d87", "essentia_git_sha": "v2.1_beta2-1-ge3940c0", "essentia": "2.1-beta2"}}, "rhythm": {"beats_loudness_band_ratio": {"dvar2": [0.108969591558, 0.0696033388376, 0.0471114441752, 0.0167522225529, 0.00897584855556, 0.0417239367962], "var": [0.0950884744525, 0.0245640315115, 0.0176636502147, 0.00459049222991, 0.00490580545738, 0.0174705646932], "min": [0, 0, 0, 0, 0, 0], "dmean": [0.347615927458, 0.161229282618, 0.129236191511, 0.0531359314919, 0.0575845837593, 0.162571266294], "mean": [0.495450168848, 0.179850667715, 0.124173514545, 0.0445108674467, 0.0633239597082, 0.145870476961], "max": [0.995772302151, 0.824579894543, 0.743739724159, 0.474280864, 0.525092661381, 0.578487098217], "dmean2": [0.548618733883, 0.275287747383, 0.228768676519, 0.0946364998817, 0.0951253995299, 0.297074377537], "median": [0.487916916609, 0.14334179461, 0.0729591399431, 0.0205262899399, 0.0423595495522, 0.0991815775633], "dvar": [0.0593351647258, 0.0250501036644, 0.0183159634471, 0.00613271538168, 0.00350670563057, 0.0155735965818]}, "bpm_histogram_first_peak_weight": {"dvar2": 0, "var": 0, "min": 0.659824073315, "dmean": 0, "mean": 0.659824073315, "max": 0.659824073315, "dmean2": 0, "median": 0.659824073315, "dvar": 0}, "bpm": 120.482574463, "beats_count": 683, "bpm_histogram_first_peak_spread": {"dvar2": 0, "var": 0, "min": 0.32634729147, "dmean": 0, "mean": 0.32634729147, "max": 0.32634729147, "dmean2": 0, "median": 0.32634729147, "dvar": 0}, "danceability": 1.41147792339, "bpm_histogram_first_peak_bpm": {"dvar2": 0, "var": 0, "min": 120, "dmean": 0, "mean": 120, "max": 120, "dmean2": 0, "median": 120, "dvar": 0}, "beats_position": [0.522448956966, 1.05650794506, 1.60217678547, 2.11301589012, 2.60063481331, 3.09986400604, 3.59909296036, 4.08671188354, 4.58594083786, 5.08516979218, 5.58439922333, 6.08362817764, 6.58285713196, 7.08208608627, 7.58131504059, 8.08054447174, 8.57977294922, 9.07900238037, 9.56662082672, 10.0542402267, 10.5534696579, 11.0526981354, 11.5519275665, 12.051156044, 12.5503854752, 13.0496139526, 13.5488433838, 14.0480718613, 14.5356912613, 15.0465307236, 15.545759201, 16.0449886322, 16.5558280945, 17.0666656494, 17.5658950806, 18.0651245117, 18.5643539429, 19.0635814667, 19.574420929, 20.0736503601, 20.5844898224, 21.0837192535, 21.5829467773, 22.0821762085, 22.5814056396, 23.0806350708, 23.5798625946, 24.0790920258, 24.5783214569, 25.0775508881, 25.5767803192, 26.076007843, 26.5752372742, 27.0744667053, 27.5736961365, 28.0729255676, 28.5721530914, 29.0713825226, 29.5706119537, 30.0698413849, 30.5690689087, 31.0682983398, 31.5559177399, 32.0667572021, 32.5659866333, 33.0652160645, 33.5760536194, 34.0752830505, 34.5745124817, 35.0737419128, 35.572971344, 36.0838088989, 36.5830383301, 37.0822677612, 37.5931053162, 38.1039466858, 38.6031723022, 39.1024017334, 39.613243103, 40.124080658, 40.6349182129, 41.1225395203, 41.6217689514, 42.1209983826, 42.6318359375, 43.1194534302, 43.6302947998, 44.129524231, 44.6287536621, 45.139591217, 45.6388206482, 46.1380500793, 46.6372795105, 47.1365089417, 47.6473464966, 48.1465759277, 48.6574134827, 49.1566429138, 49.655872345, 50.1551017761, 50.6543312073, 51.1535606384, 51.6643981934, 52.1752357483, 52.6744651794, 53.1736946106, 53.6845359802, 54.1837615967, 54.6829910278, 55.1706123352, 55.6814498901, 56.1806793213, 56.6799087524, 57.1791381836, 57.6783676147, 58.1892051697, 58.6884346008, 59.187664032, 59.6985015869, 60.2093429565, 60.7201805115, 61.2194099426, 61.7186393738, 62.2294769287, 62.7287063599, 63.227935791, 63.7155532837, 64.2263946533, 64.7256240845, 65.2248535156, 65.7356872559, 66.234916687, 66.7341461182, 67.2449874878, 67.7442169189, 68.2434463501, 68.7426757812, 69.2419052124, 69.7411346436, 70.2403640747, 70.7395935059, 71.238822937, 71.7380523682, 72.2372741699, 72.7365036011, 73.2357330322, 73.7465744019, 74.2574157715, 74.7566452026, 75.2558746338, 75.7551040649, 76.2543258667, 76.7535552979, 77.252784729, 77.7636260986, 78.2628555298, 78.7620849609, 79.2729263306, 79.7721557617, 80.2713851929, 80.7706069946, 81.2698364258, 81.7806777954, 82.291519165, 82.7907485962, 83.2783660889, 83.77759552, 84.2768249512, 84.7876663208, 85.2868881226, 85.7861175537, 86.2853469849, 86.784576416, 87.2838058472, 87.7830352783, 88.2822647095, 88.7814941406, 89.2807235718, 89.7915649414, 90.3023986816, 90.8016281128, 91.3008575439, 91.8116989136, 92.3225402832, 92.8217697144, 93.3209991455, 93.8202285767, 94.3194503784, 94.8070755005, 95.3063049316, 95.8055343628, 96.3047637939, 96.8039855957, 97.3032150269, 97.802444458, 98.3132858276, 98.8241271973, 99.3233566284, 99.8225860596, 100.321815491, 100.821044922, 101.320266724, 101.819496155, 102.318725586, 102.817955017, 103.317184448, 103.816413879, 104.327255249, 104.82648468, 105.325714111, 105.824943542, 106.324172974, 106.823402405, 107.322631836, 107.821853638, 108.321083069, 108.8203125, 109.319541931, 109.830383301, 110.34122467, 110.840454102, 111.339683533, 111.838912964, 112.338134766, 112.837364197, 113.336593628, 113.835823059, 114.33505249, 114.84589386, 115.345123291, 115.844352722, 116.343582153, 116.842811584, 117.342041016, 117.841270447, 118.352104187, 118.851333618, 119.338951111, 119.838180542, 120.349021912, 120.848251343, 121.347480774, 121.846710205, 122.345939636, 122.845169067, 123.33278656, 123.832015991, 124.342857361, 124.842086792, 125.341316223, 125.852149963, 126.351379395, 126.850608826, 127.349838257, 127.849067688, 128.359909058, 128.859130859, 129.35836792, 129.845977783, 130.356826782, 130.867660522, 131.355285645, 131.854507446, 132.353744507, 132.864578247, 133.363800049, 133.863037109, 134.362258911, 134.861495972, 135.360717773, 135.859954834, 136.347564697, 136.846801758, 137.34602356, 137.84526062, 138.344482422, 138.843719482, 139.342941284, 139.842178345, 140.341400146, 140.840637207, 141.339859009, 141.839096069, 142.338317871, 142.837554932, 143.336776733, 143.836013794, 144.335235596, 144.834457397, 145.333694458, 145.83291626, 146.33215332, 146.831375122, 147.330612183, 147.841445923, 148.340682983, 148.839904785, 149.327529907, 149.826751709, 150.32598877, 150.825210571, 151.336044312, 151.835281372, 152.346115112, 152.845352173, 153.344573975, 153.843811035, 154.343032837, 154.853881836, 155.353103638, 155.852325439, 156.363174438, 156.86239624, 157.361633301, 157.860855103, 158.360092163, 158.859313965, 159.358551025, 159.857772827, 160.357009888, 160.856231689, 161.35546875, 161.86630249, 162.365524292, 162.853149414, 163.352371216, 163.851608276, 164.350830078, 164.850067139, 165.34928894, 165.848526001, 166.347747803, 166.846984863, 167.346206665, 167.845443726, 168.356277466, 168.855514526, 169.354736328, 169.85395813, 170.364807129, 170.864028931, 171.363265991, 171.862487793, 172.361724854, 172.860946655, 173.360183716, 173.859405518, 174.358642578, 174.85786438, 175.35710144, 175.856323242, 176.355545044, 176.854782104, 177.354003906, 177.841629028, 178.352462769, 178.840087891, 179.339309692, 179.838546753, 180.337768555, 180.837005615, 181.336227417, 181.835464478, 182.334686279, 182.83392334, 183.333145142, 183.832382202, 184.319992065, 184.819229126, 185.318450928, 185.817687988, 186.31690979, 186.816146851, 187.315368652, 187.802993774, 188.302215576, 188.801452637, 189.300674438, 189.799911499, 190.287521362, 190.786758423, 191.285980225, 191.773605347, 192.284439087, 192.795272827, 193.282897949, 193.793731689, 194.29296875, 194.792190552, 195.279815674, 195.779037476, 196.278274536, 196.777496338, 197.276733398, 197.787567139, 198.286804199, 198.786026001, 199.285263062, 199.784484863, 200.283721924, 200.782943726, 201.270568848, 201.769790649, 202.26902771, 202.77986145, 203.267486572, 203.755096436, 204.242721558, 204.741943359, 205.24118042, 205.740402222, 206.239639282, 206.727249146, 207.226486206, 207.725708008, 208.21333313, 208.712554932, 209.211791992, 209.699401855, 210.187026978, 210.6746521, 211.162261963, 211.649887085, 212.137496948, 212.62512207, 213.112747192, 213.600357056, 214.087982178, 214.575592041, 215.051605225, 215.527618408, 216.015228271, 216.502853394, 216.990478516, 217.478088379, 217.954101562, 218.430114746, 218.906112671, 219.382125854, 219.869750977, 220.345748901, 220.821762085, 221.309387207, 221.785385132, 222.261398315, 222.749023438, 223.225036621, 223.701034546, 224.188659668, 224.676269531, 225.163894653, 225.651519775, 226.139129639, 226.626754761, 227.125976562, 227.625213623, 228.112823486, 228.600448608, 229.08807373, 229.575683594, 230.063308716, 230.562530518, 231.061767578, 231.549377441, 232.037002563, 232.524627686, 233.023849487, 233.523086548, 234.010696411, 234.498321533, 234.997543335, 235.496780396, 235.984390259, 236.472015381, 236.971237183, 237.470474243, 237.958084106, 238.457321167, 238.956542969, 239.444168091, 239.943389893, 240.442626953, 240.930252075, 241.417861938, 241.917098999, 242.416320801, 242.915557861, 243.414779663, 243.902404785, 244.413238525, 244.912460327, 245.411697388, 245.89932251, 246.398544312, 246.897766113, 247.385391235, 247.884628296, 248.383850098, 248.87147522, 249.359085083, 249.846710205, 250.345932007, 250.845169067, 251.332778931, 251.820404053, 252.319625854, 252.818862915, 253.306488037, 253.7940979, 254.293334961, 254.792556763, 255.280181885, 255.767791748, 256.267028809, 256.766265869, 257.253875732, 257.741485596, 258.240722656, 258.739959717, 259.22756958, 259.715179443, 260.202819824, 260.702026367, 261.201263428, 261.700500488, 262.199737549, 262.698944092, 263.198181152, 263.685791016, 264.185028076, 264.672637939, 265.171875, 265.671112061, 266.170349121, 266.669555664, 267.168792725, 267.656402588, 268.144042969, 268.631652832, 269.119262695, 269.618499756, 270.117736816, 270.60534668, 271.092956543, 271.592193604, 272.091430664, 272.579040527, 273.078277588, 273.577514648, 274.065124512, 274.564361572, 275.063568115, 275.551208496, 276.050415039, 276.53805542, 277.037261963, 277.524902344, 278.024108887, 278.511749268, 279.010955811, 279.510192871, 280.009429932, 280.497039795, 280.996276855, 281.495513916, 281.983123779, 282.470733643, 282.958374023, 283.457580566, 283.956817627, 284.456054688, 284.955291748, 285.442901611, 285.942138672, 286.441345215, 286.928985596, 287.416595459, 287.904205322, 288.403442383, 288.902679443, 289.390289307, 289.87789917, 290.37713623, 290.876373291, 291.375610352, 291.874816895, 292.374053955, 292.873291016, 293.360900879, 293.860137939, 294.359344482, 294.846984863, 295.346221924, 295.845428467, 296.333068848, 296.820678711, 297.319915771, 297.819122314, 298.318359375, 298.817596436, 299.305206299, 299.816040039, 300.3152771, 300.81451416, 301.302124023, 301.812957764, 302.300598145, 302.799804688, 303.299041748, 303.798278809, 304.297485352, 304.785125732, 305.284362793, 305.783569336, 306.271209717, 306.77041626, 307.26965332, 307.768890381, 308.268127441, 308.767333984, 309.266571045, 309.754180908, 310.253417969, 310.752655029, 311.240264893, 311.739501953, 312.227111816, 312.726348877, 313.237182617, 313.736419678, 314.235626221, 314.723266602, 315.222503662, 315.721710205, 316.209350586, 316.708557129, 317.207794189, 317.695404053, 318.194641113, 318.693878174, 319.193115234, 319.692321777, 320.191558838, 320.690795898, 321.178405762, 321.677642822, 322.176879883, 322.664489746, 323.163726807, 323.66293335, 324.16217041, 324.649780273, 325.149017334, 325.636627197, 326.135864258, 326.623474121, 327.122711182, 327.633544922, 328.132781982, 328.632019043, 329.119628906, 329.618865967, 330.118103027, 330.605712891, 331.104949951, 331.604156494, 332.103393555, 332.591003418, 333.090240479, 333.577850342, 334.077087402, 334.576324463, 335.063934326, 335.551544189, 336.03918457, 336.538421631, 337.037628174, 337.525268555, 338.024475098, 338.523712158, 339.022949219, 339.522155762, 340.03302002], "beats_loudness": {"dvar2": 0.00226829061285, "var": 0.00108450802509, "min": 0, "dmean": 0.0367970243096, "mean": 0.0507855117321, "max": 0.153108358383, "dmean2": 0.0593286044896, "median": 0.0432346053421, "dvar": 0.000857171660755}, "bpm_histogram_second_peak_weight": {"dvar2": 0, "var": 0, "min": 0.0175953079015, "dmean": 0, "mean": 0.0175953079015, "max": 0.0175953079015, "dmean2": 0, "median": 0.0175953079015, "dvar": 0}, "bpm_histogram_second_peak_spread": {"dvar2": 0, "var": 0, "min": 0, "dmean": 0, "mean": 0, "max": 0, "dmean2": 0, "median": 0, "dvar": 0}, "bpm_histogram_second_peak_bpm": {"dvar2": 0, "var": 0, "min": 126, "dmean": 0, "mean": 126, "max": 126, "dmean2": 0, "median": 126, "dvar": 0}, "onset_rate": 4.54829645157}, "lowlevel": {"spectral_energyband_high": {"dvar2": 5.45100328964e-06, "var": 6.6036050157e-06, "min": 7.12214462753e-21, "dmean": 0.00101535674185, "mean": 0.00190994876903, "max": 0.0307002216578, "dmean2": 0.00139477488119, "median": 0.000905171677005, "dvar": 2.89193258141e-06}, "spectral_energyband_middle_low": {"dvar2": 0.000120453507407, "var": 8.74652250786e-05, "min": 1.25902894671e-22, "dmean": 0.00475465599447, "mean": 0.0110312150791, "max": 0.0868129432201, "dmean2": 0.00748994015157, "median": 0.0092896707356, "dvar": 4.78550609841e-05}, "spectral_energy": {"dvar2": 0.000913404859602, "var": 0.000662623089738, "min": 1.02816772994e-20, "dmean": 0.0117842741311, "mean": 0.0266228318214, "max": 0.214712247252, "dmean2": 0.0176442172378, "median": 0.0214083716273, "dvar": 0.000406799517805}, "spectral_spread": {"dvar2": 2082039005180.0, "var": 7056736124930.0, "min": 1951025.5, "dmean": 768691.1875, "mean": 5986937, "max": 42747564, "dmean2": 1187272.875, "median": 5683365, "dvar": 919302045696}, "spectral_energyband_low": {"dvar2": 0.000740014424082, "var": 0.000424348632805, "min": 1.37362677041e-23, "dmean": 0.00700995046645, "mean": 0.0112654622644, "max": 0.189751893282, "dmean2": 0.0112011712044, "median": 0.000904395652469, "dvar": 0.000315289216815}, "spectral_rolloff": {"dvar2": 4176685.75, "var": 5859921.5, "min": 64.599609375, "dmean": 877.952087402, "mean": 2338.21630859, "max": 19444.4824219, "dmean2": 1420.07519531, "median": 1571.92382812, "dvar": 1844066}, "barkbands": {"dvar2": [2.59960671656e-07, 0.000554674887098, 0.000131018139655, 4.29259598604e-05, 3.6983336031e-05, 3.56128407475e-06, 3.76276193492e-06, 3.0827086448e-06, 2.47793536801e-06, 8.62899014464e-07, 6.9208374498e-07, 5.99265320034e-07, 3.16168296877e-07, 3.73668711973e-07, 4.18690774495e-07, 7.54705581585e-07, 9.52869697812e-07, 7.45067723074e-07, 6.00265423145e-07, 3.81905152835e-07, 4.63943990781e-07, 3.57416752195e-07, 2.58751583715e-07, 4.56633500789e-07, 2.88415662908e-07, 6.48097540079e-08, 1.08845477076e-09], "var": [2.36097633888e-07, 0.000238800304942, 3.07813825202e-05, 1.62873493537e-05, 2.21993759624e-05, 4.18162107962e-06, 3.10364566758e-06, 4.17469027525e-06, 2.69518386631e-06, 9.53165397277e-07, 6.17543037151e-07, 4.69868524533e-07, 3.49986720494e-07, 3.43782545542e-07, 3.52345040255e-07, 8.40735140173e-07, 9.31956492423e-07, 8.441496675e-07, 6.14725649939e-07, 2.85131250166e-07, 4.48636683359e-07, 4.33670408029e-07, 2.13543032146e-07, 3.16023260893e-07, 1.75604341734e-07, 4.61575559996e-08, 7.51136763899e-10], "min": [4.81212794275e-25, 2.29545112784e-24, 1.88399784575e-24, 5.85327198888e-25, 7.04528440123e-24, 1.11191033219e-23, 1.24680704582e-23, 7.22660644688e-24, 1.02271674842e-23, 2.10001210075e-23, 1.67250218603e-23, 3.19471122348e-23, 4.16536449322e-23, 1.95686745193e-23, 5.53136140096e-23, 5.38626716129e-23, 6.22807325503e-23, 9.65390431543e-23, 1.28215860089e-22, 1.59719518899e-22, 2.15374955805e-22, 3.51064105456e-22, 4.26819844445e-22, 5.83586524447e-22, 7.68412115945e-22, 1.27377514254e-21, 1.89440980627e-21], "dmean": [0.000148877763422, 0.00544211314991, 0.0021763658151, 0.00157904427033, 0.00250748428516, 0.000810453726444, 0.000635278120171, 0.000583131622989, 0.000558457744773, 0.000285704503767, 0.000190195001778, 0.000197896195459, 0.000175603636308, 0.000189776066691, 0.000224750823691, 0.00026167157921, 0.000329670874635, 0.000282170454739, 0.000289605581202, 0.000263741851086, 0.000276339764241, 0.00023577795946, 0.00017573988589, 0.000166096084286, 0.000124310710817, 6.38442579657e-05, 8.44025089464e-06], "mean": [0.000225266354391, 0.00732889957726, 0.00232968991622, 0.00217479490675, 0.00413692416623, 0.00153641472571, 0.00102776149288, 0.00106359936763, 0.00088054605294, 0.000490117352456, 0.000278172141407, 0.000293958059046, 0.000266800721874, 0.000279725063592, 0.000343282183167, 0.000399063719669, 0.000538525637239, 0.000468500133138, 0.000470315455459, 0.000391262641642, 0.000472857005661, 0.000400390883442, 0.000288375653327, 0.000251144811045, 0.000182812727871, 9.31562899495e-05, 1.04415930764e-05], "max": [0.0050818012096, 0.169163405895, 0.0732800662518, 0.0649499371648, 0.0394595488906, 0.0253649931401, 0.036923084408, 0.0408192723989, 0.0235321857035, 0.0324543602765, 0.0168217644095, 0.0160403456539, 0.0155171351507, 0.0123342499137, 0.0097433263436, 0.0176351014525, 0.0143875870854, 0.0163517221808, 0.0186975933611, 0.00469166086987, 0.00922906119376, 0.00619129184633, 0.00544730201364, 0.0193588808179, 0.0123967425898, 0.00656973244622, 0.000803697796073], "dmean2": [0.000208529352676, 0.00883119087666, 0.0039969352074, 0.00270224432461, 0.00411589862779, 0.00124562100973, 0.000970888184384, 0.00086593121523, 0.000857283477671, 0.000431224238127, 0.000289243471343, 0.000307478272589, 0.000274140184047, 0.000294467783533, 0.00034991762368, 0.000412542023696, 0.000525461160578, 0.000448198697995, 0.000464545621071, 0.000412692490499, 0.000421145028668, 0.000329403323121, 0.000260764849372, 0.000248871452641, 0.000180791379535, 9.22177641769e-05, 1.25034475786e-05], "median": [1.24811158457e-05, 0.000220003625145, 0.000154028704856, 0.000542699417565, 0.00272278161719, 0.000878002610989, 0.000490834703669, 0.000408319348935, 0.000306389090838, 0.000173054155312, 6.41439910396e-05, 9.20253369259e-05, 8.65723995958e-05, 0.000101950536191, 0.000114559006761, 0.000123012432596, 0.000164640994626, 0.000132732558995, 0.00017485380522, 0.00017477851361, 0.000176022411324, 0.000148907332914, 0.000102289603092, 9.68430395005e-05, 6.10580900684e-05, 3.08706476062e-05, 2.39508949562e-06], "dvar": [1.24874532048e-07, 0.000222201488214, 4.5067496103e-05, 1.58725724759e-05, 1.42713406603e-05, 1.52462234837e-06, 1.65615449532e-06, 1.47475952872e-06, 1.11923134227e-06, 3.99987101218e-07, 3.36690987979e-07, 2.71715208555e-07, 1.57349347774e-07, 1.75712102646e-07, 1.79047120241e-07, 3.27223659724e-07, 3.81586886533e-07, 2.97849538811e-07, 2.55694743601e-07, 1.67233594084e-07, 2.10447581139e-07, 1.97754559395e-07, 1.16997803445e-07, 2.05147713928e-07, 1.26544136947e-07, 2.96151494439e-08, 5.07408171035e-10]}, "melbands_skewness": {"dvar2": 2.57319641113, "var": 3.78202414513, "min": -0.707223594189, "dmean": 0.900449812412, "mean": 3.25867056847, "max": 18.0367259979, "dmean2": 1.41115117073, "median": 2.9177737236, "dvar": 1.11333918571}, "barkbands_skewness": {"dvar2": 1.23787117004, "var": 2.1678507328, "min": -2.51756477356, "dmean": 0.637749791145, "mean": 1.68132281303, "max": 17.6947689056, "dmean2": 0.969340622425, "median": 1.52213644981, "dvar": 0.574319541454}, "erbbands": {"dvar2": [0.535702764988, 31.0203857422, 142.817352295, 356.293945312, 646.887329102, 503.438873291, 281.414825439, 234.475875854, 761.462341309, 934.183166504, 1981.20739746, 1219.14746094, 1228.64038086, 632.850158691, 1218.88464355, 857.660827637, 712.829223633, 1040.36474609, 848.995300293, 1455.62255859, 2093.17260742, 2050.12744141, 1869.34716797, 1561.32397461, 1410.33752441, 1108.42028809, 893.659729004, 616.442199707, 421.057281494, 324.316833496, 221.57963562, 200.581542969, 130.756790161, 41.6905632019, 14.5924873352, 1.95497238636, 0.200777575374, 0.00690675945953, 1.83309239219e-05, 9.06208796891e-09], "var": [0.243003889918, 11.5913791656, 36.8692550659, 129.533935547, 235.685195923, 319.717315674, 434.835998535, 206.355529785, 579.93359375, 982.329650879, 2747.36743164, 1549.66345215, 1205.23059082, 740.138305664, 1068.06787109, 791.926025391, 809.655395508, 957.102966309, 757.329589844, 1338.66320801, 2256.73071289, 1774.97338867, 2044.16638184, 2014.64953613, 1104.13793945, 831.477355957, 799.745666504, 616.447937012, 536.579223633, 299.394866943, 168.572402954, 135.86138916, 86.215637207, 25.5745582581, 8.40866088867, 1.33760273457, 0.137086585164, 0.00516714341938, 1.28672409119e-05, 7.22224191563e-09], "min": [1.27198747014e-22, 7.17464323242e-22, 2.77499445933e-21, 2.58906360428e-21, 1.09739216512e-20, 2.26017861222e-20, 4.16246848513e-20, 8.68207607713e-20, 9.98384187261e-20, 1.98196830391e-19, 2.00438877592e-19, 2.87315912494e-19, 6.81204224145e-19, 7.38715869088e-19, 1.15226331707e-18, 9.87083413754e-19, 1.94022740018e-18, 1.19862513604e-18, 3.03347954895e-18, 3.63092956473e-18, 3.8853893463e-18, 4.51204607553e-18, 6.19462904878e-18, 6.07172696695e-18, 8.21355110371e-18, 7.49175081966e-18, 7.85858226027e-18, 7.58514778262e-18, 1.12918301343e-17, 1.19045310858e-17, 1.24793405478e-17, 1.0785525289e-17, 9.80999396951e-18, 7.28441303603e-18, 6.39886200997e-18, 3.86610487109e-18, 2.31870575061e-18, 1.04550728382e-18, 2.50450488845e-19, 2.80748460322e-20], "dmean": [0.174625486135, 1.22382771969, 2.3030526638, 4.271048069, 7.23115825653, 9.43281364441, 7.38647794724, 6.30386018753, 9.5824098587, 8.8691072464, 13.8164701462, 11.6448421478, 11.445941925, 7.7395029068, 7.65406560898, 8.33861732483, 8.11036014557, 10.1081924438, 9.87258529663, 12.6399354935, 14.8181257248, 15.4696455002, 14.8996810913, 13.4160985947, 14.4988269806, 13.8743906021, 12.6785345078, 9.42427349091, 8.30925559998, 6.18858003616, 4.97887849808, 3.63705277443, 2.66933083534, 1.49979913235, 0.871551454067, 0.339750736952, 0.109523937106, 0.0208646450192, 0.00117276748642, 3.64294464816e-05], "mean": [0.216338202357, 1.60643815994, 2.6754348278, 6.15428924561, 9.83884334564, 14.572271347, 14.0864057541, 11.0437164307, 15.8218345642, 14.7809305191, 26.2129116058, 20.0857429504, 18.9894485474, 13.3650913239, 12.1421842575, 13.3166484833, 12.9678068161, 15.6448535919, 15.9660005569, 19.4884605408, 24.9252204895, 25.6109809875, 25.7825660706, 23.6808185577, 23.4553222656, 21.0211620331, 20.4968204498, 16.4667491913, 14.3150701523, 10.3382482529, 8.01141357422, 5.62501049042, 3.88645029068, 2.13587212563, 1.26906454563, 0.506320595741, 0.153841435909, 0.0280174650252, 0.00147888320498, 6.56400661683e-05], "max": [4.58041620255, 41.1687583923, 85.3459625244, 190.474395752, 185.604614258, 196.980102539, 328.211883545, 164.918060303, 384.962280273, 746.452697754, 1089.9276123, 691.326721191, 1196.89746094, 467.046966553, 825.717529297, 676.255187988, 636.150512695, 677.46105957, 421.594421387, 681.680908203, 920.219787598, 649.59942627, 565.930786133, 1346.42614746, 428.742645264, 246.048324585, 239.978439331, 379.004058838, 215.912506104, 182.39074707, 179.794570923, 405.827209473, 291.363647461, 151.027191162, 112.083602905, 43.5267524719, 11.0989894867, 2.016466856, 0.0761359035969, 0.00160172919277], "dmean2": [0.278227835894, 2.0332942009, 4.18282079697, 7.35524654388, 12.2760095596, 15.4902038574, 11.269036293, 9.76136016846, 14.7535381317, 13.4720172882, 20.4744758606, 17.6097297668, 17.388299942, 11.6750669479, 11.6130094528, 12.7873735428, 12.5182876587, 15.6213150024, 15.3976821899, 19.5161838531, 23.3748035431, 24.455904007, 23.60090065, 21.1207847595, 23.4470748901, 21.7238101959, 19.5274295807, 13.9360284805, 11.6040153503, 8.90278148651, 7.44007539749, 5.47496938705, 4.01976633072, 2.2041041851, 1.28562164307, 0.496585935354, 0.158945649862, 0.0300684720278, 0.00171024422161, 5.12923397764e-05], "median": [0.00685517583042, 0.0432891771197, 0.175017729402, 1.1475571394, 5.02695703506, 8.90655708313, 7.61836433411, 6.21558380127, 8.22965431213, 6.15828371048, 9.64476108551, 7.9938583374, 7.776263237, 4.58013916016, 3.9635052681, 4.72696590424, 4.67579841614, 5.82158136368, 6.51282215118, 6.27323961258, 8.46283245087, 8.80922698975, 7.88067340851, 8.03924751282, 9.36813163757, 9.31513404846, 7.88226222992, 6.08815383911, 5.42307758331, 3.80670309067, 2.831584692, 2.14021396637, 1.46454000473, 0.717591941357, 0.427532047033, 0.176482796669, 0.0462802052498, 0.00748568959534, 0.00036418333184, 4.20053111156e-05], "dvar": [0.221875354648, 11.8992176056, 50.0001296997, 128.802536011, 241.686248779, 194.69102478, 128.913528442, 98.3710784912, 324.194610596, 431.8074646, 949.556396484, 571.073791504, 558.935058594, 290.172088623, 579.127929688, 406.242248535, 363.475067139, 482.217193604, 363.789276123, 641.260803223, 866.516967773, 822.675170898, 752.981933594, 693.516174316, 549.040893555, 476.50378418, 393.257629395, 295.031066895, 238.216079712, 157.448028564, 97.4997787476, 89.0224990845, 58.4611244202, 18.6024932861, 6.24563312531, 0.881146788597, 0.0908629968762, 0.00329555990174, 8.51470122143e-06, 4.25252810743e-09]}, "silence_rate_30dB": {"dvar2": 0.0714054405689, "var": 0.0153039954603, "min": 0, "dmean": 0.026317583397, "mean": 0.984455943108, "max": 1, "dmean2": 0.0526387579739, "median": 1, "dvar": 0.0256261583418}, "melbands_spread": {"dvar2": 503.894378662, "var": 713.761291504, "min": 0.442870527506, "dmean": 10.3995780945, "mean": 30.4454936981, "max": 265.601287842, "dmean2": 16.0381736755, "median": 22.7233200073, "dvar": 224.326797485}, "melbands_crest": {"dvar2": 25.0863990784, "var": 29.9168834686, "min": 1.53907597065, "dmean": 3.37750530243, "mean": 13.3900823593, "max": 35.5969009399, "dmean2": 5.36654520035, "median": 12.2334079742, "dvar": 10.4067354202}, "zerocrossingrate": {"dvar2": 0.000363727653166, "var": 0.00315299094655, "min": 0.0029296875, "dmean": 0.0163317713886, "mean": 0.0873287394643, "max": 0.52294921875, "dmean2": 0.018297130242, "median": 0.0791015625, "dvar": 0.000308957067318}, "barkbands_kurtosis": {"dvar2": 249.026672363, "var": 162.088088989, "min": -1.91635656357, "dmean": 3.82419681549, "mean": 5.08843421936, "max": 455.100036621, "dmean2": 5.96573066711, "median": 1.5389623642, "dvar": 109.557685852}, "spectral_flux": {"dvar2": 0.00334005872719, "var": 0.00340956216678, "min": 6.48319384289e-11, "dmean": 0.031227439642, "mean": 0.0841468349099, "max": 0.381110012531, "dmean2": 0.0466198958457, "median": 0.0695812031627, "dvar": 0.00166833098046}, "barkbands_crest": {"dvar2": 21.9022979736, "var": 19.4043235779, "min": 2.09221029282, "dmean": 2.88903856277, "mean": 9.69392681122, "max": 25.9221553802, "dmean2": 4.68841123581, "median": 8.81212997437, "dvar": 8.42376899719}, "barkbands_flatness_db": {"dvar2": 0.0012333933264, "var": 0.00213915854692, "min": 0.0189893003553, "dmean": 0.0240308493376, "mean": 0.113183490932, "max": 0.366701006889, "dmean2": 0.0365322120488, "median": 0.105128914118, "dvar": 0.000568013289012}, "spectral_entropy": {"dvar2": 0.0883423611522, "var": 0.163665547967, "min": 5.82475948334, "dmean": 0.200960054994, "mean": 7.77921009064, "max": 9.82088756561, "dmean2": 0.289742946625, "median": 7.8165512085, "dvar": 0.0438051708043}, "pitch_salience": {"dvar2": 0.0155018549412, "var": 0.0123044624925, "min": 0.116958066821, "dmean": 0.0789273679256, "mean": 0.577201724052, "max": 0.993061184883, "dmean2": 0.128277212381, "median": 0.591182589531, "dvar": 0.00581550598145}, "erbbands_spread": {"dvar2": 369.747375488, "var": 433.517425537, "min": 3.89596843719, "dmean": 11.6592092514, "mean": 53.9897384644, "max": 164.37008667, "dmean2": 18.1536865234, "median": 51.0894699097, "dvar": 150.718078613}, "dynamic_complexity": 2.99298119545, "spectral_contrast_valleys": {"dvar2": [0.55808454752, 0.372903257608, 0.395818531513, 0.429639369249, 0.434173583984, 0.427397251129], "var": [3.98650789261, 2.40988206863, 2.32900881767, 2.29052138329, 2.36600995064, 2.11716413498], "min": [-28.4923839569, -27.867105484, -27.8663425446, -27.7498836517, -27.5088443756, -27.3991165161], "dmean": [0.523297607899, 0.438117980957, 0.469022095203, 0.44218069315, 0.448691725731, 0.44719606638], "mean": [-7.95135307312, -6.99110269547, -7.85038805008, -8.10051441193, -7.56486845016, -9.65072250366], "max": [-4.99176025391, -4.9292178154, -5.35911989212, -5.56293439865, -5.33932638168, -7.1520075798], "dmean2": [0.804979324341, 0.684592485428, 0.712888300419, 0.652830481529, 0.629728913307, 0.586307048798], "median": [-7.88948202133, -6.775826931, -7.69470024109, -7.9494099617, -7.45475482941, -9.49987030029], "dvar": [0.276954352856, 0.168092802167, 0.190361231565, 0.206490442157, 0.216126739979, 0.224513545632]}, "hfc": {"dvar2": 552.671020508, "var": 682.371276855, "min": 1.08357338287e-16, "dmean": 10.8516511917, "mean": 25.5518627167, "max": 302.077697754, "dmean2": 14.5903263092, "median": 16.6157035828, "dvar": 272.203125}, "spectral_kurtosis": {"dvar2": 4.32839727402, "var": 3.29040265083, "min": -1.31689023972, "dmean": 0.963587105274, "mean": 2.69482374191, "max": 33.4120521545, "dmean2": 1.53567683697, "median": 2.35634064674, "dvar": 1.70956540108}, "mfcc": {"mean": [-637.654907227, 85.6378250122, 11.0147418976, 26.0591812134, -3.50728297234, -2.78920173645, -9.41640853882, -4.4981136322, -3.94464349747, -2.19568610191, -5.20236539841, -3.05905032158, -5.68821144104], "cov": [[6782.43652344, -219.627639771, -303.770141602, 202.090896606, 107.230499268, 106.748130798, 53.9181137085, 172.970550537, 76.4976119995, 28.9729766846, 43.7846488953, -3.77447628975, -102.915916443], [-219.627639771, 1392.50695801, 193.212875366, 157.099761963, 212.715637207, 216.306915283, 215.421768188, 129.146850586, 129.962738037, 107.480957031, 97.5778503418, 67.9583053589, 59.2757759094], [-303.770141602, 193.212875366, 690.750549316, 238.527557373, 241.124221802, 201.690261841, 143.307418823, 88.1126785278, 84.1928024292, 71.1205291748, 19.3903675079, 27.9603004456, 35.9682273865], [202.090896606, 157.099761963, 238.527557373, 515.297363281, 246.324951172, 227.108474731, 150.606887817, 162.368469238, 109.396652222, 82.6968307495, 54.2395744324, 51.8289108276, 42.7121009827], [107.230499268, 212.715637207, 241.124221802, 246.324951172, 382.230102539, 212.014709473, 139.869552612, 135.429748535, 97.4914016724, 63.7700500488, 50.1870880127, 45.3842353821, 36.0165977478], [106.748130798, 216.306915283, 201.690261841, 227.108474731, 212.014709473, 276.666564941, 167.171432495, 136.180358887, 87.9307861328, 69.1951293945, 58.0195503235, 44.3125610352, 25.7481842041], [53.9181137085, 215.421768188, 143.307418823, 150.606887817, 139.869552612, 167.171432495, 227.075332642, 136.294204712, 86.4077835083, 53.438331604, 53.9938545227, 39.9916343689, 32.4662818909], [172.970550537, 129.146850586, 88.1126785278, 162.368469238, 135.429748535, 136.180358887, 136.294204712, 202.877990723, 103.99546051, 56.8094940186, 54.1972846985, 37.2307090759, 23.2052650452], [76.4976119995, 129.962738037, 84.1928024292, 109.396652222, 97.4914016724, 87.9307861328, 86.4077835083, 103.99546051, 147.269866943, 86.2332077026, 43.3297462463, 27.9557037354, 26.2068214417], [28.9729766846, 107.480957031, 71.1205291748, 82.6968307495, 63.7700500488, 69.1951293945, 53.438331604, 56.8094940186, 86.2332077026, 117.153450012, 54.7404212952, 28.0196590424, 17.0025863647], [43.7846488953, 97.5778503418, 19.3903675079, 54.2395744324, 50.1870880127, 58.0195503235, 53.9938545227, 54.1972846985, 43.3297462463, 54.7404212952, 95.7772369385, 45.3941001892, 16.9821662903], [-3.77447628975, 67.9583053589, 27.9603004456, 51.8289108276, 45.3842353821, 44.3125610352, 39.9916343689, 37.2307090759, 27.9557037354, 28.0196590424, 45.3941001892, 87.1174926758, 43.0368347168], [-102.915916443, 59.2757759094, 35.9682273865, 42.7121009827, 36.0165977478, 25.7481842041, 32.4662818909, 23.2052650452, 26.2068214417, 17.0025863647, 16.9821662903, 43.0368347168, 83.0899047852]], "icov": [[0.000164354671142, 3.43812680512e-05, 0.000120137963677, -6.53677197988e-05, -4.80516500829e-05, -4.49594263046e-05, 8.78266473592e-06, -0.000102217898529, -5.54488651687e-05, 1.28236770252e-05, 2.05519540941e-06, -4.742388046e-05, 0.000259524735156], [3.43812680512e-05, 0.000909372989554, 1.21005077744e-05, 0.000127389546833, -0.000185502503882, -0.000271679338766, -0.000558036437724, 0.000257553241681, -0.000256931991316, -0.000176153931534, -0.000335383316269, -4.81834058519e-06, -0.000178038200829], [0.000120137963677, 1.21005077744e-05, 0.00220465613529, -0.000379472854547, -0.000793504237663, -0.00069776060991, -0.000567290466279, 0.00058612646535, -6.28572452115e-05, -0.000686720071826, 0.000918694131542, 9.20980892261e-05, -7.60909024393e-05], [-6.53677197988e-05, 0.000127389546833, -0.000379472854547, 0.00359794520773, -0.000826836505439, -0.00154091382865, 0.000266757473582, -0.00114683178253, 1.62733467732e-05, -0.000667016545776, 0.000396017712774, -0.000218998247874, -0.000641275953967], [-4.80516500829e-05, -0.000185502503882, -0.000793504237663, -0.000826836505439, 0.0053919502534, -0.0024010927882, 0.000424436468165, -0.000721781631, -0.000872856762726, 0.000743750948459, -0.000211240476347, -0.000218033455894, -0.00043686866411], [-4.49594263046e-05, -0.000271679338766, -0.00069776060991, -0.00154091382865, -0.0024010927882, 0.0104135330766, -0.00379060185514, -0.00111874006689, 0.00103843561374, -0.00130826688837, -0.000576599559281, -0.000715764530469, 0.00126841943711], [8.78266473592e-06, -0.000558036437724, -0.000567290466279, 0.000266757473582, 0.000424436468165, -0.00379060185514, 0.0104407845065, -0.00372932292521, -0.0010465416126, 0.0012201895006, -0.00126805633772, 0.000213861712837, -0.001301193377], [-0.000102217898529, 0.000257553241681, 0.00058612646535, -0.00114683178253, -0.000721781631, -0.00111874006689, -0.00372932292521, 0.0120126213878, -0.00554484687746, 0.00217984407209, -0.00198491686024, -0.000430464337114, 0.000718761351891], [-5.54488651687e-05, -0.000256931991316, -6.28572452115e-05, 1.62733467732e-05, -0.000872856762726, 0.00103843561374, -0.0010465416126, -0.00554484687746, 0.0170984268188, -0.0100365970284, 0.00184955028817, 0.00072304304922, -0.00194414274301], [1.28236770252e-05, -0.000176153931534, -0.000686720071826, -0.000667016545776, 0.000743750948459, -0.00130826688837, 0.0012201895006, 0.00217984407209, -0.0100365970284, 0.0190446507186, -0.00737682217732, 0.000277264276519, 0.000411738205003], [2.05519540941e-06, -0.000335383316269, 0.000918694131542, 0.000396017712774, -0.000211240476347, -0.000576599559281, -0.00126805633772, -0.00198491686024, 0.00184955028817, -0.00737682217732, 0.0193516407162, -0.00768370414153, 0.00191143539269], [-4.742388046e-05, -4.81834058519e-06, 9.20980892261e-05, -0.000218998247874, -0.000218033455894, -0.000715764530469, 0.000213861712837, -0.000430464337114, 0.00072304304922, 0.000277264276519, -0.00768370414153, 0.0201700981706, -0.00879119616002], [0.000259524735156, -0.000178038200829, -7.60909024393e-05, -0.000641275953967, -0.00043686866411, 0.00126841943711, -0.001301193377, 0.000718761351891, -0.00194414274301, 0.000411738205003, 0.00191143539269, -0.00879119616002, 0.0176419112831]]}, "silence_rate_20dB": {"dvar2": 0, "var": 0, "min": 1, "dmean": 0, "mean": 1, "max": 1, "dmean2": 0, "median": 1, "dvar": 0}, "melbands_kurtosis": {"dvar2": 966.264953613, "var": 861.331481934, "min": -1.75118708611, "dmean": 10.6384849548, "mean": 19.734161377, "max": 696.285644531, "dmean2": 16.9448204041, "median": 10.8726844788, "dvar": 437.018920898}, "barkbands_spread": {"dvar2": 183.200927734, "var": 273.721252441, "min": 0.557545661926, "dmean": 8.24379062653, "mean": 29.4311466217, "max": 115.912979126, "dmean2": 12.6156482697, "median": 27.5051498413, "dvar": 83.8208084106}, "erbbands_skewness": {"dvar2": 0.321118026972, "var": 0.678587377071, "min": -3.85789322853, "dmean": 0.391447782516, "mean": 0.150130882859, "max": 6.12862825394, "dmean2": 0.575877308846, "median": 0.146641731262, "dvar": 0.156767860055}, "average_loudness": 0.947556972504, "spectral_centroid": {"dvar2": 312165.875, "var": 979637.8125, "min": 194.877212524, "dmean": 361.635406494, "mean": 1697.32666016, "max": 11644.3242188, "dmean2": 546.149902344, "median": 1570.28442383, "dvar": 148175.40625}, "dissonance": {"dvar2": 0.000515093037393, "var": 0.000516835949384, "min": 0.267574548721, "dmean": 0.0147746084258, "mean": 0.46949467063, "max": 0.500000119209, "dmean2": 0.0242183618248, "median": 0.474962353706, "dvar": 0.000204810014111}, "erbbands_flatness_db": {"dvar2": 0.000482473988086, "var": 0.000980355544016, "min": 0.0227435603738, "dmean": 0.0161478817463, "mean": 0.127199172974, "max": 0.288948535919, "dmean2": 0.0234162956476, "median": 0.124574139714, "dvar": 0.000230092278798}, "spectral_strongpeak": {"dvar2": 1.64783024788, "var": 1.46410477161, "min": 0, "dmean": 0.413474649191, "mean": 0.762465298176, "max": 17.2775287628, "dmean2": 0.694331049919, "median": 0.400598704815, "dvar": 0.675767660141}, "spectral_rms": {"dvar2": 3.8569555727e-06, "var": 5.25185441802e-06, "min": 3.1671603274e-12, "dmean": 0.00103122554719, "mean": 0.00455210404471, "max": 0.0144732631743, "dmean2": 0.00146433082409, "median": 0.00457014422864, "dvar": 1.85224155302e-06}, "silence_rate_60dB": {"dvar2": 0.102491132915, "var": 0.0886948183179, "min": 0, "dmean": 0.049362514168, "mean": 0.0983774214983, "max": 1, "dmean2": 0.0987317636609, "median": 0, "dvar": 0.0469297207892}, "melbands": {"dvar2": [4.33349123341e-05, 3.5006665712e-05, 1.04909368019e-05, 2.3564264211e-06, 4.05073507181e-07, 1.22168913208e-07, 1.65393373663e-07, 1.02556228398e-07, 1.35358732223e-07, 5.11652018531e-08, 3.10326555564e-08, 1.15651186405e-08, 1.47632510661e-08, 9.35069799368e-09, 4.67092053924e-09, 3.07911074415e-09, 4.18158929705e-09, 2.31132402106e-09, 2.48576359496e-09, 4.43927028471e-09, 3.73114250607e-09, 2.55661380955e-09, 2.44592035514e-09, 2.82237455629e-09, 1.29853394704e-09, 1.08024478251e-09, 4.66773508734e-10, 5.66052538176e-10, 3.90516619042e-10, 4.06149280874e-10, 2.46785702984e-10, 1.6844552142e-10, 1.75721520668e-10, 1.11236998779e-10, 8.91964002658e-11, 6.15888728905e-11, 9.93495841151e-11, 8.33981703141e-11, 5.32596917957e-11, 3.13247865147e-11], "var": [1.90266582649e-05, 1.1916567928e-05, 3.6041385556e-06, 1.22857977658e-06, 4.63861113076e-07, 1.11637497469e-07, 1.30980794211e-07, 1.08073443528e-07, 1.83062681458e-07, 5.46125136225e-08, 3.00783362661e-08, 1.36321069988e-08, 1.34723245893e-08, 6.98103042041e-09, 3.98522814749e-09, 3.02677549691e-09, 3.7