{"tonal": {"thpcp": [1, 0.567656338215, 0.247847035527, 0.210822656751, 0.173729717731, 0.225910753012, 0.302450329065, 0.247823372483, 0.293475538492, 0.350400209427, 0.233287394047, 0.194901064038, 0.195388585329, 0.156742811203, 0.283064961433, 0.537403404713, 0.532945632935, 0.370864838362, 0.346999943256, 0.298807382584, 0.442710161209, 0.758743047714, 0.601799845695, 0.301931887865, 0.23985645175, 0.163674458861, 0.141909271479, 0.154537901282, 0.167611390352, 0.462002843618, 0.709066450596, 0.45703792572, 0.279641628265, 0.353940576315, 0.419113576412, 0.797695040703], "hpcp": {"dmean2": [0.236987397075, 0.246139809489, 0.176300868392, 0.145426034927, 0.116082303226, 0.128050178289, 0.154417052865, 0.143557921052, 0.149050101638, 0.13678047061, 0.125388026237, 0.120679371059, 0.118402987719, 0.110811427236, 0.15693731606, 0.202968046069, 0.221258640289, 0.208540588617, 0.193341895938, 0.177522689104, 0.224750652909, 0.215322732925, 0.226773068309, 0.191547140479, 0.138780102134, 0.103484347463, 0.0915300548077, 0.094769962132, 0.11581531167, 0.196902558208, 0.211360037327, 0.200226068497, 0.210269033909, 0.263996899128, 0.277617901564, 0.285689234734], "median": [0.0607550889254, 0.0478613525629, 0.0172221008688, 0.0120329856873, 0.0117409508675, 0.0198730938137, 0.0250943917781, 0.0216319914907, 0.0207909531891, 0.0209405664355, 0.0193549245596, 0.0164672415704, 0.015455249697, 0.0120114274323, 0.0224727280438, 0.0463423877954, 0.0465856194496, 0.032917458564, 0.0217921622097, 0.0236623100936, 0.036791164428, 0.0383102558553, 0.0335710197687, 0.0239770561457, 0.0169898699969, 0.0116466879845, 0.0104259438813, 0.0102517036721, 0.0143703818321, 0.0394389256835, 0.05987611413, 0.0463902726769, 0.0160645730793, 0.0150454286486, 0.0263344794512, 0.0529544726014], "min": [0, 0, 0, 0, 0, 0, 0, 0, 0, 0, 0, 0, 0, 0, 0, 0, 0, 0, 0, 0, 0, 0, 0, 0, 0, 0, 0, 0, 0, 0, 0, 0, 0, 0, 0, 0], "dvar2": [0.125944718719, 0.118551947176, 0.0986133739352, 0.0864395424724, 0.0551539026201, 0.0563335083425, 0.074062384665, 0.0689810663462, 0.0752013549209, 0.0640915408731, 0.061762727797, 0.0602433644235, 0.061979342252, 0.0577010437846, 0.0834878534079, 0.100419379771, 0.106164820492, 0.105508998036, 0.0994089469314, 0.090122140944, 0.111703120172, 0.108080290258, 0.112326674163, 0.0931891947985, 0.0741835311055, 0.0537257641554, 0.0441962219775, 0.0460822843015, 0.0569528751075, 0.0941313579679, 0.0963446646929, 0.0892772302032, 0.122554257512, 0.161279127002, 0.150075763464, 0.132438153028], "dvar": [0.0538694560528, 0.043288808316, 0.035079665482, 0.0317284576595, 0.0202148146927, 0.0207015927881, 0.0280893053859, 0.0245958045125, 0.0266779363155, 0.0251073427498, 0.0220010578632, 0.0220142435282, 0.0226035248488, 0.0200499799103, 0.0302681960166, 0.0418872572482, 0.0437599569559, 0.0397943258286, 0.0380488820374, 0.0330571122468, 0.0409632474184, 0.0487242080271, 0.045438054949, 0.0341715849936, 0.0288797467947, 0.019648514688, 0.0161534603685, 0.0168416965753, 0.0203256662935, 0.0353576689959, 0.0451669842005, 0.0327115617692, 0.0435111299157, 0.0601829737425, 0.0559445619583, 0.0517697036266], "dmean": [0.134904652834, 0.138564348221, 0.0968609601259, 0.0797922387719, 0.0641906633973, 0.0731135234237, 0.0893352627754, 0.0805147215724, 0.083888284862, 0.0779778063297, 0.0706458240747, 0.0676320791245, 0.0665149986744, 0.0609193742275, 0.0882404148579, 0.118807397783, 0.129486516118, 0.120263911784, 0.11007013917, 0.0999535173178, 0.127679407597, 0.123658969998, 0.131013855338, 0.106050729752, 0.0773337185383, 0.0582641512156, 0.0511926449835, 0.0532624721527, 0.0634161010385, 0.112954266369, 0.122040845454, 0.114747241139, 0.114125885069, 0.142619356513, 0.153824582696, 0.164416983724], "max": [1, 1, 1, 1, 1, 1, 1, 1, 1, 1, 1, 1, 1, 1, 1, 1, 1, 1, 1, 1, 1, 1, 1, 1, 1, 1, 1, 1, 1, 1, 1, 1, 1, 1, 1, 1], "var": [0.160966530442, 0.0564213693142, 0.0270684026182, 0.0270246118307, 0.017662152648, 0.0197912361473, 0.0328809209168, 0.0227029118687, 0.0343605577946, 0.051234100014, 0.0222925264388, 0.018054286018, 0.0192015264183, 0.0143703622743, 0.0293267145753, 0.0741151347756, 0.0689951404929, 0.0400571152568, 0.0399750955403, 0.0297705773264, 0.0462198406458, 0.12739405036, 0.089155420661, 0.0313014388084, 0.031298648566, 0.0159501731396, 0.0124289086089, 0.0138136642054, 0.0147662078962, 0.0507768802345, 0.106387503445, 0.0430644154549, 0.0330085083842, 0.052046444267, 0.0522635951638, 0.103725604713], "mean": [0.30971172452, 0.175809815526, 0.0767611339688, 0.0652942508459, 0.053806129843, 0.0699672102928, 0.0936724171042, 0.0767538025975, 0.0908928140998, 0.108523055911, 0.0722518414259, 0.0603631436825, 0.0605141371489, 0.0485450848937, 0.0876685380936, 0.16644012928, 0.165059506893, 0.114861190319, 0.107469953597, 0.0925441533327, 0.137112528086, 0.234991624951, 0.186384469271, 0.0935118421912, 0.0742863565683, 0.0506918989122, 0.0439509637654, 0.0478622019291, 0.0519112125039, 0.143087700009, 0.21960619092, 0.141550004482, 0.0866082906723, 0.109619550407, 0.129804387689, 0.247055515647]}, "tuning_equal_tempered_deviation": 0.0238689165562, "chords_changes_rate": 0.0777377188206, "key_key": "A", "tuning_diatonic_strength": 0.470404565334, "key_scale": "minor", "chords_number_rate": 0.00225326721556, "tuning_frequency": 440.508575439, "tuning_nontempered_energy_ratio": 0.710182666779, "chords_histogram": [20.7976570129, 8.83280754089, 4.50653457642, 11.6268587112, 0, 3.56016230583, 0.02253267169, 25.3943214417, 0.85624152422, 0.495718806982, 0.40558809042, 0, 0, 0, 0.02253267169, 0, 0, 0.20279404521, 13.1365480423, 0.495718806982, 1.89274442196, 0.11266335845, 6.1063542366, 1.53222167492], "key_strength": 0.613725423813, "chords_key": "A", "chords_strength": {"dmean2": 0.0119755221531, "median": 0.462953925133, "min": -1, "dvar2": 0.00111767731141, "dvar": 0.000614922493696, "dmean": 0.0117376269773, "max": 0.766234636307, "var": 0.0378504469991, "mean": 0.449214279652}, "chords_scale": "major", "hpcp_entropy": {"dmean2": 1.10575962067, "median": 2.10753440857, "min": 0, "dvar2": 0.840263068676, "dvar": 0.319300979376, "dmean": 0.658312499523, "max": 4.52149248123, "var": 0.726337730885, "mean": 2.09276819229}}, "metadata": {"audio_properties": {"equal_loudness": 0, "codec": "mp3", "downmix": "mix", "sample_rate": 44100, "analysis_sample_rate": 44100, "bit_rate": 160000, "md5_encoded": "ad916d4869e36f5f4ebbc0a005a470f5", "length": 206.027755737, "replay_gain": -13.1798610687, "lossless": false}, "version": {"essentia_build_sha": "70f2e5ece6736b2c40cc944ad0e695b16b925413", "essentia": "2.1-beta2", "extractor": "music 1.0", "essentia_git_sha": "v2.1_beta2"}, "tags": {"title": ["Boulevard"], "barcode": ["7619954385724"], "media": ["CD"], "albumartist": ["Z\u00fcri West"], "language": ["gsw"], "musicbrainz_recordingid": ["0f7940e5-d6ed-4b68-ac4e-5baa10d7cee6"], "musicbrainz_albumartistid": ["9cd8f2d7-90eb-47c3-8d2b-e5b3e5574eb6"], "originalyear": ["1999"], "discnumber": ["1/1"], "bpm": ["152"], "catalognumber": ["60399-2"], "contentgroup": ["Rock"], "musicbrainz album type": ["album"], "musicbrainz album status": ["official"], "file_name": "Z\u00fcri West - Boulevard.mp3", "originaldate": ["1999"], "date": ["1999"], "genre": ["Rock"], "musicbrainz album release country": ["CH"], "album": ["Super 8"], "musicbrainz_artistid": ["9cd8f2d7-90eb-47c3-8d2b-e5b3e5574eb6"], "asin": ["B000051OTI"], "musicbrainz_albumid": ["5888ef2c-f3dc-4577-a024-e95bfa3347a9"], "artist": ["Z\u00fcri West"], "musicbrainz_releasegroupid": ["cad52099-f48c-3b79-a1cc-0ce953b82049"], "tracknumber": ["12/14"], "label": ["Sound Service"], "albumartistsort": ["Z\u00fcri West"], "script": ["Latn"]}}, "rhythm": {"bpm_histogram_first_peak_bpm": {"dmean2": 0, "median": 152, "min": 152, "dvar2": 0, "dvar": 0, "dmean": 0, "max": 152, "var": 0, "mean": 152}, "bpm": 151.548812866, "bpm_histogram_second_peak_spread": {"dmean2": 0, "median": 0.0606060624123, "min": 0.0606060624123, "dvar2": 0, "dvar": 0, "dmean": 0, "max": 0.0606060624123, "var": 0, "mean": 0.0606060624123}, "bpm_histogram_first_peak_weight": {"dmean2": 0, "median": 0.736842095852, "min": 0.736842095852, "dvar2": 0, "dvar": 0, "dmean": 0, "max": 0.736842095852, "var": 0, "mean": 0.736842095852}, "onset_rate": 4.87278652191, "beats_position": [0.348299324512, 0.719818592072, 1.11455774307, 1.50929701328, 1.90403628349, 2.29877543449, 2.69351458549, 3.08825397491, 3.48299312592, 3.87773227692, 4.27247142792, 4.66721057892, 5.06195020676, 5.45668935776, 5.85142850876, 6.25777769089, 6.66412687302, 7.05886602402, 7.45360517502, 7.84834432602, 8.24308395386, 8.63782310486, 9.03256225586, 9.42730140686, 9.82204055786, 10.2167797089, 10.6115188599, 11.0062580109, 11.412607193, 11.8189563751, 12.2136955261, 12.6084346771, 13.0031747818, 13.3979139328, 13.7926530838, 14.1873922348, 14.5937414169, 15.0000905991, 15.3948297501, 15.7895689011, 16.1843090057, 16.5790481567, 16.9853973389, 17.391746521, 17.786485672, 18.181224823, 18.575963974, 18.970703125, 19.365442276, 19.760181427, 20.154920578, 20.549659729, 20.94439888, 21.3507480621, 21.7454872131, 22.1518363953, 22.5465755463, 22.9413146973, 23.3360538483, 23.7307929993, 24.1371421814, 24.5434913635, 24.9382305145, 25.3329696655, 25.7277088165, 26.1224479675, 26.5171871185, 26.9119262695, 27.3182754517, 27.7130146027, 28.1077537537, 28.5141029358, 28.9088420868, 29.3035831451, 29.6983222961, 30.0930614471, 30.4878005981, 30.8941497803, 31.3004989624, 31.6952381134, 32.0899772644, 32.4847145081, 32.8794555664, 33.2741928101, 33.6805419922, 34.0868911743, 34.4816322327, 34.8763694763, 35.2711105347, 35.6658477783, 36.0605888367, 36.4669380188, 36.8732872009, 37.2680282593, 37.6627655029, 38.0575065613, 38.4522438049, 38.8469848633, 39.2417221069, 39.6480712891, 40.0544204712, 40.4491615295, 40.8438987732, 41.2386398315, 41.6333770752, 42.0281181335, 42.4344673157, 42.8408164978, 43.2355537415, 43.6302947998, 44.0250320435, 44.4197731018, 44.8145103455, 45.2092514038, 45.6039886475, 45.9987297058, 46.3934669495, 46.7882080078, 47.1945571899, 47.6009063721, 47.9956436157, 48.3903846741, 48.7851219177, 49.1798629761, 49.5746040344, 49.9693412781, 50.3640823364, 50.7588195801, 51.1651687622, 51.5715179443, 51.9662590027, 52.3726081848, 52.7789573669, 53.1736946106, 53.5684356689, 53.9747848511, 54.3811340332, 54.7758712769, 55.1706123352, 55.5653495789, 55.9600906372, 56.3548278809, 56.7495689392, 57.1443061829, 57.5274353027, 57.9105644226, 58.305305481, 58.7116546631, 59.1180038452, 59.5127410889, 59.9074821472, 60.3022193909, 60.708568573, 61.1149177551, 61.5096588135, 61.9043960571, 62.2991371155, 62.6938781738, 63.100227356, 63.5065765381, 63.9013137817, 64.2960510254, 64.6907958984, 65.0855331421, 65.4918823242, 65.8982315063, 66.29296875, 66.6877059937, 67.0824508667, 67.4771881104, 67.871925354, 68.2666625977, 68.6614074707, 69.0561447144, 69.450881958, 69.8456192017, 70.2403640747, 70.6351013184, 71.029838562, 71.4361877441, 71.8309249878, 72.2372741699, 72.632019043, 73.0267562866, 73.4214935303, 73.8162307739, 74.210975647, 74.6057128906, 75.0004501343, 75.3951950073, 75.789932251, 76.1846694946, 76.5910186768, 76.9973678589, 77.3921051025, 77.7868499756, 78.1815872192, 78.5763244629, 78.9710617065, 79.3658065796, 79.7605438232, 80.1552810669, 80.5500183105, 80.9447631836, 81.3395004272, 81.7342376709, 82.1289749146, 82.5353240967, 82.9300689697, 83.3364181519, 83.7311553955, 84.1258926392, 84.5322418213, 84.9385910034, 85.3333282471, 85.7280731201, 86.1228103638, 86.5175476074, 86.9122848511, 87.3070297241, 87.7017669678, 88.0965042114, 88.4912490845, 88.8859863281, 89.2807235718, 89.6638565063, 90.0469818115, 90.4417190552, 90.8480682373, 91.2544174194, 91.6607666016, 92.0671157837, 92.4618606567, 92.8682098389, 93.274559021, 93.6692962646, 94.0640335083, 94.4703826904, 94.8767318726, 95.2830810547, 95.6778182983, 96.0841674805, 96.4789123535, 96.8852615356, 97.2916107178, 97.6863479614, 98.0810852051, 98.4758224487, 98.8705673218, 99.2653045654, 99.6600418091, 100.054779053, 100.449523926, 100.844261169, 101.227394104, 101.610519409, 101.993652344, 102.376777649, 102.759910583, 103.143035889, 103.537773132, 103.920906067, 104.304031372, 104.698776245, 105.093513489, 105.488250732, 105.882987976, 106.266120911, 106.649246216, 107.043991089, 107.438728333, 107.833465576, 108.22820282, 108.634559631, 109.040908813, 109.435646057, 109.830383301, 110.225120544, 110.619865417, 111.014602661, 111.409339905, 111.804077148, 112.198822021, 112.593559265, 112.988296509, 113.383033752, 113.777778625, 114.172515869, 114.567253113, 114.950386047, 115.333511353, 115.728248596, 116.134597778, 116.54094696, 116.935691833, 117.330429077, 117.725166321, 118.119903564, 118.526252747, 118.932601929, 119.327346802, 119.722084045, 120.116821289, 120.511566162, 120.906303406, 121.301040649, 121.695777893, 122.102127075, 122.496871948, 122.90322113, 123.297958374, 123.692695618, 124.087432861, 124.482177734, 124.876914978, 125.271652222, 125.666389465, 126.072738647, 126.467483521, 126.873832703, 127.256958008, 127.651695251, 128.034820557, 128.42956543, 128.824310303, 129.219039917, 129.61378479, 130.008529663, 130.403259277, 130.79800415, 131.192733765, 131.587478638, 131.982223511, 132.376953125, 132.771697998, 133.166442871, 133.561172485, 133.955917358, 134.350662231, 134.745391846, 135.151748657, 135.55809021, 135.952835083, 136.347564697, 136.74230957, 137.137054443, 137.531784058, 137.926528931, 138.321273804, 138.716003418, 139.110748291, 139.505477905, 139.900222778, 140.294967651, 140.689697266, 141.096054077, 141.490783691, 141.897140503, 142.291885376, 142.68661499, 143.081359863, 143.464492798, 143.870834351, 144.265579224, 144.660308838, 145.055053711, 145.449798584, 145.844528198, 146.239273071, 146.634017944, 147.028747559, 147.423492432, 147.818222046, 148.212966919, 148.607711792, 149.002441406, 149.397186279, 149.791931152, 150.186660767, 150.58140564, 150.976135254, 151.370880127, 151.765625, 152.160354614, 152.555099487, 152.94984436, 153.344573975, 153.739318848, 154.134063721, 154.528793335, 154.923538208, 155.329879761, 155.736236572, 156.130966187, 156.52571106, 156.920455933, 157.315185547, 157.721542358, 158.116271973, 158.522628784, 158.928970337, 159.335327148, 159.730072021, 160.124801636, 160.519546509, 160.925888062, 161.332244873, 161.726974487, 162.12171936, 162.516464233, 162.911193848, 163.305938721, 163.700683594, 164.095413208, 164.490158081, 164.861679077, 165.256408691, 165.651153564, 166.045898438, 166.440628052, 166.835372925, 167.230117798, 167.624847412, 168.019592285, 168.414321899, 168.797454834, 169.180587769, 169.575332642, 169.970062256, 170.364807129, 170.759536743, 171.154281616, 171.549026489, 171.943756104, 172.326889038, 172.721633911, 173.104751587, 173.49949646, 173.894241333, 174.288970947, 174.68371582, 175.078460693, 175.473190308, 175.867935181, 176.262680054, 176.657409668, 177.052154541, 177.446884155, 177.841629028, 178.236373901, 178.631103516, 179.025848389, 179.420593262, 179.815322876, 180.210067749, 180.604797363, 180.999542236, 181.394287109, 181.789016724, 182.183761597, 182.57850647, 182.973236084, 183.367980957, 183.762710571, 184.157455444, 184.552200317, 184.935317993, 185.330062866, 185.713195801, 186.107940674, 186.502670288, 186.885803223, 187.268936157, 187.686889648, 188.081634521, 188.476364136, 188.871109009, 189.265853882, 189.660583496, 190.055328369, 190.450057983, 190.844802856, 191.239547729, 191.634277344, 192.029022217, 192.42376709, 192.806884766, 193.1900177, 193.584762573, 194.002716064, 194.397460938, 194.780578613, 195.163711548, 195.558456421, 195.953201294, 196.347930908, 196.742675781, 197.149017334, 197.566986084, 197.996551514, 198.426116943, 198.855682373, 199.366531372, 199.877365112, 200.399810791, 200.92225647, 201.444717407, 201.967163086, 202.536056519, 203.104934692, 203.673828125, 204.242721558, 204.811599731, 205.380493164], "beats_loudness": {"dmean2": 0.025314386934, "median": 0.0516940057278, "min": 0, "dvar2": 0.000399393466068, "dvar": 0.000132621076773, "dmean": 0.0147803481668, "max": 0.130292400718, "var": 0.000297857011901, "mean": 0.0507260747254}, "danceability": 1.16647744179, "bpm_histogram_second_peak_weight": {"dmean2": 0, "median": 0.0604288503528, "min": 0.0604288503528, "dvar2": 0, "dvar": 0, "dmean": 0, "max": 0.0604288503528, "var": 0, "mean": 0.0604288503528}, "beats_count": 514, "bpm_histogram_second_peak_bpm": {"dmean2": 0, "median": 157, "min": 157, "dvar2": 0, "dvar": 0, "dmean": 0, "max": 157, "var": 0, "mean": 157}, "bpm_histogram_first_peak_spread": {"dmean2": 0, "median": 0.181818187237, "min": 0.181818187237, "dvar2": 0, "dvar": 0, "dmean": 0, "max": 0.181818187237, "var": 0, "mean": 0.181818187237}, "beats_loudness_band_ratio": {"dmean2": [0.410923451185, 0.339356213808, 0.133061662316, 0.15384028852, 0.0877907276154, 0.0769574120641], "median": [0.519346356392, 0.166755735874, 0.0755940228701, 0.100132472813, 0.0545148923993, 0.0352733395994], "min": [0, 0, 0, 0, 0, 0], "dvar2": [0.067661806941, 0.0452567264438, 0.0136443665251, 0.0189239196479, 0.0101054050028, 0.00291140656918], "dvar": [0.0222708545625, 0.01388603542, 0.00469312025234, 0.00678482325748, 0.00361024052836, 0.00100341474172], "dmean": [0.217506423593, 0.17504863441, 0.0735274106264, 0.0861131921411, 0.0488191619515, 0.0401604883373], "max": [0.951128840446, 0.66700387001, 0.525940239429, 0.669663310051, 0.741364657879, 0.324884980917], "var": [0.0351786799729, 0.0173084493726, 0.0060889897868, 0.00981895811856, 0.00392588460818, 0.00116564391647], "mean": [0.527940571308, 0.19042879343, 0.0979111790657, 0.121788732708, 0.0694467425346, 0.0408074036241]}}, "lowlevel": {"barkbands_spread": {"dmean2": 10.2527351379, "median": 21.8553066254, "min": 0.805407822132, "dvar2": 156.260421753, "dvar": 71.7688598633, "dmean": 6.66603851318, "max": 115.996482849, "var": 186.376876831, "mean": 23.2837581635}, "melbands_spread": {"dmean2": 11.8512153625, "median": 18.0438079834, "min": 0.640190601349, "dvar2": 246.051757812, "dvar": 116.482521057, "dmean": 7.62262535095, "max": 251.6015625, "var": 545.03704834, "mean": 23.3491916656}, "hfc": {"dmean2": 12.9820270538, "median": 18.5166778564, "min": 1.07484153198e-16, "dvar2": 408.103637695, "dvar": 201.907455444, "dmean": 9.31779193878, "max": 240.143707275, "var": 539.232421875, "mean": 24.2229804993}, "barkbands_kurtosis": {"dmean2": 6.54154205322, "median": 2.29631948471, "min": -1.93532907963, "dvar2": 147.201797485, "dvar": 62.0301818848, "dmean": 4.13190937042, "max": 207.562667847, "var": 132.639846802, "mean": 5.78654623032}, "gfcc": {"mean": [0.0562767796218, 90.6850204468, -104.1639328, 40.0794029236, -40.6465950012, 24.0737247467, -36.6370925903, 15.0738554001, -25.4424552917, 7.70796537399, -14.3341646194, 2.81276249886, -11.445066452], "icov": [[0.000284104986349, -0.000631795264781, 0.00061533425469, -0.000627095694654, 0.000489054480568, -0.000826113740914, 0.000910086149815, -0.00112928485032, 0.001256691874, -0.00116344168782, 0.00129594001919, -0.00104194122832, 0.000770074489992], [-0.000631795264781, 0.00300398725085, -0.000785918091424, 0.00141190632712, -0.00119161373004, 0.00182015728205, -0.00212027598172, 0.00252100988291, -0.00270145083778, 0.00334843364544, -0.00479337899014, 0.00345699978061, -0.00228634104133], [0.00061533425469, -0.000785918091424, 0.0030308405403, -0.0014058467932, 0.000708385603502, -0.00144129910041, 0.00154224329162, -0.0019387837965, 0.0022482057102, -0.00263676792383, 0.00261496892199, -0.00245603779331, 0.00123751722276], [-0.000627095694654, 0.00141190632712, -0.0014058467932, 0.00454909726977, -0.0013290445786, 0.00141625851393, -0.000662559061311, 0.00219363276847, -0.00347014470026, 0.002849990502, -0.00266301701777, 0.0033660735935, -0.00274414825253], [0.000489054480568, -0.00119161373004, 0.000708385603502, -0.0013290445786, 0.00433229608461, -0.00161646946799, 0.00147937959991, -0.0022893359419, 0.00143062369898, -0.00175569241401, 0.000908576010261, -0.000844827154651, 0.000754942535423], [-0.000826113740914, 0.00182015728205, -0.00144129910041, 0.00141625851393, -0.00161646946799, 0.00904438272119, -0.004429734312, 0.00363267865032, -0.00225971266627, 0.00204967102036, -0.00366766261868, 0.00249545346014, -0.00170529086608], [0.000910086149815, -0.00212027598172, 0.00154224329162, -0.000662559061311, 0.00147937959991, -0.004429734312, 0.0094032632187, -0.0040687751025, 0.0037606258411, -0.00262057920918, 0.00191892753355, -0.00140833260957, 0.00163294142112], [-0.00112928485032, 0.00252100988291, -0.0019387837965, 0.00219363276847, -0.0022893359419, 0.00363267865032, -0.0040687751025, 0.0147941019386, -0.00804960168898, 0.00329161412083, -0.00271212286316, 0.00290794693865, -0.00153775792569], [0.001256691874, -0.00270145083778, 0.0022482057102, -0.00347014470026, 0.00143062369898, -0.00225971266627, 0.0037606258411, -0.00804960168898, 0.0170494411141, -0.00600786413997, 0.00325496005826, -0.000547833449673, 0.000108913664008], [-0.00116344168782, 0.00334843364544, -0.00263676792383, 0.002849990502, -0.00175569241401, 0.00204967102036, -0.00262057920918, 0.00329161412083, -0.00600786413997, 0.0194599032402, -0.00880147889256, 0.00379896978848, -0.000938183336984], [0.00129594001919, -0.00479337899014, 0.00261496892199, -0.00266301701777, 0.000908576010261, -0.00366766261868, 0.00191892753355, -0.00271212286316, 0.00325496005826, -0.00880147889256, 0.0217612721026, -0.00912379287183, 0.00370324635878], [-0.00104194122832, 0.00345699978061, -0.00245603779331, 0.0033660735935, -0.000844827154651, 0.00249545346014, -0.00140833260957, 0.00290794693865, -0.000547833449673, 0.00379896978848, -0.00912379287183, 0.0209987275302, -0.0107969287783], [0.000770074489992, -0.00228634104133, 0.00123751722276, -0.00274414825253, 0.000754942535423, -0.00170529086608, 0.00163294142112, -0.00153775792569, 0.000108913664008, -0.000938183336984, 0.00370324635878, -0.0107969287783, 0.0203004274517]], "cov": [[30675.7558594, 1375.52124023, -2756.98046875, 763.899414062, -1079.57275391, 573.843444824, -970.694580078, 438.640411377, -748.350219727, 254.970947266, -474.670562744, 161.770065308, -349.31729126], [1375.52124023, 909.697814941, -270.048828125, -7.85426282883, 61.9912109375, 17.4851322174, 60.066368103, -14.0192499161, 21.1664810181, -31.5113868713, 105.61730957, -46.4019432068, 13.4303894043], [-2756.98046875, -270.048828125, 741.300170898, 8.84956073761, 72.4993972778, -34.3035049438, 32.1210289001, -20.8088588715, 40.2474708557, 10.4798088074, 4.72573423386, 22.5496845245, 31.8369464874], [763.899414062, -7.85426282883, 8.84956073761, 372.865814209, 37.2506866455, -8.80431842804, -72.3667373657, 18.2026081085, 37.7645874023, -5.91815567017, -16.7486839294, -21.1534156799, 16.4047584534], [-1079.57275391, 61.9912109375, 72.4993972778, 37.2506866455, 333.82699585, 1.13623285294, 27.5128803253, 10.1429653168, 49.651676178, -0.746066153049, 39.8277435303, -20.3675384521, 16.3872451782], [573.843444824, 17.4851322174, -34.3035049438, -8.80431842804, 1.13623285294, 172.745452881, 44.4243354797, -8.6776266098, -24.9818992615, 12.2679071426, 8.24865055084, 3.49500846863, -7.6046872139], [-970.694580078, 60.066368103, 32.1210289001, -72.3667373657, 27.5128803253, 44.4243354797, 202.834518433, -3.99739646912, 9.78975296021, -5.33858108521, 36.2128753662, -13.8799180984, 3.64944720268], [438.640411377, -14.0192499161, -20.8088588715, 18.2026081085, 10.1429653168, -8.6776266098, -3.99739646912, 112.721435547, 29.7372226715, 9.03309631348, -14.2575216293, -6.55669975281, -7.36355161667], [-748.350219727, 21.1664810181, 40.2474708557, 37.7645874023, 49.651676178, -24.9818992615, 9.78975296021, 29.7372226715, 121.768356323, 5.62737178802, 17.4445381165, -22.9150485992, 15.1802024841], [254.970947266, -31.5113868713, 10.4798088074, -5.91815567017, -0.746066153049, 12.2679071426, -5.33858108521, 9.03309631348, 5.62737178802, 77.2251739502, 13.2784395218, 4.14969062805, -9.16437339783], [-474.670562744, 105.61730957, 4.72573423386, -16.7486839294, 39.8277435303, 8.24865055084, 36.2128753662, -14.2575216293, 17.4445381165, 13.2784395218, 95.9281234741, 13.6658639908, 12.8569688797], [161.770065308, -46.4019432068, 22.5496845245, -21.1534156799, -20.3675384521, 3.49500846863, -13.8799180984, -6.55669975281, -22.9150485992, 4.14969062805, 13.6658639908, 88.595199585, 31.015914917], [-349.31729126, 13.4303894043, 31.8369464874, 16.4047584534, 16.3872451782, -7.6046872139, 3.64944720268, -7.36355161667, 15.1802024841, -9.16437339783, 12.8569688797, 31.015914917, 75.8464660645]]}, "spectral_energyband_middle_low": {"dmean2": 0.0102559681982, "median": 0.00705584138632, "min": 1.38832034607e-22, "dvar2": 0.000281372718746, "dvar": 0.000110424523882, "dmean": 0.00637206528336, "max": 0.100050218403, "var": 0.000122252982692, "mean": 0.0103397928178}, "melbands_crest": {"dmean2": 5.33479261398, "median": 17.0625705719, "min": 1.53278028965, "dvar2": 22.5794391632, "dvar": 9.01001358032, "dmean": 3.26285862923, "max": 31.096288681, "var": 29.8383083344, "mean": 16.7322731018}, "spectral_kurtosis": {"dmean2": 1.95038700104, "median": 4.25307273865, "min": -1.25923788548, "dvar2": 3.64283061028, "dvar": 1.45520758629, "dmean": 1.22296345234, "max": 21.143239975, "var": 5.13774776459, "mean": 4.3677573204}, "spectral_rms": {"dmean2": 0.001680440153, "median": 0.00593676418066, "min": 3.09620428254e-12, "dvar2": 3.62024184142e-06, "dvar": 1.47881121393e-06, "dmean": 0.00107052817475, "max": 0.0121555300429, "var": 4.06029403166e-06, "mean": 0.00579058099538}, "zerocrossingrate": {"dmean2": 0.0132189271972, "median": 0.046875, "min": 0.00341796875, "dvar2": 0.000285045127384, "dvar": 0.000226832373301, "dmean": 0.0113135641441, "max": 0.5283203125, "var": 0.00489930389449, "mean": 0.0601533986628}, "silence_rate_60dB": {"dmean2": 0.0256988275796, "median": 0, "min": 0, "dvar2": 0.0304464753717, "dvar": 0.0126850586385, "dmean": 0.0128479655832, "max": 1, "var": 0.0430420413613, "mean": 0.0450755022466}, "erbbands_kurtosis": {"dmean2": 1.73610150814, "median": 0.0548849105835, "min": -1.69994866848, "dvar2": 5.40212678909, "dvar": 2.33796024323, "dmean": 1.1026288271, "max": 31.9688720703, "var": 5.27242851257, "mean": 0.724549770355}, "erbbands": {"dmean2": [0.273902565241, 2.97407627106, 6.84646558762, 7.38251686096, 14.0802335739, 17.0394382477, 17.5957927704, 18.9416885376, 21.2171592712, 25.9140720367, 22.3320808411, 26.3212413788, 27.2218532562, 25.1213111877, 38.5495643616, 43.0908355713, 36.9700737, 52.9866256714, 32.9760017395, 36.3882980347, 37.5226631165, 27.2897796631, 23.3836574554, 18.5617465973, 12.3483181, 10.5973310471, 9.2810125351, 7.57887601852, 6.33873224258, 4.54413890839, 2.56549024582, 1.92515099049, 2.23855519295, 2.15761876106, 1.03516411781, 0.35613694787, 0.0765610709786, 0.0102929584682, 0.000339781399816, 3.3042699215e-05], "median": [0.184999495745, 2.64187192917, 7.34547948837, 4.71445083618, 3.66359329224, 4.10691642761, 6.95456123352, 7.23309993744, 7.43151569366, 5.23446083069, 5.78648900986, 6.87772655487, 8.09617233276, 8.99025726318, 11.9048080444, 15.0619449615, 13.5434951782, 16.5753479004, 15.7865810394, 13.470533371, 15.6693153381, 15.1914186478, 12.7748470306, 12.035987854, 8.30439662933, 6.19401550293, 4.04532623291, 2.76638841629, 1.69474470615, 1.47461020947, 1.06820178032, 0.765057742596, 0.609251141548, 0.456902295351, 0.266066968441, 0.0983774214983, 0.0223934650421, 0.00272746174596, 8.84972178028e-05, 4.76921450172e-05], "min": [6.70671681808e-23, 3.0085817017e-22, 2.1108942413e-21, 4.37729399489e-21, 1.07204287597e-20, 1.56599604058e-20, 4.40937446627e-20, 6.2892332043e-20, 1.08288566284e-19, 1.7929508131e-19, 2.55250928133e-19, 2.0309575587e-19, 5.63443018131e-19, 9.26170867421e-19, 9.27771875496e-19, 1.13009529024e-18, 1.37502894969e-18, 1.12245482972e-18, 2.03272252948e-18, 2.57118029871e-18, 3.67951195005e-18, 4.62190972295e-18, 5.71493791257e-18, 4.70185342043e-18, 7.4554061579e-18, 8.5944801835e-18, 8.80432432438e-18, 8.39594525596e-18, 1.0673735138e-17, 1.0503043937e-17, 1.07155019686e-17, 1.04454093007e-17, 9.7165391039e-18, 8.03309338128e-18, 6.6188668239e-18, 3.95665467839e-18, 2.13346072038e-18, 8.93248045066e-19, 2.43713051057e-19, 2.74026551557e-20], "dvar2": [0.19669508934, 22.4548568726, 108.452644348, 126.444587708, 918.141601562, 1322.56933594, 686.790100098, 1049.04382324, 1722.75219727, 4045.21020508, 2815.84472656, 3428.09619141, 3956.18847656, 2884.29467773, 6046.49951172, 6827.55322266, 5945.46386719, 15061.9824219, 5503.01025391, 5582.40380859, 6612.85205078, 2720.03393555, 2657.05078125, 984.894287109, 511.382202148, 340.907531738, 727.116394043, 582.423095703, 587.363525391, 206.371582031, 84.8443145752, 33.2703285217, 102.013900757, 119.611984253, 14.3796787262, 1.4295361042, 0.0474681630731, 0.000756196910515, 8.40617644826e-07, 2.26245822077e-09], "dvar": [0.0763760879636, 7.75104761124, 38.1863441467, 45.1403160095, 338.488586426, 492.907745361, 277.868286133, 427.007659912, 696.411499023, 1506.06213379, 1152.65942383, 1466.77307129, 1883.5177002, 1358.87023926, 2781.52001953, 3127.49511719, 2723.79248047, 6187.53759766, 2253.85327148, 2463.91479492, 2617.28979492, 1096.50585938, 1054.30895996, 412.047058105, 218.440246582, 152.533065796, 314.267059326, 285.14944458, 270.899780273, 102.445503235, 37.6506881714, 16.0715484619, 49.6881484985, 55.0421028137, 6.46386575699, 0.732215940952, 0.0263176746666, 0.000380720710382, 3.6590114405e-07, 1.00868169373e-09], "dmean": [0.165583059192, 1.70469880104, 3.93483090401, 4.25486564636, 8.10858535767, 10.0312290192, 10.7725076675, 11.4994440079, 12.9845838547, 15.1077127457, 13.7223749161, 16.557559967, 18.4605140686, 16.3624801636, 24.9235897064, 28.3795433044, 24.634557724, 33.7726211548, 21.1290206909, 23.4295291901, 23.6154308319, 17.4533004761, 14.7824440002, 11.831454277, 8.02751064301, 6.67364788055, 5.99916028976, 5.02279567719, 4.25867414474, 3.1167447567, 1.76393818855, 1.3306953907, 1.54774427414, 1.46069407463, 0.723861813545, 0.266711175442, 0.0577093847096, 0.00776956649497, 0.000236072446569, 2.23378374358e-05], "max": [2.59184932709, 30.4669933319, 76.2245025635, 108.743812561, 198.816329956, 272.146087646, 204.274108887, 327.617706299, 880.259399414, 1123.40112305, 885.833129883, 793.040283203, 1148.97973633, 887.206237793, 1621.61364746, 1460.03869629, 1412.71374512, 1984.54101562, 1677.22961426, 1110.43786621, 1162.46704102, 784.060668945, 790.626647949, 716.357849121, 470.151824951, 350.414855957, 727.436889648, 410.509124756, 382.544250488, 214.937088013, 167.300567627, 88.3192367554, 236.549942017, 233.923294067, 73.9664230347, 36.7638702393, 5.75576734543, 0.699313640594, 0.0171683076769, 0.00063244998455], "var": [0.0867794156075, 9.0062494278, 60.8290023804, 47.7013435364, 252.078521729, 389.675018311, 343.66494751, 573.684387207, 938.04083252, 1269.14929199, 1662.12805176, 3175.64672852, 4413.30712891, 2341.59008789, 11968.2714844, 9200.02929688, 7278.74169922, 10695.8417969, 3217.1171875, 4640.24121094, 5289.61376953, 2077.05541992, 1927.18005371, 851.454833984, 452.314361572, 350.060272217, 632.067077637, 581.89630127, 477.247802734, 193.678787231, 50.3588104248, 26.4257125854, 72.5315704346, 74.9192047119, 8.73009490967, 1.30932700634, 0.0578941367567, 0.000718663155567, 5.10484255756e-07, 1.89416127228e-09], "mean": [0.259828239679, 3.30856728554, 9.01728153229, 6.57627010345, 8.13625717163, 10.3121576309, 13.5549793243, 15.3557109833, 16.8703269958, 15.7794570923, 19.6403617859, 25.9801177979, 29.3174648285, 24.1087665558, 44.5836181641, 52.1998023987, 40.4029884338, 50.9665565491, 32.4963531494, 36.4339179993, 38.6177902222, 29.5649013519, 25.4629306793, 20.7903499603, 14.4493541718, 11.124838829, 9.46467494965, 7.7277970314, 6.33609962463, 5.02357721329, 2.79682731628, 2.11883568764, 2.14080548286, 1.89774644375, 0.949369311333, 0.354905933142, 0.0798907354474, 0.0103275552392, 0.000298681639833, 5.62160639674e-05]}, "spectral_strongpeak": {"dmean2": 0.670123696327, "median": 0.458760023117, "min": 0, "dvar2": 2.03167510033, "dvar": 0.773129224777, "dmean": 0.377182036638, "max": 12.9515895844, "var": 0.892478644848, "mean": 0.654876351357}, "spectral_energy": {"dmean2": 0.0228749979287, "median": 0.0361262969673, "min": 9.82614312e-21, "dvar2": 0.000841059547383, "dvar": 0.000324789463775, "dmean": 0.0141079975292, "max": 0.151450842619, "var": 0.000516458007041, "mean": 0.0385310016572}, "average_loudness": 0.942762732506, "spectral_rolloff": {"dmean2": 808.473449707, "median": 1012.06054688, "min": 86.1328125, "dvar2": 2103112.25, "dvar": 993618.125, "dmean": 483.746032715, "max": 19810.546875, "var": 7694820.5, "mean": 1519.17895508}, "spectral_centroid": {"dmean2": 446.935852051, "median": 1302.54077148, "min": 189.209823608, "dvar2": 224727.0625, "dvar": 110289.40625, "dmean": 292.647674561, "max": 12204.7207031, "var": 2132350.75, "mean": 1539.59875488}, "pitch_salience": {"dmean2": 0.133729293942, "median": 0.466030806303, "min": 0.1300021559, "dvar2": 0.0140390675515, "dvar": 0.00579819688573, "dmean": 0.0827240124345, "max": 0.864312469959, "var": 0.0163937062025, "mean": 0.478042185307}, "spectral_energyband_middle_high": {"dmean2": 0.00425840262324, "median": 0.00486046262085, "min": 1.2062402682e-21, "dvar2": 3.51605376636e-05, "dvar": 1.57973245223e-05, "dmean": 0.00291663152166, "max": 0.0656002983451, "var": 5.43466630916e-05, "mean": 0.00724279554561}, "spectral_contrast_coeffs": {"dmean2": [0.0878195539117, 0.0851025506854, 0.0653476789594, 0.0570673793554, 0.0400244444609, 0.0336447320879], "median": [-0.664577901363, -0.743766248226, -0.780256152153, -0.762036681175, -0.78712362051, -0.783608019352], "min": [-0.97895783186, -0.974299311638, -0.981475949287, -0.974118351936, -0.968320965767, -0.965172350407], "dvar2": [0.00545916799456, 0.00459976727143, 0.00278346263804, 0.00213281065226, 0.00110672798473, 0.000860736239702], "dvar": [0.0019819571171, 0.00176497548819, 0.00116206600796, 0.000893727061339, 0.000452837732155, 0.000368835171685], "dmean": [0.0522585138679, 0.0520127341151, 0.0407369956374, 0.0364715270698, 0.0252629518509, 0.0217164754868], "max": [-0.300168007612, -0.419262766838, -0.469592869282, -0.514681518078, -0.601709008217, -0.615172684193], "var": [0.00614689895883, 0.00559101626277, 0.00560937030241, 0.00424269912764, 0.00251574581489, 0.00178402871825], "mean": [-0.664683103561, -0.740443348885, -0.771457910538, -0.759429991245, -0.785979092121, -0.785869717598]}, "melbands_skewness": {"dmean2": 1.52894580364, "median": 2.94944143295, "min": -1.12485086918, "dvar2": 2.57093977928, "dvar": 1.12872195244, "dmean": 0.979482591152, "max": 13.7562608719, "var": 4.08131170273, "mean": 3.31210184097}, "spectral_spread": {"dmean2": 997496.9375, "median": 4618292, "min": 1853581.5, "dvar2": 1606585417730.0, "dvar": 830220795904, "dmean": 687176.3125, "max": 42653600, "var": 26265690046500.0, "mean": 5529094.5}, "dissonance": {"dmean2": 0.0288659371436, "median": 0.477149128914, "min": 0.311471223831, "dvar2": 0.000820641987957, "dvar": 0.000302008003928, "dmean": 0.017106410116, "max": 0.500000059605, "var": 0.000537093786988, "mean": 0.470760285854}, "spectral_skewness": {"dmean2": 0.311069816351, "median": 1.61421740055, "min": -0.10880330205, "dvar2": 0.0761342048645, "dvar": 0.0355393327773, "dmean": 0.20407371223, "max": 3.46915531158, "var": 0.195551723242, "mean": 1.58873307705}, "spectral_flux": {"dmean2": 0.0509641505778, "median": 0.0870132520795, "min": 6.33078311996e-11, "dvar2": 0.002966679167, "dvar": 0.00144338328391, "dmean": 0.0333320423961, "max": 0.326004564762, "var": 0.00299603119493, "mean": 0.0974267497659}, "spectral_contrast_valleys": {"dmean2": [0.706826210022, 0.746820569038, 0.654615521431, 0.58308172226, 0.489700853825, 0.402401030064], "median": [-6.61998939514, -6.6913895607, -7.23338747025, -7.45339202881, -7.31452655792, -9.7713432312], "min": [-28.25390625, -28.3290157318, -27.9916648865, -27.7641658783, -27.6262874603, -27.4133796692], "dvar2": [0.362153708935, 0.442399024963, 0.353039234877, 0.304118901491, 0.247506693006, 0.175883635879], "dvar": [0.161692872643, 0.200984150171, 0.17035754025, 0.158042356372, 0.141772925854, 0.117444202304], "dmean": [0.436243653297, 0.467726171017, 0.422539442778, 0.401164621115, 0.361149430275, 0.334702253342], "max": [-5.01330423355, -4.08924150467, -4.90524864197, -5.48203897476, -5.35968542099, -7.15881347656], "var": [8.60024929047, 8.73147583008, 8.26260566711, 8.1233625412, 8.18400096893, 6.52789449692], "mean": [-7.12339830399, -7.09606218338, -7.62409210205, -7.89724826813, -7.77451515198, -10.1551761627]}, "erbbands_flatness_db": {"dmean2": 0.0255201905966, "median": 0.132213801146, "min": 0.049725972116, "dvar2": 0.00050091400044, "dvar": 0.000255954480963, "dmean": 0.0183345768601, "max": 0.344681203365, "var": 0.00124007917475, "mean": 0.136318922043}, "spectral_energyband_high": {"dmean2": 0.000717463437468, "median": 0.000411654764321, "min": 6.90989606002e-21, "dvar2": 3.96706900574e-06, "dvar": 2.18441914512e-06, "dmean": 0.000529103563167, "max": 0.0289868544787, "var": 5.09111850988e-06, "mean": 0.000942280923482}, "spectral_entropy": {"dmean2": 0.233712643385, "median": 7.69233703613, "min": 6.16336250305, "dvar2": 0.0484039820731, "dvar": 0.0269196815789, "dmean": 0.167091116309, "max": 9.82367992401, "var": 0.206393972039, "mean": 7.69102048874}, "silence_rate_20dB": {"dmean2": 0, "median": 1, "min": 1, "dvar2": 0, "dvar": 0, "dmean": 0, "max": 1, "var": 0, "mean": 1}, "melbands_flatness_db": {"dmean2": 0.0452976636589, "median": 0.209889620543, "min": 0.00256221625023, "dvar2": 0.0017635980621, "dvar": 0.000863231311087, "dmean": 0.030585443601, "max": 0.473460793495, "var": 0.00492137856781, "mean": 0.214718699455}, "barkbands": {"dmean2": [0.00022760554566, 0.0117184389383, 0.00580648519099, 0.00258621317334, 0.00504448963329, 0.00241010868922, 0.00170999940019, 0.000946152955294, 0.00112306198571, 0.000904620625079, 0.000840891443659, 0.00107460236177, 0.000766834826209, 0.00102905742824, 0.000734989822377, 0.000635602977127, 0.000568678486161, 0.000399879150791, 0.000310065050144, 0.000231305501075, 0.000204378200579, 0.000174807719304, 9.40980244195e-05, 0.000109857341158, 0.00016945292009, 5.37969099241e-05, 2.88545561489e-06], "median": [7.31574109523e-05, 0.0104772821069, 0.00447057047859, 0.000936153752264, 0.00131629547104, 0.00101622240618, 0.000410883425502, 0.000211196485907, 0.000272345874691, 0.000254701415543, 0.000193880667211, 0.000300366285956, 0.0002158201969, 0.000299335748423, 0.000286856666207, 0.000207743491046, 0.000283702538582, 0.000202795752557, 0.000205212723813, 0.000128264218802, 8.38574851514e-05, 4.59252187284e-05, 3.95203751395e-05, 3.67265129171e-05, 4.04394231737e-05, 1.54328026838e-05, 3.98106038801e-07], "min": [3.46544672815e-25, 1.4844687879e-24, 1.29643146519e-24, 1.08652563628e-24, 7.25684585196e-24, 5.56659382225e-24, 6.95650993926e-24, 4.40157603286e-24, 8.40279411226e-24, 1.14325800796e-23, 1.67222024714e-23, 2.07073557929e-23, 1.61457171214e-23, 1.78768045358e-23, 3.27211741094e-23, 4.24949493104e-23, 6.81329192638e-23, 8.98664978974e-23, 1.22550248445e-22, 1.75649107065e-22, 2.42492939257e-22, 3.17761502994e-22, 3.96573377482e-22, 5.71733466516e-22, 8.92944601451e-22, 1.21801315262e-21, 1.9001075782e-21], "dvar2": [1.43856581758e-07, 0.000345480337273, 7.72974744905e-05, 1.622068703e-05, 0.00011900303798, 1.2950911696e-05, 1.42938415593e-05, 5.04649142385e-06, 5.54040252609e-06, 3.36514813171e-06, 2.94220581054e-06, 4.17774435846e-06, 2.6464038001e-06, 5.50319555259e-06, 2.49461504609e-06, 1.89203979062e-06, 1.13296505333e-06, 7.33853937618e-07, 2.4818507427e-07, 1.74142570586e-07, 3.66664551166e-07, 3.91198881289e-07, 9.53979011342e-08, 1.80010147233e-07, 5.85104601214e-07, 2.84404482187e-08, 5.25205