{"tonal": {"thpcp": [1, 0.499143004417, 0.243870705366, 0.201651960611, 0.163357853889, 0.159261807799, 0.158914536238, 0.168227776885, 0.28528803587, 0.318798393011, 0.207460179925, 0.17937259376, 0.190759465098, 0.21441270411, 0.374945998192, 0.394767969847, 0.192996993661, 0.0807836055756, 0.0694021135569, 0.226760312915, 0.547410845757, 0.509192287922, 0.203509166837, 0.100680470467, 0.0933349132538, 0.0983200073242, 0.100143671036, 0.0967984944582, 0.139197990298, 0.252231389284, 0.282633066177, 0.237394466996, 0.267835855484, 0.286778926849, 0.382836431265, 0.879323482513], "hpcp": {"dmean2": [0.327745378017, 0.33714979887, 0.365791916847, 0.48557382822, 0.503553926945, 0.380972236395, 0.330201864243, 0.275376528502, 0.207190081477, 0.196569308639, 0.19376643002, 0.189769998193, 0.22146011889, 0.230362057686, 0.182143315673, 0.212423935533, 0.23567275703, 0.226563051343, 0.267921924591, 0.270407259464, 0.190692767501, 0.108094707131, 0.087445795536, 0.26597109437, 0.484786748886, 0.374413758516, 0.173588976264, 0.114226214588, 0.107738234103, 0.10892355442, 0.113959088922, 0.119514226913, 0.155687317252, 0.221858605742, 0.253714501858, 0.264954805374], "median": [0.0102498177439, 0.0109381917864, 0.0437202267349, 0.240062117577, 0.273190945387, 0.102881133556, 0.0104497605935, 0.0066828513518, 0.00604215217754, 0.00887563079596, 0.0103953126818, 0.0136530492455, 0.0185208134353, 0.0178937241435, 0.0159606542438, 0.0135532263666, 0.0135605586693, 0.019521234557, 0.0366928614676, 0.0323584377766, 0.0131258638576, 0.00295184948482, 0.00253920140676, 0.0164616983384, 0.0603376552463, 0.0652423277497, 0.0225780848414, 0.00486426055431, 0.00449565658346, 0.0046989931725, 0.00618280144408, 0.0067162043415, 0.0108516868204, 0.0171464439481, 0.0164441447705, 0.015254098922], "min": [0, 0, 0, 0, 0, 0, 0, 0, 0, 0, 0, 0, 0, 0, 0, 0, 0, 0, 0, 0, 0, 0, 0, 0, 0, 0, 0, 0, 0, 0, 0, 0, 0, 0, 0, 0], "dvar2": [0.20434333384, 0.200711637735, 0.190293967724, 0.199595928192, 0.219785615802, 0.178401485085, 0.234207540751, 0.206195935607, 0.147751957178, 0.144699499011, 0.135158628225, 0.122703678906, 0.117667935789, 0.1212477386, 0.0835388377309, 0.116318561137, 0.133686229587, 0.109912358224, 0.129445657134, 0.144940018654, 0.120518647134, 0.0663281828165, 0.0492015220225, 0.121973283589, 0.311712801456, 0.1569634974, 0.085661098361, 0.0644996985793, 0.0641865581274, 0.0619318820536, 0.0648712813854, 0.0704643800855, 0.082180634141, 0.114724397659, 0.142507448792, 0.155326604843], "dvar": [0.0783783942461, 0.0778697729111, 0.0715051516891, 0.080647431314, 0.0925155133009, 0.0627113357186, 0.0842328593135, 0.0740640237927, 0.0536326989532, 0.0507379956543, 0.0469225086272, 0.0434117689729, 0.0451992750168, 0.0484568476677, 0.031042162329, 0.0405856147408, 0.0461705289781, 0.0399652570486, 0.0524479560554, 0.059287764132, 0.0429901368916, 0.0230055302382, 0.0172149930149, 0.0425903312862, 0.1115764305, 0.0619113966823, 0.0307014770806, 0.0223601125181, 0.0223471596837, 0.0227285232395, 0.0231802277267, 0.0242921151221, 0.0291363950819, 0.0443502105772, 0.0546332597733, 0.0570841133595], "dmean": [0.174249619246, 0.180853933096, 0.201866820455, 0.281289339066, 0.288592606783, 0.212891772389, 0.171745300293, 0.14352838695, 0.109873428941, 0.103995092213, 0.102116785944, 0.101277828217, 0.125709354877, 0.132479354739, 0.101588711143, 0.11250487715, 0.123616456985, 0.12224946171, 0.156170159578, 0.156057551503, 0.104221142828, 0.0565278679132, 0.046311981976, 0.14116512239, 0.267304420471, 0.211641073227, 0.0963338762522, 0.0606377497315, 0.0577423013747, 0.059264678508, 0.0613620691001, 0.0630572065711, 0.0836270004511, 0.124370396137, 0.141461014748, 0.142645061016], "max": [1, 1, 1, 1, 1, 1, 1, 1, 1, 1, 1, 1, 1, 1, 1, 1, 1, 1, 1, 1, 1, 1, 1, 1, 1, 1, 1, 1, 1, 1, 1, 1, 1, 1, 1, 1], "var": [0.0567397922277, 0.0594952441752, 0.061849527061, 0.124713338912, 0.153787106276, 0.0619501881301, 0.0536110848188, 0.0460814237595, 0.034582067281, 0.0320154875517, 0.0296390745789, 0.0279194153845, 0.0507070161402, 0.0638541057706, 0.0285227373242, 0.0282471757382, 0.0312151573598, 0.0312840938568, 0.0644442811608, 0.0757750049233, 0.0314559042454, 0.0133629115298, 0.0104230260476, 0.0307586248964, 0.104390047491, 0.0825682133436, 0.0259737279266, 0.0155785204843, 0.0154044423252, 0.016443727538, 0.0158352721483, 0.0146568063647, 0.019313139841, 0.0426616743207, 0.0520081557333, 0.0406355410814], "mean": [0.112182982266, 0.120117284358, 0.160350948572, 0.368304431438, 0.418849766254, 0.209065929055, 0.102145187557, 0.0844618752599, 0.0684223994613, 0.0667067691684, 0.066561318934, 0.070462167263, 0.119492821395, 0.133528634906, 0.086894646287, 0.0751301720738, 0.0798995569348, 0.0898067131639, 0.157046049833, 0.165348470211, 0.0808367431164, 0.0338361933827, 0.0290690585971, 0.0949785038829, 0.229282900691, 0.213275060058, 0.0852397680283, 0.0421699918807, 0.0390933081508, 0.0411813110113, 0.0419451519847, 0.0405440256, 0.0583030432463, 0.105647057295, 0.118380792439, 0.0994326174259]}, "tuning_equal_tempered_deviation": 0.192350938916, "chords_changes_rate": 0.077134989202, "key_key": "D#", "tuning_diatonic_strength": 0.575913369656, "key_scale": "minor", "chords_number_rate": 0.0011343380902, "tuning_frequency": 434.193115234, "tuning_nontempered_energy_ratio": 0.925101220608, "chords_histogram": [2.13903737068, 0.16204829514, 52.5198516846, 4.1322312355, 0, 4.89385843277, 0, 11.1165122986, 0.259277254343, 20.9528446198, 0.388915896416, 0, 0, 0, 0.0648193135858, 0.453735202551, 0.599578678608, 0, 0.0324096567929, 0.340301424265, 0, 0, 1.68530225754, 0.259277254343], "key_strength": 0.699011206627, "chords_key": "A#", "chords_strength": {"dmean2": 0.0140471262857, "median": 0.517964243889, "min": -1, "dvar2": 0.000715824891813, "dvar": 0.000395069568185, "dmean": 0.0121307177469, "max": 0.815998315811, "var": 0.018042685464, "mean": 0.509471297264}, "chords_scale": "minor", "hpcp_entropy": {"dmean2": 1.383056283, "median": 2.19211888313, "min": 0, "dvar2": 1.13224244118, "dvar": 0.437535852194, "dmean": 0.81684166193, "max": 4.71407747269, "var": 0.815383970737, "mean": 2.23326158524}}, "metadata": {"audio_properties": {"equal_loudness": 0, "codec": "flac", "downmix": "mix", "sample_rate": 44100, "analysis_sample_rate": 44100, "bit_rate": 0, "md5_encoded": "aff8082a1b0be2987c3e5b2b3a7940e1", "length": 286.493347168, "replay_gain": -15.5721063614, "lossless": true}, "version": {"essentia_build_sha": "2d9f1f26377add8aeb1075a9c2973f962c4f09fd", "essentia": "2.1-beta2", "extractor": "music 1.0", "essentia_git_sha": "v2.1_beta2-1-ge3940c0"}, "tags": {"title": ["Tsekeleke"], "artist": ["Nozinja"], "date": ["2015-06-01"], "file_name": "05 - Tsekeleke.flac", "album": ["Nozinja Lodge"], "tracknumber": ["5"], "musicbrainz_recordingid": ["0f7ae4db-556a-4624-bb5c-56ffbdcc5669"], "totaltracks": ["10"]}}, "rhythm": {"bpm_histogram_first_peak_bpm": {"dmean2": 0, "median": 94, "min": 94, "dvar2": 0, "dvar": 0, "dmean": 0, "max": 94, "var": 0, "mean": 94}, "bpm": 94.0238494873, "bpm_histogram_second_peak_spread": {"dmean2": 0, "median": 0.571428596973, "min": 0.571428596973, "dvar2": 0, "dvar": 0, "dmean": 0, "max": 0.571428596973, "var": 0, "mean": 0.571428596973}, "bpm_histogram_first_peak_weight": {"dmean2": 0, "median": 0.56278026104, "min": 0.56278026104, "dvar2": 0, "dvar": 0, "dmean": 0, "max": 0.56278026104, "var": 0, "mean": 0.56278026104}, "onset_rate": 5.82176542282, "beats_position": [0.626938760281, 1.24226760864, 1.8575963974, 2.46131515503, 3.06503391266, 3.69197273254, 4.33052158356, 4.96907043457, 5.60761880875, 6.24616765976, 6.87310647964, 7.51165533066, 8.15020370483, 8.78875255585, 9.42730140686, 10.077460289, 10.71600914, 11.354557991, 11.9931058884, 12.6316547394, 13.2702035904, 13.9087524414, 14.5473012924, 15.1858501434, 15.8127889633, 16.4513378143, 17.0898857117, 17.7284355164, 18.3669834137, 19.0055332184, 19.6440811157, 20.2826309204, 20.9211788177, 21.5597267151, 22.1982765198, 22.8368244171, 23.4753742218, 24.1139221191, 24.7524719238, 25.37940979, 26.0295696259, 26.6681175232, 27.3066654205, 27.9452152252, 28.5837631226, 29.2223129272, 29.8608608246, 30.4878005981, 31.1263484955, 31.7648983002, 32.4150543213, 33.0419960022, 33.6689338684, 34.3190917969, 34.9692497253, 35.5961914063, 36.2463493347, 36.8732872009, 37.5118370056, 38.1503829956, 38.7889328003, 39.427482605, 40.0776405334, 40.7045783997, 41.3431282043, 41.981678009, 42.6318359375, 43.2587738037, 43.8973236084, 44.5358734131, 45.1860313416, 45.8129692078, 46.4515190125, 47.0900688171, 47.7402267456, 48.3671646118, 49.0057144165, 49.6442604065, 50.2828102112, 50.9213600159, 51.5599098206, 52.1984558105, 52.8486175537, 53.4755554199, 54.1141014099, 54.7526512146, 55.4028091431, 56.029750824, 56.6566886902, 57.2836265564, 57.9337844849, 58.5723342896, 59.2108840942, 59.8494338989, 60.4879798889, 61.1265296936, 61.7650794983, 62.4152374268, 63.0653953552, 63.6923332214, 64.3192749023, 64.9694290161, 65.6195907593, 66.2465286255, 66.8734664917, 67.5004043579, 68.1505661011, 68.7775039673, 69.4276657104, 70.0546035767, 70.7047576904, 71.3433074951, 71.9818572998, 72.6204071045, 73.2589569092, 73.8975067139, 74.5360565186, 75.1745986938, 75.8131484985, 76.4516983032, 77.0902481079, 77.7287979126, 78.3673477173, 79.005897522, 79.6444396973, 80.2713851929, 80.9215393066, 81.5600891113, 82.198638916, 82.8255767822, 83.4757385254, 84.1142807007, 84.7528305054, 85.3797683716, 86.0299301147, 86.656867981, 87.3070297241, 87.9339675903, 88.5841217041, 89.2226715088, 89.8612213135, 90.4881591797, 91.1383209229, 91.7652587891, 92.4038085938, 93.0423583984, 93.6925125122, 94.3194503784, 94.9580001831, 95.5965499878, 96.246711731, 96.8736495972, 97.5238113403, 98.1507492065, 98.7892990112, 99.4278411865, 100.066390991, 100.704940796, 101.343490601, 101.982040405, 102.62059021, 103.259140015, 103.909294128, 104.536231995, 105.174781799, 105.813331604, 106.463493347, 107.090431213, 107.728981018, 108.367523193, 109.017684937, 109.644622803, 110.294784546, 110.921722412, 111.560272217, 112.198822021, 112.837364197, 113.475914001, 114.126075745, 114.753013611, 115.391563416, 116.03011322, 116.680267334, 117.3072052, 117.945755005, 118.58430481, 119.222854614, 119.861404419, 120.499954224, 121.138504028, 121.765441895, 122.403991699, 123.042533875, 123.692695618, 124.342857361, 124.969795227, 125.608345032, 126.246894836, 126.885437012, 127.512374878, 128.150924683, 128.789474487, 129.428024292, 130.066574097, 130.705123901, 131.343673706, 131.982223511, 132.620773315, 133.25932312, 133.897872925, 134.536407471, 135.174957275, 135.81350708, 136.452056885, 137.090606689, 137.729156494, 138.367706299, 139.006256104, 139.644805908, 140.271743774, 140.921905518, 141.560455322, 142.199005127, 142.825942993, 143.464492798, 144.103042603, 144.753189087, 145.380126953, 146.018676758, 146.657226563, 147.307388306, 147.934326172, 148.572875977, 149.211425781, 149.861587524, 150.488525391, 151.127075195, 151.765625, 152.415786743, 153.042724609, 153.692871094, 154.31980896, 154.969970703, 155.596908569, 156.235458374, 156.874008179, 157.524169922, 158.151107788, 158.801269531, 159.428207397, 160.078369141, 160.705307007, 161.343856812, 161.982406616, 162.632553101, 163.259490967, 163.898040771, 164.536590576, 165.186752319, 165.813690186, 166.45223999, 167.090789795, 167.740951538, 168.367889404, 168.994827271, 169.644989014, 170.295150757, 170.922088623, 171.560638428, 172.199172974, 172.849334717, 173.476272583, 174.114822388, 174.753372192, 175.403533936, 176.030471802, 176.669021606, 177.307571411, 177.957733154, 178.584671021, 179.211608887, 179.86177063, 180.511917114, 181.138870239, 181.765808105, 182.40435791, 183.054504395, 183.693054199, 184.331604004, 184.970153809, 185.620315552, 186.247253418, 186.874191284, 187.512741089, 188.151290894, 188.789840698, 189.428390503, 190.066940308, 190.717086792, 191.355636597, 191.982574463, 192.621124268, 193.259674072, 193.898223877, 194.536773682, 195.175323486, 195.813873291, 196.452423096, 197.0909729, 197.729522705, 198.36807251, 198.995010376, 199.645172119, 200.283721924, 200.92225647, 201.560806274, 202.199356079, 202.826293945, 203.476455688, 204.115005493, 204.753555298, 205.380493164, 206.030654907, 206.669204712, 207.307754517, 207.946304321, 208.584854126, 209.211791992, 209.861953735, 210.500488281, 211.139038086, 211.777587891, 212.416137695, 213.043075562, 213.693237305, 214.331787109, 214.970336914, 215.59727478, 216.247436523, 216.885986328, 217.524536133, 218.151473999, 218.801635742, 219.428573608, 220.067123413, 220.705657959, 221.355819702, 221.982757568, 222.621307373, 223.259857178, 223.910018921, 224.536956787, 225.175506592, 225.814056396, 226.46421814, 227.091156006, 227.729705811, 228.368255615, 229.00680542, 229.645339966, 230.283889771, 230.922439575, 231.572601318, 232.199539185, 232.838088989, 233.476638794, 234.126800537, 234.753738403, 235.392288208, 236.030838013, 236.680999756, 237.307937622, 237.946487427, 238.585037231, 239.235183716, 239.862121582, 240.489059448, 241.127609253, 241.766159058, 242.404708862, 243.043258667, 243.681808472, 244.320358276, 244.958908081, 245.597457886, 246.23600769, 246.874557495, 247.5131073, 248.151657104, 248.790206909, 249.428741455, 250.06729126, 250.705841064, 251.344390869, 251.982940674, 252.621490479, 253.260040283, 253.898590088, 254.537139893, 255.175689697, 255.814239502, 256.452789307, 257.091339111, 257.729888916, 258.368438721, 259.006988525, 259.64553833, 260.272460938, 260.922637939, 261.549560547, 262.199737549, 262.838256836, 263.476806641, 264.103759766, 264.75390625, 265.392456055, 266.031005859, 266.657958984, 267.308105469, 267.935058594, 268.585205078, 269.212158203, 269.862304688, 270.489257813, 271.139404297, 271.766357422, 272.416503906, 273.043426514, 273.681976318, 274.320526123, 274.970703125, 275.597625732, 276.247802734, 276.874725342, 277.524902344, 278.151824951, 278.802001953, 279.440551758, 280.090698242, 280.740844727, 281.437469482, 282.1456604, 282.842254639, 283.550476074, 284.270294189, 285.001708984, 285.7215271], "beats_loudness": {"dmean2": 0.0373059771955, "median": 0.0450726337731, "min": 1.48920431542e-09, "dvar2": 0.00116826011799, "dvar": 0.000408833700931, "dmean": 0.0210916176438, "max": 0.170710518956, "var": 0.000479582202388, "mean": 0.0472914651036}, "danceability": 1.49727284908, "bpm_histogram_second_peak_weight": {"dmean2": 0, "median": 0.00672645773739, "min": 0.00672645773739, "dvar2": 0, "dvar": 0, "dmean": 0, "max": 0.00672645773739, "var": 0, "mean": 0.00672645773739}, "beats_count": 447, "bpm_histogram_second_peak_bpm": {"dmean2": 0, "median": 83, "min": 83, "dvar2": 0, "dvar": 0, "dmean": 0, "max": 83, "var": 0, "mean": 83}, "bpm_histogram_first_peak_spread": {"dmean2": 0, "median": 0.425629287958, "min": 0.425629287958, "dvar2": 0, "dvar": 0, "dmean": 0, "max": 0.425629287958, "var": 0, "mean": 0.425629287958}, "beats_loudness_band_ratio": {"dmean2": [0.554505348206, 0.263881891966, 0.255645811558, 0.0657220855355, 0.0646103098989, 0.487082779408], "median": [0.35847055912, 0.123267129064, 0.124567613006, 0.00385406822897, 0.0168528407812, 0.155862763524], "min": [1.47130040205e-05, 7.57583802624e-06, 7.0209543992e-06, 3.50462942151e-05, 6.49156427244e-05, 0.00105087494012], "dvar2": [0.137244254351, 0.0627099424601, 0.0582068897784, 0.01309126243, 0.00419406825677, 0.112236320972], "dvar": [0.0526687726378, 0.0187272690237, 0.0198962055147, 0.00509958853945, 0.00144937145524, 0.0399148352444], "dmean": [0.318705976009, 0.147332623601, 0.147095382214, 0.0348079018295, 0.0341140776873, 0.260047823191], "max": [0.994648814201, 0.696335792542, 0.731507658958, 0.505890846252, 0.356847256422, 0.981285393238], "var": [0.0842829570174, 0.0194171965122, 0.0219490285963, 0.00367897981778, 0.00123785808682, 0.0499348938465], "mean": [0.391978889704, 0.162964403629, 0.167962342501, 0.0234546326101, 0.0293973721564, 0.237310573459]}}, "lowlevel": {"barkbands_spread": {"dmean2": 26.9697132111, "median": 26.1790542603, "min": 0.0590629726648, "dvar2": 799.014160156, "dvar": 344.004669189, "dmean": 16.8651256561, "max": 161.574386597, "var": 685.216796875, "mean": 32.3507499695}, "melbands_spread": {"dmean2": 34.4714736938, "median": 14.0808210373, "min": 0.170670360327, "dvar2": 2227.75708008, "dvar": 912.289916992, "dmean": 20.5343608856, "max": 328.350097656, "var": 1476.31542969, "mean": 29.6868515015}, "hfc": {"dmean2": 41.1192016602, "median": 25.8868942261, "min": 1.26487244725e-16, "dvar2": 3838.40356445, "dvar": 1723.90600586, "dmean": 27.5415935516, "max": 691.64666748, "var": 4655.92529297, "mean": 51.2352676392}, "barkbands_kurtosis": {"dmean2": 45.8352050781, "median": 4.38644504547, "min": -1.98382365704, "dvar2": 24503.9082031, "dvar": 9803.85742188, "dmean": 28.8859443665, "max": 2417.37255859, "var": 10249.5341797, "mean": 27.3685569763}, "gfcc": {"mean": [-2.65943694115, 41.2115135193, -60.3477401733, 50.0850639343, -57.0213851929, -3.5981824398, -32.9233093262, 11.3711929321, -13.6100826263, 9.22410392761, -10.8002786636, 5.75982999802, -10.5021724701], "icov": [[8.14930608612e-05, 2.44098646363e-05, 2.62291086983e-05, -5.58676874789e-05, 0.000133238019771, -5.80397754675e-05, 7.95062805992e-05, -6.08035516052e-05, 1.70963558048e-05, 2.19462872337e-05, 0.000147216604091, -8.44178866828e-05, 5.29105709575e-05], [2.44098646363e-05, 0.000526679912582, -2.62649359684e-06, -7.72998755565e-05, -0.000254024926107, 0.000611467519775, -0.000401235593017, 0.000292604847346, -0.00018588056264, 1.4743975953e-05, -0.000199815694941, 0.000272923760349, -0.000263929832727], [2.62291086983e-05, -2.62649359684e-06, 0.00120317179244, -0.000368426874047, 0.000124240032164, -0.000211799546378, 0.000199035668629, -0.00086425524205, 8.74061297509e-05, 0.000401870493079, -0.000405263417633, 0.000520298781339, -0.000370481604477], [-5.58676874789e-05, -7.72998755565e-05, -0.000368426874047, 0.00181530485861, -0.000948231143411, 0.000180546878255, 0.000370729423594, -2.27825803449e-05, -4.90182974318e-05, -0.000664106220938, -0.000133934983751, -0.000336739612976, 0.000107621257484], [0.000133238019771, -0.000254024926107, 0.000124240032164, -0.000948231143411, 0.00397503841668, -0.00138808658812, -0.00166278344113, 0.00120172835886, 0.000114712383947, 0.000545956834685, -0.00085794867482, 0.000436602567788, -0.000553441350348], [-5.80397754675e-05, 0.000611467519775, -0.000211799546378, 0.000180546878255, -0.00138808658812, 0.00409217225388, -0.00145405146759, -0.000177232781425, 0.000297502876492, -0.00106298248284, 0.000472037121654, -0.000439252064098, 0.000866467307787], [7.95062805992e-05, -0.000401235593017, 0.000199035668629, 0.000370729423594, -0.00166278344113, -0.00145405146759, 0.00526944315061, -0.00294713908806, 0.000414417561842, 9.47920707404e-05, 2.86493450403e-05, -0.000131606968353, -0.000912668649107], [-6.08035516052e-05, 0.000292604847346, -0.00086425524205, -2.27825803449e-05, 0.00120172835886, -0.000177232781425, -0.00294713908806, 0.00863642897457, -0.00311930524185, -0.00215029716492, 0.00170802010689, -0.00185755628627, 0.000564356800169], [1.70963558048e-05, -0.00018588056264, 8.74061297509e-05, -4.90182974318e-05, 0.000114712383947, 0.000297502876492, 0.000414417561842, -0.00311930524185, 0.0076559567824, -0.00142029416747, -0.00422844523564, 0.00352529552765, -0.00104190723505], [2.19462872337e-05, 1.4743975953e-05, 0.000401870493079, -0.000664106220938, 0.000545956834685, -0.00106298248284, 9.47920707404e-05, -0.00215029716492, -0.00142029416747, 0.00958952214569, -0.00261512375437, -0.00132635992486, 0.00159780343529], [0.000147216604091, -0.000199815694941, -0.000405263417633, -0.000133934983751, -0.00085794867482, 0.000472037121654, 2.86493450403e-05, 0.00170802010689, -0.00422844523564, -0.00261512375437, 0.0122993877158, -0.00459441682324, -6.80339508108e-05], [-8.44178866828e-05, 0.000272923760349, 0.000520298781339, -0.000336739612976, 0.000436602567788, -0.000439252064098, -0.000131606968353, -0.00185755628627, 0.00352529552765, -0.00132635992486, -0.00459441682324, 0.0113583272323, -0.00287962518632], [5.29105709575e-05, -0.000263929832727, -0.000370481604477, 0.000107621257484, -0.000553441350348, 0.000866467307787, -0.000912668649107, 0.000564356800169, -0.00104190723505, 0.00159780343529, -6.80339508108e-05, -0.00287962518632, 0.0107552465051]], "cov": [[17151.2148438, -2642.60327148, -360.799987793, -169.344619751, -1227.67724609, 80.023475647, -778.178649902, 71.7671127319, -360.056884766, -42.2004814148, -455.517822266, 101.022842407, -303.823272705], [-2642.60327148, 3234.79589844, 55.911277771, 249.227752686, 419.783325195, -400.236724854, 235.49319458, -118.79221344, 183.037643433, -49.7171936035, 168.552139282, -91.2718887329, 173.621643066], [-360.799987793, 55.911277771, 1018.04107666, 221.091522217, 56.3746910095, 63.342502594, 64.5008773804, 135.415679932, 86.198425293, 26.9021549225, 53.8938827515, -14.3701667786, 33.0156555176], [-169.344619751, 249.227752686, 221.091522217, 741.383972168, 227.664749146, 43.653339386, 62.169342041, 33.78150177, 59.0797080994, 71.4744415283, 78.0760345459, 31.1555709839, 22.78814888], [-1227.67724609, 419.783325195, 56.3746910095, 227.664749146, 569.220825195, 184.237197876, 269.444549561, -0.453723162413, 32.1484680176, 18.750120163, 77.5012893677, 11.3076677322, 57.1879425049], [80.023475647, -400.236724854, 63.342502594, 43.653339386, 184.237197876, 475.51776123, 204.163040161, 99.4549865723, -10.5621862411, 73.4207992554, 4.39952945709, 45.883972168, -24.8101387024], [-778.178649902, 235.49319458, 64.5008773804, 62.169342041, 269.444549561, 204.163040161, 432.920227051, 136.061386108, 56.4588279724, 55.9576759338, 50.9453620911, 33.1735801697, 44.5818595886], [71.7671127319, -118.79221344, 135.415679932, 33.78150177, -0.453723162413, 99.4549865723, 136.061386108, 242.431396484, 100.437942505, 89.0454559326, 30.4469108582, 34.2334976196, -2.29284715652], [-360.056884766, 183.037643433, 86.198425293, 59.0797080994, 32.1484680176, -10.5621862411, 56.4588279724, 100.437942505, 251.465194702, 77.264213562, 94.978515625, -19.6533432007, 18.8878917694], [-42.2004814148, -49.7171936035, 26.9021549225, 71.4744415283, 18.750120163, 73.4207992554, 55.9576759338, 89.0454559326, 77.264213562, 171.170822144, 64.3711471558, 37.825717926, -13.0846385956], [-455.517822266, 168.552139282, 53.8938827515, 78.0760345459, 77.5012893677, 4.39952945709, 50.9453620911, 30.4469108582, 94.978515625, 64.3711471558, 155.418304443, 42.628326416, 25.8459033966], [101.022842407, -91.2718887329, -14.3701667786, 31.1555709839, 11.3076677322, 45.883972168, 33.1735801697, 34.2334976196, -19.6533432007, 37.825717926, 42.628326416, 133.438720703, 22.8339691162], [-303.823272705, 173.621643066, 33.0156555176, 22.78814888, 57.1879425049, -24.8101387024, 44.5818595886, -2.29284715652, 18.8878917694, -13.0846385956, 25.8459033966, 22.8339691162, 118.538070679]]}, "spectral_energyband_middle_low": {"dmean2": 0.00759112369269, "median": 0.00781952217221, "min": 1.89007362089e-22, "dvar2": 0.000134560439619, "dvar": 6.53939641779e-05, "dmean": 0.0051414067857, "max": 0.122363783419, "var": 0.000149124884047, "mean": 0.0114410314709}, "melbands_crest": {"dmean2": 7.53625059128, "median": 17.7082252502, "min": 2.39918756485, "dvar2": 39.1518325806, "dvar": 16.9863357544, "dmean": 4.85102510452, "max": 39.9332695007, "var": 47.0531921387, "mean": 18.2190876007}, "spectral_kurtosis": {"dmean2": 4.07019710541, "median": 1.93255650997, "min": -1.50545394421, "dvar2": 144.986206055, "dvar": 59.7319793701, "dmean": 2.59169912338, "max": 194.430252075, "var": 61.5531768799, "mean": 3.56647610664}, "spectral_rms": {"dmean2": 0.00208963127807, "median": 0.00575043819845, "min": 3.34061792985e-12, "dvar2": 3.71854048353e-06, "dvar": 2.40544886765e-06, "dmean": 0.00148994673509, "max": 0.013405861333, "var": 6.02532873017e-06, "mean": 0.00584863405675}, "zerocrossingrate": {"dmean2": 0.0360163412988, "median": 0.07666015625, "min": 0, "dvar2": 0.00128412095364, "dvar": 0.00105475238524, "dmean": 0.0307460874319, "max": 0.5771484375, "var": 0.0072023565881, "mean": 0.100474074483}, "silence_rate_60dB": {"dmean2": 0.0201005022973, "median": 0, "min": 0, "dvar2": 0.025687392801, "dvar": 0.0099466862157, "dmean": 0.0100494371727, "max": 1, "var": 0.0228720642626, "mean": 0.0234197732061}, "erbbands_kurtosis": {"dmean2": 5.11441278458, "median": -0.5090752244, "min": -1.90495920181, "dvar2": 153.772903442, "dvar": 72.4069747925, "dmean": 3.27422809601, "max": 188.884368896, "var": 119.366073608, "mean": 2.36818957329}, "erbbands": {"dmean2": [0.844069302082, 4.82397890091, 8.20431995392, 4.19375276566, 8.08173274994, 20.6328964233, 11.4893884659, 17.6096000671, 19.8194217682, 20.0379257202, 17.3663311005, 18.6417217255, 16.2180175781, 16.0570106506, 13.1086759567, 12.1810159683, 8.96938610077, 13.1904115677, 18.088508606, 14.0660686493, 17.7009353638, 20.1937675476, 25.0801086426, 29.6385917664, 26.2262878418, 28.2318572998, 49.7490730286, 40.182723999, 33.591545105, 23.9517974854, 20.9295310974, 18.6041049957, 11.9504671097, 8.64190196991, 5.26504039764, 2.59731292725, 0.833057999611, 0.241235569119, 0.0412383563817, 0.00312283961102], "median": [0.118424654007, 0.671805620193, 1.44966936111, 1.88472032547, 2.36794424057, 4.41383314133, 6.62666082382, 9.30820465088, 9.65211296082, 10.5880727768, 3.88898134232, 2.20547199249, 1.11957538128, 0.956571936607, 0.988301634789, 0.641870856285, 0.916365802288, 0.97462028265, 1.48279356956, 1.98980522156, 3.48898696899, 5.40601921082, 8.25580406189, 8.59613418579, 8.18534469604, 6.46662902832, 8.41736221313, 9.84321403503, 8.959192276, 6.80360603333, 5.07833099365, 3.17697811127, 2.60841989517, 2.55179429054, 1.25981032848, 0.477704465389, 0.139429092407, 0.0401574522257, 0.00377527298406, 0.000295480014756], "min": [6.86332110633e-22, 3.58055387122e-21, 1.83212605459e-20, 3.81699197865e-20, 7.01248374276e-20, 9.01008485551e-20, 3.70688454559e-20, 1.29313894793e-19, 5.15702754366e-19, 1.12305412207e-18, 8.05959759227e-19, 8.13129036994e-19, 1.02964340723e-18, 6.46073098388e-18, 6.62966608038e-18, 4.20969501803e-18, 1.77966171711e-18, 3.84053961349e-18, 4.97457900429e-18, 7.88872885769e-18, 4.63028947614e-18, 7.68084678923e-18, 1.2831990804e-17, 1.25892075039e-17, 1.171764617e-17, 2.41929765462e-17, 1.84560687165e-17, 2.44284914102e-17, 2.18691069138e-17, 2.4543724287e-17, 1.86432811959e-17, 2.07380350334e-17, 2.03670759616e-17, 1.5573436926e-17, 9.33501858997e-18, 5.819083674e-18, 3.29497574241e-18, 1.16084717708e-18, 3.55463652548e-19, 4.19031506808e-20], "dvar2": [2.00304436684, 52.9408035278, 227.904296875, 49.7164611816, 356.82635498, 2289.69287109, 396.89630127, 1273.31555176, 1399.31445313, 1251.97277832, 1501.32788086, 2139.64282227, 3332.06591797, 4750.98339844, 3578.35473633, 2081.33325195, 603.425292969, 774.817138672, 5679.94433594, 1065.59851074, 1286.84790039, 1408.74938965, 4115.45898438, 3912.52416992, 2499.12744141, 2227.52026367, 8614.72265625, 5313.4921875, 5145.4609375, 1639.33850098, 2150.45458984, 3647.07177734, 1176.73901367, 696.993347168, 265.125152588, 40.1042022705, 4.22076034546, 0.46040019393, 0.0110811172053, 4.20118740294e-05], "dvar": [0.871173977852, 30.3241195679, 79.6967926025, 21.6237277985, 142.904998779, 1215.24389648, 164.360153198, 529.885498047, 622.404907227, 629.903137207, 632.236999512, 1069.32006836, 1360.43151855, 2431.5715332, 1619.71520996, 1079.20654297, 314.725891113, 298.643676758, 3341.02758789, 412.138214111, 500.511962891, 618.999145508, 1949.54174805, 1685.11560059, 1156.19909668, 934.881591797, 3169.16577148, 2271.43017578, 2771.97363281, 780.956542969, 1166.8795166, 1903.50915527, 486.04574585, 276.937286377, 103.902099609, 16.3336811066, 1.83309018612, 0.194758564234, 0.00426610326394, 1.66099998751e-05], "dmean": [0.549796402454, 3.01307749748, 4.61536979675, 2.56630754471, 5.05992650986, 13.9702186584, 7.29059410095, 11.8154602051, 13.6538791656, 13.9950628281, 11.0990810394, 12.0672101974, 9.68047618866, 10.3188209534, 8.48246192932, 7.35229206085, 5.72250032425, 7.49833297729, 11.1975536346, 8.09558105469, 10.1464090347, 11.8868904114, 15.8953990936, 18.3173370361, 16.5701503754, 17.2200737, 28.765296936, 24.8081665039, 21.8762111664, 15.7513246536, 14.5844945908, 12.4931774139, 7.67110681534, 5.44231176376, 3.27670812607, 1.63399970531, 0.527291417122, 0.148094937205, 0.0244320034981, 0.0019014152931], "max": [7.35311889648, 44.0655632019, 87.0376739502, 151.466751099, 191.958358765, 590.691223145, 312.820892334, 458.342529297, 412.092285156, 482.901000977, 723.338134766, 1177.86376953, 1525.37866211, 1336.18041992, 1811.46032715, 1581.40136719, 517.903137207, 458.69708252, 3612.40454102, 862.133666992, 891.693054199, 893.026184082, 1781.13061523, 1454.56396484, 1077.06884766, 1516.26550293, 721.912719727, 1404.24450684, 2252.81616211, 521.193969727, 1179.67773438, 1701.62854004, 444.736541748, 415.929107666, 214.352661133, 65.8246994019, 44.4083099365, 21.799489975, 2.47184252739, 0.103212177753], "var": [1.08113706112, 43.2156867981, 64.5655441284, 41.0984649658, 158.813095093, 2354.40527344, 327.725769043, 992.923339844, 1411.87255859, 1708.09655762, 1290.3380127, 3787.20556641, 1444.09741211, 4289.62939453, 2710.74365234, 1639.92736816, 755.656555176, 319.715026855, 7269.01074219, 413.897033691, 483.069519043, 789.618469238, 2702.40795898, 2134.51708984, 1779.3046875, 1139.91723633, 2538.30712891, 3351.03149414, 4835.77685547, 1990.85168457, 3537.41455078, 6652.85107422, 739.161499023, 298.275695801, 114.999794006, 22.4552440643, 2.98486971855, 0.227171704173, 0.00389956403524, 2.47767129622e-05], "mean": [0.582905352116, 3.82367801666, 4.66933584213, 3.98990774155, 6.67567300797, 21.8734054565, 13.0677862167, 20.9053592682, 24.2235622406, 24.791929245, 16.6262226105, 19.7842254639, 9.92862987518, 12.5733795166, 10.3053216934, 7.03241157532, 6.95206022263, 6.53922700882, 12.0089073181, 7.85400438309, 9.88344287872, 13.0672807693, 20.5268821716, 21.4920101166, 20.4717998505, 18.3327903748, 26.3583946228, 29.0417919159, 28.6595115662, 25.1288928986, 25.0260334015, 19.7691421509, 9.84624385834, 6.82797622681, 4.39653873444, 2.110070467, 0.693984746933, 0.165497794747, 0.0233479551971, 0.0023481072858]}, "spectral_strongpeak": {"dmean2": 1.79772937298, "median": 0.523288965225, "min": 0, "dvar2": 54.9051017761, "dvar": 21.6474132538, "dmean": 1.02751088142, "max": 102.33808136, "var": 20.8339500427, "mean": 1.2696300745}, "spectral_energy": {"dmean2": 0.0279310308397, "median": 0.0338942296803, "min": 1.14387220307e-20, "dvar2": 0.000946562387981, "dvar": 0.000564713554922, "dmean": 0.0192807037383, "max": 0.184210047126, "var": 0.00105087866541, "mean": 0.0412378758192}, "average_loudness": 0.918595194817, "spectral_rolloff": {"dmean2": 3526.13354492, "median": 538.330078125, "min": 21.533203125, "dvar2": 21468586, "dvar": 9543849, "dmean": 2039.78820801, "max": 20908.7402344, "var": 15840331, "mean": 2948.1105957}, "spectral_centroid": {"dmean2": 1066.19091797, "median": 1489.31542969, "min": 81.4143676758, "dvar2": 1346628.75, "dvar": 583202.5, "dmean": 663.37487793, "max": 11074.8349609, "var": 1281942.875, "mean": 1673.69873047}, "pitch_salience": {"dmean2": 0.19243478775, "median": 0.484745949507, "min": 0.0217407569289, "dvar2": 0.0304758287966, "dvar": 0.0142647642642, "dmean": 0.121035896242, "max": 0.925159811974, "var": 0.0321181751788, "mean": 0.469983488321}, "spectral_energyband_middle_high": {"dmean2": 0.00311087700538, "median": 0.00100203638431, "min": 1.50245726043e-21, "dvar2": 2.21610389417e-05, "dvar": 9.99412986857e-06, "dmean": 0.00192089565098, "max": 0.0638990849257, "var": 2.19304856728e-05, "mean": 0.00259498250671}, "spectral_contrast_coeffs": {"dmean2": [0.100716367364, 0.109714694321, 0.0867312923074, 0.070606328547, 0.0536346398294, 0.0477066263556], "median": [-0.615231096745, -0.661971926689, -0.791129052639, -0.798761963844, -0.791713237762, -0.756010890007], "min": [-0.972015559673, -0.971933424473, -0.975645244122, -0.958501815796, -0.955517053604, -0.960339486599], "dvar2": [0.00698021007702, 0.00906095281243, 0.0055415853858, 0.00365246413276, 0.00237361551262, 0.00212747021578], "dvar": [0.00290528009646, 0.00401666061953, 0.00244977278635, 0.00157625519205, 0.00104919529986, 0.000883594970219], "dmean": [0.0623692125082, 0.0696255862713, 0.0551749952137, 0.0443184673786, 0.0343836732209, 0.0302897244692], "max": [-0.237126678228, -0.322515845299, -0.362276285887, -0.440814971924, -0.462524801493, -0.508682131767], "var": [0.010165293701, 0.0114981215447, 0.00823598727584, 0.00452898908406, 0.00295406486839, 0.00244387914427], "mean": [-0.610920071602, -0.655984222889, -0.77434617281, -0.790384054184, -0.784509837627, -0.752556562424]}, "melbands_skewness": {"dmean2": 3.43412017822, "median": 3.92800521851, "min": -3.88165307045, "dvar2": 16.4778900146, "dvar": 7.36357593536, "dmean": 2.27209448814, "max": 42.5317764282, "var": 14.6071920395, "mean": 4.85558605194}, "spectral_spread": {"dmean2": 1934997.75, "median": 7087561, "min": 643147.9375, "dvar2": 4663299014660.0, "dvar": 2111918309380.0, "dmean": 1288687.5, "max": 40373164, "var": 5279658803200.0, "mean": 6968382.5}, "dissonance": {"dmean2": 0.0391311198473, "median": 0.462271809578, "min": 0.0987507477403, "dvar2": 0.00177767581772, "dvar": 0.000918730394915, "dmean": 0.0262866038829, "max": 0.499996900558, "var": 0.00219880719669, "mean": 0.449266970158}, "spectral_skewness": {"dmean2": 0.561375916004, "median": 1.10879230499, "min": -0.717176556587, "dvar2": 0.955547571182, "dvar": 0.415335327387, "dmean": 0.375315546989, "max": 11.8845863342, "var": 0.648671209812, "mean": 1.27811193466}, "spectral_flux": {"dmean2": 0.0896452665329, "median": 0.11161133647, "min": 1.06951961176e-10, "dvar2": 0.00662411376834, "dvar": 0.00268743932247, "dmean": 0.0549986064434, "max": 0.381429821253, "var": 0.0045191347599, "mean": 0.122079208493}, "spectral_contrast_valleys": {"dmean2": [0.908176600933, 1.05617010593, 1.11409819126, 1.29215359688, 1.07463502884, 1.02011501789], "median": [-7.35487270355, -7.30741405487, -8.34889221191, -8.67408180237, -7.46400737762, -9.11241531372], "min": [-27.2842903137, -27.7980728149, -27.2003726959, -27.1563796997, -27.3056221008, -27.2549095154], "dvar2": [0.668046236038, 1.02912163734, 1.15126669407, 1.72316598892, 1.51906144619, 1.70508921146], "dvar": [0.314248681068, 0.500583589077, 0.515110611916, 0.730092167854, 0.674079656601, 0.844725310802], "dmean": [0.586519956589, 0.680660128593, 0.738709330559, 0.866603255272, 0.786798477173, 0.816984653473], "max": [-5.2613992691, -4.53198719025, -4.99642562866, -5.61192321777, -5.46515989304, -6.84914445877], "var": [1.83157444, 2.10343670845, 1.87735140324, 2.10879087448, 2.07138323784, 2.8710770607], "mean": [-7.55428600311, -7.49856233597, -8.51255321503, -8.78538799286, -7.73640298843, -9.59475517273]}, "erbbands_flatness_db": {"dmean2": 0.0451029092073, "median": 0.120899662375, "min": 0.0429218374193, "dvar2": 0.00274320598692, "dvar": 0.00141638156492, "dmean": 0.0327536724508, "max": 0.516500473022, "var": 0.00353076378815, "mean": 0.134948179126}, "spectral_energyband_high": {"dmean2": 0.00445597525686, "median": 0.00170174031518, "min": 8.74485326951e-21, "dvar2": 4.44375727966e-05, "dvar": 2.05199485208e-05, "dmean": 0.0029077520594, "max": 0.0728491544724, "var": 5.33129496034e-05, "mean": 0.00448820320889}, "spectral_entropy": {"dmean2": 0.629156291485, "median": 7.86342525482, "min": 3.56638860703, "dvar2": 0.569514453411, "dvar": 0.287161082029, "dmean": 0.439142286777, "max": 9.7995557785, "var": 0.623609423637, "mean": 7.64012098312}, "silence_rate_20dB": {"dmean2": 0, "median": 1, "min": 1, "dvar2": 0, "dvar": 0, "dmean": 0, "max": 1, "var": 0, "mean": 1}, "melbands_flatness_db": {"dmean2": 0.111206382513, "median": 0.230755716562, "min": 0.00967019610107, "dvar2": 0.0129435556009, "dvar": 0.00588118471205, "dmean": 0.0740922987461, "max": 0.82550996542, "var": 0.0153467357159, "mean": 0.249310418963}, "barkbands": {"dmean2": [0.00133257347625, 0.0221327487379, 0.00577348284423, 0.00115727679804, 0.00448852451518, 0.00179877819028, 0.00168669165578, 0.000680746044964, 0.00081994314678, 0.000487347278977, 0.000404575665016, 0.000298404571367, 0.000200701557333, 0.000298267608741, 0.000324169523083, 0.000305415771436, 0.00035376904998, 0.000476034911117, 0.00058033055393, 0.000596510304604, 0.00122411246412, 0.00084530946333, 0.00076834630454, 0.000786550634075, 0.00073930923827, 0.000499458459672, 0.000257764157141], "median": [0.000358909775969, 0.00344062177464, 0.000888511131052, 0.000300928862998, 0.0011449905578, 0.0010895547457, 0.000865296693519, 9.10092203412e-05, 8.68280185387e-05, 2.03514155146e-05, 2.60457381955e-05, 1.42325943671e-05, 1.77902657015e-05, 1.73770986294e-05, 3.00101910398e-05, 4.53949760413e-05, 8.45199756441e-05, 0.000143956873217, 0.000169388775248, 0.000145213125506, 0.000236263324041, 0.000248293799814, 0.000181841780432, 0.000147546961671, 0.000218659974053, 9.38078883337e-05, 2.22964190471e-05], "min": [1.05684831432e-23, 1.82744424969e-23, 2.23416894173e-23, 7.68169320335e-24, 2.83294371442e-23, 1.34029581944e-23, 4.29751604978e-23, 5.32719914997e-23, 3.78111728826e-23, 8.39423228931e-23, 1.83431554372e-22, 1.15520462794e-22, 4.16094087681e-23, 1.00017541093e-22, 1.46901942828e-22, 4.19422922929e-23, 1.47006716178e-22, 2.25131562237e-22, 2.51960027426e-22, 4.78941613636e-22, 5.29559978025e-22, 6.97455983408e-22, 7.2805702126e-22, 1.03903578459e-21, 1.36246986645e-21, 1.68590374636e-21, 2.56048164645e-21], "dvar2": [3.34539481628e-06, 0.00114532059524, 0.00011213147809, 5.15294732395e-06, 0.000109431115561, 1.07529604065e-05, 9.14036081667e-06, 2.24433529183e-06, 3.52232018486e-06, 3.98842030336e-06, 3.20791809827e-06, 1.21056405078e-06, 3.20183573876e-07, 5.3077587836e-07, 1.39253950238e-06, 4.45087721346e-07, 4.47712949381e-07, 1.27372004499e-06, 1.33207265662e-06, 9.44230293953e-07, 4.73062300443e-06, 2.59014404946e-06, 2.66556503448e-06, 5.49119613424e-06, 5.32439889867e-06, 1.28230271912e-06, 4.20983241156e-07], "dvar": [1.39297185342e-06, 0.000628078414593, 3.9359456423e-05, 2.53623079516e-06, 5.14329694852e-05, 4.42904229203e-06, 4.48024411526e-06, 9.7197607829e-07, 1.65802578067e-06, 1.63879815318e-06, 1.66219797393e-06, 6.64897811475e-07, 1.63788172358e-07, 1.94041078316e-07, 8.03471436939e-07, 1.73546041538e-07, 1.96036282318e-07, 5.73401678139e-07, 6.16048168922e-07, 3.99935487394e-07, 1.81106929631e-06, 1.3471769762e-06, 1.41210250604e-06, 2.56184307545e-06, 2.08615119845e-06, 5.33204683961e-07, 1.65325175772e-07], "dmean": [0.000831010867842, 0.014833775349, 0.00328300776891, 0.000720792450011, 0.00294464081526, 0.00118834746536, 0.00117618369404, 0.000435376714449, 0.00052278797375, 0.000284715089947, 0.000272090401268, 0.000182811359991, 0.000126664381241, 0.000166788391653, 0.000200574795599, 0.000173604275915, 0.00020715102437, 0.000294593046419, 0.000365103624063, 0.000367527798517, 0.000717950053513, 0.000556222337764, 0.00052506045904, 0.000509176577907, 0.00046406860929, 0.000314680190058, 0.000152192660607], "max": [0.0151973087341, 0.176046535373, 0.0587490797043, 0.0693944916129, 0.109622344375, 0.0418516919017, 0.040507517755, 0.0271136015654, 0.0428687334061, 0.0512242652476, 0.0429570451379, 0.0424099974334, 0.0122552504763, 0.00983542948961, 0.0551350601017, 0.0139889512211, 0.0173214785755, 0.0251900739968, 0.025327693671, 0.0231578275561, 0.022999336943, 0.0440125204623, 0.0376463532448, 0.0522814951837, 0.0336057990789, 0.0178338289261, 0.015446591191], "var": [1.88040121429e-06, 0.000955115596298, 3.51662019966e-05, 6.04179513175e-06, 8.76386038726e-05, 8.59490683069e-06, 1.29218160509e-05, 2.07588436751e-06, 5.14749081049e-06, 1.62222943345e-06, 3.19409559779e-06, 1.1