{"rhythm": {"bpm": 127.828369141, "bpm_histogram_second_peak_weight": {"mean": 0.051724139601, "min": 0.051724139601, "max": 0.051724139601, "dmean2": 0, "dvar": 0, "dmean": 0, "median": 0.051724139601, "dvar2": 0, "var": 0}, "bpm_histogram_first_peak_weight": {"mean": 0.465517252684, "min": 0.465517252684, "max": 0.465517252684, "dmean2": 0, "dvar": 0, "dmean": 0, "median": 0.465517252684, "dvar2": 0, "var": 0}, "danceability": 1.18192982674, "beats_loudness": {"mean": 0.0329444110394, "min": 0, "max": 0.0739387646317, "dmean2": 0.0280465874821, "dvar": 0.000147277241922, "dmean": 0.0159517358989, "median": 0.0312947593629, "dvar2": 0.000438892369857, "var": 0.000236823922023}, "onset_rate": 6.05026245117, "bpm_histogram_second_peak_spread": {"mean": 0.117647051811, "min": 0.117647051811, "max": 0.117647051811, "dmean2": 0, "dvar": 0, "dmean": 0, "median": 0.117647051811, "dvar2": 0, "var": 0}, "bpm_histogram_first_peak_spread": {"mean": 0.49626865983, "min": 0.49626865983, "max": 0.49626865983, "dmean2": 0, "dvar": 0, "dmean": 0, "median": 0.49626865983, "dvar2": 0, "var": 0}, "beats_position": [0.522448956966, 1.04489791393, 1.55573689938, 2.06657600403, 2.60063481331, 3.08825397491, 3.56426286697, 4.04027223587, 4.52789115906, 5.01551008224, 5.4915189743, 5.9675283432, 6.45514726639, 6.94276618958, 7.40716552734, 7.89478445053, 8.35918331146, 8.83519268036, 9.29959201813, 9.77560043335, 10.2516098022, 10.7276191711, 11.1920175552, 11.656416893, 12.1208162308, 12.5852155685, 13.0496139526, 13.5140132904, 13.9784126282, 14.4660310745, 14.9304304123, 15.4064397812, 15.8824491501, 16.3468475342, 16.8228569031, 17.298866272, 17.7632656097, 18.2392749786, 18.7152824402, 19.179681778, 19.6440811157, 20.1084804535, 20.5844898224, 21.0604991913, 21.548116684, 22.0241260529, 22.4885253906, 22.9645347595, 23.4405441284, 23.9281635284, 24.40417099, 24.8801803589, 25.3561897278, 25.8321990967, 26.3082084656, 26.7726078033, 27.2370071411, 27.7130146027, 28.1890239716, 28.6534233093, 29.1178226471, 29.5822219849, 30.0582313538, 30.5342407227, 30.9986381531, 31.4630374908, 31.9274368286, 32.391834259, 32.8562355042, 33.332244873, 33.8082542419, 34.2842636108, 34.7602729797, 35.2246704102, 35.7006797791, 36.1766891479, 36.6410865784, 37.1170959473, 37.5931053162, 38.0691146851, 38.545124054, 39.0211334229, 39.4971427917, 39.9847602844, 40.4607696533, 40.9367790222, 41.4127883911, 41.88879776, 42.3531951904, 42.8408164978, 43.3052139282, 43.7928352356, 44.257232666, 44.7332420349, 45.2092514038, 45.6736488342, 46.1612701416, 46.6372795105, 47.1132888794, 47.5776863098, 48.0420837402, 48.5180931091, 48.994102478, 49.4585037231, 49.934513092, 50.4105224609, 50.8749198914, 51.3393173218, 51.8037185669, 52.2797279358, 52.7557373047, 53.2201347351, 53.6845359802, 54.1489334106, 54.6133308411, 55.0777320862, 55.5421295166, 56.0181388855, 56.4941482544, 56.9585494995, 57.4229469299, 57.8989562988, 58.3633537292, 58.8393630981, 59.3037643433, 59.7797737122, 60.2557830811, 60.7201805115, 61.1845779419, 61.6605873108, 62.1365966797, 62.6009979248, 63.0653953552, 63.5414047241, 64.0174102783, 64.4818115234, 64.9462127686, 65.4106140137, 65.8750076294, 66.3394088745, 66.8038101196, 67.2682037354, 67.7326049805, 68.1970062256, 68.6614074707, 69.1258010864, 69.5902023315, 70.0662155151, 70.5422210693, 71.0066223145, 71.4826278687, 71.9586410522, 72.423034668, 72.8874359131, 73.3518371582, 73.8162307739, 74.280632019, 74.7566452026, 75.2326507568, 75.7086639404, 76.1614532471, 76.6258468628, 77.0902481079, 77.554649353, 78.0190429688, 78.4950561523, 78.9594573975, 79.4354629517, 79.9114761353, 80.3874816895, 80.8518829346, 81.3162765503, 81.7806777954, 82.256690979, 82.7326965332, 83.1970977783, 83.661491394, 84.1258926392, 84.6019058228, 85.077911377, 85.5423126221, 86.0183181763, 86.4943313599, 86.9703369141, 87.4463500977, 87.9107437134, 88.3751449585, 88.8511581421, 89.3271636963, 89.8031692505, 90.2791824341, 90.7435836792, 91.2079772949, 91.6839904785, 92.1483917236, 92.6243972778, 93.0887985229, 93.5415878296, 93.9943771362, 94.458770752, 94.9231719971, 95.3875732422, 95.8519744873, 96.316368103, 96.7807693481, 97.2451705933, 97.709564209, 98.1739654541, 98.6499786377, 99.1259841919, 99.590385437, 100.054779053, 100.507568359, 100.983581543, 101.447982788, 101.900772095, 102.353561401, 102.806350708, 103.259140015, 103.72353363, 104.187934875, 104.652336121, 105.116729736, 105.581130981, 106.045532227, 106.521537781, 106.997550964, 107.46194458, 107.937957764, 108.413963318, 108.878364563, 109.342765808, 109.818771362, 110.294784546, 110.759178162, 111.223579407, 111.687980652, 112.163986206, 112.63999939, 113.104400635, 113.56879425, 114.033195496, 114.50920105, 114.985214233, 115.472831726, 115.94884491, 116.424850464, 116.900856018, 117.376869202, 117.841270447, 118.317276001, 118.793289185, 119.2576828, 119.722084045, 120.186485291, 120.650878906, 121.12689209, 121.602897644, 122.067298889, 122.531700134, 122.99609375, 123.472106934, 123.936508179, 124.400901794, 124.876914978, 125.341316223, 125.817321777, 126.293327332, 126.757728577, 127.222129822, 127.686531067, 128.150924683, 128.626937866, 129.091339111, 129.555740356, 130.020126343, 130.496139526, 130.960540771, 131.436553955, 131.912567139, 132.41178894, 132.922622681, 133.421859741, 133.909469604, 134.385482788, 134.861495972, 135.337509155, 135.81350708, 136.289520264, 136.765533447, 137.241546631], "bpm_histogram_first_peak_bpm": {"mean": 129, "min": 129, "max": 129, "dmean2": 0, "dvar": 0, "dmean": 0, "median": 129, "dvar2": 0, "var": 0}, "beats_count": 291, "beats_loudness_band_ratio": {"mean": [0.322023719549, 0.249509364367, 0.205298870802, 0.0925115793943, 0.0787041261792, 0.048171184957], "min": [0, 0, 0, 0, 0, 0], "max": [0.984839141369, 0.812540531158, 0.66999989748, 0.531619429588, 0.390519708395, 0.287188470364], "dmean2": [0.565279960632, 0.402922064066, 0.22451800108, 0.122085556388, 0.0891427919269, 0.0566476918757], "dvar": [0.0416731759906, 0.0252502989024, 0.0116592692211, 0.00611226540059, 0.00248219398782, 0.00138827541377], "dmean": [0.315321564674, 0.214178219438, 0.129118695855, 0.0699560046196, 0.0513563267887, 0.0318907909095], "median": [0.370465964079, 0.206307291985, 0.181050688028, 0.0671635717154, 0.0649616345763, 0.0368345454335], "dvar2": [0.139254063368, 0.0809493735433, 0.0327895842493, 0.0180883910507, 0.00681531848386, 0.00418093660846], "var": [0.0616108886898, 0.0327231585979, 0.0161300320178, 0.00737747782841, 0.00352380005643, 0.0016325552715]}, "bpm_histogram_second_peak_bpm": {"mean": 123, "min": 123, "max": 123, "dmean2": 0, "dvar": 0, "dmean": 0, "median": 123, "dvar2": 0, "var": 0}}, "tonal": {"chords_number_rate": 0.00336813740432, "tuning_diatonic_strength": 0.624427378178, "chords_changes_rate": 0.0629841685295, "thpcp": [1, 0.808176934719, 0.527311325073, 0.380206853151, 0.322137415409, 0.431993067265, 0.428829491138, 0.35334020853, 0.381237924099, 0.37296640873, 0.251388669014, 0.148086622357, 0.110565617681, 0.10229729116, 0.279388815165, 0.443769931793, 0.269957453012, 0.0766136199236, 0.056410163641, 0.102679774165, 0.227436393499, 0.296813517809, 0.212202221155, 0.117449343204, 0.0851968750358, 0.0975295901299, 0.199689015746, 0.246530756354, 0.169216006994, 0.116109848022, 0.100795798004, 0.141388878226, 0.346423715353, 0.452384322882, 0.38381639123, 0.66366738081], "hpcp": {"mean": [0.190487921238, 0.161615654826, 0.279454022646, 0.421075433493, 0.340303450823, 0.222037836909, 0.160095766187, 0.135644152761, 0.181901663542, 0.180569559336, 0.148782879114, 0.160529926419, 0.157046988606, 0.105853587389, 0.0623556412756, 0.0465564653277, 0.04307487607, 0.117643766105, 0.186860620975, 0.113672457635, 0.0322601124644, 0.0237529333681, 0.0432359315455, 0.095767877996, 0.12498088181, 0.0893531441689, 0.0494550317526, 0.0358743108809, 0.0410673134029, 0.0840841382742, 0.103808045387, 0.0712527036667, 0.0488910041749, 0.0424426347017, 0.0595353804529, 0.145870521665], "min": [0, 0, 0, 0, 0, 0, 0, 0, 0, 0, 0, 0, 0, 0, 0, 0, 0, 0, 0, 0, 0, 0, 0, 0, 0, 0, 0, 0, 0, 0, 0, 0, 0, 0, 0, 0], "max": [1, 1, 1, 1, 1, 1, 1, 1, 1, 1, 1, 1, 1, 1, 1, 1, 1, 1, 1, 1, 1, 1, 1, 1, 1, 1, 1, 1, 1, 1, 1, 1, 1, 1, 1, 1], "dmean2": [0.30293148756, 0.288392663002, 0.384566277266, 0.440636754036, 0.474481374025, 0.46453589201, 0.396280109882, 0.343577891588, 0.424957454205, 0.402850210667, 0.301227450371, 0.25443893671, 0.250112295151, 0.210309863091, 0.156965002418, 0.124085895717, 0.111402720213, 0.156642571092, 0.171269387007, 0.149111583829, 0.0816821306944, 0.0654874071479, 0.102430291474, 0.154697269201, 0.160661622882, 0.14603754878, 0.0950524955988, 0.0575630888343, 0.0746820867062, 0.115222938359, 0.144283100963, 0.139860078692, 0.101517058909, 0.0885182842612, 0.149422153831, 0.287865549326], "dvar": [0.0685565844178, 0.0502420552075, 0.0608943924308, 0.0709042996168, 0.0717028155923, 0.0874824970961, 0.0782525911927, 0.0636120736599, 0.0927178114653, 0.0804194658995, 0.0618176050484, 0.0541283227503, 0.0535971149802, 0.0450800657272, 0.0330246277153, 0.0211634207517, 0.0179027505219, 0.0277907196432, 0.0356528870761, 0.025940515101, 0.0109540801495, 0.00887880474329, 0.0157419778407, 0.0243990458548, 0.0228578876704, 0.0235104113817, 0.0130019327626, 0.00917975697666, 0.00951685942709, 0.0151393534616, 0.017958689481, 0.01956599392, 0.0133619606495, 0.0130184972659, 0.020065927878, 0.0599841848016], "dmean": [0.18108843267, 0.169690087438, 0.221196830273, 0.256582200527, 0.274504423141, 0.262677907944, 0.218729123473, 0.187159910798, 0.232799246907, 0.223925441504, 0.167705625296, 0.14559417963, 0.143293261528, 0.115871861577, 0.0846098586917, 0.0664739534259, 0.0605713687837, 0.0898712277412, 0.0967393964529, 0.087163746357, 0.0451132357121, 0.0352559611201, 0.0567981787026, 0.0901223123074, 0.0952753350139, 0.0847064852715, 0.0540446452796, 0.032308947295, 0.0425659380853, 0.067544862628, 0.0854820311069, 0.0809350758791, 0.0567902550101, 0.049532584846, 0.0801835879683, 0.161698162556], "median": [0.0300600770861, 0.044243350625, 0.17170791328, 0.330464839935, 0.238731563091, 0.0608190670609, 0.0231757778674, 0.021000912413, 0.0272931326181, 0.0308889485896, 0.0298627018929, 0.0330995470285, 0.0261544622481, 0.0158248208463, 0.0119447764009, 0.00998724531382, 0.0102650653571, 0.0157636199147, 0.0170683544129, 0.0147189889103, 0.00575374485925, 0.00479247886688, 0.0107311811298, 0.034926135093, 0.053357578814, 0.0331788212061, 0.0109395366162, 0.00532604334876, 0.00884946715087, 0.0219573210925, 0.0282414183021, 0.0192303657532, 0.0128739317879, 0.0102676488459, 0.0149396695197, 0.023684406653], "dvar2": [0.144634470344, 0.131094545126, 0.164056614041, 0.177900791168, 0.187286287546, 0.221155837178, 0.208784013987, 0.172960072756, 0.243172749877, 0.214883953333, 0.162227958441, 0.125813558698, 0.139863803983, 0.124270878732, 0.096555262804, 0.0616640001535, 0.0500721931458, 0.073532089591, 0.0875673890114, 0.0650260746479, 0.0299966447055, 0.0259417202324, 0.0438780151308, 0.0638243481517, 0.057236071676, 0.0634112209082, 0.0348533131182, 0.0244854632765, 0.0255287103355, 0.0388024523854, 0.0444388017058, 0.0518082082272, 0.0362532623112, 0.0350048281252, 0.0570059418678, 0.15725556016], "var": [0.0923629328609, 0.0601319484413, 0.0873094573617, 0.131918773055, 0.10108602047, 0.0937207639217, 0.0683227106929, 0.0543302111328, 0.0867694690824, 0.0789580866694, 0.063756249845, 0.0751739516854, 0.0713226646185, 0.0465981177986, 0.0232710484415, 0.0134748890996, 0.011742901057, 0.0457612015307, 0.107490934432, 0.043310534209, 0.00768995191902, 0.00540070934221, 0.0115424841642, 0.0274176225066, 0.038119494915, 0.0254099331796, 0.0146176870912, 0.0162844471633, 0.0110634304583, 0.0250182747841, 0.0301750395447, 0.0177343878895, 0.0119496043772, 0.0112390397117, 0.0153577039018, 0.0622462183237]}, "tuning_frequency": 441.017791748, "chords_scale": "minor", "chords_histogram": [50.7241477966, 0, 0, 0.235769614577, 2.93027949333, 16.5712356567, 0, 8.9929265976, 0, 6.09632873535, 2.22297072411, 0, 0.842034339905, 0, 0, 0, 0, 1.41461765766, 0, 0.875715732574, 1.51566183567, 1.21252942085, 6.36577987671, 0], "hpcp_entropy": {"mean": 1.84484362602, "min": 0, "max": 4.13755559921, "dmean2": 1.13381516933, "dvar": 0.297424614429, "dmean": 0.662504315376, "median": 1.84007632732, "dvar2": 0.809741437435, "var": 0.612798452377}, "chords_key": "A#", "key_key": "A#", "key_scale": "minor", "tuning_nontempered_energy_ratio": 0.779087245464, "tuning_equal_tempered_deviation": 0.0925735086203, "key_strength": 0.53711026907, "chords_strength": {"mean": 0.546002209187, "min": -1, "max": 0.841566443443, "dmean2": 0.0134454062209, "dvar": 0.00070841179695, "dmean": 0.0119577199221, "median": 0.557884633541, "dvar2": 0.001299570431, "var": 0.0461902730167}}, "metadata": {"audio_properties": {"md5_encoded": "16d9808c11e91c346d1b420ede86796a", "downmix": "mix", "equal_loudness": 0, "bit_rate": 0, "analysis_sample_rate": 44100, "length": 137.826660156, "lossless": true, "replay_gain": -11.5092525482, "sample_rate": 44100, "codec": "flac"}, "version": {"essentia_git_sha": "v2.1_beta2-1-ge3940c0", "essentia_build_sha": "2d9f1f26377add8aeb1075a9c2973f962c4f09fd", "extractor": "music 1.0", "essentia": "2.1-beta2"}, "tags": {"media": ["CD"], "albumartist": ["Various Artists"], "disctotal": ["1"], "musicbrainz_artistid": ["6aa18166-e024-406f-9329-f5dbd5af82b6"], "title": ["Tuguchili Elia (Elia's Father)"], "musicbrainz_recordingid": ["0f824b44-435b-44c8-bd21-3df07db920a4"], "tracktotal": ["12"], "producer": ["Ivan Duran"], "artist": ["Elodia Nolberto"], "originaldate": ["2008"], "script": ["Latn"], "arranger": ["Ivan Duran"], "genre": ["Garifuna"], "albumartistsort": ["Various Artists"], "engineer": ["Ivan Duran"], "acoustid_id": ["744cb7d4-4d36-459d-a2c1-c107924f8605"], "tracknumber": ["8"], "releasestatus": ["official"], "musicbrainz_albumid": ["78234fa6-2b95-4e66-859b-e268e59e04eb"], "label": ["Stonetree Records"], "album": ["Umalali: The Garifuna Women's Project"], "musicbrainz_albumartistid": ["89ad4ac3-39f7-470e-963a-56509c546377"], "musicbrainz_releasegroupid": ["474b9392-f043-381c-99d0-7e89af161d90"], "artistsort": ["Nolberto, Elodia"], "date": ["2008"], "discnumber": ["1"], "file_name": "08- tuguchili elia (elia's father).flac", "releasecountry": ["US"], "barcode": ["890846001060"], "compilation": ["1"], "releasetype": ["album"], "catalognumber": ["CMB-CD-6"]}}, "lowlevel": {"mfcc": {"mean": [-669.098876953, 112.812477112, 14.5192871094, 20.5743122101, 10.3939266205, -2.93079543114, 0.143204405904, 3.25617313385, -2.7669634819, 4.06000328064, -2.61549448967, 5.3269777298, -7.95129919052], "cov": [[11700.8515625, 756.548095703, -1275.61584473, -195.04359436, -200.277816772, -452.90145874, -165.717956543, -147.975158691, 36.8087768555, 58.6833686829, -239.84197998, -12.9472923279, -395.755187988], [756.548095703, 1000.16778564, 240.218460083, 171.719680786, 146.255111694, 117.963699341, 154.050918579, 57.1210403442, 10.2592992783, 49.4241600037, 49.01795578, 45.4762573242, -5.88588905334], [-1275.61584473, 240.218460083, 975.1484375, 276.030944824, 184.915054321, 217.302734375, -26.9357738495, 151.532791138, -10.1112976074, -63.2614135742, 79.7487030029, 28.943063736, 184.871673584], [-195.04359436, 171.719680786, 276.030944824, 414.590332031, 147.622085571, 2.44082212448, 6.36913871765, 89.8250198364, 51.3631134033, 9.89766407013, -12.2767515182, 60.1468009949, 101.200752258], [-200.277816772, 146.255111694, 184.915054321, 147.622085571, 236.735961914, 129.981719971, 41.2550468445, 96.6796264648, 62.9599914551, 51.5188560486, 9.03600311279, 25.0423221588, 32.9934310913], [-452.90145874, 117.963699341, 217.302734375, 2.44082212448, 129.981719971, 265.583648682, 103.422706604, 78.5986175537, 41.0597038269, 9.15596866608, 55.7807273865, 1.05793964863, 5.35211277008], [-165.717956543, 154.050918579, -26.9357738495, 6.36913871765, 41.2550468445, 103.422706604, 270.659332275, 32.9413986206, -4.02876663208, 64.6332244873, 65.1504364014, 12.6818408966, -36.5520515442], [-147.975158691, 57.1210403442, 151.532791138, 89.8250198364, 96.6796264648, 78.5986175537, 32.9413986206, 139.53302002, 75.0803222656, 9.10972213745, 14.5530815125, 26.7141876221, 33.5325889587], [36.8087768555, 10.2592992783, -10.1112976074, 51.3631134033, 62.9599914551, 41.0597038269, -4.02876663208, 75.0803222656, 228.237182617, 44.0113868713, -3.5534017086, 52.7063407898, -47.6374511719], [58.6833686829, 49.4241600037, -63.2614135742, 9.89766407013, 51.5188560486, 9.15596866608, 64.6332244873, 9.10972213745, 44.0113868713, 135.362518311, 18.2066287994, 10.2083377838, -31.9342288971], [-239.84197998, 49.01795578, 79.7487030029, -12.2767515182, 9.03600311279, 55.7807273865, 65.1504364014, 14.5530815125, -3.5534017086, 18.2066287994, 108.992263794, 16.4129810333, -4.12674331665], [-12.9472923279, 45.4762573242, 28.943063736, 60.1468009949, 25.0423221588, 1.05793964863, 12.6818408966, 26.7141876221, 52.7063407898, 10.2083377838, 16.4129810333, 86.7498703003, 10.8203048706], [-395.755187988, -5.88588905334, 184.871673584, 101.200752258, 32.9934310913, 5.35211277008, -36.5520515442, 33.5325889587, -47.6374511719, -31.9342288971, -4.12674331665, 10.8203048706, 151.954467773]], "icov": [[0.00013003461936, -0.000173719265149, 0.000179620270501, -2.63032743533e-05, 3.82164726034e-05, 7.20014140825e-05, 0.0001977133943, -0.00021074450342, 0.000111024695798, 3.81710015063e-06, 0.000116818926472, -2.89439376502e-05, 0.000254997925367], [-0.000173719265149, 0.00153435126413, -0.000555569014978, -0.000308734859573, -0.000497180677485, -0.000108091546281, -0.000876768084709, 0.000533548009116, 0.000153710105224, -7.33915658202e-05, -5.5321273976e-05, -0.000438100745669, 0.000334099662723], [0.000179620270501, -0.000555569014978, 0.00271401018836, -0.00125223642681, 0.000301525898976, -0.00182879588101, 0.00163759174757, -0.00134003115818, 0.000691641354933, 0.0005033275811, -0.001523007988, 0.000332142750267, -0.00107549747918], [-2.63032743533e-05, -0.000308734859573, -0.00125223642681, 0.00530496845022, -0.00305722258054, 0.00311349402182, -0.00145572447218, -4.39577925135e-05, -0.00116792751942, 0.000669344968628, 0.00111167738214, -0.00136472168379, -0.00197447021492], [3.82164726034e-05, -0.000497180677485, 0.000301525898976, -0.00305722258054, 0.0109062287956, -0.00532536488026, 0.00187889637891, -0.0034262672998, 0.000812352460343, -0.00435152603313, 0.00171101291198, -0.000346250075381, 0.000188398742466], [7.20014140825e-05, -0.000108091546281, -0.00182879588101, 0.00311349402182, -0.00532536488026, 0.00996117200702, -0.00350192119367, -0.000331504852511, -0.0019553899765, 0.00271067814901, -0.00138278154191, 0.00165792193729, 0.000171985127963], [0.0001977133943, -0.000876768084709, 0.00163759174757, -0.00145572447218, 0.00187889637891, -0.00350192119367, 0.00738822855055, -0.00255710585043, 0.00255255633965, -0.0027850207407, -0.0022281089332, -0.000857643433847, 0.00173051352613], [-0.00021074450342, 0.000533548009116, -0.00134003115818, -4.39577925135e-05, -0.0034262672998, -0.000331504852511, -0.00255710585043, 0.0146891390905, -0.00498509127647, 0.00171907781623, -0.000322866952047, 0.000296735379379, -0.00320107070729], [0.000111024695798, 0.000153710105224, 0.000691641354933, -0.00116792751942, 0.000812352460343, -0.0019553899765, 0.00255255633965, -0.00498509127647, 0.00890200119466, -0.00241550500505, 0.00114094640594, -0.00443111360073, 0.00446769781411], [3.81710015063e-06, -7.33915658202e-05, 0.0005033275811, 0.000669344968628, -0.00435152603313, 0.00271067814901, -0.0027850207407, 0.00171907781623, -0.00241550500505, 0.0113180093467, -0.00195063999854, 0.000981822493486, 0.000247442541877], [0.000116818926472, -5.5321273976e-05, -0.001523007988, 0.00111167738214, 0.00171101291198, -0.00138278154191, -0.0022281089332, -0.000322866952047, 0.00114094640594, -0.00195063999854, 0.0135643389076, -0.00344638689421, 0.0011886775028], [-2.89439376502e-05, -0.000438100745669, 0.000332142750267, -0.00136472168379, -0.000346250075381, 0.00165792193729, -0.000857643433847, 0.000296735379379, -0.00443111360073, 0.000981822493486, -0.00344638689421, 0.0162141565233, -0.00227352487855], [0.000254997925367, 0.000334099662723, -0.00107549747918, -0.00197447021492, 0.000188398742466, 0.000171985127963, 0.00173051352613, -0.00320107070729, 0.00446769781411, 0.000247442541877, 0.0011886775028, -0.00227352487855, 0.0126039395109]]}, "barkbands_spread": {"mean": 19.337770462, "min": 0.368593901396, "max": 98.0090789795, "dmean2": 10.2356805801, "dvar": 59.734462738, "dmean": 6.34976482391, "median": 19.1275806427, "dvar2": 155.372940063, "var": 116.09954834}, "spectral_strongpeak": {"mean": 0.961080610752, "min": 0, "max": 11.4527263641, "dmean2": 0.940934240818, "dvar": 0.790866434574, "dmean": 0.549001395702, "median": 0.485163748264, "dvar2": 1.93281435966, "var": 1.58176100254}, "melbands_crest": {"mean": 14.0579538345, "min": 1.64064013958, "max": 30.8127346039, "dmean2": 5.70390367508, "dvar": 8.94837093353, "dmean": 3.47927427292, "median": 13.4253511429, "dvar2": 22.8950710297, "var": 25.2536945343}, "spectral_energyband_middle_high": {"mean": 0.00478791678324, "min": 1.24165212064e-21, "max": 0.0509185306728, "dmean2": 0.00274233124219, "dvar": 6.89148464517e-06, "dmean": 0.00183632911649, "median": 0.00244664540514, "dvar2": 1.49235620484e-05, "var": 3.36824123224e-05}, "spectral_rms": {"mean": 0.00458623562008, "min": 3.11802797123e-12, "max": 0.0122818192467, "dmean2": 0.00173990032636, "dvar": 1.68942494838e-06, "dmean": 0.00116034341045, "median": 0.00455073826015, "dvar2": 3.92688298234e-06, "var": 3.88082980862e-06}, "spectral_flux": {"mean": 0.0871174409986, "min": 6.3433702735e-11, "max": 0.357902318239, "dmean2": 0.055186830461, "dvar": 0.00141034973785, "dmean": 0.0355833433568, "median": 0.0770187675953, "dvar2": 0.00304868584499, "var": 0.00263872439973}, "erbbands_flatness_db": {"mean": 0.151698172092, "min": 0.0618494078517, "max": 0.319598168135, "dmean2": 0.031836181879, "dvar": 0.000379756820621, "dmean": 0.0213201511651, "median": 0.150653854012, "dvar2": 0.000895412929822, "var": 0.00121355638839}, "barkbands_flatness_db": {"mean": 0.150130033493, "min": 0.0514294877648, "max": 0.521621644497, "dmean2": 0.0419652014971, "dvar": 0.000840162916575, "dmean": 0.0284825786948, "median": 0.135135963559, "dvar2": 0.00167194160167, "var": 0.00366007070988}, "spectral_entropy": {"mean": 7.3494925499, "min": 4.98393535614, "max": 9.82518959045, "dmean2": 0.411832988262, "dvar": 0.0702477768064, "dmean": 0.279057204723, "median": 7.34518623352, "dvar2": 0.15648676455, "var": 0.31912907958}, "spectral_energyband_high": {"mean": 0.000540769426152, "min": 6.90333919964e-21, "max": 0.00417078332976, "dmean2": 0.000518658198416, "dvar": 2.02239817781e-07, "dmean": 0.00032024164102, "median": 0.000358319870429, "dvar2": 5.12664371399e-07, "var": 3.10224521627e-07}, "barkbands_kurtosis": {"mean": 9.06980228424, "min": -1.84182822704, "max": 512.346069336, "dmean2": 10.729552269, "dvar": 303.71472168, "dmean": 6.80557918549, "median": 2.75135850906, "dvar2": 679.439025879, "var": 559.97833252}, "spectral_complexity": {"mean": 13.2452421188, "min": 0, "max": 46, "dmean2": 6.31946086884, "dvar": 30.6609859467, "dmean": 4.3234500885, "median": 13, "dvar2": 63.2011909485, "var": 64.2904891968}, "spectral_contrast_coeffs": {"mean": [-0.626455724239, -0.678364992142, -0.732820570469, -0.731888413429, -0.754334628582, -0.796909570694], "min": [-0.978397965431, -0.978082537651, -0.981851398945, -0.982751131058, -0.981199622154, -0.98075401783], "max": [-0.248914688826, -0.351062715054, -0.399168968201, -0.436453133821, -0.554640352726, -0.656927406788], "dmean2": [0.0970146730542, 0.0917090401053, 0.0716614499688, 0.0615174621344, 0.0523464083672, 0.0339822024107], "dvar": [0.00304371234961, 0.00237415661104, 0.00172564922832, 0.00139739632141, 0.000890127324965, 0.0003809571499], "dmean": [0.0604892671108, 0.0576016046107, 0.0480790548027, 0.0421284586191, 0.0347725450993, 0.0221584811807], "median": [-0.633733034134, -0.6783400774, -0.745793581009, -0.745960056782, -0.752468466759, -0.800241589546], "dvar2": [0.00714330701157, 0.00573046319187, 0.00358279841021, 0.00269440445118, 0.00184066395741, 0.000950602057856], "var": [0.0115923555568, 0.00975822284818, 0.0108974967152, 0.0106113804504, 0.0058277444914, 0.00231886841357]}, "spectral_centroid": {"mean": 1350.21252441, "min": 125.93170929, "max": 11758.3330078, "dmean2": 450.469512939, "dvar": 125409.445313, "dmean": 286.933776855, "median": 1161.36401367, "dvar2": 287168.125, "var": 2285177}, "spectral_energyband_low": {"mean": 0.00922608654946, "min": 1.84140692994e-23, "max": 0.0608830749989, "dmean2": 0.00900488812476, "dvar": 6.57982309349e-05, "dmean": 0.00582869211212, "median": 0.00525567727163, "dvar2": 0.000160440511536, "var": 0.000111155422928}, "dissonance": {"mean": 0.440429121256, "min": 0.250016719103, "max": 0.499999910593, "dmean2": 0.0450771898031, "dvar": 0.000608125235885, "dmean": 0.0275826621801, "median": 0.446003079414, "dvar2": 0.00157110288274, "var": 0.00124842510559}, "zerocrossingrate": {"mean": 0.0607849694788, "min": 0.00244140625, "max": 0.5322265625, "dmean2": 0.0135687068105, "dvar": 0.000148158869706, "dmean": 0.0103310635313, "median": 0.05078125, "dvar2": 0.000243779766606, "var": 0.00506867747754}, "erbbands": {"mean": [0.130958020687, 0.980048894882, 3.59659767151, 5.59056663513, 4.07407903671, 20.0280742645, 16.5177116394, 9.72026157379, 12.810965538, 34.3564376831, 41.8864822388, 39.8511428833, 20.3871116638, 26.9591388702, 18.9913043976, 14.4311914444, 17.868391037, 42.7440605164, 29.6183605194, 26.9803752899, 21.4799442291, 15.5069532394, 28.8711013794, 13.8220243454, 11.703373909, 9.49577140808, 4.91491937637, 6.40058326721, 3.19082427025, 1.55898249149, 2.68279981613, 2.44384050369, 1.31885075569, 0.633272051811, 0.282238125801, 0.0764146745205, 0.0182944610715, 0.00276757963002, 0.000284312060103, 4.15611066273e-05], "min": [7.96126882138e-23, 8.31681587821e-22, 2.42389142832e-21, 5.28902353282e-21, 5.60746221926e-21, 2.77784471854e-20, 6.17013599819e-20, 4.41335365738e-20, 1.09293978469e-19, 7.68932686392e-20, 2.76405451913e-19, 2.51548416012e-19, 6.31971468062e-19, 6.67613905175e-19, 8.65810050557e-19, 1.03631492907e-18, 1.51656616994e-18, 1.29853945505e-18, 2.28557344476e-18, 2.78045347817e-18, 3.93258000025e-18, 5.05624158308e-18, 4.8215067504e-18, 6.58967562008e-18, 8.09178267292e-18, 7.75129445328e-18, 7.45215616527e-18, 9.17005644195e-18, 1.06411251967e-17, 8.6089566714e-18, 1.03527468741e-17, 8.00268539478e-18, 1.01485697476e-17, 6.78015587641e-18, 5.94465713561e-18, 4.15114469273e-18, 2.21951976413e-18, 8.94251208353e-19, 2.35743786241e-19, 2.70444843349e-20], "max": [1.51277148724, 11.7097377777, 36.9233398438, 102.03125, 113.755828857, 568.108764648, 489.507843018, 330.604736328, 390.270477295, 1094.92919922, 927.514038086, 1027.44274902, 906.710205078, 433.521392822, 609.44342041, 841.633422852, 765.48449707, 1492.69458008, 1074.87438965, 692.909179688, 426.620574951, 249.820556641, 493.271820068, 220.40335083, 349.678344727, 231.078826904, 57.7382926941, 81.7883300781, 153.212890625, 22.1311702728, 26.2976436615, 30.3489398956, 15.5105066299, 11.4063711166, 2.88765525818, 0.959197223186, 0.495200425386, 0.0566255971789, 0.00626908196136, 0.000384686107282], "dmean2": [0.115795455873, 0.805478394032, 4.5416970253, 8.65080070496, 5.65861606598, 29.4319629669, 25.3081130981, 13.3429956436, 19.915353775, 56.1851081848, 35.8391838074, 31.1124134064, 15.5342683792, 18.7175540924, 14.6038703918, 12.5471582413, 18.8664054871, 22.6231021881, 17.066280365, 17.395822525, 24.1403045654, 18.9945907593, 24.9332580566, 14.8382730484, 16.8919143677, 12.8278026581, 3.98864912987, 4.05961608887, 6.25813674927, 2.44080901146, 2.97382879257, 2.82956218719, 1.86251807213, 0.843426644802, 0.303064256907, 0.0946986451745, 0.0340557284653, 0.00563174951822, 0.000559742271435, 4.09859203501e-05], "dvar": [0.0217854194343, 0.870001137257, 18.3360042572, 101.397377014, 42.6368637085, 1394.81176758, 1156.296875, 430.311737061, 686.384338379, 7519.09912109, 2488.73120117, 2336.52319336, 1522.46533203, 468.295654297, 421.73348999, 373.062042236, 791.843811035, 1685.32751465, 864.49597168, 717.167602539, 749.061889648, 432.995788574, 730.482910156, 276.687255859, 513.709838867, 284.762023926, 16.010477066, 14.9766492844, 102.490859985, 4.7202296257, 6.46534252167, 6.88893985748, 3.04991221428, 0.614358186722, 0.069050706923, 0.00712202908471, 0.00136567885056, 3.52744173142e-05, 3.54498979505e-07, 1.29392996318e-09], "dmean": [0.0814079493284, 0.546756982803, 2.80534791946, 5.12733602524, 3.26453661919, 17.0985851288, 14.8182096481, 8.05992126465, 11.9174642563, 33.3027381897, 22.8144512177, 20.2631397247, 10.4367609024, 12.2981138229, 10.0493888855, 7.97781801224, 11.6736621857, 15.7263259888, 12.2804260254, 11.8364524841, 14.7446727753, 11.4740200043, 15.7756128311, 9.30415153503, 10.2634010315, 7.99068927765, 2.55809235573, 2.60973334312, 3.52684187889, 1.46288061142, 1.80591917038, 1.69576716423, 1.09523510933, 0.500316798687, 0.181948304176, 0.056409291923, 0.01977715455, 0.00322277727537, 0.000319590093568, 2.51541059697e-05], "median": [0.0417582243681, 0.399706602097, 1.64508068562, 1.70029640198, 2.35083651543, 9.15775871277, 7.99829339981, 3.67638516426, 4.65975570679, 10.8053407669, 10.0469017029, 14.6184911728, 4.71628046036, 7.61744642258, 6.30001020432, 5.4630188942, 5.53864002228, 6.85832262039, 5.5028924942, 4.94344329834, 6.16156101227, 6.4326210022, 9.88777065277, 5.82778978348, 3.69557929039, 3.36469841003, 2.61589646339, 2.50729417801, 1.08088588715, 0.809257566929, 1.51079940796, 1.58065378666, 0.800433516502, 0.387141913176, 0.15717202425, 0.0443683303893, 0.00754432706162, 0.000993157620542, 0.000113389687613, 3.2545915019e-05], "dvar2": [0.0491578653455, 2.03837871552, 44.2127418518, 268.955780029, 119.128829956, 3722.99316406, 3019.36547852, 1106.76928711, 1826.80358887, 19990.0195313, 5778.22753906, 5325.41162109, 3144.16894531, 1061.3671875, 732.588623047, 873.936584473, 2019.03088379, 3319.98461914, 1380.85791016, 1400.20214844, 1856.76171875, 1132.81616211, 1762.90869141, 680.412597656, 1266.39172363, 681.425415039, 37.9303436279, 35.811000824, 291.865509033, 12.2161235809, 16.6327896118, 18.420955658, 8.10385036469, 1.60243785381, 0.178625479341, 0.018492763862, 0.00363531010225, 9.49839668465e-05, 9.59190742833e-07, 3.32312177775e-09], "var": [0.0394615679979, 2.02362179756, 24.0166835785, 89.8602905273, 33.9794387817, 1225.92297363, 930.582092285, 414.392791748, 597.818481445, 6051.17822266, 4800.04785156, 4126.23388672, 4344.31689453, 2050.33129883, 1620.34289551, 951.645385742, 1228.65551758, 10878.3398438, 4638.96777344, 3274.22973633, 1372.37805176, 515.406738281, 2048.35180664, 415.088012695, 494.98135376, 304.268066406, 38.7166099548, 92.3434066772, 63.2535896301, 4.40478563309, 10.3003177643, 7.67020130157, 2.84295225143, 0.627801537514, 0.110033430159, 0.00849639438093, 0.00106293184217, 2.56954626821e-05, 2.53565815456e-07, 1.40851030839e-09]}, "pitch_salience": {"mean": 0.512321949005, "min": 0.0715816840529, "max": 0.873834252357, "dmean2": 0.130872070789, "dvar": 0.00549385743216, "dmean": 0.0813218206167, "median": 0.505676984787, "dvar2": 0.0136947305873, "var": 0.0144412964582}, "silence_rate_60dB": {"mean": 0.0550783239305, "min": 0, "max": 1, "dmean2": 0.0572872795165, "dvar": 0.0278219077736, "dmean": 0.0286388136446, "median": 0, "dvar2": 0.0674882084131, "var": 0.0520474612713}, "melbands": {"mean": [0.00120120262727, 0.0017110647168, 0.000884612032678, 0.000813566613942, 0.00071405863855, 0.000207895442145, 0.000249637698289, 0.000359280209523, 0.000379759032512, 0.000241182817263, 9.31078830035e-05, 0.000100862664112, 7.54902139306e-05, 4.61841191282e-05, 3.1524363294e-05, 4.3265572458e-05, 8.90624505701e-05, 3.96978321078e-05, 6.27683912171e-05, 2.14772262552e-05, 2.45849660132e-05, 1.6399557353e-05, 2.12445083889e-05, 2.15007166844e-05, 1.0459853911e-05, 6.67691438139e-06, 1.10001201392e-05, 5.24836150362e-06, 3.0831508866e-06, 3.3940573303e-06, 3.50621576217e-06, 2.07397602026e-06, 8.33296155633e-07, 8.50185529089e-07, 1.4170900613e-06, 1.83396116427e-06, 1.37508720854e-06, 9.40573784192e-07, 7.52406492666e-07, 4.56589589248e-07], "min": [1.51168379888e-24, 1.30421643764e-24, 9.61622429541e-25, 9.39591319395e-25, 1.84402665812e-24, 8.96118575415e-25, 1.74749276307e-24, 8.55744181247e-25, 2.28202372916e-24, 1.37365838401e-24, 2.99425212225e-24, 2.39563094078e-24, 2.15674985639e-24, 2.24354388306e-24, 2.05559737796e-24, 2.29944177794e-24, 2.27894283289e-24, 2.86540254022e-24, 2.39543411998e-24, 3.5867375436e-24, 3.02774064818e-24, 5.07554999685e-24, 2.92639371553e-24, 2.45525265356e-24, 4.85824879418e-24, 4.26182261818e-24, 2.71571716953e-24, 4.7410737619e-24, 3.35772688407e-24, 4.71247794852e-24, 4.21260400858e-24, 4.9509963541e-24, 4.23142228547e-24, 5.18961967818e-24, 5.07560166724e-24, 5.02447874742e-24, 4.57786317378e-24, 5.98266785709e-24, 6.51544005778e-24, 4.23072098813e-24], "max": [0.0142356352881, 0.0156635604799, 0.0171812530607, 0.0228338353336, 0.0186252780259, 0.00645078672096, 0.00829881895334, 0.0110920593143, 0.00876594241709, 0.00608874717727, 0.00464638182893, 0.00232890062034, 0.0020531823393, 0.00166920421179, 0.0048565659672, 0.00113592250273, 0.00321501703002, 0.00250988802873, 0.0013073523296, 0.00103507295717, 0.00051963882288, 0.000357863667887, 0.000300219049677, 0.000615301192738, 0.000197681350983, 0.000141394455568, 0.000456218345789, 0.000109741238703, 5.02861475979e-05, 4.35400288552e-05, 4.42100863438e-05, 0.000116948329378, 3.13028976962e-05, 1.21326684166e-05, 1.85259596037e-05, 1.98872821784e-05, 2.44503989961e-05, 1.40619958984e-05, 1.43270926856e-05, 7.58152054914e-06], "dmean2": [0.000981621560641, 0.00186534970999, 0.00134043861181, 0.0010845141951, 0.00112507666927, 0.000274987076409, 0.000397293479182, 0.000555911974516, 0.000302073633065, 0.000187194993487, 7.57556481403e-05, 7.35604262445e-05, 5.8461802837e-05, 4.07118350267e-05, 3.02255484712e-05, 4.87668185087e-05, 4.67659883725e-05, 2.79167215922e-05, 3.78291915695e-05, 2.01824605028e-05, 3.44162835972e-05, 2.56387702393e-05, 1.93032537936e-05, 1.93925461645e-05, 1.25333926917e-05, 8.54553036334e-06, 1.80980732694e-05, 6.97931545801e-06, 2.87394004772e-06, 2.27962868848e-06, 2.33425816987e-06, 4.37202288595e-06, 1.66472727869e-06, 1.30277624066e-06, 1.66666427504e-06, 1.94981089408e-06, 1.72988325176e-06, 1.41267139497e-06, 1.02233525467e-06, 6.36059724002e-07], "dvar": [1.63844708823e-06, 2.77864046438e-06, 2.45730097959e-06, 1.65836934229e-06, 2.3356519705e-06, 1.70691180301e-07, 2.93468872314e-07, 6.78569904267e-07, 2.06228406796e-07, 8.3072215773e-08, 3.82907110463e-08, 7.8178494789e-09, 5.59702284519e-09, 3.51495210715e-09, 7.27921012356e-09, 4.4438430713e-09, 8.75313332926e-09, 3.15569526066e-09, 3.92071841659e-09, 1.37296607416e-09, 1.73218384081e-09, 9.82736447774e-10, 4.31811059132e-10, 5.04156938419e-10, 2.02849917419e-10, 1.21451820823e-10, 6.82949863329e-10, 8.14721623499e-11, 9.94466228116e-12, 5.16280507928e-12, 5.33624837026e-12, 5.67023650255e-11, 3.59430193941e-12, 1.30730333243e-12, 2.09772325378e-12, 2.93097360618e-12, 2.76179014554e-12, 1.81086341668e-12, 8.96116514326e-13, 3.73657864632e-13], "dmean": [0.00069209758658, 0.00117533584125, 0.000800870824605, 0.000635599193629, 0.000657632364891, 0.000165603531059, 0.000237111540628, 0.00033355987398, 0.000194170002942, 0.00012164261716, 5.08135562995e-05, 4.83387957502e-05, 3.91805115214e-05, 2.6159812478e-05, 1.94316471607e-05, 3.01175987261e-05, 3.26913541357e-05, 2.01211933017e-05, 2.5783368983e-05, 1.30665021061e-05, 2.06128734135e-05, 1.50701489474e-05, 1.2198598597e-05, 1.23358595374e-05, 7.79175024945e-06, 5.25905579707e-06, 1.08696040115e-05, 4.34573576058e-06, 1.8300006559e-06, 1.47548769291e-06, 1.4879635728e-06, 2.44108287006e-06, 9.65880758486e-07, 7.81680512318e-07, 1.00961301541e-06, 1.18112780001e-06, 1.02872161278e-06, 8.26172879442e-07, 6.04957051564e-07, 3.76075661279e-07], "median": [0.000371534493752, 0.000885675137397, 0.000281124812318, 0.000413400004618, 0.00034585368121, 7.99623157945e-05, 8.50159703987e-05, 0.0001077545312, 6.60609803163e-05, 8.29451164464e-05, 1.00985935205e-05, 2.3546632292e-05, 2.18207005673e-05, 1.12616553452e-05, 8.72973942023e-06, 7.80402388045e-06, 1.03142774606e-05, 7.10260337655e-06, 6.59485704091e-06, 4.89498370371e-06, 6.42507711746e-06, 5.41685449207e-06, 7.24116307538e-06, 7.72186376707e-06, 3.61827278539e-06, 2.42093506131e-06, 2.35880656874e-06, 1.76103151261e-06, 1.35163134019e-06, 1.34355457249e-06, 1.25322151234e-06, 5.28565465174e-07, 2.75611967027e-07, 4.60622231913e-07, 7.77720174483e-07, 1.03070260593e-06, 8.70096755534e-07, 5.3369797115e-07, 4.62266456225e-07, 2.54386122833e-07], "dvar2": [3.75951844944e-06, 6.67558606438e-06, 6.49769799566e-06, 4.49106073575e-06, 6.06883577348e-06, 4.39555776666e-07, 7.76153513016e-07, 1.78525090178e-06, 4.77228752516e-07, 1.88369213561e-07, 7.98131765123e-08, 1.73326135666e-08, 1.13544968983e-08, 8.04513877739e-09, 1.68886273855e-08, 1.11084972332e-08, 1.71387348757e-08, 4.63667459982e-09, 7.57883800162e-09, 2.88435564322e-09, 4.47991066466e-09, 2.64522626026e-09, 1.06001341038e-09, 1.14115628058e-09, 5.03218688941e-10, 3.04894332004e-10, 1.68936309386e-09, 1.97857549789e-10, 2.36972785145e-11, 1.24078646663e-11, 1.24691776002e-11, 1.62406976756e-10, 9.73555524392e-12, 3.4030846717e-12, 5.38548546036e-12, 7.69667749673e-12, 7.45035370203e-12, 4.84298452036e-12, 2.36496044102e-12, 9.75579317851e-13], "var": [3.32261561198e-06, 4.19193838752e-06, 2.18042987399e-06, 1.57894771746e-06, 1.86694603599e-06, 1.6737136832e-07, 2.51231938364e-07, 6.01271267442e-07, 4.40072909669e-07, 1.58415659257e-07, 1.10044226176e-07, 3.06671026351e-08, 1.90582571946e-08, 1.49384007386e-08, 1.01188604162e-08, 9.78275949137e-09, 5.51482308708e-08, 1.58978270548e-08, 2.48322162832e-08, 3.12559089721e-09, 2.11735962097e-09, 8.41735958712e-10, 1.04672936985e-09, 1.3968552981e-09, 2.75303474462e-10, 1.31678640214e-10, 6.17439765982e-10, 9.50028042346e-11, 2.17738604924e-11, 2.56758572736e-11, 2.9526669304e-11, 3.42173581136e-11, 2.6064131322e-12, 1.27812625934e-12, 3.19157504244e-12, 4.68951396812e-12, 2.7669741498e-12, 1.62935756467e-12, 8.9689188151e-13, 3.73102509174e-13]}, "dynamic_complexity": 2.8575630188, "average_loudness": 0.934288799763, "spectral_energyband_middle_low": {"mean": 0.0120122302324, "min": 1.29630306624e-22, "max": 0.142635792494, "dmean2": 0.012672374025, "dvar": 0.000177450754563, "dmean": 0.00768305920064, "median": 0.00885287951678, "dvar2": 0.000461458170321, "var": 0.000173746331711}, "spectral_contrast_valleys": {"mean": [-7.78721380234, -7.62494134903, -8.41727638245, -8.88549041748, -8.6154718399, -10.3816814423], "min": [-28.0882167816, -28.1817970276, -27.8158054352, -27.6935043335, -27.5205726624, -27.4199485779], "max": [-5.39281845093, -4.28302288055, -5.68059253693, -5.9298081398, -5.88831853867, -8.12863540649], "dmean2": [0.7419449687, 0.936975419521, 0.805546760559, 0.777386307716, 0.786652505398, 0.735240399837], "dvar": [0.212748840451, 0.332945913076, 0.283003419638, 0.277314603329, 0.283671140671, 0.220188185573], "dmean": [0.486963063478, 0.643162310123, 0.594993233681, 0.582467198372, 0.588841795921, 0.52980607748], "median": [-7.22566366196, -7.19965696335, -8.05089187622, -8.49817085266, -8.26437950134, -9.91763591766], "dvar2": [0.400588691235, 0.684059262276, 0.518559277058, 0.486158967018, 0.481765031815, 0.475938588381], "var": [9.39221858978, 9.31119346619, 8.54664134979, 8.22321987152, 8.45023822784, 7.00452518463]}, "erbbands_kurtosis": {"mean": 0.781618118286, "min": -1.81159377098, "max": 40.2