{"tonal": {"thpcp": [1, 0.338982254267, 0.0669503584504, 0.0561846196651, 0.0710817053914, 0.140494316816, 0.154096856713, 0.0946273133159, 0.0696201249957, 0.0652680248022, 0.111874446273, 0.274757951498, 0.281769156456, 0.159623742104, 0.413300216198, 0.575412690639, 0.26736882329, 0.0658428966999, 0.0632405206561, 0.140794038773, 0.414423882961, 0.433401882648, 0.170882359147, 0.114326544106, 0.140093311667, 0.130326256156, 0.137428507209, 0.136997237802, 0.136121958494, 0.130940213799, 0.107319191098, 0.121137842536, 0.165083497763, 0.165296807885, 0.277211785316, 0.903457164764], "hpcp": {"dmean2": [0.180003583431, 0.200795531273, 0.204085767269, 0.176757842302, 0.179760798812, 0.202481254935, 0.199745982885, 0.256599158049, 0.359384298325, 0.355030328035, 0.233827456832, 0.0908512249589, 0.0742406621575, 0.0803192332387, 0.130268901587, 0.144443437457, 0.107694007456, 0.0907292813063, 0.0871267840266, 0.108731418848, 0.174785584211, 0.176578804851, 0.129755884409, 0.149987071753, 0.168766304851, 0.121211290359, 0.0734006464481, 0.0722516477108, 0.116582326591, 0.214481502771, 0.219106197357, 0.133960261941, 0.159896820784, 0.208840966225, 0.166491612792, 0.161359384656], "median": [0.0136345718056, 0.0136914821342, 0.011225768365, 0.00643911352381, 0.0109519008547, 0.0212889909744, 0.0198700875044, 0.0723330825567, 0.385948389769, 0.417262226343, 0.114384256303, 0.00790518615395, 0.00671467743814, 0.0118132354692, 0.0253588110209, 0.0256539098918, 0.0133120538667, 0.00781604833901, 0.00785572454333, 0.0211436767131, 0.0460940748453, 0.0425392612815, 0.0322605222464, 0.0322402082384, 0.0306110028177, 0.0256444811821, 0.00778007460758, 0.00618373928592, 0.0256328973919, 0.0877557396889, 0.0930797383189, 0.0335865095258, 0.00799295399338, 0.00807140022516, 0.0100502762944, 0.012907024473], "min": [0.00013241758279, 0.00027074009995, 0.000235723244259, 0.000204004230909, 0.000300630374113, 0.000446959689725, 0.00038785871584, 0.00041356033762, 0.000675666378811, 0.00063624267932, 0.000437519367551, 0.000255292950897, 0.000197809844394, 0.000210310827242, 0.000285244401312, 0.000388402957469, 0.00017466225836, 0.000241671004915, 0.000268530566245, 0.000408190157032, 0.000378437049221, 0.000238185471972, 0.000139578041853, 0.000106715524453, 0.000156291847816, 0.00017304069479, 0.000201458213269, 6.19143684162e-05, 0.000368729437469, 0.000457905727671, 0.000533796730451, 0.000299211242236, 0.000190448598005, 0.000202515220735, 0.000184398028068, 0.000150182153448], "dvar2": [0.139053225517, 0.157285705209, 0.180825099349, 0.15428006649, 0.140879645944, 0.148042961955, 0.140272006392, 0.129776537418, 0.123844742775, 0.140510886908, 0.0969654917717, 0.0580113567412, 0.055366050452, 0.0483911447227, 0.0731598138809, 0.0925597846508, 0.0705506727099, 0.0646642819047, 0.0621637813747, 0.0561782382429, 0.0849908366799, 0.0826685875654, 0.0610606260598, 0.0653934329748, 0.0941867306828, 0.0511213354766, 0.0451788119972, 0.0423428490758, 0.0513515546918, 0.0879099816084, 0.0867150500417, 0.0560426972806, 0.130911365151, 0.192022621632, 0.120033673942, 0.118229411542], "dvar": [0.0484329052269, 0.0537156425416, 0.0600124076009, 0.0503716282547, 0.0474542975426, 0.050278827548, 0.0475348643959, 0.0463233590126, 0.0577772371471, 0.0706994608045, 0.0342036113143, 0.0196375586092, 0.0186083614826, 0.0161517597735, 0.0253786239773, 0.0328062996268, 0.0242584347725, 0.0220345966518, 0.0211993306875, 0.0195687580854, 0.0327758975327, 0.0324952527881, 0.021700758487, 0.0274755358696, 0.0427656173706, 0.0188152641058, 0.0157842226326, 0.0149783110246, 0.0187565051019, 0.0353540144861, 0.0351788550615, 0.0203486196697, 0.046449098736, 0.0681344866753, 0.0455818027258, 0.0431267209351], "dmean": [0.0951545089483, 0.103923410177, 0.104944340885, 0.0905020982027, 0.0930465608835, 0.106671355665, 0.105745136738, 0.142301112413, 0.211611703038, 0.208441436291, 0.130265325308, 0.0475114248693, 0.0387633778155, 0.0428654067218, 0.0711270049214, 0.0786238312721, 0.057448938489, 0.0477528497577, 0.0455249883235, 0.0594201385975, 0.101697407663, 0.102301642299, 0.0730518624187, 0.0903564989567, 0.0973042845726, 0.0691787600517, 0.0401024669409, 0.0392561107874, 0.0659316033125, 0.127662688494, 0.130020394921, 0.075776591897, 0.0839162915945, 0.109297789633, 0.0891018807888, 0.0882202535868], "max": [1, 1, 1, 1, 1, 1, 1, 1, 1, 1, 1, 1, 1, 1, 1, 1, 1, 1, 1, 1, 1, 1, 1, 1, 1, 1, 1, 1, 1, 1, 1, 1, 1, 1, 1, 1], "var": [0.0293294712901, 0.0308963134885, 0.0339652076364, 0.0283663924783, 0.027891619131, 0.0328431464732, 0.0327878035605, 0.0384915061295, 0.127021700144, 0.156420692801, 0.0321937389672, 0.0114857302979, 0.0105863288045, 0.00942694302648, 0.019436519593, 0.0258325785398, 0.0151626709849, 0.0128424558789, 0.0120523311198, 0.0135193224996, 0.0482327789068, 0.0539706498384, 0.0187683589756, 0.0812302231789, 0.16053172946, 0.0352390557528, 0.0102579863742, 0.0103963706642, 0.0158184729517, 0.0692235901952, 0.0738852024078, 0.0178813114762, 0.0285304319113, 0.0405946448445, 0.0323198959231, 0.0297380872071], "mean": [0.0690221786499, 0.0685811936855, 0.065970517695, 0.0540697351098, 0.061031870544, 0.0831726416945, 0.0832801163197, 0.139665305614, 0.45518130064, 0.503821671009, 0.170786604285, 0.0337310433388, 0.0283070281148, 0.0358125045896, 0.0707840844989, 0.0776373371482, 0.0476752929389, 0.0350761264563, 0.0328834466636, 0.0563647709787, 0.138429015875, 0.141961410642, 0.0804219022393, 0.208229601383, 0.289905369282, 0.13470621407, 0.0331730768085, 0.0318619459867, 0.0709350854158, 0.208795726299, 0.218357264996, 0.086094237864, 0.0576001890004, 0.0705820471048, 0.0656611919403, 0.0692394599319]}, "tuning_equal_tempered_deviation": 0.159806087613, "chords_changes_rate": 0.0590065680444, "key_key": "F", "tuning_diatonic_strength": 0.590766727924, "key_scale": "major", "chords_number_rate": 0.00115247210488, "tuning_frequency": 434.193115234, "tuning_nontempered_energy_ratio": 0.842153429985, "chords_histogram": [13.8872880936, 1.4982136488, 37.3861923218, 2.61611151695, 0.218969687819, 1.17552149296, 0, 0, 0, 0, 0.945027053356, 8.40152168274, 24.5246047974, 0, 0, 0, 0, 5.20917367935, 2.38561725616, 0.391840487719, 0, 0.0921977609396, 0.2304944098, 1.0372248888], "key_strength": 0.769539356232, "chords_key": "C", "chords_strength": {"dmean2": 0.00751689821482, "median": 0.540594518185, "min": 0.264052480459, "dvar2": 5.7873003243e-05, "dvar": 3.65693522326e-05, "dmean": 0.00654080184177, "max": 0.766453564167, "var": 0.00652779312804, "mean": 0.53604978323}, "chords_scale": "major", "hpcp_entropy": {"dmean2": 1.10792219639, "median": 2.18831729889, "min": 0.0412129722536, "dvar2": 0.786555886269, "dvar": 0.288508206606, "dmean": 0.653301537037, "max": 4.42060232162, "var": 0.513430714607, "mean": 2.16509532928}}, "metadata": {"audio_properties": {"equal_loudness": 0, "codec": "mp3", "downmix": "mix", "sample_rate": 44100, "analysis_sample_rate": 44100, "bit_rate": 256000, "md5_encoded": "f41ce6e24654f12a89fe23f94b611297", "length": 402.886535645, "replay_gain": -10.1488418579, "lossless": false}, "version": {"essentia_build_sha": "70f2e5ece6736b2c40cc944ad0e695b16b925413", "essentia": "2.1-beta2", "extractor": "music 1.0", "essentia_git_sha": "v2.1_beta2"}, "tags": {"title": ["Ong Namo (Neptune Project's in Search of the Mayan's remix)"], "language": ["eng"], "media": ["Digital Media"], "albumartist": ["Armin van Buuren"], "musicbrainz_releasegroupid": ["da145c1b-735d-4c60-83b9-44c4665eaa52"], "musicbrainz_recordingid": ["0f82ad67-4558-479d-ad84-d31b552cb3e6"], "musicbrainz_albumartistid": ["477b8c0c-c5fc-4ad2-b5b2-191f0bf2a9df"], "discnumber": ["1/1"], "bpm": ["0"], "musicbrainz album type": ["broadcast"], "musicbrainz album status": ["Bootleg"], "file_name": "22. Bryan Kearney & Snatam Kaur - Ong Namo (Neptune Project's in Search of the Mayan's remix).mp3", "acoustid_fingerprint": ["AQADtFEUKXmyJLiKJuh7XDl0lA9S97iTw4V73Bfs5kh-pN2CG9124wrKI71O6O0QJtWO6zjOI1LyFH12fMlx6Tj6jEh_uMrRM5kQkTa0o1ETHblz9MmF3_CDHJUZQ8uOKkeeFz186ciJkgxa7oMjdKzRZykaHSdjNE6Iisaeo1oF_3B3HG-OH35QXISO5uhMHD96RYd4HJaJHd9w-PgW-MGR3cdJnNvxETl-iD_wDMcd-EfFJcClHcUHkzwOHT5yoPjwIycLjT6OHD965EZ1uFuOQ0T14OiSTId3nIeP5jtuND8qTHjw7oFxnEd9nDh6AMfxAcfX4_ug48BzeIcKOHnx4wnCXLjw48S1-bjC4xv6w0fxI0g-nMb1olfwrMZ5vPiRw0-Ro-gDwyeK57hwByXxKEfIQvvhIuJZHDXxCNfxH4F8XMh3PKglxcWVo8mP40Et_PBeHDkaqD9ePP2Ro9Fj1Bv6I4xKXCqKPYOPopnQEufR__CH_riAF_2HA71R-Dh848cjHD9gHEf64_jxw3jw4xPMp0Jx9Gi-IDnCH36x7zDXo5_xHT0PV3hxGD-O44ePADsA8XCB79hh_PiRB9aPH39x1OlxEfkjQ5z04sep488T2C_kH9-OME6OsNfwsNDyoz940miqRD2eE4-GQw-D4zhhCT4uGhYuGL4FmD-gG8eDLxAl-Phh5ccvHDcOnzhx3DhuJTBhnIZ1XLBx-DBJCw9-4MdxHj9-pKKPI_7xBs7RB-eL7vgWocVrdIUfwfDxwode-Dhh6dCFk-iJX2gPywKgHz4Ov_hyiNLhCz8afEcfWBaO48fhF-aPG75wwoctog86PYV_6DjO3DgL9_CXoVYO6EfJ5bBxPIEl4rB8-MYpGIfhEz90nDZu-DgHHzoP68aFHwd84jhxGTgF64AvHT5-2AZ8mKSFR_gDQT-O__hxIdVvHPGPB06PPjiP7oMfoTl-dIcv4DjE4_BxWIcuHD3xHD0sC7hwiMdhHoelH7rgwxf6HN0hxsGFHLyOH_Z2uDtyQktmIXeOu8xwoQ6uw-sR-4d8hDIuBj9-GT18XDrCR-ihH7vg48CJ44cZ-Ad--Dj6oD2O4wZ8Ae7x4odxmLhw-MLhG_CH6_jhHfhx3EB1lO-g5_DgFx_hw0ePQxWFXrDWsPCL48eF4xB__NDxwySBSytwXDtc6JEo-MdxvXBu4ISOHz-ew3jxHT_8HD6ON1xx4SJiH9dy_DiO_Xj0wqdxJEe4Bv9wXbjyoh2pFT-afZiJmEer48Qh8scpHMfxO3h1HN5xfMfhqzhEiUd9_Eefw4LwHc9x48R1PPhwNPSNSw5-ITwa5XjQ44d__MiDGg-PPz60wzn6C2GVFs_hB6GE57gOLUWfB0Vz4VrQ7zh0-BJ6o6bgz9DhXXiP77CCPoR246qCD0d-pBXxw_kgHke9B_lR7wjDiHhx7fjRw0fPHJ2OTyvyH-7xHZ2HHz1micepC86yI4ci_MiJH89xEuUR5scPVRpttMoFTyo6E9DloR_-C4dJ_OiPnnC2Ht-BQx-aiMzxHEd_-D3wHz8O7-jp4MdR_MGPE96D44eP4xEu5Ef65ejxo0czZoYuHCdxCfnxI4QfPIN_aMeLP3jQwx9-XPDxQuTxCyePH9qPO0ejPihOtMd3GOGPCy8t9PAR4j2uoz98Qzv6ozlOFkcPqyG8C9qL6wJCHcdx-Efl4kMObQl8OOrQH_0PB81e6Mcz_ENzGn1yHM0TPNHxA-34oXwgvrjxFn7gCyWZQ8-i4_jR19DyD9_RM4f4DD5xBz6q87jxB2WeCtcB60E_9Dg-fMd59Bd-dIKW_Tg-FC-OHi9eAAMAgMwJYQAwgjFBjXGEIECUIc4IIAyAVAFjgAAGCAIskMBLQIRQQABikDBIIYIYUmJJIwBAlitrkBCAGCEQBAIBoxACwjlBiPKCEIIEQ0ABIqihQjhhBBDEEAJAANCZawm0gkEhgQHQEEGIhMgRAQxoQhCuGCPEOSEYFRRY4ZAUhgAFzEIMSEGAgcoRQRiigABjCCFCgCKMQ4ggYYRgAjEjCFNQQSQIAmwqgQS1ykhiglNCKaEAEsQ5ghgy2oAhFFQKCWERMEZYBpAxhBFjkBIAAGQcMAYxoIAihAEDjJVOKamEMFY65QwRBChrhrGKCmek1U4Yi6xRhDgKQCLKEiKgYQBgpZQRyhCGBELKAaOEMMQgZjJDVgghjCNCCCYUQc4JyASg0hqlrHBGCqMMUsJIpawwzxgjhBJSOUEkckYIQpQBIBHKCBHQAIaMEE055YyyhBkmmnLCCaGUAcggUggSgDBgAEmIEGKQYsgIABhQxCFhnLNACeQUSYBda4BI0Epj2CLCIUAQcEIS4RQSZDkLBGKOcYCsUAI8MggCCiCBjBLWAeOYYEwBA-FAxhHglCWDIQEABAAZoqhyjDErEKKSJGAEJVBAZwgBRABEBHCEGCAkKABAoiTBjgqCnCREEAGAQMYJCZkAiChhSAtMQIeMUYABQ5AiBGC4EEFMAQMFEsIRSICDhkEOBBHwYI8YQsYDw4RhhAAhqCBICCeoAEy5JQAggjgEBKHABEOEEc4CYR2bQghBBUOGOC8oQMwIxZwhTVAgEYEMEUEIQYYgJhxQQhCrCGFGIEWEAYYZxx0QTlxBnAcMESIkJMwKIIw4DAhKIBAMAAWICVIIwoAAAFgBBCUAOEEIptABJgQikiDqLBTMAg"], "date": ["2011"], "genre": ["Trance"], "album": ["2011-03-24: A State of Trance #501"], "script": ["Latn"], "originaldate": ["0000"], "musicbrainz_albumid": ["6473e847-4544-4c04-9e30-b2f1346d51c6"], "artist": ["Bryan Kearney & Snatam Kaur"], "artistsort": ["Kearney, Bryan & Kaur, Snatam"], "tracknumber": ["22/25"], "albumartistsort": ["Buuren, van, Armin"], "acoustid_id": ["d370680b-ed05-4390-b005-a457906c3acc"], "musicbrainz_artistid": ["428993f8-d31d-4374-afec-ccf92f971f4d"]}}, "rhythm": {"bpm_histogram_first_peak_bpm": {"dmean2": 0, "median": 136, "min": 136, "dvar2": 0, "dvar": 0, "dmean": 0, "max": 136, "var": 0, "mean": 136}, "bpm": 136.818267822, "bpm_histogram_second_peak_spread": {"dmean2": 0, "median": 0.33333337307, "min": 0.33333337307, "dvar2": 0, "dvar": 0, "dmean": 0, "max": 0.33333337307, "var": 0, "mean": 0.33333337307}, "bpm_histogram_first_peak_weight": {"dmean2": 0, "median": 0.677559912205, "min": 0.677559912205, "dvar2": 0, "dvar": 0, "dmean": 0, "max": 0.677559912205, "var": 0, "mean": 0.677559912205}, "onset_rate": 3.73292660713, "beats_position": [0.429569154978, 0.859138309956, 1.30031740665, 1.74149656296, 2.19428563118, 2.67029476166, 3.14630389214, 3.62231278419, 4.1099319458, 4.59755086899, 5.0387301445, 5.47990942001, 5.92108821869, 6.3622674942, 6.79183673859, 7.22140598297, 7.66258478165, 8.10376358032, 8.54494285583, 8.98612213135, 9.41569137573, 9.84526062012, 10.2864398956, 10.7276191711, 11.1687984467, 11.6099767685, 12.051156044, 12.4923353195, 12.933514595, 13.3746938705, 13.8158731461, 14.2454423904, 14.6750106812, 15.1161899567, 15.5573692322, 15.9869384766, 16.4165077209, 16.8576869965, 17.298866272, 17.7400455475, 18.181224823, 18.6224040985, 19.0635814667, 19.4931507111, 19.9227199554, 20.363899231, 20.8050785065, 21.246257782, 21.6874370575, 22.128616333, 22.5581855774, 22.9877548218, 23.4289340973, 23.8701133728, 24.3112926483, 24.7524719238, 25.1936511993, 25.6232185364, 26.0527877808, 26.4939670563, 26.9351463318, 27.3763256073, 27.8175048828, 28.2586841583, 28.6998634338, 29.1410427094, 29.5706119537, 30.0001811981, 30.4413604736, 30.8825397491, 31.3237190247, 31.753288269, 32.1828575134, 32.6240348816, 33.0652160645, 33.5063934326, 33.9475746155, 34.3887519836, 34.818321228, 35.2478904724, 35.6890678406, 36.1302490234, 36.5714263916, 37.0126075745, 37.4537849426, 37.883354187, 38.3129234314, 38.7541046143, 39.1952819824, 39.6364631653, 40.0776405334, 40.5188217163, 40.9483909607, 41.3779602051, 41.8191375732, 42.2603149414, 42.7014961243, 43.1426734924, 43.5838546753, 44.0134239197, 44.4429931641, 44.8841705322, 45.3253517151, 45.7665290833, 46.2077102661, 46.6488876343, 47.0784568787, 47.508026123, 47.9492073059, 48.3903846741, 48.8315620422, 49.2727432251, 49.7139205933, 50.1551017761, 50.5846710205, 51.0142402649, 51.4554176331, 51.8965988159, 52.3377761841, 52.7789573669, 53.2085266113, 53.6380958557, 54.0792732239, 54.5204544067, 54.9616317749, 55.4028091431, 55.8439903259, 56.2851676941, 56.7147369385, 57.1443061829, 57.5854873657, 58.0266647339, 58.4678459167, 58.9090232849, 59.3502044678, 59.7913818359, 60.2209510803, 60.6505203247, 61.0916976929, 61.5328788757, 61.9740562439, 62.4152374268, 62.8448066711, 63.2743759155, 63.7155532837, 64.1567306519, 64.5979156494, 65.0390930176, 65.4802703857, 65.9098434448, 66.3394088745, 66.7805862427, 67.2217712402, 67.6629486084, 68.1041259766, 68.5453033447, 68.9864807129, 69.416053772, 69.8456192017, 70.2868041992, 70.7279815674, 71.1691589355, 71.6103363037, 72.0515213013, 72.481086731, 72.91065979, 73.3518371582, 73.7930145264, 74.2341918945, 74.6753692627, 75.1165542603, 75.5577316284, 75.9872970581, 76.4168701172, 76.8580474854, 77.2992248535, 77.7404098511, 78.1815872192, 78.6227645874, 79.0523376465, 79.4819030762, 79.9230804443, 80.3642578125, 80.8054428101, 81.2466201782, 81.6761856079, 82.105758667, 82.5469360352, 82.9881134033, 83.4292984009, 83.870475769, 84.3116531372, 84.7412261963, 85.170791626, 85.6119689941, 86.0531539917, 86.4943313599, 86.935508728, 87.3766860962, 87.8062591553, 88.2474365234, 88.6770019531, 89.1181869507, 89.5593643188, 90.000541687, 90.4417190552, 90.8712921143, 91.3008575439, 91.7420425415, 92.1832199097, 92.6243972778, 93.065574646, 93.5067520142, 93.9363250732, 94.3658905029, 94.8070755005, 95.2482528687, 95.6894302368, 96.130607605, 96.5717926025, 97.0129699707, 97.4541473389, 97.895324707, 98.3481140137, 98.8009033203, 99.253692627, 99.7064819336, 100.15927124, 100.612060547, 101.064849854, 101.51763916, 101.970428467, 102.423217773, 102.852790833, 103.282356262, 103.711929321, 104.153106689, 104.594284058, 105.035461426, 105.476638794, 105.917823792, 106.370613098, 106.811790466, 107.252967834, 107.694145203, 108.1353302, 108.588119507, 109.029296875, 109.482086182, 109.92326355, 110.364440918, 110.794013977, 111.223579407, 111.664756775, 112.105941772, 112.547119141, 112.988296509, 113.429473877, 113.870658875, 114.311836243, 114.753013611, 115.194190979, 115.635368347, 116.03011322, 116.424850464, 116.819587708, 117.214332581, 117.585845947, 117.957366943, 118.340499878, 118.712013245, 119.083534241, 119.455055237, 119.826576233, 120.1980896, 120.627662659, 121.057228088, 121.486801147, 121.927978516, 122.380767822, 122.82194519, 123.263130188, 123.704307556, 124.157096863, 124.598274231, 125.039451599, 125.492240906, 125.956642151, 126.409431458, 126.862220764, 127.315010071, 127.756187439, 128.197372437, 128.650161743, 129.10295105, 129.555740356, 130.008529663, 130.46131897, 130.914108276, 131.366897583, 131.808074951, 132.249252319, 132.690429688, 133.131607056, 133.584396362, 134.037185669, 134.489974976, 134.931152344, 135.360717773, 135.801895142, 136.23147583, 136.672653198, 137.102218628, 137.531784058, 137.961364746, 138.390930176, 138.832107544, 139.261672974, 139.702850342, 140.13243103, 140.56199646, 140.99156189, 141.421127319, 141.839096069, 142.268661499, 142.709838867, 143.151016235, 143.592193604, 144.04498291, 144.497772217, 144.938949585, 145.380126953, 145.82131958, 146.262496948, 146.703674316, 147.156463623, 147.60925293, 148.038818359, 148.479995728, 148.932785034, 149.385574341, 149.838363647, 150.302764893, 150.767166138, 151.231567383, 151.695953369, 152.160354614, 152.601531982, 153.042724609, 153.483901978, 153.925079346, 154.366256714, 154.807434082, 155.24861145, 155.67817688, 156.119369507, 156.548934937, 156.990112305, 157.431289673, 157.872467041, 158.313644409, 158.743209839, 159.172790527, 159.613967896, 160.055145264, 160.496322632, 160.9375, 161.378677368, 161.819854736, 162.261047363, 162.690612793, 163.120178223, 163.561355591, 164.002532959, 164.443710327, 164.884887695, 165.326080322, 165.76725769, 166.208435059, 166.638000488, 167.067565918, 167.508743286, 167.949935913, 168.391113281, 168.832290649, 169.261856079, 169.691421509, 170.132598877, 170.573776245, 171.014968872, 171.45614624, 171.88571167, 172.3152771, 172.756454468, 173.197631836, 173.638824463, 174.080001831, 174.521179199, 174.950744629, 175.391921997, 175.821487427, 176.262680054, 176.703857422, 177.14503479, 177.586212158, 178.015777588, 178.445343018, 178.886520386, 179.327713013, 179.768890381, 180.210067749, 180.651245117, 181.092422485, 181.533599854, 181.974777222, 182.40435791, 182.83392334, 183.275100708, 183.716278076, 184.157455444, 184.598632812, 185.039810181, 185.469390869, 185.898956299, 186.340133667, 186.781311035, 187.222488403, 187.663665771, 188.09324646, 188.52281189, 188.963989258, 189.405166626, 189.846343994, 190.287521362, 190.72869873, 191.169876099, 191.599456787, 192.029022217, 192.470199585, 192.911376953, 193.352554321, 193.793731689, 194.234924316, 194.676101685, 195.105667114, 195.535232544, 195.976409912, 196.41758728, 196.858764648, 197.299957275, 197.741134644, 198.170700073, 198.600265503, 199.041442871, 199.482620239, 199.923812866, 200.364990234, 200.806167603, 201.235733032, 201.665298462, 202.10647583, 202.547653198, 202.988845825, 203.430023193, 203.859588623, 204.289154053, 204.730331421, 205.171508789, 205.612701416, 206.053878784, 206.495056152, 206.924621582, 207.354187012, 207.79536438, 208.236557007, 208.677734375, 209.118911743, 209.560089111, 210.001266479, 210.430831909, 210.860397339, 211.301589966, 211.742767334, 212.183944702, 212.62512207, 213.066299438, 213.507476807, 213.937042236, 214.366622925, 214.807800293, 215.248977661, 215.690155029, 216.131332397, 216.572509766, 217.002075195, 217.431655884, 217.872833252, 218.31401062, 218.755187988, 219.196365356, 219.637542725, 220.067123413, 220.496688843, 220.937866211, 221.379043579, 221.820220947, 222.261398315, 222.702575684, 223.132156372, 223.561721802, 224.00289917, 224.444076538, 224.885253906, 225.326431274, 225.767608643, 226.197189331, 226.626754761, 227.067932129, 227.509109497, 227.950286865, 228.391464233, 228.832641602, 229.273834229, 229.703399658, 230.132965088, 230.574142456, 231.015319824, 231.456497192, 231.897689819, 232.338867188, 232.768432617, 233.197998047, 233.639175415, 234.080352783, 234.521530151, 234.962722778, 235.403900146, 235.845077515, 236.274642944, 236.704208374, 237.145385742, 237.586578369, 238.027755737, 238.468933105, 238.898498535, 239.328063965, 239.769241333, 240.21043396, 240.651611328, 241.092788696, 241.533966064, 241.963531494, 242.393096924, 242.834274292, 243.275466919, 243.716644287, 244.157821655, 244.598999023, 245.028564453, 245.458129883, 245.89932251, 246.340499878, 246.781677246, 247.222854614, 247.664031982, 248.105209351, 248.53477478, 248.964355469, 249.405532837, 249.846710205, 250.287887573, 250.729064941, 251.17024231, 251.599807739, 252.029388428, 252.470565796, 252.911743164, 253.352920532, 253.7940979, 254.235275269, 254.664840698, 255.094421387, 255.535598755, 255.976776123, 256.41796875, 256.859130859, 257.300323486, 257.729888916, 258.159454346, 258.600616455, 259.041809082, 259.483001709, 259.924163818, 260.365356445, 260.806518555, 261.236083984, 261.665649414, 262.106842041, 262.548034668, 262.989196777, 263.430389404, 263.871551514, 264.301116943, 264.730712891, 265.171875, 265.613067627, 266.054229736, 266.495422363, 266.936584473, 267.366149902, 267.79574585, 268.236907959, 268.678100586, 269.119262695, 269.560455322, 270.001617432, 270.431182861, 270.860778809, 271.301940918, 271.743133545, 272.184295654, 272.625488281, 273.066650391, 273.507843018, 273.925811768, 274.366973877, 274.808166504, 275.249328613, 275.69052124, 276.13168335, 276.561279297, 276.990844727, 277.432006836, 277.873199463, 278.314361572, 278.755554199, 279.196716309, 279.637908936, 280.067474365, 280.497039795, 280.938232422, 281.379394531, 281.820587158, 282.261749268, 282.691345215, 283.120910645, 283.562072754, 284.003265381, 284.44442749, 284.885620117, 285.326782227, 285.767974854, 286.197540283, 286.627105713, 287.06829834, 287.509460449, 287.950653076, 288.391845703, 288.821411133, 289.250976562, 289.692138672, 290.133331299, 290.574493408, 291.015686035, 291.456878662, 291.898040771, 292.327606201, 292.757171631, 293.198364258, 293.639526367, 294.080718994, 294.521911621, 294.96307373, 295.39263916, 295.82220459, 296.263397217, 296.704589844, 297.145751953, 297.58694458, 298.01651001, 298.446075439, 298.887237549, 299.328430176, 299.769622803, 300.210784912, 300.651977539, 301.093139648, 301.522705078, 301.952270508, 302.393463135, 302.834655762, 303.275817871, 303.717010498, 304.158172607, 304.587738037, 305.017303467, 305.458496094, 305.899688721, 306.34085083, 306.782043457, 307.223205566, 307.664398193, 308.093963623, 308.523529053, 308.96472168, 309.405883789, 309.847076416, 310.288238525, 310.717803955, 311.147399902, 311.588562012, 312.029754639, 312.470916748, 312.912109375, 313.353271484, 313.782836914, 314.212432861, 314.653594971, 315.094787598, 315.535949707, 315.977142334, 316.418304443, 316.847900391, 317.27746582, 317.71862793, 318.159820557, 318.600982666, 319.042175293, 319.483337402, 319.924530029, 320.354095459, 320.783660889, 321.224853516, 321.666015625, 322.107208252, 322.548370361, 322.989562988, 323.419128418, 323.848693848, 324.289886475, 324.731048584, 325.172241211, 325.61340332, 326.054595947, 326.484161377, 326.913726807, 327.354919434, 327.796081543, 328.23727417, 328.678466797, 329.119628906, 329.549194336, 329.978759766, 330.419952393, 330.861114502, 331.302307129, 331.743499756, 332.184661865, 332.614227295, 333.043792725, 333.484985352, 333.926147461, 334.367340088, 334.808532715, 335.249694824, 335.690887451, 336.120452881, 336.550018311, 336.99118042, 337.432373047, 337.873565674, 338.314727783, 338.75592041, 339.19708252, 339.626647949, 340.056243896, 340.497406006, 340.938598633, 341.379760742, 341.820953369, 342.262115479, 342.691680908, 343.121276855, 343.562438965, 344.003631592, 344.444793701, 344.885986328, 345.327148438, 345.756713867, 346.186309814, 346.627471924, 347.068664551, 347.50982666, 347.951019287, 348.392181396, 348.833374023, 349.262939453, 349.692504883, 350.13369751, 350.574859619, 351.016052246, 351.457214355, 351.886810303, 352.316375732, 352.757537842, 353.198730469, 353.639892578, 354.081085205, 354.522247314, 354.963439941, 355.393005371, 355.822570801, 356.263763428, 356.704925537, 357.146118164, 357.587280273, 358.0284729, 358.45803833, 358.88760376, 359.328796387, 359.769958496, 360.211151123, 360.65234375, 361.093505859, 361.523071289, 361.952636719, 362.393829346, 362.834991455, 363.276184082, 363.717376709, 364.158538818, 364.588104248, 365.017669678, 365.458862305, 365.900024414, 366.341217041, 366.782409668, 367.223571777, 367.653137207, 368.082702637, 368.523895264, 368.965057373, 369.40625, 369.847442627, 370.288604736, 370.729797363, 371.159362793, 371.588928223, 372.03012085, 372.471282959, 372.912475586, 373.353637695, 373.794830322, 374.224395752, 374.653961182, 375.095153809, 375.536315918, 375.977508545, 376.418670654, 376.859863281, 377.289428711, 377.718994141, 378.160186768, 378.601348877, 379.042541504, 379.483703613, 379.92489624, 380.35446167, 380.7840271, 381.225219727, 381.666381836, 382.107574463, 382.548736572, 382.989929199, 383.431091309, 383.860687256, 384.290252686, 384.731414795, 385.172607422, 385.613769531, 386.054962158, 386.496124268, 386.925720215, 387.355285645, 387.796447754, 388.237640381, 388.67880249, 389.119995117, 389.561157227, 389.990753174, 390.420318604, 390.861480713, 391.30267334, 391.743835449, 392.185028076, 392.626220703, 393.055786133, 393.485351562, 393.926513672, 394.367706299, 394.808868408, 395.250061035, 395.691253662, 396.120819092, 396.550384521, 396.991546631, 397.432739258, 397.873901367, 398.315093994, 398.756286621, 399.185852051, 399.61541748, 400.05657959, 400.497772217, 400.938934326, 401.380126953, 401.82131958, 402.262481689, 402.703674316], "beats_loudness": {"dmean2": 0.0323997065425, "median": 0.0617390908301, "min": 0.00603895820677, "dvar2": 0.00246223481372, "dvar": 0.00084708497161, "dmean": 0.0179612897336, "max": 0.340080827475, "var": 0.00104680587538, "mean": 0.0635792762041}, "danceability": 1.37909185886, "bpm_histogram_second_peak_weight": {"dmean2": 0, "median": 0.00653594778851, "min": 0.00653594778851, "dvar2": 0, "dvar": 0, "dmean": 0, "max": 0.00653594778851, "var": 0, "mean": 0.00653594778851}, "beats_count": 919, "bpm_histogram_second_peak_bpm": {"dmean2": 0, "median": 129, "min": 129, "dvar2": 0, "dvar": 0, "dmean": 0, "max": 129, "var": 0, "mean": 129}, "bpm_histogram_first_peak_spread": {"dmean2": 0, "median": 0.303471446037, "min": 0.303471446037, "dvar2": 0, "dvar": 0, "dmean": 0, "max": 0.303471446037, "var": 0, "mean": 0.303471446037}, "beats_loudness_band_ratio": {"dmean2": [0.232342973351, 0.130222722888, 0.0843298882246, 0.0609260722995, 0.0625193491578, 0.0878821462393], "median": [0.592824161053, 0.127145990729, 0.0632855445147, 0.0447209887207, 0.048626229167, 0.0716278925538], "min": [0.00500856386498, 0.00331030553207, 0.00400091009215, 0.00311667635106, 0.00256568891928, 0.00239352928475], "dvar2": [0.0364276468754, 0.0169442407787, 0.00914841145277, 0.00416441261768, 0.00570316053927, 0.00958332233131], "dvar": [0.0134061388671, 0.00631757592782, 0.00321644195355, 0.00143017398659, 0.00197157124057, 0.0034726425074], "dmean": [0.132998511195, 0.0760194435716, 0.0485075339675, 0.0350516811013, 0.0354463905096, 0.0488763190806], "max": [0.970393180847, 0.702270627022, 0.719344139099, 0.326894938946, 0.425671964884, 0.612780213356], "var": [0.0569391436875, 0.0198674537241, 0.00852228142321, 0.00203500105999, 0.00307140196674, 0.00424367561936], "mean": [0.554187774658, 0.168574407697, 0.0923263132572, 0.0585923083127, 0.0653877779841, 0.0869056135416]}}, "lowlevel": {"barkbands_spread": {"dmean2": 12.4310760498, "median": 28.8877849579, "min": 1.072026968, "dvar2": 219.658920288, "dvar": 107.253189087, "dmean": 8.57800769806, "max": 103.8227005, "var": 268.785919189, "mean": 31.1083660126}, "melbands_spread": {"dmean2": 11.8362407684, "median": 18.3303222656, "min": 0.528839170933, "dvar2": 243.192138672, "dvar": 103.928260803, "dmean": 7.79726839066, "max": 163.731277466, "var": 222.536422729, "mean": 22.2223529816}, "hfc": {"dmean2": 24.2504520416, "median": 34.8363494873, "min": 5.00738406117e-06, "dvar2": 1411.67089844, "dvar": 621.16192627, "dmean": 16.6944465637, "max": 284.402801514, "var": 1070.06933594, "mean": 43.3947982788}, "barkbands_kurtosis": {"dmean2": 6.37201356888, "median": 2.75594782829, "min": -1.91914200783, "dvar2": 312.567016602, "dvar": 145.802093506, "dmean": 4.34404325485, "max": 236.060211182, "var": 196.36265564, "mean": 5.74575662613}, "gfcc": {"mean": [77.3589401245, 54.2276573181, -95.1205673218, 30.698266983, -52.239315033, 19.7506580353, -37.5950508118, 15.381114006, -20.5003166199, 5.66366624832, -13.8066120148, 9.25625038147, -4.49999809265], "icov": [[0.00142239383422, 0.00099715590477, -0.000117932177091, -0.000978409661911, -0.000786519551184, -0.000247060554102, 0.000898454454727, -0.000258621381363, 4.91362297907e-05, -0.00106524175499, 0.000827612529974, -0.000570956151932, -0.000131100081489], [0.00099715590477, 0.00275972881354, 0.000552547106054, -0.000955905241426, -0.00144928088412, 0.000284315843601, 0.000849008152727, -0.000719873409253, -0.000433801615145, 0.00176949123852, -0.00277640693821, 0.00306342099793, -0.00203827908263], [-0.000117932177091, 0.000552547106054, 0.00458729127422, -0.000951629655901, -0.000965965096839, -0.001711473451, -0.000979490461759, -0.000619870435912, 0.000388157990528, 7.45770666981e-05, 0.000733253720682, -0.000325449713273, 0.00134492514189], [-0.000978409661911, -0.000955905241426, -0.000951629655901, 0.00762851210311, -0.00164661055896, -0.0044601005502, 0.000632571871392, 0.00290554622188, -0.00334283546545, 0.000764908094425, 0.000373797054635, 0.000158827024279, -0.00063982832944], [-0.000786519551184, -0.00144928088412, -0.000965965096839, -0.00164661055896, 0.00843637436628, -0.000387847190723, -0.00331431254745, -0.000658644421492, 0.00120392569806, -0.00138962641358, -0.000926759559661, 0.000665302039124, 0.000520786677953], [-0.000247060554102, 0.000284315843601, -0.001711473451, -0.0044601005502, -0.000387847190723, 0.0146901234984, -0.00428621424362, -0.0065393736586, 0.00458715762943, -0.00173095753416, 6.07799847785e-06, -0.00239543244243, 0.00163357867859], [0.000898454454727, 0.000849008152727, -0.000979490461759, 0.000632571871392, -0.00331431254745, -0.00428621424362, 0.01359338779, -0.000550307857338, -0.00808470975608, 0.00278780562803, -9.66226525634e-06, 0.000487079174491, -0.00033517513657], [-0.000258621381363, -0.000719873409253, -0.000619870435912, 0.00290554622188, -0.000658644421492, -0.0065393736586, -0.000550307857338, 0.0158135648817, -0.00457432912663, -0.0046434989199, 0.000567270501051, 0.00450340146199, -0.00494801066816], [4.91362297907e-05, -0.000433801615145, 0.000388157990528, -0.00334283546545, 0.00120392569806, 0.00458715762943, -0.00808470975608, -0.00457432912663, 0.0228266697377, -0.00915943644941, -8.70441799634e-05, -0.00468189362437, 0.00302328495309], [-0.00106524175499, 0.00176949123852, 7.45770666981e-05, 0.000764908094425, -0.00138962641358, -0.00173095753416, 0.00278780562803, -0.0046434989199, -0.00915943644941, 0.0312872417271, -0.018064012751, 0.00145213282667, -8.35281462059e-05], [0.000827612529974, -0.00277640693821, 0.000733253720682, 0.000373797054635, -0.000926759559661, 6.07799847785e-06, -9.66226525634e-06, 0.000567270501051, -8.70441799634e-05, -0.018064012751, 0.0364730730653, -0.015542848967, -0.000641531485599], [-0.000570956151932, 0.00306342099793, -0.000325449713273, 0.000158827024279, 0.000665302039124, -0.00239543244243, 0.000487079174491, 0.00450340146199, -0.00468189362437, 0.00145213282667, -0.015542848967, 0.0354273244739, -0.0168409626931], [-0.000131100081489, -0.00203827908263, 0.00134492514189, -0.00063982832944, 0.000520786677953, 0.00163357867859, -0.00033517513657, -0.00494801066816, 0.00302328495309, -8.35281462059e-05, -0.000641531485599, -0.0168409626931, 0.0271774679422]], "cov": [[1849.5489502, -670.738647461, 467.018676758, 456.037353516, 307.16619873, 371.17489624, 178.557617188, 179.341369629, 157.435974121, 205.701507568, 55.471370697, 129.067001343, 17.3059082031], [-670.738647461, 809.92590332, -176.805206299, -48.9937438965, 27.8150367737, -87.0975570679, -37.6570281982, -4.50361871719, -23.9596271515, -54.5359649658, 30.4908390045, -58.1513595581, 35.7049484253], [467.018676758, -176.805206299, 484.778808594, 252.881561279, 207.379501343, 243.153167725, 171.896408081, 124.107284546, 91.898651123, 82.3431472778, 21.9850330353, 33.4116706848, -11.6648979187], [456.037353516, -48.9937438965, 252.881561279, 380.604003906, 212.310211182, 229.141708374, 145.712875366, 100.165214539, 106.303970337, 86.6607894897, 43.7260551453, 45.7887878418, 15.0101146698], [307.16619873, 27.8150367737, 207.379501343, 212.310211182, 297.015594482, 180.570419312, 152.599441528, 111.991744995, 89.6761245728, 82.6026000977, 49.0646781921, 30.6648826599, 14.4681787491], [371.17489624, -87.0975570679, 243.153167725, 229.141708374, 180.570419312, 275.313232422, 158.008468628, 139.894638062, 90.5506210327, 92.1260223389, 45.6851463318, 45.6374168396, 15.5981388092], [178.557617188, -37.6570281982, 171.896408081, 145.712875366, 152.599441528, 158.008468628, 208.197906494, 103.068817139, 104.112861633, 67.3307342529, 37.7440910339, 31.7228374481, 11.0456371307], [179.341369629, -4.50361871719, 124.107284546, 100.165214539, 111.991744995, 139.894638062, 103.068817139, 164.938598633, 82.8548965454, 81.2283554077, 46.2092781067, 30.3447971344, 28.4164848328], [157.435974121, -23.9596271515, 91.898651123, 106.303970337, 89.6761245728, 90.5506210327, 104.112861633, 82.8548965454, 126.391593933, 80.8670425415, 51.8003044128, 43.2269477844, 20.3224964142], [205.701507568, -54.5359649658, 82.3431472778, 86.6607894897, 82.6026000977, 92.1260223389, 67.3307342529, 81.2283554077, 80.8670425415, 116.265480042, 69.9273452759, 52.0307807922, 28.6200275421], [55.471370697, 30.4908390045, 21.9850330353, 43.7260551453, 49.0646781921, 45.6851463318, 37.7440910339, 46.2092781067, 51.8003044128, 69.9273452759, 86.4517059326, 53.7737121582, 37.5030822754], [129.067001343, -58.1513595581, 33.4116706848, 45.7887878418, 30.6648826599, 45.6374168396, 31.7228374481, 30.3447971344, 43.2269477844, 52.0307807922, 53.7737121582, 82.7817077637, 46.1886100769], [17.3059082031, 35.7049484253, -11.6648979187, 15.0101146698, 14.4681787491, 15.5981388092, 11.0456371307, 28.4164848328, 20.3224964142, 28.6200275421, 37.5030822754, 46.1886100769, 71.9161682129]]}, "spectral_energyband_middle_low": {"dmean2": 0.00731897028163, "median": 0.0114335231483, "min": 2.79647727197e-09, "dvar2": 0.000105954241008, "dvar": 5.40856744919e-05, "dmean": 0.0047920816578, "max": 0.103789687157, "var": 8.58489656821e-05, "mean": 0.0134026957676}, "melbands_crest": {"dmean2": 4.99188995361, "median": 17.7504577637, "min": 3.78048348427, "dvar2": 21.6477890015, "dvar": 8.77994155884, "dmean": 3.20440483093, "max": 33.905544281, "var": 45.2125587463, "mean": 17.8391914368}, "spectral_kurtosis": {"dmean2": 0.859605848789, "median": 2.32898592949, "min": -1.0368322134, "dvar2": 0.938034236431, "dvar": 0.373171120882, "dmean": 0.559462308884, "max": 18.5174999237, "var": 3.28888130188, "mean": 2.67746710777}, "spectral_rms": {"dmean2": 0.00111829908565, "median": 0.00720814941451, "min": 2.07690004572e-06, "dvar2": 1.36730375289e-06, "dvar": 6.6121646114e-07, "dmean": 0.000797494547442, "max": 0.0193305164576, "var": 4.88117484565e-06, "mean": 0.00716737471521}, "zerocrossingrate": {"dmean2": 0.0174424760044, "median": 0.0673828125, "min": 0.0048828125, "dvar2": 0.000340629252605, "dvar": 0.000259870110312, "dmean": 0.0148735120893, "max": 0.35498046875, "var": 0.00142934336327, "mean": 0.0734665989876}, "silence_rate_60dB": {"dmean2": 5.76368875045e-05, "median": 0, "min": 0, "dvar2": 5.76302445552e-05, "dvar": 5.76269230805e-05, "dmean": 5.76335660298e-05, "max": 1, "var": 5.76236016059e-05, "mean": 5.76302445552e-05}, "erbbands_kurtosis": {"dmean2": 0.707114458084, "median": -0.567037582397, "min": -1.82837176323, "dvar2": 0.860959947109, "dvar": 0.367365777493, "dmean": 0.440925091505, "max": 19.5159263611, "var": 0.747851729393, "mean": -0.371428221464}, "erbbands": {"dmean2": [0.494896769524, 3.21572518349, 8.50053024292, 7.00614023209, 11.4102830887, 19.1965732574, 17.6780338287, 22.4530467987, 11.108496666, 21.1739196777, 15.1796808243, 24.3606147766, 39.24949646, 19.3935165405, 32.9496917725, 25.6746482849, 22.1533107758, 33.4277381897, 24.5704021454, 35.288066864, 42.4846534729, 40.2851448059, 32.5758590698, 21.035861969, 15.6484327316, 16.192533493, 15.8989286423, 17.2328166962, 15.9864711761, 12.5198822021, 13.0385379791, 9.07364273071, 7.74699211121, 5.55883216858, 3.50702786446, 1.18035149574, 0.403575837612, 0.0719863548875, 0.00987655110657, 0.000262892019236], "median": [0.627311110497, 3.18495225906, 2.5510597229, 2.36552858353, 3.79766178131, 10.5106124878, 13.825340271, 18.6844825745, 9.51286792755, 14.6129808426, 11.3452415466, 18.6375923157, 24.0517101288, 14.5255022049, 25.6779651642, 17.076341629, 15.9703044891, 21.2646026611, 18.0781211853, 23.4206047058, 27.7496547699, 30.3938217163, 25.6373100281, 18.0535736084, 14.6165161133, 14.623298645, 13.3865261078, 13.2937202454, 12.0832138062, 10.0701560974, 8.07273864746, 6.11804676056, 4.64051437378, 3.89913415909, 1.9884608984, 0.694441139698, 0.158857315779, 0.0322837755084, 0.00419529667124, 0.000199105634238], "min": [1.1764147434e-09, 8.40887004472e-09, 3.63898493561e-08, 1.06890226448e-07, 2.42842048692e-07, 4.68389799835e-07, 8.49922628277e-07, 1.58093462233e-06, 3.25487781083e-06, 7.536182693e-06, 1.65278779605e-05, 2.75572601822e-05, 3.04540862999e-05, 2.13949333556e-05, 1.11050139822e-05, 5.71739201405e-06, 1.92683160094e-06, 3.36848330562e-07, 3.25900202824e-07, 1.11190433927e-06, 3.56357554665e-06, 2.07053722079e-06, 7.12509290679e-07, 1.34258630169e-06, 2.86618410428e-06, 5.12970564159e-06, 3.77245851269e-06, 2.11901215152e-06, 5.70335544126e-07, 8.15261330445e-07, 9.52451273406e-07, 8.361161008e-07, 3.67722975625e-07, 3.24457857914e-07, 5.9229105176e-08, 3.58553577939e-08, 2.37340991305e-08, 7.42840677859e-09, 1.18659260195e-09, 1.02733085927e-10], "dvar2": [0.677691400051, 34.924747467, 494.59866333, 363.911895752, 921.329406738, 1633.53796387, 922.549438477, 836.084960938, 360.473510742, 999.231140137, 1102.9017334, 1068.53894043, 2869.75463867, 764.518066406, 1399.7623291, 1181.69067383, 720.440979004, 2229.26660156, 1078.06799316, 2330.85351562, 4132.79296875, 3212.87060547, 2152.71020508, 810.713500977, 422.863098145, 470.857147217, 1752.06213379, 872.298522949, 675.822387695, 411.424713135, 528.075866699, 206.296829224, 160.817108154, 92.9206314087, 45.2490158081, 4.89068365097, 0.764033079147, 0.0250651575625, 0.000489905243739, 2.45869500759e-07], "dvar": [0.269757211208, 18.6545143127, 247.473114014, 154.89932251, 346.420562744, 582.016845703, 341.680206299, 319.802947998, 164.686264038, 445.330352783, 437.658355713, 470.260101318, 1211.51025391, 346.644165039, 551.638427734, 483.030181885, 289.673980713, 851.16784668, 417.772766113, 966.92791748, 1595.48815918, 1254.1340332, 848.527587891, 321.422180176, 176.153747559, 189.623794556, 682.700317383, 382.198669434, 276.485473633, 178.587539673, 246.339080811, 100.122817993, 74.0472488403, 42.2974967957, 20.5973091125, 2.15228247643, 0.356087058783, 0.0117595428601, 0.000217157663428, 1.10431379596e-07], "dmean": [0.343881607056, 2.48912882805, 5.69930458069, 4.61653852463, 6.59788417816, 11.8897619247, 10.847369194, 14.1031446457, 7.58266639709, 14.0920295715, 9.59260654449, 15.5978240967, 24.5539264679, 12.3632059097, 20.1429195404, 15.6657991409, 13.5123767853, 19.8259143829, 14.8533763885, 21.704082489, 25.3561611176, 24.3904705048, 19.6655349731, 12.8279027939, 9.65478420258, 9.85199165344, 9.79467964172, 10.5774583817, 9.8489522934, 8.12549686432, 8.62204647064, 6.18501615524, 5.22382354736, 3.68756008148, 2.29957962036, 0.789674818516, 0.280951082706, 0.049065310508, 0.00663176598027, 0.000175139008206], "max": [8.1533575058, 76.5899887085, 277.879089355, 230.839782715, 269.740936279, 244.967956543, 263.668731689, 311.861633301, 622.263427734, 691.338989258, 1099.45410156, 415.798736572, 901