{"tonal": {"thpcp": [1, 0.66364133358, 0.326065301895, 0.295487821102, 0.287436723709, 0.269469976425, 0.249117195606, 0.331380575895, 0.541385471821, 0.584519982338, 0.432335078716, 0.293951064348, 0.228892713785, 0.201315224171, 0.153431370854, 0.150378555059, 0.263593703508, 0.48888272047, 0.440097302198, 0.215352609754, 0.158574700356, 0.116364002228, 0.081012584269, 0.102258905768, 0.140154153109, 0.126446902752, 0.102597005665, 0.155534744263, 0.259839892387, 0.354344695807, 0.286866396666, 0.14406464994, 0.101353906095, 0.11857714504, 0.254977881908, 0.69576305151], "hpcp": {"dmean2": [0.227180466056, 0.21945361793, 0.24784655869, 0.310596257448, 0.29757592082, 0.316561192274, 0.347011268139, 0.279440551996, 0.196043759584, 0.149526059628, 0.131962805986, 0.137385651469, 0.186532765627, 0.22342428565, 0.20498162508, 0.16602049768, 0.12105447799, 0.0864637345076, 0.0682386234403, 0.0772890374064, 0.0926267728209, 0.087509483099, 0.0726773664355, 0.112711362541, 0.167176529765, 0.168271496892, 0.145889475942, 0.10964679718, 0.0897877067327, 0.106351070106, 0.204933434725, 0.357551276684, 0.313045978546, 0.429996162653, 0.244800254703, 0.197394117713], "median": [0.02538173832, 0.0308112297207, 0.020308105275, 0.0193836018443, 0.0408862344921, 0.0599621757865, 0.0541365556419, 0.0246795527637, 0.0184029899538, 0.0150260925293, 0.0113105038181, 0.0104410247877, 0.0459351614118, 0.0941544100642, 0.0773227736354, 0.0307125989348, 0.0159692447633, 0.0119604207575, 0.00649150693789, 0.0115744723007, 0.0206424538046, 0.0189272034913, 0.0136659899727, 0.0191071666777, 0.0289540607482, 0.0340782664716, 0.0289446227252, 0.0201662406325, 0.010239539668, 0.00810764543712, 0.0282985046506, 0.184485927224, 0.281538784504, 0.15496443212, 0.0192814413458, 0.0110770538449], "min": [0, 0, 0, 0, 0, 0, 0, 0, 0, 0, 0, 0, 0, 0, 0, 0, 0, 1.14752883746e-05, 1.13745436465e-05, 4.2770775508e-06, 1.83350639418e-05, 0, 0, 0, 0, 0, 0, 0, 0, 0, 0, 0, 0, 0, 0, 0], "dvar2": [0.139249384403, 0.133548334241, 0.166824668646, 0.223215892911, 0.172445476055, 0.172825038433, 0.22757281363, 0.20190487802, 0.122656293213, 0.0857482403517, 0.074444450438, 0.0760264545679, 0.0777303948998, 0.0850709155202, 0.0785730406642, 0.0861734449863, 0.0679469630122, 0.0433271043003, 0.0338394902647, 0.0291853863746, 0.0285407267511, 0.0254882667214, 0.021880408749, 0.0435067936778, 0.0858291089535, 0.07320779562, 0.0610584393144, 0.0486740320921, 0.0468350537121, 0.0484744645655, 0.0878075435758, 0.148258626461, 0.122856236994, 0.20143148303, 0.1317204386, 0.118922397494], "dvar": [0.0497342646122, 0.0458622202277, 0.0536896549165, 0.0699910074472, 0.0615268461406, 0.0630877315998, 0.0712090581656, 0.06172882393, 0.0403899513185, 0.0306243672967, 0.0264456197619, 0.0272924359888, 0.0271873380989, 0.0326222293079, 0.0302359964699, 0.0303878393024, 0.0243210569024, 0.0152414822951, 0.0119568509981, 0.010232033208, 0.0101771075279, 0.00908224843442, 0.00807125773281, 0.0158483143896, 0.0329572632909, 0.0273956879973, 0.0235175006092, 0.017456157133, 0.0159547068179, 0.0172635018826, 0.0329631119967, 0.0514351390302, 0.0496982596815, 0.0638880953193, 0.0450610592961, 0.0442842431366], "dmean": [0.126256763935, 0.120863117278, 0.132672414184, 0.1675786376, 0.169121682644, 0.179154098034, 0.18845282495, 0.149427711964, 0.107192374766, 0.0829708874226, 0.0727374181151, 0.076016895473, 0.105027213693, 0.130882650614, 0.122014522552, 0.0927370563149, 0.0664504021406, 0.0479391291738, 0.038015037775, 0.0433274880052, 0.0537669099867, 0.0504079274833, 0.0413823276758, 0.0632859021425, 0.095354296267, 0.0966558605433, 0.0848951637745, 0.0615590885282, 0.0492245852947, 0.0589067898691, 0.112579457462, 0.202776819468, 0.183973446488, 0.236961394548, 0.134203195572, 0.111928358674], "max": [1, 1, 1, 1, 1, 1, 1, 1, 1, 1, 1, 1, 1, 1, 1, 1, 1, 1, 1, 1, 1, 1, 1, 1, 1, 1, 1, 1, 1, 1, 1, 1, 1, 1, 1, 1], "var": [0.0509691722691, 0.0440070144832, 0.0422816425562, 0.0625902041793, 0.106421418488, 0.111663877964, 0.0742993503809, 0.0532718002796, 0.0396580025554, 0.0362046845257, 0.0246081501245, 0.0246554445475, 0.0304654464126, 0.0692981332541, 0.0634305402637, 0.027390666306, 0.0263093486428, 0.0153859909624, 0.0101691996679, 0.0100277541205, 0.0112542435527, 0.00964556634426, 0.00814664456993, 0.0155431991443, 0.0419741235673, 0.0625010579824, 0.0498439185321, 0.0152290668339, 0.0123708406463, 0.0150656970218, 0.0376774482429, 0.0853042751551, 0.145035713911, 0.0891924276948, 0.0615841113031, 0.0634071677923], "mean": [0.120350934565, 0.112828187644, 0.104306392372, 0.138750404119, 0.226680323482, 0.244740918279, 0.181020468473, 0.123078517616, 0.0958383157849, 0.0842915102839, 0.0642423406243, 0.0629641190171, 0.110367767513, 0.204697191715, 0.18427054584, 0.0901690199971, 0.0663958787918, 0.0487220846117, 0.0339202992618, 0.042816221714, 0.0586831197143, 0.0529438331723, 0.0429577864707, 0.0651230365038, 0.108796022832, 0.148365572095, 0.120112136006, 0.0603204555809, 0.0424372963607, 0.0496487356722, 0.106760278344, 0.291318833828, 0.418704092503, 0.277869343758, 0.136524870992, 0.123721964657]}, "tuning_equal_tempered_deviation": 0.324275195599, "chords_changes_rate": 0.0734519958496, "key_key": "G#", "tuning_diatonic_strength": 0.429082781076, "key_scale": "minor", "chords_number_rate": 0.00426171952859, "tuning_frequency": 434.193115234, "tuning_nontempered_energy_ratio": 0.943869650364, "chords_histogram": [0.250689387321, 2.83279013634, 0.35096514225, 0, 5.33968400955, 3.93582344055, 3.00827264786, 0, 0.526447713375, 1.60441207886, 15.7934322357, 4.93858098984, 4.48733997345, 3.55978941917, 0.100275754929, 8.72399139404, 5.84106302261, 13.3868141174, 1.4790674448, 5.21433925629, 3.98596143723, 10.9801959991, 3.53472042084, 0.125344693661], "key_strength": 0.29926726222, "chords_key": "G", "chords_strength": {"dmean2": 0.0111405560747, "median": 0.461921334267, "min": 0.220565274358, "dvar2": 8.97225909284e-05, "dvar": 6.43831226625e-05, "dmean": 0.0101020382717, "max": 0.827812612057, "var": 0.0122850388288, "mean": 0.476558566093}, "chords_scale": "minor", "hpcp_entropy": {"dmean2": 0.987483024597, "median": 2.33592319489, "min": 0.0388738699257, "dvar2": 0.5906432271, "dvar": 0.20833401382, "dmean": 0.58022660017, "max": 4.43517637253, "var": 0.434077322483, "mean": 2.30250620842}}, "metadata": {"audio_properties": {"equal_loudness": 0, "codec": "mp3", "downmix": "mix", "analysis_sample_rate": 44100, "bit_rate": 192243, "md5_encoded": "dc96144e324303b2c553823b50f74880", "length": 185.183105469, "replay_gain": 4.0936756134, "lossless": false}, "version": {"essentia_build_sha": "ab033649a6180e58ab3ffa3648ee50b8e9460706", "essentia": "2.1-beta1", "extractor": "music 1.0", "essentia_git_sha": "v2.1_beta1-8-g0ed32f5-dirty"}, "tags": {"title": ["Bequest of Tears"], "musicbrainz_albumartistid": ["2b1827fe-6a1f-460c-81c1-195bd4f30bbd"], "musicbrainz album artist": ["Sylvan"], "date": ["2008"], "file_name": "02 - Sylvan - Bequest of Tears.mp3", "length": ["185146"], "musicbrainz_recordingid": ["0f88c734-b8cf-400a-97d1-d64a96fa83aa"], "musicbrainz non-album": ["0"], "musicbrainz_albumid": ["ab620a3e-9de9-4825-b8fd-cd67eeaa9f70"], "artist": ["Sylvan"], "tracknumber": ["2"], "musicbrainz album artist sortname": ["Sylvan"], "album": ["Leaving Backstage"], "discnumber": ["1"], "musicbrainz_artistid": ["2b1827fe-6a1f-460c-81c1-195bd4f30bbd"]}}, "rhythm": {"bpm_histogram_first_peak_bpm": {"dmean2": 0, "median": 96, "min": 96, "dvar2": 0, "dvar": 0, "dmean": 0, "max": 96, "var": 0, "mean": 96}, "bpm": 94.3577423096, "bpm_histogram_second_peak_spread": {"dmean2": 0, "median": 0.422680437565, "min": 0.422680437565, "dvar2": 0, "dvar": 0, "dmean": 0, "max": 0.422680437565, "var": 0, "mean": 0.422680437565}, "bpm_histogram_first_peak_weight": {"dmean2": 0, "median": 0.230769231915, "min": 0.230769231915, "dvar2": 0, "dvar": 0, "dmean": 0, "max": 0.230769231915, "var": 0, "mean": 0.230769231915}, "onset_rate": 1.66304576397, "beats_position": [0.452789098024, 0.905578196049, 1.34675729275, 1.77632653713, 2.21750569344, 2.6470746994, 3.07664394379, 3.49460315704, 3.92417216301, 4.3653512001, 4.79492044449, 5.22448968887, 5.65405893326, 6.07201814651, 6.5015873909, 6.93115615845, 7.36072540283, 7.79029464722, 8.2198638916, 8.64943313599, 9.0906124115, 9.52018165588, 9.93814086914, 10.3560991287, 10.7856683731, 11.2268476486, 11.656416893, 12.0743761063, 12.5039453506, 12.933514595, 13.3514738083, 13.7810430527, 14.2106122971, 14.6285715103, 15.0581407547, 15.4877090454, 15.9172782898, 16.3468475342, 16.7880268097, 17.2059860229, 17.6355552673, 18.0767345428, 18.5179138184, 18.9474830627, 19.365442276, 19.7950115204, 20.2129707336, 20.642539978, 21.0721092224, 21.5016784668, 21.9312477112, 22.3608150482, 22.7903842926, 23.219953537, 23.6379127502, 24.0558719635, 24.4854412079, 24.9034004211, 25.3329696655, 25.774148941, 26.2037181854, 26.6332874298, 27.0744667053, 27.5156459808, 27.9452152252, 28.3747844696, 28.7927436829, 29.2223129272, 29.6634922028, 30.0930614471, 30.5110206604, 30.9289798737, 31.358549118, 31.7881164551, 32.2060775757, 32.6356468201, 33.0768241882, 33.5063934326, 33.9243545532, 34.3423118591, 34.7718811035, 35.2014503479, 35.6426315308, 36.0838088989, 36.5133781433, 36.9429473877, 37.3609046936, 37.7788658142, 38.2084350586, 38.638004303, 39.0675735474, 39.4971427917, 39.9267120361, 40.3562812805, 40.7974586487, 41.2386398315, 41.6798171997, 42.1209983826, 42.5621757507, 43.2007255554, 43.8392753601, 44.4662132263, 45.0931510925, 45.7200889587, 46.3702468872, 47.0087966919, 47.6473464966, 48.297504425, 48.9476623535, 49.5978240967, 50.2479820251, 50.8749198914, 51.5018577576, 52.152015686, 52.8021774292, 53.4523353577, 54.1024932861, 54.7410430908, 55.3795890808, 56.029750824, 56.6799087524, 57.3184585571, 57.9570045471, 58.5955543518, 59.2341041565, 59.8726501465, 60.5111999512, 61.1497497559, 61.7882995605, 62.438457489, 63.0886154175, 63.7271652222, 64.3657150269, 65.0042648315, 65.6428070068, 66.29296875, 66.9547348022, 67.6165084839, 68.2782745361, 68.8936004639, 69.5205459595, 70.1590881348, 70.7976379395, 71.4361877441, 72.0747375488, 72.7132873535, 73.3634490967, 74.0136032104, 74.6753692627, 75.3487548828, 75.975692749, 76.6026306152, 77.2411804199, 77.8797302246, 78.5066680908, 79.1568222046, 79.7953720093, 80.4455337524, 81.0956878662, 81.7342376709, 82.3727874756, 82.9997253418, 83.6382751465, 84.2652130127, 84.9153747559, 85.5655288696, 86.2156906128, 86.8542404175, 87.4927902222, 88.1429443359, 88.7931060791, 89.4316558838, 90.0818099976, 90.7203598022, 91.3705215454, 92.0206756592, 92.6708374023, 93.3209991455, 93.9595413208, 94.5980911255, 95.2366409302, 95.8635787964, 96.5021286011, 97.1406784058, 97.7792282104, 98.4061660767, 99.0447158813, 99.683265686, 100.3334198, 100.971969604, 101.610519409, 102.260681152, 102.910835266, 103.560997009, 104.211151123, 104.861312866, 105.511474609, 106.161628723, 106.800178528, 107.438728333, 108.088890076, 108.715827942, 109.342765808, 109.992919922, 110.643081665, 111.293243408, 111.931785583, 112.570335388, 113.220497131, 113.859046936, 114.497596741, 115.147750854, 115.797912598, 116.45967865, 117.133056641, 117.771606445, 118.421768188, 119.060317993, 119.698867798, 120.337409973, 120.999183655, 121.649337769, 122.22983551, 122.810340881, 123.437278748, 124.064216614, 124.69115448, 125.318092346, 125.945030212, 126.583580017, 127.222129822, 127.849067688, 128.476013184, 129.10295105, 129.729888916, 130.356826782, 130.983764648, 131.610702515, 132.237640381, 132.864578247, 133.491516113, 134.118453979, 134.745391846, 135.372329712, 135.999267578, 136.626205444, 137.253143311, 137.880081177, 138.507034302, 139.133972168, 139.772521973, 140.411056519, 141.037994385, 141.66494751, 142.291885376, 142.918823242, 143.545761108, 144.172698975, 144.799636841, 145.426574707, 146.053512573, 146.680450439, 147.307388306, 147.934326172, 148.561264038, 149.188201904, 149.815139771, 150.442077637, 151.069015503, 151.695953369, 152.334503174, 152.96144104, 153.599990845, 154.226928711, 154.853881836, 155.480819702, 156.09614563, 156.723083496, 157.338409424, 157.953735352, 158.580673218, 159.219223022, 159.846160889, 160.473098755, 161.100036621, 161.726974487, 162.353912354, 162.980865479, 163.607803345, 164.234741211, 164.850067139, 165.488616943, 166.127166748, 166.754104614, 167.38104248, 168.007980347, 168.623306274, 169.250244141, 169.807525635, 170.364807129, 170.910476685, 171.45614624, 172.013427734, 172.55909729, 173.093154907, 173.638824463, 174.17288208, 174.718551636, 175.264221191, 175.798278809, 176.332336426, 176.854782104, 177.377227783, 177.922897339, 178.468566895, 179.002624512, 179.536682129, 180.093963623, 180.639633179, 181.208526611, 181.777404785, 182.346298218, 182.903579712, 183.460861206, 184.0181427, 184.552200317], "beats_loudness": {"dmean2": 0.113677710295, "median": 0.0523962453008, "min": 0.000542607740499, "dvar2": 0.0155883831903, "dvar": 0.00582185434178, "dmean": 0.0614333711565, "max": 0.77466571331, "var": 0.00669730827212, "mean": 0.0738918110728}, "danceability": 1.04224872589, "bpm_histogram_second_peak_weight": {"dmean2": 0, "median": 0.172307685018, "min": 0.172307685018, "dvar2": 0, "dvar": 0, "dmean": 0, "max": 0.172307685018, "var": 0, "mean": 0.172307685018}, "beats_count": 326, "bpm_histogram_second_peak_bpm": {"dmean2": 0, "median": 140, "min": 140, "dvar2": 0, "dvar": 0, "dmean": 0, "max": 140, "var": 0, "mean": 140}, "bpm_histogram_first_peak_spread": {"dmean2": 0, "median": 0.603174567223, "min": 0.603174567223, "dvar2": 0, "dvar": 0, "dmean": 0, "max": 0.603174567223, "var": 0, "mean": 0.603174567223}, "beats_loudness_band_ratio": {"dmean2": [0.324442744255, 0.216430693865, 0.115891441703, 0.0438001789153, 0.0122197726741, 0.307180464268], "median": [0.327351510525, 0.187273472548, 0.0476625710726, 0.0138832442462, 0.00175663607661, 0.348493158817], "min": [0.00286350701936, 0.00219636200927, 0.00137004605494, 0.000139843308716, 7.83485938882e-06, 0.00954422820359], "dvar2": [0.0724162086844, 0.0303953364491, 0.0209283027798, 0.00467155361548, 0.00128153839614, 0.0500736348331], "dvar": [0.0248306188732, 0.0104729486629, 0.00758139463142, 0.0018556289142, 0.00050198927056, 0.0168766882271], "dmean": [0.18104082346, 0.124616980553, 0.0665560811758, 0.0247085038573, 0.00717023899779, 0.168572843075], "max": [0.980397284031, 0.88883638382, 0.62967145443, 0.337706059217, 0.308372706175, 0.959520041943], "var": [0.0652119070292, 0.0200215019286, 0.0109794531018, 0.00236964668147, 0.000915996322874, 0.0461554452777], "mean": [0.366523146629, 0.207662805915, 0.0853787660599, 0.0292304866016, 0.00859308522195, 0.370061099529]}}, "lowlevel": {"barkbands_spread": {"dmean2": 4.40179157257, "median": 6.8375658989, "min": 0.350687026978, "dvar2": 43.9106788635, "dvar": 22.1271038055, "dmean": 2.86036705971, "max": 107.180709839, "var": 112.674964905, "mean": 9.81925487518}, "melbands_spread": {"dmean2": 4.2418794632, "median": 5.3611907959, "min": 0.278380095959, "dvar2": 87.5608901978, "dvar": 51.7253684998, "dmean": 2.82134008408, "max": 143.545349121, "var": 210.620529175, "mean": 9.11053943634}, "hfc": {"dmean2": 149.358673096, "median": 213.091125488, "min": 1.24344079315e-16, "dvar2": 63459.1835938, "dvar": 30137.3730469, "dmean": 97.6411514282, "max": 4023.80615234, "var": 102485.640625, "mean": 302.918182373}, "barkbands_kurtosis": {"dmean2": 19.8168411255, "median": 17.9139118195, "min": -1.74398517609, "dvar2": 1253.09423828, "dvar": 498.879638672, "dmean": 12.5374069214, "max": 567.841491699, "var": 1531.64624023, "mean": 29.7031898499}, "gfcc": {"mean": [-57.3873062134, 120.0991745, -49.6881561279, -11.7678260803, -27.9811115265, -17.0826225281, -9.17671966553, -17.2343444824, -12.0590572357, -9.55129051208, 0.284583836794, -7.87330532074, -4.40253305435], "icov": [[0.000408168096328, -5.19507848367e-05, 0.000777151144575, -0.000313652155455, 4.86432327307e-05, -0.000277105515124, -0.00013020184997, -0.000436963688117, 0.000813635822851, -0.000936429714784, 0.000487970013637, -0.000557204999495, 0.000383638340281], [-5.19507848367e-05, 0.00389887974598, -0.00166571326554, 0.00171150150709, -0.00220746709965, -0.000736890477128, -0.00187631126028, 0.00116756442003, -0.00253537436947, 0.00226277648471, -0.00370873976499, 0.00463476777077, -0.0029321599286], [0.000777151144575, -0.00166571326554, 0.00441542686895, -0.00140577601269, 0.00281784217805, -0.00139919330832, 0.000965988147072, -0.0017519883113, 0.00286128022708, -0.000592262018472, 0.00115312298294, -0.00214961497113, 0.000922706036363], [-0.000313652155455, 0.00171150150709, -0.00140577601269, 0.00419027078897, -0.00276368786581, 0.00180729990825, -0.00293728290126, -0.00068926892709, 0.00130283657927, -0.0017832723679, 0.00252851424739, -0.00165365205612, 0.00186102162115], [4.86432327307e-05, -0.00220746709965, 0.00281784217805, -0.00276368786581, 0.00864212680608, -0.00414402130991, 0.00121752219275, 0.000164011536981, -0.00266361422837, 0.00415601627901, -0.00459786457941, 0.00396594358608, -0.00156262936071], [-0.000277105515124, -0.000736890477128, -0.00139919330832, 0.00180729990825, -0.00414402130991, 0.00838639494032, -0.000486166100018, -0.00266736582853, 0.00325788115151, -0.0074899867177, 0.00944635551423, -0.00611562840641, 0.00233322870918], [-0.00013020184997, -0.00187631126028, 0.000965988147072, -0.00293728290126, 0.00121752219275, -0.000486166100018, 0.00863082520664, -0.00182557862718, 0.000272764998954, 0.00470876507461, -0.00473079783842, 0.000610803021118, 0.0016754855169], [-0.000436963688117, 0.00116756442003, -0.0017519883113, -0.00068926892709, 0.000164011536981, -0.00266736582853, -0.00182557862718, 0.0118979280815, -0.0060436646454, -0.00123835261911, -0.000206270211493, 0.00157468370162, -0.00359553331509], [0.000813635822851, -0.00253537436947, 0.00286128022708, 0.00130283657927, -0.00266361422837, 0.00325788115151, 0.000272764998954, -0.0060436646454, 0.0174002815038, -0.0126107465476, 0.00969223305583, -0.00902767758816, 0.00441816356033], [-0.000936429714784, 0.00226277648471, -0.000592262018472, -0.0017832723679, 0.00415601627901, -0.0074899867177, 0.00470876507461, -0.00123835261911, -0.0126107465476, 0.0319372192025, -0.02395359613, 0.0138737550005, -0.00410980638117], [0.000487970013637, -0.00370873976499, 0.00115312298294, 0.00252851424739, -0.00459786457941, 0.00944635551423, -0.00473079783842, -0.000206270211493, 0.00969223305583, -0.02395359613, 0.038952820003, -0.0218767523766, 0.00798297300935], [-0.000557204999495, 0.00463476777077, -0.00214961497113, -0.00165365205612, 0.00396594358608, -0.00611562840641, 0.000610803021118, 0.00157468370162, -0.00902767758816, 0.0138737550005, -0.0218767523766, 0.0347564816475, -0.0144845815375], [0.000383638340281, -0.0029321599286, 0.000922706036363, 0.00186102162115, -0.00156262936071, 0.00233322870918, 0.0016754855169, -0.00359553331509, 0.00441816356033, -0.00410980638117, 0.00798297300935, -0.0144845815375, 0.0233472976834]], "cov": [[6939.70458984, -724.32208252, -1298.40649414, 1025.97070312, 503.369567871, 350.387451172, 353.977539062, 332.347869873, 71.4300003052, 298.721069336, 44.4403305054, 11.579577446, -179.955978394], [-724.32208252, 812.093017578, 93.0658798218, -366.988739014, 198.204818726, 93.1698226929, 12.3489484787, -10.7473220825, 104.134552002, -1.57114756107, 35.9660491943, -56.6325492859, 73.4651107788], [-1298.40649414, 93.0658798218, 689.05255127, -88.5629196167, -235.194702148, -1.31294465065, -63.2049217224, -19.6332206726, -100.518943787, -71.8812789917, -34.7912368774, 29.0786991119, 35.0574493408], [1025.97070312, -366.988739014, -88.5629196167, 722.397033691, 63.2220420837, -38.8018951416, 210.119766235, 56.1577720642, -77.1700897217, -4.38990163803, -6.5408449173, 13.7770757675, -90.7377166748], [503.369567871, 198.204818726, -235.194702148, 63.2220420837, 347.781188965, 135.748001099, 53.8216400146, 57.6403579712, 91.6633529663, 42.8282051086, 15.5294904709, -32.6791267395, 0.210889518261], [350.387451172, 93.1698226929, -1.31294465065, -38.8018951416, 135.748001099, 318.888549805, -26.5783004761, 112.598808289, 66.8259735107, 69.7725067139, -31.9584445953, 4.531062603, 18.9278831482], [353.977539062, 12.3489484787, -63.2049217224, 210.119766235, 53.8216400146, -26.5783004761, 230.297668457, 17.9682540894, -26.166021347, -21.5063896179, 24.7193527222, -2.82560420036, -35.0571403503], [332.347869873, -10.7473220825, -19.6332206726, 56.1577720642, 57.6403579712, 112.598808289, 17.9682540894, 173.451934814, 79.2006454468, 61.3342895508, -3.13651323318, 12.4450025558, 12.1187038422], [71.4300003052, 104.134552002, -100.518943787, -77.1700897217, 91.6633529663, 66.8259735107, -26.166021347, 79.2006454468, 165.936965942, 74.2670059204, 11.5890731812, 2.45556926727, 14.7924785614], [298.721069336, -1.57114756107, -71.8812789917, -4.38990163803, 42.8282051086, 69.7725067139, -21.5063896179, 61.3342895508, 74.2670059204, 108.845283508, 34.4212646484, 2.87864565849, 0.0899895727634], [44.4403305054, 35.9660491943, -34.7912368774, -6.5408449173, 15.5294904709, -31.9584445953, 24.7193527222, -3.13651323318, 11.5890731812, 34.4212646484, 72.4031906128, 20.3583602905, -0.600723624229], [11.579577446, -56.6325492859, 29.0786991119, 13.7770757675, -32.6791267395, 4.531062603, -2.82560420036, 12.4450025558, 2.45556926727, 2.87864565849, 20.3583602905, 65.0043182373, 23.3387355804], [-179.955978394, 73.4651107788, 35.0574493408, -90.7377166748, 0.210889518261, 18.9278831482, -35.0571403503, 12.1187038422, 14.7924785614, 0.0899895727634, -0.600723624229, 23.3387355804, 75.2680511475]]}, "spectral_energyband_middle_low": {"dmean2": 0.00843797530979, "median": 0.00971769168973, "min": 3.856843202e-22, "dvar2": 0.000164869896253, "dvar": 7.17768634786e-05, "dmean": 0.00547339813784, "max": 0.163156867027, "var": 0.000228031669394, "mean": 0.0141960745677}, "melbands_crest": {"dmean2": 5.23036575317, "median": 16.3090362549, "min": 2.59151673317, "dvar2": 19.4939136505, "dvar": 7.65499591827, "dmean": 3.25557279587, "max": 36.5183486938, "var": 34.8278465271, "mean": 17.0283260345}, "spectral_kurtosis": {"dmean2": 17.6564445496, "median": 20.6886386871, "min": -1.22469389439, "dvar2": 589.079101562, "dvar": 220.308822632, "dmean": 10.9911298752, "max": 191.539413452, "var": 354.919525146, "mean": 26.3040733337}, "spectral_rms": {"dmean2": 0.00131463166326, "median": 0.00613606628031, "min": 3.31654387113e-12, "dvar2": 3.44514296557e-06, "dvar": 1.65959829701e-06, "dmean": 0.000896964862477, "max": 0.0320320464671, "var": 1.13869182314e-05, "mean": 0.0065329587087}, "zerocrossingrate": {"dmean2": 0.0579568706453, "median": 0.37255859375, "min": 0.013671875, "dvar2": 0.00240014400333, "dvar": 0.00149215885904, "dmean": 0.0456725396216, "max": 0.9638671875, "var": 0.0288838949054, "mean": 0.38197556138}, "silence_rate_60dB": {"dmean2": 0.0165517237037, "median": 0, "min": 0, "dvar2": 0.0180339068174, "dvar": 0.00820653978735, "dmean": 0.00827482435852, "max": 1, "var": 0.039203170687, "mean": 0.0408674925566}, "erbbands_kurtosis": {"dmean2": 4.45072126389, "median": 1.93774461746, "min": -1.88744938374, "dvar2": 70.0009078979, "dvar": 26.8988437653, "dmean": 2.79306268692, "max": 168.021530151, "var": 85.5459136963, "mean": 4.97154569626}, "erbbands": {"dmean2": [0.461646646261, 2.19928479195, 4.85651779175, 6.07533979416, 16.4052753448, 12.7609224319, 16.1630134583, 17.3812980652, 15.9908313751, 25.7902832031, 16.569108963, 10.7250699997, 8.18126010895, 11.5128278732, 7.34125804901, 14.7791414261, 15.2875852585, 20.0334072113, 12.4771652222, 8.89186573029, 3.28347539902, 2.01466178894, 3.65050435066, 7.49691772461, 15.0315637589, 6.3692574501, 2.58694243431, 1.09024453163, 0.803447365761, 0.58733355999, 0.527136743069, 0.322650879622, 0.22024667263, 0.0623283423483, 0.03601917997, 0.0324669145048, 0.03215540573, 0.0153188966215, 0.00932619720697, 0.00576683692634], "median": [0.101661086082, 0.770758330822, 1.1642819643, 2.40162277222, 9.41866588593, 8.15887451172, 7.53803300858, 9.3794260025, 10.5353546143, 6.66375303268, 5.49759054184, 6.04807472229, 4.81384897232, 5.97003316879, 4.2718167305, 5.36595582962, 2.47855401039, 1.80456590652, 1.36794376373, 0.882309615612, 0.678492188454, 0.504600763321, 0.466110169888, 0.524422645569, 0.393169879913, 0.278469800949, 0.160707682371, 0.109304964542, 0.0892719700933, 0.069761402905, 0.0508662760258, 0.0331671386957, 0.0205967836082, 0.0136847654358, 0.00966889224946, 0.00693028885871, 0.00503434892744, 0.00337766506709, 0.00363933085464, 0.00980647560209], "min": [2.02962286259e-22, 2.42827673765e-21, 9.88088648224e-21, 5.39859879147e-20, 1.44228323129e-19, 3.7489867463e-19, 1.40816358198e-19, 3.0035305443e-19, 6.99999473723e-19, 6.36601921734e-19, 2.551661111e-18, 1.44012465178e-18, 5.11561081719e-18, 7.0764101992e-18, 5.0487700742e-18, 4.98973543465e-18, 5.60388726097e-18, 7.19307244407e-18, 8.08823985835e-18, 9.04658650064e-18, 9.93107832193e-18, 1.28250011278e-17, 1.64986218975e-17, 1.06011343228e-17, 1.07234387666e-17, 1.35856772463e-17, 1.94383969791e-17, 1.79324832411e-17, 1.84308297817e-17, 1.68660819954e-17, 1.77470938679e-17, 1.82185669647e-17, 1.56232447794e-17, 9.9526900698e-18, 7.04700144688e-18, 6.1230349124e-18, 4.28443574946e-18, 1.36085717445e-18, 3.29847704284e-19, 3.95199334761e-20], "dvar2": [5.36436462402, 44.9651794434, 204.121704102, 226.272964478, 918.515014648, 462.787628174, 2081.6965332, 2161.66699219, 907.619934082, 5615.13671875, 3343.97119141, 345.565917969, 503.447998047, 571.370422363, 267.427368164, 1690.07165527, 6641.05615234, 9576.16210938, 2997.03076172, 2042.7277832, 247.448852539, 52.4648475647, 605.647033691, 2392.2199707, 12648.734375, 2010.77661133, 304.096954346, 41.4295692444, 25.8690643311, 13.7937393188, 44.687461853, 46.805103302, 39.6151542664, 0.187283217907, 0.00705139013007, 0.19307346642, 0.416316747665, 0.0231414008886, 0.00223100930452, 9.07067442313e-05], "dvar": [2.03460383415, 18.6378726959, 112.827766418, 123.150016785, 360.531982422, 206.653961182, 788.388122559, 1020.80181885, 444.84161377, 2384.26220703, 2141.23120117, 157.310653687, 183.844451904, 240.383422852, 105.151535034, 667.300292969, 2335.6484375, 3344.88305664, 1040.11755371, 748.39074707, 87.5622787476, 26.3461208344, 310.597747803, 1282.29260254, 6185.96191406, 1016.30041504, 151.963348389, 22.8680267334, 13.2563238144, 8.14481639862, 21.9021053314, 19.9629821777, 15.3407335281, 0.0728379487991, 0.00304170721211, 0.0927066355944, 0.188930913806, 0.0126203717664, 0.00124588923063, 4.63700016553e-05], "dmean": [0.284110575914, 1.42343461514, 3.43823051453, 3.97104048729, 10.2932367325, 8.17071533203, 9.79286766052, 11.3997678757, 10.6541185379, 16.6075878143, 11.8558092117, 6.94046735764, 5.01787519455, 7.29028081894, 4.53159141541, 9.17821216583, 9.23051929474, 11.6056833267, 7.40663814545, 5.33216142654, 1.95056152344, 1.29261958599, 2.55245184898, 5.51648283005, 10.4963674545, 4.48912000656, 1.79332709312, 0.778100550175, 0.582569241524, 0.431133419275, 0.3674890697, 0.218057855964, 0.141323521733, 0.0398216694593, 0.0231617484242, 0.0220016390085, 0.0225105322897, 0.0113403582945, 0.00661435257643, 0.00380506925285], "max": [42.4526977539, 122.929969788, 467.507965088, 510.138519287, 426.033721924, 378.697265625, 564.811584473, 1166.61254883, 446.675384521, 1304.48083496, 1642.35766602, 285.249053955, 664.282165527, 703.186340332, 254.843139648, 841.655700684, 1341.37561035, 2023.24365234, 711.142150879, 672.137817383, 501.322052002, 254.048309326, 740.407897949, 1049.72241211, 2610.4921875, 1201.78344727, 554.467834473, 221.302871704, 167.070495605, 188.074737549, 390.461242676, 365.781555176, 301.360900879, 19.7272777557, 1.50738143921, 25.5297164917, 36.9588775635, 9.33956623077, 1.71060609818, 0.127973780036], "var": [3.80765771866, 52.0529060364, 600.171508789, 699.910644531, 829.72454834, 651.636901855, 963.367614746, 3493.61230469, 1356.86999512, 4747.83349609, 6183.36376953, 387.065551758, 279.273529053, 481.699798584, 213.891418457, 1015.23620605, 2893.98876953, 4580.42382812, 2166.24511719, 1410.39489746, 162.547576904, 97.0329208374, 883.33190918, 3286.85229492, 13301.0693359, 2209.69360352, 288.419067383, 49.6643562317, 28.9307556152, 19.9489002228, 31.777223587, 22.5868053436, 13.2644720078, 0.0665356069803, 0.0042484481819, 0.123108446598, 0.235434383154, 0.0226610004902, 0.00330740748905, 0.000179878363269], "mean": [0.519252538681, 2.99275135994, 9.04193401337, 8.57139205933, 18.6330051422, 15.7723989487, 16.7593841553, 23.8929424286, 22.8134250641, 26.2176799774, 20.1706104279, 12.1631908417, 8.84899139404, 12.1709194183, 8.36005115509, 14.364315033, 13.1326332092, 15.8110132217, 11.7587509155, 8.08977413177, 3.16057109833, 2.34049487114, 4.36035680771, 9.15949630737, 16.8235054016, 7.32543563843, 2.91237306595, 1.29176211357, 0.941932916641, 0.720334112644, 0.575691282749, 0.278172492981, 0.1470374614, 0.0465939417481, 0.0282347593457, 0.0270821601152, 0.0301064457744, 0.0185812748969, 0.0147558478639, 0.0133748659864]}, "spectral_strongpeak": {"dmean2": 25.2371940613, "median": 0.86759775877, "min": 0, "dvar2": 1996.51269531, "dvar": 829.452270508, "dmean": 14.4437236786, "max": 346.222747803, "var": 1632.02819824, "mean": 20.4711875916}, "spectral_energy": {"dmean2": 0.0234608780593, "median": 0.0385925918818, "min": 1.12744507465e-20, "dvar2": 0.00304472073913, "dvar": 0.00130827538669, "dmean": 0.0157088767737, "max": 1.05170333385, "var": 0.00435568997636, "mean": 0.0554181672633}, "average_loudness": 0.264282315969, "spectral_rolloff": {"dmean2": 4030.27978516, "median": 21813.1347656, "min": 64.599609375, "dvar2": 88116592, "dvar": 34654104, "dmean": 2067.26147461, "max": 22028.4667969, "var": 69051376, "mean": 17680.4609375}, "spectral_centroid": {"dmean2": 152.480560303, "median": 416.309997559, "min": 118.227981567, "dvar2": 81017.0390625, "dvar": 54228.3476562, "dmean": 102.174705505, "max": 10275.7509766, "var": 260775.671875, "mean": 558.475036621}, "pitch_salience": {"dmean2": 0.109035000205, "median": 0.540541052818, "min": 0.0981539562345, "dvar2": 0.00867341831326, "dvar": 0.00337370415218, "dmean": 0.0679527521133, "max": 0.9375436306, "var": 0.0154302502051, "mean": 0.528790295124}, "spectral_energyband_middle_high": {"dmean2": 0.00152812816668, "median": 0.000782070157584, "min": 1.91225174473e-21, "dvar2": 1.87326186278e-05, "dvar": 8.00482121122e-06, "dmean": 0.000985937658697, "max": 0.0562911815941, "var": 2.35367260757e-05, "mean": 0.00220656441525}, "spectral_contrast_coeffs": {"dmean2": [0.0830906108022, 0.0782351344824, 0.0610652565956, 0.0568320341408, 0.049449827522, 0.0390029996634], "median": [-0.630387306213, -0.742941141129, -0.805642843246, -0.834695756435, -0.855514287949, -0.848697066307], "min": [-0.962402224541, -0.953626275063, -0.966504991055, -0.981336951256, -0.979354381561, -0.958487391472], "dvar2": [0.00417596846819, 0.00375254056416, 0.00219261529855, 0.00207976577803, 0.00166145269759, 0.00147597724572], "dvar": [0.00155734480359, 0.00142967642751, 0.000805407413282, 0.000810472120065, 0.000698038551491, 0.000653094495647], "dmean": [0.0504200831056, 0.0480801984668, 0.0368164032698, 0.0348751433194, 0.0311832055449, 0.0245593823493], "max": [-0.32053488493, -0.375464111567, -0.585256159306, -0.535339951515, -0.539906561375, -0.511823356152], "var": [0.00797127746046, 0.00494005996734, 0.00254625617526, 0.00467845471576, 0.0055025536567, 0.00441283918917], "mean": [-0.628575503826, -0.736079096794, -0.801715254784, -0.828760206699, -0.852477550507, -0.828604161739]}, "melbands_skewness": {"dmean2": 1.18602740765, "median": 2.41982698441, "min": -2.00990748405, "dvar2": 1.32873094082, "dvar": 0.557560682297, "dmean": 0.752197265625, "max": 13.5501670837, "var": 4.31419754028, "mean": 2.87145328522}, "spectral_spread": {"dmean2": 1194013.875, "median": 3893920.25, "min": 1234402.125, "dvar2": 1454460108800.0, "dvar": 676584685568, "dmean": 763573.9375, "max": 42732496, "var": 1451286200320.0, "mean": 3929005.25}, "dissonance": {"dmean2": 0.0564782395959, "median": 0.444971442223, "min": 0, "dvar2": 0.00305517879315, "dvar": 0.00109040818643, "dmean": 0.0337580740452, "max": 0.500000059605, "var": 0.00249597034417, "mean": 0.432907104492}, "spectral_skewness": {"dmean2": 1.24170267582, "median": 3.59248518944, "min": -0.0151629829779, "dvar2": 2.10707807541, "dvar": 0.79749840498, "dmean": 0.790036261082, "max": 11.8679828644, "var": 2.15135383606, "mean": 3.78446340561}, "spectral_flux": {"dmean2": 0.0389207266271, "median": 0.0869185701013, "min": 0.000323516316712, "dvar2": 0.00305169960484, "dvar": 0.0013033793075, "dmean": 0.0234801564366, "max": 0.833500921726, "var": 0.00312119908631, "mean": 0.0934378802776}, "spectral_contrast_valleys": {"dmean2": [0.63596624136, 0.548334479332, 0.529437303543, 0.662748634815, 0.792560875416, 0.945264339447], "median": [-6.73428344727, -6.49584627151, -7.28333950043, -8.29026603699, -8.53541755676, -11.0294046402], "min": [-26.2277469635, -27.1541824341, -27.0159854889, -27.03840065, -27.1690349579, -27.3086147308], "dvar2": [0.281864881516, 0.203357964754, 0.206377118826, 0.401334345341, 0.573800861835, 0.68838006258], "dvar": [0.1262473315, 0.10302464664, 0.105805315077, 0.17922924459, 0.245235949755, 0.278761059046], "dmean": [0.383864969015, 0.339968949556, 0.327959477901, 0.422747403383, 0.513815641403, 0.612029731274], "max": [-4.31075525284, -4.70082855225, -5.39698791504, -5.87147474289, -5.28927946091, -7.68912506104], "var": [0.957168459892, 0.526556193829, 0.754735827446, 0.992906033993, 1.18533837795, 0.896284103394], "mean": [-6.95534563065, -6.60023450851, -7.4954457283, -8.41548633575, -8.61373996735, -11.0973091125]}, "erbbands_flatness_db": {"dmean2": 0.0447834059596, "median": 0.174627542496, "min": 0.0514139980078, "dvar2": 0.00161538436078, "dvar": 0.000641175662167, "dmean": 0.0287552345544, "max": 0.383898854256, "var": 0.0026309452951, "mean": 0.180045843124}, "spectral_energyband_high": {"dmean2": 0.000191750354134, "median": 5.68863251829e-05, "min": 7.85000217427e-21, "dvar2": 1.56864325618e-06, "dvar": 8.39052347601e-07, "dmean": 0.000139933967148, "max": 0.062836997211, "var": 1.69992006249e-06, "mean": 0.000277865037788}, "spectral_entropy": {"dmean2": 0.488367408514, "median": 6.79947185516, "min": 4.59094381332, "dvar2": 0.215822353959, "dvar": 0.086330845952, "dmean": 0.314345568419, "max": 9.78134059906, "var": 0.320377200842, "mean": 6.74229955673}, "silence_rate_20dB": {"dmean2": 0.0145454546437, "median": 1, "min": 0, "dvar2": 0.0183464884758, "dvar": 0.00721894716844, "dmean": 0.00727181555703, "max": 1, "var": 0.0112776383758, "mean": 0.988592207432}, "melbands_flatness_db": {"dmean2": 0.0605477914214, "median": 0.33675429225, "min": 0.00663624564186, "dvar2": 0.0030314035248, "dvar": 0.00121644046158, "dmean": 0.03908598423, "max": 0.629580259323, "var": 0.00493783783168, "mean": 0.339632421732}, "barkbands": {"dmean2": [0.0031716322992, 0.0112896449864, 0.00474687758833, 0.00215418287553, 0.00490182638168, 0.00203797756694, 0.00146363978274, 0.000879897153936, 0.000463896139991, 0.000343264313415, 0.000174267363036, 0.000326136185322, 0.000337459321599, 0.000368186010746, 0.000299624516629, 6.20589562459e-05, 4.02138248319e-05, 7.58920286899e-05, 0.000252817029832, 0.000158475289936, 4.21842378273e-05, 2.13978782995e-05, 1.72478157765e-05, 1.46705906445e-05, 4.90308502776e-06, 1.44480645758e-05, 0.00010489844135], "median": [0.000411358982092, 0.00376536371186, 0.000907001493033, 0.000730138737708, 0.00349276536144, 0.00107692496385, 0.000660204445012, 0.000227208278375, 0.000246963900281, 0.000177474095835, 7.38074159017e-05, 0.000127037346829, 4.52381536888e-05, 2.4875798772e-05, 2.24258728849e-05, 1.1669113519e-05, 9.94701440504e-06, 8.3910763351e-06, 8.29273449199e-06, 5.69421081309e-06, 3.33690013576e-06, 2.44043690145e-06, 1.84097336842e-06, 1.36118444516e-06, 1.25802273487e-06, 2.53583789345e-06, 5.84818335483e-05], "min": [1.0073371951e-23, 8.13907791164e-24, 1.14960636609e-23, 2.83154711508e-23, 7.50515701905e-23, 3.20890567106e-23, 4.55248536068e-23, 9.17865159209e-23, 5.99392608549e-23, 2.51655262059e-22, 9.51976262057e-23, 1.3917412256e-22, 1.37549700184e-22, 1.53593553275e-22, 9.5157703533e-23, 2.03925327652e-22, 2.16788039189e-22, 3.12459347969e-22, 1.95521119112e-22, 2.76755983026e-22, 4.52585631953e-22, 5.59472826244e-22, 5.56655747154e-22, 8.88983181799e-22, 9.66581649375e-22, 1.99633820829e-21, 2.46949016349e-21], "dvar2": [0.00022101427021, 0.0017432620516, 0.000177262394573, 2.89965555567e-05, 6.70738081681e-05, 2.56411021837e-05, 1.21472749015e-05, 6.69464679959e-06, 7.22507991213e-07, 5.95815151883e-07, 2.75517351156e-07, 8.73396004408e-07, 3.24753614223e-06, 3.44492491422e-06, 2.29388933803e-06, 8.54022701446e-08, 1.68444547199e-08, 2.4597426318e-07, 3.11226267513e-06, 1.42209205478e-06, 7.20343535932e-08, 1.68276947932e-08, 3.27366542763e-08, 1.5007705656e-07, 1.2498384272e-10, 5.87053001766e-08, 9.91552084884e-08], "dvar": [8.10894052847e-05, 0.000703643599991, 0.000103691563709, 1.30514263219e-05, 2.89323652396e-05, 1.08876356535e-05, 5.6193734963e-06, 3.90464583688e-06, 3.00169233469e-07, 2.2804415778e-07, 9.95083055955e-08, 3.63672995718e-07, 1.14180375022e-06, 1.22338121855e-06, 8.11030645309e-07, 2.99015816552e-08, 7.81268205685e-09, 1.33580812189e-07, 1.57461363415e-06, 6.55616076983e-07, 3.78683679969e-08, 9.04321506567e-09, 1.81209234285e-08, 5.85410369069e-08, 5.37232862363e-11, 2.77177498731e-08, 5.05974036002e-08], "dmean": [0.00194617628586, 0.00714357988909, 0.00332166650333, 0.00130497536156, 0.00315760122612, 0.00130108790472, 0.000957381678745, 0.000606472312938, 0.000292495387839, 0.000215520660277, 0.0001050059509, 0.000205743854167, 0.000201602466404, 0.000214412939386, 0.000178639602382, 3.6729270505e-05, 2.55295235547e-05, 5.24640599906e-05, 0.000175928420504, 0.000106412539026, 2.99240346067e-05, 1.56794067152e-05, 1.22723204186e-05, 9.44970270211e-06, 3.14022099701e-06, 1.01435516626e-05, 6.88675063429e-05], "max": [0.215055853128, 0.825739324093, 0.546575069427, 0.129094868898, 0.116882309318, 0.0942339152098, 0.0533632859588, 0.0587524846196, 0.0121584199369, 0.0225624144077, 0.0173925440758, 0.0207500960678, 0.0279432330281, 0.0368793793023, 0.0191684924066, 0.00755476998165, 0.00534965377301, 0.0132902646437, 0.0383630096912, 0.0297502242029, 0.00729224272072, 0.00419830391183, 0.0114742992446, 0.0187714472413, 0.000181255469215, 0.0143618639559, 0.0085045658052], "var": [9.21519167605e-05, 0.00176081224345, 0.000628870970104, 3.82194302802e-05, 8.3386687038e-05, 2.73410842055e-05, 1.26550958157e-05, 1.02091780718e-05, 5.96636880346e-07, 4.16581912077e-07, 1.21355824945e-07, 5.90791159993e-07, 1.3747006733e-06, 1.77080767116e-06, 1.40618567457e-06, 5.07506570102e-08, 2.60434305233e-08, 3.87191221307e-07, 3.59493333235e-06, 1.25472934087e-06, 7.38699128533e-08, 2.15821511773e-08, 3.11042818169e-08, 5.34739257319e-08, 7.58491602859e-11, 3.73983226609e-08, 1.59419016654e-07], "mean": [0.00257224403322, 0.0145854884759, 0.00831705518067, 0.00204017106444, 0.00633266521618, 0.00254406500608, 0.00176041258965, 0.000954735965934, 0.000488545687404, 0.000360016885679, 0.000160514886375, 0.000327281886712, 0.000264468544628, 0.000282372697257, 0.000255052407738, 5.41260451428e-05, 4.27100021625e-05, 8.95537377801e-05, 0.000289502611849, 0.000166630270542, 4.80680428154e-05, 2.54643582593e-05, 2.02686751436e-05, 1.04738064692e-05, 3.79427046937e-06, 1.41465234265e-05, 0.000160487441462]}, "erbbands_skewness": {"dmean2": 0.769813418388, "median": 1.09634816647, "min": -5.48428344727, "dvar2": 0.528115034103, "dvar": 0.235860168934, "dmean": 0.499856859446, "max": 8.17158794403, "var": 1.78412234783, "mean": 1.14366841316}, "erbbands_spread": {"dmean2": 8.5673122406, "median": 19.197563