{"tonal": {"thpcp": [1, 0.798828184605, 0.35143083334, 0.217221796513, 0.186176329851, 0.306341588497, 0.575218319893, 0.510148108006, 0.297975093126, 0.298480033875, 0.216505035758, 0.135332494974, 0.150381103158, 0.169203788042, 0.358877539635, 0.645821154118, 0.523108124733, 0.260171890259, 0.230029687285, 0.299907714128, 0.607607007027, 0.896828830242, 0.67586773634, 0.334276288748, 0.248825654387, 0.223565861583, 0.299266219139, 0.45203062892, 0.4212859869, 0.518379032612, 0.873299956322, 0.710240185261, 0.30233874917, 0.23061645031, 0.271656543016, 0.582460641861], "hpcp": {"dmean2": [0.3233974576, 0.291552603245, 0.205494388938, 0.179370164871, 0.171415016055, 0.179020434618, 0.214389100671, 0.237772732973, 0.26945284009, 0.322784423828, 0.283605068922, 0.195831924677, 0.173869743943, 0.203231409192, 0.258095741272, 0.325462430716, 0.310837209225, 0.215266913176, 0.159320324659, 0.140560910106, 0.160632416606, 0.224636331201, 0.221466347575, 0.189941957593, 0.162766218185, 0.114978134632, 0.0900513380766, 0.100010596216, 0.118669636548, 0.179792046547, 0.242453888059, 0.229029476643, 0.180293783545, 0.181533679366, 0.222316160798, 0.281831800938], "median": [0.13083396852, 0.102591432631, 0.028897581622, 0.0143358046189, 0.0120925009251, 0.0204094629735, 0.0298311673105, 0.0371791012585, 0.0607649721205, 0.111834451556, 0.0922238528728, 0.0293619353324, 0.0139382258058, 0.0159789789468, 0.060732293874, 0.126911699772, 0.110246375203, 0.0323481559753, 0.0134361861274, 0.00960152503103, 0.0330635383725, 0.071030728519, 0.0657350420952, 0.0314250700176, 0.0157906468958, 0.0108956722543, 0.00982228759676, 0.0104814553633, 0.011886999011, 0.0386964865029, 0.0727003216743, 0.0599664710462, 0.0190383698791, 0.0116494446993, 0.0176830608398, 0.0647636502981], "min": [0, 0, 0, 0, 0, 0, 0, 0, 0, 0, 0, 0, 0, 0, 0, 0, 0, 0, 0, 0, 0, 0, 0, 0, 0, 0, 0, 0, 0, 0, 0, 0, 0, 0, 0, 0], "dvar2": [0.147994190454, 0.128861635923, 0.103734992445, 0.107326507568, 0.104636453092, 0.0988589897752, 0.111592315137, 0.126943156123, 0.129509583116, 0.147557273507, 0.120446570218, 0.0998763218522, 0.101119063795, 0.120928607881, 0.11725731194, 0.150406956673, 0.13424667716, 0.102309629321, 0.091779589653, 0.0800946727395, 0.0726632475853, 0.0952628031373, 0.092543810606, 0.0981625393033, 0.0764793679118, 0.0559646710753, 0.0390569828451, 0.0493224263191, 0.0579142831266, 0.0839608684182, 0.109533257782, 0.105084761977, 0.103573165834, 0.108057551086, 0.13279004395, 0.141967758536], "dvar": [0.0637708082795, 0.0501763261855, 0.0381071344018, 0.0388297662139, 0.037519428879, 0.0365411564708, 0.0437924303114, 0.0469848960638, 0.04920450598, 0.0633435174823, 0.0481726303697, 0.0365083739161, 0.0367239043117, 0.0434451699257, 0.0450340136886, 0.0659091696143, 0.0533586964011, 0.0382982417941, 0.0328539907932, 0.0291699040681, 0.0274914167821, 0.0391300655901, 0.0359555818141, 0.0357559286058, 0.0294064413756, 0.021246464923, 0.014202978462, 0.0180069468915, 0.0210610888898, 0.0317073576152, 0.0469496883452, 0.0419604107738, 0.0375453531742, 0.0386823229492, 0.0475398376584, 0.0542484931648], "dmean": [0.188792139292, 0.169710859656, 0.115178346634, 0.0984262153506, 0.0934895053506, 0.1008996889, 0.123890995979, 0.133968010545, 0.153334885836, 0.187786236405, 0.165277391672, 0.109253078699, 0.0955791845918, 0.112070962787, 0.150914371014, 0.192021280527, 0.183414712548, 0.121522158384, 0.0876193270087, 0.0773085430264, 0.092866577208, 0.133162260056, 0.129563808441, 0.106065280735, 0.0926871523261, 0.0662895664573, 0.0503079220653, 0.0556186847389, 0.0659805759788, 0.103525266051, 0.14552038908, 0.134477868676, 0.0994231179357, 0.0993158370256, 0.122678399086, 0.160470232368], "max": [1, 1, 1, 1, 1, 1, 1, 1, 1, 1, 1, 1, 1, 1, 1, 1, 1, 1, 1, 1, 1, 1, 1, 1, 1, 1, 1, 1, 1, 1, 1, 1, 1, 1, 1, 1], "var": [0.116104498506, 0.0718341395259, 0.0361564904451, 0.031279720366, 0.0279760342091, 0.033600423485, 0.0614528656006, 0.0488498993218, 0.054831918329, 0.118025556207, 0.0815173014998, 0.0308992825449, 0.0272952765226, 0.0344035178423, 0.0642640441656, 0.139685243368, 0.0912823677063, 0.0390164814889, 0.0258319042623, 0.0230176951736, 0.0290657002479, 0.0681917369366, 0.0538124740124, 0.02928625606, 0.0365574881434, 0.0244286190718, 0.0114060845226, 0.0151070868596, 0.0171240437776, 0.0337346978486, 0.0821214914322, 0.0581452399492, 0.0303387865424, 0.0295739453286, 0.039027094841, 0.0779808461666], "mean": [0.291210025549, 0.219461560249, 0.108543127775, 0.0807963833213, 0.072594255209, 0.0971749797463, 0.146779239178, 0.136796116829, 0.168323278427, 0.283569931984, 0.230622678995, 0.0981726646423, 0.0748836547136, 0.0882098153234, 0.189131274819, 0.324710816145, 0.259388148785, 0.114113390446, 0.0705342665315, 0.0604534670711, 0.099472425878, 0.186779603362, 0.165650606155, 0.0967557355762, 0.0969196930528, 0.0703015252948, 0.0439439229667, 0.04883037135, 0.0549422986805, 0.116531416774, 0.209705114365, 0.16985887289, 0.0844806283712, 0.0746931284666, 0.0973832830787, 0.197296559811]}, "tuning_equal_tempered_deviation": 0.0976317003369, "chords_changes_rate": 0.0699876472354, "key_key": "C", "tuning_diatonic_strength": 0.601015686989, "key_scale": "major", "chords_number_rate": 0.00109784549568, "tuning_frequency": 440.254241943, "tuning_nontempered_energy_ratio": 0.769643366337, "chords_histogram": [12.8036231995, 0.988060951233, 17.0714969635, 1.13901472092, 4.11692047119, 0, 0.562645792961, 0.0548922754824, 0.274461358786, 0.164676815271, 0, 0, 0, 0, 0, 0.233292162418, 0.370522856712, 0.988060951233, 0, 1.71538352966, 0.919445574284, 13.0643615723, 11.3901472092, 34.142993927], "key_strength": 0.62744218111, "chords_key": "A", "chords_strength": {"dmean2": 0.0112120546401, "median": 0.486445248127, "min": 0.274411320686, "dvar2": 0.00010140377708, "dvar": 9.24125124584e-05, "dmean": 0.0116390315816, "max": 0.807341694832, "var": 0.0108277956024, "mean": 0.499221563339}, "chords_scale": "minor", "hpcp_entropy": {"dmean2": 1.09882223606, "median": 2.03900098801, "min": 0, "dvar2": 0.83479321003, "dvar": 0.320722728968, "dmean": 0.659629821777, "max": 4.5612616539, "var": 0.649095952511, "mean": 2.05121660233}}, "metadata": {"audio_properties": {"equal_loudness": 0, "codec": "aac", "downmix": "mix", "sample_rate": 44100, "analysis_sample_rate": 44100, "bit_rate": 301835, "md5_encoded": "791dcea3a600f4490b73bf84a5389dfc", "length": 338.361175537, "replay_gain": -11.3921985626, "lossless": false}, "version": {"essentia_build_sha": "70f2e5ece6736b2c40cc944ad0e695b16b925413", "essentia": "2.1-beta2", "extractor": "music 1.0", "essentia_git_sha": "v2.1_beta2"}, "tags": {"title": ["Zwakala (Come to Me)"], "media": ["Digital Media"], "date": ["2013"], "file_name": "02. Stimela - Zwakala (Come to Me).m4a", "musicbrainz_releasegroupid": ["c9587b60-effb-41bf-897b-c6c92f63dd62"], "musicbrainz_recordingid": ["0f8c8d2c-112f-4f9a-940c-c7ac57936ceb"], "musicbrainz_artistid": ["a4a3f16e-0530-4656-96d5-4d15e82a7c9a"], "musicbrainz_albumartistid": ["a4a3f16e-0530-4656-96d5-4d15e82a7c9a"], "musicbrainz_albumid": ["42b20d7f-3844-4c1e-abf0-a3923a9a04ad"], "artist": ["Stimela"], "tracknumber": ["2/15"], "artistsort": ["Stimela"], "album": ["Steam Tracks: Best of Stimela"], "label": ["Gallo Record Company"], "albumartistsort": ["Stimela"], "discnumber": ["1/1"], "script": ["Latn"]}}, "rhythm": {"bpm_histogram_first_peak_bpm": {"dmean2": 0, "median": 96, "min": 96, "dvar2": 0, "dvar": 0, "dmean": 0, "max": 96, "var": 0, "mean": 96}, "bpm": 96.2136306763, "bpm_histogram_second_peak_spread": {"dmean2": 0, "median": 0.249999940395, "min": 0.249999940395, "dvar2": 0, "dvar": 0, "dmean": 0, "max": 0.249999940395, "var": 0, "mean": 0.249999940395}, "bpm_histogram_first_peak_weight": {"dmean2": 0, "median": 0.418348610401, "min": 0.418348610401, "dvar2": 0, "dvar": 0, "dmean": 0, "max": 0.418348610401, "var": 0, "mean": 0.418348610401}, "onset_rate": 4.5334610939, "beats_position": [0.580498874187, 1.17260766029, 1.75310659409, 2.32199549675, 2.89088439941, 3.44816327095, 4.01705217361, 4.55111122131, 5.08516979218, 5.61922883987, 6.14167785645, 6.66412687302, 7.18657588959, 7.70902490616, 8.2198638916, 8.73070240021, 9.31120204926, 9.90331077576, 10.5302495956, 11.1455783844, 11.7609071732, 12.387845993, 13.0263938904, 13.6765527725, 14.3267116547, 14.9768705368, 15.6154193878, 16.2655773163, 16.9157371521, 17.5658950806, 18.2276649475, 18.9010429382, 19.5512008667, 20.2013607025, 20.8631286621, 21.5248966217, 22.1982765198, 22.918094635, 23.6379127502, 24.2880725861, 24.9382305145, 25.5767803192, 26.2269382477, 26.865486145, 27.5156459808, 28.1658039093, 28.8159637451, 29.4661216736, 30.1046714783, 30.7432193756, 31.3817672729, 32.0203170776, 32.6704750061, 33.3090248108, 33.9475746155, 34.5745124817, 35.2014503479, 35.8283882141, 36.4669380188, 37.1054878235, 37.7324256897, 38.3593635559, 38.9979133606, 39.6364631653, 40.2866210938, 40.91355896, 41.5521087646, 42.1906585693, 42.8292045593, 43.467754364, 44.0946922302, 44.7216300964, 45.3485717773, 45.9755096436, 46.6140594482, 47.2526054382, 47.8795471191, 48.5180931091, 49.1566429138, 49.78358078, 50.4105224609, 51.0490684509, 51.6876182556, 52.3145561218, 52.9531059265, 53.5916557312, 54.2185935974, 54.8455314636, 55.4724693298, 56.0994110107, 56.7379570007, 57.3765068054, 58.0034446716, 58.6303825378, 59.2573242188, 59.884262085, 60.5111999512, 61.1381378174, 61.7650794983, 62.3920173645, 63.0305671692, 63.6691131592, 64.2960510254, 64.9229888916, 65.5499343872, 66.1884765625, 66.8154220581, 67.4307479858, 68.0692977905, 68.7078475952, 69.3347854614, 69.9384994507, 70.5654373169, 71.180770874, 71.7960968018, 72.423034668, 73.0499725342, 73.6769180298, 74.2922439575, 74.9075698853, 75.5345077515, 76.1614532471, 76.7883911133, 77.403717041, 78.0190429688, 78.6459884644, 79.2729263306, 79.8998641968, 80.526802063, 81.1537399292, 81.7690658569, 82.3843994141, 83.0113372803, 83.6382751465, 84.2652130127, 84.8921508789, 85.5190887451, 86.1460266113, 86.7729721069, 87.3999099731, 88.0268478394, 88.6537857056, 89.2807235718, 89.907661438, 90.5345993042, 91.1615371704, 91.788482666, 92.4154205322, 93.0539703369, 93.6925125122, 94.3194503784, 94.946395874, 95.5733337402, 96.2002716064, 96.8388214111, 97.4657592773, 98.104309082, 98.7312469482, 99.3697967529, 100.008346558, 100.635284424, 101.26222229, 101.889160156, 102.516098022, 103.154647827, 103.793197632, 104.420135498, 105.047073364, 105.67401123, 106.300949097, 106.939498901, 107.554824829, 108.181770325, 108.808708191, 109.435646057, 110.062583923, 110.68952179, 111.316459656, 111.943397522, 112.570335388, 113.197273254, 113.82421875, 114.451156616, 115.078094482, 115.705032349, 116.331970215, 116.958908081, 117.585845947, 118.224395752, 118.862945557, 119.501495361, 120.128433228, 120.766983032, 121.393920898, 122.032470703, 122.659408569, 123.297958374, 123.92489624, 124.551834106, 125.178771973, 125.805709839, 126.432647705, 127.047981262, 127.66330719, 128.290252686, 128.917190552, 129.555740356, 130.171066284, 130.786392212, 131.40171814, 132.028656006, 132.655593872, 133.282531738, 133.909469604, 134.536407471, 135.151748657, 135.767074585, 136.394012451, 137.020950317, 137.647888184, 138.27482605, 138.901763916, 139.528701782, 140.155639648, 140.770965576, 141.409515381, 142.036453247, 142.663391113, 143.290344238, 143.928878784, 144.567428589, 145.194366455, 145.82131958, 146.448257446, 147.063583374, 147.678909302, 148.305847168, 148.932785034, 149.5597229, 150.198272705, 150.83682251, 151.463760376, 152.090698242, 152.717636108, 153.344573975, 153.971511841, 154.598449707, 155.225387573, 155.852325439, 156.479278564, 157.11781311, 157.756362915, 158.383300781, 159.010253906, 159.637191772, 160.264129639, 160.891067505, 161.518005371, 162.144943237, 162.771881104, 163.39881897, 164.025756836, 164.641082764, 165.279632568, 165.906570435, 166.533508301, 167.160446167, 167.787384033, 168.414321899, 169.041259766, 169.668212891, 170.295150757, 170.922088623, 171.537414551, 172.175964355, 172.802902222, 173.429840088, 174.056777954, 174.672103882, 175.28742981, 175.914367676, 176.541305542, 177.168243408, 177.783584595, 178.398910522, 179.025848389, 179.629562378, 180.256500244, 180.88343811, 181.498779297, 182.114105225, 182.741043091, 183.367980957, 183.983306885, 184.598632812, 185.21395874, 185.829299927, 186.456237793, 187.071563721, 187.686889648, 188.313827515, 188.940765381, 189.567703247, 190.194641113, 190.821578979, 191.448516846, 192.075454712, 192.702392578, 193.329345703, 193.944671631, 194.559997559, 195.186935425, 195.802261353, 196.41758728, 197.044525146, 197.659866333, 198.275192261, 198.902130127, 199.529067993, 200.156005859, 200.782943726, 201.409881592, 202.036819458, 202.663757324, 203.29069519, 203.917633057, 204.544570923, 205.159912109, 205.775238037, 206.390563965, 207.02911377, 207.656051636, 208.282989502, 208.909927368, 209.513641357, 210.140579224, 210.75592041, 211.371246338, 211.998184204, 212.613510132, 213.22883606, 213.844161987, 214.459503174, 215.063217163, 215.690155029, 216.293869019, 216.920806885, 217.547744751, 218.163085938, 218.778411865, 219.393737793, 220.009063721, 220.636001587, 221.262939453, 221.878265381, 222.493606567, 223.108932495, 223.724258423, 224.327972412, 224.954910278, 225.570251465, 226.185577393, 226.80090332, 227.416229248, 228.043167114, 228.67010498, 229.285430908, 229.900772095, 230.516098022, 231.13142395, 231.735137939, 232.362075806, 232.977416992, 233.59274292, 234.196456909, 234.811782837, 235.415512085, 236.030838013, 236.657775879, 237.284713745, 237.900039673, 238.515365601, 239.130691528, 239.746032715, 240.372970581, 240.999908447, 241.603622437, 242.230560303, 242.84588623, 243.461227417, 244.076553345, 244.691879272, 245.295593262, 245.910919189, 246.526260376, 247.153198242, 247.76852417, 248.395462036, 249.010787964, 249.626113892, 250.241439819, 250.856781006, 251.472106934, 252.087432861, 252.702758789, 253.329696655, 253.933425903, 254.548751831, 255.164077759, 255.767791748, 256.383117676, 256.998443604, 257.613769531, 258.229125977, 258.844451904, 259.459777832, 260.07510376, 260.690429688, 261.317352295, 261.93270874, 262.559631348, 263.174957275, 263.790283203, 264.405609131, 265.020935059, 265.636291504, 266.251617432, 266.866943359, 267.482269287, 268.097595215, 268.712921143, 269.32824707, 269.943572998, 270.558898926, 271.185852051, 271.812774658, 272.428100586, 273.043426514, 273.647155762, 274.262481689, 274.877807617, 275.504760742, 276.13168335, 276.758636475, 277.385559082, 278.000915527, 278.616241455, 279.243164062, 279.85848999, 280.473815918, 281.077545166, 281.692871094, 282.308197021, 282.923522949, 283.538848877, 284.154174805, 284.76953125, 285.384857178, 286.000183105, 286.615509033, 287.230834961, 287.857757568, 288.461486816, 289.076812744, 289.692138672, 290.29586792, 290.922821045, 291.538146973, 292.1534729, 292.768798828, 293.384124756, 293.999450684, 294.614776611, 295.241729736, 295.857055664, 296.472381592, 297.099304199, 297.726257324, 298.341583252, 298.95690918, 299.583862305, 300.210784912, 300.837738037, 301.464660645, 302.079986572, 302.6953125, 303.310638428, 303.937591553, 304.55291748, 305.179870605, 305.806793213, 306.422119141, 307.037445068, 307.664398193, 308.268127441, 308.871826172, 309.47555542, 310.102478027, 310.706207275, 311.298309326, 311.890411377, 312.482543945, 313.074645996, 313.666748047, 314.258850098, 314.862579346, 315.466308594, 316.070007324, 316.662139893, 317.254241943, 317.857940674, 318.461669922, 319.06539917, 319.657501221, 320.249603271, 320.85333252, 321.45703125, 322.060760498, 322.664489746, 323.268188477, 323.871917725, 324.475646973, 325.079345703, 325.683074951, 326.275177002, 326.86730957, 327.459411621, 328.063110352, 328.678466797, 329.282165527, 329.897491455, 330.454772949, 331.000457764, 331.546112061, 332.091796875, 332.625854492, 333.136688232, 333.659118652, 334.158355713, 334.645965576, 335.133605957, 335.632843018, 336.143676758, 336.654510498, 337.176940918, 337.676177979], "beats_loudness": {"dmean2": 0.12645304203, "median": 0.0533711984754, "min": 1.66755267372e-08, "dvar2": 0.00478441780433, "dvar": 0.0013524069218, "dmean": 0.0639660507441, "max": 0.187075987458, "var": 0.00194168440066, "mean": 0.0567162521183}, "danceability": 1.30291652679, "bpm_histogram_second_peak_weight": {"dmean2": 0, "median": 0.0275229364634, "min": 0.0275229364634, "dvar2": 0, "dvar": 0, "dmean": 0, "max": 0.0275229364634, "var": 0, "mean": 0.0275229364634}, "beats_count": 546, "bpm_histogram_second_peak_bpm": {"dmean2": 0, "median": 101, "min": 101, "dvar2": 0, "dvar": 0, "dmean": 0, "max": 101, "var": 0, "mean": 101}, "bpm_histogram_first_peak_spread": {"dmean2": 0, "median": 0.537525355816, "min": 0.537525355816, "dvar2": 0, "dvar": 0, "dmean": 0, "max": 0.537525355816, "var": 0, "mean": 0.537525355816}, "beats_loudness_band_ratio": {"dmean2": [0.860985338688, 0.28211042285, 0.226550042629, 0.200095310807, 0.139248490334, 0.213048815727], "median": [0.730585813522, 0.0693837851286, 0.0445353090763, 0.0309717841446, 0.0245171114802, 0.025865117088], "min": [0.000584576861002, 0.000167369405972, 0.000121786833915, 0.000629574176855, 0.000377260177629, 0.00102936837357], "dvar2": [0.308026373386, 0.0625200942159, 0.0646939277649, 0.0637907683849, 0.0203749015927, 0.0525993332267], "dvar": [0.0958255529404, 0.0226922370493, 0.0222512502223, 0.0206774715334, 0.00715591059998, 0.0177012812346], "dmean": [0.436260938644, 0.148492351174, 0.121814034879, 0.105046235025, 0.0732108801603, 0.109377980232], "max": [0.985442757607, 0.883703649044, 0.906318902969, 0.940747737885, 0.681430697441, 0.798117637634], "var": [0.120862327516, 0.0254661310464, 0.0237363371998, 0.014841732569, 0.00578020187095, 0.0136003419757], "mean": [0.577759504318, 0.131412744522, 0.11048848927, 0.0759731382132, 0.055276542902, 0.0757201239467]}}, "lowlevel": {"barkbands_spread": {"dmean2": 12.4919643402, "median": 21.1066570282, "min": 0.460900217295, "dvar2": 231.581436157, "dvar": 97.1578216553, "dmean": 7.88234758377, "max": 105.722389221, "var": 240.953079224, "mean": 24.1545810699}, "melbands_spread": {"dmean2": 16.9516048431, "median": 19.5382041931, "min": 0.448943823576, "dvar2": 578.914978027, "dvar": 256.49609375, "dmean": 10.7394990921, "max": 235.060684204, "var": 663.775939941, "mean": 27.0584468842}, "hfc": {"dmean2": 17.6503295898, "median": 8.98772907257, "min": 1.12459862958e-16, "dvar2": 1738.1159668, "dvar": 653.178405762, "dmean": 10.8349323273, "max": 307.578613281, "var": 655.379882812, "mean": 17.1132946014}, "barkbands_kurtosis": {"dmean2": 8.18689346313, "median": 2.13834476471, "min": -1.88297533989, "dvar2": 489.655517578, "dvar": 197.882873535, "dmean": 5.07887935638, "max": 437.773010254, "var": 237.762191772, "mean": 6.43015241623}, "gfcc": {"mean": [-35.0670471191, 72.7129058838, -111.518196106, 35.2994613647, -60.0490608215, 6.51749563217, -32.0097427368, 1.36124706268, -22.9454040527, 9.46234607697, -11.7933387756, 1.9056622982, -12.7970676422], "icov": [[0.000145660102135, -1.73680764419e-05, 0.000142319724546, -0.000161277435836, 4.36141417595e-05, -0.000316589284921, 0.000113686175609, -2.98799604934e-05, 0.000154037363245, -0.000240380119067, 0.000498641689774, -0.000175135253812, 0.000348324421793], [-1.73680764419e-05, 0.00133846909739, -0.000363476370694, 0.000283426546957, -0.000634173222352, 0.000869346607942, -0.00127625453752, 0.00142726360355, -0.00137279066257, 0.001545832376, -0.00152438844088, 0.00167932827026, -0.000623638450634], [0.000142319724546, -0.000363476370694, 0.00173204927705, -0.000847076589707, 0.000105390121462, -0.00101043493487, 0.000726690981537, -0.00108075886965, 0.00113596930169, -0.000931236892939, 0.00154620909598, -0.00153727317229, 0.00116954685654], [-0.000161277435836, 0.000283426546957, -0.000847076589707, 0.00282508716919, -0.00116600329056, 0.000638431229163, -0.000432218861533, 0.00119481584989, -0.0016029800754, 0.00211808201857, -0.00139409780968, 0.00104417128023, -0.000405098078772], [4.36141417595e-05, -0.000634173222352, 0.000105390121462, -0.00116600329056, 0.00336934369989, -0.00119915697724, -0.00034867215436, -0.000357720593456, 0.000559596577659, -0.00122844264843, 0.00110632251017, 0.000138424598845, 0.000490304722916], [-0.000316589284921, 0.000869346607942, -0.00101043493487, 0.000638431229163, -0.00119915697724, 0.00544647499919, -0.00271467701532, 0.000403163401643, -0.0005093755899, 0.00126104557421, -0.00126055034343, 0.00148861063644, -0.000679431599565], [0.000113686175609, -0.00127625453752, 0.000726690981537, -0.000432218861533, -0.00034867215436, -0.00271467701532, 0.00807421561331, -0.00315866339952, 0.0010155774653, 0.000128078347188, 0.000134759975481, -0.000985722057521, 0.000604516011663], [-2.98799604934e-05, 0.00142726360355, -0.00108075886965, 0.00119481584989, -0.000357720593456, 0.000403163401643, -0.00315866339952, 0.0102353813127, -0.00485648680478, 0.0008252679836, -7.90264966781e-05, 0.000383902079193, -0.000142878780025], [0.000154037363245, -0.00137279066257, 0.00113596930169, -0.0016029800754, 0.000559596577659, -0.0005093755899, 0.0010155774653, -0.00485648680478, 0.011396124959, -0.00551646482199, 0.000389721564716, 0.000957018870395, -0.00151389383245], [-0.000240380119067, 0.001545832376, -0.000931236892939, 0.00211808201857, -0.00122844264843, 0.00126104557421, 0.000128078347188, 0.0008252679836, -0.00551646482199, 0.0145391123369, -0.00508202379569, 0.000581198080909, 0.000856447149999], [0.000498641689774, -0.00152438844088, 0.00154620909598, -0.00139409780968, 0.00110632251017, -0.00126055034343, 0.000134759975481, -7.90264966781e-05, 0.000389721564716, -0.00508202379569, 0.0135044837371, -0.00599018950015, 0.00253480230458], [-0.000175135253812, 0.00167932827026, -0.00153727317229, 0.00104417128023, 0.000138424598845, 0.00148861063644, -0.000985722057521, 0.000383902079193, 0.000957018870395, 0.000581198080909, -0.00599018950015, 0.0175176970661, -0.0072905048728], [0.000348324421793, -0.000623638450634, 0.00116954685654, -0.000405098078772, 0.000490304722916, -0.000679431599565, 0.000604516011663, -0.000142878780025, -0.00151389383245, 0.000856447149999, 0.00253480230458, -0.0072905048728, 0.0130441393703]], "cov": [[10804.6621094, -856.691650391, 115.194625854, 399.547210693, 310.055480957, 700.375305176, 12.9288368225, 0.698654711246, -217.47668457, -26.3884677887, -440.433532715, -160.281204224, -330.669494629], [-856.691650391, 1799.16027832, -48.7765235901, 267.268280029, 323.480194092, -83.8704910278, 214.874465942, -130.797149658, 132.432296753, -110.087081909, 121.608444214, -137.05796814, 16.0128707886], [115.194625854, -48.7765235901, 933.726135254, 218.336776733, 141.289428711, 167.354049683, 17.1590766907, 53.155582428, -64.0825653076, -19.1387214661, -78.9715118408, 9.40833187103, -64.7290115356], [399.547210693, 267.268280029, 218.336776733, 610.850830078, 256.01965332, 67.3976821899, 61.1966400146, -38.9649772644, 27.6471405029, -67.5107574463, -7.78736352921, -56.9856529236, -30.5678691864], [310.055480957, 323.480194092, 141.289428711, 256.01965332, 506.046539307, 144.198806763, 111.372062683, -1.34339821339, 16.0922355652, -25.832452774, -25.8443717957, -67.6727218628, -43.4548072815], [700.375305176, -83.8704910278, 167.354049683, 67.3976821899, 144.198806763, 336.610961914, 103.089424133, 38.6407165527, -21.1957473755, -17.3574581146, -39.3230247498, -25.7465362549, -35.9345626831], [12.9288368225, 214.874465942, 17.1590766907, 61.1966400146, 111.372062683, 103.089424133, 210.785415649, 42.0488014221, 20.9010391235, -21.4602413177, 9.98858642578, -21.6804943085, -8.05846977234], [0.698654711246, -130.797149658, 53.155582428, -38.9649772644, -1.34339821339, 38.6407165527, 42.0488014221, 159.650894165, 51.9822845459, 26.5155487061, -8.40489196777, 8.70192050934, 0.404052227736], [-217.47668457, 132.432296753, -64.0825653076, 27.6471405029, 16.0922355652, -21.1957473755, 20.9010391235, 51.9822845459, 160.218353271, 46.3239059448, 34.2929382324, -10.9085197449, 19.4275627136], [-26.3884677887, -110.087081909, -19.1387214661, -67.5107574463, -25.832452774, -17.3574581146, -21.4602413177, 26.5155487061, 46.3239059448, 115.995010376, 34.9934959412, 16.7533321381, -3.26345491409], [-440.433532715, 121.608444214, -78.9715118408, -7.78736352921, -25.8443717957, -39.3230247498, 9.98858642578, -8.40489196777, 34.2929382324, 34.9934959412, 133.523422241, 30.9774417877, 15.8313522339], [-160.281204224, -137.05796814, 9.40833187103, -56.9856529236, -67.6727218628, -25.7465362549, -21.6804943085, 8.70192050934, -10.9085197449, 16.7533321381, 30.9774417877, 104.540763855, 47.4599609375], [-330.669494629, 16.0128707886, -64.7290115356, -30.5678691864, -43.4548072815, -35.9345626831, -8.05846977234, 0.404052227736, 19.4275627136, -3.26345491409, 15.8313522339, 47.4599609375, 117.170730591]]}, "spectral_energyband_middle_low": {"dmean2": 0.00488018244505, "median": 0.00452634366229, "min": 2.20619984678e-22, "dvar2": 7.75032676756e-05, "dvar": 3.02431890304e-05, "dmean": 0.00307787628844, "max": 0.108525797725, "var": 5.47816671315e-05, "mean": 0.00674437312409}, "melbands_crest": {"dmean2": 5.48190307617, "median": 14.3138771057, "min": 1.52360773087, "dvar2": 25.2324485779, "dvar": 11.4703559875, "dmean": 3.52155780792, "max": 35.8914375305, "var": 33.2366600037, "mean": 14.9091815948}, "spectral_kurtosis": {"dmean2": 2.0813293457, "median": 2.88581943512, "min": -1.2135155201, "dvar2": 7.47446966171, "dvar": 2.66379761696, "dmean": 1.24691152573, "max": 54.1507453918, "var": 6.46383047104, "mean": 3.4517428875}, "spectral_rms": {"dmean2": 0.00163784937467, "median": 0.00345310452394, "min": 3.24117078662e-12, "dvar2": 5.92665583099e-06, "dvar": 2.85116925625e-06, "dmean": 0.00114274641965, "max": 0.0144746806473, "var": 6.85956638335e-06, "mean": 0.00394395645708}, "zerocrossingrate": {"dmean2": 0.0161028597504, "median": 0.0625, "min": 0.00341796875, "dvar2": 0.000322528969264, "dvar": 0.000272504228633, "dmean": 0.0140696503222, "max": 0.49609375, "var": 0.0021659755148, "mean": 0.0719411894679}, "silence_rate_60dB": {"dmean2": 0.105140350759, "median": 0, "min": 0, "dvar2": 0.107007160783, "dvar": 0.0498022921383, "dmean": 0.0525665655732, "max": 1, "var": 0.150538012385, "mean": 0.184656560421}, "erbbands_kurtosis": {"dmean2": 1.67617249489, "median": -0.252360582352, "min": -1.82588326931, "dvar2": 7.62003660202, "dvar": 3.26772403717, "dmean": 1.06805968285, "max": 51.0326881409, "var": 7.22516965866, "mean": 0.57941287756}, "erbbands": {"dmean2": [0.275975584984, 2.79667115211, 7.24300956726, 8.24645423889, 4.51044416428, 5.06947898865, 8.11689662933, 5.47879505157, 6.14864063263, 9.55061340332, 23.3016700745, 12.6342554092, 10.3372154236, 19.1224422455, 14.2007293701, 17.9071426392, 27.3868370056, 33.7903289795, 22.3383483887, 19.2357006073, 16.5114173889, 19.6948032379, 21.737991333, 27.1842784882, 34.4421463013, 46.480178833, 26.0870418549, 21.017364502, 13.402589798, 7.50578403473, 4.34682607651, 2.35128164291, 1.06453406811, 0.601506114006, 0.32808843255, 0.173520192504, 0.0595951639116, 0.00908090919256, 0.000902455067262, 6.21367580607e-05], "median": [0.0108369942755, 0.124653093517, 0.59431874752, 0.766414999962, 0.788375020027, 2.67082118988, 5.02887630463, 4.20503568649, 3.53386545181, 4.63544511795, 5.23302984238, 3.28963255882, 2.44413685799, 2.69682145119, 3.71118617058, 4.67576217651, 6.20183038712, 5.46764373779, 4.47267246246, 3.14881014824, 2.50874018669, 3.31313872337, 3.51198792458, 3.2874622345, 3.96749353409, 4.00770807266, 3.32087087631, 2.93287205696, 2.07766580582, 1.51804041862, 0.956937253475, 0.554648399353, 0.329495877028, 0.181565657258, 0.102056100965, 0.0475796833634, 0.0148987015709, 0.00235706870444, 0.000219481953536, 3.58585930371e-05], "min": [1.06000509585e-21, 2.5003093056e-21, 2.13169791448e-20, 4.22990987756e-20, 6.95231992413e-20, 7.51527643081e-20, 1.41847167413e-19, 1.0282281529e-19, 2.69622105601e-19, 7.02282750707e-19, 1.57695872986e-18, 1.34566807045e-18, 1.3569939308e-18, 1.5196700618e-18, 3.04524433201e-18, 3.7850051887e-18, 4.54072649532e-18, 4.44670625176e-18, 6.24019015692e-18, 6.78301585337e-18, 6.82699746013e-18, 8.44945143388e-18, 1.1455206577e-17, 1.08209509531e-17, 1.25683815777e-17, 1.23966894882e-17, 1.97590568523e-17, 1.37807264347e-17, 1.39476399018e-17, 2.25817213571e-17, 1.80159540367e-17, 1.57836731505e-17, 1.6552487899e-17, 1.27648708875e-17, 1.18104574891e-17, 6.21051587962e-18, 2.38807559832e-18, 9.65885152798e-19, 3.19924742259e-19, 2.98596949989e-20], "dvar2": [0.491735219955, 56.6900787354, 321.967163086, 422.859344482, 142.778167725, 143.725097656, 290.67401123, 122.881027222, 223.824630737, 671.004638672, 5252.56640625, 2343.07861328, 1322.85925293, 3191.42553711, 2138.50048828, 4849.61669922, 18459.2695312, 25654.2519531, 3218.33081055, 2642.59448242, 2475.97412109, 2750.55639648, 3523.61108398, 6206.36572266, 8137.93115234, 21235.0625, 6203.79492188, 3993.78491211, 1362.29016113, 383.370849609, 107.710968018, 33.5222816467, 8.97732162476, 7.6463804245, 2.05434060097, 0.289445310831, 0.0221975203604, 0.000585162255447, 1.08885542431e-05, 1.93259701575e-08], "dvar": [0.23302051425, 21.8759727478, 116.651641846, 156.214416504, 51.3992843628, 52.2086181641, 119.606719971, 56.3981895447, 100.008514404, 295.410827637, 2449.82983398, 1090.1484375, 640.280334473, 1538.68334961, 814.353393555, 2106.32910156, 7122.50830078, 10938.796875, 1317.43188477, 1071.76501465, 998.247924805, 1051.20324707, 1324.75524902, 2270.12524414, 2989.13647461, 7586.10595703, 2262.50512695, 1436.28234863, 497.988067627, 141.442581177, 40.4428939819, 13.8266639709, 4.57275533676, 3.68339562416, 0.948210895061, 0.130341634154, 0.00983844231814, 0.000273056153674, 4.91375703859e-06, 8.63892779535e-09], "dmean": [0.176620170474, 1.66955792904, 4.18033456802, 4.83162164688, 2.6134967804, 3.04272961617, 5.17570638657, 3.56476545334, 4.0619430542, 6.20585680008, 15.4010639191, 8.38025856018, 6.83456993103, 12.5438594818, 8.7149810791, 11.6399888992, 17.4545021057, 21.4762325287, 13.6680116653, 11.726805687, 9.79800224304, 11.7296772003, 12.8103704453, 15.6266880035, 19.7562580109, 25.8206787109, 14.8689136505, 11.9401578903, 7.68566274643, 4.3821349144, 2.56980824471, 1.42435026169, 0.694057285786, 0.412383854389, 0.222519621253, 0.116783738136, 0.0394368693233, 0.0060809426941, 0.000606881163549, 4.20200558438e-05], "max": [4.04125213623, 35.1753540039, 108.891670227, 187.25743103, 174.882965088, 163.306671143, 419.761779785, 370.61050415, 333.30279541, 728.725952148, 1461.67407227, 1223.8951416, 1438.98486328, 1379.84118652, 1230.97241211, 2347.09106445, 4070.0402832, 3802.87475586, 1044.88781738, 1129.78857422, 1342.80273438, 852.11315918, 692.967529297, 806.942016602, 786.204101562, 1277.50097656, 689.867370605, 506.166320801, 323.094573975, 169.673110962, 84.7267074585, 109.359237671, 100.638870239, 103.783058167, 47.2880439758, 13.6354951859, 3.41287994385, 0.516448736191, 0.13113951683, 0.00447001727298], "var": [0.262337684631, 18.3382396698, 103.774520874, 148.847732544, 45.33984375, 62.2720413208, 231.964920044, 145.29737854, 222.432861328, 717.342285156, 7390.34228516, 2680.90722656, 3167.58227539, 6078.06835938, 1010.67657471, 3660.70947266, 10540.7626953, 21207.1308594, 2424.58178711, 1902.57910156, 1391.20825195, 1194.62402344, 1155.11987305, 1727.93029785, 2652.48681641, 4911.875, 1639.63146973, 1020.42736816, 364.726928711, 113.665679932, 41.6173248291, 23.7394962311, 10.5740375519, 6.48288679123, 1.56438851357, 0.229170620441, 0.0176813732833, 0.000565441790968, 8.94924232853e-06, 1.70511444963e-08], "mean": [0.187698200345, 1.54753708839, 4.62479448318, 6.12595272064, 3.478774786, 5.07963562012, 9.92456054688, 7.73657751083, 8.25205898285, 12.1295642853, 29.5707035065, 14.7276172638, 13.4445066452, 21.628194809, 13.0609960556, 18.6808490753, 26.660030365, 30.8458404541, 19.6337757111, 17.1397724152, 12.7863826752, 14.4015626907, 14.0394525528, 15.0157423019, 20.3655776978, 21.6148700714, 14.118721962, 11.6681671143, 7.65157318115, 4.87412595749, 3.12723207474, 1.93536472321, 1.10398471355, 0.681071698666, 0.380553811789, 0.184467598796, 0.0587443113327, 0.00990767497569, 0.00101976294536, 7.40313262213e-05]}, "spectral_strongpeak": {"dmean2": 0.798507392406, "median": 0.435748130083, "min": 0, "dvar2": 2.43175029755, "dvar": 1.00263154507, "dmean": 0.47785666585, "max": 19.1968917847, "var": 1.977201581, "mean": 0.874499022961}, "spectral_energy": {"dmean2": 0.0212048739195, "median": 0.0122220292687, "min": 1.07678179694e-20, "dvar2": 0.0016684042057, "dvar": 0.000713048269972, "dmean": 0.0138780027628, "max": 0.214754283428, "var": 0.000954112038016, "mean": 0.0229747965932}, "average_loudness": 0.82308524847, "spectral_rolloff": {"dmean2": 1252.86755371, "median": 1205.859375, "min": 64.599609375, "dvar2": 3069462.75, "dvar": 1469079.5, "dmean": 754.499633789, "max": 18346.2890625, "var": 3650081.75, "mean": 1813.14953613}, "spectral_centroid": {"dmean2": 577.373596191, "median": 1395.05004883, "min": 161.959747314, "dvar2": 504093.5625, "dvar": 217019.25, "dmean": 370.365631104, "max": 10774.0146484, "var": 660342.625, "mean": 1542.19238281}, "pitch_salience": {"dmean2": 0.129513934255, "median": 0.54011964798, "min": 0.0442958660424, "dvar2": 0.0173617713153, "dvar": 0.00734439631924, "dmean": 0.0809330940247, "max": 0.891899526119, "var": 0.0169281866401, "mean": 0.53006786108}, "spectral_energyband_middle_high": {"dmean2": 0.00385179836303, "median": 0.00153385382146, "min": 1.38146169906e-21, "dvar2": 7.17385555618e-05, "dvar": 2.82833443634e-05, "dmean": 0.00238603050821, "max": 0.0850404277444, "var": 4.97133696626e-05, "mean": 0.00410267710686}, "spectral_contrast_coeffs": {"dmean2": [0.0850856751204, 0.0687581896782, 0.0607220381498, 0.0531888902187, 0.0385189726949, 0.0383326783776], "median": [-0.643454790115, -0.721751689911, -0.76652097702, -0.77444756031, -0.79059278965, -0.747166156769], "min": [-0.961255967617, -0.96864926815, -0.958306193352, -0.969307541847, -0.957789480686, -0.964090287685], "dvar2": [0.00527119124308, 0.00356245203875, 0.00263135368004, 0.00213387887925, 0.00106978509575, 0.00175122369546], "dvar": [0.001998427324, 0.00149486178998, 0.00113130337559, 0.000942903745454, 0.000469490565592, 0.00073534110561], "dmean": [0.0516399480402, 0.0431913807988, 0.0386664904654, 0.0339585356414, 0.0243528652936, 0.0240651033819], "max": [-0.314353585243, -0.391837835312, -0.423363953829, -0.448198795319, -0.492538362741, -0.537498474121], "var": [0.00628231093287, 0.00601781485602, 0.00536478962749, 0.00465504359454, 0.00208936072886, 0.00238327146508], "mean": [-0.645317256451, -0.716088175774, -0.757199823856, -0.763423323631, -0.7835059762, -0.742675185204]}, "melbands_skewness": {"dmean2": 1.60280251503, "median": 2.58995056152, "min": -3.12228250504, "dvar2": 4.22219324112, "dvar": 1.90182709694, "dmean": 1.044495821, "max": 25.4058265686, "var": 5.08322477341, "mean": 3.06689810753}, "spectral_spread": {"dmean2": 892189.8125, "median": 4861376.5, "min": 1181109, "dvar2": 1230476410880.0, "dvar": 575915884544, "dmean": 594703.625, "max": 41658856, "var": 2401616527360.0, "mean": 5055033.5}, "dissonance": {"dmean2": 0.0301293712109, "median": 0.472051233053, "min": 0.255138218403, "dvar2": 0.00101068499498, "dvar": 0.000386171101127, "dmean": 0.0181435793638, "max": 0.500000119209, "var": 0.000842008274049, "mean": 0.464228481054}, "spectral_skewness": {"dmean2": 0.365398168564, "median": 1.29114115238, "min": 0.0376098267734, "dvar2": 0.170970484614, "dvar": 0.0669854804873, "dmean": 0.227740123868, "max": 4.81730318069, "var": 0.176985636353, "mean": 1.31641697884}, "spectral_flux": {"dmean2": 0.0581843703985, "median": 0.0539070554078, "min": 6.73452890676e-11, "dvar2": 0.00602023955435, "dvar": 0.00286252866499, "dmean": 0.03702731058, "max": 0.430096894503, "var": 0.005298552569, "mean": 0.0773018449545}, "spectral_contrast_valleys": {"dmean2": [0.745646238327, 0.59126740694, 0.616645395756, 0.623056411743, 0.623192369938, 0.487645536661], "median": [-7.75246286392, -7.14025163651, -8.04180240631, -8.22916793823, -7.86404800415, -10.1545886993], "min": [-27.6035308838, -27.1563110352, -27.4175758362, -27.4013290405, -27.2968921661, -27.2927627563], "dvar2": [0.42291367054, 0.30399414897, 0.389616549015, 0.457841187716, 0.635360836983, 0.416124641895], "dvar": [0.217862531543, 0.141562059522, 0.182742521167, 0.220934838057, 0.297899752855, 0.215853154659], "dmean": [0.485639542341, 0.373800754547, 0.39920976758, 0.417628258467, 0.43237349391, 0.367904543877], "max": [-4.8760433197, -4.88627386093, -5.14235925674, -5.41486692429, -4.62566995621, -7.37760829926], "var": [1.77108955383, 0.964245140553, 1.17316925526, 1.34739279747, 1.35640501976, 1.63217294216], "mean": [-7.8351650238, -7.23719024658, -8.1355266571, -8.30731105804, -7.93183040619, -10.4211473465]}, "erbbands_flatness_db": {"dmean2": 0.0268589761108, "median": 0.143176466227, "min": 0.0346061326563, "dvar2": 0.000714500318281, "dvar": 0.000369729852537, "dmean": 0.0188776366413, "max": 0.500238358974, "var": 0.00234349351376, "mean": 0.149730697274}, "spectral_energyband_high": {"dmean2": 0.00162731180899, "median": 0.000321197789162, "min": 7.63653383847e-21, "dvar2": 2.11504811887e-05, "dvar": 7.72670955485e-06, "dmean": 0.000945080129895, "max": 0.031210500747, "var": 5.88359762332e-06, "mean": 0.00103975425009}, "spectral_entropy": {"dmean2": 0.268677324057, "median": 7.65480804443, "min": 4.02051019669, "dvar2": 0.0873075574636, "dvar": 0.0432940796018, "dmean": 0.188265398145, "max": 9.81286621094, "var": 0.225201427937, "mean": 7.58946943283}, "silence_rate_20dB": {"dmean2": 0, "median": 1, "min": 1, "dvar2": 0, "dvar": 0, "dmean": 0, "max": 1, "var": 0, "mean": 1}, "melbands_flatness_db": {"dmean2": 0.0526111833751, "median": 0.1863168329, "min": 0.00401800405234, "dvar2": 0.00366017292254, "dvar": 0.0017047553556, "dmean": 0.0350858159363, "max": 0.521566152573, "var": 0.00619292259216, "mean": 0.193738520145}, "barkbands": {"dmean2": [0.000182837466127, 0.0110090468079, 0.00654773088172, 0.00224091252312, 0.001473010052, 0.000793226703536, 0.00045275760931, 0.000956141564529, 0.000556136656087, 0.000572375080083, 0.00031689464231, 0.000416125345509, 0.000583052809816, 0.000649273395538, 0.000408112333389, 0.000336621626047, 0.000368389999494, 0.000434246263467, 0.000610951159615, 0.000929976638872, 0.000540828972589, 0.000355143478373, 0.00017123275029, 8.06453899713e-05, 4.67448335257e-05, 3.34821852448e-05, 5.41574991075e-06], "median": [4.64007416667e-06, 0.000467311125249, 0.000542089226656, 0.000150603096699, 0.000782647228334, 0.00060503417626, 0.000194365275092, 0.000268189760391, 9.46301297517e-05, 9.31374888751e-05, 5.30044344487e-05, 8.63190653035e-05, 0.000106713399873, 8.65165930009e-05, 6.83982434566e-05, 3.71961032215e-05, 5.8595353039e-05, 5.19853856531e-05, 7.246840687e-05, 7.77529057814e-05, 7.83897994552e-05, 5.82412285439e-05, 3.70244997612e-05, 2.28976168728e-05, 1.52624634211e-05, 9.09695700102e-06, 1.2274196024e-06], "min": [4.61587727639e-23, 1.80823312006e-23, 3.01938499403e-23, 1.57400469786e-23, 2.51312214851e-23, 1.51644703963e-23, 1.64848421136e-23, 7.84118904548e-23, 4.76624268463e-23, 5.08468563722e-23, 4.97950523501e-23, 1.03000457679e-22, 1.00248361794e-22, 7.90842839359e-23, 1.16469052256e-22, 1.27327400761e-22, 1.43818556917e-22, 2.12504966236e-22, 2.57439467895e-22, 2.76049618039e-22, 4.13404236077e-22, 5.08016880901e-22, 6.54064695627e-22, 8.88874634538e-22, 1.44908391608e-21, 1.49036852873e-21, 2.09802730147e-21], "dvar2": [1.97724020268e-07, 0.000858095765579, 0.000262155022938, 3.18193924613e-05, 1.22138862935e-05, 2.25735925596e-06, 1.39402993682e-06, 6.91672494213e-06, 5.1118599913e-06, 2.84315819954e-06, 1.23764823456e-06