{"metadata": {"tags": {"bpm": ["88.90"], "musicip_puid": ["b49cf96f-59f1-5fbd-855b-dfe037661e1a"], "musicbrainz_albumid": ["a210b652-6e7f-40f6-88e9-79c388f20e2f"], "genre": ["Country"], "musicbrainz_artistid": ["1a46826b-4d73-4e04-8590-f36c9d832f9e"], "title": ["Lila"], "tracknumber": ["10"], "artist": ["Waylon Jennings"], "musicbrainz_albumartistid": ["1a46826b-4d73-4e04-8590-f36c9d832f9e"], "album": ["The Journey: Six Strings Away (Disc 2)"], "musicbrainz album type": ["Compilation"], "musicbrainz_recordingid": ["0f8d88a4-45be-4a6e-bb0f-d91dd3aa7e55"], "date": ["1999"], "acoustid_id": ["4b01e916-1845-4563-b58a-a28e05e0c557"], "file_name": "Waylon Jennings - Lila.mp3", "acoustid_fingerprint": ["AQADY0mZZIqSKOhiWDjw4wB-6McPHNCJ50JIGVeObk0KXwea5cb1IA-0oMhzDd-NXjCTtAgNjYefmEMsDi4eRTiRH3qOHxfKF_VhaOhhpTqALxAA8fjxwvoQnA-O8zi-HP7woVnICbkeHE1V9Dn-4b2E8BmONFN2nIZ4PEYaZXiOH8cn5CXa4trRQzxC6ugPD31ooQ98XXjxBnChJ0dJHpfxB82HWgyeo9QuNDzOHMnoEGE6PDkahUXIsMQjCG7EIz_eo1maHMlshDeq8cL1ZriHWhmakcGXI6eYIMx4vNRI9Hi0452GB_-BH8fDJ7guXHWC-KKRUE9x8XiOR8eTJZtxOWPw4yLC8IauICf-ospSXAeOc4frNMETDafRP0iWsSpy5fik49kZ9GieAI8b5LqQLE-UFJWmHU9_HD-a5Q5qKkeeOrAzCSeR50SsPNCXBWFqVPnxG2-Mdgw8Zkez48rx5EKV_EKar9CT6Eg3HGYeVMfzoT9c7bj2Fc10BIfzDHKkHW9emOHxp0T4ZEdT8fhxbXEQ5sFVPPqhKUwi40f-4zjx48Ol47uER1GO3D-SJc9QxSOOH9d6fDneoA-aGw9ZXOKRB1VuaDryfrgSHSeOHz0aJs1xKcYTvGiSZQpqBg-PnCuh80Ny9OPRfMLzBBeP70NTp6hMvDl-5IdmaSnSZUkqWNGDql2KizmeA81RH58mnPrx4CIaqheuGideHHoWOYPNoCfeHM1zvDm-B7ggHv7QRhTeHeexE03oDJpCRiJY-XgfCefRH1PO4zqeHD_CQzE7ZE8cYvuDNjl-NKPRpyjR_LhyvMGfI0xJQxWP_zB04RBTHgeOXDiQxjUunIF4_Dhw4BkO8cd3eHiC_gnq6YV1hMdRqTRa9bhQ-GmOc8N3lImR2OORH3sefMeDZiRaPkRy6hvy4NNi9IliNDgfPEmC5PqRHvsz_CLyZEYl7TCVC-l0JSn6IBd05UoRxmFzlPrwB-VzNDdDnBcew4-N9cjzIHmOS3kCPkdPYvs-5AzxHqayNMErhLKOS-jpBK5yhB-hP0RYJTsu6dh0VBcJfkiuZ8i_4Yly7MnRo_nxL3iPPDq-VnCVpbhxMhpUJVuoItfxw88eXOZw4VNydJW2oGGOs4ipjNCHMIzmoDym-3Au4ic2KVNkfDnqHz0P78G1w0NFo49yxEqOd4erB9qPVBVxqaXxSJrweRrq-_CO_jh7PMmMpj7CF9rzoDlTPDnuHOqS5EEeiehT4vBV9F9wBj-QN9KGZHnyYGqk4zsuHdO9w2dwRzlc-fguOPrxnMN_w7eGPHqgEmni6LBzFOWShUKzHN-RK23wZzPuo_lRkjzy5cFhJg2-yGj2o3KSpDixD5_yo1QawvrxY2eO6riKL-ExOyNGhWcQXjqaisGrHMcxUsd3PFBF4Rm6Gel2PF_w4z3C67j2oc8O8WhDQX_wGNFF9Dusw9Er1MqLKj-akMpw6fhTPLKQ7ER-_CGewEmYo9qLmwweHNeDt3hnIl8YQz9S4TmeHh9x5cb94EvQkEYpZcgbJDeqHP9QZ7hyGX-E60IviUEzicGTCMmFMB_6KfiPJzC74MdT4w-aMRFeRbik4uTxhG2Q7Eee42Gw48aZPAqmRhea7fjyQ29wLiG-4spxHT9-nNSRPOERUifMaRZK7niG6nAyvEgdaPyR4zhTwWOyC4-G64d7Itc4eE8FfemRUxcad8Qv4qjU49H04Kvxoz_640d_JCN35Ery4cYTZiEqdSea6sGPX8eDoxkZIVkTHblk4D8e_Mj5oD98BnqRH21wpSeeGp-CMD80fcgVXLqOJ8mq4A8e-MUT3DLxpQ9Oh2he9PmRsxN-aIjFxEIXKgmXIKYfXMKPoDqPRjuu4zmON4nQxinCjLrwQ8uPUkerOkOYaVfxlKgs5fAv3A9cH9_xIjdEpKiUJ8R5Bfmh_4iUHz2HPxXKoel24TmqH_7xbDmoDbkg6ci1Y7q4oOSH50Kzq8TD4Bn8HLeFMziPMBeh7_BxAtZxfCFyHIh_HD-O43h5PAxy40wOv3jh3QiX5BEOLeioI9fR8sKHlMZZCG5yXMvxHR6PL4PO4yN-lDmOHj7qox8O64dKHACc4xfwDdaB6xfy9MCZw8dZw-uMMtmFvGhQ48rRCYfI48d1wkWpoD9MHyXxHp9QHxcO8fjxA9YP4ctxABB_4Th-AAkJcgpAZ8AiUglCAFEGKCAsBARBoQTBwjEjkECSKCeIIUQBgoxRwhkjCEHCAqcQFIwJQrAAAgkABCKCEdCMUBYBgxAAw0AmDFAEUMOUIRgYAJIihpBjFCCCAMyIEYoQxIBSCAAJCzAEEcMAAUIhZgwAwBBEHAAKAMMUoIAQR4xSSgiBAGUGAOWIEY4EBAwhQjCiEDHUGAKoUcIQhxAEBBkghDCyOaKI0goQAiQRBhBisGPKELKFIEAQoIAjQBEiAOIIIeQYQIAAYSgSyDAmjFAAAWOMFUQCQgwxgCBChEMEAQcUIgAgLqBBDghiDAAGCKGYccgoIZ0T0ACFiBEAAPAIEoBIoaxAiFAEgBGCEEIEEUoIAoUxyBEggIECAGAQAQoBSIQwggBElHVECAuEAIIIgoAgBAljlWKCKKIIIIggJAAjgEgCoBKAECINEkIICxggxgAEDBGASEEYYkIQwBQhCChRBQHICiMMQYgQAYBiyghiABGCKAEEQtQogIRShhCQBCBAEEAAkAYBJIQQAhAkCFGGKSOIYMAQIgCwCllBDBiEQIWQcxAEBJAVhEqkIBHEOEWJgwAJQiEABBEoHBCEIACIAEwwppgCAhgqDBKYCEOQIJAgI4gGXCBgDBDEKSIEGQkAoIBCQgAhmJAUCKKVUA4waAwghANEDCXGkFIEMABAg4ghADBGANPICAWMMERq4IAQAAkjhAHAIAocMYhRAYwjSAAAiAHEAKIsA0QAQBAAiiAlKJAEEQMMgkAIA5RiiAEiGBKIOCkBGkGpAh04xRCJkFJCISeUgQQSZhBCBghCmLhKGSIEBIQKSIAQAikljCdITAIZIU4gQZQAwxlEhUDMCUUcUgA"]}, "audio_properties": {"sample_rate": 44100, "downmix": "mix", "lossless": false, "analysis_sample_rate": 44100, "md5_encoded": "260945c5c8dbc917b9ff26005d256dca", "equal_loudness": 0, "replay_gain": -6.41540908813, "codec": "mp3", "bit_rate": 128000, "length": 110.68081665}, "version": {"extractor": "music 1.0", "essentia_build_sha": "2d9f1f26377add8aeb1075a9c2973f962c4f09fd", "essentia_git_sha": "v2.1_beta2-1-ge3940c0", "essentia": "2.1-beta2"}}, "rhythm": {"beats_loudness_band_ratio": {"dvar2": [0.110962234437, 0.0706497430801, 0.0814905315638, 0.00818382855505, 0.0206182710826, 0.00966892205179], "var": [0.0786036849022, 0.0319557487965, 0.0257454663515, 0.00291154277511, 0.00597112765536, 0.00323323812336], "min": [0.0445055626333, 0.0235509350896, 0.00197281269357, 0.00105876312591, 0.000382258498576, 0.000318250473356], "dmean": [0.266732513905, 0.195328637958, 0.132314011455, 0.0391516536474, 0.0522406324744, 0.0418636389077], "mean": [0.593706607819, 0.240705370903, 0.115363970399, 0.0373047813773, 0.0478687956929, 0.0422904193401], "max": [0.973832726479, 0.782951593399, 0.678752064705, 0.392063587904, 0.422428965569, 0.455915778875], "dmean2": [0.461930215359, 0.356762081385, 0.238253206015, 0.0704119354486, 0.0961688235402, 0.0717398971319], "median": [0.673292160034, 0.181830465794, 0.0337599739432, 0.0156141435727, 0.0188873168081, 0.0250682812184], "dvar": [0.0456573776901, 0.0245684310794, 0.0271429419518, 0.00281835813075, 0.00697838887572, 0.00341594964266]}, "bpm_histogram_first_peak_weight": {"dvar2": 0, "var": 0, "min": 0.788819909096, "dmean": 0, "mean": 0.788819909096, "max": 0.788819909096, "dmean2": 0, "median": 0.788819909096, "dvar": 0}, "bpm": 88.6159515381, "beats_count": 162, "bpm_histogram_first_peak_spread": {"dvar2": 0, "var": 0, "min": 0.201257809997, "dmean": 0, "mean": 0.201257809997, "max": 0.201257809997, "dmean2": 0, "median": 0.201257809997, "dvar": 0}, "danceability": 1.08069241047, "bpm_histogram_first_peak_bpm": {"dvar2": 0, "var": 0, "min": 89, "dmean": 0, "mean": 89, "max": 89, "dmean2": 0, "median": 89, "dvar": 0}, "beats_position": [0.719818592072, 1.45124709606, 2.18267560005, 2.89088439941, 3.5758728981, 4.26086139679, 4.94585037231, 5.64244890213, 6.32743740082, 7.01242637634, 7.6858048439, 8.37079334259, 9.05578231812, 9.72916126251, 10.4141492844, 11.110748291, 11.7957363129, 12.4691152573, 13.1424942017, 13.8042631149, 14.4660310745, 15.1394100189, 15.8127889633, 16.4861679077, 17.1711559296, 17.8677539825, 18.5527439117, 19.2493419647, 19.9343299866, 20.6193199158, 21.3043079376, 21.9892959595, 22.6742858887, 23.3592739105, 24.0558719635, 24.7524719238, 25.4374599457, 26.1224479675, 26.8074378967, 27.4924259186, 28.1658039093, 28.8507938385, 29.5357818604, 30.2323799133, 30.9173698425, 31.6139678955, 32.2989578247, 32.9839439392, 33.6689338684, 34.3423118591, 35.0273017883, 35.7122879028, 36.3856697083, 37.059047699, 37.7440338135, 38.4290237427, 39.1024017334, 39.7757797241, 40.4491615295, 41.1225395203, 41.795917511, 42.4692955017, 43.1426734924, 43.8160552979, 44.4894332886, 45.1628112793, 45.8594093323, 46.5560073853, 47.2526054382, 47.9259872437, 48.5993652344, 49.2727432251, 49.9577331543, 50.6427192688, 51.3160972595, 52.0010871887, 52.6860771179, 53.3710632324, 54.0444450378, 54.7178230286, 55.3795890808, 56.0529708862, 56.726348877, 57.3997268677, 58.0847167969, 58.7697029114, 59.4430847168, 60.1164627075, 60.801448822, 61.4748306274, 62.1365966797, 62.8099746704, 63.4833564758, 64.1567306519, 64.8185043335, 65.4802703857, 66.142036438, 66.8038101196, 67.4771881104, 68.1389541626, 68.8007278442, 69.4624938965, 70.1242599487, 70.7976379395, 71.4710159302, 72.1444015503, 72.817779541, 73.4911575317, 74.1645355225, 74.8379135132, 75.4996795654, 76.1614532471, 76.8348312378, 77.5082092285, 78.1815872192, 78.85496521, 79.5283432007, 80.2017211914, 80.8634872437, 81.5252609253, 82.1870269775, 82.8487930298, 83.5221786499, 84.1955566406, 84.8805389404, 85.5655288696, 86.2389068604, 86.9122848511, 87.5856704712, 88.2590484619, 88.9324264526, 89.6058044434, 90.2791824341, 90.9525604248, 91.6143264771, 92.2761001587, 92.9494781494, 93.6228561401, 94.2962341309, 94.9696121216, 95.6546020508, 96.33959198, 97.0129699707, 97.6863479614, 98.3597259521, 99.0331039429, 99.7064819336, 100.391471863, 101.076461792, 101.749839783, 102.423217773, 103.096595764, 103.769973755, 104.443351746, 105.116729736, 105.801719666, 106.486709595, 107.160087585, 107.833465576, 108.518455505, 109.203445435, 109.888435364], "beats_loudness": {"dvar2": 0.00184904632624, "var": 0.000771212333348, "min": 5.12248803375e-08, "dmean": 0.023943811655, "mean": 0.0385250560939, "max": 0.138382390141, "dmean2": 0.0431779064238, "median": 0.0337604731321, "dvar": 0.000612276606262}, "bpm_histogram_second_peak_weight": {"dvar2": 0, "var": 0, "min": 0.0124223604798, "dmean": 0, "mean": 0.0124223604798, "max": 0.0124223604798, "dmean2": 0, "median": 0.0124223604798, "dvar": 0}, "bpm_histogram_second_peak_spread": {"dvar2": 0, "var": 0, "min": 0, "dmean": 0, "mean": 0, "max": 0, "dmean2": 0, "median": 0, "dvar": 0}, "bpm_histogram_second_peak_bpm": {"dvar2": 0, "var": 0, "min": 82, "dmean": 0, "mean": 82, "max": 82, "dmean2": 0, "median": 82, "dvar": 0}, "onset_rate": 3.55009913445}, "lowlevel": {"spectral_energyband_high": {"dvar2": 8.55192524796e-07, "var": 1.09042548502e-06, "min": 7.72274883808e-21, "dmean": 0.000200054666493, "mean": 0.000256377301412, "max": 0.0241444725543, "dmean2": 0.000289321673336, "median": 2.7413969292e-05, "dvar": 4.33278842138e-07}, "spectral_energyband_middle_low": {"dvar2": 0.00010451424896, "var": 0.00014819522039, "min": 2.24186140841e-22, "dmean": 0.00364470644854, "mean": 0.0104529652745, "max": 0.0913374945521, "dmean2": 0.00540860043839, "median": 0.00514631252736, "dvar": 4.36615227954e-05}, "spectral_energy": {"dvar2": 0.000227661774261, "var": 0.000464347045636, "min": 1.04632289036e-20, "dmean": 0.00614447286353, "mean": 0.023444082588, "max": 0.152431800961, "dmean2": 0.00860671140254, "median": 0.0168321467936, "dvar": 0.000116280774819}, "spectral_spread": {"dvar2": 1094296797180.0, "var": 3310520369150.0, "min": 1365499.625, "dmean": 649101.375, "mean": 4050502.75, "max": 41912672, "dmean2": 833930.4375, "median": 3678086, "dvar": 657471242240}, "spectral_energyband_low": {"dvar2": 0.000115141992865, "var": 0.000174230794073, "min": 4.91357918253e-23, "dmean": 0.00360868242569, "mean": 0.0108174169436, "max": 0.130573391914, "dmean2": 0.00526264263317, "median": 0.00718606589362, "dvar": 5.67567876715e-05}, "spectral_rolloff": {"dvar2": 1170341.625, "var": 1781364.5, "min": 86.1328125, "dmean": 247.387710571, "mean": 734.079528809, "max": 19099.9511719, "dmean2": 408.979980469, "median": 301.46484375, "dvar": 535937.5625}, "barkbands": {"dvar2": [9.05448516164e-08, 7.38053422538e-05, 2.81208867818e-05, 2.33717310039e-05, 1.53236360347e-05, 1.29050040414e-05, 1.29459303935e-05, 1.03621423477e-05, 3.87397676604e-06, 5.40470523447e-07, 6.10478991803e-07, 1.06850507109e-06, 8.43613349844e-07, 1.27182602228e-06, 9.31001693516e-07, 3.5178680946e-07, 3.699308877e-07, 3.2235237768e-07, 3.34152076675e-07, 5.22376950585e-08, 5.59983774906e-08, 6.17055633256e-08, 1.00736698982e-07, 2.19202220819e-08, 8.25594170806e-09, 1.17791787435e-09, 7.9216878692e-18], "var": [5.61218662654e-08, 7.19803574611e-05, 3.06985748466e-05, 8.62035085447e-06, 2.10053258343e-05, 2.06719178095e-05, 1.98318430193e-05, 8.23393111204e-06, 7.195480066e-06, 7.2258558248e-07, 7.10033248197e-07, 1.38323707688e-06, 1.03159072751e-06, 1.30237378926e-06, 2.09206609725e-06, 6.9864586294e-07, 7.46512569094e-07, 8.46465070481e-07, 7.29483360828e-07, 5.25067349599e-08, 4.63242706417e-08, 6.47847571145e-08, 1.07855839815e-07, 1.85447870393e-08, 4.16649026391e-09, 5.09921105341e-10, 2.02126401004e-18], "min": [1.18276116442e-23, 1.51209126525e-23, 4.42388186381e-24, 9.49999155748e-24, 2.48843269544e-23, 1.91639667868e-23, 2.15298237504e-23, 1.62734352796e-23, 2.35793112034e-23, 3.84862516463e-23, 4.02206033672e-23, 5.75001723558e-23, 7.49906575068e-23, 3.64020243367e-23, 9.14196198693e-23, 1.48519120305e-22, 1.67436004812e-22, 1.58609761999e-22, 2.97408109089e-22, 2.6444409835e-22, 3.53160506467e-22, 5.2880398422e-22, 5.6848835781e-22, 7.59721569829e-22, 9.19440028499e-22, 1.51417127689e-21, 2.33474999457e-21], "dmean": [6.70217341394e-05, 0.0023506116122, 0.00142346601933, 0.00114588288125, 0.00154220114928, 0.00110039382707, 0.000941474281717, 0.000498207402416, 0.000318558944855, 9.03028485482e-05, 0.000141430311487, 0.000184903474292, 0.000156962807523, 0.000167559526744, 0.000167079357198, 0.000135792332003, 0.000110126486106, 0.000131140695885, 0.000112897789222, 3.7946694647e-05, 3.55587908416e-05, 4.41701413365e-05, 5.5494645494e-05, 3.30325892719e-05, 1.98526286113e-05, 6.81833853378e-06, 1.0508663939e-09], "mean": [8.13119040686e-05, 0.00617580348626, 0.00382501166314, 0.0016114389291, 0.00328721734695, 0.00230154464953, 0.00176922651008, 0.000729584309738, 0.00070447276812, 0.000160098337801, 0.000223501789151, 0.000337703415425, 0.000264508969849, 0.000265910639428, 0.000360423146049, 0.000300019950373, 0.000230802805163, 0.000315858051181, 0.000210407291888, 5.93022159592e-05, 4.77696303278e-05, 5.43623173144e-05, 6.48186833132e-05, 3.73521397705e-05, 1.96722885448e-05, 6.02793625148e-06, 9.00833019291e-10], "max": [0.00328049156815, 0.111855849624, 0.0585488528013, 0.0421531647444, 0.0463501960039, 0.0547844469547, 0.0418423525989, 0.0588887147605, 0.0418948121369, 0.0247058682144, 0.0188511889428, 0.0177813917398, 0.0303733460605, 0.0183742251247, 0.0240692514926, 0.00899312645197, 0.0212933681905, 0.0100598400459, 0.0171346105635, 0.00387294986285, 0.00585873425007, 0.00715201953426, 0.00836149789393, 0.0033480070997, 0.000951968191657, 0.000477758003399, 1.50422412304e-08], "dmean2": [0.000104285849375, 0.00348533294164, 0.00219735177234, 0.0019057597965, 0.00230572558939, 0.00161871605087, 0.00140075501986, 0.000732671876904, 0.000474314467283, 0.000137837880175, 0.00020655465778, 0.000276529346593, 0.000232425067225, 0.000254639569903, 0.000245562696364, 0.000197972389287, 0.000155626432388, 0.00019356062694, 0.000164316661539, 5.72015487705e-05, 5.39166212548e-05, 6.68262509862e-05, 8.42941008159e-05, 4.92459803354e-05, 3.03129945678e-05, 1.07269261207e-05, 1.97155269888e-09], "median": [2.46099480137e-05, 0.00382828130387, 0.00203031650744, 0.000612515024841, 0.001456865808, 0.000420297437813, 0.000181276438525, 5.10659228894e-05, 2.25098301598e-05, 1.73063963302e-05, 1.65145011124e-05, 3.17051781167e-05, 2.3360546038e-05, 1.71854626387e-05, 2.56540442933e-05, 2.90984426101e-05, 1.51832591655e-05, 2.18995046453e-05, 1.6633872292e-05, 7.08791412762e-06, 5.13052555107e-06, 4.43694716523e-06, 4.74536091133e-06, 3.41411828231e-06, 1.64933442193e-06, 2.47263358233e-07, 3.63095997713e-10], "dvar": [4.19019912101e-08, 3.21892948705e-05, 1.13420464913e-05, 8.11806421552e-06, 6.76264517097e-06, 6.39028075966e-06, 6.2382782744e-06, 4.42936334366e-06, 1.74461354163e-06, 2.35418866623e-07, 3.0648678262e-07, 4.90819161314e-07, 4.15371829376e-07, 5.75792341806e-07, 4.64872130124e-07, 1.74173251821e-07, 2.16683346821e-07, 1.54466690105e-07, 1.89634221215e-07, 2.34348505046e-08, 2.23305338665e-08, 3.04392671069e-08, 4.82218567299e-08, 1.01990842438e-08, 3.59898932878e-09, 5.02339947417e-10, 2.38975084585e-18]}, "melbands_skewness": {"dvar2": 2.31274461746, "var": 5.64879083633, "min": -0.375058025122, "dmean": 0.884147882462, "mean": 4.33230686188, "max": 15.7783203125, "dmean2": 1.33766722679, "median": 4.0729432106, "dvar": 0.972506523132}, "barkbands_skewness": {"dvar2": 1.23035991192, "var": 3.179479599, "min": -2.56225657463, "dmean": 0.667231500149, "mean": 3.01742887497, "max": 10.470615387, "dmean2": 1.00943398476, "median": 2.9152700901, "dvar": 0.536158025265}, "erbbands": {"dvar2": [0.084283746779, 3.81260490417, 30.0916213989, 140.12348938, 230.811584473, 203.208526611, 445.993011475, 1555.9017334, 2311.29638672, 5662.98974609, 2373.31762695, 1529.90966797, 898.710998535, 216.963912964, 1144.47692871, 1483.26159668, 1180.48730469, 2439.45751953, 3288.40258789, 1051.04821777, 997.264770508, 844.950378418, 771.733642578, 1315.2980957, 360.59375, 124.558868408, 95.8571243286, 91.2945175171, 69.136177063, 85.5899887085, 72.9056930542, 15.7896118164, 3.65343999863, 1.25834536552, 0.366208851337, 0.0589858181775, 0.00176106148865, 7.32241517198e-07, 1.47064049827e-09, 3.26912968918e-10], "var": [0.0375678241253, 4.85509395599, 54.6831436157, 48.5840530396, 210.385635376, 363.837432861, 745.681335449, 2074.23046875, 2152.13305664, 8307.61816406, 3406.17626953, 3300.73583984, 1002.65087891, 568.975646973, 1885.23535156, 1997.15881348, 1903.7109375, 2138.26123047, 5865.20800781, 3195.89794922, 2029.77807617, 2122.69165039, 2366.51733398, 2973.66210938, 504.023803711, 111.735908508, 108.90372467, 69.4586334229, 61.8502502441, 100.426780701, 83.3976211548, 20.8372573853, 2.46539616585, 0.633507966995, 0.177921429276, 0.0272632390261, 0.000730203581043, 3.12106408273e-07, 9.0195695357e-10, 6.61801724533e-10], "min": [7.04800089109e-22, 3.28647743097e-21, 5.10613826147e-21, 1.95815509885e-20, 5.92448985189e-20, 5.48156371444e-20, 1.59608583396e-19, 1.12471890061e-19, 2.43006509567e-19, 4.92135189643e-19, 4.66673174521e-19, 6.46957447521e-19, 1.59106515784e-18, 1.32270874197e-18, 1.23561923797e-18, 2.29525972974e-18, 3.44097250014e-18, 1.82018674289e-18, 3.4937644076e-18, 7.59741652546e-18, 7.63237814123e-18, 9.13224849769e-18, 1.09451512949e-17, 9.51271683788e-18, 1.19984706792e-17, 1.29570985629e-17, 1.42282923575e-17, 1.20534053981e-17, 1.80217724252e-17, 1.68591750373e-17, 1.54907453345e-17, 1.2658441694e-17, 1.44542863726e-17, 1.02293654411e-17, 7.46910344166e-18, 4.97448594647e-18, 2.95584244461e-18, 1.1973342173e-18, 3.0005309806e-19, 3.48834568958e-20], "dmean": [0.0461476407945, 0.608931422234, 1.69594740868, 2.49453139305, 5.18095302582, 4.87434196472, 6.12008619308, 10.8963603973, 11.9265317917, 14.731385231, 8.886054039, 6.53414821625, 3.96814322472, 2.78503870964, 6.08358001709, 7.13481616974, 6.31608057022, 7.12580490112, 8.99054908752, 6.49644756317, 6.90588140488, 5.68731069565, 5.99487829208, 7.53079843521, 3.66379451752, 1.69046056271, 1.67405247688, 1.28161370754, 1.48815357685, 1.694231987, 1.54568445683, 0.871756255627, 0.452455580235, 0.249714806676, 0.128005191684, 0.0500146336854, 0.00784345436841, 0.000164146302268, 1.00531724456e-05, 7.62134686738e-06], "mean": [0.0879407301545, 1.68986773491, 5.18970298767, 4.27424287796, 9.44183158875, 10.2166976929, 12.0460929871, 20.8579006195, 21.6183986664, 29.2517662048, 15.957406044, 15.2330055237, 7.71120643616, 6.13141584396, 11.6940355301, 13.4587984085, 12.3392105103, 12.1458969116, 18.8527679443, 16.9575252533, 16.3537883759, 13.1371393204, 16.0067558289, 15.9498786926, 6.85137367249, 2.70928931236, 2.3368268013, 1.72710263729, 1.78520441055, 1.99352741241, 1.81827688217, 1.03517186642, 0.500943899155, 0.253004252911, 0.123465761542, 0.0455696992576, 0.00681165792048, 0.000146981721628, 1.87308960449e-05, 2.7674197554e-05], "max": [3.18817448616, 25.0052947998, 76.7109832764, 111.451011658, 157.407333374, 176.135864258, 389.876281738, 644.957702637, 612.380981445, 981.031860352, 1033.63977051, 722.343566895, 887.911254883, 377.795227051, 619.590820313, 700.119812012, 1018.63000488, 1049.42443848, 1181.10778809, 901.838256836, 558.412719727, 854.010314941, 546.52355957, 982.585571289, 420.214019775, 198.423843384, 259.831390381, 223.886077881, 203.173690796, 265.857788086, 236.930648804, 112.429862976, 21.1839923859, 11.5871887207, 6.77414560318, 2.96316742897, 0.653339982033, 0.0124822789803, 0.000566027651075, 0.000183754207683], "dmean2": [0.0729913115501, 0.890263259411, 2.55091810226, 4.15738296509, 7.94543933868, 7.36313295364, 9.02190589905, 15.9165821075, 18.0066165924, 21.4791717529, 12.4401378632, 9.63623142242, 5.96906900406, 4.0130405426, 8.7320690155, 10.3523206711, 9.12799835205, 10.2337169647, 12.7721223831, 9.24566650391, 9.90308856964, 7.76398181915, 8.62669563293, 10.4006690979, 5.46844053268, 2.57201862335, 2.51721787453, 1.93845033646, 2.25199174881, 2.54411435127, 2.32342648506, 1.28800833225, 0.68060708046, 0.379904121161, 0.198279410601, 0.078172005713, 0.0124759413302, 0.000258985295659, 1.48594808707e-05, 1.06345532913e-05], "median": [0.0311079062521, 1.08263385296, 2.73261141777, 2.36372518539, 4.26842021942, 3.19149589539, 2.93566703796, 3.80319023132, 4.12738895416, 1.84381365776, 1.01247990131, 0.56677532196, 0.668113827705, 0.530404210091, 1.00492334366, 1.41897130013, 1.07534098625, 1.10484421253, 1.28750181198, 1.58984899521, 1.46026277542, 0.917609512806, 1.0477451086, 1.27558207512, 0.756428539753, 0.377334862947, 0.26739808917, 0.171191632748, 0.157719939947, 0.148728951812, 0.131225526333, 0.086228966713, 0.0479891076684, 0.0227440092713, 0.0090397503227, 0.00228418805636, 0.000254505372141, 8.99184124137e-06, 9.70731889538e-06, 1.94764070329e-05], "dvar": [0.0313948877156, 1.72908592224, 13.2443008423, 49.1350822449, 95.2339019775, 96.5785598755, 227.244735718, 761.539550781, 1010.9083252, 2621.40576172, 1180.19335938, 699.820556641, 430.408081055, 113.879776001, 570.35748291, 692.555419922, 608.032104492, 1076.54736328, 1528.55578613, 528.259155273, 507.018676758, 518.326721191, 380.799957275, 751.803833008, 171.831436157, 55.9532737732, 42.7638244629, 35.4154205322, 32.3365783691, 43.8807373047, 35.9308052063, 8.15627574921, 1.64404737949, 0.544466972351, 0.158267229795, 0.0256353896111, 0.00073169125244, 3.0668613249e-07, 6.4863586724e-10, 1.68424649227e-10]}, "silence_rate_30dB": {"dvar2": 0.0223790314049, "var": 0.00625259755179, "min": 0, "dmean": 0.00839102175087, "mean": 0.993708074093, "max": 1, "dmean2": 0.0167855639011, "median": 1, "dvar": 0.00832042843103}, "melbands_spread": {"dvar2": 148.128417969, "var": 339.050628662, "min": 0.434991121292, "dmean": 3.79878425598, "mean": 11.5847082138, "max": 207.412231445, "dmean2": 5.5004901886, "median": 5.39766073227, "dvar": 79.5166549683}, "melbands_crest": {"dvar2": 14.4026222229, "var": 41.3321800232, "min": 1.65635442734, "dmean": 2.46544218063, "mean": 18.3791561127, "max": 30.2188720703, "dmean2": 3.89439892769, "median": 17.6315994263, "dvar": 6.05938577652}, "zerocrossingrate": {"dvar2": 0.000265448237769, "var": 0.00137331173755, "min": 0.00341796875, "dmean": 0.0080390740186, "mean": 0.0314493887126, "max": 0.49853515625, "dmean2": 0.0094408551231, "median": 0.0224609375, "dvar": 0.000196141074412}, "barkbands_kurtosis": {"dvar2": 239.122711182, "var": 449.122955322, "min": -1.87119483948, "dmean": 7.1145324707, "mean": 19.7090492249, "max": 190.947982788, "dmean2": 10.9472570419, "median": 12.8946371078, "dvar": 102.376014709}, "spectral_flux": {"dvar2": 0.0016468684189, "var": 0.00245160027407, "min": 6.69275607157e-11, "dmean": 0.0206633545458, "mean": 0.0598554424942, "max": 0.32405257225, "dmean2": 0.0325727798045, "median": 0.0452125966549, "dvar": 0.000729476916604}, "barkbands_crest": {"dvar2": 10.7080411911, "var": 13.1952009201, "min": 3.03763008118, "dmean": 1.99906051159, "mean": 11.5358686447, "max": 24.5069828033, "dmean2": 3.22290039063, "median": 11.4281606674, "dvar": 4.21094226837}, "barkbands_flatness_db": {"dvar2": 0.00107466115151, "var": 0.00456766830757, "min": 0.0513682439923, "dmean": 0.0240442696959, "mean": 0.232227280736, "max": 0.438449054956, "dmean2": 0.0321622639894, "median": 0.22962962091, "dvar": 0.000617862388026}, "spectral_entropy": {"dvar2": 0.0877138376236, "var": 0.355496257544, "min": 5.00223827362, "dmean": 0.231829211116, "mean": 6.9730463028, "max": 9.80656147003, "dmean2": 0.300438702106, "median": 6.91613292694, "dvar": 0.0583007633686}, "pitch_salience": {"dvar2": 0.0102591039613, "var": 0.0208465047181, "min": 0.0772519335151, "dmean": 0.0699579641223, "mean": 0.49542298913, "max": 0.951225161552, "dmean2": 0.112495288253, "median": 0.50281047821, "dvar": 0.00409528659657}, "erbbands_spread": {"dvar2": 247.263824463, "var": 505.714660645, "min": 3.14099740982, "dmean": 9.12765407562, "mean": 40.4719543457, "max": 136.146514893, "dmean2": 13.1716117859, "median": 35.0101318359, "dvar": 135.115112305}, "dynamic_complexity": 5.63385534286, "spectral_contrast_valleys": {"dvar2": [0.261038035154, 0.246650397778, 0.221475884318, 0.168820008636, 0.169872879982, 0.273700594902], "var": [1.6277629137, 1.8516112566, 1.84457075596, 2.06530070305, 1.95955848694, 2.02553200722], "min": [-27.4168243408, -27.339553833, -27.3818454742, -27.2603416443, -27.3429794312, -27.3218517303], "dmean": [0.387019515038, 0.356335937977, 0.341793745756, 0.302982389927, 0.316605776548, 0.468488663435], "mean": [-7.41100597382, -7.61108541489, -8.47500514984, -8.7337474823, -8.8080291748, -11.3101224899], "max": [-5.17424678802, -4.7388677597, -5.23318815231, -5.42721033096, -5.86900091171, -8.03071975708], "dmean2": [0.631034314632, 0.558458268642, 0.523360848427, 0.444958597422, 0.399885237217, 0.510825157166], "median": [-7.18520879745, -7.46957588196, -8.38999176025, -8.52775001526, -8.6568775177, -11.2569646835], "dvar": [0.120397984982, 0.126549303532, 0.120096638799, 0.0999041721225, 0.120783515275, 0.213655725121]}, "hfc": {"dvar2": 94.2372360229, "var": 271.677062988, "min": 1.16040549159e-16, "dmean": 3.59230995178, "mean": 11.2763347626, "max": 163.509124756, "dmean2": 4.94760799408, "median": 4.02872467041, "dvar": 51.1113052368}, "spectral_kurtosis": {"dvar2": 23.5889358521, "var": 26.7283706665, "min": -1.21353125572, "dmean": 2.96512651443, "mean": 7.25352191925, "max": 42.4926795959, "dmean2": 4.76627254486, "median": 6.27489757538, "dvar": 8.9217004776}, "mfcc": {"mean": [-738.085510254, 145.943908691, 20.3210277557, 39.8939399719, 22.8252754211, 10.1331739426, -0.844768166542, 3.51000332832, -9.37745571136, 0.128511786461, -0.299605101347, 1.81475377083, 3.53732442856], "cov": [[11508.140625, 71.3228530884, -1431.20153809, -394.252838135, -1.28250348568, -673.484130859, -621.527099609, 153.524734497, -352.784179688, 104.126617432, 190.878662109, 80.0208816528, -109.023300171], [71.3228530884, 1792.3729248, -216.181503296, -30.5837192535, 116.099777222, -123.312103271, -4.97499656677, 63.155960083, -73.876739502, -26.2734184265, 29.2715454102, 26.731262207, 57.7659378052], [-1431.20153809, -216.181503296, 829.306945801, 222.592346191, -94.357925415, 290.733825684, 209.142379761, -53.5146598816, 118.84236908, -4.98268079758, -87.8644256592, -43.6737861633, 46.0913314819], [-394.252838135, -30.5837192535, 222.592346191, 353.707733154, 84.7448806763, 171.622650146, 52.9968032837, -66.073059082, 42.7044944763, 17.4647769928, -25.976102829, -31.4764652252, 17.0355892181], [-1.28250348568, 116.099777222, -94.357925415, 84.7448806763, 322.45703125, 52.1620368958, -113.853813171, -64.8417053223, 2.77507805824, 3.31054925919, 16.5405712128, 3.90915989876, -44.5600891113], [-673.484130859, -123.312103271, 290.733825684, 171.622650146, 52.1620368958, 267.372375488, 99.6401062012, -64.8880844116, 66.7797164917, 3.81686115265, -31.5871715546, -17.280834198, 3.71863031387], [-621.527099609, -4.97499656677, 209.142379761, 52.9968032837, -113.853813171, 99.6401062012, 234.890945435, 70.6026229858, 54.2991638184, 10.7305746078, 3.17984580994, 8.95305728912, 45.0322875977], [153.524734497, 63.155960083, -53.5146598816, -66.073059082, -64.8417053223, -64.8880844116, 70.6026229858, 169.543167114, 23.903263092, 4.71793746948, 30.1359577179, 46.9345283508, 16.3882369995], [-352.784179688, -73.876739502, 118.84236908, 42.7044944763, 2.77507805824, 66.7797164917, 54.2991638184, 23.903263092, 120.862678528, 22.9873275757, -6.57448530197, -0.2100263834, -0.337012708187], [104.126617432, -26.2734184265, -4.98268079758, 17.4647769928, 3.31054925919, 3.81686115265, 10.7305746078, 4.71793746948, 22.9873275757, 84.8137817383, 26.3520240784, -12.3083095551, 1.90654456615], [190.878662109, 29.2715454102, -87.8644256592, -25.976102829, 16.5405712128, -31.5871715546, 3.17984580994, 30.1359577179, -6.57448530197, 26.3520240784, 95.0257263184, 39.3366889954, -7.05608224869], [80.0208816528, 26.731262207, -43.6737861633, -31.4764652252, 3.90915989876, -17.280834198, 8.95305728912, 46.9345283508, -0.2100263834, -12.3083095551, 39.3366889954, 102.645462036, 11.8075227737], [-109.023300171, 57.7659378052, 46.0913314819, 17.0355892181, -44.5600891113, 3.71863031387, 45.0322875977, 16.3882369995, -0.337012708187, 1.90654456615, -7.05608224869, 11.8075227737, 75.4063415527]], "icov": [[0.000131208857056, 1.19934920804e-05, 0.00013242206478, -7.35337453079e-05, 0.000149652914843, -4.16745642724e-05, 0.000354776682798, -0.000232867634622, 0.000231445301324, -0.000220400164835, -5.37332161912e-05, -1.9927172616e-05, 5.01143294969e-05], [1.19934920804e-05, 0.000668792286888, 7.82700371929e-05, -3.0932646041e-05, -0.000530699500814, 0.000400967372116, -0.000356753880624, -0.000173945678398, 0.00031917533488, 0.000216827174881, -2.0712685e-05, 0.000147741870023, -0.000647503358778], [0.00013242206478, 7.82700371929e-05, 0.00282925367355, -0.00060898513766, 0.00100439123344, -0.00180313910823, -0.000636648153886, 0.000418344396167, -0.00093071727315, 0.000178505171789, 0.00110617140308, 5.77697646804e-05, -0.000402751320507], [-7.35337453079e-05, -3.0932646041e-05, -0.00060898513766, 0.0047347494401, -0.00135917204898, -0.00189032161143, -0.000485055788886, 0.000612301984802, -1.8190827177e-05, -0.000618086603936, 3.72569811589e-05, 0.000831790152006, -0.00144461810123], [0.000149652914843, -0.000530699500814, 0.00100439123344, -0.00135917204898, 0.00602425355464, -0.00273843458854, 0.00379987666383, -0.000133783818455, -0.000733363151085, -0.000157282644068, -0.00121556897648, -0.000686203420628, 0.0017652407987], [-4.16745642724e-05, 0.000400967372116, -0.00180313910823, -0.00189032161143, -0.00273843458854, 0.0109620029107, -0.00511262845248, 0.00418831035495, -0.00196180911735, 0.000370362307876, 0.00125278707128, -0.00154900283087, 0.00148759724107], [0.000354776682798, -0.000356753880624, -0.000636648153886, -0.000485055788886, 0.00379987666383, -0.00511262845248, 0.0121226217598, -0.00569757632911, -4.29626852565e-05, -0.000456789683085, -0.00289887841791, 0.00130376999732, -0.00268279341981], [-0.000232867634622, -0.000173945678398, 0.000418344396167, 0.000612301984802, -0.000133783818455, 0.00418831035495, -0.00569757632911, 0.0119250016287, -0.00359709910117, 0.000393371621612, 0.000116281153169, -0.00371453003027, 0.000494305219036], [0.000231445301324, 0.00031917533488, -0.00093071727315, -1.8190827177e-05, -0.000733363151085, -0.00196180911735, -4.29626852565e-05, -0.00359709910117, 0.0127291576937, -0.00393115356565, 0.00148096238263, -0.000505314324982, 0.00150790764019], [-0.000220400164835, 0.000216827174881, 0.000178505171789, -0.000618086603936, -0.000157282644068, 0.000370362307876, -0.000456789683085, 0.000393371621612, -0.00393115356565, 0.016023511067, -0.00632472708821, 0.00450866343454, -0.00209866347723], [-5.37332161912e-05, -2.0712685e-05, 0.00110617140308, 3.72569811589e-05, -0.00121556897648, 0.00125278707128, -0.00289887841791, 0.000116281153169, 0.00148096238263, -0.00632472708821, 0.0172178409994, -0.00671355286613, 0.00300836889073], [-1.9927172616e-05, 0.000147741870023, 5.77697646804e-05, 0.000831790152006, -0.000686203420628, -0.00154900283087, 0.00130376999732, -0.00371453003027, -0.000505314324982, 0.00450866343454, -0.00671355286613, 0.0148919569328, -0.00374197610654], [5.01143294969e-05, -0.000647503358778, -0.000402751320507, -0.00144461810123, 0.0017652407987, 0.00148759724107, -0.00268279341981, 0.000494305219036, 0.00150790764019, -0.00209866347723, 0.00300836889073, -0.00374197610654, 0.0177942551672]]}, "silence_rate_20dB": {"dvar2": 0, "var": 0, "min": 1, "dmean": 0, "mean": 1, "max": 1, "dmean2": 0, "median": 1, "dvar": 0}, "melbands_kurtosis": {"dvar2": 1313.11950684, "var": 2243.03173828, "min": -1.8293159008, "dmean": 16.0227680206, "mean": 44.9984550476, "max": 473.674530029, "dmean2": 24.6071014404, "median": 30.4718322754, "dvar": 558.5703125}, "barkbands_spread": {"dvar2": 127.781692505, "var": 199.714981079, "min": 0.611912667751, "dmean": 4.08668661118, "mean": 12.0387086868, "max": 119.942382813, "dmean2": 6.03153514862, "median": 6.70708942413, "dvar": 61.5825004578}, "erbbands_skewness": {"dvar2": 0.28521463275, "var": 1.31371808052, "min": -3.22667217255, "dmean": 0.381210535765, "mean": 0.913879215717, "max": 8.22726535797, "dmean2": 0.555037677288, "median": 1.03800153732, "dvar": 0.155200153589}, "average_loudness": 0.854629635811, "spectral_centroid": {"dvar2": 169594.609375, "var": 508206, "min": 133.701583862, "dmean": 177.208999634, "mean": 783.89642334, "max": 11284.2128906, "dmean2": 255.882034302, "median": 534.29296875, "dvar": 92609.40625}, "dissonance": {"dvar2": 0.00093294569524, "var": 0.00118893024046, "min": 0.261333823204, "dmean": 0.0193560440093, "mean": 0.45031440258, "max": 0.499999970198, "dmean2": 0.0315691642463, "median": 0.458426177502, "dvar": 0.000358059478458}, "erbbands_flatness_db": {"dvar2": 0.000528521894012, "var": 0.00254261982627, "min": 0.0338670536876, "dmean": 0.0191641431302, "mean": 0.180635288358, "max": 0.339161843061, "dmean2": 0.0246194303036, "median": 0.181013762951, "dvar": 0.000347455003066}, "spectral_strongpeak": {"dvar2": 0.827187299728, "var": 0.729256689548, "min": 0, "dmean": 0.259966492653, "mean": 0.710390985012, "max": 9.89083957672, "dmean2": 0.420492291451, "median": 0.412104874849, "dvar": 0.346091717482}, "spectral_rms": {"dvar2": 1.19230526252e-06, "var": 4.59576904177e-06, "min": 3.19500047079e-12, "dmean": 0.000582823355217, "mean": 0.00427510542795, "max": 0.0121948327869, "dmean2": 0.000803443777841, "median": 0.00405235867947, "dvar": 6.53988024624e-07}, "silence_rate_60dB": {"dvar2": 0.056878477335, "var": 0.09453035146, "min": 0, "dmean": 0.0260121673346, "mean": 0.105704694986, "max": 1, "dmean2": 0.0520352497697, "median": 0, "dvar": 0.0253363046795}, "melbands": {"dvar2": [5.93477579969e-06, 6.27368490314e-06, 4.21801678385e-06, 8.87419503215e-07, 4.00381139798e-07, 6.34889545381e-07, 5.07604681843e-07, 6.46319335829e-07, 1.52639813678e-07, 5.53440493434e-08, 2.31289831731e-08, 3.77190945144e-09, 1.27526256222e-08, 1.17680825085e-08, 1.44799496837e-08, 4.68843097678e-09, 1.04953636892e-08, 1.08533440013e-08, 3.7543865794e-09, 1.86145110437e-09, 1.63757063465e-09, 1.17527931831e-09, 1.18539700278e-09, 1.12110631889e-09, 1.20349030741e-09, 3.71264657906e-10, 1.09010175886e-10, 5.93996657416e-11, 4.37032562917e-11, 4.01311102405e-11, 3.98617736042e-11, 2.95420216068e-11, 1.89607600454e-11, 3.69267255662e-11, 3.5697934192e-11, 1.50847702385e-11, 6.08042305741e-12, 2.01007960277e-12, 1.40854743234e-12, 8.10082090383e-13], "var": [4.13024372392e-06, 1.20037420857e-05, 1.76939272478e-06, 1.07587686671e-06, 7.23344896869e-07, 9.26285736114e-07, 5.40921632819e-07, 8.00882617114e-07, 2.62139820961e-07, 1.16162922836e-07, 2.59958330417e-08, 9.80103909143e-09, 1.71757701395e-08, 1.80400583361e-08, 2.37639117273e-08, 4.88153784062e-09, 9.20989418063e-09, 1.69438596487e-08, 9.58855395083e-09, 3.84259735142e-09, 2.98896463136e-09, 2.48419240734e-09, 2.1577311049e-09, 2.45790743314e-09, 2.40277220342e-09, 6.81970035998e-10, 8.55166423785e-11, 4.85323656263e-11, 4.75751833762e-11, 3.20033201329e-11, 2.5230857334e-11, 2.22888322382e-11, 2.51745447405e-11, 3.3152623008e-11, 3.24120556783e-11, 2.03322914061e-11, 4.91895500027e-12, 1.34630739716e-12, 6.74947673706e-13, 3.95773772912e-13], "min": [9.9547927463e-24, 3.12068838155e-24, 4.92937407112e-24, 3.48950412614e-24, 4.89533748407e-24, 2.43037612213e-24, 4.36216730304e-24, 5.3506076507e-24, 4.2263065225e-24, 3.38752373819e-24, 7.64423887643e-24, 5.16887105865e-24, 4.86219073212e-24, 5.57797747954e-24, 1.0154495251e-23, 4.38082110244e-24, 3.06812026855e-24, 4.79466621079e-24, 8.36498006477e-24, 1.33235435671e-23, 7.8050071512e-24, 7.88475388897e-24, 1.12933240417e-23, 5.78504045096e-24, 7.13278721942e-24, 6.55875049363e-24, 6.48110212587e-24, 9.4389542338e-24, 9.42696907006e-24, 6.49046235494e-24, 6.77766886116e-24, 1.03453633025e-23, 9.34096745418e-24, 9.2630429851e-24, 8.35535596172e-24, 1.06649474213e-23, 6.18118549274e-24, 9.90235637307e-24, 8.44560559359e-24, 8.53588914647e-24], "dmean": [0.000532095262315, 0.000849118339829, 0.000499379413668, 0.000349857553374, 0.00020857785421, 0.000229214856518, 0.000185873795999, 0.000147529353853, 6.9855908805e-05, 3.9808168367e-05, 2.04136958928e-05, 1.12289217213e-05, 1.97938152269e-05, 1.97863610083e-05, 2.02996270673e-05, 1.28993970065e-05, 1.4370185454e-05, 1.57068971021e-05, 1.03678321466e-05, 9.12034192879e-06, 8.55177222547e-06, 6.36958702671e-06, 5.41848385183e-06, 6.93785796102e-06, 6.72192572893e-06, 3.37629103342e-06, 1.80649692538e-06, 1.04994990124e-06, 1.09336008336e-06, 9.88043780126e-07, 6.93613174008e-07, 9.05727119971e-07, 8.2817882685e-07, 1.00431384453e-06, 1.02491810594e-06, 6.52265839562e-07, 5.20519847669e-07, 3.34894366461e-07, 2.53631668556e-07, 1.98677540197e-07], "mean": [0.00126629322767, 0.0026371628046, 0.000928788795136, 0.00071955221938, 0.000428504135925, 0.000460334034869, 0.000352580711478, 0.000285911752144, 0.000127334715216, 9.26802094909e-05, 3.70882880816e-05, 2.33723276324e-05, 3.53029827238e-05, 3.82824182452e-05, 3.57186363544e-05, 2.14941992454e-05, 2.22185972234e-05, 3.01697127725e-05, 2.48999058385e-05, 2.11789356399e-05, 1.86298348126e-05, 1.35516329465e-05, 1.25686274259e-05, 1.61143707373e-05, 1.3006599147e-05, 6.24839185548e-06, 2.93298103315e-06, 1.4971467408e-06, 1.4989675492e-06, 1.25237590964e-06, 9.26635607357e-07, 1.04723096683e-06, 9.96953986032e-07, 1.13673820579e-06, 1.15061357064e-06, 7.89741704921e-07, 5.74404793952e-07, 3.69968603309e-07, 2.58906680983e-07, 1.95954740434e-07], "max": [0.031461071223, 0.035228908062, 0.0187001433223, 0.00963350944221, 0.011830794625, 0.0130971735343, 0.00868938770145, 0.012432009913, 0.00977757386863, 0.00409846333787, 0.00452531641349, 0.00169723317958, 0.00289439363405, 0.00201596342959, 0.00430808961391, 0.00171037297696, 0.00194295332767, 0.00176476419438, 0.00162616034504, 0.000707822095137, 0.000816903309897, 0.00103345245589, 0.00128070218489, 0.000677743635606, 0.000968274660408, 0.000586478156038, 0.000215775493416, 0.000142251432408, 0.000158826165716, 0.000160682553542, 0.000169617836946, 0.000136897637276, 0.000159209259436, 0.000144620993524, 0.000140874341014, 0.000150477033458, 5.7416895288e-05, 1.62395917869e-05, 1.29515528897e-05, 9.59002591117e-06], "dmean2": [0.000807598989923, 0.00125573703554, 0.000810283003375, 0.000530803925358, 0.000307129696012, 0.000336225464707, 0.000276882463368, 0.000216062515392, 9.72852212726e-05, 5.983731171e-05, 3.06354049826e-05, 1.63973891176e-05, 2.83859681076e-05, 2.9104121495e-05, 2.79372725345e-05, 1.91699218703e-05, 2.1133080736e-05, 2.29152756219e-05, 1.4792982256e-05, 1.31262140712e-05, 1.23835034174e-05, 9.01296516531e-06, 7.49204491513e-06, 1.04036080302e-05, 9.38443190535e-06, 5.02255761603e-06, 2.80433687294e-06, 1.61651689723e-06, 1.6625981516e-06, 1.51341373567e-06, 1.06374773168e-06, 1.39993392168e-06, 1.23839413391e-06, 1.5361995338e-06, 1.56919941219e-06, 9.72135808297e-07, 7.79509889526e-07, 5.05962418629e-07, 3.89983767946e-07, 3.03884718278e-07], "median": [0.000687501218636, 0.00160564947873, 0.000536516541615, 0.000321745697875, 0.000106139705167, 8.35576356621e-05, 5.90675736021e-05, 1.66600457305e-05, 6.70207600706e-06, 3.274460596e-06, 3.27820498569e-06, 1.94556560018e-06, 2.7265823519e-06, 4.00494900532e-06, 2.69908878181e-06, 2.01258649213e-06, 1.84968871508e-06, 1.86784495781e-06, 1.77415358849e-06, 2.20478295887e-06, 1.3871090232e-06, 8.30826479614e-07, 7.54606958253e-07, 1.03947832031e-06, 9.37934032663e-07, 5.53890970423e-07, 2.95703529218e-07, 2.03389646458e-07, 1.54916321549e-07, 1.21928991348e-07, 8.46430481261e-08, 8.49958752269e-08, 7.75310056156e-08, 8.14356013734e-08, 7.48499502379e-08, 6.06495405009e-08, 4.55720297055e-08, 3.40600436743e-08, 2.43615296824e-08, 