{"tonal": {"thpcp": [1, 0.833814561367, 0.475402414799, 0.301541745663, 0.190440326929, 0.148214533925, 0.164179697633, 0.280737251043, 0.371270924807, 0.331284552813, 0.299458086491, 0.304673671722, 0.280667304993, 0.235759928823, 0.175565361977, 0.127530857921, 0.117515832186, 0.175473362207, 0.410359829664, 0.473683446646, 0.316298186779, 0.347319424152, 0.446766614914, 0.394582331181, 0.309103220701, 0.310723692179, 0.291499882936, 0.243318349123, 0.187617123127, 0.144196510315, 0.172618836164, 0.242815315723, 0.238090351224, 0.219077676535, 0.322857528925, 0.654965221882], "hpcp": {"dmean2": [0.271369099617, 0.215284496546, 0.159470155835, 0.12526267767, 0.124642521143, 0.161295354366, 0.266011893749, 0.310920804739, 0.265750020742, 0.324140608311, 0.3222194314, 0.341375350952, 0.305561870337, 0.275849342346, 0.228106439114, 0.211856126785, 0.183304414153, 0.154300779104, 0.166479438543, 0.190875768661, 0.188985332847, 0.185858994722, 0.225571915507, 0.330105543137, 0.506239533424, 0.419864147902, 0.365809112787, 0.291490316391, 0.196187645197, 0.160991102457, 0.179256469011, 0.245131462812, 0.264955490828, 0.292105734348, 0.276820272207, 0.268041163683], "median": [0.0568723231554, 0.0522443503141, 0.0363195165992, 0.0236770324409, 0.0202393420041, 0.0387515947223, 0.109291374683, 0.134046152234, 0.0803548172116, 0.066853813827, 0.0722467452288, 0.0719014406204, 0.063407972455, 0.0534538254142, 0.0546534135938, 0.0538354553282, 0.0384018979967, 0.0227385349572, 0.034071162343, 0.0565072596073, 0.052087277174, 0.0484511516988, 0.074852257967, 0.293326437473, 0.430029988289, 0.438420712948, 0.139487743378, 0.0723943114281, 0.0383041352034, 0.0258186981082, 0.0285487323999, 0.0484312698245, 0.0601459890604, 0.0619651228189, 0.050094012171, 0.0486446544528], "min": [0, 0, 0, 0, 0, 0, 0, 0, 0, 0, 0, 0, 0, 0, 0, 0, 0, 0, 0, 0, 0, 0, 0, 0, 0, 0, 0, 0, 0, 0, 0, 0, 0, 0, 0, 0], "dvar2": [0.12871606648, 0.095369450748, 0.0698354691267, 0.0538438037038, 0.059720993042, 0.0611045919359, 0.0939878970385, 0.116048142314, 0.0983662605286, 0.146952956915, 0.149981990457, 0.155527561903, 0.127655848861, 0.128740489483, 0.0975184515119, 0.0937194377184, 0.0899632722139, 0.0789006352425, 0.0755086317658, 0.077676653862, 0.0711857452989, 0.0693734288216, 0.0861375182867, 0.0998093262315, 0.221003174782, 0.131070494652, 0.136145502329, 0.115453794599, 0.0760882720351, 0.0665332376957, 0.0857815518975, 0.12004480511, 0.122636154294, 0.135741621256, 0.138280689716, 0.125093087554], "dvar": [0.0453670993447, 0.033506564796, 0.0248717274517, 0.0192171521485, 0.0211975388229, 0.0218729283661, 0.035286244005, 0.0432825870812, 0.0358864478767, 0.0526552684605, 0.0571551024914, 0.057515528053, 0.047202128917, 0.0466686338186, 0.035537853837, 0.0327897965908, 0.0311073809862, 0.0281616151333, 0.0271351207048, 0.0283854585141, 0.0265019703656, 0.0252322349697, 0.0334460586309, 0.0375283993781, 0.0907135605812, 0.0497577153146, 0.0509790442884, 0.0408887378871, 0.0268094539642, 0.0234640873969, 0.0300234984607, 0.0426542200148, 0.0452657267451, 0.0481952019036, 0.0496713519096, 0.0453142598271], "dmean": [0.150936573744, 0.120274268091, 0.0894340127707, 0.0694169551134, 0.0682829767466, 0.0899708941579, 0.155129909515, 0.179889455438, 0.149141773582, 0.181015774608, 0.180890277028, 0.193494454026, 0.170840039849, 0.154257535934, 0.128426715732, 0.118912011385, 0.101634822786, 0.0843374356627, 0.0923158749938, 0.11000481993, 0.108290575445, 0.104609146714, 0.131545543671, 0.190797358751, 0.281477242708, 0.242123633623, 0.211183831096, 0.162365093827, 0.108274042606, 0.08774664253, 0.0979331061244, 0.135963737965, 0.148547738791, 0.16316087544, 0.155215874314, 0.151163935661], "max": [1, 1, 1, 1, 1, 1, 1, 1, 1, 1, 1, 1, 1, 1, 1, 1, 1, 1, 1, 1, 1, 1, 1, 1, 1, 1, 1, 1, 1, 1, 1, 1, 1, 1, 1, 1], "var": [0.0441215373576, 0.0321487635374, 0.0228470321745, 0.0163970831782, 0.0162652432919, 0.0195353627205, 0.0577835030854, 0.0682078450918, 0.0408705584705, 0.057880166918, 0.0956552475691, 0.0718808025122, 0.0477313995361, 0.0562001615763, 0.0502672418952, 0.034540925175, 0.026177180931, 0.0226381756365, 0.0232587531209, 0.0316401645541, 0.0319162160158, 0.0264308936894, 0.0494386851788, 0.0678746327758, 0.156087130308, 0.0915347263217, 0.0687673464417, 0.0394475720823, 0.0224110819399, 0.0179480463266, 0.0228645000607, 0.0473597571254, 0.0770602449775, 0.0557154305279, 0.0550167895854, 0.0566464029253], "mean": [0.142560988665, 0.119750924408, 0.0891759470105, 0.0647775009274, 0.0596905089915, 0.089129216969, 0.208436489105, 0.240600824356, 0.160659193993, 0.176415994763, 0.226928800344, 0.200422525406, 0.157004609704, 0.157827705145, 0.148063257337, 0.123590119183, 0.0952974706888, 0.0732425823808, 0.0876793041825, 0.123334608972, 0.120934635401, 0.111277416348, 0.163990929723, 0.332680344582, 0.507935881615, 0.423524320126, 0.241473942995, 0.153163865209, 0.0967314764857, 0.0752834826708, 0.0833927616477, 0.142596527934, 0.188581824303, 0.168271318078, 0.152105510235, 0.154754683375]}, "tuning_equal_tempered_deviation": 0.268421024084, "chords_changes_rate": 0.09375, "key_key": "F", "tuning_diatonic_strength": 0.49881374836, "key_scale": "minor", "chords_number_rate": 0.00257888343185, "tuning_frequency": 434.193115234, "tuning_nontempered_energy_ratio": 0.890950322151, "chords_histogram": [1.1832524538, 0.515776693821, 1.38046121597, 0, 0.136529132724, 3.86832523346, 9.60254859924, 8.49514579773, 11.4836168289, 8.08555793762, 17.6577663422, 1.45631062984, 2.06310677528, 0, 1.44114077091, 5.08191728592, 5.20327663422, 16.0952663422, 0.804004848003, 2.60922336578, 0, 0, 1.82038831711, 1.01638352871], "key_strength": 0.62111055851, "chords_key": "E", "chords_strength": {"dmean2": 0.0103769218549, "median": 0.46071600914, "min": 0.194543540478, "dvar2": 7.84904550528e-05, "dvar": 5.14941457368e-05, "dmean": 0.00849666167051, "max": 0.745924472809, "var": 0.010174642317, "mean": 0.465194970369}, "chords_scale": "minor", "hpcp_entropy": {"dmean2": 1.08822703362, "median": 2.69073867798, "min": 0, "dvar2": 0.739674150944, "dvar": 0.25631070137, "dmean": 0.639719665051, "max": 4.52640914917, "var": 0.461507230997, "mean": 2.64307141304}}, "metadata": {"audio_properties": {"equal_loudness": 0, "codec": "mp3", "downmix": "mix", "sample_rate": 44100, "analysis_sample_rate": 44100, "bit_rate": 193718, "md5_encoded": "796926d9d337d93a175a084f5e5bb509", "length": 306.05166626, "replay_gain": 1.35725212097, "lossless": false}, "version": {"essentia_build_sha": "e76a03f03bb3900de42a1fa0d9be1e72f12def64", "essentia": "2.1-beta1", "extractor": "music 1.0", "essentia_git_sha": "v2.1_beta1-28-g21ef5f4-dirty"}, "tags": {"title": ["Doxxx Yrself"], "replaygain_album_gain": ["-0.45 dB"], "albumartist": ["65daysofstatic"], "date": ["2013"], "file_name": "09 - 65daysofstatic - Doxxx Yrself.mp3", "replaygain_track_gain": ["+1.36 dB"], "replaygain_track_peak": ["0.375603"], "acoustid_id": ["796a9ff9-b214-4a41-8db2-4a9d3e33b426"], "musicbrainz_recordingid": ["0f9f3e1f-970f-4efd-a0fb-78fa998dc5f2"], "musicbrainz_albumartistid": ["0cd12ab3-9628-45ef-a97b-ff18624f14a0"], "musicbrainz_albumid": ["8227becf-4c91-4adf-8c48-4f3933f74560"], "artist": ["65daysofstatic"], "tracknumber": ["9/9"], "replaygain_album_peak": ["0.389204"], "album": ["Wild Light"], "discnumber": ["1/1"], "musicbrainz_artistid": ["0cd12ab3-9628-45ef-a97b-ff18624f14a0"], "musicbrainz_releasegroupid": ["fc86c45e-a580-45bd-9fb2-c880d2532017"]}}, "rhythm": {"bpm_histogram_first_peak_bpm": {"dmean2": 0, "median": 129, "min": 129, "dvar2": 0, "dvar": 0, "dmean": 0, "max": 129, "var": 0, "mean": 129}, "bpm": 128.020965576, "bpm_histogram_second_peak_spread": {"dmean2": 0, "median": 0.105263188481, "min": 0.105263188481, "dvar2": 0, "dvar": 0, "dmean": 0, "max": 0.105263188481, "var": 0, "mean": 0.105263188481}, "bpm_histogram_first_peak_weight": {"dmean2": 0, "median": 0.583076894283, "min": 0.583076894283, "dvar2": 0, "dvar": 0, "dmean": 0, "max": 0.583076894283, "var": 0, "mean": 0.583076894283}, "onset_rate": 3.34886527061, "beats_position": [0.522448956966, 0.99845802784, 1.47446703911, 1.95047616959, 2.42648530006, 2.89088439941, 3.35528349876, 3.83129239082, 4.29569149017, 4.76009082794, 5.23609972, 5.71210861206, 6.17650794983, 6.64090681076, 7.11691617966, 7.59292507172, 8.05732440948, 8.52172279358, 8.98612213135, 9.45052146912, 9.92653083801, 10.3909292221, 10.8553285599, 11.3313379288, 11.7957363129, 12.2601356506, 12.7245349884, 13.2005443573, 13.6765527725, 14.1525621414, 14.6401815414, 15.1626300812, 15.6502494812, 16.1262588501, 16.602268219, 17.0666656494, 17.5310649872, 17.995464325, 18.4598636627, 18.9358730316, 19.4118824005, 19.8762817383, 20.3406791687, 20.8166885376, 21.2926979065, 21.7570972443, 22.221496582, 22.6975059509, 23.1735134125, 23.6379127502, 24.102312088, 24.5783214569, 25.0427207947, 25.5071201324, 25.9831295013, 26.4475269318, 26.9119262695, 27.3763256073, 27.8407249451, 28.3051242828, 28.7811336517, 29.2571430206, 29.7215423584, 30.1859397888, 30.6503391266, 31.1263484955, 31.6023578644, 32.0667572021, 32.542766571, 33.0187759399, 33.4831733704, 33.9475746155, 34.4119720459, 34.8763694763, 35.3407707214, 35.8167800903, 36.2927894592, 36.7687988281, 37.2331962585, 37.7092056274, 38.1852149963, 38.6612243652, 39.1256217957, 39.5900230408, 40.0544204712, 40.5188217163, 40.9832191467, 41.4476165771, 41.9120178223, 42.3880271912, 42.8640365601, 43.340045929, 43.8044433594, 44.2804527283, 44.7448501587, 45.2208595276, 45.6852607727, 46.1612701416, 46.625667572, 47.1016769409, 47.5776863098, 48.0420837402, 48.5064849854, 48.9708824158, 49.4352836609, 49.8996810913, 50.3756904602, 50.8516998291, 51.3160972595, 51.7804985046, 52.2448959351, 52.7092971802, 53.1736946106, 53.6380958557, 54.1024932861, 54.578502655, 55.0429000854, 55.5189094543, 55.9833106995, 56.4477081299, 56.912109375, 57.3881187439, 57.8641242981, 58.3285255432, 58.8045349121, 59.2689323425, 59.7217216492, 60.1861228943, 60.6621322632, 61.1381378174, 61.6025390625, 62.0669364929, 62.531337738, 62.9957351685, 63.4601364136, 63.924533844, 64.4005432129, 64.8765487671, 65.3525619507, 65.8169631958, 66.2813568115, 66.7573699951, 67.2217712402, 67.686164856, 68.1621780396, 68.6381835938, 69.1025848389, 69.566986084, 70.0429916382, 70.5189971924, 70.9833984375, 71.4477996826, 71.9122009277, 72.3882064819, 72.8642196655, 73.3286132812, 73.7930145264, 74.2574157715, 74.7218093872, 75.1978225708, 75.6622238159, 76.1382293701, 76.6026306152, 77.0670318604, 77.5430374146, 78.0190429688, 78.4834442139, 78.947845459, 79.4122467041, 79.8766403198, 80.3526535034, 80.8286590576, 81.2930603027, 81.7574615479, 82.2218551636, 82.6862564087, 83.1622695923, 83.6382751465, 84.1026763916, 84.5670700073, 85.0314712524, 85.507484436, 85.9718780518, 86.4362792969, 86.9122848511, 87.3882980347, 87.8526992798, 88.3170928955, 88.7931060791, 89.2575073242, 89.7219009399, 90.1979141235, 90.6739196777, 91.1383209229, 91.602722168, 92.0671157837, 92.5315170288, 92.9959182739, 93.4719238281, 93.9479370117, 94.4123306274, 94.8767318726, 95.3411331177, 95.8055343628, 96.2699279785, 96.7459411621, 97.2219467163, 97.6863479614, 98.1623535156, 98.6267547607, 99.1027679443, 99.5671615601, 100.031562805, 100.507568359, 100.983581543, 101.459587097, 101.935600281, 102.400001526, 102.864395142, 103.328796387, 103.793197632, 104.257591248, 104.721992493, 105.186393738, 105.662399292, 106.138412476, 106.602806091, 107.078819275, 107.54322052, 108.007614136, 108.472015381, 108.936416626, 109.41242218, 109.888435364, 110.352828979, 110.817230225, 111.293243408, 111.757637024, 112.222038269, 112.686439514, 113.162445068, 113.638458252, 114.102851868, 114.567253113, 115.031654358, 115.507659912, 115.983673096, 116.448066711, 116.912467957, 117.376869202, 117.841270447, 118.305664062, 118.781677246, 119.2576828, 119.722084045, 120.186485291, 120.650878906, 121.115280151, 121.579681396, 122.055686951, 122.520088196, 122.99609375, 123.460494995, 123.92489624, 124.400901794, 124.876914978, 125.341316223, 125.805709839, 126.270111084, 126.746116638, 127.222129822, 127.686531067, 128.150924683, 128.626937866, 129.10295105, 129.567337036, 130.031738281, 130.496139526, 130.97215271, 131.448165894, 131.912567139, 132.376953125, 132.84135437, 133.305755615, 133.77015686, 134.257781982, 134.722167969, 135.186569214, 135.650970459, 136.115371704, 136.579772949, 137.044174194, 137.508575439, 137.996185303, 138.460586548, 138.924987793, 139.401000977, 139.876998901, 140.341400146, 140.805801392, 141.281814575, 141.757827759, 142.222213745, 142.68661499, 143.162628174, 143.638641357, 144.103042603, 144.567428589, 145.031829834, 145.507843018, 145.972244263, 146.448257446, 146.912643433, 147.377044678, 147.841445923, 148.305847168, 148.781860352, 149.257858276, 149.73387146, 150.209884644, 150.674285889, 151.138687134, 151.603088379, 152.067474365, 152.543487549, 153.007888794, 153.483901978, 153.948303223, 154.412689209, 154.877090454, 155.341491699, 155.805892944, 156.281906128, 156.746307373, 157.210693359, 157.686706543, 158.162719727, 158.63873291, 159.103118896, 159.57913208, 160.043533325, 160.519546509, 160.983947754, 161.448348999, 161.912734985, 162.37713623, 162.853149414, 163.329162598, 163.793563843, 164.257949829, 164.722351074, 165.186752319, 165.662765503, 166.138778687, 166.603164673, 167.067565918, 167.531967163, 167.996368408, 168.460769653, 168.936782837, 169.412780762, 169.877182007, 170.35319519, 170.817596436, 171.293609619, 171.769607544, 172.234008789, 172.710021973, 173.174423218, 173.638824463, 174.103210449, 174.567611694, 175.032012939, 175.508026123, 175.984039307, 176.448425293, 176.912826538, 177.377227783, 177.841629028, 178.317642212, 178.793640137, 179.258041382, 179.722442627, 180.186843872, 180.651245117, 181.138870239, 181.603256226, 182.067657471, 182.532058716, 183.008071899, 183.460861206, 183.93687439, 184.401260376, 184.87727356, 185.341674805, 185.80607605, 186.282089233, 186.758087158, 187.222488403, 187.686889648, 188.151290894, 188.627304077, 189.091690063, 189.567703247, 190.032104492, 190.496505737, 190.960906982, 191.436920166, 191.901306152, 192.365707397, 192.841720581, 193.306121826, 193.770523071, 194.234924316, 194.699310303, 195.175323486, 195.65133667, 196.127349854, 196.603347778, 197.067749023, 197.532150269, 197.996551514, 198.460952759, 198.925354004, 199.38973999, 199.877365112, 200.341766357, 200.806167603, 201.282180786, 201.758178711, 202.222579956, 202.686981201, 203.151382446, 203.615783691, 204.080184937, 204.556182861, 205.032196045, 205.49659729, 205.960998535, 206.42539978, 206.889785767, 207.354187012, 207.841812134, 208.329421997, 208.793823242, 209.258224487, 209.722625732, 210.187026978, 210.651428223, 211.127426147, 211.603439331, 212.067840576, 212.532241821, 213.008255005, 213.48425293, 213.948654175, 214.41305542, 214.889068604, 215.353469849, 215.817871094, 216.293869019, 216.758270264, 217.222671509, 217.687072754, 218.151473999, 218.627471924, 219.103485107, 219.567886353, 220.032287598, 220.508300781, 220.972686768, 221.448699951, 221.913101196, 222.38911438, 222.865127563, 223.32951355, 223.793914795, 224.25831604, 224.722717285, 225.18711853, 225.651519775, 226.1275177, 226.603530884, 227.067932129, 227.532333374, 227.996734619, 228.461135864, 228.937133789, 229.413146973, 229.877548218, 230.341949463, 230.806350708, 231.282348633, 231.758361816, 232.222763062, 232.698776245, 233.16317749, 233.627563477, 234.10357666, 234.567977905, 235.03237915, 235.496780396, 235.97277832, 236.448791504, 236.936416626, 237.424026489, 237.92326355, 238.410873413, 238.886886597, 239.351287842, 239.827301025, 240.30329895, 240.767700195, 241.23210144, 241.708114624, 242.184127808, 242.648529053, 243.112915039, 243.577316284, 244.041717529, 244.517730713, 244.993743896, 245.458129883, 245.922531128, 246.386932373, 246.862945557, 247.33895874, 247.803344727, 248.27935791, 248.743759155, 249.219772339, 249.684173584, 250.14855957, 250.612960815, 251.077362061, 251.541763306, 252.006164551, 252.482177734, 252.958175659, 253.422576904, 253.898590088, 254.374603271, 254.850601196, 255.32661438, 255.814239502, 256.313476562, 256.801086426, 257.277099609, 257.753112793, 258.229125977, 258.693511963, 259.169525146, 259.64553833, 260.109924316, 260.57434082, 261.050323486, 261.52633667, 261.990753174, 262.45513916, 262.919555664, 263.38394165, 263.848327637, 264.32434082, 264.800354004, 265.264770508, 265.729156494, 266.19354248, 266.669555664, 267.145568848, 267.609985352, 268.085968018, 268.561981201, 269.037994385, 269.525604248, 270.013244629, 270.500854492, 270.988464355, 271.464477539, 271.940490723, 272.416503906, 272.880889893, 273.345306396, 273.809692383, 274.285705566, 274.76171875, 275.226104736, 275.69052124, 276.166534424, 276.642547607, 277.106933594, 277.57131958, 278.035736084, 278.511749268, 278.976135254, 279.452148438, 279.916534424, 280.380950928, 280.856964111, 281.332977295, 281.797363281, 282.261749268, 282.726165771, 283.190551758, 283.666564941, 284.142578125, 284.606964111, 285.071380615, 285.535766602, 286.000183105, 286.464569092, 286.928985596, 287.404968262, 287.880981445, 288.345397949, 288.809783936, 289.285797119, 289.761810303, 290.226196289, 290.690612793, 291.166625977, 291.64263916, 292.107025146, 292.571411133, 293.035827637, 293.500213623, 293.964630127, 294.440643311, 294.916625977, 295.38104248, 295.845428467, 296.309844971, 296.785858154, 297.26184082, 297.726257324, 298.190643311, 298.666656494, 299.142669678, 299.607055664, 300.071472168, 300.535858154, 301.011871338, 301.487884521, 301.917449951, 302.347015381, 302.788208008, 303.229370117, 303.670562744, 304.123352051, 304.576141357, 305.028930664, 305.481719971], "beats_loudness": {"dmean2": 0.0427441447973, "median": 0.0704828575253, "min": 2.50964915516e-09, "dvar2": 0.00238488567993, "dvar": 0.00079172902042, "dmean": 0.024533610791, "max": 0.265505343676, "var": 0.00254557514563, "mean": 0.0690485164523}, "danceability": 1.01970922947, "bpm_histogram_second_peak_weight": {"dmean2": 0, "median": 0.0261538457125, "min": 0.0261538457125, "dvar2": 0, "dvar": 0, "dmean": 0, "max": 0.0261538457125, "var": 0, "mean": 0.0261538457125}, "beats_count": 651, "bpm_histogram_second_peak_bpm": {"dmean2": 0, "median": 123, "min": 123, "dvar2": 0, "dvar": 0, "dmean": 0, "max": 123, "var": 0, "mean": 123}, "bpm_histogram_first_peak_spread": {"dmean2": 0, "median": 0.393600046635, "min": 0.393600046635, "dvar2": 0, "dvar": 0, "dmean": 0, "max": 0.393600046635, "var": 0, "mean": 0.393600046635}, "beats_loudness_band_ratio": {"dmean2": [0.239920169115, 0.121852174401, 0.12590187788, 0.055993899703, 0.0263659022748, 0.0714295804501], "median": [0.698857486248, 0.0840441659093, 0.0847623571754, 0.0414610281587, 0.0145940082148, 0.0514906421304], "min": [0.000664982886519, 0.000188825011719, 0.000312548188958, 0.000230168690905, 5.44010508747e-05, 0.000886701687705], "dvar2": [0.0390489734709, 0.0127270631492, 0.0204597935081, 0.00329670892097, 0.0027612997219, 0.0116514600813], "dvar": [0.0148896714672, 0.00486170686781, 0.0068995365873, 0.00135448772926, 0.00103359308559, 0.00393615150824], "dmean": [0.137625962496, 0.0704138278961, 0.0713520273566, 0.032355800271, 0.0150099471211, 0.0403084605932], "max": [0.989076673985, 0.623026371002, 0.69191044569, 0.298116028309, 0.306431561708, 0.716392755508], "var": [0.0478313229978, 0.0108580794185, 0.0110070910305, 0.00184163358063, 0.000920087797567, 0.00771202938631], "mean": [0.646269977093, 0.118562079966, 0.116013944149, 0.0525160059333, 0.0228386968374, 0.0780782029033]}}, "lowlevel": {"barkbands_spread": {"dmean2": 7.77727127075, "median": 14.4998369217, "min": 0.363698214293, "dvar2": 95.7562332153, "dvar": 42.9416465759, "dmean": 4.84814500809, "max": 114.220397949, "var": 151.344833374, "mean": 17.4710903168}, "melbands_spread": {"dmean2": 6.51473999023, "median": 11.3915243149, "min": 0.120100341737, "dvar2": 71.8237838745, "dvar": 33.1554336548, "dmean": 4.0946969986, "max": 179.329452515, "var": 121.149269104, "mean": 13.3926067352}, "hfc": {"dmean2": 32.1734542847, "median": 50.4137039185, "min": 1.1341620286e-16, "dvar2": 5784.38671875, "dvar": 1985.19848633, "dmean": 20.2216415405, "max": 1844.04589844, "var": 7652.98535156, "mean": 76.5484771729}, "barkbands_kurtosis": {"dmean2": 8.94002151489, "median": 6.9571762085, "min": -1.81557786465, "dvar2": 668.150695801, "dvar": 338.628387451, "dmean": 5.76177310944, "max": 652.238586426, "var": 611.154724121, "mean": 10.8030691147}, "gfcc": {"mean": [-33.2636985779, 128.050674438, -97.2369766235, -5.90876626968, -12.5499773026, -26.5554256439, -0.756619989872, -10.8780679703, -6.61139059067, -9.62865829468, -4.26691865921, -9.21934223175, -4.08078193665], "icov": [[0.000141961776535, -0.000406136095989, 0.000668064574711, -0.000577322556637, 0.000263998575974, -0.00050873530563, 0.000206568322028, -0.000176549307071, 1.35855671033e-05, 0.000155955771334, 5.44245631318e-05, -4.90619931952e-05, 9.16805875022e-05], [-0.000406136095989, 0.00297581637278, -0.00328754796647, 0.00264118448831, -0.00122439383995, 0.00291075534187, -0.00213309633546, 0.000108422878839, -3.08477610815e-05, -0.000240541427047, -0.000458973343484, 0.00273436261341, -0.0014807805419], [0.000668064574711, -0.00328754796647, 0.00892272684723, -0.00506601063535, 0.00260096834973, -0.00814541056752, 0.00424179667607, 0.000884782813955, -0.00146344106179, 0.00340315699577, -0.00116539141163, -0.00179662753362, 0.00225129560567], [-0.000577322556637, 0.00264118448831, -0.00506601063535, 0.0101281348616, -0.00692878430709, 0.00446778908372, -0.00360270938836, -0.00230480800383, 0.00525093730539, -0.0102693336084, 0.0101496409625, -0.00647303741425, 0.00179226405453], [0.000263998575974, -0.00122439383995, 0.00260096834973, -0.00692878430709, 0.0137900998816, -0.00288909510709, -0.00381994876079, 0.0011599608697, -0.00706564588472, 0.010940246284, -0.0123267685995, 0.0101314224303, -0.00615488318726], [-0.00050873530563, 0.00291075534187, -0.00814541056752, 0.00446778908372, -0.00288909510709, 0.0146196233109, -0.00318895396776, -0.00671678688377, 0.00558303575963, -0.00398389156908, 0.00162681855727, -0.00228779762983, 0.00217685708776], [0.000206568322028, -0.00213309633546, 0.00424179667607, -0.00360270938836, -0.00381994876079, -0.00318895396776, 0.0149704813957, 0.00328516541049, -0.00784139987081, 0.00174785021227, 0.00221298914403, -0.00452701095492, 0.00175140821375], [-0.000176549307071, 0.000108422878839, 0.000884782813955, -0.00230480800383, 0.0011599608697, -0.00671678688377, 0.00328516541049, 0.0154953049496, -0.0064775175415, -0.00225102272816, -0.00271364510991, 0.00863260403275, -0.00871569942683], [1.35855671033e-05, -3.08477610815e-05, -0.00146344106179, 0.00525093730539, -0.00706564588472, 0.00558303575963, -0.00784139987081, -0.0064775175415, 0.0321705900133, -0.0159259662032, 0.00419701915234, -0.0105458339676, 0.00846141763031], [0.000155955771334, -0.000240541427047, 0.00340315699577, -0.0102693336084, 0.010940246284, -0.00398389156908, 0.00174785021227, -0.00225102272816, -0.0159259662032, 0.0415154956281, -0.0234906021506, 0.0096984449774, -0.00254459725693], [5.44245631318e-05, -0.000458973343484, -0.00116539141163, 0.0101496409625, -0.0123267685995, 0.00162681855727, 0.00221298914403, -0.00271364510991, 0.00419701915234, -0.0234906021506, 0.043397501111, -0.0233649238944, -0.00108778616413], [-4.90619931952e-05, 0.00273436261341, -0.00179662753362, -0.00647303741425, 0.0101314224303, -0.00228779762983, -0.00452701095492, 0.00863260403275, -0.0105458339676, 0.0096984449774, -0.0233649238944, 0.0451783724129, -0.018117506057], [9.16805875022e-05, -0.0014807805419, 0.00225129560567, 0.00179226405453, -0.00615488318726, 0.00217685708776, 0.00175140821375, -0.00871569942683, 0.00846141763031, -0.00254459725693, -0.00108778616413, -0.018117506057, 0.0340616181493]], "cov": [[16508.0410156, 1339.03063965, -791.633911133, 831.631958008, 443.998046875, -79.4115524292, 421.683807373, 351.783233643, 112.45602417, 108.950248718, -107.890007019, -121.624534607, 88.0452651978], [1339.03063965, 898.760559082, 7.04960823059, -116.135787964, 103.859725952, -103.176773071, 94.2333374023, -34.8980712891, 32.1686019897, -43.6460075378, 3.27018713951, -59.0743484497, 10.13007164], [-791.633911133, 7.04960823059, 530.97052002, 46.2072105408, -119.213760376, 261.548492432, -145.044830322, 70.1274414062, -66.5755691528, -4.10809516907, -25.7332649231, -3.20253658295, -34.2371520996], [831.631958008, -116.135787964, 46.2072105408, 407.041778564, 151.131103516, 42.7065124512, 113.275634766, 64.2137374878, 38.0991134644, 57.5840797424, -11.6095399857, 31.9363555908, 14.8809633255], [443.998046875, 103.859725952, -119.213760376, 151.131103516, 287.03918457, -53.7384300232, 171.940261841, 13.6390457153, 83.0671691895, 17.4557723999, 50.005115509, 18.2622394562, 45.1777954102], [-79.4115524292, -103.176773071, 261.548492432, 42.7065124512, -53.7384300232, 261.833282471, -78.6678771973, 107.563400269, -36.5772628784, 21.006570816, -2.04936289787, 2.79704761505, -6.60357666016], [421.683807373, 94.2333374023, -145.044830322, 113.275634766, 171.940261841, -78.6678771973, 218.803115845, -26.4999599457, 82.0639266968, 15.6013689041, 24.0020198822, 25.8916244507, 19.9715137482], [351.783233643, -34.8980712891, 70.1274414062, 64.2137374878, 13.6390457153, 107.563400269, -26.4999599457, 155.855300903, 12.8841552734, 42.2063980103, 18.312379837, -1.7314260006, 25.9715805054], [112.45602417, 32.1686019897, -66.5755691528, 38.0991134644, 83.0671691895, -36.5772628784, 82.0639266968, 12.8841552734, 84.6237564087, 33.3757514954, 32.8154678345, 21.3600406647, 13.7973241806], [108.950248718, -43.6460075378, -4.10809516907, 57.5840797424, 17.4557723999, 21.006570816, 15.6013689041, 42.2063980103, 33.3757514954, 66.161857605, 35.1389389038, 19.2118110657, 14.8528060913], [-107.890007019, 3.27018713951, -25.7332649231, -11.6095399857, 50.005115509, -2.04936289787, 24.0020198822, 18.312379837, 32.8154678345, 35.1389389038, 75.8070373535, 36.638999939, 31.7453308105], [-121.624534607, -59.0743484497, -3.20253658295, 31.9363555908, 18.2622394562, 2.79704761505, 25.8916244507, -1.7314260006, 21.3600406647, 19.2118110657, 36.638999939, 59.4608345032, 26.5638961792], [88.0452651978, 10.13007164, -34.2371520996, 14.8809633255, 45.1777954102, -6.60357666016, 19.9715137482, 25.9715805054, 13.7973241806, 14.8528060913, 31.7453308105, 26.5638961792, 58.0715293884]]}, "spectral_energyband_middle_low": {"dmean2": 0.00913313217461, "median": 0.0132173188031, "min": 2.20443683732e-22, "dvar2": 0.00011885654385, "dvar": 4.69632250315e-05, "dmean": 0.0057233190164, "max": 0.096505060792, "var": 0.00016227789456, "mean": 0.0155161237344}, "melbands_crest": {"dmean2": 6.65955877304, "median": 14.2966146469, "min": 1.13346898556, "dvar2": 31.6978416443, "dvar": 13.3873262405, "dmean": 4.1191945076, "max": 38.8586997986, "var": 37.7544975281, "mean": 15.2829494476}, "spectral_kurtosis": {"dmean2": 8.71371555328, "median": 17.6898193359, "min": -1.23899233341, "dvar2": 145.848968506, "dvar": 56.7598800659, "dmean": 5.4222869873, "max": 137.386322021, "var": 132.273574829, "mean": 20.71941185}, "spectral_rms": {"dmean2": 0.00169898720924, "median": 0.00588175375015, "min": 3.19023323384e-12, "dvar2": 3.1302492971e-06, "dvar": 1.25036001464e-06, "dmean": 0.00107409607153, "max": 0.0170402787626, "var": 1.1984536286e-05, "mean": 0.00608820421621}, "zerocrossingrate": {"dmean2": 0.0368199273944, "median": 0.154296875, "min": 0.00732421875, "dvar2": 0.00115590216592, "dvar": 0.000758596288506, "dmean": 0.0289560295641, "max": 0.7490234375, "var": 0.00852189864963, "mean": 0.176248714328}, "silence_rate_60dB": {"dmean2": 0.0600910484791, "median": 0, "min": 0, "dvar2": 0.0672540143132, "dvar": 0.0291406475008, "dmean": 0.0300432443619, "max": 1, "var": 0.0999040082097, "mean": 0.112577758729}, "erbbands_kurtosis": {"dmean2": 1.17979490757, "median": -0.172510355711, "min": -1.67066633701, "dvar2": 6.40157461166, "dvar": 2.42093014717, "dmean": 0.718392193317, "max": 49.9059791565, "var": 4.27389144897, "mean": 0.259384959936}, "erbbands": {"dmean2": [0.779819071293, 3.12322616577, 7.38990354538, 10.5716304779, 16.9298152924, 13.8310279846, 17.0103912354, 20.741065979, 21.4391689301, 37.4340133667, 22.7550449371, 35.725025177, 18.2992515564, 26.890920639, 27.8783149719, 22.6417350769, 14.2361421585, 15.5602455139, 13.6146259308, 14.6360397339, 10.8461751938, 9.59597682953, 8.5344953537, 6.71844577789, 5.61574363708, 3.25926685333, 1.82677435875, 0.904459238052, 0.464392602444, 0.246341645718, 0.157025545835, 0.106555119157, 0.0754797458649, 0.0511755794287, 0.032001953572, 0.0178723223507, 0.00882610026747, 0.00532232830301, 0.00534267211333, 0.00398800661787], "median": [0.171245381236, 0.863969445229, 2.66288137436, 6.26398277283, 8.85028839111, 6.72309064865, 9.03392505646, 13.2081317902, 15.2696018219, 24.0233879089, 19.5811710358, 29.3766841888, 14.2337341309, 18.3959732056, 22.0835189819, 14.4371938705, 8.90825271606, 10.3100910187, 10.2700119019, 8.89191246033, 9.89478492737, 7.89373207092, 6.59062862396, 5.16632843018, 3.39781761169, 2.00210618973, 1.0019762516, 0.408000349998, 0.159513384104, 0.0879902839661, 0.0471072271466, 0.0216440223157, 0.0120708849281, 0.00814419891685, 0.00529670342803, 0.00326561485417, 0.00262875156477, 0.00278793694451, 0.00418758951128, 0.00536147598177], "min": [1.39376601067e-22, 7.74717449606e-22, 3.31824047986e-21, 2.42456589556e-20, 3.27134810369e-20, 4.51314007359e-20, 1.01464164672e-19, 6.31851862915e-20, 9.90629821383e-20, 3.49869352517e-19, 4.85039220758e-19, 6.09222708747e-19, 8.85393758354e-19, 7.3837703523e-19, 1.14081007091e-18, 2.10640571049e-18, 2.6866131464e-18, 2.46196681526e-18, 2.48388772188e-18, 5.32883647241e-18, 4.22198981707e-18, 7.66344704504e-18, 6.28700237573e-18, 8.41734359123e-18, 1.01075415892e-17, 8.89632666083e-18, 1.22240436594e-17, 1.44285196966e-17, 1.46649262613e-17, 1.33121377167e-17, 1.62248251148e-17, 1.36187603349e-17, 1.26983771468e-17, 1.01518817787e-17, 6.58652737067e-18, 4.2709431929e-18, 2.52447561338e-18, 9.97289788537e-19, 2.66616027857e-19, 3.03322542356e-20], "dvar2": [1.91366946697, 27.9678783417, 149.801956177, 205.267105103, 541.543212891, 411.354248047, 619.663269043, 790.757507324, 789.448120117, 2524.49975586, 955.927185059, 2074.31665039, 669.392211914, 1678.26220703, 1549.99938965, 1417.39501953, 557.587158203, 797.229370117, 509.179992676, 740.392333984, 280.196166992, 231.955596924, 211.445678711, 123.386184692, 121.524345398, 32.2539176941, 8.48325538635, 2.38017725945, 0.682007610798, 0.170926958323, 0.080421090126, 0.0427843146026, 0.0220634844154, 0.0101104993373, 0.00391806708649, 0.0012013578089, 0.000268381467322, 7.30470128474e-05, 7.49016326154e-05, 3.73488619516e-05], "dvar": [0.755331397057, 10.2665662766, 53.3375396729, 85.8356323242, 203.544906616, 151.988449097, 224.976638794, 292.427612305, 297.517303467, 1016.32617188, 355.409210205, 874.944641113, 250.81980896, 660.168579102, 589.224975586, 520.878967285, 205.728942871, 285.75579834, 193.293838501, 261.569000244, 99.7261657715, 82.8454666138, 77.7398986816, 43.0822982788, 47.3150520325, 11.7266044617, 3.15228438377, 0.955300033092, 0.284256458282, 0.0712908804417, 0.0327644087374, 0.0172632094473, 0.00889979302883, 0.00408004177734, 0.00158220657613, 0.000485410651891, 0.000108890191768, 3.15222896461e-05, 3.23233762174e-05, 1.48832377818e-05], "dmean": [0.489979803562, 1.85078680515, 4.36061191559, 6.58369016647, 10.1321401596, 8.14211463928, 9.97751140594, 12.364780426, 12.8369998932, 23.0891952515, 13.5972633362, 22.9409046173, 10.8586301804, 16.2657985687, 16.7487239838, 13.4547157288, 8.41516971588, 9.36722755432, 8.1645822525, 8.72214126587, 6.48000335693, 5.73762321472, 5.14587831497, 4.00091552734, 3.42271995544, 1.96824717522, 1.11547768116, 0.564192414284, 0.292473971844, 0.155214518309, 0.0966048017144, 0.0647664666176, 0.0458113104105, 0.0310644246638, 0.0194416716695, 0.0108783356845, 0.00542846508324, 0.00347351608798, 0.00355875724927, 0.00257685873657], "max": [10.2403488159, 46.1141166687, 111.018684387, 191.950653076, 193.890487671, 243.102676392, 358.999511719, 306.645965576, 253.58531189, 490.516082764, 317.236633301, 462.932098389, 258.802978516, 707.062866211, 569.784729004, 327.084960938, 258.74420166, 372.017974854, 403.581573486, 330.264190674, 173.597198486, 164.234558105, 160.631759644, 111.678688049, 117.277183533, 91.4119796753, 36.0903663635, 21.7581539154, 10.8656682968, 3.94652867317, 2.46251535416, 1.80356240273, 1.28365850449, 0.866814255714, 0.538909852505, 0.298750787973, 0.146152213216, 0.099151827395, 0.136544778943, 0.105956614017], "var": [1.24673366547, 20.0632343292, 117.904281616, 241.522323608, 378.261352539, 245.72479248, 295.456054688, 432.246154785, 514.566101074, 1762.55212402, 630.870422363, 2513.6496582, 465.659729004, 1527.44140625, 1130.46826172, 935.389709473, 412.351318359, 702.756408691, 661.508789062, 696.99987793, 398.147094727, 359.666259766, 333.377380371, 220.416229248, 158.17729187, 66.5724639893, 19.8233108521, 4.44733190536, 0.811067819595, 0.132939249277, 0.0410849004984, 0.0182900000364, 0.00908438302577, 0.00416549528018, 0.0016267739702, 0.000506195821799, 0.000127623221488, 9.34080017032e-05, 0.000290127238259, 0.000212452272535], "mean": [0.702583968639, 2.90044140816, 7.17897224426, 11.9355010986, 15.4896602631, 11.6959552765, 14.3694725037, 19.1381111145, 21.3551559448, 36.6219444275, 25.2801895142, 45.0023498535, 20.162771225, 29.9972515106, 30.817489624, 24.2721862793, 16.2191066742, 19.8100147247, 18.7811145782, 18.8793506622, 16.8431186676, 15.6059579849, 14.4346103668, 11.8097009659, 9.33279132843, 6.01487016678, 3.35422420502, 1.54594373703, 0.631121635437, 0.252793431282, 0.12061662972, 0.0678472295403, 0.0449509769678, 0.0304556824267, 0.0192856211215, 0.0110574373975, 0.00649941014126, 0.00719920825213, 0.0123159820214, 0.0113371070474]}, "spectral_strongpeak": {"dmean2": 1.49275052547, "median": 0.290159523487, "min": 0, "dvar2": 148.174545288, "dvar": 51.6785087585, "dmean": 0.818410396576, "max": 283.127929688, "var": 39.1336708069, "mean": 0.813523054123}, "spectral_energy": {"dmean2": 0.0270750448108, "median": 0.0354599058628, "min": 1.04320278771e-20, "dvar2": 0.00132118375041, "dvar": 0.000499822024722, "dmean": 0.0167253836989, "max": 0.297630399466, "var": 0.00217668386176, "mean": 0.0502770394087}, "average_loudness": 0.652542829514, "spectral_rolloff": {"dmean2": 3442.32592773, "median": 925.927734375, "min": 43.06640625, "dvar2": 64353220, "dvar": 25138802, "dmean": 1812.75231934, "max": 22050, "var": 53611676, "mean": 4067.12573242}, "spectral_centroid": {"dmean2": 251.651519775, "median": 806.4765625, "min": 170.126937866, "dvar2": 90894.6640625, "dvar": 48625.7734375, "dmean": 160.649749756, "max": 11185.4785156, "var": 275169.0625, "mean": 885.163635254}, "pitch_salience": {"dmean2": 0.14085714519, "median": 0.60504257679, "min": 0.0295792892575, "dvar2": 0.0138566950336, "dvar": 0.0057298541069, "dmean": 0.0873471647501, "max": 0.991575956345, "var": 0.0152329457924, "mean": 0.587475180626}, "spectral_energyband_middle_high": {"dmean2": 0.00178731186315, "median": 0.00279295886867, "min": 1.22687424415e-21, "dvar2": 5.81220547247e-06, "dvar": 2.31121066463e-06, "dmean": 0.00111806113273, "max": 0.0277836080641, "var": 1.77401125256e-05, "mean": 0.00425069686025}, "spectral_contrast_coeffs": {"dmean2": [0.0934856534004, 0.0788302645087, 0.0590603165329, 0.0424169786274, 0.033753477037, 0.0698456466198], "median": [-0.660777151585, -0.78558588028, -0.805758357048, -0.827791810036, -0.816204249859, -0.781268894672], "min": [-0.971019804478, -0.982863366604, -0.983419239521, -0.986753165722, -0.977666497231, -0.963353395462], "dvar2": [0.00565482582897, 0.00369305233471, 0.00204430101439, 0.00110576010775, 0.000822662957944, 0.00390145322308], "dvar": [0.0020950587932, 0.00130119954702, 0.000714990717825, 0.000389716675272, 0.000320329330862, 0.00156027951743], "dmean": [0.0568471848965, 0.0467168018222, 0.0349291861057, 0.024893026799, 0.0205475892872, 0.0436859466136], "max": [-0.359623193741, -0.540854334831, -0.640324950218, -0.683585822582, -0.702751755714, -0.506644248962], "var": [0.00755575438961, 0.00287393480539, 0.00202764221467, 0.00109564804006, 0.00107321550604, 0.00518199661747], "mean": [-0.662251472473, -0.784997463226, -0.806577265263, -0.82803529501, -0.821203589439, -0.770942032337]}, "melbands_skewness": {"dmean2": 1.19551324844, "median": 2.38569068909, "min": -1.1978263855, "dvar2": 1.88645792007, "dvar": 0.984946548939, "dmean": 0.768342971802, "max": 27.8973350525, "var": 3.27051854134, "mean": 2.67902946472}, "spectral_spread": {"dmean2": 765927.1875, "median": 3067200, "min": 769977.75, "dvar2": 824295948288, "dvar": 383716261888, "dmean": 475241.4375, "max": 41605064, "var": 1803863064580.0, "mean": 3216816.75}, "dissonance": {"dmean2": 0.0326961539686, "median": 0.474614351988, "min": 0.220798701048, "dvar2": 0.00108068564441, "dvar": 0.000384221901186, "dmean": 0.019207008183, "max": 0.500000178814, "var": 0.000672124850098, "mean": 0.467787593603}, "spectral_skewness": {"dmean2": 0.576839625835, "median": 2.69210839272, "min": -0.0373875647783, "dvar2": 0.529620707035, "dvar": 0.214642032981, "dmean": 0.362115472555, "max": 10.3694591522, "var": 0.962674915791, "mean": 2.9465637207}, "spectral_flux": {"dmean2": 0.041912663728, "median": 0.101603865623, "min": 6.44848965892e-11, "dvar2": 0.00204058387317, "dvar": 0.000792255217675, "dmean": 0.0256780590862, "max": 0.376850157976, "var": 0.00382701586932, "mean": 0.105569884181}, "spectral_contrast_valleys": {"dmean2": [0.692346155643, 0.630681157112, 0.548331558704, 0.440901607275, 0.419870406389, 1.15975368023], "median": [-6.53366184235, -5.90413093567, -6.53406572342, -7.19221782684, -7.50537204742, -11.2798547745], "min": [-27.9741439819, -27.4926109314, -27.6378898621, -27.2984752655, -27.4971733093, -27.3864784241], "dvar2": [0.332880854607, 0.309824794531, 0.267182976007, 0.180873662233, 0.215862154961, 0.956205010414], "dvar": [0.154134586453, 0.133757486939, 0.1138093099, 0.0860871598125, 0.107218272984, 0.369972467422], "dmean": [0.429949492216, 0.381915330887, 0.333179801702, 0.279840558767, 0.276395440102, 0.734700322151], "max": [-4.69665765762, -4.45808410645, -5.21721696854, -5.65489912033, -6.00453662872, -8.86512184143], "var": [2.51465058327, 1.88957953453, 1.81713104248, 1.8417352438, 2.10529994965, 1.67876648903], "mean": [-6.95509958267, -6.26493692398, -6.8783698082, -7.53927278519, -7.83835744858, -11.4690666199]}, "erbbands_flatness_db": {"dmean2": 0.0350058190525, "median": 0.158671244979, "min": 0.0290669724345, "dvar2": 0.000977886025794, "dvar": 0.000374531373382, "dmean": 0.0221268478781, "max": 0.374325454235, "var": 0.00136546872091, "mean": 0.162958845496}, "spectral_energyband_high": {"dmean2": 0.000138911316753, "median": 0.000123967562104, "min": 7.68347068368e-21, "dvar2": 4.11410923107e-08, "dvar": 1.7080692416e-08, "dmean": 9.04349435586e-05, "max": 0.00391763355583, "var": 2.07947863373e-07, "mean": 0.000346828455804}, "spectral_entropy": {"dmean2": 0.251401484013, "median": 7.40528774261, "min": 5.08764028549, "dvar2": 0.0664794743061, "dvar": 0.0266656372696, "dmean": 0.156384110451, "max": 9.81013393402, "var": 0.13456736505, "mean": 7.33035993576}, "silence_rate_20dB": {"dmean2": 0, "median": 1, "min": 1, "dvar2": 0, "dvar": 0, "dmean": 0, "max": 1, "var": 0, "mean": 1}, "melbands_flatness_db": {"dmean2": 0.0545146204531, "median": 0.27307343483, "min": 4.14984715462e-05, "dvar2": 0.00207941001281, "dvar": 0.000923083396628, "dmean": 0.034760389477, "max": 0.669369876385, "var": 0.00336820655502, "mean": 0.27510869503}, "barkbands": {"dmean2": [0.00539530348033