{"tonal": {"thpcp": [1, 0.665481984615, 0.315189659595, 0.268816262484, 0.259203076363, 0.29572686553, 0.450466811657, 0.657075762749, 0.823140621185, 0.940161645412, 0.956423819065, 0.809802472591, 0.629520475864, 0.530903577805, 0.460831910372, 0.413681209087, 0.383147001266, 0.365211457014, 0.390584796667, 0.451073139906, 0.555624067783, 0.717812359333, 0.738224625587, 0.584127485752, 0.570920228958, 0.617813289165, 0.555243968964, 0.532264709473, 0.586503088474, 0.602509975433, 0.561548948288, 0.531699419022, 0.50184828043, 0.501752078533, 0.546067416668, 0.798566520214], "hpcp": {"dmean2": [0.330726832151, 0.28187033534, 0.2438980937, 0.228649839759, 0.21408161521, 0.204695388675, 0.218068420887, 0.251427978277, 0.301362156868, 0.327893704176, 0.311329334974, 0.290983974934, 0.265302300453, 0.256298810244, 0.262264281511, 0.259211272001, 0.2784050107, 0.291186571121, 0.276157051325, 0.25255215168, 0.235262319446, 0.227733656764, 0.225092977285, 0.284971565008, 0.344845294952, 0.25196313858, 0.166769519448, 0.138364270329, 0.128289997578, 0.150323092937, 0.230715826154, 0.342550635338, 0.471107035875, 0.501456975937, 0.421171486378, 0.360671520233], "median": [0.0367703549564, 0.0253021549433, 0.0235096886754, 0.0224600769579, 0.020858226344, 0.0211348384619, 0.0223442520946, 0.0229064822197, 0.0262511745095, 0.033860810101, 0.033718187362, 0.0306729897857, 0.0344544872642, 0.0380767695606, 0.0337875261903, 0.0314282178879, 0.0315686240792, 0.0308445151895, 0.0303765106946, 0.0307377520949, 0.0318551212549, 0.033213313669, 0.0342963375151, 0.040511470288, 0.0340835303068, 0.0272002406418, 0.0194222740829, 0.0177412647754, 0.0185635685921, 0.0205977093428, 0.0244879741222, 0.0287960898131, 0.0314310751855, 0.0348544046283, 0.0445712767541, 0.0484224893153], "min": [4.68068465125e-05, 0.000125531427329, 0.000330386508722, 0.0003104035859, 0.000206535420148, 0.000419212999986, 0.000571330019739, 0.000642324099317, 0.000103701284388, 0.00010919412307, 0.000200942216907, 0.000739991432056, 0.00145106529817, 0.00112523150165, 0.000313807395287, 0.000169455219293, 0.000137974115205, 0.000232468562899, 0.000231883925153, 0.000126004990307, 8.87370115379e-05, 8.64293033374e-05, 0.000178791815415, 0.000702455756254, 0.00113171467092, 0.00117550883442, 0.000152451219037, 0.000355320924427, 0.000409996486269, 0.000187842058949, 0.00013354793191, 0.000169506049133, 9.37685981626e-05, 4.33432505815e-05, 3.69188346667e-05, 4.02664736612e-05], "dvar2": [0.206300675869, 0.184743776917, 0.16142219305, 0.146553769708, 0.140612080693, 0.131861552596, 0.151356548071, 0.167788371444, 0.200832426548, 0.201758414507, 0.201050043106, 0.17928750813, 0.146342262626, 0.141287431121, 0.15921792388, 0.159547746181, 0.176226183772, 0.188099592924, 0.173729896545, 0.15886387229, 0.137061208487, 0.123580761254, 0.123312391341, 0.136573269963, 0.195725768805, 0.124657973647, 0.100843302906, 0.0777198597789, 0.0634729340672, 0.0769053921103, 0.134069219232, 0.205402836204, 0.272615015507, 0.267201185226, 0.231736108661, 0.198349803686], "dvar": [0.0720757171512, 0.0635233595967, 0.0557202398777, 0.0502063184977, 0.0481982603669, 0.0449314825237, 0.05248073861, 0.0580777339637, 0.0698689818382, 0.0702350065112, 0.0705648809671, 0.0631813928485, 0.052397955209, 0.0508612766862, 0.0566738136113, 0.0572680011392, 0.06320232898, 0.0683740377426, 0.062388420105, 0.0566749349236, 0.0498493202031, 0.0452520698309, 0.0448361337185, 0.0530870296061, 0.0838087424636, 0.0474691577256, 0.0347808375955, 0.0269478447735, 0.0222199000418, 0.0270181391388, 0.0482021309435, 0.0767299756408, 0.10797315836, 0.108721546829, 0.0895845070481, 0.0735645443201], "dmean": [0.177032336593, 0.149533614516, 0.128491342068, 0.119614437222, 0.112123683095, 0.107271589339, 0.113895557821, 0.131585150957, 0.159532189369, 0.176006823778, 0.168481230736, 0.156321138144, 0.143287777901, 0.13965292275, 0.142338246107, 0.140453994274, 0.151056796312, 0.157841846347, 0.14896042645, 0.135641098022, 0.127258881927, 0.124250650406, 0.122982300818, 0.154655754566, 0.183884352446, 0.134039357305, 0.0881713926792, 0.0737435594201, 0.0685208663344, 0.0800103023648, 0.122856736183, 0.182242125273, 0.249482557178, 0.269400030375, 0.231328979135, 0.197540834546], "max": [1, 1, 1, 1, 1, 1, 1, 1, 1, 1, 1, 1, 1, 1, 1, 1, 1, 1, 1, 1, 1, 1, 1, 1, 1, 1, 1, 1, 1, 1, 1, 1, 1, 1, 1, 1], "var": [0.0518760681152, 0.0449175462127, 0.037760797888, 0.0318468622863, 0.0299238748848, 0.0272960737348, 0.0319342575967, 0.037168931216, 0.0478519648314, 0.0619581639767, 0.0684650242329, 0.0460814610124, 0.0422181934118, 0.0478002689779, 0.0422427356243, 0.0419477596879, 0.0491661094129, 0.0521779432893, 0.0454405359924, 0.0432662963867, 0.0371205620468, 0.03492616117, 0.041049785912, 0.0600455403328, 0.111445561051, 0.0521458648145, 0.0211660433561, 0.0164858549833, 0.013748081401, 0.0166914574802, 0.0337056517601, 0.0592551268637, 0.0808569714427, 0.0898655951023, 0.0889430567622, 0.0663071498275], "mean": [0.128376618028, 0.108265914023, 0.0939763635397, 0.0843610316515, 0.0781342610717, 0.074476711452, 0.0796510353684, 0.0919862762094, 0.113307103515, 0.146381780505, 0.150544404984, 0.119119741023, 0.116426415741, 0.125989198685, 0.113229587674, 0.108543477952, 0.119604185224, 0.122868441045, 0.114515349269, 0.10842821002, 0.102340728045, 0.102321118116, 0.111358240247, 0.162849783897, 0.203927636147, 0.135710164905, 0.0642758831382, 0.0548190623522, 0.0528586730361, 0.0603068806231, 0.0918626338243, 0.133995905519, 0.167861118913, 0.191724941134, 0.195041254163, 0.165141105652]}, "tuning_equal_tempered_deviation": 0.282668620348, "chords_changes_rate": 0.0804544389248, "key_key": "C#", "tuning_diatonic_strength": 0.62142431736, "key_scale": "major", "chords_number_rate": 0.00208671460859, "tuning_frequency": 434.193115234, "tuning_nontempered_energy_ratio": 0.906519532204, "chords_histogram": [4.75307226181, 3.19962906837, 19.9629020691, 3.40830039978, 0, 0, 0.255042880774, 0.185485735536, 0.718757271767, 1.85485744476, 2.45768594742, 0, 0.510085761547, 0.023185716942, 0, 0, 1.25202870369, 58.7989807129, 0, 1.9244145155, 0, 0, 0, 0.695571541786], "key_strength": 0.538119792938, "chords_key": "C#", "chords_strength": {"dmean2": 0.0180017072707, "median": 0.559348881245, "min": 0.261386454105, "dvar2": 0.000218057757593, "dvar": 0.000119446020108, "dmean": 0.0137414671481, "max": 0.782591462135, "var": 0.0104570873082, "mean": 0.549861550331}, "chords_scale": "minor", "hpcp_entropy": {"dmean2": 1.22930169106, "median": 3.10781359673, "min": 0.0950052216649, "dvar2": 0.918812870979, "dvar": 0.324763894081, "dmean": 0.721746087074, "max": 4.65861558914, "var": 0.576599657536, "mean": 3.02079439163}}, "metadata": {"audio_properties": {"equal_loudness": 0, "codec": "flac", "downmix": "mix", "sample_rate": 44100, "analysis_sample_rate": 44100, "bit_rate": 0, "md5_encoded": "de1ce51ce7f20384999fadea78254c9e", "length": 200.240005493, "replay_gain": -14.9538993835, "lossless": true}, "version": {"essentia_build_sha": "70f2e5ece6736b2c40cc944ad0e695b16b925413", "essentia": "2.1-beta2", "extractor": "music 1.0", "essentia_git_sha": "v2.1_beta2"}, "tags": {"title": ["Last Mistake"], "barcode": ["745316025926"], "media": ["CD"], "albumartist": ["The Berzerker"], "tracktotal": ["14"], "musicbrainz_releasegroupid": ["d85b5d9c-23ca-308a-8f2c-eb2e6c0b89c0"], "releasetype": ["album"], "musicbrainz_recordingid": ["0fac3f5b-4169-4f57-acf3-f555af72876c"], "musicbrainz_albumartistid": ["c064d097-4a1e-4e81-bd6f-22ba86ee2904"], "discnumber": ["1"], "album": ["Dissimulate"], "catalognumber": ["MOSH 259 CD"], "releasecountry": ["US"], "originaldate": ["2002-08-26"], "albumartistsort": ["Berzerker, The"], "date": ["2002-08-27"], "file_name": "08. Last Mistake.flac", "disctotal": ["1"], "musicbrainz_artistid": ["c064d097-4a1e-4e81-bd6f-22ba86ee2904"], "asin": ["B00006FI7A"], "musicbrainz_albumid": ["e1100797-7444-3c6c-9f86-1184f856c785"], "tracknumber": ["8"], "artistsort": ["Berzerker, The"], "artist": ["The Berzerker"], "label": ["Earache Records"], "releasestatus": ["official"], "totaldiscs": ["1"], "script": ["Latn"], "totaltracks": ["14"]}}, "rhythm": {"bpm_histogram_first_peak_bpm": {"dmean2": 0, "median": 96, "min": 96, "dvar2": 0, "dvar": 0, "dmean": 0, "max": 96, "var": 0, "mean": 96}, "bpm": 96.3049163818, "bpm_histogram_second_peak_spread": {"dmean2": 0, "median": 0.26530611515, "min": 0.26530611515, "dvar2": 0, "dvar": 0, "dmean": 0, "max": 0.26530611515, "var": 0, "mean": 0.26530611515}, "bpm_histogram_first_peak_weight": {"dmean2": 0, "median": 0.286144584417, "min": 0.286144584417, "dvar2": 0, "dvar": 0, "dmean": 0, "max": 0.286144584417, "var": 0, "mean": 0.286144584417}, "onset_rate": 3.36062288284, "beats_position": [0.626938760281, 1.26548755169, 1.90403628349, 2.55419492722, 3.21596360207, 3.87773227692, 4.53950119019, 5.20126962662, 5.86303853989, 6.52480697632, 7.17496585846, 7.83673477173, 8.498503685, 9.14866161346, 9.78721046448, 10.4257593155, 11.0526981354, 11.6912469864, 12.3297958374, 12.9683446884, 13.5952835083, 14.2338323593, 14.8607711792, 15.4877090454, 16.1262588501, 16.7648067474, 17.391746521, 18.0186843872, 18.6572322845, 19.2957820892, 19.9227199554, 20.549659729, 21.1882076263, 21.826757431, 22.4769153595, 23.1270751953, 23.7656230927, 24.4157810211, 25.0543308258, 25.681268692, 26.3082084656, 26.9351463318, 27.5620861053, 28.1890239716, 28.8159637451, 29.4545116425, 30.0930614471, 30.7432193756, 31.3817672729, 32.0319252014, 32.6704750061, 33.3090248108, 33.935962677, 34.5512924194, 35.1782302856, 35.8051681519, 36.4204978943, 37.0358276367, 37.6511573792, 38.2664833069, 38.8934249878, 39.520362854, 40.1356925964, 40.7626304626, 41.3895683289, 42.0165061951, 42.6318359375, 43.2587738037, 43.8857116699, 44.5010414124, 45.1163711548, 45.743309021, 46.3702468872, 46.9971885681, 47.6125144958, 48.2394561768, 48.8547821045, 49.4817237854, 50.0970497131, 50.7123794556, 51.3393173218, 51.9662590027, 52.5699768066, 53.1853065491, 53.8006324768, 54.4159622192, 55.0312919617, 55.6466217041, 56.2619476318, 56.8772773743, 57.4926071167, 58.0963249207, 58.7116546631, 59.3269844055, 59.9539222717, 60.5692520142, 61.1845779419, 61.7999076843, 62.4152374268, 63.0305671692, 63.6458930969, 64.2612228394, 64.8765487671, 65.4918823242, 66.107208252, 66.7225418091, 67.3378677368, 67.9531936646, 68.5685272217, 69.1722412109, 69.7759628296, 70.3564605713, 70.936958313, 71.5058517456, 72.0863494873, 72.6784591675, 73.2705688477, 73.8626708984, 74.4663925171, 75.0701141357, 75.673828125, 76.2659378052, 76.8580474854, 77.461769104, 78.0654830933, 78.6692047119, 79.2729263306, 79.8766403198, 80.46875, 81.0608596802, 81.6645812988, 82.2682952881, 82.8720169067, 83.4757385254, 84.0794525146, 84.6831741333, 85.2868881226, 85.8789978027, 86.4827194214, 87.08644104, 87.7017669678, 88.328704834, 88.9440383911, 89.5941925049, 90.2327423096, 90.8596801758, 91.486618042, 92.1135559082, 92.7521057129, 93.3906555176, 94.0175933838, 94.64453125, 95.2830810547, 95.9216308594, 96.5485687256, 97.1755065918, 97.802444458, 98.4409942627, 99.0795440674, 99.6948699951, 100.321815491, 100.948753357, 101.587303162, 102.225845337, 102.864395142, 103.491333008, 104.118278503, 104.74521637, 105.383758545, 106.02230835, 106.649246216, 107.276191711, 107.903129578, 108.541679382, 109.180221558, 109.830383301, 110.480545044, 111.142311096, 111.792472839, 112.431015015, 113.05796051, 113.684898376, 114.311836243, 114.938774109, 115.565711975, 116.192649841, 116.819587708, 117.434921265, 118.050247192, 118.677185059, 119.292518616, 119.919456482, 120.53478241, 121.150108337, 121.765441895, 122.392379761, 123.019317627, 123.634643555, 124.261581421, 124.888526917, 125.515464783, 126.13079071, 126.757728577, 127.384666443, 128, 128.615325928, 129.242263794, 129.86920166, 130.496139526, 131.123077393, 131.73840332, 132.353744507, 132.980682373, 133.596008301, 134.164901733, 134.722167969, 135.291061401, 135.859954834, 136.428848267, 137.067382812, 137.694335938, 138.321273804, 138.94821167, 139.586761475, 140.236907959, 140.875457764, 141.50239563, 142.129333496, 142.756271362, 143.383224487, 144.010162354, 144.625488281, 145.240814209, 145.867752075, 146.494689941, 147.121627808, 147.748565674, 148.363891602, 148.979232788, 149.594558716, 150.221496582, 150.848434448, 151.463760376, 152.090698242, 152.717636108, 153.332962036, 153.959899902, 154.575241089, 155.202178955, 155.829116821, 156.456054688, 157.071380615, 157.686706543, 158.313644409, 158.928970337, 159.544311523, 160.17124939, 160.774963379, 161.378677368, 161.994003296, 162.620956421, 163.236282349, 163.863220215, 164.490158081, 165.09387207, 165.69758606, 166.301315308, 166.905029297, 167.508743286, 168.112472534, 168.716186523, 169.319900513, 169.923629761, 170.515731812, 171.107849121, 171.71156311, 172.3152771, 172.919006348, 173.522720337, 174.126434326, 174.730148315, 175.333877563, 175.925979614, 176.518096924, 176.994094849, 177.470108032, 177.946121216, 178.433731079, 178.909744263, 179.374145508, 179.838546753, 180.314559937, 180.790557861, 181.266571045, 181.742584229, 182.206985474, 182.682983398, 183.158996582, 183.646621704, 184.111022949, 184.575408936, 185.051422119, 185.527435303, 185.991836548, 186.467849731, 186.943847656, 187.41986084, 187.895874023, 188.360275269, 188.836273193, 189.312286377, 189.788299561, 190.264297485, 190.740310669, 191.216323853, 191.680725098, 192.145126343, 192.621124268, 193.097137451, 193.573150635, 194.049163818, 194.525161743, 195.001174927, 195.465576172, 195.941589355, 196.41758728, 196.893600464, 197.369613647, 197.845626831, 198.310012817, 198.786026001, 199.262039185, 199.738052368], "beats_loudness": {"dmean2": 0.035442840308, "median": 0.0614852420986, "min": 0.0117050679401, "dvar2": 0.000777585722972, "dvar": 0.000248607830144, "dmean": 0.0203443448991, "max": 0.121359147131, "var": 0.000366104126442, "mean": 0.0621434748173}, "danceability": 1.28210330009, "bpm_histogram_second_peak_weight": {"dmean2": 0, "median": 0.108433738351, "min": 0.108433738351, "dvar2": 0, "dvar": 0, "dmean": 0, "max": 0.108433738351, "var": 0, "mean": 0.108433738351}, "beats_count": 333, "bpm_histogram_second_peak_bpm": {"dmean2": 0, "median": 126, "min": 126, "dvar2": 0, "dvar": 0, "dmean": 0, "max": 126, "var": 0, "mean": 126}, "bpm_histogram_first_peak_spread": {"dmean2": 0, "median": 0.624505937099, "min": 0.624505937099, "dvar2": 0, "dvar": 0, "dmean": 0, "max": 0.624505937099, "var": 0, "mean": 0.624505937099}, "beats_loudness_band_ratio": {"dmean2": [0.241949096322, 0.128178372979, 0.0923117846251, 0.0847165882587, 0.0566517971456, 0.0467983670533], "median": [0.699627816677, 0.074214592576, 0.0324000306427, 0.0626083090901, 0.0722415074706, 0.0499554909766], "min": [0.125668376684, 0.00871535297483, 0.0023663083557, 0.00573760224506, 0.0141285639256, 0.00327088707127], "dvar2": [0.0362784191966, 0.0135334767401, 0.010465214029, 0.0065907035023, 0.00250308401883, 0.00225388351828], "dvar": [0.0128913717344, 0.00474304007366, 0.00442541996017, 0.00223086006008, 0.000807410979178, 0.000751080282498], "dmean": [0.14198346436, 0.0709947943687, 0.0550191216171, 0.0471089072526, 0.0332719013095, 0.0268300846219], "max": [0.915524840355, 0.597336769104, 0.441875427961, 0.316799819469, 0.221689686179, 0.227205976844], "var": [0.0195750445127, 0.00480861961842, 0.00602861493826, 0.00246687117033, 0.00106149038766, 0.000746562844142], "mean": [0.675929009914, 0.0930876508355, 0.0673779845238, 0.0728269442916, 0.0754188299179, 0.054353967309]}}, "lowlevel": {"barkbands_spread": {"dmean2": 11.5200567245, "median": 26.2114601135, "min": 0.35469263792, "dvar2": 92.0556030273, "dvar": 35.9643363953, "dmean": 7.11650419235, "max": 85.0682678223, "var": 79.6011810303, "mean": 26.4506378174}, "melbands_spread": {"dmean2": 10.6647500992, "median": 16.8107070923, "min": 0.197810664773, "dvar2": 102.059875488, "dvar": 40.6350097656, "dmean": 6.60475444794, "max": 167.399871826, "var": 83.2443389893, "mean": 18.196187973}, "hfc": {"dmean2": 12.6384782791, "median": 33.8920097351, "min": 0.00054077495588, "dvar2": 153.920852661, "dvar": 65.0545425415, "dmean": 8.20100021362, "max": 125.909980774, "var": 179.591293335, "mean": 35.4704208374}, "barkbands_kurtosis": {"dmean2": 5.12450885773, "median": 3.06549978256, "min": -1.83723974228, "dvar2": 168.645050049, "dvar": 66.1849060059, "dmean": 3.20135068893, "max": 579.651123047, "var": 66.381942749, "mean": 4.48862886429}, "gfcc": {"mean": [78.4932785034, 71.6103820801, -103.945327759, 52.2110939026, -33.2998390198, 20.1077060699, -25.2497520447, 16.9348335266, -22.0766677856, -2.85770797729, -15.6379785538, 2.91551613808, -10.3545894623], "icov": [[0.00161446270067, 0.000496538879815, -0.00072304654168, 0.00207137619145, 0.000326125416905, -0.00108522095252, 0.000182411953574, 0.000705091224518, -0.000746375822928, -0.000144082863699, 0.000655466632452, -0.00107068219222, 0.000396788236685], [0.000496538879815, 0.00790562015027, -0.000229593992117, 0.000112641122541, -0.000793744227849, 0.00715554505587, -0.00458641350269, 0.00216120341793, -0.00595863070339, 0.00630731415004, -0.0055563938804, 0.00404592324048, -0.00341460388154], [-0.00072304654168, -0.000229593992117, 0.00865998677909, -0.00317324558273, -0.00163682759739, -0.00315028894693, 0.00449474900961, -0.00323234428652, -0.000384251499781, -0.00233293999918, 0.00411098683253, -0.00533907627687, 0.00458146957681], [0.00207137619145, 0.000112641122541, -0.00317324558273, 0.0201907027513, -0.00712797092274, -0.00541404634714, 0.00497200572863, 0.00633171619847, -0.00791729893535, 0.00552030652761, -0.00782031286508, 0.00888919644058, -0.00595831824467], [0.000326125416905, -0.000793744227849, -0.00163682759739, -0.00712797092274, 0.0103447856382, 0.00125419406686, -0.00545213371515, -0.00108760269359, 0.00666098343208, -0.00166584597901, -1.80849929166e-05, -0.00343615049496, 0.00191751762759], [-0.00108522095252, 0.00715554505587, -0.00315028894693, -0.00541404634714, 0.00125419406686, 0.0265174154192, -0.0122020272538, -0.00429344456643, 0.00424922257662, 0.0035021181684, -0.00451884558424, 0.002256172942, -0.00395095022395], [0.000182411953574, -0.00458641350269, 0.00449474900961, 0.00497200572863, -0.00545213371515, -0.0122020272538, 0.0296128951013, -0.00605882285163, -0.0106432912871, 0.0055809984915, 0.00394775904715, -0.00358485733159, 0.000875070574693], [0.000705091224518, 0.00216120341793, -0.00323234428652, 0.00633171619847, -0.00108760269359, -0.00429344456643, -0.00605882285163, 0.0287793017924, -0.0172531232238, -0.00458777602762, 0.009137397632, -0.0025258178357, 0.00132108666003], [-0.000746375822928, -0.00595863070339, -0.000384251499781, -0.00791729893535, 0.00666098343208, 0.00424922257662, -0.0106432912871, -0.0172531232238, 0.0480812750757, -0.0202322602272, -0.00691530900076, 0.0114415585995, -0.00492436997592], [-0.000144082863699, 0.00630731415004, -0.00233293999918, 0.00552030652761, -0.00166584597901, 0.0035021181684, 0.0055809984915, -0.00458777602762, -0.0202322602272, 0.0468259379268, -0.0229933317751, -0.00887274928391, 0.00890840031207], [0.000655466632452, -0.0055563938804, 0.00411098683253, -0.00782031286508, -1.80849929166e-05, -0.00451884558424, 0.00394775904715, 0.009137397632, -0.00691530900076, -0.0229933317751, 0.0538791529834, -0.0227490719408, -0.000542327237781], [-0.00107068219222, 0.00404592324048, -0.00533907627687, 0.00888919644058, -0.00343615049496, 0.002256172942, -0.00358485733159, -0.0025258178357, 0.0114415585995, -0.00887274928391, -0.0227490719408, 0.0529797077179, -0.0262147355825], [0.000396788236685, -0.00341460388154, 0.00458146957681, -0.00595831824467, 0.00191751762759, -0.00395095022395, 0.000875070574693, 0.00132108666003, -0.00492436997592, 0.00890840031207, -0.000542327237781, -0.0262147355825, 0.0407831408083]], "cov": [[1436.11437988, -500.89239502, 227.02684021, -299.829376221, -199.867126465, 136.118896484, -30.8569793701, 136.413742065, -19.2558574677, 111.73752594, -59.7518692017, 83.6837005615, -80.1269073486], [-500.89239502, 493.748504639, -168.002487183, 123.027145386, 72.9789505005, -119.271087646, 51.3570823669, -76.2107162476, 51.0057983398, -71.5489196777, 41.47631073, -52.0900764465, 58.2968406677], [227.02684021, -168.002487183, 237.364059448, -13.4624156952, 20.2076282501, 61.4354782104, -26.0575370789, 52.2628555298, -5.89888334274, 45.7643432617, -9.82113075256, 32.3656311035, -31.0741100311], [-299.829376221, 123.027145386, -13.4624156952, 168.512832642, 109.3515625, -12.3714694977, -1.56349885464, -54.5515937805, 2.40280771255, -32.2511749268, 29.3319778442, -18.2584228516, 30.7987041473], [-199.867126465, 72.9789505005, 20.2076282501, 109.3515625, 197.426330566, 1.74553203583, 17.9095649719, -29.592206955, -14.6053447723, -19.7731723785, 19.8985805511, 4.30012178421, 18.8058834076], [136.118896484, -119.271087646, 61.4354782104, -12.3714694977, 1.74553203583, 88.4430618286, 15.6183214188, 34.2966003418, -6.69853115082, 13.0572013855, -8.65371227264, 15.8250055313, -6.58336544037], [-30.8569793701, 51.3570823669, -26.0575370789, -1.56349885464, 17.9095649719, 15.6183214188, 71.2777175903, 26.4120559692, 25.2355079651, -7.17738437653, -2.60551738739, -4.50401544571, 7.27008247375], [136.413742065, -76.2107162476, 52.2628555298, -54.5515937805, -29.592206955, 34.2966003418, 26.4120559692, 97.4433746338, 35.5317344666, 37.163482666, -12.3515062332, 10.4831123352, -17.8115596771], [-19.2558574677, 51.0057983398, -5.89888334274, 2.40280771255, -14.6053447723, -6.69853115082, 25.2355079651, 35.5317344666, 62.7800979614, 26.8087272644, 16.3002357483, -2.58430480957, 4.09696674347], [111.73752594, -71.5489196777, 45.7643432617, -32.2511749268, -19.7731723785, 13.0572013855, -7.17738437653, 37.163482666, 26.8087272644, 71.1627655029, 24.5940589905, 29.5375080109, -8.7797088623], [-59.7518692017, 41.47631073, -9.82113075256, 29.3319778442, 19.8985805511, -8.65371227264, -2.60551738739, -12.3515062332, 16.3002357483, 24.5940589905, 53.3388519287, 24.630241394, 21.2618904114], [83.6837005615, -52.0900764465, 32.3656311035, -18.2584228516, 4.30012178421, 15.8250055313, -4.50401544571, 10.4831123352, -2.58430480957, 29.5375080109, 24.630241394, 56.3447799683, 19.390127182], [-80.1269073486, 58.2968406677, -31.0741100311, 30.7987041473, 18.8058834076, -6.58336544037, 7.27008247375, -17.8115596771, 4.09696674347, -8.7797088623, 21.2618904114, 19.390127182, 52.2287216187]]}, "spectral_energyband_middle_low": {"dmean2": 0.0131981093436, "median": 0.011803874746, "min": 7.3479683449e-10, "dvar2": 0.000168020516867, "dvar": 6.19578640908e-05, "dmean": 0.00770449684933, "max": 0.0740727633238, "var": 8.13415826997e-05, "mean": 0.0141786076128}, "melbands_crest": {"dmean2": 6.7041516304, "median": 19.6822910309, "min": 4.56824398041, "dvar2": 29.0281028748, "dvar": 9.88019752502, "dmean": 4.05547380447, "max": 35.6440620422, "var": 20.7897262573, "mean": 19.5707740784}, "spectral_kurtosis": {"dmean2": 1.13930606842, "median": 3.37398958206, "min": 0.0992305278778, "dvar2": 1.52090084553, "dvar": 0.518260538578, "dmean": 0.674587130547, "max": 17.5766544342, "var": 0.878319978714, "mean": 3.43345999718}, "spectral_rms": {"dmean2": 0.00180963147432, "median": 0.00809757970273, "min": 1.15467728392e-05, "dvar2": 2.24562177209e-06, "dvar": 8.04018441158e-07, "dmean": 0.00110826187301, "max": 0.0120088085532, "var": 1.81156394774e-06, "mean": 0.00797880534083}, "zerocrossingrate": {"dmean2": 0.010160417296, "median": 0.04638671875, "min": 0.0048828125, "dvar2": 7.11239918019e-05, "dvar": 4.41782140115e-05, "dmean": 0.0080123078078, "max": 0.1796875, "var": 0.000236502164626, "mean": 0.0471040531993}, "silence_rate_60dB": {"dmean2": 0.000463875679998, "median": 0, "min": 0, "dvar2": 0.000463683711132, "dvar": 0.000231857178733, "dmean": 0.00023191094806, "max": 1, "var": 0.00173594255466, "mean": 0.00173913047183}, "erbbands_kurtosis": {"dmean2": 0.924264848232, "median": -0.272282600403, "min": -1.79126679897, "dvar2": 0.813941597939, "dvar": 0.314256638288, "dmean": 0.561069786549, "max": 14.4696521759, "var": 0.691342949867, "mean": -0.135438576341}, "erbbands": {"dmean2": [0.754418551922, 7.17246866226, 11.932097435, 23.1111469269, 26.4428730011, 18.3117790222, 9.85016155243, 11.3326644897, 13.7347412109, 22.4424133301, 29.8621292114, 27.7757568359, 28.8106899261, 39.2377815247, 33.3420524597, 31.4449253082, 23.0985069275, 20.0794029236, 21.4451675415, 28.0254573822, 36.6407470703, 55.078037262, 33.9269981384, 28.7872829437, 22.9976959229, 18.9700984955, 13.1460094452, 11.1956224442, 8.80851364136, 6.73404169083, 5.09087514877, 4.0786113739, 2.69266247749, 1.47012472153, 0.663610219955, 0.262321740389, 0.0877296328545, 0.0209797360003, 0.0025736996904, 0.000170279992744], "median": [0.986191987991, 5.35948181152, 8.51204395294, 11.266462326, 11.104842186, 8.55549240112, 6.52021837234, 5.79538202286, 5.34389019012, 6.24899959564, 8.75809764862, 11.7215719223, 16.396232605, 18.6281261444, 22.3134880066, 27.1680831909, 22.22706604, 17.5090351105, 20.5755157471, 31.9938640594, 44.3171157837, 73.6449584961, 53.9463043213, 42.7625694275, 33.8480987549, 26.3826179504, 17.0441398621, 13.4155578613, 9.58640766144, 6.56940317154, 4.7652554512, 3.99053001404, 2.89677739143, 1.52803528309, 0.610128700733, 0.255345642567, 0.094805881381, 0.0215546749532, 0.00218929629773, 0.000187754150829], "min": [8.28828774502e-08, 2.18789708128e-07, 2.71134382501e-07, 2.77510878277e-07, 2.69526140073e-07, 6.49299636279e-07, 7.62315835345e-07, 8.05300487627e-07, 2.7448381843e-06, 1.56944850005e-06, 1.52938150677e-06, 3.48978528564e-06, 1.74795320618e-06, 1.29385978198e-06, 2.50945231528e-06, 9.81754419627e-06, 1.29543304865e-05, 1.10376031444e-05, 8.2471051428e-06, 3.04343575408e-05, 0.000270430900855, 6.32345036138e-05, 0.000221591006266, 0.000294396333629, 0.00225340039469, 0.00397498114035, 0.000319487997331, 0.000817271647975, 0.000421899429057, 2.98248760373e-05, 9.74013528321e-06, 1.4456880308e-05, 7.38005428502e-06, 1.84671298484e-05, 5.0403032219e-06, 1.37591825933e-06, 4.30639175875e-07, 2.14690373923e-07, 5.94924323138e-08, 3.88512511051e-09], "dvar2": [0.345840960741, 42.9783859253, 162.58164978, 591.60144043, 846.898742676, 383.914733887, 125.31703186, 254.394119263, 542.793395996, 2183.19433594, 4814.08056641, 3892.31274414, 2955.22338867, 3904.12768555, 2254.66430664, 1383.49279785, 649.496276855, 561.091003418, 595.343261719, 811.394226074, 2671.8371582, 2640.85302734, 988.088378906, 778.913574219, 541.723510742, 418.752685547, 202.980422974, 163.406600952, 130.921142578, 79.6819763184, 35.3207054138, 23.9234161377, 12.3792381287, 5.20660972595, 1.70907223225, 0.242672890425, 0.0133059713989, 0.000542944122571, 8.95385437616e-06, 3.69271617728e-08], "dvar": [0.192276537418, 17.7102565765, 60.3819694519, 215.177947998, 306.679443359, 139.169418335, 45.7825622559, 95.6003570557, 202.01348877, 820.359375, 1821.81921387, 1497.8560791, 1173.89868164, 1512.58740234, 829.87310791, 520.204406738, 244.287307739, 218.68862915, 241.862808228, 307.921905518, 943.952087402, 950.633361816, 360.236602783, 295.206268311, 215.340576172, 164.428787231, 80.4929885864, 65.6625137329, 49.4665565491, 30.3222751617, 13.7262887955, 9.35163784027, 5.10931444168, 2.11506295204, 0.708945393562, 0.0987169519067, 0.00532695045695, 0.000221666501602, 3.46456840816e-06, 1.43340264103e-08], "dmean": [0.539388239384, 4.66296386719, 7.23641824722, 13.1154127121, 14.8846759796, 10.4000415802, 5.77670669556, 6.67200613022, 8.18555545807, 13.4149093628, 18.0111179352, 16.6027030945, 17.4685916901, 23.4383869171, 19.3846206665, 18.6383285522, 13.7130308151, 11.9706668854, 12.7176189423, 16.5867519379, 21.5930194855, 32.7326812744, 20.4016780853, 17.345281601, 14.028755188, 11.5375375748, 8.12321949005, 6.85823631287, 5.39704942703, 4.08633804321, 3.08638834953, 2.46186876297, 1.62761437893, 0.888889670372, 0.401875942945, 0.159231558442, 0.054511193186, 0.0130959926173, 0.00153782498091, 9.90924381767e-05], "max": [3.61115169525, 28.5390338898, 82.1288833618, 129.740951538, 132.383575439, 164.580566406, 101.511283875, 191.108154297, 217.82749939, 451.177307129, 937.777404785, 842.256530762, 777.103942871, 766.954406738, 770.964294434, 428.60144043, 290.617767334, 443.937713623, 405.762573242, 310.212799072, 1512.37927246, 671.057861328, 256.815307617, 353.514007568, 378.215362549, 326.295837402, 165.963882446, 120.698974609, 162.558197021, 117.110198975, 53.5078926086, 66.9060745239, 69.2823257446, 37.0449981689, 20.8447418213, 8.13621044159, 1.91620016098, 0.237406224012, 0.0144630437717, 0.000930218899157], "var": [0.594152092934, 27.34532547, 78.0196456909, 215.584503174, 271.084533691, 144.033798218, 67.1566619873, 141.792984009, 296.109893799, 1325.43347168, 3403.70117188, 2514.5534668, 1973.91674805, 2506.83984375, 1192.98071289, 786.163208008, 384.272216797, 293.374389648, 372.344451904, 457.552062988, 969.077209473, 1544.88708496, 708.319519043, 524.977722168, 380.75479126, 257.234802246, 134.114562988, 124.097259521, 84.9718322754, 42.8977508545, 20.7048912048, 14.5412597656, 8.15447616577, 3.21544909477, 0.959005653858, 0.127721264958, 0.00851116143167, 0.000417228933657, 4.36698610429e-06, 1.60991362463e-08], "mean": [1.03229391575, 6.92599582672, 10.9761037827, 15.9706468582, 16.6234092712, 12.5935554504, 8.92813682556, 9.57397174835, 11.6456232071, 19.4869003296, 26.9920845032, 25.5742816925, 29.9218177795, 36.5249443054, 32.069442749, 34.03673172, 26.6226902008, 21.9636993408, 24.7436828613, 35.9547462463, 49.3190078735, 79.3808822632, 56.9083786011, 45.8709754944, 36.7858467102, 28.8513088226, 19.4752941132, 16.0244960785, 11.6933040619, 8.13614559174, 5.99533224106, 4.98999023438, 3.43094849586, 1.8670861721, 0.790835022926, 0.316810011864, 0.114587053657, 0.0266437139362, 0.00276688626036, 0.000216901011299]}, "spectral_strongpeak": {"dmean2": 0.334366321564, "median": 0.482809752226, "min": 0, "dvar2": 0.112552031875, "dvar": 0.0403983965516, "dmean": 0.198583185673, "max": 3.32792425156, "var": 0.0495771020651, "mean": 0.520657539368}, "spectral_energy": {"dmean2": 0.0299631096423, "median": 0.0672100633383, "min": 1.36661157057e-07, "dvar2": 0.000646984088235, "dvar": 0.00023138668621, "dmean": 0.0183145906776, "max": 0.147816762328, "var": 0.000430754444096, "mean": 0.0671096220613}, "average_loudness": 0.9848305583, "spectral_rolloff": {"dmean2": 951.06817627, "median": 753.662109375, "min": 64.599609375, "dvar2": 853662.3125, "dvar": 357535.96875, "dmean": 564.315490723, "max": 8634.81445312, "var": 604272.625, "mean": 923.228820801}, "spectral_centroid": {"dmean2": 489.512634277, "median": 1827.91430664, "min": 490.092407227, "dvar2": 158081.53125, "dvar": 59487.6210938, "dmean": 291.934173584, "max": 3915.84960938, "var": 150274.265625, "mean": 1803.62487793}, "pitch_salience": {"dmean2": 0.173487305641, "median": 0.489928156137, "min": 0.0511192083359, "dvar2": 0.0189959518611, "dvar": 0.00728693651035, "dmean": 0.108029648662, "max": 0.81270980835, "var": 0.01349055022, "mean": 0.487578064203}, "spectral_energyband_middle_high": {"dmean2": 0.00386159284972, "median": 0.00789802893996, "min": 1.00324996311e-07, "dvar2": 1.5961659301e-05, "dvar": 6.65331344862e-06, "dmean": 0.00241823401302, "max": 0.0411204844713, "var": 1.58301281772e-05, "mean": 0.00848082918674}, "spectral_contrast_coeffs": {"dmean2": [0.108368620276, 0.0809342488647, 0.0598261021078, 0.0441886372864, 0.0309337284416, 0.0272253453732], "median": [-0.667662382126, -0.786193728447, -0.81923699379, -0.820884644985, -0.798604846001, -0.760541439056], "min": [-0.929574370384, -0.937037050724, -0.951642811298, -0.931852698326, -0.922095954418, -0.850739121437], "dvar2": [0.00709536159411, 0.00415138201788, 0.002149857115, 0.00111851736438, 0.000559920852538, 0.000490085512865], "dvar": [0.00262557365932, 0.00142266240437, 0.000747859012336, 0.000384919083444, 0.000187962185009, 0.000194738109712], "dmean": [0.065687790513, 0.0478983037174, 0.0351701714098, 0.0256129577756, 0.0181465856731, 0.0165466666222], "max": [-0.367472052574, -0.539790987968, -0.601518750191, -0.676320552826, -0.722410321236, -0.559399902821], "var": [0.00487126968801, 0.00301341991872, 0.00169467856176, 0.000587747315876, 0.000322762702126, 0.000865740643349], "mean": [-0.663491368294, -0.779941678047, -0.814127266407, -0.819668531418, -0.798375368118, -0.755413353443]}, "melbands_skewness": {"dmean2": 1.6158311367, "median": 4.08435583115, "min": -2.07442212105, "dvar2": 1.90061509609, "dvar": 0.823585033417, "dmean": 1.02776145935, "max": 27.3220062256, "var": 2.39562797546, "mean": 4.2598991394}, "spectral_spread": {"dmean2": 620798.9375, "median": 4727967.5, "min": 1938981.25, "dvar2": 283804467200, "dvar": 121035284480, "dmean": 387206.25, "max": 13489108, "var": 545545191424, "mean": 4684254.5}, "dissonance": {"dmean2": 0.0126338778064, "median": 0.490600436926, "min": 0.415724098682, "dvar2": 0.000143990517245, "dvar": 5.07909462613e-05, "dmean": 0.00730429729447, "max": 0.500000119209, "var": 6.4292413299e-05, "mean": 0.488696217537}, "spectral_skewness": {"dmean2": 0.16586907208, "median": 1.32162261009, "min": 0.139974340796, "dvar2": 0.0236007459462, "dvar": 0.00874670222402, "dmean": 0.100171335042, "max": 3.12966895103, "var": 0.0350644551218, "mean": 1.29834151268}, "spectral_flux": {"dmean2": 0.0546916425228, "median": 0.143772527575, "min": 0.00115393125452, "dvar2": 0.00197963649407, "dvar": 0.000781156180892, "dmean": 0.0341682434082, "max": 0.30502986908, "var": 0.00227335840464, "mean": 0.145616263151}, "spectral_contrast_valleys": {"dmean2": [0.687920868397, 0.574010312557, 0.549218177795, 0.393131792545, 0.267358750105, 0.335415065289], "median": [-6.09426641464, -6.38847827911, -6.48544454575, -6.7057299614, -6.28783893585, -8.99659824371], "min": [-14.7470769882, -14.3149995804, -14.3288927078, -13.6905918121, -12.2521982193, -14.1534547806], "dvar2": [0.295428872108, 0.198424771428, 0.202458977699, 0.0950455367565, 0.0438324101269, 0.0976291373372], "dvar": [0.102488234639, 0.0763921141624, 0.0744108185172, 0.0364087335765, 0.0188433472067, 0.0451752990484], "dmean": [0.404396474361, 0.348392754793, 0.327846318483, 0.239055708051, 0.168447896838, 0.215566322207], "max": [-5.02678728104, -4.84828996658, -4.82442522049, -5.781873703, -5.40591621399, -7.76546669006], "var": [0.260424911976, 0.272179573774, 0.236490637064, 0.125934883952, 0.0952296704054, 0.439589649439], "mean": [-6.15754079819, -6.38203907013, -6.49897384644, -6.73629617691, -6.3288435936, -9.11611557007]}, "erbbands_flatness_db": {"dmean2": 0.0184652246535, "median": 0.0985845550895, "min": 0.0580227002501, "dvar2": 0.000218848086661, "dvar": 8.6585052486e-05, "dmean": 0.0112441517413, "max": 0.266360253096, "var": 0.000614775053691, "mean": 0.104184634984}, "spectral_energyband_high": {"dmean2": 0.000971755303908, "median": 0.00148587289732, "min": 3.24678914865e-08, "dvar2": 1.27766065816e-06, "dvar": 5.11574228312e-07, "dmean": 0.00061672431184, "max": 0.0114983739331, "var": 9.95607820187e-07, "mean": 0.00167558284011}, "spectral_entropy": {"dmean2": 0.151855543256, "median": 8.02581882477, "min": 6.9894361496, "dvar2": 0.0168200954795, "dvar": 0.00625727325678, "dmean": 0.0913127288222, "max": 8.53545093536, "var": 0.0275033265352, "mean": 7.9968585968}, "silence_rate_20dB": {"dmean2": 0, "median": 1, "min": 1, "dvar2": 0, "dvar": 0, "dmean": 0, "max": 1, "var": 0, "mean": 1}, "melbands_flatness_db": {"dmean2": 0.0450174175203, "median": 0.196136668324, "min": 0.0566344335675, "dvar2": 0.00132859498262, "dvar": 0.000575528421905, "dmean": 0.0295495502651, "max": 0.567658305168, "var": 0.00201814738102, "mean": 0.199539199471}, "barkbands": {"dmean2": [0.000668661785312, 0.0295123476535, 0.0126515887678, 0.00859331060201, 0.00610871752724, 0.00129661627579, 0.00107299245428, 0.00142140104435, 0.00126486888621, 0.00123105512466, 0.000844605616294, 0.000907231238671, 0.000490092497785, 0.000456189009128, 0.000482480943901, 0.000627514440566, 0.000969260698184, 0.000609902432188, 0.000482924457174, 0.000411601562519, 0.00029695633566, 0.000259476568317, 0.0001820079342, 0.000166266341694, 0.000113043846795, 5.01934882777e-05, 1.6029636754e-05], "median": [0.000351507856976, 0.0309493951499, 0.0061746458523, 0.00358252879232, 0.00292718503624, 0.000743093900383, 0.000342785671819, 0.000373444549041, 0.000522954040207, 0.000547405565158, 0.000373426359147, 0.000720352400094, 0.000447855709353, 0.0003539811878, 0.000461910734884, 0.000707600032911, 0.00129431288224, 0.000884234905243, 0.000727696344256, 0.000574854144361, 0.000368807639461, 0.000259768421529, 0.000177726717084, 0.000181377501576, 0.000110583358037, 5.42569541722e-05, 1.37128508868e-05], "min": [2.39490693943e-09, 1.54450230383e-09, 2.07085890103e-10, 7.99732294277e-11, 1.63307103951e-10, 9.06867150818e-11, 2.0082921437e-10, 3.51184636926e-11, 1.5278173171e-10, 3.25761605191e-11, 3.58636592646e-11, 2.24057938869e-10, 3.01835084704e-10, 1.8415366454e-10, 8.60771939837e-11, 4.28291802024e-09, 7.03183344886e-10, 4.9949133718e-09, 1.69953136009e-08, 8.06958695421e-08, 1.35486599717e-08, 7.05215663643e-09, 3.3650698894e-10, 5.54469359315e-10, 1.10982512069e-09, 2.6046595436e-10, 3.63216623445e-10], "dvar2": [4.50174098887e-07, 0.000644473475404, 0.000191440645722, 8.33993544802e-05, 4.41618904006e-05, 2.62079902313e-06, 3.56876512342e-06, 9.67040432442e-06, 7.78210778662e-06, 4.09170206694e-06, 1.95275583792e-06, 1.14749434488e-06, 2.8929190421e-07, 2.81717774442e-07, 2.90091179522e-07, 6.24737538146e-07, 8.07518063084e-07, 3.23152903547e-07, 2.16676966147e-07, 1.84627296562e-07, 1.04597354778e-07, 1.04248499611e-07, 4.81803716923e-08, 4.04163493783e-08, 3.65932670832e-08, 5.72345015826e-09, 3.34597238805e-10], "dvar": [3.55732623802e-07, 0.000264491798589, 7.04666163074e-05, 3.02200460283e-05, 1.6253472495e-05, 9.76831074695e-07, 1.33254604862e-06, 3.57050316779e-06, 2.98372606267e-06, 1.6470241917e-06, 7.11169150236e-07, 4.27154333238e-07, 1.10051267654e-07, 1.10365995454e-07, 1.15270161416e-07, 2.21961855118e-07, 2.91882400916e-07, 1.18401956684e-07, 8.61839097865e-08, 7.24009865394e-08, 4.23455901455e-08, 3.94402519532e-08, 1.85999429192e-08, 1.63847051482e-08, 1.50444812164e-08, 2.32786501186e-09, 1.30364996576e-10], "dmean": [0.000565416703466, 0.0191944707185, 0.00739893410355, 0.00480992440134, 0.00349156721495, 0.000766184646636, 0.000642894010525, 0.000844244437758, 0.000753897591494, 0.000734671833925, 0.000495720247272, 0.000532682577614, 0.000291020405712, 0.000272065139143, 0.00028393487446, 0.000366918189684, 0.000574999197852, 0.000364833686035, 0.000292813812848, 0.000251016957918, 0.000183752417797, 0.000158111230121, 0.000109897955554, 0.000100667850347, 6.83681573719e-05, 3.1155977922e-05, 9.63925413089e-06], "max": [0.0063483081758, 0.123865500093, 0.0758962929249, 0.0511260852218, 0.0353085026145, 0.0150008220226, 0.0179226212204, 0.0330490022898, 0.0316438004375, 0.024886066094, 0.0270946063101, 0.0102941961959, 0.00757683673874, 0.00741495750844, 0.0101200658828, 0.0216245688498, 0.0124634578824, 0.0041360356845, 0.00672326842323, 0.00718873785809, 0.00283818668686, 0.00369527051225, 0.00191535218619, 0.00307482923381, 0.00303022447042, 0.00116777187213, 8.53863894008e-05], "var": [1.67986399902e-06, 0.000453417160315, 7.44604549254e-05, 2.90794687317e-05, 1.5984833226e-05, 1.55351153808e-06, 2.08410847335e-06, 6.23465712124e-06, 4.94641153637e-06, 2.73525733974e-06, 9.60229726843e-07, 6.44546787498e-07, 1.72191448655e-07, 1.45614919234e-07, 1.69781458226e-07, 2.50261791734e-07, 4.72748126867e-07, 2.26139036386e-07, 1.55972159632e-07, 1.1909504849e-07, 7.8530675296e-08, 6.44069757527e-08, 2.76302323243e-08, 2.74304188252e-08, 2.16590319013e-08, 3.38545746992e-09, 1.73753983423e-10], "mean": [0.00103847752325, 0.032928641885