{"tonal": {"thpcp": [1, 0.852699995041, 0.486852049828, 0.368112564087, 0.255558341742, 0.354253470898, 0.581460952759, 0.4899097085, 0.363337099552, 0.437780350447, 0.394834637642, 0.455489426851, 0.660852134228, 0.546407580376, 0.378819555044, 0.428078860044, 0.358652412891, 0.276006519794, 0.298404723406, 0.335350573063, 0.602399766445, 0.906040430069, 0.691681027412, 0.393652915955, 0.342305213213, 0.334044694901, 0.47554320097, 0.613497436047, 0.490191608667, 0.525746226311, 0.691496253014, 0.512218117714, 0.408308327198, 0.488874346018, 0.419295966625, 0.581833541393], "hpcp": {"dmean2": [0.203909486532, 0.178763344884, 0.158786147833, 0.169764533639, 0.186565980315, 0.269153803587, 0.351080715656, 0.301361650229, 0.224148854613, 0.197766438127, 0.181571647525, 0.22524125874, 0.267380088568, 0.224173411727, 0.22244310379, 0.269437968731, 0.224585443735, 0.208534643054, 0.238644212484, 0.225423663855, 0.242867991328, 0.308077991009, 0.302028954029, 0.257468402386, 0.21812877059, 0.171955063939, 0.190078392625, 0.255289793015, 0.231374889612, 0.204499423504, 0.228313997388, 0.215229898691, 0.233265474439, 0.29075267911, 0.256050288677, 0.206817224622], "median": [0.0803850293159, 0.0643410757184, 0.0468450784683, 0.043698374182, 0.0580000318587, 0.161726206541, 0.253246814013, 0.175840780139, 0.0760043039918, 0.0532545000315, 0.0535187795758, 0.0964679941535, 0.11797644943, 0.111423842609, 0.125402480364, 0.144087225199, 0.103285335004, 0.0860414803028, 0.0978946685791, 0.0760253146291, 0.142479509115, 0.240564510226, 0.213190808892, 0.112868979573, 0.0600854866207, 0.0369331277907, 0.0690496340394, 0.106757335365, 0.0991245657206, 0.0728185549378, 0.0683186352253, 0.0630053132772, 0.107059396803, 0.150598570704, 0.111193105578, 0.0782568752766], "min": [0, 0, 0, 0, 0, 0, 0, 0, 0, 0, 0, 0, 0, 0, 0, 0, 0, 0, 0, 0, 0, 0, 0, 0, 0, 0, 0, 0, 0, 0, 0, 0, 0, 0, 0, 0], "dvar2": [0.0717210322618, 0.0620872303843, 0.0602116249502, 0.0650134012103, 0.0687606483698, 0.0830693989992, 0.11532061547, 0.102109566331, 0.0840059146285, 0.0746928527951, 0.0665834322572, 0.0798179805279, 0.0965727865696, 0.0719905272126, 0.0690442547202, 0.0965243279934, 0.0764043331146, 0.0745146721601, 0.0893463790417, 0.089315161109, 0.0789613500237, 0.111694775522, 0.0958548337221, 0.0993622466922, 0.0915182977915, 0.0779669731855, 0.0774146690965, 0.101431138813, 0.084314443171, 0.0818375945091, 0.0932400599122, 0.0878137946129, 0.0861736387014, 0.100364528596, 0.0887595266104, 0.075950294733], "dvar": [0.0299984123558, 0.0249194223434, 0.0232857409865, 0.0259020011872, 0.0268835574389, 0.0329114757478, 0.0502669923007, 0.0437895730138, 0.0330470912158, 0.0301136840135, 0.0253765117377, 0.0324164554477, 0.0442737713456, 0.0300541426986, 0.0282791741192, 0.0416011847556, 0.0308093968779, 0.0293875485659, 0.0358176641166, 0.0339121110737, 0.0310335215181, 0.052927210927, 0.0420273244381, 0.0379340536892, 0.0357920452952, 0.0290185771883, 0.0290227010846, 0.0436830297112, 0.0349155962467, 0.0303056798875, 0.0366308130324, 0.0338252969086, 0.0326292030513, 0.0425451807678, 0.0364773049951, 0.0290852673352], "dmean": [0.122789233923, 0.106756456196, 0.0933835282922, 0.100027576089, 0.110268339515, 0.160768523812, 0.211517482996, 0.181138321757, 0.131343841553, 0.11619976908, 0.105955056846, 0.134890124202, 0.162420034409, 0.135656833649, 0.134764939547, 0.164339631796, 0.135346263647, 0.122544646263, 0.140766575933, 0.132082849741, 0.145740777254, 0.189057901502, 0.184100359678, 0.148473888636, 0.127830609679, 0.0988274887204, 0.110716484487, 0.153190851212, 0.138723775744, 0.118441849947, 0.133277833462, 0.124290443957, 0.136040970683, 0.173609420657, 0.154190570116, 0.120594538748], "max": [1, 1, 1, 1, 1, 1, 1, 1, 1, 1, 1, 1, 1, 1, 1, 1, 1, 1, 1, 1, 1, 1, 1, 1, 1, 1, 1, 1, 1, 1, 1, 1, 1, 1, 1, 1], "var": [0.0494645573199, 0.0369954258204, 0.0273872166872, 0.0345083065331, 0.0361105427146, 0.0508656576276, 0.0967754945159, 0.0722532048821, 0.041163880378, 0.038963906467, 0.0390285104513, 0.0497984737158, 0.0809963494539, 0.0461706891656, 0.0478421859443, 0.0909238234162, 0.0525260306895, 0.038762152195, 0.058206025511, 0.0459737256169, 0.0562740378082, 0.139104500413, 0.099440433085, 0.0488904304802, 0.0418901965022, 0.0275361090899, 0.0341572836041, 0.0795199424028, 0.054606474936, 0.034029699862, 0.0576330535114, 0.0490556769073, 0.040065150708, 0.0768786147237, 0.0622050687671, 0.0356299802661], "mean": [0.167391985655, 0.140244111419, 0.107927031815, 0.116685420275, 0.131132379174, 0.235556825995, 0.354289650917, 0.270468533039, 0.15393038094, 0.133851855993, 0.130621746182, 0.185952007771, 0.239896357059, 0.191679984331, 0.205582931638, 0.27039629221, 0.200293019414, 0.159661099315, 0.191164895892, 0.163957610726, 0.227514788508, 0.391030728817, 0.333431899548, 0.190374106169, 0.143943324685, 0.099931165576, 0.138523995876, 0.227369099855, 0.191569745541, 0.142075970769, 0.171185567975, 0.15439248085, 0.178110361099, 0.258413493633, 0.213662147522, 0.148130089045]}, "tuning_equal_tempered_deviation": 0.0758595913649, "chords_changes_rate": 0.0593460611999, "key_key": "E", "tuning_diatonic_strength": 0.541072010994, "key_scale": "major", "chords_number_rate": 0.00189000193495, "tuning_frequency": 442.293365479, "tuning_nontempered_energy_ratio": 0.738976836205, "chords_histogram": [39.5010375977, 4.83840465546, 0.264600276947, 0, 0.113400116563, 0.151200145483, 0.151200145483, 0, 0.92610090971, 0, 0.41580042243, 1.36080133915, 0.0189000181854, 0, 0, 1.73880171776, 4.06350421906, 10.2060098648, 6.50160646439, 8.97750854492, 0.453600466251, 0.850500822067, 9.7713098526, 9.69570922852], "key_strength": 0.690412700176, "chords_key": "E", "chords_strength": {"dmean2": 0.0113524384797, "median": 0.513895094395, "min": 0.227125436068, "dvar2": 0.000101895464468, "dvar": 8.47283663461e-05, "dmean": 0.0109192822129, "max": 0.742475867271, "var": 0.00666368054226, "mean": 0.513224542141}, "chords_scale": "major", "hpcp_entropy": {"dmean2": 1.11709856987, "median": 2.23521542549, "min": 0, "dvar2": 0.77572363615, "dvar": 0.295720398426, "dmean": 0.66941767931, "max": 4.46160459518, "var": 0.591477870941, "mean": 2.21727705002}}, "metadata": {"audio_properties": {"equal_loudness": 0, "codec": "mp3", "downmix": "mix", "sample_rate": 44100, "analysis_sample_rate": 44100, "bit_rate": 255947, "md5_encoded": "f47fab0d52fbb8dfb9ca294e51d6adc0", "length": 245.629394531, "replay_gain": -15.7064828873, "lossless": false}, "version": {"essentia_build_sha": "8f36b0d610e462e13050217bbccca683803f5921", "essentia": "2.1-beta2", "extractor": "music 1.0", "essentia_git_sha": "v2.1_beta2"}, "tags": {"title": ["Sex, Drugs & Rock \u2019n\u2019 Roll"], "language": ["eng"], "media": ["CD"], "albumartist": ["Various Artists"], "musicbrainz_releasegroupid": ["8e5adc0d-d681-48bb-ae30-e4f5ee93a731"], "musicbrainz_recordingid": ["0fafd7f0-20e2-44ae-9a72-ea05e71bd4ef"], "musicbrainz_albumartistid": ["89ad4ac3-39f7-470e-963a-56509c546377"], "discnumber": ["1/2"], "bpm": ["105"], "catalognumber": ["CDPEEL 7779"], "musicbrainz album release country": ["GB"], "musicbrainz album type": ["live"], "musicbrainz album status": ["Official"], "file_name": "10 Sex, Drugs & Rock \u2019n\u2019 Roll.mp3", "originaldate": ["2011-10-31"], "acoustid_fingerprint": ["AQADtMuTJBQT4fCLRziSlZER_7AiHD_SH-KP8kZ-1Eb6FvqLEH0fHPZQ40dvEZ6hS6APT8f0ZA7KFWGW59BDhF_xB88Nr1WEyqQQ7j-eRHlQQ1uyHOme4zw2NUed8Piyo3k5JGOJPFVTvDma5kdF0cezHD2aGUmufbhENDx6HX0reAyL_tDzITyH6DuuB3_xLrgyqB_0XUS7H5FxhF8RptOJN4j_Itn1CD-6fcKjHJXRPAyeLRSSH2EaBfWDZx5uBs2pokx25NmF5jn6ZMcnaPqNdNxx63CqfKgvHN3xfMYxTxxy8fChnbhzXIX-48oDPRfKD8rS4BH040ePH_mD_0HXaUKzjETOBD_0DNNjpM8Rnie0ccqDnMdGMdTR17hzNNfRC5-SZ_iDZ-mM5jpCUVCOvGCLL8Kz43cQns2gZRryXLgW52iULuiRxT3uB29TeGuJMnuEE_rBRD8qahpxRYpwvdCTDOELx4nRRseLUtrhI5F-hDqqmEbTyRnOI1e0Q7-RBT4eTxp-IjeSuygf8OKGRz-qZHFxUhROIfqRwEebJFxxsRGqfJgSH_kyQz8qIZOaC9WeTcjKKOgF_ys8y9AUrag-Y3OO3EvgZxb8o1zxY6SYBk3iCr0-sHqaosmUPMEjHcmSu8ieo16OxqyC87iZCGOaHf8RNg-SL5mMHg_6piWaY9-OWB10ZWmIPHdwGR2mOEdMZXHRQ4yQt4V5XNom_EIvPDiTY0puoh1jMGoSEtY3OMuWDcl4IketnGgcvXjjoNlHcGOEJw-i80iuo5yW4HeIX-ixPUN_CiH5QwsXXfgPTVeKMOOLLxcxvYcnDiGJTlSg64Xl6IF24Xnw8FD0orlkvMvx7BlyoXeQq4VYEy12KZSIWpPx0kTFQ2h4i-jxsYphVnhujOsPSUnI4Bul4ZlKNE-UScgPL9PRPMiWBbek4nuMSImYB73w5_ijo2SiRjBX7EWuJDwSxTp6jOZhbVEUBt6yHNVClDdcIXxyJM_xpjF-5EmMHxqzo-zxyIHqI1KO-mhUigHz5Dge9Lg4PNcMz0uDPN-wh0e6J3j0wOsnhCd-KAfPaMjlYup4lEuWVcJVOMfj4y96fUWyLEqOnMeXU_Ap4llYnGhOPEczHhcuTjhl7MrR58ITpsclKkW-GXpr0MqMnM_woz_2LER1Dn2EapcSGNOPB3yaF5evwezxa0UuKEqkC-EjraiVUYePP5i-MMNz8OPR7CiT4y2PWiz8o9-ENzuOeBF07WCewMdT_OBxtkPj5MN8LQj7EA3OkLhw_ihJmN3R7Hjy4xF8YxTxRAe_WfjTJAiDPoP03EKuDf0DX06E58JFOFHyoJTCsAivw49yoddQf0i3VviOJ9Px5cZ9HGlFyFGcFuGzVMHR_wijPfi2qbhiSEn0hOj14FFKgV2YBv-KKdCe_PhRkTr8JTN0uA965QvyPAzeGeEVQ8uPkY2RM3ikHPwXPFuIZGJjhGGEj2BkrYIpGz1KjbB-xOeQsBr6hsIb1cNnbqj0wyqOX8gZJOx29DquE32iF1NC6cGTN9izDPkDzRC3I3JiK3iyDbtYpGkW4o7SwD00JkqOrLvAU0FTLUG4DQq1obaDMLvxoScunSiT48uSKaHQfKgu5FAU_SiHWBkJPkG_I3UoMBeOkskDVatVxGkYHReL-3BRnhLxKIzR5xzsI5mcxXgXhOQOK1Fy9DK-GyGZI1kY4qvR12gqWThxdJuC8LLwJqugkUeY5VrwHHkZVIWTov-BXtHxavgeRA_xVQ3CJFmYCMcP7Ue6G2W0Hc9YVJk-NPGSCf8eNEt2hFRCPJY-aH9wXmi4fLjibIFuh4gtC82P7sLDUbhyD6OYNQkYpW8Q7Rw0K9XxhDkelA-0ZP0QRn1QUTny5IL2I0xcDs-H_QMTVC-aSSFzhM-RXMd_sMyOyg1uozkuhMwDLVa0I8cbMI8RSjkeKTVG89Bio-fRw5Nz6OmHMD9xnLLw95jlo0m0o9cScCeuY6qSHGGmBslONKfxP_hjTBys5OjRmXAaknAv9EQzIWSUF1cWfBqkKLikqPCyQ_uO6L7QH82D0_iDMEeyc9iT48rI4sGVH1Y6a7g1g1PSI0-O5MWPz0nB5ImDPj8q5tgUfRiVGT_qHeQSBr2OH7WGR0kuXI7R40hPCXr2FNky3BFxHiWPJxfqF1dcolfxBc1dMA6TEW3EEmFm5YYi6QjDJwtyBb8g90F4LSnczahkPH_w8AvqRDLCTDOhjz5yMgye3Gg2Hi1ubsFzJaicY_uRb4F-HGENfsd95HkKTdmL9DlKKcGa_PjxRDT-ULB6IeeL5xiv4MpxIvsyVEp0bNsz9Kh1_Mh1oVxws_gCKMqeHfVmXEdz5XizH9eRRnJwJYpxiR_uVrAiH2GVy7gU5Ugm62iOl3hY4hTj4B985sJTHtxRWkRDx4j0EvBTXJZwroHW58iPnkYzKdkjIpdwi5B_5Dsq7UHDKBMVnMyRQw_s0Phj6MqPLrkNjf1x1YFjdhnyGEdFKhTRVNxwBnnUQhdT4THSh8KNP8GVHOmLH18WHflw8oJFP4gd5MwRPoWWh8hz4fuRr8sUfKjooLmFZ2dGaNmSpUKtfPiN88FZI6dMhHlRnTO6B1q6o6JPNJdy6ErQhEZIZunxk2h6dNRxNhmaMTvaB8-GUnyAH_EXPIccMki5eKisFVePPkWYK4euo_kRrhGLLzr6pAiT5tCPnDselDus8qibFKWUwe8RhkpPfPMgo4lEHb0W4zy0POiJkvTQPFKL74e2-Tly8iin5fjQxg_CqFKOx8e_GL0On8dzIrSI77iPO4bv4QmPRslRshVxGpVpojGeGj0d-DlCKQfgACPAkEeUEEgoBAABQACiSFYAEKWYIsAAoAARhgEikDBCGCQEM1oAA4UAwhlJBGIGIIEEIIaIQ5ghAlAAkAQEQMYAMwAhAYQQQiADmKPGgIO8EA4BQAxBhjEPmGUUSAAAEswgBYgQQGAiACFGAkSBIMApIAgCAhkEKBAGEAABFAAJzYQCUgFOBAHAIQCQVJQwAICTCCMmjUEEaCCAcEAZZgQgRBjFCEICEIKMAkoEoYQABBoLIGIGUCENMWIIRICTgAADiONCCAIAEUAIQwAATFgChMGAAEWAMkQ4gBEjRCAEoBAAASCEIAAQIIURTCgFEFKMGYSAIk6QAIh5EDCgAIHCICKdMEUIkIQBRAijiAOAAU4EAZEJAIhAwAADCBHQKEWEZAAQIgAADADKEEEEEA2AUcQI4wxB2BGJiTKCMAWIgEwISQQFwBBAjCDGCSCEAUAAI4BzACEnyABKEQSMMAAAIAQEQDEABCAAICWQQNQJYIAgRgigDEXCEASIAMIoypgQDiEmHGECEiEoAdgIwgVB0AgiBBFASQEIEc4KwBijihAABDFKA8cowAIwAoBAABlBBCLESMAAAEog4p5RhhCEGFFAASCAM8QQBIFCFBEmACEAAAGUQwoA4phDzBgAgEEIKWUYokABIQRzgBnmtWCIAiYIMY454pAQhAIAgBEAE0GoQ8QAYhQjhAiDgACCGQUIEAwIIBgBBDCCjEEOCsOIIoAQBBQgRBghCBROUGQEUUgpgYwQyBAgAGDCEACIIUAAQoCAADCABFIMAGYB0EAoQxRBBgFDgAFEICWJICQB5IgCkBiggAHCKIAEBECABIhgxgFiECCIACAIAwABJhlhAigEDBAGOCWAVFARIkgCwAFEACJIACAAAIIQRogRAAACmBHAEaKQIthRARAF"], "date": ["2011-10-31"], "genre": ["New Wave"], "album": ["Movement: BBC Radio 1 Peel Sessions 1977\u20131979"], "musicbrainz_artistid": ["d4675794-9ad3-48eb-bcd4-b98be183b396"], "asin": ["B005AW9S7E"], "musicbrainz_albumid": ["b5d7c497-a100-4b91-8925-23383ae0bbe6"], "artist": ["Ian Dury & The Blockheads"], "artistsort": ["Dury, Ian & The Blockheads"], "tracknumber": ["10/41"], "label": ["EMI"], "albumartistsort": ["Various Artists"], "acoustid_id": ["954bddd0-b609-43cf-a172-697d26f3d88f"], "script": ["Latn"]}}, "rhythm": {"bpm_histogram_first_peak_bpm": {"dmean2": 0, "median": 105, "min": 105, "dvar2": 0, "dvar": 0, "dmean": 0, "max": 105, "var": 0, "mean": 105}, "bpm": 105.219680786, "bpm_histogram_second_peak_spread": {"dmean2": 0, "median": 0.277777791023, "min": 0.277777791023, "dvar2": 0, "dvar": 0, "dmean": 0, "max": 0.277777791023, "var": 0, "mean": 0.277777791023}, "bpm_histogram_first_peak_weight": {"dmean2": 0, "median": 0.46924829483, "min": 0.46924829483, "dvar2": 0, "dvar": 0, "dmean": 0, "max": 0.46924829483, "var": 0, "mean": 0.46924829483}, "onset_rate": 4.28669309616, "beats_position": [0.650158703327, 1.28870749474, 1.89242625237, 2.48453521729, 3.06503391266, 3.64553284645, 4.22603178024, 4.79492044449, 5.36380958557, 5.92108821869, 6.48997735977, 7.05886602402, 7.6277551651, 8.18503379822, 8.75392246246, 9.32281208038, 9.89170074463, 10.4605894089, 11.0294780731, 11.5983667374, 12.1672563553, 12.7245349884, 13.2818136215, 13.8390922546, 14.4195919037, 14.9884805679, 15.5573692322, 16.114648819, 16.6835365295, 17.2524261475, 17.8097057343, 18.3785934448, 18.9474830627, 19.5163707733, 20.0852603912, 20.6541500092, 21.2230377197, 21.7803173065, 22.3492050171, 22.918094635, 23.4869842529, 24.0558719635, 24.6131515503, 25.1704311371, 25.7277088165, 26.2965984344, 26.865486145, 27.4227657318, 27.9916553497, 28.5605430603, 29.1294326782, 29.6983222961, 30.2672100067, 30.8360996246, 31.4049873352, 31.9738769531, 32.5311546326, 33.111656189, 33.6805419922, 34.2494316101, 34.8067131042, 35.3755989075, 35.9444885254, 36.5017662048, 37.059047699, 37.6279373169, 38.1968231201, 38.765712738, 39.334602356, 39.9034919739, 40.4723815918, 41.041267395, 41.6101570129, 42.1674385071, 42.7479362488, 43.3168258667, 43.8857116699, 44.4662132263, 45.0234909058, 45.5923805237, 46.1612701416, 46.7417678833, 47.3106575012, 47.8795471191, 48.4484329224, 49.0173225403, 49.5862121582, 50.1434898376, 50.7123794556, 51.269657135, 51.8385467529, 52.4074363708, 52.9647140503, 53.5336036682, 54.0908851624, 54.6481628418, 55.2170524597, 55.7859382629, 56.3548278809, 56.9353294373, 57.515827179, 58.0963249207, 58.6768226624, 59.2457122803, 59.8146018982, 60.3834915161, 60.952381134, 61.5212669373, 62.0901565552, 62.6590461731, 63.227935791, 63.7968254089, 64.3657150269, 64.9346008301, 65.5034942627, 66.0723800659, 66.6412658691, 67.2101593018, 67.7674331665, 68.3363265991, 68.9168243408, 69.4973220825, 70.0662155151, 70.6351013184, 71.2039871216, 71.7728805542, 72.3417663574, 72.91065979, 73.4679336548, 74.0484313965, 74.6289291382, 75.1978225708, 75.766708374, 76.3356018066, 76.9044876099, 77.4733810425, 78.0422668457, 78.6111526489, 79.1800460815, 79.7489318848, 80.3178253174, 80.8867111206, 81.4555969238, 82.012878418, 82.5817642212, 83.1506576538, 83.7079315186, 84.2652130127, 84.8224945068, 85.3797683716, 85.9254379272, 86.4711074829, 87.0400009155, 87.5972747803, 88.1545562744, 88.7118377686, 89.2807235718, 89.8380050659, 90.3952789307, 90.9525604248, 91.521446228, 92.1019515991, 92.6824493408, 93.251335144, 93.8318328857, 94.4007263184, 94.9696121216, 95.5268936157, 96.1073913574, 96.6646728516, 97.2103347778, 97.767616272, 98.3248977661, 98.8705673218, 99.4278411865, 99.9851226807, 100.542404175, 101.122901917, 101.703399658, 102.2838974, 102.852790833, 103.433288574, 104.002174377, 104.582672119, 105.163169861, 105.743675232, 106.312561035, 106.881446838, 107.450340271, 108.019226074, 108.599723816, 109.168617249, 109.737503052, 110.318000793, 110.898498535, 111.467391968, 112.036277771, 112.593559265, 113.162445068, 113.74294281, 114.311836243, 114.892333984, 115.461219788, 116.03011322, 116.610610962, 117.191108704, 117.771606445, 118.340499878, 118.909385681, 119.478271484, 120.035552979, 120.604438782, 121.161720276, 121.730613708, 122.299499512, 122.868385315, 123.437278748, 123.994552612, 124.563446045, 125.132331848, 125.689613342, 126.246894836, 126.804168701, 127.373062134, 127.941947937, 128.499221802, 129.056503296, 129.61378479, 130.171066284, 130.739959717, 131.308837891, 131.866119385, 132.435012817, 132.992294312, 133.561172485, 134.141677856, 134.722167969, 135.30267334, 135.859954834, 136.417236328, 136.986114502, 137.555007935, 138.135513306, 138.704391479, 139.273284912, 139.842178345, 140.411056519, 140.968338013, 141.537231445, 142.106124878, 142.675003052, 143.243896484, 143.812789917, 144.381668091, 144.950561523, 145.519454956, 146.07673645, 146.645614624, 147.214508057, 147.771789551, 148.340682983, 148.909561157, 149.466842651, 150.024124146, 150.58140564, 151.161895752, 151.730789185, 152.299682617, 152.86857605, 153.437454224, 153.994735718, 154.56362915, 155.132507324, 155.713012695, 156.293518066, 156.86239624, 157.431289673, 158.011795044, 158.580673218, 159.14956665, 159.706848145, 160.287338257, 160.856231689, 161.425125122, 161.994003296, 162.562896729, 163.131790161, 163.700683594, 164.269561768, 164.8384552, 165.418960571, 165.987838745, 166.556732178, 167.12562561, 167.694503784, 168.251785278, 168.809066772, 169.377960205, 169.946838379, 170.504119873, 171.061401367, 171.6302948, 172.199172974, 172.756454468, 173.313735962, 173.894241333, 174.474731445, 175.055236816, 175.624130249, 176.193008423, 176.773513794, 177.330795288, 177.899673462, 178.468566895, 179.037460327, 179.606338501, 180.186843872, 180.755737305, 181.324615479, 181.893508911, 182.462402344, 183.042892456, 183.611785889, 184.180679321, 184.749572754, 185.318450928, 185.898956299, 186.467849731, 187.036727905, 187.617233276, 188.197723389, 188.766616821, 189.335510254, 189.904388428, 190.47328186, 191.042175293, 191.611068726, 192.191558838, 192.772064209, 193.352554321, 193.933059692, 194.513549805, 195.094055176, 195.674560547, 196.255050659, 196.83555603, 197.416046143, 197.996551514, 198.577041626, 199.169158936, 199.761260986, 200.341766357, 200.92225647, 201.514373779, 202.10647583, 202.686981201, 203.267486572, 203.859588623, 204.451690674, 205.032196045, 205.612701416, 206.204803467, 206.785308838, 207.377410889, 207.95791626, 208.550018311, 209.142120361, 209.745849609, 210.349563599, 210.93006897, 211.498947144, 212.067840576, 212.648345947, 213.22883606, 213.809341431, 214.389831543, 214.970336914, 215.550842285, 216.131332397, 216.711837769, 217.292327881, 217.872833252, 218.453323364, 219.033828735, 219.625930786, 220.206436157, 220.798538208, 221.367431641, 221.947937012, 222.516815186, 223.097320557, 223.689422607, 224.281539917, 224.873641968, 225.465759277, 226.04624939, 226.638366699, 227.23046875, 227.810974121, 228.403076172, 228.855865479, 229.297042847, 229.738220215, 230.179412842, 230.655410767, 231.13142395, 231.595825195, 232.06022644, 232.524627686, 232.989013672, 233.360534668, 233.732055664, 234.10357666, 234.463485718, 234.823394775, 235.194915771, 235.566436768, 235.937957764, 236.30947876, 236.680999756, 237.029296875, 237.377593994, 237.737503052, 238.097412109, 238.457321167, 238.817230225, 239.258407593, 239.699584961, 240.140762329, 240.581939697, 241.023132324, 241.464309692, 241.905487061, 242.33505249, 242.76461792, 243.19418335, 243.623764038, 244.064941406, 244.506118774, 244.947296143], "beats_loudness": {"dmean2": 0.0152346706018, "median": 0.0176323987544, "min": 4.42966552328e-08, "dvar2": 0.000202803857974, "dvar": 6.77191055729e-05, "dmean": 0.0086647439748, "max": 0.0801429897547, "var": 0.000155257206643, "mean": 0.0187460165471}, "danceability": 1.08303380013, "bpm_histogram_second_peak_weight": {"dmean2": 0, "median": 0.0296127554029, "min": 0.0296127554029, "dvar2": 0, "dvar": 0, "dmean": 0, "max": 0.0296127554029, "var": 0, "mean": 0.0296127554029}, "beats_count": 440, "bpm_histogram_second_peak_bpm": {"dmean2": 0, "median": 136, "min": 136, "dvar2": 0, "dvar": 0, "dmean": 0, "max": 136, "var": 0, "mean": 136}, "bpm_histogram_first_peak_spread": {"dmean2": 0, "median": 0.473145782948, "min": 0.473145782948, "dvar2": 0, "dvar": 0, "dmean": 0, "max": 0.473145782948, "var": 0, "mean": 0.473145782948}, "beats_loudness_band_ratio": {"dmean2": [0.482207655907, 0.176683977246, 0.230788230896, 0.271657735109, 0.224359959364, 0.18265517056], "median": [0.158714830875, 0.0926504135132, 0.135156929493, 0.141672283411, 0.124378249049, 0.0999348014593], "min": [0.000864084402565, 0.00080461287871, 0.0052706701681, 0.00103215221316, 0.00249638967216, 0.00123941979837], "dvar2": [0.175442323089, 0.0292280223221, 0.0522714853287, 0.0515712238848, 0.0368203632534, 0.0435629226267], "dvar": [0.0496625192463, 0.00989574473351, 0.0185634251684, 0.0178010668606, 0.0124643119052, 0.0144831622019], "dmean": [0.251545488834, 0.0982239916921, 0.132489427924, 0.146529331803, 0.11962403357, 0.101111926138], "max": [0.860145330429, 0.7106782794, 0.787384033203, 0.905594408512, 0.732797622681, 0.826688349247], "var": [0.0527413673699, 0.0109799550846, 0.0257810503244, 0.0234736632556, 0.0162995774299, 0.022614704445], "mean": [0.2377538234, 0.118153482676, 0.18792681396, 0.185725644231, 0.151829361916, 0.150958299637]}}, "lowlevel": {"barkbands_spread": {"dmean2": 9.91258716583, "median": 22.9009208679, "min": 0.905148863792, "dvar2": 146.921646118, "dvar": 66.638053894, "dmean": 6.63428735733, "max": 123.590881348, "var": 212.018707275, "mean": 25.5577354431}, "melbands_spread": {"dmean2": 18.0311145782, "median": 36.9163589478, "min": 0.686381459236, "dvar2": 560.316650391, "dvar": 258.852355957, "dmean": 11.9209108353, "max": 272.356933594, "var": 951.330078125, "mean": 44.1600646973}, "hfc": {"dmean2": 7.05829334259, "median": 11.1804819107, "min": 1.10867705715e-16, "dvar2": 129.219909668, "dvar": 69.0560073853, "dmean": 5.35126686096, "max": 246.371368408, "var": 632.698730469, "mean": 20.5157241821}, "barkbands_kurtosis": {"dmean2": 2.70312643051, "median": 0.0163991451263, "min": -1.86678659916, "dvar2": 45.6061325073, "dvar": 20.5138206482, "dmean": 1.69954872131, "max": 150.00479126, "var": 62.0045890808, "mean": 1.63229870796}, "gfcc": {"mean": [-56.4170303345, 65.0641021729, -143.777145386, 28.0004463196, -58.6054115295, 15.3778963089, -33.075553894, 4.88352155685, -22.245967865, 1.25724303722, -12.7870292664, -3.91559648514, -12.3625020981], "icov": [[8.02081340225e-05, -2.04081297852e-05, 0.000126072802232, -4.45843106718e-05, 5.10480931553e-05, -6.49473731755e-05, 0.000114327609481, -1.00472561826e-05, 0.000231656173128, -0.000147893850226, 0.000341858889442, -0.000247790041612, 0.000313059310429], [-2.04081297852e-05, 0.000858001993038, -0.00022317362891, 0.000348246685462, -0.000273930461844, 0.000202730545425, -0.000192538223928, 0.000513589184266, -0.000665623287205, 0.00136897980701, -0.00167241436429, 0.00200790609233, -0.000985390506685], [0.000126072802232, -0.00022317362891, 0.00110043853056, -0.00031406985363, 2.69785396085e-05, -0.000229143523029, 0.000180152826943, -0.000261867186055, 0.000635514850728, -0.00109868310392, 0.00125038868282, -0.00152970023919, 0.00202721101232], [-4.45843106718e-05, 0.000348246685462, -0.00031406985363, 0.00176123715937, -0.000173866734258, -0.00056082860101, 0.00027385816793, -0.000263203080976, -0.000487930345116, 0.000846132810693, -0.000699210853782, 0.000418212875957, -0.000806629774161], [5.10480931553e-05, -0.000273930461844, 2.69785396085e-05, -0.000173866734258, 0.00294661405496, -0.000487511715619, -0.000439006922534, 0.000231147438171, -0.000540742417797, 0.00043604511302, 0.000391395442421, -0.00111978198402, -0.000149933039211], [-6.49473731755e-05, 0.000202730545425, -0.000229143523029, -0.00056082860101, -0.000487511715619, 0.00476525677368, -0.00148333096877, -0.000682653277181, 0.00123659241945, -0.000637430406641, -9.22125545912e-05, 0.000763929449022, -0.00023426671396], [0.000114327609481, -0.000192538223928, 0.000180152826943, 0.00027385816793, -0.000439006922534, -0.00148333096877, 0.00499309180304, -0.000898672326002, 0.000432863191236, -0.000187210127478, 0.000342415616615, 7.13339250069e-05, 0.0004135191557], [-1.00472561826e-05, 0.000513589184266, -0.000261867186055, -0.000263203080976, 0.000231147438171, -0.000682653277181, -0.000898672326002, 0.00890696328133, -0.00392520334572, 0.00130833371077, 0.000385892781196, -0.00116018892732, 0.000457180110971], [0.000231656173128, -0.000665623287205, 0.000635514850728, -0.000487930345116, -0.000540742417797, 0.00123659241945, 0.000432863191236, -0.00392520334572, 0.0137375127524, -0.00514067104086, 0.00124960730318, 0.000734706409276, 0.000218023822526], [-0.000147893850226, 0.00136897980701, -0.00109868310392, 0.000846132810693, 0.00043604511302, -0.000637430406641, -0.000187210127478, 0.00130833371077, -0.00514067104086, 0.0153990751132, -0.00583066232502, 0.00251153740101, 0.000861796841491], [0.000341858889442, -0.00167241436429, 0.00125038868282, -0.000699210853782, 0.000391395442421, -9.22125545912e-05, 0.000342415616615, 0.000385892781196, 0.00124960730318, -0.00583066232502, 0.018333857879, -0.00602073455229, 0.0013291320065], [-0.000247790041612, 0.00200790609233, -0.00152970023919, 0.000418212875957, -0.00111978198402, 0.000763929449022, 7.13339250069e-05, -0.00116018892732, 0.000734706409276, 0.00251153740101, -0.00602073455229, 0.0176025088876, -0.00662412401289], [0.000313059310429, -0.000985390506685, 0.00202721101232, -0.000806629774161, -0.000149933039211, -0.00023426671396, 0.0004135191557, 0.000457180110971, 0.000218023822526, 0.000861796841491, 0.0013291320065, -0.00662412401289, 0.0188279673457]], "cov": [[18413.7578125, -1613.99414062, -1217.48217773, 320.775146484, -438.790435791, 176.425979614, -389.313415527, -31.8974628448, -330.723083496, -3.75681304932, -296.08114624, 146.098632812, -161.483718872], [-1613.99414062, 2680.50439453, -362.493621826, -470.18258667, 177.834518433, -182.525421143, 81.746673584, -181.465301514, 72.6999664307, -137.571502686, 144.778701782, -238.462371826, 99.1048812866], [-1217.48217773, -362.493621826, 1588.27636719, 226.474853516, 14.0561237335, 114.117675781, 11.7881298065, 82.6944351196, -12.5555067062, 91.7798995972, -45.8405265808, 79.6908187866, -133.552978516], [320.775146484, -470.18258667, 226.474853516, 741.228027344, 25.5204925537, 119.42414093, -23.2949104309, 68.8847427368, -2.11832976341, 2.02095723152, -18.3027935028, 54.1727371216, -1.75872671604], [-438.790435791, 177.834518433, 14.0561237335, 25.5204925537, 390.535797119, 39.7386016846, 56.1178321838, -0.799341022968, 15.4167251587, -23.7705764771, 8.6984462738, 11.3144321442, 22.8505306244], [176.425979614, -182.525421143, 114.117675781, 119.42414093, 39.7386016846, 276.890350342, 74.9099960327, 36.4350357056, -22.181684494, 13.7529277802, -13.9538326263, 12.0798101425, -13.562874794], [-389.313415527, 81.746673584, 11.7881298065, -23.2949104309, 56.1178321838, 74.9099960327, 244.277420044, 23.6055431366, 3.07738471031, -2.62060880661, 2.38842630386, -11.3354740143, -0.147333219647], [-31.8974628448, -181.465301514, 82.6944351196, 68.8847427368, -0.799341022968, 36.4350357056, 23.6055431366, 149.462509155, 32.8935279846, 9.92551994324, -13.2458333969, 22.6307659149, -10.5582733154], [-330.723083496, 72.6999664307, -12.5555067062, -2.11832976341, 15.4167251587, -22.181684494, 3.07738471031, 32.8935279846, 103.870170593, 25.6757144928, 8.64220714569, -14.3677053452, 1.50246977806], [-3.75681304932, -137.571502686, 91.7798995972, 2.02095723152, -23.7705764771, 13.7529277802, -2.62060880661, 9.92551994324, 25.6757144928, 98.455871582, 14.0945196152, 3.68220734596, -21.6379051208], [-296.08114624, 144.778701782, -45.8405265808, -18.3027935028, 8.6984462738, -13.9538326263, 2.38842630386, -13.2458333969, 8.64220714569, 14.0945196152, 80.6181793213, 5.94021081924, 12.4701919556], [146.098632812, -238.462371826, 79.6908187866, 54.1727371216, 11.3144321442, 12.0798101425, -11.3354740143, 22.6307659149, -14.3677053452, 3.68220734596, 5.94021081924, 100.734855652, 13.7902612686], [-161.483718872, 99.1048812866, -133.552978516, -1.75872671604, 22.8505306244, -13.562874794, -0.147333219647, -10.5582733154, 1.50246977806, -21.6379051208, 12.4701919556, 13.7902612686, 80.5059204102]]}, "spectral_energyband_middle_low": {"dmean2": 0.00250323908404, "median": 0.00161512743216, "min": 1.78054829903e-22, "dvar2": 2.15599629882e-05, "dvar": 1.03663496702e-05, "dmean": 0.00169285980519, "max": 0.100979104638, "var": 2.7624251743e-05, "mean": 0.00354589312337}, "melbands_crest": {"dmean2": 4.70754623413, "median": 8.58136749268, "min": 1.6521781683, "dvar2": 22.5516891479, "dvar": 8.99644184113, "dmean": 2.90710949898, "max": 34.6194763184, "var": 22.2041397095, "mean": 9.81764221191}, "spectral_kurtosis": {"dmean2": 3.24606227875, "median": 3.41589355469, "min": -1.24072885513, "dvar2": 34.6746749878, "dvar": 15.9666833878, "dmean": 2.03070306778, "max": 115.968002319, "var": 39.3774147034, "mean": 4.85261964798}, "spectral_rms": {"dmean2": 0.000745113473386, "median": 0.00276166712865, "min": 3.18306123646e-12, "dvar2": 9.35783532441e-07, "dvar": 4.42724143568e-07, "dmean": 0.000533156620804, "max": 0.0100123984739, "var": 2.82221458292e-06, "mean": 0.0029471386224}, "zerocrossingrate": {"dmean2": 0.0162388365716, "median": 0.08837890625, "min": 0.00341796875, "dvar2": 0.000334871176165, "dvar": 0.000286279100692, "dmean": 0.0144765079021, "max": 0.51953125, "var": 0.00289026251994, "mean": 0.0992822572589}, "silence_rate_60dB": {"dmean2": 0.148988470435, "median": 0, "min": 0, "dvar2": 0.143817856908, "dvar": 0.0689429491758, "dmean": 0.0744871944189, "max": 1, "var": 0.189152166247, "mean": 0.25330811739}, "erbbands_kurtosis": {"dmean2": 1.7487680912, "median": 0.362703084946, "min": -1.84342682362, "dvar2": 9.71383571625, "dvar": 3.94520282745, "dmean": 1.12617886066, "max": 73.5866622925, "var": 6.74365091324, "mean": 0.996934235096}, "erbbands": {"dmean2": [0.0242779199034, 0.398805350065, 1.10425829887, 1.40041446686, 2.40107584, 2.35921525955, 2.93249225616, 4.72690343857, 9.0237159729, 10.6295452118, 12.563123703, 14.4666509628, 13.3591594696, 11.516497612, 16.3698158264, 21.9982299805, 32.2649993896, 25.9422588348, 25.5407543182, 19.6022472382, 20.4416542053, 22.2637825012, 16.4476261139, 16.1150398254, 12.1803855896, 14.7953681946, 11.5882463455, 9.3503112793, 7.22992753983, 5.81810808182, 3.49903774261, 2.16888856888, 1.08771157265, 0.620481550694, 0.212815701962, 0.121861025691, 0.0815992429852, 0.0191110987216, 0.00241019553505, 9.49961104197e-05], "median": [0.00410433299839, 0.055059812963, 0.159842252731, 0.363244056702, 0.456286936998, 0.75782752037, 0.900898694992, 1.1263487339, 1.89795684814, 2.91206264496, 3.55755519867, 5.63081598282, 4.95792675018, 5.54153013229, 8.23620033264, 11.1584339142, 12.9114217758, 11.263879776, 10.4694881439, 8.55772972107, 11.2606182098, 12.0285730362, 8.274269104, 7.60042667389, 5.62392139435, 5.42850208282, 4.73360061646, 2.66065597534, 1.52390158176, 1.49220776558, 1.16713988781, 0.815650343895, 0.432763069868, 0.220359787345, 0.0585963688791, 0.0168539173901, 0.00477516418323, 0.000553481746465, 4.98598019476e-05, 1.61639836733e-05], "min": [1.60604999488e-22, 8.43124892465e-22, 3.58290010763e-21, 1.39211734439e-20, 8.92897850398e-21, 3.0384789898e-20, 7.11105006756e-20, 9.42389746658e-20, 2.15720509496e-19, 2.1917285118e-19, 2.08235494305e-19, 4.70968775141e-19, 9.55135113557e-19, 1.06114534009e-18, 1.19318745749e-18, 2.31169891044e-18, 2.23732399963e-18, 2.19264321846e-18, 2.42325600336e-18, 4.17682782357e-18, 4.06673297917e-18, 3.83790380247e-18, 6.37125030753e-18, 7.56623760663e-18, 6.42464688402e-18, 1.01153270131e-17, 1.26108084985e-17, 1.03412366558e-17, 1.26602879612e-17, 1.32260737099e-17, 1.17816004662e-17, 1.12641402632e-17, 1.09939880383e-17, 9.48770206898e-18, 7.15141810997e-18, 5.26335395999e-18, 2.13895547439e-18, 9.89599593779e-19, 2.64805226099e-19, 2.72375453818e-20], "dvar2": [0.00446659512818, 1.46799194813, 9.99711418152, 11.2740392685, 40.0675468445, 29.6898994446, 55.7449188232, 213.645874023, 1065.00720215, 1279.93164062, 2481.33813477, 2776.71020508, 1627.17224121, 1618.16638184, 1699.82092285, 2358.34545898, 8641.3203125, 3836.22509766, 7567.38574219, 2433.09277344, 2107.30102539, 2574.41845703, 7912.90771484, 2582.28955078, 793.975036621, 1374.78845215, 831.2578125, 648.516662598, 593.383056641, 286.824157715, 101.700119019, 25.71667099, 5.39247083664, 1.7963398695, 0.209629744291, 0.0758239254355, 0.0408962406218, 0.00214308290742, 3.30946641043e-05, 5.66137963176e-08], "dvar": [0.0016512402799, 0.523466110229, 3.67562031746, 4.20094108582, 14.4417066574, 11.3438386917, 22.1286621094, 87.8150787354, 513.773498535, 620.009643555, 1189.0357666, 1274.63635254, 697.277648926, 788.606384277, 709.041809082, 959.081970215, 4444.21875, 1879.00390625, 4138.17285156, 1467.82006836, 959.196716309, 1100.95385742, 3412.09375, 1057.9666748, 336.69430542, 574.045715332, 363.204620361, 283.421478271, 268.362915039, 125.17073822, 40.0215835571, 11.6010799408, 2.51751828194, 0.848050534725, 0.1028707847, 0.035866253078, 0.0176294539124, 0.000868913950399, 1.38005880217e-05, 2.3180311004e-08], "dmean": [0.0139543460682, 0.220298364758, 0.633997559547, 0.824571371078, 1.38742482662, 1.43753480911, 1.83102655411, 2.98029661179, 5.9504570961, 6.96607017517, 8.47521781921, 9.8209028244, 8.78963088989, 7.84756946564, 11.0231666565, 14.421336174, 21.832775116, 17.4988651276, 17.2792549133, 13.3885250092, 13.7330970764, 14.6086273193, 10.4689722061, 10.1624469757, 7.83709621429, 9.44407081604, 7.62901496887, 6.12177324295, 4.78613805771, 3.81737327576, 2.28144669533, 1.45483350754, 0.741707861423, 0.423442482948, 0.147580385208, 0.082759603858, 0.0521663017571, 0.0118165127933, 0.00148888863623, 5.92588585278e-05], "max": [0.377180844545, 6.10948133469, 21.7658519745, 33.6553955078, 61.6364555359, 66.5653991699, 106.952568054, 422.317718506, 1194.37316895, 1229.52185059, 1756.9901123, 1566.66699219, 812.465637207, 1094.99536133, 1086.26171875, 1337.60546875, 3773.2109375, 1635.94458008, 4392.11816406, 2384.67944336, 1359.24536133, 1484.7244873, 4859.27001953, 1968.16894531, 660.399353027, 1279.31835938, 804.343322754, 539.242431641, 404.331237793, 336.62020874, 217.404907227, 169.816772461, 79.9703674316, 29.0959224701, 12.2597894669, 7.60795068741, 4.12388706207, 0.534461557865, 0.0470109172165, 0.00228213588707], "var": [0.00121571740601, 0.333215862513, 2.64956998825, 3.8690571785, 11.7381124496, 13.0228071213, 27.5156841278, 138.651321411, 1006.34197998, 1062.90405273, 1973.26501465, 2471.50732422, 1482.78491211, 1359.17578125, 1699.73303223, 2471.81518555, 16704.5488281, 4673.10546875, 7826.03076172, 6412.33398438, 4618.02539062, 5011.46679688, 4995.85791016, 2938.09838867, 1448.4440918, 4568.28564453, 1126.5177002, 838.561035156, 615.18939209, 335.077941895, 106.404296875, 37.0791015625, 8.5985212326, 2.76930308342, 0.270252108574, 0.0634342432022, 0.0204490106553, 0.000833225785755, 1.29228646983e-05, 2.1188407473e-08], "mean": [0.0130358198658, 0.188897952437, 0.599637508392, 0.984743773937, 1.53469967842, 1.90073788166, 2.56479549408, 4.35577392578, 8.81109714508, 10.6450252533, 13.6860790253, 17.7964076996, 15.8687810898, 14.0297794342, 21.2093811035, 27.8792095184, 43.8242340088, 33.3147888184, 31.9117889404, 28.3106746674, 31.2838459015, 33.3108901978, 22.7320861816, 22.6753444672, 19.4200992584, 23.1326656342, 17.4143409729, 13.6886177063, 9.83003902435, 8.13236808777, 5.11988735199, 3.23360490799, 1.62136757374, 0.908678650856, 0.27687138319, 0.120044462383, 0.0580476410687, 0.0112430937588, 0.001336656278, 6.50285583106e-05]}, "spectral_strongpeak": {"dmean2": 1.18303728104, "median": 0.872633337975, "min": 0, "dvar2": 2.71370625496, "dvar": 1.13576745987, "dmean": 0.731944739819, "max": 21.9201869965, "var": 4.33577251434, "mean": 1.54330074787}, "spectral_energy": {"dmean2": 0.00564759364352, "median": 0.00781747698784, "min": 1.03851758502e-20, "dvar2": 7.65901640989e-05, "dvar": 3.41166742146e-05, "dmean": 0.00385817373171, "max": 0.102754317224, "var": 0.000137306531542, "mean": 0.0117955291644}, "average_loudness": 0.292182266712, "spectral_rolloff": {"dmean2": 1009.15533447, "median": 2368.65234375, "min": 64.599609375, "dvar2": 2332413.25, "dvar": 1108499.125, "dmean": 636.205078125, "max": 19315.2832031, "var": 4267867.5, "mean": 2834.92236328}, "spectral_centroid": {"dmean2": 427.089111328, "median": 1985.61962891, "min": 166.969451904, "dvar2": 255654.859375, "dvar": 136645.203125, "dmean": 297.201599121, "max": 11730.4501953, "var": 937564.3125, "mean": 2052.25585938}, "pitch_salience": {"dmean2": 0.104817084968, "median": 0.63114798069, "min": 0.164234444499, "dvar2": 0.0107680978253, "dvar": 0.00414089672267, "dmean": 0.0655716061592, "max": 0.909554123878, "var": 0.0116773881018, "mean": 0.622224569321}, "spectral_energyband_middle_high": {"dmean2": 0.00222036684863, "median": 0.00327361561358, "min": 1.26058670087e-21, "dvar2": 1.25001342894e-05, "dvar": 7.04111698724e-06, "dmean": 0.00163670955226, "max": 0.0940286591649, "var": 5.7433037e-05, "mean": 0.00581089360639}, "spectral_contrast_coeffs": {"dmean2": [0.0798167213798, 0.0753410533071, 0.0637573748827, 0.0508607886732, 0.036286406219, 0.0324506796896], "median": [-0.698666930199, -0.77198523283, -0.764088511467, -0.763369441032, -0.78598511219, -0.759681224823], "min": [-0.984077215195, -0.97806596756, -0.976891636848, -0.968961894512, -0.965100347996, -0.962921798229], "dvar2": [0.00462265592068, 0.0037244039122, 0.00265668006614, 0.00163408298977, 0.000839402258862, 0.000938469253015], "dvar": [0.00185904325917, 0.00161502684932, 0.00126450567041, 0.000767151592299, 0.000376230746042, 0.000469733960927], "dmean": [0.0491974689066, 0.0477119870484, 0.0420850515366, 0.0335629656911, 0.0231750831008, 0.0217105299234], "max": [-0.361341327429, -0.294515043497, -0.453072339296, -0.520344674587, -0.48065879941, -0.548914849758], "var": [0.00713621033356, 0.00632348144427, 0.00573442596942, 0.00420773401856, 0.00253675109707, 0.00283145555295], "mean": [-0.689208507538, -0.759517014027, -0.760281264782, -0.761189460754, -0.786684691906, -0.758169531822]}, "melbands_skewness": {"dmean2": 0.929615974426, "median": 0.87187063694, "min": -2.97359871864, "dvar2": 1.53661644459, "dvar": 0.676551520824, "dmean": 0.613066673279, "max": 12.8295927048, "var": 2.32004570961, "mean": 1.17890107632}, "spectral_spread": {"dmean2": 850544.5625, "median": 4117670, "min": 756389.5, "dvar2": 1613029834750.0, "dvar": 817771249664, "dmean": 635737.125, "max": 42380088, "var": 5778236243970.0, "mean": 4320130}, "dissonance": {"dmean2": 0.0272969957441, "median": 0.479826450348, "min": 0.147183224559, "dvar2": 0.000999933574349, "dvar": 0.000431106629549, "dmean": 0.0170327182859, "max": 0.500000119209, "var": 0.00115480751265, "mean": 0.468877851963}, "spectral_skewness": {"dmean2": 0.405873209238, "median": 1.32964348793, "min": -0.163335353136, "dvar2": 0.247948020697, "dvar": 0.114683590829, "dmean": 0.2642390728, "max": 8.99595737457, "var": 0.419648647308, "mean": 1.42691659927}, "spectral_flux": {"dmean2": 0.0240496452898, "median": 0.0484938845038, "min": 6.57400939241e-11, "dvar2": 0.000852938683238, "dvar": 0.000432691973401, "dmean": 0.0162226911634, "max": 0.375719159842, "var": 0.00150102609769, "mean": 0.0563250668347}, "spectral_contrast_valleys": {"dmean2": [0.712507843971, 0.677263379097, 0.594445168972, 0.527953147888, 0.445073217154, 0.480075985193], "median": [-8.05226516724, -7.2755947113, -7.56949949265, -7.7908782959, -7.44310808182, -10.0126838684], "min": [-27.7944984436, -27.7948226929, -27.7056312561, -27.6038703918, -27.4861965179, -27.4015617371], "dvar2": [0.392947822809, 0.390113681555, 0.297164201736, 0.272920906544, 0.280681490898, 0.46258482337], "dvar": [0.210088655353, 0.192433416843, 0.154235988855, 0.151993066072, 0.162327215075, 0.29045689106], "dmean": [0.463975191116, 0.446367383003, 0.408289581537, 0.389891088009, 0.341347545385, 0.417901724577], "max": [-5.49265193939, -5.00489711761, -5.08870029449, -5.59345436096, -5.33858108521, -7.35237264633], "var": [2.43121147156, 2.48027324677, 2.55347394943, 2.52923107147, 2.77046942711, 2.89060592651], "mean": [-8.43492221832, -7.5719628334, -7.86575269699, -8.06811141968, -7.79947710037, -10.4414863586]}, "erbbands_flatness_db": {"dmean2": 0.0321592763066, "median": 0.171536073089, "min": 0.0248639564961, "dvar2": 0.00115519657265, "dvar": 0.000688799831551, "dmean": 0.0246323235333, "max": 0