{"tonal": {"thpcp": [1, 0.692244112492, 0.486851215363, 0.313877880573, 0.190713688731, 0.193509697914, 0.195097118616, 0.210510581732, 0.278805315495, 0.336313605309, 0.355378180742, 0.381348878145, 0.339511632919, 0.300322473049, 0.405579954386, 0.419759720564, 0.302284181118, 0.236734241247, 0.20928299427, 0.233345672488, 0.530184447765, 0.724626064301, 0.4548176229, 0.230716139078, 0.204429015517, 0.20918135345, 0.224453508854, 0.235122576356, 0.264627307653, 0.34504544735, 0.379191845655, 0.326113194227, 0.293882787228, 0.309345394373, 0.431309819221, 0.848282694817], "hpcp": {"dmean2": [0.264863759279, 0.258005648851, 0.240092590451, 0.211128801107, 0.193878933787, 0.206171154976, 0.277593970299, 0.328533530235, 0.268010139465, 0.211223974824, 0.192631229758, 0.175699770451, 0.166185379028, 0.172849223018, 0.192446440458, 0.227664023638, 0.254404634237, 0.263795405626, 0.260938316584, 0.283134192228, 0.352250158787, 0.431391477585, 0.421517878771, 0.392976969481, 0.37048470974, 0.25178232789, 0.171986058354, 0.157928720117, 0.150123655796, 0.167242363095, 0.212171077728, 0.237057611346, 0.256626814604, 0.259322077036, 0.249250426888, 0.247253507376], "median": [0.0552856735885, 0.0619605146348, 0.0565067008138, 0.0372654087842, 0.0301447641104, 0.0417533889413, 0.166640892625, 0.233740314841, 0.140886262059, 0.0433619916439, 0.035859618336, 0.0394626706839, 0.0450955554843, 0.0470872558653, 0.0558246262372, 0.0674135163426, 0.0659373998642, 0.0574251562357, 0.0534812062979, 0.0534469895065, 0.106470741332, 0.332062005997, 0.41492074728, 0.263745874166, 0.109154812992, 0.0674979537725, 0.0339844897389, 0.0356643609703, 0.0374552793801, 0.0439912714064, 0.0521674491465, 0.057864960283, 0.0771846026182, 0.0894445329905, 0.0776437446475, 0.0572171807289], "min": [0, 0, 0, 0, 0, 0, 0, 0, 0, 0, 0, 0, 0, 0, 0, 0, 0, 0, 0, 0, 0, 0, 0, 0, 0, 0, 0, 0, 0, 0, 0, 0, 0, 0, 0, 0], "dvar2": [0.126419395208, 0.119388669729, 0.113419741392, 0.106733754277, 0.0945810303092, 0.0866180807352, 0.0961880087852, 0.121879674494, 0.0991360992193, 0.0971900746226, 0.0928409770131, 0.0819578021765, 0.0709457695484, 0.0703122019768, 0.082129791379, 0.0991564765573, 0.11464638263, 0.127370402217, 0.129546627402, 0.142410501838, 0.153262808919, 0.161282762885, 0.15277223289, 0.13583509624, 0.17851819098, 0.106084086001, 0.0751356557012, 0.0649385750294, 0.0575517825782, 0.0678733512759, 0.0943165421486, 0.108320444822, 0.116927713156, 0.112837016582, 0.115468524396, 0.114408567548], "dvar": [0.0499877780676, 0.0480755567551, 0.041565194726, 0.0404029116035, 0.0354461483657, 0.0320361703634, 0.0367372855544, 0.049817238003, 0.0357230529189, 0.0356784798205, 0.0334359146655, 0.0297961030155, 0.0263812374324, 0.0266266055405, 0.0308650657535, 0.0387038104236, 0.0460505522788, 0.0483380891383, 0.0482887141407, 0.0533490218222, 0.0569952204823, 0.0622653365135, 0.0684154704213, 0.0504545457661, 0.0654161423445, 0.0382866561413, 0.026962062344, 0.0237633176148, 0.021086210385, 0.0248333886266, 0.0356165468693, 0.04296015203, 0.0432954728603, 0.041308671236, 0.0420415364206, 0.0417253561318], "dmean": [0.152255803347, 0.149903804064, 0.136607319117, 0.119291976094, 0.109458692372, 0.115509063005, 0.165146410465, 0.198549166322, 0.156307131052, 0.118337921798, 0.106536656618, 0.0993706807494, 0.0954224094748, 0.099714435637, 0.110963642597, 0.133087098598, 0.147524163127, 0.150050267577, 0.146496891975, 0.158486247063, 0.200571998954, 0.25265866518, 0.251734226942, 0.229466855526, 0.20577159524, 0.140533939004, 0.0964061245322, 0.0896656066179, 0.0862896218896, 0.09426638484, 0.121566988528, 0.13642115891, 0.146652445197, 0.14789108932, 0.142090931535, 0.139823839068], "max": [1, 1, 1, 1, 1, 1, 1, 1, 1, 1, 1, 1, 1, 1, 1, 1, 1, 1, 1, 1, 1, 1, 1, 1, 1, 1, 1, 1, 1, 1, 1, 1, 1, 1, 1, 1], "var": [0.0799080431461, 0.0813433974981, 0.0436048991978, 0.0380447655916, 0.0315119586885, 0.0299900453538, 0.0638885498047, 0.105118609965, 0.0497821047902, 0.0300909783691, 0.026847621426, 0.0272439494729, 0.0277688521892, 0.0290755238384, 0.0346740595996, 0.0535291358829, 0.0655615478754, 0.0509505569935, 0.044506598264, 0.0498625449836, 0.0602010674775, 0.10751671344, 0.137183845043, 0.0782655701041, 0.0789434984326, 0.0384043566883, 0.0238381251693, 0.0226659122854, 0.0213587097824, 0.0243186745793, 0.0402051210403, 0.0586840957403, 0.051777344197, 0.0530465319753, 0.0466366931796, 0.0418994873762], "mean": [0.192298561335, 0.19902163744, 0.143322691321, 0.11224334687, 0.0992278307676, 0.110636718571, 0.25137758255, 0.343568623066, 0.215643718839, 0.109389975667, 0.0969263985753, 0.0991796329618, 0.106420658529, 0.111479207873, 0.125468358397, 0.163597196341, 0.179787099361, 0.154620796442, 0.139339327812, 0.146670639515, 0.204497918487, 0.40219822526, 0.474132299423, 0.328215301037, 0.230831891298, 0.148819640279, 0.0904235169291, 0.0917491987348, 0.0925018489361, 0.0998098626733, 0.132190600038, 0.159457147121, 0.168496280909, 0.180809825659, 0.16097342968, 0.142392590642]}, "tuning_equal_tempered_deviation": 0.237229526043, "chords_changes_rate": 0.0724684074521, "key_key": "A", "tuning_diatonic_strength": 0.600415408611, "key_scale": "minor", "chords_number_rate": 0.00143976963591, "tuning_frequency": 434.193115234, "tuning_nontempered_energy_ratio": 0.915804207325, "chords_histogram": [5.53511428833, 1.79171335697, 32.2188453674, 4.44728851318, 0.143976956606, 0.111982084811, 0, 21.676530838, 2.09566473961, 26.0278358459, 0.0479923225939, 0, 0, 0, 0.207966729999, 0, 0.143976956606, 0, 0.143976956606, 0.0639897584915, 0.0639897584915, 0.463925778866, 3.64741635323, 1.16781318188], "key_strength": 0.716322243214, "chords_key": "E", "chords_strength": {"dmean2": 0.013421965763, "median": 0.520755052567, "min": -1, "dvar2": 0.000735613401048, "dvar": 0.000397559691919, "dmean": 0.0116871166974, "max": 0.802268147469, "var": 0.0163196604699, "mean": 0.516553640366}, "chords_scale": "minor", "hpcp_entropy": {"dmean2": 1.20987641811, "median": 2.60650753975, "min": 0, "dvar2": 0.988084673882, "dvar": 0.358998119831, "dmean": 0.72483330965, "max": 4.69157743454, "var": 0.743449032307, "mean": 2.57549118996}}, "metadata": {"audio_properties": {"equal_loudness": 0, "codec": "mp3", "downmix": "mix", "sample_rate": 48000, "analysis_sample_rate": 44100, "bit_rate": 320030, "md5_encoded": "239e19e6726a921cf36cf4598094abf5", "length": 290.207977295, "replay_gain": -13.1581840515, "lossless": false}, "version": {"essentia_build_sha": "c0e182ba78c2de26e491b7b7a4a2c98c1ed34208", "essentia": "2.1-beta2", "extractor": "music 1.0", "essentia_git_sha": "v2.1_beta2-2-gbb40004"}, "tags": {"title": ["Bullet in the Head"], "language": ["eng"], "media": ["(CD)"], "albumartist": ["Rage Against the Machine"], "musicbrainz_recordingid": ["0fb9f5a3-bd53-4bce-ac1a-03fcaa0bbb63"], "musicbrainz_albumartistid": ["3798b104-01cb-484c-a3b0-56adc6399b80"], "discnumber": ["01/01"], "album": ["Unplugged and Rare"], "catalognumber": ["CD RATM001"], "musicbrainz album type": ["Live"], "musicbrainz album status": ["Bootleg"], "file_name": "10 Bullet in the Head.mp3", "acoustid_fingerprint": ["AQADtEoiKUmSLNGU4BMycceLHzzOHZYSXNkR69hO_PjxXjiHv0d-iD_C5Xj24MnRBc1D5McFRWqOZyMOfsIHMZPx5vDzgiVxNSOOE3py_EiP_jieZHgchsiPnoa457gOW9EF50en_Ki4iGig6_iO9CYuZQyeGz9-XMJ1lGyDIz8N7-gP3Q5qZUcaF7_h4YoDfgbFIZ939Kg0PRBJS3gk4kd6EX2P7xqeoxlD40g_4U57nIe4E4e7Dw9eOKiPnghzebgUfIf3IHr64Ty0hM6IPEe9CKVGOG6FKuzxK_jQD2Eu6Dryz-ijaDBu0njyED8-RH6g5dKQ_7h27DMa4p9wKQrsNni4Io2JP4SeJ8alw3rQPkIvOIm-Y--RE-eEyr2QT3zwCrVoaPke_MjDUPhQpfg541uO__iP8FqKC807otIf6FmFD0QXSiM8jS1xHVQ2PuhxiYuCiyFEXPtxMVKI3UcTFnIPjxlyh7hzPPiU7Pi7Ij2V4IeeY1tOdNeQZ1WMJjxqZRdK62ioXLiDJ0c5a2h-7FwQ9kXzC_PxTIRyDWrmCrHQHs1xhuhD_EZ35KOR7EdJDa-DK8dLWCGDMzki_qhVDT7xwBwPXbtw7_jhJxIik4elSMcXfMqIw7OMWosTXBxyH_-h6sX0hjnCnMIdjHqO5kKLZoxQf0eeoLyFb4kgJuGFHn_Q70h5wlPQB1fyoHLgJEysotbRJhfSPUh-_KiT_LiLZl5RZjleIJ8KfXsQa9GDK0bzYJbQJ_rxGv2H34JLOO4RetHxo9GE6sM_4UfzBDeRF2YU4kec8PC0HNWkHdlJDdcd-K0xM8SLKcuHUNahT2UQhzo-LsEfNEuMSszxXGA2ZSwcdaGElDtUyQjH5PgP5opBbTva6OiJ5gxV_Dg3o3uOJryD5MmL6Dp-fCPOaIelXLja4-GHo87g1kjOHOmPNkqOh8edonnKojIeR0cfHp72Yj08SkH6I6lS4sMvNG6Dx1Ewh3A0H3dVXEel4UHyCDmNRwkeomke4TSaH_3x4IuD5okwzULyIj9-3Erw8WjOozz-40oxSsmKD_-DZmyL6sKjDk-a4k5eeBceVjhdCY8wbgySR0a4Dq6kg6ISFn-Kw_nxNUS1kziX4zrCHOWknOglZOLwKUMaipbxXvBnDRcDfYcZ5cdDOoOYIzyuHLdF_EcfZUKzC3mgT4iPyd1hRUmNM0f8HIp-_Hhi3Eb4HM0QO3gq8siShiFRijum8OiNU9nxJW2RnoP60Mid4VkVVFIihKmy4FCK2kGThjxY7TjRZEXXEPfxqBp-NHGLOywOP5CZHP7Rh8en40a_BD60XwjP4JKFB4_xBHeOVx9q9fgRvhDfI-T24dNxB8XsI78Ec6wUnD5aiaiPHz4_aLKOC3nC4LpwhmjiRwj3YxS5HPqOnMtRSoePSe1xoyKiBRq_ItzeomGCfwbDVyuaHE-Yb6jFwkx27PANM-uR7J6EOIrUoXof7JKHPzAnPMmNmDbkHKFMhJSD5qcg_UEeOMcrFeeRQ7M2PAh-jJLwH-l16P1wuDpuCd4N7Ue1I-1O2JJwtDlCEVd2tLEHnbqgH83DEOGHH19EfJkxH43zI7QPPciPU-QiNNUXMCf6HE5NgflRSTv8oz5uJsaH6_hRkkj5IOFJ_DiLjxy6Bz_6LEfC2MhHYxfx8fjgHhfQ49WDHul-4YayLRmOfIJ_3DOeHD76EHnIok-hbGyHXMnxV8iR9DgDXzqux0HXoI90oXmKD30CP9Ow7Q86NkUyHWGIX-hJBn5m4XmK_Ic_Q3uOdleEnMfGw6EDj9LhBxGpJ_AapYI2KSSgZSRCPhkedMkNv_DRdxLeIc-OZGjECV8-_EF_NJNWHCeRRDlfhD76Xbh4mCR--EFPPC2q9Wh0hUPsw1Rz6A-uo2RmNGegSnvQD6mabMUFv-iDHFfC4YW2dId_QjxTVGp0VP4KMzry9Ui9VfAPzUK-46SDTkpYodlTvEYoKozRfMGPBynHHFcifHHxo-HCo2qIR3xkHKG88dCyrsTTHaeJMD_6FfnhiHkyPDn-IfzRHD8a8xFRHlf2CM2Xo6NmXMgP7VINH-GDvJYwNYfaMB1ufNAfIcyYBw-Dyw38HB_XDPkTIRk-9MN5on3gNsnROXpxJDnyo3F__Md3-FEc9CnykREe5viWo8sTNCePMxTO_Nh5NBe6KYtR_VDgSQ20_6hFw3Ei_CnSJkclKUKfGL4ONIxz7MmD0PoMcdKRXczxRXjQRylOHV8tdHuPJj-uXAmaNB7CTTp-wuOY4-FweeC5EKWUw-lx9SgP_RyeMMaDRiHR5sS0Q3xxDn9MvCueC7oJ72gdPMfJ4UcbZSXsiIZmEbkTXOiNJ1LRG78m5LfQXDs0UsgjHo_o4DfCH1om4VN4DtGPnheaZ9Fw5GuhfWim4-EOVWTQLi9O5HvwwGM-tGOHODm0E-mOK_nwvHgHR9GPXkNsc5B-hJuyiIFHClcOH64ioWIi4z9exHQOPV-IXHsK5hSaDJdK_Dr-FuGPK9KgsxVycngNp0du6Hg2IT32yPAz1M0RN9B6D2FUKcbFlEIfuEqQw8-hkUyIqT2uRdDkC_-Gi2jioNeQk8d1hHaEG74ORfqCvCvO40kSGaVO_LC2D9XxELkOjT_SvPguOGcEb9HxKBwAwQhDjhgEPACIMAWMMEIAoYQhyADFiDGACgSAAAIIRSRViCCjkBCAKEAAAAIhgxhDUhmAFAEACOAEIAIZYYQRwCIhEFGEAQAEVMQQAQQgAAgDGEDGMYQEItIoAoBABgzAEEAEMUGYEogQIwAhggCBAACACGYVQMAQRQARQihAADKOCEuAUAAIwBBAFAhhECMIAKMMcAIAIYQQiABmJCIAGKAoUYgIAgwBFAAAjKAICCKsMgRY4IQgQhgKECLAWCIIQIoBQqAUTAGEAFNEEIEEEAARQgwgDjlCpEGIIWMIIQBYJAhCzFhlFAGIEWKEoAAQRRQxwGgKgAKKCQYUEEIBBAwBjhBjHBIMCQYMV8wgrAAhIADGHFLOKAGEAACBAwARBhDFiFeKCBEIAQARR4EjAgkEACECaeIQBYAIaUUwwghFKDRIGCAIVwAIACDjgjAkGBWAG4OEEMoBgogQjBkJkBDAGQCAEAoICoAQBAIknEHKGeOEgkQYCwQRAAALALNKAQAQIwhoAYQhSgDgmQWECAIEIAoQg6ARRgEgIAACaWKgEQYyRAQgjgADlAKOMQEdgcgZR50ghBHBHFLACAGMSUAQwZRAiChBkGFAAAEAYgAJIAERQAgBhFBAAAYAQsABYAURxAllFDAEACAEMNQJoYgQgiBGgCAGCHAQAAQ4QwRAAkACFCCMAUSIQAKgQRiDgikjBAKCKIOUUIAIRogjQACGDCFEEWCAAMISoJBAWxEAjDAACG6QAkIA44gBAiFDAAOCOEWQIAYIoZAkQBAgkECAASMoJIYIQxBR0gEEDCBOEOIEs4AQghgQgBhggCGCESCEEgBAIgQgwApFIVQUEQMEAUJQwIggwgojhBBEAMGEEggY5hA0GCEBABDHESKUkEIhZSghABBoAEOELCMEQoIBwAA"], "date": ["1993"], "genre": ["Alternative rock"], "musicbrainz_releasegroupid": ["857ee84d-bc36-3895-9267-c29e11e9f5f0"], "script": ["Latin"], "musicbrainz_albumid": ["1e3a3c12-3ebb-401a-96c6-70258ccf3e24"], "artist": ["Rage Against the Machine"], "artistsort": ["Rage Against the Machine"], "tracknumber": ["10/15"], "label": ["Not On Label (Rage Against The Machine)"], "albumartistsort": ["Rage Against the Machine"], "acoustid_id": ["603e1a1f-9750-4615-862d-24d528ec4776"], "musicbrainz_artistid": ["3798b104-01cb-484c-a3b0-56adc6399b80"]}}, "rhythm": {"bpm_histogram_first_peak_bpm": {"dmean2": 0, "median": 167, "min": 167, "dvar2": 0, "dvar": 0, "dmean": 0, "max": 167, "var": 0, "mean": 167}, "bpm": 165.003768921, "bpm_histogram_second_peak_spread": {"dmean2": 0, "median": 0, "min": 0, "dvar2": 0, "dvar": 0, "dmean": 0, "max": 0, "var": 0, "mean": 0}, "bpm_histogram_first_peak_weight": {"dmean2": 0, "median": 0.325786173344, "min": 0.325786173344, "dvar2": 0, "dvar": 0, "dmean": 0, "max": 0.325786173344, "var": 0, "mean": 0.325786173344}, "onset_rate": 3.93830704689, "beats_position": [0.383129239082, 0.777868449688, 1.17260766029, 1.57895684242, 1.97369611263, 2.35682535172, 2.73995471001, 3.11147379875, 3.48299312592, 3.85451245308, 4.23764181137, 4.59755086899, 4.95746040344, 5.31736946106, 5.67727899551, 6.03718805313, 6.38548755646, 6.72217655182, 7.08208608627, 7.4303855896, 7.77868461609, 8.12698364258, 8.47528362274, 8.83519268036, 9.18349170685, 9.54340076447, 9.89170074463, 10.2516098022, 10.6115188599, 10.95981884, 11.3081178665, 11.6680269241, 12.0279359818, 12.387845993, 12.7477550507, 13.1076641083, 13.4675731659, 13.8158731461, 14.1641721725, 14.5240812302, 14.8839902878, 15.2322902679, 15.5921993256, 15.9521083832, 16.3004074097, 16.6487064362, 16.99700737, 17.3685264587, 17.7284355164, 18.0999546051, 18.4598636627, 18.8313827515, 19.179681778, 19.5395908356, 19.8878898621, 20.247800827, 20.6077098846, 20.9792289734, 21.339138031, 21.7106571198, 22.0821762085, 22.4420852661, 22.8019943237, 23.1619052887, 23.5334243774, 23.8933334351, 24.2416324615, 24.589931488, 24.9382305145, 25.286529541, 25.6348285675, 25.9831295013, 26.3314285278, 26.6797275543, 27.0280265808, 27.3763256073, 27.7246246338, 28.0845336914, 28.4328346252, 28.7811336517, 29.1410427094, 29.4893417358, 29.8492507935, 30.2207698822, 30.5690689087, 30.9173698425, 31.265668869, 31.6255779266, 31.9738769531, 32.3337860107, 32.7053070068, 33.0652160645, 33.4135131836, 33.7850341797, 34.1449432373, 34.5048522949, 34.8647613525, 35.2130622864, 35.5613594055, 35.9212684631, 36.269569397, 36.6062583923, 36.9545555115, 37.3144645691, 37.6627655029, 38.0226745605, 38.3825836182, 38.7424926758, 39.0907936096, 39.4507026672, 39.7873916626, 40.1356925964, 40.4839897156, 40.8438987732, 41.2154197693, 41.5753288269, 41.9352378845, 42.2835350037, 42.6318359375, 43.0033569336, 43.3632659912, 43.7231750488, 44.071472168, 44.4313812256, 44.7912902832, 45.1511993408, 45.4995002747, 45.8594093323, 46.2077102661, 46.5792274475, 46.9391365051, 47.2990455627, 47.6473464966, 48.018863678, 48.3671646118, 48.7386856079, 49.0985946655, 49.4585037231, 49.8184127808, 50.1667098999, 50.5266189575, 50.8865280151, 51.2464370728, 51.6063499451, 51.9894790649, 52.3493881226, 52.720905304, 53.0924263, 53.4639434814, 53.8354644775, 54.2069816589, 54.578502655, 54.9384117126, 55.2983207703, 55.6466217041, 56.0065307617, 56.3780479431, 56.7379570007, 57.1094779968, 57.4693870544, 57.8409042358, 58.2008171082, 58.5607261658, 58.9090232849, 59.2689323425, 59.6172332764, 59.9539222717, 60.3022193909, 60.6505203247, 61.0220413208, 61.3819503784, 61.741859436, 62.1133766174, 62.473285675, 62.8331947327, 63.1931037903, 63.5762329102, 63.9477539062, 64.3192749023, 64.67918396, 65.0274810791, 65.3757781982, 65.7356872559, 66.0839920044, 66.443901062, 66.8154220581, 67.1753311157, 67.5352401733, 67.8835372925, 68.2202224731, 68.5453033447, 68.8819961548, 69.2186813354, 69.5553741455, 69.9036712646, 70.2519683838, 70.6002731323, 70.9601821899, 71.3084793091, 71.6567764282, 72.0166854858, 72.3765945435, 72.7365036011, 73.0964126587, 73.4563217163, 73.8162307739, 74.1761474609, 74.5360565186, 74.8843536377, 75.2326507568, 75.580947876, 75.9408569336, 76.3007659912, 76.6606826782, 77.0205917358, 77.3805007935, 77.7287979126, 78.0887069702, 78.4370040894, 78.7853012085, 79.1452102661, 79.5051269531, 79.8766403198, 80.2365493774, 80.5964584351, 80.9563674927, 81.3046722412, 81.6645812988, 82.012878418, 82.3727874756, 82.7326965332, 83.0809936523, 83.4292984009, 83.77759552, 84.1258926392, 84.4741897583, 84.8224945068, 85.170791626, 85.5190887451, 85.8789978027, 86.2389068604, 86.5872116089, 86.935508728, 87.3070297241, 87.6669387817, 88.0268478394, 88.386756897, 88.7466659546, 89.0949630737, 89.4432601929, 89.7915649414, 90.1398620605, 90.4997711182, 90.8596801758, 91.2195892334, 91.579498291, 91.9277954102, 92.2761001587, 92.6243972778, 92.972694397, 93.3209991455, 93.6692962646, 94.0175933838, 94.3658905029, 94.7141952515, 95.0508804321, 95.3875732422, 95.7358703613, 96.0957794189, 96.4556884766, 96.8272094727, 97.1987304688, 97.5702438354, 97.95337677, 98.3132858276, 98.6848068237, 99.0331039429, 99.381401062, 99.7297058105, 100.089614868, 100.449523926, 100.821044922, 101.192558289, 101.564079285, 101.935600281, 102.295509338, 102.655418396, 102.992103577, 103.340408325, 103.677093506, 104.025398254, 104.373695374, 104.721992493, 105.070289612, 105.406982422, 105.755279541, 106.115188599, 106.475097656, 106.846618652, 107.229751587, 107.601264954, 107.984397888, 108.367523193, 108.727432251, 109.087341309, 109.435646057, 109.795555115, 110.155464172, 110.526985168, 110.898498535, 111.270019531, 111.641540527, 112.013061523, 112.38457489, 112.756095886, 113.15083313, 113.545578003, 113.940315247, 114.33505249, 114.683357239, 115.031654358, 115.379951477, 115.705032349, 116.053329468, 116.401634216, 116.749931335, 117.109840393, 117.469749451, 117.829658508, 118.189567566, 118.549476624, 118.909385681, 119.2576828, 119.617591858, 119.977500916, 120.337409973, 120.697319031, 121.045623779, 121.405532837, 121.765441895, 122.125350952, 122.473648071, 122.833557129, 123.181854248, 123.530158997, 123.878456116, 124.238365173, 124.598274231, 124.94657135, 125.294876099, 125.643173218, 125.991470337, 126.374603271, 126.757728577, 127.15246582, 127.547210693, 127.953559875, 128.359909058, 128.777862549, 129.172607422, 129.544128418, 129.915649414, 130.275558472, 130.623855591, 130.97215271, 131.320449829, 131.668746948, 132.028656006, 132.376953125, 132.736862183, 133.09677124, 133.468292236, 133.828201294, 134.188110352, 134.536407471, 134.884719849, 135.233016968, 135.592926025, 135.941223145, 136.312744141, 136.66104126, 137.020950317, 137.369247437, 137.729156494, 138.077453613, 138.437362671, 138.78565979, 139.133972168, 139.482269287, 139.853790283, 140.213699341, 140.573608398, 140.933517456, 141.293426514, 141.641723633, 141.990020752, 142.338317871, 142.68661499, 143.046524048, 143.406433105, 143.754730225, 144.103042603, 144.451339722, 144.811248779, 145.159545898, 145.519454956, 145.867752075, 146.227661133, 146.575958252, 146.93586731, 147.284164429, 147.632461548, 147.980773926, 148.352294922, 148.712203979, 149.072113037, 149.420410156, 149.768707275, 150.117004395, 150.465301514, 150.813598633, 151.17350769, 151.545028687, 151.904937744, 152.27645874, 152.647979736, 153.019500732, 153.402633667, 153.785751343, 154.157272339, 154.517181396, 154.877090454, 155.225387573, 155.585296631, 155.945205688, 156.305114746, 156.665023804, 157.0365448, 157.396453857, 157.744766235, 158.104675293, 158.452972412, 158.801269531, 159.14956665, 159.49786377, 159.846160889, 160.206069946, 160.565979004, 160.925888062, 161.285797119, 161.657318115, 162.017227173, 162.37713623, 162.737045288, 163.108566284, 163.491699219, 163.863220215, 164.223129272, 164.58303833, 164.919723511, 165.291244507, 165.651153564, 166.011062622, 166.382583618, 166.754104614, 167.137237549, 167.531967163, 167.926712036, 168.32144165, 168.716186523, 169.110931396, 169.505661011, 169.912017822, 170.306747437, 170.70149231, 171.084625244, 171.467758179, 171.850875854, 172.234008789, 172.617141724, 172.98866272, 173.371795654, 173.75491333, 174.138046265, 174.521179199, 174.904312134, 175.28742981, 175.670562744, 176.053695679, 176.448425293, 176.831558228, 177.214691162, 177.597824097, 177.980941772, 178.375686646, 178.75881958, 179.141952515, 179.536682129, 179.919815063, 180.302947998, 180.686080933, 181.069198608, 181.452331543, 181.835464478, 182.230194092, 182.601715088, 182.973236084, 183.34475708, 183.716278076, 184.087799072, 184.459320068, 184.830841064, 185.202362061, 185.562271118, 185.922180176, 186.282089233, 186.641998291, 187.013504028, 187.385025024, 187.756546021, 188.128067017, 188.499588013, 188.85949707, 189.219406128, 189.590927124, 189.96244812, 190.322357178, 190.693878174, 191.053787231, 191.413696289, 191.773605347, 192.145126343, 192.516647339, 192.876556396, 193.236465454, 193.607971191, 193.967880249, 194.327789307, 194.687713623, 195.047622681, 195.407531738, 195.767440796, 196.138946533, 196.522079468, 196.905212402, 197.276733398, 197.648254395, 198.03137207, 198.414505005, 198.797637939, 199.180770874, 199.55229187, 199.923812866, 200.295318604, 200.6668396, 201.038360596, 201.409881592, 201.781402588, 202.152923584, 202.536056519, 202.919174194, 203.29069519, 203.662216187, 204.045349121, 204.428482056, 204.811599731, 205.194732666, 205.577865601, 205.960998535, 206.344116211, 206.727249146, 207.098770142, 207.470291138, 207.853424072, 208.236557007, 208.619674683, 209.002807617, 209.385940552, 209.769073486, 210.152191162, 210.535324097, 210.918457031, 211.301589966, 211.684707642, 212.067840576, 212.450973511, 212.834106445, 213.217224121, 213.600357056, 213.98348999, 214.366622925, 214.749740601, 215.132873535, 215.504394531, 215.887527466, 216.2706604, 216.653778076, 217.036911011, 217.420043945, 217.791564941, 218.174682617, 218.557815552, 218.940948486, 219.324081421, 219.707214355, 220.090332031, 220.473464966, 220.868209839, 221.251327515, 221.634460449, 222.017593384, 222.38911438, 222.772247314, 223.15536499, 223.538497925, 223.921630859, 224.304763794, 224.68788147, 225.071014404, 225.454147339, 225.837280273, 226.20880127, 226.580307007, 226.963439941, 227.346572876, 227.729705811, 228.112823486, 228.495956421, 228.879089355, 229.26222229, 229.645339966, 230.0284729, 230.411605835, 230.79473877, 231.177871704, 231.56098938, 231.944122314, 232.315643311, 232.698776245, 233.081893921, 233.465026855, 233.84815979, 234.231292725, 234.6144104, 234.997543335, 235.38067627, 235.763809204, 236.14692688, 236.518447876, 236.901580811, 237.284713745, 237.66784668, 238.050964355, 238.43409729, 238.817230225, 239.200363159, 239.583480835, 239.96661377, 240.349746704, 240.732879639, 241.115997314, 241.499130249, 241.882263184, 242.265396118, 242.648529053, 243.02003479, 243.391555786, 243.763076782, 244.146209717, 244.529342651, 244.924072266, 245.3072052, 245.690338135, 246.073471069, 246.456588745, 246.83972168, 247.211242676, 247.59437561, 247.977508545, 248.360626221, 248.743759155, 249.12689209, 249.521621704, 249.869934082, 250.218231201, 250.578140259, 250.938049316, 251.309570312, 251.681091309, 252.052597046, 252.412506104, 252.772415161, 253.120727539, 253.480636597, 253.840545654, 254.212051392, 254.583572388, 254.943481445, 255.303390503, 255.663299561, 256.023223877, 256.394744873, 256.766265869, 257.137786865, 257.497680664, 257.85760498, 258.2059021, 258.565795898, 258.925720215, 259.297241211, 259.65713501, 260.028656006, 260.388580322, 260.736877441, 261.09677124, 261.445068359, 261.804992676, 262.164886475, 262.524810791, 262.87310791, 263.233001709, 263.592926025, 263.952819824, 264.301116943, 264.66104126, 265.009338379, 265.369232178, 265.729156494, 266.077453613, 266.43737793, 266.797271729, 267.145568848, 267.493865967, 267.853790283, 268.213684082, 268.561981201, 268.921905518, 269.281799316, 269.630096436, 269.978393555, 270.338317871, 270.69821167, 271.058135986, 271.418029785, 271.766357422, 272.114654541, 272.47454834, 272.834472656, 273.194366455, 273.554290771, 273.91418457, 274.274108887, 274.622406006, 274.970703125, 275.330596924, 275.69052124, 276.050415039, 276.410339355, 276.758636475, 277.130157471, 277.47845459, 277.826751709, 278.175048828, 278.534973145, 278.894866943, 279.243164062, 279.603088379, 279.962982178, 280.322906494, 280.682800293, 281.031097412, 281.379394531, 281.72769165, 282.07598877, 282.424316406, 282.772613525, 283.120910645, 283.469207764, 283.805877686, 284.154174805, 284.502502441, 284.850799561, 285.19909668, 285.547393799, 285.895690918, 286.243988037, 286.603881836, 286.940582275, 287.277282715, 287.625579834, 287.973876953, 288.333770752, 288.682067871, 289.03036499, 289.378692627, 289.726989746], "beats_loudness": {"dmean2": 0.0246267542243, "median": 0.0201156437397, "min": 0, "dvar2": 0.000470776372822, "dvar": 0.000153892076924, "dmean": 0.0138554126024, "max": 0.101947210729, "var": 0.000233796527027, "mean": 0.0236492659897}, "danceability": 1.13118362427, "bpm_histogram_second_peak_weight": {"dmean2": 0, "median": 0.262893080711, "min": 0.262893080711, "dvar2": 0, "dvar": 0, "dmean": 0, "max": 0.262893080711, "var": 0, "mean": 0.262893080711}, "beats_count": 796, "bpm_histogram_second_peak_bpm": {"dmean2": 0, "median": 172, "min": 172, "dvar2": 0, "dvar": 0, "dmean": 0, "max": 172, "var": 0, "mean": 172}, "bpm_histogram_first_peak_spread": {"dmean2": 0, "median": 0, "min": 0, "dvar2": 0, "dvar": 0, "dmean": 0, "max": 0, "var": 0, "mean": 0}, "beats_loudness_band_ratio": {"dmean2": [0.46758633852, 0.193732440472, 0.181387662888, 0.204540163279, 0.242440074682, 0.117085240781], "median": [0.378567278385, 0.124113447964, 0.0717180967331, 0.0484017767012, 0.119319416583, 0.0601002797484], "min": [0, 0, 0, 0, 0, 0], "dvar2": [0.111282974482, 0.0293848589063, 0.0413511916995, 0.0685691609979, 0.0642941370606, 0.0172378011048], "dvar": [0.0433119013906, 0.0109384870157, 0.0143750794232, 0.0238895229995, 0.02327430062, 0.00595596199855], "dmean": [0.263488471508, 0.113290801644, 0.100490927696, 0.113348782063, 0.136013448238, 0.065496198833], "max": [0.996289789677, 0.762605369091, 0.732538223267, 0.974806368351, 0.979217708111, 0.555118024349], "var": [0.0727708786726, 0.0160891227424, 0.0140669811517, 0.0222757663578, 0.0258948821574, 0.00557009037584], "mean": [0.413604289293, 0.158864051104, 0.10959173739, 0.105333559215, 0.164784014225, 0.0805154889822]}}, "lowlevel": {"barkbands_spread": {"dmean2": 10.3811454773, "median": 25.3796787262, "min": 0.0491254478693, "dvar2": 125.503082275, "dvar": 57.8058929443, "dmean": 6.8218331337, "max": 123.718330383, "var": 215.998977661, "mean": 26.0839958191}, "melbands_spread": {"dmean2": 15.5324478149, "median": 27.708568573, "min": 0.0504284314811, "dvar2": 329.333496094, "dvar": 155.305511475, "dmean": 10.2104787827, "max": 195.05847168, "var": 581.541259766, "mean": 31.9845294952}, "hfc": {"dmean2": 8.40625, "median": 11.1575088501, "min": 1.08011133422e-16, "dvar2": 155.471038818, "dvar": 76.3620376587, "dmean": 5.87377119064, "max": 156.832748413, "var": 301.888244629, "mean": 17.2432594299}, "barkbands_kurtosis": {"dmean2": 8.29373550415, "median": 0.527184963226, "min": -1.93412911892, "dvar2": 26522.046875, "dvar": 11912.7226562, "dmean": 5.54092121124, "max": 10601.5244141, "var": 13000.0302734, "mean": 6.93753385544}, "gfcc": {"mean": [-29.0216350555, 83.4088821411, -116.437072754, 43.4480705261, -39.6251792908, -4.7161860466, -34.6300468445, 5.26277303696, -22.5944271088, 0.599769949913, -17.4215278625, 3.4796962738, -12.8850011826], "icov": [[0.000756653724238, -0.00209697149694, 0.00206240150146, -0.00203098310158, 0.00163141393568, -0.00149321218487, 0.0016394064296, -0.00138621521182, 0.00135053845588, -0.00119618163444, 0.00161592452787, -0.00160261429846, 0.00123086117674], [-0.00209697149694, 0.00765181798488, -0.00603390485048, 0.00602172827348, -0.00510050123557, 0.00525663187727, -0.00475457496941, 0.00440090708435, -0.00341510283761, 0.00403477624059, -0.00477496767417, 0.00537119945511, -0.00329002272338], [0.00206240150146, -0.00603390485048, 0.0066026924178, -0.0061867069453, 0.00425010127947, -0.00414358777925, 0.00429453514516, -0.00371460360475, 0.00381044042297, -0.0039391675964, 0.00504067214206, -0.00483105611056, 0.00395571393892], [-0.00203098310158, 0.00602172827348, -0.0061867069453, 0.0087020965293, -0.00437886221334, 0.00356450211257, -0.00351586588658, 0.00392517214641, -0.00336533319205, 0.0037950091064, -0.00453052157536, 0.00519639998674, -0.00400756066665], [0.00163141393568, -0.00510050123557, 0.00425010127947, -0.00437886221334, 0.00683914171532, -0.00343066174537, 0.00254598958418, -0.00244185351767, 0.00274646678008, -0.00287317694165, 0.00434887688607, -0.00378264882602, 0.00142502831295], [-0.00149321218487, 0.00525663187727, -0.00414358777925, 0.00356450211257, -0.00343066174537, 0.00898878555745, -0.00369058921933, 0.00101208488923, -0.00106183544267, 0.00221900641918, -0.00391891086474, 0.00322239403613, -0.00321963592432], [0.0016394064296, -0.00475457496941, 0.00429453514516, -0.00351586588658, 0.00254598958418, -0.00369058921933, 0.0105619747192, -0.00430017895997, 0.00342437392101, -0.000645214458928, 0.000131510852952, -0.00200141198002, 0.00305541348644], [-0.00138621521182, 0.00440090708435, -0.00371460360475, 0.00392517214641, -0.00244185351767, 0.00101208488923, -0.00430017895997, 0.012054390274, -0.00443893671036, -0.000670140259899, 0.00229882821441, 0.000364472623914, -0.00143100274727], [0.00135053845588, -0.00341510283761, 0.00381044042297, -0.00336533319205, 0.00274646678008, -0.00106183544267, 0.00342437392101, -0.00443893671036, 0.0102846007794, -0.00282885832712, 0.000666586041916, 0.000231427737162, -0.000512448197696], [-0.00119618163444, 0.00403477624059, -0.0039391675964, 0.0037950091064, -0.00287317694165, 0.00221900641918, -0.000645214458928, -0.000670140259899, -0.00282885832712, 0.0110827675089, -0.00531645305455, 0.00312807247974, -0.000329034868628], [0.00161592452787, -0.00477496767417, 0.00504067214206, -0.00453052157536, 0.00434887688607, -0.00391891086474, 0.000131510852952, 0.00229882821441, 0.000666586041916, -0.00531645305455, 0.0181396882981, -0.0102619277313, 0.00417071068659], [-0.00160261429846, 0.00537119945511, -0.00483105611056, 0.00519639998674, -0.00378264882602, 0.00322239403613, -0.00200141198002, 0.000364472623914, 0.000231427737162, 0.00312807247974, -0.0102619277313, 0.0229399241507, -0.0106191849336], [0.00123086117674, -0.00329002272338, 0.00395571393892, -0.00400756066665, 0.00142502831295, -0.00321963592432, 0.00305541348644, -0.00143100274727, -0.000512448197696, -0.000329034868628, 0.00417071068659, -0.0106191849336, 0.0227407850325]], "cov": [[15521.9931641, 347.069610596, -2377.15966797, 468.517791748, -897.243408203, 320.240570068, -566.358703613, 297.460083008, -274.707702637, 51.5457267761, -210.844482422, 26.7656841278, -51.7574539185], [347.069610596, 890.101501465, 199.21887207, -75.3694229126, 173.003417969, -192.523208618, 74.1804885864, -140.339111328, -27.5299549103, -98.1864852905, 10.9192409515, -53.3228797913, -23.7858505249], [-2377.15966797, 199.21887207, 1373.01074219, 238.86265564, 115.109931946, 6.50720596313, -10.9084777832, 9.7329788208, -54.2176628113, 64.3413619995, -64.0695953369, -15.840886116, -39.4020729065], [468.517791748, -75.3694229126, 238.86265564, 387.679321289, -5.61891746521, 45.4989700317, -51.8620758057, 3.15767192841, -20.778968811, 2.24596524239, -23.9654846191, -7.5842871666, 4.88591480255], [-897.243408203, 173.003417969, 115.109931946, -5.61891746521, 364.498077393, -21.2043857574, 54.9091491699, -33.8737831116, -6.08633089066, -20.9594688416, -6.62184858322, -1.24287712574, 17.4214363098], [320.240570068, -192.523208618, 6.50720596313, 45.4989700317, -21.2043857574, 230.612075806, -0.436757594347, 62.8063926697, -28.588224411, 28.8353672028, -3.65909743309, 20.8828125, 9.88503837585], [-566.358703613, 74.1804885864, -10.9084777832, -51.8620758057, 54.9091491699, -0.436757594347, 184.776702881, -13.8290529251, -7.91143894196, -33.6486206055, 37.0881958008, -2.47084879875, -3.67557287216], [297.460083008, -140.339111328, 9.7329788208, 3.15767192841, -33.8737831116, 62.8063926697, -13.8290529251, 174.117889404, 25.2798690796, 56.2994155884, -45.3188858032, 8.33108997345, -0.124680295587], [-274.707702637, -27.5299549103, -54.2176628113, -20.778968811, -6.08633089066, -28.588224411, -7.91143894196, 25.2798690796, 155.896484375, 21.950460434, 10.4730730057, -11.854434967, 12.0169115067], [51.5457267761, -98.1864852905, 64.3413619995, 2.24596524239, -20.9594688416, 28.8353672028, -33.6486206055, 56.2994155884, 21.950460434, 150.153717041, 5.06314563751, 5.14678287506, -10.1897220612], [-210.844482422, 10.9192409515, -64.0695953369, -23.9654846191, -6.62184858322, -3.65909743309, 37.0881958008, -45.3188858032, 10.4730730057, 5.06314563751, 111.490226746, 29.7593250275, 5.73357486725], [26.7656841278, -53.3228797913, -15.840886116, -7.5842871666, -1.24287712574, 20.8828125, -2.47084879875, 8.33108997345, -11.854434967, 5.14678287506, 29.7593250275, 78.0438308716, 26.9396896362], [-51.7574539185, -23.7858505249, -39.4020729065, 4.88591480255, 17.4214363098, 9.88503837585, -3.67557287216, -0.124680295587, 12.0169115067, -10.1897220612, 5.73357486725, 26.9396896362, 63.494556427]]}, "spectral_energyband_middle_low": {"dmean2": 0.00857232883573, "median": 0.0047952812165, "min": 1.79602183724e-22, "dvar2": 0.000299473380437, "dvar": 0.000108688072942, "dmean": 0.00494655640796, "max": 0.0993686020374, "var": 9.45903011598e-05, "mean": 0.00758490059525}, "melbands_crest": {"dmean2": 5.45415258408, "median": 11.5866603851, "min": 1.56805992126, "dvar2": 25.7582530975, "dvar": 9.82582759857, "dmean": 3.3076198101, "max": 39.9908027649, "var": 26.8483791351, "mean": 12.5072841644}, "spectral_kurtosis": {"dmean2": 2.96420264244, "median": 4.22129106522, "min": -1.25191092491, "dvar2": 12.2729549408, "dvar": 4.49541568756, "dmean": 1.75583827496, "max": 52.6384162903, "var": 13.7558746338, "mean": 4.9640045166}, "spectral_rms": {"dmean2": 0.00116986758076, "median": 0.00350984954275, "min": 3.1025911007e-12, "dvar2": 2.45360047302e-06, "dvar": 1.04111563815e-06, "dmean": 0.000759498390835, "max": 0.0112108802423, "var": 2.81004281533e-06, "mean": 0.00375914131291}, "zerocrossingrate": {"dmean2": 0.0124850049615, "median": 0.06591796875, "min": 0, "dvar2": 0.000170102124684, "dvar": 0.000145325204358, "dmean": 0.0107241785154, "max": 0.62841796875, "var": 0.00244549079798, "mean": 0.0711309015751}, "silence_rate_60dB": {"dmean2": 0.0508881434798, "median": 0, "min": 0, "dvar2": 0.0580528564751, "dvar": 0.0247906800359, "dmean": 0.0254420358688, "max": 1, "var": 0.0565408691764, "mean": 0.0601599998772}, "erbbands_kurtosis": {"dmean2": 2.15892004967, "median": -0.254374504089, "min": -1.86169719696, "dvar2": 22.5125598907, "dvar": 10.5119504929, "dmean": 1.37825083733, "max": 147.022338867, "var": 36.4224739075, "mean": 1.0462423563}, "erbbands": {"dmean2": [0.0756286382675, 0.686888515949, 1.81037604809, 7.26571416855, 11.6162252426, 9.73871231079, 7.44162130356, 11.5079212189, 21.8216266632, 22.6652069092, 12.9618549347, 14.314332962, 21.8903579712, 28.2297058105, 17.5153331757, 21.5489425659, 22.8022003174, 23.9410076141, 31.0004405975, 26.5213050842, 40.7898330688, 34.6644172668, 30.365858078, 23.6633014679, 17.7523498535, 10.9336242676, 8.44696617126, 6.32786893845, 3.53481960297, 2.07614994049, 1.36091291904, 0.89470988512, 0.545273125172, 0.166321501136, 0.109849594533, 0.0682433918118, 0.0171499233693, 0.00256292102858, 5.76132224523e-05, 1.41155551319e-05], "median": [0.0243706125766, 0.275161623955, 0.651485562325, 1.98030281067, 3.15964174271, 4.74248504639, 4.29888772964, 4.7843875885, 3.92630720139, 3.88718318939, 3.45957994461, 3.61525058746, 3.74820375443, 3.29690623283, 3.05555295944, 4.02535295486, 4.10446357727, 6.97998905182, 6.76458263397, 8.29586410522, 16.4653282166, 17.42395401, 15.5234069824, 14.4251003265, 9.89571666718, 6.14795970917, 4.57217645645, 3.14890766144, 1.36410093307, 0.776515901089, 0.440171837807, 0.301411569118, 0.205005377531, 0.0801081955433, 0.0407507047057, 0.0175564400852, 0.00556525122374, 0.00685076601803, 0.000179512193426, 2.0285082428e-05], "min": [5.96089742603e-23, 3.04443258995e-22, 2.13455188954e-21, 7.30613899945e-21, 1.23923158741e-20, 2.95049185267e-20, 4.6090180614e-20, 7.20793812045e-20, 8.80096648808e-20, 1.32078565045e-19, 4.12907701325e-19, 2.51787962347e-19, 4.50740641947e-19, 3.51937562543e-19, 1.09424331794e-18, 9.07767132767e-19, 1.68996938592e-18, 1.7596052756e-18, 2.09568462257e-18, 2.91554179157e-18, 4.09987272964e-18, 4.57486051689e-18, 5.66500515489e-18, 5.02210714793e-18, 8.69180625437e-18, 9.05943096119e-18, 8.47948222602e-18, 9.81906400492e-18, 1.07592805025e-17, 1.07066734699e-17, 1.0683522339e-17, 1.07577560087e-17, 9.08882813298e-18, 7.23325605105e-18, 6.36006641206e-18, 3.74934915481e-18, 2.47259836088e-18, 9.33337353453e-19, 2.47442549945e-19, 2.81028150766e-20], "dvar2": [0.0268864184618, 2.01898908615, 14.9202060699, 383.506439209, 915.110961914, 565.068237305, 268.095184326, 1046.59350586, 6044.61083984, 6940.08496094, 2384.625, 2317.97875977, 6492.49609375, 13487.4072266, 5757.15087891, 6599.51855469, 9455.25195312, 5581.80273438, 15844.421875, 6332.1796875, 9130.02832031, 4801.72998047, 3507.32446289, 1978.51867676, 1276.2479248, 436.319213867, 322.574005127, 227.338577271, 95.203453064, 37.6311569214, 18.6057262421, 7.96911764145, 3.19373440742, 0.278390616179, 0.0679952278733, 0.0274476222694, 0.00169620860834, 1.38487393997e-05, 5.14790343686e-09, 5.01177987999e-10], "dvar": [0.0107486238703, 0.801560223103, 5.56033754349, 135.656509399, 320.337036133, 196.597824097, 98.9033050537, 393.623199463, 2212.22290039, 2515.99267578, 885.548278809, 928.34173584, 2715.34033203, 6016.61523438, 2305.93603516, 2681.75170898, 3754.03076172, 2215.56567383, 6181.40771484, 2610.13061523, 4167.88525391, 2253.27636719, 1537.8527832, 809.83605957, 521.84588623, 198.17175293, 142.895095825, 102.026092529, 44.8034248352, 16.9455986023, 8.83836174011, 3.72902393341, 1.48510837555, 0.134005576372, 0.0331481285393, 0.0122491829097, 0.000755151035264, 6.00336079515e-06, 2.26699059525e-09, 2.031772528e-10], "dmean": [0.0463979020715, 0.412082314491, 1.06486046314, 4.08152961731, 6.40854072571, 5.58209466934, 4.4044303894, 6.9213347435, 12.5944948196, 12.9133615494, 7.65538978577, 8.83091831207, 13.7225103378, 18.2874832153, 11.0436487198, 13.4342470169, 14.2836818695, 15.0239744186, 19.3523368835, 17.0363025665, 26.5085830688, 22.6596107483, 19.3894996643, 15.0038080215, 11.2251653671, 7.20679664612, 5.51104974747, 4.14482021332, 2.35986614227, 1.41509819031, 0.946250319481, 0.623338878155, 0.3766900599, 0.120234072208, 0.0773926973343, 0.0457093603909, 0.0114797782153, 0.00167285080533, 3.78736840503e-05, 9.03977161215e-06], "max": [1.70912373066, 14.8945970535, 32.3114051819, 131.969360352, 181.42199707, 232.110610962, 279.592102051, 564.993530273, 1033.64306641, 1181.03894043, 1160.1986084, 1082.77001953, 1286.83557129, 2426.66674805, 1444.87036133, 1146.88256836, 1645.45715332, 1658.05419922, 2793.52539062, 1209.62390137, 1969.6114502, 1174.24084473, 880.997619629, 773.282287598, 572.688110352, 256.104187012, 354.553161621, 310.415374756, 210.920303345, 183.529693604, 105.468894958, 73.4389724731, 40.8342895508, 17.5881633759, 4.96320915222, 2.18857812881, 0.581219673157, 0.0724300965667, 0.00127973256167, 0.000155511675985], "var": [0.0141295371577, 0.829541027546, 5.2073059082, 92.4873580933, 204.914642334, 167.21585083, 101.751426697, 356.120391846, 1636.07739258, 1776.64160156, 953.129455566, 1148.96179199, 2824.28710938, 7439.53857422, 3066.36450195, 3544.39770508, 4107.81640625, 2890.78198242, 6059.00097656, 3592.95458984, 15339.9707031, 6666.57519531, 3073.74243164, 1520.22131348, 1005.19750977, 430.412872314, 274.432067871, 187.875015259, 93.6143722534, 41.1181564331, 22.213552475, 10.2146062851, 3.2128868103, 0.365496098995, 0.0913268849254, 0.022316576913, 0.00140151509549, 2.39235469053e-05, 1.1984718995e-08, 4.14153544792e-10], "mean": [0.0711699053645, 0.541436612606, 1.37447309494, 4.53101158142, 6.76665878296, 8.5943069458, 7.03329229355, 9.67235088348, 12.9260110855, 13.0012636185, 10.7943983078, 12.5670890808, 15.8350887299, 21.8671970367, 15.4194850922, 18.8076820374, 17.9883518219, 22.0214500427, 25.9867744446, 25.6652145386, 50.5883483887, 44.0592918396, 33.8735084534, 27.5194149017, 20.2372493744, 13.2213220596, 9.96663188934, 7.27530431747, 4.15361738205, 2.68155622482, 1.80032157898, 1.2026361227, 0.686250209808, 0.255236297846, 0.148537158966, 0.0726723074913, 0.0188122820109, 0.00777310039848, 0.000197749352083, 2.60294891632e-05]}, "spectral_strongpeak": {"dmean2": 0.966097950935, "median": 0.31897225976, "min": 0, "dvar2": 2.873660326, "dvar": 1.18341779709, "dmean": 0.578780949116, "max": 16.1631298065, "var": 2.83611559868, "mean": 0.921309292316}, "