{"tonal": {"thpcp": [1, 0.855296552181, 0.545341134071, 0.52272695303, 0.483575671911, 0.488360762596, 0.581782400608, 0.510607004166, 0.42211663723, 0.437216103077, 0.379671633244, 0.328390806913, 0.342305660248, 0.358146071434, 0.554740190506, 0.879245340824, 0.780220210552, 0.522769510746, 0.555108606815, 0.508533239365, 0.519736945629, 0.706686615944, 0.615669488907, 0.407529234886, 0.37812384963, 0.347844719887, 0.355136334896, 0.466424643993, 0.506270706654, 0.581742405891, 0.70191180706, 0.55339974165, 0.353446215391, 0.333280980587, 0.389820963144, 0.656774818897], "hpcp": {"dmean2": [0.334474086761, 0.317806363106, 0.268999159336, 0.257546454668, 0.241619989276, 0.25076636672, 0.257020652294, 0.234135553241, 0.214453101158, 0.204353317618, 0.185081019998, 0.169886499643, 0.176659956574, 0.182809174061, 0.245872095227, 0.296560823917, 0.300920605659, 0.268980830908, 0.23973505199, 0.21663634479, 0.222847431898, 0.245779439807, 0.247481837869, 0.193978354335, 0.162095308304, 0.166437312961, 0.185675114393, 0.212133899331, 0.236415237188, 0.27111569047, 0.263530403376, 0.238410353661, 0.195916742086, 0.194420307875, 0.219734892249, 0.284963518381], "median": [0.200173690915, 0.169849991798, 0.102244608104, 0.078901655972, 0.0765698030591, 0.0782354921103, 0.0779711455107, 0.0639165490866, 0.0523071661592, 0.0512749254704, 0.0494741350412, 0.0522510185838, 0.0533093251288, 0.0566873885691, 0.113540969789, 0.167790457606, 0.145564451814, 0.0897327512503, 0.0592747740448, 0.057114481926, 0.0926608592272, 0.107451155782, 0.110311612487, 0.0722767785192, 0.055603466928, 0.0484787076712, 0.0616028532386, 0.0755524709821, 0.0810378789902, 0.0967625752091, 0.0875731632113, 0.0663894191384, 0.0504818558693, 0.0476486682892, 0.0569994673133, 0.124092645943], "min": [0, 0, 0, 0, 0, 0, 0, 0, 0, 0, 0, 0, 0, 0, 0, 0, 0, 0, 0, 0, 0, 0, 0, 0, 0, 0, 0, 0, 0, 0, 0, 0, 0, 0, 0, 0], "dvar2": [0.141805022955, 0.12700933218, 0.110165067017, 0.111966393888, 0.107940487564, 0.115859299898, 0.123519144952, 0.108316928148, 0.101521529257, 0.097323730588, 0.0885866954923, 0.0781668350101, 0.0777210891247, 0.0759894698858, 0.095237724483, 0.116349458694, 0.122335940599, 0.109488561749, 0.110063761473, 0.0950339138508, 0.0864064544439, 0.100041180849, 0.0982064306736, 0.0696377530694, 0.0600403659046, 0.0621577985585, 0.0747924223542, 0.0928710922599, 0.0999045297503, 0.122773230076, 0.125668972731, 0.109543964267, 0.0850495994091, 0.088900372386, 0.0915818437934, 0.11895750463], "dvar": [0.0546664074063, 0.0476412214339, 0.0397882461548, 0.0418486706913, 0.0395526438951, 0.0415501669049, 0.0469158701599, 0.0406789630651, 0.0378136262298, 0.0366285331547, 0.0321113318205, 0.0273519326001, 0.0275180637836, 0.0273508280516, 0.0343824326992, 0.0453754216433, 0.0450122132897, 0.0405850969255, 0.0423142537475, 0.034953225404, 0.0309244524688, 0.0382947921753, 0.0363828055561, 0.0256403740495, 0.0242466274649, 0.0232868660241, 0.0268176067621, 0.0337345637381, 0.0369495302439, 0.0443548336625, 0.0471728853881, 0.0400060452521, 0.0298451203853, 0.0319212675095, 0.0342094488442, 0.0429674163461], "dmean": [0.194127455354, 0.185837939382, 0.154092386365, 0.146828442812, 0.137978717685, 0.1433057338, 0.146894007921, 0.134353205562, 0.122284673154, 0.11635094136, 0.104519590735, 0.0962984114885, 0.100173689425, 0.103794544935, 0.142338246107, 0.172938078642, 0.174047723413, 0.153737381101, 0.1361977458, 0.124510750175, 0.129749774933, 0.143900066614, 0.143037766218, 0.111604206264, 0.0955592170358, 0.0964250639081, 0.105522356927, 0.121115423739, 0.137116327882, 0.15521171689, 0.151763617992, 0.136650621891, 0.110575951636, 0.110092781484, 0.124286971986, 0.163983106613], "max": [1, 1, 1, 1, 1, 1, 1, 1, 1, 1, 1, 1, 1, 1, 1, 1, 1, 1, 1, 1, 1, 1, 1, 1, 1, 1, 1, 1, 1, 1, 1, 1, 1, 1, 1, 1], "var": [0.111524112523, 0.0842872783542, 0.047490734607, 0.0565057210624, 0.0482285916805, 0.0467186756432, 0.0747599080205, 0.0602221637964, 0.0471893176436, 0.0524185337126, 0.0414063446224, 0.0278155989945, 0.0280014704913, 0.0293386131525, 0.045077573508, 0.101676948369, 0.0820125564933, 0.0477837435901, 0.0781146660447, 0.0675886645913, 0.0400809645653, 0.0867799222469, 0.0564638637006, 0.0314345471561, 0.0400127284229, 0.029649015516, 0.0271199159324, 0.0463458746672, 0.0509726256132, 0.0578523799777, 0.0951986536384, 0.0665544420481, 0.0313289351761, 0.0317092090845, 0.0371827632189, 0.0607927069068], "mean": [0.337401419878, 0.288578271866, 0.183998882771, 0.176368817687, 0.163159117103, 0.164773613214, 0.196294203401, 0.172279536724, 0.142422750592, 0.147517338395, 0.128101751208, 0.110799528658, 0.115494415164, 0.120838992298, 0.187170132995, 0.296658635139, 0.263247400522, 0.176383182406, 0.18729442358, 0.171579837799, 0.175359979272, 0.238437071443, 0.207727760077, 0.137500941753, 0.127579525113, 0.1173633039, 0.119823500514, 0.15737234056, 0.170816451311, 0.19628071785, 0.2368260324, 0.186717867851, 0.119253255427, 0.112449474633, 0.131526142359, 0.221596747637]}, "tuning_equal_tempered_deviation": 0.100000046194, "chords_changes_rate": 0.0730837807059, "key_key": "D", "tuning_diatonic_strength": 0.602534890175, "key_scale": "major", "chords_number_rate": 0.00407435698435, "tuning_frequency": 447.691040039, "tuning_nontempered_energy_ratio": 0.787358760834, "chords_histogram": [11.6883115768, 0.229182586074, 18.1308879852, 1.80799591541, 1.85892534256, 1.78253114223, 0.280112057924, 2.26636099815, 0.662083029747, 0.68754774332, 0, 0, 2.97937345505, 1.78253114223, 2.77565574646, 6.13700008392, 6.54443597794, 5.52584648132, 0.68754774332, 8.02138996124, 1.01858925819, 0.229182586074, 21.3139801025, 3.59052705765], "key_strength": 0.718722939491, "chords_key": "G", "chords_strength": {"dmean2": 0.0126337390393, "median": 0.518642365932, "min": -1, "dvar2": 0.0010485938983, "dvar": 0.000568671384826, "dmean": 0.0111201805994, "max": 0.803134083748, "var": 0.0235333312303, "mean": 0.507986485958}, "chords_scale": "major", "hpcp_entropy": {"dmean2": 1.12899255753, "median": 2.34250187874, "min": 0, "dvar2": 0.948077440262, "dvar": 0.343011587858, "dmean": 0.673026382923, "max": 4.55856752396, "var": 0.70603454113, "mean": 2.33542466164}}, "metadata": {"audio_properties": {"equal_loudness": 0, "codec": "flac", "downmix": "mix", "sample_rate": 44100, "analysis_sample_rate": 44100, "bit_rate": 0, "md5_encoded": "33d8ff97df0998784dfe73ec542ed661", "length": 182.306671143, "replay_gain": -14.460767746, "lossless": true}, "version": {"essentia_build_sha": "ca57ba49d9b1854bd80e60cf9ccf267278fb7d6b", "essentia": "2.1-beta1", "extractor": "music 1.0", "essentia_git_sha": "v2.1_beta1-28-g21ef5f4-dirty"}, "tags": {"title": ["Mr. Morgan"], "albumartist": ["Avail"], "date": ["1994"], "file_name": "14 - Mr. Morgan.flac", "tracktotal": ["23"], "musicbrainz_releasegroupid": ["65e35082-7a15-3cc2-b9d0-52877ffe1a9c"], "musicbrainz_recordingid": ["0fc05095-4acc-41ac-83a8-9765b9c6edbe"], "musicbrainz_albumartistid": ["d67ff511-57b8-4d02-94d3-6c6a331c2ae4"], "musicbrainz_albumid": ["c1243e23-16ce-4b62-92a5-89a9a97ea4f1"], "artist": ["Avail"], "tracknumber": ["14"], "artistsort": ["Avail"], "album": ["Dixie"], "albumartistsort": ["Avail"], "acoustid_id": ["0f7ebce9-dd29-43e3-b5ce-4417bb661b23"], "musicbrainz_artistid": ["d67ff511-57b8-4d02-94d3-6c6a331c2ae4"], "totaltracks": ["23"]}}, "rhythm": {"bpm_histogram_first_peak_bpm": {"dmean2": 0, "median": 99, "min": 99, "dvar2": 0, "dvar": 0, "dmean": 0, "max": 99, "var": 0, "mean": 99}, "bpm": 99.083694458, "bpm_histogram_second_peak_spread": {"dmean2": 0, "median": 0.545454502106, "min": 0.545454502106, "dvar2": 0, "dvar": 0, "dmean": 0, "max": 0.545454502106, "var": 0, "mean": 0.545454502106}, "bpm_histogram_first_peak_weight": {"dmean2": 0, "median": 0.313333332539, "min": 0.313333332539, "dvar2": 0, "dvar": 0, "dmean": 0, "max": 0.313333332539, "var": 0, "mean": 0.313333332539}, "onset_rate": 3.24149847031, "beats_position": [0.568888902664, 1.16099774837, 1.74149656296, 2.33360528946, 2.91410422325, 3.49460315704, 4.08671188354, 4.65560102463, 5.21287965775, 5.7701587677, 6.32743740082, 6.8963265419, 7.4303855896, 7.94122457504, 8.46367359161, 8.98612213135, 9.52018165588, 10.0310201645, 10.5418596268, 11.0526981354, 11.5751476288, 12.0975961685, 12.6200447083, 13.1424942017, 13.6533327103, 14.1525621414, 14.6401815414, 15.1858501434, 15.7315187454, 16.2887973785, 16.8460769653, 17.4149665833, 17.9722442627, 18.5295238495, 19.0868015289, 19.6440811157, 20.2129707336, 20.758638382, 21.3159179688, 21.8848075867, 22.4536952972, 23.010974884, 23.5682544708, 24.1255321503, 24.6828117371, 25.2400894165, 25.8089790344, 26.3662586212, 26.9351463318, 27.4924259186, 28.0497055054, 28.6069831848, 29.1758728027, 29.7447605133, 30.3252601624, 30.9173698425, 31.5094776154, 32.1015853882, 32.6936950684, 33.2858047485, 33.8779144287, 34.4700202942, 35.0621299744, 35.7006797791, 36.3508377075, 37.000995636, 37.6395454407, 38.2664833069, 38.8934249878, 39.520362854, 40.1473007202, 40.7858505249, 41.4243965149, 42.0745582581, 42.7014961243, 43.3516540527, 43.9785919189, 44.6287536621, 45.2672996521, 45.9058494568, 46.5560073853, 47.1945571899, 47.8447151184, 48.5064849854, 49.1798629761, 49.8532409668, 50.5150108337, 51.1767807007, 51.8501586914, 52.5003166199, 53.1620864868, 53.8006324768, 54.45079422, 55.1009521484, 55.7511100769, 56.4012680054, 57.0514259338, 57.701587677, 58.3285255432, 58.9438552856, 59.5707931519, 60.2093429565, 60.8362808228, 61.463218689, 62.0901565552, 62.7170982361, 63.32081604, 63.9477539062, 64.5863037109, 65.2248535156, 65.8517913818, 66.478729248, 67.1172790527, 67.7558288574, 68.4175949097, 69.0793609619, 69.7295227051, 70.3796844482, 71.0182266235, 71.6567764282, 72.2953262329, 72.9454879761, 73.5956420898, 74.2574157715, 74.9075698853, 75.5345077515, 76.1846694946, 76.8116073608, 77.461769104, 78.1003189087, 78.738861084, 79.3890228271, 80.0507888794, 80.712562561, 81.3859405518, 82.047706604, 82.7094802856, 83.3712463379, 84.0446243286, 84.7063903809, 85.3449401855, 85.9951019287, 86.6336517334, 87.2605895996, 87.8991394043, 88.537689209, 89.1646270752, 89.7799530029, 90.3952789307, 91.0222167969, 91.6607666016, 92.2993164062, 92.9378662109, 93.5764160156, 94.2033538818, 94.8186798096, 95.4340133667, 96.0493392944, 96.6878890991, 97.3148269653, 97.95337677, 98.5919265747, 99.2304763794, 99.8458023071, 100.472740173, 101.09967804, 101.726615906, 102.353561401, 102.980499268, 103.595825195, 104.211151123, 104.814872742, 105.41859436, 106.033920288, 106.649246216, 107.264579773, 107.879905701, 108.495239258, 109.110565186, 109.725891113, 110.34122467, 110.956550598, 111.571876526, 112.187210083, 112.802536011, 113.406257629, 114.009971619, 114.602081299, 115.194190979, 115.786300659, 116.378410339, 116.97052002, 117.5626297, 118.166343689, 118.758453369, 119.350563049, 119.954284668, 120.546394348, 121.138504028, 121.742218018, 122.322715759, 122.891609192, 123.495323181, 124.0990448, 124.702766418, 125.306480408, 125.921813965, 126.525527954, 127.129249573, 127.7445755, 128.336685181, 128.94039917, 129.544128418, 130.147842407, 130.751556396, 131.355285645, 131.958999634, 132.574325562, 133.189651489, 133.804992676, 134.420318604, 135.035644531, 135.639358521, 136.254684448, 136.858413696, 137.462127686, 138.065841675, 138.681182861, 139.284896851, 139.900222778, 140.515548706, 141.130874634, 141.734603882, 142.338317871, 142.94203186, 143.557373047, 144.149475098, 144.741577148, 145.333694458, 145.914199829, 146.517913818, 147.110015869, 147.702133179, 148.305847168, 148.909561157, 149.524902344, 150.093780518, 150.651062012, 151.185119629, 151.719177246, 152.253234863, 152.78729248, 153.332962036, 153.878631592, 154.401092529, 154.935150146, 155.457595825, 155.980041504, 156.560546875, 157.152648926, 157.744766235, 158.336868286, 158.940582275, 159.544311523, 160.136413574, 160.728515625, 161.332244873, 161.947570801, 162.539672852, 163.131790161, 163.73550415, 164.350830078, 164.954559326, 165.558273315, 166.161987305, 166.777328491, 167.38104248, 167.98475647, 168.588470459, 169.192199707, 169.795913696, 170.399627686, 171.003356934, 171.607070923, 172.199172974, 172.802902222, 173.406616211, 174.0103302, 174.614059448, 175.217773438, 175.821487427, 176.425216675, 177.028930664, 177.632644653, 178.236373901, 178.816864014, 179.397369385, 179.977859497, 180.558364868, 181.138870239, 181.719360352], "beats_loudness": {"dmean2": 0.0178278405219, "median": 0.0326371006668, "min": 4.22332924188e-09, "dvar2": 0.000288351235213, "dvar": 9.78218158707e-05, "dmean": 0.0103469565511, "max": 0.0882307291031, "var": 0.0002007662697, "mean": 0.0324232876301}, "danceability": 1.04079627991, "bpm_histogram_second_peak_weight": {"dmean2": 0, "median": 0.10000000149, "min": 0.10000000149, "dvar2": 0, "dvar": 0, "dmean": 0, "max": 0.10000000149, "var": 0, "mean": 0.10000000149}, "beats_count": 301, "bpm_histogram_second_peak_bpm": {"dmean2": 0, "median": 94, "min": 94, "dvar2": 0, "dvar": 0, "dmean": 0, "max": 94, "var": 0, "mean": 94}, "bpm_histogram_first_peak_spread": {"dmean2": 0, "median": 0.443786978722, "min": 0.443786978722, "dvar2": 0, "dvar": 0, "dmean": 0, "max": 0.443786978722, "var": 0, "mean": 0.443786978722}, "beats_loudness_band_ratio": {"dmean2": [0.383020281792, 0.244531899691, 0.156098142266, 0.176268026233, 0.11461789906, 0.121109172702], "median": [0.255574375391, 0.201678097248, 0.110499031842, 0.0867540314794, 0.0811507850885, 0.0964515954256], "min": [1.40711690619e-05, 8.54097379488e-06, 3.37833698723e-05, 4.74687913083e-05, 2.91006854241e-05, 0.00023864848481], "dvar2": [0.106674976647, 0.0357886739075, 0.0157982129604, 0.0359696596861, 0.0119837913662, 0.0166878197342], "dvar": [0.0319817215204, 0.011846116744, 0.00619514612481, 0.012819673866, 0.00417872564867, 0.00755582982674], "dmean": [0.211926743388, 0.134676590562, 0.0851662606001, 0.100126057863, 0.0655726194382, 0.070392370224], "max": [0.960007548332, 0.992124557495, 0.598595559597, 0.62855052948, 0.415805071592, 0.994679391384], "var": [0.046617127955, 0.0375201031566, 0.00890492554754, 0.0189254563302, 0.00678947288543, 0.0179624352604], "mean": [0.313333272934, 0.2471152246, 0.125503495336, 0.140757873654, 0.0999862626195, 0.128503248096]}}, "lowlevel": {"barkbands_spread": {"dmean2": 10.7619447708, "median": 29.7909698486, "min": 0.1003106758, "dvar2": 188.157669067, "dvar": 88.9156188965, "dmean": 7.06750106812, "max": 155.885482788, "var": 366.707305908, "mean": 32.2651023865}, "melbands_spread": {"dmean2": 12.8604917526, "median": 32.2345542908, "min": 0.557185232639, "dvar2": 236.195114136, "dvar": 102.822662354, "dmean": 8.13801670074, "max": 261.619598389, "var": 615.72454834, "mean": 33.9712295532}, "hfc": {"dmean2": 12.6330022812, "median": 31.0720405579, "min": 1.24048028065e-16, "dvar2": 324.749786377, "dvar": 152.443405151, "dmean": 8.63006496429, "max": 192.365463257, "var": 621.007995605, "mean": 34.306842804}, "barkbands_kurtosis": {"dmean2": 8.20812988281, "median": 0.062596321106, "min": -1.95045030117, "dvar2": 5127.86083984, "dvar": 1928.99743652, "dmean": 5.24203920364, "max": 2906.2722168, "var": 31824.7558594, "mean": 18.3278827667}, "gfcc": {"mean": [26.6520366669, 64.3045730591, -105.911056519, 21.8340320587, -43.2818107605, 1.81842148304, -37.3701057434, 3.59883165359, -28.2117862701, 6.27331924438, -9.64311885834, 2.61086845398, -12.4581365585], "icov": [[0.000151879517944, -9.53593771555e-05, 0.000123075340525, -0.000155026151333, 0.000106895604404, -2.38156681007e-05, 0.00023906675051, -0.000461683986941, 0.000726043013856, -0.000647143693641, 0.000626087188721, -0.000754333275836, 0.000532753416337], [-9.53593771555e-05, 0.00136127648875, 0.000631557020824, -0.00106191739906, -0.00107597815804, 0.00111284817103, -0.000417800794821, 0.000416949013015, -3.19604223478e-05, 0.000960958481301, -0.00163613760378, 0.00178282265551, -0.000655398878735], [0.000123075340525, 0.000631557020824, 0.00174667476676, -0.000216394633753, -0.00112984585576, 1.91390381588e-06, 4.17957598984e-05, 0.00057825417025, -0.000770748825744, -0.0006421568105, 0.00101582799107, -0.000834867940284, 0.000882281048689], [-0.000155026151333, -0.00106191739906, -0.000216394633753, 0.00588949723169, 0.00116444204468, -0.00199084100313, 0.000868462317158, -0.000635581905954, -0.00205418351106, -0.000672455411404, 0.000326186185703, 0.00180912727956, -0.00220597186126], [0.000106895604404, -0.00107597815804, -0.00112984585576, 0.00116444204468, 0.00572542799637, 8.2358616055e-05, -0.00158706901129, -0.00125142280012, -0.000832683930639, 0.000192233826965, -0.00107307871804, -0.00195422116667, -0.000253635836998], [-2.38156681007e-05, 0.00111284817103, 1.91390381588e-06, -0.00199084100313, 8.2358616055e-05, 0.0073917559348, -0.0042491578497, -0.00259982259013, 0.00191590469331, 0.000395428476622, 0.000108829641249, -0.000945472973399, 0.00234769424424], [0.00023906675051, -0.000417800794821, 4.17957598984e-05, 0.000868462317158, -0.00158706901129, -0.0042491578497, 0.0113800428808, -0.0025190722663, 8.61267690198e-05, 0.00045142849558, -0.00101602659561, -0.000851233606227, 0.000551916775294], [-0.000461683986941, 0.000416949013015, 0.00057825417025, -0.000635581905954, -0.00125142280012, -0.00259982259013, -0.0025190722663, 0.0162994470447, -0.00891440641135, -0.000721135176718, 0.00408321758732, -0.00291093834676, 0.00219099852256], [0.000726043013856, -3.19604223478e-05, -0.000770748825744, -0.00205418351106, -0.000832683930639, 0.00191590469331, 8.61267690198e-05, -0.00891440641135, 0.0199815444648, -0.00466648861766, -0.00207735202275, 0.00618124986067, -0.00351539347321], [-0.000647143693641, 0.000960958481301, -0.0006421568105, -0.000672455411404, 0.000192233826965, 0.000395428476622, 0.00045142849558, -0.000721135176718, -0.00466648861766, 0.0209096968174, -0.00482493964955, -0.00406373664737, 0.0033431306947], [0.000626087188721, -0.00163613760378, 0.00101582799107, 0.000326186185703, -0.00107307871804, 0.000108829641249, -0.00101602659561, 0.00408321758732, -0.00207735202275, -0.00482493964955, 0.021005326882, -0.0121989799663, 0.00166118622292], [-0.000754333275836, 0.00178282265551, -0.000834867940284, 0.00180912727956, -0.00195422116667, -0.000945472973399, -0.000851233606227, -0.00291093834676, 0.00618124986067, -0.00406373664737, -0.0121989799663, 0.0341405570507, -0.0139226634055], [0.000532753416337, -0.000655398878735, 0.000882281048689, -0.00220597186126, -0.000253635836998, 0.00234769424424, 0.000551916775294, 0.00219099852256, -0.00351539347321, 0.0033431306947, 0.00166118622292, -0.0139226634055, 0.0267257764935]], "cov": [[23084.9003906, -729.33782959, -1657.64025879, 560.229309082, -1177.34313965, 740.024047852, -336.925231934, 579.965332031, -812.003417969, 539.827880859, -636.249633789, 253.48765564, -496.599243164], [-729.33782959, 2339.53637695, -828.279724121, 228.309997559, 208.537536621, -476.792510986, -94.1394195557, -188.562576294, 33.3797836304, -130.876480103, 200.377426147, -81.0360717773, 145.45652771], [-1657.64025879, -828.279724121, 1178.65649414, -124.320251465, 186.942901611, 144.956176758, 100.303329468, 54.2784347534, 101.869445801, 40.2779502869, -29.2625980377, 27.8565235138, -29.2290630341], [560.229309082, 228.309997559, -124.320251465, 267.136138916, -50.6074562073, 34.4637947083, -13.5039453506, 36.0597801208, 21.6244869232, 8.60315704346, -16.97215271, -22.6984958649, 5.39844274521], [-1177.34313965, 208.537536621, 186.942901611, -50.6074562073, 336.953216553, -37.5234146118, 74.8185043335, -0.475777357817, 67.2560119629, -16.1138401031, 75.2421188354, 19.3079929352, 39.4663658142], [740.024047852, -476.792510986, 144.956176758, 34.4637947083, -37.5234146118, 354.686462402, 116.032554626, 123.122558594, -14.547542572, 43.1461334229, -61.377155304, 24.0311203003, -63.3645629883], [-336.925231934, -94.1394195557, 100.303329468, -13.5039453506, 74.8185043335, 116.032554626, 159.545684814, 52.9730911255, 26.1431922913, 4.01963567734, 10.2289066315, 12.6716661453, -8.23704338074], [579.965332031, -188.562576294, 54.2784347534, 36.0597801208, -0.475777357817, 123.122558594, 52.9730911255, 145.918869019, 32.8825492859, 35.514465332, -42.1235694885, 9.66316890717, -31.3422489166], [-812.003417969, 33.3797836304, 101.869445801, 21.6244869232, 67.2560119629, -14.547542572, 26.1431922913, 32.8825492859, 115.619216919, 1.46021270752, 20.1546134949, -17.3000583649, 18.8679008484], [539.827880859, -130.876480103, 40.2779502869, 8.60315704346, -16.1138401031, 43.1461334229, 4.01963567734, 35.514465332, 1.46021270752, 79.7976074219, -2.66841125488, 23.1963329315, -19.067522049], [-636.249633789, 200.377426147, -29.2625980377, -16.97215271, 75.2421188354, -61.377155304, 10.2289066315, -42.1235694885, 20.1546134949, -2.66841125488, 109.55418396, 24.5857524872, 35.4929466248], [253.48765564, -81.0360717773, 27.8565235138, -22.6984958649, 19.3079929352, 24.0311203003, 12.6716661453, 9.66316890717, -17.3000583649, 23.1963329315, 24.5857524872, 64.294303894, 13.9733428955], [-496.599243164, 145.45652771, -29.2290630341, 5.39844274521, 39.4663658142, -63.3645629883, -8.23704338074, -31.3422489166, 18.8679008484, -19.067522049, 35.4929466248, 13.9733428955, 70.9143371582]]}, "spectral_energyband_middle_low": {"dmean2": 0.00774502940476, "median": 0.00989868026227, "min": 2.47095216887e-22, "dvar2": 0.000125342485262, "dvar": 4.57876813016e-05, "dmean": 0.00464687356725, "max": 0.086953215301, "var": 6.43454841338e-05, "mean": 0.0114592500031}, "melbands_crest": {"dmean2": 4.65787267685, "median": 10.0624485016, "min": 1.70001006126, "dvar2": 18.4905071259, "dvar": 7.35595941544, "dmean": 2.86812520027, "max": 31.6702442169, "var": 24.0192947388, "mean": 11.3430147171}, "spectral_kurtosis": {"dmean2": 2.43036437035, "median": 4.09879589081, "min": -1.14867997169, "dvar2": 34.4773406982, "dvar": 10.6422290802, "dmean": 1.43609893322, "max": 65.1619338989, "var": 32.6334571838, "mean": 5.23896980286}, "spectral_rms": {"dmean2": 0.00120017584413, "median": 0.00499571254477, "min": 3.27657822749e-12, "dvar2": 2.2567396627e-06, "dvar": 9.18665136851e-07, "dmean": 0.000751800253056, "max": 0.0115869026631, "var": 2.48475794251e-06, "mean": 0.00491121504456}, "zerocrossingrate": {"dmean2": 0.0177756510675, "median": 0.0859375, "min": 0.0068359375, "dvar2": 0.000525156327058, "dvar": 0.000425274920417, "dmean": 0.0154402470216, "max": 0.90283203125, "var": 0.0107866413891, "mean": 0.105550386012}, "silence_rate_60dB": {"dmean2": 0.00968029536307, "median": 0, "min": 0, "dvar2": 0.0108601963148, "dvar": 0.00481588067487, "dmean": 0.00483953114599, "max": 1, "var": 0.029149023816, "mean": 0.030052209273}, "erbbands_kurtosis": {"dmean2": 0.988396465778, "median": -0.42267370224, "min": -1.74709796906, "dvar2": 2.11190295219, "dvar": 0.965307414532, "dmean": 0.648018062115, "max": 37.3473587036, "var": 8.83327865601, "mean": 0.383582502604}, "erbbands": {"dmean2": [0.15227329731, 1.39342308044, 2.80058765411, 5.30462694168, 12.9133586884, 12.7494373322, 17.9430236816, 19.7065544128, 18.9410095215, 16.3257579803, 23.7502288818, 14.5668582916, 18.7272891998, 33.2013931274, 41.5021896362, 43.7903213501, 35.0645523071, 47.7515220642, 32.5976982117, 23.6459598541, 20.8950366974, 18.6733856201, 23.159029007, 24.876493454, 24.0594501495, 12.6061038971, 8.90978527069, 6.97012519836, 5.76525783539, 3.78212952614, 3.10400772095, 2.52719092369, 1.79468023777, 1.437453866, 1.59856498241, 1.17119419575, 0.538496434689, 0.119959674776, 0.0154802873731, 0.000893342832569], "median": [0.0518210418522, 0.394066363573, 0.888472616673, 2.19856452942, 4.94277620316, 6.95936918259, 12.2781715393, 13.403219223, 12.895195961, 12.5459308624, 11.6841335297, 10.107919693, 9.85057830811, 12.6638679504, 14.4144144058, 18.0581817627, 22.6956233978, 27.0369586945, 23.9335479736, 17.7051467896, 19.5753726959, 20.515499115, 26.1103038788, 24.9546260834, 32.4427947998, 16.6993598938, 9.69641780853, 6.33712244034, 5.50577068329, 3.94901323318, 2.73138403893, 1.96645331383, 1.53977203369, 1.1223231554, 0.729266226292, 0.314623385668, 0.113965235651, 0.0216627251357, 0.00260345288552, 0.000163003147463], "min": [3.70511710337e-22, 2.60739082473e-21, 1.50678929577e-20, 5.68855144557e-20, 3.99233908199e-20, 1.5568468414e-19, 2.54274932558e-19, 8.91228561148e-20, 3.76005726633e-19, 8.99961236122e-19, 7.5416765463e-19, 1.21029251858e-18, 3.0367413289e-18, 2.97749493112e-18, 1.38223141808e-18, 1.48828672596e-18, 4.13098464684e-18, 2.19202386698e-18, 5.22633721399e-18, 8.46280378333e-18, 5.01474978997e-18, 1.26760937283e-17, 1.09633608489e-17, 1.00182102189e-17, 1.5675554027e-17, 1.85406446254e-17, 1.77057100218e-17, 2.22042540282e-17, 2.37845031792e-17, 1.54491728913e-17, 1.96731111323e-17, 1.95746319717e-17, 1.58276593068e-17, 1.18206318106e-17, 1.08308465148e-17, 6.57683488184e-18, 3.84866500865e-18, 1.33929578121e-18, 3.45532056825e-19, 3.56664576626e-20], "dvar2": [0.110796459019, 11.0223617554, 55.6284790039, 82.6798400879, 553.596557617, 412.41595459, 755.774353027, 1052.03869629, 965.481567383, 802.012023926, 1825.16992188, 992.144897461, 3145.79272461, 7642.13964844, 10909.0234375, 10901.7802734, 6830.39550781, 8923.39746094, 3784.08886719, 3465.04077148, 1661.55505371, 1162.97473145, 1867.41540527, 2948.22387695, 1282.19824219, 586.756652832, 171.667098999, 153.658676147, 128.893951416, 89.1379852295, 80.1939697266, 60.1787986755, 17.3637905121, 10.2520704269, 11.8743028641, 7.49792051315, 1.82805371284, 0.0795090571046, 0.00123034615535, 4.20592141381e-06], "dvar": [0.0464171394706, 4.20661878586, 19.265455246, 29.1128959656, 200.55897522, 148.343505859, 272.109863281, 379.385192871, 348.382354736, 325.178253174, 693.350646973, 371.077850342, 1275.16113281, 3128.29760742, 3861.11254883, 4272.94775391, 2680.67407227, 3820.09350586, 1611.28820801, 1475.64660645, 680.3671875, 467.160247803, 790.982177734, 1285.3873291, 499.615692139, 226.485595703, 67.469039917, 61.5389976501, 54.7173881531, 44.4714813232, 41.679069519, 32.0530891418, 9.70899009705, 4.74085092545, 5.31205797195, 3.20820355415, 0.764038026333, 0.03351694718, 0.000543007103261, 1.87547084352e-06], "dmean": [0.0946269109845, 0.818959772587, 1.5359967947, 3.0177128315, 7.41252231598, 7.52865409851, 10.8689832687, 12.1311912537, 11.2889318466, 10.1817741394, 14.3866443634, 9.03190612793, 11.7105112076, 20.9425487518, 25.1706161499, 27.0904331207, 21.9462127686, 30.0507526398, 20.3881130219, 15.1953496933, 12.8949832916, 11.551864624, 14.3432302475, 15.8437719345, 14.7520589828, 7.75589036942, 5.53640222549, 4.38040065765, 3.70011663437, 2.48165273666, 2.09771180153, 1.70623219013, 1.21825683117, 0.981618702412, 1.07482862473, 0.769138872623, 0.349038779736, 0.0772832259536, 0.0101316655055, 0.000587591493968], "max": [2.73758220673, 23.0186538696, 42.8302192688, 62.1660499573, 206.277053833, 171.84602356, 287.003143311, 332.50491333, 368.258087158, 381.872344971, 553.094726562, 613.939758301, 812.300720215, 1015.38031006, 1158.26037598, 1618.64770508, 1653.60656738, 1059.6796875, 857.187011719, 1290.84069824, 655.763977051, 525.064331055, 938.152038574, 737.904907227, 444.096282959, 685.803222656, 174.144866943, 158.989395142, 230.993835449, 198.237014771, 193.213760376, 196.892089844, 94.745803833, 69.856590271, 42.9844894409, 30.1071853638, 11.951877594, 2.70554089546, 0.439432710409, 0.0230378173292], "var": [0.0480959527194, 3.47609257698, 11.8775119781, 26.7872753143, 169.650695801, 184.261657715, 511.248931885, 1568.91699219, 478.829681396, 561.650695801, 1009.20507812, 518.320678711, 1686.89990234, 6271.40283203, 9517.03515625, 9042.65234375, 5598.52246094, 8749.97851562, 3639.70288086, 3869.96582031, 1490.07714844, 1120.93322754, 1889.90539551, 2529.60400391, 1230.99230957, 446.245056152, 245.9425354, 189.54725647, 135.988082886, 102.5728302, 89.5538101196, 70.505355835, 24.5163078308, 12.0886907578, 11.4403324127, 5.6088013649, 1.14840376377, 0.055330414325, 0.00106660393067, 3.72544104721e-06], "mean": [0.123293451965, 0.918375074863, 1.62900865078, 3.79086899757, 8.96873092651, 11.3225479126, 19.9237918854, 25.6750907898, 19.1404895782, 18.8729343414, 22.2153396606, 16.1274280548, 19.3099460602, 36.4224777222, 47.5804252625, 51.648399353, 45.588344574, 58.6976242065, 42.6533432007, 33.7179412842, 28.7097377777, 28.1562290192, 35.9216041565, 36.9896087646, 37.6330566406, 20.3659210205, 14.755862236, 10.9789266586, 9.07598972321, 6.36172485352, 4.85852909088, 3.89453577995, 2.95460557938, 2.32141757011, 2.0052011013, 1.23713767529, 0.512785553932, 0.115042410791, 0.0156857911497, 0.000920239544939]}, "spectral_strongpeak": {"dmean2": 1.11648571491, "median": 0.556375265121, "min": 0, "dvar2": 2.81137228012, "dvar": 1.10932719707, "dmean": 0.654012620449, "max": 13.6168375015, "var": 1.74785208702, "mean": 1.052993536}, "spectral_energy": {"dmean2": 0.0142188016325, "median": 0.0255810730159, "min": 1.10043633518e-20, "dvar2": 0.000425950158387, "dvar": 0.000165788180311, "dmean": 0.00868919398636, "max": 0.137612730265, "var": 0.000251354445936, "mean": 0.0272695682943}, "average_loudness": 0.950939357281, "spectral_rolloff": {"dmean2": 1425.40551758, "median": 2024.12109375, "min": 64.599609375, "dvar2": 6704979, "dvar": 2912163.75, "dmean": 870.085327148, "max": 21942.3339844, "var": 11499064, "mean": 2834.73510742}, "spectral_centroid": {"dmean2": 406.582580566, "median": 1770.08886719, "min": 164.920455933, "dvar2": 176660.484375, "dvar": 79800.78125, "dmean": 258.02935791, "max": 11430.0976562, "var": 616743.125, "mean": 1723.30249023}, "pitch_salience": {"dmean2": 0.10441531986, "median": 0.647087991238, "min": 0.105788595974, "dvar2": 0.00912346504629, "dvar": 0.0034720946569, "dmean": 0.0635108500719, "max": 0.883607566357, "var": 0.0127882417291, "mean": 0.624509692192}, "spectral_energyband_middle_high": {"dmean2": 0.0034692985937, "median": 0.00566003657877, "min": 1.36643603189e-21, "dvar2": 2.71245116892e-05, "dvar": 1.14587264761e-05, "dmean": 0.00224564853124, "max": 0.0497249364853, "var": 6.41424994683e-05, "mean": 0.00862268079072}, "spectral_contrast_coeffs": {"dmean2": [0.0883233696222, 0.075699403882, 0.05821043998, 0.0468550100923, 0.0345270447433, 0.0258615594357], "median": [-0.654623925686, -0.741918444633, -0.7963514328, -0.797011911869, -0.782312870026, -0.762716770172], "min": [-0.966269314289, -0.975920140743, -0.969622075558, -0.96052390337, -0.958084464073, -0.956592381001], "dvar2": [0.00553284632042, 0.00393827585503, 0.00232699746266, 0.00148100208025, 0.000867116788868, 0.000505201867782], "dvar": [0.0021049096249, 0.00146597169805, 0.000882912077941, 0.000602869840804, 0.000348755304003, 0.000203117568162], "dmean": [0.0539533533156, 0.046027623117, 0.0355679914355, 0.0285094249994, 0.0210292004049, 0.0161003135145], "max": [-0.333450347185, -0.369168043137, -0.507664740086, -0.53591299057, -0.540630280972, -0.649927377701], "var": [0.00749146705493, 0.0070858867839, 0.0039366655983, 0.00280770007521, 0.00172289193142, 0.00177347159479], "mean": [-0.647085666656, -0.730767548084, -0.786638498306, -0.790564358234, -0.780507087708, -0.768358886242]}, "melbands_skewness": {"dmean2": 1.01547372341, "median": 2.04814743996, "min": -1.06674623489, "dvar2": 1.54978597164, "dvar": 0.652455449104, "dmean": 0.640437960625, "max": 15.7039899826, "var": 2.57495498657, "mean": 2.3086233139}, "spectral_spread": {"dmean2": 934627.0625, "median": 4762939, "min": 1208126.125, "dvar2": 1722537213950.0, "dvar": 937135439872, "dmean": 673673.0625, "max": 39229488, "var": 13245348839400.0, "mean": 5544451}, "dissonance": {"dmean2": 0.0188614279032, "median": 0.481730788946, "min": 0.298479616642, "dvar2": 0.000353776558768, "dvar": 0.000131020336994, "dmean": 0.0112221892923, "max": 0.500000059605, "var": 0.000531452009454, "mean": 0.475190043449}, "spectral_skewness": {"dmean2": 0.302833288908, "median": 1.5074981451, "min": -0.0648655816913, "dvar2": 0.241623908281, "dvar": 0.0802835896611, "dmean": 0.18785354495, "max": 6.41757059097, "var": 0.289349973202, "mean": 1.60420668125}, "spectral_flux": {"dmean2": 0.0355347059667, "median": 0.0869112685323, "min": 1.04901684561e-10, "dvar2": 0.00193629879504, "dvar": 0.000893755233847, "dmean": 0.0228327196091, "max": 0.348309636116, "var": 0.0022001969628, "mean": 0.0910367518663}, "spectral_contrast_valleys": {"dmean2": [0.648667156696, 0.549760937691, 0.470509856939, 0.396304368973, 0.290175050497, 0.315909355879], "median": [-6.98909568787, -6.2729101181, -6.83782482147, -6.86237096786, -6.69202232361, -9.36906909943], "min": [-27.4754867554, -27.3801364899, -27.3228702545, -27.417924881, -27.3625488281, -27.3410491943], "dvar2": [0.337349653244, 0.211504384875, 0.167200759053, 0.127979800105, 0.0989478901029, 0.183689966798], "dvar": [0.152342274785, 0.0951237082481, 0.0805032104254, 0.0659540742636, 0.0591107606888, 0.101515747607], "dmean": [0.403945654631, 0.331901848316, 0.291536182165, 0.244736716151, 0.189256370068, 0.230829298496], "max": [-5.14068078995, -4.84970808029, -5.4510345459, -5.7184882164, -5.77155208588, -7.27879476547], "var": [2.50012493134, 2.34548521042, 2.34222102165, 2.3639421463, 2.60051393509, 2.61506295204], "mean": [-7.29494524002, -6.58646774292, -7.19553089142, -7.27492904663, -7.21198368073, -9.83078479767]}, "erbbands_flatness_db": {"dmean2": 0.0215706881136, "median": 0.120971553028, "min": 0.0211938787252, "dvar2": 0.000528034870513, "dvar": 0.000270643708063, "dmean": 0.0151606630534, "max": 0.448605060577, "var": 0.00357847497799, "mean": 0.128143712878}, "spectral_energyband_high": {"dmean2": 0.000842833542265, "median": 0.00109670811798, "min": 8.30056761548e-21, "dvar2": 2.19578714677e-06, "dvar": 1.10986798063e-06, "dmean": 0.00059193681227, "max": 0.0220109391958, "var": 3.7883010009e-06, "mean": 0.00168901099823}, "spectral_entropy": {"dmean2": 0.174070969224, "median": 7.9056725502, "min": 4.9228348732, "dvar2": 0.0442907325923, "dvar": 0.0221202801913, "dmean": 0.119488269091, "max": 9.79172134399, "var": 0.309737116098, "mean": 7.80442333221}, "silence_rate_20dB": {"dmean2": 0, "median": 1, "min": 1, "dvar2": 0, "dvar": 0, "dmean": 0, "max": 1, "var": 0, "mean": 1}, "melbands_flatness_db": {"dmean2": 0.0356083139777, "median": 0.133257135749, "min": 0.00594733143225, "dvar2": 0.00159357767552, "dvar": 0.000694245100021, "dmean": 0.0230749640614, "max": 0.540620744228, "var": 0.00727711105719, "mean": 0.159711152315}, "barkbands": {"dmean2": [0.000158996524988, 0.00576218776405, 0.00240316195413, 0.00239587924443, 0.00384612358175, 0.00254481192678, 0.00132026930805, 0.000933208619244, 0.000621156184934, 0.000866750604473, 0.00102179357782, 0.00112402846571, 0.000777948938776, 0.000931135495193, 0.000635604839772, 0.000417388015194, 0.000355893105734, 0.000498233886901, 0.000478752510389, 0.00030430231709, 0.000203377756407, 0.000142958480865, 0.000106300285552, 0.000109215085104, 0.000169117629412, 0.00027839888935, 9.36355645536e-05], "median": [3.4652352042e-05, 0.00188937049825, 0.000681009027176, 0.000908939982764, 0.00214536325075, 0.00189439102542, 0.000965280865785, 0.000503034039866, 0.000412181310821, 0.000332567258738, 0.000293595425319, 0.00041769183008, 0.000438304618001, 0.000486334203742, 0.000365670130122, 0.000337601610227, 0.00033386782161, 0.000485903059598, 0.000556675484404, 0.000383335660445, 0.000202358991373, 0.000149749248521, 9.86205632216e-05, 9.31487957132e-05, 0.000104482707684, 6.42743107164e-05, 1.53659129865e-05], "min": [2.35169296608e-23, 1.16545166289e-23, 1.62617838041e-23, 1.94032819419e-23, 4.42254987217e-23, 1.21306533498e-23, 4.99312476077e-23, 3.15291989708e-23, 6.24828828904e-23, 8.52469726126e-23, 5.19820272149e-23, 3.51730610879e-23, 9.36650840371e-23, 7.84146546234e-23, 8.56624183197e-23, 1.04845199439e-22, 2.36971821688e-22, 1.81556438311e-22, 2.8580877407e-22, 4.02413245344e-22, 4.5488607657e-22, 6.27653935443e-22, 6.4304906719e-22, 8.80289404509e-22, 1.38826948032e-21, 1.86885162171e-21, 2.37956941089e-21], "dvar2": [9.95159226136e-08, 0.000174640546902, 3.74488627131e-05, 1.34034271468e-05, 4.31861590187e-05, 1.55866218847e-05, 4.64436652692e-06, 2.57237979895e-06, 1.66353629538e-06, 5.53210747967e-06, 6.97828318152e-06, 6.60919022266e-06, 3.27481598106e-06, 3.52368465428e-06, 1.81081952633e-06, 7.36441563731e-07, 4.39083748915e-07, 1.05194123989e-06, 6.5484522338e-07, 2.3829186091e-07, 1.10378188367e-07, 8.35480591377e-08, 9.10179309699e-08, 7.94211771904e-08, 1.24158106019e-07, 4.53828818081e-07, 4.41873133639e-08], "dvar": [3.73891069216e-08, 6.94934788044e-05, 1.28506226247e-05, 4.77456660519e-06, 1.55826637638e-05, 5.60538592254e-06, 1.7326822217e-06, 1.00481759091e-06, 6.25984398539e-07, 2.35044831243e-06, 2.64665936811e-06, 2.52656218436e-06, 1.2844285493e-06, 1.49532070282e-06, 8.00465670636e-07, 3.01770541e-07, 1.71189000753e-07, 4.36481002453e-07, 2.70129021374e-07, 9.15340123697e-08, 4.33913811548e-08, 3.74258455338e-08, 4.82961119985e-08, 4.64555860447e-08, 5.71184983755e-08, 1.93342359012e-07, 1.948545858e-08], "dmean": [9.4205563073e-05, 0.00345136225224, 0.00131209369283, 0.00137158972211, 0.00226957141422, 0.00156978541054, 0.000800659239758, 0.00057412328897, 0.000385664723581, 0.000538118707482, 0.000622252759058, 0.000690328364726, 0.000491651240736, 0.000582347565796, 0.000405981409131, 0.000260299391812, 0.000217596607399, 0.000309709692374, 0.000298216647934, 0.000184937060112, 0.000126832834212, 9.2433700047e-05, 7.22600962035e-05, 7.49958126107e-05, 0.000115662624012, 0.000182088639122, 6.13851516391e-05], "max": [0.00340992910787, 0.0931401327252, 0.0387141108513, 0.0391013287008, 0.048958260566, 0.036531496793, 0.0233777835965, 0.0229259487242, 0.0236173458397, 0.0378906540573, 0.0385712571442, 0.0314925648272, 0.0313274934888, 0.0281596593559, 0.0237614046782, 0.0115267597139, 0.00981935951859, 0.0164763480425, 0.00960945803672, 0.0107055483386, 0.00467255525291, 0.00496217701584, 0.00739782210439, 0.00632081599906, 0.00418672477826, 0.00696736713871, 0.00248077092692], "var": [3.94008168314e-08, 6.316992949e-05, 7.89751811681e-06, 4.89436388307e-06, 1.64744778886e-05, 1.92714760487e-05, 2.57595979747e-06, 1.58461682531e-06, 9.12677137421e-07, 3.9597803152e-06, 4.93503603138e-06, 5.56483973924e-06, 2.64121035798e-06, 3.17180592901e-06, 2.10831854019e-06, 6.46896069156e-07, 3.60181331871e-07, 8.98374594271e-07, 5.90466981976e-07, 2.04497851541e-07, 1.50284733991e-07, 9.31724102315e-08, 1.07588498111e-07, 1.16106271264e-07, 1.44015913861e-07, 3.13888477876e-07, 3.90730967581e-08], "mean": [0.000110294509795, 0.00417476100847, 0.00133585860021, 0.0016445844667, 0.00335297361016, 0.00327597022988, 0.00138919288293, 0.000915671291295, 0.000674919167068, 0.000843984249514, 0.00104658014607, 0.00126529450063, 0.000937421631534, 0.00106957263779, 0.000790539837908, 0.000527993950527, 0.000473626743769, 0.000721900607459, 0.000715639849659, 0.000463192729512, 0.000327564048348, 0.000234863648075, 0.000173166714376, 0.000182400923222, 0.00024711235892, 0.000278693099972, 9.54678180278e-05]}, "erbbands_skewness": {"dmean2": 0.432401806116, "median": 0.0975400134921, "min": -3.51481151581, "dvar2": 0.182221069932, "dvar": 0.0789598450065, "dmean": 0.28309699893, "max": 5.57861614227, "var": 0.749822318554, "mean": 0.205750793219}, "erbbands_spread": {"dmean2": 11.6238670349, "median": 39.8976745605, "min": 3.37947130203, "dvar2": 190.369400024, "dvar": 84.4090042114, "dmean": 7.58113861084, "max": 166.088729858, "var": 391.184967041, "mean": 42.5992774963}, "melbands_kurtosis": {"dmean2": 8.86569690704, "median": 4.73478031158, "min": -1.78716409206, "dvar2": 338.662445068, "dvar": 145.027542114, "dmean": 5.54454183578, "max": 352.160797119, "var": 405.75769043, "mean": 10.9781761169}, "melbands": {"dmean2": [0.00150980241597, 0.00158129341435, 0.00112150970381, 0.000931731192395, 0.000560285465326, 0.000446088699391, 0.0002856528