{"tonal": {"thpcp": [1, 0.603716015816, 0.207639589906, 0.155959650874, 0.206306532025, 0.458985030651, 0.594225406647, 0.397094815969, 0.317030310631, 0.36959835887, 0.360570907593, 0.507098376751, 0.616942882538, 0.485208123922, 0.608151614666, 0.698421597481, 0.380980968475, 0.19011503458, 0.189664527774, 0.247228473425, 0.599369466305, 0.907619059086, 0.639440953732, 0.319989830256, 0.243497848511, 0.262595415115, 0.574585556984, 0.767148017883, 0.505720019341, 0.312892198563, 0.272099673748, 0.249821677804, 0.357168763876, 0.397793442011, 0.360299915075, 0.702408134937], "hpcp": {"dmean2": [0.164607673883, 0.172775834799, 0.234255850315, 0.262892782688, 0.228402853012, 0.169923067093, 0.163194745779, 0.157758802176, 0.163348942995, 0.176637500525, 0.200318217278, 0.241486236453, 0.283331304789, 0.224583625793, 0.129944235086, 0.111298799515, 0.142595112324, 0.196749001741, 0.206789940596, 0.186097413301, 0.165890514851, 0.15475897491, 0.180772408843, 0.204987511039, 0.226122006774, 0.228217095137, 0.233042016625, 0.215114653111, 0.187249898911, 0.130091607571, 0.131953820586, 0.166991427541, 0.237914592028, 0.243085861206, 0.254832684994, 0.198358178139], "median": [0.00775070069358, 0.015034891665, 0.0640445575118, 0.0970795825124, 0.0622492842376, 0.0137080987915, 0.00789024122059, 0.01107684616, 0.0174720045179, 0.0225965213031, 0.0258800312877, 0.0972089096904, 0.153421208262, 0.0838521271944, 0.0117989238352, 0.00849428959191, 0.0119209680706, 0.0490102916956, 0.0702516883612, 0.0463816821575, 0.0133182993159, 0.00880882702768, 0.0168433766812, 0.0426080264151, 0.0568246692419, 0.0502580292523, 0.0482138730586, 0.0489914044738, 0.0290848184377, 0.00818181037903, 0.00782788265496, 0.01393999625, 0.0509269982576, 0.0697639361024, 0.0544054843485, 0.0166810210794], "min": [0, 0, 0, 0, 0, 0, 0, 0, 0, 0, 0, 0, 0, 0, 0, 0, 0, 0, 0, 0, 0, 0, 0, 0, 0, 0, 0, 0, 0, 0, 0, 0, 0, 0, 0, 0], "dvar2": [0.0930900722742, 0.0887683033943, 0.109467431903, 0.118921108544, 0.100896194577, 0.0835977196693, 0.0935507267714, 0.0886477157474, 0.0960492119193, 0.0892033204436, 0.0992471128702, 0.0950343906879, 0.117598712444, 0.0902689248323, 0.0559642091393, 0.0520656518638, 0.0697026923299, 0.0827760323882, 0.0815696120262, 0.071031011641, 0.0830455869436, 0.0882856398821, 0.0978792160749, 0.093167886138, 0.107670247555, 0.100530192256, 0.109774366021, 0.103180110455, 0.0876461789012, 0.0619963742793, 0.0711667761207, 0.0853215828538, 0.111034058034, 0.117819368839, 0.125841081142, 0.106159135699], "dvar": [0.0336210615933, 0.0328477434814, 0.0415601544082, 0.0474284626544, 0.0374261774123, 0.0323354676366, 0.034800697118, 0.0310400910676, 0.0356097444892, 0.0334956422448, 0.0360280349851, 0.0378375127912, 0.0503567382693, 0.0348359942436, 0.0208606701344, 0.0185710098594, 0.0252996087074, 0.0323740281165, 0.0331472083926, 0.0275954026729, 0.0307402573526, 0.0335656180978, 0.0364972911775, 0.0362451151013, 0.0413704887033, 0.0380801260471, 0.0419550687075, 0.0419667065144, 0.0313304625452, 0.0221580192447, 0.0261466056108, 0.0314773283899, 0.041798748076, 0.0506827309728, 0.0468049161136, 0.0395821407437], "dmean": [0.0910703539848, 0.0953371375799, 0.133242473006, 0.152835592628, 0.132388398051, 0.0963478684425, 0.0909211188555, 0.0873457044363, 0.0928749367595, 0.101060174406, 0.114131428301, 0.143297612667, 0.167748421431, 0.131376981735, 0.0726176425815, 0.061227016151, 0.0787938460708, 0.113458313048, 0.122543491423, 0.106424853206, 0.0918284729123, 0.085820235312, 0.101109847426, 0.11864168942, 0.131442591548, 0.130201637745, 0.135138168931, 0.123623944819, 0.106297820807, 0.0719038695097, 0.0722238272429, 0.093323327601, 0.136760100722, 0.141549602151, 0.146725401282, 0.111476905644], "max": [1, 1, 1, 1, 1, 1, 1, 1, 1, 1, 1, 1, 1, 1, 1, 1, 1, 1, 1, 1, 1, 1, 1, 1, 1, 1, 1, 1, 1, 1, 1, 1, 1, 1, 1, 1], "var": [0.0278962291777, 0.0279218889773, 0.0621754564345, 0.088035710156, 0.0452264584601, 0.0407947003841, 0.0374265089631, 0.0278170928359, 0.0510694906116, 0.0506314225495, 0.0375257022679, 0.0648214966059, 0.112589903176, 0.0516932606697, 0.0194878336042, 0.0133688878268, 0.0201127678156, 0.0452201329172, 0.0610672645271, 0.0335988029838, 0.0403166078031, 0.0628082677722, 0.0447891168296, 0.0549732521176, 0.0749070346355, 0.0473322942853, 0.0735174119473, 0.101382151246, 0.0364965312183, 0.0186486020684, 0.0211034249514, 0.0268737375736, 0.0642128437757, 0.133613631129, 0.0724052712321, 0.0370969250798], "mean": [0.0738085508347, 0.0795973613858, 0.174167156219, 0.232536271214, 0.153292775154, 0.0948432162404, 0.0824782773852, 0.0757254138589, 0.108264237642, 0.120578303933, 0.109213344753, 0.212912455201, 0.303117871284, 0.182997107506, 0.0629392713308, 0.0472741574049, 0.0625351965427, 0.139126569033, 0.180120334029, 0.120366536081, 0.0960975512862, 0.11203186959, 0.109295487404, 0.153710588813, 0.187006413937, 0.147075250745, 0.184341624379, 0.211704060435, 0.115482144058, 0.0576272644103, 0.0574907101691, 0.0749393701553, 0.181679591537, 0.275115549564, 0.19382597506, 0.096994638443]}, "tuning_equal_tempered_deviation": 0.0129646314308, "chords_changes_rate": 0.0531886033714, "key_key": "C#", "tuning_diatonic_strength": 0.626090705395, "key_scale": "major", "chords_number_rate": 0.00352781545371, "tuning_frequency": 442.293365479, "tuning_nontempered_energy_ratio": 0.674003899097, "chords_histogram": [39.8914527893, 1.05834460258, 1.54681134224, 0.244233384728, 0.0542740859091, 0, 0.515603780746, 0, 0.92265945673, 1.92673003674, 0.0542740859091, 1.11261868477, 0.217096343637, 1.24830389023, 0, 0.0542740859091, 4.23337841034, 4.93894147873, 2.11668920517, 0, 2.57801890373, 3.55495262146, 20.0271377563, 13.7042064667], "key_strength": 0.811417341232, "chords_key": "C#", "chords_strength": {"dmean2": 0.010232754983, "median": 0.515315771103, "min": -1, "dvar2": 0.00120702083223, "dvar": 0.000602472166065, "dmean": 0.0104368990287, "max": 0.76069611311, "var": 0.0506268925965, "mean": 0.488251835108}, "chords_scale": "major", "hpcp_entropy": {"dmean2": 0.969941973686, "median": 1.87681877613, "min": 0, "dvar2": 0.678276002407, "dvar": 0.266058832407, "dmean": 0.58295994997, "max": 4.0642156601, "var": 0.573224425316, "mean": 1.84947490692}}, "metadata": {"audio_properties": {"equal_loudness": 0, "codec": "flac", "downmix": "mix", "sample_rate": 44100, "analysis_sample_rate": 44100, "bit_rate": 0, "md5_encoded": "9a682e7f6dd2cd90835145e09f5657f6", "length": 171.039993286, "replay_gain": -10.1098957062, "lossless": true}, "version": {"essentia_build_sha": "2d9f1f26377add8aeb1075a9c2973f962c4f09fd", "essentia": "2.1-beta2", "extractor": "music 1.0", "essentia_git_sha": "v2.1_beta2-1-ge3940c0"}, "tags": {"title": ["This Is My Country"], "barcode": ["803415390229"], "media": ["CD"], "albumartist": ["Curtis Mayfield"], "tracktotal": ["19"], "initialkey": ["Bbm"], "releasetype": ["album", "compilation"], "musicbrainz_recordingid": ["9f7c741c-689f-4d3c-91dd-0380c98e1707"], "musicbrainz_releasegroupid": ["b64bdbc4-0f95-324b-9eac-2054dc07fd45"], "album": ["Soul Legacy (Disc3: Hell Below - Cautionary Tales)"], "musicbrainz_albumartistid": ["4dca4bb2-23ba-4103-97e6-5810311db33a"], "originalyear": ["2001"], "originaldate": ["2001-03-26"], "musicbrainz_releasetrackid": ["1d8a9e5f-53e0-39c4-ac64-600db55df889"], "discnumber": ["3"], "bpm": ["103"], "catalognumber": ["SNAB902CD"], "releasecountry": ["GB"], "file_name": "11 This Is My Country.flac", "musicip_puid": ["1d532dcb-2691-7ae6-02ab-3b28ff24fdaf"], "date": ["2001-03-26"], "genre": ["Soul"], "disctotal": ["4"], "discsubtitle": ["Hell Below - Cautionary Tales"], "musicbrainz_artistid": ["4dca4bb2-23ba-4103-97e6-5810311db33a"], "asin": ["B00005ABRF"], "musicbrainz_albumid": ["f7bfe29f-271c-47aa-9bd7-541010b5eab7"], "artist": ["Curtis Mayfield"], "artistsort": ["Mayfield, Curtis"], "tracknumber": ["11"], "label": ["Charly Records"], "albumartistsort": ["Mayfield, Curtis"], "acoustid_id": ["4ecf675c-5bec-4045-a555-81fed9807299"], "script": ["Latn"], "releasestatus": ["official"]}}, "rhythm": {"bpm_histogram_first_peak_bpm": {"dmean2": 0, "median": 103, "min": 103, "dvar2": 0, "dvar": 0, "dmean": 0, "max": 103, "var": 0, "mean": 103}, "bpm": 103.158424377, "bpm_histogram_second_peak_spread": {"dmean2": 0, "median": 0.333333343267, "min": 0.333333343267, "dvar2": 0, "dvar": 0, "dmean": 0, "max": 0.333333343267, "var": 0, "mean": 0.333333343267}, "bpm_histogram_first_peak_weight": {"dmean2": 0, "median": 0.474226802588, "min": 0.474226802588, "dvar2": 0, "dvar": 0, "dmean": 0, "max": 0.474226802588, "var": 0, "mean": 0.474226802588}, "onset_rate": 3.24444890022, "beats_position": [0.615328788757, 1.24226760864, 1.86920630932, 2.48453521729, 3.12308382988, 3.76163268089, 4.40018129349, 5.0387301445, 5.65405893326, 6.25777769089, 6.84988641739, 7.44199514389, 8.03410434723, 8.63782310486, 9.24154186249, 9.85687065125, 10.4605894089, 11.0643081665, 11.6680269241, 12.2717456818, 12.8754644394, 13.4675731659, 14.0480718613, 14.6401815414, 15.2322902679, 15.8127889633, 16.3932876587, 16.9737873077, 17.5542850494, 18.1347846985, 18.7152824402, 19.2957820892, 19.8878898621, 20.4799995422, 21.0721092224, 21.6642169952, 22.2563266754, 22.8484344482, 23.4289340973, 24.0210418701, 24.6131515503, 25.2052612305, 25.7973690033, 26.3778686523, 26.9699764252, 27.5620861053, 28.142583847, 28.7230834961, 29.3151912689, 29.9073009491, 30.4878005981, 31.0682983398, 31.66040802, 32.2409057617, 32.8330154419, 33.4135131836, 34.0172348022, 34.5977325439, 35.1782302856, 35.7587280273, 36.3508377075, 36.9429473877, 37.5234451294, 38.1039466858, 38.7076644897, 39.2881622314, 39.8686599731, 40.4491615295, 41.0296592712, 41.6101570129, 42.1906585693, 42.7595443726, 43.340045929, 43.9089317322, 44.4894332886, 45.0583229065, 45.6272087097, 46.2077102661, 46.7882080078, 47.3687057495, 47.9724235535, 48.5297050476, 49.1102027893, 49.690700531, 50.2828102112, 50.8749198914, 51.4670295715, 52.0591392517, 52.6512451172, 53.2433547974, 53.8238525391, 54.4043540955, 54.9848518372, 55.5537414551, 56.122631073, 56.6915168762, 57.2720184326, 57.8409042358, 58.4214057922, 59.0019035339, 59.5940132141, 60.1861228943, 60.766620636, 61.3471183777, 61.9392280579, 62.531337738, 63.1118354797, 63.6923332214, 64.2728347778, 64.8533325195, 65.4338302612, 66.0143280029, 66.5948257446, 67.1753311157, 67.7558288574, 68.3363265991, 68.9168243408, 69.4973220825, 70.0778198242, 70.6583175659, 71.238822937, 71.8193206787, 72.4114303589, 72.9919281006, 73.5840377808, 74.1645355225, 74.7450332642, 75.3255310059, 75.9060287476, 76.4865264893, 77.0670318604, 77.6475296021, 78.2280273438, 78.8085250854, 79.3890228271, 79.9695205688, 80.5500183105, 81.1305236816, 81.7110214233, 82.291519165, 82.8720169067, 83.4525146484, 84.0330123901, 84.6135101318, 85.1940155029, 85.7745132446, 86.3550109863, 86.935508728, 87.5043945313, 88.0732879639, 88.6537857056, 89.2342834473, 89.8380050659, 90.3952789307, 90.9525604248, 91.5098419189, 92.0787277222, 92.6476211548, 93.216506958, 93.7853927612, 94.3542861938, 94.9347839355, 95.5036697388, 96.0609512329, 96.6298370361, 97.1987304688, 97.7560043335, 98.3248977661, 98.9053955078, 99.474281311, 100.054779053, 100.635284424, 101.227394104, 101.819496155, 102.411605835, 103.003715515, 103.595825195, 104.164710999, 104.74521637, 105.325714111, 105.906211853, 106.486709595, 107.055595398, 107.624488831, 108.193374634, 108.762268066, 109.342765808, 109.92326355, 110.51537323, 111.10748291, 111.687980652, 112.268478394, 112.860588074, 113.452697754, 114.021583557, 114.59047699, 115.170974731, 115.751472473, 116.308753967, 116.889251709, 117.469749451, 118.050247192, 118.630744934, 119.188026428, 119.76852417, 120.349021912, 120.929519653, 121.510017395, 122.102127075, 122.682624817, 123.263130188, 123.855232239, 124.447341919, 125.039451599, 125.619949341, 126.188842773, 126.769340515, 127.361450195, 127.953559875, 128.545669556, 129.149383545, 129.776321411, 130.403259277, 131.041809082, 131.668746948, 132.272476196, 132.876190186, 133.468292236, 134.060409546, 134.62928772, 135.209793091, 135.801895142, 136.394012451, 136.974502563, 137.555007935, 138.135513306, 138.716003418, 139.296508789, 139.853790283, 140.422668457, 141.003173828, 141.572067261, 142.140945435, 142.709838867, 143.290344238, 143.859222412, 144.428115845, 145.008621216, 145.589111328, 146.169616699, 146.750106812, 147.319000244, 147.911102295, 148.491607666, 149.072113037, 149.652603149, 150.221496582, 150.801986694, 151.370880127, 151.93977356, 152.508651733, 153.077545166, 153.646438599, 154.215332031, 154.784210205, 155.364715576, 155.945205688, 156.52571106, 157.106216431, 157.686706543, 158.255599976, 158.836090088, 159.393371582, 159.962265015, 160.542770386, 161.11164856, 161.692153931, 162.272644043, 162.853149414, 163.445251465, 164.025756836, 164.606262207, 165.209976196, 165.813690186, 166.417419434, 167.021133423, 167.624847412, 168.158905029, 168.704574585, 169.250244141, 169.784301758, 170.329971313], "beats_loudness": {"dmean2": 0.0179590843618, "median": 0.0148011185229, "min": 0, "dvar2": 0.000446902122349, "dvar": 0.000212875544094, "dmean": 0.0110011612996, "max": 0.114024035633, "var": 0.000275995553238, "mean": 0.0189403109252}, "danceability": 0.979616880417, "bpm_histogram_second_peak_weight": {"dmean2": 0, "median": 0.0343642607331, "min": 0.0343642607331, "dvar2": 0, "dvar": 0, "dmean": 0, "max": 0.0343642607331, "var": 0, "mean": 0.0343642607331}, "beats_count": 292, "bpm_histogram_second_peak_bpm": {"dmean2": 0, "median": 108, "min": 108, "dvar2": 0, "dvar": 0, "dmean": 0, "max": 108, "var": 0, "mean": 108}, "bpm_histogram_first_peak_spread": {"dmean2": 0, "median": 0.475285202265, "min": 0.475285202265, "dvar2": 0, "dvar": 0, "dmean": 0, "max": 0.475285202265, "var": 0, "mean": 0.475285202265}, "beats_loudness_band_ratio": {"dmean2": [0.507788419724, 0.385958850384, 0.257677316666, 0.16129347682, 0.0985731109977, 0.074815146625], "median": [0.290158778429, 0.277207165956, 0.140517726541, 0.0557520203292, 0.050181530416, 0.0242635644972], "min": [0, 0, 0, 0, 0, 0], "dvar2": [0.132618024945, 0.0776014328003, 0.0504352375865, 0.0406272262335, 0.00871303584427, 0.0104043446481], "dvar": [0.0435121096671, 0.0256320890039, 0.0233637914062, 0.0150706609711, 0.00310530373827, 0.00368972774595], "dmean": [0.271853089333, 0.210301592946, 0.155254274607, 0.0873605161905, 0.0575665608048, 0.0414540804923], "max": [0.891044080257, 0.984106779099, 0.951482594013, 0.737384319305, 0.370840221643, 0.415249437094], "var": [0.0611996054649, 0.0338123179972, 0.0363836288452, 0.0120233064517, 0.00406139576808, 0.00284925359301], "mean": [0.330862373114, 0.301204293966, 0.200621336699, 0.0859982222319, 0.0683733671904, 0.0425873696804]}}, "lowlevel": {"barkbands_spread": {"dmean2": 6.62919855118, "median": 12.6396141052, "min": 0.562449157238, "dvar2": 68.0125427246, "dvar": 34.1342697144, "dmean": 4.32883358002, "max": 85.0147399902, "var": 152.886123657, "mean": 16.4172363281}, "melbands_spread": {"dmean2": 8.50038719177, "median": 12.4569282532, "min": 0.51521229744, "dvar2": 167.002716064, "dvar": 81.8481521606, "dmean": 5.47462034225, "max": 188.283477783, "var": 535.342773438, "mean": 19.5614356995}, "hfc": {"dmean2": 4.68615484238, "median": 5.81814575195, "min": 1.07537112609e-16, "dvar2": 63.6328430176, "dvar": 29.9666938782, "dmean": 3.18512368202, "max": 88.6860809326, "var": 126.787818909, "mean": 9.62153244019}, "barkbands_kurtosis": {"dmean2": 5.46687889099, "median": 4.02480983734, "min": -1.93190705776, "dvar2": 112.020927429, "dvar": 48.5635604858, "dmean": 3.49524092674, "max": 251.979293823, "var": 107.60861969, "mean": 6.7111415863}, "gfcc": {"mean": [-87.0390319824, 103.824226379, -104.306785583, 23.0214004517, -56.5103530884, 1.34512388706, -36.5319290161, -0.15463334322, -22.9062290192, 1.91184079647, -16.9696331024, -3.07594180107, -10.7227659225], "icov": [[0.000159287737915, -0.000409481523093, 0.000358144141501, -0.00035754716373, 0.000557436724193, -0.000420268595917, 0.000560676038731, -0.000413177331211, 0.000444196339231, -0.000514740357175, 0.000619092723355, -0.000641393708065, 0.000411159911891], [-0.000409481523093, 0.00209020404145, -0.000673457805533, 0.00133212388027, -0.00174551620148, 0.00126915669534, -0.0012540507596, 0.00136105029378, -0.00124138256069, 0.00208812276833, -0.00181169772986, 0.00216536037624, -0.000359694124199], [0.000358144141501, -0.000673457805533, 0.00245844572783, -0.000936821161304, 8.83314787643e-05, -0.000839558371808, 0.000899786129594, -0.000590591400396, 0.000206300988793, -0.000923365005292, 0.000962868973147, -0.00207137223333, 0.00185907527339], [-0.00035754716373, 0.00133212388027, -0.000936821161304, 0.00411205645651, -0.00164662592579, 0.00021265532996, 6.47123961244e-05, 0.000293353630695, 4.51856103609e-05, 0.000218056069571, -0.000221537557081, 0.00202723429538, -0.00115350109991], [0.000557436724193, -0.00174551620148, 8.83314787643e-05, -0.00164662592579, 0.00572555186227, -0.00255665113218, 0.00191196869127, -0.00237155915238, 0.00124342564959, -0.000131826120196, 0.00106549961492, -0.000942211656366, -0.000240004868829], [-0.000420268595917, 0.00126915669534, -0.000839558371808, 0.00021265532996, -0.00255665113218, 0.00996043719351, -0.00476392963901, 0.000823036243673, 0.00145868572872, -0.000496796215884, 0.0018786417786, -0.00132522848435, 0.000863328808919], [0.000560676038731, -0.0012540507596, 0.000899786129594, 6.47123961244e-05, 0.00191196869127, -0.00476392963901, 0.00989778246731, -0.00284525565803, 0.000564023212064, -0.000543557165656, -0.000337141624186, -0.000141739525134, 0.000138951116242], [-0.000413177331211, 0.00136105029378, -0.000590591400396, 0.000293353630695, -0.00237155915238, 0.000823036243673, -0.00284525565803, 0.0128147285432, -0.00317322532646, 8.56434780871e-05, 0.000101923731563, 0.00191861821804, 0.000267946481472], [0.000444196339231, -0.00124138256069, 0.000206300988793, 4.51856103609e-05, 0.00124342564959, 0.00145868572872, 0.000564023212064, -0.00317322532646, 0.0128129990771, -0.00594340357929, 0.00244468776509, -0.000969261920545, 0.00133604521398], [-0.000514740357175, 0.00208812276833, -0.000923365005292, 0.000218056069571, -0.000131826120196, -0.000496796215884, -0.000543557165656, 8.56434780871e-05, -0.00594340357929, 0.0183792188764, -0.00964227318764, 0.00637669954449, -0.00161158654373], [0.000619092723355, -0.00181169772986, 0.000962868973147, -0.000221537557081, 0.00106549961492, 0.0018786417786, -0.000337141624186, 0.000101923731563, 0.00244468776509, -0.00964227318764, 0.0232546050102, -0.010634620674, 0.00374836684205], [-0.000641393708065, 0.00216536037624, -0.00207137223333, 0.00202723429538, -0.000942211656366, -0.00132522848435, -0.000141739525134, 0.00191861821804, -0.000969261920545, 0.00637669954449, -0.010634620674, 0.0246585309505, -0.0105172973126], [0.000411159911891, -0.000359694124199, 0.00185907527339, -0.00115350109991, -0.000240004868829, 0.000863328808919, 0.000138951116242, 0.000267946481472, 0.00133604521398, -0.00161158654373, 0.00374836684205, -0.0105172973126, 0.0194967538118]], "cov": [[38743.6328125, 2531.70239258, -3679.4050293, 806.080566406, -2070.06762695, 167.66178894, -1027.93969727, 24.3288974762, -649.002258301, 92.7754974365, -474.910705566, -39.7023391724, -275.694763184], [2531.70239258, 1209.30322266, -147.760955811, -176.970870972, 28.3509521484, -61.6952133179, -25.1666812897, -37.215839386, 1.52151596546, -64.5805435181, -4.43947219849, -45.3308334351, -52.7309951782], [-3679.4050293, -147.760955811, 894.407409668, 34.4015426636, 289.40914917, 31.8312282562, 70.3857727051, 17.3826389313, 61.4545402527, -4.84821367264, 35.3382873535, 16.1942100525, -9.63921070099], [806.080566406, -176.970870972, 34.4015426636, 395.368682861, 41.5027961731, 46.1853103638, -51.5353240967, 23.0445785522, -36.7291259766, 12.9741458893, -35.0811500549, -9.54261302948, 3.54976701736], [-2070.06762695, 28.3509521484, 289.40914917, 41.5027961731, 407.68963623, 50.8562889099, 45.3916625977, 27.4921913147, 10.7747144699, -33.6295394897, 5.52218198776, -0.588647246361, 16.205373764], [167.66178894, -61.6952133179, 31.8312282562, 46.1853103638, 50.8562889099, 164.243453979, 53.7881011963, 13.7509880066, -32.8958854675, -5.02910423279, -18.8859291077, 9.94733715057, -1.36031889915], [-1027.93969727, -25.1666812897, 70.3857727051, -51.5353240967, 45.3916625977, 53.7881011963, 172.670883179, 21.1667957306, 15.4308710098, -1.5478785038, 14.3621683121, -1.85940420628, 3.15890216827], [24.3288974762, -37.215839386, 17.3826389313, 23.0445785522, 27.4921913147, 13.7509880066, 21.1667957306, 99.2890472412, 21.9469070435, 12.6750774384, -7.55705928802, -11.6839799881, -8.58574104309], [-649.002258301, 1.52151596546, 61.4545402527, -36.7291259766, 10.7747144699, -32.8958854675, 15.4308710098, 21.9469070435, 120.768211365, 34.9948501587, 13.6364278793, -13.9211397171, -8.65503883362], [92.7754974365, -64.5805435181, -4.84821367264, 12.9741458893, -33.6295394897, -5.02910423279, -1.5478785038, 12.6750774384, 34.9948501587, 90.9519577026, 25.1580314636, -10.4986438751, -7.65272092819], [-474.910705566, -4.43947219849, 35.3382873535, -35.0811500549, 5.52218198776, -18.8859291077, 14.3621683121, -7.55705928802, 13.6364278793, 25.1580314636, 72.9423522949, 20.8491516113, 3.76224517822], [-39.7023391724, -45.3308334351, 16.1942100525, -9.54261302948, -0.588647246361, 9.94733715057, -1.85940420628, -11.6839799881, -13.9211397171, -10.4986438751, 20.8491516113, 72.1218261719, 32.6013908386], [-275.694763184, -52.7309951782, -9.63921070099, 3.54976701736, 16.205373764, -1.36031889915, 3.15890216827, -8.58574104309, -8.65503883362, -7.65272092819, 3.76224517822, 32.6013908386, 74.4397964478]]}, "spectral_energyband_middle_low": {"dmean2": 0.00615191971883, "median": 0.00514400098473, "min": 1.55682633657e-22, "dvar2": 0.000107524589112, "dvar": 4.74612206744e-05, "dmean": 0.00391459744424, "max": 0.117174915969, "var": 0.000229641242186, "mean": 0.0103645259514}, "melbands_crest": {"dmean2": 5.22858858109, "median": 13.2524785995, "min": 1.00019085407, "dvar2": 21.7948493958, "dvar": 8.60291099548, "dmean": 3.16228318214, "max": 33.3545951843, "var": 26.2112178802, "mean": 13.9177618027}, "spectral_kurtosis": {"dmean2": 3.23711013794, "median": 5.22705173492, "min": -1.27912414074, "dvar2": 13.8265676498, "dvar": 5.81816864014, "dmean": 2.00618863106, "max": 43.2175788879, "var": 18.5427532196, "mean": 6.21846485138}, "spectral_rms": {"dmean2": 0.000862868269905, "median": 0.0031949589029, "min": 3.12315256122e-12, "dvar2": 9.87498538052e-07, "dvar": 4.69869831932e-07, "dmean": 0.000566673115827, "max": 0.0108547024429, "var": 3.46501224158e-06, "mean": 0.00341555080377}, "zerocrossingrate": {"dmean2": 0.00971537828445, "median": 0.0390625, "min": 0.00390625, "dvar2": 0.000171406180016, "dvar": 0.000128149389639, "dmean": 0.0080929286778, "max": 0.52783203125, "var": 0.0054543055594, "mean": 0.0556419938803}, "silence_rate_60dB": {"dmean2": 0.0629921257496, "median": 0, "min": 0, "dvar2": 0.0682553648949, "dvar": 0.0305001009256, "dmean": 0.0314917862415, "max": 1, "var": 0.11341278255, "mean": 0.130428880453}, "erbbands_kurtosis": {"dmean2": 2.08916711807, "median": -0.0622828751802, "min": -1.85168004036, "dvar2": 12.9887390137, "dvar": 5.50515985489, "dmean": 1.31560182571, "max": 62.655166626, "var": 19.0433712006, "mean": 1.48029720783}, "erbbands": {"dmean2": [0.0152661856264, 0.251095205545, 1.11479926109, 2.32300806046, 5.20536231995, 11.5134029388, 11.9102573395, 16.4253578186, 16.9613819122, 17.7659778595, 28.8931922913, 36.5498313904, 16.1665000916, 13.6210212708, 22.6399669647, 10.1346750259, 14.7919483185, 11.0786275864, 12.4472637177, 8.72187042236, 5.33353424072, 9.18766021729, 5.85853624344, 3.04413032532, 4.20132637024, 3.15888237953, 2.80498981476, 3.30887985229, 2.16927909851, 1.34890568256, 0.728387236595, 0.370426535606, 0.269821166992, 0.222019419074, 0.107429042459, 0.030158277601, 0.0100732203573, 0.0024439226836, 0.000292874465231, 2.19617249968e-05], "median": [0.00806993152946, 0.174148380756, 0.916933476925, 1.32906079292, 2.26141571999, 4.18593978882, 6.39768028259, 5.39349079132, 4.37732601166, 4.56232404709, 5.26489067078, 5.18324565887, 4.01083278656, 3.44729995728, 3.20690822601, 3.09418678284, 3.38953185081, 3.37371516228, 3.79099392891, 2.59981060028, 2.40034556389, 2.08215117455, 2.03994131088, 1.44527542591, 1.35989189148, 1.22123944759, 0.994772851467, 0.656024694443, 0.56313252449, 0.414543360472, 0.226328730583, 0.116467632353, 0.0731063038111, 0.0432177484035, 0.0218715276569, 0.00699812825769, 0.00187598331831, 0.000358368240995, 5.50161930732e-05, 1.78154732566e-05], "min": [6.46982883022e-23, 3.04913470581e-22, 2.48641101533e-21, 1.97050497002e-21, 5.8854676065e-21, 1.62784782465e-20, 3.31819786875e-20, 7.49177739283e-20, 6.67290154438e-20, 1.80690987367e-19, 2.41913984924e-19, 2.94038952169e-19, 4.10187104291e-19, 8.01377643923e-19, 9.20182286581e-19, 9.43597598373e-19, 1.06126807301e-18, 1.50802677089e-18, 1.65739532359e-18, 2.79963000631e-18, 4.00023013947e-18, 3.80039405682e-18, 4.69298314913e-18, 5.85154100047e-18, 6.88005282462e-18, 7.93301031742e-18, 8.66154054294e-18, 9.87351482311e-18, 1.00386531606e-17, 1.07550701532e-17, 1.01032336326e-17, 1.10298372188e-17, 8.58045781776e-18, 8.41525496018e-18, 6.05696013866e-18, 4.39174010006e-18, 2.22249554638e-18, 8.90578319639e-19, 2.36119843227e-19, 2.62534298662e-20], "dvar2": [0.00103593722451, 0.216125577688, 4.42158460617, 14.6561336517, 75.8423919678, 611.439880371, 930.70501709, 2560.13354492, 4172.58203125, 3905.81005859, 10945.7548828, 15368.6474609, 8436.13867188, 3064.03149414, 16816.1132813, 2232.32861328, 2805.66967773, 2043.29333496, 774.685668945, 760.059082031, 98.6492767334, 760.198059082, 160.59614563, 36.741153717, 166.841293335, 53.5458106995, 109.939025879, 340.1121521, 86.8553543091, 19.1994228363, 6.43686771393, 5.00758743286, 1.31933617592, 1.38104832172, 0.292646408081, 0.00688580982387, 0.000775262131356, 5.62736240681e-05, 7.66912194194e-07, 2.40751352187e-09], "dvar": [0.000371778674889, 0.0809364393353, 1.59764230251, 5.6441078186, 28.8243637085, 266.23248291, 425.465789795, 1035.68896484, 1729.67370605, 1825.75830078, 4712.36865234, 6754.39794922, 3364.13427734, 1335.2010498, 6326.62451172, 1022.07263184, 1350.37792969, 1042.88317871, 335.93371582, 332.437927246, 43.1693458557, 288.794372559, 63.7933921814, 15.2931976318, 65.4932479858, 22.102853775, 50.2425308228, 157.469238281, 45.705406189, 9.24986171722, 3.01434087753, 2.69838452339, 0.95644235611, 0.744635939598, 0.133254885674, 0.00323864654638, 0.000343164458172, 2.3062197215e-05, 3.17770854963e-07, 1.00971275785e-09], "dmean": [0.00898428633809, 0.153792560101, 0.680432736874, 1.40973734856, 3.01510238647, 6.84974861145, 7.52648496628, 10.2445001602, 10.7285709381, 11.6974563599, 18.8190193176, 24.1159267426, 10.6922750473, 8.95319747925, 14.2559089661, 6.68574905396, 9.618891716, 7.38590812683, 7.90605020523, 5.53948116302, 3.38575553894, 5.53310060501, 3.68942451477, 1.92387878895, 2.66022872925, 2.00953698158, 1.84891533852, 2.26090431213, 1.5012512207, 0.905755341053, 0.48030769825, 0.248487606645, 0.18391482532, 0.147778168321, 0.0697129592299, 0.0198049601167, 0.0066007883288, 0.00154847593512, 0.000183613359695, 1.40961947181e-05], "max": [0.306503474712, 3.56258058548, 18.9893856049, 32.1112251282, 154.364486694, 351.133483887, 606.862426758, 912.755493164, 1561.71008301, 904.772705078, 2140.71362305, 2228.85009766, 1942.67468262, 1452.66479492, 2438.11816406, 1439.46276855, 1087.36352539, 1957.71936035, 369.777618408, 595.234069824, 185.03729248, 434.423248291, 135.150131226, 76.3497467041, 366.747344971, 135.10005188, 204.453277588, 483.215393066, 284.099304199, 124.037490845, 85.8981399536, 119.755737305, 80.1945037842, 38.1527786255, 17.6228160858, 2.2911465168, 0.350369274616, 0.0880190059543, 0.0113462656736, 0.000574974459596], "var": [0.000363999250112, 0.161730781198, 3.42288422585, 9.21181106567, 45.3310432434, 467.847503662, 765.862121582, 2418.66088867, 3637.41577148, 5031.89453125, 19363.1503906, 17126.8515625, 4093.10864258, 2750.15429688, 14019.6923828, 1432.4005127, 2262.48754883, 2135.89233398, 534.53704834, 430.106628418, 85.1770401001, 337.538024902, 126.722976685, 39.2265892029, 105.042755127, 43.3297653198, 81.0982055664, 251.401290894, 93.5626831055, 17.9579849243, 5.77902078629, 5.08867931366, 2.09698343277, 1.08330285549, 0.191834434867, 0.00514889415354, 0.000527584983502, 2.58234758803e-05, 3.2942759276e-07, 1.34680266939e-09], "mean": [0.0134955635294, 0.332615107298, 1.59183287621, 2.40868926048, 4.29455804825, 10.2299442291, 13.7687454224, 18.7803573608, 19.1758594513, 22.8900547028, 39.778339386, 41.8309822083, 16.0995826721, 14.134100914, 22.6893596649, 10.20403862, 14.4064035416, 11.4691019058, 11.9048175812, 8.03743362427, 5.65943956375, 7.70786571503, 6.16940546036, 3.74952530861, 4.87181091309, 3.86421442032, 3.29522371292, 3.60563755035, 2.50136113167, 1.43109416962, 0.761992394924, 0.412555098534, 0.294598311186, 0.21277281642, 0.106642447412, 0.0305187273771, 0.00918422266841, 0.0018194677541, 0.000217155888095, 2.93502052955e-05]}, "spectral_strongpeak": {"dmean2": 0.633547782898, "median": 0.329646706581, "min": 0, "dvar2": 1.13963115215, "dvar": 0.488911688328, "dmean": 0.388827234507, "max": 14.405670166, "var": 1.42748296261, "mean": 0.81446814537}, "spectral_energy": {"dmean2": 0.0075931828469, "median": 0.0104629555717, "min": 9.9979341545e-21, "dvar2": 0.000128045125166, "dvar": 5.7058648963e-05, "dmean": 0.00491333846003, "max": 0.120770186186, "var": 0.000278800609522, "mean": 0.0155092449859}, "average_loudness": 0.586932182312, "spectral_rolloff": {"dmean2": 573.627685547, "median": 689.0625, "min": 107.666015625, "dvar2": 996854.4375, "dvar": 471832.75, "dmean": 343.56048584, "max": 20112.0117188, "var": 8055811.5, "mean": 1472.41870117}, "spectral_centroid": {"dmean2": 333.432006836, "median": 807.225341797, "min": 170.782333374, "dvar2": 236823.65625, "dvar": 115623.273438, "dmean": 217.520843506, "max": 11689.9462891, "var": 2553383.25, "mean": 1229.57397461}, "pitch_salience": {"dmean2": 0.115863293409, "median": 0.568840324879, "min": 0.0842412635684, "dvar2": 0.0105221047997, "dvar": 0.0041288617067, "dmean": 0.0713037252426, "max": 0.99609786272, "var": 0.0128971785307, "mean": 0.567227125168}, "spectral_energyband_middle_high": {"dmean2": 0.00154665124137, "median": 0.00105057400651, "min": 1.14463096356e-21, "dvar2": 1.60508661793e-05, "dvar": 7.29061275706e-06, "dmean": 0.00104360084515, "max": 0.070647880435, "var": 2.07459415833e-05, "mean": 0.00234573939815}, "spectral_contrast_coeffs": {"dmean2": [0.0817137360573, 0.0724316611886, 0.060002554208, 0.0487559251487, 0.0360563062131, 0.0259488876909], "median": [-0.63262116909, -0.753221392632, -0.766554951668, -0.778618812561, -0.795615911484, -0.778944373131], "min": [-0.980421125889, -0.999148368835, -0.998433053493, -0.98846501112, -0.989304363728, -0.968176066875], "dvar2": [0.00450632534921, 0.0037663183175, 0.00250924914144, 0.00172999035567, 0.000953392998781, 0.00058333465131], "dvar": [0.00168438116089, 0.00154618103988, 0.00111097644549, 0.000751131854486, 0.000446546793683, 0.000304684246657], "dmean": [0.0486743971705, 0.0443790480494, 0.037987574935, 0.0311852283776, 0.0234153550118, 0.0172300599515], "max": [-0.284007161856, -0.290710747242, -0.358036994934, -0.522729873657, -0.607726693153, -0.575673103333], "var": [0.0088382801041, 0.00843186769634, 0.00736331380904, 0.00439761253074, 0.00320026394911, 0.0029686675407], "mean": [-0.633827388287, -0.740715563297, -0.757753610611, -0.775216639042, -0.793300688267, -0.776602625847]}, "melbands_skewness": {"dmean2": 1.06685853004, "median": 2.53395795822, "min": -1.96003615856, "dvar2": 1.26303160191, "dvar": 0.535416185856, "dmean": 0.687665700912, "max": 15.9391298294, "var": 2.1627266407, "mean": 2.5615439415}, "spectral_spread": {"dmean2": 812152.875, "median": 4012354.5, "min": 1782072.875, "dvar2": 2331340439550.0, "dvar": 991769722880, "dmean": 536135.875, "max": 49715800, "var": 30039380852700.0, "mean": 4974100.5}, "dissonance": {"dmean2": 0.0403144210577, "median": 0.462291479111, "min": 0, "dvar2": 0.00189637066796, "dvar": 0.00070280674845, "dmean": 0.0240242537111, "max": 0.5, "var": 0.00176034576725, "mean": 0.450287669897}, "spectral_skewness": {"dmean2": 0.39774236083, "median": 1.80912125111, "min": -0.298387050629, "dvar2": 0.166118636727, "dvar": 0.0770603716373, "dmean": 0.259505689144, "max": 5.20285987854, "var": 0.4457860291, "mean": 1.84626924992}, "spectral_flux": {"dmean2": 0.0272430498153, "median": 0.0480179674923, "min": 6.31661667416e-11, "dvar2": 0.00106875889469, "dvar": 0.000471306237159, "dmean": 0.0173503551632, "max": 0.292149752378, "var": 0.00154578615911, "mean": 0.0563228949904}, "spectral_contrast_valleys": {"dmean2": [0.695963561535, 0.567363500595, 0.523002803326, 0.453360646963, 0.409470826387, 0.435911774635], "median": [-7.51289653778, -6.84646558762, -7.87458944321, -8.34174919128, -8.35356521606, -10.9766178131], "min": [-28.2701835632, -28.0103874207, -27.7362613678, -27.6212539673, -27.5111923218, -27.4940700531], "dvar2": [0.368957340717, 0.28958851099, 0.261277407408, 0.228411316872, 0.25871014595, 0.356323957443], "dvar": [0.165247514844, 0.123168967664, 0.121179334819, 0.112271040678, 0.13099604845, 0.185220450163], "dmean": [0.423566907644, 0.349148243666, 0.332323610783, 0.299322128296, 0.286146104336, 0.323103398085], "max": [-5.92150497437, -4.64148902893, -5.34873437881, -6.41774177551, -6.28425741196, -7.61703920364], "var": [9.64435482025, 10.2624425888, 9.32021522522, 8.91661834717, 8.90230464935, 6.99951028824], "mean": [-8.16593647003, -7.4369764328, -8.46503257751, -8.91253948212, -8.92969703674, -11.4033622742]}, "erbbands_flatness_db": {"dmean2": 0.0269557405263, "median": 0.150081783533, "min": 0.0271521918476, "dvar2": 0.000773190986365, "dvar": 0.00039374633343, "dmean": 0.0182151049376, "max": 0.395172059536, "var": 0.00268500274979, "mean": 0.161393284798}, "spectral_energyband_high": {"dmean2": 0.000197003711946, "median": 8.35992832435e-05, "min": 6.9338196743e-21, "dvar2": 4.52918101246e-07, "dvar": 2.36262891917e-07, "dmean": 0.000136794507853, "max": 0.0158586390316, "var": 5.06837920966e-07, "mean": 0.000270107528195}, "spectral_entropy": {"dmean2": 0.281335800886, "median": 7.24245691299, "min": 5.12120437622, "dvar2": 0.0852009281516, "dvar": 0.043711014092, "dmean": 0.19354274869, "max": 9.82356929779, "var": 0.359356343746, "mean": 7.26649713516}, "silence_rate_20dB": {"dmean2": 0, "median": 1, "min": 1, "dvar2": 0, "dvar": 0, "dmean": 0, "max": 1, "var": 0, "mean": 1}, "melbands_flatness_db": {"dmean2": 0.0377368927002, "median": 0.225808814168, "min": -1.2080109002e-07, "dvar2": 0.00131532829255, "dvar": 0.000668355147354, "dmean": 0.0255234651268, "max": 0.501919686794, "var": 0.00550015363842, "mean": 0.222989186645}, "barkbands": {"dmean2": [1.77435103978e-05, 0.000912375166081, 0.00111020694021, 0.00109429040458, 0.00270312465727, 0.00172521697823, 0.00119442248251, 0.00124687841162, 0.00154702051077, 0.00039590706001, 0.000586980662774, 0.000265820854111, 0.000342562241713, 0.000261635956122, 0.000217215012526, 0.000111294386443, 0.000148027233081, 9.18296645978e-05, 8.00922862254e-05, 7.31734980945e-05, 7.84273797763e-05, 5.43857386219e-05, 2.81667635136e-05, 1.64750144904e-05, 1.61300140462e-05, 5.81174344916e-06, 1.82161045359e-06], "median": [2.49397476182e-06, 0.000610800751019, 0.000817513559014, 0.000397740222979, 0.00132821407169, 0.000648299523164, 0.000294013530947, 0.000188548292499, 0.000209836114664, 7.48028760427e-05, 6.8871275289e-05, 7.34213972464e-05, 6.42099694232e-05, 5.84771114518e-05, 4.56361303804e-05, 3.56969758286e-05, 2.79132873402e-05, 2.88909614028e-05, 2.56783750956e-05, 2.82517248706e-05, 2.09710960917e-05, 1.45774356497e-05, 8.69089672051e-06, 4.92099115945e-06, 3.45368880517e-06, 1.17817990031e-06, 2.7467461905e-07], "min": [4.46083043228e-25, 2.32471865628e-24, 1.39861044887e-24, 1.55449503368e-25, 8.25586088005e-24, 6.28278170544e-24, 5.02588015882e-24, 4.84498883122e-24, 9.67401663975e-24, 1.14133121519e-23, 8.63140284715e-24, 2.57173025391e-23, 1.80781754814e-23, 2.9865358793e-23, 3.70013125001e-23, 2.57339822141e-23, 6.41863049529e-23, 7.80423627632e-23, 1.12937113724e-22, 1.56094595754e-22, 1.91762682837e-22, 3.04313835319e-22, 3.74678688208e-22, 5.66403997971e-22, 8.40907448636e-22, 1.23491300183e-21, 1.83910906647e-21], "dvar2": [2.40781861116e-09, 2.92316963169e-06, 4.31263515566e-06, 3.59425985152e-06, 3.0903811421e-05, 2.12497307075e-05, 1.74007182068e-05, 2.29540783039e-05, 2.63702968368e-05, 4.51762343801e-06, 9.09925074666e-06, 1.35857499117e-06, 1.43379736528e-06, 7.4257968663e-07, 4.59938860331e-07, 5.41370823726e-08, 1.7820231335e-07, 4.25320472175e-08, 3.78856803707e-08, 3.03300424775e-08, 1.44269066027e-07, 4.98970607055e-08, 8.936975604e-09, 6.97177959808e-09, 5.46346567987e-09, 2.56502513674e-10, 2.98021780865e-11], "dvar": [1.05305741904e-09, 1.0938917967e-06, 1.56125270223e-06, 1.32846878387e-06, 1.37460647238e-05, 8.69516770763e-06, 8.40788470668e-06, 9.76118553808e-06, 1.18732959891e-05, 1.87836519672e-06, 3.48190201294e-06, 7.09015296252e-07, 6.58670614939e-07, 3.73732092385e-07, 1.962823859e-07, 2.34678978472e-08, 6.82427341303e-08, 1.69776477321e-08, 1.56564539111e-08, 1.26694450486e-08, 6.83152308056e-08, 2.64580268805e-08, 4.21463397515e-09, 4.63203742029e-09, 2.86958412588e-09, 1.18524745574e-10, 1.22084026916e-11], "dmean": [1.10946466521e-05, 0.000555835431442, 0.000676896539517, 0.000645614520181, 0.00163119880017, 0.00108122988604, 0.000764344353229, 0.000790831109043, 0.00100573315285, 0.000262277462753, 0.000369282643078, 0.000179874710739, 0.000218468281673, 0.000171162901097, 0.000134757035994, 7.06092541805e-05, 8.90045994311e-05, 5.77574173803e-05, 5.03507071699e-05, 4.67175996164e-05, 5.33295315108e-05, 3.74601695512e-05, 1.86832148756e-05, 1.10691880764e-05, 1.07441946966e-05, 3.83116139346e-06, 1.13055455131e-06], "max": [0.000871454481967, 0.0126975886524, 0.0195062775165, 0.012653073296, 0.10401956737, 0.0765327587724, 0.0789614096284, 0.0829668343067, 0.0707051828504, 0.0527792945504, 0.0689410716295, 0.0359715633094, 0.0199133493006, 0.032999124378, 0.0169817730784, 0.00354703725316, 0.00628175027668, 0.00289073470049, 0.00563373463228, 0.00290816603228, 0.00872959569097, 0.00649135792628, 0.00314063136466, 0.00511292973533, 0.00210077920929, 0.000279630388832, 6.33013842162e-05], "var": [1.21965015865e-09, 2.01075272344e-06, 2.92843765237e-06, 1.82105532076e-06, 2.62275516434e-05, 2.10184844036e-05, 2.00730446522e-05, 3.63639301213e-05, 2.81781394733e-05, 2.2869219265e-06, 8.25062852527e-06, 1.39598500937e-06, 1.02987439732e-06, 7.50972503738e-07, 2.35819939576e-07, 4.91968776828e-08, 7.84953400057e-08, 3.1952090751e-08, 3.31804557163e-08, 2.39905322275e-08, 1.08386572606e-07, 5.74783491913e-08, 8.1246742667e-09, 9.8636769863e-09, 4.45027525942e-09, 1.85521917273e-10, 1.21058614522e-11], "mean": [1.10500313895e-05, 0.00113675510511, 0.00142443727236, 0.000891300442163, 0.0027255450841, 0.00199669389986, 0.00136509677395, 0.00157776952256, 0.00172362558078, 0.00035757230944, 0.000571749405935, 0.000263809692115, 0.000315176002914, 0.000249472155701, 0.000174457818503, 0.000110831264465, 0.000117787647469, 9.38976954785e-05, 9.36241485761e-05, 8.78613282111e-05, 8.6781605205e-05, 6.24382446404e-05, 3.00013398373e-05, 1.83862030099e-05, 1.63235326909e-05, 5.50921504328e-06, 1.27272096506e-06]}, "erbbands_skewness": {"dmean2": 0.600226938725, "median": 0.531481385231, "min": -4.99208450317, "dvar2": 0.374429166317, "dvar": 0.182645276189, "dmean": 0.397163629532, "max": 6.84760284424, "var": 1.00379645824, "mea