{"metadata": {"tags": {"label": ["MCA Soundtracks", "Morgan Creek Records"], "releasecountry": ["US"], "musicbrainz_releasetrackid": ["04136d48-c1d6-38be-8a2d-dd141bf7d9ff"], "catalognumber": ["MCAD-11374"], "producer": ["\"Jungle\" Jim Goodwin", "Danny Bramson", "Kathy Nelson", "Mr. Mirainga"], "releasetype": ["album", "soundtrack"], "originalyear": ["1995"], "tracknumber": ["4"], "disctotal": ["1"], "musicbrainz_albumartistid": ["89ad4ac3-39f7-470e-963a-56509c546377"], "album": ["Ace Ventura: When Nature Calls"], "script": ["Latn"], "albumartistsort": ["Various Artists"], "releasestatus": ["official"], "acoustid_id": ["03710b3a-6ae7-4d19-ba45-9de9fc800ebf"], "musicbrainz_artistid": ["a345131a-bfc2-44f7-aea7-70462fc77ff6"], "musicbrainz_albumid": ["c8398c9f-c3c8-41ce-a2cc-2e75e03f768a"], "musicbrainz_recordingid": ["0fd69ed0-4ad6-41aa-bc16-dfbbd2c6df73"], "albumartist": ["Various Artists"], "barcode": ["008811137427"], "originaldate": ["1995-11-07"], "totaltracks": ["13"], "artist": ["Mr. Mirainga"], "isrc": ["USMC19545417"], "artistsort": ["Mirainga, Mr."], "title": ["Burnin' Rubber"], "asin": ["B000002OYR"], "tracktotal": ["13"], "musicbrainz_releasegroupid": ["55787f2b-f784-3bae-83f4-3cc61d2c0b61"], "totaldiscs": ["1"], "compilation": ["1"], "date": ["1995-11-07"], "media": ["CD"], "file_name": "04 Mr. Mirainga - Burnin' Rubber.ogg", "discnumber": ["1"]}, "audio_properties": {"sample_rate": 44100, "downmix": "mix", "lossless": false, "analysis_sample_rate": 44100, "md5_encoded": "c15b3ef505513a1c89740fa6f0be9240", "equal_loudness": 0, "replay_gain": -13.1196994781, "codec": "vorbis", "bit_rate": 356000, "length": 198.047348022}, "version": {"extractor": "music 1.0", "essentia_build_sha": "cead25079874084f62182a551b7393616cd33d87", "essentia_git_sha": "v2.1_beta2-1-ge3940c0", "essentia": "2.1-beta2"}}, "rhythm": {"beats_loudness_band_ratio": {"dvar2": [0.041760250926, 0.0248859860003, 0.0144249238074, 0.00191268709023, 0.0010931994766, 0.00732938293368], "var": [0.0477884709835, 0.0142027409747, 0.00600240100175, 0.000925295345951, 0.00115933874622, 0.00591117748991], "min": [0, 0, 0, 0, 0, 0], "dmean": [0.139074236155, 0.122880198061, 0.0382962785661, 0.0201488453895, 0.0198063254356, 0.0683167502284], "mean": [0.704430520535, 0.137371152639, 0.0510703362525, 0.0290315486491, 0.0374390557408, 0.101638227701], "max": [0.994535207748, 0.55422192812, 0.814910471439, 0.173080161214, 0.152480393648, 0.393336176872], "dmean2": [0.258837908506, 0.233509898186, 0.0659192278981, 0.0364957563579, 0.0350638777018, 0.129679113626], "median": [0.770955383778, 0.103619717062, 0.0226589627564, 0.0173104982823, 0.0250814668834, 0.0845416262746], "dvar": [0.0152174746618, 0.00843819510192, 0.00524577032775, 0.000658268108964, 0.000383981940104, 0.0024471769575]}, "bpm_histogram_first_peak_weight": {"dvar2": 0, "var": 0, "min": 0.670886039734, "dmean": 0, "mean": 0.670886039734, "max": 0.670886039734, "dmean2": 0, "median": 0.670886039734, "dvar": 0}, "bpm": 85.6620483398, "beats_count": 317, "bpm_histogram_first_peak_spread": {"dvar2": 0, "var": 0, "min": 0.0940171480179, "dmean": 0, "mean": 0.0940171480179, "max": 0.0940171480179, "dmean2": 0, "median": 0.0940171480179, "dvar": 0}, "danceability": 1.22123813629, "bpm_histogram_first_peak_bpm": {"dvar2": 0, "var": 0, "min": 86, "dmean": 0, "mean": 86, "max": 86, "dmean2": 0, "median": 86, "dvar": 0}, "beats_position": [0.66176867485, 1.33514738083, 2.02013611794, 2.71673464775, 3.41333317757, 4.1099319458, 4.80653047562, 5.52634906769, 6.2229475975, 6.91954612732, 7.61614513397, 8.32435321808, 9.02095222473, 9.71755123138, 10.4025392532, 11.0991382599, 11.7957363129, 12.5039453506, 13.2005443573, 13.9087524414, 14.6053514481, 15.3135595322, 16.0101585388, 16.7183666229, 17.4149665833, 18.1115646362, 18.8081626892, 19.5163707733, 20.2129707336, 20.9211788177, 21.6177768707, 22.3143768311, 23.0225849152, 23.7307929993, 24.4273910522, 25.1239910126, 25.8205890656, 26.5171871185, 27.2137870789, 27.9336051941, 28.6302032471, 29.3500213623, 30.0466213226, 30.7432193756, 31.4398174286, 32.1364173889, 32.8330154419, 33.5412254333, 34.2494316101, 34.9460296631, 35.6426315308, 36.3392295837, 37.0358276367, 37.7440338135, 38.4406356812, 39.1488418579, 39.8454399109, 40.5420417786, 41.2386398315, 41.9352378845, 42.6318359375, 43.3284339905, 44.0250320435, 44.7448501587, 45.4414520264, 46.1380500793, 46.8346481323, 47.5428581238, 48.2510643005, 48.9476623535, 49.6442604065, 50.3292503357, 51.0258483887, 51.7340583801, 52.4422683716, 53.1504745483, 53.8470726013, 54.5436706543, 55.240272522, 55.936870575, 56.6450767517, 57.3532867432, 58.0498847961, 58.7464828491, 59.4314727783, 60.1396827698, 60.8362808228, 61.5328788757, 62.2294769287, 62.9260749817, 63.6226730347, 64.3192749023, 65.0158691406, 65.7124710083, 66.4206771851, 67.1288909912, 67.837097168, 68.5453033447, 69.2419052124, 69.9501113892, 70.6583175659, 71.3665313721, 72.0631256104, 72.7713394165, 73.4679336548, 74.1645355225, 74.8611297607, 75.5577316284, 76.2543258667, 76.9509277344, 77.6475296021, 78.3673477173, 79.0639419556, 79.7605438232, 80.4571380615, 81.1537399292, 81.861946106, 82.5701599121, 83.2667541504, 83.9633560181, 84.6599502563, 85.356552124, 86.0531539917, 86.7613601685, 87.4695663452, 88.1661682129, 88.8627624512, 89.5593643188, 90.244354248, 90.9525604248, 91.6491622925, 92.3457565308, 93.0423583984, 93.7621765137, 94.4703826904, 95.1785888672, 95.8751907349, 96.5717926025, 97.2683868408, 97.9649887085, 98.6383666992, 99.3233566284, 100.008346558, 100.704940796, 101.401542664, 102.121360779, 102.817955017, 103.537773132, 104.234375, 104.942581177, 105.650794983, 106.35900116, 107.055595398, 107.763809204, 108.460403442, 109.15700531, 109.865211487, 110.550201416, 111.246803284, 111.943397522, 112.63999939, 113.336593628, 114.044807434, 114.753013611, 115.449615479, 116.146209717, 116.854415894, 117.5626297, 118.259223938, 118.955825806, 119.664031982, 120.372245789, 121.068840027, 121.765441895, 122.473648071, 123.181854248, 123.878456116, 124.575057983, 125.271652222, 125.968254089, 126.676460266, 127.384666443, 128.081268311, 128.777862549, 129.474472046, 130.171066284, 130.867660522, 131.564254761, 132.272476196, 132.980682373, 133.68888855, 134.397094727, 135.093688965, 135.790298462, 136.4868927, 137.183486938, 137.880081177, 138.576690674, 139.284896851, 139.993103027, 140.689697266, 141.386306763, 142.082901001, 142.779495239, 143.487701416, 144.195922852, 144.89251709, 145.589111328, 146.285705566, 146.982315063, 147.678909302, 148.398727417, 149.095321655, 149.791931152, 150.488525391, 151.185119629, 151.893325806, 152.601531982, 153.298141479, 153.994735718, 154.691329956, 155.387939453, 156.084533691, 156.792739868, 157.500946045, 158.197555542, 158.89414978, 159.590744019, 160.287338257, 160.983947754, 161.715377808, 162.446792603, 163.189834595, 163.932876587, 164.652694702, 165.360900879, 166.069107056, 166.603164673, 167.12562561, 167.659683228, 168.182128906, 168.692962646, 169.215423584, 169.737869263, 170.248703003, 170.759536743, 171.107849121, 171.45614624, 171.816055298, 172.164352417, 172.524261475, 172.872558594, 173.220855713, 173.569152832, 173.917449951, 174.265762329, 174.614059448, 174.962356567, 175.310653687, 175.658950806, 176.007247925, 176.355545044, 176.703857422, 177.075378418, 177.423675537, 177.771972656, 178.120269775, 178.468566895, 178.816864014, 179.165161133, 179.513473511, 179.873382568, 180.233291626, 180.581588745, 180.929885864, 181.278182983, 181.626480103, 181.974777222, 182.323074341, 182.671386719, 183.031295776, 183.391204834, 183.739501953, 184.087799072, 184.44770813, 184.784393311, 185.13269043, 185.492599487, 185.852508545, 186.200805664, 186.549118042, 186.9090271, 187.268936157, 187.617233276, 187.988754272, 188.34866333, 188.708572388, 189.080093384, 189.46321106, 189.834732056, 190.264297485, 190.705490112, 191.14666748, 191.587844849, 192.00579834, 192.43536377, 192.864944458, 193.306121826, 193.747299194, 194.188476562, 194.629653931, 195.070831299, 195.500411987, 195.929977417, 196.371154785, 196.812332153, 197.253509521], "beats_loudness": {"dvar2": 0.000758649548516, "var": 0.000437422218965, "min": 0, "dmean": 0.0198563039303, "mean": 0.0478055737913, "max": 0.118092387915, "dmean2": 0.0347445905209, "median": 0.0473481081426, "dvar": 0.000256018451182}, "bpm_histogram_second_peak_weight": {"dvar2": 0, "var": 0, "min": 0.110759496689, "dmean": 0, "mean": 0.110759496689, "max": 0.110759496689, "dmean2": 0, "median": 0.110759496689, "dvar": 0}, "bpm_histogram_second_peak_spread": {"dvar2": 0, "var": 0, "min": 0, "dmean": 0, "mean": 0, "max": 0, "dmean2": 0, "median": 0, "dvar": 0}, "bpm_histogram_second_peak_bpm": {"dvar2": 0, "var": 0, "min": 172, "dmean": 0, "mean": 172, "max": 172, "dmean2": 0, "median": 172, "dvar": 0}, "onset_rate": 3.8169054985}, "lowlevel": {"spectral_energyband_high": {"dvar2": 1.6342547724e-06, "var": 4.01301940656e-06, "min": 6.83580442627e-21, "dmean": 0.000644439714961, "mean": 0.00211265054531, "max": 0.0137772969902, "dmean2": 0.000920280523133, "median": 0.00159862800501, "dvar": 8.62750425767e-07}, "spectral_energyband_middle_low": {"dvar2": 0.000184435339179, "var": 0.000106595951365, "min": 1.33379364921e-22, "dmean": 0.00456879427657, "mean": 0.00801172479987, "max": 0.114072911441, "dmean2": 0.00726628908888, "median": 0.00477112084627, "dvar": 7.99795234343e-05}, "spectral_energy": {"dvar2": 0.00113360362593, "var": 0.000590325740632, "min": 9.55512191594e-21, "dmean": 0.0139703890309, "mean": 0.0275859721005, "max": 0.166634082794, "dmean2": 0.0221291352063, "median": 0.0191284958273, "dvar": 0.000482579373056}, "spectral_spread": {"dvar2": 1091303505920.0, "var": 16138653138900.0, "min": 1104319.875, "dmean": 522753.1875, "mean": 5920715, "max": 42549908, "dmean2": 741722.5, "median": 5403242, "dvar": 571845705728}, "spectral_energyband_low": {"dvar2": 0.00084071571473, "var": 0.000335915770847, "min": 1.74981733894e-23, "dmean": 0.0100735062733, "mean": 0.0153786558658, "max": 0.145215123892, "dmean2": 0.0164628494531, "median": 0.00934737082571, "dvar": 0.000343016989063}, "spectral_rolloff": {"dvar2": 2369920.75, "var": 6530416.5, "min": 64.599609375, "dmean": 743.323364258, "mean": 2200.09228516, "max": 19659.8144531, "dmean2": 1227.77282715, "median": 1636.5234375, "dvar": 1109694.625}, "barkbands": {"dvar2": [1.09314930796e-06, 0.000537177489605, 9.967002552e-05, 2.3639491701e-05, 6.98530348018e-05, 3.24999700752e-06, 7.44079613924e-07, 1.27613304812e-06, 1.95373036149e-06, 4.01266277095e-07, 2.96623369422e-07, 1.2316985476e-07, 1.84127841862e-07, 1.63866729963e-07, 1.17549170398e-07, 2.51757001024e-07, 3.2004331274e-07, 1.71494036749e-07, 3.64316861123e-07, 4.17618679194e-07, 2.84840638187e-07, 2.10412267165e-07, 8.37425986333e-08, 2.09650714567e-08, 8.63516902427e-09, 3.89471654927e-09, 2.59349375309e-10], "var": [8.01725434485e-07, 0.000203734991373, 2.75529928331e-05, 9.59131466516e-06, 3.69262888853e-05, 1.3964623804e-06, 3.2449935361e-07, 8.32396494843e-07, 2.9583441119e-06, 5.92387209508e-07, 1.83289614597e-07, 6.91305928058e-08, 1.4468544407e-07, 1.35580634719e-07, 7.25475644003e-08, 1.8864336937e-07, 2.70212353826e-07, 1.26024247038e-07, 4.14471315935e-07, 5.09755352596e-07, 3.89208338447e-07, 5.38557401342e-07, 1.15978451731e-07, 6.91455852575e-08, 1.51890571232e-08, 3.34143135383e-09, 1.27843707842e-10], "min": [4.09185405589e-25, 2.69996480054e-24, 1.35240804895e-24, 4.14604436274e-25, 3.39549438877e-24, 1.17053200601e-23, 6.12599481166e-24, 9.27197446827e-24, 1.35849626048e-23, 1.07105838135e-23, 8.60695368111e-24, 1.51055677302e-23, 2.6766618494e-23, 4.02194610966e-23, 4.36048892258e-23, 3.90767613655e-23, 6.34081220689e-23, 7.69605378504e-23, 9.92056328277e-23, 1.40988111367e-22, 2.46552253392e-22, 3.30488467346e-22, 4.214935061e-22, 5.82434156436e-22, 8.75433353481e-22, 1.30136280747e-21, 1.84439748901e-21], "dmean": [0.000414859649027, 0.00757441390306, 0.00314867333509, 0.00161946809385, 0.00261073745787, 0.000532512553036, 0.000231058467762, 0.000272957229754, 0.000381705234759, 0.000190805163584, 0.000145087207784, 9.97865281533e-05, 0.000145203390275, 0.000135948648676, 0.00012762111146, 0.000196064196643, 0.000194917374756, 0.000151862230268, 0.000242862326559, 0.000264326867182, 0.000233230064623, 0.000219048903091, 0.000127238905407, 6.49547000648e-05, 4.04211859859e-05, 2.10853067983e-05, 4.58018075733e-06], "mean": [0.000497020897456, 0.00992959178984, 0.00393326766789, 0.00217685801908, 0.00344996294007, 0.000752148334868, 0.000288776209345, 0.000465853896458, 0.0006791089545, 0.000375688250642, 0.000230549834669, 0.000145869795233, 0.000233696962823, 0.000234116771026, 0.000191558676306, 0.00035032548476, 0.000394549453631, 0.000285255606286, 0.00054198334692, 0.000588867696933, 0.000587646733038, 0.000616446195636, 0.000298705184832, 0.000193701838725, 0.000100124067103, 3.85545135941e-05, 5.65191749047e-06], "max": [0.00635038269684, 0.116885110736, 0.0550692267716, 0.0408551059663, 0.0641032531857, 0.0152307627723, 0.00816619023681, 0.0140658989549, 0.020668450743, 0.00829718168825, 0.00799241196364, 0.00446817604825, 0.00494582718238, 0.00572557328269, 0.00425662472844, 0.00554260797799, 0.00576772075146, 0.00374205620028, 0.00548224663362, 0.00997786596417, 0.00544266961515, 0.00756079563871, 0.00362562993541, 0.00221278099343, 0.00132083252538, 0.000740392424632, 0.000131332752062], "dmean2": [0.000618478516117, 0.0125414375216, 0.00563247036189, 0.00274873804301, 0.00417722715065, 0.000888464797754, 0.000383747654269, 0.000432196713518, 0.000565789116081, 0.000290091440547, 0.000238447712036, 0.000165069461218, 0.000237236134126, 0.000226999502047, 0.000210872109164, 0.000326505425619, 0.000325866305502, 0.000251160992775, 0.000398711388698, 0.000425723468652, 0.000361370068276, 0.000323308457155, 0.00019299100677, 9.6621341072e-05, 5.89694900555e-05, 3.04528784909e-05, 6.90792148816e-06], "median": [8.80035076989e-05, 0.00516655901447, 0.00230333255604, 0.00109237211291, 0.00141729589086, 0.000347465509549, 0.000103043799754, 0.000130330212414, 0.000154033637955, 8.97989812074e-05, 9.00433660718e-05, 6.27331319265e-05, 0.000102929210698, 0.000104517050204, 0.000107076091808, 0.000185334371054, 0.000147267244756, 0.000146555365063, 0.000255846651271, 0.000375888776034, 0.000438507820945, 0.000335877848556, 0.000176960485987, 8.65061228978e-05, 5.3359035519e-05, 1.75358218257e-05, 1.64883067555e-06], "dvar": [5.43054397895e-07, 0.000217633336433, 3.50305672328e-05, 8.90107730811e-06, 3.11419462378e-05, 1.24057964968e-06, 2.97421991036e-07, 5.21149729593e-07, 9.45292299548e-07, 1.80154017926e-07, 1.12979783751e-07, 4.74490242652e-08, 7.06059068989e-08, 6.21152125291e-08, 4.74099230985e-08, 9.51145011641e-08, 1.15430374592e-07, 6.41148574232e-08, 1.39595130122e-07, 1.7243925754e-07, 1.25191576217e-07, 1.02308405303e-07, 3.76875668451e-08, 9.65558655253e-09, 4.10668210549e-09, 1.8265293722e-09, 1.08127604093e-10]}, "melbands_skewness": {"dvar2": 3.58325052261, "var": 7.62218332291, "min": -0.304782032967, "dmean": 1.06845223904, "mean": 4.64360666275, "max": 19.1104679108, "dmean2": 1.66696751118, "median": 3.75238418579, "dvar": 1.50868010521}, "barkbands_skewness": {"dvar2": 1.99227976799, "var": 4.86964941025, "min": -2.10983395576, "dmean": 0.713120102882, "mean": 2.29567337036, "max": 17.2406692505, "dmean2": 1.09975516796, "median": 1.55088126659, "dvar": 0.864382863045}, "erbbands": {"dvar2": [0.700905203819, 27.7609272003, 138.201797485, 117.941047668, 1479.88952637, 414.597473145, 201.016677856, 194.342712402, 110.120040894, 272.293914795, 768.047790527, 1228.15075684, 346.186584473, 428.817474365, 339.353912354, 226.516296387, 370.736724854, 388.804534912, 300.038452148, 337.676605225, 979.48828125, 711.282897949, 414.152801514, 1074.86230469, 831.438171387, 856.935302734, 624.883300781, 321.981445312, 304.549926758, 214.267303467, 51.12733078, 10.8074703217, 6.98735284805, 1.42210102081, 0.410072982311, 0.111240558326, 0.00939552858472, 0.000531726458576, 6.74671628076e-06, 3.33915082251e-08], "var": [0.244936585426, 9.38764858246, 35.3591995239, 51.8940887451, 643.49017334, 195.996795654, 122.024871826, 75.9298400879, 55.5349845886, 208.445327759, 454.361724854, 2007.75317383, 662.450622559, 341.953887939, 178.10723877, 153.472854614, 287.471435547, 359.769439697, 179.721603394, 246.241821289, 793.915710449, 642.148193359, 313.581237793, 1063.47900391, 1055.35327148, 1033.10510254, 846.18927002, 418.393554688, 588.161437988, 527.956970215, 63.2746582031, 28.6138935089, 24.5335502625, 3.2046546936, 0.460586875677, 0.112982824445, 0.00706753088161, 0.000285961577902, 3.40271344612e-06, 1.65073501535e-08], "min": [4.9844116343e-23, 4.72553127725e-22, 2.36343312855e-21, 7.10612446551e-21, 1.17832540649e-20, 1.98693371403e-20, 3.13937628372e-20, 1.3279489053e-19, 8.22009441255e-20, 1.71456795373e-19, 2.7698969992e-19, 3.16328496997e-19, 5.67399216206e-19, 6.12884533921e-19, 1.08735776312e-18, 1.04243141271e-18, 1.52374568407e-18, 1.70744347297e-18, 2.54831144311e-18, 3.09260435118e-18, 3.09121923725e-18, 4.19217615984e-18, 5.37815628925e-18, 6.23351398219e-18, 8.62358039745e-18, 7.38506106425e-18, 1.01461485899e-17, 9.41339974328e-18, 9.76157660671e-18, 1.17559785467e-17, 1.21882697523e-17, 1.16320040253e-17, 1.04463398788e-17, 8.59867150766e-18, 6.42353019019e-18, 3.8762589267e-18, 2.29357331526e-18, 9.58623540996e-19, 2.71905485983e-19, 2.84559921176e-20], "dmean": [0.269788116217, 1.63287806511, 3.49055862427, 4.20037794113, 11.3229780197, 6.01993560791, 4.79903793335, 3.79771733284, 3.03468585014, 4.28030443192, 6.71057510376, 9.52847576141, 5.41684150696, 5.70222854614, 4.96915388107, 4.56013917923, 6.32268381119, 6.64120388031, 5.98909950256, 7.25360155106, 11.7301712036, 9.69603824615, 7.13096952438, 12.4934263229, 12.0968418121, 12.0930585861, 11.2118167877, 7.3422832489, 7.84919404984, 6.81084346771, 3.04230380058, 1.48147857189, 1.10894107819, 0.526593387127, 0.244872301817, 0.118209399283, 0.0312301125377, 0.00640141405165, 0.000736120622605, 6.04497508903e-05], "mean": [0.310824304819, 2.14743113518, 4.33221530914, 6.47444534302, 12.8296079636, 8.53855514526, 7.13446426392, 5.39093637466, 4.33901786804, 7.40324831009, 10.9726524353, 17.3382358551, 12.0110044479, 9.52720355988, 8.25840377808, 7.49043178558, 10.6138219833, 12.0337505341, 9.99620342255, 12.753575325, 22.5278549194, 20.7271099091, 14.5113687515, 26.84009552, 27.1295852661, 27.751203537, 28.1789970398, 17.3830013275, 20.3425254822, 19.2023563385, 7.1612830162, 4.02825975418, 3.40295314789, 1.40864515305, 0.527593314648, 0.238505080342, 0.0526525005698, 0.00879261270165, 0.000937763659749, 9.20806123759e-05], "max": [3.55218243599, 27.4445476532, 60.2718887329, 68.8037490845, 254.941436768, 177.079650879, 117.112686157, 131.272354126, 105.83971405, 198.780670166, 392.28527832, 530.461181641, 320.435546875, 299.752807617, 372.335205078, 177.491073608, 241.559631348, 328.707427979, 245.697265625, 199.617355347, 395.049530029, 222.195358276, 224.548675537, 276.067382812, 313.445861816, 319.19317627, 264.854492188, 208.163192749, 232.799209595, 207.293884277, 100.464904785, 43.9683380127, 56.7728691101, 21.9253826141, 7.32571411133, 3.69384908676, 1.23295116425, 0.293170392513, 0.0224157720804, 0.0017574330559], "dmean2": [0.458702206612, 2.71982908249, 6.26655244827, 7.16688585281, 18.4748287201, 9.80056476593, 7.71261644363, 6.50755405426, 5.0221953392, 6.76942586899, 10.5234384537, 13.875374794, 8.08293533325, 9.22138214111, 8.22590923309, 7.43989610672, 10.3237829208, 10.980670929, 9.89064311981, 11.9619226456, 19.5655956268, 16.2631397247, 11.6660108566, 20.734375, 19.664018631, 19.6759147644, 17.7384929657, 10.9259996414, 11.5529375076, 10.2271604538, 4.65870571136, 2.22511744499, 1.64595127106, 0.773269295692, 0.355987399817, 0.172862872481, 0.0452415421605, 0.00948490202427, 0.00110531027894, 9.07035937416e-05], "median": [0.150942981243, 1.17912495136, 2.51381635666, 4.05668878555, 4.64590740204, 3.64514803886, 3.2642288208, 2.53076267242, 1.69506764412, 2.07267975807, 4.12974214554, 4.17067575455, 3.14161610603, 3.63117337227, 3.89809250832, 3.43286085129, 5.00450277328, 6.04416894913, 6.0515832901, 8.39263534546, 11.1201868057, 8.23931312561, 8.07758998871, 11.9021434784, 14.5866613388, 17.9853191376, 21.7308101654, 11.6593074799, 11.3065805435, 10.0956449509, 4.56388998032, 1.99433529377, 1.38277316093, 0.7264123559, 0.282430529594, 0.110056325793, 0.0245280172676, 0.00324613507837, 0.000304363056784, 5.08248340338e-05], "dvar": [0.274406313896, 10.8167562485, 48.7579345703, 43.5264205933, 632.739807129, 161.949142456, 84.7432556152, 70.2995223999, 43.3578453064, 112.464111328, 316.265167236, 611.276489258, 163.247283936, 171.073455811, 126.547187805, 86.8923568726, 142.257629395, 152.599578857, 116.054206848, 135.922622681, 363.57623291, 256.720245361, 157.265853882, 402.625823975, 329.373291016, 343.50201416, 260.11807251, 154.262207031, 145.988098145, 95.8141174316, 22.6360492706, 4.90311527252, 3.28601026535, 0.66475212574, 0.197184637189, 0.0525334402919, 0.00437119137496, 0.00022794387769, 2.83121221401e-06, 1.40431799522e-08]}, "silence_rate_30dB": {"dvar2": 0.0188211780041, "var": 0.00362070067786, "min": 0, "dmean": 0.00656506465748, "mean": 0.996366202831, "max": 1, "dmean2": 0.0131316687912, "median": 1, "dvar": 0.00652143778279}, "melbands_spread": {"dvar2": 217.590759277, "var": 495.054107666, "min": 0.469916254282, "dmean": 8.44720077515, "mean": 27.1075000763, "max": 155.290344238, "dmean2": 13.2416524887, "median": 24.1522865295, "dvar": 94.9862289429}, "melbands_crest": {"dvar2": 24.1128807068, "var": 29.860496521, "min": 1.56050288677, "dmean": 3.13714051247, "mean": 16.1571369171, "max": 33.7454795837, "dmean2": 5.1203751564, "median": 15.4343557358, "dvar": 9.39415073395}, "zerocrossingrate": {"dvar2": 0.000198151668883, "var": 0.00349275767803, "min": 0.0029296875, "dmean": 0.0121945524588, "mean": 0.077856734395, "max": 0.53173828125, "dmean2": 0.0144604304805, "median": 0.07568359375, "dvar": 0.000139122581459}, "barkbands_kurtosis": {"dvar2": 603.502807617, "var": 700.124816895, "min": -1.94111120701, "dmean": 6.24157810211, "mean": 10.7755651474, "max": 349.920654297, "dmean2": 9.68930530548, "median": 1.2306804657, "dvar": 256.95022583}, "spectral_flux": {"dvar2": 0.003673910629, "var": 0.00362101010978, "min": 6.26876814347e-11, "dmean": 0.0328206606209, "mean": 0.0852989852428, "max": 0.320410817862, "dmean2": 0.0515297204256, "median": 0.0698421224952, "dvar": 0.0018096397398}, "barkbands_crest": {"dvar2": 20.0611591339, "var": 29.979013443, "min": 2.26688790321, "dmean": 2.70462584496, "mean": 11.4056453705, "max": 26.5581169128, "dmean2": 4.37297582626, "median": 10.0914354324, "dvar": 8.05898094177}, "barkbands_flatness_db": {"dvar2": 0.00151798792649, "var": 0.00419883150607, "min": 0.0233590267599, "dmean": 0.0229140892625, "mean": 0.126815468073, "max": 0.434242516756, "dmean2": 0.0350215137005, "median": 0.108275055885, "dvar": 0.00068677298259}, "spectral_entropy": {"dvar2": 0.056044742465, "var": 0.188671916723, "min": 5.01465749741, "dmean": 0.132180392742, "mean": 7.90444326401, "max": 9.82228469849, "dmean2": 0.186130791903, "median": 7.97708368301, "dvar": 0.0303925201297}, "pitch_salience": {"dvar2": 0.0128437047824, "var": 0.0207649040967, "min": 0.057255577296, "dmean": 0.0726339817047, "mean": 0.509786188602, "max": 0.953400194645, "dmean2": 0.118721820414, "median": 0.525545179844, "dvar": 0.0052002845332}, "erbbands_spread": {"dvar2": 256.702301025, "var": 418.61026001, "min": 4.77180433273, "dmean": 10.7273416519, "mean": 62.24243927, "max": 157.294677734, "dmean2": 16.4818019867, "median": 60.3071708679, "dvar": 114.879394531}, "dynamic_complexity": 3.20877194405, "spectral_contrast_valleys": {"dvar2": [0.312973350286, 0.400618284941, 0.279006958008, 0.352822333574, 0.35117444396, 0.414850413799], "var": [5.61470127106, 5.58351564407, 5.43121004105, 5.62423610687, 6.31644105911, 4.98877048492], "min": [-28.3651752472, -28.0287399292, -27.8782119751, -27.7123012543, -27.5351600647, -27.4080371857], "dmean": [0.383682399988, 0.422520965338, 0.348899573088, 0.34627187252, 0.301652878523, 0.347667783499], "mean": [-7.04784440994, -7.54759263992, -8.00562858582, -8.09579467773, -7.52910375595, -9.93713951111], "max": [-4.91289949417, -4.88474559784, -5.60786342621, -5.950340271, -5.36109924316, -8.01642131805], "dmean2": [0.622487843037, 0.67086660862, 0.535507619381, 0.526375174522, 0.427933186293, 0.449387222528], "median": [-6.68389177322, -7.23452949524, -7.67165899277, -7.6794667244, -7.02280139923, -9.51087379456], "dvar": [0.143589600921, 0.177861079574, 0.136872589588, 0.167784154415, 0.177818655968, 0.223840668797]}, "hfc": {"dvar2": 211.822845459, "var": 419.67956543, "min": 1.08904309813e-16, "dmean": 6.78565120697, "mean": 23.6280174255, "max": 133.194549561, "dmean2": 9.80015563965, "median": 19.3502311707, "dvar": 102.92199707}, "spectral_kurtosis": {"dvar2": 4.55489873886, "var": 13.7276649475, "min": -1.26778161526, "dmean": 0.723637461662, "mean": 2.26878380775, "max": 92.0561904907, "dmean2": 1.16444122791, "median": 1.76707649231, "dvar": 1.781447649}, "mfcc": {"mean": [-641.732910156, 84.4428100586, 21.2318916321, 43.7733001709, 7.67203998566, 20.156244278, 6.72805166245, 9.156665802, 6.25134325027, 4.93723487854, 0.993141174316, -1.62721812725, -0.175294667482], "cov": [[10701.5732422, -565.387084961, -500.891387939, 425.79510498, -207.735931396, -159.218963623, -152.448699951, -35.7868003845, -113.905464172, -109.359802246, -221.610824585, -166.664505005, -136.469833374], [-565.387084961, 814.828308105, 4.62667608261, 43.3788566589, 94.4348754883, 62.9725875854, 52.9381103516, 29.6674575806, 38.6560058594, 55.2767753601, 54.5475997925, 26.8500461578, 26.4678611755], [-500.891387939, 4.62667608261, 415.624481201, -78.3627700806, -35.441860199, 82.106048584, 12.4413347244, 23.7905311584, 45.0024833679, 16.9030838013, 55.8596153259, 14.8615942001, 4.5260424614], [425.79510498, 43.3788566589, -78.3627700806, 243.167739868, 77.1587905884, 3.98384928703, -5.43232870102, -1.06912517548, -20.2879219055, -12.2823781967, -35.4747467041, 11.7220621109, 11.4197921753], [-207.735931396, 94.4348754883, -35.441860199, 77.1587905884, 184.886642456, 24.2865142822, 30.0617027283, 7.98011255264, -5.95465993881, 29.7415180206, -9.57308292389, 13.7539987564, 5.43217372894], [-159.218963623, 62.9725875854, 82.106048584, 3.98384928703, 24.2865142822, 141.988754272, 43.7281990051, 22.4488124847, 21.3606929779, 11.3874874115, 22.5169010162, -6.36072063446, -10.8681612015], [-152.448699951, 52.9381103516, 12.4413347244, -5.43232870102, 30.0617027283, 43.7281990051, 112.745239258, 43.18126297, 1.2514231205, 7.54229354858, 9.2170343399, -2.35105395317, 6.12008428574], [-35.7868003845, 29.6674575806, 23.7905311584, -1.06912517548, 7.98011255264, 22.4488124847, 43.18126297, 77.2389297485, 29.3638362885, 8.1766910553, 10.6750593185, 2.87180614471, 5.31472921371], [-113.905464172, 38.6560058594, 45.0024833679, -20.2879219055, -5.95465993881, 21.3606929779, 1.2514231205, 29.3638362885, 87.1968688965, 31.4486885071, 20.5758571625, 8.84712409973, -0.13168206811], [-109.359802246, 55.2767753601, 16.9030838013, -12.2823781967, 29.7415180206, 11.3874874115, 7.54229354858, 8.1766910553, 31.4486885071, 85.4606781006, 36.5526847839, 12.1942825317, 4.44499540329], [-221.610824585, 54.5475997925, 55.8596153259, -35.4747467041, -9.57308292389, 22.5169010162, 9.2170343399, 10.6750593185, 20.5758571625, 36.5526847839, 76.499458313, 20.2628269196, 13.2739181519], [-166.664505005, 26.8500461578, 14.8615942001, 11.7220621109, 13.7539987564, -6.36072063446, -2.35105395317, 2.87180614471, 8.84712409973, 12.1942825317, 20.2628269196, 67.4128875732, 22.1126499176], [-136.469833374, 26.4678611755, 4.5260424614, 11.4197921753, 5.43217372894, -10.8681612015, 6.12008428574, 5.31472921371, -0.13168206811, 4.44499540329, 13.2739181519, 22.1126499176, 71.1535568237]], "icov": [[0.000124596321257, 5.47768759134e-05, 9.00091472431e-05, -0.000275003636489, 0.000242994414293, 2.40886547545e-05, 8.77637503436e-05, -0.000128151921672, 8.10868805274e-05, -0.000134816902573, 0.000120217089716, 0.000197626141016, 0.000168886064785], [5.47768759134e-05, 0.0014772847062, 0.000196187378606, -0.000319711049087, -0.000451250845799, -0.000323042768287, -0.000323188520269, 3.98116244469e-05, -0.000445749203209, -0.000204222465982, -0.000866851129103, 4.10089523939e-05, -0.000234796199948], [9.00091472431e-05, 0.000196187378606, 0.00327507173643, 0.000563626759686, 0.000456100242445, -0.00182776281144, 0.000526538409758, -0.000411080342019, -0.000711300584953, 0.000371481786715, -0.00125811668113, -0.000441837211838, -0.000180216258741], [-0.000275003636489, -0.000319711049087, 0.000563626759686, 0.00619095051661, -0.00248064566404, -0.001164537156, 0.00117214093916, -0.000597452977672, 0.000630640482996, 0.000837412197143, 0.00197670934722, -0.00166477297898, -0.001385212061], [0.000242994414293, -0.000451250845799, 0.000456100242445, -0.00248064566404, 0.00835117325187, -0.00107339944225, -0.00138868030626, -0.000202468610951, 0.00155379727948, -0.0041267843917, 0.00289678364061, -0.00120290764607, 0.000430184212746], [2.40886547545e-05, -0.000323042768287, -0.00182776281144, -0.001164537156, -0.00107339944225, 0.0103575875983, -0.00349146244116, 0.000458402966615, -0.00183484330773, 0.00111578009091, -0.00267610838637, 0.00196546572261, 0.00221491442062], [8.77637503436e-05, -0.000323188520269, 0.000526538409758, 0.00117214093916, -0.00138868030626, -0.00349146244116, 0.0139449527487, -0.00788647774607, 0.00355306058191, -0.000606779824011, 0.000260046799667, 0.000765017350204, -0.00121248944197], [-0.000128151921672, 3.98116244469e-05, -0.000411080342019, -0.000597452977672, -0.000202468610951, 0.000458402966615, -0.00788647774607, 0.0200729165226, -0.00726377218962, 0.00179692031816, -0.00116916955449, 5.82325701544e-05, -0.000799758068752], [8.10868805274e-05, -0.000445749203209, -0.000711300584953, 0.000630640482996, 0.00155379727948, -0.00183484330773, 0.00355306058191, -0.00726377218962, 0.0172639582306, -0.00596913648769, 0.00113707466517, -0.00139910518192, 0.000730957719497], [-0.000134816902573, -0.000204222465982, 0.000371481786715, 0.000837412197143, -0.0041267843917, 0.00111578009091, -0.000606779824011, 0.00179692031816, -0.00596913648769, 0.018704187125, -0.00861364789307, 0.000220835805521, 0.000421585340519], [0.000120217089716, -0.000866851129103, -0.00125811668113, 0.00197670934722, 0.00289678364061, -0.00267610838637, 0.000260046799667, -0.00116916955449, 0.00113707466517, -0.00861364789307, 0.0226635541767, -0.004810848739, -0.0024418134708], [0.000197626141016, 4.10089523939e-05, -0.000441837211838, -0.00166477297898, -0.00120290764607, 0.00196546572261, 0.000765017350204, 5.82325701544e-05, -0.00139910518192, 0.000220835805521, -0.004810848739, 0.0190711934119, -0.00406475784257], [0.000168886064785, -0.000234796199948, -0.000180216258741, -0.001385212061, 0.000430184212746, 0.00221491442062, -0.00121248944197, -0.000799758068752, 0.000730957719497, 0.000421585340519, -0.0024418134708, -0.00406475784257, 0.016862411052]]}, "silence_rate_20dB": {"dvar2": 0, "var": 0, "min": 1, "dmean": 0, "mean": 1, "max": 1, "dmean2": 0, "median": 1, "dvar": 0}, "melbands_kurtosis": {"dvar2": 2601.99853516, "var": 3237.70117188, "min": -1.43553626537, "dmean": 17.4088611603, "mean": 38.9107704163, "max": 602.589111328, "dmean2": 27.4319915771, "median": 15.7911758423, "dvar": 1047.22045898}, "barkbands_spread": {"dvar2": 150.95892334, "var": 370.209503174, "min": 0.397135734558, "dmean": 7.99562215805, "mean": 34.7206001282, "max": 105.032920837, "dmean2": 12.1030550003, "median": 36.8245620728, "dvar": 68.272277832}, "erbbands_skewness": {"dvar2": 0.174874708056, "var": 0.568966686726, "min": -4.34446763992, "dmean": 0.301443248987, "mean": -0.387746810913, "max": 4.31015539169, "dmean2": 0.443433642387, "median": -0.471826016903, "dvar": 0.0808487012982}, "average_loudness": 0.934978485107, "spectral_centroid": {"dvar2": 253723.15625, "var": 1582037.375, "min": 163.82359314, "dmean": 322.215576172, "mean": 2030.03637695, "max": 11825.5029297, "dmean2": 494.788421631, "median": 2074.11254883, "dvar": 115002.921875}, "dissonance": {"dvar2": 0.000402866397053, "var": 0.000375046365662, "min": 0.291348278522, "dmean": 0.0107741840184, "mean": 0.478717207909, "max": 0.500000059605, "dmean2": 0.0179225485772, "median": 0.484462976456, "dvar": 0.000148377221194}, "erbbands_flatness_db": {"dvar2": 0.000339169724612, "var": 0.00088545284234, "min": 0.0468250587583, "dmean": 0.012513554655, "mean": 0.111810386181, "max": 0.328476846218, "dmean2": 0.0178221073002, "median": 0.111795082688, "dvar": 0.000179478593054}, "spectral_strongpeak": {"dvar2": 0.510413825512, "var": 0.192515000701, "min": 0, "dmean": 0.225464388728, "mean": 0.366589099169, "max": 12.8746385574, "dmean2": 0.391076505184, "median": 0.249429732561, "dvar": 0.189914494753}, "spectral_rms": {"dvar2": 4.88571413371e-06, "var": 4.10239772464e-06, "min": 3.05320655911e-12, "dmean": 0.00110158557072, "mean": 0.00477605918422, "max": 0.0127502875403, "dmean2": 0.00169298588298, "median": 0.0043199476786, "dvar": 2.20927631744e-06}, "silence_rate_60dB": {"dvar2": 0.0065295365639, "var": 0.0316333509982, "min": 0, "dmean": 0.00304806558415, "mean": 0.032704256475, "max": 1, "dmean2": 0.00609684595838, "median": 0, "dvar": 0.00303899915889}, "melbands": {"dvar2": [4.49286853836e-05, 3.89646629628e-05, 6.57309146845e-06, 4.43537419414e-06, 2.36339133153e-07, 9.8476029109e-08, 2.72682854074e-08, 3.47567308268e-08, 6.07111232398e-08, 3.87789995671e-08, 8.6210221184e-09, 7.80854225724e-09, 5.00989960628e-09, 1.52788404151e-09, 2.39199793306e-09, 1.19546250676e-09, 1.67022407016e-09, 9.00468866138e-10, 6.80298706257e-10, 9.77665504109e-10, 1.80774872849e-09, 1.01562824817e-09, 4.88058482517e-10, 4.00135646839e-10, 9.54643697426e-10, 5.86653781109e-10, 8.55646387077e-10, 3.93235888296e-10, 2.84954143615e-10, 2.41846320748e-10, 1.16664650163e-10, 1.23542925889e-10, 1.19203882876e-10, 7.08626213264e-11, 2.39680705838e-11, 9.48889491287e-12, 4.4800504452e-12, 4.98226850401e-12, 2.75461164295e-12, 8.77241692916e-13], "var": [1.7247210053e-05, 1.08103431558e-05, 2.79871392195e-06, 2.19625144382e-06, 1.50335537796e-07, 3.85826446347e-08, 1.34056294954e-08, 2.943109223e-08, 4.65718592579e-08, 6.02518852588e-08, 1.64802962388e-08, 6.18135320707e-09, 2.87128676391e-09, 8.59777526951e-10, 1.77284598113e-09, 8.80235218048e-10, 1.59401147837e-09, 5.32927479924e-10, 4.11574385684e-10, 7.21991300079e-10, 1.3578076441e-09, 8.51883452668e-10, 3.33943012132e-10, 2.89649026985e-10, 8.25521873082e-10, 5.67148827901e-10, 8.45908398883e-10, 4.04824451739e-10, 3.2186550647e-10, 2.76667161403e-10, 1.27218721668e-10, 1.6442237849e-10, 3.60247998099e-10, 1.28743113392e-10, 2.26805796366e-11, 1.44607095395e-11, 1.28587730741e-11, 1.73493146932e-11, 6.53960045838e-12, 1.55136385509e-12], "min": [6.23959393746e-25, 1.0227850835e-24, 1.1224826066e-24, 1.07840332719e-24, 9.68138026187e-25, 2.55460416255e-24, 1.27532361812e-24, 2.14687469837e-24, 1.73924936383e-24, 2.21697366727e-24, 2.62392590624e-24, 1.86223356781e-24, 2.53448051807e-24, 2.42718577142e-24, 3.16593231548e-24, 2.43471564597e-24, 2.24052037643e-24, 3.86690031079e-24, 3.03772486623e-24, 2.90767108802e-24, 3.10894303153e-24, 3.86129545406e-24, 3.88930593265e-24, 3.64630166954e-24, 3.34131463294e-24, 4.40735798886e-24, 4.461961363e-24, 4.5581022081e-24, 5.56471869988e-24, 4.97867353896e-24, 5.42830374455e-24, 4.99627854778e-24, 5.35338522995e-24, 6.0100685462e-24, 6.49621354537e-24, 5.66079209737e-24, 6.23868359197e-24, 6.9945369792e-24, 5.38670000927e-24, 6.53239504522e-24], "dmean": [0.00220193620771, 0.00187408993952, 0.000938948942348, 0.000639962556306, 0.000168066180777, 8.79448125488e-05, 4.71140192531e-05, 4.8811572924e-05, 6.2710561906e-05, 5.48024836462e-05, 2.67507002718e-05, 2.36084470089e-05, 1.88562607946e-05, 1.14057484097e-05, 1.48573626575e-05, 1.26556233226e-05, 1.34414058266e-05, 1.00695879155e-05, 9.66961761151e-06, 1.20558970593e-05, 1.51163039845e-05, 1.14393496915e-05, 7.84841540735e-06, 7.37742766432e-06, 1.14051599667e-05, 9.73008354777e-06, 1.05724002424e-05, 8.18761691335e-06, 7.40383666198e-06, 6.59752095089e-06, 4.10776829085e-06, 4.67086101708e-06, 4.97243581776e-06, 3.69384588339e-06, 2.00736712941e-06, 1.20757135846e-06, 9.24349762954e-07, 8.96882454526e-07, 6.65616084916e-07, 4.04881291161e-07], "mean": [0.00281822239049, 0.0025204825215, 0.00135034171399, 0.000808847136796, 0.000265416078037, 0.000125535851112, 6.46407497698e-05, 8.66966947797e-05, 0.000104867147456, 9.84497310128e-05, 5.67620372749e-05, 3.7400463043e-05, 3.01166528516e-05, 1.72958298208e-05, 2.412494905e-05, 2.03972758754e-05, 2.34092076425e-05, 1.60835024872e-05, 1.43363267853e-05, 2.09593817999e-05, 2.78157094726e-05, 2.31150534091e-05, 1.40306219691e-05, 1.3718050468e-05, 2.28165918088e-05, 1.92438128579e-05, 2.10981925193e-05, 1.72190320882e-05, 1.71799747477e-05, 1.50123096319e-05, 8.43533234729e-06, 1.0315655345e-05, 1.41784876178e-05, 9.06560308067e-06, 4.09688755099e-06, 2.77786421066e-06, 2.3957591111e-06, 2.6426093882e-06, 1.76660739726e-06, 9.69318193711e-07], "max": [0.0315289646387, 0.0304631255567, 0.0170150734484, 0.01606509462, 0.0041954247281, 0.00285131903365, 0.00153757352382, 0.00268624187447, 0.0033136412967, 0.00285543594509, 0.00159151863772, 0.00128618010785, 0.00123159843497, 0.000459862116259, 0.000617480603978, 0.0003373590298, 0.000698551360983, 0.000394344708184, 0.000299671490211, 0.000438500806922, 0.000502389622852, 0.000293244869681, 0.000205398377148, 0.000167023317772, 0.000288337847451, 0.000213522973354, 0.000584026740398, 0.000150064413901, 0.00019393725961, 0.000136872564326, 0.000131777414936, 0.000120354976389, 0.000228578122915, 0.000120853175758, 5.33897364221e-05, 6.06461180723e-05, 2.75734055322e-05, 4.51288069598e-05, 3.29168942699e-05, 1.61913703778e-05], "dmean2": [0.00366443279199, 0.00325369299389, 0.00157874857541, 0.001031336491, 0.000270347605692, 0.000149573432282, 7.78337562224e-05, 7.67604651628e-05, 9.6271680377e-05, 8.02301874501e-05, 3.98701304221e-05, 3.81603240385e-05, 3.11403455271e-05, 1.87721598195e-05, 2.42528712988e-05, 2.08587825909e-05, 2.22415255848e-05, 1.66742520378e-05, 1.60016734299e-05, 1.98469715542e-05, 2.53877587966e-05, 1.91996387002e-05, 1.30949065351e-05, 1.22341543829e-05, 1.90565733647e-05, 1.60474537552e-05, 1.71265801328e-05, 1.34384772537e-05, 1.18126272355e-05, 1.04924929474e-05, 6.15785620539e-06, 7.01268527337e-06, 7.66425273468e-06, 5.59696718483e-06, 3.14096973852e-06, 1.87302066479e-06, 1.41739326409e-06, 1.35680511448e-06, 1.00927729818e-06, 6.03134253652e-07], "median": [0.00144373520743, 0.00154239474796, 0.0007856618613, 0.000318367034197, 0.00012932739628, 5.91337193327e-05, 2.42107053054e-05, 2.2450232791e-05, 3.2355204894e-05, 2.37227031903e-05, 1.3190541722e-05, 1.29439667944e-05, 1.23994141177e-05, 7.82106963015e-06, 1.01144887594e-05, 1.00641627796e-05, 1.04372211354e-05, 8.55708822201e-06, 8.18443368189e-06, 1.21665561892e-05, 1.1436006389e-05, 8.27287294669e-06, 7.10265339876e-06, 7.33278420739e-06, 9.6315270639e-06, 9.43052600633e-06, 1.15168468255e-05, 1.10702858365e-05, 1.31346041599e-05, 1.06487077574e-05, 4.55617828266e-06, 5.71884811507e-06, 6.73430895404e-06, 4.59370266981e-06, 2.49872323366e-06, 1.50482946992e-06, 1.03850970845e-06, 9.66531843005e-07, 8.00931218237e-07, 4.9575447747e-07], "dvar": [1.81826144399e-05, 1.42821872942e-05, 2.59086141341e-06, 1.94633457795e-06, 9.64942614701e-08, 3.58848524229e-08, 1.08703890334e-08, 1.45386920281e-08, 2.59647006118e-08, 1.89657196614e-08, 4.13107503761e-09, 3.1