{"tonal": {"thpcp": [1, 0.870223939419, 0.467318117619, 0.415984630585, 0.418235123158, 0.389660507441, 0.451703429222, 0.449676930904, 0.316671311855, 0.214983418584, 0.209612324834, 0.383100152016, 0.633688569069, 0.529704034328, 0.345492124557, 0.400569319725, 0.338486939669, 0.216876760125, 0.21319963038, 0.209075331688, 0.268617928028, 0.415639638901, 0.432833552361, 0.35857963562, 0.351599544287, 0.335147738457, 0.373549193144, 0.611625790596, 0.692451894283, 0.438247680664, 0.229873150587, 0.176593586802, 0.228642851114, 0.43880495429, 0.580226123333, 0.697708964348], "hpcp": {"dmean2": [0.325975477695, 0.280079782009, 0.249010413885, 0.223137170076, 0.219677910209, 0.23187430203, 0.2261582762, 0.192964687943, 0.158173069358, 0.160967841744, 0.207041636109, 0.244381070137, 0.222556054592, 0.162329688668, 0.152651920915, 0.138297617435, 0.118453428149, 0.105897501111, 0.108404904604, 0.136683151126, 0.161466687918, 0.168322443962, 0.169297859073, 0.146255388856, 0.137419581413, 0.162209436297, 0.212588459253, 0.206847757101, 0.189826324582, 0.131184384227, 0.119419105351, 0.147681891918, 0.199611335993, 0.223302543163, 0.31104066968, 0.326800554991], "median": [0.144751951098, 0.0715092867613, 0.0405329987407, 0.0380274355412, 0.0548009425402, 0.0621432960033, 0.0469088032842, 0.0272153634578, 0.0178790185601, 0.0169046949595, 0.0485162548721, 0.0901873409748, 0.0828513354063, 0.0482849553227, 0.0302236396819, 0.0252669397742, 0.0273273549974, 0.0194254405797, 0.0222618095577, 0.0361372753978, 0.0469288080931, 0.049326531589, 0.0492089465261, 0.0343132838607, 0.0282346569002, 0.037821110338, 0.063272729516, 0.0621654652059, 0.0421349182725, 0.0203465335071, 0.0147357070819, 0.0256083384156, 0.0527190715075, 0.0685698240995, 0.13143093884, 0.162576586008], "min": [0, 0, 0, 0, 0, 0, 0, 0, 0, 0, 0, 0, 0, 0, 0, 0, 0, 0, 0, 0, 0, 0, 0, 0, 0, 0, 0, 0, 0, 0, 0, 0, 0, 0, 0, 0], "dvar2": [0.14432425797, 0.132370486856, 0.127124726772, 0.110137313604, 0.105408906937, 0.107791371644, 0.120629183948, 0.108210638165, 0.0932900384068, 0.091377414763, 0.0970641970634, 0.101663611829, 0.0932664349675, 0.0594934672117, 0.0650525763631, 0.0549687668681, 0.0421615019441, 0.0384845212102, 0.0397626273334, 0.0487046837807, 0.0659444108605, 0.0598612055182, 0.0579846762121, 0.0573843121529, 0.0508861914277, 0.0655224993825, 0.086408637464, 0.0928300097585, 0.0867008641362, 0.0548441149294, 0.0558718331158, 0.0654624253511, 0.0813523903489, 0.0993014797568, 0.130328550935, 0.15647611022], "dvar": [0.059021320194, 0.0485572740436, 0.0453561879694, 0.0409182794392, 0.0387468710542, 0.0394176803529, 0.046519305557, 0.040135383606, 0.0328151732683, 0.0322202257812, 0.0350940302014, 0.0406858064234, 0.0361808799207, 0.0232997424901, 0.024965537712, 0.021809598431, 0.0157374590635, 0.0145034147426, 0.0154600664973, 0.0179989673197, 0.0256365705281, 0.0250099152327, 0.0229015406221, 0.0214108284563, 0.0199233070016, 0.0248420517892, 0.0329105220735, 0.0390204377472, 0.0329363271594, 0.0200342275202, 0.02005283162, 0.0236452054232, 0.0306649617851, 0.0391471087933, 0.0501414760947, 0.0628757178783], "dmean": [0.193200543523, 0.160311073065, 0.140303075314, 0.126992687583, 0.124466866255, 0.133731976151, 0.131039276719, 0.109170243144, 0.087405115366, 0.0887098759413, 0.119758494198, 0.146065220237, 0.133897930384, 0.0970640927553, 0.0892798677087, 0.0819207802415, 0.0696077495813, 0.0617593191564, 0.0630048811436, 0.0792277082801, 0.0958210006356, 0.100640289485, 0.0995442941785, 0.0858674272895, 0.0809046477079, 0.095224685967, 0.126751661301, 0.124417074025, 0.112141147256, 0.0747421681881, 0.0669773072004, 0.0838194862008, 0.116165421903, 0.130254864693, 0.1840711236, 0.189357876778], "max": [1, 1, 1, 1, 1, 1, 1, 1, 1, 1, 1, 1, 1, 1, 1, 1, 1, 1, 1, 1, 1, 1, 1, 1, 1, 1, 1, 1, 1, 1, 1, 1, 1, 1, 1, 1], "var": [0.118261568248, 0.0516431219876, 0.0524812713265, 0.0564747974277, 0.0453315190971, 0.0543081872165, 0.0643743127584, 0.0454487539828, 0.0282698720694, 0.0251190457493, 0.0406016744673, 0.0825180411339, 0.0609945394099, 0.0324517562985, 0.0619269199669, 0.0474851280451, 0.0165218859911, 0.020630903542, 0.0204944554716, 0.0237854607403, 0.0554014667869, 0.0556785166264, 0.0350485630333, 0.0410742238164, 0.0430323407054, 0.0446638055146, 0.0817302018404, 0.113263130188, 0.0535285659134, 0.0253450926393, 0.019021352753, 0.0210152436048, 0.050633341074, 0.0879322513938, 0.0747030377388, 0.146646827459], "mean": [0.30921292305, 0.166050136089, 0.147810027003, 0.148609682918, 0.138456389308, 0.16050183773, 0.159781768918, 0.112521454692, 0.0763891339302, 0.0744806453586, 0.136125326157, 0.225165843964, 0.188217446208, 0.122762225568, 0.142332568765, 0.1202731058, 0.0770618841052, 0.0757553055882, 0.0742898359895, 0.0954468548298, 0.147687450051, 0.153796881437, 0.127412557602, 0.124932356179, 0.11908660084, 0.132731631398, 0.217326357961, 0.246045947075, 0.155720666051, 0.0816798359156, 0.0627482384443, 0.0812426805496, 0.155918672681, 0.206169247627, 0.24791392684, 0.355325698853]}, "tuning_equal_tempered_deviation": 0.168432191014, "chords_changes_rate": 0.0709561035037, "key_key": "C#", "tuning_diatonic_strength": 0.569569647312, "key_scale": "major", "chords_number_rate": 0.00450992165133, "tuning_frequency": 452.892974854, "tuning_nontempered_energy_ratio": 0.881319463253, "chords_histogram": [10.2826213837, 11.7859287262, 24.4137096405, 0, 0, 2.70595312119, 2.4654238224, 0, 8.50871944427, 0.601322889328, 0, 0.661455214024, 0, 3.66806983948, 1.41310882568, 4.02886343002, 4.50992202759, 0.450992196798, 2.49549007416, 4.35959100723, 0.841852068901, 3.48767280579, 7.72699928284, 5.59230327606], "key_strength": 0.640964090824, "chords_key": "G#", "chords_strength": {"dmean2": 0.00987719371915, "median": 0.551705241203, "min": 0.321055620909, "dvar2": 7.6121345046e-05, "dvar": 6.12164876657e-05, "dmean": 0.00927935913205, "max": 0.788537561893, "var": 0.0101159717888, "mean": 0.555719614029}, "chords_scale": "major", "hpcp_entropy": {"dmean2": 0.963796675205, "median": 2.13077020645, "min": 0, "dvar2": 0.607336997986, "dvar": 0.22020407021, "dmean": 0.576241791248, "max": 4.18290710449, "var": 0.502639293671, "mean": 2.10344481468}}, "metadata": {"audio_properties": {"equal_loudness": 0, "codec": "mp3", "downmix": "mix", "sample_rate": 44100, "analysis_sample_rate": 44100, "bit_rate": 190420, "md5_encoded": "5486ec8b8c87765cd976bf0e3625f7bc", "length": 154.409790039, "replay_gain": -8.55889129639, "lossless": false}, "version": {"essentia_build_sha": "70f2e5ece6736b2c40cc944ad0e695b16b925413", "essentia": "2.1-beta2", "extractor": "music 1.0", "essentia_git_sha": "v2.1_beta2"}, "tags": {"title": ["Bye, Bye, Baby (Baby Goodbye)"], "artist": ["Frankie Valli & The 4 Seasons"], "albumartist": ["Frankie Valli & The 4 Seasons"], "date": ["1987"], "genre": ["Rock & Roll"], "album": ["Frankie Valli & The 4 Seasons : 25th Anniversary Collection - Disc 2 of 3"], "tracknumber": ["1"], "discnumber": ["2"], "musicbrainz_recordingid": ["0fd90f2e-5c74-430a-8dd6-621c7f2f31e8"], "file_name": "1672455.mp3"}}, "rhythm": {"bpm_histogram_first_peak_bpm": {"dmean2": 0, "median": 117, "min": 117, "dvar2": 0, "dvar": 0, "dmean": 0, "max": 117, "var": 0, "mean": 117}, "bpm": 117.044464111, "bpm_histogram_second_peak_spread": {"dmean2": 0, "median": 0.333333313465, "min": 0.333333313465, "dvar2": 0, "dvar": 0, "dmean": 0, "max": 0.333333313465, "var": 0, "mean": 0.333333313465}, "bpm_histogram_first_peak_weight": {"dmean2": 0, "median": 0.469178080559, "min": 0.469178080559, "dvar2": 0, "dvar": 0, "dmean": 0, "max": 0.469178080559, "var": 0, "mean": 0.469178080559}, "onset_rate": 3.17307567596, "beats_position": [0.66176867485, 1.33514738083, 1.99691605568, 2.67029476166, 3.34367346764, 4.01705217361, 4.7020406723, 5.38702917099, 6.09523820877, 6.80344676971, 7.50004529953, 8.19664382935, 8.88163280487, 9.55501079559, 10.2399997711, 10.9249887466, 11.6099767685, 12.2833557129, 12.9451246262, 13.5256233215, 14.1061220169, 14.6866207123, 15.2090702057, 15.7315187454, 16.2539672852, 16.7764167786, 17.298866272, 17.8213157654, 18.3437633514, 18.8546028137, 19.365442276, 19.8762817383, 20.3871192932, 20.9095687866, 21.43201828, 21.942855835, 22.4536952972, 22.9645347595, 23.4869842529, 24.009431839, 24.5318813324, 25.0543308258, 25.5651702881, 26.0643978119, 26.5752372742, 27.0744667053, 27.5853061676, 28.0961437225, 28.6302032471, 29.1410427094, 29.6634922028, 30.1743297577, 30.6967792511, 31.2076187134, 31.7300682068, 32.2525177002, 32.7633552551, 33.2741928101, 33.7734222412, 34.2726516724, 34.7718811035, 35.2711105347, 35.7935600281, 36.3160095215, 36.8384590149, 37.3609046936, 37.883354187, 38.3941955566, 38.91664505, 39.427482605, 39.9615402222, 40.4839897156, 41.006439209, 41.5288887024, 42.0513381958, 42.5621757507, 43.0730133057, 43.5838546753, 44.0946922302, 44.6171417236, 45.139591217, 45.650428772, 46.1728782654, 46.683719635, 47.2061653137, 47.7286148071, 48.2510643005, 48.7619056702, 49.2727432251, 49.78358078, 50.2944221497, 50.8052597046, 51.3160972595, 51.8269386292, 52.3493881226, 52.871837616, 53.3942832947, 53.9167327881, 54.45079422, 54.9616317749, 55.4840812683, 55.9949188232, 56.5173683167, 57.0398178101, 57.5622673035, 58.0847167969, 58.6071662903, 59.1180038452, 59.6288414001, 60.1280708313, 60.6389122009, 61.1613578796, 61.6721992493, 62.1830368042, 62.6822662354, 63.169883728, 63.6575050354, 64.1567306519, 64.6675720215, 65.1900177002, 65.7124710083, 66.2233123779, 66.7341461182, 67.2565994263, 67.779045105, 68.2898864746, 68.8007278442, 69.3115615845, 69.8224029541, 70.3332443237, 70.844078064, 71.3549194336, 71.8657608032, 72.3765945435, 72.8874359131, 73.3982772827, 73.9091110229, 74.4083404541, 74.9075698853, 75.4184112549, 75.9292526245, 76.4400863647, 76.9509277344, 77.4501571655, 77.9493865967, 78.4602279663, 78.982673645, 79.4935150146, 79.9927444458, 80.503578186, 81.0144195557, 81.5252609253, 82.047706604, 82.5701599121, 83.1042175293, 83.6150588989, 84.1258926392, 84.6367340088, 85.1591796875, 85.6816329956, 86.1924667358, 86.7033081055, 87.2141494751, 87.7249908447, 88.235824585, 88.7466659546, 89.2575073242, 89.7799530029, 90.3023986816, 90.8132400513, 91.3240814209, 91.8465270996, 92.3689804077, 92.8798141479, 93.4022674561, 93.9247131348, 94.4471664429, 94.9696121216, 95.4804534912, 95.9912872314, 96.4905166626, 97.0013580322, 97.5238113403, 98.0346450806, 98.5454864502, 99.0679321289, 99.590385437, 100.101219177, 100.612060547, 101.134513855, 101.656959534, 102.179405212, 102.701858521, 103.224304199, 103.746757507, 104.257591248, 104.756820679, 105.267662048, 105.778503418, 106.300949097, 106.811790466, 107.322631836, 107.833465576, 108.332695007, 108.831924438, 109.33115387, 109.830383301, 110.352828979, 110.875282288, 111.386123657, 111.896957397, 112.407798767, 112.930244446, 113.429473877, 113.940315247, 114.451156616, 114.961990356, 115.472831726, 115.983673096, 116.494506836, 116.993736267, 117.492965698, 117.992195129, 118.491424561, 119.00226593, 119.5131073, 120.02394104, 120.53478241, 121.045623779, 121.55645752, 122.067298889, 122.578140259, 123.088973999, 123.599815369, 124.110656738, 124.621498108, 125.132331848, 125.643173218, 126.154014587, 126.653244019, 127.164077759, 127.66330719, 128.17414856, 128.6849823, 129.195831299, 129.706665039, 130.217498779, 130.728347778, 131.239181519, 131.750015259, 132.260864258, 132.76008606, 133.25932312, 133.77015686, 134.269378662, 134.768615723, 135.267837524, 135.767074585, 136.277908325, 136.788757324, 137.299591064, 137.810424805, 138.321273804, 138.820495605, 139.331329346, 139.830566406, 140.341400146, 140.840637207, 141.339859009, 141.827484131, 142.315093994, 142.802719116, 143.301940918, 143.801177979, 144.312011719, 144.822860718, 145.333694458, 145.83291626, 146.343765259, 146.842987061, 147.35383606, 147.8646698, 148.37550354, 148.897949219, 149.420410156, 149.942855835, 150.465301514, 150.987747192, 151.51020813, 152.032653809, 152.555099487, 153.077545166, 153.599990845], "beats_loudness": {"dmean2": 0.0307220742106, "median": 0.0343348421156, "min": 1.50870249627e-09, "dvar2": 0.000829716038425, "dvar": 0.000266096554697, "dmean": 0.0168978888541, "max": 0.10378343612, "var": 0.000436080707004, "mean": 0.0364226810634}, "danceability": 1.12288594246, "bpm_histogram_second_peak_weight": {"dmean2": 0, "median": 0.0410958901048, "min": 0.0410958901048, "dvar2": 0, "dvar": 0, "dmean": 0, "max": 0.0410958901048, "var": 0, "mean": 0.0410958901048}, "beats_count": 293, "bpm_histogram_second_peak_bpm": {"dmean2": 0, "median": 88, "min": 88, "dvar2": 0, "dvar": 0, "dmean": 0, "max": 88, "var": 0, "mean": 88}, "bpm_histogram_first_peak_spread": {"dmean2": 0, "median": 0.477099239826, "min": 0.477099239826, "dvar2": 0, "dvar": 0, "dmean": 0, "max": 0.477099239826, "var": 0, "mean": 0.477099239826}, "beats_loudness_band_ratio": {"dmean2": [0.390200078487, 0.31658962369, 0.219135567546, 0.222504004836, 0.122111015022, 0.111121870577], "median": [0.316047519445, 0.173549830914, 0.116230681539, 0.0845438092947, 0.0754275396466, 0.0500179342926], "min": [0.0294382367283, 0.00280394405127, 0.00076794566121, 0.00142053188756, 0.000174568558577, 0.00113869376946], "dvar2": [0.0961797684431, 0.0578033067286, 0.0394531711936, 0.0492149069905, 0.0120703233406, 0.0180824492127], "dvar": [0.0314385779202, 0.0202211737633, 0.013533571735, 0.0190773587674, 0.0043880790472, 0.00596716813743], "dmean": [0.214475661516, 0.17346636951, 0.119115486741, 0.129320144653, 0.0688297376037, 0.0584816150367], "max": [0.970758736134, 0.886541306973, 0.757877886295, 0.786028146744, 0.419501662254, 0.733859837055], "var": [0.0450544655323, 0.031629819423, 0.014396129176, 0.0256755109876, 0.00607365043834, 0.00455760397017], "mean": [0.368772894144, 0.216334998608, 0.148165419698, 0.150175645947, 0.0946270152926, 0.0686683356762]}}, "lowlevel": {"barkbands_spread": {"dmean2": 8.55911159515, "median": 26.0649337769, "min": 0.555926501751, "dvar2": 92.248878479, "dvar": 39.0058670044, "dmean": 5.44235420227, "max": 102.122108459, "var": 201.059844971, "mean": 25.7012901306}, "melbands_spread": {"dmean2": 10.9795846939, "median": 25.9761428833, "min": 0.564388334751, "dvar2": 161.680175781, "dvar": 67.3474349976, "dmean": 6.88066005707, "max": 211.338043213, "var": 310.916351318, "mean": 27.1806659698}, "hfc": {"dmean2": 6.65947532654, "median": 18.8578586578, "min": 1.14533373143e-16, "dvar2": 70.0859680176, "dvar": 39.8047828674, "dmean": 4.87966108322, "max": 150.608001709, "var": 368.815734863, "mean": 21.9328365326}, "barkbands_kurtosis": {"dmean2": 4.43174886703, "median": 0.65042924881, "min": -1.86518597603, "dvar2": 94.0543060303, "dvar": 41.4003257751, "dmean": 2.8421690464, "max": 182.42098999, "var": 166.814544678, "mean": 4.99502086639}, "gfcc": {"mean": [-27.7583408356, 82.7572937012, -110.567123413, 38.3262863159, -55.0647659302, 12.1853618622, -30.6658821106, 3.32882189751, -27.3695850372, 0.49582901597, -22.4408092499, -1.43545901775, -13.0660686493], "icov": [[0.000175481007318, -0.00053807371296, 0.000477786001284, -0.000391328328988, 0.000597399950493, -0.000657083117403, 0.000671591784339, -0.000521846814081, 0.000525163428392, -0.000638243800495, 0.000896084180567, -0.000596034282353, 0.000385668739909], [-0.00053807371296, 0.00326220365241, -0.00111252313945, 0.00187126756646, -0.0017183170421, 0.00317959371023, -0.00271105300635, 0.00263593764976, -0.0026842856314, 0.00358420726843, -0.0037519519683, 0.00344355101697, -0.00147493497934], [0.000477786001284, -0.00111252313945, 0.00276670116, -0.000922359409742, 0.00129472219851, -0.000992706394754, 0.00165549805388, -0.000633412681054, 0.00112894561607, -0.00104812777136, 0.00206376379356, -0.00187074218411, 0.00106746144593], [-0.000391328328988, 0.00187126756646, -0.000922359409742, 0.0053547443822, -0.00267738872208, 0.00225821975619, 0.00010034263687, 0.000932412105612, -0.00217523449101, 0.00323510007001, -0.00321483192965, 0.00185244996101, -0.00135186547413], [0.000597399950493, -0.0017183170421, 0.00129472219851, -0.00267738872208, 0.00627678493038, -0.00356509629637, 0.00175801862497, -0.00187851744704, 0.000858126033563, -0.00233132718131, 0.00363271916285, -0.00242933561094, 0.00205416977406], [-0.000657083117403, 0.00317959371023, -0.000992706394754, 0.00225821975619, -0.00356509629637, 0.0102228391916, -0.0057171843946, 0.00149475503713, 0.00110077217687, 0.000100915247458, -0.004656475503, 0.0063416515477, -0.00111453421414], [0.000671591784339, -0.00271105300635, 0.00165549805388, 0.00010034263687, 0.00175801862497, -0.0057171843946, 0.0102809425443, -0.00421330798417, 0.00348512944765, 0.000119216449093, 0.00060633639805, -0.00173255777918, 0.00288194557652], [-0.000521846814081, 0.00263593764976, -0.000633412681054, 0.000932412105612, -0.00187851744704, 0.00149475503713, -0.00421330798417, 0.012369196862, -0.00610141362995, 0.00230748625472, 0.00152702245396, -0.00164308771491, -0.000532400212251], [0.000525163428392, -0.0026842856314, 0.00112894561607, -0.00217523449101, 0.000858126033563, 0.00110077217687, 0.00348512944765, -0.00610141362995, 0.0136103788391, -0.00520550785586, 0.00163427041844, 0.00212155119516, 0.000701389333699], [-0.000638243800495, 0.00358420726843, -0.00104812777136, 0.00323510007001, -0.00233132718131, 0.000100915247458, 0.000119216449093, 0.00230748625472, -0.00520550785586, 0.0173166114837, -0.00770509615541, 0.00158808520064, 0.000812112120911], [0.000896084180567, -0.0037519519683, 0.00206376379356, -0.00321483192965, 0.00363271916285, -0.004656475503, 0.00060633639805, 0.00152702245396, 0.00163427041844, -0.00770509615541, 0.0218959692866, -0.0091216750443, 0.00241478998214], [-0.000596034282353, 0.00344355101697, -0.00187074218411, 0.00185244996101, -0.00242933561094, 0.0063416515477, -0.00173255777918, -0.00164308771491, 0.00212155119516, 0.00158808520064, -0.0091216750443, 0.020801493898, -0.00651983823627], [0.000385668739909, -0.00147493497934, 0.00106746144593, -0.00135186547413, 0.00205416977406, -0.00111453421414, 0.00288194557652, -0.000532400212251, 0.000701389333699, 0.000812112120911, 0.00241478998214, -0.00651983823627, 0.0155812120065]], "cov": [[29071.5195312, 1703.87036133, -3146.59936523, -89.9926071167, -996.271484375, 410.984313965, -345.509094238, 301.791046143, -135.624282837, 196.660049438, -348.552642822, -167.159591675, -135.640304565], [1703.87036133, 1234.35241699, -69.2125091553, -114.139945984, -137.792816162, -203.192016602, 37.8995094299, -115.342124939, 88.4791641235, -133.33291626, 23.3454494476, -93.2234191895, 22.5296821594], [-3146.59936523, -69.2125091553, 847.087768555, 74.2289962769, 28.7546195984, -168.062255859, -82.5696029663, -54.0276451111, 29.7408504486, -43.1515083313, 13.8115053177, 52.5852661133, 38.1275482178], [-89.9926071167, -114.139945984, 74.2289962769, 355.491088867, 78.7456970215, -121.975273132, -140.058731079, 21.3340053558, 69.0000305176, -21.1129550934, -12.0343523026, 28.4679794312, 36.4806251526], [-996.271484375, -137.792816162, 28.7546195984, 78.7456970215, 304.655090332, 81.9034957886, 31.7788066864, 30.7033920288, 11.3400650024, 18.2934894562, -4.70619344711, -7.39907073975, -26.4869861603], [410.984313965, -203.192016602, -168.062255859, -121.975273132, 81.9034957886, 382.794586182, 199.764160156, 17.7734279633, -107.953323364, 60.628288269, 21.9570674896, -54.7553863525, -72.8495025635], [-345.509094238, 37.8995094299, -82.5696029663, -140.058731079, 31.7788066864, 199.764160156, 289.037353516, 14.4673461914, -76.5868453979, -3.62074971199, 30.343082428, -38.7959403992, -54.5226974487], [301.791046143, -115.342124939, -54.0276451111, 21.3340053558, 30.7033920288, 17.7734279633, 14.4673461914, 141.941055298, 35.531124115, 9.73236465454, -28.7726268768, 12.7849235535, -5.73609828949], [-135.624282837, 88.4791641235, 29.7408504486, 69.0000305176, 11.3400650024, -107.953323364, -76.5868453979, 35.531124115, 151.844924927, 4.00055503845, -11.973197937, -8.24308872223, 13.2069482803], [196.660049438, -133.33291626, -43.1515083313, -21.1129550934, 18.2934894562, 60.628288269, -3.62074971199, 9.73236465454, 4.00055503845, 105.4896698, 19.972284317, 3.63904690742, -20.6883716583], [-348.552642822, 23.3454494476, 13.8115053177, -12.0343523026, -4.70619344711, 21.9570674896, 30.343082428, -28.7726268768, -11.973197937, 19.972284317, 82.6154098511, 16.8257102966, -1.82267272472], [-167.159591675, -93.2234191895, 52.5852661133, 28.4679794312, -7.39907073975, -54.7553863525, -38.7959403992, 12.7849235535, -8.24308872223, 3.63904690742, 16.8257102966, 93.6165847778, 35.5985984802], [-135.640304565, 22.5296821594, 38.1275482178, 36.4806251526, -26.4869861603, -72.8495025635, -54.5226974487, -5.73609828949, 13.2069482803, -20.6883716583, -1.82267272472, 35.5985984802, 94.0548706055]]}, "spectral_energyband_middle_low": {"dmean2": 0.00734089873731, "median": 0.00737988809124, "min": 3.39831231037e-22, "dvar2": 0.000130330226966, "dvar": 5.16974068887e-05, "dmean": 0.00464163627476, "max": 0.107786439359, "var": 0.000119688826089, "mean": 0.0104626622051}, "melbands_crest": {"dmean2": 5.53817605972, "median": 14.0455760956, "min": 3.35588979721, "dvar2": 25.6382884979, "dvar": 8.93070030212, "dmean": 3.32346129417, "max": 37.6290397644, "var": 26.4647769928, "mean": 14.61124897}, "spectral_kurtosis": {"dmean2": 1.91647207737, "median": 3.12666082382, "min": -1.22311687469, "dvar2": 5.59951257706, "dvar": 2.17755365372, "dmean": 1.14802253246, "max": 26.9807300568, "var": 7.9302740097, "mean": 3.85596966743}, "spectral_rms": {"dmean2": 0.000909460359253, "median": 0.00469072116539, "min": 3.18446354355e-12, "dvar2": 9.94390120468e-07, "dvar": 4.45815061312e-07, "dmean": 0.000603234802838, "max": 0.0114783030003, "var": 4.23274605055e-06, "mean": 0.00455242861062}, "zerocrossingrate": {"dmean2": 0.0116334166378, "median": 0.06396484375, "min": 0.0048828125, "dvar2": 0.000160495110322, "dvar": 0.000116482151498, "dmean": 0.00955379195511, "max": 0.51171875, "var": 0.00136925699189, "mean": 0.0664359852672}, "silence_rate_60dB": {"dmean2": 0.0174462329596, "median": 0, "min": 0, "dvar2": 0.0198497865349, "dvar": 0.00864594895393, "dmean": 0.00872180424631, "max": 1, "var": 0.0926196798682, "mean": 0.103292740881}, "erbbands_kurtosis": {"dmean2": 1.6789482832, "median": 0.0426871776581, "min": -1.80277562141, "dvar2": 8.81684875488, "dvar": 3.34593582153, "dmean": 1.04893302917, "max": 60.9201507568, "var": 11.3474063873, "mean": 1.03109180927}, "erbbands": {"dmean2": [0.0430613346398, 0.468668788671, 3.62222075462, 5.74492406845, 10.348361969, 19.7729969025, 10.1567659378, 11.0899839401, 10.0411319733, 11.0960388184, 21.8337364197, 32.2340354919, 31.6959285736, 36.7508354187, 24.9504241943, 29.2800655365, 50.7903289795, 36.5248031616, 31.1705875397, 24.1075725555, 30.6732540131, 17.251996994, 12.7980003357, 11.6150369644, 10.2500524521, 10.7589731216, 7.78299093246, 6.15527534485, 5.66767692566, 3.13400602341, 1.68267810345, 1.09897816181, 0.758972644806, 0.725918471813, 0.391419500113, 0.107124529779, 0.0438976511359, 0.00867744162679, 0.000411889835959, 1.59662049555e-05], "median": [0.0196323674172, 0.387534379959, 3.15328574181, 3.18841433525, 3.44136381149, 6.25185060501, 5.16472148895, 5.66562795639, 4.75955247879, 4.7781252861, 7.09932994843, 8.21581745148, 10.5873470306, 10.4443807602, 7.1038646698, 7.76688766479, 9.11936283112, 8.63028430939, 7.54118871689, 10.9300088882, 10.9612445831, 8.68728923798, 10.1096820831, 9.05214500427, 9.98339557648, 11.3436832428, 7.34352874756, 5.7812795639, 5.48323059082, 2.69969677925, 1.39043772221, 0.78690212965, 0.486777693033, 0.273595035076, 0.119165055454, 0.0395274050534, 0.012054508552, 0.00244415644556, 0.000138582341606, 3.47927380062e-05], "min": [4.33738414592e-21, 1.7701068957e-20, 2.58647002148e-20, 6.47146173948e-20, 4.72111428222e-20, 1.35157925821e-19, 1.70148505837e-19, 2.32211337284e-19, 6.05324516713e-19, 1.57578196205e-18, 1.68593522608e-18, 2.09188290048e-18, 2.5248244768e-18, 6.78299145155e-18, 3.12744540538e-18, 1.55630516734e-18, 6.07682405389e-18, 4.98925277477e-18, 5.45679924522e-18, 7.0238800944e-18, 8.10478512497e-18, 8.83844883337e-18, 1.49438217853e-17, 1.09240168303e-17, 1.43862160257e-17, 1.35045622611e-17, 1.39189152279e-17, 1.65300216736e-17, 1.95834480626e-17, 1.58331716384e-17, 1.87877830314e-17, 1.54520415537e-17, 1.46138528215e-17, 1.04118778802e-17, 7.58064626572e-18, 5.28386845277e-18, 2.8872234701e-18, 1.38262288131e-18, 3.00820566572e-19, 3.93812676324e-20], "dvar2": [0.00639812741429, 0.704075336456, 39.3640708923, 137.807769775, 442.603973389, 1823.18554688, 318.702331543, 488.360809326, 448.84588623, 1099.96582031, 5623.77246094, 10356.5888672, 9563.52050781, 9703.95800781, 7857.71679688, 4618.15673828, 19227.4238281, 8134.74072266, 11152.9482422, 6313.72070312, 6135.15771484, 1135.81152344, 484.041687012, 480.673370361, 275.292510986, 339.363800049, 187.200515747, 110.891838074, 92.6266860962, 34.6162452698, 10.3678503036, 6.11526584625, 2.41157793999, 7.98714113235, 3.28894996643, 0.0634407103062, 0.0121230268851, 0.000457016460132, 7.85145061855e-07, 4.4864539861e-10], "dvar": [0.00226336764172, 0.257446587086, 14.6703138351, 50.1417770386, 202.962936401, 614.969421387, 133.992355347, 210.854675293, 213.020843506, 403.585296631, 2382.39941406, 4345.37548828, 3780.19946289, 4079.12475586, 3620.95288086, 1861.28991699, 7234.73486328, 3197.41479492, 5114.47460938, 2491.65405273, 2186.77026367, 445.582946777, 194.327651978, 180.081726074, 111.805114746, 151.332672119, 81.1538085938, 49.8542137146, 41.8731765747, 16.2148761749, 5.35021448135, 2.7578728199, 1.16667664051, 3.23402452469, 1.23417782784, 0.0340619944036, 0.00636969599873, 0.000233404382016, 3.55549616415e-07, 2.32575778081e-10], "dmean": [0.0250179637223, 0.279561340809, 2.19198608398, 3.42967057228, 6.35163402557, 11.4182310104, 6.33622407913, 7.32321071625, 6.41227579117, 7.26386928558, 14.1926622391, 20.6941699982, 20.0504608154, 23.39544487, 16.445602417, 18.298242569, 30.7179985046, 22.8330497742, 21.0413131714, 15.3922462463, 18.7958889008, 10.9803133011, 7.95081377029, 7.2039232254, 6.43079519272, 6.90114355087, 5.05747747421, 4.08745956421, 3.72765183449, 2.1420776844, 1.20276355743, 0.780476093292, 0.548217654228, 0.491311281919, 0.265033125877, 0.0795676112175, 0.032997444272, 0.00635767029598, 0.000274690479273, 1.12801999421e-05], "max": [0.752586424351, 8.49526309967, 85.9872817993, 173.186553955, 312.627441406, 302.377532959, 347.450256348, 565.553955078, 647.434020996, 747.848815918, 1647.48364258, 2446.92749023, 1603.02587891, 1787.34350586, 2676.69824219, 1425.33654785, 2529.75341797, 1149.60266113, 2086.77856445, 1783.00793457, 865.637756348, 437.92074585, 552.703613281, 264.009185791, 253.196655273, 355.488464355, 263.0262146, 147.038253784, 170.072433472, 105.530654907, 60.3764305115, 46.5475349426, 30.8344154358, 37.4921188354, 38.0233802795, 3.8048722744, 1.13368940353, 0.228045389056, 0.00972878187895, 0.000273241661489], "var": [0.0030758283101, 0.486753344536, 35.5995140076, 81.1108016968, 389.061645508, 553.058288574, 735.534667969, 576.563049316, 434.739654541, 817.277832031, 4965.26123047, 8779.54980469, 6460.99414062, 8726.84082031, 6545.94726562, 4906.29345703, 17343.1289062, 8200.50976562, 15317.6005859, 5650.93017578, 5359.12255859, 1346.29528809, 621.884094238, 433.60723877, 456.745880127, 646.889038086, 263.290679932, 133.734771729, 120.948616028, 49.8597717285, 12.3883752823, 5.44680500031, 3.10944485664, 4.20626544952, 1.97785544395, 0.0619935169816, 0.0109150987118, 0.000391871057218, 5.55763847387e-07, 9.48893852382e-10], "mean": [0.0362315401435, 0.593382358551, 4.87100744247, 5.84195232391, 8.79080581665, 13.9986858368, 12.7320995331, 13.9922733307, 11.0347242355, 12.9274377823, 23.341501236, 33.417049408, 34.9844055176, 42.8306846619, 29.4686012268, 37.4929428101, 57.4267578125, 43.174697876, 38.4952888489, 28.4819583893, 35.7302856445, 23.0003051758, 17.4260005951, 15.5241069794, 16.3012599945, 18.2461147308, 12.3801832199, 9.21695613861, 8.78743457794, 5.03150892258, 2.4184691906, 1.53488743305, 1.13003790379, 0.799181759357, 0.445494115353, 0.128742650151, 0.0480382740498, 0.00932265073061, 0.000401798431994, 3.99196760554e-05]}, "spectral_strongpeak": {"dmean2": 1.08793914318, "median": 0.466271162033, "min": 0, "dvar2": 3.52845406532, "dvar": 1.34663450718, "dmean": 0.633465111256, "max": 14.4628448486, "var": 2.2295191288, "mean": 1.01802122593}, "spectral_energy": {"dmean2": 0.0101935910061, "median": 0.0225529354066, "min": 1.03943289591e-20, "dvar2": 0.000168207392562, "dvar": 7.20995594747e-05, "dmean": 0.00663115037605, "max": 0.135045230389, "var": 0.00034182422678, "mean": 0.0255811754614}, "average_loudness": 0.885150015354, "spectral_rolloff": {"dmean2": 820.08380127, "median": 1399.65820312, "min": 43.06640625, "dvar2": 1552612.75, "dvar": 677663.875, "dmean": 479.741699219, "max": 19121.484375, "var": 1587813.125, "mean": 1540.80480957}, "spectral_centroid": {"dmean2": 397.103637695, "median": 1550.43859863, "min": 150.974212646, "dvar2": 187640.171875, "dvar": 81623.8125, "dmean": 251.787750244, "max": 11264.4453125, "var": 446249.6875, "mean": 1475.81201172}, "pitch_salience": {"dmean2": 0.110490046442, "median": 0.527415931225, "min": 0.150381803513, "dvar2": 0.010089029558, "dvar": 0.00370465195738, "dmean": 0.067497998476, "max": 0.843409776688, "var": 0.0107613708824, "mean": 0.527500152588}, "spectral_energyband_middle_high": {"dmean2": 0.00306841079146, "median": 0.00462082773447, "min": 1.5626177873e-21, "dvar2": 2.49057957262e-05, "dvar": 1.17311574286e-05, "dmean": 0.00201783725061, "max": 0.0794086754322, "var": 7.5012590969e-05, "mean": 0.00716558890417}, "spectral_contrast_coeffs": {"dmean2": [0.0874940827489, 0.0728352442384, 0.0615047924221, 0.0492291226983, 0.0342294387519, 0.0265981927514], "median": [-0.622648239136, -0.739906549454, -0.738146185875, -0.747030258179, -0.778470695019, -0.734919428825], "min": [-0.958124756813, -0.957789480686, -0.96702760458, -0.963605642319, -0.964542031288, -0.960098445415], "dvar2": [0.0057641970925, 0.00338001945056, 0.00241131777875, 0.00157893972937, 0.00075661559822, 0.000538685359061], "dvar": [0.0020673640538, 0.00127467792481, 0.000960026693065, 0.000671733345371, 0.000333757256158, 0.000235701038036], "dmean": [0.0523051507771, 0.0447484999895, 0.038127925247, 0.0308990310878, 0.02170788683, 0.0169753171504], "max": [-0.308886140585, -0.420114219189, -0.445588499308, -0.497365444899, -0.604763150215, -0.622495651245], "var": [0.0079615265131, 0.0063339760527, 0.00648283120245, 0.00589718250558, 0.00278059043922, 0.00210844539106], "mean": [-0.623954117298, -0.735801577568, -0.740774214268, -0.749128878117, -0.777820289135, -0.74254745245]}, "melbands_skewness": {"dmean2": 1.09147119522, "median": 2.20491218567, "min": -1.0759806633, "dvar2": 1.37807774544, "dvar": 0.577895998955, "dmean": 0.695123136044, "max": 21.6655101776, "var": 3.43138623238, "mean": 2.59799170494}, "spectral_spread": {"dmean2": 626717.75, "median": 4418818, "min": 2092706.5, "dvar2": 585374105600, "dvar": 396205719552, "dmean": 446050.125, "max": 41721404, "var": 2227452772350.0, "mean": 4728636}, "dissonance": {"dmean2": 0.0307603050023, "median": 0.472754865885, "min": 0.210465446115, "dvar2": 0.000969403132331, "dvar": 0.000357191660441, "dmean": 0.0182408373803, "max": 0.500000059605, "var": 0.00105761096347, "mean": 0.463122993708}, "spectral_skewness": {"dmean2": 0.274257600307, "median": 1.29960656166, "min": -0.211771771312, "dvar2": 0.0787520855665, "dvar": 0.0352749824524, "dmean": 0.173501715064, "max": 4.37987852097, "var": 0.244547724724, "mean": 1.42016541958}, "spectral_flux": {"dmean2": 0.0281460992992, "median": 0.0725204572082, "min": 1.01952585263e-10, "dvar2": 0.0009133387357, "dvar": 0.00040452516987, "dmean": 0.0180034916848, "max": 0.306701421738, "var": 0.00194518722128, "mean": 0.0754171833396}, "spectral_contrast_valleys": {"dmean2": [0.624111831188, 0.554074585438, 0.459889769554, 0.409700393677, 0.338782191277, 0.345965147018], "median": [-7.19506883621, -6.88293504715, -7.48083686829, -7.88615703583, -7.34423494339, -10.0243062973], "min": [-27.2507343292, -27.3292827606, -27.1399917603, -27.1953487396, -27.1110935211, -27.2702293396], "dvar2": [0.271285742521, 0.208885490894, 0.152885898948, 0.136057898402, 0.132766500115, 0.142406582832], "dvar": [0.115971662104, 0.0938350632787, 0.0779751762748, 0.0775722935796, 0.0829007923603, 0.0973095968366], "dmean": [0.376643627882, 0.344801753759, 0.291338652372, 0.268979042768, 0.23550760746, 0.274432808161], "max": [-5.44949293137, -4.93609857559, -5.11633491516, -5.66722249985, -5.55941343307, -7.75622224808], "var": [2.49014091492, 3.1187646389, 3.06269860268, 2.91850376129, 2.82022547722, 2.30015730858], "mean": [-7.57433128357, -7.24459505081, -7.84758281708, -8.28553009033, -7.8781003952, -10.4305105209]}, "erbbands_flatness_db": {"dmean2": 0.0222188532352, "median": 0.147828280926, "min": 0.0263744946569, "dvar2": 0.000402759906137, "dvar": 0.00019572149904, "dmean": 0.0150789394975, "max": 0.33692625165, "var": 0.00174695474561, "mean": 0.150207102299}, "spectral_energyband_high": {"dmean2": 0.000456806243164, "median": 0.0006689694128, "min": 7.27929440363e-21, "dvar2": 5.12898338911e-07, "dvar": 2.6791133223e-07, "dmean": 0.000329496338964, "max": 0.0117580136284, "var": 1.14114959615e-06, "mean": 0.000943863356952}, "spectral_entropy": {"dmean2": 0.214730277658, "median": 7.64599275589, "min": 5.21454381943, "dvar2": 0.0471359044313, "dvar": 0.0237778667361, "dmean": 0.144975855947, "max": 9.79928684235, "var": 0.252085268497, "mean": 7.55156517029}, "silence_rate_20dB": {"dmean2": 0, "median": 1, "min": 1, "dvar2": 0, "dvar": 0, "dmean": 0, "max": 1, "var": 0, "mean": 1}, "melbands_flatness_db": {"dmean2": 0.0369393378496, "median": 0.174328520894, "min": 0.00625437218696, "dvar2": 0.0012721553212, "dvar": 0.000571427750401, "dmean": 0.0239586755633, "max": 0.510215222836, "var": 0.00529201002792, "mean": 0.192260667682}, "barkbands": {"dmean2": [0.000126069047838, 0.00171567930374, 0.00408694287762, 0.00181276293006, 0.00471250992268, 0.00126036687288, 0.000660761317704, 0.000892114767339, 0.00155706959777, 0.000960359058809, 0.000870960124303, 0.000749627593905, 0.00121461309027, 0.000697200244758, 0.000582135631703, 0.000556054117624, 0.000313233555062, 0.000259455613559, 0.000207548800972, 0.000223970142542, 0.000169085906236, 0.000147030572407, 6.43434759695e-05, 4.64268086944e-05, 5.71145974391e-05, 2.28987228184e-05, 3.06349465973e-06], "median": [3.06735782942e-05, 0.00121555570513, 0.00283087976277, 0.000624089967459, 0.00180281465873, 0.000691174936946, 0.000274807156529, 0.000263394787908, 0.000389726628782, 0.000247536750976, 0.000129645166453, 0.00015566017828, 0.000157040398335, 0.000108024127258, 0.000151740023284, 0.000200713955564, 0.000127059232909, 0.000179303286131, 0.000161931224284, 0.000239647502895, 0.000148225328303, 0.000146034668433, 5.10534773639e-05, 3.23582244164e-05, 2.1055840989e-05, 7.4094627962e-06, 8.22888580387e-07], "min": [7.3292902621e-23, 1.02521095305e-22, 2.43012151727e-23, 1.70735027429e-23, 3.18967986863e-23, 2.79536553634e-23, 7.66217820451e-23, 5.40564600274e-23, 1.11980357974e-22, 1.55163361233e-22, 6.20916394358e-23, 5.75995877625e-23, 1.1037977813e-22, 9.46333571557e-23, 1.37773181323e-22, 9.94150154446e-23, 1.86766340786e-22, 2.76132442123e-22, 2.66903476352e-22, 2.35693437881e-22, 4.17700713355e-22, 4.75704178968e-22, 6.78072673847e-22, 8.42880989294e-22, 9.38778202594e-22, 1.54196280872e-21, 2.5280406568e-21], "dvar2": [7.70269465988e-08, 9.7409601949e-06, 5.28513628524e-05, 1.43567249324e-05, 8.78159262356e-05, 5.13789382239e-06, 2.16457374336e-06, 1.10464779937e-05, 2.24578070629e-05, 9.05350407265e-06, 7.96554559201e-06, 3.47020795743e-06, 8.76003832673e-06, 3.45091257259e-06, 5.32112471774e-06, 1.6163850205e-06, 3.47495785036e-07, 2.3376964009e-07, 1.18284610551e-07, 1.43111932971e-07, 8.20935781576e-08, 5.89976281162e-08, 1.41041578416e-08, 9.1039700223e-09, 4.81140709496e-08, 3.0564106801e-09, 4.79766226746e-11], "dvar": [4.3218918222e-08, 3.49472111338e-06, 1.94768399524e-05, 5.24579672856e-06, 3.15261859214e-05, 2.18645868699e-06, 9.37351614994e-07, 4.30364980275e-06, 8.94586628419e-06, 3.61961474482e-06, 3.39345797329e-06, 1.44817181535e-06, 3.33254797624e-06, 1.49982633957e-06, 2.1354396722e-06, 6.02017337314e-07, 1.39046349545e-07, 8.88263613774e-08, 4.63642138016e-08, 6.47877271831e-08, 3.64156740318e-08, 2.7044336548e-08, 7.36570671123e-09, 4.31974767068e-09, 1.87556654652e-08, 1.69564273733e-09, 2.14636607099e-11], "dmean": [8.4207742475e-05, 0.00101788190659, 0.00245228759013, 0.00108114362229, 0.00280690938234, 0.000824736605864, 0.000424461177317, 0.00057765271049, 0.000993257388473, 0.000611049472354, 0.000567650597077, 0.000469976803288, 0.000735144654755, 0.000452595500974, 0.000371487665689, 0.000339817546774, 0.000197225643205, 0.000160397496074, 0.000128757368657, 0.000145172511111, 0.000111187677248, 9.68932145042e-05, 4.55394801975e-05, 3.35866243404e-05, 3.86776737287e-05, 1.74910437636e-05, 2.02794603865e-06], "max": [0.00637301756069, 0.0320045314729, 0.0873738527298, 0.0487928837538, 0.0684238672256, 0.0492765977979, 0.0329487733543, 0.0722619220614, 0.0836204588413, 0.0535947605968, 0.0722644776106, 0.0349262952805, 0.0465847849846, 0.041214056313, 0.0439784824848, 0.0141449943185, 0.00965548027307, 0.00779622746632, 0.00360874761827, 0.00782394688576, 0.00370304379612, 0.00375989452004, 0.00228875223547, 0.0020056059584, 0.00344980042428, 0.000749002210796, 7.0078393037e-05], "var": [1.17001263789e-07, 6.12098483543e-06, 4.22923767474e-05, 7.16524391464e-06, 3.85533166991e-05, 8.37346306071e-06, 1.66974302829e-06, 9.05948490981e-06, 1.59926639753e-05, 6.95623566571e-06, 5.94596394876e-06, 3.31736941916e-06, 7.78963385528e-06, 4.26214819527e-06, 5.49589140064e-06, 1.48391313814e-06, 3.82927225928e-07, 2.15100413925e-07, 1.34619654091e-07, 3.04327045342e-07, 1.03544252283e-07, 8.68877521043e-08, 1.83075048454e-08, 1.07883710854e-08, 2.84362577929e-08, 3.08246983494e-09, 3.21102727741e-11], "mean": [0.000140015370562, 0.00198091007769, 0.00495381234214, 0.00151105434634, 0.00387493870221, 0.00167280784808, 0.000701878976543, 0.000937420642003, 0.00157741841394, 0.00105897965841, 0.000890138908289, 0.000859694788232, 0.00126999721397, 0.000774237909354, 0.000643988023512, 0.000629813119303, 0.000375312927645, 0.000315894722007, 0.000283457222395, 0.000383080507163, 0.000252593308687, 0.000237105137785, 9.22711187741e-05, 6.93816327839e-05, 6.54017130728e-05, 2.67187224381e-05, 2.84071006718e-06]}, "erbbands_skewness": {"dmean2": 0.552516162395, "median": 0.188820302486, "min": -4.38494300842, "dvar2": 0.277933508158, "dvar": 0.114055208862, "dmean": 0.350862681866, "max": 6.09451580048, "var": 0.83080804348, "mean": 0.306668072939}, "erbbands_spread": {"dmean2": 12.280591011, "median": 35.4265327454, "min": 3.42804574966, "dvar2": 159.749328613, "dvar": 70.2184448242, "dmean": 7.9315829277, "max": 148.880462646, "var": 448.492797852, "mean": 39.5247001648}, "melbands_kurtosis": {"dmean2": 10.8382196426, "median": 5.80842685699, "min": -1.86579358578, "dvar2": 481.847076416, "dvar": 204.561141968, "dmean": 6.85501003265, "max": 532.81237793, "var": 600.994812012, "mean": 14.245215416}, "melbands": {"dmean2": [0.000403390469728, 0.00142962101381, 0.000956017407589, 0.0011937499512, 0.000421939999796, 0.000240458044573, 0.000146176374983, 0.00013604585547, 0.000183008043678, 0.000219101828407, 0.000165038334671, 0.00015544622147, 0.000103528895124, 8.4646322648e-05, 0.00010672362987, 0.000110506400233, 6.78459909977e-05, 5.44644244656e-05, 4.2892384954e-05, 2.63118654402e-05, 4.23964338552e-05, 1.79129765456e-05, 1.61913976626e-05, 1.2566049918e-05, 