{"tonal": {"thpcp": [1, 0.695835888386, 0.446034997702, 0.3833360672, 0.302928894758, 0.290229409933, 0.353214085102, 0.345789313316, 0.353340923786, 0.36284199357, 0.299274265766, 0.341716855764, 0.39844340086, 0.418115437031, 0.727975487709, 0.923892199993, 0.596193313599, 0.286982834339, 0.228404462337, 0.306293129921, 0.58513623476, 0.683276712894, 0.449101656675, 0.340261429548, 0.359348863363, 0.33240711689, 0.331349998713, 0.397253781557, 0.49819073081, 0.622011303902, 0.655512034893, 0.549167275429, 0.501565396786, 0.559441924095, 0.636174082756, 0.883337914944], "hpcp": {"dmean2": [0.254745960236, 0.338725268841, 0.400622218847, 0.378772705793, 0.359051436186, 0.362347334623, 0.399374485016, 0.417351663113, 0.444131702185, 0.426790416241, 0.365081489086, 0.284307330847, 0.239264786243, 0.190838500857, 0.167931169271, 0.182360038161, 0.182202503085, 0.18354575336, 0.163605898619, 0.155807599425, 0.180714949965, 0.200878664851, 0.243096455932, 0.31995087862, 0.300131469965, 0.260801970959, 0.190686613321, 0.167690292001, 0.210140049458, 0.273080766201, 0.274855703115, 0.230370894074, 0.209851354361, 0.21146927774, 0.209209397435, 0.216830268502], "median": [0.0331075638533, 0.0356609001756, 0.0460275374353, 0.0437860749662, 0.0343826860189, 0.0334490016103, 0.0355272442102, 0.0510739833117, 0.10808186233, 0.126501217484, 0.0802703350782, 0.041513979435, 0.0307413451374, 0.0286402925849, 0.0330000370741, 0.03677546978, 0.0367787182331, 0.0384087339044, 0.0329780951142, 0.0269637256861, 0.0283705722541, 0.0264962315559, 0.0365894809365, 0.0686127319932, 0.0872647017241, 0.0553319305182, 0.022170510143, 0.0166780613363, 0.0237195156515, 0.0538267493248, 0.0674463436007, 0.0491281151772, 0.032517939806, 0.0342370308936, 0.0304720140994, 0.0297052338719], "min": [0, 0, 0, 0, 0, 0, 0, 0, 0, 0, 0, 0, 0, 0, 0, 0, 0, 0, 0, 0, 0, 0, 0, 0, 0, 0, 0, 0, 0, 0, 0, 0, 0, 0, 0, 0], "dvar2": [0.139766409993, 0.196777939796, 0.247466221452, 0.22646252811, 0.213496908545, 0.217788264155, 0.244247436523, 0.235076576471, 0.222330078483, 0.20651127398, 0.181631505489, 0.156903594732, 0.13494963944, 0.112732388079, 0.0914381071925, 0.0988889113069, 0.0888333320618, 0.091948993504, 0.0776688307524, 0.0751939341426, 0.0909868776798, 0.104210093617, 0.12023537606, 0.156536981463, 0.155408158898, 0.135194823146, 0.101590961218, 0.0844897702336, 0.106576226652, 0.135186374187, 0.130912810564, 0.104505777359, 0.099815428257, 0.102458760142, 0.106818526983, 0.111789241433], "dvar": [0.0498908087611, 0.0701467171311, 0.0858699306846, 0.0791217312217, 0.0764887928963, 0.0795419216156, 0.0885391235352, 0.0844148173928, 0.0803516283631, 0.0766613259912, 0.0659182518721, 0.0563296899199, 0.0487714111805, 0.0388527847826, 0.0315883755684, 0.0345050357282, 0.0315089561045, 0.0331152677536, 0.0291119143367, 0.0267132688314, 0.0323974080384, 0.0385867916048, 0.0437062457204, 0.0567500628531, 0.0587294213474, 0.0473569333553, 0.0355737954378, 0.0299555528909, 0.0370942950249, 0.0491922274232, 0.049848601222, 0.0361477434635, 0.0348891764879, 0.0368743464351, 0.0381354875863, 0.0393985509872], "dmean": [0.138340249658, 0.183934867382, 0.21510130167, 0.205186456442, 0.195581898093, 0.195315346122, 0.215087145567, 0.227613091469, 0.246634885669, 0.238490059972, 0.202534273267, 0.155838638544, 0.13081343472, 0.103835955262, 0.0926695913076, 0.101923808455, 0.101537801325, 0.101489678025, 0.0932220891118, 0.0877962037921, 0.100981630385, 0.11250410974, 0.133944347501, 0.180514574051, 0.170596435666, 0.148315995932, 0.104104176164, 0.0898235440254, 0.113897837698, 0.155049860477, 0.157295152545, 0.128838449717, 0.114877812564, 0.115975655615, 0.11376182735, 0.117904447019], "max": [1, 1, 1, 1, 1, 1, 1, 1, 1, 1, 1, 1, 1, 1, 1, 1, 1, 1, 1, 1, 1, 1, 1, 1, 1, 1, 1, 1, 1, 1, 1, 1, 1, 1, 1, 1], "var": [0.0403945185244, 0.0572409704328, 0.0771040692925, 0.083168335259, 0.0674317628145, 0.0616076439619, 0.0709266737103, 0.0744340196252, 0.0921070724726, 0.107775360346, 0.0682681128383, 0.0449144728482, 0.0410700328648, 0.0283976625651, 0.0237525794655, 0.0305953975767, 0.027269853279, 0.0304984133691, 0.0374264158309, 0.0263527370989, 0.0320145227015, 0.0436852388084, 0.0406286232173, 0.0790637731552, 0.11710434407, 0.0617726892233, 0.0266208983958, 0.0203254781663, 0.0273851118982, 0.0626198574901, 0.0768159627914, 0.036572560668, 0.0285307075828, 0.0327985137701, 0.0303035732359, 0.0296039897949], "mean": [0.114140406251, 0.14314198494, 0.178718566895, 0.188344120979, 0.15778875351, 0.144111603498, 0.160740897059, 0.1827878654, 0.253803879023, 0.287323653698, 0.199930116534, 0.128156408668, 0.110141515732, 0.0870386362076, 0.0833897739649, 0.101486757398, 0.0993534475565, 0.101523205638, 0.104253083467, 0.08598857373, 0.0981833338737, 0.114482216537, 0.120134457946, 0.209164574742, 0.265456080437, 0.171300441027, 0.0824569538236, 0.0656260028481, 0.0880052596331, 0.168123483658, 0.196321561933, 0.12903752923, 0.0977651551366, 0.103249430656, 0.0955084264278, 0.0952046960592]}, "tuning_equal_tempered_deviation": 0.0397680662572, "chords_changes_rate": 0.0839395672083, "key_key": "F", "tuning_diatonic_strength": 0.567530572414, "key_scale": "major", "chords_number_rate": 0.00335758249275, "tuning_frequency": 441.017791748, "tuning_nontempered_energy_ratio": 0.773988425732, "chords_histogram": [10.6603240967, 0.0559597089887, 12.395075798, 0.475657522678, 5.7638502121, 1.23111355305, 0.307778388262, 0, 0.531617224216, 0.307778388262, 0.251818686724, 0.139899268746, 0.0839395672083, 0.279798537493, 0.307778388262, 1.93060994148, 0.167879134417, 21.5444889069, 4.75657510757, 12.7308340073, 1.84667038918, 2.99384450912, 19.6698379517, 1.56687188148], "key_strength": 0.775127649307, "chords_key": "F", "chords_strength": {"dmean2": 0.0133752292022, "median": 0.478224873543, "min": -1, "dvar2": 0.00130825536326, "dvar": 0.000647757202387, "dmean": 0.0109372688457, "max": 0.793481051922, "var": 0.0171770770103, "mean": 0.488238841295}, "chords_scale": "minor", "hpcp_entropy": {"dmean2": 1.19574654102, "median": 2.73722529411, "min": 0, "dvar2": 0.918890655041, "dvar": 0.331060439348, "dmean": 0.704442620277, "max": 4.70090818405, "var": 0.589076757431, "mean": 2.68128371239}}, "metadata": {"audio_properties": {"equal_loudness": 0, "codec": "flac", "downmix": "mix", "sample_rate": 44100, "analysis_sample_rate": 44100, "bit_rate": 0, "md5_encoded": "b12e58258f9ef24166c9c8d72d02c662", "length": 165.893325806, "replay_gain": -13.3667907715, "lossless": true}, "version": {"essentia_build_sha": "70f2e5ece6736b2c40cc944ad0e695b16b925413", "essentia": "2.1-beta2", "extractor": "music 1.0", "essentia_git_sha": "v2.1_beta2"}, "tags": {"title": ["Thunderhorse"], "barcode": ["838446000328"], "media": ["CD"], "albumartist": ["Dethklok"], "tracktotal": ["16"], "musicbrainz_releasegroupid": ["e040a4c0-64f8-349e-b409-f6eb0c0741e0"], "performer": ["William Murderface (bass guitar)", "Gene Hoglan (drums)", "Toki Wartooth (electric guitar)", "Skwisgaar Skwigelf (electric guitar)", "Nathan Explosion (lead vocals vocal)"], "releasetype": ["album"], "musicbrainz_recordingid": ["0fdb4655-0159-45d4-be14-79d69512f159"], "musicbrainz_albumartistid": ["1afcd689-9be4-4d1a-a9fa-49e086250f51"], "discnumber": ["1"], "album": ["The Dethalbum"], "catalognumber": ["384-460-003-2"], "releasecountry": ["US"], "isrc": ["USYWT0700028"], "originaldate": ["2007-09-25"], "date": ["2007-09-25"], "file_name": "01-09. Thunderhorse.flac", "disctotal": ["2"], "musicbrainz_artistid": ["1afcd689-9be4-4d1a-a9fa-49e086250f51"], "asin": ["B000UGG396"], "musicbrainz_albumid": ["ba7f2eec-a489-35c3-b0a7-a4ec963f5de3"], "artist": ["Dethklok"], "artistsort": ["Dethklok"], "tracknumber": ["9"], "label": ["Williams Street"], "albumartistsort": ["Dethklok"], "script": ["Latn"], "releasestatus": ["official"]}}, "rhythm": {"bpm_histogram_first_peak_bpm": {"dmean2": 0, "median": 92, "min": 92, "dvar2": 0, "dvar": 0, "dmean": 0, "max": 92, "var": 0, "mean": 92}, "bpm": 91.9791107178, "bpm_histogram_second_peak_spread": {"dmean2": 0, "median": 0, "min": 0, "dvar2": 0, "dvar": 0, "dmean": 0, "max": 0, "var": 0, "mean": 0}, "bpm_histogram_first_peak_weight": {"dmean2": 0, "median": 0.908730149269, "min": 0.908730149269, "dvar2": 0, "dvar": 0, "dmean": 0, "max": 0.908730149269, "var": 0, "mean": 0.908730149269}, "onset_rate": 3.97814273834, "beats_position": [0.615328788757, 1.24226760864, 1.86920630932, 2.48453521729, 3.16952371597, 3.85451245308, 4.5046710968, 5.15482997894, 5.80498838425, 6.46675729752, 7.12852573395, 7.76707458496, 8.40562343597, 9.05578231812, 9.70594120026, 10.3560991287, 11.0062580109, 11.656416893, 12.3065757751, 12.9567346573, 13.6068935394, 14.268661499, 14.9304304123, 15.5805892944, 16.2307472229, 16.8925170898, 17.5426750183, 18.1928348541, 18.8546028137, 19.5047607422, 20.154920578, 20.7934684753, 21.43201828, 22.0821762085, 22.7323360443, 23.3824939728, 24.0442619324, 24.7060317993, 25.3561897278, 26.0063495636, 26.6565074921, 27.3066654205, 27.9568252563, 28.6069831848, 29.2571430206, 29.9073009491, 30.5690689087, 31.2308387756, 31.8809967041, 32.5311546326, 33.1813163757, 33.8314743042, 34.4816322327, 35.1317901611, 35.7819480896, 36.4321098328, 37.0822677612, 37.7324256897, 38.3825836182, 39.0327415466, 39.6829032898, 40.3330612183, 40.9832191467, 41.6449890137, 42.3067550659, 42.9569168091, 43.6070747375, 44.257232666, 44.9073905945, 45.5575485229, 46.2077102661, 46.8578681946, 47.508026123, 48.1581840515, 48.80834198, 49.4585037231, 50.1202697754, 50.7820396423, 51.4554176331, 52.1055755615, 52.7557373047, 53.4058952332, 54.0560531616, 54.7062110901, 55.3447608948, 55.9949188232, 56.6450767517, 57.2836265564, 57.9337844849, 58.583946228, 59.2341041565, 59.8958702087, 60.5576400757, 61.2194099426, 61.8811798096, 62.531337738, 63.1814956665, 63.831653595, 64.4818115234, 65.1319732666, 65.7821273804, 66.443901062, 67.0824508667, 67.7326049805, 68.3943786621, 69.0561447144, 69.7062988281, 70.3564605713, 71.0066223145, 71.6567764282, 72.3069381714, 72.9570999146, 73.6072540283, 74.2690200806, 74.9307937622, 75.580947876, 76.2311096191, 76.8812713623, 77.5314254761, 78.1815872192, 78.831741333, 79.4819030762, 80.1320648193, 80.7822189331, 81.4323806763, 82.08253479, 82.7326965332, 83.3944625854, 84.0562362671, 84.7063903809, 85.356552124, 86.0067138672, 86.656867981, 87.3070297241, 87.9571838379, 88.6073455811, 89.2691116333, 89.9308853149, 90.5810394287, 91.2312011719, 91.8813552856, 92.5315170288, 93.181678772, 93.8318328857, 94.4819946289, 95.1321487427, 95.7823104858, 96.432472229, 97.0826263428, 97.7327880859, 98.3829498291, 99.0447158813, 99.6948699951, 100.356643677, 101.006797791, 101.668571472, 102.330337524, 102.980499268, 103.630653381, 104.280815125, 104.930976868, 105.581130981, 106.231292725, 106.881446838, 107.531608582, 108.181770325, 108.831924438, 109.482086182, 110.132240295, 110.782402039, 111.432563782, 112.082717896, 112.732879639, 113.383033752, 114.033195496, 114.694961548, 115.356735229, 116.006889343, 116.657051086, 117.3072052, 117.968978882, 118.630744934, 119.280906677, 119.931060791, 120.569610596, 121.2081604, 121.846710205, 122.508476257, 123.158638, 123.808792114, 124.458953857, 125.12071991, 125.782493591, 126.432647705, 127.082809448, 127.732971191, 128.383132935, 129.033279419, 129.683441162, 130.333602905, 130.995376587, 131.65713501, 132.307296753, 132.957458496, 133.607620239, 134.257781982, 134.907928467, 135.55809021, 136.208251953, 136.858413696, 137.508575439, 138.158721924, 138.820495605, 139.482269287, 140.13243103, 140.782577515, 141.432739258, 142.082901001, 142.733062744, 143.383224487, 144.021759033, 144.683532715, 145.333694458, 145.983856201, 146.634017944, 147.295776367, 147.957550049, 148.607711792, 149.257858276, 149.90802002, 150.546569824, 151.208343506, 151.858505249, 152.520263672, 153.182037354, 153.832199097, 154.48236084, 155.132507324, 155.782669067, 156.432830811, 157.082992554, 157.733154297, 158.383300781, 159.033462524, 159.683624268, 160.333786011, 160.995559692, 161.657318115, 162.342315674, 163.027297974, 163.723892212, 164.420501709, 165.128707886], "beats_loudness": {"dmean2": 0.0333781205118, "median": 0.0443112589419, "min": 2.46051595765e-10, "dvar2": 0.00058298924705, "dvar": 0.000190256658243, "dmean": 0.0187073275447, "max": 0.100712068379, "var": 0.00033413732308, "mean": 0.0451101846993}, "danceability": 1.1105453968, "bpm_histogram_second_peak_weight": {"dmean2": 0, "median": 0.0119047630578, "min": 0.0119047630578, "dvar2": 0, "dvar": 0, "dmean": 0, "max": 0.0119047630578, "var": 0, "mean": 0.0119047630578}, "beats_count": 253, "bpm_histogram_second_peak_bpm": {"dmean2": 0, "median": 86, "min": 86, "dvar2": 0, "dvar": 0, "dmean": 0, "max": 86, "var": 0, "mean": 86}, "bpm_histogram_first_peak_spread": {"dmean2": 0, "median": 0.0766128897667, "min": 0.0766128897667, "dvar2": 0, "dvar": 0, "dmean": 0, "max": 0.0766128897667, "var": 0, "mean": 0.0766128897667}, "beats_loudness_band_ratio": {"dmean2": [0.262637555599, 0.119193449616, 0.0820175930858, 0.0836267620325, 0.07760232687, 0.0905942171812], "median": [0.687472105026, 0.0778717026114, 0.0491266287863, 0.0311652719975, 0.0748914480209, 0.0637099593878], "min": [0.0453487858176, 0.00308521394618, 0.0027310915757, 0.00272438419051, 0.00098317512311, 0.000776456901804], "dvar2": [0.0397012755275, 0.0131085598841, 0.00534380506724, 0.0129300579429, 0.00509120337665, 0.00749357743189], "dvar": [0.0141990305856, 0.00449745729566, 0.00192343269009, 0.00499380240217, 0.00165014155209, 0.00308264489286], "dmean": [0.154047444463, 0.0671030655503, 0.0474550127983, 0.0466196127236, 0.0429706126451, 0.053065109998], "max": [0.964940488338, 0.667054891586, 0.479646801949, 0.463326632977, 0.333007901907, 0.796513497829], "var": [0.0294987075031, 0.00657075084746, 0.00445349840447, 0.00421635061502, 0.00279232440516, 0.00520547386259], "mean": [0.661400079727, 0.0991053283215, 0.0665575936437, 0.0523638278246, 0.0804131627083, 0.0790439397097]}}, "lowlevel": {"barkbands_spread": {"dmean2": 15.3872003555, "median": 33.2800750732, "min": 1.73093211651, "dvar2": 216.788116455, "dvar": 85.0369720459, "dmean": 9.54257488251, "max": 137.588882446, "var": 282.740112305, "mean": 33.2183494568}, "melbands_spread": {"dmean2": 15.8384790421, "median": 21.4600334167, "min": 1.19555485249, "dvar2": 223.965042114, "dvar": 85.9844741821, "dmean": 9.58508586884, "max": 190.630401611, "var": 410.685943604, "mean": 25.9395828247}, "hfc": {"dmean2": 17.6327209473, "median": 24.9069633484, "min": 1.29407126113e-16, "dvar2": 592.000366211, "dvar": 232.771514893, "dmean": 10.4779109955, "max": 195.835830688, "var": 358.055053711, "mean": 28.8722362518}, "barkbands_kurtosis": {"dmean2": 5.16151237488, "median": 1.3546102047, "min": -1.83602440357, "dvar2": 50.3549690247, "dvar": 22.6998538971, "dmean": 3.23090362549, "max": 103.989280701, "var": 60.1525039673, "mean": 3.73121953011}, "gfcc": {"mean": [28.7670974731, 79.9907989502, -111.1195755, 63.1953010559, -40.7272529602, 6.49680805206, -19.6164684296, 8.36416721344, -14.4598550797, -6.44286584854, -15.6758213043, -5.46468687057, -5.78865194321], "icov": [[0.00010696768004, -8.8624561613e-05, 6.06724097452e-05, -0.00043474699487, 0.000255480757914, 0.000251330318861, -0.00020648323698, 3.42731727869e-05, -0.000207082935958, 2.72532724921e-05, 0.000357231212547, -8.84311157279e-05, -5.29737881152e-05], [-8.8624561613e-05, 0.00196449505165, 0.000530678546056, -0.000523133494426, 0.000401992467232, 0.00039322921657, 0.000415678165155, -0.00159376848023, 0.00181435444392, 0.00186918943655, -0.00231827958487, 0.001441110624, 0.00010283364827], [6.06724097452e-05, 0.000530678546056, 0.00331145408563, 0.000463272008346, -1.56321329996e-05, -0.00193987297826, -0.000336557568517, 0.00127015903126, 0.00021523059695, -0.000588796508964, 0.000427256454714, 0.00100539613049, 0.000306534348056], [-0.00043474699487, -0.000523133494426, 0.000463272008346, 0.00829355511814, -0.0044530723244, -0.00631662923843, 0.00474897166714, 0.00207902770489, -0.00402949284762, -0.000811892386992, 0.000760232971516, -0.00115173542872, -0.000264191796305], [0.000255480757914, 0.000401992467232, -1.56321329996e-05, -0.0044530723244, 0.00904445070773, 0.00247025093995, -0.0061368602328, -0.000276028324151, 0.00230887392536, -0.00307510304265, 0.000249895238085, 0.00307442713529, -0.00492952251807], [0.000251330318861, 0.00039322921657, -0.00193987297826, -0.00631662923843, 0.00247025093995, 0.0151296323165, -0.00530683295801, -0.00615962501615, 0.00704399636015, -0.00129916518927, -0.000145254205563, -0.0012170112459, 0.00267805554904], [-0.00020648323698, 0.000415678165155, -0.000336557568517, 0.00474897166714, -0.0061368602328, -0.00530683295801, 0.0163926817477, -0.00156127708033, -0.00585851306096, 0.00708882370964, -0.00388769456185, 0.00317619694397, -0.00425095483661], [3.42731727869e-05, -0.00159376848023, 0.00127015903126, 0.00207902770489, -0.000276028324151, -0.00615962501615, -0.00156127708033, 0.0175402294844, -0.00405308278278, -0.00605808431283, 0.00945029687136, -0.00796135887504, 0.00374106084928], [-0.000207082935958, 0.00181435444392, 0.00021523059695, -0.00402949284762, 0.00230887392536, 0.00704399636015, -0.00585851306096, -0.00405308278278, 0.0230953786522, -0.00546917738393, -0.00953125301749, 0.0102222133428, -0.0037727127783], [2.72532724921e-05, 0.00186918943655, -0.000588796508964, -0.000811892386992, -0.00307510304265, -0.00129916518927, 0.00708882370964, -0.00605808431283, -0.00546917738393, 0.0219127833843, -0.0059971306473, -0.00496625434607, 0.00626509170979], [0.000357231212547, -0.00231827958487, 0.000427256454714, 0.000760232971516, 0.000249895238085, -0.000145254205563, -0.00388769456185, 0.00945029687136, -0.00953125301749, -0.0059971306473, 0.0251224450767, -0.0104938782752, 0.000137102571898], [-8.84311157279e-05, 0.001441110624, 0.00100539613049, -0.00115173542872, 0.00307442713529, -0.0012170112459, 0.00317619694397, -0.00796135887504, 0.0102222133428, -0.00496625434607, -0.0104938782752, 0.0312788896263, -0.0149269634858], [-5.29737881152e-05, 0.00010283364827, 0.000306534348056, -0.000264191796305, -0.00492952251807, 0.00267805554904, -0.00425095483661, 0.00374106084928, -0.0037727127783, 0.00626509170979, 0.000137102571898, -0.0149269634858, 0.0330496579409]], "cov": [[15288.6884766, 928.577270508, -635.008483887, 919.219543457, -94.9165649414, -93.5593566895, -86.3745651245, 17.5846405029, 202.647186279, -65.4973144531, -116.711128235, -22.5729465485, 41.0155334473], [928.577270508, 793.467346191, -179.068405151, 36.5401115417, -90.9833526611, -10.2050533295, -49.7666893005, 31.9565811157, -56.9524421692, -70.4284133911, 2.67453742027, -4.97807216644, -17.19962883], [-635.008483887, -179.068405151, 403.682800293, -23.58162117, 18.6550121307, 68.4632949829, 23.1557407379, -9.32953071594, -16.2432842255, 15.0165576935, -15.4919881821, -15.9256591797, -14.9535045624], [919.219543457, 36.5401115417, -23.58162117, 330.204315186, 89.8350296021, 102.416786194, -38.1726341248, 36.3221206665, 19.3088188171, 55.1486129761, -9.27841186523, 22.5173110962, 2.25533533096], [-94.9165649414, -90.9833526611, 18.6550121307, 89.8350296021, 257.310699463, -5.44419431686, 105.442047119, -29.116230011, 48.0515632629, 5.45310592651, 26.3813552856, -17.8602218628, 52.6299476624], [-93.5593566895, -10.2050533295, 68.4632949829, 102.416786194, -5.44419431686, 181.548675537, -20.9997062683, 84.2509689331, -51.5264320374, 39.1941642761, -34.4783287048, 31.7994232178, -26.5019550323], [-86.3745651245, -49.7666893005, 23.1557407379, -38.1726341248, 105.442047119, -20.9997062683, 162.128540039, -34.9332199097, 49.3296890259, -43.0365142822, 30.4546928406, -29.2401409149, 42.1897697449], [17.5846405029, 31.9565811157, -9.32953071594, 36.3221206665, -29.116230011, 84.2509689331, -34.9332199097, 133.396591187, -29.2461147308, 45.0425834656, -38.6160850525, 35.0338058472, -26.3509979248], [202.647186279, -56.9524421692, -16.2432842255, 19.3088188171, 48.0515632629, -51.5264320374, 49.3296890259, -29.2461147308, 105.08644104, 11.0126543045, 42.1262893677, -23.151802063, 21.0818405151], [-65.4973144531, -70.4284133911, 15.0165576935, 55.1486129761, 5.45310592651, 39.1941642761, -43.0365142822, 45.0425834656, 11.0126543045, 100.374397278, 9.21713638306, 28.5021057129, -17.5166053772], [-116.711128235, 2.67453742027, -15.4919881821, -9.27841186523, 26.3813552856, -34.4783287048, 30.4546928406, -38.6160850525, 42.1262893677, 9.21713638306, 82.6539611816, 8.51172733307, 21.4542388916], [-22.5729465485, -4.97807216644, -15.9256591797, 22.5173110962, -17.8602218628, 31.7994232178, -29.2401409149, 35.0338058472, -23.151802063, 28.5021057129, 8.51172733307, 68.0784912109, 10.0063495636], [41.0155334473, -17.19962883, -14.9535045624, 2.25533533096, 52.6299476624, -26.5019550323, 42.1897697449, -26.3509979248, 21.0818405151, -17.5166053772, 21.4542388916, 10.0063495636, 59.0978775024]]}, "spectral_energyband_middle_low": {"dmean2": 0.00718444632366, "median": 0.00890894420445, "min": 2.35781007753e-22, "dvar2": 6.981248589e-05, "dvar": 2.60554334091e-05, "dmean": 0.00438915938139, "max": 0.0626739785075, "var": 4.95520362165e-05, "mean": 0.0106363780797}, "melbands_crest": {"dmean2": 5.84028816223, "median": 15.8547325134, "min": 2.14469790459, "dvar2": 21.9587287903, "dvar": 7.96273946762, "dmean": 3.50760698318, "max": 28.8196239471, "var": 17.8277778625, "mean": 15.8697910309}, "spectral_kurtosis": {"dmean2": 2.07848119736, "median": 2.89990472794, "min": -1.1805164814, "dvar2": 5.06258487701, "dvar": 1.70039618015, "dmean": 1.23169100285, "max": 31.5605430603, "var": 5.16368293762, "mean": 3.38139533997}, "spectral_rms": {"dmean2": 0.00181285652798, "median": 0.00605282001197, "min": 3.33906426814e-12, "dvar2": 2.52169229498e-06, "dvar": 8.80485970356e-07, "dmean": 0.00109157140832, "max": 0.0116755682975, "var": 2.87121474685e-06, "mean": 0.0060412613675}, "zerocrossingrate": {"dmean2": 0.0167091432959, "median": 0.0625, "min": 0.00732421875, "dvar2": 0.000269787124125, "dvar": 0.000166699115653, "dmean": 0.0126784332097, "max": 0.556640625, "var": 0.00266053481027, "mean": 0.0692266076803}, "silence_rate_60dB": {"dmean2": 0.0016797313001, "median": 0, "min": 0, "dvar2": 0.00195690360852, "dvar": 0.000838818959892, "dmean": 0.000839748070575, "max": 1, "var": 0.0283909160644, "mean": 0.0292471311986}, "erbbands_kurtosis": {"dmean2": 1.10362875462, "median": -0.262161135674, "min": -1.79258275032, "dvar2": 1.20456767082, "dvar": 0.463024139404, "dmean": 0.670457601547, "max": 11.2929792404, "var": 1.5045170784, "mean": -0.00607363553718}, "erbbands": {"dmean2": [0.481016486883, 4.54153299332, 7.74931287766, 10.4633874893, 14.4775466919, 11.7548961639, 7.14706659317, 10.8306884766, 9.13858604431, 10.2895050049, 12.7147378922, 15.1881570816, 16.698217392, 16.1423225403, 14.7438192368, 9.06688022614, 9.18646240234, 10.2768440247, 14.007979393, 18.2903327942, 31.0158138275, 44.0181922913, 27.5111980438, 27.7441196442, 30.431476593, 22.89727211, 31.2567081451, 25.1504364014, 18.9515113831, 10.0614318848, 5.3801574707, 3.49409627914, 0.993964791298, 0.330494463444, 0.159648016095, 0.0562183186412, 0.0118850832805, 0.00503977481276, 0.0137087097391, 0.00769708305597], "median": [0.31246650219, 2.7440803051, 5.37961816788, 8.00970649719, 9.17319869995, 6.39207220078, 4.21305179596, 5.03164052963, 5.02956962585, 6.40901136398, 7.06819725037, 10.2291507721, 10.3816957474, 7.24409580231, 6.92818403244, 6.91592407227, 6.89247226715, 9.43499755859, 12.8609638214, 15.2489376068, 36.607093811, 44.3632774353, 31.456287384, 30.5600395203, 37.0750350952, 25.4637413025, 20.6336421967, 16.6640300751, 9.3985824585, 5.30650377274, 2.83285522461, 1.42642354965, 0.766534745693, 0.360755115747, 0.146413937211, 0.0485353544354, 0.0100545957685, 0.00172585970722, 0.000391437963117, 0.000107774678327], "min": [2.7559369935e-21, 1.38724101774e-20, 3.63672638184e-20, 2.8429874536e-20, 1.64128643999e-20, 4.47455952971e-20, 3.3069440119e-19, 2.00506641778e-19, 2.5558554854e-19, 6.58787991437e-19, 1.109131018e-18, 1.36939874485e-18, 4.332343569e-18, 3.48818921027e-18, 1.9048908648e-18, 4.05447292172e-18, 5.46767088001e-18, 5.19083172696e-18, 4.60602578724e-18, 8.02929331354e-18, 9.0045111316e-18, 9.91429730885e-18, 1.17778549924e-17, 1.08205514249e-17, 1.5764265839e-17, 1.60381866988e-17, 1.92730303398e-17, 1.36306585008e-17, 1.71175068513e-17, 2.81292230245e-17, 1.7212903937e-17, 1.83518687748e-17, 1.46469069588e-17, 1.25841848633e-17, 9.42867859637e-18, 6.83346394457e-18, 3.96112807114e-18, 1.38206908389e-18, 3.59098801148e-19, 3.86836441833e-20], "dvar2": [0.284186810255, 26.3701248169, 63.7299690247, 129.472610474, 306.373840332, 328.858215332, 95.7884902954, 341.166717529, 218.259277344, 235.587982178, 395.34475708, 431.902954102, 993.971923828, 2720.99584961, 1504.60290527, 282.338531494, 170.985046387, 211.765411377, 425.522888184, 751.368041992, 1570.75097656, 3801.5168457, 1216.17041016, 1567.24963379, 1191.02770996, 675.068115234, 1665.50061035, 937.777526855, 915.929016113, 182.14692688, 46.2519721985, 16.9428482056, 1.18796098232, 0.17877137661, 0.0796665847301, 0.00642333645374, 0.000260238710325, 0.000203290168429, 0.00176348874811, 0.000426344107836], "dvar": [0.105192303658, 8.8949136734, 23.1758613586, 51.562877655, 122.309997559, 116.722175598, 37.4117431641, 133.35295105, 79.7541809082, 92.4661026001, 160.259216309, 168.824188232, 376.238830566, 1146.86938477, 639.99822998, 121.102844238, 63.8084487915, 81.746711731, 166.990112305, 280.881835938, 575.365234375, 1475.1595459, 469.205200195, 586.659667969, 452.459747314, 259.775482178, 642.49041748, 362.222686768, 329.743133545, 65.2897262573, 16.5229263306, 6.27013254166, 0.447043925524, 0.0745133757591, 0.0298441741616, 0.00246287533082, 0.000104112812551, 7.34404748073e-05, 0.000646813074127, 0.000157211557962], "dmean": [0.289160192013, 2.64730167389, 4.50548791885, 6.35141801834, 8.85986709595, 6.84077882767, 4.22369623184, 6.51092672348, 5.3500289917, 6.12001800537, 7.80664014816, 9.26136112213, 10.1913223267, 10.2439079285, 9.21210956573, 5.52428102493, 5.46842908859, 6.18147182465, 8.54467868805, 10.9710378647, 18.8326320648, 26.9280414581, 16.6648788452, 16.7991104126, 18.0741958618, 13.7109031677, 18.194234848, 14.4690828323, 10.5625495911, 5.57976675034, 3.01880502701, 1.88249611855, 0.571485996246, 0.203232616186, 0.098142452538, 0.0344881154597, 0.00735456403345, 0.00294751068577, 0.00783387478441, 0.00436237920076], "max": [2.7317802906, 27.9392585754, 52.1432609558, 107.614212036, 135.940734863, 117.600875854, 151.341903687, 346.539489746, 136.596221924, 188.261871338, 247.039886475, 227.538650513, 606.711547852, 924.38067627, 555.116638184, 330.036590576, 133.641082764, 207.153366089, 308.834655762, 291.079162598, 455.127227783, 754.788391113, 374.604370117, 541.340332031, 518.345825195, 276.68081665, 347.992767334, 205.431518555, 178.301452637, 82.8832855225, 40.8632850647, 19.6146450043, 7.86439847946, 5.73015403748, 4.02370786667, 0.945339620113, 0.173103481531, 0.205873563886, 0.528729915619, 0.155513390899], "var": [0.168806195259, 11.7091255188, 33.9428672791, 115.317077637, 245.880142212, 123.563560486, 71.1857681274, 217.033843994, 119.084465027, 149.713424683, 266.516174316, 327.861053467, 625.682495117, 1748.91137695, 1099.80700684, 167.672988892, 136.001266479, 141.027984619, 297.046417236, 711.633972168, 1498.8614502, 5096.11425781, 1325.53234863, 1816.37670898, 1335.3527832, 503.081939697, 683.601745605, 376.626190186, 248.90776062, 60.8843460083, 19.6900844574, 5.3533039093, 0.670871496201, 0.168927446008, 0.0497537814081, 0.00598865514621, 0.000278393941699, 5.18308879691e-05, 0.000436499482021, 0.000105582548713], "mean": [0.431578993797, 3.73625087738, 6.872423172, 11.2550058365, 14.4772119522, 9.67762184143, 6.7775015831, 10.0957317352, 8.72883224487, 10.1042604446, 12.8775911331, 16.0783996582, 17.1062583923, 16.1916713715, 15.0171318054, 9.85215950012, 10.3236684799, 12.3405838013, 16.9226379395, 23.8152599335, 44.8135681152, 64.8577194214, 40.970790863, 42.8132781982, 44.3170814514, 29.4308433533, 27.875, 21.8271560669, 13.5433588028, 7.62875032425, 4.31452274323, 2.23375463486, 0.974531114101, 0.458323329687, 0.204667180777, 0.0707008391619, 0.0150595866144, 0.00351470988244, 0.00586453452706, 0.00306366872974]}, "spectral_strongpeak": {"dmean2": 0.393227696419, "median": 0.309887349606, "min": 0, "dvar2": 0.5891533494, "dvar": 0.218291461468, "dmean": 0.226129084826, "max": 10.7575359344, "var": 0.187316447496, "mean": 0.392650485039}, "spectral_energy": {"dmean2": 0.0243327356875, "median": 0.0375525504351, "min": 1.14280841972e-20, "dvar2": 0.000553311023396, "dvar": 0.000191785729839, "dmean": 0.0145191214979, "max": 0.139726862311, "var": 0.000388705084333, "mean": 0.0403524339199}, "average_loudness": 0.963880240917, "spectral_rolloff": {"dmean2": 1400.31970215, "median": 1550.390625, "min": 86.1328125, "dvar2": 2094646.375, "dvar": 842581.5, "dmean": 821.946166992, "max": 20994.8730469, "var": 5392091.5, "mean": 1807.42822266}, "spectral_centroid": {"dmean2": 523.145874023, "median": 2118.86132812, "min": 219.415817261, "dvar2": 226396.671875, "dvar": 100634.46875, "dmean": 330.436279297, "max": 11105.625, "var": 405976.5625, "mean": 2019.98376465}, "pitch_salience": {"dmean2": 0.152976602316, "median": 0.555315256119, "min": 0.122511439025, "dvar2": 0.015466527082, "dvar": 0.00564704602584, "dmean": 0.0914709419012, "max": 0.853093206882, "var": 0.0115570351481, "mean": 0.545171558857}, "spectral_energyband_middle_high": {"dmean2": 0.00209160172381, "median": 0.00490172486752, "min": 1.61142507851e-21, "dvar2": 6.36487311567e-06, "dvar": 2.84397765427e-06, "dmean": 0.00132480391767, "max": 0.0367744341493, "var": 1.77680958586e-05, "mean": 0.00569878565148}, "spectral_contrast_coeffs": {"dmean2": [0.0900614857674, 0.0794133022428, 0.064561240375, 0.0465509295464, 0.0347088463604, 0.0363433100283], "median": [-0.669723153114, -0.777942895889, -0.796001434326, -0.805899262428, -0.794506311417, -0.699004352093], "min": [-0.988810300827, -0.972173035145, -0.974122524261, -0.957613706589, -0.957298576832, -0.958665013313], "dvar2": [0.00499457353726, 0.00378047837876, 0.00250363606028, 0.00129883142654, 0.000701403361745, 0.00107468932401], "dvar": [0.00177087448537, 0.00138528866228, 0.000890921219252, 0.000476248416817, 0.000262352696154, 0.000457695423393], "dmean": [0.0538050755858, 0.0472452789545, 0.0385625809431, 0.0280159153044, 0.0209469199181, 0.0227063912898], "max": [-0.400207728148, -0.525030553341, -0.585527777672, -0.616403877735, -0.679249644279, -0.557854354382], "var": [0.00476096244529, 0.00361100560986, 0.00235257204622, 0.00169650476892, 0.00111915764865, 0.00214981776662], "mean": [-0.665635287762, -0.774104714394, -0.793908417225, -0.803020000458, -0.793603420258, -0.701135158539]}, "melbands_skewness": {"dmean2": 1.64220297337, "median": 3.68413305283, "min": -0.0931002572179, "dvar2": 2.13131666183, "dvar": 0.809979319572, "dmean": 1.01517629623, "max": 14.2492847443, "var": 3.41486978531, "mean": 3.90842723846}, "spectral_spread": {"dmean2": 581764.8125, "median": 4080822, "min": 1836121.375, "dvar2": 388927356928, "dvar": 262736953344, "dmean": 367076.125, "max": 39957628, "var": 1162633674750.0, "mean": 4191579.75}, "dissonance": {"dmean2": 0.0133271990344, "median": 0.488182008266, "min": 0.332744449377, "dvar2": 0.000201310045668, "dvar": 7.42120319046e-05, "dmean": 0.00791353732347, "max": 0.499984145164, "var": 0.000132094195578, "mean": 0.485966593027}, "spectral_skewness": {"dmean2": 0.280903816223, "median": 0.970970094204, "min": 0.000361044920282, "dvar2": 0.0611337050796, "dvar": 0.0216502659023, "dmean": 0.166087344289, "max": 4.43009185791, "var": 0.144470870495, "mean": 1.03013634682}, "spectral_flux": {"dmean2": 0.0432818382978, "median": 0.104819379747, "min": 1.06902216246e-10, "dvar2": 0.00137156597339, "dvar": 0.000536691979505, "dmean": 0.0266615990549, "max": 0.282582074404, "var": 0.00142755184788, "mean": 0.107100374997}, "spectral_contrast_valleys": {"dmean2": [0.649543642998, 0.664426207542, 0.546946585178, 0.422402352095, 0.372071236372, 0.529081285], "median": [-6.333111763, -6.6242723465, -7.11422300339, -7.24006462097, -6.46869182587, -9.71129989624], "min": [-27.7808017731, -27.3556022644, -27.5134525299, -27.2308254242, -27.3201274872, -27.2752914429], "dvar2": [0.274553507566, 0.331808805466, 0.20106883347, 0.117179870605, 0.104538731277, 0.31572252512], "dvar": [0.10479028523, 0.134216308594, 0.088361941278, 0.0574145764112, 0.054730925709, 0.1312738657], "dmean": [0.390737086535, 0.397403329611, 0.341787457466, 0.268175274134, 0.245159029961, 0.317488461733], "max": [-5.11612844467, -4.73467302322, -5.10928487778, -5.99426555634, -5.52448940277, -8.48679733276], "var": [2.27530860901, 1.68669211864, 1.43747973442, 1.44632565975, 1.58017671108, 1.27921926975], "mean": [-6.59118366241, -6.77435016632, -7.24361848831, -7.43524742126, -6.70440673828, -9.90517711639]}, "erbbands_flatness_db": {"dmean2": 0.0183412395418, "median": 0.120124824345, "min": 0.0562121756375, "dvar2": 0.000259228050709, "dvar": 0.000106303625216, "dmean": 0.0114334244281, "max": 0.293207466602, "var": 0.000912255316507, "mean": 0.124869287014}, "spectral_energyband_high": {"dmean2": 0.00187889044173, "median": 0.00129718566313, "min": 8.24225946023e-21, "dvar2": 6.02194631938e-06, "dvar": 2.33345849665e-06, "dmean": 0.00107673439197, "max": 0.0150666423142, "var": 2.33073183153e-06, "mean": 0.00170169176999}, "spectral_entropy": {"dmean2": 0.202847108245, "median": 7.88760662079, "min": 6.04303264618, "dvar2": 0.0300880353898, "dvar": 0.0123604433611, "dmean": 0.129113152623, "max": 9.79102134705, "var": 0.0786593034863, "mean": 7.8488035202}, "silence_rate_20dB": {"dmean2": 0, "median": 1, "min": 1, "dvar2": 0, "dvar": 0, "dmean": 0, "max": 1, "var": 0, "mean": 1}, "melbands_flatness_db": {"dmean2": 0.0542924925685, "median": 0.189437225461, "min": 0.00728902360424, "dvar2": 0.0020542095881, "dvar": 0.000795247964561, "dmean": 0.0337863042951, "max": 0.420947939157, "var": 0.00314888660796, "mean": 0.193136870861}, "barkbands": {"dmean2": [0.000562773144338, 0.0185361392796, 0.00687769800425, 0.00404267897829, 0.0036558280699, 0.00111570069566, 0.000621946644969, 0.00060233741533, 0.000631438859273, 0.000548056559637, 0.000436464790255, 0.000243749891524, 0.000204935699003, 0.000271045923, 0.000305117369862, 0.000527674390469, 0.000832554535009, 0.000505248608533, 0.000582595996093, 0.000558295811061, 0.000694926653523, 0.000479509879369, 0.000188817488379, 0.000116071380035, 2.49447184615e-05, 8.51725326356e-06, 0.000295605772408], "median": [0.000217190157855, 0.0121636129916, 0.00416072132066, 0.00276709790342, 0.0023260875605, 0.000570064294152, 0.000337577919709, 0.000335175252985, 0.00041846575914, 0.000280827400275, 0.000169888531673, 0.000155300222104, 0.000138104136568, 0.000213675273699, 0.000208948738873, 0.000479548762087, 0.000810353842098, 0.000503541901708, 0.000720045296475, 0.000555091304705, 0.000462108757347, 0.000248437630944, 0.000106552033685, 5.52180827071e-05, 2.5414288757e-05, 7.31847012503e-06, 3.03555998471e-06], "min": [1.81340378775e-23, 7.23806575593e-23, 3.62687573309e-23, 2.98450949285e-24, 1.88819348137e-23, 3.27402645433e-23, 2.4656543368e-23, 4.77809389978e-23, 5.65727496103e-23, 1.64898510648e-22, 3.15399211682e-23, 9.09349184856e-23, 1.15651817601e-22, 9.19635426189e-23, 1.20191099955e-22, 1.53221337145e-22, 1.83197799108e-22, 1.95346257049e-22, 2.83884407845e-22, 3.45194298745e-22, 4.43722318988e-22, 6.34621508368e-22, 6.91178973009e-22, 8.80207514436e-22, 1.20897101435e-21, 1.86899137e-21, 2.61678485807e-21], "dvar2": [4.49201650099e-07, 0.000432781118434, 5.34918108315e-05, 2.03629297175e-05, 2.81026768789e-05, 3.26115059579e-06, 9.26517657263e-07, 8.60850775553e-07, 7.1751202313e-07, 1.51184474362e-06, 1.71777378455e-06, 2.10828744684e-07, 8.78172059515e-08, 1.41648030194e-07, 2.87886223305e-07, 4.77812193367e-07, 1.33230207666e-06, 4.13191912685e-07, 5.28492307694e-07, 4.36667164649e-07, 7.64541937315e-07, 5.81058770877e-07, 5.55147892101e-08, 1.82410282434e-08, 1.29324684295e-09, 1.4046031005e-10, 6.2731436401e-07], "dvar": [1.55610777597e-07, 0.000148416744196, 2.01900402317e-05, 8.03278544481e-06, 1.04333221316e-05, 1.26006216306e-06, 3.38259070531e-07, 3.43385607948e-07, 2.75100717317e-07, 5.99013560532e-07, 7.15802229934e-07, 8.9459106789e-08, 3.25094049458e-08, 5.44098845978e-08, 1.11640495959e-07, 1.81717069836e-07, 4.97636449381e-07, 1.61767601981e-07, 1.95975871975e-07, 1.65255343632e-07, 2.9696184356e-07, 2.08558873283e-07, 1.96682314879e-08, 6.72474520513e-09, 5.23010745823e-10, 5.43975663125e-11, 2.31646069437e-07], "dmean": [0.000316023913911, 0.0109505392611, 0.00402991706505, 0.00247723585926, 0.0021963971667, 0.000669176108204, 0.000363554077921, 0.000369656918338, 0.000384667131584, 0.000333752774168, 0.000272660865448, 0.000148133913171, 0.000121234836115, 0.000162675132742, 0.000185664655874, 0.000319010694511, 0.000507665623445, 0.000306526548229, 0.000352274917532, 0.000331400631694, 0.000402901001507, 0.000266855669906, 0.00010618667875, 6.32175651845e-05, 1.53906275955e-05, 5.22412574355e-06, 0.000167873047758], "max": [0.00343773234636, 0.112434536219, 0.0718932524323, 0.0407576188445, 0.0425439253449, 0.0268637444824, 0.00721571827307, 0.0121309496462, 0.00786633882672, 0.0222111232579, 0.019012093544, 0.00711701530963, 0.00377298914827, 0.00476588215679, 0.00823188200593, 0.00748121598735, 0.0138602200896, 0.00737019162625, 0.00884735397995, 0.00710501195863, 0.00696985470131, 0.00435629952699, 0.00138852663804, 0.000606827088632, 0.000512357859407, 0.000138202260132, 0.00596720492467], "var": [1.54566180299e-07, 0.000212373255636, 3.44061081705e-05, 1.72156160261e-05, 1.44545992953e-05, 2.11700194086e-06, 5.03646617744e-07, 5.85526663599e-07, 5.38521646831e-07, 9.93533262772e-07, 1.18496552659e-06, 1.24338924934e-07, 7.04299409904e-08, 8.90209719273e-08, 2.03354019845e-07, 4.70762785199e-07, 1.60275646977e-06, 3.99244584059e-07, 6.40786538497e-07, 2.86457378706e-07, 3.15365781489e-07, 1.59545521683e-07, 2.256768461e-08, 6.20324813738e-09, 1.12387343876e-09, 1.39448952385e-10, 1.56415936203e-07], "mean": [0.000342903193086, 0.0162603370845, 0.00581708271056, 0.00408504111692, 0.00346159865148, 0.00105463468935, 0.000574216246605, 0.000594076758716, 0.00065795192495, 0.000543700996786, 0.000406963110436, 0.000241650704993, 0.000211474078242, 0.000289246177999, 0.000336647470249, 0.000668535300065, 0.00117804424372, 0.000681858102325, 0.000910403905436, 0.000665481726173, 0.000615646189544, 0.000351058901288, 0.000154007095261, 8.07570031611e-05, 3.40452388627e-05, 1.07522655526e-05, 0.000117727315228]}, "erbbands_skewness": {"dmean2": 0.443684905767, "median": -0.752308130264, "min": -2.59157371521, "dvar2": 0.145720645785, "dvar": 0.0645523369312, "dmean": 0.282080203295, "max": 3.42107701302, "var": 0.3197491467, "mean": -0.65546220541}, "erbbands_spread": {"dmean2": 14.472038269, "median": 49.0535850525, "min": 5.99852991104, "dvar2": 161.990600586, "dvar": 63.1452598572, "dmean": 8.88344860077, "max": 116.770805359, "var": 321.992370605, "mean": 50.924533844}, "melbands_kurtosis": {"dmean2": 18.6867046356, "median": 14.3465528488, "min": -1.45350468159, "dvar2": 523.129699707, "dvar": 219.91229248, "dmean": 11.6412916183, "max": 320.161254883, "var": 645.102722168, "mean": 22.0020256042}, "melbands": {"dmean2": [0.004815956112, 0.00447555631399, 0.00179847399704, 0.000938774028327, 0.000287493836368, 0.000231730082305, 0.000134457484819, 0.000114102433145, 0.000105337574496, 9.83412319329e-05, 8.46618786454e-05, 6.70495865052e-05, 5.4590858781e-05, 2.67707164312e-05, 2.34686031035e-05, 2.27322525461e-05, 2.18755485548e-