{"tonal": {"thpcp": [1, 0.750466167927, 0.500034928322, 0.578966915607, 0.48174738884, 0.4448145926, 0.393431454897, 0.210718989372, 0.353907674551, 0.527074933052, 0.362038195133, 0.261497944593, 0.310021311045, 0.321282356977, 0.622667610645, 0.907066345215, 0.62443459034, 0.451917678118, 0.511671423912, 0.343796879053, 0.317040115595, 0.403252601624, 0.351556718349, 0.52466738224, 0.625730276108, 0.346732974052, 0.200657561421, 0.243117541075, 0.26837810874, 0.631665289402, 0.955975830555, 0.634326219559, 0.371798217297, 0.35273963213, 0.327730536461, 0.644712209702], "hpcp": {"dmean2": [0.267096757889, 0.264823496342, 0.221085816622, 0.210178807378, 0.191384404898, 0.221903711557, 0.200501039624, 0.114087164402, 0.130125939846, 0.16303153336, 0.142595350742, 0.123463332653, 0.134457662702, 0.149327725172, 0.21479973197, 0.255299091339, 0.212374731898, 0.184196338058, 0.166390061378, 0.138311058283, 0.145351350307, 0.16375811398, 0.163518533111, 0.230790153146, 0.220319271088, 0.146897047758, 0.111885428429, 0.123568870127, 0.143580958247, 0.216820761561, 0.261096179485, 0.226288333535, 0.211767017841, 0.201924622059, 0.182442367077, 0.236489102244], "median": [0.105590634048, 0.0794112458825, 0.0497966222465, 0.0368667729199, 0.0337215662003, 0.0288899950683, 0.0227579157799, 0.0156633667648, 0.0220482088625, 0.0283099785447, 0.0262207072228, 0.0235966183245, 0.0235266145319, 0.0287903826684, 0.0770694389939, 0.100332781672, 0.0694731101394, 0.0349615775049, 0.0244069527835, 0.0192328821868, 0.0242717172951, 0.0269799735397, 0.0278123598546, 0.0362973473966, 0.0382032729685, 0.0265912581235, 0.0161802433431, 0.0173639785498, 0.0237593185157, 0.0612136051059, 0.0837367549539, 0.0579638071358, 0.0246222503483, 0.0205588340759, 0.0256431736052, 0.0717978700995], "min": [0, 0, 0, 0, 0, 0, 0, 0, 0, 0, 0, 0, 0, 0, 0, 0, 0, 0, 0, 0, 0, 0, 0, 0, 0, 0, 0, 0, 0, 0, 0, 0, 0, 0, 0, 0], "dvar2": [0.11780654639, 0.118869021535, 0.099689014256, 0.111306488514, 0.0889999270439, 0.12975166738, 0.12512396276, 0.0519178286195, 0.0584218278527, 0.0825879722834, 0.0616555772722, 0.0586164928973, 0.0616830810905, 0.0668584257364, 0.0845171883702, 0.110594958067, 0.090937897563, 0.0844377055764, 0.0793098658323, 0.0573960207403, 0.0650813803077, 0.0820758491755, 0.071767501533, 0.12507070601, 0.109006822109, 0.0618885569274, 0.051070407033, 0.0649549290538, 0.0650715976954, 0.0919482707977, 0.121105805039, 0.10253611207, 0.125832438469, 0.118413321674, 0.0952308624983, 0.101877711713], "dvar": [0.0511245019734, 0.0468238480389, 0.0369440950453, 0.0462228655815, 0.0349701978266, 0.052143972367, 0.0475455932319, 0.0187440216541, 0.0227931197733, 0.0360155366361, 0.0242344979197, 0.0227116812021, 0.0246143005788, 0.0255440250039, 0.0332466438413, 0.0477392747998, 0.0351453758776, 0.0325143747032, 0.0357550643384, 0.0230129286647, 0.0252113081515, 0.0342120081186, 0.0277473274618, 0.0464884862304, 0.0461796931922, 0.0242705829442, 0.0186880901456, 0.0243503004313, 0.0242686532438, 0.03486482054, 0.0529825799167, 0.0397388115525, 0.0456496700644, 0.04434690997, 0.0350530184805, 0.0383504293859], "dmean": [0.159157797694, 0.153301313519, 0.126216679811, 0.120881542563, 0.110115937889, 0.128430172801, 0.114864446223, 0.0639874488115, 0.0763981714845, 0.0970544740558, 0.0833648368716, 0.071440346539, 0.0782745108008, 0.0865573585033, 0.12717205286, 0.151810482144, 0.124082438648, 0.107795439661, 0.0985921025276, 0.0810109451413, 0.0837103500962, 0.0944005548954, 0.0935083478689, 0.130117371678, 0.128494501114, 0.0855016410351, 0.0623919405043, 0.0697134360671, 0.0811114981771, 0.126344874501, 0.153852283955, 0.131866186857, 0.118102990091, 0.112031370401, 0.102636374533, 0.137830629945], "max": [1, 1, 1, 1, 1, 1, 1, 1, 1, 1, 1, 1, 1, 1, 1, 1, 1, 1, 1, 1, 1, 1, 1, 1, 1, 1, 1, 1, 1, 1, 1, 1, 1, 1, 1, 1], "var": [0.116966933012, 0.0751409158111, 0.0411357469857, 0.0773959830403, 0.0502775609493, 0.0537998117507, 0.0456222705543, 0.0152486003935, 0.0334786586463, 0.0703833475709, 0.0325551070273, 0.0217425953597, 0.0313200354576, 0.0270306430757, 0.051020026207, 0.102521523833, 0.0556028969586, 0.0419319234788, 0.0721666887403, 0.0330063961446, 0.0272309221327, 0.0486767627299, 0.0311510656029, 0.0585611015558, 0.0820878520608, 0.0298798829317, 0.0155793363228, 0.0237234700471, 0.0213180053979, 0.0538482218981, 0.118780821562, 0.0579873621464, 0.0401264987886, 0.0401969216764, 0.0305830519646, 0.0558834262192], "mean": [0.278055280447, 0.208671078086, 0.139037355781, 0.160984814167, 0.133952409029, 0.123683042824, 0.109395690262, 0.058591529727, 0.0984058976173, 0.146555960178, 0.100666634738, 0.0727108865976, 0.0862030610442, 0.089334256947, 0.173136010766, 0.252214580774, 0.173627331853, 0.125658094883, 0.142272934318, 0.0955945402384, 0.0881546810269, 0.112126514316, 0.0977521985769, 0.145886540413, 0.173987612128, 0.0964109376073, 0.0557938925922, 0.0676001161337, 0.0746239498258, 0.175637871027, 0.265814125538, 0.176377758384, 0.103380456567, 0.0980811193585, 0.0911272093654, 0.179265633225]}, "tuning_equal_tempered_deviation": 0.0308437887579, "chords_changes_rate": 0.0624136961997, "key_key": "G", "tuning_diatonic_strength": 0.493451833725, "key_scale": "minor", "chords_number_rate": 0.0035901684314, "tuning_frequency": 439.491973877, "tuning_nontempered_energy_ratio": 0.690758705139, "chords_histogram": [29.9917144775, 5.05385255814, 15.6586580276, 1.35321736336, 5.85473632812, 0.856117069721, 0.607566952705, 8.45070457458, 0.303783476353, 1.43606734276, 0.0552333593369, 4.0320353508, 2.40265130997, 0.138083398342, 0, 0.635183632374, 0.138083398342, 0.635183632374, 4.58436918259, 4.30820226669, 0.469483554363, 0.386633515358, 10.3838720322, 2.26456785202], "key_strength": 0.677140176296, "chords_key": "G", "chords_strength": {"dmean2": 0.0124060120434, "median": 0.481678038836, "min": -1, "dvar2": 0.00212669186294, "dvar": 0.00110989180394, "dmean": 0.0112821655348, "max": 0.703238010406, "var": 0.0115976519883, "mean": 0.476473599672}, "chords_scale": "minor", "hpcp_entropy": {"dmean2": 1.03426575661, "median": 1.8842291832, "min": 0, "dvar2": 0.741725862026, "dvar": 0.28610432148, "dmean": 0.622996389866, "max": 4.29740953445, "var": 0.578574538231, "mean": 1.85812044144}}, "metadata": {"audio_properties": {"equal_loudness": 0, "codec": "mp3", "downmix": "mix", "sample_rate": 44100, "analysis_sample_rate": 44100, "bit_rate": 160025, "md5_encoded": "b5213f33cb640121c740240630c45413", "length": 168.097961426, "replay_gain": -14.1219558716, "lossless": false}, "version": {"essentia_build_sha": "70f2e5ece6736b2c40cc944ad0e695b16b925413", "essentia": "2.1-beta2", "extractor": "music 1.0", "essentia_git_sha": "v2.1_beta2"}, "tags": {"title": ["The Road Less Traveled"], "media": ["CD"], "albumartist": ["Mattias IA Eklundh"], "musicbrainz_recordingid": ["0fdbda8d-6d02-414c-9a71-15716f5bde45"], "encoding": ["Lavf56.36.100"], "musicbrainz_albumartistid": ["f9142b56-bbee-4cf9-aabc-3d8b1b939c23"], "originalyear": ["2004"], "discnumber": ["1/1"], "album": ["Freak Guitar: The Road Less Traveled"], "musicbrainz album release country": ["XW"], "musicbrainz album type": ["album"], "musicbrainz album status": ["official"], "asin": ["B000A8AXVI"], "date": ["2004"], "file_name": "Mattias IA Eklundh - The Road Less Traveled Click to Listen!.mp3", "musicbrainz_releasegroupid": ["f66c141c-f9b9-3fb9-8cdc-a0d3b1a32c00"], "script": ["Latn"], "originaldate": ["2004"], "musicbrainz_albumid": ["bb4451e1-84d1-47da-a16a-38fd00e37f6d"], "artist": ["Mattias IA Eklundh"], "artistsort": ["Eklundh, Mattias IA"], "tracknumber": ["1/23"], "label": ["Favored Nations"], "albumartistsort": ["Eklundh, Mattias IA"], "musicbrainz_artistid": ["f9142b56-bbee-4cf9-aabc-3d8b1b939c23"]}}, "rhythm": {"bpm_histogram_first_peak_bpm": {"dmean2": 0, "median": 129, "min": 129, "dvar2": 0, "dvar": 0, "dmean": 0, "max": 129, "var": 0, "mean": 129}, "bpm": 129.510803223, "bpm_histogram_second_peak_spread": {"dmean2": 0, "median": 0.0434783101082, "min": 0.0434783101082, "dvar2": 0, "dvar": 0, "dmean": 0, "max": 0.0434783101082, "var": 0, "mean": 0.0434783101082}, "bpm_histogram_first_peak_weight": {"dmean2": 0, "median": 0.533333361149, "min": 0.533333361149, "dvar2": 0, "dvar": 0, "dmean": 0, "max": 0.533333361149, "var": 0, "mean": 0.533333361149}, "onset_rate": 3.84861397743, "beats_position": [0.46439909935, 0.9287981987, 1.39319729805, 1.8575963974, 2.32199549675, 2.7863945961, 3.23918366432, 3.69197273254, 4.15637159348, 4.62077093124, 5.07355976105, 5.52634906769, 5.99074840546, 6.45514726639, 6.90793657303, 7.36072540283, 7.8251247406, 8.28952407837, 8.74231243134, 9.19510173798, 9.65950107574, 10.1239004135, 10.5882987976, 11.0294780731, 11.4938774109, 11.9582767487, 12.4226751328, 12.8638544083, 13.328253746, 13.7926530838, 14.2570514679, 14.6982307434, 15.1626300812, 15.6386394501, 16.114648819, 16.5790481567, 17.0434455872, 17.5078449249, 17.9606342316, 18.4134235382, 18.877822876, 19.3422222137, 19.8066215515, 20.247800827, 20.7121982574, 21.1765975952, 21.640996933, 22.0821762085, 22.5465755463, 23.010974884, 23.4637641907, 23.9165534973, 24.3809528351, 24.8453502655, 25.2981395721, 25.7509288788, 26.2153282166, 26.6797275543, 27.1441268921, 27.5853061676, 28.0497055054, 28.5141029358, 28.9785022736, 29.4312915802, 29.8840808868, 30.3368701935, 30.8012695312, 31.2540588379, 31.7184581757, 32.1828575134, 32.6356468201, 33.0884361267, 33.5528335571, 34.0172348022, 34.4816322327, 34.9228096008, 35.3872108459, 35.8516082764, 36.3160095215, 36.7571868896, 37.2215881348, 37.6743774414, 38.1271629333, 38.5683441162, 39.0327415466, 39.520362854, 39.9847602844, 40.4491615295, 40.91355896, 41.4011802673, 41.8655776978, 42.3299751282, 42.7943763733, 43.2703857422, 43.7463951111, 44.2107925415, 44.6751937866, 45.1511993408, 45.6272087097, 46.0916099548, 46.5560073853, 47.0436286926, 47.508026123, 47.9724235535, 48.4368247986, 48.9128341675, 49.3888435364, 49.8532409668, 50.3176422119, 50.7936515808, 51.269657135, 51.7340583801, 52.1984558105, 52.6628570557, 53.1272544861, 53.5916557312, 54.0560531616, 54.5436706543, 55.0080718994, 55.4724693298, 55.936870575, 56.4128799438, 56.8888893127, 57.3532867432, 57.8176841736, 58.2820854187, 58.7464828491, 59.2341041565, 59.6985015869, 60.1745109558, 60.6389122009, 61.0916976929, 61.556098938, 62.0088882446, 62.4616775513, 62.9260749817, 63.3904762268, 63.8432655334, 64.3076629639, 64.7604522705, 65.2248535156, 65.6892471313, 66.1536483765, 66.5948257446, 67.0592269897, 67.5120162964, 67.9764175415, 68.4292068481, 68.8936004639, 69.3463897705, 69.8107910156, 70.2635803223, 70.7279815674, 71.1923828125, 71.6451721191, 72.0979614258, 72.5623550415, 73.0267562866, 73.4795455933, 73.9323348999, 74.396736145, 74.8611297607, 75.3255310059, 75.7783203125, 76.2311096191, 76.6955108643, 77.15990448, 77.6126937866, 78.0654830933, 78.5182723999, 78.982673645, 79.4354629517, 79.8998641968, 80.3642578125, 80.8286590576, 81.2930603027, 81.7806777954, 82.2799072266, 82.7675247192, 83.2667541504, 83.742767334, 84.2187728882, 84.6831741333, 85.1591796875, 85.6351928711, 86.0995864868, 86.5639877319, 87.0283889771, 87.4927902222, 87.9804077148, 88.44480896, 88.9092025757, 89.3736038208, 89.8380050659, 90.3140106201, 90.7900238037, 91.2544174194, 91.7188186646, 92.1832199097, 92.6476211548, 93.1120147705, 93.5880279541, 94.0640335083, 94.5284347534, 94.9928359985, 95.4572296143, 95.9332427979, 96.4092483521, 96.8736495972, 97.3380508423, 97.802444458, 98.2784576416, 98.7428588867, 99.2188644409, 99.683265686, 100.147659302, 100.612060547, 101.08807373, 101.552467346, 102.02848053, 102.492874146, 102.957275391, 103.421676636, 103.89768219, 104.385307312, 104.884536743, 105.395370483, 105.906211853, 106.405441284, 106.893058777, 107.36907196, 107.833465576, 108.297866821, 108.762268066, 109.215057373, 109.679450989, 110.155464172, 110.619865417, 111.084259033, 111.560272217, 112.036277771, 112.512290955, 112.999908447, 113.475914001, 113.940315247, 114.416320801, 114.892333984, 115.356735229, 115.821128845, 116.297142029, 116.773147583, 117.237548828, 117.713554382, 118.189567566, 118.677185059, 119.17641449, 119.675643921, 120.163261414, 120.639274597, 121.115280151, 121.602897644, 122.090522766, 122.589744568, 123.088973999, 123.576599121, 124.052604675, 124.528617859, 124.993011475, 125.45741272, 125.921813965, 126.397819519, 126.873832703, 127.338226318, 127.802627563, 128.267028809, 128.731430054, 129.172607422, 129.637008667, 130.101409912, 130.565795898, 131.018585205, 131.471374512, 131.935775757, 132.400177002, 132.852966309, 133.305755615, 133.77015686, 134.234558105, 134.687347412, 135.140136719, 135.604537964, 136.068939209, 136.521713257, 136.974502563, 137.438903809, 137.903305054, 138.344482422, 138.808883667, 139.273284912, 139.737686157, 140.190475464, 140.643264771, 141.107666016, 141.572067261, 142.024856567, 142.477645874, 142.94203186, 143.406433105, 143.859222412, 144.312011719, 144.776412964, 145.240814209, 145.693603516, 146.146392822, 146.610794067, 147.075195312, 147.527984619, 147.980773926, 148.445159912, 148.909561157, 149.350738525, 149.815139771, 150.279541016, 150.743942261, 151.185119629, 151.649520874, 152.113922119, 152.578323364, 153.031112671, 153.483901978, 153.948303223, 154.412689209, 154.865478516, 155.318267822, 155.782669067, 156.247070312, 156.699859619, 157.152648926, 157.617050171, 158.081451416, 158.545852661, 159.010253906, 159.463043213, 159.927429199, 160.391830444, 160.844619751, 161.309020996, 161.761810303, 162.214599609, 162.655776978, 163.096954346, 163.526535034, 163.967712402, 164.408889771, 164.850067139, 165.291244507, 165.732421875, 166.173599243, 166.62638855, 167.079177856, 167.531967163], "beats_loudness": {"dmean2": 0.0328542739153, "median": 0.030927028507, "min": 0, "dvar2": 0.000816050509457, "dvar": 0.000281161133898, "dmean": 0.0207135118544, "max": 0.137631878257, "var": 0.000462266500108, "mean": 0.03431167081}, "danceability": 1.23351454735, "bpm_histogram_second_peak_weight": {"dmean2": 0, "median": 0.0611111111939, "min": 0.0611111111939, "dvar2": 0, "dvar": 0, "dmean": 0, "max": 0.0611111111939, "var": 0, "mean": 0.0611111111939}, "beats_count": 361, "bpm_histogram_second_peak_bpm": {"dmean2": 0, "median": 136, "min": 136, "dvar2": 0, "dvar": 0, "dmean": 0, "max": 136, "var": 0, "mean": 136}, "bpm_histogram_first_peak_spread": {"dmean2": 0, "median": 0.382636606693, "min": 0.382636606693, "dvar2": 0, "dvar": 0, "dmean": 0, "max": 0.382636606693, "var": 0, "mean": 0.382636606693}, "beats_loudness_band_ratio": {"dmean2": [0.52748978138, 0.216992586851, 0.338654458523, 0.212388426065, 0.224663645029, 0.0895365253091], "median": [0.249358966947, 0.126251801848, 0.158890679479, 0.111183449626, 0.105474613607, 0.0553911291063], "min": [0, 0, 0, 0, 0, 0], "dvar2": [0.173801079392, 0.0388903133571, 0.0798803269863, 0.0459739305079, 0.0417135246098, 0.00851883459836], "dvar": [0.0650134012103, 0.0145635949448, 0.0257297568023, 0.016240991652, 0.0141348671168, 0.00323657086119], "dmean": [0.295654207468, 0.125462368131, 0.183846622705, 0.12573634088, 0.125313222408, 0.0551885664463], "max": [0.935158610344, 0.884889960289, 0.93295955658, 0.682488322258, 0.843094587326, 0.465941727161], "var": [0.0768197998405, 0.0206115469337, 0.0320483036339, 0.0189503598958, 0.0170587077737, 0.0039906417951], "mean": [0.322671532631, 0.168304339051, 0.198655635118, 0.141508668661, 0.136742606759, 0.0738018453121]}}, "lowlevel": {"barkbands_spread": {"dmean2": 8.36391925812, "median": 23.6609783173, "min": 0.899344980717, "dvar2": 90.449546814, "dvar": 38.5963134766, "dmean": 5.31976318359, "max": 124.569328308, "var": 134.571289062, "mean": 24.197889328}, "melbands_spread": {"dmean2": 12.9170703888, "median": 27.8626213074, "min": 0.96205329895, "dvar2": 231.164459229, "dvar": 103.552764893, "dmean": 8.34745502472, "max": 168.480514526, "var": 397.500457764, "mean": 30.720500946}, "hfc": {"dmean2": 10.1338567734, "median": 16.0068359375, "min": 1.10135538376e-16, "dvar2": 261.567871094, "dvar": 107.247657776, "dmean": 6.4371805191, "max": 140.447280884, "var": 249.217391968, "mean": 19.7869338989}, "barkbands_kurtosis": {"dmean2": 3.3302667141, "median": 0.369893789291, "min": -1.84057748318, "dvar2": 44.0601806641, "dvar": 19.9651737213, "dmean": 2.13818788528, "max": 104.880264282, "var": 44.7745666504, "mean": 2.57902026176}, "gfcc": {"mean": [-35.073059082, 82.1629486084, -138.67376709, 38.5193443298, -66.1447906494, 3.84809041023, -33.1766471863, 1.67530953884, -27.6088752747, 0.451657086611, -19.5378665924, -3.79017519951, -12.6548633575], "icov": [[0.000166144978721, -0.000411640969105, 0.000426502345363, -0.000492776453029, 0.00038954714546, -0.000386175321182, 0.000486842443934, -0.000677268020809, 0.000592902826611, -0.000667762476951, 0.000632031529676, -0.000357062002877, 0.000267853611149], [-0.000411640969105, 0.00217399373651, -0.00112015753984, 0.000511522463057, -0.000963173341006, 0.000839368789457, -0.00154960143846, 0.00219190772623, -0.002006001072, 0.00273197819479, -0.00262513477355, 0.00151539663784, -0.00111700396519], [0.000426502345363, -0.00112015753984, 0.00249981321394, -0.00139973021578, -5.65929694858e-05, -0.00083991518477, 0.00089252658654, -0.00236542499624, 0.00221981247887, -0.00247922004201, 0.00207129702903, -0.00141757878009, 0.000366167456377], [-0.000492776453029, 0.000511522463057, -0.00139973021578, 0.00566735723987, -0.00199147220701, -7.59782269597e-05, -0.000761211733334, 0.00160976103507, -0.00181784667075, 0.00234587234445, -0.00205951766111, 0.00181135674939, -0.00152932014316], [0.00038954714546, -0.000963173341006, -5.65929694858e-05, -0.00199147220701, 0.00663132127374, -0.00389993656427, 0.00138551706914, 0.000205462813028, -0.00308512616903, 0.00083820708096, 0.000135162597871, -0.0014766898239, 0.000966257997788], [-0.000386175321182, 0.000839368789457, -0.00083991518477, -7.59782269597e-05, -0.00389993656427, 0.0106713706627, -0.00735303992406, 0.00190250354353, 0.00410009361804, -0.0051547549665, 0.00295032584108, -0.00109713617712, -4.75801680295e-05], [0.000486842443934, -0.00154960143846, 0.00089252658654, -0.000761211733334, 0.00138551706914, -0.00735303992406, 0.0139876967296, -0.00698273302987, -0.000834323232993, 0.00427402788773, -0.00655276421458, 0.00532717583701, -0.00301850913092], [-0.000677268020809, 0.00219190772623, -0.00236542499624, 0.00160976103507, 0.000205462813028, 0.00190250354353, -0.00698273302987, 0.0138290692121, -0.00834536738694, 0.00351205235347, 0.00242281937972, -0.00690353289247, 0.00559220882133], [0.000592902826611, -0.002006001072, 0.00221981247887, -0.00181784667075, -0.00308512616903, 0.00410009361804, -0.000834323232993, -0.00834536738694, 0.0185457784683, -0.0126640023664, 0.00482366932556, 0.00358363310806, -0.00496612954885], [-0.000667762476951, 0.00273197819479, -0.00247922004201, 0.00234587234445, 0.00083820708096, -0.0051547549665, 0.00427402788773, 0.00351205235347, -0.0126640023664, 0.0190139431506, -0.0113419853151, 0.00386420730501, 0.000385157327401], [0.000632031529676, -0.00262513477355, 0.00207129702903, -0.00205951766111, 0.000135162597871, 0.00295032584108, -0.00655276421458, 0.00242281937972, 0.00482366932556, -0.0113419853151, 0.0199505817145, -0.0128305731341, 0.00655220123008], [-0.000357062002877, 0.00151539663784, -0.00141757878009, 0.00181135674939, -0.0014766898239, -0.00109713617712, 0.00532717583701, -0.00690353289247, 0.00358363310806, 0.00386420730501, -0.0128305731341, 0.0211636722088, -0.0111936451867], [0.000267853611149, -0.00111700396519, 0.000366167456377, -0.00152932014316, 0.000966257997788, -4.75801680295e-05, -0.00301850913092, 0.00559220882133, -0.00496612954885, 0.000385157327401, 0.00655220123008, -0.0111936451867, 0.018711630255]], "cov": [[26953.1191406, 1658.87390137, -2389.26928711, 747.821472168, -1166.63586426, 90.7365264893, -544.14465332, 156.051712036, -508.569702148, -68.2911834717, -370.299926758, -56.5110321045, -290.577941895], [1658.87390137, 1435.0489502, 214.259414673, 332.273162842, 265.126617432, 145.904296875, 217.294662476, -86.6599960327, 49.3783416748, -62.5852050781, 112.515899658, -25.7650222778, 92.0977172852], [-2389.26928711, 214.259414673, 1077.46362305, 175.283828735, 347.376373291, 195.649703979, 167.014892578, 99.5939025879, 85.1378936768, 64.7088546753, 63.2467765808, 71.0239028931, 61.5750465393], [747.821472168, 332.273162842, 175.283828735, 366.46383667, 181.627090454, 125.569389343, 89.0364151001, -4.76482343674, 40.8904571533, 6.30739879608, 25.8571052551, -6.85375499725, 39.9472770691], [-1166.63586426, 265.126617432, 347.376373291, 181.627090454, 436.239135742, 188.448928833, 146.059585571, 10.8671550751, 114.750717163, 50.5381813049, 62.5342254639, 14.3588113785, 54.9472846985], [90.7365264893, 145.904296875, 195.649703979, 125.569389343, 188.448928833, 280.020263672, 150.191680908, 22.7586154938, 18.0050563812, 56.4348983765, 43.02942276, 13.4177131653, 18.8288669586], [-544.14465332, 217.294662476, 167.014892578, 89.0364151001, 146.059585571, 150.191680908, 247.244171143, 69.3369522095, 52.4614868164, 0.492942661047, 68.6980133057, 5.77335691452, 30.0828552246], [156.051712036, -86.6599960327, 99.5939025879, -4.76482343674, 10.8671550751, 22.7586154938, 69.3369522095, 208.044174194, 66.955078125, 13.591750145, -11.0627098083, 38.9828109741, -16.5557956696], [-508.569702148, 49.3783416748, 85.1378936768, 40.8904571533, 114.750717163, 18.0050563812, 52.4614868164, 66.955078125, 188.396270752, 89.5479354858, 5.27919149399, -23.1372661591, 26.9444236755], [-68.2911834717, -62.5852050781, 64.7088546753, 6.30739879608, 50.5381813049, 56.4348983765, 0.492942661047, 13.591750145, 89.5479354858, 170.779449463, 56.9012794495, 1.37811124325, -8.80760574341], [-370.299926758, 112.515899658, 63.2467765808, 25.8571052551, 62.5342254639, 43.02942276, 68.6980133057, -11.0627098083, 5.27919149399, 56.9012794495, 158.437393188, 61.0590171814, 5.43865013123], [-56.5110321045, -25.7650222778, 71.0239028931, -6.85375499725, 14.3588113785, 13.4177131653, 5.77335691452, 38.9828109741, -23.1372661591, 1.37811124325, 61.0590171814, 124.485519409, 32.8139343262], [-290.577941895, 92.0977172852, 61.5750465393, 39.9472770691, 54.9472846985, 18.8288669586, 30.0828552246, -16.5557956696, 26.9444236755, -8.80760574341, 5.43865013123, 32.8139343262, 97.2292098999]]}, "spectral_energyband_middle_low": {"dmean2": 0.00662942091003, "median": 0.00651557557285, "min": 2.04984054718e-22, "dvar2": 0.000145328580402, "dvar": 5.95279270783e-05, "dmean": 0.00416049547493, "max": 0.0995114594698, "var": 0.000118784904771, "mean": 0.00978297553957}, "melbands_crest": {"dmean2": 5.39402198792, "median": 13.3012199402, "min": 1.65650463104, "dvar2": 26.3405418396, "dvar": 11.5589799881, "dmean": 3.36386966705, "max": 35.1348648071, "var": 36.4438667297, "mean": 14.4438800812}, "spectral_kurtosis": {"dmean2": 2.32431745529, "median": 3.03373813629, "min": -1.24683177471, "dvar2": 7.74722862244, "dvar": 2.58804893494, "dmean": 1.3272548914, "max": 31.3693122864, "var": 4.5490064621, "mean": 3.44836854935}, "spectral_rms": {"dmean2": 0.00110947713256, "median": 0.00414016004652, "min": 3.12259744971e-12, "dvar2": 2.05131368602e-06, "dvar": 9.96410562948e-07, "dmean": 0.00074407766806, "max": 0.011032580398, "var": 3.41721624864e-06, "mean": 0.00426389835775}, "zerocrossingrate": {"dmean2": 0.0113093871623, "median": 0.06591796875, "min": 0.00732421875, "dvar2": 0.000142336415593, "dvar": 0.000108801708848, "dmean": 0.00957105401903, "max": 0.52587890625, "var": 0.00212321779691, "mean": 0.0703343451023}, "silence_rate_60dB": {"dmean2": 0.0281806886196, "median": 0, "min": 0, "dvar2": 0.0307012181729, "dvar": 0.0138898100704, "dmean": 0.0140883978456, "max": 1, "var": 0.0575554706156, "mean": 0.0613174960017}, "erbbands_kurtosis": {"dmean2": 1.51804351807, "median": -0.280277013779, "min": -1.79510760307, "dvar2": 6.96496677399, "dvar": 3.48976802826, "dmean": 0.970535576344, "max": 64.2417907715, "var": 7.67613077164, "mean": 0.447676897049}, "erbbands": {"dmean2": [0.129547119141, 0.749859213829, 2.96207499504, 3.94351291656, 6.96145915985, 6.47064685822, 7.66546821594, 8.81855773926, 18.6461982727, 46.0023536682, 25.5926189423, 36.5762939453, 16.8482475281, 17.4925537109, 15.0102739334, 35.900718689, 13.7515258789, 21.5539283752, 51.8156013489, 18.4435024261, 19.1358966827, 24.6652450562, 24.3898735046, 23.0022697449, 23.8187980652, 11.5301990509, 10.8364810944, 11.5229129791, 6.75180721283, 3.11746573448, 1.57650387287, 0.989644169807, 0.544906914234, 0.341918110847, 0.16532638669, 0.0652739703655, 0.014552638866, 0.00240409141406, 0.000171663967194, 1.62238447956e-05], "median": [0.00429365085438, 0.0516445152462, 0.481267899275, 1.37696385384, 3.01974177361, 3.84676027298, 4.02141141891, 3.90699720383, 5.84950590134, 5.75680351257, 8.60091876984, 7.45258951187, 9.89644050598, 7.90698623657, 8.05973434448, 11.4048509598, 6.72625780106, 6.6944231987, 12.8083639145, 7.64054584503, 7.31878376007, 8.07903385162, 10.2774114609, 13.3133115768, 13.4825181961, 7.09253406525, 6.7818145752, 7.32051849365, 4.32511901855, 1.46935844421, 1.05534493923, 0.486892879009, 0.2128020823, 0.130533918738, 0.0477247871459, 0.014771762304, 0.00424328865483, 0.000454556749901, 2.55861577898e-05, 2.33869504882e-05], "min": [9.18167450708e-23, 4.49932989341e-22, 2.157379126e-21, 7.60616080035e-21, 2.1495036234e-20, 3.42894022755e-20, 5.69152994201e-20, 5.59692245191e-20, 1.88279051168e-19, 1.89975908797e-19, 3.98475622684e-19, 4.06946003856e-19, 6.21946917917e-19, 8.16846903654e-19, 9.05972874621e-19, 1.56146398263e-18, 2.48145415651e-18, 2.57858935546e-18, 2.51927223373e-18, 4.20230581362e-18, 2.80486605959e-18, 4.4762593471e-18, 6.45640358851e-18, 6.92975066301e-18, 7.76935346041e-18, 9.09575328907e-18, 1.0076420573e-17, 9.3673795499e-18, 1.21421957922e-17, 1.20750733942e-17, 1.00766827893e-17, 1.18716887067e-17, 1.12526854661e-17, 8.28787741765e-18, 6.82694038467e-18, 4.29427589003e-18, 2.48820084839e-18, 9.26346746699e-19, 2.70927138114e-19, 2.88101482044e-20], "dvar2": [0.146530881524, 3.79702305794, 68.0992736816, 84.6189041138, 161.147140503, 174.789276123, 187.433624268, 270.217498779, 2380.48144531, 30528.3222656, 4284.94921875, 17639.5683594, 751.135314941, 1374.3034668, 759.062988281, 7886.66259766, 1056.9765625, 2898.22192383, 15639.6064453, 1174.79321289, 1510.40991211, 3122.80883789, 2429.58447266, 1452.74511719, 1637.84338379, 547.051452637, 797.635742188, 682.437683105, 176.41619873, 47.9971656799, 9.53598213196, 5.46922302246, 2.21027064323, 0.760811269283, 0.19240796566, 0.0331319570541, 0.00153645628598, 5.18204215041e-05, 3.41539788451e-07, 6.97355284629e-10], "dvar": [0.0629869550467, 1.58524119854, 25.3417472839, 32.1686401367, 69.3509979248, 77.1605758667, 78.7814254761, 104.953544617, 868.97076416, 10901.4179688, 2036.75061035, 10014.7226562, 332.275238037, 576.624511719, 334.164306641, 3441.58764648, 458.598815918, 1271.64477539, 7642.75976562, 510.758728027, 688.654968262, 1749.32019043, 862.898803711, 588.895263672, 699.95111084, 210.298324585, 293.26550293, 255.676544189, 66.1279907227, 17.192035675, 3.64587545395, 1.99298882484, 0.800702154636, 0.274775028229, 0.0719344094396, 0.0129141937941, 0.000614189193584, 2.0612271328e-05, 1.30929123543e-07, 3.00762303951e-10], "dmean": [0.0818773880601, 0.477209627628, 1.71012830734, 2.33762598038, 4.31052303314, 4.1165933609, 4.75892925262, 5.232234478, 10.954826355, 25.7734565735, 16.4312000275, 24.4731712341, 10.6769800186, 11.4250841141, 9.72462272644, 23.0396652222, 8.78058815002, 13.7585935593, 33.9280815125, 11.8739233017, 12.264175415, 16.1409034729, 14.637638092, 14.3132295609, 14.8721036911, 7.01156282425, 6.47693061829, 7.05761766434, 4.09307813644, 1.78601408005, 0.962581634521, 0.588228046894, 0.323939472437, 0.205221191049, 0.103072054684, 0.0415851436555, 0.0092486506328, 0.00154002767522, 0.000102694400994, 1.06230882011e-05], "max": [3.3637752533, 16.7084255219, 49.6772956848, 75.7977981567, 169.752609253, 243.611526489, 240.453384399, 162.627288818, 322.653259277, 1091.21142578, 867.58404541, 2582.12255859, 372.674926758, 540.027038574, 318.622314453, 1101.37194824, 516.103210449, 853.983093262, 1289.78894043, 283.274841309, 622.201660156, 1453.58325195, 300.949462891, 385.992797852, 650.131774902, 263.09487915, 286.687011719, 346.280853271, 154.211044312, 52.6862983704, 22.9278411865, 20.7713508606, 15.8367166519, 6.9218711853, 5.02516651154, 2.88126087189, 0.709711790085, 0.128346830606, 0.0101764183491, 0.000263991532847], "var": [0.0671602264047, 2.08667635918, 23.4017448425, 42.4702415466, 162.3956604, 229.332290649, 202.53263855, 195.405014038, 767.191772461, 7442.81640625, 6663.30957031, 31316.9785156, 884.606811523, 982.682556152, 1252.14001465, 14616.5390625, 923.304016113, 3941.52416992, 30335.2636719, 1620.77587891, 1552.94641113, 4502.22558594, 1120.62365723, 1782.91589355, 1742.83312988, 247.242477417, 257.122558594, 349.687286377, 102.094482422, 12.9488382339, 4.14770460129, 1.67754256725, 0.618163943291, 0.222335010767, 0.069717310369, 0.0141270533204, 0.000828104326501, 2.9677641578e-05, 1.74535628616e-07, 5.66840241412e-10], "mean": [0.0950907990336, 0.743306100368, 2.37326622009, 3.68333935738, 7.56859254837, 8.87456130981, 8.99732494354, 8.57623004913, 14.4777622223, 24.9092941284, 31.5600891113, 45.7028007507, 21.0780792236, 19.6766395569, 23.0927734375, 53.6989212036, 16.1754951477, 25.6880302429, 71.9151763916, 23.8296051025, 20.9905796051, 26.7582798004, 22.0836029053, 28.356256485, 28.483581543, 11.9150505066, 10.5087013245, 13.022269249, 7.49278593063, 2.50818586349, 1.69719278812, 0.86844176054, 0.436195373535, 0.27499961853, 0.13601359725, 0.0545574948192, 0.0133138457313, 0.0020609125495, 0.000123320744024, 2.94968358503e-05]}, "spectral_strongpeak": {"dmean2": 1.30317986012, "median": 0.712894916534, "min": 0, "dvar2": 4.13548135757, "dvar": 1.84132385254, "dmean": 0.778388142586, "max": 14.2929315567, "var": 4.0949177742, "mean": 1.56275117397}, "spectral_energy": {"dmean2": 0.0118867009878, "median": 0.0175694469362, "min": 9.9943806706e-21, "dvar2": 0.000332124036504, "dvar": 0.000149315790622, "dmean": 0.00778413936496, "max": 0.124760769308, "var": 0.000312636460876, "mean": 0.0221380051225}, "average_loudness": 0.915621161461, "spectral_rolloff": {"dmean2": 826.916809082, "median": 1744.18945312, "min": 64.599609375, "dvar2": 1099181.875, "dvar": 515477.78125, "dmean": 498.964324951, "max": 19832.0800781, "var": 3362575.75, "mean": 1920.16259766}, "spectral_centroid": {"dmean2": 435.966064453, "median": 1750.1550293, "min": 198.815170288, "dvar2": 210956.40625, "dvar": 97569.1875, "dmean": 280.403900146, "max": 11605.0175781, "var": 961734, "mean": 1790.72888184}, "pitch_salience": {"dmean2": 0.113054960966, "median": 0.502045035362, "min": 0.0727912634611, "dvar2": 0.0109139196575, "dvar": 0.00479184882715, "dmean": 0.0712362602353, "max": 0.947931051254, "var": 0.0150289842859, "mean": 0.499288290739}, "spectral_energyband_middle_high": {"dmean2": 0.0030416410882, "median": 0.0043706917204, "min": 1.20771014957e-21, "dvar2": 1.72988111444e-05, "dvar": 7.94497555034e-06, "dmean": 0.0019858290907, "max": 0.0368618108332, "var": 3.39967227774e-05, "mean": 0.00617683958262}, "spectral_contrast_coeffs": {"dmean2": [0.0855703949928, 0.0813299939036, 0.066568121314, 0.0539803095162, 0.0429295003414, 0.030031548813], "median": [-0.605673730373, -0.736377477646, -0.75497341156, -0.766158938408, -0.765822291374, -0.716940164566], "min": [-0.975303888321, -0.977526724339, -0.97834777832, -0.970161616802, -0.967528581619, -0.964715123177], "dvar2": [0.00483200885355, 0.00445496896282, 0.00313769094646, 0.00208637258038, 0.00144550285768, 0.00078798411414], "dvar": [0.00207054428756, 0.00185097183567, 0.00133490248118, 0.000979326665401, 0.000603364605922, 0.000332951487508], "dmean": [0.0534192174673, 0.0498314425349, 0.0414170362055, 0.0346318781376, 0.0269802827388, 0.0190056879073], "max": [-0.261433899403, -0.29163056612, -0.343383014202, -0.478581011295, -0.544987738132, -0.499560058117], "var": [0.0126072522253, 0.00781052932143, 0.00602655718103, 0.00544599676505, 0.00306640635245, 0.00283706001937], "mean": [-0.606666445732, -0.72724711895, -0.750456750393, -0.757109165192, -0.76440268755, -0.717675209045]}, "melbands_skewness": {"dmean2": 1.02808308601, "median": 1.91682612896, "min": -2.31864237785, "dvar2": 1.36408603191, "dvar": 0.654942631721, "dmean": 0.679332911968, "max": 12.4844846725, "var": 2.52177810669, "mean": 2.20917439461}, "spectral_spread": {"dmean2": 614021.25, "median": 4015316.75, "min": 1607689.125, "dvar2": 722703220736, "dvar": 327508918272, "dmean": 383809.5625, "max": 41993412, "var": 9511878262780.0, "mean": 4386726}, "dissonance": {"dmean2": 0.02912241593, "median": 0.472924381495, "min": 0.2495290488, "dvar2": 0.00074227200821, "dvar": 0.000284053210635, "dmean": 0.0172813087702, "max": 0.499999880791, "var": 0.000587201851886, "mean": 0.467073321342}, "spectral_skewness": {"dmean2": 0.309325575829, "median": 1.19126975536, "min": -0.0596648454666, "dvar2": 0.0955292880535, "dvar": 0.0342677682638, "dmean": 0.183003112674, "max": 4.281457901, "var": 0.114105887711, "mean": 1.22422730923}, "spectral_flux": {"dmean2": 0.0448260270059, "median": 0.0646495595574, "min": 6.46033296303e-11, "dvar2": 0.00268503697589, "dvar": 0.00123075360898, "dmean": 0.0289889648557, "max": 0.318730264902, "var": 0.00248275580816, "mean": 0.076142936945}, "spectral_contrast_valleys": {"dmean2": [0.825539290905, 0.702674746513, 0.603098750114, 0.562581777573, 0.51012301445, 0.517562627792], "median": [-7.92781066895, -6.87545442581, -7.38685655594, -7.94684505463, -7.50021219254, -10.3841085434], "min": [-28.5283241272, -28.2861614227, -27.7463912964, -27.770740509, -27.5913543701, -27.382440567], "dvar2": [0.553149282932, 0.431343883276, 0.314437806606, 0.328827083111, 0.362611621618, 0.497919201851], "dvar": [0.281652271748, 0.199884727597, 0.161044389009, 0.176435962319, 0.177969813347, 0.21784645319], "dmean": [0.531751275063, 0.443511396646, 0.389731019735, 0.378264069557, 0.346333563328, 0.356728434563], "max": [-5.1705737114, -4.34334039688, -5.30265712738, -5.54487895966, -5.57151126862, -8.148645401], "var": [5.10054302216, 4.59528303146, 4.42505598068, 4.26946973801, 4.40262794495, 3.58634638786], "mean": [-8.26215934753, -7.2252202034, -7.7174577713, -8.1845407486, -7.80493116379, -10.7099924088]}, "erbbands_flatness_db": {"dmean2": 0.0295963492244, "median": 0.173326030374, "min": 0.0238066092134, "dvar2": 0.000954519724473, "dvar": 0.00049196544569, "dmean": 0.0200552009046, "max": 0.414032161236, "var": 0.00241411686875, "mean": 0.178352922201}, "spectral_energyband_high": {"dmean2": 0.00061378715327, "median": 0.000509463890921, "min": 7.17428285551e-21, "dvar2": 2.16792705032e-06, "dvar": 7.90703666098e-07, "dmean": 0.000373776972992, "max": 0.0167721249163, "var": 7.71708869252e-07, "mean": 0.000733127933927}, "spectral_entropy": {"dmean2": 0.278525143862, "median": 7.55495977402, "min": 4.78736114502, "dvar2": 0.0980236530304, "dvar": 0.0452116280794, "dmean": 0.186821177602, "max": 9.8253030777, "var": 0.208184614778, "mean": 7.50197649002}, "silence_rate_20dB": {"dmean2": 0, "median": 1, "min": 1, "dvar2": 0, "dvar": 0, "dmean": 0, "max": 1, "var": 0, "mean": 1}, "melbands_flatness_db": {"dmean2": 0.0377307459712, "median": 0.173698827624, "min": 0.00347374216653, "dvar2": 0.00149096734822, "dvar": 0.000735960260499, "dmean": 0.0253348276019, "max": 0.509308516979, "var": 0.00397811084986, "mean": 0.182144641876}, "barkbands": {"dmean2": [0.000287735107122, 0.00328275980428, 0.00270105409436, 0.00147479295265, 0.00211512832902, 0.000973210728262, 0.00240489211865, 0.00108691945206, 0.0014030886814, 0.000538923428394, 0.000394250266254, 0.000808493816294, 0.000273359444691, 0.000582464970648, 0.000895753852092, 0.000308851536829, 0.000489266007207, 0.000460132519947, 0.000496919848956, 0.000301831430988, 0.000280870095594, 0.000214564352063, 5.83044493396e-05, 3.8565005525e-05, 2.68292606052e-05, 1.01782716229e-05, 1.09290476757e-06], "median": [3.00860324387e-06, 0.000184719974641, 0.000425675243605, 0.00036940939026, 0.00132648996077, 0.00051127828192, 0.000421251141233, 0.00029010506114, 0.000279913889244, 0.000278877676465, 0.000116454619274, 0.000258682353888, 8.63574532559e-05, 0.000100890181784, 0.000181063092896, 7.73564752308e-05, 0.000149373576278, 0.000165358607774, 0.000280326756183, 0.000128916261019, 0.000171942971065, 9.76219889708e-05, 3.77695723728e-05, 1.63167533174e-05, 9.21844093682e-06, 2.42961687036e-06, 8.12644671555e-08], "min": [1.03167317932e-24, 1.64839250628e-24, 1.02184791674e-24, 1.58430761571e-24, 1.67529696244e-23, 8.6852654809e-24, 1.05107180146e-23, 1.07849039771e-23, 1.68340945022e-23, 1.49935510594e-23, 1.64658147886e-23, 3.23185016381e-23, 4.70280533053e-23, 2.92682447303e-23, 6.3147362519e-23, 2.54892034084e-23, 5.93819779571e-23, 9.22112701867e-23, 1.30086394445e-22, 1.91930880604e-22, 2.42478777626e-22, 3.63923977093e-22, 3.79027571094e-22, 6.29762226166e-22, 8.74854468416e-22, 1.41381564895e-21, 1.96454143401e-21], "dvar2": [6.59406168779e-07, 7.17268776498e-05, 5.78654871788e-05, 1.01471468952e-05, 1.38841123771e-05, 2.71549220088e-06, 6.14236050751e-05, 8.06607567938e-06, 2.24970663112e-05, 7.27425117475e-07, 7.92370201452e-07, 3.36900643561e-06, 4.44890986273e-07, 2.86560816676e-06, 5.22731670571e-06, 4.14299705653e-07, 1.238409709e-06, 8.29892655929e-07, 6.22024572294e-07, 4.49669215641e-07, 4.65867145749e-07, 1.58730856015e-07, 1.37990268101e-08, 9.74286340494e-09, 5.06787101173e-09, 8.03415056705e-10, 1.28619632306e-11], "dvar": [2.83650052779e-07, 3.35739387083e-05, 2.12883387576e-05, 4.21299864684e-06, 5.86093756283e-06, 1.09209702259e-06, 2.25561780098e-05, 3.39078269462e-06, 1.29661120809e-05, 3.27250944565e-07, 3.42295237488e-07, 1.44864759477e-06, 1.89895970948e-07, 1.21394066355e-06, 2.43172166847e-06, 1.84368829537e-07, 6.73440126775e-07, 3.07997936488e-07, 2.63933685574e-07, 1.77144343638e-07, 1.70522113763e-07, 6.49566302968e-08, 5.2115591842e-09, 3.54234952482e-09, 1.84573578643e-09, 3.19783866054e-10, 4.91696223667e-12], "dmean": [0.000178162750672, 0.00218776171096, 0.0015567910159, 0.000888156297151, 0.00132692768238, 0.000591490417719, 0.00139308709186, 0.000659928948153, 0.000938540848438, 0.000345155625837, 0.000258128624409, 0.000516699219588, 0.000169982464286, 0.000368804176105, 0.0005781185464, 0.00019648601301, 0.0003207072441, 0.000277700746665, 0.000310676579829, 0.000184753895155, 0.000167493111803, 0.000129113148432, 3.54326693923e-05, 2.29801862588e-05, 1.64714347193e-05, 6.50742140351e-06, 6.50698950722e-07], "max": [0.00708634313196, 0.0707453042269, 0.0519101992249, 0.038213416934, 0.0488108880818, 0.0176149439067, 0.0475976020098, 0.0318263061345, 0.091406725347, 0.014071656391, 0.0115038659424, 0.0216539371759, 0.00931182783097, 0.0202840380371, 0.0227787345648, 0.00858817715198, 0.0249776951969, 0.00839658360928, 0.0105514060706, 0.00914963148534, 0.00725623499602, 0.00594695704058, 0.00108751701191, 0.0010056787869, 0.000612732837908, 0.000431834108895, 6.21834115009e-05], "var": [2.89213829774e-07, 4.79849768453e-05, 1.92458082893e-05, 7.92578157416e-06, 1.61969819601e-05, 2.3490285912e-06, 1.7204463802e-05, 6.32038472759e-06, 4.40687399532e-05, 8.37157017486e-07, 7.95964069766e-07, 6.67121867082e-06, 3.26355888092e-07, 2.38962820731e-06, 9.37546519708e-06, 4.69231309808e-07, 1.65513063166e-06, 4.39403009977e-07, 6.51732079859e-07, 2.19018488679e-07, 1.5688989663e-07, 1.43373469541e-07, 5.41874189963e-09, 2.84879009271e-09, 1.57008528401e-09, 3.95413563004e-10, 6.70874770667e-12], "mean": [0.000173891981831, 0.0033133465331, 0.00207821489312, 0.00139520829543, 0.00279634608887, 0.00103710207622