{"tonal": {"thpcp": [1, 0.822951555252, 0.487847417593, 0.395924121141, 0.19880142808, 0.0776517093182, 0.0497284941375, 0.0306583624333, 0.224918171763, 0.493916898966, 0.399221926928, 0.167819440365, 0.0789040103555, 0.102548964322, 0.437509119511, 0.638334751129, 0.387495785952, 0.242881461978, 0.298611819744, 0.194968804717, 0.170528352261, 0.321844905615, 0.242494061589, 0.252186834812, 0.463780611753, 0.36029624939, 0.123023413122, 0.0458170436323, 0.0520704388618, 0.497264891863, 0.982579886913, 0.670348405838, 0.190781340003, 0.106031037867, 0.14868119359, 0.515531003475], "hpcp": {"dmean2": [0.0144689967856, 0.0123471925035, 0.0557317994535, 0.0971344411373, 0.0898225829005, 0.0579401031137, 0.0289295669645, 0.0372757837176, 0.0874089151621, 0.135277032852, 0.119395561516, 0.0864438936114, 0.0876734182239, 0.0698658078909, 0.0523790866137, 0.084767088294, 0.0730881839991, 0.0705874487758, 0.101305104792, 0.0844668447971, 0.0357104279101, 0.0200104415417, 0.0258795805275, 0.0991676226258, 0.125025272369, 0.143202021718, 0.0576414614916, 0.0187108032405, 0.0437809452415, 0.154352083802, 0.232555091381, 0.170129567385, 0.0975321903825, 0.104738228023, 0.064536832273, 0.0244770906866], "median": [0.00221685064025, 0.00209649419412, 0.010657293722, 0.0326484702528, 0.0291775874794, 0.00943935103714, 0.00170514429919, 0.00177967222407, 0.019877249375, 0.0516251251101, 0.0411071516573, 0.00416996749118, 0.00159277988132, 0.00240764138289, 0.0155837815255, 0.0163740869612, 0.0141540663317, 0.0123782493174, 0.014760311693, 0.0146562689915, 0.00241277273744, 0.000715869129635, 0.00204556598328, 0.0192643497139, 0.0840030387044, 0.0743476003408, 0.00736127560958, 0.00164090038743, 0.00491217756644, 0.0813314840198, 0.20990370214, 0.137223929167, 0.032406039536, 0.0114555805922, 0.00793698523194, 0.00509028043598], "min": [0, 0, 0, 0, 0, 0, 0, 0, 0, 0, 0, 0, 0, 0, 0, 0, 0, 0, 0, 0, 0, 0, 0, 0, 0, 0, 0, 0, 0, 0, 0, 0, 0, 0, 0, 0], "dvar2": [0.00234242668375, 0.00144550902769, 0.0154257724062, 0.0361619740725, 0.0314416773617, 0.0201647654176, 0.010672907345, 0.0104755833745, 0.0259685218334, 0.0512435361743, 0.0374384187162, 0.0363506861031, 0.0476583428681, 0.0276541560888, 0.0090160947293, 0.0327645130455, 0.0237083714455, 0.0226604919881, 0.0396356917918, 0.0312873646617, 0.00668343668804, 0.00711773987859, 0.00476675946265, 0.0329811386764, 0.0501391403377, 0.0568683966994, 0.0205296371132, 0.00788832455873, 0.0105137797073, 0.0495719760656, 0.0775254890323, 0.0519240759313, 0.0355110727251, 0.0418856739998, 0.0250006355345, 0.00663497624919], "dvar": [0.00112576840911, 0.000529024808202, 0.00623533828184, 0.015172294341, 0.0123717868701, 0.00731999240816, 0.00382507359609, 0.00390160875395, 0.0112115293741, 0.021413333714, 0.0146426772699, 0.0144441900775, 0.0197017490864, 0.0113031892106, 0.00376010732725, 0.0129892816767, 0.00980050396174, 0.00897034723312, 0.0167077612132, 0.013123318553, 0.00252596940845, 0.00287270219997, 0.00177081651054, 0.0133457360789, 0.0212500616908, 0.0219990629703, 0.00780845526606, 0.00273665529676, 0.0042690448463, 0.0195647925138, 0.0328859202564, 0.0209698714316, 0.0144785912707, 0.0164675358683, 0.00931437779218, 0.00263934116811], "dmean": [0.00942536164075, 0.00747703341767, 0.0348221994936, 0.060778401792, 0.0553066655993, 0.0345896370709, 0.016933042556, 0.0228170752525, 0.0551383718848, 0.084023937583, 0.0735348239541, 0.0534041970968, 0.0527401939034, 0.0436361841857, 0.032729960978, 0.0525205507874, 0.0462810285389, 0.044111520052, 0.0627325028181, 0.0520951375365, 0.0215384811163, 0.0118756014854, 0.0151707921177, 0.0632598474622, 0.078038007021, 0.0878839716315, 0.035246796906, 0.01092813164, 0.026033770293, 0.0937546566129, 0.141169041395, 0.103357568383, 0.0590719394386, 0.0641367584467, 0.0391579195857, 0.0154281398281], "max": [0.886875391006, 0.442960232496, 1, 1, 1, 1, 1, 1, 1, 1, 1, 1, 1, 1, 1, 1, 1, 1, 1, 1, 1, 1, 0.723981678486, 1, 1, 1, 1, 1, 1, 1, 1, 1, 1, 1, 1, 1], "var": [0.00377558893524, 0.000528249831405, 0.0248227287084, 0.083089902997, 0.0583823919296, 0.016747109592, 0.00694920821115, 0.00856133457273, 0.0718256980181, 0.102036215365, 0.0401973202825, 0.031570494175, 0.0614667199552, 0.0263060517609, 0.0128461550921, 0.0470830835402, 0.0253593493253, 0.0285236332566, 0.0778444632888, 0.06126126647, 0.00960353948176, 0.00349651812576, 0.00218869186938, 0.0681927502155, 0.16569121182, 0.0869309827685, 0.0252079386264, 0.0243957359344, 0.0253238473088, 0.0544780232012, 0.118745557964, 0.106591783464, 0.0820753127337, 0.056917835027, 0.0257999580353, 0.00680007366464], "mean": [0.0171057712287, 0.0105459643528, 0.0773680955172, 0.16989916563, 0.137325674295, 0.0577270835638, 0.0271416604519, 0.035275131464, 0.150495827198, 0.219576492906, 0.133292078972, 0.08354716748, 0.102717481554, 0.067066013813, 0.058658901602, 0.110709272325, 0.0834139063954, 0.0867480561137, 0.159532785416, 0.123935885727, 0.0423179976642, 0.0157602969557, 0.0179113615304, 0.171050816774, 0.337991058826, 0.230588644743, 0.0656255930662, 0.0364729054272, 0.0511438474059, 0.177334055305, 0.34398329258, 0.283081591129, 0.167811363935, 0.136191278696, 0.0683843716979, 0.0267108902335]}, "tuning_equal_tempered_deviation": 0.0778052359819, "chords_changes_rate": 0.0417378097773, "key_key": "F", "tuning_diatonic_strength": 0.47529822588, "key_scale": "minor", "chords_number_rate": 0.00303547712974, "tuning_frequency": 442.03793335, "tuning_nontempered_energy_ratio": 0.75736117363, "chords_histogram": [13.6786184311, 1.02447354794, 6.3175868988, 7.68355131149, 4.47732877731, 11.9332199097, 0.208689048886, 1.38493645191, 0, 20.5274143219, 1.5746537447, 1.74539935589, 0.948586583138, 0, 4.91367864609, 0, 0, 0, 0.113830395043, 5.23619794846, 4.11686563492, 3.75640296936, 2.94061851501, 7.41794729233], "key_strength": 0.628521323204, "chords_key": "C", "chords_strength": {"dmean2": 0.00579062895849, "median": 0.460320293903, "min": 0.238804683089, "dvar2": 3.37724086421e-05, "dvar": 2.928642607e-05, "dmean": 0.00593611784279, "max": 0.735740065575, "var": 0.0103639019653, "mean": 0.469136625528}, "chords_scale": "major", "hpcp_entropy": {"dmean2": 0.825977802277, "median": 1.81009149551, "min": 0, "dvar2": 0.432225555182, "dvar": 0.159172832966, "dmean": 0.48128798604, "max": 3.85758376122, "var": 0.370544701815, "mean": 1.79913341999}}, "metadata": {"audio_properties": {"equal_loudness": 0, "codec": "flac", "downmix": "mix", "sample_rate": 44100, "analysis_sample_rate": 44100, "bit_rate": 0, "md5_encoded": "8798077870ea1f54e15f66b7fd5f75db", "length": 244.706665039, "replay_gain": -5.95218276978, "lossless": true}, "version": {"essentia_build_sha": "70f2e5ece6736b2c40cc944ad0e695b16b925413", "essentia": "2.1-beta2", "extractor": "music 1.0", "essentia_git_sha": "v2.1_beta2"}, "tags": {"title": ["Teeth"], "barcode": ["4050486040775"], "media": ["12\" Vinyl"], "albumartist": ["Nils Frahm & Anne M\u00fcller"], "tracktotal": ["9"], "musicbrainz_releasegroupid": ["87eb15c6-eabd-4b1c-b725-b7bd733017c1"], "releasetype": ["album"], "musicbrainz_recordingid": ["0fde797a-c423-469a-bcd0-30689735ff82"], "musicbrainz_albumartistid": ["d03a54bc-6e07-4c04-a8d4-7fbf2bd07a01", "4b20e591-d043-4c0a-bea2-a11eda6d7f73"], "discnumber": ["1"], "totaldiscs": ["1"], "album": ["7fingers"], "catalognumber": ["ERATP028LP"], "releasecountry": ["XE"], "file_name": "01. Teeth.flac", "originaldate": ["2010-07-13"], "albumartistsort": ["Frahm, Nils & M\u00fcller, Anne"], "date": ["2011-03-14"], "genre": ["Hush Records"], "disctotal": ["1"], "musicbrainz_artistid": ["d03a54bc-6e07-4c04-a8d4-7fbf2bd07a01", "4b20e591-d043-4c0a-bea2-a11eda6d7f73"], "asin": ["B004LR5JHW"], "musicbrainz_albumid": ["e685c7dc-8d5a-4dd5-96c0-2155fe56fbad"], "tracknumber": ["1"], "artistsort": ["Frahm, Nils & M\u00fcller, Anne"], "artist": ["Nils Frahm & Anne M\u00fcller"], "label": ["Erased Tapes Records"], "releasestatus": ["official"], "acoustid_id": ["a2642b75-9d1e-412e-af0b-e8574dd9b209"], "script": ["Latn"], "totaltracks": ["9"]}}, "rhythm": {"bpm_histogram_first_peak_bpm": {"dmean2": 0, "median": 152, "min": 152, "dvar2": 0, "dvar": 0, "dmean": 0, "max": 152, "var": 0, "mean": 152}, "bpm": 152.517150879, "bpm_histogram_second_peak_spread": {"dmean2": 0, "median": 0.397727251053, "min": 0.397727251053, "dvar2": 0, "dvar": 0, "dmean": 0, "max": 0.397727251053, "var": 0, "mean": 0.397727251053}, "bpm_histogram_first_peak_weight": {"dmean2": 0, "median": 0.132958799601, "min": 0.132958799601, "dvar2": 0, "dvar": 0, "dmean": 0, "max": 0.132958799601, "var": 0, "mean": 0.132958799601}, "onset_rate": 0.666049063206, "beats_position": [0.406349211931, 0.824308395386, 1.24226760864, 1.66022670269, 2.07818579674, 2.49614500999, 2.91410422325, 3.33206343651, 3.73841261864, 4.13315200806, 4.52789115906, 4.91102027893, 5.30575942993, 5.71210861206, 6.10684776306, 6.5015873909, 6.8963265419, 7.30267572403, 7.75546455383, 8.20825386047, 8.66104316711, 9.0906124115, 9.52018165588, 9.94974994659, 10.379319191, 10.7972784042, 11.2152376175, 11.6331968307, 12.0395460129, 12.445895195, 12.8638544083, 13.2818136215, 13.6301136017, 13.9784126282, 14.3267116547, 14.6866207123, 15.0465307236, 15.3948297501, 15.7431287766, 16.0914287567, 16.4397277832, 16.7880268097, 17.1363258362, 17.4846248627, 17.8213157654, 18.1580047607, 18.5063037872, 18.8662128448, 19.2261219025, 19.5860309601, 19.9459400177, 20.2942390442, 20.6541500092, 21.0140590668, 21.3739681244, 21.733877182, 22.0937862396, 22.4536952972, 22.8136043549, 23.1619052887, 23.5218143463, 23.8701133728, 24.2184123993, 24.5667114258, 24.9150104523, 25.2633094788, 25.6232185364, 25.9831295013, 26.3546485901, 26.7145576477, 27.0628566742, 27.4111557007, 27.7594547272, 28.1077537537, 28.5024929047, 28.9088420868, 29.3035831451, 29.7099323273, 30.1162815094, 30.5110206604, 30.9057598114, 31.3004989624, 31.6952381134, 32.0667572021, 32.449886322, 32.8214035034, 33.204536438, 33.5876655579, 33.9707946777, 34.2958717346, 34.63256073, 34.9692497253, 35.2943305969, 35.6310195923, 35.9561004639, 36.269569397, 36.6062583923, 36.9429473877, 37.3492965698, 37.7440338135, 38.1387748718, 38.5219039917, 38.9050331116, 39.2881622314, 39.6712913513, 40.0544204712, 40.4375495911, 40.8090705872, 41.192199707, 41.5637168884, 41.9352378845, 42.3415870667, 42.7363243103, 43.1310653687, 43.5141944885, 43.9089317322, 44.3036727905, 44.7100219727, 45.1163711548, 45.5111083984, 45.9058494568, 46.3005905151, 46.6953277588, 47.0784568787, 47.4848060608, 47.8795471191, 48.2742843628, 48.6690254211, 49.0405426025, 49.4352836609, 49.8300209045, 50.2247619629, 50.6078910828, 50.9910202026, 51.3741493225, 51.7572784424, 52.152015686, 52.5467567444, 52.941493988, 53.3362350464, 53.73097229, 54.1257133484, 54.5204544067, 54.9035835266, 55.3563690186, 55.7975502014, 56.2503395081, 56.7031288147, 57.1675262451, 57.6319274902, 58.2008171082, 58.7697029114, 59.3502044678, 59.977142334, 60.6040802002, 61.2310180664, 61.8695678711, 62.5081176758, 63.1466636658, 63.7852134705, 64.4585952759, 65.1319732666, 65.8750076294, 66.6180496216, 67.3610839844, 68.115737915, 68.8936004639, 69.659866333, 70.4261245728, 71.1923828125, 71.8657608032, 72.5391387939, 73.2125167847, 73.8858947754, 74.5592727661, 75.2210388184, 75.859588623, 76.4865264893, 77.1134643555, 77.7171859741, 78.3209075928, 78.9942855835, 79.6676635742, 80.2713851929, 80.8750991821, 81.4788208008, 82.0360946655, 82.5933761597, 83.1506576538, 83.6963272095, 84.2419967651, 84.7876663208, 85.3333282471, 85.8789978027, 86.4246673584, 86.9587249756, 87.5043945312, 88.0500640869, 88.5957336426, 89.1414031982, 89.6174163818, 90.1050338745, 90.5810394287, 90.9873886108, 91.393737793, 91.8116989136, 92.2296600342, 92.6360092163, 93.0423583984, 93.460319519, 93.8666687012, 94.2730178833, 94.6793670654, 95.0973205566, 95.5501098633, 96.0028991699, 96.4440765381, 96.9317016602, 97.4077072144, 97.8837203979, 98.3597259521, 98.8357315063, 99.3233566284, 99.7297058105, 100.147659302, 100.565620422, 100.971969604, 101.378318787, 101.796279907, 102.214241028, 102.585754395, 102.957275391, 103.317184448, 103.677093506, 104.037002563, 104.40852356, 104.780044556, 105.163169861, 105.534690857, 105.906211853, 106.277732849, 106.649246216, 107.125259399, 107.601264954, 108.077278137, 108.553283691, 109.029296875, 109.505302429, 110.039360046, 110.585029602, 111.130699158, 111.664756775, 112.198822021, 112.732879639, 113.266937256, 113.800994873, 114.33505249, 114.753013611, 115.170974731, 115.588935852, 115.983673096, 116.378410339, 116.761543274, 117.144668579, 117.527801514, 117.922538757, 118.317276001, 118.712013245, 119.095146179, 119.478271484, 119.861404419, 120.256141663, 120.650878906, 121.034011841, 121.428749084, 121.811882019, 122.183395386, 122.543312073, 122.914825439, 123.274734497, 123.634643555, 123.994552612, 124.366073608, 124.737594604, 125.109115601, 125.480628967, 125.863761902, 126.246894836, 126.618408203, 126.989929199, 127.361450195, 127.732971191, 128.104492188, 128.476013184, 128.859130859, 129.242263794, 129.625396729, 130.008529663, 130.391647339, 130.774780273, 131.169525146, 131.575866699, 131.970611572, 132.353744507, 132.748474121, 133.143218994, 133.537963867, 133.921081543, 134.304214478, 134.698959351, 135.093688965, 135.488433838, 135.883178711, 136.277908325, 136.684265137, 137.032562256, 137.380859375, 137.717544556, 138.042633057, 138.379318237, 138.716003418, 139.052688599, 139.3777771, 139.760910034, 140.14402771, 140.527160645, 140.910293579, 141.305038452, 141.699768066, 142.094512939, 142.489242554, 142.883987427, 143.2787323, 143.673461914, 144.068206787, 144.497772217, 144.927337646, 145.356918335, 145.890975952, 146.436645508, 146.982315063, 147.516372681, 148.050430298, 148.584487915, 149.118545532, 149.652603149, 150.175048828, 150.697509766, 151.231567383, 151.835281372, 152.438995361, 153.042724609, 153.646438599, 154.250152588, 154.853881836, 155.469207764, 156.038085938, 156.595367432, 157.152648926, 157.70993042, 158.278823853, 158.836090088, 159.439819336, 160.043533325, 160.647247314, 161.239364624, 161.831466675, 162.423583984, 163.027297974, 163.631011963, 164.234741211, 164.8384552, 165.453781128, 166.080718994, 166.696044922, 167.311386108, 167.938323975, 168.553649902, 169.157363892, 169.749481201, 170.341583252, 170.898864746, 171.45614624, 172.013427734, 172.57069397, 173.127975464, 173.696868896, 174.242538452, 174.788208008, 175.345489502, 175.891159058, 176.436828613, 176.994094849, 177.551376343, 178.097045898, 178.654327393, 179.223220825, 179.792098999, 180.349380493, 180.906661987, 181.463943481, 182.021224976, 182.57850647, 183.042892456, 183.507293701, 183.971694946, 184.366439819, 184.761169434, 185.167526245, 185.573867798, 185.945388794, 186.31690979, 186.688430786, 187.071563721, 187.454696655, 187.84942627, 188.244171143, 188.638900757, 189.022033691, 189.405166626, 189.788299561, 190.171432495, 190.566162109, 190.949295044, 191.332427979, 191.703948975, 192.075454712, 192.446975708, 192.818496704, 193.271286011, 193.735687256, 194.200088501, 194.664489746, 195.094055176, 195.523620605, 195.953201294, 196.359542847, 196.765899658, 197.172241211, 197.578598022, 197.996551514, 198.402893066, 198.809249878, 199.215591431, 199.621948242, 200.028289795, 200.434646606, 200.829391479, 201.224121094, 201.618865967, 202.013595581, 202.385116577, 202.756637573, 203.139770508, 203.511291504, 203.8828125, 204.254333496, 204.625839233, 204.997360229, 205.380493164, 205.75201416, 206.123535156, 206.59954834, 207.087158203, 207.574783325, 208.166885376, 208.759002686, 209.351104736, 209.954818726, 210.558547974, 211.162261963, 211.765975952, 212.358093262, 212.985031128, 213.611968994, 214.15763855, 214.714920044, 215.272201538, 215.829467773, 216.386749268, 216.932418823, 217.478088379, 218.023757935, 218.56942749, 219.115097046, 219.660766602, 220.276092529, 220.891418457, 221.471923828, 222.052429199, 222.632919312, 223.190200806, 223.7474823, 224.304763794, 224.85043335, 225.396102905, 225.941757202, 226.487426758, 227.033096313, 227.590377808, 228.15927124, 228.716552734, 229.204162598, 229.69178772, 230.179412842, 230.678634644, 231.177871704, 231.677093506, 232.176315308, 232.66394043, 233.151565552, 233.639175415, 234.126800537, 234.602813721, 235.090423584, 235.589660645, 236.088882446, 236.541671753, 236.99446106, 237.447250366, 237.865203857, 238.283172607, 238.701126099, 239.119094849, 239.53704834, 239.955001831, 240.372970581, 240.802536011, 241.23210144, 241.673278809, 242.102859497, 242.544036865, 242.973602295, 243.414779663, 243.844345093], "beats_loudness": {"dmean2": 0.0110813258216, "median": 0.00829034205526, "min": 3.96232735511e-09, "dvar2": 0.000193776082597, "dvar": 6.78209689795e-05, "dmean": 0.00654014758766, "max": 0.0778739601374, "var": 0.000250261684414, "mean": 0.014729927294}, "danceability": 0.822917819023, "bpm_histogram_second_peak_weight": {"dmean2": 0, "median": 0.0992509350181, "min": 0.0992509350181, "dvar2": 0, "dvar": 0, "dmean": 0, "max": 0.0992509350181, "var": 0, "mean": 0.0992509350181}, "beats_count": 535, "bpm_histogram_second_peak_bpm": {"dmean2": 0, "median": 157, "min": 157, "dvar2": 0, "dvar": 0, "dmean": 0, "max": 157, "var": 0, "mean": 157}, "bpm_histogram_first_peak_spread": {"dmean2": 0, "median": 0.342592597008, "min": 0.342592597008, "dvar2": 0, "dvar": 0, "dmean": 0, "max": 0.342592597008, "var": 0, "mean": 0.342592597008}, "beats_loudness_band_ratio": {"dmean2": [0.0169540457428, 0.165346667171, 0.206654533744, 0.206917539239, 0.201055139303, 0.0561141520739], "median": [0.000628470617812, 0.118668153882, 0.123866476119, 0.205202326179, 0.17254807055, 0.0213208682835], "min": [1.61691750691e-05, 2.8098020266e-06, 5.43021706108e-05, 0.000350446498487, 0.000161157018738, 2.35425868595e-05], "dvar2": [0.00561009487137, 0.0529165156186, 0.054430950433, 0.0406718999147, 0.0474439784884, 0.0124707510695], "dvar": [0.00215514679439, 0.0187178403139, 0.0182520989329, 0.0146962245926, 0.0169093422592, 0.00541099766269], "dmean": [0.0102836797014, 0.0988821834326, 0.118241116405, 0.121470965445, 0.116565793753, 0.0325884185731], "max": [0.806319773197, 0.931688725948, 0.816788673401, 0.967990040779, 0.977541863918, 0.977317094803], "var": [0.0105301747099, 0.0779435113072, 0.0431606061757, 0.0498699247837, 0.0673034712672, 0.0265024602413], "mean": [0.0228291638196, 0.241936683655, 0.203067675233, 0.266345500946, 0.280399113894, 0.0666967183352]}}, "lowlevel": {"barkbands_spread": {"dmean2": 3.41523456573, "median": 9.78959274292, "min": 0.0634643957019, "dvar2": 38.8647117615, "dvar": 14.3054828644, "dmean": 2.22438263893, "max": 145.999710083, "var": 132.066879272, "mean": 11.2701025009}, "melbands_spread": {"dmean2": 5.908182621, "median": 15.5018005371, "min": 0.403513491154, "dvar2": 63.3890190125, "dvar": 24.9267120361, "dmean": 3.86693882942, "max": 194.257781982, "var": 239.907730103, "mean": 17.9229564667}, "hfc": {"dmean2": 4.36119842529, "median": 10.1585359573, "min": 1.17439649064e-16, "dvar2": 42.6921539307, "dvar": 18.3913021088, "dmean": 2.91211342812, "max": 174.262771606, "var": 186.336639404, "mean": 14.3266057968}, "barkbands_kurtosis": {"dmean2": 11.9097442627, "median": 1.09094071388, "min": -1.87770938873, "dvar2": 2842.57495117, "dvar": 1192.5213623, "dmean": 7.54015350342, "max": 1690.94726562, "var": 2837.71289062, "mean": 11.8944034576}, "gfcc": {"mean": [-149.876419067, 46.632900238, -193.356994629, -13.4226589203, -55.4407539368, -8.06126022339, -40.807888031, 1.30898869038, -22.5912399292, 0.516277551651, -7.1307015419, 0.389209389687, -9.20968151093], "icov": [[0.000230738078244, -0.000368170120055, 0.000563283916563, -0.000677686242852, 0.000628756999504, -0.000196623936063, 0.000375765375793, -0.000580998545047, 0.000853391946293, -0.000686281826347, 0.000950673653278, -0.000637465738691, 0.000387183885323], [-0.000368170120055, 0.00173985178117, -0.00105031719431, 0.00211153947748, -0.00089937413577, 0.00144059688319, -0.000916742661502, 0.00176955608185, -0.00160587741993, 0.00178936077282, -0.00133289129008, 0.00148098333739, -0.00100615178235], [0.000563283916563, -0.00105031719431, 0.00228138896637, -0.00200467393734, 0.00144654267933, 1.97049594135e-05, 0.00039471584023, -0.000618658727035, 0.00240021152422, -0.00158619938884, 0.00283847469836, -0.00210942560807, 0.00189775670879], [-0.000677686242852, 0.00211153947748, -0.00200467393734, 0.00560041377321, -0.00299670337699, 0.000900584855117, -0.000178949150722, 0.000249876728049, -0.00058945157798, 0.00116275611799, -0.0023986028973, 0.00179176090751, -0.000763699354138], [0.000628756999504, -0.00089937413577, 0.00144654267933, -0.00299670337699, 0.00532865710557, -0.00207743328065, 9.64640348684e-05, -0.000299300649203, 0.00232239067554, -0.00118468829896, 0.00102650991175, -0.000702879275195, 0.000561705091968], [-0.000196623936063, 0.00144059688319, 1.97049594135e-05, 0.000900584855117, -0.00207743328065, 0.00684382393956, -0.00425942987204, 0.00374878942966, -0.0037206755951, 0.00110873940866, 0.000889455783181, 0.00204807310365, -0.00101699959487], [0.000375765375793, -0.000916742661502, 0.00039471584023, -0.000178949150722, 9.64640348684e-05, -0.00425942987204, 0.0100986156613, -0.00724711921066, 0.00405724393204, -0.00158974574879, 0.00114436529111, 0.000397117575631, -0.000273879530141], [-0.000580998545047, 0.00176955608185, -0.000618658727035, 0.000249876728049, -0.000299300649203, 0.00374878942966, -0.00724711921066, 0.0126009900123, -0.00741844438016, 0.00599800795317, -0.0023626149632, 0.000427903956734, 0.00146102067083], [0.000853391946293, -0.00160587741993, 0.00240021152422, -0.00058945157798, 0.00232239067554, -0.0037206755951, 0.00405724393204, -0.00741844438016, 0.0137364584953, -0.00567735405639, 0.00362919713371, -0.00187329377513, 0.00277097360231], [-0.000686281826347, 0.00178936077282, -0.00158619938884, 0.00116275611799, -0.00118468829896, 0.00110873940866, -0.00158974574879, 0.00599800795317, -0.00567735405639, 0.0102950809523, -0.00631986698136, 0.00390053866431, -0.00146716332529], [0.000950673653278, -0.00133289129008, 0.00283847469836, -0.0023986028973, 0.00102650991175, 0.000889455783181, 0.00114436529111, -0.0023626149632, 0.00362919713371, -0.00631986698136, 0.0129019217566, -0.00726755755022, 0.00421977089718], [-0.000637465738691, 0.00148098333739, -0.00210942560807, 0.00179176090751, -0.000702879275195, 0.00204807310365, 0.000397117575631, 0.000427903956734, -0.00187329377513, 0.00390053866431, -0.00726755755022, 0.0119595462456, -0.00730415293947], [0.000387183885323, -0.00100615178235, 0.00189775670879, -0.000763699354138, 0.000561705091968, -0.00101699959487, -0.000273879530141, 0.00146102067083, 0.00277097360231, -0.00146716332529, 0.00421977089718, -0.00730415293947, 0.0091692302376]], "cov": [[23045.2558594, 2304.64550781, -2104.81396484, -78.1698074341, -2056.77490234, -1443.57763672, -844.12322998, 184.897720337, -499.060333252, -208.163253784, -281.274688721, 912.928466797, 594.293273926], [2304.64550781, 2839.19775391, 532.522460938, -914.600708008, -730.675109863, -823.688110352, -369.602111816, -288.030731201, -209.285293579, -275.266052246, -57.0381736755, 356.038513184, 345.165496826], [-2104.81396484, 532.522460938, 1713.33618164, 95.6284408569, -118.967384338, -382.309631348, -139.161651611, -164.015304565, -232.010559082, -68.9348602295, -11.1149597168, 131.527618408, -43.496181488], [-78.1698074341, -914.600708008, 95.6284408569, 694.105163574, 317.434967041, 163.901260376, 73.5358810425, 76.2478637695, -35.9175720215, 95.1270675659, 42.8475112915, -82.2909393311, -129.455657959], [-2056.77490234, -730.675109863, -118.967384338, 317.434967041, 664.107421875, 439.171875, 199.34161377, 3.54050850868, 54.9196090698, 92.5210266113, 5.39089393616, -210.452270508, -100.767166138], [-1443.57763672, -823.688110352, -382.309631348, 163.901260376, 439.171875, 727.10736084, 318.061157227, 82.2295379639, 188.12689209, 81.1290740967, -117.359321594, -334.858062744, -143.115539551], [-844.12322998, -369.602111816, -139.161651611, 73.5358810425, 199.34161377, 318.061157227, 336.971099854, 181.609985352, 93.5894927979, -25.7373180389, -72.3732833862, -184.438552856, -111.809158325], [184.897720337, -288.030731201, -164.015304565, 76.2478637695, 3.54050850868, 82.2295379639, 181.609985352, 319.614532471, 119.166976929, -79.4306106567, -31.9970340729, -84.943321228, -137.378067017], [-499.060333252, -209.285293579, -232.010559082, -35.9175720215, 54.9196090698, 188.12689209, 93.5894927979, 119.166976929, 227.918319702, 49.0923042297, -24.5086517334, -138.32019043, -115.483230591], [-208.163253784, -275.266052246, -68.9348602295, 95.1270675659, 92.5210266113, 81.1290740967, -25.7373180389, -79.4306106567, 49.0923042297, 248.159622192, 84.6777954102, -56.1057929993, -42.7976341248], [-281.274688721, -57.0381736755, -11.1149597168, 42.8475112915, 5.39089393616, -117.359321594, -72.3732833862, -31.9970340729, -24.5086517334, 84.6777954102, 222.313217163, 121.255905151, 16.3139305115], [912.928466797, 356.038513184, 131.527618408, -82.2909393311, -210.452270508, -334.858062744, -184.438552856, -84.943321228, -138.32019043, -56.1057929993, 121.255905151, 396.763366699, 243.299575806], [594.293273926, 345.165496826, -43.496181488, -129.455657959, -100.767166138, -143.115539551, -111.809158325, -137.378067017, -115.483230591, -42.7976341248, 16.3139305115, 243.299575806, 343.265167236]]}, "spectral_energyband_middle_low": {"dmean2": 0.00269173854031, "median": 0.00223693856969, "min": 2.74610129903e-22, "dvar2": 2.16323314817e-05, "dvar": 1.07661953734e-05, "dmean": 0.00196770974435, "max": 0.0922812744975, "var": 0.000157346818014, "mean": 0.00870439875871}, "melbands_crest": {"dmean2": 3.9612467289, "median": 16.4512367249, "min": 2.0897564888, "dvar2": 13.2136240005, "dvar": 5.57967710495, "dmean": 2.61443328857, "max": 36.7483406067, "var": 40.6058731079, "mean": 17.2769184113}, "spectral_kurtosis": {"dmean2": 6.7874417305, "median": 9.96235466003, "min": -1.12831366062, "dvar2": 54.0646781921, "dvar": 18.6224403381, "dmean": 3.92060995102, "max": 112.067611694, "var": 110.922660828, "mean": 13.0981435776}, "spectral_rms": {"dmean2": 0.000480415561469, "median": 0.00283953407779, "min": 3.2033321308e-12, "dvar2": 2.50605978636e-07, "dvar": 1.17554996848e-07, "dmean": 0.000337803270668, "max": 0.0096695786342, "var": 4.18552144765e-06, "mean": 0.00310742622241}, "zerocrossingrate": {"dmean2": 0.00672371359542, "median": 0.0654296875, "min": 0.0078125, "dvar2": 7.03173718648e-05, "dvar": 4.69505976071e-05, "dmean": 0.00534695526585, "max": 0.78662109375, "var": 0.00402112631127, "mean": 0.0728678703308}, "silence_rate_60dB": {"dmean2": 0.062630482018, "median": 0, "min": 0, "dvar2": 0.0695244222879, "dvar": 0.0303305201232, "dmean": 0.0313122682273, "max": 1, "var": 0.213943645358, "mean": 0.310151815414}, "erbbands_kurtosis": {"dmean2": 3.95270729065, "median": -0.124042510986, "min": -1.75368452072, "dvar2": 126.575027466, "dvar": 47.6141700745, "dmean": 2.46805477142, "max": 210.913299561, "var": 314.781341553, "mean": 4.67741060257}, "erbbands": {"dmean2": [0.000132209708681, 0.00181843375321, 0.00605707196519, 0.0199440103024, 0.257491499186, 4.3677277565, 6.52307033539, 7.9255156517, 6.50017738342, 9.77854061127, 10.7494773865, 5.01524496078, 41.6033668518, 13.0939741135, 11.2090444565, 23.4263954163, 16.0212669373, 26.278629303, 19.1197948456, 28.1543312073, 16.0837306976, 18.8492145538, 12.7380018234, 31.3936080933, 5.72761869431, 2.36031675339, 0.989881396294, 0.940738856792, 0.416771829128, 0.381939083338, 0.103398479521, 0.0939964875579, 0.0381276831031, 0.03600371629, 0.0114263053983, 0.00558985956013, 0.00131289940327, 0.000317723781336, 3.38754834956e-05, 4.91516721013e-06], "median": [1.68034312082e-05, 0.000235950370552, 0.000875837053172, 0.00263511110097, 0.0094634713605, 0.00645097438246, 0.0160415172577, 0.328754425049, 0.662828862667, 0.908684015274, 2.09412574768, 2.69861459732, 6.81498432159, 6.72424602509, 6.91631698608, 9.85224723816, 9.75310134888, 12.8658351898, 11.770275116, 12.3533039093, 8.70210075378, 6.9044084549, 6.57911634445, 10.163066864, 3.38454771042, 0.991546630859, 0.496702730656, 0.425870746374, 0.300916433334, 0.211473792791, 0.0762948617339, 0.0503592975438, 0.0258531942964, 0.0203611366451, 0.00842794403434, 0.00253370497376, 0.000651224225294, 0.000142521894304, 2.033846431e-05, 1.19450469356e-05], "min": [4.30004419121e-22, 6.26258401374e-21, 2.48098090581e-20, 2.04073373494e-20, 6.03865951724e-20, 1.47743233271e-19, 1.77458313835e-19, 6.35569496932e-19, 1.04375231675e-18, 4.94807500009e-19, 9.474961006e-19, 1.04171435051e-18, 1.86401056495e-18, 5.03079874821e-18, 2.30890758946e-18, 6.96714625773e-18, 4.81880931442e-18, 2.38891415267e-18, 3.55493813621e-18, 8.92294864166e-18, 8.84209173678e-18, 8.1090202897e-18, 9.77861735451e-18, 1.25598277029e-17, 1.82825047173e-17, 2.28686405331e-17, 2.10519864719e-17, 1.6529533637e-17, 1.72647780876e-17, 1.57022289474e-17, 1.90800722639e-17, 2.00910590261e-17, 1.30145288857e-17, 9.3895868678e-18, 6.31776935862e-18, 4.82891125765e-18, 2.97327465563e-18, 1.4292441248e-18, 3.50660085484e-19, 4.10581695292e-20], "dvar2": [1.65024928833e-07, 3.85786916013e-05, 0.000332737108693, 0.00922112353146, 1.11435031891, 296.003662109, 278.037017822, 419.388397217, 403.729156494, 673.990722656, 752.978149414, 114.531494141, 8665.84082031, 1789.13952637, 599.329956055, 2790.03320312, 971.54486084, 2970.11645508, 1450.60424805, 4876.55371094, 1261.81311035, 1764.64147949, 621.667114258, 6540.29150391, 365.889221191, 36.8025436401, 6.7356762886, 6.53339719772, 1.13816022873, 2.78291773796, 0.0687980279326, 0.203899219632, 0.00821921229362, 0.0146666094661, 0.00124652904924, 0.000294747092994, 1.07079404188e-05, 1.13728208362e-06, 1.31075541532e-08, 4.57052590219e-11], "dvar": [7.08545826456e-08, 2.11479873542e-05, 0.000174156884896, 0.00335465325043, 0.484110027552, 100.606697083, 112.183853149, 395.030303955, 130.019454956, 521.296875, 543.883117676, 65.6279983521, 3793.85107422, 735.701965332, 239.122741699, 1248.2779541, 511.946807861, 1485.69067383, 622.144958496, 2055.98950195, 547.751281738, 677.61151123, 261.655090332, 2442.59008789, 173.005813599, 14.9659786224, 3.03117108345, 3.04783654213, 0.730008482933, 1.20118021965, 0.0320483148098, 0.149025946856, 0.00463366927579, 0.00750389415771, 0.000638346537016, 0.000144339195685, 5.7427032516e-06, 5.81427741508e-07, 8.49347880916e-09, 2.30123472361e-11], "dmean": [8.55912439874e-05, 0.00132211204618, 0.00418593687937, 0.0118662659079, 0.161303013563, 2.60544323921, 4.27994251251, 7.87705850601, 4.07227039337, 8.3853302002, 9.25870227814, 3.64485001564, 27.4854259491, 9.49889945984, 7.44217586517, 15.7377948761, 11.1727790833, 17.567697525, 12.4230651855, 17.9939937592, 10.11439991, 11.5122776031, 7.91553115845, 18.909740448, 3.71082115173, 1.52176451683, 0.656253576279, 0.622164368629, 0.309101700783, 0.257759302855, 0.069786965847, 0.0720650330186, 0.0270203351974, 0.0252307709306, 0.00794941838831, 0.00367625919171, 0.000884890847374, 0.000218119588681, 2.34825238294e-05, 3.49019023815e-06], "max": [0.00719061726704, 0.169348075986, 0.367743313313, 2.26133370399, 26.3621559143, 220.996109009, 326.195739746, 1055.53564453, 305.404663086, 952.755554199, 734.960693359, 348.102203369, 1040.05895996, 962.711914062, 297.189453125, 932.020263672, 951.088256836, 1526.46337891, 478.126220703, 1450.51306152, 724.711120605, 999.813415527, 520.944824219, 2089.76513672, 1110.45349121, 116.001426697, 64.3180923462, 73.1353302002, 34.6402702332, 50.7738265991, 6.33114480972, 20.9668636322, 2.39772510529, 4.381524086, 1.39432108402, 0.414817273617, 0.0778327137232, 0.0321374312043, 0.00534566072747, 0.000127764549688], "var": [1.62904143508e-07, 6.26743203611e-05, 0.000566753558815, 0.00924598053098, 6.73761510849, 414.151367188, 862.317565918, 10255.4873047, 485.843170166, 2918.51367188, 2493.01367188, 253.335632324, 8362.33007812, 2073.71704102, 730.285705566, 2927.98071289, 2181.59106445, 6631.23193359, 2281.60400391, 9356.70214844, 2206.22192383, 2022.19812012, 785.405578613, 7398.32421875, 449.906066895, 63.5707588196, 14.3438940048, 16.1654148102, 3.31058502197, 3.00726866722, 0.131505787373, 0.440396249294, 0.0228766836226, 0.0211280398071, 0.00267707672901, 0.000702238758095, 3.83169717679e-05, 2.96732832794e-06, 3.67339758611e-08, 4.30029928333e-10], "mean": [0.000139972995385, 0.00235374644399, 0.00812005158514, 0.0295087061822, 0.672474145889, 6.36216497421, 14.1099185944, 43.1168136597, 11.258482933, 21.7233047485, 23.7642459869, 8.73770618439, 46.35729599, 23.0703163147, 16.6899108887, 29.9328479767, 25.1739025116, 37.9752731323, 28.5666503906, 40.0200805664, 23.1850242615, 24.85887146, 17.2703533173, 38.6753005981, 9.64587211609, 4.40129947662, 1.86249482632, 1.83869230747, 0.873964607716, 0.634805440903, 0.198555886745, 0.165791526437, 0.0800072029233, 0.0645197704434, 0.0254105143249, 0.0121485162526, 0.00317370146513, 0.000736700720154, 8.14938612166e-05, 1.97560930246e-05]}, "spectral_strongpeak": {"dmean2": 1.12603199482, "median": 1.43927931786, "min": 0, "dvar2": 2.51640844345, "dvar": 1.02236318588, "dmean": 0.698843359947, "max": 19.0324287415, "var": 3.58356738091, "mean": 1.95205056667}, "spectral_energy": {"dmean2": 0.00384551775642, "median": 0.00826452672482, "min": 1.05178696761e-20, "dvar2": 2.82432883978e-05, "dvar": 1.34378033181e-05, "dmean": 0.00271301576868, "max": 0.0958382710814, "var": 0.000236113002757, "mean": 0.014187595807}, "average_loudness": 0.247279077768, "spectral_rolloff": {"dmean2": 442.502410889, "median": 1765.72265625, "min": 193.798828125, "dvar2": 397384.78125, "dvar": 164012.828125, "dmean": 252.285247803, "max": 21253.2714844, "var": 4846410, "mean": 2061.11083984}, "spectral_centroid": {"dmean2": 237.921173096, "median": 1621.89855957, "min": 210.176818848, "dvar2": 54972.9804688, "dvar": 25530.7226562, "dmean": 156.435546875, "max": 10495.5722656, "var": 498882.65625, "mean": 1638.59448242}, "pitch_salience": {"dmean2": 0.0857688188553, "median": 0.417087614536, "min": 0.0790122449398, "dvar2": 0.00629035104066, "dvar": 0.00246234121732, "dmean": 0.0538372769952, "max": 0.851222872734, "var": 0.0147060500458, "mean": 0.42658251524}, "spectral_energyband_middle_high": {"dmean2": 0.0022394314874, "median": 0.00400242209435, "min": 1.57555995291e-21, "dvar2": 1.05744729808e-05, "dvar": 4.53423899671e-06, "dmean": 0.00148211012129, "max": 0.0519107729197, "var": 3.47108216374e-05, "mean": 0.00582973472774}, "spectral_contrast_coeffs": {"dmean2": [0.0668286308646, 0.0561162121594, 0.0500814989209, 0.0424347259104, 0.0343544222414, 0.0191983636469], "median": [-0.732248187065, -0.58990252018, -0.676728904247, -0.647838652134, -0.671721875668, -0.746551394463], "min": [-0.961692214012, -0.971358537674, -0.959311842918, -0.966065704823, -0.953211188316, -0.958551883698], "dvar2": [0.00284701748751, 0.0020573604852, 0.00165583111811, 0.00120395841077, 0.000743762822822, 0.000246611452894], "dvar": [0.00102202245034, 0.000852451019455, 0.000664329854771, 0.000474697240861, 0.000284456909867, 9.90068074316e-05], "dmean": [0.0396663174033, 0.0358056202531, 0.0316331982613, 0.0266050845385, 0.0209701564163, 0.0119036221877], "max": [-0.253567069769, -0.249422892928, -0.401382595301, -0.403223276138, -0.424098163843, -0.591502130032], "var": [0.0230881869793, 0.0287403780967, 0.0106429215521, 0.00911915674806, 0.00543300481513, 0.00260007451288], "mean": [-0.674300849438, -0.621220827103, -0.695633471012, -0.65061211586, -0.679856061935, -0.753466784954]}, "melbands_skewness": {"dmean2": 0.855446696281, "median": 1.33127081394, "min": -13.7781677246, "dvar2": 1.10600864887, "dvar": 0.502948522568, "dmean": 0.572625339031, "max": 13.6154870987, "var": 4.41313409805, "mean": 1.14492833614}, "spectral_spread": {"dmean2": 361270.0625, "median": 2628273, "min": 845286.5625, "dvar2": 143708995584, "dvar": 87240138752, "dmean": 220714.40625, "max": 37796520, "var": 1873235279870.0, "mean": 2736328.5}, "dissonance": {"dmean2": 0.0383462198079, "median": 0.455471515656, "min": 0.167691037059, "dvar2": 0.00182826642413, "dvar": 0.000650281261187, "dmean": 0.0226225852966, "max": 0.5, "var": 0.00186303118244, "mean": 0.447994977236}, "spectral_skewness": {"dmean2": 0.576628267765, "median": 2.10830163956, "min": 0.052606459707, "dvar2": 0.310147613287, "dvar": 0.105053842068, "dmean": 0.33515560627, "max": 9.31780815125, "var": 0.828569114208, "mean": 2.34631681442}, "spectral_flux": {"dmean2": 0.0151735655963, "median": 0.0328855216503, "min": 1.0255666455e-10, "dvar2": 0.000265770591795, "dvar": 9.20745660551e-05, "dmean": 0.00896253809333, "max": 0.17631496489, "var": 0.000655233219732, "mean": 0.0373726449907}, "spectral_contrast_valleys": {"dmean2": [0.622297406197, 0.517007231712, 0.38841688633, 0.317758321762, 0.225854754448, 0.161722272635], "median": [-10.7501983643, -9.27260780334, -8.64886856079, -9.08591842651, -9.13435173035, -11.8366346359], "min": [-27.2351608276, -26.7171459198, -27.3665924072, -27.3877258301, -27.356010437, -27.1499404907], "dvar2": [0.246366426349, 0.175998911262, 0.100307241082, 0.0666304379702, 0.0413575805724, 0.0275648385286], "dvar": [0.0916512683034, 0.065437503159, 0.0423779301345, 0.0303010586649, 0.0224282629788, 0.0165542643517], "dmean": [0.370328336954, 0.305629014969, 0.234033957124, 0.188303083181, 0.136316612363, 0.102436289191], "max": [-7.53590345383, -5.05801057816, -6.23856210709, -6.68607807159, -6.96048688889, -9.88170909882], "var": [1.75400447845, 2.25780296326, 2.30978035927, 1.90351474285, 2.11261630058, 1.46757614613], "mean": [-10.7785329819, -9.23498344421, -8.86287689209, -9.19790649414, -9.39575862885, -12.0747699738]}, "erbbands_flatness_db": {"dmean2": 0.0233436580747, "median": 0.302191913128, "min": 0.0374371260405, "dvar2": 0.000595046149101, "dvar": 0.000248694443144, "dmean": 0.0154878012836, "max": 0.5631762743, "var": 0.0064509510994, "mean": 0.302677571774}, "spectral_energyband_high": {"dmean2": 4.01193319703e-05, "median": 4.57806672784e-05, "min": 7.63791516547e-21, "dvar2": 7.98582888706e-09, "dvar": 4.13709200231e-09, "dmean": 2.89280706056e-05, "max": 0.0019861785695, "var": 3.12171373196e-08, "mean": 0.000110795117507}, "spectral_entropy": {"dmean2": 0.20486459136, "median": 6.54120826721, "min": 3.78895115852, "dvar2": 0.0486773848534, "dvar": 0.0204583574086, "dmean": 0.135207369924, "max": 9.77942371368, "var": 0.382859289646, "mean": 6.49996757507}, "silence_rate_20dB": {"dmean2": 0, "median": 1, "min": 1, "dvar2": 0, "dvar": 0, "dmean": 0, "max": 1, "var": 0, "mean": 1}, "melbands_flatness_db": {"dmean2": 0.0275014340878, "median": 0.248500883579, "min": 0.00521595170721, "dvar2": 0.000796221313067, "dvar": 0.000333317293553, "dmean": 0.0189162138849, "max": 0.554808437824, "var": 0.00524065829813, "mean": 0.258296966553}, "barkbands": {"dmean2": [8.94610025171e-07, 6.95978951626e-06, 4.79267737319e-06, 1.15335160444e-05, 0.000788374978583, 0.000942946237046, 0.000348224915797, 0.000750454491936, 0.000188629681361, 0.00110563228372, 0.000355725846021, 0.00051379785873, 0.000382692349376, 0.0006298191729, 0.00052166020032, 0.000318284321111, 0.000363972329069, 0.000199245332624, 0.000460243958514, 5.45744260307e-05, 2.76900009339e-05, 1.07830228444e-05, 6.80081757309e-06, 3.26935514749e-06, 2.37017684412e-06, 8.81064011082e-07, 2.09928884942e-07], "median": [2.21182610005e-08, 8.68488370998e-07, 5.22449226992e-07, 1.08254982933e-06, 2.01789043786e-06, 2.2063664801e-05, 4.1754619815e-06, 8.72513628565e-05, 4.84053889522e-05, 0.000245236471528, 0.000123526522657, 0.00019486824749, 0.000153115484864, 0.000202803872526, 0.000162730109878, 8.21873472887e-05, 9.07880166778e-05, 6.1037724663e-05, 0.000137630748213, 1.99799160328e-05, 1.06335446617e-05, 7.44168664824e-06, 3.0