{"metadata": {"tags": {"album": ["Fabric 65"], "albumartist": ["Matthias Tanzmann"], "tracknumber": ["1"], "musicbrainz_recordingid": ["0fe3bf0b-4d22-4381-90d0-77c860957982"], "artist": ["Minimono"], "date": ["2012"], "discnumber": ["1"], "title": ["Venus(Cargo Edition)"], "file_name": "2129612.mp3"}, "audio_properties": {"sample_rate": 44100, "downmix": "mix", "lossless": false, "analysis_sample_rate": 44100, "md5_encoded": "3a14d80dfd2455200dfdde9de1e95889", "equal_loudness": 0, "replay_gain": -12.5302619934, "codec": "mp3", "bit_rate": 320000, "length": 342.386932373}, "version": {"extractor": "music 1.0", "essentia_build_sha": "70f2e5ece6736b2c40cc944ad0e695b16b925413", "essentia_git_sha": "v2.1_beta2", "essentia": "2.1-beta2"}}, "rhythm": {"beats_loudness_band_ratio": {"dvar2": [0.0612163692713, 0.00780027592555, 0.00116330210585, 0.00277185253799, 0.00601562205702, 0.0334663316607], "var": [0.0310604702681, 0.0020079088863, 0.000334024167387, 0.00076156319119, 0.00120570824947, 0.0205918699503], "min": [0.0374879054725, 2.69502816082e-05, 2.62900675807e-06, 8.53561175518e-07, 8.07119306501e-07, 6.64890023927e-07], "dmean": [0.147256314754, 0.0323190800846, 0.0109535325319, 0.0164698306471, 0.0183689836413, 0.107580244541], "mean": [0.826173782349, 0.0291338339448, 0.00842514261603, 0.0127619123086, 0.0141151910648, 0.120898798108], "max": [0.999971449375, 0.344457566738, 0.144191741943, 0.265075534582, 0.337917387486, 0.91562640667], "dmean2": [0.261837244034, 0.0606711804867, 0.0203463789076, 0.0305491033942, 0.0344490334392, 0.191995382309], "median": [0.896311700344, 0.0141195952892, 0.00243870122358, 0.002121565165, 0.00708792172372, 0.0687458962202], "dvar": [0.0212288666517, 0.00257600913756, 0.000411935034208, 0.000991634558886, 0.00207980768755, 0.0115279685706]}, "bpm_histogram_first_peak_weight": {"dvar2": 0, "var": 0, "min": 0.859174966812, "dmean": 0, "mean": 0.859174966812, "max": 0.859174966812, "dmean2": 0, "median": 0.859174966812, "dvar": 0}, "bpm": 123.469413757, "beats_count": 704, "bpm_histogram_first_peak_spread": {"dvar2": 0, "var": 0, "min": 0.140825033188, "dmean": 0, "mean": 0.140825033188, "max": 0.140825033188, "dmean2": 0, "median": 0.140825033188, "dvar": 0}, "danceability": 1.82010531425, "bpm_histogram_first_peak_bpm": {"dvar2": 0, "var": 0, "min": 123, "dmean": 0, "mean": 123, "max": 123, "dmean2": 0, "median": 123, "dvar": 0}, "beats_position": [0.476009070873, 0.952018141747, 1.43963718414, 1.92725622654, 2.41487526894, 2.90249419212, 3.39011335373, 3.87773227692, 4.3653512001, 4.85297060013, 5.34058952332, 5.8282084465, 6.31582736969, 6.80344676971, 7.2910656929, 7.76707458496, 8.24308395386, 8.73070240021, 9.21832180023, 9.70594120026, 10.1935596466, 10.6811790466, 11.1687984467, 11.656416893, 12.144036293, 12.6316547394, 13.1192741394, 13.6068935394, 14.0829019547, 14.5705213547, 15.0465307236, 15.5341491699, 16.0217685699, 16.50938797, 16.99700737, 17.4846248627, 17.9722442627, 18.4598636627, 18.9474830627, 19.4351024628, 19.9227199554, 20.4103393555, 20.8979587555, 21.3855781555, 21.8615875244, 22.3375968933, 22.825214386, 23.312833786, 23.800453186, 24.2880725861, 24.7756919861, 25.2633094788, 25.7509288788, 26.2385482788, 26.7261676788, 27.2137870789, 27.7014045715, 28.1774139404, 28.6534233093, 29.1410427094, 29.6286621094, 30.1162815094, 30.6038990021, 31.0915184021, 31.5791378021, 32.0667572021, 32.5543746948, 33.0419960022, 33.5296134949, 34.0172348022, 34.5048522949, 34.9924697876, 35.480091095, 35.9677085876, 36.4437179565, 36.9197273254, 37.4073448181, 37.8949661255, 38.3825836182, 38.8702049255, 39.3578224182, 39.8454399109, 40.3330612183, 40.8206787109, 41.3083000183, 41.795917511, 42.2835350037, 42.7595443726, 43.2355537415, 43.7231750488, 44.2107925415, 44.6984100342, 45.1860313416, 45.6736488342, 46.1612701416, 46.6488876343, 47.1365089417, 47.6241264343, 48.111743927, 48.5993652344, 49.0869827271, 49.5629920959, 50.0506095886, 50.5266189575, 51.0142402649, 51.5018577576, 51.9894790649, 52.4770965576, 52.9647140503, 53.4523353577, 53.9399528503, 54.4275741577, 54.9151916504, 55.4028091431, 55.8904304504, 56.3664398193, 56.8424491882, 57.3300666809, 57.8176841736, 58.305305481, 58.7929229736, 59.280544281, 59.7681617737, 60.2557830811, 60.7434005737, 61.2310180664, 61.7186393738, 62.2062568665, 62.6938781738, 63.1814956665, 63.6691131592, 64.1451263428, 64.621131897, 65.1087493896, 65.5963668823, 66.0839920044, 66.5716094971, 67.0592269897, 67.5468444824, 68.0344696045, 68.5220870972, 69.0097045898, 69.4973220825, 69.9733352661, 70.4493408203, 70.936958313, 71.4245758057, 71.9122009277, 72.3998184204, 72.8874359131, 73.3750534058, 73.8626708984, 74.3502960205, 74.8379135132, 75.3255310059, 75.8131484985, 76.3007659912, 76.7883911133, 77.276008606, 77.7520141602, 78.2280273438, 78.7156448364, 79.2032623291, 79.6908798218, 80.1785049438, 80.6661224365, 81.1537399292, 81.6413574219, 82.1289749146, 82.6166000366, 83.1042175293, 83.5802230835, 84.0562362671, 84.5438537598, 85.0314712524, 85.5190887451, 86.0067138672, 86.4943313599, 86.9819488525, 87.4695663452, 87.9571838379, 88.44480896, 88.9324264526, 89.4200439453, 89.907661438, 90.3952789307, 90.8829040527, 91.3589096069, 91.8349151611, 92.3225402832, 92.8101577759, 93.2977752686, 93.7853927612, 94.2730178833, 94.760635376, 95.2482528687, 95.7358703613, 96.223487854, 96.7111129761, 97.1987304688, 97.6747360229, 98.1507492065, 98.6383666992, 99.1259841919, 99.6136016846, 100.101219177, 100.588844299, 101.076461792, 101.564079285, 102.051696777, 102.53931427, 103.026939392, 103.514556885, 104.002174377, 104.48979187, 104.965805054, 105.441810608, 105.929428101, 106.417053223, 106.904670715, 107.392288208, 107.879905701, 108.367523193, 108.855148315, 109.342765808, 109.830383301, 110.318000793, 110.805618286, 111.28163147, 111.757637024, 112.245262146, 112.732879639, 113.220497131, 113.708114624, 114.195732117, 114.683357239, 115.170974731, 115.658592224, 116.146209717, 116.633827209, 117.121452332, 117.609069824, 118.096687317, 118.572692871, 119.048706055, 119.536323547, 120.02394104, 120.511566162, 120.999183655, 121.486801147, 121.97441864, 122.462036133, 122.949661255, 123.437278748, 123.92489624, 124.412513733, 124.888526917, 125.364532471, 125.852149963, 126.339767456, 126.827392578, 127.315010071, 127.802627563, 128.290252686, 128.777862549, 129.265487671, 129.753097534, 130.240722656, 130.728347778, 131.215957642, 131.703582764, 132.191192627, 132.667205811, 133.143218994, 133.630844116, 134.118453979, 134.606079102, 135.093688965, 135.581314087, 136.068939209, 136.556549072, 137.044174194, 137.531784058, 138.01940918, 138.495422363, 138.971420288, 139.45904541, 139.946670532, 140.434280396, 140.921905518, 141.409515381, 141.897140503, 142.384765625, 142.872375488, 143.36000061, 143.847610474, 144.335235596, 144.822860718, 145.310470581, 145.786483765, 146.262496948, 146.750106812, 147.237731934, 147.725341797, 148.212966919, 148.700592041, 149.188201904, 149.675827026, 150.16343689, 150.651062012, 151.138687134, 151.626296997, 152.102310181, 152.589935303, 153.077545166, 153.55355835, 154.041183472, 154.528793335, 155.016418457, 155.50402832, 155.991653442, 156.479278564, 156.966888428, 157.45451355, 157.942123413, 158.429748535, 158.917373657, 159.404983521, 159.880996704, 160.357009888, 160.844619751, 161.332244873, 161.819854736, 162.307479858, 162.79510498, 163.282714844, 163.770339966, 164.257949829, 164.745574951, 165.233200073, 165.720809937, 166.208435059, 166.684448242, 167.160446167, 167.648071289, 168.135681152, 168.623306274, 169.110931396, 169.59854126, 170.086166382, 170.573776245, 171.061401367, 171.549026489, 172.036636353, 172.524261475, 173.011871338, 173.487884521, 173.963897705, 174.451522827, 174.93913269, 175.426757812, 175.914367676, 176.401992798, 176.88961792, 177.377227783, 177.864852905, 178.352462769, 178.840087891, 179.327713013, 179.815322876, 180.302947998, 180.778961182, 181.254959106, 181.742584229, 182.230194092, 182.717819214, 183.205444336, 183.693054199, 184.180679321, 184.668289185, 185.155914307, 185.643539429, 186.131149292, 186.618774414, 187.106384277, 187.594009399, 188.081634521, 188.569244385, 189.045257568, 189.521270752, 190.008880615, 190.496505737, 190.984130859, 191.471740723, 191.959365845, 192.446975708, 192.93460083, 193.422225952, 193.909835815, 194.397460938, 194.885070801, 195.361083984, 195.837097168, 196.324707031, 196.812332153, 197.299957275, 197.787567139, 198.275192261, 198.762802124, 199.250427246, 199.738052368, 200.225662231, 200.713287354, 201.200897217, 201.688522339, 202.164535522, 202.652145386, 203.128158569, 203.615783691, 204.103393555, 204.591018677, 205.07862854, 205.566253662, 206.053878784, 206.541488647, 207.02911377, 207.516723633, 208.004348755, 208.491973877, 208.967971802, 209.455596924, 209.931610107, 210.419219971, 210.906845093, 211.394470215, 211.882080078, 212.3697052, 212.857315063, 213.344940186, 213.832565308, 214.320175171, 214.807800293, 215.295410156, 215.77142334, 216.259048462, 216.735046387, 217.222671509, 217.710296631, 218.197906494, 218.685531616, 219.173141479, 219.660766602, 220.148391724, 220.636001587, 221.123626709, 221.611236572, 222.098861694, 222.586486816, 223.07409668, 223.550109863, 224.026123047, 224.51373291, 225.001358032, 225.488967896, 225.976593018, 226.46421814, 226.951828003, 227.439453125, 227.927078247, 228.41468811, 228.902313232, 229.389923096, 229.877548218, 230.36517334, 230.852783203, 231.328796387, 231.80480957, 232.292419434, 232.780044556, 233.267654419, 233.755279541, 234.242904663, 234.730514526, 235.218139648, 235.705749512, 236.181762695, 236.669387817, 237.145385742, 237.633010864, 238.120635986, 238.60824585, 239.095870972, 239.583480835, 240.071105957, 240.558731079, 241.046340942, 241.533966064, 242.021575928, 242.50920105, 242.996826172, 243.484436035, 243.960449219, 244.448074341, 244.924072266, 245.411697388, 245.89932251, 246.386932373, 246.874557495, 247.362167358, 247.84979248, 248.337417603, 248.825027466, 249.301040649, 249.777053833, 250.264663696, 250.752288818, 251.239898682, 251.727523804, 252.215148926, 252.702758789, 253.190383911, 253.677993774, 254.165618896, 254.653244019, 255.140853882, 255.628479004, 256.116088867, 256.592102051, 257.068115234, 257.555725098, 258.043365479, 258.530975342, 259.018585205, 259.506195068, 259.993835449, 260.481445312, 260.969055176, 261.456695557, 261.94430542, 262.420318604, 262.896331787, 263.38394165, 263.871551514, 264.359191895, 264.846801758, 265.334411621, 265.822021484, 266.309661865, 266.797271729, 267.284881592, 267.772521973, 268.260131836, 268.747741699, 269.23538208, 269.711364746, 270.18737793, 270.675018311, 271.162628174, 271.650238037, 272.137878418, 272.625488281, 273.113098145, 273.600708008, 274.088348389, 274.575958252, 275.063568115, 275.551208496, 276.027191162, 276.503204346, 276.990844727, 277.47845459, 277.966064453, 278.453704834, 278.941314697, 279.428924561, 279.916534424, 280.404174805, 280.891784668, 281.379394531, 281.867034912, 282.354644775, 282.842254639, 283.318267822, 283.794281006, 284.281890869, 284.76953125, 285.257141113, 285.744750977, 286.23236084, 286.720001221, 287.207611084, 287.695220947, 288.182861328, 288.670471191, 289.158081055, 289.645721436, 290.121704102, 290.597717285, 291.085357666, 291.572967529, 292.060577393, 292.548217773, 293.035827637, 293.5234375, 294.011047363, 294.498687744, 294.986297607, 295.473907471, 295.961547852, 296.449157715, 296.936767578, 297.412780762, 297.888793945, 298.376403809, 298.864044189, 299.351654053, 299.839263916, 300.326873779, 300.81451416, 301.302124023, 301.789733887, 302.277374268, 302.764984131, 303.252593994, 303.740234375, 304.227844238, 304.703857422, 305.191467285, 305.667480469, 306.155090332, 306.642730713, 307.130340576, 307.617950439, 308.105560303, 308.593200684, 309.080810547, 309.56842041, 310.056060791, 310.543670654, 311.031280518, 311.507293701, 311.983306885, 312.470916748, 312.958557129, 313.446166992, 313.933776855, 314.421386719, 314.9090271, 315.396636963, 315.884246826, 316.371887207, 316.85949707, 317.347106934, 317.834747314, 318.322357178, 318.798370361, 319.274383545, 319.761993408, 320.249603271, 320.737213135, 321.224853516, 321.712463379, 322.200073242, 322.687713623, 323.175323486, 323.66293335, 324.15057373, 324.638183594, 325.114196777, 325.590209961, 326.077819824, 326.565429688, 327.053070068, 327.540679932, 328.028289795, 328.515899658, 329.003540039, 329.491149902, 329.978759766, 330.466400146, 330.95401001, 331.441619873, 331.929260254, 332.416870117, 332.892883301, 333.368896484, 333.856506348, 334.344116211, 334.831726074, 335.319366455, 335.806976318, 336.294586182, 336.782226562, 337.269836426, 337.757446289, 338.24508667, 338.732696533, 339.208709717, 339.6847229, 340.172332764, 340.659942627, 341.14755249, 341.635192871, 342.122802734], "beats_loudness": {"dvar2": 0.0147415027022, "var": 0.00476816855371, "min": 3.0496988046e-08, "dmean": 0.0737286731601, "mean": 0.0830032750964, "max": 0.358638554811, "dmean2": 0.136145204306, "median": 0.0625129565597, "dvar": 0.00493522919714}, "bpm_histogram_second_peak_weight": {"dvar2": 0, "var": 0, "min": 0, "dmean": 0, "mean": 0, "max": 0, "dmean2": 0, "median": 0, "dvar": 0}, "bpm_histogram_second_peak_spread": {"dvar2": 0, "var": 0, "min": 0, "dmean": 0, "mean": 0, "max": 0, "dmean2": 0, "median": 0, "dvar": 0}, "bpm_histogram_second_peak_bpm": {"dvar2": 0, "var": 0, "min": 0, "dmean": 0, "mean": 0, "max": 0, "dmean2": 0, "median": 0, "dvar": 0}, "onset_rate": 4.9386472702}, "lowlevel": {"spectral_energyband_high": {"dvar2": 3.34336364176e-05, "var": 1.48583294504e-05, "min": 7.39479838239e-21, "dmean": 0.00159858586267, "mean": 0.00153086835053, "max": 0.0323012061417, "dmean2": 0.00240260036662, "median": 0.000105181243271, "dvar": 1.4049966012e-05}, "spectral_energyband_middle_low": {"dvar2": 0.00160690501798, "var": 0.000364452338545, "min": 1.85175101055e-22, "dmean": 0.00870728958398, "mean": 0.00710795260966, "max": 0.234084233642, "dmean2": 0.0154633987695, "median": 0.0017665552441, "dvar": 0.000579009472858}, "spectral_energy": {"dvar2": 0.00400646822527, "var": 0.00372745702043, "min": 1.03349044332e-20, "dmean": 0.0347026139498, "mean": 0.0634948462248, "max": 0.350543320179, "dmean2": 0.0549993887544, "median": 0.0406508333981, "dvar": 0.00175454863347}, "spectral_spread": {"dvar2": 4203372871680.0, "var": 6003812204540.0, "min": 967539.375, "dmean": 1273427, "mean": 6535876, "max": 42478864, "dmean2": 1838780.5, "median": 6107123, "dvar": 2004776517630.0}, "spectral_energyband_low": {"dvar2": 0.00438753003255, "var": 0.00318066845648, "min": 2.7136875093e-23, "dmean": 0.0329937972128, "mean": 0.0556431226432, "max": 0.343784332275, "dmean2": 0.0539406873286, "median": 0.0342979803681, "dvar": 0.001733972691}, "spectral_rolloff": {"dvar2": 10453146, "var": 4573685, "min": 21.533203125, "dmean": 728.256774902, "mean": 745.450256348, "max": 20951.8066406, "dmean2": 1307.57580566, "median": 129.19921875, "dvar": 4304650.5}, "barkbands": {"dvar2": [6.54568293612e-06, 0.00293879932724, 0.00115509179886, 0.000687360530719, 0.000199072834221, 7.37793334338e-06, 3.17866283694e-06, 3.01386251067e-07, 9.08633751351e-07, 5.112158874e-07, 6.21072445028e-07, 1.09068594156e-06, 1.34255799367e-06, 1.39565418067e-06, 8.25339839139e-07, 2.83837721327e-07, 1.99342338192e-07, 7.96809160875e-07, 1.3972595525e-07, 1.46986081972e-07, 3.84492665262e-07, 1.05814945073e-06, 1.92366064766e-06, 9.63482875704e-07, 9.94289621303e-07, 1.04220157482e-06, 1.10983869206e-07], "var": [2.76539230981e-05, 0.00195791944861, 0.0003892161767, 0.000140928648761, 4.44091128884e-05, 2.11633960134e-06, 7.29830503587e-07, 8.64884768248e-08, 2.54389874499e-07, 2.2365595953e-07, 1.97669265845e-07, 5.55277438252e-07, 4.04843348178e-07, 4.62065514739e-07, 2.59617792153e-07, 1.15762489372e-07, 8.17828649247e-08, 2.62421707475e-07, 6.17953759274e-08, 6.41033039983e-08, 1.35470642704e-07, 3.76633607857e-07, 9.10653625397e-07, 3.66690954934e-07, 3.81601239496e-07, 4.39374389316e-07, 5.23800203212e-08], "min": [6.80049819994e-25, 8.94005808695e-24, 3.41642523517e-24, 2.19850170031e-24, 2.42526639395e-23, 1.63733666014e-23, 2.88982721212e-23, 1.76999561204e-23, 2.185436586e-23, 2.39439700455e-23, 6.25251153478e-23, 2.8112825406e-23, 4.7480711159e-23, 3.2166803686e-23, 7.00645114545e-23, 5.7411056317e-23, 6.23283292618e-23, 1.152600251e-22, 2.38796829304e-22, 2.5972986558e-22, 2.05930132446e-22, 3.71764875838e-22, 5.51759659857e-22, 6.26983214347e-22, 9.96782728437e-22, 1.46030023073e-21, 2.15629425924e-21], "dmean": [0.00121277640574, 0.0250469632447, 0.0120611451566, 0.00524428393692, 0.00293236132711, 0.000561317196116, 0.000305047316942, 9.70542969299e-05, 0.000130008033011, 0.000117921401397, 0.000129546460812, 0.000194435866433, 0.000230125922826, 0.000205911142984, 0.000190465972992, 0.000103926140582, 0.000112170258944, 0.000199961548788, 0.000100735334854, 0.000117335606774, 0.000166642770637, 0.000259655382251, 0.000352291419404, 0.000226870033657, 0.000237958898651, 0.000248034106335, 8.14927261672e-05], "mean": [0.00305405538529, 0.0361185260117, 0.0142942778766, 0.00374969141558, 0.00234605092555, 0.000515304447617, 0.000236043764744, 8.39637286845e-05, 0.000123580219224, 0.000121432531159, 0.000105029954284, 0.000197799512534, 0.000204539086553, 0.0001659556292, 0.000141888274811, 9.57941665547e-05, 9.88648462226e-05, 0.00016604278062, 0.000100241610198, 0.00011829379946, 0.00015683703532, 0.000245036557317, 0.000345298059983, 0.000210263911868, 0.000209391509998, 0.000217561959289, 7.29178645997e-05], "max": [0.0375865921378, 0.316565155983, 0.2267575562, 0.176170855761, 0.0913321077824, 0.0260541439056, 0.0184311512858, 0.00892161764205, 0.0190489664674, 0.0121559817344, 0.00963759608567, 0.0146569563076, 0.011413583532, 0.0153701547533, 0.0104077467695, 0.00660529499874, 0.00410000840202, 0.0087072905153, 0.00323084765114, 0.00299509405158, 0.00524891912937, 0.00593923265114, 0.0102349575609, 0.00572679610923, 0.00572177907452, 0.0056256391108, 0.00276718335226], "dmean2": [0.00146093848161, 0.0415862053633, 0.0203068014234, 0.00956013612449, 0.00526705710217, 0.000973101356067, 0.000552835990675, 0.000165784425917, 0.000221390349907, 0.000194229971385, 0.000223451977945, 0.000330901733832, 0.000409641477745, 0.000356825854396, 0.000331816205289, 0.000169645791175, 0.000181719704415, 0.000329076166963, 0.000156712689204, 0.000179737311555, 0.00026588444598, 0.000405739876442, 0.000527934054844, 0.000354484946001, 0.000379291042918, 0.000381002464565, 0.000123067657114], "median": [0.000104678045318, 0.0180531702936, 0.00793651305139, 0.000645012187306, 0.000642933649942, 3.96239447582e-05, 2.25021703955e-05, 5.97028019911e-06, 7.08656398274e-06, 4.94365713166e-06, 2.66106053459e-06, 4.59631519334e-06, 5.05693424202e-06, 3.56653731615e-06, 5.26194253325e-06, 7.70732185629e-06, 6.22902871328e-06, 1.07180549094e-05, 9.84389316727e-06, 1.50081286847e-05, 1.48117551362e-05, 1.90355494851e-05, 1.91087419807e-05, 1.13347978186e-05, 6.73479917168e-06, 3.81759264201e-06, 1.71540818883e-06], "dvar": [5.00045689478e-06, 0.00119291653391, 0.000429937092122, 0.000241180474404, 7.13408517186e-05, 2.77034973806e-06, 1.137720119e-06, 1.12079966641e-07, 3.30080951016e-07, 2.11307920495e-07, 2.26426152494e-07, 4.40815881575e-07, 4.76480096268e-07, 5.34460696144e-07, 3.18949474831e-07, 1.16286443586e-07, 8.3125719641e-08, 3.10489866706e-07, 5.83672630228e-08, 6.08474195474e-08, 1.49738184518e-07, 4.08516115158e-07, 8.26681286981e-07, 3.84911373885e-07, 4.04313226454e-07, 4.46401401177e-07, 4.90989293667e-08]}, "melbands_skewness": {"dvar2": 29.0904083252, "var": 28.4357852936, "min": -0.949883759022, "dmean": 3.73519635201, "mean": 9.47961139679, "max": 47.8065490723, "dmean2": 5.75702142715, "median": 8.69591808319, "dvar": 12.1788597107}, "barkbands_skewness": {"dvar2": 15.6017169952, "var": 16.520980835, "min": -4.13271808624, "dmean": 2.78463149071, "mean": 6.54529047012, "max": 25.8121204376, "dmean2": 4.21542406082, "median": 6.12459278107, "dvar": 6.82645750046}, "erbbands": {"dvar2": [2.73160076141, 188.972763062, 1451.50708008, 2871.67626953, 6749.98974609, 1011.53216553, 422.933135986, 524.956420898, 793.748901367, 296.403991699, 142.957809448, 464.370880127, 584.73223877, 623.551208496, 1180.82739258, 1790.14648438, 2800.64868164, 1931.79602051, 4413.58349609, 1715.88647461, 682.518249512, 726.944030762, 2195.36694336, 1111.48364258, 160.525482178, 327.035461426, 1123.20068359, 382.829345703, 1766.59082031, 1054.43334961, 1630.06872559, 521.053283691, 251.374801636, 108.891174316, 51.7663078308, 21.2493591309, 3.25504350662, 0.238817542791, 0.00303062051535, 5.30266697751e-06], "var": [2.73361229897, 106.728622437, 537.686279297, 785.157653809, 1368.61486816, 251.50440979, 115.373558044, 146.65977478, 200.244064331, 70.0221710205, 42.4588890076, 137.055023193, 222.024795532, 275.127258301, 391.355773926, 821.326477051, 954.581298828, 728.744140625, 1275.57104492, 576.231140137, 305.462188721, 290.504943848, 777.421569824, 351.676239014, 91.6265029907, 148.816619873, 323.54397583, 173.803115845, 556.957885742, 418.034851074, 847.0859375, 237.120025635, 93.7350158691, 43.4098968506, 18.9948310852, 8.41127967834, 1.39301002026, 0.108797237277, 0.00145972531755, 2.33570494856e-06], "min": [1.91119603427e-22, 2.4583874448e-21, 3.23607333382e-21, 1.13716993984e-20, 2.85309682853e-20, 5.44528990588e-20, 1.20548507411e-19, 1.4071623057e-19, 4.24340190421e-19, 1.67690874689e-19, 4.75754428575e-19, 5.58949566248e-19, 4.9142919099e-19, 1.38127405992e-18, 1.91275238934e-18, 1.94638369189e-18, 2.90366533913e-18, 2.06621527928e-18, 4.1846769404e-18, 3.56387830427e-18, 3.19834160812e-18, 4.22671177759e-18, 7.14106346306e-18, 9.18460985765e-18, 1.11460900093e-17, 1.11223490985e-17, 8.31390217408e-18, 1.17325387297e-17, 1.25253590868e-17, 1.32989962983e-17, 1.4763053043e-17, 1.16109986008e-17, 1.03930711018e-17, 7.67105462514e-18, 7.38152321277e-18, 4.62261737596e-18, 2.5086328299e-18, 1.18412176477e-18, 2.79417268222e-19, 3.0862806588e-20], "dmean": [0.689763486385, 5.97054195404, 14.6670742035, 14.5043334961, 15.6842594147, 6.83836460114, 4.3079957962, 4.72815275192, 5.20175933838, 2.86281180382, 2.12359309196, 2.93967175484, 3.71157407761, 4.09151649475, 5.82892608643, 8.14415550232, 10.7280845642, 8.76418685913, 12.3222694397, 8.27600669861, 5.26859474182, 6.68936443329, 10.667342186, 7.60127973557, 3.90742969513, 5.80375385284, 7.69619131088, 5.78637075424, 10.1199703217, 8.25912284851, 10.4733896255, 5.4195857048, 3.71390676498, 2.52026295662, 1.69033682346, 1.10192942619, 0.438237547874, 0.117322936654, 0.0137265669182, 0.000592716620304], "mean": [1.19148635864, 7.33020019531, 18.0920391083, 13.8157272339, 11.4381837845, 5.68798542023, 3.62639498711, 4.3326125145, 4.58391571045, 2.23045659065, 1.82273828983, 2.82006669044, 4.12787723541, 3.73358845711, 4.89732408524, 8.03156661987, 10.0276899338, 7.63234043121, 8.97857284546, 6.63726902008, 5.07334661484, 5.90744686127, 8.93059062958, 6.80445194244, 4.13200521469, 5.8614192009, 7.01590156555, 5.84213399887, 9.21478271484, 8.16641235352, 10.2566223145, 5.31145334244, 3.35369729996, 2.2832493782, 1.44863057137, 0.943099617958, 0.388248503208, 0.103506751359, 0.0124313766137, 0.000576795020606], "max": [13.2450323105, 83.6373977661, 244.299316406, 338.10760498, 490.377044678, 245.13041687, 212.916366577, 209.118515015, 248.620223999, 170.312728882, 157.831115723, 405.164489746, 449.514892578, 407.484008789, 422.734649658, 617.209228516, 524.01751709, 569.872436523, 898.825134277, 546.051696777, 375.458892822, 280.311920166, 500.512786865, 298.068267822, 129.094207764, 134.016159058, 290.178405762, 175.729904175, 217.667480469, 183.950073242, 365.128967285, 149.575469971, 98.2735214233, 59.9266738892, 42.2341957092, 22.8574848175, 9.73307037354, 3.81363844872, 0.430965870619, 0.019148895517], "dmean2": [1.12553608418, 9.87095737457, 24.7931938171, 24.6787986755, 28.854013443, 11.964222908, 7.36603403091, 8.30522060394, 9.37697410583, 5.09987401962, 3.62270689011, 4.98832511902, 6.21392297745, 6.75199222565, 10.027302742, 13.8964157104, 18.9345436096, 15.1790180206, 21.7801952362, 14.0291042328, 8.55421161652, 10.9418745041, 17.5120754242, 12.3731451035, 5.81690645218, 8.87218952179, 12.4600944519, 8.81091690063, 16.1866893768, 12.8277168274, 15.501657486, 8.25515079498, 5.86327552795, 3.98342967033, 2.70107936859, 1.72991716862, 0.671935141087, 0.180287614465, 0.0206773504615, 0.000883688277099], "median": [0.276169151068, 4.04847621918, 10.6036252975, 4.55171108246, 2.71743988991, 1.38070130348, 0.360138267279, 0.269304662943, 0.390416353941, 0.225634783506, 0.123529560864, 0.157741397619, 0.198427274823, 0.165788248181, 0.155501574278, 0.204665884376, 0.242196440697, 0.20847594738, 0.253569662571, 0.313387095928, 0.457451552153, 0.368737339973, 0.510522484779, 0.639643073082, 0.455654799938, 0.72283655405, 0.760598897934, 0.541256010532, 0.744479358196, 0.52558016777, 0.486079186201, 0.343558102846, 0.173572018743, 0.0933698117733, 0.0405968464911, 0.0182124953717, 0.00606857612729, 0.00184323405847, 0.000317862897646, 9.63638303801e-05], "dvar": [1.06178772449, 80.7964553833, 551.573364258, 1066.52770996, 2366.54248047, 372.711639404, 158.338684082, 194.974533081, 286.09197998, 106.839157104, 53.4839096069, 169.42779541, 225.795516968, 256.307800293, 436.598052979, 706.926940918, 1009.90679932, 752.734008789, 1658.34228516, 677.992126465, 285.924926758, 299.128997803, 872.281982422, 424.472747803, 72.8017959595, 137.298614502, 415.433044434, 161.70602417, 666.407897949, 417.566223145, 729.545532227, 218.031402588, 100.262435913, 44.4782218933, 20.8062267303, 8.92215251923, 1.40114057064, 0.104416199028, 0.00135669158772, 2.29797637985e-06]}, "silence_rate_30dB": {"dvar2": 0.24517531693, "var": 0.16109791398, "min": 0, "dmean": 0.136715039611, "mean": 0.798196256161, "max": 1, "dmean2": 0.273448616266, "median": 1, "dvar": 0.118012987077}, "melbands_spread": {"dvar2": 736.880554199, "var": 349.400543213, "min": 0.0749769806862, "dmean": 6.94864606857, "mean": 7.47142553329, "max": 260.172210693, "dmean2": 11.7627840042, "median": 1.47897326946, "dvar": 288.291473389}, "melbands_crest": {"dvar2": 33.6837158203, "var": 28.4934921265, "min": 1.50150001049, "dmean": 3.93122339249, "mean": 23.8663101196, "max": 39.028968811, "dmean2": 6.40048646927, "median": 24.0927448273, "dvar": 13.0840997696}, "zerocrossingrate": {"dvar2": 0.000756606459618, "var": 0.00223657023162, "min": 0.00146484375, "dmean": 0.0170630216599, "mean": 0.03483723104, "max": 0.51953125, "dmean2": 0.0198142845184, "median": 0.0166015625, "dvar": 0.000601120467763}, "barkbands_kurtosis": {"dvar2": 17128.7617188, "var": 11912.5830078, "min": -1.94402480125, "dmean": 65.7771911621, "mean": 97.5165405273, "max": 1061.45263672, "dmean2": 104.733886719, "median": 58.6328125, "dvar": 7112.85839844}, "spectral_flux": {"dvar2": 0.00620739441365, "var": 0.00894072838128, "min": 6.42867079015e-11, "dmean": 0.0560419782996, "mean": 0.131409913301, "max": 0.624179601669, "dmean2": 0.0855995044112, "median": 0.107411429286, "dvar": 0.00316031603143}, "barkbands_crest": {"dvar2": 26.2870674133, "var": 20.2525463104, "min": 2.4076359272, "dmean": 3.88114547729, "mean": 15.9489994049, "max": 26.4832363129, "dmean2": 6.43139886856, "median": 15.9531040192, "dvar": 10.1337099075}, "barkbands_flatness_db": {"dvar2": 0.00795040931553, "var": 0.0135180978104, "min": 0.0215667393059, "dmean": 0.0674291476607, "mean": 0.287879049778, "max": 0.833894073963, "dmean2": 0.0973618328571, "median": 0.292181611061, "dvar": 0.00389357702807}, "spectral_entropy": {"dvar2": 0.431229263544, "var": 0.843211650848, "min": 3.51120901108, "dmean": 0.483065634966, "mean": 7.20651340485, "max": 9.81184673309, "dmean2": 0.680024683475, "median": 7.30232524872, "dvar": 0.230296120048}, "pitch_salience": {"dvar2": 0.0346041321754, "var": 0.0227220691741, "min": 0.0344523005188, "dmean": 0.132139056921, "mean": 0.338006675243, "max": 0.993434429169, "dmean2": 0.214182034135, "median": 0.308976113796, "dvar": 0.0135776102543}, "erbbands_spread": {"dvar2": 1716.85888672, "var": 1669.4675293, "min": 0.755700230598, "dmean": 27.9009628296, "mean": 67.322845459, "max": 193.18145752, "dmean2": 43.2439804077, "median": 60.8383560181, "dvar": 761.824401855}, "dynamic_complexity": 3.27465224266, "spectral_contrast_valleys": {"dvar2": [0.323220193386, 0.9417552948, 1.0235350132, 1.23238897324, 0.689141988754, 0.780214011669], "var": [1.15868151188, 1.92647230625, 2.21650910378, 2.14339470863, 1.82871520519, 2.23114681244], "min": [-27.4942951202, -27.7977561951, -27.5066013336, -27.4797458649, -27.4685516357, -27.3635139465], "dmean": [0.447047144175, 0.651907265186, 0.689873456955, 0.69122594595, 0.609557449818, 0.689846038818], "mean": [-6.96481847763, -8.35443496704, -8.96622943878, -8.97231197357, -8.38399410248, -10.3417053223], "max": [-4.7876458168, -4.64214992523, -4.63483333588, -5.13709163666, -5.43692731857, -7.22026538849], "dmean2": [0.688318610191, 0.956902682781, 0.958129525185, 0.951070666313, 0.782098531723, 0.817709386349], "median": [-6.97094154358, -8.50715637207, -9.09018230438, -9.08551979065, -8.49218082428, -10.4385137558], "dvar": [0.157839417458, 0.459078550339, 0.509129285812, 0.573403716087, 0.379235327244, 0.503019452095]}, "hfc": {"dvar2": 3185.02050781, "var": 1529.01647949, "min": 1.13196596333e-16, "dmean": 19.0770988464, "mean": 21.4166049957, "max": 295.089813232, "dmean2": 28.3863067627, "median": 6.24936342239, "dvar": 1366.37890625}, "spectral_kurtosis": {"dvar2": 26.239068985, "var": 29.4244232178, "min": -1.24420559406, "dmean": 2.09506702423, "mean": 4.05665969849, "max": 125.248214722, "dmean2": 3.16378617287, "median": 2.62735652924, "dvar": 11.9716157913}, "mfcc": {"mean": [-740.205932617, 96.152633667, 55.6437339783, 61.49609375, 32.746006012, 34.003868103, 16.9593982697, 17.1563816071, 5.67777299881, 5.751308918, 3.57103633881, 4.81778621674, 0.686404585838], "cov": [[12118.7041016, -1537.73754883, -1494.39025879, -1350.04406738, -643.410705566, -301.87197876, -363.248199463, -243.315597534, -344.936401367, -121.919815063, 98.553894043, -106.601715088, -107.056602478], [-1537.73754883, 2219.15795898, -239.933761597, -126.460197449, -210.27796936, -71.2157821655, 5.93465137482, -125.966644287, -51.4753341675, -51.0896453857, -15.0584974289, 44.4169807434, -9.00104141235], [-1494.39025879, -239.933761597, 747.775390625, 354.012756348, 153.001083374, 32.84715271, 31.364944458, 95.3703765869, 78.3021774292, 21.9701023102, -29.4597702026, -12.5261936188, 20.8061237335], [-1350.04406738, -126.460197449, 354.012756348, 570.192443848, 266.759429932, 72.2166519165, 41.3528327942, 73.3676605225, 78.9303359985, 46.994430542, -15.6274652481, 26.3696174622, 23.0621891022], [-643.410705566, -210.27796936, 153.001083374, 266.759429932, 257.956939697, 112.531982422, 52.2283363342, 34.6384811401, 35.3135986328, 30.5095596313, 2.13316369057, 10.4849882126, 3.84535956383], [-301.87197876, -71.2157821655, 32.84715271, 72.2166519165, 112.531982422, 141.999038696, 75.5980834961, 26.8639564514, 6.04666042328, 17.2725734711, 17.1374130249, 15.6217012405, 2.88855934143], [-363.248199463, 5.93465137482, 31.364944458, 41.3528327942, 52.2283363342, 75.5980834961, 106.882507324, 54.2193145752, 24.4575366974, 5.73958158493, -2.18324351311, 11.16355896, 4.53625869751], [-243.315597534, -125.966644287, 95.3703765869, 73.3676605225, 34.6384811401, 26.8639564514, 54.2193145752, 114.815635681, 62.4909629822, 16.7935638428, -18.9284210205, -7.14729833603, 12.0929718018], [-344.936401367, -51.4753341675, 78.3021774292, 78.9303359985, 35.3135986328, 6.04666042328, 24.4575366974, 62.4909629822, 92.2613220215, 38.7035293579, -11.9010877609, -4.85754060745, 11.9004230499], [-121.919815063, -51.0896453857, 21.9701023102, 46.994430542, 30.5095596313, 17.2725734711, 5.73958158493, 16.7935638428, 38.7035293579, 66.7272796631, 20.6862258911, 11.4940786362, 10.907834053], [98.553894043, -15.0584974289, -29.4597702026, -15.6274652481, 2.13316369057, 17.1374130249, -2.18324351311, -18.9284210205, -11.9010877609, 20.6862258911, 65.7051086426, 30.4972324371, 5.1709113121], [-106.601715088, 44.4169807434, -12.5261936188, 26.3696174622, 10.4849882126, 15.6217012405, 11.16355896, -7.14729833603, -4.85754060745, 11.4940786362, 30.4972324371, 54.9226112366, 20.6871166229], [-107.056602478, -9.00104141235, 20.8061237335, 23.0621891022, 3.84535956383, 2.88855934143, 4.53625869751, 12.0929718018, 11.9004230499, 10.907834053, 5.1709113121, 20.6871166229, 51.0604629517]], "icov": [[0.000190583756194, 0.000181169671123, 0.00029260708834, 0.000165923178429, 0.000152021733811, 4.55926347058e-05, 0.000383024918847, -0.000220204819925, 0.000387703039451, -8.28324937174e-06, -0.000138742980198, 0.000132363886223, 0.000113282789243], [0.000181169671123, 0.000769695849158, 0.000395438226406, -0.000187011770322, 0.000989541294985, -1.84539603652e-05, -0.000348683388438, 0.000896473240573, -8.14206068753e-05, 0.000246087205596, 0.000351523834979, -0.000453308894066, 0.000298514903989], [0.00029260708834, 0.000395438226406, 0.00253106164746, -0.00109360425267, 0.000511917925905, 7.44057106203e-05, 0.000644110084977, -0.000983931822702, 0.000203297153348, 0.000583949149586, -0.000479930982692, 0.00127020897344, -0.000359312078217], [0.000165923178429, -0.000187011770322, -0.00109360425267, 0.00541493622586, -0.00530204502866, 0.00182457920164, 0.00135282857809, -0.00162946723867, -0.00015231553698, -0.00091254565632, 0.00144779135007, -0.003073687898, 0.000205742326216], [0.000152021733811, 0.000989541294985, 0.000511917925905, -0.00530204502866, 0.013459790498, -0.00809405278414, 0.00014807129628, 0.00298930541612, -0.00150632823352, 8.05592499091e-05, 0.000460909912363, 0.0014235858107, 0.00111285166349], [4.55926347058e-05, -1.84539603652e-05, 7.44057106203e-05, 0.00182457920164, -0.00809405278414, 0.0189093332738, -0.0106720048934, -0.000586636539083, 0.00455927662551, -0.00303294346668, -0.00320781255141, 0.000481415831018, -0.000420076336013], [0.000383024918847, -0.000348683388438, 0.000644110084977, 0.00135282857809, 0.00014807129628, -0.0106720048934, 0.0226874966174, -0.00931476894766, -0.00102656893432, 0.00289667421021, 0.00173535523936, -0.00470898207277, 0.00200375169516], [-0.000220204819925, 0.000896473240573, -0.000983931822702, -0.00162946723867, 0.00298930541612, -0.000586636539083, -0.00931476894766, 0.0213093105704, -0.0112430658191, 0.00185229105409, 0.0022698843386, 0.00191409455147, -0.0023586768657], [0.000387703039451, -8.14206068753e-05, 0.000203297153348, -0.00015231553698, -0.00150632823352, 0.00455927662551, -0.00102656893432, -0.0112430658191, 0.0267789624631, -0.0136033473536, 0.0030172674451, 0.00272247707471, -0.00134982052259], [-8.28324937174e-06, 0.000246087205596, 0.000583949149586, -0.00091254565632, 8.05592499091e-05, -0.00303294346668, 0.00289667421021, 0.00185229105409, -0.0136033473536, 0.0266924202442, -0.00910923909396, -0.000170870611328, -0.00187028991058], [-0.000138742980198, 0.000351523834979, -0.000479930982692, 0.00144779135007, 0.000460909912363, -0.00320781255141, 0.00173535523936, 0.0022698843386, 0.0030172674451, -0.00910923909396, 0.0271604433656, -0.0147125162184, 0.00322068203241], [0.000132363886223, -0.000453308894066, 0.00127020897344, -0.003073687898, 0.0014235858107, 0.000481415831018, -0.00470898207277, 0.00191409455147, 0.00272247707471, -0.000170870611328, -0.0147125162184, 0.0344177223742, -0.012153509073], [0.000113282789243, 0.000298514903989, -0.000359312078217, 0.000205742326216, 0.00111285166349, -0.000420076336013, 0.00200375169516, -0.0023586768657, -0.00134982052259, -0.00187028991058, 0.00322068203241, -0.012153509073, 0.0255607757717]]}, "silence_rate_20dB": {"dvar2": 0, "var": 0, "min": 1, "dmean": 0, "mean": 1, "max": 1, "dmean2": 0, "median": 1, "dvar": 0}, "melbands_kurtosis": {"dvar2": 78435.859375, "var": 61127.59375, "min": -1.84095859528, "dmean": 146.824691772, "mean": 236.364257812, "max": 3203.01586914, "dmean2": 228.291702271, "median": 170.715805054, "dvar": 33425.0664062}, "barkbands_spread": {"dvar2": 712.317199707, "var": 506.19821167, "min": 0.0404931046069, "dmean": 10.4155349731, "mean": 13.0674476624, "max": 123.879432678, "dmean2": 16.3847827911, "median": 2.94273161888, "dvar": 341.09979248}, "erbbands_skewness": {"dvar2": 2.74365663528, "var": 4.12560272217, "min": -4.32931613922, "dmean": 1.1060281992, "mean": 1.19038426876, "max": 13.1669092178, "dmean2": 1.60323429108, "median": 0.87074303627, "dvar": 1.31635737419}, "average_loudness": 0.944006502628, "spectral_centroid": {"dvar2": 907158.375, "var": 856070.75, "min": 60.6935310364, "dmean": 453.938476562, "mean": 818.295715332, "max": 11572.5234375, "dmean2": 702.868347168, "median": 417.093811035, "dvar": 422084.8125}, "dissonance": {"dvar2": 0.0010719713755, "var": 0.00127329223324, "min": 0.16482912004, "dmean": 0.0172532945871, "mean": 0.467206925154, "max": 0.500000119209, "dmean2": 0.0275369212031, "median": 0.478043377399, "dvar": 0.000445074780146}, "erbbands_flatness_db": {"dvar2": 0.00181661325041, "var": 0.00346411182545, "min": 0.0405801683664, "dmean": 0.0311812888831, "mean": 0.145516484976, "max": 0.47343480587, "dmean2": 0.0452996082604, "median": 0.134182021022, "dvar": 0.000913839030545}, "spectral_strongpeak": {"dvar2": 0.580030918121, "var": 0.189166322351, "min": 0, "dmean": 0.26279810071, "mean": 0.468739151955, "max": 19.0405311584, "dmean2": 0.44671446085, "median": 0.36080121994, "dvar": 0.202010065317}, "spectral_rms": {"dvar2": 8.53927485878e-06, "var": 1.22774063129e-05, "min": 3.17534778853e-12, "dmean": 0.00205058930442, "mean": 0.00704758847132, "max": 0.0184930656105, "dmean2": 0.00319377169944, "median": 0.00629756692797, "dvar": 3.83239148505e-06}, "silence_rate_60dB": {"dvar2": 0.0131743783131, "var": 0.0231059584767, "min": 0, "dmean": 0.00542519986629, "mean": 0.023665830493, "max": 1, "dmean2": 0.0108511364087, "median": 0, "dvar": 0.00539613654837}, "melbands": {"dvar2": [0.000190941180335, 0.000324641558109, 0.000103381848021, 1.54148983711e-05, 5.78516221594e-07, 2.67197037829e-07, 1.76114383521e-07, 2.74749343276e-08, 9.55721812801e-09, 2.12459845272e-08, 1.46347733931e-08, 9.52077261474e-09, 1.11500684241e-08, 1.7955944287e-08, 1.5051906388e-08, 1.08048725522e-08, 7.19822468298e-09, 1.58245008208e-08, 3.98005672864e-09, 2.0904047382e-09, 8.26235801998e-10, 7.01922409085e-10, 2.22956386686e-09, 1.79005132939e-09, 7.54944051717e-10, 1.22637219824e-10, 7.98391214252e-11, 1.58880408829e-10, 6.22292495311e-10, 1.52160187228e-10, 1.74268335873e-10, 5.26288346236e-10, 5.47765333092e-10, 3.6751224286e-10, 5.2483517532e-10, 4.77678341326e-10, 1.63631913574e-10, 1.51629805933e-10, 5.77090007725e-11, 1.00814911974e-10], "var": [0.000155296744197, 0.000150883002789, 2.66643965006e-05, 3.38633935826e-06, 1.5943307119e-07, 7.64015339882e-08, 4.35736140503e-08, 6.71208510994e-09, 2.85777601583e-09, 6.15794126801e-09, 5.48325296279e-09, 4.35096803031e-09, 3.77721542932e-09, 6.42297104392e-09, 7.9138766651e-09, 3.61666052662e-09, 2.67529687292e-09, 4.39369030047e-09, 1.34124944484e-09, 7.32077176657e-10, 3.70111996606e-10, 2.66688726658e-10, 7.01094071687e-10, 5.88224025044e-10, 2.26824836691e-10, 6.80365139227e-11, 4.04071914817e-11, 7.08227573809e-11, 1.67425726061e-10, 5.77150757741e-11, 7.00668759124e-11, 1.67880001567e-10, 1.91067564548e-10, 1.30876753879e-10, 2.69430061595e-10, 2.45417741684e-10, 6.30441185367e-11, 5.4504172009e-11, 2.58441861661e-11, 3.60085086748e-11], "min": [2.12309566967e-24, 2.77999197836e-24, 2.14265942012e-24, 3.75105450914e-24, 4.3071363663e-24, 3.82326959742e-24, 5.89965996833e-24, 1.64272493511e-24, 4.42873296395e-24, 3.27363726981e-24, 2.22897993