{"tonal": {"thpcp": [1, 0.532688260078, 0.382345676422, 0.444821536541, 0.314848184586, 0.368881165981, 0.404963493347, 0.281648278236, 0.558521986008, 0.752415180206, 0.398475527763, 0.204176932573, 0.223744720221, 0.261897444725, 0.710920214653, 0.994664430618, 0.572364389896, 0.239453867078, 0.182039782405, 0.164430737495, 0.5141274333, 0.784247040749, 0.489059060812, 0.521972298622, 0.695658445358, 0.381586670876, 0.213428288698, 0.212476059794, 0.183883696795, 0.433626055717, 0.589146673679, 0.332752108574, 0.163326784968, 0.164470419288, 0.241521865129, 0.762169420719], "hpcp": {"dmean2": [0.095533952117, 0.100942701101, 0.172056272626, 0.20484161377, 0.177747905254, 0.169730067253, 0.193613752723, 0.149136632681, 0.103394538164, 0.0990507826209, 0.0971742421389, 0.155552566051, 0.161758705974, 0.121299229562, 0.0856609046459, 0.0925170779228, 0.130578488111, 0.202312350273, 0.224726691842, 0.182864829898, 0.152439907193, 0.133473783731, 0.111242502928, 0.126881912351, 0.13262437284, 0.122789464891, 0.185274213552, 0.18448355794, 0.154762834311, 0.112024247646, 0.117480628192, 0.135341092944, 0.198516741395, 0.213881924748, 0.186975821853, 0.116447873414], "median": [0.0109332641587, 0.0160947088152, 0.0636166706681, 0.0947947278619, 0.0771156847477, 0.0607321932912, 0.0586484335363, 0.0449217408895, 0.020986193791, 0.0192151200026, 0.0245375372469, 0.0470114275813, 0.0467200502753, 0.033349942416, 0.0176228731871, 0.0152433086187, 0.029653377831, 0.115099467337, 0.162109866738, 0.091751344502, 0.0250224620104, 0.014778685756, 0.0348461456597, 0.0527483597398, 0.0493440441787, 0.0325715318322, 0.060088917613, 0.0616277717054, 0.0397185124457, 0.0193925406784, 0.0168940667063, 0.0350332595408, 0.109087668359, 0.124320365489, 0.0731548890471, 0.020686160773], "min": [0, 0, 0, 0, 0, 0, 0, 0, 0, 0, 0, 0, 0, 0, 0, 0, 0, 0, 0, 0, 0, 0, 0, 0, 0, 0, 0, 0, 0, 0, 0, 0, 0, 0, 0, 0], "dvar2": [0.0450460463762, 0.0453353784978, 0.0626476183534, 0.0822667852044, 0.0597581937909, 0.0570745617151, 0.0830182731152, 0.0584200359881, 0.0434297956526, 0.0468022488058, 0.0376056171954, 0.0637777000666, 0.0714896991849, 0.0410789959133, 0.0307928379625, 0.0369436852634, 0.0535030588508, 0.0757604762912, 0.0929339230061, 0.0636121481657, 0.0603565312922, 0.0659713670611, 0.0379116311669, 0.0393331833184, 0.049112547189, 0.0442062839866, 0.0764064416289, 0.0825848951936, 0.0626763999462, 0.0462556928396, 0.0550878420472, 0.0502655878663, 0.0713350176811, 0.0989413037896, 0.0723461434245, 0.0469034388661], "dvar": [0.0167112164199, 0.0162647850811, 0.0245645362884, 0.0370390750468, 0.023072656244, 0.0223938785493, 0.0359200499952, 0.0220426805317, 0.0165218636394, 0.0179531332105, 0.0135520007461, 0.0245977286249, 0.0308514330536, 0.0161032341421, 0.0113973477855, 0.0133104939014, 0.0191470980644, 0.0290478020906, 0.0395687334239, 0.0241211876273, 0.0231587216258, 0.0280562974513, 0.0140157360584, 0.0152273653075, 0.020446319133, 0.0164740867913, 0.0296420305967, 0.0373271889985, 0.0227458756417, 0.0165464766324, 0.020093632862, 0.0177821330726, 0.0267996583134, 0.0414349734783, 0.026957301423, 0.0172239728272], "dmean": [0.0534548386931, 0.056538425386, 0.101271055639, 0.121862985194, 0.104856520891, 0.100352987647, 0.114164285362, 0.0865785032511, 0.0594174489379, 0.0574490763247, 0.0554306544363, 0.0936971157789, 0.0994728803635, 0.0725376009941, 0.048862606287, 0.052320599556, 0.0742660909891, 0.122363246977, 0.136803433299, 0.10870732367, 0.0888237804174, 0.0782371610403, 0.0653457120061, 0.0745593383908, 0.0783335417509, 0.0710627511144, 0.109757333994, 0.110292106867, 0.0893616527319, 0.062877856195, 0.0663819015026, 0.0772747024894, 0.118957541883, 0.12744012475, 0.1105434075, 0.0664708837867], "max": [1, 1, 1, 1, 1, 1, 1, 1, 1, 1, 1, 1, 1, 1, 1, 1, 1, 1, 1, 1, 1, 1, 1, 1, 1, 1, 1, 1, 1, 1, 1, 1, 1, 1, 1, 1], "var": [0.0243643410504, 0.0129737332463, 0.0513058751822, 0.106176868081, 0.0381717905402, 0.0532908812165, 0.103565506637, 0.0323330685496, 0.0213780086488, 0.0242712423205, 0.011628748849, 0.0456908382475, 0.0875576511025, 0.0307452846318, 0.0104771899059, 0.0117787094787, 0.0180856138468, 0.0841533839703, 0.128877282143, 0.0428622737527, 0.0457517728209, 0.0830722376704, 0.0279231388122, 0.0263074096292, 0.0470984019339, 0.0242214538157, 0.0630244761705, 0.118883796036, 0.036160711199, 0.0167214162648, 0.02407120727, 0.0186863802373, 0.0706700533628, 0.141577959061, 0.0548276938498, 0.0263634789735], "mean": [0.0596442297101, 0.0538747310638, 0.16845074296, 0.256953775883, 0.160237237811, 0.171021059155, 0.227928265929, 0.125024557114, 0.0699284821749, 0.0696164891124, 0.060248374939, 0.142074942589, 0.193030327559, 0.109024204314, 0.0535130314529, 0.053887732327, 0.0791331753135, 0.249720185995, 0.327643930912, 0.174532070756, 0.125273242593, 0.145743072033, 0.103158101439, 0.120861671865, 0.132683828473, 0.0922803506255, 0.182996332645, 0.246524259448, 0.130558088422, 0.0668973326683, 0.0733086019754, 0.0858091115952, 0.232928693295, 0.325895756483, 0.187531709671, 0.0784556046128]}, "tuning_equal_tempered_deviation": 0.057766597718, "chords_changes_rate": 0.0547282919288, "key_key": "G#", "tuning_diatonic_strength": 0.49204608798, "key_scale": "minor", "chords_number_rate": 0.00270740664564, "tuning_frequency": 441.527557373, "tuning_nontempered_energy_ratio": 0.684069275856, "chords_histogram": [22.1040420532, 8.29626750946, 18.5650749207, 8.29626750946, 1.08296263218, 6.82653236389, 1.62444400787, 7.96751117706, 0.232063427567, 6.71050071716, 0, 1.54708957672, 0, 0, 0, 0, 0.232063427567, 0, 0.116031713784, 0, 1.06362402439, 1.43105781078, 2.33997297287, 11.564494133], "key_strength": 0.700604438782, "chords_key": "G#", "chords_strength": {"dmean2": 0.00755974464118, "median": 0.509588479996, "min": 0.21843598783, "dvar2": 4.97304936289e-05, "dvar": 5.85615016462e-05, "dmean": 0.00961571373045, "max": 0.778153657913, "var": 0.0114190913737, "mean": 0.512384474277}, "chords_scale": "minor", "hpcp_entropy": {"dmean2": 1.03069639206, "median": 1.78705239296, "min": 0, "dvar2": 0.774623692036, "dvar": 0.290101766586, "dmean": 0.614435613155, "max": 4.22255134583, "var": 0.59486335516, "mean": 1.76138281822}}, "metadata": {"audio_properties": {"equal_loudness": 0, "codec": "mp3", "downmix": "mix", "sample_rate": 44100, "analysis_sample_rate": 44100, "bit_rate": 128014, "md5_encoded": "a26c9afc93953183531ca4e7296c7e78", "length": 240.065307617, "replay_gain": -4.47002029419, "lossless": false}, "version": {"essentia_build_sha": "2d9f1f26377add8aeb1075a9c2973f962c4f09fd", "essentia": "2.1-beta2", "extractor": "music 1.0", "essentia_git_sha": "v2.1_beta2-1-ge3940c0"}, "tags": {"title": ["Fortress of the Knight"], "language": ["eng"], "musicip_puid": ["da0b1fe2-3bf0-16a3-753a-58d842da8ac8"], "albumartist": ["Vurez"], "file_name": "08 Fortress of the Knight.mp3", "musicbrainz album type": ["album"], "musicbrainz_releasegroupid": ["f3d2d823-850c-4444-bd00-fb0f03025111"], "acoustid_id": ["9237f332-d588-4dc3-ae14-aadf73f0ba04"], "musicbrainz_recordingid": ["0fea15a3-58a2-4a02-b665-58f1ec390309"], "musicbrainz_artistid": ["9afee088-8c60-4617-bb02-a68a33cfee5e"], "musicbrainz_albumartistid": ["9afee088-8c60-4617-bb02-a68a33cfee5e"], "musicbrainz_albumid": ["d242297d-8716-4b99-b203-60973b8bde1c"], "artist": ["Vurez"], "tracknumber": ["8/8"], "artistsort": ["Vurez"], "album": ["Intercontinental Contenders - Mega Man 6 Remix Album"], "albumartistsort": ["Vurez"], "discnumber": ["1/1"], "script": ["Latn"], "musicbrainz album status": ["official"]}}, "rhythm": {"bpm_histogram_first_peak_bpm": {"dmean2": 0, "median": 140, "min": 140, "dvar2": 0, "dvar": 0, "dmean": 0, "max": 140, "var": 0, "mean": 140}, "bpm": 139.962020874, "bpm_histogram_second_peak_spread": {"dmean2": 0, "median": 0.471698105335, "min": 0.471698105335, "dvar2": 0, "dvar": 0, "dmean": 0, "max": 0.471698105335, "var": 0, "mean": 0.471698105335}, "bpm_histogram_first_peak_weight": {"dmean2": 0, "median": 0.7377358675, "min": 0.7377358675, "dvar2": 0, "dvar": 0, "dmean": 0, "max": 0.7377358675, "var": 0, "mean": 0.7377358675}, "onset_rate": 2.82402658463, "beats_position": [0.49922901392, 0.9287981987, 1.369977355, 1.82276642323, 2.2523355484, 2.69351458549, 3.12308382988, 3.55265307426, 3.98222208023, 4.41179132462, 4.841360569, 5.27092981339, 5.70049858093, 6.13006782532, 6.5596370697, 6.98920631409, 7.41877555847, 7.84834432602, 8.27791404724, 8.70748329163, 9.13705158234, 9.56662082672, 9.98458003998, 10.4141492844, 10.8437185287, 11.2732877731, 11.7028570175, 12.1324262619, 12.5619955063, 12.9915647507, 13.4211339951, 13.8507022858, 14.2802715302, 14.6982307434, 15.1277999878, 15.5573692322, 15.9869384766, 16.4165077209, 16.8460769653, 17.2756462097, 17.7052154541, 18.1347846985, 18.5643539429, 18.9939231873, 19.4234924316, 19.853061676, 20.2826309204, 20.7121982574, 21.1417675018, 21.5713367462, 22.0009059906, 22.430475235, 22.8600444794, 23.2896137238, 23.7307929993, 24.1487522125, 24.5667114258, 24.9962806702, 25.4258499146, 25.8554191589, 26.2849884033, 26.7029476166, 27.132516861, 27.5620861053, 27.9916553497, 28.4212245941, 28.8507938385, 29.2803630829, 29.6983222961, 30.1278915405, 30.5574588776, 30.9870281219, 31.4165973663, 31.8461666107, 32.2757377625, 32.6936950684, 33.1232643127, 33.5528335571, 33.9824028015, 34.4119720459, 34.8415412903, 35.2711105347, 35.7006797791, 36.1302490234, 36.5482063293, 36.9777755737, 37.4073448181, 37.8369140625, 38.2664833069, 38.6960525513, 39.1256217957, 39.55519104, 39.9847602844, 40.4143295288, 40.8322906494, 41.2618598938, 41.6914291382, 42.1209983826, 42.5621757507, 42.9917449951, 43.4213142395, 43.8508834839, 44.2688446045, 44.6984100342, 45.1279792786, 45.5575485229, 45.9871177673, 46.4166870117, 46.8462562561, 47.2758255005, 47.7053947449, 48.1349639893, 48.5645332336, 48.994102478, 49.4236717224, 49.8532409668, 50.2712020874, 50.7007713318, 51.1303405762, 51.5599098206, 51.9894790649, 52.4190483093, 52.8486175537, 53.2781867981, 53.7077522278, 54.1373214722, 54.5552825928, 54.9848518372, 55.4144210815, 55.8439903259, 56.2619476318, 56.6915168762, 57.1210861206, 57.550655365, 57.9802246094, 58.4097938538, 58.8393630981, 59.2689323425, 59.6985015869, 60.1280708313, 60.5576400757, 60.9872093201, 61.4167785645, 61.8463478088, 62.2759170532, 62.6938781738, 63.1234474182, 63.5530128479, 63.9825820923, 64.4121551514, 64.8417205811, 65.2712936401, 65.7008590698, 66.1304321289, 66.5599975586, 66.9895706177, 67.4191360474, 67.8487091064, 68.2666625977, 68.6962356567, 69.1258010864, 69.5553741455, 69.9849395752, 70.4145126343, 70.844078064, 71.273651123, 71.7032165527, 72.1327896118, 72.5623550415, 72.9803161621, 73.4098815918, 73.8394546509, 74.2690200806, 74.6985931396, 75.1281585693, 75.5577316284, 75.9872970581, 76.4168701172, 76.8464355469, 77.276008606, 77.7055740356, 78.1351470947, 78.5647125244, 78.9942855835, 79.4238510132, 79.8534240723, 80.282989502, 80.712562561, 81.1305236816, 81.5600891113, 81.9896621704, 82.4192276001, 82.8487930298, 83.2783660889, 83.7079315186, 84.1375045776, 84.5670700073, 84.9966430664, 85.4262084961, 85.8441696167, 86.2737426758, 86.7033081055, 87.1328811646, 87.5624465942, 87.9920196533, 88.421585083, 88.8511581421, 89.2807235718, 89.6986846924, 90.1282501221, 90.5578231812, 90.9873886108, 91.4169616699, 91.8465270996, 92.2761001587, 92.6940536499, 93.123626709, 93.5531921387, 93.9827651978, 94.4123306274, 94.8419036865, 95.2714691162, 95.7010421753, 96.130607605, 96.5601806641, 96.9897460938, 97.4077072144, 97.8372802734, 98.2668457031, 98.6848068237, 99.1143722534, 99.5439453125, 99.9851226807, 100.41469574, 100.844261169, 101.482810974, 102.121360779, 102.771514893, 103.410064697, 104.048614502, 104.698776245, 105.348930359, 105.987480164, 106.626029968, 107.264579773, 107.903129578, 108.553283691, 109.203445435, 109.841995239, 110.480545044, 111.130699158, 111.769248962, 112.407798767, 113.05796051, 113.696502686, 114.346664429, 114.985214233, 115.623764038, 116.262313843, 116.912467957, 117.5626297, 118.201179504, 118.839729309, 119.489883423, 120.128433228, 120.766983032, 121.405532837, 122.044082642, 122.694236755, 123.344398499, 123.994552612, 124.633102417, 125.271652222, 125.921813965, 126.56036377, 127.198905945, 127.849067688, 128.487609863, 129.126159668, 129.776321411, 130.426483154, 131.076644897, 131.726806641, 132.376953125, 133.038726807, 133.700500488, 134.362258911, 135.024032593, 135.697418213, 136.370788574, 136.823577881, 137.253143311, 137.694335938, 138.135513306, 138.565078735, 138.994644165, 139.412597656, 139.842178345, 140.271743774, 140.701309204, 141.130874634, 141.548843384, 141.978408813, 142.407974243, 142.837554932, 143.267120361, 143.696685791, 144.126251221, 144.555831909, 144.985397339, 145.414962769, 145.844528198, 146.274108887, 146.703674316, 147.121627808, 147.551193237, 147.980773926, 148.410339355, 148.839904785, 149.269470215, 149.699050903, 150.128616333, 150.558181763, 150.987747192, 151.417327881, 151.846893311, 152.27645874, 152.70602417, 153.135604858, 153.55355835, 153.983123779, 154.412689209, 154.842269897, 155.271835327, 155.701400757, 156.130966187, 156.572158813, 157.001724243, 157.431289673, 157.872467041, 158.302032471, 158.720001221, 159.137954712, 159.567520142, 159.985488892, 160.415054321, 160.844619751, 161.274185181, 161.703765869, 162.133331299, 162.562896729, 162.980865479, 163.410430908, 163.839996338, 164.269561768, 164.699142456, 165.128707886, 165.558273315, 165.987838745, 166.417419434, 166.835372925, 167.264938354, 167.694503784, 168.124084473, 168.553649902, 168.983215332, 169.412780762, 169.84236145, 170.27192688, 170.70149231, 171.131057739, 171.560638428, 171.990203857, 172.408157349, 172.837722778, 173.267303467, 173.696868896, 174.126434326, 174.555999756, 174.985580444, 175.415145874, 175.844711304, 176.274276733, 176.703857422, 177.133422852, 177.562988281, 177.992553711, 178.422134399, 178.840087891, 179.26965332, 179.69921875, 180.128799438, 180.558364868, 180.987930298, 181.417495728, 181.847076416, 182.276641846, 182.706207275, 183.135772705, 183.565353394, 183.994918823, 184.412872314, 184.842453003, 185.272018433, 185.701583862, 186.131149292, 186.560714722, 186.99029541, 187.41986084, 187.84942627, 188.26739502, 188.696960449, 189.126525879, 189.556091309, 189.985671997, 190.403625488, 190.833190918, 191.262756348, 191.692337036, 192.121902466, 192.563079834, 192.981033325, 193.410614014, 193.840179443, 194.258132935, 194.687713623, 195.117279053, 195.546844482, 195.976409912, 196.405975342, 196.83555603, 197.26512146, 197.69468689, 198.11265564, 198.542221069, 198.971786499, 199.412963867, 199.842529297, 200.260498047, 200.690063477, 201.119628906, 201.549209595, 201.978775024, 202.408340454, 202.837905884, 203.267486572, 203.697052002, 204.126617432, 204.556182861, 204.985748291, 205.415328979, 205.844894409, 206.2628479, 206.692428589, 207.121994019, 207.551559448, 207.981124878, 208.410705566, 208.840270996, 209.269836426, 209.699401855, 210.128982544, 210.558547974, 210.976501465, 211.394470215, 211.824035645, 212.253601074, 212.683166504, 213.112747192, 213.553924561, 213.98348999, 214.41305542, 214.831008911, 215.248977661, 215.678543091, 216.108108521, 216.537689209, 216.967254639, 217.396820068, 217.826385498, 218.255966187, 218.697143555, 219.126708984, 219.556274414, 219.985839844, 220.415420532, 220.833374023, 221.262939453, 221.692520142, 222.122085571, 222.551651001, 222.981216431, 223.410797119, 223.840362549, 224.269927979, 224.699493408, 225.117462158, 225.547027588, 225.976593018, 226.406158447, 226.835739136, 227.265304565, 227.694869995, 228.112823486, 228.542404175, 228.971969604, 229.401535034, 229.831100464, 230.249069214, 230.678634644, 231.108200073, 231.526168823, 231.967346191, 232.40852356, 232.849700928, 233.290878296, 233.743667603, 234.196456909, 234.660858154, 235.055603027, 235.46194458, 235.868301392, 236.274642944, 236.657775879, 237.029296875, 237.412414551, 237.795547485, 238.17868042, 238.550201416, 238.933334351, 239.316452026], "beats_loudness": {"dmean2": 0.0277164857835, "median": 0.0239974372089, "min": 3.32296190564e-09, "dvar2": 0.000774524640292, "dvar": 0.000261351844529, "dmean": 0.0158460140228, "max": 0.12128970027, "var": 0.000420793483499, "mean": 0.0288407281041}, "danceability": 1.04696857929, "bpm_histogram_second_peak_weight": {"dmean2": 0, "median": 0.0528301894665, "min": 0.0528301894665, "dvar2": 0, "dvar": 0, "dmean": 0, "max": 0.0528301894665, "var": 0, "mean": 0.0528301894665}, "beats_count": 531, "bpm_histogram_second_peak_bpm": {"dmean2": 0, "median": 94, "min": 94, "dvar2": 0, "dvar": 0, "dmean": 0, "max": 94, "var": 0, "mean": 94}, "bpm_histogram_first_peak_spread": {"dmean2": 0, "median": 0.146288186312, "min": 0.146288186312, "dvar2": 0, "dvar": 0, "dmean": 0, "max": 0.146288186312, "var": 0, "mean": 0.146288186312}, "beats_loudness_band_ratio": {"dmean2": [0.409190922976, 0.174314275384, 0.215328782797, 0.168703839183, 0.079010002315, 0.0601881332695], "median": [0.434292703867, 0.126749277115, 0.135092511773, 0.150423958898, 0.0613899864256, 0.0276072770357], "min": [0.00117979268543, 0.0114198606461, 0.00784365460277, 0.000909157388378, 6.04857414146e-05, 6.18316198597e-06], "dvar2": [0.092192016542, 0.0252427868545, 0.0461282208562, 0.0216780304909, 0.0100027918816, 0.00345159275457], "dvar": [0.0300431605428, 0.00832204800099, 0.0167170707136, 0.00806018058211, 0.00342711154372, 0.00130642275326], "dmean": [0.229222506285, 0.0972082987428, 0.123963162303, 0.0993477925658, 0.0451036170125, 0.0340572595596], "max": [0.903597354889, 0.730718493462, 0.886624336243, 0.719105839729, 0.603032112122, 0.344067960978], "var": [0.0499857328832, 0.0111176911741, 0.021001547575, 0.0187232438475, 0.00392234278843, 0.00166656123474], "mean": [0.425888091326, 0.151779800653, 0.174150407314, 0.1828648597, 0.072722569108, 0.0398115105927]}}, "lowlevel": {"barkbands_spread": {"dmean2": 5.46746253967, "median": 19.0678653717, "min": 0.527558386326, "dvar2": 37.8228302002, "dvar": 16.0876064301, "dmean": 3.56156039238, "max": 98.6290740967, "var": 90.3035202026, "mean": 19.5330200195}, "melbands_spread": {"dmean2": 7.46950721741, "median": 23.8206443787, "min": 0.862871527672, "dvar2": 57.4052352905, "dvar": 24.6272754669, "dmean": 4.79600429535, "max": 152.692321777, "var": 194.411758423, "mean": 24.7737731934}, "hfc": {"dmean2": 6.12905454636, "median": 12.7884931564, "min": 1.06181343733e-16, "dvar2": 108.225402832, "dvar": 46.853477478, "dmean": 4.08083629608, "max": 146.938552856, "var": 272.607421875, "mean": 17.5711288452}, "barkbands_kurtosis": {"dmean2": 2.11979532242, "median": 0.498135149479, "min": -1.81951773167, "dvar2": 13.6494092941, "dvar": 5.75097703934, "dmean": 1.35550940037, "max": 72.8817367554, "var": 18.6319599152, "mean": 1.74265694618}, "gfcc": {"mean": [-39.7893562317, 120.149505615, -134.280807495, 20.7417469025, -48.0713615417, 9.01224994659, -29.4324264526, 8.78681945801, -27.5208110809, -3.75904130936, -14.2649793625, -2.35173034668, -10.5952510834], "icov": [[0.000177052977961, -0.000384364131605, 0.000371248694137, -0.000482625793666, 0.000419510062784, -0.000350652524503, 0.000395986018702, -0.000410815642681, 0.000528232369106, -0.000689154316206, 0.000584934721701, -0.00073644524673, 0.000436434318544], [-0.000384364131605, 0.00282488274388, -0.0011963910656, 0.00169666286092, -0.00224623060785, 0.00143775239121, -0.001090914011, 0.00166590022855, -0.00266313552856, 0.0035700565204, -0.00360851408914, 0.00375151191838, -0.00232061883435], [0.000371248694137, -0.0011963910656, 0.00229010055773, -0.000417149305576, 0.000352004572051, -0.0020679901354, 0.00193860393483, -0.00098132470157, 0.000779050111305, -0.00189208250958, 0.00236719218083, -0.00279292045161, 0.00165200373158], [-0.000482625793666, 0.00169666286092, -0.000417149305576, 0.00395123567432, -0.00242168502882, -0.00015670862922, -0.00138045207132, 0.00120261637494, -0.00192734587472, 0.00215349858627, -0.00184029107913, 0.00269628036767, -0.00179136381485], [0.000419510062784, -0.00224623060785, 0.000352004572051, -0.00242168502882, 0.00613977015018, -0.00159148161765, -0.000277621555142, -0.00204002088867, 0.00223911064677, -0.00275575788692, 0.00139667768963, -0.00250273384154, 0.000432781613199], [-0.000350652524503, 0.00143775239121, -0.0020679901354, -0.00015670862922, -0.00159148161765, 0.00991729553789, -0.00272993580438, -7.00180971762e-05, -0.00118839123752, 0.00144707155414, -0.000330364768161, 0.000391648878576, 0.00126761116553], [0.000395986018702, -0.001090914011, 0.00193860393483, -0.00138045207132, -0.000277621555142, -0.00272993580438, 0.00918648485094, -0.00347336078994, 0.00241287937388, -0.000152342676301, -0.0009916939307, 0.00124958180822, -0.00182620307896], [-0.000410815642681, 0.00166590022855, -0.00098132470157, 0.00120261637494, -0.00204002088867, -7.00180971762e-05, -0.00347336078994, 0.0129366861656, -0.00565649755299, 0.00108974135946, 0.0016111403238, -0.00383372209035, 0.00331871700473], [0.000528232369106, -0.00266313552856, 0.000779050111305, -0.00192734587472, 0.00223911064677, -0.00118839123752, 0.00241287937388, -0.00565649755299, 0.013988466002, -0.00430455477908, -0.00238788500428, 0.00368919200264, -0.00105476169847], [-0.000689154316206, 0.0035700565204, -0.00189208250958, 0.00215349858627, -0.00275575788692, 0.00144707155414, -0.000152342676301, 0.00108974135946, -0.00430455477908, 0.0167514141649, -0.00391454575583, 0.00185242365114, -0.000900962506421], [0.000584934721701, -0.00360851408914, 0.00236719218083, -0.00184029107913, 0.00139667768963, -0.000330364768161, -0.0009916939307, 0.0016111403238, -0.00238788500428, -0.00391454575583, 0.0176511146128, -0.0117881288752, 0.00571275828406], [-0.00073644524673, 0.00375151191838, -0.00279292045161, 0.00269628036767, -0.00250273384154, 0.000391648878576, 0.00124958180822, -0.00383372209035, 0.00368919200264, 0.00185242365114, -0.0117881288752, 0.0253420956433, -0.00912483409047], [0.000436434318544, -0.00232061883435, 0.00165200373158, -0.00179136381485, 0.000432781613199, 0.00126761116553, -0.00182620307896, 0.00331871700473, -0.00105476169847, -0.000900962506421, 0.00571275828406, -0.00912483409047, 0.0194326676428]], "cov": [[17702.9316406, -2011.03759766, -1473.1385498, 1451.02929688, -485.108856201, 386.7840271, -216.410293579, 385.702209473, -497.62689209, 408.377258301, -345.004577637, 305.276794434, -242.688018799], [-2011.03759766, 2121.05981445, -85.8400268555, -200.718063354, 344.403015137, -222.482543945, 203.522964478, -202.181503296, 301.479705811, -252.050857544, 289.413421631, -190.491333008, 177.900634766], [-1473.1385498, -85.8400268555, 1254.37512207, -246.287231445, 64.6037979126, 165.628585815, -197.942855835, 87.0375442505, -8.74953365326, 84.702003479, -79.5835266113, 89.0751724243, -83.5409088135], [1451.02929688, -200.718063354, -246.287231445, 585.518859863, 115.156867981, 80.3964309692, 99.5548019409, 35.196762085, -10.0893745422, 6.86556816101, -7.67702627182, -4.67661905289, 13.7218933105], [-485.108856201, 344.403015137, 64.6037979126, 115.156867981, 339.971282959, 34.4645004272, 94.5084609985, 15.7454061508, 41.0475769043, -22.7438755035, 51.7874450684, -6.57264137268, 36.3823051453], [386.7840271, -222.482543945, 165.628585815, 80.3964309692, 34.4645004272, 183.685974121, 5.2081861496, 63.2269363403, -27.623003006, 35.7161102295, -37.8019866943, 33.9793663025, -37.7575035095], [-216.410293579, 203.522964478, -197.942855835, 99.5548019409, 94.5084609985, 5.2081861496, 215.332290649, 4.8968167305, 27.4360160828, -46.5668945313, 47.997127533, -32.5713577271, 42.0505523682], [385.702209473, -202.181503296, 87.0375442505, 35.196762085, 15.7454061508, 63.2269363403, 4.8968167305, 145.309738159, 1.87670135498, 39.6439857483, -27.3879451752, 40.0779571533, -36.9817581177], [-497.62689209, 301.479705811, -8.74953365326, -10.0893745422, 41.0475769043, -27.623003006, 27.4360160828, 1.87670135498, 151.125015259, -17.0598201752, 57.7408599854, -41.9463920593, 20.8784885406], [408.377258301, -252.050857544, 84.702003479, 6.86556816101, -22.7438755035, 35.7161102295, -46.5668945313, 39.6439857483, -17.0598201752, 113.774871826, -22.6327724457, 35.7494888306, -31.0196914673], [-345.004577637, 289.413421631, -79.5835266113, -7.67702627182, 51.7874450684, -37.8019866943, 47.997127533, -27.3879451752, 57.7408599854, -22.6327724457, 134.574676514, 2.3048658371, 22.4730548859], [305.276794434, -190.491333008, 89.0751724243, -4.67661905289, -6.57264137268, 33.9793663025, -32.5713577271, 40.0779571533, -41.9463920593, 35.7494888306, 2.3048658371, 95.7786178589, -5.90635108948], [-242.688018799, 177.900634766, -83.5409088135, 13.7218933105, 36.3823051453, -37.7575035095, 42.0505523682, -36.9817581177, 20.8784885406, -31.0196914673, 22.4730548859, -5.90635108948, 88.7570114136]]}, "spectral_energyband_middle_low": {"dmean2": 0.00499302987009, "median": 0.00661221379414, "min": 1.83932550466e-22, "dvar2": 8.69266150403e-05, "dvar": 3.52885108441e-05, "dmean": 0.00325699942186, "max": 0.184321299195, "var": 0.000110596462036, "mean": 0.0097185773775}, "melbands_crest": {"dmean2": 4.070271492, "median": 11.0821533203, "min": 1.57278132439, "dvar2": 15.3302021027, "dvar": 6.08122062683, "dmean": 2.52696180344, "max": 32.3355026245, "var": 20.5871257782, "mean": 11.9244937897}, "spectral_kurtosis": {"dmean2": 6.11107826233, "median": 5.45381832123, "min": -1.25050830841, "dvar2": 151.240280151, "dvar": 58.0497131348, "dmean": 3.587007761, "max": 249.451187134, "var": 366.855743408, "mean": 10.435792923}, "spectral_rms": {"dmean2": 0.000846166512929, "median": 0.00400008959696, "min": 3.14495760163e-12, "dvar2": 1.64335858699e-06, "dvar": 6.81960045767e-07, "dmean": 0.000552080688067, "max": 0.016244424507, "var": 3.47159902958e-06, "mean": 0.00417351070791}, "zerocrossingrate": {"dmean2": 0.00806934572756, "median": 0.0537109375, "min": 0.00732421875, "dvar2": 0.000108641361294, "dvar": 7.12741457392e-05, "dmean": 0.00662983814254, "max": 0.51220703125, "var": 0.00129747693427, "mean": 0.0569234415889}, "silence_rate_60dB": {"dmean2": 0.0340491384268, "median": 0, "min": 0, "dvar2": 0.0383071489632, "dvar": 0.016733314842, "dmean": 0.0170229226351, "max": 1, "var": 0.0690906643867, "mean": 0.0746615082026}, "erbbands_kurtosis": {"dmean2": 1.24572527409, "median": 0.111972622573, "min": -1.63690876961, "dvar2": 4.19201612473, "dvar": 1.76967954636, "dmean": 0.791349291801, "max": 53.9012947083, "var": 5.03025913239, "mean": 0.611346721649}, "erbbands": {"dmean2": [0.0877989381552, 0.695629954338, 1.82568275928, 4.62317323685, 6.57244205475, 6.58701133728, 5.77401208878, 9.41447544098, 12.9626684189, 19.3784370422, 19.5893440247, 22.5622348785, 28.0976009369, 36.81590271, 47.4580726624, 35.1331367493, 31.3359508514, 18.7164268494, 17.558134079, 20.4816207886, 18.9108066559, 17.5802593231, 15.5986757278, 13.4687728882, 9.54017353058, 6.92522525787, 4.40010595322, 3.88173174858, 2.02470541, 1.5837444067, 1.20485985279, 0.659847855568, 0.442362546921, 0.343651890755, 0.230687454343, 0.100236661732, 0.0489035286009, 0.00879450235516, 0.000276045873761, 1.60759045684e-05], "median": [0.0296299755573, 0.336532324553, 1.21965956688, 2.54253458977, 3.70992708206, 3.61853075027, 3.07643055916, 4.71199321747, 7.73797416687, 8.28297233582, 8.45439434052, 10.8134469986, 12.8553314209, 20.0071640015, 22.3851680756, 21.741519928, 15.2416448593, 10.9390087128, 10.8491344452, 12.2457332611, 11.0709543228, 12.9042768478, 11.1165237427, 9.49987697601, 6.84614944458, 4.20615816116, 2.47425246239, 1.63252186775, 0.739946961403, 0.318133711815, 0.239232689142, 0.140619933605, 0.0822047144175, 0.0460215806961, 0.0196023099124, 0.00649647740647, 0.00154875055887, 0.000176090834429, 1.90843602468e-05, 2.24756295211e-05], "min": [8.84740637363e-23, 1.10297284737e-21, 2.23915469412e-21, 7.59877272039e-21, 2.27358491581e-20, 3.4325197224e-20, 2.82693465672e-20, 6.27755186308e-20, 1.42892788331e-19, 2.71240587867e-19, 3.86399380277e-19, 5.12283655003e-19, 4.81979944961e-19, 7.12173762882e-19, 1.00372080761e-18, 1.28746050812e-18, 2.09581469673e-18, 1.97859513892e-18, 2.70327587266e-18, 2.58025240208e-18, 4.73098754878e-18, 5.48847571319e-18, 6.91700174182e-18, 9.10755632923e-18, 8.69782895641e-18, 9.73080962383e-18, 1.06647569196e-17, 1.18566323652e-17, 1.29114001428e-17, 1.43385737311e-17, 1.22365208518e-17, 1.07138517433e-17, 1.21449999345e-17, 7.97228568009e-18, 6.89357929559e-18, 4.74563443589e-18, 2.40273447954e-18, 1.07235208643e-18, 2.68948315293e-19, 2.6809983478e-20], "dvar2": [0.118230201304, 6.90516090393, 23.060295105, 184.452011108, 277.261474609, 203.550292969, 157.172866821, 524.573486328, 581.700622559, 1972.61865234, 1729.42150879, 2766.515625, 3910.74243164, 6006.20751953, 9475.80664063, 4578.64404297, 4282.32275391, 1480.88244629, 1196.18383789, 1498.52246094, 1536.29553223, 798.452331543, 749.438903809, 669.714904785, 309.819946289, 271.88583374, 93.5806121826, 71.4557876587, 31.7550792694, 21.9125118256, 12.4113016129, 3.29020857811, 1.22339046001, 0.665310502052, 0.413512527943, 0.0771060585976, 0.0253142639995, 0.000711149652489, 9.94242213892e-07, 1.06983555348e-09], "dvar": [0.0411798320711, 2.4889831543, 8.66246414185, 66.0772476196, 103.116226196, 76.2490081787, 73.9518661499, 264.378845215, 271.688964844, 987.415588379, 933.528503418, 1378.10644531, 1611.02294922, 2604.48144531, 4157.04199219, 1877.2800293, 1872.27099609, 586.719543457, 501.72744751, 650.87109375, 607.478759766, 304.844238281, 285.777038574, 271.863586426, 123.391227722, 100.850784302, 37.7016334534, 28.9480571747, 13.5839157104, 9.62356376648, 5.67467737198, 1.55795884132, 0.550254404545, 0.340491175652, 0.193947970867, 0.0374174118042, 0.0112289423123, 0.000297786522424, 3.86676589414e-07, 4.37504116269e-10], "dmean": [0.0503679141402, 0.405405074358, 1.10017108917, 2.8087220192, 3.92939090729, 4.02187871933, 3.82013463974, 6.15088653564, 8.71735858917, 12.8720293045, 13.220249176, 14.9665374756, 18.09100914, 23.6977367401, 30.2098731995, 21.8296833038, 19.6188468933, 11.3000202179, 10.830988884, 12.8835401535, 11.6501455307, 10.7349128723, 9.60666942596, 8.4848279953, 5.9341545105, 4.20704078674, 2.73580694199, 2.428845644, 1.30516910553, 1.02372336388, 0.788076758385, 0.441373854876, 0.295500844717, 0.238965034485, 0.160991623998, 0.0682475343347, 0.0324350520968, 0.00569916144013, 0.000171926993062, 1.0391629985e-05], "max": [3.91207122803, 29.7701148987, 49.0711898804, 264.69744873, 318.063262939, 171.308959961, 279.033843994, 471.557830811, 385.371398926, 1277.00476074, 1138.45300293, 1990.45324707, 1240.66394043, 1736.54321289, 1714.68249512, 1676.05993652, 1133.5526123, 706.973327637, 728.569763184, 754.647766113, 617.372009277, 334.704681396, 448.762298584, 620.555480957, 279.560699463, 215.672943115, 135.30368042, 141.928039551, 101.727096558, 81.8698577881, 80.4115447998, 36.2795257568, 18.2752056122, 15.2915630341, 9.31883335114, 5.30429172516, 2.10716485977, 0.324798494577, 0.0143654728308, 0.000369454559404], "var": [0.0313172079623, 1.82522761822, 9.98888111115, 91.1021728516, 113.645149231, 100.178123474, 172.609954834, 688.174438477, 749.959289551, 2492.23876953, 3700.43212891, 11978.5039063, 5899.23388672, 8070.01757813, 16774.6542969, 5277.91357422, 4641.68017578, 1473.88598633, 1043.03186035, 1480.85668945, 1071.29589844, 686.874816895, 733.952636719, 765.745727539, 363.24206543, 190.207473755, 107.255393982, 89.42552948, 35.91588974, 24.7154960632, 18.9921894073, 5.75013065338, 1.67611253262, 0.995091319084, 0.396258890629, 0.0710900947452, 0.0147266173735, 0.000352474831743, 3.51259529907e-07, 8.81201667191e-10], "mean": [0.0616097189486, 0.55224531889, 1.96175968647, 5.05395936966, 6.71618032455, 6.72381973267, 6.88587188721, 11.2172679901, 16.8427238464, 22.9214324951, 26.1635932922, 35.8631820679, 39.6214866638, 50.6580886841, 62.5070343018, 44.0358467102, 36.9779243469, 22.5432128906, 20.1641292572, 23.5292701721, 21.0026912689, 21.184015274, 20.0369968414, 18.7184486389, 13.3083610535, 8.1290435791, 5.79069519043, 5.23477315903, 2.55209159851, 1.80584216118, 1.49358141422, 0.867880523205, 0.543917119503, 0.412622451782, 0.257612079382, 0.106036096811, 0.041695073247, 0.00654313573614, 0.000187434881809, 3.06564797938e-05]}, "spectral_strongpeak": {"dmean2": 1.01905786991, "median": 0.654872298241, "min": 0, "dvar2": 2.06425333023, "dvar": 0.85475474596, "dmean": 0.607956290245, "max": 12.1734781265, "var": 2.26240873337, "mean": 1.29905247688}, "spectral_energy": {"dmean2": 0.00956773944199, "median": 0.0164007339627, "min": 1.01380265616e-20, "dvar2": 0.000384660437703, "dvar": 0.000149248895468, "dmean": 0.00605972204357, "max": 0.270478338003, "var": 0.000365707732271, "mean": 0.02141206339}, "average_loudness": 0.499839872122, "spectral_rolloff": {"dmean2": 491.757446289, "median": 1227.39257813, "min": 86.1328125, "dvar2": 513296.09375, "dvar": 214085.53125, "dmean": 294.467559814, "max": 19401.4160156, "var": 1747524.5, "mean": 1410.31091309}, "spectral_centroid": {"dmean2": 259.848937988, "median": 1292.49951172, "min": 195.545318604, "dvar2": 80192.90625, "dvar": 35819.8125, "dmean": 167.819900513, "max": 11440.6552734, "var": 497438.09375, "mean": 1310.66638184}, "pitch_salience": {"dmean2": 0.0933151319623, "median": 0.563683509827, "min": 0.161373659968, "dvar2": 0.00707538425922, "dvar": 0.00275135901757, "dmean": 0.0585364997387, "max": 0.972114682198, "var": 0.0100454827771, "mean": 0.557489812374}, "spectral_energyband_middle_high": {"dmean2": 0.00301230978221, "median": 0.00481440173462, "min": 1.1764732772e-21, "dvar2": 2.15835370909e-05, "dvar": 8.94919321581e-06, "dmean": 0.0019628002774, "max": 0.0798337459564, "var": 5.41927220183e-05, "mean": 0.00711334403604}, "spectral_contrast_coeffs": {"dmean2": [0.0725246965885, 0.0743707343936, 0.0653574764729, 0.0522105097771, 0.0432580038905, 0.0332368537784], "median": [-0.656896650791, -0.721812367439, -0.727645218372, -0.760571718216, -0.757971227169, -0.751583576202], "min": [-0.975336134434, -0.974134027958, -0.975146472454, -0.968193352222, -0.966627180576, -0.963697552681], "dvar2": [0.00381847983226, 0.00344285694882, 0.00272877910174, 0.00172892818227, 0.00125521211885, 0.000820247456431], "dvar": [0.00143797008786, 0.00133182085119, 0.0010955973994, 0.000674256065395, 0.000525793293491, 0.000361090002116], "dmean": [0.043702531606, 0.0458615869284, 0.0404462143779, 0.0319997854531, 0.027049139142, 0.0207945480943], "max": [-0.308034479618, -0.394653409719, -0.391280800104, -0.556364655495, -0.564646244049, -0.44613841176], "var": [0.00570160429925, 0.00600112881511, 0.00593079719692, 0.00337854051031, 0.00312171294354, 0.00380399217829], "mean": [-0.650404632092, -0.718223810196, -0.7256270051, -0.759175896645, -0.757077455521, -0.752103447914]}, "melbands_skewness": {"dmean2": 0.744352817535, "median": 1.4122710228, "min": -3.86379718781, "dvar2": 0.739026725292, "dvar": 0.317093133926, "dmean": 0.484043419361, "max": 9.03366947174, "var": 1.29071521759, "mean": 1.6309581995}, "spectral_spread": {"dmean2": 610265.75, "median": 3117967.75, "min": 396939.28125, "dvar2": 868489822208, "dvar": 529703993344, "dmean": 437311.84375, "max": 41589960, "var": 5505705050110.0, "mean": 3602755.75}, "dissonance": {"dmean2": 0.0393425151706, "median": 0.463490128517, "min": 0.148777842522, "dvar2": 0.00161822244991, "dvar": 0.000575121142901, "dmean": 0.0231377482414, "max": 0.500000059605, "var": 0.0016790998634, "mean": 0.452498316765}, "spectral_skewness": {"dmean2": 0.518478512764, "median": 1.65227723122, "min": -0.0488667227328, "dvar2": 0.486258417368, "dvar": 0.185699224472, "dmean": 0.308817565441, "max": 12.978597641, "var": 1.76039421558, "mean": 1.98396790028}, "spectral_flux": {"dmean2": 0.0280271992087, "median": 0.0557043850422, "min": 6.47614600835e-11, "dvar2": 0.0014183196472, "dvar": 0.000665068742819, "dmean": 0.0177178103477, "max": 0.444813966751, "var": 0.00183829502203, "mean": 0.0644236207008}, "spectral_contrast_valleys": {"dmean2": [0.603820681572, 0.569469451904, 0.502670168877, 0.453596413136, 0.439628452063, 0.458722442389], "median": [-7.15474700928, -6.79710769653, -7.20761489868, -7.63757181168, -7.75445461273, -10.9639816284], "min": [-27.9966449738, -27.9294643402, -27.7480430603, -27.5748157501, -27.3835906982, -27.3803825378], "dvar2": [0.29036256671, 0.226278170943, 0.183909311891, 0.166040286422, 0.20195671916, 0.321166187525], "dvar": [0.151183232665, 0.100330241024, 0.0865942761302, 0.0820057988167, 0.105355486274, 0.19495126605], "dmean": [0.384860217571, 0.347322285175, 0.314135551453, 0.282904744148, 0.285741895437, 0.337172359228], "max": [-5.22651863098, -4.63324165344, -5.11013746262, -5.5458612442, -5.50980997086, -8.09256744385], "var": [2.57994318008, 2.09812784195, 2.24114871025, 2.43255853653, 3.0623395443, 2.93029546738], "mean": [-7.53686237335, -7.02496147156, -7.46156835556, -7.95518779755, -8.17101192474, -11.2129611969]}, "erbbands_flatness_db": {"dmean2": 0.0249524153769, "median": 0.187298089266, "min": 0.0490935593843, "dvar2": 0.000774145824835, "dvar": 0.000430478103226, "dmean": 0.0176224000752, "max": 0.478355973959, "var": 0.0039248294197, "mean": 0.190815642476}, "spectral_energyband_high": {"dmean2": 0.000261063862126, "median": 0.00017074806965, "min": 7.09327570103e-21, "dvar2": 3.96607532593e-07, "dvar": 1.82745537813e-07, "dmean": 0.00017806069809, "max": 0.0114173758775, "var": 6.71848511047e-07, "mean": 0.000429108156823}, "spectral_entropy": {"dmean2": 0.20539970696, "median": 7.38488006592, "min": 4.01263856888, "dvar2": 0.0546622909606, "dvar": 0.029077032581, "dmean": 0.142179697752, "max": 9.81257820129, "var": 0.371623665094, "mean": 7.28171920776}, "silence_rate_20dB": {"dmean2": 0, "median": 1, "min": 1, "dvar2": 0, "dvar": 0, "dmean": 0, "max": 1, "var": 0, "mean": 1}, "melbands_flatness_db": {"dmean2": 0.0279373321682, "median": 0.192997038364, "min": 0.00377830909565, "dvar2": 0.000883390079252, "dvar": 0.000412433873862, "dmean": 0.0185927767307, "max": 0.618987441063, "var": 0.00748060271144, "mean": 0.212379530072}, "barkbands": {"dmean2": [0.000153891000082, 0.00303485966288, 0.00174664647784, 0.00197709328495, 0.00189344445243, 0.00100660522003, 0.00117282744031, 0.000821180932689, 0.00117826531641, 0.000897126621567, 0.0014330066042, 0.00103927101009, 0.000638985424303, 0.000392327434383, 0.000436954607721, 0.000354984746082, 0.000306250614813, 0.000293764314847, 0.000237408545217, 0.000160770796356, 0.000101227356936, 5.45360126125e-05, 4.34892972407e-05, 2.6274132324e-05, 3.00083611364e-05, 2.43128197326e-05, 2.20919037019e-06], "median": [4.33823588537e-05, 0.00136272888631, 0.00100138608832, 0.000898435013369, 0.00113689526916, 0.000523109978531, 0.000613357056864, 0.000267283816356, 0.000521974230651, 0.000279529311229, 0.000532662379555, 0.000510920537636, 0.000261917710304, 0.000196334513021, 0.000183335039765, 0.000162903364981, 0.000197839166503, 0.000196291512111, 0.000142261167639, 9.54012211878e-05, 5.06896212755e-05, 1.62032174558e-05, 8.50602737046e-06, 5.61039087188e-06, 3.39487951351e-06, 1.03293837128e-06, 2.19778932831e-08], "min": [8.17264335152e-25, 4.21551806076e-24, 1.30168212337e-24, 9.32579233416e-25, 1.26176700402e-23, 8.66896524801e-24, 1.87617628988e-23, 7.81033590661e-24, 2.48649004657e-23, 1.90817958794e-23, 2.22418275153e-23, 2.92081272184e-23, 4.26128840157e-23, 3.63287675576e-23, 5.21575203673e-23, 4.59433474725e-23, 9.09089744282e-23, 1.33285799707e-22, 1.38355701459e-22, 2.12066334329e-22, 2.96188694213e-22, 3.74111768586e-22, 4.54901626597e-22, 5.81989112668e-22, 8.23854522541e-22, 1.43600432459e-21, 2.00126130619e-21], "dvar2": [2.27221562454e-07, 0.000138921954203, 1.9976092517e-05, 3.0571816751e-05, 1.77108377102e-05, 4.52182666777e-06, 5.46288902115e-06, 3.85294060834e-06, 6.32715591564e