{"tonal": {"thpcp": [1, 0.593202590942, 0.222746834159, 0.13461330533, 0.132087796926, 0.267810612917, 0.41069996357, 0.282357871532, 0.108961977065, 0.0805273801088, 0.109853513539, 0.214711353183, 0.304130256176, 0.242317631841, 0.166731342673, 0.1725923419, 0.143451228738, 0.0918062105775, 0.07736068964, 0.125050827861, 0.358534544706, 0.54107350111, 0.350762605667, 0.11611700803, 0.0660102441907, 0.0705713257194, 0.0855088680983, 0.0934915021062, 0.0852964743972, 0.0825319737196, 0.0930758714676, 0.107062704861, 0.13790141046, 0.217457741499, 0.445434451103, 0.865250527859], "hpcp": {"dmean2": [0.0668012052774, 0.0908511951566, 0.149083852768, 0.180211350322, 0.17151774466, 0.115773580968, 0.102193817496, 0.0925728529692, 0.0607614479959, 0.0503031946719, 0.0964958071709, 0.228540584445, 0.297917485237, 0.23287409544, 0.0960701480508, 0.0427981764078, 0.0453312583268, 0.0579600930214, 0.0590816661716, 0.0561311431229, 0.0545428618789, 0.0602622665465, 0.0881798416376, 0.118719898164, 0.197967663407, 0.419295072556, 0.487332314253, 0.503817021847, 0.454136967659, 0.23725232482, 0.11916629225, 0.115907408297, 0.179057702422, 0.210365697742, 0.163696303964, 0.0899963602424], "median": [0.00257959472947, 0.00581958144903, 0.02475662902, 0.0599669590592, 0.0513027012348, 0.0183026306331, 0.00573857780546, 0.00423163734376, 0.00416660727933, 0.00393868004903, 0.0162039678544, 0.103338181973, 0.166903376579, 0.0897811725736, 0.0110222958028, 0.00287425983697, 0.00304356170818, 0.00386757636443, 0.0051160864532, 0.00608148472384, 0.00471294857562, 0.00350792240351, 0.00398464733735, 0.0100986268371, 0.0272153541446, 0.114933475852, 0.420300483704, 0.543411791325, 0.22144548595, 0.0173041466624, 0.00260218558833, 0.00661763455719, 0.0594913773239, 0.0892571210861, 0.0409091599286, 0.00534770544618], "min": [0, 0, 0, 0, 0, 0, 0, 0, 0, 0, 0, 0, 0, 0, 0, 0, 0, 0, 0, 0, 0, 0, 0, 0, 0, 0, 0, 0, 0, 0, 0, 0, 0, 0, 0, 0], "dvar2": [0.0284642931074, 0.0360196903348, 0.0616355836391, 0.0640748515725, 0.0599610470235, 0.0418966002762, 0.0467915646732, 0.0424645468593, 0.0203541815281, 0.0147636616603, 0.0264082569629, 0.0737624689937, 0.10880523175, 0.0795926302671, 0.0279807057232, 0.0111835747957, 0.0147975375876, 0.0218000300229, 0.0189810823649, 0.0169974993914, 0.0186702143401, 0.0249522700906, 0.0394719541073, 0.0571139827371, 0.0870618596673, 0.178248807788, 0.181760802865, 0.195965752006, 0.187669292092, 0.118978187442, 0.0668404325843, 0.0555965229869, 0.0667470395565, 0.0868338942528, 0.0661652758718, 0.0375047624111], "dvar": [0.0101070245728, 0.012902572751, 0.022727349773, 0.0259405598044, 0.0224509332329, 0.0159863382578, 0.0183470584452, 0.0167474150658, 0.0073938225396, 0.00533294910565, 0.00978194922209, 0.0291215348989, 0.0460705459118, 0.031417068094, 0.010310116224, 0.00390524836257, 0.00532722985372, 0.00801849272102, 0.00728899613023, 0.00605227332562, 0.00693785678595, 0.00934311840683, 0.014214198105, 0.0199798475951, 0.0319242030382, 0.0670214667916, 0.0703746601939, 0.0777786076069, 0.0704640969634, 0.0430310070515, 0.0238801967353, 0.0199534446001, 0.0245646722615, 0.0341801270843, 0.0252386406064, 0.0130131458864], "dmean": [0.0370508879423, 0.051449816674, 0.0858819782734, 0.10546079278, 0.100040897727, 0.0667839571834, 0.060455955565, 0.0548298172653, 0.0352293848991, 0.0287397298962, 0.0554702989757, 0.136055335402, 0.177312850952, 0.137626469135, 0.0545974783599, 0.0245987288654, 0.0265031792223, 0.0334209166467, 0.0348922498524, 0.0324319712818, 0.0315897576511, 0.0346689969301, 0.0491715855896, 0.0660772323608, 0.110545888543, 0.237455844879, 0.282608985901, 0.282755553722, 0.261837005615, 0.12921975553, 0.0639239922166, 0.0641332268715, 0.104562804103, 0.123288787901, 0.0966407209635, 0.0504475086927], "max": [1, 1, 1, 1, 1, 1, 1, 1, 1, 1, 1, 1, 1, 1, 1, 0.973137378693, 1, 1, 1, 1, 1, 1, 1, 1, 1, 1, 1, 1, 1, 1, 1, 1, 1, 1, 1, 1], "var": [0.0146284084767, 0.0195877328515, 0.0447114892304, 0.0609735548496, 0.0391312167048, 0.0321204848588, 0.0432143285871, 0.0339494422078, 0.0157341957092, 0.0132655967027, 0.0179969221354, 0.0521870963275, 0.0964336320758, 0.056119363755, 0.016269158572, 0.00903518218547, 0.0105023207143, 0.0140993464738, 0.0147347506136, 0.012389129959, 0.0140535254031, 0.02040139772, 0.0219429321587, 0.0258428212255, 0.0405352935195, 0.0828084126115, 0.128515228629, 0.142477124929, 0.101750120521, 0.0484045483172, 0.0363566949964, 0.02686291188, 0.0431662499905, 0.0892953649163, 0.0604698508978, 0.0182027183473], "mean": [0.0440266355872, 0.0600600801408, 0.117388881743, 0.16627676785, 0.132482022047, 0.0911568254232, 0.0943612009287, 0.0784289166331, 0.0501930974424, 0.0422953180969, 0.0683688893914, 0.196021154523, 0.295820444822, 0.191772013903, 0.0634845122695, 0.0360896997154, 0.0385833755136, 0.0467501617968, 0.0511144958436, 0.0466340370476, 0.0451226048172, 0.050887260586, 0.0585342645645, 0.0753946751356, 0.118890404701, 0.243531838059, 0.473057359457, 0.546728789806, 0.324320942163, 0.121782109141, 0.0735969692469, 0.0722161978483, 0.146419778466, 0.224541500211, 0.154373183846, 0.059572648257]}, "tuning_equal_tempered_deviation": 0.0264184288681, "chords_changes_rate": 0.0408958122134, "key_key": "F#", "tuning_diatonic_strength": 0.828213751316, "key_scale": "major", "chords_number_rate": 0.0031645570416, "tuning_frequency": 450.805023193, "tuning_nontempered_energy_ratio": 0.75274848938, "chords_histogram": [67.5998077393, 2.1178188324, 7.91139221191, 1.29016554356, 1.63096392155, 0, 0.608568668365, 0.38948392868, 0.705939650536, 0.365141183138, 2.99415779114, 0.121713727713, 0.0973709821701, 0.730282366276, 0.170399218798, 1.26582276821, 1.3145083189, 4.28432321548, 0, 2.04479074478, 0.340798437595, 1.11976635456, 1.72833490372, 1.16845178604], "key_strength": 0.815102040768, "chords_key": "F#", "chords_strength": {"dmean2": 0.00775653356686, "median": 0.626409888268, "min": 0.227556735277, "dvar2": 5.85947600484e-05, "dvar": 5.27417068952e-05, "dmean": 0.00807147566229, "max": 0.849141418934, "var": 0.0127118285745, "mean": 0.615457475185}, "chords_scale": "major", "hpcp_entropy": {"dmean2": 1.06288552284, "median": 1.75928270817, "min": 0, "dvar2": 0.718986153603, "dvar": 0.260868638754, "dmean": 0.617943108082, "max": 4.49834775925, "var": 0.620114862919, "mean": 1.84290659428}}, "metadata": {"audio_properties": {"equal_loudness": 0, "codec": "mp3", "downmix": "mix", "sample_rate": 44100, "analysis_sample_rate": 44100, "bit_rate": 160022, "md5_encoded": "7946441502c624365ebbce1331d103d5", "length": 190.693878174, "replay_gain": -5.95636558533, "lossless": false}, "version": {"essentia_build_sha": "70f2e5ece6736b2c40cc944ad0e695b16b925413", "essentia": "2.1-beta2", "extractor": "music 1.0", "essentia_git_sha": "v2.1_beta2"}, "tags": {"title": ["Flower of Scotland"], "albumartist": ["The Corries"], "date": ["2009"], "file_name": "The Corries - Flower Of Scotland.mp3", "musicbrainz_releasegroupid": ["b5430ca3-d8e3-363c-b1cb-d79068917918"], "musicbrainz album type": ["album"], "musicbrainz_recordingid": ["0ff16c2d-8cc4-421d-a5e4-26b7b3350296"], "encoding": ["Lavf56.36.100"], "musicbrainz_artistid": ["a816d0c7-addb-4642-9946-f4cdf3a8186f"], "musicbrainz_albumartistid": ["a816d0c7-addb-4642-9946-f4cdf3a8186f"], "musicbrainz_albumid": ["eab221c2-bf03-498e-8103-ca6c5adb5875"], "artist": ["The Corries"], "tracknumber": ["13/13"], "artistsort": ["Corries, The"], "album": ["Flower of Scotland"], "albumartistsort": ["Corries, The"], "discnumber": ["1/1"], "script": ["Latn"], "musicbrainz album status": ["official"]}}, "rhythm": {"bpm_histogram_first_peak_bpm": {"dmean2": 0, "median": 178, "min": 178, "dvar2": 0, "dvar": 0, "dmean": 0, "max": 178, "var": 0, "mean": 178}, "bpm": 178.205749512, "bpm_histogram_second_peak_spread": {"dmean2": 0, "median": 0, "min": 0, "dvar2": 0, "dvar": 0, "dmean": 0, "max": 0, "var": 0, "mean": 0}, "bpm_histogram_first_peak_weight": {"dmean2": 0, "median": 0.454716980457, "min": 0.454716980457, "dvar2": 0, "dvar": 0, "dmean": 0, "max": 0.454716980457, "var": 0, "mean": 0.454716980457}, "onset_rate": 3.05706977844, "beats_position": [0.31346938014, 0.650158703327, 0.99845802784, 1.33514738083, 1.67183673382, 2.02013611794, 2.36843538284, 2.71673464775, 3.05342388153, 3.39011335373, 3.73841261864, 4.08671188354, 4.42340135574, 4.76009082794, 5.0967798233, 5.4334692955, 5.7701587677, 6.11845779419, 6.45514726639, 6.79183673859, 7.12852573395, 7.47682523727, 7.8251247406, 8.16181373596, 8.51011276245, 8.84680271149, 9.19510173798, 9.53179073334, 9.8800907135, 10.22838974, 10.5650787354, 10.9017686844, 11.2384576797, 11.5751476288, 11.9118366241, 12.2485256195, 12.5852155685, 12.933514595, 13.2702035904, 13.6185035706, 13.966802597, 14.3267116547, 14.66340065, 15.0117006302, 15.3483896255, 15.6850786209, 16.0217685699, 16.3584575653, 16.6951465607, 17.0434455872, 17.391746521, 17.7400455475, 18.088344574, 18.4366436005, 18.784942627, 19.1216316223, 19.458322525, 19.7950115204, 20.1433105469, 20.4799995422, 20.8166885376, 21.153377533, 21.5016784668, 21.8499774933, 22.1982765198, 22.5465755463, 22.8948745728, 23.2431735992, 23.5914726257, 23.9397735596, 24.2880725861, 24.6363716125, 24.984670639, 25.3329696655, 25.681268692, 26.0295696259, 26.3778686523, 26.7261676788, 27.0628566742, 27.3995456696, 27.747844696, 28.0961437225, 28.4444446564, 28.7927436829, 29.1410427094, 29.4893417358, 29.8260307312, 30.1627197266, 30.4994106293, 30.8360996246, 31.17278862, 31.5094776154, 31.8577766418, 32.1944656372, 32.5311546326, 32.8794555664, 33.2161445618, 33.5644454956, 33.901134491, 34.2494316101, 34.5977325439, 34.9460296631, 35.2943305969, 35.6426315308, 35.9793205261, 36.3160095215, 36.6526985168, 37.000995636, 37.3492965698, 37.6859855652, 38.034286499, 38.3825836182, 38.7192726135, 39.0559616089, 39.3926506042, 39.7293434143, 40.0776405334, 40.4143295288, 40.7510185242, 41.099319458, 41.4360084534, 41.7726974487, 42.1209983826, 42.4692955017, 42.8175964355, 43.1658935547, 43.50258255, 43.8392753601, 44.1875724792, 44.5358734131, 44.8725624084, 45.2092514038, 45.5575485229, 45.894241333, 46.2309303284, 46.5676193237, 46.9043083191, 47.2526054382, 47.6009063721, 47.9375953674, 48.2742843628, 48.6225852966, 48.9708824158, 49.3191833496, 49.655872345, 49.9925613403, 50.3408622742, 50.6775512695, 51.0142402649, 51.362537384, 51.6992263794, 52.0359191895, 52.3726081848, 52.7092971802, 53.0459861755, 53.3826751709, 53.73097229, 54.0792732239, 54.4159622192, 54.7526512146, 55.08934021, 55.4260292053, 55.7627182007, 56.0994110107, 56.4477081299, 56.7960090637, 57.1443061829, 57.4926071167, 57.8292961121, 58.1659851074, 58.5142860413, 58.8509750366, 59.1992721558, 59.5475730896, 59.884262085, 60.2325630188, 60.5692520142, 60.9059410095, 61.2426300049, 61.5793190002, 61.9276161194, 62.2759170532, 62.6242179871, 62.9609069824, 63.2975959778, 63.6458930969, 63.9941940308, 64.3308868408, 64.6675720215, 65.0158691406, 65.3525619507, 65.6892471313, 66.0375518799, 66.3742370605, 66.7109298706, 67.0592269897, 67.4075241089, 67.7558288574, 68.0925140381, 68.4292068481, 68.7775039673, 69.1141967773, 69.450881958, 69.7875747681, 70.1242599487, 70.4725646973, 70.8092498779, 71.145942688, 71.4826278687, 71.8309249878, 72.1792297363, 72.515914917, 72.8526077271, 73.1892929077, 73.5259857178, 73.8626708984, 74.210975647, 74.5476608276, 74.8843536377, 75.2326507568, 75.5693435669, 75.9060287476, 76.2311096191, 76.5794067383, 76.9277114868, 77.276008606, 77.6126937866, 77.9493865967, 78.2976837158, 78.6459884644, 78.982673645, 79.3193664551, 79.6676635742, 80.0159606934, 80.3526535034, 80.6893386841, 81.0376434326, 81.3743286133, 81.7110214233, 82.047706604, 82.3843994141, 82.7210845947, 83.0693893433, 83.4060745239, 83.742767334, 84.0678405762, 84.4045333862, 84.7296142578, 85.0662994385, 85.3913803101, 85.7280731201, 86.0647583008, 86.4014511108, 86.7265319824, 87.0632171631, 87.3999099731, 87.7482070923, 88.0732879639, 88.421585083, 88.7466659546, 89.0717468262, 89.4084320068, 89.7451248169, 90.0818099976, 90.4185028076, 90.7435836792, 91.0802688599, 91.4169616699, 91.7536468506, 92.0903396606, 92.4270248413, 92.7637176514, 93.100402832, 93.4370956421, 93.7737884521, 94.1104736328, 94.4471664429, 94.7838516235, 95.1321487427, 95.4572296143, 95.7939224243, 96.130607605, 96.467300415, 96.8039855957, 97.1290664673, 97.4541473389, 97.7908401489, 98.1391372681, 98.4758224487, 98.8009033203, 99.1492080688, 99.497505188, 99.8341903687, 100.170883179, 100.519180298, 100.855873108, 101.192558289, 101.529251099, 101.865936279, 102.202629089, 102.53931427, 102.887619019, 103.224304199, 103.560997009, 103.886077881, 104.222763062, 104.547843933, 104.884536743, 105.221221924, 105.557914734, 105.894599915, 106.231292725, 106.567977905, 106.904670715, 107.252967834, 107.589660645, 107.926345825, 108.274642944, 108.611335754, 108.948028564, 109.284713745, 109.621406555, 109.958091736, 110.294784546, 110.643081665, 110.991378784, 111.328071594, 111.664756775, 112.001449585, 112.338134766, 112.686439514, 113.034736633, 113.371429443, 113.708114624, 114.056411743, 114.404716492, 114.753013611, 115.10131073, 115.449615479, 115.797912598, 116.146209717, 116.494506836, 116.842811584, 117.191108704, 117.539405823, 117.887710571, 118.23600769, 118.58430481, 118.932601929, 119.280906677, 119.617591858, 119.954284668, 120.302581787, 120.650878906, 120.999183655, 121.347480774, 121.695777893, 122.044082642, 122.415596008, 122.787117004, 123.158638, 123.553375244, 123.936508179, 124.319633484, 124.714370728, 125.109115601, 125.480628967, 125.863761902, 126.235282898, 126.618408203, 127.001541138, 127.396278381, 127.791015625, 128.162536621, 128.522445679, 128.893966675, 129.253875732, 129.61378479, 129.962081909, 130.310379028, 130.658676147, 131.006988525, 131.355285645, 131.703582764, 132.051879883, 132.400177002, 132.748474121, 133.09677124, 133.445083618, 133.793380737, 134.141677856, 134.489974976, 134.838272095, 135.186569214, 135.534866333, 135.883178711, 136.23147583, 136.568161011, 136.91645813, 137.276367188, 137.624664307, 137.972961426, 138.321273804, 138.669570923, 139.006256104, 139.342941284, 139.691238403, 140.039550781, 140.3878479, 140.73614502, 141.084442139, 141.432739258, 141.781036377, 142.117736816, 142.454421997, 142.791107178, 143.127792358, 143.464492798, 143.801177979, 144.137863159, 144.47454834, 144.822860718, 145.171157837, 145.519454956, 145.867752075, 146.216049194, 146.552734375, 146.889434814, 147.226119995, 147.562805176, 147.899505615, 148.236190796, 148.572875977, 148.921173096, 149.257858276, 149.606170654, 149.954467773, 150.291152954, 150.627838135, 150.976135254, 151.312835693, 151.649520874, 151.986206055, 152.322906494, 152.659591675, 152.984664917, 153.321365356, 153.658050537, 153.994735718, 154.343032837, 154.679718018, 155.016418457, 155.341491699, 155.689788818, 156.026489258, 156.363174438, 156.711471558, 157.048156738, 157.384857178, 157.70993042, 158.046615601, 158.383300781, 158.720001221, 159.056686401, 159.381759644, 159.730072021, 160.078369141, 160.403442383, 160.751739502, 161.076828003, 161.413513184, 161.750198364, 162.075286865, 162.400360107, 162.748657227, 163.073745728, 163.39881897, 163.73550415, 164.072189331, 164.420501709, 164.75718689, 165.09387207, 165.442169189, 165.790466309, 166.138778687, 166.533508301, 166.939865112, 167.334594727, 167.717727661, 168.100860596, 168.460769653, 168.878723145, 169.273468018, 169.784301758, 170.295150757, 170.898864746, 171.479354858, 172.059860229, 172.605529785, 173.151199341, 173.696868896, 174.242538452, 174.788208008, 175.322265625, 175.867935181, 176.401992798, 176.936050415, 177.481719971, 178.027389526, 178.642715454, 179.258041382, 179.873382568, 180.488708496, 181.115646362, 181.742584229, 182.369522095, 182.984848022, 183.60017395, 184.215499878, 184.726348877, 185.237182617, 185.748016357, 186.200805664, 186.665206909, 187.129608154, 187.605621338, 188.081634521, 188.557632446, 189.03364563, 189.509658813, 189.985671997], "beats_loudness": {"dmean2": 0.0326914712787, "median": 0.029053516686, "min": 9.28475352158e-12, "dvar2": 0.00106878567021, "dvar": 0.00035926347482, "dmean": 0.0187943708152, "max": 0.151598975062, "var": 0.000720479351003, "mean": 0.0351489409804}, "danceability": 1.05308389664, "bpm_histogram_second_peak_weight": {"dmean2": 0, "median": 0.369811326265, "min": 0.369811326265, "dvar2": 0, "dvar": 0, "dmean": 0, "max": 0.369811326265, "var": 0, "mean": 0.369811326265}, "beats_count": 531, "bpm_histogram_second_peak_bpm": {"dmean2": 0, "median": 172, "min": 172, "dvar2": 0, "dvar": 0, "dmean": 0, "max": 172, "var": 0, "mean": 172}, "bpm_histogram_first_peak_spread": {"dmean2": 0, "median": 0, "min": 0, "dvar2": 0, "dvar": 0, "dmean": 0, "max": 0, "var": 0, "mean": 0}, "beats_loudness_band_ratio": {"dmean2": [0.326815932989, 0.181586414576, 0.210529744625, 0.072789631784, 0.0504773147404, 0.0220313873142], "median": [0.542904376984, 0.408160686493, 0.14955624938, 0.0187013633549, 0.0162488948554, 0.0064486162737], "min": [0, 0, 0, 0, 0, 0], "dvar2": [0.0806803032756, 0.0264171287417, 0.0364259555936, 0.0112518994138, 0.00492849759758, 0.00422695325688], "dvar": [0.0318301692605, 0.00947268866003, 0.0144245987758, 0.00495736533776, 0.00197386485524, 0.00143509206828], "dmean": [0.196006223559, 0.108680911362, 0.125464215875, 0.0443509556353, 0.0308223646134, 0.0131866550073], "max": [0.966857731342, 0.827626407146, 0.800237894058, 0.671722531319, 0.522860705853, 0.515177667141], "var": [0.0818110480905, 0.0262306090444, 0.0247726719826, 0.0139954350889, 0.00761372642592, 0.00180504354648], "mean": [0.50717651844, 0.383839696646, 0.190965309739, 0.0718848854303, 0.053262449801, 0.0198719557375]}}, "lowlevel": {"barkbands_spread": {"dmean2": 4.4731798172, "median": 7.79831027985, "min": 0.343792796135, "dvar2": 46.6743812561, "dvar": 24.9518756866, "dmean": 3.04912614822, "max": 102.96862793, "var": 97.8613433838, "mean": 10.6202783585}, "melbands_spread": {"dmean2": 5.54343652725, "median": 8.28390789032, "min": 0.35453915596, "dvar2": 76.9399795532, "dvar": 38.3149795532, "dmean": 3.74676632881, "max": 188.579299927, "var": 244.733551025, "mean": 13.655670166}, "hfc": {"dmean2": 4.07225990295, "median": 8.86951637268, "min": 1.05401821958e-16, "dvar2": 35.0245132446, "dvar": 18.3182125092, "dmean": 2.9856069088, "max": 147.154602051, "var": 140.274856567, "mean": 12.0095739365}, "barkbands_kurtosis": {"dmean2": 10.0530033112, "median": 9.2182970047, "min": -1.92218208313, "dvar2": 238.395370483, "dvar": 122.221977234, "dmean": 7.12979221344, "max": 280.174072266, "var": 479.946533203, "mean": 16.7657852173}, "gfcc": {"mean": [-74.720413208, 102.05216217, -117.039031982, 17.7231578827, -76.9483108521, -12.5103635788, -55.2734146118, -10.4949884415, -26.6701660156, -15.2560777664, -20.7996044159, -7.85185337067, -19.0951385498], "icov": [[0.000274591642665, -0.000666515144985, 0.000415935588535, -0.000598274928052, 0.00103455560748, -0.000418218318373, 0.000688286556397, -0.000265266775386, 0.000661612022668, -0.000485964730615, 0.000763379910495, -0.000248736876529, 0.000450324063422], [-0.000666515144985, 0.00421045161784, -0.00124194251839, 0.00262257177383, -0.00312157068402, 0.00353627628647, -0.0022706319578, 0.00208058627322, -0.00252706254832, 0.00370697164908, -0.00362579408102, 0.00220190966502, -0.000379410252208], [0.000415935588535, -0.00124194251839, 0.00188073818572, -0.00135876331478, 0.00109263323247, 0.000590931274928, 0.000749707571231, 0.000409218046116, 0.00186505087186, -0.00198782468215, 0.00145080068614, -0.00102895882446, 0.00131153524853], [-0.000598274928052, 0.00262257177383, -0.00135876331478, 0.00717695755884, -0.0019517930923, 0.000751324871089, 0.000477787834825, 0.00199513812549, -0.00286013074219, 0.0034788439516, -0.00291925505735, 0.00214061257429, -0.00237180129625], [0.00103455560748, -0.00312157068402, 0.00109263323247, -0.0019517930923, 0.00808820966631, -0.00253615179099, 0.00304701877758, -0.000343858002452, 6.3422434323e-05, -0.00206084223464, 0.00304071442224, -0.00104386592284, -0.000288884504698], [-0.000418218318373, 0.00353627628647, 0.000590931274928, 0.000751324871089, -0.00253615179099, 0.00957385636866, -0.00343694491312, -0.000452070846222, 0.000796716660261, 0.000313523109071, -0.00127232784871, 0.00109224463813, 0.000555718841497], [0.000688286556397, -0.0022706319578, 0.000749707571231, 0.000477787834825, 0.00304701877758, -0.00343694491312, 0.00716787250713, -0.00223139347509, 0.00254967948422, -0.000186562465387, -2.88280680252e-05, -0.00160813855473, 0.00128814880736], [-0.000265266775386, 0.00208058627322, 0.000409218046116, 0.00199513812549, -0.000343858002452, -0.000452070846222, -0.00223139347509, 0.014868224971, -0.00459065660834, 0.00179066357668, -0.00135642918758, -0.00060638890136, -0.00293885054998], [0.000661612022668, -0.00252706254832, 0.00186505087186, -0.00286013074219, 6.3422434323e-05, 0.000796716660261, 0.00254967948422, -0.00459065660834, 0.0146138519049, -0.00605942914262, 0.00376311829314, -0.0017574421363, 0.00151763646863], [-0.000485964730615, 0.00370697164908, -0.00198782468215, 0.0034788439516, -0.00206084223464, 0.000313523109071, -0.000186562465387, 0.00179066357668, -0.00605942914262, 0.0156293865293, -0.00618921592832, 0.00306308292784, -0.00192992913071], [0.000763379910495, -0.00362579408102, 0.00145080068614, -0.00291925505735, 0.00304071442224, -0.00127232784871, -2.88280680252e-05, -0.00135642918758, 0.00376311829314, -0.00618921592832, 0.0194599069655, -0.00486057577655, 0.000155601243023], [-0.000248736876529, 0.00220190966502, -0.00102895882446, 0.00214061257429, -0.00104386592284, 0.00109224463813, -0.00160813855473, -0.00060638890136, -0.0017574421363, 0.00306308292784, -0.00486057577655, 0.0136332204565, -0.00206459756009], [0.000450324063422, -0.000379410252208, 0.00131153524853, -0.00237180129625, -0.000288884504698, 0.000555718841497, 0.00128814880736, -0.00293885054998, 0.00151763646863, -0.00192992913071, 0.000155601243023, -0.00206459756009, 0.0168050527573]], "cov": [[15456.5869141, 77.7933731079, -1898.32324219, 442.433319092, -1330.46289062, 236.772857666, -509.408813477, 16.0417709351, -325.453765869, -269.019683838, -236.621261597, -222.299865723, -217.30821228], [77.7933731079, 1308.4831543, 721.085510254, -109.113990784, 171.455749512, -471.422912598, -32.9988861084, -197.274078369, 22.0336284637, -108.120674133, 43.808757782, -69.647064209, -81.0210113525], [-1898.32324219, 721.085510254, 1634.18005371, 34.9868774414, 199.753387451, -445.99041748, -121.20526886, -228.934707642, -6.3028717041, 32.0136680603, 23.5851898193, -16.2961788177, -65.9887237549], [442.433319092, -109.113990784, 34.9868774414, 258.563690186, 6.79328680038, -11.3419027328, -131.286849976, -24.1790142059, 21.3901767731, -1.64875793457, -16.796705246, -27.1562633514, 20.4678936005], [-1330.46289062, 171.455749512, 199.753387451, 6.79328680038, 338.226013184, -76.432182312, -62.298034668, -32.2871856689, 75.6929855347, 25.6145305634, 1.90388453007, -5.83910799026, 27.7341213226], [236.772857666, -471.422912598, -445.99041748, -11.3419027328, -76.432182312, 341.623291016, 118.142448425, 102.324104309, -33.7317886353, 20.2546806335, -4.57065582275, 26.5142116547, 21.1176338196], [-509.408813477, -32.9988861084, -121.20526886, -131.286849976, -62.298034668, 118.142448425, 330.49987793, 58.8685340881, -51.008518219, -21.7293624878, 39.7447967529, 46.0160446167, -8.7844991684], [16.0417709351, -197.274078369, -228.934707642, -24.1790142059, -32.2871856689, 102.324104309, 58.8685340881, 126.484031677, 17.280418396, 9.33241271973, 2.48401451111, 25.5048313141, 25.8605613708], [-325.453765869, 22.0336284637, -6.3028717041, 21.3901767731, 75.6929855347, -33.7317886353, -51.008518219, 17.280418396, 121.705673218, 34.3448066711, -5.54167747498, -1.83429074287, 14.8571681976], [-269.019683838, -108.120674133, 32.0136680603, -1.64875793457, 25.6145305634, 20.2546806335, -21.7293624878, 9.33241271973, 34.3448066711, 107.584648132, 13.3234186172, 0.592311263084, 14.3078927994], [-236.621261597, 43.808757782, 23.5851898193, -16.796705246, 1.90388453007, -4.57065582275, 39.7447967529, 2.48401451111, -5.54167747498, 13.3234186172, 74.9752349854, 22.0756015778, 4.73868942261], [-222.299865723, -69.647064209, -16.2961788177, -27.1562633514, -5.83910799026, 26.5142116547, 46.0160446167, 25.5048313141, -1.83429074287, 0.592311263084, 22.0756015778, 97.1505279541, 13.7442407608], [-217.30821228, -81.0210113525, -65.9887237549, 20.4678936005, 27.7341213226, 21.1176338196, -8.7844991684, 25.8605613708, 14.8571681976, 14.3078927994, 4.73868942261, 13.7442407608, 78.4590377808]]}, "spectral_energyband_middle_low": {"dmean2": 0.00960333645344, "median": 0.0130292531103, "min": 2.03529395208e-22, "dvar2": 0.000159705683473, "dvar": 0.000102653219074, "dmean": 0.00748459389433, "max": 0.153267413378, "var": 0.000350326095941, "mean": 0.018425911665}, "melbands_crest": {"dmean2": 4.23478937149, "median": 13.8238801956, "min": 1.63991558552, "dvar2": 13.6121988297, "dvar": 5.70639276505, "dmean": 2.71936154366, "max": 31.709728241, "var": 22.6388454437, "mean": 13.8942937851}, "spectral_kurtosis": {"dmean2": 4.31466007233, "median": 5.36101913452, "min": -1.23957049847, "dvar2": 27.0788497925, "dvar": 12.1246423721, "dmean": 2.72205734253, "max": 61.4390716553, "var": 40.3051223755, "mean": 7.45912218094}, "spectral_rms": {"dmean2": 0.000944927684031, "median": 0.00396023364738, "min": 3.08995992855e-12, "dvar2": 9.43048576119e-07, "dvar": 6.18559681698e-07, "dmean": 0.000745113065932, "max": 0.012312695384, "var": 4.39410132458e-06, "mean": 0.00410550832748}, "zerocrossingrate": {"dmean2": 0.0087387599051, "median": 0.03125, "min": 0.00830078125, "dvar2": 0.000170888422872, "dvar": 0.0001255866664, "dmean": 0.00728771509603, "max": 0.537109375, "var": 0.00209342339076, "mean": 0.0441313758492}, "silence_rate_60dB": {"dmean2": 0.0448124706745, "median": 0, "min": 0, "dvar2": 0.0501144863665, "dvar": 0.0219029858708, "dmean": 0.0224035065621, "max": 1, "var": 0.113216087222, "mean": 0.130143657327}, "erbbands_kurtosis": {"dmean2": 2.58577561378, "median": 1.13774085045, "min": -1.86499416828, "dvar2": 16.1860713959, "dvar": 8.19116973877, "dmean": 1.7411314249, "max": 95.6034698486, "var": 33.2682189941, "mean": 3.23745632172}, "erbbands": {"dmean2": [0.00132526212838, 0.0172888021916, 0.154921263456, 3.4659948349, 30.1926555634, 10.7212924957, 7.31676673889, 9.93124580383, 23.6812343597, 23.9062366486, 25.6561107635, 12.6486186981, 18.8510475159, 13.768155098, 15.3521146774, 24.1117649078, 7.89729785919, 13.2406949997, 9.99939727783, 7.47965192795, 5.76401948929, 8.19660186768, 9.19196414948, 3.50306487083, 2.69635367393, 1.77863812447, 1.26068460941, 1.66249477863, 2.28029489517, 1.51480746269, 1.36667335033, 0.963748037815, 0.537791967392, 0.21449790895, 0.0723966732621, 0.0230521596968, 0.00539082335308, 0.000910652743187, 5.21422589372e-05, 1.13338037409e-05], "median": [0.000400664837798, 0.00833967328072, 0.161001756787, 2.27596497536, 13.2671298981, 8.94206619263, 6.62335109711, 7.1409740448, 16.0626792908, 13.2108230591, 6.91809368134, 3.80360269547, 3.85533332825, 2.75116086006, 2.04478573799, 2.11146020889, 1.88405489922, 2.40400218964, 1.998295784, 2.10660171509, 2.3811416626, 3.19627356529, 2.87337064743, 2.16445159912, 1.67106306553, 0.709141254425, 0.556308209896, 0.842720389366, 0.766592383385, 0.444815576077, 0.351072728634, 0.215866714716, 0.131974577904, 0.0463388934731, 0.0160791482776, 0.00417762435973, 0.00100314861629, 0.000447870697826, 2.92578206427e-05, 2.00926024263e-05], "min": [1.03754646569e-22, 9.49614349398e-22, 3.86646392241e-21, 8.63338987417e-21, 2.04972690072e-20, 3.94222163039e-20, 5.96757109841e-20, 7.3402618153e-20, 1.19367978505e-19, 2.27647600899e-19, 2.36376088271e-19, 3.57391707158e-19, 6.20469469946e-19, 6.06810960274e-19, 1.22735301532e-18, 1.26397426559e-18, 1.89684777411e-18, 2.49385876378e-18, 3.13813423326e-18, 3.77835589735e-18, 4.11031878001e-18, 4.4216298579e-18, 4.6080838126e-18, 5.35289791566e-18, 8.74972544086e-18, 8.50233722635e-18, 9.87772517242e-18, 8.14836430836e-18, 1.21608793207e-17, 1.20182990257e-17, 1.27699588755e-17, 1.15250735603e-17, 1.10651570038e-17, 8.57806064834e-18, 5.95351044971e-18, 4.36735026611e-18, 2.29991282748e-18, 9.53665110211e-19, 2.65683536813e-19, 2.90567126504e-20], "dvar2": [1.39202438731e-05, 0.00226189382374, 0.0729520246387, 29.3748874664, 2090.57983398, 309.536499023, 193.473007202, 324.715942383, 2651.96240234, 2302.30908203, 4547.27148438, 1024.8684082, 2147.85742188, 2017.34143066, 2262.56005859, 11564.8837891, 422.187683105, 1321.16760254, 715.861450195, 493.006561279, 176.111068726, 344.168914795, 693.39666748, 55.3727684021, 29.5712299347, 26.1630573273, 8.34084033966, 15.0675735474, 98.0176239014, 45.611579895, 23.1899738312, 13.0976419449, 2.80531978607, 0.436090797186, 0.046527557075, 0.00510587031022, 0.000464102748083, 1.22700030261e-05, 3.66901602433e-08, 2.08424957848e-10], "dvar": [5.93360118728e-06, 0.000927717017476, 0.0280326344073, 18.1101436615, 1363.55639648, 131.632492065, 90.1480941772, 138.845169067, 1317.79089355, 1089.30957031, 1975.21716309, 393.353973389, 823.395629883, 738.461914062, 854.730895996, 4180.68994141, 152.271347046, 512.396911621, 297.803985596, 214.812042236, 64.6122512817, 147.279449463, 292.392242432, 24.5054092407, 12.6091547012, 11.6482572556, 3.80913305283, 8.06265258789, 56.4190635681, 25.3422374725, 11.1218795776, 6.68335437775, 1.55371642113, 0.239064961672, 0.0238012373447, 0.00273463618942, 0.000212905317312, 6.15943281446e-06, 1.89540276807e-08, 1.32720889834e-10], "dmean": [0.000827460375149, 0.011161133647, 0.0989961698651, 2.66804456711, 23.532207489, 7.39740371704, 5.06298923492, 6.54515695572, 16.5936946869, 16.021490097, 16.8400993347, 8.07017707825, 11.8866014481, 8.47157096863, 9.13180923462, 14.3864831924, 4.84093761444, 8.11685180664, 6.18186044693, 4.79224634171, 3.55616617203, 5.1910276413, 5.92008829117, 2.25817871094, 1.74498593807, 1.14638757706, 0.819421052933, 1.1258957386, 1.5732268095, 1.02560412884, 0.924128890038, 0.65436142683, 0.364788591862, 0.146132349968, 0.0489028245211, 0.0157217234373, 0.00364825828001, 0.000615340133663, 3.52177121385e-05, 8.86664747668e-06], "max": [0.0474516563118, 0.641778826714, 4.46188116074, 63.8160362244, 543.311157227, 260.003601074, 358.723419189, 360.037506104, 824.675109863, 1114.26940918, 911.65637207, 473.259918213, 663.851501465, 834.5546875, 1147.08679199, 1818.15136719, 294.194885254, 526.357299805, 615.56640625, 793.513977051, 257.146179199, 431.167907715, 551.549865723, 167.240112305, 136.893630981, 113.248474121, 86.6447067261, 83.6212997437, 580.994873047, 290.623260498, 106.052108765, 87.0625, 43.7873878479, 20.8476581573, 4.70477294922, 1.74497866631, 0.731777787209, 0.132152676582, 0.00857629906386, 0.000232866921579], "var": [6.73019758324e-06, 0.00117148493882, 0.0570403337479, 45.406463623, 3220.58203125, 360.286529541, 460.423339844, 345.686309814, 3611.34130859, 3305.51904297, 4778.61572266, 1021.4229126, 2754.81396484, 1698.07666016, 2003.92175293, 8396.51757812, 389.698883057, 1250.65380859, 647.343139648, 622.264648438, 255.262268066, 621.078491211, 1309.8885498, 118.979995728, 47.9492530823, 55.2338294983, 16.2266368866, 35.0479431152, 127.757865906, 57.8935127258, 27.5475063324, 15.4850378036, 3.96277928352, 0.602748572826, 0.057730294764, 0.00702069466934, 0.000528900825884, 1.81129344128e-05, 4.86545097544e-08, 5.71179492592e-10], "mean": [0.00108529417776, 0.0178734026849, 0.224108085036, 4.83047199249, 36.1924285889, 15.5261383057, 12.7385978699, 13.2605819702, 34.8133049011, 30.8838272095, 30.0248260498, 15.4838352203, 23.5809669495, 15.6462802887, 16.4746131897, 24.5254020691, 9.6926908493, 15.211224556, 11.6093454361, 10.220495224, 8.71299362183, 12.4657497406, 15.5279321671, 6.28108501434, 4.38936805725, 2.91352462769, 2.0800280571, 2.85442852974, 3.67440676689, 2.02811360359, 1.75400137901, 1.11914002895, 0.621575951576, 0.248990818858, 0.0760821253061, 0.0228057969362, 0.00545451883227, 0.00119841215201, 6.68398934067e-05, 2.65207054326e-05]}, "spectral_strongpeak": {"dmean2": 0.665667414665, "median": 0.738335967064, "min": 0, "dvar2": 0.85242497921, "dvar": 0.329117715359, "dmean": 0.424237221479, "max": 13.9045219421, "var": 0.700951993465, "mean": 0.950330555439}, "spectral_energy": {"dmean2": 0.00994396675378, "median": 0.0160755366087, "min": 9.78654911832e-21, "dvar2": 0.0001642719144, "dvar": 0.000104533901322, "dmean": 0.0077417162247, "max": 0.15539252758, "var": 0.000405732425861, "mean": 0.0217805262655}, "average_loudness": 0.766179859638, "spectral_rolloff": {"dmean2": 406.87588501, "median": 495.263671875, "min": 193.798828125, "dvar2": 953319.3125, "dvar": 464344.9375, "dmean": 243.063354492, "max": 19832.0800781, "var": 2819700.5, "mean": 1082.85925293}, "spectral_centroid": {"dmean2": 208.467193604, "median": 599.703063965, "min": 191.527832031, "dvar2": 101770.007812, "dvar": 52926.3554688, "dmean": 143.980926514, "max": 11651.7998047, "var": 923910.375, "mean": 889.384887695}, "pitch_salience": {"dmean2": 0.117661111057, "median": 0.557039678097, "min": 0.0801935344934, "dvar2": 0.0102411340922, "dvar": 0.00525435153395, "dmean": 0.0803668424487, "max": 0.870864033699, "var": 0.0206371434033, "mean": 0.547610998154}, "spectral_energyband_middle_high": {"dmean2": 0.00140729360282, "median": 0.000938536715694, "min": 1.17506468717e-21, "dvar2": 1.16125283967e-05, "dvar": 4.48656783192e-06, "dmean": 0.000899376755115, "max": 0.0645391866565, "var": 2.26047450269e-05, "mean": 0.0028220389504}, "spectral_contrast_coeffs": {"dmean2": [0.0743847712874, 0.068663969636, 0.0561296828091, 0.04182010144, 0.0317958854139, 0.0275043137372], "median": [-0.449463188648, -0.683554172516, -0.78277349472, -0.802181482315, -0.790915608406, -0.772359013557], "min": [-0.975980758667, -0.983587086201, -0.973109006882, -0.972544848919, -0.968436479568, -0.963449954987], "dvar2": [0.00380170810968, 0.00307527650148, 0.00204035057686, 0.00110995327123, 0.000676357594784, 0.000553515914362], "dvar": [0.00157445552759, 0.00117574853357, 0.000775257416535, 0.000446154444944, 0.000293497461826, 0.000247242482146], "dmean": [0.0491175539792, 0.0422782376409, 0.0344033837318, 0.0259313192219, 0.0202901363373, 0.0176071934402], "max": [-0.208238065243, -0.402577459812, -0.474572092295, -0.582946181297, -0.621806263924, -0.612885713577], "var": [0.0143583975732, 0.0068072215654, 0.00603193836287, 0.00330231199041, 0.00282913469709, 0.0022612628527], "mean": [-0.470191270113, -0.690927386284, -0.768028736115, -0.791472613811, -0.783867239952, -0.771500051022]}, "melbands_skewness": {"dmean2": 1.12999105453, "median": 2.74070644379, "min": -0.893578112125, "dvar2": 1.40908432007, "dvar": 0.710902631283, "dmean": 0.783138990402, "max": 13.8740997314, "var": 3.37577700615, "mean": 2.98533701897}, "spectral_spread": {"dmean2": 777497.75, "median": 3709387.5, "min": 1408832.125, "dvar2": 1217396080640.0, "dvar": 679045431296, "dmean": 537452.25, "max": 42499872, "var": 8524945424380.0, "mean": 4102472}, "dissonance": {"dmean2": 0.040759626776, "median": 0.444640368223, "min": 0.248407155275, "dvar2": 0.0015004905872, "dvar": 0.000552529876586, "dmean": 0.0246218182147, "max": 0.500000119209, "var": 0.00200707092881, "mean": 0.436418801546}, "spectral_skewness": {"dmean2": 0.446829527617, "median": 1.85363411903, "min": -0.0515176951885, "dvar2": 0.21803753078, "dvar": 0.105341695249, "dmean": 0.294703781605, "max": 6.4590086937, "var": 0.650545418262, "mean": 2.04064249992}, "spectral_flux": {"dmean2": 0.0327528007329, "median": 0.0564946755767, "min": 6.4921991394e-11, "dvar2": 0.0013793775579, "dvar": 0.000507006945554, "dmean": 0.0198734160513, "max": 0.255946844816, "var": 0.00133246916812, "mean": 0.0607355982065}, "spectral_contrast_valleys": {"dmean2": [0.643803298473, 0.515614748001, 0.447761029005, 0.382170855999, 0.327095329762, 0.458721578121], "median": [-8.75778865814, -6.86535358429, -7.92778396606, -8.40778446198, -8.35273170471, -10.8198471069], "min": [-27.8015384674, -27.8813228607, -27.5224609375, -27.7394008636, -27.456861496, -27.3334083557], "dvar2": [0.328270792961, 0.202076822519, 0.178299188614, 0.13936509192, 0.130107104778, 0.252184867859], "dvar": [0.141548395157, 0.0941293463111, 0.0838009566069, 0.0719705373049, 0.0782284140587, 0.162916600704], "dmean": [0.404278874397, 0.316249251366, 0.27696120739, 0.241273403168, 0.225418686867, 0.337548524141], "max": [-6.53677225113, -4.87326431274, -5.10828113556, -5.66251945496, -6.31703948975, -7.70515012741], "var": [2.70090556145, 3.11811971664, 3.05942201614, 3.05711317062, 2.95869112015, 2.68641018867], "mean": [-8.95825767517, -7.14273834229, -8.07837295532, -8.55366325378, -8.56280136108, -11.0048933029]}, "erbbands_flatness_db": {"dmean2": 0.0258228834718, "median": 0.202752113342, "min": 0.045219566673, "dvar2": 0.000564422574826, "dvar": 0.000319689774187, "dmean": 0.0182780902833, "max": 0.347735673189, "var": 0.00135910883546, "mean": 0.203690201044}, "spectral_energyband_high": {"dmean2": 0.000161764677614, "median": 8.43759989948e-05, "min": 6.7297702115e-21, "dvar2": 2.33820784956e-07, "dvar": 1.5055040592e-07, "dmean": 0.000117088027764, "max": 0.0211852882057, "var": 5.47630691017e-07, "mean": 0.000304085901007}, "spectral_entropy": {"dmean2": 0.296476334333, "median": 6.9608707428, "min": 4.55938673019, "dvar2": 0.0981916040182, "dvar": 0.0580282770097, "dmean": 0.217910289764, "max": 9.82020187378, "var": 0.50305968523, "mean": 6.97397947311}, "silence_rate_20dB": {"dmean2": 0, "median": 1, "min": 1, "dvar2": 0, "dvar": 0, "dmean": 0, "max": 1, "var": 0, "mean": 1}, "melbands_flatness_db": {"dmean2": 0.0395486280322, "median": 0.258255630732, "min": 0.00382346450351, "dvar2": 0.00142023467924, "dvar": 0.000826992443763, "dmean": 0.0293559152633, "max": 0.557479083538, "var": 0.00921971164644, "mean": 0.253815889359}, "barkbands": {"dmean2": [6.1356254264e-06, 6.21831713943e-05, 0.000184070813702, 0.00269725429825, 0.00634343037382, 0.000996455550194, 0.00187553511932, 0.00112703256309, 0.000689648441039, 0.000471575564006, 0.000380342535209, 0.000625897606369, 0.000202231836738, 0.000279796076939, 0.000149189232616, 0.000120279168186, 0.000146216334542, 0.00014800549252, 5.84859844821e-05, 4.06405415561e-05, 3.50051413989e-05, 5.60014559596e-05, 4.87167781102e-05, 3.73870134354e-05, 1.38553941724e-05, 3.59390628546e-06, 3.76989532924e-07], "median": [8.39060521685e-06, 1.83825468412e-05, 0.000137599185109, 0.00133388128597, 0.00445886189118, 0.000803086091764, 0.00112871546298, 0.0002453525085, 0.000126192171592, 7.46762234485e-05, 4.24570753239e-05, 4.66771889478e-05, 3.87133040931e-05, 4.17171686422e-05, 3.21799125231e-05, 4.08764462918e-05, 5.0155340432e-05, 4.12034132751e-05, 3.53037321474e-05, 1.42426179082e-05, 1.69050090335e-05, 2.02087103389e-05, 1.29961608764e-05, 8.85865483724e-06, 3.07095046992e-06, 6.46632202006e-07, 1.91499708535e-07], "min": [5.13340880273e-25, 4.26530307249e-24, 2.27557222746e-24, 2.15071211224e-24, 9.25496741601e-24, 8.27454662832e-24, 1.02937575998e-23, 9.9014073734e-24, 1.49219729763e-23, 1.64263039013e-23, 2.30077688558e-23, 3.06173956712e-23, 3.67972089404e-23, 4.64344165414e-23, 6.12991939467e-23, 6.12257289083e-23, 8.24956151018e-23, 1.1432040972e-22, 1.52987077011e-22, 1.78333468196e-22, 2.26678638379e-22, 3.35811044402e-22, 4.47500066578e-22, 5.94099149927e-22, 9.37091933523e-22, 1.29386022277e-21, 2.06903276307e-21], "dvar2": [7.24615437098e-11, 3.06094030122e-08, 9.81056871296e-08, 1.87577152246e-05, 8.69625146152e-05, 3.10636642098e-06, 1.30835105665e-05, 7.93652816355e-06, 2.89358604277e-06, 1.97405938707e-06, 2.26648285206e-06, 7.88653687778e-06, 3.30239146251e-07, 5.04094032294e-07, 1.3362114