{"tonal": {"thpcp": [1, 0.814925909042, 0.379259496927, 0.320746481419, 0.338367313147, 0.292621999979, 0.279031038284, 0.264949947596, 0.257848620415, 0.414100289345, 0.509535074234, 0.409268707037, 0.314721912146, 0.254756450653, 0.280799746513, 0.50180709362, 0.612403035164, 0.420291006565, 0.237277448177, 0.173103660345, 0.188603967428, 0.337852239609, 0.405529618263, 0.300188273191, 0.364990413189, 0.460456103086, 0.356093138456, 0.296659886837, 0.311540186405, 0.306364357471, 0.411690443754, 0.459559559822, 0.317619562149, 0.228079020977, 0.210451990366, 0.520032465458], "hpcp": {"dmean2": [0.236781090498, 0.20253072679, 0.224030986428, 0.302569389343, 0.331740617752, 0.250350505114, 0.168387264013, 0.137073561549, 0.149724021554, 0.206832140684, 0.225182816386, 0.209406688809, 0.241522431374, 0.280007451773, 0.259478420019, 0.238348022103, 0.243979945779, 0.244154632092, 0.26506114006, 0.277658939362, 0.227074220777, 0.186001300812, 0.185064285994, 0.410544514656, 0.699076592922, 0.476813465357, 0.261983007193, 0.237354755402, 0.230933070183, 0.218613088131, 0.228468000889, 0.225999891758, 0.225358322263, 0.274104863405, 0.299382001162, 0.27605214715], "median": [0.0510952323675, 0.0471558682621, 0.0572551973164, 0.11249089241, 0.135785773396, 0.0954343527555, 0.0460007339716, 0.0338038168848, 0.0381046198308, 0.0702695921063, 0.0788835287094, 0.0627444162965, 0.0666188001633, 0.0805190131068, 0.0694793686271, 0.0560820773244, 0.0562734715641, 0.060033775866, 0.0853212550282, 0.0764621272683, 0.0558350011706, 0.0393631570041, 0.0347379073501, 0.128674134612, 0.280106514692, 0.278484672308, 0.0838139429688, 0.0519742071629, 0.0394056551158, 0.0338948108256, 0.039846021682, 0.0378546789289, 0.0454727187753, 0.0766731724143, 0.0893571898341, 0.0711758062243], "min": [0, 0, 0, 0, 0, 0, 0, 0, 0, 0, 0, 0, 0, 0, 0, 0, 0, 0, 0, 0, 0, 0, 0, 0, 0, 0, 0, 0, 0, 0, 0, 0, 0, 0, 0, 0], "dvar2": [0.118205100298, 0.0989146530628, 0.100506983697, 0.116401910782, 0.134575664997, 0.0883735120296, 0.0664960965514, 0.0608621276915, 0.0629932209849, 0.0804745331407, 0.0901072472334, 0.0887827947736, 0.111719675362, 0.130795121193, 0.121976949275, 0.114182092249, 0.121533036232, 0.117441855371, 0.112581796944, 0.129827141762, 0.10849558562, 0.086214415729, 0.0924485996366, 0.125366270542, 0.328468620777, 0.141015902162, 0.0971774235368, 0.0959229394794, 0.106663160026, 0.108138784766, 0.117547430098, 0.124082319438, 0.118308998644, 0.130080893636, 0.136611416936, 0.132010683417], "dvar": [0.0439254827797, 0.0357390455902, 0.0358225516975, 0.0441330038011, 0.0546717904508, 0.0343996882439, 0.024708269164, 0.0217134375125, 0.0226135794073, 0.0307144690305, 0.0357941128314, 0.0321828611195, 0.0413102060556, 0.0504958182573, 0.0437697730958, 0.0409034788609, 0.0437884405255, 0.042288698256, 0.0423583835363, 0.0504371263087, 0.0389331430197, 0.0315339118242, 0.0337129309773, 0.0443868972361, 0.123084321618, 0.0524463243783, 0.0368267223239, 0.0367070510983, 0.0417489148676, 0.0403951704502, 0.0429639182985, 0.0452255085111, 0.042115829885, 0.0478913336992, 0.0530966557562, 0.0489549897611], "dmean": [0.132899776101, 0.113334484398, 0.12480352819, 0.175220057368, 0.195016220212, 0.146970793605, 0.095642067492, 0.076178625226, 0.0829355791211, 0.119769237936, 0.131854578853, 0.118459455669, 0.137607261539, 0.16030614078, 0.146041318774, 0.132190003991, 0.136303678155, 0.136197268963, 0.153084203601, 0.16152754426, 0.128867134452, 0.10421077162, 0.102128356695, 0.228109151125, 0.383966118097, 0.273675888777, 0.150074720383, 0.136021673679, 0.132913663983, 0.123058840632, 0.127604529262, 0.125789314508, 0.124747619033, 0.155858039856, 0.169436335564, 0.156094655395], "max": [1, 1, 1, 1, 1, 1, 1, 1, 1, 1, 1, 1, 1, 1, 1, 1, 1, 1, 1, 1, 1, 1, 1, 1, 1, 1, 1, 1, 1, 1, 1, 1, 1, 1, 1, 1], "var": [0.0458950214088, 0.0313123315573, 0.0305911656469, 0.0617505535483, 0.0889007300138, 0.0460555888712, 0.025647893548, 0.0164419468492, 0.0178266167641, 0.0383838824928, 0.057775799185, 0.0320042893291, 0.0480823256075, 0.0731777623296, 0.0429230742157, 0.0354759916663, 0.0406994521618, 0.0376630686224, 0.0521005094051, 0.0729858055711, 0.0390146225691, 0.0273046158254, 0.0266664102674, 0.0515855737031, 0.148490920663, 0.0901425033808, 0.0424132868648, 0.0419104583561, 0.0583513937891, 0.0460390895605, 0.0407725684345, 0.040087338537, 0.0328889526427, 0.0580940470099, 0.0817103385925, 0.058741800487], "mean": [0.136667981744, 0.110627986491, 0.121937274933, 0.217909708619, 0.265935987234, 0.182511359453, 0.103037722409, 0.0751702561975, 0.0819012671709, 0.146712318063, 0.176101222634, 0.130356743932, 0.158497080207, 0.199953049421, 0.154633432627, 0.128824546933, 0.135286316276, 0.133038714528, 0.178776562214, 0.199563726783, 0.137926280499, 0.0990433096886, 0.0913887694478, 0.225824072957, 0.434249967337, 0.353881537914, 0.164693430066, 0.139284148812, 0.146935999393, 0.127071097493, 0.121169216931, 0.115054510534, 0.111970752478, 0.179823040962, 0.22126558423, 0.177724927664]}, "tuning_equal_tempered_deviation": 0.236984610558, "chords_changes_rate": 0.0782340541482, "key_key": "A#", "tuning_diatonic_strength": 0.548567831516, "key_scale": "minor", "chords_number_rate": 0.00194773578551, "tuning_frequency": 434.193115234, "tuning_nontempered_energy_ratio": 0.884097456932, "chords_histogram": [30.4496021271, 14.6729431152, 10.4203863144, 8.35903263092, 1.07125461102, 1.20110368729, 0, 13.4556074142, 3.71692895889, 6.3626036644, 0.129849046469, 0.243466973305, 0, 0, 0, 0.551858484745, 1.00633013248, 0, 0.194773569703, 0, 0, 0, 4.64210367203, 3.5221555233], "key_strength": 0.627475917339, "chords_key": "A#", "chords_strength": {"dmean2": 0.0123445624486, "median": 0.490899354219, "min": 0.218817576766, "dvar2": 0.000108626147266, "dvar": 7.90492340457e-05, "dmean": 0.0110113853589, "max": 0.738109767437, "var": 0.00769253168255, "mean": 0.490460634232}, "chords_scale": "minor", "hpcp_entropy": {"dmean2": 1.20053100586, "median": 2.43309521675, "min": 0, "dvar2": 0.923208653927, "dvar": 0.333734482527, "dmean": 0.720169723034, "max": 4.71167182922, "var": 0.730473279953, "mean": 2.46293830872}}, "metadata": {"audio_properties": {"equal_loudness": 0, "codec": "mp3", "downmix": "mix", "sample_rate": 44100, "analysis_sample_rate": 44100, "bit_rate": 160015, "md5_encoded": "5c70c0ca60eac6327b4753e694632adf", "length": 286.040802002, "replay_gain": -16.9335861206, "lossless": false}, "version": {"essentia_build_sha": "70f2e5ece6736b2c40cc944ad0e695b16b925413", "essentia": "2.1-beta2", "extractor": "music 1.0", "essentia_git_sha": "v2.1_beta2"}, "tags": {"title": ["The Death March"], "date": ["2014"], "file_name": "The Raven Age - The Death March.mp3", "musicbrainz_recordingid": ["0ffd4ea4-42e8-40d8-a8c6-f8466f31d298"], "artistsort": ["The Raven Age"], "encoding": ["Lavf56.36.100"], "artist": ["The Raven Age"], "tracknumber": ["3/0"], "bpm": ["0"], "album": ["The Raven Age"], "discnumber": ["0/0"], "musicbrainz_artistid": ["7004488a-6ddd-442e-9d62-7459aca24bee"]}}, "rhythm": {"bpm_histogram_first_peak_bpm": {"dmean2": 0, "median": 96, "min": 96, "dvar2": 0, "dvar": 0, "dmean": 0, "max": 96, "var": 0, "mean": 96}, "bpm": 94.9998397827, "bpm_histogram_second_peak_spread": {"dmean2": 0, "median": 0.267716467381, "min": 0.267716467381, "dvar2": 0, "dvar": 0, "dmean": 0, "max": 0.267716467381, "var": 0, "mean": 0.267716467381}, "bpm_histogram_first_peak_weight": {"dmean2": 0, "median": 0.25369977951, "min": 0.25369977951, "dvar2": 0, "dvar": 0, "dmean": 0, "max": 0.25369977951, "var": 0, "mean": 0.25369977951}, "onset_rate": 3.36295175552, "beats_position": [0.696598649025, 1.40480720997, 2.08979582787, 2.7863945961, 3.47138309479, 4.15637159348, 4.841360569, 5.54956912994, 6.26938772202, 6.98920631409, 7.70902490616, 8.44045352936, 9.17188167572, 9.89170074463, 10.6115188599, 11.3429479599, 12.0743761063, 12.8058052063, 13.5372333527, 14.2570514679, 14.9768705368, 15.7082986832, 16.4397277832, 17.1595458984, 17.9025840759, 18.6224040985, 19.3422222137, 20.0736503601, 20.8050785065, 21.5248966217, 22.2563266754, 22.9877548218, 23.707572937, 24.4390010834, 25.1704311371, 25.8902492523, 26.6100673676, 27.3414955139, 28.0729255676, 28.804353714, 29.5357818604, 30.2555999756, 30.9870281219, 31.7184581757, 32.4382743835, 33.1580963135, 33.8895225525, 34.6209526062, 35.3523788452, 36.0838088989, 36.8036270142, 37.5234451294, 38.2548751831, 38.9863014221, 39.7061233521, 40.4259414673, 41.1573677063, 41.88879776, 42.6202278137, 43.3516540527, 44.071472168, 44.8029022217, 45.5343284607, 46.2541503906, 46.9739685059, 47.7053947449, 48.4368247986, 49.1682548523, 49.8996810913, 50.6194992065, 51.3393173218, 52.0707473755, 52.8021774292, 53.5336036682, 54.2534217834, 54.9848518372, 55.7162818909, 56.4477081299, 57.1675262451, 57.8873443604, 58.6187744141, 59.3502044678, 60.070022583, 60.801448822, 61.5328788757, 62.2643089294, 62.9957351685, 63.7155532837, 64.4353713989, 65.1668014526, 65.8982315063, 66.6180496216, 67.3494796753, 68.0809020996, 68.8007278442, 69.5321502686, 70.2635803223, 70.9833984375, 71.7032165527, 72.4346466064, 73.1660766602, 73.8858947754, 74.6173248291, 75.3487548828, 76.0801773071, 76.8116073608, 77.5314254761, 78.2628555298, 78.9942855835, 79.7141036987, 80.433921814, 81.1653518677, 81.8851699829, 82.6166000366, 83.3480224609, 84.0678405762, 84.7992706299, 85.5423126221, 86.1924667358, 86.7961883545, 87.3882980347, 87.9804077148, 88.6189575195, 89.2575073242, 89.8844451904, 90.5113830566, 91.1499328613, 91.7768707275, 92.4154205322, 93.0423583984, 93.6692962646, 94.2962341309, 94.9231719971, 95.5617218018, 96.188659668, 96.8272094727, 97.4541473389, 98.0810852051, 98.7196350098, 99.3581848145, 99.9851226807, 100.612060547, 101.250610352, 101.889160156, 102.516098022, 103.143035889, 103.769973755, 104.396911621, 105.035461426, 105.67401123, 106.300949097, 106.927886963, 107.566436768, 108.204986572, 108.831924438, 109.458862305, 110.085800171, 110.712738037, 111.351287842, 111.989837646, 112.616775513, 113.243713379, 113.882263184, 114.520812988, 115.147750854, 115.774688721, 116.401634216, 117.028572083, 117.667114258, 118.305664062, 118.932601929, 119.559547424, 120.1980896, 120.836639404, 121.463577271, 122.090522766, 122.717460632, 123.344398499, 123.982948303, 124.621498108, 125.248435974, 125.87537384, 126.502311707, 127.140861511, 127.779411316, 128.406341553, 129.033279419, 129.671829224, 130.310379028, 130.937316895, 131.564254761, 132.191192627, 132.829742432, 133.468292236, 134.095230103, 134.722167969, 135.360717773, 135.98765564, 136.626205444, 137.253143311, 137.880081177, 138.507034302, 139.145568848, 139.772521973, 140.411056519, 141.037994385, 141.66494751, 142.291885376, 142.930435181, 143.568969727, 144.195922852, 144.822860718, 145.461410522, 146.099945068, 146.726898193, 147.35383606, 147.980773926, 148.607711792, 149.246261597, 149.884811401, 150.511749268, 151.138687134, 151.777236938, 152.415786743, 153.042724609, 153.669662476, 154.296600342, 154.923538208, 155.562088013, 156.038085938, 156.514099121, 156.990112305, 157.45451355, 157.953735352, 158.452972412, 158.975418091, 159.474639893, 159.939041138, 160.403442383, 160.867843628, 161.320632935, 161.78503418, 162.237823486, 162.702224731, 163.166610718, 163.631011963, 164.095413208, 164.559814453, 165.01260376, 165.465393066, 165.929794312, 166.394195557, 166.858596802, 167.322982788, 167.787384033, 168.251785278, 168.704574585, 169.16897583, 169.621765137, 170.086166382, 170.550567627, 171.014968872, 171.479354858, 171.943756104, 172.408157349, 172.860946655, 173.313735962, 173.778137207, 174.242538452, 174.706939697, 175.171340942, 175.635726929, 176.100128174, 176.564529419, 177.017318726, 177.481719971, 177.934509277, 178.398910522, 178.863311768, 179.327713013, 179.780502319, 180.233291626, 180.697677612, 181.162078857, 181.626480103, 182.090881348, 182.555282593, 183.019683838, 183.484085083, 183.948471069, 184.401260376, 184.865661621, 185.318450928, 185.782852173, 186.247253418, 186.711654663, 187.176055908, 187.640457153, 188.09324646, 188.546035767, 189.010421753, 189.474822998, 189.939224243, 190.403625488, 190.868026733, 191.332427979, 191.785217285, 192.238006592, 192.702392578, 193.166793823, 193.631195068, 194.095596313, 194.559997559, 195.024398804, 195.488800049, 195.941589355, 196.394378662, 196.858764648, 197.323165894, 197.7759552, 198.240356445, 198.70475769, 199.169158936, 199.621948242, 200.086349487, 200.550750732, 201.015136719, 201.479537964, 201.943939209, 202.396728516, 202.849517822, 203.313919067, 203.778320312, 204.242721558, 204.707122803, 205.171508789, 205.635910034, 206.088699341, 206.541488647, 207.005889893, 207.470291138, 207.934692383, 208.399093628, 208.863494873, 209.327880859, 209.792282104, 210.245071411, 210.709472656, 211.162261963, 211.626663208, 212.091064453, 212.555465698, 213.019866943, 213.48425293, 213.948654175, 214.41305542, 214.877456665, 215.353469849, 215.85269165, 216.351928711, 216.851150513, 217.489700317, 218.128250122, 218.766799927, 219.405349731, 220.032287598, 220.659225464, 221.297775269, 221.924713135, 222.563262939, 223.190200806, 223.817138672, 224.444076538, 225.071014404, 225.709564209, 226.348114014, 226.97505188, 227.601989746, 228.228927612, 228.867477417, 229.506027222, 230.132965088, 230.759902954, 231.398452759, 232.037002563, 232.66394043, 233.290878296, 233.917816162, 234.556365967, 235.194915771, 235.821853638, 236.448791504, 237.07572937, 237.702667236, 238.329605103, 238.968154907, 239.606704712, 240.233642578, 240.860580444, 241.499130249, 242.137680054, 242.76461792, 243.391555786, 244.030105591, 244.668655396, 245.295593262, 245.922531128, 246.549468994, 247.17640686, 247.814956665, 248.45350647, 249.080444336, 249.707382202, 250.345932007, 250.984481812, 251.611419678, 252.238357544, 252.86529541, 253.492233276, 254.130783081, 254.769332886, 255.396270752, 256.023223877, 256.661773682, 257.300323486, 257.927246094, 258.554199219, 259.192749023, 259.831298828, 260.458221436, 261.085174561, 261.712097168, 262.339050293, 262.977600098, 263.616149902, 264.24307251, 264.870025635, 265.496948242, 266.123901367, 266.762451172, 267.401000977, 268.027923584, 268.654876709, 269.293426514, 269.931976318, 270.558898926, 271.185852051, 271.812774658, 272.451324463, 273.089874268, 273.716827393, 274.34375, 274.970703125, 275.60925293, 276.247802734, 276.874725342, 277.501678467, 277.97769165, 278.453704834, 278.941314697, 279.440551758, 279.939758301, 280.427398682, 280.868560791, 281.298126221, 281.72769165, 282.168884277, 282.598449707, 283.028015137, 283.457580566, 283.887145996, 284.328338623, 284.76953125, 285.210693359], "beats_loudness": {"dmean2": 0.0310520846397, "median": 0.037325553596, "min": 2.4254136477e-08, "dvar2": 0.000728040875401, "dvar": 0.000246829848038, "dmean": 0.0181410647929, "max": 0.104609802365, "var": 0.000378258671844, "mean": 0.0392694808543}, "danceability": 1.18145751953, "bpm_histogram_second_peak_weight": {"dmean2": 0, "median": 0.196617335081, "min": 0.196617335081, "dvar2": 0, "dvar": 0, "dmean": 0, "max": 0.196617335081, "var": 0, "mean": 0.196617335081}, "beats_count": 474, "bpm_histogram_second_peak_bpm": {"dmean2": 0, "median": 129, "min": 129, "dvar2": 0, "dvar": 0, "dmean": 0, "max": 129, "var": 0, "mean": 129}, "bpm_histogram_first_peak_spread": {"dmean2": 0, "median": 0.414634168148, "min": 0.414634168148, "dvar2": 0, "dvar": 0, "dmean": 0, "max": 0.414634168148, "var": 0, "mean": 0.414634168148}, "beats_loudness_band_ratio": {"dmean2": [0.344466388226, 0.190607100725, 0.138118758798, 0.121527001262, 0.132123753428, 0.0901519805193], "median": [0.442686706781, 0.130327522755, 0.0763211771846, 0.0600126832724, 0.0888455882668, 0.0959842801094], "min": [0.000256953324424, 0.00232872599736, 0.00651126308367, 0.00575997494161, 0.00378577201627, 0.00216252217069], "dvar2": [0.0734464973211, 0.0259863082319, 0.0221741870046, 0.0180103909224, 0.0174911599606, 0.00581951672211], "dvar": [0.0275951735675, 0.00873233564198, 0.00822890549898, 0.00696760322899, 0.00618198374286, 0.00197227951139], "dmean": [0.197196766734, 0.110346004367, 0.078091584146, 0.0707139074802, 0.0732986703515, 0.0523038618267], "max": [0.957715451717, 0.545194387436, 0.961078345776, 0.580115258694, 0.60535877943, 0.324641615152], "var": [0.0585903786123, 0.0132665997371, 0.0222865715623, 0.00878762733191, 0.00817974749953, 0.00316627672873], "mean": [0.455367237329, 0.161316484213, 0.123490698636, 0.0910426527262, 0.111767038703, 0.104511134326]}}, "lowlevel": {"barkbands_spread": {"dmean2": 13.8851766586, "median": 34.0597305298, "min": 1.46218466759, "dvar2": 212.725463867, "dvar": 77.2816696167, "dmean": 8.28507328033, "max": 105.501037598, "var": 178.729446411, "mean": 33.5420150757}, "melbands_spread": {"dmean2": 18.4830856323, "median": 33.331703186, "min": 1.77354216576, "dvar2": 339.564178467, "dvar": 133.229476929, "dmean": 11.239484787, "max": 165.434036255, "var": 399.054138184, "mean": 35.0135993958}, "hfc": {"dmean2": 12.1403827667, "median": 29.6401081085, "min": 1.12358563111e-16, "dvar2": 220.902114868, "dvar": 88.9321746826, "dmean": 7.65943717957, "max": 114.319396973, "var": 282.233947754, "mean": 30.6827793121}, "barkbands_kurtosis": {"dmean2": 4.92001247406, "median": -0.0905210971832, "min": -1.87609004974, "dvar2": 74.7994918823, "dvar": 25.5818977356, "dmean": 2.77251386642, "max": 57.0413208008, "var": 31.5324020386, "mean": 2.00587844849}, "gfcc": {"mean": [34.7757492065, 72.8773117065, -124.409103394, 52.5728912354, -59.3146781921, 14.2729568481, -34.271522522, 9.77264881134, -23.4013996124, 4.19261980057, -18.2909202576, -0.322987765074, -10.8014278412], "icov": [[0.00021067794296, -0.0002079011756, 0.000356172851752, -0.000527459080331, 0.00016946948017, -0.000663910061121, 0.000609701266512, -0.000683109159581, 0.000558022991754, -0.000423530844273, 0.000866968650371, -0.000655379204545, 0.000550673925318], [-0.0002079011756, 0.005461525172, -0.000306152011035, -0.00118183228187, -0.00027693391894, 0.0034603048116, -0.00544428452849, 0.00442460691556, -0.00351808569394, 0.00307251745835, -0.0031077186577, 0.00368087366223, -0.00312564591877], [0.000356172851752, -0.000306152011035, 0.00356344785541, -0.00183443771675, -0.000262986286543, -0.00197757896967, 0.000962081889156, -0.0021930099465, 0.00213480298407, -0.00236960570328, 0.00320505583659, -0.00272415135987, 0.00186664739158], [-0.000527459080331, -0.00118183228187, -0.00183443771675, 0.00760730542243, -0.00318599655293, -0.00188834930304, 0.00163210998289, 0.00283810636029, -0.00303166452795, 0.00383572140709, -0.00273094070144, 0.000694481190294, -0.00268300110474], [0.00016946948017, -0.00027693391894, -0.000262986286543, -0.00318599655293, 0.0088001806289, -0.0015363387065, -0.000729858700652, -0.000207044446142, -7.387122605e-05, -0.00489664077759, 0.00436929333955, -0.0018415764207, -0.000320592225762], [-0.000663910061121, 0.0034603048116, -0.00197757896967, -0.00188834930304, -0.0015363387065, 0.0139982048422, -0.00578771205619, -0.000843453686684, 0.000403119047405, 0.0026999018155, -0.00626554945484, 0.00507310824469, -0.00154358276632], [0.000609701266512, -0.00544428452849, 0.000962081889156, 0.00163210998289, -0.000729858700652, -0.00578771205619, 0.01366841048, -0.00901115871966, 0.00350036751479, -0.000711926957592, -0.000419250602135, -0.0018902377924, 0.00154729490168], [-0.000683109159581, 0.00442460691556, -0.0021930099465, 0.00283810636029, -0.000207044446142, -0.000843453686684, -0.00901115871966, 0.0251471791416, -0.0124126384035, 0.0010507509578, 0.00117407913785, -0.00268669868819, -0.000367151893442], [0.000558022991754, -0.00351808569394, 0.00213480298407, -0.00303166452795, -7.387122605e-05, 0.000403119047405, 0.00350036751479, -0.0124126384035, 0.0204665027559, -0.00903105456382, -0.000946954300161, 0.00685596046969, -0.00249273143709], [-0.000423530844273, 0.00307251745835, -0.00236960570328, 0.00383572140709, -0.00489664077759, 0.0026999018155, -0.000711926957592, 0.0010507509578, -0.00903105456382, 0.0261767376214, -0.0120911477134, -0.000813676393591, 0.00120595563203], [0.000866968650371, -0.0031077186577, 0.00320505583659, -0.00273094070144, 0.00436929333955, -0.00626554945484, -0.000419250602135, 0.00117407913785, -0.000946954300161, -0.0120911477134, 0.0307065714151, -0.0139450263232, 0.00239447969943], [-0.000655379204545, 0.00368087366223, -0.00272415135987, 0.000694481190294, -0.0018415764207, 0.00507310824469, -0.0018902377924, -0.00268669868819, 0.00685596046969, -0.000813676393591, -0.0139450263232, 0.0324767790735, -0.0163920074701], [0.000550673925318, -0.00312564591877, 0.00186664739158, -0.00268300110474, -0.000320592225762, -0.00154358276632, 0.00154729490168, -0.000367151893442, -0.00249273143709, 0.00120595563203, 0.00239447969943, -0.0163920074701, 0.0283675026149]], "cov": [[11242.6826172, -742.051818848, 217.087509155, 789.081420898, 197.358016968, 508.243682861, -545.036621094, 56.0263061523, -322.135009766, -82.768951416, -261.881958008, 111.029006958, -117.845901489], [-742.051818848, 611.773376465, -159.896484375, 72.162902832, 2.2342839241, -72.4135971069, 181.889556885, -37.1773376465, 112.325256348, -33.093006134, 58.6758270264, -47.5061645508, 63.7151031494], [217.087509155, -159.896484375, 532.917541504, 130.292175293, 114.033248901, 112.584373474, -22.4004440308, 45.5314292908, -44.5332984924, 32.9752006531, -26.7660388947, 49.56690979, -9.76416873932], [789.081420898, 72.162902832, 130.292175293, 336.314117432, 120.498855591, 84.2077865601, -29.428730011, -14.9347677231, 13.6428546906, -15.5571804047, 0.754743039608, 16.7934589386, 34.7247886658], [197.358016968, 2.2342839241, 114.033248901, 120.498855591, 191.773239136, 56.963344574, 15.1662855148, 21.0957965851, 19.6603431702, 30.4919281006, -2.76075410843, 19.2274894714, 16.795747757], [508.243682861, -72.4135971069, 112.584373474, 84.2077865601, 56.963344574, 159.500259399, 32.9315948486, 39.6874542236, -11.1961860657, 7.7352104187, 6.37697887421, 13.1497936249, -3.50107312202], [-545.036621094, 181.889556885, -22.4004440308, -29.428730011, 15.1662855148, 32.9315948486, 211.750671387, 53.8993263245, 50.0105934143, 10.7338104248, 41.7863998413, -3.09822416306, 19.0441589355], [56.0263061523, -37.1773376465, 45.5314292908, -14.9347677231, 21.0957965851, 39.6874542236, 53.8993263245, 94.1540908813, 41.1045532227, 27.0428676605, 7.30124855042, 9.84347915649, -1.38186371326], [-322.135009766, 112.325256348, -44.5332984924, 13.6428546906, 19.6603431702, -11.1961860657, 50.0105934143, 41.1045532227, 125.513442993, 34.9041023254, 27.7951030731, -19.6336269379, 16.1217021942], [-82.768951416, -33.093006134, 32.9752006531, -15.5571804047, 30.4919281006, 7.7352104187, 10.7338104248, 27.0428676605, 34.9041023254, 75.8605575562, 28.719379425, 16.2669658661, 1.66693913937], [-261.881958008, 58.6758270264, -26.7660388947, 0.754743039608, -2.76075410843, 6.37697887421, 41.7863998413, 7.30124855042, 27.7951030731, 28.719379425, 72.1328659058, 23.8103084564, 20.4040431976], [111.029006958, -47.5061645508, 49.56690979, 16.7934589386, 19.2274894714, 13.1497936249, -3.09822416306, 9.84347915649, -19.6336269379, 16.2669658661, 23.8103084564, 71.2544250488, 28.9135684967], [-117.845901489, 63.7151031494, -9.76416873932, 34.7247886658, 16.795747757, -3.50107312202, 19.0441589355, -1.38186371326, 16.1217021942, 1.66693913937, 20.4040431976, 28.9135684967, 63.7601318359]]}, "spectral_energyband_middle_low": {"dmean2": 0.00824965443462, "median": 0.0083853919059, "min": 2.14331892361e-22, "dvar2": 0.00020988236065, "dvar": 7.68843819969e-05, "dmean": 0.00487240962684, "max": 0.0892465338111, "var": 8.11775316834e-05, "mean": 0.0104790022597}, "melbands_crest": {"dmean2": 6.30766201019, "median": 13.6728687286, "min": 2.37153077126, "dvar2": 26.372877121, "dvar": 12.1606006622, "dmean": 4.02401256561, "max": 34.5414619446, "var": 38.370765686, "mean": 14.6492614746}, "spectral_kurtosis": {"dmean2": 1.328561306, "median": 2.32217073441, "min": -1.22540998459, "dvar2": 2.59965395927, "dvar": 0.831350684166, "dmean": 0.774094104767, "max": 26.4447345734, "var": 2.44438481331, "mean": 2.53154635429}, "spectral_rms": {"dmean2": 0.00173392763827, "median": 0.00519348494709, "min": 3.20607776438e-12, "dvar2": 3.84102941098e-06, "dvar": 1.59315209203e-06, "dmean": 0.0010890790727, "max": 0.0111940605566, "var": 3.2802718124e-06, "mean": 0.00532496953383}, "zerocrossingrate": {"dmean2": 0.0145958755165, "median": 0.07763671875, "min": 0.0068359375, "dvar2": 0.000192768377019, "dvar": 0.000146649763337, "dmean": 0.0119963632897, "max": 0.50048828125, "var": 0.00103280076291, "mean": 0.0795198529959}, "silence_rate_60dB": {"dmean2": 0.00909238494933, "median": 0, "min": 0, "dvar2": 0.0117708388716, "dvar": 0.00452530942857, "dmean": 0.00454582367092, "max": 1, "var": 0.0341360606253, "mean": 0.0353896096349}, "erbbands_kurtosis": {"dmean2": 1.06299269199, "median": -0.55981695652, "min": -1.72504854202, "dvar2": 2.27733397484, "dvar": 0.991878628731, "dmean": 0.66137945652, "max": 44.5438652039, "var": 3.88099813461, "mean": -0.0218581836671}, "erbbands": {"dmean2": [0.342467308044, 3.95407533646, 8.17098236084, 7.22575378418, 14.5195951462, 17.3355674744, 12.6652793884, 11.9491863251, 11.2896728516, 16.7936229706, 18.7759342194, 28.7814655304, 22.3381214142, 19.0644836426, 18.781244278, 16.5654754639, 29.208782196, 30.4609775543, 38.9960975647, 32.9993515015, 35.9633979797, 33.9035720825, 22.8044586182, 26.4194488525, 40.1331825256, 23.8388156891, 14.6947002411, 16.8138275146, 12.2310829163, 7.06299734116, 4.72372484207, 3.50255846977, 1.94981598854, 0.987621724606, 0.39549908042, 0.148637086153, 0.0566894523799, 0.0110549926758, 0.000537242274731, 3.20624312735e-05], "median": [0.0649425685406, 0.435004472733, 1.38593006134, 3.16213607788, 5.78610372543, 6.40047836304, 6.77935028076, 6.72418355942, 6.72231674194, 8.85237121582, 9.31854248047, 13.1038837433, 10.5305900574, 10.1255187988, 11.6450910568, 11.4828071594, 14.0012493134, 15.2058849335, 18.1813926697, 17.7317199707, 28.6230812073, 30.539642334, 21.7447242737, 24.6488552094, 40.4859466553, 28.0363826752, 16.7225990295, 16.898563385, 13.7715778351, 7.20443201065, 4.35733127594, 3.19280767441, 1.80878710747, 0.770857691765, 0.258897066116, 0.0916854888201, 0.0277136415243, 0.00397638604045, 0.000119760195957, 4.45687910542e-05], "min": [6.01470821583e-22, 5.0053147191e-21, 5.92208084992e-21, 6.46290882119e-20, 1.37083136997e-19, 3.51505619166e-20, 4.0282687705e-20, 6.91789176231e-20, 1.7055369509e-19, 4.65206273102e-19, 9.41751641439e-19, 9.67003914577e-19, 1.05445448291e-18, 1.36148314338e-18, 1.82758752783e-18, 3.12435505861e-18, 3.02327214019e-18, 3.48581272037e-18, 8.02441956537e-18, 7.50390375721e-18, 5.65725736769e-18, 8.39958485065e-18, 1.01878724072e-17, 7.28416653621e-18, 1.45588105692e-17, 1.41345380525e-17, 1.18935022867e-17, 1.6883515654e-17, 1.70870848028e-17, 1.34747912036e-17, 1.93854375676e-17, 1.95249134538e-17, 1.24122686078e-17, 1.14256423148e-17, 8.15709519972e-18, 5.97522063207e-18, 2.900667223e-18, 1.05573547549e-18, 3.12822311025e-19, 3.1302071805e-20], "dvar2": [0.280974119902, 48.6153755188, 200.931686401, 97.4568710327, 905.956970215, 1479.96740723, 374.86920166, 360.547821045, 362.553771973, 876.272583008, 1517.52868652, 3029.68457031, 2103.23266602, 1731.35168457, 1148.83679199, 946.6953125, 4697.19287109, 5664.81591797, 7626.26464844, 6165.92773438, 3997.57324219, 2109.92260742, 965.734680176, 1191.87561035, 2249.78955078, 890.414916992, 301.100219727, 489.708404541, 225.895095825, 88.6841888428, 45.36120224, 45.0455474854, 18.1998653412, 6.32235336304, 0.884961903095, 0.127421110868, 0.0320342369378, 0.00158196897246, 2.88503611046e-06, 1.86983295514e-09], "dvar": [0.116609960794, 17.8859710693, 72.4175491333, 36.8491897583, 323.776916504, 520.361694336, 143.949417114, 134.838165283, 138.382705688, 350.52911377, 623.408691406, 1517.11535645, 1109.32409668, 777.543579102, 462.308990479, 400.376251221, 2193.04882812, 2307.24902344, 3267.94384766, 2865.60327148, 1691.55175781, 845.434204102, 376.216644287, 459.407165527, 904.202026367, 358.511444092, 109.923851013, 176.947723389, 82.4955215454, 35.6104164124, 19.6395931244, 24.8690624237, 10.7232046127, 3.08856749535, 0.399455219507, 0.0562633126974, 0.0144768254831, 0.000676192343235, 1.25808878693e-06, 7.88786924666e-10], "dmean": [0.225031122565, 2.20818257332, 4.47129011154, 4.18965005875, 8.33893680573, 9.77052021027, 7.58269071579, 7.17638635635, 6.67364311218, 10.1704940796, 11.7571315765, 18.4319400787, 14.7278709412, 12.0762081146, 11.5609846115, 10.2882976532, 18.7240867615, 19.1220607758, 24.6469841003, 21.186882019, 22.1275920868, 20.8243217468, 13.886920929, 15.9171276093, 23.9797687531, 14.5439729691, 8.49032020569, 9.54946708679, 7.06005525589, 4.18191146851, 2.84528923035, 2.27958297729, 1.31431269646, 0.650767922401, 0.261544674635, 0.0981122553349, 0.0375270918012, 0.00726011535153, 0.000341621111147, 2.01714265131e-05], "max": [2.2040143013, 23.5396194458, 60.1278305054, 112.565223694, 191.648132324, 259.537078857, 222.067520142, 263.371154785, 293.474395752, 465.505554199, 606.896118164, 1768.4810791, 1363.32836914, 824.054443359, 614.821289062, 481.583343506, 2012.44262695, 1348.18933105, 1956.01464844, 2070.35717773, 1230.88037109, 679.634643555, 353.715454102, 369.394470215, 659.049560547, 475.598236084, 121.434608459, 222.564758301, 160.448623657, 141.54309082, 88.7072067261, 129.517868042, 91.2983093262, 45.4427604675, 14.361038208, 6.56341171265, 3.32998847961, 1.08250725269, 0.0283720567822, 0.000636670563836], "var": [0.181086987257, 13.025475502, 49.1783065796, 56.2379379272, 253.452148438, 393.706054688, 246.288070679, 262.16784668, 207.032104492, 579.180541992, 1668.57580566, 5181.80273438, 4576.70507812, 2244.66357422, 834.54473877, 805.086791992, 5154.34179688, 3714.02246094, 7647.00439453, 9173.72753906, 5071.73486328, 2034.95922852, 759.433532715, 1040.46813965, 1973.16101074, 859.436584473, 165.03453064, 193.235229492, 114.770050049, 66.9184646606, 46.058380127, 69.7399368286, 29.7509841919, 6.5131893158, 0.798622846603, 0.118536993861, 0.0259752962738, 0.00098734756466, 1.8557848307e-06, 1.34164435117e-09], "mean": [0.301240980625, 1.81359755993, 3.80415225029, 5.54370164871, 10.1073560715, 11.7375125885, 12.1544456482, 12.2040891647, 11.1290149689, 16.4317626953, 21.0466918945, 32.925163269, 28.3094387054, 22.6149482727, 20.2458267212, 19.1902275085, 32.9585533142, 33.1143035889, 45.0474586487, 43.1468276978, 47.6620025635, 43.8840103149, 29.1073226929, 33.3456382751, 50.8843231201, 34.7632369995, 19.0060195923, 19.3817653656, 15.6390991211, 9.17865085602, 6.10189437866, 5.02445793152, 2.87954282761, 1.35768949986, 0.535855710506, 0.204165115952, 0.0703664273024, 0.0121229123324, 0.000488317804411, 5.24263814441e-05]}, "spectral_strongpeak": {"dmean2": 1.1083920002, "median": 0.388189792633, "min": 0, "dvar2": 3.49053573608, "dvar": 1.42828083038, "dmean": 0.650463759899, "max": 14.4580469131, "var": 2.59806776047, "mean": 1.01349043846}, "spectral_energy": {"dmean2": 0.0231805946678, "median": 0.0276465956122, "min": 1.05359077064e-20, "dvar2": 0.000889847811777, "dvar": 0.00035229761852, "dmean": 0.01407849323, "max": 0.128439664841, "var": 0.000436749192886, "mean": 0.0324265807867}, "average_loudness": 0.961714863777, "spectral_rolloff": {"dmean2": 1385.07409668, "median": 2217.91992188, "min": 64.599609375, "dvar2": 2438447.5, "dvar": 1019908.875, "dmean": 818.74987793, "max": 19056.8847656, "var": 2278344.75, "mean": 2174.82080078}, "spectral_centroid": {"dmean2": 537.430725098, "median": 2100.29980469, "min": 376.15246582, "dvar2": 271973.71875, "dvar": 102934.382812, "dmean": 322.78414917, "max": 11212.2089844, "var": 284764.125, "mean": 2026.50524902}, "pitch_salience": {"dmean2": 0.158775091171, "median": 0.578498840332, "min": 0.123982280493, "dvar2": 0.0225900001824, "dvar": 0.00858544837683, "dmean": 0.0953732728958, "max": 0.955383300781, "var": 0.0158070474863, "mean": 0.562536180019}, "spectral_energyband_middle_high": {"dmean2": 0.00334382872097, "median": 0.00609949138016, "min": 1.51914455896e-21, "dvar2": 1.54634490173e-05, "dvar": 6.94358323017e-06, "dmean": 0.00216571311466, "max": 0.0658807530999, "var": 3.66184794984e-05, "mean": 0.00754755642265}, "spectral_contrast_coeffs": {"dmean2": [0.0957303494215, 0.0788221433759, 0.0599237084389, 0.0472342185676, 0.034317266196, 0.0302461925894], "median": [-0.662010252476, -0.767432332039, -0.806584179401, -0.801405668259, -0.790038824081, -0.71907389164], "min": [-0.958618700504, -0.984351038933, -0.98987364769, -0.986171543598, -0.962925672531, -0.961607277393], "dvar2": [0.00648204563186, 0.00370703358203, 0.00212054373696, 0.00137108704075, 0.000720225973055, 0.000647908193059], "dvar": [0.00250016432256, 0.00135394616518, 0.000815545441583, 0.000540171400644, 0.000280231848592, 0.000262031360762], "dmean": [0.0594713240862, 0.0470501221716, 0.0362716689706, 0.0289433971047, 0.0210668407381, 0.0188225973397], "max": [-0.322054862976, -0.521324813366, -0.414978086948, -0.569236516953, -0.644237756729, -0.555747389793], "var": [0.00689117750153, 0.00371932913549, 0.0035966434516, 0.00275214249268, 0.00134636950679, 0.00136345345527], "mean": [-0.659180641174, -0.762150108814, -0.794923722744, -0.792107462883, -0.78833770752, -0.719856977463]}, "melbands_skewness": {"dmean2": 1.76906180382, "median": 2.35535573959, "min": -1.62218952179, "dvar2": 4.38477993011, "dvar": 1.58686280251, "dmean": 1.05062484741, "max": 11.7977695465, "var": 3.22982096672, "mean": 2.781208992}, "spectral_spread": {"dmean2": 573992.875, "median": 4438943, "min": 1649180.125, "dvar2": 474790133760, "dvar": 342033137664, "dmean": 391038.03125, "max": 41004496, "var": 1251110813700.0, "mean": 4638459.5}, "dissonance": {"dmean2": 0.0174758806825, "median": 0.486365914345, "min": 0.301860570908, "dvar2": 0.000317144556902, "dvar": 0.000117449264508, "dmean": 0.0103074302897, "max": 0.500000178814, "var": 0.000241411005845, "mean": 0.482449740171}, "spectral_skewness": {"dmean2": 0.225278675556, "median": 1.04948401451, "min": -0.00797535572201, "dvar2": 0.0414616018534, "dvar": 0.0148111414164, "dmean": 0.134578734636, "max": 3.85086083412, "var": 0.0686232596636, "mean": 1.06237471104}, "spectral_flux": {"dmean2": 0.0552624948323, "median": 0.0927700102329, "min": 1.02644566458e-10, "dvar2": 0.00301302573644, "dvar": 0.00178308959585, "dmean": 0.034978531301, "max": 0.320797979832, "var": 0.00323743140325, "mean": 0.109234116971}, "spectral_contrast_valleys": {"dmean2": [0.655671715736, 0.588695049286, 0.489475816488, 0.402737379074, 0.352268368006, 0.354053765535], "median": [-6.81266117096, -6.42245578766, -6.86705875397, -7.02039337158, -6.58484315872, -9.31788253784], "min": [-27.5821857452, -27.3763637543, -27.5715026855, -27.4039173126, -27.3227310181, -27.1821956635], "dvar2": [0.292461156845, 0.224839568138, 0.157418996096, 0.114774949849, 0.119836606085, 0.216578572989], "dvar": [0.131063356996, 0.0945404693484, 0.0713512077928, 0.0571486763656, 0.0603867322206, 0.104877285659], "dmean": [0.405161142349, 0.35233053565, 0.298824936152, 0.248077705503, 0.222580447793, 0.233585521579], "max": [-4.98911476135, -4.71994686127, -5.31475114822, -5.72538566589, -5.51531457901, -7.53719758987], "var": [1.48368763924, 0.879664123058, 0.886897742748, 1.07543754578, 1.15359771252, 1.51104402542], "mean": [-6.96955871582, -6.54872274399, -7.00828695297, -7.19756507874, -6.78848743439, -9.56856536865]}, "erbbands_flatness_db": {"dmean2": 0.0195956006646, "median": 0.127503782511, "min": 0.0392539277673, "dvar2": 0.000284952373477, "dvar": 0.000140108139021, "dmean": 0.0131422402337, "max": 0.373241335154, "var": 0.0014931805199, "mean": 0.131116852164}, "spectral_energyband_high": {"dmean2": 0.0010354706319, "median": 0.00150669820141, "min": 7.4833487132e-21, "dvar2": 1.90385389942e-06, "dvar": 7.75507203343e-07, "dmean": 0.000620685867034, "max": 0.0112963328138, "var": 1.58019076935e-06, "mean": 0.00173765758518}, "spectral_entropy": {"dmean2": 0.151888743043, "median": 7.96928453445, "min": 6.02747917175, "dvar2": 0.020036611706, "dvar": 0.00886872410774, "dmean": 0.0976596623659, "max": 9.80509662628, "var": 0.0683811753988, "mean": 7.94211339951}, "silence_rate_20dB": {"dmean2": 0, "median": 1, "min": 1, "dvar2": 0, "dvar": 0, "dmean": 0, "max": 1, "var": 0, "mean": 1}, "melbands_flatness_db": {"dmean2": 0.0540527738631, "median": 0.13914565742, "min": 0.00600342731923, "dvar2": 0.00331226130947, "dvar": 0.00121193763334, "dmean": 0.0323347225785, "max": 0.371785789728, "var": 0.00327630690299, "mean": 0.15032248199}, "barkbands": {"dmean2": [0.000555241771508, 0.0152472034097, 0.00649878568947, 0.00280598760583, 0.00484807835892, 0.00139796605799, 0.000886815076228, 0.000961422163527, 0.00117619370576, 0.000706613995135, 0.000497374508996, 0.000457104673842, 0.00066720606992, 0.000727338774595, 0.000809554825537, 0.00065891147824, 0.000621586397756, 0.000409171916544, 0.000735542387702, 0.000554587808438, 0.000388469867175, 0.000313796364935, 0.000182543531992, 0.000135078560561, 6.8468034442e-05, 3.0464703741e-05, 3.8052473883e-06], "median": [0.000199475703994, 0.00212575518526, 0.00118356349412, 0.00120560848154, 0.00212078006007, 0.000802107620984, 0.000450757885119, 0.000415478338255, 0.000541831599548, 0.000276741513517, 0.000274666526821, 0.000260872708168, 0.000281374261249, 0.00029241599259, 0.000297929451335, 0.000440434669144, 0.000526947202161, 0.00034031533869, 0.000687477644533, 0.000605537381489, 0.000413353991462, 0.000357760523912, 0.000164502023836, 0.000131601205794, 5.07633812958e-05, 1.70210732904e-05, 6.47712795399e-07], "min": [9.71628459592e-24, 2.48336252863e-23, 4.12209484148e-24, 2.33553031053e-23, 2.63363043365e-23, 1.07387429924e-23, 1.77417752147e-23, 2.52973918793e-23, 3.98491666323e-23, 3.06385402989e-23, 4.56776433424e-23, 7.25571352102e-23, 7.23444835537e-23, 7.14496249863e-23, 2.20221565745e-22, 9.91367242499e-23, 1.06556074659e-22, 1.66268604268e-22, 1.8311395266e-22, 3.26828985783e-22, 3.7891750922e-22, 4.19385997927e-22, 5.85561832153e-22, 9.35185843628e-22, 1.076024753e-21, 1.67016762475e-21, 2.16236725128e-21], "dvar2": [5.20636660895e-07, 0.000667386339046, 0.000120813310787, 1.61414864124e-05, 0.000119139716844, 4.29225838161e-06, 2.46442482421e-06, 3.58125339517e-06, 4.52963649877e-06, 3.18365459862e-06, 1.02819035419e-06, 9.40264214933e-07, 2.36985874835e-06, 2.80040148937e-06, 4.1193634388e-06, 1.43506827044e-06, 7.02127351815e-07, 3.164792588e-07, 7.64174274082e-07, 4.748598883e-07, 2.35534926674e-07, 1.49715617681e-07, 6.68035227136e-08, 7.4436869113e-08, 2.81001355518e-08, 7.73184716252e-09, 1.41573683332e-10], "dvar": [3.26540458673e-07, 0.000248096184805, 4.32367123722e-05, 6.21176241111e-06, 4.19847820012e-05, 1.67298514953e-06, 9.4767739256e-07, 1.48057188198e-06, 2.22419271267e-06, 1.70161274582e-06, 4.23512005909e-07, 4.10946285001e-07, 1.08644235297e-06, 1.17283923373e-06, 1.80402446404e-06, 6.11558903074e-07, 2.81470107666e-07, 1.23029252563e-07, 2.99371038182e-07, 1.89010791019e-07, 8.54668300576e-08, 5.5735320359e-08, 2.75793894389e-08, 4.56752111688e-08, 1.35363347198e-08, 3.43463124608e-09, 6.08808073399e-11], "dmean": [0.000444643286755, 0.00886678230017, 0.00356330978684, 0.00164492288604, 0.00276668695733, 0.000845429662149, 0.000527815253008, 0.000594745506532, 0.000752950843889, 0.000466780271381, 0.00030539065483, 0.000285146903479, 0.000425040401751, 0.000453781103715, 0.000520565896295, 0.000405650906032, 0.000380214623874, 0.000246655341471, 0.00043896023999, 0.000337671517627, 0.000222115457291, 0.000182408693945, 0.000108846608782, 9.09872396733e-05, 4.55213958048e-05, 2.02390638151e-05, 2.39287555814e-06], "max": [0.0060350629501, 0.094848304987, 0.046943135