{"metadata": {"tags": {"genre": ["Blues"], "musicip_puid": ["e2e4bc64-4b5e-450f-e893-d9bc1c5e4401"], "musicbrainz_albumid": ["c7a78346-fc42-4062-8cdd-99b39201fdc9"], "musicbrainz_recordingid": ["0fffc2d2-3b5a-41e6-8dce-59432df7e1d8"], "title": ["Blues in the Dark"], "tracknumber": ["10/13"], "artist": ["Charlie Musselwhite"], "album": ["The Harmonica According to Charlie Musselwhite"], "musicbrainz album type": ["Album"], "bpm": ["113.80"], "acoustid_id": ["29fe7e8d-b7b8-446c-910b-1dee54ceaabb"], "file_name": "Charlie Musselwhite - Blues in the Dark.mp3", "acoustid_fingerprint": ["AQADg2kimkoIfTnySihFnIfJBxi84xVy7UIieQ-64z-eYO6D5ilxhhn87BHSStWgv0LY8Oh5HL2O60eP7UGeQzO1ENnz4EfDXaicMtiHPPjO4Dw0-vjm4cePwEcO78RT4sePPHiOrftRB30IX8ZN4jyaMAlu8C8S5sgVxcQVO3gHaj9O5EsS6DnC7OixTsQTRUT_w7UR8smhH9GJLhI3nPHB44_x6ULJRCrOnPh8hBlbaN-C4BIDqg6-48qUH_1RPuCPmCl0wSpz3D_-GM3DGOUiDWjyB91FXDlOcWD3oTmPUFMY44qPLs9xHp9y1MeOnIuhkwgzZTLqN8JpEd_x49s4o-nRB7mPJPzxHxzqwLXxG-Z65EGyHuzRPEX9ET8aT8fkF0cIxR3yEw2XyASr2Pi2YS0uhEl19HkI5fgRJmziBJQ8o7jyEI-yTBIm6UGYV0el54EvGlqYKErxyB_uqDp0lOJTNIugO8HfJMW0SRcaH6eSJLju4LEk4TPCdD66ozrqNE7wS7h0PEpyRIeyKUG8zMObivgx_nh5NPdxedhwJEtEnsiX8DiNJydwqjvaTA-eSAd7OEd5cK6YFM-FtAuS8Aq6oymFitFV-G7Qa-HwJTmaG-GRVErD4Jmyo9nR404s_Lh0PAkePUT6EnpzIc9RMtnRHt_iCA-PK50STCFqMUKeQdfwTiksqQ946UIFM-Ih_sZxixCryyCXxAh1oDmDfzCVPEcfDfmRLJcpTBITCU8aXHuKo6lz1En2GLvwH2HjQIuUaE5wDoov-Cf0sXhy_IT448dz_Lg-NFfQDxq_Skg7PBGL8_hp7PCD0OkhT8mRfUIzEkyXPPiPH4949Fnwg5Ieon6MbFKa4xJ-9CemfD9qNUfTGD-qV0IYhTpxKkOsRnHwG0ITZ8FEfgi3GKdvlDeOvPh3CXqyCPkUPD2aZ5iusnia4DcCPcvRqER3RD9eH02K2pmG4-7gB1dLfA4-WKcYRKdl9Aw1iIrY4Uc6ZsHnHNYD_wrKR8EjGnty9BOSpZKOvFFWHFeKv3iGK5eE5EeoE82DJxfuBM_64FJWPCbIZwqaKkNxZSmF68qEX0dHw1WWI-QP7tAfhPCNnniasKgovFmOY-Moo97SIRIVPdASv0HuDY20H9NDvDMuPfgxZewRPkhE5QGnsSyuHkefRUSzKsezD0y6B5WoOeiSI8yR_OD3MPh3_GiyZUdfPBOF5FIe5MS4Hc3ROyG-JAt2HS2aH_mSSXiio6kY6EtW5IdfdE2OiVdgKUUfxriMGw8fuO6CT8vwHjncKoau4xJC7oIZLiiLBxG0NGEQSvJx4UfDSUcfHU-e48I4vvB3PPjxB1WPME_2GBcPHXsKK1IOnceRhsryDGdy4cd7NMf0LLgkSXiCc1cRSUoIH__B60rRH1wylBmoRzHErWgzXciPZ8lxsgijD32T4pQMXUcbbS6aB5H4F5u2yDN6i4ilDVqP9DkYb8dTa8Hxo4lICcWOH881vJeQRI9yZPoJX8J10B9-fBc8FrXx5BmOX0GzY-qEayxy7VD1CVN-pginZRG44_h1hC5-HvqPPjRyPMItxUGDcvtw80OYnkF19MyRKj5-oZJ0BU8WI6dxaDpSDZVpnDgfNJaO8F-gcdEQhi_OHM9z7EYvHbaWoySb449xRhXW8gjjJhR07Uj3C_0uPCCtBJex4ycjjKtyxGKORPkSuAlBRicuK8WJHz1xJkxMfLyCfwqajEHpY89xI48eTDfEKGvAHKESXTncHC_8GD3Bai-eIDOS__B4_EuFSwN_9GCix8anfBryHHpwHf3hHO1T_Iis7YiZXIP1C1-Mi8lxE0_wrDiZoz8cZ4dmKj3y9fgc4tuPXdGJ3jHcJ_gHXwXPojKDL2OxXsgzCYoepM-OvrgUoC_-4gyPbs2DJ8mHI_kTI10WnCzWpcG_FJES8dAaJRuDHD_eBmaUOciH40TaRMePHzsrwnIsBS_eaOiKINmT488wMw--5EItKbgzwkM7nIj7Bc8MiRXFgFqOm8GP_dCJmSn--Mij3OiUKDVu4jnSQ_uLPMdzXM-xH76W41WOH88RRmEzIeET9ML9GM-joKmk4NkxH-2OE_nyQd84nAqa6EfYZcFO5MdfHKs96GeKptOMqsGfQBd1IN-F1xQumegXEc3JYuKGhtlR0kaYD0lN_M2CL8Yl7biIv_g0-Bne5Mdz5FMO3fhzIycuE3mM5uhVQZ-kEHmDR8wkfMd_7EiykSLybDG-Cz--5kHzsESNr_iJHEkdEz-eHN2mWHAsHH2i4NjzKLgzEXkH5wv0JTv24siDvYjvMMKjCypz5GiOHteOn6Bz5IN2hOkr8Anxoxoj7vgxbQryZIF-YVcc5H8wHdN3fCyeRDq-HdTz4P5wHhfy_HihC9mjrHioB85yfJOKOz1wmYEnJRceJTN2Fc2N6Y2D58gzKNLyIvxOrE-kox-N5sGXfHjGjMGPxkcfCY-PEmkUjYSGT9no4GKPhMcl4Q_qH40TvAx-XAjUe6iV4Suw4xB_-DhOBv5xHYePrzB0RbhwEQfCIEOGCAMMYcIIAgQQABghBDDAKKGQQYQRgSQCggnjjAFKLAGRYkQQIDQVFiAEiBCWAAIEEEgBJQBACgCgLWAEAIEURRIIYYxwCiAggAWAAAgFQEAgIwCACjAmBCEAEDCUEcYQA4QwRjoNCBWEUCAQgoIQaAgzDigggAAAgEMAEgIAY4ghBhlomDKCUKOIUAByAgSghBCCBAEFIWIAEIYAAoA0hipEEAAIEGiAQQAgRYEQACgAgTGACgKUEMAQAoIwRBHsACDIMEAcERQQ6AAhwhAslAbIKUABQMo4QRVwgIIggACCUKGMYcYAICwJAhBADDJUEIQoFMiQCxAgwAgDmJBECEMMJABACgwBUCDKhCCAKAKIAsIRAKwEACLBgDECIEWQQMgIR4ARACnEjATCCAWIBQIRoiFVQjCCFAPAKGAcIE4ggoQ3RCQQwFNCAUUACIBYpBRiAABBCbGCAqAMJwQKJApAAAFgFBNACEYABMRYJAQgiBFkjYDMCGSIEAAAZYAjBiBFgnPECAQESIoABgQBQJALFACACAUMNEop5xAxQgBiAAFOEEAMIA4oABSgkBMBjCCAMaiAEIRIx6gCmgPCQBIIAQAAAIYgawQxzEEjBAVMQQEIAwYZRoBggggggBECAOaAUQZCBZAQwggCCAIgOIaIQUwAzJxAmjnAhBAMIGEAEQwC4hSBgAiCAAWeEMIQAgg4AQARhjEDmDDIMKcgAYJgIYwyAIgFiACIGIKEAFQARoAygCAhiARIECIEIQYZJAxRSAlElHFKAICA8Q4Zx4UjAAAogANNAqGwUoZARZTkADgCmDFIKAIEKAAZwQAgRDhADFCEEWEUQYIZIpRgCAogiFCSCAIMIlIIQBCmAiBGgRICWSQEExYw4oQRkgg"]}, "audio_properties": {"sample_rate": 44100, "downmix": "mix", "lossless": false, "analysis_sample_rate": 44100, "md5_encoded": "0a6857a246ffbf9c38879a8fa71ae405", "equal_loudness": 0, "replay_gain": -5.23840141296, "codec": "mp3", "bit_rate": 128000, "length": 114.33795929}, "version": {"extractor": "music 1.0", "essentia_build_sha": "2d9f1f26377add8aeb1075a9c2973f962c4f09fd", "essentia_git_sha": "v2.1_beta2-1-ge3940c0", "essentia": "2.1-beta2"}}, "rhythm": {"beats_loudness_band_ratio": {"dvar2": [0.0442038625479, 0.0216948892921, 0.0119784269482, 0.0221425984055, 0.00495416298509, 0.0179350785911], "var": [0.0306072197855, 0.0107863694429, 0.00698551628739, 0.0131815606728, 0.0045615369454, 0.00743838166818], "min": [0.000474874424981, 0.000514498678967, 0.00300403893925, 0.0115216346458, 0.00200694077648, 0.000350130052539], "dmean": [0.16967767477, 0.120355166495, 0.0698963999748, 0.107896730304, 0.057643070817, 0.0751611962914], "mean": [0.368761926889, 0.163336694241, 0.084656201303, 0.174651920795, 0.111581064761, 0.132463648915], "max": [0.891105234623, 0.473375171423, 0.455386400223, 0.692093014717, 0.406680822372, 0.619049608707], "dmean2": [0.285925477743, 0.214841067791, 0.122918531299, 0.191813677549, 0.0965717509389, 0.130410298705], "median": [0.350474178791, 0.148007139564, 0.0596517845988, 0.157939121127, 0.108561933041, 0.115882888436], "dvar": [0.0165103785694, 0.00762181729078, 0.00555583136156, 0.00838283915073, 0.00224699568935, 0.00660745380446]}, "bpm_histogram_first_peak_weight": {"dvar2": 0, "var": 0, "min": 0.417840361595, "dmean": 0, "mean": 0.417840361595, "max": 0.417840361595, "dmean2": 0, "median": 0.417840361595, "dvar": 0}, "bpm": 113.252906799, "beats_count": 214, "bpm_histogram_first_peak_spread": {"dvar2": 0, "var": 0, "min": 0.476470589638, "dmean": 0, "mean": 0.476470589638, "max": 0.476470589638, "dmean2": 0, "median": 0.476470589638, "dvar": 0}, "danceability": 1.26505577564, "bpm_histogram_first_peak_bpm": {"dvar2": 0, "var": 0, "min": 112, "dmean": 0, "mean": 112, "max": 112, "dmean2": 0, "median": 112, "dvar": 0}, "beats_position": [0.603718817234, 1.20743763447, 1.83437633514, 2.42648530006, 2.9837641716, 3.52943301201, 4.09832191467, 4.66721057892, 5.22448968887, 5.78176879883, 6.31582736969, 6.83827638626, 7.36072540283, 7.89478445053, 8.4172334671, 8.95129203796, 9.4853515625, 10.0194101334, 10.5650787354, 11.0991382599, 11.6331968307, 12.1904764175, 12.7245349884, 13.2585935593, 13.7926530838, 14.3267116547, 14.8607711792, 15.3948297501, 15.9288883209, 16.4513378143, 16.9737873077, 17.4846248627, 18.0070743561, 18.5295238495, 19.0635814667, 19.5976409912, 20.1317005157, 20.6657600403, 21.1882076263, 21.7106571198, 22.2447166443, 22.7787742615, 23.312833786, 23.8468933105, 24.3809528351, 24.9150104523, 25.4374599457, 25.9599094391, 26.470746994, 26.9931964874, 27.527256012, 28.0497055054, 28.5837631226, 29.1178226471, 29.6402721405, 30.1627197266, 30.68516922, 31.2076187134, 31.7184581757, 32.2409057617, 32.7633552551, 33.2858047485, 33.8198623657, 34.3423118591, 34.8647613525, 35.3872108459, 35.9212684631, 36.455329895, 36.9893875122, 37.5234451294, 38.0575065613, 38.57995224, 39.1024017334, 39.6364631653, 40.1705207825, 40.7045783997, 41.2386398315, 41.761089325, 42.2951469421, 42.8175964355, 43.340045929, 43.8624954224, 44.3965530396, 44.919002533, 45.4414520264, 45.9755096436, 46.5095672607, 47.0204086304, 47.5544662476, 48.0885238647, 48.6225852966, 49.1566429138, 49.6790924072, 50.2015419006, 50.7355995178, 51.269657135, 51.8037185669, 52.3261680603, 52.8486175537, 53.3594551086, 53.8702926636, 54.4043540955, 54.9384117126, 55.4608612061, 55.9833106995, 56.4941482544, 57.0165977478, 57.5390472412, 58.0498847961, 58.5607261658, 59.0715637207, 59.5824012756, 60.0932426453, 60.6273002625, 61.1613578796, 61.6954193115, 62.2294769287, 62.7519264221, 63.2743759155, 63.8084335327, 64.3424911499, 64.8765487671, 65.4106140137, 65.9446716309, 66.478729248, 67.0127868652, 67.5468444824, 68.0809020996, 68.6149673462, 69.1490249634, 69.6714706421, 70.1939239502, 70.7279815674, 71.2620391846, 71.7960968018, 72.3185501099, 72.8526077271, 73.3750534058, 73.9091110229, 74.4315643311, 74.9656219482, 75.488067627, 76.0221328735, 76.5561904907, 77.0902481079, 77.6126937866, 78.1351470947, 78.6692047119, 79.1800460815, 79.7141036987, 80.2365493774, 80.7590026855, 81.2698364258, 81.7922897339, 82.3147354126, 82.8255767822, 83.3364181519, 83.8472518921, 84.3580932617, 84.8921508789, 85.414604187, 85.9602737427, 86.4943313599, 87.0051651001, 87.5392303467, 88.0732879639, 88.5957336426, 89.1181869507, 89.6406326294, 90.1630859375, 90.6855316162, 91.2079772949, 91.730430603, 92.2528762817, 92.7753295898, 93.2977752686, 93.8202285767, 94.3426742554, 94.853515625, 95.3875732422, 95.9100189209, 96.432472229, 96.9433059692, 97.4541473389, 97.976600647, 98.4758224487, 99.0098876953, 99.5207214355, 100.054779053, 100.577232361, 101.09967804, 101.610519409, 102.144577026, 102.655418396, 103.166259766, 103.677093506, 104.199546814, 104.721992493, 105.232833862, 105.743675232, 106.254508972, 106.788566589, 107.322631836, 107.856689453, 108.39074707, 108.924804688, 109.470474243, 110.085800171, 110.701133728, 111.316459656, 111.931785583, 112.547119141, 113.162445068, 113.777778625], "beats_loudness": {"dvar2": 0.00033024980803, "var": 0.000156191759743, "min": 4.53610073237e-06, "dmean": 0.0127011938021, "mean": 0.029591197148, "max": 0.066414244473, "dmean2": 0.0216481368989, "median": 0.0276940092444, "dvar": 0.000107425934402}, "bpm_histogram_second_peak_weight": {"dvar2": 0, "var": 0, "min": 0.14084507525, "dmean": 0, "mean": 0.14084507525, "max": 0.14084507525, "dmean2": 0, "median": 0.14084507525, "dvar": 0}, "bpm_histogram_second_peak_spread": {"dvar2": 0, "var": 0, "min": 0.0322580561042, "dmean": 0, "mean": 0.0322580561042, "max": 0.0322580561042, "dmean2": 0, "median": 0.0322580561042, "dvar": 0}, "bpm_histogram_second_peak_bpm": {"dvar2": 0, "var": 0, "min": 117, "dmean": 0, "mean": 117, "max": 117, "dmean2": 0, "median": 117, "dvar": 0}, "onset_rate": 4.5995798111}, "lowlevel": {"spectral_energyband_high": {"dvar2": 3.01708269035e-07, "var": 5.10037182266e-07, "min": 7.56740528839e-21, "dmean": 0.000294692727039, "mean": 0.000696584873367, "max": 0.00449143629521, "dmean2": 0.000403160636779, "median": 0.000499697984196, "dvar": 1.65016047049e-07}, "spectral_energyband_middle_low": {"dvar2": 3.37053570547e-05, "var": 2.40371973632e-05, "min": 4.81922876769e-22, "dmean": 0.00236148899421, "mean": 0.00554645294324, "max": 0.0600418485701, "dmean2": 0.00360235013068, "median": 0.00463710445911, "dvar": 1.3964304344e-05}, "spectral_energy": {"dvar2": 0.000251201825449, "var": 0.000186885314179, "min": 1.0602760702e-20, "dmean": 0.0068327113986, "mean": 0.0199711006135, "max": 0.103505879641, "dmean2": 0.0102557875216, "median": 0.0181315504014, "dvar": 0.000106784864329}, "spectral_spread": {"dvar2": 2158312816640.0, "var": 3573495627780.0, "min": 1169952.5, "dmean": 838736.875, "mean": 3686282.25, "max": 41693392, "dmean2": 1108477.875, "median": 3013090.25, "dvar": 1197354254340.0}, "spectral_energyband_low": {"dvar2": 0.000201441420359, "var": 6.74446346238e-05, "min": 7.49259519799e-23, "dmean": 0.00452373968437, "mean": 0.00586980674416, "max": 0.0791039317846, "dmean2": 0.00765644432977, "median": 0.00354309892282, "dvar": 7.59987597121e-05}, "spectral_rolloff": {"dvar2": 1150495.25, "var": 1726951.375, "min": 64.599609375, "dmean": 439.648376465, "mean": 2357.96679688, "max": 18561.6210938, "dmean2": 731.466125488, "median": 2885.44921875, "dvar": 511983.71875}, "barkbands": {"dvar2": [5.90699897884e-08, 0.000169699807884, 7.80970913183e-06, 3.89627166442e-06, 4.54572091257e-06, 9.35231037147e-06, 1.82910662261e-06, 1.80019313234e-07, 1.41868406445e-06, 6.96703580161e-07, 1.23198424262e-06, 2.66004121841e-06, 1.15846307835e-06, 3.48420599039e-07, 1.09674736848e-07, 1.96090113036e-07, 4.82855512018e-07, 3.60031464197e-07, 1.48032768266e-06, 2.95460466759e-07, 6.09707129229e-08, 9.60119095339e-09, 5.79969050563e-09, 5.9716245282e-09, 9.36866317858e-09, 2.40840183352e-08, 3.93389348874e-11], "var": [3.74492614696e-08, 4.49001709057e-05, 3.48407502315e-06, 3.37602705258e-06, 3.79917173632e-06, 2.99561384054e-06, 8.49001764891e-07, 1.28355949869e-07, 1.45043384236e-06, 9.73146256911e-07, 2.56262205767e-06, 1.11293338705e-05, 1.88287754099e-06, 5.25688335529e-07, 1.19311010849e-07, 2.41032978465e-07, 6.77579180319e-07, 1.09336758669e-06, 4.58311978946e-06, 1.10790244889e-06, 9.1780620437e-08, 5.26300825143e-09, 5.3908304487e-09, 6.92701895844e-09, 1.50810048893e-08, 2.90461876773e-08, 2.40901344012e-11], "min": [4.92653377743e-24, 1.60129881186e-23, 5.02133000912e-23, 2.17159113048e-23, 4.55510469443e-23, 1.13398603664e-22, 9.39101105451e-23, 9.25793274415e-23, 7.25159629818e-23, 1.03148353321e-22, 1.36437620878e-22, 5.31926510253e-23, 9.05668170546e-23, 1.30286070918e-22, 7.55286985095e-23, 1.01841034096e-22, 1.77566228391e-22, 2.47497700031e-22, 3.11436353147e-22, 3.58687000912e-22, 3.1477347459e-22, 5.12517502759e-22, 6.03037789642e-22, 1.03766768521e-21, 1.13244559955e-21, 1.67487069987e-21, 2.32825795962e-21], "dmean": [8.40443317429e-05, 0.00347419385798, 0.00109951826744, 0.000799401546828, 0.00103177502751, 0.000678297539707, 0.000292255892418, 0.000146721489727, 0.000220571237151, 0.000187922763871, 0.000338059588103, 0.00067331281025, 0.000378774217097, 0.000218559624045, 0.000144330420881, 0.000179045964614, 0.000298977276543, 0.000312453543302, 0.000537974294275, 0.000214420142584, 0.000100462071714, 2.62060530076e-05, 2.98709164781e-05, 3.05850517179e-05, 4.14659953094e-05, 6.14969249e-05, 1.93606342691e-06], "mean": [0.000113087153295, 0.00333803170361, 0.0016333226813, 0.00143994321115, 0.00213759858161, 0.000880901876371, 0.000470864935778, 0.000255080085481, 0.000332547351718, 0.000420650612796, 0.000684827915393, 0.00202558073215, 0.000838844862301, 0.000415351736592, 0.000291451113299, 0.000363939616363, 0.00063996919198, 0.000924625317566, 0.0017170375213, 0.000548575946596, 0.000230591133004, 4.19932912337e-05, 3.9517552068e-05, 4.27277300332e-05, 6.06767971476e-05, 8.12838407001e-05, 2.10827920455e-06], "max": [0.00312488339841, 0.0583634823561, 0.024981552735, 0.0161961261183, 0.0179092511535, 0.0193380080163, 0.029046498239, 0.00399531377479, 0.0189691204578, 0.0140418903902, 0.0319842472672, 0.0191086176783, 0.0145176080987, 0.00887244939804, 0.00305494992062, 0.00522071728483, 0.00672499276698, 0.00621779728681, 0.0166820306331, 0.0153877353296, 0.00263085402548, 0.00139644090086, 0.000517510285135, 0.000740083167329, 0.000811933889054, 0.00103754748125, 6.10071183473e-05], "dmean2": [0.000132242785185, 0.00616976758465, 0.0018439181149, 0.00128973659594, 0.00163793005049, 0.00112716143485, 0.000453736516647, 0.00023775381851, 0.000304190936731, 0.000253516685916, 0.000460364826722, 0.000897990714293, 0.000546941009816, 0.000311875308398, 0.000223671246204, 0.000264940958004, 0.000441467331257, 0.000440632313257, 0.000763375952374, 0.000304972956656, 0.000146740319906, 3.91991925426e-05, 4.42362033937e-05, 4.37457601947e-05, 5.43394635315e-05, 8.25460519991e-05, 2.96545886158e-06], "median": [3.23274653056e-05, 0.00132972630672, 0.00106829451397, 0.000678531767335, 0.00169712002389, 0.00043239039951, 0.000171817897353, 0.000109505963337, 5.37569103471e-05, 6.85189588694e-05, 0.000122106794151, 0.000362936174497, 0.000254707003478, 0.000112910274765, 0.000160369934747, 0.000187743513379, 0.000339264573995, 0.000537649379112, 0.00108669162728, 0.000222235132242, 0.000137303664815, 1.62068154168e-05, 3.82713824365e-06, 3.04871764456e-06, 2.95911854664e-06, 2.04155139727e-06, 2.49471305835e-08], "dvar": [2.53671643691e-08, 6.27121553407e-05, 2.75464799415e-06, 1.58834916419e-06, 1.76221817583e-06, 3.52422716787e-06, 7.01618944277e-07, 6.93987018963e-08, 7.40627001505e-07, 3.73145866206e-07, 8.40399707158e-07, 1.59007890943e-06, 5.74229545691e-07, 1.78946706342e-07, 4.69147778404e-08, 9.20699250173e-08, 2.34190210335e-07, 1.91928734239e-07, 7.80696439051e-07, 1.85263175467e-07, 2.79996488217e-08, 3.85510512402e-09, 2.76178258041e-09, 3.08004977079e-09, 5.80914205628e-09, 1.39057965143e-08, 1.77065601764e-11]}, "melbands_skewness": {"dvar2": 1.31864225864, "var": 2.1742682457, "min": -1.48866224289, "dmean": 0.670442461967, "mean": 1.78342711926, "max": 11.2237586975, "dmean2": 1.01822686195, "median": 1.44944858551, "dvar": 0.580731391907}, "barkbands_skewness": {"dvar2": 0.611349403858, "var": 1.36871230602, "min": -2.66959905624, "dmean": 0.494519859552, "mean": 0.683401525021, "max": 7.84390687943, "dmean2": 0.737647652626, "median": 0.36598777771, "dvar": 0.279288887978}, "erbbands": {"dvar2": [0.0982163324952, 9.81814098358, 15.3805246353, 20.0653915405, 40.2983207703, 73.0909729004, 253.683166504, 659.728637695, 747.625915527, 90.7684631348, 73.7941894531, 985.458251953, 150.565185547, 1088.98510742, 4377.26513672, 6208.71630859, 2524.35009766, 1023.02459717, 414.032836914, 277.08493042, 488.1668396, 842.961669922, 1041.49108887, 1521.85754395, 6317.64501953, 193.843765259, 229.999694824, 17.9953327179, 11.6784000397, 8.44608402252, 4.4452881813, 2.72146201134, 1.67524003983, 1.42798018456, 0.456528544426, 0.36265155673, 0.110970035195, 0.00201224349439, 7.10156143668e-07, 1.45520062667e-09], "var": [0.0255403406918, 2.5536468029, 5.88737440109, 18.6955680847, 39.0228004456, 50.7410888672, 86.6691818237, 227.32585144, 279.643676758, 66.894317627, 47.7062187195, 1037.34216309, 135.136993408, 1588.41845703, 8614.74414063, 28895.0058594, 3703.37792969, 1598.14489746, 414.414520264, 309.863433838, 527.913879395, 1369.38122559, 2975.12475586, 4159.26953125, 21298.3789063, 631.112426758, 362.480499268, 28.1165275574, 8.05835342407, 4.90192270279, 4.15446805954, 2.90830111504, 2.04548454285, 1.91744303703, 0.712696313858, 0.479668080807, 0.11449676007, 0.00194221036509, 7.14982945738e-07, 1.68160507741e-09], "min": [2.50705801695e-22, 5.72287087837e-21, 5.77584872699e-20, 4.83553856409e-20, 1.5584788429e-19, 1.28715571791e-19, 3.61631654033e-19, 9.80762099512e-19, 1.31751652927e-18, 1.79710240674e-18, 1.93074418805e-18, 1.37100285486e-18, 3.56968263063e-18, 3.0127247602e-18, 5.00897731006e-18, 2.55172893981e-18, 4.49241583882e-18, 4.94241201822e-18, 6.98899623361e-18, 2.61938652366e-18, 7.76667918549e-18, 9.85812181909e-18, 1.47436109899e-17, 1.78578500432e-17, 1.34192600876e-17, 1.70464172951e-17, 9.08696366788e-18, 1.71751646487e-17, 1.90352076419e-17, 1.82805227926e-17, 1.60405822139e-17, 1.75335671189e-17, 1.9316617795e-17, 1.15243332336e-17, 7.98692429539e-18, 5.98537055177e-18, 3.17733060017e-18, 1.22510411803e-18, 3.51108960213e-19, 3.33112482765e-20], "dmean": [0.082243449986, 0.838115870953, 1.39689993858, 1.92178404331, 2.88637804985, 3.84349703789, 4.53662872314, 5.78473329544, 5.42859649658, 3.30369925499, 2.83988070488, 5.61275959015, 3.36577177048, 7.72222232819, 17.5510482788, 31.8652477264, 17.7516117096, 12.4351100922, 8.74403476715, 6.49521160126, 9.36761569977, 12.8821582794, 16.7133960724, 18.5105838776, 31.5391788483, 7.23179721832, 6.32340908051, 1.78520488739, 1.03852939606, 0.923459887505, 0.799282312393, 0.651958227158, 0.510682821274, 0.477795094252, 0.285351872444, 0.242465347052, 0.125949591398, 0.0164308622479, 0.000313579221256, 1.71920019056e-05], "mean": [0.0692418515682, 0.836124956608, 1.98754143715, 3.70869493484, 6.10500144958, 7.01632976532, 6.68219327927, 7.30365562439, 8.01852607727, 5.81826114655, 4.905377388, 8.7833147049, 5.99682760239, 18.8303470612, 41.9424781799, 99.9954299927, 44.4386978149, 28.9532966614, 18.1962242126, 14.0402469635, 20.1874752045, 30.630651474, 51.7725944519, 57.0358734131, 100.409675598, 23.0337581635, 15.5479459763, 4.4230761528, 1.77127742767, 1.21556770802, 1.07478642464, 0.881899952888, 0.730452597141, 0.678983449936, 0.411532044411, 0.330262035131, 0.158792108297, 0.0205985885113, 0.000408012449043, 3.9484417357e-05], "max": [1.68891823292, 14.6142406464, 35.3632774353, 38.2562294006, 69.0120620728, 60.8931884766, 128.374252319, 167.73828125, 531.142944336, 95.9881744385, 92.0425109863, 493.647766113, 146.622680664, 630.070007324, 2002.64074707, 977.271179199, 671.630737305, 486.962860107, 272.907684326, 211.940002441, 240.892196655, 324.576507568, 304.926513672, 477.354797363, 1192.25146484, 255.28237915, 162.394805908, 62.7001152039, 44.3162498474, 29.7032852173, 15.8137807846, 13.8119382858, 11.4040184021, 10.6173028946, 5.52918291092, 4.65810966492, 2.27915525436, 0.319341778755, 0.00638926262036, 0.000263258407358], "dmean2": [0.146618813276, 1.48715758324, 2.37368106842, 3.06806373596, 4.5112156868, 6.16530132294, 7.66442489624, 9.58155250549, 8.66624641418, 5.19645643234, 4.52088594437, 7.6254696846, 4.82433128357, 10.2946090698, 23.7778377533, 42.4282608032, 25.7130146027, 17.8486804962, 13.2490367889, 9.65220928192, 14.0761842728, 18.8544235229, 23.4440536499, 26.6478443146, 44.2590255737, 10.2686223984, 9.2117099762, 2.63513922691, 1.52987515926, 1.42115402222, 1.17384374142, 0.959056258202, 0.719809174538, 0.646373093128, 0.376180231571, 0.325922489166, 0.172841876745, 0.0228605624288, 0.000432932400145, 2.28390836128e-05], "median": [0.01475549303, 0.372265279293, 1.2316057682, 2.1033821106, 3.96965026855, 5.22021865845, 3.88054776192, 3.08791875839, 3.05583381653, 2.64711475372, 2.40488696098, 1.63122034073, 2.09100031853, 4.95054244995, 13.8613157272, 20.8733043671, 23.855014801, 12.5269451141, 11.0308322906, 9.22099876404, 12.9109745026, 17.5779895782, 35.6385002136, 40.1795578003, 56.9441680908, 16.4939651489, 9.54916000366, 3.02426719666, 0.766495227814, 0.260740190744, 0.102720573545, 0.0675179064274, 0.0498757660389, 0.035606533289, 0.0183286014944, 0.0102380244061, 0.00348109682091, 0.000380788289476, 2.31798676396e-05, 2.71253502433e-05], "dvar": [0.0362526401877, 3.59307551384, 5.53600311279, 8.36914920807, 16.337688446, 27.9433116913, 87.7463607788, 256.526550293, 280.187011719, 37.7597923279, 29.6730766296, 521.839294434, 71.3917388916, 592.865600586, 2953.828125, 3814.60913086, 1244.91162109, 503.932647705, 178.322677612, 131.903900146, 227.767837524, 414.402191162, 557.933227539, 772.822692871, 3509.37792969, 107.679466248, 104.129516602, 8.13357067108, 4.90257883072, 3.53962683678, 2.10184574127, 1.35916674137, 0.88629424572, 0.795966267586, 0.281679004431, 0.214243263006, 0.0601759180427, 0.00107254728209, 3.85091169619e-07, 7.95340737714e-10]}, "silence_rate_30dB": {"dvar2": 0, "var": 0, "min": 1, "dmean": 0, "mean": 1, "max": 1, "dmean2": 0, "median": 1, "dvar": 0}, "melbands_spread": {"dvar2": 240.911148071, "var": 570.366394043, "min": 0.677955925465, "dmean": 9.54132556915, "mean": 40.9542236328, "max": 175.209640503, "dmean2": 14.3710870743, "median": 42.0137901306, "dvar": 112.317115784}, "melbands_crest": {"dvar2": 21.1960926056, "var": 16.1323394775, "min": 1.9574868679, "dmean": 2.95058107376, "mean": 11.6293125153, "max": 32.7207756042, "dmean2": 4.98713922501, "median": 10.8657102585, "dvar": 8.08792304993}, "zerocrossingrate": {"dvar2": 0.000196117165615, "var": 0.00114142894745, "min": 0.0029296875, "dmean": 0.0108259636909, "mean": 0.0783027261496, "max": 0.49951171875, "dmean2": 0.0125345680863, "median": 0.08154296875, "dvar": 0.000157119749929}, "barkbands_kurtosis": {"dvar2": 25.0783176422, "var": 27.5021572113, "min": -1.88952362537, "dmean": 1.66584849358, "mean": 1.34723126888, "max": 70.7734069824, "dmean2": 2.62308645248, "median": -0.674266815186, "dvar": 10.2743730545}, "spectral_flux": {"dvar2": 0.00148289417848, "var": 0.00179093587212, "min": 1.02969709148e-10, "dmean": 0.0242092702538, "mean": 0.067179761827, "max": 0.257529050112, "dmean2": 0.0367919765413, "median": 0.0560014471412, "dvar": 0.000754206441343}, "barkbands_crest": {"dvar2": 18.8923015594, "var": 10.9421377182, "min": 2.61490154266, "dmean": 2.36472129822, "mean": 8.44653606415, "max": 24.248752594, "dmean2": 3.98326683044, "median": 7.73435974121, "dvar": 6.72598600388}, "barkbands_flatness_db": {"dvar2": 0.00153726572171, "var": 0.00341736734845, "min": 0.0285664126277, "dmean": 0.0287544187158, "mean": 0.151130840182, "max": 0.420199692249, "dmean2": 0.0400799289346, "median": 0.150192022324, "dvar": 0.000711534928996}, "spectral_entropy": {"dvar2": 0.107047952712, "var": 0.33923625946, "min": 4.97599077225, "dmean": 0.245636358857, "mean": 7.16294670105, "max": 9.80835533142, "dmean2": 0.315516501665, "median": 7.2176361084, "dvar": 0.0580879934132}, "pitch_salience": {"dvar2": 0.0129129672423, "var": 0.0127484323457, "min": 0.169796779752, "dmean": 0.0700789690018, "mean": 0.538641929626, "max": 0.951161623001, "dmean2": 0.110965840518, "median": 0.542188167572, "dvar": 0.00488218152896}, "erbbands_spread": {"dvar2": 149.861434937, "var": 240.05909729, "min": 2.4097468853, "dmean": 6.44056177139, "mean": 30.672328949, "max": 136.541809082, "dmean2": 9.4935464859, "median": 27.1652793884, "dvar": 69.851348877}, "dynamic_complexity": 2.60224580765, "spectral_contrast_valleys": {"dvar2": [0.394845098257, 0.31657102704, 0.235123813152, 0.203570604324, 0.244761839509, 1.08022582531], "var": [1.15551698208, 1.02408158779, 0.879169523716, 0.962334811687, 1.38337504864, 2.30975151062], "min": [-26.9266757965, -27.1759853363, -26.5690155029, -27.2676544189, -27.2462387085, -27.2752189636], "dmean": [0.477656632662, 0.405380189419, 0.368793994188, 0.351589679718, 0.367353051901, 0.722529709339], "mean": [-7.49826669693, -7.3692612648, -7.85862255096, -8.00299930573, -7.77827548981, -11.1084756851], "max": [-5.27775430679, -5.09605121613, -5.70141267776, -6.13429641724, -5.58729219437, -8.38024902344], "dmean2": [0.727840483189, 0.630370616913, 0.566482543945, 0.501731038094, 0.49025836587, 0.86637532711], "median": [-7.31497764587, -7.26193571091, -7.76637268066, -7.9734826088, -7.74866008759, -11.1274862289], "dvar": [0.204888850451, 0.16007168591, 0.122372813523, 0.118417188525, 0.153100028634, 0.572340369225]}, "hfc": {"dvar2": 91.9800796509, "var": 280.64465332, "min": 1.14288461507e-16, "dmean": 5.79130411148, "mean": 24.7481594086, "max": 89.0859146118, "dmean2": 7.55738019943, "median": 26.7311687469, "dvar": 53.644821167}, "spectral_kurtosis": {"dvar2": 37.163684845, "var": 22.6465702057, "min": -1.21966063976, "dmean": 3.26524400711, "mean": 6.7992181778, "max": 47.3141174316, "dmean2": 5.4473400116, "median": 5.66015768051, "dvar": 13.06204319}, "mfcc": {"mean": [-670.281005859, 128.322555542, -35.0806274414, 45.0965270996, 11.1020488739, 6.45959711075, 21.2789287567, -2.04158473015, -11.5995502472, -7.75689411163, -2.44827103615, 2.52183628082, 2.0579199791], "cov": [[7131.08886719, -1180.28564453, -76.1532516479, 121.687271118, -34.8792686462, -212.055145264, 212.284408569, 62.3570747375, -120.72681427, 69.1600952148, 59.9004135132, 58.7620887756, 60.1283950806], [-1180.28564453, 1504.84216309, -120.747322083, 116.730407715, 21.7737216949, 34.8928375244, -107.897514343, -36.3390655518, 51.1750869751, -73.0459518433, -25.210226059, -35.7912101746, -17.6562824249], [-76.1532516479, -120.747322083, 1901.83557129, -600.428649902, 413.751586914, 10.8533649445, -365.240081787, 107.161827087, 10.3423643112, 112.56577301, 42.2408981323, -29.3736991882, 52.187122345], [121.687271118, 116.730407715, -600.428649902, 591.03692627, -119.096977234, 40.366394043, 248.924438477, -59.4860992432, -1.84795641899, 6.14408016205, -9.3187379837, 1.4117565155, -10.465929985], [-34.8792686462, 21.7737216949, 413.751586914, -119.096977234, 226.437026978, 39.0466918945, -48.8452644348, 35.2111587524, -10.2266330719, 27.8073444366, 17.0897521973, 7.31187438965, 23.7500228882], [-212.055145264, 34.8928375244, 10.8533649445, 40.366394043, 39.0466918945, 141.886154175, 75.3067550659, 26.948097229, 9.01024627686, -1.67498755455, 10.1580095291, -0.55661380291, 6.68289756775], [212.284408569, -107.897514343, -365.240081787, 248.924438477, -48.8452644348, 75.3067550659, 306.41619873, 22.1003837585, -27.8300895691, 22.1172389984, 7.46690273285, 11.3863067627, 18.2410907745], [62.3570747375, -36.3390655518, 107.161827087, -59.4860992432, 35.2111587524, 26.948097229, 22.1003837585, 129.112670898, 57.2397193909, 1.51891052723, -1.83447015285, -15.7714891434, -7.93795204163], [-120.72681427, 51.1750869751, 10.3423643112, -1.84795641899, -10.2266330719, 9.01024627686, -27.8300895691, 57.2397193909, 156.065872192, 34.2158622742, -10.7778606415, -16.4014663696, -52.6206893921], [69.1600952148, -73.0459518433, 112.56577301, 6.14408016205, 27.8073444366, -1.67498755455, 22.1172389984, 1.51891052723, 34.2158622742, 127.315788269, 31.6522865295, -11.3161649704, -0.282340764999], [59.9004135132, -25.210226059, 42.2408981323, -9.3187379837, 17.0897521973, 10.1580095291, 7.46690273285, -1.83447015285, -10.7778606415, 31.6522865295, 88.3537368774, 35.1808204651, 6.6905465126], [58.7620887756, -35.7912101746, -29.3736991882, 1.4117565155, 7.31187438965, -0.55661380291, 11.3863067627, -15.7714891434, -16.4014663696, -11.3161649704, 35.1808204651, 85.9956741333, 34.303691864], [60.1283950806, -17.6562824249, 52.187122345, -10.465929985, 23.7500228882, 6.68289756775, 18.2410907745, -7.93795204163, -52.6206893921, -0.282340764999, 6.6905465126, 34.303691864, 122.325813293]], "icov": [[0.000179772338015, 0.00012342815171, -9.58295458986e-06, -8.68950373842e-05, -5.53208628844e-05, 0.000366763328202, -9.59551616688e-05, -0.000177423920832, 9.83032368822e-05, 2.12257491512e-05, -0.000108324122266, -8.32893420011e-06, -2.98012164421e-05], [0.00012342815171, 0.000904097279999, 0.000125920385472, -0.000407528830692, -0.000455757370219, -6.24247040832e-05, 0.000569297873881, 0.000164864584804, -0.000404357764637, 0.000612665200606, -0.00036910889321, 0.000619884463958, -0.000327232817654], [-9.58295458986e-06, 0.000125920385472, 0.00148023269139, 0.000455753848655, -0.0017441555392, -0.000462895637611, 0.00148604786955, -0.00085283012595, 0.000536203966476, -0.00122825545259, -1.36412509164e-05, 0.000446760153864, -0.000379355449695], [-8.68950373842e-05, -0.000407528830692, 0.000455753848655, 0.00368763739243, 8.19121560198e-05, 7.59934255257e-06, -0.00282821757719, 0.00232326006517, -0.00123696331866, 6.46819535177e-05, -1.40377369462e-05, 0.000568642106373, -2.95049103443e-05], [-5.53208628844e-05, -0.000455757370219, -0.0017441555392, 8.19121560198e-05, 0.00849593803287, -0.00213950430043, 1.06019133455e-05, -0.00145129510202, 0.0017067391891, -0.00141730112955, 0.000848047959153, -0.00210374663584, 0.000358606223017], [0.000366763328202, -6.24247040832e-05, -0.000462895637611, 7.59934255257e-06, -0.00213950430043, 0.0107976598665, -0.00420809211209, 0.000290817522909, -0.00216027046554, 0.00283600250259, -0.0024006171152, 0.00168295123149, -0.000782665912993], [-9.59551616688e-05, 0.000569297873881, 0.00148604786955, -0.00282821757719, 1.06019133455e-05, -0.00420809211209, 0.00972902216017, -0.00516428565606, 0.00428854348138, -0.00415425095707, 0.00146783806849, -0.00170787761454, -7.0823043643e-05], [-0.000177423920832, 0.000164864584804, -0.00085283012595, 0.00232326006517, -0.00145129510202, 0.000290817522909, -0.00516428565606, 0.0147270737216, -0.00798033550382, 0.00502251368016, -0.00252430257387, 0.00426562828943, -0.00181416992564], [9.83032368822e-05, -0.000404357764637, 0.000536203966476, -0.00123696331866, 0.0017067391891, -0.00216027046554, 0.00428854348138, -0.00798033550382, 0.0134917953983, -0.00678894808516, 0.00421122508124, -0.0042331921868, 0.00493286643177], [2.12257491512e-05, 0.000612665200606, -0.00122825545259, 6.46819535177e-05, -0.00141730112955, 0.00283600250259, -0.00415425095707, 0.00502251368016, -0.00678894808516, 0.0143556157127, -0.00695835845545, 0.00585867278278, -0.00247644283809], [-0.000108324122266, -0.00036910889321, -1.36412509164e-05, -1.40377369462e-05, 0.000848047959153, -0.0024006171152, 0.00146783806849, -0.00252430257387, 0.00421122508124, -0.00695835845545, 0.0177542045712, -0.00942350551486, 0.00305543863215], [-8.32893420011e-06, 0.000619884463958, 0.000446760153864, 0.000568642106373, -0.00210374663584, 0.00168295123149, -0.00170787761454, 0.00426562828943, -0.0042331921868, 0.00585867278278, -0.00942350551486, 0.019421344623, -0.00593874556944], [-2.98012164421e-05, -0.000327232817654, -0.000379355449695, -2.95049103443e-05, 0.000358606223017, -0.000782665912993, -7.0823043643e-05, -0.00181416992564, 0.00493286643177, -0.00247644283809, 0.00305543863215, -0.00593874556944, 0.0117821209133]]}, "silence_rate_20dB": {"dvar2": 0, "var": 0, "min": 1, "dmean": 0, "mean": 1, "max": 1, "dmean2": 0, "median": 1, "dvar": 0}, "melbands_kurtosis": {"dvar2": 187.625656128, "var": 182.971115112, "min": -1.82831597328, "dmean": 4.51161003113, "mean": 6.49808549881, "max": 162.072784424, "dmean2": 7.14347600937, "median": 1.23546719551, "dvar": 77.8533782959}, "barkbands_spread": {"dvar2": 102.690605164, "var": 193.334655762, "min": 0.967945337296, "dmean": 5.86223173141, "mean": 29.5592384338, "max": 129.444778442, "dmean2": 8.81548213959, "median": 30.9435005188, "dvar": 45.1307983398}, "erbbands_skewness": {"dvar2": 0.241871371865, "var": 0.73816972971, "min": -4.95362615585, "dmean": 0.320258080959, "mean": -0.350038319826, "max": 5.72736501694, "dmean2": 0.463748335838, "median": -0.361829459667, "dvar": 0.1163264364}, "average_loudness": 0.960203111172, "spectral_centroid": {"dvar2": 151178.84375, "var": 788344.8125, "min": 194.390975952, "dmean": 233.450256348, "mean": 2035.31225586, "max": 10842.0410156, "dmean2": 327.943267822, "median": 2337.39794922, "dvar": 85998.0625}, "dissonance": {"dvar2": 0.000670988112688, "var": 0.00057674763957, "min": 0.138695895672, "dmean": 0.0144609697163, "mean": 0.473017960787, "max": 0.500000119209, "dmean2": 0.0243721790612, "median": 0.479820728302, "dvar": 0.000267137249466}, "erbbands_flatness_db": {"dvar2": 0.00153183739167, "var": 0.00500001944602, "min": 0.0463839508593, "dmean": 0.0309329275042, "mean": 0.199596196413, "max": 0.427836745977, "dmean2": 0.037489105016, "median": 0.201088234782, "dvar": 0.000892663549166}, "spectral_strongpeak": {"dvar2": 10.3320150375, "var": 11.0215682983, "min": 0, "dmean": 1.21962618828, "mean": 2.3723115921, "max": 18.4181556702, "dmean2": 2.11603522301, "median": 0.512998044491, "dvar": 4.61385965347}, "spectral_rms": {"dvar2": 1.71993417553e-06, "var": 2.31532771977e-06, "min": 3.21623326929e-12, "dmean": 0.000712104316335, "mean": 0.00414350489154, "max": 0.010048947297, "dmean2": 0.00102304620668, "median": 0.00420586718246, "dvar": 7.97552900167e-07}, "silence_rate_60dB": {"dvar2": 0.0581380389631, "var": 0.0525309368968, "min": 0, "dmean": 0.0263959392905, "mean": 0.0556232221425, "max": 1, "dmean2": 0.0528025999665, "median": 0, "dvar": 0.0256987381727}, "melbands": {"dvar2": [1.08842677946e-05, 7.40989389669e-06, 5.65549441944e-07, 2.38982323708e-07, 2.55432013319e-07, 3.67651864508e-07, 1.40410591598e-07, 9.33890742516e-09, 4.24394075438e-09, 4.82054964834e-08, 3.48558004681e-09, 1.96561913413e-08, 2.98830116208e-08, 3.86523844043e-08, 1.38547102679e-08, 1.29569377449e-08, 3.47065531869e-09, 1.27011401396e-09, 3.6134839565e-10, 1.1102507802e-09, 7.32490457178e-10, 8.4214574203e-10, 3.77077702396e-09, 1.47935130812e-09, 1.48775336495e-09, 3.19767878842e-09, 1.70464520277e-09, 6.49454795498e-11, 1.67821867514e-10, 2.73612001112e-11, 4.01786980422e-12, 3.69297561281e-12, 6.50212999762e-12, 2.64905805625e-12, 1.86147126359e-12, 1.16622282578e-12, 1.35965295012e-12, 1.05074943971e-12, 1.08780584367e-12, 1.09091674496e-12], "var": [2.86331078314e-06, 2.34600452131e-06, 4.91248670187e-07, 2.09331645351e-07, 9.62549790984e-08, 1.18546175543e-07, 5.8800974756e-08, 7.25569160309e-09, 2.68039013207e-09, 5.02731225538e-08, 3.19568549401e-09, 2.84268413253e-08, 6.0443973382e-08, 1.27214022427e-07, 5.42394147374e-08, 2.44988260789e-08, 5.34469757341e-09, 1.14865117418e-09, 3.9172537436e-10, 1.47558598673e-09, 6.86076861989e-10, 1.03697950227e-09, 7.87536347246e-09, 4.6586863256e-09, 3.71894670614e-09, 1.10051230351e-08, 5.84992676522e-09, 1.46110151755e-10, 2.5462831843e-10, 3.22395339591e-11, 4.42937440198e-12, 2.80503485023e-12, 2.17185340892e-12, 1.71412699573e-12, 1.57823342069e-12, 1.04355998669e-12, 1.27955675569e-12, 1.08287727743e-12, 1.20427290102e-12, 1.35928562243e-12], "min": [3.60686690731e-24, 2.11856137607e-23, 1.25408957304e-23, 1.10472262605e-23, 1.02851101066e-23, 2.26204302628e-23, 2.08533108376e-23, 2.12455514123e-23, 1.45718528407e-23, 9.07328801637e-24, 1.81756692229e-23, 1.20248260816e-23, 1.7901128273e-23, 7.72954392814e-24, 1.05332313159e-23, 7.73084002661e-24, 8.78274028979e-24, 1.25750155422e-23, 3.90543222171e-24, 3.8222215957e-24, 1.13891319875e-23, 1.04672864886e-23, 1.04563355215e-23, 1.27680269288e-23, 1.5537275016e-23, 8.35133277111e-24, 1.1954969293e-23, 1.13859252679e-23, 5.92210424438e-24, 4.69543184765e-24, 1.20290922414e-23, 1.06196384063e-23, 1.03175109905e-23, 1.04353849536e-23, 8.98136363281e-24, 7.84640893809e-24, 1.33424967392e-23, 1.41959811298e-23, 1.26881137414e-23, 8.63957781271e-24], "dmean": [0.000872069154866, 0.000869483570568, 0.000345754495356, 0.000238291060668, 0.000158049646416, 0.000130842934595, 7.98297987785e-05, 3.44844847859e-05, 2.08112433029e-05, 3.79923330911e-05, 1.64951397892e-05, 3.14082608384e-05, 5.09336532559e-05, 7.89823316154e-05, 5.36637453479e-05, 3.94634516852e-05, 2.2080479539e-05, 1.41438376886e-05, 8.48759373184e-06, 1.2880516806e-05, 1.15905531857e-05, 1.25258584376e-05, 2.14932824747e-05, 1.74969572981e-05, 1.68332117028e-05, 2.34683411691e-05, 1.59350656759e-05, 3.91120784116e-06, 5.23956350662e-06, 2.13795851778e-06, 7.48232992009e-07, 6.24328549748e-07, 4.88282580591e-07, 5.74571572542e-07, 4.895383654e-07, 4.17236151407e-07, 4.28212331371e-07, 3.83717264185e-07, 3.89656008792e-07, 4.04944159982e-07], "mean": [0.000801788002718, 0.00110752217006, 0.000706561957486, 0.0004889096017, 0.000248020893196, 0.00016315895482, 0.000120245967992, 6.1426377215e-05, 3.55732154276e-05, 5.78123072046e-05, 2.84949401248e-05, 7.31820255169e-05, 0.000106595609395, 0.000229293218581, 0.000155734043801, 9.51360198087e-05, 4.57068381365e-05, 2.74567955785e-05, 1.75850673259e-05, 2.62815647147e-05, 2.25219209824e-05, 2.59614807874e-05, 4.97181317769e-05, 4.96678585478e-05, 4.22157572757e-05, 7.33400156605e-05, 4.50724946859e-05, 9.89866839518e-06, 1.21037401186e-05, 4.90662796437e-06, 1.50727237269e-06, 1.00224735888e-06, 6.91739728609e-07, 7.0386107609e-07, 6.47792262498e-07, 5.23474852798e-07, 5.67676011087e-07, 5.23891515058e-07, 5.36901666237e-07, 5.65549839848e-07], "max": [0.015439318493, 0.0198815558106, 0.00692160334438, 0.00423964764923, 0.00395529344678, 0.00445964699611, 0.00712003139779, 0.000789401121438, 0.000708979496267, 0.00349032343365, 0.000807008647826, 0.00249633612111, 0.00490631815046, 0.00335092376918, 0.00116950459778, 0.00195471430197, 0.000859114748891, 0.000611856405158, 0.000214114174014, 0.000407969288062, 0.000280340929748, 0.000381061487133, 0.000762897252571, 0.000385630875826, 0.000489102385473, 0.000794068619143, 0.000887726899236, 0.000104439059214, 0.000138405608595, 7.17906223144e-05, 2.06043823709e-05, 1.87163968803e-05, 4.64725962956e-05, 1.1945067854e-05, 1.06996667455e-05, 9.61941714195e-06, 1.01602718132e-05, 7.68971312937e-06, 1.17653144116e-05, 9.49960394792e-06], "dmean2": [0.00155306758825, 0.00149036117364, 0.000547294970602, 0.000374705094146, 0.000264157803031, 0.000218054919969, 0.000125761536765, 5.45981456526e-05, 3.33743919327e-05, 5.15220599482e-05, 2.37568256125e-05, 4.19311545556e-05, 6.94400368957e-05, 0.000105446437374, 7.23565608496e-05, 5.68345676584e-05, 3.17002995871e-05, 2.13480543607e-05, 1.30612488647e-05, 1.88728263311e-05, 1.77661931957e-05, 1.87617079064e-05, 3.08113267238e-05, 2.44442690018e-05, 2.43498870987e-05, 3.303