{"tonal": {"thpcp": [1, 0.662040531635, 0.204301863909, 0.119302041829, 0.143748611212, 0.579380333424, 0.875831544399, 0.519491493702, 0.35153222084, 0.425015687943, 0.312875598669, 0.476553112268, 0.689602971077, 0.44057482481, 0.319518715143, 0.378877133131, 0.24117808044, 0.163159996271, 0.179003164172, 0.214288130403, 0.602768301964, 0.937615096569, 0.56721508503, 0.18497377634, 0.143870517612, 0.139585599303, 0.326904565096, 0.510630905628, 0.337055653334, 0.172099918127, 0.184158951044, 0.156770572066, 0.238490059972, 0.335972756147, 0.278904289007, 0.580630898476], "hpcp": {"dmean2": [0.116985291243, 0.107762433589, 0.0962358340621, 0.109500609338, 0.145249396563, 0.203160658479, 0.222710594535, 0.201505035162, 0.122240200639, 0.0990425422788, 0.0989090204239, 0.128240019083, 0.142592132092, 0.139203771949, 0.0986780300736, 0.0865799412131, 0.0925466269255, 0.106844715774, 0.117068484426, 0.138693287969, 0.184833690524, 0.182315319777, 0.180749639869, 0.124351590872, 0.0909347459674, 0.0910099670291, 0.146483942866, 0.162112861872, 0.1695214957, 0.185980662704, 0.176280617714, 0.158491820097, 0.185029566288, 0.149479269981, 0.164714843035, 0.138783201575], "median": [0.00931799504906, 0.0106389820576, 0.0112370178103, 0.00924397259951, 0.011737331748, 0.084035821259, 0.142341762781, 0.0809940397739, 0.0120206344873, 0.00677974242717, 0.00704130204394, 0.0173723623157, 0.0309588368982, 0.0253191627562, 0.0121200773865, 0.00743652274832, 0.00791078619659, 0.0145630789921, 0.0165754370391, 0.0232219733298, 0.0836838334799, 0.126449465752, 0.0738237202168, 0.0117126274854, 0.00371839711443, 0.00702423881739, 0.0350897945464, 0.0619503706694, 0.0549567639828, 0.0235242284834, 0.0209903270006, 0.0225287005305, 0.0306373424828, 0.0298309400678, 0.0264858622104, 0.0140504669398], "min": [0, 0, 0, 0, 0, 0, 0, 0, 0, 0, 0, 0, 0, 0, 0, 0, 0, 0, 0, 0, 0, 0, 0, 0, 0, 0, 0, 0, 0, 0, 0, 0, 0, 0, 0, 0], "dvar2": [0.059562087059, 0.0508735664189, 0.0417279414833, 0.0571396350861, 0.0784061327577, 0.0832823291421, 0.08218216151, 0.0791903212667, 0.0644101202488, 0.0577331036329, 0.0559127256274, 0.0594212301075, 0.0708523020148, 0.0659599080682, 0.045939669013, 0.0456620492041, 0.0480170175433, 0.0498880147934, 0.0558659955859, 0.0541903264821, 0.066552951932, 0.0722005963326, 0.0730599984527, 0.060826100409, 0.0473874285817, 0.0454753600061, 0.0589833930135, 0.0713142678142, 0.0649385899305, 0.0823149010539, 0.0844320356846, 0.0628702715039, 0.0839370265603, 0.0664526000619, 0.073244817555, 0.0653791502118], "dvar": [0.0238175150007, 0.0181207936257, 0.0149426739663, 0.020335232839, 0.0271684341133, 0.030466215685, 0.0345187112689, 0.028889702633, 0.0228231605142, 0.0208324994892, 0.0193477142602, 0.0213126819581, 0.0275064576417, 0.0232071839273, 0.0162858050317, 0.0171947926283, 0.016971539706, 0.0183139871806, 0.0211584884673, 0.0198255181313, 0.0251197163016, 0.0316606387496, 0.0271425675601, 0.0219408776611, 0.0167450234294, 0.0155733386055, 0.0221283249557, 0.0297243315727, 0.0242482852191, 0.029657933861, 0.0318257696927, 0.0227467510849, 0.0301554128528, 0.0266470406204, 0.0262216851115, 0.0241564810276], "dmean": [0.0680674389005, 0.0612783879042, 0.0537786483765, 0.0612922273576, 0.0807806327939, 0.118952430785, 0.133761256933, 0.117379739881, 0.0674052983522, 0.0539667010307, 0.0543567538261, 0.0731250867248, 0.0834028944373, 0.0803008303046, 0.0555560477078, 0.0484169386327, 0.0516301579773, 0.0614659264684, 0.0683465078473, 0.080451503396, 0.110107064247, 0.110921509564, 0.106744937599, 0.0697920396924, 0.0492790266871, 0.0505350679159, 0.0871349796653, 0.0968252047896, 0.100008614361, 0.104266196489, 0.0999106988311, 0.091387681663, 0.106069795787, 0.087036088109, 0.0957393348217, 0.0794823020697], "max": [1, 1, 1, 1, 1, 1, 1, 1, 1, 1, 1, 1, 1, 1, 1, 1, 1, 1, 1, 1, 1, 1, 1, 1, 1, 1, 1, 1, 1, 1, 1, 1, 1, 1, 1, 1], "var": [0.0688001811504, 0.0293215736747, 0.0146124130115, 0.0193795133382, 0.024069244042, 0.0631873011589, 0.115948423743, 0.0559795387089, 0.0192262437195, 0.017911888659, 0.015462750569, 0.0403353460133, 0.0819365233183, 0.0353659279644, 0.0174121819437, 0.0301955118775, 0.0185893811285, 0.0255194995552, 0.0484890937805, 0.02541503869, 0.0525888577104, 0.14158269763, 0.0758826956153, 0.0200826581568, 0.0122128548101, 0.0133333550766, 0.0737105458975, 0.139802217484, 0.0544202290475, 0.038521707058, 0.065033018589, 0.0296571198851, 0.057374689728, 0.116212457418, 0.051427282393, 0.0427403263748], "mean": [0.122049771249, 0.0776920169592, 0.0525596216321, 0.057663269341, 0.0690298080444, 0.194173052907, 0.302039086819, 0.18272010982, 0.0595866180956, 0.0463457964361, 0.0449654720724, 0.105307556689, 0.164492338896, 0.10857758671, 0.0554394908249, 0.0593241341412, 0.0505013652146, 0.0768261104822, 0.108228743076, 0.0898449644446, 0.187041804194, 0.322135478258, 0.21326674521, 0.0658128783107, 0.0384314209223, 0.046306528151, 0.186638966203, 0.282136410475, 0.167346641421, 0.113241001964, 0.136912629008, 0.100788332522, 0.153514668345, 0.222145587206, 0.141924783587, 0.102928310633]}, "tuning_equal_tempered_deviation": 0.00158323126379, "chords_changes_rate": 0.0357680730522, "key_key": "E", "tuning_diatonic_strength": 0.574417889118, "key_scale": "major", "chords_number_rate": 0.00244728918187, "tuning_frequency": 440.508636475, "tuning_nontempered_energy_ratio": 0.635653793812, "chords_histogram": [9.14909648895, 7.39834356308, 22.2326812744, 0.131777107716, 3.10617470741, 0, 1.11069273949, 0, 0.0188253019005, 0.884789168835, 1.29894578457, 0, 0, 0, 0, 3.55798196793, 0.131777107716, 18.2981929779, 2.6543674469, 2.86144566536, 0.0941265076399, 4.40512037277, 4.5368976593, 18.1287651062], "key_strength": 0.810222506523, "chords_key": "B", "chords_strength": {"dmean2": 0.00629660487175, "median": 0.538639545441, "min": -1, "dvar2": 0.000736949150451, "dvar": 0.000393087859266, "dmean": 0.00779607100412, "max": 0.752545654774, "var": 0.02343980968, "mean": 0.522725224495}, "chords_scale": "major", "hpcp_entropy": {"dmean2": 0.901938319206, "median": 1.65268719196, "min": 0, "dvar2": 0.575356483459, "dvar": 0.210608020425, "dmean": 0.538221299648, "max": 3.77967786789, "var": 0.510852754116, "mean": 1.6229057312}}, "metadata": {"audio_properties": {"equal_loudness": 0, "codec": "mp3", "downmix": "mix", "sample_rate": 44100, "analysis_sample_rate": 44100, "bit_rate": 320034, "md5_encoded": "72c883fc07f33653bedf2bb4910aa7e2", "length": 246.622039795, "replay_gain": -12.7515678406, "lossless": false}, "version": {"essentia_build_sha": "2d9f1f26377add8aeb1075a9c2973f962c4f09fd", "essentia": "2.1-beta2", "extractor": "music 1.0", "essentia_git_sha": "v2.1_beta2-1-ge3940c0"}, "tags": {"title": ["Mirror Image Opposite"], "language": ["eng"], "media": ["Digital Media"], "albumartist": ["Loka"], "musicbrainz_recordingid": ["0fff1126-3ccf-4faa-82d1-195a7d2ae067"], "musicbrainz_albumartistid": ["f03e48da-f91f-40c3-9738-b450cd1676b3"], "discnumber": ["1/1"], "album": ["Passing Place"], "catalognumber": ["ZENDNL175"], "musicbrainz album release country": ["GB"], "musicbrainz album type": ["album"], "musicbrainz album status": ["official"], "file_name": "11 - Mirror Image Opposite.mp3", "date": ["2011"], "genre": ["Electronic"], "script": ["Latn"], "musicbrainz_albumid": ["357c4601-4f6e-496b-8e7c-5ee6872690d8"], "artist": ["Loka"], "artistsort": ["Loka"], "tracknumber": ["11/12"], "label": ["Ninja Tune"], "albumartistsort": ["Loka"], "musicbrainz_artistid": ["f03e48da-f91f-40c3-9738-b450cd1676b3"]}}, "rhythm": {"bpm_histogram_first_peak_bpm": {"dmean2": 0, "median": 117, "min": 117, "dvar2": 0, "dvar": 0, "dmean": 0, "max": 117, "var": 0, "mean": 117}, "bpm": 117.921356201, "bpm_histogram_second_peak_spread": {"dmean2": 0, "median": 0.394557803869, "min": 0.394557803869, "dvar2": 0, "dvar": 0, "dmean": 0, "max": 0.394557803869, "var": 0, "mean": 0.394557803869}, "bpm_histogram_first_peak_weight": {"dmean2": 0, "median": 0.263546794653, "min": 0.263546794653, "dvar2": 0, "dvar": 0, "dmean": 0, "max": 0.263546794653, "var": 0, "mean": 0.263546794653}, "onset_rate": 2.65566706657, "beats_position": [0.615328788757, 1.24226760864, 1.86920630932, 2.49614500999, 3.14630389214, 3.78485250473, 4.42340135574, 5.06195020676, 5.70049858093, 6.33904743195, 6.97759628296, 7.60453510284, 8.24308395386, 8.88163280487, 9.49696159363, 10.1239004135, 10.71600914, 11.2965078354, 11.8770065308, 12.3646259308, 12.8522443771, 13.328253746, 13.7810430527, 14.2338323593, 14.6866207123, 15.0929698944, 15.4877090454, 15.8824491501, 16.2771873474, 16.6719264984, 17.0666656494, 17.4614048004, 17.8329238892, 18.2044448853, 18.575963974, 18.9474830627, 19.3306121826, 19.7137413025, 20.1084804535, 20.4916095734, 20.8747386932, 21.2578678131, 21.640996933, 22.0241260529, 22.5465755463, 23.0690250397, 23.6030826569, 24.1371421814, 24.6712017059, 25.1936511993, 25.7160987854, 26.2385482788, 26.7609977722, 27.2834453583, 27.8175048828, 28.3283443451, 28.8391838074, 29.3616313934, 29.8840808868, 30.3949203491, 30.9057598114, 31.5210876465, 32.1364173889, 32.7517471313, 33.3670730591, 33.9824028015, 34.5977325439, 35.2130622864, 35.8283882141, 36.4437179565, 37.059047699, 37.7672538757, 38.4754638672, 39.2417221069, 40.0079803467, 40.7858505249, 41.5521087646, 42.3067550659, 43.0730133057, 43.8392753601, 44.6055335999, 45.3717918396, 46.1380500793, 46.8926963806, 47.6473464966, 48.4136047363, 49.1798629761, 49.9461212158, 50.7123794556, 51.4786376953, 52.2448959351, 53.0111541748, 53.7658042908, 54.5204544067, 55.2867126465, 56.0529708862, 56.819229126, 57.5854873657, 58.3517456055, 59.129611969, 59.8958702087, 60.673740387, 61.4399986267, 62.2062568665, 62.9725151062, 63.7387733459, 64.4934234619, 65.2596817017, 66.0143280029, 66.7573699951, 67.4771881104, 68.2434463501, 69.0097045898, 69.7643508911, 70.5189971924, 71.273651123, 72.0282974243, 72.7713394165, 73.5375976563, 74.2922439575, 75.0468902588, 75.789932251, 76.5329666138, 77.276008606, 78.0306549072, 78.7853012085, 79.5515594482, 80.3178253174, 81.0956878662, 81.8735580444, 82.6398162842, 83.4060745239, 84.1723327637, 84.9502029419, 85.7280731201, 86.5175476074, 87.2838058472, 88.0500640869, 88.8163223267, 89.5709762573, 90.3372344971, 91.0918807983, 91.8581390381, 92.6243972778, 93.3906555176, 94.1569137573, 94.9231719971, 95.6894302368, 96.4556884766, 97.2219467163, 97.9882049561, 98.7660751343, 99.532333374, 100.286979675, 101.053237915, 101.807891846, 102.562538147, 103.328796387, 104.118278503, 104.884536743, 105.650794983, 106.417053223, 107.183311462, 107.97278595, 108.739044189, 109.493690491, 110.25995636, 111.014602661, 111.780860901, 112.547119141, 113.301765442, 114.068023682, 114.822669983, 115.588935852, 116.355194092, 117.121452332, 117.887710571, 118.653968811, 119.408615112, 120.151649475, 120.906303406, 121.649337769, 122.392379761, 123.158638, 123.92489624, 124.679542542, 125.434196472, 126.200454712, 126.966712952, 127.709747314, 128.476013184, 129.265487671, 130.031738281, 130.79800415, 131.564254761, 132.318908691, 133.073562622, 133.816589355, 134.571243286, 135.325897217, 136.092147827, 136.858413696, 137.624664307, 138.379318237, 139.133972168, 139.88861084, 140.643264771, 141.432739258, 142.222213745, 142.988479614, 143.754730225, 144.509384155, 145.264038086, 146.018676758, 146.773330688, 147.539596558, 148.305847168, 149.072113037, 149.849975586, 150.639450073, 151.428924561, 152.090698242, 152.740859985, 153.286529541, 153.820587158, 154.366256714, 154.888702393, 155.411148071, 155.92199707, 156.421218872, 156.920455933, 157.431289673, 157.942123413, 158.452972412, 158.963806152, 159.474639893, 159.985488892, 160.484710693, 160.995559692, 161.506393433, 162.005615234, 162.516464233, 163.015686035, 163.514923096, 164.014144897, 164.513381958, 165.024215698, 165.5234375, 166.022674561, 166.533508301, 167.0443573, 167.55519104, 168.054412842, 168.553649902, 169.064483643, 169.575332642, 170.086166382, 170.597000122, 171.107849121, 171.607070923, 172.117904663, 172.617141724, 173.127975464, 173.638824463, 174.149658203, 174.660491943, 175.171340942, 175.682174683, 176.193008423, 176.703857422, 177.203079224, 177.702316284, 178.213150024, 178.723983765, 179.234832764, 179.745666504, 180.256500244, 180.767349243, 181.278182983, 181.777404785, 182.288253784, 182.799087524, 183.298324585, 183.809158325, 184.319992065, 184.819229126, 185.330062866, 185.852508545, 186.363357544, 186.862579346, 187.361816406, 187.872650146, 188.383483887, 188.905944824, 189.416778564, 189.916000366, 190.426849365, 190.937683105, 191.448516846, 191.959365845, 192.470199585, 192.969436646, 193.480270386, 193.979492188, 194.490341187, 195.001174927, 195.512008667, 196.022857666, 196.533691406, 197.044525146, 197.555374146, 198.054595947, 198.553833008, 199.041442871, 199.540679932, 200.039901733, 200.550750732, 201.049972534, 201.549209595, 202.048431396, 202.547653198, 203.058502197, 203.569335938, 204.080184937, 204.591018677, 205.101852417, 205.612701416, 206.123535156, 206.657592773, 207.168426514, 207.679275513, 208.190109253, 208.700942993, 209.211791992, 209.722625732, 210.233459473, 210.744308472, 211.255142212, 211.765975952, 212.276824951, 212.764434814, 213.252059937, 213.739685059, 214.23890686, 214.738143921, 215.248977661, 215.759811401, 216.2706604, 216.781494141, 217.292327881, 217.81477356, 218.337234497, 218.871292114, 219.393737793, 219.916183472, 220.427032471, 220.926254272, 221.425476074, 221.936325073, 222.447158813, 222.958007813, 223.468841553, 223.991287231, 224.490524292, 225.001358032, 225.523803711, 226.04624939, 226.557098389, 227.067932129, 227.578765869, 228.066390991, 228.577224731, 229.08807373, 229.587295532, 230.086532593, 230.585754395, 231.084991455, 231.584213257, 232.083435059, 232.582672119, 233.081893921, 233.59274292, 234.091964722, 234.591201782, 235.102035522, 235.612869263, 236.123718262, 236.634552002, 237.145385742, 237.644622803, 238.167068481, 238.677902222, 239.200363159, 239.629928589, 240.059494019, 240.477462769, 240.883804321, 241.301757813, 241.719726563, 242.230560303, 242.729797363, 243.229019165, 243.728256226, 244.227478027, 244.738311768, 245.249160767, 245.759994507], "beats_loudness": {"dmean2": 0.0228074230254, "median": 0.0397599749267, "min": 0, "dvar2": 0.000463743344881, "dvar": 0.000178531234269, "dmean": 0.0134109491482, "max": 0.105111069977, "var": 0.000554264406674, "mean": 0.0395134910941}, "danceability": 0.955718755722, "bpm_histogram_second_peak_weight": {"dmean2": 0, "median": 0.219211816788, "min": 0.219211816788, "dvar2": 0, "dvar": 0, "dmean": 0, "max": 0.219211816788, "var": 0, "mean": 0.219211816788}, "beats_count": 407, "bpm_histogram_second_peak_bpm": {"dmean2": 0, "median": 78, "min": 78, "dvar2": 0, "dvar": 0, "dmean": 0, "max": 78, "var": 0, "mean": 78}, "bpm_histogram_first_peak_spread": {"dmean2": 0, "median": 0.408839792013, "min": 0.408839792013, "dvar2": 0, "dvar": 0, "dmean": 0, "max": 0.408839792013, "var": 0, "mean": 0.408839792013}, "beats_loudness_band_ratio": {"dmean2": [0.245769888163, 0.229770034552, 0.221842467785, 0.0597879104316, 0.0173510666937, 0.0236167032272], "median": [0.406244277954, 0.309327185154, 0.186087921262, 0.040116302669, 0.0124616576359, 0.0148962857202], "min": [0, 0, 0, 0, 0, 0], "dvar2": [0.0390467979014, 0.0371852815151, 0.034711651504, 0.00578317930922, 0.00116434379015, 0.00191597349476], "dvar": [0.0151843391359, 0.0129460422322, 0.0134500209242, 0.00207819906063, 0.000421919859946, 0.00076133623952], "dmean": [0.145392164588, 0.138745173812, 0.133354991674, 0.035527549684, 0.00996355898678, 0.0137193351984], "max": [0.876470863819, 0.917605161667, 0.974821388721, 0.382676512003, 0.339508146048, 0.441284239292], "var": [0.0344208590686, 0.0400705747306, 0.031321130693, 0.00244785915129, 0.000416629773099, 0.00105727091432], "mean": [0.397141993046, 0.346396505833, 0.230851471424, 0.0538254678249, 0.0156998801976, 0.02130760625]}}, "lowlevel": {"barkbands_spread": {"dmean2": 4.22047519684, "median": 11.1852197647, "min": 0.45491656661, "dvar2": 24.7027301788, "dvar": 9.63398933411, "dmean": 2.60996866226, "max": 131.366668701, "var": 54.6050834656, "mean": 12.1955709457}, "melbands_spread": {"dmean2": 3.65465116501, "median": 10.3230524063, "min": 0.652212500572, "dvar2": 19.1651878357, "dvar": 7.69842147827, "dmean": 2.25032925606, "max": 155.127334595, "var": 184.187789917, "mean": 12.0472278595}, "hfc": {"dmean2": 4.83337306976, "median": 16.5875606537, "min": 1.08716877303e-16, "dvar2": 31.59608078, "dvar": 13.1757259369, "dmean": 3.11051750183, "max": 69.1957550049, "var": 112.026664734, "mean": 16.9890785217}, "barkbands_kurtosis": {"dmean2": 5.08196020126, "median": 7.13943719864, "min": -1.85051941872, "dvar2": 48.6598472595, "dvar": 19.3320827484, "dmean": 3.16074609756, "max": 148.685012817, "var": 77.268119812, "mean": 8.97555828094}, "gfcc": {"mean": [-17.0424156189, 109.577735901, -85.4961547852, 19.6951217651, -69.7947769165, 9.77900218964, -39.4828643799, 6.0559720993, -25.6878433228, 3.75281333923, -15.1667537689, -1.62464702129, -8.73275375366], "icov": [[0.000183778611245, -0.00053461571224, 0.000163315344253, -0.000531249621417, 0.000497477245517, -0.000635178876109, 0.000522659101989, -0.000155595131218, 0.000413303176174, -0.000739638169762, 0.000782727147453, -0.000879471481312, 0.000668888096698], [-0.00053461571224, 0.00333744869567, 0.000106204002805, 0.00178702035919, -0.00224114581943, 0.00175882212352, -0.000372085720301, 0.00075904710684, -0.000931004760787, 0.00295017613098, -0.00382413272746, 0.00366943608969, -0.00335978413932], [0.000163315344253, 0.000106204002805, 0.00363375572488, -0.000292851298582, -0.00224848929793, -0.00141433393583, 0.00197606394067, -0.000845997536089, 0.00121725990903, -0.00127841113135, 0.000945485197008, -0.00198766123503, 0.00187085289508], [-0.000531249621417, 0.00178702035919, -0.000292851298582, 0.00415221555158, -0.000746224308386, 0.0014593192609, -0.00225160410628, 0.00041365204379, -0.000312469986966, 0.000234137289226, -0.00148924137466, 0.00261643226258, -0.0022791964002], [0.000497477245517, -0.00224114581943, -0.00224848929793, -0.000746224308386, 0.00944148562849, -0.00245291204192, -0.000928088265937, 0.00209835264832, -0.000424350175308, -0.00080943031935, 2.82141045318e-05, -0.00262084137648, 0.000934312643949], [-0.000635178876109, 0.00175882212352, -0.00141433393583, 0.0014593192609, -0.00245291204192, 0.0105178086087, -0.00393794849515, -0.00194776966237, 0.00197832030244, 0.00133025005925, -0.00415840419009, 0.00342390988953, -0.00335217639804], [0.000522659101989, -0.000372085720301, 0.00197606394067, -0.00225160410628, -0.000928088265937, -0.00393794849515, 0.0120972786099, -0.00238486169837, -0.00360552384518, -0.002190412255, 0.00395202683285, -0.00455494364724, 0.000187805635505], [-0.000155595131218, 0.00075904710684, -0.000845997536089, 0.00041365204379, 0.00209835264832, -0.00194776966237, -0.00238486169837, 0.0134372804314, -0.0042755715549, -0.000793206098024, 0.0015139777679, -0.000682795303874, -0.000438640388893], [0.000413303176174, -0.000931004760787, 0.00121725990903, -0.000312469986966, -0.000424350175308, 0.00197832030244, -0.00360552384518, -0.0042755715549, 0.0172649286687, -0.00609755190089, -0.000854733109009, 0.00381887424737, -0.000872271310072], [-0.000739638169762, 0.00295017613098, -0.00127841113135, 0.000234137289226, -0.00080943031935, 0.00133025005925, -0.002190412255, -0.000793206098024, -0.00609755190089, 0.0172536652535, -0.0058456780389, -0.00287200766616, 0.000637812248897], [0.000782727147453, -0.00382413272746, 0.000945485197008, -0.00148924137466, 2.82141045318e-05, -0.00415840419009, 0.00395202683285, 0.0015139777679, -0.000854733109009, -0.0058456780389, 0.0179203562438, -0.00816918630153, 0.00340786925517], [-0.000879471481312, 0.00366943608969, -0.00198766123503, 0.00261643226258, -0.00262084137648, 0.00342390988953, -0.00455494364724, -0.000682795303874, 0.00381887424737, -0.00287200766616, -0.00816918630153, 0.0249356292188, -0.013004405424], [0.000668888096698, -0.00335978413932, 0.00187085289508, -0.0022791964002, 0.000934312643949, -0.00335217639804, 0.000187805635505, -0.000438640388893, -0.000872271310072, 0.000637812248897, 0.00340786925517, -0.013004405424, 0.0245895106345]], "cov": [[26175.3066406, 306.233184814, -458.902313232, 2153.87866211, -1015.3727417, 643.427490234, -195.523895264, 359.539306641, -446.303131104, 711.786315918, -300.440185547, 404.792510986, -80.0004577637], [306.233184814, 1220.0723877, -100.991516113, -396.991607666, 160.529983521, -88.2433929443, -231.791229248, -192.802902222, -69.1921691895, -218.086868286, 137.196212769, -102.874809265, 39.2444648743], [-458.902313232, -100.991516113, 487.656341553, -30.2105121613, 149.039764404, 77.9691467285, -23.1495304108, 5.9677233696, -34.9571990967, 40.5862731934, 31.949836731, 55.0178833008, -13.5930747986], [2153.87866211, -396.991607666, -30.2105121613, 627.92010498, -123.681556702, 76.9204711914, 132.997817993, 106.57434845, 20.3090877533, 155.597045898, -64.4761199951, 65.5231628418, 4.01107501984], [-1015.3727417, 160.529983521, 149.039764404, -123.681556702, 239.547042847, 25.2507858276, -2.29570364952, -48.6461906433, 2.2315735817, -27.695810318, 63.7832374573, 12.5769643784, 18.8502864838], [643.427490234, -88.2433929443, 77.9691467285, 76.9204711914, 25.2507858276, 175.939727783, 58.4997634888, 48.2711524963, -9.38871479034, 52.477191925, 12.9576587677, 43.7267913818, 14.7130670547], [-195.523895264, -231.791229248, -23.1495304108, 132.997817993, -2.29570364952, 58.4997634888, 207.513809204, 83.7062759399, 70.6958007813, 77.4895706177, -22.6054878235, 46.5131912231, 23.9369888306], [359.539306641, -192.802902222, 5.9677233696, 106.57434845, -48.6461906433, 48.2711524963, 83.7062759399, 139.081939697, 43.9363212585, 69.2236251831, -28.9352645874, 31.5779018402, 4.04457902908], [-446.303131104, -69.1921691895, -34.9571990967, 20.3090877533, 2.2315735817, -9.38871479034, 70.6958007813, 43.9363212585, 109.909912109, 40.8819618225, 2.97861647606, -2.11772465706, 7.41322612762], [711.786315918, -218.086868286, 40.5862731934, 155.597045898, -27.695810318, 52.477191925, 77.4895706177, 69.2236251831, 40.8819618225, 161.952758789, 6.80016851425, 65.7590179443, 2.10753679276], [-300.440185547, 137.196212769, 31.949836731, -64.4761199951, 63.7832374573, 12.9576587677, -22.6054878235, -28.9352645874, 2.97861647606, 6.80016851425, 111.539352417, 22.6894874573, 13.981253624], [404.792510986, -102.874809265, 55.0178833008, 65.5231628418, 12.5769643784, 43.7267913818, 46.5131912231, 31.5779018402, -2.11772465706, 65.7590179443, 22.6894874573, 104.047721863, 32.6124267578], [-80.0004577637, 39.2444648743, -13.5930747986, 4.01107501984, 18.8502864838, 14.7130670547, 23.9369888306, 4.04457902908, 7.41322612762, 2.10753679276, 13.981253624, 32.6124267578, 66.3089828491]]}, "spectral_energyband_middle_low": {"dmean2": 0.0109364157543, "median": 0.0206213127822, "min": 1.64089669474e-22, "dvar2": 0.000139865442179, "dvar": 5.23753187736e-05, "dmean": 0.00667309761047, "max": 0.106550484896, "var": 0.000218747838517, "mean": 0.0228608679026}, "melbands_crest": {"dmean2": 4.15821456909, "median": 12.2512741089, "min": 1.6634452343, "dvar2": 13.6057634354, "dvar": 4.97806787491, "dmean": 2.48743844032, "max": 32.3960456848, "var": 17.9444770813, "mean": 12.9793186188}, "spectral_kurtosis": {"dmean2": 3.29876208305, "median": 3.79366254807, "min": -1.28380143642, "dvar2": 39.5512123108, "dvar": 13.7922439575, "dmean": 1.97704899311, "max": 92.2998275757, "var": 123.365707397, "mean": 8.04592132568}, "spectral_rms": {"dmean2": 0.00105328403879, "median": 0.00612994795665, "min": 3.13089766786e-12, "dvar2": 1.02468914065e-06, "dvar": 3.7721923718e-07, "dmean": 0.000647459935863, "max": 0.0108974324539, "var": 4.21960839958e-06, "mean": 0.00569488713518}, "zerocrossingrate": {"dmean2": 0.00814208202064, "median": 0.03759765625, "min": 0.00830078125, "dvar2": 0.0001041517462, "dvar": 5.73398137931e-05, "dmean": 0.00606246525422, "max": 0.52490234375, "var": 0.002463797573, "mean": 0.0446782186627}, "silence_rate_60dB": {"dmean2": 0.013934657909, "median": 0, "min": 0, "dvar2": 0.0165684316307, "dvar": 0.00691585661843, "dmean": 0.00696667283773, "max": 1, "var": 0.0386684760451, "mean": 0.0402899384499}, "erbbands_kurtosis": {"dmean2": 2.03892803192, "median": 1.64817988873, "min": -1.71321308613, "dvar2": 7.17798614502, "dvar": 2.90203046799, "dmean": 1.31510829926, "max": 79.5632247925, "var": 20.4630451202, "mean": 2.5691921711}, "erbbands": {"dmean2": [0.0978991389275, 1.11263620853, 3.20310926437, 7.02673578262, 18.7398357391, 18.7843093872, 22.3167591095, 28.8714923859, 42.3799591064, 41.6973800659, 18.7820472717, 26.3031787872, 27.5311851501, 18.1146087646, 14.5648050308, 10.6503658295, 8.96925163269, 6.60374116898, 6.39196586609, 6.45808935165, 3.11247682571, 3.01451253891, 2.56275200844, 3.69401097298, 2.85165548325, 3.37782025337, 3.47038674355, 3.54276657104, 2.60346078873, 1.31211197376, 1.08003652096, 0.87583220005, 0.5628221035, 0.405636847019, 0.22719207406, 0.199209302664, 0.103902406991, 0.0140871210024, 0.000807724951301, 3.08452254103e-05], "median": [0.0753881260753, 1.35148286819, 3.78780961037, 5.07087135315, 10.3237066269, 12.1150054932, 17.367313385, 31.4301891327, 27.9811763763, 24.7561302185, 13.6997594833, 15.3241996765, 17.7480106354, 12.2384796143, 9.34889698029, 7.38113307953, 5.90362691879, 5.08771657944, 5.99258375168, 5.17454147339, 3.27909445763, 2.94798827171, 2.90481996536, 3.82920527458, 3.14739727974, 3.31853294373, 3.35268545151, 3.79661798477, 2.77120637894, 1.61017692089, 1.44170725346, 1.07015621662, 0.767261385918, 0.543835699558, 0.274388790131, 0.0853583738208, 0.0161615107208, 0.00184717262164, 0.00013658941316, 5.34299106221e-05], "min": [8.34260292079e-23, 3.3469941948e-22, 1.08896439425e-21, 8.56790043411e-21, 2.16281315333e-20, 2.82504635848e-20, 3.53753967157e-20, 4.36983814105e-20, 1.09595666748e-19, 1.59554506464e-19, 2.20617599668e-19, 3.57548199391e-19, 4.01785275713e-19, 6.6130639451e-19, 1.16673236034e-18, 1.13828386132e-18, 2.08933559778e-18, 2.05340659429e-18, 2.33580543503e-18, 3.12113215615e-18, 3.19728281693e-18, 4.59331367558e-18, 4.88685856828e-18, 6.8508959488e-18, 7.54053462346e-18, 9.50992427614e-18, 8.84461463765e-18, 1.14111492833e-17, 9.70075318909e-18, 1.13322982914e-17, 1.21120309968e-17, 1.15656335345e-17, 9.35414383292e-18, 8.07563114428e-18, 5.27241903232e-18, 4.36483150114e-18, 2.24025573452e-18, 1.00006580667e-18, 2.38610122159e-19, 2.40140354594e-20], "dvar2": [0.0334882922471, 3.83491277695, 25.750743866, 80.7363891602, 625.750549316, 915.879760742, 1155.88012695, 1609.24865723, 7310.03466797, 5930.80517578, 1794.44934082, 2920.03149414, 2010.91516113, 883.162536621, 864.376159668, 462.99331665, 388.788787842, 152.934555054, 83.8420257568, 334.595123291, 37.095035553, 48.8805122375, 23.0515117645, 41.5221824646, 23.8473167419, 34.7072563171, 48.7634963989, 36.6587638855, 18.2529239655, 5.89851760864, 3.7320420742, 2.0242266655, 1.13076424599, 0.48548322916, 0.160545840859, 0.314565747976, 0.112935289741, 0.00212245248258, 6.00862267675e-06, 3.48530848626e-09], "dvar": [0.0125601338223, 1.33336484432, 9.15843677521, 27.9668426514, 220.095672607, 332.893035889, 422.345367432, 761.471862793, 3004.0769043, 2540.5637207, 850.369262695, 1295.99450684, 982.94152832, 445.133483887, 407.269683838, 197.756454468, 164.928237915, 62.4717140198, 33.7714042664, 134.262588501, 15.5058765411, 20.5006904602, 9.24569416046, 16.1524963379, 8.86396789551, 13.9690179825, 20.1668815613, 14.7948007584, 7.27068138123, 2.25062894821, 1.44049751759, 0.799566745758, 0.436646729708, 0.19657574594, 0.0674422085285, 0.12355581671, 0.0420907661319, 0.000764013442677, 2.22332801059e-06, 1.34268507423e-09], "dmean": [0.0600107647479, 0.660974085331, 1.88430702686, 4.05752944946, 10.830450058, 11.0620517731, 13.6169672012, 19.0758132935, 26.9848480225, 26.6485004425, 12.0553026199, 16.8689289093, 18.9038734436, 12.3849115372, 9.7560043335, 6.74131965637, 5.6330075264, 4.09464979172, 3.90617418289, 3.878439188, 1.88246142864, 1.85924005508, 1.57755696774, 2.24966549873, 1.73692798615, 2.08287215233, 2.1916179657, 2.24978613853, 1.65521657467, 0.830846726894, 0.678581237793, 0.546341896057, 0.350598096848, 0.253672927618, 0.145985305309, 0.129123091698, 0.0627022087574, 0.00817170832306, 0.000490751292091, 1.94162421394e-05], "max": [1.43078625202, 16.1264305115, 43.7766342163, 71.4607391357, 190.219345093, 440.292205811, 345.885498047, 912.679748535, 1376.19763184, 1256.68579102, 1245.12597656, 954.019714355, 872.857299805, 427.488861084, 609.967407227, 493.157562256, 634.047241211, 284.469299316, 116.018577576, 653.392456055, 152.218048096, 281.124237061, 169.171539307, 172.288528442, 85.908531189, 157.425567627, 230.042831421, 116.560920715, 75.3797607422, 56.4205284119, 46.2270393372, 22.3369617462, 16.8773956299, 8.58073616028, 4.36633110046, 7.04890871048, 3.2383389473, 0.383662849665, 0.0273878518492, 0.000653422262985], "var": [0.0316673479974, 3.55366492271, 22.3996143341, 53.2144050598, 283.040405273, 560.568786621, 1210.31213379, 4171.76806641, 12375.2255859, 8054.34765625, 3192.46386719, 5772.19140625, 7749.62255859, 1403.14306641, 967.63269043, 380.04473877, 300.044952393, 151.5962677, 92.3056488037, 167.930038452, 29.4757537842, 46.6045761108, 29.1878795624, 50.8665733337, 38.3215560913, 59.4283218384, 82.6572494507, 80.4874420166, 36.937587738, 9.68259716034, 5.56081295013, 3.72704315186, 1.40915417671, 0.612616479397, 0.178608551621, 0.134234160185, 0.0309765394777, 0.000508031749632, 1.72649686192e-06, 2.14184514569e-09], "mean": [0.137978032231, 1.82472872734, 4.88785362244, 7.42333650589, 15.6178503036, 19.4040489197, 29.0691432953, 52.7178573608, 68.3362426758, 56.0273094177, 27.6074848175, 41.1744308472, 48.6492805481, 25.8219127655, 19.328327179, 13.4251022339, 11.1863908768, 8.42517566681, 8.50543212891, 7.95944595337, 4.27379465103, 4.42452526093, 4.28121423721, 5.75998210907, 4.72125196457, 5.60901927948, 5.94980669022, 6.56222295761, 4.66243982315, 2.45190572739, 2.02034282684, 1.60331451893, 1.04558598995, 0.723715603352, 0.382241278887, 0.198246136308, 0.0617960430682, 0.00797157548368, 0.000545272720046, 5.85985253565e-05]}, "spectral_strongpeak": {"dmean2": 0.714018106461, "median": 0.555835962296, "min": 0, "dvar2": 0.915271699429, "dvar": 0.36273303628, "dmean": 0.415598601103, "max": 6.3734292984, "var": 0.840448617935, "mean": 0.921797215939}, "spectral_energy": {"dmean2": 0.0135503318161, "median": 0.0385156683624, "min": 1.00475827627e-20, "dvar2": 0.000217292938032, "dvar": 8.02491995273e-05, "dmean": 0.00829470250756, "max": 0.121722891927, "var": 0.000453881104477, "mean": 0.0375674441457}, "average_loudness": 0.908890247345, "spectral_rolloff": {"dmean2": 194.197998047, "median": 516.796875, "min": 107.666015625, "dvar2": 146489.46875, "dvar": 71327.3671875, "dmean": 111.522750854, "max": 19745.9472656, "var": 3451121.5, "mean": 793.976074219}, "spectral_centroid": {"dmean2": 178.009384155, "median": 646.502990723, "min": 222.520965576, "dvar2": 56710.8554688, "dvar": 24186.0410156, "dmean": 108.947280884, "max": 11646.2832031, "var": 1121495, "mean": 812.997924805}, "pitch_salience": {"dmean2": 0.102922320366, "median": 0.555548965931, "min": 0.155624672771, "dvar2": 0.00758581608534, "dvar": 0.00273769232444, "dmean": 0.0613253004849, "max": 0.995151340961, "var": 0.00928458850831, "mean": 0.55660367012}, "spectral_energyband_middle_high": {"dmean2": 0.00128183874767, "median": 0.00216632336378, "min": 1.21310913885e-21, "dvar2": 3.57142721441e-06, "dvar": 1.77090657871e-06, "dmean": 0.000894160999451, "max": 0.0302197765559, "var": 7.57321413403e-06, "mean": 0.00286722020246}, "spectral_contrast_coeffs": {"dmean2": [0.0823262780905, 0.0753845870495, 0.0598360039294, 0.0433364100754, 0.0284018460661, 0.0210672207177], "median": [-0.619621157646, -0.68015486002, -0.733137011528, -0.790139019489, -0.815745472908, -0.778021335602], "min": [-0.984026491642, -0.997543394566, -0.992439866066, -0.993497431278, -0.968198299408, -0.964953660965], "dvar2": [0.00451690796763, 0.00358351971954, 0.00226477859542, 0.00116711377632, 0.000507085758727, 0.000324587250361], "dvar": [0.00159620097838, 0.0013291958021, 0.000868843810167, 0.000434769404819, 0.000193326690351, 0.000129816457047], "dmean": [0.0487340316176, 0.0456661917269, 0.0368740260601, 0.0262250173837, 0.0171100292355, 0.0129900174215], "max": [-0.252660512924, -0.413941532373, -0.482513934374, -0.539437651634, -0.627587616444, -0.655413627625], "var": [0.0091834673658, 0.00591228762642, 0.004368994385, 0.0022130291909, 0.00129844911862, 0.0024440754205], "mean": [-0.612635314465, -0.679711222649, -0.730561435223, -0.788999915123, -0.812304019928, -0.786542534828]}, "melbands_skewness": {"dmean2": 0.800233244896, "median": 2.50913786888, "min": -0.760719716549, "dvar2": 0.55770945549, "dvar": 0.227670699358, "dmean": 0.510612368584, "max": 7.94092273712, "var": 1.20992255211, "mean": 2.58308506012}, "spectral_spread": {"dmean2": 704340.3125, "median": 5324014, "min": 739064.625, "dvar2": 885012365312, "dvar": 418368847872, "dmean": 450531.03125, "max": 43248456, "var": 14158270562300.0, "mean": 5328308.5}, "dissonance": {"dmean2": 0.0447410829365, "median": 0.444895535707, "min": 0.169018730521, "dvar2": 0.00157493678853, "dvar": 0.000578592007514, "dmean": 0.0264975186437, "max": 0.500000059605, "var": 0.00196247943677, "mean": 0.434415787458}, "spectral_skewness": {"dmean2": 0.343827992678, "median": 1.74703705311, "min": -0.0844791978598, "dvar2": 0.171443507075, "dvar": 0.0626775622368, "dmean": 0.216254770756, "max": 7.56660604477, "var": 1.32200527191, "mean": 2.1122610569}, "spectral_flux": {"dmean2": 0.0301225446165, "median": 0.0742424428463, "min": 6.36527566766e-11, "dvar2": 0.000820385757834, "dvar": 0.00033419393003, "dmean": 0.0184836219996, "max": 0.242837801576, "var": 0.00130901741795, "mean": 0.0760916471481}, "spectral_contrast_valleys": {"dmean2": [0.579210639, 0.525734484196, 0.466596245766, 0.364171206951, 0.284289389849, 0.251151710749], "median": [-6.60395431519, -6.19762182236, -7.26258897781, -7.8373003006, -7.65806722641, -9.67894649506], "min": [-28.3897686005, -28.4158935547, -27.8497867584, -27.8637275696, -27.5561351776, -27.4305725098], "dvar2": [0.23411129415, 0.175388455391, 0.152364581823, 0.0936967805028, 0.0666976422071, 0.0738766118884], "dvar": [0.0922018140554, 0.0703833624721, 0.0620749257505, 0.0423121228814, 0.0351155661047, 0.0380941517651], "dmean": [0.346424937248, 0.312435895205, 0.276835918427, 0.221897438169, 0.183041840792, 0.166903078556], "max": [-5.24143457413, -4.69645214081, -5.73988437653, -6.54116392136, -6.53297758102, -8.42952251434], "var": [5.90478801727, 5.45606851578, 4.7132101059, 4.57620620728, 5.21667146683, 4.5677781105], "mean": [-7.23961877823, -6.61713218689, -7.64302635193, -8.27645397186, -8.30705547333, -10.3288354874]}, "erbbands_flatness_db": {"dmean2": 0.0213559065014, "median": 0.145627453923, "min": 0.0420434474945, "dvar2": 0.000358087650966, "dvar": 0.000164631739608, "dmean": 0.0143165858462, "max": 0.412578940392, "var": 0.00328851724043, "mean": 0.161323085427}, "spectral_energyband_high": {"dmean2": 0.000242971116677, "median": 0.000411731743952, "min": 7.14493006067e-21, "dvar2": 1.66473640206e-07, "dvar": 6.82324525769e-08, "dmean": 0.000161526200827, "max": 0.00689216097817, "var": 4.28325847679e-07, "mean": 0.000581306696404}, "spectral_entropy": {"dmean2": 0.234145000577, "median": 7.38025856018, "min": 4.88319206238, "dvar2": 0.0421718508005, "dvar": 0.0179143305868, "dmean": 0.150099903345, "max": 9.82573032379, "var": 0.46447622776, "mean": 7.21294879913}, "silence_rate_20dB": {"dmean2": 0, "median": 1, "min": 1, "dvar2": 0, "dvar": 0, "dmean": 0, "max": 1, "var": 0, "mean": 1}, "melbands_flatness_db": {"dmean2": 0.028555970639, "median": 0.234981775284, "min": 0.00313622946851, "dvar2": 0.000630517606623, "dvar": 0.00025088438997, "dmean": 0.0178678222001, "max": 0.50700968504, "var": 0.00496032042429, "mean": 0.248446658254}, "barkbands": {"dmean2": [0.000100953475339, 0.00438105035573, 0.00319404271431, 0.00337349181063, 0.00561607768759, 0.0034504646901, 0.00310898502357, 0.001107289223, 0.00120841618627, 0.000805609393865, 0.000458618800621, 0.000311622541631, 0.000177207359229, 0.000169665014255, 0.000119424454169, 6.80574521539e-05, 5.68352188566e-05, 4.69580591016e-05, 7.19324234524e-05, 6.82100799168e-05, 8.67184280651e-05, 6.85784834786e-05, 3.61528982467e-05, 3.50664340658e-05, 3.20373001159e-05, 5.16318032169e-05, 4.13997349824e-06], "median": [8.87306850927e-06, 0.00531481858343, 0.00250468868762, 0.00172226270661, 0.00415763352066, 0.00351900537498, 0.00196500308812, 0.000555339211132, 0.000670094625093, 0.000343583815265, 0.000195504442672, 0.000160040275659, 0.000103550068161, 0.000112045934657, 9.17125944397e-05, 5.98214537604e-05, 4.94624837302e-05, 4.97644468851e-05, 7.09979940439e-05, 6.79218865116e-05, 9.32064431254e-05, 7.36820584279e-05, 4.93513725814e-05, 4.80045018776e-05, 4.44690631412e-05, 1.27388593683e-05, 5.86765452226e-07], "min": [5.64637941142e-25, 1.28593389591e-24, 6.00695195398e-25, 1.18346155457e-24, 1.22162297696e-23, 4.85344581456e-24, 8.53779109011e-24, 5.19746529431e-24, 1.93906033694e-23, 1.18941418063e-23, 2.23955623063e-23, 2.98681797596e-23, 3.01218616495e-23, 3.74320053108e-23, 4.85860567485e-23, 5.37798980158e-23, 6.5503683732e-23, 9.60289404494e-23, 1.23891059549e-22, 1.98518525495e-22, 1.94519038571e-22, 3.15846981753e-22, 4.05460873767e-22, 5.66849597098e-22, 8.54070040913e-22, 1.27510880972e-21, 1.91280144826e-21], "dvar2": [1.06068419825e-07, 5.94082084717e-05, 2.56747898675e-05, 1.83588417713e-05, 5.57939711143e-05, 2.44848397415e-05, 3.11511576001e-05, 6.00640942139e-06, 5.33436832484e-06, 2.22096787184e-06, 1.0047572232e-06, 4.04418130984e-07, 1.46184305549e-07, 7.3212881091e-08, 7.38215106821e-08, 1.279335482e-08, 2.57760159883e-08, 4.58210180909e-09, 1.6200477404e-08, 1.68079683505e-08, 2.30854677596e-08, 1.20873471232e-08, 5.18323872711e-09, 3.58445118032e-09, 3.09720382674e-09, 2.48681590875e-08, 1.63817612253e-10], "dvar": [4.08692706344e-08, 2.09621903196e-05, 9.28719600779e-06, 6.32439105175e-06, 1.98927027668e-05, 9.9201915873e-06, 1.27520597744e-05, 2.61196191786e-06, 2.39807241087e-06, 1.18166963148e-06, 4.88538375976e-07, 1.75120305812e-07, 6.08894339393e-08, 2.9470593077e-08, 2.905853691e-08, 5.08595165982e-09, 1.08185478354e-08, 1.75751346809e-09, 6.34866204052e-09, 7.49669482047e-09, 9.16072551149e-09, 4.75303219005e-09, 1.9791717154e-09, 1.41536127263e-09, 1.29348576294e-09, 9.42407929472e-09, 6.02289537688e-11], "dmean": [5.99885897827e-05, 0.00262245256454, 0.0018883512821, 0.0019217293011, 0.00330569129437, 0.00221834261902, 0.00197859480977, 0.000686117447913, 0.000783733441494, 0.000563697540201, 0.000307277106913, 0.000198134235688, 0.000110184249934, 0.000104551123513, 7.20581010683e-05, 4.07606567023e-05, 3.51594535459e-05, 2.87448565359e-05, 4.37367270933e-05, 4.26806655014e-05, 5.45629809494e-05, 4.35339497926e-05, 2.27301079576e-05, 2.20319361688e-05, 2.05001670111e-05, 3.21402112604e-05, 2.49988306678e-06], "max": [0.00449101673439, 0.0584181137383, 0.0502168647945, 0.0282492861152, 0.0752090513706, 0.0750206783414, 0.0785124674439, 0.0633667185903, 0.0511253289878, 0.0294986385852, 0.0200513806194, 0.0138093829155, 0.012930280529, 0.0045978045091, 0.00898542068899, 0.00221464689821, 0.00721759675071, 0.00121321808547, 0.00379901751876, 0.00641704909503, 0.002522098599, 0.00171004224103, 0.00236298469827, 0.000787713564932, 0.000656475720461, 0.00151818757877, 0.00016614193737], "var": [5.5218954742e-08, 5.57225903322e-05, 2.32190413954e-05, 1.00477700471e-05, 3.23713720718e-05, 4.55910376331e-05