{"tonal": {"thpcp": [1, 0.699021995068, 0.221591219306, 0.121934078634, 0.142192795873, 0.300095379353, 0.405091404915, 0.267455458641, 0.136522740126, 0.122399076819, 0.170537173748, 0.38460713625, 0.500155627728, 0.31804934144, 0.227517709136, 0.254335463047, 0.179096162319, 0.126883119345, 0.132398933172, 0.200977429748, 0.549292981625, 0.783779501915, 0.47095233202, 0.167345792055, 0.156126558781, 0.200437501073, 0.274642080069, 0.340443789959, 0.268591225147, 0.186132222414, 0.164675578475, 0.163009211421, 0.242847934365, 0.278117567301, 0.253676623106, 0.580884337425], "hpcp": {"dmean2": [0.352803766727, 0.284653693438, 0.185704916716, 0.167540624738, 0.188965275884, 0.213381618261, 0.233779504895, 0.199539929628, 0.165669903159, 0.149832487106, 0.162182852626, 0.199749216437, 0.218843117356, 0.239124804735, 0.325608164072, 0.346655249596, 0.349293589592, 0.232997700572, 0.148094415665, 0.147116199136, 0.206608951092, 0.227549567819, 0.188550263643, 0.144460350275, 0.135622099042, 0.159178227186, 0.232848674059, 0.272337436676, 0.216062098742, 0.171679884195, 0.169065326452, 0.135268285871, 0.117500729859, 0.135090380907, 0.194117352366, 0.304933518171], "median": [0.327267765999, 0.17015068233, 0.0283575113863, 0.0214896332473, 0.0252083148807, 0.0547624304891, 0.0642701461911, 0.0532347373664, 0.0361638367176, 0.0260121095926, 0.0222330018878, 0.04629092291, 0.0636578798294, 0.0538419336081, 0.263628661633, 0.498509436846, 0.300428301096, 0.0430183373392, 0.0175297316164, 0.0199269335717, 0.0567049793899, 0.0863372310996, 0.0535122193396, 0.0205768421292, 0.0180555265397, 0.0299402792007, 0.106016471982, 0.141179040074, 0.0773659646511, 0.0411672405899, 0.0302300229669, 0.0281884483993, 0.0224821884185, 0.0195675827563, 0.040860991925, 0.19529864192], "min": [0, 0, 0, 0, 0, 0, 0, 0, 0, 0, 0, 0, 0, 0, 0, 0, 0, 0, 0, 0, 0, 0, 0, 0, 0, 0, 0, 0, 0, 0, 0, 0, 0, 0, 0, 0], "dvar2": [0.122314594686, 0.102657005191, 0.0984155014157, 0.086477175355, 0.105002604425, 0.0960714221001, 0.106262914836, 0.0939028188586, 0.0874390676618, 0.0810602009296, 0.0848990306258, 0.0939658358693, 0.0946123898029, 0.104694917798, 0.109026320279, 0.124146051705, 0.114115491509, 0.100300528109, 0.0723333656788, 0.0638973861933, 0.0812405571342, 0.0857353433967, 0.0764785036445, 0.0584138147533, 0.0566939376295, 0.0617229864001, 0.0822548940778, 0.0974640548229, 0.0790036544204, 0.0643498376012, 0.0708668902516, 0.0506812222302, 0.0477719455957, 0.0577575974166, 0.0731655806303, 0.113181568682], "dvar": [0.0502734854817, 0.0389529019594, 0.035560041666, 0.0313563682139, 0.0400354117155, 0.0364726930857, 0.0420926772058, 0.0359785445035, 0.0326989814639, 0.0313023328781, 0.0304263737053, 0.0346870645881, 0.0367962494493, 0.0388304777443, 0.0398531854153, 0.0557048656046, 0.0448226705194, 0.0356370657682, 0.026237482205, 0.0240080021322, 0.0326141454279, 0.0360813848674, 0.0295871254057, 0.0212524104863, 0.0207896493375, 0.0228609386832, 0.0316395349801, 0.0409010127187, 0.0311681330204, 0.0249406676739, 0.0300086848438, 0.0194024872035, 0.0176393315196, 0.0214387271553, 0.026667252183, 0.0422150604427], "dmean": [0.210500255227, 0.167990028858, 0.102860331535, 0.0933233946562, 0.105193220079, 0.121979005635, 0.136272281408, 0.115834362805, 0.0947975292802, 0.0854868739843, 0.0910379067063, 0.114024050534, 0.125587493181, 0.134397432208, 0.190663576126, 0.205232456326, 0.205594420433, 0.130237922072, 0.0806679353118, 0.0828146785498, 0.122220247984, 0.137051045895, 0.11149867624, 0.0807718709111, 0.0759719237685, 0.0901403874159, 0.139618620276, 0.164304643869, 0.127123534679, 0.100811079144, 0.100366391242, 0.0783806666732, 0.066688939929, 0.076301664114, 0.110694617033, 0.18081125617], "max": [1, 1, 1, 1, 1, 1, 1, 1, 1, 1, 1, 1, 1, 1, 1, 1, 1, 1, 1, 1, 1, 1, 1, 1, 1, 1, 1, 1, 1, 1, 1, 1, 1, 1, 1, 1], "var": [0.113402813673, 0.0579094178975, 0.0273202732205, 0.0264643896371, 0.0450602509081, 0.044075936079, 0.0638547688723, 0.0436080098152, 0.0310939736664, 0.0332113243639, 0.02745507285, 0.0418675132096, 0.0440414473414, 0.0388293191791, 0.0625647082925, 0.146197080612, 0.0922553762794, 0.0327886529267, 0.0191594138741, 0.0211369358003, 0.0512433536351, 0.0766083076596, 0.0438185557723, 0.0189128704369, 0.0181637257338, 0.0224663671106, 0.0548072531819, 0.0845320671797, 0.0466175414622, 0.0320159606636, 0.0534332022071, 0.0253905281425, 0.016406390816, 0.0190869271755, 0.0257687978446, 0.0772063061595], "mean": [0.412116855383, 0.247630104423, 0.0879916101694, 0.0820924565196, 0.105391472578, 0.144408762455, 0.179007783532, 0.141227185726, 0.0978696495295, 0.0865875929594, 0.0857114046812, 0.127691179514, 0.14623619616, 0.133384972811, 0.305433124304, 0.525807142258, 0.367550760508, 0.116514243186, 0.0641138106585, 0.0747659876943, 0.157792299986, 0.21299995482, 0.140629991889, 0.0717846304178, 0.0643583089113, 0.0896696671844, 0.202229186893, 0.262985408306, 0.167232617736, 0.119630433619, 0.133731409907, 0.0941700413823, 0.0667160525918, 0.0696163028479, 0.105675369501, 0.288822174072]}, "tuning_equal_tempered_deviation": 0.0189302489161, "chords_changes_rate": 0.0368458107114, "key_key": "D", "tuning_diatonic_strength": 0.691083192825, "key_scale": "major", "chords_number_rate": 0.00140812015161, "tuning_frequency": 438.731048584, "tuning_nontempered_energy_ratio": 0.669501245022, "chords_histogram": [65.2194290161, 1.07955873013, 4.85801458359, 0.0938746780157, 0, 0, 0, 0.211218029261, 3.77845573425, 0.516310751438, 0.0469373390079, 0.938746750355, 0, 0, 0, 0.0938746780157, 0.704060077667, 0.586716711521, 0, 0, 0, 0, 10.6313076019, 11.2414922714], "key_strength": 0.867149829865, "chords_key": "D", "chords_strength": {"dmean2": 0.00932167377323, "median": 0.562808036804, "min": -1, "dvar2": 0.00102690130007, "dvar": 0.000535381550435, "dmean": 0.00898815598339, "max": 0.766105771065, "var": 0.0170555766672, "mean": 0.549594163895}, "chords_scale": "major", "hpcp_entropy": {"dmean2": 1.06070876122, "median": 2.03507137299, "min": 0, "dvar2": 0.737741410732, "dvar": 0.271093100309, "dmean": 0.635084986687, "max": 4.28664255142, "var": 0.629668056965, "mean": 1.96433448792}}, "metadata": {"audio_properties": {"equal_loudness": 0, "codec": "flac", "downmix": "mix", "sample_rate": 44100, "analysis_sample_rate": 44100, "bit_rate": 0, "md5_encoded": "159865ff6d2ecb87fb5f0e050f8e4c17", "length": 197.800003052, "replay_gain": -7.64951133728, "lossless": true}, "version": {"essentia_build_sha": "2d9f1f26377add8aeb1075a9c2973f962c4f09fd", "essentia": "2.1-beta2", "extractor": "music 1.0", "essentia_git_sha": "v2.1_beta2-1-ge3940c0"}, "tags": {"title": ["Don't You Write Her Off"], "language": ["English"], "media": ["12\" Vinyl"], "albumartist": ["Roger McGuinn, Gene Clark & Chris Hillman"], "tracktotal": ["10"], "musicbrainz_releasegroupid": ["539c7d8b-7d00-372d-a975-b1a1df35d881"], "musicbrainz_recordingid": ["040079c9-627e-408c-b246-1d75fb66ee56"], "album": ["McGuinn, Clark & Hillman"], "musicbrainz_albumartistid": ["6ec7336b-a56a-4b5d-bcec-575d2b8ed4e1", "2b6f3780-6fb6-42c2-95bb-5e080772e38c", "068e411c-fa59-49b6-b3cb-6cd090812dcc"], "musicbrainz_releasetrackid": ["bf36c7f8-d32a-3836-a263-011334ff6c14"], "discnumber": ["01"], "bpm": ["CD"], "catalognumber": ["SW 11910"], "releasecountry": ["US"], "file_name": "Roger McGuinn, Gene Clark & Chris Hillman - Don't You Write Her Off.flac", "acoustid_fingerprint": ["AQADtMkWKnygmcgbXBuO6shzVHsiKdB1_PgP7WhO4VuK9w9ulDoc4jX0fRN-vDyeLUbjF1eRzyibofnxfXi-IBSdHt5R-3hCNBUzVD-e6fiY49myQ_vhJ1SCm-gU5ceHSx06h4KWHH-K7wquFLnCorlRiZ7wI8-F60H1D9uxzQo0bRm-ZkLX7MGPw5m0DL9QHd-E_Dhq5TCvYOKRq4ImbkcYT0LXLAeT4mU2_DiS8UZKEpfwJllBacI9Bv4QklKOpNzReEIbhU3wHX0ESzksH3-QbsnQMTu0Hs0_8Oijwy8u6XC-Gn_xJYdzBf0hk6GKx0SYcwLzC2-O-wi_wT5aqCqFK-ia4DkHPyiTxni04OYCadXxImRZNN_w4yd-NA6PLgyP-Fah3Qjz4-rQHk0VnMgfXJIevFGMh8GXo_uh5cd1I28a_LiMRr-RRZ_xb4ReI32OK9ExekejCqGcY84NXRfxaEekN3B8dA1P3NrxRLkwK8d7NGM2or1xKSR2IkKfNVA9o89u_GCWHmeRHkcuGT7k5vBu5MRzfD_MBx1u8MkyIT8aFj2hOjyaFx2TDz96uIs4mC-uZZieRNA_dIU3zYnRVcdxEicDscqOK3iPKT9CJcnCEbNzNCcRvrgP_cijPPjRB81ZxA4-KcenSEStWmhu5ELjZEH54VPmoVaPME4-6FJxHc8ivLg9QouTZxipIyd57HnRHb-CsJk4-DdUHu96hJym4ke9Ec0ZUYh_JN6-4nKGjWNw8tg1_Am-Hc2PkCRUJ0euKSZOhSGuBx-aijn6G33wo62O_HiOP4fSitzgVF_wF9EXND-mCjdK6fBzVP_wPCzGdUdtpGkCkdGJn0PXbAqCOydOOghjKaglPMd7XEFvND3x8MiNfB-apVORTPqJ70Hfw1VQEicdEVfE48yFMFV2aBI14kmOC3tk6JEUox9hNdLRxkuhY0-KO2jooDr-46wa5EF-bBWhk1F0vNGDiOQz-FkizOvxDH_QW0PTD5EXqdCb7MgTOUVlWriT48wDMycqdcJ79BJcSfCPkkd-zKMmLdDkvEiTCmdonPCP30effHhXosmHLtsiI3d2omeORmFmxH_wB70Uo6dx4k2PJ_PQHaYQXsEnQTusJrpwvvBPXMsOcR5-nMGZQhZnHDlD-DuqpsfDBExuhN9RTU2h5SzO5TgaRc4O7VHwC30imC_04kd4En2OtzjOC3w4wjx-tEssCVUZNFcQfmjcYM-hH430dOgVdDk8RvgmBc6h97jQjEsgM4mF9ogWaYdRiTkekYKfI6dw8oEWjgivoeICSr2Q6wxciOERnx0o6-j2EKG2Y6uyHJqO67iO-4Ku4y_-GGHGBqEsfbihB-Ex7Rlxhjl-NHxxxkf6wOI2QptzXPTR7IT27HiL2mMg4pVyvBPc5fh2dNOJPoe3Q0evnOgHq9kRSlZK_Cia7wgvRkKTXXikDM_RlEcPZmGEE2aWHblm4Tp-9Dx-offgsRW4H7mMX5Ajg3qOPDr65MN99MfFE3-K0MqDVpFyNIeqJsiSU-iYLMZJo33wYMvH45FSCaG34w7RfYXOo9oy4sR3XBm0xFI2dOEQfQ-a3wifHD_8XDg56HhW3MONPEO16QG_43izIB0l7HATHnIYJfiD5jtyrS-u6HhS9FITNGRkvMV_jA7xxcGPRMmPUNxi_LDK4DnxxkKfo3lK5D00NO_w7micY5KTB_qPoL9xZUe6NSX6OGgqBtV36F9wKoOVRBneMEOuHDt6bGN29LhOvDnyJEkj9EeTffiDo_le9CJyCzfC63As1IqCy4Oe7XgWPcizCX2O5iTiH-djfE9wLSSaoxdH4plxaY3w5JgoQcuPNyxyOrgkGd7E48nxH_EdooeiVN7wMkeusNHwD_1HwUuOOi6eIx53TG_RFGeO_kXDH-_xUYWmeMevI9-C4xruHCdhKimHiaIz_Ce6bxfCDM8OHV-uoHl4dLvwB7oDM8oSIz-L67gp9IGjHvV6PEcOncmmBKU0GloWTTmOi0Uf1mgq5PaR98G1Q-skw2OkEL10HM_xHTcjwc9y6Ds-J2Hwzmh-hGeOnHPwZQ70TckRG81zTHt0_Fzw5UPIz9DCcDiRa0GuB9U3Ha6oreilQ9exZ47wToInHRdF4y7aOIcjHsX1HNWiKCyaXJgLLWJjokfM6Wge5egJ3A_eaeiTFWGiFz9-2QjjKehz9HtwjccPp-HhD0f4eMI3XtDiZkR54kVlBlokDveO_kJetDeeoOeIND9O4YfH7NAzw3GGM2LgfXiSC5ZGlDqOmkqh5dnxBf16pFwW-MGNBj9yJkOTZ5PQBz806Qn8DFZ53PARqfqEktnhL0V_nOhz5An6C6qW8MGHkKfgZ8drPMP1o1MUXoj8J7iDi0WzyGDkBXmk5PjRnA9q4W0jhNQh3zpCOx9-9PoESnmyobyFHI2khDhtjIefZcJnwGOWOLhJwnsgNzPSlzhxYxNPVF8jPEczlgOPXGQ8fNCFS81hLg-OKxscHzqesPAPfoQvfEqc4aWh77Chv0Mc5_CGE66DkideGRfDIu-h8hTyWpiSB11KfC_yC3_Q5Mf3HY5Do9bxE32PV-JxV4fOY9u0Exd--KHQdM-h9ziPPmikF6eKvEUTB__xT_iCkHugZwj9Gh93fDnK5TQuxGkeJBHPwT86xRHeCFcE8-LwNkjnIWmmHs0WVFx0fGOINxKa8Mc06viDXy7yJTh1Q4s4AIQIOIAA4JRBRjiEgBHQAUKYEs4owpBARAkghBICSCKMEcoAQRQRRRpCDDJMAcIIEAQQR5mzgClFkIAACErIAwAIoBhRyhBBnECEECCQYMAgQRA1TAgEjFFgCSQAEcowCwwgQCBigCKAECCUQcwo4QCCzBABCDEIIEIoAAA5ZQBgxGAGADFCCIYIVQ4AJRQzBAkAhAQCAWCFEggAIiQgjgOkAAECKYMIYUIBQQgyQiBCACEMESUIANQZgZwBGAAhBCDCKoQcFAYAowwTRiDEEJAGGAAoQACIA4AAAgBDBACICEK4Q0p4BgBSRCAjiDDOMSAERVwjwAwAiDEAhABAGOIUIEYhI4BiykrDCDCEIUGIAIRBAgQigkghKACKGsIEIQAIwgxRQAABhCICAUOEUEg4TIgQBohiCGCMEGOQAoAACQykxBgkAGBEEAAMUYoZgxASBCFEhEAAAUIAQ4II4ZBQgggAmAFMCKK4AcIhJgRzQimhuEAIUaQEUgo4BYgQRAGABEMCAKMAQgQIIBQAEChEEBKCGAAoAYQxBpAihpAhACNCAIEIEoIJwxwADisGFBIACCCIEQQAYRAQQDBAgCHcKoIEA8hIQAQTAEgNEBBMCCgUAoQYAJAQDCnkjFBIEAcAMQYQw4AgAhAmGAAEAoUIAAIaRpIggBAgDONEAEAAAEIohKwwShgAPBIAIUGQMogRogwQSgCClEDCAAQIMcAgAQgyRgBgiDAMGMEoEEAqIZRAgAEluAGCCCEIsMAJAQAgQBAigRJIGICEYUIR54AgAlDKDDCCIQAIQQYIIQUB0AhgCFDKAQCAAAABASAQgAEBDAAECMkMMMABZ5hghCCKADBQMKgIMhQIDYQgFhgAGEAEACeUQEIYgSEAgBhAlBCIAmAAEkIJ5AABBCKnEDACOYGEIAIgwIBjEAiEFBAKKA"], "date": ["1979"], "genre": ["Top 40"], "disctotal": ["01"], "musicbrainz_artistid": ["6ec7336b-a56a-4b5d-bcec-575d2b8ed4e1", "2b6f3780-6fb6-42c2-95bb-5e080772e38c", "068e411c-fa59-49b6-b3cb-6cd090812dcc"], "musicbrainz_albumid": ["a132d4c2-caf8-4567-8f85-e4bf6bc453eb"], "copyright": ["dBpoweramp Release 14.2"], "artist": ["Roger McGuinn, Gene Clark & Chris Hillman"], "artistsort": ["McGuinn, Roger; Clark, Gene; Hillman, Chris"], "tracknumber": ["03"], "label": ["Capitol Records"], "albumartistsort": ["McGuinn, Roger; Clark, Gene; Hillman, Chris"], "acoustid_id": ["c60b6787-d2ab-4820-b624-cab75cee584d"], "script": ["Latin"]}}, "rhythm": {"bpm_histogram_first_peak_bpm": {"dmean2": 0, "median": 96, "min": 96, "dvar2": 0, "dvar": 0, "dmean": 0, "max": 96, "var": 0, "mean": 96}, "bpm": 95.991104126, "bpm_histogram_second_peak_spread": {"dmean2": 0, "median": 0, "min": 0, "dvar2": 0, "dvar": 0, "dmean": 0, "max": 0, "var": 0, "mean": 0}, "bpm_histogram_first_peak_weight": {"dmean2": 0, "median": 0.5, "min": 0.5, "dvar2": 0, "dvar": 0, "dmean": 0, "max": 0.5, "var": 0, "mean": 0.5}, "onset_rate": 4.01875591278, "beats_position": [0.592108845711, 1.20743763447, 1.83437633514, 2.46131515503, 3.08825397491, 3.7151927948, 4.33052158356, 4.94585037231, 5.5727891922, 6.19972801208, 6.81505680084, 7.44199514389, 8.08054447174, 8.70748329163, 9.32281208038, 9.93814086914, 10.5534696579, 11.1920175552, 11.8189563751, 12.4342851639, 13.0496139526, 13.6765527725, 14.3034915924, 14.9188203812, 15.5341491699, 16.1610889435, 16.7880268097, 17.4149665833, 18.0419044495, 18.6688423157, 19.2841720581, 19.8994998932, 20.5264396667, 21.153377533, 21.7919273376, 22.4188652039, 23.0574150085, 23.6843528748, 24.2996826172, 24.9150104523, 25.5419502258, 26.1456680298, 26.7726078033, 27.3995456696, 28.0264854431, 28.6534233093, 29.3035831451, 29.9537410736, 30.5806789398, 31.2076187134, 31.8461666107, 32.4847145081, 33.1232643127, 33.7618141174, 34.3887519836, 35.0156898499, 35.6310195923, 36.2463493347, 36.8616790771, 37.4770050049, 38.1039466858, 38.730884552, 39.3578224182, 39.9847602844, 40.6349182129, 41.2618598938, 41.88879776, 42.5157356262, 43.1426734924, 43.7696151733, 44.4081611633, 45.0351028442, 45.6620407104, 46.2773704529, 46.8926963806, 47.508026123, 48.1349639893, 48.7619056702, 49.3888435364, 50.0157814026, 50.631111145, 51.2464370728, 51.8501586914, 52.4770965576, 53.0924263, 53.7077522278, 54.3346939087, 54.9500198364, 55.5653495789, 56.1922874451, 56.8076171875, 57.4113349915, 58.0266647339, 58.6536026001, 59.2689323425, 59.884262085, 60.5111999512, 61.1381378174, 61.7650794983, 62.3920173645, 63.0073471069, 63.6226730347, 64.2496109009, 64.8765487671, 65.5034942627, 66.1304321289, 66.7457580566, 67.3610839844, 67.98802948, 68.6149673462, 69.2419052124, 69.8688430786, 70.4957809448, 71.1343307495, 71.7612686157, 72.3765945435, 73.0035324097, 73.6188659668, 74.2341918945, 74.8611297607, 75.4996795654, 76.1382293701, 76.7883911133, 77.4385452271, 78.0654830933, 78.6924285889, 79.3309707642, 79.9695205688, 80.5964584351, 81.2233963013, 81.8503417969, 82.4772796631, 83.1042175293, 83.7311553955, 84.3348770142, 84.9618148804, 85.5887527466, 86.2389068604, 86.865852356, 87.4927902222, 88.1197280884, 88.7466659546, 89.3852157593, 90.023765564, 90.6507034302, 91.2776412964, 91.9045791626, 92.5315170288, 93.158454895, 93.7853927612, 94.4007263184, 95.0160522461, 95.6313781738, 96.2583236694, 96.8736495972, 97.5005874634, 98.1275253296, 98.7544631958, 99.3697967529, 99.9851226807, 100.588844299, 101.215782166, 101.831108093, 102.44644165, 103.061767578, 103.677093506, 104.280815125, 104.884536743, 105.499862671, 106.115188599, 106.742126465, 107.36907196, 107.984397888, 108.611335754, 109.238273621, 109.853607178, 110.480545044, 111.10748291, 111.722808838, 112.338134766, 112.965080261, 113.592018127, 114.218955994, 114.834281921, 115.449615479, 116.076553345, 116.703491211, 117.330429077, 117.957366943, 118.58430481, 119.199638367, 119.814964294, 120.441902161, 121.068840027, 121.684173584, 122.299499512, 122.926437378, 123.553375244, 124.168708801, 124.784034729, 125.410972595, 126.037910461, 126.676460266, 127.315010071, 127.941947937, 128.557281494, 129.18421936, 129.822769165, 130.449707031, 131.065032959, 131.703582764, 132.342132568, 132.969070435, 133.596008301, 134.222946167, 134.838272095, 135.465209961, 136.103759766, 136.74230957, 137.369247437, 138.007797241, 138.646347046, 139.273284912, 139.900222778, 140.538772583, 141.177322388, 141.804260254, 142.442810059, 143.058135986, 143.685073853, 144.312011719, 144.915740967, 145.542678833, 146.169616699, 146.796554565, 147.411880493, 148.038818359, 148.654144287, 149.269470215, 149.884811401, 150.511749268, 151.138687134, 151.754013062, 152.369338989, 152.984664917, 153.599990845, 154.203720093, 154.830657959, 155.457595825, 156.084533691, 156.711471558, 157.361633301, 157.988571167, 158.615509033, 159.242446899, 159.869384766, 160.496322632, 161.123260498, 161.761810303, 162.400360107, 163.038909912, 163.665847778, 164.292785645, 164.908111572, 165.535049438, 166.173599243, 166.812149048, 167.462310791, 168.100860596, 168.7394104, 169.366348267, 169.993286133, 170.620223999, 171.235549927, 171.874099731, 172.524261475, 173.162811279, 173.801361084, 174.439910889, 175.078460693, 175.70539856, 176.332336426, 176.959274292, 177.586212158, 178.213150024, 178.840087891, 179.467025757, 180.093963623, 180.720901489, 181.347839355, 181.963165283, 182.57850647, 183.205444336, 183.832382202, 184.459320068, 185.063034058, 185.689971924, 186.31690979, 186.932235718, 187.547576904, 188.151290894, 188.731781006, 189.300674438, 189.869567871, 190.310745239, 190.751922607, 191.193099976, 191.634277344, 192.08706665, 192.539855957, 192.992645264, 193.480270386, 193.967880249, 194.455505371, 194.97795105, 195.500411987, 196.022857666, 196.545303345, 197.067749023], "beats_loudness": {"dmean2": 0.0241350401193, "median": 0.0286361910403, "min": 0, "dvar2": 0.000750540290028, "dvar": 0.000243197850068, "dmean": 0.0135113215074, "max": 0.105979703367, "var": 0.00039052934153, "mean": 0.0324440598488}, "danceability": 1.09727549553, "bpm_histogram_second_peak_weight": {"dmean2": 0, "median": 0.0157232712954, "min": 0.0157232712954, "dvar2": 0, "dvar": 0, "dmean": 0, "max": 0.0157232712954, "var": 0, "mean": 0.0157232712954}, "beats_count": 319, "bpm_histogram_second_peak_bpm": {"dmean2": 0, "median": 115, "min": 115, "dvar2": 0, "dvar": 0, "dmean": 0, "max": 115, "var": 0, "mean": 115}, "bpm_histogram_first_peak_spread": {"dmean2": 0, "median": 0.469999998808, "min": 0.469999998808, "dvar2": 0, "dvar": 0, "dmean": 0, "max": 0.469999998808, "var": 0, "mean": 0.469999998808}, "beats_loudness_band_ratio": {"dmean2": [0.292562842369, 0.0933400541544, 0.134181827307, 0.151542559266, 0.104568965733, 0.0659887716174], "median": [0.577091813087, 0.0739030689001, 0.0755651295185, 0.0709167867899, 0.0747369751334, 0.0342710465193], "min": [0, 0, 0, 0, 0, 0], "dvar2": [0.0405613407493, 0.00901288632303, 0.016710774973, 0.0228983517736, 0.0072038685903, 0.00461227400228], "dvar": [0.0143254538998, 0.0031828628853, 0.00719074206427, 0.00840712431818, 0.00265130260959, 0.0015818735119], "dmean": [0.166964113712, 0.0545476339757, 0.0783598348498, 0.0840950161219, 0.0588871352375, 0.035364292562], "max": [0.997964501381, 0.583401024342, 0.97768497467, 0.587112188339, 0.419288784266, 0.33992099762], "var": [0.0544269122183, 0.00383651489392, 0.0164777524769, 0.0144447842613, 0.00448463391513, 0.00257066590711], "mean": [0.55872040987, 0.0874890983105, 0.122105121613, 0.113149791956, 0.0863461643457, 0.0456098280847]}}, "lowlevel": {"barkbands_spread": {"dmean2": 8.9711227417, "median": 23.4417572021, "min": 0.204680681229, "dvar2": 104.122550964, "dvar": 45.0191345215, "dmean": 5.83577537537, "max": 96.2730178833, "var": 148.72303772, "mean": 24.654510498}, "melbands_spread": {"dmean2": 13.8643064499, "median": 30.4805030823, "min": 0.295196831226, "dvar2": 262.24822998, "dvar": 125.506599426, "dmean": 9.07961177826, "max": 229.132110596, "var": 507.077514648, "mean": 32.8708724976}, "hfc": {"dmean2": 7.98617172241, "median": 8.80461883545, "min": 1.05927147822e-16, "dvar2": 144.336776733, "dvar": 64.9475326538, "dmean": 5.49563789368, "max": 159.466491699, "var": 374.82131958, "mean": 17.1143074036}, "barkbands_kurtosis": {"dmean2": 4.49924182892, "median": -0.0681860819459, "min": -1.91879618168, "dvar2": 767.984863281, "dvar": 282.736114502, "dmean": 2.77195429802, "max": 1061.87060547, "var": 256.171661377, "mean": 2.6687245369}, "gfcc": {"mean": [-52.3723373413, 93.1249084473, -133.610031128, 33.9339408875, -53.3280563354, 14.3690662384, -34.9195175171, 2.05326032639, -20.7434597015, -0.941768825054, -15.1878118515, -5.53805541992, -11.3308439255], "icov": [[0.000150938038132, -0.000221799607971, 0.000416205875808, -0.000280657404801, 0.000299361912766, -0.000535193830729, 0.000375734816771, -0.000214129395317, 0.000363458762877, -0.000583565211855, 0.000763671065215, -0.00061356642982, 0.000673209375236], [-0.000221799607971, 0.00181330402847, -0.000225445561227, 0.000575336627662, -0.0014356803149, 0.00129199586809, -0.00104600796476, 0.000757256580982, -0.000995533075184, 0.00203719292767, -0.00243211956695, 0.00219468260184, -0.00177629175596], [0.000416205875808, -0.000225445561227, 0.00247052963823, -0.00117424759082, -7.82303759479e-05, -0.000599952240009, 0.000177586451173, -0.000424677273259, 0.000885091722012, -0.00174476706889, 0.00275869551115, -0.00235674786381, 0.00227569392882], [-0.000280657404801, 0.000575336627662, -0.00117424759082, 0.00369816902094, -0.00129291217308, -0.000400755292503, 0.00138433522079, -1.33846251629e-05, -0.000121198238048, 0.00214710365981, -0.00203031650744, 0.00139232969377, -0.00182483892422], [0.000299361912766, -0.0014356803149, -7.82303759479e-05, -0.00129291217308, 0.00590096972883, -0.00179125613067, -0.000729814171791, 0.000810411467683, 8.06889966043e-06, -0.00250044767745, 0.00231825746596, -0.00294620380737, 0.00100558507256], [-0.000535193830729, 0.00129199586809, -0.000599952240009, -0.000400755292503, -0.00179125613067, 0.0105005195364, -0.00494278641418, -0.000324791413732, 0.00141666200943, 0.000577530590817, -0.00315116043203, 0.00366010610014, -0.00252789189108], [0.000375734816771, -0.00104600796476, 0.000177586451173, 0.00138433522079, -0.000729814171791, -0.00494278641418, 0.0108315488324, -0.00389091135003, 0.000555484322831, 0.00041450795834, -0.000207920791581, -0.00198242045008, 0.00336122233421], [-0.000214129395317, 0.000757256580982, -0.000424677273259, -1.33846251629e-05, 0.000810411467683, -0.000324791413732, -0.00389091135003, 0.015001213178, -0.00573363061994, -0.000957946816925, 0.00221239659004, -0.00112584501039, -0.00180936255492], [0.000363458762877, -0.000995533075184, 0.000885091722012, -0.000121198238048, 8.06889966043e-06, 0.00141666200943, 0.000555484322831, -0.00573363061994, 0.0150565784425, -0.0060227396898, -0.000186580844456, 0.00401241146028, -0.00127361121122], [-0.000583565211855, 0.00203719292767, -0.00174476706889, 0.00214710365981, -0.00250044767745, 0.000577530590817, 0.00041450795834, -0.000957946816925, -0.0060227396898, 0.0210444200784, -0.00784479081631, 0.00127051421441, 0.000429310923209], [0.000763671065215, -0.00243211956695, 0.00275869551115, -0.00203031650744, 0.00231825746596, -0.00315116043203, -0.000207920791581, 0.00221239659004, -0.000186580844456, -0.00784479081631, 0.0220095869154, -0.00724574597552, 0.0021756736096], [-0.00061356642982, 0.00219468260184, -0.00235674786381, 0.00139232969377, -0.00294620380737, 0.00366010610014, -0.00198242045008, -0.00112584501039, 0.00401241146028, 0.00127051421441, -0.00724574597552, 0.0210404265672, -0.00927010830492], [0.000673209375236, -0.00177629175596, 0.00227569392882, -0.00182483892422, 0.00100558507256, -0.00252789189108, 0.00336122233421, -0.00180936255492, -0.00127361121122, 0.000429310923209, 0.0021756736096, -0.00927010830492, 0.0206695199013]], "cov": [[25861.4863281, 397.767791748, -3367.51879883, 577.200561523, -919.450744629, 645.584777832, -573.997131348, 11.5733947754, -410.1746521, 47.3183517456, -187.176498413, -79.0188293457, -210.361541748], [397.767791748, 1084.29846191, -263.917755127, -85.57396698, 138.64793396, -30.7866020203, 62.6134147644, -35.1765670776, 68.2253036499, -41.4531211853, 77.9252624512, -58.9742584229, 48.3700408936], [-3367.51879883, -263.917755127, 1147.47814941, 120.094772339, 206.643920898, -39.3393821716, 75.4440383911, 10.9430112839, -12.262096405, 16.8175354004, -41.3714790344, 71.9068374634, -19.4090232849], [577.200561523, -85.57396698, 120.094772339, 419.847351074, 51.3604507446, 42.4309234619, -65.6467056274, -15.4159860611, -41.9301261902, -19.1064815521, -7.00971126556, 18.1976909637, 16.4199542999], [-919.450744629, 138.64793396, 206.643920898, 51.3604507446, 291.801208496, 24.7158145905, 64.3930587769, -6.05452442169, 10.6551809311, 10.9879922867, 12.0116281509, 28.036813736, 13.2081565857], [645.584777832, -30.7866020203, -39.3393821716, 42.4309234619, 24.7158145905, 165.598617554, 55.8059234619, 15.8914318085, -24.0220775604, 6.71019697189, 5.48222017288, -1.47272574902, -7.08590841293], [-573.997131348, 62.6134147644, 75.4440383911, -65.6467056274, 64.3930587769, 55.8059234619, 171.347091675, 36.0893249512, 15.4468488693, 5.2966299057, 14.9886493683, 4.50872612, -9.75229454041], [11.5733947754, -35.1765670776, 10.9430112839, -15.4159860611, -6.05452442169, 15.8914318085, 36.0893249512, 95.2246932983, 36.2005386353, 16.3107357025, -6.89144992828, 1.83462607861, 2.17933821678], [-410.1746521, 68.2253036499, -12.262096405, -41.9301261902, 10.6551809311, -24.0220775604, 15.4468488693, 36.2005386353, 115.036529541, 27.8065013885, 13.5936565399, -23.8169136047, 8.46965312958], [47.3183517456, -41.4531211853, 16.8175354004, -19.1064815521, 10.9879922867, 6.71019697189, 5.2966299057, 16.3107357025, 27.8065013885, 71.7265396118, 15.6455535889, 2.85398650169, -7.93268537521], [-187.176498413, 77.9252624512, -41.3714790344, -7.00971126556, 12.0116281509, 5.48222017288, 14.9886493683, -6.89144992828, 13.5936565399, 15.6455535889, 73.5649108887, 10.8360137939, 11.4036827087], [-79.0188293457, -58.9742584229, 71.9068374634, 18.1976909637, 28.036813736, -1.47272574902, 4.50872612, 1.83462607861, -23.8169136047, 2.85398650169, 10.8360137939, 81.0617294312, 22.7666473389], [-210.361541748, 48.3700408936, -19.4090232849, 16.4199542999, 13.2081565857, -7.08590841293, -9.75229454041, 2.17933821678, 8.46965312958, -7.93268537521, 11.4036827087, 22.7666473389, 72.9397277832]]}, "spectral_energyband_middle_low": {"dmean2": 0.00612455187365, "median": 0.00319386553019, "min": 1.29820945906e-22, "dvar2": 0.000182898598723, "dvar": 6.65923944325e-05, "dmean": 0.00373309571296, "max": 0.0986202582717, "var": 8.29786076793e-05, "mean": 0.00659316871315}, "melbands_crest": {"dmean2": 4.92019033432, "median": 10.248884201, "min": 1.09097492695, "dvar2": 21.0062160492, "dvar": 8.141289711, "dmean": 3.01123785973, "max": 32.6682014465, "var": 24.5004196167, "mean": 11.2875738144}, "spectral_kurtosis": {"dmean2": 2.54678750038, "median": 3.85798025131, "min": -1.25890541077, "dvar2": 10.7322664261, "dvar": 3.86768817902, "dmean": 1.52539968491, "max": 58.6386604309, "var": 16.0030536652, "mean": 4.57345628738}, "spectral_rms": {"dmean2": 0.00116034445819, "median": 0.00292940693907, "min": 3.10485664956e-12, "dvar2": 4.05097262046e-06, "dvar": 1.67515463545e-06, "dmean": 0.000778013374656, "max": 0.0133187398314, "var": 5.05265006723e-06, "mean": 0.00348154269159}, "zerocrossingrate": {"dmean2": 0.0122699728236, "median": 0.06298828125, "min": 0.00390625, "dvar2": 0.000225884956308, "dvar": 0.000170328421518, "dmean": 0.0102626755834, "max": 0.53173828125, "var": 0.0030029960908, "mean": 0.0704812780023}, "silence_rate_60dB": {"dmean2": 0.0887532308698, "median": 0, "min": 0, "dvar2": 0.0933178812265, "dvar": 0.0424087382853, "dmean": 0.0443714037538, "max": 1, "var": 0.166420355439, "mean": 0.210915490985}, "erbbands_kurtosis": {"dmean2": 1.59659862518, "median": 0.0584573112428, "min": -1.70993828773, "dvar2": 9.41562175751, "dvar": 5.75449609756, "dmean": 1.05760002136, "max": 138.441894531, "var": 35.5891304016, "mean": 0.984237909317}, "erbbands": {"dmean2": [0.0467034652829, 0.74008834362, 4.88391590118, 8.00527191162, 7.52414369583, 4.82787084579, 4.73041582108, 6.24861955643, 8.07556724548, 10.1720867157, 30.9826908112, 30.3889007568, 19.8411464691, 41.6476974487, 27.6433029175, 34.0717353821, 34.7693328857, 48.5868797302, 49.4414749146, 34.2969055176, 23.1461544037, 16.0353393555, 13.1274414063, 7.34664869308, 10.3080234528, 7.46552228928, 5.63958358765, 3.34753346443, 3.1619822979, 2.84707951546, 2.16192340851, 1.55697369576, 0.743184268475, 0.249604016542, 0.112485781312, 0.0766554102302, 0.0172028820962, 0.0025534320157, 0.000335350399837, 2.91407559416e-05], "median": [0.0091292867437, 0.196637302637, 0.488421112299, 1.0226047039, 1.61726689339, 2.32385778427, 2.47803497314, 2.65338897705, 3.27618455887, 3.02097201347, 6.64017486572, 4.76506710052, 4.58255290985, 7.03840446472, 6.46542549133, 12.6686811447, 9.24579620361, 11.1249332428, 16.4203796387, 10.6769886017, 11.5399112701, 10.1421661377, 7.73437023163, 5.37477684021, 5.90036010742, 4.39214134216, 3.48578739166, 1.98072874546, 1.55341243744, 0.994447469711, 0.689469575882, 0.428945183754, 0.235003083944, 0.0943966805935, 0.0344413891435, 0.0108731649816, 0.00239273859188, 0.000337450939696, 4.06132094213e-05, 1.63092117873e-05], "min": [6.86066333928e-23, 1.89266247306e-22, 1.38732365502e-21, 6.41558778936e-21, 1.50586453369e-20, 2.76924527135e-20, 4.3472574028e-20, 7.66476541584e-20, 1.16314144006e-19, 1.37692316745e-19, 1.93802963299e-19, 2.77420247428e-19, 5.83215891795e-19, 6.85831317396e-19, 9.62743314036e-19, 8.99287807706e-19, 1.68648974728e-18, 1.79805283726e-18, 2.48442083978e-18, 3.3312120435e-18, 2.58692382052e-18, 4.31166446727e-18, 4.77979947673e-18, 5.06503120427e-18, 7.2218111801e-18, 8.96443919401e-18, 9.42288915926e-18, 1.02410551575e-17, 1.19620358548e-17, 1.05562829356e-17, 1.33353963812e-17, 1.22289901995e-17, 1.04463092732e-17, 8.50135205424e-18, 6.18064514693e-18, 4.33585329633e-18, 2.24583775609e-18, 9.92141002814e-19, 2.5425223679e-19, 2.27919148784e-20], "dvar2": [0.0141950668767, 3.65893006325, 229.583557129, 678.835693359, 518.034851074, 100.41708374, 76.4719238281, 170.146133423, 389.944641113, 714.501586914, 8656.34667969, 7525.46777344, 3116.12963867, 18987.2304688, 5135.46630859, 4165.23291016, 6828.69433594, 16490.9511719, 10802.7539063, 7016.59667969, 2565.64111328, 736.730834961, 591.407409668, 185.549728394, 392.381652832, 175.937530518, 113.261390686, 68.420425415, 71.3536071777, 95.7091598511, 122.66431427, 49.886264801, 9.1563205719, 0.930873811245, 0.119091458619, 0.0500808954239, 0.00200869562104, 3.30136681441e-05, 6.0102217958e-07, 3.4263165638e-09], "dvar": [0.00666029844433, 1.46567392349, 80.6052932739, 238.816848755, 179.844223022, 35.9946632385, 30.8486366272, 72.4952850342, 154.843780518, 316.939788818, 3781.57373047, 3501.7668457, 1246.02990723, 7805.70751953, 2036.38647461, 1822.59851074, 2917.97680664, 6180.59863281, 4347.74804688, 2695.38208008, 1037.02478027, 306.713256836, 241.915283203, 72.5589141846, 159.469894409, 79.4895858765, 50.9293136597, 34.8199386597, 34.7202110291, 45.9844741821, 56.9313392639, 27.7923812866, 5.36913442612, 0.526772379875, 0.0597562231123, 0.0207593180239, 0.000852614699397, 1.45310523294e-05, 2.56111832186e-07, 1.39227940288e-09], "dmean": [0.0296084564179, 0.448933601379, 2.63718652725, 4.39163064957, 4.17317008972, 2.85733032227, 3.03188371658, 4.0010972023, 5.04767656326, 6.79903745651, 20.7912139893, 20.1458625793, 12.808142662, 26.6844863892, 17.4060344696, 22.6606311798, 21.9049625397, 30.6216964722, 31.192522049, 21.3603076935, 14.7255964279, 10.1303853989, 8.41561222076, 4.67722320557, 6.46682405472, 5.02533721924, 3.77263021469, 2.33688497543, 2.19218468666, 1.9732708931, 1.54234325886, 1.10982716084, 0.544539511204, 0.178339168429, 0.0784869939089, 0.0478554368019, 0.0108103035018, 0.00163458660245, 0.000210188547499, 1.86023571587e-05], "max": [1.0541267395, 11.371380806, 78.0904693604, 165.950485229, 166.024032593, 119.306655884, 81.3965454102, 182.884078979, 254.111572266, 702.228515625, 1237.97058105, 1253.70922852, 769.601196289, 2156.72509766, 862.323730469, 892.92578125, 1368.24475098, 3075.45727539, 1483.55908203, 1100.74414063, 719.751098633, 332.088989258, 296.45211792, 266.484985352, 398.633605957, 178.930358887, 152.58543396, 132.628952026, 144.163024902, 236.594833374, 431.175567627, 242.77911377, 89.3215103149, 25.180480957, 7.5680103302, 4.76203107834, 0.873904645443, 0.0826548859477, 0.00782638508826, 0.000385885417927], "var": [0.00704117165878, 1.26777410507, 47.5466766357, 143.159454346, 110.507926941, 33.4951934814, 58.3364868164, 140.788360596, 237.263717651, 729.293640137, 7087.24267578, 6952.63330078, 2771.68164063, 14255.640625, 4642.58886719, 4833.22167969, 6113.59375, 10750.3798828, 8662.89941406, 4601.12744141, 1953.64819336, 747.283996582, 523.974914551, 169.405090332, 329.238830566, 200.84286499, 123.682792664, 77.4362411499, 66.5155944824, 75.7110671997, 108.616294861, 62.9123306274, 12.8736867905, 1.14452147484, 0.119177423418, 0.0286249686033, 0.00129542581271, 2.07121374842e-05, 2.91224210969e-07, 1.73950465143e-09], "mean": [0.0332704372704, 0.494267553091, 2.0191681385, 3.60630869865, 4.04029607773, 3.97159123421, 5.33237314224, 6.73101711273, 8.23534679413, 12.3535261154, 33.5937042236, 31.1529273987, 22.841878891, 41.2026329041, 30.1473331451, 41.4872131348, 37.1971244812, 49.6163597107, 50.0405883789, 34.7788200378, 25.8343887329, 20.1397705078, 16.5143909454, 9.96394443512, 12.291425705, 10.0088100433, 7.41767930984, 4.45053052902, 3.96887969971, 3.0824739933, 2.56927847862, 1.80883061886, 0.843988656998, 0.280459523201, 0.113390207291, 0.0513737350702, 0.0118336370215, 0.00180225889198, 0.00021710866713, 3.1348245102e-05]}, "spectral_strongpeak": {"dmean2": 1.11157310009, "median": 0.301858782768, "min": 0, "dvar2": 2.58898472786, "dvar": 1.03876662254, "dmean": 0.660093188286, "max": 12.8411884308, "var": 2.15374207497, "mean": 1.06881594658}, "spectral_energy": {"dmean2": 0.0136139104143, "median": 0.00879596080631, "min": 9.88113851383e-21, "dvar2": 0.000932056223974, "dvar": 0.000350979680661, "dmean": 0.00843756459653, "max": 0.181823551655, "var": 0.000482746749185, "mean": 0.017603168264}, "average_loudness": 0.412403583527, "spectral_rolloff": {"dmean2": 814.418701172, "median": 1744.18945313, "min": 86.1328125, "dvar2": 1291941.25, "dvar": 621327.3125, "dmean": 505.096954346, "max": 19659.8144531, "var": 4642718.5, "mean": 1988.92675781}, "spectral_centroid": {"dmean2": 435.261993408, "median": 1572.59594727, "min": 129.43409729, "dvar2": 237845.46875, "dvar": 107587.054688, "dmean": 283.572692871, "max": 11889.5478516, "var": 1287486.125, "mean": 1673.07189941}, "pitch_salience": {"dmean2": 0.108144208789, "median": 0.574429631233, "min": 0.0701783299446, "dvar2": 0.00945842731744, "dvar": 0.00366075686179, "dmean": 0.0668640509248, "max": 0.995168805122, "var": 0.0096331499517, "mean": 0.566688001156}, "spectral_energyband_middle_high": {"dmean2": 0.00343731720932, "median": 0.00286960089579, "min": 1.22298340546e-21, "dvar2": 3.649084465e-05, "dvar": 1.51647382154e-05, "dmean": 0.00227042636834, "max": 0.0850213840604, "var": 8.51250224514e-05, "mean": 0.00669143348932}, "spectral_contrast_coeffs": {"dmean2": [0.0842375308275, 0.0678749084473, 0.0579158775508, 0.0518901273608, 0.0359488800168, 0.027620697394], "median": [-0.676392138004, -0.74806702137, -0.759632587433, -0.75658595562, -0.776290774345, -0.750768184662], "min": [-0.982632756233, -0.98784327507, -0.989773273468, -0.982389867306, -0.982582807541, -0.965163052082], "dvar2": [0.00563499610871, 0.00307943113148, 0.0022306535393, 0.00167024775874, 0.000870974559803, 0.000570763309952], "dvar": [0.00209283386357, 0.00121971778572, 0.000956032017712, 0.000722354918253, 0.000375054980395, 0.000254335347563], "dmean": [0.0506292134523, 0.0425045751035, 0.0372413061559, 0.0332471095026, 0.0233656410128, 0.0179176945239], "max": [-0.364332705736, -0.410769432783, -0.506813883781, -0.509148001671, -0.616785943508, -0.635116696358], "var": [0.00560182472691, 0.00503535848111, 0.00517543079332, 0.0047179912217, 0.0023361002095, 0.00192377797794], "mean": [-0.673699200153, -0.743042826653, -0.755900800228, -0.757520973682, -0.780257999897, -0.756117284298]}, "melbands_skewness": {"dmean2": 1.10205304623, "median": 1.45049738884, "min": -1.83067643642, "dvar2": 2.02598714828, "dvar": 0.859795987606, "dmean": 0.719164907932, "max": 13.6316194534, "var": 2.83007359505, "mean": 1.88757491112}, "spectral_spread": {"dmean2": 672031.625, "median": 3757015, "min": 1295130.625, "dvar2": 760700534784, "dvar": 429813137408, "dmean": 470677.28125, "max": 42590812, "var": 15325017931800.0, "mean": 4368708.5}, "dissonance": {"dmean2": 0.0240641813725, "median": 0.478486537933, "min": 0.252825856209, "dvar2": 0.000616366683971, "dvar": 0.000228483317187, "dmean": 0.0143180666491, "max": 0.500000059605, "var": 0.00051292165881, "mean": 0.472391545773}, "spectral_skewness": {"dmean2": 0.317944616079, "median": 1.41753053665, "min": -0.0824603438377, "dvar2": 0.0993654280901, "dvar": 0.0417568236589, "dmean": 0.202119201422, "max": 6.06092786789, "var": 0.272635102272, "mean": 1.4608438015}, "spectral_flux": {"dmean2": 0.0340485535562, "median": 0.0520389527082, "min": 6.44050784926e-11, "dvar2": 0.00270010554232, "dvar": 0.00150048278738, "dmean": 0.0222718454897, "max": 0.404708206654, "var": 0.00338393612765, "mean": 0.0684803873301}, "spectral_contrast_valleys": {"dmean2": [0.700003921986, 0.56437844038, 0.515503466129, 0.469966590405, 0.397934794426, 0.45003375411], "median": [-7.50809574127, -7.02497625351, -7.48052597046, -7.69243144989, -7.63989257813, -10.3693437576], "min": [-28.0990657806, -27.951215744, -27.7151966095, -27.8043518066, -27.5909729004, -27.430103302], "dvar2": [0.389764904976, 0.302554309368, 0.270545393229, 0.229361727834, 0.221678301692, 0.301669806242], "dvar": [0.185635074973, 0.147631153464, 0.140332639217, 0.12708029151, 0.141527220607, 0.204890191555], "dmean": [0.437066584826, 0.363729536533, 0.344850122929, 0.317233204842, 0.298969805241, 0.366305112839], "max": [-5.43013286591, -4.83696651459, -5.19328689575, -5.55584001541, -5.58827733994, -7.41420698166], "var": [5.15491771698, 5.454433918, 5.46535205841, 5.38248109818, 5.45941877365, 4.42469120026], "mean": [-7.90334701538, -7.42427396774, -7.8960981369, -8.15351963043, -8.0863161087, -10.8475427628]}, "erbbands_flatness_db": {"dmean2": 0.0270828865469, "median": 0.16163918376, "min": 0.0590208694339, "dvar2": 0.000595705001615, "dvar": 0.000315642071655, "dmean": 0.0190419461578, "max": 0.33501008153, "var": 0.00176110770553, "mean": 0.163385465741}, "spectral_energyband_high": {"dmean2": 0.000353857176378, "median": 0.000237281026784, "min": 6.97499291241e-21, "dvar2": 7.40628763651e-07, "dvar": 4.34618982581e-07, "dmean": 0.000264220172539, "max": 0.0210661031306, "var": 1.24774953747e-06, "mean": 0.000552263110876}, "spectral_entropy": {"dmean2": 0.225388541818, "median": 7.61948204041, "min": 5.24749755859, "dvar2": 0.0651730448008, "dvar": 0.0322334803641, "dmean": 0.155988931656, "max": 9.81910514832, "var": 0.180001288652, "mean": 7.61974859238}, "silence_rate_20dB": {"dmean2": 0, "median": 1, "min": 1, "dvar2": 0, "dvar": 0, "dmean": 0, "max": 1, "var": 0, "mean": 1}, "melbands_flatness_db": {"dmean2": 0.0390830151737, "median": 0.151367262006, "min": 1.91495219042e-05, "dvar2": 0.00201131799258, "dvar": 0.000897284946404, "dmean": 0.0260909199715, "max": 0.572807729244, "var": 0.00422073947266, "mean": 0.165625751019}, "barkbands": {"dmean2": [2.29187789955e-05, 0.00249489722773, 0.0050768838264, 0.00260924384929, 0.0016694975784, 0.000702095800079, 0.000623709056526, 0.00109017197974, 0.00140275293961, 0.00120781047735, 0.000409300148021, 0.000999708310701, 0.00100608670618, 0.000800691603217, 0.000917113677133, 0.000455338187749, 0.000412530673202, 0.000226708769333, 0.000184815100511, 0.000160724535817, 0.000103066027805, 9.33647315833e-05, 7.39318056731e-05, 5.75675294385e-05, 1.77426591108e-05, 1.27759349198e-05, 1.85141004749e-06], "median": [8.54649329085e-07, 0.000717877410352, 0.000400882272515, 0.00035807362292, 0.000723139266483, 0.000364599924069, 0.000199010333745, 0.000232417311054, 0.000192283623619, 0.000175660956302, 7.70387123339e-05, 0.000261742796283, 0.000189054408111, 0.000163630786119, 0.000326176348608, 0.000139891883009, 0.000216259271838, 0.000122306868434, 0.000108636952064, 8.86805501068e-0