{"tonal": {"thpcp": [1, 0.796067297459, 0.497786879539, 0.502051234245, 0.36559253931, 0.336793363094, 0.387095540762, 0.300915062428, 0.533125698566, 0.939200222492, 0.652242660522, 0.238645225763, 0.184894531965, 0.145096793771, 0.208650290966, 0.374156057835, 0.334011018276, 0.190624177456, 0.16389760375, 0.14468459785, 0.219350740314, 0.335082560778, 0.373498529196, 0.724075675011, 0.968749403954, 0.601970970631, 0.314928978682, 0.28271317482, 0.254075139761, 0.349207758904, 0.501782119274, 0.441001713276, 0.429957807064, 0.643100917339, 0.532524943352, 0.576776087284], "hpcp": {"dmean2": [0.121174670756, 0.146046459675, 0.145949304104, 0.134264186025, 0.143570870161, 0.172309696674, 0.188708618283, 0.195055097342, 0.176979631186, 0.13533103466, 0.122308529913, 0.0878897234797, 0.092567704618, 0.104183144867, 0.151946693659, 0.14307923615, 0.157540082932, 0.0924021825194, 0.0639415085316, 0.0615496076643, 0.0715078189969, 0.0859637856483, 0.08942091465, 0.0753139331937, 0.0649208277464, 0.0676407814026, 0.0967084020376, 0.115802071989, 0.15249325335, 0.20681913197, 0.204719290137, 0.18970695138, 0.135175734758, 0.110867708921, 0.114467814565, 0.112320937216], "median": [0.00671527581289, 0.00635552546009, 0.00749686313793, 0.00355879357085, 0.00590771064162, 0.0338009744883, 0.0341397859156, 0.0357452742755, 0.0151118021458, 0.00512041384354, 0.00351466727443, 0.00280384207144, 0.00297451089136, 0.005640020594, 0.0253664907068, 0.0355749130249, 0.0259161815047, 0.00511024147272, 0.0016042732168, 0.00196966622025, 0.00370941567235, 0.00485691055655, 0.00657326867804, 0.00597328040749, 0.0032777923625, 0.00236779078841, 0.00478931050748, 0.00622099684551, 0.0150954518467, 0.0412437692285, 0.0493743903935, 0.0303366947919, 0.00695728696883, 0.00372825236991, 0.00360274990089, 0.00549223553389], "min": [1.93682762983e-06, 2.82229007098e-06, 1.08062283743e-06, 7.80529205713e-07, 2.41388136146e-07, 1.46738534568e-06, 1.17346610295e-06, 7.08676054728e-07, 9.29526208893e-07, 7.67007520608e-07, 2.62026674136e-07, 2.77536116755e-07, 7.39612517009e-07, 0, 4.35478204963e-06, 3.93361415263e-06, 4.61614490632e-06, 5.39645816389e-06, 1.71643682734e-06, 2.74720400739e-06, 1.3877594256e-06, 1.56362921189e-06, 2.01712691705e-06, 2.80011136056e-06, 2.83672034129e-06, 2.53839016295e-06, 3.65430878446e-06, 0, 0, 1.96375185624e-06, 1.39429937462e-06, 2.69288375421e-06, 1.61567106716e-06, 1.82861754183e-06, 1.39695976031e-06, 1.63583683843e-06], "dvar2": [0.0672921389341, 0.09529684484, 0.0847420468926, 0.0796786993742, 0.0743421912193, 0.080863520503, 0.107510320842, 0.0968047901988, 0.0985326766968, 0.0732510089874, 0.0725379660726, 0.0473899208009, 0.0552100390196, 0.0577583648264, 0.0749669075012, 0.0702738314867, 0.0846803411841, 0.0515864677727, 0.0399469174445, 0.0335989706218, 0.0375948175788, 0.0445664413273, 0.048181168735, 0.034892488271, 0.0305514745414, 0.0340027883649, 0.0610252507031, 0.0687152966857, 0.0837968215346, 0.110454291105, 0.108261942863, 0.102067701519, 0.083867199719, 0.0633877441287, 0.0675712376833, 0.0658841654658], "dvar": [0.0257403589785, 0.0342001952231, 0.0310357809067, 0.0309312418103, 0.0282686911523, 0.0304013155401, 0.0426607057452, 0.0358451902866, 0.0368829891086, 0.0278455391526, 0.0253165215254, 0.0172593239695, 0.0203495025635, 0.0205622278154, 0.0263452380896, 0.0277922805399, 0.0304222404957, 0.0186860524118, 0.0146360658109, 0.0120247546583, 0.013776418753, 0.0166983306408, 0.0168430674821, 0.0132159907371, 0.0111970109865, 0.0122959194705, 0.0233835522085, 0.024999236688, 0.0300490856171, 0.0411344990134, 0.0423538051546, 0.0357170924544, 0.0309043247253, 0.0237169228494, 0.0240813735873, 0.0243645440787], "dmean": [0.0709552019835, 0.0830623283982, 0.0839827284217, 0.0775080248713, 0.0842592567205, 0.100249737501, 0.110719263554, 0.113309711218, 0.102641709149, 0.0781983807683, 0.0688705891371, 0.0496352761984, 0.0536588877439, 0.0592661052942, 0.0876152589917, 0.0859505459666, 0.0923717916012, 0.0525300987065, 0.0363055504858, 0.035015296191, 0.0415619239211, 0.0512635782361, 0.0522629208863, 0.0433474332094, 0.0369847416878, 0.0380259901285, 0.0550550147891, 0.066352583468, 0.0862287655473, 0.121736384928, 0.120673835278, 0.1095944345, 0.0761513411999, 0.0632817670703, 0.0640176311135, 0.0641257315874], "max": [1, 1, 1, 1, 1, 1, 1, 1, 1, 1, 1, 1, 1, 1, 1, 1, 1, 1, 1, 1, 1, 1, 1, 1, 1, 1, 1, 1, 1, 1, 1, 1, 1, 1, 1, 1], "var": [0.0670110285282, 0.052705835551, 0.0437998063862, 0.0935342162848, 0.061593696475, 0.0467268265784, 0.126540780067, 0.0797364413738, 0.0533928386867, 0.0663079693913, 0.0391722619534, 0.0455957502127, 0.052222840488, 0.0305564049631, 0.0435008853674, 0.118092671037, 0.0637667998672, 0.0259093604982, 0.0230406504124, 0.0122807631269, 0.0188166163862, 0.0483742579818, 0.0388089828193, 0.0148557387292, 0.0152238812298, 0.0116323987022, 0.0233277920634, 0.0371169000864, 0.0344969779253, 0.0681726559997, 0.110932268202, 0.0548267737031, 0.035105202347, 0.0320515595376, 0.0253112912178, 0.0402426496148], "mean": [0.119820334017, 0.105306610465, 0.10266944021, 0.15356579423, 0.12716139853, 0.137728109956, 0.238789573312, 0.190092563629, 0.118866316974, 0.119884602726, 0.0872996896505, 0.0804227441549, 0.0924343764782, 0.0718553811312, 0.127304852009, 0.224271222949, 0.155748739839, 0.0569859929383, 0.0441508851945, 0.0346476025879, 0.0498235151172, 0.0893445685506, 0.0797583460808, 0.0455190651119, 0.0391370393336, 0.0345491729677, 0.0523786693811, 0.0800142213702, 0.0891875550151, 0.172901719809, 0.2313272506, 0.143744394183, 0.0752017572522, 0.0675089582801, 0.0606704950333, 0.0833871737123]}, "tuning_equal_tempered_deviation": 0.0588028691709, "chords_changes_rate": 0.0555444136262, "key_key": "G", "tuning_diatonic_strength": 0.528460383415, "key_scale": "major", "chords_number_rate": 0.00380990584381, "tuning_frequency": 442.03793335, "tuning_nontempered_energy_ratio": 0.71382445097, "chords_histogram": [19.7313022614, 11.7304992676, 3.2684981823, 0.842189669609, 3.66954088211, 2.66693401337, 2.82735109329, 0.902346074581, 3.34870672226, 0.100260674953, 1.7244836092, 1.70443153381, 2.22578716278, 0.481251239777, 1.84479641914, 1.88490068913, 2.24583911896, 12.5526371002, 4.85261678696, 0.822137534618, 2.54662132263, 6.87788248062, 3.70964503288, 7.43934249878], "key_strength": 0.689369738102, "chords_key": "G", "chords_strength": {"dmean2": 0.00814032554626, "median": 0.577449142933, "min": 0.224501952529, "dvar2": 6.59314027871e-05, "dvar": 6.75905539538e-05, "dmean": 0.0090949377045, "max": 0.902529716492, "var": 0.012744362466, "mean": 0.567407488823}, "chords_scale": "major", "hpcp_entropy": {"dmean2": 1.00795781612, "median": 1.7394516468, "min": 0.0350132398307, "dvar2": 0.701545238495, "dvar": 0.247369363904, "dmean": 0.588208556175, "max": 4.28497219086, "var": 0.52427059412, "mean": 1.74167382717}}, "metadata": {"audio_properties": {"equal_loudness": 0, "codec": "flac", "downmix": "mix", "sample_rate": 44100, "analysis_sample_rate": 44100, "bit_rate": 0, "md5_encoded": "87b76d33df74025afd655395d2ace970", "length": 231.520004272, "replay_gain": 3.76622962952, "lossless": true}, "version": {"essentia_build_sha": "70f2e5ece6736b2c40cc944ad0e695b16b925413", "essentia": "2.1-beta2", "extractor": "music 1.0", "essentia_git_sha": "v2.1_beta2"}, "tags": {"title": ["Tannh\u00e4user, WWV 70: Act 3. Scene 2. O du, mein holder Abendstern"], "language": ["mul"], "media": ["CD"], "albumartist": ["Richard Wagner ; Andr\u00e9 Cluytens, Wolfgang Windgassen, Dietrich Fischer-Dieskau, Gr\u00e9 Brouwenstijn, Josef Greindl, Orchester der Bayreuther Festspiele & Chor der Bayreuther Festspiele"], "tracktotal": ["12"], "albumartistsort": ["Wagner, Richard ; Cluytens, Andr\u00e9, Windgassen, Wolfgang, Fischer-Dieskau, Dietrich, Brouwenstijn, Gr\u00e9, Greindl, Josef, Orchester der Bayreuther Festspiele & Chor der Bayreuther Festspiele"], "performer": ["Orchester der Bayreuther Festspiele (orchestra)"], "releasetype": ["album"], "musicbrainz_recordingid": ["0407130d-7e9f-479c-b01d-954bd6e76b91"], "composer": ["Richard Wagner"], "musicbrainz_releasegroupid": ["dfe3b8a7-2b8b-4205-9a47-a755dacb6606"], "musicbrainz_albumartistid": ["eefd7c1e-abcf-4ccc-ba60-0fd435c9061f", "e188340b-b756-40e6-bf08-ae8d78906875", "1c68a6a8-3dc4-4457-a72f-f88fd716a89a", "1bdc5968-3ca3-497f-b0c1-6de471b26b00", "6cb363f5-e707-4e96-84ba-1d4a2037be52", "168dbd39-c074-44da-bf90-5991ee84d6ec", "d90e3313-7a9e-43ee-aae8-769a53f65e92", "f2351a3e-9adc-417c-a4cc-dc00a45f3278"], "musicbrainz_releasetrackid": ["93649e79-a445-341f-a554-c065ea7e82dc"], "discnumber": ["3"], "composersort": ["Wagner, Richard"], "catalognumber": ["C 643 043 D"], "releasecountry": ["DE"], "file_name": "CD3-06 - Tannhauser, WWV 70_ Act 3. Scene 2. O du, mein holder Abendstern.flac", "originaldate": ["2004"], "work": ["Tannh\u00e4user und der S\u00e4ngerkrieg auf Wartburg: Aufzug III, Szene II. \"Wie Todesahnung-O Du, mein holder Abendstern\""], "date": ["1955"], "genre": ["Opera"], "musicbrainz_albumid": ["cd113d99-2f8d-4a10-b891-d6a1d9a32410"], "disctotal": ["3"], "releasestatus": ["official"], "musicbrainz_artistid": ["eefd7c1e-abcf-4ccc-ba60-0fd435c9061f"], "asin": ["B0002K71SM"], "musicbrainz_workid": ["9d109bab-1869-3b4c-9dd6-90b5bbf6a23e"], "artist": ["Richard Wagner"], "tracknumber": ["6"], "artistsort": ["Wagner, Richard"], "album": ["Tannh\u00e4user (Andr\u00e9 Cluytens)"], "label": ["Orfeo"], "totaltracks": ["12"], "totaldiscs": ["3"], "script": ["Latn"], "conductor": ["Andr\u00e9 Cluytens"]}}, "rhythm": {"bpm_histogram_first_peak_bpm": {"dmean2": 0, "median": 123, "min": 123, "dvar2": 0, "dvar": 0, "dmean": 0, "max": 123, "var": 0, "mean": 123}, "bpm": 123.405517578, "bpm_histogram_second_peak_spread": {"dmean2": 0, "median": 0.493333280087, "min": 0.493333280087, "dvar2": 0, "dvar": 0, "dmean": 0, "max": 0.493333280087, "var": 0, "mean": 0.493333280087}, "bpm_histogram_first_peak_weight": {"dmean2": 0, "median": 0.109170302749, "min": 0.109170302749, "dvar2": 0, "dvar": 0, "dmean": 0, "max": 0.109170302749, "var": 0, "mean": 0.109170302749}, "onset_rate": 0.647842407227, "beats_position": [0.429569154978, 0.882358253002, 1.3235373497, 1.764716506, 2.20589566231, 2.65868473053, 3.11147379875, 3.5758728981, 4.04027223587, 4.45823097229, 4.85297060013, 5.24770975113, 5.64244890213, 6.03718805313, 6.43192720413, 6.82666635513, 7.22140598297, 7.6277551651, 8.03410434723, 8.44045352936, 8.85841274261, 9.287981987, 9.71755123138, 10.1355104446, 10.623128891, 11.110748291, 11.5983667374, 12.0975961685, 12.5968255997, 13.0960540771, 13.5952835083, 14.0829019547, 14.5821313858, 15.0697498322, 15.5689792633, 16.0682086945, 16.5674381256, 17.0550556183, 17.5542850494, 18.0767345428, 18.5991840363, 19.1332416534, 19.667301178, 20.2013607025, 20.7354183197, 21.1765975952, 21.6177768707, 22.0589561462, 22.5001354218, 22.9413146973, 23.3941040039, 23.8352832794, 24.2880725861, 24.7408618927, 25.1936511993, 25.6580486298, 26.1340579987, 26.6100673676, 27.0976867676, 27.5853061676, 28.0729255676, 28.5605430603, 29.0481624603, 29.5357818604, 30.0117912292, 30.4878005981, 30.9638080597, 31.4398174286, 31.9042167664, 32.3686180115, 32.8330154419, 33.2974128723, 33.750202179, 34.2146034241, 34.6790008545, 35.1434020996, 35.6890678406, 36.2463493347, 36.8036270142, 37.3841247559, 37.9646263123, 38.545124054, 39.1372337341, 39.7293434143, 40.3562812805, 40.9832191467, 41.6101570129, 42.2370948792, 42.8640365601, 43.5490226746, 44.2107925415, 44.8841705322, 45.5691604614, 46.2773704529, 46.9507484436, 47.6357345581, 48.3207244873, 49.0173225403, 49.690700531, 50.3640823364, 51.0142402649, 51.6643981934, 52.1984558105, 52.720905304, 53.2433547974, 53.7774124146, 54.3114738464, 54.8339233398, 55.3563690186, 55.878818512, 56.4128799438, 56.9004974365, 57.3881187439, 57.8873443604, 58.3865737915, 58.8858032227, 59.3966445923, 59.8958702087, 60.4067115784, 60.9059410095, 61.3935585022, 61.8811798096, 62.3687973022, 62.8680267334, 63.3672561646, 63.8664855957, 64.3541030884, 64.8417205811, 65.3293380737, 65.7821273804, 66.2465286255, 66.7109298706, 67.1985473633, 67.686164856, 68.1737823486, 68.6614074707, 69.1374130249, 69.6134262085, 70.0894317627, 70.5770492554, 71.064666748, 71.5406799316, 72.0166854858, 72.4926986694, 72.9803161621, 73.4679336548, 73.9439468384, 74.4199523926, 74.8843536377, 75.3603591919, 75.824760437, 76.3007659912, 76.7767791748, 77.252784729, 77.6823577881, 78.1119232178, 78.5531082153, 79.0291137695, 79.5167312622, 79.9927444458, 80.4803619385, 80.9563674927, 81.4439926147, 81.9316101074, 82.4076156616, 82.8836288452, 83.4641265869, 84.0562362671, 84.6483459473, 85.2404556274, 85.8325576782, 86.4246673584, 87.0283889771, 87.6204986572, 88.2009963989, 88.7698822021, 89.3271636963, 89.8844451904, 90.4417190552, 90.9990005493, 91.544670105, 92.1019515991, 92.6592254639, 93.2048950195, 93.7505645752, 94.3078460693, 94.8651199341, 95.4107894897, 95.9564590454, 96.5137405396, 97.0710220337, 97.6282958984, 98.1623535156, 98.6964187622, 99.2304763794, 99.7529220581, 100.275375366, 100.786209106, 101.285438538, 101.796279907, 102.307121277, 102.806350708, 103.305580139, 103.804801941, 104.280815125, 104.74521637, 105.209609985, 105.662399292, 106.115188599, 106.567977905, 107.090431213, 107.612876892, 108.1353302, 108.657775879, 109.180221558, 109.702674866, 110.225120544, 110.747573853, 111.270019531, 111.792472839, 112.326530457, 112.860588074, 113.336593628, 113.812606812, 114.288612366, 114.6717453, 115.054870605, 115.426391602, 115.809524536, 116.146209717, 116.471290588, 116.79637146, 117.133056641, 117.469749451, 117.806434631, 118.143127441, 118.468208313, 118.793289185, 119.17641449, 119.559547424, 119.931060791, 120.314193726, 120.697319031, 121.068840027, 121.440361023, 121.811882019, 122.183395386, 122.56652832, 122.938049316, 123.321174622, 123.715919495, 124.110656738, 124.493782043, 124.888526917, 125.28326416, 125.678001404, 126.072738647, 126.455871582, 126.838996887, 127.222129822, 127.605255127, 127.988388062, 128.359909058, 128.743041992, 129.126159668, 129.520904541, 129.915649414, 130.310379028, 130.774780273, 131.22756958, 131.680358887, 132.133148193, 132.5859375, 133.038726807, 133.479904175, 133.921081543, 134.362258911, 134.803451538, 135.256240845, 135.709014893, 136.161804199, 136.614593506, 137.020950317, 137.41569519, 137.822036743, 138.228393555, 138.634735107, 139.02947998, 139.435821533, 139.842178345, 140.248519897, 140.654876709, 141.177322388, 141.699768066, 142.222213745, 142.733062744, 143.243896484, 143.754730225, 144.265579224, 144.776412964, 145.287246704, 145.82131958, 146.343765259, 146.866210938, 147.411880493, 147.957550049, 148.503219604, 148.956008911, 149.408798218, 149.861587524, 150.32598877, 150.790390015, 151.254776001, 151.719177246, 152.183578491, 152.659591675, 153.135604858, 153.611602783, 154.087615967, 154.56362915, 155.039627075, 155.515640259, 155.991653442, 156.479278564, 156.966888428, 157.45451355, 157.942123413, 158.418136597, 158.89414978, 159.404983521, 159.904220581, 160.403442383, 160.902679443, 161.401901245, 161.901138306, 162.400360107, 162.899581909, 163.387207031, 163.898040771, 164.420501709, 164.931335449, 165.453781128, 165.976226807, 166.487075806, 166.997909546, 167.520355225, 168.089248657, 168.65814209, 169.227020264, 169.865570068, 170.515731812, 171.154281616, 171.792831421, 172.431381226, 173.06993103, 173.708480835, 174.34703064, 174.985580444, 175.554458618, 176.123352051, 176.692245483, 177.14503479, 177.597824097, 178.050613403, 178.50340271, 178.956192017, 179.408981323, 179.884979248, 180.360992432, 180.837005615, 181.313018799, 181.789016724, 182.265029907, 182.741043091, 183.217056274, 183.693054199, 184.169067383, 184.668289185, 185.167526245, 185.666748047, 186.154373169, 186.641998291, 187.129608154, 187.617233276, 188.10484314, 188.592468262, 189.080093384, 189.579315186, 190.078552246, 190.566162109, 191.053787231, 191.541397095, 192.029022217, 192.516647339, 193.004257202, 193.526702881, 194.049163818, 194.571609497, 195.094055176, 195.616500854, 196.138946533, 196.661407471, 197.183853149, 197.717910767, 198.251968384, 198.786026001, 199.320083618, 199.854141235, 200.388198853, 200.91065979, 201.433105469, 201.967163086, 202.512832642, 203.058502197, 203.673828125, 204.289154053, 204.892883301, 205.508209229, 206.123535156, 206.762084961, 207.400634766, 208.03918457, 208.631286621, 209.223403931, 209.815505981, 210.396011353, 210.964889526, 211.533782959, 212.11428833, 212.729614258, 213.344940186, 213.948654175, 214.587203979, 215.225753784, 215.85269165, 216.491241455, 217.12979126, 217.768341064, 218.406890869, 218.952560425, 219.49822998, 220.090332031, 220.682449341, 221.274551392, 221.866668701, 222.458770752, 223.108932495, 223.759094238, 224.409240723, 225.071014404, 225.721176147, 226.382949829, 227.044708252, 227.694869995, 228.345031738, 228.995193481, 229.645339966, 230.295501709, 230.945663452], "beats_loudness": {"dmean2": 0.0359002649784, "median": 0.0147929200903, "min": 0.000131529202918, "dvar2": 0.00355295767076, "dvar": 0.00133848853875, "dmean": 0.0217975024134, "max": 0.34666031599, "var": 0.00162549410015, "mean": 0.0288531091064}, "danceability": 0.858504652977, "bpm_histogram_second_peak_weight": {"dmean2": 0, "median": 0.0829694345593, "min": 0.0829694345593, "dvar2": 0, "dvar": 0, "dmean": 0, "max": 0.0829694345593, "var": 0, "mean": 0.0829694345593}, "beats_count": 459, "bpm_histogram_second_peak_bpm": {"dmean2": 0, "median": 115, "min": 115, "dvar2": 0, "dvar": 0, "dmean": 0, "max": 115, "var": 0, "mean": 115}, "bpm_histogram_first_peak_spread": {"dmean2": 0, "median": 0.615384638309, "min": 0.615384638309, "dvar2": 0, "dvar": 0, "dmean": 0, "max": 0.615384638309, "var": 0, "mean": 0.615384638309}, "beats_loudness_band_ratio": {"dmean2": [0.38372156024, 0.397598534822, 0.211030319333, 0.14709302783, 0.0173440463841, 0.0113616771996], "median": [0.25339871645, 0.491480082273, 0.0865850076079, 0.0373436994851, 0.00425563659519, 0.000651955953799], "min": [0.000677702308167, 0.0124877337366, 0.000446475751232, 8.81995947566e-05, 1.55045963766e-05, 2.1127934815e-05], "dvar2": [0.113085784018, 0.107322908938, 0.0615601502359, 0.0462077893317, 0.00107689399738, 0.00377147365361], "dvar": [0.0478848479688, 0.0441042333841, 0.0254854932427, 0.0184766054153, 0.000395085749915, 0.00126766960602], "dmean": [0.234611198306, 0.233340486884, 0.124945692718, 0.0859280824661, 0.0102733056992, 0.00593349849805], "max": [0.98309391737, 0.989134311676, 0.940483927727, 0.967853486538, 0.191068023443, 0.478060752153], "var": [0.0824512168765, 0.0910741612315, 0.0390631891787, 0.0285205189139, 0.000418116018409, 0.000650420726743], "mean": [0.323128432035, 0.475800007582, 0.167930334806, 0.105754330754, 0.0117529639974, 0.00382039323449]}}, "lowlevel": {"barkbands_spread": {"dmean2": 2.46017217636, "median": 4.7207736969, "min": 0.139081671834, "dvar2": 15.1158895493, "dvar": 7.08957719803, "dmean": 1.60038149357, "max": 97.5236206055, "var": 37.206073761, "mean": 6.32309007645}, "melbands_spread": {"dmean2": 2.97389149666, "median": 5.50546884537, "min": 0.252639204264, "dvar2": 29.6472358704, "dvar": 13.5731744766, "dmean": 1.92630076408, "max": 196.820999146, "var": 62.5118713379, "mean": 7.56149482727}, "hfc": {"dmean2": 3.43083310127, "median": 4.20680427551, "min": 0.0129563733935, "dvar2": 81.9298324585, "dvar": 36.2936782837, "dmean": 2.29062008858, "max": 428.973022461, "var": 316.722320557, "mean": 9.11394119263}, "barkbands_kurtosis": {"dmean2": 13.2102804184, "median": 9.27123451233, "min": -1.95181429386, "dvar2": 939.211425781, "dvar": 400.295776367, "dmean": 8.53514480591, "max": 571.062194824, "var": 1555.33618164, "mean": 20.500328064}, "gfcc": {"mean": [-115.431808472, 135.292419434, -67.2240524292, -15.5034923553, -41.9185676575, -2.226593256, -43.3955154419, 3.41538190842, -24.323343277, -12.307551384, -11.3139877319, 12.9021081924, -9.12889003754], "icov": [[0.0167123228312, -0.0231862831861, 0.0193126071244, -0.0144523466006, 0.00875516049564, -0.00314334593713, -0.00356639572419, 0.00754753965884, -0.0108773894608, 0.0111081209034, -0.00867692008615, 0.00531040597707, -0.00191471492872], [-0.0231862831861, 0.0361275821924, -0.0286950524896, 0.0248089898378, -0.0178854707628, 0.010487312451, -0.00273359776475, -0.00357530685142, 0.00786360073835, -0.0104922428727, 0.00853261165321, -0.00366884027608, 0.000960569886956], [0.0193126071244, -0.0286950524896, 0.0248706452549, -0.0206014867872, 0.0137878339738, -0.00771454162896, 0.000247765186941, 0.00375240365975, -0.00719818053767, 0.00883935857564, -0.00675291987136, 0.00392774725333, -0.00180393375922], [-0.0144523466006, 0.0248089898378, -0.0206014867872, 0.0224005002528, -0.0170768406242, 0.0129626058042, -0.00867186486721, 0.00579656520858, -0.00284299324267, -0.00190014648251, 0.00186878233217, 0.000565071008168, 0.00029431656003], [0.00875516049564, -0.0178854707628, 0.0137878339738, -0.0170768406242, 0.0181405134499, -0.0165528450161, 0.0150579670444, -0.0116698024794, 0.00743869086727, -0.0018381071277, -0.000433580600657, -4.73710178994e-06, -0.000943935418036], [-0.00314334593713, 0.010487312451, -0.00771454162896, 0.0129626058042, -0.0165528450161, 0.0231622140855, -0.0219724290073, 0.0200566165149, -0.0146220419556, 0.00720825605094, -0.00475368555635, 0.00244112499058, 0.00130643858574], [-0.00356639572419, -0.00273359776475, 0.000247765186941, -0.00867186486721, 0.0150579670444, -0.0219724290073, 0.0307102296501, -0.0302915852517, 0.0256945043802, -0.0153883686289, 0.00703294854611, -0.00277502927929, -0.00190721475519], [0.00754753965884, -0.00357530685142, 0.00375240365975, 0.00579656520858, -0.0116698024794, 0.0200566165149, -0.0302915852517, 0.0387440696359, -0.0344282127917, 0.022684501484, -0.00973503757268, 0.00184392824303, 0.00233481451869], [-0.0108773894608, 0.00786360073835, -0.00719818053767, -0.00284299324267, 0.00743869086727, -0.0146220419556, 0.0256945043802, -0.0344282127917, 0.0404851324856, -0.0252535324544, 0.0110727343708, -0.00545910932124, 0.00135884736665], [0.0111081209034, -0.0104922428727, 0.00883935857564, -0.00190014648251, -0.0018381071277, 0.00720825605094, -0.0153883686289, 0.022684501484, -0.0252535324544, 0.0255149453878, -0.0165434200317, 0.0129484459758, -0.00528696225956], [-0.00867692008615, 0.00853261165321, -0.00675291987136, 0.00186878233217, -0.000433580600657, -0.00475368555635, 0.00703294854611, -0.00973503757268, 0.0110727343708, -0.0165434200317, 0.0286645200104, -0.0221006926149, 0.011282694526], [0.00531040597707, -0.00366884027608, 0.00392774725333, 0.000565071008168, -4.73710178994e-06, 0.00244112499058, -0.00277502927929, 0.00184392824303, -0.00545910932124, 0.0129484459758, -0.0221006926149, 0.0328048467636, -0.0164109915495], [-0.00191471492872, 0.000960569886956, -0.00180393375922, 0.00029431656003, -0.000943935418036, 0.00130643858574, -0.00190721475519, 0.00233481451869, 0.00135884736665, -0.00528696225956, 0.011282694526, -0.0164109915495, 0.021614484489]], "cov": [[3113.64257812, 1316.77697754, -1167.00976562, -246.454864502, 393.425964355, 29.1838798523, 221.647354126, 367.539001465, 276.124450684, -246.025970459, 140.683624268, 7.72575378418, -26.5747451782], [1316.77697754, 1026.55725098, -31.5660877228, -133.136672974, 253.099441528, 66.0620956421, 195.322647095, 200.242630005, 103.41796875, -82.3414764404, 18.6450366974, -18.318561554, 22.5845088959], [-1167.00976562, -31.5660877228, 1235.22790527, 410.405059814, -42.3258399963, 75.1892776489, 72.583366394, -110.785995483, -65.9991226196, 136.741760254, -84.3589935303, -64.5174255371, 40.1516609192], [-246.454864502, -133.136672974, 410.405059814, 609.161010742, 283.894989014, 46.3738441467, -80.3648223877, -90.5920333862, 59.0716018677, 87.7654724121, 2.31322526932, -70.2145309448, -14.4327220917], [393.425964355, 253.099441528, -42.3258399963, 283.894989014, 631.498657227, 172.381225586, -124.868164062, -22.767457962, 77.2443313599, 29.4743843079, 42.6816749573, -39.9996414185, -25.4905281067], [29.1838798523, 66.0620956421, 75.1892776489, 46.3738441467, 172.381225586, 273.265075684, 110.768768311, -49.4904670715, -6.42997121811, 61.8545074463, 30.3708190918, -23.8053760529, -6.96947813034], [221.647354126, 195.322647095, 72.583366394, -80.3648223877, -124.868164062, 110.768768311, 366.905029297, 196.103683472, -2.08397078514, -43.992401123, 11.114197731, 24.6329669952, 19.4211673737], [367.539001465, 200.242630005, -110.785995483, -90.5920333862, -22.767457962, -49.4904670715, 196.103683472, 351.565948486, 113.958908081, -132.191360474, 24.9883422852, 61.9282341003, -8.55177783966], [276.124450684, 103.41796875, -65.9991226196, 59.0716018677, 77.2443313599, -6.42997121811, -2.08397078514, 113.958908081, 173.742095947, 49.4770011902, 34.5586090088, -9.18696117401, -19.0152645111], [-246.025970459, -82.3414764404, 136.741760254, 87.7654724121, 29.4743843079, 61.8545074463, -43.992401123, -132.191360474, 49.4770011902, 246.074188232, 34.6551704407, -55.1203117371, -2.83189201355], [140.683624268, 18.6450366974, -84.3589935303, 2.31322526932, 42.6816749573, 30.3708190918, 11.114197731, 24.9883422852, 34.5586090088, 34.6551704407, 111.726333618, 47.4236450195, -13.1383571625], [7.72575378418, -18.318561554, -64.5174255371, -70.2145309448, -39.9996414185, -23.8053760529, 24.6329669952, 61.9282341003, -9.18696117401, -55.1203117371, 47.4236450195, 106.333305359, 35.3205184937], [-26.5747451782, 22.5845088959, 40.1516609192, -14.4327220917, -25.4905281067, -6.96947813034, 19.4211673737, -8.55177783966, -19.0152645111, -2.83189201355, -13.1383571625, 35.3205184937, 82.5788879395]]}, "spectral_energyband_middle_low": {"dmean2": 0.00619142735377, "median": 0.00779563980177, "min": 3.5299983665e-06, "dvar2": 0.000117206116556, "dvar": 5.11033358634e-05, "dmean": 0.00411153724417, "max": 0.241187795997, "var": 0.000252993340837, "mean": 0.0128442766145}, "melbands_crest": {"dmean2": 4.39524841309, "median": 16.3536281586, "min": 4.29954957962, "dvar2": 15.2208499908, "dvar": 6.19998025894, "dmean": 2.80142593384, "max": 34.1153488159, "var": 29.583940506, "mean": 16.945400238}, "spectral_kurtosis": {"dmean2": 6.6714220047, "median": 20.5192375183, "min": -0.925952672958, "dvar2": 43.7251548767, "dvar": 15.6107997894, "dmean": 4.00818347931, "max": 79.2485351562, "var": 106.757743835, "mean": 21.6463298798}, "spectral_rms": {"dmean2": 0.000793774437625, "median": 0.00353332143277, "min": 0.000100140103314, "dvar2": 7.9806022768e-07, "dvar": 3.95555758814e-07, "dmean": 0.000553739257157, "max": 0.0224721226841, "var": 7.75942589826e-06, "mean": 0.00415771594271}, "zerocrossingrate": {"dmean2": 0.00483961636201, "median": 0.0224609375, "min": 0.00244140625, "dvar2": 3.52661299985e-05, "dvar": 2.70568943961e-05, "dmean": 0.00376129848883, "max": 0.26123046875, "var": 0.000293288205285, "mean": 0.0255551487207}, "silence_rate_60dB": {"dmean2": 0.0605817437172, "median": 0, "min": 0, "dvar2": 0.0657348483801, "dvar": 0.0293688159436, "dmean": 0.0302878338844, "max": 1, "var": 0.144110754132, "mean": 0.17458884418}, "erbbands_kurtosis": {"dmean2": 4.46787309647, "median": 2.13938903809, "min": -1.91123855114, "dvar2": 77.5429382324, "dvar": 33.1418533325, "dmean": 2.88263034821, "max": 230.686843872, "var": 143.719223022, "mean": 6.0333404541}, "erbbands": {"dmean2": [0.0598287433386, 0.690105557442, 1.51575112343, 1.70481085777, 4.52290487289, 15.7085533142, 13.5752182007, 12.0532131195, 17.2555751801, 14.6308784485, 8.47934627533, 17.0482501984, 44.0205879211, 23.1938438416, 29.5586128235, 10.1088123322, 18.9468021393, 5.07937192917, 1.95034813881, 2.24571108818, 2.73078870773, 3.24040842056, 2.90303182602, 1.13261890411, 0.175637766719, 0.0390108786523, 0.0252967774868, 0.0333153866231, 0.0443219840527, 0.0686922520399, 0.0902412235737, 0.0571898855269, 0.013685554266, 0.00358749600127, 0.00222074752674, 0.00148592109326, 0.000838936655782, 0.000220324116526, 2.87332259177e-05, 1.047204114e-05], "median": [0.00639976980165, 0.0665503665805, 0.213420301676, 0.624845504761, 2.65349388123, 8.61500453949, 9.59451293945, 5.38581466675, 5.12445163727, 3.54133868217, 3.09269237518, 2.25502300262, 3.62506198883, 3.72005319595, 3.13481664658, 1.39928460121, 0.842109203339, 0.763091683388, 0.495058476925, 0.462572067976, 0.371367752552, 0.382167577744, 0.360183417797, 0.172760218382, 0.0569502040744, 0.0157427992672, 0.0131149962544, 0.014017585665, 0.014963651076, 0.0147023042664, 0.0144947115332, 0.0135856447741, 0.0111428648233, 0.00894367229193, 0.0068756910041, 0.00474443845451, 0.00264928513207, 0.000774715968873, 0.000123294768855, 2.33338905673e-05], "min": [1.12267416625e-05, 0.000136733535328, 0.000457580375951, 0.00145408988465, 0.00171383214183, 0.00256980047561, 0.00123559555504, 0.00139348069206, 0.0011438250076, 0.000896174344234, 0.0011799512431, 0.0015618345933, 0.0022834923584, 0.00308433454484, 0.00274691497907, 0.00182639202103, 0.00213745818473, 0.00110534706619, 0.000946052721702, 0.000813771621324, 0.00100293615833, 0.0017495068023, 0.00180849281605, 0.00198857090436, 0.00181820406578, 0.00131632003468, 0.00218165363185, 0.00302945729345, 0.00278561888263, 0.00228913594037, 0.00145322969183, 0.00225863512605, 0.00168601225596, 0.00240031443536, 0.00105532607995, 0.000829663360491, 0.000452408188721, 0.000102862584754, 1.60188337759e-05, 1.89880915968e-06], "dvar2": [0.0319316722453, 5.30026388168, 27.3797111511, 38.8537979126, 76.9923629761, 1110.7935791, 761.67565918, 1028.34631348, 3629.95019531, 3198.18164062, 590.071655273, 5477.98193359, 64392.4296875, 11677.8828125, 58938.2734375, 2349.40454102, 22760.2382812, 1473.06091309, 39.1922607422, 59.6592483521, 338.814910889, 176.210876465, 119.790473938, 68.4294281006, 0.955824196339, 0.0535586066544, 0.0214978866279, 0.105699114501, 0.265053987503, 1.96166610718, 2.6542699337, 0.840425550938, 0.0234760399908, 0.000143880301039, 3.10995187647e-06, 1.33901403387e-06, 4.35404757582e-07, 2.97838766983e-08, 5.13179498896e-10, 3.22984861079e-10], "dvar": [0.0186546370387, 2.74770331383, 16.1521148682, 31.2539482117, 39.9813995361, 499.885772705, 340.920379639, 430.295349121, 1676.6875, 1292.39099121, 225.723770142, 2260.04248047, 27263.9316406, 6389.45263672, 28607.0410156, 948.327575684, 8988.65625, 599.325622559, 14.1745653152, 24.1895637512, 121.344169617, 66.124420166, 45.8395195007, 30.0573406219, 0.416435927153, 0.0220758412033, 0.00913972593844, 0.0382954105735, 0.123517639935, 0.800196766853, 1.26226186752, 0.360067695379, 0.0106079699472, 6.07031979598e-05, 1.10056373614e-06, 4.66838827151e-07, 1.54437145738e-07, 1.06678132994e-08, 1.84535428605e-10, 1.59407542721e-10], "dmean": [0.0434732325375, 0.510054469109, 1.07523906231, 1.27252161503, 3.14716815948, 10.5790548325, 9.28193759918, 7.73283052444, 11.4511222839, 9.02007007599, 5.33871173859, 11.0191545486, 29.0917434692, 16.271987915, 20.1122341156, 6.3783698082, 11.9298334122, 3.22022771835, 1.15433478355, 1.37315118313, 1.62075173855, 1.94615066051, 1.76589727402, 0.684295773506, 0.109864652157, 0.0242959950119, 0.0162165630609, 0.0211483556777, 0.0293791629374, 0.0426290184259, 0.0618743263185, 0.0384319387376, 0.00929503608495, 0.00218687579036, 0.00130048929714, 0.000870961346664, 0.000496011809446, 0.000130994420033, 1.71869069163e-05, 7.20512070984e-06], "max": [6.91499567032, 63.483757019, 216.78477478, 390.824005127, 204.181060791, 660.888549805, 497.846923828, 629.61114502, 1085.08361816, 1685.69641113, 559.404663086, 1760.66479492, 6539.43066406, 3954.64916992, 11978.5400391, 998.949157715, 3881.56665039, 1942.8918457, 175.930953979, 282.346008301, 649.17779541, 457.377319336, 283.109283447, 391.869415283, 37.7023582458, 8.01483440399, 7.10082197189, 13.2467975616, 26.671661377, 74.2477722168, 108.794456482, 34.5131416321, 7.20845127106, 0.582930505276, 0.0277613401413, 0.00966653972864, 0.00539178773761, 0.00164277700242, 0.000438927439973, 0.000572430959437], "var": [0.252447158098, 25.1581707001, 95.6663131714, 222.206878662, 193.746627808, 1885.29199219, 1223.24279785, 1157.84851074, 3391.17456055, 2325.18261719, 505.719818115, 9428.98632812, 103499.226562, 21525.2539062, 64379.7578125, 2454.58178711, 17433.3984375, 1586.15222168, 51.3849372864, 122.228004456, 339.789367676, 309.456237793, 242.053771973, 78.1526184082, 1.12700617313, 0.057712264359, 0.0258340537548, 0.101406924427, 0.399203032255, 1.70513021946, 3.85312986374, 0.968981325626, 0.0258917175233, 0.000125453720102, 2.22456901611e-06, 8.74834654496e-07, 3.12387754775e-07, 2.36543371557e-08, 5.50878842542e-10, 1.75903391852e-09], "mean": [0.161155819893, 1.82192325592, 2.99379014969, 3.66996622086, 7.98308563232, 24.4294605255, 21.0249252319, 15.9848089218, 19.9731864929, 16.3743953705, 10.0734224319, 23.5462818146, 71.8783493042, 33.6754875183, 35.9438056946, 13.3031187057, 19.4735641479, 6.8367600441, 2.52114772797, 3.18446779251, 3.52017641068, 4.97822380066, 4.67833757401, 1.63313865662, 0.263376384974, 0.0601096823812, 0.0413982011378, 0.0484841242433, 0.0659881904721, 0.0912166237831, 0.121743932366, 0.0827906876802, 0.025220990181, 0.009969368577, 0.00702414056286, 0.00481912540272, 0.00269383843988, 0.000785125768743, 0.000125690741697, 3.75072813767e-05]}, "spectral_strongpeak": {"dmean2": 0.594903171062, "median": 0.579019844532, "min": 0.00318230665289, "dvar2": 1.13762819767, "dvar": 0.468020796776, "dmean": 0.363269537687, "max": 16.6429862976, "var": 1.87294065952, "mean": 1.0163577795}, "spectral_energy": {"dmean2": 0.0089209349826, "median": 0.0127964699641, "min": 1.02787416836e-05, "dvar2": 0.000262430665316, "dvar": 0.000129943713546, "dmean": 0.00622213399038, "max": 0.517621159554, "var": 0.0014381937217, "mean": 0.0256721898913}, "average_loudness": 0.0337594002485, "spectral_rolloff": {"dmean2": 176.251663208, "median": 409.130859375, "min": 86.1328125, "dvar2": 173946.375, "dvar": 75858.46875, "dmean": 101.001144409, "max": 8591.74804688, "var": 282905.53125, "mean": 557.26171875}, "spectral_centroid": {"dmean2": 95.0700454712, "median": 416.720214844, "min": 126.235786438, "dvar2": 24103.59375, "dvar": 10678.2441406, "dmean": 62.3137779236, "max": 4252.32617188, "var": 70897.2890625, "mean": 490.997039795}, "pitch_salience": {"dmean2": 0.103145033121, "median": 0.496529102325, "min": 0.0383755639195, "dvar2": 0.0083005335182, "dvar": 0.00331562571228, "dmean": 0.0653419420123, "max": 0.837298452854, "var": 0.0188576504588, "mean": 0.486408770084}, "spectral_energyband_middle_high": {"dmean2": 0.00191913824528, "median": 0.000494904350489, "min": 8.28861743685e-07, "dvar2": 6.07465117355e-05, "dvar": 2.70254604402e-05, "dmean": 0.00128291686997, "max": 0.29249894619, "var": 0.000151507920236, "mean": 0.00337056885473}, "spectral_contrast_coeffs": {"dmean2": [0.0739823132753, 0.0657399296761, 0.0544407889247, 0.0407749414444, 0.029151501134, 0.0154378032312], "median": [-0.577162861824, -0.674219727516, -0.738283514977, -0.794155240059, -0.799766004086, -0.864649653435], "min": [-0.879968583584, -0.94542491436, -0.933362722397, -0.933183431625, -0.918228507042, -0.906501591206], "dvar2": [0.00349846086465, 0.00286431144923, 0.00182307639625, 0.00101656722836, 0.00053101737285, 0.00016206750297], "dvar": [0.0013367185602, 0.00108919979539, 0.000733331136871, 0.000380248093279, 0.000204661133466, 6.74172333675e-05], "dmean": [0.0458965227008, 0.04059099406, 0.033732354641, 0.0247366745025, 0.0177267100662, 0.00937956944108], "max": [-0.230076849461, -0.361326187849, -0.34258389473, -0.527308166027, -0.466025799513, -0.64575278759], "var": [0.00931853801012, 0.00681648775935, 0.0112728569657, 0.00413380376995, 0.00733654061332, 0.000722680590115], "mean": [-0.576717793941, -0.667043626308, -0.720544576645, -0.785544216633, -0.774801909924, -0.857847690582]}, "melbands_skewness": {"dmean2": 1.02912509441, "median": 2.17788743973, "min": -3.54038572311, "dvar2": 1.29049921036, "dvar": 0.559278964996, "dmean": 0.670373618603, "max": 15.0277385712, "var": 4.16838693619, "mean": 2.48875904083}, "spectral_spread": {"dmean2": 469139.9375, "median": 2696673, "min": 1134822, "dvar2": 206034714624, "dvar": 101779972096, "dmean": 297589.03125, "max": 12453596, "var": 2256606068740.0, "mean": 3130937.5}, "dissonance": {"dmean2": 0.0696542933583, "median": 0.395162284374, "min": 0.0800090134144, "dvar2": 0.00411792006344, "dvar": 0.00143453199416, "dmean": 0.0413002893329, "max": 0.499999970198, "var": 0.00450294231996, "mean": 0.384643167257}, "spectral_skewness": {"dmean2": 0.519630908966, "median": 3.66382980347, "min": -0.219549402595, "dvar2": 0.213385179639, "dvar": 0.0818630456924, "dmean": 0.320735394955, "max": 7.44536828995, "var": 0.944118142128, "mean": 3.69240665436}, "spectral_flux": {"dmean2": 0.027211798355, "median": 0.0390185937285, "min": 0.00280701741576, "dvar2": 0.0012165865628, "dvar": 0.000443476048531, "dmean": 0.0162626449019, "max": 0.532765209675, "var": 0.00170707295183, "mean": 0.0500678494573}, "spectral_contrast_valleys": {"dmean2": [0.610468804836, 0.47306522727, 0.424817085266, 0.342185139656, 0.236916139722, 0.146565765142], "median": [-7.9487953186, -7.46371078491, -8.35712051392, -9.27864170074, -9.90038394928, -11.7187404633], "min": [-10.8060655594, -10.7488479614, -10.7825174332, -11.7126836777, -11.0784873962, -12.6493120193], "dvar2": [0.232382327318, 0.13575065136, 0.109448157251, 0.0710840597749, 0.0343233458698, 0.0142848724499], "dvar": [0.0848065316677, 0.0499331317842, 0.040025152266, 0.0263585597277, 0.0134274605662, 0.00612571043894], "dmean": [0.362112730742, 0.282901376486, 0.254107356071, 0.205994948745, 0.142102986574, 0.0893901661038], "max": [-4.77883625031, -4.94817256927, -4.48029184341, -5.86886692047, -7.42638111115, -9.16325950623], "var": [1.07896733284, 0.87179094553, 0.735088825226, 0.801618874073, 0.298100203276, 0.0479491576552], "mean": [-7.84503555298, -7.58096981049, -8.37285518646, -9.26388549805, -9.8336353302, -11.6729812622]}, "erbbands_flatness_db": {"dmean2": 0.0246452186257, "median": 0.23299831152, "min": 0.0348991900682, "dvar2": 0.000488158897497, "dvar": 0.000224323637667, "dmean": 0.0164675079286, "max": 0.43599191308, "var": 0.00313332118094, "mean": 0.237846538424}, "spectral_energyband_high": {"dmean2": 5.77570881433e-06, "median": 5.22186655871e-06, "min": 8.48026331823e-07, "dvar2": 6.58521104313e-09, "dvar": 3.18867332538e-09, "dmean": 3.9466913222e-06, "max": 0.00480781681836, "var": 1.22139924841e-08, "mean": 1.31552742459e-05}, "spectral_entropy": {"dmean2": 0.250770956278, "median": 6.21152734756, "min": 3.31690478325, "dvar2": 0.0561992302537, "dvar": 0.026802090928, "dmean": 0.168493032455, "max": 8.5900478363, "var": 0.32345610857, "mean": 6.21905755997}, "silence_rate_20dB": {"dmean2": 0.00120361079462, "median": 1, "min": 0, "dvar2": 0.00120215385687, "dvar": 0.000601418374572, "dmean": 0.000601745035965, "max": 1, "var": 0.00140191917308, "mean": 0.998596072197}, "melbands_flatness_db": {"dmean2": 0.0298472940922, "median": 0.359364420176, "min": 0.0616440214217, "dvar2": 0.000793240440544, "dvar": 0.000373481540009, "dmean": 0.020312525332, "max": 0.727188110352, "var": 0.00576689932495, "mean": 0.364357590675}, "barkbands": {"dmean2": [1.31860970214e-05, 0.00273695308715, 0.00133309862576, 0.000517529610079, 0.00344536919147, 0.00146632664837, 0.00116172642447, 0.000541166169569, 0.000998663483188, 0.00120988069102, 0.000894700817298, 0.000271527911536, 0.000415577553213, 8.70908843353e-05, 3.98579322791e-05, 6.00161256443e-05, 6.62924067001e-05, 5.63331013836e-05, 1.30351336338e-05, 9.09719801712e-07, 6.37644177459e-07, 1.31093520395e-06, 3.06072547573e-06, 1.6888409391e-06, 2.56917076058e-07, 3.46167695398e-07, 1.62717896046e-07], "median": [3.57407611773e-06, 0.000255591468886, 0.000127659761347, 0.000177876820089, 0.00249065691605, 0.000792673730757, 0.00031