{"tonal": {"thpcp": [1, 0.639915883541, 0.31429964304, 0.258948504925, 0.227586343884, 0.378189057112, 0.552140593529, 0.44063782692, 0.276152700186, 0.24530339241, 0.266125500202, 0.490713894367, 0.716256439686, 0.579292356968, 0.487346678972, 0.519302487373, 0.366563349962, 0.236027792096, 0.210391223431, 0.206216648221, 0.432281970978, 0.753803133965, 0.566232204437, 0.234589606524, 0.184405952692, 0.195110842586, 0.425396889448, 0.646605074406, 0.494413912296, 0.299974501133, 0.22195084393, 0.184207722545, 0.284651190042, 0.418787866831, 0.461535573006, 0.760106980801], "hpcp": {"dmean2": [0.218300551176, 0.196662157774, 0.156067684293, 0.143518999219, 0.159832775593, 0.219840288162, 0.252843141556, 0.245103955269, 0.216397896409, 0.1821051687, 0.167058706284, 0.134985819459, 0.123385116458, 0.123260863125, 0.181450486183, 0.236038520932, 0.20144970715, 0.133621290326, 0.12028516829, 0.1255684793, 0.17621716857, 0.206615805626, 0.208918318152, 0.175202965736, 0.134436354041, 0.119978010654, 0.15915261209, 0.211321264505, 0.240179911256, 0.295034140348, 0.305273115635, 0.260956764221, 0.183816343546, 0.154956325889, 0.14652185142, 0.183584526181], "median": [0.13737167418, 0.111969575286, 0.066190905869, 0.0535947978497, 0.0578566230834, 0.127171456814, 0.184556290507, 0.15360994637, 0.106892570853, 0.0750040784478, 0.0691513717175, 0.0634650364518, 0.0534636676311, 0.0537966154516, 0.139965623617, 0.217761084437, 0.155152633786, 0.0618489012122, 0.0437976531684, 0.0486904717982, 0.0968232676387, 0.13661120832, 0.132191583514, 0.0772758573294, 0.0525073334575, 0.0378118306398, 0.0728873535991, 0.118072584271, 0.125450581312, 0.252892494202, 0.355418324471, 0.22286824882, 0.0800871625543, 0.0612817294896, 0.0470372661948, 0.0879362970591], "min": [0, 0, 0, 0, 0, 0, 0, 0, 0, 0, 0, 0, 0, 0, 0, 0, 0, 0, 0, 0, 0, 0, 0, 0, 0, 0, 0, 0, 0, 0, 0, 0, 0, 0, 0, 0], "dvar2": [0.0770055055618, 0.0702189281583, 0.0560779236257, 0.0497994534671, 0.0576816387475, 0.0756099149585, 0.0838500335813, 0.0817267075181, 0.0731802135706, 0.0727011784911, 0.0564797669649, 0.0369409248233, 0.0383352451026, 0.0402372591197, 0.0473562292755, 0.0731767788529, 0.0557397305965, 0.0371710807085, 0.0384889245033, 0.0411559082568, 0.0550364591181, 0.0741206556559, 0.0676564276218, 0.0635732337832, 0.0472939424217, 0.0399880446494, 0.0502650104463, 0.0694145485759, 0.0862774476409, 0.0938321277499, 0.104843951762, 0.0815664678812, 0.0645702630281, 0.0539363585413, 0.0594678595662, 0.0665289908648], "dvar": [0.0308321025223, 0.0277995839715, 0.0214814841747, 0.0193926207721, 0.0220291744918, 0.0287312604487, 0.0348289385438, 0.0316988155246, 0.0277009811252, 0.0286614559591, 0.0215665064752, 0.0141161978245, 0.0142732802778, 0.0146678779274, 0.0174272153527, 0.0317463837564, 0.0235762409866, 0.014071973972, 0.0139755615965, 0.0149770509452, 0.0204803515226, 0.030405336991, 0.0253915302455, 0.0237285699695, 0.0174687989056, 0.014831376262, 0.0187428407371, 0.0275323279202, 0.0334080830216, 0.0351578518748, 0.0440019853413, 0.0306984707713, 0.0244480520487, 0.0204523354769, 0.0218326393515, 0.0251613222063], "dmean": [0.132503762841, 0.119713403285, 0.0920586884022, 0.0853778198361, 0.0937043577433, 0.129956528544, 0.150445401669, 0.146660417318, 0.128046914935, 0.10682938993, 0.0988489240408, 0.0791926234961, 0.0720529779792, 0.0715723857284, 0.107268467546, 0.144964575768, 0.126290082932, 0.079109095037, 0.0700118169188, 0.0723627060652, 0.104732856154, 0.126287579536, 0.125856146216, 0.102687299252, 0.077979683876, 0.0696501210332, 0.0937223359942, 0.126165375113, 0.142845511436, 0.174300074577, 0.182455286384, 0.156712725759, 0.107805788517, 0.0912990123034, 0.0852686688304, 0.110282994807], "max": [1, 1, 1, 1, 1, 1, 1, 1, 1, 1, 1, 1, 1, 1, 1, 1, 1, 1, 1, 1, 1, 1, 1, 1, 1, 1, 1, 1, 1, 1, 1, 1, 1, 1, 1, 1], "var": [0.0759799852967, 0.049999717623, 0.029165122658, 0.0260180849582, 0.0294534154236, 0.0566332451999, 0.105729877949, 0.0716753527522, 0.0630883350968, 0.104085095227, 0.0471583269536, 0.0170800536871, 0.0162163507193, 0.0159826781601, 0.0322332791984, 0.103934720159, 0.065828025341, 0.0169648360461, 0.0141615699977, 0.0146420178935, 0.0489923730493, 0.108994960785, 0.0532386414707, 0.0290117207915, 0.0206083804369, 0.0170675739646, 0.0248454082757, 0.0436415858567, 0.0513431727886, 0.0850586667657, 0.131420582533, 0.0624794512987, 0.0310432650149, 0.0254796780646, 0.0245345830917, 0.0445137880743], "mean": [0.249318361282, 0.198969423771, 0.12469638139, 0.110766418278, 0.120168611407, 0.221581205726, 0.323424637318, 0.261578679085, 0.220060735941, 0.234490349889, 0.16552118957, 0.106578037143, 0.0950018763542, 0.0931168496609, 0.195196345448, 0.340378791094, 0.255681395531, 0.105928622186, 0.0832682624459, 0.088102042675, 0.192087396979, 0.291973650455, 0.22325193882, 0.135453090072, 0.100221604109, 0.0831787511706, 0.128533869982, 0.189103096724, 0.208405777812, 0.343225300312, 0.451548665762, 0.288953155279, 0.141921579838, 0.116927847266, 0.102766312659, 0.170770764351]}, "tuning_equal_tempered_deviation": 0.0172405522317, "chords_changes_rate": 0.0398910306394, "key_key": "G", "tuning_diatonic_strength": 0.688475310802, "key_scale": "major", "chords_number_rate": 0.00155672314577, "tuning_frequency": 443.828887939, "tuning_nontempered_energy_ratio": 0.684023141861, "chords_histogram": [43.6077041626, 1.03132903576, 1.42050981522, 0.0194590389729, 6.12959718704, 0, 0.252967506647, 0.0778361558914, 0, 0, 0.603230178356, 0.175131350756, 0, 0, 0, 0, 0, 3.98910284042, 0, 0.194590389729, 0.311344623566, 10.3716678619, 18.3109550476, 13.5045728683], "key_strength": 0.840804696083, "chords_key": "G", "chords_strength": {"dmean2": 0.00841810088605, "median": 0.584986805916, "min": -1, "dvar2": 0.000795815023594, "dvar": 0.000425581558375, "dmean": 0.00892287865281, "max": 0.772133648396, "var": 0.0292123500258, "mean": 0.565592288971}, "chords_scale": "major", "hpcp_entropy": {"dmean2": 1.09842717648, "median": 2.06525421143, "min": 0, "dvar2": 0.795873224735, "dvar": 0.296469956636, "dmean": 0.65946406126, "max": 4.47194766998, "var": 0.658452689648, "mean": 2.03893208504}}, "metadata": {"audio_properties": {"equal_loudness": 0, "codec": "mp3", "downmix": "mix", "sample_rate": 44100, "analysis_sample_rate": 44100, "bit_rate": 192000, "md5_encoded": "35b0f09c813ff23a82bdad4677f76efa", "length": 238.60244751, "replay_gain": -11.849155426, "lossless": false}, "version": {"essentia_build_sha": "70f2e5ece6736b2c40cc944ad0e695b16b925413", "essentia": "2.1-beta2", "extractor": "music 1.0", "essentia_git_sha": "v2.1_beta2"}, "tags": {"title": ["11 - New York City"], "artist": ["VA"], "albumartist": ["VA"], "date": ["1997"], "file_name": "275180.mp3", "album": ["T. Rex - Greatest Hits 1972-77-A Sides"], "tracknumber": ["11"], "musicbrainz_recordingid": ["041848d1-0ea8-4560-b6f1-735e919c1762"]}}, "rhythm": {"bpm_histogram_first_peak_bpm": {"dmean2": 0, "median": 129, "min": 129, "dvar2": 0, "dvar": 0, "dmean": 0, "max": 129, "var": 0, "mean": 129}, "bpm": 128.760742188, "bpm_histogram_second_peak_spread": {"dmean2": 0, "median": 0.0714285969734, "min": 0.0714285969734, "dvar2": 0, "dvar": 0, "dmean": 0, "max": 0.0714285969734, "var": 0, "mean": 0.0714285969734}, "bpm_histogram_first_peak_weight": {"dmean2": 0, "median": 0.54724407196, "min": 0.54724407196, "dvar2": 0, "dvar": 0, "dmean": 0, "max": 0.54724407196, "var": 0, "mean": 0.54724407196}, "onset_rate": 2.60665655136, "beats_position": [0.53405892849, 1.06811785698, 1.60217678547, 2.12462592125, 2.62385487556, 3.11147379875, 3.59909296036, 4.08671188354, 4.57433080673, 5.06195020676, 5.54956912994, 6.03718805313, 6.51319694519, 6.98920631409, 7.46521520615, 7.94122457504, 8.4172334671, 8.893242836, 9.36925125122, 9.84526062012, 10.321269989, 10.7972784042, 11.2732877731, 11.749297142, 12.2136955261, 12.6780948639, 13.1541042328, 13.6301136017, 14.1061220169, 14.5821313858, 15.0581407547, 15.5341491699, 16.0101585388, 16.4861679077, 16.9621772766, 17.4381847382, 17.9141941071, 18.390203476, 18.8662128448, 19.3422222137, 19.8182315826, 20.2942390442, 20.7702484131, 21.246257782, 21.7222671509, 22.1982765198, 22.6742858887, 23.1502952576, 23.6379127502, 24.1139221191, 24.589931488, 25.0543308258, 25.5187301636, 25.9831295013, 26.4475269318, 26.9119262695, 27.3995456696, 27.8639450073, 28.3399543762, 28.8159637451, 29.291973114, 29.7679805756, 30.2439899445, 30.7199993134, 31.1960086823, 31.6720180511, 32.1364173889, 32.6008148193, 33.0652160645, 33.5412254333, 34.0172348022, 34.4932403564, 34.9692497253, 35.4452590942, 35.9212684631, 36.3856697083, 36.8500671387, 37.3144645691, 37.790473938, 38.2664833069, 38.7424926758, 39.2185020447, 39.6829032898, 40.1473007202, 40.6116981506, 41.0760993958, 41.5404968262, 42.0048980713, 42.4809074402, 42.9569168091, 43.4213142395, 43.8857116699, 44.3617210388, 44.8145103455, 45.2672996521, 45.7200889587, 46.1844902039, 46.6604995728, 47.1365089417, 47.6009063721, 48.0653038025, 48.5297050476, 49.0057144165, 49.4817237854, 49.9461212158, 50.4221305847, 50.8981399536, 51.362537384, 51.8269386292, 52.2913360596, 52.7557373047, 53.2201347351, 53.696144104, 54.1721534729, 54.6365509033, 55.1009521484, 55.5653495789, 56.0413589478, 56.5173683167, 56.9817695618, 57.4461669922, 57.9221763611, 58.39818573, 58.8625831604, 59.3269844055, 59.7913818359, 60.2789993286, 60.7434005737, 61.2077980042, 61.6721992493, 62.1365966797, 62.6009979248, 63.0653953552, 63.5297966003, 64.0174102783, 64.4934234619, 64.9694290161, 65.4454421997, 65.9214477539, 66.385848999, 66.8502502441, 67.3146438599, 67.779045105, 68.2550582886, 68.7310638428, 69.2070770264, 69.6830825806, 70.1474838257, 70.6118774414, 71.0762786865, 71.5406799316, 72.0166854858, 72.4926986694, 72.9687042236, 73.4447174072, 73.9091110229, 74.3735122681, 74.8379135132, 75.3255310059, 75.8015441895, 76.2775497437, 76.7535552979, 77.217956543, 77.6823577881, 78.1583633423, 78.6227645874, 79.098777771, 79.5747833252, 80.0507888794, 80.526802063, 81.0028076172, 81.4788208008, 81.9432220459, 82.4076156616, 82.8836288452, 83.3596343994, 83.8240356445, 84.2884368896, 84.7644424438, 85.2404556274, 85.7048492432, 86.1692504883, 86.6336517334, 87.1096572876, 87.5856704712, 88.0500640869, 88.514465332, 88.9788665771, 89.4432601929, 89.907661438, 90.3836746216, 90.8596801758, 91.3240814209, 91.8000869751, 92.2761001587, 92.7404937744, 93.2048950195, 93.6692962646, 94.1336975098, 94.5980911255, 95.0624923706, 95.5152816772, 95.9680709839, 96.432472229, 96.8968658447, 97.3612670898, 97.825668335, 98.2900695801, 98.7544631958, 99.2188644409, 99.683265686, 100.147659302, 100.612060547, 101.076461792, 101.529251099, 101.993652344, 102.44644165, 102.899223328, 103.352012634, 103.816413879, 104.280815125, 104.74521637, 105.209609985, 105.67401123, 106.126800537, 106.579589844, 107.043991089, 107.508384705, 107.97278595, 108.437187195, 108.90158844, 109.377593994, 109.841995239, 110.306388855, 110.7707901, 111.223579407, 111.687980652, 112.152381897, 112.616775513, 113.081176758, 113.545578003, 114.009971619, 114.474372864, 114.938774109, 115.403175354, 115.86756897, 116.331970215, 116.79637146, 117.260765076, 117.748390198, 118.212783813, 118.677185059, 119.141586304, 119.605987549, 120.070381165, 120.53478241, 120.999183655, 121.463577271, 121.927978516, 122.380767822, 122.833557129, 123.297958374, 123.762359619, 124.238365173, 124.714370728, 125.178771973, 125.643173218, 126.107574463, 126.571968079, 127.036369324, 127.500770569, 127.965164185, 128.441177368, 128.917190552, 129.381591797, 129.845977783, 130.310379028, 130.763168335, 131.239181519, 131.703582764, 132.167984009, 132.632385254, 133.09677124, 133.561172485, 134.037185669, 134.513198853, 134.977600098, 135.441986084, 135.917999268, 136.382400513, 136.835189819, 137.299591064, 137.76399231, 138.228393555, 138.692779541, 139.157180786, 139.63319397, 140.097595215, 140.56199646, 141.014785767, 141.479187012, 141.943572998, 142.407974243, 142.872375488, 143.348388672, 143.824401855, 144.30039978, 144.776412964, 145.240814209, 145.705215454, 146.181228638, 146.657226562, 147.133239746, 147.60925293, 148.073654175, 148.538040161, 149.002441406, 149.466842651, 149.942855835, 150.418869019, 150.883255005, 151.34765625, 151.812057495, 152.288070679, 152.752471924, 153.228485107, 153.692871094, 154.157272339, 154.621673584, 155.086074829, 155.562088013, 156.038085938, 156.502487183, 156.966888428, 157.442901611, 157.907302856, 158.383300781, 158.859313965, 159.335327148, 159.799728394, 160.275741577, 160.751739502, 161.216140747, 161.680541992, 162.156555176, 162.632553101, 163.096954346, 163.561355591, 164.025756836, 164.490158081, 164.954559326, 165.418960571, 165.894958496, 166.37097168, 166.835372925, 167.29977417, 167.764175415, 168.228561401, 168.681350708, 169.134140015, 169.59854126, 170.062942505, 170.515731812, 170.968521118, 171.432922363, 171.897323608, 172.361724854, 172.826126099, 173.302124023, 173.766525269, 174.230926514, 174.695327759, 175.148117065, 175.612518311, 176.076919556, 176.541305542, 177.005706787, 177.470108032, 177.934509277, 178.398910522, 178.863311768, 179.327713013, 179.792098999, 180.256500244, 180.720901489, 181.185302734, 181.638092041, 182.102493286, 182.555282593, 183.019683838, 183.484085083, 183.93687439, 184.389663696, 184.854049683, 185.318450928, 185.782852173, 186.247253418, 186.711654663, 187.176055908, 187.640457153, 188.10484314, 188.569244385, 189.03364563, 189.498046875, 189.950836182, 190.415237427, 190.868026733, 191.332427979, 191.796829224, 192.26121521, 192.725616455, 193.178405762, 193.631195068, 194.095596313, 194.559997559, 195.024398804, 195.488800049, 195.941589355, 196.405975342, 196.858764648, 197.311553955, 197.764343262, 198.228744507, 198.681533813, 199.13432312, 199.598724365, 200.051513672, 200.504302979, 200.957092285, 201.409881592, 201.874282837, 202.338684082, 202.803085327, 203.267486572, 203.731872559, 204.184661865, 204.637451172, 205.101852417, 205.566253662, 206.030654907, 206.483444214, 206.936233521, 207.389022827, 207.841812134, 208.282989502, 208.747390747, 209.200180054, 209.65296936, 210.117370605, 210.581771851, 211.034561157, 211.487350464, 211.940139771, 212.392913818, 212.857315063, 213.321716309, 213.786117554, 214.23890686, 214.703308105, 215.156097412, 215.620498657, 216.084899902, 216.526077271, 216.990478516, 217.454864502, 217.919265747, 218.383666992, 218.848068237, 219.300857544, 219.753646851, 220.206436157, 220.659225464, 221.123626709, 221.576416016, 222.029205322, 222.493606567, 222.958007812, 223.422393799, 223.886795044, 224.351196289, 224.815597534, 225.279998779, 225.732788086, 226.185577393, 226.649978638, 227.114364624, 227.578765869, 228.043167114, 228.507568359, 228.971969604, 229.43637085, 229.889160156, 230.341949463, 230.79473877, 231.259140015, 231.723526001, 232.187927246, 232.640716553, 233.105117798, 233.569519043, 234.02230835, 234.475097656, 234.95111084, 235.427108765, 235.903121948, 236.437179565, 236.959625244, 237.49369812, 238.016143799], "beats_loudness": {"dmean2": 0.0121909193695, "median": 0.0288852155209, "min": 0, "dvar2": 0.00010284192831, "dvar": 3.56271557393e-05, "dmean": 0.00707541173324, "max": 0.0525453016162, "var": 0.000145548197906, "mean": 0.0277603436261}, "danceability": 0.987744033337, "bpm_histogram_second_peak_weight": {"dmean2": 0, "median": 0.0255905520171, "min": 0.0255905520171, "dvar2": 0, "dvar": 0, "dmean": 0, "max": 0.0255905520171, "var": 0, "mean": 0.0255905520171}, "beats_count": 509, "bpm_histogram_second_peak_bpm": {"dmean2": 0, "median": 123, "min": 123, "dvar2": 0, "dvar": 0, "dmean": 0, "max": 123, "var": 0, "mean": 123}, "bpm_histogram_first_peak_spread": {"dmean2": 0, "median": 0.426804125309, "min": 0.426804125309, "dvar2": 0, "dvar": 0, "dmean": 0, "max": 0.426804125309, "var": 0, "mean": 0.426804125309}, "beats_loudness_band_ratio": {"dmean2": [0.218522891402, 0.163362309337, 0.212084576488, 0.16115668416, 0.114477910101, 0.0840426459908], "median": [0.173962831497, 0.126016050577, 0.180588930845, 0.178822383285, 0.152886658907, 0.09758913517], "min": [0, 0, 0, 0, 0, 0], "dvar2": [0.0351840928197, 0.0176067724824, 0.0415777303278, 0.02065092884, 0.00827067904174, 0.00517262564972], "dvar": [0.0109287109226, 0.00592449819669, 0.0146270236, 0.00738446740434, 0.00308792036958, 0.0023029264994], "dmean": [0.120300717652, 0.0912661999464, 0.120876982808, 0.0919038653374, 0.0662838220596, 0.0474737174809], "max": [0.646961510181, 0.496294558048, 0.773898124695, 0.862556278706, 0.480016112328, 0.751355648041], "var": [0.0155551265925, 0.00796630326658, 0.021863380447, 0.0150603409857, 0.00610129954293, 0.00298536964692], "mean": [0.199714973569, 0.140589237213, 0.225808307528, 0.209397181869, 0.164499431849, 0.103611774743]}}, "lowlevel": {"barkbands_spread": {"dmean2": 7.04460525513, "median": 25.8176441193, "min": 2.38939380646, "dvar2": 41.3857383728, "dvar": 18.6776447296, "dmean": 4.57178115845, "max": 111.899185181, "var": 91.1918640137, "mean": 26.5304832458}, "melbands_spread": {"dmean2": 12.5211343765, "median": 37.4840660095, "min": 3.21333003044, "dvar2": 136.282974243, "dvar": 53.8462486267, "dmean": 7.9086523056, "max": 156.05670166, "var": 336.80657959, "mean": 39.9128608704}, "hfc": {"dmean2": 8.02227878571, "median": 25.9377822876, "min": 1.05666566077e-16, "dvar2": 72.8760528564, "dvar": 32.0663452148, "dmean": 5.18358278275, "max": 90.5193710327, "var": 264.917694092, "mean": 27.2440834045}, "barkbands_kurtosis": {"dmean2": 1.14813840389, "median": -0.505767583847, "min": -1.82082211971, "dvar2": 3.24031257629, "dvar": 1.2820264101, "dmean": 0.701547563076, "max": 39.2061233521, "var": 2.88818335533, "mean": -0.0636500194669}, "gfcc": {"mean": [-2.5457713604, 82.4768218994, -153.573379517, 30.1722717285, -60.7905693054, 10.1713323593, -41.3880767822, 12.0897254944, -27.5688610077, 7.62234830856, -11.5462636948, -1.5532810688, -10.5808897018], "icov": [[0.000212825994822, -0.000510325073265, 0.0003326444712, -0.000661796249915, 0.000923391373362, -0.000524329661857, 0.000748406979255, -0.000630326278042, 0.00068054033909, -0.000808142183814, 0.000563164649066, -0.000493234081659, 0.000267942145001], [-0.000510325073265, 0.00386720662937, 0.000339943100698, 0.000459114729892, -0.0025860988535, 0.0017582551809, -0.00195722864009, 0.00161923572887, -0.00223609083332, 0.00332117220387, -0.00371619989164, 0.00372472428717, -0.00149381882511], [0.0003326444712, 0.000339943100698, 0.00288933189586, -0.00143101986032, 0.000240551133174, -0.00133014167659, 0.00139404449146, -0.0011000407394, -0.000493190716952, -0.00096526282141, 0.000309086608468, -0.00150524149649, 0.000894993019756], [-0.000661796249915, 0.000459114729892, -0.00143101986032, 0.00721434410661, -0.00427516130731, 0.00143730372656, -0.000573540863115, 0.00286372983828, -0.00243621109985, 0.000941557227634, 0.000872567412443, 0.000944357190747, -0.00115136278328], [0.000923391373362, -0.0025860988535, 0.000240551133174, -0.00427516130731, 0.0114660486579, -0.00404756469652, 0.000400435033953, -0.000935150892474, 0.00168727582786, -0.00124389852863, 0.00137933972292, -0.0010716705583, -8.6808911874e-05], [-0.000524329661857, 0.0017582551809, -0.00133014167659, 0.00143730372656, -0.00404756469652, 0.0124253379181, -0.00269402912818, -0.00363185023889, 0.0011064967839, 0.00229583866894, -4.51978630736e-05, -0.00128277984913, 0.00220911949873], [0.000748406979255, -0.00195722864009, 0.00139404449146, -0.000573540863115, 0.000400435033953, -0.00269402912818, 0.010986908339, -0.00266702123918, 0.00179265940096, -0.00312665267847, 0.0020583816804, -7.06295977579e-05, -0.000761833507568], [-0.000630326278042, 0.00161923572887, -0.0011000407394, 0.00286372983828, -0.000935150892474, -0.00363185023889, -0.00266702123918, 0.0167485270649, -0.00618383847177, 0.00238212780096, -0.000257550913375, -0.000160122246598, 0.00220678327605], [0.00068054033909, -0.00223609083332, -0.000493190716952, -0.00243621109985, 0.00168727582786, 0.0011064967839, 0.00179265940096, -0.00618383847177, 0.0178973991424, -0.00639997469261, -0.000793237006292, 0.00181508192327, -0.000350372400135], [-0.000808142183814, 0.00332117220387, -0.00096526282141, 0.000941557227634, -0.00124389852863, 0.00229583866894, -0.00312665267847, 0.00238212780096, -0.00639997469261, 0.0215626377612, -0.00845654401928, 6.55904805171e-05, 0.00341132329777], [0.000563164649066, -0.00371619989164, 0.000309086608468, 0.000872567412443, 0.00137933972292, -4.51978630736e-05, 0.0020583816804, -0.000257550913375, -0.000793237006292, -0.00845654401928, 0.0212547462434, -0.00731215858832, -0.000301918800687], [-0.000493234081659, 0.00372472428717, -0.00150524149649, 0.000944357190747, -0.0010716705583, -0.00128277984913, -7.06295977579e-05, -0.000160122246598, 0.00181508192327, 6.55904805171e-05, -0.00731215858832, 0.0248135663569, -0.00971307139844], [0.000267942145001, -0.00149381882511, 0.000894993019756, -0.00115136278328, -8.6808911874e-05, 0.00220911949873, -0.000761833507568, 0.00220678327605, -0.000350372400135, 0.00341132329777, -0.000301918800687, -0.00971307139844, 0.0249334033579]], "cov": [[27026.5527344, 1404.61401367, -2060.39868164, 843.967285156, -1310.83178711, 70.1969909668, -1004.94354248, 213.377944946, -430.808685303, 233.922058105, -213.017669678, 8.07395553589, -191.218215942], [1404.61401367, 802.686462402, -383.370635986, 113.177696228, 45.4732513428, -121.182647705, 27.9641284943, -79.871307373, 20.6476955414, -46.2751617432, 46.847454071, -96.6636123657, 40.3350486755], [-2060.39868164, -383.370635986, 741.915710449, 8.76795768738, 105.575965881, 98.0349197388, 8.82161426544, 55.9956626892, 57.6292266846, 26.4514827728, 2.70673847198, 60.2033920288, -19.3818035126], [843.967285156, 113.177696228, 8.76795768738, 256.153839111, 47.6250839233, -11.7480812073, -33.731338501, -25.9149532318, 8.41214847565, 0.228606969118, -16.6143188477, -10.8815946579, 7.34144353867], [-1310.83178711, 45.4732513428, 105.575965881, 47.6250839233, 214.96472168, 22.42694664, 69.0872497559, -17.2469978333, 23.1010723114, -25.1337451935, 5.72007799149, -10.9755554199, 17.1763248444], [70.1969909668, -121.182647705, 98.0349197388, -11.7480812073, 22.42694664, 146.246658325, 13.4739322662, 55.6657066345, -13.6861934662, -0.600797891617, -19.2857532501, 21.8941516876, -21.2853527069], [-1004.94354248, 27.9641284943, 8.82161426544, -33.731338501, 69.0872497559, 13.4739322662, 157.521316528, 2.57824158669, 13.0076179504, -10.9353160858, 4.71599054337, -13.5591545105, 10.6860361099], [213.377944946, -79.871307373, 55.9956626892, -25.9149532318, -17.2469978333, 55.6657066345, 2.57824158669, 101.81388092, 14.7654275894, 10.3573446274, -8.83355617523, 11.4553833008, -21.0634994507], [-430.808685303, 20.6476955414, 57.6292266846, 8.41214847565, 23.1010723114, -13.6861934662, 13.0076179504, 14.7654275894, 88.956703186, 20.006893158, 19.4240455627, -8.96952533722, -0.176085650921], [233.922058105, -46.2751617432, 26.4514827728, 0.228606969118, -25.1337451935, -0.600797891617, -10.9353160858, 10.3573446274, 20.006893158, 76.3777313232, 23.3579330444, 12.4121570587, -12.5608110428], [-213.017669678, 46.847454071, 2.70673847198, -16.6143188477, 5.72007799149, -19.2857532501, 4.71599054337, -8.83355617523, 19.4240455627, 23.3579330444, 75.3224105835, 13.4023513794, 10.0963945389], [8.07395553589, -96.6636123657, 60.2033920288, -10.8815946579, -10.9755554199, 21.8941516876, -13.5591545105, 11.4553833008, -8.96952533722, 12.4121570587, 13.4023513794, 69.5870666504, 13.4985809326], [-191.218215942, 40.3350486755, -19.3818035126, 7.34144353867, 17.1763248444, -21.2853527069, 10.6860361099, -21.0634994507, -0.176085650921, -12.5608110428, 10.0963945389, 13.4985809326, 56.8463401794]]}, "spectral_energyband_middle_low": {"dmean2": 0.0054870666936, "median": 0.00785832479596, "min": 1.45421269841e-22, "dvar2": 4.58027752757e-05, "dvar": 1.76227349584e-05, "dmean": 0.00344227161258, "max": 0.0579518191516, "var": 5.77478058403e-05, "mean": 0.00969793088734}, "melbands_crest": {"dmean2": 4.92640113831, "median": 8.73431110382, "min": 1.58611786366, "dvar2": 20.5521678925, "dvar": 7.72947645187, "dmean": 2.96592020988, "max": 30.3374652863, "var": 18.3076171875, "mean": 9.73864841461}, "spectral_kurtosis": {"dmean2": 2.13462638855, "median": 4.08774328232, "min": -1.24826526642, "dvar2": 4.38106012344, "dvar": 1.46538424492, "dmean": 1.24051475525, "max": 25.2395915985, "var": 3.68995118141, "mean": 4.32987880707}, "spectral_rms": {"dmean2": 0.000783315801527, "median": 0.00451868539676, "min": 3.12458999646e-12, "dvar2": 6.57642544866e-07, "dvar": 2.81013655012e-07, "dmean": 0.000503420305904, "max": 0.0084574483335, "var": 2.58096633843e-06, "mean": 0.00433919765055}, "zerocrossingrate": {"dmean2": 0.00991507899016, "median": 0.078125, "min": 0.02734375, "dvar2": 0.000130397034809, "dvar": 9.47004809859e-05, "dmean": 0.00802703760564, "max": 0.52587890625, "var": 0.0031219010707, "mean": 0.0875672101974}, "silence_rate_60dB": {"dmean2": 0.00934306532145, "median": 0, "min": 0, "dvar2": 0.010421066545, "dvar": 0.00464962795377, "dmean": 0.00467107817531, "max": 1, "var": 0.0638923421502, "mean": 0.0685997828841}, "erbbands_kurtosis": {"dmean2": 1.03610634804, "median": -0.264747619629, "min": -1.62640702724, "dvar2": 3.99595570564, "dvar": 1.40822768211, "dmean": 0.621850967407, "max": 47.1485748291, "var": 2.46916627884, "mean": 0.00667012715712}, "erbbands": {"dmean2": [0.0303410030901, 0.404074251652, 1.20688390732, 1.9129191637, 2.68585038185, 4.45184326172, 5.73908042908, 15.8822174072, 33.5344009399, 38.069858551, 20.3126182556, 20.7355556488, 46.3761291504, 33.7781982422, 39.6218566895, 36.2394752502, 55.5664482117, 62.5769691467, 35.9989433289, 39.8234138489, 36.7495956421, 26.3071746826, 25.5297088623, 25.4428730011, 21.5765075684, 15.2823429108, 8.69109916687, 6.06991434097, 3.17882609367, 2.51762342453, 1.86064946651, 1.47862029076, 1.03373682499, 0.785927593708, 0.342310607433, 0.13212607801, 0.0413724817336, 0.0025756508112, 5.45806506125e-05, 1.13292735477e-05], "median": [0.0111615704373, 0.139457762241, 0.491209089756, 1.19710016251, 1.8072091341, 2.59135198593, 5.07579803467, 9.18950176239, 13.2251825333, 14.2325601578, 15.3738193512, 10.3426818848, 19.7016429901, 19.1225910187, 23.2116889954, 24.7027397156, 29.8123683929, 37.679145813, 28.8787250519, 30.2662639618, 32.9126472473, 29.5186424255, 29.7521095276, 28.3252258301, 26.5597515106, 17.8115100861, 9.48363304138, 5.52823209763, 2.98482227325, 1.97370672226, 1.2244771719, 0.744597017765, 0.522195219994, 0.287593662739, 0.114656843245, 0.0423532426357, 0.0079084224999, 0.000404898135457, 2.80235508399e-05, 3.08009985019e-05], "min": [1.0507822264e-22, 2.21451507181e-22, 2.38418393164e-21, 1.92585882542e-21, 1.29998049092e-20, 2.66875559006e-20, 5.9563311356e-20, 3.77261793931e-20, 1.51575044061e-19, 1.43982198122e-19, 2.21283919501e-19, 1.43758277746e-19, 3.95011855568e-19, 5.2992354006e-19, 8.61111406184e-19, 6.39004778015e-19, 1.27603900502e-18, 1.98342008343e-18, 2.02199296296e-18, 2.29016843307e-18, 3.31430922807e-18, 4.722291399e-18, 5.72319731099e-18, 5.13901134313e-18, 7.22571547259e-18, 6.73725498112e-18, 9.29698482541e-18, 1.01564900019e-17, 1.01818985088e-17, 1.04150153762e-17, 1.06956024846e-17, 1.12228308635e-17, 8.81680234392e-18, 6.79563697516e-18, 5.93987272295e-18, 4.10669531534e-18, 2.33538522728e-18, 8.78685943972e-19, 2.35003588839e-19, 2.660862316e-20], "dvar2": [0.00358729227446, 0.691327631474, 7.13586997986, 14.4011478424, 15.9523086548, 43.4248771667, 67.5481033325, 850.724304199, 4472.81689453, 5270.54931641, 1127.6373291, 2922.33447266, 13294.3193359, 4458.6875, 5156.88037109, 3517.28417969, 11941.8623047, 11038.4882812, 4047.0859375, 5579.06787109, 3380.48706055, 1052.95544434, 1136.33630371, 1180.74523926, 701.953979492, 453.110900879, 166.850997925, 107.241973877, 26.1854991913, 18.3830776215, 10.4009876251, 7.19585704803, 3.64465641975, 2.7637181282, 0.761338829994, 0.0956712663174, 0.00890944618732, 3.70915040548e-05, 1.43727429958e-08, 1.75216355314e-10], "dvar": [0.0014617749257, 0.254169583321, 2.49454832077, 5.0705704689, 6.25076150894, 15.9109315872, 29.0627803802, 325.57131958, 1784.25634766, 2150.234375, 458.228973389, 1086.14562988, 4688.32373047, 1761.32421875, 1908.4276123, 1329.64697266, 4414.06152344, 3865.46777344, 1475.12744141, 2019.68273926, 1305.75061035, 395.741119385, 431.955688477, 433.354949951, 279.238220215, 174.900741577, 65.9054489136, 43.6614303589, 11.4042854309, 8.09030723572, 4.38898229599, 3.07843446732, 1.63908052444, 1.23919737339, 0.374648153782, 0.0449450500309, 0.0037006828934, 1.50166551975e-05, 6.03766769913e-09, 7.66774352345e-11], "dmean": [0.0183956306428, 0.23276129365, 0.669922232628, 1.08671796322, 1.64563214779, 2.63354539871, 3.72999119759, 9.70841789246, 20.9652671814, 24.1513519287, 13.1409301758, 12.783539772, 27.7522525787, 20.8380737305, 24.1220989227, 21.7264671326, 33.4751968384, 36.934261322, 21.4683418274, 23.8314056396, 22.1949577332, 15.7466821671, 15.4553632736, 15.5215396881, 13.2407779694, 9.45954704285, 5.43140554428, 3.81563067436, 2.01893496513, 1.6236679554, 1.18439769745, 0.938412129879, 0.662714540958, 0.503305435181, 0.223285630345, 0.085663177073, 0.0262712165713, 0.00162393786013, 3.51492017217e-05, 7.3653304753e-06], "max": [0.372804105282, 5.31481313705, 15.8563585281, 27.535276413, 52.7102165222, 72.5925064087, 118.613075256, 442.031707764, 794.660705566, 785.434448242, 601.599121094, 810.586181641, 1244.5925293, 1118.44104004, 956.994262695, 817.42578125, 1385.44421387, 1425.59802246, 920.460266113, 1060.36413574, 810.825866699, 386.586547852, 618.563415527, 406.124725342, 303.395751953, 259.795501709, 158.7837677, 139.138061523, 75.8719329834, 50.8466415405, 38.9114456177, 37.5926017761, 32.9645462036, 34.9955596924, 17.9955120087, 7.11189365387, 0.915475845337, 0.071008965373, 0.00131985277403, 0.000123202087707], "var": [0.00150780146942, 0.208112820983, 1.90471494198, 4.81064987183, 10.9608163834, 27.0427436829, 108.759025574, 715.462280273, 4147.09863281, 4669.66796875, 1161.68054199, 2119.85571289, 9601.83398438, 3796.93017578, 3515.33007812, 2940.19042969, 8099.62841797, 7942.10742188, 2917.27563477, 3765.01660156, 3367.82299805, 1012.31225586, 1028.84729004, 1191.99658203, 860.175720215, 687.998291016, 298.040466309, 110.421936035, 29.4993858337, 22.7792682648, 10.9316358566, 8.00357913971, 4.55908584595, 3.55806922913, 1.16804683208, 0.121914602816, 0.00687909917906, 2.63977926807e-05, 1.24231203102e-08, 3.64047125778e-10], "mean": [0.023072199896, 0.276788324118, 0.918130278587, 1.76469087601, 2.78724193573, 4.24038219452, 8.61190986633, 18.3937931061, 35.5299797058, 39.5506858826, 26.6615924835, 22.6072387695, 48.8049201965, 38.0918693542, 41.7144012451, 41.3557929993, 60.3261642456, 69.1013183594, 44.2938346863, 48.7789916992, 49.2293586731, 37.4059867859, 37.5221633911, 37.7602844238, 33.8129959106, 25.5451164246, 15.2547864914, 8.88209724426, 4.68011522293, 3.56124377251, 2.47757267952, 1.83550536633, 1.31026136875, 0.952475905418, 0.415846765041, 0.150140836835, 0.0394405908883, 0.00235651037656, 6.62407255732e-05, 3.16395016853e-05]}, "spectral_strongpeak": {"dmean2": 1.25557494164, "median": 1.05905628204, "min": 0, "dvar2": 2.33913993835, "dvar": 0.876306533813, "dmean": 0.736264646053, "max": 10.2644844055, "var": 1.52589511871, "mean": 1.32172083855}, "spectral_energy": {"dmean2": 0.00792020745575, "median": 0.02092897892, "min": 1.000713977e-20, "dvar2": 8.3554048615e-05, "dvar": 3.40146652889e-05, "dmean": 0.00501390593126, "max": 0.0733166411519, "var": 0.000169377060956, "mean": 0.0219447892159}, "average_loudness": 0.885460853577, "spectral_rolloff": {"dmean2": 729.950622559, "median": 2304.05273438, "min": 215.33203125, "dvar2": 693467, "dvar": 323620.625, "dmean": 446.129760742, "max": 19659.8144531, "var": 4780123, "mean": 2637.24609375}, "spectral_centroid": {"dmean2": 359.807952881, "median": 1950.97607422, "min": 460.577758789, "dvar2": 114901.429688, "dvar": 49952.2890625, "dmean": 228.426361084, "max": 11979.8916016, "var": 1254168.375, "mean": 2050.62866211}, "pitch_salience": {"dmean2": 0.093201726675, "median": 0.623566865921, "min": 0.211422905326, "dvar2": 0.00610244367272, "dvar": 0.00231011630967, "dmean": 0.0565841980278, "max": 0.931942284107, "var": 0.0069332732819, "mean": 0.616448581219}, "spectral_energyband_middle_high": {"dmean2": 0.00384668842889, "median": 0.00831735692918, "min": 1.08596344115e-21, "dvar2": 1.90978480532e-05, "dvar": 7.21303149476e-06, "dmean": 0.00236079073511, "max": 0.0565257966518, "var": 4.62384559796e-05, "mean": 0.00975734274834}, "spectral_contrast_coeffs": {"dmean2": [0.0765182301402, 0.0762745887041, 0.064698189497, 0.0505350418389, 0.0341986380517, 0.0260473508388], "median": [-0.669310331345, -0.721181869507, -0.765956938267, -0.765175163746, -0.77333265543, -0.748148798943], "min": [-0.982172250748, -0.977339267731, -0.976000368595, -0.974386632442, -0.967136800289, -0.96576577425], "dvar2": [0.00385735440068, 0.00381850940175, 0.00258820573799, 0.0015793342609, 0.000751458748709, 0.000460735434899], "dvar": [0.00139471178409, 0.00143815285992, 0.000967331347056, 0.000580234045628, 0.000275966362096, 0.000196826484171], "dmean": [0.0461273528636, 0.0465025827289, 0.0389195121825, 0.0303028170019, 0.0205455198884, 0.016204027459], "max": [-0.36740988493, -0.440124213696, -0.512078166008, -0.562452197075, -0.641632914543, -0.623832464218], "var": [0.00517213484272, 0.0065043293871, 0.00400036387146, 0.00267710071057, 0.00159999541938, 0.00227625970729], "mean": [-0.670563101768, -0.717816650867, -0.762952983379, -0.765385091305, -0.774630188942, -0.749105393887]}, "melbands_skewness": {"dmean2": 0.64663040638, "median": 1.15074169636, "min": -2.12757563591, "dvar2": 0.385237216949, "dvar": 0.152494713664, "dmean": 0.398802429438, "max": 6.89509391785, "var": 0.54735660553, "mean": 1.20927357674}, "spectral_spread": {"dmean2": 549306.625, "median": 3513965, "min": 1189938.875, "dvar2": 646818430976, "dvar": 346791149568, "dmean": 365654.40625, "max": 42663120, "var": 18559021350900.0, "mean": 4244870.5}, "dissonance": {"dmean2": 0.0211037341505, "median": 0.479766130447, "min": 0.351691097021, "dvar2": 0.000388968590414, "dvar": 0.000140092466609, "dmean": 0.0124974371865, "max": 0.500000119209, "var": 0.000283677625703, "mean": 0.476239740849}, "spectral_skewness": {"dmean2": 0.266158729792, "median": 1.36548101902, "min": -0.0885389819741, "dvar2": 0.0552879720926, "dvar": 0.0197423715144, "dmean": 0.158708661795, "max": 3.24965691566, "var": 0.0996214225888, "mean": 1.35962569714}, "spectral_flux": {"dmean2": 0.023779772222, "median": 0.0781790018082, "min": 6.38850708445e-11, "dvar2": 0.000578930776101, "dvar": 0.000264722853899, "dmean": 0.0151060093194, "max": 0.20684863627, "var": 0.0011829995783, "mean": 0.0783617570996}, "spectral_contrast_valleys": {"dmean2": [0.705199122429, 0.533317506313, 0.476548194885, 0.373574912548, 0.287534058094, 0.337066024542], "median": [-7.49978637695, -6.45376825333, -6.83671998978, -6.9343380928, -6.79663944244, -9.99628543854], "min": [-28.3610210419, -28.1390533447, -27.7966918945, -27.7235927582, -27.5758399963, -27.4200572968], "dvar2": [0.388783276081, 0.197944745421, 0.160666316748, 0.117387019098, 0.0817301422358, 0.133466050029], "dvar": [0.170629262924, 0.0873473659158, 0.0736639276147, 0.0588878467679, 0.048124294728, 0.0820415243506], "dmean": [0.431096047163, 0.326512634754, 0.291590183973, 0.23176959157, 0.18458686769, 0.240392178297], "max": [-5.69449281693, -4.78676605225, -5.14952325821, -5.68495464325, -5.77807569504, -7.78272151947], "var": [6.24667549133, 6.6156578064, 6.15110111237, 6.08067083359, 6.1985707283, 4.96112632751], "mean": [-7.98373508453, -6.91063785553, -7.24453496933, -7.34407758713, -7.22889471054, -10.2726039886]}, "erbbands_flatness_db": {"dmean2": 0.0230311639607, "median": 0.170773118734, "min": 0.0650058165193, "dvar2": 0.000428275874583, "dvar": 0.000207993405638, "dmean": 0.0150960236788, "max": 0.350352793932, "var": 0.00120709754992, "mean": 0.170015305281}, "spectral_energyband_high": {"dmean2": 0.000459051399957, "median": 0.000643094361294, "min": 6.92585967649e-21, "dvar2": 4.12096227365e-07, "dvar": 1.91851299292e-07, "dmean": 0.000303235516185, "max": 0.00689654890448, "var": 7.99760982773e-07, "mean": 0.000920442689676}, "spectral_entropy": {"dmean2": 0.143683895469, "median": 7.74510526657, "min": 6.79559516907, "dvar2": 0.0177339836955, "dvar": 0.00869518425316, "dmean": 0.0959668159485, "max": 9.8244972229, "var": 0.102744884789, "mean": 7.79043531418}, "silence_rate_20dB": {"dmean2": 0, "median": 1, "min": 1, "dvar2": 0, "dvar": 0, "dmean": 0, "max": 1, "var": 0, "mean": 1}, "melbands_flatness_db": {"dmean2": 0.0262757297605, "median": 0.124497130513, "min": 0.00309049198404, "dvar2": 0.000614551303443, "dvar": 0.000245849281782, "dmean": 0.0168339665979, "max": 0.271062850952, "var": 0.00125086482149, "mean": 0.124787576497}, "barkbands": {"dmean2": [2.40343324549e-05, 0.00150291819591, 0.00111389160156, 0.000684778846335, 0.00106783385854, 0.00163517007604, 0.00247439276427, 0.00132472137921, 0.000950748624746, 0.00156923336908, 0.000919390935451, 0.000885636545718, 0.00115042401012, 0.0012545977952, 0.0006769275642, 0.000826687144581, 0.000556194980163, 0.000501918722875, 0.000448209611932, 0.000351277325535, 0.000186458826647, 8.85017798282e-05, 6.4830914198e-05, 6.38650235487e-05, 5.53315330762e-05, 2.35311890719e-05, 1.72054592795e-09], "median": [4.27122358815e-06, 0.000537802698091, 0.000434213172412, 0.000369396293536, 0.000822754693218, 0.00114848464727, 0.000934545649216, 0.000678385898937, 0.000403926329454, 0.000717889924999, 0.00044147358858, 0.000495605985634, 0.00054325273959, 0.000678336888086, 0.000456175184809, 0.00059092475567, 0.000534517283086, 0.000550921424292, 0.000533588754479, 0.000376714480808, 0.00017731358821, 8.28714109957e-05, 4.48425998911e-05, 3.33542775479e-05, 2.05735141208e-05, 6.0897050389e-06, 2.76091122187e-10], "min": [1.86536564143e-25, 1.77556990041e-24, 1.33240095867e-24, 7.07370834155e-25, 7.76048541943e-24, 5.85777697629e-24, 1.02301785663e-23, 6.61141642539e-24, 6.01310487182e-24, 1.22032585298e-23, 1.51665671886e-23, 1.20609283009e-23, 2.06097705435e-23, 3.31225307608e-23, 3.96700415642e-23, 5.02277551784e-23, 6.69878340173e-23, 1.1471588778e-22, 1.23834791678e-22, 1.406379581e-22, 2.55580129053e-22, 2.78768171558e-22, 3.41999298483e-22, 5.76763294135e-22, 9.15791426905e-22, 1.28385711308e-21, 1.95439696045e-21], "dvar2": [1.99258631817e-09, 9.25493168324e-06, 6.4037571974e-06, 1.55070586061e-06, 2.14134774978e-06, 7.83733867138e-06, 2.36810737988e-05, 6.63563059788e-06, 5.10020572619e-06, 1.06342231447e-05, 2.69826250587e-06, 2.14475903704e-06, 4.61774152427e-06, 4.23426126872e-06, 1.22748519971e-06, 2.45231581175e-06, 4.61658061113e-07, 4.36957833472e-07, 2.89443022439e-07, 2.23200288474e-07, 7.50427702201e-08, 1.88809980983e-08, 1.28896742169e-08, 1.3164332735e-08, 1.57091939457e-08, 2.77018052941e-09, 5.46694709697e-18], "dvar": [1.07309738873e-09, 3.51557559952e-06, 2.2380718292e-06, 5.44764873212e-07, 8.09759626463e-07, 3.03606725538e-06, 9.42807491811e-06, 2.72326428785e-06, 1.87234536497e-06, 3.81100721825e-06, 1.01611942682e-06, 8.10077381175e-07, 1.71950625827e-06, 1.49783033976e-06, 4.47759873623e-07, 9.12847724521e-07, 1.70119079712e-07, 1.64452202966e-07, 1.1057616689e-07, 8.77159820334e-08, 3.09068433069e-08, 8.31327007234e-09, 5.52542944732e-09, 5.79477088536e-09, 7.66337659996e-09, 1.20369414436e-09, 1.70600955537e-18], "dmean": [1.6833857444e-05, 0.000888506066985, 0.000623123545665, 0.000392285117414, 0.000649182999041, 0.00101764162537, 0.00156489678193, 0.000852189492434, 0.000583527609706, 0.000939178105909, 0.000559990876354, 0.0005306935