{"tonal": {"thpcp": [1, 0.661392748356, 0.25655823946, 0.190213724971, 0.188091292977, 0.302288174629, 0.469132870436, 0.412733882666, 0.350056648254, 0.401808649302, 0.295985549688, 0.241047739983, 0.327966243029, 0.275634378195, 0.204907283187, 0.252777069807, 0.239474311471, 0.215080708265, 0.217675060034, 0.212645068765, 0.407594799995, 0.675194680691, 0.585060060024, 0.567277908325, 0.671528220177, 0.394990831614, 0.18490819633, 0.240067154169, 0.241572514176, 0.271289408207, 0.331795692444, 0.263618290424, 0.201058104634, 0.192708745599, 0.228880137205, 0.631476700306], "hpcp": {"dmean2": [0.234359830618, 0.243063807487, 0.186449497938, 0.159004971385, 0.157049834728, 0.185065954924, 0.192399948835, 0.215449690819, 0.21442347765, 0.195105165243, 0.165943205357, 0.140413731337, 0.150648698211, 0.142538070679, 0.119703285396, 0.12287735939, 0.125345751643, 0.124853134155, 0.122474908829, 0.129449337721, 0.18955925107, 0.214242637157, 0.258936107159, 0.303015500307, 0.212691232562, 0.204501017928, 0.140114277601, 0.13401889801, 0.143888756633, 0.155747666955, 0.151193395257, 0.160860970616, 0.145674034953, 0.135556533933, 0.166901215911, 0.250274419785], "median": [0.102511256933, 0.0714203715324, 0.0162040311843, 0.00872120633721, 0.00784434378147, 0.021185496822, 0.0380142219365, 0.0308220088482, 0.0266215074807, 0.0345264561474, 0.0256245415658, 0.0268883816898, 0.0328715592623, 0.0234554838389, 0.0173023100942, 0.0181551333517, 0.0166980307549, 0.0158917848021, 0.0141879357398, 0.0128950811923, 0.0418437197804, 0.0736834779382, 0.0616742782295, 0.0342078059912, 0.0203727334738, 0.0132203148678, 0.0124070281163, 0.0144497547299, 0.0154694309458, 0.0173967480659, 0.0187066160142, 0.0144815733656, 0.0131881935522, 0.0132873989642, 0.0183484256268, 0.0627199038863], "min": [0, 0, 0, 0, 0, 0, 0, 0, 0, 0, 0, 0, 0, 0, 0, 0, 0, 0, 0, 0, 0, 0, 0, 0, 0, 0, 0, 0, 0, 0, 0, 0, 0, 0, 0, 0], "dvar2": [0.116837799549, 0.110446542501, 0.104985356331, 0.100958704948, 0.103445015848, 0.114458449185, 0.105444282293, 0.131847977638, 0.124889142811, 0.113131277263, 0.0996888205409, 0.0754191428423, 0.0771152675152, 0.0760103240609, 0.0596327185631, 0.0681792721152, 0.0716931596398, 0.071647323668, 0.0675297155976, 0.0693240985274, 0.103583432734, 0.10094756633, 0.13742120564, 0.174640998244, 0.135227307677, 0.136080563068, 0.083843998611, 0.0853872522712, 0.0889154747128, 0.0954764783382, 0.0867259278893, 0.0995251834393, 0.08688762784, 0.0763535946608, 0.0873009860516, 0.118704073131], "dvar": [0.0490159280598, 0.0413215123117, 0.0374681092799, 0.0361530445516, 0.0364673659205, 0.0409119985998, 0.0410355217755, 0.0471793599427, 0.0444915667176, 0.0436409749091, 0.0365788266063, 0.0265309046954, 0.0287384856492, 0.0279205515981, 0.0219823345542, 0.025921355933, 0.0267514009029, 0.025762334466, 0.0242592915893, 0.0249123722315, 0.0362756736577, 0.0421658493578, 0.0521613955498, 0.060712210834, 0.0522775016725, 0.0464720912278, 0.0287332572043, 0.0311559792608, 0.0321318469942, 0.0341027081013, 0.0335072949529, 0.0359191633761, 0.0314156450331, 0.0271582026035, 0.0315447002649, 0.0436283871531], "dmean": [0.136435523629, 0.140345811844, 0.102854594588, 0.0857437476516, 0.084955945611, 0.101879902184, 0.108669288456, 0.120115660131, 0.118928447366, 0.109582968056, 0.0928801372647, 0.0782560184598, 0.0872744843364, 0.0816412568092, 0.0674629658461, 0.0692068114877, 0.0710980445147, 0.069855183363, 0.0687432438135, 0.0715602487326, 0.107756257057, 0.126091971993, 0.147029533982, 0.167893230915, 0.116864942014, 0.112191870809, 0.0752915740013, 0.0740367695689, 0.0795836895704, 0.0856429487467, 0.0841952711344, 0.0885480642319, 0.0796828791499, 0.0746413469315, 0.0921290144324, 0.141005814075], "max": [1, 1, 1, 1, 1, 1, 1, 1, 1, 1, 1, 1, 1, 1, 1, 1, 1, 1, 1, 1, 1, 1, 1, 1, 1, 1, 1, 1, 1, 1, 1, 1, 1, 1, 1, 1], "var": [0.147655516863, 0.0702555850148, 0.0300188399851, 0.0255772955716, 0.0253804605454, 0.0370955690742, 0.0685058534145, 0.0574552975595, 0.0416641235352, 0.05583961308, 0.0353954471648, 0.0215736534446, 0.0353800430894, 0.0304860174656, 0.0208136085421, 0.0340447686613, 0.031568467617, 0.0236791204661, 0.0234805196524, 0.0237452015281, 0.0450181476772, 0.0908652096987, 0.0744978040457, 0.0755688026547, 0.128452017903, 0.0587378293276, 0.0192700102925, 0.0301208049059, 0.0293032545596, 0.0363949798048, 0.0533034466207, 0.0338122621179, 0.0229776594788, 0.019859502092, 0.0241332575679, 0.0686691403389], "mean": [0.318877398968, 0.210903197527, 0.0818106234074, 0.0606548599899, 0.0599780641496, 0.0963928699493, 0.149595871568, 0.131611511111, 0.111625149846, 0.12812769413, 0.0943830981851, 0.0768646746874, 0.104581020772, 0.0878935754299, 0.0653403028846, 0.0806048959494, 0.0763629451394, 0.0685843750834, 0.0694116577506, 0.0678077042103, 0.12997277081, 0.21530431509, 0.186562433839, 0.180892109871, 0.214135169983, 0.125953644514, 0.0589630454779, 0.0765519887209, 0.0770320147276, 0.0865080654621, 0.105802148581, 0.0840619131923, 0.0641128867865, 0.0614504627883, 0.0729847028852, 0.201363652945]}, "tuning_equal_tempered_deviation": 0.0302478708327, "chords_changes_rate": 0.0602026619017, "key_key": "A", "tuning_diatonic_strength": 0.568354487419, "key_scale": "minor", "chords_number_rate": 0.00258295261301, "tuning_frequency": 439.491973877, "tuning_nontempered_energy_ratio": 0.681501507759, "chords_histogram": [30.9954299927, 7.15279150009, 3.29823160172, 1.49016487598, 2.12596869469, 0.45698389411, 1.41068947315, 19.6900463104, 0.794754624367, 4.21219968796, 1.09278762341, 3.27836275101, 0.0794754624367, 0, 0.0794754624367, 0, 0.119213193655, 1.37095177174, 0.913967788219, 0, 0.0794754624367, 0.0198688656092, 6.63620090485, 14.7029600143], "key_strength": 0.745548129082, "chords_key": "A", "chords_strength": {"dmean2": 0.0102671626955, "median": 0.524129331112, "min": -1, "dvar2": 0.000799682748038, "dvar": 0.000472946267109, "dmean": 0.0101917106658, "max": 0.807083666325, "var": 0.0227170102298, "mean": 0.507658660412}, "chords_scale": "minor", "hpcp_entropy": {"dmean2": 1.00243115425, "median": 1.9747338295, "min": 0, "dvar2": 0.680913507938, "dvar": 0.257309883833, "dmean": 0.606230854988, "max": 4.26409244537, "var": 0.564719438553, "mean": 1.98002302647}}, "metadata": {"audio_properties": {"equal_loudness": 0, "codec": "mp3", "downmix": "mix", "sample_rate": 44100, "analysis_sample_rate": 44100, "bit_rate": 192000, "md5_encoded": "9b492c7ce6bab95e9b1d1cac8a74adb2", "length": 233.665313721, "replay_gain": -13.9570674896, "lossless": false}, "version": {"essentia_build_sha": "70f2e5ece6736b2c40cc944ad0e695b16b925413", "essentia": "2.1-beta2", "extractor": "music 1.0", "essentia_git_sha": "v2.1_beta2"}, "tags": {"title": ["On Your Side"], "artist": ["Madrugada"], "tracknumber": ["2"], "albumartist": ["Madrugada"], "date": ["2005"], "genre": ["Rock"], "length": ["233706"], "album": ["The Deep End"], "label": ["EMI/Virgin"], "musicbrainz_recordingid": ["041915b2-862a-4114-b132-131728005dc0"], "file_name": "26276.mp3"}}, "rhythm": {"bpm_histogram_first_peak_bpm": {"dmean2": 0, "median": 129, "min": 129, "dvar2": 0, "dvar": 0, "dmean": 0, "max": 129, "var": 0, "mean": 129}, "bpm": 129.781326294, "bpm_histogram_second_peak_spread": {"dmean2": 0, "median": 0.214285671711, "min": 0.214285671711, "dvar2": 0, "dvar": 0, "dmean": 0, "max": 0.214285671711, "var": 0, "mean": 0.214285671711}, "bpm_histogram_first_peak_weight": {"dmean2": 0, "median": 0.748015880585, "min": 0.748015880585, "dvar2": 0, "dvar": 0, "dmean": 0, "max": 0.748015880585, "var": 0, "mean": 0.748015880585}, "onset_rate": 3.47903299332, "beats_position": [0.406349211931, 0.824308395386, 1.24226760864, 1.67183673382, 2.11301589012, 2.57741498947, 3.04181408882, 3.50621318817, 3.97061228752, 4.43501138687, 4.8994102478, 5.35219955444, 5.80498838425, 6.26938772202, 6.73378658295, 7.19818592072, 7.66258478165, 8.12698364258, 8.57977294922, 9.03256225586, 9.49696159363, 9.96135997772, 10.4257593155, 10.8901586533, 11.354557991, 11.8189563751, 12.2833557129, 12.7477550507, 13.2121543884, 13.6765527725, 14.1293420792, 14.5821313858, 15.0465307236, 15.5109291077, 15.9753284454, 16.4397277832, 16.904127121, 17.3685264587, 17.8329238892, 18.2973232269, 18.7617225647, 19.2261219025, 19.6905212402, 20.1433105469, 20.5960998535, 21.0604991913, 21.5248966217, 21.9892959595, 22.4536952972, 22.918094635, 23.3824939728, 23.8468933105, 24.3112926483, 24.7756919861, 25.2168693542, 25.681268692, 26.1456680298, 26.6100673676, 27.0744667053, 27.5388660431, 27.9916553497, 28.4444446564, 28.9088420868, 29.3732414246, 29.8376407623, 30.3020401001, 30.7664394379, 31.2308387756, 31.6952381134, 32.1596374512, 32.6240348816, 33.0884361267, 33.5528335571, 34.0172348022, 34.4816322327, 34.9460296631, 35.4104309082, 35.8632202148, 36.3160095215, 36.7804069519, 37.2331962585, 37.6975975037, 38.1619949341, 38.6147842407, 39.0791816711, 39.5435829163, 40.0079803467, 40.4723815918, 40.9251708984, 41.3779602051, 41.8539657593, 42.3183670044, 42.771156311, 43.2355537415, 43.6999549866, 44.164352417, 44.6287536621, 45.0931510925, 45.5575485229, 46.0219497681, 46.4863471985, 46.9507484436, 47.415145874, 47.8795471191, 48.3323364258, 48.7967338562, 49.2495231628, 49.7139205933, 50.1783218384, 50.6427192688, 51.1071205139, 51.5715179443, 52.0359191895, 52.5003166199, 52.9647140503, 53.4291152954, 53.8935127258, 54.3579139709, 54.8223114014, 55.2867126465, 55.7511100769, 56.2038993835, 56.668296814, 57.1210861206, 57.5854873657, 58.0498847961, 58.5026741028, 58.9554634094, 59.4198646545, 59.884262085, 60.3486595154, 60.8130607605, 61.2774581909, 61.741859436, 62.2062568665, 62.6706581116, 63.135055542, 63.5994529724, 64.0638504028, 64.5166397095, 64.9694290161, 65.4338302612, 65.8982315063, 66.3626327515, 66.8270263672, 67.2914276123, 67.7558288574, 68.2202224731, 68.6846237183, 69.1490249634, 69.6134262085, 70.0662155151, 70.5189971924, 70.9833984375, 71.4477996826, 71.9122009277, 72.3765945435, 72.8409957886, 73.3053970337, 73.7581863403, 74.210975647, 74.6753692627, 75.1397705078, 75.6041717529, 76.068572998, 76.5329666138, 76.9973678589, 77.461769104, 77.9261627197, 78.3905639648, 78.8433532715, 79.3077545166, 79.7605438232, 80.2249450684, 80.6893386841, 81.1537399292, 81.6181411743, 82.08253479, 82.5469360352, 83.0113372803, 83.4757385254, 83.9401321411, 84.4045333862, 84.8689346313, 85.3333282471, 85.7861175537, 86.2389068604, 86.7033081055, 87.1677093506, 87.6321105957, 88.0965042114, 88.5492935181, 89.0136947632, 89.4780960083, 89.9308853149, 90.3952789307, 90.8596801758, 91.3124694824, 91.7652587891, 92.2412643433, 92.7172775269, 93.181678772, 93.6460723877, 94.1104736328, 94.5632629395, 95.0160522461, 95.4804534912, 95.9448471069, 96.3976364136, 96.8620376587, 97.3264389038, 97.7792282104, 98.2436294556, 98.6964187622, 99.1608123779, 99.6136016846, 100.07800293, 100.554008484, 101.018409729, 101.482810974, 101.935600281, 102.400001526, 102.864395142, 103.328796387, 103.793197632, 104.257591248, 104.721992493, 105.186393738, 105.650794983, 106.115188599, 106.579589844, 107.043991089, 107.508384705, 107.97278595, 108.437187195, 108.90158844, 109.365982056, 109.830383301, 110.283172607, 110.735961914, 111.200363159, 111.664756775, 112.12915802, 112.593559265, 113.05796051, 113.522354126, 113.986755371, 114.439544678, 114.903945923, 115.368339539, 115.832740784, 116.28553009, 116.749931335, 117.214332581, 117.678726196, 118.143127441, 118.607528687, 119.071922302, 119.524711609, 119.977500916, 120.441902161, 120.906303406, 121.370697021, 121.835098267, 122.299499512, 122.763900757, 123.216690063, 123.66947937, 124.133872986, 124.598274231, 125.062675476, 125.527069092, 125.991470337, 126.455871582, 126.920272827, 127.373062134, 127.83745575, 128.301864624, 128.76625061, 129.230651855, 129.695053101, 130.159454346, 130.612243652, 131.076644897, 131.541046143, 132.005432129, 132.458221436, 132.911010742, 133.375411987, 133.839813232, 134.304214478, 134.768615723, 135.233016968, 135.697418213, 136.161804199, 136.626205444, 137.090606689, 137.555007935, 138.01940918, 138.483810425, 138.936599731, 139.389389038, 139.853790283, 140.31817627, 140.782577515, 141.24697876, 141.711380005, 142.17578125, 142.640182495, 143.10458374, 143.568969727, 144.033370972, 144.497772217, 144.962173462, 145.426574707, 145.890975952, 146.343765259, 146.796554565, 147.260955811, 147.725341797, 148.178131104, 148.63092041, 149.095321655, 149.5597229, 150.024124146, 150.476913452, 150.929702759, 151.394104004, 151.858505249, 152.322906494, 152.78729248, 153.251693726, 153.716094971, 154.168884277, 154.621673584, 155.097686768, 155.562088013, 156.014877319, 156.479278564, 156.943664551, 157.408065796, 157.872467041, 158.336868286, 158.801269531, 159.265670776, 159.730072021, 160.194458008, 160.647247314, 161.11164856, 161.587661743, 162.052062988, 162.516464233, 162.980865479, 163.445251465, 163.898040771, 164.350830078, 164.815231323, 165.279632568, 165.744033813, 166.208435059, 166.661224365, 167.114013672, 167.578414917, 168.042816162, 168.507202148, 168.971603394, 169.436004639, 169.900405884, 170.364807129, 170.817596436, 171.281997681, 171.734786987, 172.199172974, 172.663574219, 173.127975464, 173.592376709, 174.056777954, 174.521179199, 174.985580444, 175.449981689, 175.914367676, 176.378768921, 176.843170166, 177.307571411, 177.771972656, 178.224761963, 178.67755127, 179.141952515, 179.606338501, 180.070739746, 180.535140991, 180.999542236, 181.463943481, 181.928344727, 182.392745972, 182.857131958, 183.321533203, 183.785934448, 184.250335693, 184.714736938, 185.179138184, 185.643539429, 186.107940674, 186.57232666, 187.036727905, 187.50112915, 187.965530396, 188.429931641, 188.894332886, 189.347122192, 189.799911499, 190.264297485, 190.72869873, 191.193099976, 191.657501221, 192.121902466, 192.586303711, 193.050704956, 193.503494263, 193.956283569, 194.420669556, 194.873458862, 195.326248169, 195.790649414, 196.255050659, 196.719451904, 197.183853149, 197.648254395, 198.11265564, 198.577041626, 199.041442871, 199.505844116, 199.958633423, 200.411422729, 200.875823975, 201.34022522, 201.804626465, 202.26902771, 202.733413696, 203.197814941, 203.662216187, 204.126617432, 204.591018677, 205.055419922, 205.508209229, 205.960998535, 206.42539978, 206.889785767, 207.354187012, 207.806976318, 208.271377563, 208.735778809, 209.200180054, 209.65296936, 210.117370605, 210.581771851, 211.046157837, 211.510559082, 211.974960327, 212.439361572, 212.903762817, 213.368164062, 213.820953369, 214.273742676, 214.738143921, 215.202529907, 215.666931152, 216.131332397, 216.584121704, 217.048522949, 217.512924194, 217.965713501, 218.430114746, 218.894515991, 219.358901978, 219.823303223, 220.287704468, 220.752105713, 221.20489502, 221.680908203, 222.145309448, 222.609695435, 223.07409668, 223.561721802, 224.060943604, 224.560180664, 225.059402466, 225.558639526, 225.988204956, 226.406158447, 226.835739136, 227.253692627, 227.694869995, 228.136047363, 228.58883667, 229.064849854, 229.540863037, 230.016860962, 230.45803833, 230.899230957, 231.340408325, 231.781585693, 232.222763062, 232.66394043, 233.105117798], "beats_loudness": {"dmean2": 0.0278985947371, "median": 0.0483222492039, "min": 0, "dvar2": 0.00057024997659, "dvar": 0.000192195060663, "dmean": 0.0164543520659, "max": 0.115506544709, "var": 0.000445616111392, "mean": 0.0478809662163}, "danceability": 0.959906876087, "bpm_histogram_second_peak_weight": {"dmean2": 0, "median": 0.0218253973871, "min": 0.0218253973871, "dvar2": 0, "dvar": 0, "dmean": 0, "max": 0.0218253973871, "var": 0, "mean": 0.0218253973871}, "beats_count": 505, "bpm_histogram_second_peak_bpm": {"dmean2": 0, "median": 136, "min": 136, "dvar2": 0, "dvar": 0, "dmean": 0, "max": 136, "var": 0, "mean": 136}, "bpm_histogram_first_peak_spread": {"dmean2": 0, "median": 0.216216206551, "min": 0.216216206551, "dvar2": 0, "dvar": 0, "dmean": 0, "max": 0.216216206551, "var": 0, "mean": 0.216216206551}, "beats_loudness_band_ratio": {"dmean2": [0.286142796278, 0.223521947861, 0.129060819745, 0.0934928357601, 0.0501019433141, 0.0511991418898], "median": [0.667334496975, 0.114027269185, 0.0672299712896, 0.0396389365196, 0.0325480625033, 0.0255744177848], "min": [0, 0, 0, 0, 0, 0], "dvar2": [0.0507738478482, 0.0443003736436, 0.0192332305014, 0.0148785496131, 0.00256508216262, 0.004631660413], "dvar": [0.0194338466972, 0.0170014537871, 0.00666251126677, 0.0055787442252, 0.00103454221971, 0.00188967387658], "dmean": [0.168638914824, 0.129828318954, 0.0740135088563, 0.0542598031461, 0.0289101023227, 0.029187830165], "max": [0.981349110603, 0.675047934055, 0.793621480465, 0.709010124207, 0.285380631685, 0.582460165024], "var": [0.0421509407461, 0.0195662416518, 0.0130200693384, 0.00548027874902, 0.00133959646337, 0.00187877193093], "mean": [0.623338520527, 0.161914691329, 0.110041417181, 0.0636520534754, 0.0416845567524, 0.0360838100314]}}, "lowlevel": {"barkbands_spread": {"dmean2": 8.08542633057, "median": 18.179227829, "min": 0.934346854687, "dvar2": 97.3192672729, "dvar": 44.1801643372, "dmean": 5.07845067978, "max": 123.542243958, "var": 149.975830078, "mean": 20.1590805054}, "melbands_spread": {"dmean2": 8.09743309021, "median": 14.4943323135, "min": 0.694861769676, "dvar2": 123.128990173, "dvar": 55.3731231689, "dmean": 5.06971740723, "max": 189.943572998, "var": 216.656265259, "mean": 17.4363288879}, "hfc": {"dmean2": 9.73252296448, "median": 20.2362766266, "min": 1.05655210541e-16, "dvar2": 212.444976807, "dvar": 93.1307754517, "dmean": 6.04228305817, "max": 169.610549927, "var": 294.31539917, "mean": 23.9241333008}, "barkbands_kurtosis": {"dmean2": 5.23507642746, "median": 3.23601865768, "min": -1.83837759495, "dvar2": 82.4742202759, "dvar": 30.5003166199, "dmean": 3.15904808044, "max": 196.123214722, "var": 57.3167457581, "mean": 5.37757158279}, "gfcc": {"mean": [11.1885976791, 116.237281799, -118.564094543, 48.0884017944, -55.8678283691, 15.4548883438, -31.2116928101, 8.80332183838, -16.6791152954, -3.14720106125, -10.9043703079, -2.87617850304, -10.672700882], "icov": [[0.000180572387762, -0.000377915450372, 0.000451028172392, -0.000709666579496, 0.000260216445895, -0.000633794756141, 0.000228962075198, -0.000255494378507, 0.000491100770887, -0.000517100503203, 0.000629257119726, -0.000619497557636, 0.000657018681522], [-0.000377915450372, 0.00347293820232, 0.000172072235728, 0.00221150927246, -0.00180241104681, 0.00286379130557, -0.000454566878034, 0.000438455725089, -0.00117804820184, 0.00246919109486, -0.0037757018581, 0.00241877604276, -0.00308787613176], [0.000451028172392, 0.000172072235728, 0.0039797234349, -0.00155257119332, -9.56068179221e-05, -0.00113293202594, 0.000803775852546, -0.000573078054003, 0.00141887762584, -0.0022192648612, 0.00162357336376, -0.0036577549763, 0.00140065432061], [-0.000709666579496, 0.00221150927246, -0.00155257119332, 0.00861460063607, -0.00127656396944, 0.000718850526027, -0.000581019732635, 0.00230841105804, -0.00299610337242, 0.00354990223423, -0.00268805678934, 0.00323608983308, -0.00330231501721], [0.000260216445895, -0.00180241104681, -9.56068179221e-05, -0.00127656396944, 0.00533250812441, -0.000830622506328, -0.000893275893759, -0.00136757339351, -0.000474484346341, -0.00103417318314, 0.00303922779858, -0.00178537331522, 0.000567873648833], [-0.000633794756141, 0.00286379130557, -0.00113293202594, 0.000718850526027, -0.000830622506328, 0.0118929566815, -0.00246941484511, -0.00236119329929, -5.4051673942e-05, 0.00188027718104, -0.00381022179499, 0.00266514671966, -0.00112559646368], [0.000228962075198, -0.000454566878034, 0.000803775852546, -0.000581019732635, -0.000893275893759, -0.00246941484511, 0.00858496688306, -0.00175181380473, 0.00141036778223, 0.000921122322325, -0.00300350505859, 0.00102516415063, 0.0016110673314], [-0.000255494378507, 0.000438455725089, -0.000573078054003, 0.00230841105804, -0.00136757339351, -0.00236119329929, -0.00175181380473, 0.0152943339199, -0.00310112861916, -0.00276578916237, 0.00211567454971, -0.00107528094668, -0.00186337705236], [0.000491100770887, -0.00117804820184, 0.00141887762584, -0.00299610337242, -0.000474484346341, -5.4051673942e-05, 0.00141036778223, -0.00310112861916, 0.0119777107611, -0.00188823579811, -0.00315796304494, 0.0013563282555, 0.00113299768418], [-0.000517100503203, 0.00246919109486, -0.0022192648612, 0.00354990223423, -0.00103417318314, 0.00188027718104, 0.000921122322325, -0.00276578916237, -0.00188823579811, 0.0167010091245, -0.00434523448348, 0.0013583812397, 0.000981520395726], [0.000629257119726, -0.0037757018581, 0.00162357336376, -0.00268805678934, 0.00303922779858, -0.00381022179499, -0.00300350505859, 0.00211567454971, -0.00315796304494, -0.00434523448348, 0.0214362889528, -0.00563130015507, 2.03550243896e-05], [-0.000619497557636, 0.00241877604276, -0.0036577549763, 0.00323608983308, -0.00178537331522, 0.00266514671966, 0.00102516415063, -0.00107528094668, 0.0013563282555, 0.0013583812397, -0.00563130015507, 0.020524604246, -0.00657822797075], [0.000657018681522, -0.00308787613176, 0.00140065432061, -0.00330231501721, 0.000567873648833, -0.00112559646368, 0.0016110673314, -0.00186337705236, 0.00113299768418, 0.000981520395726, 2.03550243896e-05, -0.00657822797075, 0.0213389024138]], "cov": [[17501.7011719, 128.131637573, -1197.15283203, 738.403198242, -436.962799072, 615.850769043, -111.055137634, 105.091217041, -371.485595703, 54.5389251709, -218.119430542, -46.6646575928, -262.766174316], [128.131637573, 1082.07531738, -458.668273926, -65.8517456055, 172.961547852, -175.406951904, 79.9648666382, -45.2896499634, 139.706756592, -131.110610962, 144.658554077, -85.7173690796, 120.756507874], [-1197.15283203, -458.668273926, 640.74786377, -16.8381938934, 2.95207715034, 40.0468254089, -62.4165153503, 33.7441215515, -71.3572006226, 92.3529129028, -65.8964385986, 104.788528442, -32.5756912231], [738.403198242, -65.8517456055, -16.8381938934, 204.654281616, -12.2848968506, 43.7870597839, 2.71612071991, -13.6427345276, 10.7527656555, -19.0487327576, -0.810306251049, -13.1356830597, -1.99087440968], [-436.962799072, 172.961547852, 2.95207715034, -12.2848968506, 268.27243042, -27.8867282867, 35.3438987732, 22.4740524292, 40.7730255127, -10.2114028931, 6.06645536423, 3.370657444, 26.4095935822], [615.850769043, -175.406951904, 40.0468254089, 43.7870597839, -27.8867282867, 158.756484985, 25.603931427, 31.4032096863, -29.767621994, 19.7245674133, -12.9179382324, 4.94181919098, -28.0622367859], [-111.055137634, 79.9648666382, -62.4165153503, 2.71612071991, 35.3438987732, 25.603931427, 157.192886353, 11.7572307587, 15.067024231, -19.0174484253, 35.6884613037, -20.9012966156, 2.67418551445], [105.091217041, -45.2896499634, 33.7441215515, -13.6427345276, 22.4740524292, 31.4032096863, 11.7572307587, 87.8889694214, 6.64090967178, 26.3804626465, -10.4191293716, 12.2243738174, -4.05779838562], [-371.485595703, 139.706756592, -71.3572006226, 10.7527656555, 40.7730255127, -29.767621994, 15.067024231, 6.64090967178, 135.939666748, -10.1189575195, 44.0975799561, -24.7710380554, 20.3586711884], [54.5389251709, -131.110610962, 92.3529129028, -19.0487327576, -10.2114028931, 19.7245674133, -19.0174484253, 26.3804626465, -10.1189575195, 95.4618835449, -11.3962774277, 19.4699687958, -22.4506950378], [-218.119430542, 144.658554077, -65.8964385986, -0.810306251049, 6.06645536423, -12.9179382324, 35.6884613037, -10.4191293716, 44.0975799561, -11.3962774277, 89.0198135376, -5.474152565, 23.8120422363], [-46.6646575928, -85.7173690796, 104.788528442, -13.1356830597, 3.370657444, 4.94181919098, -20.9012966156, 12.2243738174, -24.7710380554, 19.4699687958, -5.474152565, 81.0157241821, 8.33835601807], [-262.766174316, 120.756507874, -32.5756912231, -1.99087440968, 26.4095935822, -28.0622367859, 2.67418551445, -4.05779838562, 20.3586711884, -22.4506950378, 23.8120422363, 8.33835601807, 74.0178222656]]}, "spectral_energyband_middle_low": {"dmean2": 0.010168469511, "median": 0.0124513776973, "min": 1.64004257926e-22, "dvar2": 0.000246284529567, "dvar": 9.07424837351e-05, "dmean": 0.00596723146737, "max": 0.108172990382, "var": 0.000127190694911, "mean": 0.0149606177583}, "melbands_crest": {"dmean2": 4.93286323547, "median": 17.0603199005, "min": 1.73684871197, "dvar2": 21.4083995819, "dvar": 7.95166158676, "dmean": 2.95300340652, "max": 30.9038410187, "var": 26.6865005493, "mean": 16.862285614}, "spectral_kurtosis": {"dmean2": 2.58581781387, "median": 3.24027681351, "min": -1.25363254547, "dvar2": 8.33397483826, "dvar": 2.87590670586, "dmean": 1.51721322536, "max": 26.5497207642, "var": 6.93819332123, "mean": 3.77722334862}, "spectral_rms": {"dmean2": 0.0017001159722, "median": 0.00668175704777, "min": 3.08838458279e-12, "dvar2": 4.44957595391e-06, "dvar": 1.60025354035e-06, "dmean": 0.000994488946162, "max": 0.0139812082052, "var": 4.07193601859e-06, "mean": 0.00647794734687}, "zerocrossingrate": {"dmean2": 0.00995578430593, "median": 0.03955078125, "min": 0.00390625, "dvar2": 0.000147203885717, "dvar": 0.000119286552945, "dmean": 0.00801627431065, "max": 0.5244140625, "var": 0.00183032173663, "mean": 0.0471264906228}, "silence_rate_60dB": {"dmean2": 0.00834741163999, "median": 0, "min": 0, "dvar2": 0.00887299049646, "dvar": 0.00415665796027, "dmean": 0.00417329091579, "max": 1, "var": 0.0369734019041, "mean": 0.0384500734508}, "erbbands_kurtosis": {"dmean2": 0.871627867222, "median": -0.540918827057, "min": -1.74861514568, "dvar2": 1.43694031239, "dvar": 0.55649805069, "dmean": 0.531099677086, "max": 26.0653152466, "var": 3.95364356041, "mean": -0.0628824830055}, "erbbands": {"dmean2": [0.292052030563, 3.54389381409, 10.2791090012, 10.9480619431, 16.1011676788, 17.8125705719, 17.0187129974, 15.318605423, 27.6533641815, 28.7719402313, 24.1603412628, 32.2043457031, 21.7490539551, 26.6522712708, 20.6310253143, 20.4878864288, 30.2322216034, 21.3951034546, 15.8637647629, 18.9623222351, 19.3867282867, 18.8702087402, 11.911646843, 13.8046417236, 15.7415981293, 11.7495546341, 8.2905664444, 7.22503471375, 7.46341276169, 6.96063232422, 6.34835290909, 3.57657027245, 1.46493434906, 0.559707164764, 0.250108480453, 0.0842183753848, 0.0303145870566, 0.00665253028274, 0.000325269502355, 3.89645101677e-05], "median": [0.110627345741, 2.42740535736, 11.369591713, 6.38296461105, 6.11629343033, 10.0606203079, 10.4653453827, 10.6317682266, 15.7017126083, 18.9259567261, 14.5991859436, 18.4526138306, 14.630859375, 17.237909317, 14.449382782, 14.4108057022, 18.6694393158, 13.3986797333, 11.8814296722, 14.3774662018, 17.9440784454, 19.3450126648, 14.3377799988, 13.6536130905, 10.9940319061, 7.52703952789, 4.95064735413, 4.37612485886, 2.92971372604, 2.47541666031, 1.77958226204, 0.943391740322, 0.398360192776, 0.166669294238, 0.0671174824238, 0.0177437625825, 0.00329626048915, 0.000294111436233, 3.57710196113e-05, 5.63768735447e-05], "min": [1.76872384204e-22, 5.29360402527e-22, 2.13759767519e-21, 3.94821868983e-21, 2.43929391099e-20, 2.59247176612e-20, 8.55799510784e-20, 1.58409455852e-19, 1.55351252805e-19, 1.67990831058e-19, 2.73232490481e-19, 3.38409669859e-19, 6.44111222431e-19, 7.33182392682e-19, 1.36780259646e-18, 1.25621417407e-18, 1.92852362169e-18, 2.46272699424e-18, 2.29241298766e-18, 4.21810661768e-18, 4.64027768204e-18, 6.02064401463e-18, 6.46879227254e-18, 6.48951397407e-18, 7.43793775772e-18, 8.14431608644e-18, 7.55521625215e-18, 1.24512081352e-17, 1.03904654828e-17, 1.03476837015e-17, 9.63093418231e-18, 1.13048011534e-17, 1.08870137327e-17, 8.42433244022e-18, 5.74914513962e-18, 4.407810565e-18, 2.34228991064e-18, 1.00856498407e-18, 2.7101947215e-19, 2.74330475809e-20], "dvar2": [0.432515084743, 37.2641944885, 217.600967407, 343.107910156, 1347.18261719, 965.205200195, 719.178100586, 683.735717773, 2464.21850586, 2350.17553711, 3013.25952148, 4490.10498047, 2211.90551758, 2616.73803711, 1642.44506836, 1412.60644531, 2949.17578125, 1692.43212891, 709.793640137, 1097.51391602, 987.456298828, 655.020446777, 226.472198486, 457.487823486, 570.55279541, 446.554168701, 298.205047607, 174.589492798, 321.784942627, 389.717224121, 449.66973877, 195.985107422, 34.1209106445, 2.19830822945, 0.433207273483, 0.0473846718669, 0.00772190932184, 0.000532127625775, 2.5100066523e-06, 6.49645892636e-09], "dvar": [0.153836339712, 13.306385994, 74.3156967163, 125.335586548, 488.219604492, 350.712585449, 278.67199707, 228.059692383, 975.353759766, 917.404541016, 1256.10327148, 1809.73791504, 1043.88903809, 1173.96826172, 675.923400879, 594.119506836, 1217.72546387, 724.498901367, 304.454498291, 461.505371094, 427.486450195, 247.797912598, 90.5035018921, 178.816802979, 242.995925903, 174.151275635, 111.165214539, 72.3021774292, 143.005661011, 184.198699951, 223.586746216, 98.0421676636, 16.2557449341, 1.02554297447, 0.183681175113, 0.0203171093017, 0.00336895603687, 0.000214664498344, 9.14307406674e-07, 2.33472108313e-09], "dmean": [0.165979549289, 2.08173203468, 5.9660077095, 6.2578792572, 9.14890289307, 10.3386611938, 10.3256607056, 8.96077919006, 16.9053630829, 17.4983596802, 14.9633769989, 20.2219944, 14.0508499146, 17.2696323395, 12.9786272049, 12.7930040359, 18.7519302368, 13.3862361908, 9.94180774689, 11.7445869446, 11.9963502884, 11.4642124176, 7.22796058655, 8.45181751251, 9.73367881775, 7.06977701187, 4.91743707657, 4.50291538239, 4.6565322876, 4.58397054672, 4.20456695557, 2.40801644325, 0.977162003517, 0.367334544659, 0.163930818439, 0.0562668703496, 0.0203830115497, 0.00422157300636, 0.000191491475562, 2.25547264563e-05], "max": [3.24644732475, 35.5955314636, 88.7231369019, 147.792602539, 246.863952637, 249.429550171, 297.093170166, 295.901275635, 826.92364502, 524.202575684, 979.594055176, 926.798278809, 910.875976562, 1158.39343262, 622.769226074, 619.565856934, 702.075561523, 711.277770996, 448.502166748, 568.108032227, 607.62097168, 318.853179932, 218.501464844, 367.185821533, 351.345550537, 281.867401123, 198.778244019, 159.689590454, 247.867462158, 311.816101074, 355.370574951, 309.192749023, 137.479675293, 26.0690059662, 9.6894865036, 3.91383194923, 1.09858298302, 0.298636615276, 0.0373728759587, 0.00117340206634], "var": [0.125685989857, 18.1414489746, 108.09299469, 136.009277344, 373.485198975, 371.527709961, 809.8125, 565.390441895, 2316.20556641, 1887.43054199, 3432.84008789, 4017.96362305, 2852.71606445, 4229.72216797, 1700.20532227, 1650.05895996, 2569.96533203, 1417.2545166, 748.681396484, 1416.72229004, 1430.68640137, 618.063049316, 261.137329102, 474.84475708, 745.744689941, 376.136138916, 164.961959839, 147.932739258, 262.90927124, 385.816009521, 604.349731445, 218.140518188, 28.9297161102, 1.87872052193, 0.247373864055, 0.0265843011439, 0.00392833538353, 0.000192278734175, 6.21938738732e-07, 2.01875760553e-09], "mean": [0.20932123065, 4.04736042023, 12.9198999405, 9.865691185, 11.0428009033, 15.7656984329, 20.7933998108, 18.0078296661, 31.5171203613, 31.6730003357, 30.0327968597, 37.8529701233, 28.329498291, 36.0164794922, 27.0130558014, 26.9430007935, 34.5661125183, 24.5531311035, 19.8422679901, 25.1186084747, 27.7034244537, 25.9706058502, 18.3972606659, 19.6434593201, 21.0769577026, 14.2728776932, 9.26410770416, 8.66579151154, 7.75406360626, 7.77259206772, 7.46579265594, 4.06463575363, 1.5130058527, 0.558593690395, 0.230619430542, 0.0752399265766, 0.0235521681607, 0.00403597904369, 0.000176663874299, 6.08825357631e-05]}, "spectral_strongpeak": {"dmean2": 0.533943831921, "median": 0.551995754242, "min": 0, "dvar2": 0.675011634827, "dvar": 0.255766987801, "dmean": 0.30748707056, "max": 5.92183685303, "var": 0.368862569332, "mean": 0.683173060417}, "spectral_energy": {"dmean2": 0.0259037017822, "median": 0.0457620248199, "min": 9.77657205997e-21, "dvar2": 0.00131994928233, "dvar": 0.000466609693831, "dmean": 0.0148862712085, "max": 0.200361028314, "var": 0.000631064001936, "mean": 0.0471867993474}, "average_loudness": 0.956812679768, "spectral_rolloff": {"dmean2": 666.257446289, "median": 667.529296875, "min": 43.06640625, "dvar2": 1621140.875, "dvar": 715271.25, "dmean": 396.190460205, "max": 19681.3476562, "var": 2793466.75, "mean": 1057.81713867}, "spectral_centroid": {"dmean2": 356.12701416, "median": 1156.99279785, "min": 191.587097168, "dvar2": 182748.828125, "dvar": 83581.6484375, "dmean": 223.869628906, "max": 11587.8613281, "var": 568236.0625, "mean": 1245.83044434}, "pitch_salience": {"dmean2": 0.123894162476, "median": 0.504084765911, "min": 0.145728796721, "dvar2": 0.0132130002603, "dvar": 0.00488439900801, "dmean": 0.0745520815253, "max": 0.83403646946, "var": 0.015250870958, "mean": 0.50277286768}, "spectral_energyband_middle_high": {"dmean2": 0.00238128798082, "median": 0.00463525950909, "min": 1.29871960594e-21, "dvar2": 8.90944465937e-06, "dvar": 3.69443478121e-06, "dmean": 0.0015011067735, "max": 0.0398195385933, "var": 2.03330273507e-05, "mean": 0.00575076090172}, "spectral_contrast_coeffs": {"dmean2": [0.0859860777855, 0.075706474483, 0.0594502389431, 0.048139937222, 0.0343254990876, 0.0290158186108], "median": [-0.636592626572, -0.738555371761, -0.768200874329, -0.779384732246, -0.786260008812, -0.740189671516], "min": [-0.978138625622, -0.973184406757, -0.974548876286, -0.981191813946, -0.967242360115, -0.964379131794], "dvar2": [0.00499991327524, 0.00370614766143, 0.00225164112635, 0.00148911564611, 0.000809263321571, 0.000670343695674], "dvar": [0.00179582252167, 0.00134241010528, 0.000855675723869, 0.000592349562794, 0.000336172030075, 0.000281280983472], "dmean": [0.0511000938714, 0.0452511049807, 0.0364063866436, 0.029498340562, 0.0213686097413, 0.0185677856207], "max": [-0.346769928932, -0.462586820126, -0.524280011654, -0.591127872467, -0.60315310955, -0.510508835316], "var": [0.00531349843368, 0.00466972682625, 0.00339354900643, 0.00271697412245, 0.00185627734754, 0.00180379347876], "mean": [-0.633478701115, -0.733479082584, -0.765995323658, -0.777169525623, -0.782338559628, -0.738186240196]}, "melbands_skewness": {"dmean2": 1.3055741787, "median": 3.13411736488, "min": -0.531094968319, "dvar2": 2.33206820488, "dvar": 0.911329686642, "dmean": 0.803419172764, "max": 13.3674554825, "var": 2.47435855865, "mean": 3.3613011837}, "spectral_spread": {"dmean2": 696293, "median": 4018087.75, "min": 1746208.75, "dvar2": 1406687248380.0, "dvar": 701604102144, "dmean": 502884.28125, "max": 41899344, "var": 5938546212860.0, "mean": 4351082}, "dissonance": {"dmean2": 0.0263716243207, "median": 0.474327534437, "min": 0.314539134502, "dvar2": 0.000570156378672, "dvar": 0.000209133315366, "dmean": 0.0155374025926, "max": 0.500000059605, "var": 0.000575727317482, "mean": 0.468522101641}, "spectral_skewness": {"dmean2": 0.339812070131, "median": 1.35288321972, "min": -0.0507158227265, "dvar2": 0.101875327528, "dvar": 0.0383533760905, "dmean": 0.205408170819, "max": 3.46189761162, "var": 0.171907752752, "mean": 1.37602639198}, "spectral_flux": {"dmean2": 0.0469300411642, "median": 0.0898957923055, "min": 6.41584077532e-11, "dvar2": 0.00291282287799, "dvar": 0.00137117027771, "dmean": 0.0297115463763, "max": 0.394133716822, "var": 0.00289149023592, "mean": 0.0994862094522}, "spectral_contrast_valleys": {"dmean2": [0.678378283978, 0.554751038551, 0.490631967783, 0.435333579779, 0.38312843442, 0.458558678627], "median": [-6.52665376663, -6.21849298477, -6.91982984543, -7.31149530411, -7.13152265549, -10.0802593231], "min": [-27.8568477631, -27.982301712, -27.6672420502, -27.5625858307, -27.4805984497, -27.3675498962], "dvar2": [0.352204352617, 0.29036256671, 0.24523742497, 0.218179747462, 0.238730058074, 0.324209660292], "dvar": [0.145311951637, 0.124860271811, 0.106443442404, 0.0981934219599, 0.111140243709, 0.1738217026], "dmean": [0.402348726988, 0.328895777464, 0.294623941183, 0.262977927923, 0.237426638603, 0.335994780064], "max": [-4.88275241852, -4.77814006805, -5.25419425964, -5.99680137634, -5.51916265488, -7.58032464981], "var": [2.70412182808, 2.61033773422, 2.665984869, 2.60234761238, 2.70808291435, 2.63497400284], "mean": [-6.76498365402, -6.45567131042, -7.15854215622, -7.57355070114, -7.40166664124, -10.2908773422]}, "erbbands_flatness_db": {"dmean2": 0.021636204794, "median": 0.146299988031, "min": 0.028516927734, "dvar2": 0.000460262730485, "dvar": 0.000252907979302, "dmean": 0.0155039001256, "max": 0.26614049077, "var": 0.00128542783204, "mean": 0.147391781211}, "spectral_energyband_high": {"dmean2": 0.000740279559977, "median": 0.000451760366559, "min": 6.70034188795e-21, "dvar2": 2.74272042589e-06, "dvar": 1.34126048579e-06, "dmean": 0.000484701216919, "max": 0.0207416024059, "var": 3.55636393579e-06, "mean": 0.00101723731495}, "spectral_entropy": {"dmean2": 0.205576226115, "median": 7.60791873932, "min": 6.00978279114, "dvar2": 0.0437546856701, "dvar": 0.0210287347436, "dmean": 0.137295633554, "max": 9.82181167603, "var": 0.129264354706, "mean": 7.59919452667}, "silence_rate_20dB": {"dmean2": 0, "median": 1, "min": 1, "dvar2": 0, "dvar": 0, "dmean": 0, "max": 1, "var": 0, "mean": 1}, "melbands_flatness_db": {"dmean2": 0.040064740926, "median": 0.217302083969, "min": 0.00373820145614, "dvar2": 0.00159618095495, "dvar": 0.000638862838969, "dmean": 0.0252228677273, "max": 0.45889121294, "var": 0.00302494433708, "mean": 0.219823688269}, "barkbands": {"dmean2": [0.000490972248372, 0.0138740073889, 0.00892222020775, 0.0037495745346, 0.00524585368112, 0.00186429789755, 0.00203719595447, 0.00123014114797, 0.0013240610715, 0.000936475466006, 0.0005275735748, 0.000523782859091, 0.000657412980217, 0.000412968132878, 0.000354703661287, 0.000408740335843, 0.000370018329704, 0.000239510787651, 0.00030353537295, 0.000261806242634, 0.000187040364835, 0.000203331976081, 0.000225181691349, 0.000119431824714, 3.91669018427e-05, 1.69737704709e-05, 2.44439866037e-06], "median": [5.0571958127e-05, 0.00850273668766, 0.00856189336628, 0.00101919553708, 0.00292748003267, 0.00126024801284, 0.00121276953723, 0.000631294446066, 0.000737220514566, 0.000581199594308, 0.000274473248282, 0.000284213194391, 0.000359942787327, 0.000222107453737, 0.000223319540964, 0.000307176786009, 0.000358427525498, 0.000233386614127, 0.000239687113208, 0.000154236593517, 0.000119734744658, 7.97503380454e-05, 6.74950933899e-05, 3.27663619828e-05, 1.16596283988e-05, 2.5158342396e-06, 2.28426380033e-08], "min": [2.14911407726e-24, 4.66775939595e-24, 9.57614621712e-25, 7.20247706533e-25, 6.27411804055e-24, 1.69090536431e-23, 1.21360081376e-23, 4.44691541895e-24, 1.64726605235e-23, 1.27325250326e-23, 2.02688153939e-23, 2.44482383351e-23, 4.76644053094e-23, 3.28261620296e-23, 6.68753298304e-23, 8.07506737121e-23, 9.61381124878e-23, 1.12378234171e-22, 1.26639539295e-22, 1.60168033655e-22, 2.21578381259e-22, 2.84189703326e-22, 4.16440201981e-22, 5.78062074729e-22, 8.12868580518e-22, 1.29323892854e-21, 1.96629858697e-21], "dvar2": [1.31949070692e-06, 0.000630720693152, 0.00015904357133, 5.09718884132e-05, 0.000107488682261, 9.69347820501e-06, 1.23814188555e-05, 6.06712819717e-06, 7.49415630708e-06, 3.08956123263e-06, 1.31051820063e-06, 1.04391904188e-06, 1.39558505907e-06, 6.42260545192e-07, 3.89805705936e-07, 4.5153601036e-07, 2.36233489659e-07, 1.0023620689e-07, 1.99060806949e-07, 2.02889609113e-07, 1.20409524129e-07, 2.28918906942e-07, 5.38058770871e-07, 2.17381540324e-07, 9.22935150527e-09, 2.12084105833e-09, 1.16740436762e-10], "dvar": [4.29164771276e-07, 0.000226193893468, 5.58742249268e-05, 1.83269075933e-05, 3.96305222239e-05, 3.36861967298e-06, 4.96576330988e-06, 2.47674574894e-06, 3.167302566e-06, 1.4176082459e-06, 5.42425368621e-07, 4.41906792048e-07, 5.78043000132e-07, 2.71360335091e-07, 1.68327133565e-07, 1.93302383877e-07, 9.1361101795e-08, 3.98133614965e-08, 8.30276079e-08, 7.87845237937e-08, 4.7229352873e-08, 1.03194942369e-07, 2.6790917218e-07, 1.07656816795e-07, 4.20160528591e-09, 9.2941238039e-10, 4.30359636816e-11], "dmean": [0.000268732488621, 0.00811976660043, 0.00519838463515, 0.00210543815047, 0.00303770136088, 0.00110591482371, 0.00126206316054, 0.0007531514856