{"metadata": {"tags": {"album": ["Mayday \u00d7 \u4e94\u6708\u5929 the Best of 1999-2013"], "albumartist": ["\u4e94\u6708\u5929"], "tracknumber": ["14/15"], "genre": ["Rock"], "artist": ["Mayday+Ryuta Yamamura"], "date": ["2013"], "discnumber": ["1/1"], "title": ["OAOA"], "file_name": "1999296.mp3", "musicbrainz_recordingid": ["042a4f91-430e-4b2f-83f8-07eb503cc75b"], "totaltracks": ["15"]}, "audio_properties": {"sample_rate": 44100, "downmix": "mix", "lossless": false, "analysis_sample_rate": 44100, "md5_encoded": "d8c387dba8c60826d8f45aba37869285", "equal_loudness": 0, "replay_gain": -14.96251297, "codec": "mp3", "bit_rate": 320000, "length": 285.727355957}, "version": {"extractor": "music 1.0", "essentia_build_sha": "70f2e5ece6736b2c40cc944ad0e695b16b925413", "essentia_git_sha": "v2.1_beta2", "essentia": "2.1-beta2"}}, "rhythm": {"beats_loudness_band_ratio": {"dvar2": [0.0603700578213, 0.0367845781147, 0.0265784803778, 0.0259959325194, 0.011973679997, 0.00281352316961], "var": [0.0470276474953, 0.0170190352947, 0.0149253718555, 0.0108502572402, 0.00569722801447, 0.00132488820236], "min": [0, 0, 0, 0, 0, 0], "dmean": [0.179142579436, 0.131849676371, 0.105531543493, 0.0817793309689, 0.0600322000682, 0.0253968685865], "mean": [0.468036770821, 0.191860929132, 0.150243625045, 0.105368733406, 0.0916437357664, 0.0418376848102], "max": [0.999795496464, 0.693219423294, 0.631651103497, 0.58053290844, 0.438374251127, 0.248118877411], "dmean2": [0.314319014549, 0.22971303761, 0.185044199228, 0.145173847675, 0.103516027331, 0.0451168678701], "median": [0.446476727724, 0.161994770169, 0.113049924374, 0.0695710331202, 0.0711161643267, 0.0338189825416], "dvar": [0.020417585969, 0.0118195340037, 0.00905413087457, 0.00886432733387, 0.00396253773943, 0.000966664112639]}, "bpm_histogram_first_peak_weight": {"dvar2": 0, "var": 0, "min": 0.608442485332, "dmean": 0, "mean": 0.608442485332, "max": 0.608442485332, "dmean2": 0, "median": 0.608442485332, "dvar": 0}, "bpm": 144.990203857, "beats_count": 688, "bpm_histogram_first_peak_spread": {"dvar2": 0, "var": 0, "min": 0.367624819279, "dmean": 0, "mean": 0.367624819279, "max": 0.367624819279, "dmean2": 0, "median": 0.367624819279, "dvar": 0}, "danceability": 1.15947234631, "bpm_histogram_first_peak_bpm": {"dvar2": 0, "var": 0, "min": 144, "dmean": 0, "mean": 144, "max": 144, "dmean2": 0, "median": 144, "dvar": 0}, "beats_position": [0.441179126501, 0.893968224525, 1.34675729275, 1.79954648018, 2.2523355484, 2.69351458549, 3.13469386101, 3.5758728981, 4.01705217361, 4.45823097229, 4.87619018555, 5.2941493988, 5.71210861206, 6.13006782532, 6.54802703857, 6.9543762207, 7.36072540283, 7.77868461609, 8.19664382935, 8.6146030426, 9.02095222473, 9.43891143799, 9.84526062012, 10.2632198334, 10.6811790466, 11.0991382599, 11.505487442, 11.9118366241, 12.3297958374, 12.7361450195, 13.1424942017, 13.5604534149, 13.966802597, 14.3847618103, 14.7911109924, 15.2090702057, 15.6270294189, 16.0449886322, 16.4629478455, 16.8809070587, 17.2872562408, 17.693605423, 18.1115646362, 18.5295238495, 18.9358730316, 19.3422222137, 19.760181427, 20.1781406403, 20.5844898224, 20.9908390045, 21.4087982178, 21.826757431, 22.2447166443, 22.6626758575, 23.0690250397, 23.4753742218, 23.8933334351, 24.3112926483, 24.7292518616, 25.1472110748, 25.553560257, 25.9599094391, 26.3778686523, 26.7958278656, 27.2137870789, 27.6317462921, 28.0380954742, 28.4560546875, 28.8624038696, 29.2803630829, 29.686712265, 30.0930614471, 30.5110206604, 30.9289798737, 31.3469390869, 31.7648983002, 32.171245575, 32.5775947571, 32.9955558777, 33.4135131836, 33.8314743042, 34.2494316101, 34.6673927307, 35.0853500366, 35.5033111572, 35.9096603394, 36.3160095215, 36.7223587036, 37.1287078857, 37.5466651917, 37.9646263123, 38.3825836182, 38.8005447388, 39.2068939209, 39.613243103, 40.0312004089, 40.4491615295, 40.8671188354, 41.2734680176, 41.6798171997, 42.0977783203, 42.5041275024, 42.9104766846, 43.3284339905, 43.7463951111, 44.164352417, 44.5823135376, 45.0002708435, 45.4066200256, 45.8129692078, 46.2309303284, 46.6488876343, 47.0668487549, 47.4848060608, 47.8911552429, 48.3091163635, 48.7154655457, 49.1334228516, 49.5513839722, 49.9693412781, 50.3873023987, 50.8052597046, 51.2116088867, 51.6179580688, 52.024307251, 52.4306564331, 52.8486175537, 53.2665748596, 53.6845359802, 54.1024932861, 54.5204544067, 54.9384117126, 55.3563690186, 55.7627182007, 56.1690673828, 56.5870285034, 57.0049858093, 57.4229469299, 57.8292961121, 58.2356452942, 58.6536026001, 59.0715637207, 59.4779129028, 59.884262085, 60.3022193909, 60.7201805115, 61.1381378174, 61.556098938, 61.9624481201, 62.3687973022, 62.7867546082, 63.2047157288, 63.6226730347, 64.0406341553, 64.4585952759, 64.8765487671, 65.2945098877, 65.7008590698, 66.1188201904, 66.5251693726, 66.9431304932, 67.3494796753, 67.7558288574, 68.1737823486, 68.5801315308, 68.9864807129, 69.4044418335, 69.8224029541, 70.2403640747, 70.6583175659, 71.064666748, 71.4710159302, 71.8889770508, 72.3069381714, 72.724899292, 73.1428527832, 73.5375976562, 73.9555511475, 74.3735122681, 74.7914733887, 75.2094345093, 75.6273880005, 76.0453491211, 76.4633102417, 76.8696594238, 77.276008606, 77.6939697266, 78.1119232178, 78.5182723999, 78.924621582, 79.3425827026, 79.7605438232, 80.1785049438, 80.5964584351, 81.0028076172, 81.4207687378, 81.8271179199, 82.2450790405, 82.6514282227, 83.0577774048, 83.4757385254, 83.8936920166, 84.3000411987, 84.7180023193, 85.1359634399, 85.5423126221, 85.9486618042, 86.3666229248, 86.784576416, 87.1909255981, 87.6088867188, 88.0268478394, 88.4331970215, 88.8395462036, 89.2575073242, 89.6754608154, 90.093421936, 90.5113830566, 90.9293441772, 91.3472976685, 91.7652587891, 92.1832199097, 92.6011810303, 93.0075302124, 93.4254837036, 93.8434448242, 94.2497940063, 94.667755127, 95.0741043091, 95.4804534912, 95.8868026733, 96.2931518555, 96.7111129761, 97.1290664673, 97.5470275879, 97.9649887085, 98.3829498291, 98.8009033203, 99.2188644409, 99.625213623, 100.031562805, 100.449523926, 100.855873108, 101.26222229, 101.668571472, 102.074920654, 102.492874146, 102.910835266, 103.328796387, 103.746757507, 104.164710999, 104.582672119, 105.00063324, 105.406982422, 105.813331604, 106.231292725, 106.649246216, 107.067207336, 107.485168457, 107.891517639, 108.30947876, 108.715827942, 109.133781433, 109.551742554, 109.969703674, 110.376052856, 110.782402039, 111.200363159, 111.61831665, 112.024665833, 112.431015015, 112.848976135, 113.266937256, 113.684898376, 114.102851868, 114.520812988, 114.92716217, 115.333511353, 115.751472473, 116.169433594, 116.587387085, 117.005348206, 117.423309326, 117.829658508, 118.23600769, 118.653968811, 119.071922302, 119.489883423, 119.907844543, 120.314193726, 120.720542908, 121.12689209, 121.533241272, 121.939590454, 122.357551575, 122.775505066, 123.193466187, 123.611427307, 124.029388428, 124.43573761, 124.842086792, 125.260040283, 125.666389465, 126.084350586, 126.502311707, 126.920272827, 127.338226318, 127.756187439, 128.17414856, 128.580490112, 128.986846924, 129.404800415, 129.822769165, 130.240722656, 130.658676147, 131.076644897, 131.494598389, 131.9009552, 132.307296753, 132.725265503, 133.143218994, 133.561172485, 133.967529297, 134.37387085, 134.7918396, 135.209793091, 135.616149902, 136.034103394, 136.440444946, 136.858413696, 137.264755249, 137.682723999, 138.089065552, 138.507034302, 138.924987793, 139.342941284, 139.760910034, 140.167251587, 140.573608398, 140.979949951, 141.386306763, 141.804260254, 142.222213745, 142.640182495, 143.058135986, 143.476104736, 143.894058228, 144.312011719, 144.71836853, 145.124710083, 145.542678833, 145.960632324, 146.366973877, 146.784942627, 147.19128418, 147.60925293, 148.027206421, 148.445159912, 148.863128662, 149.281082153, 149.687438965, 150.093780518, 150.511749268, 150.929702759, 151.34765625, 151.765625, 152.171966553, 152.578323364, 152.996276855, 153.414230347, 153.820587158, 154.238540649, 154.644897461, 155.062850952, 155.469207764, 155.875549316, 156.293518066, 156.711471558, 157.129425049, 157.547393799, 157.96534729, 158.383300781, 158.801269531, 159.219223022, 159.625579834, 160.031921387, 160.438278198, 160.867843628, 161.285797119, 161.692153931, 162.098495483, 162.516464233, 162.934417725, 163.352371216, 163.770339966, 164.188293457, 164.606262207, 165.01260376, 165.418960571, 165.836914062, 166.254867554, 166.672836304, 167.079177856, 167.485534668, 167.903488159, 168.309844971, 168.727798462, 169.134140015, 169.552108765, 169.970062256, 170.388031006, 170.805984497, 171.223937988, 171.641906738, 172.059860229, 172.466217041, 172.872558594, 173.278915405, 173.685256958, 174.103210449, 174.521179199, 174.927520752, 175.345489502, 175.763442993, 176.193008423, 176.610977173, 177.028930664, 177.435287476, 177.841629028, 178.24798584, 178.654327393, 179.060684204, 179.467025757, 179.884979248, 180.29133606, 180.709289551, 181.127258301, 181.55682373, 181.963165283, 182.381134033, 182.787475586, 183.205444336, 183.611785889, 184.029754639, 184.44770813, 184.865661621, 185.272018433, 185.689971924, 186.107940674, 186.514282227, 186.920639038, 187.338592529, 187.756546021, 188.174514771, 188.580856323, 188.998809814, 189.405166626, 189.811508179, 190.21786499, 190.635818481, 191.053787231, 191.471740723, 191.889694214, 192.307662964, 192.725616455, 193.143585205, 193.549926758, 193.967880249, 194.385848999, 194.80380249, 195.210159302, 195.628112793, 196.034469604, 196.440811157, 196.858764648, 197.276733398, 197.69468689, 198.11265564, 198.518997192, 198.936950684, 199.354919434, 199.772872925, 200.179229736, 200.585571289, 200.991928101, 201.409881592, 201.827835083, 202.245803833, 202.663757324, 203.070114136, 203.476455688, 203.894424438, 204.31237793, 204.718719482, 205.125076294, 205.543029785, 205.960998535, 206.355728149, 206.773696899, 207.191650391, 207.609603882, 208.027572632, 208.445526123, 208.863494873, 209.281448364, 209.699401855, 210.105758667, 210.51210022, 210.93006897, 211.348022461, 211.765975952, 212.183944702, 212.590286255, 212.996643066, 213.414596558, 213.832565308, 214.23890686, 214.645263672, 215.063217163, 215.481170654, 215.899139404, 216.305480957, 216.711837769, 217.12979126, 217.547744751, 217.954101562, 218.360443115, 218.778411865, 219.196365356, 219.614334106, 220.032287598, 220.43862915, 220.844985962, 221.262939453, 221.680908203, 222.098861694, 222.516815186, 222.934783936, 223.352737427, 223.759094238, 224.177047729, 224.583404541, 225.001358032, 225.407699585, 225.814056396, 226.232009888, 226.626754761, 227.05632019, 227.47428894, 227.880630493, 228.298583984, 228.716552734, 229.134506226, 229.540863037, 229.958816528, 230.36517334, 230.783126831, 231.201080322, 231.619049072, 232.037002563, 232.454956055, 232.861312866, 233.267654419, 233.685623169, 234.10357666, 234.521530151, 234.939498901, 235.357452393, 235.763809204, 236.170150757, 236.576507568, 236.99446106, 237.400817871, 237.818771362, 238.236724854, 238.654693604, 239.072647095, 239.490600586, 239.896957397, 240.314910889, 240.7212677, 241.139221191, 241.557189941, 241.975143433, 242.381484985, 242.787841797, 243.19418335, 243.600540161, 244.018493652, 244.436462402, 244.854415894, 245.272369385, 245.690338135, 246.096679688, 246.503036499, 246.92098999, 247.33895874, 247.756912231, 248.174865723, 248.592834473, 248.999176025, 249.405532837, 249.81187439, 250.218231201, 250.636184692, 251.054138184, 251.472106934, 251.890060425, 252.308029175, 252.714370728, 253.120727539, 253.53868103, 253.956634521, 254.374603271, 254.792556763, 255.210510254, 255.616867065, 256.023223877, 256.441162109, 256.859130859, 257.277099609, 257.695037842, 258.101409912, 258.507751465, 258.925720215, 259.343658447, 259.750030518, 260.16796875, 260.57434082, 260.992279053, 261.410247803, 261.828216553, 262.246154785, 262.664123535, 263.082092285, 263.488433838, 263.894775391, 264.312744141, 264.730712891, 265.148651123, 265.554992676, 265.961364746, 266.379302979, 266.797271729, 267.215240479, 267.633178711, 268.051147461, 268.457489014, 268.863861084, 269.281799316, 269.699768066, 270.117736816, 270.535675049, 270.953643799, 271.359985352, 271.766357422, 272.184295654, 272.602264404, 273.008605957, 273.41494751, 273.82131958, 274.239257812, 274.645629883, 275.063568115, 275.481536865, 275.899505615, 276.317443848, 276.747009277, 277.176605225, 277.594543457, 278.058959961, 278.511749268, 278.976135254, 279.428924561, 279.881713867, 280.334503174, 280.78729248, 281.193634033, 281.611602783, 282.017944336, 282.412689209, 282.807434082, 283.190551758, 283.585296631, 283.980041504, 284.374786377, 284.76953125, 285.175872803], "beats_loudness": {"dvar2": 0.000641146674752, "var": 0.000415803893702, "min": 0, "dmean": 0.013672743924, "mean": 0.0358009822667, "max": 0.114717878401, "dmean2": 0.0239977594465, "median": 0.0344772413373, "dvar": 0.00022074986191}, "bpm_histogram_second_peak_weight": {"dvar2": 0, "var": 0, "min": 0.0131004368886, "dmean": 0, "mean": 0.0131004368886, "max": 0.0131004368886, "dmean2": 0, "median": 0.0131004368886, "dvar": 0}, "bpm_histogram_second_peak_spread": {"dvar2": 0, "var": 0, "min": 0.4375, "dmean": 0, "mean": 0.4375, "max": 0.4375, "dmean2": 0, "median": 0.4375, "dvar": 0}, "bpm_histogram_second_peak_bpm": {"dvar2": 0, "var": 0, "min": 133, "dmean": 0, "mean": 133, "max": 133, "dmean2": 0, "median": 133, "dvar": 0}, "onset_rate": 3.3106470108}, "lowlevel": {"spectral_energyband_high": {"dvar2": 6.62262323203e-07, "var": 1.37970323522e-06, "min": 7.2083386245e-21, "dmean": 0.000275053578662, "mean": 0.000892164302059, "max": 0.0151013750583, "dmean2": 0.000412625377066, "median": 0.00053440470947, "dvar": 3.29656671738e-07}, "spectral_energyband_middle_low": {"dvar2": 0.000103138831037, "var": 0.000109697029984, "min": 1.45376601381e-22, "dmean": 0.00478465482593, "mean": 0.013481545262, "max": 0.0912818834186, "dmean2": 0.00755825871602, "median": 0.0110889775679, "dvar": 4.14453061239e-05}, "spectral_energy": {"dvar2": 0.000958480057307, "var": 0.000499466434121, "min": 1.00143897173e-20, "dmean": 0.0121614160016, "mean": 0.0334383100271, "max": 0.174587920308, "dmean2": 0.0204908680171, "median": 0.0312422215939, "dvar": 0.00034587533446}, "spectral_spread": {"dvar2": 1083196964860.0, "var": 7494780321790.0, "min": 1306481, "dmean": 455040.34375, "mean": 4790590, "max": 42594724, "dmean2": 656777.3125, "median": 4515389.5, "dvar": 581657821184}, "spectral_energyband_low": {"dvar2": 0.000928957539145, "var": 0.000256059080129, "min": 1.48310488684e-23, "dmean": 0.0091578187421, "mean": 0.0136265130714, "max": 0.161472469568, "dmean2": 0.0162819866091, "median": 0.00974091235548, "dvar": 0.000324453954818}, "spectral_rolloff": {"dvar2": 1892611.5, "var": 2993932, "min": 64.599609375, "dmean": 438.6769104, "mean": 1464.06311035, "max": 19595.2148438, "dmean2": 748.465637207, "median": 1162.79296875, "dvar": 834279.5625}, "barkbands": {"dvar2": [6.89556600264e-07, 0.000385202496545, 0.000162679381901, 1.58886850841e-05, 3.77709948225e-05, 1.43435336213e-05, 7.53076574256e-06, 1.72329037014e-05, 8.68999268278e-06, 8.74838133313e-06, 3.97535086449e-06, 6.808816579e-06, 4.61405852548e-06, 2.05710625778e-06, 2.78622974292e-06, 1.08188874037e-06, 1.02930312096e-06, 2.7662224511e-07, 1.50658351572e-07, 5.83311816627e-08, 3.93746830696e-08, 3.03565492743e-08, 3.01379330381e-08, 5.28877173167e-08, 8.18811045633e-08, 1.32691093668e-08, 1.00282793181e-09], "var": [2.33478317568e-07, 8.8518987468e-05, 5.79561528866e-05, 9.33267074288e-06, 2.0281131583e-05, 9.0114745035e-06, 5.34506352778e-06, 1.72390882653e-05, 1.04259625004e-05, 8.84412838786e-06, 3.5929645037e-06, 5.2577374845e-06, 3.99923601435e-06, 2.03546346711e-06, 2.0548923203e-06, 1.16110243198e-06, 1.16537307804e-06, 3.34841899985e-07, 1.54916662609e-07, 6.07435595157e-08, 3.77622413339e-08, 3.70067425592e-08, 4.68806859999e-08, 7.0408169961e-08, 1.11029009986e-07, 2.45943994059e-08, 1.30879929117e-09], "min": [1.02800803294e-25, 4.31353323938e-24, 1.51298985671e-24, 9.59091073503e-25, 1.5775002983e-23, 8.39953296128e-24, 1.09144444041e-23, 5.99343186414e-24, 1.13150342826e-23, 7.78334739732e-24, 2.17331479156e-23, 2.67305107526e-23, 3.75507383434e-23, 3.7942145881e-23, 4.3753109879e-23, 4.73401424566e-23, 7.6889597167e-23, 1.08026587117e-22, 1.446894846e-22, 1.53828823151e-22, 2.92360737204e-22, 3.92176960994e-22, 4.66051298279e-22, 6.45297308148e-22, 8.74181172478e-22, 1.24211973214e-21, 2.03826390611e-21], "dmean": [0.000261779990979, 0.00489419093356, 0.00448290864006, 0.00156730518211, 0.00200848001987, 0.00109937798698, 0.000661040539853, 0.00114577065688, 0.000815223320387, 0.000811072241049, 0.000525730196387, 0.000536889827345, 0.000413853704231, 0.00034874927951, 0.000449778308393, 0.000313559459755, 0.000372100883396, 0.00021270684374, 0.00016588444123, 9.82325946097e-05, 6.54660398141e-05, 5.9066034737e-05, 6.04057895544e-05, 5.73169381823e-05, 5.52904239157e-05, 2.7127978683e-05, 7.19175386621e-06], "mean": [0.00025931809796, 0.00550048332661, 0.00635156966746, 0.00267964159139, 0.00353753822856, 0.00196245149709, 0.00108023872599, 0.00197171955369, 0.0015006493777, 0.00144838576671, 0.000912406831048, 0.000841791974381, 0.000685970589984, 0.000613379699644, 0.00077760120621, 0.000639809004497, 0.000797624525148, 0.000469663442345, 0.000392875546822, 0.000235914689256, 0.00014833570458, 0.000138767631142, 0.000151289423229, 0.000133667024784, 0.000122406301671, 6.80120137986e-05, 1.64875655173e-05], "max": [0.00767508894205, 0.108069628477, 0.0792744010687, 0.0473246648908, 0.0663280040026, 0.0684060379863, 0.0692005902529, 0.0532004274428, 0.0478221178055, 0.0576228238642, 0.0393757969141, 0.0413153171539, 0.0417207479477, 0.0238217394799, 0.0255158226937, 0.0213533081114, 0.0178262684494, 0.00627955142409, 0.00667255092412, 0.00315372599289, 0.00329874828458, 0.00278555159457, 0.00266840355471, 0.00439007813111, 0.00626700697467, 0.00271537317894, 0.000757039117161], "dmean2": [0.000457661459222, 0.00894434843212, 0.0078183459118, 0.00264871562831, 0.00327614764683, 0.0017417933559, 0.00104247813579, 0.00177811458707, 0.00125309138093, 0.00124096765649, 0.000824845512398, 0.000857135804836, 0.000657780736219, 0.000547040428501, 0.00072516099317, 0.000496328400914, 0.00059936742764, 0.000343533843989, 0.000269183306955, 0.000159038798301, 0.000108555221232, 9.65541839832e-05, 9.38293233048e-05, 8.7220723799e-05, 8.12621656223e-05, 3.82883845305e-05, 1.0822144759e-05], "median": [9.78651150945e-05, 0.00289505557157, 0.00394926546142, 0.0018075297121, 0.00222719693556, 0.0010752629023, 0.000454245571746, 0.000423062650952, 0.000367086089682, 0.000340313330526, 0.0002687649976, 0.000160364419571, 0.000161396790645, 0.000196766501176, 0.000288388459012, 0.000258656044025, 0.000413139670854, 0.000270604796242, 0.000300471845549, 0.000168858838151, 8.78789869603e-05, 7.37943992135e-05, 7.83190334914e-05, 6.41657607048e-05, 4.69419319415e-05, 1.86624729395e-05, 2.13956604966e-06], "dvar": [2.5562673045e-07, 0.000133302237373, 5.6004144426e-05, 5.77119453737e-06, 1.4272178305e-05, 5.7559718698e-06, 3.07644108943e-06, 7.21038668416e-06, 3.68509290638e-06, 3.68110590898e-06, 1.61407808719e-06, 2.69257066066e-06, 1.80361109869e-06, 8.71162967542e-07, 1.07211678824e-06, 4.49042943274e-07, 4.13583819636e-07, 1.09323408992e-07, 5.9439869915e-08, 2.24627783041e-08, 1.48302667924e-08, 1.22187584495e-08, 1.37442803805e-08, 2.53982523901e-08, 4.1663458461e-08, 7.64673657727e-09, 4.96688301599e-10]}, "melbands_skewness": {"dvar2": 2.40699696541, "var": 3.689234972, "min": -0.728318095207, "dmean": 0.781514823437, "mean": 2.84881925583, "max": 21.2565326691, "dmean2": 1.26043772697, "median": 2.3842022419, "dvar": 0.926115095615}, "barkbands_skewness": {"dvar2": 3.42775464058, "var": 20.8190040588, "min": -2.21958661079, "dmean": 0.61186593771, "mean": 2.02647972107, "max": 87.4385986328, "dmean2": 1.00426197052, "median": 1.34243786335, "dvar": 1.15932393074}, "erbbands": {"dvar2": [0.141514867544, 25.6589756012, 222.489349365, 162.062133789, 213.615539551, 602.739807129, 1589.99621582, 827.889953613, 1348.31884766, 4066.61352539, 7970.28613281, 5890.34619141, 10261.2832031, 5132.77050781, 5740.30908203, 16306.8984375, 10753.5283203, 4900.47607422, 5649.08789062, 8613.96679688, 2168.50439453, 1513.74450684, 820.289001465, 559.720031738, 265.871948242, 143.515289307, 75.502746582, 56.4881248474, 45.4595031738, 33.8930854797, 22.9804782867, 24.9465389252, 16.5752868652, 13.8761577606, 3.58848929405, 0.406824082136, 0.0428315848112, 0.00278606661595, 2.47918651439e-05, 2.55148577821e-08], "var": [0.0346679091454, 5.95284175873, 71.8229980469, 79.6274642944, 100.652526855, 296.381774902, 885.782714844, 502.669250488, 1075.8671875, 4142.37011719, 6626.15283203, 7433.52392578, 10544.2265625, 4621.11376953, 5989.64306641, 12244.4140625, 9423.86523438, 4262.9765625, 5217.01416016, 6848.31542969, 3144.12670898, 2174.6574707, 1169.52209473, 559.976989746, 299.479187012, 144.754760742, 75.1167068481, 53.7560958862, 51.2697792053, 45.7555046082, 34.7495002747, 30.5532188416, 21.5827560425, 16.8625679016, 4.77185916901, 0.697475492954, 0.0719754770398, 0.00359076820314, 3.34321048285e-05, 4.61015758901e-08], "min": [1.7534556601e-22, 4.62052467687e-22, 1.58833369356e-21, 4.06159251695e-21, 1.88941574371e-20, 4.6893728418e-20, 3.29729346371e-20, 7.19697216122e-20, 1.44554219365e-19, 2.89045366209e-19, 2.72452846904e-19, 3.833520469e-19, 6.5265765252e-19, 3.59357605282e-19, 1.10195243446e-18, 1.1817015377e-18, 1.96327347923e-18, 2.13539404827e-18, 2.34302444703e-18, 3.19704293455e-18, 2.98836305039e-18, 4.74306893522e-18, 5.93879945611e-18, 6.21349000751e-18, 7.5473638266e-18, 7.83822038231e-18, 9.4799315343e-18, 8.4187398721e-18, 1.27464338589e-17, 1.1404846167e-17, 1.18802227291e-17, 1.13585356332e-17, 1.04126637017e-17, 8.1148270976e-18, 7.13167992619e-18, 4.65057732144e-18, 2.26877671524e-18, 7.09864481407e-19, 2.49044075009e-19, 2.68709832014e-20], "dmean": [0.0940212383866, 1.29093956947, 4.90323925018, 4.93123865128, 5.46600723267, 7.10339355469, 9.44483852386, 8.43597602844, 8.99014472961, 16.5907325745, 22.4907150269, 21.147851944, 22.9275741577, 18.7701053619, 21.3051986694, 25.2745361328, 19.3223628998, 16.5462608337, 17.86095047, 23.8488521576, 15.322262764, 15.047504425, 11.8964195251, 9.55708408356, 6.88367509842, 4.80373191833, 3.01483011246, 2.43868565559, 2.1544547081, 2.06111717224, 1.65327858925, 1.3831744194, 0.9176825881, 0.697404205799, 0.376623272896, 0.143763706088, 0.0485608763993, 0.011722731404, 0.00111305643804, 4.80991220684e-05], "mean": [0.108548261225, 1.45136344433, 6.69825649261, 8.88073825836, 9.23259353638, 11.6078414917, 16.4739837646, 14.7492704391, 15.7695493698, 29.1715812683, 39.4093818665, 40.5914077759, 43.3305702209, 34.0630493164, 39.602180481, 42.407371521, 34.463344574, 30.1130714417, 34.4825668335, 46.3197860718, 37.0795288086, 36.4113731384, 29.8102722168, 22.7195110321, 16.4483852386, 11.643034935, 7.1350851059, 5.53175401688, 4.93248987198, 4.90336751938, 4.10112524033, 3.20299649239, 2.0420691967, 1.45079958439, 0.825755417347, 0.342527598143, 0.116128541529, 0.0269122198224, 0.0026077455841, 0.000141533731949], "max": [2.3519320488, 27.6959705353, 91.1932373047, 90.0701904297, 144.613204956, 281.528198242, 721.475891113, 594.653747559, 695.565979004, 1224.38244629, 1135.07080078, 1311.75598145, 2187.046875, 1088.11816406, 1178.38293457, 2074.86816406, 2197.23291016, 1179.98510742, 1575.97546387, 1046.67724609, 1464.94128418, 870.427429199, 325.438140869, 478.859222412, 155.292892456, 180.108932495, 180.322982788, 91.308883667, 114.069694519, 103.255500793, 77.930480957, 85.0064544678, 81.3692398071, 85.9933853149, 46.5782852173, 12.7687969208, 5.27355051041, 1.4273481369, 0.13209502399, 0.00349326920696], "dmean2": [0.170059129596, 2.35552620888, 8.61573314667, 8.3995475769, 9.17240047455, 11.6744337082, 15.241985321, 13.5057582855, 13.9814968109, 26.0597400665, 34.9611091614, 32.3230056763, 35.064250946, 29.2651519775, 32.8757247925, 40.2875671387, 30.5705356598, 25.8981189728, 27.9442443848, 38.9182128906, 24.0103492737, 23.8087768555, 19.1262931824, 15.5633239746, 11.0945034027, 7.76691436768, 4.96576929092, 4.07392311096, 3.53763484955, 3.29751873016, 2.56446909904, 2.12570238113, 1.39350986481, 1.04561150074, 0.553001403809, 0.205520436168, 0.0695506408811, 0.0174660030752, 0.00164397165645, 7.05608399585e-05], "median": [0.0589574351907, 0.741773068905, 4.03699970245, 6.36727666855, 6.46088790894, 6.43547725677, 8.22253322601, 8.18608379364, 7.17362451553, 9.1077299118, 10.3702011108, 11.7531070709, 11.275428772, 10.7623643875, 13.8133602142, 9.53836536407, 9.07797431946, 10.6467208862, 13.962928772, 16.1127548218, 18.2057971954, 20.4283161163, 17.8635997772, 16.5485095978, 12.0470609665, 8.55899810791, 4.62971830368, 3.05518770218, 2.47713327408, 2.73466944695, 2.13694190979, 1.55050647259, 0.900103569031, 0.528219282627, 0.314667731524, 0.111549973488, 0.0264818873256, 0.00405599270016, 0.000415399670601, 6.87417850713e-05], "dvar": [0.0495939999819, 8.86200237274, 77.4412002563, 56.7633972168, 77.7737731934, 224.950164795, 617.703613281, 329.81060791, 541.276794434, 1704.09008789, 3249.31811523, 2531.84765625, 4196.14550781, 2164.45581055, 2466.70214844, 6367.47216797, 4200.68212891, 2040.69921875, 2348.67529297, 3089.75463867, 967.032531738, 625.993164062, 324.634277344, 214.612731934, 105.709510803, 55.1337051392, 28.8871231079, 21.2163257599, 17.8281021118, 14.5265550613, 10.5220355988, 11.4270820618, 8.05854988098, 6.81226682663, 1.80655395985, 0.227818384767, 0.0236983355135, 0.0013622418046, 1.25942578961e-05, 1.35858861938e-08]}, "silence_rate_30dB": {"dvar2": 0.00275930925272, "var": 0.000568520452362, "min": 0, "dmean": 0.000975134084001, "mean": 0.999431192875, "max": 1, "dmean2": 0.00195042660926, "median": 1, "dvar": 0.000974185531959}, "melbands_spread": {"dvar2": 147.518218994, "var": 277.317626953, "min": 0.223666802049, "dmean": 6.27268218994, "mean": 23.695148468, "max": 154.26991272, "dmean2": 10.0721216202, "median": 21.7496013641, "dvar": 60.1116790771}, "melbands_crest": {"dvar2": 25.0124320984, "var": 27.8732376099, "min": 1.6979432106, "dmean": 3.28052186966, "mean": 14.0103311539, "max": 29.9933624268, "dmean2": 5.52398347855, "median": 13.1289634705, "dvar": 9.08165645599}, "zerocrossingrate": {"dvar2": 0.000147031547385, "var": 0.00201165000908, "min": 0.0029296875, "dmean": 0.00891404878348, "mean": 0.0619156658649, "max": 0.5234375, "dmean2": 0.0108029004186, "median": 0.05712890625, "dvar": 0.000126505969092}, "barkbands_kurtosis": {"dvar2": 62982.5078125, "var": 236893.265625, "min": -1.92462313175, "dmean": 12.4600286484, "mean": 40.7561149597, "max": 12784.8652344, "dmean2": 21.8545684814, "median": 1.46009302139, "dvar": 20230.8359375}, "spectral_flux": {"dvar2": 0.00252525694668, "var": 0.00300106755458, "min": 6.39460012719e-11, "dmean": 0.0268892869353, "mean": 0.0931501835585, "max": 0.392109841108, "dmean2": 0.0428171828389, "median": 0.0879236459732, "dvar": 0.00131053652149}, "barkbands_crest": {"dvar2": 13.7409286499, "var": 16.217300415, "min": 2.49051117897, "dmean": 2.33641862869, "mean": 9.17721271515, "max": 26.8896827698, "dmean2": 3.94259476662, "median": 8.30429458618, "dvar": 4.8698091507}, "barkbands_flatness_db": {"dvar2": 0.00151330896188, "var": 0.0057374718599, "min": 0.017613325268, "dmean": 0.0213497076184, "mean": 0.128052204847, "max": 0.657070815563, "dmean2": 0.034254103899, "median": 0.109585635364, "dvar": 0.000554723723326}, "spectral_entropy": {"dvar2": 0.0600345283747, "var": 0.29479432106, "min": 4.36927509308, "dmean": 0.1482860744, "mean": 7.51657009125, "max": 9.81887340546, "dmean2": 0.217457354069, "median": 7.59750366211, "dvar": 0.0282833427191}, "pitch_salience": {"dvar2": 0.0120098339394, "var": 0.0141876973212, "min": 0.0112347630784, "dmean": 0.0707323476672, "mean": 0.530651450157, "max": 0.940929412842, "dmean2": 0.117540121078, "median": 0.53953909874, "dvar": 0.00421828404069}, "erbbands_spread": {"dvar2": 167.825210571, "var": 378.07699585, "min": 1.78996276855, "dmean": 7.62070083618, "mean": 41.0833816528, "max": 175.786636353, "dmean2": 11.5468969345, "median": 37.5467605591, "dvar": 76.8072052002}, "dynamic_complexity": 3.30586957932, "spectral_contrast_valleys": {"dvar2": [0.335996121168, 0.218766689301, 0.155734732747, 0.118852935731, 0.116692312062, 0.238854050636], "var": [2.93860077858, 3.07702493668, 3.10221672058, 3.13439536095, 3.20146751404, 3.5314245224], "min": [-27.9445323944, -27.8281745911, -27.6762142181, -27.6579322815, -27.4970970154, -27.3704872131], "dmean": [0.404686719179, 0.344082772732, 0.308836996555, 0.269649207592, 0.237614274025, 0.277353644371], "mean": [-7.10645675659, -6.96535873413, -7.62789201736, -7.87900543213, -7.61087751389, -10.2443113327], "max": [-5.09519004822, -4.78567647934, -5.19665622711, -5.79418134689, -5.71740102768, -7.57952737808], "dmean2": [0.671625971794, 0.549771130085, 0.47997367382, 0.3991561234, 0.333461463451, 0.380343943834], "median": [-6.73537731171, -6.69619846344, -7.3535656929, -7.52887916565, -7.1952791214, -9.75359630585], "dvar": [0.13158082962, 0.0925718396902, 0.0713149756193, 0.0589975602925, 0.0639987811446, 0.130777075887]}, "hfc": {"dvar2": 124.943145752, "var": 371.421356201, "min": 1.07157979338e-16, "dmean": 5.65794610977, "mean": 25.3085002899, "max": 165.370742798, "dmean2": 8.55627632141, "median": 23.6995258331, "dvar": 55.1882858276}, "spectral_kurtosis": {"dvar2": 7.53095722198, "var": 10.3624019623, "min": -1.25874829292, "dmean": 1.31310641766, "mean": 4.73352479935, "max": 52.431060791, "dmean2": 2.16228580475, "median": 4.31883525848, "dvar": 2.63906764984}, "mfcc": {"mean": [-633.799377441, 121.544158936, -0.837834537029, 29.7677497864, 12.75730896, 2.29984903336, -0.952659368515, 7.85528993607, -0.523315966129, 1.95135378838, -3.62041091919, -1.99574530125, -0.850909233093], "cov": [[10374.9960938, -482.66519165, -292.869689941, -720.721618652, -43.7940177917, -136.950134277, -62.0531921387, 187.633270264, 35.1679267883, 177.658294678, 85.7637329102, -45.913608551, -108.893104553], [-482.66519165, 1111.18493652, -245.804244995, 203.39541626, -64.396156311, -52.5367469788, 12.7030181885, -37.9978599548, -55.8343544006, -37.4815368652, -39.4412727356, -10.8307952881, 10.7499952316], [-292.869689941, -245.804244995, 547.827941895, 14.7829771042, 125.610939026, 25.5584068298, 3.02752161026, 1.96512234211, -7.76624822617, 60.790397644, 34.3906974792, 42.7014274597, 24.2537937164], [-720.721618652, 203.39541626, 14.7829771042, 426.768432617, 58.9461746216, 68.6438369751, -49.8992500305, -66.0090942383, 21.036272049, -66.3332366943, -52.2547225952, -5.11041879654, 6.00282621384], [-43.7940177917, -64.396156311, 125.610939026, 58.9461746216, 252.498718262, 34.4027366638, -18.2935619354, 15.6558847427, 32.4294509888, 41.0026855469, 9.62394523621, 7.21116352081, 5.34543800354], [-136.950134277, -52.5367469788, 25.5584068298, 68.6438369751, 34.4027366638, 155.461730957, 66.3394546509, 8.33123683929, 12.0613193512, -10.5055608749, 15.8072443008, 2.776460886, -6.70799827576], [-62.0531921387, 12.7030181885, 3.02752161026, -49.8992500305, -18.2935619354, 66.3394546509, 174.065231323, 47.4558753967, -4.81509685516, 2.35262846947, 37.7427101135, 21.8718452454, 10.5230569839], [187.633270264, -37.9978599548, 1.96512234211, -66.0090942383, 15.6558847427, 8.33123683929, 47.4558753967, 123.662406921, 34.6120223999, 37.7620162964, 22.7100830078, 10.574048996, 15.8405580521], [35.1679267883, -55.8343544006, -7.76624822617, 21.036272049, 32.4294509888, 12.0613193512, -4.81509685516, 34.6120223999, 121.008422852, 38.7105331421, 3.09209370613, -0.521996736526, -4.73500680923], [177.658294678, -37.4815368652, 60.790397644, -66.3332366943, 41.0026855469, -10.5055608749, 2.35262846947, 37.7620162964, 38.7105331421, 127.155433655, 43.4293441772, 14.5202074051, -3.46533989906], [85.7637329102, -39.4412727356, 34.3906974792, -52.2547225952, 9.62394523621, 15.8072443008, 37.7427101135, 22.7100830078, 3.09209370613, 43.4293441772, 91.6994857788, 27.131313324, 4.53211736679], [-45.913608551, -10.8307952881, 42.7014274597, -5.11041879654, 7.21116352081, 2.776460886, 21.8718452454, 10.574048996, -0.521996736526, 14.5202074051, 27.131313324, 75.3291320801, 28.2164821625], [-108.893104553, 10.7499952316, 24.2537937164, 6.00282621384, 5.34543800354, -6.70799827576, 10.5230569839, 15.8405580521, -4.73500680923, -3.46533989906, 4.53211736679, 28.2164821625, 76.0497741699]], "icov": [[0.000116724513646, 2.74410249403e-05, 8.00171037554e-05, 0.000165777644725, -2.94459805446e-05, -9.96654762275e-06, 0.000120001663163, -0.000126061626361, 2.97256901831e-05, -5.92427641095e-05, -2.48477608693e-05, -3.94665903514e-06, 0.00013759052672], [2.74410249403e-05, 0.00132969277911, 0.0006699966616, -0.00100415863562, 5.89104602113e-05, 0.000967725820374, -0.000750512932427, -1.34480005727e-05, 0.000920579826925, -0.000763417163398, 0.000177529771463, 6.88243671902e-05, -0.000108797488792], [8.00171037554e-05, 0.0006699966616, 0.00265165627934, -0.000442047399702, -0.000972875277512, 0.000182594361831, -0.000249759847065, 0.000256673869444, 0.00112213101238, -0.00140324351378, -3.33626485371e-05, -0.000820100249257, -0.000413131318055], [0.000165777644725, -0.00100415863562, -0.000442047399702, 0.00458054291084, -0.000753616215661, -0.00266597722657, 0.0018484814791, 0.00129725807346, -0.00183651677798, 0.00195999885909, 0.000984040671028, -0.000625082000624, -0.000401185796363], [-2.94459805446e-05, 5.89104602113e-05, -0.000972875277512, -0.000753616215661, 0.00516725890338, -0.00107769982424, 0.000918822304811, -0.00069238449214, -0.000529408105649, -0.00131324550603, 1.37597226058e-05, 0.000222536997171, -0.000298103521345], [-9.96654762275e-06, 0.000967725820374, 0.000182594361831, -0.00266597722657, -0.00107769982424, 0.0104422466829, -0.00483150919899, 3.82429279853e-05, -0.000121731449326, 0.000591188436374, -0.0014637359418, 0.000831190438475, 0.00145671819337], [0.000120001663163, -0.000750512932427, -0.000249759847065, 0.0018484814791, 0.000918822304811, -0.00483150919899, 0.00977026019245, -0.0029589952901, 0.000314886041451, 0.00148377218284, -0.00208467198536, -0.00154609943274, -0.000229573735851], [-0.000126061626361, -1.34480005727e-05, 0.000256673869444, 0.00129725807346, -0.00069238449214, 3.82429279853e-05, -0.0029589952901, 0.0118876863271, -0.00307218008675, -0.00172404607292, 1.12639772851e-05, 0.000485375261633, -0.00282808602788], [2.97256901831e-05, 0.000920579826925, 0.00112213101238, -0.00183651677798, -0.000529408105649, -0.000121731449326, 0.000314886041451, -0.00307218008675, 0.0114049967378, -0.00401809625328, 0.00110544078052, -6.18943668087e-05, 0.000806432391983], [-5.92427641095e-05, -0.000763417163398, -0.00140324351378, 0.00195999885909, -0.00131324550603, 0.000591188436374, 0.00148377218284, -0.00172404607292, -0.00401809625328, 0.0133725013584, -0.00483139557764, -0.00074344757013, 0.00153707386926], [-2.48477608693e-05, 0.000177529771463, -3.33626485371e-05, 0.000984040671028, 1.37597226058e-05, -0.0014637359418, -0.00208467198536, 1.12639772851e-05, 0.00110544078052, -0.00483139557764, 0.0161921232939, -0.00433562230319, 0.000520680216141], [-3.94665903514e-06, 6.88243671902e-05, -0.000820100249257, -0.000625082000624, 0.000222536997171, 0.000831190438475, -0.00154609943274, 0.000485375261633, -6.18943668087e-05, -0.00074344757013, -0.00433562230319, 0.0179799236357, -0.00598436594009], [0.00013759052672, -0.000108797488792, -0.000413131318055, -0.000401185796363, -0.000298103521345, 0.00145671819337, -0.000229573735851, -0.00282808602788, 0.000806432391983, 0.00153707386926, 0.000520680216141, -0.00598436594009, 0.0166049525142]]}, "silence_rate_20dB": {"dvar2": 0, "var": 0, "min": 1, "dmean": 0, "mean": 1, "max": 1, "dmean2": 0, "median": 1, "dvar": 0}, "melbands_kurtosis": {"dvar2": 1136.05664062, "var": 1153.37341309, "min": -1.59080135822, "dmean": 8.90442371368, "mean": 16.9883670807, "max": 934.462341309, "dmean2": 14.8606595993, "median": 7.39447879791, "dvar": 426.779754639}, "barkbands_spread": {"dvar2": 96.8393325806, "var": 192.068328857, "min": 0.0157417058945, "dmean": 5.28033208847, "mean": 23.6568374634, "max": 116.110275269, "dmean2": 8.28019428253, "median": 23.126537323, "dvar": 44.569934845}, "erbbands_skewness": {"dvar2": 0.199957236648, "var": 1.08731901646, "min": -2.62943983078, "dmean": 0.317925453186, "mean": 0.274788469076, "max": 12.3087844849, "dmean2": 0.485010057688, "median": 0.130465641618, "dvar": 0.0892619863153}, "average_loudness": 0.919318914413, "spectral_centroid": {"dvar2": 129031.882812, "var": 666175.25, "min": 70.7623062134, "dmean": 214.697021484, "mean": 1346.29943848, "max": 11504.8251953, "dmean2": 337.056121826, "median": 1340.69506836, "dvar": 57181.6757812}, "dissonance": {"dvar2": 0.000733514258172, "var": 0.000677489326335, "min": 0.302654325962, "dmean": 0.0172230303288, "mean": 0.462747514248, "max": 0.500000059605, "dmean2": 0.0285783614963, "median": 0.468717873096, "dvar": 0.000272838573437}, "erbbands_flatness_db": {"dvar2": 0.000420095893787, "var": 0.00204579927959, "min": 0.0277915541083, "dmean": 0.014510974288, "mean": 0.144262969494, "max": 0.366075247526, "dmean2": 0.0211955755949, "median": 0.139091342688, "dvar": 0.000204321113415}, "spectral_strongpeak": {"dvar2": 2.67455720901, "var": 1.53890931606, "min": 0, "dmean": 0.597868382931, "mean": 0.944320321083, "max": 12.5023803711, "dmean2": 1.03366553783, "median": 0.47383788228, "dvar": 1.05440342426}, "spectral_rms": {"dvar2": 3.97451367462e-06, "var": 4.10183793065e-06, "min": 3.12572168669e-12, "dmean": 0.000939647026826, "mean": 0.00534049794078, "max": 0.0130510414019, "dmean2": 0.00154381466564, "median": 0.00552088906989, "dvar": 1.47058017319e-06}, "silence_rate_60dB": {"dvar2": 0.0270534772426, "var": 0.0491512194276, "min": 0, "dmean": 0.0120266536251, "mean": 0.0518404170871, "max": 1, "dmean2": 0.0240552611649, "median": 0, "dvar": 0.0118758473545}, "melbands": {"dvar2": [1.96861328732e-05, 5.52757483092e-05, 4.05829132433e-06, 1.87375121641e-06, 1.62135984283e-06, 4.12096341051e-07, 2.85879139028e-07, 5.34729736046e-07, 4.52388434269e-07, 2.10547611346e-07, 2.5405188353e-07, 9.29320123078e-08, 7.48835304876e-08, 8.59480948634e-08, 6.92876511721e-08, 2.44880595801e-08, 2.30316743455e-08, 1.54957273679e-08, 1.0976324738e-08, 1.09581490548e-08, 4.46068337823e-09, 2.53684917517e-09, 2.05902428441e-09, 6.79045597529e-10, 4.71305494631e-10, 2.18474877078e-10, 1.01010318165e-10, 6.82680439956e-11, 3.84193683811e-11, 2.82425124953e-11, 2.03484260691e-11, 1.80605218281e-11, 1.26099625533e-11, 1.31745803503e-11, 8.30418719899e-12, 1.15214660729e-11, 1.07109130593e-11, 9.20681673261e-12, 1.04699721115e-11, 1.18592739795e-11], "var": [4.51377491117e-06, 1.57313370437e-05, 2.04744378607e-06, 8.14050906683e-07, 9.44220857946e-07, 2.70011781822e-07, 2.38149766574e-07, 5.99762529419e-07, 3.9352494241e-07, 2.40325618961e-07, 2.61271765112e-07, 8.51056753959e-08, 7.14656351875e-08, 7.02324243207e-08, 5.61289361656e-08, 2.04563299633e-08, 1.99105762988e-08, 1.51441064133e-08, 8.88751294781e-09, 9.66741087183e-09, 5.38096900371e-09, 2.96371749364e-09, 2.5694484318e-09, 6.97010282824e-10, 4.09755840369e-10, 2.21562684866e-10, 9.93628165857e-11, 6.31929925055e-11, 3.33310948286e-11, 2.64104189907e-11, 1.75512868128e-11, 1.79646453963e-11, 1.38222462989e-11, 1.59109635189e-11, 1.16946860182e-11, 1.29799348353e-11, 1.16547301324e-11, 1.04770541201e-11, 1.17078551715e-11, 1.29109179944e-11], "min": [1.61963951236e-24, 7.25088650086e-25, 8.3403827901e-25, 2.45072774741e-24, 1.17182082723e-24, 1.49000097082e-24, 1.96432873503e-24, 3.75104662053e-24, 1.85749783858e-24, 2.10035714851e-24, 3.11354899314e-24, 9.23853544336e-25, 3.22572698602e-24, 3.17064082901e-24, 3.