{"tonal": {"thpcp": [1, 0.586269855499, 0.237481340766, 0.19150967896, 0.174222335219, 0.316972285509, 0.521451115608, 0.430067002773, 0.364405333996, 0.47131305933, 0.357057243586, 0.189193040133, 0.155299171805, 0.156619176269, 0.234003946185, 0.352718830109, 0.301595658064, 0.184576585889, 0.145022600889, 0.155098751187, 0.389701634645, 0.681719362736, 0.689133763313, 0.620627403259, 0.433348864317, 0.165007323027, 0.102552577853, 0.132287532091, 0.165486991405, 0.433911323547, 0.774128615856, 0.622409343719, 0.358171850443, 0.33443236351, 0.377293467522, 0.755622208118], "hpcp": {"dmean2": [0.355780154467, 0.344095885754, 0.256581276655, 0.185971960425, 0.165739238262, 0.142694160342, 0.168546944857, 0.216879695654, 0.219142451882, 0.211281761527, 0.199770838022, 0.1836720258, 0.130842372775, 0.117609232664, 0.118984818459, 0.141460761428, 0.165468037128, 0.156451955438, 0.122067451477, 0.0985599458218, 0.106974408031, 0.17430318892, 0.217703908682, 0.311365187168, 0.414590895176, 0.24529697001, 0.0892224833369, 0.0745408684015, 0.0858652442694, 0.1125613451, 0.247835069895, 0.384814500809, 0.390821933746, 0.295959115028, 0.250572264194, 0.291944146156], "median": [0.0894133746624, 0.118907168508, 0.0835305005312, 0.015899669379, 0.00892940722406, 0.00980226695538, 0.0303147956729, 0.0442942604423, 0.0364554077387, 0.0295451804996, 0.0339023433626, 0.0278261397034, 0.0153335249051, 0.0109249334782, 0.0103804543614, 0.0201897621155, 0.0317986905575, 0.0266148466617, 0.0157079715282, 0.0115085532889, 0.0109984865412, 0.0483330711722, 0.0838217288256, 0.101138800383, 0.049256183207, 0.0341003909707, 0.00777497608215, 0.00840812548995, 0.0100878514349, 0.0152494953945, 0.0389499738812, 0.0709915012121, 0.068146109581, 0.0274721235037, 0.0173546206206, 0.0286020636559], "min": [1.66109384736e-05, 2.11156693695e-05, 3.12361371471e-05, 4.40679059466e-06, 3.3289595649e-06, 4.13081534134e-06, 2.8086191378e-05, 6.0660258896e-05, 4.79300579173e-05, 1.26852146423e-05, 8.42306144477e-06, 1.264801449e-05, 1.01594923763e-05, 7.6591177276e-06, 1.09942511699e-05, 5.86506894251e-06, 1.44703371916e-05, 2.01928723982e-05, 1.3367086467e-05, 4.6559139264e-06, 1.05722676835e-06, 4.19000680267e-05, 4.88168516313e-05, 4.79524896946e-05, 2.81234383692e-06, 1.23137988339e-05, 4.40695066573e-06, 2.87350121653e-06, 5.58447300136e-06, 3.0336301279e-05, 2.61023451458e-05, 3.34749092872e-05, 0, 1.40999582072e-05, 1.89417150978e-05, 6.32239562037e-06], "dvar2": [0.171287208796, 0.162455305457, 0.109527826309, 0.100805088878, 0.105243243277, 0.0724945738912, 0.0732451677322, 0.103377141058, 0.107546880841, 0.110520519316, 0.0950525999069, 0.0866867378354, 0.0629675760865, 0.0574427358806, 0.0562695674598, 0.0670429542661, 0.0749505087733, 0.069612942636, 0.0541904084384, 0.0398982316256, 0.0425624772906, 0.068964600563, 0.0895995646715, 0.11594106257, 0.276405692101, 0.0875973179936, 0.0290137175471, 0.0240264907479, 0.0323284007609, 0.0423362515867, 0.129700824618, 0.255361199379, 0.221367970109, 0.178297847509, 0.152117177844, 0.173155814409], "dvar": [0.0724700689316, 0.0780600234866, 0.0432795807719, 0.0373982191086, 0.0379559323192, 0.0260809455067, 0.0273389760405, 0.0429939068854, 0.0417812243104, 0.0406162813306, 0.038221988827, 0.0330460071564, 0.023179339245, 0.0208645034581, 0.0202810820192, 0.024626949802, 0.0301491525024, 0.0272495858371, 0.020206945017, 0.0148070557043, 0.0161101669073, 0.0282107833773, 0.0423763990402, 0.0455995611846, 0.1096316576, 0.0343169569969, 0.010766944848, 0.00859110429883, 0.0116846254095, 0.015185566619, 0.0460615977645, 0.0929819121957, 0.0769085511565, 0.0628504306078, 0.0576166622341, 0.0619926191866], "dmean": [0.20361918211, 0.201144173741, 0.149400487542, 0.102835200727, 0.0901425778866, 0.0775651559234, 0.0961130708456, 0.12582667172, 0.125623121858, 0.118633270264, 0.115626566112, 0.106019720435, 0.0739496946335, 0.0654862895608, 0.0663252547383, 0.0803240686655, 0.0975399911404, 0.0920364260674, 0.0694223493338, 0.0556909032166, 0.0611749850214, 0.10524918884, 0.133828103542, 0.177506566048, 0.220113530755, 0.132844135165, 0.0505149252713, 0.0414115823805, 0.0484713539481, 0.0627495422959, 0.136718660593, 0.211001485586, 0.211185052991, 0.160234510899, 0.137244358659, 0.15963371098], "max": [1, 1, 1, 1, 1, 1, 1, 1, 1, 1, 1, 1, 1, 1, 1, 1, 1, 1, 1, 1, 1, 1, 1, 1, 1, 1, 1, 1, 1, 1, 1, 1, 1, 1, 1, 1], "var": [0.10266444087, 0.153364405036, 0.0614228621125, 0.0282840840518, 0.0264816563576, 0.0195352304727, 0.0315962135792, 0.0817001089454, 0.0544248595834, 0.0455133579671, 0.0739927589893, 0.0442704744637, 0.0204494297504, 0.0163605809212, 0.0155681194738, 0.0234745685011, 0.0443636663258, 0.0339696481824, 0.018170055002, 0.0127979647368, 0.0146719804034, 0.0366919711232, 0.0984106063843, 0.0763071104884, 0.0989572927356, 0.0488401800394, 0.0144468611106, 0.00621579401195, 0.00953507982194, 0.0124702174217, 0.0492271147668, 0.12385211885, 0.0783515647054, 0.0503720529377, 0.0539546646178, 0.0536018051207], "mean": [0.258198827505, 0.341703593731, 0.200330510736, 0.0811482295394, 0.0654395446181, 0.0595323964953, 0.108310572803, 0.17818172276, 0.146955445409, 0.124518610537, 0.161049365997, 0.122007742524, 0.0646479427814, 0.0530662871897, 0.0535173341632, 0.0799599885941, 0.120525293052, 0.103056319058, 0.0630704835057, 0.0495547428727, 0.0529978014529, 0.133162453771, 0.23294596374, 0.235479488969, 0.2120706141, 0.148076862097, 0.0563835948706, 0.0350425839424, 0.0452031232417, 0.0565475001931, 0.148269057274, 0.264522522688, 0.212679505348, 0.122388608754, 0.114276736975, 0.128922536969]}, "tuning_equal_tempered_deviation": 0.340945929289, "chords_changes_rate": 0.0471218973398, "key_key": "A", "tuning_diatonic_strength": 0.545472979546, "key_scale": "minor", "chords_number_rate": 0.00169300229754, "tuning_frequency": 434.193115234, "tuning_nontempered_energy_ratio": 0.968032896519, "chords_histogram": [40.4063186646, 5.12133169174, 8.2816028595, 18.1715583801, 0.45146727562, 5.31884860992, 0.211625277996, 1.6224604845, 0, 1.28386008739, 0.0564334094524, 0, 0, 0, 0, 0, 2.21501135826, 1.74943566322, 1.2979683876, 0, 0, 0, 3.10383749008, 10.7082395554], "key_strength": 0.695170044899, "chords_key": "A", "chords_strength": {"dmean2": 0.00824316684157, "median": 0.539435505867, "min": 0.243951693177, "dvar2": 6.24241220066e-05, "dvar": 5.90573035879e-05, "dmean": 0.00851007644087, "max": 0.790973484516, "var": 0.0103775272146, "mean": 0.526306867599}, "chords_scale": "minor", "hpcp_entropy": {"dmean2": 1.16721141338, "median": 2.24721574783, "min": 0.0654705539346, "dvar2": 0.872622728348, "dvar": 0.333330154419, "dmean": 0.700217425823, "max": 4.53622531891, "var": 0.665461421013, "mean": 2.29942822456}}, "metadata": {"audio_properties": {"equal_loudness": 0, "codec": "mp3", "downmix": "mix", "sample_rate": 48000, "analysis_sample_rate": 44100, "bit_rate": 320002, "md5_encoded": "d9b0b7e151c236cf7a9eee20d196a1bd", "length": 329.087982178, "replay_gain": -11.5465431213, "lossless": false}, "version": {"essentia_build_sha": "70f2e5ece6736b2c40cc944ad0e695b16b925413", "essentia": "2.1-beta2", "extractor": "music 1.0", "essentia_git_sha": "v2.1_beta2"}, "tags": {"title": ["Music Rises Up (Claptone remix)"], "language": ["eng"], "albumartist": ["Ti\u00ebsto"], "musicbrainz_releasegroupid": ["61f0b932-95d8-43c1-b1ee-be259536c399"], "musicbrainz_recordingid": ["04313ef0-acfd-432c-aede-7068c9008189"], "musicbrainz_albumartistid": ["aabb1d9f-be12-45b3-a84d-a1fc3e8181fd"], "discnumber": ["1/1"], "bpm": ["0"], "musicbrainz album type": ["broadcast"], "musicbrainz album status": ["Bootleg"], "acoustid_fingerprint": ["AQADtFGSKFEiSQl8XMFXw4ePHxZkw8cj-DgMn8AJkccJH4cPXzi-C6ZxHuLxZcdF5D7uwy-Rpzj8wscJC4ePBz5u-HgIgydemAt--PDBh0hx4oWrFOmP48dX_PgEP8T34oVf-OBh4YE_-DjuQzx0wtBD-IVIHocZ5fjhS8AH3_gN83iO7_hw4y384Ducn0gPeiGMay7yF37SGo6Lkhl2HfrxJcZRH00uoLnxucZ86DZ--EHP4yIuMNONpj3OQEsntMdN9IbzC1_R44eWqkZlnPnQFc2KF88ktD-aR8cPUcdPhId7-DX8oaeCH1ksJPzx5UN9_Pjhl3iOukL24yEe-DjhFw9--PDxEO5xImVUfDH84oF_PISPnHghVgl8kA3-4cJBMTjE4yaOH-2y40dTRUIPnUcnuLPQBT-KZpoM_UezBj3q0cKL9ujRVBqOlh_SFz_641PR9Qjz4s1RVxBluMcD68QbwB0PHw_8Qj98XOHxFZaW4IUfWMXD8PAffMM1-DmaC-8zPFHxDxd8nCkeoSQvyM2o4SwaZvihkWgmpUUPSz885pB2S_CJWskQ3odXOOvRp2jWodssoznCNYo3QTsTeFyRfinaZTraHx-Yo0fzH_l0ojk--Cp6dC_8BFaLHz6eQ2eRPvCDb9TxwUeT4-GPUxqRfYaeF2GqROj3oroML3qFw24mfDkenehxR0eTFwyZFU9EPGzwHh6PR8HD5BkqNwWTH0-UI99xLWhOaE94fCv-Q0tEFs_QH4fQPB9--Bl-o2nz4dBy8CGaNmCewceXD56OBz4uBeLx6LB0XBlSrrCTD8czkbHg48yK9Ogv6Mu24EXoC0yOEs26FOfxBc13hIN2KQ6ajODxHrN0VBa-ZIElxyinHT-eKB0qPxBvXDm6bMpx5fhTNBVjaHqFZ8coPypOo3k4aB_2H3kv_PgTXEmOTwzCjkfCMZfQ41R8nAk_PELzB2XGIDnzIXp6_MrRH807zFqsGE8W3Ee-vNAWUU6Qpn_gCv0CV8jzDE8t6DcmpYqOMGES_MfgM8dz_DmanZj0I2LWQT9yfC-ao83xSB8u_fiPSj6aOiJ-ingyGRfDjAjzFJp8vMkQ5kYvodfRVPRxGk3Qh0c_uAMOh--ROEWaAz-8w2RWodIvXEh8IdaF50IvCc15C9cmfMe3HJecKmjEPYhNJDyPXugZNNPxB9cXoYl7hAqTIzmak-hzXPjQb0iWpsgNJ3mO58F9wnXwhMePZ3D-Ib-hH3GUB2eO9-jRPPh05IHgJB707Cny5OjhOoeX5SiPO0qH_vjx4osETynyJzHE5xKaQxeO50OqhGfwS3gG43gzlKoeXMmRU_OgHXmOM0V_ND8u4ghVH8lS5XjRXAl6PPiOMI9yVJlNqEyRLk-IMw96NP2HJ8Z9_IGPx0S8o_Zz6HMXPMNxNHmGn0NnhFmz48mT4xc6hkKzpcc5B5V0-MhziA-co4tE5Mlx8UIfVkJz4ogZaMqUI8wufOGOs9rRe_A3HtOT4SJy8QpU3QmO_mge8JShJx_ypA5uYRKV5UaTMMZf4PiPixbCMzFcqkHDKMvxH3vKjPifopRo-Bm0PSKOP8f34V0TyO3h6rii4w58NGfQMQ--kEnw6OhDaPnxJDjx5_geQWfWCD2a6scjlFOC5oPfF1c-PAsVXDaah9B-PMJ7_PieCGdmQTyu_PgSNDPOo_nxhB2-Kyilwyf6iDjOHje-PBFOHq7K4_iWwEdz5uiPS6yCP0EpFeJzdI-Akzm-D--a4O0hVj8eoZwSNEdz5kWf4wuZBEcphWh-PAJO5vge4cwaND9q5ccTlFPgD8374krY4ayCSzS0nOhj_MN7PMe1R3iYNYJ44srxJWhmnEfz40zY4doVhJQOn-gj4sh7_MaXR9CZwxWeiDjhH1qeoteFfwz-oIsUQjz6CA_x5_g-nJkD_XCFR0evBM26o3mPPoe-sEnxB80YInyFRzhO5vge5MwsNIdmBVdChNkinGicHien4Q9K6fCJ8Dn-4exxfHlEPKQFH1fwLUHz4jya9zhFbZAVXUHJFv4RPsLxHvk9fHmgk4er4jnyMURzwc-LjsmFrw8ehItU-EH3CCee4_twZk3QXS2a6niEckrQHM2ZF32OL2yCB82kUOiPR8Lx5_iDL_PQ_CilFN8SHs2PE82PM-E0_MGPZiW0Bx_OxjiN88JDWhB_XMGXoJlx5mh-XGKHX0FIqYV_9BGOnDnOD_rxMRVcBadE9ESjC36hL3nwSbj2oNQILccf4cRzfHmEk4a2H011PEJjJeh3NGOPPjn0MU1wN0eYMURf4RGOkzm-BzkzC82hWcGVEGG2CCcap8dFTsP54JFoNCfCPcJx9sWPL4_wkBb84sO3ZPDRM0fjHBfZQZ6uJChZ-Ecf4ThznB_OBydziBWe6AifFY1CoXle9MnxdRIAhYxQTgCmnHDCKKeEScYJZggCRgigGBDOAaYEYIYZIQBxTBHHiBFGAEOYUIYBYYWxCgFjDWMCCWEcU4YgIQAkQACiEBBESCYAUIgZxSQhCDDBjGBAGGEwIdYAIIhFxAABAIEOAGMIYogZwAhBjFkHmCUCMOkMYIAxx5gykjlrBEMAUCOEcUoIxIgkzAhGmBAICAOYEUIxoBhDwjAgkBKCAWKIIExIQAwgjgghFBFAEACEAABAgQUwhChkiAEOKqYAkEJAQQgBxEggAETcSMEIEIgwYaARABCihIIICIYAY0iQBJxBghAQiFAGAKYIYAIgAwUjWgjBMILCASKYA4oIIJgBjgAjCEOMAAYEAAwoiIgjRDhkEQCEEQKAIQwIYQQCiigEiEEESIQEA4ARpIAQhgnlAAkKAAGEUMYAhawRRgoiBFDEAWGhAAKALAxQADAHjQBCODCUcUQ5RZCgjBkjGGHAIOUsFEYBYBQhjAigiAQGESUIFEoAQgCAgCiIkDBEUCiAQUIpwpQCSDhATCGUASEAMRYY5AgQQDAAAAMLIIGIAo4Io4gURhAEkAAOCoMIMEAIAIhwxCFggCAASfKAIUABgIgBQABGBDCGAKIYEUEZoQQBkBEBjAGMCCcAMIYRYABkgAhDiEJCKMYUUIYYYSAB1AgihCMEKKEMIwIAAowhAhDhBACAGVAAJMAYooAQUABgGBFGAAaEEEYoJBVjCghBjDBQASIMQYApIhAgwhhGjBAEGEMkcAwwAAATCBlIijBGKMaAYcgI4wQggBoiFCKEMQAEEcJABoQwBAgHBUAAGAAGIBQYQwxxAgDAjDcAMiIAM0YBQghkCgjjkDKQMGOEUkgxBZRhRAgDFSBGGUMAAABZYYgAhAJDiAHUEQaAEggYSIowRijGgGBACAAJoMwQARAhQikBhDCQAWIMIYAxgABQBg"], "date": ["2014-02-01"], "file_name": "10. Kyodai feat. Stee Downes - Music Rises Up (Claptone remix).mp3", "album": ["2014-02-01: BBC Radio 1 Essential Mix"], "script": ["Latn"], "originaldate": ["2014-02-01"], "musicbrainz_albumid": ["8c856942-bbfe-48cc-8ab5-7c7a725cb454"], "artist": ["Kyodai feat. Stee Downes"], "artistsort": ["Kyodai feat. Downes, Stee"], "tracknumber": ["10/25"], "albumartistsort": ["Ti\u00ebsto", "Ti\u00ebsto"], "acoustid_id": ["7ee35c76-803b-4209-b543-bd627b5093e2"], "musicbrainz_artistid": ["a6bdd85d-4b3b-4622-8e78-d861a73c833e"]}}, "rhythm": {"bpm_histogram_first_peak_bpm": {"dmean2": 0, "median": 123, "min": 123, "dvar2": 0, "dvar": 0, "dmean": 0, "max": 123, "var": 0, "mean": 123}, "bpm": 123.105812073, "bpm_histogram_second_peak_spread": {"dmean2": 0, "median": 0.300000011921, "min": 0.300000011921, "dvar2": 0, "dvar": 0, "dmean": 0, "max": 0.300000011921, "var": 0, "mean": 0.300000011921}, "bpm_histogram_first_peak_weight": {"dmean2": 0, "median": 0.900297641754, "min": 0.900297641754, "dvar2": 0, "dvar": 0, "dmean": 0, "max": 0.900297641754, "var": 0, "mean": 0.900297641754}, "onset_rate": 4.32988500595, "beats_position": [0.417959183455, 0.859138309956, 1.3235373497, 1.8111563921, 2.29877543449, 2.7863945961, 3.27401351929, 3.76163268089, 4.2492518425, 4.73687076569, 5.22448968887, 5.71210861206, 6.19972801208, 6.68734693527, 7.17496585846, 7.66258478165, 8.15020370483, 8.63782310486, 9.12544155121, 9.61306095123, 10.1006803513, 10.5882987976, 11.0759181976, 11.5635375977, 12.051156044, 12.538775444, 13.0263938904, 13.5140132904, 14.0016326904, 14.4892511368, 14.9768705368, 15.4644899368, 15.9521083832, 16.4397277832, 16.9273471832, 17.4149665833, 17.9025840759, 18.390203476, 18.877822876, 19.365442276, 19.8414516449, 20.3290691376, 20.8050785065, 21.2926979065, 21.7803173065, 22.2679367065, 22.7555541992, 23.2431735992, 23.7307929993, 24.2184123993, 24.7060317993, 25.1936511993, 25.681268692, 26.168888092, 26.6565074921, 27.1441268921, 27.6317462921, 28.1193637848, 28.6069831848, 29.0946025848, 29.5822219849, 30.0698413849, 30.5574588776, 31.0450782776, 31.5326976776, 32.0203170776, 32.5079345703, 32.9955558777, 33.4831733704, 33.9707946777, 34.4584121704, 34.9460296631, 35.4336509705, 35.9212684631, 36.4088897705, 36.8965072632, 37.3841247559, 37.8717460632, 38.3593635559, 38.8469848633, 39.334602356, 39.8222198486, 40.309841156, 40.7974586487, 41.2850799561, 41.7726974487, 42.2603149414, 42.7479362488, 43.2355537415, 43.7231750488, 44.2107925415, 44.6984100342, 45.1860313416, 45.6736488342, 46.1844902039, 46.718547821, 47.2526054382, 47.7866668701, 48.3207244873, 48.8199539185, 49.3191833496, 49.8068008423, 50.2944221497, 50.7820396423, 51.269657135, 51.7572784424, 52.2448959351, 52.7325172424, 53.2201347351, 53.7077522278, 54.1837615967, 54.6713829041, 55.1473922729, 55.6350097656, 56.122631073, 56.6102485657, 57.0978660583, 57.5854873657, 58.0731048584, 58.5607261658, 59.0483436584, 59.5359611511, 60.0235824585, 60.5111999512, 60.9988212585, 61.4864387512, 61.9740562439, 62.4616775513, 62.9492950439, 63.4369163513, 63.924533844, 64.4121551514, 64.899772644, 65.3873901367, 65.8750076294, 66.3626327515, 66.8502502441, 67.3378677368, 67.8254852295, 68.3131027222, 68.8007278442, 69.2883453369, 69.7759628296, 70.2635803223, 70.7511978149, 71.238822937, 71.7264404297, 72.2140579224, 72.724899292, 73.2241287231, 73.7233581543, 74.2225799561, 74.7218093872, 75.2326507568, 75.7434921265, 76.2659378052, 76.7883911133, 77.310836792, 77.8100662231, 78.2976837158, 78.7853012085, 79.2729263306, 79.7605438232, 80.2481613159, 80.7357788086, 81.2233963013, 81.7110214233, 82.198638916, 82.6862564087, 83.1738739014, 83.661491394, 84.1491165161, 84.6367340088, 85.1243515015, 85.6119689941, 86.0879821777, 86.5755996704, 87.0516052246, 87.5392303467, 88.0268478394, 88.514465332, 89.0020828247, 89.4897003174, 89.9773254395, 90.4649429321, 90.9525604248, 91.4401779175, 91.9277954102, 92.4154205322, 92.9030380249, 93.3906555176, 93.8782730103, 94.3658905029, 94.853515625, 95.3411331177, 95.8287506104, 96.316368103, 96.8039855957, 97.2916107178, 97.7792282104, 98.2668457031, 98.7544631958, 99.2420806885, 99.7297058105, 100.217323303, 100.704940796, 101.192558289, 101.680175781, 102.167800903, 102.655418396, 103.143035889, 103.630653381, 104.118278503, 104.605895996, 105.093513489, 105.581130981, 106.068748474, 106.556373596, 107.043991089, 107.531608582, 108.019226074, 108.506843567, 108.994468689, 109.470474243, 109.946479797, 110.434104919, 110.921722412, 111.409339905, 111.896957397, 112.38457489, 112.872200012, 113.359817505, 113.847434998, 114.33505249, 114.822669983, 115.310295105, 115.797912598, 116.28553009, 116.773147583, 117.260765076, 117.748390198, 118.23600769, 118.723625183, 119.211242676, 119.698867798, 120.186485291, 120.674102783, 121.161720276, 121.649337769, 122.136962891, 122.624580383, 123.112197876, 123.599815369, 124.087432861, 124.575057983, 125.085891724, 125.596733093, 126.107574463, 126.618408203, 127.129249573, 127.640090942, 128.162536621, 128.673370361, 129.18421936, 129.683441162, 130.171066284, 130.658676147, 131.14630127, 131.633926392, 132.121536255, 132.609161377, 133.09677124, 133.584396362, 134.072021484, 134.559631348, 135.04725647, 135.534866333, 136.022491455, 136.510116577, 136.99772644, 137.485351562, 137.972961426, 138.460586548, 138.94821167, 139.435821533, 139.923446655, 140.411056519, 140.898681641, 141.374694824, 141.862304688, 142.338317871, 142.825942993, 143.313552856, 143.801177979, 144.288803101, 144.776412964, 145.264038086, 145.751647949, 146.239273071, 146.726898193, 147.214508057, 147.702133179, 148.189743042, 148.677368164, 149.164993286, 149.652603149, 150.140228271, 150.627838135, 151.115463257, 151.603088379, 152.090698242, 152.578323364, 153.065933228, 153.55355835, 154.041183472, 154.528793335, 155.016418457, 155.50402832, 155.991653442, 156.479278564, 156.966888428, 157.45451355, 157.942123413, 158.429748535, 158.917373657, 159.404983521, 159.892608643, 160.380218506, 160.867843628, 161.35546875, 161.843078613, 162.330703735, 162.818313599, 163.305938721, 163.793563843, 164.281173706, 164.768798828, 165.256408691, 165.744033813, 166.231658936, 166.719268799, 167.206893921, 167.694503784, 168.182128906, 168.669754028, 169.157363892, 169.633377075, 170.109390259, 170.597000122, 171.084625244, 171.572235107, 172.059860229, 172.547485352, 173.035095215, 173.522720337, 174.0103302, 174.497955322, 174.985580444, 175.473190308, 175.96081543, 176.448425293, 176.936050415, 177.423675537, 177.9112854, 178.398910522, 178.886520386, 179.374145508, 179.86177063, 180.349380493, 180.837005615, 181.324615479, 181.812240601, 182.299865723, 182.787475586, 183.286712646, 183.797546387, 184.319992065, 184.842453003, 185.37651062, 185.864120483, 186.363357544, 186.862579346, 187.396636963, 187.907485962, 188.406707764, 188.894332886, 189.358734131, 189.846343994, 190.333969116, 190.821578979, 191.309204102, 191.796829224, 192.284439087, 192.772064209, 193.259674072, 193.747299194, 194.234924316, 194.72253418, 195.210159302, 195.697769165, 196.185394287, 196.673019409, 197.160629272, 197.648254395, 198.135864258, 198.62348938, 199.111114502, 199.598724365, 200.086349487, 200.573959351, 201.061584473, 201.537597656, 202.013595581, 202.501220703, 202.988845825, 203.476455688, 203.964080811, 204.451690674, 204.939315796, 205.426940918, 205.914550781, 206.402175903, 206.889785767, 207.377410889, 207.865036011, 208.352645874, 208.840270996, 209.327880859, 209.815505981, 210.303131104, 210.790740967, 211.278366089, 211.765975952, 212.253601074, 212.741226196, 213.22883606, 213.716461182, 214.204071045, 214.691696167, 215.179321289, 215.666931152, 216.154556274, 216.642166138, 217.12979126, 217.617416382, 218.105026245, 218.592651367, 219.08026123, 219.567886353, 220.055511475, 220.543121338, 221.03074646, 221.518356323, 222.005981445, 222.493606567, 222.981216431, 223.468841553, 223.956451416, 224.444076538, 224.920089722, 225.396102905, 225.883712769, 226.371337891, 226.858947754, 227.346572876, 227.834197998, 228.321807861, 228.809432983, 229.297042847, 229.784667969, 230.272293091, 230.759902954, 231.247528076, 231.735137939, 232.222763062, 232.710388184, 233.197998047, 233.685623169, 234.173233032, 234.660858154, 235.148483276, 235.63609314, 236.123718262, 236.611328125, 237.098953247, 237.586578369, 238.074188232, 238.561813354, 239.049423218, 239.53704834, 240.024673462, 240.512283325, 240.999908447, 241.487518311, 241.975143433, 242.462768555, 242.950378418, 243.43800354, 243.925613403, 244.413238525, 244.900863647, 245.388473511, 245.876098633, 246.363708496, 246.83972168, 247.315734863, 247.803344727, 248.290969849, 248.778594971, 249.277816772, 249.765441895, 250.253051758, 250.729064941, 251.216690063, 251.704299927, 252.191925049, 252.679534912, 253.167160034, 253.654785156, 254.14239502, 254.630020142, 255.117630005, 255.605255127, 256.09286499, 256.580505371, 257.068115234, 257.555725098, 258.043365479, 258.530975342, 259.018585205, 259.506195068, 259.993835449, 260.481445312, 260.969055176, 261.456695557, 261.94430542, 262.431915283, 262.919555664, 263.407165527, 263.894775391, 264.382385254, 264.870025635, 265.357635498, 265.845245361, 266.332885742, 266.820495605, 267.308105469, 267.79574585, 268.283355713, 268.770965576, 269.258575439, 269.74621582, 270.233825684, 270.721435547, 271.19744873, 271.685089111, 272.161071777, 272.648712158, 273.136322021, 273.623931885, 274.111572266, 274.599182129, 275.086791992, 275.574401855, 276.062042236, 276.5496521, 277.037261963, 277.524902344, 278.012512207, 278.50012207, 278.987762451, 279.475372314, 279.962982178, 280.450592041, 280.938232422, 281.425842285, 281.913452148, 282.401092529, 282.888702393, 283.376312256, 283.863952637, 284.3515625, 284.839172363, 285.326782227, 285.814422607, 286.302032471, 286.789642334, 287.277282715, 287.764892578, 288.252502441, 288.740142822, 289.227752686, 289.715362549, 290.20300293, 290.690612793, 291.178222656, 291.66583252, 292.1534729, 292.641082764, 293.128692627, 293.616333008, 294.092315674, 294.568328857, 295.055969238, 295.543579102, 296.031188965, 296.518829346, 297.006439209, 297.494049072, 297.981658936, 298.469299316, 298.95690918, 299.444519043, 299.932159424, 300.419769287, 300.90737915, 301.395019531, 301.882629395, 302.370239258, 302.857849121, 303.345489502, 303.833099365, 304.320709229, 304.808349609, 305.295959473, 305.783569336, 306.271209717, 306.75881958, 307.246429443, 307.734039307, 308.221679688, 308.709289551, 309.196899414, 309.684539795, 310.172149658, 310.659759521, 311.147399902, 311.635009766, 312.122619629, 312.610229492, 313.097869873, 313.585479736, 314.0730896, 314.56072998, 315.048339844, 315.535949707, 316.023590088, 316.511199951, 316.998809814, 317.486419678, 317.974060059, 318.461669922, 318.937683105, 319.425292969, 319.901306152, 320.388916016, 320.876556396, 321.36416626, 321.851776123, 322.339416504, 322.827026367, 323.31463623, 323.802276611, 324.289886475, 324.777496338, 325.265106201, 325.752746582, 326.240356445, 326.727966309, 327.215606689, 327.703216553, 328.190826416, 328.678466797], "beats_loudness": {"dmean2": 0.0249088313431, "median": 0.120234303176, "min": 0.000154008565005, "dvar2": 0.000661579833832, "dvar": 0.000284628942609, "dmean": 0.013923978433, "max": 0.169607669115, "var": 0.00300801289268, "mean": 0.093924485147}, "danceability": 1.61235785484, "bpm_histogram_second_peak_weight": {"dmean2": 0, "median": 0.0208333339542, "min": 0.0208333339542, "dvar2": 0, "dvar": 0, "dmean": 0, "max": 0.0208333339542, "var": 0, "mean": 0.0208333339542}, "beats_count": 673, "bpm_histogram_second_peak_bpm": {"dmean2": 0, "median": 117, "min": 117, "dvar2": 0, "dvar": 0, "dmean": 0, "max": 117, "var": 0, "mean": 117}, "bpm_histogram_first_peak_spread": {"dmean2": 0, "median": 0.0590979456902, "min": 0.0590979456902, "dvar2": 0, "dvar": 0, "dmean": 0, "max": 0.0590979456902, "var": 0, "mean": 0.0590979456902}, "beats_loudness_band_ratio": {"dmean2": [0.19951684773, 0.133458137512, 0.0830237790942, 0.0903384163976, 0.140183791518, 0.0826714932919], "median": [0.867061138153, 0.0180267188698, 0.0212550722063, 0.028833579272, 0.0422912240028, 0.0163759738207], "min": [0.00441151391715, 0.000495551619679, 0.000360778882168, 0.000344377622241, 9.20462116483e-05, 7.38092712709e-05], "dvar2": [0.0416447371244, 0.0406687818468, 0.0152025204152, 0.0112007232383, 0.0189233981073, 0.0166170410812], "dvar": [0.0160848833621, 0.0138099212199, 0.00546259945258, 0.00369999371469, 0.00671539781615, 0.00559024279937], "dmean": [0.108393110335, 0.0741731673479, 0.0481162145734, 0.0485208928585, 0.0766397416592, 0.0461682714522], "max": [0.989114463329, 0.969808042049, 0.639634072781, 0.43644335866, 0.646951794624, 0.582099556923], "var": [0.111870057881, 0.0315408669412, 0.00996008235961, 0.00453159585595, 0.0113928969949, 0.00814963877201], "mean": [0.663206219673, 0.115689352155, 0.0651711300015, 0.0520339719951, 0.0743495002389, 0.0570177808404]}}, "lowlevel": {"barkbands_spread": {"dmean2": 13.5207386017, "median": 15.9475440979, "min": 0.349179208279, "dvar2": 289.609130859, "dvar": 148.383041382, "dmean": 9.60178470612, "max": 104.223907471, "var": 376.37890625, "mean": 22.6291484833}, "melbands_spread": {"dmean2": 17.1032943726, "median": 12.9032897949, "min": 0.239563912153, "dvar2": 667.125854492, "dvar": 300.301300049, "dmean": 11.5046024323, "max": 205.811294556, "var": 627.826782227, "mean": 22.0064067841}, "hfc": {"dmean2": 18.7449989319, "median": 13.5583820343, "min": 1.3156381758e-16, "dvar2": 839.310974121, "dvar": 369.530975342, "dmean": 13.1925992966, "max": 141.127975464, "var": 586.478027344, "mean": 23.9243793488}, "barkbands_kurtosis": {"dmean2": 13.2359085083, "median": 4.28448486328, "min": -1.92306864262, "dvar2": 744.039428711, "dvar": 484.565765381, "dmean": 9.92927360535, "max": 694.385192871, "var": 1133.55493164, "mean": 14.6229152679}, "gfcc": {"mean": [-0.125988855958, 88.3014831543, -101.321495056, 42.5523681641, -62.8514213562, 24.6502380371, -44.9076881409, 13.0228395462, -18.9831218719, 2.63519573212, -14.0725803375, 0.545607924461, -8.14013576508], "icov": [[0.000455718545709, -9.48704982875e-05, 0.000392203626689, -0.000395507959183, 0.000119036521937, -0.000410053064115, 0.000396455550799, -0.000751305837184, 0.000806661206298, -0.000820685934741, 0.000325291184708, -0.000594598532189, 0.000117069648695], [-9.48704982875e-05, 0.00311149307527, -0.00140636181459, 0.00292274099775, -0.00204495945945, 0.00184608623385, -0.00138612196315, 0.00143302849028, -0.00243476382457, 0.00316765764728, -0.00328186294064, 0.00259679765441, -0.000123426623759], [0.000392203626689, -0.00140636181459, 0.00226152292453, -0.00191350711975, 0.00148803275079, -0.00176327489316, 0.000347010616679, -0.000961764075328, 0.0013807018986, -0.00259696273133, 0.00191793742124, -0.00196330458857, 0.000862024433445], [-0.000395507959183, 0.00292274099775, -0.00191350711975, 0.00533011974767, -0.00250002881512, 0.00191407639068, -0.00159354088828, 0.000533797719982, -0.00169239682145, 0.00233251065947, -0.00253459834494, 0.00337918428704, -0.00133705197368], [0.000119036521937, -0.00204495945945, 0.00148803275079, -0.00250002881512, 0.00440323818475, -0.00276222755201, 0.00102440745104, -0.000450950057711, -0.000298094557365, -0.00121873267926, 0.00126936484594, -0.00136367185041, -0.000409009604482], [-0.000410053064115, 0.00184608623385, -0.00176327489316, 0.00191407639068, -0.00276222755201, 0.00757816853002, -0.00418911827728, 0.00247322558425, -0.00191183690913, 4.75437482237e-05, -0.000174622851773, -9.72500929493e-05, 0.000195051718038], [0.000396455550799, -0.00138612196315, 0.000347010616679, -0.00159354088828, 0.00102440745104, -0.00418911827728, 0.00784232653677, -0.00429195258766, 0.00134094792884, -0.000324496475514, -0.000596417405177, -0.000489427649882, -0.00107029662468], [-0.000751305837184, 0.00143302849028, -0.000961764075328, 0.000533797719982, -0.000450950057711, 0.00247322558425, -0.00429195258766, 0.0111955432221, -0.00676873093471, 0.00300118257292, -0.00104756746441, -0.00339341023937, 0.00387893035077], [0.000806661206298, -0.00243476382457, 0.0013807018986, -0.00169239682145, -0.000298094557365, -0.00191183690913, 0.00134094792884, -0.00676873093471, 0.0143860317767, -0.00735555728897, -0.000655451673083, 0.00140739080962, -0.00399989727885], [-0.000820685934741, 0.00316765764728, -0.00259696273133, 0.00233251065947, -0.00121873267926, 4.75437482237e-05, -0.000324496475514, 0.00300118257292, -0.00735555728897, 0.0147971455008, -0.00428413553163, -0.000412316730944, 0.00252149021253], [0.000325291184708, -0.00328186294064, 0.00191793742124, -0.00253459834494, 0.00126936484594, -0.000174622851773, -0.000596417405177, -0.00104756746441, -0.000655451673083, -0.00428413553163, 0.0159737989306, -0.00746421329677, -0.000244308059337], [-0.000594598532189, 0.00259679765441, -0.00196330458857, 0.00337918428704, -0.00136367185041, -9.72500929493e-05, -0.000489427649882, -0.00339341023937, 0.00140739080962, -0.000412316730944, -0.00746421329677, 0.0225368756801, -0.00809177476913], [0.000117069648695, -0.000123426623759, 0.000862024433445, -0.00133705197368, -0.000409009604482, 0.000195051718038, -0.00107029662468, 0.00387893035077, -0.00399989727885, 0.00252149021253, -0.000244308059337, -0.00809177476913, 0.0203567147255]], "cov": [[4294.05859375, -1455.52392578, -130.807830811, 561.809020996, -83.7791061401, 246.551513672, -28.0306606293, 273.011535645, -128.012191772, 295.569488525, -92.1667556763, 192.130264282, -35.1201515198], [-1455.52392578, 1821.76574707, -137.781219482, -580.195800781, 350.657073975, -152.47442627, 83.4224472046, -84.3919677734, 200.137741089, -206.62097168, 205.2709198, -95.6167678833, 45.4903411865], [-130.807830811, -137.781219482, 1216.44897461, 289.955322266, -58.19165802, 323.650238037, 247.478607178, 150.883377075, 80.8907852173, 206.964370728, 2.62244987488, 91.1423492432, -26.0403232574], [561.809020996, -580.195800781, 289.955322266, 592.958312988, 89.8444519043, 156.347961426, 119.094169617, 125.002197266, 39.029209137, 112.131072998, -10.1969842911, 47.1996078491, 15.0879220963], [-83.7791061401, 350.657073975, -58.19165802, 89.8444519043, 549.419128418, 165.465072632, 126.140647888, 61.0117111206, 161.777679443, 28.3531742096, 88.028678894, 23.7648639679, 54.211933136], [246.551513672, -152.47442627, 323.650238037, 156.347961426, 165.465072632, 391.365081787, 220.224304199, 103.586898804, 97.2367935181, 130.441772461, 29.3139724731, 73.4383392334, 18.1289024353], [-28.0306606293, 83.4224472046, 247.478607178, 119.094169617, 126.140647888, 220.224304199, 342.608612061, 163.367004395, 123.191749573, 69.7779388428, 76.0590133667, 62.2786026001, 26.5493755341], [273.011535645, -84.3919677734, 150.883377075, 125.002197266, 61.0117111206, 103.586898804, 163.367004395, 245.742294312, 122.087753296, 76.3244171143, 55.5190124512, 69.8678588867, 4.71005105972], [-128.012191772, 200.137741089, 80.8907852173, 39.029209137, 161.777679443, 97.2367935181, 123.191749573, 122.087753296, 220.55329895, 79.2977218628, 88.5858764648, 35.7543754578, 35.4098358154], [295.569488525, -206.62097168, 206.964370728, 112.131072998, 28.3531742096, 130.441772461, 69.7779388428, 76.3244171143, 79.2977218628, 184.686035156, 30.4248218536, 56.4728088379, -0.388626545668], [-92.1667556763, 205.2709198, 2.62244987488, -10.1969842911, 88.028678894, 29.3139724731, 76.0590133667, 55.5190124512, 88.5858764648, 30.4248218536, 135.922744751, 41.0493240356, 27.4875850677], [192.130264282, -95.6167678833, 91.1423492432, 47.1996078491, 23.7648639679, 73.4383392334, 62.2786026001, 69.8678588867, 35.7543754578, 56.4728088379, 41.0493240356, 96.7817001343, 26.2846717834], [-35.1201515198, 45.4903411865, -26.0403232574, 15.0879220963, 54.211933136, 18.1289024353, 26.5493755341, 4.71005105972, 35.4098358154, -0.388626545668, 27.4875850677, 26.2846717834, 70.8930969238]]}, "spectral_energyband_middle_low": {"dmean2": 0.00680696219206, "median": 0.00682611484081, "min": 2.51710924085e-22, "dvar2": 0.000133002293296, "dvar": 5.14815546921e-05, "dmean": 0.0042015472427, "max": 0.0956862792373, "var": 0.000112386078399, "mean": 0.0100698573515}, "melbands_crest": {"dmean2": 4.87825918198, "median": 15.434709549, "min": 1.71071362495, "dvar2": 23.6798248291, "dvar": 14.7092037201, "dmean": 3.41480970383, "max": 36.9736862183, "var": 73.4225692749, "mean": 17.6563529968}, "spectral_kurtosis": {"dmean2": 2.90354657173, "median": 3.03351545334, "min": -1.21793544292, "dvar2": 16.5940952301, "dvar": 7.49047613144, "dmean": 1.90516805649, "max": 84.9379272461, "var": 26.666683197, "mean": 4.30303621292}, "spectral_rms": {"dmean2": 0.00124098744709, "median": 0.0054436577484, "min": 3.28129949427e-12, "dvar2": 1.5618766156e-06, "dvar": 1.23261463614e-06, "dmean": 0.00101271597669, "max": 0.0131240077317, "var": 7.11330267222e-06, "mean": 0.00579952355474}, "zerocrossingrate": {"dmean2": 0.0192799083889, "median": 0.0439453125, "min": 0.001953125, "dvar2": 0.000451048050309, "dvar": 0.000388944521546, "dmean": 0.0183193143457, "max": 0.49658203125, "var": 0.00222616479732, "mean": 0.0584228485823}, "silence_rate_60dB": {"dmean2": 0.0390911661088, "median": 0, "min": 0, "dvar2": 0.0426412075758, "dvar": 0.0191680658609, "dmean": 0.019544204697, "max": 1, "var": 0.0278269127011, "mean": 0.0286439955235}, "erbbands_kurtosis": {"dmean2": 2.18901133537, "median": 0.0319173336029, "min": -1.83667719364, "dvar2": 8.5375585556, "dvar": 3.81808710098, "dmean": 1.40195083618, "max": 29.2342567444, "var": 6.51300621033, "mean": 0.781089186668}, "erbbands": {"dmean2": [0.519468903542, 2.43633198738, 3.69995331764, 5.97921943665, 8.96873378754, 11.8417005539, 13.0005960464, 14.1105737686, 16.3099040985, 20.6620254517, 14.8726520538, 16.250623703, 17.7927684784, 23.9489192963, 19.7206993103, 17.9792537689, 28.6177864075, 24.9486141205, 25.8586730957, 28.1067695618, 36.1679115295, 40.2423210144, 23.4893798828, 15.7273321152, 16.9078769684, 16.1839160919, 16.4663963318, 16.9783878326, 13.0907926559, 11.4644479752, 9.33082199097, 7.96108627319, 5.26504516602, 2.73029065132, 1.28217327595, 0.477330625057, 0.129752233624, 0.0079047139734, 0.00017427590501, 2.93878019875e-05], "median": [0.255900084972, 1.22669458389, 1.81647491455, 1.99916505814, 3.2625067234, 6.19227361679, 5.87691688538, 5.22095012665, 8.26833248138, 10.2607078552, 6.77121543884, 6.88556623459, 5.63766098022, 5.2806558609, 4.77768850327, 3.98081207275, 6.73228788376, 5.35422134399, 5.08639192581, 4.62205648422, 6.19689273834, 5.67188739777, 3.83760166168, 2.73627090454, 2.68438768387, 2.50264573097, 1.88561975956, 1.76732718945, 1.96229505539, 1.99720335007, 1.63214051723, 1.26032972336, 0.920292615891, 0.533471941948, 0.200523406267, 0.0735064148903, 0.0117115434259, 0.000630565744359, 4.23215024057e-05, 4.26009319199e-05], "min": [2.24677809444e-22, 6.93555643047e-21, 1.81346570008e-20, 6.64358186908e-21, 2.83496541725e-20, 2.8787244995e-19, 3.5911702497e-19, 1.71448122901e-19, 2.63340806222e-19, 1.01400814269e-18, 8.46802939345e-19, 1.93208628859e-18, 1.48533420816e-18, 2.41418265922e-18, 3.20059484811e-18, 2.20007936537e-18, 3.27479687816e-18, 4.95646374888e-18, 5.65265948425e-18, 8.37688618747e-18, 1.07075461455e-17, 1.45418153163e-17, 1.19643420343e-17, 8.98701626165e-18, 1.28367197956e-17, 1.16081200123e-17, 2.24795066489e-17, 1.82859209733e-17, 1.41431738181e-17, 1.64485377658e-17, 1.84560190857e-17, 1.39123672661e-17, 1.09591976489e-17, 1.03559397912e-17, 8.75122098341e-18, 6.65035717623e-18, 3.27694878852e-18, 1.42409037599e-18, 4.42907034751e-19, 4.32451672142e-20], "dvar2": [0.952631115913, 24.8923530579, 87.8634567261, 208.259063721, 326.429473877, 418.265655518, 1077.24072266, 947.656860352, 1088.7355957, 2324.14770508, 1296.86401367, 1211.82897949, 1490.94726562, 3881.8359375, 2351.19482422, 2165.68847656, 3624.36181641, 3937.38305664, 3026.26611328, 4602.60107422, 4368.82568359, 4663.52783203, 2125.19189453, 818.406738281, 986.555175781, 824.571105957, 1039.7265625, 1185.12060547, 691.302734375, 346.614654541, 303.606872559, 204.747299194, 99.4249343872, 21.874048233, 8.25608730316, 2.29561543465, 0.280586212873, 0.000951467780396, 3.89426958236e-07, 2.12933115584e-09], "dvar": [0.884086608887, 11.2036762238, 31.2852458954, 73.4079055786, 119.866386414, 175.370330811, 435.569061279, 358.324005127, 435.313232422, 933.497619629, 544.70904541, 502.465362549, 574.987915039, 1426.21520996, 888.838562012, 883.143859863, 1394.32958984, 1517.19140625, 1294.70800781, 2040.70227051, 2037.48632812, 1930.67260742, 905.854370117, 378.88973999, 405.035247803, 328.097076416, 420.1355896, 479.295532227, 287.524963379, 184.300994873, 140.64112854, 93.3946304321, 44.5568084717, 10.454208374, 3.32524347305, 0.853668630123, 0.103294685483, 0.000358324090485, 1.46620834585e-07, 9.91289494934e-10], "dmean": [0.461538463831, 1.63277161121, 2.19074773788, 3.45776295662, 5.27951478958, 7.2819685936, 8.13553714752, 8.18953418732, 9.9852848053, 12.5756664276, 8.96245002747, 10.1846876144, 10.6431102753, 14.2120952606, 12.0772161484, 10.9474897385, 17.213092804, 15.5229520798, 16.2363491058, 18.7537117004, 23.3826618195, 24.5025138855, 14.9490270615, 10.1098051071, 10.5961332321, 10.1537218094, 10.6479606628, 11.0446691513, 8.66026210785, 7.86583757401, 6.43816518784, 5.34097719193, 3.59495854378, 1.84763240814, 0.841130018234, 0.302290052176, 0.0799128040671, 0.00490716751665, 0.000111124558316, 2.18787445192e-05], "max": [8.23074245453, 30.4015083313, 65.0944061279, 100.725990295, 142.869400024, 345.851257324, 715.421447754, 450.021362305, 600.1171875, 920.125610352, 859.655944824, 937.545532227, 495.505126953, 888.162475586, 742.518798828, 852.054260254, 594.870422363, 642.926208496, 498.298339844, 674.537475586, 788.541625977, 691.203674316, 709.281005859, 590.84942627, 486.584594727, 216.136886597, 198.604309082, 173.825561523, 132.248138428, 112.376647949, 98.4432983398, 131.996704102, 77.1604156494, 42.3375320435, 26.4330368042, 15.3062772751, 4.75791597366, 0.285493403673, 0.00577455572784, 0.000388238986488], "var": [3.16741013527, 24.4716358185, 30.8080177307, 60.0266914368, 195.193405151, 851.712585449, 746.823120117, 481.260650635, 1007.03662109, 1352.0567627, 889.096069336, 1328.93054199, 844.717468262, 1658.00671387, 1161.06164551, 1058.31835938, 1803.42565918, 1854.66259766, 2056.21435547, 2945.52905273, 3784.99243164, 3459.40209961, 2113.77124023, 1010.03979492, 767.072021484, 402.093902588, 508.171569824, 550.241699219, 333.774261475, 303.409881592, 210.692184448, 136.656173706, 65.613243103, 18.6746788025, 4.0807518959, 0.777851343155, 0.0863108411431, 0.0003120295587, 1.31396802772e-07, 2.41052799943e-09], "mean": [0.981655597687, 3.23369431496, 3.87921690941, 4.64309263229, 8.02068710327, 14.4736433029, 13.3271112442, 12.3935937881, 18.533082962, 20.5025653839, 15.2633705139, 18.760509491, 16.079656601, 17.5756015778, 15.9073734283, 14.3013353348, 22.0914649963, 20.5751075745, 22.2040500641, 24.5766563416, 31.5545654297, 32.3383407593, 22.1516799927, 13.9917926788, 13.3980512619, 11.5137853622, 11.7432804108, 12.2398710251, 10.1399040222, 10.1493749619, 8.05071163177, 6.39114713669, 4.43712425232, 2.48049378395, 1.02983486652, 0.341972649097, 0.0844692662358, 0.00513856252655, 0.000138819013955, 5.80816740694e-05]}, "spectral_strongpeak": {"dmean2": 0.479592055082, "median": 0.418260276318, "min": 0, "dvar2": 0.573861479759, "dvar": 0.220380246639, "dmean": 0.29169011116, "max": 8.23294353485, "var": 0.329503625631, "mean": 0.577208518982}, "spectral_energy": {"dmean2": 0.0163860674948, "median": 0.0303742438555, "min": 1.10360991376e-20, "dvar2": 0.000368409469957, "dvar": 0.00030646842788, "dmean": 0.0132920127362, "max": 0.176545575261, "var": 0.00143544154707, "mean": 0.0417666137218}, "average_loudness": 0.957840621471, "spectral_rolloff": {"dmean2": 1408.66210938, "median": 645.99609375, "min": 64.599609375, "dvar2": 4424822.5, "dvar": 2292125.75, "dmean": 870.487121582, "max": 19616.7480469, "var": 4076585.25, "mean": 1539.35583496}, "spectral_centroid": {"dmean2": 621.259521484, "median": 1095.09082031, "min": 161.102508545, "dvar2": 556650.25, "dvar": 282411.375, "dmean": 424.961914062, "max": 10877.1503906, "var": 728306.875, "mean": 1345.06311035}, "pitch_salience": {"dmean2": 0.124717637897, "median": 0.553931891918, "min": 0.0390951037407, "dvar2": 0.0153008103371, "dvar": 0.00873528793454, "dmean": 0.0856287553906, "max": 0.904281139374, "var": 0.0391462929547, "mean": 0.503103196621}, "spectral_energyband_middle_high": {"dmean2": 0.00379778654315, "median": 0.00174619432073, "min": 1.46881962559e-21, "dvar2": 3.42470921169e-05, "dvar": 1.59332248586e-05, "dmean": 0.00250161858276, "max": 0.0510089620948, "var": 3.25036089635e-05, "mean": 0.