{"tonal": {"thpcp": [1, 0.743238866329, 0.236983910203, 0.139765053988, 0.121772296727, 0.143991544843, 0.270492494106, 0.308224469423, 0.264598429203, 0.428942799568, 0.469963043928, 0.292350888252, 0.236589580774, 0.204927057028, 0.189256638288, 0.301492929459, 0.314699798822, 0.200529530644, 0.158163666725, 0.15817257762, 0.221618667245, 0.440090030432, 0.468394756317, 0.272061914206, 0.235741719604, 0.240303620696, 0.180918321013, 0.147025763988, 0.148654997349, 0.204565986991, 0.386535823345, 0.403066635132, 0.224931225181, 0.148400694132, 0.131661340594, 0.48382627964], "hpcp": {"dmean2": [0.223040744662, 0.193958118558, 0.184623062611, 0.222623944283, 0.210528507829, 0.173652336001, 0.169181704521, 0.177765294909, 0.197388589382, 0.286813825369, 0.290832906961, 0.215890586376, 0.184314057231, 0.182137787342, 0.160478591919, 0.140023067594, 0.147246494889, 0.176015749574, 0.218977212906, 0.222184360027, 0.181070685387, 0.145338952541, 0.133018806577, 0.249248877168, 0.395814150572, 0.321148186922, 0.197380438447, 0.148769184947, 0.124621964991, 0.138523995876, 0.206687793136, 0.239503651857, 0.247665271163, 0.304041385651, 0.301171541214, 0.249908268452], "median": [0.0277254246175, 0.0236412603408, 0.0244076475501, 0.034961797297, 0.0421028733253, 0.0349860824645, 0.0216529034078, 0.0185099691153, 0.0372618027031, 0.0855031609535, 0.0899458527565, 0.0506353862584, 0.0265352800488, 0.0254166200757, 0.0245988890529, 0.0233257897198, 0.0228145159781, 0.0341200679541, 0.0577921643853, 0.0543876774609, 0.0342955179513, 0.0170631930232, 0.0178177952766, 0.133636042476, 0.388426959515, 0.343567878008, 0.0429344922304, 0.0193780083209, 0.0162050426006, 0.0209377147257, 0.038822196424, 0.0454023256898, 0.0490731261671, 0.0564721673727, 0.0605379492044, 0.0478815883398], "min": [0, 0, 0, 0, 0, 0, 0, 0, 0, 0, 0, 0, 0, 0, 0, 0, 0, 0, 0, 0, 0, 0, 0, 0, 0, 0, 0, 0, 0, 0, 0, 0, 0, 0, 0, 0], "dvar2": [0.122232280672, 0.111306607723, 0.10079446435, 0.118904687464, 0.106116734445, 0.0790117308497, 0.0995335951447, 0.104357749224, 0.0895424634218, 0.12831749022, 0.129421785474, 0.0939766690135, 0.091090194881, 0.089262843132, 0.0765969827771, 0.0595099367201, 0.0671525150537, 0.0790441557765, 0.0907488316298, 0.0981261432171, 0.0769114196301, 0.0633665472269, 0.0562589615583, 0.0805970430374, 0.178995415568, 0.110192924738, 0.0813634321094, 0.0712760612369, 0.0553449802101, 0.0602024383843, 0.111073866487, 0.129777535796, 0.129461690784, 0.160903051496, 0.158927202225, 0.130277127028], "dvar": [0.0434345044196, 0.0401205569506, 0.0358619764447, 0.0447293259203, 0.0413137823343, 0.0285084918141, 0.0350095964968, 0.0368024855852, 0.0338550917804, 0.0513666309416, 0.0526284314692, 0.034474093467, 0.0332206003368, 0.0327736772597, 0.0274623949081, 0.0211308896542, 0.023423647508, 0.0287787877023, 0.0360469557345, 0.0396321378648, 0.0285373926163, 0.0232192818075, 0.0196340717375, 0.0354448109865, 0.0904850289226, 0.0485955253243, 0.0291143227369, 0.0250172708184, 0.0193261113018, 0.0207382589579, 0.0402866564691, 0.0477666594088, 0.0445997491479, 0.0585092380643, 0.059833291918, 0.0459547378123], "dmean": [0.122055418789, 0.107396103442, 0.101968333125, 0.126929953694, 0.121117480099, 0.0977469161153, 0.0921327397227, 0.0964841842651, 0.112197287381, 0.166736036539, 0.166874706745, 0.121797643602, 0.103242628276, 0.103069186211, 0.0888693854213, 0.0771628543735, 0.0811825767159, 0.0976933762431, 0.126646131277, 0.128841027617, 0.102274894714, 0.0806532949209, 0.0727613791823, 0.13962264359, 0.223313480616, 0.185522705317, 0.110216461122, 0.081167794764, 0.0682319626212, 0.0763297155499, 0.116579703987, 0.133355408907, 0.136003926396, 0.170072942972, 0.16921363771, 0.138176634908], "max": [1, 1, 1, 1, 1, 1, 1, 1, 1, 1, 1, 1, 1, 1, 1, 1, 1, 1, 1, 1, 1, 1, 1, 1, 1, 1, 1, 1, 1, 1, 1, 1, 1, 1, 1, 1], "var": [0.0415698550642, 0.0363175198436, 0.0304356981069, 0.0599971450865, 0.0620255060494, 0.0263050030917, 0.0263140201569, 0.0271602738649, 0.0322087556124, 0.0780135840178, 0.0874375104904, 0.0368727147579, 0.0406958684325, 0.0431728325784, 0.0274921897799, 0.0187310036272, 0.0191500335932, 0.0271831285208, 0.0718411430717, 0.0824556648731, 0.0306322332472, 0.0231640506536, 0.0174863878638, 0.0537377558649, 0.168509274721, 0.0925946310163, 0.0294002313167, 0.0193745531142, 0.0161854960024, 0.0174622274935, 0.050208337605, 0.0608830973506, 0.0382009446621, 0.0841354727745, 0.0988393351436, 0.0432694293559], "mean": [0.114603735507, 0.0992664396763, 0.0916757062078, 0.146042838693, 0.152440235019, 0.0971362814307, 0.076614305377, 0.0766186192632, 0.107351839542, 0.213179126382, 0.226889908314, 0.131786495447, 0.114193029702, 0.116402812302, 0.0876366347075, 0.0712191164494, 0.0720083191991, 0.0990915372968, 0.187237530947, 0.195245042443, 0.108956441283, 0.0718851312995, 0.0637766122818, 0.234364911914, 0.484398901463, 0.360024094582, 0.114794746041, 0.0677020400763, 0.0589863657951, 0.0697493478656, 0.131026268005, 0.149303600192, 0.128171190619, 0.207779422402, 0.227649584413, 0.141614452004]}, "tuning_equal_tempered_deviation": 0.180047169328, "chords_changes_rate": 0.0563860461116, "key_key": "F", "tuning_diatonic_strength": 0.555266082287, "key_scale": "minor", "chords_number_rate": 0.00118017313071, "tuning_frequency": 434.193115234, "tuning_nontempered_energy_ratio": 0.843995094299, "chords_histogram": [38.6047744751, 13.3490686417, 6.34670877457, 3.01599788666, 0, 2.60949373245, 0.0655651688576, 8.49724578857, 0.694990813732, 0.340938895941, 0.380277991295, 0, 0, 0, 0, 1.11460793018, 0.340938895941, 0.314712822437, 0.131130337715, 0, 0.0131130339578, 0, 7.21216869354, 16.9682655334], "key_strength": 0.617420077324, "chords_key": "F", "chords_strength": {"dmean2": 0.0104127312079, "median": 0.527029395103, "min": -1, "dvar2": 0.000606596993748, "dvar": 0.000327706191456, "dmean": 0.0096599990502, "max": 0.80987405777, "var": 0.0231178030372, "mean": 0.519564986229}, "chords_scale": "minor", "hpcp_entropy": {"dmean2": 1.23971188068, "median": 2.20502185822, "min": 0, "dvar2": 1.01217615604, "dvar": 0.374284446239, "dmean": 0.732806146145, "max": 4.62924909592, "var": 0.752023398876, "mean": 2.19773244858}}, "metadata": {"audio_properties": {"equal_loudness": 0, "codec": "mp3", "downmix": "mix", "sample_rate": 44100, "analysis_sample_rate": 44100, "bit_rate": 320024, "md5_encoded": "79a4cf3af6b33634873227f5d9c2a617", "length": 354.063659668, "replay_gain": -17.0378684998, "lossless": false}, "version": {"essentia_build_sha": "9d802f11a06d563db11312c01732e940832f6a11", "essentia": "2.1-beta2", "extractor": "music 1.0", "essentia_git_sha": "v2.1_beta2"}, "tags": {"title": ["Delirium"], "media": ["Digital Media"], "albumartist": ["Zomboy"], "musicbrainz_recordingid": ["0435867c-4469-413a-9df0-1e354ad265d9"], "encoding": ["Lavf55.43.100"], "originalyear": ["2014"], "discnumber": ["1/1"], "album": ["The Outbreak"], "catalognumber": ["NSDX060"], "musicbrainz album release country": ["XW"], "musicbrainz album type": ["album"], "musicbrainz album status": ["official"], "file_name": "10. Delirium (Feat. Rykka).mp3", "musicbrainz_albumartistid": ["c764f48c-8ed7-46aa-8d1e-b1df6ec0f2ef"], "date": ["2014"], "genre": ["Dubstep"], "musicbrainz_releasegroupid": ["40c956bd-54b0-4608-9da1-d5c68052479c"], "script": ["Latn"], "originaldate": ["2014"], "musicbrainz_albumid": ["393a8b64-e042-4fa6-b04c-e8936fc380f2"], "artist": ["Zomboy feat. Rykka"], "artistsort": ["Zomboy feat. Rykka"], "tracknumber": ["10/10"], "label": ["Never Say Die"], "albumartistsort": ["Zomboy"], "musicbrainz_artistid": ["c764f48c-8ed7-46aa-8d1e-b1df6ec0f2ef/9a7e844a-bc4a-4e00-80cb-5aa3d11df746"]}}, "rhythm": {"bpm_histogram_first_peak_bpm": {"dmean2": 0, "median": 129, "min": 129, "dvar2": 0, "dvar": 0, "dmean": 0, "max": 129, "var": 0, "mean": 129}, "bpm": 128.029403687, "bpm_histogram_second_peak_spread": {"dmean2": 0, "median": 0.311111152172, "min": 0.311111152172, "dvar2": 0, "dvar": 0, "dmean": 0, "max": 0.311111152172, "var": 0, "mean": 0.311111152172}, "bpm_histogram_first_peak_weight": {"dmean2": 0, "median": 0.527486920357, "min": 0.527486920357, "dvar2": 0, "dvar": 0, "dmean": 0, "max": 0.527486920357, "var": 0, "mean": 0.527486920357}, "onset_rate": 4.46507883072, "beats_position": [0.49922901392, 1.02167797089, 1.49768710136, 1.97369611263, 2.4497051239, 2.92571425438, 3.39011335373, 3.85451245308, 4.31891155243, 4.78331041336, 5.25931978226, 5.73532867432, 6.19972801208, 6.66412687302, 7.12852573395, 7.60453510284, 8.08054447174, 8.54494285583, 9.0093421936, 9.47374153137, 9.94974994659, 10.4257593155, 10.8901586533, 11.354557991, 11.8189563751, 12.2833557129, 12.7593650818, 13.235373497, 13.6997728348, 14.1641721725, 14.6285715103, 15.1045799255, 15.5805892944, 16.0449886322, 16.50938797, 16.9737873077, 17.4497947693, 17.9258041382, 18.390203476, 18.8546028137, 19.3190021515, 19.7950115204, 20.2710208893, 20.7354183197, 21.1998176575, 21.6642169952, 22.1402263641, 22.616235733, 23.0806350708, 23.5450344086, 24.009431839, 24.4738311768, 24.9498405457, 25.4258499146, 25.8902492523, 26.3546485901, 26.8190479279, 27.2950553894, 27.7710647583, 28.2354640961, 28.6998634338, 29.1642627716, 29.6402721405, 30.1046714783, 30.5806789398, 31.0450782776, 31.5094776154, 31.9738769531, 32.449886322, 32.9258956909, 33.3902931213, 33.8546943665, 34.3190917969, 34.7951011658, 35.2711105347, 35.7355079651, 36.1999092102, 36.6643066406, 37.1403160095, 37.6163253784, 38.0807266235, 38.545124054, 39.0095214844, 39.4739227295, 39.9499320984, 40.4259414673, 40.8903388977, 41.3547401428, 41.8191375732, 42.2951469421, 42.771156311, 43.2355537415, 43.6999549866, 44.164352417, 44.6287536621, 45.0931510925, 45.5691604614, 46.0451698303, 46.5095672607, 46.9739685059, 47.4383659363, 47.9027671814, 48.3787727356, 48.8431739807, 49.3191833496, 49.7951927185, 50.2712020874, 50.7588195801, 51.2464370728, 51.7340583801, 52.2332878113, 52.720905304, 53.1969146729, 53.6729240417, 54.1605415344, 54.6481628418, 55.1357803345, 55.6234016418, 56.0994110107, 56.5754165649, 57.0514259338, 57.515827179, 57.9802246094, 58.4446258545, 58.9090232849, 59.3850326538, 59.8610420227, 60.3370513916, 60.8130607605, 61.2774581909, 61.741859436, 62.2178688049, 62.6938781738, 63.1582756042, 63.6226730347, 64.0870742798, 64.5514755249, 65.0274810791, 65.4918823242, 65.9562835693, 66.4322891235, 66.8966903687, 67.3726959229, 67.8487091064, 68.3131027222, 68.7775039673, 69.2419052124, 69.7179107666, 70.1939239502, 70.6583175659, 71.122718811, 71.5987319946, 72.0747375488, 72.5623550415, 73.0615844727, 73.5608139038, 74.060043335, 74.5708847046, 75.0701141357, 75.5577316284, 76.0337371826, 76.5097503662, 76.9857559204, 77.461769104, 77.9261627197, 78.3905639648, 78.85496521, 79.3193664551, 79.7837600708, 80.2713851929, 80.7357788086, 81.2001800537, 81.6761856079, 82.1521987915, 82.6166000366, 83.0809936523, 83.5453948975, 84.0097961426, 84.4858016968, 84.9618148804, 85.4262084961, 85.8906097412, 86.3550109863, 86.8310165405, 87.2954177856, 87.7714233398, 88.235824585, 88.7002258301, 89.1646270752, 89.6290206909, 90.1050338745, 90.5810394287, 91.0454406738, 91.5098419189, 91.9858474731, 92.4618606567, 92.9262542725, 93.3906555176, 93.8550567627, 94.3194503784, 94.7838516235, 95.2714691162, 95.7358703613, 96.2002716064, 96.6646728516, 97.1290664673, 97.6050796509, 98.0810852051, 98.5454864502, 99.0098876953, 99.4858932495, 99.9619064331, 100.426300049, 100.890701294, 101.355102539, 101.831108093, 102.307121277, 102.771514893, 103.235916138, 103.700317383, 104.187934875, 104.675552368, 105.174781799, 105.67401123, 106.161628723, 106.660858154, 107.171699524, 107.670928955, 108.146934509, 108.622947693, 109.087341309, 109.563354492, 110.039360046, 110.503761292, 110.968162537, 111.432563782, 111.896957397, 112.361358643, 112.837364197, 113.31337738, 113.777778625, 114.242172241, 114.706573486, 115.170974731, 115.646980286, 116.122993469, 116.587387085, 117.05178833, 117.527801514, 118.003807068, 118.479812622, 118.944213867, 119.408615112, 119.873016357, 120.349021912, 120.813423157, 121.277824402, 121.742218018, 122.218231201, 122.694236755, 123.158638, 123.623039246, 124.0990448, 124.575057983, 125.039451599, 125.503852844, 125.968254089, 126.432647705, 126.89704895, 127.373062134, 127.849067688, 128.313461304, 128.777862549, 129.253875732, 129.729888916, 130.194290161, 130.658676147, 131.123077393, 131.599090576, 132.07510376, 132.539505005, 133.003890991, 133.479904175, 133.955917358, 134.420318604, 134.884719849, 135.349105835, 135.81350708, 136.277908325, 136.74230957, 137.218322754, 137.694335938, 138.158721924, 138.623123169, 139.087524414, 139.563537598, 140.039550781, 140.503936768, 140.968338013, 141.432739258, 141.897140503, 142.373153687, 142.849151611, 143.313552856, 143.777954102, 144.253967285, 144.729980469, 145.194366455, 145.6587677, 146.123168945, 146.599182129, 147.075195312, 147.539596558, 148.003982544, 148.479995728, 148.944396973, 149.408798218, 149.873199463, 150.349197388, 150.813598633, 151.277999878, 151.742401123, 152.206802368, 152.671203613, 153.147201538, 153.623214722, 154.087615967, 154.552017212, 155.016418457, 155.492416382, 155.956817627, 156.432830811, 156.908843994, 157.384857178, 157.849243164, 158.313644409, 158.778045654, 159.242446899, 159.706848145, 160.17124939, 160.647247314, 161.123260498, 161.587661743, 162.052062988, 162.516464233, 162.992462158, 163.468475342, 163.932876587, 164.397277832, 164.873291016, 165.34928894, 165.813690186, 166.278091431, 166.742492676, 167.218505859, 167.682891846, 168.158905029, 168.623306274, 169.08770752, 169.552108765, 170.028121948, 170.504119873, 170.968521118, 171.432922363, 171.897323608, 172.384933472, 172.849334717, 173.313735962, 173.778137207, 174.254150391, 174.730148315, 175.194549561, 175.658950806, 176.123352051, 176.587753296, 177.052154541, 177.539764404, 178.039001465, 178.549835205, 179.072280884, 179.583129883, 180.093963623, 180.581588745, 181.04598999, 181.510375977, 181.974777222, 182.439178467, 182.926803589, 183.391204834, 183.85559082, 184.319992065, 184.796005249, 185.272018433, 185.736419678, 186.200805664, 186.665206909, 187.129608154, 187.605621338, 188.081634521, 188.546035767, 189.010421753, 189.474822998, 189.950836182, 190.426849365, 190.89125061, 191.355636597, 191.820037842, 192.284439087, 192.772064209, 193.236465454, 193.70085144, 194.165252686, 194.629653931, 195.105667114, 195.581680298, 196.046066284, 196.510467529, 196.974868774, 197.43927002, 197.915283203, 198.391296387, 198.855682373, 199.320083618, 199.784484863, 200.260498047, 200.724899292, 201.200897217, 201.665298462, 202.129699707, 202.605712891, 203.081726074, 203.546112061, 204.010513306, 204.474914551, 204.939315796, 205.403717041, 205.868118286, 206.355728149, 206.820129395, 207.28453064, 207.772155762, 208.166885376, 208.550018311, 208.933151245, 209.31628418, 209.699401855, 210.08253479, 210.454055786, 210.813964844, 211.162261963, 211.510559082, 211.858856201, 212.207168579, 212.555465698, 212.915374756, 213.275283813, 213.623580933, 213.995101929, 214.355010986, 214.714920044, 215.074829102, 215.434738159, 215.806259155, 216.177780151, 216.526077271, 216.885986328, 217.245895386, 217.605804443, 217.965713501, 218.31401062, 218.662307739, 219.033828735, 219.41696167, 219.800079346, 220.171600342, 220.543121338, 220.937866211, 221.332611084, 221.704116821, 222.052429199, 222.412338257, 222.772247314, 223.120544434, 223.468841553, 223.817138672, 224.165435791, 224.629837036, 225.094238281, 225.570251465, 226.04624939, 226.510650635, 226.986663818, 227.462677002, 227.927078247, 228.391464233, 228.855865479, 229.331878662, 229.796279907, 230.272293091, 230.736679077, 231.201080322, 231.665481567, 232.129882812, 232.605895996, 233.081893921, 233.546295166, 234.010696411, 234.486709595, 234.962722778, 235.427108765, 235.89151001, 236.355911255, 236.831924438, 237.307937622, 237.772338867, 238.248336792, 238.724349976, 239.211975098, 239.711196899, 240.21043396, 240.698043823, 241.208877563, 241.719726562, 242.207336426, 242.683349609, 243.159362793, 243.623764038, 244.088165283, 244.55255127, 245.028564453, 245.504577637, 245.968978882, 246.433380127, 246.897766113, 247.362167358, 247.838180542, 248.314193726, 248.778594971, 249.242996216, 249.707382202, 250.171783447, 250.647796631, 251.123809814, 251.58821106, 252.052597046, 252.516998291, 252.993011475, 253.469024658, 253.933425903, 254.39781189, 254.862213135, 255.338226318, 255.814239502, 256.278625488, 256.743041992, 257.219055176, 257.695037842, 258.159454346, 258.623840332, 259.088256836, 259.56427002, 260.040252686, 260.504669189, 260.969055176, 261.43347168, 261.897857666, 262.37387085, 262.849884033, 263.31427002, 263.778686523, 264.254699707, 264.730712891, 265.195098877, 265.659484863, 266.123901367, 266.588287354, 267.064300537, 267.540313721, 268.004699707, 268.480712891, 268.956726074, 269.421142578, 269.885528564, 270.349914551, 270.814331055, 271.278717041, 271.743133545, 272.207519531, 272.683532715, 273.159545898, 273.623931885, 274.088348389, 274.564361572, 275.040344238, 275.504760742, 275.969146729, 276.433563232, 276.897949219, 277.373962402, 277.849975586, 278.314361572, 278.778778076, 279.243164062, 279.719177246, 280.19519043, 280.659576416, 281.12399292, 281.588378906, 282.05279541, 282.540405273, 283.00479126, 283.469207764, 283.945220947, 284.421234131, 284.885620117, 285.350006104, 285.814422607, 286.278808594, 286.743225098, 287.207611084, 287.672027588, 288.148010254, 288.624023438, 289.088439941, 289.552825928, 290.017242432, 290.493225098, 290.957641602, 291.433654785, 291.898040771, 292.385650635, 292.850067139, 293.314453125, 293.778869629, 294.243255615, 294.707672119, 295.172058105, 295.648071289, 296.124084473, 296.588470459, 297.052886963, 297.517272949, 297.993286133, 298.469299316, 298.933685303, 299.398101807, 299.874084473, 300.350097656, 300.81451416, 301.278900146, 301.74331665, 302.219299316, 302.68371582, 303.159729004, 303.62411499, 304.088531494, 304.55291748, 305.028930664, 305.504943848, 305.969329834, 306.433746338, 306.898132324, 307.385742188, 307.850158691, 308.314544678, 308.778961182, 309.243347168, 309.719360352, 310.183746338, 310.659759521, 311.124176025, 311.588562012, 312.052978516, 312.540588379, 313.039825439, 313.55065918, 314.0730896, 314.583953857, 315.094787598, 315.582397461, 316.046783447, 316.511199951, 316.975585938, 317.451599121, 317.927612305, 318.391998291, 318.856414795, 319.320800781, 319.796813965, 320.272827148, 320.737213135, 321.201629639, 321.666015625, 322.130432129, 322.606445312, 323.082427979, 323.546844482, 324.011230469, 324.475646973, 324.951660156, 325.42767334, 325.892059326, 326.356445312, 326.820861816, 327.296875, 327.772888184, 328.23727417, 328.701660156, 329.16607666, 329.630462646, 330.09487915, 330.570892334, 331.046875, 331.511291504, 331.97567749, 332.440093994, 332.916107178, 333.392089844, 333.856506348, 334.320892334, 334.785308838, 335.249694824, 335.725708008, 336.201721191, 336.666107178, 337.130523682, 337.594909668, 338.070922852, 338.546936035, 339.011322021, 339.475738525, 339.940124512, 340.416137695, 340.892150879, 341.356536865, 341.820953369, 342.285339355, 342.761352539, 343.237365723, 343.701751709, 344.177764893, 344.653778076, 345.12979126, 345.617401123, 346.116638184, 346.511383057, 346.894500732, 347.289245605, 347.672363281, 348.055511475, 348.43862915, 348.821777344, 349.216491699, 349.564788818, 349.924713135, 350.273010254, 350.621307373, 350.981231689, 351.341125488, 351.701049805, 352.060943604, 352.42086792, 352.780761719, 353.140686035, 353.500579834], "beats_loudness": {"dmean2": 0.0240972805768, "median": 0.0522524677217, "min": 2.12029935276e-10, "dvar2": 0.000647723791189, "dvar": 0.000308697490254, "dmean": 0.0138790411875, "max": 0.127278700471, "var": 0.00119656266179, "mean": 0.0566374287009}, "danceability": 1.22655642033, "bpm_histogram_second_peak_weight": {"dmean2": 0, "median": 0.0405759178102, "min": 0.0405759178102, "dvar2": 0, "dvar": 0, "dmean": 0, "max": 0.0405759178102, "var": 0, "mean": 0.0405759178102}, "beats_count": 765, "bpm_histogram_second_peak_bpm": {"dmean2": 0, "median": 123, "min": 123, "dvar2": 0, "dvar": 0, "dmean": 0, "max": 123, "var": 0, "mean": 123}, "bpm_histogram_first_peak_spread": {"dmean2": 0, "median": 0.371294856071, "min": 0.371294856071, "dvar2": 0, "dvar": 0, "dmean": 0, "max": 0.371294856071, "var": 0, "mean": 0.371294856071}, "beats_loudness_band_ratio": {"dmean2": [0.243221655488, 0.138921111822, 0.176754757762, 0.102789625525, 0.0875596925616, 0.074569940567], "median": [0.509190142155, 0.0666976124048, 0.0911542773247, 0.0721826925874, 0.054700601846, 0.0571926124394], "min": [1.12037569124e-05, 0.000240723355091, 0.0025701278355, 0.00213393173181, 0.000632908311673, 0.000721931282897], "dvar2": [0.0797584056854, 0.023315237835, 0.0436158776283, 0.0190905835479, 0.0136652821675, 0.01199933514], "dvar": [0.0320840664208, 0.00867922604084, 0.0155192092061, 0.00718155596405, 0.00485507026315, 0.00444704620168], "dmean": [0.141676604748, 0.0791450291872, 0.103286117315, 0.0593711435795, 0.0507980510592, 0.0429175160825], "max": [0.978038132191, 0.617568135262, 0.857415318489, 0.801567137241, 0.637375056744, 0.977737009525], "var": [0.116469711065, 0.0132095096633, 0.0310691706836, 0.0160917770118, 0.00664746947587, 0.00864976551384], "mean": [0.490672379732, 0.111841455102, 0.158879846334, 0.109167128801, 0.0788085311651, 0.0817573964596]}}, "lowlevel": {"barkbands_spread": {"dmean2": 10.0736656189, "median": 24.5940341949, "min": 0.0391785316169, "dvar2": 120.801757812, "dvar": 54.2260284424, "dmean": 6.59673976898, "max": 101.478134155, "var": 211.889892578, "mean": 25.7977619171}, "melbands_spread": {"dmean2": 11.9713401794, "median": 21.7416687012, "min": 0.0937204509974, "dvar2": 219.143539429, "dvar": 99.4302215576, "dmean": 7.81717920303, "max": 193.716629028, "var": 388.414489746, "mean": 24.6992454529}, "hfc": {"dmean2": 16.8930644989, "median": 26.6691093445, "min": 1.16365227475e-16, "dvar2": 590.664550781, "dvar": 233.658508301, "dmean": 10.7495145798, "max": 164.676757812, "var": 481.940551758, "mean": 29.3054065704}, "barkbands_kurtosis": {"dmean2": 15.8635454178, "median": 1.96765351295, "min": -1.91465139389, "dvar2": 4002.40893555, "dvar": 1771.01464844, "dmean": 10.6745834351, "max": 1235.75866699, "var": 2269.19458008, "mean": 12.7412014008}, "gfcc": {"mean": [27.4212341309, 48.3930931091, -99.3153839111, 19.545835495, -53.1576881409, 13.2147359848, -28.2364749908, 16.1042556763, -18.7110366821, 5.88817024231, -13.9474105835, 1.51394164562, -9.25440692902], "icov": [[7.74571744842e-05, -4.03113990615e-05, -3.71497189917e-05, 2.36796950048e-05, 9.84067664831e-05, 4.25647194788e-05, 0.000105158731458, -0.000182841555215, 6.53166789562e-05, -0.000194768857909, 0.000202995521249, -0.00021849044424, 6.97237192071e-05], [-4.03113990615e-05, 0.00101401924621, 3.85047424061e-05, -0.000509668840095, -6.69246728648e-05, 0.000212140206713, -0.000179451904842, 5.37663436262e-05, -0.000323450687574, 0.000830605509691, -0.000986841856502, 0.00137603364419, 0.000311712297844], [-3.71497189917e-05, 3.85047424061e-05, 0.00164840114303, -0.00101076974533, -0.000764453143347, 8.13810765976e-05, -2.07540870178e-05, 0.000261114677414, 2.8129095881e-05, -0.000403483223636, 0.000739322276786, -0.00110857491381, 0.00104956689756], [2.36796950048e-05, -0.000509668840095, -0.00101076974533, 0.0043618241325, -0.000744088960346, -0.00233272393234, 0.00170467805583, -0.00168604962528, -0.000206112963497, 0.000610138231423, 0.000434933841461, -0.000424843776273, -0.000615857599769], [9.84067664831e-05, -6.69246728648e-05, -0.000764453143347, -0.000744088960346, 0.00655600102618, -0.00235035293736, -0.00334444525652, 0.00168263411615, -0.00173853093293, 0.000644482322969, -0.000431891152402, 0.00118372042198, -0.00140586483758], [4.25647194788e-05, 0.000212140206713, 8.13810765976e-05, -0.00233272393234, -0.00235035293736, 0.00931674148887, -0.0036180310417, -0.00242819357663, 0.00335947005078, -0.00295308674686, 0.00164868519641, -0.00175438739825, 0.000859931402374], [0.000105158731458, -0.000179451904842, -2.07540870178e-05, 0.00170467805583, -0.00334444525652, -0.0036180310417, 0.012112182565, -0.00296033755876, -0.00305474875495, 0.00252475286834, -0.00120555539615, -0.00180854555219, 0.00217085471377], [-0.000182841555215, 5.37663436262e-05, 0.000261114677414, -0.00168604962528, 0.00168263411615, -0.00242819357663, -0.00296033755876, 0.0122554209083, -0.00438253534958, -0.00282372278161, -0.000929759582505, 0.00207921327092, -0.00137083313894], [6.53166789562e-05, -0.000323450687574, 2.8129095881e-05, -0.000206112963497, -0.00173853093293, 0.00335947005078, -0.00305474875495, -0.00438253534958, 0.0165695417672, -0.00781398452818, -0.000947781722061, 0.00145868700929, -0.00325796217658], [-0.000194768857909, 0.000830605509691, -0.000403483223636, 0.000610138231423, 0.000644482322969, -0.00295308674686, 0.00252475286834, -0.00282372278161, -0.00781398452818, 0.0212405063212, -0.00668796570972, -0.0037067164667, 0.00455917418003], [0.000202995521249, -0.000986841856502, 0.000739322276786, 0.000434933841461, -0.000431891152402, 0.00164868519641, -0.00120555539615, -0.000929759582505, -0.000947781722061, -0.00668796570972, 0.0193027388304, -0.00396443717182, -0.00575586454943], [-0.00021849044424, 0.00137603364419, -0.00110857491381, -0.000424843776273, 0.00118372042198, -0.00175438739825, -0.00180854555219, 0.00207921327092, 0.00145868700929, -0.0037067164667, -0.00396443717182, 0.0190351046622, -0.00651682214811], [6.97237192071e-05, 0.000311712297844, 0.00104956689756, -0.000615857599769, -0.00140586483758, 0.000859931402374, 0.00217085471377, -0.00137083313894, -0.00325796217658, 0.00455917418003, -0.00575586454943, -0.00651682214811, 0.0181958936155]], "cov": [[16185.7011719, 93.104598999, 370.153747559, 14.5084657669, -547.584411621, -143.24546814, -311.114990234, 191.568328857, -42.743976593, 206.394180298, -123.629211426, 150.293914795, -113.111747742], [93.104598999, 1310.76550293, 13.212264061, 153.86656189, 62.2778320312, -7.38208055496, 26.5213546753, 26.0488891602, 25.1192150116, -56.2114143372, 15.576177597, -114.968185425, -32.0732460022], [370.153747559, 13.212264061, 1109.0715332, 446.476226807, 308.670776367, 292.11819458, 148.549194336, 108.178527832, 48.3272476196, 70.1244430542, -28.4925575256, 78.2141723633, -39.9537811279], [14.5084657669, 153.86656189, 446.476226807, 550.763122559, 247.71105957, 279.555755615, 123.835586548, 146.954284668, 64.3459091187, 55.1230049133, 8.50779247284, 43.9153785706, 8.54924201965], [-547.584411621, 62.2778320312, 308.670776367, 247.71105957, 410.923400879, 251.236846924, 201.264694214, 101.515762329, 86.6840667725, 46.2172813416, 30.2366218567, 34.1487998962, 20.8581314087], [-143.24546814, -7.38208055496, 292.11819458, 279.555755615, 251.236846924, 353.810638428, 180.338150024, 138.243515015, 57.4905929565, 70.223487854, 15.9433555603, 54.4800415039, 2.13104557991], [-311.114990234, 26.5213546753, 148.549194336, 123.835586548, 201.264694214, 180.338150024, 221.188568115, 107.805961609, 79.5436172485, 45.7736778259, 33.7883224487, 32.6441268921, 10.2739105225], [191.568328857, 26.0488891602, 108.178527832, 146.954284668, 101.515762329, 138.243515015, 107.805961609, 194.364364624, 95.7037200928, 76.6119766235, 42.4540977478, 29.4925403595, 22.5766677856], [-42.743976593, 25.1192150116, 48.3272476196, 64.3459091187, 86.6840667725, 57.4905929565, 79.5436172485, 95.7037200928, 139.959732056, 71.0937423706, 51.2865333557, 24.018611908, 32.896320343], [206.394180298, -56.2114143372, 70.1244430542, 55.1230049133, 46.2172813416, 70.223487854, 45.7736778259, 76.6119766235, 71.0937423706, 109.136375427, 46.4347877502, 41.4083747864, 13.4587116241], [-123.629211426, 15.576177597, -28.4925575256, 8.50779247284, 30.2366218567, 15.9433555603, 33.7883224487, 42.4540977478, 51.2865333557, 46.4347877502, 96.8412399292, 34.2675819397, 43.3428268433], [150.293914795, -114.968185425, 78.2141723633, 43.9153785706, 34.1487998962, 54.4800415039, 32.6441268921, 29.4925403595, 24.018611908, 41.4083747864, 34.2675819397, 96.6111831665, 36.1255645752], [-113.111747742, -32.0732460022, -39.9537811279, 8.54924201965, 20.8581314087, 2.13104557991, 10.2739105225, 22.5766677856, 32.896320343, 13.4587116241, 43.3428268433, 36.1255645752, 89.6869354248]]}, "spectral_energyband_middle_low": {"dmean2": 0.0132066709921, "median": 0.00803554803133, "min": 3.44309739546e-22, "dvar2": 0.000517429900356, "dvar": 0.000192337029148, "dmean": 0.00786394998431, "max": 0.0885825529695, "var": 0.000184384727618, "mean": 0.0122330086306}, "melbands_crest": {"dmean2": 6.26029253006, "median": 14.7809181213, "min": 1.59150528908, "dvar2": 43.4526634216, "dvar": 18.3288059235, "dmean": 4.00517606735, "max": 39.5055198669, "var": 81.7603149414, "mean": 16.9379577637}, "spectral_kurtosis": {"dmean2": 1.69738948345, "median": 3.07785892487, "min": -1.19466865063, "dvar2": 196.074523926, "dvar": 81.1593551636, "dmean": 1.05977916718, "max": 841.883666992, "var": 113.567436218, "mean": 3.75113940239}, "spectral_rms": {"dmean2": 0.001170474221, "median": 0.00570039497688, "min": 3.24603993858e-12, "dvar2": 2.07910420613e-06, "dvar": 1.09066672849e-06, "dmean": 0.000837842817418, "max": 0.0121655017138, "var": 6.22052039034e-06, "mean": 0.00571483373642}, "zerocrossingrate": {"dmean2": 0.0148866539821, "median": 0.06884765625, "min": 0.001953125, "dvar2": 0.000215359250433, "dvar": 0.000178164642421, "dmean": 0.0125096254051, "max": 0.81494140625, "var": 0.00465270178393, "mean": 0.0789413452148}, "silence_rate_60dB": {"dmean2": 0.038037776947, "median": 0, "min": 0, "dvar2": 0.0410422869027, "dvar": 0.01865994744, "dmean": 0.0190176405013, "max": 1, "var": 0.0596145056188, "mean": 0.0636721327901}, "erbbands_kurtosis": {"dmean2": 1.18036258221, "median": -0.376195549965, "min": -1.75444722176, "dvar2": 3.80888366699, "dvar": 2.35846781731, "dmean": 0.749785542488, "max": 121.397361755, "var": 8.27038860321, "mean": 0.097634203732}, "erbbands": {"dmean2": [0.297955930233, 2.17475962639, 7.32115697861, 11.3603277206, 12.295378685, 12.5720777512, 17.1465911865, 25.0725154877, 30.3228359222, 39.6442489624, 44.2696838379, 52.4062957764, 53.6249198914, 40.1850967407, 43.9047203064, 32.8484687805, 29.0984611511, 21.6544380188, 37.5172920227, 25.3742580414, 24.1217803955, 24.1993999481, 20.946308136, 20.1143894196, 18.0602779388, 16.5417289734, 11.901512146, 10.1353063583, 8.12898445129, 6.67021894455, 5.29667615891, 4.34447431564, 3.14639258385, 2.00448870659, 1.08128046989, 0.494975268841, 0.168969899416, 0.0464170761406, 0.00862933322787, 0.00046104870853], "median": [0.0805716514587, 0.609743058681, 0.783841729164, 1.41381907463, 2.02215147018, 2.12102746964, 4.44598293304, 7.52585220337, 7.65996742249, 9.90633392334, 12.8975133896, 18.9962501526, 18.464515686, 13.9632902145, 14.5539512634, 10.8381795883, 11.5503072739, 10.6597499847, 12.3140630722, 12.621342659, 13.0677623749, 13.1494312286, 13.1739225388, 12.8900222778, 11.8303756714, 12.040561676, 10.1833000183, 6.6403799057, 5.67745733261, 4.95051383972, 4.35945224762, 3.84416866302, 2.88737297058, 1.82903146744, 1.0455725193, 0.499592900276, 0.173570856452, 0.0371161475778, 0.00432900805026, 0.0002246790973], "min": [1.77084465356e-21, 3.26199280405e-21, 1.8833849185e-20, 6.6635718518e-20, 1.6754575619e-19, 6.86124863116e-20, 4.77285177997e-19, 8.13140979414e-19, 4.24601424398e-19, 7.83969059245e-19, 1.0834761147e-18, 1.63017601496e-18, 1.71272088527e-18, 2.31433658261e-18, 3.39487537896e-18, 3.31438636266e-18, 4.25294953303e-18, 4.63023488222e-18, 6.46176247811e-18, 5.11140460377e-18, 7.29565028466e-18, 4.81859548823e-18, 6.8960662141e-18, 1.28278532466e-17, 1.15233422713e-17, 3.51027327827e-17, 1.94653332886e-17, 3.21495854993e-17, 1.78707342084e-17, 1.2599443864e-17, 2.0766698496e-17, 1.58663763225e-17, 1.67259989587e-17, 1.50939037813e-17, 8.92881087066e-18, 4.23668343988e-18, 3.42148350452e-18, 1.44738233447e-18, 3.2965334269e-19, 3.73436729833e-20], "dvar2": [0.35762026906, 31.5236244202, 426.165039062, 1042.36682129, 719.59161377, 781.889892578, 1570.79345703, 2567.11523438, 3298.16210938, 4926.60546875, 6646.95947266, 7329.38134766, 8229.79980469, 4793.32275391, 5734.31835938, 3472.80834961, 2199.74169922, 1237.44506836, 6881.58349609, 1899.7019043, 1464.54406738, 1720.06262207, 912.83416748, 764.149047852, 805.187988281, 591.895751953, 284.91696167, 225.117156982, 150.499328613, 94.6166229248, 62.0097541809, 51.1553382874, 25.4708480835, 10.2786207199, 2.97649073601, 0.676135063171, 0.0649075731635, 0.00515753543004, 0.000209155186894, 6.28176621831e-07], "dvar": [0.248619318008, 14.6487588882, 163.907974243, 373.851287842, 255.63319397, 273.269012451, 562.863525391, 1034.72875977, 1282.51208496, 2177.42138672, 2745.89282227, 3022.99804688, 3355.56616211, 2061.73071289, 2206.4621582, 1264.54821777, 856.721435547, 536.395385742, 3026.54174805, 817.536865234, 607.577697754, 680.821960449, 378.617614746, 298.835845947, 302.377166748, 243.121368408, 109.882499695, 86.4094085693, 57.8159141541, 38.1891021729, 24.7917327881, 22.7805175781, 10.89448452, 4.09384584427, 1.27919721603, 0.277656704187, 0.0262798052281, 0.00216760090552, 9.22623876249e-05, 2.66111271685e-07], "dmean": [0.231124207377, 1.51198625565, 4.35703468323, 6.34547948837, 6.92506599426, 6.96990728378, 9.91048240662, 15.1914072037, 18.3232879639, 24.3813152313, 26.8130302429, 32.0625, 32.2213897705, 24.6673717499, 26.3127593994, 18.9902458191, 17.3406848907, 13.5948400497, 23.8709754944, 15.8121824265, 14.6543884277, 14.3601865768, 12.7513885498, 12.0426111221, 10.7596740723, 10.1371002197, 7.19293069839, 6.097407341, 4.92001247406, 4.09482145309, 3.27504515648, 2.70896840096, 1.9703130722, 1.24981021881, 0.698911190033, 0.319940328598, 0.107821069658, 0.0294054243714, 0.00548330508173, 0.000291412899969], "max": [4.86903238297, 34.6701622009, 100.359764099, 149.726745605, 139.358627319, 151.280883789, 255.209381104, 394.690979004, 612.862365723, 1061.6015625, 1242.71923828, 1331.34460449, 1312.92419434, 1018.56506348, 982.102478027, 673.437866211, 739.536682129, 716.20324707, 1752.5111084, 629.289428711, 472.072357178, 850.531433105, 359.373260498, 385.376068115, 330.070617676, 300.978302002, 150.753128052, 115.162261963, 109.36946106, 125.992492676, 105.279472351, 196.950469971, 95.3438110352, 41.2337112427, 31.4684486389, 15.4015398026, 2.65118360519, 0.766895711422, 0.138554379344, 0.00928599294275], "var": [1.16786384583, 21.4776973724, 126.383537292, 235.080108643, 172.116210938, 175.503265381, 442.855316162, 1225.26586914, 2101.05834961, 5241.47412109, 5495.32568359, 6411.23974609, 7390.54443359, 3526.04882812, 3108.79223633, 1260.38989258, 1348.83251953, 1219.5748291, 7913.66162109, 1605.17456055, 1090.98828125, 971.772155762, 849.727905273, 617.528259277, 424.548522949, 574.01751709, 198.811279297, 129.524307251, 88.9980010986, 68.351234436, 45.0476303101, 50.9970245361, 23.7957458496, 7.63429546356, 2.98063015938, 0.6161480546, 0.063537709415, 0.0066482569091, 0.000331938092131, 8.3007722651e-07], "mean": [0.674408376217, 2.36845827103, 4.0766210556, 5.55914306641, 6.30817174911, 6.42215490341, 11.2073926926, 19.5637798309, 25.2217273712, 36.0594558716, 37.6386604309, 47.4383010864, 48.7437553406, 34.7288398743, 34.1358528137, 23.4087677002, 24.1592788696, 21.8737697601, 39.7532920837, 25.6710128784, 23.2338314056, 22.001285553, 21.7420253754, 21.0754776001, 17.9156188965, 19.2735500336, 13.7445602417, 10.1278495789, 8.40263080597, 7.4398431778, 6.17692089081, 5.39635801315, 3.97785687447, 2.50190854073, 1.48039472103, 0.701514542103, 0.24292345345, 0.0701990425587, 0.0130721190944, 0.000669882749207]}, "spectral_strongpeak": {"dmean2": 0.677303910255, "median": 0.499704480171, "min": 0, "dvar2": 1.33629834652, "dvar": 0.556181252003, "dmean": 0.412942051888, "max": 12.1101932526, "var": 1.25349330902, "mean": 0.892540991306}, "spectral_energy": {"dmean2": 0.014684596099, "median": 0.0333068668842, "min": 1.08001951433e-20, "dvar2": 0.000357987475581, "dvar": 0.00020181950822, "dmean": 0.0106518492103, "max": 0.15169942379, "var": 0.000905447930563, "mean": 0.0398520641029}, "average_loudness": 0.868649840355, "spectral_rolloff": {"dmean2": 944.472229004, "median": 1227.39257812, "min": 21.533203125, "dvar2": 1706348.25, "dvar": 798755.125, "dmean": 585.709350586, "max": 19853.6132812, "var": 4259493.5, "mean": 1694.45385742}, "spectral_centroid": {"dmean2": 499.23638916, "median": 1606.66870117, "min": 67.9154891968, "dvar2": 268738.21875, "dvar": 124444.984375, "dmean": 327.545440674, "max": 11055.4580078, "var": 419962.9375, "mean": 1618.28173828}, "pitch_salience": {"dmean2": 0.157704785466, "median": 0.565042734146, "min": 0.0349241048098, "dvar2": 0.0333346650004, "dvar": 0.0140578374267, "dmean": 0.100968644023, "max": 0.924245297909, "var": 0.0362819619477, "mean": 0.521549582481}, "spectral_energyband_middle_high": {"dmean2": 0.00471926853061, "median": 0.00402932893485, "min": 1.35570358559e-21, "dvar2": 4.44516372227e-05, "dvar": 1.77404090209e-05, "dmean": 0.00287140207365, "max": 0.0515233613551, "var": 3.89554734284e-05, "mean": 0.00610675662756}, "spectral_contrast_coeffs": {"dmean2": [0.0941257253289, 0.0873555243015, 0.070749476552, 0.0509700551629, 0.0355250760913, 0.0297363586724], "median": [-0.662275612354, -0.746524095535, -0.777182638645, -0.803199768066, -0.809841573238, -0.785288631916], "min": [-0.971866965294, -0.963377892971, -0.977242827415, -0.963117837906, -0.957552134991, -0.961041927338], "dvar2": [0.0079861106351, 0.00538895325735, 0.00319539336488, 0.00170439668, 0.000840989989229, 0.000679942022543], "dvar": [0.00343492696993, 0.00219492963515, 0.00127866398543, 0.000696799659636, 0.000349848822225, 0.000278499734122], "dmean": [0.0591955296695, 0.0541861988604, 0.0438151285052, 0.0317649953067, 0.0217319615185, 0.0184779111296], "max": [-0.265664339066, -0.341891795397, -0.416737616062, -0.487453073263, -0.572463512421, -0.629133701324], "var": [0.00828545261174, 0.00794130284339, 0.00488948589191, 0.00334808020853, 0.00192363059614, 0.000910811126232], "mean": [-0.656351625919, -0.737479627132, -0.769985675812, -0.794254004955, -0.803890824318, -0.784824550152]}, "melbands_skewness": {"dmean2": 2.19027924538, "median": 2.38618946075, "min": -1.02396988869, "dvar2": 12.0332136154, "dvar": 5.5478386879, "dmean": 1.48050534725, "max": 37.4161605835, "var": 14.5817079544, "mean": 3.7957072258}, "spectral_spread": {"dmean2": 895557.1875, "median": 6072137, "min": 147637.125, "dvar2": 940740902912, "dvar": 503542611968, "dmean": 599948.4375, "max": 40008988, "var": 2651968503810.0, "mean": 6025983}, "dissonance": {"dmean2": 0.0277339164168, "median": 0.478052735329, "min": 0.118832193315, "dvar2": 0.000724997953512, "dvar": 0.000263607478701, "dmean": 0.0163229946047, "max": 0.499999970198, "var": 0.000499931105878, "mean": 0.472768098116}, "spectral_skewness": {"dmean2": 0.25055578351, "median": 1.43723702431, "min": -0.0114412046969, "dvar2": 0.225880399346, "dvar": 0.102998331189, "dmean": 0.162163063884, "max": 25.4188785553, "var": 0.287946969271, "mean": 1.48846769333}, "spectral_flux": {"dmean2": 0.052312836051, "median": 0.0848370566964, "min": 1.03923987471e-10, "dvar2": 0.0028563789092, "dvar": 0.0020443550311, "dmean": 0.036661002785, "max": 0.406304627657, "var": 0.0057234079577, "mean": 0.103768564761}, "spectral_contrast_valleys": {"dmean2": [0.694718718529, 0.897497832775, 0.814984738827, 0.649193823338, 0.534987092018, 0.436228305101], "median": [-7.18230628967, -6.52844524384, -6.93056488037, -7.32467365265, -6.99632930756, -9.08022880554], "min": [-27.3394145966, -27.6642246246, -26.9453105927, -27.1393032074, -27.2873649597, -27.1879405975], "dvar2": [0.4088