{"metadata": {"tags": {"label": ["Nacional Records"], "album": ["1977"], "musicbrainz album type": ["album"], "script": ["Latn"], "albumartistsort": ["Tijoux, Ana"], "musicbrainz album release country": ["US"], "acoustid_id": ["ad60bcc0-e1b2-44e4-844a-71c938fa0562"], "musicbrainz_artistid": ["3ac6b6fc-05e9-456f-a7d8-6ddf69756d3f"], "musicbrainz_releasegroupid": ["ed1ece25-e930-4249-a8c6-5e538efce858"], "musicbrainz_recordingid": ["043b6f7b-6234-4b21-ac9a-fecfaf701f24"], "albumartist": ["Ana Tijoux"], "barcode": ["753182542010"], "originaldate": ["2009"], "musicbrainz album status": ["official"], "artist": ["Ana Tijoux"], "musicbrainz_albumid": ["baeaec34-96f2-40bb-abf7-def7b12490ce"], "artistsort": ["Tijoux, Ana"], "title": ["Sube"], "tracknumber": ["4/14"], "musicbrainz_albumartistid": ["3ac6b6fc-05e9-456f-a7d8-6ddf69756d3f"], "date": ["2009-03-09"], "media": ["CD"], "file_name": "04 - Sube.mp3"}, "audio_properties": {"sample_rate": 44100, "downmix": "mix", "lossless": false, "analysis_sample_rate": 44100, "md5_encoded": "8bc86a87e77763c82f7d493d0d083ff1", "equal_loudness": 0, "replay_gain": -6.69225311279, "codec": "mp3", "bit_rate": 193110, "length": 212.924087524}, "version": {"extractor": "music 1.0", "essentia_build_sha": "70f2e5ece6736b2c40cc944ad0e695b16b925413", "essentia_git_sha": "v2.1_beta2", "essentia": "2.1-beta2"}}, "rhythm": {"beats_loudness_band_ratio": {"dvar2": [0.495119482279, 0.021636094898, 0.0553060732782, 0.0267535038292, 0.056579913944, 0.153816193342], "var": [0.19162158668, 0.0205242037773, 0.0174403768033, 0.029494702816, 0.0195854455233, 0.0487825833261], "min": [0.000142247736221, 0.000218045650399, 0.000791879661847, 0.000258677726379, 0.000310644943966, 0.000198981462745], "dmean": [0.652321100235, 0.0609910562634, 0.0978427007794, 0.102122731507, 0.196311488748, 0.317749261856], "mean": [0.463457405567, 0.071496501565, 0.080152630806, 0.103111699224, 0.123296424747, 0.181095048785], "max": [0.987047731876, 0.921768903732, 0.733991444111, 0.815910339355, 0.566060721874, 0.781282007694], "dmean2": [1.29608428478, 0.111928544939, 0.184451207519, 0.192783430219, 0.383536458015, 0.629298508167], "median": [0.196388855577, 0.0225987974554, 0.0215149670839, 0.0448226444423, 0.0563421547413, 0.031431119889], "dvar": [0.140309974551, 0.00717955455184, 0.0192193258554, 0.0115899667144, 0.016165997833, 0.0435111857951]}, "bpm_histogram_first_peak_weight": {"dvar2": 0, "var": 0, "min": 0.334337353706, "dmean": 0, "mean": 0.334337353706, "max": 0.334337353706, "dmean2": 0, "median": 0.334337353706, "dvar": 0}, "bpm": 93.9332427979, "beats_count": 333, "bpm_histogram_first_peak_spread": {"dvar2": 0, "var": 0, "min": 0.627516746521, "dmean": 0, "mean": 0.627516746521, "max": 0.627516746521, "dmean2": 0, "median": 0.627516746521, "dvar": 0}, "danceability": 1.55225121975, "bpm_histogram_first_peak_bpm": {"dvar2": 0, "var": 0, "min": 94, "dmean": 0, "mean": 94, "max": 94, "dmean2": 0, "median": 94, "dvar": 0}, "beats_position": [0.510838985443, 1.02167797089, 1.53251695633, 2.0549659729, 2.56580495834, 3.08825397491, 3.61070299149, 4.13315200806, 4.6439909935, 5.16644001007, 5.70049858093, 6.26938772202, 6.83827638626, 7.41877555847, 7.99927425385, 8.56816291809, 9.14866161346, 9.72916126251, 10.4025392532, 11.0875282288, 11.7725172043, 12.4226751328, 13.0728340149, 13.722992897, 14.3731517792, 15.0233106613, 15.6618595123, 16.3004074097, 16.9505672455, 17.5775051117, 18.2160549164, 18.8429927826, 19.4931507111, 20.1317005157, 20.7702484131, 21.4087982178, 22.0589561462, 22.6858959198, 23.312833786, 23.9513835907, 24.589931488, 25.2168693542, 25.8554191589, 26.4939670563, 27.132516861, 27.7710647583, 28.3980045319, 29.0249423981, 29.6634922028, 30.3252601624, 30.9754180908, 31.6139678955, 32.2525177002, 32.8910636902, 33.5296134949, 34.1565513611, 34.8067131042, 35.4452590942, 36.0838088989, 36.7223587036, 37.3609046936, 37.9994544983, 38.638004303, 39.2649421692, 39.9151000977, 40.5652618408, 41.2038078308, 41.8423576355, 42.5041275024, 43.1658935547, 43.8160552979, 44.4662132263, 45.0931510925, 45.708480835, 46.3586387634, 46.9855766296, 47.6125144958, 48.2510643005, 48.8780021667, 49.5049438477, 50.1434898376, 50.7820396423, 51.420589447, 52.0475273132, 52.6976852417, 53.3362350464, 53.9631729126, 54.5901107788, 55.2286605835, 55.8672103882, 56.5057601929, 57.1443061829, 57.7828559875, 58.4214057922, 59.0599517822, 59.6868934631, 60.3254394531, 60.9756011963, 61.6141471863, 62.252696991, 62.8912467957, 63.5414047241, 64.1799545288, 64.806892395, 65.4570541382, 66.0839920044, 66.7341461182, 67.3610839844, 68.0112457275, 68.6381835938, 69.2767333984, 69.9152832031, 70.5654373169, 71.2039871216, 71.8889770508, 72.5623550415, 73.1892929077, 73.8046264648, 74.4199523926, 75.0468902588, 75.6854400635, 76.3239898682, 76.9509277344, 77.5894775391, 78.2280273438, 78.85496521, 79.4819030762, 80.1088409424, 80.7590026855, 81.4091567993, 82.047706604, 82.6862564087, 83.3364181519, 83.9865722656, 84.6135101318, 85.2404556274, 85.8906097412, 86.5175476074, 87.1560974121, 87.7946472168, 88.4331970215, 89.0717468262, 89.7219009399, 90.3488388062, 90.9990005493, 91.6259384155, 92.2761001587, 92.9146499634, 93.5531921387, 94.1801376343, 94.8070755005, 95.4340133667, 96.0841674805, 96.7111129761, 97.3496551514, 97.9882049561, 98.6383666992, 99.288520813, 99.9270706177, 100.542404175, 101.192558289, 101.842720032, 102.492874146, 103.119819641, 103.769973755, 104.396911621, 105.035461426, 105.662399292, 106.312561035, 106.95111084, 107.601264954, 108.22820282, 108.878364563, 109.505302429, 110.155464172, 110.782402039, 111.420951843, 112.059501648, 112.698051453, 113.324989319, 113.975143433, 114.613693237, 115.26385498, 115.890792847, 116.529342651, 117.156280518, 117.794830322, 118.421768188, 119.071922302, 119.698867798, 120.325805664, 120.95274353, 121.591293335, 122.22983551, 122.868385315, 123.50693512, 124.145484924, 124.784034729, 125.434196472, 126.072738647, 126.734512329, 127.384666443, 128.011611938, 128.638549805, 129.288711548, 129.915649414, 130.565795898, 131.192733765, 131.831283569, 132.469833374, 133.119995117, 133.77015686, 134.420318604, 135.082077026, 135.709014893, 136.335968018, 136.974502563, 137.601455688, 138.228393555, 138.855331421, 139.493881226, 140.13243103, 140.759368896, 141.386306763, 142.048065186, 142.698226929, 143.348388672, 143.998550415, 144.648712158, 145.310470581, 145.914199829, 146.529525757, 147.156463623, 147.795013428, 148.433563232, 149.072113037, 149.710647583, 150.349197388, 150.987747192, 151.614685059, 152.264846802, 152.903396606, 153.55355835, 154.180496216, 154.830657959, 155.457595825, 156.084533691, 156.711471558, 157.361633301, 158.011795044, 158.650344849, 159.288879395, 159.927429199, 160.565979004, 161.204528809, 161.831466675, 162.481628418, 163.120178223, 163.758728027, 164.397277832, 165.035827637, 165.674377441, 166.312927246, 166.939865112, 167.590026855, 168.228561401, 168.867111206, 169.494049072, 170.144210815, 170.78276062, 171.421310425, 172.048248291, 172.698410034, 173.336959839, 173.975509644, 174.590835571, 175.240997314, 175.879547119, 176.518096924, 177.14503479, 177.795196533, 178.422134399, 179.072280884, 179.69921875, 180.337768555, 180.976318359, 181.626480103, 182.253417969, 182.903579712, 183.530517578, 184.180679321, 184.807617188, 185.457778931, 186.084716797, 186.73487854, 187.361816406, 188.011962891, 188.638900757, 189.2890625, 189.916000366, 190.566162109, 191.193099976, 191.843261719, 192.470199585, 193.120361328, 193.747299194, 194.397460938, 195.024398804, 195.674560547, 196.33631897, 197.00970459, 197.659866333, 198.298416138, 198.948562622, 199.575500488, 200.190841675, 200.817779541, 201.456329346, 202.09487915, 202.745025635, 203.395187378, 204.05696106, 204.707122803, 205.450149536, 206.193191528, 206.947845459, 207.702484131, 208.457138062, 209.200180054, 209.954818726, 210.697860718, 211.452514648, 212.207168579], "beats_loudness": {"dvar2": 0.00652040960267, "var": 0.0028326457832, "min": 4.66948506528e-07, "dmean": 0.0726607441902, "mean": 0.0679562091827, "max": 0.156714141369, "dmean2": 0.143255695701, "median": 0.055152926594, "dvar": 0.00178762536962}, "bpm_histogram_second_peak_weight": {"dvar2": 0, "var": 0, "min": 0.0301204808056, "dmean": 0, "mean": 0.0301204808056, "max": 0.0301204808056, "dmean2": 0, "median": 0.0301204808056, "dvar": 0}, "bpm_histogram_second_peak_spread": {"dvar2": 0, "var": 0, "min": 0, "dmean": 0, "mean": 0, "max": 0, "dmean2": 0, "median": 0, "dvar": 0}, "bpm_histogram_second_peak_bpm": {"dvar2": 0, "var": 0, "min": 80, "dmean": 0, "mean": 80, "max": 80, "dmean2": 0, "median": 80, "dvar": 0}, "onset_rate": 4.12795066833}, "lowlevel": {"spectral_energyband_high": {"dvar2": 9.60574652709e-06, "var": 1.25473097796e-05, "min": 7.68863248457e-21, "dmean": 0.00101565860678, "mean": 0.00156646361575, "max": 0.0312130451202, "dmean2": 0.00137974089012, "median": 0.000151289044879, "dvar": 4.96445363751e-06}, "spectral_energyband_middle_low": {"dvar2": 0.000260562374024, "var": 9.58101663855e-05, "min": 2.92954869373e-22, "dmean": 0.00454948097467, "mean": 0.00625737570226, "max": 0.107160560787, "dmean2": 0.00748227909207, "median": 0.00236490252428, "dvar": 9.67184751062e-05}, "spectral_energy": {"dvar2": 0.00103744107764, "var": 0.0010360267479, "min": 1.04236235928e-20, "dmean": 0.0112109966576, "mean": 0.0221880618483, "max": 0.215099021792, "dmean2": 0.0164505820721, "median": 0.0108590051532, "dvar": 0.000495979969855}, "spectral_spread": {"dvar2": 2652919300100.0, "var": 6117391335420.0, "min": 1286014, "dmean": 929591.25, "mean": 4549064.5, "max": 40698488, "dmean2": 1333759.25, "median": 4021668, "dvar": 1536619184130.0}, "spectral_energyband_low": {"dvar2": 0.000895369739737, "var": 0.00084627076285, "min": 1.50057159256e-22, "dmean": 0.006606079638, "mean": 0.0108590284362, "max": 0.196463450789, "dmean2": 0.00988484546542, "median": 0.000410318927607, "dvar": 0.000439593102783}, "spectral_rolloff": {"dvar2": 4614439, "var": 6119483.5, "min": 43.06640625, "dmean": 844.348999023, "mean": 2307.35546875, "max": 18583.1542969, "dmean2": 1379.62744141, "median": 1485.79101562, "dvar": 2465934}, "barkbands": {"dvar2": [6.10938150203e-06, 0.000383469392546, 0.000781658047345, 6.78072974551e-05, 3.42113089573e-05, 3.63038043361e-06, 2.08028268389e-05, 5.89600722378e-06, 1.27019220599e-05, 5.11889902555e-06, 5.92417154621e-06, 1.06822585622e-06, 1.77506808541e-06, 2.34913090935e-06, 9.20717866393e-07, 1.63317804436e-06, 6.39702477656e-07, 9.80066374723e-07, 1.34657716444e-06, 1.37613369589e-06, 8.68473705395e-07, 7.87996214058e-07, 4.25809872695e-07, 6.66420021389e-07, 2.35635155832e-07, 2.94599509232e-08, 1.10914399887e-09], "var": [2.52549784818e-06, 0.000387493666494, 0.000225045252591, 1.2872451407e-05, 1.3109775864e-05, 1.07667904103e-06, 1.17030040201e-05, 2.37161634686e-06, 7.84388248576e-06, 2.68342500931e-06, 2.64820232587e-06, 6.50582649087e-07, 1.11530403046e-06, 1.46851311911e-06, 6.00959310759e-07, 7.58917792609e-07, 6.23564631042e-07, 6.3248052129e-07, 8.7126784365e-07, 8.87156829776e-07, 6.17372279521e-07, 8.37012350985e-07, 4.31204426832e-07, 8.07897038158e-07, 3.04663331008e-07, 2.49879459346e-08, 5.6588878028e-10], "min": [1.30766577139e-23, 5.58047714309e-23, 6.31694632461e-23, 4.0708434951e-23, 6.08271711354e-23, 2.75126758065e-23, 6.37615948633e-23, 4.99337277864e-23, 3.87762842467e-23, 3.96158436646e-23, 4.62081838556e-23, 6.99344630011e-23, 7.9055342207e-23, 8.71078702445e-23, 1.58931112377e-22, 2.01186806486e-22, 1.531912847e-22, 1.57625415051e-22, 3.5828994513e-22, 2.30674944616e-22, 5.61111183059e-22, 4.98280040167e-22, 4.50164573659e-22, 1.06519325101e-21, 1.09134950573e-21, 1.72051103641e-21, 2.33465629052e-21], "dmean": [0.000459593546111, 0.0048930128105, 0.00380041077733, 0.00105715729296, 0.00160627893638, 0.000453672400909, 0.00121965049766, 0.000404678459745, 0.000904669519514, 0.000400602235459, 0.000313965225359, 0.000233475439018, 0.000409133324865, 0.000500997295603, 0.000228866338148, 0.00026048134896, 0.000211891601793, 0.000271362805506, 0.000303705252009, 0.000254924991168, 0.000190384365851, 0.000261421489995, 0.00018923751486, 0.000206790515222, 0.000117642928672, 3.26934969053e-05, 4.76563263874e-06], "mean": [0.000505121715833, 0.00700257113203, 0.0030616291333, 0.000817992200609, 0.00198848568834, 0.000436272006482, 0.00146709871478, 0.000411938352045, 0.000982732977718, 0.000409363303334, 0.000325744389556, 0.000264748290647, 0.000534036720637, 0.000665833475068, 0.000263877445832, 0.0002978813136, 0.000286665075691, 0.000370351568563, 0.000392025307519, 0.000304181943648, 0.00022568035638, 0.000367999076843, 0.000266638351604, 0.000311284791678, 0.000176403686055, 4.61601739516e-05, 5.29774069946e-06], "max": [0.0279078688473, 0.150899752975, 0.15330055356, 0.0515495091677, 0.0338424779475, 0.0123631898314, 0.0778204128146, 0.0627541840076, 0.0613975003362, 0.0304356385022, 0.042190246284, 0.0152136767283, 0.0120763266459, 0.0169134363532, 0.0224903393537, 0.0110244238749, 0.00844092480838, 0.00994924362749, 0.0102214990184, 0.0101550575346, 0.00877640396357, 0.0114017212763, 0.00699783489108, 0.013418354094, 0.00841525942087, 0.00332246907055, 0.000693993817549], "dmean2": [0.000738303933758, 0.00650933431461, 0.00649979803711, 0.00196821219288, 0.00269105494954, 0.000777319888584, 0.00191838038154, 0.000675042683724, 0.00141407269984, 0.000647284614388, 0.000496672291774, 0.00036009028554, 0.000659140525386, 0.000788440462202, 0.000341932609444, 0.000402764824685, 0.000296917220112, 0.000408440770116, 0.000462451804196, 0.000367765780538, 0.000262416724581, 0.000373956223484, 0.000274597492535, 0.000295607664157, 0.000165689387359, 4.87869074277e-05, 7.47675858292e-06], "median": [2.92719432764e-05, 0.000117555493489, 5.86557944189e-05, 7.20343086869e-05, 0.000458227004856, 6.75633637002e-05, 0.000333900563419, 5.50961121917e-05, 0.000121742647025, 3.00674000755e-05, 4.1784151108e-05, 3.23598760588e-05, 0.000135431386298, 0.000182092058822, 3.94775051973e-05, 6.57489217701e-05, 3.96152136091e-05, 0.000113869034976, 7.34294808353e-05, 2.96201142191e-05, 1.23398449432e-05, 1.16770243039e-05, 8.13976203062e-06, 1.70793446159e-05, 1.07392643258e-05, 2.60639717453e-06, 7.51732756044e-08], "dvar": [2.45626119977e-06, 0.000206694588996, 0.000304479966871, 2.3071299438e-05, 1.25860542539e-05, 1.33999208174e-06, 9.21130595088e-06, 2.39517316913e-06, 5.84060444453e-06, 2.21207369577e-06, 2.52112340604e-06, 4.7853433216e-07, 7.03017406067e-07, 9.57666998147e-07, 4.3730861421e-07, 6.64087053792e-07, 3.41167918805e-07, 4.43616556822e-07, 5.87480769809e-07, 6.19619697773e-07, 4.10728063116e-07, 3.88061721424e-07, 1.97716332195e-07, 3.37190328992e-07, 1.24087151221e-07, 1.35890640962e-08, 4.72328454126e-10]}, "melbands_skewness": {"dvar2": 4.93193149567, "var": 10.3266830444, "min": -4.28420495987, "dmean": 1.25133228302, "mean": 2.62907409668, "max": 22.3604469299, "dmean2": 1.79097616673, "median": 1.76359724998, "dvar": 3.03586411476}, "barkbands_skewness": {"dvar2": 2.31861972809, "var": 5.13294935226, "min": -4.97984600067, "dmean": 0.958135068417, "mean": 1.33778917789, "max": 15.1949062347, "dmean2": 1.36658084393, "median": 0.960115790367, "dvar": 1.30840396881}, "erbbands": {"dvar2": [0.959572076797, 14.8843793869, 733.799133301, 895.841064453, 368.758575439, 545.07043457, 549.659790039, 172.740112305, 2782.50073242, 6258.41308594, 1948.1854248, 7348.35205078, 6424.41552734, 4685.58251953, 5095.74023438, 1680.04211426, 2952.98828125, 6610.89599609, 2491.36547852, 2479.95996094, 6013.30419922, 2048.06933594, 3484.73925781, 2978.37573242, 2544.23291016, 3842.11767578, 2864.67700195, 807.843078613, 1040.85791016, 833.511169434, 344.940002441, 404.131835938, 151.524475098, 52.2828216553, 6.52306270599, 1.19902849197, 0.0611107237637, 0.00372277968563, 3.58752986358e-05, 2.04200798493e-08], "var": [0.536097347736, 16.973197937, 248.857345581, 204.07510376, 122.839927673, 223.534896851, 122.917541504, 71.0642623901, 1460.8380127, 3584.10644531, 770.027160645, 4106.19628906, 3777.31469727, 3235.40966797, 2317.91430664, 1100.90759277, 2291.28417969, 3911.73999023, 1721.28796387, 1347.52050781, 2972.89477539, 2035.87939453, 2087.62915039, 2453.96020508, 1532.06030273, 2165.79663086, 1609.30505371, 703.555175781, 1036.75048828, 757.644836426, 348.110900879, 392.923919678, 190.063278198, 65.560585022, 8.22255992889, 1.08557236195, 0.0475259944797, 0.00185029243585, 1.9561186491e-05, 1.34579476452e-08], "min": [2.05427982721e-21, 1.15019011811e-20, 6.17424282069e-20, 1.10732199985e-19, 1.89754263167e-19, 1.85494619055e-19, 1.96738640218e-19, 2.40306592048e-19, 7.4464122231e-19, 1.17244187112e-18, 1.1175364138e-18, 9.40211431138e-19, 9.89041350263e-19, 1.46196914759e-18, 2.09895798305e-18, 2.93152602294e-18, 3.71194611546e-18, 4.53537091444e-18, 7.65636472464e-18, 7.40727748114e-18, 1.13800365389e-17, 8.69644756479e-18, 9.97247374851e-18, 1.81614203649e-17, 1.29506589618e-17, 1.01768039034e-17, 2.01698579056e-17, 2.36387159049e-17, 1.70511454595e-17, 1.25796841735e-17, 1.4743419084e-17, 1.86284299951e-17, 1.94713237306e-17, 9.2920573105e-18, 9.33620724851e-18, 6.90056483586e-18, 3.21235301372e-18, 1.24607583489e-18, 3.22021800208e-19, 3.53668147169e-20], "dmean": [0.191569775343, 0.979166924953, 4.02219724655, 3.78874945641, 4.36582183838, 6.17654705048, 3.91264390945, 3.90083289146, 14.6374607086, 14.7667579651, 10.1514568329, 20.4859485626, 14.7456207275, 11.0731201172, 11.0016355515, 10.0398254395, 16.3774852753, 28.0807647705, 13.1869316101, 11.3598566055, 15.6282405853, 11.6380643845, 14.6798439026, 16.4122009277, 12.1180801392, 12.885061264, 9.94278240204, 6.61782503128, 9.18579101562, 7.79736757278, 5.17443323135, 4.61691379547, 3.24035525322, 1.75424170494, 0.607145965099, 0.208110690117, 0.0469973534346, 0.00870129279792, 0.000897568010259, 3.26024564856e-05], "mean": [0.221275016665, 1.49116575718, 3.67876195908, 2.93407535553, 5.2728266716, 7.19839048386, 3.26128745079, 4.45948553085, 16.9221858978, 18.4233989716, 11.0404367447, 21.9247646332, 16.5248260498, 12.5261268616, 12.3579368591, 11.8691949844, 23.1653938293, 38.2670021057, 16.2081108093, 13.5645694733, 18.8006057739, 16.3348121643, 20.1002197266, 22.9226360321, 15.3546543121, 14.955745697, 11.0706415176, 8.77838134766, 12.9674367905, 10.5379066467, 7.39390659332, 6.77615642548, 4.80826282501, 2.58752775192, 0.913988411427, 0.297221809626, 0.0645132884383, 0.0109398076311, 0.00100098282564, 5.4051160987e-05], "max": [7.78132200241, 34.8917541504, 151.2762146, 187.277313232, 128.759109497, 139.696365356, 191.241668701, 83.5449752808, 647.320617676, 2209.96850586, 907.011901855, 1287.10119629, 1882.17370605, 2231.81762695, 1304.10205078, 726.593322754, 656.599487305, 795.517211914, 586.842346191, 936.128723145, 654.24432373, 605.014709473, 508.839111328, 498.869659424, 446.559173584, 519.764892578, 457.333435059, 283.085601807, 430.651885986, 318.479553223, 278.858032227, 361.679656982, 238.258666992, 111.087524414, 46.3033332825, 24.0915641785, 4.65695762634, 1.96850001812, 0.142033442855, 0.00265365862288], "dmean2": [0.304732441902, 1.27135968208, 6.6674156189, 6.74311304092, 7.42205381393, 10.29251194, 6.92409181595, 6.45806455612, 23.293258667, 23.3791408539, 16.5001544952, 32.0207443237, 23.1653270721, 17.2842292786, 16.9389476776, 15.4118270874, 25.4626941681, 45.1023178101, 19.8777332306, 17.1862487793, 23.9013347626, 16.329076767, 21.8367404938, 24.1417388916, 18.3913269043, 18.9093933105, 14.2536649704, 9.75786209106, 13.03104496, 11.4162960052, 7.40213775635, 6.64803171158, 4.6982049942, 2.49637508392, 0.864671051502, 0.303737640381, 0.070077188313, 0.0133985951543, 0.00139849167317, 4.84278425574e-05], "median": [0.00444630114362, 0.0229099299759, 0.0947342664003, 0.313588440418, 1.08772337437, 1.24877655506, 0.539938926697, 0.993826210499, 2.35181117058, 5.20914840698, 1.84311258793, 2.46284818649, 2.60924959183, 1.35648536682, 1.86966097355, 1.98633730412, 6.04998254776, 12.3515472412, 3.24911642075, 2.73223233223, 4.4278345108, 2.65964055061, 6.29457473755, 5.32530927658, 2.847894907, 1.36630451679, 0.71979790926, 0.41688606143, 0.407416850328, 0.347263097763, 0.270299851894, 0.323974102736, 0.270380496979, 0.142708152533, 0.0585756339133, 0.0178252961487, 0.00337410275824, 0.000419699790655, 3.2899533835e-05, 2.11569331441e-05], "dvar": [0.433089613914, 8.28207302094, 298.291168213, 324.066070557, 130.816726685, 206.687896729, 194.201522827, 66.7251739502, 1175.82055664, 2796.41796875, 783.753479004, 3294.61499023, 2886.62133789, 2261.56225586, 2128.81298828, 777.375610352, 1263.63232422, 2539.63476562, 1183.76489258, 1064.51660156, 2501.69799805, 1102.42150879, 1558.66088867, 1432.8203125, 1080.88879395, 1633.72192383, 1265.47705078, 378.389221191, 495.21963501, 387.744628906, 160.948974609, 187.695922852, 78.2274017334, 27.405506134, 3.38071942329, 0.565545022488, 0.0271695405245, 0.00155745481607, 1.55911166075e-05, 8.96573126852e-09]}, "silence_rate_30dB": {"dvar2": 0.0574525892735, "var": 0.039821587503, "min": 0, "dmean": 0.0300981458277, "mean": 0.958455979824, "max": 1, "dmean2": 0.0602028556168, "median": 1, "dvar": 0.0291911717504}, "melbands_spread": {"dvar2": 1178.7833252, "var": 1560.47668457, "min": 0.292481303215, "dmean": 15.1301717758, "mean": 36.1184654236, "max": 286.058746338, "dmean2": 22.9805927277, "median": 24.2408657074, "dvar": 606.345581055}, "melbands_crest": {"dvar2": 36.8123054504, "var": 52.1752090454, "min": 2.17257022858, "dmean": 4.2030749321, "mean": 15.1407699585, "max": 36.3764381409, "dmean2": 6.86297559738, "median": 13.4617500305, "dvar": 15.9916200638}, "zerocrossingrate": {"dvar2": 0.000754473323468, "var": 0.00446264911443, "min": 0.00244140625, "dmean": 0.0191843938082, "mean": 0.0796797722578, "max": 0.48779296875, "dmean2": 0.0204965751618, "median": 0.06103515625, "dvar": 0.000774130341597}, "barkbands_kurtosis": {"dvar2": 588.135009766, "var": 447.431671143, "min": -1.95548820496, "dmean": 6.74826383591, "mean": 7.79378604889, "max": 292.818603516, "dmean2": 10.2222728729, "median": 1.28580141068, "dvar": 274.154418945}, "spectral_flux": {"dvar2": 0.00521921925247, "var": 0.00563642848283, "min": 1.02096150978e-10, "dmean": 0.0326203219593, "mean": 0.0832827836275, "max": 0.42767688632, "dmean2": 0.0533781945705, "median": 0.0674860179424, "dvar": 0.00228009698913}, "barkbands_crest": {"dvar2": 18.9817714691, "var": 30.0536136627, "min": 2.24570059776, "dmean": 3.17651748657, "mean": 11.2230615616, "max": 26.5089817047, "dmean2": 5.10909318924, "median": 9.85681915283, "dvar": 8.7068157196}, "barkbands_flatness_db": {"dvar2": 0.00198702607304, "var": 0.00569991534576, "min": 0.0208423491567, "dmean": 0.0323970653117, "mean": 0.165399625897, "max": 0.495761394501, "dmean2": 0.0486524626613, "median": 0.157647833228, "dvar": 0.00102049438283}, "spectral_entropy": {"dvar2": 0.148499667645, "var": 0.370387673378, "min": 5.3034901619, "dmean": 0.262663811445, "mean": 7.42664527893, "max": 9.79661273956, "dmean2": 0.389318943024, "median": 7.37570142746, "dvar": 0.0733115449548}, "pitch_salience": {"dvar2": 0.0158425774425, "var": 0.029617138207, "min": 0.0342945791781, "dmean": 0.0889631062746, "mean": 0.515331566334, "max": 0.897567093372, "dmean2": 0.138291731477, "median": 0.52633523941, "dvar": 0.00769477663562}, "erbbands_spread": {"dvar2": 473.724945068, "var": 573.897949219, "min": 1.56878495216, "dmean": 12.3639326096, "mean": 36.1083564758, "max": 175.938293457, "dmean2": 18.7292957306, "median": 31.7714576721, "dvar": 223.108398438}, "dynamic_complexity": 5.49729156494, "spectral_contrast_valleys": {"dvar2": [0.490103811026, 0.724085628986, 0.487497359514, 0.364130228758, 0.317873060703, 0.561830103397], "var": [2.48483157158, 1.53529345989, 1.51067340374, 1.58391082287, 1.79495787621, 3.91272974014], "min": [-27.8140163422, -27.7564086914, -27.3319606781, -27.3283863068, -27.1100559235, -27.2460041046], "dmean": [0.479896217585, 0.562587320805, 0.484770268202, 0.427103489637, 0.39511346817, 0.528318583965], "mean": [-8.63166713715, -7.87239646912, -8.35079956055, -8.49404716492, -8.20931625366, -10.9436035156], "max": [-5.43773937225, -4.65153408051, -5.18918132782, -5.3854393959, -4.9531006813, -7.24498796463], "dmean2": [0.771949708462, 0.896080315113, 0.754641294479, 0.646991312504, 0.556885242462, 0.688840091228], "median": [-8.4361448288, -7.74732303619, -8.26397132874, -8.38089752197, -8.08185005188, -10.5483226776], "dvar": [0.228568255901, 0.307396262884, 0.22646702826, 0.176568433642, 0.163132071495, 0.34300377965]}, "hfc": {"dvar2": 823.014404297, "var": 1200.47033691, "min": 1.1459383012e-16, "dmean": 11.6475028992, "mean": 21.6152248383, "max": 292.746307373, "dmean2": 15.5537014008, "median": 8.77403259277, "dvar": 446.053985596}, "spectral_kurtosis": {"dvar2": 36.195350647, "var": 24.7544631958, "min": -1.26093959808, "dmean": 2.99029970169, "mean": 5.67165613174, "max": 35.5317306519, "dmean2": 4.93514728546, "median": 4.58405637741, "dvar": 12.3313026428}, "mfcc": {"mean": [-719.998657227, 108.363525391, -13.911026001, 17.2776107788, 8.41645050049, -6.42902994156, 2.45314788818, 1.50695979595, -7.94794225693, 4.20134067535, 9.25429344177, 0.146105274558, -6.27763700485], "cov": [[15529.0224609, -2053.75830078, 1187.66210938, 290.089050293, 15.8663339615, 599.823791504, -323.060180664, 63.7032356262, 148.020462036, 34.4747390747, -144.131378174, -59.8413848877, 28.6914024353], [-2053.75830078, 2784.50439453, -852.937072754, 382.755096436, 357.271697998, -249.228622437, 360.665222168, -24.5281066895, -42.867603302, 63.583152771, 70.0401535034, 7.52889108658, -116.044166565], [1187.66210938, -852.937072754, 1724.00866699, -69.3739929199, 172.552734375, 239.184738159, -206.447418213, 73.886390686, 23.2343387604, -12.4401884079, -60.3136863708, 52.6341629028, 116.486968994], [290.089050293, 382.755096436, -69.3739929199, 700.397583008, 232.60760498, 123.927742004, 81.3893585205, 6.64935493469, 54.0375175476, -0.731970906258, 92.6956481934, 36.6995353699, -9.33514022827], [15.8663339615, 357.271697998, 172.552734375, 232.60760498, 579.525817871, 169.226547241, 161.469512939, 120.33341217, 17.3414993286, 108.539161682, 91.4948348999, 53.5783958435, -48.3024520874], [599.823791504, -249.228622437, 239.184738159, 123.927742004, 169.226547241, 488.298248291, 91.4484481812, 162.852310181, 64.56615448, 43.8480110168, 80.8544998169, 27.5509281158, 7.51847457886], [-323.060180664, 360.665222168, -206.447418213, 81.3893585205, 161.469512939, 91.4484481812, 339.047393799, 146.560134888, 51.250164032, 100.417304993, 113.013381958, 50.6046066284, -33.0081634521], [63.7032356262, -24.5281066895, 73.886390686, 6.64935493469, 120.33341217, 162.852310181, 146.560134888, 274.15145874, 70.6192626953, 109.656814575, 76.2670211792, 45.9663352966, 29.7752723694], [148.020462036, -42.867603302, 23.2343387604, 54.0375175476, 17.3414993286, 64.56615448, 51.250164032, 70.6192626953, 178.416641235, 55.7047691345, 49.4524688721, -0.493110716343, 8.21666717529], [34.4747390747, 63.583152771, -12.4401884079, -0.731970906258, 108.539161682, 43.8480110168, 100.417304993, 109.656814575, 55.7047691345, 202.72164917, 58.2414741516, 40.3287315369, 19.2514400482], [-144.131378174, 70.0401535034, -60.3136863708, 92.6956481934, 91.4948348999, 80.8544998169, 113.013381958, 76.2670211792, 49.4524688721, 58.2414741516, 207.907684326, 66.2796173096, -14.6507740021], [-59.8413848877, 7.52889108658, 52.6341629028, 36.6995353699, 53.5783958435, 27.5509281158, 50.6046066284, 45.9663352966, -0.493110716343, 40.3287315369, 66.2796173096, 153.96321106, 64.9579238892], [28.6914024353, -116.044166565, 116.486968994, -9.33514022827, -48.3024520874, 7.51847457886, -33.0081634521, 29.7752723694, 8.21666717529, 19.2514400482, -14.6507740021, 64.9579238892, 155.728713989]], "icov": [[7.81975977588e-05, 5.08041557623e-05, -2.25740714086e-05, -6.83644539095e-05, 1.36559356179e-05, -6.20227510808e-05, 3.01692598441e-05, 1.22385317809e-05, -2.7833502827e-05, -7.03110708855e-05, 9.09560039872e-05, -4.94703272125e-06, 6.83039834257e-05], [5.08041557623e-05, 0.000639721751213, 0.000189822298125, -0.000274443329545, -0.000374061375624, 0.000375058705686, -0.000522816029843, 0.000116066075861, 0.000117591407616, 7.1163026405e-06, 0.000197355155251, 9.74753274932e-05, 1.25853366626e-05], [-2.25740714086e-05, 0.000189822298125, 0.000916128221434, 0.000163090298884, -0.000612541800365, -0.0002221440227, 0.000588360417169, -0.000170267434441, -0.000188119855011, 0.000253497739322, 0.000228077289648, -0.000233146871324, -0.000454597873613], [-6.83644539095e-05, -0.000274443329545, 0.000163090298884, 0.00208209175617, -0.000785962038208, -0.000469064892968, 0.000141075157444, 0.000607318652328, -0.000709944404662, 0.000691873428877, -0.000636667769868, -0.000109050248284, -0.000558928528335], [1.36559356179e-05, -0.000374061375624, -0.000612541800365, -0.000785962038208, 0.00324656255543, -0.000577472383156, -0.00046891940292, -0.00041477123159, 0.000741893716622, -0.00130863150116, 1.16372239063e-05, -0.000634833995719, 0.00153312867042], [-6.20227510808e-05, 0.000375058705686, -0.0002221440227, -0.000469064892968, -0.000577472383156, 0.00336273713037, -0.000532741425559, -0.0014733687276, -0.000158751005074, 0.000633408722933, -0.00053244153969, 0.000442708609626, -4.84020856675e-05], [3.01692598441e-05, -0.000522816029843, 0.000588360417169, 0.000141075157444, -0.00046891940292, -0.000532741425559, 0.00610727677122, -0.00220193061978, -0.000471166422358, -0.000738266506232, -0.00099542341195, -0.0012165310327, 0.00129890954122], [1.22385317809e-05, 0.000116066075861, -0.000170267434441, 0.000607318652328, -0.00041477123159, -0.0014733687276, -0.00220193061978, 0.0071451109834, -0.00102065212559, -0.00176769332029, -0.000448417849839, 0.000193744999706, -0.00149300170597], [-2.7833502827e-05, 0.000117591407616, -0.000188119855011, -0.000709944404662, 0.000741893716622, -0.000158751005074, -0.000471166422358, -0.00102065212559, 0.00728100538254, -0.0015338647645, -0.00128327903803, 0.00162165961228, -0.000467736419523], [-7.03110708855e-05, 7.1163026405e-06, 0.000253497739322, 0.000691873428877, -0.00130863150116, 0.000633408722933, -0.000738266506232, -0.00176769332029, -0.0015338647645, 0.00763953616843, -0.000625331536867, -0.000427283230238, -0.00112895015627], [9.09560039872e-05, 0.000197355155251, 0.000228077289648, -0.000636667769868, 1.16372239063e-05, -0.00053244153969, -0.00099542341195, -0.000448417849839, -0.00128327903803, -0.000625331536867, 0.00779439415783, -0.00344767235219, 0.00214200140908], [-4.94703272125e-06, 9.74753274932e-05, -0.000233146871324, -0.000109050248284, -0.000634833995719, 0.000442708609626, -0.0012165310327, 0.000193744999706, 0.00162165961228, -0.000427283230238, -0.00344767235219, 0.0108546689153, -0.00515659246594], [6.83039834257e-05, 1.25853366626e-05, -0.000454597873613, -0.000558928528335, 0.00153312867042, -4.84020856675e-05, 0.00129890954122, -0.00149300170597, -0.000467736419523, -0.00112895015627, 0.00214200140908, -0.00515659246594, 0.0102800913155]]}, "silence_rate_20dB": {"dvar2": 0, "var": 0, "min": 1, "dmean": 0, "mean": 1, "max": 1, "dmean2": 0, "median": 1, "dvar": 0}, "melbands_kurtosis": {"dvar2": 4082.68432617, "var": 3935.52587891, "min": -1.88655173779, "dmean": 17.58867836, "mean": 23.4110946655, "max": 715.290771484, "dmean2": 25.9851989746, "median": 4.31720399857, "dvar": 2237.76123047}, "barkbands_spread": {"dvar2": 237.80065918, "var": 280.285766602, "min": 0.328915208578, "dmean": 8.42397212982, "mean": 22.9907455444, "max": 118.637718201, "dmean2": 13.2084302902, "median": 19.5590343475, "dvar": 108.503829956}, "erbbands_skewness": {"dvar2": 0.718091368675, "var": 1.15724694729, "min": -4.57700920105, "dmean": 0.583012461662, "mean": 0.0535650104284, "max": 5.79136180878, "dmean2": 0.888995051384, "median": 0.000871416123118, "dvar": 0.330014586449}, "average_loudness": 0.780916035175, "spectral_centroid": {"dvar2": 436892.4375, "var": 928103.75, "min": 174.471725464, "dmean": 404.165985107, "mean": 1701.38830566, "max": 11007.2128906, "dmean2": 587.895935059, "median": 1539.0111084, "dvar": 247560.3125}, "dissonance": {"dvar2": 0.00155130715575, "var": 0.00137194234412, "min": 0.200875043869, "dmean": 0.0231286101043, "mean": 0.458178520203, "max": 0.5, "dmean2": 0.0376911312342, "median": 0.467806786299, "dvar": 0.000635883363429}, "erbbands_flatness_db": {"dvar2": 0.00142452248838, "var": 0.00438615400344, "min": 0.0493298172951, "dmean": 0.0279586780816, "mean": 0.198423951864, "max": 0.427588373423, "dmean2": 0.041672039777, "median": 0.187127202749, "dvar": 0.000671208137646}, "spectral_strongpeak": {"dvar2": 1.86491191387, "var": 1.15178060532, "min": 0, "dmean": 0.587153434753, "mean": 0.920414865017, "max": 14.2272777557, "dmean2": 0.966942250729, "median": 0.563487231731, "dvar": 0.748590648174}, "spectral_rms": {"dvar2": 3.76676211999e-06, "var": 7.66034099797e-06, "min": 3.18894802058e-12, "dmean": 0.00100256339647, "mean": 0.00373986456543, "max": 0.0144862933084, "dmean2": 0.00140942446887, "median": 0.00325486576185, "dvar": 2.06059439734e-06}, "silence_rate_60dB": {"dvar2": 0.131961002946, "var": 0.181611388922, "min": 0, "dmean": 0.0656488537788, "mean": 0.238469094038, "max": 1, "dmean2": 0.131312027574, "median": 0, "dvar": 0.0613377168775}, "melbands": {"dvar2": [4.71047969768e-05, 8.62750239321e-05, 2.26638549066e-05, 1.84000407444e-06, 8.08712684375e-07, 9.93883304545e-08, 6.97759958257e-07, 6.03412729561e-07, 1.65004863106e-07, 2.98212000871e-07, 1.63424601851e-07, 7.8099951395e-08, 8.93427696269e-08, 1.48502348196e-08, 1.25184840272e-08, 1.86417281611e-08, 2.80084204718e-08, 8.04142974431e-09, 5.76614844761e-09, 4.1316350341e-09, 9.1195229146e-09, 2.09632289305e-09, 3.70343178346e-09, 2.12058326454e-09, 2.34084729378e-09, 2.08920925004e-09, 1.62236124535e-09, 1.71394487491e-09, 1.80420178797e-09, 3.98475863417e-10, 2.93667923312e-10, 3.84401094289e-10, 4.79559170152e-10, 2.29949545516e-10, 1.33572097827e-10, 1.75974679273e-10, 1.76567829802e-10, 9.85581408153e-11, 5.94878313276e-11, 3.97763974536e-11], "var": [3.43681713275e-05, 4.47663478553e-05, 5.5058972066e-06, 7.80920572652e-07, 2.00054302013e-07, 3.89404135603e-08, 3.79300274744e-07, 3.45180836803e-07, 7.4417599194e-08, 1.75827707949e-07, 9.54964463062e-08, 5.22931671298e-08, 3.80392961574e-08, 9.64875734866e-09, 9.65025392929e-09, 1.04613260277e-08, 1.57806177015e-08, 5.22054310892e-09, 3.78133124812e-09, 2.01985872472e-09, 4.60309257377e-09, 2.08077244324e-09, 2.19267404233e-09, 1.40320310926e-09, 1.81069159666e-09, 1.12899600779e-09, 7.99837196475e-10, 9.99646476707e-10, 8.74291750108e-10, 2.50914622413e-10, 2.56878601723e-10, 3.44823725129e-10, 4.04200728443e-10, 1.91594656807e-10, 1.19131093879e-10, 1.30619279282e-10, 1.71650346714e-10, 1.09992105701e-10, 6.55511131487e-11, 4.42401913714e-11], "min": [1.73157713932e-23, 2.67114676504e-23, 2.2685519176e-23, 1.32066675131e-23, 7.6416427352e-24, 5.86695971166e-24, 1.15970757221e-23, 1.22822692603e-23, 9.01297881131e-24, 5.29967050762e-24, 4.88323596335e-24, 5.65493796059e-24, 7.10035714761e-24, 6.33759057784e-24, 8.27790559805e-24, 9.36214915834e-24, 7.66359121216e-24, 1.14611431552e-23, 1.01352533558e-23, 1.22236710946e-23, 1.27241157754e-23, 7.79887060221e-24, 1.05269235841e-23, 7.76242680612e-24, 1.62651885277e-23, 1.04387391901e-23, 7.67346617297e-24, 6.56423938781e-24, 1.24070126241e-23, 1.16852601161e-23, 1.49327393499e-23, 9.24521472864e-24, 9.4738463405e-24, 5.7364738349e-24, 8.28840612556e-24, 7.64987686532e-24, 1.39523745714e-23, 1.46444264663e-23, 9.18977516194e-24, 7.33708326121e-24], "dmean": [0.00150922383182, 0.00166164280381, 0.000675898394547, 0.000382637605071, 0.000167508871527, 9.12578907446e-05, 0.000233341037529, 0.000142282471643, 9.69872562564e-05, 0.000130102023832, 7.39090319257e-05, 4.61196104879e-05, 4.09695603594e-05, 2.68917192443e-05, 3.18929342029e-05, 4.31024491263e-05, 5.44975046068e-05, 2.2862726837e-05, 1.67818561749e-05, 1.42740900628e-05, 1.89949332707e-05, 1.1557713151e-05, 1.37852312037e-05, 1.34498941406e-05, 1.40659922181e-05, 1.05365024865e-05, 8.17304953671e-06, 8.80580955709e-06, 7.36933998269e-06, 3.81170775654e-06, 4.05870332543e-06, 5.25868426848e-06, 5.59689351576e-06, 4.03868125431e-06, 3.1112506349e-06, 2.94317601401e-06, 3.00051192426e-06, 2.53304665421e-06, 1.87394266504e-06, 1.41546263421e-06], "mean": [0.00195803120732, 0.0019706916064, 0.000588463968597, 0.000490600476041, 0.000150574502186, 9.91953420453e-05, 0.000274460762739, 0.000175434877747, 9.92082204903e-05, 0.00014001505042, 8.04666851764e-05, 4.99514353578e-05, 4.394123971e-05, 3.03887409245e-05, 3.9803020627e-05, 5.93078257225e-05, 7.16746435501e-05, 2.64986520051e-05, 1.91466479009e-05, 1.69613758771e-05, 2.25533331104e-05, 1.58644143085e-05, 1.75707609742e-05, 1.87191817531e-05, 1.89609199879e-05, 1.31303295348e-05, 9.35261505219e-06, 1.00225806818e-05, 7.73258398112e-06, 4.61149238618e-06, 5.31574778506e-06, 7.28044824427e-06, 7.34125978852e-06, 5.29200815436e-06, 4.26872202297e-06, 3.98824704462e-06, 4.28334760727e-06, 3.59687601303e-06, 2.6927170893e-06, 2.01889588425e-06], "max": [0.0515886582434, 0.0579797551036, 0.0301040560007, 0.00878608319908, 0.00729974964634, 0.00208304077387, 0.00984438229352, 0.021001169458, 0.00606795446947, 0.00902179069817, 0.00906932167709, 0.00856261979789, 0.00503399781883, 0.00205735233612, 0.00147508096416, 0.00130042771343, 0.00180576706771, 0.00116434588563, 0.0025282620918, 0.000539358821698, 0.000797129294369, 0.000708614708856, 0.000555537058972, 0.000476365443319, 0.000461050396552, 0.000609139737207, 0.000515911611728, 0.000342034036294, 0.000352046365151, 0.0002171000815, 0.000145735350088, 0.000273648067378, 0.000275597063592, 0.000147758022649, 0.000183149910299, 0.000186288001714, 0.00026682484895, 0.000200001464691, 0.000130943924887, 9.82697529253e-05], "dmean2": [0.002192273736, 0.00250874413177, 0.00117842620239, 0.000637803866994, 0.000290145049803, 0.000152166452608, 0.000368881126633, 0.000226166579523, 0.000156538808369, 0.000203370364034, 0.000116474715469, 7.24696510588e-05, 6.37696721242e-05, 4.13639900216e-05, 4.82343930344e-05, 6.85281702317e-05, 8.81959349499e-05, 3.48892026523e-05, 2.52015033766e-05, 2.17539436562e-05, 2.92486984108e-05, 1.65012061188e-05, 2.04986154131e-05, 2.06309596251e-05, 2.08687779377e-05, 1.64263892657e-05, 1.2564842109e-05, 1.32259619932e-05, 1.09310776679e-05, 5.6520493672e-06, 6.14607870375e-06, 7.71323811932e-06, 8.32284422358e-06, 6.04802971793e-06, 4.57335181636e-06, 4.38964889327e-06, 4.34090361523e-06, 3.69947974832e-06, 2.75814795714e-06, 2.05137621379e-06], "median": [4.13204325014e-05, 4.5066808525e-05, 8.97150966921e-05, 0.000107406849565, 2.39006731135e-05, 1.76506764547e-05, 5.04587806063e-05, 4.72012034152e-05, 9.84974394669e-06, 1.69313734659e-05, 1.21507391668e-05, 4.74704756925e-06, 6.66510868541e-06, 3.8947387111e-06, 5.32701960765e-06, 1.72023919731e-05, 2.07531720662e-05, 2.91063292934e-06, 2.94893766295e-06, 4.21690037911e-06, 4.66456003778e-06, 1.83660290531e-06, 3.7902011627e-06, 5.83408154853e-06, 3.52015558747e-06, 2.2742613055e-06, 1.37752886076e-06, 7.15230441983e-07, 4.0626758846e-07, 2.52766284348e-07, 1.88662056644e-07, 2.08266413892e-07, 1.99512200538e-07, 1.19714471225e-07, 1.07451832321e-07, 1.39547594813e-07, 1.88313222793e-07, 1.96479859937e-07, 1.3576087099e-07, 1.03244310878e-07], "dvar": [2.28267454077e-05, 3.87767686334e-05, 8.30283988762e-06, 6.83116468281e-07, 2.89275391196e-07, 3.82740346083e-08, 3.0018887287e-07, 2.6842408829e-07, 6.98612723227e-08, 1.35650367383e-07, 7.3567505865e-08, 3.73599284842e-08, 3.71243551456e-08, 6.79079725785e-09, 5.78045211697e-09, 7.10501479873e-09, 1.0699272579e-08, 3.74929420843e-09, 2.8023305898e-09, 1.685829253