{"metadata": {"tags": {"album": ["OperationGet Down"], "albumartist": ["Craig Mack"], "genre": ["Rap"], "artist": ["Craig Mack"], "date": ["1997"], "tracknumber": ["9"], "title": ["craig mack - craig mack-operation get down-09"], "file_name": "234310.mp3", "musicbrainz_recordingid": ["0440617d-6535-40af-8d0a-b6ab657b38f8"]}, "audio_properties": {"sample_rate": 44100, "downmix": "mix", "lossless": false, "analysis_sample_rate": 44100, "md5_encoded": "4da64b184c8f19ce8bfa4e1ead8df5f7", "equal_loudness": 0, "replay_gain": -11.7017765045, "codec": "mp3", "bit_rate": 320000, "length": 259.892242432}, "version": {"extractor": "music 1.0", "essentia_build_sha": "70f2e5ece6736b2c40cc944ad0e695b16b925413", "essentia_git_sha": "v2.1_beta2", "essentia": "2.1-beta2"}}, "rhythm": {"beats_loudness_band_ratio": {"dvar2": [0.304464846849, 0.0328339710832, 0.0400462858379, 0.0225872974843, 0.00521507998928, 0.118246614933], "var": [0.167776674032, 0.0155569436029, 0.0234687831253, 0.013632546179, 0.00357214501128, 0.0427316725254], "min": [0.000234041974181, 0.000118036630738, 1.02322628663e-05, 3.56482723873e-06, 1.17256959129e-05, 0.000584778550547], "dmean": [0.511686086655, 0.190154388547, 0.196688443422, 0.169775992632, 0.0922785252333, 0.188229396939], "mean": [0.42273709178, 0.118153870106, 0.167285099626, 0.123581372201, 0.0655552893877, 0.151533976197], "max": [0.998907446861, 0.491260915995, 0.852773785591, 0.639052093029, 0.353319168091, 0.971584737301], "dmean2": [0.989546120167, 0.371088325977, 0.351565927267, 0.327317893505, 0.179797112942, 0.31447711587], "median": [0.116378828883, 0.0575267374516, 0.15832388401, 0.114063963294, 0.0575251951814, 0.10027384758], "dvar": [0.137769177556, 0.0101188784465, 0.0125834448263, 0.00777832558379, 0.00190576200839, 0.0445207059383]}, "bpm_histogram_first_peak_weight": {"dvar2": 0, "var": 0, "min": 0.976253330708, "dmean": 0, "mean": 0.976253330708, "max": 0.976253330708, "dmean2": 0, "median": 0.976253330708, "dvar": 0}, "bpm": 87.9948348999, "beats_count": 380, "bpm_histogram_first_peak_spread": {"dvar2": 0, "var": 0, "min": 0.0159574151039, "dmean": 0, "mean": 0.0159574151039, "max": 0.0159574151039, "dmean2": 0, "median": 0.0159574151039, "dvar": 0}, "danceability": 1.45769786835, "bpm_histogram_first_peak_bpm": {"dvar2": 0, "var": 0, "min": 88, "dmean": 0, "mean": 88, "max": 88, "dmean2": 0, "median": 88, "dvar": 0}, "beats_position": [0.696598649025, 1.39319729805, 2.11301589012, 2.83283448219, 3.56426286697, 4.27247142792, 4.96907043457, 5.65405893326, 6.33904743195, 7.02403593063, 7.70902490616, 8.38240337372, 9.05578231812, 9.74077033997, 10.4257593155, 11.110748291, 11.7957363129, 12.4691152573, 13.1541042328, 13.8390922546, 14.512471199, 15.1974601746, 15.8824491501, 16.5558280945, 17.2292060852, 17.9141941071, 18.5991840363, 19.2841720581, 19.96916008, 20.642539978, 21.3275279999, 22.0125160217, 22.6858959198, 23.3708839417, 24.0558719635, 24.7408618927, 25.4258499146, 26.0992279053, 26.7726078033, 27.4575958252, 28.142583847, 28.8275737762, 29.5125617981, 30.1859397888, 30.8593196869, 31.5443077087, 32.2292976379, 32.9142837524, 33.5992736816, 34.2726516724, 34.9576416016, 35.6426315308, 36.3160095215, 37.000995636, 37.6859855652, 38.3825836182, 39.0559616089, 39.7293434143, 40.402721405, 41.0877075195, 41.7726974487, 42.4576873779, 43.1426734924, 43.8160552979, 44.4894332886, 45.1744194031, 45.8594093323, 46.5443992615, 47.229385376, 47.9027671814, 48.5877532959, 49.2727432251, 49.9461212158, 50.631111145, 51.3160972595, 52.0010871887, 52.6860771179, 53.3594551086, 54.0444450378, 54.7294311523, 55.4028091431, 56.0877990723, 56.7727890015, 57.4461669922, 58.1195449829, 58.8045349121, 59.4895210266, 60.1745109558, 60.859500885, 61.5328788757, 62.2178688049, 62.9028549194, 63.5762329102, 64.2612228394, 64.9462127686, 65.6312026978, 66.316192627, 66.9895706177, 67.6629486084, 68.3479385376, 69.0329208374, 69.7179107666, 70.4029006958, 71.0762786865, 71.7496566772, 72.4346466064, 73.1196365356, 73.8046264648, 74.489616394, 75.1745986938, 75.859588623, 76.5329666138, 77.2063446045, 77.8913345337, 78.5763244629, 79.2613143921, 79.9463043213, 80.619682312, 81.3046722412, 81.9896621704, 82.6630401611, 83.3480224609, 84.0330123901, 84.7063903809, 85.3797683716, 86.0647583008, 86.74974823, 87.4347381592, 88.1197280884, 88.7931060791, 89.4780960083, 90.1630859375, 90.8364639282, 91.521446228, 92.2064361572, 92.8914260864, 93.5764160156, 94.2497940063, 94.9347839355, 95.6197738647, 96.2931518555, 96.9781417847, 97.6631240845, 98.3365097046, 99.0214920044, 99.7064819336, 100.379859924, 101.064849854, 101.749839783, 102.423217773, 103.108207703, 103.793197632, 104.466575623, 105.151565552, 105.836547852, 106.521537781, 107.20652771, 107.879905701, 108.553283691, 109.238273621, 109.92326355, 110.608253479, 111.293243408, 111.966621399, 112.63999939, 113.324989319, 114.009971619, 114.706573486, 115.379951477, 116.064941406, 116.749931335, 117.423309326, 118.096687317, 118.781677246, 119.466667175, 120.151649475, 120.836639404, 121.510017395, 122.195007324, 122.879997253, 123.553375244, 124.238365173, 124.923355103, 125.608345032, 126.293327332, 126.966712952, 127.640090942, 128.325073242, 129.010070801, 129.683441162, 130.368438721, 131.053421021, 131.726806641, 132.41178894, 133.09677124, 133.781768799, 134.466751099, 135.140136719, 135.825119019, 136.510116577, 137.183486938, 137.868484497, 138.553466797, 139.226852417, 139.911834717, 140.596817017, 141.270202637, 141.955184937, 142.640182495, 143.325164795, 144.010162354, 144.683532715, 145.356918335, 146.041900635, 146.726898193, 147.411880493, 148.096862793, 148.770248413, 149.455230713, 150.140228271, 150.813598633, 151.498596191, 152.183578491, 152.86857605, 153.55355835, 154.226928711, 154.900314331, 155.596908569, 156.270294189, 156.943664551, 157.628662109, 158.313644409, 158.987030029, 159.672012329, 160.357009888, 161.041992188, 161.726974487, 162.400360107, 163.085342407, 163.770339966, 164.443710327, 165.128707886, 165.813690186, 166.487075806, 167.172058105, 167.857055664, 168.530426025, 169.215423584, 169.900405884, 170.585388184, 171.270385742, 171.943756104, 172.617141724, 173.302124023, 173.987121582, 174.672103882, 175.35710144, 176.030471802, 176.715454102, 177.40045166, 178.073822021, 178.75881958, 179.44380188, 180.128799438, 180.813781738, 181.487167358, 182.16053772, 182.845535278, 183.530517578, 184.215499878, 184.900497437, 185.573867798, 186.247253418, 186.932235718, 187.617233276, 188.302215576, 188.987213135, 189.672195435, 190.345581055, 191.030563354, 191.703948975, 192.388931274, 193.073913574, 193.747299194, 194.432281494, 195.117279053, 195.802261353, 196.487258911, 197.160629272, 197.845626831, 198.530609131, 199.203994751, 199.877365112, 200.562347412, 201.247344971, 201.932327271, 202.617324829, 203.302307129, 203.987304688, 204.660675049, 205.334060669, 206.019042969, 206.704025269, 207.389022827, 208.074005127, 208.747390747, 209.420761108, 210.105758667, 210.790740967, 211.475738525, 212.160720825, 212.845703125, 213.530700684, 214.215682983, 214.900680542, 215.574050903, 216.247436523, 216.932418823, 217.617416382, 218.290786743, 218.964172363, 219.649154663, 220.334152222, 221.019134521, 221.704116821, 222.377502441, 223.062484741, 223.7474823, 224.420852661, 225.10585022, 225.79083252, 226.46421814, 227.149200439, 227.834197998, 228.507568359, 229.192550659, 229.877548218, 230.562530518, 231.247528076, 231.920898438, 232.594284058, 233.279266357, 233.964263916, 234.649246216, 235.334228516, 236.007614136, 236.692596436, 237.377593994, 238.050964355, 238.735961914, 239.420944214, 240.094329834, 240.779312134, 241.464309692, 242.149291992, 242.834274292, 243.507659912, 244.192642212, 244.877639771, 245.551010132, 246.224395752, 246.909378052, 247.59437561, 248.27935791, 248.964355469, 249.63772583, 250.322723389, 251.007705688, 251.681091309, 252.366073608, 253.051055908, 253.736053467, 254.421035767, 255.094421387, 255.779403687, 256.464385986, 257.137786865, 257.822753906, 258.507751465, 259.192749023], "beats_loudness": {"dvar2": 0.0072655393742, "var": 0.00464728940278, "min": 1.78354468972e-08, "dmean": 0.0730126798153, "mean": 0.0839274078608, "max": 0.313023895025, "dmean2": 0.101421073079, "median": 0.077130407095, "dvar": 0.00242548761889}, "bpm_histogram_second_peak_weight": {"dvar2": 0, "var": 0, "min": 0.00791556760669, "dmean": 0, "mean": 0.00791556760669, "max": 0.00791556760669, "dmean2": 0, "median": 0.00791556760669, "dvar": 0}, "bpm_histogram_second_peak_spread": {"dvar2": 0, "var": 0, "min": 0, "dmean": 0, "mean": 0, "max": 0, "dmean2": 0, "median": 0, "dvar": 0}, "bpm_histogram_second_peak_bpm": {"dvar2": 0, "var": 0, "min": 83, "dmean": 0, "mean": 83, "max": 83, "dmean2": 0, "median": 83, "dvar": 0}, "onset_rate": 4.17448091507}, "lowlevel": {"spectral_energyband_high": {"dvar2": 4.98818917549e-06, "var": 4.11164046454e-06, "min": 7.70136735015e-21, "dmean": 0.000877322512679, "mean": 0.00125988479704, "max": 0.0318636633456, "dmean2": 0.00127456244081, "median": 0.000503746559843, "dvar": 2.42904343395e-06}, "spectral_energyband_middle_low": {"dvar2": 0.000861330830958, "var": 0.000297698075883, "min": 4.09337449851e-22, "dmean": 0.00829163845628, "mean": 0.0095280399546, "max": 0.183115661144, "dmean2": 0.013695307076, "median": 0.00403178995475, "dvar": 0.000327255023876}, "spectral_energy": {"dvar2": 0.00489270780236, "var": 0.00463985092938, "min": 1.07622207677e-20, "dmean": 0.0252617038786, "mean": 0.0448843576014, "max": 0.404995918274, "dmean2": 0.038391828537, "median": 0.0161857679486, "dvar": 0.00219869078137}, "spectral_spread": {"dvar2": 3455957336060.0, "var": 6075264270340.0, "min": 2670972.75, "dmean": 1074942.25, "mean": 6129327, "max": 40724656, "dmean2": 1489521.5, "median": 5190667.5, "dvar": 2212399415300.0}, "spectral_energyband_low": {"dvar2": 0.00477505056188, "var": 0.00418274151161, "min": 5.6592742501e-23, "dmean": 0.0181733705103, "mean": 0.0307565014809, "max": 0.400400966406, "dmean2": 0.0290891751647, "median": 9.72747293417e-05, "dvar": 0.00210151006468}, "spectral_rolloff": {"dvar2": 10443946, "var": 11215007, "min": 43.06640625, "dmean": 1110.22607422, "mean": 2319.57324219, "max": 18733.8867188, "dmean2": 1759.86791992, "median": 1291.9921875, "dvar": 5570282}, "barkbands": {"dvar2": [8.47572664497e-06, 0.00450513232499, 0.000481491733808, 0.000232737802435, 0.000112008769065, 1.24134430735e-05, 0.000121638251585, 3.05490175379e-05, 2.63343699771e-05, 7.65680943005e-06, 8.310499652e-06, 8.64015964908e-06, 5.79031393499e-06, 2.4625169317e-06, 6.04514411862e-07, 5.73380589231e-07, 4.38505850298e-07, 7.88037439747e-08, 1.36505207138e-07, 5.9024159782e-08, 1.60523029535e-07, 2.50367889976e-07, 9.11552788807e-08, 1.48073056039e-07, 2.4332550197e-07, 1.87691043152e-07, 2.32055384686e-07], "var": [9.47153512243e-06, 0.00320811197162, 0.000144669829751, 4.60399605799e-05, 2.64122209046e-05, 6.74681541568e-06, 4.31209191447e-05, 1.37537435876e-05, 1.50842379298e-05, 5.57387329536e-06, 3.25779342347e-06, 4.6916698011e-06, 3.36965786119e-06, 1.44838543292e-06, 3.36660235689e-07, 3.32663034897e-07, 1.7411787212e-07, 5.80101620073e-08, 1.16196503086e-07, 6.16736386405e-08, 2.03688045985e-07, 1.54501663019e-07, 7.63708030149e-08, 1.05616109636e-07, 1.38690381846e-07, 9.92317765736e-08, 1.15684215984e-07], "min": [2.06321106899e-24, 1.79323229886e-23, 2.69723660399e-23, 2.33600362708e-23, 8.37453601023e-23, 4.31041266341e-23, 1.18639328513e-22, 4.41702121941e-23, 8.61595269078e-23, 8.15245462601e-23, 9.33835301137e-23, 1.22862056762e-22, 6.08874274868e-23, 7.76523373099e-23, 9.13216875211e-23, 1.91373818587e-22, 1.41066934349e-22, 2.12404370693e-22, 2.08809499993e-22, 3.84928528344e-22, 3.75971839491e-22, 5.62871112806e-22, 6.04957309105e-22, 8.68694739546e-22, 1.33620506447e-21, 1.61485446513e-21, 2.38872029837e-21], "dmean": [0.000774275162257, 0.0156389288604, 0.00366885680705, 0.00212206831202, 0.00179682555608, 0.000618296850007, 0.00241553597152, 0.00125704391394, 0.00142981437966, 0.000700942648109, 0.000576680642553, 0.000761211733334, 0.000649622466881, 0.000432528031524, 0.000191756000277, 0.00023195441463, 0.000161181582371, 7.58806345402e-05, 0.000139233627124, 8.23522714199e-05, 0.000167567515746, 0.000107980449684, 7.88662437117e-05, 0.000139228461194, 0.000146671503899, 0.000147107537487, 0.000153787754243], "mean": [0.000894400582183, 0.0250203683972, 0.00370231457055, 0.0015978931915, 0.00148046785034, 0.000666356179863, 0.00239166081883, 0.00131340883672, 0.00168009405024, 0.00088672619313, 0.000631208939012, 0.000888155365828, 0.000759323942475, 0.000531404628418, 0.000249731674558, 0.000325211440213, 0.000203355943086, 0.000107848878542, 0.000230309873587, 0.000134009445901, 0.000290258059977, 0.000157271730131, 0.000107568106614, 0.000168442071299, 0.000164273456903, 0.00015696772607, 0.000141236974741], "max": [0.0180355459452, 0.382590979338, 0.151444017887, 0.0702720582485, 0.0673430338502, 0.0584253594279, 0.116383083165, 0.0647756382823, 0.0679788887501, 0.059382468462, 0.0577989667654, 0.0379379652441, 0.0275662820786, 0.0155142731965, 0.00924097560346, 0.00683768931776, 0.00479078385979, 0.00326832965948, 0.00375773245469, 0.00272430945188, 0.00765587296337, 0.0130165666342, 0.0123144797981, 0.00579682923853, 0.0151182599366, 0.004152352456, 0.0022701008711], "dmean2": [0.00104637350887, 0.0267289951444, 0.00630921544507, 0.0039498526603, 0.00323808426037, 0.00103834178299, 0.00395936891437, 0.00200893427245, 0.00219696573913, 0.00101942394394, 0.000912240589969, 0.00117467087694, 0.000997529248707, 0.000654973846395, 0.000293714634608, 0.000355002150172, 0.00025406430359, 0.000118899137306, 0.000211326027056, 0.000119600372273, 0.000233344893786, 0.000166175625054, 0.000114339731226, 0.000211391990888, 0.000227143158554, 0.00022382971656, 0.000234290157096], "median": [4.61393028672e-06, 3.63300714525e-05, 1.19045016618e-05, 4.88245132146e-05, 0.000278733263258, 6.24219537713e-05, 0.000256645027548, 0.000157600487, 0.0001791795803, 0.000115647912025, 0.000103400969238, 0.000116965864436, 7.27533479221e-05, 6.9243607868e-05, 4.08054220316e-05, 0.000103852857137, 7.76218075771e-05, 2.88637857011e-05, 0.000107212632429, 5.83046530664e-05, 0.000132670538733, 5.7235283748e-05, 3.04835248244e-05, 4.16307884734e-05, 2.39435757976e-05, 1.90710397874e-05, 1.0012772691e-06], "dvar": [5.69116718907e-06, 0.00188904523384, 0.000184799791896, 8.07109754533e-05, 3.93286718463e-05, 6.09620519754e-06, 4.63958713226e-05, 1.27338707898e-05, 1.12974285003e-05, 3.63583080798e-06, 3.28664486915e-06, 3.63142339666e-06, 2.50860466622e-06, 1.06317668269e-06, 2.52822786706e-07, 2.40054902179e-07, 1.73934296299e-07, 3.5755558514e-08, 6.38750776716e-08, 3.31284475408e-08, 8.47440446705e-08, 1.04452148264e-07, 4.37352056792e-08, 7.05719216398e-08, 1.07860849141e-07, 8.34069879829e-08, 1.05993784416e-07]}, "melbands_skewness": {"dvar2": 9.96774864197, "var": 19.2732830048, "min": -3.11576843262, "dmean": 1.65298140049, "mean": 4.14311075211, "max": 35.5170135498, "dmean2": 2.38175368309, "median": 2.33982467651, "dvar": 5.54233932495}, "barkbands_skewness": {"dvar2": 5.78845930099, "var": 9.89238739014, "min": -6.13378715515, "dmean": 1.26216852665, "mean": 2.44336414337, "max": 30.0187606812, "dmean2": 1.79059231281, "median": 1.51211833954, "dvar": 3.05414700508}, "erbbands": {"dvar2": [5.99195766449, 203.626541138, 584.984924316, 2040.72314453, 1117.15917969, 1720.5982666, 228.799835205, 1450.28320312, 14671.9189453, 23404.4082031, 11130.0283203, 12305.6738281, 12981.2675781, 6213.72216797, 10078.3583984, 16564.7207031, 11765.734375, 5749.93066406, 5417.04589844, 1133.59753418, 1438.03417969, 959.807800293, 275.023345947, 500.945129395, 248.412994385, 136.167694092, 173.488494873, 420.238464355, 411.085113525, 92.4180755615, 84.6898040771, 55.4683876038, 49.2588806152, 21.9796924591, 16.7359790802, 1.25832235813, 0.881617963314, 0.187452420592, 0.00697564100847, 2.78200423054e-05], "var": [4.83066415787, 129.851104736, 208.147216797, 457.331604004, 246.053482056, 369.120697021, 92.6044387817, 761.021179199, 5773.99658203, 9597.72558594, 5442.55517578, 7057.94091797, 9942.84765625, 3732.04760742, 4417.22363281, 8689.96972656, 6929.28662109, 4060.43554688, 2163.26489258, 810.71862793, 910.051818848, 432.014251709, 188.989120483, 326.007781982, 228.184677124, 140.125778198, 196.630310059, 428.760223389, 220.625106812, 89.5054244995, 66.806137085, 42.4337997437, 32.0658531189, 14.0875701904, 8.4911365509, 1.05869185925, 0.420794099569, 0.0799707621336, 0.00348119344562, 1.46003185364e-05], "min": [2.11601209317e-22, 5.33373692623e-21, 2.69093388556e-20, 6.29660803644e-20, 2.33343308103e-19, 2.35796751649e-19, 2.11344284616e-19, 4.59885640607e-19, 1.74813393486e-18, 9.96832667851e-19, 1.41312340863e-18, 1.97750574205e-18, 1.30583963415e-18, 5.59256109044e-18, 2.59672756514e-18, 5.24790057178e-18, 3.12800085716e-18, 4.2782558831e-18, 3.53330653601e-18, 6.66888105886e-18, 1.06433991162e-17, 8.72949756617e-18, 1.06727201873e-17, 1.12739167109e-17, 1.37397702411e-17, 1.74848759593e-17, 1.51015767087e-17, 1.57420097174e-17, 1.88060786122e-17, 1.74155731133e-17, 1.92056548245e-17, 1.49858690302e-17, 1.6441508385e-17, 1.67088117999e-17, 8.60297036531e-18, 5.77450691079e-18, 3.28163766182e-18, 1.6207238221e-18, 2.92204549914e-19, 2.99399896795e-20], "dmean": [0.586711883545, 3.12666368484, 4.45828390121, 6.69094610214, 6.01151180267, 6.64809703827, 2.98764848709, 6.71958398819, 25.1816864014, 39.1875762939, 23.9476928711, 29.5172462463, 29.5587806702, 18.0747337341, 22.0164527893, 32.5368881226, 28.7006072998, 22.0587692261, 15.4906005859, 9.35741043091, 12.1135025024, 8.25649547577, 4.01585531235, 7.34063005447, 5.27764987946, 3.96299052238, 5.20294284821, 7.29517841339, 4.08784770966, 2.74047541618, 2.37214255333, 2.37526631355, 2.57880687714, 1.4619178772, 1.17582368851, 0.382943749428, 0.308468461037, 0.134588271379, 0.0267327576876, 0.00168013467919], "mean": [0.864028215408, 5.01390981674, 4.72895765305, 6.06038665771, 4.47546339035, 5.29942321777, 3.01120996475, 7.10298967361, 25.3430652618, 39.8999557495, 27.1006393433, 35.7976455688, 39.1831207275, 23.4626941681, 26.7652568817, 38.2223968506, 35.3905639648, 29.0341567993, 18.8210449219, 14.4561138153, 17.7786655426, 11.4301662445, 5.91991043091, 11.4621696472, 8.79251289368, 6.58730745316, 9.140873909, 11.9401283264, 6.12657642365, 3.90015602112, 3.06313586235, 2.94312381744, 3.07426977158, 1.74727380276, 1.22091841698, 0.489349544048, 0.313457399607, 0.123572133482, 0.0241337362677, 0.00156195322052], "max": [16.2017879486, 70.7795562744, 153.750640869, 229.883239746, 303.497039795, 254.799713135, 236.621307373, 552.774902344, 1480.02990723, 1185.5579834, 1551.32836914, 1293.54882812, 2010.01879883, 1804.46447754, 1542.17944336, 1858.25549316, 1510.19042969, 892.745117188, 498.671051025, 485.164428711, 387.266662598, 235.006027222, 153.129348755, 202.066436768, 198.69102478, 138.219665527, 170.555221558, 442.72555542, 488.980255127, 374.15020752, 365.832641602, 181.843017578, 101.375534058, 112.474708557, 124.859268188, 30.8580970764, 5.86957025528, 1.81150591373, 0.405265450478, 0.0263685546815], "dmean2": [0.905057728291, 5.40313673019, 7.31779241562, 12.0398454666, 11.0386505127, 12.0673160553, 4.86611604691, 10.8786773682, 39.6915359497, 64.4662322998, 37.5966033936, 45.0629692078, 42.0889167786, 26.6387042999, 34.5673561096, 50.3859214783, 43.2583389282, 32.0086936951, 24.1175289154, 13.857170105, 18.2040615082, 12.7266368866, 5.99882316589, 11.3767518997, 7.80891990662, 5.84478998184, 7.39213991165, 10.2473649979, 6.30535364151, 4.01606988907, 3.53453803062, 3.57196784019, 3.94412732124, 2.26462483406, 1.83456397057, 0.564564883709, 0.4721981287, 0.212082922459, 0.0410166084766, 0.00254997238517], "median": [0.00138812023215, 0.00542648043483, 0.0129766147584, 0.115798294544, 0.632063746452, 0.9402166605, 0.511628568172, 0.783609271049, 2.94414138794, 5.33724880219, 5.58003282547, 5.15552520752, 4.83289241791, 4.57784461975, 5.78799915314, 5.615193367, 4.50682449341, 3.38088965416, 2.82528734207, 4.21952009201, 6.26540088654, 5.06159877777, 1.87611496449, 5.2361497879, 3.47867798805, 3.0278968811, 4.02742195129, 5.12660312653, 2.36863446236, 1.18578243256, 0.81066262722, 0.72014695406, 0.754262387753, 0.308718562126, 0.143384039402, 0.0913197398186, 0.0298891589046, 0.00455304421484, 0.000173274747794, 5.15611318406e-05], "dvar": [2.87602376938, 85.3669662476, 233.564727783, 724.554626465, 393.400299072, 592.339416504, 92.0138015747, 700.495300293, 5882.21435547, 9288.921875, 4740.40966797, 5273.2109375, 6295.23974609, 2735.22192383, 4086.44335938, 6879.38671875, 5110.00585938, 2609.10742188, 2132.31420898, 497.819000244, 625.010559082, 393.219390869, 125.569618225, 212.442169189, 125.922798157, 75.4739761353, 88.5191116333, 204.039489746, 163.098129272, 46.8126106262, 39.983253479, 26.4652481079, 22.8136844635, 9.84682846069, 7.28516769409, 0.638407588005, 0.383326351643, 0.0804230719805, 0.00323576224037, 1.29515310618e-05]}, "silence_rate_30dB": {"dvar2": 0.144485414028, "var": 0.12320946902, "min": 0, "dmean": 0.0748682245612, "mean": 0.856083631516, "max": 1, "dmean2": 0.149749815464, "median": 1, "dvar": 0.0692693293095}, "melbands_spread": {"dvar2": 1013.35687256, "var": 984.712890625, "min": 0.126043006778, "dmean": 11.9522409439, "mean": 26.0625762939, "max": 271.328277588, "dmean2": 18.039691925, "median": 18.0495262146, "dvar": 488.145812988}, "melbands_crest": {"dvar2": 34.1336555481, "var": 51.216255188, "min": 2.2769370079, "dmean": 4.10536336899, "mean": 16.8416175842, "max": 38.5576934814, "dmean2": 6.34686374664, "median": 16.7029151917, "dvar": 15.5327768326}, "zerocrossingrate": {"dvar2": 0.00150766619481, "var": 0.00600510695949, "min": 0.00244140625, "dmean": 0.026236621663, "mean": 0.086481705308, "max": 0.52685546875, "dmean2": 0.0292113218457, "median": 0.06591796875, "dvar": 0.00132625468541}, "barkbands_kurtosis": {"dvar2": 5128.77001953, "var": 3522.12719727, "min": -1.96176254749, "dmean": 15.4870414734, "mean": 18.8311328888, "max": 1119.48681641, "dmean2": 23.499206543, "median": 2.49494957924, "dvar": 2403.5637207}, "spectral_flux": {"dvar2": 0.00998410116881, "var": 0.00898797716945, "min": 1.037411268e-10, "dmean": 0.048122767359, "mean": 0.107989743352, "max": 0.522849917412, "dmean2": 0.0727955773473, "median": 0.0786280706525, "dvar": 0.00439762976021}, "barkbands_crest": {"dvar2": 21.4021091461, "var": 37.7415542603, "min": 2.12911915779, "dmean": 3.3923573494, "mean": 12.857583046, "max": 26.5755958557, "dmean2": 5.2916893959, "median": 11.757396698, "dvar": 10.5493993759}, "barkbands_flatness_db": {"dvar2": 0.00207978184335, "var": 0.00626633968204, "min": 0.0173750892282, "dmean": 0.0338362082839, "mean": 0.161190673709, "max": 0.628827154636, "dmean2": 0.0475345030427, "median": 0.14613199234, "dvar": 0.0011868388392}, "spectral_entropy": {"dvar2": 0.117297060788, "var": 0.222789138556, "min": 4.31780529022, "dmean": 0.227505147457, "mean": 7.68392896652, "max": 9.80562973022, "dmean2": 0.326548457146, "median": 7.68490982056, "dvar": 0.0627023130655}, "pitch_salience": {"dvar2": 0.0154262529686, "var": 0.0326452031732, "min": 0.0312063358724, "dmean": 0.090242408216, "mean": 0.487532436848, "max": 0.913369059563, "dmean2": 0.140327095985, "median": 0.502944946289, "dvar": 0.00762568600476}, "erbbands_spread": {"dvar2": 707.284118652, "var": 1008.41094971, "min": 2.71061348915, "dmean": 14.8645553589, "mean": 46.8635749817, "max": 231.226196289, "dmean2": 21.7883472443, "median": 37.9918785095, "dvar": 362.25100708}, "dynamic_complexity": 4.98709869385, "spectral_contrast_valleys": {"dvar2": [0.489170283079, 0.507218122482, 0.425694942474, 0.3046875, 0.23884344101, 0.416078180075], "var": [3.15277290344, 1.74837040901, 2.13902640343, 1.81328952312, 1.54015004635, 1.91591596603], "min": [-27.2887401581, -27.1002864838, -26.9487438202, -27.4337177277, -27.3964958191, -27.2898902893], "dmean": [0.519460916519, 0.47512191534, 0.491243213415, 0.419408082962, 0.35942286253, 0.461760669947], "mean": [-8.75840759277, -7.71986675262, -8.09844303131, -8.39816570282, -8.11444950104, -10.1195468903], "max": [-5.15257692337, -4.40846586227, -4.69489955902, -5.35822200775, -5.57775878906, -7.53029727936], "dmean2": [0.765067338943, 0.735364735126, 0.700151622295, 0.586677968502, 0.487808465958, 0.599120080471], "median": [-9.07227993011, -7.60437870026, -7.90881204605, -8.23509025574, -7.91590690613, -10.0379495621], "dvar": [0.28566557169, 0.24662707746, 0.239567428827, 0.183242440224, 0.1468244344, 0.268343746662]}, "hfc": {"dvar2": 1428.95617676, "var": 1043.11047363, "min": 1.1922725916e-16, "dmean": 14.8750534058, "mean": 24.4027500153, "max": 284.511108398, "dmean2": 21.3321533203, "median": 13.9919691086, "dvar": 675.239013672}, "spectral_kurtosis": {"dvar2": 3.80376672745, "var": 3.96722054482, "min": -1.23782444, "dmean": 1.16408574581, "mean": 3.28527593613, "max": 27.2465190887, "dmean2": 1.81217980385, "median": 3.10473561287, "dvar": 1.62450683117}, "mfcc": {"mean": [-687.880981445, 85.6873626709, 0.960856795311, 11.2271652222, -7.2395529747, 2.73000001907, 0.380193948746, -2.39324593544, 7.537774086, 2.86820173264, 0.927966535091, 4.12463521957, -0.23564748466], "cov": [[11484.4794922, 946.071472168, -636.19152832, -694.332885742, -531.546569824, -6.4670009613, 92.0875320435, -150.865066528, 18.6995677948, 34.6796722412, 122.551223755, 172.042938232, -149.271484375], [946.071472168, 1558.43579102, -143.101211548, 100.688781738, 84.1735229492, 206.076202393, 282.893615723, 236.756591797, 219.649551392, 118.183868408, 131.574920654, 159.385513306, 85.7293930054], [-636.19152832, -143.101211548, 1577.77502441, 758.626098633, 684.817077637, 391.630889893, 364.085418701, 391.781463623, 175.971496582, 144.72756958, 47.9818572998, 80.1636581421, 148.555282593], [-694.332885742, 100.688781738, 758.626098633, 927.776184082, 626.75402832, 432.917449951, 168.414001465, 261.437255859, 213.638412476, 208.712188721, 87.4877243042, 23.6072235107, 141.947937012], [-531.546569824, 84.1735229492, 684.817077637, 626.75402832, 716.04498291, 357.105255127, 197.297149658, 194.834091187, 182.338485718, 211.873565674, 86.9582977295, 44.0054664612, 102.440383911], [-6.4670009613, 206.076202393, 391.630889893, 432.917449951, 357.105255127, 495.897521973, 291.009216309, 285.340301514, 183.318283081, 175.714736938, 144.511459351, 97.4248504639, 102.419380188], [92.0875320435, 282.893615723, 364.085418701, 168.414001465, 197.297149658, 291.009216309, 488.877166748, 347.857757568, 193.647033691, 95.8229446411, 124.409561157, 133.975906372, 55.5009841919], [-150.865066528, 236.756591797, 391.781463623, 261.437255859, 194.834091187, 285.340301514, 347.857757568, 454.678314209, 207.859405518, 91.4152297974, 88.4409866333, 96.8337783813, 91.7152481079], [18.6995677948, 219.649551392, 175.971496582, 213.638412476, 182.338485718, 183.318283081, 193.647033691, 207.859405518, 249.890579224, 146.850158691, 91.0048522949, 63.2145309448, 57.6819458008], [34.6796722412, 118.183868408, 144.72756958, 208.712188721, 211.873565674, 175.714736938, 95.8229446411, 91.4152297974, 146.850158691, 207.492004395, 111.163604736, 55.8733482361, 42.464641571], [122.551223755, 131.574920654, 47.9818572998, 87.4877243042, 86.9582977295, 144.511459351, 124.409561157, 88.4409866333, 91.0048522949, 111.163604736, 165.312454224, 81.5387039185, 31.6381797791], [172.042938232, 159.385513306, 80.1636581421, 23.6072235107, 44.0054664612, 97.4248504639, 133.975906372, 96.8337783813, 63.2145309448, 55.8733482361, 81.5387039185, 141.430297852, 51.9406394958], [-149.271484375, 85.7293930054, 148.555282593, 141.947937012, 102.440383911, 102.419380188, 55.5009841919, 91.7152481079, 57.6819458008, 42.464641571, 31.6381797791, 51.9406394958, 138.414138794]], "icov": [[0.000104317150544, -6.98979056324e-05, -4.62240677734e-05, 9.53370181378e-05, 9.28213776206e-05, -0.000133861933136, 2.54302285612e-05, 0.000105557825009, -5.42987363588e-05, -5.51866614842e-05, 1.65037436091e-05, -7.96813328634e-05, 0.00012353247439], [-6.98979056324e-05, 0.000925339933019, 0.000404119695304, -0.000235626284848, -0.000155470872414, 0.000158054928761, -0.00036527303746, -0.000163305157912, -0.000376846146537, 0.000141812095535, 8.11528079794e-05, -0.000584063935094, -0.000273646233836], [-4.62240677734e-05, 0.000404119695304, 0.00171004934236, -0.000925410655327, -0.000988254090771, 0.000672579393722, -0.000924331194256, -0.000747891666833, 0.000763561984058, 6.546604709e-05, 0.000622061488684, -0.000579566403758, -0.000349508103682], [9.53370181378e-05, -0.000235626284848, -0.000925410655327, 0.00418385816738, -0.00172881933395, -0.00208429712802, 0.00174070009962, -0.000315826939186, -0.00123330613133, 0.000196096269065, -0.000240815948928, 0.00139792903792, -0.000731379666831], [9.28213776206e-05, -0.000155470872414, -0.000988254090771, -0.00172881933395, 0.00483956607059, -0.00083616230404, -0.000772257975768, 0.00126576772891, -7.37273649065e-06, -0.00246832496487, 0.000843118119519, 0.000347609922756, -2.4912193112e-05], [-0.000133861933136, 0.000158054928761, 0.000672579393722, -0.00208429712802, -0.00083616230404, 0.00668412167579, -0.00215078284964, -0.00161147885956, 0.00171247450635, -0.00164182658773, -0.00166847894434, -2.38556549448e-05, -0.00104307907168], [2.54302285612e-05, -0.00036527303746, -0.000924331194256, 0.00174070009962, -0.000772257975768, -0.00215078284964, 0.00724476855248, -0.00295466952957, -0.00218610861339, 0.00221086340025, -0.00151920050848, -0.00230327877216, 0.0021207286045], [0.000105557825009, -0.000163305157912, -0.000747891666833, -0.000315826939186, 0.00126576772891, -0.00161147885956, -0.00295466952957, 0.00721028400585, -0.00331762828864, 0.00142865930684, 0.000571449578274, 0.000155244430061, -0.00124031642918], [-5.42987363588e-05, -0.000376846146537, 0.000763561984058, -0.00123330613133, -7.37273649065e-06, 0.00171247450635, -0.00218610861339, -0.00331762828864, 0.0118077713996, -0.00668469816446, 0.000434963905718, 0.000856059952639, -0.000857203616761], [-5.51866614842e-05, 0.000141812095535, 6.546604709e-05, 0.000196096269065, -0.00246832496487, -0.00164182658773, 0.00221086340025, 0.00142865930684, -0.00668469816446, 0.0146761024371, -0.00564737897366, -0.00118754385039, 0.000809495220892], [1.65037436091e-05, 8.11528079794e-05, 0.000622061488684, -0.000240815948928, 0.000843118119519, -0.00166847894434, -0.00151920050848, 0.000571449578274, 0.000434963905718, -0.00564737897366, 0.0133795682341, -0.0043554189615, 0.000515433610417], [-7.96813328634e-05, -0.000584063935094, -0.000579566403758, 0.00139792903792, 0.000347609922756, -2.38556549448e-05, -0.00230327877216, 0.000155244430061, 0.000856059952639, -0.00118754385039, -0.0043554189615, 0.0140541447327, -0.00422545382753], [0.00012353247439, -0.000273646233836, -0.000349508103682, -0.000731379666831, -2.4912193112e-05, -0.00104307907168, 0.0021207286045, -0.00124031642918, -0.000857203616761, 0.000809495220892, 0.000515433610417, -0.00422545382753, 0.0109910089523]]}, "silence_rate_20dB": {"dvar2": 0.000535945582669, "var": 8.93240940059e-05, "min": 0, "dmean": 0.000178683112608, "mean": 0.999910652637, "max": 1, "dmean2": 0.000357398152119, "median": 1, "dvar": 0.000178645204869}, "melbands_kurtosis": {"dvar2": 18822.3496094, "var": 14988.0517578, "min": -1.84406304359, "dmean": 37.7926483154, "mean": 54.5380172729, "max": 1647.90588379, "dmean2": 57.1804695129, "median": 7.97515726089, "dvar": 8544.96972656}, "barkbands_spread": {"dvar2": 292.963470459, "var": 268.376373291, "min": 0.0704547315836, "dmean": 9.10743904114, "mean": 21.6904754639, "max": 134.361038208, "dmean2": 13.9429931641, "median": 18.1388339996, "dvar": 133.507324219}, "erbbands_skewness": {"dvar2": 0.712923049927, "var": 0.949632883072, "min": -6.25332164764, "dmean": 0.530228793621, "mean": 0.433132082224, "max": 11.2796144485, "dmean2": 0.787469983101, "median": 0.415353357792, "dvar": 0.339611440897}, "average_loudness": 0.926737368107, "spectral_centroid": {"dvar2": 407498.84375, "var": 705224.625, "min": 76.7400894165, "dmean": 396.881011963, "mean": 1556.35864258, "max": 11076.296875, "dmean2": 573.514343262, "median": 1463.62365723, "dvar": 216392.3125}, "dissonance": {"dvar2": 0.00199124240316, "var": 0.00164568913169, "min": 0.207778319716, "dmean": 0.026793288067, "mean": 0.4517557621, "max": 0.500000059605, "dmean2": 0.0435493588448, "median": 0.46307399869, "dvar": 0.000787499418948}, "erbbands_flatness_db": {"dvar2": 0.00119270686992, "var": 0.00263924640603, "min": 0.0359216108918, "dmean": 0.0258243009448, "mean": 0.154570817947, "max": 0.350815564394, "dmean2": 0.0370473004878, "median": 0.151351720095, "dvar": 0.000662605569232}, "spectral_strongpeak": {"dvar2": 1.16753327847, "var": 0.932333648205, "min": 0, "dmean": 0.527411699295, "mean": 0.97216552496, "max": 12.6101016998, "dmean2": 0.846009671688, "median": 0.679638266563, "dvar": 0.491630524397}, "spectral_rms": {"dvar2": 8.29629698273e-06, "var": 1.70655494003e-05, "min": 3.24032836153e-12, "dmean": 0.00152855354827, "mean": 0.00516953365877, "max": 0.0198775753379, "dmean2": 0.00215392257087, "median": 0.00397378858179, "dvar": 4.52289168607e-06}, "silence_rate_60dB": {"dvar2": 0.139734610915, "var": 0.139495357871, "min": 0, "dmean": 0.0704011470079, "mean": 0.167589783669, "max": 1, "dmean2": 0.140814870596, "median": 0, "dvar": 0.0654380992055}, "melbands": {"dvar2": [0.000373060349375, 0.00018197321333, 4.91008395329e-05, 7.98605469754e-06, 4.85480086354e-07, 6.58534361264e-07, 4.28006069342e-06, 2.33849414144e-06, 6.39376480649e-07, 5.38685412721e-07, 3.26036200704e-07, 9.87021238075e-08, 1.45978219734e-07, 1.06255527044e-07, 8.25849681974e-08, 6.19221935949e-08, 1.81673520672e-08, 2.16759818983e-08, 2.16333928549e-09, 3.21416004923e-09, 1.93211424637e-09, 1.29621013922e-09, 5.50850476344e-10, 2.24664453707e-10, 4.20442070048e-10, 2.29680705011e-10, 7.33017188614e-11, 6.71708175193e-11, 7.68928809514e-11, 1.27900662283e-10, 1.86274953795e-10, 2.26644564227e-10, 4.13486467288e-11, 2.66350726197e-11, 3.14538256552e-11, 2.78901554629e-11, 2.42776528048e-11, 3.74020849014e-11, 1.41857098984e-11, 1.8557594697e-11], "var": [0.000298906030366, 9.36896831263e-05, 1.11599511001e-05, 1.7534765675e-06, 1.52150732902e-07, 3.5274166521e-07, 1.61046773428e-06, 9.81858875093e-07, 3.25341034113e-07, 3.17741807976e-07, 2.49748524084e-07, 6.18347186787e-08, 5.79061953943e-08, 5.88582942385e-08, 4.93194072249e-08, 3.35480656588e-08, 1.35928059919e-08, 8.02420707657e-09, 1.67489588865e-09, 1.62173452445e-09, 1.21589527335e-09, 5.67024149856e-10, 2.6443244816e-10, 1.41519726493e-10, 2.59906984823e-10, 1.81587800352e-10, 6.96547819423e-11, 6.41355440978e-11, 6.78717776426e-11, 1.45293221898e-10, 1.57932542044e-10, 1.00586733387e-10, 3.56604711038e-11, 2.42224434954e-11, 2.52784997795e-11, 1.66726025347e-11, 1.7955607487e-11, 2.16123334507e-11, 1.00554070279e-11, 1.03984459932e-11], "min": [3.54496578094e-24, 1.2045433495e-23, 1.42469415443e-23, 2.11421285922e-23, 6.98063882777e-24, 1.05434241877e-23, 2.5692740566e-23, 9.68923928864e-24, 1.23866876229e-23, 1.22988337616e-23, 5.29921730703e-24, 2.17303143272e-23, 9.40168844463e-24, 1.10437734163e-23, 1.13320508012e-23, 6.97445494713e-24, 8.18292832278e-24, 4.58947915061e-24, 8.55215151403e-24, 7.78470266036e-24, 1.46568005385e-23, 9.49977225415e-24, 6.452523273e-24, 1.12894791336e-23, 8.44330843063e-24, 9.90597724463e-24, 1.21093028294e-23, 1.0969939191e-23, 9.56394608879e-24, 8.16175529609e-24, 9.60045378262e-24, 1.00483903038e-23, 1.24715390796e-23, 8.045010193e-24, 1.11238317542e-23, 9.22128936625e-24, 9.34281654414e-24, 1.01657743843e-23, 1.39872138244e-23, 1.38353502115e-23], "dmean": [0.00465206382796, 0.0028724046424, 0.0010986168636, 0.000474721862702, 0.000135211259476, 0.000147071958054, 0.000429814157542, 0.00040449530934, 0.000188616206287, 0.00019817626162, 0.000147707396536, 7.24418350728e-05, 7.78143948992e-05, 8.44794485602e-05, 7.41717012716e-05, 6.47657507216e-05, 3.9503138396e-05, 3.03146916849e-05, 1.25072892843e-05, 1.52244665514e-05, 1.40585061672e-05, 1.03969387055e-05, 4.35432502854e-06, 3.9563901737e-06, 6.69532801112e-06, 5.10890367877e-06, 2.74574153991e-06, 2.79224559563e-06, 3.08071184918e-06, 4.45185787612e-06, 4.32523347627e-06, 2.59084913523e-06, 1.75680168013e-06, 1.44624948462e-06, 1.44240391364e-06, 1.21110986129e-06, 1.64263065017e-06, 2.20274114326e-06, 1.28207261696e-06, 1.2049712268e-06], "mean": [0.00746122607961, 0.00397735415027, 0.000971398141701, 0.000365366402548, 0.000127369581605, 0.00015669275308, 0.000427572813351, 0.000414451787947, 0.000213098377571, 0.000235801766394, 0.000191737417481, 9.18792648008e-05, 8.83664615685e-05, 9.85665174085e-05, 8.83881439222e-05, 7.38584640203e-05, 5.1283994253e-05, 3.35272488883e-05, 1.8092985556e-05, 2.14749616134e-05, 1.98385259864e-05, 1.37712049764e-05, 5.03804221808e-06, 5.45275452168e-06, 9.88120063994e-06, 8.00845828053e-06, 4.2178289732e-06, 4.35849415226e-06, 4.96007533002e-06, 7.59781960369e-06, 6.50422589388e-06, 3.64850393453e-06, 2.42891314883e-06, 2.01866623684e-06, 1.80214351531e-06, 1.52623817939e-06, 1.95905136025e-06, 2.44438047048e-06, 1.64559571658e-06, 1.36501296311e-06], "max": [0.123731739819, 0.0818833261728, 0.0339595079422, 0.0165789872408, 0.00760398618877, 0.011690152809, 0.0245030745864, 0.0120146377012, 0.0117257880047, 0.00855686608702, 0.0103139961138, 0.00663729477674, 0.00720207719132, 0.00388583680615, 0.00515448767692, 0.00285150343552, 0.00179093668703, 0.00100051320624, 0.00100737856701, 0.000486791483127, 0.000429644976975, 0.000279894738924, 0.0002092688228, 0.000230452642427, 0.000189010330359, 0.000233677419601, 9.2569644039e-05, 0.000111069748527, 0.000120257835079, 0.000186899196706, 0.000279856583802, 0.000395099661546, 0.000218665794819, 0.000203799645533, 0.000222794158617, 0.000184676639037, 0.000111171750177, 8.65672700456e-05, 6.40547514195e-05, 0.000125236067106], "dmean2": [0.00763224670663, 0.00467961747199, 0.00196949089877, 0.000871585274581, 0.000229572789976, 0.000240882567596, 0.000684684317093, 0.000663330312818, 0.000293873250484, 0.000301793625113, 0.000210143101867, 0.000109036896902, 0.000123617675854, 0.0001292375091, 0.000115579532576, 9.92887580651e-05, 5.75387348363e-05, 4.84141455672e-05, 1.84499876923e-05, 2.36859341385e-05, 2.12259201362e-05, 1.62064698088e-05, 6.69195424052e-06, 6.40702273813e-06, 1.04198325062e-05, 7.6462592915e-06, 4.04952743338e-06, 4.19947673436e-06, 4.44793658971e-06, 6.42890063318e-06, 6.24480935585e-06, 4.07508468925e-06, 2.67520636044e-06, 2.13390990211e-06, 2.18332775148e-06, 1.82234725798e-06, 2.50539915214e-06, 3.41831923834e-06, 1.95732241082e-06, 1.91653430193e-06], "median": [1.27871871882e-05, 6.87091596774e-06, 3.84066843253e-05, 5.74372643314e-05, 2.31890971918e-05, 1.50079758896e-05, 4.69699225505e-05, 5.3559175285e-05, 3.28386086039e-05, 2.48770083999e-05, 2.06653567147e-05, 1.55809830176e-05, 1.75616441993e-05, 1.33355961225e-05, 1.15003895189e-05, 6.21950766799e-06, 5.89347610003e-06, 4.9382697398e-06, 3.43508691003e-06, 6.79383492752e-06, 6.53072765999e-06, 6.00881230639e-06, 1.08124572762e-06, 1.46377942656e-06, 4.2653446144e-06, 3.02803618979e-06, 1.6006711121e-06, 1.97333156393e-06, 1.89631782632e-06, 3.25870541928e-06, 2.58970771938e-06, 1.29548811856e-06, 7.59784825277e-07, 5.72490307604e-07, 4.63025514819e-07, 3.55321816414e-07, 4.45962541562e-07, 5.57193800432e-07, 3.8265608282e-07, 1.93373296042e-07], "dvar": [0.000165617544553, 7.61821356718e-05, 1.7542812202e-05, 2.75904130831e-06, 1.83165681733e-07, 3.19249807035e-07, 1.68885640051e-06, 9.34035824685e-07, 2.72698827075e-07, 2.32833826885e-07, 1.5882089599e-07, 4.42055956285e-08, 5.77997703033e-08, 4.60977425121e-08, 3