{"tonal": {"thpcp": [1, 0.533818304539, 0.201381519437, 0.239803940058, 0.17426662147, 0.360357373953, 0.588917076588, 0.359527379274, 0.125462114811, 0.105320893228, 0.104102939367, 0.430420398712, 0.966585993767, 0.766941130161, 0.589635789394, 0.801601350307, 0.445150613785, 0.227416306734, 0.294473141432, 0.207676008344, 0.467664778233, 0.898422837257, 0.575401067734, 0.143985807896, 0.131911978126, 0.0875772163272, 0.30797046423, 0.723677754402, 0.539672613144, 0.255894362926, 0.319345980883, 0.214739367366, 0.350067794323, 0.545642077923, 0.364183455706, 0.643368721008], "hpcp": {"dmean2": [0.0388755574822, 0.0504877828062, 0.0987841263413, 0.0969177782536, 0.144082397223, 0.129653126001, 0.0883584171534, 0.0981003195047, 0.0604749321938, 0.0555046983063, 0.0605663508177, 0.0954614058137, 0.102474831045, 0.0972555354238, 0.0473215281963, 0.0320235267282, 0.0317795015872, 0.0632876753807, 0.0838688462973, 0.0862698927522, 0.0616221763194, 0.0572104379535, 0.0544374883175, 0.0795306116343, 0.0837377011776, 0.0886773616076, 0.122148141265, 0.11296775192, 0.110019296408, 0.0717494785786, 0.057249147445, 0.0648006573319, 0.0963975936174, 0.0883516967297, 0.0820718705654, 0.0552645511925], "median": [0.000141315511428, 0.00037173324381, 0.00633802870288, 0.0120076835155, 0.0127512980253, 0.0238153692335, 0.0045879362151, 0.00516776088625, 0.000636373122688, 0.000302446453134, 0.000653247756418, 0.00835174508393, 0.0149447098374, 0.0110760461539, 0.000872360309586, 0.000131222011987, 0.000223901297431, 0.0033497386612, 0.00561623927206, 0.00591967906803, 0.00249036517926, 0.000437823240645, 0.000977844581939, 0.00395367061719, 0.00413227453828, 0.00776412989944, 0.0186818093061, 0.0190763920546, 0.011363026686, 0.00087783485651, 0.000234034436289, 0.000780988601036, 0.00337517657317, 0.00552236568183, 0.00481507088989, 0.000700842239894], "min": [0, 0, 0, 0, 0, 0, 0, 0, 0, 0, 0, 0, 0, 0, 0, 0, 0, 0, 0, 0, 0, 0, 0, 0, 0, 0, 0, 0, 0, 0, 0, 0, 0, 0, 0, 0], "dvar2": [0.0227822456509, 0.0298341214657, 0.0509051941335, 0.0485351830721, 0.0721727833152, 0.0545865371823, 0.0420339889824, 0.0429234616458, 0.0267042573541, 0.0314865037799, 0.0310276076198, 0.0425835996866, 0.0491892434657, 0.0345098674297, 0.0199925545603, 0.0189210250974, 0.0130476877093, 0.0254502836615, 0.0412061810493, 0.037636205554, 0.0263892989606, 0.030231365934, 0.0229605752975, 0.0393677577376, 0.0478745885193, 0.0332928784192, 0.0476619936526, 0.0530868433416, 0.0479365698993, 0.0340151935816, 0.0309786405414, 0.0344823412597, 0.0509648397565, 0.0367697440088, 0.0341147482395, 0.0280811395496], "dvar": [0.00946967862546, 0.0103313121945, 0.0177319571376, 0.0229906626046, 0.0260800961405, 0.0197148248553, 0.0207270123065, 0.0166663881391, 0.0109841683879, 0.0136225130409, 0.0117020048201, 0.0164256002754, 0.0247230995446, 0.0157426279038, 0.00753974169493, 0.00797149445862, 0.00519157899544, 0.0101016061381, 0.0199106633663, 0.015640059486, 0.0103564467281, 0.0129234306514, 0.00884883012623, 0.0145010324195, 0.0207979343832, 0.0133424717933, 0.0188358221203, 0.026305694133, 0.018373625353, 0.0126989288256, 0.0126681048423, 0.012481062673, 0.019124398008, 0.0184005443007, 0.0141728781164, 0.0108295092359], "dmean": [0.0216023959219, 0.0272879861295, 0.0562923066318, 0.0599610097706, 0.0835112035275, 0.0741339325905, 0.0545206665993, 0.0576718226075, 0.0350697524846, 0.031624160707, 0.03445340693, 0.0562021806836, 0.0657411366701, 0.0608845725656, 0.0272496566176, 0.0186507068574, 0.0183629896492, 0.0377522185445, 0.0525207482278, 0.0529809445143, 0.0362513363361, 0.0336083695292, 0.0320177078247, 0.0466950535774, 0.0498331747949, 0.0524014756083, 0.0732914283872, 0.0711793676019, 0.0661328285933, 0.0401165187359, 0.0328400991857, 0.0364684127271, 0.0557588078082, 0.0530656948686, 0.0493590384722, 0.0309635866433], "max": [1, 1, 1, 1, 1, 1, 1, 1, 1, 1, 1, 1, 1, 1, 1, 1, 1, 1, 1, 1, 1, 1, 1, 1, 1, 1, 1, 1, 1, 1, 1, 1, 1, 1, 1, 1], "var": [0.0150332935154, 0.00909237656742, 0.034316431731, 0.13495837152, 0.0838952437043, 0.0528346076608, 0.114998094738, 0.0395003072917, 0.0261547453701, 0.0478103756905, 0.0220206994563, 0.0397875010967, 0.11938483268, 0.056120660156, 0.0113669829443, 0.0183477438986, 0.00699393684044, 0.0221122968942, 0.102137222886, 0.058468516916, 0.0254463292658, 0.0467567779124, 0.0195516292006, 0.0312430951744, 0.0770914629102, 0.0315732844174, 0.0608358755708, 0.129968225956, 0.0451712682843, 0.0182324163616, 0.0322497412562, 0.0145692164078, 0.0351630412042, 0.0814027711749, 0.0350173488259, 0.0123628918082], "mean": [0.0246102456003, 0.0243256483227, 0.100575983524, 0.225861355662, 0.179210498929, 0.137779712677, 0.187309533358, 0.104017980397, 0.0531401820481, 0.0688092932105, 0.048527482897, 0.109278842807, 0.20993372798, 0.134453490376, 0.0336450450122, 0.0308237634599, 0.0204640962183, 0.0719632059336, 0.169101178646, 0.126104861498, 0.05979462713, 0.0746213123202, 0.0501779727638, 0.0818000510335, 0.127499729395, 0.0850984454155, 0.150335446, 0.233669176698, 0.124736882746, 0.0470566526055, 0.0560347884893, 0.0407207384706, 0.0842044129968, 0.137611761689, 0.0840104669333, 0.0293166283518]}, "tuning_equal_tempered_deviation": 0.0132375378162, "chords_changes_rate": 0.0486854910851, "key_key": "B", "tuning_diatonic_strength": 0.47697275877, "key_scale": "major", "chords_number_rate": 0.00340798450634, "tuning_frequency": 438.731048584, "tuning_nontempered_energy_ratio": 0.613704204559, "chords_histogram": [14.5082769394, 13.1937685013, 22.8334960938, 9.76144123077, 0.876338839531, 0.949367105961, 2.02044796944, 0, 1.87439143658, 1.38753652573, 3.38364171982, 0.365141183138, 0.973709821701, 0.29211294651, 2.19084715843, 0.998052597046, 0, 0.340798437595, 0, 3.45666980743, 2.77507305145, 4.43037986755, 2.67770195007, 10.7108078003], "key_strength": 0.791047394276, "chords_key": "F#", "chords_strength": {"dmean2": 0.00619395868853, "median": 0.470271229744, "min": -1, "dvar2": 0.00103558273986, "dvar": 0.00055303418776, "dmean": 0.00979183800519, "max": 0.770081818104, "var": 0.0327909998596, "mean": 0.455940365791}, "chords_scale": "major", "hpcp_entropy": {"dmean2": 0.677045404911, "median": 1.394785285, "min": 0, "dvar2": 0.443896204233, "dvar": 0.182957276702, "dmean": 0.402691096067, "max": 3.89319324493, "var": 0.496706873178, "mean": 1.34995210171}}, "metadata": {"audio_properties": {"equal_loudness": 0, "codec": "mp3", "downmix": "mix", "sample_rate": 44100, "analysis_sample_rate": 44100, "bit_rate": 256000, "md5_encoded": "4bdfad7652756d7ea89fb14d4012c720", "length": 190.720001221, "replay_gain": -6.91806983948, "lossless": false}, "version": {"essentia_build_sha": "70f2e5ece6736b2c40cc944ad0e695b16b925413", "essentia": "2.1-beta2", "extractor": "music 1.0", "essentia_git_sha": "v2.1_beta2"}, "tags": {"title": ["Skylark"], "artist": ["Amy Sky"], "albumartist": ["Amy Sky"], "date": ["2006"], "genre": ["Classical"], "album": ["Life LessonsThe Best of Amy Sky"], "tracknumber": ["16"], "musicbrainz_recordingid": ["0441d7cd-7e26-4ab1-8905-39eb21a18ef1"], "file_name": "131161.mp3"}}, "rhythm": {"bpm_histogram_first_peak_bpm": {"dmean2": 0, "median": 126, "min": 126, "dvar2": 0, "dvar": 0, "dmean": 0, "max": 126, "var": 0, "mean": 126}, "bpm": 126.134544373, "bpm_histogram_second_peak_spread": {"dmean2": 0, "median": 0.399999976158, "min": 0.399999976158, "dvar2": 0, "dvar": 0, "dmean": 0, "max": 0.399999976158, "var": 0, "mean": 0.399999976158}, "bpm_histogram_first_peak_weight": {"dmean2": 0, "median": 0.215000003576, "min": 0.215000003576, "dvar2": 0, "dvar": 0, "dmean": 0, "max": 0.215000003576, "var": 0, "mean": 0.215000003576}, "onset_rate": 2.55845236778, "beats_position": [0.487619042397, 0.986848056316, 1.48607707024, 1.97369611263, 2.46131515503, 2.94893407822, 3.43655323982, 3.90095233917, 4.37696123123, 4.85297060013, 5.34058952332, 5.80498838425, 6.25777769089, 6.73378658295, 7.20979595184, 7.67419481277, 8.13859367371, 8.60299301147, 9.06739234924, 9.52018165588, 9.98458003998, 10.4373693466, 10.8901586533, 11.354557991, 11.8189563751, 12.2717456818, 12.7477550507, 13.2237634659, 13.6997728348, 14.1757822037, 14.6517915726, 15.1277999878, 15.5921993256, 16.0449886322, 16.50938797, 16.9737873077, 17.4381847382, 17.9258041382, 18.4134235382, 18.877822876, 19.3422222137, 19.8066215515, 20.2826309204, 20.758638382, 21.246257782, 21.7106571198, 22.1518363953, 22.6046257019, 23.0574150085, 23.5334243774, 23.9978218079, 24.4622211456, 24.9150104523, 25.3561897278, 25.8321990967, 26.3082084656, 26.8190479279, 27.3414955139, 27.8523349762, 28.316734314, 28.7811336517, 29.2455329895, 29.7331504822, 30.2091598511, 30.6735591888, 31.1379585266, 31.6023578644, 32.0899772644, 32.5543746948, 33.0071640015, 33.4831733704, 33.9591827393, 34.4235839844, 34.8995895386, 35.3755989075, 35.8283882141, 36.2927894592, 36.7455787659, 37.2099761963, 37.6627655029, 38.1271629333, 38.5683441162, 38.9398651123, 39.3229942322, 39.7061233521, 40.1008605957, 40.4723815918, 40.8322906494, 41.2038078308, 41.5637168884, 41.9352378845, 42.3067550659, 42.678276062, 43.0497932434, 43.432926178, 43.8160552979, 44.1991844177, 44.6868019104, 45.1744194031, 45.6620407104, 46.1380500793, 46.625667572, 47.1132888794, 47.5776863098, 48.0420837402, 48.5064849854, 48.9708824158, 49.4352836609, 49.8996810913, 50.3524703979, 50.8052597046, 51.2580490112, 51.7108383179, 52.152015686, 52.6164169312, 53.0808143616, 53.5452156067, 54.0096130371, 54.4972343445, 54.9732398987, 55.4492492676, 55.9252586365, 56.4128799438, 56.8772773743, 57.3532867432, 57.8176841736, 58.2820854187, 58.7464828491, 59.2108840942, 59.6520614624, 60.1280708313, 60.6040802002, 61.0800895691, 61.5444869995, 62.0321083069, 62.4965057373, 62.9609069824, 63.4253044128, 63.8780937195, 64.3424911499, 64.806892395, 65.2828979492, 65.7705230713, 66.234916687, 66.7109298706, 67.1753311157, 67.6629486084, 68.1273422241, 68.5917434692, 69.0561447144, 69.5321502686, 70.0197753906, 70.5073928833, 71.0066223145, 71.4942398071, 71.9818572998, 72.4694747925, 72.9803161621, 73.4795455933, 74.001991272, 74.5360565186, 75.0701141357, 75.6041717529, 76.1382293701, 76.6374588013, 77.1366882324, 77.6243057251, 78.1119232178, 78.6111526489, 79.0871658325, 79.5863952637, 80.0856246948, 80.5732421875, 81.0724716187, 81.5600891113, 82.0360946655, 82.5121078491, 82.9881134033, 83.4525146484, 83.928527832, 84.4045333862, 84.8805389404, 85.3681640625, 85.8441696167, 86.3085708618, 86.7729721069, 87.2605895996, 87.7482070923, 88.2590484619, 88.7582778931, 89.2575073242, 89.7683410645, 90.3023986816, 90.7900238037, 91.2544174194, 91.730430603, 92.2064361572, 92.6708374023, 93.1352386475, 93.6112442017, 94.0756454468, 94.5400466919, 94.9928359985, 95.4456253052, 95.9216308594, 96.3860321045, 96.8620376587, 97.3380508423, 97.825668335, 98.3248977661, 98.8357315063, 99.3581848145, 99.8690261841, 100.379859924, 100.890701294, 101.401542664, 101.912376404, 102.411605835, 102.910835266, 103.398452759, 103.886077881, 104.373695374, 104.838096619, 105.314102173, 105.813331604, 106.300949097, 106.77696228, 107.252967834, 107.728981018, 108.204986572, 108.680992126, 109.15700531, 109.633010864, 110.085800171, 110.550201416, 111.0262146, 111.490608215, 111.966621399, 112.442626953, 112.918640137, 113.394645691, 113.870658875, 114.346664429, 114.822669983, 115.298683167, 115.763084412, 116.239089966, 116.726707458, 117.214332581, 117.701950073, 118.189567566, 118.677185059, 119.164802551, 119.652427673, 120.140045166, 120.627662659, 121.12689209, 121.602897644, 122.067298889, 122.543312073, 123.019317627, 123.483718872, 123.948112488, 124.412513733, 124.900131226, 125.387756348, 125.87537384, 126.351379395, 126.827392578, 127.315010071, 127.82585144, 128.325073242, 128.824310303, 129.311920166, 129.799545288, 130.28717041, 130.774780273, 131.250793457, 131.726806641, 132.214416504, 132.702041626, 133.189651489, 133.677276611, 134.153289795, 134.62928772, 135.105300903, 135.581314087, 136.057327271, 136.533325195, 136.99772644, 137.462127686, 137.938140869, 138.27482605, 138.623123169, 138.983032227, 139.331329346, 139.691238403, 140.039550781, 140.3878479, 140.73614502, 141.096054077, 141.455963135, 141.815872192, 142.17578125, 142.698226929, 143.220672607, 143.731521606, 144.265579224, 144.788024902, 145.310470581, 145.82131958, 146.343765259, 146.866210938, 147.260955811, 147.655685425, 148.050430298, 148.445159912, 148.781860352, 149.118545532, 149.466842651, 149.803527832, 150.140228271, 150.476913452, 150.825210571, 151.185119629, 151.51020813, 151.835281372, 152.160354614, 152.485443115, 152.810516357, 153.170425415, 153.530334473, 153.89024353, 154.250152588, 154.749389648, 155.236999512, 155.713012695, 156.200637817, 156.688247681, 157.152648926, 157.628662109, 158.104675293, 158.592285156, 159.079910278, 159.567520142, 160.055145264, 160.531158447, 161.007156372, 161.483169556, 161.959182739, 162.446792603, 162.957641602, 163.422042847, 163.898040771, 164.374053955, 164.861679077, 165.34928894, 165.836914062, 166.324539185, 166.823760986, 167.322982788, 167.81060791, 168.309844971, 168.809066772, 169.296691895, 169.784301758, 170.295150757, 170.794372559, 171.258773804, 171.746398926, 172.245620728, 172.756454468, 173.290512085, 173.824569702, 174.381851196, 174.93913269, 175.54284668, 176.146575928, 176.761901855, 177.354003906, 177.957733154, 178.596282959, 179.258041382, 179.94303894, 180.616409302, 181.289794922, 181.963165283, 182.624938965, 183.228652954, 183.832382202, 184.424484253, 185.028198242, 185.620315552, 186.200805664, 186.781311035, 187.292144775, 187.791381836, 188.337051392, 188.871109009, 189.416778564, 189.96244812], "beats_loudness": {"dmean2": 0.0539226345718, "median": 0.0176302194595, "min": 0, "dvar2": 0.00395283289254, "dvar": 0.00143651524559, "dmean": 0.0306956246495, "max": 0.248861759901, "var": 0.00156145484652, "mean": 0.0331305265427}, "danceability": 1.04359805584, "bpm_histogram_second_peak_weight": {"dmean2": 0, "median": 0.0675000026822, "min": 0.0675000026822, "dvar2": 0, "dvar": 0, "dmean": 0, "max": 0.0675000026822, "var": 0, "mean": 0.0675000026822}, "beats_count": 401, "bpm_histogram_second_peak_bpm": {"dmean2": 0, "median": 120, "min": 120, "dvar2": 0, "dvar": 0, "dmean": 0, "max": 120, "var": 0, "mean": 120}, "bpm_histogram_first_peak_spread": {"dmean2": 0, "median": 0.640167355537, "min": 0.640167355537, "dvar2": 0, "dvar": 0, "dmean": 0, "max": 0.640167355537, "var": 0, "mean": 0.640167355537}, "beats_loudness_band_ratio": {"dmean2": [0.362970709801, 0.369254022837, 0.236249610782, 0.034276150167, 0.0120765045285, 0.00463920226321], "median": [0.320930361748, 0.508429229259, 0.0441665127873, 0.00351875298657, 0.000887846807018, 0.000130640270072], "min": [0, 0, 0, 0, 0, 0], "dvar2": [0.0893096923828, 0.0814989060163, 0.0875244736671, 0.0120986383408, 0.000667650660034, 0.000420515745645], "dvar": [0.039083071053, 0.034921746701, 0.035021122545, 0.00447576958686, 0.000218733723159, 0.00015761461691], "dmean": [0.214838907123, 0.222563043237, 0.13458301127, 0.0195406991988, 0.00684762652963, 0.00268698693253], "max": [0.962878525257, 0.975146532059, 0.989813327789, 0.847742199898, 0.124766260386, 0.159169733524], "var": [0.0822696760297, 0.0789851546288, 0.0426207520068, 0.00313691049814, 0.00017290499818, 0.000121829791169], "mean": [0.378290772438, 0.510586500168, 0.13829678297, 0.0162224136293, 0.00528012914583, 0.00191327906214]}}, "lowlevel": {"barkbands_spread": {"dmean2": 1.17156052589, "median": 2.12638640404, "min": 0.123527660966, "dvar2": 14.7543106079, "dvar": 5.2538022995, "dmean": 0.739659190178, "max": 124.845451355, "var": 19.5722751617, "mean": 3.21952605247}, "melbands_spread": {"dmean2": 1.53414511681, "median": 2.79167771339, "min": 0.308371752501, "dvar2": 19.2713832855, "dvar": 8.41007328033, "dmean": 0.968849658966, "max": 166.27331543, "var": 282.8777771, "mean": 5.77601718903}, "hfc": {"dmean2": 2.1925303936, "median": 2.91954183578, "min": 1.08116986071e-16, "dvar2": 26.851650238, "dvar": 14.0487775803, "dmean": 1.57846295834, "max": 103.403839111, "var": 65.7388381958, "mean": 5.69159317017}, "barkbands_kurtosis": {"dmean2": 8.89927959442, "median": 6.71872615814, "min": -1.83305442333, "dvar2": 387.285980225, "dvar": 165.7474823, "dmean": 5.69234085083, "max": 495.91293335, "var": 551.501647949, "mean": 14.4836196899}, "gfcc": {"mean": [-232.249740601, 199.898590088, -63.8093948364, 5.56094789505, -46.3267593384, -21.1890697479, -37.6831588745, -13.9946537018, -14.3078746796, -14.2898550034, -8.66792297363, -10.1514616013, 0.121580563486], "icov": [[0.000249651056947, -0.000770116283093, 0.000514439248946, -0.000536919455044, 0.000348381814547, -5.80031564823e-06, 0.000107467523776, 9.76721203187e-05, 0.000289301940938, -0.000273089885013, 0.000836485822219, -0.000700697477441, 0.000487197743496], [-0.000770116283093, 0.00332977483049, -0.00170345336664, 0.00204508076422, -0.00105204095598, 0.000176262721652, -0.000345644948538, 0.00011514936341, -0.00165009999182, 0.00212720641866, -0.00373388710432, 0.00333894183859, -0.00213655177504], [0.000514439248946, -0.00170345336664, 0.00204393011518, -0.00147891044617, 0.00063933362253, -0.000898982514627, 0.000123436795548, 0.000639160338324, 0.00066339696059, -0.000515992054716, 0.0013453605352, -0.00157213164493, 0.000509834790137], [-0.000536919455044, 0.00204508076422, -0.00147891044617, 0.0031661761459, -0.00130355311558, 0.000473973224871, -0.000159702278324, -0.000483860669192, 0.000175256209332, -0.000255758524872, -0.00106365245301, 0.0017659701407, -0.00116698700003], [0.000348381814547, -0.00105204095598, 0.00063933362253, -0.00130355311558, 0.00433319946751, 3.26548870362e-05, -0.00087904377142, 0.000625096668955, -0.00162352272309, 0.00126690522302, -0.000556418322958, -0.000520190864336, 0.000753444153816], [-5.80031564823e-06, 0.000176262721652, -0.000898982514627, 0.000473973224871, 3.26548870362e-05, 0.00612029107288, -0.00267238705419, -0.000797745713498, 0.000768102880102, -0.00238220556639, 0.00240803067572, -0.0019840230234, 0.00104581308551], [0.000107467523776, -0.000345644948538, 0.000123436795548, -0.000159702278324, -0.00087904377142, -0.00267238705419, 0.00720776990056, -0.00279464852065, -0.000135384412715, 0.00190127326641, -0.00091702566715, 0.00149998650886, -0.00093191297492], [9.76721203187e-05, 0.00011514936341, 0.000639160338324, -0.000483860669192, 0.000625096668955, -0.000797745713498, -0.00279464852065, 0.0085959257558, -0.00381218502298, -0.000860997010022, 0.00142320129089, -0.000684924714733, 0.000948586442973], [0.000289301940938, -0.00165009999182, 0.00066339696059, 0.000175256209332, -0.00162352272309, 0.000768102880102, -0.000135384412715, -0.00381218502298, 0.0137600461021, -0.00747764250264, 0.00322411116213, -7.46725781937e-05, -0.00203270092607], [-0.000273089885013, 0.00212720641866, -0.000515992054716, -0.000255758524872, 0.00126690522302, -0.00238220556639, 0.00190127326641, -0.000860997010022, -0.00747764250264, 0.0162388794124, -0.00814690254629, 0.00254168384708, -9.22920953599e-05], [0.000836485822219, -0.00373388710432, 0.0013453605352, -0.00106365245301, -0.000556418322958, 0.00240803067572, -0.00091702566715, 0.00142320129089, 0.00322411116213, -0.00814690254629, 0.0177033338696, -0.0100144669414, 0.00446370057762], [-0.000700697477441, 0.00333894183859, -0.00157213164493, 0.0017659701407, -0.000520190864336, -0.0019840230234, 0.00149998650886, -0.000684924714733, -7.46725781937e-05, 0.00254168384708, -0.0100144669414, 0.0158901270479, -0.00640462851152], [0.000487197743496, -0.00213655177504, 0.000509834790137, -0.00116698700003, 0.000753444153816, 0.00104581308551, -0.00093191297492, 0.000948586442973, -0.00203270092607, -9.22920953599e-05, 0.00446370057762, -0.00640462851152, 0.0139551935717]], "cov": [[21449.4003906, 3683.58520508, -2492.60546875, -70.0095443726, -525.997497559, -849.797363281, -528.067138672, -436.706573486, -220.466934204, -421.006408691, -230.401855469, -279.596710205, -102.678535461], [3683.58520508, 1744.75280762, 33.2729949951, -372.86026001, 68.5720748901, -163.314743042, -11.2517547607, -140.070404053, 27.0111217499, -148.446182251, 61.4139900208, -94.4493103027, 63.3962516785], [-2492.60546875, 33.2729949951, 1387.65637207, 205.585128784, 79.6295928955, 224.906494141, 94.1277542114, -30.8725128174, -13.611415863, 22.1970767975, 47.1493988037, 68.4250564575, 60.3270263672], [-70.0095443726, -372.86026001, 205.585128784, 656.441101074, 57.1103172302, 28.3973827362, 7.5576505661, 29.5425071716, -19.9918231964, 39.4454154968, -32.7051200867, -1.07661688328, -6.65685749054], [-525.997497559, 68.5720748901, 79.6295928955, 57.1103172302, 328.854553223, 12.2682218552, 71.5396728516, 17.2557525635, 48.9001197815, -7.45333623886, 29.5910415649, -5.35627222061, 10.808804512], [-849.797363281, -163.314743042, 224.906494141, 28.3973827362, 12.2682218552, 294.466094971, 126.326347351, 85.5716629028, 26.3267688751, 45.0844573975, -19.2358360291, 26.0434875488, 0.949721932411], [-528.067138672, -11.2517547607, 94.1277542114, 7.5576505661, 71.5396728516, 126.326347351, 244.871154785, 105.009590149, 43.9288711548, 0.730289459229, -15.6276979446, -17.3493232727, 13.2308673859], [-436.706573486, -140.070404053, -30.8725128174, 29.5425071716, 17.2557525635, 85.5716629028, 105.009590149, 212.751022339, 82.1021881104, 46.9067344666, -26.1020698547, -9.72150421143, -1.23740661144], [-220.466934204, 27.0111217499, -13.611415863, -19.9918231964, 48.9001197815, 26.3267688751, 43.9288711548, 82.1021881104, 144.127975464, 59.0074920654, -1.15286231041, -11.770485878, 19.7479839325], [-421.006408691, -148.446182251, 22.1970767975, 39.4454154968, -7.45333623886, 45.0844573975, 0.730289459229, 46.9067344666, 59.0074920654, 129.472854614, 41.3989448547, 21.1162719727, -5.7569694519], [-230.401855469, 61.4139900208, 47.1493988037, -32.7051200867, 29.5910415649, -19.2358360291, -15.6276979446, -26.1020698547, -1.15286231041, 41.3989448547, 133.930923462, 61.5630531311, -0.915988147259], [-279.596710205, -94.4493103027, 68.4250564575, -1.07661688328, -5.35627222061, 26.0434875488, -17.3493232727, -9.72150421143, -11.770485878, 21.1162719727, 61.5630531311, 128.3646698, 28.1963710785], [-102.678535461, 63.3962516785, 60.3270263672, -6.65685749054, 10.808804512, 0.949721932411, 13.2308673859, -1.23740661144, 19.7479839325, -5.7569694519, -0.915988147259, 28.1963710785, 98.5727615356]]}, "spectral_energyband_middle_low": {"dmean2": 0.00706836860627, "median": 0.00796752143651, "min": 1.48213610254e-22, "dvar2": 0.000258777465206, "dvar": 0.000120933764265, "dmean": 0.00487053720281, "max": 0.276003241539, "var": 0.000495906278957, "mean": 0.016102919355}, "melbands_crest": {"dmean2": 3.61945390701, "median": 16.2130908966, "min": 1.57597541809, "dvar2": 14.4003887177, "dvar": 5.638422966, "dmean": 2.24289774895, "max": 34.7973403931, "var": 32.2640266418, "mean": 16.8662586212}, "spectral_kurtosis": {"dmean2": 37.7489585876, "median": 61.7489089966, "min": -1.26764428616, "dvar2": 1526.15393066, "dvar": 596.359863281, "dmean": 22.7655544281, "max": 422.293823242, "var": 3071.18652344, "mean": 73.5262756348}, "spectral_rms": {"dmean2": 0.000722310913261, "median": 0.0032587365713, "min": 3.14001255552e-12, "dvar2": 1.22732899399e-06, "dvar": 6.41063820694e-07, "dmean": 0.000511331891175, "max": 0.016750363633, "var": 5.6551139096e-06, "mean": 0.00375468540005}, "zerocrossingrate": {"dmean2": 0.00249663740396, "median": 0.013671875, "min": 0.00341796875, "dvar2": 5.05002499267e-05, "dvar": 3.38219979312e-05, "dmean": 0.00184862071183, "max": 0.5341796875, "var": 0.00388810387813, "mean": 0.0231284238398}, "silence_rate_60dB": {"dmean2": 0.0676975548267, "median": 0, "min": 0, "dvar2": 0.0728514716029, "dvar": 0.0326992198825, "dmean": 0.0338446572423, "max": 1, "var": 0.154580250382, "mean": 0.191113814712}, "erbbands_kurtosis": {"dmean2": 5.38654661179, "median": 6.16477298737, "min": -1.71854841709, "dvar2": 82.0431900024, "dvar": 38.0713386536, "dmean": 3.5543923378, "max": 162.672775269, "var": 183.322677612, "mean": 10.2785377502}, "erbbands": {"dmean2": [0.0107425469905, 0.167546033859, 1.0028295517, 3.1469810009, 9.99883747101, 18.8690280914, 14.5091352463, 17.7138957977, 7.15039777756, 7.8961520195, 9.5315618515, 5.16771888733, 3.84626340866, 1.69197916985, 0.803078591824, 1.00051605701, 0.682355642319, 0.259772062302, 0.456790357828, 0.810923457146, 0.894109010696, 0.459372311831, 0.673044085503, 0.529890060425, 0.273547977209, 0.100770436227, 0.075735501945, 0.0523939281702, 0.0317895263433, 0.0606499016285, 0.0122684733942, 0.00613302038983, 0.00511000771075, 0.00226654321887, 0.000919870217331, 0.000357180368155, 0.000111185778223, 1.99417409021e-05, 5.14479370395e-06, 8.56866790855e-06], "median": [0.00296103488654, 0.0778432115912, 0.611346781254, 1.58358192444, 3.73486661911, 7.46388673782, 7.310754776, 8.73080635071, 3.76690101624, 1.64456093311, 1.31540286541, 1.20548832417, 0.553801000118, 0.364798545837, 0.236658111215, 0.123512931168, 0.115162558854, 0.0758494585752, 0.0891723409295, 0.0956761315465, 0.0472904257476, 0.0314207784832, 0.0228554066271, 0.0176476463675, 0.00810342282057, 0.00574203487486, 0.0035558170639, 0.0023982017301, 0.00157967081759, 0.00113805860747, 0.000631770701148, 0.000451695610536, 0.000292274577077, 0.000157109374413, 8.82444146555e-05, 4.48658283858e-05, 1.47979008034e-05, 2.82205428448e-06, 5.32950889465e-06, 1.2057501408e-05], "min": [4.95937886896e-23, 4.00239725291e-22, 1.37495613356e-21, 4.44936816421e-21, 7.74709896736e-21, 1.99329767331e-20, 5.21655378699e-20, 5.2738450917e-20, 1.10823823163e-19, 1.24855507613e-19, 2.24237833167e-19, 4.03322358237e-19, 3.30711332543e-19, 7.04702150601e-19, 7.45820419972e-19, 1.24996875365e-18, 1.46554711733e-18, 2.20430067483e-18, 2.12098249404e-18, 2.94757891029e-18, 3.26050112922e-18, 4.05163362427e-18, 4.37367158035e-18, 6.54859865804e-18, 6.34880682956e-18, 8.38163999445e-18, 9.52014491978e-18, 9.9227469588e-18, 1.14774916499e-17, 1.05443169409e-17, 1.21628331213e-17, 9.80797647599e-18, 9.49997412055e-18, 8.08680139127e-18, 5.03232944594e-18, 4.03897486577e-18, 2.32203866809e-18, 9.0165344086e-19, 2.4179810209e-19, 2.69723402914e-20], "dvar2": [0.0011160770664, 0.191103756428, 6.57784557343, 65.9217681885, 1035.3404541, 3177.84326172, 1785.33740234, 2153.58129883, 436.783081055, 2075.00756836, 3422.96142578, 1156.22277832, 1626.29846191, 144.394073486, 19.4540557861, 35.7707061768, 17.1247215271, 1.45931088924, 4.95786523819, 21.0222835541, 68.4655151367, 7.13601589203, 22.0155754089, 30.8691539764, 6.21842718124, 0.437274813652, 0.412170767784, 0.122092269361, 0.06533498317, 5.03062868118, 0.05170558393, 0.00151160766836, 0.000974993163254, 0.000225436553592, 4.46269223175e-05, 4.57397845821e-06, 4.01568513553e-07, 1.14986367095e-08, 3.53347989757e-10, 3.49733270122e-10], "dvar": [0.000560361717362, 0.093671284616, 3.70281147957, 32.0951652527, 494.371063232, 1252.9107666, 820.567749023, 1059.66149902, 240.302078247, 858.514587402, 1974.67028809, 801.24420166, 872.334777832, 99.0939331055, 13.9358053207, 24.1639766693, 10.3257160187, 0.704032897949, 3.63141918182, 14.079744339, 53.5379867554, 3.56918287277, 10.2906303406, 20.0236549377, 3.9565050602, 0.216817036271, 0.225104033947, 0.056274920702, 0.0261809732765, 1.71275472641, 0.0180244110525, 0.000574498903006, 0.000356248696335, 8.07995747891e-05, 1.54152075993e-05, 1.64743903497e-06, 1.46113563915e-07, 4.12110656711e-09, 1.30480348748e-10, 1.72305392176e-10], "dmean": [0.0070770541206, 0.110761135817, 0.678518116474, 2.13087248802, 6.33935785294, 12.1836967468, 9.86897563934, 12.0235729218, 5.10140323639, 5.13697290421, 7.21583652496, 4.31554460526, 2.80041766167, 1.30198180676, 0.633840322495, 0.782200694084, 0.514402031898, 0.184058055282, 0.348183125257, 0.615755200386, 0.756547629833, 0.329521149397, 0.461339473724, 0.393538862467, 0.201845020056, 0.0727990865707, 0.0525525994599, 0.0360746718943, 0.0207332912832, 0.0342254266143, 0.00731152668595, 0.00370102375746, 0.00299747032113, 0.00130896572955, 0.000521484063938, 0.00020143915026, 6.24672902632e-05, 1.13148716991e-05, 3.32901663569e-06, 6.02615637035e-06], "max": [1.11040449142, 10.0351209641, 58.3219833374, 158.776245117, 792.39263916, 866.156921387, 1451.64282227, 1718.65844727, 595.842773438, 1088.46618652, 2023.47509766, 1339.10986328, 1603.90393066, 709.332397461, 206.569778442, 241.851165771, 151.23928833, 35.7777633667, 123.18094635, 196.530654907, 413.700500488, 52.6634216309, 97.2677078247, 283.802398682, 141.039306641, 14.7266206741, 25.7846679688, 9.05218696594, 5.74126291275, 86.2536849976, 8.33541202545, 1.12315630913, 0.544169068336, 0.287494689226, 0.144990041852, 0.0400488078594, 0.012976873666, 0.00249652354978, 0.000344950618455, 0.000318237900501], "var": [0.00677773915231, 0.649308741093, 21.2036514282, 134.608459473, 1136.87329102, 3701.2590332, 3739.01342773, 6966.92138672, 1685.04699707, 1810.60778809, 9930.125, 4177.77636719, 3086.33203125, 516.451965332, 61.972278595, 83.5380020142, 31.3560619354, 1.83417165279, 19.4246196747, 66.7308578491, 199.964614868, 7.59686279297, 18.576084137, 60.6721496582, 11.3132820129, 0.376857638359, 0.403851807117, 0.0767974480987, 0.029005214572, 0.920660197735, 0.0107628442347, 0.0004624092835, 0.000249836593866, 5.44868889847e-05, 9.42247424973e-06, 1.12202280889e-06, 1.01150298804e-07, 2.8172293387e-09, 2.08645795086e-10, 8.12845901699e-10], "mean": [0.0355994142592, 0.394600242376, 2.11794066429, 5.78445243835, 13.2277669907, 30.5828094482, 27.9116039276, 36.5196342468, 16.3337478638, 11.9816570282, 19.8059062958, 13.1173820496, 8.19640827179, 4.13515138626, 1.82399082184, 1.85907781124, 1.16868078709, 0.449891120195, 0.883823513985, 1.45677101612, 1.61946737766, 0.617339909077, 0.766766488552, 0.703542232513, 0.340304285288, 0.108800977468, 0.0700438246131, 0.0434412881732, 0.0237566865981, 0.0266961101443, 0.00682577304542, 0.00365730049089, 0.002610610798, 0.00115024880506, 0.000475331151392, 0.000187300844118, 5.9538284404e-05, 1.08893673314e-05, 1.01103132693e-05, 2.23764127441e-05]}, "spectral_strongpeak": {"dmean2": 0.379314899445, "median": 0.610320329666, "min": 0, "dvar2": 0.332136660814, "dvar": 0.159990668297, "dmean": 0.241400524974, "max": 9.04467391968, "var": 0.792692601681, "mean": 0.870706319809}, "spectral_energy": {"dmean2": 0.00772747164592, "median": 0.0108848484233, "min": 1.01061712223e-20, "dvar2": 0.000285526941298, "dvar": 0.000140871939948, "dmean": 0.00543922558427, "max": 0.287589073181, "var": 0.000666970387101, "mean": 0.0202465355396}, "average_loudness": 0.381202608347, "spectral_rolloff": {"dmean2": 84.8104019165, "median": 344.53125, "min": 21.533203125, "dvar2": 232698.34375, "dvar": 105226.25, "dmean": 46.7383537292, "max": 19487.5488281, "var": 5470944, "mean": 676.100524902}, "spectral_centroid": {"dmean2": 58.3631820679, "median": 305.854553223, "min": 146.204940796, "dvar2": 44201.90625, "dvar": 20874.3515625, "dmean": 36.9982185364, "max": 11608.7705078, "var": 1828952.375, "mean": 516.247192383}, "pitch_salience": {"dmean2": 0.0942582190037, "median": 0.516784310341, "min": 0.070973098278, "dvar2": 0.00903893541545, "dvar": 0.00363388704136, "dmean": 0.0580448433757, "max": 0.907458603382, "var": 0.0208097063005, "mean": 0.514286756516}, "spectral_energyband_middle_high": {"dmean2": 0.000144565216033, "median": 5.2368544857e-05, "min": 1.25406508048e-21, "dvar2": 4.28373226669e-07, "dvar": 2.85557291591e-07, "dmean": 0.000116687289847, "max": 0.0204417724162, "var": 1.3229846445e-06, "mean": 0.000345386331901}, "spectral_contrast_coeffs": {"dmean2": [0.067468687892, 0.0605346746743, 0.0440438911319, 0.0367235504091, 0.0292330272496, 0.0261030662805], "median": [-0.573588848114, -0.629278302193, -0.736843943596, -0.764496743679, -0.802191972733, -0.835899531841], "min": [-0.978293776512, -0.977687656879, -0.977796196938, -0.973139107227, -0.967977106571, -0.964721441269], "dvar2": [0.00334741198458, 0.00307468697429, 0.00155872188043, 0.00109190715011, 0.000753861968406, 0.000592616910581], "dvar": [0.00129740370903, 0.00126660591923, 0.000689670385327, 0.000553817895707, 0.000461780233309, 0.000295809732052], "dmean": [0.0410864949226, 0.0371837131679, 0.0281257051975, 0.0239901859313, 0.0196871347725, 0.0172016248107], "max": [-0.232323467731, -0.298543572426, -0.387061327696, -0.449184894562, -0.498264700174, -0.619160175323], "var": [0.0154125988483, 0.0114952707663, 0.00646866066381, 0.00518890982494, 0.00469289394096, 0.0020984148141], "mean": [-0.575004220009, -0.628134071827, -0.73444378376, -0.762362718582, -0.795608103275, -0.828847646713]}, "melbands_skewness": {"dmean2": 0.77599811554, "median": 1.33348011971, "min": -7.32661771774, "dvar2": 1.01852190495, "dvar": 0.407724678516, "dmean": 0.489790707827, "max": 21.3374214172, "var": 2.82433795929, "mean": 1.61798334122}, "spectral_spread": {"dmean2": 702170.25, "median": 1349559.25, "min": 234143.609375, "dvar2": 892966338560, "dvar": 395507630080, "dmean": 416295.625, "max": 42350792, "var": 25188156571600.0, "mean": 2173495.25}, "dissonance": {"dmean2": 0.0732663199306, "median": 0.335845589638, "min": 0.07626195997, "dvar2": 0.00453290576115, "dvar": 0.00162133236881, "dmean": 0.0435145199299, "max": 0.499999940395, "var": 0.00571837509051, "mean": 0.336122453213}, "spectral_skewness": {"dmean2": 1.92291390896, "median": 6.18405866623, "min": -0.0813582316041, "dvar2": 2.71214079857, "dvar": 1.09853243828, "dmean": 1.15517139435, "max": 17.6024551392, "var": 7.63430833817, "mean": 6.34851169586}, "spectral_flux": {"dmean2": 0.024654308334, "median": 0.0260671004653, "min": 6.35329983067e-11, "dvar2": 0.0016681245761, "dvar": 0.000681235804223, "dmean": 0.0152586242184, "max": 0.426722109318, "var": 0.00131145119667, "mean": 0.0364444665611}, "spectral_contrast_valleys": {"dmean2": [0.597732663155, 0.514152824879, 0.497065424919, 0.456665337086, 0.419796079397, 0.459778368473], "median": [-7.93695926666, -7.8833990097, -9.60419178009, -10.734416008, -11.2069568634, -13.6119909286], "min": [-28.2268047333, -28.216676712, -27.7011032104, -27.6818828583, -27.5236110687, -27.4389781952], "dvar2": [0.300534874201, 0.245746195316, 0.242974877357, 0.232044830918, 0.250184446573, 0.250462919474], "dvar": [0.129747316241, 0.116002969444, 0.11425216496, 0.109453238547, 0.114410027862, 0.104130461812], "dmean": [0.363281905651, 0.318651348352, 0.310453265905, 0.285621494055, 0.269338935614, 0.28082922101], "max": [-5.30402803421, -4.85388422012, -6.05059528351, -7.31777572632, -7.10405445099, -10.3286399841], "var": [7.31270456314, 7.06937360764, 5.84734773636, 5.09222745895, 4.74018716812, 3.33427286148], "mean": [-8.22169589996, -8.21689796448, -9.90442371368, -10.9845533371, -11.4038925171, -13.7386255264]}, "erbbands_flatness_db": {"dmean2": 0.0309841446579, "median": 0.341697067022, "min": 0.0238699689507, "dvar2": 0.00115925248247, "dvar": 0.000524648465216, "dmean": 0.0207035392523, "max": 0.608012080193, "var": 0.00508433906361, "mean": 0.333030939102}, "spectral_energyband_high": {"dmean2": 4.37808012066e-06, "median": 2.8465879609e-07, "min": 6.72815745164e-21, "dvar2": 2.59773891287e-09, "dvar": 9.56303369826e-10, "dmean": 2.89047920887e-06, "max": 0.00179934268817, "var": 7.50519202342e-10, "mean": 3.45289504367e-06}, "spectral_entropy": {"dmean2": 0.292610436678, "median": 5.18436813354, "min": 3.57830905914, "dvar2": 0.1277846843, "dvar": 0.0557661354542, "dmean": 0.19007140398, "max": 9.82083511353, "var": 0.662014245987, "mean": 5.29807901382}, "silence_rate_20dB": {"dmean2": 0, "median": 1, "min": 1, "dvar2": 0, "dvar": 0, "dmean": 0, "max": 1, "var": 0, "mean": 1}, "melbands_flatness_db": {"dmean2": 0.0358789339662, "median": 0.484900444746, "min": 0.00322804437019, "dvar2": 0.00167506770231, "dvar": 0.00079299119534, "dmean": 0.024168882519, "max": 0.743220031261, "var": 0.0101058417931, "mean": 0.475779801607}, "barkbands": {"dmean2": [2.305619455e-05, 0.000600100611337, 0.00108070659917, 0.0014794486342, 0.00459807924926, 0.00199315720238, 0.000374126015231, 0.000459864299046, 0.000315894198138, 5.70007578062e-05, 3.6684126826e-05, 2.9522807381e-05, 1.1598738638e-05, 5.49801598027e-06, 1.75001368916e-05, 1.40903393913e-05, 6.42908025839e-06, 1.11467170427e-05, 9.55223003984e-06, 2.73851583188e-06, 1.66804045421e-06, 8.92112211659e-07, 1.03089780623e-06, 2.99852587204e-07, 1.61444944524e-07, 6.7449498431e-08, 1.48894194751e-08], "median": [1.19602191262e-05, 0.000244696304435, 0.000626589520834, 0.000459930946818, 0.00217112409882, 0.000976975308731, 9.40069730859e-05, 3.60344820365e-05, 5.32314115844e-05, 5.02012380821e-06, 6.05564764555e-06, 2.3978743684e-06, 2.01664556698e-06, 8.64966125391e-07, 1.95762845578e-06, 5.21248239238e-07, 4.16851719365e-07, 3.78788030275e-07, 1.98037312771e-07, 1.28042699998e-07, 6.77930103166e-08, 4.33172573366e-08, 2.39851463135e-08, 1.89451387911e-08, 1.15572618142e-08, 6.19113826872e-09, 8.6422274892e-10], "min": [5.36188264241e-25, 8.94721699967e-25, 7.1693848434e-25, 1.1753356956e-24, 5.10025712041e-24, 7.66595700602e-24, 9.91146456108e-24, 6.77006187545e-24, 1.95290863236e-23, 1.11115728557e-23, 1.75127499612e-23, 3.22015608975e-23, 1.83255717276e-23, 3.25311974708e-23, 3.73656747305e-23, 4.76867458502e-23, 5.95247112938e-23, 7.75519942027e-23, 1.28134146721e-22, 1.81020719715e-22, 2.31318377436e-22, 3.06973016011e-22, 4.37520685826e-22, 5.61819618018e-22, 8.08198725907e-22, 1.26236828958e-21, 1.95585240251e-21], "dvar2": [2.2884476536e-09, 2.64687560048e-06, 8.23759910418e-06, 1.50986143126e-05, 0.000167899721419, 2.64092232101e-05, 1.65564085819e-06, 1.32106815727e-05, 5.7375959841e-06, 3.03673232338e-07, 8.7111139635e-08, 3.19664934523e-08, 4.50045156697e-09, 7.75844222201e-10, 1.17006635492e-08, 1.51791716974e-08, 1.46993384131e-09, 6.14281203681e-09, 1.35039215365e-08, 4.62707122617e-10, 1.62357474687e-10, 7.77616304681e-11, 1.42150058391e-09, 3.10662194754e-12, 1.32484453096e-12, 1.49332017021e-13, 1.12669459672e-14], "dvar": [1.065054267e-09, 1.28242288611e-06, 4.82087671116e-06, 6.37750599708e-06, 7.28555460228e-05, 1.33236044348e-05, 9.70420501289e-07, 5.26280246049e-06, 3.96680798076e-06, 1.76012108e-07, 6.05529493214e-08, 2.20548148633e-08, 2.38393282892e-09, 3.84491771754e-10, 8.60775006828e-09, 1.16404823558e-08, 7.1801375956e-10, 2.83662027201e-09, 9.11824038496e-09, 2.09808018181e-10, 8.77691669343e-11, 2.97117747072e-11, 4.85259388228e-10, 1.15501304267e-12, 4.69093351402e-13, 5.45606786205e-14, 3.93706631356e-15], "dmean": [1.52486445586e-05, 0.000396966846893, 0.00074766704347, 0.000965698563959, 0.0029879254289, 0.00135162111837, 0.000266369053861, 0.000301410997054, 0.000271647004411, 4.01672332373e-05, 2.8262827982e-05, 2.33707542066e-05, 8.38380401547e-06, 3.85354087484e-06, 1.34017282107e-05, 1.16862429422e-05, 4.50708103017e-06, 7.60729153626e-06, 7.24485835235e-06, 1.89680110907e-06, 1.16197043099e-06, 5.76735203595e-07, 5.70818144752e-07, 1.7952461917e-07, 9.23994534219e-08, 3.80409872491e-08, 8.07716116213e-09], "max": [0.00127382902429, 0.040065150708, 0.07614492625, 0.0642302930355, 0.239132329822, 0.176335588098, 0.0430232435465, 0.0849916487932, 0.0913957953453, 0.0290646031499, 0.0177691634744, 0.00678814854473, 0.00222531706095, 0.000835284823552, 0.00580124882981, 0.0059933164157, 0.00069046014687, 0.00144110422116, 0.00676085148007, 0.000618592195679, 0.000440443138359, 0.000263777677901, 0.00145753624383, 3.85862767871e-05, 1.9785042241e-05, 8.42155350256e-06, 2.09348604585e-06], "var": [7.12274372816e-09, 1.00808083516e-05, 2.685985055e-05, 2.17703200178e-05, 0.000196614229935, 8.31373254186e-05, 5.92554351897e-06, 1.10259425128e-05, 2.04110583581e-05, 8.69834366313e-07, 3.16985563131e-07, 7.75270621034e-08, 6.08635630783e-09, 1.03643249538e-09, 4.57391138298e-08, 4.32307984966e-08, 1.45106116012e-09, 4.7818