{"metadata": {"tags": {"album": ["Dusty Fingers Volume 16"], "musicbrainz_recordingid": ["04494840-f73b-4c63-9720-abf18fe67005"], "artist": ["Cleveland Wrecking Co."], "file_name": "2087521.mp3", "title": ["Superfine From Behind Lady"], "tracknumber": ["4/22"]}, "audio_properties": {"sample_rate": 44100, "downmix": "mix", "lossless": false, "analysis_sample_rate": 44100, "md5_encoded": "d18577af76e8dd0ad57413132bfbb2bc", "equal_loudness": 0, "replay_gain": -16.0117492676, "codec": "mp3", "bit_rate": 320042, "length": 201.142852783}, "version": {"extractor": "music 1.0", "essentia_build_sha": "70f2e5ece6736b2c40cc944ad0e695b16b925413", "essentia_git_sha": "v2.1_beta2", "essentia": "2.1-beta2"}}, "rhythm": {"beats_loudness_band_ratio": {"dvar2": [0.165552124381, 0.0379806421697, 0.021332854405, 0.0482746623456, 0.0341960340738, 0.0451018922031], "var": [0.0830225050449, 0.0134323239326, 0.00968992523849, 0.0256570149213, 0.0173837654293, 0.0128283770755], "min": [0, 0, 0, 0, 0, 0], "dmean": [0.300215989351, 0.0963226482272, 0.0871916860342, 0.144857749343, 0.103788517416, 0.0647279694676], "mean": [0.398261368275, 0.114495538175, 0.10766902566, 0.203117877245, 0.135458812118, 0.0620626881719], "max": [0.988879799843, 0.661067426205, 0.572554290295, 0.857433140278, 0.738263189793, 0.888892114162], "dmean2": [0.539179384708, 0.167783513665, 0.153572708368, 0.256011515856, 0.182678237557, 0.115388818085], "median": [0.367065787315, 0.0776994973421, 0.0799366533756, 0.163954138756, 0.0914872139692, 0.0277929455042], "dvar": [0.0589971728623, 0.0130087155849, 0.00788738951087, 0.0165860261768, 0.0116181373596, 0.0147780049592]}, "bpm_histogram_first_peak_weight": {"dvar2": 0, "var": 0, "min": 0.55855858326, "dmean": 0, "mean": 0.55855858326, "max": 0.55855858326, "dmean2": 0, "median": 0.55855858326, "dvar": 0}, "bpm": 165.280975342, "beats_count": 556, "bpm_histogram_first_peak_spread": {"dvar2": 0, "var": 0, "min": 0, "dmean": 0, "mean": 0, "max": 0, "dmean2": 0, "median": 0, "dvar": 0}, "danceability": 1.10069823265, "bpm_histogram_first_peak_bpm": {"dvar2": 0, "var": 0, "min": 167, "dmean": 0, "mean": 167, "max": 167, "dmean2": 0, "median": 167, "dvar": 0}, "beats_position": [0.290249437094, 0.603718817234, 0.9287981987, 1.27709746361, 1.62539684772, 1.97369611263, 2.32199549675, 2.67029476166, 3.01859402657, 3.36689329147, 3.72680258751, 4.07510185242, 4.43501138687, 4.78331041336, 5.13160991669, 5.4915189743, 5.85142850876, 6.19972801208, 6.54802703857, 6.8963265419, 7.25623559952, 7.60453510284, 7.96444416046, 8.31274318695, 8.66104316711, 9.0093421936, 9.35764122009, 9.71755123138, 10.077460289, 10.4257593155, 10.7856683731, 11.1455783844, 11.4938774109, 11.8421764374, 12.1904764175, 12.538775444, 12.8986845016, 13.2469835281, 13.6068935394, 13.9551925659, 14.3151016235, 14.6750106812, 15.0233106613, 15.3599996567, 15.7082986832, 16.0449886322, 16.3932876587, 16.7415866852, 17.0898857117, 17.4381847382, 17.7748756409, 18.1231746674, 18.4714736938, 18.8081626892, 19.1564617157, 19.5047607422, 19.853061676, 20.2013607025, 20.549659729, 20.8979587555, 21.246257782, 21.6061668396, 21.9544658661, 22.3027667999, 22.6626758575, 23.010974884, 23.3592739105, 23.7191829681, 24.0790920258, 24.4390010834, 24.7989120483, 25.1472110748, 25.4955101013, 25.8438091278, 26.2153282166, 26.563627243, 26.9003162384, 27.2370071411, 27.5853061676, 27.9336051941, 28.2935142517, 28.6534233093, 29.0017223358, 29.3500213623, 29.7099323273, 30.0698413849, 30.4297504425, 30.7896595001, 31.1379585266, 31.4978675842, 31.8577766418, 32.2176856995, 32.5659866333, 32.9258956909, 33.2858047485, 33.6341018677, 33.99401474, 34.3655319214, 34.7138328552, 35.0737419128, 35.4336509705, 35.8051681519, 36.1650772095, 36.5249862671, 36.8965072632, 37.2564163208, 37.6163253784, 37.9646263123, 38.3245353699, 38.6844444275, 39.0443534851, 39.4042625427, 39.7641716003, 40.124080658, 40.4839897156, 40.8438987732, 41.2038078308, 41.5637168884, 41.923625946, 42.2835350037, 42.6550559998, 43.0149650574, 43.374874115, 43.7231750488, 44.0830841064, 44.4429931641, 44.8029022217, 45.1628112793, 45.5111083984, 45.8826293945, 46.2425384521, 46.6140594482, 46.9855766296, 47.3454856873, 47.7170066833, 48.076915741, 48.4368247986, 48.7967338562, 49.1566429138, 49.5049438477, 49.8648529053, 50.2247619629, 50.573059082, 50.9213600159, 51.2812690735, 51.6411781311, 52.0010871887, 52.3609962463, 52.7092971802, 53.0808143616, 53.4407234192, 53.8006324768, 54.1489334106, 54.5088424683, 54.8687515259, 55.240272522, 55.5885696411, 55.936870575, 56.3083877563, 56.668296814, 57.0282058716, 57.3997268677, 57.7712478638, 58.1427650452, 58.5026741028, 58.8625831604, 59.222492218, 59.5940132141, 59.9539222717, 60.3138313293, 60.6853485107, 61.0452613831, 61.4051704407, 61.7650794983, 62.1133766174, 62.4616775513, 62.8215866089, 63.1814956665, 63.5530128479, 63.9013137817, 64.2496109009, 64.6095199585, 64.957824707, 65.3177337646, 65.6892471313, 66.0375518799, 66.409072876, 66.7689819336, 67.1288909912, 67.4771881104, 67.8487091064, 68.2086181641, 68.5685272217, 68.9284362793, 69.2883453369, 69.659866333, 70.0197753906, 70.3796844482, 70.7511978149, 71.122718811, 71.4826278687, 71.8541488647, 72.2256698608, 72.5971832275, 72.9570999146, 73.3286132812, 73.6885223389, 74.0484313965, 74.4083404541, 74.7682495117, 75.1397705078, 75.5112915039, 75.8712005615, 76.2311096191, 76.6026306152, 76.9625396729, 77.3224487305, 77.6939697266, 78.0654830933, 78.4370040894, 78.796913147, 79.1568222046, 79.5167312622, 79.8766403198, 80.2249450684, 80.5964584351, 80.9563674927, 81.3162765503, 81.6877975464, 82.0593185425, 82.4192276001, 82.7791366577, 83.1506576538, 83.5221786499, 83.8820877075, 84.2419967651, 84.6019058228, 84.9734191895, 85.3333282471, 85.6932373047, 86.0531539917, 86.4014511108, 86.7729721069, 87.1328811646, 87.4927902222, 87.8643035889, 88.235824585, 88.5957336426, 88.9556427002, 89.3271636963, 89.6870727539, 90.0469818115, 90.4068908691, 90.7667999268, 91.1383209229, 91.4982299805, 91.8581390381, 92.2296600342, 92.5895690918, 92.9494781494, 93.3209991455, 93.6925125122, 94.0408172607, 94.4123306274, 94.7838516235, 95.1553726196, 95.5152816772, 95.8751907349, 96.2350997925, 96.5950088501, 96.9433059692, 97.3032150269, 97.6631240845, 98.0346450806, 98.4061660767, 98.7776870728, 99.1492080688, 99.497505188, 99.8690261841, 100.228935242, 100.588844299, 100.960357666, 101.320266724, 101.680175781, 102.040092468, 102.400001526, 102.759910583, 103.119819641, 103.479728699, 103.839637756, 104.199546814, 104.559455872, 104.930976868, 105.290885925, 105.650794983, 106.010704041, 106.370613098, 106.742126465, 107.102035522, 107.46194458, 107.821853638, 108.181770325, 108.553283691, 108.913192749, 109.273101807, 109.633010864, 109.992919922, 110.364440918, 110.724349976, 111.084259033, 111.444168091, 111.804077148, 112.163986206, 112.523895264, 112.883804321, 113.243713379, 113.592018127, 113.940315247, 114.288612366, 114.660133362, 115.020042419, 115.379951477, 115.739860535, 116.099769592, 116.471290588, 116.819587708, 117.179496765, 117.539405823, 117.910926819, 118.282447815, 118.642356873, 119.00226593, 119.362174988, 119.722084045, 120.081993103, 120.441902161, 120.801811218, 121.184944153, 121.533241272, 121.904762268, 122.276275635, 122.636184692, 122.99609375, 123.356010437, 123.715919495, 124.087432861, 124.447341919, 124.807250977, 125.167160034, 125.527069092, 125.886978149, 126.246894836, 126.595191956, 126.943489075, 127.315010071, 127.686531067, 128.058044434, 128.42956543, 128.801086426, 129.160995483, 129.520904541, 129.892425537, 130.263946533, 130.623855591, 130.983764648, 131.343673706, 131.703582764, 132.051879883, 132.41178894, 132.771697998, 133.143218994, 133.51473999, 133.863037109, 134.234558105, 134.606079102, 134.965988159, 135.325897217, 135.685806274, 136.045715332, 136.40562439, 136.765533447, 137.113830566, 137.485351562, 137.84526062, 138.205169678, 138.553466797, 138.924987793, 139.284896851, 139.644805908, 140.016326904, 140.3878479, 140.759368896, 141.119277954, 141.479187012, 141.850692749, 142.210617065, 142.570526123, 142.918823242, 143.2787323, 143.638641357, 143.986938477, 144.346847534, 144.706756592, 145.066665649, 145.426574707, 145.774871826, 146.134780884, 146.494689941, 146.842987061, 147.214508057, 147.574417114, 147.934326172, 148.294235229, 148.654144287, 149.014053345, 149.373962402, 149.722259521, 150.093780518, 150.465301514, 150.83682251, 151.196731567, 151.556640625, 151.916549683, 152.27645874, 152.647979736, 153.019500732, 153.391021729, 153.750930786, 154.110839844, 154.470748901, 154.830657959, 155.190567017, 155.562088013, 155.92199707, 156.281906128, 156.641815186, 157.001724243, 157.361633301, 157.721542358, 158.081451416, 158.441360474, 158.801269531, 159.172790527, 159.521087646, 159.880996704, 160.240905762, 160.600814819, 160.960723877, 161.332244873, 161.692153931, 162.063674927, 162.446792603, 162.818313599, 163.189834595, 163.549743652, 163.90965271, 164.269561768, 164.629470825, 164.989379883, 165.34928894, 165.709197998, 166.069107056, 166.440628052, 166.812149048, 167.172058105, 167.531967163, 167.880264282, 168.228561401, 168.600082397, 168.959991455, 169.319900513, 169.691421509, 170.051330566, 170.411239624, 170.771148682, 171.131057739, 171.490966797, 171.850875854, 172.222396851, 172.582305908, 172.953826904, 173.3253479, 173.685256958, 174.056777954, 174.42829895, 174.788208008, 175.148117065, 175.508026123, 175.867935181, 176.239456177, 176.599365234, 176.959274292, 177.31918335, 177.679092407, 178.039001465, 178.387298584, 178.747207642, 179.095504761, 179.455413818, 179.815322876, 180.175231934, 180.535140991, 180.895050049, 181.254959106, 181.626480103, 181.998001099, 182.357910156, 182.717819214, 183.077728271, 183.437637329, 183.797546387, 184.169067383, 184.52897644, 184.888885498, 185.260406494, 185.620315552, 185.980224609, 186.340133667, 186.711654663, 187.071563721, 187.431472778, 187.779769897, 188.139678955, 188.499588013, 188.847885132, 189.196182251, 189.556091309, 189.916000366, 190.275909424, 190.635818481, 190.995727539, 191.355636597, 191.715545654, 192.075454712, 192.43536377, 192.795272827, 193.143585205, 193.515090942, 193.886611938, 194.269744873, 194.664489746, 195.047622681, 195.442352295, 195.825485229, 196.197006226, 196.568527222, 196.951644897, 197.346389771, 197.741134644, 198.135864258, 198.565444946, 198.995010376, 199.424575806, 199.842529297, 200.260498047, 200.678451538], "beats_loudness": {"dvar2": 0.00101975840516, "var": 0.000514783430845, "min": 0, "dmean": 0.0229362118989, "mean": 0.0366430915892, "max": 0.103947706521, "dmean2": 0.0408980697393, "median": 0.0353037826717, "dvar": 0.00035911242594}, "bpm_histogram_second_peak_weight": {"dvar2": 0, "var": 0, "min": 0.185585588217, "dmean": 0, "mean": 0.185585588217, "max": 0.185585588217, "dmean2": 0, "median": 0.185585588217, "dvar": 0}, "bpm_histogram_second_peak_spread": {"dvar2": 0, "var": 0, "min": 0, "dmean": 0, "mean": 0, "max": 0, "dmean2": 0, "median": 0, "dvar": 0}, "bpm_histogram_second_peak_bpm": {"dvar2": 0, "var": 0, "min": 172, "dmean": 0, "mean": 172, "max": 172, "dmean2": 0, "median": 172, "dvar": 0}, "onset_rate": 4.19578075409}, "lowlevel": {"spectral_energyband_high": {"dvar2": 9.11221320621e-07, "var": 4.30629484072e-07, "min": 6.88382048368e-21, "dmean": 0.000245515606366, "mean": 0.000394932401832, "max": 0.0086694220081, "dmean2": 0.000376561656594, "median": 0.000179309456144, "dvar": 3.59381459702e-07}, "spectral_energyband_middle_low": {"dvar2": 0.000130551183247, "var": 6.55354160699e-05, "min": 1.58161057916e-22, "dmean": 0.0038436180912, "mean": 0.00766434753314, "max": 0.0599312968552, "dmean2": 0.00638128397986, "median": 0.00538088707253, "dvar": 4.83605290356e-05}, "spectral_energy": {"dvar2": 0.000566062692087, "var": 0.000526641088072, "min": 9.84898832987e-21, "dmean": 0.0104599529877, "mean": 0.0260400809348, "max": 0.141778543591, "dmean2": 0.0154069550335, "median": 0.0214486271143, "dvar": 0.000261096429313}, "spectral_spread": {"dvar2": 849866850304, "var": 23037051142100.0, "min": 1026543.5625, "dmean": 441455.3125, "mean": 3931130.5, "max": 42574668, "dmean2": 628175.125, "median": 3109717, "dvar": 448005242880}, "spectral_energyband_low": {"dvar2": 0.000418352283305, "var": 0.000257665524259, "min": 1.23268698782e-23, "dmean": 0.00640393374488, "mean": 0.00916837248951, "max": 0.112263433635, "dmean2": 0.00958946812898, "median": 0.00317860534415, "dvar": 0.00019005186914}, "spectral_rolloff": {"dvar2": 888852.8125, "var": 5994500, "min": 21.533203125, "dmean": 390.608276367, "mean": 1920.32910156, "max": 19853.6132812, "dmean2": 650.17578125, "median": 1571.92382812, "dvar": 427952.90625}, "barkbands": {"dvar2": [3.54372673428e-08, 0.000226246891543, 0.000150732244947, 5.78471335757e-05, 1.56129808602e-05, 3.74537762582e-06, 2.8311699225e-06, 1.17216563922e-06, 8.69218467869e-07, 1.70469957084e-06, 5.10463587489e-06, 2.97156816487e-06, 8.39489530335e-06, 3.8793663407e-05, 6.58284534438e-06, 5.73177931074e-06, 8.30792214401e-06, 5.09277924721e-07, 4.90096738304e-07, 9.83261045917e-08, 8.14715548358e-08, 1.08122314657e-07, 3.58888669894e-08, 3.21549431526e-09, 5.86045934003e-10, 2.58578679302e-11, 5.79706963856e-13], "var": [2.92788726597e-08, 0.000110098975711, 4.07649058616e-05, 1.50365112859e-05, 9.11833103601e-06, 4.56063025922e-06, 2.19297839976e-06, 1.40715405905e-06, 1.43519059748e-06, 3.34680203196e-06, 3.06377660308e-06, 1.86252157164e-06, 7.84944404586e-06, 2.11109872907e-05, 4.29180863648e-06, 3.95941879106e-06, 5.37161258762e-06, 4.01640818382e-07, 4.52509794968e-07, 6.31199199574e-08, 3.506046653e-08, 3.93260037868e-08, 1.54807509034e-08, 2.42071895862e-09, 5.85623438631e-10, 3.0185430544e-11, 4.6659193436e-13], "min": [7.85109255319e-26, 1.66496529061e-24, 6.25886827456e-25, 1.85149623412e-25, 3.47950925847e-24, 1.8858337223e-24, 3.32328245594e-24, 8.73451880037e-24, 1.81170505468e-23, 8.20583368803e-24, 1.5407769299e-23, 1.33922501965e-23, 2.52968570316e-23, 1.89381585081e-23, 4.58745651124e-23, 3.20581428295e-23, 8.29407724661e-23, 8.68865284962e-23, 9.47106402808e-23, 1.57341664938e-22, 2.40906205499e-22, 3.15243761907e-22, 3.86273858042e-22, 4.97128782873e-22, 7.52530490522e-22, 1.26721737339e-21, 1.96010967656e-21], "dmean": [8.72544696904e-05, 0.00417414866388, 0.00300220306963, 0.00173314509448, 0.00134644319769, 0.000716044916771, 0.000567918177694, 0.000374162686057, 0.000308611692162, 0.000518615648616, 0.000528523756657, 0.000503747491166, 0.000855809485074, 0.00162214797456, 0.000721800955944, 0.000614529650193, 0.000690960499924, 0.000194151711185, 0.00019897587481, 9.99930853141e-05, 8.07646720205e-05, 7.63181451475e-05, 4.51773194072e-05, 1.67100206454e-05, 6.61955073156e-06, 1.47020966779e-06, 2.3996398113e-07], "mean": [0.000105674138467, 0.00476863468066, 0.00330091826618, 0.00166342651937, 0.0021259423811, 0.00124210224021, 0.000960427394602, 0.000650860660244, 0.000601921114139, 0.00111609080341, 0.00076788716251, 0.000760113995057, 0.00154217099771, 0.00225513684563, 0.00112669332884, 0.000948745349888, 0.000990982749499, 0.000317588390317, 0.000326441950165, 0.000152822787641, 0.000117681585834, 9.93998910417e-05, 5.86708265473e-05, 2.58768504864e-05, 1.12200277727e-05, 2.36012056121e-06, 3.49646342102e-07], "max": [0.00193238130305, 0.091160826385, 0.0674390867352, 0.0416778698564, 0.0383053049445, 0.0399401262403, 0.0190943125635, 0.0328386425972, 0.0261677410454, 0.028908573091, 0.0488349720836, 0.0191739238799, 0.0365434139967, 0.0566314607859, 0.0240751802921, 0.0293409507722, 0.0448419824243, 0.0110924467444, 0.0147854136303, 0.00369639811106, 0.00293692341074, 0.0027901942376, 0.00202350039035, 0.000540886248928, 0.00051035254728, 0.000122916215332, 8.26557425171e-06], "dmean2": [0.000134187328513, 0.00641123158857, 0.00529569620267, 0.00302925263532, 0.00228592287749, 0.00112949905451, 0.000902853149455, 0.000593760749325, 0.000484705466079, 0.000790364458226, 0.00086972292047, 0.000818655127659, 0.00136422377545, 0.0027579232119, 0.00119812169578, 0.000990915461443, 0.00109003589023, 0.000311745214276, 0.000316117046168, 0.000157666072482, 0.000128954721731, 0.00012256084301, 7.02386823832e-05, 2.5134311727e-05, 9.8598529803e-06, 2.1472719709e-06, 3.65331942476e-07], "median": [4.10346037825e-05, 0.000977221177891, 0.0010207996238, 0.000392534362618, 0.000977336894721, 0.000529175798874, 0.000405934348237, 0.00029507628642, 0.000255438091699, 0.000582411012147, 0.00028424145421, 0.000318691745633, 0.000524814939126, 0.000561413820833, 0.000366884836694, 0.000263173569692, 0.00026719176094, 0.000134659931064, 9.50130779529e-05, 6.73611866659e-05, 5.68036157347e-05, 3.73529328499e-05, 1.62509495567e-05, 6.51160326015e-06, 2.5501244636e-06, 6.01293493219e-07, 7.47455999317e-08], "dvar": [1.69613016965e-08, 9.69252505456e-05, 5.35948638571e-05, 2.09824247577e-05, 5.90810168433e-06, 1.8146720322e-06, 1.14163083254e-06, 5.14325279255e-07, 4.19226608983e-07, 8.05184924957e-07, 2.02862111109e-06, 1.20326990327e-06, 3.29762019646e-06, 1.36063254104e-05, 2.4536257115e-06, 2.24716700359e-06, 3.46315641764e-06, 2.17863700414e-07, 1.99760691544e-07, 4.11293292757e-08, 3.15279535812e-08, 4.09185645367e-08, 1.42549021476e-08, 1.35440725302e-09, 2.53083748403e-10, 1.24417733061e-11, 2.4721972516e-13]}, "melbands_skewness": {"dvar2": 1.94124817848, "var": 4.62380599976, "min": -4.3759803772, "dmean": 0.808474421501, "mean": 1.73809862137, "max": 19.780921936, "dmean2": 1.19352209568, "median": 1.26838421822, "dvar": 0.990308761597}, "barkbands_skewness": {"dvar2": 1.13429558277, "var": 2.74047327042, "min": -5.61287498474, "dmean": 0.637678921223, "mean": 0.747580885887, "max": 14.8741989136, "dmean2": 0.947517037392, "median": 0.490683346987, "dvar": 0.544041395187}, "erbbands": {"dvar2": [0.0675643384457, 17.7333927155, 168.715805054, 478.347473145, 204.205551147, 230.337173462, 312.834564209, 256.957611084, 587.763977051, 640.296875, 324.983154297, 531.410400391, 895.499450684, 2060.00073242, 11470.7900391, 6633.30371094, 20713.6425781, 109303.179688, 25557.2207031, 13877.2138672, 26954.7089844, 5611.65332031, 711.357910156, 1496.39575195, 1603.88647461, 167.304229736, 189.76020813, 128.971496582, 157.099655151, 78.7891616821, 25.4307193756, 3.14584207535, 0.530793905258, 0.102835342288, 0.0227968189865, 0.0014416720951, 3.75759118469e-05, 1.1850285091e-06, 1.77564061232e-08, 8.83474682301e-10], "var": [0.060781378299, 7.01689386368, 52.4935264587, 118.041435242, 77.738319397, 136.519561768, 280.352478027, 267.570556641, 567.063476562, 692.303161621, 373.410430908, 873.594238281, 1505.77990723, 2980.26147461, 6958.00195312, 4335.32128906, 20217.5332031, 63162.0234375, 13416.4931641, 12687.5908203, 19458.9902344, 4310.23828125, 692.910095215, 1321.5345459, 1338.90478516, 96.2651824951, 93.1688156128, 55.9695129395, 52.07081604, 28.7778339386, 12.7900190353, 1.97965407372, 0.427550047636, 0.0980105698109, 0.0230056215078, 0.0019419338787, 3.32340023306e-05, 8.81555592969e-07, 1.40461571263e-08, 9.12166286948e-10], "min": [5.34878112216e-23, 3.84909343247e-22, 9.9919005424e-22, 2.52153791859e-21, 2.37876807967e-21, 1.12866193488e-20, 3.24225428747e-20, 3.10507575328e-20, 5.9106617185e-20, 1.82405099467e-19, 1.58469219651e-19, 3.39231861539e-19, 4.25008397259e-19, 8.26878174642e-19, 7.4336338336e-19, 9.50314098152e-19, 1.76585007563e-18, 1.95092491345e-18, 2.51226870228e-18, 2.93702429247e-18, 3.62454497117e-18, 4.70175870825e-18, 5.07488954281e-18, 5.21193186362e-18, 7.35208137323e-18, 8.14235235967e-18, 9.32209554726e-18, 8.10251782291e-18, 9.43003765412e-18, 1.23581255008e-17, 1.10393555861e-17, 9.39951220797e-18, 9.4059451916e-18, 8.12361175571e-18, 5.75025397523e-18, 4.05364863624e-18, 2.43233493097e-18, 9.06514574525e-19, 2.05770896745e-19, 2.80517205179e-20], "dmean": [0.0876128673553, 1.10018777847, 3.31446743011, 4.90447902679, 4.16960287094, 4.96755552292, 5.70355701447, 5.9957857132, 8.75391101837, 8.45720005035, 6.40986919403, 7.35893344879, 11.3142385483, 16.2967510223, 25.0504150391, 24.0626716614, 42.0459938049, 86.0312576294, 44.4083328247, 30.405002594, 41.9323272705, 21.7743339539, 8.91838932037, 9.97299957275, 10.5854282379, 4.31421375275, 3.77804994583, 3.09342956543, 2.77526378632, 1.99171543121, 1.32646298409, 0.487131863832, 0.217895612121, 0.0928088799119, 0.037834007293, 0.0101475538686, 0.00197246368043, 0.000343760475516, 4.34913599747e-05, 1.38530231197e-05], "mean": [0.109015218914, 1.17986869812, 3.71250343323, 5.13338470459, 5.3653588295, 7.42422962189, 8.98689079285, 9.95626163483, 15.4689702988, 14.6777057648, 12.3299198151, 15.0955038071, 25.1178150177, 31.2406902313, 39.0291595459, 39.4104194641, 79.2328414917, 125.94985199, 69.4426803589, 54.4441719055, 65.4888534546, 36.0726127625, 16.6207199097, 17.2957172394, 17.0472106934, 7.09804105759, 5.59595251083, 4.33270454407, 3.57109022141, 2.59289598465, 1.75173699856, 0.708045423031, 0.347280502319, 0.156206205487, 0.062755510211, 0.0167592223734, 0.00310014234856, 0.000522305548657, 7.15317873983e-05, 3.49533111148e-05], "max": [2.22215175629, 24.4608573914, 69.0449142456, 118.043441772, 95.5796737671, 158.341308594, 313.218719482, 277.392486572, 315.484954834, 759.320068359, 299.656097412, 619.657592773, 533.263183594, 882.073791504, 2370.89306641, 945.992614746, 1784.39941406, 3262.48339844, 1396.4440918, 1745.41784668, 2305.90942383, 1118.25061035, 382.842559814, 640.210266113, 886.820495605, 105.953613281, 134.432540894, 107.992141724, 118.285179138, 93.0876159668, 50.3268089294, 18.6459655762, 8.84412288666, 5.58228778839, 4.09143877029, 0.965524017811, 0.0853870883584, 0.013859254308, 0.00139281642623, 0.000186483419384], "dmean2": [0.119980528951, 1.77004790306, 5.69805002213, 8.66883277893, 7.09288167953, 8.38597011566, 9.3510723114, 9.53763389587, 13.6544084549, 13.5421857834, 9.96846294403, 11.5695266724, 17.3189334869, 25.3730545044, 41.2613449097, 38.6250343323, 66.8907546997, 145.58807373, 75.3847808838, 50.105682373, 66.0847473145, 34.071521759, 14.0585956573, 15.8891038895, 17.0399436951, 6.83320379257, 5.95793151855, 4.93001413345, 4.51503658295, 3.2021856308, 2.03785443306, 0.739803433418, 0.324612528086, 0.139512732625, 0.0563672147691, 0.0147197237238, 0.00288917520083, 0.000509733101353, 6.57930722809e-05, 2.04459465749e-05], "median": [0.0153461406007, 0.261008679867, 1.04947507381, 1.75762736797, 1.96082913876, 3.02565836906, 3.61684751511, 4.42821598053, 6.54578113556, 7.13186120987, 6.20905685425, 6.65860652924, 13.1326322556, 15.5754585266, 16.5133972168, 19.671163559, 30.882566452, 35.2452354431, 25.8048057556, 17.7448768616, 18.4970169067, 13.8354539871, 8.35611343384, 6.80372142792, 4.83641576767, 3.65012383461, 2.4433426857, 1.91072511673, 1.40575551987, 0.934160888195, 0.459500491619, 0.18397398293, 0.0875414609909, 0.0367284715176, 0.0144144501537, 0.0040902197361, 0.000825273164082, 0.000140345378895, 2.6683886972e-05, 2.82909422822e-05], "dvar": [0.0391088239849, 7.16628170013, 62.5071411133, 170.085174561, 76.0567321777, 88.5926132202, 131.856826782, 113.588294983, 250.945220947, 277.250976562, 140.15473938, 249.334182739, 420.531738281, 922.667541504, 4536.52587891, 2681.6484375, 8173.57958984, 38719.9492188, 8771.31347656, 5367.04052734, 11138.5654297, 2351.15112305, 307.937988281, 650.151245117, 647.040405273, 66.5295639038, 74.8941879272, 50.1617355347, 58.6138801575, 30.0441474915, 10.3976373672, 1.28628695011, 0.229760557413, 0.043698746711, 0.0102213425562, 0.000723209464923, 1.6796951968e-05, 5.13216775744e-07, 7.46580397504e-09, 3.99706351351e-10]}, "silence_rate_30dB": {"dvar2": 0.0114825386554, "var": 0.00207324954681, "min": 0, "dmean": 0.00392473721877, "mean": 0.997922420502, "max": 1, "dmean2": 0.0078503806144, "median": 1, "dvar": 0.00390921160579}, "melbands_spread": {"dvar2": 230.582870483, "var": 577.753234863, "min": 0.482391744852, "dmean": 8.63338470459, "mean": 32.4704589844, "max": 220.806243896, "dmean2": 13.2058429718, "median": 29.1196746826, "dvar": 110.639076233}, "melbands_crest": {"dvar2": 23.2807350159, "var": 31.8468551636, "min": 1.53262412548, "dmean": 3.37214946747, "mean": 12.6413536072, "max": 35.6050872803, "dmean2": 5.37059497833, "median": 11.594830513, "dvar": 9.96670913696}, "zerocrossingrate": {"dvar2": 0.000132130269776, "var": 0.00424383906648, "min": 0.001953125, "dmean": 0.00855255965143, "mean": 0.0660254955292, "max": 0.560546875, "dmean2": 0.00983231142163, "median": 0.056640625, "dvar": 0.000110929671791}, "barkbands_kurtosis": {"dvar2": 185.876647949, "var": 200.43019104, "min": -1.92939770222, "dmean": 3.20426154137, "mean": 3.58902072906, "max": 256.935546875, "dmean2": 4.91386508942, "median": -0.0589698553085, "dvar": 87.7084732056}, "spectral_flux": {"dvar2": 0.00257094623521, "var": 0.00354613619857, "min": 6.39155534055e-11, "dmean": 0.0294263232499, "mean": 0.0862278267741, "max": 0.354536056519, "dmean2": 0.0441498309374, "median": 0.0763142555952, "dvar": 0.00143463991117}, "barkbands_crest": {"dvar2": 18.2129440308, "var": 17.3756713867, "min": 2.183822155, "dmean": 2.84692811966, "mean": 9.21898078918, "max": 25.440618515, "dmean2": 4.56930112839, "median": 8.23409080505, "dvar": 7.33113145828}, "barkbands_flatness_db": {"dvar2": 0.0011456431821, "var": 0.00278921122663, "min": 0.0153694404289, "dmean": 0.0227296035737, "mean": 0.143011718988, "max": 0.441171169281, "dmean2": 0.0332167595625, "median": 0.135344356298, "dvar": 0.000541126937605}, "spectral_entropy": {"dvar2": 0.0636037513614, "var": 0.24651043117, "min": 4.74765920639, "dmean": 0.168707624078, "mean": 7.46013355255, "max": 9.82346630096, "dmean2": 0.235575512052, "median": 7.45120286942, "dvar": 0.0345526523888}, "pitch_salience": {"dvar2": 0.0132817244157, "var": 0.0127454949543, "min": 0.119424201548, "dmean": 0.0773094147444, "mean": 0.547647178173, "max": 0.918032228947, "dmean2": 0.125647306442, "median": 0.550871670246, "dvar": 0.00525488518178}, "erbbands_spread": {"dvar2": 190.91607666, "var": 338.117401123, "min": 0.884763717651, "dmean": 7.7544593811, "mean": 27.1239471436, "max": 145.936599731, "dmean2": 11.9443645477, "median": 22.8836994171, "dvar": 86.8715667725}, "dynamic_complexity": 3.99356460571, "spectral_contrast_valleys": {"dvar2": [0.411149084568, 0.444702118635, 0.359341651201, 0.299763590097, 0.363502144814, 0.33436268568], "var": [7.88194847107, 7.99307394028, 7.77064561844, 7.70765686035, 7.30159664154, 5.70756292343], "min": [-28.4196834564, -28.5010128021, -27.8876247406, -27.8052330017, -27.5684757233, -27.373550415], "dmean": [0.469680249691, 0.430426031351, 0.385398209095, 0.348353356123, 0.374348014593, 0.435046076775], "mean": [-7.92470932007, -7.3672375679, -7.70199251175, -7.84156942368, -8.21989536285, -11.3024024963], "max": [-5.29196739197, -4.89741230011, -5.2226395607, -5.37440252304, -5.67848157883, -8.62305164337], "dmean2": [0.726793825626, 0.6781244874, 0.595332205296, 0.52413725853, 0.524132966995, 0.522810280323], "median": [-7.39868497849, -6.80121898651, -7.07520771027, -7.23000144958, -7.69285488129, -10.9336585999], "dvar": [0.20831052959, 0.210073694587, 0.182980045676, 0.159525021911, 0.201235502958, 0.216631621122]}, "hfc": {"dvar2": 271.630126953, "var": 408.783081055, "min": 1.04870633039e-16, "dmean": 7.89532899857, "mean": 22.4119129181, "max": 151.879226685, "dmean2": 12.3330173492, "median": 17.2789955139, "dvar": 112.798233032}, "spectral_kurtosis": {"dvar2": 37.9657402039, "var": 25.117975235, "min": -1.26480734348, "dmean": 2.76700186729, "mean": 5.99749135971, "max": 104.358413696, "dmean2": 4.7220954895, "median": 5.06374263763, "dvar": 14.3714199066}, "mfcc": {"mean": [-673.445495605, 130.795181274, -26.8785457611, 20.2365131378, 3.92188262939, 17.5957984924, -3.19730710983, 3.18319034576, -2.98204159737, 1.46725571156, -0.372173845768, -0.652986109257, -0.777384400368], "cov": [[14178.5400391, 1438.74621582, -1401.92492676, -233.784713745, -95.5839080811, 188.423706055, -126.984069824, 75.4582519531, -117.528282166, 56.4261932373, 26.5349655151, 49.5703735352, 0.0188376549631], [1438.74621582, 1780.5065918, -294.673980713, 122.627960205, 62.1421775818, 39.3825340271, -16.7349815369, 12.9952754974, -44.5206031799, -64.5063705444, 4.21627235413, -16.5264415741, -22.8207073212], [-1401.92492676, -294.673980713, 979.204406738, 247.726043701, 70.3538894653, 108.781906128, 79.0180892944, 49.113899231, 47.0811004639, 13.1199941635, -22.0114688873, 29.0388412476, -9.35852909088], [-233.784713745, 122.627960205, 247.726043701, 332.517181396, 89.0951309204, 75.8860855103, 44.3599052429, 50.2529792786, 22.5205669403, -1.75314247608, -14.6463670731, -11.4124498367, 13.6913909912], [-95.5839080811, 62.1421775818, 70.3538894653, 89.0951309204, 219.191299438, 71.7739181519, 39.7205734253, 42.0345916748, 51.561580658, 31.310710907, 6.93600320816, -2.41935563087, -10.513712883], [188.423706055, 39.3825340271, 108.781906128, 75.8860855103, 71.7739181519, 199.123306274, 78.3298034668, 37.8138694763, 33.2202377319, 33.4760818481, 32.5309944153, 12.4637546539, 2.26391887665], [-126.984069824, -16.7349815369, 79.0180892944, 44.3599052429, 39.7205734253, 78.3298034668, 143.167190552, 62.21043396, 24.0966243744, 17.7461776733, 17.376367569, 4.94606924057, 13.5435600281], [75.4582519531, 12.9952754974, 49.113899231, 50.2529792786, 42.0345916748, 37.8138694763, 62.21043396, 116.498252869, 59.7852363586, 16.7975215912, 0.310366392136, 7.02343702316, 6.57512331009], [-117.528282166, -44.5206031799, 47.0811004639, 22.5205669403, 51.561580658, 33.2202377319, 24.0966243744, 59.7852363586, 110.385032654, 57.9809265137, 13.9090213776, 8.33596420288, -7.70910310745], [56.4261932373, -64.5063705444, 13.1199941635, -1.75314247608, 31.310710907, 33.4760818481, 17.7461776733, 16.7975215912, 57.9809265137, 95.41822052, 45.0241775513, 6.98675584793, -7.75625610352], [26.5349655151, 4.21627235413, -22.0114688873, -14.6463670731, 6.93600320816, 32.5309944153, 17.376367569, 0.310366392136, 13.9090213776, 45.0241775513, 86.5946426392, 29.1862316132, -2.51897478104], [49.5703735352, -16.5264415741, 29.0388412476, -11.4124498367, -2.41935563087, 12.4637546539, 4.94606924057, 7.02343702316, 8.33596420288, 6.98675584793, 29.1862316132, 78.2063903809, 29.0677852631], [0.0188376549631, -22.8207073212, -9.35852909088, 13.6913909912, -10.513712883, 2.26391887665, 13.5435600281, 6.57512331009, -7.70910310745, -7.75625610352, -2.51897478104, 29.0677852631, 80.6003265381]], "icov": [[0.000103416823549, -5.82058783039e-05, 0.0001493794407, 1.46580514411e-05, 7.24654601072e-05, -0.000250189594226, 0.000198997571715, -0.00030913593946, 0.000365604908438, -0.000364034203812, 0.000266280170763, -0.000213906969293, 9.20132151805e-05], [-5.82058783039e-05, 0.000724767451175, 0.000256027589785, -0.000465565361083, -0.000187209778232, -6.91837849445e-05, 4.92005128763e-05, -7.71462964622e-06, -1.71848478203e-05, 0.000780968868639, -0.000383921113098, -2.67778978014e-05, 0.000355085590854], [0.0001493794407, 0.000256027589785, 0.00180471688509, -0.00124750903342, 0.000237053027377, -0.000754110107664, -0.000263764552074, -9.09811715246e-05, 0.000282816734398, -0.000510574260261, 0.00132675329223, -0.00167377397884, 0.00122077297419], [1.46580514411e-05, -0.000465565361083, -0.00124750903342, 0.00487531302497, -0.00120761012658, -0.000806565687526, 0.000525018374901, -0.00137055618688, 0.000400386430556, 0.000260236411123, -6.46071348456e-05, 0.00188859889749, -0.00183589861263], [7.24654601072e-05, -0.000187209778232, 0.000237053027377, -0.00120761012658, 0.00617707148194, -0.00145574321505, -0.000308425689582, -0.000283070083242, -0.00158567167819, -0.000966865336522, 0.000850104668643, -0.000313864438795, 0.000996250542812], [-0.000250189594226, -6.91837849445e-05, -0.000754110107664, -0.000806565687526, -0.00145574321505, 0.00834321044385, -0.00380889815278, 0.00135012576357, -0.00132005393971, 0.000131641078042, -0.00240307627246, 0.000111693581857, -9.340717952e-05], [0.000198997571715, 4.92005128763e-05, -0.000263764552074, 0.000525018374901, -0.000308425689582, -0.00380889815278, 0.012219555676, -0.00682250456885, 0.00306452647783, -0.00108976033516, -0.00152317620814, 0.00156352063641, -0.001959141111], [-0.00030913593946, -7.71462964622e-06, -9.09811715246e-05, -0.00137055618688, -0.000283070083242, 0.00135012576357, -0.00682250456885, 0.0176146104932, -0.0106069101021, 0.00424071401358, 0.000313647906296, -0.000503309944179, -0.000560348969884], [0.000365604908438, -1.71848478203e-05, 0.000282816734398, 0.000400386430556, -0.00158567167819, -0.00132005393971, 0.00306452647783, -0.0106069101021, 0.0221860390157, -0.0131495511159, 0.00443621864542, -0.00303665618412, 0.0022308465559], [-0.000364034203812, 0.000780968868639, -0.000510574260261, 0.000260236411123, -0.000966865336522, 0.000131641078042, -0.00108976033516, 0.00424071401358, -0.0131495511159, 0.0241321902722, -0.0116725219414, 0.00423493003473, -0.00100245338399], [0.000266280170763, -0.000383921113098, 0.00132675329223, -6.46071348456e-05, 0.000850104668643, -0.00240307627246, -0.00152317620814, 0.000313647906296, 0.00443621864542, -0.0116725219414, 0.0214843954891, -0.00910561811179, 0.00372135872021], [-0.000213906969293, -2.67778978014e-05, -0.00167377397884, 0.00188859889749, -0.000313864438795, 0.000111693581857, 0.00156352063641, -0.000503309944179, -0.00303665618412, 0.00423493003473, -0.00910561811179, 0.0201295297593, -0.00821545161307], [9.20132151805e-05, 0.000355085590854, 0.00122077297419, -0.00183589861263, 0.000996250542812, -9.340717952e-05, -0.001959141111, -0.000560348969884, 0.0022308465559, -0.00100245338399, 0.00372135872021, -0.00821545161307, 0.0166645422578]]}, "silence_rate_20dB": {"dvar2": 0, "var": 0, "min": 1, "dmean": 0, "mean": 1, "max": 1, "dmean2": 0, "median": 1, "dvar": 0}, "melbands_kurtosis": {"dvar2": 885.795593262, "var": 1221.09790039, "min": -1.8363648653, "dmean": 7.20069122314, "mean": 10.3979902267, "max": 648.991333008, "dmean2": 10.9081439972, "median": 1.45260095596, "dvar": 460.564544678}, "barkbands_spread": {"dvar2": 101.565589905, "var": 120.267158508, "min": 0.552862286568, "dmean": 5.34916734695, "mean": 21.3230609894, "max": 107.173042297, "dmean2": 8.31025600433, "median": 20.6154766083, "dvar": 43.177116394}, "erbbands_skewness": {"dvar2": 0.353178799152, "var": 0.63918453455, "min": -3.61912322044, "dmean": 0.392773330212, "mean": -0.198375508189, "max": 5.73635149002, "dmean2": 0.62041425705, "median": -0.216134250164, "dvar": 0.150462672114}, "average_loudness": 0.909246087074, "spectral_centroid": {"dvar2": 166957.3125, "var": 1819897, "min": 143.392837524, "dmean": 251.963989258, "mean": 1634.01867676, "max": 11751.2167969, "dmean2": 379.619506836, "median": 1463.91174316, "dvar": 86218.4453125}, "dissonance": {"dvar2": 0.000799300207291, "var": 0.000631510862149, "min": 0.210324808955, "dmean": 0.0164112839848, "mean": 0.470293164253, "max": 0.500000119209, "dmean2": 0.0276112873107, "median": 0.476618289948, "dvar": 0.000301817053696}, "erbbands_flatness_db": {"dvar2": 0.000948474160396, "var": 0.00267615355551, "min": 0.0698158219457, "dmean": 0.0227686557919, "mean": 0.196077495813, "max": 0.436631143093, "dmean2": 0.0325258485973, "median": 0.194990307093, "dvar": 0.000477980123833}, "spectral_strongpeak": {"dvar2": 6.15688467026, "var": 4.92255783081, "min": 0, "dmean": 1.02821457386, "mean": 1.58448839188, "max": 20.1139431, "dmean2": 1.72688817978, "median": 0.522618412971, "dvar": 2.56949710846}, "spectral_rms": {"dvar2": 2.88592696052e-06, "var": 5.32106560058e-06, "min": 3.09980144851e-12, "dmean": 0.00092450750526, "mean": 0.00448151351884, "max": 0.0117609743029, "dmean2": 0.001318253926, "median": 0.00457443855703, "dvar": 1.43362660765e-06}, "silence_rate_60dB": {"dvar2": 0.0585913136601, "var": 0.114445500076, "min": 0, "dmean": 0.0286274962127, "mean": 0.131809785962, "max": 1, "dmean2": 0.0572616010904, "median": 0, "dvar": 0.0278106182814}, "melbands": {"dvar2": [1.004830483e-05, 3.25804539898e-05, 1.28735055114e-05, 8.21653884486e-07, 3.97094453319e-07, 1.28394319177e-07, 1.31991086505e-07, 7.54153859361e-08, 2.15663877867e-08, 1.78790617866e-08, 2.20899405434e-08, 3.82804863364e-08, 1.04130968737e-07, 4.95379701704e-08, 5.89052042699e-08, 6.6958953937e-08, 5.64760000543e-07, 8.2404000068e-08, 1.77975429949e-08, 3.49998074967e-08, 6.63404193801e-08, 1.37629720953e-08, 1.54836665711e-09, 1.39942823996e-09, 1.13792242296e-09, 1.99187732974e-09, 1.86415605175e-10, 8.49551470838e-11, 1.14787519767e-10, 4.49786111134e-11, 5.1568572329e-11, 5.41528731579e-11, 4.80426254335e-11, 2.10709921733e-11, 1.22200635028e-11, 2.85139772037e-12, 8.51845395437e-13, 3.48229881346e-13, 1.81554654665e-13, 6.57168682536e-14], "var": [6.52037988402e-06, 1.26497388919e-05, 3.27764405483e-06, 4.30826361253e-07, 3.24500035731e-07, 1.46408126511e-07, 1.2249599024e-07, 8.67639400326e-08, 2.96225266538e-08, 2.77088165745e-08, 3.86459539925e-08, 5.88029784865e-08, 6.21310434212e-08, 2.86233188262e-08, 5.58069466194e-08, 5.99828453574e-08, 3.18191609949e-07, 3.87875154217e-08, 1.37734916805e-08, 2.72086300157e-08, 4.61141631547e-08, 9.2714209643e-09, 1.54439261379e-09, 1.02108399513e-09, 9.26710097549e-10, 1.64242330847e-09, 1.30619862149e-10, 4.28739058145e-11, 6.14160597379e-11, 1.88455345079e-11, 2.40155968029e-11, 1.75071051406e-11, 1.69041031173e-11, 7.21113880414e-12, 5.9110450909e-12, 1.49737622475e-12, 5.47006016871e-13, 2.49216039515e-13, 1.36525027936e-13, 6.07772092744e-14], "min": [7.31551984698e-25, 5.25389448701e-25, 3.91495865391e-25, 3.81386243112e-25, 1.15069414611e-24, 6.65510817688e-25, 6.64707264248e-25, 2.11090638818e-24, 9.66829700376e-25, 2.18495459198e-24, 2.14079475016e-24, 2.70283546537e-24, 2.37880670704e-24, 1.83479205515e-24, 2.13436080061e-24, 3.51972538742e-24, 2.51210526736e-24, 2.82110878925e-24, 2.83415812634e-24, 2.87367690225e-24, 3.6729012704e-24, 4.06087568536e-24, 3.62943542895e-24, 4.3086557124e-24, 3.4346727712e-24, 3.96660641276e-24, 4.38290172308e-24, 5.06904228882e-24, 4.59320967383e-24, 4.450190375e-24, 3.74746637531e-24, 3.38028278394e-24, 5.63120271368e-24, 6.09914553632e-24, 5.81294364447e-24, 5.7297775891e-24, 5.7767049522e-24, 6.53189687956e-24, 5.35642865532e-24, 5.90697744209e-24], "dmean": [0.000957905896939, 0.00155255501159, 0.000824359536637, 0.000300708867144, 0.000208261088119, 0.000136535629281, 0.000129959429614, 9.13862677407e-05, 5.27535157744e-05, 4.42980381195e-05, 5.75061130803e-05, 6.81649617036e-05, 7.67263627495e-05, 6.74149632687e-05, 7.90707854321e-05, 7.41899348213e-05, 0.000190816368558, 7.5273172115e-05, 3.9244259824e-05, 4.28049024777e-05, 6.0680507886e-05, 2.93014454655e-05, 1.23608497233e-05, 9.01031580725e-06, 8.0295258158e-06, 1.06885690911e-05, 4.15373551732e-06, 2.86686122308e-06, 2.72209376817e-06, 1.91338085642e-06, 2.00872341338e-06, 1.59841135883e-06, 1.52406551024e-06, 9.70722339844e-07, 9.22248318602e-07, 4.38615842313e-07, 2.51423330155e-07, 1.72688373823e-07, 1.16547148821e-07, 7.08170730945e-08], "mean": [0.00116025318857, 0.0018597447779, 0.000897977035493, 0.00045157270506, 0.000332201248966, 0.000232280930504, 0.000229152719839, 0.000158098162501, 0.000104014841781, 8.95351258805e-05, 0.000125183534692, 0.000125913313241, 0.000115302384074, 0.000101638921478, 0.000142122778925, 0.000136405491503, 0.000262063695118, 0.00010848265083, 6.43819003017e-05, 7.08677762304e-05, 8.69435607456e-05, 4.40077965322e-05, 2.06570566661e-05, 1.43878860399e-05, 1.26932818603e-05, 1.63528984558e-05, 6.13198335486e-06, 4.33442028225e-06, 3.82569942303e-06, 2.55147028838e-06, 2.65476501227e-06, 1.97772260435e-06, 1.90332639249e-06, 1.20539755244e-06, 1.15506634302e-06, 5.93210359057e-07, 3.61375811053e-07, 2.56866513837e-07, 1.82584145136e-07, 1.14844517896e-07], "max": [0.0206770561635, 0.0291109792888, 0.0194603092968, 0.005691208