{"tonal": {"thpcp": [1, 0.66166216135, 0.544601500034, 0.675855100155, 0.53730148077, 0.587263405323, 0.747622072697, 0.537232875824, 0.435974508524, 0.51741206646, 0.488315284252, 0.582868933678, 0.647188484669, 0.482749938965, 0.493206650019, 0.624476909637, 0.455516308546, 0.295569598675, 0.29957279563, 0.348093807697, 0.670330762863, 0.773322582245, 0.439840704203, 0.45231461525, 0.718434333801, 0.599546253681, 0.695314407349, 0.999596297741, 0.728674769402, 0.567148983479, 0.700382173061, 0.638454139233, 0.776968061924, 0.936337888241, 0.74358600378, 0.842925727367], "hpcp": {"dmean2": [0.188801854849, 0.167744591832, 0.120738357306, 0.106636911631, 0.125296756625, 0.167880401015, 0.17844684422, 0.148609519005, 0.124752797186, 0.141358688474, 0.152269333601, 0.171080648899, 0.196314126253, 0.186048299074, 0.177828282118, 0.185227453709, 0.214100331068, 0.250095903873, 0.250579595566, 0.248590230942, 0.251746892929, 0.258101940155, 0.196432888508, 0.178767114878, 0.180451452732, 0.156955063343, 0.16037453711, 0.174001291394, 0.169152438641, 0.153819516301, 0.17629532516, 0.169929936528, 0.183557555079, 0.195354640484, 0.176033601165, 0.167232096195], "median": [0.0419292934239, 0.0359532125294, 0.0239929910749, 0.023604284972, 0.0330235026777, 0.0447002314031, 0.0565269626677, 0.0456038452685, 0.0395314544439, 0.0326973609626, 0.0445031374693, 0.0802004486322, 0.081621080637, 0.0831564590335, 0.0607704520226, 0.0526476204395, 0.0732868239284, 0.0844870582223, 0.075076892972, 0.0831437036395, 0.104035399854, 0.0980769023299, 0.0704951956868, 0.0539943277836, 0.0501562729478, 0.050763014704, 0.0661560669541, 0.0670202821493, 0.0546176284552, 0.0422311872244, 0.0401073470712, 0.0491433478892, 0.0558644607663, 0.0626286864281, 0.0457668602467, 0.0436558909714], "min": [0, 0, 0, 0, 0, 0, 0, 0, 0, 0, 0, 0, 0, 0, 0, 0, 0, 0, 0, 0, 0, 0, 0, 0, 0, 0, 0, 0, 0, 0, 0, 0, 0, 0, 0, 0], "dvar2": [0.086281709373, 0.0706514343619, 0.0548309460282, 0.0395007431507, 0.0408143848181, 0.0697063878179, 0.0719331949949, 0.0510457865894, 0.0336621962488, 0.0478004105389, 0.0461903065443, 0.0487806908786, 0.0695932731032, 0.0594405382872, 0.0621661506593, 0.0715921148658, 0.0777759253979, 0.103868506849, 0.113656930625, 0.102398939431, 0.0985541641712, 0.111176580191, 0.0761786550283, 0.0710380002856, 0.0759592279792, 0.0538104176521, 0.0601180456579, 0.0637980997562, 0.0632421597838, 0.0586320161819, 0.081314176321, 0.0716937929392, 0.0764561071992, 0.0849953815341, 0.0778668373823, 0.0724985599518], "dvar": [0.0333394110203, 0.0264894422144, 0.0192123539746, 0.0148111470044, 0.0164239946753, 0.0280530303717, 0.0296135134995, 0.0197101607919, 0.0136247649789, 0.0207255054265, 0.0186454840004, 0.020043566823, 0.0321957170963, 0.0243356060237, 0.0243627149612, 0.0292315166444, 0.0298675335944, 0.0420764051378, 0.0458355098963, 0.0392353124917, 0.0394218340516, 0.0469617247581, 0.0291538629681, 0.0274377521127, 0.031991455704, 0.020849743858, 0.0229633729905, 0.0265612453222, 0.0237308070064, 0.0240787211806, 0.031493537128, 0.0269665103406, 0.0306170601398, 0.0327566973865, 0.0288250893354, 0.0271283090115], "dmean": [0.111206099391, 0.0970740243793, 0.0693939253688, 0.0620362721384, 0.0734993889928, 0.10335470736, 0.106780260801, 0.0882616490126, 0.075265198946, 0.0865297093987, 0.0908571407199, 0.103130765259, 0.118452675641, 0.112100757658, 0.105923734605, 0.110025666654, 0.125433236361, 0.14634104073, 0.146887689829, 0.145857870579, 0.14932654798, 0.153334707022, 0.117693312466, 0.105522334576, 0.108310349286, 0.0937429219484, 0.096296556294, 0.105517365038, 0.100146070123, 0.0902371406555, 0.104036621749, 0.0994160994887, 0.108699090779, 0.117500603199, 0.102710232139, 0.0981523543596], "max": [1, 1, 1, 1, 1, 1, 1, 1, 1, 1, 1, 1, 1, 1, 1, 1, 1, 1, 1, 1, 1, 1, 1, 1, 1, 1, 1, 1, 1, 1, 1, 1, 1, 1, 1, 1], "var": [0.0633608847857, 0.0342899188399, 0.0218607205898, 0.0222702659667, 0.0231158919632, 0.072406090796, 0.0888921618462, 0.0285873729736, 0.029320878908, 0.0862465575337, 0.0516625680029, 0.048750910908, 0.112552404404, 0.055638089776, 0.0408576540649, 0.0752444788814, 0.0471231788397, 0.0687495917082, 0.103451862931, 0.0619881376624, 0.0682312399149, 0.103761486709, 0.0499261878431, 0.042262416333, 0.0739117860794, 0.040326166898, 0.0443378090858, 0.0762808769941, 0.0402264483273, 0.0363575294614, 0.0495370738208, 0.0367460586131, 0.051283955574, 0.058729942888, 0.0375619158149, 0.0398072041571], "mean": [0.161167651415, 0.117561578751, 0.0762818530202, 0.077315017581, 0.0898375213146, 0.173001810908, 0.199582368135, 0.113515950739, 0.11673527211, 0.185416579247, 0.154733434319, 0.179449692369, 0.257980048656, 0.188059478998, 0.14637221396, 0.180757597089, 0.164774954319, 0.200523212552, 0.24165405333, 0.191907823086, 0.217545837164, 0.258084237576, 0.170764580369, 0.140553057194, 0.174427554011, 0.138669043779, 0.151563420892, 0.192949473858, 0.1386513412, 0.112518146634, 0.133535891771, 0.12602648139, 0.150429278612, 0.16702914238, 0.124590151012, 0.127288863063]}, "tuning_equal_tempered_deviation": 0.0334044247866, "chords_changes_rate": 0.0416552461684, "key_key": "E", "tuning_diatonic_strength": 0.300273895264, "key_scale": "major", "chords_number_rate": 0.00438476307318, "tuning_frequency": 444.598632813, "tuning_nontempered_energy_ratio": 0.743618071079, "chords_histogram": [1.47985744476, 1.53466701508, 5.80981111526, 0, 7.34447813034, 0, 3.86407232285, 0.383666753769, 19.9232673645, 3.42559599876, 3.17895317078, 0.0822143033147, 5.20690584183, 0.767333507538, 7.86516857147, 0.575500130653, 1.6990956068, 4.24773931503, 7.782954216, 0.739928722382, 1.37023842335, 0.493285834789, 18.3885993958, 3.83666753769], "key_strength": 0.430272400379, "chords_key": "G#", "chords_strength": {"dmean2": 0.00896655302495, "median": 0.617656171322, "min": 0.279194682837, "dvar2": 7.33669003239e-05, "dvar": 7.14718335075e-05, "dmean": 0.00955923181027, "max": 0.837864935398, "var": 0.00975545402616, "mean": 0.599017441273}, "chords_scale": "major", "hpcp_entropy": {"dmean2": 1.01212251186, "median": 2.01429104805, "min": 0, "dvar2": 0.678155660629, "dvar": 0.243370175362, "dmean": 0.597419917583, "max": 4.34440755844, "var": 0.474036991596, "mean": 2.00984406471}}, "metadata": {"audio_properties": {"equal_loudness": 0, "codec": "mp3", "downmix": "mix", "sample_rate": 44100, "analysis_sample_rate": 44100, "bit_rate": 128000, "md5_encoded": "0169e1c7279c7ff8cf906c1a1e82af94", "length": 169.377960205, "replay_gain": -3.75765037537, "lossless": false}, "version": {"essentia_build_sha": "2d9f1f26377add8aeb1075a9c2973f962c4f09fd", "essentia": "2.1-beta2", "extractor": "music 1.0", "essentia_git_sha": "v2.1_beta2-1-ge3940c0"}, "tags": {"title": ["Rebel Rouser (instrumental)"], "acoustid_fingerprint": ["AQADtBIbaWGUBNeJyIK4KEdEKuPxvEGY08P0fNAPNnlo5FEeRPuh70WsH0-WFj2aHs9CfCKuNA_CH0n94Em24unh58dPlBmu4-nxRBRqhdIS-JYEr0J_XDwRcs0D__g9iGoWIpTI4x-a6eiJW8IZcbgWNBV79AmL82iSF-U7or3gHU8Xw6EEixdG7jIO6Ucf7CcuGo-uZOhDwicexkUaVYe2Ie6UHvmioxCvIeTlYI8S5fg-MHaOKd-TCYFOIg8XoTmqH7dWPFaOPHmgR0deHOHhODn6CXq2ENHF48d_zHk09GiOZ8QfKviPi0mOfRKuBIyVI4d-pGcwKR_OHc8TDj-aH6WDkFmCZInxpzjFo9yFhruI8kgvBclyBW9wh7AY_E_wfPDK40SOhPnxaTrOIM9xPoGiZ6nQXHqQXUEe_VD2HXF-XPlxBs2NyiyehQyeB_mRHE8efBf-5fg1lBma6MGTYlePXj1KBvuD83i2nGhW9KhyNHEWJM9U5DzaE83wC1eGC00TL0YfVLnhvMOP9sS54Dsaa0atH5GUHgm_C0xyfBf2PbiSC__R7NhiHZ11xDShJ5lSoeSDD0ze4ynULLmHkRvEM0Z-42SGZznCoLpEyE6SB_GPB1d2_MXJo8d9NMlznNGQH8m74FlGoUdz3FkmPOWFG09zXBLKF7eR_JQQnWjW4z64Jg_2x-iio7kyJvjQRC_q4KEsfLGQHv-hUsyDONR6XLrwH82XozTxH7uGpuTRn0jOIE-PJq_Q0_gV_GhGhLegvcZGHv0Q8odN5CFhNTvmhTdEjilyH3_Q5A_uoo8C_wjEhQtThNyDe6hIHUze47vwH82y7EKtOugR_8c_QtcQevvAow9TuMaP_sG5I16KLmsKLdXxJjr-ERpzpNvhmB564xklNMaPRznCRJRy8KRwKcHZohe0-HgOXcOP3DmycBf842IIcRWOfNThOESr8Ljwozwu5bgOx0yhLZSOL0cTEdUDnhWa6wvCE8mVoMvRLEe9HXaObj4uZTX86ERy_ciOS8e5o0_RKDp-4hL2oAmlo0fypTvmfAgfTHEYXHmRh0gmE1YTH-WPRw-e5MekC0yeCufxY5aPB8-O-0CYQ7O0CbqSB0cePJyF10JzC31wiuiVwmN09Bfae2ieEdeL_7CuELnxQxV1IY8_XHPgDniWo4muokuWK0NFcYUf_PCH3ngy3Edzceh-NMuRjN2LfE_Q02jyHMdxr8IVvCGuB-GSJ4eWC7F3fMcz4SR6LVXQVI9xPArC5A6qNPmg88hz2DV-4gyaPEafI-_x3MV5_IH14trw_Wg-9Hnw4z8cycEhN8qPpo4ROhGe4szxok-OMGF66EqQo6RxopTw2DGaPwjlE3qQzyp6EZeqoTfx8EHzI_xSnD80pDGNznzw8EN1NMeT7YhHiHuQPw-u4OKH_miepfjxDs0SMeiTFztxsFm2Y16YCZ82-Pg-hPeh5TLy452sopk0lWhJvBn8ITr0T8h5BU026UGpJgWeoJQTTEmTGXnNBEm3HB-LxkMtomFXo9J93KjMpBGaHyfi-tCMRq9x7VB7wqERJ0-24IfXXMhF4nIPxRL6I0x14r3x6UbnoD_Oo5_QTLqIXXyCfMqhSzli2rCD_Ru-wxEZPAn6kQij64GqH3_w4ze20NnwJJEVyMcZBXmowM6DbzH2FY2OPhliHtoXLsiSxwk-CfzxoYmeoquOXTmSaskT5Orxo5kUJTsmVcPVBO0yWPnhuF1R08RThDe0VC90Zcb0hnCa7LBGWQjP43JyDD-yNBf0JYfjB0VOD-eD_w34RMQzeEoejFSOI2f24oukQMuUXAgfF5fgmHg2PJKYCLVUwccp1NKGR8SPBmWJezk6DSWz487xJEcTikjqRDlC8sGDH6eINwjTfSgP5SvKZ0jj6LgoNJKa49Il_MeP2iks5qgP3MgTTYee3OCdKcJ11MrxI_zxHM30gzne44n4gHJT49NxUFfwj9iHWElyBbqUozmD_niAr0UypzH8GV1IfMGvoHmMH02nZEgehYisozt2hWi24MFzvMvhNniOC41dTEuiI39w-DT0LDi149OFTjl8JUeP_9ClxWjyuIj05MIxl6gMMzoYMkf5HGH4HPoRJlMy9EyJZ8G1gzn-I5daQzlSTTWqS0UOLaOGMtHxGOFzGVPyF1dyHCWZCpSaT0iPPgr0iEH24DxK-YKvHJEuCNeF1Onx6-jRbEWuZ5KgS0eY8_jQszjxo6fQvEOeFTLCHJWPD8-IJs-RH-KOWMXh13iEp4S3I_4gJnnRI9-Fch4Rpsd-6InwB_rwETeJUvEDxzz6HfKRN7hxyUW9PYI_dA6Q42oy9MILvYth4AtO6CX8HjkH1zgOTwh0Gqk2oj9exNAsHvlxHT-cDPwshGIT6Mj5DM_RvEKF60KoL0HzBfqQiTIuos_RHGeO7_Af_DH6GenxQ7tQHy_hY7uOyhR0ZRmeBfWL5svxBT8ePH_Qo_mOfEEjZUF_9GhOnEHM5dApVajyozlxRSyuBx88qNGiHKOoDz2Rnjm2__gO98g7oJoKndlx_LhyoT9-Hf3R49IOH9-hHz_OoXKW8fhxIk-aIvzxkwqOkYcWu7gePF1h4ttxzUX_Q8cTXD9O_Dj8BfpwXOPBJrsAZhgCBggEADAEMCWEEVIxAYgxRCAACAAGCCARIAYJIBgQxiDFGaMEAGYEotAA1wRHCCGgACHEACoAIgIIAQQUQAggHCHAMiWIAE4QgQAEDSBBBBCAGC8RwIAog6ACggChjAWCAACIUYA8oAQAghEkCAGGEMGIAAQQyABwBiKEAADCIcKIQQQ4RgwQjAgsGaFIGEMoIggQIASzzghChBFAAgMQCIAZIAEhxAAhEAKEGMCJAQAYBojIAABSACKKKCuRIIY44oBxgDgBABEGAKEIEFAIAaQwQgDllEBCAEkAYIQZoAQBigokhFIEAUEAIQQLDZgiihAkBFKeMAYpE4IJQhFjiDgiFBKIASC8F4IJJ4QR0gAAiGDACAYIMEIgYYDiiiCmCDAMIyIFAAYhIgQyBhSEmANCGuAAYUgAI4QBiAgAiHAMCQEYI4IgTphiwBhghABIGMFIQxAAAKhQghCAGEMCKAKUMgYJYAhwgiFDABNAGAQNEAwAYQxBQhBpECJCAQCUMUgQggBQQiqghADAEKEEEJIAIyHC1AkgCDOACEOAMIABZQkQlCChCFGAMWGMIAYCJACCThEBAFAICGAkY0AIZQBxjiBKCEGICCCQAcoJIggywDBChFAKEQGIAIIqAYgByABCCDFECAGMYkBhhhwBQiCgCFFECKCARAIQQYwDggKCiQCGAEiU4IQQAJQihgAhHAHAGICAEkwIQxxiBigpxGIEMIOUkAAgIAiBAigAADAACIMAAIRAIQhFBghBgDIUGACQoQALIQATRABGDABAAwAYAIIQAxQgijEDCLCEASeVEIogZQwiQBoEgEBQIAGoJFIBxwwQRDyjACGKKEWBAUVQgAQCgANhFAHGAAUQUYQAQJCARAggHKFGCMAAEURpAYgACBJkoBAKCIGAA0ogwwZgQAGAiCLmCIUIIgYwIAAgQgAgFEIUCSCEISIIYQhEQpFgEA"], "date": ["1961"], "genre": ["Rock & Roll"], "musicbrainz album type": ["Compilation"], "musicip_puid": ["878dd19d-14d9-dcc1-f1b0-da1c303cf86f"], "musicbrainz_recordingid": ["0460f1ca-0680-4965-aaeb-929c27b722bc"], "musicbrainz_albumartistid": ["323ed974-8bf6-4f54-9525-b774a659f805"], "musicbrainz_albumid": ["71195026-42a5-4dbb-bf8a-63f4e4e29d6e"], "artist": ["Johnny Hallyday"], "tracknumber": ["18"], "bpm": ["121.69"], "album": ["Collection, Volume 1 : Retiens la Nuit : 1961-1962"], "musicbrainz album release country": ["France"], "acoustid_id": ["df2a54bc-618b-469b-b847-0f61e7eea82d"], "musicbrainz_artistid": ["323ed974-8bf6-4f54-9525-b774a659f805"], "file_name": "Johnny Hallyday - Rebel Rouser (instrumental).mp3"}}, "rhythm": {"bpm_histogram_first_peak_bpm": {"dmean2": 0, "median": 120, "min": 120, "dvar2": 0, "dvar": 0, "dmean": 0, "max": 120, "var": 0, "mean": 120}, "bpm": 120.687942505, "bpm_histogram_second_peak_spread": {"dmean2": 0, "median": 0.444444447756, "min": 0.444444447756, "dvar2": 0, "dvar": 0, "dmean": 0, "max": 0.444444447756, "var": 0, "mean": 0.444444447756}, "bpm_histogram_first_peak_weight": {"dmean2": 0, "median": 0.203438401222, "min": 0.203438401222, "dvar2": 0, "dvar": 0, "dmean": 0, "max": 0.203438401222, "var": 0, "mean": 0.203438401222}, "onset_rate": 3.90815091133, "beats_position": [0.545668900013, 1.09133780003, 1.64861679077, 2.20589566231, 2.75156450272, 3.23918366432, 3.72680258751, 4.22603178024, 4.72526073456, 5.21287965775, 5.70049858093, 6.19972801208, 6.6989569664, 7.19818592072, 7.70902490616, 8.2198638916, 8.73070240021, 9.31120204926, 9.90331077576, 10.47219944, 11.0410881042, 11.6099767685, 12.1904764175, 12.7593650818, 13.3398637772, 13.8390922546, 14.3383216858, 14.8375511169, 15.3367795944, 15.8476190567, 16.3584575653, 16.8692970276, 17.3685264587, 17.8561439514, 18.3437633514, 18.8313827515, 19.3073921204, 19.7834014893, 20.2594108582, 20.7354183197, 21.2230377197, 21.7106571198, 22.1982765198, 22.6742858887, 23.1502952576, 23.6263027191, 24.102312088, 24.589931488, 25.0775508881, 25.5651702881, 26.0527877808, 26.5287971497, 27.0048065186, 27.4924259186, 27.9800453186, 28.4676647186, 28.9552822113, 29.4312915802, 29.9073009491, 30.3949203491, 30.870929718, 31.3469390869, 31.8229465485, 32.322177887, 32.7865753174, 33.2741928101, 33.7618141174, 34.2610435486, 34.7486610413, 35.2478904724, 35.7355079651, 36.2463493347, 36.7455787659, 37.244808197, 37.7440338135, 38.2548751831, 38.7541046143, 39.2533340454, 39.7525634766, 40.2634010315, 40.7510185242, 41.2502479553, 41.7494773865, 42.2603149414, 42.7479362488, 43.2355537415, 43.7231750488, 44.2340126038, 44.7216300964, 45.2208595276, 45.708480835, 46.2077102661, 46.6953277588, 47.1829452515, 47.6821746826, 48.1814041138, 48.6690254211, 49.1682548523, 49.6674804688, 50.1783218384, 50.6659393311, 51.1651687622, 51.6643981934, 52.1636276245, 52.6512451172, 53.1504745483, 53.6380958557, 54.1257133484, 54.6133308411, 55.1009521484, 55.6001815796, 56.0994110107, 56.5870285034, 57.0862579346, 57.5738754272, 58.0731048584, 58.5607261658, 59.0483436584, 59.5475730896, 60.0468025208, 60.5344200134, 61.0220413208, 61.5096588135, 61.9972763062, 62.4848976135, 62.9725151062, 63.4601364136, 63.9477539063, 64.4353713989, 64.9462127686, 65.4454421997, 65.9446716309, 66.4555053711, 66.9663467407, 67.4655761719, 67.964805603, 68.4524230957, 68.9516525269, 69.4624938965, 69.9733352661, 70.4725646973, 70.9833984375, 71.4942398071, 72.0050811768, 72.515914917, 73.0267562866, 73.5259857178, 74.0252151489, 74.5360565186, 75.0468902588, 75.5461196899, 76.0453491211, 76.5561904907, 77.0670318604, 77.5778656006, 78.0770950317, 78.5763244629, 79.0639419556, 79.5515594482, 80.0391845703, 80.5384140015, 81.0376434326, 81.5484771729, 82.0593185425, 82.5585479736, 83.0577774048, 83.5570068359, 84.0562362671, 84.5554656982, 85.0662994385, 85.5655288696, 86.0647583008, 86.5639877319, 87.0748291016, 87.5740585327, 88.0732879639, 88.5609054565, 89.0601348877, 89.5593643188, 90.05859375, 90.5578231812, 91.0570526123, 91.5562820435, 92.0555114746, 92.5547409058, 93.0539703369, 93.5531921387, 94.0640335083, 94.551651001, 95.0276641846, 95.5036697388, 95.9680709839, 96.432472229, 96.8620376587, 97.2916107178, 97.7327880859, 98.1739654541, 98.6035385132, 99.0331039429, 99.462677002, 99.9038543701, 100.3334198, 100.75138092, 101.169342041, 101.587303162, 102.005256653, 102.423217773, 102.841178894, 103.282356262, 103.72353363, 104.164710999, 104.605895996, 105.047073364, 105.465034485, 105.929428101, 106.393829346, 106.858230591, 107.322631836, 107.787025452, 108.239814758, 108.692604065, 109.133781433, 109.574966431, 110.016143799, 110.468933105, 110.921722412, 111.36289978, 111.804077148, 112.245262146, 112.674827576, 113.127616882, 113.56879425, 114.021583557, 114.474372864, 114.938774109, 115.403175354, 115.86756897, 116.331970215, 116.79637146, 117.249160767, 117.690338135, 118.131515503, 118.572692871, 119.013877869, 119.455055237, 119.907844543, 120.36063385, 120.813423157, 121.277824402, 121.71900177, 122.183395386, 122.647796631, 123.112197876, 123.564987183, 124.029388428, 124.493782043, 124.969795227, 125.434196472, 125.898590088, 126.362991333, 126.838996887, 127.291786194, 127.756187439, 128.220581055, 128.6849823, 129.149383545, 129.61378479, 130.089797974, 130.565795898, 131.030197144, 131.494598389, 131.958999634, 132.423400879, 132.887802124, 133.363800049, 133.839813232, 134.304214478, 134.768615723, 135.233016968, 135.697418213, 136.173416138, 136.649429321, 137.113830566, 137.58984375, 138.065841675, 138.541854858, 139.017868042, 139.482269287, 139.958267212, 140.422668457, 140.898681641, 141.374694824, 141.850692749, 142.326705933, 142.802719116, 143.2787323, 143.743133545, 144.21913147, 144.695144653, 145.159545898, 145.635559082, 146.111557007, 146.58757019, 147.051971436, 147.527984619, 148.003982544, 148.468383789, 148.944396973, 149.420410156, 149.884811401, 150.349197388, 150.813598633, 151.289611816, 151.742401123, 152.206802368, 152.682815552, 153.158813477, 153.623214722, 154.087615967, 154.56362915, 155.039627075, 155.50402832, 155.968429565, 156.456054688, 156.943664551, 157.419677734, 157.895690918, 158.371704102, 158.847702026, 159.32371521, 159.799728394, 160.275741577, 160.751739502, 161.227752686, 161.703765869, 162.179763794, 162.655776978, 163.131790161, 163.607803345, 164.08380127, 164.559814453, 165.024215698, 165.488616943, 165.953018188, 166.417419434, 166.88180542, 167.357818604, 167.833831787, 168.309844971, 168.785842896], "beats_loudness": {"dmean2": 0.0180081091821, "median": 0.0222690626979, "min": 8.27099455591e-09, "dvar2": 0.000462031515781, "dvar": 0.000158563183504, "dmean": 0.0104772187769, "max": 0.0944858640432, "var": 0.000287742761429, "mean": 0.022141771391}, "danceability": 1.11654543877, "bpm_histogram_second_peak_weight": {"dmean2": 0, "median": 0.200573071837, "min": 0.200573071837, "dvar2": 0, "dvar": 0, "dmean": 0, "max": 0.200573071837, "var": 0, "mean": 0.200573071837}, "beats_count": 350, "bpm_histogram_second_peak_bpm": {"dmean2": 0, "median": 126, "min": 126, "dvar2": 0, "dvar": 0, "dmean": 0, "max": 126, "var": 0, "mean": 126}, "bpm_histogram_first_peak_spread": {"dmean2": 0, "median": 0.561728417873, "min": 0.561728417873, "dvar2": 0, "dvar": 0, "dmean": 0, "max": 0.561728417873, "var": 0, "mean": 0.561728417873}, "beats_loudness_band_ratio": {"dmean2": [0.198653906584, 0.140896648169, 0.236613169312, 0.147099882364, 0.154257625341, 0.139336049557], "median": [0.141866341233, 0.0922511965036, 0.26530534029, 0.120748341084, 0.114267781377, 0.0982979685068], "min": [0.0001383080089, 0.00285661872476, 0.00389093859121, 0.00305818044581, 0.000184032091056, 6.01593201282e-05], "dvar2": [0.0484624579549, 0.0202229209244, 0.0333795435727, 0.0207270365208, 0.022122554481, 0.0220715254545], "dvar": [0.0202085208148, 0.00791858509183, 0.0117841726169, 0.0086025679484, 0.00797662511468, 0.0083236368373], "dmean": [0.11205881834, 0.0840844660997, 0.140913277864, 0.0881282687187, 0.090527266264, 0.0801161155105], "max": [0.946072638035, 0.82038462162, 0.833957493305, 0.520370781422, 0.59366440773, 0.918207943439], "var": [0.0423579178751, 0.0126000009477, 0.029809365049, 0.0107327885926, 0.0139098558575, 0.01475907024], "mean": [0.202221423388, 0.126629546285, 0.288292944431, 0.142197683454, 0.141242146492, 0.129544958472]}}, "lowlevel": {"barkbands_spread": {"dmean2": 10.164522171, "median": 26.6898117065, "min": 0.595582664013, "dvar2": 160.720901489, "dvar": 71.3904724121, "dmean": 6.59338140488, "max": 126.461181641, "var": 270.74130249, "mean": 28.5734806061}, "melbands_spread": {"dmean2": 15.4092655182, "median": 30.4602184296, "min": 0.802695274353, "dvar2": 535.040527344, "dvar": 226.64604187, "dmean": 9.85608196259, "max": 202.12310791, "var": 651.246887207, "mean": 35.5020027161}, "hfc": {"dmean2": 9.32816505432, "median": 12.9202785492, "min": 1.1827062809e-16, "dvar2": 205.04234314, "dvar": 107.334457397, "dmean": 6.49567937851, "max": 171.427612305, "var": 604.576416016, "mean": 22.8212337494}, "barkbands_kurtosis": {"dmean2": 2.73598790169, "median": 0.146214038134, "min": -1.90323984623, "dvar2": 34.7751617432, "dvar": 17.3908443451, "dmean": 1.80122089386, "max": 161.360733032, "var": 42.2905006409, "mean": 2.23417472839}, "gfcc": {"mean": [-26.6128177643, 62.2768821716, -124.5182724, 15.0037746429, -72.1274719238, 15.7969846725, -44.8933448792, 19.7251338959, -18.7063064575, 5.82952356339, -20.3497982025, 1.05995213985, -12.1460914612], "icov": [[0.000156090041855, -0.000134342029924, 0.00031989972922, -0.000297105580103, 0.000512673694175, -0.000352938164724, 0.000393430353142, -0.000319894228596, 0.000432388333138, -0.000205486256164, 0.000501084548887, -0.000278351712041, 0.000311692885589], [-0.000134342029924, 0.0014247726649, -0.000171766383573, 0.000864829053171, -0.00167210795917, 0.000544376438484, 1.86934012163e-05, 0.000268723990303, -0.00220446358435, 0.00285376561806, -0.00184883282054, 0.00116853346117, -0.000429686071584], [0.00031989972922, -0.000171766383573, 0.00195192045067, -0.000764910888392, 0.00139994011261, -0.00145039043855, 0.000895985227544, 0.000114705610031, 7.93098370195e-05, 1.74660453922e-05, 0.00118345324881, -0.00134839338716, 0.00171208719257], [-0.000297105580103, 0.000864829053171, -0.000764910888392, 0.00373971089721, -0.00289529678412, -0.000692161323968, -0.00038745458005, -0.000838641950395, -0.000360339792678, -4.50248662673e-05, 0.00143203127664, 0.0016727350885, -0.00252740713768], [0.000512673694175, -0.00167210795917, 0.00139994011261, -0.00289529678412, 0.00918842386454, -0.00375883467495, -0.00064398557879, 0.00036106974585, -0.000600437109824, 0.0020371642895, -0.00124769483227, 0.00128630700056, 0.000648788292892], [-0.000352938164724, 0.000544376438484, -0.00145039043855, -0.000692161323968, -0.00375883467495, 0.0081762066111, -0.00279614259489, -0.00272229826078, 0.00286301597953, -0.00337676308118, 0.00123773352243, -0.00131254759617, 0.00342199741863], [0.000393430353142, 1.86934012163e-05, 0.000895985227544, -0.00038745458005, -0.00064398557879, -0.00279614259489, 0.0109116015956, -0.00186504155863, -5.53851496079e-05, 0.00127956748474, -0.000283920729998, 0.000585723726545, -0.00126173382159], [-0.000319894228596, 0.000268723990303, 0.000114705610031, -0.000838641950395, 0.00036106974585, -0.00272229826078, -0.00186504155863, 0.0157688613981, -0.0101395426318, 0.00555468490347, -0.00127638829872, 0.00233490322717, -0.000421767181251], [0.000432388333138, -0.00220446358435, 7.93098370195e-05, -0.000360339792678, -0.000600437109824, 0.00286301597953, -5.53851496079e-05, -0.0101395426318, 0.0248013623059, -0.0166649743915, 0.00584669131786, -0.0026116759982, 0.00044470911962], [-0.000205486256164, 0.00285376561806, 1.74660453922e-05, -4.50248662673e-05, 0.0020371642895, -0.00337676308118, 0.00127956748474, 0.00555468490347, -0.0166649743915, 0.03136761114, -0.0151195237413, 0.00583554431796, -0.0032967326697], [0.000501084548887, -0.00184883282054, 0.00118345324881, 0.00143203127664, -0.00124769483227, 0.00123773352243, -0.000283920729998, -0.00127638829872, 0.00584669131786, -0.0151195237413, 0.0255653467029, -0.0107707204297, 0.00519646657631], [-0.000278351712041, 0.00116853346117, -0.00134839338716, 0.0016727350885, 0.00128630700056, -0.00131254759617, 0.000585723726545, 0.00233490322717, -0.0026116759982, 0.00583554431796, -0.0107707204297, 0.0239951126277, -0.0096522141248], [0.000311692885589, -0.000429686071584, 0.00171208719257, -0.00252740713768, 0.000648788292892, 0.00342199741863, -0.00126173382159, -0.000421767181251, 0.00044470911962, -0.0032967326697, 0.00519646657631, -0.0096522141248, 0.0197999887168]], "cov": [[17350.1132813, -681.188354492, -1115.21118164, 1895.84143066, 57.5997161865, 1032.94799805, -100.486633301, 535.693664551, -239.559783936, -188.473129272, -606.26940918, -255.892242432, -116.512512207], [-681.188354492, 1658.94250488, -290.22555542, -383.583679199, 223.488571167, -204.406356812, 7.99959135056, 8.09693813324, 103.104743958, -83.5623092651, 107.106956482, -24.7353553772, -4.85393333435], [-1115.21118164, -290.22555542, 989.351074219, 198.167510986, 8.6869020462, 218.976196289, 14.7313737869, 9.25388526917, -14.2529344559, 2.09323835373, -45.716758728, 1.43656516075, -72.6222076416], [1895.84143066, -383.583679199, 198.167510986, 1130.55285645, 376.16192627, 541.962524414, 159.675186157, 219.884719849, -10.0652704239, -46.5453987122, -210.631088257, -135.320053101, -20.3364830017], [57.5997161865, 223.488571167, 8.6869020462, 376.16192627, 390.069610596, 258.270507813, 121.437469482, 103.150680542, 23.4646549225, -40.0309295654, -49.0897216797, -76.7406158447, -27.992855072], [1032.94799805, -204.406356812, 218.976196289, 541.962524414, 258.270507813, 507.038726807, 130.329208374, 146.337600708, -16.6035079956, -19.8279724121, -106.082763672, -79.3929977417, -68.9128189087], [-100.486633301, 7.99959135056, 14.7313737869, 159.675186157, 121.437469482, 130.329208374, 151.959503174, 57.4603652954, 10.9075746536, -12.2161283493, -23.8743419647, -29.0779514313, -4.92088222504], [535.693664551, 8.09693813324, 9.25388526917, 219.884719849, 103.150680542, 146.337600708, 57.4603652954, 147.017440796, 39.4615936279, -11.8923406601, -47.6786155701, -41.9319343567, -13.6622076035], [-239.559783936, 103.104743958, -14.2529344559, -10.0652704239, 23.4646549225, -16.6035079956, 10.9075746536, 39.4615936279, 92.3674926758, 35.7967987061, 14.5300273895, -3.00271058083, 8.20115756989], [-188.473129272, -83.5623092651, 2.09323835373, -46.5453987122, -40.0309295654, -19.8279724121, -12.2161283493, -11.8923406601, 35.7967987061, 78.1230316162, 40.8524627686, 13.7889471054, 6.94181108475], [-606.26940918, 107.106956482, -45.716758728, -210.631088257, -49.0897216797, -106.082763672, -23.8743419647, -47.6786155701, 14.5300273895, 40.8524627686, 111.824295044, 46.1589927673, 5.97008180618], [-255.892242432, -24.7353553772, 1.43656516075, -135.320053101, -76.7406158447, -79.3929977417, -29.0779514313, -41.9319343567, -3.00271058083, 13.7889471054, 46.1589927673, 83.2633514404, 30.4225292206], [-116.512512207, -4.85393333435, -72.6222076416, -20.3364830017, -27.992855072, -68.9128189087, -4.92088222504, -13.6622076035, 8.20115756989, 6.94181108475, 5.97008180618, 30.4225292206, 82.3756484985]]}, "spectral_energyband_middle_low": {"dmean2": 0.00376125983894, "median": 0.00500785280019, "min": 2.49513675096e-22, "dvar2": 3.17790945701e-05, "dvar": 1.33015528263e-05, "dmean": 0.00245031295344, "max": 0.0484948419034, "var": 3.74726296286e-05, "mean": 0.00671453867108}, "melbands_crest": {"dmean2": 4.42092084885, "median": 10.1099491119, "min": 2.02141261101, "dvar2": 20.1519641876, "dvar": 7.49646282196, "dmean": 2.72663283348, "max": 33.6688690186, "var": 24.4457855225, "mean": 11.2855043411}, "spectral_kurtosis": {"dmean2": 2.5328335762, "median": 2.97094869614, "min": -1.28031075001, "dvar2": 31.5098361969, "dvar": 11.7541751862, "dmean": 1.55091321468, "max": 86.9876174927, "var": 83.5590744019, "mean": 5.29876708984}, "spectral_rms": {"dmean2": 0.00074318080442, "median": 0.00357412546873, "min": 3.24022796441e-12, "dvar2": 7.37235268389e-07, "dvar": 3.6949526816e-07, "dmean": 0.000527820142452, "max": 0.0111530935392, "var": 3.12653537549e-06, "mean": 0.00357030937448}, "zerocrossingrate": {"dmean2": 0.0161784160882, "median": 0.08251953125, "min": 0.0078125, "dvar2": 0.000422335317126, "dvar": 0.00031256096554, "dmean": 0.0139385387301, "max": 0.5078125, "var": 0.00257392576896, "mean": 0.0902930125594}, "silence_rate_60dB": {"dmean2": 0.0987112671137, "median": 0, "min": 0, "dvar2": 0.104326970875, "dvar": 0.0469185560942, "dmean": 0.0493488684297, "max": 1, "var": 0.134912982583, "mean": 0.160773023963}, "erbbands_kurtosis": {"dmean2": 1.69125306606, "median": 0.137439087033, "min": -1.820099473, "dvar2": 6.99662160873, "dvar": 3.30441880226, "dmean": 1.09075951576, "max": 43.842250824, "var": 11.5987844467, "mean": 1.18764257431}, "erbbands": {"dmean2": [0.0207443758845, 0.438002228737, 1.05325901508, 1.55094587803, 3.54796218872, 4.32820367813, 3.78434753418, 4.46162557602, 9.55262756348, 17.2835502625, 28.029296875, 25.8473815918, 20.8250484467, 18.4587116241, 15.3528766632, 13.946931839, 17.9751529694, 16.4746246338, 16.9445438385, 18.4251670837, 34.7764549255, 28.8794269562, 23.1000137329, 10.3574666977, 5.01420783997, 6.32670879364, 9.11510467529, 9.75284767151, 7.2745552063, 4.58846616745, 3.50539660454, 2.94895386696, 3.68876504898, 2.18612170219, 0.655614376068, 0.190153002739, 0.0517701692879, 0.0126214064658, 0.00113421888091, 2.76162754744e-05], "median": [0.00856465939432, 0.192535996437, 0.513408303261, 0.61218392849, 0.952990710735, 1.07466888428, 2.06818532944, 3.37280035019, 5.87080669403, 12.3694782257, 14.9853000641, 16.5751152039, 14.4385414124, 7.70291805267, 8.29540634155, 8.19183349609, 9.98436164856, 10.6743545532, 7.48357391357, 8.48319244385, 11.10222435, 9.38670349121, 7.26590919495, 5.30710124969, 3.2664680481, 2.60414791107, 2.65106010437, 2.81288719177, 2.52490973473, 2.00454711914, 1.84488916397, 1.57599234581, 1.34629249573, 0.86467564106, 0.390123486519, 0.106341160834, 0.0208081975579, 0.00259671313688, 8.0134588643e-05, 2.42868009082e-05], "min": [6.95361324202e-22, 2.70016793538e-21, 8.3480553759e-21, 1.37410968707e-20, 2.69116394516e-20, 7.38288746624e-20, 1.70250197353e-19, 3.42343327262e-19, 5.75804353506e-19, 2.4648919844e-19, 5.78897492009e-19, 7.70694413076e-19, 7.08108428665e-19, 1.13431422156e-18, 1.05172633785e-18, 1.74194104041e-18, 2.28986920048e-18, 5.40912014112e-18, 3.92789360849e-18, 4.96930159198e-18, 3.98751141037e-18, 5.86931256234e-18, 1.00345031955e-17, 7.17707642539e-18, 1.26782410892e-17, 1.30099975903e-17, 1.56998417041e-17, 1.23369951721e-17, 1.64710073e-17, 1.56274220415e-17, 1.35836845682e-17, 1.14307104504e-17, 1.44592064429e-17, 1.09299981733e-17, 9.70742770945e-18, 5.28973895358e-18, 2.74523005974e-18, 1.23744224065e-18, 2.88959856413e-19, 2.81390720831e-20], "dvar2": [0.0018930156948, 1.21721959114, 5.91415071487, 8.57009983063, 79.193359375, 158.725601196, 40.3396339417, 52.5015296936, 302.727905273, 728.013916016, 2614.75439453, 2094.68945313, 1154.73413086, 2275.0949707, 755.869140625, 623.439697266, 938.890136719, 1169.64916992, 1542.72338867, 1275.53710938, 5028.42382813, 3170.50146484, 2110.27685547, 339.698883057, 73.7001724243, 136.159988403, 312.564025879, 376.135375977, 198.155303955, 97.7644348145, 53.3048210144, 40.8175544739, 66.8463668823, 22.4210548401, 1.87513804436, 0.17595602572, 0.018361415714, 0.00166283478029, 3.23378808389e-05, 1.17441665282e-08], "dvar": [0.00103930896148, 0.731317222118, 2.73982405663, 3.52820539474, 28.018075943, 57.1003570557, 17.8959236145, 25.2219924927, 123.785774231, 311.415374756, 1266.74438477, 1020.01733398, 507.165893555, 951.328918457, 320.720825195, 295.933319092, 425.860931396, 483.543395996, 602.314819336, 572.454772949, 2189.34179688, 1368.85742188, 980.64666748, 155.39251709, 35.0060539246, 72.2712402344, 157.992019653, 200.645507813, 88.590461731, 38.8509368896, 20.0698738098, 15.4347190857, 31.2606925964, 10.7555809021, 0.83256983757, 0.0819456502795, 0.0085325865075, 0.000716850394383, 1.30495454869e-05, 4.76542094674e-09], "dmean": [0.0138242663816, 0.31147390604, 0.704288482666, 0.957127034664, 2.03829693794, 2.491710186, 2.52492547035, 2.98350691795, 6.12341976166, 11.0825004578, 18.3726024628, 17.1688480377, 13.7790384293, 11.7911338806, 9.90633773804, 9.06488609314, 11.760807991, 10.2713241577, 10.7408008575, 11.8404808044, 22.158700943, 18.5147914886, 15.014005661, 6.71965551376, 3.30923295021, 4.33412742615, 6.04207134247, 6.55120944977, 4.65954399109, 2.83806419373, 2.14632368088, 1.80516314507, 2.41342329979, 1.46778297424, 0.428494662046, 0.126233637333, 0.0347718670964, 0.00832026079297, 0.000677027215715, 1.78299596882e-05], "max": [0.788985013962, 25.2262516022, 41.161113739, 22.7629947662, 65.2562408447, 95.6682739258, 83.4947052002, 151.6015625, 236.952331543, 232.159683228, 710.650634766, 713.563964844, 478.623382568, 1604.30969238, 342.30355835, 376.848876953, 396.371673584, 591.012268066, 632.412109375, 549.518188477, 1006.12365723, 607.510498047, 589.231018066, 261.136108398, 122.802749634, 211.991867065, 201.587081909, 342.802246094, 206.477111816, 152.849182129, 88.4526596069, 98.3882980347, 121.536720276, 63.199382782, 30.8119983673, 9.7570142746, 2.75478243828, 0.700237035751, 0.118806652725, 0.00278387102298], "var": [0.00220227381214, 1.61376559734, 6.10561847687, 7.54652118683, 21.6997413635, 39.0700683594, 49.2936897278, 67.8045120239, 327.582672119, 704.016357422, 3894.95166016, 3335.36401367, 1752.06774902, 2879.00073242, 915.661437988, 990.619506836, 1409.71875, 967.031982422, 1662.10705566, 1912.34448242, 9202.33886719, 4899.55224609, 4448.84912109, 565.439880371, 140.815063477, 415.289123535, 735.14855957, 882.423156738, 269.384460449, 77.1491775513, 47.4226226807, 33.9173660278, 82.4893722534, 25.2508926392, 1.87013244629, 0.171780988574, 0.0141520025209, 0.000921717903111, 1.23326990433e-05, 4.9990043216e-09], "mean": [0.0227336566895, 0.512998461723, 1.32089865208, 1.82715642452, 2.54671859741, 2.68094491959, 4.73018503189, 5.81213855743, 11.7821483612, 21.6456127167, 38.2566490173, 36.2083320618, 29.243680954, 20.3349971771, 19.4342918396, 19.6923866272, 24.3866977692, 19.654542923, 21.9767780304, 26.0834598541, 50.9671096802, 43.9386253357, 39.5764808655, 16.2468833923, 7.68206882477, 10.6477384567, 15.1175518036, 15.4619503021, 9.68178939819, 5.27921915054, 4.12423181534, 3.45446491241, 4.5190987587, 2.64647984505, 0.829062998295, 0.229578286409, 0.0551676824689, 0.0106710297987, 0.000638478551991, 3.66512249457e-05]}, "spectral_strongpeak": {"dmean2": 1.04298090935, "median": 0.588290989399, "min": 0, "dvar2": 2.85429215431, "dvar": 1.12452602386, "dmean": 0.617427408695, "max": 12.7210206985, "var": 2.25188732147, "mean": 1.16641139984}, "spectral_energy": {"dmean2": 0.00628631189466, "median": 0.0130937322974, "min": 1.07615535302e-20, "dvar2": 7.31890540919e-05, "dvar": 3.73012080672e-05, "dmean": 0.00441407365724, "max": 0.127501294017, "var": 0.000190121732885, "mean": 0.016270449385}, "average_loudness": 0.838055670261, "spectral_rolloff": {"dmean2": 1324.50927734, "median": 1981.0546875, "min": 86.1328125, "dvar2": 4951876.5, "dvar": 2165071.5, "dmean": 790.407653809, "max": 18798.4863281, "var": 4754390, "mean": 2484.37548828}, "spectral_centroid": {"dmean2": 426.682312012, "median": 1561.79455566, "min": 254.25239563, "dvar2": 308723, "dvar": 135895.34375, "dmean": 275.70098877, "max": 11270.7783203, "var": 615146.9375, "mean": 1648.93347168}, "pitch_salience": {"dmean2": 0.105269186199, "median": 0.608953952789, "min": 0.0653332322836, "dvar2": 0.00939563196152, "dvar": 0.00390275288373, "dmean": 0.0657703578472, "max": 0.927696704865, "var": 0.0144781405106, "mean": 0.598352491856}, "spectral_energyband_middle_high": {"dmean2": 0.00227183452807, "median": 0.00304694566876, "min": 1.24720893258e-21, "dvar2": 1.0822652257e-05, "dvar": 5.66383232581e-06, "dmean": 0.0015439435374, "max": 0.0459576882422, "var": 3.73411530745e-05, "mean": 0.00540816783905}, "spectral_contrast_coeffs": {"dmean2": [0.0826828032732, 0.0692947134376, 0.063677996397, 0.0503663830459, 0.0399139076471, 0.0284268371761], "median": [-0.655309677124, -0.732940196991, -0.75261425972, -0.784596145153, -0.789023280144, -0.796997964382], "min": [-0.978614449501, -0.98142683506, -0.976155817509, -0.973643004894, -0.960977852345, -0.960066139698], "dvar2": [0.00580214289948, 0.00319313374348, 0.00256404955871, 0.00163898558822, 0.00107456103433, 0.000648154004011], "dvar": [0.00214047171175, 0.00123251741752, 0.000977904070169, 0.000669173023198, 0.000488901860081, 0.000348637113348], "dmean": [0.0496977902949, 0.0423896200955, 0.0388836413622, 0.0307826548815, 0.0253415647894, 0.0183690078557], "max": [-0.339925915003, -0.477231860161, -0.518590867519, -0.55745691061, -0.549601495266, -0.605122506618], "var": [0.0053695756942, 0.00588657008484, 0.00435340916738, 0.00410193670541, 0.00415571779013, 0.00281197857112], "mean": [-0.65511494875, -0.729624629021, -0.751647770405, -0.777794420719, -0.775818586349, -0.787076234818]}, "melbands_skewness": {"dmean2": 0.866655707359, "median": 1.51982140541, "min": -0.913000762463, "dvar2": 1.09768879414, "dvar": 0.53931581974, "dmean": 0.575503110886, "max": 13.7781505585, "var": 2.54358005524, "mean": 1.95348334312}, "spectral_spread": {"dmean2": 901153.5625, "median": 5372512, "min": 996957.9375, "dvar2": 1423667101700.0, "dvar": 670757486592, "dmean": 580697.6875, "max": 42590788, "var": 4881321033730.0, "mean": 5554290.5}, "dissonance": {"dmean2": 0.0300531573594, "median": 0.467272400856, "min": 0.117373012006, "dvar2": 0.000824690272566, "dvar": 0.000334216310875, "dmean": 0.0183268599212, "max": 0.5, "var": 0.00213470612653, "mean": 0.454828768969}, "spectral_skewness": {"dmean2": 0.326059937477, "median": 1.46381604671, "min": -0.0772892609239, "dvar2": 0.196338295937, "dvar": 0.0793743431568, "dmean": 0.205726549029, "max": 7.65996980667, "var": 0.833012700081, "mean": 1.65331804752}, "spectral_flux": {"dmean2": 0.0260663889349, "median": 0.0554644912481, "min": 6.88097842594e-11, "dvar2": 0.000781668466516, "dvar": 0.000351644237526, "dmean": 0.0167804695666, "max": 0.206683069468, "var": 0.00128901109565, "mean": 0.0607069581747}, "spectral_contrast_valleys": {"dmean2": [0.661870598793, 0.608923375607, 0.556118965149, 0.493563324213, 0.46727347374, 0.406194835901], "median": [-7.82696628571, -6.73987531662, -7.29191732407, -7.63131999969, -7.64968633652, -9.55367851257], "min": [-27.3247528076, -27.3850345612, -27.3436126709, -27.398481369, -27.3711471558, -27.4087562561], "dvar2": [0.293809115887, 0.300205588341, 0.229079842567, 0.200223296881, 0.22442509234, 0.240989491343], "dvar": [0.125053554773, 0.123499803245, 0.0984569266438, 0.0903052091599, 0.112272940576, 0.120243370533], "dmean": [0.41224142909, 0.374324351549, 0.341542750597, 0.305160731077, 0.308853089809, 0.282232195139], "max": [-5.81644964218, -5.03967857361, -5.64072990417, -5.7695684433, -5.49931621552, -7.55116271973], "var": [2.34677863121, 1.53991127014, 1.54439735413, 1.73573517799, 2.00354099274, 2.25324487686], "mean": [-8.35601997375, -6.9640879631, -7.52780723572, -7.94475746155, -7.97534990311, -9.91394805908]}, "erbbands_flatness_db": {"dmean2": 0.0223035234958, "median": 0.147209584713, "min": 0.0358610004187, "dvar2": 0.000449686864158, "dvar": 0.000229466095334, "dmean": 0.0152136571705, "max": 0.450349867344, "var": 0.00394845055416, "mean": 0.159970253706}, "spectral_energyband_high": {"dmean2": 0.00081817706814, "median": 0.000471190607641, "min": 7.44743178783e-21, "dvar2": 2.25090502681e-06, "dvar": 1.05267906747e-06, "dmean": 0.000552214856725, "max": 0.0145581364632, "var": 3.87944010072e-06, "mean": 0.00137483526487}, "spectral_entropy": {"dmean2": 0.23482388258, "median": 7.79088878632, "min": 4.74108886719, "dvar2": 0.0619556494057, "dvar": 0.0295686405152, "dmean": 0.158265337348, "max": 9.81143188477, "var": 0.333893179893, "mean": 7.70943164825}, "silence_rate_20dB": {"dmean2": 0, "median": 1, "min": 1, "dvar2": 0, "dvar": 0, "dmean": 0, "max": 1, "var": 0, "mean": 1}, "melbands_flatness_db": {"dmean2": 0.0342661626637, "median": 0.140877008438, "min": 0.00333548779599, "dvar2": 0.00120828230865, "dvar": 0.00060801912332, "dmean": 0.0232978034765, "max": 0.504182398319, "var": 0.00631203688681, "mean": 0.157195106149}, "barkbands": {"dmean2": [6.76224908602e-06, 0.00160694413353, 0.00086457002908, 0.000625510525424, 0.00126166315749, 0.000547283794731, 0.000782908638939, 0.00131826719735, 0.00114807614591, 0.000707685074303, 0.00035721968743, 0.000402960140491, 0.000415238027927, 0.000387498614145, 0.000287420582026, 0.000685992010403, 0.000550048716832, 0.00040331154014, 0.000145220255945, 0.000150685271365, 0.000239900691668, 0.000197458561161, 0.000120734832308, 0.000180489209015, 0.000138458432048, 3.28792411892e-05, 6.9306347541e-06], "median": [2.21373511522e-06, 0.000682817364577, 0.000306609174004, 0.000176542744157, 0.000350827991497, 0.000416582653997, 0.000505676376633, 0.000647125183605, 0.000700432923622, 0.00032354722498, 0.000126312224893, 0.000176106317667, 0.000187626443221, 0.000167418416822, 0.000103377671621, 0.000208611003472, 0.000144673860632, 0.000114353751997, 7.98172986833e-05, 5.23535636603e-0