{"tonal": {"thpcp": [1, 0.583040118217, 0.0717483758926, 0.0219019167125, 0.0254156794399, 0.182161644101, 0.311884105206, 0.156922489405, 0.163802564144, 0.307183504105, 0.162254631519, 0.0151322074234, 0.0181703157723, 0.044974155724, 0.159185454249, 0.2269307971, 0.13020594418, 0.0377829037607, 0.020032858476, 0.0220838561654, 0.0513594709337, 0.0922897234559, 0.233289256692, 0.577015161514, 0.744411468506, 0.363970130682, 0.0238343719393, 0.0179712232202, 0.0298005156219, 0.0912269726396, 0.149839565158, 0.0979772359133, 0.0315583385527, 0.0277532804757, 0.0565976686776, 0.517075419426], "hpcp": {"dmean2": [0.202360481024, 0.187959045172, 0.0905788987875, 0.0335539728403, 0.0405179969966, 0.0864710658789, 0.0910848006606, 0.0842934176326, 0.0921997204423, 0.125749751925, 0.0730212032795, 0.0262466203421, 0.0309662465006, 0.0647225379944, 0.102756120265, 0.11890502274, 0.121594749391, 0.0606452189386, 0.0328583493829, 0.0297861211002, 0.0378079600632, 0.0525464750826, 0.200818672776, 0.307358443737, 0.173288106918, 0.115761741996, 0.0288111176342, 0.0270237475634, 0.0424250401556, 0.0895147249103, 0.0967722982168, 0.0857551470399, 0.0557537414134, 0.0480958893895, 0.0722480863333, 0.208653539419], "median": [0.855139374733, 0.42802631855, 0.00863659661263, 0.00295330910012, 0.00265276059508, 0.0164609961212, 0.0332488194108, 0.0205770470202, 0.0525909997523, 0.0957468822598, 0.0509308204055, 0.00203974545002, 0.00221534166485, 0.00582805788144, 0.0406949594617, 0.081068366766, 0.0461957119405, 0.00505012366921, 0.000937082222663, 0.000843331683427, 0.0142346695065, 0.0295820571482, 0.107324615121, 0.332937568426, 0.436839699745, 0.195475488901, 0.00482264952734, 0.00168090732768, 0.00211895490065, 0.0145027507097, 0.0271110869944, 0.0141416825354, 0.0013143918477, 0.000585702713579, 0.00439901277423, 0.368029922247], "min": [0, 0, 0, 0, 0, 0, 0, 0, 0, 0, 0, 0, 0, 0, 0, 0, 0, 0, 0, 0, 0, 0, 0, 0, 0, 0, 0, 0, 0, 0, 0, 0, 0, 0, 0, 0], "dvar2": [0.103580527008, 0.0549743957818, 0.0361785851419, 0.0180550646037, 0.018399072811, 0.032721914351, 0.046942140907, 0.0351919829845, 0.0252617802471, 0.0392559878528, 0.0162860453129, 0.0108107160777, 0.0148698166013, 0.0209305714816, 0.0250834524632, 0.0319819450378, 0.0323963090777, 0.0136431660503, 0.0139994863421, 0.0119028491899, 0.0122112911195, 0.0133657427505, 0.041343215853, 0.0889637172222, 0.0373194590211, 0.0221258830279, 0.007996737957, 0.0132151478902, 0.0187513381243, 0.0328257270157, 0.0322466567159, 0.0370940864086, 0.0234086550772, 0.0253708437085, 0.0296818818897, 0.0626193434], "dvar": [0.0355993807316, 0.0188122913241, 0.0121156321838, 0.00657546985894, 0.00682265963405, 0.0115383351222, 0.0158955622464, 0.0115453125909, 0.00883789546788, 0.0141000002623, 0.00579633377492, 0.00367786525749, 0.00501159019768, 0.00716047734022, 0.0095727648586, 0.0119561534375, 0.0109900534153, 0.00468067917973, 0.00474261818454, 0.00435380218551, 0.0046153892763, 0.00499111087993, 0.0135302664712, 0.028883991763, 0.0159949343652, 0.00801671016961, 0.00291342358105, 0.0046232198365, 0.00684002041817, 0.0117262629792, 0.0122250197455, 0.0128819635138, 0.00864278059453, 0.00930773466825, 0.0112163759768, 0.0214780271053], "dmean": [0.118056632578, 0.109829284251, 0.0503659285605, 0.0180980246514, 0.0222903266549, 0.0499729141593, 0.0523662045598, 0.048583868891, 0.0521725378931, 0.0740032866597, 0.0425259880722, 0.0139517690986, 0.0164633896202, 0.0352523066103, 0.0610396340489, 0.0715672671795, 0.0681790933013, 0.0324247516692, 0.0175435934216, 0.0165914036334, 0.0213069729507, 0.0302924215794, 0.111706033349, 0.17321176827, 0.108300067484, 0.07109336555, 0.0157275572419, 0.0146737191826, 0.0234640352428, 0.0513225756586, 0.0562668964267, 0.0488493405282, 0.0299895592034, 0.026175390929, 0.0400127209723, 0.122016735375], "max": [1, 1, 1, 1, 1, 1, 1, 1, 1, 1, 1, 1, 1, 1, 1, 1, 1, 1, 1, 1, 1, 1, 1, 1, 1, 1, 1, 1, 1, 1, 1, 1, 1, 1, 1, 1], "var": [0.132492780685, 0.0637395977974, 0.0106687536463, 0.00486827455461, 0.00512219080701, 0.0426850393414, 0.11677955091, 0.0289702620357, 0.0198744405061, 0.0666692331433, 0.0190368462354, 0.00236035045236, 0.00350535335019, 0.00719193881378, 0.0297834035009, 0.0386848188937, 0.0138999037445, 0.00378827890381, 0.00356820691377, 0.00578440306708, 0.008604709059, 0.0105334641412, 0.0227718390524, 0.0809909924865, 0.117975659668, 0.0389675050974, 0.00254391459748, 0.00408517057076, 0.00728752184659, 0.0182362310588, 0.040662676096, 0.0228270385414, 0.00723127974197, 0.00789436977357, 0.014393764548, 0.0512972511351], "mean": [0.676492273808, 0.394422143698, 0.0485372208059, 0.0148164778948, 0.0171935111284, 0.123230941594, 0.210987180471, 0.106156855822, 0.110811173916, 0.207807257771, 0.109764002264, 0.0102368211374, 0.0122920777649, 0.030424669385, 0.107687726617, 0.153516933322, 0.088083319366, 0.0255598425865, 0.0135520743206, 0.0149395586923, 0.0347442850471, 0.062433283776, 0.157818377018, 0.390346318483, 0.503588616848, 0.246222987771, 0.0161237679422, 0.0121573936194, 0.0201598182321, 0.0617143400013, 0.101365305483, 0.0662808418274, 0.0213489718735, 0.0187748800963, 0.0382878854871, 0.349797517061]}, "tuning_equal_tempered_deviation": 0.0189905874431, "chords_changes_rate": 0.0167541373521, "key_key": "A", "tuning_diatonic_strength": 0.473584890366, "key_scale": "minor", "chords_number_rate": 0.00100928544998, "tuning_frequency": 443.572570801, "tuning_nontempered_energy_ratio": 0.588712573051, "chords_histogram": [2.54339933395, 0.888171195984, 2.88655638695, 0.867985486984, 0, 0.605571269989, 0, 1.97819948196, 0, 0.847799777985, 0, 0, 0.0605571269989, 0, 0, 0, 0.282599925995, 0, 0, 0.0201857089996, 0.0605571269989, 0.0605571269989, 23.7787647247, 65.1190948486], "key_strength": 0.6059897542, "chords_key": "F", "chords_strength": {"dmean2": 0.00286643556319, "median": 0.56190776825, "min": 0.200648859143, "dvar2": 1.02892354334e-05, "dvar": 1.20915137813e-05, "dmean": 0.00331107713282, "max": 0.734956860542, "var": 0.0157434027642, "mean": 0.538325071335}, "chords_scale": "major", "hpcp_entropy": {"dmean2": 0.526045024395, "median": 1.68165969849, "min": 0, "dvar2": 0.260804057121, "dvar": 0.0932135507464, "dmean": 0.313006877899, "max": 3.2243475914, "var": 0.413630753756, "mean": 1.57754075527}}, "metadata": {"audio_properties": {"equal_loudness": 0, "codec": "flac", "downmix": "mix", "sample_rate": 44100, "analysis_sample_rate": 44100, "bit_rate": 0, "md5_encoded": "23d1733ae9fa084f56ac45cb5b55489a", "length": 230, "replay_gain": -4.31817436218, "lossless": true}, "version": {"essentia_build_sha": "70f2e5ece6736b2c40cc944ad0e695b16b925413", "essentia": "2.1-beta2", "extractor": "music 1.0", "essentia_git_sha": "v2.1_beta2"}, "tags": {"title": ["Palimpsest"], "media": ["Digital Media"], "albumartist": ["Sylvain Chauveau & Stephan Mathieu"], "tracktotal": ["7"], "musicbrainz_releasegroupid": ["5bda214f-25ff-4a02-82a6-5828b6ca9e76"], "performer": ["Stephan Mathieu", "Sylvain Chauveau"], "releasetype": ["album"], "musicbrainz_recordingid": ["046055b0-41d1-4c3e-adfc-b09d073aea4d"], "composer": ["Lyrics by Bill Callahan, Your/My Music (BMI) | Music by Stephan Mathieu, TouchMusic (MCPS)"], "musicbrainz_albumartistid": ["e0443586-8830-4b7a-91c1-d6876c16d669", "2a8fd819-80b9-4df7-b36b-613e41b6a04a"], "discnumber": ["1"], "totaldiscs": ["1"], "album": ["Palimpsest"], "catalognumber": ["\u222b\u2202 I \u00c6quinoktium MMXII"], "releasecountry": ["DE"], "file_name": "01. Palimpsest.flac", "albumartistsort": ["Chauveau, Sylvain & Mathieu, Stephan"], "date": ["2012-08-26"], "genre": ["Electroacoustic Ballade"], "disctotal": ["1"], "musicbrainz_artistid": ["e0443586-8830-4b7a-91c1-d6876c16d669", "2a8fd819-80b9-4df7-b36b-613e41b6a04a"], "originaldate": ["2012-08-26"], "musicbrainz_albumid": ["fe0ed08d-0e8f-4e01-9ec3-a33af1555c42"], "tracknumber": ["1"], "artistsort": ["Chauveau, Sylvain & Mathieu, Stephan"], "artist": ["Sylvain Chauveau & Stephan Mathieu"], "label": ["Schwebung"], "releasestatus": ["official"], "acoustid_id": ["1df849b0-9249-4777-9b3c-83bf29d23517"], "script": ["Latn"], "totaltracks": ["7"]}}, "rhythm": {"bpm_histogram_first_peak_bpm": {"dmean2": 0, "median": 161, "min": 161, "dvar2": 0, "dvar": 0, "dmean": 0, "max": 161, "var": 0, "mean": 161}, "bpm": 163.270324707, "bpm_histogram_second_peak_spread": {"dmean2": 0, "median": 0.50819671154, "min": 0.50819671154, "dvar2": 0, "dvar": 0, "dmean": 0, "max": 0.50819671154, "var": 0, "mean": 0.50819671154}, "bpm_histogram_first_peak_weight": {"dmean2": 0, "median": 0.073333337903, "min": 0.073333337903, "dvar2": 0, "dvar": 0, "dmean": 0, "max": 0.073333337903, "var": 0, "mean": 0.073333337903}, "onset_rate": 0.526048362255, "beats_position": [0.545668900013, 1.10294783115, 1.67183673382, 2.22911548615, 2.7863945961, 3.34367346764, 3.88934230804, 4.43501138687, 4.8994102478, 5.36380958557, 5.8282084465, 6.29260778427, 6.76861667633, 7.23301553726, 7.65097475052, 8.06893444061, 8.48689365387, 8.90485286713, 9.287981987, 9.65950107574, 10.0310201645, 10.4025392532, 10.7624483109, 11.1339683533, 11.505487442, 11.8770065308, 12.2485256195, 12.6084346771, 12.9799547195, 13.3514738083, 13.722992897, 14.0945119858, 14.4660310745, 14.8375511169, 15.2090702057, 15.5805892944, 15.9521083832, 16.3236274719, 16.6951465607, 17.0782756805, 17.4497947693, 17.8213157654, 18.2044448853, 18.575963974, 18.9590930939, 19.4002723694, 19.8414516449, 20.2710208893, 20.7121982574, 21.1765975952, 21.6293869019, 22.0937862396, 22.5465755463, 23.010974884, 23.4753742218, 23.9629936218, 24.4506111145, 24.9382305145, 25.4142398834, 25.8786392212, 26.3546485901, 26.8422679901, 27.3298854828, 27.8175048828, 28.2819042206, 28.7463035583, 29.2107028961, 29.6751022339, 30.1394996643, 30.6038990021, 31.0682983398, 31.5326976776, 32.0087051392, 32.4731063843, 32.8794555664, 33.2974128723, 33.7037620544, 34.1797714233, 34.63256073, 35.0853500366, 35.5497512817, 36.0025405884, 36.4669380188, 36.9313354492, 37.4189567566, 37.9065742493, 38.3825836182, 38.8702049255, 39.3578224182, 39.8454399109, 40.3330612183, 40.8206787109, 41.3083000183, 41.7726974487, 42.2370948792, 42.6898841858, 43.1426734924, 43.5954627991, 44.0482521057, 44.5126533508, 44.9770507812, 45.4530601501, 45.929069519, 46.3005905151, 46.6604995728, 47.0320167542, 47.4035377502, 47.7518348694, 48.1001358032, 48.4484329224, 48.7851219177, 49.1334228516, 49.4817237854, 49.8300209045, 50.1783218384, 50.5266189575, 50.8749198914, 51.234828949, 51.5947380066, 51.9546470642, 52.3145561218, 52.6744651794, 53.0343742371, 53.4058952332, 53.7658042908, 54.1257133484, 54.485622406, 54.8455314636, 55.2518806458, 55.6582298279, 56.0761909485, 56.4941482544, 56.912109375, 57.3300666809, 57.736415863, 58.1427650452, 58.5491142273, 58.9554634094, 59.3618125916, 59.7681617737, 60.1745109558, 60.5808601379, 61.0220413208, 61.4748306274, 61.9160079956, 62.438457489, 62.9725151062, 63.4949645996, 64.0174102783, 64.5514755249, 65.0739212036, 65.5963668823, 66.1188201904, 66.6412658691, 67.1637191772, 67.686164856, 68.2086181641, 68.6846237183, 69.1606369019, 69.6366424561, 70.1010437012, 70.5654373169, 71.029838562, 71.6103363037, 72.1908340454, 72.7713394165, 73.3982772827, 74.0136032104, 74.6289291382, 75.2442626953, 75.859588623, 76.4633102417, 77.0786361694, 77.7171859741, 78.3557357788, 79.0291137695, 79.7024917603, 80.3642578125, 81.0260314941, 81.6877975464, 82.349571228, 83.0113372803, 83.6731033325, 84.3348770142, 85.077911377, 85.8209533691, 86.5059356689, 87.1909255981, 87.8294754028, 88.4680252075, 89.1065750122, 89.7451248169, 90.3952789307, 91.0222167969, 91.6491622925, 92.2528762817, 92.8565979004, 93.460319519, 94.0059814453, 94.551651001, 95.0973205566, 95.6313781738, 96.1654434204, 96.6995010376, 97.2335586548, 97.767616272, 98.2900695801, 98.8241271973, 99.346572876, 99.7877502441, 100.228935242, 100.681724548, 101.227394104, 101.77305603, 102.307121277, 102.829566956, 103.363624573, 103.886077881, 104.420135498, 104.954193115, 105.499862671, 106.045532227, 106.579589844, 107.183311462, 107.787025452, 108.39074707, 108.971244812, 109.551742554, 110.248344421, 110.94493866, 111.653152466, 112.361358643, 113.069564819, 113.777778625, 114.485984802, 115.18258667, 115.890792847, 116.587387085, 117.283988953, 117.922538757, 118.561088562, 119.164802551, 119.76852417, 120.383850098, 120.999183655, 121.614509583, 122.218231201, 122.833557129, 123.425666809, 124.029388428, 124.621498108, 125.213600159, 125.805709839, 126.444259644, 127.082809448, 127.721359253, 128.336685181, 128.952011108, 129.567337036, 130.182678223, 130.809616089, 131.448165894, 132.086715698, 132.725265503, 133.352203369, 133.990753174, 134.62928772, 135.256240845, 135.883178711, 136.510116577, 137.137054443, 137.76399231, 138.390930176, 139.017868042, 139.644805908, 140.31817627, 140.99156189, 141.66494751, 142.338317871, 142.94203186, 143.545761108, 144.149475098, 144.753189087, 145.356918335, 145.972244263, 146.58757019, 147.19128418, 147.783401489, 148.37550354, 148.956008911, 149.536499023, 150.128616333, 150.709106445, 151.301223755, 151.893325806, 152.485443115, 153.112380981, 153.739318848, 154.366256714, 155.028030396, 155.689788818, 156.363174438, 157.024932861, 157.686706543, 158.336868286, 158.998641968, 159.567520142, 160.136413574, 160.658859253, 161.181304932, 161.703765869, 162.237823486, 162.771881104, 163.294326782, 163.816772461, 164.339233398, 164.861679077, 165.465393066, 166.069107056, 166.672836304, 167.276550293, 167.868652344, 168.472381592, 169.064483643, 169.703033447, 170.341583252, 170.980133057, 171.618682861, 172.245620728, 172.884170532, 173.522720337, 174.17288208, 174.823028564, 175.473190308, 176.123352051, 176.773513794, 177.423675537, 178.073822021, 178.851699829, 179.617950439, 180.37260437, 181.127258301, 181.870285034, 182.601715088, 183.333145142, 184.064575195, 184.807617188, 185.55065918, 186.200805664, 186.850967407, 187.408248901, 187.942306519, 188.487976074, 189.022033691, 189.556091309, 190.090148926, 190.635818481, 191.181488037, 191.727157593, 192.284439087, 192.841720581, 193.306121826, 193.758911133, 194.211700439, 194.664489746, 195.105667114, 195.546844482, 195.988021851, 196.41758728, 196.847167969, 197.276733398, 197.717910767, 198.147476196, 198.565444946, 198.995010376, 199.424575806, 199.854141235, 200.272109985, 200.74810791, 201.235733032, 201.711746216, 202.187744141, 202.663757324, 203.139770508, 203.615783691, 204.103393555, 204.591018677, 205.07862854, 205.566253662, 206.053878784, 206.541488647, 206.947845459, 207.354187012, 207.760543823, 208.166885376, 208.573242188, 208.967971802, 209.362716675, 209.769073486, 210.163803101, 210.570159912, 210.976501465, 211.371246338, 211.765975952, 212.160720825, 212.555465698, 212.950195312, 213.344940186, 213.739685059, 214.134414673, 214.529159546, 214.92388916, 215.318634033, 215.713378906, 216.108108521, 216.502853394, 216.897598267, 217.245895386, 217.594192505, 217.942489624, 218.290786743, 218.639083862, 218.987380981, 219.335693359, 219.695602417, 220.055511475, 220.403808594, 220.752105713, 221.100402832, 221.448699951, 221.79699707, 222.145309448, 222.505218506, 222.865127563, 223.213424683, 223.561721802, 223.910018921, 224.25831604, 224.629837036, 225.001358032, 225.372879028, 225.744400024, 226.115921021, 226.487426758, 226.858947754, 227.23046875, 227.613601685, 227.996734619, 228.379852295, 228.762985229, 229.146118164], "beats_loudness": {"dmean2": 0.0173346903175, "median": 0.0224659759551, "min": 2.8600204427e-09, "dvar2": 0.00125598360319, "dvar": 0.000437083654106, "dmean": 0.0101828454062, "max": 0.259886294603, "var": 0.000635235337541, "mean": 0.0253854468465}, "danceability": 0.850745379925, "bpm_histogram_second_peak_weight": {"dmean2": 0, "median": 0.0666666701436, "min": 0.0666666701436, "dvar2": 0, "dvar": 0, "dmean": 0, "max": 0.0666666701436, "var": 0, "mean": 0.0666666701436}, "beats_count": 451, "bpm_histogram_second_peak_bpm": {"dmean2": 0, "median": 129, "min": 129, "dvar2": 0, "dvar": 0, "dmean": 0, "max": 129, "var": 0, "mean": 129}, "bpm_histogram_first_peak_spread": {"dmean2": 0, "median": 0.214285671711, "min": 0.214285671711, "dvar2": 0, "dvar": 0, "dmean": 0, "max": 0.214285671711, "var": 0, "mean": 0.214285671711}, "beats_loudness_band_ratio": {"dmean2": [0.187107279897, 0.207482129335, 0.164500653744, 0.0511274076998, 0.00270523759536, 0.0311862546951], "median": [0.243758961558, 0.435865461826, 0.210080489516, 0.0435758009553, 0.00157835823484, 0.000443294702563], "min": [0.00928867608309, 0.0209180563688, 0.0243245400488, 0.0022948847618, 0.000180459828698, 9.66938096099e-05], "dvar2": [0.0230939611793, 0.0258804988116, 0.0249429754913, 0.00445357896388, 1.90864357137e-05, 0.0151383830234], "dvar": [0.0085028661415, 0.00909327995032, 0.00872920267284, 0.00187775341328, 7.43708869777e-06, 0.00501045631245], "dmean": [0.113966874778, 0.122502408922, 0.0961516499519, 0.031322658062, 0.00156934221741, 0.0158279221505], "max": [0.881017327309, 0.822639763355, 0.830393433571, 0.575219750404, 0.0278261546046, 0.467829406261], "var": [0.0211009886116, 0.0296310633421, 0.023272164166, 0.00840465910733, 1.78765785677e-05, 0.00262766866945], "mean": [0.273022294044, 0.437341481447, 0.252540618181, 0.0760671421885, 0.00344616104849, 0.00905993767083]}}, "lowlevel": {"barkbands_spread": {"dmean2": 2.42602992058, "median": 5.50648260117, "min": 1.29217123985, "dvar2": 13.9477233887, "dvar": 8.34218788147, "dmean": 1.49584448338, "max": 130.265289307, "var": 38.6682891846, "mean": 6.46511411667}, "melbands_spread": {"dmean2": 2.78119063377, "median": 7.45316696167, "min": 1.74931895733, "dvar2": 12.2748880386, "dvar": 7.46741104126, "dmean": 1.68740737438, "max": 154.998901367, "var": 25.3120117188, "mean": 8.36907482147}, "hfc": {"dmean2": 3.03050160408, "median": 8.27900505066, "min": 1.16803977307e-16, "dvar2": 45.4078445435, "dvar": 25.2529430389, "dmean": 1.87662744522, "max": 232.870559692, "var": 168.902053833, "mean": 10.5357866287}, "barkbands_kurtosis": {"dmean2": 2.86302804947, "median": 1.79403209686, "min": -1.840015769, "dvar2": 14.9595661163, "dvar": 5.7981762886, "dmean": 1.71529698372, "max": 51.4611625671, "var": 17.9197864532, "mean": 3.03563404083}, "gfcc": {"mean": [-126.948234558, 191.726837158, -93.4905090332, 2.53475165367, -64.7245559692, -15.4235153198, -14.0796785355, -7.1829457283, -10.549782753, -15.2418985367, -6.394947052, 5.35432195663, 1.41934013367], "icov": [[0.000239641245571, -0.000607613648754, 0.000669073488098, -0.000991087639704, 0.00115145393647, -0.00124388572294, 0.00149231089745, -0.000881237152498, 0.000438132497948, 0.000671549234539, -0.000385494815418, 0.000306729052681, -0.000483576615807], [-0.000607613648754, 0.00482419598848, -0.00178544374648, 0.00407949043438, -0.00413425965235, 0.00560364406556, -0.00644667539746, 0.00467670941725, -0.00317767891102, 0.00224723713472, -0.00291303149424, 0.003368309699, -0.000462747178972], [0.000669073488098, -0.00178544374648, 0.00620979908854, -0.00524864485487, 0.00728529831395, -0.0056573706679, 0.00488160084933, -0.00394733529538, 0.00276953843422, -0.000618138641585, 0.00188602693379, -7.55159344408e-05, 0.000668155204039], [-0.000991087639704, 0.00407949043438, -0.00524864485487, 0.017644777894, -0.0114507488906, 0.00752723449841, -0.00466822274029, 0.00625124573708, -0.00701203476638, -0.000503222283442, 0.00371127412654, 0.00048804396647, -0.00361075019464], [0.00115145393647, -0.00413425965235, 0.00728529831395, -0.0114507488906, 0.018562676385, -0.0125143481418, 0.0115079004318, -0.00866417586803, 0.00293819210492, 0.00581577792764, -0.00387956784107, -0.00021131275571, -0.00184920744505], [-0.00124388572294, 0.00560364406556, -0.0056573706679, 0.00752723449841, -0.0125143481418, 0.0272063668817, -0.0159973353148, 0.00426722317934, 0.00659318920225, -0.00795130990446, 0.00311914435588, 0.00185683637392, 0.000880737788975], [0.00149231089745, -0.00644667539746, 0.00488160084933, -0.00466822274029, 0.0115079004318, -0.0159973353148, 0.0260233730078, -0.00560994632542, -0.00567680923268, 0.00727829895914, -0.00505821499974, -0.00126239354722, -0.000430606392911], [-0.000881237152498, 0.00467670941725, -0.00394733529538, 0.00625124573708, -0.00866417586803, 0.00426722317934, -0.00560994632542, 0.0228111371398, -0.00594157539308, -0.0059582083486, 0.00234146323055, 0.00269941100851, -0.00281548965722], [0.000438132497948, -0.00317767891102, 0.00276953843422, -0.00701203476638, 0.00293819210492, 0.00659318920225, -0.00567680923268, -0.00594157539308, 0.0248934626579, -0.011153514497, 0.00793104059994, -0.00506421644241, -0.00349567714147], [0.000671549234539, 0.00224723713472, -0.000618138641585, -0.000503222283442, 0.00581577792764, -0.00795130990446, 0.00727829895914, -0.0059582083486, -0.011153514497, 0.0328048765659, -0.0219964515418, 0.00676306616515, 0.00311838765629], [-0.000385494815418, -0.00291303149424, 0.00188602693379, 0.00371127412654, -0.00387956784107, 0.00311914435588, -0.00505821499974, 0.00234146323055, 0.00793104059994, -0.0219964515418, 0.0447675026953, -0.0189118962735, 0.00340720172971], [0.000306729052681, 0.003368309699, -7.55159344408e-05, 0.00048804396647, -0.00021131275571, 0.00185683637392, -0.00126239354722, 0.00269941100851, -0.00506421644241, 0.00676306616515, -0.0189118962735, 0.0376950278878, -0.0160680525005], [-0.000483576615807, -0.000462747178972, 0.000668155204039, -0.00361075019464, -0.00184920744505, 0.000880737788975, -0.000430606392911, -0.00281548965722, -0.00349567714147, 0.00311838765629, 0.00340720172971, -0.0160680525005, 0.030240772292]], "cov": [[14749.0878906, 1240.39599609, -1306.89770508, 505.91998291, 587.008300781, -93.5855026245, -402.476135254, -34.3622970581, -138.638137817, -570.678222656, -57.3450164795, -10.0831775665, 417.729553223], [1240.39599609, 1007.18103027, -374.45526123, -50.5591506958, 33.028427124, -152.031936646, 179.419799805, -133.515274048, 109.961753845, -150.989028931, 44.6728057861, 15.2014417648, 65.3799743652], [-1306.89770508, -374.45526123, 593.067687988, -28.9031677246, -187.055358887, 87.6201705933, -42.1233711243, 50.3940544128, -60.1888771057, 109.752761841, -38.0765457153, -51.9659233093, -94.6776428223], [505.91998291, -50.5591506958, -28.9031677246, 170.625732422, 105.354072571, -17.1647644043, -48.2991027832, 15.5318746567, 25.821018219, -30.133939743, -24.3703079224, 16.3074588776, 53.5310287476], [587.008300781, 33.028427124, -187.055358887, 105.354072571, 230.140365601, 8.61531352997, -47.7587928772, 19.3874950409, -1.69540393353, -52.3323707581, -1.36045491695, 21.8280353546, 58.5031814575], [-93.5855026245, -152.031936646, 87.6201705933, -17.1647644043, 8.61531352997, 106.841438293, -6.24358320236, 23.3190689087, -49.9353523254, 30.825138092, -2.84524869919, -17.1134777069, -26.0343837738], [-402.476135254, 179.419799805, -42.1233711243, -48.2991027832, -47.7587928772, -6.24358320236, 133.287185669, -23.4718589783, 46.1448860168, -4.88600826263, 20.5160102844, 10.2336177826, -2.58870029449], [-34.3622970581, -133.515274048, 50.3940544128, 15.5318746567, 19.3874950409, 23.3190689087, -23.4718589783, 81.7742385864, 3.56219863892, 30.7485389709, -6.0799870491, -2.60529947281, 2.47583079338], [-138.638137817, 109.961753845, -60.1888771057, 25.821018219, -1.69540393353, -49.9353523254, 46.1448860168, 3.56219863892, 104.738059998, 5.53586053848, 6.58507966995, 23.5569496155, 29.5290260315], [-570.678222656, -150.989028931, 109.752761841, -30.133939743, -52.3323707581, 30.825138092, -4.88600826263, 30.7485389709, 5.53586053848, 98.4460678101, 21.7905101776, -5.84044885635, -33.8337631226], [-57.3450164795, 44.6728057861, -38.0765457153, -24.3703079224, -1.36045491695, -2.84524869919, 20.5160102844, -6.0799870491, 6.58507966995, 21.7905101776, 48.9840965271, 19.9556064606, 1.02215886116], [-10.0831775665, 15.2014417648, -51.9659233093, 16.3074588776, 21.8280353546, -17.1134777069, 10.2336177826, -2.60529947281, 23.5569496155, -5.84044885635, 19.9556064606, 55.8563117981, 35.6584815979], [417.729553223, 65.3799743652, -94.6776428223, 53.5310287476, 58.5031814575, -26.0343837738, -2.58870029449, 2.47583079338, 29.5290260315, -33.8337631226, 1.02215886116, 35.6584815979, 79.4948425293]]}, "spectral_energyband_middle_low": {"dmean2": 0.00919678248465, "median": 0.0177041161805, "min": 2.5462420634e-22, "dvar2": 0.000194302279851, "dvar": 7.19143426977e-05, "dmean": 0.00530901830643, "max": 0.329668402672, "var": 0.000395832612412, "mean": 0.0204153154045}, "melbands_crest": {"dmean2": 4.82127714157, "median": 12.8935785294, "min": 1.8398706913, "dvar2": 16.7430591583, "dvar": 5.48020219803, "dmean": 2.77723145485, "max": 31.498500824, "var": 13.9589967728, "mean": 13.4725227356}, "spectral_kurtosis": {"dmean2": 16.6128807068, "median": 23.3363895416, "min": -1.1982831955, "dvar2": 189.519958496, "dvar": 59.2137031555, "dmean": 9.21079349518, "max": 69.8822937012, "var": 158.364837646, "mean": 25.0281047821}, "spectral_rms": {"dmean2": 0.000878202030435, "median": 0.00496131414548, "min": 3.25294218645e-12, "dvar2": 8.61378339323e-07, "dvar": 3.03059806583e-07, "dmean": 0.000511194986757, "max": 0.0185182131827, "var": 5.11904818268e-06, "mean": 0.0047500426881}, "zerocrossingrate": {"dmean2": 0.00359459780157, "median": 0.02001953125, "min": 0.0078125, "dvar2": 6.84102778905e-05, "dvar": 5.17385997227e-05, "dmean": 0.00271201645955, "max": 0.49853515625, "var": 0.000517334265169, "mean": 0.023193039}, "silence_rate_60dB": {"dmean2": 0.014941948466, "median": 0, "min": 0, "dvar2": 0.0175442043692, "dvar": 0.00741384690627, "dmean": 0.00747021986172, "max": 1, "var": 0.117991760373, "mean": 0.136671036482}, "erbbands_kurtosis": {"dmean2": 1.44115281105, "median": 1.5588965416, "min": -1.83831000328, "dvar2": 3.2732436657, "dvar": 1.2347035408, "dmean": 0.87355697155, "max": 20.6266727448, "var": 5.99104070663, "mean": 2.26878428459}, "erbbands": {"dmean2": [0.152976155281, 0.510762155056, 0.962550103664, 3.42532014847, 16.0624828339, 29.6710529327, 11.5591316223, 30.2116165161, 21.7121677399, 20.8465557098, 6.09461975098, 8.2788848877, 3.87999010086, 15.7630062103, 7.16015720367, 2.36457943916, 2.03865504265, 1.42147266865, 1.03945600986, 1.10123610497, 1.45458066463, 1.0486946106, 0.419294267893, 0.339963704348, 0.663877665997, 0.38552993536, 0.561519861221, 0.555998921394, 0.622078180313, 0.678856611252, 0.685944318771, 0.446722179651, 0.175264924765, 0.0975587219, 0.0441041998565, 0.014879017137, 0.00637500826269, 0.00194826081861, 0.000375580304535, 3.16075020237e-05], "median": [0.0776534974575, 0.244513496757, 0.393742799759, 1.8974738121, 8.57272434235, 22.2942085266, 11.24355793, 35.5515060425, 19.9966278076, 27.8410396576, 7.45072078705, 19.9949836731, 15.0585241318, 12.9978990555, 13.2231111526, 2.93356871605, 1.2394567728, 0.578052282333, 0.47350987792, 0.842730641365, 0.859517514706, 0.650348424911, 0.390207320452, 0.279775470495, 0.191593468189, 0.11181307584, 0.0945438742638, 0.0671743303537, 0.046906825155, 0.0315393470228, 0.0183757785708, 0.00450229877606, 0.00174057227559, 0.000526200281456, 0.000242628753767, 0.000119897151308, 5.98105943936e-05, 1.94211988855e-05, 1.60447689268e-05, 2.840203706e-05], "min": [2.00707156336e-21, 4.20008630063e-21, 4.39973845837e-20, 7.62700397464e-20, 1.94707911814e-19, 3.03229316516e-19, 2.03435326436e-19, 7.24828592278e-19, 3.69844161648e-19, 4.25616116516e-19, 3.83241153e-19, 5.75206198526e-19, 1.30669648987e-18, 1.52786504352e-18, 1.9056545593e-18, 3.23464491084e-18, 3.52815526875e-18, 3.18692713605e-18, 6.67424904745e-18, 1.3306679979e-17, 5.41648411653e-18, 8.01615354951e-18, 8.8440240307e-18, 9.18935952873e-18, 1.98353956967e-17, 1.67772973916e-17, 2.39069077119e-17, 2.25488045319e-17, 2.65935969589e-17, 1.50907555319e-17, 2.09159020262e-17, 1.57825663828e-17, 2.05809633613e-17, 1.40991214874e-17, 7.75860011245e-18, 5.19344851283e-18, 3.88110744586e-18, 1.38809633542e-18, 3.33909031845e-19, 3.13728862203e-20], "dvar2": [0.0315614007413, 0.450062602758, 4.79691076279, 58.4102363586, 699.404968262, 1947.72119141, 1032.8996582, 7612.01660156, 4131.38232422, 1531.93237305, 735.663818359, 695.307250977, 31.9450626373, 1284.6418457, 351.847991943, 111.746665955, 58.376449585, 118.752426147, 17.6677284241, 6.94550418854, 10.5845623016, 7.34137296677, 1.38845992088, 0.960209667683, 16.6986427307, 18.7733364105, 51.8520812988, 60.6903533936, 55.5552864075, 75.5360794067, 71.7870635986, 36.5191116333, 4.06012296677, 1.4259442091, 0.242577850819, 0.0343858599663, 0.0062396209687, 0.000624335429166, 3.04271743516e-05, 1.04099072473e-07], "dvar": [0.0127672087401, 0.156738832593, 2.05009794235, 21.6069946289, 216.755432129, 665.064331055, 477.388305664, 2911.97729492, 2219.17016602, 822.187438965, 444.526916504, 381.642120361, 14.4596729279, 506.827880859, 151.717285156, 59.040927887, 39.9935836792, 58.8041763306, 8.71824836731, 3.03451895714, 4.32004356384, 3.48226976395, 0.735011577606, 0.50327783823, 7.9869427681, 7.89650392532, 21.8535709381, 26.7067337036, 28.8119106293, 40.1306114197, 39.4870452881, 20.1800937653, 2.36748933792, 0.933391153812, 0.122030951083, 0.0179983582348, 0.00350038683973, 0.000390016764868, 1.69889790413e-05, 5.1899256448e-08], "dmean": [0.0941028743982, 0.293296188116, 0.588924050331, 2.08055353165, 8.66415691376, 16.6706619263, 7.12625455856, 17.6617965698, 14.4373064041, 13.1856365204, 4.29613637924, 6.35576343536, 2.89381718636, 9.89028263092, 4.57703542709, 1.56754648685, 1.37842929363, 0.963009893894, 0.674709320068, 0.651323020458, 0.863468468189, 0.644527256489, 0.256621778011, 0.216487959027, 0.434138923883, 0.264572352171, 0.352523177862, 0.366691917181, 0.416897207499, 0.467890888453, 0.499022245407, 0.325034439564, 0.128013193607, 0.0731150433421, 0.029890069738, 0.010398379527, 0.00466546509415, 0.00147122843191, 0.000279167492408, 2.14124065678e-05], "max": [1.43332970142, 8.48400688171, 48.6757621765, 139.393981934, 427.876251221, 611.340026855, 692.17578125, 3805.13745117, 2993.93945312, 1755.48779297, 1507.36437988, 962.462768555, 166.04598999, 1327.80493164, 566.207641602, 733.911193848, 493.604125977, 575.948730469, 119.864608765, 87.1760787964, 70.0784454346, 68.2241134644, 71.7387466431, 31.8846740723, 117.777381897, 146.855239868, 252.215835571, 232.566116333, 268.387695312, 398.188934326, 291.738372803, 243.174987793, 79.8389968872, 69.2598571777, 14.4021863937, 5.88118743896, 3.03428196907, 1.72961640358, 0.292223155499, 0.0164321567863], "var": [0.0213636793196, 0.405214220285, 16.8074855804, 94.9062652588, 521.251708984, 1650.06677246, 1763.02819824, 8319.18261719, 11883.8271484, 3221.35693359, 1592.88525391, 1593.82299805, 385.393798828, 25101.765625, 1307.38146973, 299.01083374, 120.099220276, 125.903312683, 18.333896637, 10.1551685333, 11.7599468231, 12.7856235504, 3.77474927902, 1.91536736488, 22.0293235779, 9.76777744293, 36.2420654297, 58.6159896851, 81.544708252, 107.169914246, 86.017326355, 38.569606781, 6.65719175339, 3.40354824066, 0.279647886753, 0.0441742092371, 0.0100559405982, 0.00131602399051, 4.70805425721e-05, 1.15382825072e-07], "mean": [0.128424197435, 0.451512008905, 1.64981365204, 5.40469312668, 15.4727563858, 33.7699203491, 19.9870815277, 54.3050689697, 47.9262428284, 37.8213157654, 13.9159183502, 29.5159397125, 20.1347808838, 78.1182174683, 25.2450122833, 4.90346336365, 3.06858992577, 1.85512316227, 1.44256532192, 1.60799896717, 2.05324316025, 1.66499435902, 0.74490237236, 0.595167815685, 0.981377005577, 0.498725414276, 0.552867650986, 0.601789474487, 0.695602476597, 0.775448620319, 0.705145061016, 0.460689872503, 0.205786377192, 0.12782099843, 0.0470828264952, 0.0167487729341, 0.0075479648076, 0.00237417127937, 0.000453396613011, 5.43041387573e-05]}, "spectral_strongpeak": {"dmean2": 0.614462673664, "median": 0.799166738987, "min": 0, "dvar2": 0.710040211678, "dvar": 0.247072353959, "dmean": 0.346059650183, "max": 8.46092033386, "var": 1.06729280949, "mean": 1.04331123829}, "spectral_energy": {"dmean2": 0.0105704218149, "median": 0.0252300035208, "min": 1.08461739453e-20, "dvar2": 0.000219668625505, "dvar": 8.23123191367e-05, "dmean": 0.00618159491569, "max": 0.351497352123, "var": 0.000621504965238, "mean": 0.0283741243184}, "average_loudness": 0.271787554026, "spectral_rolloff": {"dmean2": 136.727249146, "median": 538.330078125, "min": 64.599609375, "dvar2": 262717.625, "dvar": 155990.28125, "dmean": 78.1546783447, "max": 19530.6152344, "var": 332526.03125, "mean": 606.581848145}, "spectral_centroid": {"dmean2": 72.2782287598, "median": 423.501190186, "min": 231.599273682, "dvar2": 22324.0273438, "dvar": 15571.5820312, "dmean": 44.3683547974, "max": 11148.1210938, "var": 57259.1015625, "mean": 460.507019043}, "pitch_salience": {"dmean2": 0.0865187942982, "median": 0.595374643803, "min": 0.205149382353, "dvar2": 0.0052302503027, "dvar": 0.00180045026354, "dmean": 0.0504463538527, "max": 0.829550981522, "var": 0.00629347469658, "mean": 0.587781727314}, "spectral_energyband_middle_high": {"dmean2": 0.000527737836819, "median": 0.00113493134268, "min": 1.43584125127e-21, "dvar2": 1.14814213248e-06, "dvar": 4.8285403409e-07, "dmean": 0.000344668253092, "max": 0.0407321788371, "var": 1.90289392776e-05, "mean": 0.00282140285708}, "spectral_contrast_coeffs": {"dmean2": [0.0915679931641, 0.0552074164152, 0.0376453213394, 0.0348052866757, 0.0244201757014, 0.0186627730727], "median": [-0.597915947437, -0.644807517529, -0.701575040817, -0.83730006218, -0.842167973518, -0.747952580452], "min": [-0.965311169624, -0.956295490265, -0.972732901573, -0.956949830055, -0.958259522915, -0.960954189301], "dvar2": [0.00506172142923, 0.00193063332699, 0.000890026567504, 0.00075009529246, 0.000402763660531, 0.000253909442108], "dvar": [0.00167672790121, 0.000664583523758, 0.000349795620423, 0.00026650694781, 0.000153332264745, 9.60175966611e-05], "dmean": [0.0529575794935, 0.0322035737336, 0.0237696226686, 0.0204039607197, 0.0144470483065, 0.0110318316147], "max": [-0.274480700493, -0.343259036541, -0.51038813591, -0.64119040966, -0.624134838581, -0.668757557869], "var": [0.00731861032546, 0.00428961822763, 0.00360580533743, 0.00117528496776, 0.00157562154345, 0.00131488672923], "mean": [-0.603039503098, -0.64528298378, -0.699983358383, -0.836482703686, -0.843541920185, -0.757290184498]}, "melbands_skewness": {"dmean2": 0.546549797058, "median": 0.997941434383, "min": -0.943109750748, "dvar2": 0.279486685991, "dvar": 0.104758054018, "dmean": 0.324608683586, "max": 7.63884592056, "var": 0.718067407608, "mean": 1.12444674969}, "spectral_spread": {"dmean2": 481323.625, "median": 1898044.125, "min": 1034805.375, "dvar2": 363698913280, "dvar": 242969608192, "dmean": 281174.6875, "max": 40696996, "var": 1586840862720.0, "mean": 2140042}, "dissonance": {"dmean2": 0.0574779510498, "median": 0.39283105731, "min": 0.178657516837, "dvar2": 0.00243670353666, "dvar": 0.000877837184817, "dmean": 0.0337243825197, "max": 0.499980330467, "var": 0.0031065759249, "mean": 0.384886115789}, "spectral_skewness": {"dmean2": 1.11794197559, "median": 3.62226080894, "min": -0.0421643070877, "dvar2": 0.782055675983, "dvar": 0.2485165447, "dmean": 0.624845445156, "max": 6.8318977356, "var": 1.00781297684, "mean": 3.66668772697}, "spectral_flux": {"dmean2": 0.0214446373284, "median": 0.0534481331706, "min": 1.04144963486e-10, "dvar2": 0.00059860444162, "dvar": 0.000233229540754, "dmean": 0.013162618503, "max": 0.329651743174, "var": 0.00116704485845, "mean": 0.0558430403471}, "spectral_contrast_valleys": {"dmean2": [0.64413434267, 0.406480848789, 0.326986253262, 0.334028661251, 0.226050809026, 0.202328726649], "median": [-7.0605006218, -6.70992231369, -7.38174247742, -8.56994724274, -8.86840629578, -12.7066602707], "min": [-27.2543106079, -27.2199611664, -26.8658046722, -27.2407131195, -27.3279724121, -27.236410141], "dvar2": [0.258138477802, 0.116387248039, 0.0784497186542, 0.0747534409165, 0.048075992614, 0.070918597281], "dvar": [0.0996498987079, 0.0521099939942, 0.0376373715699, 0.0348409675062, 0.027832640335, 0.0468645505607], "dmean": [0.377691596746, 0.241853475571, 0.199103817344, 0.195132791996, 0.133509397507, 0.124657325447], "max": [-5.50782203674, -4.51348018646, -5.73103046417, -6.65402936935, -6.74876260757, -7.35354852676], "var": [1.55988407135, 1.48787176609, 1.79847347736, 1.93790888786, 1.46777701378, 1.10743117332], "mean": [-7.37707567215, -6.99800634384, -7.80003499985, -9.0335893631, -9.20330524445, -12.7584161758]}, "erbbands_flatness_db": {"dmean2": 0.0160879604518, "median": 0.282696723938, "min": 0.0255668945611, "dvar2": 0.000244027134613, "dvar": 0.000108389009256, "dmean": 0.00987762771547, "max": 0.375146716833, "var": 0.00230413512327, "mean": 0.278101086617}, "spectral_energyband_high": {"dmean2": 6.87379797455e-05, "median": 5.60256739845e-06, "min": 8.15948081446e-21, "dvar2": 5.57820214908e-07, "dvar": 3.74957409122e-07, "dmean": 4.9872269301e-05, "max": 0.0290549788624, "var": 1.23085283121e-06, "mean": 9.65196450124e-05}, "spectral_entropy": {"dmean2": 0.206448346376, "median": 6.19955825806, "min": 5.11455249786, "dvar2": 0.0365472622216, "dvar": 0.0154652679339, "dmean": 0.121230967343, "max": 9.81141471863, "var": 0.211626544595, "mean": 6.24528980255}, "silence_rate_20dB": {"dmean2": 0.000403836456826, "median": 1, "min": 0, "dvar2": 0.000605540466495, "dvar": 0.000201844304684, "dmean": 0.00020189784118, "max": 1, "var": 0.000100925346487, "mean": 0.999899089336}, "melbands_flatness_db": {"dmean2": 0.0261717326939, "median": 0.369518071413, "min": 0.00702737970278, "dvar2": 0.000527695810888, "dvar": 0.000215232095798, "dmean": 0.0155866127461, "max": 0.470335453749, "var": 0.00211293250322, "mean": 0.362733364105}, "barkbands": {"dmean2": [0.000792894512415, 0.00307541899383, 0.000979650765657, 0.00145622994751, 0.00735856220126, 0.0027649004478, 0.00168038939591, 0.000571916694753, 0.000316264951834, 0.000391691719415, 0.000180021525011, 6.46864355076e-05, 4.48802020401e-05, 2.80153690255e-05, 2.14778192458e-05, 2.72438264801e-05, 2.11379629036e-05, 7.31537875254e-06, 1.10116343421e-05, 9.65551043919e-06, 1.44798668771e-05, 1.80249644472e-05, 2.39123528445e-05, 1.44340683619e-05, 7.20193111192e-06, 3.27487509821e-06, 2.13018824979e-06], "median": [0.000395309820306, 0.00184281158727, 0.000328645575792, 0.000645664695185, 0.00570009555668, 0.0029341718182, 0.0012640345376, 0.000461255345726, 0.000703054538462, 0.000459927367046, 0.00024123415642, 7.18779338058e-05, 2.47741336352e-05, 7.7080239862e-06, 1.13209061965e-05, 1.58979764819e-05, 1.1190699297e-05, 5.6205922192e-06, 4.66219398731e-06, 2.36871096604e-06, 2.04422303796e-06, 1.24571420201e-06, 6.91690672738e-07, 1.28643748099e-07, 3.62602321502e-08, 2.78865428527e-08, 2.17862030638e-08], "min": [1.1160205815e-22, 2.91693278837e-23, 4.58285966098e-23, 3.14608993936e-23, 8.26913914458e-23, 5.63088030623e-23, 2.39152933739e-23, 1.75508456321e-23, 3.42739426717e-23, 3.76977252181e-23, 5.17387772216e-23, 6.84662603279e-23, 8.66835829843e-23, 6.04374927809e-23, 2.34026252933e-22, 1.07385754383e-22, 1.31358782909e-22, 1.49063068298e-22, 2.53623400598e-22, 3.88571323921e-22, 6.1897656646e-22, 6.17038417257e-22, 7.3058147713e-22, 9.84130156823e-22, 1.17383219614e-21, 1.74992603135e-21, 2.26946048342e-21], "dvar2": [1.0114546285e-06, 1.29248837766e-05, 5.79568131798e-06, 1.08974109025e-05, 0.000117353403766, 5.85304733249e-05, 2.00338909053e-05, 1.94719609681e-06, 1.22483538689e-06, 7.45829140669e-07, 2.75822372942e-07, 7.16962702541e-08, 3.22290745203e-08, 3.6234922618e-08, 4.39326219848e-09, 3.63666319281e-09, 3.55947560315e-09, 3.21600385211e-10, 3.18368953423e-09, 1.07564845919e-08, 4.3470443245e-08, 5.00469106157e-08, 8.31798629974e-08, 3.35537642115e-08, 6.63389121414e-09, 1.54989121537e-09, 9.52776413321e-10], "dvar": [4.2315605242e-07, 4.80115704704e-06, 2.45761702899e-06, 4.20970354753e-06, 3.71862988686e-05, 2.20778620132e-