{"tonal": {"thpcp": [1, 0.600662171841, 0.343419998884, 0.248604521155, 0.176504611969, 0.223632633686, 0.281927466393, 0.519308745861, 0.823580920696, 0.567651987076, 0.234017804265, 0.233737841249, 0.198754549026, 0.170041903853, 0.26963865757, 0.29778817296, 0.23309789598, 0.212854400277, 0.222199633718, 0.329873502254, 0.562117338181, 0.543988406658, 0.329376399517, 0.327343374491, 0.353881537914, 0.261032313108, 0.241035953164, 0.273491114378, 0.2687112391, 0.312895536423, 0.346224069595, 0.325897872448, 0.327215015888, 0.346810251474, 0.482187628746, 0.898275494576], "hpcp": {"dmean2": [0.340999007225, 0.334598839283, 0.248034030199, 0.229861781001, 0.222614213824, 0.203715741634, 0.185072183609, 0.204031020403, 0.205470904708, 0.234561368823, 0.257473737001, 0.2638220191, 0.290860652924, 0.32451441884, 0.405760377645, 0.481908798218, 0.450557410717, 0.379253923893, 0.28110575676, 0.205051451921, 0.148185640574, 0.146475553513, 0.177577584982, 0.302506834269, 0.465249806643, 0.284179389477, 0.141100898385, 0.156154617667, 0.131965354085, 0.114400021732, 0.154883593321, 0.171836912632, 0.16305218637, 0.178736239672, 0.20792594552, 0.259302169085], "median": [0.160177141428, 0.153343051672, 0.0834309831262, 0.0578300505877, 0.0552421323955, 0.0457025319338, 0.0530243329704, 0.0600035004318, 0.0636831671, 0.0735768154263, 0.07850600034, 0.0705091655254, 0.0661916732788, 0.0663214251399, 0.108824931085, 0.28757250309, 0.327839583158, 0.16320566833, 0.0558434352279, 0.0360425263643, 0.0326836816967, 0.0449994876981, 0.056237000972, 0.152256429195, 0.235533729196, 0.161647573113, 0.0595121085644, 0.0505425445735, 0.0448733717203, 0.0441300049424, 0.0553831793368, 0.0554147735238, 0.0525113083422, 0.0466238893569, 0.044596735388, 0.0779054015875], "min": [0, 0, 0, 0, 0, 0, 0, 0, 0, 0, 0, 0, 0, 0, 0, 0, 0, 0, 0, 0, 0, 0, 0, 0, 0, 0, 0, 0, 0, 0, 0, 0, 0, 0, 0, 0], "dvar2": [0.143140360713, 0.139325216413, 0.108044616878, 0.103823006153, 0.109778814018, 0.106806561351, 0.0890918150544, 0.100305609405, 0.0986241474748, 0.112482599914, 0.126469910145, 0.131441906095, 0.147361695766, 0.164301380515, 0.206553697586, 0.206271573901, 0.171396151185, 0.146587818861, 0.145352184772, 0.108439825475, 0.0700246840715, 0.0548763349652, 0.0676541924477, 0.0858978927135, 0.187386333942, 0.0732075497508, 0.0431075207889, 0.049305986613, 0.0358710177243, 0.0324183739722, 0.0566726997495, 0.0770546868443, 0.0667444467545, 0.0892696902156, 0.110236696899, 0.110762536526], "dvar": [0.0507984422147, 0.0494584031403, 0.03734575212, 0.0373739525676, 0.0408277586102, 0.0363006405532, 0.0306885074824, 0.0346447005868, 0.0345839820802, 0.0406575016677, 0.0465148426592, 0.0496097281575, 0.0550345219672, 0.0602434650064, 0.0745121687651, 0.078682936728, 0.0739695504308, 0.0554318092763, 0.0537665523589, 0.0397128015757, 0.0250530466437, 0.0201698876917, 0.0251207649708, 0.0370026938617, 0.0880682915449, 0.0330918654799, 0.0153296450153, 0.01811083965, 0.0134103810415, 0.0116907870397, 0.021536808461, 0.0290590971708, 0.0236465428025, 0.0311058666557, 0.0385131314397, 0.0385095253587], "dmean": [0.194978937507, 0.19096429646, 0.137987062335, 0.130484938622, 0.12706579268, 0.11322145164, 0.103366009891, 0.114439874887, 0.11522885412, 0.132178112864, 0.14474196732, 0.147582411766, 0.161475017667, 0.179575800896, 0.225373104215, 0.276080876589, 0.258707255125, 0.218168154359, 0.156502738595, 0.114525526762, 0.0831350833178, 0.0835666134953, 0.102013655007, 0.173459604383, 0.263987630606, 0.167500436306, 0.0817235633731, 0.0901196300983, 0.0762897133827, 0.0660720020533, 0.0911844149232, 0.0994905382395, 0.0922199487686, 0.0988656803966, 0.113104365766, 0.145596176386], "max": [1, 1, 1, 1, 1, 1, 1, 1, 1, 1, 1, 1, 1, 1, 1, 1, 1, 1, 1, 1, 1, 1, 1, 1, 1, 1, 1, 1, 1, 1, 1, 1, 1, 1, 1, 1], "var": [0.0645924732089, 0.0637344121933, 0.0329145565629, 0.0471745952964, 0.0639030784369, 0.0343745350838, 0.026171695441, 0.03110941872, 0.0276067052037, 0.0357004851103, 0.0428469255567, 0.0415575616062, 0.0448865108192, 0.0484648644924, 0.0688294544816, 0.122731089592, 0.140922710299, 0.0747774839401, 0.0559967644513, 0.0399084612727, 0.0202309619635, 0.0236820001155, 0.0363949015737, 0.050197865814, 0.120957739651, 0.0638430416584, 0.0166965909302, 0.0219098832458, 0.0156285408884, 0.0110648637637, 0.0335679426789, 0.0458296127617, 0.0224807336926, 0.0226586740464, 0.0268761385232, 0.0358415395021], "mean": [0.251701533794, 0.243583872914, 0.147486194968, 0.146575853229, 0.158458963037, 0.116883486509, 0.107929639518, 0.122462213039, 0.120321907103, 0.140106499195, 0.155030146241, 0.145928606391, 0.14651837945, 0.155292615294, 0.215911090374, 0.402224421501, 0.447774022818, 0.268960922956, 0.153774559498, 0.111318647861, 0.0790341794491, 0.100136883557, 0.126239791512, 0.232532978058, 0.368778139353, 0.254179805517, 0.104787096381, 0.104661732912, 0.0889971256256, 0.0761403441429, 0.120737187564, 0.133341804147, 0.104375183582, 0.0953106731176, 0.0994952246547, 0.147708788514]}, "tuning_equal_tempered_deviation": 0.189028084278, "chords_changes_rate": 0.0421379469335, "key_key": "D", "tuning_diatonic_strength": 0.551872074604, "key_scale": "minor", "chords_number_rate": 0.000887114671059, "tuning_frequency": 434.193115234, "tuning_nontempered_energy_ratio": 0.890141904354, "chords_histogram": [69.5719680786, 3.30450201035, 0.864936769009, 0.221778661013, 0, 0.620980262756, 0, 0.465735197067, 0, 0.576624512672, 0, 0.887114644051, 0, 0, 0, 0, 0.798403203487, 0, 0.0443557314575, 0, 0, 0, 5.69971179962, 16.9438896179], "key_strength": 0.717130482197, "chords_key": "D", "chords_strength": {"dmean2": 0.0108487214893, "median": 0.550032198429, "min": 0.239586994052, "dvar2": 7.7430086094e-05, "dvar": 5.07014374307e-05, "dmean": 0.00922979973257, "max": 0.74810397625, "var": 0.0060482849367, "mean": 0.54206174612}, "chords_scale": "minor", "hpcp_entropy": {"dmean2": 1.24988174438, "median": 2.53776502609, "min": 0, "dvar2": 0.959168791771, "dvar": 0.364190459251, "dmean": 0.744590163231, "max": 4.49694681168, "var": 0.77947640419, "mean": 2.44010591507}}, "metadata": {"audio_properties": {"equal_loudness": 0, "codec": "flac", "downmix": "mix", "sample_rate": 44100, "analysis_sample_rate": 44100, "bit_rate": 0, "md5_encoded": "3e1efe29b3c969b93b1694be69db6bc6", "length": 209.333328247, "replay_gain": -13.9461555481, "lossless": true}, "version": {"essentia_build_sha": "2d9f1f26377add8aeb1075a9c2973f962c4f09fd", "essentia": "2.1-beta2", "extractor": "music 1.0", "essentia_git_sha": "v2.1_beta2-1-ge3940c0"}, "tags": {"title": ["Liitto"], "barcode": ["0602498193068"], "media": ["CD"], "albumartist": ["Turmion K\u00e4til\u00f6t"], "tracktotal": ["11"], "language": ["fin"], "releasetype": ["album"], "musicbrainz_recordingid": ["0463f4de-9b1f-469e-9f04-5bfd68fe02fe"], "arranger": ["MC Raaka Pee", "DJ Vastapallo"], "mood": ["Crazy"], "musicbrainz_albumartistid": ["10b7cfe3-a99b-49b3-91ed-b0efb7b32371"], "originalyear": ["2004"], "musicbrainz_workid": ["2ba68fb3-f471-4580-b0ae-0937e22553a1"], "musicbrainz_releasegroupid": ["410f03f7-353b-348b-bd61-d386adae0a43"], "discnumber": ["1"], "catalognumber": ["981930-6", "RA109"], "releasecountry": ["FI"], "writer": ["MC Raaka Pee", "DJ Vastapallo"], "file_name": "07 - Liitto.flac", "originaldate": ["2004-05-20"], "work": ["Liitto"], "date": ["2004-05-20"], "genre": ["Metal"], "musicbrainz_albumid": ["cd87aad9-f4e2-4ad0-9272-0a7e81e4b8eb"], "disctotal": ["1"], "albumartistsort": ["Turmion K\u00e4til\u00f6t"], "releasestatus": ["official"], "musicbrainz_artistid": ["10b7cfe3-a99b-49b3-91ed-b0efb7b32371"], "asin": ["B000RP2J70"], "grouping": ["Metal"], "musicbrainz_releasetrackid": ["bd221d5d-881e-3557-ac0f-6092f9820e3f"], "artist": ["Turmion K\u00e4til\u00f6t"], "tracknumber": ["7"], "artistsort": ["Turmion K\u00e4til\u00f6t"], "album": ["Hoitovirhe"], "label": ["Ranka Recordings"], "totaltracks": ["11"], "totaldiscs": ["1"], "script": ["Latn"], "acoustid_id": ["0240d576-e406-4c3a-bcdb-42f63b25dcfa"]}}, "rhythm": {"bpm_histogram_first_peak_bpm": {"dmean2": 0, "median": 140, "min": 140, "dvar2": 0, "dvar": 0, "dmean": 0, "max": 140, "var": 0, "mean": 140}, "bpm": 140.010070801, "bpm_histogram_second_peak_spread": {"dmean2": 0, "median": 0, "min": 0, "dvar2": 0, "dvar": 0, "dmean": 0, "max": 0, "var": 0, "mean": 0}, "bpm_histogram_first_peak_weight": {"dmean2": 0, "median": 0.726899385452, "min": 0.726899385452, "dvar2": 0, "dvar": 0, "dmean": 0, "max": 0.726899385452, "var": 0, "mean": 0.726899385452}, "onset_rate": 3.59682822227, "beats_position": [0.348299324512, 0.708208620548, 1.06811785698, 1.4164172411, 1.77632653713, 2.13623571396, 2.49614500999, 2.85605430603, 3.27401351929, 3.69197273254, 4.1099319458, 4.53950119019, 4.96907043457, 5.39863920212, 5.8282084465, 6.24616765976, 6.67573690414, 7.10530614853, 7.53487491608, 7.96444416046, 8.39401340485, 8.82358264923, 9.31120204926, 9.79882049561, 10.2864398956, 10.7276191711, 11.1687984467, 11.6099767685, 12.0395460129, 12.4807252884, 12.9219045639, 13.3630838394, 13.7926530838, 14.2106122971, 14.6285715103, 15.0697498322, 15.4877090454, 15.9172782898, 16.3468475342, 16.7880268097, 17.2059860229, 17.6355552673, 18.0651245117, 18.4946937561, 18.9242630005, 19.3538322449, 19.7834014893, 20.2129707336, 20.642539978, 21.0721092224, 21.5016784668, 21.9196376801, 22.3492050171, 22.7787742615, 23.2083435059, 23.6379127502, 24.0674819946, 24.497051239, 24.9266204834, 25.3561897278, 25.7857589722, 26.2153282166, 26.6332874298, 27.0744667053, 27.4924259186, 27.921995163, 28.3515644073, 28.7811336517, 29.2107028961, 29.6402721405, 30.0698413849, 30.4994106293, 30.9289798737, 31.358549118, 31.7881164551, 32.2060775757, 32.6356468201, 33.0652160645, 33.4947853088, 33.9243545532, 34.3539237976, 34.783493042, 35.2014503479, 35.6310195923, 36.0605888367, 36.5017662048, 36.9197273254, 37.3492965698, 37.7788658142, 38.2084350586, 38.638004303, 39.0675735474, 39.4971427917, 39.9267120361, 40.3562812805, 40.7742385864, 41.2154197693, 41.6449890137, 42.0745582581, 42.492515564, 42.9220848083, 43.3516540527, 43.7812232971, 44.2107925415, 44.6403617859, 45.0699310303, 45.4878921509, 45.9174575806, 46.347026825, 46.7765960693, 47.2061653137, 47.6357345581, 48.0653038025, 48.4948730469, 48.9244422913, 49.3540115356, 49.78358078, 50.2131500244, 50.6427192688, 51.0722885132, 51.5018577576, 51.931427002, 52.3609962463, 52.7905654907, 53.2201347351, 53.6380958557, 54.0676651001, 54.4972343445, 54.9268035889, 55.3563690186, 55.7743301392, 56.2038993835, 56.6334686279, 57.0630378723, 57.4926071167, 57.9221763611, 58.3517456055, 58.7813148499, 59.2108840942, 59.6404533386, 60.070022583, 60.4995918274, 60.9291610718, 61.3587303162, 61.7882995605, 62.2178688049, 62.6474380493, 63.0770072937, 63.5065765381, 63.9361457825, 64.3657150269, 64.7836685181, 65.2132415771, 65.6428070068, 66.0723800659, 66.5019454956, 66.9199066162, 67.3610839844, 67.779045105, 68.2202224731, 68.6381835938, 69.0677566528, 69.4973220825, 69.9268951416, 70.3564605713, 70.7744216919, 71.2039871216, 71.6335601807, 72.0631256104, 72.4926986694, 72.9222640991, 73.3518371582, 73.7814025879, 74.210975647, 74.6405410767, 75.0701141357, 75.4996795654, 75.9292526245, 76.3472061157, 76.7767791748, 77.2063446045, 77.6475296021, 78.0654830933, 78.4950561523, 78.924621582, 79.3541946411, 79.7837600708, 80.2133331299, 80.6428985596, 81.0608596802, 81.4904327393, 81.9199981689, 82.3611755371, 82.7791366577, 83.1970977783, 83.6382751465, 84.0562362671, 84.4858016968, 84.9153747559, 85.356552124, 85.7745132446, 86.2040786743, 86.6336517334, 87.0632171631, 87.4927902222, 87.9223556519, 88.3519287109, 88.7814941406, 89.2110671997, 89.6290206909, 90.05859375, 90.4881591797, 90.9177322388, 91.3472976685, 91.7768707275, 92.2064361572, 92.6360092163, 93.065574646, 93.4951477051, 93.9247131348, 94.3542861938, 94.7838516235, 95.2018127441, 95.6313781738, 96.0609512329, 96.4905166626, 96.9200897217, 97.3612670898, 97.7792282104, 98.2087936401, 98.6383666992, 99.0679321289, 99.497505188, 99.9154663086, 100.345031738, 100.774604797, 101.215782166, 101.633743286, 102.063308716, 102.492874146, 102.934059143, 103.352012634, 103.781585693, 104.211151123, 104.629112244, 105.058685303, 105.488250732, 105.929428101, 106.347389221, 106.77696228, 107.20652771, 107.636100769, 108.065666199, 108.495239258, 108.924804688, 109.354377747, 109.783943176, 110.213516235, 110.643081665, 111.061042786, 111.490608215, 111.920181274, 112.349746704, 112.779319763, 113.208885193, 113.638458252, 114.068023682, 114.497596741, 114.92716217, 115.356735229, 115.774688721, 116.215873718, 116.645439148, 117.075012207, 117.492965698, 117.922538757, 118.352104187, 118.781677246, 119.211242676, 119.640815735, 120.070381165, 120.499954224, 120.929519653, 121.359092712, 121.788658142, 122.206619263, 122.636184692, 123.065757751, 123.50693512, 123.936508179, 124.366073608, 124.784034729, 125.20199585, 125.631561279, 126.061134338, 126.490699768, 126.920272827, 127.361450195, 127.779411316, 128.208984375, 128.638549805, 129.068115234, 129.497680664, 129.927261353, 130.356826782, 130.786392212, 131.215957642, 131.645523071, 132.07510376, 132.504669189, 132.934234619, 133.352203369, 133.781768799, 134.211334229, 134.640899658, 135.070480347, 135.500045776, 135.929611206, 136.347564697, 136.777145386, 137.206710815, 137.636276245, 138.065841675, 138.495422363, 138.924987793, 139.354553223, 139.784118652, 140.213699341, 140.643264771, 141.0728302, 141.50239563, 141.931976318, 142.361541748, 142.779495239, 143.209060669, 143.638641357, 144.068206787, 144.497772217, 144.927337646, 145.356918335, 145.774871826, 146.204437256, 146.634017944, 147.063583374, 147.493148804, 147.934326172, 148.363891602, 148.79347229, 149.211425781, 149.640991211, 150.070556641, 150.488525391, 150.929702759, 151.34765625, 151.777236938, 152.206802368, 152.636367798, 153.065933228, 153.483901978, 153.925079346, 154.343032837, 154.772598267, 155.202178955, 155.643356323, 156.061309814, 156.490875244, 156.920455933, 157.361633301, 157.779586792, 158.209152222, 158.63873291, 159.06829834, 159.49786377, 159.915817261, 160.345397949, 160.774963379, 161.216140747, 161.634094238, 162.063674927, 162.493240356, 162.922805786, 163.352371216, 163.770339966, 164.199905396, 164.629470825, 165.059051514, 165.488616943, 165.929794312, 166.347747803, 166.777328491, 167.206893921, 167.648071289, 168.06602478, 168.49559021, 168.925170898, 169.354736328, 169.784301758, 170.213867188, 170.643447876, 171.061401367, 171.502578735, 171.920547485, 172.350112915, 172.779678345, 173.197631836, 173.638824463, 174.068389893, 174.497955322, 174.915908813, 175.345489502, 175.775054932, 176.204620361, 176.634185791, 177.063766479, 177.493331909, 177.922897339, 178.352462769, 178.782043457, 179.211608887, 179.641174316, 180.070739746, 180.488708496, 180.918273926, 181.347839355, 181.789016724, 182.206985474, 182.636550903, 183.066116333, 183.495681763, 183.925262451, 184.354827881, 184.784393311, 185.202362061, 185.63192749, 186.06149292, 186.502670288, 186.920639038, 187.350204468, 187.779769897, 188.209335327, 188.638900757, 189.068481445, 189.498046875, 189.916000366, 190.357177734, 190.775146484, 191.216323853, 191.634277344, 192.075454712, 192.493423462, 192.922988892, 193.352554321, 193.78213501, 194.211700439, 194.641265869, 195.070831299, 195.488800049, 195.929977417, 196.347930908, 196.789108276, 197.207077026, 197.636642456, 198.066207886, 198.495773315, 198.925354004, 199.354919434, 199.784484863, 200.202438354, 200.643630981, 201.061584473, 201.491149902, 201.920715332, 202.350296021, 202.77986145, 203.20942688, 203.63899231, 204.068572998, 204.498138428, 204.927703857, 205.357269287, 205.775238037, 206.193191528, 206.622756958, 207.052337646, 207.481903076, 207.911468506, 208.341033936, 208.770614624], "beats_loudness": {"dmean2": 0.0720941200852, "median": 0.0565422996879, "min": 1.52045722643e-05, "dvar2": 0.00214031129144, "dvar": 0.000647999404464, "dmean": 0.0372080802917, "max": 0.138106510043, "var": 0.0010744369356, "mean": 0.0636022090912}, "danceability": 1.19209289551, "bpm_histogram_second_peak_weight": {"dmean2": 0, "median": 0.0123203285038, "min": 0.0123203285038, "dvar2": 0, "dvar": 0, "dmean": 0, "max": 0.0123203285038, "var": 0, "mean": 0.0123203285038}, "beats_count": 488, "bpm_histogram_second_peak_bpm": {"dmean2": 0, "median": 167, "min": 167, "dvar2": 0, "dvar": 0, "dmean": 0, "max": 167, "var": 0, "mean": 167}, "bpm_histogram_first_peak_spread": {"dmean2": 0, "median": 0.25786164403, "min": 0.25786164403, "dvar2": 0, "dvar": 0, "dmean": 0, "max": 0.25786164403, "var": 0, "mean": 0.25786164403}, "beats_loudness_band_ratio": {"dmean2": [0.619761824608, 0.109705738723, 0.215274125338, 0.169295623899, 0.0988289192319, 0.186245426536], "median": [0.587101221085, 0.0424180477858, 0.100947633386, 0.0859835445881, 0.0582666695118, 0.0930139571428], "min": [0.000897014455404, 0.00122469791677, 0.00515864789486, 0.00508532766253, 0.0073987278156, 0.000847528572194], "dvar2": [0.172767907381, 0.00748190330341, 0.0231164265424, 0.0150769874454, 0.00647025043145, 0.017971964553], "dvar": [0.0462220646441, 0.0024780894164, 0.00725667085499, 0.00535243563354, 0.00212805392221, 0.00503316242248], "dmean": [0.327234059572, 0.0589861981571, 0.116442605853, 0.090309150517, 0.052770242095, 0.0998103320599], "max": [0.951823115349, 0.649706482887, 0.798809945583, 0.786404848099, 0.305170893669, 0.658408641815], "var": [0.0729873776436, 0.00356978480704, 0.0138610079885, 0.0118557149544, 0.00235309149139, 0.00616375589743], "mean": [0.540248632431, 0.0569701679051, 0.13041163981, 0.115687377751, 0.0682032704353, 0.10769572109]}}, "lowlevel": {"barkbands_spread": {"dmean2": 11.5481796265, "median": 42.0593452454, "min": 2.11818480492, "dvar2": 155.737106323, "dvar": 67.5200958252, "dmean": 7.51012849808, "max": 108.199050903, "var": 241.846786499, "mean": 39.5092582703}, "melbands_spread": {"dmean2": 16.1697216034, "median": 36.5293464661, "min": 1.5719563961, "dvar2": 320.824310303, "dvar": 127.93397522, "dmean": 10.2027540207, "max": 154.058898926, "var": 391.08303833, "mean": 36.4956703186}, "hfc": {"dmean2": 18.1873970032, "median": 44.4026451111, "min": 1.03949570735e-16, "dvar2": 599.02947998, "dvar": 250.876419067, "dmean": 12.0186309814, "max": 152.983215332, "var": 726.671081543, "mean": 46.4186172485}, "barkbands_kurtosis": {"dmean2": 2.84746217728, "median": -0.191458106041, "min": -1.8946570158, "dvar2": 31.827627182, "dvar": 15.4451751709, "dmean": 1.8986479044, "max": 91.4738540649, "var": 29.7522697449, "mean": 1.58473443985}, "gfcc": {"mean": [63.5194358826, 49.1738929749, -107.362823486, 30.4989299774, -50.2618103027, 23.8957862854, -20.7646999359, 15.1982126236, -14.0941038132, 5.01781606674, -13.1715993881, -0.590300619602, -12.5290231705], "icov": [[0.000441191572463, 0.000521610782016, 0.000141279248055, -0.000671472924296, 0.000396086805267, -0.000941442907788, 0.000937567208894, -0.000995184644125, 0.000723687873688, -0.00105685414746, 0.00139105017297, -0.00126626202837, 0.000654389499687], [0.000521610782016, 0.00448751170188, 0.000237368381931, -0.000655355164781, -0.00178307457827, 0.00195613829419, -0.0017063395353, 0.00205663009547, -0.00224671326578, 0.00402632867917, -0.00186907616444, 8.40317443362e-05, -0.000581061874982], [0.000141279248055, 0.000237368381931, 0.00420547416434, -0.00214213132858, 0.00013300019782, -0.00351088028401, 0.00264190114103, -0.00179119163658, 0.00196937890723, -0.000101309837191, -0.000170681421878, -0.000415132759372, 0.000983853940852], [-0.000671472924296, -0.000655355164781, -0.00214213132858, 0.00923929270357, -0.00163420627359, -0.00199736654758, 0.000499304267578, -0.00103748380207, 0.0020908433944, -0.00500980112702, 0.00175096839666, 0.000846289971378, -0.000815840554424], [0.000396086805267, -0.00178307457827, 0.00013300019782, -0.00163420627359, 0.0108701949939, -0.00474491808563, 0.000635762582533, -0.000619098602328, 0.000173834443558, -0.00331757310778, 0.00130179617554, 0.00230942619964, -0.00190562638454], [-0.000941442907788, 0.00195613829419, -0.00351088028401, -0.00199736654758, -0.00474491808563, 0.0215088538826, -0.0101299760863, -0.00104224705137, 1.07557807496e-05, 0.00597294839099, -0.00692955637351, 0.00321840401739, 0.000506884825882], [0.000937567208894, -0.0017063395353, 0.00264190114103, 0.000499304267578, 0.000635762582533, -0.0101299760863, 0.0224476922303, -0.0112469587475, 0.00553799653426, -0.00309136882424, 0.00310854194686, -0.00505065638572, 0.0051823137328], [-0.000995184644125, 0.00205663009547, -0.00179119163658, -0.00103748380207, -0.000619098602328, -0.00104224705137, -0.0112469587475, 0.027351161465, -0.0186651162803, 0.00980045367032, -0.00556942867115, 0.00405276333913, -0.00491147255525], [0.000723687873688, -0.00224671326578, 0.00196937890723, 0.0020908433944, 0.000173834443558, 1.07557807496e-05, 0.00553799653426, -0.0186651162803, 0.0329332090914, -0.0208933465183, 0.00903984811157, -0.00382748502307, 0.00309575302526], [-0.00105685414746, 0.00402632867917, -0.000101309837191, -0.00500980112702, -0.00331757310778, 0.00597294839099, -0.00309136882424, 0.00980045367032, -0.0208933465183, 0.0419095568359, -0.024591781199, 0.0122968498617, -0.00598405022174], [0.00139105017297, -0.00186907616444, -0.000170681421878, 0.00175096839666, 0.00130179617554, -0.00692955637351, 0.00310854194686, -0.00556942867115, 0.00903984811157, -0.024591781199, 0.0428231470287, -0.0244426708668, 0.0083783576265], [-0.00126626202837, 8.40317443362e-05, -0.000415132759372, 0.000846289971378, 0.00230942619964, 0.00321840401739, -0.00505065638572, 0.00405276333913, -0.00382748502307, 0.0122968498617, -0.0244426708668, 0.0387067683041, -0.0168748218566], [0.000654389499687, -0.000581061874982, 0.000983853940852, -0.000815840554424, -0.00190562638454, 0.000506884825882, 0.0051823137328, -0.00491147255525, 0.00309575302526, -0.00598405022174, 0.0083783576265, -0.0168748218566, 0.0307594537735]], "cov": [[13005.0166016, -2614.03613281, 1973.92785645, 1772.83337402, 5.43170595169, 1201.14990234, -8.45669078827, 728.988708496, 3.91267037392, 406.279998779, -39.8616333008, 19.4226551056, -143.644119263], [-2614.03613281, 797.984008789, -444.890319824, -361.166412354, 26.1323642731, -262.432617188, 8.853099823, -160.568344116, -0.58015203476, -102.961196899, 5.15372467041, 5.65357875824, 35.8763923645], [1973.92785645, -444.890319824, 721.307678223, 404.606109619, 57.9909324646, 295.978057861, 13.4166040421, 143.973251343, -23.2941093445, 64.4050292969, 10.6519880295, -8.74861049652, -36.1216278076], [1772.83337402, -361.166412354, 404.606109619, 417.314575195, 58.8518180847, 220.837646484, 12.0562667847, 119.553695679, 0.906872808933, 78.5567169189, 2.36711597443, -11.3648757935, -21.0345726013], [5.43170595169, 26.1323642731, 57.9909324646, 58.8518180847, 134.110290527, 51.3483276367, 19.5586299896, 21.3302993774, 9.784324646, 15.4360837936, 2.90226984024, -14.0984039307, 1.15040826797], [1201.14990234, -262.432617188, 295.978057861, 220.837646484, 51.3483276367, 228.751754761, 54.4942588806, 106.52053833, -3.97920012474, 35.1066513062, 11.0108299255, -3.13413667679, -24.370267868], [-8.45669078827, 8.853099823, 13.4166040421, 12.0562667847, 19.5586299896, 54.4942588806, 90.0626449585, 44.7455406189, 5.44883584976, -4.7151684761, 7.98417329788, 4.18590784073, -8.82151412964], [728.988708496, -160.568344116, 143.973251343, 119.553695679, 21.3302993774, 106.52053833, 44.7455406189, 128.717727661, 40.7155418396, 30.6622180939, 5.49792146683, 0.0689188688993, -6.9882273674], [3.91267037392, -0.58015203476, -23.2941093445, 0.906872808933, 9.784324646, -3.97920012474, 5.44883584976, 40.7155418396, 72.4667739868, 32.758644104, 5.09641122818, -2.56792449951, 3.21252846718], [406.279998779, -102.961196899, 64.4050292969, 78.5567169189, 15.4360837936, 35.1066513062, -4.7151684761, 30.6622180939, 32.758644104, 72.3752593994, 23.465845108, -0.209351241589, -0.220047771931], [-39.8616333008, 5.15372467041, 10.6519880295, 2.36711597443, 2.90226984024, 11.0108299255, 7.98417329788, 5.49792146683, 5.09641122818, 23.465845108, 53.543056488, 26.9184093475, 4.43410873413], [19.4226551056, 5.65357875824, -8.74861049652, -11.3648757935, -14.0984039307, -3.13413667679, 4.18590784073, 0.0689188688993, -2.56792449951, -0.209351241589, 26.9184093475, 54.0981941223, 20.7201652527], [-143.644119263, 35.8763923645, -36.1216278076, -21.0345726013, 1.15040826797, -24.370267868, -8.82151412964, -6.9882273674, 3.21252846718, -0.220047771931, 4.43410873413, 20.7201652527, 47.4780311584]]}, "spectral_energyband_middle_low": {"dmean2": 0.00554837100208, "median": 0.00806396454573, "min": 2.13204995092e-22, "dvar2": 4.15648937633e-05, "dvar": 1.63663517014e-05, "dmean": 0.00340480357409, "max": 0.0456129312515, "var": 3.54372095899e-05, "mean": 0.00892342068255}, "melbands_crest": {"dmean2": 5.46568155289, "median": 13.9565734863, "min": 1.58724975586, "dvar2": 21.9141216278, "dvar": 8.90776634216, "dmean": 3.42356157303, "max": 33.7956962585, "var": 30.0104656219, "mean": 14.7042379379}, "spectral_kurtosis": {"dmean2": 1.54044449329, "median": 2.39253020287, "min": -1.20243704319, "dvar2": 20.3223438263, "dvar": 6.34574556351, "dmean": 0.899286568165, "max": 45.3927650452, "var": 23.2741775513, "mean": 3.46515512466}, "spectral_rms": {"dmean2": 0.00124213309027, "median": 0.00610759435222, "min": 3.07410347178e-12, "dvar2": 1.58763941727e-06, "dvar": 7.40037705782e-07, "dmean": 0.000826523115393, "max": 0.0123772015795, "var": 4.73363888887e-06, "mean": 0.00605911901221}, "zerocrossingrate": {"dmean2": 0.0161360837519, "median": 0.09375, "min": 0.0029296875, "dvar2": 0.000249549077125, "dvar": 0.000169344886672, "dmean": 0.013437374495, "max": 0.521484375, "var": 0.00121628609486, "mean": 0.0926405489445}, "silence_rate_60dB": {"dmean2": 0.00133111479226, "median": 0, "min": 0, "dvar2": 0.00155113358051, "dvar": 0.000665055471472, "dmean": 0.000665483588818, "max": 1, "var": 0.0703788250685, "mean": 0.0761894211173}, "erbbands_kurtosis": {"dmean2": 0.664890706539, "median": -0.472074866295, "min": -1.65823054314, "dvar2": 0.488130033016, "dvar": 0.208007261157, "dmean": 0.414786756039, "max": 9.11487197876, "var": 0.584478855133, "mean": -0.301115989685}, "erbbands": {"dmean2": [0.457721412182, 3.30826973915, 4.1854596138, 5.2854847908, 4.47793626785, 5.83982515335, 7.75486326218, 8.42646312714, 13.8395271301, 24.7275028229, 37.6750450134, 38.9181442261, 39.4217300415, 45.7935676575, 36.7485160828, 48.4641418457, 37.5916061401, 37.3192405701, 35.9953689575, 33.5119476318, 29.8144512177, 25.3250083923, 28.3936138153, 28.030500412, 25.9718017578, 24.1654186249, 21.7452373505, 22.5589027405, 20.2238788605, 15.6291561127, 11.062538147, 7.92415571213, 4.73691654205, 2.45841598511, 1.83542013168, 0.518221497536, 0.168794766068, 0.0381974503398, 0.00637975335121, 0.000445733661763], "median": [0.249526843429, 1.66507959366, 3.54462790489, 3.69722867012, 2.69381952286, 2.44710683823, 3.4795498848, 5.21464443207, 7.49404764175, 15.9366054535, 21.3789577484, 25.4917907715, 26.1711559296, 28.6520462036, 24.5939788818, 27.8501548767, 30.5161399841, 34.0765304565, 28.8983001709, 29.6919517517, 34.526725769, 28.9173812866, 33.3503074646, 32.7223777771, 34.2043952942, 30.6946964264, 26.5896625519, 21.7660312653, 20.4496593475, 16.823846817, 13.5484266281, 9.56081581116, 5.92110681534, 3.25575995445, 1.79328715801, 0.552897751331, 0.163888573647, 0.035341180861, 0.00620078481734, 0.000511736376211], "min": [9.7534580568e-22, 1.29012124927e-21, 2.76434131816e-20, 6.96452536181e-20, 4.69737581423e-20, 3.64816053822e-20, 1.26327746932e-19, 2.92442260943e-19, 3.14077635153e-19, 5.88355113242e-19, 1.07803388666e-18, 9.95270640661e-19, 1.32179656855e-18, 1.37465392668e-18, 1.71880986516e-18, 2.06125364317e-18, 2.06310425299e-18, 2.08196810686e-18, 4.08351316508e-18, 5.05401688083e-18, 5.84328160205e-18, 1.0544670147e-17, 8.82679716726e-18, 7.08238906067e-18, 7.76117098979e-18, 1.52953851262e-17, 1.41685632998e-17, 1.84272613245e-17, 1.28431494705e-17, 1.88659267839e-17, 1.25212339371e-17, 1.31755867412e-17, 1.04280161739e-17, 1.46300093133e-17, 1.05075760596e-17, 6.17656135625e-18, 2.85018004752e-18, 9.58406406085e-19, 2.7602882624e-19, 3.18920680704e-20], "dvar2": [0.460813999176, 27.4665203094, 28.8459663391, 52.6768112183, 37.7767524719, 109.106231689, 161.06628418, 119.618469238, 458.93258667, 1034.41003418, 2817.30712891, 2702.66650391, 2926.28735352, 3735.12670898, 3096.17456055, 5798.76806641, 2372.1496582, 2620.08349609, 2901.45727539, 1833.53979492, 1117.49377441, 892.582336426, 1119.0916748, 1092.71984863, 749.881774902, 815.711181641, 834.953308105, 1270.49157715, 739.419494629, 375.221343994, 200.286117554, 142.470977783, 47.8953208923, 10.292883873, 4.03035974503, 0.423987001181, 0.0387336499989, 0.0019115624018, 5.24649622093e-05, 2.67767035211e-07], "dvar": [0.175616592169, 13.0963258743, 11.881562233, 29.0950012207, 13.9915428162, 39.8357963562, 60.3965873718, 46.5435218811, 170.688659668, 388.403594971, 1122.55432129, 984.272949219, 1073.75292969, 1484.51147461, 1163.25317383, 2428.27075195, 987.725830078, 963.838745117, 1074.73840332, 721.237060547, 434.947998047, 340.092193604, 416.160064697, 392.114440918, 292.513061523, 315.577423096, 308.577514648, 467.132385254, 292.353271484, 154.14781189, 94.0058059692, 68.3539657593, 22.078496933, 4.66869211197, 1.73858094215, 0.186153396964, 0.0178215950727, 0.000857652921695, 2.3081949621e-05, 1.2375676306e-07], "dmean": [0.280604541302, 2.15485405922, 2.65692472458, 3.59589409828, 2.68028855324, 3.36996078491, 4.67317676544, 5.11982250214, 8.14378738403, 14.5922336578, 22.8025875092, 23.0276927948, 23.3088989258, 27.9057884216, 22.1414833069, 29.7415809631, 23.0833396912, 22.5648059845, 21.6490974426, 20.3860054016, 18.4566116333, 15.4067268372, 17.3086948395, 16.7944812775, 15.9967956543, 14.767039299, 13.08152771, 13.3721008301, 12.2141237259, 9.57449626923, 7.15725231171, 5.1060385704, 3.03463554382, 1.6053789854, 1.15777802467, 0.334948122501, 0.108539104462, 0.0245263241231, 0.00407549133524, 0.000290900614345], "max": [4.48189783096, 32.7316474915, 37.6242523193, 117.92905426, 46.5180053711, 70.8467712402, 76.4052047729, 112.607574463, 216.775375366, 354.123779297, 536.847961426, 496.870697021, 423.704071045, 455.722442627, 659.302734375, 931.439147949, 479.037994385, 620.01965332, 742.374755859, 439.864593506, 377.095458984, 275.127716064, 264.141357422, 250.600646973, 212.21736145, 269.760406494, 185.675521851, 198.95211792, 202.551055908, 130.512512207, 171.645355225, 178.362457275, 83.4194641113, 34.1504898071, 12.4467735291, 4.51460313797, 1.64684832096, 0.271977096796, 0.0395951494575, 0.00301818014123], "var": [0.350557476282, 24.7812595367, 19.5067367554, 88.0386352539, 21.7476482391, 36.8194236755, 83.1198043823, 77.7017669678, 237.099807739, 554.130187988, 1917.13586426, 1493.96130371, 1667.84436035, 2147.48120117, 2077.17138672, 4384.23779297, 2763.24438477, 1678.75170898, 2003.94348145, 1776.64892578, 1181.87487793, 894.732910156, 885.586730957, 981.739257813, 884.870422363, 1021.74835205, 591.727783203, 656.29284668, 706.125671387, 417.487609863, 246.373153687, 185.192672729, 60.7141036987, 12.2872018814, 3.0338280201, 0.355674058199, 0.0349037498236, 0.00153218850028, 3.8564328861e-05, 2.2162619473e-07], "mean": [0.495030879974, 3.64774298668, 4.78138303757, 6.66864919662, 4.20636463165, 4.26402282715, 6.50344562531, 8.01151943207, 12.1895532608, 22.6077671051, 35.9181022644, 36.9062690735, 39.0288696289, 43.541469574, 38.8602867126, 49.670211792, 44.7529373169, 42.3158721924, 40.6514587402, 40.7334289551, 40.8152542114, 35.1055831909, 37.8099403381, 38.6564331055, 38.9015846252, 36.6031417847, 30.3273124695, 28.4824123383, 29.1428508759, 23.405122757, 17.9637336731, 12.7129182816, 7.71122503281, 4.05922269821, 2.19096255302, 0.707273840904, 0.210644841194, 0.0449950248003, 0.00763199524954, 0.000618179095909]}, "spectral_strongpeak": {"dmean2": 0.492439508438, "median": 0.243617773056, "min": 0, "dvar2": 0.763126730919, "dvar": 0.295946598053, "dmean": 0.286033779383, "max": 8.96831321716, "var": 0.291566193104, "mean": 0.405075997114}, "spectral_energy": {"dmean2": 0.017930611968, "median": 0.0382352769375, "min": 9.68636575235e-21, "dvar2": 0.000431619235314, "dvar": 0.000196297769435, "dmean": 0.0117704113945, "max": 0.157025009394, "var": 0.000614777905867, "mean": 0.0424827560782}, "average_loudness": 0.923428714275, "spectral_rolloff": {"dmean2": 1344.14770508, "median": 2174.85351563, "min": 64.599609375, "dvar2": 2403050, "dvar": 1035107.375, "dmean": 835.531860352, "max": 18733.8867188, "var": 2717621.75, "mean": 2395.49291992}, "spectral_centroid": {"dmean2": 397.516601563, "median": 2177.28271484, "min": 346.501159668, "dvar2": 167408.875, "dvar": 73644.5078125, "dmean": 257.584503174, "max": 11225.0205078, "var": 345471.03125, "mean": 2091.79882813}, "pitch_salience": {"dmean2": 0.125081807375, "median": 0.595224261284, "min": 0.0869833379984, "dvar2": 0.0137100704014, "dvar": 0.00608546705917, "dmean": 0.0796197727323, "max": 0.839972138405, "var": 0.0185408778489, "mean": 0.561931729317}, "spectral_energyband_middle_high": {"dmean2": 0.00410818541422, "median": 0.00873155333102, "min": 1.21598498492e-21, "dvar2": 2.00332069653e-05, "dvar": 8.19819433673e-06, "dmean": 0.00261819106527, "max": 0.0319854840636, "var": 2.79259766103e-05, "mean": 0.00881339330226}, "spectral_contrast_coeffs": {"dmean2": [0.0801681429148, 0.0764645859599, 0.0620942153037, 0.0470442734659, 0.0336944237351, 0.0256081745028], "median": [-0.702697098255, -0.781746387482, -0.791491210461, -0.79991966486, -0.797132670879, -0.751887321472], "min": [-0.96415501833, -0.973086893559, -0.959968090057, -0.955886423588, -0.968037128448, -0.959844350815], "dvar2": [0.00410673208535, 0.00356543599628, 0.00235446519218, 0.0013628405286, 0.000655667972751, 0.000452670530649], "dvar": [0.00152545631863, 0.00123861117754, 0.000849935924634, 0.000486196688144, 0.000236648236751, 0.000178038390004], "dmean": [0.0486480109394, 0.0450070761144, 0.0376636981964, 0.0280687380582, 0.019886597991, 0.015923127532], "max": [-0.412768095732, -0.516573965549, -0.515536904335, -0.596355319023, -0.680391311646, -0.67426109314], "var": [0.00371425272897, 0.00277233566158, 0.00252003362402, 0.00164411403239, 0.000674909970257, 0.000873475742992], "mean": [-0.698670148849, -0.778391182423, -0.786078214645, -0.794130265713, -0.794330239296, -0.753476560116]}, "melbands_skewness": {"dmean2": 1.22905349731, "median": 2.17844080925, "min": -0.918586134911, "dvar2": 2.17229557037, "dvar": 0.965737760067, "dmean": 0.803000211716, "max": 13.4786939621, "var": 3.05630970001, "mean": 2.71254324913}, "spectral_spread": {"dmean2": 634909, "median": 5670046, "min": 1290437.25, "dvar2": 590318010368, "dvar": 300570968064, "dmean": 422880.875, "max": 41040960, "var": 2117898338300.0, "mean": 5615571.5}, "dissonance": {"dmean2": 0.0193786732852, "median": 0.487578630447, "min": 0.244225606322, "dvar2": 0.000406088278396, "dvar": 0.000150612569996, "dmean": 0.0112396953627, "max": 0.5, "var": 0.000523325172253, "mean": 0.481294333935}, "spectral_skewness": {"dmean2": 0.207056701183, "median": 1.21679830551, "min": 0.0148055125028, "dvar2": 0.113128781319, "dvar": 0.0364151932299, "dmean": 0.126767724752, "max": 4.93692922592, "var": 0.219974130392, "mean": 1.31186854839}, "spectral_flux": {"dmean2": 0.0400382205844, "median": 0.105456583202, "min": 6.70650687762e-11, "dvar2": 0.00221434049308, "dvar": 0.000833186844829, "dmean": 0.0246195942163, "max": 0.312978744507, "var": 0.00205952604301, "mean": 0.105620130897}, "spectral_contrast_valleys": {"dmean2": [0.583404362202, 0.585107505322, 0.499035298824, 0.425857633352, 0.340751677752, 0.30728417635], "median": [-6.57947540283, -6.16085481644, -6.39673185349, -6.66388654709, -6.40737199783, -8.69219970703], "min": [-27.6157512665, -27.6149120331, -27.2952766418, -27.3621902466, -27.2345848083, -27.2272186279], "dvar2": [0.241511061788, 0.256134599447, 0.214436113834, 0.162566781044, 0.134754031897, 0.128798052669], "dvar": [0.0951740294695, 0.107149623334, 0.0955573767424, 0.0764856785536, 0.0697825402021, 0.0636258423328], "dmean": [0.346573472023, 0.349436581135, 0.305143237114, 0.267620652914, 0.224158152938, 0.208144426346], "max": [-5.25181341171, -4.67043399811, -5.15805053711, -5.59376239777, -5.50952196121, -7.49547100067], "var": [1.88860344887, 1.10062050819, 1.09506571293, 1.35834789276, 2.01364517212, 2.67870759964], "mean": [-6.92651796341, -6.39965105057, -6.63662481308, -7.01496696472, -6.85034322739, -9.09609603882]}, "erbbands_flatness_db": {"dmean2": 0.0151309203357, "median": 0.0951618328691, "min": 0.0471270643175, "dvar2": 0.000167119462276, "dvar": 7.02125980752e-05, "dmean": 0.00966241303831, "max": 0.377901941538, "var": 0.00295346765779, "mean": 0.107921570539}, "spectral_energyband_high": {"dmean2": 0.00183288182598, "median": 0.00301789375953, "min": 7.24278698117e-21, "dvar2": 6.89296484779e-06, "dvar": 2.85045007331e-06, "dmean": 0.00118384428788, "max": 0.0165082700551, "var": 7.16327031114e-06, "mean": 0.00364895397797}, "spectral_entropy": {"dmean2": 0.118525154889, "median": 8.20028018951, "min": 5.64160871506, "dvar2": 0.011666033417, "dvar": 0.00592016847804, "dmean": 0.0803776308894, "max": 9.80823135376, "var": 0.214349240065, "mean": 8.08641433716}, "silence_rate_20dB": {"dmean2": 0, "median": 1, "min": 1, "dvar2": 0, "dvar": 0, "dmean": 0, "max": 1, "var": 0, "mean": 1}, "melbands_flatness_db": {"dmean2": 0.041080866009, "median": 0.128563538194, "min": 0.00328270322643, "dvar2": 0.00185805442743, "dvar": 0.000834966369439, "dmean": 0.027198670432, "max": 0.369548410177, "var": 0.00384595431387, "mean": 0.145100921392}, "barkbands": {"dmean2": [0.000855171470903, 0.0144012961537, 0.00339195574634, 0.00199031736702, 0.00152175908443, 0.0009570234688, 0.00124144623987, 0.00163268856704, 0.00176894094329, 0.00138609029818, 0.000893061573151, 0.00113588350359, 0.000886396388523, 0.000687318912242, 0.00070756796049, 0.000616830016952, 0.000511326827109, 0.000512559781782, 0.000518672168255, 0.000555177161004, 0.000521416950505, 0.000575900485273, 0.000400449498557, 0.000304904766381, 0.000222679693252, 9.33388000703e-05, 3.82359648938e-05], "median": [0.000756733410526, 0.00805796310306, 0.00267077004537, 0.00100614898838, 0.00076633685967, 0.00063892651815, 0.00071588420542, 0.000903574633412, 0.00101315486245, 0.000866429763846, 0.00055767147569, 0.000601829728112, 0.000639804638922, 0.000577586586587, 0.000481437367853, 0.000642751692794, 0.000504890573211, 0.000569117197301, 0.000677896314301, 0.000723305158317, 0.000537510786671, 0.000568518531509, 0.000502878741827, 0.000378648896003, 0.000276760198176, 9.99836338451e-05, 3.84133527405e-05], "min": [8.64403803227e-23, 1.10066582996e-23, 3.60501797512e-23, 1.34097045329e-23, 9.561863496e-24, 3.46508509459e-23, 1.98286325865e-23, 3.68159238765e-23, 4.40827212088e-23, 4.68785294539e-23, 2.97957307741e-23, 5.5602835661e-23, 4.45386733457e-23, 3.29702522071e-23, 5.92633458987e-23, 1.06197628886e-22, 1.57086402171e-22, 1.43027436714e-22, 1.65541287136e-22, 3.08099862793e-22, 4.09497140542e-22, 4.27110498668e-22, 5.73739874275e-22, 5.55404373944e-22, 1.41402446358e-21, 1.5776479983e-21, 2.07176148974e-21], "dvar2": [1.25807764562e-06, 0.000491072132718, 1.84678738151e-05, 7.51670586396e-06, 6.24855283604e-06, 1.44727857787e-06, 3.10731388709e-06, 4.76170635011e-06, 5.66643802813e-06, 3.26169583786e-06, 1.57707438575e-06, 3.00281112686e-06, 1.30567877932e-06, 9.28674865008e-07, 1.10139046683e-06, 4.95875156048e-07, 3.50569621332e-07, 3.83248391245e-07, 3.05692026359e-07, 3.75830325083e-07, 6.38381550289e-07, 6.53896506719e-07, 2.36323643321e-07, 2.19112536115e-07, 6.39543031866e-08, 1.246161