{"metadata": {"tags": {"album": ["Binocular"], "albumartist": ["Binocular"], "musicbrainz_recordingid": ["0463376f-fe78-4bc5-931d-ee8693a050a9"], "artist": ["Binocular"], "date": ["2001"], "tracknumber": ["1"], "title": ["01 - You"], "file_name": "340140.mp3"}, "audio_properties": {"sample_rate": 44100, "downmix": "mix", "lossless": false, "analysis_sample_rate": 44100, "md5_encoded": "8cc7054aa1be9113412e68b3c91b7316", "equal_loudness": 0, "replay_gain": -13.8507881165, "codec": "mp3", "bit_rate": 192000, "length": 291.13470459}, "version": {"extractor": "music 1.0", "essentia_build_sha": "70f2e5ece6736b2c40cc944ad0e695b16b925413", "essentia_git_sha": "v2.1_beta2", "essentia": "2.1-beta2"}}, "rhythm": {"beats_loudness_band_ratio": {"dvar2": [0.0519454814494, 0.0498061478138, 0.0245102532208, 0.00702247954905, 0.0084766568616, 0.0200102999806], "var": [0.0586680993438, 0.0235725678504, 0.0122257070616, 0.00214071688242, 0.00469829514623, 0.00686907861382], "min": [0.00329416594468, 0.00154571433086, 0.00161744782235, 0.000829212309327, 0.000711450702511, 0.000190817358089], "dmean": [0.18457749486, 0.144195228815, 0.0811601728201, 0.0308869387954, 0.0510640069842, 0.0709204599261], "mean": [0.570112466812, 0.177451893687, 0.0983500853181, 0.0355838425457, 0.0772612988949, 0.0755607709289], "max": [0.967719376087, 0.972977757454, 0.69066208601, 0.394796520472, 0.594890415668, 0.776868164539], "dmean2": [0.312602549791, 0.261264890432, 0.141327336431, 0.0551720485091, 0.0900030508637, 0.131828829646], "median": [0.610409259796, 0.136280789971, 0.0622652582824, 0.0209601465613, 0.057811524719, 0.0598539784551], "dvar": [0.0182666499168, 0.0173555538058, 0.00900479964912, 0.00240751472302, 0.00309162354097, 0.00565097620711]}, "bpm_histogram_first_peak_weight": {"dvar2": 0, "var": 0, "min": 0.607272744179, "dmean": 0, "mean": 0.607272744179, "max": 0.607272744179, "dmean2": 0, "median": 0.607272744179, "dvar": 0}, "bpm": 113.959274292, "beats_count": 551, "bpm_histogram_first_peak_spread": {"dvar2": 0, "var": 0, "min": 0.368620038033, "dmean": 0, "mean": 0.368620038033, "max": 0.368620038033, "dmean2": 0, "median": 0.368620038033, "dvar": 0}, "danceability": 1.04049444199, "bpm_histogram_first_peak_bpm": {"dvar2": 0, "var": 0, "min": 115, "dmean": 0, "mean": 115, "max": 115, "dmean2": 0, "median": 115, "dvar": 0}, "beats_position": [0.557278871536, 1.11455774307, 1.67183673382, 2.24072551727, 2.76317453384, 3.29723358154, 3.83129239082, 4.3653512001, 4.8994102478, 5.4334692955, 5.95591831207, 6.47836732864, 7.00081634521, 7.52326536179, 8.05732440948, 8.59138298035, 9.11383247375, 9.63628101349, 10.1587295532, 10.6811790466, 11.2036275864, 11.7260770798, 12.2601356506, 12.782585144, 13.3050336838, 13.8274831772, 14.3499317169, 14.8839902878, 15.4180498123, 15.9404983521, 16.4629478455, 16.99700737, 17.5194549561, 18.0419044495, 18.5643539429, 19.0868015289, 19.6208610535, 20.1433105469, 20.6657600403, 21.1998176575, 21.733877182, 22.2563266754, 22.7787742615, 23.312833786, 23.8352832794, 24.3577327728, 24.89179039, 25.4142398834, 25.9366893768, 26.4591369629, 26.9815864563, 27.5156459808, 28.0380954742, 28.5605430603, 29.0946025848, 29.6286621094, 30.1511096954, 30.6735591888, 31.1960086823, 31.7184581757, 32.2525177002, 32.7865753174, 33.3090248108, 33.8314743042, 34.3539237976, 34.8763694763, 35.4104309082, 35.9444885254, 36.4669380188, 36.9893875122, 37.5234451294, 38.0458946228, 38.5683441162, 39.1024017334, 39.6248512268, 40.1473007202, 40.6813583374, 41.2038078308, 41.7262573242, 42.2487068176, 42.771156311, 43.3052139282, 43.8276634216, 44.350112915, 44.8841705322, 45.4182319641, 45.9406776428, 46.4631271362, 46.9971885681, 47.5196380615, 48.0420837402, 48.5761451721, 49.0985946655, 49.6210403442, 50.1434898376, 50.6659393311, 51.2000007629, 51.7340583801, 52.2565078735, 52.7789573669, 53.3130149841, 53.8354644775, 54.3579139709, 54.8919715881, 55.4144210815, 55.936870575, 56.4593200684, 56.9817695618, 57.515827179, 58.0498847961, 58.5723342896, 59.094783783, 59.6172332764, 60.1396827698, 60.673740387, 61.2077980042, 61.7302474976, 62.252696991, 62.7867546082, 63.32081604, 63.831653595, 64.3657150269, 64.8881607056, 65.4106140137, 65.9330596924, 66.4555053711, 66.9895706177, 67.5236282349, 68.0460739136, 68.5685272217, 69.0909729004, 69.6134262085, 70.1474838257, 70.6815414429, 71.2039871216, 71.7264404297, 72.2604980469, 72.7829437256, 73.3053970337, 73.8394546509, 74.3619003296, 74.8843536377, 75.4184112549, 75.9408569336, 76.4633102417, 76.9973678589, 77.5198135376, 78.0422668457, 78.5763244629, 79.0871658325, 79.6212234497, 80.1552810669, 80.6661224365, 81.2001800537, 81.7342376709, 82.256690979, 82.7791366577, 83.3131942749, 83.835647583, 84.3580932617, 84.8805389404, 85.4029922485, 85.9370498657, 86.4711074829, 86.993560791, 87.5160064697, 88.0384597778, 88.5609054565, 89.0949630737, 89.6290206909, 90.151473999, 90.6739196777, 91.2079772949, 91.730430603, 92.2528762817, 92.7869338989, 93.309387207, 93.8318328857, 94.3542861938, 94.8767318726, 95.4107894897, 95.9448471069, 96.467300415, 96.9897460938, 97.5238113403, 98.046257019, 98.5687026978, 99.1027679443, 99.625213623, 100.147659302, 100.67011261, 101.192558289, 101.726615906, 102.260681152, 102.783126831, 103.305580139, 103.839637756, 104.362083435, 104.884536743, 105.41859436, 105.941040039, 106.463493347, 106.985939026, 107.508384705, 108.042449951, 108.576507568, 109.087341309, 109.621406555, 110.155464172, 110.677909851, 111.200363159, 111.734420776, 112.256866455, 112.779319763, 113.31337738, 113.835823059, 114.358276367, 114.892333984, 115.414779663, 115.937232971, 116.471290588, 116.993736267, 117.516189575, 118.050247192, 118.572692871, 119.095146179, 119.617591858, 120.140045166, 120.674102783, 121.2081604, 121.730613708, 122.253059387, 122.787117004, 123.309570312, 123.832015991, 124.366073608, 124.888526917, 125.410972595, 125.933418274, 126.455871582, 126.989929199, 127.523986816, 128.046432495, 128.568893433, 129.10295105, 129.625396729, 130.147842407, 130.681900024, 131.204345703, 131.726806641, 132.260864258, 132.771697998, 133.305755615, 133.839813232, 134.362258911, 134.896316528, 135.418777466, 135.941223145, 136.463668823, 136.99772644, 137.520172119, 138.042633057, 138.576690674, 139.099136353, 139.621582031, 140.155639648, 140.678085327, 141.200546265, 141.734603882, 142.257049561, 142.779495239, 143.301940918, 143.824401855, 144.358459473, 144.89251709, 145.426574707, 145.937408447, 146.459854126, 146.982315063, 147.493148804, 147.980773926, 148.514831543, 149.025665283, 149.536499023, 150.093780518, 150.639450073, 151.185119629, 151.719177246, 152.264846802, 152.798904419, 153.321365356, 153.843811035, 154.366256714, 154.888702393, 155.411148071, 155.933609009, 156.467666626, 156.990112305, 157.512557983, 158.035003662, 158.569061279, 159.103118896, 159.625579834, 160.159637451, 160.68208313, 161.204528809, 161.726974487, 162.249435425, 162.771881104, 163.305938721, 163.839996338, 164.362442017, 164.884887695, 165.418960571, 165.94140625, 166.463851929, 166.997909546, 167.520355225, 168.042816162, 168.576873779, 169.099319458, 169.621765137, 170.155822754, 170.678268433, 171.20072937, 171.734786987, 172.257232666, 172.779678345, 173.313735962, 173.836181641, 174.358642578, 174.892700195, 175.415145874, 175.937591553, 176.460037231, 176.982498169, 177.516555786, 178.050613403, 178.573059082, 179.095504761, 179.617950439, 180.140411377, 180.674468994, 181.208526611, 181.73097229, 182.253417969, 182.787475586, 183.309921265, 183.832382202, 184.366439819, 184.888885498, 185.411331177, 185.945388794, 186.467849731, 186.99029541, 187.524353027, 188.046798706, 188.569244385, 189.103302002, 189.637359619, 190.159820557, 190.682266235, 191.193099976, 191.727157593, 192.26121521, 192.783676147, 193.306121826, 193.840179443, 194.362625122, 194.885070801, 195.419128418, 195.941589355, 196.464035034, 196.998092651, 197.52053833, 198.042984009, 198.577041626, 199.099502563, 199.633560181, 200.167617798, 200.690063477, 201.212509155, 201.734954834, 202.257415771, 202.791473389, 203.313919067, 203.836364746, 204.370422363, 204.892883301, 205.415328979, 205.937774658, 206.471832275, 206.994277954, 207.528335571, 208.050796509, 208.573242188, 209.095687866, 209.629745483, 210.163803101, 210.697860718, 211.220306396, 211.742767334, 212.265213013, 212.787658691, 213.31010437, 213.832565308, 214.366622925, 214.889068604, 215.411514282, 215.945571899, 216.468017578, 217.002075195, 217.524536133, 218.046981812, 218.56942749, 219.103485107, 219.625930786, 220.148391724, 220.682449341, 221.216506958, 221.738952637, 222.261398315, 222.783843994, 223.306304932, 223.840362549, 224.362808228, 224.885253906, 225.419311523, 225.953369141, 226.475830078, 226.998275757, 227.532333374, 228.054779053, 228.577224731, 229.099685669, 229.622131348, 230.156188965, 230.678634644, 231.201080322, 231.723526001, 232.245986938, 232.780044556, 233.314102173, 233.836547852, 234.35899353, 234.893051147, 235.427108765, 235.949569702, 236.472015381, 236.99446106, 237.516906738, 238.050964355, 238.573425293, 239.095870972, 239.629928589, 240.152374268, 240.674819946, 241.208877563, 241.731338501, 242.265396118, 242.787841797, 243.310287476, 243.832733154, 244.366790771, 244.889251709, 245.411697388, 245.945755005, 246.468200684, 246.990646362, 247.5131073, 248.035552979, 248.569610596, 249.103668213, 249.626113892, 250.14855957, 250.682632446, 251.216690063, 251.739135742, 252.261581421, 252.7840271, 253.306488037, 253.828933716, 254.351379395, 254.885437012, 255.419494629, 255.941940308, 256.464385986, 256.998443604, 257.520904541, 258.043365479, 258.577423096, 259.099853516, 259.622314453, 260.15637207, 260.67880249, 261.201263428, 261.735321045, 262.257781982, 262.780212402, 263.30267334, 263.825134277, 264.359191895, 264.893249512, 265.415679932, 265.938140869, 266.460571289, 266.983032227, 267.517089844, 268.051147461, 268.573608398, 269.096038818, 269.630096436, 270.152557373, 270.675018311, 271.209075928, 271.731506348, 272.253967285, 272.776397705, 273.298858643, 273.83291626, 274.366973877, 274.889434814, 275.411865234, 275.945922852, 276.479980469, 277.002441406, 277.524902344, 278.047332764, 278.569793701, 279.092254639, 279.614685059, 280.148742676, 280.682800293, 281.20526123, 281.72769165, 282.261749268, 282.795837402, 283.32989502, 283.875549316, 284.421234131, 284.978485107, 285.535766602, 286.093048096, 286.65032959, 287.207611084, 287.764892578, 288.310546875, 288.856231689, 289.401885986, 289.95916748, 290.516448975], "beats_loudness": {"dvar2": 0.000973169284407, "var": 0.000776564178523, "min": 1.68726962957e-10, "dmean": 0.0177905410528, "mean": 0.0450929813087, "max": 0.12308614701, "dmean2": 0.0316578559577, "median": 0.0483237877488, "dvar": 0.000327230256516}, "bpm_histogram_second_peak_weight": {"dvar2": 0, "var": 0, "min": 0.019999999553, "dmean": 0, "mean": 0.019999999553, "max": 0.019999999553, "dmean2": 0, "median": 0.019999999553, "dvar": 0}, "bpm_histogram_second_peak_spread": {"dvar2": 0, "var": 0, "min": 0.449999988079, "dmean": 0, "mean": 0.449999988079, "max": 0.449999988079, "dmean2": 0, "median": 0.449999988079, "dvar": 0}, "bpm_histogram_second_peak_bpm": {"dvar2": 0, "var": 0, "min": 108, "dmean": 0, "mean": 108, "max": 108, "dmean2": 0, "median": 108, "dvar": 0}, "onset_rate": 3.93948245049}, "lowlevel": {"spectral_energyband_high": {"dvar2": 1.82623602996e-06, "var": 2.71283806796e-06, "min": 7.1832501719e-21, "dmean": 0.000475971988635, "mean": 0.00107114494313, "max": 0.0272332653403, "dmean2": 0.000698176212609, "median": 0.000495072687045, "dvar": 8.57297095536e-07}, "spectral_energyband_middle_low": {"dvar2": 0.000219928318984, "var": 0.00014591315994, "min": 2.46601554043e-22, "dmean": 0.0050991573371, "mean": 0.0113486722112, "max": 0.135494038463, "dmean2": 0.0081849405542, "median": 0.00775010325015, "dvar": 9.11142269615e-05}, "spectral_energy": {"dvar2": 0.000476036133477, "var": 0.000512403028551, "min": 1.02600680137e-20, "dmean": 0.00921207480133, "mean": 0.033543061465, "max": 0.180408194661, "dmean2": 0.0148683972657, "median": 0.0323880426586, "dvar": 0.000190805323655}, "spectral_spread": {"dvar2": 1106161958910.0, "var": 3208311734270.0, "min": 1924115.875, "dmean": 557300.5625, "mean": 4595201, "max": 40741992, "dmean2": 765844.9375, "median": 4240311.5, "dvar": 592481484800}, "spectral_energyband_low": {"dvar2": 0.000339619524311, "var": 0.000247781979851, "min": 2.82079367876e-23, "dmean": 0.00642169546336, "mean": 0.0191096477211, "max": 0.173078358173, "dmean2": 0.010786049068, "median": 0.0183239337057, "dvar": 0.000125647478853}, "spectral_rolloff": {"dvar2": 1459681.25, "var": 3241408.25, "min": 86.1328125, "dmean": 469.32409668, "mean": 1330.04724121, "max": 19444.4824219, "dmean2": 800.089355469, "median": 667.529296875, "dvar": 652923.9375}, "barkbands": {"dvar2": [2.97772203339e-07, 0.000142818738823, 0.000123857535073, 7.45439319871e-05, 6.58120843582e-05, 1.11002182166e-05, 1.52545408127e-06, 7.66045104683e-06, 7.74791442382e-06, 1.18584762276e-06, 1.47325965827e-06, 5.89348303492e-07, 3.49964238922e-07, 5.92113622133e-07, 6.52765777431e-07, 8.2202654994e-07, 1.75500565547e-06, 6.69884855142e-07, 2.5147727456e-07, 1.65214828485e-07, 1.52834985556e-07, 1.27678731587e-07, 8.64744578166e-08, 8.85735929046e-08, 4.7444796536e-08, 3.22886855031e-08, 2.48715131823e-10], "var": [2.51954276109e-07, 9.36228752835e-05, 7.58596215746e-05, 2.94861183647e-05, 3.12585398206e-05, 1.25933656818e-05, 1.83651775387e-06, 6.43663679512e-06, 6.48914738122e-06, 9.98341079139e-07, 1.17164722724e-06, 4.60320734419e-07, 2.7820092896e-07, 3.30934568638e-07, 4.83377164073e-07, 7.35489948056e-07, 2.11070164369e-06, 6.01580381954e-07, 2.30739658491e-07, 1.52332461312e-07, 1.03737690438e-07, 1.03388181572e-07, 1.60303841312e-07, 1.36249397542e-07, 6.22019058483e-08, 2.39958417581e-08, 1.27377122738e-10], "min": [2.40412953652e-24, 6.65071353138e-24, 4.10399995004e-24, 9.56967164124e-24, 2.58162051863e-23, 1.95111129167e-23, 3.18971647177e-23, 7.64862573193e-24, 4.34378305742e-23, 3.27125976137e-23, 4.48546500035e-23, 4.17442345631e-23, 4.03983116411e-23, 4.2934013513e-23, 9.92701742715e-23, 9.52481764125e-23, 7.14732277046e-23, 1.30732528325e-22, 2.20982860695e-22, 2.06679007569e-22, 2.79355664673e-22, 4.43788154164e-22, 4.27743505902e-22, 6.20586347577e-22, 9.83158987008e-22, 1.57216994623e-21, 1.94081795059e-21], "dmean": [0.000163384072948, 0.00391102721915, 0.0031908492092, 0.00222754990682, 0.0023122751154, 0.000983819016255, 0.000387582811527, 0.000672948255669, 0.000516706553753, 0.000228196542594, 0.000157185364515, 0.000150988460518, 0.000121398028568, 0.000138429590152, 0.000222578717512, 0.000261432229308, 0.000332857249305, 0.000256233674008, 0.000178648333531, 0.000163418706506, 0.000138739458635, 9.73410278675e-05, 8.50200594869e-05, 7.07510189386e-05, 5.71234377276e-05, 5.07743643539e-05, 3.7087097553e-06], "mean": [0.000275258644251, 0.00982150062919, 0.00732188625261, 0.00292599177919, 0.00361364358105, 0.0018448100891, 0.000838063948322, 0.00119047879707, 0.000892135605682, 0.000396519404603, 0.000228476303164, 0.000232087593758, 0.000192895822693, 0.00019851505931, 0.000379072298529, 0.000495085958391, 0.000641341786832, 0.000459281232907, 0.000371399568394, 0.000338015495799, 0.000264067726675, 0.000159170565894, 0.000165670746355, 0.000137379320222, 9.50818139245e-05, 6.16807374172e-05, 3.48003300132e-06], "max": [0.00512058334425, 0.10778079927, 0.0984253883362, 0.0591602623463, 0.0882849693298, 0.107345379889, 0.0194489620626, 0.0748408064246, 0.0511658228934, 0.0259295683354, 0.0259617250413, 0.0211509913206, 0.0112741310149, 0.0174695458263, 0.0163047201931, 0.0183761119843, 0.0272314921021, 0.026422271505, 0.00954878050834, 0.00403646053746, 0.00406544934958, 0.00474300934002, 0.0104559520259, 0.00569682568312, 0.003801651299, 0.00191765872296, 0.000308171496727], "dmean2": [0.00028139326605, 0.00647192867473, 0.00538225239143, 0.0038105272688, 0.00390187208541, 0.00151869631372, 0.00060896523064, 0.0010182778351, 0.000788130215369, 0.000350671587512, 0.000247735413723, 0.000240933557507, 0.000195016778889, 0.000226111747907, 0.000353023322532, 0.000417970062699, 0.000532215693966, 0.0004096388584, 0.000286246126052, 0.000264098896878, 0.000225641371799, 0.000155381974764, 0.000123482284835, 0.000102923309896, 8.35146638565e-05, 7.68657773733e-05, 5.93456888964e-06], "median": [5.47152449144e-05, 0.00870173610747, 0.00475915614516, 0.00105917803012, 0.00179657468107, 0.000772624160163, 0.000343062274624, 0.000428660598118, 0.000174023763975, 0.000133461071528, 3.46828455804e-05, 7.28312588762e-05, 7.38751186873e-05, 7.21538817743e-05, 0.00019711870118, 0.000252562109381, 0.000307204085402, 0.000212538550841, 0.000234797189478, 0.000216762564378, 0.000159729417646, 4.32041633758e-05, 3.17295562127e-05, 2.14633000724e-05, 1.43295728776e-05, 5.91081607126e-06, 1.41091732075e-07], "dvar": [1.05775527004e-07, 5.5075463024e-05, 4.50359802926e-05, 2.8748798286e-05, 2.49997683568e-05, 4.83756730318e-06, 6.22990114607e-07, 3.23123458656e-06, 3.30306693286e-06, 4.89206570364e-07, 5.95931737735e-07, 2.45695872536e-07, 1.46752142882e-07, 2.39554253767e-07, 2.79894095456e-07, 3.2924884863e-07, 7.29274802325e-07, 2.85692323132e-07, 1.03071208457e-07, 6.77959448581e-08, 5.95408984339e-08, 5.30498702744e-08, 4.56830377971e-08, 4.40149037217e-08, 2.35990604835e-08, 1.39155948986e-08, 1.08477518634e-10]}, "melbands_skewness": {"dvar2": 1.50055849552, "var": 3.29774785042, "min": -0.496418893337, "dmean": 0.736702740192, "mean": 3.89688253403, "max": 14.1212091446, "dmean2": 1.16546666622, "median": 3.70631074905, "dvar": 0.596349358559}, "barkbands_skewness": {"dvar2": 0.740551710129, "var": 1.56631338596, "min": -2.74070549011, "dmean": 0.499660134315, "mean": 2.07560563087, "max": 8.98590660095, "dmean2": 0.798845052719, "median": 1.91318750381, "dvar": 0.291609913111}, "erbbands": {"dvar2": [0.0966394022107, 8.7653465271, 111.955596924, 381.066192627, 1012.77349854, 757.375915527, 1397.32983398, 946.76751709, 241.629959106, 630.302856445, 4542.01904297, 4972.49316406, 916.844299316, 2242.83935547, 1845.81762695, 852.152526855, 774.253295898, 825.350036621, 1514.78161621, 2151.21826172, 4466.63720703, 2478.32739258, 1726.25390625, 810.586547852, 576.562744141, 389.178771973, 334.645629883, 206.652282715, 195.484008789, 109.552986145, 74.7342758179, 54.3702545166, 21.0394744873, 7.0587644577, 2.86553573608, 0.772090554237, 0.121748231351, 0.00278678443283, 2.05614492188e-06, 2.16565632094e-09], "var": [0.0873994454741, 5.50500774384, 83.7114334106, 170.253463745, 364.840179443, 355.680297852, 1566.94104004, 998.9296875, 224.323364258, 851.730041504, 4178.71044922, 4038.87207031, 966.907043457, 1641.08422852, 1389.71862793, 763.99407959, 673.108154297, 496.47454834, 949.069213867, 2044.09411621, 5433.68115234, 2634.42749023, 1650.7355957, 722.799072266, 555.32208252, 361.575958252, 273.426330566, 122.117034912, 144.694030762, 119.86315918, 136.52973938, 87.2948684692, 27.0441684723, 8.70531845093, 3.12655448914, 0.67346060276, 0.0735902413726, 0.00190258375369, 1.26109068788e-06, 2.33852426312e-09], "min": [1.30540980275e-22, 2.10774929899e-21, 5.54701421885e-21, 1.80087494487e-20, 5.20723249546e-20, 3.92817539273e-20, 9.97864032828e-20, 1.85734540207e-19, 5.00639175026e-19, 4.21336284026e-19, 2.23815273121e-19, 1.12435279564e-18, 1.2062726276e-18, 1.30893597798e-18, 2.49170251071e-18, 2.10604733449e-18, 2.03082704511e-18, 2.4383921678e-18, 3.64998656527e-18, 4.87580495376e-18, 5.2472640563e-18, 5.67781776899e-18, 6.7032297338e-18, 8.87235579386e-18, 9.86759469146e-18, 9.90812736866e-18, 9.00956024206e-18, 1.14507952228e-17, 1.73574603665e-17, 1.35760753337e-17, 1.40962329727e-17, 1.25326018803e-17, 1.10124655988e-17, 9.93898865013e-18, 6.61776915522e-18, 5.40168254664e-18, 2.99718203649e-18, 1.11202770111e-18, 2.54248333531e-19, 2.79740947873e-20], "dmean": [0.0986483469605, 0.964990258217, 3.18365693092, 5.62663841248, 7.70544815063, 6.93614864349, 12.536362648, 5.95146465302, 5.02943181992, 6.23075389862, 17.1197395325, 12.6310739517, 6.05751991272, 8.50395393372, 5.98664808273, 6.24576377869, 5.4525847435, 5.53924131393, 9.96514129639, 11.953830719, 17.5384273529, 14.2405166626, 13.8954114914, 9.03440284729, 8.90349674225, 8.01391029358, 7.03383302689, 4.17535209656, 3.6837887764, 2.88346815109, 2.40925383568, 1.70148491859, 1.09524428844, 0.668879330158, 0.417657017708, 0.227227598429, 0.0962484180927, 0.0159323159605, 0.00037957605673, 1.86286233657e-05], "mean": [0.235669508576, 2.39263772964, 8.40877819061, 9.3389339447, 9.9624004364, 10.5432415009, 21.6200313568, 11.2649021149, 10.5226287842, 14.0967302322, 30.9233779907, 22.7357501984, 11.0340585709, 14.8713655472, 9.73123550415, 10.2391281128, 9.22678279877, 8.95645332336, 16.2227630615, 21.8379859924, 35.7760810852, 29.9825115204, 27.3904895782, 18.9867477417, 18.9713382721, 17.0562095642, 14.1520843506, 7.36060523987, 5.91858005524, 4.8951125145, 4.73873186111, 3.38325214386, 2.00297760963, 1.15502917767, 0.637567222118, 0.298472493887, 0.108845002949, 0.0175992771983, 0.000428028986789, 5.25918585481e-05], "max": [3.3530728817, 24.3111171722, 105.733093262, 161.840408325, 267.729125977, 314.201904297, 497.21105957, 1362.59057617, 250.825592041, 539.627258301, 1335.10595703, 1504.21520996, 717.746582031, 1068.86914062, 962.255249023, 809.503601074, 595.697937012, 847.626464844, 646.563415527, 1127.80932617, 1467.48132324, 1239.51428223, 632.273803711, 983.88482666, 482.087799072, 197.853607178, 174.193374634, 150.193649292, 193.016769409, 249.041351318, 261.625915527, 164.911056519, 88.5881881714, 50.8206291199, 34.4200134277, 13.3735294342, 4.06176567078, 0.916811943054, 0.0259946957231, 0.000594394281507], "dmean2": [0.163540050387, 1.60149335861, 5.34735107422, 9.4933385849, 13.0477762222, 11.7276029587, 19.9404354095, 9.33831119537, 7.95769119263, 9.69401359558, 25.6713199615, 19.1372318268, 9.24256420135, 13.1093559265, 9.45209217072, 9.95543670654, 8.67131328583, 8.97002410889, 15.9856357574, 18.8546485901, 28.0374107361, 22.8591499329, 22.4028530121, 14.3137683868, 14.328494072, 12.9462785721, 11.4150953293, 6.81351518631, 5.9420170784, 4.43668270111, 3.51121520996, 2.50091648102, 1.62803387642, 0.98727786541, 0.623778760433, 0.34258338809, 0.149131655693, 0.0242671854794, 0.000586378620937, 2.84417837975e-05], "median": [0.134247407317, 2.06727170944, 5.79688644409, 5.07527351379, 4.85185575485, 4.33572292328, 8.98233985901, 4.04483890533, 5.70334339142, 4.72971487045, 12.1093215942, 5.53861141205, 3.11287689209, 4.97556495667, 2.49092054367, 3.43870353699, 3.44982481003, 3.82240724564, 7.63826274872, 10.8494243622, 17.9217414856, 15.9819869995, 14.142660141, 11.2592601776, 12.6363544464, 11.193731308, 9.01432037354, 3.67138624191, 1.66059613228, 0.959332585335, 0.843105077744, 0.535041213036, 0.32272964716, 0.188154622912, 0.0825084596872, 0.0319104492664, 0.00915857776999, 0.00120151322335, 4.77858957311e-05, 4.26392325608e-05], "dvar": [0.0367706492543, 3.36487913132, 40.2074508667, 146.292724609, 392.22277832, 281.696716309, 608.437744141, 390.661254883, 95.5654220581, 273.944061279, 1970.8972168, 2120.37866211, 425.029083252, 883.902648926, 761.976318359, 341.833557129, 327.084564209, 337.376739502, 593.619018555, 1003.92919922, 1813.10314941, 1002.66040039, 711.48425293, 344.992370605, 235.654510498, 158.643096924, 134.453994751, 80.4031143188, 79.0745391846, 48.6174468994, 39.3284683228, 27.1199855804, 9.95636844635, 3.39535903931, 1.3449293375, 0.344930142164, 0.0502214096487, 0.00124964839779, 9.05624574443e-07, 9.70509783649e-10]}, "silence_rate_30dB": {"dvar2": 0.00968617293984, "var": 0.00183097773697, "min": 0, "dmean": 0.00334954936989, "mean": 0.998165845871, "max": 1, "dmean2": 0.00669963331893, "median": 1, "dvar": 0.00333849317394}, "melbands_spread": {"dvar2": 130.555145264, "var": 305.050537109, "min": 0.738760232925, "dmean": 5.53987789154, "mean": 20.2009449005, "max": 243.497741699, "dmean2": 8.84508323669, "median": 16.6548690796, "dvar": 52.0476150513}, "melbands_crest": {"dvar2": 16.6538391113, "var": 28.131521225, "min": 1.00057899952, "dmean": 2.60711789131, "mean": 17.2778244019, "max": 31.8719444275, "dmean2": 4.30934667587, "median": 16.744682312, "dvar": 6.41774845123}, "zerocrossingrate": {"dvar2": 0.000122082899907, "var": 0.00214013131335, "min": 0.0029296875, "dmean": 0.00948291365057, "mean": 0.0577369593084, "max": 0.529296875, "dmean2": 0.0114145968109, "median": 0.04931640625, "dvar": 0.000101425146568}, "barkbands_kurtosis": {"dvar2": 77.2345046997, "var": 88.8337554932, "min": -1.90889489651, "dmean": 3.07119965553, "mean": 5.77857065201, "max": 118.242477417, "dmean2": 5.00688362122, "median": 2.81435990334, "dvar": 29.2051296234}, "spectral_flux": {"dvar2": 0.00181357201654, "var": 0.00248258770443, "min": 6.69845290346e-11, "dmean": 0.0217387787998, "mean": 0.0734328106046, "max": 0.325136631727, "dmean2": 0.0340940915048, "median": 0.0637329369783, "dvar": 0.000835906132124}, "barkbands_crest": {"dvar2": 11.7647924423, "var": 14.7810087204, "min": 2.57048892975, "dmean": 2.10932135582, "mean": 11.0834369659, "max": 26.2008152008, "dmean2": 3.4754049778, "median": 10.5087585449, "dvar": 4.46270799637}, "barkbands_flatness_db": {"dvar2": 0.00112135522068, "var": 0.00264961714856, "min": 0.0389679558575, "dmean": 0.0230898112059, "mean": 0.151617750525, "max": 0.4160631001, "dmean2": 0.0343459956348, "median": 0.146343111992, "dvar": 0.000510864017997}, "spectral_entropy": {"dvar2": 0.0701020732522, "var": 0.174976661801, "min": 5.44953680038, "dmean": 0.176820099354, "mean": 7.53142404556, "max": 9.80921077728, "dmean2": 0.258540481329, "median": 7.53568458557, "dvar": 0.0345386080444}, "pitch_salience": {"dvar2": 0.0100219370797, "var": 0.0137387784198, "min": 0.0973431989551, "dmean": 0.0652470216155, "mean": 0.471538573503, "max": 0.996094226837, "dmean2": 0.106340058148, "median": 0.471715867519, "dvar": 0.00388434226625}, "erbbands_spread": {"dvar2": 148.106262207, "var": 322.903442383, "min": 6.07612228394, "dmean": 8.26438999176, "mean": 52.7925071716, "max": 156.741546631, "dmean2": 12.7985582352, "median": 51.4184570312, "dvar": 65.6645736694}, "dynamic_complexity": 3.64383292198, "spectral_contrast_valleys": {"dvar2": [0.262612491846, 0.218269973993, 0.196876049042, 0.193702235818, 0.180232346058, 0.341284751892], "var": [3.10500526428, 2.0862057209, 1.91740012169, 1.92327177525, 2.07147431374, 2.64435243607], "min": [-27.7307262421, -27.8253631592, -27.7454566956, -27.5358810425, -27.4576320648, -27.3540248871], "dmean": [0.37123182416, 0.345603168011, 0.333755016327, 0.330015003681, 0.299335986376, 0.382659077644], "mean": [-7.25436925888, -7.15655326843, -8.03418159485, -8.22185707092, -7.57786941528, -10.5437936783], "max": [-5.24120283127, -4.87759971619, -5.39896440506, -5.9576921463, -5.49090671539, -7.44130563736], "dmean2": [0.619375824928, 0.566055417061, 0.532826840878, 0.51216417551, 0.443073302507, 0.489775717258], "median": [-6.66947841644, -6.89901447296, -7.81823825836, -7.96713066101, -7.26317024231, -10.2903556824], "dvar": [0.100573085248, 0.0920956507325, 0.0870033949614, 0.0919105559587, 0.0952777117491, 0.191958233714]}, "hfc": {"dvar2": 212.506057739, "var": 358.983612061, "min": 1.09858154938e-16, "dmean": 5.93082094193, "mean": 20.2820968628, "max": 227.829864502, "dmean2": 8.63078975677, "median": 14.9640388489, "dvar": 96.9406051636}, "spectral_kurtosis": {"dvar2": 6.69139766693, "var": 4.22764873505, "min": -1.20794212818, "dmean": 1.32932674885, "mean": 3.48125839233, "max": 33.0361289978, "dmean2": 2.26926445961, "median": 3.2020637989, "dvar": 2.23786616325}, "mfcc": {"mean": [-654.072387695, 113.674301147, -0.155556976795, 49.3678894043, 10.7251930237, 2.17872309685, 0.40005415678, 2.62922930717, 6.14813518524, 5.50171709061, -3.83912825584, 3.26070380211, -0.949228227139], "cov": [[10487.9042969, 138.944839478, 605.649902344, 317.102966309, 372.36618042, -132.945846558, -70.7768096924, 177.625167847, 64.3235321045, 197.945068359, -91.7985916138, -42.8824577332, -41.6049957275], [138.944839478, 1127.84997559, -366.956085205, 247.47718811, 6.59355258942, 1.86606574059, 129.159194946, -24.1319141388, 83.9114837646, 30.4332332611, -17.7983798981, 65.0993118286, -2.86438322067], [605.649902344, -366.956085205, 747.791992188, -91.5977554321, 243.588302612, 75.6447372437, 45.4332275391, 129.33454895, 4.70245504379, 66.2614822388, 13.4218235016, 9.05839061737, 34.1810951233], [317.102966309, 247.47718811, -91.5977554321, 387.681884766, 77.3828201294, 12.0203256607, -3.89676117897, -1.19245553017, 81.5173187256, 19.3744983673, 31.2576942444, 27.3115577698, 16.1364860535], [372.36618042, 6.59355258942, 243.588302612, 77.3828201294, 332.918762207, 30.3467636108, 86.0056915283, 95.2721328735, 68.7457199097, 69.7079086304, 19.0315151215, 43.1173553467, 25.9857368469], [-132.945846558, 1.86606574059, 75.6447372437, 12.0203256607, 30.3467636108, 162.854995728, 57.6627731323, 33.0049209595, 13.1020088196, 1.42504370213, 23.2597141266, 5.14349746704, 14.7210149765], [-70.7768096924, 129.159194946, 45.4332275391, -3.89676117897, 86.0056915283, 57.6627731323, 199.499526978, 89.571105957, 58.1821174622, 42.273059845, 23.3808689117, 33.0840682983, 1.41966569424], [177.625167847, -24.1319141388, 129.33454895, -1.19245553017, 95.2721328735, 33.0049209595, 89.571105957, 154.581161499, 68.2296218872, 46.2613983154, 7.3092212677, 12.2620010376, 6.08345842361], [64.3235321045, 83.9114837646, 4.70245504379, 81.5173187256, 68.7457199097, 13.1020088196, 58.1821174622, 68.2296218872, 166.62789917, 69.9675750732, 18.5947322845, 10.6486034393, 3.31809854507], [197.945068359, 30.4332332611, 66.2614822388, 19.3744983673, 69.7079086304, 1.42504370213, 42.273059845, 46.2613983154, 69.9675750732, 134.947784424, 41.720790863, 12.2093553543, 2.09047102928], [-91.7985916138, -17.7983798981, 13.4218235016, 31.2576942444, 19.0315151215, 23.2597141266, 23.3808689117, 7.3092212677, 18.5947322845, 41.720790863, 108.113235474, 46.8145942688, 14.7638483047], [-42.8824577332, 65.0993118286, 9.05839061737, 27.3115577698, 43.1173553467, 5.14349746704, 33.0840682983, 12.2620010376, 10.6486034393, 12.2093553543, 46.8145942688, 112.326728821, 37.3946876526], [-41.6049957275, -2.86438322067, 34.1810951233, 16.1364860535, 25.9857368469, 14.7210149765, 1.41966569424, 6.08345842361, 3.31809854507, 2.09047102928, 14.7638483047, 37.3946876526, 81.7903442383]], "icov": [[0.000115100265248, -4.02125151595e-05, -0.000106860003143, -0.000120533928566, -2.73328605545e-05, 0.000109612665256, 0.000113262642117, -0.000130492131575, 0.000106891566247, -0.000166740530403, 0.00013220848632, 1.37796751005e-05, 9.20346792554e-05], [-4.02125151595e-05, 0.00156595685985, 0.000709993008059, -0.00081517000217, 2.97129008686e-05, -0.000155463203555, -0.00133029278368, 0.000696345348842, -1.97788303922e-05, -0.000669410335831, 0.00131055526435, -0.000981424003839, 0.000118390031275], [-0.000106860003143, 0.000709993008059, 0.00272867782041, 0.000522410962731, -0.00165862729773, -0.00102657626849, 0.000297796970699, -0.00107289908919, 0.000742252159398, -0.000743200303987, 0.000299167120829, -1.98955603992e-05, -0.00054256193107], [-0.000120533928566, -0.00081517000217, 0.000522410962731, 0.00409769546241, -0.00136134191416, -0.000562701665331, 0.00154203211423, 0.000235761806834, -0.00189609301742, 0.00113912567031, -0.00168447662145, 0.000360914447811, -0.000440271716798], [-2.73328605545e-05, 2.97129008686e-05, -0.00165862729773, -0.00136134191416, 0.0055514969863, 0.000427193386713, -0.0014197564451, -0.000697684998158, -0.00037727583549, -0.00113126705401, 0.00100590265356, -0.00137118168641, -0.000325698696543], [0.000109612665256, -0.000155463203555, -0.00102657626849, -0.000562701665331, 0.000427193386713, 0.00789375696331, -0.00229491409846, -0.00034528793185, 9.88944157143e-06, 0.00147735176142, -0.00200351234525, 0.00165766093414, -0.00133501307573], [0.000113262642117, -0.00133029278368, 0.000297796970699, 0.00154203211423, -0.0014197564451, -0.00229491409846, 0.0096782464534, -0.00434782216325, -0.000702784396708, -0.000218518165639, -0.00111880910117, -0.00121834489983, 0.00139494333416], [-0.000130492131575, 0.000696345348842, -0.00107289908919, 0.000235761806834, -0.000697684998158, -0.00034528793185, -0.00434782216325, 0.0123240500689, -0.00349726621062, -0.000542102323379, 0.00134536775295, -0.000331232906319, -0.000133175926749], [0.000106891566247, -1.97788303922e-05, 0.000742252159398, -0.00189609301742, -0.00037727583549, 9.88944157143e-06, -0.000702784396708, -0.00349726621062, 0.0104022156447, -0.00427400739864, 0.000692620873451, 0.000416341761593, -0.00012016515393], [-0.000166740530403, -0.000669410335831, -0.000743200303987, 0.00113912567031, -0.00113126705401, 0.00147735176142, -0.000218518165639, -0.000542102323379, -0.00427400739864, 0.0125640518963, -0.00546542368829, 0.00188389257528, 9.27237051656e-05], [0.00013220848632, 0.00131055526435, 0.000299167120829, -0.00168447662145, 0.00100590265356, -0.00200351234525, -0.00111880910117, 0.00134536775295, 0.000692620873451, -0.00546542368829, 0.0151142217219, -0.006403086707, 0.000591672083829], [1.37796751005e-05, -0.000981424003839, -1.98955603992e-05, 0.000360914447811, -0.00137118168641, 0.00165766093414, -0.00121834489983, -0.000331232906319, 0.000416341761593, 0.00188389257528, -0.006403086707, 0.0144684975967, -0.00543143274263], [9.20346792554e-05, 0.000118390031275, -0.00054256193107, -0.000440271716798, -0.000325698696543, -0.00133501307573, 0.00139494333416, -0.000133175926749, -0.00012016515393, 9.27237051656e-05, 0.000591672083829, -0.00543143274263, 0.0152993649244]]}, "silence_rate_20dB": {"dvar2": 0, "var": 0, "min": 1, "dmean": 0, "mean": 1, "max": 1, "dmean2": 0, "median": 1, "dvar": 0}, "melbands_kurtosis": {"dvar2": 515.18157959, "var": 629.899536133, "min": -1.76152861118, "dmean": 8.94522666931, "mean": 23.5199356079, "max": 268.476470947, "dmean2": 14.4787473679, "median": 16.513874054, "dvar": 194.780761719}, "barkbands_spread": {"dvar2": 104.614341736, "var": 217.879928589, "min": 1.13283503056, "dmean": 5.93937349319, "mean": 24.6597919464, "max": 134.236053467, "dmean2": 9.37016391754, "median": 22.3745250702, "dvar": 46.2875328064}, "erbbands_skewness": {"dvar2": 0.19678914547, "var": 0.438498407602, "min": -5.46509218216, "dmean": 0.320303887129, "mean": -0.127675876021, "max": 4.21877861023, "dmean2": 0.496670424938, "median": -0.143019005656, "dvar": 0.0838441550732}, "average_loudness": 0.848678171635, "spectral_centroid": {"dvar2": 170201.40625, "var": 392313.625, "min": 170.636291504, "dmean": 262.751525879, "mean": 1541.32202148, "max": 11401.8779297, "dmean2": 420.504516602, "median": 1511.36962891, "dvar": 71698.53125}, "dissonance": {"dvar2": 0.000426885584602, "var": 0.000354539981345, "min": 0.289624392986, "dmean": 0.0128638250753, "mean": 0.471140861511, "max": 0.500000059605, "dmean2": 0.0214192960411, "median": 0.474833369255, "dvar": 0.000157438465976}, "erbbands_flatness_db": {"dvar2": 0.000571254233364, "var": 0.00207610148937, "min": 0.0465352460742, "dmean": 0.0174122806638, "mean": 0.145567625761, "max": 0.334883719683, "dmean2": 0.024224979803, "median": 0.139738962054, "dvar": 0.000308932299959}, "spectral_strongpeak": {"dvar2": 1.96366596222, "var": 0.913156569004, "min": 0, "dmean": 0.312349259853, "mean": 0.636077821255, "max": 16.9596557617, "dmean2": 0.548883676529, "median": 0.435608386993, "dvar": 0.753259122372}, "spectral_rms": {"dvar2": 1.88822639302e-06, "var": 4.81713050249e-06, "min": 3.16383030885e-12, "dmean": 0.000691586232278, "mean": 0.00528277643025, "max": 0.0132667999715, "dmean2": 0.00110232608858, "median": 0.00562121765688, "dvar": 7.74999591613e-07}, "silence_rate_60dB": {"dvar2": 0.0200999286026, "var": 0.0864120870829, "min": 0, "dmean": 0.00893213134259, "mean": 0.0955342873931, "max": 1, "dmean2": 0.0178656876087, "median": 0, "dvar": 0.00885163806379}, "melbands": {"dvar2": [9.20696584217e-06, 2.06545882975e-05, 1.20175163829e-05, 4.09976428273e-06, 1.41599423387e-06, 3.88449450384e-07, 5.68993172578e-08, 1.06388661436e-07, 2.73887337698e-07, 1.95662195779e-07, 2.35869492826e-08, 3.94353101285e-08, 2.72015494573e-08, 8.82843931294e-09, 2.8538098551e-09, 3.3398914745e-09, 3.22123905327e-09, 5.1662949474e-09, 3.30471205956e-09, 3.60685148415e-09, 1.09830526895e-08, 4.4170582747e-09, 2.98929858644e-09, 2.06635908384e-09, 5.79223446984e-10, 4.41168462872e-10, 2.59337745723e-10, 2.06135539194e-10, 2.04634462153e-10, 8.34682184481e-11, 7.88757253956e-11, 6.7522765157e-11, 6.46393771842e-11, 3.86817522458e-11, 3.27481548823e-11, 2.72470639801e-11, 2.19564106479e-11, 1.22057780549e-11, 8.91285829863e-12, 5.06894439617e-12], "var": [6.48531386105e-06, 1.520625392e-05, 5.4229003581e-06, 1.63927245467e-06, 1.43058377944e-06, 4.14344015098e-07, 5.49603278444e-08, 1.04035947857e-07, 2.54676308487e-07, 1.51461904352e-07, 2.47509852613e-08, 2.90641857248e-08, 2.28318430828e-08, 6.7671668269e-09, 2.6023945221e-09, 2.30360064357e-09, 1.91517979253e-09, 2.99711522267e-09, 2.45310416425e-09, 3.17386561477e-09, 1.34720501421e-08, 4.3658134885e-09, 2.99331270881e-09, 1.61753777039e-09, 4.58769078282e-10, 4.0724632e-10, 2.08881245634e-10, 1.76062234236e-10, 1.61002641774e-10, 5.27402045647e-11, 4.24341464744e-11, 4.86547746537e-11, 4.22788019872e-11, 4.02886578266e-11, 4.81208059511e-11, 4.36086479427e-11, 3.02037492239e-11, 1.43725049223e-11, 9.06974668979e-12, 5.65660235666e-12], "min": [3.01812147552e-24, 3.57756388013e-24, 6.59119713152e-24, 5.3087692293e-24, 3.20723036716e-24, 3.64852231298e-24, 6.65511695295e-24, 3.6727328486e-24, 2.41742263164e-24, 6.70183802893e-24, 6.38226455976e-24, 5.20415522922e-24, 6.85831568922e-24, 4.20105666265e-24, 4.78941476374e-24, 5.38915415555e-24, 3.50699277798e-24, 4.94131545307e-24, 8.21728321521e-24, 5.98652065375e-24, 5.57244598687e-24, 5.26204026472e-24, 4.60915176386e-24, 6.62389383832e-24, 6.85014545683e-24, 8.65347201983e-24, 5.87995540621e-24, 6.54209763992e-24, 4.82597373353e-24, 6.69995501794e-24, 4.65100477919e-24, 7.41033530715e-24, 8.25999135575e-24, 5.33845169858e-24, 6.80637235406e-24, 7.57804634674e-24, 7.50556580677e-24, 6.81441242441e-24, 7.33415422067e-24, 8.44220954739e-24], "dmean": [0.000976381008513, 0.00146362755913, 0.00100112636574, 0.000509317964315, 0.000402637495426, 0.000138192044687, 7.86138043622e-05, 7.84588846727e-05, 0.000136210815981, 7.49857426854e-05, 3.03146407532e-05, 3.64233419532e-05, 2.27196924243e-05, 1.78083864739e-05, 1.29333002405e-05, 1.18703319458e-05, 1.07217401819e-05, 1.6880720068e-05, 1.47356713569e-05, 1.61181524163e-05, 2.40079461946e-05, 1.62825108418e-05, 1.6597135982e-05, 1.35673662953e-05, 7.37224581826e-06, 7.56572035243e-06, 5.92609421801e-06, 5.82493930779e-06, 5.51372431801e-06, 3.128099479e-06, 2.46561057793e-06, 2.20326796807e-06, 1.95692064153e-06, 1.62400897352e-06, 1.520641149e-06, 1.3021583527e-06, 1.02063540908e-06, 8.19826027509e-07, 7.03892794718e-07, 5.48373179754e-07], "mean": [0.00239518354647, 0.00405347440392, 0.00167844654061, 0.000705685932189, 0.000693569891155, 0.000260165368672, 0.000166007608641, 0.000166238547536, 0.000246876879828, 0.000129085281515, 5.29178068973e-05, 6.24009990133e-05, 3.47844870703e-05, 2.74091180472e-05, 2.12269060285e-05, 1.87049317901e-05, 1.60579147632e-05, 2.54871738434e-05, 2.51635774475e-05, 2.89640793198e-05, 4.6189812565e-05, 3.12526935886e-05, 2.97449896607e-05, 2.30101286434e-05, 1.39373551065e-05, 1.51060376083e-05, 1.15664879559e-05, 1.12380184873e-05, 1.02923404484e-05, 5.39742450201e-06, 3.83998167308e-06, 3.3969499782e-06, 2.91746232506e-06, 2.65083758677e-06, 2.77678464045e-06, 2.50772927757e-06, 1.86987415418e-06, 1.41736916248e-06, 1.18589957765e-06, 8.96052