{"metadata": {"tags": {"genre": ["Pop"], "musicip_puid": ["7f397f28-a801-f2b3-5e68-df2b21f0de57"], "musicbrainz_albumid": ["c9a8a460-7114-421c-b6b3-2cde9a92a0d1"], "musicbrainz_recordingid": ["046d2cbd-c84d-438e-ab8a-67e82c6199ba"], "title": ["Intruders (From a Breed Apart)"], "tracknumber": ["07/19"], "artist": ["Bee Gees"], "album": ["Instrumental and Other Rarities"], "musicbrainz album type": ["Album"], "bpm": ["90.30"], "acoustid_id": ["a420197f-647d-4b86-bc3d-11884a9513e7"], "file_name": "Bee Gees - Intruders (From a Breed Apart).mp3", "acoustid_fingerprint": ["AQADtI6WRMoS40cv4EeP_DiaQ-sR_mh0_BZeND9q4ynCC1p6RJoPHz1OC2hYhIccI0f5A-1RO_jhfzjCD8nxEcenB98R5kgi-7iM-_jxXEf5ojnyFTq_I9_xP0HjhkF34sdx3HisI_-hD0fwHI-cG41R8Wgv-OiLOoW7ofrxG5ePJ8h16DlyXod5EmeOS0e5wFXQMMcFXMhj6Di-4zpqCqKkoz4O9UHoF82mHefxs_iNK4FHIc-R_BF-NEeJ-xpO4Rdy6DtyXOhpNF-OUzRC5YP_QN9xHR_cw4xyQT9aFaElHdcR0kM_ND_04zu-FM5O6ANyHj_ydZgC8ciPozn2486RNoLKI8cdtIS7Cz2-HP-OSh9-9MKFXLhyJegPn6g-4kAuRM-xQ_MN5IK_4xdW5YetHRWxzzjCcobYFGHClbg643pxHb6IHPoj5Lvw8fA-CT9-HPmgIz--o3xURDt-HB_0yce5HcJ5pDxqtIkP51hPYUqEXkRTDcd3JHmeo6FKnMfbY4KOH4dO5Pjx4AL_GfiPqzj4Iki-Y96Lqxf-o3rRnHiFHHouIb9Q_WgeYMeRBz9-1DvE74XRQ8cVXqgqoumhHOHRNMaH_-g-XCaaJyMuPD_-IAwjckGfQv9wH9HxgeiPyXiUA72F9JAPFzGDDz96zEfTg5G24Sua7MclNECuC3piIkydoaeB5zh3HHt9_EB9mE-FK4dRUymuIcd3yHlQI01F_PjgdYGXoz_wBw-zDq6PPzjOHyuPijqOPjgeBczheMi3wcF7tJOMfD-Y49aKLTH66PgdHM2LnoeTpjROJD_yMPg9NI-D_sZMfOB-vEQYpah8NEYfArO24_ihiEJqZUYvMEezKcMTEUcORU8ohDmPK8dPlEezrBz-oz98HHaIZCwRkfhT8Dn6Y9OMXhl-xIe-efhxiccH_Uck9bBQkQ9-sNICe0UuQdeDnFWx_fgy_LiOQDty4sdH4Uda6EFOGZeOE__gI_-h-cjz48dFhHp0NI-g4xfyPEKfo-GKHD_e4B_qB7pw_DiO3bhxiJE4vNBu_Agbw26Ow_lQRT_e4cV15D--k9gFLdB0pcc37Cd-5KvRh4IZo_iFHy1OWOPhF3Vy_CibC1t-4z7cI5LKCrqCnOjRNcJjfFRQSanRMPuBnC_0HPlwBd-TIs8h5Mez43zQD39wHSnUI5eewNPxcSm2U8Pz4T8CzXrxBTkajugbxIYe5eiP88h5fAj0ISz6oTl-PMLVwilyJH_xXGiVw-ErnDL-HM5xNOvx6PiRPMyIKesQ6niP_nC1Ef-R6UcvQcHxHbmE_nB49Dt-HMfxo9FXTJpzow-ag0d-9Ee0J-iNX8ilY4eOMD0OPx3Ow4ffo8dxXMGV40hyhB6qCj-O9j6aGcdxfXh-NKxi9DZ-_Gh8THJQH0569PgBHnd25BKO8DkuMBLxycInVNwDqyXxSwv64z1xCsl7pH3xCT9egdOpoT9QCrmWGhcfXEYzlFmLK1kjwMYdyEm047ygLfONNFTA4zx-vEOfHQ-eo5mUIxITNSL0I8eFn2gnpEdPB9Bwwsd1-Ec3yvhx7kfzGP2h-XCDWIWTo0_QC2EOXZfweBLOIz2H68J17Dh64nh2hD90BP-Dbsex-fiP_7jQ-7hw_HAe4Ti8H8kTXcjRBz_gHP_RYz1y6DrygmHR4i2z4kejo_7x6DiPD2fGgPlhbXii4-pR_EbzI-yLazt0HqEOH-Xx4OuK8LAufIc5CIfVED8OSu2GTwiugPGG2NCaI02b4VJy-NPxJjpxkZlgHmfewhWJvsEPBGoD5LpwocjxHbKOIz0mE0EPLchz4egOE71Q4gh1XDde4QjPo-FjHMcXo0aYCzJyfD_6Cs2R44LmIz0O70afHp-P5keRP4F2IcxaPHuO-2iO2jluIjy0PMfeI8_x8EN5w3rC4x7R4_iLM9twHe14NLsN5ofbo1SMHz2a5_iHPghTqC1yGbWKI72OSiSuJ4SWoyQD_hP6w29Q9jiO7iJ84sOPlEdIYrKeBf40aH_xIiSqR8ePemjGHxcz_DiOI9ih40NWHSE2ajqOV8XRMiTy4_HRHNP1IfzB5PiOH1Oew0P447zxXkPzhDL66chV4Xi6HB8flDecp4Fy_IT3GCllo9tmAAqJIJghaxki0AhrCDWOIOuQEQRAIogkUjiAEEHEIAEkAIAgRQAQDgBCGDaOCgGBIOQJAaATDAmBAIXGECUEAUwApxgoFDzggANOAgKUAMA4YgwiTgEhgHQIiDEEAAAgApQwTCABHCACEEWUAxwoaABiyGrghIDeEgCgAABQKLgwRAkFxCKGCS8AFMARZAUgEhBFkDCGEGAcZQgxghDQhjlhBCAOQIGQgQQZA5wAQlFAOYJCPGIEQAYRQggCAhAEiBMGKSMQYggSh4wBBArCkEkAGAgMQ8YQphQBihvHEFEGaOMsGIIAZoQRDgFkCKGAAUeUSEYgB6IwiCkAAgkIMGEWcwIQJRRQAAgEwBIAICWIQAgYQIwBAlRgEQFhAYKgIlwRQRTABhiCAEAcEQqMoAIQTYjTxBAFgGHKKAWNEdAZY4BhigihjAJACiEEQsYgIURyAAqmvKDSBKS4IpQhIATRTBgGlBBCIGSYFUICCp0AxlgCkAWSUCUhEAQBb8ASDlJgFGBEEAUFAgYgAYAggoggjDGMEOA4MQKARIZgRgAihBMcGUOokUYIZIBQjAhECBLKMEQsNkACAgg2jBCkADWCIMKQMVoRIpESEKzELBAME6WQUAYSToUiDHtAjAnKGWKAEIoAAxQgTFABGAAGIgAQAYwJi6xgiEFljCZAIeKoIwooBwxASiiADABGGaKAUhQRIw0yUhQBAEXACAQQAY4AAQhkjgDkFVVAAWVAOcgQRzRgCBDnGSFICAEQUIgII4ySyjCJjGnKICUJAUwAAIgAzCpBFBMAC0wYOUYKYDBZBjiQhHdAMOIFBBUqIoSQQChiADAYASGMQEwQwIgQhiMpiCOGEGEUBkQ4LRwAighgjAAAjOGQYwIRIgQyTBCDAIBJCegUsIgCcIQChDFMkJCIAUCUEAgABgUwQhgDBAA"]}, "audio_properties": {"sample_rate": 44100, "downmix": "mix", "lossless": false, "analysis_sample_rate": 44100, "md5_encoded": "f2181edfc980c90ad3dd58b52d0f89ef", "equal_loudness": 0, "replay_gain": -3.78274154663, "codec": "mp3", "bit_rate": 128000, "length": 216.86857605}, "version": {"extractor": "music 1.0", "essentia_build_sha": "2d9f1f26377add8aeb1075a9c2973f962c4f09fd", "essentia_git_sha": "v2.1_beta2-1-ge3940c0", "essentia": "2.1-beta2"}}, "rhythm": {"beats_loudness_band_ratio": {"dvar2": [0.0376808270812, 0.00771711533889, 0.0153481764719, 0.00748753221706, 0.0073752682656, 0.0006887515774], "var": [0.0302279368043, 0.00389558146708, 0.00612000003457, 0.00407333159819, 0.00458365539089, 0.000314528529998], "min": [0.0279507804662, 0.00324050476775, 0.000369025015971, 7.78673784225e-05, 2.4220733394e-05, 4.98416520713e-05], "dmean": [0.12062074244, 0.0524029284716, 0.0494692251086, 0.0221549253911, 0.0329117141664, 0.00819986406714], "mean": [0.806254208088, 0.0698472037911, 0.05725575611, 0.0284097436816, 0.0459680221975, 0.00979943852872], "max": [0.994244754314, 0.48034837842, 0.716757953167, 0.659232735634, 0.437463819981, 0.136295810342], "dmean2": [0.201246336102, 0.0888652950525, 0.0878182351589, 0.0366248004138, 0.0542116127908, 0.0146457878873], "median": [0.854952692986, 0.0503838434815, 0.0269671455026, 0.00783635675907, 0.018712433055, 0.00285203708336], "dvar": [0.0148712396622, 0.00297561474144, 0.00537836318836, 0.00319401337765, 0.00271450961009, 0.000254037615377]}, "bpm_histogram_first_peak_weight": {"dvar2": 0, "var": 0, "min": 0.537078678608, "dmean": 0, "mean": 0.537078678608, "max": 0.537078678608, "dmean2": 0, "median": 0.537078678608, "dvar": 0}, "bpm": 136.494506836, "beats_count": 446, "bpm_histogram_first_peak_spread": {"dvar2": 0, "var": 0, "min": 0.229032233357, "dmean": 0, "mean": 0.229032233357, "max": 0.229032233357, "dmean2": 0, "median": 0.229032233357, "dvar": 0}, "danceability": 1.11044979095, "bpm_histogram_first_peak_bpm": {"dvar2": 0, "var": 0, "min": 136, "dmean": 0, "mean": 136, "max": 136, "dmean2": 0, "median": 136, "dvar": 0}, "beats_position": [0.394739210606, 0.824308395386, 1.25387752056, 1.69505667686, 2.13623571396, 2.56580495834, 3.00698399544, 3.43655323982, 3.87773227692, 4.31891155243, 4.76009082794, 5.20126962662, 5.64244890213, 6.08362817764, 6.52480697632, 6.96598625183, 7.40716552734, 7.84834432602, 8.27791404724, 8.70748329163, 9.14866161346, 9.58984088898, 10.0310201645, 10.47219944, 10.9133787155, 11.354557991, 11.7957363129, 12.2253055573, 12.6548748016, 13.0960540771, 13.5372333527, 13.9784126282, 14.4195919037, 14.8607711792, 15.301949501, 15.7431287766, 16.1843090057, 16.6254863739, 17.0666656494, 17.5078449249, 17.9374141693, 18.3785934448, 18.8081626892, 19.2493419647, 19.6905212402, 20.1317005157, 20.5612697601, 20.9908390045, 21.43201828, 21.8731975555, 22.3143768311, 22.7555541992, 23.1967334747, 23.6379127502, 24.0790920258, 24.5202713013, 24.9614505768, 25.4026298523, 25.8438091278, 26.2849884033, 26.7261676788, 27.1673469543, 27.6085262299, 28.0497055054, 28.4792747498, 28.9088420868, 29.3500213623, 29.7912006378, 30.2323799133, 30.6735591888, 31.1147384644, 31.5559177399, 31.9970970154, 32.4382743835, 32.8794555664, 33.3090248108, 33.750202179, 34.1797714233, 34.6209526062, 35.0621299744, 35.5033111572, 35.9444885254, 36.3856697083, 36.8268470764, 37.2680282593, 37.7092056274, 38.1503829956, 38.5915641785, 39.0327415466, 39.4739227295, 39.9151000977, 40.344669342, 40.7858505249, 41.2270278931, 41.6682090759, 42.1093864441, 42.550567627, 42.9801368713, 43.4213142395, 43.8624954224, 44.3036727905, 44.7448501587, 45.1860313416, 45.6272087097, 46.0683898926, 46.5095672607, 46.9391365051, 47.380317688, 47.8098869324, 48.2510643005, 48.6922454834, 49.1334228516, 49.5746040344, 50.0157814026, 50.4569587708, 50.8981399536, 51.3393173218, 51.7804985046, 52.2216758728, 52.6744651794, 53.1040344238, 53.5336036682, 53.9631729126, 54.4043540955, 54.8455314636, 55.2867126465, 55.7278900146, 56.1690673828, 56.6102485657, 57.0514259338, 57.4926071167, 57.9337844849, 58.3749656677, 58.8161430359, 59.2573242188, 59.6985015869, 60.1396827698, 60.5692520142, 61.0104293823, 61.4516105652, 61.8927879333, 62.3223571777, 62.7635345459, 63.2047157288, 63.6458930969, 64.0870742798, 64.5166397095, 64.9462127686, 65.3873901367, 65.8285675049, 66.2697525024, 66.7109298706, 67.1521072388, 67.5932846069, 68.0344696045, 68.4756469727, 68.9168243408, 69.358001709, 69.7991790771, 70.2403640747, 70.6815414429, 71.122718811, 71.5638961792, 71.9934692383, 72.4346466064, 72.8758239746, 73.3053970337, 73.7465744019, 74.18775177, 74.6173248291, 75.0468902588, 75.488067627, 75.9292526245, 76.3704299927, 76.8116073608, 77.2643966675, 77.7055740356, 78.1467590332, 78.5763244629, 79.0175018311, 79.4586868286, 79.8998641968, 80.3410415649, 80.7822189331, 81.2233963013, 81.6529693604, 82.0941467285, 82.5353240967, 82.9765090942, 83.4176864624, 83.870475769, 84.3116531372, 84.7528305054, 85.1940155029, 85.6235809326, 86.0531539917, 86.4827194214, 86.9122848511, 87.3534698486, 87.7946472168, 88.235824585, 88.6886138916, 89.1181869507, 89.5593643188, 90.000541687, 90.4417190552, 90.8829040527, 91.3240814209, 91.7652587891, 92.2064361572, 92.6360092163, 93.0771865845, 93.5067520142, 93.9479370117, 94.3891143799, 94.830291748, 95.2714691162, 95.7126541138, 96.1538314819, 96.5950088501, 97.0361862183, 97.4773712158, 97.918548584, 98.3829498291, 98.8473434448, 99.3117446899, 99.7877502441, 100.263763428, 100.728164673, 101.180953979, 101.633743286, 102.086524963, 102.527709961, 102.968887329, 103.398452759, 103.839637756, 104.280815125, 104.721992493, 105.174781799, 105.615959167, 106.045532227, 106.486709595, 106.927886963, 107.357460022, 107.787025452, 108.22820282, 108.657775879, 109.087341309, 109.528526306, 109.969703674, 110.410881042, 110.840454102, 111.28163147, 111.711196899, 112.152381897, 112.593559265, 113.034736633, 113.475914001, 113.917098999, 114.358276367, 114.799453735, 115.240631104, 115.69342041, 116.146209717, 116.587387085, 117.028572083, 117.458137512, 117.89931488, 118.328887939, 118.758453369, 119.188026428, 119.629203796, 120.070381165, 120.511566162, 120.95274353, 121.393920898, 121.835098267, 122.276275635, 122.717460632, 123.158638, 123.599815369, 124.040992737, 124.482177734, 124.923355103, 125.352920532, 125.782493591, 126.223670959, 126.664848328, 127.106025696, 127.547210693, 127.988388062, 128.42956543, 128.870742798, 129.311920166, 129.753097534, 130.194290161, 130.635467529, 131.065032959, 131.494598389, 131.935775757, 132.376953125, 132.818145752, 133.25932312, 133.700500488, 134.141677856, 134.582855225, 135.024032593, 135.465209961, 135.906387329, 136.359176636, 136.800354004, 137.253143311, 137.694335938, 138.135513306, 138.588302612, 139.041091919, 139.493881226, 140.016326904, 140.550384521, 141.084442139, 141.618499756, 142.152557373, 142.756271362, 143.36000061, 143.975326538, 144.579040527, 145.182769775, 145.798095703, 146.401809692, 147.005523682, 147.539596558, 148.073654175, 148.596099854, 149.083709717, 149.582946777, 150.070556641, 150.558181763, 151.045806885, 151.545028687, 152.032653809, 152.53187561, 153.019500732, 153.507110596, 153.994735718, 154.48236084, 155.016418457, 155.550476074, 156.084533691, 156.618591309, 157.152648926, 157.686706543, 158.232376099, 158.778045654, 159.32371521, 159.869384766, 160.415054321, 161.030380249, 161.634094238, 162.226211548, 162.818313599, 163.410430908, 163.90965271, 164.397277832, 164.884887695, 165.372512817, 165.860137939, 166.347747803, 166.835372925, 167.322982788, 167.81060791, 168.309844971, 168.809066772, 169.308303833, 169.807525635, 170.306747437, 170.805984497, 171.305206299, 171.804443359, 172.303665161, 172.81451416, 173.313735962, 173.812973022, 174.42829895, 175.032012939, 175.612518311, 176.193008423, 176.843170166, 177.504943848, 178.166702271, 178.828475952, 179.490249634, 180.140411377, 180.790557861, 181.440719604, 182.102493286, 182.764266968, 183.426025391, 184.087799072, 184.749572754, 185.422943115, 186.084716797, 186.758087158, 187.41986084, 188.081634521, 188.743392944, 189.393554688, 190.055328369, 190.705490112, 191.367248535, 192.029022217, 192.67918396, 193.352554321, 194.025939941, 194.699310303, 195.384307861, 196.057678223, 196.719451904, 197.392837524, 198.054595947, 198.716369629, 199.366531372, 200.016693115, 200.678451538, 201.34022522, 202.013595581, 202.686981201, 203.360351563, 204.05696106, 204.741943359, 205.415328979, 206.100311279, 206.785308838, 207.458679199, 208.132064819, 208.817047119, 209.502029419, 210.187026978, 210.872009277, 211.533782959, 212.172332764, 212.834106445, 213.495864868, 214.146026611, 214.796188354, 215.457962036, 216.108108521], "beats_loudness": {"dvar2": 0.00122410815675, "var": 0.000810630328488, "min": 4.92002945975e-05, "dmean": 0.0207277815789, "mean": 0.0418992564082, "max": 0.220258146524, "dmean2": 0.0352343767881, "median": 0.0353757292032, "dvar": 0.000450187944807}, "bpm_histogram_second_peak_weight": {"dvar2": 0, "var": 0, "min": 0.0831460654736, "dmean": 0, "mean": 0.0831460654736, "max": 0.0831460654736, "dmean2": 0, "median": 0.0831460654736, "dvar": 0}, "bpm_histogram_second_peak_spread": {"dvar2": 0, "var": 0, "min": 0.372881323099, "dmean": 0, "mean": 0.372881323099, "max": 0.372881323099, "dmean2": 0, "median": 0.372881323099, "dvar": 0}, "bpm_histogram_second_peak_bpm": {"dvar2": 0, "var": 0, "min": 91, "dmean": 0, "mean": 91, "max": 91, "dmean2": 0, "median": 91, "dvar": 0}, "onset_rate": 2.30074810982}, "lowlevel": {"spectral_energyband_high": {"dvar2": 1.04362612774e-07, "var": 1.19603939197e-07, "min": 7.80087055394e-21, "dmean": 7.76784945629e-05, "mean": 0.000165726713021, "max": 0.00379097019322, "dmean2": 0.000127653634991, "median": 3.18373313348e-05, "dvar": 3.81196016974e-08}, "spectral_energyband_middle_low": {"dvar2": 0.000151525033289, "var": 0.000145871337736, "min": 2.74023040684e-22, "dmean": 0.00377378682606, "mean": 0.010277653113, "max": 0.150125548244, "dmean2": 0.00584902754053, "median": 0.0066290544346, "dvar": 6.23478699708e-05}, "spectral_energy": {"dvar2": 0.00100505945738, "var": 0.000884659471922, "min": 1.05704505749e-20, "dmean": 0.0122734066099, "mean": 0.0316440202296, "max": 0.255086839199, "dmean2": 0.0190854985267, "median": 0.0236281789839, "dvar": 0.00039536843542}, "spectral_spread": {"dvar2": 298952949760, "var": 831995576320, "min": 1240170.25, "dmean": 228767.3125, "mean": 2775325, "max": 40706536, "dmean2": 371384.03125, "median": 2714801, "dvar": 144558440448}, "spectral_energyband_low": {"dvar2": 0.000958563061431, "var": 0.000604357337579, "min": 4.73289974297e-23, "dmean": 0.0110129676759, "mean": 0.019959108904, "max": 0.253293424845, "dmean2": 0.0173047184944, "median": 0.0120526729152, "dvar": 0.000371235830244}, "spectral_rolloff": {"dvar2": 420107.25, "var": 858444.1875, "min": 86.1328125, "dmean": 254.959014893, "mean": 814.046813965, "max": 19207.6171875, "dmean2": 436.679473877, "median": 430.6640625, "dvar": 196929.5625}, "barkbands": {"dvar2": [4.09650924293e-10, 0.000428582396125, 0.000255900231423, 0.000100409779407, 1.30065964186e-05, 3.87083173337e-06, 1.84370514944e-06, 2.20670335693e-06, 1.23518202599e-06, 2.91660484208e-07, 2.53305216802e-07, 2.20312031729e-07, 4.10266466133e-06, 1.89399361261e-06, 1.76332923729e-06, 3.68225050806e-06, 1.67253267591e-06, 4.99028828926e-07, 8.79187922465e-08, 1.4366425205e-07, 2.52342200469e-08, 8.80008621529e-10, 1.1958194851e-11, 3.77728616885e-14, 1.07739965089e-14, 1.7003901866e-16, 1.24273886422e-17], "var": [1.61117758024e-10, 0.000222034694161, 0.000135434660478, 6.150653644e-05, 1.25055075841e-05, 3.75324816559e-06, 6.45784803055e-06, 3.08042672259e-06, 1.17693230095e-06, 2.7185328122e-07, 2.14860989445e-07, 1.58797689664e-07, 3.45140301761e-06, 1.37207200623e-06, 1.08391634512e-06, 2.74300828096e-06, 1.4749972479e-06, 5.31447028607e-07, 6.5662042914e-08, 1.32549772047e-07, 2.14607869253e-08, 9.51045020514e-10, 9.62513315578e-12, 4.48072738038e-14, 1.03489672344e-14, 1.57744785417e-16, 3.12077481413e-18], "min": [1.71497354997e-24, 4.13653888465e-24, 1.08219315303e-23, 3.42095968654e-23, 2.25425618028e-23, 1.24443060234e-23, 2.36026141546e-23, 3.71617100102e-23, 3.30580650476e-23, 3.6131094792e-23, 3.6299279937e-23, 6.36194673718e-23, 9.91215402552e-23, 5.05793063076e-23, 1.01802285249e-22, 9.23846933681e-23, 1.37316828445e-22, 1.51921887597e-22, 2.09653480188e-22, 2.93330215702e-22, 3.21265383321e-22, 4.68621747896e-22, 5.01482739712e-22, 8.54964369366e-22, 1.05665719541e-21, 1.49122993959e-21, 2.34603648629e-21], "dmean": [6.00278463025e-06, 0.00637781247497, 0.00533737242222, 0.00277991802432, 0.000946407904848, 0.000488686899189, 0.000377663993277, 0.000337338686222, 0.000260559318122, 0.000111786663183, 6.82216632413e-05, 8.54465542943e-05, 0.000426992890425, 0.000290868862066, 0.000363139610272, 0.000352408445906, 0.000280992273474, 0.000152422668179, 8.48982890602e-05, 8.80993902683e-05, 2.86334779958e-05, 6.06463481745e-06, 6.12077883488e-07, 1.25178857502e-07, 6.38796180397e-08, 8.23888246515e-09, 1.1747117723e-09], "mean": [6.67973927193e-06, 0.00957108195871, 0.00781660433859, 0.00491470610723, 0.00210415339097, 0.000973017129581, 0.00101461820304, 0.000717673683539, 0.000467496080091, 0.000209774705581, 0.000109430555312, 0.000131394015625, 0.00074774120003, 0.000480604940094, 0.00056691019563, 0.000599773600698, 0.000517737993505, 0.00030054547824, 0.000157807211508, 0.000165131656104, 5.60820553801e-05, 1.28067431433e-05, 1.47561672748e-06, 5.08091432039e-07, 2.42185308252e-07, 1.61207189819e-08, 1.03968189613e-09], "max": [0.00031560799107, 0.160988107324, 0.152485355735, 0.131082743406, 0.0594279654324, 0.042114559561, 0.0321772508323, 0.0302315894514, 0.0176351349801, 0.013754283078, 0.0135199148208, 0.011821558699, 0.0353230424225, 0.0320236682892, 0.0225046481937, 0.0395673848689, 0.0222031958401, 0.0110008493066, 0.00419315230101, 0.00637590698898, 0.0027561080642, 0.000754713604692, 7.76718079578e-05, 3.51698463419e-06, 1.45219632941e-06, 8.72695480325e-08, 2.96526021515e-08], "dmean2": [1.02968051579e-05, 0.0106477113441, 0.00826110132039, 0.00445481389761, 0.00150728912558, 0.000811197503936, 0.000515555148013, 0.000475857290439, 0.000417904637288, 0.000171371269971, 0.000110079206934, 0.00013978529023, 0.000719311763532, 0.000485880562337, 0.000597300124355, 0.000593275181018, 0.000473058258649, 0.000255589111475, 0.000144500256283, 0.00014689382806, 4.68576727144e-05, 9.81993798632e-06, 9.96340418169e-07, 2.11361481206e-07, 1.06107101772e-07, 1.39815279354e-08, 2.16847162449e-09], "median": [2.07355037674e-06, 0.00400731433183, 0.00351177249104, 0.0026469049044, 0.000866909569595, 0.000394889444578, 0.000204288604436, 0.00012900083675, 7.60335242376e-05, 4.53940883745e-05, 1.08273779915e-05, 2.19573539653e-05, 3.78077456844e-05, 8.76659032656e-05, 0.000229444733122, 5.84809204156e-05, 5.4285650549e-05, 2.09731533687e-05, 6.4290856244e-05, 2.68647763733e-05, 1.26778495542e-05, 2.84173620457e-06, 7.48495267544e-07, 4.73658587907e-07, 2.28385530932e-07, 1.40283917816e-08, 3.85838000438e-10], "dvar": [1.47490866742e-10, 0.000148993596667, 0.000103076265077, 3.99574964831e-05, 4.80844528283e-06, 1.40936106163e-06, 9.72070324678e-07, 9.660456044e-07, 4.80398398395e-07, 1.19851151226e-07, 1.03336802226e-07, 8.84277397972e-08, 1.48694425661e-06, 6.85755878749e-07, 6.21227968622e-07, 1.33170613026e-06, 6.12451742654e-07, 1.80685745477e-07, 3.05548120139e-08, 5.20368992341e-08, 8.70556249311e-09, 3.46112166705e-10, 4.65124987137e-12, 1.39781459655e-14, 3.87881712833e-15, 6.1920305436e-17, 3.80822042619e-18]}, "melbands_skewness": {"dvar2": 2.09431362152, "var": 5.18440008163, "min": -1.67416775227, "dmean": 0.961635649204, "mean": 3.82371520996, "max": 15.4883623123, "dmean2": 1.45808362961, "median": 3.58581972122, "dvar": 0.951448738575}, "barkbands_skewness": {"dvar2": 1.3177652359, "var": 3.25682735443, "min": -2.08868312836, "dmean": 0.728096008301, "mean": 2.41982412338, "max": 14.0575857162, "dmean2": 1.10330080986, "median": 2.28645539284, "dvar": 0.584485828876}, "erbbands": {"dvar2": [0.0413530245423, 34.3400688171, 389.293273926, 388.655761719, 682.268676758, 81.1509170532, 213.686767578, 262.024749756, 322.998779297, 363.444366455, 1105.28125, 721.684143066, 321.862976074, 775.87902832, 206.019638062, 506.017669678, 5061.18212891, 7839.45703125, 2345.14379883, 14546.4873047, 4757.25097656, 3376.97998047, 2082.00439453, 240.308364868, 290.38079834, 535.875671387, 95.1376342773, 6.14499473572, 1.48285639286, 0.20647969842, 0.00157428020611, 3.10314790113e-05, 1.05741046355e-05, 2.81551888293e-06, 3.20251700714e-07, 1.24152865766e-08, 8.99331858983e-11, 6.28838604452e-12, 1.91060653409e-10, 1.17179954628e-09], "var": [0.0293663460761, 17.7307529449, 206.173873901, 236.082809448, 509.527191162, 112.424255371, 194.476287842, 278.425384521, 1049.78356934, 805.607543945, 1556.7088623, 687.633300781, 355.719787598, 504.676483154, 232.024169922, 380.05355835, 4541.30078125, 6996.40332031, 1665.9185791, 8666.04980469, 4414.76806641, 3534.94848633, 2327.00488281, 243.609359741, 236.562408447, 459.260620117, 88.2419662476, 7.49453830719, 1.652795434, 0.243279397488, 0.00238417671062, 4.52892090834e-05, 1.04454711618e-05, 2.55980671682e-06, 3.08071776089e-07, 1.4419995864e-08, 1.28324906257e-10, 1.27665430311e-11, 1.97684341119e-10, 1.08484876638e-09], "min": [1.64752590313e-22, 1.03860977446e-21, 1.25906227324e-20, 8.64729765602e-20, 1.10386335092e-19, 8.19972185879e-20, 7.72281927768e-20, 1.37753890001e-19, 2.3890364203e-19, 5.18906683373e-19, 7.32115226294e-19, 8.95260989086e-19, 1.15124609171e-18, 9.60698730357e-19, 2.43040573899e-18, 2.18072251186e-18, 4.39336344201e-18, 3.0360247837e-18, 4.56454971055e-18, 5.52539319752e-18, 6.02158658694e-18, 7.58464568399e-18, 7.49765027178e-18, 1.04430402554e-17, 1.12170414263e-17, 1.39058110326e-17, 1.38151346667e-17, 1.36530643421e-17, 1.71210438756e-17, 1.42392094872e-17, 1.50668632471e-17, 1.50622608142e-17, 1.33063888115e-17, 1.0717312667e-17, 7.1708469282e-18, 6.00293407772e-18, 2.95729290581e-18, 1.12954014865e-18, 3.04853511498e-19, 3.89395111801e-20], "dmean": [0.066745147109, 1.81684625149, 6.38355398178, 6.64676523209, 6.297976017, 2.66977214813, 3.75325417519, 3.90188121796, 5.21224594116, 4.86728906631, 7.61414432526, 6.21347093582, 4.21006345749, 3.77714180946, 2.14352869987, 4.67851877213, 16.0865364075, 18.0096626282, 15.4085302353, 19.6418094635, 15.0973434448, 12.9386415482, 9.50462532043, 3.67563247681, 4.85179042816, 4.93394994736, 1.85187387466, 0.626451551914, 0.23856548965, 0.0812757089734, 0.011130082421, 0.00337505456991, 0.0020158838015, 0.0010199706303, 0.000360373553121, 7.48317979742e-05, 5.68492760067e-06, 1.0109519053e-06, 5.51379753233e-06, 1.3382108591e-05], "mean": [0.115274272859, 2.74231672287, 9.51078605652, 12.6087665558, 11.7930412292, 5.92650556564, 7.77175617218, 7.56840991974, 13.6979446411, 12.3085050583, 16.4447822571, 11.7235956192, 8.41742038727, 6.52434206009, 4.03617668152, 7.90381526947, 29.6695976257, 34.5116081238, 27.0733337402, 33.0872993469, 28.4176578522, 26.3525333405, 20.6272583008, 7.82121992111, 9.0083694458, 9.17534637451, 3.76811790466, 1.3671848774, 0.523492395878, 0.177194729447, 0.0332002900541, 0.0129294171929, 0.0076512740925, 0.00373198231682, 0.00121259817388, 0.000211539852899, 1.99082442123e-05, 3.45904982169e-06, 1.55686975631e-05, 3.56795826519e-05], "max": [1.54780161381, 44.854019165, 176.199172974, 234.561767578, 314.669006348, 122.052375793, 181.640548706, 373.485778809, 452.202087402, 491.618652344, 765.647644043, 426.380493164, 308.569061279, 895.681152344, 557.941101074, 520.256408691, 1005.44744873, 1823.07922363, 653.828979492, 3008.03442383, 1181.45837402, 769.409057617, 743.246337891, 320.708435059, 242.008636475, 432.335998535, 175.188537598, 46.0869255066, 29.4529438019, 9.05023860931, 0.808133065701, 0.107473418117, 0.0602251105011, 0.0251440610737, 0.00563813559711, 0.000887729926035, 0.000105229097244, 2.90469197353e-05, 0.00011275124416, 0.000275816884823], "dmean2": [0.108619727194, 3.01882743835, 10.0129842758, 10.3363695145, 9.99173259735, 4.29100704193, 6.099421978, 6.43943357468, 7.32176160812, 6.8478808403, 10.7667770386, 9.72196102142, 6.56517839432, 5.92352247238, 3.39949226379, 7.65177965164, 27.0914802551, 30.0374679565, 25.1654148102, 32.6501541138, 25.2499828339, 21.6220760345, 15.9628620148, 6.25202512741, 8.18296909332, 8.24053859711, 3.03597331047, 1.01842355728, 0.38362121582, 0.128141313791, 0.0178563036025, 0.00565429450944, 0.00338505581021, 0.00171265308745, 0.000599293096457, 0.000125233258586, 9.14269276109e-06, 1.74235560735e-06, 8.57930808706e-06, 2.08423534787e-05], "median": [0.0485747084022, 1.23207378387, 4.65947818756, 8.03737449646, 4.93024301529, 2.54165077209, 3.05807876587, 2.9808113575, 3.67405509949, 3.15040326118, 3.233284235, 2.26188588142, 1.43412220478, 1.44424068928, 0.761068224907, 1.44555199146, 2.61469864845, 3.98563838005, 13.9013118744, 6.30004310608, 4.86194562912, 3.30335640907, 1.38375234604, 2.17656970024, 3.49526572227, 1.31790244579, 0.511595249176, 0.427710443735, 0.126674383879, 0.0370863378048, 0.0204142574221, 0.0115930726752, 0.00713799428195, 0.00349335256033, 0.00113607232925, 0.000191585859284, 1.7431928427e-05, 2.06601657737e-06, 1.1765158888e-05, 2.69429456239e-05], "dvar": [0.0147160338238, 12.0952539444, 155.902999878, 155.170455933, 277.408325195, 30.5279903412, 75.5326309204, 96.0567016602, 169.924804688, 169.976867676, 485.539337158, 285.114013672, 127.062088013, 308.00894165, 88.0695495605, 203.46697998, 1821.36914063, 2833.03491211, 852.842285156, 4933.30957031, 1696.00695801, 1244.97460938, 749.452270508, 84.8546981812, 102.061569214, 193.180374146, 32.8758277893, 2.37773609161, 0.596445143223, 0.0836169347167, 0.000663513084874, 1.21376306197e-05, 3.79391258321e-06, 1.02455726392e-06, 1.15614788854e-07, 4.56800064441e-09, 3.62807110743e-11, 2.09698361106e-12, 7.54174153683e-11, 4.60147364656e-10]}, "silence_rate_30dB": {"dvar2": 0.0648746564984, "var": 0.0300812162459, "min": 0, "dmean": 0.0293361879885, "mean": 0.968954086304, "max": 1, "dmean2": 0.0586786605418, "median": 1, "dvar": 0.0284734889865}, "melbands_spread": {"dvar2": 96.6012573242, "var": 268.718292236, "min": 0.305211752653, "dmean": 4.93022060394, "mean": 15.524766922, "max": 137.338775635, "dmean2": 7.64153862, "median": 8.78334331512, "dvar": 44.0270042419}, "melbands_crest": {"dvar2": 19.8060836792, "var": 29.5660152435, "min": 1.72883498669, "dmean": 3.0915055275, "mean": 17.565656662, "max": 31.3927268982, "dmean2": 4.88829040527, "median": 17.5301132202, "dvar": 8.33552837372}, "zerocrossingrate": {"dvar2": 7.40745454095e-05, "var": 0.000614257354755, "min": 0.0029296875, "dmean": 0.00546326069161, "mean": 0.0323235280812, "max": 0.51220703125, "dmean2": 0.00656991591677, "median": 0.02587890625, "dvar": 4.62460848212e-05}, "barkbands_kurtosis": {"dvar2": 399.839996338, "var": 403.057159424, "min": -1.84240853786, "dmean": 6.66409063339, "mean": 12.3033189774, "max": 291.838348389, "dmean2": 10.4036998749, "median": 5.37474155426, "dvar": 164.751464844}, "spectral_flux": {"dvar2": 0.00243408652022, "var": 0.00277160573751, "min": 6.78138933896e-11, "dmean": 0.0261645186692, "mean": 0.0747869312763, "max": 0.410187065601, "dmean2": 0.0432754047215, "median": 0.0603653863072, "dvar": 0.000995284994133}, "barkbands_crest": {"dvar2": 12.0639638901, "var": 15.9155387878, "min": 2.79797816277, "dmean": 2.40593957901, "mean": 11.5001773834, "max": 26.1350708008, "dmean2": 3.84913730621, "median": 11.1595859528, "dvar": 4.68876218796}, "barkbands_flatness_db": {"dvar2": 0.00158130959608, "var": 0.00382235366851, "min": 0.0278091561049, "dmean": 0.025374347344, "mean": 0.261141061783, "max": 0.558447480202, "dmean2": 0.0387952290475, "median": 0.253523766994, "dvar": 0.000725738180336}, "spectral_entropy": {"dvar2": 0.0853929743171, "var": 0.228708386421, "min": 4.766020298, "dmean": 0.167573794723, "mean": 6.87637710571, "max": 9.80345153809, "dmean2": 0.255844324827, "median": 6.96483325958, "dvar": 0.0401398055255}, "pitch_salience": {"dvar2": 0.0108496379107, "var": 0.0142213124782, "min": 0.0614369921386, "dmean": 0.0702832341194, "mean": 0.449970752001, "max": 0.942121803761, "dmean2": 0.111109316349, "median": 0.45620316267, "dvar": 0.00435059238225}, "erbbands_spread": {"dvar2": 161.681381226, "var": 310.880462646, "min": 2.2051949501, "dmean": 7.92810153961, "mean": 36.7686653137, "max": 114.279090881, "dmean2": 12.3920583725, "median": 34.9747428894, "dvar": 68.8542327881}, "dynamic_complexity": 3.27616858482, "spectral_contrast_valleys": {"dvar2": [0.229782238603, 0.160977840424, 0.143034756184, 0.150128528476, 0.155574530363, 0.0355884358287], "var": [0.700440704823, 0.649689793587, 0.848465621471, 1.265807271, 1.10776662827, 0.173262760043], "min": [-27.6122608185, -27.354177475, -27.4477405548, -27.3968391418, -27.4808292389, -27.3369522095], "dmean": [0.361566841602, 0.295281022787, 0.283177554607, 0.281892091036, 0.23964895308, 0.119972012937], "mean": [-6.97742176056, -7.1377696991, -8.45830440521, -8.3078994751, -8.22619628906, -12.0092029572], "max": [-5.16594934464, -4.96746635437, -5.79177236557, -5.54097700119, -5.77103853226, -11.0077705383], "dmean2": [0.567821204662, 0.478102385998, 0.475056260824, 0.45264261961, 0.378519147635, 0.199498653412], "median": [-6.9146771431, -7.11346340179, -8.49680805206, -8.34039783478, -8.19107055664, -11.9837722778], "dvar": [0.0989022627473, 0.067779995501, 0.0575988516212, 0.0707808285952, 0.0766947120428, 0.018156811595]}, "hfc": {"dvar2": 64.2846832275, "var": 212.640792847, "min": 1.20160623293e-16, "dmean": 3.02843761444, "mean": 12.6626911163, "max": 136.768417358, "dmean2": 4.90778541565, "median": 7.08245897293, "dvar": 22.7284164429}, "spectral_kurtosis": {"dvar2": 36.1291160583, "var": 32.3339347839, "min": -1.21342873573, "dmean": 3.76152253151, "mean": 7.12227535248, "max": 47.4196434021, "dmean2": 6.48255109787, "median": 5.57909870148, "dvar": 12.7232789993}, "mfcc": {"mean": [-726.755737305, 176.233612061, -16.3493614197, 63.0140113831, 16.9365215302, 14.7347249985, -0.635419011116, -8.71204662323, 6.60563421249, 14.104010582, 3.45591330528, -2.8584663868, -2.65655684471], "cov": [[4957.68994141, 351.128417969, -2354.71264648, 417.678375244, -276.812835693, 92.2783203125, 50.6352996826, 21.2691402435, 63.3113708496, -323.569793701, -2.69553613663, 251.248855591, 8.97914886475], [351.128417969, 561.674743652, 130.052963257, -148.759353638, 15.6818408966, -40.0115585327, 0.605657696724, 58.985332489, 10.2796049118, 3.06839728355, -23.0653457642, 64.3570632935, 56.3511428833], [-2354.71264648, 130.052963257, 1680.69433594, -80.4215545654, 78.2874069214, -52.5940971375, -48.5568313599, 3.15963411331, 15.8897514343, 206.597320557, -11.516251564, -168.542877197, 48.1627578735], [417.678375244, -148.759353638, -80.4215545654, 428.879516602, 15.4928998947, 15.5600442886, 0.93473470211, -59.5595436096, 38.1382980347, 10.9081888199, -12.1663837433, -61.2694320679, 5.26745986938], [-276.812835693, 15.6818408966, 78.2874069214, 15.4928998947, 213.011276245, 24.9615898132, 6.33088111877, 0.269263237715, -15.3432579041, 23.4166240692, -8.52206611633, 2.65630555153, -9.27802085876], [92.2783203125, -40.0115585327, -52.5940971375, 15.5600442886, 24.9615898132, 131.11289978, 44.1571083069, -5.1662979126, -11.1353025436, -9.25212001801, 27.7234992981, -9.60590553284, -13.2522697449], [50.6352996826, 0.605657696724, -48.5568313599, 0.93473470211, 6.33088111877, 44.1571083069, 118.033432007, 51.6923484802, -11.1451158524, -28.1218185425, 1.40507137775, 38.3956794739, -0.401665866375], [21.2691402435, 58.985332489, 3.15963411331, -59.5595436096, 0.269263237715, -5.1662979126, 51.6923484802, 156.415206909, 33.6473808289, -66.2516860962, -25.7824039459, 68.4585952759, 17.3883724213], [63.3113708496, 10.2796049118, 15.8897514343, 38.1382980347, -15.3432579041, -11.1353025436, -11.1451158524, 33.6473808289, 101.467880249, 30.5017433167, -28.8708553314, -11.8592844009, 8.34690189362], [-323.569793701, 3.06839728355, 206.597320557, 10.9081888199, 23.4166240692, -9.25212001801, -28.1218185425, -66.2516860962, 30.5017433167, 164.076034546, 35.2888069153, -99.3850631714, -11.2124996185], [-2.69553613663, -23.0653457642, -11.516251564, -12.1663837433, -8.52206611633, 27.7234992981, 1.40507137775, -25.7824039459, -28.8708553314, 35.2888069153, 113.064292908, 16.1073112488, -48.221321106], [251.248855591, 64.3570632935, -168.542877197, -61.2694320679, 2.65630555153, -9.60590553284, 38.3956794739, 68.4585952759, -11.8592844009, -99.3850631714, 16.1073112488, 203.299468994, 34.7394256592], [8.97914886475, 56.3511428833, 48.1627578735, 5.26745986938, -9.27802085876, -13.2522697449, -0.401665866375, 17.3883724213, 8.34690189362, -11.2124996185, -48.221321106, 34.7394256592, 151.305725098]], "icov": [[0.00275926617905, -0.00366808776744, 0.00374560267664, -0.00337894563563, 0.00284865591675, -0.00215028156526, 0.00146221963223, -0.000598331913352, -0.000377447984647, 0.000544572714716, -0.000234077815549, -0.00014813443704, 0.000207296921872], [-0.00366808776744, 0.00706089101732, -0.00507440464571, 0.00509308604524, -0.00391879444942, 0.00315266870894, -0.00182688154746, 0.000325497967424, 0.000517006672453, -0.00136553158518, 0.000715109694283, -0.000501293572597, -0.000767213758081], [0.00374560267664, -0.00507440464571, 0.00590736698359, -0.0045368373394, 0.00371507997625, -0.00279354676604, 0.00227780407295, -0.00165123236366, 0.000144911609823, -0.000471934297821, -0.000129470266984, 0.000243530987063, -1.60658091772e-05], [-0.00337894563563, 0.00509308604524, -0.0045368373394, 0.00751682464033, -0.004545816686, 0.00358247128315, -0.00349041051231, 0.00330770295113, -0.0029496580828, 0.00201832363382, -0.00141661055386, 0.00202008127235, -0.00147121550981], [0.00284865591675, -0.00391879444942, 0.00371507997625, -0.004545816686, 0.00913310516626, -0.00492544146255, 0.00324119231664, -0.00270697567612, 0.00364352134056, -0.00404417701066, 0.00395661965013, -0.00307325273752, 0.00218036095612], [-0.00215028156526, 0.00315266870894, -0.00279354676604, 0.00358247128315, -0.00492544146255, 0.0135630453005, -0.00718893902376, 0.00368541665375, -0.00387073913589, 0.00539862271398, -0.00638007000089, 0.00455777905881, -0.00230494816788], [0.00146221963223, -0.00182688154746, 0.00227780407295, -0.00349041051231, 0.00324119231664, -0.00718893902376, 0.0152347525582, -0.00756843388081, 0.00639070663601, -0.00554849021137, 0.0044512283057, -0.00415028911084, 0.00207718182355], [-0.000598331913352, 0.000325497967424, -0.00165123236366, 0.00330770295113, -0.00270697567612, 0.00368541665375, -0.00756843388081, 0.0155629683286, -0.0103368610144, 0.00970139913261, -0.00374518171884, 0.00136287533678, -0.00154442468192], [-0.000377447984647, 0.000517006672453, 0.000144911609823, -0.0029496580828, 0.00364352134056, -0.00387073913589, 0.00639070663601, -0.0103368610144, 0.021693052724, -0.0139160845429, 0.0106749748811, -0.0053846379742, 0.00338616757654], [0.000544572714716, -0.00136553158518, -0.000471934297821, 0.00201832363382, -0.00404417701066, 0.00539862271398, -0.00554849021137, 0.00970139913261, -0.0139160845429, 0.022961890325, -0.0135924229398, 0.0103390663862, -0.00458503421396], [-0.000234077815549, 0.000715109694283, -0.000129470266984, -0.00141661055386, 0.00395661965013, -0.00638007000089, 0.0044512283057, -0.00374518171884, 0.0106749748811, -0.0135924229398, 0.0211679767817, -0.00934374518692, 0.00725952675566], [-0.00014813443704, -0.000501293572597, 0.000243530987063, 0.00202008127235, -0.00307325273752, 0.00455777905881, -0.00415028911084, 0.00136287533678, -0.0053846379742, 0.0103390663862, -0.00934374518692, 0.012952095829, -0.00479766074568], [0.000207296921872, -0.000767213758081, -1.60658091772e-05, -0.00147121550981, 0.00218036095612, -0.00230494816788, 0.00207718182355, -0.00154442468192, 0.00338616757654, -0.00458503421396, 0.00725952675566, -0.00479766074568, 0.00994229782373]]}, "silence_rate_20dB": {"dvar2": 0, "var": 0, "min": 1, "dmean": 0, "mean": 1, "max": 1, "dmean2": 0, "median": 1, "dvar": 0}, "melbands_kurtosis": {"dvar2": 1274.88330078, "var": 1479.07531738, "min": -1.82277703285, "dmean": 13.8493709564, "mean": 29.7075767517, "max": 616.448303223, "dmean2": 21.5623931885, "median": 16.7912921906, "dvar": 535.028991699}, "barkbands_spread": {"dvar2": 41.0888595581, "var": 126.218528748, "min": 0.324816912413, "dmean": 3.87219166756, "mean": 14.4327163696, "max": 98.1696548462, "dmean2": 6.05401611328, "median": 11.0750017166, "dvar": 18.3123569489}, "erbbands_skewness": {"dvar2": 0.381385862827, "var": 1.21604430676, "min": -3.70027756691, "dmean": 0.422167420387, "mean": 0.0512151867151, "max": 7.1511631012, "dmean2": 0.645622968674, "median": -0.120812758803, "dvar": 0.169858813286}, "average_loudness": 0.594894528389, "spectral_centroid": {"dvar2": 110263.96875, "var": 426058.5625, "min": 106.330108643, "dmean": 194.269058228, "mean": 972.229187012, "max": 11717.8583984, "dmean2": 301.413269043, "median": 809.913391113, "dvar": 50113.5078125}, "dissonance": {"dvar2": 0.00113504496403, "var": 0.00112968485337, "min": 0.191415980458, "dmean": 0.0168202836066, "mean": 0.462913781404, "max": 0.5, "dmean2": 0.0282845832407, "median": 0.472821950912, "dvar": 0.000408586260164}, "erbbands_flatness_db": {"dvar2": 0.00038793659769, "var": 0.00102621177211, "min": 0.0434194840491, "dmean": 0.0144204348326, "mean": 0.231551632285, "max": 0.371285140514, "dmean2": 0.0219500865787, "median": 0.227499812841, "dvar": 0.000168264043168}, "spectral_strongpeak": {"dvar2": 1.58779597282, "var": 0.721625506878, "min": 0, "dmean": 0.381275862455, "mean": 0.644462764263, "max": 11.860865593, "dmean2": 0.652621090412, "median": 0.398177802563, "dvar": 0.593674957752}, "spectral_rms": {"dvar2": 3.09878669214e-06, "var": 5.31931300429e-06, "min": 3.21132920603e-12, "dmean": 0.000954441144131, "mean": 0.00505498005077, "max": 0.0157754626125, "dmean2": 0.00143096921965, "median": 0.00480123749003, "dvar": 1.31658066493e-06}, "silence_rate_60dB": {"dvar2": 0.0362607613206, "var": 0.0290784556419, "min": 0, "dmean": 0.015845824033, "mean": 0.0299753770232, "max": 1, "dmean2": 0.0316950418055, "median": 0, "dvar": 0.0155935771763}, "melbands": {"dvar2": [1.45105750562e-05, 8.36044055177e-05, 1.33987477966e-05, 1.07872222088e-06, 2.14391846498e-07, 1.2624109047e-07, 8.09078599673e-08, 5.16534726103e-08, 6.34668424482e-08, 3.37038628118e-08, 7.93206922367e-09, 1.24067867091e-08, 3.79160525199e-09, 1.32941169184e-09, 7.28816917928e-09, 6.4260468946e-08, 2.55822811823e-08, 4.59531834807e-09, 1.34543780561e-08, 2.80509127037e-08, 7.0357035753e-09, 5.74435254919e-09, 3.14145687241e-09, 1.33559474591e-09, 1.89645035786e-10, 1.47591244781e-10, 1.40121206305e-10, 2.87974089019e-10, 5.7626303035e-11, 2.03946980831e-11, 8.61427682658e-13, 6.11611347505e-13, 4.88251583261e-13, 2.90803080401e-14, 6.2845196593e-16, 3.72611580207e-17, 1.15404731818e-17, 8.05526182169e-18, 4.50316670525e-18, 2.18053494865e-18], "var": [8.26007544674e-06, 4.59060829598e-05, 9.2854097602e-06, 9.52591221903e-07, 2.32975480685e-07, 1.33712589445e-07, 2.78243078355e-07, 9.23380980566e-08, 1.02723475948e-07, 2.89835213607e-08, 8.52720560829e-09, 8.06597100222e-09, 3.97510246941e-09, 1.04267738887e-09, 4.93885998765e-09, 5.23476550995e-08, 2.09096313597e-08, 3.20144954991e-09, 8.57600213067e-09, 1.8221602005e-08, 6.33689234419e-09, 4.95042362658e-09, 3.4253433423e-09, 1.21641507977e-09, 1.43152323329e-10, 1.06179842696e-10, 1.25434107545e-10, 2.38935399244e-10, 4.96682001083e-11, 1.62371747991e-11, 9.46322013806e-13, 5.6342441563e-13, 3.93270377201e-13, 3.11070241018e-14, 6.30530108326e-16, 3.15155350162e-17, 1.08138942753e-17, 6.29592641377e-18, 3.48272816387e-18, 1.68439987546e-18], "min": [1.28100745955e-24, 3.86253475454e-24, 1.675516108e-23, 6.70242336372e-24, 3.07018491475e-24, 2.92752928081e-24, 4.49713864291e-24, 6.86611200155e-24, 5.06079750907e-24, 5.33611390929e-24, 5.40831953124e-24, 4.04198759428e-24, 6.67632784497e-24, 7.81721319598e-