{"tonal": {"thpcp": [1, 0.932937145233, 0.498992532492, 0.284451812506, 0.214138835669, 0.226278543472, 0.270546495914, 0.294146239758, 0.407271832228, 0.542190253735, 0.414806067944, 0.294665306807, 0.354804575443, 0.309585392475, 0.292480587959, 0.438864022493, 0.425538599491, 0.292287617922, 0.253961116076, 0.3108330369, 0.559360921383, 0.833006381989, 0.704343616962, 0.40272000432, 0.306539952755, 0.310863018036, 0.326134324074, 0.351503163576, 0.361600250006, 0.359737366438, 0.361528158188, 0.315104663372, 0.268808603287, 0.28465616703, 0.332553803921, 0.569582164288], "hpcp": {"dmean2": [0.345544159412, 0.328198999166, 0.267244637012, 0.23214200139, 0.225414901972, 0.216286152601, 0.215312585235, 0.221066921949, 0.231474474072, 0.222492054105, 0.195750206709, 0.188723117113, 0.198314845562, 0.234824419022, 0.306930363178, 0.335219502449, 0.359257131815, 0.299658000469, 0.209077313542, 0.154200494289, 0.141853570938, 0.151849418879, 0.16474686563, 0.220346882939, 0.312203884125, 0.230590999126, 0.164519399405, 0.18771417439, 0.17596103251, 0.169249951839, 0.188760071993, 0.203639477491, 0.191685155034, 0.186752900481, 0.219284102321, 0.291882634163], "median": [0.141209572554, 0.117282927036, 0.0430750958622, 0.0211030952632, 0.0171348229051, 0.0176694132388, 0.0233771167696, 0.0313196405768, 0.0365450195968, 0.0301625542343, 0.0204601213336, 0.0184237211943, 0.0234769247472, 0.0267619751394, 0.0821824297309, 0.164187669754, 0.159459859133, 0.0676512867212, 0.0203421451151, 0.0105438353494, 0.0129794077948, 0.0250977687538, 0.0283609516919, 0.0400684848428, 0.0460783988237, 0.0354642383754, 0.0296739581972, 0.0403639450669, 0.0356370173395, 0.027160231024, 0.0218788459897, 0.0207366533577, 0.0196502357721, 0.0167739894241, 0.0228050872684, 0.076121404767], "min": [0, 0, 0, 0, 0, 0, 0, 0, 0, 0, 0, 0, 0, 0, 0, 0, 0, 0, 0, 0, 0, 0, 0, 0, 0, 0, 0, 0, 0, 0, 0, 0, 0, 0, 0, 0], "dvar2": [0.144271239638, 0.142373949289, 0.131885573268, 0.12860250473, 0.140077933669, 0.134137704968, 0.120462529361, 0.117227613926, 0.121254570782, 0.11264885962, 0.0982761904597, 0.100005961955, 0.105480320752, 0.119917571545, 0.141578704119, 0.137202113867, 0.148717805743, 0.137869521976, 0.0999696031213, 0.0797219648957, 0.0665062069893, 0.0699941664934, 0.0766868814826, 0.0844867378473, 0.160263761878, 0.0922665297985, 0.0647795125842, 0.080255240202, 0.0742289349437, 0.0757265463471, 0.0994500517845, 0.107452139258, 0.0977925956249, 0.0971849262714, 0.108150668442, 0.123542070389], "dvar": [0.0589696057141, 0.0553688965738, 0.0480907782912, 0.0475837439299, 0.0488895513117, 0.0487565398216, 0.0454770885408, 0.0430327132344, 0.0431441813707, 0.0423346124589, 0.0374853536487, 0.0373454615474, 0.039096634835, 0.0442420057952, 0.0528987683356, 0.061192151159, 0.0614899732172, 0.0510882139206, 0.0370196700096, 0.0297535825521, 0.0262029245496, 0.0270541254431, 0.0290636941791, 0.0325240269303, 0.0628270432353, 0.0368063487113, 0.0260174889117, 0.0321327783167, 0.02825948596, 0.0273244585842, 0.0385314263403, 0.0409632660449, 0.0370488986373, 0.036126177758, 0.0405079387128, 0.0476370602846], "dmean": [0.202483683825, 0.191667184234, 0.150916457176, 0.128760829568, 0.124284222722, 0.12018019706, 0.122601099312, 0.12477657944, 0.130462810397, 0.126025319099, 0.112583629787, 0.106816329062, 0.11171182245, 0.131671682, 0.175714403391, 0.199452877045, 0.211938232183, 0.171159505844, 0.116881974041, 0.0869109854102, 0.0815135315061, 0.0887059643865, 0.0948732197285, 0.128123000264, 0.179285526276, 0.134706288576, 0.0961068272591, 0.110094189644, 0.101603142917, 0.0968909934163, 0.108634002507, 0.116714723408, 0.108982764184, 0.104885555804, 0.123607411981, 0.16937187314], "max": [1, 1, 1, 1, 1, 1, 1, 1, 1, 1, 1, 1, 1, 1, 1, 1, 1, 1, 1, 1, 1, 1, 1, 1, 1, 1, 1, 1, 1, 1, 1, 1, 1, 1, 1, 1], "var": [0.104059480131, 0.0830691382289, 0.0481589958072, 0.0420199930668, 0.046684704721, 0.0519801862538, 0.051540106535, 0.0476783029735, 0.0422267429531, 0.0460271425545, 0.0428803153336, 0.0353652387857, 0.0360037125647, 0.0416062399745, 0.0663068294525, 0.137209653854, 0.119416750968, 0.0571202225983, 0.0346051938832, 0.0293583497405, 0.0310005545616, 0.0328037850559, 0.0360857062042, 0.0481731146574, 0.0809416994452, 0.0514656379819, 0.0328028276563, 0.0411177352071, 0.031708791852, 0.0307529233396, 0.0767335668206, 0.0683203786612, 0.0392134338617, 0.0322833098471, 0.0395735166967, 0.0655909925699], "mean": [0.288676023483, 0.244088307023, 0.139561489224, 0.106230556965, 0.10772870481, 0.113020934165, 0.121812433004, 0.125311553478, 0.124665975571, 0.125286564231, 0.109198629856, 0.0931548699737, 0.0986467972398, 0.115245588124, 0.197387099266, 0.346547186375, 0.32330673933, 0.172924458981, 0.0985759720206, 0.0742092132568, 0.0784161910415, 0.0937571227551, 0.10193555057, 0.141138911247, 0.187894508243, 0.14374987781, 0.102115429938, 0.12295652926, 0.107285946608, 0.101358324289, 0.1520870924, 0.147469207644, 0.101291447878, 0.088009506464, 0.10771831125, 0.193844944239]}, "tuning_equal_tempered_deviation": 0.142083883286, "chords_changes_rate": 0.071089297533, "key_key": "D", "tuning_diatonic_strength": 0.618345439434, "key_scale": "minor", "chords_number_rate": 0.00174160860479, "tuning_frequency": 434.193115234, "tuning_nontempered_energy_ratio": 0.82713162899, "chords_histogram": [48.131729126, 2.2165927887, 0.364154517651, 1.86827111244, 1.67827737331, 8.50221633911, 1.28245723248, 25.807472229, 0.791640281677, 2.4699177742, 0.0158328060061, 0.506649792194, 0, 0, 0, 0.0474984161556, 0, 0.0949968323112, 0.0633312240243, 0, 2.31158971786, 0.142495244741, 2.24825835228, 1.4566180706], "key_strength": 0.710022330284, "chords_key": "D", "chords_strength": {"dmean2": 0.0129920234904, "median": 0.559596657753, "min": 0.243465378881, "dvar2": 0.000122656216263, "dvar": 9.00056111277e-05, "dmean": 0.0116438837722, "max": 0.826565802097, "var": 0.0080177700147, "mean": 0.554148733616}, "chords_scale": "minor", "hpcp_entropy": {"dmean2": 1.11735117435, "median": 2.22469973564, "min": 0, "dvar2": 0.776128172874, "dvar": 0.293067574501, "dmean": 0.667224168777, "max": 4.41392993927, "var": 0.558121919632, "mean": 2.20396065712}}, "metadata": {"audio_properties": {"equal_loudness": 0, "codec": "mp3", "downmix": "mix", "sample_rate": 44100, "analysis_sample_rate": 44100, "bit_rate": 160000, "md5_encoded": "b8531fa9624dac67f79ffa33291c884d", "length": 293.224487305, "replay_gain": -5.24826812744, "lossless": false}, "version": {"essentia_build_sha": "2d9f1f26377add8aeb1075a9c2973f962c4f09fd", "essentia": "2.1-beta2", "extractor": "music 1.0", "essentia_git_sha": "v2.1_beta2-1-ge3940c0"}, "tags": {"title": ["Tongue in Cheek"], "language": ["eng"], "acoustid_fingerprint": ["AQADtJLUcFMY3IqGMZUlNI1eXAryivhHQbOYI7we-HSOPnjGJA-yU1Ad0EM-9MnSGD5C-4X6Q_4ROxpKW2iWKIvBhyfqB2HyI3Hz4Tp84o1y5Bz0PESOP0GfJTwoH7Vx7nhII1cOtg-0nsTfJBRC28VzPD_cFyczYf24IG5yIrmCXQ--FL3AI0yXHApDBbESPThz7Cx61OlxPfivo7tUhHlo8FqMp8oRWhnx7-B3uGqFtyTSJbqhsYhPNAnqSNVR6zjuIlz4BNUPXkeeJlLQ5CroE4_moCKVRoN_Gf14_AjJ40oeQeMFxo6O9PTRx7hSnD5OKZHx4znCZYeWUMzwuODYC9qRT51wiRROEc2OJzsqph7yZwr0iBFy9JTwJwKzTRPhtHiyBY544Y_Q9B5eLQi_7IF4PHgulBdUH1VepNaCkhd6GunWVFBX5OkMXwHCt_jEHJrEHM3yxAjPxkiLPlIKzUfzHF-iBs8PLRMN7Vqgm0d1hJEXCqct7LoD__iPC2eywDlyQjvSUMkFj48GcyKDkJIU1Cm0CPte5FaQ_dCeB7lxHblPook6NcE_DWUCypcCfTPCBz8uSZgmJRqTwNkl9A2uDTemy0gqHhlFXpglHs-SPThTI1dxMrgyo29s5BGLKmFe-JIi1EuS45yO98izQk_ENMYtqviD5hkHTZaOmTmeZ4KWaw3CbQpu4dKCp8fbwn6OS8HHDvkHLc-F0BQuHv-K8IcWa8T74b_BC9pLpD_aLSmOP_jxbB9ClTqSpRfRJyLRqDoeT8TJMKiV6EIYn7h8sNkRPjxu1AvqnHCURQ9KXseH48uR5wKXKapCNDlq9biWHPLRlLMQUnqEZ8F35M1iqH8Qkj3OFx-LPg0qZw1SZUG1GhX1wX80XNkyWFGSWfChy0amB6Oqw0yOinzwaEczSkHPYk9y5MKcH-JTDbk2ISLTQ0qKPsfzEFeiC3rhJ3twDfmNPYuNk0bDFT0uSUFkLja0KsnwHKHFHc933EUZpY_gaeNw9Ed-I7nT41F4dNHRPDNx7fgS4iyaZ7VQ5j5-JC_yos4LP8_AyBe6J2jyHXmQVEejO-iLZzz-o4vBnMnxD-Xhr0gmGbmU4KUN7hGaC-1x5kUfuC-OOzfWmYkQdwo0cToeCxH34lKcCVUfNFV4fEdyhP9gVSY4pxKa5xqeBz_yHMnyoMoZXNvxlLLwmygfo_lxvciS-iGehD1UsUF-hFokm-AfqAl3Isx-9Dl-CqeN7mmQaNqRG1dmUH8QSg-uD6dEouEyDr1x9ah-aBnDDh8XPEdTX0VVLcHRXoT5gN84DY5-o0qZIo-F2kW6UcGjjvBJONFytG9wHzGjsfiU3PjxZTma6jraP8imuUgW_aicrHiWLQhfHJrWo9eR6lsohCoTQsiP5nnwlsTH42oCOwmuE89SIVKSGpdq6CGnI4y1E1ePlVkOi0mUwz9C8lAXZfiNpluGPiHUIsse-BF4NMroCM8jxD_E6_hTfA-q6EKz8tDROxH8DIf64dMLrU-FjBd6Ek0cBj-yD9qP9EzRh8ZPUXie4AoftEcz5shO6FmQX8eUME8YdObwb_jxSIly9LngfuiJrlIYpGOwLVfQn-gz62iqH8-RZ8EULsRjEc1z_Mf3ILpINA8daPtCSHPwI-8a9EGzH9eDO6OEkHqKZJGEL1RAhsSDxidqKgivSCGa73j2In9wUgjFLUKTRl-DNx50ao7QLMuRqikqSi-u0GgZeI_RkwCfrcQpBk_2oE9SCc0THT-y5VyM79CSLyRqG9Jl5Qh1JYe1xbgZHl6I8opwH8n2I81zCg9xZasi5HxwUjl0zsIrFQ8F_TsyHfUejEuaotJ5NM9x5NqhJ9mO8CXRPMg_JH9wsQqaKEc30cMTHX-NMM-OZPIVzPFxgWGx5UxxPsFzPJi0vHiSIW8OndOIPwliKpuCjzJ-w2rG4a3wG60uJIvmB_mH83CmCV91PMFnJsLtZfhlIz_0nKioJ7CmeIKmHxeDMsoVNE_QVTq0PMS7C81lQeOV4ENuVJyHB-lTSI4kHnly-HvwE04qH-2R69A-BmH6I3x9aImOvNHRzGMx7ajIGSmlQz_yB9dp_PiUbMR__LiZ4GFWor6G_UEzlgilQse5D5ekNWCS7cQFfzn0D74Dx4c2L8Mb7IHnDn8OOVVeTNpT5NTEED7Oo8-EykFz4skS_Gi6pUKZW8hvGcm8w9EO9wz6o8uL5gxy5cRDaE8UNCMlrEmEV0dPNP1xHs-D58OXDY1C5piO8wry5AKTjUH1HM8iR6id8DCRH6LSZUIuyTnSmMVrDSl_XLnhPRMcH-W04OjmPEXK8dDEI9ZxakF9NOeJq7mQ9xI8KTveJgzexDLuIx2zqMgVGsxveB80Hu-KnMsUotIR5sEpHeKyIH5wJ0MfRkPjGz_KG2uSbRR6S8iPizgDp73w4EdJE2EYJVbwJ8h_aPkQ6kfTLeiUhE8wOqck_HjGDyFZEYlEJUPJG7saHc-HX3hyCm2UHM1j_MhffEnwUPihXXnQ8DrWFxp1DTb6BeWPHF2TB2d48IyFa2gjwrfQB1-4E_9wNBVjoe-RX1CnSEZT5wh_ZqCXsXiOLwdzq2g-452OekkyolHqGt9xkQ6-6ci3CVqiZcGdqsgk9UHzJSs-CV8SFZVEBc0zF2fS4JSCxziLPBEYpdETNPkXPAvBh3gOjeuRxkE3ycOLPkJaDj9MBVKoD7UdiHGP8IpQiYelz4j_wJQPjdqL-AFzG43CRDlyQXmOcM2OJuKPJ0P0FU-WHcn8H-aifOg_5I-gP8gUUseTMR2u5QnyBFquJEeo78Px8MF5_EHTvZhUES9iMid06QhbodLy41zwSPmCbzSafUKtH8-NPDUu8YG6d4eVE7HkD9cVNAxNVOZwKzl-Bf9x9sglBn2C_zFSWQ621Lh6lPE39I_Q_EK-LTzeHY3UB6GkHX3gSc0GKsryFd2bCEkpBnnQ3A0AYIgkzgABhAICeAAJgMAI4SgwyCigDEIEKQEkgMAYBwhRhhkBAABCGOeYM4QYJogDAAAAAGGACQOUEgJBgIQxzAgkDDCECmuIQwAICISgghjEBACOQWEMQFQBSIwjAggDmTLQEAEBBAIoJgADhBEgABESAAAoUIQKgZwBSAiggDFSCcEAIMoDwAChiAACBHMEAYIQEAgQBYgkiAkCADECCASIoQgQYQEBiAEDCLAAOQQVIUAAIQgBhAAjGAcAAMscMsgCACFhSgAggAFEAUGEZQhhAYwQVgglNFCCGSIIAEIIQzgRBDAAEGCFAEYIAQ4wJgAQgCAkhRCCACgoYYwwYgACgCkgJBIEAcAAgIIRwwSWwBiAjEMSUUMEMgIAxgRAQipDAAEEIQcIEAkYIRQARAhjhANEASAEM4AAgIQAxgAhADBCGYsAIQYDQgwhiDAChGCAAIQUEZYIVBgARBABGBRcIRYJAAAxI4gDQhAlEKAGIgOMIMJIQYABSAkmgCFMAAEgA4ooAQAzBBnGDFAGJCEIUcIxgAARRDgCABJAKUQIAgQAAYgChggDHAAGAEGtEAIRQRCgwgKBhAEGEaQEAkAYwZgDzAiFhAPMKKQYgggwApxQzAAijDOMIAOMFEABoAwSySACBFBCIGWYEMIAxggxAhDADCBOAAiEAgwEIgwUwCCkgAYGECAQAwopIIQQjABiBDAACQA1QMQZpgwADhgljDACMQMIIAgJJIAgUAggACFCAQEEUcAJRRwiigBgHJSKSeQUAxAQRgQxAADCGEBGMEEAEgJBaABgghqAhAREGCKYEVxhAwQhQTCABDCKGCaAMRZAYJAQRgBGGTFACCZAIFYQoQCwhgAApAJGIGAEQ8gAAIgghhgkBBEGAEBIIcQwhQQAEggqBCCAMICIAIAARYRyABDAiACAACAJQMAAQpgggBBFAA"], "date": ["1990"], "genre": ["Blues"], "musicbrainz album type": ["Album"], "musicbrainz_releasegroupid": ["7ae40302-53d6-3797-b28f-aea74e90d906"], "musicip_puid": ["cbd90cbd-2b1c-e214-be6d-3f287de8e18a"], "musicbrainz_recordingid": ["046d7d8a-0676-4bea-b2dd-e5b93a7ff57d"], "musicbrainz album release country": ["GB"], "musicbrainz_albumartistid": ["6e2c544b-7987-4e32-97c4-035930167b3e"], "musicbrainz_albumid": ["48359fc3-3d34-4349-8380-9e7ee2f603eb"], "artist": ["Dana Gillespie"], "bpm": ["104.87"], "album": ["Blues It Up"], "catalognumber": ["CDCHD 950"], "tracknumber": ["14"], "label": ["Ace Records"], "acoustid_id": ["47132f76-2b05-44cd-a2d6-b21e1da961de"], "musicbrainz_artistid": ["6e2c544b-7987-4e32-97c4-035930167b3e"], "file_name": "Dana Gillespie - Tongue in Cheek.mp3"}}, "rhythm": {"bpm_histogram_first_peak_bpm": {"dmean2": 0, "median": 105, "min": 105, "dvar2": 0, "dvar": 0, "dmean": 0, "max": 105, "var": 0, "mean": 105}, "bpm": 104.882209778, "bpm_histogram_second_peak_spread": {"dmean2": 0, "median": 0.33333337307, "min": 0.33333337307, "dvar2": 0, "dvar": 0, "dmean": 0, "max": 0.33333337307, "var": 0, "mean": 0.33333337307}, "bpm_histogram_first_peak_weight": {"dmean2": 0, "median": 0.511764705181, "min": 0.511764705181, "dvar2": 0, "dvar": 0, "dmean": 0, "max": 0.511764705181, "var": 0, "mean": 0.511764705181}, "onset_rate": 3.52606415749, "beats_position": [0.615328788757, 1.24226760864, 1.83437633514, 2.42648530006, 3.00698399544, 3.58748292923, 4.15637159348, 4.73687076569, 5.30575942993, 5.87464857101, 6.44353723526, 7.01242637634, 7.58131504059, 8.16181373596, 8.75392246246, 9.33442115784, 9.91492080688, 10.4954195023, 11.0759181976, 11.656416893, 12.2369155884, 12.8174142838, 13.3979139328, 13.9784126282, 14.5589113235, 15.1394100189, 15.7199087143, 16.3120174408, 16.8809070587, 17.4614048004, 18.0419044495, 18.6224040985, 19.1912918091, 19.7717914581, 20.3522891998, 20.9327888489, 21.5016784668, 22.0821762085, 22.6626758575, 23.2431735992, 23.8236732483, 24.40417099, 24.9962806702, 25.5883903503, 26.168888092, 26.7493877411, 27.3182754517, 27.8871650696, 28.4676647186, 29.0481624603, 29.6286621094, 30.2091598511, 30.7896595001, 31.3701572418, 31.9506568909, 32.5195465088, 33.0884361267, 33.6689338684, 34.2378234863, 34.818321228, 35.3988189697, 35.9909286499, 36.5714263916, 37.1403160095, 37.7092056274, 38.2897033691, 38.8585929871, 39.4390907288, 40.0079803467, 40.5768699646, 41.1457595825, 41.7262573242, 42.2951469421, 42.8640365601, 43.4445343018, 44.0250320435, 44.6055335999, 45.1860313416, 45.7665290833, 46.3238105774, 46.9043083191, 47.4848060608, 48.0653038025, 48.6458053589, 49.2263031006, 49.8068008423, 50.3756904602, 50.9445800781, 51.513469696, 52.0823554993, 52.6628570557, 53.2433547974, 53.8122444153, 54.3811340332, 54.9500198364, 55.5305213928, 56.0994110107, 56.6799087524, 57.2604064941, 57.8292961121, 58.39818573, 58.9786834717, 59.5591812134, 60.1396827698, 60.708568573, 61.2774581909, 61.8463478088, 62.4152374268, 62.9841270447, 63.5530128479, 64.1335144043, 64.6907958984, 65.2596817017, 65.8285675049, 66.409072876, 66.9895706177, 67.5700683594, 68.1389541626, 68.7078475952, 69.2883453369, 69.8572311401, 70.4261245728, 70.9833984375, 71.5638961792, 72.1560058594, 72.7481155396, 73.3286132813, 73.9207229614, 74.489616394, 75.0701141357, 75.6506118774, 76.2311096191, 76.7999954224, 77.3805007935, 77.9609985352, 78.5298843384, 79.098777771, 79.6676635742, 80.2365493774, 80.8054428101, 81.3859405518, 81.9664382935, 82.5353240967, 83.1042175293, 83.684715271, 84.2652130127, 84.8457107544, 85.414604187, 85.9834899902, 86.5523757935, 87.1212692261, 87.6901550293, 88.2590484619, 88.8163223267, 89.3852157593, 89.9541015625, 90.5229949951, 91.0918807983, 91.6607666016, 92.2296600342, 92.7985458374, 93.36743927, 93.9247131348, 94.4936065674, 95.0624923706, 95.6197738647, 96.188659668, 96.7575454712, 97.3380508423, 97.9069366455, 98.4758224487, 99.0447158813, 99.6136016846, 100.194099426, 100.774604797, 101.355102539, 101.923988342, 102.492874146, 103.061767578, 103.630653381, 104.199546814, 104.768432617, 105.348930359, 105.929428101, 106.498321533, 107.067207336, 107.636100769, 108.204986572, 108.773872375, 109.354377747, 109.92326355, 110.503761292, 111.084259033, 111.664756775, 112.233650208, 112.814147949, 113.383033752, 113.963539124, 114.532424927, 115.112922668, 115.69342041, 116.262313843, 116.831199646, 117.400085449, 117.968978882, 118.537864685, 119.106758118, 119.675643921, 120.244529724, 120.813423157, 121.38230896, 121.951202393, 122.520088196, 123.088973999, 123.66947937, 124.249977112, 124.807250977, 125.376144409, 125.933418274, 126.502311707, 127.07119751, 127.640090942, 128.220581055, 128.777862549, 129.346755981, 129.915649414, 130.484527588, 131.053421021, 131.622314453, 132.191192627, 132.76008606, 133.328979492, 133.897872925, 134.466751099, 135.04725647, 135.616149902, 136.185028076, 136.74230957, 137.299591064, 137.856872559, 138.437362671, 139.006256104, 139.575149536, 140.14402771, 140.712921143, 141.293426514, 141.873916626, 142.454421997, 143.011703491, 143.580581665, 144.149475098, 144.729980469, 145.310470581, 145.879364014, 146.448257446, 147.01713562, 147.586029053, 148.166534424, 148.735412598, 149.30430603, 149.861587524, 150.418869019, 150.999359131, 151.568252563, 152.148742676, 152.717636108, 153.286529541, 153.855422974, 154.435913086, 155.016418457, 155.596908569, 156.154190063, 156.723083496, 157.291976929, 157.860855103, 158.429748535, 159.010253906, 159.57913208, 160.136413574, 160.705307007, 161.262588501, 161.819854736, 162.388748169, 162.957641602, 163.538131714, 164.118637085, 164.687530518, 165.256408691, 165.825302124, 166.394195557, 166.96307373, 167.531967163, 168.100860596, 168.669754028, 169.250244141, 169.830749512, 170.388031006, 170.968521118, 171.549026489, 172.129516602, 172.698410034, 173.278915405, 173.847793579, 174.42829895, 175.008789063, 175.577682495, 176.146575928, 176.72706604, 177.295959473, 177.864852905, 178.433731079, 179.01423645, 179.583129883, 180.163619995, 180.744125366, 181.324615479, 181.893508911, 182.462402344, 183.031295776, 183.60017395, 184.169067383, 184.737960815, 185.29524231, 185.875732422, 186.456237793, 187.036727905, 187.617233276, 188.197723389, 188.77822876, 189.358734131, 189.927612305, 190.496505737, 191.07699585, 191.645889282, 192.226394653, 192.806884766, 193.375778198, 193.956283569, 194.525161743, 195.094055176, 195.674560547, 196.255050659, 196.823944092, 197.392837524, 197.95010376, 198.518997192, 199.087890625, 199.668380737, 200.248886108, 200.840988159, 201.42149353, 201.990386963, 202.559265137, 203.128158569, 203.697052002, 204.265930176, 204.846435547, 205.426940918, 206.00743103, 206.576324463, 207.145217896, 207.725708008, 208.29460144, 208.875091553, 209.443984985, 210.024490356, 210.581771851, 211.150650024, 211.719543457, 212.300048828, 212.868927002, 213.437820435, 214.006713867, 214.587203979, 215.156097412, 215.736587524, 216.305480957, 216.87437439, 217.431655884, 218.000534058, 218.56942749, 219.149932861, 219.730422974, 220.310928345, 220.879821777, 221.448699951, 222.029205322, 222.598098755, 223.166976929, 223.7474823, 224.316360474, 224.885253906, 225.465759277, 226.023040771, 226.603530884, 227.172424316, 227.741317749, 228.310195923, 228.879089355, 229.43637085, 229.993652344, 230.550918579, 231.13142395, 231.700317383, 232.269195557, 232.849700928, 233.406982422, 233.964263916, 234.521530151, 235.102035522, 235.670928955, 236.239807129, 236.808700562, 237.377593994, 237.958084106, 238.515365601, 239.072647095, 239.653152466, 240.233642578, 240.802536011, 241.371429443, 241.940307617, 242.50920105, 243.089706421, 243.658584595, 244.227478027, 244.784759521, 245.365249634, 245.934143066, 246.503036499, 247.071929932, 247.640808105, 248.221313477, 248.801803589, 249.370697021, 249.939590454, 250.496871948, 251.065750122, 251.634643555, 252.215148926, 252.7840271, 253.352920532, 253.921813965, 254.490692139, 255.059585571, 255.628479004, 256.208984375, 256.766265869, 257.323547363, 257.88079834, 258.461303711, 259.041809082, 259.610687256, 260.179595947, 260.760070801, 261.328979492, 261.897857666, 262.45513916, 263.012420654, 263.592926025, 264.161804199, 264.730712891, 265.299591064, 265.868469238, 266.448974609, 267.017852783, 267.586761475, 268.144042969, 268.712921143, 269.281799316, 269.839080811, 270.407989502, 270.976867676, 271.53414917, 272.103027344, 272.671936035, 273.240814209, 273.809692383, 274.378601074, 274.947479248, 275.504760742, 276.062042236, 276.61932373, 277.176605225, 277.745483398, 278.314361572, 278.871643066, 279.428924561, 279.997802734, 280.566711426, 281.1355896, 281.704498291, 282.261749268, 282.830657959, 283.387939453, 283.945220947, 284.502502441, 285.059753418, 285.605438232, 286.162719727, 286.720001221, 287.300506592, 287.869384766, 288.438262939, 289.007171631, 289.576049805, 290.156555176, 290.748657227, 291.340759277, 291.944488525, 292.548217773], "beats_loudness": {"dmean2": 0.0248535722494, "median": 0.0473828800023, "min": 9.32098132012e-09, "dvar2": 0.000443602300948, "dvar": 0.000152621592861, "dmean": 0.0143343135715, "max": 0.108917765319, "var": 0.000364783219993, "mean": 0.0464160293341}, "danceability": 1.2805403471, "bpm_histogram_second_peak_weight": {"dmean2": 0, "median": 0.00392156885937, "min": 0.00392156885937, "dvar2": 0, "dvar": 0, "dmean": 0, "max": 0.00392156885937, "var": 0, "mean": 0.00392156885937}, "beats_count": 511, "bpm_histogram_second_peak_bpm": {"dmean2": 0, "median": 99, "min": 99, "dvar2": 0, "dvar": 0, "dmean": 0, "max": 99, "var": 0, "mean": 99}, "bpm_histogram_first_peak_spread": {"dmean2": 0, "median": 0.484189718962, "min": 0.484189718962, "dvar2": 0, "dvar": 0, "dmean": 0, "max": 0.484189718962, "var": 0, "mean": 0.484189718962}, "beats_loudness_band_ratio": {"dmean2": [0.277439892292, 0.155728697777, 0.0784720927477, 0.122349195182, 0.117755018175, 0.0836465507746], "median": [0.623514592648, 0.102372802794, 0.0371334403753, 0.0241024568677, 0.0493098571897, 0.0974491685629], "min": [0.0412448942661, 0.00668204016984, 0.00222752895206, 0.000310552102746, 0.000765683245845, 0.000527660129592], "dvar2": [0.0377702079713, 0.0193951334804, 0.00455256178975, 0.0231552422047, 0.0130781633779, 0.00399482576177], "dvar": [0.0134540656582, 0.00650787167251, 0.00171837513335, 0.00865447334945, 0.00502211926505, 0.00128949293867], "dmean": [0.156327024102, 0.0891256853938, 0.0430285744369, 0.0684696733952, 0.0675204768777, 0.0467417910695], "max": [0.95354193449, 0.78080791235, 0.391866952181, 0.622661590576, 0.388556420803, 0.332778513432], "var": [0.0250300467014, 0.0108676319942, 0.00198060763068, 0.00835768226534, 0.00655721127987, 0.00207741791382], "mean": [0.615698575974, 0.132057845592, 0.0478315874934, 0.0629955679178, 0.0785700082779, 0.100325062871]}}, "lowlevel": {"barkbands_spread": {"dmean2": 10.9792575836, "median": 22.3815002441, "min": 0.513975858688, "dvar2": 176.504776001, "dvar": 80.823677063, "dmean": 7.45272684097, "max": 114.752403259, "var": 268.678283691, "mean": 24.7569503784}, "melbands_spread": {"dmean2": 12.645532608, "median": 19.5748558044, "min": 0.46248370409, "dvar2": 240.453948975, "dvar": 111.535461426, "dmean": 8.3021402359, "max": 252.876693726, "var": 522.690551758, "mean": 26.6612701416}, "hfc": {"dmean2": 9.38884162903, "median": 7.69852781296, "min": 4.9872373592e-11, "dvar2": 227.31098938, "dvar": 146.192520142, "dmean": 7.56645059586, "max": 259.834564209, "var": 593.568115234, "mean": 19.2627353668}, "barkbands_kurtosis": {"dmean2": 5.85459089279, "median": 1.72624826431, "min": -1.88333284855, "dvar2": 118.986625671, "dvar": 50.0752716064, "dmean": 3.77642631531, "max": 241.00151062, "var": 133.695739746, "mean": 5.78930854797}, "gfcc": {"mean": [-50.6536369324, 95.0751495361, -104.532867432, 33.0161857605, -33.137588501, 9.21167850494, -38.9515190125, 9.8036775589, -26.1874198914, 1.19220137596, -10.8320455551, -2.55037665367, -11.9135465622], "icov": [[9.95023001451e-05, 0.000138672010507, 8.36207254906e-05, 1.69836457644e-05, -3.22362870975e-06, -3.07880764012e-05, 5.86439746257e-05, -3.09290007863e-05, 0.00012659089407, 1.55785746756e-05, -2.10184407479e-05, -9.28740155359e-06, 3.78285403713e-05], [0.000138672010507, 0.00101514556445, 0.000344244355801, 0.000277763378108, -0.000246341194725, 0.000485853757709, -0.000228408607654, 0.000757990637794, -0.000256163242739, 0.000451350031653, -0.000418519717641, 0.000533038575668, -0.000264301110292], [8.36207254906e-05, 0.000344244355801, 0.00105832028203, 0.000169784252648, 1.21164202938e-05, -0.000400102988351, -0.000233409999055, 0.00064453255618, -0.000379526580218, -0.000497823173646, 0.00118656829, -0.000860213185661, 0.000273180339718], [1.69836457644e-05, 0.000277763378108, 0.000169784252648, 0.00403252383694, -0.000104412487417, 0.000842453446239, 0.000724141369574, -0.000901141320355, -0.000575902988203, 0.00104392529465, 0.000170944622369, 0.000871609139722, -0.000681992096361], [-3.22362870975e-06, -0.000246341194725, 1.21164202938e-05, -0.000104412487417, 0.00387186929584, 0.000594613840804, -0.000718425784726, 7.86045929999e-05, -0.000540805049241, 0.000846556271426, -0.000830446078908, 0.000464156852104, 0.000472083658678], [-3.07880764012e-05, 0.000485853757709, -0.000400102988351, 0.000842453446239, 0.000594613840804, 0.00544752459973, -0.00155408226419, -0.000292069045827, 0.000771801685914, 7.60432230891e-05, 7.33070046408e-05, -0.00149230263196, 0.00224975240417], [5.86439746257e-05, -0.000228408607654, -0.000233409999055, 0.000724141369574, -0.000718425784726, -0.00155408226419, 0.00651758676395, -0.000841553322971, 0.000527608557604, 0.0011416511843, -0.00233381125145, 0.00315928691998, -0.00211499840952], [-3.09290007863e-05, 0.000757990637794, 0.00064453255618, -0.000901141320355, 7.86045929999e-05, -0.000292069045827, -0.000841553322971, 0.00797221530229, -0.00208623846993, 0.00147429667413, 0.000768224010244, -0.00309290713631, 0.00149885308929], [0.00012659089407, -0.000256163242739, -0.000379526580218, -0.000575902988203, -0.000540805049241, 0.000771801685914, 0.000527608557604, -0.00208623846993, 0.0104468809441, -0.00378412404098, 0.00116417952813, 0.00157689012121, -0.00355712603778], [1.55785746756e-05, 0.000451350031653, -0.000497823173646, 0.00104392529465, 0.000846556271426, 7.60432230891e-05, 0.0011416511843, 0.00147429667413, -0.00378412404098, 0.0105683859438, -0.00181720941328, 0.00123252288904, 0.00131959328428], [-2.10184407479e-05, -0.000418519717641, 0.00118656829, 0.000170944622369, -0.000830446078908, 7.33070046408e-05, -0.00233381125145, 0.000768224010244, 0.00116417952813, -0.00181720941328, 0.0121332565323, -0.0064465906471, 0.00329693243839], [-9.28740155359e-06, 0.000533038575668, -0.000860213185661, 0.000871609139722, 0.000464156852104, -0.00149230263196, 0.00315928691998, -0.00309290713631, 0.00157689012121, 0.00123252288904, -0.0064465906471, 0.0195913631469, -0.00838871486485], [3.78285403713e-05, -0.000264301110292, 0.000273180339718, -0.000681992096361, 0.000472083658678, 0.00224975240417, -0.00211499840952, 0.00149885308929, -0.00355712603778, 0.00131959328428, 0.00329693243839, -0.00838871486485, 0.0192306488752]], "cov": [[15000.7705078, -2682.7043457, -441.332244873, 71.5910644531, -295.300354004, 420.534118652, -216.857040405, 367.950958252, -318.352111816, -52.5359840393, 39.7370910645, 172.081069946, -139.076065063], [-2682.7043457, 2159.79248047, -700.539001465, -50.0571250916, 266.046386719, -311.24395752, 129.408065796, -203.403686523, 38.8705062866, -81.3070907593, 107.623069763, -113.675788879, 47.8345184326], [-441.332244873, -700.539001465, 1621.88110352, -95.3583908081, -146.493637085, 202.626449585, -33.5409317017, -44.5701904297, 68.2985610962, 129.143829346, -159.958145142, 42.9384803772, -5.57941532135], [71.5910644531, -50.0571250916, -95.3583908081, 308.184844971, 11.5554933548, -74.95337677, -46.0547828674, 48.895160675, 29.0033760071, -30.4198093414, -23.8140220642, -7.2790722847, 19.4237785339], [-295.300354004, 266.046386719, -146.493637085, 11.5554933548, 315.561126709, -66.2417297363, 52.9323196411, -17.8228225708, 7.42212057114, -35.2736206055, 37.1668624878, -23.9532642365, 0.914341390133], [420.534118652, -311.24395752, 202.626449585, -74.95337677, -66.2417297363, 290.796020508, 42.8966674805, 26.9201412201, -45.0844650269, 9.94749355316, 3.41331577301, 30.3222885132, -36.7953300476], [-216.857040405, 129.408065796, -33.5409317017, -46.0547828674, 52.9323196411, 42.8966674805, 209.439819336, -4.08990478516, -20.9640712738, -27.529668808, 39.6741905212, -18.4457416534, 1.24678075314], [367.950958252, -203.403686523, -44.5701904297, 48.895160675, -17.8228225708, 26.9201412201, -4.08990478516, 175.815628052, 11.8041810989, -21.740196228, -3.55460143089, 31.766084671, 0.124505221844], [-318.352111816, 38.8705062866, 68.2985610962, 29.0033760071, 7.42212057114, -45.0844650269, -20.9640712738, 11.8041810989, 141.352722168, 42.7531166077, -30.2854919434, -10.3475236893, 26.9762821198], [-52.5359840393, -81.3070907593, 129.143829346, -30.4198093414, -35.2736206055, 9.94749355316, -27.529668808, -21.740196228, 42.7531166077, 131.82925415, -6.61009454727, -5.50916099548, -7.96642255783], [39.7370910645, 107.623069763, -159.958145142, -23.8140220642, 37.1668624878, 3.41331577301, 39.6741905212, -3.55460143089, -30.2854919434, -6.61009454727, 130.535095215, 24.8435573578, -10.532910347], [172.081069946, -113.675788879, 42.9384803772, -7.2790722847, -23.9532642365, 30.3222885132, -18.4457416534, 31.766084671, -10.3475236893, -5.50916099548, 24.8435573578, 85.8127288818, 21.4048881531], [-139.076065063, 47.8345184326, -5.57941532135, 19.4237785339, 0.914341390133, -36.7953300476, 1.24678075314, 0.124505221844, 26.9762821198, -7.96642255783, -10.532910347, 21.4048881531, 74.7884368896]]}, "spectral_energyband_middle_low": {"dmean2": 0.00453884061426, "median": 0.00333662959747, "min": 7.27226886659e-17, "dvar2": 8.49527787068e-05, "dvar": 3.46955130226e-05, "dmean": 0.00300587061793, "max": 0.0836446359754, "var": 5.41590961802e-05, "mean": 0.00575820496306}, "melbands_crest": {"dmean2": 5.4277920723, "median": 13.5709619522, "min": 3.73022460938, "dvar2": 21.3298797607, "dvar": 8.25702762604, "dmean": 3.34576416016, "max": 33.8081130981, "var": 23.1776351929, "mean": 14.1817483902}, "spectral_kurtosis": {"dmean2": 3.94783043861, "median": 5.43441104889, "min": -1.02062594891, "dvar2": 24.8162021637, "dvar": 9.0581073761, "dmean": 2.54599165916, "max": 48.2752532959, "var": 25.5214633942, "mean": 6.47907686234}, "spectral_rms": {"dmean2": 0.00119409128092, "median": 0.00335589353926, "min": 2.10309258897e-09, "dvar2": 3.26342069457e-06, "dvar": 1.50143296196e-06, "dmean": 0.000875302765053, "max": 0.0132633373141, "var": 4.62135403723e-06, "mean": 0.00374131649733}, "zerocrossingrate": {"dmean2": 0.0146287949756, "median": 0.0595703125, "min": 0.00439453125, "dvar2": 0.00027619782486, "dvar": 0.000229011027841, "dmean": 0.0136902397498, "max": 0.4951171875, "var": 0.00159529852681, "mean": 0.0642769858241}, "silence_rate_60dB": {"dmean2": 0.111419066787, "median": 0, "min": 0, "dvar2": 0.11420750618, "dvar": 0.052641171962, "dmean": 0.055744715035, "max": 1, "var": 0.122381284833, "mean": 0.14275534451}, "erbbands_kurtosis": {"dmean2": 1.69295990467, "median": -0.0288289580494, "min": -1.80302405357, "dvar2": 8.60359764099, "dvar": 4.51197290421, "dmean": 1.1288599968, "max": 100.313362122, "var": 14.274848938, "mean": 0.975004315376}, "erbbands": {"dmean2": [0.181949093938, 1.47094428539, 4.74924850464, 6.53321218491, 7.27710723877, 5.46949481964, 5.84861850739, 10.9980192184, 7.5273194313, 5.11069917679, 8.31934642792, 6.50768899918, 11.040268898, 16.1623039246, 14.7953157425, 24.2297267914, 20.1558475494, 19.4056758881, 28.9976196289, 25.2707767487, 25.9363441467, 15.9207963943, 21.0199794769, 21.9161605835, 10.9504537582, 8.86079788208, 3.68484187126, 2.99633359909, 2.1026468277, 2.22174549103, 2.55111837387, 2.42674279213, 1.85749018192, 1.62593376637, 1.03053128719, 0.589441239834, 0.172584429383, 0.0278782621026, 0.00736344000325, 0.000670640962198], "median": [0.0256966687739, 0.314684331417, 1.1079416275, 2.16082382202, 1.71966552734, 2.22218585014, 3.07683968544, 3.32283902168, 2.78686308861, 2.20587158203, 2.46354484558, 2.2329826355, 2.22510480881, 2.16990470886, 2.87333393097, 4.92677783966, 3.99103736877, 3.3015203476, 5.79320526123, 4.50842761993, 5.19732809067, 3.67709326744, 4.47474098206, 3.71833872795, 2.91837501526, 2.44984650612, 0.9969227314, 0.418591737747, 0.265451431274, 0.298859506845, 0.29930716753, 0.18415671587, 0.118960350752, 0.0786279737949, 0.0402295216918, 0.0129889082164, 0.00329720252194, 0.000530684366822, 2.57207484538e-05, 1.97529061552e-05], "min": [2.47951891122e-15, 1.28298242459e-14, 3.79849655148e-14, 7.44656818304e-14, 1.08304559982e-13, 1.16308235287e-13, 8.56429253145e-14, 3.39146333901e-14, 5.37238820664e-15, 1.82958388159e-14, 2.41681386682e-14, 1.83938168109e-14, 1.95285939654e-13, 5.52369673439e-13, 5.08297614069e-13, 1.28644447525e-12, 6.15365831208e-12, 9.31543470833e-12, 4.17309242717e-12, 1.39367293747e-12, 2.2685395229e-12, 3.51034934627e-12, 8.47272512566e-12, 8.91281753262e-12, 7.22311837079e-12, 4.96153031854e-12, 7.862363538e-12, 1.13458227188e-11, 3.96423735852e-12, 1.10227070527e-11, 4.28479083811e-12, 6.53533607439e-12, 4.16130584852e-12, 3.31324009027e-12, 2.35379857966e-12, 1.66829158994e-12, 1.05351166159e-12, 5.1784038212e-13, 1.56331761772e-13, 1.854588633e-14], "dvar2": [0.199059829116, 12.5666017532, 137.149505615, 253.077423096, 303.322814941, 126.863815308, 136.370483398, 707.025634766, 361.854064941, 109.303710938, 593.186828613, 412.94354248, 2485.19580078, 3771.53979492, 3305.27172852, 6490.17529297, 4502.44238281, 3346.1340332, 6333.46826172, 6294.07373047, 5176.08691406, 1403.8470459, 2038.56689453, 2759.52099609, 515.450622559, 377.075378418, 72.4877929688, 51.2664413452, 25.2690010071, 25.5395202637, 33.2645568848, 34.2408180237, 18.8278141022, 14.3730077744, 5.97710132599, 2.15932488441, 0.261496543884, 0.00640359474346, 0.000435100693721, 3.16175010084e-06], "dvar": [0.0812072530389, 4.53789663315, 46.9918823242, 92.1542816162, 123.52557373, 51.9446716309, 55.7087669373, 274.043365479, 141.691696167, 47.3031082153, 260.637512207, 169.004440308, 1053.28417969, 1866.39208984, 1612.15612793, 2870.28295898, 2230.62988281, 1730.92675781, 2912.62133789, 2853.3828125, 2442.81298828, 737.950134277, 989.053527832, 1402.38659668, 250.360458374, 178.016387939, 31.8995609283, 23.9155769348, 12.2169408798, 12.661649704, 16.6396522522, 16.450717926, 9.67332839966, 7.48658657074, 3.24974966049, 1.15247309208, 0.134801894426, 0.00388061651029, 0.000252912024735, 1.77638264631e-06], "dmean": [0.111410528421, 0.855451285839, 2.71319079399, 3.88934135437, 4.58436155319, 3.49542093277, 3.75935840607, 6.70075559616, 4.64976358414, 3.245875597, 5.40786075592, 4.17843770981, 7.19259166718, 11.0547227859, 10.2133588791, 16.2192211151, 14.1613178253, 13.552936554, 19.5499897003, 16.9827232361, 17.7808113098, 11.1482639313, 14.3158588409, 15.3216905594, 7.59706640244, 6.08996391296, 2.52680969238, 2.07346367836, 1.4864795208, 1.57137989998, 1.83092784882, 1.7397531271, 1.3779116869, 1.19172275066, 0.766395509243, 0.431886672974, 0.128334626555, 0.022166730836, 0.00579171860591, 0.000515512889251], "max": [3.44555091858, 21.1264648438, 75.7427215576, 117.84552002, 245.31288147, 134.855712891, 142.861114502, 314.435058594, 219.134597778, 214.517425537, 510.045318604, 357.072662354, 1166.51464844, 1751.60742188, 1255.67797852, 1493.95959473, 1782.90307617, 1079.91174316, 1253.5748291, 1297.72827148, 1339.1418457, 779.776245117, 722.647155762, 838.604797363, 320.963134766, 340.900817871, 132.325164795, 103.03565979, 100.698143005, 81.3982620239, 91.7032928467, 103.490982056, 89.2392272949, 51.9812507629, 38.526058197, 27.5515041351, 14.695567131, 3.24700021744, 0.587696433067, 0.0351174734533], "var": [0.0766874030232, 3.58641123772, 39.6783409119, 77.2197341919, 231.264541626, 86.5402832031, 107.027580261, 315.936767578, 165.718154907, 95.8211975098, 421.389312744, 226.728408813, 1480.2019043, 4691.80371094, 5957.93457031, 8560.51464844, 10416.4394531, 4482.52587891, 7080.62597656, 5696.05273438, 6687.46582031, 2742.33569336, 3692.12695313, 5236.15869141, 1019.49468994, 521.575805664, 66.1655502319, 46.5618553162, 25.6216964722, 27.0176315308, 34.9136238098, 31.7204456329, 19.5615711212, 14.0859136581, 6.41460132599, 2.19444656372, 0.263413280249, 0.00862440932542, 0.000461893476313, 2.92784761768e-06], "mean": [0.112359322608, 0.904525279999, 3.07361650467, 4.78596687317, 6.96914100647, 5.66019392014, 6.69009590149, 9.12864685059, 6.68762493134, 5.46611595154, 8.30133342743, 6.31191968918, 10.9871110916, 18.8590373993, 20.0344028473, 31.7318439484, 30.5822925568, 23.5462779999, 33.9961738586, 28.1768226624, 32.2536354065, 23.3820590973, 30.8553848267, 33.3262863159, 17.0790691376, 11.9521255493, 4.24590492249, 3.02687215805, 2.13600897789, 2.27031683922, 2.57259535789, 2.33017992973, 1.87653160095, 1.57064270973, 0.99735045433, 0.553549230099, 0.165374726057, 0.0296965353191, 0.00696745654568, 0.000585810630582]}, "spectral_strongpeak": {"dmean2": 1.09137785435, "median": 0.29947924614, "min": 0, "dvar2": 4.03307580948, "dvar": 1.68713235855, "dmean": 0.65031516552, "max": 14.6657714844, "var": 3.44040513039, "mean": 1.06154954433}, "spectral_energy": {"dmean2": 0.0139327859506, "median": 0.011543571949, "min": 4.53357402007e-15, "dvar2": 0.000838082749397, "dvar": 0.000338405952789, "dmean": 0.0093787573278, "max": 0.180314019322, "var": 0.000499077315908, "mean": 0.0190841853619}, "average_loudness": 0.832655489445, "spectral_rolloff": {"dmean2": 937.358581543, "median": 1184.32617188, "min": 86.1328125, "dvar2": 2905470.5, "dvar": 1180967.625, "dmean": 547.985412598, "max": 19789.0136719, "var": 2272921.25, "mean": 1502.23779297}, "spectral_centroid": {"dmean2": 388.551483154, "median": 1280.69165039, "min": 147.781585693, "dvar2": 183698.078125, "dvar": 84651.921875, "dmean": 260.720214844, "max": 4931.87841797, "var": 578725.5625, "mean": 1365.16638184}, "pitch_salience": {"dmean2": 0.116604208946, "median": 0.54296207428, "min": 0.110771261156, "dvar2": 0.00990975368768, "dvar": 0.00390317919664, "dmean": 0.0728206932545, "max": 0.949860453606, "var": 0.0103658270091, "mean": 0.541091561317}, "spectral_energyband_middle_high": {"dmean2": 0.00262319366448, "median": 0.0014557573013, "min": 8.86795797232e-16, "dvar2": 2.03127056011e-05, "dvar": 1.10654818855e-05, "dmean": 0.00187387643382, "max": 0.0511476695538, "var": 6.33485105936e-05, "mean": 0.00558996247128}, "spectral_contrast_coeffs": {"dmean2": [0.0809786990285, 0.0741646811366, 0.0566882640123, 0.051169808954, 0.0386752821505, 0.0313224382699], "median": [-0.673454165459, -0.749294519424, -0.799435973167, -0.773317098618, -0.785173416138, -0.815609574318], "min": [-0.943735539913, -0.965412080288, -0.977500855923, -0.960214316845, -0.965910255909, -0.920793712139], "dvar2": [0.00429866835475, 0.00381870265119, 0.00218134513125, 0.00185713381507, 0.00105130393058, 0.00111521966755], "dvar": [0.00158479169477, 0.00148967595305, 0.000965622311924, 0.000867676804774, 0.000546345603652, 0.000479658076074], "dmean": [0.0488216988742, 0.0454648956656, 0.0357324145734, 0.033056423068, 0.0257399175316, 0.0200722832233], "max": [-0.328874915838, -0.462577968836, -0.47100764513, -0.493660151958, -0.506689548492, -0.592609882355], "var": [0.00516424002126, 0.00448161410168, 0.00570486299694, 0.00576733611524, 0.00590893020853, 0.00159868889023], "mean": [-0.667942464352, -0.745427966118, -0.782671689987, -0.759222447872, -0.766368210316, -0.808873414993]}, "melbands_skewness": {"dmean2": 1.40729629993, "median": 2.66209721565, "min": -1.39702498913, "dvar2": 2.3965613842, "dvar": 1.02292609215, "dmean": 0.924834549427, "max": 14.9165592194, "var": 4.53393411636, "mean": 2.91995215416}, "spectral_spread": {"dmean2": 1166187.125, "median": 3865781.75, "min": 1473903.25, "dvar2": 2369187741700.0, "dvar": 1488636739580.0, "dmean": 968278.3125, "max": 16671753, "var": 6259467091970.0, "mean": 4748870.5}, "dissonance": {"dmean2": 0.0268064811826, "median": 0.47549700737, "min": 0.160960078239, "dvar2": 0.000786282878835, "dvar": 0.000309184804792, "dmean": 0.0160361211747, "max": 0.500000119209, "var": 0.000705098209437, "mean": 0.468743354082}, "spectral_skewness": {"dmean2": 0.453988999128, "median": 1.66489207745, "min": -0.0669868513942, "dvar2": 0.237931758165, "dvar": 0.0962699428201, "dmean": 0.300415694714, "max": 5.61177873611, "var": 0.35240650177, "mean": 1.7420591116}, "spectral_flux": {"dmean2": 0.0375092662871, "median": 0.0571682825685, "min": 9.04722128325e-06, "dvar2": 0.00223506242037, "dvar": 0.00120017875452, "dmean": 0.0258702486753, "max": 0.384852409363, "var": 0.0032362465281, "mean": 0.0723411515355}, "spectral_contrast_valleys": {"dmean2": [0.698634326458, 0.578125715256, 0.511598050594, 0.491893351078, 0.427728503942, 0.560209333897], "median": [-7.27541446686, -7.2208366394, -7.82350921631, -8.11697864532, -8.06063270569, -10.651473999], "min":