{"tonal": {"thpcp": [1, 0.739137113094, 0.534851074219, 0.547151446342, 0.384625315666, 0.277260035276, 0.280151754618, 0.290882736444, 0.368031531572, 0.562338113785, 0.579738438129, 0.453724771738, 0.406896233559, 0.372203886509, 0.341310411692, 0.332222610712, 0.389191657305, 0.429976582527, 0.515648186207, 0.6032102108, 0.610803961754, 0.687839627266, 0.671153962612, 0.51680803299, 0.504630625248, 0.695773661137, 0.623565495014, 0.361489444971, 0.296406835318, 0.2759591043, 0.31911945343, 0.683130860329, 0.936463534832, 0.609759032726, 0.296855181456, 0.620572686195], "hpcp": {"dmean2": [0.189889654517, 0.187156125903, 0.181023478508, 0.175641030073, 0.185344785452, 0.201845139265, 0.245515480638, 0.292170882225, 0.330812960863, 0.327310353518, 0.323874741793, 0.314240694046, 0.272440701723, 0.29132822156, 0.259874820709, 0.166171878576, 0.142437279224, 0.136787593365, 0.161804795265, 0.249009996653, 0.262023955584, 0.232767015696, 0.156803116202, 0.200447455049, 0.296517878771, 0.236987918615, 0.198931723833, 0.208179920912, 0.169641181827, 0.144501015544, 0.157273486257, 0.162000611424, 0.179366961122, 0.228294506669, 0.228827625513, 0.205109849572], "median": [0.0437858812511, 0.0399399138987, 0.0313099846244, 0.0321621820331, 0.0473306849599, 0.0623114928603, 0.0792744979262, 0.0888059362769, 0.0895632132888, 0.0893773213029, 0.0922223180532, 0.0654667764902, 0.0709075555205, 0.0799509584904, 0.0836812630296, 0.0572585128248, 0.0380586497486, 0.0306474082172, 0.0436741411686, 0.130886539817, 0.179125636816, 0.119901292026, 0.0439599342644, 0.0803893059492, 0.0913617685437, 0.140866011381, 0.0862018167973, 0.0805822834373, 0.0571649633348, 0.0423207692802, 0.039307244122, 0.0431655719876, 0.0637981668115, 0.0812595561147, 0.0791445448995, 0.0587636530399], "min": [0, 0, 0, 0, 0, 0, 0, 0, 0, 0, 0, 0, 0, 0, 0, 0, 0, 0, 0, 0, 0, 0, 0, 0, 0, 0, 0, 0, 0, 0, 0, 0, 0, 0, 0, 0], "dvar2": [0.089154496789, 0.0954650640488, 0.0936550796032, 0.0865354314446, 0.07579664886, 0.0873061791062, 0.108517281711, 0.135752141476, 0.167385727167, 0.163706421852, 0.152853548527, 0.169728547335, 0.130871132016, 0.16161878407, 0.122859053314, 0.0716245621443, 0.0609813816845, 0.0569486804307, 0.0564465783536, 0.0859335586429, 0.0942869409919, 0.0696355849504, 0.0583029054105, 0.0710954666138, 0.176584199071, 0.0867670476437, 0.0700985863805, 0.0794322192669, 0.0560429282486, 0.0468160994351, 0.0619675144553, 0.0629065260291, 0.0617607831955, 0.0930007621646, 0.0944355949759, 0.0904630795121], "dvar": [0.03289443627, 0.0339121930301, 0.0330928601325, 0.0310488380492, 0.0280767157674, 0.0316215455532, 0.0386569686234, 0.0493965260684, 0.0595935508609, 0.0601167529821, 0.0554346367717, 0.0594604462385, 0.0466662496328, 0.0604560412467, 0.0463165678084, 0.0255927741528, 0.0219233650714, 0.0209312736988, 0.0206653866917, 0.0316854268312, 0.0370837599039, 0.0257535725832, 0.020806433633, 0.0264639556408, 0.0674471110106, 0.0319560803473, 0.0262351706624, 0.0297150909901, 0.0209799483418, 0.0168337579817, 0.0217090956867, 0.022292394191, 0.0221167653799, 0.0351037420332, 0.0357430577278, 0.0325410217047], "dmean": [0.108049668372, 0.106041841209, 0.102329224348, 0.0997444838285, 0.107198081911, 0.116635657847, 0.13925690949, 0.16379982233, 0.186510577798, 0.184095755219, 0.18395717442, 0.17477683723, 0.151368007064, 0.161215186119, 0.150331482291, 0.0936591774225, 0.0801822170615, 0.0767690390348, 0.0918530449271, 0.1462983042, 0.154229149222, 0.13547681272, 0.0883049294353, 0.113974884152, 0.164548769593, 0.135363385081, 0.115446992218, 0.120526760817, 0.0972137004137, 0.0814737528563, 0.0873557552695, 0.0907210037112, 0.102140873671, 0.132449612021, 0.132913246751, 0.117123633623], "max": [1, 1, 1, 1, 1, 1, 1, 1, 1, 1, 1, 1, 1, 1, 1, 1, 1, 1, 1, 1, 1, 1, 1, 1, 1, 1, 1, 1, 1, 1, 1, 1, 1, 1, 1, 1], "var": [0.049809537828, 0.043662134558, 0.0408527217805, 0.0385633073747, 0.040576428175, 0.0421515740454, 0.0522001199424, 0.0690890699625, 0.0687674731016, 0.0904702842236, 0.082725957036, 0.0632383301854, 0.0545419640839, 0.103804968297, 0.0800180956721, 0.034229747951, 0.0315813682973, 0.0311500299722, 0.0299411565065, 0.0628636628389, 0.110979601741, 0.0501392558217, 0.0229205805808, 0.054164711386, 0.159872382879, 0.0636184960604, 0.0534814447165, 0.0620121508837, 0.0328393988311, 0.0198456868529, 0.0225914344192, 0.0233450718224, 0.026856712997, 0.0617542676628, 0.0665848180652, 0.0493367724121], "mean": [0.138879671693, 0.127038657665, 0.116494260728, 0.113392457366, 0.132836833596, 0.146757334471, 0.175998315215, 0.205884516239, 0.208476364613, 0.234769776464, 0.229074716568, 0.176394179463, 0.172237858176, 0.237477779388, 0.212832063437, 0.123381666839, 0.101168006659, 0.0941888988018, 0.108920156956, 0.233162596822, 0.31962877512, 0.208119720221, 0.101321041584, 0.211810573936, 0.341314703226, 0.252278357744, 0.182552531362, 0.18675082922, 0.131278276443, 0.0946329310536, 0.0956199169159, 0.0992825552821, 0.125614568591, 0.191934272647, 0.19787324965, 0.154862940311]}, "tuning_equal_tempered_deviation": 0.265455901623, "chords_changes_rate": 0.073569484055, "key_key": "F", "tuning_diatonic_strength": 0.356439232826, "key_scale": "minor", "chords_number_rate": 0.00217983662151, "tuning_frequency": 434.193115234, "tuning_nontempered_energy_ratio": 0.867034375668, "chords_histogram": [14.7865581512, 6.88465023041, 2.41598558426, 0, 0.635785639286, 2.83378744125, 0.690281569958, 17.5658493042, 4.17802000046, 0.853769302368, 0, 0.181653037667, 0.399636685848, 0, 0, 0.16348773241, 2.83378744125, 2.59763860703, 10.4632148743, 8.59218883514, 0.345140784979, 0.526793837547, 7.32061767578, 15.7311534882], "key_strength": 0.420350164175, "chords_key": "F", "chords_strength": {"dmean2": 0.0117084430531, "median": 0.473440736532, "min": 0.210867345333, "dvar2": 0.000132073284476, "dvar": 8.11122154118e-05, "dmean": 0.00981964729726, "max": 0.800494015217, "var": 0.00860581267625, "mean": 0.480032116175}, "chords_scale": "major", "hpcp_entropy": {"dmean2": 1.11630308628, "median": 2.62249445915, "min": 0, "dvar2": 0.844928979874, "dvar": 0.309527993202, "dmean": 0.650454878807, "max": 4.79294586182, "var": 0.800416231155, "mean": 2.56852650642}}, "metadata": {"audio_properties": {"equal_loudness": 0, "codec": "mp3", "downmix": "mix", "sample_rate": 44100, "analysis_sample_rate": 44100, "bit_rate": 205067, "md5_encoded": "4995164f8a877b67530488af902fe7e1", "length": 255.582046509, "replay_gain": 2.22564888, "lossless": false}, "version": {"essentia_build_sha": "e76a03f03bb3900de42a1fa0d9be1e72f12def64", "essentia": "2.1-beta1", "extractor": "music 1.0", "essentia_git_sha": "v2.1_beta1-28-g21ef5f4-dirty"}, "tags": {"title": ["Last Days Campaign"], "replaygain_album_gain": ["+0.12 dB"], "albumartist": ["This Is Hell"], "file_name": "13 - This Is Hell - Last Days Campaign.mp3", "replaygain_track_peak": ["0.286509"], "replaygain_track_gain": ["+1.66 dB"], "musicbrainz_recordingid": ["047bb423-2bc3-44a6-9589-b6a0ded241ed"], "musicbrainz_albumartistid": ["48e52efa-e3b9-4e3d-9f20-d408a4b78421"], "musicbrainz_albumid": ["43fc9060-aedf-4dfb-92d2-aaafd574b512"], "artist": ["This Is Hell"], "tracknumber": ["13/14"], "replaygain_album_peak": ["0.315100"], "album": ["Misfortunes"], "discnumber": ["1/1"], "musicbrainz_artistid": ["48e52efa-e3b9-4e3d-9f20-d408a4b78421"], "musicbrainz_releasegroupid": ["8ddd4170-6f1c-3bcb-9b11-78d6c35a5691"]}}, "rhythm": {"bpm_histogram_first_peak_bpm": {"dmean2": 0, "median": 136, "min": 136, "dvar2": 0, "dvar": 0, "dmean": 0, "max": 136, "var": 0, "mean": 136}, "bpm": 135.282226562, "bpm_histogram_second_peak_spread": {"dmean2": 0, "median": 0.295454531908, "min": 0.295454531908, "dvar2": 0, "dvar": 0, "dmean": 0, "max": 0.295454531908, "var": 0, "mean": 0.295454531908}, "bpm_histogram_first_peak_weight": {"dmean2": 0, "median": 0.493870407343, "min": 0.493870407343, "dvar2": 0, "dvar": 0, "dmean": 0, "max": 0.493870407343, "var": 0, "mean": 0.493870407343}, "onset_rate": 1.60019624233, "beats_position": [0.429569154978, 0.870748281479, 1.3235373497, 1.77632653713, 2.22911548615, 2.68190479279, 3.14630389214, 3.61070299149, 4.07510185242, 4.55111122131, 5.01551008224, 5.47990942001, 5.94430828094, 6.39709758759, 6.84988641739, 7.2910656929, 7.72063493729, 8.16181373596, 8.60299301147, 9.05578231812, 9.50857162476, 9.96135997772, 10.4025392532, 10.8437185287, 11.2848978043, 11.7260770798, 12.1672563553, 12.6084346771, 13.0612239838, 13.5140132904, 13.966802597, 14.4312019348, 14.8723802567, 15.3135595322, 15.7547388077, 16.2075271606, 16.6487064362, 17.0898857117, 17.5310649872, 17.9722442627, 18.4134235382, 18.8546028137, 19.2957820892, 19.7369613647, 20.1781406403, 20.6193199158, 21.0604991913, 21.5016784668, 21.942855835, 22.3840351105, 22.825214386, 23.2663936615, 23.707572937, 24.1603622437, 24.6131515503, 25.0659408569, 25.5187301636, 25.9599094391, 26.4010887146, 26.8422679901, 27.2834453583, 27.7246246338, 28.1774139404, 28.6185932159, 29.0713825226, 29.5241718292, 29.9653511047, 30.4065303802, 30.8593196869, 31.3004989624, 31.7416782379, 32.1944656372, 32.6356468201, 33.0884361267, 33.5296134949, 33.9707946777, 34.4119720459, 34.8531494141, 35.2943305969, 35.7355079651, 36.1766891479, 36.6178665161, 37.059047699, 37.5118370056, 37.9646263123, 38.4058036804, 38.8469848633, 39.2881622314, 39.7409515381, 40.1937408447, 40.6349182129, 41.0760993958, 41.5172767639, 41.9584579468, 42.3996353149, 42.8408164978, 43.2936058044, 43.7347831726, 44.1759643555, 44.6287536621, 45.0699310303, 45.5111083984, 45.9522895813, 46.3934669495, 46.8462562561, 47.2990455627, 47.7402267456, 48.1814041138, 48.6225852966, 49.0637626648, 49.5049438477, 49.9461212158, 50.3989105225, 50.8516998291, 51.3044891357, 51.7456665039, 52.1868476868, 52.6280250549, 53.0692062378, 53.510383606, 53.9515647888, 54.4043540955, 54.8455314636, 55.2867126465, 55.7278900146, 56.1690673828, 56.6218566895, 57.0746459961, 57.515827179, 57.9570045471, 58.39818573, 58.8393630981, 59.280544281, 59.7217216492, 60.1745109558, 60.6156921387, 61.0568695068, 61.5096588135, 61.9508361816, 62.3920173645, 62.8331947327, 63.2743759155, 63.7271652222, 64.1799545288, 64.621131897, 65.0739212036, 65.5150985718, 65.9562835693, 66.3974609375, 66.8386383057, 67.2914276123, 67.7326049805, 68.1737823486, 68.6149673462, 69.0561447144, 69.4973220825, 69.9384994507, 70.3912887573, 70.8324737549, 71.2852630615, 71.7380523682, 72.1908340454, 72.632019043, 73.0848083496, 73.5259857178, 73.9787750244, 74.4315643311, 74.8843536377, 75.3255310059, 75.766708374, 76.2078933716, 76.6490707397, 77.0902481079, 77.5198135376, 77.9609985352, 78.4137878418, 78.85496521, 79.2961425781, 79.7373199463, 80.1785049438, 80.6312942505, 81.0840835571, 81.5368728638, 81.9780502319, 82.4308395386, 82.8720169067, 83.3015823364, 83.742767334, 84.1839447021, 84.6135101318, 85.0546951294, 85.4958724976, 85.9370498657, 86.3782272339, 86.8194122314, 87.2722015381, 87.7249908447, 88.1661682129, 88.6189575195, 89.0717468262, 89.5129241943, 89.9541015625, 90.3952789307, 90.8364639282, 91.2776412964, 91.7188186646, 92.1599960327, 92.6011810303, 93.0539703369, 93.5067520142, 93.9479370117, 94.3891143799, 94.830291748, 95.2714691162, 95.7126541138, 96.1538314819, 96.5950088501, 97.0477981567, 97.4889755249, 97.9417648315, 98.3829498291, 98.8241271973, 99.2653045654, 99.7064819336, 100.15927124, 100.600448608, 101.041633606, 101.482810974, 101.935600281, 102.376777649, 102.817955017, 103.259140015, 103.711929321, 104.164710999, 104.617500305, 105.058685303, 105.499862671, 105.941040039, 106.382217407, 106.823402405, 107.276191711, 107.71736908, 108.158546448, 108.611335754, 109.052513123, 109.505302429, 109.946479797, 110.387664795, 110.840454102, 111.28163147, 111.722808838, 112.163986206, 112.616775513, 113.069564819, 113.522354126, 113.963539124, 114.404716492, 114.84589386, 115.287071228, 115.728248596, 116.169433594, 116.610610962, 117.05178833, 117.492965698, 117.945755005, 118.398544312, 118.839729309, 119.280906677, 119.722084045, 120.163261414, 120.604438782, 121.045623779, 121.498413086, 121.939590454, 122.380767822, 122.82194519, 123.274734497, 123.715919495, 124.168708801, 124.621498108, 125.062675476, 125.503852844, 125.968254089, 126.409431458, 126.850608826, 127.291786194, 127.721359253, 128.17414856, 128.615325928, 129.056503296, 129.497680664, 129.938858032, 130.3800354, 130.844436646, 131.285614014, 131.726806641, 132.179595947, 132.620773315, 133.061950684, 133.503128052, 133.932693481, 134.385482788, 134.838272095, 135.279449463, 135.743850708, 136.196640015, 136.649429321, 137.090606689, 137.531784058, 137.972961426, 138.425750732, 138.890151978, 139.342941284, 139.784118652, 140.225296021, 140.654876709, 141.096054077, 141.525619507, 141.966796875, 142.407974243, 142.849151611, 143.2787323, 143.719909668, 144.149475098, 144.590652466, 145.020217896, 145.449798584, 145.890975952, 146.33215332, 146.784942627, 147.237731934, 147.69052124, 148.143310547, 148.596099854, 149.037277222, 149.490066528, 149.942855835, 150.384033203, 150.825210571, 151.254776001, 151.684356689, 152.113922119, 152.555099487, 152.996276855, 153.449066162, 153.913467407, 154.366256714, 154.830657959, 155.295059204, 155.759460449, 156.212234497, 156.665023804, 157.11781311, 157.547393799, 157.976959229, 158.406524658, 158.847702026, 159.288879395, 159.730072021, 160.159637451, 160.600814819, 161.041992188, 161.471557617, 161.901138306, 162.330703735, 162.760269165, 163.178222656, 163.607803345, 164.025756836, 164.443710327, 164.873291016, 165.291244507, 165.709197998, 166.11555481, 166.533508301, 166.951477051, 167.38104248, 167.798995972, 168.216964722, 168.634918213, 169.052871704, 169.470840454, 169.888793945, 170.306747437, 170.724716187, 171.142669678, 171.560638428, 171.990203857, 172.408157349, 172.826126099, 173.232467651, 173.638824463, 174.056777954, 174.486343384, 174.904312134, 175.333877563, 175.751831055, 176.169799805, 176.599365234, 177.017318726, 177.435287476, 177.864852905, 178.294418335, 178.735595703, 179.176773071, 179.617950439, 180.070739746, 180.511917114, 180.964706421, 181.417495728, 181.858688354, 182.299865723, 182.741043091, 183.182220459, 183.623397827, 184.064575195, 184.505752563, 184.95854187, 185.411331177, 185.840896606, 186.282089233, 186.723266602, 187.16444397, 187.594009399, 188.023574829, 188.453155518, 188.894332886, 189.335510254, 189.776687622, 190.206253052, 190.659042358, 191.111831665, 191.564620972, 192.017410278, 192.470199585, 192.911376953, 193.352554321, 193.805343628, 194.258132935, 194.699310303, 195.140487671, 195.593276978, 196.046066284, 196.487258911, 196.928436279, 197.381225586, 197.822402954, 198.263580322, 198.70475769, 199.145935059, 199.587112427, 200.028289795, 200.469467163, 200.91065979, 201.363449097, 201.804626465, 202.245803833, 202.686981201, 203.128158569, 203.569335938, 204.022125244, 204.486526489, 204.950927734, 205.450149536, 205.949386597, 206.448608398, 206.924621582, 207.400634766, 207.87663269, 208.341033936, 208.793823242, 209.246612549, 209.699401855, 210.152191162, 210.604980469, 211.057769775, 211.498947144, 211.95173645, 212.416137695, 212.868927002, 213.31010437, 213.751281738, 214.169250488, 214.598815918, 215.016769409, 215.434738159, 215.875915527, 216.317092896, 216.758270264, 217.21105957, 217.652236938, 218.105026245, 218.557815552, 219.010604858, 219.451782227, 219.892959595, 220.334152222, 220.77532959, 221.216506958, 221.669296265, 222.122085571, 222.574874878, 223.050872803, 223.526885986, 224.014511108, 224.467300415, 224.920089722, 225.372879028, 225.825668335, 226.266845703, 226.696411133, 227.137588501, 227.578765869, 228.019943237, 228.461135864, 228.902313232, 229.343490601, 229.784667969, 230.214233398, 230.655410767, 231.096588135, 231.526168823, 232.013778687, 232.501403809, 232.989013672, 233.476638794, 233.964263916, 234.451873779, 234.939498901, 235.438720703, 235.937957764, 236.437179565, 236.936416626, 237.424026489, 237.911651611, 238.399276733, 238.875274658, 239.36289978, 239.850509644, 240.338134766, 240.837371826, 241.324981689, 241.812606812, 242.311828613, 242.811065674, 243.298675537, 243.786300659, 244.273925781, 244.749923706, 245.249160767, 245.748382568, 246.259231567, 246.746841431, 247.234466553, 247.733688354, 248.221313477, 248.70892334, 249.184936523, 249.660949707, 250.078903198, 250.496871948, 250.914825439, 251.321166992, 251.727523804, 252.133865356, 252.540222168, 252.946563721, 253.352920532, 253.759277344, 254.165618896, 254.571975708, 254.978317261], "beats_loudness": {"dmean2": 0.0195389874279, "median": 0.0321274772286, "min": 1.04748609786e-09, "dvar2": 0.000690941524226, "dvar": 0.000244490453042, "dmean": 0.0113419899717, "max": 0.157999709249, "var": 0.00131628115196, "mean": 0.0382913537323}, "danceability": 0.974368095398, "bpm_histogram_second_peak_weight": {"dmean2": 0, "median": 0.0542907193303, "min": 0.0542907193303, "dvar2": 0, "dvar": 0, "dmean": 0, "max": 0.0542907193303, "var": 0, "mean": 0.0542907193303}, "beats_count": 572, "bpm_histogram_second_peak_bpm": {"dmean2": 0, "median": 144, "min": 144, "dvar2": 0, "dvar": 0, "dmean": 0, "max": 144, "var": 0, "mean": 144}, "bpm_histogram_first_peak_spread": {"dmean2": 0, "median": 0.388286322355, "min": 0.388286322355, "dvar2": 0, "dvar": 0, "dmean": 0, "max": 0.388286322355, "var": 0, "mean": 0.388286322355}, "beats_loudness_band_ratio": {"dmean2": [0.213985398412, 0.180155113339, 0.162222713232, 0.122521474957, 0.0360805690289, 0.0933085307479], "median": [0.285968184471, 0.102395802736, 0.108443424106, 0.0926016569138, 0.03043894656, 0.12429150939], "min": [0.00417761830613, 0.00542469136417, 0.00499922363088, 0.000699029129464, 0.000193945190404, 0.00286332750693], "dvar2": [0.0373528338969, 0.0551641769707, 0.0262429006398, 0.0147106386721, 0.00178435142152, 0.0188619717956], "dvar": [0.0141974752769, 0.0202656704932, 0.00977550446987, 0.00525705004111, 0.000669208995532, 0.00697010615841], "dmean": [0.129482895136, 0.102627150714, 0.0948693975806, 0.0711587518454, 0.0213031005114, 0.0539369396865], "max": [0.860073447227, 0.96403336525, 0.781476855278, 0.60524636507, 0.21726487577, 0.885086238384], "var": [0.0399156324565, 0.070316709578, 0.0188700910658, 0.00797957833856, 0.0015858419938, 0.0265727303922], "mean": [0.307968527079, 0.228962287307, 0.151247337461, 0.115407928824, 0.0420028194785, 0.163495376706]}}, "lowlevel": {"barkbands_spread": {"dmean2": 8.64542865753, "median": 19.2055778503, "min": 1.39382445812, "dvar2": 118.740852356, "dvar": 47.0800666809, "dmean": 5.30505418777, "max": 87.1443710327, "var": 350.42010498, "mean": 24.8443260193}, "melbands_spread": {"dmean2": 8.52678871155, "median": 15.2866487503, "min": 1.07012975216, "dvar2": 235.378768921, "dvar": 94.9590530396, "dmean": 5.15870523453, "max": 156.434280396, "var": 593.754150391, "mean": 21.1600017548}, "hfc": {"dmean2": 62.4570388794, "median": 106.324813843, "min": 5.92633608854e-10, "dvar2": 9185.25976562, "dvar": 3306.73266602, "dmean": 37.0789070129, "max": 1003.97491455, "var": 35440.4375, "mean": 172.803543091}, "barkbands_kurtosis": {"dmean2": 5.60975456238, "median": 3.62133598328, "min": -1.64283704758, "dvar2": 84.1494522095, "dvar": 39.6870422363, "dmean": 3.53663635254, "max": 126.904251099, "var": 152.251754761, "mean": 8.11375427246}, "gfcc": {"mean": [-53.4453353882, 102.948913574, -89.434387207, -12.6803417206, -24.914691925, -7.10218715668, -9.16395759583, -17.3473815918, -1.31369173527, -3.10248303413, -1.08468818665, 0.301006495953, -6.1233420372], "icov": [[0.000164072625921, -0.000144406745676, 0.000191880346392, -0.000384522863897, -5.0169746828e-05, 0.000124668702483, -0.000276087084785, -2.06319309655e-05, -0.000139033349114, 0.000255593826296, -0.000538916850928, 0.000378115451895, -0.000153383341967], [-0.000144406745676, 0.00226459698752, -0.00216480810195, 0.00329624838196, 0.000380977406166, 0.00104643614031, -0.00156620913185, 0.00239967880771, 4.18331046603e-06, 3.58542602044e-05, -0.00123512232676, 0.00304885162041, -0.00207808869891], [0.000191880346392, -0.00216480810195, 0.0054639079608, -0.0043068099767, 0.000435753259808, -0.00330632948317, 0.0034277534578, -0.0029323049821, 0.000213162376895, 0.000847374729346, -0.00189363025129, 0.00063186296029, 0.000690612476319], [-0.000384522863897, 0.00329624838196, -0.0043068099767, 0.0111282821745, -0.00398269621655, 0.00549699319527, -0.00449725566432, 0.00198007980362, 0.00556583376601, -0.00694173201919, 0.00796572305262, -0.00639718770981, 0.00500423042104], [-5.0169746828e-05, 0.000380977406166, 0.000435753259808, -0.00398269621655, 0.00956651754677, -0.00448650214821, -0.00033661571797, 0.0025131420698, -0.00786510389298, 0.0127338506281, -0.0143108908087, 0.0139674656093, -0.00957999844104], [0.000124668702483, 0.00104643614031, -0.00330632948317, 0.00549699319527, -0.00448650214821, 0.0137931229547, -0.00254067219794, -0.0027038352564, 0.00643004104495, -0.00744258938357, 0.00899928435683, -0.00781563762575, 0.00299659580924], [-0.000276087084785, -0.00156620913185, 0.0034277534578, -0.00449725566432, -0.00033661571797, -0.00254067219794, 0.0130132427439, -0.00619045970961, -0.00657398207113, 0.00794093310833, -0.00586351100355, -0.00173162447754, 0.00253043416888], [-2.06319309655e-05, 0.00239967880771, -0.0029323049821, 0.00198007980362, 0.0025131420698, -0.0027038352564, -0.00619045970961, 0.0156137030572, -0.00305935437791, -0.00408490141854, -0.000327496294631, 0.0101509708911, -0.00819410569966], [-0.000139033349114, 4.18331046603e-06, 0.000213162376895, 0.00556583376601, -0.00786510389298, 0.00643004104495, -0.00657398207113, -0.00305935437791, 0.0217938479036, -0.0182412527502, 0.0120742665604, -0.00772622320801, 0.00717336917296], [0.000255593826296, 3.58542602044e-05, 0.000847374729346, -0.00694173201919, 0.0127338506281, -0.00744258938357, 0.00794093310833, -0.00408490141854, -0.0182412527502, 0.0472258962691, -0.0350576788187, 0.0180159881711, -0.00678679579869], [-0.000538916850928, -0.00123512232676, -0.00189363025129, 0.00796572305262, -0.0143108908087, 0.00899928435683, -0.00586351100355, -0.000327496294631, 0.0120742665604, -0.0350576788187, 0.0585550032556, -0.0361608229578, 0.00767896790057], [0.000378115451895, 0.00304885162041, 0.00063186296029, -0.00639718770981, 0.0139674656093, -0.00781563762575, -0.00173162447754, 0.0101509708911, -0.00772622320801, 0.0180159881711, -0.0361608229578, 0.0531091466546, -0.0202725417912], [-0.000153383341967, -0.00207808869891, 0.000690612476319, 0.00500423042104, -0.00957999844104, 0.00299659580924, 0.00253043416888, -0.00819410569966, 0.00717336917296, -0.00678679579869, 0.00767896790057, -0.0202725417912, 0.0297330934554]], "cov": [[16676.5273438, 482.26461792, -1355.17126465, 553.670532227, 2236.61767578, -611.775390625, 1760.33996582, 256.992523193, 1032.43603516, -130.580322266, 463.546386719, -114.91444397, 284.373291016], [482.26461792, 2105.0847168, 309.581573486, -707.793395996, 141.11656189, 46.8967132568, -50.3964691162, -17.1377487183, 67.7545547485, 19.2555656433, 82.7868347168, -107.614608765, 195.151672363], [-1355.17126465, 309.581573486, 557.631164551, -49.5065689087, -225.312454224, 130.501983643, -244.815032959, 4.50552129745, -149.692276001, 29.4083900452, -39.2497024536, -13.3035335541, -9.75168132782], [553.670532227, -707.793395996, -49.5065689087, 459.862731934, 56.8329429626, -68.7451171875, 98.9669952393, -15.4938287735, -13.2853736877, -21.1720237732, -16.4300518036, 36.1608009338, -83.0415344238], [2236.61767578, 141.11656189, -225.312454224, 56.8329429626, 718.278625488, -51.9652442932, 359.319824219, 76.8129501343, 240.895462036, -50.0662918091, 105.195869446, -45.9845924377, 116.256797791], [-611.775390625, 46.8967132568, 130.501983643, -68.7451171875, -51.9652442932, 149.07862854, -63.9449234009, 32.1142158508, -49.3784294128, 11.6553602219, -16.651720047, 0.780092775822, 10.5910463333], [1760.33996582, -50.3964691162, -244.815032959, 98.9669952393, 359.319824219, -63.9449234009, 381.843109131, 93.8570175171, 197.758407593, -18.1355743408, 67.7863388062, -10.2045087814, 33.860118866], [256.992523193, -17.1377487183, 4.50552129745, -15.4938287735, 76.8129501343, 32.1142158508, 93.8570175171, 152.845993042, 73.035118103, 27.6494445801, 10.3129196167, -25.9759349823, 26.5950126648], [1032.43603516, 67.7545547485, -149.692276001, -13.2853736877, 240.895462036, -49.3784294128, 197.758407593, 73.035118103, 203.095932007, 22.579460144, 47.8459510803, -23.487121582, 29.4492721558], [-130.580322266, 19.2555656433, 29.4083900452, -21.1720237732, -50.0662918091, 11.6553602219, -18.1355743408, 27.6494445801, 22.579460144, 63.3506584167, 22.6766090393, 3.53875184059, 0.978756427765], [463.546386719, 82.7868347168, -39.2497024536, -16.4300518036, 105.195869446, -16.651720047, 67.7863388062, 10.3129196167, 47.8459510803, 22.6766090393, 71.9305419922, 21.9890270233, 34.5480957031], [-114.91444397, -107.614608765, -13.3035335541, 36.1608009338, -45.9845924377, 0.780092775822, -10.2045087814, -25.9759349823, -23.487121582, 3.53875184059, 21.9890270233, 60.0870513916, 6.68739843369], [284.373291016, 195.151672363, -9.75168132782, -83.0415344238, 116.256797791, 10.5910463333, 33.860118866, 26.5950126648, 29.4492721558, 0.978756427765, 34.5480957031, 6.68739843369, 92.5355300903]]}, "spectral_energyband_middle_low": {"dmean2": 0.00477860681713, "median": 0.00472623249516, "min": 2.02670123861e-15, "dvar2": 6.05262284807e-05, "dvar": 2.28074059123e-05, "dmean": 0.00291341310367, "max": 0.0848110169172, "var": 9.93710564217e-05, "mean": 0.00854677800089}, "melbands_crest": {"dmean2": 6.51395940781, "median": 15.1453037262, "min": 1.63542079926, "dvar2": 35.6307983398, "dvar": 14.5068874359, "dmean": 3.97669816017, "max": 35.395072937, "var": 53.8742980957, "mean": 16.2922954559}, "spectral_kurtosis": {"dmean2": 10.9991168976, "median": 17.3371543884, "min": 0.646400988102, "dvar2": 346.682006836, "dvar": 129.780593872, "dmean": 6.7492275238, "max": 158.987548828, "var": 267.174468994, "mean": 21.3430995941}, "spectral_rms": {"dmean2": 0.00104243215173, "median": 0.0055671161972, "min": 7.24923543416e-09, "dvar2": 1.78078232693e-06, "dvar": 6.39389270418e-07, "dmean": 0.000629297515843, "max": 0.0155060281977, "var": 1.11099816422e-05, "mean": 0.00507561210543}, "zerocrossingrate": {"dmean2": 0.0374017395079, "median": 0.22607421875, "min": 0.00927734375, "dvar2": 0.00147453835234, "dvar": 0.000769417209085, "dmean": 0.0271886195987, "max": 0.7939453125, "var": 0.019020203501, "mean": 0.223027691245}, "silence_rate_60dB": {"dmean2": 0.0392513163388, "median": 0, "min": 0, "dvar2": 0.0451611317694, "dvar": 0.0192387793213, "dmean": 0.019623875618, "max": 1, "var": 0.195958957076, "mean": 0.267532706261}, "erbbands_kurtosis": {"dmean2": 1.58646523952, "median": 0.475826978683, "min": -1.52552378178, "dvar2": 4.22842884064, "dvar": 1.85330975056, "dmean": 0.988595962524, "max": 34.2247238159, "var": 8.09263896942, "mean": 1.40691685677}, "erbbands": {"dmean2": [0.455051779747, 1.60635411739, 1.86788380146, 3.26453018188, 4.03707933426, 7.07180738449, 10.3077697754, 11.4685316086, 28.5111141205, 28.9914112091, 19.3939437866, 31.1015129089, 27.8900947571, 34.9682388306, 33.6204147339, 24.2044715881, 27.5355224609, 31.991973877, 26.2056713104, 17.5424022675, 13.9956359863, 10.5598630905, 9.2303686142, 7.33573865891, 7.1641368866, 4.83817911148, 2.88582181931, 1.67148566246, 1.33996260166, 0.896063625813, 0.506494343281, 0.259038478136, 0.101997934282, 0.0436265319586, 0.027788983658, 0.0203860402107, 0.0240769032389, 0.0178417675197, 0.00858357641846, 0.00936206523329], "median": [0.143028154969, 0.664722800255, 0.838691949844, 1.34260725975, 1.43188762665, 2.38355493546, 5.06339597702, 7.82354927063, 7.67547893524, 6.40989780426, 6.79750728607, 6.77612686157, 7.43203830719, 9.44607925415, 16.450378418, 13.8334503174, 10.0200271606, 9.36337089539, 5.76582717896, 4.63184928894, 3.06790733337, 1.36698889732, 0.883610367775, 0.549393296242, 0.27887481451, 0.22542335093, 0.158874034882, 0.122520625591, 0.0964756608009, 0.0730816274881, 0.0535218194127, 0.0407210998237, 0.0247182399035, 0.00834714062512, 0.00467374268919, 0.00477841170505, 0.00385532691143, 0.00286363763735, 0.00305074593052, 0.00685141142458], "min": [1.13599154565e-14, 6.29783090912e-14, 2.10036713499e-13, 5.00444520893e-13, 9.82260605319e-13, 1.67910043508e-12, 2.58195418171e-12, 3.63375714067e-12, 4.71769324994e-12, 5.64619314844e-12, 6.16996471275e-12, 6.02244122627e-12, 5.01605831524e-12, 3.22701284097e-12, 1.27802326014e-12, 6.57579134374e-13, 3.89517324645e-12, 1.41627161387e-11, 3.37116515259e-11, 6.07600497693e-11, 8.5962133245e-11, 9.25997820089e-11, 6.75010186635e-11, 2.37323390107e-11, 1.22442117209e-11, 7.54351997534e-11, 1.52717075097e-10, 1.1506390285e-10, 2.65099261987e-11, 9.81495856811e-11, 1.41769082584e-10, 3.75115528917e-11, 1.03672619101e-10, 4.80225616217e-11, 5.67835709009e-11, 2.20619893881e-11, 2.02133899896e-11, 6.71826396598e-12, 1.46749702234e-12, 1.71395083998e-13], "dvar2": [0.747939527035, 6.11730527878, 9.08332538605, 25.8235931396, 66.3073501587, 388.497192383, 545.034973145, 551.238464355, 4611.03564453, 5358.49267578, 2087.13696289, 6050.48876953, 4184.69384766, 9617.02929688, 3499.81689453, 1839.62561035, 2710.70751953, 3801.87207031, 2461.27319336, 1005.69506836, 658.738891602, 424.864562988, 345.024139404, 228.453613281, 337.856842041, 168.701202393, 75.5244216919, 19.3856048584, 13.8849849701, 10.5721073151, 2.56748795509, 0.546850025654, 0.0402562133968, 0.00699261529371, 0.00280342204496, 0.00135056930594, 0.0035699380096, 0.00243127881549, 0.000346996006556, 0.000248945900239], "dvar": [0.267248898745, 2.15888142586, 3.20695114136, 8.96794033051, 26.4962501526, 159.496536255, 211.943695068, 206.665435791, 1755.75683594, 1961.68713379, 755.607055664, 2297.50537109, 1545.10314941, 3805.18481445, 1293.53173828, 657.707702637, 1009.52905273, 1405.59265137, 877.679321289, 354.665283203, 227.174850464, 150.159790039, 124.293006897, 85.7803344727, 121.076019287, 67.3629989624, 32.9572563171, 8.84774494171, 6.37181043625, 4.60219478607, 1.19604194164, 0.246768474579, 0.0171846766025, 0.00256409170106, 0.00103045662399, 0.000536073872354, 0.00179532624315, 0.00120063126087, 0.000165566452779, 8.96390047274e-05], "dmean": [0.270526021719, 0.935295343399, 1.08089125156, 1.88166582584, 2.37844371796, 4.27235937119, 6.26661586761, 6.88964700699, 17.0800457001, 17.2659339905, 11.647397995, 18.5704936981, 16.7041912079, 21.2738685608, 20.1026229858, 14.3820867538, 16.4382705688, 19.1807918549, 15.5181236267, 10.3105201721, 8.28397941589, 6.15700960159, 5.46485280991, 4.43717813492, 4.20702219009, 2.9746131897, 1.83548355103, 1.06283712387, 0.855499625206, 0.583522737026, 0.326647847891, 0.165911793709, 0.062935911119, 0.0255581922829, 0.0162580534816, 0.0124394651502, 0.0157793127, 0.0118280956522, 0.00573136052117, 0.00567481620237], "max": [8.32544994354, 19.6840190887, 24.5160560608, 49.7189674377, 124.400260925, 365.59753418, 316.400512695, 434.265411377, 741.730224609, 973.01965332, 663.951049805, 914.710144043, 1305.4597168, 1649.93603516, 633.360229492, 519.07232666, 880.328125, 649.154296875, 411.753723145, 282.21081543, 217.850723267, 172.051467896, 187.320724487, 230.322250366, 281.543731689, 356.164093018, 256.971343994, 72.3740463257, 58.3817634583, 80.3253631592, 28.351228714, 24.9949970245, 4.32815313339, 0.753920972347, 0.46723741293, 0.429681509733, 1.78658282757, 1.501511693, 0.457366913557, 0.206650123], "var": [0.710498869419, 3.99395751953, 4.63086080551, 18.8935070038, 38.8900260925, 185.589233398, 246.298233032, 302.32800293, 2812.11425781, 3972.22338867, 1419.02001953, 3954.38598633, 2606.60644531, 6661.17431641, 2717.18603516, 1470.25732422, 2356.82543945, 2954.41113281, 2404.39404297, 1193.33544922, 807.705383301, 467.355957031, 397.691101074, 294.013885498, 243.326263428, 184.585174561, 84.6606140137, 24.7541027069, 15.1252031326, 8.65661525726, 2.52486634254, 0.531757414341, 0.0400513857603, 0.0027767161373, 0.00108012650162, 0.00104581960477, 0.00537334615365, 0.00419352203608, 0.00154142035171, 0.00173857132904], "mean": [0.520328819752, 1.508040905, 1.60715341568, 3.04662942886, 3.44042754173, 5.46304130554, 9.42138004303, 12.3968267441, 26.0104408264, 28.3628807068, 19.934463501, 29.2738380432, 28.0420970917, 35.3815498352, 37.0349731445, 29.12018013, 32.2577552795, 36.0051078796, 32.8480682373, 24.5106449127, 20.0645961761, 14.6711397171, 12.9493703842, 10.5154237747, 8.33283615112, 6.95497655869, 4.25652551651, 2.44347143173, 1.79592418671, 1.20949673653, 0.641741156578, 0.304332256317, 0.103707335889, 0.0286147240549, 0.0172396935523, 0.0185395441949, 0.0327328369021, 0.0323064811528, 0.0255792662501, 0.0326047763228]}, "spectral_strongpeak": {"dmean2": 7.45514202118, "median": 0.256805479527, "min": 0, "dvar2": 621.072570801, "dvar": 216.08190918, "dmean": 3.96477675438, "max": 174.586746216, "var": 225.183776855, "mean": 3.73202466965}, "spectral_energy": {"dmean2": 0.0157236922532, "median": 0.0317676030099, "min": 5.38651968082e-14, "dvar2": 0.000688015425112, "dvar": 0.000245640141657, "dmean": 0.00931154098362, "max": 0.246447846293, "var": 0.00140810303856, "mean": 0.0377936139703}, "average_loudness": 0.447532743216, "spectral_rolloff": {"dmean2": 5065.52441406, "median": 2390.18554688, "min": 43.06640625, "dvar2": 101050808, "dvar": 36409736, "dmean": 2630.31787109, "max": 22050, "var": 96374296, "mean": 9781.62011719}, "spectral_centroid": {"dmean2": 242.741760254, "median": 790.626831055, "min": 203.057571411, "dvar2": 162270.90625, "dvar": 70255.609375, "dmean": 151.458724976, "max": 4494.35009766, "var": 587874.8125, "mean": 1062.50488281}, "pitch_salience": {"dmean2": 0.123287305236, "median": 0.581820428371, "min": 0.123652905226, "dvar2": 0.0119736334309, "dvar": 0.00507723120973, "dmean": 0.0746771991253, "max": 0.990480482578, "var": 0.0154878720641, "mean": 0.567600667477}, "spectral_energyband_middle_high": {"dmean2": 0.00245696725324, "median": 0.00231106858701, "min": 6.24447850606e-15, "dvar2": 1.95758675545e-05, "dvar": 7.70912447479e-06, "dmean": 0.0015536750434, "max": 0.0673749148846, "var": 4.92559338454e-05, "mean": 0.0056079714559}, "spectral_contrast_coeffs": {"dmean2": [0.0849015638232, 0.0759522393346, 0.0594424903393, 0.0437869466841, 0.0368767492473, 0.043275732547], "median": [-0.720956087112, -0.767888665199, -0.818678736687, -0.821673333645, -0.834782838821, -0.783049106598], "min": [-0.936928093433, -0.982948362827, -0.950079619884, -0.980844080448, -0.977891206741, -0.961910486221], "dvar2": [0.00455454131588, 0.00380970956758, 0.00215820386074, 0.00117803702597, 0.00122269440908, 0.00173143984284], "dvar": [0.00180182687473, 0.00134668452665, 0.000773183710407, 0.000417255039793, 0.000462062860606, 0.000701048178598], "dmean": [0.0510482862592, 0.0456532686949, 0.0352099575102, 0.0259723756462, 0.0220570396632, 0.0267516560853], "max": [-0.396422982216, -0.503524303436, -0.609000325203, -0.683655798435, -0.675778627396, -0.545477330685], "var": [0.00661830510944, 0.00359362456948, 0.00231030909345, 0.00124891626183, 0.00274926470593, 0.00602279929444], "mean": [-0.706934332848, -0.767152369022, -0.816689610481, -0.823262512684, -0.842242062092, -0.773836731911]}, "melbands_skewness": {"dmean2": 0.991800904274, "median": 1.79608273506, "min": -1.04934239388, "dvar2": 1.15423727036, "dvar": 0.52548968792, "dmean": 0.621721804142, "max": 10.4133205414, "var": 2.73551225662, "mean": 2.20370483398}, "spectral_spread": {"dmean2": 803545.625, "median": 3677464.75, "min": 731941.75, "dvar2": 801402322944, "dvar": 286549966848, "dmean": 492550.3125, "max": 11249539, "var": 1457548951550.0, "mean": 3726888.25}, "dissonance": {"dmean2": 0.0377010181546, "median": 0.473096758127, "min": 0, "dvar2": 0.00156686850823, "dvar": 0.000585187517572, "dmean": 0.0221161153167, "max": 0.500000119209, "var": 0.00139751983806, "mean": 0.459840595722}, "spectral_skewness": {"dmean2": 0.751737833023, "median": 2.93629264832, "min": 0.817389965057, "dvar2": 1.05803000927, "dvar": 0.391412854195, "dmean": 0.467834532261, "max": 9.87120914459, "var": 1.42433083057, "mean": 3.19581413269}, "spectral_flux": {"dmean2": 0.0267104003578, "median": 0.0853298902512, "min": 1.79336366273e-05, "dvar2": 0.00103530730121, "dvar": 0.000423368706834, "dmean": 0.0163820274174, "max": 0.39239782095, "var": 0.00432115793228, "mean": 0.0881372913718}, "spectral_contrast_valleys": {"dmean2": [0.676292181015, 0.549684882164, 0.487453937531, 0.410460978746, 0.543557822704, 0.810851216316], "median": [-6.84804105759, -6.4432964325, -6.77105760574, -7.43629455566, -8.36960983276, -11.2457151413], "min": [-20.2388648987, -19.6041545868, -21.3140563965, -20.5188121796, -19.5831737518, -21.2151412964], "dvar2": [0.283412158489, 0.199375778437, 0.164863571525, 0.14007794857, 0.421319544315, 0.586146831512], "dvar": [0.101276315749, 0.0768224149942, 0.0633950904012, 0.0562284179032, 0.155774533749, 0.221905976534], "dmean": [0.395832180977, 0.330968439579, 0.296240508556, 0.254019677639, 0.333848923445, 0.495350718498], "max": [-5.21979999542, -4.25837850571, -4.79340457916, -5.25739574432, -5.62087535858, -8.97758483887], "var": [2.47687554359, 1.55443358421, 1.82881045341, 2.12653636932, 2.1973657608, 0.978731393814], "mean": [-7.42741203308, -6.67922210693, -7.16829442978, -7.69238710403, -8.29693031311, -11.3176164627]}, "erbbands_flatness_db": {"dmean2": 0.0344428904355, "median": 0.154686301947, "min": 0.0562532693148, "dvar2": 0.00117728149053, "dvar": 0.000469688762678, "dmean": 0.0215240009129, "max": 0.383757293224, "var": 0.00246480596252, "mean": 0.163892909884}, "spectral_energyband_high": {"dmean2": 0.000300371932099, "median": 8.63213645061e-05, "min": 3.93508739049e-14, "dvar2": 3.43100310829e-07, "dvar": 1.47079674662e-07, "dmean": 0.000192436258658, "max": 0.0117330169305, "var": 1.3251639075e-06, "mean": 0.00080941664055}, "spectral_entropy": {"dmean2": 0.292303949594, "median": 7.43885231018, "min": 5.2315454483, "dvar2": 0.119714468718, "dvar": 0.0508185252547, "dmean": 0.184970378876, "max": 8.92913246155, "var": 0.32556411624, "mean": 7.34197473526}, "silence_rate_20dB": {"dmean2": 0, "median": 1, "min": 1, "dvar2": 0, "dvar": 0, "dmean": 0, "max": 1, "var": 0, "mean": 1}, "melbands_flatness_db": {"dmean2": 0.0499478764832, "median": 0.256029397249, "min": 0.0102223036811, "dvar2": 0.00249981507659, "dvar": 0.00105383631308, "dmean": 0.0315064527094, "max": 0.512304723263, "var": 0.00674481503665, "mean": 0.250957161188}, "barkbands": {"dmean2": [0.00578760495409, 0.00938049517572, 0.0015538088046, 0.00133557873778, 0.00164665083867, 0.00141025520861, 0.00225604209118, 0.000906929199118, 0.00129598402418, 0.0011150004575, 0.000902839645278, 0.000672862865031, 0.000637731631286, 0.000640666403342, 0.000447742029792, 0.000293495511869, 0.000204989206395, 0.00017130341439, 0.000145906029502, 0.000105505969259, 5.32487283635e-05, 3.49717192876e-05, 1.96709206648e-05, 8.47576757224e-06, 3.87262252843e-06, 1.09751536002e-05, 0.000418833107688], "median": [0.00119468104094, 0.00413667224348, 0.000518235727213, 0.000438170449343, 0.000698955846019, 0.000873343786225, 0.000534886494279, 0.000251420540735, 0.000299874809571, 0.000257618230535, 0.000325193133904, 0.000329876231262, 0.000201182003366, 0.000179790367838, 8.38805281091e-05, 6.46903281449e-05, 2.41767793341e-05, 1.49634379341e-05, 7.00600821801e-06, 4.74737089462e-06, 3.43342935594e-06, 2.64072582468e-06, 1.91219805856e-06, 1.69904546965e-06, 5.81115159548e-07, 1.89935713024e-06, 9.47328080656e-05], "min": [2.08702089e-16, 3.10703119998e-16, 2.03467332742e-16, 1.99034610806e-16, 4.69856852078e-16, 4.16727531025e-16, 3.50557740702e-16, 2.77019478422e-16, 2.63200347645e-16, 1.34877132537e-16, 4.48202520956e-17, 1.15178431746e-17, 9.22435886