{"tonal": {"thpcp": [1, 0.536979317665, 0.170828163624, 0.178006723523, 0.13074798882, 0.265872985125, 0.434705466032, 0.259945452213, 0.134068384767, 0.190580517054, 0.12320920825, 0.1211938411, 0.193632274866, 0.190629929304, 0.534012615681, 0.78171980381, 0.386106014252, 0.0970830321312, 0.0766019895673, 0.0998918041587, 0.445043712854, 0.706736207008, 0.408336102962, 0.170003384352, 0.1741296947, 0.118363715708, 0.404096394777, 0.827875494957, 0.615863323212, 0.588021576405, 0.754398167133, 0.351146697998, 0.0832963883877, 0.106523476541, 0.124610751867, 0.603111684322], "hpcp": {"dmean2": [0.108667589724, 0.10330812633, 0.0367263630033, 0.028180917725, 0.0502207763493, 0.128886401653, 0.150345668197, 0.122145816684, 0.0658828094602, 0.0492319241166, 0.0574137791991, 0.0742901340127, 0.0905037820339, 0.0783909186721, 0.0451884269714, 0.0341391786933, 0.0408776961267, 0.0430958345532, 0.0542087927461, 0.0686183273792, 0.102813176811, 0.122295185924, 0.0951367244124, 0.0369074046612, 0.0306679401547, 0.048581160605, 0.108380019665, 0.127121090889, 0.114572532475, 0.0633240044117, 0.0412891581655, 0.0513638518751, 0.112646743655, 0.122415788472, 0.160868823528, 0.16579978168], "median": [0.0141387572512, 0.00785129796714, 0.00225429609418, 0.00168040278368, 0.0080223120749, 0.068905197084, 0.115791030228, 0.0680299326777, 0.00592675432563, 0.00130636233371, 0.0015670331195, 0.00603246223181, 0.00857494585216, 0.00765840196982, 0.00258846255019, 0.000829800730571, 0.00105303328019, 0.00487738382071, 0.00641682883725, 0.0109785478562, 0.0378609672189, 0.0594431906939, 0.0343160256743, 0.00327012920752, 0.000756662455387, 0.00266488362104, 0.0252425726503, 0.048896368593, 0.0300382450223, 0.00436291936785, 0.000933177478146, 0.00273746601306, 0.0232852529734, 0.0383144766092, 0.056935466826, 0.038973249495], "min": [0, 0, 0, 0, 0, 0, 0, 0, 0, 0, 0, 0, 0, 0, 0, 0, 0, 0, 0, 0, 0, 0, 0, 0, 0, 0, 0, 0, 0, 0, 0, 0, 0, 0, 0, 0], "dvar2": [0.0449249446392, 0.0416746139526, 0.00898778811097, 0.00874178856611, 0.0132641838863, 0.0360491164029, 0.0528925284743, 0.0338188819587, 0.0238261148334, 0.0203885752708, 0.0280455965549, 0.0317733809352, 0.0397543720901, 0.0320328734815, 0.017188385129, 0.0142745198682, 0.0205399617553, 0.0148378228769, 0.0209507346153, 0.0226565916091, 0.0323656313121, 0.0414955355227, 0.025510199368, 0.011850701645, 0.0113852266222, 0.0141838658601, 0.0385737344623, 0.0478115789592, 0.0406670644879, 0.0246841311455, 0.0154374688864, 0.0178936775774, 0.0459613874555, 0.0517721734941, 0.0572519786656, 0.073111616075], "dvar": [0.019925005734, 0.0147522389889, 0.00338595896028, 0.00380447995849, 0.00515117263421, 0.0159006621689, 0.0253430530429, 0.0135964537039, 0.00929020252079, 0.00881048105657, 0.00946750491858, 0.0113897696137, 0.0167201962322, 0.0118108708411, 0.00606681220233, 0.00618877215311, 0.00702449167147, 0.00568463793024, 0.00895484071225, 0.00851336959749, 0.0137441502884, 0.0201305486262, 0.0107809854671, 0.00439864769578, 0.00417780363932, 0.00512197706848, 0.0156649593264, 0.0213333778083, 0.0149359470233, 0.00880811922252, 0.0065078176558, 0.00669241091236, 0.017665270716, 0.0234767291695, 0.0207996945828, 0.0244387853891], "dmean": [0.0677626803517, 0.0608942434192, 0.0212468840182, 0.0176119189709, 0.0296942908317, 0.0830703154206, 0.0985333397985, 0.0764893367887, 0.0391838811338, 0.029861163348, 0.0325687676668, 0.0446050465107, 0.0560823716223, 0.047966118902, 0.0265852082521, 0.0210966076702, 0.0237091053277, 0.0266230832785, 0.0339043885469, 0.0415761508048, 0.0669126883149, 0.0798895135522, 0.0600652247667, 0.0212486051023, 0.01726366207, 0.0284090302885, 0.0672231465578, 0.081697948277, 0.0701319798827, 0.037202462554, 0.0252229087055, 0.0296163354069, 0.0691785141826, 0.0765458196402, 0.0957289263606, 0.0960763394833], "max": [1, 1, 1, 1, 0.952717721462, 1, 1, 1, 1, 1, 1, 1, 1, 1, 1, 1, 1, 1, 1, 1, 1, 1, 1, 1, 1, 1, 1, 1, 1, 1, 1, 1, 1, 1, 1, 1], "var": [0.137787058949, 0.0365809500217, 0.00707850186154, 0.0183655899018, 0.0103161204606, 0.0593305490911, 0.142158091068, 0.0467783585191, 0.0198102351278, 0.0330744981766, 0.0147099671885, 0.0345769897103, 0.0763714835048, 0.0300306137651, 0.0141751226038, 0.0398501679301, 0.0159018393606, 0.0113906515762, 0.0281352326274, 0.0167003590614, 0.0648266151547, 0.12073161453, 0.0334843434393, 0.0129485605285, 0.0114754512906, 0.00607535149902, 0.0571907833219, 0.110422186553, 0.0437404625118, 0.019149819389, 0.0326528549194, 0.0107869869098, 0.0405934080482, 0.138956427574, 0.0730311051011, 0.0743548423052], "mean": [0.240338727832, 0.111869506538, 0.0265368465334, 0.033936612308, 0.0396989174187, 0.192141368985, 0.318583399057, 0.171072691679, 0.0544230155647, 0.0567099861801, 0.0416541397572, 0.0847027152777, 0.138489946723, 0.0828143060207, 0.0427119620144, 0.060715790838, 0.0392524078488, 0.0386103466153, 0.061688028276, 0.0607315301895, 0.170127555728, 0.249042958021, 0.12300696969, 0.0309290420264, 0.0244041215628, 0.0318238697946, 0.14178353548, 0.225154414773, 0.130089104176, 0.0541602559388, 0.0554748289287, 0.0377087146044, 0.12873840332, 0.263747394085, 0.196203827858, 0.187333911657]}, "tuning_equal_tempered_deviation": 0.00243882462382, "chords_changes_rate": 0.0404838323593, "key_key": "E", "tuning_diatonic_strength": 0.552512824535, "key_scale": "major", "chords_number_rate": 0.00320908427238, "tuning_frequency": 443.060424805, "tuning_nontempered_energy_ratio": 0.642742753029, "chords_histogram": [28.9311275482, 2.86349058151, 5.99851894379, 0.0740557909012, 1.77733898163, 0.518390536308, 0.987410545349, 0.370278954506, 0.222167372704, 0.222167372704, 0.888669490814, 1.18489265442, 0.320908427238, 0.148111581802, 0, 3.72747468948, 1.28363370895, 4.39397668839, 4.73957061768, 0.913354754448, 6.590965271, 17.082201004, 7.38089370728, 9.38039970398], "key_strength": 0.766923725605, "chords_key": "E", "chords_strength": {"dmean2": 0.00597317609936, "median": 0.520736277103, "min": -1, "dvar2": 0.000959271972533, "dvar": 0.000506836979184, "dmean": 0.00778247322887, "max": 0.738515079021, "var": 0.0616362057626, "mean": 0.490828305483}, "chords_scale": "major", "hpcp_entropy": {"dmean2": 0.800951004028, "median": 1.61731100082, "min": 0, "dvar2": 0.539692103863, "dvar": 0.192924052477, "dmean": 0.471547544003, "max": 3.27349042892, "var": 0.483310729265, "mean": 1.5094627142}}, "metadata": {"audio_properties": {"equal_loudness": 0, "codec": "mp3", "downmix": "mix", "sample_rate": 44100, "analysis_sample_rate": 44100, "bit_rate": 160022, "md5_encoded": "c5c295c5d9add22adf25e25b45faaf08", "length": 188.081634521, "replay_gain": -4.43880271912, "lossless": false}, "version": {"essentia_build_sha": "70f2e5ece6736b2c40cc944ad0e695b16b925413", "essentia": "2.1-beta2", "extractor": "music 1.0", "essentia_git_sha": "v2.1_beta2"}, "tags": {"title": ["Salut d'Amour"], "media": ["Digital Media"], "albumartist": ["Various Artists"], "musicbrainz_recordingid": ["047f1b50-95f0-45c0-bab1-74df2719bef4"], "encoding": ["Lavf56.36.100"], "musicbrainz_albumartistid": ["89ad4ac3-39f7-470e-963a-56509c546377"], "originalyear": ["2009"], "discnumber": ["1/1"], "album": ["The 99 Most Essential Pieces of the Romantic Era"], "musicbrainz album release country": ["XW"], "musicbrainz album type": ["album/compilation"], "musicbrainz album status": ["official"], "asin": ["B001QGDKB8"], "date": ["2009"], "file_name": "Edward Elgar - Salut d'amour, Op. 12.mp3", "musicbrainz_releasegroupid": ["634f2e98-8aea-4c16-9f7c-99ab5c92f672"], "script": ["Latn"], "originaldate": ["2009"], "musicbrainz_albumid": ["e975237b-334b-4188-aff0-a1c624ba8de6"], "artist": ["Sir Edward Elgar"], "artistsort": ["Elgar, Edward"], "tracknumber": ["73/99"], "label": ["X5 Music Group"], "albumartistsort": ["Various Artists"], "musicbrainz_artistid": ["4e60a56a-514a-4a19-a3cc-49927c96b3cb"]}}, "rhythm": {"bpm_histogram_first_peak_bpm": {"dmean2": 0, "median": 157, "min": 157, "dvar2": 0, "dvar": 0, "dmean": 0, "max": 157, "var": 0, "mean": 157}, "bpm": 155.037155151, "bpm_histogram_second_peak_spread": {"dmean2": 0, "median": 0.482142865658, "min": 0.482142865658, "dvar2": 0, "dvar": 0, "dmean": 0, "max": 0.482142865658, "var": 0, "mean": 0.482142865658}, "bpm_histogram_first_peak_weight": {"dmean2": 0, "median": 0.0759803950787, "min": 0.0759803950787, "dvar2": 0, "dvar": 0, "dmean": 0, "max": 0.0759803950787, "var": 0, "mean": 0.0759803950787}, "onset_rate": 0.584816336632, "beats_position": [0.429569154978, 0.870748281479, 1.30031740665, 1.72988653183, 2.15945577621, 2.60063481331, 3.04181408882, 3.48299312592, 3.92417216301, 4.3653512001, 4.72526073456, 5.08516979218, 5.44507932663, 5.80498838425, 6.1648979187, 6.52480697632, 6.87310647964, 7.23301553726, 7.59292507172, 7.94122457504, 8.28952407837, 8.63782310486, 8.99773216248, 9.35764122009, 9.70594120026, 10.0542402267, 10.5186395645, 10.9830379486, 11.4474372864, 11.9118366241, 12.3762359619, 12.840634346, 13.3050336838, 13.7694330215, 14.2454423904, 14.7214508057, 15.1394100189, 15.5573692322, 15.9753284454, 16.4397277832, 16.904127121, 17.3685264587, 17.9258041382, 18.483083725, 19.0403633118, 19.6092510223, 20.1781406403, 20.7354183197, 21.3275279999, 21.9196376801, 22.5117454529, 23.1038551331, 23.6959629059, 24.3461227417, 24.9962806702, 25.7044887543, 26.4010887146, 27.0976867676, 27.8058948517, 28.5024929047, 29.199092865, 29.8376407623, 30.476190567, 31.1147384644, 31.6836280823, 32.2525177002, 32.7749671936, 33.2858047485, 33.7966423035, 34.3190917969, 34.8299331665, 35.3407707214, 35.8632202148, 36.3740577698, 36.8848991394, 37.4305648804, 37.976234436, 38.5219039917, 39.0791816711, 39.6248512268, 40.1705207825, 40.7161903381, 41.2618598938, 41.7843093872, 42.2951469421, 42.8175964355, 43.3284339905, 43.8392753601, 44.350112915, 44.86095047, 45.3601799011, 45.8594093323, 46.3586387634, 46.8462562561, 47.3454856873, 47.8447151184, 48.3439445496, 48.8315620422, 49.3191833496, 49.8068008423, 50.2944221497, 50.8284797668, 51.362537384, 51.8965988159, 52.4422683716, 52.9879341125, 53.5684356689, 54.1489334106, 54.7294311523, 55.3099327087, 55.9020385742, 56.4709281921, 57.0398178101, 57.608707428, 58.2356452942, 58.8625831604, 59.4895210266, 60.1164627075, 60.7434005737, 61.4051704407, 62.0669364929, 62.6822662354, 63.2975959778, 63.9013137817, 64.5166397095, 65.1319732666, 65.7472991943, 66.3626327515, 66.9779586792, 67.5932846069, 68.2086181641, 68.7078475952, 69.2070770264, 69.7062988281, 70.1358718872, 70.5654373169, 70.995010376, 71.3316955566, 71.6567764282, 71.9818572998, 72.3069381714, 72.6436233521, 72.9919281006, 73.3286132812, 73.6769180298, 74.001991272, 74.338684082, 74.6753692627, 75.0236740112, 75.3487548828, 75.673828125, 76.0221328735, 76.3588180542, 76.6955108643, 77.0438079834, 77.4385452271, 77.8332901001, 78.2280273438, 78.6227645874, 79.040725708, 79.4586868286, 79.8766403198, 80.2713851929, 80.677734375, 81.0840835571, 81.4904327393, 81.8967819214, 82.291519165, 82.6978683472, 83.0926055908, 83.4757385254, 83.870475769, 84.2652130127, 84.6599502563, 85.0662994385, 85.4726486206, 85.8789978027, 86.3085708618, 86.7265319824, 87.1444854736, 87.5624465942, 87.9920196533, 88.421585083, 88.8395462036, 89.2807235718, 89.7219009399, 90.1746902466, 90.6158676147, 91.0570526123, 91.5098419189, 91.9510192871, 92.2877044678, 92.6243972778, 92.9610900879, 93.2977752686, 93.6228561401, 93.9479370117, 94.2730178833, 94.609703064, 94.9347839355, 95.2714691162, 95.5965499878, 95.9332427979, 96.2699279785, 96.6530609131, 97.0361862183, 97.4193191528, 97.7908401489, 98.1739654541, 98.5570983887, 98.9402236938, 99.3233566284, 99.7180938721, 100.101219177, 100.472740173, 100.855873108, 101.250610352, 101.645347595, 102.040092468, 102.434829712, 102.864395142, 103.293968201, 103.711929321, 104.129882812, 104.536231995, 104.942581177, 105.348930359, 105.708839417, 106.080360413, 106.44026947, 106.811790466, 107.194915771, 107.578048706, 107.961174011, 108.344306946, 108.704216003, 109.075737, 109.447257996, 109.807167053, 110.167076111, 110.526985168, 110.886894226, 111.235191345, 111.653152466, 112.059501648, 112.477455139, 112.89541626, 113.31337738, 113.731338501, 114.149291992, 114.59047699, 115.031654358, 115.472831726, 115.902404785, 116.378410339, 116.854415894, 117.330429077, 117.81804657, 118.305664062, 118.793289185, 119.338951111, 119.884620667, 120.441902161, 120.999183655, 121.55645752, 122.067298889, 122.578140259, 123.065757751, 123.576599121, 124.0990448, 124.609886169, 125.074279785, 125.53868103, 126.014694214, 126.502311707, 126.978317261, 127.454330444, 127.91872406, 128.371520996, 128.835922241, 129.288711548, 129.741500854, 130.194290161, 130.635467529, 131.076644897, 131.517822266, 131.970611572, 132.342132568, 132.713653564, 133.09677124, 133.468292236, 133.851425171, 134.234558105, 134.61769104, 135.000808716, 135.372329712, 135.743850708, 136.115371704, 136.4868927, 136.870025635, 137.253143311, 137.636276245, 138.01940918, 138.402542114, 138.78565979, 139.168792725, 139.551925659, 139.923446655, 140.294967651, 140.666488647, 141.037994385, 141.397918701, 141.74621582, 142.106124878, 142.454421997, 142.825942993, 143.197463989, 143.557373047, 143.917282104, 144.288803101, 144.660308838, 145.031829834, 145.40335083, 145.902587891, 146.401809692, 146.901046753, 147.411880493, 147.922714233, 148.433563232, 148.932785034, 149.443618774, 149.954467773, 150.476913452, 150.999359131, 151.52180481, 152.079086304, 152.647979736, 153.274917603, 153.901855469, 154.528793335, 155.109298706, 155.689788818, 156.200637817, 156.711471558, 157.210693359, 157.70993042, 158.209152222, 158.708389282, 159.219223022, 159.730072021, 160.2525177, 160.716918945, 161.181304932, 161.645706177, 162.098495483, 162.539672852, 162.992462158, 163.433654785, 163.979324341, 164.536590576, 165.059051514, 165.581497192, 166.103942871, 166.62638855, 167.137237549, 167.648071289, 168.170516968, 168.692962646, 169.215423584, 169.784301758, 170.35319519, 170.980133057, 171.607070923, 172.222396851, 172.837722778, 173.464660645, 174.080001831, 174.695327759, 175.310653687, 175.798278809, 176.285888672, 176.773513794, 177.156646729, 177.539764404, 177.922897339, 178.306030273, 178.723983765, 179.141952515, 179.559906006, 179.954650879, 180.360992432, 180.767349243, 181.173690796, 181.510375977, 181.847076416, 182.183761597, 182.520446777, 182.857131958, 183.217056274, 183.576965332, 183.93687439, 184.354827881, 184.772781372, 185.190750122, 185.608703613, 186.026657104, 186.444625854, 186.862579346, 187.280548096], "beats_loudness": {"dmean2": 0.019405240193, "median": 0.0127553083003, "min": 0, "dvar2": 0.000641257036477, "dvar": 0.000210050289752, "dmean": 0.0113989943638, "max": 0.132011502981, "var": 0.000455697096186, "mean": 0.0205763950944}, "danceability": 0.795671820641, "bpm_histogram_second_peak_weight": {"dmean2": 0, "median": 0.0710784345865, "min": 0.0710784345865, "dvar2": 0, "dvar": 0, "dmean": 0, "max": 0.0710784345865, "var": 0, "mean": 0.0710784345865}, "beats_count": 409, "bpm_histogram_second_peak_bpm": {"dmean2": 0, "median": 144, "min": 144, "dvar2": 0, "dvar": 0, "dmean": 0, "max": 144, "var": 0, "mean": 144}, "bpm_histogram_first_peak_spread": {"dmean2": 0, "median": 0.403846144676, "min": 0.403846144676, "dvar2": 0, "dvar": 0, "dmean": 0, "max": 0.403846144676, "var": 0, "mean": 0.403846144676}, "beats_loudness_band_ratio": {"dmean2": [0.286556392908, 0.319480061531, 0.262290209532, 0.112039364874, 0.0347065329552, 0.00844226963818], "median": [0.236164271832, 0.412980794907, 0.18284279108, 0.0414048805833, 0.0160264912993, 0.00171578628942], "min": [0, 0, 0, 0, 0, 0], "dvar2": [0.069833599031, 0.0673860609531, 0.0601659677923, 0.0257152114064, 0.00243662972935, 0.00151319999713], "dvar": [0.0263907816261, 0.0253719389439, 0.0220557935536, 0.00947683211416, 0.000874951016158, 0.000581701518968], "dmean": [0.163207620382, 0.190039291978, 0.155085265636, 0.0640769898891, 0.0199533589184, 0.00516681559384], "max": [0.930869817734, 0.951825737953, 0.93239325285, 0.870626330376, 0.293105751276, 0.404129862785], "var": [0.0520124584436, 0.059238538146, 0.0430561006069, 0.0104849254712, 0.00100696296431, 0.000531928497367], "mean": [0.287793368101, 0.430836170912, 0.235639870167, 0.0767681151628, 0.0252371840179, 0.00588092813268]}}, "lowlevel": {"barkbands_spread": {"dmean2": 2.86320185661, "median": 6.81744909286, "min": 0.237017944455, "dvar2": 12.0689516068, "dvar": 4.72918701172, "dmean": 1.79897105694, "max": 111.104576111, "var": 51.9463920593, "mean": 8.59023189545}, "melbands_spread": {"dmean2": 4.17116165161, "median": 8.04312801361, "min": 0.48064738512, "dvar2": 42.7114562988, "dvar": 15.8748216629, "dmean": 2.59153842926, "max": 164.958297729, "var": 484.211914062, "mean": 13.3321619034}, "hfc": {"dmean2": 2.77274990082, "median": 4.82730722427, "min": 1.07170314256e-16, "dvar2": 22.6008300781, "dvar": 9.11288738251, "dmean": 1.81125688553, "max": 74.6560897827, "var": 92.935043335, "mean": 8.26857757568}, "barkbands_kurtosis": {"dmean2": 6.28398180008, "median": 4.60003614426, "min": -1.72539532185, "dvar2": 459.815795898, "dvar": 160.433700562, "dmean": 3.93129706383, "max": 602.28918457, "var": 633.128051758, "mean": 9.56872749329}, "gfcc": {"mean": [-164.382064819, 172.304901123, -125.105644226, 11.0674943924, -47.2223472595, -23.5523643494, -32.2518196106, -12.5499105453, -18.4346733093, -9.40022659302, -9.0430431366, -9.97834014893, -3.94273734093], "icov": [[0.000328218069626, -0.000879113154951, 0.000935090240091, -0.000930084032007, 0.00105376425199, -0.000912003044505, 0.000444344856078, -0.000219683046453, 0.000253467675066, 9.5339382824e-05, -7.71361155785e-05, -0.000127785315271, 1.15451985039e-05], [-0.000879113154951, 0.00324381166138, -0.00215151673183, 0.00233310530894, -0.00284029194154, 0.00328598823398, -0.00180030683987, 0.00131612562109, -0.0013109598076, 0.000361990707461, -0.000437236187281, 0.0013404666679, -0.00055979040917], [0.000935090240091, -0.00215151673183, 0.00377296796069, -0.00257372902706, 0.00201914459467, -0.00187163357623, 0.000673305534292, -2.51219662459e-05, 0.000377082964405, 5.46510127606e-05, 0.000357536569936, -0.00143219146412, 0.000446997495601], [-0.000930084032007, 0.00233310530894, -0.00257372902706, 0.00711993547156, -0.00444384058937, 0.000847690564115, 0.00066860957304, -0.00177411746699, 0.000137305250973, -6.16547276877e-06, 0.00131515366957, 0.000776162836701, 0.00018350641767], [0.00105376425199, -0.00284029194154, 0.00201914459467, -0.00444384058937, 0.0105631854385, -0.00610952964053, -0.000964316015597, 0.00206366251223, -0.00219494546764, 0.00209794193506, -0.00164508016314, 0.0033041338902, -0.00229278486222], [-0.000912003044505, 0.00328598823398, -0.00187163357623, 0.000847690564115, -0.00610952964053, 0.0153482910246, -0.00630031758919, -0.00195278122555, 0.00247562187724, -0.0034909772221, 0.00376558862627, -0.0040784496814, 0.00172497110907], [0.000444344856078, -0.00180030683987, 0.000673305534292, 0.00066860957304, -0.000964316015597, -0.00630031758919, 0.0142183229327, -0.00594779383391, -0.000826616713312, 0.00201315595768, -0.0044496958144, 0.00218038307503, -0.00137123011518], [-0.000219683046453, 0.00131612562109, -2.51219662459e-05, -0.00177411746699, 0.00206366251223, -0.00195278122555, -0.00594779383391, 0.0161275509745, -0.00763941649348, 0.000612841162365, 0.00368130556308, -0.00324684916995, 0.000228937045904], [0.000253467675066, -0.0013109598076, 0.000377082964405, 0.000137305250973, -0.00219494546764, 0.00247562187724, -0.000826616713312, -0.00763941649348, 0.0172797571868, -0.00767539301887, -0.0009352164343, 0.00231965235434, -0.00159088079818], [9.5339382824e-05, 0.000361990707461, 5.46510127606e-05, -6.16547276877e-06, 0.00209794193506, -0.0034909772221, 0.00201315595768, 0.000612841162365, -0.00767539301887, 0.0180654134601, -0.00910118501633, 0.00187601265498, 0.00290115829557], [-7.71361155785e-05, -0.000437236187281, 0.000357536569936, 0.00131515366957, -0.00164508016314, 0.00376558862627, -0.0044496958144, 0.00368130556308, -0.0009352164343, -0.00910118501633, 0.0203385669738, -0.0115621602163, 0.00270507857203], [-0.000127785315271, 0.0013404666679, -0.00143219146412, 0.000776162836701, 0.0033041338902, -0.0040784496814, 0.00218038307503, -0.00324684916995, 0.00231965235434, 0.00187601265498, -0.0115621602163, 0.0228735618293, -0.00883010681719], [1.15451985039e-05, -0.00055979040917, 0.000446997495601, 0.00018350641767, -0.00229278486222, 0.00172497110907, -0.00137123011518, 0.000228937045904, -0.00159088079818, 0.00290115829557, 0.00270507857203, -0.00883010681719, 0.0156055958942]], "cov": [[42955.7265625, 5945.29199219, -6203.93359375, 713.361816406, -1403.28796387, -444.686950684, -662.252929688, -156.651977539, -407.554595947, -412.036529541, -222.496810913, -399.807067871, -14.7150421143], [5945.29199219, 1927.40844727, -589.272583008, -87.6835021973, -39.2811126709, -240.957046509, -32.8100547791, -139.666671753, 33.6588897705, -63.9316368103, 29.8459262848, -137.130203247, 35.2295265198], [-6203.93359375, -589.272583008, 1371.97070312, 2.34157943726, 240.676223755, 77.9661560059, 109.338249207, 20.8488693237, 63.7088394165, 44.511516571, 21.4150314331, 61.8107337952, 9.6521692276], [713.361816406, -87.6835021973, 2.34157943726, 342.941772461, 97.8908004761, 102.948799133, 19.114315033, 72.02734375, -4.52164649963, -32.1426506042, -67.7139434814, -20.2454166412, 1.64941501617], [-1403.28796387, -39.2811126709, 240.676223755, 97.8908004761, 309.198028564, 104.921684265, 113.067131042, 36.0012702942, 61.518573761, -2.57325220108, -9.2678937912, -24.8960781097, 29.0903968811], [-444.686950684, -240.957046509, 77.9661560059, 102.948799133, 104.921684265, 197.981369019, 96.8036956787, 87.6807632446, 16.5756168365, 14.6699819565, -15.1624984741, 28.4102039337, 6.65878772736], [-662.252929688, -32.8100547791, 109.338249207, 19.114315033, 113.067131042, 96.8036956787, 174.020233154, 81.9091262817, 60.3567733765, 20.5202121735, 24.8439273834, 13.4874534607, 21.6205310822], [-156.651977539, -139.666671753, 20.8488693237, 72.02734375, 36.0012702942, 87.6807632446, 81.9091262817, 148.5340271, 57.917049408, 18.2504997253, -8.89282226562, 22.2253913879, 10.906039238], [-407.554595947, 33.6588897705, 63.7088394165, -4.52164649963, 61.518573761, 16.5756168365, 60.3567733765, 57.917049408, 127.756446838, 58.7585945129, 33.0914077759, -2.07532525063, 6.58715248108], [-412.036529541, -63.9316368103, 44.511516571, -32.1426506042, -2.57325220108, 14.6699819565, 20.5202121735, 18.2504997253, 58.7585945129, 118.123535156, 65.4321594238, 18.5981140137, -20.1381530762], [-222.496810913, 29.8459262848, 21.4150314331, -67.7139434814, -9.2678937912, -15.1624984741, 24.8439273834, -8.89282226562, 33.0914077759, 65.4321594238, 120.109405518, 48.3297195435, 1.78170573711], [-399.807067871, -137.130203247, 61.8107337952, -20.2454166412, -24.8960781097, 28.4102039337, 13.4874534607, 22.2253913879, -2.07532525063, 18.5981140137, 48.3297195435, 100.317695618, 32.6215209961], [-14.7150421143, 35.2295265198, 9.6521692276, 1.64941501617, 29.0903968811, 6.65878772736, 21.6205310822, 10.906039238, 6.58715248108, -20.1381530762, 1.78170573711, 32.6215209961, 92.9007034302]]}, "spectral_energyband_middle_low": {"dmean2": 0.00541635416448, "median": 0.00864017941058, "min": 1.36982111608e-22, "dvar2": 7.81546259532e-05, "dvar": 3.42832172464e-05, "dmean": 0.00367470481433, "max": 0.169952243567, "var": 0.000274171237834, "mean": 0.0141097065061}, "melbands_crest": {"dmean2": 3.83775782585, "median": 14.5425519943, "min": 1.56009101868, "dvar2": 13.4214611053, "dvar": 5.42080116272, "dmean": 2.46152257919, "max": 33.3500785828, "var": 32.4552879333, "mean": 15.1989459991}, "spectral_kurtosis": {"dmean2": 15.3363189697, "median": 15.5911960602, "min": -1.27527058125, "dvar2": 242.67980957, "dvar": 80.5399627686, "dmean": 8.70604038239, "max": 134.396087646, "var": 361.027099609, "mean": 21.4908790588}, "spectral_rms": {"dmean2": 0.000598767597694, "median": 0.0033672878053, "min": 3.07958064431e-12, "dvar2": 4.89629996991e-07, "dvar": 2.06229600508e-07, "dmean": 0.000406276696594, "max": 0.0131317134947, "var": 4.75282604384e-06, "mean": 0.00369638227858}, "zerocrossingrate": {"dmean2": 0.00444601802155, "median": 0.02490234375, "min": 0.00439453125, "dvar2": 3.72934446204e-05, "dvar": 2.41369816649e-05, "dmean": 0.00330156483687, "max": 0.52685546875, "var": 0.0067763980478, "mean": 0.0414843186736}, "silence_rate_60dB": {"dmean2": 0.045437708497, "median": 0, "min": 0, "dvar2": 0.0515278279781, "dvar": 0.0222018379718, "dmean": 0.0227160491049, "max": 1, "var": 0.142877981067, "mean": 0.172694727778}, "erbbands_kurtosis": {"dmean2": 2.13342094421, "median": 0.439621686935, "min": -1.81121218204, "dvar2": 10.1154146194, "dvar": 4.99673891068, "dmean": 1.40507233143, "max": 131.683029175, "var": 76.6436691284, "mean": 2.65247821808}, "erbbands": {"dmean2": [0.00610997527838, 0.130827665329, 0.558345079422, 1.26105570793, 7.67282867432, 11.6367225647, 11.787817955, 12.8204441071, 21.4749565125, 23.1811599731, 14.0822181702, 10.740691185, 12.7053852081, 17.9684257507, 16.5504360199, 17.1549663544, 10.1260709763, 8.69913673401, 6.80537557602, 8.71574306488, 10.527677536, 5.59088182449, 2.64085173607, 2.56779122353, 1.80480134487, 1.07166779041, 0.687404215336, 0.15119433403, 0.116548605263, 0.0549650639296, 0.0324221663177, 0.0108956033364, 0.00669525191188, 0.00254673161544, 0.000988774118014, 0.000243209826294, 9.92532804958e-05, 2.72637280432e-05, 3.59739351552e-06, 6.70708732287e-06], "median": [0.00291222357191, 0.0620241723955, 0.260933458805, 0.858131587505, 4.57247495651, 8.70430469513, 5.19867038727, 7.19115161896, 10.6972513199, 9.84581851959, 4.92634105682, 3.65989756584, 4.55865430832, 3.61996269226, 2.65830540657, 1.82691705227, 2.78975701332, 2.21061611176, 1.95049631596, 2.1468732357, 1.55231285095, 1.59750342369, 0.828298032284, 0.63805103302, 0.427551537752, 0.302584856749, 0.142041742802, 0.0582893379033, 0.0243141762912, 0.0121416924521, 0.00579547183588, 0.00276255561039, 0.00130100199021, 0.000581708271056, 0.000243389164098, 8.61668522703e-05, 3.22712767229e-05, 6.09107382843e-06, 5.93397271587e-06, 1.30752105179e-05], "min": [2.70956429112e-23, 2.55575610457e-22, 2.62846858227e-21, 4.24783336278e-21, 6.64190367794e-21, 2.87156815935e-20, 3.56225104614e-20, 5.25365994605e-20, 7.69077249129e-20, 1.88417099858e-19, 2.06498634738e-19, 2.72690196041e-19, 4.33689657788e-19, 4.65738718923e-19, 7.22750611182e-19, 1.29828003053e-18, 1.08952890544e-18, 1.7901497469e-18, 2.33941814635e-18, 2.73749488704e-18, 2.40031063355e-18, 2.90545142887e-18, 5.22068922476e-18, 5.99108388826e-18, 7.07620092251e-18, 6.86479299668e-18, 8.25465288117e-18, 9.13592696988e-18, 1.06922672924e-17, 9.87022926171e-18, 9.7725549478e-18, 1.02543578761e-17, 9.18970942613e-18, 6.94248469495e-18, 6.47030270434e-18, 4.24354821178e-18, 2.17988623226e-18, 8.94556748192e-19, 2.2748798089e-19, 2.62057005756e-20], "dvar2": [0.00020208049682, 0.0882084071636, 1.8045989275, 8.43796253204, 312.186218262, 579.057678223, 915.116516113, 976.428771973, 2919.72070312, 4668.96044922, 1548.2644043, 658.560546875, 1052.03552246, 3645.31933594, 3197.35522461, 5670.91357422, 728.017700195, 1084.34106445, 650.328063965, 741.360168457, 1641.48254395, 231.349639893, 43.7175674438, 57.4358596802, 39.5516548157, 10.8976993561, 5.18809986115, 0.181445300579, 0.185770243406, 0.0368007980287, 0.0140851801261, 0.00153846258763, 0.000657473108731, 9.45025021792e-05, 1.41459113365e-05, 7.98790551926e-07, 1.60641903335e-07, 1.43301113198e-08, 8.77148145784e-11, 1.11849557394e-10], "dvar": [8.96105848369e-05, 0.0476838126779, 1.07110905647, 3.74016666412, 128.090454102, 233.051101685, 405.59753418, 480.607818604, 1502.41442871, 2127.11157227, 745.691711426, 281.268615723, 441.704772949, 1504.30541992, 1167.58740234, 2021.67858887, 305.93951416, 395.890899658, 265.357452393, 268.645172119, 528.110778809, 81.6434402466, 15.4214820862, 20.7328777313, 14.3653793335, 3.86201310158, 1.9479829073, 0.069587148726, 0.0667408332229, 0.0132528785616, 0.00560981687158, 0.000547859934159, 0.000284102687147, 3.84634149668e-05, 5.78562867304e-06, 3.29471049554e-07, 6.85979060222e-08, 5.99760863196e-09, 3.67496068299e-11, 4.83895770675e-11], "dmean": [0.0039946641773, 0.0962987244129, 0.419956594706, 0.857179880142, 5.01804304123, 7.60656166077, 7.85638856888, 9.01518344879, 15.2265768051, 15.8393621445, 9.66787528992, 7.15365028381, 8.26984882355, 11.5977687836, 9.8978471756, 10.1273756027, 6.38254785538, 5.3017706871, 4.16464471817, 5.19535207748, 6.0368437767, 3.28552436829, 1.5697350502, 1.53965580463, 1.07259047031, 0.631529986858, 0.419826954603, 0.0909163504839, 0.069737650454, 0.033137395978, 0.0198800172657, 0.00658286036924, 0.00410145474598, 0.00157737580594, 0.000629970862065, 0.000156314374181, 6.34129173704e-05, 1.77073889063e-05, 2.39134215008e-06, 4.50450670542e-06], "max": [0.419947624207, 8.9353685379, 53.1685523987, 67.4336395264, 411.379180908, 453.836181641, 660.52746582, 1133.67810059, 1333.62597656, 2248.00048828, 1056.99194336, 475.841003418, 677.439880371, 1201.71191406, 918.351318359, 1243.4987793, 597.984863281, 685.61315918, 856.449584961, 743.756225586, 698.361755371, 205.055496216, 86.3238067627, 140.579589844, 124.880233765, 61.7926902771, 52.1235923767, 10.9448776245, 9.15070343018, 3.51658678055, 2.39946961403, 0.670213997364, 0.94642239809, 0.288968622684, 0.0777133777738, 0.0257540065795, 0.0119788032025, 0.00288611394353, 0.000330797687639, 0.000194794411073], "var": [0.00103748717811, 0.598867714405, 13.7560281754, 33.2486343384, 499.333282471, 867.231323242, 1648.6484375, 2794.56958008, 7119.03173828, 6857.10449219, 2639.0546875, 867.682861328, 1148.87597656, 4301.35693359, 2056.70898438, 3019.07885742, 911.459655762, 688.957519531, 435.688446045, 560.659545898, 773.240722656, 152.960449219, 35.6016464233, 53.5805892944, 30.568107605, 10.2579622269, 6.52923727036, 0.266233742237, 0.220671623945, 0.0429565869272, 0.0191294923425, 0.00242168083787, 0.00126849883236, 0.000167673439137, 2.86859904008e-05, 2.39888072429e-06, 3.57231897397e-07, 2.41629170006e-08, 1.80146092488e-10, 5.51189149878e-10], "mean": [0.0134422471747, 0.355463624001, 1.58885502815, 2.76582098007, 12.0877275467, 18.3833198547, 19.2520122528, 23.947599411, 36.6938781738, 35.3634986877, 21.3744316101, 14.4358081818, 15.1948127747, 21.0766429901, 16.0200443268, 15.082285881, 11.7574129105, 9.17377471924, 7.10291242599, 8.69069480896, 9.67569446564, 5.52700185776, 2.95031809807, 3.00218844414, 2.11268901825, 1.26369225979, 0.916882038116, 0.230588674545, 0.163842499256, 0.079377502203, 0.0468576811254, 0.0179870761931, 0.0107667362317, 0.00440878933296, 0.0018255104078, 0.00054671196267, 0.000200702794245, 4.58941722172e-05, 1.04706778075e-05, 2.12696686503e-05]}, "spectral_strongpeak": {"dmean2": 0.484626024961, "median": 0.585460066795, "min": 0, "dvar2": 0.611852049828, "dvar": 0.244268476963, "dmean": 0.298107355833, "max": 6.78244304657, "var": 0.653455674648, "mean": 0.83097922802}, "spectral_energy": {"dmean2": 0.00600561359897, "median": 0.0116220926866, "min": 9.72091185204e-21, "dvar2": 8.99566512089e-05, "dvar": 3.89681990782e-05, "dmean": 0.00403982121497, "max": 0.17675293982, "var": 0.000435595517047, "mean": 0.0188764240593}, "average_loudness": 0.126608878374, "spectral_rolloff": {"dmean2": 263.435272217, "median": 538.330078125, "min": 21.533203125, "dvar2": 331796.53125, "dvar": 135057.03125, "dmean": 147.559188843, "max": 19896.6796875, "var": 9673617, "mean": 1199.37011719}, "spectral_centroid": {"dmean2": 147.339706421, "median": 535.439819336, "min": 180.601623535, "dvar2": 63598.1640625, "dvar": 26909.3183594, "dmean": 91.3123550415, "max": 11820.1201172, "var": 3185628.5, "mean": 910.918640137}, "pitch_salience": {"dmean2": 0.0846677869558, "median": 0.524281084538, "min": 0.096029818058, "dvar2": 0.00529992533848, "dvar": 0.0021364770364, "dmean": 0.0537468530238, "max": 0.978830754757, "var": 0.0142637984827, "mean": 0.521539568901}, "spectral_energyband_middle_high": {"dmean2": 0.00139604951255, "median": 0.000898417842109, "min": 1.11513751167e-21, "dvar2": 1.03846869024e-05, "dvar": 3.93398886445e-06, "dmean": 0.000867213821039, "max": 0.0539552345872, "var": 1.32803770612e-05, "mean": 0.00223130406812}, "spectral_contrast_coeffs": {"dmean2": [0.0649654045701, 0.0624793805182, 0.057099532336, 0.0460826717317, 0.0343763008714, 0.0222505945712], "median": [-0.557107686996, -0.685402870178, -0.716002583504, -0.736360311508, -0.744525194168, -0.757940769196], "min": [-0.981421768665, -0.988859117031, -0.977936267853, -0.972364902496, -0.969588339329, -0.966692447662], "dvar2": [0.00295845419168, 0.00263955350965, 0.00226849294268, 0.00137418753002, 0.000775386230089, 0.000335640070261], "dvar": [0.00109466654249, 0.00100136187393, 0.000843963818625, 0.000498066248838, 0.00027894260711, 0.000116430463095], "dmean": [0.0395163409412, 0.0390493087471, 0.0354328304529, 0.0273850820959, 0.0206061825156, 0.0131909642369], "max": [-0.244414135814, -0.345561206341, -0.429418623447, -0.494787186384, -0.549844205379, -0.627907991409], "var": [0.0140763027593, 0.00900688767433, 0.00647319108248, 0.00489053828642, 0.0048800567165, 0.0029870159924], "mean": [-0.561222434044, -0.688213586807, -0.721323311329, -0.742659687996, -0.750057280064, -0.765169978142]}, "melbands_skewness": {"dmean2": 0.820923507214, "median": 2.02241897583, "min": -1.68385231495, "dvar2": 0.695025742054, "dvar": 0.278634428978, "dmean": 0.529399633408, "max": 15.6916475296, "var": 1.91462206841, "mean": 2.18514919281}, "spectral_spread": {"dmean2": 456399.40625, "median": 2070376.25, "min": 551797.875, "dvar2": 636205465600, "dvar": 286191157248, "dmean": 259674.046875, "max": 42988628, "var": 43148629770200.0, "mean": 3277377.25}, "dissonance": {"dmean2": 0.0504287779331, "median": 0.423132747412, "min": 0.187649101019, "dvar2": 0.00202379655093, "dvar": 0.00073096959386, "dmean": 0.0301050599664, "max": 0.500000119209, "var": 0.00264892610721, "mean": 0.415431052446}, "spectral_skewness": {"dmean2": 1.10389757156, "median": 2.66925859451, "min": -0.0894025862217, "dvar2": 0.998004794121, "dvar": 0.327089190483, "dmean": 0.62628030777, "max": 10.089468956, "var": 2.18474268913, "mean": 3.00830507278}, "spectral_flux": {"dmean2": 0.0173744820058, "median": 0.0363054648042, "min": 6.22048176857e-11, "dvar2": 0.000412485329434, "dvar": 0.000144911085954, "dmean": 0.0102381994948, "max": 0.2087059021, "var": 0.000888574286364, "mean": 0.0423999503255}, "spectral_contrast_valleys": {"dmean2": [0.577388584614, 0.474438905716, 0.417762577534, 0.344576567411, 0.265345752239, 0.232510492206], "median": [-8.0092048645, -6.99734926224, -8.34930992126, -9.04074478149, -9.60176944733, -13.1345748901], "min": [-28.5350646973, -28.1289310455, -27.8525257111, -27.9211387634, -27.5141067505, -27.4285526276], "dvar2": [0.234871089458, 0.154379740357, 0.112238012254, 0.0836515724659, 0.0616000853479, 0.0517891943455], "dvar": [0.0921331271529, 0.0634167119861, 0.0487213246524, 0.0378502160311, 0.0314589478076, 0.0250905528665], "dmean": [0.341116905212, 0.288703352213, 0.249029278755, 0.203909903765, 0.159691542387, 0.138817638159], "max": [-5.6057009697, -4.42982006073, -6.00207471848, -6.75558423996, -7.30810976028, -10.6859769821], "var": [12.0674571991, 13.1436862946, 11.7449970245, 10.9859266281, 10.2577314377, 6.43847179413], "mean": [-8.78953838348, -7.71668195724, -9.00312232971, -9.69900798798, -10.1642284393, -13.5212211609]}, "erbbands_flatness_db": {"dmean2": 0.0197627097368, "median": 0.260268300772, "min": 0.0271102990955, "dvar2": 0.000306323607219, "dvar": 0.000130802422063, "dmean": 0.0130964489654, "max": 0.428481251001, "var": 0.00318308407441, "mean": 0.261423289776}, "spectral_energyband_high": {"dmean2": 1.81053219421e-05, "median": 6.60648493067e-06, "min": 7.07619652165e-21, "dvar2": 2.5183375385e-09, "dvar": 9.7713270808e-10, "dmean": 1.09583988888e-05, "max": 0.000927890650928, "var": 4.89504436985e-09, "mean": 3.099015521e-05}, "spectral_entropy": {"dmean2": 0.175621256232, "median": 6.35310077667, "min": 4.18909072876, "dvar2": 0.0252676215023, "dvar": 0.0107594877481, "dmean": 0.11619912833, "max": 9.82350540161, "var": 0.636982560158, "mean": 6.37487888336}, "silence_rate_20dB": {"dmean2": 0, "median": 1, "min": 1, "dvar2": 0, "dvar": 0, "dmean": 0, "max": 1, "var": 0, "mean": 1}, "melbands_flatness_db": {"dmean2": 0.0233302693814, "median": 0.330253392458, "min": 0.00252059637569, "dvar2": 0.000438346178271, "dvar": 0.0001871700224, "dmean": 0.0155291575938, "max": 0.620033621788, "var": 0.00838221330196, "mean": 0.327132701874}, "barkbands": {"dmean2": [2.17259912461e-05, 0.000461449468276, 0.000498386390973, 0.000679782067891, 0.00315414764918, 0.00158191251103, 0.00159639131743, 0.000849143310916, 0.000542629277334, 0.000582818349358, 0.000285234942567, 0.000516973261256, 0.000197876594029, 0.000183504569577, 0.000157911228598, 0.000195364860701, 0.000100339049823, 4.73944128316e-05, 4.63553915324e-05, 2.25366075028e-05, 1.10036999104e-05, 2.96236180475e-06, 1.39928351928e-06, 4.06838495337e-07, 1.75082917053e-07, 4.77788759667e-08, 1.5022461497e-08], "median": [3.50390905623e-06, 0.000226642398047, 0.000211889462662, 0.00022476457525, 0.00256836600602, 0.000724558194634, 0.000800891662948, 0.000196325636352, 0.000147921949974, 0.000109462227556, 4.54020191683e-05, 2.93094653898e-05, 4.41733536718e-05, 4.04424063163e-05, 2.81236443698e-05, 3.35461554641e-05, 2.08896453842e-05, 9.0328803708e-06, 8.39379026729e-06, 5.40621522305e-06, 2.17090132537e-06, 6.66122787152e-07, 2.40785027472e-07, 9.64609228049e-08, 3.99543651497e-08, 1.5583266233e-08, 1.64033397976e-09], "min": [6.66221753926e-26, 8.18757944668e-25, 1.49026080188e-24, 7.66702788469e-25, 6.92134488669e-24, 6.40786033513e-24, 3.54498826348e-24, 8.05894305431e-24, 1.31371333686e-23, 1.47162459408e-23, 1.02451574572e-23, 1.91142417285e-23, 1.84599604937e-23, 2.81810303198e-23, 2.44194291348e-23, 4.68556619539e-23, 4.88493217207e-23, 7.34466358342e-23, 1.23088440909e-22, 1.60658490568e-22, 2.40487263561e-22, 3.28395575189e-22, 3.79214625792e-22, 5.37292682919e-22, 8.61057455267e-22, 1.18473175474e-21, 1.87341303004e-21], "dvar2": [4.34712266184e-09, 1.06176651116e-06, 1.40048337016e-06, 2.7594896892e-06, 3.78895492759e-05, 1.65912078955e-05, 1.38506729854e-05, 5.85719908486e-06, 1.80465428912e-06, 2.90961429528e-06, 1.10806797693e-06, 5.9500766838e-06, 2.74693775282e-07, 3.66076505998e-07, 3.3560431234e-07, 3.95752948634e-07, 8.32984881072e-08, 2.15346709354e-08, 2.33704682273e-08, 4.08878575442e-09, 1.31583433038e-09, 8.9720716967e-11, 2.74022072394e-11, 2.18216330422e-12, 4.46700266837e-13, 3.42207849785e-14, 6.4211450149e-15], "dvar": [1.43806633268e-09, 5.64111928725e-07, 8.04337332738e-07, 1.32203081193e-06, 1.5837364117e-05, 7.18515002518e-06, 7.32563603378e-06, 2.59319858742e-06, 7.65195693475e-07, 1.2241106333e-06, 3.9337629687e-07, 2.15002705772e-06, 1.13870164853e-07, 1.32645141093e-07, 1.30705458901e-07, 1.28164458602e-07, 2.87033969926e-08, 7.48735917711e-09, 8.39692937404e-09, 1.47701906261e-09, 4.90016083265e-10, 3.24274634922e-11, 1.02868876611e-11, 8.8373151028e-13, 1.83132466982e-13, 1.38234667379e-14, 2.61877430412e-15], "dmean": [1.26092145365e-05, 0.000334559648763, 0.000366852385923, 0.000468250393169, 0.002081861021, 0.00108699139673, 0.00113468873315, 0.000571052543819, 0.000358644552762, 0.000376721203793, 0.000173137959791, 0.000303823588183, 0.000124514655909, 0.000111937086331, 9.52919581323e-05, 0.000112287605589, 5.89616975049e-05, 2.8098022085e-05, 2.7571895771e-05, 1.33940848173e-05, 6.68819257044e-06, 1.77661308953e-06, 8.54002564665e-07, 2.47681612109e-07, 1.10209107618e-07, 3.08692307271e-08, 9.25472143365e-09], "max": [0.00119760