{"tonal": {"thpcp": [1, 0.937741994858, 0.739167630672, 0.575538277626, 0.428448826075, 0.421871006489, 0.424095839262, 0.411759972572, 0.479861289263, 0.492504805326, 0.436747342348, 0.447092264891, 0.422319561243, 0.390346318483, 0.498293459415, 0.641794800758, 0.550461709499, 0.442209452391, 0.441074848175, 0.403686344624, 0.568562209606, 0.843617558479, 0.72937220335, 0.550754070282, 0.545253932476, 0.478285849094, 0.49115216732, 0.593346834183, 0.647220551968, 0.808991372585, 0.989113271236, 0.802581608295, 0.670326411724, 0.679872632027, 0.553676724434, 0.693156778812], "hpcp": {"dmean2": [0.30018427968, 0.283269435167, 0.251121520996, 0.244140699506, 0.228936731815, 0.232469826937, 0.271882265806, 0.303630143404, 0.347350358963, 0.39952519536, 0.349462419748, 0.326606065035, 0.365046411753, 0.343865096569, 0.362457752228, 0.376810222864, 0.389274418354, 0.353273510933, 0.288668602705, 0.230139642954, 0.22520057857, 0.217647269368, 0.226664528251, 0.275057315826, 0.266406714916, 0.232194915414, 0.22830593586, 0.210876047611, 0.190720796585, 0.217487901449, 0.270142436028, 0.236340418458, 0.20419588685, 0.210672602057, 0.214114680886, 0.24626237154], "median": [0.211754634976, 0.198446273804, 0.139478042722, 0.131075903773, 0.113821178675, 0.114012382925, 0.138451963663, 0.165806233883, 0.220721974969, 0.260332465172, 0.208646073937, 0.170186892152, 0.144924715161, 0.110207088292, 0.146559327841, 0.234691634774, 0.243567630649, 0.190854460001, 0.137806639075, 0.0914799943566, 0.0865799188614, 0.0895568281412, 0.0790596827865, 0.0864981934428, 0.0914949178696, 0.0900274217129, 0.102766871452, 0.0986056253314, 0.0924915596843, 0.121644340456, 0.160768210888, 0.143295153975, 0.109655097127, 0.103564292192, 0.0934072881937, 0.14594489336], "min": [1.00108281913e-05, 1.3160502931e-05, 1.90400223801e-05, 1.4745613953e-05, 8.52696757647e-05, 5.43125825061e-05, 6.05603127042e-05, 9.33624760364e-05, 0.000149483777932, 0.000235583211179, 0.000147065584315, 0.00053426012164, 0.000298637809465, 6.40926082269e-05, 9.96409071377e-05, 0.000202615294256, 0.000248679629294, 0.000266355549684, 0.000106281469925, 6.12793737673e-05, 0.00010706656758, 2.85156893369e-05, 1.74253036676e-05, 1.14113909149e-05, 1.02356543721e-05, 1.37872857522e-05, 1.35224572659e-05, 1.55144625751e-05, 1.54397184815e-05, 1.26832901515e-05, 9.72754151007e-06, 1.05524586616e-05, 1.18515590657e-05, 1.37144897963e-05, 1.91191556951e-05, 1.24610396597e-05], "dvar2": [0.0914742201567, 0.0854132324457, 0.075718306005, 0.0764355883002, 0.0743573233485, 0.0771476626396, 0.0965508967638, 0.106983453035, 0.115471892059, 0.138996437192, 0.119688086212, 0.115701369941, 0.148842543364, 0.155583575368, 0.15212418139, 0.135952591896, 0.134235322475, 0.127524897456, 0.106290183961, 0.0935640633106, 0.0977952778339, 0.0938523709774, 0.0902936831117, 0.1187075302, 0.104354299605, 0.0954572930932, 0.0846051499248, 0.0763591080904, 0.0673001930118, 0.065955542028, 0.0926829501987, 0.0686107650399, 0.0596446916461, 0.0697479993105, 0.0750681310892, 0.0783321559429], "dvar": [0.0385796390474, 0.0339815616608, 0.0292951371521, 0.0292537193745, 0.0282444749027, 0.0295554697514, 0.0374075397849, 0.0394135378301, 0.0423461869359, 0.0536854043603, 0.0437797345221, 0.0440072715282, 0.0573555454612, 0.0571717768908, 0.0543154031038, 0.057043697685, 0.0515823848546, 0.0475882440805, 0.0390437431633, 0.0345495268703, 0.0367564670742, 0.0350095331669, 0.0336071364582, 0.0442195944488, 0.0403180159628, 0.0357696339488, 0.031651891768, 0.0288489833474, 0.0254678726196, 0.024961348623, 0.0355411618948, 0.026303563267, 0.022560833022, 0.0257988814265, 0.0262921527028, 0.028414780274], "dmean": [0.178225979209, 0.167199715972, 0.14655418694, 0.144134730101, 0.132754176855, 0.135672912002, 0.159592285752, 0.178014278412, 0.204425022006, 0.233609944582, 0.20599399507, 0.187711313367, 0.207555636764, 0.19282335043, 0.205083623528, 0.2196264714, 0.226133182645, 0.203630715609, 0.167708545923, 0.132864579558, 0.131354495883, 0.127198934555, 0.130357518792, 0.158380836248, 0.152610048652, 0.133895039558, 0.131871014833, 0.121602930129, 0.110342793167, 0.128557130694, 0.160117596388, 0.139221191406, 0.119015268981, 0.123413361609, 0.122859917581, 0.143291831017], "max": [1, 1, 1, 1, 1, 1, 1, 1, 1, 1, 1, 1, 1, 1, 1, 1, 1, 1, 1, 1, 1, 1, 1, 1, 1, 1, 1, 1, 1, 1, 1, 1, 1, 1, 1, 1], "var": [0.0832163318992, 0.0546101592481, 0.040324319154, 0.0442296229303, 0.0387062989175, 0.0398463904858, 0.0546717382967, 0.0522395707667, 0.0628175213933, 0.0944830924273, 0.0659548938274, 0.0542020574212, 0.0700124651194, 0.0579636767507, 0.0722169131041, 0.113609850407, 0.0862106308341, 0.0606635473669, 0.046673681587, 0.0371949151158, 0.0392569564283, 0.0392710603774, 0.0383892357349, 0.0513538382947, 0.0522679798305, 0.0405796095729, 0.0361447520554, 0.0323293618858, 0.0296115018427, 0.036258213222, 0.0542205162346, 0.0381796658039, 0.029170198366, 0.0348304286599, 0.0277939140797, 0.0385645143688], "mean": [0.314505517483, 0.271914184093, 0.205324321985, 0.203273832798, 0.17830774188, 0.183104380965, 0.221203133464, 0.241287589073, 0.301596671343, 0.36874717474, 0.299207091331, 0.24990157783, 0.253460466862, 0.206413894892, 0.258412867785, 0.372805804014, 0.349595665932, 0.275565981865, 0.214564010501, 0.159728214145, 0.157275959849, 0.158105388284, 0.153506502509, 0.178895071149, 0.183608651161, 0.162821948528, 0.166678592563, 0.15744318068, 0.145523369312, 0.18576669693, 0.239264816046, 0.205215319991, 0.16485825181, 0.164435267448, 0.15049661696, 0.211963295937]}, "tuning_equal_tempered_deviation": 0.135738283396, "chords_changes_rate": 0.0988296493888, "key_key": "G", "tuning_diatonic_strength": 0.487809926271, "key_scale": "major", "chords_number_rate": 0.0073688775301, "tuning_frequency": 441.782684326, "tuning_nontempered_energy_ratio": 0.791406333447, "chords_histogram": [19.2457733154, 6.06848716736, 6.41525793076, 0.65019506216, 3.98786306381, 0, 2.77416563034, 2.68747282028, 0.953619420528, 0.953619420528, 0.21673168242, 1.17035114765, 0, 0.173385351896, 1.21369743347, 5.93844842911, 2.1673169136, 3.38101434708, 1.0836584568, 10.3597745895, 23.2336368561, 2.77416563034, 3.03424358368, 1.51712179184], "key_strength": 0.50625449419, "chords_key": "F", "chords_strength": {"dmean2": 0.0149600068107, "median": 0.415342479944, "min": 0.21687926352, "dvar2": 0.000165575678693, "dvar": 9.88364845398e-05, "dmean": 0.0121194412932, "max": 0.657002389431, "var": 0.00719694653526, "mean": 0.419481545687}, "chords_scale": "major", "hpcp_entropy": {"dmean2": 1.25961267948, "median": 2.56135964394, "min": 0.0349174626172, "dvar2": 1.00521874428, "dvar": 0.366973340511, "dmean": 0.748508036137, "max": 4.64408731461, "var": 0.654776871204, "mean": 2.49968528748}}, "metadata": {"audio_properties": {"equal_loudness": 0, "codec": "vorbis", "downmix": "mix", "sample_rate": 44100, "analysis_sample_rate": 44100, "bit_rate": 320000, "md5_encoded": "28a669b047d248c66c06af7246e072fb", "length": 107.081726074, "replay_gain": -15.4598255157, "lossless": false}, "version": {"essentia_build_sha": "cead25079874084f62182a551b7393616cd33d87", "essentia": "2.1-beta2", "extractor": "music 1.0", "essentia_git_sha": "v2.1_beta2-1-ge3940c0"}, "tags": {"title": ["Car (live)"], "barcode": ["721616045925"], "media": ["CD"], "albumartist": ["Frantix"], "tracktotal": ["23"], "musicbrainz_releasegroupid": ["e6008fbc-5dd4-4731-bd37-11566fcdee07"], "performer": ["Matt Bischoff (bass guitar)", "Paul Katopodes (bass guitar)", "Davey Stewart (drums)", "Rick Kulwicki (guitar)", "Marc Deaton (vocals)"], "releasetype": ["album", "compilation"], "musicbrainz_recordingid": ["04838d85-23ea-4d42-8792-b61d83b8af00"], "musicbrainz_albumartistid": ["7be8555e-5498-4b87-906c-48ce5ba908eb"], "musicbrainz_releasetrackid": ["90e61564-0a73-4f98-b847-c11530f31e81"], "discnumber": ["1"], "totaldiscs": ["1"], "catalognumber": ["VIRUS 459"], "releasecountry": ["US"], "isrc": ["US2B21410026"], "originaldate": ["2014"], "albumartistsort": ["Frantix"], "date": ["2014"], "file_name": "21 Car (live).ogg", "disctotal": ["1"], "musicbrainz_artistid": ["7be8555e-5498-4b87-906c-48ce5ba908eb"], "asin": ["B00IY28X82"], "musicbrainz_albumid": ["ce524655-d36a-4b98-811c-78d6ee4371a9"], "artist": ["Frantix"], "tracknumber": ["21"], "artistsort": ["Frantix"], "album": ["My Dad's a Fuckin' Alcoholic"], "label": ["Alternative Tentacles"], "releasestatus": ["official"], "acoustid_id": ["3ba886ae-97c2-4438-8e82-6daa71da9456"], "script": ["Latn"], "totaltracks": ["23"]}}, "rhythm": {"bpm_histogram_first_peak_bpm": {"dmean2": 0, "median": 123, "min": 123, "dvar2": 0, "dvar": 0, "dmean": 0, "max": 123, "var": 0, "mean": 123}, "bpm": 123.047775269, "bpm_histogram_second_peak_spread": {"dmean2": 0, "median": 0.566037774086, "min": 0.566037774086, "dvar2": 0, "dvar": 0, "dmean": 0, "max": 0.566037774086, "var": 0, "mean": 0.566037774086}, "bpm_histogram_first_peak_weight": {"dmean2": 0, "median": 0.140271499753, "min": 0.140271499753, "dvar2": 0, "dvar": 0, "dmean": 0, "max": 0.140271499753, "var": 0, "mean": 0.140271499753}, "onset_rate": 2.17549538612, "beats_position": [0.49922901392, 1.01006805897, 1.52090704441, 2.02013611794, 2.51936507225, 2.9837641716, 3.45977306366, 3.9125623703, 4.3653512001, 4.80653047562, 5.23609972, 5.66566896439, 6.09523820877, 6.52480697632, 6.9543762207, 7.38394546509, 7.8251247406, 8.25469398499, 8.68426322937, 9.11383247375, 9.55501079559, 9.98458003998, 10.4257593155, 10.866938591, 11.3081178665, 11.7609071732, 12.1672563553, 12.5736055374, 12.9799547195, 13.3863039017, 13.7926530838, 14.1873922348, 14.5821313858, 14.9768705368, 15.3716096878, 15.7547388077, 16.1378688812, 16.50938797, 16.8809070587, 17.2756462097, 17.6703853607, 18.181224823, 18.6920623779, 19.1912918091, 19.6905212402, 20.1897506714, 20.6889801025, 21.1765975952, 21.6642169952, 22.1518363953, 22.6394557953, 23.1270751953, 23.614692688, 24.0790920258, 24.5434913635, 25.0078907013, 25.4722900391, 25.9599094391, 26.4475269318, 26.9351463318, 27.4227657318, 27.9103851318, 28.4444446564, 28.9668922424, 29.4893417358, 30.0001811981, 30.5110206604, 31.0218582153, 31.5326976776, 32.0435371399, 32.5543746948, 32.9955558777, 33.4367332458, 33.8779144287, 34.3074836731, 34.7370529175, 35.1782302856, 35.6194114685, 36.0605888367, 36.5017662048, 36.9429473877, 37.3725166321, 37.8020858765, 38.2200431824, 38.638004303, 39.0559616089, 39.4739227295, 39.8918800354, 40.3214492798, 40.7626304626, 41.192199707, 41.7146492004, 42.2370948792, 42.7479362488, 43.2587738037, 43.7696151733, 44.2804527283, 44.7796821594, 45.2789115906, 45.7781410217, 46.2773704529, 46.7765960693, 47.2642173767, 47.7634468079, 48.2742843628, 48.7735137939, 49.2495231628, 49.7371406555, 50.2131500244, 50.6891593933, 51.1651687622, 51.6411781311, 52.1171875, 52.5931968689, 53.0692062378, 53.5452156067, 54.0096130371, 54.485622406, 54.9616317749, 55.4492492676, 55.9252586365, 56.4128799438, 56.8888893127, 57.3648986816, 57.8409042358, 58.2936935425, 58.7464828491, 59.1992721558, 59.6404533386, 60.0932426453, 60.5576400757, 60.952381134, 61.3587303162, 61.7534675598, 62.1598167419, 62.6009979248, 63.0305671692, 63.4601364136, 63.9013137817, 64.3424911499, 64.772064209, 65.1900177002, 65.6079788208, 66.0375518799, 66.4671173096, 66.8734664917, 67.2798156738, 67.686164856, 68.1041259766, 68.5220870972, 68.9516525269, 69.3812255859, 69.7991790771, 70.2403640747, 70.6931533813, 71.145942688, 71.6567764282, 72.1676177979, 72.6784591675, 73.1776885986, 73.6769180298, 74.1761474609, 74.6869812012, 75.1862106323, 75.673828125, 76.1730575562, 76.6722869873, 77.15990448, 77.6475296021, 78.1583633423, 78.6459884644, 79.133605957, 79.6212234497, 80.1320648193, 80.619682312, 81.1072998047, 81.5949172974, 82.08253479, 82.5817642212, 83.0693893433, 83.5453948975, 84.0214080811, 84.5090255737, 84.9850311279, 85.4726486206, 85.9486618042, 86.4362792969, 86.9122848511, 87.3999099731, 87.8991394043, 88.386756897, 88.8859863281, 89.3968200684, 89.9192733765, 90.4417190552, 90.9873886108, 91.5330581665, 92.0787277222, 92.6592254639, 93.2397232056, 93.8086166382, 94.3775024414, 94.9347839355, 95.4920654297, 96.0609512329, 96.6182327271, 97.1755065918, 97.7327880859, 98.3016738892, 98.8705673218, 99.4510650635, 100.066390991, 100.681724548, 101.297050476, 101.912376404, 102.53931427, 103.166259766, 103.804801941, 104.443351746, 105.08190155, 105.720451355, 106.35900116], "beats_loudness": {"dmean2": 0.0119697842747, "median": 0.0241546444595, "min": 1.03303209471e-05, "dvar2": 0.000175729568582, "dvar": 6.38779674773e-05, "dmean": 0.00715008471161, "max": 0.0760442987084, "var": 0.000151889209519, "mean": 0.0232982095331}, "danceability": 0.887855410576, "bpm_histogram_second_peak_weight": {"dmean2": 0, "median": 0.104072399437, "min": 0.104072399437, "dvar2": 0, "dvar": 0, "dmean": 0, "max": 0.104072399437, "var": 0, "mean": 0.104072399437}, "beats_count": 222, "bpm_histogram_second_peak_bpm": {"dmean2": 0, "median": 140, "min": 140, "dvar2": 0, "dvar": 0, "dmean": 0, "max": 140, "var": 0, "mean": 140}, "bpm_histogram_first_peak_spread": {"dmean2": 0, "median": 0.581081032753, "min": 0.581081032753, "dvar2": 0, "dvar": 0, "dmean": 0, "max": 0.581081032753, "var": 0, "mean": 0.581081032753}, "beats_loudness_band_ratio": {"dmean2": [0.257461041212, 0.117924645543, 0.174446076155, 0.159536615014, 0.231256708503, 0.117939434946], "median": [0.161449104548, 0.0851586461067, 0.075565084815, 0.104341417551, 0.371874153614, 0.0820612311363], "min": [2.38371085288e-05, 1.06158249764e-05, 1.56602836796e-05, 4.63603682874e-05, 0.00391524843872, 0.0026485864073], "dvar2": [0.0520415194333, 0.0191749949008, 0.0434593707323, 0.0316399000585, 0.0458262600005, 0.0136406179518], "dvar": [0.0191459674388, 0.00648998469114, 0.0147440647706, 0.0117543786764, 0.0177574642003, 0.00463966885582], "dmean": [0.148067981005, 0.0673796311021, 0.0988202989101, 0.0925673246384, 0.142436355352, 0.0651688575745], "max": [0.769759178162, 0.726267635822, 0.831016540527, 0.786525011063, 0.996416687965, 0.43584805727], "var": [0.0244150850922, 0.00683851819485, 0.0164091009647, 0.0170000549406, 0.0395782403648, 0.00551693839952], "mean": [0.193400144577, 0.0992821082473, 0.119505926967, 0.14313852787, 0.374039947987, 0.102334871888]}}, "lowlevel": {"barkbands_spread": {"dmean2": 8.58323669434, "median": 31.3261489868, "min": 0.0735829547048, "dvar2": 67.0594329834, "dvar": 27.982635498, "dmean": 5.42952299118, "max": 89.5783843994, "var": 186.616500854, "mean": 31.759437561}, "melbands_spread": {"dmean2": 16.1336994171, "median": 52.9916572571, "min": 0.429870635271, "dvar2": 219.782409668, "dvar": 94.0135879517, "dmean": 10.1367044449, "max": 180.135498047, "var": 308.199310303, "mean": 50.7656478882}, "hfc": {"dmean2": 10.9933795929, "median": 34.7963027954, "min": 0.00166907452513, "dvar2": 127.295501709, "dvar": 51.7334213257, "dmean": 6.8168759346, "max": 185.477355957, "var": 360.022888184, "mean": 32.002281189}, "barkbands_kurtosis": {"dmean2": 3.10207915306, "median": -0.915305614471, "min": -1.9260058403, "dvar2": 647.674499512, "dvar": 330.65045166, "dmean": 2.05535006523, "max": 1172.48852539, "var": 1816.03259277, "mean": 2.98915076256}, "gfcc": {"mean": [-25.6427345276, 76.0354614258, -160.864151001, 37.2085075378, -41.8358840942, -0.48519051075, -34.5733337402, -1.48825407028, -18.4393196106, -8.60492897034, -20.6156673431, -2.09208321571, -10.4699354172], "icov": [[0.0044186715968, -0.00736877974123, 0.00762641523033, -0.00847490038723, 0.00779119553044, -0.00711632054299, 0.00664377072826, -0.00718720722944, 0.00729752099141, -0.00765556190163, 0.00960189756006, -0.00896016228944, 0.00425773719326], [-0.00736877974123, 0.0144259314984, -0.0117318565026, 0.012577470392, -0.0133328055963, 0.012979385443, -0.013020102866, 0.0133462781087, -0.0126499710605, 0.0130962617695, -0.0170257296413, 0.0155767500401, -0.00705806026235], [0.00762641523033, -0.0117318565026, 0.0156663972884, -0.0154115781188, 0.0132164070383, -0.0125909531489, 0.0107387248427, -0.0139910476282, 0.0141569925472, -0.0159226134419, 0.0156149109825, -0.0148034980521, 0.00793929118663], [-0.00847490038723, 0.012577470392, -0.0154115781188, 0.0195167474449, -0.0146083440632, 0.0120746269822, -0.010412119329, 0.0134784998372, -0.0152838975191, 0.0164767373353, -0.0184511300176, 0.0174983777106, -0.00805828999728], [0.00779119553044, -0.0133328055963, 0.0132164070383, -0.0146083440632, 0.0169953964651, -0.011622111313, 0.0113468170166, -0.0135542843491, 0.0120019521564, -0.0128416987136, 0.0177731011063, -0.0175627414137, 0.00801222957671], [-0.00711632054299, 0.012979385443, -0.0125909531489, 0.0120746269822, -0.011622111313, 0.0194165613502, -0.012784909457, 0.00807799957693, -0.0104868663475, 0.0120852636173, -0.0172756239772, 0.0163591261953, -0.0100746080279], [0.00664377072826, -0.013020102866, 0.0107387248427, -0.010412119329, 0.0113468170166, -0.012784909457, 0.0193143952638, -0.0141844376922, 0.0117337312549, -0.00964376423508, 0.01183422748, -0.0123596554622, 0.00599067471921], [-0.00718720722944, 0.0133462781087, -0.0139910476282, 0.0134784998372, -0.0135542843491, 0.00807799957693, -0.0141844376922, 0.0317905955017, -0.0193811245263, 0.0113994032145, -0.0123438891023, 0.0114317275584, -0.00782149191946], [0.00729752099141, -0.0126499710605, 0.0141569925472, -0.0152838975191, 0.0120019521564, -0.0104868663475, 0.0117337312549, -0.0193811245263, 0.0310146175325, -0.0214120205492, 0.0175470374525, -0.0102156223729, -0.000378737226129], [-0.00765556190163, 0.0130962617695, -0.0159226134419, 0.0164767373353, -0.0128416987136, 0.0120852636173, -0.00964376423508, 0.0113994032145, -0.0214120205492, 0.0377506613731, -0.0240880679339, 0.0105434320867, 0.000253957026871], [0.00960189756006, -0.0170257296413, 0.0156149109825, -0.0184511300176, 0.0177731011063, -0.0172756239772, 0.01183422748, -0.0123438891023, 0.0175470374525, -0.0240880679339, 0.0412997640669, -0.0259420238435, 0.00759848859161], [-0.00896016228944, 0.0155767500401, -0.0148034980521, 0.0174983777106, -0.0175627414137, 0.0163591261953, -0.0123596554622, 0.0114317275584, -0.0102156223729, 0.0105434320867, -0.0259420238435, 0.0466351248324, -0.0230689775199], [0.00425773719326, -0.00705806026235, 0.00793929118663, -0.00805828999728, 0.00801222957671, -0.0100746080279, 0.00599067471921, -0.00782149191946, -0.000378737226129, 0.000253957026871, 0.00759848859161, -0.0230689775199, 0.031544033438]], "cov": [[13810.7265625, 3352.16796875, -2370.94921875, 2067.29101562, -604.812683105, -180.769088745, -336.228118896, -424.111206055, 9.05856895447, -470.838409424, -237.869735718, -164.927230835, 5.93992471695], [3352.16796875, 1471.7623291, -744.448791504, 453.813598633, 82.9383163452, -225.931060791, 50.5472755432, -190.000106812, 7.9585018158, -169.286697388, -31.5096893311, -65.4124526978, -8.5802822113], [-2370.94921875, -744.448791504, 1024.44909668, -112.943534851, -39.8557624817, 229.249328613, 51.0172767639, 177.428833008, 0.947486579418, 176.406021118, 86.9735031128, 39.515209198, -9.05682182312], [2067.29101562, 453.813598633, -112.943534851, 604.487792969, -41.2525787354, 27.1660671234, -62.8805618286, -31.4378757477, 33.1014137268, -60.6255149841, -16.0193862915, -35.2648658752, 7.60973834991], [-604.812683105, 82.9383163452, -39.8557624817, -41.2525787354, 363.15057373, -60.9016571045, 23.60638237, 14.1832647324, 22.9053764343, -8.06522083282, -14.8252439499, 21.8377685547, 6.9102191925], [-180.769088745, -225.931060791, 229.249328613, 27.1660671234, -60.9016571045, 246.94329834, 49.4328918457, 88.0754623413, 15.0773477554, 40.5202102661, 37.5868530273, 16.5134105682, 32.753944397], [-336.228118896, 50.5472755432, 51.0172767639, -62.8805618286, 23.60638237, 49.4328918457, 168.977859497, 35.0475654602, 0.354127764702, 4.66529893875, 29.1995277405, 7.56960678101, 12.6488609314], [-424.111206055, -190.000106812, 177.428833008, -31.4378757477, 14.1832647324, 88.0754623413, 35.0475654602, 117.912696838, 40.866355896, 43.537109375, 13.0811691284, 22.4809055328, 22.5825099945], [9.05856895447, 7.9585018158, 0.947486579418, 33.1014137268, 22.9053764343, 15.0773477554, 0.354127764702, 40.866355896, 90.5932159424, 25.2221469879, -0.215478271246, 5.77591371536, 22.9995346069], [-470.838409424, -169.286697388, 176.406021118, -60.6255149841, -8.06522083282, 40.5202102661, 4.66529893875, 43.537109375, 25.2221469879, 94.4175109863, 35.9386405945, 20.6705474854, -3.31093215942], [-237.869735718, -31.5096893311, 86.9735031128, -16.0193862915, -14.8252439499, 37.5868530273, 29.1995277405, 13.0811691284, -0.215478271246, 35.9386405945, 79.4667434692, 26.3676071167, 12.3914489746], [-164.927230835, -65.4124526978, 39.515209198, -35.2648658752, 21.8377685547, 16.5134105682, 7.56960678101, 22.4809055328, 5.77591371536, 20.6705474854, 26.3676071167, 63.7426071167, 32.7028427124], [5.93992471695, -8.5802822113, -9.05682182312, 7.60973834991, 6.9102191925, 32.753944397, 12.6488609314, 22.5825099945, 22.9995346069, -3.31093215942, 12.3914489746, 32.7028427124, 66.3409957886]]}, "spectral_energyband_middle_low": {"dmean2": 0.0045242193155, "median": 0.00559057015926, "min": 1.02673588742e-07, "dvar2": 3.97173898818e-05, "dvar": 1.54649442266e-05, "dmean": 0.00275265960954, "max": 0.047621011734, "var": 3.35284021276e-05, "mean": 0.00654029333964}, "melbands_crest": {"dmean2": 5.39356374741, "median": 9.348736763, "min": 2.90623903275, "dvar2": 22.6541900635, "dvar": 9.03437995911, "dmean": 3.34534311295, "max": 29.9399719238, "var": 22.3644618988, "mean": 10.4515295029}, "spectral_kurtosis": {"dmean2": 3.62881779671, "median": 4.08127784729, "min": -0.436417818069, "dvar2": 21.3911399841, "dvar": 7.09749698639, "dmean": 2.05859303474, "max": 80.9504928589, "var": 36.9905853271, "mean": 5.55040884018}, "spectral_rms": {"dmean2": 0.000855956284795, "median": 0.00479990663007, "min": 1.99265396077e-05, "dvar2": 9.19637727748e-07, "dvar": 3.47431551972e-07, "dmean": 0.000524837523699, "max": 0.00885677523911, "var": 3.95637971451e-06, "mean": 0.00423627952114}, "zerocrossingrate": {"dmean2": 0.0104284211993, "median": 0.08642578125, "min": 0.0244140625, "dvar2": 9.5148163382e-05, "dvar": 8.11457503005e-05, "dmean": 0.00872003380209, "max": 0.27490234375, "var": 0.00149172975216, "mean": 0.0950843319297}, "silence_rate_60dB": {"dmean2": 0.00693992618471, "median": 0, "min": 0, "dvar2": 0.00732531072572, "dvar": 0.00345752760768, "dmean": 0.00346921081655, "max": 1, "var": 0.146438673139, "mean": 0.178192064166}, "erbbands_kurtosis": {"dmean2": 2.12602162361, "median": 1.19442987442, "min": -1.75005209446, "dvar2": 13.7273807526, "dvar": 6.20181751251, "dmean": 1.3421227932, "max": 125.802566528, "var": 37.4098320007, "mean": 2.23959302902}, "erbbands": {"dmean2": [0.0515403151512, 0.718849003315, 2.45278191566, 5.69491863251, 4.95715808868, 5.38152170181, 6.92424583435, 8.06330299377, 8.21212673187, 8.935754776, 17.0559234619, 27.8875827789, 21.4317150116, 22.4163379669, 28.6546096802, 22.8388671875, 17.34466362, 22.7083148956, 66.7872848511, 84.7875976562, 74.9522857666, 85.1317749023, 35.8148498535, 48.4989547729, 21.0502796173, 14.1363735199, 10.1360120773, 7.69389200211, 5.86940956116, 3.9623568058, 2.43199777603, 0.743396162987, 0.333320111036, 0.141570165753, 0.0438092648983, 0.0225174408406, 0.0088811153546, 0.000869521580171, 4.58136855741e-05, 1.21102193589e-05], "median": [0.00303734489717, 0.0554148741066, 0.689577400684, 2.73991060257, 2.6058204174, 2.88889575005, 4.06950998306, 4.35850429535, 5.98039484024, 4.67474508286, 6.55438280106, 6.10753393173, 9.39984893799, 13.4741373062, 20.4137229919, 18.8672924042, 13.3631162643, 23.7317504883, 69.0126953125, 106.979888916, 92.8869476318, 89.017829895, 54.2900848389, 63.0829353333, 31.8677387238, 19.2719650269, 10.3909959793, 5.06880569458, 4.46897792816, 2.25483465195, 0.712499380112, 0.303575962782, 0.100262060761, 0.033909175545, 0.0110270464793, 0.00419732648879, 0.00137501989957, 0.000357016455382, 8.26341201901e-05, 3.82172474929e-05], "min": [1.58785428539e-06, 6.15597627984e-06, 1.48109547808e-05, 2.91785236186e-05, 6.82473910274e-05, 0.000132262925035, 0.000238628053921, 0.000241022047703, 0.000131506341859, 0.000244193099206, 7.33312917873e-05, 7.27474180167e-05, 0.000151249347255, 0.000164252371178, 0.000122871060739, 0.000174120868905, 0.000261395325651, 0.000261513487203, 0.000260849948972, 0.00027940608561, 0.000533105747309, 0.000697068287991, 0.000774209096562, 0.000519306398928, 0.000353513431037, 0.00069669878576, 0.000534619786777, 0.000317114026984, 0.000402400270104, 0.000264154194156, 0.000863563735038, 0.000594679557253, 0.000245170725975, 0.000285757269012, 0.000158205424668, 6.11571304034e-05, 4.63612886961e-05, 1.7818158085e-05, 2.64992036136e-06, 3.2262971672e-07], "dvar2": [0.0154969068244, 2.96715068817, 25.3250808716, 75.0241088867, 73.6547698975, 67.3278808594, 134.523483276, 275.749847412, 168.046051025, 414.866363525, 2768.06323242, 7330.36474609, 5200.79785156, 1905.73779297, 2144.01049805, 1729.02270508, 1390.42504883, 1437.59716797, 8624.45507812, 10686.2333984, 8333.57714844, 13741.5078125, 1726.54553223, 3948.36352539, 614.274597168, 314.310119629, 208.158294678, 149.395233154, 94.5869369507, 51.1140098572, 34.5286445618, 1.92917597294, 0.677436888218, 0.139012441039, 0.0158900227398, 0.00884835235775, 0.0022514432203, 1.98267916858e-05, 1.95140845705e-08, 1.90101892561e-10], "dvar": [0.00583409471437, 1.13972938061, 9.50161838531, 27.9905967712, 26.0450172424, 25.6565437317, 51.2741203308, 110.169067383, 62.1288337708, 175.827819824, 1221.09033203, 3318.00927734, 2351.79125977, 865.137451172, 909.295898438, 813.798461914, 584.539367676, 562.777526855, 3213.68359375, 4137.7265625, 3132.29516602, 6076.94873047, 653.883972168, 1487.40600586, 232.590545654, 119.591163635, 81.8389892578, 61.3895072937, 38.5977973938, 21.2144432068, 14.1271152496, 0.8719419837, 0.283232092857, 0.0636750981212, 0.00842218473554, 0.00420489860699, 0.000905978900846, 7.70896167523e-06, 8.10235523119e-09, 7.127350099e-11], "dmean": [0.0305235870183, 0.417134255171, 1.444470644, 3.41590237617, 2.85267519951, 3.22375893593, 4.14883089066, 4.85111761093, 4.98594236374, 5.37863492966, 10.7370300293, 18.2367134094, 14.2593317032, 14.5126523972, 17.8793411255, 14.5296964645, 10.8318090439, 13.8804855347, 40.1707649231, 51.3341331482, 45.444770813, 51.1667747498, 21.8977508545, 29.2161083221, 12.7126331329, 8.49553585052, 6.15019416809, 4.78436565399, 3.64032864571, 2.40246915817, 1.52702569962, 0.478035449982, 0.21729747951, 0.0940570682287, 0.0306088998914, 0.0153953228146, 0.0056840069592, 0.000538521562703, 2.83605349978e-05, 7.35880439606e-06], "max": [0.657821238041, 11.0295953751, 32.2720794678, 52.1122970581, 50.9831619263, 73.811088562, 116.527992249, 239.781326294, 173.786651611, 394.373443604, 726.819824219, 1037.56176758, 1198.99157715, 691.703491211, 715.946899414, 1107.38525391, 555.462890625, 429.235961914, 1036.94140625, 1112.70788574, 1106.81420898, 3643.93530273, 287.430206299, 800.208190918, 264.221710205, 250.537857056, 210.182418823, 146.837692261, 108.841026306, 150.333053589, 101.855934143, 21.9680328369, 12.9376134872, 7.48662996292, 2.79781150818, 1.70982348919, 0.832913398743, 0.0818650200963, 0.00194108334836, 0.000117450443213], "var": [0.00516080018133, 0.990078568459, 8.35213470459, 39.179901123, 27.1945800781, 43.2865219116, 70.9027175903, 135.523864746, 89.4479217529, 244.025665283, 1812.42810059, 5718.69335938, 4254.21191406, 4307.74755859, 2739.01757812, 2272.66064453, 1224.77612305, 1041.77563477, 7914.03857422, 9412.05859375, 8450.39746094, 29763.1210938, 1833.97729492, 3207.08154297, 696.677856445, 336.152923584, 224.853118896, 181.864593506, 109.726089478, 59.3412513733, 32.0810661316, 2.9697368145, 0.666027069092, 0.17739585042, 0.0244794879109, 0.00701319146901, 0.000901728344616, 7.04079229763e-06, 9.78800862583e-09, 3.13220893666e-10], "mean": [0.0306581612676, 0.399180501699, 1.57383930683, 4.98698568344, 4.09588050842, 5.02234077454, 6.3998131752, 7.1936917305, 8.35793018341, 7.95218229294, 15.4195365906, 27.4254989624, 24.3555412292, 31.0527458191, 35.5990715027, 30.2315731049, 21.9408512115, 29.1736526489, 85.6605834961, 117.205535889, 104.968849182, 111.148002625, 57.1707115173, 68.2818756104, 33.4784965515, 21.5302581787, 14.2885360718, 10.4212675095, 8.33248138428, 5.23052549362, 3.01762223244, 1.07486522198, 0.434792399406, 0.192398011684, 0.0648808330297, 0.0263511762023, 0.00760993221775, 0.000920777500141, 0.000104876635305, 3.63046819984e-05]}, "spectral_strongpeak": {"dmean2": 1.55010724068, "median": 0.465320467949, "min": 0, "dvar2": 4.50470638275, "dvar": 1.85872220993, "dmean": 0.907382726669, "max": 24.4314403534, "var": 4.51573228836, "mean": 1.42895436287}, "spectral_energy": {"dmean2": 0.00927421171218, "median": 0.0236150827259, "min": 4.06993649449e-07, "dvar2": 0.000134725181852, "dvar": 4.99959242006e-05, "dmean": 0.00561069324613, "max": 0.0804035291076, "var": 0.000178546455572, "mean": 0.0224499367177}, "average_loudness": 0.919057965279, "spectral_rolloff": {"dmean2": 675.69354248, "median": 2648.58398438, "min": 129.19921875, "dvar2": 879308.75, "dvar": 375482.15625, "dmean": 423.871734619, "max": 10809.6679688, "var": 1822767.25, "mean": 2935.03833008}, "spectral_centroid": {"dmean2": 299.485290527, "median": 2248.04541016, "min": 341.870574951, "dvar2": 80540.4296875, "dvar": 34509.3398438, "dmean": 191.213577271, "max": 4428.22363281, "var": 122374.007812, "mean": 2216.76977539}, "pitch_salience": {"dmean2": 0.106355674565, "median": 0.649085044861, "min": 0.0617386512458, "dvar2": 0.00851676892489, "dvar": 0.00327292992733, "dmean": 0.0646409913898, "max": 0.864800214767, "var": 0.00885746348649, "mean": 0.633051812649}, "spectral_energyband_middle_high": {"dmean2": 0.00444438215345, "median": 0.0124646704644, "min": 7.32917158075e-08, "dvar2": 2.22735361604e-05, "dvar": 8.92486332305e-06, "dmean": 0.00278011825867, "max": 0.0750584825873, "var": 5.48472962691e-05, "mean": 0.011823521927}, "spectral_contrast_coeffs": {"dmean2": [0.0854569524527, 0.0737931877375, 0.0613134466112, 0.0527251549065, 0.0350294224918, 0.0280037969351], "median": [-0.628286242485, -0.781489610672, -0.797867357731, -0.750181734562, -0.77050691843, -0.685555756092], "min": [-0.913936913013, -0.939738750458, -0.943375945091, -0.918468058109, -0.923871338367, -0.892731010914], "dvar2": [0.00455889757723, 0.00359803135507, 0.00230395188555, 0.00167113123462, 0.000810771482065, 0.000632147421129], "dvar": [0.00175537110772, 0.00136243959423, 0.000945747073274, 0.000626610883046, 0.000298072904116, 0.000256829109276], "dmean": [0.0525636635721, 0.0448674634099, 0.0378099940717, 0.0318491011858, 0.0211721863598, 0.0175184123218], "max": [-0.324573099613, -0.33541727066, -0.40411567688, -0.524377048016, -0.470535516739, -0.543005943298], "var": [0.0134006170556, 0.00523484637961, 0.00427169678733, 0.00338330678642, 0.00259753572755, 0.00495813973248], "mean": [-0.629371464252, -0.777258038521, -0.78779810667, -0.755159258842, -0.776522815228, -0.708897352219]}, "melbands_skewness": {"dmean2": 0.896058142185, "median": 0.805343687534, "min": -12.3177900314, "dvar2": 0.971453070641, "dvar": 0.41740372777, "dmean": 0.575571894646, "max": 7.74613714218, "var": 1.70306968689, "mean": 0.819804131985}, "spectral_spread": {"dmean2": 475018.96875, "median": 2989044, "min": 922389.5625, "dvar2": 237389529088, "dvar": 100080066560, "dmean": 303700.75, "max": 8976799, "var": 2295487528960.0, "mean": 3341646.25}, "dissonance": {"dmean2": 0.0139619261026, "median": 0.491081684828, "min": 0.1914357692, "dvar2": 0.000363527942682, "dvar": 0.000147975079017, "dmean": 0.00844967924058, "max": 0.5, "var": 0.000474162923638, "mean": 0.485964953899}, "spectral_skewness": {"dmean2": 0.370439589024, "median": 1.14276540279, "min": 0.063848502934, "dvar2": 0.154189616442, "dvar": 0.05273841694, "dmean": 0.213675260544, "max": 7.48308229446, "var": 0.391814976931, "mean": 1.28002297878}, "spectral_flux": {"dmean2": 0.0252843033522, "median": 0.0898519456387, "min": 0.00175891735125, "dvar2": 0.00078265130287, "dvar": 0.00034460023744, "dmean": 0.0161449145526, "max": 0.238874018192, "var": 0.00193774525542, "mean": 0.0831190496683}, "spectral_contrast_valleys": {"dmean2": [0.754328250885, 0.619318246841, 0.484196633101, 0.386523634195, 0.298618912697, 0.338277548552], "median": [-7.87105464935, -6.68606233597, -6.82147693634, -6.65874433517, -6.44754505157, -10.7239694595], "min": [-12.022892952, -11.8592681885, -12.0023183823, -12.3076248169, -11.5339031219, -13.3616886139], "dvar2": [0.376811623573, 0.246919602156, 0.143670007586, 0.0935728549957, 0.0700259581208, 0.207934692502], "dvar": [0.156167253852, 0.0923524871469, 0.0533785112202, 0.0367507189512, 0.0276173669845, 0.0831499323249], "dmean": [0.469234317541, 0.370301932096, 0.28908225894, 0.231487363577, 0.17999561131, 0.220576897264], "max": [-5.55340337753, -5.00335836411, -5.26871109009, -5.80274009705, -5.57880020142, -8.38290596008], "var": [2.13500523567, 1.68471252918, 1.67247319221, 1.74403548241, 1.76239979267, 0.865557491779], "mean": [-8.26478099823, -7.1767373085, -7.31221723557, -7.21851873398, -7.04452133179, -10.6994895935]}, "erbbands_flatness_db": {"dmean2": 0.0257362052798, "median": 0.188525348902, "min": 0.048230048269, "dvar2": 0.000537575164344, "dvar": 0.000244642083999, "dmean": 0.0166458562016, "max": 0.588298797607, "var": 0.00371819525026, "mean": 0.189139083028}, "spectral_energyband_high": {"dmean2": 0.000494000327308, "median": 0.000592922966462, "min": 1.40574599072e-07, "dvar2": 4.90138972964e-07, "dvar": 2.09393206774e-07, "dmean": 0.000311635667458, "max": 0.0102120386437, "var": 9.18441742215e-07, "mean": 0.000905270513613}, "spectral_entropy": {"dmean2": 0.13957734406, "median": 7.78975009918, "min": 4.21002912521, "dvar2": 0.023485198617, "dvar": 0.0109634315595, "dmean": 0.0896586254239, "max": 8.59554576874, "var": 0.170523062348, "mean": 7.76121997833}, "silence_rate_20dB": {"dmean2": 0, "median": 1, "min": 1, "dvar2": 0, "dvar": 0, "dmean": 0, "max": 1, "var": 0, "mean": 1}, "melbands_flatness_db": {"dmean2": 0.0315594226122, "median": 0.128735110164, "min": 0.0359923057258, "dvar2": 0.00102980085649, "dvar": 0.000441240408691, "dmean": 0.0201968830079, "max": 0.507676899433, "var": 0.00255989702418, "mean": 0.133198991418}, "barkbands": {"dmean2": [4.40258518211e-05, 0.0027151950635, 0.0026084552519, 0.00200476590544, 0.00147887994535, 0.000940965197515, 0.00052825268358, 0.000682625221089, 0.00125526101328, 0.000686190731358, 0.00063305045478, 0.00068797043059, 0.000413935747929, 0.000598761136644, 0.00157602259424, 0.00184419273864, 0.00150703859981, 0.000713450193871, 0.000699445372447, 0.000301428051898, 0.000216528176679, 0.000155907429871, 8.73126991792e-05, 2.3916732971e-05, 9.13793155632e-06, 4.62121215605e-06, 2.51320756206e-07], "median": [2.21624895858e-06, 0.000163229939062, 0.000775096821599, 0.000896565848961, 0.000951722613536, 0.000588186609093, 0.000347180699464, 0.000282607157715, 0.000250479351962, 0.000359371450031, 0.000307626585709, 0.000486437202198, 0.000259062624536, 0.000528544187546, 0.00167984969448, 0.00189365562983, 0.00157240906265, 0.000972920388449, 0.000920432037674, 0.000396118091885, 0.000174837186933, 0.00011382644152, 2.90094085358e-05, 8.94435561349e-06, 2.20683773478e-06, 7.91352874785e-07, 4.61602667201e-07], "min": [1.04861996864e-09, 3.53536400155e-08, 3.52194318154e-09, 2.80200929126e-09, 3.70794133175e-08, 3.14557091485e-08, 1.09757678501e-08, 6.50138476388e-09, 3.97454291701e-09, 5.30211252681e-09, 2.25864460468e-09, 4.44288250634e-09, 6.27398311082e-09, 6.11917538862e-09, 2.19790918798e-09, 9.05810360052e-09, 1.22223324794e-08, 1.33686803849e-08, 6.52414744451e-09, 1.53135832903e-08, 9.96355176142e-09, 1.09059792308e-08, 2.46213112121e-08, 1.79086061536e-08, 2.43414621792e-08, 2.16532871633e-08, 2.29488943404e-08], "dvar2": [8.08980704647e-09, 4.24805039074e-05, 2.33037681028e-05, 9.60329543886e-06, 5.16049931321e-06, 3.05877756546e-06, 8.17433544853e-07, 4.17703859057e-06, 1.31879824039e-05, 2.335694262e-06, 1.52183724822e-06, 1.45389719819e-06, 8.23347249934e-07, 6.80139294218e-07, 3.68676978724e-06, 5.24903589394e-06, 4.33989907833e-06, 6.60198054447e-07, 7.62813556321e-07, 1.39191342896e-07, 1.04164726622e-07, 5.99140861368e-08, 3.71629411688e-08, 2.29873164947e-09, 5.8300220207e-10, 5.03718788902e-10, 5.95121120352e-13], "dvar": [4.33113545029e-09, 1.6264637452e-05, 8.49441858009e-06, 3.52513825419e-06, 1.9185081328e-06, 1.19135233945e-06, 3.00038323076e-07, 1.86304032468e-06, 6.11716404819e-06, 1.09154734673e-06, 6.15629232925e-07, 6.66548601203e-07, 3.39265881166e-07, 2.62437310994e-07, 1.38080349643e-06, 1.94578819901e-06, 1.99985379368e-06, 2.48979574735e-07, 2.87574835056e-07, 5.40482680833e-08, 4.19778238836e-08, 2.45750158001e-08, 1.55428505622e-08, 1.02784092348e-09, 2.88066209775e-10, 2.16541951037e-10, 2.42779293847e-13], "dmean": [3.0633800634e-05, 0.00159130909014, 0.00152449088637, 0.00118750310503, 0.000885058485437, 0.000569156196434, 0.000314117991365, 0.000420569733251, 0.000818652857561, 0.000439845316578, 0.000395156443119, 0.000433746317867, 0.000256068131421, 0.000359325058525, 0.00095192855224, 0.00109715643339, 0.00090745696798, 0.00043352515786, 0.000418344716309, 0.000181954354048, 0.000132415778353, 9.60372926784e-05, 5.43747773918e-05, 1.54407262016e-05, 6.22416473561e-06, 3.06271181216e-06, 1.53230800493e-07], "max": [0.000893135787919, 0.0419965013862, 0.025853369385, 0.0168373193592, 0.0207235962152, 0.026115808636, 0.0114844646305, 0.0313700139523, 0.0414027273655, 0.0246909148991, 0.0159050505608, 0.0236377082765, 0.0124246738851, 0.00868296902627, 0.0193958245218, 0.0245770495385, 0.0732338279486, 0.00741689279675, 0.0111771598458, 0.00560309644789, 0.00343933096156, 0.0027802917175, 0.00448993034661, 0.000706139777321, 0.000486887438456, 0.000337528472301, 9.20091497392e-06], "var": [7.07857150672e-09, 1.42940607475e-05, 7.73941155785e-06, 4.63961669084e-06, 3.05694197777e-06, 1.54943836606e-06, 3.72697229523e-07, 2.88906289825e-06, 1.07830064735e-05, 2.67792415798e-06, 2.50373409472e-06, 1.66096401699e-06, 6.76028264479e-07, 4.37453394397e-07, 3.32374702339e-06, 3.66499875781e-06, 1.13811711344e-05, 7.03237901689e-07, 6.48808622827e-07, 1.57622906727e-07, 1.15533730138e-07, 7.43792512026e-08, 4.07696667537e-08, 3.20229198714e-09, 8.51015369285e-10, 2.67741162574e-10, 2.70990884897e-13], "mean": [3.79500124836e-05, 0.00153712579049, 0.00171384715941, 0.0016670745099, 0.00145625486039, 0.000898640602827, 0.000504153897054, 0.000601250911132, 0.00120950757992, 0.000788737786934, 0.000756997498684, 0.000835089478642, 0.000464142940473, 0.000656874384731, 0.00198452174664, 0.00218189298175, 0.00199327920564, 0.00105548975989, 0.000982170109637, 0.000453448505141, 0.000287681090413, 0.000220342728426, 0.00011189149518, 3.34239703079e-05, 1.29284899231e-05, 4.66075471195e-06, 5.69295423247e-07]}, "erbbands_skewness": {"dmean2": 0.486254483461, "median": -0.812157452106, "min": -5.12007379532, "dvar2": 0.207456603646, "dvar": 0.0948588252068, "dmean": 0.316939502954, "max": 4.08019924164, "var": 0.673566818237, "mean": -0.681131601334}, "erbbands_spread": {"dmean2": 8.94290447235, "median": 22.5507068634, "min": 0.279767006636, "dvar2": 84.9616317749, "dvar": 35.4848327637, "dmean": 5.62302780151, "max": 111.47693634, "var": 149.485519409, "mean": 24.5921173096}, "melbands_kurtosis": {"dmean2": 3.6367046833, "median": 0.035219669342, "min": -1.79819238186, "dvar2": 83.5049514771, "dvar": 37.3883552551, "dmean": 2.24142837524, "max": 322.336791992, "var": 268.030792236, "mean": 2.4941380024}, "melbands": {"dmean2": [0.000609684211668, 0.00116534798872, 0.000897370511666, 0.000367046799511, 0.000226867996389, 0.000178570960998,