{"tonal": {"thpcp": [1, 0.608734369278, 0.428558647633, 0.518967866898, 0.460038036108, 0.526489794254, 0.613621771336, 0.467858791351, 0.532695293427, 0.709226965904, 0.538994967937, 0.451763391495, 0.5352191329, 0.538689374924, 0.709150612354, 0.789372324944, 0.556643188, 0.492946028709, 0.562345445156, 0.475990653038, 0.569972455502, 0.751624703407, 0.542340993881, 0.395207792521, 0.464698195457, 0.3955719769, 0.444471955299, 0.579515278339, 0.550786495209, 0.706916928291, 0.915279448032, 0.646641075611, 0.40325576067, 0.436394572258, 0.47495469451, 0.811115086079], "hpcp": {"dmean2": [0.2293394804, 0.233743071556, 0.252645552158, 0.279530793428, 0.240346610546, 0.197591647506, 0.209172055125, 0.230348348618, 0.264730840921, 0.279302239418, 0.225721538067, 0.172186970711, 0.205801591277, 0.206527769566, 0.198997408152, 0.212114527822, 0.194456383586, 0.199445471168, 0.228826090693, 0.201834693551, 0.202025204897, 0.240682691336, 0.256399482489, 0.276157051325, 0.282893300056, 0.253020852804, 0.255313038826, 0.264853388071, 0.24425329268, 0.224614933133, 0.239848136902, 0.202814802527, 0.175218641758, 0.202719822526, 0.189017012715, 0.199131280184], "median": [0.0580291226506, 0.0595427714288, 0.0817143693566, 0.0991289019585, 0.0696707516909, 0.0342053063214, 0.0319560319185, 0.0398894585669, 0.0750319287181, 0.0841990187764, 0.0634847804904, 0.03516317904, 0.0332725681365, 0.0372031107545, 0.0430105812848, 0.0485129766166, 0.0428057610989, 0.0488038361073, 0.0545237623155, 0.0497900731862, 0.0401678197086, 0.0378853157163, 0.053047966212, 0.0807905197144, 0.0853559374809, 0.0595036447048, 0.0355491302907, 0.0342499502003, 0.0363649092615, 0.0624811910093, 0.0766313150525, 0.0597890093923, 0.040913220495, 0.0361455082893, 0.0383072420955, 0.0440558120608], "min": [0, 0, 0, 0, 0, 0, 0, 0, 0, 0, 0, 0, 0, 0, 0, 0, 0, 0, 0, 0, 0, 0, 0, 0, 0, 0, 0, 0, 0, 0, 0, 0, 0, 0, 0, 0], "dvar2": [0.0982101261616, 0.105102427304, 0.101924315095, 0.115013584495, 0.100594192743, 0.101841174066, 0.109047986567, 0.112871453166, 0.110765688121, 0.11780539155, 0.0854212641716, 0.0642872601748, 0.0921198055148, 0.0911316722631, 0.0821171179414, 0.0840529426932, 0.0816681310534, 0.0818757936358, 0.095658197999, 0.0802763104439, 0.0840668529272, 0.109190277755, 0.105902761221, 0.113826178014, 0.114906981587, 0.106887996197, 0.131656602025, 0.130416363478, 0.116272620857, 0.0905276536942, 0.0913846492767, 0.0750217214227, 0.0687726140022, 0.0925310179591, 0.0799216479063, 0.0865084901452], "dvar": [0.0404685810208, 0.0400203131139, 0.0396475158632, 0.0500134415925, 0.0391547940671, 0.0361315570772, 0.0411373749375, 0.0418793857098, 0.0443204008043, 0.055517654866, 0.0341269336641, 0.0259679276496, 0.0372547768056, 0.0336983911693, 0.0339312329888, 0.0372182354331, 0.0312539003789, 0.031562179327, 0.0423261113465, 0.0304840095341, 0.0312403663993, 0.0428345389664, 0.0405771620572, 0.0447804145515, 0.0473000146449, 0.0391639396548, 0.0491927303374, 0.0513251908123, 0.0438446700573, 0.03424051404, 0.0412525646389, 0.0293657183647, 0.0256871003658, 0.0366003885865, 0.0291872601956, 0.0330461189151], "dmean": [0.135815307498, 0.136270210147, 0.148428931832, 0.165260091424, 0.140056684613, 0.111429683864, 0.116479463875, 0.129273414612, 0.155344799161, 0.167045176029, 0.132025241852, 0.0999694392085, 0.119246833026, 0.118721008301, 0.116617329419, 0.127256438136, 0.112999215722, 0.117003262043, 0.134682863951, 0.118915110826, 0.116447977722, 0.137491077185, 0.144705399871, 0.159881487489, 0.167644038796, 0.143529623747, 0.141339242458, 0.149692878127, 0.13787701726, 0.131498470902, 0.145304471254, 0.120565623045, 0.100804321468, 0.118283823133, 0.10801833123, 0.11519742012], "max": [1, 1, 1, 1, 1, 1, 1, 1, 1, 1, 1, 1, 1, 1, 1, 1, 1, 1, 1, 1, 1, 1, 1, 1, 1, 1, 1, 1, 1, 1, 1, 1, 1, 1, 1, 1], "var": [0.0549861676991, 0.0468380972743, 0.0637239292264, 0.0996914803982, 0.0562799610198, 0.0369612649083, 0.0469476804137, 0.043140579015, 0.0840240120888, 0.121758326888, 0.0472971312702, 0.0384651608765, 0.0594517998397, 0.0392780713737, 0.0528475791216, 0.0671356543899, 0.0396828055382, 0.0469692274928, 0.0843779370189, 0.0463130623102, 0.0376370623708, 0.0555172748864, 0.0454715974629, 0.0645128563046, 0.0791421160102, 0.0440359450877, 0.0511702410877, 0.0640180110931, 0.0443524122238, 0.0436588004231, 0.0781790614128, 0.0416808463633, 0.0286841951311, 0.0461679957807, 0.0289685875177, 0.0359562262893], "mean": [0.157985970378, 0.15015399456, 0.192717880011, 0.249521136284, 0.176285624504, 0.109934546053, 0.118968769908, 0.129480928183, 0.221124112606, 0.272617429495, 0.16595159471, 0.11683255434, 0.141479685903, 0.125414386392, 0.143530294299, 0.16728399694, 0.127546459436, 0.145222023129, 0.193347632885, 0.146939426661, 0.123158574104, 0.145910069346, 0.146856114268, 0.193326815963, 0.215196654201, 0.151750639081, 0.134385675192, 0.15330517292, 0.129763349891, 0.155384421349, 0.204905986786, 0.147851601243, 0.107740536332, 0.126684829593, 0.107839815319, 0.121170803905]}, "tuning_equal_tempered_deviation": 0.0039870524779, "chords_changes_rate": 0.094968341291, "key_key": "A#", "tuning_diatonic_strength": 0.440469026566, "key_scale": "major", "chords_number_rate": 0.00666444515809, "tuning_frequency": 445.112548828, "tuning_nontempered_energy_ratio": 0.726662635803, "chords_histogram": [11.1629457474, 2.06597805023, 15.5281572342, 2.03265571594, 5.69810056686, 0.933022320271, 0.166611135006, 1.63278901577, 0.599800050259, 1.89936685562, 7.33088970184, 1.79940021038, 1.0663112402, 1.2329223156, 2.89903354645, 3.66544485092, 4.03198957443, 1.16627788544, 1.39953351021, 5.16494512558, 0.89970010519, 5.59813404083, 18.5271568298, 3.49883365631], "key_strength": 0.673811614513, "chords_key": "D#", "chords_strength": {"dmean2": 0.0147112868726, "median": 0.483236253262, "min": -1, "dvar2": 0.00148172257468, "dvar": 0.000753246771637, "dmean": 0.013871235773, "max": 0.73510414362, "var": 0.0790914595127, "mean": 0.432450562716}, "chords_scale": "major", "hpcp_entropy": {"dmean2": 1.1618013382, "median": 2.03263735771, "min": 0, "dvar2": 0.930247187614, "dvar": 0.336808621883, "dmean": 0.686709821224, "max": 4.37279653549, "var": 0.720282614231, "mean": 1.96583890915}}, "metadata": {"audio_properties": {"equal_loudness": 0, "codec": "alac", "downmix": "mix", "sample_rate": 44100, "analysis_sample_rate": 44100, "bit_rate": 747733, "md5_encoded": "0e74997ffd0623e58a888975e2939202", "length": 139.306671143, "replay_gain": -10.887802124, "lossless": true}, "version": {"essentia_build_sha": "c0e182ba78c2de26e491b7b7a4a2c98c1ed34208", "essentia": "2.1-beta2", "extractor": "music 1.0", "essentia_git_sha": "v2.1_beta2-2-gbb40004"}, "tags": {"title": ["Coney Island"], "barcode": ["814647020679"], "media": ["CD"], "musicbrainz_releasegroupid": ["86058a20-b756-469d-8620-90ca17f416ba"], "musicbrainz_recordingid": ["04857c4d-fd2d-40d6-9023-fb3f57d981b3"], "musicbrainz_albumartistid": ["012ef4f9-2d35-4000-86e5-bc761f87dab9"], "discnumber": ["1/1"], "bpm": ["0"], "catalognumber": ["HRB 067"], "file_name": "01 Coney Island.m4a", "compilation": ["0"], "date": ["2016"], "genre": ["Jazz"], "album": ["Coney Island"], "script": ["Latn"], "musicbrainz_albumid": ["c57f19dc-fc2d-4617-9306-d07941b16f73"], "tracknumber": ["1/12"], "encodedby": ["iTunes 12.5.1.21"], "artistsort": ["Herb Alpert & The Tijuana Brass"], "artist": ["Herb Alpert & The Tijuana Brass"], "label": ["Herb Alpert Presents"], "albumartistsort": ["Herb Alpert"], "musicbrainz_artistid": ["012ef4f9-2d35-4000-86e5-bc761f87dab9"]}}, "rhythm": {"bpm_histogram_first_peak_bpm": {"dmean2": 0, "median": 120, "min": 120, "dvar2": 0, "dvar": 0, "dmean": 0, "max": 120, "var": 0, "mean": 120}, "bpm": 120.07459259, "bpm_histogram_second_peak_spread": {"dmean2": 0, "median": 0.644444465637, "min": 0.644444465637, "dvar2": 0, "dvar": 0, "dmean": 0, "max": 0.644444465637, "var": 0, "mean": 0.644444465637}, "bpm_histogram_first_peak_weight": {"dmean2": 0, "median": 0.35661765933, "min": 0.35661765933, "dvar2": 0, "dvar": 0, "dmean": 0, "max": 0.35661765933, "var": 0, "mean": 0.35661765933}, "onset_rate": 4.66552734375, "beats_position": [0.522448956966, 1.02167797089, 1.50929701328, 1.99691605568, 2.47292518616, 2.96054410934, 3.44816327095, 3.94739222527, 4.45823097229, 4.96907043457, 5.47990942001, 5.99074840546, 6.48997735977, 6.98920631409, 7.50004529953, 8.01088428497, 8.52172279358, 9.02095222473, 9.52018165588, 10.0194101334, 10.5186395645, 11.017868042, 11.505487442, 12.0047159195, 12.5039453506, 13.0031747818, 13.5024032593, 14.0016326904, 14.5008611679, 15.0000905991, 15.5109291077, 16.0101585388, 16.50938797, 17.0086174011, 17.5078449249, 17.995464325, 18.4946937561, 18.9939231873, 19.4931507111, 19.9923801422, 20.4916095734, 20.9908390045, 21.5016784668, 22.0125160217, 22.523355484, 23.0341949463, 23.5450344086, 24.0558719635, 24.5667114258, 25.0775508881, 25.5883903503, 26.0992279053, 26.6100673676, 27.1209068298, 27.6317462921, 28.142583847, 28.6534233093, 29.1642627716, 29.6634922028, 30.1511096954, 30.6387290955, 31.1379585266, 31.6487979889, 32.1480255127, 32.6472549438, 33.1580963135, 33.6573219299, 34.1565513611, 34.6557807922, 35.1550102234, 35.6658477783, 36.1766891479, 36.6875267029, 37.2099761963, 37.7440338135, 38.2780952454, 38.8353729248, 39.3810424805, 39.9499320984, 40.4839897156, 41.0296592712, 41.5521087646, 42.0745582581, 42.5970077515, 43.1310653687, 43.6651229858, 44.1991844177, 44.7448501587, 45.2905197144, 45.8478012085, 46.3934669495, 46.9391365051, 47.4848060608, 48.0304756165, 48.5529251099, 49.0637626648, 49.5746040344, 50.0854415894, 50.5846710205, 51.0839004517, 51.5831298828, 52.0823554993, 52.5815849304, 53.0808143616, 53.5800437927, 54.0792732239, 54.5668907166, 55.0661201477, 55.5537414551, 56.0529708862, 56.5405883789, 57.0282058716, 57.515827179, 58.0034446716, 58.491065979, 58.9786834717, 59.4663009644, 59.9539222717, 60.4531517029, 60.952381134, 61.4399986267, 61.9392280579, 62.438457489, 62.9376869202, 63.4369163513, 63.9361457825, 64.4353713989, 64.9462127686, 65.4454421997, 65.9446716309, 66.4555053711, 66.9663467407, 67.4655761719, 67.964805603, 68.4524230957, 68.9516525269, 69.450881958, 69.9384994507, 70.4261245728, 70.9137420654, 71.4013595581, 71.8889770508, 72.3765945435, 72.8642196655, 73.3518371582, 73.8394546509, 74.3270721436, 74.8146896362, 75.3023147583, 75.789932251, 76.2775497437, 76.7767791748, 77.276008606, 77.7636260986, 78.2628555298, 78.7504730225, 79.2497024536, 79.7605438232, 80.2597732544, 80.7706069946, 81.2698364258, 81.7806777954, 82.291519165, 82.8023605347, 83.3131942749, 83.8240356445, 84.3348770142, 84.8341064453, 85.3333282471, 85.8325576782, 86.3317871094, 86.8310165405, 87.3186416626, 87.8062591553, 88.2822647095, 88.7582778931, 89.2342834473, 89.7219009399, 90.2095184326, 90.7087478638, 91.2079772949, 91.7072067261, 92.2064361572, 92.6940536499, 93.1932830811, 93.6925125122, 94.1801376343, 94.6793670654, 95.1785888672, 95.6778182983, 96.1770477295, 96.6762771606, 97.1755065918, 97.6631240845, 98.1507492065, 98.6499786377, 99.1492080688, 99.6716537476, 100.205711365, 100.739768982, 101.169342041, 101.598907471, 102.02848053, 102.434829712, 102.817955017, 103.21269989, 103.607437134, 104.025398254, 104.466575623, 104.861312866, 105.244445801, 105.627571106, 106.02230835, 106.405441284, 106.788566589, 107.299407959, 107.810249329, 108.30947876, 108.808708191, 109.319541931, 109.830383301, 110.329612732, 110.828842163, 111.339683533, 111.850517273, 112.349746704, 112.848976135, 113.348205566, 113.847434998, 114.358276367, 114.869110107, 115.368339539, 115.86756897, 116.366798401, 116.866027832, 117.365257263, 117.864486694, 118.375328064, 118.886169434, 119.420227051, 119.965896606, 120.523170471, 121.057228088, 121.602897644, 122.136962891, 122.671020508, 123.216690063, 123.739135742, 124.273193359, 124.795646667, 125.318092346, 125.840545654, 126.362991333, 126.885437012, 127.40789032, 127.930335999, 128.464401245, 128.975234985, 129.497680664, 130.031738281, 130.565795898, 131.134689331, 131.703582764, 132.400177002, 133.09677124, 133.793380737, 134.489974976, 135.186569214, 135.848342896, 136.510116577, 137.183486938, 137.856872559, 138.53024292], "beats_loudness": {"dmean2": 0.0310322847217, "median": 0.0221394691616, "min": 0, "dvar2": 0.000913901545573, "dvar": 0.000306253525196, "dmean": 0.0175881385803, "max": 0.114203214645, "var": 0.000455861329101, "mean": 0.0273547265679}, "danceability": 1.21856272221, "bpm_histogram_second_peak_weight": {"dmean2": 0, "median": 0.0588235296309, "min": 0.0588235296309, "dvar2": 0, "dvar": 0, "dmean": 0, "max": 0.0588235296309, "var": 0, "mean": 0.0588235296309}, "beats_count": 273, "bpm_histogram_second_peak_bpm": {"dmean2": 0, "median": 112, "min": 112, "dvar2": 0, "dvar": 0, "dmean": 0, "max": 112, "var": 0, "mean": 112}, "bpm_histogram_first_peak_spread": {"dmean2": 0, "median": 0.502564072609, "min": 0.502564072609, "dvar2": 0, "dvar": 0, "dmean": 0, "max": 0.502564072609, "var": 0, "mean": 0.502564072609}, "beats_loudness_band_ratio": {"dmean2": [0.329694271088, 0.194454655051, 0.215449690819, 0.265267938375, 0.139398574829, 0.0439510717988], "median": [0.186854735017, 0.122989721596, 0.177256897092, 0.232987314463, 0.104783594608, 0.0258462950587], "min": [0, 0, 0, 0, 0, 0], "dvar2": [0.0856205821037, 0.0237582344562, 0.0342224538326, 0.0486785061657, 0.0187023244798, 0.00284110102803], "dvar": [0.0304671451449, 0.00850701797754, 0.0113827195019, 0.0164332222193, 0.0067215221934, 0.00109037291259], "dmean": [0.180541530252, 0.111468553543, 0.123706422746, 0.152531534433, 0.0786231681705, 0.0268543306738], "max": [0.916953921318, 0.497449845076, 0.735832631588, 0.755338132381, 0.718773782253, 0.41010081768], "var": [0.0382073000073, 0.0128341214731, 0.0192827507854, 0.0275254920125, 0.00760769750923, 0.00175626017153], "mean": [0.234064638615, 0.152239188552, 0.214615568519, 0.267301440239, 0.122977651656, 0.0372415706515]}}, "lowlevel": {"barkbands_spread": {"dmean2": 6.79677867889, "median": 17.0603942871, "min": 0.702053010464, "dvar2": 54.9015159607, "dvar": 22.3114395142, "dmean": 4.34374046326, "max": 123.036811829, "var": 85.3882827759, "mean": 18.7795505524}, "melbands_spread": {"dmean2": 10.5756998062, "median": 23.154214859, "min": 0.34667134285, "dvar2": 122.917327881, "dvar": 51.6100730896, "dmean": 6.77751302719, "max": 162.393493652, "var": 587.388916016, "mean": 28.8501682281}, "hfc": {"dmean2": 9.85131835938, "median": 6.60273694992, "min": 1.05259593215e-16, "dvar2": 281.888916016, "dvar": 153.491638184, "dmean": 7.50525331497, "max": 147.746002197, "var": 422.737457275, "mean": 14.7606401443}, "barkbands_kurtosis": {"dmean2": 2.91135597229, "median": 0.506037712097, "min": -1.80918169022, "dvar2": 70.9834136963, "dvar": 29.4521541595, "dmean": 1.78716742992, "max": 344.075927734, "var": 51.3538627625, "mean": 1.78533148766}, "gfcc": {"mean": [-101.885124207, 118.691291809, -143.569519043, 26.3334903717, -52.0278282166, 8.84375953674, -27.0950336456, -0.180982530117, -15.1818780899, -1.64979636669, -9.01772594452, -5.70561218262, -9.54502773285], "icov": [[0.000217867011088, -0.000555326754693, 0.000623115513008, -0.000322043721098, 0.0003628670529, -0.000895364617463, 0.000599950551987, -0.000533162965439, 0.000695114780683, -0.000672643538564, 0.000907770125195, -0.0007084045792, 0.00067975796992], [-0.000555326754693, 0.00245896354318, -0.000971947098151, 0.000551128003281, -0.00109172845259, 0.00253750476986, -0.00168472295627, 0.00200026133098, -0.00273885019124, 0.00279626529664, -0.00314476690255, 0.00331035908312, -0.00281991157681], [0.000623115513008, -0.000971947098151, 0.00327107682824, -0.00182031816803, 6.20685968897e-05, -0.00167866353877, 0.000904715212528, -0.000992110581137, 0.000867974304128, -0.0015506662894, 0.00308020599186, -0.00234998320229, 0.000982885132544], [-0.000322043721098, 0.000551128003281, -0.00182031816803, 0.00454318942502, 0.000490721839014, -0.00101084553171, 0.000408803636674, -0.000690812710673, 0.000433779234299, 0.00089952792041, -0.0015136601869, 0.00236411229707, -5.10992795171e-05], [0.0003628670529, -0.00109172845259, 6.20685968897e-05, 0.000490721839014, 0.00548775540665, -0.00308407656848, -0.00127190176863, 0.000398985284846, -0.000168721831869, 0.000226814780035, 7.36848232918e-05, -0.00188981229439, 0.00219984655268], [-0.000895364617463, 0.00253750476986, -0.00167866353877, -0.00101084553171, -0.00308407656848, 0.012224146165, -0.00463022151962, 0.000272967852652, -0.00160051311832, 0.00132091052365, -0.00223537371494, 0.000748671533074, -0.00394286820665], [0.000599950551987, -0.00168472295627, 0.000904715212528, 0.000408803636674, -0.00127190176863, -0.00463022151962, 0.0142695354298, -0.00589406210929, -0.000832000747323, -0.000289570947643, 0.000319787097396, 0.00202173204161, -0.00079376884969], [-0.000533162965439, 0.00200026133098, -0.000992110581137, -0.000690812710673, 0.000398985284846, 0.000272967852652, -0.00589406210929, 0.0192129109055, -0.00815885420889, -0.000141728087328, 0.00194003316574, -0.00170686631463, -7.97933535068e-05], [0.000695114780683, -0.00273885019124, 0.000867974304128, 0.000433779234299, -0.000168721831869, -0.00160051311832, -0.000832000747323, -0.00815885420889, 0.0242837090045, -0.0100803440437, -0.00286152935587, 0.00489105423912, 0.000581544241868], [-0.000672643538564, 0.00279626529664, -0.0015506662894, 0.00089952792041, 0.000226814780035, 0.00132091052365, -0.000289570947643, -0.000141728087328, -0.0100803440437, 0.0241320561618, -0.00876314938068, -0.00327774952166, 0.00255914055742], [0.000907770125195, -0.00314476690255, 0.00308020599186, -0.0015136601869, 7.36848232918e-05, -0.00223537371494, 0.000319787097396, 0.00194003316574, -0.00286152935587, -0.00876314938068, 0.0255634766072, -0.0119921164587, 0.00321600935422], [-0.0007084045792, 0.00331035908312, -0.00234998320229, 0.00236411229707, -0.00188981229439, 0.000748671533074, 0.00202173204161, -0.00170686631463, 0.00489105423912, -0.00327774952166, -0.0119921164587, 0.0321502611041, -0.0129094300792], [0.00067975796992, -0.00281991157681, 0.000982885132544, -5.10992795171e-05, 0.00219984655268, -0.00394286820665, -0.00079376884969, -7.97933535068e-05, 0.000581544241868, 0.00255914055742, 0.00321600935422, -0.0129094300792, 0.0206792298704]], "cov": [[52491.2109375, 4706.59960938, -6694.28125, 1016.17810059, -2428.55493164, 587.962402344, -1324.37414551, -26.7814083099, -820.655334473, -85.3251266479, -511.370056152, -232.000411987, -475.113494873], [4706.59960938, 1788.57080078, -682.981262207, -98.9325180054, -27.5668830872, -83.6998443604, 13.1988954544, -83.8117599487, 46.0606231689, -96.8901672363, 42.3147125244, -111.981925964, 42.7664070129], [-6694.28125, -682.981262207, 1389.89660645, 97.2345199585, 324.853912354, 23.2057552338, 166.230697632, 44.061000824, 86.7480926514, 19.320394516, 18.6947154999, 47.2490615845, 59.2711448669], [1016.17810059, -98.9325180054, 97.2345199585, 374.260742188, -78.8773803711, 84.021987915, -39.3536338806, 32.1344985962, -37.8490867615, 0.193530663848, -37.2276611328, -8.91855335236, -26.3038387299], [-2428.55493164, -27.5668830872, 324.853912354, -78.8773803711, 389.693786621, 43.2886047363, 136.494628906, 9.97853946686, 73.5166397095, 2.57167315483, 50.53881073, 12.7938871384, 30.253490448], [587.962402344, -83.6998443604, 23.2057552338, 84.021987915, 43.2886047363, 175.776062012, 36.7182350159, 39.0546302795, -0.85937166214, 14.6805295944, -4.46863794327, 19.1617298126, 9.69816684723], [-1324.37414551, 13.1988954544, 166.230697632, -39.3536338806, 136.494628906, 36.7182350159, 163.300582886, 38.9679718018, 61.6472969055, 4.74454402924, 27.1421413422, -4.50539302826, 26.8807468414], [-26.7814083099, -83.8117599487, 44.061000824, 32.1344985962, 9.97853946686, 39.0546302795, 38.9679718018, 88.7542572021, 31.1073246002, 22.9211502075, -1.87620544434, 6.17165184021, -3.90703606606], [-820.655334473, 46.0606231689, 86.7480926514, -37.8490867615, 73.5166397095, -0.85937166214, 61.6472969055, 31.1073246002, 99.4496078491, 32.2770729065, 36.7493476868, -7.05256748199, 6.63331127167], [-85.3251266479, -96.8901672363, 19.320394516, 0.193530663848, 2.57167315483, 14.6805295944, 4.74454402924, 22.9211502075, 32.2770729065, 79.0900192261, 29.7632923126, 19.8827056885, -11.4413166046], [-511.370056152, 42.3147125244, 18.6947154999, -37.2276611328, 50.53881073, -4.46863794327, 27.1421413422, -1.87620544434, 36.7493476868, 29.7632923126, 80.5171127319, 22.5398521423, 13.2377071381], [-232.000411987, -111.981925964, 47.2490615845, -8.91855335236, 12.7938871384, 19.1617298126, -4.50539302826, 6.17165184021, -7.05256748199, 19.8827056885, 22.5398521423, 64.8851165771, 26.9697132111], [-475.113494873, 42.7664070129, 59.2711448669, -26.3038387299, 30.253490448, 9.69816684723, 26.8807468414, -3.90703606606, 6.63331127167, -11.4413166046, 13.2377071381, 26.9697132111, 82.5796279907]]}, "spectral_energyband_middle_low": {"dmean2": 0.00569810392335, "median": 0.00404835725203, "min": 1.59838908263e-22, "dvar2": 8.32796795294e-05, "dvar": 3.50686459569e-05, "dmean": 0.00366175803356, "max": 0.0897779986262, "var": 6.11678042333e-05, "mean": 0.00653957482427}, "melbands_crest": {"dmean2": 4.93175697327, "median": 10.2441129684, "min": 1.55795061588, "dvar2": 18.7296562195, "dvar": 7.59671878815, "dmean": 3.04344987869, "max": 39.3317832947, "var": 23.4397029877, "mean": 11.0700206757}, "spectral_kurtosis": {"dmean2": 4.64370441437, "median": 4.58382749557, "min": -1.26630938053, "dvar2": 29.0021648407, "dvar": 10.1488494873, "dmean": 2.65761089325, "max": 37.778011322, "var": 19.0387039185, "mean": 5.66477918625}, "spectral_rms": {"dmean2": 0.00116025446914, "median": 0.00302645610645, "min": 3.07212328493e-12, "dvar2": 1.76727689905e-06, "dvar": 1.01044554413e-06, "dmean": 0.000893313321285, "max": 0.0115304738283, "var": 4.5181477617e-06, "mean": 0.00340874958783}, "zerocrossingrate": {"dmean2": 0.00860307738185, "median": 0.0478515625, "min": 0.00537109375, "dvar2": 9.06216810108e-05, "dvar": 7.14082561899e-05, "dmean": 0.00689656566828, "max": 0.52685546875, "var": 0.00769263086841, "mean": 0.0675404220819}, "silence_rate_60dB": {"dmean2": 0.133355557919, "median": 0, "min": 0, "dvar2": 0.135901242495, "dvar": 0.0622262768447, "dmean": 0.0666666701436, "max": 1, "var": 0.155329197645, "mean": 0.192301288247}, "erbbands_kurtosis": {"dmean2": 1.33799612522, "median": 0.120311021805, "min": -1.7394746542, "dvar2": 2.99890303612, "dvar": 1.24653673172, "dmean": 0.850269675255, "max": 28.5620250702, "var": 3.03964185715, "mean": 0.516395330429}, "erbbands": {"dmean2": [0.0823725834489, 0.482618182898, 1.03208041191, 3.45904302597, 7.64020252228, 4.4266295433, 6.42640161514, 11.4785671234, 14.8503303528, 15.8236513138, 27.1516952515, 16.9845466614, 25.497543335, 39.6346817017, 54.2458152771, 82.8289260864, 44.0126075745, 44.8716964722, 43.9387550354, 28.3049526215, 19.4127845764, 16.5528049469, 13.7931423187, 8.33479499817, 7.81897115707, 4.71351099014, 5.01056241989, 3.53662133217, 3.43241119385, 1.47113406658, 0.73219025135, 0.498483359814, 0.170628622174, 0.0569113269448, 0.0249975472689, 0.011026554741, 0.00228823116049, 0.00045211968245, 5.07054355694e-05, 1.45467956827e-05], "median": [0.00970327667892, 0.148469895124, 0.400669574738, 0.987690389156, 1.52831101418, 1.39741504192, 1.8043627739, 3.42847442627, 5.70267534256, 7.12527418137, 7.51583814621, 6.69159936905, 7.05195903778, 7.92893409729, 9.16293239594, 9.91664028168, 9.85611724854, 8.9890499115, 8.42258644104, 7.60856533051, 5.29375982285, 3.99925780296, 3.9103770256, 3.29555249214, 2.47741603851, 1.44287896156, 1.19242608547, 0.668768048286, 0.492529958487, 0.274339944124, 0.151133939624, 0.0866653323174, 0.0332828722894, 0.0110366838053, 0.00444165011868, 0.00135123438668, 0.000245087954681, 4.17790506617e-05, 9.49625427893e-06, 1.18594589367e-05], "min": [4.83910219338e-23, 2.30371592888e-22, 1.22602575798e-21, 3.26737169947e-21, 8.25138833533e-21, 2.81405584233e-20, 5.24469182187e-20, 4.53780685795e-20, 7.24614223253e-20, 1.20728199474e-19, 2.27653830603e-19, 2.39419647636e-19, 3.87712477801e-19, 4.62625572989e-19, 8.07106955339e-19, 1.16054608334e-18, 9.78743365227e-19, 2.14911015039e-18, 1.96000921773e-18, 1.98726585289e-18, 3.7595681441e-18, 3.28442381292e-18, 4.01474922717e-18, 5.52727999649e-18, 6.53973955368e-18, 7.17114802194e-18, 9.27090961096e-18, 8.257509963e-18, 1.01638047601e-17, 9.72506899038e-18, 1.06510794882e-17, 9.33230709192e-18, 9.48836546783e-18, 7.53421744512e-18, 5.6835559209e-18, 4.24040533904e-18, 2.29889415455e-18, 9.42653785295e-19, 2.29875327535e-19, 2.73144893347e-20], "dvar2": [0.0505437590182, 1.20400488377, 3.87003040314, 47.6600570679, 252.668258667, 80.160697937, 206.071746826, 616.62713623, 719.433166504, 900.215026855, 5424.421875, 1254.79675293, 3696.91748047, 16660.6503906, 23778.4648438, 64008.7421875, 14353.4746094, 15258.6884766, 12928.6308594, 4149.24658203, 2045.0657959, 1695.69799805, 1210.78674316, 349.775970459, 584.394348145, 302.481170654, 1792.19250488, 218.710327148, 1013.29986572, 49.1518287659, 6.38408756256, 2.80546975136, 0.159092351794, 0.0147829204798, 0.00294436165132, 0.000950421206653, 5.98285259912e-05, 2.43373710873e-06, 3.17951212025e-08, 5.06908626186e-10], "dvar": [0.0214926097542, 0.5578571558, 1.59179651737, 17.6490573883, 95.1529464722, 30.1528129578, 83.2090835571, 242.720275879, 290.402770996, 400.64553833, 2383.93457031, 555.24786377, 1558.56933594, 7135.48730469, 11381.8017578, 30906.8339844, 6563.69482422, 7323.42675781, 5828.39013672, 1838.01489258, 946.009094238, 781.304992676, 521.228942871, 151.570632935, 250.855667114, 119.886100769, 616.74041748, 81.6156616211, 351.307861328, 18.0391788483, 2.66116070747, 1.13853168488, 0.0801423415542, 0.00762231368572, 0.00156359036919, 0.000535768340342, 3.19158643833e-05, 1.20616982713e-06, 1.58045665444e-08, 2.82633194626e-10], "dmean": [0.0530343391001, 0.311559408903, 0.643259346485, 2.00287055969, 4.41069746017, 2.61904120445, 3.97715306282, 7.07272720337, 9.07373332977, 10.2173366547, 17.9640464783, 11.191649437, 16.5973491669, 26.1987323761, 36.1421318054, 56.5945739746, 29.6985969543, 30.7321929932, 29.4880447388, 18.9168796539, 13.0585794449, 11.221198082, 9.20721244812, 5.5790848732, 5.30379533768, 3.14255690575, 3.15607523918, 2.24904894829, 2.11006832123, 0.961612224579, 0.493578374386, 0.336875200272, 0.118925362825, 0.0397844687104, 0.0177323129028, 0.00790709350258, 0.00162825058214, 0.00031562501681, 3.60834055755e-05, 1.09944676296e-05], "max": [1.89696741104, 8.91816902161, 21.7198829651, 124.181045532, 148.684524536, 74.9011611938, 148.164962769, 286.65713501, 225.685012817, 463.916809082, 1245.25256348, 491.384063721, 617.97076416, 2101.99853516, 2290.01782227, 3524.42626953, 1739.00976562, 2085.72851562, 1318.52685547, 902.993041992, 602.455444336, 782.08972168, 671.392150879, 367.438232422, 554.160827637, 372.171417236, 1092.11584473, 290.871276855, 917.819763184, 191.256210327, 67.8483810425, 28.5533313751, 8.42022132874, 2.17335057259, 0.801423430443, 0.554275095463, 0.192924395204, 0.034253552556, 0.00417635915801, 0.000278748368146], "var": [0.0212819669396, 0.687990248203, 2.37771439552, 26.0356216431, 94.2546005249, 30.815328598, 88.4277954102, 276.150787354, 438.936187744, 845.482177734, 4164.22802734, 1072.33032227, 2029.66650391, 9663.23046875, 18345.7929688, 67576.59375, 10790.7832031, 11339.3339844, 9487.42578125, 3205.23876953, 1489.52770996, 1857.99084473, 881.24822998, 257.131958008, 443.523193359, 143.339447021, 386.729156494, 86.0240020752, 216.638137817, 18.4649505615, 4.53621387482, 1.8796350956, 0.223657995462, 0.0239249803126, 0.00466141151264, 0.001451952965, 6.74552720739e-05, 2.53127268479e-06, 3.10701366857e-08, 7.97853338952e-10], "mean": [0.0551597103477, 0.412126868963, 0.953694224358, 2.57240533829, 4.75484848022, 3.20036530495, 4.81794595718, 9.06998825073, 13.0119457245, 17.0589332581, 27.4228286743, 17.8563270569, 22.5776958466, 35.0778160095, 48.3104858398, 80.3095016479, 41.5062294006, 39.8032073975, 40.2435722351, 27.4695186615, 18.8219890594, 17.4633274078, 13.89103508, 9.27492904663, 9.05120658875, 5.19812011719, 4.64134550095, 3.30582213402, 2.62095189095, 1.41852772236, 0.776245772839, 0.505864143372, 0.196082398295, 0.0689330995083, 0.0299066081643, 0.012962021865, 0.00248177000321, 0.000472668063594, 5.53414683964e-05, 2.23688894039e-05]}, "spectral_strongpeak": {"dmean2": 1.14194428921, "median": 0.412372082472, "min": 0, "dvar2": 2.88952803612, "dvar": 1.37930643559, "dmean": 0.722049057484, "max": 11.4741230011, "var": 2.90646743774, "mean": 1.12975275517}, "spectral_energy": {"dmean2": 0.0107902958989, "median": 0.00938842259347, "min": 9.6738901885e-21, "dvar2": 0.000233314101934, "dvar": 0.000129108870169, "dmean": 0.00804185960442, "max": 0.136275619268, "var": 0.000361088372301, "mean": 0.0165411643684}, "average_loudness": 0.836532533169, "spectral_rolloff": {"dmean2": 593.09173584, "median": 1313.52539062, "min": 21.533203125, "dvar2": 613148.75, "dvar": 279343.90625, "dmean": 360.412628174, "max": 19961.2792969, "var": 11452617, "mean": 2046.70007324}, "spectral_centroid": {"dmean2": 363.464111328, "median": 1217.25744629, "min": 301.166503906, "dvar2": 178640.90625, "dvar": 83072.203125, "dmean": 234.998565674, "max": 11884.40625, "var": 3714164.25, "mean": 1664.3782959}, "pitch_salience": {"dmean2": 0.117811746895, "median": 0.603885471821, "min": 0.0560747087002, "dvar2": 0.0109313493595, "dvar": 0.00433461647481, "dmean": 0.072790376842, "max": 0.903121173382, "var": 0.0128431878984, "mean": 0.598522603512}, "spectral_energyband_middle_high": {"dmean2": 0.00571791827679, "median": 0.00232181698084, "min": 1.0250401552e-21, "dvar2": 0.000114432907139, "dvar": 5.96784993832e-05, "dmean": 0.00416756328195, "max": 0.0911001339555, "var": 0.000135375739774, "mean": 0.00705697014928}, "spectral_contrast_coeffs": {"dmean2": [0.0873321816325, 0.0785710513592, 0.0724949017167, 0.0571795739233, 0.0348781310022, 0.0275430195034], "median": [-0.684464097023, -0.750933289528, -0.764329791069, -0.785700142384, -0.809198021889, -0.740433394909], "min": [-0.977764606476, -0.979256689548, -0.979266941547, -0.972486436367, -0.968558907509, -0.964838147163], "dvar2": [0.00569024775177, 0.00428706500679, 0.00380125269294, 0.00236608134583, 0.000941928126849, 0.000697528128512], "dvar": [0.00211262935773, 0.00163784204051, 0.00176831183489, 0.00124233344104, 0.000461514835479, 0.000277147104498], "dmean": [0.0530187897384, 0.0486330650747, 0.0469068773091, 0.0382144674659, 0.0227017011493, 0.0172787699848], "max": [-0.366672247648, -0.493874579668, -0.481537669897, -0.519031882286, -0.572119534016, -0.541214764118], "var": [0.00924989115447, 0.00657784426585, 0.00757123017684, 0.00593190593645, 0.00301145180129, 0.00301709212363], "mean": [-0.685346722603, -0.751344442368, -0.759524703026, -0.77808791399, -0.805150389671, -0.747922003269]}, "melbands_skewness": {"dmean2": 0.994054198265, "median": 1.29298520088, "min": -2.09259796143, "dvar2": 1.31154310703, "dvar": 0.571470975876, "dmean": 0.651904404163, "max": 25.433757782, "var": 2.32063245773, "mean": 1.51788890362}, "spectral_spread": {"dmean2": 616782.25, "median": 3171150, "min": 1308609.5, "dvar2": 842287808512, "dvar": 433038295040, "dmean": 402828.46875, "max": 42123184, "var": 50727628046300.0, "mean": 4618967.5}, "dissonance": {"dmean2": 0.0356476232409, "median": 0.471598088741, "min": 0.307139188051, "dvar2": 0.00110264110845, "dvar": 0.000398314354243, "dmean": 0.0208184123039, "max": 0.500000059605, "var": 0.000721881107893, "mean": 0.465263515711}, "spectral_skewness": {"dmean2": 0.463604897261, "median": 1.50487041473, "min": -0.107596866786, "dvar2": 0.221879512072, "dvar": 0.0801087617874, "dmean": 0.277628034353, "max": 4.54321908951, "var": 0.317479461432, "mean": 1.53051185608}, "spectral_flux": {"dmean2": 0.0371492542326, "median": 0.0585996098816, "min": 6.26364099476e-11, "dvar2": 0.00171254365705, "dvar": 0.000798843277153, "dmean": 0.0243191383779, "max": 0.297574102879, "var": 0.00231321016327, "mean": 0.0680552348495}, "spectral_contrast_valleys": {"dmean2": [0.736509740353, 0.674964487553, 0.61709600687, 0.505758225918, 0.420789808035, 0.534504830837], "median": [-7.61505842209, -6.80456256866, -7.40950012207, -7.71216106415, -7.88195419312, -11.2965507507], "min": [-28.4867858887, -28.1980323792, -28.1777420044, -27.8184223175, -27.5763301849, -27.4092178345], "dvar2": [0.434132874012, 0.337973594666, 0.31569108367, 0.233207657933, 0.220100998878, 0.427997201681], "dvar": [0.241353228688, 0.174912288785, 0.168871760368, 0.13570125401, 0.137311428785, 0.236329123378], "dmean": [0.477890014648, 0.424772471189, 0.413466304541, 0.348122388124, 0.313412725925, 0.414895027876], "max": [-5.22574663162, -4.72352218628, -5.41239213943, -5.71545267105, -5.85386705399, -8.59453487396], "var": [14.9582109451, 16.0833625793, 15.1333084106, 14.6465358734, 14.4165401459, 10.3864421844], "mean": [-8.52734851837, -7.67778491974, -8.24483776093, -8.51664733887, -8.66904640198, -11.8970727921]}, "erbbands_flatness_db": {"dmean2": 0.0312069319189, "median": 0.189281672239, "min": 0.0166714377701, "dvar2": 0.000935759337153, "dvar": 0.000487721874379, "dmean": 0.0216849446297, "max": 0.365934222937, "var": 0.00250089960173, "mean": 0.191602960229}, "spectral_energyband_high": {"dmean2": 0.000250636046985, "median": 6.52632952551e-05, "min": 7.00803570826e-21, "dvar2": 1.22548976833e-06, "dvar": 4.5353334599e-07, "dmean": 0.000168263082742, "max": 0.0191853903234, "var": 4.80950291148e-07, "mean": 0.000271750148386}, "spectral_entropy": {"dmean2": 0.219803929329, "median": 7.4927778244, "min": 6.11244249344, "dvar2": 0.0474567450583, "dvar": 0.0232388302684, "dmean": 0.152833640575, "max": 9.8250617981, "var": 0.318012684584, "mean": 7.54275608063}, "silence_rate_20dB": {"dmean2": 0, "median": 1, "min": 1, "dvar2": 0, "dvar": 0, "dmean": 0, "max": 1, "var": 0, "mean": 1}, "melbands_flatness_db": {"dmean2": 0.035593688488, "median": 0.19073612988, "min": 0.00248671183363, "dvar2": 0.00114764471073, "dvar": 0.000536137842573, "dmean": 0.0239445995539, "max": 0.511145830154, "var": 0.00428737699986, "mean": 0.189459040761}, "barkbands": {"dmean2": [0.000120007847727, 0.00223258440383, 0.00107430538628, 0.00170701520983, 0.00171844370198, 0.00123153277673, 0.00101054331753, 0.00122691621073, 0.000834964506794, 0.000964006292634, 0.00132476561703, 0.00195067061577, 0.000941071775742, 0.000953255104832, 0.000766444078181, 0.000381614110665, 0.000337272271281, 0.000223724127864, 0.000163257893291, 0.000112933696073, 0.000105425962829, 8.45851900522e-05, 2.80316744465e-05, 1.58001930686e-05, 4.00890576202e-06, 1.73474791154e-06, 3.02119701701e-07], "median": [4.64617960461e-06, 0.000584857887588, 0.000300276093185, 0.000372486072592, 0.000467235135147, 0.000379621807951, 0.00040075884317, 0.000291144329822, 0.000254788523307, 0.00019487834652, 0.000155594636453, 0.000208797326195, 0.000150336592924, 0.000123201112729, 0.000137320370413, 8.89716029633e-05, 6.64481704007e-05, 6.11916111666e-05, 5.89429764659e-05, 3.13462514896e-05, 2.26411539188e-05, 1.26871527755e-05, 5.81051472182e-06, 2.84819589069e-06, 7.53286713007e-07, 1.9397313622e-07, 2.05037977707e-08], "min": [1.35340551426e-25, 1.85630310874e-25, 6.79581483135e-25, 7.73676121656e-25, 9.30225489411e-24, 4.33784711577e-24, 7.2707053492e-24, 7.38116559746e-24, 8.83525633797e-24, 1.12975318257e-23, 1.07702422083e-23, 2.35918099156e-23, 1.0656322805e-23, 2.50830031511e-23, 4.15349623867e-23, 5.67725396786e-23, 5.89989954539e-23, 6.23619158037e-23, 1.2398950939e-22, 1.47202946905e-22, 1.72738349164e-22, 2.979860349e-22, 3.69302796777e-22, 5.66336900618e-22, 7.60997126358e-22, 1.22539739556e-21, 1.91942959642e-21], "dvar2": [1.10927551589e-07, 2.89921099466e-05, 4.82566520077e-06, 1.22346846183e-05, 1.23563759189e-05, 6.722213584e-06, 3.03947012981e-06, 9.86454415397e-06, 3.52971278517e-06, 6.2728163357e-06, 1.39604517244e-05, 3.33156240231e-05, 7.21838614481e-06, 7.33267597752e-06, 3.68600080947e-06, 8.00758414243e-07, 6.35501010038e-07, 2.96746947015e-07, 1.59749461659e-07, 1.26073032902e-07, 5.21828155797e-07, 4.48154736432e-07, 7.59943752371e-09, 2.09616080049e-09, 7.26232615711e-11, 2.73172266058e-11, 1.16736188858e-12], "dvar": [4.49436861061e-08, 1.35755535666e-05, 1.89831450825e-06, 4.65029870611e-06, 4.73478485219e-06, 2.66912707048e-06, 1.22893709431e-06, 4.45829846285e-06, 1.54125041263e-06, 2.62925709649e-06, 6.70190320307e-06, 1.56204605446e-05, 3.31319506586e-06, 3.57279918717e-06, 1.61289040079e-06, 3.71066420257e-07, 2.98024019685e-07, 1.29599740717e-07, 6.99295910067e-08, 5.11896018907e-08, 1.81501249585e-07, 1.55732621465e-07, 3.20826476496e-09, 9.30679200373e-10, 3.85756079857e-11, 1.5182643337e-11, 5.71843137079e-13], "dmean": [7.28903105482e-05, 0.00147455616388, 0.000657997676171, 0.000979178003035, 0.00102060998324, 0.000764297728892, 0.000618424790446, 0.000815293868072, 0.000541789806448, 0.000618459540419, 0.000885657791514, 0.00130840542261, 0.000619221536908, 0.000650767586194, 0.000497890927363, 0.000254742975812, 0.000224976494792, 0.000148771650856, 0.000108832507976, 7.43686032365e-05, 6.63262835587e-05, 5.23240778421e-05, 1.88459835044e-05, 1.09142010842e-05, 2.83232861875e-06, 1.23740358049e-06, 2.09994595934e-07], "max": [0.00249432190321, 0.0483528152108, 0.0295665562153, 0.0665755346417, 0.02700984478, 0.0278269778937, 0.0183707755059, 0.0513467043638, 0.0248878337443, 0.046478625387, 0.0484728142619, 0.0697117894888, 0.0369620025158, 0.0347311906517, 0.023503055796, 0.00945909693837, 0.011216789484, 0.00983899272978, 0.00666247261688, 0.00610234448686, 0.0179030187428, 0.0178406275809, 0.00197237404063, 0.000810528406873, 0.000162176176673, 0.000119556163554, 1.96489745576e-05], "var": [3.96556920634e-08, 1.63010427059e-05, 2.83020744973e-06, 7.1780405051e-06, 4.45699333795e-06, 3.09366078e-06, 1.92335710381e-06, 8.50776541483e-06, 2.73207956525e-06, 3.38361928698e-06, 1.08409594759e-05, 3.12277879857e-05, 5.50637560082e-06, 5.44017484572e-06, 2.69303200184e-06, 5.46891840258e-07, 6.52528569844e-07, 2.21299032432e-07, 1.24813340108e-07, 7.29427043211e-08, 1.29114624769e-07, 1.00146550608e-07, 6.08692518611e-09, 1.90262494648e-09, 1.19448145819e-10, 3.82948915634e-11, 1.12287208611e-12], "mean": [6.26361797913e-05, 0.00185379304457, 0.000918259669561, 0.001139188651, 0.00118220190052, 0.000989149906673, 0.000899552833289, 0.00124681578018, 0.000811929232441, 0.000793054176029, 0.00114021322224, 0.00179703964386, 0.000819797976874, 0.000788346282206, 0.000689177017193, 0.000333880161634, 0.000334970623953, 0.000220356218051, 0.000181170413271, 0.000120474585856, 9.89472246147e-05, 6.63051032461e-05, 2.98304057651e-05, 1.68929236679e-05, 4.92140179631e-06, 1.97474878405e-06, 2.97394194604e-07]}, "erbbands_skewness": {"dmean2": 0.513975977898, "median": 0.152324438095, "min": -2.06047606468, "dvar2": 0.212640196085, "dvar": 0.0937860235572, "dmean": 0.330693632364, "max": 4.16182565689, "var": 0.356249541044, "mean": 0.191790670156}, "erbbands_spread": {"dmean2": 10.0837144852, "median": 24.590877533, "min": 2.55961108208, "dvar2": 108.6717453, "dvar": 49.9648170471, "dmean": 6.61081695557, "max": 133.250473022, "var": 191.353775024, "mean": 26.9268875122}, "melbands_kurtosis": {"dmean2": 6.9371342659, "median": 2.13725042343, "min": -1.64006388187, "dvar2": 666.930847168, "dvar": 248.566680908, "dmean": 4.24509716034, "max": 802.745422363, "var": 502.219573975, "mean": 5.95937013626}, "melbands": {"dmean2": [0.000655940035358, 0.000535722414497, 0.000739011971746, 0.000422630721005, 0.000210121492273, 0.000255060062045, 0.000217088483623, 0.000194681910216, 0.000215608510189, 0.0001072038649, 0.000129200576339, 0.000157668415341, 0.000165645353263, 0.000