{"tonal": {"thpcp": [1, 0.707446753979, 0.257247358561, 0.141490712762, 0.108879595995, 0.307210564613, 0.492078214884, 0.373239904642, 0.618294894695, 0.990415036678, 0.646302938461, 0.215270474553, 0.120371229947, 0.113163694739, 0.310353249311, 0.549084961414, 0.423566818237, 0.206249624491, 0.14790058136, 0.13690751791, 0.529336333275, 0.978954315186, 0.634180605412, 0.259545266628, 0.278911679983, 0.177113875747, 0.12176784873, 0.16301946342, 0.168932765722, 0.389722079039, 0.674204528332, 0.47254127264, 0.179486587644, 0.120314083993, 0.132684141397, 0.542812824249], "hpcp": {"dmean2": [0.13898871839, 0.1344987005, 0.111909270287, 0.0925695598125, 0.0913914293051, 0.144245952368, 0.161205902696, 0.153544694185, 0.101248279214, 0.0829466432333, 0.0768664628267, 0.0811600461602, 0.101572483778, 0.100178994238, 0.126674726605, 0.162248894572, 0.157782703638, 0.109083496034, 0.0823733359575, 0.0970454514027, 0.168916150928, 0.160567760468, 0.197911113501, 0.158269241452, 0.111630357802, 0.0846123620868, 0.114457972348, 0.137160941958, 0.168207630515, 0.212340608239, 0.202441841364, 0.192671760917, 0.127607569098, 0.0757387280464, 0.0768683850765, 0.119042769074], "median": [0.0385654047132, 0.0327849984169, 0.0133575368673, 0.00928938761353, 0.010671056807, 0.0850961059332, 0.166316241026, 0.109238892794, 0.0171690396965, 0.00630710832775, 0.00647333543748, 0.011369002983, 0.0122099062428, 0.0101987272501, 0.0382196456194, 0.0738763064146, 0.0573800206184, 0.0150768887252, 0.0079280436039, 0.00771692860872, 0.0405679494143, 0.0839625373483, 0.0754544585943, 0.020041141659, 0.00792581494898, 0.00630310922861, 0.024066042155, 0.0382275693119, 0.0385256893933, 0.0728669762611, 0.127772033215, 0.078062877059, 0.0138961011544, 0.00947013963014, 0.00888636149466, 0.0223880298436], "min": [0, 0, 0, 0, 0, 0, 0, 0, 0, 0, 0, 0, 0, 0, 0, 0, 0, 0, 0, 0, 0, 0, 0, 0, 0, 0, 0, 0, 0, 0, 0, 0, 0, 0, 0, 0], "dvar2": [0.0670017525554, 0.057824511081, 0.0505147054791, 0.0500223040581, 0.0400388352573, 0.043892133981, 0.0600169412792, 0.0450569614768, 0.0385639928281, 0.0344679430127, 0.0265732165426, 0.034049410373, 0.050498303026, 0.0470844991505, 0.0447512455285, 0.066713526845, 0.0620776154101, 0.0496632494032, 0.0368604101241, 0.0442912392318, 0.0695901066065, 0.0717989578843, 0.0808292552829, 0.0851218700409, 0.0611231289804, 0.0455327890813, 0.0546203516424, 0.0583805479109, 0.0778095051646, 0.0908512622118, 0.0857911407948, 0.0831656679511, 0.0658340230584, 0.0316538624465, 0.0352533310652, 0.0563516952097], "dvar": [0.0271174255759, 0.0230585150421, 0.0201680473983, 0.0189761649817, 0.0148383136839, 0.0174662750214, 0.0265691839159, 0.0183808654547, 0.0149526642635, 0.0140765346587, 0.0100322198123, 0.0118420654908, 0.0174184702337, 0.0169802773744, 0.0174258388579, 0.0284580178559, 0.0241903662682, 0.018974352628, 0.0137283001095, 0.0158547367901, 0.0266535431147, 0.0310429725796, 0.0321804061532, 0.0312683284283, 0.0217192862183, 0.0159639492631, 0.0200312808156, 0.0243464335799, 0.0286990590394, 0.0351010635495, 0.0372767113149, 0.0323017239571, 0.0249012503773, 0.0117114391178, 0.0127560086548, 0.0214348901063], "dmean": [0.0830360502005, 0.0809846669436, 0.0651690587401, 0.0521827563643, 0.051743209362, 0.0877399519086, 0.101269088686, 0.0957452207804, 0.0597805939615, 0.0492073558271, 0.0444175042212, 0.0448033325374, 0.0564174838364, 0.0561881139874, 0.0760444551706, 0.0991226136684, 0.0947854742408, 0.0616836957633, 0.0461450107396, 0.05415449664, 0.1002471596, 0.0966191962361, 0.11789239198, 0.0892678275704, 0.0607430376112, 0.0461271926761, 0.0667501091957, 0.0807052478194, 0.0970244258642, 0.125081196427, 0.122206628323, 0.115567773581, 0.0723500177264, 0.0421034358442, 0.0430220104754, 0.0707325786352], "max": [1, 1, 1, 1, 1, 1, 1, 1, 1, 1, 1, 1, 1, 1, 1, 1, 1, 1, 1, 1, 1, 1, 1, 1, 1, 1, 1, 1, 1, 1, 1, 1, 1, 1, 1, 1], "var": [0.0893322378397, 0.0513093583286, 0.0224918220192, 0.0166855081916, 0.0126739935949, 0.0415432155132, 0.120048239827, 0.0555478073657, 0.0280509572476, 0.0481464788318, 0.016010645777, 0.00856263563037, 0.0147197572514, 0.0172888431698, 0.0365700125694, 0.0939877033234, 0.0452860742807, 0.0181016214192, 0.0116389421746, 0.0129957841709, 0.0589405708015, 0.159390091896, 0.0795573145151, 0.0294005889446, 0.015328082256, 0.0108083439991, 0.0334269218147, 0.0736383572221, 0.0359856709838, 0.0682880505919, 0.139088138938, 0.0740276873112, 0.0259842351079, 0.0103812543675, 0.00934197288007, 0.0369907990098], "mean": [0.179101839662, 0.138160035014, 0.0672749951482, 0.0482425652444, 0.0446568243206, 0.172660201788, 0.319317668676, 0.206858545542, 0.0846590921283, 0.0909760817885, 0.0577714294195, 0.0397185273468, 0.0531740784645, 0.0551028959453, 0.127120479941, 0.219913646579, 0.154134646058, 0.0585453659296, 0.0392443351448, 0.0432792305946, 0.177055984735, 0.32618239522, 0.230756670237, 0.0839095562696, 0.046151779592, 0.0355146080256, 0.100206673145, 0.160507246852, 0.121744282544, 0.201676905155, 0.323055952787, 0.21081264317, 0.0702174380422, 0.0392629764974, 0.0369120053947, 0.101231768727]}, "tuning_equal_tempered_deviation": 0.0101484311745, "chords_changes_rate": 0.0614080168307, "key_key": "G", "tuning_diatonic_strength": 0.599676728249, "key_scale": "major", "chords_number_rate": 0.00256937299855, "tuning_frequency": 440.254241943, "tuning_nontempered_energy_ratio": 0.635753929615, "chords_histogram": [23.4583759308, 8.8129491806, 15.1079139709, 1.1562179327, 3.7512845993, 0.17985612154, 2.36382317543, 0, 3.62281608582, 0, 0.0256937313825, 0, 0, 0, 0, 0.128468647599, 0, 0.976361751556, 0, 0.0770811885595, 0, 3.18602252007, 10.7913665771, 26.3617668152], "key_strength": 0.70151424408, "chords_key": "E", "chords_strength": {"dmean2": 0.00623586727306, "median": 0.542770147324, "min": 0.259980380535, "dvar2": 4.88590703753e-05, "dvar": 5.74166297156e-05, "dmean": 0.00909265223891, "max": 0.790180027485, "var": 0.00854786857963, "mean": 0.540929198265}, "chords_scale": "minor", "hpcp_entropy": {"dmean2": 0.830812513828, "median": 1.43397688866, "min": 0, "dvar2": 0.614141523838, "dvar": 0.239509537816, "dmean": 0.495351910591, "max": 4.36469221115, "var": 0.606655240059, "mean": 1.43138158321}}, "metadata": {"audio_properties": {"equal_loudness": 0, "codec": "mp3", "downmix": "mix", "sample_rate": 44100, "analysis_sample_rate": 44100, "bit_rate": 192028, "md5_encoded": "0afd0832d34b77d33bb03aed8facd270", "length": 180.662857056, "replay_gain": -5.51609230042, "lossless": false}, "version": {"essentia_build_sha": "2d9f1f26377add8aeb1075a9c2973f962c4f09fd", "essentia": "2.1-beta2", "extractor": "music 1.0", "essentia_git_sha": "v2.1_beta2-1-ge3940c0"}, "tags": {"title": ["Small Town Blues"], "language": ["eng"], "acoustid_fingerprint": ["AQADtFmoKKOSRMGDPsxxTR9uBj-aXOjCQ_9wdRa0VM3RDznOo0_xN_hLoSZODb2ENKGWozeH4z0UUT_8wgdzKh9exM54_DHOf3iSEn_B_GjkGj_qaIeWSjt2fLiq4-mJ_-iP98iFZN5w_Oioo6HEHffx93ga5NqhPY-QLhGNMw-ca0dXBj-qI88YeIGOPIcr5vAj4z_MoE6Y4c6ORh8u9mh-5DKSicc2pZmIsLg84cdH4Y2Cesvh2ZKKypDS8cgP_3iP2qiSo6G0RLh4HMnFI1_i4I8I_mjO4DrSqhP0o8Eo51Aj5OgJN3A_9MN0I0wPvRyYh8zR-ET7RIWWJD_y_NiPC2FPI1l2GXtwicezgvQxJc_Q6_gRHskHH7_gWOPRiTHe4kcOLSPC68jxYS7R8xKamjjD486F3_hzhKSQ8id4_BGO8GKNC__xt_CN18KYHEd_vHzQeMIb_EcfIsxlQec0hLqSUegiPfgFTHnAXCKeHnMSXO-EfO_wJ4TYQ8f3HZ1iHU2eQ9Fz-ETAp6gX7BfKH26TSSiVnPiDMDzk40Je4sdfDs2XEcdoHbkC5g2eKegfClOYR0GX5eNwJQt-9NBy5InCScH9hDjhM3iTSPiJK3mEkKRlXIGfF2WPR8efQ9cThMmHKumCmwtq7YE9Bd6HXEpOKKuWGGGr49uH6-AcCY2OSWJCE99xok8kNIwyXMd_5EfyLuKw77hdoU8GJh-LJvkx0ccj9FlQrsT5JBvSRxd0IU62BdXRVHlC_D6aJ8rR12gmCWWW47iCpmKIKiVx6YW5fPjCVGicYLKYD_kFXWieJBXCZ-Do4_xxHq7z4yE-7BemXEKf_OBUnDzG7OjzJBIaRomF_DuuQX_Q64h5_EHDj8Ll4Do-XPTxE42IUOqO_Eezo2-KWhSaL8ePkoeP0Mo8qP2Q-9iVwwnDHDcuws-C_IPk9MKPSRQzWA2CCyaJDpUPHzlU_DD8GepeBM7R53gCHPdHID-Sxf1QO_grPNWDP0ePGs-DB-HZoN7xXNiDn0aHhjeegI6GVzK2iFkOHf6hS5kV4WqmIBf843xwHtePBGFiUTiu_Jj6oIefDtd4PBEck4j0QNZy5CfxY_eH6objLAbzKBeO6HiO_oP5PLgpCuayvKgoGu9xaD-a3viT3FA-dXhP0DGHLWmPhzghmLGRp0GfC81Y4ZmON7hzo_qJrxG-VMH7YD_Ow_vQrkHkF3qEXLowfcVBRcwxbcmCkzvOoz_S4zcanLtx4kNow-NRKyyOWGM-CT8OvXqKMGJTVGKCH3txh8H1IMvRzDpmbjf-IU-yMLjQb8WL7Ud1gVWK_DsORdkton02oeQPdzs0pzm6_0iPU_iPajquoV-KMD9-QTNMvUYu-zjKC9-O7xlGbQ-aE_3QHOXBjTkeic9Q-Qq2ITw0K3kRpmmo4F6OPYN1B_vxBlfQXWnQ_HiE37j3IFfuQGt4hBnD4cQf_HiO53B-Ia-gJzlueZh25MMP6oePB3kueMtRPcfj9dCPM8SZycTVCfxR5_BP6FlY9MiD-PihSr2Qjyx6fMcP_kI-JDnq1HimJcWDJtF1VHpw5RLyBEmPMz_SC690XFECfccOxjqxHQ9yHX7x5PCLPiOe4v2EHw--I_kRGs1x6cdFZ2iiD9PCRMWpHa36wpWe4DioF31U5EEy70Rzx3iyTMaPKh-aPAYfHzkPLT0q3Al-PNLx4CaaD9cg5kgLPoffozl-3BkR58cvQQ-PX-AN7R7S4jR-oz_-HHFyKD_yHpMlHT7Owxd4hEbyaA12JlKK72j0uKiOJ7mEC7F9aA8a6cVJXIfCRuCH6YKPHn3hd4ipwzJRHc9x_Hh4fMR5Ifyh5fiDME7moCI3HW8UxH4CkaFcPNiP4yI0v4dfFpku1Eb-4LkERck-_NhznHoGRr-gC1-F6DqqTwkRchcSO0lyNIuOPkfOG9pmpH1x7Xh09DnRI8wnDsmTbwNOHx3DwPha9Di140qOyUfzKDYYUXqGKU1ynPCOdw5ymH2gJ8czR-iN5taQbw9-BjeHExWdC41YXDkqSfCiixGa2oj4RHj1g9FvIlKaDE-O_8FzoTlz1Gmy4Nn0KLi45DCXGcn_IBdxpang6kIvNCuLWwoc5niiDw96XURTDfvxcga7SIEZ5UScmIKi5BGD8DGOymjkGReZFDv-Czzd4MNk3WiiLDe6a0PzZEMuXoWuOwgzPcXTHGeG8ISmw3oQPj9Ga8eUeyizKEKubIU-eugR5jkuH5UWFs_R4ce3oFZiqbjCYxuzKEOPJ8mHJsKvIUu4_PixNiy-wXGgmEd-8GqDa9pxRdGFSjyDKZdRO1PQWIpw4WiSvuizTMITyvgqDbk7fIdzOXjjDS_EqIuOPM1x4R5cHf1UeIkYOEwzoSRLPL2FXsqFpkqEPCWS_OhHUOHYoU2OiWhOJfhSIkRTGg8PTWKOPw76ow9MHrVzfIfmF_iP4zTEy8hhZkd_3DgjvMQtXCF-JBOTD2Fq3MyL9_iaH80FP0N95IUu48tk7McVXIN8IUv4GhUlXMJoCbdQRcuRHj4Pzcpj6CeQnnij4zviX4EsHrEZokfznMKP_2h6PBqaR8OZiYgPNYqOJ0GeYx_6FGaiyBF4REd_PEf7B83kzPgBCRgBDBpkBAKES0KFQQwAAQRZQDAgiKBEGAAEAkw5oAkjFwAChAFYCGOJ4RAAZYCggihBiCHIAEeQcoIBBRQCSigtCINKAECQIoQIID1hjBHAgDIQATCYUcoIwgAySAEECUAOCYWAFEQIDBwggDgJiEhCMAGUgEAQYJATEIhHABMMCKYEAYYBYIEACghqoAACAEcAJEAQg4QFAEBBAACCAUYCEQJDA4wASCBALRBEKAAEBQoSoowijBACIBFCCCKQYkZ6RSwASjIADFFCCGMEEgAQL4ggACAEOnCEIKEQgEooARQAChkDCADEECAEMIwoQCSRAkCBkQBUEUEkEMoBBZQRghgEgXJAOSYBFURITSh0QBhEmAICCECQpQIq4YFTTDAOFDBCQACEJYRYJAjUAClqBVLAAmAAMJhBQYBCQigjlAFCEIAco0gwhoAQRDiHgMFQCEGMwGABwBwBwEBABFBQGEkCYBgqBJgA0BgkrULGAEIFUAA4IIhBRAhHCAJECwGsBUIAA4UgQgAjBSDGAIUIAM4JAoAAhjHjiHIUGAKcIJQBEoQ1CgikACCSE8SAQQAIKQYABCPmDBJUMA2QRMgoAoAzAhmjCQIGKaWAAMAhzJySAhkiEAGKCBQVEQkprAgSgAGCFDQMUiWoMIAJqoBRBiLBjAOOCMMAFEAoYgh2hBhigDEYIUSgQhJgCk1QzDCEDFYMOcQAQpAIoqAACwiElTECCGQsMYQgRKghSBKhBAPOGAEMQAIAY5hwwABBUSHeKAIUAAI4TAwCwgghACCUAMAIEAAAAABwBFlmACBCMKOEQRgAAgAgSgAjhAAKEKYsFcAYIIgCBBkDgDCGWASEIIAhYyQDgAkiHAJIEIIQEIIKAZByRBABkHDSIYccEUQRgpQTzABiHpVMQYII5UYxAAQBQgCAEXDCgYCAYwQDYgwQihgBHFQAGEkFMM4wKpAXXgEvCIOAMQk"], "date": ["2009"], "genre": ["Country"], "musicbrainz_releasegroupid": ["9746b806-0b30-4491-a285-8c61010db755"], "musicbrainz album type": ["Album"], "musicbrainz_recordingid": ["04889ac9-ff82-4793-957d-5a7320c528ec"], "musicbrainz album release country": ["DE"], "musicbrainz_albumartistid": ["35331977-04bc-42bf-82b4-9750fc94725c"], "musicbrainz_albumid": ["8d1c5dbf-8dd3-4b4f-afb2-038000d79128"], "artist": ["Johnny Trouble"], "bpm": ["90.00"], "album": ["Rambling Man"], "catalognumber": ["RGR001"], "tracknumber": ["03/10"], "label": ["Running Gun Records"], "acoustid_id": ["27815d96-da06-4ecd-ba23-96706135b42b"], "musicbrainz_artistid": ["35331977-04bc-42bf-82b4-9750fc94725c"], "file_name": "Johnny Trouble - Small Town Blues.mp3"}}, "rhythm": {"bpm_histogram_first_peak_bpm": {"dmean2": 0, "median": 178, "min": 178, "dvar2": 0, "dvar": 0, "dmean": 0, "max": 178, "var": 0, "mean": 178}, "bpm": 178.205413818, "bpm_histogram_second_peak_spread": {"dmean2": 0, "median": 0, "min": 0, "dvar2": 0, "dvar": 0, "dmean": 0, "max": 0, "var": 0, "mean": 0}, "bpm_histogram_first_peak_weight": {"dmean2": 0, "median": 0.513011157513, "min": 0.513011157513, "dvar2": 0, "dvar": 0, "dmean": 0, "max": 0.513011157513, "var": 0, "mean": 0.513011157513}, "onset_rate": 4.76547670364, "beats_position": [0.301859408617, 0.638548731804, 0.975238084793, 1.30031740665, 1.62539684772, 1.95047616959, 2.27555561066, 2.60063481331, 2.92571425438, 3.25079369545, 3.5758728981, 3.90095233917, 4.22603178024, 4.55111122131, 4.87619018555, 5.20126962662, 5.52634906769, 5.85142850876, 6.18811798096, 6.52480697632, 6.84988641739, 7.18657588959, 7.52326536179, 7.85995435715, 8.19664382935, 8.54494285583, 8.88163280487, 9.21832180023, 9.55501079559, 9.89170074463, 10.22838974, 10.5650787354, 10.8901586533, 11.2268476486, 11.5635375977, 11.900226593, 12.2369155884, 12.5619955063, 12.8870744705, 13.2121543884, 13.5372333527, 13.8855323792, 14.2106122971, 14.5473012924, 14.8723802567, 15.2090702057, 15.5573692322, 15.8824491501, 16.2191371918, 16.5558280945, 16.8925170898, 17.2292060852, 17.5658950806, 17.9025840759, 18.2276649475, 18.575963974, 18.9126529694, 19.2493419647, 19.574420929, 19.9111099243, 20.2361907959, 20.5728797913, 20.9095687866, 21.246257782, 21.5713367462, 21.9080276489, 22.2447166443, 22.5814056396, 22.8948745728, 23.2315635681, 23.5566444397, 23.8933334351, 24.2184123993, 24.5667114258, 24.89179039, 25.2284793854, 25.553560257, 25.8902492523, 26.2153282166, 26.563627243, 26.8887062073, 27.2370071411, 27.5736961365, 27.9103851318, 28.2354640961, 28.5605430603, 28.8856239319, 29.2223129272, 29.5590019226, 29.895690918, 30.2323799133, 30.5690689087, 30.9057598114, 31.2308387756, 31.567527771, 31.9042167664, 32.2525177002, 32.5775947571, 32.9026756287, 33.2509727478, 33.5760536194, 33.9127426147, 34.2494316101, 34.5861206055, 34.9228096008, 35.2478904724, 35.5961914063, 35.9212684631, 36.2463493347, 36.5830383301, 36.9197273254, 37.2564163208, 37.5931053162, 37.9181861877, 38.2548751831, 38.5915641785, 38.9282531738, 39.2649421692, 39.5900230408, 39.9267120361, 40.2634010315, 40.5884780884, 40.91355896, 41.2618598938, 41.5869369507, 41.9120178223, 42.2370948792, 42.5737876892, 42.8988647461, 43.2239456177, 43.5374145508, 43.8741035461, 44.2107925415, 44.5474815369, 44.8725624084, 45.2092514038, 45.5343284607, 45.8594093323, 46.1844902039, 46.5211791992, 46.8578681946, 47.1829452515, 47.5196380615, 47.8679351807, 48.1930160522, 48.5297050476, 48.8547821045, 49.1914749146, 49.5281639099, 49.8648529053, 50.2015419006, 50.5498390198, 50.8749198914, 51.2000007629, 51.5250778198, 51.8617668152, 52.1984558105, 52.5467567444, 52.871837616, 53.2085266113, 53.5452156067, 53.8702926636, 54.1953735352, 54.5204544067, 54.8455314636, 55.1938323975, 55.5305213928, 55.8672103882, 56.1922874451, 56.5173683167, 56.8424491882, 57.1907463074, 57.5390472412, 57.8641242981, 58.1892051697, 58.5142860413, 58.8393630981, 59.1760520935, 59.5011329651, 59.8378219604, 60.1745109558, 60.4995918274, 60.8362808228, 61.1845779419, 61.5096588135, 61.8347396851, 62.1714286804, 62.5081176758, 62.8448066711, 63.169883728, 63.5065765381, 63.8432655334, 64.1915664673, 64.5282516479, 64.864944458, 65.2016296387, 65.5383224487, 65.8866195679, 66.2233123779, 66.5483856201, 66.8734664917, 67.2217712402, 67.5700683594, 67.9183654785, 68.2666625977, 68.6033554077, 68.9400405884, 69.2767333984, 69.6134262085, 69.9501113892, 70.2868041992, 70.6234893799, 70.9601821899, 71.2968673706, 71.6335601807, 71.9586410522, 72.2953262329, 72.6204071045, 72.9454879761, 73.2821731567, 73.6072540283, 73.9323348999, 74.2690200806, 74.6057128906, 74.9307937622, 75.2558746338, 75.5925598145, 75.9292526245, 76.2543258667, 76.5910186768, 76.9277114868, 77.2643966675, 77.6010894775, 77.9261627197, 78.2628555298, 78.5995483398, 78.9362335205, 79.2729263306, 79.5979995728, 79.9463043213, 80.2713851929, 80.6080703735, 80.9447631836, 81.2698364258, 81.6065292358, 81.9432220459, 82.2799072266, 82.6166000366, 82.9416732788, 83.2667541504, 83.6034469604, 83.9401321411, 84.2652130127, 84.6019058228, 84.9385910034, 85.2752838135, 85.6119689941, 85.9370498657, 86.2737426758, 86.6104278564, 86.9238967896, 87.2605895996, 87.5856704712, 87.9223556519, 88.2590484619, 88.5841217041, 88.9092025757, 89.2342834473, 89.5593643188, 89.907661438, 90.244354248, 90.5810394287, 90.9177322388, 91.2544174194, 91.579498291, 91.9161911011, 92.2528762817, 92.5779571533, 92.9146499634, 93.251335144, 93.5880279541, 93.9247131348, 94.2614059448, 94.5980911255, 94.9347839355, 95.2714691162, 95.5965499878, 95.9332427979, 96.2699279785, 96.6066207886, 96.9433059692, 97.2799987793, 97.61668396, 97.9417648315, 98.2668457031, 98.6035385132, 98.9286117554, 99.2653045654, 99.590385437, 99.9270706177, 100.252151489, 100.588844299, 100.913917542, 101.26222229, 101.598907471, 101.935600281, 102.260681152, 102.597366333, 102.922447205, 103.259140015, 103.584213257, 103.909294128, 104.245986938, 104.582672119, 104.907752991, 105.232833862, 105.557914734, 105.906211853, 106.231292725, 106.567977905, 106.904670715, 107.241355896, 107.578048706, 107.903129578, 108.239814758, 108.576507568, 108.90158844, 109.238273621, 109.574966431, 109.900039673, 110.236732483, 110.561813354, 110.898498535, 111.235191345, 111.571876526, 111.896957397, 112.222038269, 112.547119141, 112.872200012, 113.197273254, 113.522354126, 113.870658875, 114.207344055, 114.544036865, 114.869110107, 115.205802917, 115.542495728, 115.879180908, 116.215873718, 116.552558899, 116.889251709, 117.214332581, 117.539405823, 117.864486694, 118.201179504, 118.537864685, 118.862945557, 119.211242676, 119.547935486, 119.873016357, 120.186485291, 120.53478241, 120.883079529, 121.231384277, 121.54485321, 121.881538391, 122.218231201, 122.554916382, 122.891609192, 123.228294373, 123.553375244, 123.878456116, 124.203536987, 124.551834106, 124.876914978, 125.20199585, 125.527069092, 125.87537384, 126.223670959, 126.56036377, 126.89704895, 127.23374176, 127.570426941, 127.895507813, 128.220581055, 128.568893433, 128.893966675, 129.242263794, 129.567337036, 129.904037476, 130.240722656, 130.577407837, 130.902496338, 131.239181519, 131.564254761, 131.9009552, 132.237640381, 132.5859375, 132.922622681, 133.25932312, 133.584396362, 133.909469604, 134.234558105, 134.571243286, 134.896316528, 135.233016968, 135.569702148, 135.906387329, 136.243087769, 136.579772949, 136.904846191, 137.253143311, 137.578231812, 137.914916992, 138.251602173, 138.588302612, 138.924987793, 139.250061035, 139.575149536, 139.900222778, 140.225296021, 140.573608398, 140.921905518, 141.258590698, 141.595275879, 141.92036438, 142.257049561, 142.593734741, 142.918823242, 143.255508423, 143.592193604, 143.928878784, 144.265579224, 144.590652466, 144.915740967, 145.252426147, 145.57749939, 145.914199829, 146.239273071, 146.58757019, 146.924255371, 147.260955811, 147.586029053, 147.911102295, 148.247802734, 148.584487915, 148.909561157, 149.246261597, 149.582946777, 149.90802002, 150.244720459, 150.58140564, 150.906478882, 151.243179321, 151.579864502, 151.916549683, 152.253234863, 152.578323364, 152.926620483, 153.251693726, 153.576782227, 153.913467407, 154.250152588, 154.586837769, 154.91192627, 155.236999512, 155.573699951, 155.898773193, 156.235458374, 156.572158813, 156.908843994, 157.245529175, 157.570602417, 157.907302856, 158.243988037, 158.592285156, 158.917373657, 159.242446899, 159.567520142, 159.892608643, 160.229293823, 160.565979004, 160.902679443, 161.239364624, 161.564437866, 161.889526367, 162.214599609, 162.55128479, 162.876373291, 163.213058472, 163.549743652, 163.886444092, 164.211517334, 164.548202515, 164.884887695, 165.221588135, 165.558273315, 165.894958496, 166.231658936, 166.556732178, 166.893417358, 167.230117798, 167.55519104, 167.891876221, 168.228561401, 168.565261841, 168.901947021, 169.227020264, 169.563720703, 169.900405884, 170.225479126, 170.562179565, 170.898864746, 171.235549927, 171.583847046, 171.908935547, 172.245620728, 172.593917847, 172.930603027, 173.278915405, 173.627212524, 173.987121582, 174.335418701, 174.695327759, 175.055236816, 175.426757813, 175.798278809, 176.169799805, 176.541305542, 176.9012146, 177.272735596, 177.632644653, 177.992553711, 178.364074707, 178.723983765, 179.083892822, 179.467025757, 179.838546753, 180.210067749], "beats_loudness": {"dmean2": 0.0199089795351, "median": 0.0356243625283, "min": 1.11341878437e-05, "dvar2": 0.000283341767499, "dvar": 0.000103177197161, "dmean": 0.011565069668, "max": 0.104802519083, "var": 0.000237656524405, "mean": 0.0368120633066}, "danceability": 1.0500702858, "bpm_histogram_second_peak_weight": {"dmean2": 0, "median": 0.353159844875, "min": 0.353159844875, "dvar2": 0, "dvar": 0, "dmean": 0, "max": 0.353159844875, "var": 0, "mean": 0.353159844875}, "beats_count": 539, "bpm_histogram_second_peak_bpm": {"dmean2": 0, "median": 185, "min": 185, "dvar2": 0, "dvar": 0, "dmean": 0, "max": 185, "var": 0, "mean": 185}, "bpm_histogram_first_peak_spread": {"dmean2": 0, "median": 0, "min": 0, "dvar2": 0, "dvar": 0, "dmean": 0, "max": 0, "var": 0, "mean": 0}, "beats_loudness_band_ratio": {"dmean2": [0.251935064793, 0.262827634811, 0.226792857051, 0.130253657699, 0.0693222209811, 0.039495408535], "median": [0.255447685719, 0.327962100506, 0.214704468846, 0.0890257954597, 0.0474669262767, 0.0176982060075], "min": [0.025470752269, 0.0256082434207, 0.0246570631862, 0.00401154626161, 0.00192226388026, 0.000196136708837], "dvar2": [0.0354950278997, 0.0461101457477, 0.04032022506, 0.0276993680745, 0.00561459548771, 0.00277433195151], "dvar": [0.0115067958832, 0.0161540638655, 0.0145334778354, 0.00908286590129, 0.00192030100152, 0.000985059072264], "dmean": [0.142553001642, 0.151450991631, 0.133291840553, 0.0733238235116, 0.0400295779109, 0.0218032151461], "max": [0.690331757069, 0.807655990124, 0.737432479858, 0.822313606739, 0.354699254036, 0.327750653028], "var": [0.0199917592108, 0.0231033675373, 0.0270660854876, 0.0129980398342, 0.0031249683816, 0.000855551217683], "mean": [0.275549322367, 0.336886495352, 0.264947146177, 0.120819047093, 0.0643199384212, 0.025876024738]}}, "lowlevel": {"barkbands_spread": {"dmean2": 6.79155349731, "median": 14.6526975632, "min": 2.3709127903, "dvar2": 111.06716156, "dvar": 46.6639709473, "dmean": 4.29578876495, "max": 103.317703247, "var": 94.913482666, "mean": 16.4132003784}, "melbands_spread": {"dmean2": 6.72088098526, "median": 16.8255844116, "min": 3.24089336395, "dvar2": 116.835083008, "dvar": 51.4631538391, "dmean": 4.27205133438, "max": 181.232131958, "var": 123.703651428, "mean": 18.774805069}, "hfc": {"dmean2": 7.78964948654, "median": 20.4878463745, "min": 1.2172114915e-16, "dvar2": 110.97039032, "dvar": 46.3254852295, "dmean": 5.08844947815, "max": 101.462982178, "var": 161.200653076, "mean": 21.6680412292}, "barkbands_kurtosis": {"dmean2": 2.32713961601, "median": 2.15772223473, "min": -1.87333583832, "dvar2": 8.37460899353, "dvar": 3.45504236221, "dmean": 1.48659396172, "max": 33.1478271484, "var": 11.4039421082, "mean": 2.85001802444}, "gfcc": {"mean": [5.4186091423, 118.019500732, -119.656921387, 16.1909198761, -60.1002235413, 4.98611974716, -45.5918312073, 5.02968597412, -23.9943370819, -0.309848427773, -11.4887428284, -3.93157839775, -10.4917221069], "icov": [[0.000328873138642, -3.72717549908e-05, 0.000403446698328, -0.000377974938601, 0.000372117327061, -0.000383844977478, 0.00059395947028, -0.00055363564752, 0.000275081285508, -0.000592519296333, 0.000380622048397, -0.000277897110209, 8.22261208668e-05], [-3.72717549908e-05, 0.00290448754095, -5.33148086106e-05, 0.000846128561534, -0.00241423374973, 0.00146400963422, -0.0022802464664, 0.00155905971769, -0.00160203082487, 0.00243065739051, -0.00313540454954, 0.00197648396716, -0.00115220679436], [0.000403446698328, -5.33148086106e-05, 0.00393740553409, -0.00129957578611, 0.000874123652466, -0.00172079715412, 0.00013653888891, -0.000448388978839, -0.000374805968022, -0.00110748200677, 0.000848620024044, -0.00191167590674, 0.0014723520726], [-0.000377974938601, 0.000846128561534, -0.00129957578611, 0.0067414175719, -0.000974795548245, 0.00112600589637, -0.00149338226765, 0.000490771431942, -0.00131764065009, 0.00158116151579, -0.00236086593941, 0.000586272741202, -0.00249361828901], [0.000372117327061, -0.00241423374973, 0.000874123652466, -0.000974795548245, 0.00838889274746, -0.000903015432414, 0.0014033021871, -0.00065951840952, 0.00126200262457, -0.00355044519529, 0.00310033303685, -0.000369740126189, -0.00274734105915], [-0.000383844977478, 0.00146400963422, -0.00172079715412, 0.00112600589637, -0.000903015432414, 0.00923497509211, -0.00344133214094, 0.00106789078563, -0.000320737948641, 8.45136964926e-05, -0.00118836050387, -0.000366317050066, 0.00137576763518], [0.00059395947028, -0.0022802464664, 0.00013653888891, -0.00149338226765, 0.0014033021871, -0.00344133214094, 0.0104091893882, -0.00225470913574, 0.00326758017763, -0.00227892282419, 0.00168635242153, -7.76854285505e-05, -0.000395931885578], [-0.00055363564752, 0.00155905971769, -0.000448388978839, 0.000490771431942, -0.00065951840952, 0.00106789078563, -0.00225470913574, 0.0100072622299, -0.00342101277784, 0.00205379002728, -0.00365791656077, 0.000227909666137, 0.00109106150921], [0.000275081285508, -0.00160203082487, -0.000374805968022, -0.00131764065009, 0.00126200262457, -0.000320737948641, 0.00326758017763, -0.00342101277784, 0.0124141294509, -0.00191017764155, -0.00135489704553, 0.000645268009976, -0.0034596293699], [-0.000592519296333, 0.00243065739051, -0.00110748200677, 0.00158116151579, -0.00355044519529, 8.45136964926e-05, -0.00227892282419, 0.00205379002728, -0.00191017764155, 0.0152440415695, -0.00290259392932, -0.000299738167087, -0.000131601045723], [0.000380622048397, -0.00313540454954, 0.000848620024044, -0.00236086593941, 0.00310033303685, -0.00118836050387, 0.00168635242153, -0.00365791656077, -0.00135489704553, -0.00290259392932, 0.013857036829, -0.00216955272481, 0.00359189882874], [-0.000277897110209, 0.00197648396716, -0.00191167590674, 0.000586272741202, -0.000369740126189, -0.000366317050066, -7.76854285505e-05, 0.000227909666137, 0.000645268009976, -0.000299738167087, -0.00216955272481, 0.0158882699907, -0.00404079956934], [8.22261208668e-05, -0.00115220679436, 0.0014723520726, -0.00249361828901, -0.00274734105915, 0.00137576763518, -0.000395931885578, 0.00109106150921, -0.0034596293699, -0.000131601045723, 0.00359189882874, -0.00404079956934, 0.0185019839555]], "cov": [[5799.75878906, -1425.04382324, -102.834716797, 96.7412796021, -429.456756592, 248.668212891, -324.804656982, 286.714538574, -124.893241882, 210.288757324, -122.700836182, 206.339523315, -152.388748169], [-1425.04382324, 1462.87524414, -229.970947266, 14.846364975, 353.515441895, -232.068481445, 161.007369995, -109.792411804, 148.719467163, -138.069915771, 156.810775757, -177.701721191, 154.97833252], [-102.834716797, -229.970947266, 398.700408936, 36.2174530029, -82.6792984009, 105.892982483, 17.6189937592, 23.913640976, -10.5150222778, 35.5835342407, -7.00795507431, 61.4273605347, -48.8319892883], [96.7412796021, 14.846364975, 36.2174530029, 188.887954712, 8.55466842651, -11.5331306458, 8.84016895294, 18.1731815338, 31.6415538788, -5.05894374847, 27.6830177307, 5.99405384064, 26.1307678223], [-429.456756592, 353.515441895, -82.6792984009, 8.55466842651, 251.266555786, -59.6278877258, 33.6145133972, -51.7686920166, 24.3667831421, -7.18813228607, -5.27726507187, -39.3720588684, 74.1032104492], [248.668212891, -232.068481445, 105.892982483, -11.5331306458, -59.6278877258, 181.903869629, 23.4710521698, 15.8671274185, -34.9607963562, 34.8827590942, -16.5044898987, 37.9277496338, -43.1533966064], [-324.804656982, 161.007369995, 17.6189937592, 8.84016895294, 33.6145133972, 23.4710521698, 153.21321106, -7.58509922028, -11.6986064911, -5.73973560333, 12.0141506195, -17.2066402435, 9.91304969788], [286.714538574, -109.792411804, 23.913640976, 18.1731815338, -51.7686920166, 15.8671274185, -7.58509922028, 149.737960815, 28.3292694092, 5.31157684326, 34.7015724182, 15.5870332718, -23.4221496582], [-124.893241882, 148.719467163, -10.5150222778, 31.6415538788, 24.3667831421, -34.9607963562, -11.6986064911, 28.3292694092, 125.970245361, -8.22505378723, 43.7677726746, -15.2611246109, 30.8810768127], [210.288757324, -138.069915771, 35.5835342407, -5.05894374847, -7.18813228607, 34.8827590942, -5.73973560333, 5.31157684326, -8.22505378723, 93.2873458862, -7.95135545731, 24.0063972473, -11.2313861847], [-122.700836182, 156.810775757, -7.00795507431, 27.6830177307, -5.27726507187, -16.5044898987, 12.0141506195, 34.7015724182, 43.7677726746, -7.95135545731, 125.982849121, -10.5534381866, -5.38149213791], [206.339523315, -177.701721191, 61.4273605347, 5.99405384064, -39.3720588684, 37.9277496338, -17.2066402435, 15.5870332718, -15.2611246109, 24.0063972473, -10.5534381866, 93.5227279663, -6.2265663147], [-152.388748169, 154.97833252, -48.8319892883, 26.1307678223, 74.1032104492, -43.1533966064, 9.91304969788, -23.4221496582, 30.8810768127, -11.2313861847, -5.38149213791, -6.2265663147, 92.9694747925]]}, "spectral_energyband_middle_low": {"dmean2": 0.0076459441334, "median": 0.0205510817468, "min": 2.3817939734e-22, "dvar2": 7.85156371421e-05, "dvar": 3.36332777806e-05, "dmean": 0.00497500412166, "max": 0.105326592922, "var": 0.0001568665175, "mean": 0.0216314159334}, "melbands_crest": {"dmean2": 3.53929042816, "median": 10.6669578552, "min": 2.33323979378, "dvar2": 11.1903333664, "dvar": 4.39886140823, "dmean": 2.19047856331, "max": 27.5198898315, "var": 13.5569133759, "mean": 11.3553524017}, "spectral_kurtosis": {"dmean2": 5.3332657814, "median": 6.39242458344, "min": -1.21512699127, "dvar2": 51.1250457764, "dvar": 17.1495265961, "dmean": 3.24785590172, "max": 63.7746696472, "var": 50.0005073547, "mean": 8.07294273376}, "spectral_rms": {"dmean2": 0.000773537904024, "median": 0.0055345739238, "min": 3.27714678311e-12, "dvar2": 5.98235487814e-07, "dvar": 2.69185164825e-07, "dmean": 0.000515600608196, "max": 0.0104780346155, "var": 2.16793182517e-06, "mean": 0.00534014636651}, "zerocrossingrate": {"dmean2": 0.00941930897534, "median": 0.04345703125, "min": 0.00732421875, "dvar2": 0.000128717132611, "dvar": 0.000114654903882, "dmean": 0.00761972274631, "max": 0.51416015625, "var": 0.000717734044883, "mean": 0.0467656366527}, "silence_rate_60dB": {"dmean2": 0.00565552711487, "median": 0, "min": 0, "dvar2": 0.0066510476172, "dvar": 0.00281905382872, "dmean": 0.0028274001088, "max": 1, "var": 0.0161779820919, "mean": 0.0164482146502}, "erbbands_kurtosis": {"dmean2": 1.21016454697, "median": 0.0808099284768, "min": -1.73548734188, "dvar2": 2.9891679287, "dvar": 1.3232177496, "dmean": 0.793236732483, "max": 29.3592071533, "var": 5.91747093201, "mean": 0.780658662319}, "erbbands": {"dmean2": [0.0283675771207, 0.432912319899, 1.26608884335, 4.01116037369, 10.8581933975, 10.9334306717, 11.1355285645, 27.4658737183, 34.4655838013, 33.7624931335, 27.4524784088, 22.1383705139, 32.7409934998, 18.2083053589, 15.5069084167, 25.1749706268, 23.5600471497, 19.5163974762, 19.2382793427, 26.4882545471, 14.37977314, 9.10707378387, 8.86341094971, 6.20065689087, 5.71983098984, 4.49847221375, 3.61355090141, 3.7272503376, 5.28171348572, 3.76377010345, 3.94963622093, 3.2941327095, 2.32237839699, 0.945136368275, 0.544718980789, 0.216215744615, 0.0584930852056, 0.0118435360491, 0.00105487077963, 3.16711084452e-05], "median": [0.0232288166881, 0.352059870958, 0.925319075584, 3.14787626266, 8.34354114532, 10.0206508636, 14.514295578, 27.7653846741, 25.8130702972, 22.3153400421, 22.741985321, 17.2655715942, 21.4597911835, 14.4931163788, 13.9234981537, 17.4903411865, 16.2084178925, 13.5070018768, 16.3325309753, 12.6696910858, 9.4862613678, 7.30148935318, 8.62079620361, 6.06967258453, 4.80848312378, 3.62247610092, 1.83630728722, 0.917548120022, 0.876074612141, 0.572942614555, 0.573021948338, 0.455654203892, 0.291942715645, 0.147870719433, 0.0832004249096, 0.0206990130246, 0.00470011634752, 0.000774786574766, 4.36176960648e-05, 4.1243427404e-05], "min": [3.59879506165e-21, 2.478114208e-20, 7.11423083551e-20, 7.39848046702e-20, 1.69118368706e-19, 2.40616060994e-19, 1.51398169582e-19, 2.0269789492e-19, 1.02734306965e-19, 3.65149058642e-19, 8.65148874753e-19, 1.99829775393e-18, 3.02497137597e-18, 8.1119642255e-18, 2.26323046924e-18, 4.58742787193e-18, 4.8799801479e-18, 3.29760803791e-18, 3.07954709842e-18, 1.0160456333e-17, 7.81272915737e-18, 8.6147593434e-18, 1.04844150024e-17, 1.74740630544e-17, 1.40710618667e-17, 1.12103329916e-17, 1.91551769548e-17, 1.88046492441e-17, 2.25068333876e-17, 1.6140080461e-17, 1.5479050655e-17, 1.49904780806e-17, 1.77112008467e-17, 1.3113304177e-17, 8.84764873614e-18, 6.89761428262e-18, 3.31167589859e-18, 1.13586229008e-18, 3.25594574219e-19, 3.38085098404e-20], "dvar2": [0.00155823829118, 0.338115662336, 3.98544502258, 30.6777019501, 196.031661987, 261.460205078, 399.994720459, 2244.4934082, 5290.80371094, 4250.90039063, 4746.09716797, 2489.3737793, 7979.66210938, 1034.96496582, 667.440002441, 2848.4140625, 3376.89892578, 1339.67211914, 889.449890137, 4004.17089844, 1010.50708008, 240.36529541, 203.478668213, 110.084564209, 127.561798096, 56.7300567627, 53.777015686, 101.326698303, 252.579208374, 111.029838562, 103.631698608, 71.8810806274, 34.6800537109, 4.17336320877, 1.14435482025, 0.220661237836, 0.0183731745929, 0.000949092383962, 1.54226945597e-05, 1.46943799351e-08], "dvar": [0.000725998252165, 0.128175109625, 1.33182585239, 11.4222774506, 69.5213928223, 93.1556777954, 167.133758545, 971.245422363, 2534.81835938, 2100.45800781, 2197.08789063, 1201.04248047, 3685.82006836, 490.026641846, 283.107666016, 1553.72497559, 1791.27270508, 673.982849121, 382.624511719, 1749.08776855, 433.44354248, 118.052879333, 86.4103469849, 47.1838989258, 60.8081741333, 23.3024864197, 21.0404834747, 39.402469635, 103.965881348, 55.2255134583, 43.702495575, 29.075630188, 12.9017362595, 1.63115978241, 0.448290944099, 0.0836931765079, 0.00684385793284, 0.000346640998032, 5.40338396604e-06, 5.07815967055e-09], "dmean": [0.0190297011286, 0.264116436243, 0.7530169487, 2.46268939972, 6.47527503967, 6.63401508331, 7.36642837524, 17.805557251, 23.3564014435, 23.0024223328, 18.5041503906, 15.370262146, 22.4744186401, 12.0171890259, 10.2190055847, 17.3712997437, 15.9226121902, 12.987786293, 12.2835683823, 17.3948974609, 9.29718494415, 5.9824848175, 5.6470708847, 3.96505689621, 3.81949234009, 2.88833141327, 2.22027206421, 2.24004292488, 3.17434430122, 2.39759802818, 2.41931080818, 1.98581314087, 1.34703564644, 0.574712097645, 0.334596991539, 0.129025280476, 0.034788120538, 0.00704933144152, 0.000600846891757, 1.91592644114e-05], "max": [0.605343341827, 4.7203207016, 19.3245563507, 64.9200286865, 117.05002594, 211.829818726, 262.363189697, 728.821472168, 1129.83337402, 1019.1539917, 1178.13012695, 1140.04614258, 1907.74243164, 800.524536133, 471.938568115, 1517.19311523, 1378.97290039, 883.069274902, 341.97454834, 1188.54602051, 634.812744141, 477.734436035, 250.068984985, 180.522369385, 163.336761475, 76.0174865723, 70.3571472168, 130.965393066, 339.68371582, 183.09803772, 149.61630249, 129.383850098, 55.1420097351, 25.1301765442, 8.21830654144, 3.44501590729, 1.19900345802, 0.35444766283, 0.0825929269195, 0.0031282925047], "var": [0.00321977050044, 0.358930051327, 2.9369790554, 19.9178333282, 122.786209106, 583.71496582, 797.936462402, 3163.31079102, 7860.57470703, 13058.6318359, 5189.30908203, 4758.66601563, 13348.3740234, 2060.69018555, 780.973632813, 6208.99511719, 16023.59375, 2666.82324219, 1259.86877441, 16515.1660156, 2349.08154297, 1151.5736084, 387.99041748, 165.52331543, 157.125595093, 68.8965911865, 26.9613609314, 42.6512031555, 125.960098267, 124.297836304, 76.6635742188, 39.8084487915, 11.1714868546, 1.61009180546, 0.408784806728, 0.0655318051577, 0.00506743555889, 0.00024198293977, 3.20278832078e-06, 3.19826565232e-09], "mean": [0.0443728640676, 0.563822925091, 1.52711904049, 4.45235919952, 11.8584651947, 19.5209960938, 24.8761119843, 48.0686721802, 56.7320022583, 60.8059616089, 42.3281173706, 46.1446456909, 55.5452232361, 27.5859241486, 22.0935287476, 42.3463439941, 47.4199829102, 30.5345439911, 28.8103370667, 55.5405044556, 27.318025589, 18.4032421112, 15.9588499069, 10.2430057526, 8.60831832886, 6.53999614716, 3.3597009182, 2.56416273117, 3.47993731499, 2.98443508148, 2.84299445152, 2.24649071693, 1.28150379658, 0.566307425499, 0.327162206173, 0.111096188426, 0.0292734671384, 0.00586789241061, 0.000454624008853, 4.76619279652e-05]}, "spectral_strongpeak": {"dmean2": 0.911512315273, "median": 1.2022908926, "min": 0, "dvar2": 2.1410574913, "dvar": 0.838948965073, "dmean": 0.547136247158, "max": 12.1665811539, "var": 2.19608330727, "mean": 1.56462335587}, "spectral_energy": {"dmean2": 0.00894056912512, "median": 0.0313972979784, "min": 1.10081825998e-20, "dvar2": 9.61718615144e-05, "dvar": 4.15610338678e-05, "dmean": 0.00589269585907, "max": 0.112533934414, "var": 0.000226675882004, "mean": 0.0314521342516}, "average_loudness": 0.910070061684, "spectral_rolloff": {"dmean2": 587.434326172, "median": 990.52734375, "min": 215.33203125, "dvar2": 1672916.125, "dvar": 696489.25, "dmean": 337.411560059, "max": 19272.2167969, "var": 1338181.625, "mean": 1221.06665039}, "spectral_centroid": {"dmean2": 252.682449341, "median": 909.618041992, "min": 277.154205322, "dvar2": 128037.460938, "dvar": 58480.9023438, "dmean": 161.218383789, "max": 10812.4179688, "var": 157171.640625, "mean": 954.525878906}, "pitch_salience": {"dmean2": 0.0834485888481, "median": 0.570798575878, "min": 0.217006087303, "dvar2": 0.00551479589194, "dvar": 0.00227163848467, "dmean": 0.0529423952103, "max": 0.950241446495, "var": 0.010238959454, "mean": 0.56546652317}, "spectral_energyband_middle_high": {"dmean2": 0.00212258473039, "median": 0.00499452184886, "min": 1.67446660114e-21, "dvar2": 7.81825838203e-06, "dvar": 3.53002269549e-06, "dmean": 0.00142920191865, "max": 0.0507383234799, "var": 2.43910435529e-05, "mean": 0.00612565828487}, "spectral_contrast_coeffs": {"dmean2": [0.0789984315634, 0.0662613138556, 0.0559635981917, 0.0492577701807, 0.0405720695853, 0.0323969237506], "median": [-0.607164442539, -0.661825656891, -0.715119898319, -0.738516807556, -0.751876115799, -0.77976423502], "min": [-0.960157930851, -0.96506434679, -0.969640433788, -0.960880875587, -0.962822556496, -0.956485927105], "dvar2": [0.00425679609179, 0.00311158853583, 0.00220782984979, 0.00169284490403, 0.00119280547369, 0.000770707440097], "dvar": [0.00154454878066, 0.00123402185272, 0.000955601630267, 0.000773328589275, 0.00060711306287, 0.000365406711353], "dmean": [0.0474137552083, 0.0410899408162, 0.0366667546332, 0.0322062782943, 0.0277408137918, 0.0214019827545], "max": [-0.363127917051, -0.417785197496, -0.482731044292, -0.483359307051, -0.51741617918, -0.624910056591], "var": [0.00519770104438, 0.00569462636486, 0.00420977035537, 0.00503498176113, 0.00289843417704, 0.00151009426918], "mean": [-0.604871988297, -0.661039590836, -0.712343215942, -0.730615258217, -0.750076413155, -0.774382889271]}, "melbands_skewness": {"dmean2": 0.596092522144, "median": 1.90352702141, "min": -1.46359109879, "dvar2": 0.371328949928, "dvar": 0.153642222285, "dmean": 0.384744852781, "max": 6.4324221611, "var": 0.680960357189, "mean": 1.90973174572}, "spectral_spread": {"dmean2": 1193077.375, "median": 3639085, "min": 1123969.25, "dvar2": 2249591095300.0, "dvar": 1108817215490.0, "dmean": 828577.4375, "max": 40973076, "var": 2329872695300.0, "mean": 3945945.75}, "dissonance": {"dmean2": 0.0374887920916, "median": 0.448407500982, "min": 0.276303082705, "dvar2": 0.00113603658974, "dvar": 0.000421252421802, "dmean": 0.0224300064147, "max": 0.5, "var": 0.00107502436731, "mean": 0.442075133324}, "spectral_skewness": {"dmean2": 0.544310569763, "median": 1.98757743835, "min": 0.0239552035928, "dvar2": 0.333557844162, "dvar": 0.118883177638, "dmean": 0.336067050695, "max": 6.17580127716, "var": 0.435218095779, "mean": 2.0680308342}, "spectral_flux": {"dmean2": 0.0267360545695, "median": 0.0651297792792, "min": 1.0491988528e-10, "dvar2": 0.000666642561555, "dvar": 0.000311953044729, "dmean": 0.0181094463915, "max": 0.260382413864, "var": 0.00117911491543, "mean": 0.0695865824819}, "spectral_contrast_valleys": {"dmean2": [0.613151848316, 0.490149915218, 0.486236363649, 0.487465262413, 0.4536934793, 0.733681380749], "median": [-7.06200218201, -6.40405654907, -7.24427366257, -7.78340816498, -7.94257545471, -10.4475450516], "min":