{"tonal": {"thpcp": [1, 0.520612537861, 0.188619032502, 0.295527786016, 0.152358919382, 0.121578939259, 0.21102322638, 0.112567983568, 0.462988227606, 0.914262890816, 0.48072552681, 0.155551582575, 0.243791699409, 0.126844063401, 0.477587342262, 0.911145031452, 0.470860779285, 0.0480729006231, 0.0645986944437, 0.044947385788, 0.490148901939, 0.993765056133, 0.543641030788, 0.491208165884, 0.908172309399, 0.461010843515, 0.120264433324, 0.200163692236, 0.11516354233, 0.37844067812, 0.720115542412, 0.382247984409, 0.122424855828, 0.186760827899, 0.112464658916, 0.540235459805], "hpcp": {"dmean2": [0.140112116933, 0.0883925706148, 0.0215033702552, 0.0212187264115, 0.0178965479136, 0.0875810459256, 0.156547561288, 0.0998841971159, 0.0913379192352, 0.13047221303, 0.0767780467868, 0.0366370007396, 0.04128241539, 0.0342529453337, 0.0670193955302, 0.0988627523184, 0.063591055572, 0.034567900002, 0.0473713353276, 0.0361271984875, 0.0885834991932, 0.132505103946, 0.0865171700716, 0.0500184670091, 0.0654140636325, 0.0376056134701, 0.028404744342, 0.0435046851635, 0.0284108091146, 0.0788908451796, 0.134411409497, 0.0796817913651, 0.0387032106519, 0.0519528761506, 0.0373254567385, 0.0909174159169], "median": [0.149804800749, 0.0774173587561, 0.00213848799467, 0.000800563255325, 0.00159866642207, 0.0906295776367, 0.179586350918, 0.100349828601, 0.0780136138201, 0.132109701633, 0.0627280175686, 0.00350375426933, 0.00237244646996, 0.00399878062308, 0.046048425138, 0.075177885592, 0.0442074760795, 0.00455109868199, 0.00310633098707, 0.0070573752746, 0.0954181477427, 0.178882911801, 0.0903490781784, 0.0114584947005, 0.00495006889105, 0.00340010784566, 0.00625778827816, 0.00753060448915, 0.00617490150034, 0.081684589386, 0.16238693893, 0.0890053585172, 0.00970574747771, 0.0105248838663, 0.00895235687494, 0.0791055113077], "min": [5.58637111681e-06, 2.60308388533e-06, 4.26986480306e-06, 4.42320379079e-06, 4.33516925114e-06, 5.86640044276e-06, 1.16409146358e-05, 2.22576582019e-05, 3.51083617716e-05, 3.86199735658e-06, 3.94636845158e-06, 3.19159539686e-06, 4.17628734795e-06, 6.69287510391e-06, 1.54568260768e-05, 1.48386634464e-05, 9.00819668459e-06, 6.14019654677e-06, 5.2886875892e-06, 5.60433818464e-06, 3.73958173441e-05, 5.92839678575e-05, 5.97440812271e-05, 9.22708477447e-06, 1.93082973965e-06, 4.23246001446e-06, 8.23669779493e-06, 7.43333703213e-06, 1.78368045454e-05, 3.11243366014e-06, 2.73392333838e-06, 2.8409335755e-06, 7.0601090556e-06, 4.97598239235e-06, 6.09659082329e-06, 3.88410535379e-06], "dvar2": [0.0480666682124, 0.0170604810119, 0.00483004748821, 0.00760642392561, 0.0030841557309, 0.0138994669542, 0.0516482591629, 0.0205456800759, 0.0201512929052, 0.0481932088733, 0.0131985107437, 0.0105086723343, 0.0154894329607, 0.00945290923119, 0.01433097478, 0.0318996720016, 0.0109651759267, 0.00817898008972, 0.0187793094665, 0.00862386077642, 0.0167902112007, 0.0406221598387, 0.0155720906332, 0.0115106720477, 0.0268682148308, 0.00981127843261, 0.00474484777078, 0.0131951840594, 0.00792988669127, 0.0159921441227, 0.0456889048219, 0.0151313310489, 0.00956401787698, 0.0190536882728, 0.009487378411, 0.0190544314682], "dvar": [0.0269647110254, 0.00860720220953, 0.00210340740159, 0.0042497930117, 0.00160072243307, 0.00699868239462, 0.0282237417996, 0.00963292177767, 0.00901002436876, 0.024935234338, 0.00670709228143, 0.00394756533206, 0.00698257330805, 0.00343273230828, 0.00697141094133, 0.018565652892, 0.0055897962302, 0.00340779358521, 0.00883212778717, 0.00402978016064, 0.00737667735666, 0.019854741171, 0.00691264308989, 0.00519267842174, 0.0141524039209, 0.00471591111273, 0.00218400917947, 0.00668070325628, 0.00313116726466, 0.00812464021146, 0.0274435505271, 0.00821033958346, 0.00434584915638, 0.00980231724679, 0.00399141339585, 0.00882005225867], "dmean": [0.0939867272973, 0.0577884875238, 0.0131831737235, 0.014111016877, 0.0113995084539, 0.0579674765468, 0.103703483939, 0.0657539144158, 0.0581489577889, 0.086473248899, 0.0515042506158, 0.0228245090693, 0.0273895710707, 0.0206311549991, 0.0453819595277, 0.0692607909441, 0.043298702687, 0.022460564971, 0.0324597805738, 0.0233525577933, 0.0585796236992, 0.0898470059037, 0.0566460862756, 0.0317554697394, 0.0424011833966, 0.0245002824813, 0.0187439955771, 0.0298276767135, 0.0187330078334, 0.0529708378017, 0.0924273878336, 0.0542556941509, 0.0256388299167, 0.0348940454423, 0.0228970199823, 0.0593218207359], "max": [1, 0.83599615097, 1, 1, 0.73076736927, 0.744361579418, 1, 0.943213164806, 1, 1, 0.858757734299, 1, 1, 0.965359449387, 0.943056821823, 1, 0.982947647572, 0.767346382141, 1, 1, 1, 1, 1, 0.905354559422, 1, 0.938827037811, 0.781093299389, 1, 1, 1, 1, 1, 1, 1, 1, 1], "var": [0.130462273955, 0.0349883176386, 0.00287543120794, 0.00979362614453, 0.00366373360157, 0.0321629047394, 0.134033948183, 0.0402496382594, 0.0382893495262, 0.137557595968, 0.0361239165068, 0.0096815591678, 0.0345850326121, 0.0119785787538, 0.0300017409027, 0.111271716654, 0.0313340239227, 0.00893921311945, 0.0267851576209, 0.00952048040926, 0.0396102555096, 0.130481779575, 0.0363798327744, 0.0165593959391, 0.0567113049328, 0.0158595424145, 0.00812128745019, 0.0273314006627, 0.00774449063465, 0.0325298719108, 0.125917479396, 0.0339683704078, 0.0120797129348, 0.0355667360127, 0.00990222487599, 0.0368347987533], "mean": [0.316872179508, 0.163752943277, 0.0167184844613, 0.0224657189101, 0.0156315136701, 0.170460835099, 0.345605224371, 0.189063981175, 0.170829221606, 0.315838336945, 0.160327389836, 0.0418247915804, 0.069611646235, 0.0400508381426, 0.131611675024, 0.250437170267, 0.132935747504, 0.0425761304796, 0.0649504810572, 0.0391122363508, 0.187879621983, 0.347773581743, 0.181055277586, 0.0655967146158, 0.102776758373, 0.0529864095151, 0.0422819443047, 0.0733883008361, 0.039148170501, 0.161015078425, 0.317956477404, 0.167183637619, 0.0540967285633, 0.0847843140364, 0.0441130138934, 0.166092261672]}, "tuning_equal_tempered_deviation": 0.000533767684828, "chords_changes_rate": 0.0470673441887, "key_key": "C", "tuning_diatonic_strength": 0.450401425362, "key_scale": "major", "chords_number_rate": 0.00434467755258, "tuning_frequency": 435.700531006, "tuning_nontempered_energy_ratio": 0.563067555428, "chords_histogram": [15.8218679428, 8.00144863129, 20.4561920166, 1.48443162441, 3.58435916901, 0.325850844383, 5.72049236298, 0, 9.19623470306, 0.253439545631, 1.55684292316, 0, 0, 0, 0, 0.79652428627, 0, 0.579290390015, 0, 1.26719772816, 0.0724112987518, 10.173787117, 4.48950052261, 16.2201309204], "key_strength": 0.724652469158, "chords_key": "G", "chords_strength": {"dmean2": 0.00491396989673, "median": 0.429106742144, "min": 0.20584140718, "dvar2": 3.45236549038e-05, "dvar": 3.90159439121e-05, "dmean": 0.00719307176769, "max": 0.681943535805, "var": 0.00836160313338, "mean": 0.427330940962}, "chords_scale": "major", "hpcp_entropy": {"dmean2": 0.571168601513, "median": 1.50079989433, "min": 0.0425882898271, "dvar2": 0.38989803195, "dvar": 0.1651263237, "dmean": 0.355174422264, "max": 4.14339542389, "var": 0.502635240555, "mean": 1.42197263241}}, "metadata": {"audio_properties": {"equal_loudness": 0, "codec": "flac", "downmix": "mix", "sample_rate": 44100, "analysis_sample_rate": 44100, "bit_rate": 0, "md5_encoded": "07d3a55ef249d8044b952792f9da3f91", "length": 128.199996948, "replay_gain": -3.15455436707, "lossless": true}, "version": {"essentia_build_sha": "2d9f1f26377add8aeb1075a9c2973f962c4f09fd", "essentia": "2.1-beta2", "extractor": "music 1.0", "essentia_git_sha": "v2.1_beta2-1-ge3940c0"}, "tags": {"title": ["Pr\u00e4ludium & Fuge A-Moll, BWV 551: I. Pr\u00e4ludium"], "barcode": ["028941990426"], "media": ["CD"], "albumartist": ["Helmut Walcha"], "tracktotal": ["14"], "musicbrainz_releasegroupid": ["6ecd6511-7865-3bba-a2ac-6a34492942d7"], "performer": ["Helmut Walcha (organ)"], "releasetype": ["album", "compilation"], "musicbrainz_recordingid": ["048bdfcc-05d9-4494-8014-342e674b2616"], "artistsort": ["Bach, Johann Sebastian"], "musicbrainz_albumid": ["2e6374f8-420b-353b-8c42-dbb249bfac1c"], "musicbrainz_albumartistid": ["24f1766e-9635-4d58-a4d4-9413f9f98a4c", "6f4c1fd6-75c8-4c40-8fcf-0b5496c01bf2"], "originalyear": ["1984"], "musicbrainz_releasetrackid": ["4853d7a9-4881-399b-9b7f-646a9455c1c2"], "discnumber": ["5"], "album": ["Bach: Das Orgelwerk (Disc5)"], "releasecountry": ["DE"], "file_name": "11 - Prelude and Fugue in A minor, BWV 551 - Prelude.flac", "originaldate": ["1984"], "work": ["Praeludium und Fuge f\u00fcr Orgel a-Moll, BWV 551: I. Pr\u00e4ludium"], "date": ["1984"], "genre": ["Baroque - Organ"], "composersort": ["Bach, Johann Sebastian"], "disctotal": ["12"], "musicbrainz_artistid": ["24f1766e-9635-4d58-a4d4-9413f9f98a4c"], "asin": ["B0000012ZZ"], "musicbrainz_workid": ["14159980-fbeb-4a76-b613-46c0533296b2"], "artist": ["Johann Sebastian Bach"], "tracknumber": ["11"], "composer": ["Johann Sebastian Bach"], "bpm": ["152"], "label": ["Archiv Produktion"], "albumartistsort": ["Bach, Johann Sebastian; Walcha, Helmut"], "acoustid_id": ["33203ec1-b47a-4784-b21c-199ce7427e7b"], "script": ["Latn"], "releasestatus": ["official"]}}, "rhythm": {"bpm_histogram_first_peak_bpm": {"dmean2": 0, "median": 152, "min": 152, "dvar2": 0, "dvar": 0, "dmean": 0, "max": 152, "var": 0, "mean": 152}, "bpm": 152.628952026, "bpm_histogram_second_peak_spread": {"dmean2": 0, "median": 0.264705866575, "min": 0.264705866575, "dvar2": 0, "dvar": 0, "dmean": 0, "max": 0.264705866575, "var": 0, "mean": 0.264705866575}, "bpm_histogram_first_peak_weight": {"dmean2": 0, "median": 0.20000000298, "min": 0.20000000298, "dvar2": 0, "dvar": 0, "dmean": 0, "max": 0.20000000298, "var": 0, "mean": 0.20000000298}, "onset_rate": 1.94976484776, "beats_position": [0.348299324512, 0.696598649025, 1.05650794506, 1.4164172411, 1.764716506, 2.11301589012, 2.47292518616, 2.83283448219, 3.1811337471, 3.52943301201, 3.87773227692, 4.21442174911, 4.55111122131, 4.88780021667, 5.22448968887, 5.5727891922, 5.89786815643, 6.2229475975, 6.5596370697, 6.90793657303, 7.25623559952, 7.60453510284, 7.96444416046, 8.31274318695, 8.66104316711, 8.99773216248, 9.33442115784, 9.65950107574, 9.98458003998, 10.3096599579, 10.6463489532, 10.9714279175, 11.2965078354, 11.6215867996, 11.9582767487, 12.2833557129, 12.6084346771, 12.933514595, 13.2702035904, 13.6068935394, 13.9435825348, 14.2802715302, 14.6053514481, 14.9420404434, 15.2787294388, 15.6386394501, 15.9985485077, 16.3584575653, 16.7183666229, 17.0782756805, 17.4497947693, 17.8329238892, 18.1928348541, 18.5527439117, 18.9010429382, 19.2493419647, 19.5976409912, 19.9459400177, 20.2942390442, 20.6541500092, 21.0140590668, 21.3855781555, 21.7570972443, 22.128616333, 22.523355484, 22.9064846039, 23.2896137238, 23.6843528748, 24.102312088, 24.5202713013, 24.9382305145, 25.3445796967, 25.7509288788, 26.1572780609, 26.563627243, 26.9699764252, 27.353105545, 27.747844696, 28.142583847, 28.537322998, 28.9088420868, 29.2803630829, 29.6634922028, 30.0582313538, 30.4529705048, 30.8360996246, 31.3004989624, 31.753288269, 32.2060775757, 32.6588668823, 33.0419960022, 33.4367332458, 33.8314743042, 34.2262115479, 34.6209526062, 35.0156898499, 35.3988189697, 35.7819480896, 36.1766891479, 36.5714263916, 36.96616745, 37.3725166321, 37.7788658142, 38.1736030579, 38.5683441162, 38.9514732361, 39.334602356, 39.7061233521, 40.0892524719, 40.4723815918, 40.8438987732, 41.2270278931, 41.6101570129, 41.981678009, 42.3531951904, 42.7363243103, 43.1194534302, 43.4909744263, 43.8624954224, 44.2456245422, 44.6287536621, 45.011882782, 45.3950119019, 45.7665290833, 46.1612701416, 46.532787323, 46.9159164429, 47.2990455627, 47.6821746826, 48.0653038025, 48.4600448608, 48.8547821045, 49.2611312866, 49.655872345, 50.0390014648, 50.4337387085, 50.8052597046, 51.1883888245, 51.5715179443, 51.9546470642, 52.3609962463, 52.7557373047, 53.1504745483, 53.5452156067, 53.9399528503, 54.3346939087, 54.7294311523, 55.1125602722, 55.4956893921, 55.878818512, 56.2619476318, 56.668296814, 57.0746459961, 57.4809951782, 57.8757362366, 58.2820854187, 58.6884346008, 59.1063919067, 59.5127410889, 59.9307022095, 60.3370513916, 60.7434005737, 61.1497497559, 61.556098938, 61.9624481201, 62.3687973022, 62.7635345459, 63.1582756042, 63.5530128479, 63.9477539063, 64.3424911499, 64.7372360229, 65.1319732666, 65.5267105103, 65.9214477539, 66.316192627, 66.7109298706, 67.0940551758, 67.4771881104, 67.871925354, 68.2666625977, 68.6497955322, 69.0329208374, 69.416053772, 69.7991790771, 70.1823120117, 70.5654373169, 70.9601821899, 71.3549194336, 71.7496566772, 72.1444015503, 72.5391387939, 72.9338760376, 73.3286132813, 73.7233581543, 74.1064834595, 74.489616394, 74.8727416992, 75.2674789429, 75.6622238159, 76.068572998, 76.4749221802, 76.8812713623, 77.2876205444, 77.6939697266, 78.1003189087, 78.5182723999, 78.9362335205, 79.3541946411, 79.7605438232, 80.1668930054, 80.5732421875, 80.9679794312, 81.3627166748, 81.7574615479, 82.16381073, 82.5701599121, 82.9648971558, 83.4176864624, 83.870475769, 84.3348770142, 84.7992706299, 85.263671875, 85.7280731201, 86.1924667358, 86.656867981, 87.1328811646, 87.6088867188, 88.0848999023, 88.5609054565, 89.0369110107, 89.4664840698, 89.907661438, 90.3488388062, 90.8132400513, 91.2776412964, 91.7420425415, 92.2180480957, 92.7056655884, 93.181678772, 93.6460723877, 94.1220855713, 94.5980911255, 95.1205444336, 95.6313781738, 96.1538314819, 96.6762771606, 97.1755065918, 97.6863479614, 98.1971893311, 98.7080230713, 99.2188644409, 99.7297058105, 100.252151489, 100.762992859, 101.355102539, 101.935600281, 102.504486084, 103.073379517, 103.653877258, 104.222763062, 104.791656494, 105.372154236, 105.882987976, 106.405441284, 106.927886963, 107.438728333, 107.949569702, 108.460403442, 108.936416626, 109.41242218, 109.900039673, 110.294784546, 110.68952179, 111.084259033, 111.479003906, 111.87374115, 112.268478394, 112.663215637, 113.046348572, 113.429473877, 113.812606812, 114.195732117, 114.636917114, 115.089706421, 115.542495728, 115.972061157, 116.401634216, 116.819587708, 117.237548828, 117.667114258, 118.096687317, 118.514648438, 118.944213867, 119.373786926, 119.803352356, 120.221313477, 120.581222534, 120.941131592, 121.301040649, 121.672561646, 122.020858765, 122.369155884, 122.729064941, 123.088973999, 123.460494995, 123.84362793, 124.215148926, 124.598274231, 125.02784729, 125.45741272, 125.886978149, 126.316551208, 126.746116638, 127.175689697, 127.605255127], "beats_loudness": {"dmean2": 0.00948690250516, "median": 0.010803790763, "min": 0.000177689245902, "dvar2": 0.000129047461087, "dvar": 6.63542523398e-05, "dmean": 0.00589766958728, "max": 0.0802256539464, "var": 0.000327674672008, "mean": 0.018480475992}, "danceability": 0.802555382252, "bpm_histogram_second_peak_weight": {"dmean2": 0, "median": 0.15873016417, "min": 0.15873016417, "dvar2": 0, "dvar": 0, "dmean": 0, "max": 0.15873016417, "var": 0, "mean": 0.15873016417}, "beats_count": 316, "bpm_histogram_second_peak_bpm": {"dmean2": 0, "median": 157, "min": 157, "dvar2": 0, "dvar": 0, "dmean": 0, "max": 157, "var": 0, "mean": 157}, "bpm_histogram_first_peak_spread": {"dmean2": 0, "median": 0.336842119694, "min": 0.336842119694, "dvar2": 0, "dvar": 0, "dmean": 0, "max": 0.336842119694, "var": 0, "mean": 0.336842119694}, "beats_loudness_band_ratio": {"dmean2": [0.0864340290427, 0.114687174559, 0.19472143054, 0.164189964533, 0.131940335035, 0.0378186367452], "median": [0.023503722623, 0.109681159258, 0.228883296251, 0.274752557278, 0.120811000466, 0.0130793396384], "min": [0.00150352506898, 0.000455092289485, 0.0103793395683, 0.00960974954069, 0.00396426860243, 7.39184979466e-05], "dvar2": [0.0173400752246, 0.0162781719118, 0.0307357572019, 0.0189538281411, 0.022635538131, 0.00612175930291], "dvar": [0.00751721533015, 0.00675448821858, 0.0127775901929, 0.00749386753887, 0.00881457235664, 0.00230600265786], "dmean": [0.0528443045914, 0.0693596452475, 0.115769185126, 0.102573089302, 0.0778168588877, 0.0218853596598], "max": [0.662755548954, 0.681437253952, 0.783542096615, 0.766249358654, 0.877605140209, 0.645588159561], "var": [0.0239565912634, 0.0167824868113, 0.0252814721316, 0.0361221320927, 0.0268433243036, 0.00308887520805], "mean": [0.110075265169, 0.139056831598, 0.258002758026, 0.314259946346, 0.177438259125, 0.0307819060981]}}, "lowlevel": {"barkbands_spread": {"dmean2": 2.40350818634, "median": 13.603061676, "min": 2.21182537079, "dvar2": 8.22330856323, "dvar": 3.71954274178, "dmean": 1.60511660576, "max": 108.649490356, "var": 45.3411178589, "mean": 13.9246530533}, "melbands_spread": {"dmean2": 4.23504972458, "median": 22.181854248, "min": 3.46741127968, "dvar2": 29.1753101349, "dvar": 12.2353839874, "dmean": 2.84567737579, "max": 112.449073792, "var": 85.7982025146, "mean": 22.6955394745}, "hfc": {"dmean2": 2.11848950386, "median": 10.8713102341, "min": 6.53817405691e-05, "dvar2": 4.94998025894, "dvar": 3.25511455536, "dmean": 1.66650247574, "max": 64.8647384644, "var": 127.629211426, "mean": 14.4895143509}, "barkbands_kurtosis": {"dmean2": 0.863344550133, "median": 0.133652538061, "min": -1.71952927113, "dvar2": 1.165756464, "dvar": 0.51044267416, "dmean": 0.564892709255, "max": 17.31001091, "var": 2.80457210541, "mean": 0.567274093628}, "gfcc": {"mean": [-81.1635131836, 131.926971436, -180.690475464, -3.53664827347, -46.4648742676, -9.1968536377, -31.8219013214, -0.58005219698, -15.3534212112, -5.24231243134, -6.01103925705, -7.16772985458, -2.85101890564], "icov": [[0.00241088215262, -0.00601162062958, 0.00521398382261, -0.00562158878893, 0.00495520466939, -0.00360335363075, 0.00345127051696, -0.00231201434508, 0.00174620712642, -0.00179408409167, 0.00100623001345, -0.000349052017555, 0.000339703197824], [-0.00601162062958, 0.0179496277124, -0.0155941471457, 0.0155908996239, -0.0151010388508, 0.0121930195019, -0.0120052155107, 0.0100425835699, -0.00702626863495, 0.00794886238873, -0.00617336155847, 0.00334166549146, -0.00149995461106], [0.00521398382261, -0.0155941471457, 0.0153339728713, -0.0136413136497, 0.0118255950511, -0.0102541651577, 0.00982380006462, -0.00741167087108, 0.00572536420077, -0.00576782319695, 0.00646475562826, -0.00390471052378, 0.00315131037496], [-0.00562158878893, 0.0155908996239, -0.0136413136497, 0.0180393569171, -0.0158849302679, 0.0115819126368, -0.0113948388025, 0.0065689869225, -0.00612656585872, 0.00581210758537, -0.00483831437305, 0.00352836446837, -0.00175757030956], [0.00495520466939, -0.0151010388508, 0.0118255950511, -0.0158849302679, 0.0225116405636, -0.0123031912372, 0.0115918945521, -0.0104406131431, 0.00946111883968, -0.00867617875338, 0.00521668186411, -0.00131227052771, 0.0016253759386], [-0.00360335363075, 0.0121930195019, -0.0102541651577, 0.0115819126368, -0.0123031912372, 0.0172630753368, -0.0142640918493, 0.0118120806292, -0.00977780576795, 0.00884579960257, -0.00583822559565, 0.000634376250673, 0.000530722900294], [0.00345127051696, -0.0120052155107, 0.00982380006462, -0.0113948388025, 0.0115918945521, -0.0142640918493, 0.0231902543455, -0.0156703181565, 0.0122088007629, -0.00960397906601, 0.0101857576519, -0.00313254911453, 0.000652164162602], [-0.00231201434508, 0.0100425835699, -0.00741167087108, 0.0065689869225, -0.0104406131431, 0.0118120806292, -0.0156703181565, 0.0229434743524, -0.0147584537044, 0.0100937206298, -0.00709403352812, 0.00258907186799, 1.02285991943e-06], [0.00174620712642, -0.00702626863495, 0.00572536420077, -0.00612656585872, 0.00946111883968, -0.00977780576795, 0.0122088007629, -0.0147584537044, 0.0225078165531, -0.0132947005332, 0.0105004794896, -0.00271680182777, 0.00495854299515], [-0.00179408409167, 0.00794886238873, -0.00576782319695, 0.00581210758537, -0.00867617875338, 0.00884579960257, -0.00960397906601, 0.0100937206298, -0.0132947005332, 0.0194684062153, -0.0135814165697, 0.00695634214208, -0.00487221870571], [0.00100623001345, -0.00617336155847, 0.00646475562826, -0.00483831437305, 0.00521668186411, -0.00583822559565, 0.0101857576519, -0.00709403352812, 0.0105004794896, -0.0135814165697, 0.0211766492575, -0.0116094490513, 0.00998325552791], [-0.000349052017555, 0.00334166549146, -0.00390471052378, 0.00352836446837, -0.00131227052771, 0.000634376250673, -0.00313254911453, 0.00258907186799, -0.00271680182777, 0.00695634214208, -0.0116094490513, 0.0162898935378, -0.00883046351373], [0.000339703197824, -0.00149995461106, 0.00315131037496, -0.00175757030956, 0.0016253759386, 0.000530722900294, 0.000652164162602, 1.02285991943e-06, 0.00495854299515, -0.00487221870571, 0.00998325552791, -0.00883046351373, 0.0181871801615]], "cov": [[4365.86181641, 1684.34448242, 239.801879883, 500.444030762, 211.630065918, -223.541610718, -26.2842273712, -146.850265503, -75.1499252319, -9.41108036041, 130.085952759, -237.556747437, -116.041381836], [1684.34448242, 1822.92138672, 969.273010254, -29.8538818359, 196.845397949, -38.4224090576, 13.0979585648, -191.703643799, -139.471801758, -197.875686646, -23.9231090546, -58.1805915833, -98.9805984497], [239.801879883, 969.273010254, 918.993286133, 55.9786186218, 126.587875366, 60.5438690186, 49.1272964478, -56.547504425, -58.5310707092, -158.349029541, -98.268157959, -9.58922100067, -70.3810119629], [500.444030762, -29.8538818359, 55.9786186218, 483.367675781, 158.722640991, -81.4001998901, 70.6405181885, 109.700401306, 41.1649208069, 55.0605888367, -36.7543525696, -117.311462402, -22.402425766], [211.630065918, 196.845397949, 126.587875366, 158.722640991, 180.022247314, -4.44237518311, 26.058795929, 24.7442951202, -9.70392417908, 10.0810832977, -9.31658840179, -50.3481521606, -25.1937274933], [-223.541610718, -38.4224090576, 60.5438690186, -81.4001998901, -4.44237518311, 202.782485962, 53.6405563354, -20.989068985, 1.07352280617, -48.5564804077, -16.8931941986, 45.9872665405, -6.49236917496], [-26.2842273712, 13.0979585648, 49.1272964478, 70.6405181885, 26.058795929, 53.6405563354, 147.461273193, 63.8555374146, -1.6962416172, -24.9033317566, -65.8719482422, -18.942647934, 11.4519195557], [-146.850265503, -191.703643799, -56.547504425, 109.700401306, 24.7442951202, -20.989068985, 63.8555374146, 159.858062744, 72.6674118042, 21.4074745178, -34.0000953674, -38.4902038574, -10.6680011749], [-75.1499252319, -139.471801758, -58.5310707092, 41.1649208069, -9.70392417908, 1.07352280617, -1.6962416172, 72.6674118042, 131.465774536, 63.0301704407, -16.6054878235, -38.1942214966, -23.4734554291], [-9.41108036041, -197.875686646, -158.349029541, 55.0605888367, 10.0810832977, -48.5564804077, -24.9033317566, 21.4074745178, 63.0301704407, 175.72744751, 75.928062439, -29.8829479218, -8.27334785461], [130.085952759, -23.9231090546, -98.268157959, -36.7543525696, -9.31658840179, -16.8931941986, -65.8719482422, -34.0000953674, -16.6054878235, 75.928062439, 177.736846924, 59.3540267944, -31.1146640778], [-237.556747437, -58.1805915833, -9.58922100067, -117.311462402, -50.3481521606, 45.9872665405, -18.942647934, -38.4902038574, -38.1942214966, -29.8829479218, 59.3540267944, 158.723007202, 40.695148468], [-116.041381836, -98.9805984497, -70.3810119629, -22.402425766, -25.1937274933, -6.49236917496, 11.4519195557, -10.6680011749, -23.4734554291, -8.27334785461, -31.1146640778, 40.695148468, 102.070594788]]}, "spectral_energyband_middle_low": {"dmean2": 0.00218738080002, "median": 0.00442629074678, "min": 9.42036848528e-09, "dvar2": 1.33961129904e-05, "dvar": 5.32892408955e-06, "dmean": 0.00140561605804, "max": 0.0685124844313, "var": 0.000140832431498, "mean": 0.00992943160236}, "melbands_crest": {"dmean2": 2.67748522758, "median": 10.296172142, "min": 3.87573051453, "dvar2": 8.33285331726, "dvar": 3.30465888977, "dmean": 1.71615707874, "max": 32.7668571472, "var": 17.4492149353, "mean": 11.233259201}, "spectral_kurtosis": {"dmean2": 9.78670406342, "median": 12.7300662994, "min": 1.76365149021, "dvar2": 64.0353851318, "dvar": 21.3640232086, "dmean": 5.5575838089, "max": 79.8026351929, "var": 58.4568786621, "mean": 14.2044744492}, "spectral_rms": {"dmean2": 0.000322977924952, "median": 0.00319435470738, "min": 9.18923524296e-06, "dvar2": 1.10558900701e-07, "dvar": 5.1861523076e-08, "dmean": 0.000229158817092, "max": 0.00994197186083, "var": 3.78471759177e-06, "mean": 0.00375770893879}, "zerocrossingrate": {"dmean2": 0.00435234513134, "median": 0.05078125, "min": 0.00048828125, "dvar2": 2.30119185289e-05, "dvar": 1.9327388145e-05, "dmean": 0.0035712972749, "max": 0.35009765625, "var": 0.000531789439265, "mean": 0.0564997904003}, "silence_rate_60dB": {"dmean2": 0.040572360158, "median": 0, "min": 0, "dvar2": 0.0432750023901, "dvar": 0.0198717024177, "dmean": 0.0202825069427, "max": 1, "var": 0.0976747348905, "mean": 0.109722979367}, "erbbands_kurtosis": {"dmean2": 0.761574923992, "median": 0.00729977386072, "min": -1.71885120869, "dvar2": 1.26893293858, "dvar": 0.545619547367, "dmean": 0.50261503458, "max": 15.9167919159, "var": 3.28942847252, "mean": 0.58518499136}, "erbbands": {"dmean2": [0.00226025655866, 0.0399248898029, 0.226777017117, 0.88432854414, 1.16491746902, 3.74501156807, 5.88533353806, 6.70005369186, 10.2488393784, 11.4284143448, 6.73057556152, 6.75631093979, 7.4678068161, 8.67867469788, 13.9765739441, 9.47849845886, 12.6929540634, 11.6857862473, 11.1259851456, 18.1807422638, 8.37350654602, 8.67235851288, 4.01704740524, 5.36981010437, 4.24585676193, 3.19185686111, 0.672527611256, 0.364373892546, 0.0969160348177, 0.0407893285155, 0.0397436060011, 0.0191458445042, 0.00766555778682, 0.00294300192036, 0.00108290242497, 0.000339135149261, 6.69300352456e-05, 1.02826043076e-05, 2.22443645725e-06, 3.22711025547e-06], "median": [0.000702591380104, 0.00731631089002, 0.0229055695236, 0.0845032259822, 0.453324645758, 1.71829891205, 2.68791389465, 3.98489379883, 5.6054019928, 10.2008714676, 10.1979036331, 14.5578079224, 14.9831399918, 20.7691860199, 27.5604171753, 17.977437973, 18.1242198944, 17.6467590332, 16.3249568939, 22.1258125305, 9.65640354156, 8.23877239227, 4.48300981522, 5.0209197998, 3.39119076729, 1.51548957825, 0.356799334288, 0.230335459113, 0.097832493484, 0.0577684082091, 0.031923700124, 0.0197536312044, 0.00934756547213, 0.00390188186429, 0.00140231160913, 0.000516264699399, 0.000144878227729, 3.36567682098e-05, 1.17571544251e-05, 1.33220146381e-05], "min": [1.51347492761e-07, 7.62480283356e-07, 5.17452804161e-07, 1.20361369227e-06, 1.43656222917e-06, 3.81887639378e-06, 2.10978214454e-06, 7.86288183008e-06, 8.531941603e-06, 6.2693907239e-06, 1.70470757439e-05, 1.9312285076e-05, 1.6706992028e-05, 2.73536916211e-05, 3.5625664168e-05, 3.38042300427e-05, 3.55864576704e-05, 2.6203937523e-05, 1.822327431e-05, 4.17077753809e-05, 4.6010074584e-05, 3.71359492419e-05, 2.93060602417e-05, 1.88795002032e-05, 1.33654020829e-05, 1.46426236824e-05, 9.69710072241e-06, 8.20108925836e-06, 7.09617461325e-06, 5.3109520195e-06, 3.69380927623e-06, 3.29360227624e-06, 2.3361062631e-06, 1.46074523855e-06, 8.85485974322e-07, 5.73337104015e-07, 2.81264817659e-07, 8.71867626984e-08, 1.94993514668e-08, 2.4881388061e-09], "dvar2": [1.52473548951e-05, 0.00586014939472, 0.406753540039, 10.4872140884, 10.7034263611, 109.727867126, 279.997314453, 188.561676025, 537.874633789, 756.252563477, 164.327865601, 116.263923645, 214.181869507, 174.044403076, 522.466369629, 211.693481445, 470.467529297, 418.423065186, 301.855438232, 1107.47998047, 270.619354248, 210.128646851, 43.7498207092, 81.7403335571, 90.823638916, 40.6570129395, 6.73625707626, 1.04527842999, 0.0366721749306, 0.00350722507574, 0.00820681918412, 0.000875694211572, 0.000171218183823, 1.88052363228e-05, 3.39672396876e-06, 2.66508493496e-07, 8.50316617118e-09, 1.08928872866e-10, 5.02110679423e-12, 1.90080919754e-11], "dvar": [7.27796896172e-06, 0.00246257800609, 0.178698867559, 4.72262954712, 3.507158041, 41.8746376038, 113.825775146, 54.4718399048, 162.998535156, 281.93069458, 108.785202026, 88.1484832764, 191.220169067, 100.709152222, 246.894699097, 139.627120972, 449.533416748, 399.152984619, 222.052017212, 650.858764648, 183.726150513, 117.249046326, 25.6096916199, 60.1181182861, 50.1869277954, 26.3828487396, 4.0836353302, 0.441232979298, 0.0173169728369, 0.00155618600547, 0.00337519054301, 0.000362742459401, 6.89695443725e-05, 7.1080280577e-06, 1.21101788864e-06, 9.40242586012e-08, 3.13199377544e-09, 3.98939214996e-11, 2.22155822384e-12, 8.5638015776e-12], "dmean": [0.00148564088158, 0.0252760257572, 0.152343943715, 0.630865752697, 0.717432677746, 2.33862996101, 3.89013266563, 3.77668404579, 5.87292909622, 7.2177863121, 5.39902210236, 5.66989660263, 6.19309282303, 6.68392133713, 10.1931409836, 7.4986281395, 10.5081319809, 10.2363204956, 9.2312374115, 14.5694894791, 6.69948625565, 6.30721235275, 2.9195356369, 4.29632329941, 3.19140791893, 2.43466043472, 0.47353887558, 0.234207287431, 0.0650796890259, 0.0270264800638, 0.0257644820958, 0.0121995788068, 0.00479123089463, 0.00182123796549, 0.000669015978929, 0.000208209414268, 4.09688109357e-05, 6.12599023952e-06, 1.46511490584e-06, 2.27032433031e-06], "max": [0.18125090003, 2.65669345856, 19.2669563293, 98.2564315796, 54.0731468201, 175.291351318, 226.991104126, 183.376220703, 289.924407959, 556.91394043, 514.68536377, 439.447265625, 472.111358643, 263.585113525, 306.976776123, 353.05682373, 914.162231445, 837.92565918, 392.694580078, 575.480895996, 520.506469727, 226.393981934, 101.444099426, 226.489593506, 140.600616455, 138.99810791, 64.3154067993, 22.0111141205, 3.03579330444, 0.848228216171, 1.31042098999, 0.392851114273, 0.1643088907, 0.047735221684, 0.0184493493289, 0.00553843704984, 0.00105535518378, 0.000131327149575, 5.8860045101e-05, 0.000117814735859], "var": [0.000710554944817, 0.323950797319, 5.55959510803, 91.4338760376, 33.979183197, 430.371856689, 500.620544434, 477.939758301, 1309.54187012, 3072.08837891, 3016.87768555, 1971.64733887, 4455.44287109, 1304.34387207, 1917.14868164, 1328.24951172, 3067.44555664, 7506.78955078, 2377.83398438, 4750.13085938, 2514.10620117, 545.780944824, 120.51121521, 363.256347656, 236.490524292, 117.52318573, 20.7257213593, 1.87349915504, 0.0678495392203, 0.00554229458794, 0.00838349014521, 0.00137125200126, 0.000397949275794, 2.09545069083e-05, 3.92223682866e-06, 3.15019320851e-07, 1.39052245274e-08, 2.67810496002e-10, 1.19791135345e-10, 4.55456811155e-10], "mean": [0.0127331186086, 0.243614166975, 1.07144117355, 4.26796960831, 3.16626214981, 7.91467475891, 11.8193330765, 13.7503223419, 22.1181926727, 29.4426345825, 30.5035705566, 28.996799469, 37.7926864624, 32.651184082, 41.2453613281, 30.2004909515, 35.5502433777, 50.0264701843, 35.6231193542, 49.0812721252, 26.5784988403, 17.6322174072, 8.39420700073, 13.6493530273, 8.91325950623, 6.44243478775, 1.29914176464, 0.602977871895, 0.185308396816, 0.0792044252157, 0.0638354122639, 0.0315978787839, 0.0150657584891, 0.00534633779898, 0.00208342308179, 0.000709989690222, 0.00017971250054, 3.83937695005e-05, 1.61146708706e-05, 2.21168029384e-05]}, "spectral_strongpeak": {"dmean2": 0.721182346344, "median": 1.30843400955, "min": 0, "dvar2": 0.996391952038, "dvar": 0.421419173479, "dmean": 0.431997716427, "max": 7.50410842896, "var": 1.15099811554, "mean": 1.54153120518}, "spectral_energy": {"dmean2": 0.00278294715099, "median": 0.0104589993134, "min": 8.65531006866e-08, "dvar2": 1.5372164853e-05, "dvar": 6.74828061165e-06, "dmean": 0.0019350470975, "max": 0.101313874125, "var": 0.000344039464835, "mean": 0.01835270226}, "average_loudness": 0.357518166304, "spectral_rolloff": {"dmean2": 259.839080811, "median": 1550.390625, "min": 301.46484375, "dvar2": 179020.40625, "dvar": 84288.65625, "dmean": 151.553665161, "max": 14491.8457031, "var": 716469.1875, "mean": 1647.87182617}, "spectral_centroid": {"dmean2": 152.921646118, "median": 1248.71765137, "min": 286.448791504, "dvar2": 26900.140625, "dvar": 12999.25, "dmean": 104.797264099, "max": 3318.77612305, "var": 304429.0625, "mean": 1379.796875}, "pitch_salience": {"dmean2": 0.0558355748653, "median": 0.514126062393, "min": 0.19404168427, "dvar2": 0.00249222898856, "dvar": 0.00103650218807, "dmean": 0.0359142608941, "max": 0.795906603336, "var": 0.00825753249228, "mean": 0.517554521561}, "spectral_energyband_middle_high": {"dmean2": 0.00107595790178, "median": 0.00541435414925, "min": 1.40891156519e-08, "dvar2": 1.21658024455e-06, "dvar": 8.3834254383e-07, "dmean": 0.00087554496713, "max": 0.0318801403046, "var": 1.97529789148e-05, "mean": 0.00636460445821}, "spectral_contrast_coeffs": {"dmean2": [0.0671232044697, 0.0552287735045, 0.0399000011384, 0.0360054783523, 0.028025528416, 0.0198191963136], "median": [-0.616875469685, -0.676141262054, -0.666578531265, -0.621243178844, -0.633458256721, -0.741311788559], "min": [-0.918858528137, -0.958998680115, -0.938146591187, -0.935046434402, -0.927237510681, -0.948978960514], "dvar2": [0.00313356076367, 0.00210189423524, 0.0011057134252, 0.000886111578438, 0.000547397416085, 0.000276272854535], "dvar": [0.00111658254173, 0.000799346191343, 0.000484848918859, 0.000402558158385, 0.000252264842857, 0.000126596583868], "dmean": [0.0401171818376, 0.0332581587136, 0.0253761708736, 0.0235407240689, 0.0184616092592, 0.0128528689966], "max": [-0.314778238535, -0.410045653582, -0.429788976908, -0.436637848616, -0.509316146374, -0.543407261372], "var": [0.0104465996847, 0.00610818946734, 0.00503966212273, 0.00742924073711, 0.0046550356783, 0.00168956152629], "mean": [-0.624473035336, -0.674928665161, -0.664791345596, -0.631671130657, -0.650794506073, -0.740948736668]}, "melbands_skewness": {"dmean2": 0.335373282433, "median": 0.70467633009, "min": -1.90018379688, "dvar2": 0.134598195553, "dvar": 0.0543218255043, "dmean": 0.221548691392, "max": 3.81937050819, "var": 0.740097224712, "mean": 0.770636200905}, "spectral_spread": {"dmean2": 229079.875, "median": 1954287, "min": 890417.1875, "dvar2": 69991776256, "dvar": 74056638464, "dmean": 140076.484375, "max": 27041806, "var": 351132614656, "mean": 1984106.75}, "dissonance": {"dmean2": 0.0324818454683, "median": 0.457235246897, "min": 0.127468913794, "dvar2": 0.000938013661653, "dvar": 0.000344590807799, "dmean": 0.0190826579928, "max": 0.499994188547, "var": 0.00112497492228, "mean": 0.451016664505}, "spectral_skewness": {"dmean2": 0.736433506012, "median": 2.21525025368, "min": 0.649757266045, "dvar2": 0.343191206455, "dvar": 0.115881256759, "dmean": 0.42255911231, "max": 6.74711418152, "var": 0.556395351887, "mean": 2.32651925087}, "spectral_flux": {"dmean2": 0.0123013984412, "median": 0.0294723864645, "min": 0.000200538430363, "dvar2": 0.000155116358656, "dvar": 5.98399274168e-05, "dmean": 0.00770963635296, "max": 0.11991225183, "var": 0.000229152763495, "mean": 0.0315192788839}, "spectral_contrast_valleys": {"dmean2": [0.61404967308, 0.430491924286, 0.35033300519, 0.341629177332, 0.271882772446, 0.193515524268], "median": [-8.94839668274, -7.15416002274, -7.74602985382, -8.67181873322, -9.40791988373, -12.5034770966], "min": [-13.8035135269, -13.0553789139, -12.9864263535, -13.2744560242, -14.0564393997, -14.9888381958], "dvar2": [0.255797386169, 0.132234141231, 0.0841285139322, 0.0789472684264, 0.0552477613091, 0.034377027303], "dvar": [0.0886956676841, 0.0500549674034, 0.0349951833487, 0.0344176590443, 0.0299817882478, 0.0180056411773], "dmean": [0.357275784016, 0.25711774826, 0.216110616922, 0.21678224206, 0.183515667915, 0.129796713591], "max": [-6.23054647446, -5.04944896698, -5.87422704697, -7.10633659363, -8.10873317719, -11.2400083542], "var": [1.54354417324, 0.910290658474, 0.928721368313, 0.534536123276, 0.253494918346, 0.115321576595], "mean": [-8.73721122742, -7.27520847321, -7.85229110718, -8.70170116425, -9.48162269592, -12.5492401123]}, "erbbands_flatness_db": {"dmean2": 0.0126532372087, "median": 0.272171646357, "min": 0.0402255617082, "dvar2": 0.00015867849288, "dvar": 7.69862672314e-05, "dmean": 0.00852127466351, "max": 0.380865395069, "var": 0.00111414049752, "mean": 0.270254999399}, "spectral_energyband_high": {"dmean2": 2.14213960135e-05, "median": 1.71193369169e-05, "min": 1.2626217849e-09, "dvar2": 4.18311207895e-09, "dvar": 2.35238006852e-09, "dmean": 1.46497550304e-05, "max": 0.00141155638266, "var": 1.28873436367e-08, "mean": 4.71871171612e-05}, "spectral_entropy": {"dmean2": 0.121633082628, "median": 6.5647315979, "min": 5.20719718933, "dvar2": 0.0159514918923, "dvar": 0.00920017063618, "dmean": 0.0852838158607, "max": 8.68978977203, "var": 0.0972442105412, "mean": 6.5646443367}, "silence_rate_20dB": {"dmean2": 0, "median": 1, "min": 1, "dvar2": 0, "dvar": 0, "dmean": 0, "max": 1, "var": 0, "mean": 1}, "melbands_flatness_db": {"dmean2": 0.0152791347355, "median": 0.234644547105, "min": 0.0341904349625, "dvar2": 0.000222399248742, "dvar": 9.98406321742e-05, "dmean": 0.0102744940668, "max": 0.428543537855, "var": 0.00176883349195, "mean": 0.234716370702}, "barkbands": {"dmean2": [3.32443487423e-05, 0.000142185002915, 0.00025943282526, 0.000354958407115, 0.000913563068025, 0.000779988244176, 0.000711109139957, 0.000381881662179, 0.000273880170425, 0.000299353065202, 0.000359542493243, 0.000204677140573, 0.000296499958495, 0.000208214187296, 0.000342133978847, 0.000136849703267, 0.000213541090488, 9.26714928937e-05, 8.27050680527e-05, 5.84125409659e-05, 1.34171423269e-05, 1.73058288055e-06, 1.15046771043e-06, 7.25819347736e-07, 1.94359287775e-07, 3.4751206357e-08, 8.88451090475e-09], "median": [3.3977037674e-05, 2.50157172559e-05, 1.72264699358e-05, 2.13305756915e-05, 0.000488080491778, 0.000489491852932, 0.0004274379462, 0.00036936296965, 0.000556968676392, 0.000628548441455, 0.00060065794969, 0.000243747752393, 0.000425245467341, 0.000248566211667, 0.000464672775706, 0.000120615688502, 0.000175487715751, 6.33177551208e-05, 3.40835758834e-05, 2.02866012842e-05, 6.52957533021e-06, 1.84425766747e-06, 1.16137425721e-06, 8.71450538398e-07, 2.47361697348e-07, 8.2821422609e-08, 3.79105067339e-08], "min": [6.21247608912e-10, 4.81108397565e-09, 3.62097407614e-10, 1.07210698652e-10, 1.17515353004e-09, 6.07547623321e-10, 8.47338477161e-10, 3.7379058182e-10, 9.03770613903e-10, 8.39820712972e-10, 5.08919517639e-10, 5.9635352212e-10, 5.26169330328e-10, 2.4358182138e-10, 2.43629866281e-10, 1.09756437272e-09, 5.89264581574e-10, 4.37832270439e-10, 3.34150596082e-10, 2.70845929018e-10, 2.33886549017e-10, 1.92257210152e-10, 1.30700825163e-10, 1.54116094886e-10, 1.17811205236e-10, 1.51565454631e-10, 1.42915929091e-10], "dvar2": [1.0086611546e-09, 7.1253175804e-08, 8.04254625564e-07, 1.49092750235e-06, 6.27692907074e-06, 3.26350982505e-06, 2.26829024541e-06, 5.16578040788e-07, 1.70203549033e-07, 2.34480651784e-07, 3.19635603319e-07, 1.28114791664e-07, 2.41595756734e-07, 1.28869274363e-07, 2.94648515364e-07, 5.64547839588e-08, 1.34379419592e-07, 2.54163392555e-08, 3.09047649694e-08, 1.39129143761e-08, 2.43391129473e-09, 8.23513479631e-12, 5.73923764416e-12, 1.0807142941e-12, 9.55637817685e-14, 1.5835199422e-15, 8.12301618567e-17], "dvar": [3.21040111162e-10, 3.10473851073e-08, 3.71320169279e-07, 6.87836234192e-07, 2.58379554907e-06, 9.61308842307e-07, 7.6554209727e-07, 2.52566252357e-07, 1.35781860422e-07, 1.66217134279e-07, 1.71689066519e-07, 7.57902895998e-08, 2.30747204455e-07, 1.21245960827e-07, 1.79719265248e-07, 3.87287215631e-08, 8.37641707108e-08, 1.82409536365e-08, 1.74379835016e-08, 9.06106834009e-09, 1.37804279099e-09, 4.18809778524e-12, 2.41568917647e-12, 4.51649053443e-13, 3.5737407635e-14, 6.03895051421e-16, 2.90246427289e-17], "dmean": [1.80233309948e-05, 9.0588524472e-05, 0.000187101803022, 0.000243618240347, 0.000581388943829, 0.00045740409405, 0.000423136370955, 0.00027342827525, 0.000230185411056, 0.000240658249822, 0.000269201875199, 0.000156413661898, 0.00024487709743, 0.000177113412065, 0.000277660728898, 0.000106934370706, 0.000161661548191, 7.26558864699e-05, 6.19126149104e-05, 4.44711804448e-05, 9.01131625142e-06, 1.17906552077e-06, 7.54449729357e-07, 4.59102608374e-07, 1.21604799119e-07, 2.15967741468e-08, 5.23313348211e-09], "max": [0.000294194498565, 0.00975693762302, 0.0322097055614, 0.034100830555, 0.0387626215816, 0.0204745419323, 0.0254137068987,