{"tonal": {"thpcp": [1, 0.802120566368, 0.357114702463, 0.182023838162, 0.147123619914, 0.163738548756, 0.19987334311, 0.206388875842, 0.178420379758, 0.173083901405, 0.1716863662, 0.198850795627, 0.22465506196, 0.179352223873, 0.129828393459, 0.108760386705, 0.10522634536, 0.105794325471, 0.0977433547378, 0.0967990830541, 0.203240185976, 0.384724140167, 0.34235945344, 0.171453043818, 0.110281765461, 0.0938657000661, 0.0973197594285, 0.0992899239063, 0.0986370816827, 0.129341453314, 0.143600091338, 0.116570688784, 0.128874123096, 0.223610237241, 0.31400924921, 0.61422252655], "hpcp": {"dmean2": [0.720227062702, 0.55386954546, 0.482935935259, 0.289768517017, 0.233073711395, 0.256643742323, 0.292286634445, 0.298562079668, 0.269505888224, 0.252180814743, 0.225811854005, 0.204678371549, 0.202538102865, 0.193250715733, 0.169920921326, 0.134179383516, 0.11663005501, 0.116065114737, 0.109572678804, 0.111982814968, 0.188240423799, 0.254350215197, 0.222870647907, 0.172028422356, 0.140031188726, 0.1101507321, 0.102817595005, 0.102246418595, 0.0991242602468, 0.121263481677, 0.138636380434, 0.134499058127, 0.183590292931, 0.338448137045, 0.439766019583, 0.545067071915], "median": [0.510226607323, 0.380475908518, 0.0577911920846, 0.00928356684744, 0.0066969897598, 0.00939895398915, 0.0148883713409, 0.0143876569346, 0.00958791095763, 0.00763564556837, 0.0116355288774, 0.0264604985714, 0.0310506429523, 0.0166368968785, 0.00760866142809, 0.0077196219936, 0.00988484919071, 0.00928700342774, 0.00788234267384, 0.00854028761387, 0.0478861108422, 0.0981389209628, 0.0652203857899, 0.0173624698073, 0.0071033812128, 0.00684334803373, 0.00626125885174, 0.00534980930388, 0.00870109722018, 0.0151978330687, 0.0161849968135, 0.00981136504561, 0.00890699774027, 0.0112893516198, 0.0328958258033, 0.26664468646], "min": [0, 0, 0, 0, 0, 0, 0, 0, 0, 0, 0, 0, 0, 0, 0, 0, 0, 0, 0, 0, 0, 0, 0, 0, 0, 0, 0, 0, 0, 0, 0, 0, 0, 0, 0, 0], "dvar2": [0.31691429019, 0.228501543403, 0.289042890072, 0.173072725534, 0.152482509613, 0.175917938352, 0.19511218369, 0.212001204491, 0.197095543146, 0.201015263796, 0.148825749755, 0.111093372107, 0.102094523609, 0.106576509774, 0.103525556624, 0.0747526809573, 0.0613148398697, 0.0611087083817, 0.056330408901, 0.0474723614752, 0.0776874944568, 0.105288378894, 0.0873650461435, 0.0728172659874, 0.0878404676914, 0.0532664954662, 0.0469014123082, 0.0437882393599, 0.0402697622776, 0.0476380698383, 0.0577206239104, 0.0634823441505, 0.0846633240581, 0.213788434863, 0.257777392864, 0.205228880048], "dvar": [0.121845729649, 0.0757393762469, 0.0897718816996, 0.0572693422437, 0.0516466647387, 0.0587242655456, 0.065177038312, 0.0702740773559, 0.0653151571751, 0.067517966032, 0.0500465631485, 0.0382913686335, 0.0367012768984, 0.0374284684658, 0.036246560514, 0.0261502079666, 0.0215423125774, 0.021873511374, 0.0202518906444, 0.0175753515214, 0.0283690821379, 0.0391391217709, 0.0333787314594, 0.0275022964925, 0.0323955491185, 0.0195904392749, 0.0171764455736, 0.016062149778, 0.0144986016676, 0.0174062233418, 0.0209582019597, 0.0225550141186, 0.0304034184664, 0.0803875401616, 0.101728707552, 0.0735322758555], "dmean": [0.390452772379, 0.316854327917, 0.253090083599, 0.149893626571, 0.120753243566, 0.132502824068, 0.151542946696, 0.154764711857, 0.139065593481, 0.129883557558, 0.117557100952, 0.110060952604, 0.110528193414, 0.103555649519, 0.0890059322119, 0.0710394904017, 0.0633431226015, 0.0636891946197, 0.0599775351584, 0.0608290545642, 0.104203909636, 0.144515171647, 0.124500706792, 0.0953283384442, 0.0757742747664, 0.0600573755801, 0.0566688999534, 0.0559053719044, 0.0538204312325, 0.06748547405, 0.0767509564757, 0.072719797492, 0.0965474024415, 0.179258391261, 0.238178700209, 0.304594397545], "max": [1, 1, 1, 1, 1, 1, 1, 1, 1, 1, 1, 1, 1, 1, 1, 1, 1, 1, 1, 1, 1, 1, 1, 1, 1, 1, 1, 1, 1, 1, 1, 1, 1, 1, 1, 1], "var": [0.169254153967, 0.118836306036, 0.0717511922121, 0.03782947734, 0.0327679887414, 0.0371227711439, 0.0441530272365, 0.0483325943351, 0.0425132289529, 0.0460223034024, 0.0380628965795, 0.0382481925189, 0.0455130897462, 0.0345937982202, 0.0255566667765, 0.019507817924, 0.0170386787504, 0.0176652614027, 0.0161450374871, 0.0144751500338, 0.0279023069888, 0.0704134404659, 0.0690763741732, 0.0283835697919, 0.023595592007, 0.0150161031634, 0.0161158777773, 0.0176329966635, 0.0146415792406, 0.0190799683332, 0.021783510223, 0.018332215026, 0.0211835410446, 0.0554331205785, 0.0780119672418, 0.0869992747903], "mean": [0.523754656315, 0.4201143682, 0.187040492892, 0.0953358337283, 0.0770566835999, 0.0857588276267, 0.104684591293, 0.108097136021, 0.0934485048056, 0.090653501451, 0.0899215340614, 0.104149028659, 0.117664135993, 0.0939365625381, 0.0679982230067, 0.0569637604058, 0.0551127865911, 0.0554102696478, 0.0511935390532, 0.0506989695132, 0.106447994709, 0.201501056552, 0.179312363267, 0.0897993296385, 0.0577605888247, 0.0491625964642, 0.0509716756642, 0.0520035587251, 0.0516616292298, 0.0677431896329, 0.0752112194896, 0.0610544420779, 0.0674984231591, 0.117116905749, 0.164463803172, 0.321701914072]}, "tuning_equal_tempered_deviation": 0.107388027012, "chords_changes_rate": 0.025240784511, "key_key": "A", "tuning_diatonic_strength": 0.668078482151, "key_scale": "major", "chords_number_rate": 0.000664231134579, "tuning_frequency": 434.946166992, "tuning_nontempered_energy_ratio": 0.81633323431, "chords_histogram": [76.087677002, 0.797077357769, 0, 0, 0, 0, 0, 0, 0, 0.121775709093, 1.07384037971, 0, 0, 0, 0, 2.87833499908, 0.254621952772, 10.4173583984, 0, 0, 0, 0, 4.26214981079, 4.10716247559], "key_strength": 0.655329942703, "chords_key": "A", "chords_strength": {"dmean2": 0.00972973741591, "median": 0.641667366028, "min": -1, "dvar2": 0.000482026196551, "dvar": 0.000248997326707, "dmean": 0.00753445364535, "max": 0.855167865753, "var": 0.0151333827525, "mean": 0.629648983479}, "chords_scale": "major", "hpcp_entropy": {"dmean2": 1.41006469727, "median": 2.33116984367, "min": 0, "dvar2": 1.21265101433, "dvar": 0.426913231611, "dmean": 0.816155076027, "max": 4.77211809158, "var": 0.741525709629, "mean": 2.36390256882}}, "metadata": {"audio_properties": {"equal_loudness": 0, "codec": "mp3", "downmix": "mix", "sample_rate": 44100, "analysis_sample_rate": 44100, "bit_rate": 207867, "md5_encoded": "f7af829c3ea8ca32728e3bcc095a856d", "length": 419.422027588, "replay_gain": -13.0755081177, "lossless": false}, "version": {"essentia_build_sha": "70f2e5ece6736b2c40cc944ad0e695b16b925413", "essentia": "2.1-beta2", "extractor": "music 1.0", "essentia_git_sha": "v2.1_beta2"}, "tags": {"title": ["Hotpot"], "language": ["eng"], "media": ["CD"], "albumartist": ["Various Artists"], "musicbrainz_releasegroupid": ["6dd75391-a39d-440e-aa07-3c9addfc8ad5"], "musicbrainz_recordingid": ["048c2008-d8cc-440a-a862-1572e83f161e"], "musicbrainz_albumartistid": ["89ad4ac3-39f7-470e-963a-56509c546377"], "discnumber": ["2/2"], "bpm": ["143"], "catalognumber": ["899 034-2"], "musicbrainz album release country": ["DE"], "musicbrainz album type": ["compilation"], "musicbrainz album status": ["Official"], "file_name": "02.05. Quantum - Hotpot.mp3", "acoustid_fingerprint": ["AQADtIkmJUmULMmC_2jcGDV6_DhQHD_qw-iP4zjKo0Fe_PiP_8iPD9fR9HiP5sd1vDjKG7h0fLgU_Hjp43B9aEW_YON_hPxxoUf6g_lxJ9kxS8I1vric4z1-oOFxo0kb_MKPozZ8iDveo0SPhmpw9IfPoz-O9mjO4PjRWPTRPzgaazlanECfo-Hxo1mXoxf-4w6L5kG1v6h9oTmDH2UP18d97DN89Meb6OgiHuaOz_jGXICL3viCevCIHya0oyecBw98HEcfovygHNaOEz56dA3xH-Zy9EetFtbR4_VQ-EV_1CqMBy8OTxJ-eBLa9UWO80d_uK_Qf3i0o3IU4j0-ILSWILEjXHzQw7_wLvhxF8-GT1kOH6nGC7-gUseJP-jRh_B-6MEP8ThqHZf14j96GPoA8Qxw_IXxsvA_tCt6fD18oe1QEf4NrcRRloahD36Kx0cz6cR3QbeMSznqweOF7zhjGD-0o3CPw7iG9zh89Di6w0d7oEGP4yiME0Z7HDVM9EddwReKlsINH-fgHD36w8Xx44T_ozpL1FMKq8d59LvQt7jh4zjELMYPHcbxkTh84rjh46Zx_PBxwjieGyeMHvUI43hwQmQAkTI-HPCFGq9ylIcthEcP-EFVo4eV63jx4UX64oPIHScO4zoOi0CQwzgOf9CJ4zjMH4dxtEd76DDOQ8SJw-dxHD-MH8ePdDM-3fBXXL2w6kIpH89xI0ueoz7eHGssLYOuHJoLHy1xNM-CHj1-NF9w9PAX1GgH10HL4egDfyh6wkef4egZNI9w9PCVoMeP5lGCWseFPmiu4Ohj-Arq40TTCn2Goy_8DEVP-EEfHM0Z9MHRo_mCo4e5LKiFR2ge9MPRB_5Q4yOaHn2GH-0KP0Nr9ISfoA-O5lFi9MfRPmgoDc_QJ_CHGj-aNkG_40XPGH52FO0If0E7HF0Z-EHRM2g-HH3gZ6iFE_XRkMPRPvCHGkdTB_1w9Az8DC16wg_64EfPoHkE9IS_oB9-NI8S1MKPugmaD0cf-EPxBc2FPgN6xmgeBUc7wg_aRTiaL0EffOgDf-jRB_5Q40TTox-O9oE_FD1hHn2Goy_8DEU7wg_aBUfzLOhxDXUTNB-OPvAVFEfzoFdw9InRfAd6whf6DEfPoHmEo08gWjsqH72CaM_Q5_iO8snRfAbXIPyx_bChfcLzonyENxP0BccHnwDE4xyOw8eHDz5jfMAH88aPwyeO49nh4zCPEzh--HBx6PjxDccP4T8O-Dh-wCcAkzhg4sKHw8dx_IdPwMdxwD8O4_jx4seZ4SyO8_jxHv_xwT8-wD8eCGf2wi_EDt-MWLpwHT8ufng0lBpOVD-aafmRY4pYgsfTKfDxBQ_hFz_2w8dO_PBx_viP5_CPoh1--MRxGD8-HPfxY8eOE5ZWHD_2w8cu_PCLHz_W5rCOHT98nBaGw5iOHn7x4If_4wc--D38H-dxDj-ewy9-vNgPY8cPv8aO44dP3NixPRyOL7COHzt8PDSOPTCmo4df3Dj2Yzt-_Phgmfjwwz90_IZxPIJI_PjhE7_w4zmM4_BxEscP4_iO9_Dx4odPXMfx4Meq1fixwyq-4viwH8Yu4_Br3Dj2wz_W4_CL_cJhHIOPh_jxwMdxwg8e4oePD-fh9ziuY8cPn9jxw6-xH4ePHYAv4Sv2wB92vIevWfjxD68OF7qR4zyulAuegHryIM6DJnqhHHmuoE6NXU_Q_PiHE7ni47PA89AebYJ4PMfh7ziPu_Bx_DDX4zi_Y_CPnTiP46Fh7BewHcc74TmOHTuNw8dX3MfwD0GEgsYg5SwTSCFDEVRIICAEFEZxI4BBjIhiFCOQEAEIAQAIAgpSwgAkAAGEKASsccAiIhVRZikBAHMSMEqAAhSYJYACQBFABAIEACYRUAApgwASyAGhDCGCAAMIEopTozAyxggBCQPEMCYBEIwgIBQgSgFBCVAaCIKYcsAJQYF1SilAHEIAOQQEEwZz5QglwIghrBKkGQAFcIABAxBDADsyBLGCGAkeN88JUYyxFgFMlCjSEQKAIoYAgShjACGDrDAICZgYd84Ag5VxyAqACGZCBEGNAo4wa5Sl3ClhxRjCOeG8UU4MJC4A1onjkCEAIYAoRcQoQIyiQAgDBFOCKSGUoAIwJQQFACElmBKMCSqAQIICwZRgyiDClDBAGACEERQIxIBCgjFChABAUCAEU4ABBgQjTACBhAECCCEoAAwJpgQzQgCRKBBMCaEEA4QBIYSgAiAKBBJMCYYIQwIII6gADDlrAFDGCSOYEYA5xZRgRigjqXIMOCcMoAKJYxQFzhmprDIAGSMQEE4YI4SVjgpLKRBCiCuMdQwxCghxjFDAhCDAKeAQoAQA5SBwCgmFAhFCEUYaA04hAJEzyhjAhGFAMcaEeZYxJoAR3DrmADKQMQScYQJYyBBwjgnAmBDAWMYAE8AY5YxjCjgjEYAMAcQdEMIAZoxBHDBmmACCI0AuY5ZxBxRDRjBmBUPCGSYYsAwY7oA1lgnBHRAOMsaEA9A4jgBjQHAElJAMIOMsYEwwaJlhBmlrDBDMCeuAQAwBBByEghmlBgIOCAuAVAQhBAwQSCChFACAAKWIEJoyB6ATBlpnBDMACICMYgwZxQQDxiAOjAAOAA"], "date": ["2007"], "genre": ["Psychedelic Trance"], "album": ["Goa Love, Volume 1"], "musicbrainz_artistid": ["7dd48e9b-05e1-4e54-b272-e2c546910008"], "originaldate": ["2007"], "musicbrainz_albumid": ["588cdf8e-d642-4d65-bd9b-a2c9f15e9925"], "artist": ["Quantum"], "artistsort": ["Quantum"], "tracknumber": ["5/9"], "label": ["More Music"], "albumartistsort": ["Various Artists", "Various Artists"], "acoustid_id": ["35cfa538-3412-4da2-bb85-985ac3e371d1"], "script": ["Latn"]}}, "rhythm": {"bpm_histogram_first_peak_bpm": {"dmean2": 0, "median": 144, "min": 144, "dvar2": 0, "dvar": 0, "dmean": 0, "max": 144, "var": 0, "mean": 144}, "bpm": 143.859802246, "bpm_histogram_second_peak_spread": {"dmean2": 0, "median": 0.0769231319427, "min": 0.0769231319427, "dvar2": 0, "dvar": 0, "dmean": 0, "max": 0.0769231319427, "var": 0, "mean": 0.0769231319427}, "bpm_histogram_first_peak_weight": {"dmean2": 0, "median": 0.729188621044, "min": 0.729188621044, "dvar2": 0, "dvar": 0, "dmean": 0, "max": 0.729188621044, "var": 0, "mean": 0.729188621044}, "onset_rate": 5.86743593216, "beats_position": [0.835918366909, 1.68344664574, 2.51936507225, 3.36689329147, 4.20281171799, 5.0387301445, 5.87464857101, 6.71056699753, 7.53487491608, 8.37079334259, 9.19510173798, 10.0310201645, 10.866938591, 11.7028570175, 12.538775444, 13.3746938705, 14.2106122971, 15.0465307236, 15.870839119, 16.6951465607, 17.5310649872, 18.3669834137, 19.2029018402, 20.0388202667, 20.8747386932, 21.7106571198, 22.5465755463, 23.3824939728, 24.2068023682, 25.0311107635, 25.8670291901, 26.7029476166, 27.5388660431, 28.3747844696, 29.2107028961, 30.0350112915, 30.8593196869, 31.6952381134, 32.5311546326, 33.3670730591, 34.2029914856, 35.0389099121, 35.8748283386, 36.7107467651, 37.5466651917, 38.3825836182, 39.2185020447, 40.0544204712, 40.9019508362, 41.761089325, 42.6318359375, 43.4909744263, 44.350112915, 45.011882782, 45.650428772, 46.1844902039, 46.7301597595, 47.2990455627, 47.7286148071, 48.1581840515, 48.5761451721, 48.994102478, 49.4120635986, 49.8300209045, 50.2479820251, 50.6659393311, 51.0839004517, 51.5018577576, 51.9198188782, 52.3377761841, 52.7557373047, 53.1620864868, 53.5684356689, 53.9863929749, 54.4043540955, 54.8223114014, 55.240272522, 55.6582298279, 56.0761909485, 56.4941482544, 56.912109375, 57.3300666809, 57.7480278015, 58.1659851074, 58.583946228, 59.0019035339, 59.4198646545, 59.8378219604, 60.2557830811, 60.6621322632, 61.0684814453, 61.4864387512, 61.9043960571, 62.3223571777, 62.7403144836, 63.1582756042, 63.5762329102, 63.9941940308, 64.4121551514, 64.8301086426, 65.2480697632, 65.6660308838, 66.0839920044, 66.5019454956, 66.9199066162, 67.3378677368, 67.7558288574, 68.1737823486, 68.5801315308, 68.9864807129, 69.4044418335, 69.8224029541, 70.2403640747, 70.6583175659, 71.0762786865, 71.4942398071, 71.9122009277, 72.3301544189, 72.7481155396, 73.1660766602, 73.5840377808, 74.001991272, 74.4199523926, 74.8379135132, 75.2674789429, 75.7202682495, 76.1846694946, 76.6606826782, 77.1018600464, 77.5314254761, 77.9493865967, 78.3673477173, 78.7853012085, 79.2032623291, 79.6212234497, 80.0391845703, 80.4571380615, 80.8750991821, 81.2930603027, 81.7110214233, 82.1289749146, 82.5469360352, 82.9532852173, 83.3712463379, 83.77759552, 84.1955566406, 84.6135101318, 85.0314712524, 85.449432373, 85.8673934937, 86.2853469849, 86.7033081055, 87.1212692261, 87.5392303467, 87.9571838379, 88.3751449585, 88.7931060791, 89.2110671997, 89.6290206909, 90.0469818115, 90.4649429321, 90.8829040527, 91.3008575439, 91.7072067261, 92.1135559082, 92.5315170288, 92.9494781494, 93.36743927, 93.7853927612, 94.2033538818, 94.6213150024, 95.039276123, 95.4572296143, 95.8751907349, 96.2931518555, 96.7111129761, 97.1290664673, 97.5470275879, 97.9649887085, 98.3829498291, 98.8009033203, 99.2072525024, 99.6136016846, 100.031562805, 100.449523926, 100.867477417, 101.285438538, 101.703399658, 102.121360779, 102.53931427, 102.957275391, 103.375236511, 103.793197632, 104.211151123, 104.629112244, 105.047073364, 105.465034485, 105.882987976, 106.300949097, 106.707298279, 107.113647461, 107.531608582, 107.949569702, 108.367523193, 108.785484314, 109.203445435, 109.621406555, 110.039360046, 110.457321167, 110.875282288, 111.293243408, 111.711196899, 112.117546082, 112.547119141, 112.965080261, 113.383033752, 113.800994873, 114.218955994, 114.625305176, 115.031654358, 115.449615479, 115.86756897, 116.28553009, 116.703491211, 117.121452332, 117.539405823, 117.957366943, 118.375328064, 118.793289185, 119.211242676, 119.629203796, 120.047164917, 120.465126038, 120.883079529, 121.289428711, 121.707389832, 122.113739014, 122.531700134, 122.949661255, 123.367614746, 123.785575867, 124.203536987, 124.621498108, 125.039451599, 125.45741272, 125.87537384, 126.293327332, 126.711288452, 127.129249573, 127.547210693, 127.965164185, 128.383132935, 128.801086426, 129.207427979, 129.61378479, 130.031738281, 130.449707031, 130.867660522, 131.285614014, 131.703582764, 132.121536255, 132.539505005, 132.957458496, 133.375411987, 133.793380737, 134.211334229, 134.62928772, 135.04725647, 135.465209961, 135.883178711, 136.301132202, 136.707473755, 137.125442505, 137.531784058, 137.949752808, 138.379318237, 138.820495605, 139.284896851, 139.737686157, 140.178863525, 140.643264771, 141.0728302, 141.490783691, 141.908752441, 142.326705933, 142.744674683, 143.162628174, 143.568969727, 143.986938477, 144.404891968, 144.822860718, 145.240814209, 145.6587677, 146.07673645, 146.494689941, 146.912643433, 147.330612183, 147.748565674, 148.166534424, 148.584487915, 149.002441406, 149.420410156, 149.838363647, 150.244720459, 150.66267395, 151.069015503, 151.486984253, 151.904937744, 152.322906494, 152.740859985, 153.158813477, 153.576782227, 153.994735718, 154.412689209, 154.830657959, 155.24861145, 155.6665802, 156.084533691, 156.502487183, 156.920455933, 157.338409424, 157.756362915, 158.162719727, 158.569061279, 158.987030029, 159.404983521, 159.822952271, 160.240905762, 160.658859253, 161.076828003, 161.494781494, 161.912734985, 162.330703735, 162.748657227, 163.166610718, 163.584579468, 164.002532959, 164.420501709, 164.8384552, 165.244796753, 165.662765503, 166.069107056, 166.487075806, 166.905029297, 167.322982788, 167.740951538, 168.158905029, 168.576873779, 168.994827271, 169.412780762, 169.830749512, 170.248703003, 170.666656494, 171.073013306, 171.490966797, 171.897323608, 172.3152771, 172.73324585, 173.151199341, 173.569152832, 173.975509644, 174.370239258, 174.753372192, 175.159729004, 175.566070557, 175.984039307, 176.401992798, 176.819946289, 177.237915039, 177.65586853, 178.073822021, 178.491790771, 178.909744263, 179.327713013, 179.745666504, 180.163619995, 180.581588745, 180.999542236, 181.417495728, 181.847076416, 182.288253784, 182.717819214, 183.147384644, 183.576965332, 183.994918823, 184.412872314, 184.830841064, 185.248794556, 185.666748047, 186.084716797, 186.502670288, 186.920639038, 187.338592529, 187.756546021, 188.174514771, 188.592468262, 189.010421753, 189.428390503, 189.846343994, 190.252700806, 190.659042358, 191.07699585, 191.4949646, 191.912918091, 192.330886841, 192.748840332, 193.166793823, 193.584762573, 194.002716064, 194.409072876, 194.827026367, 195.23336792, 195.65133667, 196.069290161, 196.487258911, 196.905212402, 197.323165894, 197.741134644, 198.159088135, 198.577041626, 198.995010376, 199.412963867, 199.830932617, 200.248886108, 200.6668396, 201.08480835, 201.502761841, 201.920715332, 202.338684082, 202.745025635, 203.162994385, 203.569335938, 203.987304688, 204.405258179, 204.82321167, 205.24118042, 205.659133911, 206.077087402, 206.495056152, 206.913009644, 207.330978394, 207.748931885, 208.166885376, 208.584854126, 209.002807617, 209.420761108, 209.838729858, 210.245071411, 210.663040161, 211.069381714, 211.487350464, 211.905303955, 212.323257446, 212.741226196, 213.159179688, 213.577133179, 213.995101929, 214.41305542, 214.831008911, 215.248977661, 215.666931152, 216.084899902, 216.502853394, 216.920806885, 217.338775635, 217.756729126, 218.174682617, 218.604263306, 219.057052612, 219.521453857, 219.985839844, 220.450241089, 220.868209839, 221.28616333, 221.704116821, 222.122085571, 222.540039062, 222.958007812, 223.375961304, 223.793914795, 224.211883545, 224.629837036, 225.047790527, 225.465759277, 225.883712769, 226.29006958, 226.696411133, 227.114364624, 227.532333374, 227.950286865, 228.368255615, 228.786209106, 229.204162598, 229.622131348, 230.040084839, 230.45803833, 230.87600708, 231.293960571, 231.711929321, 232.129882812, 232.536224365, 232.942581177, 233.360534668, 233.778503418, 234.196456909, 234.6144104, 235.03237915, 235.450332642, 235.868301392, 236.286254883, 236.704208374, 237.122177124, 237.540130615, 237.958084106, 238.376052856, 238.794006348, 239.211975098, 239.629928589, 240.04788208, 240.46585083, 240.883804321, 241.290161133, 241.696502686, 242.114456177, 242.532424927, 242.950378418, 243.368347168, 243.786300659, 244.20425415, 244.6222229, 245.040176392, 245.458129883, 245.876098633, 246.294052124, 246.712020874, 247.153198242, 247.605987549, 248.058776855, 248.499954224, 248.95274353, 249.393920898, 249.823486328, 250.241439819, 250.659408569, 251.077362061, 251.495330811, 251.913284302, 252.331237793, 252.749206543, 253.167160034, 253.585113525, 254.003082275, 254.421035767, 254.839004517, 255.256958008, 255.674911499, 256.09286499, 256.499237061, 256.905578613, 257.323547363, 257.741485596, 258.159454346, 258.577423096, 258.995361328, 259.413330078, 259.831298828, 260.249237061, 260.667205811, 261.09677124, 261.537963867, 261.979125977, 262.408691406, 262.838256836, 263.256225586, 263.674194336, 264.092163086, 264.510101318, 264.835174561, 265.16027832, 265.508575439, 265.856872559, 266.19354248, 266.5418396, 266.890167236, 267.215240479, 267.540313721, 267.865386963, 268.190460205, 268.527160645, 268.863861084, 269.200531006, 269.548828125, 269.897125244, 270.233825684, 270.558898926, 270.883972168, 271.220672607, 271.557373047, 271.894042969, 272.230743408, 272.567443848, 272.915740967, 273.252410889, 273.577514648, 273.902587891, 274.227661133, 274.552734375, 274.889434814, 275.226104736, 275.574401855, 275.911102295, 276.259399414, 276.688964844, 277.106933594, 277.524902344, 277.942840576, 278.360809326, 278.778778076, 279.196716309, 279.614685059, 280.032653809, 280.450592041, 280.868560791, 281.286529541, 281.704498291, 282.122436523, 282.540405273, 282.958374023, 283.376312256, 283.794281006, 284.212249756, 284.630187988, 285.048156738, 285.466125488, 285.872467041, 286.278808594, 286.696777344, 287.114746094, 287.532684326, 287.950653076, 288.368621826, 288.786560059, 289.204528809, 289.622497559, 290.040435791, 290.458404541, 290.876373291, 291.294311523, 291.712280273, 292.130249023, 292.548217773, 292.966156006, 293.384124756, 293.790466309, 294.196807861, 294.614776611, 295.032745361, 295.450683594, 295.868652344, 296.286621094, 296.704589844, 297.122528076, 297.540496826, 297.970062256, 298.411254883, 298.864044189, 299.316833496, 299.769622803, 300.234008789, 300.651977539, 301.069915771, 301.487884521, 301.905853271, 302.323791504, 302.741760254, 303.159729004, 303.577667236, 303.995635986, 304.413604736, 304.831573486, 305.249511719, 305.667480469, 306.085449219, 306.503387451, 306.921356201, 307.327697754, 307.734039307, 308.152008057, 308.569976807, 308.987945557, 309.405883789, 309.823852539, 310.241821289, 310.659759521, 311.077728271, 311.495697021, 311.913635254, 312.331604004, 312.749572754, 313.167510986, 313.585479736, 314.003448486, 314.421386719, 314.839355469, 315.245697021, 315.652069092, 316.070007324, 316.487976074, 316.905944824, 317.323883057, 317.741851807, 318.159820557, 318.577758789, 318.995727539, 319.413696289, 319.831634521, 320.249603271, 320.667572021, 321.085540771, 321.503479004, 321.921447754, 322.339416504, 322.745758057, 323.163726807, 323.570068359, 323.988006592, 324.405975342, 324.823944092, 325.241912842, 325.671478271, 326.124267578, 326.588653564, 327.041442871, 327.517456055, 327.958648682, 328.376586914, 328.794555664, 329.212524414, 329.630462646, 330.048431396, 330.466400146, 330.884338379, 331.290710449, 331.697052002, 332.114990234, 332.532958984, 332.950927734, 333.368896484, 333.786834717, 334.204803467, 334.622772217, 335.040710449, 335.458679199, 335.876647949, 336.294586182, 336.712554932, 337.130523682, 337.548461914, 337.966430664, 338.384399414, 338.790740967, 339.19708252, 339.61505127, 340.03302002, 340.450958252, 340.868927002, 341.286895752, 341.704833984, 342.122802734, 342.540771484, 342.958709717, 343.376678467, 343.794647217, 344.212615967, 344.630554199, 345.048522949, 345.466491699, 345.884429932, 346.290802002, 346.697143555, 347.115081787, 347.533050537, 347.951019287, 348.368988037, 348.78692627, 349.20489502, 349.62286377, 350.040802002, 350.458770752, 350.876739502, 351.294677734, 351.712646484, 352.130615234, 352.536956787, 352.94329834, 353.36126709, 353.77923584, 354.197174072, 354.615142822, 355.033111572, 355.451049805, 355.869018555, 356.286987305, 356.704925537, 357.122894287, 357.540863037, 357.95880127, 358.37677002, 358.79473877, 359.212677002, 359.630645752, 360.048614502, 360.466583252, 360.884521484, 361.290863037, 361.708831787, 362.11517334, 362.53314209, 362.95111084, 363.369049072, 363.787017822, 364.204986572, 364.622955322, 365.040893555, 365.458862305, 365.876831055, 366.294769287, 366.712738037, 367.130706787, 367.54864502, 367.96661377, 368.38458252, 368.790924072, 369.197265625, 369.615234375, 370.033203125, 370.451141357, 370.869110107, 371.287078857, 371.70501709, 372.12298584, 372.54095459, 372.958892822, 373.376861572, 373.794830322, 374.212768555, 374.630737305, 375.048706055, 375.466674805, 375.884613037, 376.29095459, 376.69732666, 377.115264893, 377.533233643, 377.951202393, 378.369140625, 378.810333252, 379.286346436, 379.739135742, 380.226745605, 380.656311035, 381.085876465, 381.503845215, 381.921813965, 382.339752197, 382.746124268, 383.15246582, 383.57043457, 383.988372803, 384.406341553, 384.824310303, 385.242248535, 385.660217285, 386.078186035, 386.496124268, 386.914093018, 387.332061768, 387.750030518, 388.16796875, 388.5859375, 389.00390625, 389.421844482, 389.839813232, 390.246154785, 390.652496338, 391.070465088, 391.488433838, 391.906402588, 392.32434082, 392.74230957, 393.16027832, 393.578216553, 393.996185303, 394.414154053, 394.832092285, 395.250061035, 395.668029785, 396.085968018, 396.503936768, 396.921905518, 397.33984375, 397.74621582, 398.164154053, 398.570526123, 398.988464355, 399.406433105, 399.824401855, 400.242340088, 400.660308838, 401.078277588, 401.49621582, 401.91418457, 402.33215332, 402.750091553, 403.168060303, 403.586029053, 404.003997803, 404.421936035, 404.839904785, 405.246246338, 405.664215088, 406.070556641, 406.488525391, 406.906463623, 407.33605957, 407.765625, 408.19519043, 408.624755859, 409.042724609, 409.460662842, 409.878631592, 410.319824219, 410.760986328, 411.202178955, 411.643341064, 412.084533691, 412.525695801, 412.966888428, 413.442901611, 413.918914795, 414.394927979, 414.870910645, 415.346923828, 415.822937012, 416.264129639, 416.705291748, 417.146484375, 417.587646484, 418.028839111, 418.481628418], "beats_loudness": {"dmean2": 0.018392752856, "median": 0.0726888328791, "min": 0, "dvar2": 0.000493756728247, "dvar": 0.000186784265679, "dmean": 0.0103445956483, "max": 0.148066297174, "var": 0.00127789808903, "mean": 0.0551610887051}, "danceability": 1.08971786499, "bpm_histogram_second_peak_weight": {"dmean2": 0, "median": 0.0505795553327, "min": 0.0505795553327, "dvar2": 0, "dvar": 0, "dmean": 0, "max": 0.0505795553327, "var": 0, "mean": 0.0505795553327}, "beats_count": 950, "bpm_histogram_second_peak_bpm": {"dmean2": 0, "median": 72, "min": 72, "dvar2": 0, "dvar": 0, "dmean": 0, "max": 72, "var": 0, "mean": 72}, "bpm_histogram_first_peak_spread": {"dmean2": 0, "median": 0.135000050068, "min": 0.135000050068, "dvar2": 0, "dvar": 0, "dmean": 0, "max": 0.135000050068, "var": 0, "mean": 0.135000050068}, "beats_loudness_band_ratio": {"dmean2": [0.25057938695, 0.131150245667, 0.116811573505, 0.112208791077, 0.072425454855, 0.147392213345], "median": [0.507190346718, 0.0853695571423, 0.042139545083, 0.0353975221515, 0.0218875855207, 0.124031797051], "min": [0, 0, 0, 0, 0, 0], "dvar2": [0.0557909607887, 0.0256104469299, 0.0344858318567, 0.0334460698068, 0.0155083797872, 0.0253744963557], "dvar": [0.0193348396569, 0.00919534079731, 0.0120559139177, 0.0105423722416, 0.00562750641257, 0.00871552247554], "dmean": [0.133590131998, 0.0719869360328, 0.0662711635232, 0.06276448071, 0.0405093766749, 0.0803117603064], "max": [0.995643675327, 0.971745669842, 0.984885931015, 0.909398794174, 0.922729492188, 0.913525760174], "var": [0.0932571589947, 0.0146263279021, 0.0180231519043, 0.0141282072291, 0.00977578107268, 0.0324270613492], "mean": [0.509301841259, 0.12322691828, 0.0874546393752, 0.0794304907322, 0.0511466786265, 0.1733302176]}}, "lowlevel": {"barkbands_spread": {"dmean2": 21.6462154388, "median": 16.3973674774, "min": 0.0133831948042, "dvar2": 697.801513672, "dvar": 329.575012207, "dmean": 14.2048511505, "max": 117.35509491, "var": 559.405944824, "mean": 24.5638656616}, "melbands_spread": {"dmean2": 16.8038845062, "median": 11.6150131226, "min": 0.121479727328, "dvar2": 513.567077637, "dvar": 238.657028198, "dmean": 10.9610586166, "max": 231.696640015, "var": 644.706848145, "mean": 20.6974887848}, "hfc": {"dmean2": 69.2802886963, "median": 11.8224506378, "min": 1.06835749476e-16, "dvar2": 18169.4609375, "dvar": 7446.58837891, "dmean": 42.6245613098, "max": 628.91986084, "var": 7297.94873047, "mean": 41.6969909668}, "barkbands_kurtosis": {"dmean2": 35.4999542236, "median": 4.75145769119, "min": -1.8925242424, "dvar2": 40388.4257812, "dvar": 15187.3808594, "dmean": 22.744436264, "max": 4614.98339844, "var": 11583.8808594, "mean": 24.5722408295}, "gfcc": {"mean": [-44.2453117371, 79.4971923828, -93.1318893433, 27.025970459, -42.087562561, 19.5187721252, -23.6625900269, 9.30391597748, -19.9163036346, 5.24135494232, -10.5244960785, 4.17003250122, -10.0226774216], "icov": [[6.28462148597e-05, -2.12721533899e-05, -2.84797260974e-05, -8.10223646113e-05, 8.67767084856e-05, -0.00012582045747, 0.000110490138468, -2.67348932539e-05, -6.06314497418e-05, -3.38712525263e-05, 0.000238590233494, -0.000241102359723, 4.98336048622e-05], [-2.12721533899e-05, 0.000794986146502, -4.48212886113e-05, 0.000144292978803, -0.000511391204782, 0.000670208304655, -0.000434651301475, 0.000288875889964, -9.92875284282e-05, 0.000781430688221, -0.0013782591559, 0.00118345406372, -0.000891315867193], [-2.84797260974e-05, -4.48212886113e-05, 0.0007012312999, -0.000201145623578, -5.24675742781e-05, -0.000430720683653, 0.000187468584045, 7.31997988623e-06, 6.2836734287e-05, -0.000378452707082, 0.000722024880815, -0.000693186826538, 0.000350034155417], [-8.10223646113e-05, 0.000144292978803, -0.000201145623578, 0.00187659659423, -0.000621223007329, -0.000589869567193, -0.000156570866238, 0.000585093046539, -0.000419369083829, 0.000907827401534, -0.00141619553324, 0.000615407538135, -0.000326772220433], [8.67767084856e-05, -0.000511391204782, -5.24675742781e-05, -0.000621223007329, 0.00302185676992, -0.000715812609997, -0.00122661481146, 0.000131617824081, -0.000222292306717, -0.000389881315641, 0.000637683726382, -0.00164680264425, 0.000732557731681], [-0.00012582045747, 0.000670208304655, -0.000430720683653, -0.000589869567193, -0.000715812609997, 0.00496073300019, -0.000901561579667, -0.00210977438837, 0.000412372755818, -0.000922149629332, -0.000156082809553, 0.00192429195158, -0.00104804476723], [0.000110490138468, -0.000434651301475, 0.000187468584045, -0.000156570866238, -0.00122661481146, -0.000901561579667, 0.0057630375959, -0.000640167971142, -0.00158030039165, 0.00106402242091, -0.00131104409229, -0.000862277753185, 0.000224553761655], [-2.67348932539e-05, 0.000288875889964, 7.31997988623e-06, 0.000585093046539, 0.000131617824081, -0.00210977438837, -0.000640167971142, 0.00766536453739, -0.00260150781833, -0.00198848289438, 0.00213593873195, -0.000911976909265, -0.00131168053485], [-6.06314497418e-05, -9.92875284282e-05, 6.2836734287e-05, -0.000419369083829, -0.000222292306717, 0.000412372755818, -0.00158030039165, -0.00260150781833, 0.0105743128806, -0.00342920888215, -0.00366896600462, 0.0040160054341, -0.00147164973896], [-3.38712525263e-05, 0.000781430688221, -0.000378452707082, 0.000907827401534, -0.000389881315641, -0.000922149629332, 0.00106402242091, -0.00198848289438, -0.00342920888215, 0.0147434975952, -0.00391428777948, -0.00429953634739, 0.00289993989281], [0.000238590233494, -0.0013782591559, 0.000722024880815, -0.00141619553324, 0.000637683726382, -0.000156082809553, -0.00131104409229, 0.00213593873195, -0.00366896600462, -0.00391428777948, 0.017721939832, -0.00648966804147, -0.00216309726238], [-0.000241102359723, 0.00118345406372, -0.000693186826538, 0.000615407538135, -0.00164680264425, 0.00192429195158, -0.000862277753185, -0.000911976909265, 0.0040160054341, -0.00429953634739, -0.00648966804147, 0.0203533880413, -0.00559272663668], [4.98336048622e-05, -0.000891315867193, 0.000350034155417, -0.000326772220433, 0.000732557731681, -0.00104804476723, 0.000224553761655, -0.00131168053485, -0.00147164973896, 0.00289993989281, -0.00216309726238, -0.00559272663668, 0.0180288441479]], "cov": [[30534.4707031, -5732.20703125, 4360.74511719, 778.308898926, -1211.02709961, 1971.21496582, -1305.72216797, 1051.04370117, -211.749649048, 607.632629395, -974.106872559, 298.745300293, -321.042724609], [-5732.20703125, 4462.31884766, -1503.58764648, 159.167160034, 775.534606934, -810.952819824, 691.950134277, -518.882873535, 197.904769897, -342.216430664, 530.46307373, -113.274047852, 243.214111328], [4360.74511719, -1503.58764648, 2530.97143555, 272.89263916, -99.9543609619, 601.655761719, -256.43850708, 289.956390381, -58.2717933655, 201.969680786, -244.396942139, 102.380508423, -102.062049866], [778.308898926, 159.167160034, 272.89263916, 826.390991211, 266.83694458, 183.03074646, 140.833572388, 3.73638105392, 86.3502197266, -1.53710818291, 86.0734786987, 14.6306991577, 35.8744544983], [-1211.02709961, 775.534606934, -99.9543609619, 266.83694458, 654.075805664, 16.6499023438, 294.73135376, -30.3799419403, 102.684661865, -11.2128124237, 139.479202271, 27.8387756348, 52.5315055847], [1971.21496582, -810.952819824, 601.655761719, 183.03074646, 16.6499023438, 530.609375, -27.2022686005, 231.555038452, 34.0850868225, 117.774757385, -83.7655334473, 30.9450149536, -23.1630477905], [-1305.72216797, 691.950134277, -256.43850708, 140.833572388, 294.73135376, -27.2022686005, 385.383666992, -18.2996330261, 112.491516113, -25.3447265625, 139.933914185, 6.13097476959, 57.6112365723], [1051.04370117, -518.882873535, 289.956390381, 3.73638105392, -30.3799419403, 231.555038452, -18.2996330261, 277.904876709, 56.2262458801, 98.5343856812, -54.2067718506, 30.1134262085, -7.39978408813], [-211.749649048, 197.904769897, -58.2717933655, 86.3502197266, 102.684661865, 34.0850868225, 112.491516113, 56.2262458801, 173.613479614, 40.7324676514, 74.3136291504, 0.0806671008468, 30.125497818], [607.632629395, -342.216430664, 201.969680786, -1.53710818291, -11.2128124237, 117.774757385, -25.3447265625, 98.5343856812, 40.7324676514, 138.489212036, -2.86947727203, 41.7474861145, -14.1056756973], [-974.106872559, 530.46307373, -244.396942139, 86.0734786987, 139.479202271, -83.7655334473, 139.933914185, -54.2067718506, 74.3136291504, -2.86947727203, 168.037078857, 22.1464691162, 52.5580291748], [298.745300293, -113.274047852, 102.380508423, 14.6306991577, 27.8387756348, 30.9450149536, 6.13097476959, 30.1134262085, 0.0806671008468, 41.7474861145, 22.1464691162, 83.6437911987, 16.5296115875], [-321.042724609, 243.214111328, -102.062049866, 35.8744544983, 52.5315055847, -23.1630477905, 57.6112365723, -7.39978408813, 30.125497818, -14.1056756973, 52.5580291748, 16.5296115875, 82.4345474243]]}, "spectral_energyband_middle_low": {"dmean2": 0.0100265927613, "median": 0.00366330426186, "min": 1.24884355335e-22, "dvar2": 0.000343645224348, "dvar": 0.000141147407703, "dmean": 0.00625946233049, "max": 0.103639386594, "var": 0.00016375927953, "mean": 0.00868880748749}, "melbands_crest": {"dmean2": 7.16596078873, "median": 19.9065284729, "min": 1.60004222393, "dvar2": 49.5930900574, "dvar": 20.9519023895, "dmean": 4.54692840576, "max": 34.7998390198, "var": 62.8145675659, "mean": 19.3191394806}, "spectral_kurtosis": {"dmean2": 5.23838663101, "median": 3.0031952858, "min": -1.2465890646, "dvar2": 289.725799561, "dvar": 108.613128662, "dmean": 3.20516848564, "max": 633.25390625, "var": 399.483215332, "mean": 5.80818557739}, "spectral_rms": {"dmean2": 0.00131597591098, "median": 0.00652951188385, "min": 3.14225576982e-12, "dvar2": 2.50477864938e-06, "dvar": 9.84555981631e-07, "dmean": 0.000901514780708, "max": 0.0142231872305, "var": 1.36024809763e-05, "mean": 0.00583413010463}, "zerocrossingrate": {"dmean2": 0.0329132452607, "median": 0.04931640625, "min": 0.001953125, "dvar2": 0.00128025980666, "dvar": 0.000950208166614, "dmean": 0.0267743729055, "max": 0.52783203125, "var": 0.00480749923736, "mean": 0.0702322199941}, "silence_rate_60dB": {"dmean2": 0.0613442584872, "median": 0, "min": 0, "dvar2": 0.0653462857008, "dvar": 0.0297297332436, "dmean": 0.0306704305112, "max": 1, "var": 0.177278712392, "mean": 0.230347648263}, "erbbands_kurtosis": {"dmean2": 2.43634128571, "median": -0.178432822227, "min": -1.85642158985, "dvar2": 49.0467910767, "dvar": 20.4448757172, "dmean": 1.53169226646, "max": 207.491531372, "var": 35.8849067688, "mean": 0.949495196342}, "erbbands": {"dmean2": [0.434310317039, 2.19091844559, 7.14562320709, 9.67884063721, 12.0612306595, 13.609131813, 16.6241321564, 23.3016891479, 25.1133422852, 18.5719013214, 19.5316867828, 29.6551494598, 25.9116039276, 34.5771179199, 28.792596817, 26.4803981781, 27.172170639, 22.7092704773, 26.4023227692, 19.0175228119, 16.7892284393, 15.8227739334, 14.3284368515, 12.4048318863, 13.649969101, 16.2019348145, 12.9032611847, 19.0706691742, 26.6922531128, 23.3071098328, 29.6581745148, 19.6645774841, 17.0559082031, 12.5396642685, 10.3135318756, 6.82429409027, 2.91269946098, 0.661279916763, 0.0743574202061, 0.00171527452767], "median": [0.194983959198, 2.03010106087, 3.5952911377, 2.07796049118, 2.07241821289, 2.38491344452, 2.86684513092, 3.28184223175, 3.61722278595, 3.18258810043, 3.52684640884, 4.75801753998, 4.38196849823, 6.3577375412, 6.66506147385, 6.06874084473, 5.39106941223, 5.07899093628, 4.84054660797, 4.04636478424, 3.8210773468, 3.42314815521, 3.08613300323, 2.79342269897, 2.43991589546, 2.23260688782, 1.6298725605, 1.59795260429, 1.38242614269, 1.17405986786, 1.17129802704, 0.890151321888, 0.608524978161, 0.472341656685, 0.278007805347, 0.127120122313, 0.0384684167802, 0.00656499899924, 0.000720842683222, 0.000104518243461], "min": [5.50161629612e-23, 4.61911760145e-22, 2.97564715019e-21, 4.71491293178e-21, 2.20368120703e-20, 1.52992967341e-20, 3.32577691111e-20, 3.5986602409e-20, 9.20623652061e-20, 2.08601327855e-19, 1.55008231344e-19, 2.10841255406e-19, 7.14453214156e-19, 6.13563339012e-19, 5.65949530483e-19, 1.4034055874e-18, 1.70313127703e-18, 1.80762786644e-18, 2.06377199454e-18, 3.12484723108e-18, 4.34596888805e-18, 4.27616477051e-18, 4.49660344068e-18, 6.31958377929e-18, 8.17431461853e-18, 7.0495309652e-18, 1.09314639373e-17, 8.74549275767e-18, 9.73946855048e-18, 1.15569208411e-17, 1.19095959127e-17, 1.0853389668e-17, 1.03370072814e-17, 8.35330492256e-18, 6.91382578185e-18, 4.31602288192e-18, 2.37455657198e-18, 1.0007343754e-18, 2.55143265406e-19, 2.65133083658e-20], "dvar2": [0.393925845623, 13.3995485306, 193.99041748, 591.146728516, 781.061340332, 855.256530762, 1543.09667969, 3138.30615234, 3218.22631836, 1688.45471191, 1558.26831055, 4311.74169922, 3633.92041016, 4995.83886719, 5085.02490234, 3396.47460938, 4952.55566406, 2414.86035156, 10670.3183594, 1554.83728027, 1324.52380371, 1070.43481445, 934.27746582, 714.231628418, 688.695983887, 1004.93347168, 691.000244141, 1566.0098877, 4488.54589844, 2832.94116211, 5587.41992188, 2176.29003906, 1363.9642334, 715.958984375, 499.758880615, 191.638504028, 38.4722671509, 2.17153668404, 0.0300775859505, 1.45234262163e-05], "dvar": [0.381614744663, 10.5522041321, 84.1762161255, 211.722351074, 275.381896973, 326.360534668, 551.679321289, 1148.16296387, 1224.64611816, 611.95501709, 588.567321777, 1577.9564209, 1432.78564453, 1964.25488281, 1977.45007324, 1325.42199707, 1857.37768555, 929.852539062, 4115.52832031, 581.613098145, 513.772094727, 408.616577148, 346.518371582, 277.056915283, 287.592132568, 429.153411865, 272.298736572, 617.234069824, 1743.01586914, 1152.28161621, 2391.96948242, 983.975280762, 621.219665527, 307.105743408, 212.071792603, 72.9341125488, 14.4696912766, 0.814685761929, 0.0112904701382, 5.61496381124e-06], "dmean": [0.400563120842, 1.94220268726, 4.87712430954, 5.53453874588, 6.86011743546, 8.2406873703, 9.4740486145, 13.3871335983, 14.7194814682, 10.6689434052, 11.4841213226, 17.3749599457, 15.245800972, 20.2622566223, 17.0034351349, 15.9410619736, 15.8892059326, 13.3747177124, 15.6669092178, 11.0930728912, 10.051779747, 9.45743179321, 8.45729064941, 7.58660507202, 8.31238746643, 10.1058807373, 7.93079280853, 11.4057617188, 16.2852935791, 14.5799283981, 18.5779647827, 12.9091520309, 10.7067317963, 8.04348468781, 6.37692832947, 3.96351742744, 1.66470766068, 0.374713987112, 0.0426060259342, 0.00100093660876], "max": [7.01672363281, 30.2914028168, 70.1190795898, 101.589324951, 179.06993103, 409.157623291, 277.520080566, 510.409851074, 1069.28808594, 360.974945068, 382.46774292, 878.084777832, 1456.48449707, 1031.16442871, 1576.0189209, 1557.42150879, 1735.98425293, 729.865844727, 3590.13769531, 555.153259277, 667.283813477, 446.508422852, 607.060180664, 642.700134277, 270.23046875, 212.746322632, 161.070266724, 294.81640625, 399.448974609, 284.367431641, 459.862701416, 312.840637207, 221.178878784, 168.946273804, 121.862419128, 52.9150733948, 26.0229511261, 8.93138027191, 0.951061248779, 0.0189498681575], "var": [2.04142618179, 50.