{"tonal": {"thpcp": [1, 0.571939885616, 0.219896420836, 0.189332291484, 0.192390263081, 0.57413071394, 0.910635769367, 0.582661390305, 0.284336447716, 0.249141275883, 0.2007034868, 0.474942535162, 0.750129878521, 0.527369081974, 0.49308770895, 0.632427096367, 0.403184860945, 0.246979773045, 0.256150573492, 0.251796811819, 0.618305921555, 0.931736886501, 0.541325867176, 0.198244541883, 0.211446583271, 0.240006610751, 0.476576924324, 0.650658607483, 0.434120178223, 0.348450183868, 0.408571481705, 0.28815600276, 0.305362194777, 0.4097661376, 0.349627494812, 0.688105583191], "hpcp": {"dmean2": [0.126085698605, 0.130190595984, 0.181426927447, 0.191927194595, 0.207047238946, 0.190767362714, 0.186288252473, 0.165140748024, 0.142344862223, 0.136993512511, 0.144526585937, 0.197759360075, 0.224015265703, 0.180340245366, 0.114944726229, 0.125067949295, 0.153189465404, 0.2006162256, 0.228043586016, 0.204159870744, 0.164488211274, 0.153750434518, 0.156543403864, 0.158418312669, 0.162026315928, 0.174391180277, 0.234579995275, 0.223105549812, 0.209850609303, 0.137408047915, 0.111119098961, 0.123335286975, 0.206555694342, 0.234045267105, 0.225163698196, 0.152535393834], "median": [0.00899304263294, 0.0106745930389, 0.0321162045002, 0.044717412442, 0.0388103239238, 0.0354482382536, 0.0343898721039, 0.0264481790364, 0.0191391576082, 0.0187560878694, 0.0194213297218, 0.0648560598493, 0.0963348895311, 0.0581963062286, 0.0149548295885, 0.0105640105903, 0.0119056766853, 0.0344322361052, 0.0495345517993, 0.0356973074377, 0.0138194207102, 0.00900361873209, 0.0106432866305, 0.0223777350038, 0.0281775891781, 0.0288281813264, 0.0704712942243, 0.0931303352118, 0.0530745536089, 0.0109891472384, 0.00764657137915, 0.0105575378984, 0.0519794039428, 0.0844866707921, 0.0586712658405, 0.0142614189535], "min": [0, 0, 0, 0, 0, 0, 0, 0, 0, 0, 0, 0, 0, 0, 0, 0, 0, 0, 0, 0, 0, 0, 0, 0, 0, 0, 0, 0, 0, 0, 0, 0, 0, 0, 0, 0], "dvar2": [0.0715452879667, 0.0735699683428, 0.092141315341, 0.0984855741262, 0.104514017701, 0.0907649099827, 0.0952725932002, 0.0798871219158, 0.0736992955208, 0.0705635771155, 0.0719123855233, 0.0868738815188, 0.0994705036283, 0.075844116509, 0.0538605041802, 0.0726604834199, 0.0912724658847, 0.110793061554, 0.126216232777, 0.11044036597, 0.0936426743865, 0.0938598662615, 0.0945858955383, 0.0843626633286, 0.0845594331622, 0.0910823121667, 0.112021662295, 0.103131450713, 0.105152644217, 0.0780081450939, 0.0643784627318, 0.0662334933877, 0.106158144772, 0.110090523958, 0.110639564693, 0.0824130028486], "dvar": [0.0265674814582, 0.0256681460887, 0.0338519029319, 0.0411495156586, 0.0394888855517, 0.0348168984056, 0.0403994619846, 0.0300531387329, 0.0264802724123, 0.0257079862058, 0.0258744787425, 0.0331570878625, 0.0433116331697, 0.0285291522741, 0.0191886443645, 0.026197694242, 0.0322605371475, 0.0405583493412, 0.0489475764334, 0.0402875728905, 0.0344406552613, 0.0354005806148, 0.0340338759124, 0.0309329107404, 0.0324721001089, 0.0333203263581, 0.0423172414303, 0.045548748225, 0.0398308187723, 0.0274612363428, 0.0229783803225, 0.0234529655427, 0.0398631282151, 0.0485532619059, 0.0418719351292, 0.0303316749632], "dmean": [0.0694116055965, 0.0710139274597, 0.103625446558, 0.112106487155, 0.120009630919, 0.111844331026, 0.110094107687, 0.0958731919527, 0.0784314349294, 0.0761660262942, 0.0797883570194, 0.117531254888, 0.132912606001, 0.10513728112, 0.0629633143544, 0.0681170523167, 0.0834582671523, 0.114194959402, 0.129383921623, 0.11391916126, 0.0917649567127, 0.0851758867502, 0.0870105326176, 0.0885729715228, 0.0930307283998, 0.0975946113467, 0.137095674872, 0.132379278541, 0.122439995408, 0.0756122097373, 0.0605358220637, 0.0671191513538, 0.120562978089, 0.139363348484, 0.130815088749, 0.0850202441216], "max": [1, 1, 1, 1, 1, 1, 1, 1, 1, 1, 1, 1, 1, 1, 1, 1, 1, 1, 1, 1, 1, 1, 1, 1, 1, 1, 1, 1, 1, 1, 1, 1, 1, 1, 1, 1], "var": [0.0335108786821, 0.0190643779933, 0.04862620309, 0.104497507215, 0.0541733540595, 0.0514676421881, 0.0887890011072, 0.0393554680049, 0.0225873868912, 0.0235451217741, 0.0214229933918, 0.0548655837774, 0.112127870321, 0.0427020788193, 0.014766975306, 0.0216230228543, 0.0239781290293, 0.0507687777281, 0.0804246589541, 0.0407624207437, 0.0418843701482, 0.0656645819545, 0.0326071716845, 0.0285718664527, 0.0454293899238, 0.0331210680306, 0.0662850439548, 0.129324600101, 0.0531985946, 0.0212196856737, 0.0211953204125, 0.0176532771438, 0.0553822740912, 0.112728334963, 0.0536328926682, 0.0329162627459], "mean": [0.070532232523, 0.0568194277585, 0.13445687294, 0.212362781167, 0.149298891425, 0.139593794942, 0.179040968418, 0.114142179489, 0.069920308888, 0.0725165754557, 0.0712840184569, 0.17504324019, 0.263775974512, 0.153250083327, 0.0561232976615, 0.0598608143628, 0.0679461956024, 0.134919568896, 0.184202328324, 0.122900009155, 0.0986467152834, 0.115667134523, 0.0815773531795, 0.0864484459162, 0.116005346179, 0.0989800170064, 0.194803625345, 0.283101350069, 0.161916956306, 0.062252972275, 0.0536002255976, 0.0544659420848, 0.162537187338, 0.257802218199, 0.164952233434, 0.0804960280657]}, "tuning_equal_tempered_deviation": 0.00451899273321, "chords_changes_rate": 0.056667290628, "key_key": "F#", "tuning_diatonic_strength": 0.560957670212, "key_scale": "major", "chords_number_rate": 0.00243126996793, "tuning_frequency": 440.508636475, "tuning_nontempered_energy_ratio": 0.635690033436, "chords_histogram": [26.6878623962, 2.88011980057, 15.8032541275, 0.168318688869, 1.12212455273, 0, 4.05835056305, 0.0748083069921, 1.72059094906, 0.617168486118, 0.018702076748, 0.317935287952, 0, 0.168318688869, 0, 0.243126988411, 0, 1.96371793747, 4.60071086884, 6.48962020874, 9.93080234528, 4.30147743225, 8.88348579407, 9.94950485229], "key_strength": 0.799699962139, "chords_key": "F#", "chords_strength": {"dmean2": 0.00936882942915, "median": 0.50359994173, "min": -1, "dvar2": 0.00077401555609, "dvar": 0.000418548588641, "dmean": 0.0099933296442, "max": 0.733611106873, "var": 0.0338793508708, "mean": 0.488041222095}, "chords_scale": "major", "hpcp_entropy": {"dmean2": 1.05607128143, "median": 1.61198067665, "min": 0, "dvar2": 0.855742275715, "dvar": 0.332005530596, "dmean": 0.623922467232, "max": 4.34459877014, "var": 0.702896475792, "mean": 1.56870615482}}, "metadata": {"audio_properties": {"equal_loudness": 0, "codec": "flac", "downmix": "mix", "sample_rate": 44100, "analysis_sample_rate": 44100, "bit_rate": 0, "md5_encoded": "df73e7e6d83a64d373375c0a5302c1ec", "length": 248.226669312, "replay_gain": -15.3816299438, "lossless": true}, "version": {"essentia_build_sha": "26c37b627ab5a2028d412893e0969599b764ad4d", "essentia": "2.1-beta2", "extractor": "music 1.0", "essentia_git_sha": "v2.1_beta2"}, "tags": {"title": ["Still Sis"], "language": ["jpn"], "media": ["CD"], "albumartist": ["\u4f50\u571f\u539f\u304b\u304a\u308a"], "tracktotal": ["6"], "musicbrainz_releasegroupid": ["fb33be39-1f76-4d03-8c88-a6dcfcc012ac"], "musicbrainz_recordingid": ["04948326-f2e0-4f70-9fbb-abac2eb07239"], "album": ["Still Sis"], "musicbrainz_albumartistid": ["19ee997a-ea72-476e-9a78-95346ec34c9e"], "discnumber": ["1"], "bpm": ["0"], "catalognumber": ["COCC-16970"], "releasecountry": ["JP"], "file_name": "01.Still Sis - \u4f50\u571f\u539f\u304b\u304a\u308a - Still Sis.flac", "compilation": ["0"], "originaldate": ["2015-02-04"], "date": ["2015-02-04"], "genre": ["Anime"], "disctotal": ["1"], "musicbrainz_artistid": ["19ee997a-ea72-476e-9a78-95346ec34c9e"], "asin": ["B00PL9FJ92"], "musicbrainz_albumid": ["94785ba5-d01f-453a-afce-4b7e7a9e345c"], "tracknumber": ["1"], "artistsort": ["Sadohara, Kaori"], "artist": ["\u4f50\u571f\u539f\u304b\u304a\u308a"], "label": ["Columbia"], "albumartistsort": ["Sadohara, Kaori"], "totaldiscs": ["1"], "script": ["Jpan"], "totaltracks": ["6"]}}, "rhythm": {"bpm_histogram_first_peak_bpm": {"dmean2": 0, "median": 172, "min": 172, "dvar2": 0, "dvar": 0, "dmean": 0, "max": 172, "var": 0, "mean": 172}, "bpm": 172.265457153, "bpm_histogram_second_peak_spread": {"dmean2": 0, "median": 0, "min": 0, "dvar2": 0, "dvar": 0, "dmean": 0, "max": 0, "var": 0, "mean": 0}, "bpm_histogram_first_peak_weight": {"dmean2": 0, "median": 0.459302335978, "min": 0.459302335978, "dvar2": 0, "dvar": 0, "dmean": 0, "max": 0.459302335978, "var": 0, "mean": 0.459302335978}, "onset_rate": 3.52072191238, "beats_position": [0.383129239082, 0.777868449688, 1.14938771725, 1.49768710136, 1.84598636627, 2.20589566231, 2.55419492722, 2.90249419212, 3.26240348816, 3.62231278419, 3.98222208023, 4.35374164581, 4.71365070343, 5.08516979218, 5.4334692955, 5.78176879883, 6.13006782532, 6.48997735977, 6.83827638626, 7.19818592072, 7.55809497833, 7.91800451279, 8.27791404724, 8.64943313599, 9.0093421936, 9.35764122009, 9.70594120026, 10.0542402267, 10.3909292221, 10.7276191711, 11.0759181976, 11.4242172241, 11.7725172043, 12.1208162308, 12.4691152573, 12.8174142838, 13.1657142639, 13.5024032593, 13.8390922546, 14.1757822037, 14.512471199, 14.8607711792, 15.1974601746, 15.5341491699, 15.8824491501, 16.2191371918, 16.5558280945, 16.904127121, 17.2524261475, 17.5891151428, 17.9258041382, 18.2741031647, 18.6224040985, 18.9590930939, 19.2957820892, 19.6440811157, 19.9923801422, 20.3406791687, 20.6773700714, 21.0140590668, 21.3623580933, 21.7106571198, 22.0473461151, 22.3840351105, 22.7323360443, 23.0806350708, 23.4289340973, 23.7772331238, 24.1255321503, 24.4738311768, 24.8337402344, 25.2052612305, 25.5767803192, 25.9599094391, 26.3198184967, 26.6797275543, 27.0280265808, 27.3647155762, 27.7014045715, 28.0497055054, 28.3980045319, 28.7346935272, 29.0713825226, 29.4196815491, 29.7679805756, 30.1046714783, 30.4413604736, 30.7896595001, 31.1379585266, 31.4862575531, 31.8229465485, 32.1596374512, 32.5079345703, 32.8562355042, 33.1929244995, 33.5296134949, 33.8779144287, 34.2262115479, 34.5629005432, 34.8995895386, 35.2478904724, 35.5961914062, 35.9444885254, 36.2811775208, 36.6178665161, 36.96616745, 37.3144645691, 37.6627655029, 38.0110664368, 38.3477554321, 38.6844444275, 39.0327415466, 39.369430542, 39.7061233521, 40.0544204712, 40.402721405, 40.7394104004, 41.0760993958, 41.4243965149, 41.7726974487, 42.1093864441, 42.4460754395, 42.7943763733, 43.1426734924, 43.4909744263, 43.8276634216, 44.164352417, 44.5126533508, 44.86095047, 45.2092514038, 45.5459403992, 45.8826293945, 46.2193183899, 46.5560073853, 46.9043083191, 47.2526054382, 47.6009063721, 47.9492073059, 48.2858963013, 48.6225852966, 48.959274292, 49.2959632874, 49.6442604065, 49.9925613403, 50.3408622742, 50.6775512695, 51.0142402649, 51.362537384, 51.7108383179, 52.0475273132, 52.3958282471, 52.7325172424, 53.0808143616, 53.4291152954, 53.7658042908, 54.1024932861, 54.45079422, 54.7990913391, 55.1473922729, 55.4956893921, 55.8439903259, 56.2038993835, 56.5638084412, 56.9237174988, 57.2836265564, 57.6551475525, 58.0266647339, 58.39818573, 58.7464828491, 59.0715637207, 59.4198646545, 59.7681617737, 60.104850769, 60.4415397644, 60.7898406982, 61.1381378174, 61.4864387512, 61.8231277466, 62.1598167419, 62.5081176758, 62.8564147949, 63.1931037903, 63.5297966003, 63.8780937195, 64.2263946533, 64.5746917725, 64.9229888916, 65.2596817017, 65.5963668823, 65.9446716309, 66.2813568115, 66.6180496216, 66.9663467407, 67.3146438599, 67.6629486084, 67.9996337891, 68.3479385376, 68.6846237183, 69.0329208374, 69.3812255859, 69.7295227051, 70.0546035767, 70.3912887573, 70.7279815674, 71.0762786865, 71.4245758057, 71.7612686157, 72.0979614258, 72.4462585449, 72.7945556641, 73.1428527832, 73.5027618408, 73.8626708984, 74.2341918945, 74.6057128906, 74.9656219482, 75.3371429443, 75.697052002, 76.0453491211, 76.3936462402, 76.7419509888, 77.0786361694, 77.4153289795, 77.7636260986, 78.1119232178, 78.4602279663, 78.8085250854, 79.1452102661, 79.4819030762, 79.8418121338, 80.2133331299, 80.5732421875, 80.9447631836, 81.3046722412, 81.6761856079, 82.0360946655, 82.3843994141, 82.7326965332, 83.0809936523, 83.4176864624, 83.7543716431, 84.1026763916, 84.4509735107, 84.7992706299, 85.1359634399, 85.4726486206, 85.8209533691, 86.1692504883, 86.5059356689, 86.842628479, 87.1909255981, 87.5276184082, 87.8759155273, 88.2126083374, 88.5609054565, 88.9092025757, 89.2458953857, 89.5825805664, 89.9308853149, 90.2791824341, 90.6274795532, 90.9757843018, 91.3240814209, 91.67237854, 92.0322875977, 92.3921966553, 92.7521057129, 93.1120147705, 93.4835357666, 93.8434448242, 94.2033538818, 94.5632629395, 94.9115600586, 95.2482528687, 95.5965499878, 95.9332427979, 96.281539917, 96.6182327271, 96.9665298462, 97.3148269653, 97.6631240845, 98.011428833, 98.3481140137, 98.6848068237, 99.0214920044, 99.3581848145, 99.7064819336, 100.054779053, 100.391471863, 100.739768982, 101.076461792, 101.424758911, 101.761451721, 102.10974884, 102.44644165, 102.783126831, 103.143035889, 103.479728699, 103.816413879, 104.164710999, 104.513015747, 104.861312866, 105.198005676, 105.534690857, 105.882987976, 106.231292725, 106.567977905, 106.904670715, 107.252967834, 107.601264954, 107.937957764, 108.274642944, 108.622947693, 108.971244812, 109.319541931, 109.656234741, 110.00453186, 110.34122467, 110.68952179, 111.037818909, 111.374511719, 111.711196899, 112.059501648, 112.396186829, 112.732879639, 113.081176758, 113.429473877, 113.777778625, 114.114463806, 114.451156616, 114.787841797, 115.136146545, 115.484443665, 115.832740784, 116.169433594, 116.517730713, 116.866027832, 117.202720642, 117.539405823, 117.887710571, 118.224395752, 118.572692871, 118.909385681, 119.2576828, 119.59437561, 119.931060791, 120.27936554, 120.627662659, 120.975959778, 121.324264526, 121.672561646, 122.020858765, 122.392379761, 122.763900757, 123.135414124, 123.50693512, 123.878456116, 124.226753235, 124.575057983, 124.900131226, 125.236824036, 125.585121155, 125.921813965, 126.270111084, 126.618408203, 126.966712952, 127.315010071, 127.651695251, 127.988388062, 128.336685181, 128.6849823, 129.021682739, 129.35836792, 129.706665039, 130.04335022, 130.3800354, 130.728347778, 131.076644897, 131.424942017, 131.773239136, 132.109924316, 132.446624756, 132.794921875, 133.143218994, 133.479904175, 133.816589355, 134.164901733, 134.513198853, 134.849884033, 135.198181152, 135.534866333, 135.883178711, 136.23147583, 136.579772949, 136.928070068, 137.253143311, 137.601455688, 137.938140869, 138.27482605, 138.61151123, 138.959823608, 139.296508789, 139.644805908, 139.993103027, 140.341400146, 140.701309204, 141.0728302, 141.455963135, 141.839096069, 142.199005127, 142.547302246, 142.895599365, 143.243896484, 143.592193604, 143.952102661, 144.323623657, 144.706756592, 145.078277588, 145.449798584, 145.82131958, 146.169616699, 146.517913818, 146.854598999, 147.19128418, 147.527984619, 147.8646698, 148.212966919, 148.572875977, 148.932785034, 149.257858276, 149.594558716, 149.931243896, 150.267929077, 150.604629517, 150.952926636, 151.289611816, 151.637908936, 151.986206055, 152.334503174, 152.671203613, 153.019500732, 153.367797852, 153.704483032, 154.041183472, 154.389480591, 154.73777771, 155.074462891, 155.411148071, 155.759460449, 156.107757568, 156.444442749, 156.78112793, 157.129425049, 157.477722168, 157.814422607, 158.151107788, 158.499404907, 158.847702026, 159.184402466, 159.521087646, 159.869384766, 160.217681885, 160.554367065, 160.891067505, 161.239364624, 161.587661743, 161.924346924, 162.261047363, 162.609344482, 162.957641602, 163.305938721, 163.642623901, 163.979324341, 164.32762146, 164.675918579, 165.024215698, 165.360900879, 165.69758606, 166.045898438, 166.394195557, 166.730880737, 167.067565918, 167.404266357, 167.740951538, 168.089248657, 168.437545776, 168.785842896, 169.134140015, 169.482452393, 169.830749512, 170.202270508, 170.573776245, 170.980133057, 171.386474609, 171.792831421, 172.210784912, 172.593917847, 172.965438843, 173.336959839, 173.708480835, 174.068389893, 174.416687012, 174.764984131, 175.11328125, 175.473190308, 175.821487427, 176.158187866, 176.506484985, 176.843170166, 177.179855347, 177.516555786, 177.864852905, 178.213150024, 178.561447144, 178.909744263, 179.258041382, 179.606338501, 179.954650879, 180.302947998, 180.639633179, 180.976318359, 181.324615479, 181.672927856, 182.009613037, 182.346298218, 182.694595337, 183.031295776, 183.367980957, 183.704666138, 184.041351318, 184.389663696, 184.737960815, 185.074645996, 185.411331177, 185.759628296, 186.107940674, 186.456237793, 186.792922974, 187.129608154, 187.466293335, 187.802993774, 188.151290894, 188.499588013, 188.847885132, 189.196182251, 189.53288269, 189.869567871, 190.21786499, 190.566162109, 190.914459229, 191.251159668, 191.587844849, 191.936141968, 192.284439087, 192.632736206, 192.981033325, 193.329345703, 193.677642822, 194.025939941, 194.385848999, 194.757369995, 195.117279053, 195.500411987, 195.871917725, 196.231826782, 196.58013916, 196.928436279, 197.26512146, 197.601806641, 197.95010376, 198.286804199, 198.62348938, 198.960174561, 199.30847168, 199.645172119, 199.993469238, 200.341766357, 200.678451538, 201.015136719, 201.363449097, 201.711746216, 202.060043335, 202.396728516, 202.733413696, 203.081726074, 203.418411255, 203.755096436, 204.103393555, 204.451690674, 204.800003052, 205.136688232, 205.484985352, 205.821670532, 206.169967651, 206.518280029, 206.866577148, 207.191650391, 207.528335571, 207.865036011, 208.21333313, 208.561630249, 208.909927368, 209.258224487, 209.594909668, 209.931610107, 210.279907227, 210.628204346, 210.964889526, 211.313186646, 211.649887085, 211.998184204, 212.358093262, 212.741226196, 213.135955811, 213.519088745, 213.878997803, 214.227294922, 214.563980103, 214.900680542, 215.248977661, 215.59727478, 215.933959961, 216.28225708, 216.61895752, 216.9556427, 217.303939819, 217.652236938, 217.988937378, 218.337234497, 218.720352173, 219.103485107, 219.486618042, 219.869750977, 220.229660034, 220.60118103, 220.972686768, 221.344207764, 221.71572876, 222.087249756, 222.447158813, 222.795455933, 223.132156372, 223.468841553, 223.817138672, 224.153823853, 224.490524292, 224.838821411, 225.18711853, 225.535415649, 225.883712769, 226.232009888, 226.591918945, 226.951828003, 227.416229248, 227.869018555, 228.321807861, 228.774597168, 229.297042847, 229.819503784, 230.411605835, 231.003707886, 231.595825195, 232.199539185, 232.803268433, 233.406982422, 234.02230835, 234.626022339, 235.148483276, 235.670928955, 236.286254883, 236.901580811, 237.5052948, 238.120635986, 238.724349976, 239.328063965, 239.943389893, 240.570343018, 241.208877563, 241.847427368, 242.416320801, 242.985214233, 243.554092407, 244.134597778, 244.715103149, 245.272369385, 245.829650879, 246.386932373, 246.944213867, 247.5131073], "beats_loudness": {"dmean2": 0.0200204774737, "median": 0.0314223952591, "min": 0, "dvar2": 0.000290211406536, "dvar": 0.000109144239104, "dmean": 0.0115556037053, "max": 0.0881145521998, "var": 0.000277245097095, "mean": 0.0319987311959}, "danceability": 1.05834019184, "bpm_histogram_second_peak_weight": {"dmean2": 0, "median": 0.325581401587, "min": 0.325581401587, "dvar2": 0, "dvar": 0, "dmean": 0, "max": 0.325581401587, "var": 0, "mean": 0.325581401587}, "beats_count": 689, "bpm_histogram_second_peak_bpm": {"dmean2": 0, "median": 178, "min": 178, "dvar2": 0, "dvar": 0, "dmean": 0, "max": 178, "var": 0, "mean": 178}, "bpm_histogram_first_peak_spread": {"dmean2": 0, "median": 0, "min": 0, "dvar2": 0, "dvar": 0, "dmean": 0, "max": 0, "var": 0, "mean": 0}, "beats_loudness_band_ratio": {"dmean2": [0.253478735685, 0.306478589773, 0.267076224089, 0.235823407769, 0.0906349718571, 0.077125236392], "median": [0.199804827571, 0.169541612267, 0.165897682309, 0.0986811295152, 0.0621209479868, 0.047729767859], "min": [0, 0, 0, 0, 0, 0], "dvar2": [0.0598185025156, 0.0780779123306, 0.0645201355219, 0.0615759156644, 0.0104975504801, 0.0102066295221], "dvar": [0.02036145702, 0.0304895527661, 0.0234859120101, 0.0246150027961, 0.00377932167612, 0.00398359075189], "dmean": [0.141698285937, 0.178029999137, 0.153036877513, 0.136627390981, 0.0521828792989, 0.0438064299524], "max": [0.932237565517, 0.980074882507, 0.976010918617, 0.887849271297, 0.497224748135, 0.918351829052], "var": [0.0341512262821, 0.0460319891572, 0.0334801375866, 0.0328142233193, 0.00731728924438, 0.0040380237624], "mean": [0.238426655531, 0.247853070498, 0.224035695195, 0.17213049531, 0.089057713747, 0.0606558248401]}}, "lowlevel": {"barkbands_spread": {"dmean2": 7.18190860748, "median": 21.9003219604, "min": 0.151643678546, "dvar2": 87.2085342407, "dvar": 40.2184181213, "dmean": 4.65877056122, "max": 125.19997406, "var": 178.552017212, "mean": 23.3229846954}, "melbands_spread": {"dmean2": 8.9484500885, "median": 21.725315094, "min": 0.262478023767, "dvar2": 141.040863037, "dvar": 64.8719100952, "dmean": 5.73231267929, "max": 313.269134521, "var": 469.608337402, "mean": 25.8188514709}, "hfc": {"dmean2": 6.97503423691, "median": 21.8643531799, "min": 1.06718031749e-16, "dvar2": 79.1929855347, "dvar": 43.0114974976, "dmean": 4.96818208694, "max": 121.400634766, "var": 286.171173096, "mean": 24.0038795471}, "barkbands_kurtosis": {"dmean2": 4.44666910172, "median": 1.87056446075, "min": -1.92218470573, "dvar2": 927.68347168, "dvar": 399.038269043, "dmean": 2.88948464394, "max": 1209.47070312, "var": 539.389221191, "mean": 5.47727584839}, "gfcc": {"mean": [-9.15024280548, 67.9263839722, -105.618461609, 14.0862169266, -61.7041244507, 5.81168031693, -45.988117218, 11.5267591476, -26.1558837891, 0.575540304184, -13.5808544159, 2.27016782761, -7.41295719147], "icov": [[9.29676170927e-05, -0.000116498857096, 0.000179486640263, -0.000221845126362, 0.000180544986506, -0.000316937395837, 0.000250105716987, -0.000277688319329, 0.000258548068814, -0.000156709895236, 0.000451775791589, -0.000424668367486, 0.000435691705206], [-0.000116498857096, 0.0014588420745, 0.000227276570513, 0.000218206609134, -0.000534476654138, 0.000801458256319, -2.43264221353e-05, 0.000825237249956, -0.000873686920386, 0.00106214440893, -0.00132182973903, 0.00193923176266, -0.00156080292072], [0.000179486640263, 0.000227276570513, 0.00190082238987, -0.000510087586008, -0.000241221277975, -0.000489712227136, 0.000508090713993, 0.000105557213828, 0.000292950338917, -0.000260717235506, 0.00045714454609, -0.000779061112553, 0.000768350204453], [-0.000221845126362, 0.000218206609134, -0.000510087586008, 0.00302455411293, -0.0015186505625, 8.50330397952e-05, -0.00044519349467, -0.00111547717825, 0.000748107908294, 3.50366826751e-05, -0.000837276806124, 7.58742171456e-05, 0.000969337183051], [0.000180544986506, -0.000534476654138, -0.000241221277975, -0.0015186505625, 0.00448094960302, -0.00115921790712, -0.000884943408892, 3.34464602929e-05, -0.00182054110337, 0.00113910657819, 0.00146982516162, -0.00120196770877, 0.000945513311308], [-0.000316937395837, 0.000801458256319, -0.000489712227136, 8.50330397952e-05, -0.00115921790712, 0.00601257616654, -0.00216139270924, 0.000742045405786, 0.000372726324713, -0.00157315656543, 0.000306523201289, 0.00151280779392, -0.00291934725828], [0.000250105716987, -2.43264221353e-05, 0.000508090713993, -0.00044519349467, -0.000884943408892, -0.00216139270924, 0.00709378859028, -0.00148839596659, -0.000662151607685, 0.000658706238028, 0.000508948229253, -0.000844336405862, 0.00112939649262], [-0.000277688319329, 0.000825237249956, 0.000105557213828, -0.00111547717825, 3.34464602929e-05, 0.000742045405786, -0.00148839596659, 0.0089180553332, -0.00276097678579, 0.00154295784887, -0.0021808007732, 0.0014726392692, -0.00172438786831], [0.000258548068814, -0.000873686920386, 0.000292950338917, 0.000748107908294, -0.00182054110337, 0.000372726324713, -0.000662151607685, -0.00276097678579, 0.0122815668583, -0.00512271607295, 0.00257722707465, -0.00132151832804, 0.0019955036696], [-0.000156709895236, 0.00106214440893, -0.000260717235506, 3.50366826751e-05, 0.00113910657819, -0.00157315656543, 0.000658706238028, 0.00154295784887, -0.00512271607295, 0.0156781170517, -0.00686611840501, 0.0014455068158, -0.000201122325961], [0.000451775791589, -0.00132182973903, 0.00045714454609, -0.000837276806124, 0.00146982516162, 0.000306523201289, 0.000508948229253, -0.0021808007732, 0.00257722707465, -0.00686611840501, 0.0151828182861, -0.00560255348682, 0.00276789651252], [-0.000424668367486, 0.00193923176266, -0.000779061112553, 7.58742171456e-05, -0.00120196770877, 0.00151280779392, -0.000844336405862, 0.0014726392692, -0.00132151832804, 0.0014455068158, -0.00560255348682, 0.0197351388633, -0.00853214692324], [0.000435691705206, -0.00156080292072, 0.000768350204453, 0.000969337183051, 0.000945513311308, -0.00291934725828, 0.00112939649262, -0.00172438786831, 0.0019955036696, -0.000201122325961, 0.00276789651252, -0.00853214692324, 0.0154723981395]], "cov": [[35386.9726562, 125.164634705, -1991.55529785, 2394.33325195, -461.156494141, 1112.47814941, -428.198852539, 849.354492188, -597.68737793, -37.9538612366, -489.86529541, 93.0968093872, -455.386993408], [125.164634705, 1111.0090332, -276.310943604, -166.280563354, -2.5001373291, -150.068725586, -61.1379737854, -66.5349273682, 34.7932434082, -56.1838417053, 21.9844779968, -66.1790390015, 55.9297065735], [-1991.55529785, -276.310943604, 797.028991699, 76.9585800171, 145.976379395, 31.0836734772, 43.6708488464, -32.2532310486, 24.2644958496, 15.2500553131, 8.57331371307, 21.0132331848, -18.9092311859], [2394.33325195, -166.280563354, 76.9585800171, 722.587097168, 207.725585938, 146.088165283, 72.1550521851, 144.532333374, -25.4969158173, -6.74284315109, -30.320690155, 12.1785726547, -92.2361297607], [-461.156494141, -2.5001373291, 145.976379395, 207.725585938, 417.481628418, 82.6909637451, 118.682563782, 32.5229530334, 66.8161392212, -29.0005111694, -40.2600860596, 2.2338924408, -23.0380840302], [1112.47814941, -150.068725586, 31.0836734772, 146.088165283, 82.6909637451, 290.520050049, 74.2938842773, 37.6872558594, -13.0352516174, 16.2526760101, -36.9257698059, 12.9775819778, 7.03321266174], [-428.198852539, -61.1379737854, 43.6708488464, 72.1550521851, 118.682563782, 74.2938842773, 208.41053772, 36.4945602417, 34.7551078796, -7.16435098648, -11.6143445969, 2.89195752144, -6.08214139938], [849.354492188, -66.5349273682, -32.2532310486, 144.532333374, 32.5229530334, 37.6872558594, 36.4945602417, 166.697357178, 15.6921405792, -0.564567387104, -1.48516023159, 4.90863895416, -16.1030826569], [-597.68737793, 34.7932434082, 24.2644958496, -25.4969158173, 66.8161392212, -13.0352516174, 34.7551078796, 15.6921405792, 123.280525208, 24.9922428131, 3.12747430801, -4.8692688942, -5.41743564606], [-37.9538612366, -56.1838417053, 15.2500553131, -6.74284315109, -29.0005111694, 16.2526760101, -7.16435098648, -0.564567387104, 24.9922428131, 97.023651123, 40.8429298401, 5.73535490036, -5.7408156395], [-489.86529541, 21.9844779968, 8.57331371307, -30.320690155, -40.2600860596, -36.9257698059, -11.6143445969, -1.48516023159, 3.12747430801, 40.8429298401, 108.95639801, 17.6338119507, 4.02126646042], [93.0968093872, -66.1790390015, 21.0132331848, 12.1785726547, 2.2338924408, 12.9775819778, 2.89195752144, 4.90863895416, -4.8692688942, 5.73535490036, 17.6338119507, 76.6849136353, 31.3794956207], [-455.386993408, 55.9297065735, -18.9092311859, -92.2361297607, -23.0380840302, 7.03321266174, -6.08214139938, -16.1030826569, -5.41743564606, -5.7408156395, 4.02126646042, 31.3794956207, 108.407028198]]}, "spectral_energyband_middle_low": {"dmean2": 0.00581995118409, "median": 0.0101058566943, "min": 1.60429645175e-22, "dvar2": 6.23863961664e-05, "dvar": 2.82595956378e-05, "dmean": 0.00377024360932, "max": 0.0784637331963, "var": 0.00010184081475, "mean": 0.0127030014992}, "melbands_crest": {"dmean2": 4.5017786026, "median": 12.2983493805, "min": 1.00532126427, "dvar2": 19.3153858185, "dvar": 7.76859998703, "dmean": 2.80114150047, "max": 34.277671814, "var": 26.5545654297, "mean": 13.1238994598}, "spectral_kurtosis": {"dmean2": 2.10182929039, "median": 3.58248877525, "min": -1.47800266743, "dvar2": 28.2924690247, "dvar": 10.60779953, "dmean": 1.30327522755, "max": 129.646896362, "var": 73.5704193115, "mean": 5.38527345657}, "spectral_rms": {"dmean2": 0.000982469879091, "median": 0.00482166558504, "min": 3.12328895385e-12, "dvar2": 1.55423401793e-06, "dvar": 6.8521836738e-07, "dmean": 0.000647410459351, "max": 0.0100933192298, "var": 3.53195332536e-06, "mean": 0.00465842476115}, "zerocrossingrate": {"dmean2": 0.0119991116226, "median": 0.06689453125, "min": 0.0087890625, "dvar2": 0.000198311841814, "dvar": 0.000179803595529, "dmean": 0.00989706907421, "max": 0.69189453125, "var": 0.0052508986555, "mean": 0.0788329467177}, "silence_rate_60dB": {"dmean2": 0.0250701587647, "median": 0, "min": 0, "dvar2": 0.0272465851158, "dvar": 0.0123765831813, "dmean": 0.0125339068472, "max": 1, "var": 0.0852343142033, "mean": 0.0940890386701}, "erbbands_kurtosis": {"dmean2": 1.70359194279, "median": 0.100169062614, "min": -1.88569378853, "dvar2": 44.5222930908, "dvar": 22.5957794189, "dmean": 1.12008392811, "max": 300.091888428, "var": 49.124671936, "mean": 1.45466816425}, "erbbands": {"dmean2": [0.0881281122565, 1.32150924206, 2.8810210228, 3.16759300232, 4.14628505707, 7.40297079086, 12.5157051086, 27.1930007935, 29.3192329407, 22.4444999695, 17.2644863129, 19.5520877838, 34.5860023499, 38.696849823, 22.0613861084, 14.2646160126, 14.4849700928, 17.5298271179, 16.5351276398, 19.501499176, 28.1607780457, 29.8258190155, 17.2715244293, 15.04342556, 13.3371257782, 9.43786621094, 5.32080125809, 3.88855051994, 4.39270544052, 2.9146695137, 2.10168886185, 1.96265470982, 1.62489295006, 1.27166438103, 0.658861219883, 0.247506722808, 0.0655602738261, 0.0166155211627, 0.00303503195755, 0.000190422331798], "median": [0.0153136178851, 0.264409244061, 1.31643939018, 2.91431522369, 3.03736305237, 4.03122425079, 7.47040462494, 16.3640956879, 16.676153183, 10.2179965973, 8.09489154816, 9.49550056458, 13.0850248337, 16.935508728, 12.1423368454, 8.89297866821, 9.38030052185, 10.7587718964, 9.66064071655, 13.2529439926, 17.7720146179, 17.4547042847, 11.4288196564, 10.5845956802, 9.91431903839, 8.6266708374, 4.92501354218, 3.39881396294, 3.5026884079, 3.02485084534, 2.59570360184, 2.48839998245, 2.02474498749, 1.4563754797, 0.655304968357, 0.222822993994, 0.0595729984343, 0.00989764928818, 0.000894255936146, 7.94428924564e-05], "min": [7.29700123862e-23, 6.2808004655e-22, 1.52853495723e-21, 5.18030542392e-21, 6.29808088645e-21, 1.44057962697e-20, 2.80008650661e-20, 7.22001366493e-20, 1.08301051542e-19, 1.48740386575e-19, 2.03438803179e-19, 1.41914453386e-19, 4.83671581013e-19, 7.02849317728e-19, 7.95272999303e-19, 1.05146536237e-18, 1.31271464241e-18, 2.20367139718e-18, 2.82115820894e-18, 2.99734209594e-18, 3.83858167698e-18, 5.0026741938e-18, 4.4900401761e-18, 6.30214308966e-18, 7.65501228434e-18, 6.25676602921e-18, 8.76268322516e-18, 9.4723032747e-18, 1.11507056771e-17, 1.15986438312e-17, 1.06179715841e-17, 9.97645166007e-18, 9.75406663393e-18, 7.82584906907e-18, 6.52508522195e-18, 4.02649436468e-18, 2.12781748745e-18, 9.24931337273e-19, 2.58426810546e-19, 2.72744130802e-20], "dvar2": [0.0497635565698, 10.0935134888, 32.4009399414, 25.9146156311, 52.622379303, 381.638153076, 863.813842773, 3155.44287109, 4500.51611328, 3556.38305664, 3671.3918457, 3607.7746582, 9820.59960938, 8501.51855469, 2869.21655273, 1063.60327148, 1172.93981934, 2617.49194336, 1845.96777344, 2147.39428711, 3799.15356445, 4884.5546875, 1490.98425293, 1694.61682129, 1417.38366699, 370.351104736, 84.5713882446, 39.7235183716, 55.6402320862, 22.9091358185, 10.6455173492, 11.5936985016, 12.9287023544, 7.00095796585, 2.38103294373, 0.510258495808, 0.0270200520754, 0.00198234966956, 7.32813277864e-05, 3.51956515487e-07], "dvar": [0.0181749798357, 3.70982956886, 12.0107984543, 9.39107322693, 18.3212757111, 178.631454468, 432.658905029, 1514.25488281, 2072.10888672, 1568.37231445, 1470.52038574, 1471.46679688, 4442.55761719, 4400.98779297, 1546.7097168, 523.429931641, 584.915588379, 1173.10266113, 815.102966309, 948.192749023, 1656.0838623, 2060.88916016, 633.274780273, 760.705810547, 608.930480957, 167.412887573, 32.7919654846, 14.7302751541, 20.4287185669, 9.55428886414, 4.94789028168, 5.75261259079, 6.44128847122, 3.60303926468, 1.12988197803, 0.248831242323, 0.0124557502568, 0.000764502212405, 2.86954709736e-05, 1.37540610012e-07], "dmean": [0.0507470034063, 0.761328458786, 1.70497632027, 1.88078832626, 2.4190018177, 4.60270595551, 8.24185371399, 18.0193347931, 19.2891693115, 14.8312978745, 11.1161355972, 12.7977256775, 23.797700882, 27.2016029358, 15.6238527298, 9.43691444397, 9.49827861786, 11.2571001053, 10.2664299011, 12.4167585373, 17.8532352448, 18.8457717896, 10.9111175537, 9.73265457153, 8.68136119843, 6.10565567017, 3.2731347084, 2.30899953842, 2.61017203331, 1.82801187038, 1.36719584465, 1.28829598427, 1.09708428383, 0.850576996803, 0.43683180213, 0.165646597743, 0.0439526513219, 0.010684447363, 0.00191847945098, 0.000119348165754], "max": [1.18079042435, 15.9539613724, 34.9624290466, 36.6870117188, 95.5855407715, 396.161132812, 505.502441406, 731.231628418, 1035.86462402, 887.225524902, 1001.1262207, 941.615661621, 1501.97314453, 1596.64477539, 1579.98901367, 842.199279785, 875.550048828, 1334.13867188, 1367.81274414, 983.909118652, 1204.37536621, 1591.62072754, 652.597595215, 834.863037109, 886.07800293, 555.90838623, 105.361122131, 53.2737541199, 95.1058502197, 120.264770508, 73.7254562378, 89.044380188, 103.786857605, 51.812286377, 32.2973976135, 19.8506088257, 3.88438773155, 0.482442557812, 0.0987022221088, 0.00701759662479], "var": [0.0135788926855, 2.78558969498, 13.2134523392, 17.0954380035, 28.0975265503, 321.588470459, 1091.92260742, 4371.55517578, 4771.67382812, 4382.08984375, 4168.16992188, 2468.30517578, 10082.5019531, 18326.6875, 5883.51318359, 1804.24108887, 2368.99072266, 2964.25537109, 1717.5916748, 2366.11083984, 5179.11767578, 4954.03857422, 1398.21496582, 1423.06860352, 1112.57800293, 390.861785889, 80.5035095215, 26.2672405243, 40.7391967773, 26.1065921783, 15.7819910049, 15.9556922913, 13.9770069122, 8.53249931335, 2.48163962364, 0.432154297829, 0.0216407030821, 0.000893189862836, 2.77504659607e-05, 1.22529499436e-07], "mean": [0.0482794940472, 0.739790916443, 2.58487606049, 3.94672822952, 4.37566661835, 7.96469163895, 16.8772678375, 39.2730026245, 40.7351303101, 31.6869297028, 23.4928436279, 24.598192215, 47.2245864868, 64.6522827148, 37.9566802979, 20.6809234619, 20.7714233398, 22.7070102692, 20.7614707947, 25.838973999, 37.9442329407, 37.1768341064, 22.343372345, 19.7166423798, 18.2536563873, 13.7400350571, 7.45797252655, 4.77573060989, 5.38323974609, 4.27796840668, 3.55453562737, 3.38243794441, 2.78927230835, 2.08990883827, 1.01994943619, 0.348116755486, 0.0942106023431, 0.0189937781543, 0.0025721709244, 0.000169731865753]}, "spectral_strongpeak": {"dmean2": 1.09194004536, "median": 0.97465634346, "min": 0, "dvar2": 2.64724230766, "dvar": 1.06558275223, "dmean": 0.649483084679, "max": 17.7714366913, "var": 2.36455559731, "mean": 1.50166463852}, "spectral_energy": {"dmean2": 0.0112564750016, "median": 0.0238296706229, "min": 9.99880657156e-21, "dvar2": 0.000265567010501, "dvar": 0.000110907523776, "dmean": 0.00723534775898, "max": 0.104421965778, "var": 0.000288871349767, "mean": 0.0258637648076}, "average_loudness": 0.84953546524, "spectral_rolloff": {"dmean2": 745.856933594, "median": 1184.32617188, "min": 86.1328125, "dvar2": 1924839.75, "dvar": 874271.5, "dmean": 444.076690674, "max": 20305.8105469, "var": 7759049, "mean": 1894.03137207}, "spectral_centroid": {"dmean2": 291.790802002, "median": 1283.15197754, "min": 240.88293457, "dvar2": 118858.695312, "dvar": 57430.8867188, "dmean": 189.708648682, "max": 11748.3662109, "var": 1579948.75, "mean": 1446.15454102}, "pitch_salience": {"dmean2": 0.0988312065601, "median": 0.531128168106, "min": 0.0413899756968, "dvar2": 0.0097560537979, "dvar": 0.00395320402458, "dmean": 0.061818420887, "max": 0.995872139931, "var": 0.012124533765, "mean": 0.53231883049}, "spectral_energyband_middle_high": {"dmean2": 0.00257726688869, "median": 0.00471185427159, "min": 1.11130968087e-21, "dvar2": 1.63095010066e-05, "dvar": 9.333422895e-06, "dmean": 0.0018563476624, "max": 0.0563158430159, "var": 5.59122345294e-05, "mean": 0.00707688415423}, "spectral_contrast_coeffs": {"dmean2": [0.0743922516704, 0.0729288682342, 0.0602670386434, 0.0496730804443, 0.0361199378967, 0.0264090467244], "median": [-0.633452057838, -0.676022827625, -0.725451469421, -0.763507544994, -0.775861501694, -0.798439025879], "min": [-0.98913526535, -0.995214641094, -0.995121836662, -0.987478733063, -0.988632917404, -0.965245306492], "dvar2": [0.00393501995131, 0.00418422650546, 0.00262200599536, 0.00159288605209, 0.000912422081456, 0.000633790448774], "dvar": [0.0015108884545, 0.00179444043897, 0.00123049912509, 0.000675929535646, 0.000407919986174, 0.000248535652645], "dmean": [0.04526155442, 0.0455949902534, 0.0387999601662, 0.0309856329113, 0.0229381900281, 0.0161376483738], "max": [-0.204377070069, -0.325002104044, -0.42780226469, -0.476351231337, -0.556811511517, -0.666086375713], "var": [0.00652534002438, 0.00900814216584, 0.0079283863306, 0.00390735222027, 0.00272792601027, 0.00141841871664], "mean": [-0.6337454319, -0.672848582268, -0.716036021709, -0.759323477745, -0.773549735546, -0.803941369057]}, "melbands_skewness": {"dmean2": 0.869024634361, "median": 2.10377407074, "min": -1.31970608234, "dvar2": 1.16032254696, "dvar": 0.524745643139, "dmean": 0.574107766151, "max": 16.906419754, "var": 2.33033561707, "mean": 2.35057544708}, "spectral_spread": {"dmean2": 788284.25, "median": 5504968, "min": 626498.875, "dvar2": 1214689837060.0, "dvar": 665750077440, "dmean": 547853.8125, "max": 43083376, "var": 19436799000600.0, "mean": 6028365.5}, "dissonance": {"dmean2": 0.0333362594247, "median": 0.462607592344, "min": 0.149097576737, "dvar2": 0.00114831223618, "dvar": 0.00044265872566, "dmean": 0.0199747923762, "max": 0.500000119209, "var": 0.00163157924544, "mean": 0.451440662146}, "spectral_skewness": {"dmean2": 0.268158614635, "median": 1.57485234737, "min": -0.699645221233, "dvar2": 0.154345974326, "dvar": 0.0641930624843, "dmean": 0.170937329531, "max": 8.79656505585, "var": 0.684232771397, "mean": 1.74312758446}, "spectral_flux": {"dmean2": 0.0379204303026, "median": 0.0702537819743, "min": 6.26407328785e-11, "dvar2": 0.00170511438046, "dvar": 0.000783815456089, "dmean": 0.0244560800493, "max": 0.280230343342, "var": 0.00230620568618, "mean": 0.0773169100285}, "spectral_contrast_valleys": {"dmean2": [0.661125481129, 0.547555029392, 0.488493561745, 0.427034020424, 0.333820670843, 0.314301937819], "median": [-7.23015928268, -6.59478902817, -7.29765558243, -7.57608270645, -7.22144603729, -9.30453205109], "min": [-28.4610805511, -28.2512302399, -27.9013252258, -27.696969986, -27.4906673431, -27.4201126099], "dvar2": [0.313677191734, 0.246530026197, 0.180734306574, 0.146240860224, 0.11035118252, 0.155278354883], "dvar": [0.127279952168, 0.102455459535, 0.0796440765262, 0.0706760361791, 0.0619154237211, 0.0906433910131], "dmean": [0.404184758663, 0.337086945772, 0.304792076349, 0.272082716227, 0.223743483424, 0.22491645813], "max": [-5.45251846313, -4.72027206421, -5.31115674973, -5.77758932114, -5.6222448349, -7.66100740433], "var": [7.79040622711, 7.07770204544, 6.9009180069, 6.99128055573, 7.58830928802, 6.34632635117], "mean": [-8.0190410614, -7.16245126724, -7.87321710587, -8.27058315277, -8.00771713257, -10.0349855423]}, "erbbands_flatness_db": {"dmean2": 0.0220992155373, "median": 0.135280743241, "min": 0.0330205336213, "dvar2": 0.000583345186897, "dvar": 0.000289955263725, "dmean": 0.0150978220627, "max": 0.430080533028, "var": 0.0037637737114, "mean": 0.15011844039}, "spectral_energyband_high": {"dmean2": 0.000414286245359, "median": 0.000747061800212, "min": 6.95199664514e-21, "dvar2": 4.04090855e-07, "dvar": 2.00700739583e-07, "dmean": 0.000281802756945, "max": 0.00989363156259, "var": 8.17361240024e-07, "mean": 0.000935149029829}, "spectral_entropy": {"dmean2": 0.206619367