{"metadata": {"tags": {"discsubtitle": ["Mussorgsky / Ravel"], "genre": ["Classical"], "tracknumber": ["301"], "disctotal": ["30"], "artist": ["Modest Mussorgsky"], "musicbrainz_albumartistid": ["299597ae-3a20-4bf1-973e-03704af69f6b"], "album": ["The Greatest Classical Masterworks"], "script": ["Latn"], "albumartistsort": ["Royal Philharmonic Orchestra"], "acoustid_id": ["52b04bf1-1e99-408d-b787-f8baed6d7b61"], "musicbrainz_artistid": ["c1380b12-3909-47d8-a5fd-d20e76123310"], "musicbrainz_releasegroupid": ["e2f3fe06-07df-4f3d-bc2c-85ced3284376"], "musicbrainz_recordingid": ["0495eafc-30f0-4d56-a2ef-fe5fbbad47eb"], "albumartist": ["Royal Philharmonic Orchestra"], "originaldate": ["0000"], "totaltracks": ["332"], "bpm": ["0"], "musicbrainz_albumid": ["06619375-e297-4bc9-ad74-6bac6efc66cc"], "artistsort": ["Mussorgsky, Modest"], "title": ["Pictures at an Exhibition: The Gnome"], "asin": ["B00447KI1G"], "tracktotal": ["332"], "discnumber": ["29"], "totaldiscs": ["30"], "language": ["eng"], "compilation": ["0"], "date": ["2005"], "acoustid_fingerprint": ["AQADtJrjLAv64QTuE6F8QXyGvMvxy_B-PMd1eHmOOzWOw5_hJ0UymSHiJMdxNM_R0xOuPPhzXErwyXi14jv6HsmlC_nhH7_xyfjwF8-J6h6RPDsiH7yyH307pAkHaV6IdM1RBg_eUkGjI5m-PMh5PEalontQNXvQfD165oF_9EH4H8qiaSM6cbmhSTzEU-hv5Mcb47hz_ME1VLuIT0V8aDmRh8CPOw567WhuCjiOuEuEZMoNO8U__DBvfMSfwsbvodu2BBHFI8GvFPwWF9WFSxtyOdDWFT90JRbCOIxRZhlKHc2FisqORpxy3MfnBFnIsIohbg2Oo08WQ--Pj0YTvUX448yFqE1QQY_R4_iDfkLzpfjRPDd6oA-0XDly4joe_EWLS8eDF0mpI9VRcXvwRPiD28LzCX0OX8hVGmGsEdc54GjOo2SW49OD50fyD2Fm9LdwSQ6ahctRqsejE_3RhMczEcmc5AgzHs-toGe2o_nwHF8a4eLiIFyyEFriI89xYvTxHKTzYH5Q4wyuPLCKr1ORPMgnONJvPINP7GHg5wKP7TpqRUKTjIf24FFCrXh0NPnRL_hx_MKzObgWo_-RLPORw5M6JXjyFT8lVIf142dx1UKtHM-HH81b9EdzItSPpNmW4VJ2XCKF5zgvPENvuKmPWsGJ5B-CpzzqJMvRhB9mXsGJ80iUHDkz4WKVGFcYZUF_sNKB8EFzaTgFdkRTo7sS4zokhPphG-WPr0J_mH-M8viOCAkvfDlOHY8y6zjKhUfTG8eP__iHjpOMplKOh1hzHc-uIL-OZEaTHuePXR-uB2eI3-gJV4x0RLoOXUf-4WvR9EXILYdG6ggDbgpJPNQi_ILJIRakf4jTEEdVHc1ZFbweHE3FHJWWLEjk-AiXB1ucGf6J_vgyHB8THCF_QouTKMh9_Djax2huXLiv4MLZcEHpFU2q4ccnNNPR4_jxIz8Shn5whg6eyOh0vMcvODqS60H642KsDT_xE67w4hIH70XI54GaNkVEh3jUg_HQNMk44iZ-iVGMHxFl0YKeFXnCo4bRz7iwJ6Lxg8uarBirHU-PS3mKnEhY5zjxRMHN4Q8ukcFz5COSkUWzjLhyVO0DHyem6McvnDpa3TgvbBYrINmL_GjOo8-P5xxxjjz69mjyDk9f3HiyD-ilHttn9BHyRIcuRSNy-WCSNgp-vHA_2E9Qn0OPKcNVXNGhpVOIO0oFODfxXPiBhPmHHE97VEp0PMcuNAejK9C2DY0T9Xge7BzWrhrxZ7ixnUie3Mj34Dj6E76MflGDi83xFD-O6-iJpjx-3KqIH6FyI8likoFHHmWOo-aN5iEuHZF6BXqHODkqo4fzHBeaCz_edcGzTujho09U4doY5NCzB3FSHM_xHc2P6kmHSzoeSziuo0p1BcmSJxNyJjiObymaq-h1vMYfXDf-INwLV8cZvEae3DAlHu_xIj_UH-nQnit-PL-w-0NzPuip4ceP-Bu0tEFY5bhy8Bf4oyeeJRgtL6gyCo-mIOcD7Uifo8eJ41aIhw7yC_qR52imJKjVBvtReTqsSviP68KxIYd-5DkmNsKHZ0etRFwCJ5XCIfwhLUmRvw8eDxcfTM_RIxf0I3wO5-gV4dqEZwxO4Q96o-mO-zht4Xjwozb80EgQ5tlw5njxo8yPl6h61McRq3uQLORZnMfzYlSSUmgeDn3xtNjRywhzBTfxLAweZsZP1DZEB6G44T5-PMETNseV40efHLmMhL9Q4kp03IbxZMaFs8GPUKaFl3GGE2Zx6NwQfsFFHZ-uBNfRw3u0o5yG58aFI1m-IPxxqT0eHTvs0MPxH090pE8POTouhcZ15mhiBrXxg9_wBZd1_DearEfX41LwF1ke_DB7fMpR7ugPl0j3QucyhBmzJfiD8csZlDPMiGPQPzh-4nxxhXiK5tLRa4j6HMn1oPZBjYe7D_1B73jaY8qZo3OPmOmH5M5xGz3Ro88On9JRB025CI9Sookl4oyHjxdm0si-ImmPPajVZMeF-xScmOjxHydu-LmC5o9RihlxqcgPFQ9rQXvhhbDzQW_xfEh_PDd6fcCtC1MeJSA3oskFHA_qHc_x5SF4BdF-JMtxXEdzEn3QK8nR1wleHA9OGQ0-9HyIP1Uw58gGhdFu5Ef9w_Ap1Fvw49JxotKTwlrgKFFxHD7q4SHRX0eDH1N-PLmFiwWniYd7EYffI5GO8Nh_1El2WHGO50TX8MaNKz_OZA7OTbi1IImeI1OOaX6GSi_8oCceXMdxKS-aiixKZmFxncQTET-aS4E_TDzojCG-bsE-NLcRvheSH9fx3biO8od_PEfMN0gWm8MTEz_yDHqQo9ThRcZkg78xfcV_9IjFI_kflESj48d5HDXxR9jOFIzUEZGTN0jujTjR7_iDMrxSRM9JaOcQfsbBG3eH58fRH3_AHk_W4sePHv81xJko6EcYfBnxVngSVMeT7AZ7FE8clOQmPMFLIjmP8Dn8oz-e7fiOH_3hilk8HAelZLiUGp8e-Dl29EWuErcAiBEwAhggCGEGGQEYAkUw4hAQyDAiiDRCCCEIM1QYQkBiABmANABCIAYgAM4QAggRACghDACMCSOFAgIxBIBggDGDAAEaBCcQhIgQIKlhQAoBAFFAMSCcAwEAYxBwCEDlECYCWSSUIEw55IgjDixpGJKAEKUENUwoIARAAAohAUKCKKEABkwQQIBABgErAaLKEMQcYJAAwQABhgOhBBHMMCIGqQYhIQwgiiDjCAKAMiWQBYQyARRBRBLDGOCIAUMUMcQigQwhVgEAkDFCCMIEAAgR4gBBBliguAbIAYAZc4AgAAFlAgjjhHNECACIEtQYApiAkpAlgKHAOQWcQowYAAxwjgAEBGFAaKAZc4RZZwhRThkACCIIIcGAUQgB4QQEQBBgHAHHE0EEIcoxRhFjnjBEmGUAAkAIY0AIAgwwBBBABDBAIAYIIERQoASSAiigBBECIIYUQEwAhpAGQhjkAPAIKIEYVgYARAAQGRFhnDIMEcHEAEQwSDAQkgBLCAaESUBEIwIRQ5hiiAJAhCEICaEZIwIQiAxDSBBjEQMEEKYEEUIAC5xwQiHCADGEEmEIQowhypTQRCAlFJAAIeoCJAAphIAQAiEkCAaLKCIEIZQZggQgnBGnhGKQOAAcAmIAQgQEAoEBABEMAMGgI4IACBFwAgGpFAMCEEYQAUYYo7wQRgAyiCSEEI4AAFAIAgQRQlHgmCBAGAGQU0QYRJhCRiAGBHGMGGYQAoIQgYQARiAjDDBIEOQUEwYYRgwAFAIRlGJIgAQIAsgqICRiTAGGFAACCDEWgQRhQJFCkloBiJANOQGI0EYhJYCCiKEg5lIGACWEIQIJZYERQwBkBAGACSAEA8IiQoBQBzOCDAGAACEIAsAoSZwxEAFBCKCGEKgoFcgIJ4hkAgCMmAKUQSCUKoIIQIwATAEABAVAMUmY0UQBBBQ0zAkgICUOKcWIENRARpQTkgOABCKMKAQ"], "media": ["CD"], "file_name": "301 Pictures at an Exhibition: The Gnome.flac", "composer": ["\u041c\u043e\u0434\u0435\u0441\u0442 \u041f\u0435\u0442\u0440\u043e\u0432\u0438\u0447 \u041c\u0443\u0441\u043e\u0440\u0433\u0441\u043a\u0438\u0439"]}, "audio_properties": {"sample_rate": 44100, "downmix": "mix", "lossless": true, "analysis_sample_rate": 44100, "md5_encoded": "2703eb95fd68f9c7dcef712ff4e4e1d3", "equal_loudness": 0, "replay_gain": -0.285415649414, "codec": "flac", "bit_rate": 0, "length": 154.666671753}, "version": {"extractor": "music 1.0", "essentia_build_sha": "70f2e5ece6736b2c40cc944ad0e695b16b925413", "essentia_git_sha": "v2.1_beta2", "essentia": "2.1-beta2"}}, "rhythm": {"beats_loudness_band_ratio": {"dvar2": [0.116035528481, 0.0371512137353, 0.0458542518318, 0.033789422363, 0.0173786971718, 0.00613619526848], "var": [0.0671351179481, 0.031817138195, 0.0335070230067, 0.0239437799901, 0.0167489740998, 0.00385318836197], "min": [0.000790125108324, 0.00875122658908, 0.00365352397785, 0.000710179563612, 4.77827561554e-05, 7.12345035936e-06], "dmean": [0.178344026208, 0.146179020405, 0.165008619428, 0.117883011699, 0.064512707293, 0.0188143886626], "mean": [0.223050132394, 0.244051411748, 0.284714132547, 0.179757043719, 0.0927413031459, 0.0257201325148], "max": [0.941022455692, 0.881196141243, 0.766482591629, 0.819239735603, 0.68669962883, 0.426274687052], "dmean2": [0.301258385181, 0.244469612837, 0.280602663755, 0.198949456215, 0.109836287796, 0.0326114855707], "median": [0.118989720941, 0.210857197642, 0.257755100727, 0.134144902229, 0.0415528267622, 0.00366655294783], "dvar": [0.0466464497149, 0.0125666875392, 0.0191276613623, 0.012380015105, 0.00701134139672, 0.00249025877565]}, "bpm_histogram_first_peak_weight": {"dvar2": 0, "var": 0, "min": 0.210084050894, "dmean": 0, "mean": 0.210084050894, "max": 0.210084050894, "dmean2": 0, "median": 0.210084050894, "dvar": 0}, "bpm": 89.5371932983, "beats_count": 239, "bpm_histogram_first_peak_spread": {"dvar2": 0, "var": 0, "min": 0.411764681339, "dmean": 0, "mean": 0.411764681339, "max": 0.411764681339, "dmean2": 0, "median": 0.411764681339, "dvar": 0}, "danceability": 0.907498955727, "bpm_histogram_first_peak_bpm": {"dvar2": 0, "var": 0, "min": 91, "dmean": 0, "mean": 91, "max": 91, "dmean2": 0, "median": 91, "dvar": 0}, "beats_position": [0.46439909935, 0.940408170223, 1.4164172411, 1.89242625237, 2.36843538284, 2.85605430603, 3.39011335373, 3.92417216301, 4.46984100342, 5.01551008224, 5.56117916107, 6.10684776306, 6.65251684189, 7.19818592072, 7.74385452271, 8.28952407837, 8.83519268036, 9.38086128235, 9.93814086914, 10.4838094711, 11.017868042, 11.5519275665, 12.0859861374, 12.6316547394, 13.177324295, 13.722992897, 14.268661499, 14.8027210236, 15.3483896255, 15.8824491501, 16.602268219, 17.3336963654, 18.0999546051, 18.8662128448, 19.6208610535, 20.3755092621, 21.1301574707, 21.8731975555, 22.6278457642, 23.3824939728, 24.1603622437, 24.9382305145, 25.7277088165, 26.5171871185, 27.3066654205, 28.0845336914, 28.8740139008, 29.6634922028, 30.4529705048, 31.2424488068, 32.0203170776, 32.6936950684, 33.3554649353, 34.0172348022, 34.6673927307, 35.3175506592, 35.9677085876, 36.6178665161, 37.2680282593, 37.9181861877, 38.5683441162, 39.1372337341, 39.7061233521, 40.2750091553, 40.8438987732, 41.4127883911, 41.981678009, 42.550567627, 43.2123336792, 43.8624954224, 44.5126533508, 45.1744194031, 45.83618927, 46.497959137, 47.1481170654, 47.8098869324, 48.4600448608, 49.14503479, 49.8300209045, 50.5150108337, 51.2000007629, 51.8849868774, 52.5931968689, 53.3014030457, 53.9980049133, 54.6946029663, 55.3099327087, 55.9252586365, 56.5405883789, 57.1559181213, 57.7712478638, 58.3865737915, 59.0019035339, 59.6288414001, 60.2557830811, 60.9756011963, 61.6954193115, 62.4152374268, 63.1234474182, 63.831653595, 64.5398635864, 65.2596817017, 65.9911117554, 66.7341461182, 67.3959197998, 68.0576858521, 68.6846237183, 69.3231735229, 69.9501113892, 70.5770492554, 71.2039871216, 71.8309249878, 72.4694747925, 73.0964126587, 73.7233581543, 74.3851242065, 75.0468902588, 75.7086639404, 76.3704299927, 77.0205917358, 77.6823577881, 78.3441238403, 78.9710617065, 79.5979995728, 80.2133331299, 80.8286590576, 81.4439926147, 82.070930481, 82.6978683472, 83.4060745239, 84.1258926392, 84.8457107544, 85.5655288696, 86.2853469849, 87.0051651001, 87.6901550293, 88.3751449585, 89.0485229492, 89.7335128784, 90.4068908691, 91.0222167969, 91.637550354, 92.2180480957, 92.7985458374, 93.3790435791, 93.9595413208, 94.5400466919, 95.1553726196, 95.7823104858, 96.4092483521, 97.1290664673, 97.8488845825, 98.5454864502, 99.2420806885, 99.9270706177, 100.612060547, 101.297050476, 101.982040405, 102.667030334, 103.340408325, 104.013786316, 104.675552368, 105.33732605, 105.999092102, 106.660858154, 107.322631836, 107.984397888, 108.669387817, 109.354377747, 110.039360046, 110.735961914, 111.432563782, 112.12915802, 112.825759888, 113.533966064, 114.242172241, 114.834281921, 115.414779663, 116.006889343, 116.598999023, 117.191108704, 117.783218384, 118.375328064, 119.060317993, 119.745300293, 120.430290222, 121.115280151, 121.800270081, 122.450431824, 123.112197876, 123.773963928, 124.43573761, 125.132331848, 125.828933716, 126.56036377, 127.291786194, 128.069656372, 128.847518921, 129.602172852, 130.356826782, 131.053421021, 131.750015259, 132.435012817, 133.119995117, 133.804992676, 134.489974976, 135.174957275, 135.836730957, 136.498504639, 137.160263062, 137.833648682, 138.495422363, 139.157180786, 139.691238403, 140.225296021, 140.759368896, 141.281814575, 141.804260254, 142.326705933, 142.849151611, 143.371612549, 143.894058228, 144.381668091, 144.869293213, 145.356918335, 146.018676758, 146.680450439, 147.342224121, 148.003982544, 148.654144287, 149.315917969, 149.97769165, 150.616226196, 151.266387939, 151.765625, 152.264846802, 152.764083862, 153.263305664, 153.774139404], "beats_loudness": {"dvar2": 0.0293311346322, "var": 0.00603153603151, "min": 6.91944023856e-07, "dmean": 0.0272817537189, "mean": 0.0216781627387, "max": 0.852074444294, "dmean2": 0.0511219203472, "median": 0.00635594967753, "dvar": 0.0101866796613}, "bpm_histogram_second_peak_weight": {"dvar2": 0, "var": 0, "min": 0.0672268941998, "dmean": 0, "mean": 0.0672268941998, "max": 0.0672268941998, "dmean2": 0, "median": 0.0672268941998, "dvar": 0}, "bpm_histogram_second_peak_spread": {"dvar2": 0, "var": 0, "min": 0.407407402992, "dmean": 0, "mean": 0.407407402992, "max": 0.407407402992, "dmean2": 0, "median": 0.407407402992, "dvar": 0}, "bpm_histogram_second_peak_bpm": {"dvar2": 0, "var": 0, "min": 110, "dmean": 0, "mean": 110, "max": 110, "dmean2": 0, "median": 110, "dvar": 0}, "onset_rate": 1.00853550434}, "lowlevel": {"spectral_energyband_high": {"dvar2": 5.73712725327e-07, "var": 4.10969096265e-06, "min": 7.49648698672e-09, "dmean": 0.000112747686217, "mean": 0.000449974701041, "max": 0.0445224493742, "dmean2": 0.000155251429533, "median": 3.06092806568e-06, "dvar": 3.0883759905e-07}, "spectral_energyband_middle_low": {"dvar2": 0.000113154477731, "var": 0.00026629466447, "min": 1.75353793708e-08, "dmean": 0.00207318970934, "mean": 0.00627774791792, "max": 0.282531291246, "dmean2": 0.00307240220718, "median": 0.00268267467618, "dvar": 4.89907615702e-05}, "spectral_energy": {"dvar2": 0.000695071648806, "var": 0.00132141588256, "min": 1.40558185535e-07, "dmean": 0.00417427532375, "mean": 0.0132428854704, "max": 0.869123160839, "dmean2": 0.00631062733009, "median": 0.00492910575122, "dvar": 0.000307197071379}, "spectral_spread": {"dvar2": 133592498176, "var": 1726444863490.0, "min": 510246.34375, "dmean": 229303.0625, "mean": 2557737, "max": 10940467, "dmean2": 367839.25, "median": 2233014.5, "dvar": 61059166208}, "spectral_energyband_low": {"dvar2": 0.000575271435082, "var": 0.000360299745807, "min": 1.95965199623e-08, "dmean": 0.00189093314111, "mean": 0.00271461205557, "max": 0.683382511139, "dmean2": 0.00300075416453, "median": 0.00015278175124, "dvar": 0.000235274652368}, "spectral_rolloff": {"dvar2": 271453.90625, "var": 994870.9375, "min": 21.533203125, "dmean": 207.468002319, "mean": 1229.30944824, "max": 10249.8046875, "dmean2": 361.412353516, "median": 990.52734375, "dvar": 111879.976562}, "barkbands": {"dvar2": [8.57674606891e-08, 0.000298010010738, 8.59225037857e-05, 4.36503287347e-05, 3.81908575946e-05, 1.85039134522e-05, 1.19216601888e-05, 2.17182082451e-06, 7.42924703445e-06, 2.59749276665e-06, 7.49601031202e-06, 4.6920740715e-06, 4.48371201855e-06, 2.97815768135e-06, 8.52671928442e-06, 1.91076060219e-06, 3.58588749805e-06, 9.3189942163e-07, 4.91391688229e-07, 2.27489124427e-07, 2.01780522957e-07, 8.96635867775e-08, 3.06831822172e-08, 2.04674748261e-08, 1.12613722791e-08, 2.97082336509e-09, 3.41364025935e-09], "var": [5.02653279e-08, 0.00014016975183, 3.76297793991e-05, 2.33321370615e-05, 2.84357029159e-05, 1.56983896886e-05, 1.15851853479e-05, 2.10924736166e-06, 7.65348067944e-06, 2.8032618502e-06, 4.68933785669e-06, 3.2707828268e-06, 4.27184477303e-06, 2.56916791841e-06, 6.78967671774e-06, 1.46665263401e-06, 3.23453468809e-06, 7.95854646185e-07, 7.2192767675e-07, 2.91142640663e-07, 3.17607344869e-07, 1.70202454797e-07, 1.16299936792e-07, 7.25192137452e-08, 4.78259103431e-08, 2.16219930849e-08, 7.31625071637e-09], "min": [8.67921123859e-10, 3.85926135493e-09, 8.55868986793e-10, 1.06597974892e-09, 5.06742514617e-09, 1.01560992949e-09, 5.20848530972e-10, 2.69103683781e-10, 4.37230363026e-10, 1.90313112491e-10, 2.8423857712e-10, 1.38103542491e-10, 1.74379788387e-10, 8.29387114543e-11, 1.05114590643e-10, 1.02284028469e-10, 9.200481349e-11, 7.41733202636e-11, 1.05732318734e-10, 8.19377760086e-11, 1.21331028557e-10, 1.3643321195e-10, 1.72257513809e-10, 2.29913435512e-10, 4.99979335711e-10, 7.99743937741e-10, 4.01902733316e-09], "dmean": [3.08664348267e-05, 0.00137498928234, 0.00059274333762, 0.000480254879221, 0.000747601501644, 0.000749050755985, 0.000693737762049, 0.000296851183521, 0.000381144462153, 0.000306683650706, 0.000361495331163, 0.000317165482556, 0.000349678884959, 0.000232456994127, 0.000322682200931, 0.000193250642042, 0.000264679722022, 0.000101156911114, 0.00010171897884, 6.87321517034e-05, 5.51589619135e-05, 3.58921861334e-05, 2.26974389079e-05, 1.58585116878e-05, 1.06433290057e-05, 6.25724260317e-06, 3.59673003913e-06], "mean": [4.13244924857e-05, 0.0015547882067, 0.00078630092321, 0.000665562052745, 0.00133269641083, 0.00143883319106, 0.00129085418303, 0.000596953497734, 0.000795081723481, 0.000555599748623, 0.000566853501368, 0.000474481232231, 0.000584007124417, 0.00036779200309, 0.000487590936245, 0.000317599537084, 0.000454353837995, 0.000193444866454, 0.000201000628294, 0.000137988114147, 0.000123271893244, 8.93380129128e-05, 6.65586921968e-05, 5.21480214957e-05, 3.79038356186e-05, 2.2604894184e-05, 7.97572283773e-06], "max": [0.00361046963371, 0.314023971558, 0.319296330214, 0.166835457087, 0.137536868453, 0.0951574072242, 0.0736842304468, 0.0304842479527, 0.10086119175, 0.0223367847502, 0.060323048383, 0.0646434798837, 0.0575165897608, 0.0752500891685, 0.0864272043109, 0.0238407738507, 0.0275897793472, 0.03470813483, 0.0179320182651, 0.0128960357979, 0.0157604925334, 0.00605289870873, 0.00682133901864, 0.00515045877546, 0.00422507151961, 0.00331609719433, 0.00246405508369], "dmean2": [5.79854531679e-05, 0.00229289429262, 0.000991425127722, 0.000789703102782, 0.00117681373376, 0.00121993862558, 0.00107776804361, 0.000458203518065, 0.000560722313821, 0.00045850808965, 0.000566971779335, 0.00052660057554, 0.000563261215575, 0.000379134435207, 0.000528237025719, 0.00030400059768, 0.000440443895059, 0.000165844452567, 0.000161992953508, 0.000110945402412, 8.82860185811e-05, 5.90070776525e-05, 3.3919706766e-05, 2.35262650676e-05, 1.39953363032e-05, 7.48612137613e-06, 4.40125313617e-06], "median": [1.2240035403e-06, 2.05163378268e-05, 4.73694963148e-05, 3.81589270546e-05, 0.000199176982278, 0.000366908323485, 0.00040238109068, 0.000138034491101, 0.00016909520491, 6.37567281956e-05, 5.3423060308e-05, 6.34427342447e-05, 5.12090264237e-05, 3.93278824049e-05, 3.49546135112e-05, 1.76050543814e-05, 1.55811285367e-05, 8.22979200166e-06, 5.20306412e-06, 2.59917669609e-06, 9.88266378954e-07, 4.47341591325e-07, 1.47285192043e-07, 9.46171923033e-08, 1.06617484619e-07, 3.97745409941e-08, 1.37864812899e-08], "dvar": [2.47925644459e-08, 0.000116013601655, 3.29950125888e-05, 1.53732362378e-05, 1.54357094289e-05, 6.73580825605e-06, 5.07706681674e-06, 8.52326820677e-07, 2.66858387477e-06, 1.1789788914e-06, 2.81462371277e-06, 1.74086881088e-06, 1.69337135958e-06, 1.34742504088e-06, 3.86004057873e-06, 7.72886721734e-07, 1.29673310312e-06, 3.35221528758e-07, 1.96795070906e-07, 8.52353281289e-08, 8.32328623801e-08, 3.25373719079e-08, 1.39462432713e-08, 8.68249472319e-09, 5.75504666145e-09, 2.43871123295e-09, 2.32246222254e-09]}, "melbands_skewness": {"dvar2": 0.68256342411, "var": 1.56117069721, "min": -2.08230042458, "dmean": 0.484762758017, "mean": 1.43213093281, "max": 20.3302173615, "dmean2": 0.776132285595, "median": 1.23930001259, "dvar": 0.269959390163}, "barkbands_skewness": {"dvar2": 1.11092412472, "var": 1.60844552517, "min": -3.04060173035, "dmean": 0.478063642979, "mean": 1.03808188438, "max": 20.7579402924, "dmean2": 0.774933695793, "median": 0.879562497139, "dvar": 0.388837456703}, "erbbands": {"dvar2": [0.0446711853147, 23.5301876068, 152.848129272, 237.552841187, 211.228805542, 836.391296387, 957.05267334, 1527.9119873, 1203.91040039, 2458.19555664, 1155.45336914, 2772.42797852, 3517.53686523, 10973.6777344, 2466.90991211, 8291.45117188, 11059.6503906, 9568.49414062, 4249.77636719, 17270.0878906, 7694.49121094, 8831.90722656, 3311.23608398, 2015.96459961, 662.651733398, 262.902801514, 335.276702881, 384.739562988, 122.470924377, 33.6802825928, 25.8068943024, 20.4472332001, 5.03874349594, 1.78709602356, 0.784687101841, 0.0921722128987, 0.0133382929489, 0.00201719161123, 9.82903657132e-05, 2.94225998232e-07], "var": [0.0278505627066, 10.3721895218, 61.600692749, 134.61416626, 162.639434814, 550.903015137, 664.642822266, 1190.63330078, 1384.93847656, 2262.28320312, 1784.58776855, 2719.7565918, 3170.57397461, 7126.74609375, 2919.48266602, 5876.87841797, 10843.4462891, 8133.89794922, 3904.54663086, 13584.484375, 6259.81640625, 6821.56640625, 2763.52954102, 3021.19848633, 1187.77209473, 390.855102539, 559.722595215, 440.270935059, 221.75932312, 125.045669556, 90.3343582153, 43.7149429321, 17.4467754364, 7.31754207611, 2.11840724945, 0.414341062307, 0.0740588381886, 0.00819382816553, 0.000211614256841, 5.19260822784e-07], "min": [1.36205670742e-07, 5.76474803893e-07, 1.81854818493e-06, 3.35318554789e-06, 5.76911861572e-06, 1.14633276098e-05, 1.25100332298e-05, 9.75120292424e-06, 5.86500391364e-06, 8.56902079249e-06, 1.37007427838e-05, 1.42261715155e-05, 1.58638140419e-05, 9.55437826633e-06, 1.04249238575e-05, 8.97827703739e-06, 1.18439375001e-05, 5.50778804609e-06, 7.09382493369e-06, 4.99645420859e-06, 6.00545126872e-06, 6.73376644045e-06, 4.31420176028e-06, 5.19511240782e-06, 4.44892157248e-06, 4.47398224424e-06, 4.80654443891e-06, 5.0363723858e-06, 5.05690923092e-06, 3.72086788047e-06, 4.76269133287e-06, 4.21462345912e-06, 4.34841695096e-06, 3.99072041546e-06, 3.46606202584e-06, 3.05649041366e-06, 1.48914887177e-06, 1.23968266053e-06, 4.17497204808e-07, 7.44590806789e-08], "dmean": [0.0207132920623, 0.37178722024, 0.791042327881, 1.10907614231, 1.75935411453, 3.14249396324, 4.12852191925, 6.77875423431, 8.28765106201, 9.61644649506, 6.98180818558, 8.08763217926, 9.1005525589, 13.2098417282, 9.79653549194, 13.4243440628, 16.6851196289, 11.9324083328, 11.2905979156, 15.7035627365, 12.0669555664, 13.2882785797, 6.21164989471, 6.11964225769, 4.00072908401, 2.48420906067, 2.57076239586, 1.89971494675, 1.33122551441, 0.803930401802, 0.639353394508, 0.432575851679, 0.264664977789, 0.14724136889, 0.0722707808018, 0.0315677672625, 0.0119391717017, 0.00388823333196, 0.000605779816397, 3.40714286722e-05], "mean": [0.0262389071286, 0.407503455877, 1.00326871872, 1.64525878429, 2.92661976814, 5.22235488892, 7.32473039627, 12.6974487305, 16.7181301117, 17.4708614349, 15.9660301208, 17.0417709351, 16.5194587708, 22.6275520325, 17.4083309174, 21.2918701172, 28.8125801086, 19.8746433258, 19.6834392548, 24.1837177277, 21.0320091248, 23.1200332642, 12.4076852798, 12.403626442, 8.86891460419, 5.5091919899, 5.59262466431, 4.17149353027, 3.19005799294, 2.35985016823, 1.81526505947, 1.2579627037, 0.790048956871, 0.480969011784, 0.242188870907, 0.105287641287, 0.0405047722161, 0.0106960572302, 0.00139896338806, 7.6810727478e-05], "max": [3.67005586624, 94.1567001343, 384.637939453, 349.849151611, 323.597473145, 685.674682617, 702.434387207, 656.09765625, 714.120910645, 1015.43151855, 1194.78039551, 1586.43737793, 1871.00085449, 2476.60180664, 790.142150879, 2457.76293945, 3030.66308594, 4529.53808594, 1445.78894043, 3628.16430664, 1620.70776367, 1001.12634277, 1903.80700684, 1032.87854004, 721.488342285, 507.586029053, 593.612854004, 658.025878906, 265.277770996, 180.421356201, 197.896942139, 110.1616745, 93.2189483643, 55.6787834167, 35.8989753723, 14.7465658188, 6.05518579483, 2.30175280571, 0.449614882469, 0.0238049775362], "dmean2": [0.0348557196558, 0.619823694229, 1.34139156342, 1.85289978981, 2.73539352417, 4.92643451691, 6.81860160828, 11.0154075623, 13.1876630783, 14.8791255951, 10.175617218, 11.858335495, 13.7768335342, 20.6475925446, 14.9852027893, 22.1341991425, 27.0412368774, 19.4009952545, 18.5784759521, 25.3723144531, 19.1589202881, 22.2211341858, 10.3690671921, 9.69396018982, 6.51790189743, 4.02715730667, 4.07552719116, 3.06553006172, 2.22756743431, 1.23945271969, 0.965283870697, 0.68277913332, 0.400381922722, 0.20413736999, 0.0984524413943, 0.0431562997401, 0.0150946583599, 0.00472741154954, 0.000751093728468, 4.41853990196e-05], "median": [0.000301821972243, 0.00719445291907, 0.0559199303389, 0.139918237925, 0.287266671658, 0.699287891388, 1.64527535439, 3.20496273041, 5.85399627686, 5.01731491089, 4.17445516586, 4.1991353035, 3.18417263031, 3.16059398651, 2.5916185379, 3.48237729073, 3.50518655777, 3.6065788269, 2.79542899132, 2.00194263458, 1.438331604, 0.963918447495, 0.584768295288, 0.370113134384, 0.209038302302, 0.108603551984, 0.0531278327107, 0.0325354859233, 0.0173884630203, 0.00950926635414, 0.00406971294433, 0.00233355211094, 0.00140933168586, 0.00101749738678, 0.000855142483488, 0.000254933052929, 6.34630268905e-05, 1.34767797135e-05, 4.83943949803e-06, 6.0127672441e-06], "dvar": [0.018101464957, 9.0964050293, 57.4367523193, 85.8669891357, 85.8166275024, 338.194122314, 357.098693848, 552.205322266, 488.908111572, 1044.89807129, 491.961029053, 997.752563477, 1447.97509766, 4155.99902344, 1081.7845459, 3044.18676758, 4183.48828125, 4398.45166016, 1726.58215332, 7751.52246094, 3174.18139648, 3079.13867188, 1160.84765625, 832.127380371, 244.704025269, 97.9986495972, 135.979721069, 151.59437561, 44.8436431885, 14.5807132721, 11.7666883469, 7.71923971176, 2.18505191803, 0.860336840153, 0.371737718582, 0.0527910776436, 0.00931967236102, 0.00172819907311, 6.5542437369e-05, 1.84753218946e-07]}, "silence_rate_30dB": {"dvar2": 0.0148713281378, "var": 0.0158045124263, "min": 0, "dmean": 0.00600510416552, "mean": 0.983938753605, "max": 1, "dmean2": 0.0120120123029, "median": 1, "dvar": 0.005969138816}, "melbands_spread": {"dvar2": 48.5563316345, "var": 197.456176758, "min": 0.906998634338, "dmean": 3.86268830299, "mean": 18.0285167694, "max": 121.410736084, "dmean2": 6.06776046753, "median": 14.0048599243, "dvar": 19.395406723}, "melbands_crest": {"dvar2": 18.4216842651, "var": 27.5613937378, "min": 3.02968120575, "dmean": 2.89882159233, "mean": 12.4541683197, "max": 38.803768158, "dmean2": 4.68000650406, "median": 11.1803827286, "dvar": 7.16552257538}, "zerocrossingrate": {"dvar2": 5.05411007907e-05, "var": 0.000974080467131, "min": 0.00048828125, "dmean": 0.00476076034829, "mean": 0.0457208491862, "max": 0.28125, "dmean2": 0.00594522757456, "median": 0.0390625, "dvar": 3.47014756699e-05}, "barkbands_kurtosis": {"dvar2": 380.938262939, "var": 170.676605225, "min": -1.8581815958, "dmean": 2.85079789162, "mean": 3.86642622948, "max": 456.759094238, "dmean2": 4.79863262177, "median": 1.05588030815, "dvar": 124.480270386}, "spectral_flux": {"dvar2": 0.000731716689188, "var": 0.00215120078065, "min": 0.000193229207071, "dmean": 0.00964332465082, "mean": 0.0413618311286, "max": 0.627476751804, "dmean2": 0.0161457583308, "median": 0.0305043179542, "dvar": 0.000279083556961}, "barkbands_crest": {"dvar2": 14.9943695068, "var": 18.0529632568, "min": 2.3190715313, "dmean": 2.58938789368, "mean": 10.1353797913, "max": 26.5432014465, "dmean2": 4.27456188202, "median": 9.19889068604, "dvar": 5.5355257988}, "barkbands_flatness_db": {"dvar2": 0.000796781096142, "var": 0.00454529328272, "min": 0.0171586256474, "dmean": 0.0181531514972, "mean": 0.198665052652, "max": 0.47691822052, "dmean2": 0.028475785628, "median": 0.195884525776, "dvar": 0.000317610392813}, "spectral_entropy": {"dvar2": 0.0302326530218, "var": 0.33966177702, "min": 4.88223981857, "dmean": 0.122366949916, "mean": 6.74519681931, "max": 8.48905849457, "dmean2": 0.188724353909, "median": 6.77572917938, "dvar": 0.0134846884757}, "pitch_salience": {"dvar2": 0.01100840047, "var": 0.0138439070433, "min": 0.0488977022469, "dmean": 0.0702633410692, "mean": 0.563584446907, "max": 0.859271347523, "dmean2": 0.115729436278, "median": 0.56666302681, "dvar": 0.00396585417911}, "erbbands_spread": {"dvar2": 40.2237701416, "var": 113.309951782, "min": 1.00551605225, "dmean": 3.91771316528, "mean": 19.918800354, "max": 100.858612061, "dmean2": 6.25769233704, "median": 18.1151008606, "dvar": 15.7298688889}, "dynamic_complexity": 8.80384063721, "spectral_contrast_valleys": {"dvar2": [0.289826512337, 0.154436379671, 0.100838318467, 0.070142686367, 0.0469508729875, 0.0433123447001], "var": [2.06515860558, 1.68636202812, 1.78726041317, 2.11780953407, 2.83986878395, 2.54205393791], "min": [-13.2348480225, -13.1410484314, -13.6612262726, -14.1516809464, -13.9731006622, -15.6431894302], "dmean": [0.394097447395, 0.292228490114, 0.243385270238, 0.201206564903, 0.154186517, 0.143497824669], "mean": [-9.11906242371, -7.33746767044, -8.41452407837, -9.11304283142, -9.719871521, -12.710808754], "max": [-4.04120349884, -3.98302936554, -4.38010120392, -5.28828287125, -4.93545341492, -7.30172348022], "dmean2": [0.661108613014, 0.483653843403, 0.393163979053, 0.324837177992, 0.235647276044, 0.196556717157], "median": [-9.12764453888, -7.06941175461, -8.23831367493, -8.98497009277, -9.9248752594, -12.8216056824], "dvar": [0.109388202429, 0.0609766095877, 0.0431174486876, 0.0321577526629, 0.0270281080157, 0.0266591794789]}, "hfc": {"dvar2": 153.151916504, "var": 1215.34716797, "min": 0.000228545075515, "dmean": 3.10445308685, "mean": 12.8927297592, "max": 707.57208252, "dmean2": 4.59836864471, "median": 2.97009325027, "dvar": 81.8511428833}, "spectral_kurtosis": {"dvar2": 238.638412476, "var": 474.742797852, "min": 0.593152284622, "dmean": 6.49054956436, "mean": 20.9577217102, "max": 225.576187134, "dmean2": 11.247171402, "median": 14.4881324768, "dvar": 78.771270752}, "mfcc": {"mean": [-790.534606934, 163.54876709, -15.8852529526, 0.940266191959, -5.10936975479, -7.53523111343, -11.3234586716, -7.65940380096, -6.80655145645, -3.07541584969, -0.863033235073, -0.857694387436, -1.3604850769], "cov": [[19137.3847656, -1547.3503418, -3095.66650391, 462.560882568, -1047.97155762, -493.578643799, -593.507568359, -245.984909058, -494.553070068, -364.875701904, -461.879669189, -260.29019165, -187.469818115], [-1547.3503418, 3197.69970703, 107.636581421, -261.330932617, 349.840332031, 116.501586914, 125.494239807, 34.0236816406, 91.5495147705, 49.3686943054, 145.832351685, 74.841255188, 42.9593811035], [-3095.66650391, 107.636581421, 1432.66430664, 167.433151245, 351.739044189, 207.023117065, 177.422775269, 163.197418213, 152.835113525, 111.757781982, 79.3583068848, 76.4001159668, 37.0328140259], [462.560882568, -261.330932617, 167.433151245, 380.700561523, 54.837020874, 28.2446460724, 41.245552063, 62.29945755, 26.3020610809, 25.7414665222, -5.67293119431, 9.54623508453, 8.80576896667], [-1047.97155762, 349.840332031, 351.739044189, 54.837020874, 311.395935059, 155.403320312, 100.713287354, 78.9814529419, 75.4503250122, 63.4110870361, 64.25831604, 44.7464942932, 24.3081588745], [-493.578643799, 116.501586914, 207.023117065, 28.2446460724, 155.403320312, 196.385192871, 104.5391922, 47.9201126099, 49.0747947693, 46.0050697327, 46.9687423706, 31.8645019531, 11.0770492554], [-593.507568359, 125.494239807, 177.422775269, 41.245552063, 100.713287354, 104.5391922, 148.70602417, 79.1634063721, 40.9333572388, 38.5057106018, 41.8681182861, 26.7137813568, 17.0695705414], [-245.984909058, 34.0236816406, 163.197418213, 62.29945755, 78.9814529419, 47.9201126099, 79.1634063721, 124.49369812, 62.9159049988, 23.3117580414, 19.3456993103, 16.4037399292, 12.808093071], [-494.553070068, 91.5495147705, 152.835113525, 26.3020610809, 75.4503250122, 49.0747947693, 40.9333572388, 62.9159049988, 106.008705139, 50.9532546997, 16.5521373749, 16.9706821442, 20.9803009033], [-364.875701904, 49.3686943054, 111.757781982, 25.7414665222, 63.4110870361, 46.0050697327, 38.5057106018, 23.3117580414, 50.9532546997, 93.6779785156, 41.5104064941, 3.64773035049, 20.3596439362], [-461.879669189, 145.832351685, 79.3583068848, -5.67293119431, 64.25831604, 46.9687423706, 41.8681182861, 19.3456993103, 16.5521373749, 41.5104064941, 101.800743103, 48.2878074646, -3.78312063217], [-260.29019165, 74.841255188, 76.4001159668, 9.54623508453, 44.7464942932, 31.8645019531, 26.7137813568, 16.4037399292, 16.9706821442, 3.64773035049, 48.2878074646, 99.5319213867, 28.9715652466], [-187.469818115, 42.9593811035, 37.0328140259, 8.80576896667, 24.3081588745, 11.0770492554, 17.0695705414, 12.808093071, 20.9803009033, 20.3596439362, -3.78312063217, 28.9715652466, 92.3367614746]], "icov": [[0.000125960024889, -2.14299598156e-05, 0.000249013566645, -0.000259756518062, 0.000215729713091, -0.000346899410943, 0.000493458181154, -0.000518363900483, 0.000490661535878, -0.000268267089268, 0.000442076037871, -0.000195261920453, 0.000183153853868], [-2.14299598156e-05, 0.000440716568846, 4.85295786348e-05, 0.000349740032107, -0.000723633449525, 0.000462237454485, -0.000529365497641, 0.000494447012898, -0.000561916793231, 0.000494323438033, -0.00059568596771, 0.000206841024919, -0.000207667413633], [0.000249013566645, 4.85295786348e-05, 0.00158937193919, -0.000654701027088, -0.000539764703717, -0.000641146150883, 0.000584307184909, -0.00124147254974, 0.000421192875365, -0.000816996267531, 0.0010676268721, -0.000769888982177, 0.000560930697247], [-0.000259756518062, 0.000349740032107, -0.000654701027088, 0.00380713725463, -0.00104970380198, 0.00105419137981, -0.00120993237942, -0.000376497366233, -0.000238964174059, -0.000619911588728, 0.00022416592401, -0.000309283204842, -6.76113122609e-05], [0.000215729713091, -0.000723633449525, -0.000539764703717, -0.00104970380198, 0.00833926722407, -0.00509326672181, 0.00220916513354, -0.00289994641207, 0.000831915414892, -0.00149612140376, -0.000157196453074, -0.00056650332408, -0.000187076380826], [-0.000346899410943, 0.000462237454485, -0.000641146150883, 0.00105419137981, -0.00509326672181, 0.0127792861313, -0.00829035136849, 0.00496537191793, -0.00361201097257, 0.000790352991316, -0.00159053632524, -4.04015263484e-05, 0.00048279677867], [0.000493458181154, -0.000529365497641, 0.000584307184909, -0.00120993237942, 0.00220916513354, -0.00829035136849, 0.0185332391411, -0.0112403137609, 0.00597742199898, -0.00369599857368, 0.00043007361819, -0.00104502064642, -0.000522500253282], [-0.000518363900483, 0.000494447012898, -0.00124147254974, -0.000376497366233, -0.00289994641207, 0.00496537191793, -0.0112403137609, 0.0210389662534, -0.0121562471613, 0.00674944743514, -0.00401384150609, 0.00262870336883, -0.00113666860852], [0.000490661535878, -0.000561916793231, 0.000421192875365, -0.000238964174059, 0.000831915414892, -0.00361201097257, 0.00597742199898, -0.0121562471613, 0.0228877663612, -0.0121506685391, 0.00718357320875, -0.00469072535634, 0.00115175766405], [-0.000268267089268, 0.000494323438033, -0.000816996267531, -0.000619911588728, -0.00149612140376, 0.000790352991316, -0.00369599857368, 0.00674944743514, -0.0121506685391, 0.0244714375585, -0.0131914271042, 0.00936643779278, -0.00645602867007], [0.000442076037871, -0.00059568596771, 0.0010676268721, 0.00022416592401, -0.000157196453074, -0.00159053632524, 0.00043007361819, -0.00401384150609, 0.00718357320875, -0.0131914271042, 0.0237521920353, -0.0125987688079, 0.00763710774481], [-0.000195261920453, 0.000206841024919, -0.000769888982177, -0.000309283204842, -0.00056650332408, -4.04015263484e-05, -0.00104502064642, 0.00262870336883, -0.00469072535634, 0.00936643779278, -0.0125987688079, 0.0189026929438, -0.00761838583276], [0.000183153853868, -0.000207667413633, 0.000560930697247, -6.76113122609e-05, -0.000187076380826, 0.00048279677867, -0.000522500253282, -0.00113666860852, 0.00115175766405, -0.00645602867007, 0.00763710774481, -0.00761838583276, 0.0151905203238]]}, "silence_rate_20dB": {"dvar2": 0.00419129198417, "var": 0.00314220972359, "min": 0, "dmean": 0.00180153129622, "mean": 0.996847808361, "max": 1, "dmean2": 0.00360360369086, "median": 1, "dvar": 0.00179823837243}, "melbands_kurtosis": {"dvar2": 228.444076538, "var": 253.015701294, "min": -1.72858810425, "dmean": 3.20383930206, "mean": 5.53487110138, "max": 528.211486816, "dmean2": 5.30895805359, "median": 2.33246326447, "dvar": 99.6626358032}, "barkbands_spread": {"dvar2": 21.496055603, "var": 61.8530845642, "min": 0.703699409962, "dmean": 2.53569889069, "mean": 11.9737958908, "max": 63.2785758972, "dmean2": 4.04117059708, "median": 9.96137046814, "dvar": 8.68557548523}, "erbbands_skewness": {"dvar2": 0.247046247125, "var": 0.716063797474, "min": -2.85450029373, "dmean": 0.363120228052, "mean": 0.38640755415, "max": 5.39597845078, "dmean2": 0.57219004631, "median": 0.339090794325, "dvar": 0.101407907903}, "average_loudness": 0.00916230864823, "spectral_centroid": {"dvar2": 42180.9570312, "var": 374960.34375, "min": 159.175613403, "dmean": 115.852142334, "mean": 977.461364746, "max": 3692.69140625, "dmean2": 180.603363037, "median": 825.128417969, "dvar": 17483.546875}, "dissonance": {"dvar2": 0.00197514845058, "var": 0.00202525313944, "min": 0.183979853988, "dmean": 0.0276614241302, "mean": 0.436008512974, "max": 0.500000119209, "dmean2": 0.0469814389944, "median": 0.446428537369, "dvar": 0.000696731964126}, "erbbands_flatness_db": {"dvar2": 0.000422872661147, "var": 0.0036747539416, "min": 0.0229794029146, "dmean": 0.0152384554967, "mean": 0.239669010043, "max": 0.430821329355, "dmean2": 0.0233376473188, "median": 0.237287789583, "dvar": 0.000191418614122}, "spectral_strongpeak": {"dvar2": 3.25784897804, "var": 3.11484122276, "min": 0, "dmean": 0.575747668743, "mean": 1.14250004292, "max": 22.3307914734, "dmean2": 0.952180981636, "median": 0.563347458839, "dvar": 1.28556954861}, "spectral_rms": {"dvar2": 9.82240635494e-07, "var": 5.90864146943e-06, "min": 1.17102490549e-05, "dmean": 0.000391740206396, "mean": 0.00264787347987, "max": 0.0291191525757, "dmean2": 0.000583032029681, "median": 0.00219291681424, "dvar": 4.42292503067e-07}, "silence_rate_60dB": {"dvar2": 0.0833979174495, "var": 0.238408356905, "min": 0, "dmean": 0.0390331782401, "mean": 0.392374664545, "max": 1, "dmean2": 0.0780780762434, "median": 0, "dvar": 0.0375108942389}, "melbands": {"dvar2": [1.07999512693e-05, 4.39543618995e-05, 6.43084149488e-06, 2.05050218938e-06, 1.04120704236e-06, 7.12989447038e-07, 3.42880952076e-07, 2.16850608581e-07, 9.37129982503e-08, 1.33822055659e-07, 9.18669869066e-08, 1.61635597351e-07, 6.22215665658e-08, 2.9445981653e-08, 1.17654529674e-07, 5.00599739439e-08, 3.2146811435e-08, 8.37098834694e-09, 1.0025541286e-07, 8.00246802157e-09, 1.4579143226e-08, 1.33195134921e-08, 6.68978250573e-09, 2.13816142569e-09, 1.6473915565e-09, 6.4018601531e-10, 6.61330823437e-10, 1.20451260077e-10, 2.11538161987e-10, 1.84453702312e-10, 1.29464772236e-10, 5.60245703995e-11, 4.66446221925e-11, 1.25721863475e-11, 1.26030956504e-11, 9.26098780996e-12, 1.35788845446e-11, 3.44491449256e-12, 1.81603441052e-12, 1.7552077413e-12], "var": [5.93741469856e-06, 1.89362945093e-05, 4.16867760578e-06, 1.42348835652e-06, 8.37728805436e-07, 5.78678509555e-07, 3.97899071913e-07, 2.02199785804e-07, 1.53084698695e-07, 1.18124638959e-07, 8.07680891057e-08, 1.10868370484e-07, 5.48166099179e-08, 2.72978084581e-08, 7.24036226529e-08, 3.91982020176e-08, 2.65389239473e-08, 7.63956453653e-09, 7.77378517114e-08, 6.02838623465e-09, 1.2188340115e-08, 1.06636806052e-08, 4.59299620559e-09, 1.95437577233e-09, 2.21177365312e-09, 9.07234232184e-10, 6.64205412892e-10, 1.23926091611e-10, 2.82442791377e-10, 1.69107755577e-10, 1.44012066161e-10, 7.77916342454e-11, 5.89412477159e-11, 3.71963813917e-11, 3.25883278696e-11, 2.23841101904e-11, 1.57368250375e-11, 8.93957911169e-12, 6.32290357225e-12, 5.03620539369e-12], "min": [1.67790048522e-09, 1.21168364231e-09, 5.93791349424e-10, 6.57600196519e-10, 5.98487037706e-10, 2.18927126427e-10, 8.30305962873e-11, 6.08140551805e-11, 1.07289052642e-10, 6.00417007779e-11, 6.62688168229e-11, 2.95845362097e-11, 3.43343201092e-11, 1.67044988952e-11, 1.92916117109e-11, 1.71841377933e-11, 6.84605844237e-12, 9.05004803736e-12, 5.74392746908e-12, 4.04280341842e-12, 6.6222578636e-12, 6.16952973084e-12, 3.83154228831e-12, 2.78437169154e-12, 3.80903728697e-12, 3.18180941664e-12, 2.59491018083e-12, 2.64289957107e-12, 2.39137225647e-12, 2.30648117792e-12, 2.34977553908e-12, 2.7077151285e-12, 2.6022736483e-12, 1.79641588063e-12, 2.52181717349e-12, 2.47459886783e-12, 2.36207017487e-12, 2.41512148821e-12, 3.2993308606e-12, 3.16518274264e-12], "dmean": [0.000286673632218, 0.000461395218736, 0.000197775560082, 0.000164823257364, 0.0001388326491, 0.000149639890878, 0.000134131259983, 9.41816033446e-05, 6.0356062022e-05, 5.16707295901e-05, 4.65932753286e-05, 5.26972435182e-05, 4.02534460591e-05, 2.66565584752e-05, 4.66636956844e-05, 3.4324661101e-05, 2.09877562156e-05, 1.54527970153e-05, 2.96773196169e-05, 1.39191452035e-05, 1.51144868141e-05, 1.53895434778e-05, 9.36095511861e-06, 4.9596583267e-06, 5.39613029105e-06, 3.46185265698e-06, 3.34047922479e-06, 1.54664564889e-06, 2.00266754291e-06, 1.28817248424e-06, 1.2060828567e-06, 8.61702062593e-07, 7.09015694156e-07, 4.97588644066e-07, 4.45532805315e-07, 3.3891063822e-07, 2.99920657199e-07, 2.25564079415e-07, 1.56628971126e-07, 1.32075172132e-07], "mean": [0.000345370848663, 0.000557617982849, 0.000322482635966, 0.000288833747618, 0.000253295176663, 0.000285076414002, 0.000268199277343, 0.000174900706043, 0.00013665969891, 0.000104452141386, 8.15816238173e-05, 9.042990132e-05, 6.69312357786e-05, 4.35043184552e-05, 7.2493989137e-05, 5.62700188311e-05, 3.31018491124e-05, 2.70905438811e-05, 4.25779908255e-05, 2.24174946197e-05, 2.52619793173e-05, 2.58071613644e-05, 1.52472584887e-05, 9.50698085944e-06, 1.01131126939e-05, 6.97523501003e-06, 5.96650943407e-06, 2.94683377433e-06, 3.91264939026e-06, 2.56394923781e-06, 2.33674313677e-06, 1.86075226338e-06, 1.51547317273e-06, 1.25264114104e-06, 1.09470499865e-06, 8.66837297053e-07, 7.23216771803e-07, 5.67249514