{"tonal": {"thpcp": [1, 0.712814688683, 0.613383054733, 0.767789840698, 0.491635650396, 0.521502196789, 0.941136419773, 0.787966609001, 0.74959307909, 0.959849834442, 0.589246690273, 0.565848171711, 0.85710734129, 0.604930758476, 0.576826155186, 0.799956440926, 0.53464859724, 0.373794943094, 0.469478428364, 0.371589511633, 0.528688848019, 0.75020635128, 0.477724403143, 0.530128180981, 0.89962798357, 0.641357898712, 0.478621125221, 0.732102692127, 0.566952884197, 0.515559911728, 0.682477414608, 0.463709920645, 0.36908686161, 0.49217993021, 0.41488057375, 0.649829447269], "hpcp": {"dmean2": [0.13202483952, 0.132588937879, 0.135816812515, 0.160143375397, 0.152855142951, 0.13113258779, 0.142014563084, 0.139241293073, 0.137065574527, 0.148423969746, 0.126490861177, 0.118040256202, 0.124133430421, 0.125229790807, 0.170645818114, 0.203102827072, 0.186721920967, 0.172354802489, 0.160378411412, 0.14513745904, 0.14980006218, 0.152840465307, 0.17230951786, 0.185437515378, 0.178330540657, 0.15419831872, 0.15107896924, 0.170081302524, 0.155698090792, 0.162457168102, 0.16306000948, 0.147816464305, 0.135319069028, 0.119305633008, 0.112403035164, 0.127630770206], "median": [0.0316489078104, 0.0259868595749, 0.0286885723472, 0.0345636717975, 0.0296683125198, 0.0317794457078, 0.0302347708493, 0.0269166305661, 0.0248401667923, 0.0210355017334, 0.0185557659715, 0.0243983175606, 0.0264737214893, 0.024679351598, 0.0498718544841, 0.068376287818, 0.0478033088148, 0.0312952138484, 0.0240097679198, 0.0188751369715, 0.0288508273661, 0.0310786236078, 0.0323520302773, 0.048336610198, 0.0416732020676, 0.0290281623602, 0.0275595225394, 0.0275314394385, 0.0268543101847, 0.0299321897328, 0.034738458693, 0.024735705927, 0.0167786944658, 0.0161920059472, 0.0149189019576, 0.0251704454422], "min": [0, 0, 0, 0, 0, 0, 0, 0, 0, 0, 0, 0, 0, 0, 0, 0, 0, 0, 0, 0, 0, 0, 0, 0, 0, 0, 0, 0, 0, 0, 0, 0, 0, 0, 0, 0], "dvar2": [0.0625539645553, 0.0596489980817, 0.0574684590101, 0.0809453353286, 0.0723822191358, 0.0563715621829, 0.0669976100326, 0.0672988444567, 0.0622428245842, 0.0761973708868, 0.0596894770861, 0.0580758526921, 0.0586459450424, 0.0581727996469, 0.0785565748811, 0.0962891951203, 0.0886464938521, 0.0894717648625, 0.0878478139639, 0.0717370137572, 0.0751852467656, 0.0808249115944, 0.0883968919516, 0.0937835201621, 0.0914822146297, 0.0774822756648, 0.0709460675716, 0.0874437987804, 0.0771702751517, 0.0776660889387, 0.0834507867694, 0.0774688646197, 0.085793107748, 0.060683362186, 0.0567517653108, 0.0599513910711], "dvar": [0.0256536863744, 0.0217818561941, 0.0205104481429, 0.031180748716, 0.0269613768905, 0.0204772017896, 0.027242930606, 0.0253771059215, 0.023613601923, 0.0319802202284, 0.0224552303553, 0.0213285908103, 0.0229870658368, 0.0219665076584, 0.0293084420264, 0.039453625679, 0.0336570739746, 0.03245722875, 0.0353258550167, 0.0271773841232, 0.0267149303108, 0.0323732197285, 0.0332245565951, 0.0346328243613, 0.0371988974512, 0.0288262180984, 0.0264866128564, 0.0360941253603, 0.0297570135444, 0.0285263750702, 0.0345677137375, 0.0297157261521, 0.0312885642052, 0.0231801867485, 0.0208437833935, 0.0226359833032], "dmean": [0.0769011229277, 0.075662009418, 0.0776596441865, 0.0936221629381, 0.0884808301926, 0.0757226347923, 0.082992747426, 0.0803468376398, 0.0798344090581, 0.0865450724959, 0.0729563906789, 0.067710749805, 0.0725765377283, 0.072430819273, 0.100421398878, 0.118960767984, 0.109029904008, 0.0988625958562, 0.0929994881153, 0.0833971425891, 0.0853227972984, 0.0887298062444, 0.100008487701, 0.107475668192, 0.103180736303, 0.0890374183655, 0.0879782959819, 0.100621454418, 0.0899281576276, 0.09272467345, 0.0961068868637, 0.0854836031795, 0.0759901553392, 0.0681807920337, 0.0638851597905, 0.0732533857226], "max": [1, 1, 1, 1, 1, 1, 1, 1, 1, 1, 1, 1, 1, 1, 1, 1, 1, 1, 1, 1, 1, 1, 1, 1, 1, 1, 1, 1, 1, 1, 1, 1, 1, 1, 1, 1], "var": [0.0786060467362, 0.0294495224953, 0.0305911917239, 0.0885030180216, 0.0469187498093, 0.0270435642451, 0.0714027583599, 0.0456683933735, 0.0340513437986, 0.0672018378973, 0.0319402590394, 0.0220558475703, 0.0398374907672, 0.0276663992554, 0.0394448526204, 0.0862794592977, 0.0510558411479, 0.0468333847821, 0.0822054371238, 0.0363180227578, 0.0332135073841, 0.103208422661, 0.0729724094272, 0.0530096702278, 0.099010951817, 0.0401928201318, 0.0378593057394, 0.085930109024, 0.0495000034571, 0.0390109345317, 0.0787192806602, 0.0375012494624, 0.0273311790079, 0.0441909953952, 0.0279523711652, 0.0394636578858], "mean": [0.154742106795, 0.0985383316875, 0.109347447753, 0.185562714934, 0.132290363312, 0.0987232923508, 0.151007935405, 0.116943143308, 0.10634251684, 0.140771925449, 0.0956476181746, 0.076130092144, 0.101520016789, 0.0855757817626, 0.13403776288, 0.206266060472, 0.147029474378, 0.126520112157, 0.158368989825, 0.101407751441, 0.107568204403, 0.194124504924, 0.162530764937, 0.154615610838, 0.197984442115, 0.121541596949, 0.116715267301, 0.176792159677, 0.124776683748, 0.118979655206, 0.165003865957, 0.110279865563, 0.0771012082696, 0.0968374684453, 0.0766463056207, 0.109050564468]}, "tuning_equal_tempered_deviation": 0, "chords_changes_rate": 0.037272170186, "key_key": "A", "tuning_diatonic_strength": 0.167545810342, "key_scale": "major", "chords_number_rate": 0.00389105058275, "tuning_frequency": 440.254241943, "tuning_nontempered_energy_ratio": 0.643072605133, "chords_histogram": [9.95289802551, 0, 2.33463025093, 0, 5.59082508087, 4.5054268837, 2.31415104866, 1.51546180248, 1.80217075348, 10.1781692505, 0.737251698971, 1.88408768177, 9.97337722778, 5.24267864227, 7.86401796341, 2.25271344185, 0.962523043156, 2.17079663277, 3.95248818398, 11.7141103745, 0.962523043156, 2.82613158226, 7.88449716568, 3.37907028198], "key_strength": 0.386162400246, "chords_key": "E", "chords_strength": {"dmean2": 0.0071994708851, "median": 0.540913403034, "min": 0.243770778179, "dvar2": 4.60913615825e-05, "dvar": 5.62858913327e-05, "dmean": 0.00886106491089, "max": 0.76386988163, "var": 0.00935062114149, "mean": 0.532689750195}, "chords_scale": "minor", "hpcp_entropy": {"dmean2": 0.944000422955, "median": 1.80860710144, "min": 0, "dvar2": 0.650901436806, "dvar": 0.25103238225, "dmean": 0.572476327419, "max": 4.20251703262, "var": 0.515226840973, "mean": 1.80834555626}}, "metadata": {"audio_properties": {"equal_loudness": 0, "codec": "mp3", "downmix": "mix", "sample_rate": 44100, "analysis_sample_rate": 44100, "bit_rate": 320037, "md5_encoded": "1ea363e0cff73c7b8d3c07b0a392d790", "length": 226.71673584, "replay_gain": -13.7680549622, "lossless": false}, "version": {"essentia_build_sha": "2d9f1f26377add8aeb1075a9c2973f962c4f09fd", "essentia": "2.1-beta2", "extractor": "music 1.0", "essentia_git_sha": "v2.1_beta2-1-ge3940c0"}, "tags": {"title": ["I'll Be Home for Christmas"], "media": ["Digital Media"], "albumartist": ["REO Speedwagon"], "length": ["226666"], "musicbrainz_recordingid": ["049849fb-57d1-436c-ba3c-1bebcdbc0fdd"], "encoding": ["lame.exe -p -h -b 320"], "musicbrainz_albumartistid": ["bdc70372-7e8a-4cb9-8d33-f036b3b7cdc1"], "discnumber": ["1/1"], "album": ["Not So Silent Night: Christmas With REO Speedwagon"], "musicbrainz album type": ["album"], "musicbrainz album status": ["official"], "file_name": "REO Speedwagon - Not So Silent Night_ Christmas With REO Speedwagon - 09 - I'll Be Home for Christmas.mp3", "asin": ["B002TRN9VO"], "date": ["2009"], "genre": ["Melodic Rock"], "musicbrainz_releasegroupid": ["fabdf154-5879-4aa6-85dd-9062ef84f4dc"], "script": ["Latn"], "originaldate": ["2009"], "musicbrainz_albumid": ["b62fe069-be0b-45ea-8778-edad5ad79ed0"], "artist": ["REO Speedwagon"], "artistsort": ["REO Speedwagon"], "tracknumber": ["9/13"], "musicbrainz album release country": ["GB"], "albumartistsort": ["REO Speedwagon"], "musicbrainz_artistid": ["bdc70372-7e8a-4cb9-8d33-f036b3b7cdc1"]}}, "rhythm": {"bpm_histogram_first_peak_bpm": {"dmean2": 0, "median": 101, "min": 101, "dvar2": 0, "dvar": 0, "dmean": 0, "max": 101, "var": 0, "mean": 101}, "bpm": 100.955863953, "bpm_histogram_second_peak_spread": {"dmean2": 0, "median": 0, "min": 0, "dvar2": 0, "dvar": 0, "dmean": 0, "max": 0, "var": 0, "mean": 0}, "bpm_histogram_first_peak_weight": {"dmean2": 0, "median": 0.651715040207, "min": 0.651715040207, "dvar2": 0, "dvar": 0, "dmean": 0, "max": 0.651715040207, "var": 0, "mean": 0.651715040207}, "onset_rate": 3.88124704361, "beats_position": [0.592108845711, 1.18421769142, 1.77632653713, 2.36843538284, 2.97215414047, 3.55265307426, 4.15637159348, 4.74848079681, 5.34058952332, 5.93269824982, 6.52480697632, 7.12852573395, 7.73224496841, 8.32435321808, 8.91646194458, 9.50857162476, 10.1006803513, 10.6927890778, 11.2848978043, 11.8770065308, 12.4691152573, 13.0612239838, 13.6533327103, 14.2570514679, 14.8375511169, 15.4412698746, 16.0333786011, 16.6254863739, 17.2175960541, 17.8097057343, 18.4018135071, 18.9939231873, 19.5976409912, 20.2013607025, 20.7934684753, 21.3855781555, 21.9776859283, 22.5697956085, 23.1735134125, 23.7656230927, 24.3577327728, 24.9498405457, 25.5419502258, 26.1340579987, 26.7261676788, 27.3298854828, 27.921995163, 28.5141029358, 29.106212616, 29.6983222961, 30.290430069, 30.8825397491, 31.474647522, 32.0667572021, 32.6588668823, 33.2625846863, 33.8546943665, 34.4468002319, 35.0389099121, 35.6426315308, 36.2347373962, 36.8268470764, 37.4305648804, 38.0226745605, 38.6147842407, 39.2068939209, 39.7989997864, 40.3911094666, 40.9832191467, 41.5753288269, 42.1674385071, 42.771156311, 43.3632659912, 43.9553718567, 44.5474815369, 45.139591217, 45.7317008972, 46.3238105774, 46.9275283813, 47.5196380615, 48.111743927, 48.7038536072, 49.2959632874, 49.8996810913, 50.5033988953, 51.0839004517, 51.6643981934, 52.2681159973, 52.8602256775, 53.4523353577, 54.0444450378, 54.6481628418, 55.240272522, 55.8323783875, 56.4244880676, 57.0165977478, 57.6203155518, 58.2124252319, 58.8161430359, 59.4198646545, 60.0235824585, 60.6273002625, 61.2310180664, 61.8347396851, 62.4268455505, 63.0073471069, 63.5994529724, 64.1915664673, 64.7836685181, 65.3873901367, 65.9911117554, 66.5832214355, 67.1753311157, 67.779045105, 68.3711547852, 68.9632644653, 69.543762207, 70.1358718872, 70.7279815674, 71.3200912476, 71.9238052368, 72.515914917, 73.1196365356, 73.7117462158, 74.303855896, 74.9075698853, 75.5112915039, 76.0917892456, 76.6722869873, 77.2643966675, 77.8681182861, 78.4718322754, 79.0523376465, 79.6444396973, 80.2365493774, 80.8402709961, 81.4323806763, 82.0244903564, 82.6166000366, 83.2087097168, 83.8008117676, 84.3929214478, 84.9966430664, 85.5887527466, 86.1808624268, 86.7729721069, 87.3766860962, 87.9687957764, 88.5609054565, 89.1646270752, 89.7567367554, 90.3488388062, 90.9409484863, 91.5330581665, 92.1251678467, 92.7172775269, 93.309387207, 93.9014968872, 94.5052108765, 95.0973205566, 95.6894302368, 96.281539917, 96.8736495972, 97.4657592773, 98.0578689575, 98.6499786377, 99.2420806885, 99.8458023071, 100.437911987, 101.030021667, 101.633743286, 102.225845337, 102.817955017, 103.421676636, 104.025398254, 104.605895996, 105.209609985, 105.813331604, 106.393829346, 106.985939026, 107.566436768, 108.158546448, 108.762268066, 109.354377747, 109.946479797, 110.538589478, 111.142311096, 111.734420776, 112.326530457, 112.918640137, 113.522354126, 114.114463806, 114.706573486, 115.287071228, 115.890792847, 116.482902527, 117.075012207, 117.678726196, 118.270835876, 118.862945557, 119.455055237, 120.047164917, 120.639274597, 121.231384277, 121.823486328, 122.415596008, 123.019317627, 123.611427307, 124.203536987, 124.795646667, 125.399360657, 125.991470337, 126.571968079, 127.164077759, 127.756187439, 128.359909058, 128.963623047, 129.555740356, 130.147842407, 130.739959717, 131.332061768, 131.935775757, 132.539505005, 133.119995117, 133.723709106, 134.315826416, 134.896316528, 135.488433838, 136.080535889, 136.672653198, 137.276367188, 137.880081177, 138.472198486, 139.064300537, 139.668029785, 140.248519897, 140.852249146, 141.444351196, 142.036453247, 142.628570557, 143.220672607, 143.812789917, 144.404891968, 144.997009277, 145.589111328, 146.192825317, 146.784942627, 147.377044678, 147.957550049, 148.5496521, 149.141769409, 149.745483398, 150.337600708, 150.929702759, 151.533416748, 152.137145996, 152.729248047, 153.321365356, 153.901855469, 154.493972778, 155.086074829, 155.67817688, 156.270294189, 156.874008179, 157.477722168, 158.058227539, 158.661941528, 159.254058838, 159.846160889, 160.438278198, 161.030380249, 161.634094238, 162.237823486, 162.829925537, 163.422042847, 164.002532959, 164.594650269, 165.186752319, 165.790466309, 166.382583618, 166.974685669, 167.566802979, 168.158905029, 168.762634277, 169.354736328, 169.946838379, 170.550567627, 171.131057739, 171.723175049, 172.3152771, 172.907394409, 173.49949646, 174.103210449, 174.706939697, 175.299041748, 175.891159058, 176.483261108, 177.075378418, 177.667480469, 178.25958252, 178.851699829, 179.44380188, 180.047531128, 180.639633179, 181.231735229, 181.835464478, 182.427566528, 183.019683838, 183.611785889, 184.203903198, 184.796005249, 185.3881073, 185.980224609, 186.57232666, 187.176055908, 187.768157959, 188.360275269, 188.963989258, 189.556091309, 190.148208618, 190.751922607, 191.355636597, 191.936141968, 192.528244019, 193.10874939, 193.70085144, 194.29296875, 194.885070801, 195.488800049, 196.0809021, 196.673019409, 197.276733398, 197.880447388, 198.484161377, 199.064666748, 199.668380737, 200.260498047, 200.852600098, 201.433105469, 202.02520752, 202.617324829, 203.221038818, 203.813140869, 204.405258179, 205.008972168, 205.601089478, 206.193191528, 206.785308838, 207.377410889, 207.969512939, 208.561630249, 209.165344238, 209.757461548, 210.349563599, 210.953277588, 211.545394897, 212.137496948, 212.741226196, 213.333328247, 213.937042236, 214.529159546, 215.121261597, 215.713378906, 216.317092896, 216.920806885, 217.547744751, 218.174682617, 218.801635742, 219.428573608, 220.055511475, 220.682449341, 221.309387207, 221.913101196, 222.516815186, 223.120544434, 223.724258423, 224.316360474, 224.908477783, 225.500579834, 226.092697144], "beats_loudness": {"dmean2": 0.0228947717696, "median": 0.0323442369699, "min": 2.59508248224e-10, "dvar2": 0.000362885533832, "dvar": 0.000136997798108, "dmean": 0.0133959194645, "max": 0.0878872424364, "var": 0.000296459707897, "mean": 0.0326381996274}, "danceability": 1.12074494362, "bpm_histogram_second_peak_weight": {"dmean2": 0, "median": 0.0184696577489, "min": 0.0184696577489, "dvar2": 0, "dvar": 0, "dmean": 0, "max": 0.0184696577489, "var": 0, "mean": 0.0184696577489}, "beats_count": 380, "bpm_histogram_second_peak_bpm": {"dmean2": 0, "median": 96, "min": 96, "dvar2": 0, "dvar": 0, "dmean": 0, "max": 96, "var": 0, "mean": 96}, "bpm_histogram_first_peak_spread": {"dmean2": 0, "median": 0.336021512747, "min": 0.336021512747, "dvar2": 0, "dvar": 0, "dmean": 0, "max": 0.336021512747, "var": 0, "mean": 0.336021512747}, "beats_loudness_band_ratio": {"dmean2": [0.289514958858, 0.301340550184, 0.238548889756, 0.173141971231, 0.146506667137, 0.0785100758076], "median": [0.338195443153, 0.253034830093, 0.121509119868, 0.0918758809566, 0.101119205356, 0.0453815385699], "min": [0.00231373496354, 0.00104048370849, 0.0135308587924, 0.012282862328, 0.00742455385625, 0.00228133820929], "dvar2": [0.0505312159657, 0.0516450963914, 0.0496591888368, 0.0351769588888, 0.0119055882096, 0.00461448263377], "dvar": [0.0181420538574, 0.018128765747, 0.0171010997146, 0.0128523381427, 0.0044577838853, 0.00178681011312], "dmean": [0.170341029763, 0.173670068383, 0.134014204144, 0.0952265784144, 0.0828688517213, 0.0460177138448], "max": [0.842011928558, 0.720407783985, 0.794040024281, 0.644341230392, 0.378027111292, 0.567017912865], "var": [0.0284988749772, 0.0259511880577, 0.0195489376783, 0.0122146671638, 0.00570093188435, 0.00246728071943], "mean": [0.34567373991, 0.274736732244, 0.164708554745, 0.122207909822, 0.114190615714, 0.0553492158651]}}, "lowlevel": {"barkbands_spread": {"dmean2": 6.98404598236, "median": 21.0464096069, "min": 1.94126772881, "dvar2": 69.2929077148, "dvar": 30.7500896454, "dmean": 4.67771482468, "max": 137.81628418, "var": 147.037780762, "mean": 23.1427059174}, "melbands_spread": {"dmean2": 8.26896190643, "median": 21.5912017822, "min": 2.01718592644, "dvar2": 92.180305481, "dvar": 40.2205886841, "dmean": 5.38371515274, "max": 166.978500366, "var": 194.153869629, "mean": 24.0953178406}, "hfc": {"dmean2": 8.00810813904, "median": 16.9338684082, "min": 1.1323299228e-16, "dvar2": 139.651672363, "dvar": 66.4135894775, "dmean": 5.54537200928, "max": 115.342658997, "var": 302.453277588, "mean": 21.2478275299}, "barkbands_kurtosis": {"dmean2": 2.61959934235, "median": 1.23265755177, "min": -1.85922646523, "dvar2": 21.7026195526, "dvar": 8.05541419983, "dmean": 1.62421321869, "max": 46.3191757202, "var": 14.8031606674, "mean": 2.33371567726}, "gfcc": {"mean": [-3.28775215149, 94.4423217773, -115.097724915, 23.1169490814, -49.7863693237, 12.125916481, -38.497428894, 7.20613384247, -18.9053840637, 0.0518801063299, -14.7105417252, 2.17205929756, -9.66126155853], "icov": [[9.19166050153e-05, -0.00015084570623, 0.000109715241706, -0.000134383240947, 0.000160190073075, -0.000128688159748, 0.00020014787151, -0.000248435884714, 0.000367772736354, -0.000391185079934, 0.000438149407273, -0.00029485867708, 0.000234593971982], [-0.00015084570623, 0.00193214800674, 5.40583241673e-05, 0.000340023339959, -0.000996488961391, 0.000777506735176, -0.000315463053994, 0.000683956895955, -0.000954093644395, 0.00238589080982, -0.00292843277566, 0.00288187665865, -0.00154654460493], [0.000109715241706, 5.40583241673e-05, 0.00267182406969, -0.000343118881574, -0.000574365083594, -0.000814125291072, 0.00080628314754, -0.000280773907434, 0.00158717704471, -0.00112440472003, 0.00188753311522, -0.0016447234666, 0.00159330526367], [-0.000134383240947, 0.000340023339959, -0.000343118881574, 0.00376925198361, -0.000651331560221, -0.000197820496396, 0.000864848436322, 0.0011256611906, -0.00193012366071, 0.00174980284646, -0.0010301588336, 0.000243417161983, -0.00164251530077], [0.000160190073075, -0.000996488961391, -0.000574365083594, -0.000651331560221, 0.00403549289331, 0.000443943426944, -0.000598410144448, -0.000443855969934, 0.00102782261092, -0.00120433256961, 0.00136342842598, -0.00173799006734, -4.57408350485e-05], [-0.000128688159748, 0.000777506735176, -0.000814125291072, -0.000197820496396, 0.000443943426944, 0.00653788726777, -0.00182624580339, -0.00107408268377, 0.000779302034061, 0.000279371190118, -0.00126541638747, 0.00113745057024, -0.000390046421671], [0.00020014787151, -0.000315463053994, 0.00080628314754, 0.000864848436322, -0.000598410144448, -0.00182624580339, 0.00842635054141, -0.0029504338745, 0.000348631496308, -0.000999153824523, -0.000676215277053, 0.00212678336538, 0.000824088172521], [-0.000248435884714, 0.000683956895955, -0.000280773907434, 0.0011256611906, -0.000443855969934, -0.00107408268377, -0.0029504338745, 0.0135276764631, -0.00390578387305, 0.000467179197585, -0.000395213864977, -0.00044183828868, -0.00166800559964], [0.000367772736354, -0.000954093644395, 0.00158717704471, -0.00193012366071, 0.00102782261092, 0.000779302034061, 0.000348631496308, -0.00390578387305, 0.0133746061474, -0.00556863704696, 0.00113734242041, -0.000854216166772, 0.00157426076476], [-0.000391185079934, 0.00238589080982, -0.00112440472003, 0.00174980284646, -0.00120433256961, 0.000279371190118, -0.000999153824523, 0.000467179197585, -0.00556863704696, 0.0180633608252, -0.00752848293632, 0.000807409756817, -0.000176146393642], [0.000438149407273, -0.00292843277566, 0.00188753311522, -0.0010301588336, 0.00136342842598, -0.00126541638747, -0.000676215277053, -0.000395213864977, 0.00113734242041, -0.00752848293632, 0.0195175204426, -0.00608146423474, -0.000144806603203], [-0.00029485867708, 0.00288187665865, -0.0016447234666, 0.000243417161983, -0.00173799006734, 0.00113745057024, 0.00212678336538, -0.00044183828868, -0.000854216166772, 0.000807409756817, -0.00608146423474, 0.0188368204981, -0.00599522702396], [0.000234593971982, -0.00154654460493, 0.00159330526367, -0.00164251530077, -4.57408350485e-05, -0.000390046421671, 0.000824088172521, -0.00166800559964, 0.00157426076476, -0.000176146393642, -0.000144806603203, -0.00599522702396, 0.0190576482564]], "cov": [[16878.5664063, -54.1111221313, -50.238735199, 293.37298584, -482.694854736, 236.345169067, -395.314971924, 106.646934509, -278.907745361, 88.4610900879, -238.756759644, 130.649368286, -89.4263839722], [-54.1111221313, 1313.20166016, -362.857391357, 12.7451763153, 149.647125244, -144.402236938, 74.4952545166, -39.5644836426, 50.1268196106, -105.325111389, 127.048446655, -147.520050049, 78.8318023682], [-50.238735199, -362.857391357, 632.603210449, 26.5332279205, 72.7431793213, 72.3299484253, -72.9366455078, -8.8594045639, -80.2565307617, 21.6402587891, -80.119934082, 75.0559997559, -45.5637397766], [293.37298584, 12.7451763153, 26.5332279205, 337.047637939, 36.9881515503, -9.89174938202, -63.836101532, -25.2379150391, 19.7527046204, -19.8360671997, 3.42466616631, 23.7476673126, 30.3730888367], [-482.694854736, 149.647125244, 72.7431793213, 36.9881515503, 330.358337402, -35.3022193909, 14.5206975937, -6.32071876526, -9.56732940674, -6.75156402588, 5.69858503342, 14.0798625946, 19.2818222046], [236.345169067, -144.402236938, 72.3299484253, -9.89174938202, -35.3022193909, 198.783508301, 35.6216812134, 28.5531387329, -19.1614818573, 15.5502214432, -8.74384593964, 5.01610803604, -13.3467903137], [-395.314971924, 74.4952545166, -72.9366455078, -63.836101532, 14.5206975937, 35.6216812134, 178.888473511, 39.2704696655, 19.5963516235, 9.82932758331, 23.1527175903, -36.8569793701, -4.97346544266], [106.646934509, -39.5644836426, -8.8594045639, -25.2379150391, -6.32071876526, 28.5531387329, 39.2704696655, 97.4030075073, 24.914604187, 17.1325016022, 3.43290686607, 4.64918899536, 1.02716052532], [-278.907745361, 50.1268196106, -80.2565307617, 19.7527046204, -9.56732940674, -19.1614818573, 19.5963516235, 24.914604187, 114.877830505, 26.5852680206, 24.6715221405, -6.82500123978, 5.62809228897], [88.4610900879, -105.325111389, 21.6402587891, -19.8360671997, -6.75156402588, 15.5502214432, 9.82932758331, 17.1325016022, 26.5852680206, 89.5159225464, 20.0843048096, 18.9932765961, -7.019572258], [-238.756759644, 127.048446655, -80.119934082, 3.42466616631, 5.69858503342, -8.74384593964, 23.1527175903, 3.43290686607, 24.6715221405, 20.0843048096, 91.2748565674, 4.25602054596, 19.5567321777], [130.649368286, -147.520050049, 75.0559997559, 23.7476673126, 14.0798625946, 5.01610803604, -36.8569793701, 4.64918899536, -6.82500123978, 18.9932765961, 4.25602054596, 94.1502227783, 14.7190189362], [-89.4263839722, 78.8318023682, -45.5637397766, 30.3730888367, 19.2818222046, -13.3467903137, -4.97346544266, 1.02716052532, 5.62809228897, -7.019572258, 19.5567321777, 14.7190189362, 70.7247924805]]}, "spectral_energyband_middle_low": {"dmean2": 0.00727547192946, "median": 0.0109909987077, "min": 2.5330525615e-22, "dvar2": 0.000180303104571, "dvar": 7.29481616872e-05, "dmean": 0.00469779735431, "max": 0.127867475152, "var": 0.000150254214532, "mean": 0.0137722780928}, "melbands_crest": {"dmean2": 4.09244060516, "median": 11.8092670441, "min": 1.88535571098, "dvar2": 18.2812004089, "dvar": 6.96909713745, "dmean": 2.53397274017, "max": 34.0042381287, "var": 20.3727016449, "mean": 12.6198339462}, "spectral_kurtosis": {"dmean2": 2.56452798843, "median": 4.57204675674, "min": -1.23047971725, "dvar2": 11.2287950516, "dvar": 4.01280927658, "dmean": 1.56615293026, "max": 35.1987915039, "var": 9.82228469849, "mean": 5.20483255386}, "spectral_rms": {"dmean2": 0.0010303936433, "median": 0.00492649665102, "min": 3.17869819008e-12, "dvar2": 2.68908229373e-06, "dvar": 1.04147898128e-06, "dmean": 0.000657118973322, "max": 0.01254422497, "var": 3.91955381929e-06, "mean": 0.00479584094137}, "zerocrossingrate": {"dmean2": 0.0105206277221, "median": 0.0546875, "min": 0.00634765625, "dvar2": 0.000115499198728, "dvar": 9.68655003817e-05, "dmean": 0.00904500484467, "max": 0.5302734375, "var": 0.00151856301818, "mean": 0.0605043210089}, "silence_rate_60dB": {"dmean2": 0.0086039127782, "median": 0, "min": 0, "dvar2": 0.0101691940799, "dvar": 0.00428280839697, "dmean": 0.00430151587352, "max": 1, "var": 0.0797217562795, "mean": 0.0873527899384}, "erbbands_kurtosis": {"dmean2": 1.07613551617, "median": -0.198126018047, "min": -1.85481536388, "dvar2": 2.05489373207, "dvar": 0.94857776165, "dmean": 0.703560173512, "max": 29.7970752716, "var": 3.35042572021, "mean": 0.359671652317}, "erbbands": {"dmean2": [0.0742409899831, 1.0898360014, 3.00568795204, 2.82659983635, 8.15860271454, 13.2357587814, 15.6797008514, 17.5881137848, 14.8043632507, 18.9954433441, 30.304977417, 39.4561843872, 28.105884552, 21.1790790558, 30.1942539215, 28.4313354492, 30.5039558411, 25.0753726959, 24.1785621643, 27.4512672424, 33.6673164368, 22.9894199371, 13.0951099396, 8.85697650909, 7.44680261612, 6.55292701721, 5.46659708023, 3.60424995422, 3.52021670341, 4.2419500351, 3.4911916256, 1.4325953722, 0.770837962627, 0.575734734535, 0.41454988718, 0.200315073133, 0.0877984762192, 0.0215910393745, 0.00197663484141, 0.000105239370896], "median": [0.0443559661508, 0.835037946701, 2.04645347595, 2.01633119583, 3.41921138763, 6.85277414322, 10.2874803543, 12.7266349792, 9.42685031891, 9.27426528931, 10.9375801086, 14.0038557053, 14.6403694153, 11.7712602615, 13.3110675812, 14.9931249619, 13.7277173996, 12.7981357574, 13.7249879837, 17.3811035156, 19.3947067261, 13.1484613419, 7.98137712479, 6.77406406403, 5.22588348389, 4.182554245, 2.69889187813, 1.58167850971, 1.19058859348, 1.62175023556, 1.35265946388, 0.779601633549, 0.413163274527, 0.252306371927, 0.128681302071, 0.04977311939, 0.0136703932658, 0.00222700834274, 0.000222483678954, 4.70300292363e-05], "min": [9.44712935713e-23, 3.12364381738e-21, 3.54437643243e-21, 1.01396890008e-20, 1.82656972732e-20, 3.0207831408e-20, 3.22781740084e-20, 1.8440217196e-19, 3.85248720346e-19, 4.31857581978e-19, 6.04017519646e-19, 1.19761928442e-18, 9.87230031517e-19, 6.15495529525e-19, 1.74174313745e-18, 1.2685776291e-18, 1.32029906145e-18, 2.89706423105e-18, 3.43755293549e-18, 3.01226071188e-18, 3.99928632639e-18, 5.86202592832e-18, 6.81106017127e-18, 7.23704371108e-18, 1.07496479843e-17, 1.27578051108e-17, 1.14792171487e-17, 1.09979998642e-17, 1.05266367824e-17, 1.19987006354e-17, 1.56926899006e-17, 1.05680181469e-17, 1.00795895019e-17, 9.84043752477e-18, 6.6956138819e-18, 5.36464801626e-18, 2.424858459e-18, 1.15638009158e-18, 2.95772800281e-19, 3.29993462556e-20], "dvar2": [0.0721025317907, 14.4005765915, 95.8043441772, 50.0756988525, 888.904663086, 974.928588867, 1101.30651855, 1583.62731934, 1296.23547363, 2866.81787109, 9466.47753906, 12485.4746094, 4273.92480469, 3629.54589844, 6497.65771484, 4760.54882813, 7865.640625, 2844.30249023, 2730.74804688, 2614.16381836, 3987.25634766, 2178.2121582, 680.345397949, 262.36831665, 193.317626953, 150.375656128, 131.706771851, 66.6128082275, 87.50730896, 107.323791504, 56.9486198425, 6.94190120697, 2.34873199463, 1.50352239609, 1.21991991997, 0.179746523499, 0.0383351445198, 0.00209073070437, 2.07525044971e-05, 6.00857035238e-08], "dvar": [0.0258981846273, 4.88024091721, 32.2890510559, 17.4050045013, 343.850036621, 367.975311279, 489.495941162, 677.069885254, 564.724365234, 1288.27197266, 4458.54248047, 5799.92089844, 2167.11743164, 1524.03271484, 3059.63574219, 1935.79333496, 3593.34985352, 1319.99279785, 1123.89782715, 1020.97564697, 1641.53417969, 863.943786621, 299.852325439, 111.644996643, 80.8792877197, 66.8045349121, 58.4423027039, 28.994972229, 42.7552642822, 46.1587753296, 26.1342849731, 3.19225621223, 1.07019543648, 0.736822247505, 0.538690030575, 0.082030184567, 0.0169372279197, 0.000937975128181, 9.10354447115e-06, 2.62676191909e-08], "dmean": [0.0423819422722, 0.608939349651, 1.68793606758, 1.63592636585, 4.98259544373, 8.06651973724, 10.2133407593, 11.6769762039, 9.60671806335, 12.6691532135, 20.5330104828, 27.2212371826, 19.2649555206, 13.9638872147, 19.960477829, 18.0582828522, 19.5968990326, 16.022518158, 15.3308753967, 17.2538013458, 21.2932949066, 14.5707969666, 8.47006225586, 5.71577072144, 4.78231096268, 4.20971345901, 3.54100012779, 2.36390209198, 2.34879279137, 2.81408214569, 2.3231408596, 0.962701976299, 0.527770042419, 0.392683655024, 0.287100255489, 0.138001576066, 0.0595371760428, 0.0144946165383, 0.0013450315455, 7.17855291441e-05], "max": [2.01454758644, 25.9796524048, 73.8854293823, 71.3905639648, 336.400909424, 333.682983398, 602.47869873, 657.957519531, 737.513549805, 1069.58410645, 2065.47241211, 1801.2689209, 1355.64941406, 1619.41223145, 1574.98986816, 1502.19018555, 2005.60754395, 1108.64746094, 826.56842041, 717.75793457, 833.19152832, 647.239440918, 511.468841553, 236.184112549, 166.513092041, 227.072372437, 213.814910889, 125.694282532, 218.825088501, 158.968307495, 130.958084106, 40.3888435364, 28.792339325, 24.2053909302, 16.1091060638, 4.692091465, 2.46814465523, 0.44216376543, 0.0494537018239, 0.00238927616738], "var": [0.0192447137088, 3.18181610107, 25.6262435913, 22.6521244049, 322.412963867, 575.841430664, 1187.11962891, 1791.86303711, 1440.37243652, 3169.52294922, 8278.37792969, 15982.2714844, 7314.36621094, 3325.39404297, 7136.49902344, 3429.44677734, 6959.23388672, 3180.81835938, 2024.70068359, 1744.89440918, 3554.09399414, 2039.7208252, 696.633239746, 250.775939941, 191.232040405, 173.752334595, 153.923553467, 65.823425293, 92.0204162598, 115.628326416, 83.8583679199, 12.2040328979, 2.91384267807, 1.83966577053, 0.808983445168, 0.120222441852, 0.0203265864402, 0.00104988960084, 9.75880084297e-06, 2.89435337919e-08], "mean": [0.0762033909559, 1.12768399715, 3.3788318634, 3.4861638546, 7.71230459213, 14.2750415802, 20.6550140381, 26.154800415, 20.890838623, 24.3636550903, 35.4282913208, 55.2125320435, 40.9306526184, 27.6549987793, 37.0782165527, 33.2882385254, 35.8198928833, 30.0252304077, 28.0881137848, 30.7448158264, 40.115901947, 29.6744823456, 17.126657486, 12.1026630402, 10.0283164978, 8.94786739349, 7.24326181412, 4.6019654274, 4.22502231598, 5.59452724457, 4.94904994965, 2.13177490234, 1.08032226563, 0.751127898693, 0.432204723358, 0.183789029717, 0.0674166679382, 0.0150402653962, 0.00139995838981, 0.000100678931631]}, "spectral_strongpeak": {"dmean2": 0.779375970364, "median": 0.466569900513, "min": 0, "dvar2": 1.49480760098, "dvar": 0.612117528915, "dmean": 0.464325428009, "max": 8.64718437195, "var": 1.34729468822, "mean": 0.972351908684}, "spectral_energy": {"dmean2": 0.0131586436182, "median": 0.0248771291226, "min": 1.0356724553e-20, "dvar2": 0.000641040445771, "dvar": 0.000237166095758, "dmean": 0.00813102722168, "max": 0.161291524768, "var": 0.00038909187424, "mean": 0.027592709288}, "average_loudness": 0.931420207024, "spectral_rolloff": {"dmean2": 615.034851074, "median": 1184.32617188, "min": 86.1328125, "dvar2": 1028158.3125, "dvar": 435691.71875, "dmean": 370.916900635, "max": 20327.34375, "var": 2371371.5, "mean": 1457.38427734}, "spectral_centroid": {"dmean2": 280.685760498, "median": 1168.72009277, "min": 278.979125977, "dvar2": 110200.109375, "dvar": 57115.796875, "dmean": 186.516067505, "max": 11292.0898438, "var": 316210.78125, "mean": 1242.68273926}, "pitch_salience": {"dmean2": 0.092628583312, "median": 0.548126578331, "min": 0.184967860579, "dvar2": 0.0086068874225, "dvar": 0.00312870112248, "dmean": 0.056491676718, "max": 0.958248436451, "var": 0.00730039831251, "mean": 0.546658158302}, "spectral_energyband_middle_high": {"dmean2": 0.00278872135095, "median": 0.00430533476174, "min": 1.15103828116e-21, "dvar2": 1.97606477741e-05, "dvar": 9.34603031055e-06, "dmean": 0.00189256528392, "max": 0.0752499774098, "var": 3.85208368243e-05, "mean": 0.00610069045797}, "spectral_contrast_coeffs": {"dmean2": [0.0690504610538, 0.0713601112366, 0.0574409104884, 0.0512879937887, 0.0356834307313, 0.0287208147347], "median": [-0.647760748863, -0.702008605003, -0.747646510601, -0.75113928318, -0.775269508362, -0.77882039547], "min": [-0.977965831757, -0.976422429085, -0.981407523155, -0.984973073006, -0.964737176895, -0.962137818336], "dvar2": [0.00395672721788, 0.0035656678956, 0.00228297547437, 0.00169557414483, 0.000901066930965, 0.000594711920712], "dvar": [0.0015292611206, 0.00144077988807, 0.000984624726698, 0.000674141745549, 0.000381785066565, 0.000279419473372], "dmean": [0.0419732108712, 0.0445694178343, 0.0364578589797, 0.0318960882723, 0.0224595889449, 0.0186244864017], "max": [-0.227887868881, -0.408663898706, -0.453901648521, -0.521207332611, -0.588044881821, -0.58891248703], "var": [0.00866678543389, 0.00653346767649, 0.00549383601174, 0.00306090060622, 0.00205857609399, 0.00160602631513], "mean": [-0.639373004436, -0.698912501335, -0.739432275295, -0.75028181076, -0.773284316063, -0.77765673399]}, "melbands_skewness": {"dmean2": 0.80092972517, "median": 2.04744362831, "min": -1.08431148529, "dvar2": 1.15313410759, "dvar": 0.445382654667, "dmean": 0.511257469654, "max": 9.71876144409, "var": 1.48109257221, "mean": 2.20670962334}, "spectral_spread": {"dmean2": 838002.5, "median": 4425300, "min": 1589448.75, "dvar2": 1460365688830.0, "dvar": 824919392256, "dmean": 610656.625, "max": 41619320, "var": 3341558743040.0, "mean": 4601266}, "dissonance": {"dmean2": 0.0292906519026, "median": 0.468102931976, "min": 0.249292910099, "dvar2": 0.000820637273137, "dvar": 0.000314470700687, "dmean": 0.0176590289921, "max": 0.5, "var": 0.000921478320379, "mean": 0.460377216339}, "spectral_skewness": {"dmean2": 0.319287836552, "median": 1.68769407272, "min": -0.0459857434034, "dvar2": 0.107997104526, "dvar": 0.0429138503969, "dmean": 0.203838378191, "max": 4.35569095612, "var": 0.181514531374, "mean": 1.71027243137}, "spectral_flux": {"dmean2": 0.0339112244546, "median": 0.0616938173771, "min": 6.75221961677e-11, "dvar2": 0.00208527455106, "dvar": 0.00106095953379, "dmean": 0.0217015966773, "max": 0.34319677949, "var": 0.00260130153038, "mean": 0.0731003060937}, "spectral_contrast_valleys": {"dmean2": [0.572298645973, 0.541864454746, 0.477323293686, 0.43606030941, 0.371622979641, 0.427513420582], "median": [-7.04523563385, -6.6179151535, -7.18458843231, -7.56490135193, -7.59130001068, -9.99534034729], "min": [-27.7464542389, -27.5990486145, -27.9206695557, -27.7887382507, -27.3939762115, -27.3355083466], "dvar2": [0.28467181325, 0.248729228973, 0.199883073568, 0.189165577292, 0.190910413861, 0.244396492839], "dvar": [0.122198671103, 0.115062944591, 0.105415716767, 0.105068847537, 0.111660853028, 0.153247594833], "dmean": [0.345475107431, 0.335512459278, 0.3023622334, 0.287496060133, 0.25476834178, 0.329744130373], "max": [-5.05198669434, -4.75169181824, -5.07993555069, -5.67299222946, -5.71657943726, -7.90851783752], "var": [2.20444297791, 2.00664305687, 1.92482435703, 1.93733596802, 1.8839700222, 2.07149362564], "mean": [-7.40738773346, -6.88987541199, -7.4278512001, -7.79934310913, -7.80872774124, -10.28166008]}, "erbbands_flatness_db": {"dmean2": 0.0258632972836, "median": 0.146458238363, "min": 0.0242155268788, "dvar2": 0.000639258592855, "dvar": 0.000362773775123, "dmean": 0.0190394595265, "max": 0.409359157085, "var": 0.00186086865142, "mean": 0.148498609662}, "spectral_energyband_high": {"dmean2": 0.000423512072302, "median": 0.000325361848809, "min": 7.53819789639e-21, "dvar2": 6.06801563663e-07, "dvar": 2.93857425504e-07, "dmean": 0.000299359729979, "max": 0.00944958440959, "var": 1.03583295186e-06, "mean": 0.000734478759114}, "spectral_entropy": {"dmean2": 0.209913522005, "median": 7.56083631516, "min": 5.43601894379, "dvar2": 0.0481511540711, "dvar": 0.0255929213017, "dmean": 0.150683656335, "max": 9.81787776947, "var": 0.150689706206, "mean": 7.54730796814}, "silence_rate_20dB": {"dmean2": 0, "median": 1, "min": 1, "dvar2": 0, "dvar": 0, "dmean": 0, "max": 1, "var": 0, "mean": 1}, "melbands_flatness_db": {"dmean2": 0.0300004761666, "median": 0.184044763446, "min": 0.00521421711892, "dvar2": 0.00113753578626, "dvar": 0.000497426430229, "dmean": 0.0203551501036, "max": 0.41676697135, "var": 0.0029172715731, "mean": 0.189130440354}, "barkbands": {"dmean2": [8.16005922388e-05, 0.00413113692775, 0.00249843648635, 0.00100737600587, 0.00357939698733, 0.00208977982402, 0.00111267785542, 0.00128277437761, 0.00169197295327, 0.000741501920857, 0.000733267690521, 0.000761952833273, 0.00069877167698, 0.000484859832795, 0.000556389451958, 0.000584565510508, 0.000550521246623, 0.000227412296226, 0.000158738650498, 0.000147434140672, 0.000112526780867, 0.000104493679828, 0.00012467673514, 5.07761433255e-05, 5.34792816325e-05, 4.699301644e-05, 1.22239516713e-05], "median": [3.05869480144e-06, 0.00325730396435, 0.00133490026928, 0.000538115098607, 0.00203309301287, 0.0015911704395, 0.000590760784689, 0.000355835189112, 0.000569729367271, 0.000317785452353, 0.000262010202277, 0.000357035169145, 0.000250804208918, 0.000207911449252, 0.000292473530862, 0.00028151270817, 0.000257863634033, 0.000127700419398, 0.000113936483103, 8.87312999112e-05, 5.04352829012e-05, 3.6140139855e-05, 5.02057773701e-05, 2.88926585199e-05, 2.07887878787e-05, 8.89736020326e-06, 1.20168328976e-06], "min": [1.69761880727e-25, 1.16375048435e-23, 9.9598323842e-25, 2.95029620096e-24, 7.72047202773e-24, 1.37314098986e-23, 2.75329116664e-23, 1.4696576483e-23, 4.76262244416e-23, 2.61575121678e-23, 3.81879801826e-23, 1.64787836619e-23, 1.84948155239e-23, 4.32209506233e-23, 7.41346929375e-23, 6.99026687512e-23, 1.12058474137e-22, 1.10040567941e-22, 2.04619133974e-22, 2.66532093259e-22, 2.59217295318e-22, 3.18914022466e-22, 5.13927354969e-22, 5.78975992176e-22, 9.57072808376e-22, 1.46830071919e-21, 2.29392572328e-21], "dvar2": [7.78478579377e-08, 0.000210295809666, 6.35241885902e-05, 5.89816545471e-06, 9.27602886804e-05, 1.77470228664e-05, 6.80517769069e-06, 1.63493568834e-05, 1.85593053175e-05, 4.0763375182e-06, 3.31072192239e-06, 3.29827048517e-06, 3.83168617191e-06, 1.19849130442e-06, 1.08720587377e-06, 1.36490791647e-06, 1.19221851946e-06, 2.04052511776e-07, 8.12377578541e-08, 7.29870350824e-08, 5.38578390774e-08, 7.04162772536e-08, 7.37233065706e-08, 8.30256574602e-09, 1.54259041096e-08, 9.53604573084e-09, 7.64820484722e-10], "dvar": [3.2891350088e-08, 7.21727701603e-05, 2.14140291064e-05, 2.07137441066e-06, 3.58811776096e-05, 7.87864701124e-06, 3.00777537632e-06, 7.45860097595e-06, 8.72232430993e-06, 1.87940895557e-06, 1.53942187353e-06, 1.33616242692e-06, 1.80031327091e-06, 5.36527863915e-07, 4.4310127123e-07, 5.49512321868e-07, 4.65893776891e-07, 8.87566642405e-08, 3.44764288229e-08, 3.24547038133e-08, 2.39326833906e-08, 3.3539638622e-08, 3.36476517759e-08, 3.86711329625e-09, 7.24992776924e-09, 4.31491464781e-09, 3.39696132334e-10], "dmean": [4.96915199619e-05, 0.0023206404876, 0.00141033844557, 0.000588496215641, 0.00220390316099, 0.00138430588413, 0.00072639627615, 0.000851754215546, 0.00115286651999, 0.000500560097862, 0.000487014098326, 0.000477291148854, 0.00044887108379, 0.000306113710394, 0.000350191519829, 0.000366469699657, 0.00034133598092, 0.000146716032759, 0.000102222657006, 9.39209858188e-05, 7.33773922548e-05, 6.91375025781e-05, 8.33954836708e-05, 3.47617678926e-05, 3.72702197637e-05, 3.21956758853e-05, 8.27385792945e-06], "max": [0.00225131795742, 0.0999887138605, 0.0676874890924, 0.0237733088434, 0.102514535189, 0.0664486140013, 0.0409500300884, 0.0729979425669, 0.066883303225, 0.0476211793721, 0.0272572003305, 0.0319911725819, 0.0425547175109, 0.0213113371283, 0.0126213999465, 0.0149423619732, 0.0118287969381, 0.0080345897004, 0.00377647764981, 0.00600706972182, 0.00296850595623, 0.0051756943576, 0.00466826604679, 0.00128208496608, 0.0018134318525, 0.00110162456986, 0.000341111619491], "var": [3.20524087272e-08, 4.81072274852e-05, 1.9658351448e-05, 3.04839818455e-06, 4.21989534516e-05, 2.20015717787e-05, 7.96377571533e-06, 1.31681017592e-05, 2.83449080598e-05, 4.30400677942e-06, 3.689