{"tonal": {"thpcp": [1, 0.599356293678, 0.105234257877, 0.068614795804, 0.0692643672228, 0.127151042223, 0.242855191231, 0.295099973679, 0.408303469419, 0.500293910503, 0.300984740257, 0.132758259773, 0.117816932499, 0.0930235311389, 0.178635716438, 0.279843270779, 0.218072220683, 0.239210516214, 0.303257465363, 0.237177446485, 0.333356916904, 0.499618709087, 0.409727364779, 0.332360774279, 0.322975277901, 0.211407035589, 0.157500773668, 0.160459220409, 0.146353125572, 0.292317152023, 0.459281504154, 0.286390244961, 0.102028511465, 0.114071510732, 0.139963552356, 0.546457231045], "hpcp": {"dmean2": [0.128065094352, 0.117821238935, 0.151707470417, 0.165438443422, 0.1853710711, 0.240589261055, 0.275757372379, 0.269300669432, 0.221975296736, 0.194560483098, 0.176610305905, 0.137430280447, 0.110709421337, 0.112258270383, 0.135099619627, 0.158806920052, 0.124965593219, 0.0757201835513, 0.0825313851237, 0.104502990842, 0.180200830102, 0.162574157119, 0.198546767235, 0.0790112987161, 0.0533369407058, 0.0634355470538, 0.0901917368174, 0.132338672876, 0.17380258441, 0.175193145871, 0.187740772963, 0.152964293957, 0.0963188335299, 0.0872040018439, 0.075170211494, 0.103886090219], "median": [0.02630324848, 0.0323670506477, 0.0278366729617, 0.0231556016952, 0.027658443898, 0.0677996054292, 0.102844700217, 0.0827289819717, 0.0432333089411, 0.0281071476638, 0.0245107151568, 0.015706114471, 0.0128398630768, 0.0188490804285, 0.0512152649462, 0.0583826936781, 0.0336189009249, 0.0121662141755, 0.00753212254494, 0.0184661466628, 0.206224188209, 0.368354648352, 0.204368621111, 0.021308388561, 0.00740634836257, 0.00675450777635, 0.0134674245492, 0.0258303340524, 0.0390079319477, 0.0818040966988, 0.103649519384, 0.0672257691622, 0.0294664409012, 0.0221481081098, 0.0153399370611, 0.0203072763979], "min": [0, 0, 0, 0, 0, 0, 0, 0, 0, 0, 0, 0, 0, 0, 0, 0, 0, 0, 0, 0, 0, 0, 0, 0, 0, 0, 0, 0, 0, 0, 0, 0, 0, 0, 0, 0], "dvar2": [0.0569054074585, 0.04362744838, 0.069595657289, 0.0891235619783, 0.103078067303, 0.12317109108, 0.14888677001, 0.145871937275, 0.124398715794, 0.107714056969, 0.105665974319, 0.0824042260647, 0.0650654807687, 0.0638816654682, 0.0508447289467, 0.0625780746341, 0.0473721772432, 0.0314646102488, 0.0421328358352, 0.0434724502265, 0.05285711959, 0.0656641796231, 0.0616666972637, 0.024295758456, 0.0253201629966, 0.0346095710993, 0.0475028641522, 0.0557113662362, 0.073333889246, 0.0621096640825, 0.0699123516679, 0.0496642924845, 0.0340630337596, 0.0321510210633, 0.0305471308529, 0.0410242117941], "dvar": [0.0224646106362, 0.016639880836, 0.0253809913993, 0.0326233096421, 0.0363037027419, 0.0434820502996, 0.053433727473, 0.0511143021286, 0.0444027744234, 0.0380883030593, 0.0363616980612, 0.0279197636992, 0.0223031304777, 0.0216503571719, 0.0184896290302, 0.025600373745, 0.0180920492858, 0.0114254169166, 0.0157330743968, 0.0159376654774, 0.0211945436895, 0.0287950504571, 0.0242727641016, 0.00894705671817, 0.00925759505481, 0.0122456317768, 0.0170827917755, 0.0208859760314, 0.0278133880347, 0.0245863925666, 0.0285679232329, 0.0183446034789, 0.0120550431311, 0.0117190023884, 0.0107983741909, 0.0150319049135], "dmean": [0.0772903859615, 0.0702948570251, 0.0880873501301, 0.0943294912577, 0.104093000293, 0.135294213891, 0.159332498908, 0.153483629227, 0.127952426672, 0.111635178328, 0.099429436028, 0.0763521790504, 0.0619765892625, 0.0630386248231, 0.0811732783914, 0.0968133509159, 0.0759567469358, 0.0437560975552, 0.0466983988881, 0.0603674836457, 0.111443839967, 0.0989143922925, 0.122087903321, 0.0454830415547, 0.0299373771995, 0.0355426743627, 0.0520123392344, 0.0776115730405, 0.100778535008, 0.106029123068, 0.112504206598, 0.0915566757321, 0.0553369894624, 0.0503765419126, 0.0427615009248, 0.0610805042088], "max": [1, 1, 1, 1, 1, 1, 1, 1, 1, 1, 1, 1, 1, 1, 1, 1, 1, 1, 1, 1, 1, 1, 1, 1, 1, 1, 1, 1, 1, 1, 1, 1, 1, 1, 1, 1], "var": [0.0590562783182, 0.0296986643225, 0.0397648364305, 0.0713367760181, 0.040381077677, 0.0486215092242, 0.0898308008909, 0.067010357976, 0.0632508695126, 0.0670036226511, 0.0351260490716, 0.0284758880734, 0.032543245703, 0.0240935571492, 0.0379716865718, 0.0977566987276, 0.0417443737388, 0.0133296819404, 0.0243585407734, 0.0204951819032, 0.0647390782833, 0.18714697659, 0.0756416842341, 0.00888744276017, 0.00953258760273, 0.00968541298062, 0.0193476304412, 0.0503820106387, 0.0540913306177, 0.0659391283989, 0.0951584801078, 0.0350086838007, 0.0114461714402, 0.0121728638187, 0.010810512118, 0.0242804400623], "mean": [0.135968625546, 0.105955667794, 0.116226218641, 0.147344976664, 0.115238405764, 0.161969527602, 0.242751836777, 0.199075952172, 0.161485522985, 0.156925350428, 0.102717228234, 0.0765255615115, 0.0779629945755, 0.0711092054844, 0.142029359937, 0.223153039813, 0.13914963603, 0.0495730228722, 0.0554244033992, 0.0680046826601, 0.265509486198, 0.485874205828, 0.291211754084, 0.0511306114495, 0.0333381593227, 0.0336537696421, 0.061779409647, 0.117997072637, 0.143381461501, 0.19838412106, 0.243079900742, 0.146240726113, 0.0645038112998, 0.05724420771, 0.0451977327466, 0.086794488132]}, "tuning_equal_tempered_deviation": 0.0169997513294, "chords_changes_rate": 0.0353497639298, "key_key": "E", "tuning_diatonic_strength": 0.457457989454, "key_scale": "minor", "chords_number_rate": 0.00298730400391, "tuning_frequency": 454.465301514, "tuning_nontempered_energy_ratio": 0.643512666225, "chords_histogram": [16.6542186737, 18.3221302032, 4.60542678833, 10.1070451736, 1.34428679943, 2.4396314621, 0.323624581099, 13.5424442291, 0.248942002654, 3.93328356743, 0.472989797592, 0.124471001327, 0.0497884005308, 0, 0, 0, 0.42320138216, 1.64301717281, 2.66367936134, 0.199153602123, 0, 0, 4.68010950089, 18.2225532532], "key_strength": 0.65864866972, "chords_key": "G", "chords_strength": {"dmean2": 0.00581872370094, "median": 0.549030065536, "min": 0.303128302097, "dvar2": 4.00450335292e-05, "dvar": 2.77569251921e-05, "dmean": 0.00544377602637, "max": 0.756499409676, "var": 0.0069785239175, "mean": 0.545185089111}, "chords_scale": "major", "hpcp_entropy": {"dmean2": 0.904562294483, "median": 1.78014802933, "min": 0, "dvar2": 0.565972805023, "dvar": 0.207899257541, "dmean": 0.536261081696, "max": 4.2870426178, "var": 0.535022556782, "mean": 1.78951239586}}, "metadata": {"audio_properties": {"equal_loudness": 0, "codec": "flac", "downmix": "mix", "sample_rate": 44100, "analysis_sample_rate": 44100, "bit_rate": 0, "md5_encoded": "0613335fb698096d7f3f9c0c70982986", "length": 186.493331909, "replay_gain": -12.7933540344, "lossless": true}, "version": {"essentia_build_sha": "70f2e5ece6736b2c40cc944ad0e695b16b925413", "essentia": "2.1-beta2", "extractor": "music 1.0", "essentia_git_sha": "v2.1_beta2"}, "tags": {"title": ["In the End (Paradise Regained)"], "media": ["Digital Media"], "albumartist": ["Paradise Lost"], "tracktotal": ["33"], "musicbrainz_releasegroupid": ["8feb432c-68e0-359b-be49-0f046df6d60f"], "releasetype": ["album"], "musicbrainz_recordingid": ["0498c275-78ec-4813-8fd5-4f1dc74b2936"], "originalyear": ["1989"], "musicbrainz_releasetrackid": ["0b34b453-f40a-4236-88d5-109668ee41da"], "discnumber": ["1"], "totaldiscs": ["1"], "album": ["Paradise Lost"], "releasecountry": ["XW"], "file_name": "01-11 In the End (Paradise Regained).flac", "musicbrainz_albumartistid": ["6c18e442-1c51-4aca-bae7-413ae2a86731"], "albumartistsort": ["Paradise Lost"], "date": ["2015-12-11"], "genre": ["Rock, Hard Rock"], "disctotal": ["1"], "musicbrainz_artistid": ["6c18e442-1c51-4aca-bae7-413ae2a86731"], "originaldate": ["1989"], "musicbrainz_albumid": ["f627afb3-9aa4-4bac-b504-8ebad78f606e"], "tracknumber": ["11"], "artistsort": ["Paradise Lost"], "artist": ["Paradise Lost"], "label": ["Divebomb Records"], "releasestatus": ["official"], "acoustid_id": ["65bae888-295f-4baf-b32c-d12a2e0f6750"], "script": ["Latn"], "totaltracks": ["33"]}}, "rhythm": {"bpm_histogram_first_peak_bpm": {"dmean2": 0, "median": 152, "min": 152, "dvar2": 0, "dvar": 0, "dmean": 0, "max": 152, "var": 0, "mean": 152}, "bpm": 150.776138306, "bpm_histogram_second_peak_spread": {"dmean2": 0, "median": 0.261904776096, "min": 0.261904776096, "dvar2": 0, "dvar": 0, "dmean": 0, "max": 0.261904776096, "var": 0, "mean": 0.261904776096}, "bpm_histogram_first_peak_weight": {"dmean2": 0, "median": 0.394859820604, "min": 0.394859820604, "dvar2": 0, "dvar": 0, "dmean": 0, "max": 0.394859820604, "var": 0, "mean": 0.394859820604}, "onset_rate": 1.66207110882, "beats_position": [0.394739210606, 0.801088392735, 1.20743763447, 1.60217678547, 2.00852608681, 2.40326523781, 2.79800438881, 3.1811337471, 3.5758728981, 3.97061228752, 4.3653512001, 4.76009082794, 5.15482997894, 5.53795909882, 5.94430828094, 6.33904743195, 6.73378658295, 7.12852573395, 7.53487491608, 7.94122457504, 8.33596324921, 8.73070240021, 9.12544155121, 9.52018165588, 9.91492080688, 10.321269989, 10.7276191711, 11.1223583221, 11.5287075043, 11.9118366241, 12.3065757751, 12.7013149261, 13.084444046, 13.479183197, 13.873922348, 14.268661499, 14.6750106812, 15.0813598633, 15.4877090454, 15.8824491501, 16.2771873474, 16.6719264984, 17.0666656494, 17.4614048004, 17.8677539825, 18.2624931335, 18.6688423157, 19.0635814667, 19.4815406799, 19.8994998932, 20.3174591064, 20.7354183197, 21.153377533, 21.5713367462, 21.9892959595, 22.4072551727, 22.825214386, 23.2431735992, 23.6611328125, 24.0674819946, 24.4738311768, 24.8801803589, 25.2981395721, 25.7160987854, 26.1340579987, 26.5520172119, 26.9699764252, 27.3879356384, 27.7942848206, 28.2006340027, 28.6069831848, 29.0017223358, 29.3964614868, 29.7912006378, 30.1859397888, 30.5806789398, 30.9870281219, 31.3933773041, 31.7881164551, 32.1944656372, 32.5892066956, 32.9955558777, 33.4019050598, 33.8082542419, 34.2029914856, 34.5977325439, 34.9924697876, 35.3872108459, 35.7819480896, 36.1766891479, 36.5714263916, 36.96616745, 37.3609046936, 37.755645752, 38.1503829956, 38.545124054, 38.9398651123, 39.334602356, 39.7293434143, 40.1356925964, 40.5420417786, 40.9483909607, 41.3547401428, 41.761089325, 42.1674385071, 42.5621757507, 42.9569168091, 43.3516540527, 43.7463951111, 44.1411323547, 44.5358734131, 44.9306106567, 45.3253517151, 45.7200889587, 46.1148300171, 46.5095672607, 46.9043083191, 47.2990455627, 47.6937866211, 48.1001358032, 48.5064849854, 48.9128341675, 49.3075714111, 49.7023124695, 50.0970497131, 50.5033988953, 50.8981399536, 51.2928771973, 51.6876182556, 52.0823554993, 52.4770965576, 52.871837616, 53.2665748596, 53.661315918, 54.0560531616, 54.45079422, 54.8455314636, 55.2518806458, 55.6582298279, 56.0529708862, 56.4477081299, 56.8424491882, 57.2487983704, 57.6551475525, 58.0498847961, 58.4446258545, 58.8393630981, 59.2341041565, 59.6288414001, 60.0235824585, 60.4183197021, 60.8130607605, 61.2077980042, 61.6025390625, 61.9972763062, 62.3920173645, 62.7983665466, 63.2047157288, 63.6110649109, 64.0174102783, 64.4237594604, 64.8301086426, 65.2364578247, 65.6892471313, 66.142036438, 66.5948257446, 67.0824508667, 67.5700683594, 68.0576858521, 68.5336914062, 69.0097045898, 69.485710144, 69.9733352661, 70.4609527588, 70.9485702515, 71.3897476196, 71.8425369263, 72.2721099854, 72.701675415, 73.1428527832, 73.5840377808, 74.0252151489, 74.4431762695, 74.8611297607, 75.2674789429, 75.673828125, 76.1962814331, 76.7187271118, 77.2643966675, 77.8216781616, 78.3673477173, 78.924621582, 79.4935150146, 80.0624008179, 80.7357788086, 81.4091567993, 82.012878418, 82.6166000366, 83.2435379028, 83.835647583, 84.4277572632, 84.9966430664, 85.5655288696, 86.1460266113, 86.7265319824, 87.2954177856, 87.8643035889, 88.44480896, 89.0253067017, 89.7335128784, 90.4417190552, 91.1499328613, 91.8581390381, 92.6592254639, 93.460319519, 94.2614059448, 95.1089324951, 95.9680709839, 96.8155975342, 97.6747360229, 98.4990463257, 99.3233566284, 100.07800293, 100.832649231, 101.506027222, 102.179405212, 102.841178894, 103.491333008, 104.129882812, 104.768432617, 105.41859436, 105.975868225, 106.533149719, 107.067207336, 107.601264954, 108.1353302, 108.56489563, 108.994468689, 109.424034119, 109.853607178, 110.283172607, 110.712738037, 111.153923035, 111.595100403, 112.024665833, 112.442626953, 112.872200012, 113.290153503, 113.708114624, 114.126075745, 114.520812988, 114.915550232, 115.310295105, 115.705032349, 116.111381531, 116.517730713, 116.924079895, 117.330429077, 117.701950073, 118.085075378, 118.468208313, 118.839729309, 119.246078491, 119.664031982, 120.070381165, 120.465126038, 120.859863281, 121.254600525, 121.649337769, 122.067298889, 122.48526001, 122.891609192, 123.297958374, 123.681083679, 124.064216614, 124.447341919, 124.853691101, 125.248435974, 125.654785156, 126.0495224, 126.444259644, 126.827392578, 127.222129822, 127.616867065, 128.011611938, 128.417953491, 128.812698364, 129.219039917, 129.61378479, 130.008529663, 130.403259277, 130.79800415, 131.204345703, 131.599090576, 131.993835449, 132.388565063, 132.783309937, 133.189651489, 133.584396362, 133.979141235, 134.37387085, 134.768615723, 135.244628906, 135.720626831, 136.196640015, 136.672653198, 137.078994751, 137.485351562, 137.891693115, 138.309661865, 138.727615356, 139.133972168, 139.540313721, 139.946670532, 140.341400146, 140.73614502, 141.142486572, 141.537231445, 141.943572998, 142.338317871, 142.733062744, 143.127792358, 143.522537231, 143.928878784, 144.335235596, 144.729980469, 145.124710083, 145.531066895, 145.925796509, 146.320541382, 146.726898193, 147.133239746, 147.539596558, 147.934326172, 148.329071045, 148.712203979, 149.106933594, 149.501678467, 149.896408081, 150.302764893, 150.709106445, 151.115463257, 151.52180481, 151.916549683, 152.311294556, 152.70602417, 153.100769043, 153.495513916, 153.89024353, 154.284988403, 154.679718018, 155.074462891, 155.469207764, 155.863937378, 156.258682251, 156.653427124, 157.048156738, 157.442901611, 157.849243164, 158.243988037, 158.63873291, 159.033462524, 159.428207397, 159.811340332, 160.206069946, 160.612426758, 161.018768311, 161.425125122, 161.831466675, 162.237823486, 162.644165039, 163.062133789, 163.468475342, 163.874832153, 164.292785645, 164.710739136, 165.117095947, 165.5234375, 165.929794312, 166.336135864, 166.730880737, 167.12562561, 167.520355225, 167.926712036, 168.32144165, 168.727798462, 169.134140015, 169.517272949, 169.900405884, 170.295150757, 170.689880371, 171.084625244, 171.479354858, 171.874099731, 172.268844604, 172.65196228, 173.035095215, 173.418228149, 173.871017456, 174.312194824, 174.741760254, 175.182937622, 175.53125, 175.879547119, 176.227844238, 176.564529419, 176.912826538, 177.261123657, 177.609436035, 177.957733154, 178.306030273, 178.654327393, 179.002624512, 179.339309692, 179.676010132, 180.035919189, 180.395828247, 180.755737305, 181.115646362, 181.510375977, 181.90512085, 182.311477661, 182.787475586, 183.251876831, 183.704666138, 184.157455444, 184.621856689, 185.086257935, 185.55065918], "beats_loudness": {"dmean2": 0.0213771071285, "median": 0.0287739560008, "min": 2.37966402139e-09, "dvar2": 0.000537832616828, "dvar": 0.000187014462426, "dmean": 0.0122773870826, "max": 0.0920947194099, "var": 0.000486712437123, "mean": 0.0293990597129}, "danceability": 0.976568341255, "bpm_histogram_second_peak_weight": {"dmean2": 0, "median": 0.0724299028516, "min": 0.0724299028516, "dvar2": 0, "dvar": 0, "dmean": 0, "max": 0.0724299028516, "var": 0, "mean": 0.0724299028516}, "beats_count": 429, "bpm_histogram_second_peak_bpm": {"dmean2": 0, "median": 144, "min": 144, "dvar2": 0, "dvar": 0, "dmean": 0, "max": 144, "var": 0, "mean": 144}, "bpm_histogram_first_peak_spread": {"dmean2": 0, "median": 0.367041170597, "min": 0.367041170597, "dvar2": 0, "dvar": 0, "dmean": 0, "max": 0.367041170597, "var": 0, "mean": 0.367041170597}, "beats_loudness_band_ratio": {"dmean2": [0.383617311716, 0.23051713407, 0.141476675868, 0.167925924063, 0.110079050064, 0.0930883586407], "median": [0.422511279583, 0.203043997288, 0.103719487786, 0.0854947790504, 0.0684810951352, 0.0305409301072], "min": [0.00313296704553, 0.00100348913111, 0.000264652509941, 0.000399598269723, 8.43255329528e-05, 1.403141232e-05], "dvar2": [0.101927131414, 0.0392938703299, 0.0194375813007, 0.0376086346805, 0.0140412896872, 0.0341085903347], "dvar": [0.0335432216525, 0.0134079838172, 0.00639104750007, 0.0118778394535, 0.00427328888327, 0.0122770313174], "dmean": [0.21885882318, 0.132651731372, 0.0807114243507, 0.0912708416581, 0.0612903051078, 0.0523638799787], "max": [0.996338367462, 0.766500890255, 0.528621613979, 0.711019575596, 0.412064522505, 0.81944078207], "var": [0.0510943979025, 0.0205190367997, 0.00972956325859, 0.0143826501444, 0.00502259004861, 0.00974402856082], "mean": [0.438550531864, 0.220861420035, 0.127402633429, 0.118358880281, 0.0878986492753, 0.0580056607723]}}, "lowlevel": {"barkbands_spread": {"dmean2": 5.94841480255, "median": 19.9007663727, "min": 0.439940929413, "dvar2": 48.0812530518, "dvar": 23.7857704163, "dmean": 3.93259549141, "max": 135.135910034, "var": 204.370651245, "mean": 21.5124588013}, "melbands_spread": {"dmean2": 7.75647115707, "median": 18.9351234436, "min": 0.423927694559, "dvar2": 131.647506714, "dvar": 59.7225875854, "dmean": 5.112408638, "max": 283.305084229, "var": 235.502944946, "mean": 21.706495285}, "hfc": {"dmean2": 5.6243019104, "median": 18.5279064178, "min": 1.48515323417e-06, "dvar2": 115.337814331, "dvar": 69.5450973511, "dmean": 3.91521382332, "max": 271.301544189, "var": 417.197570801, "mean": 19.8638877869}, "barkbands_kurtosis": {"dmean2": 5.65139627457, "median": 1.76574611664, "min": -1.87559092045, "dvar2": 656.05456543, "dvar": 265.089782715, "dmean": 3.48080015182, "max": 538.541320801, "var": 545.3515625, "mean": 6.06336832047}, "gfcc": {"mean": [-57.547794342, 125.164878845, -134.890289307, 44.821182251, -52.3569068909, 1.1873601675, -29.9656772614, -5.66176939011, -21.5200214386, -0.908683776855, -14.8278455734, -12.2506275177, -4.2154841423], "icov": [[0.000146926671732, -0.000298814091366, 0.000294517871225, -0.000564307381865, 0.00065944675589, -0.000370579829905, 0.00057503458811, -0.000662269245367, 0.000304013607092, -0.000432801170973, 0.000573296565562, -0.000301330379443, 0.000384902581573], [-0.000298814091366, 0.00232698931359, -0.000290520954877, 0.000864752160851, -0.0021235102322, 0.00228927796707, -0.00134890247136, 0.00130143447313, -0.00182454043534, 0.00250490591861, -0.00203404924832, 0.00235608359799, -0.00140604015905], [0.000294517871225, -0.000290520954877, 0.00264249090105, -0.000345085805748, -0.00068635964999, -0.000670072098728, 0.00215452071279, -0.00226868106984, 0.000209416364669, 0.000208998520975, 0.00240177102387, -0.000930502545089, 0.00184677331708], [-0.000564307381865, 0.000864752160851, -0.000345085805748, 0.00748392799869, -0.00320843514055, 0.000929338333663, -0.00227820291184, 0.001386914053, -0.00139072968159, 0.00247746380046, -0.00356300571002, 0.00307223806158, -0.00333366403356], [0.00065944675589, -0.0021235102322, -0.00068635964999, -0.00320843514055, 0.0101372245699, -0.00340097071603, -0.00085287517868, -0.00248883548193, 0.00100675597787, -0.00343720382079, 0.00323503883556, -0.00256594712846, 0.00181843654718], [-0.000370579829905, 0.00228927796707, -0.000670072098728, 0.000929338333663, -0.00340097071603, 0.00870244856924, -0.00310437893495, 0.000716299458873, 0.00207826937549, -0.000336058350513, -0.00474964547902, 0.00267886254005, -0.00023553185747], [0.00057503458811, -0.00134890247136, 0.00215452071279, -0.00227820291184, -0.00085287517868, -0.00310437893495, 0.0136336572468, -0.00497618829831, -0.00213365769014, 0.000733736727852, -0.000389111053664, -0.00131158670411, 4.88897921969e-06], [-0.000662269245367, 0.00130143447313, -0.00226868106984, 0.001386914053, -0.00248883548193, 0.000716299458873, -0.00497618829831, 0.016613798216, -0.0059204059653, -0.000587574962992, 0.00207733525895, -0.00508168339729, 0.00133128312882], [0.000304013607092, -0.00182454043534, 0.000209416364669, -0.00139072968159, 0.00100675597787, 0.00207826937549, -0.00213365769014, -0.0059204059653, 0.018911164254, -0.00520406616852, -0.000290948344627, 0.00380266807042, -0.00276693189517], [-0.000432801170973, 0.00250490591861, 0.000208998520975, 0.00247746380046, -0.00343720382079, -0.000336058350513, 0.000733736727852, -0.000587574962992, -0.00520406616852, 0.0166420396417, -0.00725872255862, -0.00188485346735, 0.00172853982076], [0.000573296565562, -0.00203404924832, 0.00240177102387, -0.00356300571002, 0.00323503883556, -0.00474964547902, -0.000389111053664, 0.00207733525895, -0.000290948344627, -0.00725872255862, 0.0227545239031, -0.00717844394967, -0.00026615842944], [-0.000301330379443, 0.00235608359799, -0.000930502545089, 0.00307223806158, -0.00256594712846, 0.00267886254005, -0.00131158670411, -0.00508168339729, 0.00380266807042, -0.00188485346735, -0.00717844394967, 0.0215212535113, -0.00769625650719], [0.000384902581573, -0.00140604015905, 0.00184677331708, -0.00333366403356, 0.00181843654718, -0.00023553185747, 4.88897921969e-06, 0.00133128312882, -0.00276693189517, 0.00172853982076, -0.00026615842944, -0.00769625650719, 0.0205140281469]], "cov": [[28336.3320312, 1437.28759766, -2913.88208008, 1085.40588379, -1549.95288086, -245.88243103, -583.138000488, 40.998462677, -91.5932388306, 44.724811554, 4.03089046478, -180.952789307, 53.6382484436], [1437.28759766, 1564.52197266, -349.133178711, 222.38458252, -25.7347736359, -369.006439209, 76.3820571899, -116.349708557, 151.052963257, -242.471603394, -19.4922943115, -188.274414062, 123.32900238], [-2913.88208008, -349.133178711, 1072.5567627, -202.065979004, 252.961608887, 69.3371582031, -40.4369544983, 127.056106567, -24.6857681274, 10.1532373428, -120.794212341, 44.6428565979, -117.517585754], [1085.40588379, 222.38458252, -202.065979004, 271.187561035, 0.261493444443, -15.673163414, 48.9558258057, -16.2479114532, 35.5909385681, -27.9834899902, 37.159702301, -32.7409896851, 53.3344421387], [-1549.95288086, -25.7347736359, 252.961608887, 0.261493444443, 276.031005859, 81.4624252319, 84.5967788696, 57.0735321045, 24.5042133331, 30.7714004517, 3.20126795769, 28.8899841309, -11.0772066116], [-245.88243103, -369.006439209, 69.3371582031, -15.673163414, 81.4624252319, 274.435852051, 39.0196495056, 43.1363296509, -38.8453559875, 91.5363693237, 50.4909057617, 51.5483512878, -29.3042545319], [-583.138000488, 76.3820571899, -40.4369544983, 48.9558258057, 84.5967788696, 39.0196495056, 154.068099976, 30.7828083038, 43.2683486938, 6.80824899673, 36.2476654053, 12.0090780258, 28.9253368378], [40.998462677, -116.349708557, 127.056106567, -16.2479114532, 57.0735321045, 43.1363296509, 30.7828083038, 131.979888916, 22.9589500427, 45.827003479, -8.99069309235, 45.4857368469, -19.7752685547], [-91.5932388306, 151.052963257, -24.6857681274, 35.5909385681, 24.5042133331, -38.8453559875, 43.2683486938, 22.9589500427, 93.7417221069, 2.48204779625, 9.21708393097, -12.9670228958, 23.6489639282], [44.724811554, -242.471603394, 10.1532373428, -27.9834899902, 30.7714004517, 91.5363693237, 6.80824899673, 45.827003479, 2.48204779625, 139.445968628, 44.1649513245, 55.3035926819, -17.6659927368], [4.03089046478, -19.4922943115, -120.794212341, 37.159702301, 3.20126795769, 50.4909057617, 36.2476654053, -8.99069309235, 9.21708393097, 44.1649513245, 96.0093154907, 29.4785919189, 26.1992702484], [-180.952789307, -188.274414062, 44.6428565979, -32.7409896851, 28.8899841309, 51.5483512878, 12.0090780258, 45.4857368469, -12.9670228958, 55.3035926819, 29.4785919189, 99.2787017822, 7.44737482071], [53.6382484436, 123.32900238, -117.517585754, 53.3344421387, -11.0772066116, -29.3042545319, 28.9253368378, -19.7752685547, 23.6489639282, -17.6659927368, 26.1992702484, 7.44737482071, 85.1746520996]]}, "spectral_energyband_middle_low": {"dmean2": 0.00464060995728, "median": 0.0139834387228, "min": 4.03149464766e-14, "dvar2": 4.23639867222e-05, "dvar": 1.92970273929e-05, "dmean": 0.00325796636753, "max": 0.103462025523, "var": 0.000190181395737, "mean": 0.0159835778177}, "melbands_crest": {"dmean2": 4.00569868088, "median": 13.1751813889, "min": 2.5889954567, "dvar2": 13.9942855835, "dvar": 5.39064693451, "dmean": 2.5756790638, "max": 32.1357727051, "var": 28.1073760986, "mean": 14.1515169144}, "spectral_kurtosis": {"dmean2": 3.3648827076, "median": 3.33191299438, "min": -0.395604610443, "dvar2": 29.7185707092, "dvar": 10.4166917801, "dmean": 1.9398509264, "max": 114.537834167, "var": 116.963798523, "mean": 5.24822950363}, "spectral_rms": {"dmean2": 0.000627578119747, "median": 0.00525446655229, "min": 2.84947191176e-07, "dvar2": 5.33340198672e-07, "dvar": 2.16815521981e-07, "dmean": 0.000422461016569, "max": 0.0103994663805, "var": 6.11763061897e-06, "mean": 0.00469265319407}, "zerocrossingrate": {"dmean2": 0.00867633987218, "median": 0.04736328125, "min": 0.00390625, "dvar2": 0.000140507167089, "dvar": 0.000114125687105, "dmean": 0.00727984076366, "max": 0.5869140625, "var": 0.00215914542787, "mean": 0.054510191083}, "silence_rate_60dB": {"dmean2": 0.0104594696313, "median": 0, "min": 0, "dvar2": 0.0118444785476, "dvar": 0.00520153809339, "dmean": 0.00522908382118, "max": 1, "var": 0.159507662058, "mean": 0.199178382754}, "erbbands_kurtosis": {"dmean2": 1.19673204422, "median": -0.705623626709, "min": -1.78787446022, "dvar2": 12.7465991974, "dvar": 4.80891752243, "dmean": 0.739848673344, "max": 87.7758636475, "var": 12.551618576, "mean": 0.0789218172431}, "erbbands": {"dmean2": [0.0747958943248, 0.968079030514, 2.43826675415, 5.58645057678, 6.71215248108, 9.01964664459, 9.45932388306, 11.841003418, 14.7214746475, 18.6231975555, 16.936920166, 18.1919956207, 19.9917831421, 16.8240261078, 16.3863773346, 21.6054668427, 24.7418193817, 35.5160903931, 29.2153320312, 23.1955661774, 17.8468894958, 28.7431106567, 13.3084774017, 9.20389175415, 7.62957620621, 22.6113605499, 9.40696811676, 6.01967334747, 2.96140766144, 2.12056398392, 1.70170176029, 1.5224916935, 0.597899615765, 0.357010364532, 0.251194059849, 0.102708980441, 0.0264149028808, 0.00378811126575, 0.000381810386898, 2.15608906728e-05], "median": [0.0188194476068, 0.299144119024, 1.55000662804, 5.64150285721, 8.57977390289, 7.09136390686, 10.7048025131, 13.7695484161, 12.8247976303, 11.983745575, 11.5809278488, 11.6771316528, 12.3900976181, 11.8360452652, 9.88324069977, 9.65579128265, 15.6937446594, 15.5882616043, 19.9519577026, 17.5322666168, 13.8385972977, 16.6006145477, 10.6718587875, 8.89980506897, 7.44040679932, 18.3591995239, 8.71611022949, 4.28789901733, 1.69427144527, 0.716290473938, 0.337127536535, 0.225611612201, 0.0748220607638, 0.0208108946681, 0.0123138967901, 0.00205272389576, 0.000298184604617, 2.83157096419e-05, 1.9797920686e-05, 3.49062866007e-05], "min": [3.84352315599e-12, 1.30216878946e-11, 1.6853548071e-11, 2.76600756188e-11, 2.7264886529e-11, 3.12920557521e-11, 3.30269978033e-11, 6.0778576616e-11, 1.06610976991e-10, 1.3504787566e-10, 6.96154106583e-11, 6.9120077717e-11, 9.51128203974e-11, 1.17376483533e-10, 2.02940608762e-10, 1.49282461392e-10, 1.39340414207e-10, 1.0012619206e-10, 1.29655439163e-10, 4.57680893184e-10, 7.27509053e-10, 1.38674860484e-09, 9.53251477753e-10, 4.80738560071e-10, 9.84811232563e-10, 7.97094112936e-10, 1.27077215417e-09, 2.97161628637e-09, 1.46398293488e-09, 3.95697075106e-09, 9.69102398329e-09, 1.55307677829e-08, 2.58198973313e-08, 3.22968745081e-08, 3.11581835888e-08, 3.31340928028e-08, 2.33479848788e-08, 1.07443201003e-08, 6.53224008218e-09, 8.93742690966e-10], "dvar2": [0.0270364284515, 6.11624336243, 22.0137462616, 102.91733551, 113.655067444, 303.268829346, 255.605117798, 383.797119141, 1084.7208252, 2784.77246094, 1603.8302002, 1531.61499023, 1313.25012207, 1045.62097168, 1111.9375, 1734.13171387, 2149.41064453, 5391.44824219, 2617.28173828, 1624.15576172, 1363.15893555, 3623.3347168, 921.023132324, 297.672149658, 543.216918945, 1692.91369629, 879.090332031, 609.77923584, 113.890106201, 107.813667297, 113.362663269, 88.7514190674, 9.23835849762, 3.64797091484, 3.00208687782, 0.410549640656, 0.026542969048, 0.000728341110516, 1.03386100818e-05, 9.84103731838e-09], "dvar": [0.0109252743423, 2.12495994568, 8.08068752289, 42.2077407837, 53.5660629272, 123.324401855, 113.403549194, 199.431884766, 439.525756836, 1246.91015625, 821.03326416, 761.70916748, 626.28338623, 437.650299072, 425.95526123, 689.315795898, 822.145385742, 2390.39086914, 1043.98266602, 670.187255859, 498.745635986, 1403.90356445, 379.751953125, 113.934951782, 244.5675354, 671.341674805, 362.719146729, 298.232513428, 57.1024551392, 62.6315879822, 62.686340332, 63.1982269287, 5.89790964127, 2.10441875458, 1.64603018761, 0.214698538184, 0.0126408236101, 0.000381341698812, 5.78947583563e-06, 5.78083891867e-09], "dmean": [0.0463439263403, 0.585535466671, 1.52221751213, 3.75352597237, 4.84376478195, 6.07276821136, 6.61580467224, 9.01802921295, 9.93649482727, 12.6524190903, 11.8169527054, 12.7333965302, 13.2304344177, 10.7601394653, 10.1829280853, 13.1123514175, 15.5528593063, 22.5127048492, 18.095746994, 14.2479114532, 10.8903951645, 17.4737129211, 8.17630958557, 5.57817459106, 4.72448301315, 13.9937047958, 5.91842460632, 3.9650759697, 1.94174993038, 1.4938390255, 1.23931312561, 1.14029741287, 0.433718830347, 0.255537480116, 0.179449126124, 0.0738709717989, 0.0183657594025, 0.00267880689353, 0.000271475029876, 1.52687953232e-05], "max": [1.54857110977, 17.7609462738, 45.8697776794, 131.868484497, 172.629638672, 274.480957031, 373.061065674, 309.416259766, 549.204284668, 1342.91125488, 882.68170166, 672.545593262, 603.136352539, 548.972717285, 597.35345459, 581.462585449, 681.19519043, 1401.33032227, 651.355224609, 758.691345215, 498.216217041, 747.920043945, 536.025695801, 242.027618408, 712.071289062, 573.520263672, 629.440185547, 670.818908691, 239.040435791, 251.660430908, 358.77041626, 443.557159424, 94.7119064331, 69.7006530762, 61.0937309265, 14.5488195419, 4.81684160233, 0.897365391254, 0.124207280576, 0.00320492126048], "var": [0.0297868233174, 3.64253139496, 19.6674919128, 183.634109497, 441.322937012, 448.480438232, 484.224456787, 1046.96179199, 1081.96008301, 2707.68994141, 2183.75634766, 2021.56774902, 1614.43127441, 936.278198242, 845.560668945, 1285.42529297, 1656.85131836, 4351.94091797, 2394.07983398, 1360.91394043, 1062.17724609, 3202.16821289, 812.829223633, 264.353851318, 569.991271973, 1586.48132324, 872.339477539, 672.299743652, 136.094406128, 163.249572754, 170.543914795, 223.211044312, 20.1051216125, 5.81420564651, 3.61549520493, 0.468024998903, 0.0262138172984, 0.000696221250109, 1.01229989014e-05, 1.2801090854e-08], "mean": [0.0833623483777, 0.976128220558, 3.18235635757, 10.4622068405, 15.9911184311, 14.4419708252, 17.0244922638, 23.7880382538, 21.4280223846, 24.7205142975, 23.844171524, 24.5792922974, 24.7705020905, 20.5309295654, 18.2496242523, 21.981590271, 28.2375030518, 36.7801094055, 36.1678695679, 27.0463676453, 22.1662311554, 32.7175598145, 17.0675792694, 12.5387506485, 11.6429357529, 29.3306541443, 15.1231908798, 8.7092218399, 3.88790750504, 2.75799751282, 2.18663072586, 1.96814930439, 0.763354837894, 0.399073302746, 0.271361231804, 0.106947533786, 0.0256068147719, 0.00368244829588, 0.000374092109269, 4.80895141663e-05]}, "spectral_strongpeak": {"dmean2": 0.597309410572, "median": 0.475414544344, "min": 0, "dvar2": 1.32430112362, "dvar": 0.512835681438, "dmean": 0.34526771307, "max": 11.3312606812, "var": 0.7186216712, "mean": 0.697880208492}, "spectral_energy": {"dmean2": 0.0076849157922, "median": 0.0282996557653, "min": 8.32247742943e-11, "dvar2": 0.000116561714094, "dvar": 4.6348086471e-05, "dmean": 0.00513453176245, "max": 0.110852621496, "var": 0.000455168017652, "mean": 0.0288420282304}, "average_loudness": 0.817088484764, "spectral_rolloff": {"dmean2": 585.906921387, "median": 1033.59375, "min": 64.599609375, "dvar2": 917797.875, "dvar": 443676.5, "dmean": 360.289978027, "max": 20844.140625, "var": 4237115, "mean": 1457.84448242}, "spectral_centroid": {"dmean2": 295.595092773, "median": 1272.1776123, "min": 166.917129517, "dvar2": 104508.023438, "dvar": 50964.5429688, "dmean": 194.814849854, "max": 8216.67675781, "var": 353819, "mean": 1316.34741211}, "pitch_salience": {"dmean2": 0.0975975170732, "median": 0.574835836887, "min": 0.0618365295231, "dvar2": 0.00819720234722, "dvar": 0.00311186024919, "dmean": 0.0611979886889, "max": 0.909632980824, "var": 0.0131250759587, "mean": 0.560208976269}, "spectral_energyband_middle_high": {"dmean2": 0.00206992961466, "median": 0.00482242973521, "min": 9.54415040923e-14, "dvar2": 7.64579544921e-06, "dvar": 3.66033418686e-06, "dmean": 0.00138116837479, "max": 0.0561527572572, "var": 2.16319040192e-05, "mean": 0.00527918804437}, "spectral_contrast_coeffs": {"dmean2": [0.069310978055, 0.0621676780283, 0.056311532855, 0.0460013747215, 0.032513231039, 0.0284428652376], "median": [-0.61700707674, -0.737626671791, -0.765757143497, -0.75973033905, -0.784041166306, -0.692794978619], "min": [-0.938777983189, -0.953556358814, -0.950695097446, -0.952747285366, -0.93459135294, -0.934523701668], "dvar2": [0.00326407537796, 0.00246696360409, 0.00197028578259, 0.00133652775548, 0.000705653219484, 0.00081673450768], "dvar": [0.00119554263074, 0.000958533375524, 0.000752146239392, 0.000490435748361, 0.000271914439509, 0.000433160515968], "dmean": [0.042394567281, 0.0390567108989, 0.0349945574999, 0.0280402582139, 0.0196553617716, 0.018201963976], "max": [-0.289249807596, -0.481304824352, -0.51263153553, -0.587147057056, -0.562368154526, -0.526770949364], "var": [0.00985480751842, 0.00609880825505, 0.0040485705249, 0.00302704726346, 0.00378432334401, 0.00523533392698], "mean": [-0.617462396622, -0.739526033401, -0.765942931175, -0.76665854454, -0.779769778252, -0.703719079494]}, "melbands_skewness": {"dmean2": 0.861711680889, "median": 2.58137249947, "min": -1.4301507473, "dvar2": 1.27074122429, "dvar": 0.557967305183, "dmean": 0.569431066513, "max": 19.3977775574, "var": 3.26025748253, "mean": 2.86092972755}, "spectral_spread": {"dmean2": 450598.78125, "median": 3274611.25, "min": 790156.3125, "dvar2": 507414478848, "dvar": 251113930752, "dmean": 295604.78125, "max": 23895286, "var": 1762718515200.0, "mean": 3608877.25}, "dissonance": {"dmean2": 0.0227165538818, "median": 0.475147277117, "min": 0.250556856394, "dvar2": 0.00054827448912, "dvar": 0.000189595448319, "dmean": 0.0134709393606, "max": 0.500000119209, "var": 0.000492028426379, "mean": 0.470728933811}, "spectral_skewness": {"dmean2": 0.369754761457, "median": 1.21602714062, "min": -0.172919988632, "dvar2": 0.150255411863, "dvar": 0.0532379485667, "dmean": 0.220056280494, "max": 8.99416542053, "var": 0.892157495022, "mean": 1.37226009369}, "spectral_flux": {"dmean2": 0.019705940038, "median": 0.0643404424191, "min": 2.77245380857e-05, "dvar2": 0.000527835567482, "dvar": 0.000201771734282, "dmean": 0.0119701335207, "max": 0.252377331257, "var": 0.00161736900918, "mean": 0.0644368380308}, "spectral_contrast_valleys": {"dmean2": [0.568812668324, 0.472201436758, 0.434885263443, 0.348373472691, 0.263260543346, 0.313366085291], "median": [-7.09497451782, -6.40724992752, -7.25662088394, -7.47415542603, -7.38959884644, -11.3491077423], "min": [-19.6090831757, -19.2330703735, -19.0077514648, -19.048707962, -19.0435848236, -18.7093715668], "dvar2": [0.217812135816, 0.147378802299, 0.123243503273, 0.0925066098571, 0.0792902931571, 0.180037274957], "dvar": [0.0818778499961, 0.0589867271483, 0.055582690984, 0.0441896244884, 0.0394087471068, 0.119639284909], "dmean": [0.342245399952, 0.287291169167, 0.263985931873, 0.218973502517, 0.167609676719, 0.233367517591], "max": [-5.20996284485, -4.74406480789, -5.03371191025, -5.64232158661, -5.44467592239, -7.28541946411], "var": [2.52165675163, 2.83033466339, 2.5567510128, 2.57053661346, 2.80709695816, 2.48388528824], "mean": [-7.53856420517, -6.99806594849, -7.78046941757, -8.00771903992, -7.94499588013, -11.5821123123]}, "erbbands_flatness_db": {"dmean2": 0.0191506594419, "median": 0.175590515137, "min": 0.0209428369999, "dvar2": 0.000408805412007, "dvar": 0.000195351167349, "dmean": 0.0125594837591, "max": 0.392622768879, "var": 0.00175522197969, "mean": 0.17482174933}, "spectral_energyband_high": {"dmean2": 0.000551887438633, "median": 0.000587195216212, "min": 5.94284899069e-11, "dvar2": 2.07641619454e-06, "dvar": 1.25967119402e-06, "dmean": 0.000378104799893, "max": 0.0307633951306, "var": 4.86932003696e-06, "mean": 0.000995822367258}, "spectral_entropy": {"dmean2": 0.155629977584, "median": 7.4231133461, "min": 4.22038459778, "dvar2": 0.0303691308945, "dvar": 0.0135467750952, "dmean": 0.105924360454, "max": 9.43666362762, "var": 0.25033774972, "mean": 7.37507772446}, "silence_rate_20dB": {"dmean2": 0, "median": 1, "min": 1, "dvar2": 0, "dvar": 0, "dmean": 0, "max": 1, "var": 0, "mean": 1}, "melbands_flatness_db": {"dmean2": 0.0273798946291, "median": 0.20744125545, "min": 0.0253483336419, "dvar2": 0.000833119673189, "dvar": 0.000385700463085, "dmean": 0.0186735019088, "max": 0.617393910885, "var": 0.00624128757045, "mean": 0.218578502536}, "barkbands": {"dmean2": [6.14750970271e-05, 0.00372307212092, 0.00246329605579, 0.00241850828752, 0.00209700665437, 0.00138224323746, 0.00111824949272, 0.000871840165928, 0.000675482209772, 0.000705352053046, 0.000480003945995, 0.000490892562084, 0.000478629546706, 0.000746356789023, 0.000567500654142, 0.000390550150769, 0.000542463618331, 0.000275660917396, 0.000164851357113, 0.000383824401069, 0.000174501430592, 8.17141844891e-05, 6.44918036414e-05, 5.18044107594e-05, 3.20316466969e-05, 1.65960846061e-05, 2.16907415052e-06], "median": [1.58629882208e-05, 0.00103380728979, 0.00127864279784, 0.00207879743539, 0.00267031858675, 0.00167399446946, 0.000918488309253, 0.000562185712624, 0.000439959403593, 0.000398295349441, 0.000255925260717, 0.000200965747354, 0.000245178409386, 0.000318068370689, 0.000260071072262, 0.000209560777876, 0.000254303449765, 0.000194428692339, 0.000136918068165, 0.000362110760761, 0.000119743068353, 4.17742194259e-05, 1.41009541039e-05, 8.38439609652e-06, 1.96829591914e-06, 2.94969424885e-07, 7.11714642776e-09], "min": [4.67865424679e-14, 8.2274627649e-14, 1.47153543149e-14, 8.12269613956e-15, 9.01950836609e-15, 6.61045306696e-15, 8.80634405459e-15, 4.00352621267e-15, 2.92188737364e-15, 4.21155792803e-15, 2.60205599133e-15, 4.91945427875e-15, 2.64886663188e-15, 2.2374678116e-15, 3.27029743583e-15, 1.4171413473e-14, 2.27807478285e-14, 1.46510221625e-14, 1.51485032472e-14, 1.63379187701e-14, 6.14579323847e-14, 5.15622904074e-14, 3.11128754054e-13, 1.24723582157e-12, 3.58855740262e-12, 1.15011186338e-11, 4.94550442265e-11], "dvar2": [2.24942731109e-08, 8.35462196846e-05, 2.16844873648e-05, 1.98625421035e-05, 1.17249619507e-05, 4.99287079947e-06, 6.79543791193e-06, 4.555689884e-06, 2.00092699743e-06, 1.40678514526e-06, 8.06504488082e-07, 8.91360514288e-07, 9.7869099136e-07, 2.14365559259e-06, 1.28520389353e-06, 5.53122106339e-07, 1.30054183956e-06, 3.31649971486e-07, 1.3294518908e-07, 4.6312064228e-07, 5.39624977591e-07, 7.46420241171e-08, 1.34000543994e-07, 7.92783367842e-08, 3.25351514618e-08, 9.23350462756e-09, 3.36559807801e-10], "dvar": [7.64748975257e-09, 2.94930559903e-05, 7.98442943051e-06, 9.02737065189e-06, 4.79531308883e-06, 2.41515090238e-06, 3.0742621675e-06, 2.22637277147e-06, 9.96947392196e-07, 6.70527242619e-07, 3.12178570994e-07, 3.5507849816e-07, 3.7261770558e-07, 9.22667481973e-07, 5.08345920025e-07, 2.10518138033e-07, 5.04084425756e-07, 1.30929265652e-07, 5.67517979277e-08, 1.92934919596e-07, 2.35429553186e-07, 3.83524856318e-08, 7.78028024229e-08, 6.03410938993e-08, 2.0213072105e-08, 4.8176342915e-09, 1.8658281864e-10], "dmean": [3.5485430999e-05, 0.00224869395606, 0.00152225443162, 0.0017170739593, 0.00142678723205, 0.00103344349191, 0.000770944869146, 0.00059768272331, 0.000469087477541, 0.000464941229438, 0.0002977316326, 0.000297510239761, 0.000299314997392, 0.000471077451948, 0.000350053131115, 0.000237038024352, 0.000328476045979, 0.000167150297784, 0.000100065815786, 0.0002390746522, 0.0001129