{"tonal": {"thpcp": [1, 0.73500084877, 0.231681451201, 0.11161018163, 0.11287932843, 0.255407899618, 0.357011586428, 0.224709391594, 0.11962787807, 0.105458289385, 0.0752969831228, 0.144910588861, 0.20392292738, 0.125705897808, 0.214009895921, 0.376943349838, 0.271235585213, 0.1595710814, 0.138830035925, 0.115012176335, 0.283800959587, 0.495841294527, 0.364745974541, 0.133205801249, 0.0844590440392, 0.106956966221, 0.188144505024, 0.222685053945, 0.191494166851, 0.323869019747, 0.442698031664, 0.299733042717, 0.156389072537, 0.143638655543, 0.193291649222, 0.549261212349], "hpcp": {"dmean2": [0.233269155025, 0.197343096137, 0.120729230344, 0.101454764605, 0.11892863363, 0.129002347589, 0.156506001949, 0.16467911005, 0.2020213902, 0.208567306399, 0.210157334805, 0.184301897883, 0.181861832738, 0.236483678222, 0.362354189157, 0.315365552902, 0.391527831554, 0.252914637327, 0.13518807292, 0.121227048337, 0.152418866754, 0.181065440178, 0.144452273846, 0.110647305846, 0.108743339777, 0.0803232267499, 0.0909882262349, 0.112180836499, 0.0906526446342, 0.127095073462, 0.181231662631, 0.160598367453, 0.145919531584, 0.129469305277, 0.12578061223, 0.189266383648], "median": [0.0788719132543, 0.0651859417558, 0.0141321429983, 0.00561649072915, 0.00555551378056, 0.0125677837059, 0.0198545698076, 0.0242939963937, 0.0321962200105, 0.0306411907077, 0.0172945503145, 0.0121032660827, 0.0086064832285, 0.0117152500898, 0.151860207319, 0.367236733437, 0.234528422356, 0.0254924111068, 0.00492432015017, 0.00643080053851, 0.0304849110544, 0.0577692911029, 0.0388975478709, 0.00955370813608, 0.00458448054269, 0.00498425168917, 0.0200279690325, 0.0284559428692, 0.0167702808976, 0.0305498261005, 0.0581694170833, 0.0520008504391, 0.0136876655743, 0.00976502057165, 0.00882317684591, 0.0342327654362], "min": [0, 0, 0, 0, 0, 0, 0, 0, 0, 0, 0, 0, 0, 0, 0, 0, 0, 0, 0, 0, 0, 0, 0, 0, 0, 0, 0, 0, 0, 0, 0, 0, 0, 0, 0, 0], "dvar2": [0.11309851706, 0.0850805193186, 0.0551592931151, 0.059284824878, 0.0745561793447, 0.0735233724117, 0.082550086081, 0.0792042165995, 0.106446020305, 0.123738847673, 0.12521840632, 0.119753740728, 0.124118871987, 0.146326094866, 0.173403054476, 0.126267015934, 0.179749935865, 0.130316525698, 0.0833268538117, 0.0669756829739, 0.0685861557722, 0.0733572542667, 0.0616634003818, 0.054121915251, 0.0627650693059, 0.036491304636, 0.0338038802147, 0.0463321618736, 0.0391932167113, 0.0505209043622, 0.0835031718016, 0.0624606870115, 0.0722618922591, 0.0672744959593, 0.0696351751685, 0.095340333879], "dvar": [0.0484455600381, 0.0326174460351, 0.0196639541537, 0.0208040773869, 0.0259533748031, 0.0287255290896, 0.0335081778467, 0.0290591008961, 0.0398599356413, 0.0499315857887, 0.0463417619467, 0.0430291965604, 0.0437340475619, 0.0524242594838, 0.060131598264, 0.0586420670152, 0.0647970661521, 0.0461393408477, 0.0302642211318, 0.0242996197194, 0.0267298687249, 0.0312866382301, 0.0237411689013, 0.0203826595098, 0.0233435891569, 0.0134293287992, 0.0129583775997, 0.018369756639, 0.0143175926059, 0.0198711734265, 0.0363817252219, 0.023616399616, 0.0271444097161, 0.0252187494189, 0.0246447902173, 0.0365128554404], "dmean": [0.137441575527, 0.11568813026, 0.067245207727, 0.0554198995233, 0.0645716190338, 0.072735182941, 0.0893632248044, 0.0937132760882, 0.116502955556, 0.118041329086, 0.118610434234, 0.099693864584, 0.0971841961145, 0.12752443552, 0.205769047141, 0.18906378746, 0.224993810058, 0.139439508319, 0.0735737457871, 0.0678166747093, 0.0901158675551, 0.108565419912, 0.0863569453359, 0.0621314570308, 0.0604212507606, 0.0444346927106, 0.0536484234035, 0.0668473318219, 0.0522810667753, 0.0751543492079, 0.108721502125, 0.0940968096256, 0.0819688290358, 0.0724026486278, 0.0687206238508, 0.108144782484], "max": [1, 1, 1, 1, 1, 1, 1, 1, 1, 1, 1, 1, 1, 1, 1, 1, 1, 1, 1, 1, 1, 1, 1, 1, 1, 1, 1, 1, 1, 1, 1, 1, 1, 1, 1, 1], "var": [0.0986384823918, 0.0560650229454, 0.0167580600828, 0.0138994073495, 0.0201618000865, 0.0446915514767, 0.0475060194731, 0.0282656531781, 0.0612737052143, 0.115650221705, 0.0603056140244, 0.0305648241192, 0.0290896333754, 0.0385615974665, 0.0764654204249, 0.156994640827, 0.108099855483, 0.0385411866009, 0.021559631452, 0.0189840849489, 0.0448002777994, 0.0647425577044, 0.0287447199225, 0.0202942714095, 0.0215661898255, 0.010645375587, 0.0173361822963, 0.0328628160059, 0.0159815959632, 0.0289919395, 0.0727989450097, 0.0337851829827, 0.0258709713817, 0.0233874320984, 0.0181119609624, 0.0487881787121], "mean": [0.233823955059, 0.172003313899, 0.0628158822656, 0.039828363806, 0.0504377149045, 0.0887233316898, 0.105011627078, 0.0903029367328, 0.152726963162, 0.208763182163, 0.141345158219, 0.0737484171987, 0.0677357017994, 0.0911505743861, 0.259015202522, 0.471570163965, 0.346604466438, 0.109254062176, 0.0526320300996, 0.0532305240631, 0.120442740619, 0.168356016278, 0.105966247618, 0.0564129389822, 0.0497309826314, 0.0355078093708, 0.0683355107903, 0.0961639657617, 0.0592791512609, 0.100920684636, 0.177755236626, 0.127906605601, 0.0752489641309, 0.0654681026936, 0.0542363114655, 0.133832067251]}, "tuning_equal_tempered_deviation": 0.0627380907536, "chords_changes_rate": 0.0653548836708, "key_key": "G", "tuning_diatonic_strength": 0.63158506155, "key_scale": "major", "chords_number_rate": 0.00187397515401, "tuning_frequency": 435.700531006, "tuning_nontempered_energy_ratio": 0.676701903343, "chords_histogram": [24.2211284637, 2.48301720619, 38.8381347656, 0, 1.07753574848, 0, 0.0468493774533, 0, 0, 0.187397509813, 0.327945649624, 0.210822209716, 0, 0, 0, 0.163972824812, 0, 9.27617740631, 0.39821973443, 3.88849854469, 0, 2.50644183159, 16.2801589966, 0.0936987549067], "key_strength": 0.733930885792, "chords_key": "D", "chords_strength": {"dmean2": 0.00864750612527, "median": 0.461263507605, "min": -1, "dvar2": 0.000938206561841, "dvar": 0.000494753418025, "dmean": 0.00938900187612, "max": 0.743460893631, "var": 0.0163024719805, "mean": 0.46196180582}, "chords_scale": "major", "hpcp_entropy": {"dmean2": 0.919882237911, "median": 1.76122832298, "min": 0, "dvar2": 0.620369851589, "dvar": 0.248394519091, "dmean": 0.557942092419, "max": 4.5115852356, "var": 0.553400695324, "mean": 1.76802241802}}, "metadata": {"audio_properties": {"equal_loudness": 0, "codec": "mp3", "downmix": "mix", "sample_rate": 44100, "analysis_sample_rate": 44100, "bit_rate": 192000, "md5_encoded": "2d4a112a18afe27ada29a28fcb4e8738", "length": 198.19102478, "replay_gain": -13.2017536163, "lossless": false}, "version": {"essentia_build_sha": "70f2e5ece6736b2c40cc944ad0e695b16b925413", "essentia": "2.1-beta2", "extractor": "music 1.0", "essentia_git_sha": "v2.1_beta2"}, "tags": {"title": ["Need All My Friends"], "artist": ["Lynyrd Skynyrd"], "albumartist": ["Lynyrd Skynyrd"], "date": ["2000"], "genre": ["Southern Rock"], "album": ["Skynyrd Collectybles"], "tracknumber": ["2"], "musicbrainz_recordingid": ["0499d1ac-88f7-4248-9b72-cabd0cf90e1f"], "file_name": "117377.mp3"}}, "rhythm": {"bpm_histogram_first_peak_bpm": {"dmean2": 0, "median": 120, "min": 120, "dvar2": 0, "dvar": 0, "dmean": 0, "max": 120, "var": 0, "mean": 120}, "bpm": 120.325706482, "bpm_histogram_second_peak_spread": {"dmean2": 0, "median": 0.511450409889, "min": 0.511450409889, "dvar2": 0, "dvar": 0, "dmean": 0, "max": 0.511450409889, "var": 0, "mean": 0.511450409889}, "bpm_histogram_first_peak_weight": {"dmean2": 0, "median": 0.33995038271, "min": 0.33995038271, "dvar2": 0, "dvar": 0, "dmean": 0, "max": 0.33995038271, "var": 0, "mean": 0.33995038271}, "onset_rate": 3.63763809204, "beats_position": [0.46439909935, 0.952018141747, 1.43963718414, 1.92725622654, 2.41487526894, 2.90249419212, 3.39011335373, 3.90095233917, 4.41179132462, 4.92263031006, 5.4334692955, 5.94430828094, 6.44353723526, 6.94276618958, 7.4303855896, 7.91800451279, 8.40562343597, 8.90485286713, 9.4040813446, 9.91492080688, 10.4025392532, 10.8901586533, 11.3777770996, 11.8770065308, 12.3762359619, 12.8754644394, 13.3746938705, 13.8855323792, 14.3847618103, 14.8839902878, 15.3716096878, 15.8592290878, 16.3584575653, 16.8576869965, 17.3569164276, 17.8561439514, 18.3437633514, 18.8313827515, 19.3190021515, 19.8182315826, 20.3174591064, 20.8282985687, 21.339138031, 21.8383674622, 22.3375968933, 22.8368244171, 23.3244438171, 23.8236732483, 24.3229026794, 24.8221302032, 25.3329696655, 25.8321990967, 26.3314285278, 26.830657959, 27.3298854828, 27.8291149139, 28.3283443451, 28.8275737762, 29.3268013, 29.8260307312, 30.3252601624, 30.8244895935, 31.3004989624, 31.7881164551, 32.2757377625, 32.7865753174, 33.2974128723, 33.7966423035, 34.2958717346, 34.7951011658, 35.2943305969, 35.7935600281, 36.2927894592, 36.8036270142, 37.3144645691, 37.8253059387, 38.3245353699, 38.823764801, 39.334602356, 39.8338317871, 40.3330612183, 40.8206787109, 41.3083000183, 41.8191375732, 42.3183670044, 42.8175964355, 43.3168258667, 43.8276634216, 44.3385009766, 44.86095047, 45.3601799011, 45.8594093323, 46.3702468872, 46.8694763184, 47.3687057495, 47.8679351807, 48.3671646118, 48.8780021667, 49.3888435364, 49.8880729675, 50.3873023987, 50.8749198914, 51.3741493225, 51.8733787537, 52.3726081848, 52.871837616, 53.3710632324, 53.8702926636, 54.3811340332, 54.8803634644, 55.3795890808, 55.878818512, 56.3780479431, 56.8656692505, 57.3532867432, 57.8525161743, 58.3285255432, 58.8161430359, 59.3037643433, 59.7913818359, 60.2557830811, 60.708568573, 61.1613578796, 61.6257591248, 62.0785484314, 62.531337738, 62.9957351685, 63.4601364136, 63.9129257202, 64.3657150269, 64.8301086426, 65.2945098877, 65.7472991943, 66.200088501, 66.6528778076, 67.1056671143, 67.5700683594, 68.0344696045, 68.4988632202, 68.9632644653, 69.416053772, 69.8688430786, 70.3332443237, 70.8092498779, 71.273651123, 71.7264404297, 72.1908340454, 72.6436233521, 73.0964126587, 73.5492019653, 74.001991272, 74.489616394, 74.9772338867, 75.4764633179, 75.975692749, 76.4749221802, 76.9741516113, 77.4733810425, 77.9726028442, 78.4602279663, 78.9594573975, 79.4702911377, 79.9695205688, 80.46875, 80.9679794312, 81.4672088623, 81.9664382935, 82.4656677246, 82.9648971558, 83.4757385254, 83.9749679565, 84.4858016968, 84.9966430664, 85.507484436, 86.0067138672, 86.5175476074, 87.0167770386, 87.5276184082, 88.0384597778, 88.5492935181, 89.0485229492, 89.5477523804, 90.0469818115, 90.5462112427, 91.0454406738, 91.5562820435, 92.0671157837, 92.5663452148, 93.065574646, 93.5764160156, 94.0756454468, 94.5864868164, 95.0857162476, 95.5733337402, 96.0609512329, 96.5485687256, 97.0361862183, 97.5238113403, 98.011428833, 98.4990463257, 98.9634475708, 99.439453125, 99.9038543701, 100.368255615, 100.821044922, 101.273826599, 101.726615906, 102.202629089, 102.678634644, 103.143035889, 103.595825195, 104.06022644, 104.513015747, 104.965805054, 105.41859436, 105.882987976, 106.347389221, 106.811790466, 107.264579773, 107.71736908, 108.181770325, 108.64616394, 109.110565186, 109.574966431, 110.039360046, 110.503761292, 110.968162537, 111.432563782, 111.896957397, 112.361358643, 112.825759888, 113.290153503, 113.766166687, 114.218955994, 114.660133362, 115.112922668, 115.565711975, 116.03011322, 116.494506836, 116.947296143, 117.400085449, 117.864486694, 118.317276001, 118.770065308, 119.211242676, 119.664031982, 120.116821289, 120.581222534, 121.034011841, 121.486801147, 121.939590454, 122.392379761, 122.845169067, 123.297958374, 123.762359619, 124.226753235, 124.69115448, 125.143943787, 125.596733093, 126.061134338, 126.548751831, 127.036369324, 127.523986816, 128.046432495, 128.580490112, 129.114562988, 129.648620605, 130.171066284, 130.681900024, 131.181137085, 131.680358887, 132.179595947, 132.678817749, 133.17805481, 133.677276611, 134.164901733, 134.675735474, 135.174957275, 135.674194336, 136.161804199, 136.66104126, 137.160263062, 137.659500122, 138.158721924, 138.657958984, 139.157180786, 139.644805908, 140.155639648, 140.654876709, 141.154098511, 141.66494751, 142.17578125, 142.68661499, 143.174240112, 143.661849976, 144.149475098, 144.648712158, 145.14793396, 145.635559082, 146.123168945, 146.622406006, 147.121627808, 147.620864868, 148.12008667, 148.61932373, 149.118545532, 149.617782593, 150.117004395, 150.616226196, 151.115463257, 151.603088379, 152.090698242, 152.589935303, 153.089157104, 153.588394165, 154.087615967, 154.586837769, 155.086074829, 155.573699951, 156.061309814, 156.548934937, 157.024932861, 157.500946045, 157.96534729, 158.429748535, 158.89414978, 159.358551025, 159.811340332, 160.264129639, 160.728515625, 161.19291687, 161.645706177, 162.098495483, 162.562896729, 163.027297974, 163.48008728, 163.932876587, 164.397277832, 164.861679077, 165.314468384, 165.76725769, 166.231658936, 166.696044922, 167.148834229, 167.601623535, 168.06602478, 168.530426025, 168.994827271, 169.447616577, 169.912017822, 170.376419067, 170.829208374, 171.293609619, 171.769607544, 172.245620728, 172.73324585, 173.220855713, 173.708480835, 174.17288208, 174.637283325, 175.101669312, 175.566070557, 176.030471802, 176.506484985, 177.028930664, 177.539764404, 178.050613403, 178.561447144, 179.072280884, 179.583129883, 180.093963623, 180.593200684, 181.092422485, 181.580047607, 182.079269409, 182.57850647, 183.066116333, 183.565353394, 184.064575195, 184.563812256, 185.063034058, 185.562271118, 186.06149292, 186.549118042, 187.036727905, 187.524353027, 188.011962891, 188.511199951, 189.010421753, 189.521270752, 190.032104492, 190.542938232, 191.053787231, 191.564620972, 192.133514404, 192.702392578, 193.259674072, 193.816955566, 194.374237061, 194.989562988, 195.616500854, 196.243438721, 196.870376587, 197.497314453], "beats_loudness": {"dmean2": 0.0259578078985, "median": 0.0362051799893, "min": 0, "dvar2": 0.000464416894829, "dvar": 0.000152853128384, "dmean": 0.0151621121913, "max": 0.107021592557, "var": 0.000293834862532, "mean": 0.0381509996951}, "danceability": 1.12152993679, "bpm_histogram_second_peak_weight": {"dmean2": 0, "median": 0.158808931708, "min": 0.158808931708, "dvar2": 0, "dvar": 0, "dmean": 0, "max": 0.158808931708, "var": 0, "mean": 0.158808931708}, "beats_count": 404, "bpm_histogram_second_peak_bpm": {"dmean2": 0, "median": 129, "min": 129, "dvar2": 0, "dvar": 0, "dmean": 0, "max": 129, "var": 0, "mean": 129}, "bpm_histogram_first_peak_spread": {"dmean2": 0, "median": 0.458498001099, "min": 0.458498001099, "dvar2": 0, "dvar": 0, "dmean": 0, "max": 0.458498001099, "var": 0, "mean": 0.458498001099}, "beats_loudness_band_ratio": {"dmean2": [0.419077813625, 0.180934920907, 0.201396659017, 0.145677089691, 0.0895349234343, 0.123473696411], "median": [0.504264473915, 0.0978315323591, 0.14957138896, 0.0706423893571, 0.0387723296881, 0.0289833191782], "min": [0, 0, 0, 0, 0, 0], "dvar2": [0.0988900214434, 0.0282605104148, 0.0285588540137, 0.0223822761327, 0.0103530650958, 0.0384207330644], "dvar": [0.0400112755597, 0.0102139208466, 0.010569694452, 0.00798603706062, 0.00357127701864, 0.0141810970381], "dmean": [0.243169024587, 0.10280367732, 0.116465009749, 0.0817979648709, 0.0510001629591, 0.0677681937814], "max": [0.979634642601, 0.608675003052, 0.715193033218, 0.571745157242, 0.55885207653, 0.911820352077], "var": [0.0755528360605, 0.0109289567918, 0.0166877377778, 0.0094053260982, 0.00552286673337, 0.0164260603487], "mean": [0.486290633678, 0.131135568023, 0.178003042936, 0.100679494441, 0.0611761026084, 0.0693314671516]}}, "lowlevel": {"barkbands_spread": {"dmean2": 6.89606285095, "median": 15.7249689102, "min": 0.429708361626, "dvar2": 109.07346344, "dvar": 54.1951522827, "dmean": 4.59961462021, "max": 112.009002686, "var": 190.100463867, "mean": 18.8309516907}, "melbands_spread": {"dmean2": 8.61678886414, "median": 15.8424186707, "min": 0.604417860508, "dvar2": 280.466430664, "dvar": 143.780410767, "dmean": 5.8318901062, "max": 238.144546509, "var": 530.733703613, "mean": 21.0790805817}, "hfc": {"dmean2": 8.13175010681, "median": 13.1646900177, "min": 1.08604268244e-16, "dvar2": 289.157287598, "dvar": 147.629501343, "dmean": 5.72276449203, "max": 257.54006958, "var": 513.444030762, "mean": 21.1633338928}, "barkbands_kurtosis": {"dmean2": 4.24192047119, "median": 2.44460582733, "min": -1.91821837425, "dvar2": 45.5075645447, "dvar": 19.5177059174, "dmean": 2.73351812363, "max": 101.85092926, "var": 62.66639328, "mean": 4.99027109146}, "gfcc": {"mean": [-12.0207281113, 106.705665588, -104.870994568, 22.89453125, -49.6012496948, 15.5048427582, -31.1314067841, 14.396821022, -23.9688510895, 4.04317951202, -22.3750743866, -5.30613946915, -12.8695716858], "icov": [[0.000292123353574, -0.000591350311879, 0.000496394583024, -0.000742761534639, 0.000747576588765, -0.000842806999572, 0.000904821441509, -0.000559536041692, 0.000813270744402, -0.00094521662686, 0.00138657446951, -0.000870472402312, 0.000728036044165], [-0.000591350311879, 0.00230536516756, -0.000729018996935, 0.00205448502675, -0.00236108363606, 0.00212699198164, -0.00214033387601, 0.00126780197024, -0.00199079699814, 0.00319063430652, -0.00294712581672, 0.00287343561649, -0.0014568552142], [0.000496394583024, -0.000729018996935, 0.00221525155939, -0.00147879926953, 0.000637787685264, -0.00182766304351, 0.00111204432324, -0.000619208149146, 0.000657064723782, -0.000911378883757, 0.00195375876501, -0.00200629071333, 0.00187042506877], [-0.000742761534639, 0.00205448502675, -0.00147879926953, 0.00553344702348, -0.00207410100847, 0.00190914899576, -0.00235588196665, 0.00105789920781, -0.0019019478932, 0.00284318393096, -0.00398514512926, 0.00394234107807, -0.00190926541109], [0.000747576588765, -0.00236108363606, 0.000637787685264, -0.00207410100847, 0.00573046412319, -0.00201009213924, 0.00176639924757, -0.00102574075572, 0.000907726061996, -0.00285084918141, 0.00338831101544, -0.00109975482337, 0.000387765321648], [-0.000842806999572, 0.00212699198164, -0.00182766304351, 0.00190914899576, -0.00201009213924, 0.00933367479593, -0.00319253955968, 0.000600450497586, -0.00108829315286, 0.00137439498212, -0.00356343458407, 0.00252793054096, -0.00186175806448], [0.000904821441509, -0.00214033387601, 0.00111204432324, -0.00235588196665, 0.00176639924757, -0.00319253955968, 0.00899701472372, -0.00361870741472, 0.0027706164401, -0.00351699232124, 0.00366016384214, -0.00250551197678, 0.00207977974787], [-0.000559536041692, 0.00126780197024, -0.000619208149146, 0.00105789920781, -0.00102574075572, 0.000600450497586, -0.00361870741472, 0.0121725201607, -0.0033961746376, 0.000861572683789, -0.00260477466509, 0.00204476085491, -0.0026764832437], [0.000813270744402, -0.00199079699814, 0.000657064723782, -0.0019019478932, 0.000907726061996, -0.00108829315286, 0.0027706164401, -0.0033961746376, 0.0130997328088, -0.00425893254578, 0.00444833235815, -0.00413870997727, -0.000541657151189], [-0.00094521662686, 0.00319063430652, -0.000911378883757, 0.00284318393096, -0.00285084918141, 0.00137439498212, -0.00351699232124, 0.000861572683789, -0.00425893254578, 0.0157272778451, -0.00804487895221, 0.0049347942695, -0.00279058236629], [0.00138657446951, -0.00294712581672, 0.00195375876501, -0.00398514512926, 0.00338831101544, -0.00356343458407, 0.00366016384214, -0.00260477466509, 0.00444833235815, -0.00804487895221, 0.0221149083227, -0.00891273468733, 0.00345255061984], [-0.000870472402312, 0.00287343561649, -0.00200629071333, 0.00394234107807, -0.00109975482337, 0.00252793054096, -0.00250551197678, 0.00204476085491, -0.00413870997727, 0.0049347942695, -0.00891273468733, 0.0184519235045, -0.00575721869245], [0.000728036044165, -0.0014568552142, 0.00187042506877, -0.00190926541109, 0.000387765321648, -0.00186175806448, 0.00207977974787, -0.0026764832437, -0.000541657151189, -0.00279058236629, 0.00345255061984, -0.00575721869245, 0.017747072503]], "cov": [[21217.8847656, 654.87878418, -2439.71362305, 455.992553711, -1307.00109863, 409.553649902, -689.404724121, 95.765838623, -628.316467285, 103.574363708, -406.95614624, -167.555664062, -321.794006348], [654.87878418, 1771.4465332, -173.50793457, -206.321716309, 423.358093262, -173.773971558, 65.6221542358, -37.0461235046, 73.056602478, -151.38899231, -57.1994361877, -120.891433716, 24.2208118439], [-2439.71362305, -173.50793457, 947.019714355, 75.5450973511, 135.566467285, 53.4200286865, 71.1655197144, -4.32860851288, 64.5319442749, -12.7810106277, 35.9763183594, 43.313167572, -5.18034648895], [455.992553711, -206.321716309, 75.5450973511, 322.470367432, -20.9619789124, 36.1194496155, 6.43447351456, 14.2721252441, -14.5906629562, 12.8593378067, 5.68145227432, -20.9034767151, -9.57726764679], [-1307.00109863, 423.358093262, 135.566467285, -20.9619789124, 433.638366699, -41.7589797974, 60.604888916, -3.26353621483, 73.1632995605, -20.8018665314, -3.79287362099, -36.0968933105, 38.3674163818], [409.553649902, -173.773971558, 53.4200286865, 36.1194496155, -41.7589797974, 174.88923645, 18.2235813141, 20.3483524323, -20.9259548187, 30.671251297, 5.79591655731, 5.74524021149, -7.69777107239], [-689.404724121, 65.6221542358, 71.1655197144, 6.43447351456, 60.604888916, 18.2235813141, 188.767089844, 33.2794303894, 14.7669830322, 10.5675020218, 10.6861152649, -4.93257427216, 8.77834892273], [95.765838623, -37.0461235046, -4.32860851288, 14.2721252441, -3.26353621483, 20.3483524323, 33.2794303894, 104.74559021, 18.3785476685, 18.6804351807, 4.54622793198, 1.87020325661, 12.3453702927], [-628.316467285, 73.056602478, 64.5319442749, -14.5906629562, 73.1632995605, -20.9259548187, 14.7669830322, 18.3785476685, 122.084892273, 7.81900453568, 4.96288490295, 13.0057144165, 28.85820961], [103.574363708, -151.38899231, -12.7810106277, 12.8593378067, -20.8018665314, 30.671251297, 10.5675020218, 18.6804351807, 7.81900453568, 105.880355835, 23.3382015228, 4.55802154541, 5.13081026077], [-406.95614624, -57.1994361877, 35.9763183594, 5.68145227432, -3.79287362099, 5.79591655731, 10.6861152649, 4.54622793198, 4.96288490295, 23.3382015228, 78.7048721313, 27.1782588959, 6.26933240891], [-167.555664062, -120.891433716, 43.313167572, -20.9034767151, -36.0968933105, 5.74524021149, -4.93257427216, 1.87020325661, 13.0057144165, 4.55802154541, 27.1782588959, 90.8171386719, 17.6751689911], [-321.794006348, 24.2208118439, -5.18034648895, -9.57726764679, 38.3674163818, -7.69777107239, 8.77834892273, 12.3453702927, 28.85820961, 5.13081026077, 6.26933240891, 17.6751689911, 76.4412155151]]}, "spectral_energyband_middle_low": {"dmean2": 0.00829265639186, "median": 0.0118559859693, "min": 1.52741835933e-22, "dvar2": 0.000172313841176, "dvar": 6.29436035524e-05, "dmean": 0.00506551982835, "max": 0.0831508114934, "var": 0.000112697685836, "mean": 0.0142282545567}, "melbands_crest": {"dmean2": 4.45676422119, "median": 13.5667495728, "min": 1.55466902256, "dvar2": 18.0970153809, "dvar": 7.39387893677, "dmean": 2.71987628937, "max": 31.8386249542, "var": 28.4731044769, "mean": 14.1745643616}, "spectral_kurtosis": {"dmean2": 3.43596172333, "median": 5.35716724396, "min": -1.25145363808, "dvar2": 18.0350112915, "dvar": 7.64061832428, "dmean": 2.13928294182, "max": 61.375793457, "var": 33.6748771667, "mean": 6.86745643616}, "spectral_rms": {"dmean2": 0.00103851268068, "median": 0.00548291578889, "min": 3.12980696048e-12, "dvar2": 1.42351029808e-06, "dvar": 6.35394940218e-07, "dmean": 0.000682710902765, "max": 0.010484659113, "var": 3.29928798237e-06, "mean": 0.00533882435411}, "zerocrossingrate": {"dmean2": 0.011006151326, "median": 0.04052734375, "min": 0.00537109375, "dvar2": 0.000272550212685, "dvar": 0.000263063906459, "dmean": 0.00957027822733, "max": 0.525390625, "var": 0.00377471465617, "mean": 0.0547972582281}, "silence_rate_60dB": {"dmean2": 0.00843585282564, "median": 0, "min": 0, "dvar2": 0.00906743574888, "dvar": 0.00419980380684, "dmean": 0.00421743188053, "max": 1, "var": 0.0397517904639, "mean": 0.0414665564895}, "erbbands_kurtosis": {"dmean2": 1.1043497324, "median": -0.0149686336517, "min": -1.79527282715, "dvar2": 2.125248909, "dvar": 0.926754534245, "dmean": 0.721551120281, "max": 20.6127948761, "var": 3.08744692802, "mean": 0.442268878222}, "erbbands": {"dmean2": [0.11468744278, 1.12594306469, 4.0823559761, 11.895357132, 12.7077941895, 10.6732168198, 11.1193151474, 10.8198595047, 9.55307483673, 15.3133563995, 29.4660301208, 27.7019462585, 26.0856227875, 18.5146274567, 14.1143522263, 31.6181278229, 18.4073066711, 17.0143985748, 33.9684638977, 10.4655838013, 13.1734037399, 10.4089641571, 6.00703048706, 6.77555418015, 21.2180271149, 6.91036224365, 4.91653633118, 4.23917722702, 3.77548646927, 2.72780132294, 4.32713842392, 4.75536584854, 2.65755748749, 1.36608624458, 0.488237380981, 0.290805399418, 0.0827691480517, 0.0140606407076, 0.000682719342876, 2.65954604401e-05], "median": [0.0534533187747, 0.92579972744, 3.77538776398, 8.08488845825, 4.84364271164, 4.31338500977, 6.93337917328, 6.79254055023, 7.08561468124, 8.84000968933, 24.1036491394, 22.0623760223, 25.4520664215, 12.6270723343, 8.53297996521, 19.4667243958, 6.30447530746, 11.7157373428, 15.449508667, 7.7383313179, 9.43820858002, 8.1128911972, 5.02306842804, 3.80273866653, 4.01654911041, 4.02665090561, 2.41330051422, 1.26058495045, 0.842823207378, 0.556249201298, 0.436703175306, 0.327257573605, 0.208536595106, 0.130746796727, 0.0636946111917, 0.0324024446309, 0.00887649785727, 0.00114107807167, 4.78428009956e-05, 4.01957659051e-05], "min": [4.95904975619e-23, 9.15216782756e-22, 2.48990775174e-21, 3.76194230109e-21, 7.50187949762e-21, 2.11097413208e-20, 4.99740747021e-20, 8.04789350359e-20, 1.10140119613e-19, 2.4014050969e-19, 2.01554718388e-19, 2.74879613876e-19, 6.9751901756e-19, 6.20410326532e-19, 1.01153342509e-18, 1.41828563604e-18, 1.52349494495e-18, 2.22915724545e-18, 2.67163187153e-18, 2.77285148155e-18, 3.99483609469e-18, 5.14981390834e-18, 5.13512318066e-18, 6.96928286525e-18, 6.3756587666e-18, 8.86355955522e-18, 1.00096819868e-17, 7.46500310737e-18, 1.01921886356e-17, 1.05623726393e-17, 1.16891861938e-17, 1.09118018541e-17, 9.49639077413e-18, 9.21054527858e-18, 5.50948485998e-18, 4.19786798963e-18, 2.31461203376e-18, 1.03396108324e-18, 2.35555964543e-19, 2.83110254841e-20], "dvar2": [0.0340956859291, 2.46408367157, 34.4676742554, 364.048461914, 810.829772949, 443.102539062, 421.981109619, 471.165161133, 333.901367188, 1002.32983398, 3125.23632812, 3249.12792969, 1737.64355469, 1334.63476562, 968.166809082, 4608.89355469, 5498.61523438, 1273.52856445, 12987.4521484, 657.763916016, 688.372192383, 313.317016602, 110.957489014, 192.844650269, 6269.47216797, 190.192565918, 175.266296387, 82.7573471069, 63.1795768738, 41.2459220886, 466.993499756, 643.734069824, 166.107772827, 27.3454818726, 2.59953355789, 1.0560362339, 0.0692793801427, 0.00200488558039, 1.13568130473e-05, 4.48509762663e-09], "dvar": [0.0141557026654, 0.990140199661, 14.1878013611, 134.238479614, 297.988037109, 164.489959717, 181.218185425, 188.287658691, 135.859268188, 464.583740234, 1386.88647461, 1496.24853516, 778.677124023, 629.602661133, 448.237945557, 2234.03149414, 2520.9206543, 654.501037598, 4670.87011719, 329.583099365, 296.856872559, 149.63923645, 54.4095916748, 77.9397659302, 2560.60205078, 82.4109039307, 78.7167358398, 39.1458358765, 28.68334198, 22.3311214447, 220.916320801, 299.260162354, 81.6039199829, 12.7884607315, 1.20031428337, 0.511848211288, 0.0334198363125, 0.000921454920899, 5.08114044351e-06, 2.0661901079e-09], "dmean": [0.0718778595328, 0.700983166695, 2.48149347305, 7.13759040833, 7.30484437943, 6.2085814476, 7.03652048111, 6.74358892441, 6.10249423981, 9.88271522522, 20.2707118988, 18.5826358795, 17.4745769501, 12.6254072189, 9.46060848236, 21.490026474, 12.3237028122, 11.6143808365, 21.1957035065, 7.00107431412, 8.6235704422, 6.82117080688, 3.91702699661, 4.2956776619, 13.255730629, 4.4915394783, 3.2811164856, 2.8658015728, 2.56407570839, 1.87979483604, 2.96084070206, 3.16074323654, 1.79318547249, 0.913409173489, 0.331507712603, 0.196837484837, 0.0565732717514, 0.00922076590359, 0.000430320564192, 1.75290279003e-05], "max": [1.43603527546, 10.9345417023, 50.5757904053, 128.325744629, 271.488922119, 234.202728271, 339.464691162, 272.533477783, 181.488433838, 550.548034668, 739.915161133, 1099.55957031, 763.521484375, 595.459716797, 523.25567627, 1599.07189941, 1548.89123535, 623.28717041, 1771.08898926, 756.303344727, 396.706817627, 352.270690918, 335.728363037, 330.178466797, 2152.67871094, 287.094299316, 318.238128662, 145.351043701, 122.870704651, 146.546356201, 495.247924805, 398.612762451, 260.325653076, 98.9024429321, 24.8076152802, 20.6628189087, 5.21512746811, 0.809828698635, 0.0672290250659, 0.0012096039718], "var": [0.0286584421992, 3.84703207016, 40.556388855, 255.045913696, 328.206176758, 203.794082642, 373.470123291, 350.352539062, 232.757568359, 1067.15319824, 4856.29736328, 7425.078125, 2800.74047852, 2728.47631836, 1795.29992676, 7347.55419922, 5440.61181641, 2072.10717773, 8101.82226562, 1121.60595703, 969.777770996, 601.33203125, 231.062683105, 233.439666748, 5198.14746094, 274.165008545, 204.424224854, 149.62272644, 120.933357239, 70.3321380615, 431.763641357, 525.47668457, 135.857925415, 24.9215984344, 2.32792496681, 0.909114301205, 0.0537920817733, 0.0012153594289, 5.48790558241e-06, 2.99289970584e-09], "mean": [0.131146475673, 1.66793417931, 5.64548873901, 13.8259449005, 10.0015010834, 9.12691783905, 13.2726774216, 12.8641967773, 12.0026102066, 18.2580871582, 48.9875602722, 48.4371185303, 42.3342819214, 30.5283489227, 22.3110275269, 44.2807426453, 25.7129135132, 26.3884773254, 40.4907836914, 15.840004921, 19.1083202362, 15.4502239227, 8.94084644318, 9.16578769684, 24.3914337158, 9.83035087585, 6.8501791954, 6.19527673721, 5.45167541504, 3.50774288177, 4.42260789871, 4.51202392578, 2.63784170151, 1.51941597462, 0.548537790775, 0.283117353916, 0.0719046965241, 0.0101626869291, 0.000430930725997, 5.01145041198e-05]}, "spectral_strongpeak": {"dmean2": 0.81304782629, "median": 0.520064473152, "min": 0, "dvar2": 2.56701636314, "dvar": 1.00053012371, "dmean": 0.465573489666, "max": 22.4101734161, "var": 1.43556058407, "mean": 0.901659369469}, "spectral_energy": {"dmean2": 0.0124048795551, "median": 0.0308139249682, "min": 1.00405840393e-20, "dvar2": 0.000238453547354, "dvar": 9.97991737677e-05, "dmean": 0.00797817669809, "max": 0.112676270306, "var": 0.000338129029842, "mean": 0.0325975194573}, "average_loudness": 0.913323581219, "spectral_rolloff": {"dmean2": 626.902648926, "median": 775.1953125, "min": 64.599609375, "dvar2": 1633337.5, "dvar": 892501.3125, "dmean": 388.783081055, "max": 20370.4101562, "var": 5670369.5, "mean": 1399.66955566}, "spectral_centroid": {"dmean2": 314.103240967, "median": 967.895629883, "min": 141.371261597, "dvar2": 166600.09375, "dvar": 81636.5703125, "dmean": 210.12348938, "max": 11830.5732422, "var": 1460273.25, "mean": 1215.15673828}, "pitch_salience": {"dmean2": 0.102820910513, "median": 0.517022073269, "min": 0.0354702472687, "dvar2": 0.00954427663237, "dvar": 0.00395952165127, "dmean": 0.0636894777417, "max": 0.962949693203, "var": 0.0135389724746, "mean": 0.516224563122}, "spectral_energyband_middle_high": {"dmean2": 0.00207332312129, "median": 0.00312639516778, "min": 1.17163883465e-21, "dvar2": 1.06289953692e-05, "dvar": 4.94462437928e-06, "dmean": 0.00141646759585, "max": 0.052944984287, "var": 3.20741310134e-05, "mean": 0.00520232180133}, "spectral_contrast_coeffs": {"dmean2": [0.0881832316518, 0.0678095296025, 0.0592187829316, 0.0483056120574, 0.0399129204452, 0.0267377607524], "median": [-0.630572080612, -0.735564470291, -0.716864168644, -0.747307658195, -0.75959867239, -0.783493220806], "min": [-0.981052219868, -0.991055607796, -0.984244227409, -0.9728063941, -0.970820426941, -0.965377211571], "dvar2": [0.00591886602342, 0.0030395151116, 0.00240284693427, 0.00173134892248, 0.0014806969557, 0.000586859183386], "dvar": [0.00217730505392, 0.00116355507635, 0.000999328796752, 0.000784571107943, 0.00066345668165, 0.000261431734543], "dmean": [0.053159173578, 0.0414409004152, 0.0374224893749, 0.0310539808124, 0.0260417126119, 0.0172642841935], "max": [-0.287015616894, -0.497129142284, -0.498318880796, -0.530197262764, -0.598531723022, -0.585277080536], "var": [0.00757890660316, 0.00460993079469, 0.00493371486664, 0.00466469256207, 0.00350115005858, 0.00241490104236], "mean": [-0.629607021809, -0.733903825283, -0.72010833025, -0.748669147491, -0.76462328434, -0.780611276627]}, "melbands_skewness": {"dmean2": 1.04733514786, "median": 2.41595649719, "min": -0.564684927464, "dvar2": 1.69228899479, "dvar": 0.807870984077, "dmean": 0.691420555115, "max": 25.9069824219, "var": 4.42628955841, "mean": 2.73857498169}, "spectral_spread": {"dmean2": 859098.4375, "median": 4035514.5, "min": 1444640.5, "dvar2": 1540286971900.0, "dvar": 808883453952, "dmean": 616697.3125, "max": 42477032, "var": 16806678888400.0, "mean": 4795252.5}, "dissonance": {"dmean2": 0.0351127833128, "median": 0.464948832989, "min": 0.159014165401, "dvar2": 0.00106177560519, "dvar": 0.000400534365326, "dmean": 0.0208618175238, "max": 0.5, "var": 0.0010377925355, "mean": 0.457529962063}, "spectral_skewness": {"dmean2": 0.403743773699, "median": 1.84771680832, "min": -0.109025686979, "dvar2": 0.194884315133, "dvar": 0.0886996164918, "dmean": 0.260816931725, "max": 6.78801822662, "var": 0.555858433247, "mean": 1.93396878242}, "spectral_flux": {"dmean2": 0.0366105958819, "median": 0.0663746744394, "min": 6.40568639798e-11, "dvar2": 0.00150672020391, "dvar": 0.000745077384636, "dmean": 0.0232971403748, "max": 0.276623547077, "var": 0.00195058376994, "mean": 0.0755685046315}, "spectral_contrast_valleys": {"dmean2": [0.634912610054, 0.5223954916, 0.480143755674, 0.471995562315, 0.470702469349, 0.472951203585], "median": [-6.91863298416, -6.45081710815, -7.23275947571, -7.97130870819, -7.98384189606, -10.4600963593], "min": [-28.6668949127, -28.0073013306, -27.7600288391, -27.6167507172, -27.4931907654, -27.4141521454], "dvar2": [0.255493700504, 0.201214745641, 0.18631157279, 0.223031893373, 0.38363853097, 0.331057459116], "dvar": [0.112785771489, 0.0909161642194, 0.0886769369245, 0.110299654305, 0.176794588566, 0.190335139632], "dmean": [0.390680551529, 0.321457087994, 0.304517924786, 0.312570035458, 0.323381692171, 0.356956660748], "max": [-5.3955450058, -4.49847841263, -5.42868041992, -6.06408500671, -5.86210298538, -7.26752901077], "var": [5.15627813339, 5.39522361755, 5.08854198456, 4.82506132126, 4.83549261093, 4.11494159698], "mean": [-7.26746892929, -6.77862977982, -7.55483579636, -8.24297237396, -8.26533317566, -10.6027536392]}, "erbbands_flatness_db": {"dmean2": 0.022549778223, "median": 0.158082917333, "min": 0.0347633436322, "dvar2": 0.000509576522745, "dvar": 0.000288747920422, "dmean": 0.0165563318878, "max": 0.313565433025, "var": 0.00160041044001, "mean": 0.156729772687}, "spectral_energyband_high": {"dmean2": 0.000592439551838, "median": 0.000213298277231, "min": 6.99707152618e-21, "dvar2": 3.55601105184e-06, "dvar": 1.89236084225e-06, "dmean": 0.000423820747528, "max": 0.0336442030966, "var": 4.69626729682e-06, "mean": 0.000883112545125}, "spectral_entropy": {"dmean2": 0.263269245625, "median": 7.29332447052, "min": 4.70148849487, "dvar2": 0.085300013423, "dvar": 0.0443004444242, "dmean": 0.18639869988, "max": 9.81823444366, "var": 0.332763582468, "mean": 7.31258487701}, "silence_rate_20dB": {"dmean2": 0, "median": 1, "min": 1, "dvar2": 0, "dvar": 0, "dmean": 0, "max": 1, "var": 0, "mean": 1}, "melbands_flatness_db": {"dmean2": 0.0373139791191, "median": 0.224512189627, "min": 0.00307459081523, "dvar2": 0.00139885535464, "dvar": 0.000750279927161, "dmean": 0.025744959712, "max": 0.605451643467, "var": 0.00686311442405, "mean": 0.229425176978}, "barkbands": {"dmean2": [9.37526347116e-05, 0.00451498758048, 0.00487094931304, 0.00426681479439, 0.00351142999716, 0.0014294590801, 0.000681423232891, 0.00127454393078, 0.00123600533698, 0.000775915279519, 0.000318004167639, 0.000664715771563, 0.000451389263617, 0.000333040487021, 0.000545905146282, 0.000206602533581, 0.000270329270279, 0.000103938684333, 0.000327855290379, 0.000150371677591, 0.000110167748062, 0.000109521839477, 0.000138428673381, 0.000185726545169, 9.27135115489e-05, 5.32606136403e-05, 4.53435723102e-06], "median": [1.08578051368e-05, 0.00312519911677, 0.00347399478778, 0.00196749856696, 0.00142407463863, 0.00100970687345, 0.000426326296292, 0.000884787878022, 0.000890389899723, 0.000635652395431, 0.000111207300506, 0.000352094793925, 0.000123730365885, 0.000167463178514, 0.000214235958993, 0.000120804586913, 0.000176832953002, 6.92657049512e-05, 7.44789722376e-05, 7.89977930253e-05, 3.73611364921e-05, 2.28187236644e-05, 1.48491126311e-05, 1.45422272908e-05, 1.05313674794e-05, 5.91621710555e-06, 1.93053992348e-07], "min": [4.49429440492e-25, 2.64191647083e-24, 1.33547998139e-24, 2.96685064427e-25, 6.75656840967e-24, 8.75994536507e-24, 5.92795404242e-24, 6.25678203329e-24, 8.96753726772e-24, 1.50715993796e-23, 1.67712648865e-23, 2.46604403409e-23, 2.07518885687e-23, 5.22677936555e-23, 4.91819023229e-23, 5.1659250576e-23, 7.31674863589e-23, 9.74747520947e-23, 1.15395936367e-22, 1.61149502839e-22, 2.63106038793e-22, 3.04285638275e-22, 4.31072928062e-22, 5.51845740359e-22, 8.77459602669e-22, 1.26604102401e-21, 2.04351193896e-21], "dvar2": [5.33418536008e-08, 4.17040428147e-05, 5.27096599399e-05, 5.57691164431e-05, 4.91772807436e-05, 6.49978619549e-06, 1.80359904789e-06, 5.66119388168e-06, 5.58138071938e-06, 1.62781805102e-06, 5.45326088286e-07, 2.06979007089e-06, 2.84363068204e-06, 5.32106184892e-07, 3.63586286767e-06, 2.51840305054e-07, 2.33972457409e-07, 3.37929648708e-08, 1.26689030822e-06, 1.01365586147e-07, 7.41833261486e-08, 5.60703412589e-08, 4.33267189237e-07, 8.96300491604e-07, 1.07245497816e-07, 2.92222992471e-08, 3.60332874649e-10], "dvar": [2.56199577109e-08, 1.6869911633e-05, 2.10076777876e-05, 1.98880607059e-05, 1.82809690159e-05, 2.64472623712e-06, 7.4344359291e-07, 2.5781982913e-06, 2.58227487393e-06, 7.27086387542e-07, 2.56586702108e-07, 9.78864818535e-07, 1.32338868752e-06, 2.70108614586e-07, 1.30098464979e-06, 1.30598110104e-07, 1.06478289297e-07, 1.54447370448e-08, 5.1820745739e-07, 4.53796324962e-08, 3.42856232294e-08, 2.48328948516e-08, 2.09275583529e-07, 4.29287439374e-07, 5.03144121922e-08, 1.43607010727e-08, 1.64014010706e-10], "dmean": [6.28090201644e-05, 0.00282320869155, 0.00295884697698, 0.00250599277206, 0.00205348664895, 0.000894695345778, 0.000434415880591, 0.000874335761182, 0.000831467448734, 0.00052582815988, 0.000208286772249, 0.000450076709967, 0.000303219479974, 0.000226654607104, 0.000335245742463, 0.000141741300467, 0.0001748057839, 6.57908021822e-05, 0.000204553100048, 9.91246924968e-05, 7.42813936085e-05, 7.38450326025e-05, 9.52164482442e-05, 0.000127234627143, 6.23331507086e-05, 3.62948339898e-05, 2.82614223579e-06], "max": [0.00222215079702, 0.0490581654012, 0.0663416683674, 0.0483625419438, 0.0543089732528, 0.0257267113775, 0.0193111412227, 0.0286245159805, 0.0477518886328, 0.0211392175406, 0.0112613821402, 0.0316536128521, 0.0340976901352, 0.0126998433843, 0.0296153333038, 0.0139261186123, 0.0107710799202, 0.00491707446054, 0.0304381325841, 0.00704337237403, 0.00597440777346, 0.0030356021598, 0.0163931977004, 0.0151044167578, 0.00598191143945, 0.00298293773085, 0.000356295524398], "var": [3.34379137712e-08, 6.03870794293e-05, 5.32714475412e-05, 3.2615775126e-05, 2.12752565858e-05, 5.16971931575e-06, 1.2329630863e-06, 7.83368159318e-06, 1.41516875374e-05, 3.53559744326e-06, 1.14149759156e-06, 3.24401707985e-06, 2.93146013064e-06, 9.20562115425e-07, 2.05717469726e-06, 4.5895870926e-07, 3.61237994184e-07, 5.31908881385e-08, 1.07980986286e-06, 1.29820350026e-07, 1.13242400346e-07, 8.49967562999e-08, 4.20386925271e-07, 7.37850200494e-07, 1.02831990034e-07, 2.51403875495e-08, 1.88182081029e-10], "mean": [6.63545069983e-05, 0.00640590116382, 0.00599041441455, 0.00421407725662, 0.00298231700435, 0.0017537327949, 0.000783944211435, 0.00185647862963, 0.00209847884253, 0.00128627254162, 0.000448796432465, 0.00088794331532, 0.000587291317061, 0.00048221994075, 0.000582359207328, 0.000300031184452, 0.0003