{"tonal": {"thpcp": [1, 0.999469101429, 0.802464723587, 0.702293038368, 0.707107365131, 0.566396832466, 0.464158833027, 0.385239988565, 0.361793279648, 0.45859053731, 0.475671648979, 0.362029671669, 0.350581437349, 0.398388385773, 0.375264883041, 0.367902457714, 0.360335171223, 0.39366582036, 0.456811010838, 0.498604595661, 0.501354038715, 0.50128275156, 0.653575241566, 0.795797228813, 0.996349096298, 0.99874997139, 0.618943452835, 0.42152133584, 0.397866249084, 0.366976618767, 0.342547655106, 0.352631419897, 0.423052847385, 0.528704822063, 0.761188030243, 0.950824797153], "hpcp": {"dmean2": [0.237222895026, 0.258229166269, 0.271857231855, 0.32018584013, 0.352574825287, 0.344909548759, 0.301735758781, 0.273450881243, 0.241439774632, 0.209469050169, 0.191709682345, 0.172521471977, 0.183154374361, 0.206562623382, 0.256748378277, 0.335927844048, 0.380560964346, 0.379421055317, 0.248988613486, 0.325220227242, 0.300004899502, 0.270615547895, 0.2505235672, 0.257693678141, 0.204662069678, 0.180891901255, 0.2109297961, 0.217767059803, 0.176276117563, 0.166520252824, 0.174396514893, 0.187453046441, 0.193759769201, 0.201098680496, 0.226313069463, 0.245765700936], "median": [0.025433704257, 0.022558812052, 0.0283746160567, 0.0472625754774, 0.0816603824496, 0.134434506297, 0.0979795232415, 0.0590362772346, 0.0259599070996, 0.0241450816393, 0.0152426017448, 0.0181192345917, 0.0213521942496, 0.0256899781525, 0.036750856787, 0.08471827209, 0.0907374769449, 0.112471975386, 0.0494981519878, 0.053627461195, 0.0462348014116, 0.0413086898625, 0.0360565930605, 0.0224928222597, 0.0222162138671, 0.0253528654575, 0.0396848060191, 0.0381160825491, 0.0260124895722, 0.0155166564509, 0.0171491503716, 0.0221392530948, 0.019070694223, 0.0182171314955, 0.0192658212036, 0.0242399610579], "min": [0, 0, 0, 0, 0, 0, 0, 0, 0, 0, 0, 0, 0, 0, 0, 0, 0, 0, 0, 0, 0, 0, 0, 0, 0, 0, 0, 0, 0, 0, 0, 0, 0, 0, 0, 0], "dvar2": [0.13076274097, 0.148617774248, 0.14334140718, 0.164616242051, 0.161684766412, 0.143923208117, 0.142935067415, 0.12197086215, 0.131351709366, 0.104947552085, 0.103097967803, 0.0831530690193, 0.0923532471061, 0.105774752796, 0.134030997753, 0.168221607804, 0.199629947543, 0.169944271445, 0.135405421257, 0.169335588813, 0.165000408888, 0.144334077835, 0.125524163246, 0.153597772121, 0.0989309102297, 0.0780624002218, 0.0893604680896, 0.0985352620482, 0.0743594318628, 0.0784117877483, 0.0754920244217, 0.0919064208865, 0.102496892214, 0.104605704546, 0.12606702745, 0.139829039574], "dvar": [0.0476781539619, 0.0547238141298, 0.050910115242, 0.0603584460914, 0.0598715879023, 0.0520136840641, 0.0541343316436, 0.0440929196775, 0.0460161492229, 0.037189681083, 0.0370109677315, 0.0307307373732, 0.0330759510398, 0.0378482751548, 0.0474315471947, 0.0597698353231, 0.0708848014474, 0.0587599873543, 0.048394035548, 0.0584817901254, 0.0595820471644, 0.0517500899732, 0.0447366721928, 0.0556008554995, 0.0355402193964, 0.0288410633802, 0.0327377580106, 0.0357882343233, 0.0267709456384, 0.0281315688044, 0.0281053502113, 0.0327475182712, 0.0371712967753, 0.0383682213724, 0.0440523251891, 0.0492288954556], "dmean": [0.130801990628, 0.142209634185, 0.150390133262, 0.178505450487, 0.201125532389, 0.196805953979, 0.1718108356, 0.151798784733, 0.131524473429, 0.116145163774, 0.106239147484, 0.095812112093, 0.101349331439, 0.114542998374, 0.14299377799, 0.188380882144, 0.211577370763, 0.210391074419, 0.138543561101, 0.179949581623, 0.167929708958, 0.151436820626, 0.138797432184, 0.140466764569, 0.113612018526, 0.10208761692, 0.120256118476, 0.121218927205, 0.0986117348075, 0.0927097648382, 0.0970433726907, 0.103940032423, 0.108705841005, 0.11058767885, 0.124058634043, 0.134179964662], "max": [1, 1, 1, 1, 1, 1, 1, 1, 1, 1, 1, 1, 1, 1, 1, 1, 1, 1, 1, 1, 1, 1, 1, 1, 1, 1, 1, 1, 1, 1, 1, 1, 1, 1, 1, 1], "var": [0.052985355258, 0.0547525249422, 0.048782594502, 0.0649330765009, 0.0690539702773, 0.0753459334373, 0.100749209523, 0.0470582172275, 0.0379068292677, 0.0339556112885, 0.0362254716456, 0.031036471948, 0.029745163396, 0.0389985926449, 0.0496638007462, 0.0625760704279, 0.0959183126688, 0.0834132134914, 0.129409089684, 0.0776336938143, 0.070895947516, 0.0770016759634, 0.0545421056449, 0.0501085482538, 0.0321879386902, 0.0278053097427, 0.0339318141341, 0.0387484058738, 0.0265521537513, 0.0305539090186, 0.0375212356448, 0.0311980005354, 0.0341049581766, 0.0336682759225, 0.0365973860025, 0.0453140921891], "mean": [0.12472192198, 0.125409677625, 0.125391840935, 0.163486585021, 0.199062272906, 0.249228700995, 0.249829262495, 0.154823720455, 0.105440169573, 0.099523037672, 0.0917962491512, 0.0856855362654, 0.0882079079747, 0.105823263526, 0.132251247764, 0.190405055881, 0.237841174006, 0.250141948462, 0.250009149313, 0.200730085373, 0.17567294836, 0.176877215505, 0.141679599881, 0.116105593741, 0.0963646844029, 0.090499676764, 0.11471273005, 0.118985429406, 0.0905588045716, 0.0876951217651, 0.0996536463499, 0.0938694924116, 0.0920278355479, 0.0901349410415, 0.0984723344445, 0.114267595112]}, "tuning_equal_tempered_deviation": 0.132883101702, "chords_changes_rate": 0.0809886902571, "key_key": "D#", "tuning_diatonic_strength": 0.419751435518, "key_scale": "minor", "chords_number_rate": 0.00473310565576, "tuning_frequency": 441.272583008, "tuning_nontempered_energy_ratio": 0.836587667465, "chords_histogram": [1.34104657173, 0.499605566263, 2.78727316856, 0.788850903511, 0.210360243917, 4.41756486893, 1.55140674114, 7.02077293396, 5.23271083832, 5.15382575989, 3.41835403442, 0.0262950304896, 4.23350000381, 0.604785680771, 3.41835403442, 10.4128322601, 15.6455430984, 5.83749675751, 0.709965825081, 5.96897172928, 1.44622671604, 2.99763345718, 3.15540361404, 13.121219635], "key_strength": 0.624722242355, "chords_key": "B", "chords_strength": {"dmean2": 0.0148252882063, "median": 0.477693915367, "min": 0.234601169825, "dvar2": 0.000210925936699, "dvar": 0.000126291313791, "dmean": 0.0124076120555, "max": 0.780926346779, "var": 0.0139129217714, "mean": 0.487636655569}, "chords_scale": "minor", "hpcp_entropy": {"dmean2": 1.10357582569, "median": 2.22089982033, "min": 0, "dvar2": 0.773299515247, "dvar": 0.276073276997, "dmean": 0.644105315208, "max": 4.23774719238, "var": 0.526626050472, "mean": 2.21576070786}}, "metadata": {"audio_properties": {"equal_loudness": 0, "codec": "mp3", "downmix": "mix", "sample_rate": 44100, "analysis_sample_rate": 44100, "bit_rate": 192448, "md5_encoded": "2d05b4b65ef712bc0f100fa5e78f01e7", "length": 176.535507202, "replay_gain": -12.2708301544, "lossless": false}, "version": {"essentia_build_sha": "2d9f1f26377add8aeb1075a9c2973f962c4f09fd", "essentia": "2.1-beta2", "extractor": "music 1.0", "essentia_git_sha": "v2.1_beta2-1-ge3940c0"}, "tags": {"title": ["Funky Funky Fresh"], "albumartist": ["The New Law"], "length": ["0"], "musicbrainz_recordingid": ["04a8304b-cf8f-49aa-a68b-e734342b7a8b"], "encoding": ["LAME 64bits version 3.98 (http://www.mp3dev.org/)"], "originalyear": ["1998"], "discnumber": ["1/1"], "album": ["First and Last Remains"], "catalognumber": ["PHAQLP08"], "musicbrainz album type": ["album"], "musicbrainz album status": ["official"], "musicbrainz_albumartistid": ["e2623018-2931-485e-934a-bb2c2e20640a"], "date": ["1998"], "file_name": "02 Funky Funky Fresh.mp3", "musicbrainz_releasegroupid": ["78639338-237d-48ec-a7c8-19da11911f21"], "script": ["Latn"], "originaldate": ["1998"], "musicbrainz_albumid": ["6be4f373-5ab2-4b8d-bdb0-a748ce812a45"], "artist": ["The New Law"], "artistsort": ["New Law, The"], "tracknumber": ["2/16"], "label": ["Pha-Q Phonographs"], "albumartistsort": ["New Law, The"], "acoustid_id": ["aca845db-3de6-4ca8-88c2-608aaac086c5"], "musicbrainz_artistid": ["e2623018-2931-485e-934a-bb2c2e20640a"]}}, "rhythm": {"bpm_histogram_first_peak_bpm": {"dmean2": 0, "median": 144, "min": 144, "dvar2": 0, "dvar": 0, "dmean": 0, "max": 144, "var": 0, "mean": 144}, "bpm": 144.044830322, "bpm_histogram_second_peak_spread": {"dmean2": 0, "median": 0.609375, "min": 0.609375, "dvar2": 0, "dvar": 0, "dmean": 0, "max": 0.609375, "var": 0, "mean": 0.609375}, "bpm_histogram_first_peak_weight": {"dmean2": 0, "median": 0.0889487862587, "min": 0.0889487862587, "dvar2": 0, "dvar": 0, "dmean": 0, "max": 0.0889487862587, "var": 0, "mean": 0.0889487862587}, "onset_rate": 2.91697239876, "beats_position": [0.441179126501, 0.882358253002, 1.3235373497, 1.77632653713, 2.22911548615, 2.68190479279, 3.13469386101, 3.5758728981, 4.01705217361, 4.446621418, 4.86458063126, 5.28253936768, 5.6888885498, 6.08362817764, 6.47836732864, 6.87310647964, 7.26784563065, 7.61614513397, 7.96444416046, 8.31274318695, 8.64943313599, 8.99773216248, 9.35764122009, 9.70594120026, 10.077460289, 10.4954195023, 10.9017686844, 11.3081178665, 11.7144670486, 12.1208162308, 12.5155553818, 12.933514595, 13.328253746, 13.722992897, 14.117732048, 14.512471199, 14.9304304123, 15.3367795944, 15.7547388077, 16.1843090057, 16.602268219, 17.0086174011, 17.4149665833, 17.8329238892, 18.2508831024, 18.6688423157, 19.0868015289, 19.4815406799, 19.8762817383, 20.2826309204, 20.6773700714, 21.0721092224, 21.4552383423, 21.826757431, 22.1750564575, 22.5465755463, 22.9297046661, 23.312833786, 23.707572937, 24.2184123993, 24.7292518616, 25.2516994476, 25.774148941, 26.2849884033, 26.7958278656, 27.2834453583, 27.7710647583, 28.2586841583, 28.7579135895, 29.2455329895, 29.7331504822, 30.2207698822, 30.7083892822, 31.1960086823, 31.6952381134, 32.1828575134, 32.6588668823, 33.1348762512, 33.6224937439, 34.1101112366, 34.6093406677, 35.1085700989, 35.5961914063, 35.9909286499, 36.397277832, 36.7920188904, 37.1983680725, 37.5931053162, 38.0110664368, 38.4290237427, 38.8005447388, 39.1720619202, 39.5435829163, 39.9151000977, 40.3678894043, 40.8206787109, 41.2850799561, 41.6914291382, 42.1209983826, 42.5621757507, 42.9801368713, 43.4445343018, 43.9089317322, 44.4081611633, 44.8957824707, 45.3833999634, 45.8710212708, 46.347026825, 46.7998161316, 47.2526054382, 47.7286148071, 48.204624176, 48.6806335449, 49.1102027893, 49.5629920959, 50.0157814026, 50.4685707092, 50.8981399536, 51.3393173218, 51.7804985046, 52.210067749, 52.6396369934, 53.0575942993, 53.4639434814, 53.8702926636, 54.2882537842, 54.7062110901, 55.1241722107, 55.5421295166, 55.9484786987, 56.3548278809, 56.7495689392, 57.1675262451, 57.5854873657, 58.0034446716, 58.4214057922, 58.8393630981, 59.2573242188, 59.6985015869, 60.1396827698, 60.5924720764, 61.0220413208, 61.4167785645, 61.8115196228, 62.1714286804, 62.531337738, 62.9144668579, 63.32081604, 63.7387733459, 64.1567306519, 64.5863037109, 65.0042648315, 65.3873901367, 65.7821273804, 66.1652603149, 66.536781311, 66.9082946777, 67.2798156738, 67.6397247314, 68.0112457275, 68.3827667236, 68.7542877197, 69.1258010864, 69.4973220825, 69.8456192017, 70.2055282593, 70.5654373169, 70.9253463745, 71.2852630615, 71.6916122437, 72.1095657349, 72.515914917, 72.9803161621, 73.4679336548, 73.9671630859, 74.4315643311, 74.8959655762, 75.3719711304, 75.859588623, 76.3588180542, 76.8348312378, 77.2992248535, 77.7636260986, 78.2280273438, 78.6924285889, 79.0639419556, 79.4470748901, 79.8185958862, 80.1901092529, 80.5500183105, 80.8983230591, 81.2582321167, 81.6181411743, 81.9664382935, 82.3263473511, 82.6862564087, 83.0461654663, 83.3944625854, 83.742767334, 84.1026763916, 84.4741897583, 84.9269790649, 85.3797683716, 85.8325576782, 86.2853469849, 86.74974823, 87.2141494751, 87.7017669678, 88.177772522, 88.6537857056, 89.1414031982, 89.6058044434, 90.0702056885, 90.5345993042, 91.0222167969, 91.5098419189, 91.9974594116, 92.4618606567, 92.9262542725, 93.3906555176, 93.8666687012, 94.3426742554, 94.8186798096, 95.3295211792, 95.8403625488, 96.3628082275, 96.8736495972, 97.3728790283, 97.8721084595, 98.3713378906, 98.8705673218, 99.3697967529, 99.8690261841, 100.356643677, 100.855873108, 101.366706848, 101.889160156, 102.400001526, 102.922447205, 103.444892883, 104.025398254, 104.582672119, 105.128341675, 105.685623169, 106.231292725, 106.788566589, 107.345848083, 107.891517639, 108.448799133, 109.017684937, 109.598182678, 110.25995636, 110.921722412, 111.629928589, 112.338134766, 113.05796051, 113.766166687, 114.474372864, 115.170974731, 115.879180908, 116.633827209, 117.38848114, 118.038635254, 118.688796997, 119.338951111, 119.989112854, 120.650878906, 121.312652588, 121.904762268, 122.496871948, 123.088973999, 123.681083679, 124.273193359, 124.86530304, 125.45741272, 126.0495224, 126.699676514, 127.361450195, 128.034820557, 128.696594238, 129.288711548, 129.86920166, 130.46131897, 131.018585205, 131.575866699, 132.121536255, 132.678817749, 133.236099243, 133.839813232, 134.45513916, 135.070480347, 135.616149902, 136.161804199, 136.707473755, 137.160263062, 137.613052368, 138.065841675, 138.518630981, 138.936599731, 139.354553223, 139.784118652, 140.202087402, 140.643264771, 141.0728302, 141.514007568, 141.943572998, 142.384765625, 142.86076355, 143.336776733, 143.801177979, 144.265579224, 144.71836853, 145.217590332, 145.751647949, 146.274108887, 146.796554565, 147.330612183, 147.876281738, 148.410339355, 148.932785034, 149.466842651, 150.000900269, 150.511749268, 151.010971069, 151.51020813, 151.974594116, 152.473831177, 152.973052979, 153.437454224, 153.913467407, 154.412689209, 154.923538208, 155.480819702, 155.980041504, 156.432830811, 156.920455933, 157.384857178, 157.849243164, 158.267211914, 158.708389282, 159.14956665, 159.590744019, 160.043533325, 160.484710693, 160.9375, 161.378677368, 161.843078613, 162.330703735, 162.829925537, 163.329162598, 163.863220215, 164.397277832, 164.931335449, 165.488616943, 166.045898438, 166.603164673, 167.160446167, 167.717727661, 168.275009155, 168.843902588, 169.482452393, 170.121002197, 170.759536743, 171.37487793, 171.990203857, 172.582305908, 173.174423218, 173.778137207, 174.370239258, 174.973968506, 175.566070557, 176.158187866], "beats_loudness": {"dmean2": 0.0404677502811, "median": 0.02191875875, "min": 0.00024276021577, "dvar2": 0.00264869933017, "dvar": 0.000864167581312, "dmean": 0.0228614918888, "max": 0.161379039288, "var": 0.000919367186725, "mean": 0.0313260219991}, "danceability": 1.20833921432, "bpm_histogram_second_peak_weight": {"dmean2": 0, "median": 0.067385442555, "min": 0.067385442555, "dvar2": 0, "dvar": 0, "dmean": 0, "max": 0.067385442555, "var": 0, "mean": 0.067385442555}, "beats_count": 372, "bpm_histogram_second_peak_bpm": {"dmean2": 0, "median": 123, "min": 123, "dvar2": 0, "dvar": 0, "dmean": 0, "max": 123, "var": 0, "mean": 123}, "bpm_histogram_first_peak_spread": {"dmean2": 0, "median": 0.484375, "min": 0.484375, "dvar2": 0, "dvar": 0, "dmean": 0, "max": 0.484375, "var": 0, "mean": 0.484375}, "beats_loudness_band_ratio": {"dmean2": [0.323748707771, 0.293595850468, 0.223333239555, 0.0704003944993, 0.0214212033898, 0.00190792954527], "median": [0.42618188262, 0.386067658663, 0.115002550185, 0.0202003084123, 0.00587279722095, 0.000480843591504], "min": [0.0246908292174, 0.0145900836214, 0.00217884639278, 0.000153860106366, 0.000232885533478, 2.88485389319e-05], "dvar2": [0.0797264203429, 0.0600803494453, 0.0689616724849, 0.0145380906761, 0.00139456870966, 3.66093699995e-05], "dvar": [0.0288617629558, 0.0214495230466, 0.0235845670104, 0.00474837329239, 0.000480879360111, 1.22315350382e-05], "dmean": [0.187838554382, 0.169715076685, 0.127822801471, 0.0405767895281, 0.0122272688895, 0.00106596003752], "max": [0.954607784748, 0.958096265793, 0.927042782307, 0.491540700197, 0.193973198533, 0.045265275985], "var": [0.0662214457989, 0.0541767403483, 0.0292649194598, 0.00531094893813, 0.000567273818888, 8.32816203911e-06], "mean": [0.43241673708, 0.402701467276, 0.171300500631, 0.0471051856875, 0.0144583806396, 0.00119499012362]}}, "lowlevel": {"barkbands_spread": {"dmean2": 3.05813312531, "median": 4.86440753937, "min": 0.38723897934, "dvar2": 10.9174079895, "dvar": 4.79066467285, "dmean": 1.93496966362, "max": 47.1255836487, "var": 19.2533664703, "mean": 6.11525440216}, "melbands_spread": {"dmean2": 3.79208040237, "median": 6.0528793335, "min": 0.293671965599, "dvar2": 18.8163642883, "dvar": 9.76013088226, "dmean": 2.39186763763, "max": 141.008026123, "var": 38.2881736755, "mean": 7.69364500046}, "hfc": {"dmean2": 4.05974006653, "median": 4.75792312622, "min": 1.13925957875e-16, "dvar2": 41.4466247559, "dvar": 20.8248081207, "dmean": 2.76164913177, "max": 36.2429046631, "var": 33.6586837769, "mean": 6.0750875473}, "barkbands_kurtosis": {"dmean2": 10.1636886597, "median": 5.98720836639, "min": -1.52632176876, "dvar2": 284.402770996, "dvar": 106.941947937, "dmean": 6.08673620224, "max": 221.375076294, "var": 157.082885742, "mean": 9.83364200592}, "gfcc": {"mean": [-127.172935486, 176.775588989, -98.311164856, -2.40553307533, -39.2078666687, -21.3634490967, -38.1928710938, 10.5260210037, -20.9494132996, -18.127248764, -17.2491931915, 5.47494125366, -7.72563791275], "icov": [[0.00463778013363, -0.00939347781241, 0.00639312202111, -0.00648501887918, 0.00523746525869, -0.00258504063822, -0.000336624885676, 0.00322381779552, -0.00371767301112, 0.00417174771428, -0.0037497158628, 0.00401948392391, -0.00180901959538], [-0.00939347781241, 0.0311151091009, -0.0158064868301, 0.0211160872132, -0.0165147930384, 0.0139369824901, -0.00556307798252, -0.000583901943173, 0.00165662064683, -0.00113365135621, 0.00369535852224, -0.00622419966385, 0.00376161979511], [0.00639312202111, -0.0158064868301, 0.0113513236865, -0.0117220953107, 0.00998702459037, -0.00831927079707, 0.00318747665733, 0.00331612490118, -0.00407767063007, 0.00496980594471, -0.00536203058437, 0.00615467736498, -0.00287080486305], [-0.00648501887918, 0.0211160872132, -0.0117220953107, 0.0199546907097, -0.0152563601732, 0.011886424385, -0.00547996582463, 0.00223623495549, 0.000479213311337, -0.00398608716205, 0.00531303789467, -0.00759496539831, 0.00411146366969], [0.00523746525869, -0.0165147930384, 0.00998702459037, -0.0152563601732, 0.0271123293787, -0.0178161896765, 0.0115912025794, -0.00306379166432, 0.00114324619062, 0.0046825222671, -0.00430031027645, 0.008530090563, -0.00405830610543], [-0.00258504063822, 0.0139369824901, -0.00831927079707, 0.011886424385, -0.0178161896765, 0.0273326355964, -0.0172569099814, 0.00463903788477, 0.000992973800749, -0.0062090610154, 0.00785556528717, -0.0111432792619, 0.00577459763736], [-0.000336624885676, -0.00556307798252, 0.00318747665733, -0.00547996582463, 0.0115912025794, -0.0172569099814, 0.0228401664644, -0.012006576173, 0.00580100575462, 9.72518319031e-05, -0.00536309881136, 0.0120818652213, -0.00540534546599], [0.00322381779552, -0.000583901943173, 0.00331612490118, 0.00223623495549, -0.00306379166432, 0.00463903788477, -0.012006576173, 0.0246017388999, -0.0148339411244, 0.00369979953393, 0.00305532338098, -0.0118012018502, 0.00723396381363], [-0.00371767301112, 0.00165662064683, -0.00407767063007, 0.000479213311337, 0.00114324619062, 0.000992973800749, 0.00580100575462, -0.0148339411244, 0.0286985579878, -0.0155172226951, 0.00600956613198, 0.000804868817795, -0.00400660419837], [0.00417174771428, -0.00113365135621, 0.00496980594471, -0.00398608716205, 0.0046825222671, -0.0062090610154, 9.72518319031e-05, 0.00369979953393, -0.0155172226951, 0.0286237224936, -0.0187698602676, 0.00955674238503, -0.00397733971477], [-0.0037497158628, 0.00369535852224, -0.00536203058437, 0.00531303789467, -0.00430031027645, 0.00785556528717, -0.00536309881136, 0.00305532338098, 0.00600956613198, -0.0187698602676, 0.0391649641097, -0.0283385198563, 0.0151971587911], [0.00401948392391, -0.00622419966385, 0.00615467736498, -0.00759496539831, 0.008530090563, -0.0111432792619, 0.0120818652213, -0.0118012018502, 0.000804868817795, 0.00955674238503, -0.0283385198563, 0.0431248731911, -0.0263722706586], [-0.00180901959538, 0.00376161979511, -0.00287080486305, 0.00411146366969, -0.00405830610543, 0.00577459763736, -0.00540534546599, 0.00723396381363, -0.00400660419837, -0.00397733971477, 0.0151971587911, -0.0263722706586, 0.0304648671299]], "cov": [[2815.73754883, 620.363952637, -797.585083008, -191.440704346, -162.681335449, -383.373413086, 48.9946784973, -231.528427124, -38.5103111267, -305.99105835, -106.215637207, -292.781433105, -89.5327072144], [620.363952637, 349.901855469, 33.0556602478, -150.142196655, -39.3754005432, -112.781257629, -13.9603757858, -84.7845230103, -28.6915092468, -122.157081604, -36.2272453308, -96.1871566772, -34.1162986755], [-797.585083008, 33.0556602478, 768.029052734, 128.970413208, 35.3319816589, 81.7867965698, -68.85962677, -59.9259185791, -11.970117569, 18.2614765167, 10.5298604965, 13.6286067963, 2.0966591835], [-191.440704346, -150.142196655, 128.970413208, 261.065490723, 57.1488609314, 16.8356761932, -34.5485343933, -27.758020401, 6.38540649414, 35.508769989, 5.37273073196, 19.9386978149, 9.03008270264], [-162.681335449, -39.3754005432, 35.3319816589, 57.1488609314, 101.584442139, 52.542339325, -17.0526866913, 0.955802679062, -12.9098119736, 4.69419240952, -6.62256908417, 8.09823226929, 0.367841154337], [-383.373413086, -112.781257629, 81.7867965698, 16.8356761932, 52.542339325, 170.369155884, 72.9033660889, 50.6768493652, 0.0206283554435, 57.9467163086, 12.5476484299, 36.1775627136, 4.82950258255], [48.9946784973, -13.9603757858, -68.85962677, -34.5485343933, -17.0526866913, 72.9033660889, 138.84185791, 52.3069114685, 2.2280561924, 15.6773366928, -0.322288960218, -17.1350669861, -13.4021263123], [-231.528427124, -84.7845230103, -59.9259185791, -27.758020401, 0.955802679062, 50.6768493652, 52.3069114685, 142.171600342, 53.706741333, 56.2340927124, 26.1107196808, 65.376663208, 18.8366966248], [-38.5103111267, -28.6915092468, -11.970117569, 6.38540649414, -12.9098119736, 0.0206283554435, 2.2280561924, 53.706741333, 84.2801742554, 52.1950187683, 16.2725296021, 28.4473114014, 19.5918045044], [-305.99105835, -122.157081604, 18.2614765167, 35.508769989, 4.69419240952, 57.9467163086, 15.6773366928, 56.2340927124, 52.1950187683, 128.238037109, 54.2229347229, 57.6825294495, 19.4036655426], [-106.215637207, -36.2272453308, 10.5298604965, 5.37273073196, -6.62256908417, 12.5476484299, -0.322288960218, 26.1107196808, 16.2725296021, 54.2229347229, 78.2196884155, 63.7041740417, 14.2614612579], [-292.781433105, -96.1871566772, 13.6286067963, 19.9386978149, 8.09823226929, 36.1775627136, -17.1350669861, 65.376663208, 28.4473114014, 57.6825294495, 63.7041740417, 139.158569336, 68.6996612549], [-89.5327072144, -34.1162986755, 2.0966591835, 9.03008270264, 0.367841154337, 4.82950258255, -13.4021263123, 18.8366966248, 19.5918045044, 19.4036655426, 14.2614612579, 68.6996612549, 80.4487228394]]}, "spectral_energyband_middle_low": {"dmean2": 0.016007585451, "median": 0.00923211593181, "min": 2.1560224872e-22, "dvar2": 0.000868441828061, "dvar": 0.000421099801315, "dmean": 0.0108430162072, "max": 0.167862340808, "var": 0.000599434133619, "mean": 0.0180754959583}, "melbands_crest": {"dmean2": 6.70557498932, "median": 15.4001083374, "min": 2.4850461483, "dvar2": 33.6172866821, "dvar": 13.0478019714, "dmean": 4.06217861176, "max": 36.2110290527, "var": 38.184513092, "mean": 16.3575000763}, "spectral_kurtosis": {"dmean2": 14.757973671, "median": 21.0678977966, "min": -1.24159145355, "dvar2": 168.393264771, "dvar": 60.4189682007, "dmean": 8.6292552948, "max": 97.8510894775, "var": 189.913406372, "mean": 24.5340099335}, "spectral_rms": {"dmean2": 0.0014732707059, "median": 0.00331457005814, "min": 3.23003733135e-12, "dvar2": 3.97716758016e-06, "dvar": 2.21431560021e-06, "dmean": 0.00104012701195, "max": 0.0129391197115, "var": 5.10076461069e-06, "mean": 0.00387705629691}, "zerocrossingrate": {"dmean2": 0.00420582154766, "median": 0.02001953125, "min": 0.0029296875, "dvar2": 4.68343278044e-05, "dvar": 4.5509343181e-05, "dmean": 0.00335631542839, "max": 0.51025390625, "var": 0.000171579129528, "mean": 0.0218925178051}, "silence_rate_60dB": {"dmean2": 0.12207313627, "median": 0, "min": 0, "dvar2": 0.129526481032, "dvar": 0.0573024973273, "dmean": 0.0610285401344, "max": 1, "var": 0.109531156719, "mean": 0.125197261572}, "erbbands_kurtosis": {"dmean2": 3.53158760071, "median": 1.61432826519, "min": -1.7606061697, "dvar2": 27.1412086487, "dvar": 10.9899835587, "dmean": 2.15737533569, "max": 67.1067352295, "var": 35.0104866028, "mean": 3.20317292213}, "erbbands": {"dmean2": [0.0265010036528, 0.140751674771, 1.14250123501, 16.1790733337, 25.980884552, 37.576133728, 25.6616210938, 21.7223167419, 14.9509420395, 21.962726593, 19.0125713348, 16.3523311615, 12.401432991, 7.88081598282, 7.32867622375, 2.79812550545, 1.46707451344, 0.858495950699, 0.811712503433, 1.25445818901, 3.23442387581, 2.0656208992, 1.22574675083, 0.662238836288, 0.234672516584, 0.0699044987559, 0.0367739982903, 0.0299495551735, 0.0150561789051, 0.00800028815866, 0.00479689380154, 0.0032210140489, 0.00149095244706, 0.000755739980377, 0.000429560488556, 0.000238585140323, 0.000108346466732, 3.21790539601e-05, 7.80939353717e-06, 1.83549509529e-05], "median": [0.0111209880561, 0.078238978982, 0.318749129772, 1.5602376461, 4.30400419235, 8.08102416992, 8.50588989258, 7.10245990753, 6.55574321747, 9.19641399384, 8.12436485291, 8.26790142059, 6.51365041733, 5.43042469025, 4.19007587433, 1.58902716637, 0.826135754585, 0.525955140591, 0.524068117142, 0.976809084415, 2.20390796661, 1.74563932419, 1.0472369194, 0.578529953957, 0.200741827488, 0.054160412401, 0.0221625678241, 0.0164750628173, 0.00927813723683, 0.00611945521086, 0.00380769511685, 0.00293170870282, 0.00184864527546, 0.00125384214334, 0.000886813097168, 0.000578737643082, 0.00030563690234, 8.19125416456e-05, 7.38948165235e-06, 1.26753120639e-05], "min": [1.06237829238e-21, 3.15752146789e-21, 1.02961876953e-20, 4.89080359942e-20, 6.87021255481e-20, 1.08408753042e-19, 2.23328735824e-19, 2.34360455913e-19, 5.89493572258e-19, 4.82815190585e-19, 2.95681629468e-19, 1.6224772899e-19, 1.65934271355e-18, 2.13715284104e-18, 2.08680318434e-18, 4.49629903821e-18, 5.84293666774e-18, 4.23666069241e-18, 6.21073342812e-18, 8.97212452908e-18, 7.02368653414e-18, 8.28023096007e-18, 1.04939267523e-17, 1.65175742597e-17, 1.35985126079e-17, 1.24573061106e-17, 1.813746356e-17, 1.27194512273e-17, 1.42881620359e-17, 1.63519760098e-17, 1.75119528895e-17, 1.65654200407e-17, 1.44145982469e-17, 1.1982444882e-17, 7.89656143091e-18, 5.70517924929e-18, 2.9442079425e-18, 1.23654454289e-18, 2.94543894235e-19, 3.33093968136e-20], "dvar2": [0.0019460322801, 0.038550991565, 4.7153968811, 1610.42382813, 3558.01806641, 7294.99853516, 2448.49804688, 1326.13757324, 798.64831543, 1504.70458984, 1967.97253418, 1313.89013672, 845.040710449, 197.606185913, 151.128875732, 40.1504592896, 6.93022918701, 1.97999250889, 1.63639557362, 3.75747728348, 30.7812976837, 10.6044540405, 3.90520143509, 1.1620670557, 0.139361962676, 0.011763645336, 0.00508345942944, 0.0032132123597, 0.000637992285192, 0.000156493275426, 5.84602821618e-05, 2.32568891079e-05, 4.45522528025e-06, 9.15459963835e-07, 2.20349107849e-07, 5.40423386042e-08, 9.89247350702e-09, 7.48681172613e-10, 1.86068369046e-10, 1.09196118814e-09], "dvar": [0.000685847422574, 0.0139417666942, 2.13659906387, 690.753723145, 1553.03430176, 2848.57983398, 946.447692871, 518.691467285, 317.382751465, 568.256652832, 835.156860352, 583.378723145, 317.019714355, 75.546043396, 66.3231277466, 15.6254730225, 2.71834468842, 0.777642250061, 0.638603150845, 1.47671246529, 11.9706869125, 4.23769521713, 1.73078882694, 0.485374540091, 0.0595122873783, 0.00492794858292, 0.00203289231285, 0.0014359834604, 0.00026567230816, 6.87998253852e-05, 2.66081624432e-05, 1.07912264866e-05, 2.0553518425e-06, 4.18787493572e-07, 9.6466393984e-08, 2.2314273096e-08, 3.72389141745e-09, 2.64179317311e-10, 9.31784441272e-11, 5.42808076265e-10], "dmean": [0.0150452433154, 0.0815787762403, 0.72900301218, 10.2523384094, 16.2899513245, 22.3383617401, 15.2833032608, 12.9349870682, 8.9423866272, 13.0507049561, 11.7695007324, 10.2128448486, 7.56109666824, 4.76344013214, 4.63498592377, 1.7094578743, 0.897151350975, 0.523853719234, 0.488354384899, 0.767568647861, 1.98457586765, 1.2738751173, 0.772148191929, 0.419408261776, 0.149822205305, 0.0446773022413, 0.0236206781119, 0.019014980644, 0.00970146805048, 0.00520041631535, 0.0031428465154, 0.00211900589056, 0.000957025098614, 0.000473660242278, 0.000261692708591, 0.000143165874761, 6.47090855637e-05, 1.8847602405e-05, 5.3664502957e-06, 1.26090744743e-05], "max": [0.448919177055, 1.62377095222, 16.5178470612, 275.183319092, 402.966308594, 592.861572266, 544.184875488, 311.079711914, 492.761474609, 528.825744629, 855.33203125, 717.434326172, 491.867797852, 219.961669922, 217.757293701, 139.831985474, 48.6790161133, 21.4082603455, 16.462972641, 24.8035411835, 61.0164489746, 47.7143745422, 64.722869873, 22.3990306854, 6.12626171112, 1.40822839737, 1.35954320431, 1.52445042133, 0.270337313414, 0.145526081324, 0.0702466443181, 0.0494240447879, 0.0245963037014, 0.0102971121669, 0.00503410212696, 0.00308962212875, 0.00142379954923, 0.000421943841502, 7.86313030403e-05, 0.000187251003808], "var": [0.000707581115421, 0.0155871603638, 2.79855179787, 812.110229492, 1685.56738281, 2850.50683594, 1071.6003418, 858.467468262, 401.399383545, 1222.28259277, 1179.08813477, 1014.77087402, 530.361877441, 139.972747803, 245.320205688, 26.3386325836, 4.72457504272, 1.362809062, 1.01085579395, 3.55361199379, 36.2528343201, 10.9350385666, 5.4199514389, 1.47822618484, 0.18956798315, 0.013324749656, 0.0038445640821, 0.00293041928671, 0.000487159268232, 0.000125677106553, 4.58058748336e-05, 2.17389842874e-05, 3.41299391948e-06, 6.25789368769e-07, 1.39386571618e-07, 3.24200009061e-08, 5.45769740512e-09, 3.67618935293e-10, 1.40737560494e-10, 8.04587285685e-10], "mean": [0.0195669587702, 0.116219334304, 0.990252435207, 13.582493782, 19.0391044617, 24.2864131927, 20.0156898499, 18.9649448395, 12.8162088394, 21.3880138397, 17.6726551056, 16.6182117462, 12.4304885864, 8.99678897858, 9.70540618896, 2.85932278633, 1.50890767574, 0.879147529602, 0.82437056303, 1.52335786819, 4.11740255356, 2.76164793968, 1.67091488838, 0.937215447426, 0.338601142168, 0.0943060666323, 0.0436711646616, 0.0344544313848, 0.0174482278526, 0.0102874655277, 0.00641596596688, 0.00473887519911, 0.00249715987593, 0.00147741741966, 0.000974206370302, 0.000614715332631, 0.000316326826578, 8.43034067657e-05, 1.15408674901e-05, 2.2842830731e-05]}, "spectral_strongpeak": {"dmean2": 0.499295175076, "median": 0.558599829674, "min": 0, "dvar2": 0.325468808413, "dvar": 0.136496558785, "dmean": 0.309488654137, "max": 4.65820550919, "var": 0.291820555925, "mean": 0.684363901615}, "spectral_energy": {"dmean2": 0.0167516469955, "median": 0.0112610328943, "min": 1.06939694815e-20, "dvar2": 0.000915448181331, "dvar": 0.000454468041426, "dmean": 0.0115037132055, "max": 0.171606332064, "var": 0.000671913381666, "mean": 0.0206355955452}, "average_loudness": 0.78957849741, "spectral_rolloff": {"dmean2": 200.052444458, "median": 473.73046875, "min": 43.06640625, "dvar2": 125894.828125, "dvar": 88979.9921875, "dmean": 120.624290466, "max": 18669.2871094, "var": 192340.375, "mean": 531.954040527}, "spectral_centroid": {"dmean2": 132.304092407, "median": 421.793121338, "min": 114.101409912, "dvar2": 32686.8046875, "dvar": 26878.3886719, "dmean": 87.0848846436, "max": 10946.2841797, "var": 81618.4375, "mean": 492.414001465}, "pitch_salience": {"dmean2": 0.152054041624, "median": 0.603413701057, "min": 0.135730460286, "dvar2": 0.018509734422, "dvar": 0.00711629353464, "dmean": 0.0913267359138, "max": 0.925297021866, "var": 0.0183909740299, "mean": 0.584653973579}, "spectral_energyband_middle_high": {"dmean2": 0.000477170135127, "median": 0.000590788782574, "min": 1.55721072009e-21, "dvar2": 6.65728123295e-07, "dvar": 2.62060439127e-07, "dmean": 0.00030418811366, "max": 0.0141371190548, "var": 7.24257688489e-07, "mean": 0.000813331920654}, "spectral_contrast_coeffs": {"dmean2": [0.103113509715, 0.0852463692427, 0.0624993704259, 0.0463393256068, 0.0369983911514, 0.0230966787785], "median": [-0.573188185692, -0.746224403381, -0.793590605259, -0.832657933235, -0.760629057884, -0.817786455154], "min": [-0.961589515209, -0.961619496346, -0.970100283623, -0.960273504257, -0.969096243382, -0.96021425724], "dvar2": [0.00727686705068, 0.00428024400026, 0.00233248132281, 0.00130347441882, 0.00084523082478, 0.000353896350134], "dvar": [0.00330452225171, 0.0015566709917, 0.000871297437698, 0.000469588616397, 0.000333151983796, 0.000154392997501], "dmean": [0.0638518333435, 0.0503130070865, 0.0374763309956, 0.0275388713926, 0.022732719779, 0.0145759945735], "max": [-0.246396690607, -0.404895871878, -0.486099660397, -0.6143258214, -0.590688228607, -0.6818754673], "var": [0.0159614160657, 0.00572915747762, 0.00391370151192, 0.00132816005498, 0.00178540195338, 0.00105694646481], "mean": [-0.571778178215, -0.736126065254, -0.783926904202, -0.828205883503, -0.761916458607, -0.817884981632]}, "melbands_skewness": {"dmean2": 1.23579275608, "median": 2.06324601173, "min": -2.97330856323, "dvar2": 1.44549453259, "dvar": 0.577609717846, "dmean": 0.755277574062, "max": 14.9596252441, "var": 2.00924634933, "mean": 2.19884443283}, "spectral_spread": {"dmean2": 436029.03125, "median": 1895143, "min": 846213.8125, "dvar2": 426931912704, "dvar": 364509003776, "dmean": 262934.03125, "max": 42944708, "var": 782615445504, "mean": 1988343.25}, "dissonance": {"dmean2": 0.0609492175281, "median": 0.440615952015, "min": 0.182772681117, "dvar2": 0.0027590142563, "dvar": 0.000978355878033, "dmean": 0.0355717651546, "max": 0.500000119209, "var": 0.00214381492697, "mean": 0.430516183376}, "spectral_skewness": {"dmean2": 1.02929079533, "median": 3.27228093147, "min": -0.0138799101114, "dvar2": 0.721042752266, "dvar": 0.265655070543, "dmean": 0.609912872314, "max": 8.17371559143, "var": 1.13544845581, "mean": 3.43444871902}, "spectral_flux": {"dmean2": 0.0447500050068, "median": 0.054925583303, "min": 1.03411647301e-10, "dvar2": 0.00420203851536, "dvar": 0.00179245660547, "dmean": 0.0280141420662, "max": 0.357097655535, "var": 0.00343372253701, "mean": 0.0733776837587}, "spectral_contrast_valleys": {"dmean2": [0.693687975407, 0.629067778587, 0.516406178474, 0.467056065798, 0.35843655467, 0.218207031488], "median": [-7.71704959869, -6.58740997314, -7.45514392853, -8.67058944702, -9.29728984833, -12.5895633698], "min": [-27.0718040466, -27.5387115479, -26.8913650513, -27.2230548859, -27.1408977509, -27.3726787567], "dvar2": [0.318752110004, 0.283093363047, 0.194286927581, 0.164763465524, 0.110687442124, 0.0545184798539], "dvar": [0.150849431753, 0.169688254595, 0.122422844172, 0.109846495092, 0.0912970006466, 0.0548667907715], "dmean": [0.412604004145, 0.396513879299, 0.323093622923, 0.300296187401, 0.244640722871, 0.14893822372], "max": [-6.04713582993, -4.55125427246, -6.00236701965, -7.18911743164, -7.91123342514, -11.3571929932], "var": [0.339037299156, 0.863642454147, 0.733999967575, 0.616762936115, 0.509464561939, 0.125900521874], "mean": [-7.72462558746, -6.68303632736, -7.63188934326, -8.80394458771, -9.37535667419, -12.5397548676]}, "erbbands_flatness_db": {"dmean2": 0.0289955511689, "median": 0.253696501255, "min": 0.0834988206625, "dvar2": 0.000733499648049, "dvar": 0.00032766815275, "dmean": 0.018427958712, "max": 0.409755110741, "var": 0.00141942151822, "mean": 0.254076868296}, "spectral_energyband_high": {"dmean2": 1.70823125245e-06, "median": 1.70021098711e-06, "min": 7.66430093454e-21, "dvar2": 7.52770502183e-12, "dvar": 3.57989180834e-12, "dmean": 1.14506451609e-06, "max": 3.40928199876e-05, "var": 8.60874913022e-12, "mean": 2.76412561107e-06}, "spectral_entropy": {"dmean2": 0.309827268124, "median": 6.46479654312, "min": 4.67576932907, "dvar2": 0.0820737108588, "dvar": 0.0386762432754, "dmean": 0.201770111918, "max": 9.79246997833, "var": 0.196684002876, "mean": 6.42481708527}, "silence_rate_20dB": {"dmean2": 0, "median": 1, "min": 1, "dvar2": 0, "dvar": 0, "dmean": 0, "max": 1, "var": 0, "mean": 1}, "melbands_flatness_db": {"dmean2": 0.0419335030019, "median": 0.355758905411, "min": 0.00432223686948, "dvar2": 0.00150151108392, "dvar": 0.000706867023837, "dmean": 0.027507988736, "max": 0.650174796581, "var": 0.00406907266006, "mean": 0.357734501362}, "barkbands": {"dmean2": [0.000218676956138, 0.000663166341837, 0.00147607864346, 0.00869520846754, 0.00925359502435, 0.00271983444691, 0.00113437580876, 0.000912886112928, 0.000755499000661, 0.00032815587474, 0.000219595851377, 8.43535744934e-05, 3.16316836688e-05, 1.85566204891e-05, 1.84469772648e-05, 4.79312620882e-05, 4.63941469206e-05, 2.14618594327e-05, 8.29349846754e-06, 1.68599717654e-06, 8.43350960622e-07, 3.85349409271e-07, 1.77444448468e-07, 1.13206034769e-07, 5.65959688004e-08, 4.94163430176e-08, 1.43152725229e-08], "median": [7.33906781534e-05, 0.0003224973334, 0.000316852703691, 0.00065645162249, 0.00198817299679, 0.000973938032985, 0.00051279424224, 0.000349553010892, 0.000364276231267, 0.000141247161082, 0.000103317739558, 3.49333276972e-05, 1.57806898642e-05, 9.08031870495e-06, 1.11246554297e-05, 3.26312947436e-05, 3.12554402626e-05, 1.69165850821e-05, 6.61582635075e-06, 1.11812369141e-06, 4.87610634536e-07, 2.43620434048e-07, 1.427925298e-07, 1.22368319921e-07, 1.17912875908e-07, 1.58934327033e-07, 2.13519371073e-08], "min": [1.07617406544e-23, 2.07088672504e-23, 8.02941283518e-24, 2.42027953085e-23, 2.51361755315e-23, 3.47498025024e-23, 3.81849225577e-23, 2.08352475006e-23, 5.9143513194e-24, 5.46893915307e-23, 6.06317418902e-23, 9.31353355402e-23, 1.29467233298e-22, 9.4081772989e-23, 1.57736562397e-22, 1.19160166037e-22, 1.88766828933e-22, 1.87004942811e-22, 3.57797266785e-22, 2.75167759899e-22, 3.97239453765e-22, 4.46303421383e-22, 6.8984338732e-22, 9.18829639484e-22, 1.17871137026e-21, 1.52109669309e-21, 2.3072650204e-21], "dvar2": [1.35457085548e-07, 9.9248643437e-07, 8.67060316523e-06, 0.000494935491588, 0.000424851867137, 2.11104634218e-05, 3.73153443434e-06, 4.86875842398e-06, 2.95297331832e-06, 7.40973916891e-07, 1.51693654971e-07, 3.71357913309e-08, 3.5000227161e-09, 8.99444907443e-10, 8.72963756837e-10, 6.42845066068e-09, 6.65561472601e-09, 1.18191989529e-09, 1.8710212546e-10, 6.69543457135e-12, 2.48819172731e-12, 4.17451934565e-13, 7.82575501797e-14, 2.76703234436e-14, 4.82514266579e-15, 2.29761413888e-15, 1.78267679045e-16], "dvar": [5.05653403593e-08, 3.54410587988e-07, 3.82963162338e-06, 0.000206192591577, 0.000167778081959, 8.36133040139e-06, 1.35740503993e-06, 2.0929501261e-06, 1.27686075757e-06, 2.66069577037e-07, 6.79793430436e-08, 1.41720803981e-08, 1.36774447324e-09, 3.43698958183e-10, 3.49578505032e-10, 2.48777776157e-09, 2.59921195678e-09, 5.09960906836e-10, 7.86631038086e-11, 2.78092869913e-12, 1.03773261685e-12, 1.7480983295e-13, 3.52720782269e-14, 1.30454779872e-14, 2.19792534901e-15, 8.92362550701e-16, 6.11405454336e-17], "dmean": [0.00012516953575, 0.000379986740882, 0.000924258842133, 0.00537843583152, 0.00555903837085, 0.00162691995502, 0.000673255010042, 0.000562946777791, 0.000473948661238, 0.000192777340999, 0.000139416821185, 5.10560566909e-05, 1.92748138943e-05, 1.10814698928e-05, 1.1248976989e-05, 2.94995170407e-05, 2.82772925857e-05, 1.35024965857e-05, 5.22262143932e-06, 1.05898550373e-06, 5.35597337148e-07, 2.46587092079e-07, 1.16141542605e-07, 7.41539309956e-08, 3.53819693544e-08, 2.94837807502e-08, 8.30995983137e-09], "max": [0.00533974077553, 0.00826408341527, 0.0221808329225, 0.143949761987, 0.130443990231, 0.0540934093297, 0.025339089334, 0.0433130040765, 0.0309780519456, 0.0141107756644, 0.0061848834157, 0.00350637757219, 0.00115450657904, 0.000368874141714, 0.000450100080343, 0.000883547763806, 0.00146946217865, 0.000929318019189, 0.000337982724886, 3.828537956e-05, 2.65735889116e-05, 6.51157643006e-06, 3.12020961246e-06, 1.65002279573e-06, 8.09326536455e-07, 7.72911675995e-07, 2.61031999571e-07], "var": [4.89923230873e-08, 4.06743623671e-07, 4.67918516733e-06, 0.000218718516408, 0.000172627551365, 1.30871649162e-05, 2.45082401307e-06, 2.94484539154e-06, 2.145668