{"tonal": {"thpcp": [1, 0.80788654089, 0.45384940505, 0.486707627773, 0.617623746395, 0.525794267654, 0.405989736319, 0.260532110929, 0.202887117863, 0.237567439675, 0.258887737989, 0.246356546879, 0.236416816711, 0.250932812691, 0.287138015032, 0.295357465744, 0.245887890458, 0.213222146034, 0.241743281484, 0.271225899458, 0.288279861212, 0.381886482239, 0.503745257854, 0.581851899624, 0.544920146465, 0.427257597446, 0.447101205587, 0.521448969841, 0.583630144596, 0.761082231998, 0.752385497093, 0.520088374615, 0.357501983643, 0.30022919178, 0.390638977289, 0.72920280695], "hpcp": {"dmean2": [0.211494252086, 0.228024318814, 0.184230238199, 0.197950661182, 0.175207912922, 0.135442554951, 0.151347488165, 0.156051456928, 0.146808028221, 0.13792334497, 0.156802043319, 0.178145453334, 0.169300034642, 0.164134681225, 0.134574308991, 0.164905041456, 0.179120048881, 0.201626718044, 0.22365821898, 0.272057622671, 0.266878128052, 0.303285449743, 0.288775354624, 0.274449706078, 0.252303659916, 0.329996019602, 0.352266937494, 0.341386914253, 0.287758767605, 0.23878595233, 0.201758503914, 0.24668250978, 0.365495741367, 0.335056036711, 0.368700474501, 0.277117222548], "median": [0.034005522728, 0.0373638011515, 0.0407614037395, 0.0181396789849, 0.0149649027735, 0.0156707018614, 0.0193073004484, 0.0223608966917, 0.0198588259518, 0.0165960602462, 0.0149298328906, 0.0138322226703, 0.0138594955206, 0.0140389744192, 0.0148191889748, 0.0140367355198, 0.0161215551198, 0.0209460090846, 0.0393492951989, 0.0580490753055, 0.0496895089746, 0.0323550514877, 0.03429787606, 0.0265280157328, 0.0216375552118, 0.0285693313926, 0.0296103022993, 0.0407798439264, 0.0428787171841, 0.0281324759126, 0.0214119311422, 0.0304528679699, 0.0668269172311, 0.102692395449, 0.094815120101, 0.0430971384048], "min": [0, 0, 0, 0, 0, 0, 0, 0, 0, 0, 0, 0, 0, 0, 0, 0, 0, 0, 0, 0, 0, 0, 0, 0, 0, 0, 0, 0, 0, 0, 0, 0, 0, 0, 0, 0], "dvar2": [0.0875413194299, 0.102034412324, 0.0639582127333, 0.105057403445, 0.0900967866182, 0.0597826018929, 0.070543602109, 0.0733155086637, 0.0720068588853, 0.0626974776387, 0.0725374668837, 0.0966269597411, 0.0805411189795, 0.091577321291, 0.0538195967674, 0.0769425481558, 0.0899040848017, 0.120718315244, 0.102780975401, 0.12612709403, 0.127363175154, 0.179462239146, 0.149896040559, 0.173947513103, 0.126712590456, 0.165850028396, 0.201705902815, 0.170368269086, 0.136976733804, 0.12597335875, 0.0965621098876, 0.125921308994, 0.16563783586, 0.146297559142, 0.171799942851, 0.123946100473], "dvar": [0.0353079847991, 0.0457608625293, 0.0309005342424, 0.0430856011808, 0.0320595353842, 0.021335683763, 0.0259141344577, 0.0274459905922, 0.0269245430827, 0.0236125700176, 0.026562128216, 0.0366784743965, 0.0343439206481, 0.032389126718, 0.0199786052108, 0.0291209220886, 0.0334144607186, 0.041701503098, 0.0366275720298, 0.0458019785583, 0.0540686286986, 0.071378596127, 0.0509856566787, 0.0609716139734, 0.0534135401249, 0.0672580599785, 0.08338303864, 0.0739848017693, 0.0533087737858, 0.0460210442543, 0.0359168201685, 0.0472716353834, 0.0648881644011, 0.0653186440468, 0.0645942315459, 0.047247685492], "dmean": [0.123558484018, 0.134956091642, 0.117799140513, 0.110013708472, 0.0973729938269, 0.0749243572354, 0.0843597203493, 0.0873042941093, 0.0822469443083, 0.0782553851604, 0.087244540453, 0.101422637701, 0.0972566530108, 0.0916678607464, 0.0761573761702, 0.0922187492251, 0.100821100175, 0.110999554396, 0.123549133539, 0.150426805019, 0.153574228287, 0.168091073632, 0.15778426826, 0.150774791837, 0.144459247589, 0.192859038711, 0.202351391315, 0.198008865118, 0.163862496614, 0.131537482142, 0.11045242101, 0.137456357479, 0.205550670624, 0.19781062007, 0.212652727962, 0.153145715594], "max": [1, 1, 1, 1, 1, 1, 1, 1, 1, 1, 1, 1, 1, 1, 1, 1, 1, 1, 1, 1, 1, 1, 1, 1, 1, 1, 1, 1, 1, 1, 1, 1, 1, 1, 1, 1], "var": [0.0523682460189, 0.088344052434, 0.0596427358687, 0.0609412826598, 0.0254694502801, 0.0158451180905, 0.0211036000401, 0.0248073358089, 0.0238041896373, 0.0224643871188, 0.0237988457084, 0.0321448482573, 0.0349822901189, 0.0259147901088, 0.0168596357107, 0.0236253291368, 0.0272995382547, 0.0314292795956, 0.0329127237201, 0.0459369122982, 0.075144097209, 0.0798744931817, 0.0432454757392, 0.0591747537255, 0.075306981802, 0.0745954811573, 0.114245668054, 0.104819566011, 0.0544956885278, 0.0366751141846, 0.0299047157168, 0.0406669080257, 0.0805714279413, 0.125847369432, 0.0890047326684, 0.0443051867187], "mean": [0.143786236644, 0.182462304831, 0.155333459377, 0.119940049946, 0.076968036592, 0.0599381923676, 0.0701836720109, 0.0764822512865, 0.0727802067995, 0.0698437467217, 0.0741321519017, 0.0848281234503, 0.0872563645244, 0.0726417526603, 0.0629914328456, 0.071417324245, 0.0801272690296, 0.0851654559374, 0.112819314003, 0.148819610476, 0.171894356608, 0.160983741283, 0.126223132014, 0.132085457444, 0.154049739242, 0.172419697046, 0.224843710661, 0.222274467349, 0.15364779532, 0.105615489185, 0.0886956006289, 0.115405030549, 0.215425699949, 0.295426309109, 0.238670945168, 0.134079053998]}, "tuning_equal_tempered_deviation": 0.225433915854, "chords_changes_rate": 0.128427132964, "key_key": "C#", "tuning_diatonic_strength": 0.515525341034, "key_scale": "minor", "chords_number_rate": 0.00336700328626, "tuning_frequency": 451.84777832, "tuning_nontempered_energy_ratio": 0.903316617012, "chords_histogram": [5.21885538101, 9.13900947571, 37.2534866333, 4.90620470047, 2.78980278969, 0.384800374508, 0.0481000468135, 2.28475236893, 3.51130342484, 12.9148626328, 4.93025493622, 4.90620470047, 0, 0.168350175023, 2.33285236359, 5.19480514526, 1.1303511858, 0.144300147891, 0.0721500739455, 0, 0.216450214386, 1.01010096073, 0.962000966072, 0.481000483036], "key_strength": 0.386681586504, "chords_key": "G#", "chords_strength": {"dmean2": 0.018864184618, "median": 0.468159198761, "min": 0.203323200345, "dvar2": 0.000262198533164, "dvar": 0.000161125630257, "dmean": 0.0155756212771, "max": 0.735834360123, "var": 0.0110336812213, "mean": 0.475296407938}, "chords_scale": "minor", "hpcp_entropy": {"dmean2": 1.17948460579, "median": 2.14206624031, "min": 0.0393161065876, "dvar2": 0.874016404152, "dvar": 0.331836730242, "dmean": 0.714731216431, "max": 4.40773200989, "var": 0.568880319595, "mean": 2.19703888893}}, "metadata": {"audio_properties": {"equal_loudness": 0, "codec": "mp3", "downmix": "mix", "sample_rate": 44100, "analysis_sample_rate": 44100, "bit_rate": 112000, "md5_encoded": "efd9e4f0f0b108c07b44c0c67c5bcb69", "length": 193.044891357, "replay_gain": -9.17039871216, "lossless": false}, "version": {"essentia_build_sha": "2d9f1f26377add8aeb1075a9c2973f962c4f09fd", "essentia": "2.1-beta2", "extractor": "music 1.0", "essentia_git_sha": "v2.1_beta2-1-ge3940c0"}, "tags": {"title": ["Funk's on Me"], "media": ["(CD)"], "albumartist": ["Funkdoobiest"], "musicbrainz_recordingid": ["04aa1115-f60c-4d18-8626-efbb50614d95"], "musicbrainz_albumartistid": ["2a1a72fc-b9e1-40b2-823e-77c81b4b1062"], "album": ["Which Doobie U B ?"], "catalognumber": ["EK 53212"], "musicbrainz album release country": ["United States"], "musicbrainz album type": ["Album"], "musicbrainz album status": ["Official"], "file_name": "Funkdoobiest-Which Doobie U B -12-Funk's on Me.mp3", "date": ["1993"], "genre": ["Rap hip hop"], "musicip_puid": ["90092175-6e84-67de-5125-d9b814f73d77"], "asin": ["B0000028VZ"], "musicbrainz_albumid": ["0764bf15-4424-495d-97d4-f2aa6ee3fd83"], "artist": ["Funkdoobiest"], "artistsort": ["Funkdoobiest"], "tracknumber": ["12/12"], "label": ["Immortal Records"], "albumartistsort": ["Funkdoobiest"], "musicbrainz_artistid": ["2a1a72fc-b9e1-40b2-823e-77c81b4b1062"]}}, "rhythm": {"bpm_histogram_first_peak_bpm": {"dmean2": 0, "median": 105, "min": 105, "dvar2": 0, "dvar": 0, "dmean": 0, "max": 105, "var": 0, "mean": 105}, "bpm": 104.818077087, "bpm_histogram_second_peak_spread": {"dmean2": 0, "median": 0.444444477558, "min": 0.444444477558, "dvar2": 0, "dvar": 0, "dmean": 0, "max": 0.444444477558, "var": 0, "mean": 0.444444477558}, "bpm_histogram_first_peak_weight": {"dmean2": 0, "median": 0.462686568499, "min": 0.462686568499, "dvar2": 0, "dvar": 0, "dmean": 0, "max": 0.462686568499, "var": 0, "mean": 0.462686568499}, "onset_rate": 4.48559856415, "beats_position": [0.615328788757, 1.25387752056, 1.88081634045, 2.48453521729, 3.06503391266, 3.63392281532, 4.20281171799, 4.78331041336, 5.36380958557, 5.94430828094, 6.51319694519, 7.08208608627, 7.65097475052, 8.2198638916, 8.78875255585, 9.35764122009, 9.91492080688, 10.4954195023, 11.0759181976, 11.656416893, 12.2136955261, 12.7941951752, 13.3630838394, 13.9319725037, 14.4892511368, 15.0697498322, 15.6502494812, 16.2191371918, 16.7880268097, 17.3685264587, 17.9490242004, 18.5295238495, 19.0868015289, 19.667301178, 20.2245807648, 20.7934684753, 21.3623580933, 21.9544658661, 22.523355484, 23.1038551331, 23.6611328125, 24.2416324615, 24.8221302032, 25.3910198212, 25.9599094391, 26.5404071808, 27.1092967987, 27.6897945404, 28.2586841583, 28.8391838074, 29.3964614868, 29.9653511047, 30.5342407227, 31.1147384644, 31.6836280823, 32.264125824, 32.8330154419, 33.4135131836, 33.9707946777, 34.5629005432, 35.1317901611, 35.7122879028, 36.2811775208, 36.8500671387, 37.4073448181, 37.9878463745, 38.5683441162, 39.1488418579, 39.7061233521, 40.2866210938, 40.8671188354, 41.4360084534, 42.0048980713, 42.585395813, 43.1542854309, 43.7231750488, 44.2804527283, 44.86095047, 45.4414520264, 46.0103378296, 46.5792274475, 47.1597251892, 47.7286148071, 48.3091163635, 48.8780021667, 49.4468917847, 50.0157814026, 50.5846710205, 51.1535606384, 51.7340583801, 52.3145561218, 52.8950538635, 53.4523353577, 54.0328330994, 54.6133308411, 55.182220459, 55.7511100769, 56.3316078186, 56.912109375, 57.4809951782, 58.0498847961, 58.6303825378, 59.187664032, 59.7565536499, 60.3254394531, 60.9059410095, 61.4864387512, 62.0553283691, 62.6242179871, 63.1931037903, 63.7619934082, 64.3308868408, 64.899772644, 65.4802703857, 66.0607681274, 66.6296615601, 67.1985473633, 67.779045105, 68.3595428467, 68.9400405884, 69.5321502686, 70.1010437012, 70.6583175659, 71.2272109985, 71.7960968018, 72.3765945435, 72.9338760376, 73.5027618408, 74.0716552734, 74.6521530151, 75.2326507568, 75.8015441895, 76.3704299927, 76.9509277344, 77.5314254761, 78.1003189087, 78.6692047119, 79.2497024536, 79.8185958862, 80.3874816895, 80.9563674927, 81.5368728638, 82.105758667, 82.6746444702, 83.2435379028, 83.8240356445, 84.4045333862, 84.9734191895, 85.5423126221, 86.1228103638, 86.691696167, 87.2605895996, 87.8294754028, 88.4099731445, 88.9788665771, 89.5477523804, 90.116645813, 90.6971435547, 91.2776412964, 91.8465270996, 92.4154205322, 92.9959182739, 93.5764160156, 94.1453018188, 94.7141952515, 95.2830810547, 95.8519744873, 96.4208602905, 96.9897460938, 97.5702438354, 98.1507492065, 98.7196350098, 99.288520813, 99.8690261841, 100.449523926, 101.018409729, 101.587303162, 102.167800903, 102.725074768, 103.293968201, 103.862854004, 104.454963684, 105.035461426, 105.604354858, 106.161628723, 106.742126465, 107.322631836, 107.891517639, 108.460403442, 109.040908813, 109.609794617, 110.17868042, 110.735961914, 111.316459656, 111.885353088, 112.454238892, 113.034736633, 113.615234375, 114.184127808, 114.753013611, 115.333511353, 115.914009094, 116.471290588, 117.040176392, 117.609069824, 118.189567566, 118.770065308, 119.338951111, 119.907844543, 120.488342285, 121.068840027, 121.649337769, 122.206619263, 122.798728943, 123.379226685, 123.948112488, 124.505393982, 125.085891724, 125.643173218, 126.212059021, 126.780952454, 127.361450195, 127.941947937, 128.522445679, 129.079727173, 129.660217285, 130.240722656, 130.809616089, 131.378494263, 131.958999634, 132.527893066, 133.09677124, 133.654052734, 134.234558105, 134.803451538, 135.372329712, 135.952835083, 136.533325195, 137.102218628, 137.671112061, 138.239990234, 138.820495605, 139.389389038, 139.958267212, 140.527160645, 141.107666016, 141.676544189, 142.257049561, 142.825942993, 143.406433105, 143.986938477, 144.567428589, 145.124710083, 145.705215454, 146.262496948, 146.831375122, 147.400268555, 147.980773926, 148.561264038, 149.130157471, 149.699050903, 150.279541016, 150.860046387, 151.428924561, 151.997817993, 152.578323364, 153.147201538, 153.716094971, 154.273376465, 154.853881836, 155.434371948, 156.003265381, 156.572158813, 157.152648926, 157.733154297, 158.313644409, 158.870925903, 159.439819336, 160.00869751, 160.577590942, 161.146484375, 161.738586426, 162.307479858, 162.876373291, 163.445251465, 164.025756836, 164.606262207, 165.175140381, 165.744033813, 166.324539185, 166.905029297, 167.485534668, 168.042816162, 168.623306274, 169.180587769, 169.749481201, 170.318359375, 170.898864746, 171.479354858, 172.048248291, 172.617141724, 173.197631836, 173.778137207, 174.34703064, 174.915908813, 175.484802246, 176.053695679, 176.622589111, 177.191467285, 177.771972656, 178.352462769, 178.921356201, 179.490249634, 180.070739746, 180.651245117, 181.22013855, 181.789016724, 182.369522095, 182.938415527, 183.51890564, 184.087799072, 184.668289185, 185.248794556, 185.829299927, 186.409790039, 186.978683472, 187.50112915, 188.035186768, 188.569244385, 189.11491394, 189.660583496, 190.206253052, 190.740310669, 191.285980225, 191.83164978, 192.365707397], "beats_loudness": {"dmean2": 0.0386362671852, "median": 0.04163755849, "min": 3.57318131137e-05, "dvar2": 0.00100905145518, "dvar": 0.000346375018125, "dmean": 0.0216296873987, "max": 0.102375373244, "var": 0.000549426942598, "mean": 0.0421505384147}, "danceability": 1.28780508041, "bpm_histogram_second_peak_weight": {"dmean2": 0, "median": 0.0149253727868, "min": 0.0149253727868, "dvar2": 0, "dvar": 0, "dmean": 0, "max": 0.0149253727868, "var": 0, "mean": 0.0149253727868}, "beats_count": 336, "bpm_histogram_second_peak_bpm": {"dmean2": 0, "median": 110, "min": 110, "dvar2": 0, "dvar": 0, "dmean": 0, "max": 110, "var": 0, "mean": 110}, "bpm_histogram_first_peak_spread": {"dmean2": 0, "median": 0.51863348484, "min": 0.51863348484, "dvar2": 0, "dvar": 0, "dmean": 0, "max": 0.51863348484, "var": 0, "mean": 0.51863348484}, "beats_loudness_band_ratio": {"dmean2": [0.414688438177, 0.265670895576, 0.21843200922, 0.128473818302, 0.171258166432, 0.0800678506494], "median": [0.473609030247, 0.121603004634, 0.10356323421, 0.0639327317476, 0.114161089063, 0.0707390457392], "min": [0.00809102319181, 6.16228790022e-05, 2.57185020018e-05, 3.1835075788e-05, 8.38593550725e-05, 0.000386345811421], "dvar2": [0.0698311924934, 0.0330767259002, 0.038246832788, 0.0152154555544, 0.0132038854063, 0.00464809220284], "dvar": [0.0303239859641, 0.0111660398543, 0.013912669383, 0.00531118037179, 0.00544319953769, 0.0017307571834], "dmean": [0.269746243954, 0.139847159386, 0.135106056929, 0.0717370733619, 0.103302061558, 0.0513580963016], "max": [0.998758256435, 0.953805327415, 0.730398058891, 0.543998420238, 0.477568626404, 0.438456952572], "var": [0.058878723532, 0.0123295430094, 0.0169960185885, 0.0061162575148, 0.00935015548021, 0.00300570437685], "mean": [0.492213100195, 0.137790098786, 0.140255376697, 0.0865875035524, 0.13166756928, 0.0751819089055]}}, "lowlevel": {"barkbands_spread": {"dmean2": 10.6251096725, "median": 15.5884113312, "min": 0.177099719644, "dvar2": 175.451889038, "dvar": 77.4795761108, "dmean": 7.06952095032, "max": 115.66242981, "var": 184.018951416, "mean": 17.9612083435}, "melbands_spread": {"dmean2": 11.0545663834, "median": 14.4160661697, "min": 0.310993105173, "dvar2": 189.499908447, "dvar": 84.7933425903, "dmean": 7.30193758011, "max": 121.114639282, "var": 251.483276367, "mean": 17.6106777191}, "hfc": {"dmean2": 11.709851265, "median": 13.3978319168, "min": 1.18872537643e-16, "dvar2": 268.096893311, "dvar": 116.267456055, "dmean": 8.03787231445, "max": 99.8690185547, "var": 224.846496582, "mean": 17.0282478333}, "barkbands_kurtosis": {"dmean2": 21.9904289246, "median": 3.19501876831, "min": -1.90150308609, "dvar2": 5005.48242188, "dvar": 2642.92504883, "dmean": 14.7370233536, "max": 2734.78344727, "var": 10018.8515625, "mean": 24.704914093}, "gfcc": {"mean": [-27.3468132019, 100.077674866, -105.053016663, 41.3892822266, -50.9481506348, 22.5308647156, -28.779050827, 17.8260116577, -18.1776180267, 4.41026067734, -19.0983963013, -2.76290512085, -13.1313791275], "icov": [[0.000272498611594, -0.000838778563775, 0.000474120461149, -0.000835228944197, 0.00103290390689, -0.00114187423605, 0.00105936068576, -0.00073283893289, 0.000500114809256, -0.000157789734658, 0.000559900945518, -0.000335006392561, 0.000458269059891], [-0.000838778563775, 0.00572940800339, -0.00221574353054, 0.00456349691376, -0.00416760705411, 0.0064307982102, -0.00522081088275, 0.00462799007073, -0.00413247104734, 0.00454545766115, -0.00438242452219, 0.00336435134523, -0.00169103231747], [0.000474120461149, -0.00221574353054, 0.00221901596524, -0.00294256396592, 0.00258737825789, -0.00302031100728, 0.00253756856546, -0.00193471310195, 0.00120140088256, -0.000601164298132, 0.000521354959346, -0.000483464478748, 0.000900592189282], [-0.000835228944197, 0.00456349691376, -0.00294256396592, 0.00855027046055, -0.00548166036606, 0.0050042020157, -0.00278009707108, 0.00316817476414, -0.00157839048188, 0.00192418450024, -0.00208548968658, 0.00229484727606, -0.00317402300425], [0.00103290390689, -0.00416760705411, 0.00258737825789, -0.00548166036606, 0.00796296726912, -0.00707848183811, 0.00397611176595, -0.00337095349096, 0.00113021838479, -0.000511676655151, 0.00323085882701, -0.00173866131809, 0.00105991854798], [-0.00114187423605, 0.0064307982102, -0.00302031100728, 0.0050042020157, -0.00707848183811, 0.0148000838235, -0.00952805671841, 0.00549416476861, -0.00373314227909, 0.00350373494439, -0.00384109513834, 0.00236379588023, -0.00117944949307], [0.00105936068576, -0.00522081088275, 0.00253756856546, -0.00278009707108, 0.00397611176595, -0.00952805671841, 0.0137523747981, -0.00983423367143, 0.00518419919536, -0.000281579006696, 0.000298715720419, -0.000575428479351, 0.00113940541632], [-0.00073283893289, 0.00462799007073, -0.00193471310195, 0.00316817476414, -0.00337095349096, 0.00549416476861, -0.00983423367143, 0.0185993313789, -0.00911670923233, 0.00280077569187, -0.00185900880024, -0.00213680393063, -0.00226055760868], [0.000500114809256, -0.00413247104734, 0.00120140088256, -0.00157839048188, 0.00113021838479, -0.00373314227909, 0.00518419919536, -0.00911670923233, 0.0175726413727, -0.00946045015007, 0.000796517299023, 0.0047075310722, -0.000390496890759], [-0.000157789734658, 0.00454545766115, -0.000601164298132, 0.00192418450024, -0.000511676655151, 0.00350373494439, -0.000281579006696, 0.00280077569187, -0.00946045015007, 0.019229374826, -0.009243208915, 0.00375783140771, -0.00076737080235], [0.000559900945518, -0.00438242452219, 0.000521354959346, -0.00208548968658, 0.00323085882701, -0.00384109513834, 0.000298715720419, -0.00185900880024, 0.000796517299023, -0.009243208915, 0.0217194706202, -0.0104327527806, 0.00414017727599], [-0.000335006392561, 0.00336435134523, -0.000483464478748, 0.00229484727606, -0.00173866131809, 0.00236379588023, -0.000575428479351, -0.00213680393063, 0.0047075310722, 0.00375783140771, -0.0104327527806, 0.0210144352168, -0.0090619456023], [0.000458269059891, -0.00169103231747, 0.000900592189282, -0.00317402300425, 0.00105991854798, -0.00117944949307, 0.00113940541632, -0.00226055760868, -0.000390496890759, -0.00076737080235, 0.00414017727599, -0.0090619456023, 0.0190236400813]], "cov": [[11122.2402344, 867.683410645, -451.687194824, -113.772109985, -983.475341797, -301.442871094, -521.087646484, -257.19039917, -117.080078125, -156.311981201, -125.928710938, -142.368484497, -200.763931274], [867.683410645, 1021.97796631, 112.386917114, -266.245391846, -37.0808677673, -132.068405151, 105.53314209, -33.4125785828, 90.0985183716, -86.3752670288, 50.8538513184, -113.491035461, -62.9770202637], [-451.687194824, 112.386917114, 1095.66723633, 218.968688965, -76.8726959229, -1.52784705162, -79.1662368774, -21.1705093384, 9.7644109726, 6.63353013992, 31.1224975586, -25.0390930176, -6.28290224075], [-113.772109985, -266.245391846, 218.968688965, 369.982788086, 136.846740723, 33.7538452148, -73.8249969482, -14.5371198654, -33.9959754944, -5.31589221954, -35.1489448547, 19.3748664856, 43.5669784546], [-983.475341797, -37.0808677673, -76.8726959229, 136.846740723, 466.41696167, 160.435317993, 108.294418335, 47.3685264587, 5.86581277847, -49.1243515015, -28.306055069, 12.6681566238, 40.3030471802], [-301.442871094, -132.068405151, -1.52784705162, 33.7538452148, 160.435317993, 239.539993286, 140.039459229, 47.6643791199, -18.610124588, -31.7031860352, 1.13216626644, 24.0492935181, 13.9634428024], [-521.087646484, 105.53314209, -79.1662368774, -73.8249969482, 108.294418335, 140.039459229, 291.877105713, 101.946487427, -6.48818445206, -50.0397033691, 30.8738632202, 24.0357341766, 13.2237024307], [-257.19039917, -33.4125785828, -21.1705093384, -14.5371198654, 47.3685264587, 47.6643791199, 101.946487427, 125.433174133, 37.928691864, 6.17059421539, 19.1302471161, 24.8004322052, 19.5951309204], [-117.080078125, 90.0985183716, 9.7644109726, -33.9959754944, 5.86581277847, -18.610124588, -6.48818445206, 37.928691864, 142.278320313, 67.9117889404, 21.3803730011, -44.7614173889, -12.2053251266], [-156.311981201, -86.3752670288, 6.63353013992, -5.31589221954, -49.1243515015, -31.7031860352, -50.0397033691, 6.17059421539, 67.9117889404, 127.642036438, 36.0814743042, -12.7429800034, -7.99158716202], [-125.928710938, 50.8538513184, 31.1224975586, -35.1489448547, -28.306055069, 1.13216626644, 30.8738632202, 19.1302471161, 21.3803730011, 36.0814743042, 88.8303146362, 26.4944152832, -2.52992248535], [-142.368484497, -113.491035461, -25.0390930176, 19.3748664856, 12.6681566238, 24.0492935181, 24.0357341766, 24.8004322052, -44.7614173889, -12.7429800034, 26.4944152832, 106.589691162, 43.6271438599], [-200.763931274, -62.9770202637, -6.28290224075, 43.5669784546, 40.3030471802, 13.9634428024, 13.2237024307, 19.5951309204, -12.2053251266, -7.99158716202, -2.52992248535, 43.6271438599, 80.2870101929]]}, "spectral_energyband_middle_low": {"dmean2": 0.0155203584582, "median": 0.00915977638215, "min": 2.78837061203e-22, "dvar2": 0.000984301208518, "dvar": 0.000352321279934, "dmean": 0.00924219097942, "max": 0.165395528078, "var": 0.00033088575583, "mean": 0.0137131521478}, "melbands_crest": {"dmean2": 5.60774469376, "median": 17.2827396393, "min": 2.27911877632, "dvar2": 23.062046051, "dvar": 10.5663394928, "dmean": 3.53511929512, "max": 39.9698028564, "var": 43.3696632385, "mean": 17.8469009399}, "spectral_kurtosis": {"dmean2": 2.9508125782, "median": 4.21793031693, "min": -1.30320036411, "dvar2": 10.5704059601, "dvar": 4.48622179031, "dmean": 1.88479185104, "max": 56.858795166, "var": 10.3801307678, "mean": 4.76671075821}, "spectral_rms": {"dmean2": 0.0017424604157, "median": 0.00569607270882, "min": 3.28386580081e-12, "dvar2": 4.87937313665e-06, "dvar": 1.90891796592e-06, "dmean": 0.00110608665273, "max": 0.0136026125401, "var": 5.71387863602e-06, "mean": 0.00539880478755}, "zerocrossingrate": {"dmean2": 0.0123071195558, "median": 0.0361328125, "min": 0, "dvar2": 0.000197111119633, "dvar": 0.0001687144686, "dmean": 0.0109909093007, "max": 0.4912109375, "var": 0.000738678791095, "mean": 0.0409065783024}, "silence_rate_60dB": {"dmean2": 0.0322386622429, "median": 0, "min": 0, "dvar2": 0.0367312021554, "dvar": 0.0158572625369, "dmean": 0.0161173921078, "max": 1, "var": 0.087049163878, "mean": 0.0963319316506}, "erbbands_kurtosis": {"dmean2": 3.11184287071, "median": 0.31363427639, "min": -1.78230834007, "dvar2": 35.8406791687, "dvar": 17.00299263, "dmean": 1.99341237545, "max": 108.786636353, "var": 31.3431930542, "mean": 1.77162921429}, "erbbands": {"dmean2": [0.164804115891, 1.97109925747, 6.85125875473, 9.69062042236, 24.5527591705, 15.0409889221, 10.7839632034, 21.281747818, 39.4245986938, 55.1581115723, 52.3079490662, 62.8005981445, 41.5429382324, 33.6651382446, 44.9803657532, 32.8620948792, 28.449016571, 30.0935630798, 35.2645187378, 22.8328876495, 26.4475212097, 21.6067447662, 13.1382436752, 9.53007888794, 8.08998012543, 7.15197753906, 5.49326229095, 7.30848789215, 5.00885295868, 4.80676412582, 2.74376583099, 1.9202426672, 1.24151444435, 0.834271907806, 0.29279178381, 0.0930052548647, 0.0306092835963, 0.00254187709652, 5.43804781046e-05, 2.81044958683e-05], "median": [0.0846986100078, 1.30713355541, 3.5940349102, 3.90998315811, 3.49580621719, 2.55801081657, 1.91627860069, 2.88056111336, 5.6982049942, 8.28823566437, 7.69685554504, 8.14585876465, 6.60292053223, 7.68931388855, 7.03450059891, 4.22447490692, 4.0064034462, 4.58166885376, 6.69607257843, 4.26589012146, 4.49266052246, 6.75503778458, 4.82111263275, 4.06096744537, 3.24057817459, 2.14396548271, 1.73029649258, 1.60672557354, 1.21767675877, 0.689759194851, 0.464571803808, 0.315387368202, 0.216915220022, 0.113355219364, 0.053629219532, 0.0200362484902, 0.00635413778946, 0.000486615987029, 3.06213951262e-05, 4.11492801504e-05], "min": [8.50061870208e-22, 1.20169723718e-21, 1.14970931938e-20, 3.82097633964e-20, 1.34291984041e-19, 1.99338468883e-19, 2.04547302748e-19, 1.95750534202e-19, 3.17137867377e-19, 5.91509721604e-19, 1.15295773519e-18, 1.36564510263e-18, 4.80538127794e-18, 2.64285177648e-18, 3.38797317713e-18, 2.99182810998e-18, 4.29753291369e-18, 5.95896984175e-18, 1.25854851912e-17, 7.11656402768e-18, 1.27800943195e-17, 1.1345830139e-17, 8.71033592728e-18, 1.50588776454e-17, 1.67418295412e-17, 1.88492938361e-17, 2.70493916744e-17, 1.73042279854e-17, 2.14495013501e-17, 2.27815384146e-17, 1.54164694786e-17, 1.28822445077e-17, 1.66911597656e-17, 1.18247114654e-17, 9.29703362906e-18, 6.01923946195e-18, 3.41968645464e-18, 1.41400156425e-18, 3.45866599684e-19, 3.56473840409e-20], "dvar2": [0.0767317563295, 8.77768516541, 105.446998596, 241.681488037, 4476.98632813, 1200.02050781, 431.051300049, 1500.1184082, 5678.81738281, 12029.9658203, 12989.765625, 25520, 9890.15820313, 5702.04980469, 16141.1884766, 6725.87353516, 4558.78613281, 4009.04907227, 4508.16162109, 2521.81152344, 3682.95678711, 2716.2512207, 885.66015625, 237.04133606, 154.418167114, 137.599822998, 69.6750793457, 164.522277832, 72.9398651123, 116.288864136, 32.1612434387, 17.8166294098, 5.7666721344, 2.83330202103, 0.482094854116, 0.083201341331, 0.00800079014152, 3.79938828701e-05, 1.50101691077e-08, 1.80360759661e-09], "dvar": [0.0269922856241, 3.47341752052, 44.1041870117, 87.6414413452, 1590.59057617, 430.221405029, 154.428344727, 630.508422852, 2106.82543945, 4493.72363281, 5394.39306641, 10719.6503906, 4642.47460938, 2531.92138672, 6619.39160156, 2871.43334961, 1915.72851563, 1642.90576172, 1961.87463379, 998.639953613, 1369.10632324, 1024.93896484, 371.891540527, 99.9452438354, 73.0488052368, 60.608455658, 31.5750350952, 71.7274475098, 34.5139045715, 47.592880249, 14.5054712296, 8.0017414093, 2.68113183975, 1.25271213055, 0.214350864291, 0.033819142729, 0.00302646239288, 1.51030562847e-05, 5.96846128076e-09, 6.66370569835e-10], "dmean": [0.0969714224339, 1.20014059544, 4.22529792786, 5.76259994507, 13.8919668198, 8.46575832367, 6.02446746826, 12.5446424484, 22.7440738678, 32.060760498, 32.3647613525, 39.3294181824, 27.668428421, 21.8713779449, 28.3204917908, 21.0032329559, 18.0884952545, 18.6266689301, 22.4957885742, 14.4406919479, 15.875161171, 13.2688407898, 8.56209564209, 6.08948850632, 5.5158200264, 4.77167797089, 3.61471390724, 4.97909641266, 3.44126152992, 3.14157295227, 1.85827934742, 1.29614317417, 0.832969844341, 0.552845656872, 0.194506779313, 0.0597178339958, 0.0194818675518, 0.00165270478465, 3.57899298251e-05, 1.72312084032e-05], "max": [1.64240276814, 19.7476558685, 72.2602462769, 88.1120529175, 355.361724854, 259.871795654, 142.587524414, 296.225616455, 500.221557617, 1201.62817383, 893.961853027, 1362.94836426, 1308.58825684, 998.966491699, 1491.96679688, 844.583496094, 782.083374023, 632.097839355, 709.015258789, 512.343811035, 523.209228516, 534.099182129, 595.311706543, 164.196578979, 86.5802383423, 86.4527587891, 49.160068512, 88.1900405884, 57.4780769348, 86.8385696411, 82.584487915, 68.2148742676, 31.2949066162, 19.1895923615, 8.22753810883, 3.67715954781, 0.924464762211, 0.0617189928889, 0.00119651970454, 0.00022480727057], "var": [0.0683980360627, 6.68161487579, 134.463195801, 146.984649658, 1201.10388184, 303.893798828, 112.639694214, 735.453186035, 2174.60400391, 4606.34960938, 6474.71044922, 12448.6533203, 6687.81005859, 3549.82983398, 7338.52197266, 3288.12866211, 3026.05957031, 1935.39196777, 2763.84912109, 1018.51641846, 1164.81311035, 1054.03100586, 425.090057373, 187.419677734, 122.808685303, 86.7267913818, 48.2967948914, 98.7478561401, 46.8601112366, 45.1488418579, 17.5139122009, 10.4952516556, 3.8324944973, 1.52816390991, 0.273973315954, 0.0371908918023, 0.0027045677416, 1.47430073412e-05, 6.34523988907e-09, 9.84017201056e-10], "mean": [0.194087475538, 2.2638335228, 9.12928295135, 9.09349918365, 13.2992801666, 7.5239405632, 5.64285612106, 13.2325372696, 27.4749279022, 38.7769622803, 37.6372451782, 45.2051849365, 33.885684967, 28.7505645752, 31.5048103333, 22.3170394897, 21.9957504272, 21.1689853668, 27.2994270325, 16.3674087524, 16.8011951447, 18.1807479858, 11.7274580002, 9.96293449402, 7.78475999832, 6.20440721512, 5.00330448151, 6.16218614578, 4.17365694046, 3.19716572762, 2.1053185463, 1.49365222454, 0.999118924141, 0.609432518482, 0.235845416784, 0.0746036618948, 0.0235407017171, 0.00196463544853, 5.65612826904e-05, 4.32886772614e-05]}, "spectral_strongpeak": {"dmean2": 0.718981385231, "median": 0.496658712626, "min": 0, "dvar2": 1.17380917072, "dvar": 0.463696092367, "dmean": 0.417036682367, "max": 6.84104681015, "var": 0.61951059103, "mean": 0.739997923374}, "spectral_energy": {"dmean2": 0.0239086002111, "median": 0.0332563742995, "min": 1.10533697641e-20, "dvar2": 0.00135046290234, "dvar": 0.000491648213938, "dmean": 0.0145374806598, "max": 0.189656838775, "var": 0.000710071413778, "mean": 0.0357325077057}, "average_loudness": 0.9599827528, "spectral_rolloff": {"dmean2": 840.820739746, "median": 667.529296875, "min": 21.533203125, "dvar2": 1824640.375, "dvar": 812823.8125, "dmean": 501.594024658, "max": 18497.0214844, "var": 1124365.875, "mean": 957.332336426}, "spectral_centroid": {"dmean2": 468.264556885, "median": 994.546142578, "min": 126.646636963, "dvar2": 286520.6875, "dvar": 135223.640625, "dmean": 313.951538086, "max": 11135.6884766, "var": 493739.1875, "mean": 1150.48852539}, "pitch_salience": {"dmean2": 0.142590656877, "median": 0.460574388504, "min": 0.00346386618912, "dvar2": 0.0153540316969, "dvar": 0.00672131218016, "dmean": 0.0905275419354, "max": 0.862557470798, "var": 0.0232206638902, "mean": 0.456177085638}, "spectral_energyband_middle_high": {"dmean2": 0.00386194931343, "median": 0.00251713511534, "min": 1.84064468204e-21, "dvar2": 3.12353440677e-05, "dvar": 1.41583204822e-05, "dmean": 0.00266947131604, "max": 0.0384292639792, "var": 2.9428914786e-05, "mean": 0.00454361410812}, "spectral_contrast_coeffs": {"dmean2": [0.095598384738, 0.102538488805, 0.0803619250655, 0.0630166232586, 0.042822510004, 0.0319438613951], "median": [-0.655299544334, -0.742503285408, -0.779263794422, -0.808665037155, -0.811172306538, -0.770797252655], "min": [-0.951339662075, -0.961646437645, -0.991047263145, -0.981952726841, -0.959168851376, -0.960868179798], "dvar2": [0.00677185086533, 0.00679375138134, 0.00444860057905, 0.00288522592746, 0.00137147703208, 0.000753919244744], "dvar": [0.0025731746573, 0.00301762507297, 0.00232003675774, 0.00144033436663, 0.000596995872911, 0.000359499506885], "dmean": [0.0578460395336, 0.0647902190685, 0.0537147633731, 0.0412313751876, 0.0272497013211, 0.0213076286018], "max": [-0.334503561258, -0.39292961359, -0.429964214563, -0.545858383179, -0.601443886757, -0.630977630615], "var": [0.00870618782938, 0.00978203862906, 0.00829705875367, 0.00456023868173, 0.00201020017266, 0.00145116087515], "mean": [-0.648167252541, -0.7312707901, -0.759269654751, -0.792536020279, -0.806525826454, -0.773121535778]}, "melbands_skewness": {"dmean2": 2.10901093483, "median": 2.81174874306, "min": -1.65289437771, "dvar2": 5.96629571915, "dvar": 3.25348305702, "dmean": 1.44204854965, "max": 53.1233024597, "var": 18.6498832703, "mean": 3.93488192558}, "spectral_spread": {"dmean2": 991969.5, "median": 4331709, "min": 1816844, "dvar2": 1412768071680.0, "dvar": 827191984128, "dmean": 681157.375, "max": 40196728, "var": 2492183347200.0, "mean": 4628937}, "dissonance": {"dmean2": 0.0484507232904, "median": 0.463298261166, "min": 0.170762464404, "dvar2": 0.00249025807716, "dvar": 0.00106347026303, "dmean": 0.0298566948622, "max": 0.5, "var": 0.00239085708745, "mean": 0.447943806648}, "spectral_skewness": {"dmean2": 0.445922404528, "median": 1.57765865326, "min": 0.0202281121165, "dvar2": 0.170726627111, "dvar": 0.0832393020391, "dmean": 0.300848960876, "max": 6.09316635132, "var": 0.277564585209, "mean": 1.6367777586}, "spectral_flux": {"dmean2": 0.0539586320519, "median": 0.0928465500474, "min": 1.05135004869e-10, "dvar2": 0.00351807195693, "dvar": 0.00166825542692, "dmean": 0.034766536206, "max": 0.390338182449, "var": 0.00383713212796, "mean": 0.100138925016}, "spectral_contrast_valleys": {"dmean2": [0.734544754028, 0.821572780609, 0.698771476746, 0.600388228893, 0.495758295059, 0.518065750599], "median": [-6.97428512573, -6.91391134262, -7.51057481766, -7.85497522354, -7.7548866272, -10.3246011734], "min": [-27.646856308, -27.3443012238, -27.4987163544, -27.1641750336, -27.1979293823, -27.1994342804], "dvar2": [0.36575871706, 0.561264693737, 0.445352077484, 0.365103244781, 0.258268743753, 0.280498534441], "dvar": [0.166222333908, 0.259189337492, 0.217398032546, 0.193367421627, 0.160743758082, 0.183057829738], "dmean": [0.444789856672, 0.528719127178, 0.444944381714, 0.406101286411, 0.371535718441, 0.403005421162], "max": [-5.19584655762, -4.48256111145, -5.38848733902, -5.69945001602, -5.91322851181, -7.9748749733], "var": [1.55117714405, 1.61254620552, 1.14388978481, 1.07711625099, 1.02750682831, 1.16313660145], "mean": [-7.21202468872, -7.06775569916, -7.64242935181, -7.94411373138, -7.82973623276, -10.2956495285]}, "erbbands_flatness_db": {"dmean2": 0.0349940732121, "median": 0.15548081696, "min": 0.042914506048, "dvar2": 0.00100214092527, "dvar": 0.000552471086849, "dmean": 0.0248463284224, "max": 0.325288295746, "var": 0.0021603689529, "mean": 0.158883556724}, "spectral_energyband_high": {"dmean2": 0.000563131179661, "median": 0.000159959832672, "min": 8.01736246105e-21, "dvar2": 1.00669137737e-06, "dvar": 4.63286852437e-07, "dmean": 0.00039541409933, "max": 0.00671209720895, "var": 6.48764626021e-07, "mean": 0.000512603670359}, "spectral_entropy": {"dmean2": 0.337024629116, "median": 7.51985836029, "min": 4.74644708633, "dvar2": 0.109848730266, "dvar": 0.0605400539935, "dmean": 0.252920120955, "max": 9.80280399323, "var": 0.266409635544, "mean": 7.46498346329}, "silence_rate_20dB": {"dmean2": 0, "median": 1, "min": 1, "dvar2": 0, "dvar": 0, "dmean": 0, "max": 1, "var": 0, "mean": 1}, "melbands_flatness_db": {"dmean2": 0.0513509400189, "median": 0.241088345647, "min": 0.00517765758559, "dvar2": 0.00202134996653, "dvar": 0.00127094204072, "dmean": 0.0387341491878, "max": 0.609381318092, "var": 0.00787120312452, "mean": 0.250817149878}, "barkbands": {"dmean2": [0.000378645141609, 0.00758176390082, 0.00618873164058, 0.00441427994519, 0.00583561277017, 0.00216968660243, 0.00368087016977, 0.00232608313672, 0.00265486817807, 0.00134978350252, 0.000951559282839, 0.00100245070644, 0.000652576854918, 0.000719524046872, 0.000481814902741, 0.000548250973225, 0.000401384691941, 0.000248215976171, 0.000142305842019, 0.000150529012899, 0.000168301907252, 0.000142572418554, 0.000105924365926, 7.76676752139e-05, 5.632549437e-05, 1.68292954186e-05, 2.93889668157e-09], "median": [0.000132832195959, 0.004863335751, 0.00293908221647, 0.00101385707967, 0.000915911223274, 0.00030288338894, 0.000359350699, 0.000170658313436, 0.000276574020972, 0.000226805888815, 0.000146693448187, 8.15385283204e-05, 7.48913735151e-05, 8.128144691e-05, 9.81351913651e-05, 7.25961144781e-05, 0.000118282536278, 8.14079976408e-05, 6.26532710157e-05, 4.67979152745e-05, 3.94415983465e-05, 3.14031094604e-05, 1.69180239027e-05, 1.41571808854e-05, 8.7036005425e-06, 3.69378540199e-06, 4.29078328423e-10], "min": [3.72406465879e-23, 1.20899252501e-23, 1.65381911989e-23, 1.11718899494e-23, 5.88312205166e-23, 2.36397379488e-23, 2.73172497167e-23, 4.75125937614e-23, 4.71003287414e-23, 1.56420464728e-22, 8.16086135891e-23, 4.49326367926e-23, 1.04416519801e-22, 1.69344189922e-22, 1.99548197235e-22, 1.44840819676e-22, 2.72093221853e-22, 1.82883832468e-22, 3.08548314441e-22, 4.53979732188e-22, 5.4981777461e-22, 6.5755395994e-22, 5.24527575564e-22, 7.99534635031e-22, 1.21343993031e-21, 1.83117936092e-21, 2.34312842945e-21], "dvar2": [3.58816606649e-07, 0.000128239698824, 9.3324604677e-05, 7.69976977608e-05, 0.000228213422815, 1.43527577166e-05, 4.77944522572e-05, 2.61846180365e-05, 4.15451395384e-05, 8.42204099172e-06, 6.30355452813e-06, 8.07488049759e-06, 2.56106727647e-06, 2.15593854591e-06, 9.12597272418e-07, 1.67917562521e-06, 8.08799597962e-07, 3.01966139205e-07, 5.18709946107e-08, 5.53543983983e-08, 7.8242557322e-08, 6.86562628971e-08, 4.72753569625e-08, 2.57103565104e-08, 1.42543603587e-08, 2.516413522e-09, 1.61721403272e-17], "dvar": [1.18780619118e-07, 5.0426217058e-05, 4.00737444579e-05, 2.82677010546e-05, 8.12581492937e-05, 5.72219551032e-06, 1.77542151505e-05, 1.05951166915e-05, 1.72741947608e-05, 3.75826243726e-06, 2.65830180979e-06, 3.29671888721e-06, 1.04455614292e-06, 8.72605482982e-07, 4.17529378183e-07, 6.24915230674e-07, 3.04721652356e-07, 1.2241052616e-07, 2.42516549065e-08, 2.49784370965e-08, 3.46551765062e-08, 3.11995727031e-08, 2.09183141919e-08, 1.20589245256e-08, 6.35229424617e-09, 9.85083015159e-10, 4.94395264211e-18], "dmean": [0.000216373809963, 0.00455325329676, 0.0037916242145, 0.00258245877922, 0.00329128908925, 0.0012559001334, 0.00211123027839, 0.00139896129258, 0.00167438597418, 0.000872008386068, 0.000591637915932, 0.000629627087619, 0.000405640108511, 0.000438346440205, 0.000315325072734, 0.000325481058098, 0.000244429713348, 0.000158235110575, 9.4356983027e-05, 0.000100429249869, 0.000113818859973, 9.75798539002e-05, 7.14044290362e-05, 5.28415293957e-05, 3.74691044271e-05, 1.0834929526e-05, 1.56483337399e-09], "max": [0.00396578386426, 0.0801395624876, 0.0799463093281, 0.0571293756366, 0.0810605958104, 0.0246454700828, 0.056015573442, 0.0405353121459, 0.052234750241, 0.0373015962541, 0.0311912745237, 0.032217822969, 0.0169741101563, 0.0150488317013, 0.0110057173297, 0.0104186050594, 0.00897147972137, 0.00916672963649, 0.00232668034732, 0.00159746641293, 0.00188831612468, 0.00191684567835, 0.0021739336662, 0.00258384691551, 0.00120248110034, 0.000634413212538, 1.83607156146e-08], "var": [1.65176388123e-07, 0.000104744591226, 0.000138568284456, 3.63634208043e-05, 5.61207707506e-05, 6.06487856203e-06, 1.97530207515e-05, 1.29566506075e-05, 2.03667405003e-05, 5.32415060661e-06, 2.9565942441e-06, 3.40661358678e-06, 1.48334356709e-06, 9.68852873484e-07, 6.34075433936e-07, 5.0935040008e-07, 3.32363953248e-07, 1.35249976552e-07, 3.82176814639e-08, 3.91070322792e-08, 5.01781016737e-08, 3.86277179132e-08, 2.42032793807e-08, 1.72310610225e-08, 7.97760169036e-09, 9.87481207915e-10, 3.94115414089e-18], "mean": [0.000285623711534, 0.00895963050425, 0.00789558608085, 0.00314046186395, 0.00293663376942, 0.00127905490808, 0.00253987079486, 0.00152920023538, 0.00192748848349, 0.00106336944737, 0.000647685665172, 0.000617021578364, 0.000463466334622, 0.000457328947959, 0.000390142638935, 0.000321655126754, 0.000338158337399, 0.00021144929633, 0.000134544039611, 0.000133422392537, 0.000147054743138, 0.000114247995953, 7.8817436588e-05, 6.39605350443e-05, 4.30957770732e-05, 1.35425461849e-05, 1.24785759503e-09]}, "erbband