{"tonal": {"thpcp": [1, 0.591654837132, 0.218030586839, 0.194490298629, 0.234101444483, 0.512043058872, 0.651595175266, 0.413499057293, 0.27709081769, 0.277143239975, 0.319960087538, 0.645002782345, 0.901802480221, 0.659971117973, 0.630639731884, 0.782181620598, 0.56377696991, 0.414968252182, 0.393426656723, 0.353504508734, 0.646301865578, 0.92628288269, 0.613438665867, 0.280860692263, 0.244100123644, 0.290352344513, 0.620540738106, 0.766319274902, 0.42177477479, 0.195825368166, 0.192359507084, 0.258787333965, 0.478445768356, 0.573777616024, 0.420236825943, 0.690956830978], "hpcp": {"dmean2": [0.192882969975, 0.220623776317, 0.285542070866, 0.316581606865, 0.286119192839, 0.266127437353, 0.269237607718, 0.248065680265, 0.235464021564, 0.215383857489, 0.213759437203, 0.25150218606, 0.301229476929, 0.264585614204, 0.184932023287, 0.167206972837, 0.179879799485, 0.232551425695, 0.246318399906, 0.186129257083, 0.138164758682, 0.131971970201, 0.167858868837, 0.252638041973, 0.26836425066, 0.214680656791, 0.242133870721, 0.25820171833, 0.219845458865, 0.142497569323, 0.125398471951, 0.145446196198, 0.211251497269, 0.228657409549, 0.197468087077, 0.194351524115], "median": [0.0159875713289, 0.021027199924, 0.0787388980389, 0.11738819629, 0.0835654586554, 0.0488371066749, 0.0385499894619, 0.0415354520082, 0.0331763550639, 0.0315201878548, 0.0328903794289, 0.0774877667427, 0.108457185328, 0.0786241516471, 0.0213256534189, 0.0143115166575, 0.0204253159463, 0.0524440407753, 0.0691409781575, 0.04054684937, 0.0127785736695, 0.0124899372458, 0.0199651420116, 0.0443935357034, 0.0539519637823, 0.0483776703477, 0.0981902629137, 0.126115366817, 0.0751819238067, 0.0182506628335, 0.0142962187529, 0.0223608817905, 0.0481242239475, 0.0564589388669, 0.0403161197901, 0.0180713571608], "min": [0, 0, 0, 0, 0, 0, 0, 0, 0, 0, 0, 0, 0, 0, 0, 0, 0, 0, 0, 0, 0, 0, 0, 0, 0, 0, 0, 0, 0, 0, 0, 0, 0, 0, 0, 0], "dvar2": [0.112770654261, 0.119802571833, 0.133043542504, 0.145112365484, 0.127544686198, 0.126829192042, 0.141577616334, 0.125611126423, 0.131198063493, 0.118200778961, 0.11604693532, 0.106021054089, 0.137874081731, 0.124092303216, 0.104768075049, 0.0980944857001, 0.0981611981988, 0.112918823957, 0.113817289472, 0.0836459994316, 0.0718666836619, 0.0664196163416, 0.0837350860238, 0.127997994423, 0.12346445024, 0.0915127024055, 0.0923894047737, 0.10660161823, 0.0875079482794, 0.066987209022, 0.0602673217654, 0.0612742304802, 0.0935186892748, 0.10987982899, 0.0909132361412, 0.112096197903], "dvar": [0.0414620004594, 0.0432505831122, 0.0490380674601, 0.0578656420112, 0.0474623627961, 0.0466381125152, 0.0587031878531, 0.0461311563849, 0.0476491376758, 0.0436492152512, 0.0417575053871, 0.0405675545335, 0.0565807595849, 0.0460194461048, 0.0386683344841, 0.0362950451672, 0.0357744842768, 0.042622257024, 0.0471162348986, 0.0301779694855, 0.0254870802164, 0.0240699294955, 0.0310033038259, 0.0482402741909, 0.0486203692853, 0.0340047627687, 0.0354161597788, 0.0476647615433, 0.0330931246281, 0.0243948847055, 0.022118229419, 0.0223738886416, 0.0359221883118, 0.0441658496857, 0.033505115658, 0.0408376827836], "dmean": [0.104905262589, 0.121193557978, 0.162631198764, 0.183719456196, 0.164524719119, 0.152226507664, 0.154311612248, 0.141905337572, 0.132082477212, 0.120345778763, 0.117832176387, 0.144898027182, 0.175739854574, 0.152076467872, 0.101116143167, 0.091112293303, 0.100509881973, 0.136634945869, 0.143742248416, 0.10701136291, 0.0755667090416, 0.0714840069413, 0.0924089550972, 0.142448246479, 0.153041124344, 0.122591659427, 0.143814489245, 0.157564237714, 0.130431815982, 0.0790980309248, 0.0691483020782, 0.0807878822088, 0.123797394335, 0.133410483599, 0.112421371043, 0.106469601393], "max": [1, 1, 1, 1, 1, 1, 1, 1, 1, 1, 1, 1, 1, 1, 1, 1, 1, 1, 1, 1, 1, 1, 1, 1, 1, 1, 1, 1, 1, 1, 1, 1, 1, 1, 1, 1], "var": [0.0319043807685, 0.0342038981616, 0.0587863512337, 0.10218949616, 0.0596883781254, 0.0697066485882, 0.117620542645, 0.0593143515289, 0.04562645033, 0.0436426140368, 0.033665291965, 0.0608142875135, 0.108576484025, 0.0536182820797, 0.0295199435204, 0.0274416841567, 0.0297160390764, 0.0728719308972, 0.0990465283394, 0.0352227427065, 0.0176884885877, 0.0181395802647, 0.0253189969808, 0.0480907075107, 0.0625728145242, 0.0337435938418, 0.0573971830308, 0.120006136596, 0.0479784719646, 0.0181281082332, 0.0171739198267, 0.0176600143313, 0.0493076629937, 0.0805383473635, 0.0351229645312, 0.0303817521781], "mean": [0.0812627971172, 0.0938173756003, 0.189125046134, 0.264422804117, 0.19351400435, 0.184913575649, 0.229348063469, 0.165308356285, 0.121675275266, 0.115358941257, 0.103653132915, 0.189505964518, 0.271600842476, 0.179869949818, 0.082352809608, 0.0715740323067, 0.0851359143853, 0.181952387094, 0.224696978927, 0.12367105484, 0.0574191063643, 0.0564028583467, 0.0758805498481, 0.14028789103, 0.168240711093, 0.123220108449, 0.20259951055, 0.293215870857, 0.173482581973, 0.0639300271869, 0.0570276416838, 0.0686422586441, 0.150139153004, 0.191058054566, 0.121244482696, 0.0812474265695]}, "tuning_equal_tempered_deviation": 0.0172958150506, "chords_changes_rate": 0.0544757023454, "key_key": "F#", "tuning_diatonic_strength": 0.652873277664, "key_scale": "major", "chords_number_rate": 0.00230179028586, "tuning_frequency": 440.508575439, "tuning_nontempered_energy_ratio": 0.686417400837, "chords_histogram": [19.7953968048, 7.80051136017, 14.0409202576, 0.255754470825, 2.35294127464, 0, 1.20204603672, 0.0255754478276, 0.997442483902, 0.639386177063, 0.664961636066, 0.10230179131, 0.485933512449, 0.281329929829, 0, 2.71099734306, 0, 0.639386177063, 0.869565188885, 0.204603582621, 0.716112554073, 2.76214838028, 22.225063324, 21.2276210785], "key_strength": 0.800808012486, "chords_key": "B", "chords_strength": {"dmean2": 0.0109770195559, "median": 0.534715294838, "min": -1, "dvar2": 0.000932283292059, "dvar": 0.00050457927864, "dmean": 0.0105218943208, "max": 0.734095573425, "var": 0.0271207187325, "mean": 0.514958322048}, "chords_scale": "major", "hpcp_entropy": {"dmean2": 1.08278787136, "median": 2.00426959991, "min": 0, "dvar2": 0.811775743961, "dvar": 0.305443793535, "dmean": 0.655031859875, "max": 4.59900188446, "var": 0.66505086422, "mean": 1.9617549181}}, "metadata": {"audio_properties": {"equal_loudness": 0, "codec": "mp3", "downmix": "mix", "sample_rate": 44100, "analysis_sample_rate": 44100, "bit_rate": 320000, "md5_encoded": "87cd12783c6ba312e7a4a8f1a2d66029", "length": 181.524902344, "replay_gain": -14.8724040985, "lossless": false}, "version": {"essentia_build_sha": "70f2e5ece6736b2c40cc944ad0e695b16b925413", "essentia": "2.1-beta2", "extractor": "music 1.0", "essentia_git_sha": "v2.1_beta2"}, "tags": {"title": ["Just Go"], "artist": ["Kylee"], "date": ["2010"], "genre": ["JPop"], "album": ["missing/IT'S YOU"], "tracknumber": ["3"], "musicbrainz_recordingid": ["04aa8a80-e20b-4b44-aa2b-c04d73db2322"], "file_name": "1513967.mp3"}}, "rhythm": {"bpm_histogram_first_peak_bpm": {"dmean2": 0, "median": 152, "min": 152, "dvar2": 0, "dvar": 0, "dmean": 0, "max": 152, "var": 0, "mean": 152}, "bpm": 153.880218506, "bpm_histogram_second_peak_spread": {"dmean2": 0, "median": 0.0106382966042, "min": 0.0106382966042, "dvar2": 0, "dvar": 0, "dmean": 0, "max": 0.0106382966042, "var": 0, "mean": 0.0106382966042}, "bpm_histogram_first_peak_weight": {"dmean2": 0, "median": 0.528260886669, "min": 0.528260886669, "dvar2": 0, "dvar": 0, "dmean": 0, "max": 0.528260886669, "var": 0, "mean": 0.528260886669}, "onset_rate": 4.05408668518, "beats_position": [0.406349211931, 0.812698423862, 1.20743763447, 1.60217678547, 1.98530614376, 2.36843538284, 2.76317453384, 3.15791368484, 3.54104304314, 3.92417216301, 4.31891155243, 4.71365070343, 5.10838985443, 5.4915189743, 5.87464857101, 6.26938772202, 6.66412687302, 7.05886602402, 7.44199514389, 7.8251247406, 8.2198638916, 8.6146030426, 8.99773216248, 9.38086128235, 9.77560043335, 10.1703395844, 10.5534696579, 10.9365987778, 11.3313379288, 11.7260770798, 12.1208162308, 12.5039453506, 12.8870744705, 13.2818136215, 13.6649427414, 14.0596818924, 14.4428119659, 14.8375511169, 15.2322902679, 15.6270294189, 16.0101585388, 16.3932876587, 16.7880268097, 17.1827659607, 17.5775051117, 17.9606342316, 18.3437633514, 18.7385025024, 19.1332416534, 19.5163707733, 19.8994998932, 20.2942390442, 20.6889801025, 21.0837192535, 21.4668483734, 21.8499774933, 22.2447166443, 22.6394557953, 23.0341949463, 23.4173240662, 23.800453186, 24.195192337, 24.5783214569, 24.9614505768, 25.3561897278, 25.7509288788, 26.1456680298, 26.5287971497, 26.9119262695, 27.3066654205, 27.6897945404, 28.0845336914, 28.4676647186, 28.8624038696, 29.2571430206, 29.6518821716, 30.0350112915, 30.4181404114, 30.8128795624, 31.2076187134, 31.5791378021, 31.9738769531, 32.3686180115, 32.7633552551, 33.1580963135, 33.5528335571, 33.935962677, 34.3190917969, 34.7138328552, 35.1085700989, 35.480091095, 35.8748283386, 36.269569397, 36.6643066406, 37.0474357605, 37.4305648804, 37.8253059387, 38.2200431824, 38.6031723022, 38.9863014221, 39.3810424805, 39.7757797241, 40.1589126587, 40.5420417786, 40.9367790222, 41.3315200806, 41.7262573242, 42.1093864441, 42.492515564, 42.8872566223, 43.281993866, 43.6651229858, 44.0482521057, 44.4429931641, 44.8377304077, 45.2324714661, 45.6156005859, 46.0103378296, 46.3934669495, 46.7882080078, 47.1713371277, 47.5544662476, 47.9492073059, 48.3439445496, 48.7270736694, 49.1218147278, 49.5049438477, 49.8996810913, 50.2944221497, 50.6891593933, 51.0722885132, 51.4554176331, 51.8501586914, 52.2448959351, 52.6280250549, 53.0111541748, 53.4058952332, 53.8006324768, 54.1837615967, 54.578502655, 54.9616317749, 55.3563690186, 55.7395019531, 56.122631073, 56.5173683167, 56.912109375, 57.3068466187, 57.701587677, 58.0963249207, 58.491065979, 58.8858032227, 59.2689323425, 59.6520614624, 60.0351905823, 60.4183197021, 60.8130607605, 61.2077980042, 61.590927124, 61.9740562439, 62.3687973022, 62.7635345459, 63.1582756042, 63.5414047241, 63.924533844, 64.3192749023, 64.714012146, 65.0971450806, 65.4802703857, 65.8750076294, 66.2697525024, 66.6528778076, 67.0476150513, 67.4307479858, 67.8254852295, 68.2202224731, 68.6149673462, 68.9980926514, 69.3812255859, 69.7759628296, 70.1707000732, 70.5538330078, 70.936958313, 71.3316955566, 71.7264404297, 72.1095657349, 72.4926986694, 72.8874359131, 73.2821731567, 73.6769180298, 74.060043335, 74.4431762695, 74.8379135132, 75.2210388184, 75.6157836914, 75.9989089966, 76.3936462402, 76.7883911133, 77.1831283569, 77.5662536621, 77.9493865967, 78.3441238403, 78.738861084, 79.1219940186, 79.5051269531, 79.8998641968, 80.2946014404, 80.6893386841, 81.0724716187, 81.4555969238, 81.8503417969, 82.2450790405, 82.6398162842, 83.0229492188, 83.4060745239, 83.8008117676, 84.1955566406, 84.5786819458, 84.9618148804, 85.356552124, 85.7512893677, 86.1460266113, 86.5291595459, 86.9122848511, 87.3070297241, 87.6901550293, 88.0848999023, 88.4680252075, 88.8627624512, 89.2575073242, 89.6406326294, 90.023765564, 90.4185028076, 90.8016281128, 91.1963729858, 91.5911102295, 91.9742355347, 92.3573684692, 92.7404937744, 93.1352386475, 93.5299758911, 93.9247131348, 94.3194503784, 94.702583313, 95.0973205566, 95.4804534912, 95.8751907349, 96.2583236694, 96.6530609131, 97.0361862183, 97.4309310913, 97.825668335, 98.2204055786, 98.6035385132, 98.9866638184, 99.381401062, 99.7761459351, 100.15927124, 100.542404175, 100.937141418, 101.331878662, 101.715011597, 102.10974884, 102.492874146, 102.887619019, 103.282356262, 103.665489197, 104.048614502, 104.443351746, 104.82648468, 105.209609985, 105.604354858, 105.999092102, 106.382217407, 106.77696228, 107.160087585, 107.554824829, 107.949569702, 108.344306946, 108.739044189, 109.122177124, 109.505302429, 109.900039673, 110.294784546, 110.677909851, 111.061042786, 111.455780029, 111.850517273, 112.245262146, 112.628387451, 113.011520386, 113.406257629, 113.800994873, 114.184127808, 114.567253113, 114.961990356, 115.356735229, 115.739860535, 116.122993469, 116.517730713, 116.900856018, 117.283988953, 117.678726196, 118.07346344, 118.468208313, 118.851333618, 119.246078491, 119.629203796, 120.02394104, 120.407073975, 120.801811218, 121.184944153, 121.579681396, 121.97441864, 122.369155884, 122.763900757, 123.158638, 123.576599121, 124.006164551, 124.424125671, 124.842086792, 125.271652222, 125.678001404, 126.084350586, 126.490699768, 126.89704895, 127.326622009, 127.756187439, 128.150924683, 128.534057617, 128.92880249, 129.323532104, 129.729888916, 130.136230469, 130.554199219, 130.948928833, 131.332061768, 131.715194702, 132.098312378, 132.493057251, 132.887802124, 133.2709198, 133.654052734, 134.048797607, 134.44354248, 134.826660156, 135.221405029, 135.604537964, 135.98765564, 136.382400513, 136.777145386, 137.171875, 137.555007935, 137.949752808, 138.332870483, 138.716003418, 139.110748291, 139.505477905, 139.900222778, 140.294967651, 140.678085327, 141.061218262, 141.455963135, 141.850692749, 142.233825684, 142.616958618, 143.011703491, 143.406433105, 143.78956604, 144.172698975, 144.567428589, 144.962173462, 145.345306396, 145.728439331, 146.123168945, 146.517913818, 146.912643433, 147.307388306, 147.69052124, 148.073654175, 148.468383789, 148.851516724, 149.234649658, 149.629379272, 150.024124146, 150.418869019, 150.813598633, 151.196731567, 151.579864502, 151.974594116, 152.357727051, 152.752471924, 153.135604858, 153.530334473, 153.913467407, 154.30821228, 154.691329956, 155.086074829, 155.480819702, 155.875549316, 156.258682251, 156.641815186, 157.0365448, 157.431289673, 157.826034546, 158.22076416, 158.603897095, 158.987030029, 159.381759644, 159.776504517, 160.159637451, 160.542770386, 160.9375, 161.320632935, 161.703765869, 162.098495483, 162.493240356, 162.887985229, 163.271102905, 163.65423584, 164.048980713, 164.443710327, 164.826843262, 165.209976196, 165.604721069, 165.999450684, 166.394195557, 166.777328491, 167.160446167, 167.55519104, 167.949935913, 168.333053589, 168.716186523, 169.110931396, 169.505661011, 169.900405884, 170.283538818, 170.666656494, 171.061401367, 171.45614624, 171.839263916, 172.222396851, 172.617141724, 173.011871338, 173.406616211, 173.789749146, 174.17288208, 174.567611694, 174.973968506, 175.403533936, 175.833099365, 176.262680054, 176.703857422, 177.121810913, 177.539764404, 177.969345093, 178.468566895, 178.967803955, 179.467025757, 179.966262817, 180.465484619, 180.964706421], "beats_loudness": {"dmean2": 0.0453312918544, "median": 0.034779638052, "min": 0, "dvar2": 0.00133064831607, "dvar": 0.000381043355446, "dmean": 0.0232996959239, "max": 0.119396589696, "var": 0.000580308435019, "mean": 0.0393090993166}, "danceability": 1.07424807549, "bpm_histogram_second_peak_weight": {"dmean2": 0, "median": 0.404347836971, "min": 0.404347836971, "dvar2": 0, "dvar": 0, "dmean": 0, "max": 0.404347836971, "var": 0, "mean": 0.404347836971}, "beats_count": 461, "bpm_histogram_second_peak_bpm": {"dmean2": 0, "median": 157, "min": 157, "dvar2": 0, "dvar": 0, "dmean": 0, "max": 157, "var": 0, "mean": 157}, "bpm_histogram_first_peak_spread": {"dmean2": 0, "median": 0.0318725705147, "min": 0.0318725705147, "dvar2": 0, "dvar": 0, "dmean": 0, "max": 0.0318725705147, "var": 0, "mean": 0.0318725705147}, "beats_loudness_band_ratio": {"dmean2": [0.402140557766, 0.11791151017, 0.204007312655, 0.186485767365, 0.142533689737, 0.0848907455802], "median": [0.561506211758, 0.0816681683064, 0.0884643867612, 0.0625184997916, 0.0628345906734, 0.0514634549618], "min": [0, 0, 0, 0, 0, 0], "dvar2": [0.0975871756673, 0.0138006387278, 0.037081964314, 0.0421030670404, 0.0204188972712, 0.00868317577988], "dvar": [0.0309640970081, 0.00457038963214, 0.0120639633387, 0.013600634411, 0.00696956180036, 0.00316815194674], "dmean": [0.219224572182, 0.0654709413648, 0.112958565354, 0.101596876979, 0.0778987705708, 0.0471376478672], "max": [0.998892784119, 0.390246808529, 0.758339822292, 0.7537124753, 0.613072156906, 0.49980404973], "var": [0.0553223639727, 0.0054039163515, 0.0147678693756, 0.0133767770603, 0.00804607663304, 0.00297370296903], "mean": [0.536421954632, 0.0999638959765, 0.131126061082, 0.103424876928, 0.0910860970616, 0.067335113883]}}, "lowlevel": {"barkbands_spread": {"dmean2": 10.4468297958, "median": 27.2695827484, "min": 0.120713226497, "dvar2": 158.031234741, "dvar": 72.2434768677, "dmean": 6.78594589233, "max": 125.302978516, "var": 294.823455811, "mean": 28.5598907471}, "melbands_spread": {"dmean2": 14.4740066528, "median": 27.507774353, "min": 0.198341295123, "dvar2": 323.926940918, "dvar": 136.270095825, "dmean": 9.18731403351, "max": 202.163757324, "var": 526.755493164, "mean": 31.1175327301}, "hfc": {"dmean2": 11.6518564224, "median": 24.4060878754, "min": 1.06664801022e-16, "dvar2": 284.828399658, "dvar": 123.092315674, "dmean": 7.78450870514, "max": 154.631729126, "var": 421.549346924, "mean": 26.5298366547}, "barkbands_kurtosis": {"dmean2": 14.3770866394, "median": 0.488725185394, "min": -1.93837177753, "dvar2": 14910.78125, "dvar": 4092.69360352, "dmean": 8.04093742371, "max": 2495.70947266, "var": 12724.5498047, "mean": 13.0493831635}, "gfcc": {"mean": [-16.5361232758, 71.6655807495, -110.873794556, 25.5425052643, -46.616645813, 9.82438182831, -31.6315994263, 11.5755701065, -28.5110530853, 4.23990869522, -17.2875671387, -5.65686416626, -9.45006084442], "icov": [[9.75066359388e-05, -0.000157825139468, 0.0002310120326, -0.000166916783201, 0.0001151641045, -0.000180370698217, 0.000386334577342, -0.000338909507263, 0.000520236731973, -0.000420889351517, 0.000468835089123, -0.00025322183501, 0.000434912682977], [-0.000157825139468, 0.00127184542362, -0.000143853045302, 6.22517327429e-05, -0.000675788440276, 0.00043100307812, -0.000888802111149, 0.00111596833449, -0.000831058481708, 0.00116593984421, -0.000972577370703, 0.00138696888462, -0.000886047258973], [0.0002310120326, -0.000143853045302, 0.00183754309546, -0.000539440952707, -0.000334848562488, -0.00149335141759, 0.000888082606252, -6.92276807968e-05, 0.000401855417294, 5.64488364034e-05, 0.00132195407059, -0.00171778770164, 0.00192520185374], [-0.000166916783201, 6.22517327429e-05, -0.000539440952707, 0.00265809311531, -0.00108783703763, -0.000502592127305, 1.99999758479e-05, 4.00679164159e-06, -0.000666590814944, 0.000891058240086, -0.000332353723934, -0.000529711309355, -0.000453252636362], [0.0001151641045, -0.000675788440276, -0.000334848562488, -0.00108783703763, 0.00382971181534, 0.000217469350901, -0.00105819210876, -0.000785424490459, 0.000624944979791, -0.00112194032408, 0.000528487784322, -0.000344836589647, 0.000125526174088], [-0.000180370698217, 0.00043100307812, -0.00149335141759, -0.000502592127305, 0.000217469350901, 0.0057767778635, -0.00197062478401, -9.45859501371e-05, -0.000124197671539, -0.000946912507061, -0.000312756572384, 0.00113221583888, -0.000325163360685], [0.000386334577342, -0.000888802111149, 0.000888082606252, 1.99999758479e-05, -0.00105819210876, -0.00197062478401, 0.00729084480554, -0.00188285741024, 0.0011098079849, -0.00128669512924, 0.00044544483535, 0.000327364425175, 0.00209089671262], [-0.000338909507263, 0.00111596833449, -6.92276807968e-05, 4.00679164159e-06, -0.000785424490459, -9.45859501371e-05, -0.00188285741024, 0.0100658014417, -0.0039985915646, -0.000147258368088, -0.000781263515819, 0.0001655415399, -0.00187111145351], [0.000520236731973, -0.000831058481708, 0.000401855417294, -0.000666590814944, 0.000624944979791, -0.000124197671539, 0.0011098079849, -0.0039985915646, 0.0123559469357, -0.00515933614224, 0.00329129374586, -0.00200596801005, 0.000349444831954], [-0.000420889351517, 0.00116593984421, 5.64488364034e-05, 0.000891058240086, -0.00112194032408, -0.000946912507061, -0.00128669512924, -0.000147258368088, -0.00515933614224, 0.0146816633642, -0.00720029789954, 0.000664181890897, 0.00104019558057], [0.000468835089123, -0.000972577370703, 0.00132195407059, -0.000332353723934, 0.000528487784322, -0.000312756572384, 0.00044544483535, -0.000781263515819, 0.00329129374586, -0.00720029789954, 0.0125442296267, -0.00286967796274, -0.00031192615279], [-0.00025322183501, 0.00138696888462, -0.00171778770164, -0.000529711309355, -0.000344836589647, 0.00113221583888, 0.000327364425175, 0.0001655415399, -0.00200596801005, 0.000664181890897, -0.00286967796274, 0.0128429774195, -0.00258691026829], [0.000434912682977, -0.000886047258973, 0.00192520185374, -0.000453252636362, 0.000125526174088, -0.000325163360685, 0.00209089671262, -0.00187111145351, 0.000349444831954, 0.00104019558057, -0.00031192615279, -0.00258691026829, 0.0118563827127]], "cov": [[38871.671875, 1308.09570312, -2927.19458008, 981.571105957, -864.029785156, 65.9262313843, -1174.97216797, 361.343383789, -876.593322754, 254.344940186, -581.979125977, -126.430480957, -579.476928711], [1308.09570312, 1446.28662109, -365.961090088, 14.5839729309, 175.858108521, -108.317718506, 109.914299011, -94.1475372314, -56.4179763794, -66.0992355347, 25.1751346588, -154.676315308, 55.3832054138], [-2927.19458008, -365.961090088, 1673.83300781, 373.030303955, 270.931549072, 356.236877441, 56.2424468994, -21.4243068695, 76.6137237549, -61.366394043, -114.934272766, 155.034667969, -149.975082397], [981.571105957, 14.5839729309, 373.030303955, 622.707702637, 189.287582397, 150.344482422, -8.68246173859, 36.433921814, 6.94404745102, -12.795343399, -55.6584281921, 64.4218521118, -48.7722969055], [-864.029785156, 175.858108521, 270.931549072, 189.287582397, 427.292236328, 70.4209060669, 119.262763977, 19.2115001678, 29.3571090698, 8.54233264923, 2.88523721695, 12.5018873215, -11.3244667053], [65.9262313843, -108.317718506, 356.236877441, 150.344482422, 70.4209060669, 301.303894043, 58.3817558289, 27.8818473816, 12.4809064865, 25.4794559479, -24.9618759155, 23.4716434479, -59.1267814636], [-1174.97216797, 109.914299011, 56.2424468994, -8.68246173859, 119.262763977, 58.3817558289, 243.609695435, 17.5939350128, 28.3515434265, 20.0457115173, 32.9996337891, -26.601228714, -5.52644681931], [361.343383789, -94.1475372314, -21.4243068695, 36.433921814, 19.2115001678, 27.8818473816, 17.5939350128, 145.775314331, 43.6446304321, 39.184047699, 6.20368671417, 18.7580528259, 4.57705354691], [-876.593322754, -56.4179763794, 76.6137237549, 6.94404745102, 29.3571090698, 12.4809064865, 28.3515434265, 43.6446304321, 137.587081909, 36.6258544922, 11.9031410217, 23.180891037, 15.7858257294], [254.344940186, -66.0992355347, -61.366394043, -12.795343399, 8.54233264923, 25.4794559479, 20.0457115173, 39.184047699, 36.6258544922, 128.590408325, 59.9340057373, 10.8416194916, -9.95593833923], [-581.979125977, 25.1751346588, -114.934272766, -55.6584281921, 2.88523721695, -24.9618759155, 32.9996337891, 6.20368671417, 11.9031410217, 59.9340057373, 146.455856323, 7.86154985428, 34.1679992676], [-126.430480957, -154.676315308, 155.034667969, 64.4218521118, 12.5018873215, 23.4716434479, -26.601228714, 18.7580528259, 23.180891037, 10.8416194916, 7.86154985428, 119.633262634, 3.2049036026], [-579.476928711, 55.3832054138, -149.975082397, -48.7722969055, -11.3244667053, -59.1267814636, -5.52644681931, 4.57705354691, 15.7858257294, -9.95593833923, 34.1679992676, 3.2049036026, 134.427490234]]}, "spectral_energyband_middle_low": {"dmean2": 0.00648896861821, "median": 0.008753686212, "min": 1.46893410508e-22, "dvar2": 0.000101018151327, "dvar": 4.10948887293e-05, "dmean": 0.00410252483562, "max": 0.0847307667136, "var": 8.68417482707e-05, "mean": 0.0107745528221}, "melbands_crest": {"dmean2": 5.31049156189, "median": 11.6911716461, "min": 1.60051035881, "dvar2": 25.5601272583, "dvar": 10.1393938065, "dmean": 3.25677275658, "max": 38.4430541992, "var": 28.0014972687, "mean": 12.7351951599}, "spectral_kurtosis": {"dmean2": 2.63327980042, "median": 4.02486801147, "min": -1.4031484127, "dvar2": 26.4034805298, "dvar": 12.055850029, "dmean": 1.67260050774, "max": 103.846420288, "var": 30.9550666809, "mean": 4.89840984344}, "spectral_rms": {"dmean2": 0.00135348772164, "median": 0.0049091828987, "min": 3.10278994338e-12, "dvar2": 3.40004953614e-06, "dvar": 1.29657246362e-06, "dmean": 0.000844819878694, "max": 0.0123255904764, "var": 4.40990061179e-06, "mean": 0.00474989041686}, "zerocrossingrate": {"dmean2": 0.0146874152124, "median": 0.0703125, "min": 0.0029296875, "dvar2": 0.000292809563689, "dvar": 0.000288093899144, "dmean": 0.012807296589, "max": 0.52783203125, "var": 0.00465504499152, "mean": 0.0831227824092}, "silence_rate_60dB": {"dmean2": 0.0383778959513, "median": 0, "min": 0, "dvar2": 0.0404893681407, "dvar": 0.0188167337328, "dmean": 0.0191864930093, "max": 1, "var": 0.0794082358479, "mean": 0.0869676396251}, "erbbands_kurtosis": {"dmean2": 1.93512403965, "median": -0.111593961716, "min": -1.81679272652, "dvar2": 20.5670585632, "dvar": 8.87609195709, "dmean": 1.23213386536, "max": 65.1312179565, "var": 16.908788681, "mean": 0.809590756893}, "erbbands": {"dmean2": [0.215774714947, 1.86326146126, 4.57820558548, 9.16252708435, 10.2621965408, 8.13198661804, 6.88886737823, 11.7808113098, 13.921374321, 15.9617843628, 11.6580219269, 20.884557724, 33.4626808167, 22.6524143219, 17.6145954132, 23.4384078979, 26.8963527679, 27.611989975, 32.8957557678, 34.0756607056, 38.5907249451, 23.3034439087, 22.715959549, 19.0808258057, 18.5589313507, 25.0502548218, 14.9644021988, 7.48131608963, 5.66411924362, 4.00744485855, 3.18826794624, 2.93831658363, 2.6214530468, 1.87322747707, 1.01699900627, 0.366883963346, 0.116890110075, 0.0224827136844, 0.00318047194742, 0.000132877074066], "median": [0.0474412441254, 0.509410083294, 1.53232252598, 4.44732379913, 5.83551120758, 6.14417409897, 3.69844985008, 5.44569826126, 6.2627620697, 8.01866817474, 7.3213891983, 13.1377029419, 16.8223838806, 10.2037057877, 10.7269010544, 14.002207756, 13.0119886398, 16.815372467, 16.4955654144, 14.6009044647, 15.4118232727, 13.6558589935, 15.5001430511, 15.2249984741, 15.1222839355, 15.375295639, 11.1950912476, 3.86478257179, 2.56650304794, 1.64554405212, 1.27577269077, 1.14495790005, 0.906922280788, 0.553965508938, 0.26004371047, 0.136938124895, 0.0460168272257, 0.00941761024296, 0.000763216929045, 6.17565092398e-05], "min": [2.25577268648e-23, 4.86967396133e-22, 1.42254779643e-21, 4.75248825734e-21, 7.23275903183e-21, 8.62167686745e-21, 3.06811176589e-20, 1.01698605752e-19, 1.74059338225e-19, 1.91247182001e-19, 1.52003795037e-19, 4.08314134739e-19, 3.57627195139e-19, 6.14878969776e-19, 5.62701450712e-19, 1.46437551939e-18, 1.46035779976e-18, 2.3951033248e-18, 1.86974292659e-18, 3.24801318352e-18, 4.12494995068e-18, 3.5975958404e-18, 5.43764215582e-18, 5.76083775117e-18, 8.4070451926e-18, 5.49287507328e-18, 8.38059195661e-18, 7.78457937394e-18, 9.71426104849e-18, 1.31938533707e-17, 1.07967170427e-17, 1.02719156118e-17, 8.99684895759e-18, 7.53728711238e-18, 6.81322490294e-18, 4.06819171218e-18, 2.34120589045e-18, 9.51331737101e-19, 2.40626168107e-19, 2.5971530914e-20], "dvar2": [0.191699251533, 16.5945987701, 110.644935608, 414.718933105, 417.250518799, 249.251037598, 249.590011597, 567.733703613, 722.636535645, 1207.80908203, 650.21295166, 1297.04711914, 3408.88232422, 2269.87719727, 1389.47692871, 2057.21484375, 4636.79931641, 3163.28515625, 4829.52294922, 6133.08154297, 8642.66503906, 2824.32739258, 2113.74169922, 963.499511719, 1123.71630859, 2366.7512207, 594.361328125, 365.445526123, 178.933441162, 99.6284103394, 60.7372550964, 60.8647499084, 54.0014724731, 25.3321266174, 10.9501695633, 1.01637268066, 0.0612038485706, 0.00191442121286, 4.71816019854e-05, 6.84011567387e-08], "dvar": [0.0697768554091, 5.78680324554, 38.5149497986, 152.13822937, 164.146743774, 91.4898300171, 109.267524719, 291.125823975, 305.663909912, 510.18536377, 335.809417725, 576.391174316, 1625.03686523, 977.076171875, 656.725036621, 956.203979492, 1986.11499023, 1502.12805176, 2098.27050781, 2717.24194336, 3811.21459961, 1203.70703125, 892.379638672, 395.003173828, 429.340454102, 881.927001953, 249.171463013, 135.572570801, 66.1776351929, 39.9619979858, 30.8492603302, 31.7805862427, 27.7325325012, 14.7800893784, 6.37463235855, 0.598013997078, 0.0358933582902, 0.00113259779755, 2.23571551032e-05, 3.14924868405e-08], "dmean": [0.126706793904, 1.06245911121, 2.55448818207, 5.36737394333, 6.14108705521, 4.94491147995, 4.21671915054, 7.65428304672, 8.87308597565, 10.0707235336, 7.95259809494, 13.8848133087, 22.6684436798, 14.9212427139, 11.6750202179, 15.0916242599, 17.413110733, 18.4698753357, 21.5372943878, 22.2013053894, 25.1341896057, 15.0953950882, 14.4140787125, 11.9710350037, 11.3307914734, 15.4853715897, 9.46872806549, 4.45688533783, 3.36388254166, 2.48105812073, 2.15819048882, 2.0542974472, 1.7946087122, 1.31081473827, 0.732618510723, 0.264270782471, 0.0853950157762, 0.0163982342929, 0.00208633835427, 8.52772573126e-05], "max": [2.44503211975, 18.6455745697, 67.1331100464, 153.941864014, 187.158035278, 171.676025391, 506.542297363, 469.217163086, 336.920013428, 760.781311035, 732.614990234, 502.581573486, 928.015380859, 737.041564941, 717.230407715, 795.500671387, 1410.0637207, 1172.09533691, 1075.64123535, 1913.7199707, 1452.44506836, 909.966003418, 729.592590332, 300.624053955, 280.07434082, 484.944946289, 312.653259277, 371.905334473, 128.504150391, 124.408729553, 123.588851929, 123.153839111, 110.24571991, 84.0319900513, 71.8953781128, 20.7294921875, 5.70666885376, 0.970790982246, 0.116355411708, 0.00305041694082], "var": [0.0780494138598, 5.34756326675, 30.0840816498, 138.321685791, 196.553604126, 131.533325195, 282.600463867, 907.636779785, 584.062011719, 1100.65490723, 1176.91796875, 2111.62353516, 6049.90185547, 2260.60546875, 1485.16186523, 2136.26513672, 4127.91601562, 4242.59521484, 4590.76757812, 5720.08935547, 7582.30078125, 3069.93725586, 2385.71826172, 971.921508789, 819.762573242, 1536.70898438, 574.38092041, 147.898651123, 78.3944015503, 62.1073684692, 70.3028411865, 77.6491699219, 74.0620346069, 44.4603118896, 17.6794872284, 1.68844676018, 0.103464946151, 0.00293186143972, 3.55138472514e-05, 4.61794584794e-08], "mean": [0.152171730995, 1.25306403637, 3.17865729332, 7.57765817642, 9.59131813049, 9.21440696716, 7.95142650604, 13.726433754, 14.9291715622, 17.2801570892, 16.8248405457, 28.5720405579, 44.2621765137, 25.8389816284, 21.6175117493, 26.6521339417, 31.0740394592, 35.8915748596, 38.2065696716, 38.5316352844, 43.3608627319, 29.2153530121, 29.439617157, 24.3926391602, 23.1035041809, 29.1145267487, 18.7961940765, 6.95587205887, 5.15782928467, 4.03302907944, 3.66479492188, 3.5696003437, 3.12007117271, 2.30418682098, 1.24506425858, 0.469981878996, 0.145476132631, 0.026029618457, 0.00261885742657, 0.000125821490656]}, "spectral_strongpeak": {"dmean2": 1.32249498367, "median": 0.489145308733, "min": 0, "dvar2": 4.56533145905, "dvar": 1.85695457458, "dmean": 0.763606488705, "max": 13.0296630859, "var": 2.63841605186, "mean": 1.16173231602}, "spectral_energy": {"dmean2": 0.0169074647129, "median": 0.0247025806457, "min": 9.86798763456e-21, "dvar2": 0.000765074917581, "dvar": 0.000280352745904, "dmean": 0.0101915821433, "max": 0.155718177557, "var": 0.000458256865386, "mean": 0.0276457890868}, "average_loudness": 0.915036737919, "spectral_rolloff": {"dmean2": 1162.93835449, "median": 1658.05664062, "min": 43.06640625, "dvar2": 3369756.25, "dvar": 1576155.125, "dmean": 688.327087402, "max": 19896.6796875, "var": 7833212.5, "mean": 2255.37255859}, "spectral_centroid": {"dmean2": 455.170928955, "median": 1667.40478516, "min": 90.4091186523, "dvar2": 258448.453125, "dvar": 114345.226562, "dmean": 295.374816895, "max": 12089.1269531, "var": 1663033.25, "mean": 1775.52160645}, "pitch_salience": {"dmean2": 0.116286218166, "median": 0.556266903877, "min": 0.0291959606111, "dvar2": 0.0118063939735, "dvar": 0.00461626099423, "dmean": 0.0722281187773, "max": 0.940519332886, "var": 0.0142640722916, "mean": 0.551083683968}, "spectral_energyband_middle_high": {"dmean2": 0.00323134497739, "median": 0.0055944211781, "min": 1.15874412692e-21, "dvar2": 1.59421088028e-05, "dvar": 6.85545364831e-06, "dmean": 0.00214930111542, "max": 0.0456928350031, "var": 3.16279947583e-05, "mean": 0.00667141238227}, "spectral_contrast_coeffs": {"dmean2": [0.0822932720184, 0.0763347819448, 0.0660544857383, 0.0525869838893, 0.0390663817525, 0.0283430293202], "median": [-0.649928629398, -0.735764622688, -0.753008425236, -0.769648373127, -0.784430980682, -0.777339816093], "min": [-0.980849683285, -0.984589457512, -0.978195369244, -0.971693098545, -0.967249155045, -0.965170741081], "dvar2": [0.0053311730735, 0.00409323675558, 0.0028447592631, 0.00188520073425, 0.0011334551964, 0.000681083125528], "dvar": [0.00221809465438, 0.00175361928996, 0.00127442437224, 0.000898745085578, 0.000560259388294, 0.000300197600154], "dmean": [0.0511846914887, 0.0485823303461, 0.0421910248697, 0.0345431938767, 0.0258183982223, 0.018281782046], "max": [-0.305359631777, -0.342682570219, -0.429780900478, -0.399148821831, -0.506609261036, -0.62047201395], "var": [0.00856661982834, 0.00816594809294, 0.00790804531425, 0.00649307481945, 0.00430046208203, 0.00205944851041], "mean": [-0.650587201118, -0.728439748287, -0.74114215374, -0.760667681694, -0.77814745903, -0.783403933048]}, "melbands_skewness": {"dmean2": 1.38017380238, "median": 2.01368904114, "min": -2.61230993271, "dvar2": 3.7974319458, "dvar": 1.4284838438, "dmean": 0.867974042892, "max": 30.5573616028, "var": 6.1346783638, "mean": 2.52325701714}, "spectral_spread": {"dmean2": 930447.1875, "median": 4555254, "min": 919279.4375, "dvar2": 1787637923840.0, "dvar": 1019950596100.0, "dmean": 696307.3125, "max": 42145108, "var": 22226034229200.0, "mean": 5516466.5}, "dissonance": {"dmean2": 0.0283741410822, "median": 0.478889554739, "min": 0.20702791214, "dvar2": 0.00106852641329, "dvar": 0.000406407372793, "dmean": 0.016947939992, "max": 0.5, "var": 0.00105162139516, "mean": 0.468342334032}, "spectral_skewness": {"dmean2": 0.351444542408, "median": 1.43552088737, "min": -0.262362390757, "dvar2": 0.219089597464, "dvar": 0.104749180377, "dmean": 0.228663116693, "max": 8.79064941406, "var": 0.405100852251, "mean": 1.51470983028}, "spectral_flux": {"dmean2": 0.0415325388312, "median": 0.0790785178542, "min": 6.3709960918e-11, "dvar2": 0.00221971911378, "dvar": 0.00115716469008, "dmean": 0.0268851742148, "max": 0.321489363909, "var": 0.00274251680821, "mean": 0.0856107547879}, "spectral_contrast_valleys": {"dmean2": [0.664625704288, 0.624874472618, 0.552827835083, 0.502999663353, 0.454385519028, 0.480526745319], "median": [-6.91853380203, -6.73747873306, -7.15502500534, -7.33097267151, -7.02728128433, -9.73516750336], "min": [-28.2819480896, -27.8466339111, -27.8266887665, -27.6116256714, -27.540813446, -27.4060077667], "dvar2": [0.333072453737, 0.379086881876, 0.323615193367, 0.314452022314, 0.377251923084, 0.444432735443], "dvar": [0.163654118776, 0.19121299684, 0.171777531505, 0.169251903892, 0.195739939809, 0.250373780727], "dmean": [0.422127127647, 0.404636830091, 0.365454941988, 0.338134795427, 0.317739903927, 0.37002363801], "max": [-5.11211204529, -4.86938142776, -5.64064264297, -5.79819774628, -5.36878633499, -7.49956178665], "var": [8.28185272217, 7.82852220535, 7.42164468765, 7.50289344788, 7.66864871979, 6.19624185562], "mean": [-7.75629615784, -7.41100120544, -7.79920101166, -8.07673931122, -7.81788015366, -10.308347702]}, "erbbands_flatness_db": {"dmean2": 0.0287908595055, "median": 0.134660705924, "min": 0.0261205025017, "dvar2": 0.000968692242168, "dvar": 0.00051846524002, "dmean": 0.0208590626717, "max": 0.408958703279, "var": 0.00382751040161, "mean": 0.147588297725}, "spectral_energyband_high": {"dmean2": 0.000982517609373, "median": 0.000886246562004, "min": 6.73382371961e-21, "dvar2": 2.79519190372e-06, "dvar": 1.25026463138e-06, "dmean": 0.00064879009733, "max": 0.0144209032878, "var": 3.26200711243e-06, "mean": 0.00140149565414}, "spectral_entropy": {"dmean2": 0.270502120256, "median": 7.72287511826, "min": 4.26328897476, "dvar2": 0.124017395079, "dvar": 0.0634419098496, "dmean": 0.195301443338, "max": 9.82923793793, "var": 0.396641045809, "mean": 7.62683057785}, "silence_rate_20dB": {"dmean2": 0, "median": 1, "min": 1, "dvar2": 0, "dvar": 0, "dmean": 0, "max": 1, "var": 0, "mean": 1}, "melbands_flatness_db": {"dmean2": 0.0444877371192, "median": 0.170644044876, "min": 0.00326745491475, "dvar2": 0.00256317760795, "dvar": 0.00109606678598, "dmean": 0.0288722366095, "max": 0.655143082142, "var": 0.00668205553666, "mean": 0.18625113368}, "barkbands": {"dmean2": [0.000363906001439, 0.00784493330866, 0.0045532011427, 0.00345425819978, 0.00247438414954, 0.00121143844444, 0.00113319023512, 0.00055262085516, 0.0012333659688, 0.000771828053985, 0.000503107788973, 0.000731312669814, 0.000634349533357, 0.000650396454148, 0.000704705889802, 0.000735977024306, 0.000427005550591, 0.00039264629595, 0.000388094340451, 0.000536582490895, 0.000268594885711, 0.000141962867929, 0.000113914175017, 0.000147076585563, 0.000148032093421, 6.72209134791e-05, 1.66808113136e-05], "median": [5.19531968166e-05, 0.00209485040978, 0.00140937371179, 0.00143544864841, 0.00190771417692, 0.000567969982512, 0.000447094964329, 0.000253600708675, 0.000651078589726, 0.000253527628956, 0.000165556150023, 0.00038576166844, 0.000249234697549, 0.000308275339194, 0.000214167768718, 0.000240108129219, 0.000206949713174, 0.000255302176811, 0.000287626549834, 0.000329500064254, 0.000158130584168, 6.61316662445e-05, 4.72117862955e-05, 5.66453854844e-05, 4.27398008469e-05, 2.85808164335e-05, 4.53646225651e-06], "min": [2.5400270977e-25, 1.42191675267e-24, 1.5057675393e-24, 4.90824719278e-25, 3.32707884905e-24, 1.02554315816e-23, 1.07075711537e-23, 5.25411102933e-24, 1.53630487742e-23, 1.38957390915e-23, 1.18114415733e-23, 2.28073303439e-23, 2.26727175413e-23, 4.02516119117e-23, 5.62895864106e-23, 6.83486253897e-23, 5.78905449079e-23, 9.07452384587e-23, 1.09410160793e-22, 1.11377567269e-22, 2.37384225547e-22, 2.68152098014e-22, 3.36175106866e-22, 4.64200087859e-22, 9.13709036064e-22, 1.24221212353e-21, 2.01188762861e-21], "dvar2": [4.03205632438e-07, 0.000282960070763, 0.000100577577541, 6.24106978648e-05, 2.22538164962e-05, 5.40820974493e-06, 4.95510266774e-06, 1.60399849847e-06, 4.70585655421e-06, 2.35797665482e-06, 1.35738889639e-06, 2.0081963612e-06, 2.38187476498e-06, 2.04105299417e-06, 2.61390596279e-06, 2.69713291345e-06, 9.35651826239e-07, 5.77655043799e-07, 4.25158191319e-07, 9.34309127842e-07, 2.60993317625e-07, 1.11691313975e-07, 6.83152094894e-08, 1.5575447776e-07, 1.72286092948e-07, 2.41655211397e-08, 1.22167043148e-09], "dvar": [1.45597226719e-07, 0.000100000142993, 3.58285542461e-05, 2.28841126955e-05, 8.48483159643e-06, 2.62805201601e-06, 2.11086148738e-06, 7.07957269697e-07, 2.4086243684e-06, 1.10186704205e-06, 6.0225602283e-07, 9.49785032844e-07, 1.03694026166e-06, 9.09979064545e-07, 1.16007868201e-06, 1.1911178035e-06, 3.91170829062e-07, 2.43186605076e-07, 1.75042401906e-07, 3.53261555119e-07, 1.01100489758e-07, 4.20051513572e-08, 3.44742723257e-08, 8.26774808615e-08, 1.07048499842e-07, 1.47196077549e-08, 6.03223637707e-10], "dmean": [0.000205974254641, 0.00451954267919, 0.00257827830501, 0.00203642831184, 0.00150227861013, 0.000786025368143, 0.0007152215112, 0.000361210579285, 0.000851726101246, 0.000508340774104, 0.000325391622027, 0.000473422318464, 0.000406300270697, 0.000430691608926, 0.0004628378083, 0.000480319169583, 0.000271617318504, 0.000248501251917, 0.000240113993641, 0.000333619653247, 0.000164694327395, 8.45946487971e-05, 7.63364078011e-05, 0.000102506346593, 0.000106000181404, 4.91630889883e-05, 1.11252547867e-05], "max": [0.0046604112722, 0.078718803823, 0.0724232494831, 0.0653419345617, 0.0448135025799, 0.0389907211065, 0.0299325846136, 0.0214901100844, 0.0399301163852, 0.0266653615981, 0.0219917800277, 0.0248373579234, 0.0265286192298, 0.0249295141548, 0.0235404837877, 0.0229306295514, 0.0133161703125, 0.0114611852914, 0.0085958475247, 0.00944628193974, 0.00663551595062, 0.00335771706887, 0.0038700660225, 0.00599024444818, 0.00786618888378, 0.0035826810635