{"tonal": {"thpcp": [1, 0.810144543648, 0.697378635406, 0.672295510769, 0.598146915436, 0.580674827099, 0.597489714622, 0.600217938423, 0.684123516083, 0.723234891891, 0.64817160368, 0.669103503227, 0.682745277882, 0.584353744984, 0.606895923615, 0.682321488857, 0.614158511162, 0.559517741203, 0.546443879604, 0.553773760796, 0.67916816473, 0.70432382822, 0.581571400166, 0.575487434864, 0.59905141592, 0.564947247505, 0.586103498936, 0.678566455841, 0.764955937862, 0.891704261303, 0.867247164249, 0.656932413578, 0.61049246788, 0.68706125021, 0.7283629179, 0.897849202156], "hpcp": {"dmean2": [0.296953260899, 0.267457395792, 0.261916697025, 0.264756560326, 0.282363444567, 0.324291795492, 0.322151869535, 0.292398810387, 0.269774109125, 0.262360602617, 0.249475553632, 0.231344819069, 0.232010006905, 0.238120213151, 0.251090377569, 0.245768398046, 0.24300943315, 0.257786124945, 0.244377225637, 0.230520576239, 0.243004202843, 0.240658864379, 0.247195661068, 0.258628219366, 0.239895105362, 0.227870076895, 0.248965457082, 0.250005483627, 0.241046100855, 0.239051133394, 0.237460151315, 0.234484136105, 0.243106335402, 0.265625178814, 0.293316692114, 0.29449853301], "median": [0.0408519133925, 0.0377727374434, 0.0288944467902, 0.031042098999, 0.0402135029435, 0.0568252578378, 0.0549563989043, 0.0539982356131, 0.0350327901542, 0.0282774791121, 0.0246144533157, 0.0250419154763, 0.0244568139315, 0.0277635194361, 0.0333817489445, 0.0348004177213, 0.0336516946554, 0.030214285478, 0.0282142311335, 0.0253357328475, 0.0292779468, 0.0282659046352, 0.0293762758374, 0.026038531214, 0.0249777603894, 0.0251506455243, 0.0294274259359, 0.030200175941, 0.0274076648057, 0.0231336057186, 0.0224314630032, 0.0229909904301, 0.0237709786743, 0.0283529050648, 0.0414774566889, 0.0437976494431], "min": [0, 0, 0, 0, 0, 0, 0, 0, 0, 0, 0, 0, 0, 0, 0, 0, 0, 0, 0, 0, 0, 0, 0, 0, 0, 0, 0, 0, 0, 0, 0, 0, 0, 0, 0, 0], "dvar2": [0.153454646468, 0.129755854607, 0.135898262262, 0.137158989906, 0.144279494882, 0.156755208969, 0.169790774584, 0.143103733659, 0.138209998608, 0.132827147841, 0.127836033702, 0.112245947123, 0.117625400424, 0.11848552525, 0.119372144341, 0.117159463465, 0.114328309894, 0.133705124259, 0.12908385694, 0.117573149502, 0.122352056205, 0.124137938023, 0.12758487463, 0.14605474472, 0.129742354155, 0.117936253548, 0.135069042444, 0.132982164621, 0.128120779991, 0.130633279681, 0.125576466322, 0.118345744908, 0.130706712604, 0.138778045774, 0.153938502073, 0.146904483438], "dvar": [0.0611928068101, 0.0489712022245, 0.0505052953959, 0.05198328197, 0.0546308085322, 0.0590696334839, 0.067805364728, 0.0525353290141, 0.0524957105517, 0.0500004254282, 0.0481559820473, 0.0421917773783, 0.0439006127417, 0.043659299612, 0.0460263974965, 0.046736523509, 0.0427972376347, 0.0498322583735, 0.0491231270134, 0.0442055538297, 0.0457971058786, 0.0493367984891, 0.0472058579326, 0.0531025826931, 0.0477657243609, 0.0435291305184, 0.0501178540289, 0.0527075566351, 0.0473123341799, 0.0479424595833, 0.0471959188581, 0.0436886847019, 0.0492760948837, 0.0536095462739, 0.0589572042227, 0.0585614182055], "dmean": [0.168968424201, 0.150664418936, 0.146446377039, 0.149153053761, 0.15917275846, 0.183667197824, 0.181501731277, 0.166171520948, 0.152103409171, 0.148206248879, 0.139874503016, 0.131218373775, 0.131400048733, 0.133773639798, 0.143187016249, 0.142541930079, 0.138408735394, 0.145386636257, 0.138448014855, 0.129214540124, 0.136456221342, 0.135961472988, 0.138668641448, 0.142544940114, 0.133007511497, 0.127023532987, 0.141421720386, 0.143151298165, 0.13558678329, 0.134629741311, 0.133958652616, 0.132010415196, 0.136784851551, 0.149965435266, 0.165571004152, 0.16636274755], "max": [1, 1, 1, 1, 1, 1, 1, 1, 1, 1, 1, 1, 1, 1, 1, 1, 1, 1, 1, 1, 1, 1, 1, 1, 1, 1, 1, 1, 1, 1, 1, 1, 1, 1, 1, 1], "var": [0.0832383185625, 0.051670819521, 0.050500549376, 0.0617213100195, 0.0627848133445, 0.0742299556732, 0.0993033349514, 0.0612704381347, 0.0598193369806, 0.0574121214449, 0.0493504963815, 0.0448266305029, 0.0496827550232, 0.0473671630025, 0.0555081218481, 0.0615536347032, 0.0488361120224, 0.056374810636, 0.0634479746222, 0.0494701564312, 0.0490204207599, 0.066850297153, 0.0509186051786, 0.0471684448421, 0.0455453507602, 0.0444745793939, 0.0622050240636, 0.0678146034479, 0.0469442605972, 0.0494730174541, 0.0530232340097, 0.0444793626666, 0.0499447695911, 0.0606645271182, 0.0675158202648, 0.0837404057384], "mean": [0.18781645596, 0.14226937294, 0.13221205771, 0.148794263601, 0.157738819718, 0.194443821907, 0.216566234827, 0.175449952483, 0.15102866292, 0.145596504211, 0.129538431764, 0.125754565001, 0.129396095872, 0.129986941814, 0.148158058524, 0.156628251076, 0.140372082591, 0.144905224442, 0.147859573364, 0.126551285386, 0.131433159113, 0.147767797112, 0.133005991578, 0.121172644198, 0.118341289461, 0.119928702712, 0.147084891796, 0.152532756329, 0.125948727131, 0.124631151557, 0.129734307528, 0.122348494828, 0.126930221915, 0.146954581141, 0.16566362977, 0.193113029003]}, "tuning_equal_tempered_deviation": 0.163565710187, "chords_changes_rate": 0.129572451115, "key_key": "E", "tuning_diatonic_strength": 0.428607851267, "key_scale": "major", "chords_number_rate": 0.00273159146309, "tuning_frequency": 442.03793335, "tuning_nontempered_energy_ratio": 0.857082605362, "chords_histogram": [8.18289756775, 8.14726829529, 4.92874097824, 1.88836109638, 3.07600951195, 4.84560585022, 4.18052244186, 1.97149646282, 2.62470316887, 1.31828975677, 2.09026122093, 2.66033244133, 2.63657951355, 3.56294536591, 0.902612805367, 4.16864585876, 2.61282658577, 1.48456060886, 5.8551068306, 18.8954868317, 5.81947755814, 1.87648451328, 3.24228024483, 3.02850365639], "key_strength": 0.486312389374, "chords_key": "B", "chords_strength": {"dmean2": 0.0208948738873, "median": 0.476917564869, "min": -1, "dvar2": 0.000903771957383, "dvar": 0.00048152016825, "dmean": 0.0168051831424, "max": 0.786895811558, "var": 0.0147273438051, "mean": 0.478750258684}, "chords_scale": "minor", "hpcp_entropy": {"dmean2": 1.27541446686, "median": 2.06269788742, "min": 0, "dvar2": 1.02268350124, "dvar": 0.387964576483, "dmean": 0.753839492798, "max": 4.95814180374, "var": 0.900124311447, "mean": 2.09299516678}}, "metadata": {"audio_properties": {"equal_loudness": 0, "codec": "mp3", "downmix": "mix", "sample_rate": 44100, "analysis_sample_rate": 44100, "bit_rate": 188969, "md5_encoded": "4f1caca7587f34a708d57d93895f730f", "length": 390.974700928, "replay_gain": -13.9111175537, "lossless": false}, "version": {"essentia_build_sha": "70f2e5ece6736b2c40cc944ad0e695b16b925413", "essentia": "2.1-beta2", "extractor": "music 1.0", "essentia_git_sha": "v2.1_beta2"}, "tags": {"title": ["Sunshine"], "artist": ["One Self"], "tracknumber": ["11"], "albumartist": ["One Self"], "date": ["2005"], "genre": ["Hip-Hop"], "album": ["Children of Possibility"], "label": ["Ninja Tune"], "file_name": "79093.mp3", "musicbrainz_recordingid": ["04ac3b8f-cad7-4e40-878b-3b7755525a9e"], "encodedby": ["LAME v3.90.3"]}}, "rhythm": {"bpm_histogram_first_peak_bpm": {"dmean2": 0, "median": 126, "min": 126, "dvar2": 0, "dvar": 0, "dmean": 0, "max": 126, "var": 0, "mean": 126}, "bpm": 126.039588928, "bpm_histogram_second_peak_spread": {"dmean2": 0, "median": 0.3125, "min": 0.3125, "dvar2": 0, "dvar": 0, "dmean": 0, "max": 0.3125, "var": 0, "mean": 0.3125}, "bpm_histogram_first_peak_weight": {"dmean2": 0, "median": 0.612195134163, "min": 0.612195134163, "dvar2": 0, "dvar": 0, "dmean": 0, "max": 0.612195134163, "var": 0, "mean": 0.612195134163}, "onset_rate": 4.52186393738, "beats_position": [0.510838985443, 1.03328800201, 1.54412698746, 2.03174591064, 2.51936507225, 3.01859402657, 3.51782298088, 4.01705217361, 4.51628112793, 4.99229001999, 5.47990942001, 5.9675283432, 6.44353723526, 6.91954612732, 7.39555549622, 7.8831744194, 8.35918331146, 8.82358264923, 9.31120204926, 9.79882049561, 10.2748298645, 10.7392292023, 11.2152376175, 11.6796369553, 12.1556463242, 12.6316547394, 13.0960540771, 13.5836734772, 14.0712919235, 14.5589113235, 15.0233106613, 15.4993190765, 15.9637184143, 16.4513378143, 16.9273471832, 17.4149665833, 17.8793640137, 18.3553733826, 18.8313827515, 19.3073921204, 19.7834014893, 20.247800827, 20.7238082886, 21.1998176575, 21.6642169952, 22.1402263641, 22.616235733, 23.0922451019, 23.5682544708, 24.0442619324, 24.5202713013, 25.0078907013, 25.4839000702, 25.9599094391, 26.4475269318, 26.9235363007, 27.3995456696, 27.8639450073, 28.3399543762, 28.8159637451, 29.291973114, 29.7679805756, 30.2439899445, 30.7199993134, 31.1960086823, 31.6720180511, 32.1480255127, 32.6240348816, 33.1000442505, 33.5760536194, 34.0636711121, 34.539680481, 35.0156898499, 35.480091095, 35.9561004639, 36.4321098328, 36.908115387, 37.3841247559, 37.8601341248, 38.3361434937, 38.8005447388, 39.2765541077, 39.7525634766, 40.2401809692, 40.7161903381, 41.192199707, 41.6682090759, 42.1442184448, 42.6202278137, 43.0962333679, 43.5838546753, 44.0482521057, 44.5242614746, 45.0002708435, 45.4878921509, 45.9638977051, 46.439907074, 46.9159164429, 47.415145874, 47.8911552429, 48.3671646118, 48.8431739807, 49.3191833496, 49.7951927185, 50.2712020874, 50.723991394, 51.1883888245, 51.6643981934, 52.1404075623, 52.6164169312, 53.0924263, 53.5684356689, 54.0444450378, 54.5204544067, 55.0080718994, 55.4724693298, 55.9484786987, 56.4244880676, 56.9004974365, 57.3765068054, 57.8641242981, 58.340133667, 58.8277549744, 59.3037643433, 59.7681617737, 60.2325630188, 60.7201805115, 61.1497497559, 61.5677070618, 61.9972763062, 62.4268455505, 62.8564147949, 63.2859840393, 63.7155532837, 64.1567306519, 64.5979156494, 65.0507049561, 65.5267105103, 65.9794998169, 66.4555053711, 66.9199066162, 67.3959197998, 67.8487091064, 68.3247146606, 68.8007278442, 69.2767333984, 69.7527389526, 70.2403640747, 70.7163696289, 71.1923828125, 71.6683883667, 72.1444015503, 72.608795166, 73.0964126587, 73.5840377808, 74.0484313965, 74.5128326416, 74.9888458252, 75.4648513794, 75.9524688721, 76.4284820557, 76.9044876099, 77.3805007935, 77.8565063477, 78.3441238403, 78.8085250854, 79.2961425781, 79.7953720093, 80.282989502, 80.7590026855, 81.2117919922, 81.6761856079, 82.1521987915, 82.6282043457, 83.1042175293, 83.5802230835, 84.0562362671, 84.5322418213, 85.0082550049, 85.4842605591, 85.9602737427, 86.4362792969, 86.9122848511, 87.3999099731, 87.8759155273, 88.3519287109, 88.8163223267, 89.2923355103, 89.7683410645, 90.244354248, 90.7203598022, 91.1963729858, 91.67237854, 92.1599960327, 92.6243972778, 93.0887985229, 93.5764160156, 94.0524215698, 94.5284347534, 95.0044403076, 95.4920654297, 95.9796829224, 96.4440765381, 96.9200897217, 97.3844909668, 97.860496521, 98.3365097046, 98.8125152588, 99.288520813, 99.7529220581, 100.240539551, 100.716552734, 101.192558289, 101.668571472, 102.144577026, 102.608978271, 103.084983826, 103.560997009, 104.048614502, 104.524627686, 105.00063324, 105.476638794, 105.952651978, 106.44026947, 106.904670715, 107.38067627, 107.856689453, 108.332695007, 108.808708191, 109.284713745, 109.760726929, 110.236732483, 110.712738037, 111.188751221, 111.664756775, 112.140769958, 112.616775513, 113.092788696, 113.56879425, 114.044807434, 114.520812988, 115.008430481, 115.472831726, 115.937232971, 116.424850464, 116.900856018, 117.376869202, 117.864486694, 118.340499878, 118.816505432, 119.280906677, 119.745300293, 120.221313477, 120.697319031, 121.184944153, 121.672561646, 122.160179138, 122.636184692, 123.100585938, 123.576599121, 124.052604675, 124.540222168, 125.016235352, 125.492240906, 125.968254089, 126.444259644, 126.908660889, 127.373062134, 127.849067688, 128.325073242, 128.801086426, 129.288711548, 129.764709473, 130.229110718, 130.705123901, 131.181137085, 131.65713501, 132.121536255, 132.609161377, 133.085174561, 133.561172485, 134.048797607, 134.536407471, 135.024032593, 135.488433838, 135.964447021, 136.440444946, 136.928070068, 137.41569519, 137.903305054, 138.367706299, 138.832107544, 139.296508789, 139.760910034, 140.248519897, 140.73614502, 141.223754883, 141.688156128, 142.152557373, 142.616958618, 143.092971802, 143.557373047, 144.033370972, 144.497772217, 144.997009277, 145.484619141, 145.960632324, 146.436645508, 146.912643433, 147.388656616, 147.8646698, 148.352294922, 148.828292847, 149.30430603, 149.768707275, 150.244720459, 150.709106445, 151.185119629, 151.661132812, 152.137145996, 152.613143921, 153.100769043, 153.576782227, 154.052780151, 154.528793335, 155.004806519, 155.492416382, 155.980041504, 156.456054688, 156.932067871, 157.384857178, 157.849243164, 158.336868286, 158.81288147, 159.288879395, 159.764892578, 160.240905762, 160.728515625, 161.19291687, 161.668930054, 162.144943237, 162.620956421, 163.096954346, 163.561355591, 164.060592651, 164.536590576, 165.000991821, 165.477005005, 165.953018188, 166.417419434, 166.905029297, 167.392654419, 167.868652344, 168.344665527, 168.820678711, 169.296691895, 169.772689819, 170.248703003, 170.713104248, 171.189117432, 171.676727295, 172.164352417, 172.628753662, 173.104751587, 173.569152832, 174.045166016, 174.521179199, 174.997192383, 175.473190308, 175.949203491, 176.425216675, 176.9012146, 177.377227783, 177.853240967, 178.32925415, 178.816864014, 179.304489136, 179.768890381, 180.244888306, 180.720901489, 181.196914673, 181.672927856, 182.148925781, 182.624938965, 183.08934021, 183.565353394, 184.041351318, 184.52897644, 185.004989624, 185.480987549, 185.957000732, 186.444625854, 186.932235718, 187.408248901, 187.872650146, 188.337051392, 188.801452637, 189.277450562, 189.753463745, 190.229476929, 190.705490112, 191.181488037, 191.657501221, 192.145126343, 192.632736206, 193.120361328, 193.584762573, 194.060760498, 194.536773682, 195.012786865, 195.488800049, 195.953201294, 196.41758728, 196.893600464, 197.369613647, 197.857223511, 198.333236694, 198.809249878, 199.296859741, 199.772872925, 200.260498047, 200.73651123, 201.200897217, 201.688522339, 202.164535522, 202.640533447, 203.104934692, 203.580947876, 204.05696106, 204.532974243, 205.008972168, 205.484985352, 205.960998535, 206.43699646, 206.913009644, 207.389022827, 207.865036011, 208.341033936, 208.817047119, 209.293060303, 209.769073486, 210.245071411, 210.721084595, 211.197097778, 211.673095703, 212.149108887, 212.62512207, 213.101135254, 213.577133179, 214.053146362, 214.517547607, 214.981948853, 215.457962036, 215.945571899, 216.433197021, 216.932418823, 217.408432007, 217.872833252, 218.337234497, 218.813232422, 219.289245605, 219.765258789, 220.241271973, 220.717269897, 221.193283081, 221.657684326, 222.13369751, 222.609695435, 223.097320557, 223.584945679, 224.049331665, 224.51373291, 224.989746094, 225.465759277, 225.953369141, 226.429382324, 226.905395508, 227.381408691, 227.857406616, 228.345031738, 228.809432983, 229.285430908, 229.761444092, 230.249069214, 230.713470459, 231.201080322, 231.688705444, 232.176315308, 232.66394043, 233.128341675, 233.581130981, 234.045532227, 234.521530151, 234.997543335, 235.473556519, 235.949569702, 236.425567627, 236.901580811, 237.377593994, 237.853607178, 238.341217041, 238.817230225, 239.304855347, 239.79246521, 240.268478394, 240.744491577, 241.208877563, 241.673278809, 242.137680054, 242.613693237, 243.089706421, 243.554092407, 244.030105591, 244.506118774, 244.982131958, 245.458129883, 245.945755005, 246.433380127, 246.92098999, 247.385391235, 247.873016357, 248.360626221, 248.825027466, 249.289428711, 249.753829956, 250.22984314, 250.705841064, 251.17024231, 251.657867432, 252.122268677, 252.60987854, 253.085891724, 253.561904907, 254.037902832, 254.525527954, 255.013153076, 255.489151001, 255.965164185, 256.441162109, 256.893951416, 257.3699646, 257.845977783, 258.321990967, 258.80960083, 259.297241211, 259.784851074, 260.249237061, 260.725250244, 261.201263428, 261.677276611, 262.153289795, 262.640899658, 263.116912842, 263.592926025, 264.057312012, 264.533325195, 265.009338379, 265.485351562, 265.961364746, 266.43737793, 266.913360596, 267.389373779, 267.865386963, 268.341400146, 268.81741333, 269.293426514, 269.769439697, 270.245422363, 270.733062744, 271.19744873, 271.673461914, 272.149475098, 272.625488281, 273.101501465, 273.577514648, 274.065124512, 274.541137695, 275.017150879, 275.481536865, 275.957550049, 276.433563232, 276.909576416, 277.385559082, 277.861572266, 278.349212646, 278.825195312, 279.289611816, 279.765625, 280.241638184, 280.717651367, 281.193634033, 281.669647217, 282.1456604, 282.621673584, 283.097686768, 283.573699951, 284.049713135, 284.525695801, 285.001708984, 285.477722168, 285.953735352, 286.429748535, 286.905761719, 287.381774902, 287.857757568, 288.333770752, 288.809783936, 289.285797119, 289.761810303, 290.237823486, 290.71383667, 291.189849854, 291.66583252, 292.141845703, 292.617858887, 293.10546875, 293.593109131, 294.057495117, 294.521911621, 294.997894287, 295.473907471, 295.949920654, 296.425933838, 296.901947021, 297.377960205, 297.853973389, 298.329986572, 298.805969238, 299.281982422, 299.757995605, 300.234008789, 300.721618652, 301.197631836, 301.67364502, 302.138031006, 302.614044189, 303.090057373, 303.566070557, 304.04208374, 304.518096924, 304.994110107, 305.470092773, 305.946105957, 306.422119141, 306.898132324, 307.385742188, 307.873382568, 308.349395752, 308.825378418, 309.301391602, 309.765808105, 310.230194092, 310.706207275, 311.182220459, 311.658233643, 312.134246826, 312.610229492, 313.086242676, 313.562255859, 314.038269043, 314.525878906, 315.00189209, 315.489532471, 315.965515137, 316.44152832, 316.917541504, 317.393554688, 317.869567871, 318.345581055, 318.821594238, 319.297576904, 319.773590088, 320.249603271, 320.714019775, 321.190002441, 321.666015625, 322.153656006, 322.629669189, 323.105651855, 323.581665039, 324.06930542, 324.545288086, 325.00970459, 325.485717773, 325.961730957, 326.426116943, 326.902130127, 327.378143311, 327.854156494, 328.33013916, 328.806152344, 329.282165527, 329.769775391, 330.245788574, 330.721801758, 331.197814941, 331.673828125, 332.161437988, 332.637451172, 333.113464355, 333.577850342, 334.053863525, 334.529876709, 335.005889893, 335.470275879, 335.946289062, 336.433929443, 336.909912109, 337.385925293, 337.861938477, 338.33795166, 338.813964844, 339.301574707, 339.777587891, 340.242004395, 340.717987061, 341.194000244, 341.670013428, 342.146026611, 342.622039795, 343.098052979, 343.562438965, 344.038452148, 344.514465332, 344.990478516, 345.466491699, 345.942474365, 346.406890869, 346.882904053, 347.370513916, 347.858123779, 348.34576416, 348.810150146, 349.28616333, 349.762176514, 350.249786377, 350.714202881, 351.201812744, 351.677825928, 352.165435791, 352.653045654, 353.129058838, 353.616668701, 354.092681885, 354.568695068, 355.033111572, 355.485900879, 355.950286865, 356.426300049, 356.890686035, 357.378326416, 357.842712402, 358.330322266, 358.79473877, 359.270751953, 359.746765137, 360.234375, 360.698760986, 361.186401367, 361.650787354, 362.138397217, 362.6144104, 363.090423584, 363.566436768, 364.042449951, 364.506835938, 364.994445801, 365.458862305, 365.934875488, 366.410888672, 366.898498535, 367.374511719, 367.862121582, 368.338134766, 368.825744629, 369.324981689, 369.800994873, 370.265380859, 370.729797363, 371.19418335, 371.658599854, 372.12298584, 372.610595703, 373.075012207, 373.56262207, 374.027008057, 374.514648438, 374.990661621, 375.466674805, 375.931060791, 376.418670654, 376.883087158, 377.370697021, 377.858306885, 378.334320068, 378.810333252, 379.274719238, 379.750732422, 380.226745605, 380.702758789, 381.178771973, 381.643157959, 382.107574463, 382.571960449, 383.047973633, 383.512359619, 383.988372803, 384.476013184, 384.92880249, 385.381591797, 385.822753906, 386.252319336, 386.681884766, 387.123077393, 387.56427002, 388.040252686, 388.516265869, 388.980682373, 389.445068359, 389.921081543, 390.397094727], "beats_loudness": {"dmean2": 0.113067008555, "median": 0.0292842071503, "min": 0, "dvar2": 0.00746816350147, "dvar": 0.00219366699457, "dmean": 0.058737386018, "max": 0.190862819552, "var": 0.00224846112542, "mean": 0.0466836206615}, "danceability": 1.33558475971, "bpm_histogram_second_peak_weight": {"dmean2": 0, "median": 0.0134146343917, "min": 0.0134146343917, "dvar2": 0, "dvar": 0, "dmean": 0, "max": 0.0134146343917, "var": 0, "mean": 0.0134146343917}, "beats_count": 821, "bpm_histogram_second_peak_bpm": {"dmean2": 0, "median": 133, "min": 133, "dvar2": 0, "dvar": 0, "dmean": 0, "max": 133, "var": 0, "mean": 133}, "bpm_histogram_first_peak_spread": {"dmean2": 0, "median": 0.358876109123, "min": 0.358876109123, "dvar2": 0, "dvar": 0, "dmean": 0, "max": 0.358876109123, "var": 0, "mean": 0.358876109123}, "beats_loudness_band_ratio": {"dmean2": [0.915976822376, 0.350859850645, 0.496489614248, 0.337708443403, 0.14348860085, 0.252562552691], "median": [0.136858597398, 0.0455627553165, 0.116603590548, 0.048397872597, 0.0252120569348, 0.031746506691], "min": [0, 0, 0, 0, 0, 0], "dvar2": [0.311348646879, 0.124927476048, 0.191693052649, 0.123735330999, 0.0335941277444, 0.105256095529], "dvar": [0.109338864684, 0.0428439304233, 0.0617374032736, 0.0408716350794, 0.0115382522345, 0.039209689945], "dmean": [0.470503807068, 0.189423039556, 0.265143603086, 0.180114224553, 0.0769160091877, 0.13986055553], "max": [0.998868703842, 0.97675216198, 0.913291394711, 0.922666490078, 0.659110784531, 0.98582649231], "var": [0.132772669196, 0.0398919656873, 0.0626175999641, 0.0351989790797, 0.00947982631624, 0.0378073751926], "mean": [0.339068502188, 0.144311547279, 0.230976581573, 0.136542275548, 0.0613610520959, 0.119290553033]}}, "lowlevel": {"barkbands_spread": {"dmean2": 15.2384214401, "median": 14.9519166946, "min": 0.0471403375268, "dvar2": 398.014678955, "dvar": 166.611419678, "dmean": 9.60195064545, "max": 129.64515686, "var": 392.098083496, "mean": 21.9395103455}, "melbands_spread": {"dmean2": 24.4587459564, "median": 15.2361755371, "min": 0.0381539091468, "dvar2": 1542.98950195, "dvar": 677.278869629, "dmean": 15.4802894592, "max": 281.59552002, "var": 1650.6496582, "mean": 32.5164451599}, "hfc": {"dmean2": 10.9477233887, "median": 10.5476942062, "min": 1.04862976655e-16, "dvar2": 357.755401611, "dvar": 166.086395264, "dmean": 7.71992731094, "max": 265.306640625, "var": 513.734619141, "mean": 18.7197933197}, "barkbands_kurtosis": {"dmean2": 23.9528980255, "median": 3.23566389084, "min": -1.94531190395, "dvar2": 35552.578125, "dvar": 11399.4941406, "dmean": 14.6720600128, "max": 5190.57177734, "var": 9983.83105469, "mean": 17.8028240204}, "gfcc": {"mean": [-77.7772598267, 34.903793335, -112.178993225, 9.91256523132, -69.7232437134, 10.0133934021, -33.9466133118, 5.69414281845, -21.3584079742, 3.84103655815, -15.6378202438, -1.3611035347, -15.0816030502], "icov": [[6.83231992298e-05, -6.45190229989e-05, 3.01937216136e-05, -9.26832581172e-05, 0.000148418461322, -7.80817717896e-05, 6.10008100921e-05, -7.58491150918e-05, 7.66507218941e-05, -0.000159495786647, 0.000249784032349, -0.000134973306558, 0.000178317568498], [-6.45190229989e-05, 0.000504950585309, -0.000194407315576, 0.000355106632924, -0.000486410572194, 0.000322159583448, -0.000146145423059, 0.000241845278651, -0.000500359048601, 0.000785490148701, -0.000829881988466, 0.000360618316336, -6.95401395205e-05], [3.01937216136e-05, -0.000194407315576, 0.00101063738111, -0.00104592530988, 0.000352057133568, -0.000369969493477, 7.21661272109e-05, -0.000248419033596, 0.000463670119643, -0.000383389793569, 0.000295837264275, -0.000696234230418, 0.000298599363305], [-9.26832581172e-05, 0.000355106632924, -0.00104592530988, 0.00215206900612, -0.00127812614664, 0.000472709158203, -4.12271983805e-05, 0.000123147226986, -0.00048418994993, 0.000717413146049, -0.00051562540466, 0.0004633643548, -0.00029062887188], [0.000148418461322, -0.000486410572194, 0.000352057133568, -0.00127812614664, 0.00348044326529, -0.00189381756354, -0.000281768676359, 0.000381323334295, -0.00117331533693, -0.000700209289789, 0.000852613477036, 5.91713396716e-05, -0.000326585548464], [-7.80817717896e-05, 0.000322159583448, -0.000369969493477, 0.000472709158203, -0.00189381756354, 0.00440603168681, -0.00237297243439, -0.000308723741909, 0.0019632873591, -0.00137713528238, 0.000274047342828, 0.00111258251127, -0.000623723433819], [6.10008100921e-05, -0.000146145423059, 7.21661272109e-05, -4.12271983805e-05, -0.000281768676359, -0.00237297243439, 0.00482152495533, -0.00208429945633, -0.000464311655378, 0.00114240206312, -0.000969594286289, -0.000749739352614, 0.00099382805638], [-7.58491150918e-05, 0.000241845278651, -0.000248419033596, 0.000123147226986, 0.000381323334295, -0.000308723741909, -0.00208429945633, 0.00794453267008, -0.00395640544593, 0.000313939992338, 0.000718521419913, -0.00107903406024, 0.000784993113484], [7.66507218941e-05, -0.000500359048601, 0.000463670119643, -0.00048418994993, -0.00117331533693, 0.0019632873591, -0.000464311655378, -0.00395640544593, 0.00907690823078, -0.00461281370372, 0.000734088360332, 0.00126650184393, -0.00179086835124], [-0.000159495786647, 0.000785490148701, -0.000383389793569, 0.000717413146049, -0.000700209289789, -0.00137713528238, 0.00114240206312, 0.000313939992338, -0.00461281370372, 0.0119070699438, -0.00563409877941, 0.000119223921502, 0.00210493453778], [0.000249784032349, -0.000829881988466, 0.000295837264275, -0.00051562540466, 0.000852613477036, 0.000274047342828, -0.000969594286289, 0.000718521419913, 0.000734088360332, -0.00563409877941, 0.0122619643807, -0.00498778838664, 0.00157208996825], [-0.000134973306558, 0.000360618316336, -0.000696234230418, 0.0004633643548, 5.91713396716e-05, 0.00111258251127, -0.000749739352614, -0.00107903406024, 0.00126650184393, 0.000119223921502, -0.00498778838664, 0.0145600484684, -0.00755519233644], [0.000178317568498, -6.95401395205e-05, 0.000298599363305, -0.00029062887188, -0.000326585548464, -0.000623723433819, 0.00099382805638, 0.000784993113484, -0.00179086835124, 0.00210493453778, 0.00157208996825, -0.00755519233644, 0.0146916517988]], "cov": [[19450.5390625, 1033.67211914, 368.255371094, 286.560150146, -765.898498535, -169.493453979, -353.619842529, 45.2128562927, -195.556671143, -4.52294015884, -271.965637207, -42.230758667, -251.522094727], [1033.67211914, 3124.65478516, 201.654541016, -59.6522750854, 337.869262695, -80.9498214722, 119.135978699, 17.8311519623, 192.797836304, -47.2543869019, 130.072677612, -15.6507806778, 0.332411617041], [368.255371094, 201.654541016, 2482.72094727, 1376.45422363, 512.700683594, 418.985748291, 272.79788208, 130.729385376, 18.1699047089, 55.3073959351, 26.304391861, 73.0936965942, 6.06444549561], [286.560150146, -59.6522750854, 1376.45422363, 1439.17614746, 596.505859375, 330.79901123, 231.182861328, 115.22719574, 92.8934936523, 47.090133667, 1.00589358807, 16.7161693573, 15.3073663712], [-765.898498535, 337.869262695, 512.700683594, 596.505859375, 880.280395508, 479.319488525, 353.431549072, 130.95501709, 165.667526245, 88.6545944214, 19.0312480927, -23.1533946991, 14.8362140656], [-169.493453979, -80.9498214722, 418.985748291, 330.79901123, 479.319488525, 672.701538086, 391.129455566, 119.217254639, 19.0577049255, 73.1028289795, 2.12283992767, -23.3944034576, -14.3203554153], [-353.619842529, 119.135978699, 272.79788208, 231.182861328, 353.431549072, 391.129455566, 507.278594971, 169.444656372, 87.1988677979, 47.9395484924, 35.4880218506, 4.3357000351, -12.8295345306], [45.2128562927, 17.8311519623, 130.729385376, 115.22719574, 130.95501709, 119.217254639, 169.444656372, 230.494735718, 121.914520264, 48.1796150208, 8.85073852539, 7.85524463654, -5.59685182571], [-195.556671143, 192.797836304, 18.1699047089, 92.8934936523, 165.667526245, 19.0577049255, 87.1988677979, 121.914520264, 246.266311646, 88.9062728882, 31.6306343079, -4.12715053558, 8.60761260986], [-4.52294015884, -47.2543869019, 55.3073959351, 47.090133667, 88.6545944214, 73.1028289795, 47.9395484924, 48.1796150208, 88.9062728882, 161.695526123, 64.553276062, 6.64054822922, -16.926322937], [-271.965637207, 130.072677612, 26.304391861, 1.00589358807, 19.0312480927, 2.12283992767, 35.4880218506, 8.85073852539, 31.6306343079, 64.553276062, 141.779006958, 44.8544158936, 3.54366588593], [-42.230758667, -15.6507806778, 73.0936965942, 16.7161693573, -23.1533946991, -23.3944034576, 4.3357000351, 7.85524463654, -4.12715053558, 6.64054822922, 44.8544158936, 116.248680115, 50.5894813538], [-251.522094727, 0.332411617041, 6.06444549561, 15.3073663712, 14.8362140656, -14.3203554153, -12.8295345306, -5.59685182571, 8.60761260986, -16.926322937, 3.54366588593, 50.5894813538, 101.299385071]]}, "spectral_energyband_middle_low": {"dmean2": 0.0105110341683, "median": 0.00267671211623, "min": 1.58049632891e-22, "dvar2": 0.000490913167596, "dvar": 0.000193774321815, "dmean": 0.00656974548474, "max": 0.169832974672, "var": 0.000234530802118, "mean": 0.00909291300923}, "melbands_crest": {"dmean2": 6.44976758957, "median": 15.105679512, "min": 1.67039561272, "dvar2": 35.5592269897, "dvar": 14.4332942963, "dmean": 4.03390312195, "max": 39.964630127, "var": 51.1780776978, "mean": 15.7631320953}, "spectral_kurtosis": {"dmean2": 3.04605150223, "median": 2.79240942001, "min": -1.33800709248, "dvar2": 23.050567627, "dvar": 9.22913646698, "dmean": 1.90565299988, "max": 63.7412719727, "var": 22.1544551849, "mean": 4.3627076149}, "spectral_rms": {"dmean2": 0.00145132653415, "median": 0.00301452190615, "min": 3.07950583436e-12, "dvar2": 4.22246921516e-06, "dvar": 2.26707629736e-06, "dmean": 0.0010179518722, "max": 0.0143570248038, "var": 1.20488975881e-05, "mean": 0.00406117364764}, "zerocrossingrate": {"dmean2": 0.0240773670375, "median": 0.0625, "min": 0.00048828125, "dvar2": 0.000881594605744, "dvar": 0.000848590221722, "dmean": 0.0220728460699, "max": 0.6298828125, "var": 0.00811379030347, "mean": 0.0981028303504}, "silence_rate_60dB": {"dmean2": 0.173902720213, "median": 0, "min": 0, "dvar2": 0.163986131549, "dvar": 0.0793921127915, "dmean": 0.0869461968541, "max": 1, "var": 0.208717554808, "mean": 0.296810984612}, "erbbands_kurtosis": {"dmean2": 3.89855265617, "median": 0.598681211472, "min": -1.92717087269, "dvar2": 68.12550354, "dvar": 27.3835353851, "dmean": 2.43648838997, "max": 198.787902832, "var": 39.0171852112, "mean": 2.2284822464}, "erbbands": {"dmean2": [0.172589316964, 1.65881764889, 3.93249988556, 4.71989107132, 9.32099819183, 13.0493564606, 14.9311494827, 19.5275669098, 30.3143501282, 42.3419494629, 43.1000862122, 33.4140701294, 33.0723190308, 28.1909751892, 25.246295929, 25.6520500183, 25.8069763184, 23.6259708405, 18.8399944305, 15.1384773254, 9.40783882141, 9.4250793457, 8.25088691711, 6.17547416687, 7.32620811462, 6.88027906418, 6.35255765915, 6.1072101593, 6.2978849411, 5.1047501564, 5.21977996826, 7.77023696899, 2.93206763268, 1.4020986557, 0.828836977482, 0.277785778046, 0.0815524831414, 0.0201291982085, 0.00268904026598, 0.000125646038214], "median": [0.000260036700638, 0.00383204873651, 0.037738930434, 0.157513454556, 0.202711492777, 0.318538248539, 0.720425844193, 1.00502443314, 2.06509184837, 3.10725927353, 2.8211016655, 2.30305743217, 2.68076682091, 2.78396224976, 2.40288710594, 2.07122468948, 2.10069060326, 1.99686098099, 1.89131617546, 1.55747425556, 1.26983082294, 1.5611768961, 1.47871220112, 1.72997486591, 1.65219068527, 1.65696537495, 1.210916996, 1.18586885929, 1.38866078854, 0.97388446331, 0.75974714756, 0.524151682854, 0.305295586586, 0.176654398441, 0.100275635719, 0.0400931499898, 0.0101088378578, 0.00212379707955, 0.000295303412713, 3.76685311494e-05], "min": [6.99373470766e-23, 8.16743313823e-22, 2.86611054446e-21, 1.11273046859e-20, 2.38657778749e-20, 2.55119286862e-20, 5.18153561274e-20, 1.01333437823e-19, 1.15318218548e-19, 1.39068977928e-19, 3.81020276452e-19, 3.982936171e-19, 6.31984082566e-19, 6.31483793392e-19, 7.46952933628e-19, 9.34967106055e-19, 1.29237933763e-18, 2.66553286208e-18, 2.30812735135e-18, 3.40587129764e-18, 3.98620487859e-18, 4.12862056465e-18, 5.48260769392e-18, 6.89456736283e-18, 8.95368832759e-18, 8.64784325918e-18, 1.02300611e-17, 8.70875435794e-18, 1.29222246283e-17, 8.38002864661e-18, 1.15774804152e-17, 1.09738635611e-17, 1.19265059659e-17, 6.4657647915e-18, 6.08896003424e-18, 3.53586790078e-18, 2.29089366367e-18, 1.01575618212e-18, 2.43241816602e-19, 2.66587435196e-20], "dvar2": [0.33897408843, 29.1075057983, 210.300140381, 371.613037109, 1428.61962891, 1943.89343262, 2209.20996094, 2960.47607422, 7147.95556641, 13070.375, 14601.6396484, 10703.2871094, 15559.2929688, 8490.06738281, 6356.70068359, 9700.15917969, 7911.06884766, 3949.01025391, 2658.27758789, 1645.5892334, 704.341796875, 458.801422119, 369.340606689, 214.743270874, 374.181182861, 240.745941162, 229.961105347, 242.253265381, 236.719024658, 173.73664856, 166.232803345, 1466.57043457, 92.4251861572, 19.6846542358, 5.61166000366, 0.395018070936, 0.0461239032447, 0.00334860989824, 6.33414820186e-05, 2.23570637559e-07], "dvar": [0.180218473077, 13.7313108444, 84.885559082, 135.751678467, 511.100830078, 710.473083496, 858.591186523, 1303.93005371, 3140.10693359, 5555.32861328, 6302.22851562, 4771.79101562, 7276.40917969, 3807.32446289, 3206.97924805, 3713.68920898, 3236.43920898, 1869.97729492, 1189.89208984, 830.58795166, 339.594665527, 218.032287598, 154.549758911, 86.6857376099, 149.812530518, 104.599617004, 94.696723938, 94.5009307861, 107.192649841, 76.2605361938, 71.8894042969, 614.113342285, 38.3611297607, 8.23542976379, 2.29294872284, 0.173086926341, 0.0207668077201, 0.00167176581454, 3.09028655465e-05, 1.19210369576e-07], "dmean": [0.11285879463, 1.07553255558, 2.50239872932, 2.78015828133, 5.21065759659, 7.51673603058, 8.95084571838, 12.3538322449, 19.5170841217, 27.3653316498, 27.6917152405, 21.7331237793, 22.0939121246, 18.9338207245, 17.0484981537, 16.4317703247, 16.7007198334, 15.810508728, 12.4712123871, 10.3578548431, 6.40527534485, 6.26196813583, 5.34741830826, 4.08486413956, 4.73178386688, 4.49250459671, 4.13518953323, 3.84106945992, 4.05218982697, 3.35015630722, 3.40726590157, 4.99361228943, 1.88508307934, 0.904788196087, 0.531771123409, 0.18049877882, 0.0551364310086, 0.0139840207994, 0.00186987221241, 9.43840059335e-05], "max": [6.43908977509, 46.2364616394, 138.490127563, 237.278274536, 263.863708496, 252.291625977, 451.868988037, 734.849975586, 1790.4230957, 1646.6829834, 1739.30761719, 1766.25561523, 2554.80639648, 1617, 1824.71520996, 1605.58044434, 1250.40283203, 1065.3807373, 1199.49035645, 865.461669922, 507.470672607, 292.923095703, 241.601287842, 260.666503906, 263.336395264, 174.796142578, 211.832199097, 255.265884399, 466.404510498, 234.843551636, 215.632949829, 632.604492188, 170.887023926, 97.7897720337, 40.9007720947, 8.38777542114, 3.09682536125, 1.22860455513, 0.163666591048, 0.0126656964421], "var": [0.910743057728, 54.4333992004, 209.791091919, 116.407493591, 330.41305542, 521.83782959, 879.409912109, 1850.65783691, 4110.49462891, 7405.02539062, 9731.34179688, 7181.59521484, 10439.4882812, 7367.71337891, 6433.66259766, 4346.78857422, 5017.29345703, 4720.55224609, 2947.29150391, 2392.10668945, 616.568969727, 435.821258545, 291.477508545, 152.586914062, 268.233551025, 179.576095581, 193.984451294, 180.420166016, 242.298141479, 152.852462769, 135.345352173, 591.982666016, 54.0431137085, 12.0512228012, 3.71688199043, 0.446214050055, 0.064036116004, 0.00577061763033, 0.000102922807855, 4.76293706697e-07], "mean": [0.283406496048, 2.63537693024, 5.10230350494, 3.23173666, 3.87490725517, 6.31306791306, 8.94544410706, 13.9185256958, 22.3775272369, 32.5612831116, 35.1403198242, 28.7723350525, 28.7701454163, 29.3584518433, 25.0887355804, 21.9504642487, 22.7864189148, 24.2913532257, 18.7589836121, 15.0810422897, 8.81983566284, 8.9097661972, 7.69763851166, 6.43793201447, 7.05301237106, 6.86843681335, 6.79225730896, 6.37438488007, 6.70451545715, 5.61681222916, 5.33795261383, 6.03054046631, 2.69666790962, 1.40933322906, 0.875961065292, 0.333536565304, 0.107696764171, 0.0280802026391, 0.00368347414769, 0.000213925290154]}, "spectral_strongpeak": {"dmean2": 1.05767726898, "median": 0.739143788815, "min": 0, "dvar2": 4.61753320694, "dvar": 1.99118733406, "dmean": 0.667548835278, "max": 25.7702407837, "var": 2.98914384842, "mean": 1.21071076393}, "spectral_energy": {"dmean2": 0.0173854772002, "median": 0.00931452587247, "min": 9.72044010059e-21, "dvar2": 0.0010841951007, "dvar": 0.000507547811139, "dmean": 0.01148092933, "max": 0.211277261376, "var": 0.0019156052731, "mean": 0.0292554814368}, "average_loudness": 0.848127126694, "spectral_rolloff": {"dmean2": 1788.64868164, "median": 1270.45898438, "min": 21.533203125, "dvar2": 7683817, "dvar": 3596422, "dmean": 1065.54785156, "max": 19573.6816406, "var": 11677756, "mean": 2805.73193359}, "spectral_centroid": {"dmean2": 661.043762207, "median": 1250.41882324, "min": 90.3798217773, "dvar2": 704471.5625, "dvar": 355668.5, "dmean": 435.896728516, "max": 11986.6845703, "var": 1621745.75, "mean": 1658.90332031}, "pitch_salience": {"dmean2": 0.151897907257, "median": 0.572759866714, "min": 0.00548664480448, "dvar2": 0.0208207350224, "dvar": 0.00860517192632, "dmean": 0.0965596362948, "max": 0.992458641529, "var": 0.0372598730028, "mean": 0.538041651249}, "spectral_energyband_middle_high": {"dmean2": 0.00255033560097, "median": 0.0010165279964, "min": 1.23855433328e-21, "dvar2": 2.91575015581e-05, "dvar": 1.5335606804e-05, "dmean": 0.00183871097397, "max": 0.0737190619111, "var": 5.49172727915e-05, "mean": 0.00393958576024}, "spectral_contrast_coeffs": {"dmean2": [0.104906439781, 0.0988029316068, 0.0765757337213, 0.064748570323, 0.048270393163, 0.0323957540095], "median": [-0.632280468941, -0.725117623806, -0.779534876347, -0.80430495739, -0.810925066471, -0.789314210415], "min": [-0.976929664612, -0.982086539268, -0.976106762886, -0.980634450912, -0.969161450863, -0.9649066329], "dvar2": [0.00869409088045, 0.00702462811023, 0.00414999108762, 0.00311435339972, 0.0017253679689, 0.000831893703435], "dvar": [0.00367775396444, 0.00332847610116, 0.00187864212785, 0.00139134679921, 0.000732242246158, 0.000380450801458], "dmean": [0.0664891377091, 0.0646363869309, 0.0495408400893, 0.0416759699583, 0.0306425876915, 0.021048925817], "max": [-0.231839597225, -0.309609204531, -0.386542201042, -0.426585942507, -0.551672577858, -0.580493628979], "var": [0.0144596127793, 0.0165435150266, 0.00935620907694, 0.00663356529549, 0.00266754650511, 0.00182293588296], "mean": [-0.627989172935, -0.708447992802, -0.764495491982, -0.787528634071, -0.808024823666, -0.788654983044]}, "melbands_skewness": {"dmean2": 2.24210762978, "median": 2.2327568531, "min": -5.23543024063, "dvar2": 14.6312828064, "dvar": 6.0538816452, "dmean": 1.48505687714, "max": 95.6690750122, "var": 18.8326702118, "mean": 3.38100767136}, "spectral_spread": {"dmean2": 1413552.125, "median": 5743386.5, "min": 990760.5, "dvar2": 2376992292860.0, "dvar": 1167519252480.0, "dmean": 927547.375, "max": 42960184, "var": 8991026446340.0, "mean": 5890799.5}, "dissonance": {"dmean2": 0.0471952110529, "median": 0.462847530842, "min": 0.17249801755, "dvar2": 0.00258035282604, "dvar": 0.00105788465589, "dmean": 0.0291273146868, "max": 0.500000119209, "var": 0.00289770425297, "mean": 0.445488721132}, "spectral_skewness": {"dmean2": 0.481159687042, "median": 1.40873432159, "min": -0.594039022923, "dvar2": 0.285806447268, "dvar": 0.129346624017, "dmean": 0.315565377474, "max": 6.47143650055, "var": 0.508126437664, "mean": 1.5382925272}, "spectral_flux": {"dmean2": 0.0525551140308, "median": 0.0600831098855, "min": 6.34355554197e-11, "dvar2": 0.0045167109929, "dvar": 0.0021709871944, "dmean": 0.0341689437628, "max": 0.455880314112, "var": 0.00527417240664, "mean": 0.081569455564}, "spectral_contrast_valleys": {"dmean2": [0.912954628468, 1.050568223, 0.890396296978, 0.854259729385, 0.696788609028, 0.57918792963], "median": [-9.47012138367, -7.71202707291, -8.14077281952, -8.44433116913, -8.11968421936, -10.2312850952], "min": [-28.2182693481, -28.0538253784, -27.7781352997, -27.758769989, -27.5353870392, -27.3