{"metadata": {"tags": {"bpm": ["172.84"], "musicip_puid": ["abcb192d-5b15-d1e2-0680-b963c2f07024"], "musicbrainz_albumid": ["5bc9adf1-3fa9-4fe8-9e39-52d933fe3dfa"], "genre": ["Bluegrass"], "musicbrainz_artistid": ["600a0adc-bcf5-4ede-8200-2cb37e1438b4"], "title": ["Mighty Dark to Travel"], "tracknumber": ["04"], "artist": ["Ricky Skaggs & Kentucky Thunder"], "musicbrainz_albumartistid": ["600a0adc-bcf5-4ede-8200-2cb37e1438b4"], "album": ["Ancient Tones"], "musicbrainz album type": ["Album"], "musicbrainz_recordingid": ["04b0cbbd-e369-476e-9a14-9e54aff1ba34"], "musicbrainz album release country": ["United States"], "date": ["1999"], "acoustid_id": ["d662b396-18f7-488c-8e68-83830f9eb9f3"], "file_name": "Ricky Skaggs & Kentucky Thunder - Mighty Dark to Travel.mp3", "acoustid_fingerprint": ["AQADtOIUyXpwLcdzB5XkoPHx7fie45ERJqRyVJH04CahHWGefDjeZHLQaI8Fx1lQIVwzwS9kTUWtjPjxS6jQOFmiCfGPR8dlyWieol-No2GkFf3xNDniQ6yT4zzOdEGaR8fT4HDH48qRpxD_49U8I7-CJuzRP0f07DCdFCqVotGDihsFfT_6D02eCo-2w26O-8GnUhCPZ7h3odHUzqgmHdo7hMGeo95iNIl3_GfwS8iXbKijHT7R5vgl4ZWs4RMzDU2cHe12HD_EL9lwRUfjMIUmLnKCE46zHHmOVx1cx8GJXkdTJsGN5gmqH580pNkdITnKBw3-4NWPRlfQ50YYFsnW4ugthHESxYKucTpy-EqDX2gSD5W6zGiWKLmR7EyeIfrRH_AkHmU06cQzZXGwD32GRj0u5viJ72iOLpQaPD0epFuzCvk7xJMe-MOV44T4EL8QijcaMTlO8Wj2oN3xo66OxtpRWhcaxumQ8-gVaMnxpDrCME6DPrvxfGh4JJPWdHiD2Mt22E0T5Dy-KGiSMAs0tcSziEHI5PCOJwgfnMcTJVZwiAkuvI0DXR485kJ-tE1SoUkY4VQO_3hmnDHSGzqP5zmakLKg_cEzQ6SkpMGJJuJ0dJ6Df2h0BSFX4_kIxz3OB-8kDo4ZxBGh0ZLQPEuFH7gaGmnyCNWWqPgOZ8SzG9fRviy-Es2Pfh-eCDfS5Bc-6CuDPDF8qTiuZIdP5NThB2p0xNzR3EKP7wjzJEef4dthN00QE82Zog_uVGieaOg__Ej4KA7i7DgaTUyFStODC2E-JDueEPVYOImfoPKOfzVyKTn0I58c_ILz4U8m_AvS1zgN_Uhz3KgpFs0Z53j0o0aja3iT4xEtpFdy6DxCK0uPZnfwaDAbDZfw4CnuOBKSX8j14njQPAkq_XgyHEWP_HjT4VOi5Gh0ecXhJ7Kg9eiVB01vfIZ-w8-iCO-HMGOIWhT-oE_QXMdLBc3yoDyeSYqQ7EQYHB7VCV-e43ByHU8QWtQxxZHyQFeUo08Q5ng2GteGpg9KJujV4EUI5QwuBr_gxMuDJ6gTptDyH4czC2p2Bbl0HP7C4EfMDU3SDH6Okg92Bb_RVFPxCJ5QhtCOpj7OpMjR_ELJHHsk5WjMHP3RD4234YvOI7ccQcyR5-gZoukj_EMuQyQXXAiThjf6HEgntdCXC3l-NNM99MdzOCeePUKYiS16JoWOy9BvVNqpoFESZeFwVrhtNHoOTdWDI9cLn8cXhfiG34P1ZLgjXDn8483xJz7SSVHwHOphlSlxo2r6otnxHX8KP0be4HF6eCQO74i3hLj0BOKnvMiTo0ezPEbOoJ-O5nlwH9dhKgzOPMHlhGi47Chp6HNwBTkTOXi0Sfh-ND96PFtiXEezKDlC8kcyU4GvhBKeFc3Y48txOYZ_xM4E-Tma8ULLPKioBWEeJeFwuwjTJj36zPhONJ6C9pVwHz7T4DoRm7C2BfHRJ4Oi5NFm5MdP8McnHs2zI8u0HPeF6RLh6US5Hf3hF1ql4MdfoTnaL4Es5of1iMiPPmiOi0OfhmiO-AvRI8z14XoOvziVD-FuNHGWQ3-AlLlxFU0iNeiXH7FziKaY4UHPbAjz5cKTS2iOPse547rhfGnw40FO6HGOPDSepYHPHH-O50P-Q3yCnMfh8Dg_NEf_IF8g2kd-fJfQPEftD7mQsDeuo7mCdjzuPHgCa0mWB6cQ6xm0F2mlJGjW6PgFj8cvIc9x6sG2RcOjJD8OnZbxLAt0HYd2JUFTaQXmH2V4pPkSPA9OuIe3ow2H72iWKAgfDSp3hEmaonwm4YfHTjP-4SmD9IJ-TCkVhNzxKFyDP0b6E3fw2mhzNA_OyejRv9BT3Lji5LCaebgf1El7aKmC_WgiSmrQ6TkUSocWJ8fk4wwcHY8Qsk8KXxfKIzya42iMNosMLUcv4riPcs3h5xJ0Hr6CnNHRVAs-4ltIoVHpo0eocYeWUumgb8_RE82XIo_hkcXVGAjzRITWOEfeH18s-JbwnKhOmEkepD2FPk7wHFN6_Av65At0qTHi6Ef5o6nT4N_xE0ePZlwQnVEIXUfcI00-Bb8HLY_QLwlyNF-K_vhZhJEYQSN5xGwCOw-uD82DUlpwKT9KiUGYG4eW_KgS6TvCStHRrAtOtB_CpA3kSBkqikfzRMShkczQ8IiTzTiVpQmae-iPQOOD3Gij5Hh4NDm6k8fPCReDMCOR7El5VE9y-BKeHU2PZ3lwHj7yDE-lBN6PL1IX4QtEF3-I5ugXB89XpJEc3MJz-Djz43ksRNOUEDe0NweTc8GV40oeY_bROJYEzT50ixh8iUPWJyUuvAmP_S6avEoR_jh-UmjOFKV2VPHQ5Ah5NMz24BSay0L4D88OHY7uHF90dI5yNJNo9Dyaa9CZAa6k4BeJ6onRdDkOMT_y4zzCPIdGZsaPMG5QSYvwoydMV8H0NULuRQ3kRSqu46Iy-GFwnji94QljoXmOtjz0CZPE3XiOUiOuDxd8zbheHH1yNGN26OOPnkGYLTlu9NGDJpbwXESoF_qP0PuG83gOP4nwnMd9eEuOP0QpZwrCPMel5MS7qejmw1EOcahFI7xyNJUSAz_yLEb_BFpiHnGmLMCPRw16oblUnNGGI7WWQxeN-PCeEl8e3NIMX0mQB5MdaGkU5KieNGjkHaeDD2akDnkE7auQDxOLs8GPMHNyVKuCJ7yh5ayMUkkePDmaJ4f248mDSZmUH00Y4yT0ZUH1EpGiK0lxZzlOoAzCjMxx8YEeo7Fm9DryPLj-oOHwHFfgPBnx7Gjs47eIb9JRbUivjUgWcgdABCDAEESEA4QpYxgASjGjjAGSISImAsYIJIwAQAbjJAICAAAEAgYQgYACRjgBDFEGACSIEQAABhQwCgkgCBBVAASoIEoZAx1BQAAokAJEACSAIkASJgwAQkGhBNCKAYEU8IoBCQAhCBHADGCACESEA0AoYwAQQhkghBCGQQkVMURywIhCQCnAGBIIEIEAY4AZwIwghgDGCLEGAAWEA8IABQwARwnlEDACSaKIEgQIYABGAAEKhKIEKY0AMUIYQJAiQiggAWQGCQAYIAIQQwBQQiDGAADQAPCIcAIIZgkAAAABCHBIASGgQEQ4BoKQhggoBAOCGEUBYMgYCiRgRgCkEAGFWUCNhkYZqAwRBghhFAEAAMSQIAw5IBQgBCkAhAEcEAUIJAYwRAAixACIABKCIqKYIIAAZY0TziAijDCEFGIAQEYDIZgBggBBCBEOCkOMIcBSKhASgAlDCDAEGAEAEQYBwIQiYgFjDFFEECAIkAIQBBBQDCgiCGBWIaEoUEA4IBQAhCADnACCMAGAAgoQAAQATJEpHGKAACKUkUAYYk0wQhlhAARIIAAQcIA4IEBgAjiDEEAKAGMIMIkQJIJwhAHqBGIAWGEcAIA44wAgAiHFADEKQAIAQIIBIBzUTAADBDALWUUScYAgQISwQHgHBBACHACEEQ4BAKBQ0hglBAAKOAKAQIgcQBwyhghghEAAGIMMMoIgmQQggDBhFADIGCGJgpoAQSwgAgCGICHEIAUAAM4RRBSgDCpCCBEAKIAsQIRAAJBQABgrtAEAIgKIEYAZKYABQgAFHCACIceAQEgAK4ggAGGIDAAIGCABM0ICoABTgggABEFGCAMFE4AY5QAADAhmACDIAAIBIUQIJMAgQhgCiBGGAKA8MUApQxwzAgBBiENACSaAYAIwABgjAgghARCAWSgYYEAIAgg"], "language": ["eng"]}, "audio_properties": {"sample_rate": 44100, "downmix": "mix", "lossless": false, "analysis_sample_rate": 44100, "md5_encoded": "e99ac09b57bfa7d8d6ec0a339658cce9", "equal_loudness": 0, "replay_gain": -5.48879051208, "codec": "mp3", "bit_rate": 128000, "length": 157.440002441}, "version": {"extractor": "music 1.0", "essentia_build_sha": "2d9f1f26377add8aeb1075a9c2973f962c4f09fd", "essentia_git_sha": "v2.1_beta2-1-ge3940c0", "essentia": "2.1-beta2"}}, "rhythm": {"beats_loudness_band_ratio": {"dvar2": [0.13145878911, 0.0750706270337, 0.0722402483225, 0.0307689756155, 0.00846199318767, 0.00628145504743], "var": [0.0619329735637, 0.0314451679587, 0.0341034643352, 0.0111090503633, 0.00383195304312, 0.00142990471795], "min": [0.00075839163037, 0.00175222242251, 0.011065849103, 0.00410378817469, 0.000109869695734, 6.01688188908e-05], "dmean": [0.345718920231, 0.171421214938, 0.21173517406, 0.0972466170788, 0.0501163713634, 0.0155568756163], "mean": [0.426823854446, 0.195493280888, 0.275477319956, 0.10855589807, 0.0489820241928, 0.0139525141567], "max": [0.957094788551, 0.810055911541, 0.863484919071, 0.742457985878, 0.613103568554, 0.5857437253], "dmean2": [0.657468795776, 0.314607024193, 0.391622960567, 0.175628960133, 0.0888017788529, 0.0281286519021], "median": [0.387673586607, 0.138445287943, 0.253535866737, 0.0764404386282, 0.0276183560491, 0.00663709733635], "dvar": [0.0384849943221, 0.0235538855195, 0.0231936015189, 0.0107392258942, 0.00372837227769, 0.00223719747737]}, "bpm_histogram_first_peak_weight": {"dvar2": 0, "var": 0, "min": 0.518272399902, "dmean": 0, "mean": 0.518272399902, "max": 0.518272399902, "dmean2": 0, "median": 0.518272399902, "dvar": 0}, "bpm": 114.943130493, "beats_count": 302, "bpm_histogram_first_peak_spread": {"dvar2": 0, "var": 0, "min": 0.442857146263, "dmean": 0, "mean": 0.442857146263, "max": 0.442857146263, "dmean2": 0, "median": 0.442857146263, "dvar": 0}, "danceability": 1.18332850933, "bpm_histogram_first_peak_bpm": {"dvar2": 0, "var": 0, "min": 115, "dmean": 0, "mean": 115, "max": 115, "dmean2": 0, "median": 115, "dvar": 0}, "beats_position": [0.487619042397, 0.99845802784, 1.50929701328, 2.03174591064, 2.55419492722, 3.06503391266, 3.58748292923, 4.1099319458, 4.63238096237, 5.15482997894, 5.67727899551, 6.19972801208, 6.73378658295, 7.26784563065, 7.79029464722, 8.31274318695, 8.83519268036, 9.35764122009, 9.86848068237, 10.379319191, 10.9017686844, 11.4242172241, 11.9466667175, 12.4691152573, 13.0031747818, 13.5372333527, 14.0712919235, 14.6053514481, 15.1277999878, 15.6502494812, 16.1726989746, 16.6951465607, 17.2292060852, 17.7516555786, 18.2741031647, 18.7965526581, 19.3306121826, 19.853061676, 20.3755092621, 20.8979587555, 21.43201828, 21.9660758972, 22.5001354218, 23.010974884, 23.5334243774, 24.0442619324, 24.5667114258, 25.1007709503, 25.6348285675, 26.168888092, 26.7029476166, 27.22539711, 27.747844696, 28.2702941895, 28.7927436829, 29.3151912689, 29.8376407623, 30.3717002869, 30.9057598114, 31.4282073975, 31.962266922, 32.4963264465, 33.0419960022, 33.5992736816, 34.1565513611, 34.7138328552, 35.2711105347, 35.8051681519, 36.3392295837, 36.8732872009, 37.4073448181, 37.94140625, 38.4754638672, 39.0095214844, 39.5319709778, 40.0544204712, 40.5884780884, 41.1225395203, 41.6449890137, 42.1674385071, 42.7014961243, 43.2355537415, 43.7696151733, 44.2920608521, 44.8145103455, 45.3485717773, 45.8710212708, 46.3934669495, 46.9159164429, 47.4267578125, 47.9492073059, 48.4600448608, 48.994102478, 49.5165519714, 50.0390014648, 50.5614509583, 51.0839004517, 51.5947380066, 52.1171875, 52.6396369934, 53.1620864868, 53.6845359802, 54.2185935974, 54.7526512146, 55.275100708, 55.7975502014, 56.3316078186, 56.854057312, 57.3765068054, 57.8989562988, 58.4214057922, 58.9322433472, 59.4430847168, 59.9655303955, 60.4995918274, 61.0220413208, 61.5328788757, 62.0437164307, 62.5545578003, 63.0770072937, 63.5994529724, 64.1102905273, 64.621131897, 65.1319732666, 65.6544189453, 66.1768722534, 66.6877059937, 67.1985473633, 67.7326049805, 68.2550582886, 68.7775039673, 69.2883453369, 69.7991790771, 70.3216323853, 70.844078064, 71.3665313721, 71.8889770508, 72.4114303589, 72.9338760376, 73.4679336548, 73.9903869629, 74.5128326416, 75.0236740112, 75.5461196899, 76.068572998, 76.5910186768, 77.1134643555, 77.6475296021, 78.1699752808, 78.7040328979, 79.2264862061, 79.7373199463, 80.2481613159, 80.7590026855, 81.2698364258, 81.7922897339, 82.3147354126, 82.8371887207, 83.3596343994, 83.8820877075, 84.3929214478, 84.9153747559, 85.4378204346, 85.9602737427, 86.4827194214, 87.0051651001, 87.5160064697, 88.0384597778, 88.5609054565, 89.0833511353, 89.6058044434, 90.1282501221, 90.6507034302, 91.1731491089, 91.695602417, 92.2180480957, 92.7404937744, 93.251335144, 93.7621765137, 94.2846221924, 94.8070755005, 95.3295211792, 95.8519744873, 96.3628082275, 96.8852615356, 97.4077072144, 97.918548584, 98.4293823242, 98.9402236938, 99.462677002, 99.9851226807, 100.49596405, 101.018409729, 101.540863037, 102.051696777, 102.562538147, 103.084983826, 103.607437134, 104.118278503, 104.629112244, 105.151565552, 105.67401123, 106.1848526, 106.718910217, 107.276191711, 107.833465576, 108.402359009, 108.959632874, 109.493690491, 110.027755737, 110.550201416, 111.084259033, 111.606712341, 112.12915802, 112.651611328, 113.185668945, 113.708114624, 114.218955994, 114.741401672, 115.26385498, 115.774688721, 116.297142029, 116.807983398, 117.330429077, 117.864486694, 118.386940002, 118.909385681, 119.420227051, 119.942672729, 120.465126038, 120.987571716, 121.498413086, 122.009246826, 122.520088196, 123.030929565, 123.553375244, 124.075828552, 124.598274231, 125.132331848, 125.643173218, 126.165618896, 126.688072205, 127.210517883, 127.732971191, 128.243804932, 128.754638672, 129.265487671, 129.776321411, 130.28717041, 130.809616089, 131.343673706, 131.889343262, 132.423400879, 132.957458496, 133.503128052, 134.037185669, 134.559631348, 135.070480347, 135.581314087, 136.092147827, 136.614593506, 137.137054443, 137.647888184, 138.158721924, 138.669570923, 139.180404663, 139.691238403, 140.202087402, 140.712921143, 141.235366821, 141.757827759, 142.291885376, 142.802719116, 143.325164795, 143.836013794, 144.358459473, 144.869293213, 145.391738892, 145.902587891, 146.425033569, 146.947479248, 147.469924927, 147.992385864, 148.514831543, 149.037277222, 149.5597229, 150.082168579, 150.604629517, 151.127075195, 151.649520874, 152.183578491, 152.717636108, 153.12399292, 153.530334473, 153.936691284, 154.343032837, 154.749389648, 155.155731201, 155.562088013, 155.980041504, 156.397994995, 156.815963745], "beats_loudness": {"dvar2": 0.00107230979484, "var": 0.0005307685351, "min": 1.19867493709e-07, "dmean": 0.0227218922228, "mean": 0.0382757112384, "max": 0.135705694556, "dmean2": 0.039660744369, "median": 0.0322982221842, "dvar": 0.000374433671823}, "bpm_histogram_second_peak_weight": {"dvar2": 0, "var": 0, "min": 0.0232558138669, "dmean": 0, "mean": 0.0232558138669, "max": 0.0232558138669, "dmean2": 0, "median": 0.0232558138669, "dvar": 0}, "bpm_histogram_second_peak_spread": {"dvar2": 0, "var": 0, "min": 0.363636404276, "dmean": 0, "mean": 0.363636404276, "max": 0.363636404276, "dmean2": 0, "median": 0.363636404276, "dvar": 0}, "bpm_histogram_second_peak_bpm": {"dvar2": 0, "var": 0, "min": 108, "dmean": 0, "mean": 108, "max": 108, "dmean2": 0, "median": 108, "dvar": 0}, "onset_rate": 4.92840766907}, "lowlevel": {"spectral_energyband_high": {"dvar2": 1.41597737979e-07, "var": 1.24171208427e-07, "min": 7.26587291352e-21, "dmean": 8.94590775715e-05, "mean": 0.000167748527019, "max": 0.00625895895064, "dmean2": 0.000134609785164, "median": 7.13948829798e-05, "dvar": 6.46570867957e-08}, "spectral_energyband_middle_low": {"dvar2": 0.000161232514074, "var": 0.000166337573319, "min": 2.07717779609e-22, "dmean": 0.00607943022624, "mean": 0.0143162757158, "max": 0.130220666528, "dmean2": 0.00922462530434, "median": 0.0108218826354, "dvar": 7.10289823473e-05}, "spectral_energy": {"dvar2": 0.000255153281614, "var": 0.000426004466135, "min": 1.04400428049e-20, "dmean": 0.00990965683013, "mean": 0.0289273504168, "max": 0.149563506246, "dmean2": 0.013816726394, "median": 0.0247375145555, "dvar": 0.000131484572194}, "spectral_spread": {"dvar2": 654466285568, "var": 1352625160190.0, "min": 1147441.5, "dmean": 379327.4375, "mean": 3315210.5, "max": 40785924, "dmean2": 581522.5625, "median": 3163697.25, "dvar": 349631709184}, "spectral_energyband_low": {"dvar2": 7.94530351413e-05, "var": 0.000141697077197, "min": 5.03201560339e-23, "dmean": 0.00464275665581, "mean": 0.010210217908, "max": 0.0930833742023, "dmean2": 0.00622712960467, "median": 0.00636627245694, "dvar": 4.90191232529e-05}, "spectral_rolloff": {"dvar2": 533295.25, "var": 606577.625, "min": 21.533203125, "dmean": 253.191101074, "mean": 917.418701172, "max": 18755.4199219, "dmean2": 411.035430908, "median": 775.1953125, "dvar": 250099.203125}, "barkbands": {"dvar2": [2.64245930692e-10, 3.71460555471e-05, 1.5387615349e-05, 7.44962972021e-06, 5.74117802898e-06, 2.38214270212e-05, 5.989568308e-05, 1.60646995937e-05, 1.28218907776e-05, 4.91791661261e-06, 5.3670592024e-06, 2.24702239393e-06, 1.22766005006e-06, 1.46477373164e-06, 1.20604647691e-06, 2.63328018946e-07, 3.69819275647e-07, 1.49147268758e-07, 1.79388209176e-07, 7.14061172857e-07, 6.86722003707e-08, 6.80556677679e-09, 4.23025481311e-09, 3.88920673444e-09, 1.17636234087e-09, 1.31406732717e-10, 4.32724494258e-13], "var": [9.72304112223e-11, 4.70642771688e-05, 3.3858948882e-05, 4.34638923252e-06, 4.77062485515e-06, 1.94277545233e-05, 4.07127445214e-05, 3.12606025545e-05, 1.56807127496e-05, 5.89307592236e-06, 3.61242450708e-06, 3.21546212945e-06, 1.32882280468e-06, 2.06809409065e-06, 2.02671958505e-06, 2.68347321253e-07, 2.70859970897e-07, 1.35831484727e-07, 1.38425463092e-07, 3.5518473851e-07, 3.30633902479e-08, 1.01780495143e-08, 2.7457891516e-09, 1.65331470736e-09, 6.04381156233e-10, 6.26329682563e-11, 1.66911013548e-13], "min": [1.59492390856e-24, 3.14413230214e-23, 1.93361088581e-24, 1.28291955978e-24, 2.36540889064e-23, 3.38722483879e-23, 3.32502536522e-23, 1.09700093997e-23, 2.26574104843e-23, 2.64160250419e-23, 1.55593331447e-23, 4.42384234188e-23, 5.08220040983e-23, 7.66018585741e-23, 8.75785299041e-23, 7.38457552761e-23, 1.06868615039e-22, 1.58743767379e-22, 1.49251700718e-22, 2.53854782968e-22, 3.54672216397e-22, 3.71363604384e-22, 5.49739418634e-22, 5.88560715284e-22, 1.06406284489e-21, 1.50379678411e-21, 2.35416753438e-21], "dmean": [5.51611901756e-06, 0.00286064436659, 0.00184599868953, 0.000724370125681, 0.00104636605829, 0.00172887998633, 0.00255384109914, 0.00133401388302, 0.000712280743755, 0.000807935197372, 0.00048871699255, 0.000451541855, 0.000236203864915, 0.000310234841891, 0.00025984927197, 0.000148211969645, 0.000164578028489, 9.06135392142e-05, 9.82037381618e-05, 7.43914279155e-05, 4.13396010117e-05, 1.63608801813e-05, 1.06134884845e-05, 9.55229734245e-06, 5.63674211662e-06, 2.52237623499e-06, 1.46659488109e-07], "mean": [5.36749303137e-06, 0.0057303966023, 0.00397386774421, 0.00096489925636, 0.00198431662284, 0.00297859450802, 0.00384381762706, 0.00241298624314, 0.00131869816687, 0.00153952674009, 0.000745478493627, 0.000741626892705, 0.000432970555266, 0.000606449553743, 0.000476038752822, 0.000271384982625, 0.000287968083285, 0.000181747862371, 0.000170966552105, 0.000123893551063, 6.00095845584e-05, 3.04746790789e-05, 1.77303809323e-05, 1.52231832544e-05, 9.50342746364e-06, 3.28600867761e-06, 1.35512692623e-07], "max": [0.000293676333968, 0.0523203127086, 0.0407074913383, 0.0384728498757, 0.0268767140806, 0.047146640718, 0.0941324830055, 0.0720128715038, 0.0932229235768, 0.0321362055838, 0.0562532432377, 0.0575037822127, 0.0294349845499, 0.0328750014305, 0.0249932315201, 0.00705050537363, 0.0196156259626, 0.00722405221313, 0.00881816633046, 0.0302902460098, 0.00485191494226, 0.00378688215278, 0.00166789558716, 0.0015255024191, 0.000786786433309, 0.000172210216988, 1.23281397464e-05], "dmean2": [9.38052289712e-06, 0.00404304359108, 0.0023881054949, 0.00120586215053, 0.00167694035918, 0.00264826975763, 0.00400157598779, 0.00209396262653, 0.00107219454367, 0.00121594709344, 0.000770381186157, 0.000699197815266, 0.000352487055352, 0.000457999005448, 0.000399530457798, 0.000223644645303, 0.00025305050076, 0.000135915790452, 0.000148942577653, 0.00011359580094, 6.52236849419e-05, 2.48586075031e-05, 1.63911008713e-05, 1.44856485349e-05, 8.7202515715e-06, 3.96197037844e-06, 2.46016440997e-07], "median": [2.40721692535e-06, 0.00362708442844, 0.000886184745468, 0.000331907474902, 0.00128842901904, 0.00124159874395, 0.00138814863749, 0.000684450264089, 0.000210468424484, 0.000723123492207, 0.000256542058196, 0.000260734930634, 9.61399491644e-05, 0.00011502187408, 0.000117082447105, 9.71129920799e-05, 0.000113905916805, 5.1801383961e-05, 6.771137123e-05, 2.9926895877e-05, 2.05183896469e-05, 9.17169563763e-06, 5.95554956817e-06, 4.36029768025e-06, 2.84806355921e-06, 1.25136693896e-06, 3.29729772375e-08], "dvar": [1.02993995277e-10, 2.03002637136e-05, 9.70933888311e-06, 2.87996203951e-06, 2.34443768932e-06, 1.07281821329e-05, 2.47136758844e-05, 7.01797262082e-06, 6.36564436718e-06, 2.27569830713e-06, 2.02474961952e-06, 1.11535371161e-06, 5.88067791796e-07, 7.62240006225e-07, 5.27676661477e-07, 1.14857201083e-07, 1.62958926353e-07, 6.59338539322e-08, 8.44395700028e-08, 2.97219997947e-07, 2.72079372365e-08, 3.56540108548e-09, 2.08382555655e-09, 1.52627732675e-09, 4.80327222441e-10, 5.30820977451e-11, 1.66059142348e-13]}, "melbands_skewness": {"dvar2": 0.861304581165, "var": 1.57099235058, "min": -0.708626925945, "dmean": 0.610582768917, "mean": 2.01085281372, "max": 8.86729335785, "dmean2": 0.901314020157, "median": 1.77103495598, "dvar": 0.429091066122}, "barkbands_skewness": {"dvar2": 0.510460197926, "var": 0.886053800583, "min": -1.98115313053, "dmean": 0.472948819399, "mean": 1.44051122665, "max": 7.59757184982, "dmean2": 0.705966830254, "median": 1.33314538002, "dvar": 0.242135226727}, "erbbands": {"dvar2": [0.00607040990144, 2.85844922066, 26.5009803772, 28.6107387543, 121.07749939, 48.7951507568, 525.563110352, 2329.25024414, 5439.19824219, 24268.125, 8229.02050781, 8816.63574219, 6297.51660156, 4678.78857422, 3219.38989258, 4980.54785156, 1940.52893066, 4749.0546875, 3446.00463867, 998.444763184, 640.252197266, 714.84375, 399.440887451, 516.706665039, 790.325866699, 1676.19958496, 58.5426902771, 188.906509399, 14.140994072, 4.86493587494, 3.5643248558, 2.08094859123, 0.951892316341, 0.215397551656, 0.0512167662382, 0.00574390729889, 0.000354023271939, 1.03732554635e-05, 5.27060528555e-09, 3.46220246916e-10], "var": [0.00513823376969, 4.00633478165, 63.6118583679, 23.8468952179, 71.3594970703, 50.0364303589, 467.21005249, 1669.74047852, 4019.23706055, 14257.796875, 22289.7226563, 10547.3769531, 7060.27490234, 5280.80957031, 2062.52099609, 7490.65722656, 1944.10998535, 7800.07617188, 7425.71337891, 1029.00085449, 724.92401123, 546.45703125, 364.304443359, 378.531066895, 617.339294434, 788.602416992, 47.8792724609, 63.0120620728, 17.4211235046, 3.92992472649, 2.16634726524, 1.09893465042, 0.380190730095, 0.109987556934, 0.0243633817881, 0.00220023305155, 0.000194424763322, 4.51916275779e-06, 2.55722309994e-09, 5.74260305974e-10], "min": [1.17371284464e-21, 4.25527839219e-21, 3.27830720488e-21, 4.34811447177e-21, 2.718146189e-20, 7.2347833625e-20, 1.32824229593e-19, 3.17658344928e-19, 3.51912204287e-19, 4.21607625117e-19, 2.8899284024e-19, 4.11725039845e-19, 9.63104895362e-19, 6.84527370558e-19, 1.07189579292e-18, 1.96019140426e-18, 2.78835801611e-18, 4.11580422824e-18, 5.2726547788e-18, 3.64937817393e-18, 3.93894887737e-18, 5.47802511333e-18, 8.07934518523e-18, 7.99293707126e-18, 8.5236933754e-18, 1.26194244117e-17, 1.53735917444e-17, 1.46356573025e-17, 1.44282682337e-17, 9.13507662821e-18, 1.70222536951e-17, 1.26381311013e-17, 9.19944037885e-18, 1.00996982626e-17, 7.51078341837e-18, 5.96304081114e-18, 2.86937229209e-18, 1.08496038691e-18, 3.23809776951e-19, 3.27607951217e-20], "dmean": [0.0322961248457, 0.807337701321, 2.50996828079, 1.7066526413, 3.46652150154, 2.88301301003, 7.44955396652, 15.3898239136, 26.9876461029, 45.2521972656, 29.0548992157, 18.2189941406, 26.6356716156, 20.3826560974, 13.9168386459, 21.1265907288, 9.89673137665, 17.1370830536, 13.2130146027, 10.2724275589, 7.74408006668, 6.54085445404, 4.55347824097, 4.71586179733, 5.06113052368, 3.33156585693, 1.61689686775, 1.53226268291, 0.66847884655, 0.408607780933, 0.291615068913, 0.233717992902, 0.1383703053, 0.0722891613841, 0.0362862683833, 0.0136209605262, 0.00445626070723, 0.000656014715787, 1.72472336999e-05, 1.14313252197e-05], "mean": [0.0581025108695, 1.64604818821, 5.39893865585, 3.19400644302, 5.27712106705, 5.55835342407, 13.3140411377, 23.9062309265, 43.2904777527, 61.8853530884, 59.7202987671, 35.2628135681, 50.9390945435, 39.3443908691, 23.756362915, 35.5086479187, 19.2978191376, 37.3054428101, 28.1949806213, 18.8038635254, 15.1264629364, 12.7023258209, 9.96734237671, 9.77350997925, 9.01150417328, 5.53623962402, 2.66527819633, 2.02804207802, 1.16370689869, 0.77573800087, 0.489450156689, 0.384035557508, 0.208161994815, 0.122848138213, 0.0582364499569, 0.0183433741331, 0.00566063681617, 0.000743651180528, 3.16171426675e-05, 3.37956516887e-05], "max": [0.469877421856, 15.6528520584, 59.2779426575, 61.6009216309, 166.815231323, 86.0348510742, 252.652404785, 495.846130371, 693.781555176, 2007.12963867, 1987.7265625, 2553.32250977, 1328.95898438, 1482.18652344, 1103.67700195, 2970.80688477, 1393.12084961, 1837.30895996, 1507.76904297, 410.953369141, 357.126342773, 993.935302734, 506.493682861, 712.675537109, 610.80255127, 1335.8314209, 166.678024292, 291.454742432, 158.403640747, 62.4510574341, 49.9707565308, 25.4763050079, 24.4548587799, 12.6316680908, 4.47637414932, 1.41702282429, 0.274266660213, 0.0784232765436, 0.00185936293565, 0.000197934408789], "dmean2": [0.047993618995, 1.12789642811, 3.21115469933, 2.70379590988, 5.70342350006, 4.63733673096, 11.7490644455, 23.7858161926, 41.3059463501, 72.0656509399, 44.6930389404, 27.1071739197, 39.9755516052, 30.9913253784, 21.6020030975, 32.5498580933, 14.5396156311, 24.8864116669, 20.1519374847, 15.6501369476, 11.7634391785, 9.86584758759, 6.83874368668, 7.09238100052, 7.83885383606, 5.0353603363, 2.46827602386, 2.48484301567, 1.03052103519, 0.623479962349, 0.438928067684, 0.357249677181, 0.210834532976, 0.111545048654, 0.0567566789687, 0.021510226652, 0.00695368275046, 0.00106102123391, 2.67424857157e-05, 1.59786650329e-05], "median": [0.0296908915043, 1.02947854996, 1.62241828442, 1.6627882719, 2.21262216568, 3.06204652786, 5.4984998703, 8.57127380371, 19.0339546204, 18.4411964417, 16.8397960663, 7.92692279816, 21.6234931946, 17.4525413513, 11.3161468506, 13.2233791351, 5.92270851135, 7.83853006363, 6.03105974197, 8.15835762024, 6.11832618713, 4.93287754059, 3.18640303612, 3.83417654037, 2.59118199348, 1.54435658455, 0.931319534779, 0.700975418091, 0.36595338583, 0.232801616192, 0.162730336189, 0.109191477299, 0.0594570524991, 0.0337494425476, 0.0182011127472, 0.00727415923029, 0.00196044100448, 0.000243645132286, 2.18443237827e-05, 2.86489812424e-05], "dvar": [0.00287855230272, 1.61996471882, 17.9398059845, 11.836566925, 46.8851165771, 20.3275527954, 222.470245361, 1035.57861328, 2330.05493164, 9899.7421875, 3816.55004883, 4431.64355469, 2920.19091797, 1991.1171875, 1240.09692383, 2532.55859375, 944.869384766, 2473.39794922, 1515.8269043, 453.115631104, 280.913818359, 326.826202393, 173.406890869, 222.167800903, 362.376800537, 707.893371582, 26.9875946045, 70.1797485352, 6.8262591362, 2.22463417053, 1.69186019897, 0.894888043404, 0.365821003914, 0.0884190574288, 0.0203996188939, 0.00220164493658, 0.000149675222929, 4.07886818721e-06, 2.09373385296e-09, 1.77042533411e-10]}, "silence_rate_30dB": {"dvar2": 0.00733957439661, "var": 0.00235370313749, "min": 0, "dmean": 0.00294941756874, "mean": 0.997640788555, "max": 1, "dmean2": 0.00589970499277, "median": 1, "dvar": 0.00294089596719}, "melbands_spread": {"dvar2": 62.4424095154, "var": 108.167259216, "min": 1.27368295193, "dmean": 4.21318864822, "mean": 16.0351314545, "max": 143.30279541, "dmean2": 6.32791280746, "median": 13.6522312164, "dvar": 29.1855201721}, "melbands_crest": {"dvar2": 19.6329593658, "var": 33.9058151245, "min": 1.80072748661, "dmean": 3.14827370644, "mean": 14.5852127075, "max": 31.3105926514, "dmean2": 4.87483596802, "median": 13.3289966583, "dvar": 9.16862010956}, "zerocrossingrate": {"dvar2": 0.000136539354571, "var": 0.000451918924227, "min": 0.00439453125, "dmean": 0.00618535187095, "mean": 0.0361910574138, "max": 0.51171875, "dmean2": 0.00722872326151, "median": 0.033203125, "dvar": 9.67596351984e-05}, "barkbands_kurtosis": {"dvar2": 28.1165370941, "var": 31.3417758942, "min": -1.86537218094, "dmean": 2.34915471077, "mean": 4.01526689529, "max": 86.1619949341, "dmean2": 3.61687326431, "median": 2.42673301697, "dvar": 12.4823799133}, "spectral_flux": {"dvar2": 0.00225786026567, "var": 0.00194578396622, "min": 6.45782038955e-11, "dmean": 0.0301562324166, "mean": 0.0777144283056, "max": 0.344938337803, "dmean2": 0.0473232828081, "median": 0.068763256073, "dvar": 0.000951000198256}, "barkbands_crest": {"dvar2": 12.485663414, "var": 13.2226428986, "min": 3.06980395317, "dmean": 2.35514736176, "mean": 9.96536064148, "max": 24.4022254944, "dmean2": 3.80132055283, "median": 9.38441085815, "dvar": 5.20754384995}, "barkbands_flatness_db": {"dvar2": 0.00083796295803, "var": 0.00212195701897, "min": 0.0316240526736, "dmean": 0.0216082502156, "mean": 0.179524362087, "max": 0.369064599276, "dmean2": 0.0317100062966, "median": 0.176190942526, "dvar": 0.000417749164626}, "spectral_entropy": {"dvar2": 0.0598155334592, "var": 0.14905898273, "min": 5.05300045013, "dmean": 0.173460111022, "mean": 7.01292181015, "max": 9.80575561523, "dmean2": 0.261074960232, "median": 7.03281116486, "dvar": 0.0279233753681}, "pitch_salience": {"dvar2": 0.00991849973798, "var": 0.0138108748943, "min": 0.113450266421, "dmean": 0.0731855928898, "mean": 0.502208530903, "max": 0.86873036623, "dmean2": 0.113781072199, "median": 0.508099377155, "dvar": 0.00435846298933}, "erbbands_spread": {"dvar2": 70.5994873047, "var": 127.791252136, "min": 2.41362905502, "dmean": 5.18657064438, "mean": 25.5584907532, "max": 106.747596741, "dmean2": 7.76585912704, "median": 23.8201026917, "dvar": 32.1590538025}, "dynamic_complexity": 3.57782149315, "spectral_contrast_valleys": {"dvar2": [0.36165112257, 0.380664020777, 0.274582922459, 0.215731263161, 0.171780303121, 0.219979763031], "var": [1.11491775513, 1.30447697639, 1.36038529873, 1.36183571815, 1.27375304699, 1.03269839287], "min": [-27.4113330841, -27.3055419922, -27.4189128876, -27.3780841827, -27.2130947113, -27.2654838562], "dmean": [0.45967194438, 0.465047061443, 0.38670527935, 0.339909315109, 0.293142676353, 0.350013017654], "mean": [-7.49470615387, -6.74506092072, -7.59868144989, -8.27952003479, -8.47184085846, -11.2919101715], "max": [-5.5521607399, -4.4993929863, -5.08010673523, -6.08926439285, -6.20487833023, -8.34126377106], "dmean2": [0.726280808449, 0.725663304329, 0.619664907455, 0.525521993637, 0.435243070126, 0.497924298048], "median": [-7.31321144104, -6.62861871719, -7.46326351166, -8.14019203186, -8.33699035645, -11.1931686401], "dvar": [0.168759286404, 0.167170867324, 0.114794924855, 0.0964217409492, 0.0842577442527, 0.111770458519]}, "hfc": {"dvar2": 114.123069763, "var": 207.301773071, "min": 1.11317639028e-16, "dmean": 5.27180433273, "mean": 15.6788883209, "max": 201.154830933, "dmean2": 7.5228099823, "median": 10.8877067566, "dvar": 57.1721382141}, "spectral_kurtosis": {"dvar2": 19.4294147491, "var": 35.7306442261, "min": -1.18566000462, "dmean": 2.74293518066, "mean": 8.53740596771, "max": 79.9259567261, "dmean2": 4.71210336685, "median": 7.49819517136, "dvar": 6.81958723068}, "mfcc": {"mean": [-676.286499023, 159.734115601, -8.79509830475, 19.7121543884, -1.280580163, -1.10920345783, -1.22878825665, 3.27854156494, 0.468594014645, 3.94085121155, -0.254069209099, 2.89338946342, 3.289021492], "cov": [[7351.94873047, 618.83026123, -789.055236816, -150.82635498, -136.314315796, -75.8181686401, 10.0500440598, 172.903259277, 44.9838523865, 226.762756348, 184.13432312, 9.83672428131, -16.8143424988], [618.83026123, 909.177307129, -1.28888583183, 46.065826416, 19.3842163086, 15.8683223724, 17.3297653198, 62.9371070862, 11.2307310104, -26.6715946198, 6.50736045837, 43.0405960083, 40.9338989258], [-789.055236816, -1.28888583183, 405.25970459, 73.8026199341, 41.2534141541, 42.747127533, 37.0891227722, 15.4395942688, 4.09005880356, -41.2590866089, -19.8626995087, -9.14351081848, 15.0645475388], [-150.82635498, 46.065826416, 73.8026199341, 288.511352539, 63.8292236328, 23.6590766907, 25.7007541656, 0.52679002285, 52.9735527039, -17.9702758789, -47.1555938721, 20.3223972321, 23.4393081665], [-136.314315796, 19.3842163086, 41.2534141541, 63.8292236328, 232.364517212, 43.9223213196, -18.3044185638, 21.4637470245, 16.8591632843, 13.4595222473, -3.43992805481, -20.9818191528, -9.36416625977], [-75.8181686401, 15.8683223724, 42.747127533, 23.6590766907, 43.9223213196, 194.506744385, 73.8839874268, 24.2449207306, 38.2188148499, 33.1825408936, -9.96827411652, 13.2398357391, -6.82105636597], [10.0500440598, 17.3297653198, 37.0891227722, 25.7007541656, -18.3044185638, 73.8839874268, 177.21572876, 54.3539581299, 22.434381485, 24.4311466217, 14.7575321198, 19.8950862885, -3.36943650246], [172.903259277, 62.9371070862, 15.4395942688, 0.52679002285, 21.4637470245, 24.2449207306, 54.3539581299, 159.530303955, 22.0640125275, 20.7496166229, 35.6112861633, -15.7801246643, 1.68442988396], [44.9838523865, 11.2307310104, 4.09005880356, 52.9735527039, 16.8591632843, 38.2188148499, 22.434381485, 22.0640125275, 126.012199402, 34.2790489197, -13.9348630905, 16.031370163, 3.98272109032], [226.762756348, -26.6715946198, -41.2590866089, -17.9702758789, 13.4595222473, 33.1825408936, 24.4311466217, 20.7496166229, 34.2790489197, 127.055770874, 40.5719108582, 13.3286952972, 1.76780247688], [184.13432312, 6.50736045837, -19.8626995087, -47.1555938721, -3.43992805481, -9.96827411652, 14.7575321198, 35.6112861633, -13.9348630905, 40.5719108582, 160.597549438, 32.059223175, 0.505171120167], [9.83672428131, 43.0405960083, -9.14351081848, 20.3223972321, -20.9818191528, 13.2398357391, 19.8950862885, -15.7801246643, 16.031370163, 13.3286952972, 32.059223175, 110.369567871, 29.9946670532], [-16.8143424988, 40.9338989258, 15.0645475388, 23.4393081665, -9.36416625977, -6.82105636597, -3.36943650246, 1.68442988396, 3.98272109032, 1.76780247688, 0.505171120167, 29.9946670532, 98.7162322998]], "icov": [[0.000202551032999, -0.000142127842992, 0.000360841979273, -3.34962933266e-05, 0.000108949709102, 4.009845361e-05, 4.23531628257e-06, -0.000146129110362, -2.23061178986e-05, -0.00024736757041, -0.000119868454931, 0.000127671053633, 2.92171716865e-05], [-0.000142127842992, 0.00130087079015, -0.000148762381286, -7.63282805565e-05, -0.000176921108505, -0.000118905256386, 6.97459981893e-05, -0.000499629939441, 4.96744141856e-05, 0.000597192673013, 0.000140578136779, -0.00061791355256, -0.000362564751413], [0.000360841979273, -0.000148762381286, 0.00349418376572, -0.0005798166967, -0.000169090009877, -0.000476598972455, -0.000524388800841, -0.000341565872077, 3.21925799653e-05, 0.000722832046449, -0.000363833212759, 0.000654556031805, -0.0005447161966], [-3.34962933266e-05, -7.63282805565e-05, -0.0005798166967, 0.00465334579349, -0.0013985526748, 0.000455866073025, -0.000874694844242, 0.000298545113765, -0.00172206654679, 0.00086378416745, 0.00117834832054, -0.000976251263637, -0.000781975337304], [0.000108949709102, -0.000176921108505, -0.000169090009877, -0.0013985526748, 0.00544429803267, -0.00147189782001, 0.00169586192351, -0.000798138731625, 0.000143380937516, -0.000881124346051, -0.000502173556015, 0.00116433610674, 0.000594823097344], [4.009845361e-05, -0.000118905256386, -0.000476598972455, 0.000455866073025, -0.00147189782001, 0.00717976829037, -0.00278824660927, 9.53983981162e-05, -0.00109833071474, -0.00135850021616, 0.00110196846072, -0.000866853806656, 0.000606701185461], [4.23531628257e-06, 6.97459981893e-05, -0.000524388800841, -0.000874694844242, 0.00169586192351, -0.00278824660927, 0.00826580449939, -0.00264071580023, 0.000324112304952, -0.000813626742456, -0.000153463915922, -0.0012821808923, 0.000946779502556], [-0.000146129110362, -0.000499629939441, -0.000341565872077, 0.000298545113765, -0.000798138731625, 9.53983981162e-05, -0.00264071580023, 0.00861597619951, -0.00155907997396, 7.75705848355e-05, -0.00214825500734, 0.00275716674514, -0.000907998066396], [-2.23061178986e-05, 4.96744141856e-05, 3.21925799653e-05, -0.00172206654679, 0.000143380937516, -0.00109833071474, 0.000324112304952, -0.00155907997396, 0.0103606646881, -0.00290295667946, 0.00172336632386, -0.0016017339658, 0.000466801197035], [-0.00024736757041, 0.000597192673013, 0.000722832046449, 0.00086378416745, -0.000881124346051, -0.00135850021616, -0.000813626742456, 7.75705848355e-05, -0.00290295667946, 0.0109731927514, -0.00244005094282, -0.000122907862533, -0.00084127462469], [-0.000119868454931, 0.000140578136779, -0.000363833212759, 0.00117834832054, -0.000502173556015, 0.00110196846072, -0.000153463915922, -0.00214825500734, 0.00172336632386, -0.00244005094282, 0.00866439659148, -0.00347241479903, 0.000741861877032], [0.000127671053633, -0.00061791355256, 0.000654556031805, -0.000976251263637, 0.00116433610674, -0.000866853806656, -0.0012821808923, 0.00275716674514, -0.0016017339658, -0.000122907862533, -0.00347241479903, 0.0126521540806, -0.00339010497555], [2.92171716865e-05, -0.000362564751413, -0.0005447161966, -0.000781975337304, 0.000594823097344, 0.000606701185461, 0.000946779502556, -0.000907998066396, 0.000466801197035, -0.00084127462469, 0.000741861877032, -0.00339010497555, 0.0117228301242]]}, "silence_rate_20dB": {"dvar2": 0, "var": 0, "min": 1, "dmean": 0, "mean": 1, "max": 1, "dmean2": 0, "median": 1, "dvar": 0}, "melbands_kurtosis": {"dvar2": 95.6711959839, "var": 113.851142883, "min": -1.51615953445, "dmean": 4.38115644455, "mean": 8.43154335022, "max": 118.323440552, "dmean2": 6.60567092896, "median": 5.25288438797, "dvar": 47.4152679443}, "barkbands_spread": {"dvar2": 37.2844047546, "var": 60.6103744507, "min": 1.26099324226, "dmean": 3.37055230141, "mean": 13.8285198212, "max": 80.924156189, "dmean2": 5.1090130806, "median": 12.2175550461, "dvar": 17.7167987823}, "erbbands_skewness": {"dvar2": 0.257786184549, "var": 0.606796443462, "min": -1.99127864838, "dmean": 0.355794489384, "mean": 0.665250599384, "max": 5.02205944061, "dmean2": 0.542206168175, "median": 0.582755208015, "dvar": 0.114772446454}, "average_loudness": 0.907885074615, "spectral_centroid": {"dvar2": 88601.1875, "var": 228786.328125, "min": 236.158813477, "dmean": 159.940994263, "mean": 932.431274414, "max": 11239.6513672, "dmean2": 234.202957153, "median": 831.27355957, "dvar": 45918.2539063}, "dissonance": {"dvar2": 0.00161962618586, "var": 0.00138648308348, "min": 0.206317037344, "dmean": 0.0277876481414, "mean": 0.431786388159, "max": 0.499558061361, "dmean2": 0.0467180609703, "median": 0.437168836594, "dvar": 0.000614061544184}, "erbbands_flatness_db": {"dvar2": 0.000648447952699, "var": 0.00140241615009, "min": 0.0535461753607, "dmean": 0.0183729398996, "mean": 0.19479624927, "max": 0.397941559553, "dmean2": 0.0269800145179, "median": 0.193600982428, "dvar": 0.00029899153742}, "spectral_strongpeak": {"dvar2": 1.64070737362, "var": 1.58365774155, "min": 0, "dmean": 0.521906137466, "mean": 1.08138668537, "max": 23.3329734802, "dmean2": 0.879497289658, "median": 0.61720263958, "dvar": 0.6968075037}, "spectral_rms": {"dvar2": 1.63282743415e-06, "var": 3.95596680391e-06, "min": 3.19145859913e-12, "dmean": 0.000911492621526, "mean": 0.00492604356259, "max": 0.0120795536786, "dmean2": 0.00124256289564, "median": 0.00491265300661, "dvar": 8.67432220275e-07}, "silence_rate_60dB": {"dvar2": 0.0275440700352, "var": 0.0410663112998, "min": 0, "dmean": 0.0109128449112, "mean": 0.0429076962173, "max": 1, "dmean2": 0.0218289084733, "median": 0, "dvar": 0.0107940044254}, "melbands": {"dvar2": [1.43813929299e-06, 6.29577471045e-06, 1.10256132757e-06, 3.48816740825e-07, 4.13042499758e-07, 1.18011769246e-06, 1.4936296111e-06, 2.11397195926e-06, 4.83491248815e-07, 3.49539334366e-07, 1.59499450092e-07, 8.00073252094e-08, 7.66166934341e-08, 2.8343666969e-08, 1.22688881277e-08, 1.2235084057e-08, 1.96312797129e-08, 8.55935944344e-09, 4.63323424071e-09, 2.00529592931e-09, 1.24725985096e-09, 1.39009137534e-09, 5.56902912674e-10, 2.76381362241e-10, 4.20657508826e-10, 3.002308957e-10, 1.51790979785e-09, 4.78490358446e-10, 2.08910128779e-11, 3.17616766221e-11, 1.0582186516e-10, 5.55022911311e-12, 2.10269475442e-12, 2.04837080457e-12, 1.10887828867e-12, 1.77274547038e-12, 7.0537748819e-13, 5.70177477281e-13, 3.3120159176e-13, 1.47708600451e-13], "var": [1.46814011259e-06, 1.35037844302e-05, 8.38436392314e-07, 2.49765633953e-07, 3.80826065793e-07, 9.10466553705e-07, 1.09749032617e-06, 1.21054767988e-06, 1.32815455345e-06, 4.08707336419e-07, 1.77111601829e-07, 8.74528467421e-08, 4.79157691302e-08, 4.21068655498e-08, 1.51984949071e-08, 1.55827333259e-08, 3.11889643001e-08, 1.87245081662e-08, 4.999947123e-09, 2.0665749112e-09, 1.20325238662e-09, 8.40240932387e-10, 7.11304515288e-10, 2.07884015557e-10, 2.86860951659e-10, 2.81016043768e-10, 8.22340195938e-10, 2.17077605891e-10, 1.76144654418e-11, 1.87991774925e-11, 3.09834623236e-11, 7.57770235449e-12, 3.01969321943e-12, 1.05027987175e-12, 6.87833524946e-13, 8.53271500765e-13, 3.89293686263e-13, 2.21338084579e-13, 1.34008066146e-13, 8.07048926386e-14], "min": [9.68560263987e-24, 2.92811264345e-24, 1.01246826197e-24, 3.76321243341e-24, 5.02770676624e-24, 7.71402624528e-24, 6.36815578247e-24, 4.79391837065e-24, 2.45009626426e-24, 2.9010495868e-24, 4.49563546846e-24, 2.76597313122e-24, 2.53260697342e-24, 4.39209274148e-24, 6.76791222949e-24, 4.51842408229e-24, 8.11013460503e-24, 8.06520108787e-24, 6.15754135926e-24, 6.19253838446e-24, 4.07431787519e-24, 5.43686604082e-24, 7.27668333714e-24, 7.68978612738e-24, 6.37144178257e-24, 5.89889595655e-24, 8.40461953639e-24, 7.77667994495e-24, 8.48832951135e-24, 8.5942033223e-24, 7.99730935178e-24, 8.68665939812e-24, 5.04156034703e-24, 5.36170850136e-24, 8.84792781069e-24, 1.05746031261e-23, 6.97317699247e-24, 5.23188487333e-24, 8.99458415272e-24, 8.04855217847e-24], "dmean": [0.000543806294445, 0.00126676086802, 0.000341704813763, 0.000226875883527, 0.000219705398194, 0.000361821352271, 0.000447520258604, 0.000439842842752, 0.00021615420701, 0.000112031011668, 0.000133417284815, 8.40849097585e-05, 6.08797163295e-05, 5.14025887242e-05, 3.14508652082e-05, 2.51523852057e-05, 3.50189693563e-05, 2.12451395782e-05, 1.64867014973e-05, 1.38375335155e-05, 1.00269035102e-05, 8.06559455668e-06, 6.13404836258e-06, 3.80119695365e-06, 4.09049835071e-06, 3.76025536752e-06, 3.73748184757e-06, 1.89299191788e-06, 9.92832610791e-07, 1.03091724668e-06, 8.99619351458e-07, 3.93391559328e-07, 2.93336427148e-07, 2.18054310608e-07, 1.74534633857e-07, 1.6563505767e-07, 1.46233986698e-07, 1.06579911119e-07, 7.75634987349e-08, 6.03775731634e-08], "mean": [0.00106213381514, 0.0027112262