{"tonal": {"thpcp": [1, 0.931284368038, 0.350443065166, 0.122776679695, 0.114351652563, 0.203605860472, 0.351273059845, 0.306747019291, 0.157169610262, 0.115168526769, 0.112659052014, 0.344986796379, 0.872975707054, 0.806865155697, 0.42425519228, 0.494605243206, 0.416682034731, 0.250234603882, 0.275436908007, 0.227910220623, 0.320696681738, 0.708929955959, 0.596827864647, 0.238559290767, 0.208988472819, 0.15653334558, 0.203004792333, 0.464307039976, 0.432552218437, 0.16348336637, 0.0883948579431, 0.1383638978, 0.330465018749, 0.523074746132, 0.4962053895, 0.554942011833], "hpcp": {"dmean2": [0.0682339146733, 0.0761884152889, 0.0716180726886, 0.0673275217414, 0.0695342943072, 0.0940704569221, 0.107350252569, 0.115186460316, 0.0781544744968, 0.0523917116225, 0.0509433597326, 0.0664129927754, 0.0821987763047, 0.0805667564273, 0.0560827590525, 0.0483116284013, 0.0801133215427, 0.107680492103, 0.118109121919, 0.133971914649, 0.156131580472, 0.143340364099, 0.125453859568, 0.10985263437, 0.0611565113068, 0.0566008351743, 0.0746042430401, 0.0835611149669, 0.0764607042074, 0.0687288269401, 0.065631069243, 0.0692133232951, 0.102639466524, 0.128473684192, 0.133127167821, 0.106613598764], "median": [0.00137415761128, 0.00138570426498, 0.0029394775629, 0.00215209182352, 0.00242489064112, 0.0092778801918, 0.0110461898148, 0.00928531214595, 0.0044557955116, 0.00100519089028, 0.00113290804438, 0.00190957565792, 0.001870484557, 0.00191529851872, 0.00111863622442, 0.000637422897853, 0.000731142936274, 0.00144881638698, 0.00313650770113, 0.0045082163997, 0.0109321642667, 0.0107435863465, 0.00522552616894, 0.00326084066182, 0.000661811500322, 0.000341169943567, 0.000372667738702, 0.000425782141974, 0.000548572628759, 0.000606790534221, 0.000387011968996, 0.000548377400264, 0.0052633266896, 0.0150190126151, 0.0167255420238, 0.00824334099889], "min": [0, 0, 0, 0, 0, 0, 0, 0, 0, 0, 0, 0, 0, 0, 0, 0, 0, 0, 0, 0, 0, 0, 0, 0, 0, 0, 0, 0, 0, 0, 0, 0, 0, 0, 0, 0], "dvar2": [0.0319030210376, 0.0397473089397, 0.0334456786513, 0.0389620177448, 0.0399293415248, 0.0487012937665, 0.0527024827898, 0.057607755065, 0.0363150276244, 0.0351731665432, 0.0274764224887, 0.0366475656629, 0.0495251566172, 0.0403876192868, 0.0322583727539, 0.0299079548568, 0.0610052533448, 0.0726357847452, 0.0776176154613, 0.074157781899, 0.0886773914099, 0.0812801793218, 0.0644971802831, 0.0622143484652, 0.0366167910397, 0.0399742908776, 0.0506697073579, 0.0493428483605, 0.0413399934769, 0.0446005277336, 0.0510974600911, 0.0461220853031, 0.0561551451683, 0.0626528039575, 0.0632302239537, 0.0542893186212], "dvar": [0.0154862329364, 0.0174004156142, 0.013150353916, 0.0144426673651, 0.0155103821307, 0.0178534667939, 0.0248608589172, 0.026055501774, 0.0143381981179, 0.0138217117637, 0.0110789295286, 0.013409092091, 0.0207855571061, 0.0186055712402, 0.0124904029071, 0.0112600531429, 0.0223669707775, 0.0299353059381, 0.0319212414324, 0.0304994918406, 0.0345278196037, 0.0317473299801, 0.0267801117152, 0.0223307330161, 0.0132690975443, 0.0151960300282, 0.0199837926775, 0.0214265733957, 0.0175995081663, 0.0164008438587, 0.0186359137297, 0.0165946483612, 0.0218109879643, 0.0297732055187, 0.0289290808141, 0.0205875840038], "dmean": [0.0428318940103, 0.0469755195081, 0.0425725728273, 0.0393165685236, 0.0408998988569, 0.0558833666146, 0.0693675726652, 0.0736832097173, 0.0460395365953, 0.0302096344531, 0.0296241082251, 0.0387551225722, 0.0509415753186, 0.0513430461287, 0.0331174619496, 0.0270581394434, 0.0438771545887, 0.0630558803678, 0.0727552175522, 0.0805296450853, 0.0931904539466, 0.0856916382909, 0.0771828517318, 0.0640032738447, 0.0339154824615, 0.0312721058726, 0.0436028130352, 0.0505769960582, 0.045828346163, 0.0397485308349, 0.0359502844512, 0.0374875068665, 0.0605935566127, 0.0828121304512, 0.086372718215, 0.0641360133886], "max": [1, 1, 1, 1, 1, 1, 1, 1, 1, 1, 1, 1, 1, 1, 1, 1, 1, 1, 1, 1, 1, 1, 1, 1, 1, 1, 1, 1, 1, 1, 1, 1, 1, 1, 1, 1], "var": [0.0842494592071, 0.056255120784, 0.0195035599172, 0.0361604057252, 0.0256445221603, 0.0251036882401, 0.0995415225625, 0.0759624093771, 0.0205012410879, 0.0356260985136, 0.0176282804459, 0.0171946864575, 0.0685961768031, 0.0613459683955, 0.0145766930655, 0.00926039367914, 0.0179864503443, 0.0442597419024, 0.0800776332617, 0.0664472207427, 0.0567607358098, 0.134229674935, 0.124914340675, 0.0308101810515, 0.01341148559, 0.0145381782204, 0.0270048696548, 0.0536163188517, 0.0438164547086, 0.0168794784695, 0.0152211822569, 0.0123027293012, 0.0321527905762, 0.118253871799, 0.103042088449, 0.0353885665536], "mean": [0.122605487704, 0.103289447725, 0.0620295368135, 0.0682768300176, 0.0564956478775, 0.0794960707426, 0.175733491778, 0.147945001721, 0.0591353997588, 0.0518052205443, 0.0388023518026, 0.0503219515085, 0.115095004439, 0.107223443687, 0.0405251607299, 0.0219118073583, 0.0342984087765, 0.081917501986, 0.129662662745, 0.123002141714, 0.137562096119, 0.247885540128, 0.23085193336, 0.0868697687984, 0.030434563756, 0.0283461213112, 0.0504709482193, 0.087075509131, 0.0760381519794, 0.0389600731432, 0.0285486131907, 0.0279265493155, 0.0855172351003, 0.216398060322, 0.200010210276, 0.105166725814]}, "tuning_equal_tempered_deviation": 0.124176368117, "chords_changes_rate": 0.0572320483625, "key_key": "E", "tuning_diatonic_strength": 0.660844147205, "key_scale": "major", "chords_number_rate": 0.00572320492938, "tuning_frequency": 440.508575439, "tuning_nontempered_energy_ratio": 0.833327114582, "chords_histogram": [18.1581687927, 18.8865756989, 7.44016647339, 0.676378786564, 4.57856416702, 0, 3.06971907616, 0.31217482686, 14.0478668213, 0, 0, 0, 0, 0, 0, 1.97710716724, 0.208116546273, 2.70551514626, 0, 0.520291388035, 0.884495317936, 3.69406867027, 11.0822057724, 11.7585849762], "key_strength": 0.766386210918, "chords_key": "G#", "chords_strength": {"dmean2": 0.00819710176438, "median": 0.531527757645, "min": 0.256175965071, "dvar2": 6.40431244392e-05, "dvar": 7.39363822504e-05, "dmean": 0.00952939037234, "max": 0.792694926262, "var": 0.012596745044, "mean": 0.535344719887}, "chords_scale": "minor", "hpcp_entropy": {"dmean2": 0.865641057491, "median": 1.74739050865, "min": 0, "dvar2": 0.598748981953, "dvar": 0.243953019381, "dmean": 0.522390604019, "max": 4.16208839417, "var": 0.547180056572, "mean": 1.77853369713}}, "metadata": {"audio_properties": {"equal_loudness": 0, "codec": "flac", "downmix": "mix", "sample_rate": 44100, "analysis_sample_rate": 44100, "bit_rate": 0, "md5_encoded": "cd94611875a28296523205b5426e8482", "length": 89.1733322144, "replay_gain": -10.4413967133, "lossless": true}, "version": {"essentia_build_sha": "70f2e5ece6736b2c40cc944ad0e695b16b925413", "essentia": "2.1-beta2", "extractor": "music 1.0", "essentia_git_sha": "v2.1_beta2"}, "tags": {"title": ["My Funny Valentine"], "barcode": ["014431027321"], "media": ["CD"], "albumartist": ["Elvis Costello & The Attractions"], "tracktotal": ["21"], "language": ["English"], "musicbrainz_recordingid": ["04b58f56-1792-45b1-aeef-4fce71c8b03c"], "artistsort": ["Costello, Elvis & The Attractions"], "musicbrainz_discid": ["PkUi3t4Q3LCR9kCX7.vzajQ1pUM-", "kb8HfUc6ySjZTNkJR9e6fHONWwM-", "wTuiF4FPBvi8jUC15s6zAefoY3o-"], "musicbrainz_albumartistid": ["0ffb6573-a98e-412e-aa01-0a580e9d8b06"], "discnumber": ["01"], "album": ["Armed Forces"], "catalognumber": ["RCD 20273"], "releasecountry": ["United States"], "file_name": "14_my_funny_valentine_extended_play.flac", "date": ["1993-10-19"], "genre": ["Rock"], "musicip_puid": ["93b5bbf8-6412-3f66-863e-736421d5620f"], "musicbrainz_artistid": ["0ffb6573-a98e-412e-aa01-0a580e9d8b06"], "asin": ["B0000009UT"], "musicbrainz_albumid": ["fea946a8-c05d-3a9b-a6fb-df5e592342a5"], "artist": ["Elvis Costello & The Attractions"], "disctotal": ["01"], "tracknumber": ["14"], "label": ["Rykodisc"], "albumartistsort": ["Costello, Elvis & The Attractions"], "script": ["Latin"], "musicbrainz_releasegroupid": ["8172d1b5-ffb8-3da7-a74a-a27eb4a0d3ff"]}}, "rhythm": {"bpm_histogram_first_peak_bpm": {"dmean2": 0, "median": 140, "min": 140, "dvar2": 0, "dvar": 0, "dmean": 0, "max": 140, "var": 0, "mean": 140}, "bpm": 140.360321045, "bpm_histogram_second_peak_spread": {"dmean2": 0, "median": 0.190476238728, "min": 0.190476238728, "dvar2": 0, "dvar": 0, "dmean": 0, "max": 0.190476238728, "var": 0, "mean": 0.190476238728}, "bpm_histogram_first_peak_weight": {"dmean2": 0, "median": 0.101604275405, "min": 0.101604275405, "dvar2": 0, "dvar": 0, "dmean": 0, "max": 0.101604275405, "var": 0, "mean": 0.101604275405}, "onset_rate": 2.43306708336, "beats_position": [0.417959183455, 0.847528338432, 1.27709746361, 1.69505667686, 2.12462592125, 2.55419492722, 3.04181408882, 3.52943301201, 4.02866220474, 4.52789115906, 5.02712011337, 5.53795909882, 6.03718805313, 6.53641700745, 7.03564596176, 7.50004529953, 7.96444416046, 8.42884349823, 8.88163280487, 9.34603118896, 9.81043052673, 10.2632198334, 10.6811790466, 11.0875282288, 11.4938774109, 11.900226593, 12.3065757751, 12.7129249573, 13.1308841705, 13.5604534149, 13.9784126282, 14.4079818726, 14.8375511169, 15.2206802368, 15.6038093567, 15.9869384766, 16.3700675964, 16.7531967163, 17.1363258362, 17.5194549561, 17.9025840759, 18.2857131958, 18.6688423157, 19.0635814667, 19.4699325562, 19.8762817383, 20.2710208893, 20.6657600403, 21.0604991913, 21.4552383423, 21.8499774933, 22.2447166443, 22.6278457642, 23.010974884, 23.3941040039, 23.8236732483, 24.2764625549, 24.7292518616, 25.2749195099, 25.8205890656, 26.3546485901, 26.8887062073, 27.4227657318, 27.9568252563, 28.4908847809, 29.0481624603, 29.5822219849, 30.0930614471, 30.6038990021, 31.1147384644, 31.6023578644, 32.0899772644, 32.5775947571, 32.9491157532, 33.3206329346, 33.7037620544, 34.0868911743, 34.4584121704, 34.8415412903, 35.2246704102, 35.5961914062, 35.9909286499, 36.3856697083, 36.7804069519, 37.1983680725, 37.6163253784, 38.034286499, 38.4406356812, 38.8585929871, 39.2649421692, 39.6712913513, 40.0776405334, 40.4956016541, 40.9019508362, 41.2966880798, 41.7378692627, 42.1790466309, 42.6202278137, 43.0730133057, 43.5838546753, 44.1063041687, 44.6287536621, 45.1511993408, 45.6620407104, 46.1612701416, 46.6721076965, 47.1829452515, 47.6473464966, 48.1233558655, 48.5993652344, 49.0405426025, 49.4585037231, 49.8880729675, 50.3292503357, 50.7704315186, 51.2232208252, 51.6760063171, 52.1868476868, 52.6976852417, 53.2085266113, 53.7658042908, 54.3346939087, 54.9035835266, 55.4608612061, 56.0181388855, 56.5754165649, 57.1443061829, 57.7131958008, 58.2820854187, 58.8393630981, 59.4082527161, 59.9655303955, 60.5228118896, 61.0800895691, 61.6257591248, 62.1714286804, 62.7635345459, 63.3440361023, 63.9013137817, 64.470199585, 65.0390930176, 65.6079788208, 66.1652603149, 66.7341461182, 67.3146438599, 67.895149231, 68.5220870972, 69.1490249634, 69.7759628296, 70.3912887573, 71.0066223145, 71.6335601807, 72.2372741699, 72.817779541, 73.3866653442, 73.9555511475, 74.5244445801, 75.0817184448, 75.638999939, 76.0569610596, 76.4749221802, 76.8928756714, 77.3224487305, 77.7520141602, 78.1815872192, 78.6111526489, 79.040725708, 79.4702911377, 79.8998641968, 80.3178253174, 80.7357788086, 81.1653518677, 81.6065292358, 82.08253479, 82.5469360352, 83.0113372803, 83.4525146484, 83.8820877075, 84.3116531372, 84.7760543823, 85.2404556274, 85.7048492432, 86.1692504883, 86.6220397949, 87.0748291016, 87.5392303467, 88.0036239624, 88.456413269], "beats_loudness": {"dmean2": 0.0317327566445, "median": 0.0271408483386, "min": 9.66088151699e-08, "dvar2": 0.00105113268364, "dvar": 0.000361192272976, "dmean": 0.0184855945408, "max": 0.115442208946, "var": 0.000534442253411, "mean": 0.031012268737}, "danceability": 1.01780116558, "bpm_histogram_second_peak_weight": {"dmean2": 0, "median": 0.0909090936184, "min": 0.0909090936184, "dvar2": 0, "dvar": 0, "dmean": 0, "max": 0.0909090936184, "var": 0, "mean": 0.0909090936184}, "beats_count": 188, "bpm_histogram_second_peak_bpm": {"dmean2": 0, "median": 157, "min": 157, "dvar2": 0, "dvar": 0, "dmean": 0, "max": 157, "var": 0, "mean": 157}, "bpm_histogram_first_peak_spread": {"dmean2": 0, "median": 0.547619044781, "min": 0.547619044781, "dvar2": 0, "dvar": 0, "dmean": 0, "max": 0.547619044781, "var": 0, "mean": 0.547619044781}, "beats_loudness_band_ratio": {"dmean2": [0.383379131556, 0.326251089573, 0.182946488261, 0.0704061761498, 0.0408515892923, 0.134346917272], "median": [0.585211396217, 0.173828750849, 0.0216908715665, 0.00326703302562, 0.00271992292255, 0.00491473451257], "min": [0.00254545733333, 0.000683236925397, 6.86406565364e-05, 9.50905632635e-06, 3.15298416353e-06, 1.38565928864e-06], "dvar2": [0.102738574147, 0.0982396602631, 0.0561637356877, 0.0133361406624, 0.00989484414458, 0.108867645264], "dvar": [0.0383985638618, 0.0354969836771, 0.020620746538, 0.00527488999069, 0.00365565624088, 0.0372797846794], "dmean": [0.220252707601, 0.195142120123, 0.106188833714, 0.0400720797479, 0.02453946881, 0.0699166208506], "max": [0.999232292175, 0.957030892372, 0.819567143917, 0.610329508781, 0.443542391062, 0.978958904743], "var": [0.0925508290529, 0.0705112740397, 0.0270577091724, 0.00975835416466, 0.00465989718214, 0.02076398395], "mean": [0.573404729366, 0.282286047935, 0.113929308951, 0.0457801967859, 0.0242191608995, 0.0471695028245]}}, "lowlevel": {"barkbands_spread": {"dmean2": 4.10932922363, "median": 5.2987947464, "min": 0.0280228573829, "dvar2": 116.750854492, "dvar": 58.2679748535, "dmean": 2.83611416817, "max": 136.921188354, "var": 245.145690918, "mean": 11.0714044571}, "melbands_spread": {"dmean2": 4.73668909073, "median": 3.8354101181, "min": 0.237244129181, "dvar2": 281.748901367, "dvar": 139.884902954, "dmean": 3.24899291992, "max": 301.114044189, "var": 740.053710938, "mean": 13.4618330002}, "hfc": {"dmean2": 4.16429758072, "median": 6.5654964447, "min": 1.1721799113e-16, "dvar2": 139.586425781, "dvar": 78.1184768677, "dmean": 3.01466679573, "max": 262.97088623, "var": 434.930938721, "mean": 14.6518239975}, "barkbands_kurtosis": {"dmean2": 22.3087692261, "median": 18.0731277466, "min": -1.92621350288, "dvar2": 4039.71606445, "dvar": 2895.26367188, "dmean": 16.8765277863, "max": 3260.14013672, "var": 18010.8964844, "mean": 50.4590988159}, "gfcc": {"mean": [-126.240234375, 98.2663879395, -61.1526870728, 37.9912261963, -53.3930969238, 3.89569687843, -42.8063468933, -13.6565942764, -31.1513385773, -5.42937421799, -25.6265163422, -14.5724124908, -13.7817735672], "icov": [[0.000129111227579, -0.000239329936448, 0.000280839274637, -0.000297687452985, 0.000344731088262, -0.000234540595557, 0.000356745324098, -0.000350080197677, 0.000368894863641, -0.000237770451349, 0.000206241616979, 0.000134053232614, 0.000104883183667], [-0.000239329936448, 0.0013544105459, -0.000714376161341, 0.00111785344779, -0.000866937858518, 0.00103468284942, -0.00122840516269, 0.00144573103171, -0.00133390584961, 0.0013546400005, -0.00097290071426, 0.000521430687513, -0.000263985479251], [0.000280839274637, -0.000714376161341, 0.00129764538724, -0.000959897821303, 0.000163296615938, -0.00100951094646, 0.00129551824648, -0.000520345813129, 0.0010203277925, -0.00055563589558, 0.000405518803746, -0.000553234072868, 0.00118741695769], [-0.000297687452985, 0.00111785344779, -0.000959897821303, 0.00293143978342, -0.00159833568614, 0.000841736153234, -0.0010202662088, 0.00113875116222, -0.000956267584115, 0.000521876092535, -0.000805600953754, 0.000576962600462, -0.00179293192923], [0.000344731088262, -0.000866937858518, 0.000163296615938, -0.00159833568614, 0.00411842903122, -0.000869371928275, 0.000453687738627, -0.00124922429677, -0.000966522027738, 0.00123962189537, 1.64276734722e-05, 0.00121702498291, -0.00108930119313], [-0.000234540595557, 0.00103468284942, -0.00100951094646, 0.000841736153234, -0.000869371928275, 0.00614136923105, -0.00293736928143, 9.96518137981e-05, -0.000331482791808, -0.00090695155086, -0.000422049633926, 0.000802918046247, 0.00114967767149], [0.000356745324098, -0.00122840516269, 0.00129551824648, -0.0010202662088, 0.000453687738627, -0.00293736928143, 0.00509413285181, -0.00214162212797, 0.001622982556, -0.000120034521387, -0.000101193560113, -0.000553701655008, 0.00238954462111], [-0.000350080197677, 0.00144573103171, -0.000520345813129, 0.00113875116222, -0.00124922429677, 9.96518137981e-05, -0.00214162212797, 0.00794126559049, -0.00403194595128, 0.000898606143892, -0.000633065239526, -0.00208526710048, 1.60592244356e-05], [0.000368894863641, -0.00133390584961, 0.0010203277925, -0.000956267584115, -0.000966522027738, -0.000331482791808, 0.001622982556, -0.00403194595128, 0.0104402070865, -0.00486344378442, 0.00211039488204, 0.000202975206776, -0.00109345710371], [-0.000237770451349, 0.0013546400005, -0.00055563589558, 0.000521876092535, 0.00123962189537, -0.00090695155086, -0.000120034521387, 0.000898606143892, -0.00486344378442, 0.00988254323602, -0.00213793991134, 0.00042382668471, 0.00146806018893], [0.000206241616979, -0.00097290071426, 0.000405518803746, -0.000805600953754, 1.64276734722e-05, -0.000422049633926, -0.000101193560113, -0.000633065239526, 0.00211039488204, -0.00213793991134, 0.00964070949703, -0.00355645199306, 0.000486104545416], [0.000134053232614, 0.000521430687513, -0.000553234072868, 0.000576962600462, 0.00121702498291, 0.000802918046247, -0.000553701655008, -0.00208526710048, 0.000202975206776, 0.00042382668471, -0.00355645199306, 0.0112902401015, -0.00422387942672], [0.000104883183667, -0.000263985479251, 0.00118741695769, -0.00179293192923, -0.00108930119313, 0.00114967767149, 0.00238954462111, 1.60592244356e-05, -0.00109345710371, 0.00146806018893, 0.000486104545416, -0.00422387942672, 0.0140365511179]], "cov": [[31528.3359375, -785.991699219, -6244.27636719, -766.563659668, -2952.77905273, -120.450019836, -528.594421387, 169.094940186, -419.927856445, 628.239135742, -499.464813232, -515.563476562, -185.805908203], [-785.991699219, 2404.5534668, 677.292724609, -242.081573486, 433.675384521, -179.578445435, 152.027282715, -272.798706055, -15.4344053268, -325.550384521, 80.6385040283, -100.609954834, -14.5482339859], [-6244.27636719, 677.292724609, 2762.73022461, 451.95022583, 739.684875488, 93.0185470581, -68.1200332642, -134.783096313, 10.5610208511, -156.133621216, 107.631004333, 72.7494659424, -19.7353591919], [-766.563659668, -242.081573486, 451.95022583, 775.380371094, 350.788299561, -42.2960014343, -96.800239563, -2.52861046791, 62.0422363281, -35.1669235229, 10.9367809296, 11.6213855743, 120.782737732], [-2952.77905273, 433.675384521, 739.684875488, 350.788299561, 778.122619629, -20.8160133362, 28.3066921234, -0.0909805372357, 116.01750946, -155.073730469, 40.1661682129, 4.1991109848, 94.8550949097], [-120.450019836, -179.578445435, 93.0185470581, -42.2960014343, -20.8160133362, 333.476104736, 203.478881836, 74.4284210205, -4.05859708786, 73.7197036743, 15.550406456, -13.5323400497, -92.0398178101], [-528.594421387, 152.027282715, -68.1200332642, -96.800239563, 28.3066921234, 203.478881836, 469.526947021, 83.0003356934, -17.2572231293, -2.53252243996, 49.3001670837, 1.48279333115, -96.6290664673], [169.094940186, -272.798706055, -134.783096313, -2.52861046791, -0.0909805372357, 74.4284210205, 83.0003356934, 242.511230469, 80.3118057251, 59.2076568604, 6.73062896729, 45.259311676, -2.37523818016], [-419.927856445, -15.4344053268, 10.5610208511, 62.0422363281, 116.01750946, -4.05859708786, -17.2572231293, 80.3118057251, 187.085144043, 51.0533790588, -11.2149677277, 8.85271549225, 34.3476066589], [628.239135742, -325.550384521, -156.133621216, -35.1669235229, -155.073730469, 73.7197036743, -2.53252243996, 59.2076568604, 51.0533790588, 205.686035156, 1.78368151188, 2.18064761162, -36.7508163452], [-499.464813232, 80.6385040283, 107.631004333, 10.9367809296, 40.1661682129, 15.550406456, 49.3001670837, 6.73062896729, -11.2149677277, 1.78368151188, 141.787078857, 49.9624137878, 0.0478166677058], [-515.563476562, -100.609954834, 72.7494659424, 11.6213855743, 4.1991109848, -13.5323400497, 1.48279333115, 45.259311676, 8.85271549225, 2.18064761162, 49.9624137878, 141.628952026, 39.7707443237], [-185.805908203, -14.5482339859, -19.7353591919, 120.782737732, 94.8550949097, -92.0398178101, -96.6290664673, -2.37523818016, 34.3476066589, -36.7508163452, 0.0478166677058, 39.7707443237, 139.292755127]]}, "spectral_energyband_middle_low": {"dmean2": 0.00488723674789, "median": 0.011384351179, "min": 3.25280496002e-22, "dvar2": 5.49139367649e-05, "dvar": 2.43086597038e-05, "dmean": 0.00342007027939, "max": 0.0912481918931, "var": 0.000174357977812, "mean": 0.0145893106237}, "melbands_crest": {"dmean2": 3.19589686394, "median": 18.5757751465, "min": 1.87248718739, "dvar2": 14.8918581009, "dvar": 6.0439863205, "dmean": 2.13617157936, "max": 34.3597488403, "var": 40.3216705322, "mean": 18.7951221466}, "spectral_kurtosis": {"dmean2": 5.63832569122, "median": 4.49577283859, "min": -1.30817818642, "dvar2": 135.84274292, "dvar": 67.2618942261, "dmean": 3.72650766373, "max": 225.316192627, "var": 707.174621582, "mean": 14.7195520401}, "spectral_rms": {"dmean2": 0.000634702737443, "median": 0.00467765238136, "min": 3.25818105135e-12, "dvar2": 7.41177984764e-07, "dvar": 4.07740429864e-07, "dmean": 0.000468123034807, "max": 0.0115026310086, "var": 5.47494619241e-06, "mean": 0.0044763898477}, "zerocrossingrate": {"dmean2": 0.00773824052885, "median": 0.02490234375, "min": 0.00341796875, "dvar2": 0.000213543811697, "dvar": 0.000270530348644, "dmean": 0.00710810907185, "max": 0.6220703125, "var": 0.00468770461157, "mean": 0.0418381541967}, "silence_rate_60dB": {"dmean2": 0.0500000007451, "median": 0, "min": 0, "dvar2": 0.0527098104358, "dvar": 0.0243696253747, "dmean": 0.0249934904277, "max": 1, "var": 0.128175333142, "mean": 0.150963038206}, "erbbands_kurtosis": {"dmean2": 6.28510475159, "median": 3.21841931343, "min": -1.91273069382, "dvar2": 186.284484863, "dvar": 97.779876709, "dmean": 4.48964643478, "max": 229.286804199, "var": 848.477416992, "mean": 14.7467460632}, "erbbands": {"dmean2": [0.00301216286607, 0.121151156723, 1.60601854324, 5.09922981262, 8.83215713501, 8.11617851257, 5.31011152267, 5.03722572327, 5.66436195374, 7.85262918472, 12.6862821579, 11.1801271439, 4.93554735184, 4.50090360641, 3.63776516914, 6.36771154404, 10.9757509232, 8.28057670593, 7.06204175949, 16.6516094208, 3.26471424103, 3.04099416733, 1.61152458191, 1.49233698845, 9.13741397858, 2.85141921043, 1.69506824017, 3.05532407761, 2.00785160065, 1.13487493992, 1.33590304852, 1.58319783211, 1.37711644173, 0.808946669102, 0.39078733325, 0.108805917203, 0.0348297394812, 0.00601585907862, 0.000453153712442, 2.57942792814e-05], "median": [0.00192611606326, 0.078067496419, 1.24756383896, 6.50949907303, 10.3316335678, 6.69350481033, 4.14314699173, 2.90234804153, 1.11692917347, 1.12346100807, 0.749370515347, 0.665583491325, 0.332191228867, 0.401012629271, 0.528391003609, 0.376052230597, 0.386456310749, 0.528679728508, 0.614770650864, 0.485810220242, 0.375735729933, 0.402513802052, 0.306504964828, 0.129458338022, 0.412656128407, 0.672758579254, 0.393004566431, 0.524533629417, 0.491699844599, 0.250764131546, 0.222539305687, 0.15798394382, 0.145411685109, 0.0834951400757, 0.0394796803594, 0.01275960356, 0.00407343171537, 0.000752911088057, 7.53516505938e-05, 3.19131140714e-05], "min": [9.29555421492e-22, 4.19405975672e-21, 2.11449013436e-20, 5.76238183888e-20, 1.60084302721e-19, 6.97375359552e-20, 6.64902252031e-20, 2.05364518419e-19, 1.0127618917e-18, 1.74989541598e-18, 1.91656651914e-18, 1.19329716232e-18, 9.08518936547e-19, 2.70549747299e-18, 2.41803111702e-18, 4.75306003625e-18, 1.07671147301e-17, 1.20609724463e-17, 1.35189237709e-17, 1.19447858303e-17, 1.02622591053e-17, 7.24137069286e-18, 9.7487304918e-18, 9.16889590755e-18, 1.02659938258e-17, 1.55763883064e-17, 2.23973957382e-17, 1.30679267029e-17, 1.75096682167e-17, 2.09214739148e-17, 2.03435641798e-17, 2.00614492688e-17, 1.53564327098e-17, 1.20171194661e-17, 8.94478951856e-18, 6.58536270037e-18, 3.51528185688e-18, 1.0799436399e-18, 3.19853966617e-19, 3.13788832797e-20], "dvar2": [7.29009261704e-05, 0.13557215035, 26.4791870117, 130.594589233, 332.413421631, 365.696777344, 157.084518433, 204.540115356, 786.695861816, 1287.21447754, 1639.24475098, 2039.6282959, 673.356384277, 292.399688721, 469.456604004, 894.914794922, 3018.8203125, 1124.99572754, 1024.20153809, 5785.16748047, 229.762130737, 175.98475647, 36.0580444336, 34.4034690857, 1033.72021484, 75.6428604126, 51.7050628662, 77.6027069092, 33.7299385071, 31.2069091797, 46.2259178162, 110.832679749, 90.444694519, 33.1765480042, 8.46476650238, 0.529132604599, 0.0446284860373, 0.00143458333332, 1.09889388114e-05, 2.44553994833e-08], "dvar": [3.46785163856e-05, 0.0794361010194, 14.6176099777, 57.3746070862, 120.782371521, 147.688873291, 77.5527801514, 111.933876038, 416.008483887, 712.045532227, 1127.84851074, 1152.76635742, 385.694152832, 178.107910156, 186.295166016, 447.186279297, 1429.34106445, 595.081481934, 504.668151855, 2733.21826172, 99.7531509399, 89.9666213989, 17.1408805847, 16.2510166168, 399.006500244, 40.2514305115, 25.9603652954, 35.9544448853, 20.3778476715, 17.6262073517, 23.3493919373, 61.1755599976, 46.8962020874, 15.2637424469, 3.95751690865, 0.271615684032, 0.0249879658222, 0.000891518371645, 7.06783475835e-06, 1.41256615294e-08], "dmean": [0.00226892344654, 0.102714948356, 1.35478448868, 3.55881714821, 6.0519785881, 5.83494329453, 3.85262560844, 3.75407361984, 4.21663141251, 5.74951505661, 9.88733386993, 8.17419528961, 3.82631731033, 3.35103797913, 2.54633522034, 4.52472305298, 7.69364786148, 5.97525691986, 5.06445455551, 10.8747529984, 2.20482969284, 2.10485935211, 1.0617852211, 0.993480741978, 5.86644983292, 1.97963368893, 1.19507062435, 2.06781101227, 1.45296549797, 0.839693844318, 0.95030272007, 1.14256024361, 1.00407159328, 0.571657955647, 0.266526520252, 0.0760965570807, 0.0248339194804, 0.00451087299734, 0.0003592511639, 1.91650196939e-05], "max": [0.129890859127, 7.95351982117, 106.76877594, 193.05116272, 254.957809448, 233.464279175, 193.581558228, 255.329467773, 672.005004883, 1014.17010498, 1353.59729004, 1094.23815918, 840.628662109, 571.121337891, 650.734191895, 664.138305664, 1086.49914551, 637.296936035, 847.745178223, 1404.77038574, 433.81350708, 295.343139648, 137.613372803, 121.366462708, 507.719512939, 312.542633057, 188.140777588, 147.301986694, 139.06451416, 178.954681396, 192.885070801, 261.796417236, 253.453369141, 115.104797363, 80.9828186035, 18.658416748, 6.56039714813, 1.1025043726, 0.107466645539, 0.0044638318941], "var": [0.000239850545768, 0.647175252438, 133.832839966, 406.762176514, 667.188598633, 772.478759766, 434.897857666, 389.332275391, 1570.93640137, 3322.84741211, 8836.74316406, 6024.18408203, 2737.19384766, 1370.72644043, 399.742889404, 1519.20397949, 4509.93212891, 2723.04882812, 1556.85986328, 29054.9179688, 898.693725586, 439.940032959, 76.8777084351, 55.6320075989, 3339.76513672, 234.843978882, 69.0208206177, 194.861053467, 94.080657959, 57.8684272766, 79.5597686768, 193.305358887, 111.635429382, 33.0565490723, 9.08091163635, 0.704840481281, 0.0780344158411, 0.00336470804177, 2.705690531e-05, 5.21346237292e-08], "mean": [0.00881000515074, 0.45599463582, 6.0671415329, 12.2059717178, 18.5140285492, 17.3168735504, 11.991150856, 10.6784133911, 11.1404094696, 17.0359916687, 35.9720115662, 27.3169212341, 14.1908550262, 13.1842155457, 7.61315774918, 12.0634078979, 18.2525272369, 17.148809433, 13.4251623154, 42.7373847961, 9.20309448242, 6.48339366913, 2.85631251335, 2.66291856766, 20.4336204529, 6.94814062119, 3.34906291962, 6.71625423431, 4.11946868896, 1.99245107174, 1.88927423954, 2.10489320755, 1.77466082573, 0.992448568344, 0.477825045586, 0.136713281274, 0.0441728718579, 0.0088023385033, 0.000769973674323, 6.2509883719e-05]}, "spectral_strongpeak": {"dmean2": 0.586456477642, "median": 0.675352752209, "min": 0, "dvar2": 2.0776386261, "dvar": 0.868031144142, "dmean": 0.359152257442, "max": 12.0300035477, "var": 2.50845074654, "mean": 1.15953338146}, "spectral_energy": {"dmean2": 0.00671501550823, "median": 0.0224274471402, "min": 1.08811376743e-20, "dvar2": 0.000107177962491, "dvar": 5.34441605851e-05, "dmean": 0.00482612941414, "max": 0.135618284345, "var": 0.00049700611271, "mean": 0.0261507369578}, "average_loudness": 0.741578280926, "spectral_rolloff": {"dmean2": 362.168365479, "median": 301.46484375, "min": 86.1328125, "dvar2": 1813545.375, "dvar": 942384.25, "dmean": 216.190887451, "max": 20736.4746094, "var": 6127566.5, "mean": 1049.42565918}, "spectral_centroid": {"dmean2": 155.918258667, "median": 390.809967041, "min": 91.0610351562, "dvar2": 113102.921875, "dvar": 77374.4921875, "dmean": 112.816574097, "max": 10547.8789062, "var": 685878.375, "mean": 733.441101074}, "pitch_salience": {"dmean2": 0.0746203809977, "median": 0.444621264935, "min": 0.0294648036361, "dvar2": 0.00741377007216, "dvar": 0.00310099427588, "dmean": 0.0510844141245, "max": 0.846825540066, "var": 0.0216349828988, "mean": 0.439049422741}, "spectral_energyband_middle_high": {"dmean2": 0.000878870778251, "median": 0.000219315363211, "min": 1.7413937118e-21, "dvar2": 5.20636831425e-06, "dvar": 2.54033830061e-06, "dmean": 0.000600977451541, "max": 0.0315674841404, "var": 3.28613932652e-05, "mean": 0.00300513673574}, "spectral_contrast_coeffs": {"dmean2": [0.0575936958194, 0.0614050477743, 0.0506838671863, 0.0422694757581, 0.0305138509721, 0.0219251811504], "median": [-0.472655892372, -0.621128797531, -0.778083920479, -0.763143897057, -0.795230388641, -0.791605234146], "min": [-0.971234977245, -0.963067293167, -0.963111698627, -0.954916238785, -0.958022117615, -0.958801388741], "dvar2": [0.00292178359814, 0.00320964423008, 0.00193466630299, 0.00123385968618, 0.000723529490642, 0.000437989830971], "dvar": [0.00126407085918, 0.00159576965962, 0.000928298919462, 0.000587118323892, 0.000353575567715, 0.000233359300182], "dmean": [0.0372905209661, 0.039864897728, 0.0321870781481, 0.0267903506756, 0.0192610006779, 0.0142018403858], "max": [-0.217952728271, -0.310406029224, -0.42500191927, -0.456900238991, -0.532971024513, -0.573003172874], "var": [0.0154851991683, 0.0173757914454, 0.0147415734828, 0.0123564815149, 0.00855769962072, 0.00555406464264], "mean": [-0.490434795618, -0.636725842953, -0.75544667244, -0.749831080437, -0.781123220921, -0.784536361694]}, "melbands_skewness": {"dmean2": 1.28709685802, "median": 3.32415127754, "min": -2.28451395035, "dvar2": 3.40673947334, "dvar": 1.65765249729, "dmean": 0.89319896698, "max": 22.6269798279, "var": 12.0839385986, "mean": 4.27472257614}, "spectral_spread": {"dmean2": 777109.4375, "median": 4902075, "min": 555947.9375, "dvar2": 1244472279040.0, "dvar": 864077283328, "dmean": 525761.875, "max": 40742684, "var": 6434574565380.0, "mean": 5057720.5}, "dissonance": {"dmean2": 0.0442865751684, "median": 0.415681064129, "min": 0.157776519656, "dvar2": 0.00234421389177, "dvar": 0.000912693445571, "dmean": 0.0274492055178, "max": 0.49984306097, "var": 0.00388735416345, "mean": 0.403262913227}, "spectral_skewness": {"dmean2": 0.483349353075, "median": 1.86320233345, "min": -0.11545971036, "dvar2": 0.486817508936, "dvar": 0.271258801222, "dmean": 0.329159200191, "max": 12.9857769012, "var": 4.24877738953, "mean": 2.57312178612}, "spectral_flux": {"dmean2": 0.0272157266736, "median": 0.0353323370218, "min": 1.0431269043e-10, "dvar2": 0.0012334639905, "dvar": 0.000513243547175, "dmean": 0.0170869491994, "max": 0.265312582254, "var": 0.00126012798864, "mean": 0.0433087535203}, "spectral_contrast_valleys": {"dmean2": [0.586691081524, 0.596686661243, 0.533269762993, 0.42840975523, 0.339428752661, 0.295030236244], "median": [-8.47509384155, -8.32418441772, -9.26563644409, -9.35444355011, -9.16567993164, -10.7785930634], "min": [-27.1128559113, -27.0084285736, -27.0434188843, -27.1888160706, -27.3392829895, -27.2872982025], "dvar2": [0.326587319374, 0.318545371294, 0.258422285318, 0.202739983797, 0.172093853354, 0.187472745776], "dvar": [0.172225147486, 0.158478945494, 0.135655254126, 0.115449093282, 0.10916415602, 0.142541304231], "dmean": [0.378385722637, 0.374076724052, 0.331873625517, 0.27149116993, 0.225750416517, 0.214237913489], "max": [-6.07162570953, -5.24669075012, -5.40632200241, -6.48873662949, -5.97717428207, -7.0596280098], "var": [2.14017176628, 2.43368554115, 2.36857914925, 2.45688009262, 2.61887955666, 2.73388981819], "mean": [-8.60982704163, -8.6797208786, -9.55914020538, -9.74979400635, -9.6154718399, -11.3356971741]}, "erbbands_flatness_db": {"dmean2": 0.021880151704, "median": 0.196068242192, "min": 0.034367620945, "dvar2": 0.000828900141641, "dvar": 0.000446294317953, "dmean": 0.0158420391381, "max": 0.491535156965, "var": 0.00641135824844, "mean": 0.218558490276}, "spectral_energyband_high": {"dmean2": 0.000262228277279, "median": 8.34056845633e-05, "min": 7.67493230568e-21, "dvar2": 1.48254184751e-06, "dvar": 8.71997315244e-07, "dmean": 0.000197087720153, "max": 0.0303737279028, "var": 3.14815974889e-06, "mean": 0.00054489786271}, "spectral_entropy": {"dmean2": 0.285017639399, "median": 6.63039445877, "min": 3.34997272491, "dvar2": 0.144198685884, "dvar": 0.08434702456, "dmean": 0.207142785192, "max": 9.79083824158, "var": 1.22549796104, "mean": 6.31727552414}, "silence_rate_20dB": {"dmean2": 0, "median": 1, "min": 1, "dvar2": 0, "dvar": 0, "dmean": 0, "max": 1, "var": 0, "mean": 1}, "melbands_flatness_db": {"dmean2": 0.0298936702311, "median": 0.32867282629, "min": 0.00621140236035, "dvar2": 0.0016917064786, "dvar": 0.00100661453325, "dmean": 0.0225732512772, "max": 0.76570379734, "var": 0.0236857216805, "mean": 0.360849797726}, "barkbands": {"dmean2": [2.33503283198e-06, 0.000334723998094, 0.0019389615627, 0.00192832259927, 0.00256900279783, 0.000687281833962, 0.00046471474343, 0.00050723773893, 0.000552042503841, 0.000154834007844, 9.50518660829e-05, 0.000174876622623, 0.000257916573901, 0.000177191381226, 0.000265758455498, 0.000152192122187, 6.3344159571e-05, 2.24568084377e-05, 0.000150022795424, 8.91088711796e-05, 6.23839223408e-05, 5.36586267117e-05, 4.44120632892e-05, 7.94296938693e-05, 6.06897374382e-05, 1.90759947145e-05, 2.97751921607e-06], "median": [3.94723599584e-07, 0.000107522093458, 0.00107180024497, 0.00209641549736, 0.00238990597427, 0.000385498162359, 3.6581310269e-05, 1.91085673578e-05, 2.03875933948e-05, 6.01121610089e-06, 8.37143488752e-06, 5.96767949901e-06, 6.63690752845e-06, 9.80869936029e-06, 9.19115882425e-06, 7.33850129109e-06, 6.29479154668e-06, 3.23468248098e-06, 3.91904677599e-06, 1.44011146403e-05, 1.07823761937e-05, 1.29948502945e-05, 7.66277662478e-06, 9.0798630481e-06, 6.96467395755e-06, 2.44861939791e-06, 3.87419561321e-07], "min": [9.19996014509e-24, 2.37693888163e-23, 1.93220592453e-23, 2.8350439777e-23, 3.67277039837e-23, 1.52136921613e-23, 9.11300069429e-23, 1.02049444837e-22, 3.7294734047e-23, 4.60985258789e-23, 5.89001543379e-23, 1.06366609203e-22, 2.88338127189e-22, 1.77341232639e-22, 2.49722085836e-22, 2.13205096066e-22, 1.10252853566e-22, 1.64366073713e-22, 1.96049832624e-22, 3.12605962502e-22, 4.81176273565e-22, 5.29732946822e-22, 6.82873441502e-22, 9.14855800006e-22, 1.17942515685e-21, 1.76419469497e-21, 2.10240877377e-21], "dvar2": [8.42872785456e-11, 1.00136799119e-06, 3.62222708645e-05, 1.59108039952e-05, 3.07612535835e-05, 2.73617092716e-06, 3.6945643842e-06, 3.58010629498e-06, 4.37184053226e-06, 4.63389881133e-07, 1.09227620726e-07, 1.10713085633e-06, 1.67086170677e-06, 7.37081620628e-07, 1.18177217701e-06, 6.80463585923e-07, 7.90717749055e-08, 8.49567616257e-09, 3.13186177436e-07, 9.22265357417e-08, 4.65623983814e-08, 2.47675959741e-08, 5.15613649554e-08, 2.88496067924e-07, 1.95558556015e-07, 1.29802026905e-08, 3.6539782311e-10], "dvar": [4.79067653603e-11, 5.89301578202e-07, 1.94797503354e-05, 6.27506551609e-06, 1.24762800624e-05, 1.44323598761e-06, 1.99281862479e-06, 2.35345942201e-06, 2.3965951641e-06, 2.83375243271e-07, 5.89831934406e-08, 4.51201742635e-07, 7.5958752177e-07, 3.4846218e-07, 5.87250951867e-07, 3.56529540113e-07, 4.3322700094e-08, 4.26154933564e-09, 1.2298015406e-07, 4.30587903111e-08, 2.13331290411e-08, 1.53351624732e-08, 2.54593146565e-08, 1.56694284215e-07, 9.03366412786e-08, 7.3073063156e-09, 2.58792848262e-10], "dmean": [1.62388084846e-06, 0.000274032034213, 0.001598131028, 0.00130485568661, 0.00181991385762, 0.000502007314935, 0.000347226101439, 0.000397964147851, 0.00039831182221, 0.000115236427519, 6.95561175235e-05, 0.000119287906273, 0.000177066103788, 0.00012562435586, 0.000180036324309, 0.000104156148154, 4.43239296146e-05, 1.49141587826e-05, 9.67487067101e-05, 6.02586005698e-05, 4.31573280366e-05, 3.88113548979e-05, 3.08986273012e-05, 5.65880000067e-05, 4.30194959335e-05, 1.36617654789e-05, 2.2496328711e-06], "max": [0.00023252030951, 0.0221662223339, 0.104167029262, 0.0486039668322, 0.0892757326365, 0.02357750386, 0.0362467877567, 0.0536958314478, 0.0512177348137, 0.02100584656, 0.00645263167098, 0.0221425686032, 0.0243649501354, 0.0177137218416, 0.0207052603364, 0.0148140536621, 0.00801377091557, 0.00155733397696, 0.00738259172067, 0.0052533429116, 0.00490043871105, 0.0037307322491, 0.00569013599306, 0.0134620778263, 0.0110083324835, 0.00329942069948, 0.000569690950215], "var": [9.4978511167e-11, 5.03977480548e-06, 0.000190884573385, 2.7650163247e-05, 8.29540585983e-05, 5.97692269366e-06, 7.63744537835e-06, 1.2464684005e-05, 1.53602086357e-05, 3.0628643799e-06, 4.77236653751e-07, 1.01637886019e-06, 2.31776175497e-06, 1.23085533232e-06, 4.83022995468e-06, 1.30733917558e-06, 2.15897770772e-07, 7.94844812191e-09, 6.61493913867e-07, 1.67266605899e-07, 8.33018347635e-08, 6.77642688629e-08, 7.86322900126e-08, 4.50948334674e-07, 2.0699843617e-07, 2.30247749755e-08, 1.09914988222e-09], "mean": [2.17174419959e-06, 0.00114702282008, 0.00690447119996, 0.00381903862581, 0.00576309254393, 0.0014397604391, 0.000880400417373, 0.001216454315, 0.00138626142871, 0.000421728153015, 0.000237756743445, 0.000309881259454, 0.000389080611058, 0.000319231709, 0.000585927627981, 0.000241837537033, 0.00012589871767, 2.56453786278e-05, 0.000265782640781, 0.000157004178618, 0.000131466484163, 0.000104769977042, 6.17705009063e-05, 0.000107294217742, 7.73044448579e-05, 2.4954249966e-05, 4.79081791127e-06]}, "erbbands_skewness": {"dmean2": 0.699462294579, "median": 1.60014355183, "min": -3.72237873077, "dvar2": 0.933183312416, "dvar": 0.465043455362, "dmean": 0.501665651798, "max": 11.7635164261, "var": 5.13850975037, "mean": 2.0568959713}, "erbbands_spread": {"dmean2": 10.6581716537, "median": 27.186504364, "min": 0.516841173172, "dvar2": 355.985229492, "dvar": 172.736572266, "dmean": 7.17317533493, "max": 192.47215271, "var": 731.764587402, "mean": 31.578742981}, "melbands_kurtosis": {"dmean2": 30.8620071411, "median": 29.7665576935, "min": -1.91219246387, "dvar2": 3762.01733398, "dvar": 1717.69421387, "dmean": 21.1453227997, "max": 799.460083008, "var": 8777.05859375, "mean": 65.1701889038}, "melbands": {"dmean2": [5.55654260097e-05, 0.000612375035416, 0.000909851572942, 0.000656365591567, 0.000197240457055, 0.000118232077511, 8.64381945576e-05, 8.79752042238e-05, 0.000114125272376, 6.44242536509e-05, 2.42587211687e-05, 1.97947283596e-05, 1.23205891214e-05, 1.75941295311e-05, 2.36454634432e-05, 2.31176654779e-05, 1.67668113136e-05, 1.2305033124e-05, 1.8348411686e-05, 1.69338491105e-05, 3.52528422809e-06, 2.9776779229e-06, 3.53958262167e-06, 6.0924742229e-07, 1.10492760541e-06, 6.17908426648e-06, 6.02579757469e-06, 1.51438030116e-06, 1.02883143427e-06, 1.52361837991e-06, 1.96056794266e-06, 1.34961044296e-06, 8.38173775719e-07, 6.3702884745e-07, 7.98611949904e-07, 8.83299264842e-07, 1.10831012989e-06, 1.07340270006e-06, 8.99848885183e-07, 6.86690214025e-07], "median": [1.85395274457e-05, 0.000478512782138, 0.00143646379001, 0.00061334046768, 0.000195081374841, 6.87379215378e-05, 1.08931799332e-05, 6.66394771542e-06, 5.89217506786e-06, 2.74030571745e-06, 8.50614810588e-07, 1.46314278027e-06, 1.61277534971e-06, 7.69257894717e-07, 8.26827886