{"tonal": {"thpcp": [1, 0.600896000862, 0.171196237206, 0.100281476974, 0.0840225592256, 0.126082733274, 0.139560356736, 0.0917926877737, 0.0659156963229, 0.0607349835336, 0.0955963209271, 0.457906782627, 0.66802918911, 0.308841824532, 0.0517842248082, 0.0421360768378, 0.169147923589, 0.346981346607, 0.289339214563, 0.188267201185, 0.381369054317, 0.452147275209, 0.198293477297, 0.0624819509685, 0.0745939612389, 0.117716699839, 0.441675871611, 0.79736661911, 0.524982452393, 0.145282119513, 0.0901610404253, 0.0783218592405, 0.263412922621, 0.531598508358, 0.441007107496, 0.641254365444], "hpcp": {"dmean2": [0.121205165982, 0.0896945223212, 0.078813970089, 0.127858102322, 0.184805572033, 0.207560271025, 0.250788807869, 0.18123498559, 0.250965684652, 0.155791282654, 0.0880514159799, 0.0742791295052, 0.073204241693, 0.0797502100468, 0.0695094019175, 0.0611897222698, 0.0604313910007, 0.0722072198987, 0.134828656912, 0.159267097712, 0.104968950152, 0.0470494776964, 0.0410749875009, 0.102585822344, 0.174424126744, 0.131651163101, 0.116436742246, 0.153683081269, 0.13606223464, 0.0898717418313, 0.0569302178919, 0.067832633853, 0.091490983963, 0.162740692496, 0.157132342458, 0.167459100485], "median": [0.00499137677252, 0.00141737051308, 0.00191363168415, 0.0217873454094, 0.0429862737656, 0.0448693856597, 0.078934237361, 0.0742146372795, 0.0395603254437, 0.00879210513085, 0.00381751218811, 0.00294900592417, 0.00547898747027, 0.00629820581526, 0.0037704249844, 0.001576180337, 0.00129257445224, 0.00667629577219, 0.0496309138834, 0.0667983591557, 0.0293361991644, 0.00165569689125, 0.000845560804009, 0.00186941190623, 0.00638541206717, 0.00879600271583, 0.0134994890541, 0.0493371784687, 0.0606555938721, 0.0231281891465, 0.00229693204165, 0.001761096064, 0.00391419418156, 0.0272802598774, 0.0323863737285, 0.0170123651624], "min": [0, 0, 0, 0, 0, 0, 0, 0, 0, 0, 0, 0, 0, 0, 0, 0, 0, 0, 0, 0, 9.74569275058e-07, 0, 0, 0, 0, 0, 0, 0, 0, 0, 0, 0, 0, 0, 0, 0], "dvar2": [0.0850347355008, 0.0736472681165, 0.0569806694984, 0.0676971301436, 0.0962612256408, 0.104304894805, 0.141551941633, 0.104943707585, 0.153890997171, 0.100247770548, 0.0588601455092, 0.0461705438793, 0.0416053086519, 0.048337187618, 0.042509060353, 0.0395831242204, 0.0380760505795, 0.0350827798247, 0.050190474838, 0.0711419582367, 0.0345284044743, 0.0218432322145, 0.0188981257379, 0.0494797192514, 0.131406694651, 0.0565127134323, 0.0626361444592, 0.0773250088096, 0.0467434152961, 0.0296944156289, 0.0304668899626, 0.0472624748945, 0.0583842918277, 0.0893058851361, 0.0985234305263, 0.0988522544503], "dvar": [0.030513940379, 0.0256374981254, 0.0195898860693, 0.0239444356412, 0.0392538569868, 0.0378818064928, 0.046323902905, 0.0418066456914, 0.0488570295274, 0.0329693071544, 0.0199759714305, 0.0159719362855, 0.0147018795833, 0.017189161852, 0.0148826986551, 0.0129627604038, 0.0125098079443, 0.0122628677636, 0.0203627254814, 0.0315008312464, 0.0139108048752, 0.00747809000313, 0.00659716548398, 0.0185680370778, 0.050361122936, 0.0219552889466, 0.020144212991, 0.0254689920694, 0.0206346344203, 0.0111118005589, 0.0106518641114, 0.0165892820805, 0.0202490445226, 0.0321287848055, 0.0387678481638, 0.0361403860152], "dmean": [0.0657708197832, 0.0479144230485, 0.0420213751495, 0.0758302807808, 0.113697573543, 0.122591286898, 0.142175987363, 0.10483777523, 0.138798221946, 0.0837518572807, 0.0473117902875, 0.0401793792844, 0.0408912226558, 0.0452147051692, 0.0388164706528, 0.032818198204, 0.0322924740613, 0.0405946932733, 0.0851365402341, 0.100453078747, 0.0663401186466, 0.0254527125508, 0.0220042709261, 0.0565064176917, 0.0969089493155, 0.0754921883345, 0.0648050159216, 0.0906365141273, 0.0858913883567, 0.0541021376848, 0.0307242199779, 0.0366523452103, 0.0498729124665, 0.0939753875136, 0.0912755951285, 0.0958750993013], "max": [1, 1, 1, 1, 1, 1, 1, 1, 1, 1, 1, 1, 1, 1, 1, 1, 1, 1, 1, 1, 1, 1, 1, 1, 1, 1, 1, 1, 1, 1, 1, 1, 1, 1, 1, 1], "var": [0.0257687941194, 0.0175434108824, 0.0129088424146, 0.0294956825674, 0.0924455374479, 0.0577948279679, 0.080351293087, 0.184979990125, 0.0840649306774, 0.0241149719805, 0.0137724941596, 0.0112353255972, 0.0194690190256, 0.0217176266015, 0.0119646396488, 0.00920327566564, 0.00768499355763, 0.0093335704878, 0.0549813620746, 0.113168165088, 0.0296462029219, 0.00490796472877, 0.00442651845515, 0.0230451319367, 0.0758623853326, 0.0403829962015, 0.0216324161738, 0.0442075058818, 0.0597809255123, 0.0156811475754, 0.00696935271844, 0.0114993266761, 0.0175212379545, 0.0542234815657, 0.164168193936, 0.0812413096428], "mean": [0.0527854077518, 0.032758243382, 0.028456710279, 0.0957059115171, 0.193145871162, 0.160231277347, 0.232987180352, 0.363330364227, 0.218323752284, 0.0622007921338, 0.0364353060722, 0.0305279474705, 0.0458096861839, 0.0507065169513, 0.0333510711789, 0.0239491742104, 0.0220668632537, 0.0347330458462, 0.166371434927, 0.242715299129, 0.112211614847, 0.0188147816807, 0.0153093161061, 0.0614565759897, 0.126068860292, 0.105125725269, 0.0684031918645, 0.138562962413, 0.164278835058, 0.0720460414886, 0.0227015893906, 0.0271022506058, 0.0427700504661, 0.160474255681, 0.289707511663, 0.190742075443]}, "tuning_equal_tempered_deviation": 0.284433245659, "chords_changes_rate": 0.0417189449072, "key_key": "B", "tuning_diatonic_strength": 0.533279538155, "key_scale": "major", "chords_number_rate": 0.00141154334415, "tuning_frequency": 434.193115234, "tuning_nontempered_energy_ratio": 0.989070534706, "chords_histogram": [32.590965271, 25.3450431824, 1.75658714771, 0.407779157162, 6.43036365509, 2.65056467056, 6.80677556992, 0, 5.85006284714, 0, 0.345043927431, 0, 0, 0, 0, 0, 0, 5.72459220886, 0.517565846443, 0.235257208347, 0, 0, 0, 11.3393974304], "key_strength": 0.618875861168, "chords_key": "B", "chords_strength": {"dmean2": 0.00572979496792, "median": 0.487195819616, "min": 0.205752193928, "dvar2": 3.01759191643e-05, "dvar": 3.03223641822e-05, "dmean": 0.00652768556029, "max": 0.751123845577, "var": 0.00992117915303, "mean": 0.481380671263}, "chords_scale": "major", "hpcp_entropy": {"dmean2": 0.813089609146, "median": 1.68310689926, "min": 0.0364594906569, "dvar2": 0.515603363514, "dvar": 0.194151639938, "dmean": 0.486566483974, "max": 4.35332679749, "var": 0.444297045469, "mean": 1.725481987}}, "metadata": {"audio_properties": {"equal_loudness": 0, "codec": "flac", "downmix": "mix", "sample_rate": 44100, "analysis_sample_rate": 44100, "bit_rate": 0, "md5_encoded": "03e1f47eb630ad15db2be4c777158c18", "length": 296.040008545, "replay_gain": -8.22825622559, "lossless": true}, "version": {"essentia_build_sha": "ca57ba49d9b1854bd80e60cf9ccf267278fb7d6b", "essentia": "2.1-beta1", "extractor": "music 1.0", "essentia_git_sha": "v2.1_beta1-28-g21ef5f4-dirty"}, "tags": {"title": ["Doors"], "albumartist": ["Integral"], "date": ["2008-08-25"], "genre": ["IDM"], "content group": ["IDM"], "musicbrainz_recordingid": ["04b7b15f-cb03-4c99-a68a-45afb4c64e33"], "musicbrainz_albumid": ["3abdc928-302b-4617-86d8-1003df7f261f"], "artist": ["Integral"], "tracknumber": ["3"], "album": ["Rise"], "discnumber": ["1"], "rating": ["5"], "file_name": "03 - Doors.flac"}}, "rhythm": {"bpm_histogram_first_peak_bpm": {"dmean2": 0, "median": 120, "min": 120, "dvar2": 0, "dvar": 0, "dmean": 0, "max": 120, "var": 0, "mean": 120}, "bpm": 119.932228088, "bpm_histogram_second_peak_spread": {"dmean2": 0, "median": 0.348484814167, "min": 0.348484814167, "dvar2": 0, "dvar": 0, "dmean": 0, "max": 0.348484814167, "var": 0, "mean": 0.348484814167}, "bpm_histogram_first_peak_weight": {"dmean2": 0, "median": 0.292173922062, "min": 0.292173922062, "dvar2": 0, "dvar": 0, "dmean": 0, "max": 0.292173922062, "var": 0, "mean": 0.292173922062}, "onset_rate": 2.50629591942, "beats_position": [0.66176867485, 1.33514738083, 2.00852608681, 2.68190479279, 3.35528349876, 4.01705217361, 4.67882061005, 5.34058952332, 6.00235795975, 6.66412687302, 7.32589578629, 7.98766422272, 8.63782310486, 9.22993183136, 9.81043052673, 10.3909292221, 11.0062580109, 11.6099767685, 12.1672563553, 12.7245349884, 13.2818136215, 13.7926530838, 14.2918815613, 14.8027210236, 15.301949501, 15.8011789322, 16.3004074097, 16.7880268097, 17.2756462097, 17.7632656097, 18.1928348541, 18.6340141296, 19.0635814667, 19.458322525, 19.853061676, 20.247800827, 20.642539978, 21.0721092224, 21.5016784668, 21.942855835, 22.4420852661, 22.9413146973, 23.4637641907, 23.9862117767, 24.497051239, 25.0078907013, 25.5187301636, 26.0295696259, 26.5520172119, 27.0512466431, 27.5504760742, 28.0497055054, 28.5489330292, 29.0481624603, 29.5473918915, 29.988571167, 30.4065303802, 30.8244895935, 31.2308387756, 31.6487979889, 32.0667572021, 32.4847145081, 32.8910636902, 33.3090248108, 33.7385940552, 34.1565513611, 34.5512924194, 34.9460296631, 35.3523788452, 35.7355079651, 36.1302490234, 36.5249862671, 36.9313354492, 37.3260765076, 37.7324256897, 38.1155548096, 38.5219039917, 38.9398651123, 39.3462142944, 39.7293434143, 40.124080658, 40.5188217163, 40.9367790222, 41.3315200806, 41.7262573242, 42.1209983826, 42.5157356262, 42.9220848083, 43.3284339905, 43.7231750488, 44.1063041687, 44.5010414124, 44.9073905945, 45.3137397766, 45.7200889587, 46.1148300171, 46.5095672607, 46.9275283813, 47.3454856873, 47.7402267456, 48.1349639893, 48.5297050476, 48.9244422913, 49.3307914734, 49.7255325317, 50.1202697754, 50.5150108337, 50.9213600159, 51.3393173218, 51.7340583801, 52.1287956238, 52.5235366821, 52.941493988, 53.3594551086, 53.8006324768, 54.2534217834, 54.7062110901, 55.1473922729, 55.5885696411, 56.029750824, 56.4825401306, 56.912109375, 57.3300666809, 57.7480278015, 58.247253418, 58.7464828491, 59.2457122803, 59.7449417114, 60.2325630188, 60.7317886353, 61.2194099426, 61.7186393738, 62.2062568665, 62.7054862976, 63.2163238525, 63.7271652222, 64.2263946533, 64.7256240845, 65.2248535156, 65.7356872559, 66.258140564, 66.7805862427, 67.1985473633, 67.6165084839, 68.0344696045, 68.4640350342, 68.8936004639, 69.3115615845, 69.7295227051, 70.1242599487, 70.5189971924, 70.9253463745, 71.3433074951, 71.7380523682, 72.1211776733, 72.515914917, 72.9338760376, 73.3402252197, 73.7465744019, 74.1645355225, 74.5592727661, 74.9540100098, 75.3603591919, 75.7434921265, 76.1382293701, 76.5329666138, 76.9277114868, 77.3340606689, 77.7404098511, 78.1583633423, 78.5531082153, 78.947845459, 79.3541946411, 79.7489318848, 80.1436691284, 80.526802063, 80.9215393066, 81.3278884888, 81.7342376709, 82.16381073, 82.5817642212, 82.9997253418, 83.4989547729, 84.0097961426, 84.7063903809, 85.3681640625, 86.0299301147, 86.691696167, 87.3534698486, 88.0152359009, 88.6886138916, 89.3619918823, 90.023765564, 90.6971435547, 91.3705215454, 92.0322875977, 92.6940536499, 93.3558273315, 94.0175933838, 94.6909713745, 95.3643493652, 96.0493392944, 96.7111129761, 97.3612670898, 98.0230331421, 98.6964187622, 99.3581848145, 99.9967346191, 100.646888733, 101.157730103, 101.668571472, 102.179405212, 102.690246582, 103.201087952, 103.72353363, 104.222763062, 104.721992493, 105.221221924, 105.732063293, 106.231292725, 106.742126465, 107.241355896, 107.740585327, 108.22820282, 108.727432251, 109.226661682, 109.725891113, 110.225120544, 110.724349976, 111.223579407, 111.734420776, 112.222038269, 112.7212677, 113.220497131, 113.731338501, 114.230567932, 114.741401672, 115.252243042, 115.751472473, 116.239089966, 116.738319397, 117.237548828, 117.736778259, 118.23600769, 118.735237122, 119.234466553, 119.733695984, 120.232925415, 120.743759155, 121.266212463, 121.788658142, 122.31111145, 122.845169067, 123.367614746, 123.878456116, 124.400901794, 124.923355103, 125.45741272, 125.979858398, 126.490699768, 126.989929199, 127.48915863, 127.988388062, 128.499221802, 128.998458862, 129.497680664, 129.996917725, 130.496139526, 130.983764648, 131.494598389, 131.993835449, 132.493057251, 132.992294312, 133.491516113, 134.002349854, 134.489974976, 134.989196777, 135.488433838, 135.97605896, 136.463668823, 136.974502563, 137.485351562, 137.996185303, 138.495422363, 138.994644165, 139.482269287, 139.993103027, 140.503936768, 141.014785767, 141.50239563, 142.00163269, 142.500854492, 142.988479614, 143.487701416, 143.986938477, 144.497772217, 144.997009277, 145.496231079, 146.007064819, 146.494689941, 146.982315063, 147.493148804, 147.992385864, 148.491607666, 148.990829468, 149.490066528, 150.000900269, 150.500137329, 150.999359131, 151.486984253, 151.997817993, 152.497055054, 152.984664917, 153.483901978, 153.994735718, 154.505569458, 154.99319458, 155.492416382, 155.991653442, 156.479278564, 156.978500366, 157.477722168, 157.988571167, 158.487792969, 158.987030029, 159.486251831, 159.985488892, 160.496322632, 160.995559692, 161.494781494, 161.994003296, 162.493240356, 162.980865479, 163.491699219, 164.002532959, 164.490158081, 164.989379883, 165.488616943, 165.999450684, 166.498687744, 166.997909546, 167.485534668, 167.996368408, 168.49559021, 168.994827271, 169.494049072, 170.004898071, 170.504119873, 170.991744995, 171.490966797, 171.990203857, 172.489425659, 172.98866272, 173.487884521, 173.998733521, 174.497955322, 174.985580444, 175.496414185, 176.007247925, 176.506484985, 177.005706787, 177.504943848, 178.004165649, 178.50340271, 179.002624512, 179.501861572, 180.001083374, 180.500320435, 180.999542236, 181.498779297, 181.998001099, 182.4972229, 182.996459961, 183.495681763, 183.994918823, 184.494140625, 184.993377686, 185.504211426, 186.003448486, 186.502670288, 186.99029541, 187.489517212, 187.988754272, 188.499588013, 188.987213135, 189.486434937, 189.997268677, 190.496505737, 190.995727539, 191.4949646, 191.994186401, 192.493423462, 192.992645264, 193.491882324, 194.002716064, 194.501953125, 195.001174927, 195.500411987, 195.999633789, 196.498855591, 196.998092651, 197.508926392, 198.019775391, 198.507385254, 199.006622314, 199.494232178, 199.993469238, 200.49269104, 200.991928101, 201.502761841, 202.001998901, 202.501220703, 203.000442505, 203.499679565, 203.998901367, 204.498138428, 204.985748291, 205.484985352, 205.995819092, 206.495056152, 206.994277954, 207.493515015, 207.992736816, 208.503585815, 209.002807617, 209.513641357, 210.024490356, 210.535324097, 211.046157837, 211.545394897, 212.044616699, 212.54385376, 213.043075562, 213.542312622, 214.029922485, 214.517547607, 215.016769409, 215.504394531, 215.992019653, 216.491241455, 216.990478516, 217.501312256, 218.012145996, 218.534591675, 219.057052612, 219.579498291, 220.252868652, 220.926254272, 221.611236572, 222.296234131, 222.981216431, 223.666213989, 224.351196289, 225.036193848, 225.721176147, 226.371337891, 227.033096313, 227.683258057, 228.3334198, 228.983581543, 229.622131348, 230.341949463, 231.061767578, 231.781585693, 232.501403809, 233.221221924, 233.941040039, 234.660858154, 235.334228516, 236.007614136, 236.599716187, 237.180221558, 237.760726929, 238.317993164, 238.875274658, 239.432556152, 239.989837646, 240.535507202, 241.046340942, 241.557189941, 242.068023682, 242.555648804, 243.043258667, 243.530883789, 244.006881714, 244.482894897, 244.97052002, 245.527801514, 246.073471069, 246.619140625, 247.17640686, 247.733688354, 248.290969849, 248.848251343, 249.393920898, 249.916366577, 250.438812256, 250.972869873, 251.495330811, 252.017776489, 252.540222168, 253.03944397, 253.53868103, 254.037902832, 254.537139893, 255.024749756, 255.512374878, 256, 256.487609863, 256.975219727, 257.474456787, 257.985290527, 258.496154785, 259.053405762, 259.610687256, 260.202819824, 260.806518555, 261.398620605, 262.060394287, 262.722167969, 263.38394165, 264.045715332, 264.649414062, 265.264770508, 265.868469238, 266.460571289, 267.064300537, 267.679626465, 268.294952393, 268.91027832, 269.548828125, 270.18737793, 270.825927734, 271.464477539, 271.975311279, 272.486175537, 272.997009277, 273.49621582, 274.007080078, 274.517913818, 275.005523682, 275.493133545, 275.980773926, 276.456787109, 276.944396973, 277.432006836, 278.047332764, 278.662658691, 279.277984619, 279.893341064, 280.508666992, 281.12399292, 281.739318848, 282.354644775, 282.969970703, 283.596923828, 284.212249756, 284.827575684, 285.442901611, 286.058227539, 286.673553467, 287.277282715, 287.880981445, 288.496307373, 289.111663818, 289.726989746, 290.237823486, 290.748657227, 291.259490967, 291.770324707, 292.281188965, 292.873291016, 293.465393066, 294.057495117, 294.649597168, 295.241729736], "beats_loudness": {"dmean2": 0.115224167705, "median": 0.0465749949217, "min": 2.30219484365e-06, "dvar2": 0.0281563196331, "dvar": 0.0102869635448, "dmean": 0.0628312155604, "max": 0.614868044853, "var": 0.00888107903302, "mean": 0.0735861882567}, "danceability": 1.05239224434, "bpm_histogram_second_peak_weight": {"dmean2": 0, "median": 0.0747826099396, "min": 0.0747826099396, "dvar2": 0, "dvar": 0, "dmean": 0, "max": 0.0747826099396, "var": 0, "mean": 0.0747826099396}, "beats_count": 576, "bpm_histogram_second_peak_bpm": {"dmean2": 0, "median": 152, "min": 152, "dvar2": 0, "dvar": 0, "dmean": 0, "max": 152, "var": 0, "mean": 152}, "bpm_histogram_first_peak_spread": {"dmean2": 0, "median": 0.436241567135, "min": 0.436241567135, "dvar2": 0, "dvar": 0, "dmean": 0, "max": 0.436241567135, "var": 0, "mean": 0.436241567135}, "beats_loudness_band_ratio": {"dmean2": [0.297449052334, 0.273417919874, 0.201326861978, 0.0365474522114, 0.0141715370119, 0.0217306148261], "median": [0.689922451973, 0.165377646685, 0.0713333487511, 0.0125225642696, 0.00407903827727, 0.00178341916762], "min": [0.000153523855261, 0.00273270485923, 0.000826778821647, 7.82985371188e-05, 8.35972605273e-06, 1.78951995622e-06], "dvar2": [0.10219001025, 0.0673119798303, 0.0609481297433, 0.00413676630706, 0.000479409616673, 0.00228209188208], "dvar": [0.0407437160611, 0.0264639835805, 0.0228201430291, 0.00159979320597, 0.000182389543625, 0.000725467165466], "dmean": [0.173622384667, 0.164184868336, 0.118278346956, 0.0214865636081, 0.00820511765778, 0.0114988302812], "max": [0.994490981102, 0.994784891605, 0.982222139835, 0.344230353832, 0.128671377897, 0.225031554699], "var": [0.110238969326, 0.0619054883718, 0.0360838621855, 0.00192193686962, 0.000231035679462, 0.000458213384263], "mean": [0.573929131031, 0.261005610228, 0.14724946022, 0.0253362040967, 0.00951262377203, 0.00786469038576]}}, "lowlevel": {"barkbands_spread": {"dmean2": 5.6446480751, "median": 5.67642688751, "min": 0.0207823533565, "dvar2": 249.579116821, "dvar": 94.5871887207, "dmean": 3.39969611168, "max": 130.56741333, "var": 106.42300415, "mean": 7.94733572006}, "melbands_spread": {"dmean2": 3.49331665039, "median": 5.52553749084, "min": 0.224463030696, "dvar2": 53.8338775635, "dvar": 20.6330776215, "dmean": 2.16228961945, "max": 136.188110352, "var": 46.3558502197, "mean": 7.0686955452}, "hfc": {"dmean2": 15.8137817383, "median": 8.01030921936, "min": 5.9518620219e-06, "dvar2": 6232.29638672, "dvar": 2161.41748047, "dmean": 9.01843452454, "max": 1016.67016602, "var": 1362.63952637, "mean": 14.3723249435}, "barkbands_kurtosis": {"dmean2": 13.027050972, "median": 7.87015151978, "min": -1.92135608196, "dvar2": 980.552062988, "dvar": 482.221343994, "dmean": 8.39447307587, "max": 1396.47009277, "var": 1278.49951172, "mean": 15.7684688568}, "gfcc": {"mean": [-95.0158843994, 161.968170166, -89.0854949951, 12.7936496735, -46.391166687, -10.0476560593, -23.5572299957, -3.12505722046, -8.93897438049, 2.12222504616, -4.79641389847, 2.02608108521, 1.85681927204], "icov": [[0.000204757176107, 0.000197816887521, 8.36049584905e-05, -0.000179129623575, -0.000137052353239, -0.000296915241051, 9.13359617698e-05, -0.000283493398456, -0.000194256106624, 8.88682334335e-05, -6.03183470957e-05, -8.62681190483e-06, 3.5529716115e-05], [0.000197816887521, 0.00179825304076, 9.16764183785e-05, 0.000129448802909, -0.000890632160008, 0.000939009711146, -0.00163764879107, 0.00112747994717, -0.00121780380141, 0.00122848572209, -0.000945015402976, 0.00132733245846, -0.000577733735554], [8.36049584905e-05, 9.16764183785e-05, 0.0011334028095, 0.000227938100579, -0.000371458445443, -0.000563470704947, 0.00046347186435, -0.000932206341531, 0.00070949899964, 0.000353408860974, -0.000709423329681, 0.000225051771849, 4.70044760732e-05], [-0.000179129623575, 0.000129448802909, 0.000227938100579, 0.00279138889164, -0.000836645544041, -0.00129679136444, -0.000667455140501, 0.000138332194183, -0.000367201573681, 0.000131706619868, 0.000446167046903, -0.000159821254783, -0.000298901082715], [-0.000137052353239, -0.000890632160008, -0.000371458445443, -0.000836645544041, 0.00555686512962, -0.000761543458793, -0.000864478060976, -0.000485781405587, 0.000276528066024, -0.000262564833974, 0.000108458632894, -0.0010659735417, -0.000357123411959], [-0.000296915241051, 0.000939009711146, -0.000563470704947, -0.00129679136444, -0.000761543458793, 0.00534847052768, -0.00203057471663, 0.000540697888937, -0.00060085428413, 0.000264113157755, 0.000432219385402, 0.000158473019837, 0.000528827251401], [9.13359617698e-05, -0.00163764879107, 0.00046347186435, -0.000667455140501, -0.000864478060976, -0.00203057471663, 0.0081178387627, -0.00236821267754, -0.000384942366509, -0.00104955770075, -0.000143783981912, 4.33613022324e-05, -0.000862403016072], [-0.000283493398456, 0.00112747994717, -0.000932206341531, 0.000138332194183, -0.000485781405587, 0.000540697888937, -0.00236821267754, 0.00829027220607, -0.00269854138605, -0.000417625909904, -0.000434138200944, -0.000807486358099, 0.00218635192141], [-0.000194256106624, -0.00121780380141, 0.00070949899964, -0.000367201573681, 0.000276528066024, -0.00060085428413, -0.000384942366509, -0.00269854138605, 0.0103929191828, -0.00373213668354, -0.00129035161808, 0.000838505977299, -0.00234924862161], [8.88682334335e-05, 0.00122848572209, 0.000353408860974, 0.000131706619868, -0.000262564833974, 0.000264113157755, -0.00104955770075, -0.000417625909904, -0.00373213668354, 0.0115246530622, -0.00195999164134, -0.000421131408075, 0.00260250899009], [-6.03183470957e-05, -0.000945015402976, -0.000709423329681, 0.000446167046903, 0.000108458632894, 0.000432219385402, -0.000143783981912, -0.000434138200944, -0.00129035161808, -0.00195999164134, 0.00965379551053, -0.00213239272125, -0.000298060622299], [-8.62681190483e-06, 0.00132733245846, 0.000225051771849, -0.000159821254783, -0.0010659735417, 0.000158473019837, 4.33613022324e-05, -0.000807486358099, 0.000838505977299, -0.000421131408075, -0.00213239272125, 0.0122908437625, -0.0054580536671], [3.5529716115e-05, -0.000577733735554, 4.70044760732e-05, -0.000298901082715, -0.000357123411959, 0.000528827251401, -0.000862403016072, 0.00218635192141, -0.00234924862161, 0.00260250899009, -0.000298060622299, -0.0054580536671, 0.0160588137805]], "cov": [[18197.8320312, -4347.4375, 417.04901123, 2963.91870117, 876.494567871, 2722.68017578, 411.360229492, 1498.98608398, 517.768371582, 532.401123047, -197.824920654, 492.359344482, -241.744232178], [-4347.4375, 2359.97851562, -406.675323486, -649.284179688, -11.7440891266, -753.422851562, 172.343475342, -450.890289307, 49.9435768127, -181.292572021, 151.266860962, -196.53666687, 151.514404297], [417.04901123, -406.675323486, 1245.26599121, 4.35868120193, 64.5485305786, 186.259078979, -63.1180915833, 174.004333496, -84.0360717773, -7.42023849487, 43.3322257996, 26.0813503265, -52.3173370361], [2963.91870117, -649.284179688, 4.35868120193, 1011.56628418, 277.862121582, 625.417907715, 198.459960938, 266.024047852, 137.857849121, 97.6328048706, -48.4219551086, 97.1326065063, -14.618106842], [876.494567871, -11.7440891266, 64.5485305786, 277.862121582, 310.208740234, 210.844406128, 130.562667847, 100.12638092, 67.6777572632, 29.4931125641, 14.1057767868, 40.106388092, 14.9702415466], [2722.68017578, -753.422851562, 186.259078979, 625.417907715, 210.844406128, 711.781799316, 147.331268311, 266.724822998, 94.1672058105, 93.9482269287, -43.0057449341, 84.4714889526, -42.7233085632], [411.360229492, 172.343475342, -63.1180915833, 198.459960938, 130.562667847, 147.331268311, 259.726715088, 81.8699645996, 95.4618530273, 35.3720970154, 27.5776939392, 8.38249778748, 21.6159172058], [1498.98608398, -450.890289307, 174.004333496, 266.024047852, 100.12638092, 266.724822998, 81.8699645996, 308.922851562, 85.6624832153, 83.2463989258, 7.00936508179, 55.1029319763, -41.4154701233], [517.768371582, 49.9435768127, -84.0360717773, 137.857849121, 67.6777572632, 94.1672058105, 95.4618530273, 85.6624832153, 182.314956665, 64.8992233276, 36.4548301697, 11.4933662415, 16.0673618317], [532.401123047, -181.292572021, -7.42023849487, 97.6328048706, 29.4931125641, 93.9482269287, 35.3720970154, 83.2463989258, 64.8992233276, 136.283966064, 20.7415523529, 21.8984489441, -22.4976062775], [-197.824920654, 151.266860962, 43.3322257996, -48.4219551086, 14.1057767868, -43.0057449341, 27.5776939392, 7.00936508179, 36.4548301697, 20.7415523529, 137.65411377, 13.5629386902, 16.2444515228], [492.359344482, -196.53666687, 26.0813503265, 97.1326065063, 40.106388092, 84.4714889526, 8.38249778748, 55.1029319763, 11.4933662415, 21.8984489441, 13.5629386902, 123.044639587, 24.8344211578], [-241.744232178, 151.514404297, -52.3173370361, -14.618106842, 14.9702415466, -42.7233085632, 21.6159172058, -41.4154701233, 16.0673618317, -22.4976062775, 16.2444515228, 24.8344211578, 91.4158248901]]}, "spectral_energyband_middle_low": {"dmean2": 0.0114394910634, "median": 0.00980223994702, "min": 2.29677055152e-09, "dvar2": 0.000888073118404, "dvar": 0.000324432330672, "dmean": 0.00683383038267, "max": 0.236101731658, "var": 0.000397257186705, "mean": 0.0157043524086}, "melbands_crest": {"dmean2": 4.66214609146, "median": 18.938337326, "min": 4.99688196182, "dvar2": 29.0679931641, "dvar": 10.1522741318, "dmean": 2.88027858734, "max": 38.4594497681, "var": 49.1464729309, "mean": 19.6271209717}, "spectral_kurtosis": {"dmean2": 18.6963005066, "median": 9.99582004547, "min": -1.17867493629, "dvar2": 1532.79382324, "dvar": 504.219177246, "dmean": 10.9299201965, "max": 456.275085449, "var": 2817.92529297, "mean": 30.878868103}, "spectral_rms": {"dmean2": 0.00175020296592, "median": 0.00619623158127, "min": 1.03446554931e-05, "dvar2": 1.0385792848e-05, "dvar": 3.90897139368e-06, "dmean": 0.00108181510586, "max": 0.0403371714056, "var": 1.66750542121e-05, "mean": 0.00639222376049}, "zerocrossingrate": {"dmean2": 0.007018473465, "median": 0.017578125, "min": 0.00048828125, "dvar2": 0.000206362790777, "dvar": 0.000131635810249, "dmean": 0.00532536767423, "max": 0.2646484375, "var": 0.000381462887162, "mean": 0.02178735286}, "silence_rate_60dB": {"dmean2": 0.0367087610066, "median": 0, "min": 0, "dvar2": 0.0402198024094, "dvar": 0.0180150847882, "dmean": 0.0183529406786, "max": 1, "var": 0.0914946496487, "mean": 0.101874366403}, "erbbands_kurtosis": {"dmean2": 2.86038827896, "median": 1.16745853424, "min": -1.81650865078, "dvar2": 28.3687057495, "dvar": 13.6720848083, "dmean": 1.93050909042, "max": 130.472625732, "var": 51.3069572449, "mean": 3.2697031498}, "erbbands": {"dmean2": [1.13027739525, 3.57710552216, 5.29187774658, 10.610783577, 15.359005928, 19.6892299652, 20.9690093994, 34.7355079651, 18.9986476898, 19.5665416718, 18.5760211945, 17.1083679199, 14.323515892, 8.54263973236, 6.29819059372, 5.62705183029, 6.80074119568, 10.3962602615, 6.09687232971, 5.58173799515, 7.47490262985, 8.92282104492, 2.9788184166, 1.93020474911, 2.16608095169, 3.03716874123, 2.04772257805, 1.72439050674, 2.02253961563, 1.97219204903, 2.98688220978, 3.46591544151, 2.0594625473, 1.38486921787, 1.10652148724, 0.829311192036, 0.391825795174, 0.128338798881, 0.02718481794, 0.0029526501894], "median": [0.590291917324, 2.14279437065, 1.44418036938, 1.94538903236, 3.57073760033, 7.26785755157, 12.6403675079, 15.1168394089, 13.1417064667, 14.5145101547, 5.5099978447, 9.20010280609, 7.64710950851, 4.01384353638, 3.06861901283, 2.87260842323, 2.7032392025, 2.63820505142, 1.58822357655, 1.70742833614, 2.17782783508, 1.71874177456, 1.07505846024, 0.690499007702, 0.851334393024, 0.67628633976, 0.348507523537, 0.240681111813, 0.171879649162, 0.0898529738188, 0.0470086559653, 0.0232892911881, 0.0110908793285, 0.00573097215965, 0.00269317207858, 0.00103099888656, 0.000360488280421, 9.37335280469e-05, 4.13695815951e-05, 5.28387463419e-05], "min": [7.03208570485e-07, 1.98088798697e-07, 2.1478076917e-07, 3.90277955375e-06, 2.51357710113e-06, 1.13392070489e-06, 7.95050937086e-07, 2.52503605225e-06, 1.1666699038e-06, 7.49218543206e-07, 2.14988199332e-06, 1.35690288516e-06, 1.06650861653e-06, 1.01119417195e-06, 7.37246750759e-07, 6.40576217847e-07, 5.26730957517e-07, 2.13393514059e-06, 1.24978635085e-06, 2.39363066612e-06, 1.88314982097e-06, 1.47799323713e-06, 3.44414047504e-06, 5.47672607354e-06, 3.2784130326e-06, 5.93140248384e-06, 1.05712606455e-05, 9.13999156182e-06, 4.12396639149e-06, 1.08514188923e-06, 2.69588866786e-07, 1.58113223847e-07, 9.87525083929e-08, 8.50165022825e-08, 6.45381206255e-08, 4.96773608916e-08, 1.62875757326e-08, 8.53917558885e-09, 2.26221663624e-09, 3.15048875876e-10], "dvar2": [8.69812965393, 120.85218811, 606.793212891, 1665.6953125, 2673.16870117, 3058.6796875, 3804.98950195, 7636.70507812, 2728.48510742, 1387.52282715, 4542.58007812, 1637.26013184, 964.200561523, 470.817932129, 198.36555481, 151.186538696, 697.978759766, 1534.91455078, 590.552062988, 381.207550049, 552.172180176, 7304.41748047, 67.8287582397, 48.7453918457, 33.6811676025, 161.544891357, 69.4444198608, 33.0351638794, 64.0454711914, 83.3980102539, 316.706268311, 521.093200684, 135.834197998, 76.6221542358, 59.1511192322, 29.3354206085, 6.99370622635, 0.879498183727, 0.0464699454606, 0.0006698386278], "dvar": [2.91429066658, 51.2169799805, 225.861801147, 605.012268066, 960.469543457, 1076.40551758, 1255.06030273, 2514.67993164, 944.421020508, 537.772094727, 1653.03015137, 623.990600586, 387.545166016, 195.054336548, 76.9852752686, 62.8553886414, 241.921310425, 540.481689453, 202.282058716, 134.775497437, 206.207092285, 2828.40698242, 27.4362468719, 28.6729125977, 12.7228813171, 56.8034934998, 24.6422348022, 12.4935951233, 24.5994491577, 30.6156806946, 115.879562378, 187.911529541, 48.9523582458, 26.6082630157, 20.363243103, 10.1320829391, 2.440772295, 0.305875509977, 0.0162720214576, 0.000229698460316], "dmean": [0.65833067894, 2.1891272068, 3.0845489502, 6.10018873215, 8.81138515472, 11.6487903595, 12.5875816345, 20.3714790344, 11.8607587814, 13.0982913971, 11.3496570587, 10.8787498474, 9.46447181702, 5.70432090759, 3.99363946915, 3.60547590256, 4.1682934761, 6.39066648483, 3.45067977905, 3.33138132095, 4.61769676208, 5.60452795029, 1.83543157578, 1.24558210373, 1.29890930653, 1.73601329327, 1.15763008595, 1.00927555561, 1.1864644289, 1.12526381016, 1.69471955299, 1.93700325489, 1.16663062572, 0.767881453037, 0.600329875946, 0.44835677743, 0.213499814272, 0.0696376934648, 0.0151580674574, 0.0015778564848], "max": [25.4671993256, 176.971542358, 259.552490234, 426.799224854, 510.066192627, 692.061889648, 881.188781738, 735.982910156, 791.854736328, 559.0234375, 721.865600586, 585.267700195, 432.451660156, 556.777282715, 280.632873535, 293.032409668, 978.202941895, 517.160400391, 244.463134766, 236.766418457, 705.085205078, 3540.27734375, 167.590881348, 456.481506348, 78.6820678711, 144.981842041, 107.817329407, 120.563148499, 261.377349854, 101.902938843, 197.782913208, 456.622131348, 173.322769165, 141.062438965, 123.394432068, 69.9557571411, 33.8960838318, 11.8985748291, 2.86126875877, 0.386999368668], "var": [4.21517658234, 78.0140914917, 183.999740601, 473.567901611, 1038.79125977, 1661.98999023, 1315.48864746, 3951.5769043, 1111.97644043, 1360.3482666, 1716.62915039, 1115.67687988, 902.736572266, 556.760009766, 160.453491211, 174.181854248, 617.017700195, 734.416748047, 146.965759277, 174.843536377, 409.864593506, 4600.47705078, 68.3980255127, 90.2948074341, 17.80119133, 39.8621673584, 21.5447864532, 22.8524131775, 40.4586181641, 22.2632026672, 79.9791030884, 117.867958069, 38.7172546387, 15.5824508667, 11.2854938507, 6.00286912918, 1.42332589626, 0.174154996872, 0.0113697564229, 0.00012651392899], "mean": [1.33250164986, 4.91568899155, 3.90672874451, 7.20209980011, 11.9910888672, 19.8325958252, 23.2044029236, 36.7717781067, 23.0368919373, 27.2725505829, 16.5700321198, 20.6018810272, 19.5837612152, 12.4537305832, 7.95883893967, 7.22559022903, 8.08097267151, 11.3420581818, 5.01230621338, 6.11575460434, 9.08489131927, 9.72645378113, 3.26468324661, 2.17911696434, 2.07909536362, 2.05723428726, 1.36884450912, 1.34711742401, 1.41403281689, 0.985415577888, 1.32498574257, 1.34776484966, 0.933377563953, 0.545277297497, 0.387327075005, 0.303361445665, 0.138765931129, 0.0436977632344, 0.0115584880114, 0.00104341330007]}, "spectral_strongpeak": {"dmean2": 0.32676833868, "median": 0.484762221575, "min": 0, "dvar2": 0.344882816076, "dvar": 0.135264754295, "dmean": 0.196932807565, "max": 9.09613990784, "var": 0.244245171547, "mean": 0.564909815788}, "spectral_energy": {"dmean2": 0.0385421961546, "median": 0.0393531173468, "min": 1.09687206873e-07, "dvar2": 0.0112751508132, "dvar": 0.00390644278377, "dmean": 0.0231142826378, "max": 1.66776454449, "var": 0.0061935367994, "mean": 0.0589739233255}, "average_loudness": 0.432335883379, "spectral_rolloff": {"dmean2": 476.823364258, "median": 366.064453125, "min": 21.533203125, "dvar2": 5312182, "dvar": 1836301.375, "dmean": 255.380355835, "max": 19745.9472656, "var": 1131853.625, "mean": 502.745758057}, "spectral_centroid": {"dmean2": 176.304595947, "median": 498.163635254, "min": 117.318733215, "dvar2": 106343.109375, "dvar": 46027.1289062, "dmean": 109.275520325, "max": 11187.9521484, "var": 115900.820312, "mean": 580.556762695}, "pitch_salience": {"dmean2": 0.111001260579, "median": 0.459417581558, "min": 0.0458806119859, "dvar2": 0.0137520153075, "dvar": 0.00523052969947, "dmean": 0.0694242045283, "max": 0.967782020569, "var": 0.0212476085871, "mean": 0.447863399982}, "spectral_energyband_middle_high": {"dmean2": 0.000974164518993, "median": 0.000808848883025, "min": 4.14603296139e-10, "dvar2": 9.33488536248e-06, "dvar": 3.36895732289e-06, "dmean": 0.000599578081165, "max": 0.0630876868963, "var": 5.84586678087e-06, "mean": 0.00161184975877}, "spectral_contrast_coeffs": {"dmean2": [0.0787907242775, 0.0697360038757, 0.0538494922221, 0.0405466146767, 0.0303608197719, 0.0358031019568], "median": [-0.688339591026, -0.686851978302, -0.755558252335, -0.797774732113, -0.817197203636, -0.767905294895], "min": [-0.969585299492, -0.97491723299, -0.966528296471, -0.96455103159, -0.955519080162, -0.959788203239], "dvar2": [0.0046485918574, 0.00384535407647, 0.00191059720237, 0.00106292509008, 0.000650787667837, 0.00158397317864], "dvar": [0.00168254505843, 0.0013988976134, 0.00073527317727, 0.000397461262764, 0.000243930539, 0.000582353095524], "dmean": [0.0466891340911, 0.0430551916361, 0.0336090140045, 0.02467225492, 0.0182881429791, 0.0215636063367], "max": [-0.22610335052, -0.303137272596, -0.501913428307, -0.546693623066, -0.548171162605, -0.585540294647], "var": [0.0128274932504, 0.0085581690073, 0.00422854349017, 0.00343902548775, 0.00255670514889, 0.00418123556301], "mean": [-0.664603114128, -0.676568806171, -0.753125429153, -0.791412174702, -0.809427082539, -0.767429411411]}, "melbands_skewness": {"dmean2": 1.23196578026, "median": 2.62420582771, "min": -2.68190264702, "dvar2": 2.5116071701, "dvar": 0.979310691357, "dmean": 0.789600014687, "max": 15.9193725586, "var": 3.66668176651, "mean": 2.89090752602}, "spectral_spread": {"dmean2": 1103974.75, "median": 2720978, "min": 188560.796875, "dvar2": 4652739330050.0, "dvar": 2307914203140.0, "dmean": 712163.5625, "max": 40122864, "var": 4653935230980.0, "mean": 3101708.5}, "dissonance": {"dmean2": 0.0517942719162, "median": 0.437204420567, "min": 0, "dvar2": 0.00240326649509, "dvar": 0.000926804204937, "dmean": 0.030997434631, "max": 0.500000119209, "var": 0.00717692542821, "mean": 0.410709679127}, "spectral_skewness": {"dmean2": 1.06023168564, "median": 2.39843797684, "min": -0.00748237641528, "dvar2": 1.90664660931, "dvar": 0.717993497849, "dmean": 0.63417339325, "max": 17.4483757019, "var": 7.66689252853, "mean": 3.48085355759}, "spectral_flux": {"dmean2": 0.0458600483835, "median": 0.052381914109, "min": 0.000314088712912, "dvar2": 0.00638590566814, "dvar": 0.00296552432701, "dmean": 0.0289463326335, "max": 1.17537271976, "var": 0.00884434022009, "mean": 0.0843569785357}, "spectral_contrast_valleys": {"dmean2": [0.600876450539, 0.538996100426, 0.493832617998, 0.446379780769, 0.383050560951, 0.679410815239], "median": [-6.4745965004, -6.63910484314, -7.72418832779, -8.40003681183, -8.5352191925, -11.8955421448], "min": [-27.2997913361, -26.8467483521, -27.2824630737, -27.3837032318, -27.3017215729, -27.2812137604], "dvar2": [0.287422388792, 0.242860332131, 0.217417478561, 0.261955529451, 0.247949138284, 0.8974827528], "dvar": [0.114356271923, 0.107188910246, 0.0963736474514, 0.115980744362, 0.121424093843, 0.394225209951], "dmean": [0.353221416473, 0.330356925726, 0.301425278187, 0.273376822472, 0.241671651602, 0.437900513411], "max": [-4.45205497742, -4.25102329254, -5.08720254898, -5.25705766678, -5.74408054352, -7.03608083725], "var": [3.01109528542, 1.39026260376, 1.44717121124, 1.60131967068, 2.11937117577, 3.02536344528], "mean": [-7.16754865646, -6.89223718643, -8.00591468811, -8.74054145813, -9.05954647064, -12.1406841278]}, "erbbands_flatness_db": {"dmean2": 0.0295661129057, "median": 0.203222677112, "min": 0.0303361974657, "dvar2": 0.00121030851733, "dvar": 0.000639222620521, "dmean": 0.0200033541769, "max": 0.595753908157, "var": 0.0118722924963, "mean": 0.23103287816}, "spectral_energyband_high": {"dmean2": 0.00087501888629, "median": 2.5663548513e-05, "min": 5.08617092887e-10, "dvar2": 2.35511342908e-05, "dvar": 8.20993864181e-06, "dmean": 0.00048638266162, "max": 0.0615978054702, "var": 4.88954583489e-06, "mean": 0.000384890183341}, "spectral_entropy": {"dmean2": 0.321000695229, "median": 6.78241348267, "min": 2.95022463799, "dvar2": 0.173140347004, "dvar": 0.0817817598581, "dmean": 0.212449014187, "max": 9.78561019897, "var": 0.849088609219, "mean": 6.53086805344}, "silence_rate_20dB": {"dmean2": 0.0260412581265, "median": 1, "min": 0, "dvar2": 0.0311639867723, "dvar": 0.0128490328789, "dmean": 0.0130196074024, "max": 1, "var": 0.0119342291728, "mean": 0.987922489643}, "melbands_flatness_db": {"dmean2": 0.0462825000286, "median": 0.355375438929, "min": 0.0467753298581, "dvar2": 0.00289040943608, "dvar": 0.001272454625, "dmean": 0.029803968966, "max": 0.805547893047, "var": 0.0132694905624, "mean": 0.376778930426}, "barkbands": {"dmean2": [0.0122612239793, 0.0228163674474, 0.0053233797662, 0.0040702810511, 0.00520903011784, 0.00360203790478, 0.00138915283605, 0.00075966498116, 0.000850387034006, 0.000265044276603, 0.000223739101784, 0.00015970574168, 0.000165978708537, 0.000181352064828, 0.000126399187138, 0.000135120280902, 0.000144026096677, 5.21278961969e-05, 3.53848445229e-05, 6.74749535392e-05, 4.08529413107e-05, 5.71667078475e-05, 9.2873837275e-05, 0.000146916674566, 0.000136720118462, 0.000215616717469, 0.000200312322704], "median": [0.000393249996705, 0.0140664512292, 0.000676479830872, 0.000631980889011, 0.00196883291937, 0.00215656030923, 0.00103224290069, 0.000148751103552, 0.000543549947906, 7.68443278503e-05, 8.48982454045e-05, 7.48271340854e-05, 4.74487242172e-05, 4.2813262553e-05, 3.14052012982e-05, 3.25299661199e-05, 2.50519951805e-05, 1.78766676981e-05, 8.92366733751e-06, 1.74195429281e-05, 7.29067687644e-06, 4.37661674368e-06, 1.5900109247e-06, 8.46077966798e-07, 4.34034348018e-07, 2.03621269179e-07, 9.1704571048e-08], "min": [1.37861166927e-09, 1.0955063523e-09, 1.14931321404e-10, 1.57067847617e-09, 3.08620934364e-10, 2.11556869245e-10, 6.24005777605e-11, 7.00196289838e-11, 6.89131043896e-11, 2.33254561499e-11, 2.73260216538e-11, 1.48340818795e-11, 9.30726242604e-12, 4.70690812715e-11, 3.18793429155e-11, 3.07977671143e-11, 3.16612187856e-11, 7.06652861227e-11, 6.88203868893e-11, 1.4376778934e-10, 2.59010146664e-10, 9.685233