{"tonal": {"thpcp": [1, 0.834618151188, 0.344673514366, 0.218364477158, 0.271238535643, 0.420577138662, 0.608029842377, 0.556135475636, 0.329993069172, 0.268153846264, 0.352252721786, 0.449394255877, 0.615136921406, 0.739817798138, 0.644989550114, 0.594651520252, 0.486179411411, 0.272851467133, 0.248250856996, 0.352431803942, 0.574705541134, 0.776672422886, 0.628722310066, 0.305827587843, 0.202337518334, 0.242558062077, 0.278215348721, 0.347616732121, 0.380177825689, 0.315098285675, 0.260724931955, 0.238882929087, 0.20973418653, 0.238185971975, 0.328773498535, 0.592299640179], "hpcp": {"dmean2": [0.162867337465, 0.151961430907, 0.128124028444, 0.121902875602, 0.11493922025, 0.132407009602, 0.172672659159, 0.224215731025, 0.246577441692, 0.251584261656, 0.168699011207, 0.120750099421, 0.148927286267, 0.173458233476, 0.194075748324, 0.202239319682, 0.145825952291, 0.13159416616, 0.175045102835, 0.204894423485, 0.2313003093, 0.238114744425, 0.237880975008, 0.217451572418, 0.184370517731, 0.143018126488, 0.136733278632, 0.185533985496, 0.24129524827, 0.26889026165, 0.237287580967, 0.168026864529, 0.113621979952, 0.118160232902, 0.135092690587, 0.152525797486], "median": [0.0352896526456, 0.0273113362491, 0.0205634329468, 0.0191993359476, 0.0172076579183, 0.0214488301426, 0.0340540036559, 0.0807281732559, 0.122904747725, 0.109946928918, 0.0432121530175, 0.0224862396717, 0.0259748864919, 0.035719871521, 0.053681820631, 0.0534701347351, 0.0337898433208, 0.022147949785, 0.0257995668799, 0.0380390807986, 0.0690544843674, 0.0645790994167, 0.0720538571477, 0.049662977457, 0.0393982417881, 0.0266816727817, 0.0227755457163, 0.0283171571791, 0.0625089406967, 0.0964883416891, 0.0693503320217, 0.0258905179799, 0.0118274884298, 0.0123460572213, 0.0172744914889, 0.0280001331121], "min": [0, 0, 0, 0, 0, 0, 0, 0, 0, 0, 0, 0, 0, 0, 0, 0, 0, 0, 0, 0, 0, 0, 0, 0, 0, 0, 0, 0, 0, 0, 0, 0, 0, 0, 0, 0], "dvar2": [0.0737651363015, 0.0739837288857, 0.0550961755216, 0.0601431503892, 0.0594715513289, 0.068528316915, 0.0803749188781, 0.0909584537148, 0.112917922437, 0.103979684412, 0.067574262619, 0.0538969598711, 0.0704767256975, 0.0789846628904, 0.0868472978473, 0.0886083170772, 0.0569091178477, 0.0560584664345, 0.0856618955731, 0.097868219018, 0.0999824032187, 0.10478965193, 0.106817528605, 0.0985435694456, 0.0774552077055, 0.0645370408893, 0.0561450086534, 0.0842572748661, 0.114100798965, 0.119366921484, 0.104571133852, 0.0820915326476, 0.0471092537045, 0.0576042979956, 0.0557324662805, 0.0736978650093], "dvar": [0.0288798622787, 0.0274974144995, 0.02063142322, 0.0223609935492, 0.0216046310961, 0.0246978923678, 0.0310021322221, 0.0348548293114, 0.0448309257627, 0.0427886769176, 0.0257834289223, 0.0197638813406, 0.0273772571236, 0.030566515401, 0.033551607281, 0.0377677753568, 0.0222452264279, 0.0216548945755, 0.0336502157152, 0.0403164923191, 0.0406724661589, 0.0459683537483, 0.0410255603492, 0.0396504551172, 0.0319175496697, 0.0236825216562, 0.0215522479266, 0.0339253470302, 0.0444341413677, 0.0467953048646, 0.0418867915869, 0.0306005310267, 0.0181793086231, 0.0212896820158, 0.0212141014636, 0.0274640377611], "dmean": [0.0958373397589, 0.0879055187106, 0.0731870979071, 0.0690709725022, 0.0645254701376, 0.075238160789, 0.0984151437879, 0.131488591433, 0.145168364048, 0.152170434594, 0.0983438789845, 0.0685736238956, 0.0860339403152, 0.102221392095, 0.114384509623, 0.121432691813, 0.0861364454031, 0.0759555771947, 0.101762190461, 0.123190574348, 0.137054026127, 0.141230672598, 0.140189453959, 0.125132486224, 0.108701683581, 0.0804952681065, 0.0787426233292, 0.108211070299, 0.142718538642, 0.155270725489, 0.141431197524, 0.0968982577324, 0.0629358440638, 0.0672583803535, 0.0781335160136, 0.0892473161221], "max": [1, 1, 1, 1, 1, 1, 1, 1, 1, 1, 1, 1, 1, 1, 1, 1, 1, 1, 1, 1, 1, 1, 1, 1, 1, 1, 1, 1, 1, 1, 1, 1, 1, 1, 1, 1], "var": [0.0434224978089, 0.0341278165579, 0.028415709734, 0.0278427265584, 0.0217495895922, 0.0233144592494, 0.0334269814193, 0.0577212758362, 0.135592326522, 0.0995226576924, 0.0291760768741, 0.0181249380112, 0.0265428051353, 0.0488488636911, 0.0801044628024, 0.071099050343, 0.0301967673004, 0.0285390149802, 0.0416698306799, 0.0542631037533, 0.0702310577035, 0.107085093856, 0.0706622004509, 0.0842673629522, 0.0627490952611, 0.025623947382, 0.021680271253, 0.0385890603065, 0.0693544000387, 0.0970660597086, 0.0761404782534, 0.0320332311094, 0.0213689990342, 0.0338066294789, 0.0296101458371, 0.0414649732411], "mean": [0.121527291834, 0.100724034011, 0.0833430886269, 0.0763610973954, 0.0670434385538, 0.0761383101344, 0.105095431209, 0.189333960414, 0.319659084082, 0.26679328084, 0.110178023577, 0.0698021873832, 0.0867038592696, 0.134441301227, 0.194362267852, 0.177773758769, 0.105485282838, 0.0857178121805, 0.112600781024, 0.143652960658, 0.196634098887, 0.236489474773, 0.206176772714, 0.1900857687, 0.155411660671, 0.0872194543481, 0.0793556421995, 0.112658023834, 0.183709844947, 0.248270392418, 0.200976788998, 0.0977605655789, 0.0646790266037, 0.0775358900428, 0.0889340639114, 0.111118845642]}, "tuning_equal_tempered_deviation": 0.170161038637, "chords_changes_rate": 0.0704941824079, "key_key": "E", "tuning_diatonic_strength": 0.738520741463, "key_scale": "major", "chords_number_rate": 0.00617732573301, "tuning_frequency": 445.627075195, "tuning_nontempered_energy_ratio": 0.861758053303, "chords_histogram": [6.21366262436, 3.30668616295, 20.2034893036, 0.508720934391, 8.17587184906, 0, 1.41715121269, 0.799418628216, 1.19912791252, 0.763081371784, 0, 0, 0.581395328045, 1.45348834991, 4.65116262436, 5.12354660034, 16.3154067993, 6.03197669983, 2.14389538765, 6.17732572556, 3.08866286278, 4.61482572556, 2.18023252487, 5.0508723259], "key_strength": 0.819857299328, "chords_key": "B", "chords_strength": {"dmean2": 0.0100748920813, "median": 0.573110342026, "min": 0.276674866676, "dvar2": 7.89275363786e-05, "dvar": 7.05891216057e-05, "dmean": 0.0100724734366, "max": 0.799352109432, "var": 0.00823228806257, "mean": 0.565130054951}, "chords_scale": "major", "hpcp_entropy": {"dmean2": 1.05454015732, "median": 1.8758430481, "min": 0, "dvar2": 0.688349783421, "dvar": 0.263020187616, "dmean": 0.62847840786, "max": 4.26646184921, "var": 0.536695599556, "mean": 1.85048174858}}, "metadata": {"audio_properties": {"equal_loudness": 0, "codec": "mp3", "downmix": "mix", "sample_rate": 44100, "analysis_sample_rate": 44100, "bit_rate": 192000, "md5_encoded": "abf647c5031dad60b73a371c6a2aa7eb", "length": 127.712654114, "replay_gain": -6.13782310486, "lossless": false}, "version": {"essentia_build_sha": "2d9f1f26377add8aeb1075a9c2973f962c4f09fd", "essentia": "2.1-beta2", "extractor": "music 1.0", "essentia_git_sha": "v2.1_beta2-1-ge3940c0"}, "tags": {"title": ["Your Cheatin' Heart"], "acoustid_fingerprint": ["AQADtEqUJEkiidLwJEf3TAqu_vCDivZxoV9AMTseLcdp4w_QDh_qzbHg1JiMfnA-vDnCVLugi1KMlU2WIDzR7An26Ji7F82pCH3U413RnATzYkdIJdCmjAjf4sd0hD8SPs_Ra9h7PBMFNxeuXMRT_Eh2hNEkXGmK6g58ypi-HA_Bp7jkJtjlomtWND_247_gOscTnfjxHc3uGMyao6Ku4kat8OiPbcwRb4e2KUmQT0cTHn1xMaWO8xFOB_8BV8UTDXeiGH9MhHmuQJEyecLDRDqyeIOH_Ts8CR5hSqh4EXeWInzxGvqLJzvS7oT74rikHCd-NDsu9viFPsgzozd-FjvlIPSS5Ggc4kLDo5LENMYVCdmLhMdVNA-Y48qMUj5sMHYO9FfgSQ8szqiWJsapBumO5OnwHV972KmGS0Q8FhopI9UN7vAV_MYv-JIRPofOHGF-VBQ6_WDi4ryIXjaaXEfGEU1e9PhhvtAxF7ngXfjooCIPbzm6MaGS4GfwHKloJJeOj2HQbEcbTwvOE81_dB-DWkWToyRzmJOsINcGfTHS4CVOtQncJEOPB81phD9UysizY1q-iPCPfsNN5GGa4NNn6CeRhRIaF__RC56VCq2SGZcYnOjRjOHxJLpx7GEY9BGPJIqT5MjBUMoDc4d5HZeOjpdwjQ-SKESOM4nRVMQffHmRT0tjaDmLkMf_4GSMMzlKDimZDvoR_jjuo88OPBVyDWJ-5DuO6ycc5lh9OL-IHtkXHKUSEQqzCWnQGz_-4yv2S0hWDqGS47qC_yumvKhlH000ozZ-XH2QX0huXFrQpI0mtDka5RR6Bu-OlSMR5hySUVtw6ccv8IGdHuOD459EPP3QTOaEXNCPSN9x5kGjJHaKSruIPdhOPMuPX8GT4cWdyAoeHyGtQ0S4kKB1fAeuo9I3UNmk4NJyhLFy3FDq430kaGqOpoj16MQpHo12oWqO5xdOpsGTF2mN5ApcBW824knCB9cTPCzs4DpeXAg57dCDw4cj6YJ2M8iT4qOKnkfzLHikB1dCynAu4kTsQ9mRf8aT5ME1FXeC3vDzZaik7Amu3MiNZPzRaMe6PDj-w1Xx5PiRB3r24xMqSkKzJZAV5D-O5pLRD8d39MQ9JPwR_njwxcev4MLltiizXEFz5ciPb9AnhMGkXsGjB7dk5I0OzQ2oH08OnRwiR54UYovzBNaHPt7x72hqJDvyoKlO9FzxRDya88El5Dl0HU8Q_cKeIxdZSHoWrujxI2mWZDke_XDk43nwH1NqwqKDSolozIyX4z8yOfqC5IoSDlfwH83zHJy0w25QG0mEMD_e49OO1xJMNUyEPyIeIiWP5Bdz9OLQhMebLahuNGcTJL-QKyG-F82WLPiInjHu4fiFR9iPIiFyUGHCFC4pTOfwcMhrFfovRI_jg-Gkwz3wxah-BeXR8CROBmfeof3h6AqqGD_4cLh09AkSJUsQkvBzPHBo9LiWCkjyDzmT5Djx5DiqO8T5I_0P7drxDDltPImORuE4PFKA2seD6sfL49uD6TORVSI0R7uRvlXgJPzRHz2PJj9ePDZiawJ5NHmoYHqGI9eN_THoHKEk8dBmHhcDfh60HM-RTkePoziu4RPCQ6WKzNSFS_nxGu7x78ExRT_6CE-SC5VEdQnxEY6Po0eeIfF8lKGSwDmuSIYZHV4X9MkR8k4CLcwunC3U7sgP68cX_EGeJTIuXEM36dheVErV4Q8u_MGZbdCOMM_xh8TlVEGPjTs-eNiL9Ch5yDzCo6ny4GwoNCr6Y7pENA_woFH04DkcGz16BU13IU-g3kiPY37wBeGXQNJDIm8IF8UlsSh1ZOplPNkhnnhzDM4Fr3iOH4d4VMd_XEmG60KfBM0LHMeVB--M3sjh5yglVsH14UmFphva60h2IuW0o5TxHD18TAd9RDouHhcaFcePr3DThdD5IGeJH41OVI-P50GP5tjB_YSnTkjMcEhPnPrxE-UH5zn44z_-If2R9MT06DjqwT36dcKeCLvgiFl2PIr44sePZyeaM0Z_HTl0F9F148zx7ziPoxN_ePqQ_bjBDyV3vCLyH_uLtw-uBN6MR0fOJMd3-PiPPzie5lB0MhpSz4XNo6ZSDWd6PONxBU2TZIxQixeSF7mM5kepo04vvMiiQ37xhUaeD86cH1fRh0fTxnjKoOfhLA46Xwj1C-It9FKOXEGYcriIRI7hl7iP5qKOOyH24dpRPrCmM0FCvQlyyYV3dAkjHi_-4Md_JMuPUMq6omQPPzP-oHFwSQlOB_mQLHWCdug5wUc9OUJsGZpyhDnmBe_x6rhI1AdVC6FS5kiq5firFG2V41wOP4qE_sSLKnmMLFkOXXiSD81RCo_AMhfsyUnwJ3hiZInzgaHwLRdy8omgpe8ROlHS48nBD3eRhEyyHLmORkd_3HrQC7GSIxkX40pk480xxVMmfItCJH-Q7mDkB2RknFpQE9vhqEe9PGjSHP3xLxvCL0bjCjoRhg_KWcG3Iox69BT0PMHRRaLRkMRfaC9eVDqeK_gO9If440eeY9bhyyAfimhGakT2H6euQx-uo-mhneiR6jFKanh23BZ-tId3oWsRc9GRPDhDPMV1ND8qZxcup0i-B7k8oxTxKfhCPD8u3vAfwD_OaHLRVMJzPMuR64LiIYy2RRMAZYgBAhEngDLAEU0YIYApAQwQhAjitHFKAwQIMAYxhQilwBIDiNAEAKAAA0Q4JpgDgCijiFLCIacwAEwAZQQzAACiAADECOuQQIQIKwhwRCGgCFYAAAEIU0AzaoFyhCAkDCJIECEgUooCBYgRiBgADABUEC-MEUYoQowBBhEiiBACAKEE0BQQY4hADiGEgACAAEqoVkKIQgRUSSEAGCLAESIMEUAwAQxBQAAnEiJCKMQIc4QIpIxQhhkPmAFcGIIEAAQAAQJxwhImBFKIIAEkd4AJQYBHmAgGiFGECKIUA4QAShhijhiDCSFAAAaYIUAQRRgAhDhGlEUMInIMFMoAIwihEgsnFAIaEIEQIcIhEBhQEgmRBGDCEREEgkQIZYwCDQhAARHAE6WQQUAhApQAxAACkDDKACIEQAYgwZwSzABJkTNCKEgAQAAZAwgkygACCBHECGAAUgQIAJCQxAEBhBACIIaMlIICAAAAwDABKCDEAOEQJswRID1WCgBECAIHAAUEAIoIRQhwRhBghBEACOYIQUwxARQ1hiArBDWKcKCEKQYBYoBSAABwgCDCImcNJAgLJQghjBjGiBBiCUMkRwoIIIQgBjmIDFGIECEIUoQxS4yQYHAJlEACEUEYRgwxUIggBhBlASQBEuYCMEgqoABSWhFnoZGQAoQEgYQYoIhCGgiBADBGIAaYQgIIgwwwoBliBCBEMsMQEEKwQgAiQAiiKAFGIISQEQIJAAA4VjgINFJAKQCQEMQQY4FzwACgpUHICICEYwISQZBwTAmACDHCACGMAsYjpRAjQCAFoDDME2uQEUQwzIQBjBAhBHCMSUEMAYRBQAQAQDBBqTMUGyOIAQgBBIUzwhAhlBBIIoaEYwIiIIRACCHCgATGIEEUAEAAgYlSAgvmECHOQccIccAAYhATxAADDDBAAGgIEQw"], "date": ["1958"], "genre": ["Rock & Roll"], "musicbrainz album type": ["Album"], "musicip_puid": ["433da007-9a74-b24c-b2e5-ba177415fb8a"], "musicbrainz_recordingid": ["04bc3225-d044-4890-966d-ed47b0f11638"], "musicbrainz_albumid": ["49783591-150d-4da2-b7a2-8640d770124c"], "artist": ["Gene Vincent & His Blue Caps"], "tracknumber": ["09"], "bpm": ["110.53"], "album": ["Gene Vincent Rocks! and the Blue Caps Roll"], "acoustid_id": ["89032057-df7e-4316-b7ff-33b42f34a0f6"], "file_name": "Gene Vincent & His Blue Caps - Your Cheatin' Heart.mp3"}}, "rhythm": {"bpm_histogram_first_peak_bpm": {"dmean2": 0, "median": 110, "min": 110, "dvar2": 0, "dvar": 0, "dmean": 0, "max": 110, "var": 0, "mean": 110}, "bpm": 109.783752441, "bpm_histogram_second_peak_spread": {"dmean2": 0, "median": 0.511627912521, "min": 0.511627912521, "dvar2": 0, "dvar": 0, "dmean": 0, "max": 0.511627912521, "var": 0, "mean": 0.511627912521}, "bpm_histogram_first_peak_weight": {"dmean2": 0, "median": 0.301310032606, "min": 0.301310032606, "dvar2": 0, "dvar": 0, "dmean": 0, "max": 0.301310032606, "var": 0, "mean": 0.301310032606}, "onset_rate": 3.530803442, "beats_position": [0.708208620548, 1.4164172411, 2.07818579674, 2.73995471001, 3.34367346764, 3.94739222527, 4.53950119019, 5.13160991669, 5.71210861206, 6.30421733856, 6.8963265419, 7.47682523727, 8.05732440948, 8.64943313599, 9.24154186249, 9.82204055786, 10.4141492844, 11.0062580109, 11.5867567062, 12.1672563553, 12.7361450195, 13.3166437149, 13.8855323792, 14.4660310745, 15.0349206924, 15.6154193878, 16.1843090057, 16.7531967163, 17.3104763031, 17.8793640137, 18.4714736938, 19.0635814667, 19.6556911469, 20.247800827, 20.8282985687, 21.3971881866, 21.9660758972, 22.523355484, 23.0806350708, 23.6379127502, 24.2068023682, 24.7756919861, 25.3329696655, 25.9018592834, 26.470746994, 27.0280265808, 27.5969161987, 28.1541938782, 28.711473465, 29.2571430206, 29.8144207001, 30.3717002869, 30.9289798737, 31.4862575531, 32.0435371399, 32.6008148193, 33.1580963135, 33.7153739929, 34.2842636108, 34.8531494141, 35.4104309082, 35.9677085876, 36.5249862671, 37.0822677612, 37.6395454407, 38.1968231201, 38.7424926758, 39.2997741699, 39.8570518494, 40.402721405, 40.9599990845, 41.5056686401, 42.0629463196, 42.6086158752, 43.1542854309, 43.6999549866, 44.2340126038, 44.7796821594, 45.3253517151, 45.8594093323, 46.4050788879, 46.9507484436, 47.508026123, 48.0420837402, 48.5761451721, 49.1102027893, 49.655872345, 50.2015419006, 50.7472114563, 51.2928771973, 51.8385467529, 52.4074363708, 52.9763259888, 53.5452156067, 54.1024932861, 54.6481628418, 55.1938323975, 55.7511100769, 56.3083877563, 56.8656692505, 57.4113349915, 57.9570045471, 58.5026741028, 59.0483436584, 59.5824012756, 60.1280708313, 60.673740387, 61.2310180664, 61.7766876221, 62.3223571777, 62.8796348572, 63.4253044128, 63.9709739685, 64.5050354004, 65.0507049561, 65.5963668823, 66.142036438, 66.6761016846, 67.2217712402, 67.779045105, 68.3363265991, 68.8703842163, 69.4044418335, 69.9384994507, 70.4841690063, 71.0182266235, 71.5522918701, 72.0747375488, 72.608795166, 73.1428527832, 73.6653060913, 74.210975647, 74.7450332642, 75.2907028198, 75.8363723755, 76.3704299927, 76.9160995483, 77.461769104, 78.0074386597, 78.5531082153, 79.098777771, 79.6444396973, 80.1901092529, 80.7241744995, 81.2466201782, 81.7806777954, 82.3147354126, 82.8487930298, 83.3944625854, 83.9169158936, 84.4509735107, 84.9734191895, 85.4958724976, 86.0299301147, 86.5755996704, 87.1212692261, 87.6669387817, 88.2242126465, 88.7814941406, 89.3387756348, 89.907661438, 90.4649429321, 91.0106124878, 91.5562820435, 92.1135559082, 92.6708374023, 93.2281188965, 93.7737884521, 94.3194503784, 94.853515625, 95.4107894897, 95.9564590454, 96.5021286011, 97.0361862183, 97.5818557739, 98.1275253296, 98.6731948853, 99.2072525024, 99.7529220581, 100.286979675, 100.821044922, 101.366706848, 101.912376404, 102.44644165, 103.015327454, 103.584213257, 104.095054626, 104.605895996, 105.128341675, 105.662399292, 106.208068848, 106.765350342, 107.311019897, 107.856689453, 108.402359009, 108.948028564, 109.493690491, 110.027755737, 110.573425293, 111.10748291, 111.641540527, 112.175598145, 112.709655762, 113.243713379, 113.777778625, 114.311836243, 114.834281921, 115.368339539, 115.890792847, 116.413238525, 116.947296143, 117.481361389, 118.015419006, 118.561088562, 119.106758118, 119.664031982, 120.221313477, 120.766983032, 121.301040649, 121.835098267, 122.369155884, 122.879997253, 123.402442932, 123.913284302, 124.424125671, 124.934967041, 125.445800781, 125.956642151, 126.467483521, 126.989929199], "beats_loudness": {"dmean2": 0.00934919063002, "median": 0.00845669396222, "min": 7.24399399132e-07, "dvar2": 0.000137992217788, "dvar": 4.66582205263e-05, "dmean": 0.00553909596056, "max": 0.052840616554, "var": 5.81020613026e-05, "mean": 0.00959074683487}, "danceability": 0.994114458561, "bpm_histogram_second_peak_weight": {"dmean2": 0, "median": 0.0917030572891, "min": 0.0917030572891, "dvar2": 0, "dvar": 0, "dmean": 0, "max": 0.0917030572891, "var": 0, "mean": 0.0917030572891}, "beats_count": 230, "bpm_histogram_second_peak_bpm": {"dmean2": 0, "median": 105, "min": 105, "dvar2": 0, "dvar": 0, "dmean": 0, "max": 105, "var": 0, "mean": 105}, "bpm_histogram_first_peak_spread": {"dmean2": 0, "median": 0.568750023842, "min": 0.568750023842, "dvar2": 0, "dvar": 0, "dmean": 0, "max": 0.568750023842, "var": 0, "mean": 0.568750023842}, "beats_loudness_band_ratio": {"dmean2": [0.30452722311, 0.156573787332, 0.207050055265, 0.132185637951, 0.295295894146, 0.174683824182], "median": [0.178601562977, 0.0782197117805, 0.0902513563633, 0.0662809312344, 0.18649789691, 0.121183276176], "min": [0.000434157380369, 0.000122346522403, 0.000405574333854, 0.000237643078435, 0.000400167773478, 0.000525694980752], "dvar2": [0.063869073987, 0.0235277358443, 0.0623970739543, 0.0212872158736, 0.061603218317, 0.0192245524377], "dvar": [0.0276551116258, 0.00862834881991, 0.0219093635678, 0.00791023299098, 0.0226840414107, 0.00863216817379], "dmean": [0.186374947429, 0.0880621522665, 0.119017764926, 0.0789586976171, 0.171867832541, 0.105261705816], "max": [0.955048024654, 0.535090088844, 0.862457573414, 0.527560532093, 0.88305336237, 0.949585974216], "var": [0.05467088148, 0.010486215353, 0.0269999578595, 0.0123559068888, 0.039237421006, 0.0192088913172], "mean": [0.266272723675, 0.110410071909, 0.153707012534, 0.107060313225, 0.245814308524, 0.151919022202]}}, "lowlevel": {"barkbands_spread": {"dmean2": 8.506980896, "median": 24.6868362427, "min": 0.58275860548, "dvar2": 89.5236282349, "dvar": 38.8477134705, "dmean": 5.52842617035, "max": 78.8051605225, "var": 158.544754028, "mean": 25.5167770386}, "melbands_spread": {"dmean2": 16.3104991913, "median": 36.2242660522, "min": 0.54686653614, "dvar2": 404.312286377, "dvar": 174.057235718, "dmean": 10.4651422501, "max": 187.943023682, "var": 833.73248291, "mean": 42.1657333374}, "hfc": {"dmean2": 5.67094659805, "median": 5.86136341095, "min": 1.19530801357e-16, "dvar2": 169.127410889, "dvar": 79.5917282104, "dmean": 3.84268736839, "max": 161.69821167, "var": 390.126556396, "mean": 12.4240684509}, "barkbands_kurtosis": {"dmean2": 3.75889635086, "median": 0.0706128329039, "min": -1.91462385654, "dvar2": 77.5217971802, "dvar": 38.7983360291, "dmean": 2.45872664452, "max": 269.385131836, "var": 383.044403076, "mean": 4.84323549271}, "gfcc": {"mean": [-107.508453369, 96.5552444458, -158.1640625, 64.5800476074, -64.4574127197, 1.7397377491, -29.3380680084, 4.39082717896, -19.5642929077, -15.2765855789, -9.67977333069, -6.10686016083, -6.9755449295], "icov": [[0.000261821027379, -0.000309594732244, 0.000643357925583, -0.000875649275258, 0.000672399881296, -0.000429380655987, 6.19549391558e-05, -0.000205720265512, 1.77320580406e-05, -0.000344706844771, 0.000609409762546, -0.000323427317198, 0.000329646893078], [-0.000309594732244, 0.00237180339172, -0.00188431644347, 0.00265610544011, -0.00195092300419, 0.00127796595916, -0.000605795066804, 0.00103322020732, -0.00113508605864, 0.00190308550373, -0.00286242365837, 0.00246183853596, -0.00130021153018], [0.000643357925583, -0.00188431644347, 0.00455962494016, -0.00459270970896, 0.0028366940096, -0.0028090949636, 0.00105368916411, -0.000561482564081, -0.000308116432279, -0.000198059322429, 0.000275096972473, -0.00124794361182, 0.000756328052375], [-0.000875649275258, 0.00265610544011, -0.00459270970896, 0.0087236315012, -0.00568094756454, 0.00321884895675, -0.000625814835075, 0.00116503017489, -0.000660140765831, 0.00152236013673, -0.00130158662796, 0.000910652568564, -0.00153184193186], [0.000672399881296, -0.00195092300419, 0.0028366940096, -0.00568094756454, 0.00589078199118, -0.00192894518841, 0.000746406964026, -0.00166418892331, 0.000713938614354, -0.00134439684916, 0.00122573669069, -0.00220622261986, 0.000344488595147], [-0.000429380655987, 0.00127796595916, -0.0028090949636, 0.00321884895675, -0.00192894518841, 0.00600483687595, -0.00251451018266, 0.000881275802385, -0.000645997002721, -0.000438512943219, -0.00134847848676, 0.00275413622148, -0.00100221589673], [6.19549391558e-05, -0.000605795066804, 0.00105368916411, -0.000625814835075, 0.000746406964026, -0.00251451018266, 0.00444701174274, -0.0019754183013, 0.00187965866644, -0.000965615618043, 0.000326525216224, -0.00202431925572, 0.00139339955058], [-0.000205720265512, 0.00103322020732, -0.000561482564081, 0.00116503017489, -0.00166418892331, 0.000881275802385, -0.0019754183013, 0.00794317014515, -0.00280421273783, 0.000952624715865, -0.00164476048667, 0.000279415398836, 0.000165851015481], [1.77320580406e-05, -0.00113508605864, -0.000308116432279, -0.000660140765831, 0.000713938614354, -0.000645997002721, 0.00187965866644, -0.00280421273783, 0.0104837752879, -0.00382210407406, 0.00200987211429, -0.000481279479573, -0.0011697371956], [-0.000344706844771, 0.00190308550373, -0.000198059322429, 0.00152236013673, -0.00134439684916, -0.000438512943219, -0.000965615618043, 0.000952624715865, -0.00382210407406, 0.0124643798918, -0.00450104288757, 0.00373098417185, -0.00190161855426], [0.000609409762546, -0.00286242365837, 0.000275096972473, -0.00130158662796, 0.00122573669069, -0.00134847848676, 0.000326525216224, -0.00164476048667, 0.00200987211429, -0.00450104288757, 0.0142990173772, -0.00675708381459, 0.00286866654642], [-0.000323427317198, 0.00246183853596, -0.00124794361182, 0.000910652568564, -0.00220622261986, 0.00275413622148, -0.00202431925572, 0.000279415398836, -0.000481279479573, 0.00373098417185, -0.00675708381459, 0.0142298908904, -0.00320198689587], [0.000329646893078, -0.00130021153018, 0.000756328052375, -0.00153184193186, 0.000344488595147, -0.00100221589673, 0.00139339955058, 0.000165851015481, -0.0011697371956, -0.00190161855426, 0.00286866654642, -0.00320198689587, 0.0133577864617]], "cov": [[8790.08691406, -1053.19018555, -1268.2791748, -40.6927604675, -644.109680176, 132.899551392, 344.14654541, 101.298683167, -23.4590702057, 178.996856689, -449.020690918, -103.977104187, -167.935470581], [-1053.19018555, 1366.44250488, 522.098388672, -126.012329102, 105.345344543, 51.9455833435, -83.0555419922, -71.0797576904, 88.4134140015, -68.4209060669, 202.591461182, -79.7509841919, 61.0884284973], [-1268.2791748, 522.098388672, 868.125732422, 280.693817139, 165.025848389, 93.1907424927, -125.969604492, -29.4691734314, 75.3155975342, -47.6124038696, 134.372085571, 20.9763851166, 57.3845672607], [-40.6927604675, -126.012329102, 280.693817139, 621.587768555, 431.855712891, -129.950454712, -113.729423523, 29.4007816315, 20.5228004456, -36.4833221436, 10.2868976593, 108.623077393, 55.171169281], [-644.109680176, 105.345344543, 165.025848389, 431.855712891, 628.852722168, -83.5713119507, -69.9754714966, 57.2334480286, 15.644452095, -25.2264556885, 58.4002227783, 105.136917114, 60.8700065613], [132.899551392, 51.9455833435, 93.1907424927, -129.950454712, -83.5713119507, 352.687255859, 169.929748535, 12.3373651505, 11.1746740341, 53.7352409363, 22.4555854797, -53.5695495605, -16.7000198364], [344.14654541, -83.0555419922, -125.969604492, -113.729423523, -69.9754714966, 169.929748535, 420.990631104, 79.6642227173, -55.3500061035, 35.7886428833, 21.4198074341, 20.1421298981, -52.3609466553], [101.298683167, -71.0797576904, -29.4691734314, 29.4007816315, 57.2334480286, 12.3373651505, 79.6642227173, 170.68522644, 23.5235157013, 12.1889257431, 13.6003284454, 26.8475780487, -8.04803848267], [-23.4590702057, 88.4134140015, 75.3155975342, 20.5228004456, 15.644452095, 11.1746740341, -55.3500061035, 23.5235157013, 137.97253418, 31.8475933075, 0.599027097225, -16.2059459686, 25.7932739258], [178.996856689, -68.4209060669, -47.6124038696, -36.4833221436, -25.2264556885, 53.7352409363, 35.7886428833, 12.1889257431, 31.8475933075, 119.264396667, 6.36443662643, -22.2747077942, 1.29359340668], [-449.020690918, 202.591461182, 134.372085571, 10.2868976593, 58.4002227783, 22.4555854797, 21.4198074341, 13.6003284454, 0.599027097225, 6.36443662643, 147.723236084, 42.1941223145, 1.49601614475], [-103.977104187, -79.7509841919, 20.9763851166, 108.623077393, 105.136917114, -53.5695495605, 20.1421298981, 26.8475780487, -16.2059459686, -22.2747077942, 42.1941223145, 134.414230347, 15.4758071899], [-167.935470581, 61.0884284973, 57.3845672607, 55.171169281, 60.8700065613, -16.7000198364, -52.3609466553, -8.04803848267, 25.7932739258, 1.29359340668, 1.49601614475, 15.4758071899, 96.6013870239]]}, "spectral_energyband_middle_low": {"dmean2": 0.000999833107926, "median": 0.00156899553258, "min": 2.64684391692e-22, "dvar2": 1.94464087144e-06, "dvar": 8.23833602226e-07, "dmean": 0.000643526902422, "max": 0.0140943434089, "var": 3.68719383914e-06, "mean": 0.00207056361251}, "melbands_crest": {"dmean2": 4.59019708633, "median": 12.2242231369, "min": 2.59117603302, "dvar2": 19.270980835, "dvar": 7.45515727997, "dmean": 2.8592941761, "max": 35.6748962402, "var": 24.4257602692, "mean": 13.0994281769}, "spectral_kurtosis": {"dmean2": 3.561378479, "median": 3.11437320709, "min": -1.23246562481, "dvar2": 15.4426336288, "dvar": 5.18746328354, "dmean": 2.03457546234, "max": 29.0776424408, "var": 12.7192182541, "mean": 4.11298322678}, "spectral_rms": {"dmean2": 0.000455949135358, "median": 0.00233180541545, "min": 3.25970934273e-12, "dvar2": 3.11861754199e-07, "dvar": 1.57470367412e-07, "dmean": 0.000315506826155, "max": 0.00760830426589, "var": 1.23409358821e-06, "mean": 0.00235029752366}, "zerocrossingrate": {"dmean2": 0.0100055038929, "median": 0.07568359375, "min": 0.0029296875, "dvar2": 0.000195220578462, "dvar": 0.000152178748976, "dmean": 0.00852668099105, "max": 0.49658203125, "var": 0.00153032678645, "mean": 0.0792165771127}, "silence_rate_60dB": {"dmean2": 0.151272729039, "median": 0, "min": 0, "dvar2": 0.145483270288, "dvar": 0.069902010262, "dmean": 0.0756226107478, "max": 1, "var": 0.206534355879, "mean": 0.29153034091}, "erbbands_kurtosis": {"dmean2": 2.83436846733, "median": -0.0491681806743, "min": -1.80783843994, "dvar2": 32.3925666809, "dvar": 14.9638633728, "dmean": 1.82792425156, "max": 131.492019653, "var": 55.6335487366, "mean": 2.56789302826}, "erbbands": {"dmean2": [0.00366159761325, 0.0625868365169, 0.308591276407, 0.844701528549, 1.18010985851, 0.941427826881, 1.53459584713, 1.33243000507, 1.45815753937, 3.30798721313, 5.23074197769, 4.79081487656, 9.48239517212, 3.93834066391, 6.38380241394, 5.46928501129, 4.65235853195, 4.56195020676, 5.06639289856, 6.57000350952, 8.08629798889, 28.1622638702, 42.3650169373, 18.4741420746, 16.7871437073, 12.0826063156, 7.41069126129, 5.94109773636, 4.21164035797, 1.80295884609, 0.729297399521, 0.365596413612, 0.179998606443, 0.0645533725619, 0.0140544362366, 0.00222972244956, 0.000442491436843, 6.87349238433e-05, 3.79357084057e-06, 3.87182899431e-06], "median": [0.00101378746331, 0.0391511246562, 0.213672608137, 0.338158726692, 0.535184979439, 0.662501573563, 0.74345344305, 0.556203722954, 0.657114624977, 1.04487335682, 1.18038105965, 0.925168454647, 1.13099718094, 1.38644266129, 2.02515816689, 1.53359591961, 1.28834891319, 1.22241139412, 1.22611093521, 1.71069049835, 3.3160367012, 7.02345561981, 9.39844894409, 5.4263420105, 4.27138614655, 3.42615771294, 1.75761651993, 1.45253419876, 1.25696730614, 0.604510188103, 0.263925135136, 0.103120595217, 0.0409808196127, 0.0146774556488, 0.00468879984692, 0.000837667204905, 8.38141932036e-05, 7.35620869818e-06, 3.96741324948e-06, 7.11902521289e-06], "min": [1.23693662569e-21, 7.31090982825e-21, 7.17044664387e-21, 4.44661374971e-20, 7.9902390149e-20, 4.63087598597e-20, 1.54756833062e-19, 2.47660175994e-19, 4.3942217453e-19, 4.05000940344e-19, 3.65751065182e-19, 4.24389640312e-19, 2.0303749909e-18, 2.33171192497e-18, 2.87927695275e-18, 4.11501054844e-18, 4.7101231586e-18, 2.73832578996e-18, 4.70301891791e-18, 4.34152403302e-18, 8.95554534806e-18, 8.48458923912e-18, 8.65289071528e-18, 9.78985046723e-18, 1.71147192527e-17, 1.16973215152e-17, 1.93147483668e-17, 1.70023500752e-17, 1.36632560344e-17, 1.33347197474e-17, 1.54966034276e-17, 1.60828048211e-17, 1.60380907459e-17, 1.27269272857e-17, 7.5494499761e-18, 5.72349137369e-18, 3.54492635567e-18, 1.3246488941e-18, 3.12857000912e-19, 3.52213084772e-20], "dvar2": [6.39537029201e-05, 0.0135188987479, 0.373909980059, 3.8245010376, 4.61583137512, 2.40952801704, 8.8699054718, 7.82547140121, 29.5254878998, 123.175003052, 161.506225586, 212.511322021, 606.328857422, 127.87853241, 253.880935669, 243.18409729, 132.208251953, 219.4087677, 236.065231323, 450.506988525, 580.909912109, 7661.91845703, 20475.5058594, 3003.80664063, 3024.91503906, 1064.74523926, 420.173370361, 569.442016602, 138.670913696, 23.6937580109, 21.6421279907, 9.00005722046, 1.40170812607, 0.227720305324, 0.0060017243959, 0.000158652677783, 7.97301981947e-06, 2.47206202175e-07, 2.18130319363e-10, 5.22852074136e-11], "dvar": [3.42706443917e-05, 0.00564231257886, 0.126061469316, 1.34223163128, 1.6670140028, 1.08844101429, 3.77697873116, 3.12610125542, 12.9235877991, 68.970161438, 80.1090087891, 103.114944458, 246.300994873, 64.6114501953, 102.207794189, 107.734130859, 62.5917892456, 112.274505615, 112.019439697, 203.850372314, 250.511932373, 3529.64526367, 9408.56835938, 1287.07763672, 1336.51782227, 495.783660889, 192.763061523, 271.046081543, 63.8344841003, 11.5609998703, 10.2413520813, 4.09487342834, 0.664563179016, 0.0950877591968, 0.00244691153057, 6.86940038577e-05, 3.70795623894e-06, 1.200650388e-07, 1.0912231535e-10, 2.45731698878e-11], "dmean": [0.00238289497793, 0.0385297983885, 0.181066170335, 0.519079983234, 0.711421132088, 0.599943697453, 0.948172748089, 0.834856987, 0.981046140194, 2.34768247604, 3.6307694912, 3.27572393417, 6.08616256714, 2.73937225342, 4.14650344849, 3.66550683975, 3.12258315086, 3.11309599876, 3.43660211563, 4.31613826752, 5.31129312515, 18.7183265686, 27.4626579285, 11.7674417496, 10.8949651718, 8.1866235733, 4.93201160431, 3.96092653275, 2.81244015694, 1.26894760132, 0.476358920336, 0.242361068726, 0.118378832936, 0.0420093648136, 0.00920799560845, 0.00148819375318, 0.000293853663607, 4.53640059277e-05, 2.61134073298e-06, 2.61689797298e-06], "max": [0.168011471629, 1.61897325516, 7.99131774902, 23.2368431091, 20.6433925629, 26.4329738617, 61.2418403625, 39.558429718, 130.867965698, 249.060760498, 210.874984741, 295.871826172, 269.763458252, 321.096405029, 330.539642334, 253.208129883, 165.695678711, 291.574859619, 245.334960938, 356.256713867, 420.839355469, 1502.4642334, 2870.0480957, 1362.88635254, 1553.0982666, 581.351806641, 282.468414307, 820.611633301, 209.843170166, 93.3690643311, 138.722503662, 98.6636505127, 28.7230911255, 12.7990674973, 1.96934664249, 0.380561292171, 0.071629434824, 0.0149705987424, 0.000382963364245, 9.24175910768e-05], "var": [0.000544905022252, 0.0426312871277, 0.205680638552, 1.98145735264, 2.32526755333, 2.84431004524, 10.5089874268, 9.9327955246, 18.9292564392, 301.963867188, 387.438354492, 513.596313477, 732.303771973, 460.097595215, 467.624328613, 333.325439453, 213.893920898, 475.173065186, 399.98651123, 506.380096436, 616.515563965, 12423.2900391, 35003.96875, 5078.71728516, 4916.02490234, 1709.94055176, 544.510375977, 784.352172852, 187.953826904, 40.3149375916, 14.1252593994, 5.18901157379, 0.796894788742, 0.0940229296684, 0.00259247212671, 8.03209186415e-05, 4.8761189646e-06, 1.59539965239e-07, 2.13887282885e-10, 1.15479618923e-10], "mean": [0.0106328455731, 0.125593319535, 0.340399384499, 0.837501943111, 1.04834020138, 1.15582787991, 1.778221488, 1.81074440479, 1.94361448288, 5.92329788208, 9.81379318237, 8.02524471283, 12.4092578888, 7.46557569504, 9.53404712677, 7.94912719727, 6.58017063141, 6.85560703278, 7.36898994446, 8.66047859192, 11.4286279678, 39.7693977356, 58.3685951233, 25.3192386627, 20.9670200348, 19.5326023102, 10.4475822449, 7.25221300125, 6.47084093094, 2.95190382004, 0.83815985918, 0.362442463636, 0.173618867993, 0.0619881786406, 0.0148845352232, 0.00257875467651, 0.000450908322819, 6.22267325525e-05, 7.37002437745e-06, 9.87966996036e-06]}, "spectral_strongpeak": {"dmean2": 1.17953395844, "median": 0.582702100277, "min": 0, "dvar2": 4.85857582092, "dvar": 2.10324430466, "dmean": 0.725733995438, "max": 24.9067230225, "var": 9.00955867767, "mean": 1.72977542877}, "spectral_energy": {"dmean2": 0.00261125760153, "median": 0.00557324942201, "min": 1.0891348185e-20, "dvar2": 1.84502241609e-05, "dvar": 8.54991139931e-06, "dmean": 0.00175591849256, "max": 0.0593334510922, "var": 4.19720818172e-05, "mean": 0.00692691747099}, "average_loudness": 0.530683994293, "spectral_rolloff": {"dmean2": 740.567443848, "median": 2648.58398438, "min": 21.533203125, "dvar2": 1004292, "dvar": 480368.25, "dmean": 445.322570801, "max": 18798.4863281, "var": 2073940.375, "mean": 2400.67382813}, "spectral_centroid": {"dmean2": 384.257415771, "median": 2106.73120117, "min": 154.143051147, "dvar2": 191534.203125, "dvar": 91462.8515625, "dmean": 258.168945313, "max": 11392.7109375, "var": 691813.5, "mean": 2061.90600586}, "pitch_salience": {"dmean2": 0.0934305340052, "median": 0.541496396065, "min": 0.133626893163, "dvar2": 0.0071650207974, "dvar": 0.00290558999404, "dmean": 0.0585912689567, "max": 0.836674630642, "var": 0.0129150673747, "mean": 0.539441585541}, "spectral_energyband_middle_high": {"dmean2": 0.00168413529173, "median": 0.00165440852288, "min": 1.63758082837e-21, "dvar2": 1.35102854983e-05, "dvar": 6.2639060161e-06, "dmean": 0.0011426738929, "max": 0.0553302355111, "var": 3.0490798963e-05, "mean": 0.00344711984508}, "spectral_contrast_coeffs": {"dmean2": [0.0744143128395, 0.0657222867012, 0.0593032240868, 0.0479067005217, 0.0426951758564, 0.0331441648304], "median": [-0.659889936447, -0.719301462173, -0.769384145737, -0.778022766113, -0.747246861458, -0.714782357216], "min": [-0.976871311665, -0.969074487686, -0.963162064552, -0.986145913601, -0.960921764374, -0.962971687317], "dvar2": [0.00358144659549, 0.00280441180803, 0.00225208117627, 0.00155902188271, 0.00138655060437, 0.00102068239357], "dvar": [0.00131969910581, 0.00117027456872, 0.000983612728305, 0.000676453812048, 0.000662630074657, 0.000430838845205], "dmean": [0.0447493754327, 0.0410352051258, 0.0375606492162, 0.0303107760847, 0.0278874859214, 0.0212973356247], "max": [-0.327566057444, -0.406680464745, -0.492847949266, -0.56119042635, -0.489946991205, -0.552960216999], "var": [0.0070812497288, 0.00709621515125, 0.00715918280184, 0.00421258248389, 0.00514904549345, 0.00263932999223], "mean": [-0.653855979443, -0.717993736267, -0.756717383862, -0.770611405373, -0.739150583744, -0.712998092175]}, "melbands_skewness": {"dmean2": 0.897790849209, "median": 1.44067001343, "min": -4.73989534378, "dvar2": 1.08698344231, "dvar": 0.513167321682, "dmean": 0.589841783047, "max": 17.6083698273, "var": 4.46608543396, "mean": 1.78776752949}, "spectral_spread": {"dmean2": 495267.96875, "median": 3351736.75, "min": 1344916.75, "dvar2": 565263204352, "dvar": 293825019904, "dmean": 317806.78125, "max": 41620236, "var": 1265762435070.0, "mean": 3380971}, "dissonance": {"dmean2": 0.0243944432586, "median": 0.47500449419, "min": 0.0729819238186, "dvar2": 0.000747250043787, "dvar": 0.000300756422803, "dmean": 0.0149671286345, "max": 0.499999731779, "var": 0.000913956435397, "mean": 0.466147124767}, "spectral_skewness": {"dmean2": 0.438378602266, "median": 1.00709986687, "min": -0.00910326838493, "dvar2": 0.176202893257, "dvar": 0.0605096928775, "dmean": 0.257467836142, "max": 3.30584406853, "var": 0.157961592078, "mean": 1.05755066872}, "spectral_flux": {"dmean2": 0.0181558765471, "median": 0.0348003692925, "min": 6.91922630303e-11, "dvar2": 0.000483646232169, "dvar": 0.000202849463676, "dmean": 0.0118917543441, "max": 0.243660390377, "var": 0.000614669348579, "mean": 0.0393202155828}, "spectral_contrast_valleys": {"dmean2": [0.6932964921, 0.584855020046, 0.550804793835, 0.484889477491, 0.475112617016, 0.352627426386], "median": [-8.47315788269, -8.02417755127, -8.43959331512, -8.70729160309, -8.01850414276, -11.2476854324], "min": [-27.181230545, -27.3380584717, -27.4913005829, -27.4823150635, -27.3063240051, -27.1978683472], "dvar2": [0.326075673103, 0.254570901394, 0.232394382358, 0.207806840539, 0.230558261275, 0.159007489681], "dvar": [0.137819230556, 0.113557785749, 0.111480608582, 0.103691011667, 0.116627708077, 0.103364706039], "dmean": [0.417122811079, 0.362877607346, 0.350033670664, 0.312844693661, 0.314258277416, 0.254307478666], "max": [-6.26472568512, -6.07192850113, -5.99020576477, -6.68870067596, -5.81086397171, -7.853038311], "var": [1.3675391674, 0.938772857189, 1.01881456375, 0.91015547514, 1.05822730064, 1.07415246964], "mean": [-8.63020324707, -8.18317890167, -8.5510263443, -8.83302307129, -8.15244674683, -11.3722238541]}, "erbbands_flatness_db": {"dmean2": 0.0230105854571, "median": 0.21180331707, "min": 0.0504425503314, "dvar2": 0.000521603040397, "dvar": 0.000254590850091, "dmean": 0.0155452946201, "max": 0.417902499437, "var": 0.00224853726104, "mean": 0.217757150531}, "spectral_energyband_high": {"dmean2": 0.000371729169274, "median": 0.000154009554535, "min": 7.74440982257e-21, "dvar2": 9.49112290982e-07, "dvar": 4.55706498315e-07, "dmean": 0.000257694395259, "max": 0.0188433453441, "var": 1.61280149769e-06, "mean": 0.000647897832096}, "spectral_entropy": {"dmean2": 0.232082918286, "median": 7.35663795471, "min": 5.19634962082, "dvar2": 0.0485906600952, "dvar": 0.0236199572682, "dmean": 0.154644191265, "max": 9.80250453949, "var": 0.18000972271, "mean": 7.30953025818}, "silence_rate_20dB": {"dmean2": 0, "median": 1, "min": 1, "dvar2": 0, "dvar": 0, "dmean": 0, "max": 1, "var": 0, "mean": 1}, "melbands_flatness_db": {"dmean2": 0.0297886654735, "median": 0.169573664665, "min": 0.00613006111234, "dvar2": 0.000857262290083, "dvar": 0.000410663837101, "dmean": 0.0198083277792, "max": 0.542902052402, "var": 0.00474629132077, "mean": 0.182715624571}, "barkbands": {"dmean2": [2.95616791846e-06, 0.000226000076509, 0.00033431884367, 0.000376255135052, 0.000311267212965, 0.000161613934324, 0.000113523041364, 0.000267897703452, 0.000227528071264, 0.000252862897469, 0.000152310909471, 0.000128542422317, 0.00010943711095, 9.5016672276e-05, 0.000132250090246, 0.000130974760395, 0.000576455029659, 0.00067963526817, 0.000369875808246, 0.000256524130236, 0.000165909397765, 0.000107155661681, 3.01205509459e-05, 1.26092882056e-05, 3.74603700948e-06, 3.15349353741e-07, 1.51644563573e-08], "median": [9.29177758735e-07, 0.000121528042655, 0.00016614535707, 0.000110255212348, 0.000230750083574, 7.18899318599e-05, 3.37049532391e-05, 5.69193252886e-05, 2.97153746942e-05, 4.01781289838e-05, 3.75633826479e-05, 3.09185998049e-05, 2.48398027907e-05, 1.69523336808e-05, 2.4341235985e-05, 3.65540581697e-05, 0.000122125886264, 0.000157752656378, 7.1933696745e-05, 7.15512142051e-05, 3.14904609695e-05, 3.33075804519e-05, 9.88708052319e-06, 3.32952004101e-06, 9.67151436271e-07, 7.68855201727e-08, 3.64342056525e-10], "min": [1.05422117085e-23, 3.63747613039e-23, 3.06142993921e-24, 2.56343569704e-23, 2.01902543141e-23, 3.48220306069e-23, 2.33045619942e-23, 2.27887510918e-23, 2.23067397238e-23, 5.68349164881e-23, 8.92777678484e-23, 1.09416421193e-22, 1.13458998855e-22, 6.35485771754e-23, 7.9618721422e-23, 1.53744421345e-22, 1.48354267308e-22, 1.6457488835e-22, 2.54506672376e-22, 2.40288672561e-22, 4.93780730974e-22, 3.43494297184e-22, 5.28967057547e-22, 9.12743116906e-22, 1.05582133102e-21, 1.7752721701e-21, 2.28180579055e-21], "dvar2": [2.47084731148e-11, 1.85500255157e-07, 5.21893980476e-07, 7.02611316683e-07, 2.12880507888e-07, 8.98078198475e-08, 2.10217010022e-07, 4.14581847963e-07, 3.96114018031e-07, 3.69401647049e-07, 1.34607518021e-07, 1.18673746385e-07, 8.65525819904e-08, 9.82846302122e-08, 1.84214570709e-07, 1.65266001773e-07, 3.47739955942e-06, 5.23076732861e-06, 1.29250679493e-06, 4.39139512309e-07, 2.74541605449e-07, 8.39015541487e-08, 2.75364175906e-08, 7.80130182676e-09, 7.44915018558e-10, 4.14669687476e-12, 9.67130868933e-15], "dvar": [8.86361643804e-12, 8.14360703316e-08, 1.77020098135e-07, 2.61039161842e-07, 8.45632044388e-08, 3.73115298657e-08, 1.05844264908e-07, 2.24085056288e-07, 1.86284978554e-07, 1.50647395003e-07, 5.71683500539e-08, 5.27272057127e-08, 4.04019573352e-08, 5.26271577428e-08, 7.98105261879e-08, 7.10535630333e-08, 1.6533250573e-06, 2.3624311325e-06, 5.83451651437e-07, 2.12627256246e-07, 1.24147931047e-07, 4.09172251636e-08, 1.31290311955e-08, 3.54495810484e-09, 2.96927232801e-10, 1.79699321829e-12, 4.63197891975e-15], "dmean": [1.71260762727e-06, 0.000141090466059, 0.000197878965992, 0.000229337267228, 0.000193