{"tonal": {"thpcp": [1, 0.563923001289, 0.073734909296, 0.0404485724866, 0.0402005799115, 0.0618624202907, 0.082829721272, 0.0681821778417, 0.0601043589413, 0.0623789392412, 0.0640891045332, 0.129958942533, 0.20933252573, 0.218919783831, 0.234575554729, 0.229947522283, 0.138119921088, 0.0800471529365, 0.0827279239893, 0.0916407704353, 0.151056811213, 0.264645457268, 0.194002225995, 0.0605940744281, 0.0676699131727, 0.0807509869337, 0.0869802981615, 0.0803061723709, 0.0558331012726, 0.0417827442288, 0.0378372818232, 0.0309067927301, 0.0313100740314, 0.0481647998095, 0.077988229692, 0.533932685852], "hpcp": {"dmean2": [0.15419562161, 0.123345211148, 0.0982019752264, 0.120976418257, 0.139211341739, 0.12891459465, 0.105559021235, 0.0981496870518, 0.0795032233, 0.0711465403438, 0.0597112290561, 0.0644945055246, 0.0979239121079, 0.13753400743, 0.229557991028, 0.227987021208, 0.237181678414, 0.133745804429, 0.084559455514, 0.0830461457372, 0.101076029241, 0.0970518440008, 0.0922832414508, 0.109610721469, 0.114341706038, 0.113021090627, 0.182988852262, 0.259031504393, 0.265537470579, 0.267053633928, 0.206026524305, 0.179247155786, 0.150873586535, 0.140431106091, 0.148304358125, 0.160428315401], "median": [0.02351148054, 0.0153650157154, 0.00456621591002, 0.00130688445643, 0.00177540001459, 0.00176800577901, 0.00115658633877, 0.00115415570326, 0.00107107264921, 0.000893360120244, 0.000466845755, 0.000362457183655, 0.000557288294658, 0.00243805255741, 0.406344592571, 1, 0.447306096554, 0.00414593890309, 0.0005143241724, 0.000571866694372, 0.00151838012971, 0.00296576973051, 0.00390857085586, 0.00399553775787, 0.00317130214535, 0.0032313959673, 0.0108139999211, 0.0236579068005, 0.0283477604389, 0.0158764235675, 0.00996681116521, 0.00521977478638, 0.00199036346748, 0.0014526854502, 0.00233543175273, 0.0160680562258], "min": [0, 0, 0, 0, 0, 0, 0, 0, 0, 0, 0, 0, 0, 0, 0, 0, 0, 0, 0, 0, 0, 0, 0, 0, 0, 0, 0, 0, 0, 0, 0, 0, 0, 0, 0, 0], "dvar2": [0.0778037533164, 0.0520273856819, 0.0469886176288, 0.0627652183175, 0.0697071030736, 0.0676673725247, 0.0527737773955, 0.0599235519767, 0.0346788764, 0.0341209471226, 0.0270675867796, 0.0359262116253, 0.05844976753, 0.073643386364, 0.076173171401, 0.114399679005, 0.0785257071257, 0.075112439692, 0.0388367176056, 0.0431587919593, 0.0562519803643, 0.04627366364, 0.0387755036354, 0.0622189827263, 0.0756566897035, 0.0577890910208, 0.0942500904202, 0.157018601894, 0.148422077298, 0.15159574151, 0.11980779469, 0.106578208506, 0.100194394588, 0.0828823670745, 0.0914624109864, 0.0889382511377], "dvar": [0.0311071481556, 0.0204929299653, 0.016755675897, 0.0224170479923, 0.0255232639611, 0.0237962789834, 0.0190339721739, 0.0202300939709, 0.0118431197479, 0.0117280017585, 0.00965677201748, 0.0124964173883, 0.0205153897405, 0.0261526759714, 0.0280971601605, 0.0502797700465, 0.0302874781191, 0.0255986545235, 0.0134296417236, 0.0144373727962, 0.0192681085318, 0.017584932968, 0.0143161239102, 0.0216611865908, 0.0260062273592, 0.0197690688074, 0.0344261676073, 0.0569463819265, 0.0537596605718, 0.055968541652, 0.0439993217587, 0.0376659110188, 0.0348416753113, 0.0303123500198, 0.0339220874012, 0.0324468314648], "dmean": [0.0920374020934, 0.0738553479314, 0.0535851716995, 0.0660489648581, 0.0766388550401, 0.0721175968647, 0.0580564290285, 0.0527093447745, 0.0426993705332, 0.038122523576, 0.0321958698332, 0.0341039039195, 0.052162759006, 0.0748969390988, 0.135445892811, 0.135678991675, 0.139693140984, 0.0726665705442, 0.0448757745326, 0.0440634973347, 0.0545761957765, 0.054047588259, 0.0507262274623, 0.0587182603776, 0.0617613382638, 0.0612871982157, 0.10254380852, 0.145417898893, 0.150448903441, 0.149379551411, 0.114394187927, 0.0984191298485, 0.0807169228792, 0.0768399685621, 0.0823358148336, 0.0907214805484], "max": [1, 1, 1, 1, 1, 1, 1, 1, 1, 1, 1, 1, 1, 1, 1, 1, 1, 1, 1, 1, 1, 1, 1, 1, 1, 1, 1, 1, 1, 1, 1, 1, 1, 1, 1, 1], "var": [0.0930668264627, 0.0516044721007, 0.0118570895866, 0.0176975131035, 0.0212767589837, 0.0240959133953, 0.0261142980307, 0.015142952092, 0.00810274668038, 0.00779957650229, 0.00641536619514, 0.00758834369481, 0.0131772784516, 0.0204247999936, 0.0585152357817, 0.15927362442, 0.0613285712898, 0.0176713783294, 0.00855313427746, 0.00924372673035, 0.0143199488521, 0.0243699811399, 0.0152250230312, 0.0149527704343, 0.0177722182125, 0.0147821707651, 0.0338170155883, 0.062758333981, 0.0637200847268, 0.0754832699895, 0.085538469255, 0.0426169484854, 0.0253247637302, 0.0257394611835, 0.027848765254, 0.0324719846249], "mean": [0.178914383054, 0.1311558038, 0.0409648120403, 0.0457484535873, 0.0545919537544, 0.0588033013046, 0.0542912371457, 0.037746142596, 0.0282473545521, 0.0255800113082, 0.0208946336061, 0.0211672727019, 0.0325619615614, 0.052724186331, 0.360966861248, 0.676053106785, 0.381241887808, 0.0498487129807, 0.0273453835398, 0.0271777268499, 0.0418222807348, 0.0559972897172, 0.0460947751999, 0.0406337380409, 0.0421714745462, 0.0433276407421, 0.087859146297, 0.141519904137, 0.148001402617, 0.1585855335, 0.155456736684, 0.0933764055371, 0.0541161261499, 0.0559284724295, 0.0619540251791, 0.102122426033]}, "tuning_equal_tempered_deviation": 0.0814292654395, "chords_changes_rate": 0.0258545130491, "key_key": "G", "tuning_diatonic_strength": 0.578544080257, "key_scale": "major", "chords_number_rate": 0.00262927263975, "tuning_frequency": 438.477722168, "tuning_nontempered_energy_ratio": 0.658463120461, "chords_histogram": [3.46187543869, 11.0429449081, 73.1814193726, 2.19106054306, 0, 0.964066624641, 0, 0, 0, 0, 0, 0, 0.043821208179, 0.613496959209, 0, 0, 0.043821208179, 4.73269081116, 0, 0, 0, 0, 0, 3.72480273247], "key_strength": 0.728356182575, "chords_key": "D", "chords_strength": {"dmean2": 0.00593739748001, "median": 0.548834323883, "min": 0.225445017219, "dvar2": 4.91066020913e-05, "dvar": 3.2459734939e-05, "dmean": 0.00613672612235, "max": 0.730045974255, "var": 0.0083179352805, "mean": 0.537603378296}, "chords_scale": "major", "hpcp_entropy": {"dmean2": 0.805174946785, "median": 1.4214849472, "min": 0, "dvar2": 0.616296589375, "dvar": 0.237239524722, "dmean": 0.478401362896, "max": 3.67260479927, "var": 0.635599553585, "mean": 1.42488253117}}, "metadata": {"audio_properties": {"equal_loudness": 0, "codec": "flac", "downmix": "mix", "sample_rate": 96000, "analysis_sample_rate": 44100, "bit_rate": 0, "md5_encoded": "7008e9a28dbe593216640d4170e595f5", "length": 105.919975281, "replay_gain": -5.60836029053, "lossless": true}, "version": {"essentia_build_sha": "2d9f1f26377add8aeb1075a9c2973f962c4f09fd", "essentia": "2.1-beta2", "extractor": "music 1.0", "essentia_git_sha": "v2.1_beta2-1-ge3940c0"}, "tags": {"title": ["roh"], "albumartist": ["\u725b\u5c3e\u61b2\u8f14"], "date": ["2016-09-14"], "genre": ["Anime"], "tracktotal": ["61"], "musicbrainz_releasegroupid": ["d28e2469-fd9d-47d0-bc4a-d49c1c07fb15"], "musicbrainz_recordingid": ["04c35d60-6c34-45d6-9059-4ce3e331c303"], "musicbrainz_albumartistid": ["3f5999c4-6647-45a1-90d6-857c667ca80b"], "musicbrainz_albumid": ["8a5668fc-78a6-4702-b344-946740285fdb"], "artist": ["\u725b\u5c3e\u61b2\u8f14"], "album": ["\u6620\u753b \u8072\u306e\u5f62 \u30aa\u30ea\u30b8\u30ca\u30eb\u30fb\u30b5\u30a6\u30f3\u30c9\u30c8\u30e9\u30c3\u30af a shape of light"], "catalognumber": ["PCCG-01550"], "tracknumber": ["3"], "label": ["PONY CANYON"], "musicbrainz_artistid": ["3f5999c4-6647-45a1-90d6-857c667ca80b"], "file_name": "-03 roh.flac"}}, "rhythm": {"bpm_histogram_first_peak_bpm": {"dmean2": 0, "median": 110, "min": 110, "dvar2": 0, "dvar": 0, "dmean": 0, "max": 110, "var": 0, "mean": 110}, "bpm": 110.274078369, "bpm_histogram_second_peak_spread": {"dmean2": 0, "median": 0.307692289352, "min": 0.307692289352, "dvar2": 0, "dvar": 0, "dmean": 0, "max": 0.307692289352, "var": 0, "mean": 0.307692289352}, "bpm_histogram_first_peak_weight": {"dmean2": 0, "median": 0.094059407711, "min": 0.094059407711, "dvar2": 0, "dvar": 0, "dmean": 0, "max": 0.094059407711, "var": 0, "mean": 0.094059407711}, "onset_rate": 2.27485013008, "beats_position": [0.406349211931, 0.835918366909, 1.26548755169, 1.69505667686, 2.12462592125, 2.54258489609, 2.96054410934, 3.33206343651, 3.69197273254, 4.06349182129, 4.43501138687, 4.78331041336, 5.13160991669, 5.47990942001, 5.8282084465, 6.18811798096, 6.54802703857, 6.91954612732, 7.30267572403, 7.6858048439, 8.05732440948, 8.42884349823, 8.80036258698, 9.22993183136, 9.65950107574, 10.1006803513, 10.5418596268, 10.9714279175, 11.4009971619, 11.8305664063, 12.3181858063, 12.7941951752, 13.2585935593, 13.7462129593, 14.2338323593, 14.8607711792, 15.4877090454, 16.1262588501, 16.7648067474, 17.391746521, 18.0186843872, 18.6340141296, 19.2493419647, 19.8066215515, 20.363899231, 20.8979587555, 21.4204082489, 21.9544658661, 22.4885253906, 23.010974884, 23.5450344086, 24.0907020569, 24.6363716125, 25.1704311371, 25.7160987854, 26.2617683411, 26.7958278656, 27.3298854828, 27.8755550385, 28.409614563, 28.9552822113, 29.4893417358, 30.0001811981, 30.5226306915, 31.0450782776, 31.5907478333, 32.1364173889, 32.6820869446, 33.2625846863, 33.843082428, 34.4119720459, 34.9808616638, 35.5497512817, 36.0838088989, 36.6410865784, 37.1751480103, 37.7092056274, 38.2432632446, 38.7889328003, 39.334602356, 39.8802719116, 40.4259414673, 40.9599990845, 41.4940567017, 42.0513381958, 42.5970077515, 43.1078453064, 43.6302947998, 44.1411323547, 44.5939216614, 45.046710968, 45.5111083984, 45.9755096436, 46.4282989502, 46.8810882568, 47.3106575012, 47.7518348694, 48.204624176, 48.6458053589, 49.1566429138, 49.655872345, 50.1551017761, 50.6543312073, 51.1535606384, 51.6411781311, 52.1404075623, 52.6396369934, 53.1388664246, 53.6497039795, 54.1373214722, 54.6365509033, 55.1938323975, 55.7627182007, 56.3316078186, 56.854057312, 57.3881187439, 57.9105644226, 58.3285255432, 58.7464828491, 59.1644439697, 59.5591812134, 59.9539222717, 60.3254394531, 60.708568573, 61.0916976929, 61.4748306274, 61.8695678711, 62.252696991, 62.6242179871, 63.0073471069, 63.3788642883, 63.7619934082, 64.1335144043, 64.5050354004, 64.8765487671, 65.2480697632, 65.6195907593, 65.9911117554, 66.3626327515, 66.7341461182, 67.2449874878, 67.7558288574, 68.2666625977, 68.8007278442, 69.3347854614, 69.8688430786, 70.4145126343, 70.9601821899, 71.5174560547, 72.0747375488, 72.6204071045, 73.1892929077, 73.7465744019, 74.303855896, 74.8611297607, 75.4184112549, 75.917640686, 76.4168701172, 76.9044876099, 77.403717041, 77.9029464722, 78.4021759033, 78.9942855835, 79.5863952637, 80.1668930054, 80.7590026855, 81.3511123657, 81.9432220459, 82.5353240967, 83.1274337769, 83.7311553955, 84.3348770142, 84.9502029419, 85.5655288696, 86.1808624268, 86.9238967896, 87.6669387817, 88.4912490845, 89.3271636963, 90.151473999, 90.9177322388, 91.695602417, 92.4386367798, 93.181678772, 93.9247131348, 94.667755127, 95.2946929932, 95.9332427979, 96.5717926025, 97.1871185303, 97.802444458, 98.4409942627, 99.0911560059, 99.7297058105, 100.379859924, 101.030021667, 101.633743286, 102.249069214, 102.79473877, 103.340408325, 103.89768219, 104.454963684, 105.012245178], "beats_loudness": {"dmean2": 0.0407996252179, "median": 0.00203435053118, "min": 7.26011784025e-09, "dvar2": 0.0064960764721, "dvar": 0.00237643369474, "dmean": 0.0228800605983, "max": 0.387113541365, "var": 0.00158463593107, "mean": 0.0159961488098}, "danceability": 0.973175466061, "bpm_histogram_second_peak_weight": {"dmean2": 0, "median": 0.0891089066863, "min": 0.0891089066863, "dvar2": 0, "dvar": 0, "dmean": 0, "max": 0.0891089066863, "var": 0, "mean": 0.0891089066863}, "beats_count": 203, "bpm_histogram_second_peak_bpm": {"dmean2": 0, "median": 161, "min": 161, "dvar2": 0, "dvar": 0, "dmean": 0, "max": 161, "var": 0, "mean": 161}, "bpm_histogram_first_peak_spread": {"dmean2": 0, "median": 0.634615421295, "min": 0.634615421295, "dvar2": 0, "dvar": 0, "dmean": 0, "max": 0.634615421295, "var": 0, "mean": 0.634615421295}, "beats_loudness_band_ratio": {"dmean2": [0.38144159317, 0.403403997421, 0.171497285366, 0.0407184027135, 0.00155530578922, 0.0046938736923], "median": [0.323465526104, 0.566276192665, 0.0285694412887, 0.00324552925304, 0.000155639572768, 4.84828051412e-05], "min": [0.00122864067089, 0.00119294691831, 0.000800140551291, 3.35324002663e-05, 3.14225917464e-06, 1.38858024457e-06], "dvar2": [0.0878476127982, 0.0858803018928, 0.0535183809698, 0.00614325283095, 1.01961140899e-05, 0.000553803693037], "dvar": [0.0332308858633, 0.0354173593223, 0.0223518330604, 0.00291026011109, 7.37553227736e-06, 0.000438910850789], "dmean": [0.227416053414, 0.232456758618, 0.0996952131391, 0.0237195584923, 0.000907637237106, 0.00310215447098], "max": [0.987794816494, 0.994213402271, 0.887711584568, 0.586827218533, 0.036512658, 0.29222753644], "var": [0.074233956635, 0.0847690925002, 0.0268703978509, 0.00405679037794, 7.67818255554e-06, 0.000484611518914], "mean": [0.369386911392, 0.564914882183, 0.0969481170177, 0.0222267098725, 0.000733720255084, 0.00300105032511]}}, "lowlevel": {"barkbands_spread": {"dmean2": 1.86680746078, "median": 1.6849347353, "min": 0.113635487854, "dvar2": 27.2684841156, "dvar": 17.1087379456, "dmean": 1.30941343307, "max": 107.132164001, "var": 138.122299194, "mean": 4.24990415573}, "melbands_spread": {"dmean2": 2.23710608482, "median": 2.17022371292, "min": 0.183067694306, "dvar2": 28.7670154572, "dvar": 13.1096401215, "dmean": 1.4117231369, "max": 119.669494629, "var": 65.8855361938, "mean": 4.36998558044}, "hfc": {"dmean2": 0.664752483368, "median": 0.417581319809, "min": 1.17782697408e-16, "dvar2": 7.03071451187, "dvar": 3.56019210815, "dmean": 0.543245494366, "max": 76.8626251221, "var": 58.6974868774, "mean": 2.96215605736}, "barkbands_kurtosis": {"dmean2": 8.9189043045, "median": 6.08276748657, "min": -1.81172668934, "dvar2": 239.012359619, "dvar": 91.6829681396, "dmean": 5.52700042725, "max": 297.525939941, "var": 200.332946777, "mean": 9.90640544891}, "gfcc": {"mean": [-340.653778076, 185.750427246, -39.3843765259, -0.324307084084, -61.5515975952, -15.204709053, -33.3090705872, -17.7418785095, -22.8831729889, -22.7940349579, -12.9587392807, -8.92953109741, 5.41889667511], "icov": [[0.000369133456843, -0.000675867311656, 0.0005042826524, -0.000666185689624, 0.000625182932708, -5.05619755131e-05, 0.000655236479361, -0.000194994354388, 0.000154009714606, 0.000217643901124, -0.000974413298536, 0.000916079268791, -0.000564023212064], [-0.000675867311656, 0.00257048755884, -0.00112993468065, 0.00225519249216, -0.00160758686252, 0.000303577049635, -0.000511675840244, 0.00101525359787, -0.00289156404324, 0.00243863696232, 0.000992340967059, -0.000155844187248, 0.000394261442125], [0.0005042826524, -0.00112993468065, 0.00276248413138, -0.00169658765662, 0.00133647839539, 0.000437321956269, 0.000195974076632, 0.00131449545734, 9.95346999844e-05, -0.000473112304462, -0.000814856321085, 0.000869875424542, -0.00127582147252], [-0.000666185689624, 0.00225519249216, -0.00169658765662, 0.0064191846177, -0.00286832079291, -0.00268635503016, 0.00161316466983, 0.00128617603332, -0.00203597219661, -1.91165554497e-06, 0.00186404411215, 0.000269264332019, 0.000436271715444], [0.000625182932708, -0.00160758686252, 0.00133647839539, -0.00286832079291, 0.00600265711546, 0.000716953654774, -0.00165502214804, -0.00152608565986, 0.00176772999112, 0.000196659719222, -0.00367547525093, 0.00162684440147, -0.000375690899091], [-5.05619755131e-05, 0.000303577049635, 0.000437321956269, -0.00268635503016, 0.000716953654774, 0.00750559847802, -0.00267046107911, -0.00262828730047, -0.000457888992969, 0.000735476787668, 0.00266350922175, -0.00317850103602, 0.000842026376631], [0.000655236479361, -0.000511675840244, 0.000195974076632, 0.00161316466983, -0.00165502214804, -0.00267046107911, 0.0145136872306, -0.00712791737169, 3.92122055928e-05, 0.00211942684837, 0.000590559327975, 0.00104272202589, -0.00168775161728], [-0.000194994354388, 0.00101525359787, 0.00131449545734, 0.00128617603332, -0.00152608565986, -0.00262828730047, -0.00712791737169, 0.0183488260955, -0.00514109805226, -0.00299383280799, 0.00445562601089, 0.00103258702438, -3.62632431461e-06], [0.000154009714606, -0.00289156404324, 9.95346999844e-05, -0.00203597219661, 0.00176772999112, -0.000457888992969, 3.92122055928e-05, -0.00514109805226, 0.0215813331306, -0.00745486980304, -0.00678703188896, 0.00284631503746, 3.98120100726e-05], [0.000217643901124, 0.00243863696232, -0.000473112304462, -1.91165554497e-06, 0.000196659719222, 0.000735476787668, 0.00211942684837, -0.00299383280799, -0.00745486980304, 0.0199582353234, -0.00902139395475, -0.00119196076412, 0.00518941134214], [-0.000974413298536, 0.000992340967059, -0.000814856321085, 0.00186404411215, -0.00367547525093, 0.00266350922175, 0.000590559327975, 0.00445562601089, -0.00678703188896, -0.00902139395475, 0.0255012381822, -0.0116437738761, 0.00271415687166], [0.000916079268791, -0.000155844187248, 0.000869875424542, 0.000269264332019, 0.00162684440147, -0.00317850103602, 0.00104272202589, 0.00103258702438, 0.00284631503746, -0.00119196076412, -0.0116437738761, 0.0283294469118, -0.0133875058964], [-0.000564023212064, 0.000394261442125, -0.00127582147252, 0.000436271715444, -0.000375690899091, 0.000842026376631, -0.00168775161728, -3.62632431461e-06, 3.98120100726e-05, 0.00518941134214, 0.00271415687166, -0.0133875058964, 0.0168210770935]], "cov": [[14996.4492188, 4834.12939453, -33.8389549255, -423.110626221, -567.04083252, -932.350402832, -910.979553223, -666.739746094, 319.84262085, -535.674743652, 307.495788574, -289.515930176, 224.871170044], [4834.12939453, 2632.45263672, 231.093704224, -474.733398438, -105.619125366, -475.301239014, -242.985427856, -276.734069824, 126.493011475, -329.698028564, 65.2410736084, -111.152099609, 129.649612427], [-33.8389549255, 231.093704224, 636.174621582, 36.6769828796, -87.4804458618, -110.914207458, -92.0663528442, -127.466682434, 11.7552871704, -8.37336349487, 33.8496017456, 17.1204395294, 45.8019561768], [-423.110626221, -474.733398438, 36.6769828796, 385.144470215, 72.4918365479, 156.680755615, -1.53763329983, 33.7362213135, 3.04006624222, 69.9748764038, -6.34554576874, 1.56037306786, -35.967628479], [-567.04083252, -105.619125366, -87.4804458618, 72.4918365479, 287.563140869, 56.6930809021, 86.934173584, 69.7340240479, 0.105427548289, 20.6659984589, 3.16444468498, -5.2136797905, -23.7665996552], [-932.350402832, -475.301239014, -110.914207458, 156.680755615, 56.6930809021, 333.476165771, 140.408218384, 132.055938721, -29.6462554932, 15.6022453308, -76.7556228638, 21.3237419128, -9.2959394455], [-910.979553223, -242.985427856, -92.0663528442, -1.53763329983, 86.934173584, 140.408218384, 203.113922119, 122.981323242, -25.8661231995, -10.7851743698, -64.4484558105, 6.65440750122, 2.60917472839], [-666.739746094, -276.734069824, -127.466682434, 33.7362213135, 69.7340240479, 132.055938721, 122.981323242, 159.166931152, 4.89552259445, 32.596824646, -42.1610794067, -4.64743757248, -26.0560073853], [319.84262085, 126.493011475, 11.7552871704, 3.04006624222, 0.105427548289, -29.6462554932, -25.8661231995, 4.89552259445, 98.0612258911, 52.5631561279, 52.8091812134, -10.9038629532, -26.1826496124], [-535.674743652, -329.698028564, -8.37336349487, 69.9748764038, 20.6659984589, 15.6022453308, -10.7851743698, 32.596824646, 52.5631561279, 171.442642212, 71.2137298584, 14.3270015717, -67.1821517944], [307.495788574, 65.2410736084, 33.8496017456, -6.34554576874, 3.16444468498, -76.7556228638, -64.4484558105, -42.1610794067, 52.8091812134, 71.2137298584, 119.57510376, 25.7415809631, -11.9510412216], [-289.515930176, -111.152099609, 17.1204395294, 1.56037306786, -5.2136797905, 21.3237419128, 6.65440750122, -4.64743757248, -10.9038629532, 14.3270015717, 25.7415809631, 82.3184051514, 50.606048584], [224.871170044, 129.649612427, 45.8019561768, -35.967628479, -23.7665996552, -9.2959394455, 2.60917472839, -26.0560073853, -26.1826496124, -67.1821517944, -11.9510412216, 50.606048584, 131.540634155]]}, "spectral_energyband_middle_low": {"dmean2": 0.00262274104171, "median": 0.0012324154377, "min": 3.22693259425e-22, "dvar2": 0.000162278796779, "dvar": 7.1364127507e-05, "dmean": 0.00201233290136, "max": 0.384234279394, "var": 0.000724889221601, "mean": 0.00987968966365}, "melbands_crest": {"dmean2": 5.51593160629, "median": 20.042552948, "min": 2.11518216133, "dvar2": 22.4727993011, "dvar": 8.77089881897, "dmean": 3.33509278297, "max": 37.6760902405, "var": 43.6532058716, "mean": 20.8149833679}, "spectral_kurtosis": {"dmean2": 38.1954231262, "median": 64.8585968018, "min": -1.20521438122, "dvar2": 2161.2409668, "dvar": 702.494445801, "dmean": 22.8696956635, "max": 428.909698486, "var": 3194.96362305, "mean": 76.6911239624}, "spectral_rms": {"dmean2": 0.000387393898563, "median": 0.00125986221246, "min": 3.20165747213e-12, "dvar2": 4.50687338116e-07, "dvar": 2.42164020392e-07, "dmean": 0.000279019091977, "max": 0.0193848554045, "var": 6.02044428888e-06, "mean": 0.00209698593244}, "zerocrossingrate": {"dmean2": 0.00323897157796, "median": 0.01318359375, "min": 0, "dvar2": 9.23012048588e-05, "dvar": 0.000111870038381, "dmean": 0.00289500900544, "max": 0.494140625, "var": 0.000846552080475, "mean": 0.0187650676817}, "silence_rate_60dB": {"dmean2": 0.0912080705166, "median": 1, "min": 0, "dvar2": 0.0899091959, "dvar": 0.0435127690434, "dmean": 0.0455940365791, "max": 1, "var": 0.213849246502, "mean": 0.690116167068}, "erbbands_kurtosis": {"dmean2": 10.3621768951, "median": 7.20623540878, "min": -1.75862562656, "dvar2": 325.900024414, "dvar": 144.976242065, "dmean": 6.5817284584, "max": 265.39175415, "var": 621.943237305, "mean": 16.1599273682}, "erbbands": {"dmean2": [0.00182875443716, 0.0491285659373, 0.434152722359, 2.04025650024, 5.34861278534, 2.54167461395, 11.0066747665, 3.4998691082, 2.12185716629, 0.616508901119, 0.732084810734, 0.808739483356, 1.49515140057, 1.0230807066, 0.13331477344, 0.0636078566313, 0.0300518460572, 0.0314960181713, 0.0426168330014, 0.0197290722281, 0.0123116774485, 0.0119252633303, 0.00602185307071, 0.00672093266621, 0.0105439703912, 0.00500684743747, 0.00401710439473, 0.00252280035056, 0.00168649747502, 0.00168273260351, 0.00176105031278, 0.00395851256326, 0.00182098452933, 0.00064252037555, 0.000262854475295, 9.96891976683e-05, 2.10923572013e-05, 3.35304980581e-06, 1.52952361532e-06, 3.19098239743e-06], "median": [0.000357423356036, 0.00909011811018, 0.104582548141, 0.350150674582, 0.649661123753, 0.92603802681, 3.91527986526, 0.929904043674, 0.256067603827, 0.0875855758786, 0.119044214487, 0.154386848211, 0.191976159811, 0.116256989539, 0.0243661087006, 0.0147472741082, 0.00768371438608, 0.00486080814153, 0.00630951393396, 0.00458750780672, 0.00264183059335, 0.00168398662936, 0.00127614440862, 0.00103309180122, 0.000719773350284, 0.000572167569771, 0.0005961744464, 0.000439277879195, 0.000348932895577, 0.000298805069178, 0.000286500580842, 0.000254150101682, 0.000131242297357, 4.7392124543e-05, 2.13577059185e-05, 9.52830396272e-06, 3.49580682268e-06, 9.03321847545e-07, 9.81435960057e-07, 1.81747338956e-06], "min": [5.2813280874e-22, 2.15876408808e-21, 1.23016782047e-20, 2.43697812839e-20, 5.22622921522e-20, 3.30003033294e-19, 4.32080946593e-19, 4.86437362788e-19, 7.92693333165e-19, 4.55397048411e-19, 1.60991960253e-18, 1.27539297696e-18, 1.56991714811e-18, 1.3253057789e-18, 4.44133288651e-18, 7.20451731503e-18, 3.55642706132e-18, 4.72113665487e-18, 8.86285893324e-18, 6.55644984283e-18, 1.55123794163e-17, 1.21330802618e-17, 9.70203780058e-18, 1.24534870178e-17, 1.59990031532e-17, 1.50293688043e-17, 1.51595554522e-17, 1.34328705174e-17, 1.99848953575e-17, 1.49384649637e-17, 1.68384789784e-17, 1.8385788143e-17, 1.32009133572e-17, 1.06113872265e-17, 7.16848615473e-18, 5.9926824148e-18, 3.41730189973e-18, 1.19823294903e-18, 3.27435309576e-19, 3.87709957485e-20], "dvar2": [3.4601711377e-05, 0.0270965509117, 2.25409984589, 90.1968765259, 1327.41674805, 166.213989258, 1550.44934082, 170.258789063, 74.3328399658, 5.36132287979, 12.3746843338, 9.9198551178, 93.5178909302, 43.936832428, 0.360817670822, 0.0531660020351, 0.00748523138463, 0.0188234299421, 0.0505275353789, 0.00742028700188, 0.00139572133776, 0.00270245783031, 0.000373534887331, 0.000778066576459, 0.00391374342144, 0.000805922725704, 0.00123214616906, 0.00110098614823, 0.000394919479731, 0.000669702829327, 0.000676195777487, 0.00773020274937, 0.00148296437692, 0.000177692127181, 3.4651162423e-05, 4.92396657137e-06, 1.47688382413e-07, 2.40357778125e-09, 4.92179318135e-11, 2.00235703018e-10], "dvar": [1.25777614812e-05, 0.00928121153265, 1.14419770241, 34.1456336975, 526.909606934, 64.2622299194, 1362.01538086, 81.3332366943, 42.1004676819, 3.24176502228, 4.63037157059, 4.13381958008, 59.1440696716, 21.6357059479, 0.149428248405, 0.019613571465, 0.00310634658672, 0.00643964624032, 0.0173389744014, 0.00257410015911, 0.00046806933824, 0.00089053058764, 0.000129128544359, 0.000259096646914, 0.00128626078367, 0.000269345589913, 0.000409639556892, 0.000366127147572, 0.000130322863697, 0.00021411581838, 0.000221764639718, 0.0025147665292, 0.000473874009913, 5.88258772041e-05, 1.15799239211e-05, 1.6424878595e-06, 4.92885625647e-08, 8.02528987709e-10, 2.02583262665e-11, 8.9395671421e-11], "dmean": [0.00108048587572, 0.0290794596076, 0.267737299204, 1.23286688328, 3.29131984711, 1.80040025711, 10.8979711533, 2.53300046921, 1.49605631828, 0.443825155497, 0.459082365036, 0.533225655556, 1.10097527504, 0.677464067936, 0.0822886154056, 0.0379239320755, 0.0195376668125, 0.0178495496511, 0.0247347522527, 0.0112708779052, 0.00687365559861, 0.006541675888, 0.00337085081264, 0.00368918431923, 0.00562077574432, 0.00269675860181, 0.00216862768866, 0.00137740431819, 0.000934402982239, 0.000922301551327, 0.000985448481515, 0.0021101180464, 0.000967651838437, 0.000344062194927, 0.000140653224662, 5.30229663127e-05, 1.14534823297e-05, 1.83650377039e-06, 1.10952544219e-06, 2.41721090788e-06], "max": [0.0862820968032, 3.00402402878, 94.8893280029, 282.788696289, 1284.40783691, 413.311889648, 2069.85620117, 302.145629883, 353.776550293, 104.253662109, 67.641456604, 92.5197906494, 516.180358887, 222.690719604, 15.2299346924, 3.16560006142, 1.47832024097, 1.8819617033, 3.59146690369, 1.94620668888, 0.357310414314, 0.535828769207, 0.204592347145, 0.419463634491, 0.596006691456, 0.47726804018, 0.715612471104, 0.700889468193, 0.412968963385, 0.540582418442, 0.530094206333, 1.80207252502, 0.801174759865, 0.281973421574, 0.124284058809, 0.0448797978461, 0.00771035160869, 0.000980663578957, 0.000173938999069, 0.000420706899604], "var": [1.95302563952e-05, 0.0252283457667, 8.82340526581, 77.694152832, 854.339111328, 454.3956604, 43474.3945313, 948.097717285, 799.82019043, 66.1342773438, 15.2032279968, 21.6361103058, 397.230010986, 79.1128997803, 0.309995055199, 0.0248774550855, 0.00936632696539, 0.00451331585646, 0.0119558908045, 0.00181359704584, 0.000419168063672, 0.00062463292852, 0.000121505850984, 0.000180728558917, 0.000765179807786, 0.000153467190103, 0.000221108173719, 0.000192715509911, 7.02210672898e-05, 0.000119016331155, 0.000124608588521, 0.00136780366302, 0.000264830625383, 3.10765644826e-05, 6.06161347605e-06, 8.32460273159e-07, 2.49571154853e-08, 4.09620476427e-10, 1.69026459496e-10, 9.37548261248e-10], "mean": [0.00157102290541, 0.0507041886449, 0.528696060181, 1.9983574152, 5.07577991486, 7.57767391205, 67.3048934937, 11.2625789642, 7.53998041153, 2.12077927589, 1.20386123657, 1.21349203587, 2.88847756386, 1.81585669518, 0.149487704039, 0.0648046806455, 0.0360022448003, 0.0216596182436, 0.029094170779, 0.0143115520477, 0.00927480775863, 0.00781567860395, 0.00468111690134, 0.00456645246595, 0.00527755403891, 0.00268386653624, 0.00225399900228, 0.00151643378194, 0.00116368511226, 0.00109893782064, 0.00118448410649, 0.00188407918904, 0.000929390429519, 0.000315002311254, 0.000128919331473, 4.85972814204e-05, 1.3776250853e-05, 2.537824912e-06, 5.22301797901e-06, 1.17819317893e-05]}, "spectral_strongpeak": {"dmean2": 0.140925884247, "median": 0.259265094995, "min": 0, "dvar2": 0.0615186206996, "dvar": 0.0320489741862, "dmean": 0.101946033537, "max": 5.55454015732, "var": 0.712819814682, "mean": 0.583760976791}, "spectral_energy": {"dmean2": 0.00290970411152, "median": 0.00162693415768, "min": 1.05068756056e-20, "dvar2": 0.000168001075508, "dvar": 7.47977537685e-05, "dmean": 0.00220148521475, "max": 0.385166943073, "var": 0.000773695064709, "mean": 0.0106782382354}, "average_loudness": 0.097546890378, "spectral_rolloff": {"dmean2": 192.702835083, "median": 301.46484375, "min": 21.533203125, "dvar2": 925100.5625, "dvar": 490039.4375, "dmean": 126.834022522, "max": 19056.8847656, "var": 996076, "mean": 467.536376953}, "spectral_centroid": {"dmean2": 64.6850891113, "median": 293.033050537, "min": 153.26109314, "dvar2": 37130.6796875, "dvar": 28875.203125, "dmean": 40.3040657043, "max": 10895.8359375, "var": 358397.375, "mean": 434.205444336}, "pitch_salience": {"dmean2": 0.130900904536, "median": 0.473908603191, "min": 0.0506176799536, "dvar2": 0.0139464223757, "dvar": 0.00521524529904, "dmean": 0.0794934481382, "max": 0.9014351964, "var": 0.0226230993867, "mean": 0.461102724075}, "spectral_energyband_middle_high": {"dmean2": 4.17526534875e-05, "median": 6.96393863109e-06, "min": 1.71184825819e-21, "dvar2": 5.61147643907e-08, "dvar": 2.68926321212e-08, "dmean": 2.80041786027e-05, "max": 0.00602320255712, "var": 1.12651299844e-07, "mean": 7.45254947105e-05}, "spectral_contrast_coeffs": {"dmean2": [0.0815534368157, 0.0584793426096, 0.0483770854771, 0.0308443885297, 0.0215283986181, 0.0240331590176], "median": [-0.604663729668, -0.664936959743, -0.780672669411, -0.878683805466, -0.884152531624, -0.85736978054], "min": [-0.956199228764, -0.979214191437, -0.960500061512, -0.961600184441, -0.957654714584, -0.963144659996], "dvar2": [0.00451147835702, 0.00257011805661, 0.00158985890448, 0.000611290161032, 0.000319899409078, 0.000686729967128], "dvar": [0.00158485397696, 0.00106989999767, 0.000615184661001, 0.000213235689444, 0.000116743955004, 0.000241573725361], "dmean": [0.0481178574264, 0.0361871533096, 0.029053138569, 0.0181477144361, 0.012518000789, 0.0139853451401], "max": [-0.216211229563, -0.28067111969, -0.469918459654, -0.755240797997, -0.797829687595, -0.68963509798], "var": [0.0114112840965, 0.0163616146892, 0.00581738352776, 0.000796727952547, 0.000432294880738, 0.000591986288782], "mean": [-0.599092662334, -0.662036240101, -0.772523105145, -0.875414133072, -0.88154232502, -0.857531368732]}, "melbands_skewness": {"dmean2": 1.03436172009, "median": 1.26110839844, "min": -2.56865978241, "dvar2": 1.11723911762, "dvar": 0.431941539049, "dmean": 0.636107683182, "max": 10.3204946518, "var": 2.38702726364, "mean": 1.37673854828}, "spectral_spread": {"dmean2": 829309.1875, "median": 1520910.375, "min": 259067.90625, "dvar2": 707072491520, "dvar": 428264226816, "dmean": 475502.4375, "max": 40515328, "var": 2929191288830.0, "mean": 1978940.25}, "dissonance": {"dmean2": 0.0868504568934, "median": 0.323365360498, "min": 0.0659566372633, "dvar2": 0.00584661215544, "dvar": 0.00203974824399, "dmean": 0.0514783896506, "max": 0.500000059605, "var": 0.00892675947398, "mean": 0.320492148399}, "spectral_skewness": {"dmean2": 1.74203419685, "median": 6.52866411209, "min": 0.0196149963886, "dvar2": 2.60944986343, "dvar": 0.962816536427, "dmean": 1.05954885483, "max": 17.3329219818, "var": 8.21197414398, "mean": 6.78620529175}, "spectral_flux": {"dmean2": 0.0125566255301, "median": 0.0161694847047, "min": 1.02503054655e-10, "dvar2": 0.000537608459126, "dvar": 0.000196650391445, "dmean": 0.00753025850281, "max": 0.340497165918, "var": 0.00049222225789, "mean": 0.0211470201612}, "spectral_contrast_valleys": {"dmean2": [0.766685664654, 0.601861417294, 0.522704005241, 0.477512717247, 0.388882547617, 0.364323586226], "median": [-8.75261497498, -8.78277206421, -10.0224905014, -11.1270971298, -11.7189502716, -14.0442991257], "min": [-27.4865970612, -27.3863277435, -27.3250293732, -27.2451477051, -27.2991828918, -27.184387207], "dvar2": [0.389487296343, 0.301399946213, 0.276570528746, 0.252019017935, 0.266315877438, 0.196232885122], "dvar": [0.179617628455, 0.172813683748, 0.162950709462, 0.142753437161, 0.141767963767, 0.0927045941353], "dmean": [0.459283798933, 0.365702688694, 0.319777399302, 0.292531132698, 0.245499432087, 0.230367466807], "max": [-6.23993778229, -5.77393341064, -7.07290029526, -8.31624984741, -9.10324001312, -9.81835365295], "var": [2.50345158577, 2.34070658684, 1.70205271244, 1.47645699978, 1.01556575298, 0.787077486515], "mean": [-9.05011844635, -9.02143383026, -10.1785287857, -11.30489254, -11.7786130905, -14.0638933182]}, "erbbands_flatness_db": {"dmean2": 0.0301423575729, "median": 0.354100316763, "min": 0.0386843904853, "dvar2": 0.000930644688196, "dvar": 0.000441886571934, "dmean": 0.0205028504133, "max": 0.597337722778, "var": 0.0103749101982, "mean": 0.350708186626}, "spectral_energyband_high": {"dmean2": 4.3897509272e-07, "median": 6.29826217846e-08, "min": 7.29748429917e-21, "dvar2": 5.76500826244e-11, "dvar": 1.88235781129e-11, "dmean": 2.37604311337e-07, "max": 0.000157954025781, "var": 1.01328919214e-11, "mean": 2.5629694278e-07}, "spectral_entropy": {"dmean2": 0.335327535868, "median": 5.10393714905, "min": 2.89406728745, "dvar2": 0.143934890628, "dvar": 0.0637274608016, "dmean": 0.21879683435, "max": 9.81869316101, "var": 0.993171572685, "mean": 5.21275806427}, "silence_rate_20dB": {"dmean2": 0, "median": 1, "min": 1, "dvar2": 0, "dvar": 0, "dmean": 0, "max": 1, "var": 0, "mean": 1}, "melbands_flatness_db": {"dmean2": 0.0433498993516, "median": 0.505342185497, "min": 0.00486446358263, "dvar2": 0.00189657323062, "dvar": 0.000828878313769, "dmean": 0.0285064950585, "max": 0.771875560284, "var": 0.0127122169361, "mean": 0.495381325483}, "barkbands": {"dmean2": [1.12646239359e-06, 0.000161617426784, 0.000516012427397, 0.00111378449947, 0.001327069127, 0.00086622213712, 0.000111000757897, 2.76577702607e-05, 4.06765575462e-05, 4.90679631184e-05, 3.18956722367e-06, 1.71771353052e-06, 5.9963934973e-07, 6.59467787045e-07, 7.54335189868e-07, 2.1479191048e-07, 2.26066333653e-07, 1.02596885654e-07, 1.98181410838e-07, 1.10266647368e-07, 7.60304175174e-08, 4.70034215994e-08, 5.83161074985e-08, 1.5859393443e-07, 4.80331188157e-08, 1.54769868033e-08, 2.77794653947e-09], "median": [2.6842110401e-07, 2.45441606239e-05, 0.000106896754005, 0.000131290667923, 0.000428075378295, 0.00029026743141, 7.05587444827e-06, 3.11186272484e-06, 6.69586552249e-06, 4.30396266893e-06, 2.93657905104e-07, 3.02351821801e-07, 1.17876183481e-07, 7.65309096096e-08, 1.1960065649e-07, 4.81686193154e-08, 2.90580182138e-08, 2.19532321211e-08, 1.61226072493e-08, 1.19733263304e-08, 1.30491804029e-08, 1.03252020267e-08, 9.4906678072e-09, 1.01688346632e-08, 3.17145798512e-09, 1.59656765586e-09, 1.23050691858e-09], "min": [4.61422374505e-24, 1.19362354242e-23, 1.09117969869e-23, 8.45282919289e-24, 6.26953641529e-23, 6.87278592258e-23, 4.81878807843e-23, 5.17072574952e-23, 6.03063967202e-23, 3.57010867126e-23, 7.59870330063e-23, 1.61771630103e-22, 7.66996331501e-23, 1.17411558022e-22, 1.45320762651e-22, 2.36565148114e-22, 2.07430924541e-22, 2.10887346996e-22, 2.9025378439e-22, 3.36414264249e-22, 3.28199685249e-22, 5.66704396204e-22, 4.83088118989e-22, 8.90670763534e-22, 9.82156313243e-22, 1.70557190413e-21, 2.39425590573e-21], "dvar2": [8.76582226944e-12, 3.10534801429e-07, 3.81242466574e-06, 3.81462159567e-05, 5.85635498282e-05, 9.31960221351e-06, 2.57023373251e-07, 1.7391734275e-08, 2.34672352661e-08, 8.93149660897e-08, 2.73415901031e-10, 3.27973759262e-11, 3.22941196354e-12, 1.19879323482e-11, 1.70048992248e-11, 3.09531670043e-13, 9.56741738785e-13, 9.6875300479e-14, 1.26293127432e-12, 3.21121737057e-13, 8.7378520218e-13, 3.44730130943e-13, 7.62527682056e-13, 1.23124479362e-11, 1.13212206537e-12, 1.04780896145e-13, 7.44001871254e-16], "dvar": [3.17875847172e-12, 1.03727295198e-07, 1.95292045646e-06, 1.36617118187e-05, 2.47393563768e-05, 6.34016623735e-06, 1.5637530737e-07, 6.50329479157e-09, 9.2297494092e-09, 5.17030507297e-08, 9.26759780029e-11, 1.19407530738e-11, 1.30262055482e-12, 4.06260615426e-12, 5.8671283977e-12, 1.05992193917e-13, 3.15425609894e-13, 3.34058613562e-14, 4.13198961808e-13, 1.07759423129e-13, 2.9102214345e-13, 1.13831050163e-13, 2.46656482131e-13, 3.96733383992e-12, 3.78136649597e-13, 3.49679798463e-14, 2.48187059232e-16], "dmean": [6.88869306487e-07, 9.50587127591e-05, 0.000319564074744, 0.000653565570246, 0.000963265600149, 0.000751196348574, 7.99884874141e-05, 1.70813145814e-05, 2.57764640992e-05, 3.49190959241e-05, 1.83869087778e-06, 1.01588830148e-06, 3.84890711302e-07, 3.70902967006e-07, 4.38487830934e-07, 1.21719025969e-07, 1.24412039781e-07, 5.75477976383e-08, 1.05887906443e-07, 5.95726383779e-08, 4.14130276738e-08, 2.60802242025e-08, 3.25918101396e-08, 8.42194651796e-08, 2.56062460124e-08, 8.29235879962e-09, 1.51558832151e-09], "max": [5.05492571392e-05, 0.0101170800626, 0.125949591398, 0.187961727381, 0.285648316145, 0.135852843523, 0.0231719445437, 0.00249869353138, 0.00335558806546, 0.0126135768369, 0.000297225167742, 7.01770404703e-05, 2.87627572106e-05, 5.8515703131e-05, 9.01656385395e-05, 4.54143855677e-06, 1.01658497442e-05, 2.99693942907e-06, 1.14508038678e-05, 9.02979445527e-06, 1.98175839614e-05, 1.21629791465e-05, 1.78438058356e-05, 7.24109195289e-05, 2.25512376346e-05, 6.52012749924e-06, 5.29445401298e-07], "var": [3.90017792368e-12, 2.128484482e-07, 1.52029215315e-05, 2.07586399483e-05, 0.000143809942529, 0.000174639761099, 3.30988814312e-06, 1.96430836041e-08, 3.12384997869e-08, 3.01282994997e-07, 8.38358549249e-11, 1.55416443604e-11, 3.58550125354e-12, 2.54771269186e-12, 4.04102792895e-12, 1.08492038866e-13, 2.25300450496e-13, 3.49724386278e-14, 2.49420303204e-13, 6.32037350516e-14, 1.54105718529e-13, 6.10843976312e-14, 1.39182732722e-13, 2.18285654309e-12, 1.9885955133e-13, 1.76535405082e-14, 1.28265762451e-16], "mean": [9.1629652843e-07, 0.000148139180965, 0.00059836456785, 0.000899396894965, 0.00401358492672, 0.00438601756468, 0.000438255054178, 3.93116933992e-05, 5.0151207688e-05, 9.82793644653e-05, 1.90726211713e-06, 1.58479451784e-06, 6.64434935516e-07, 4.06805185094e-07, 5.13519864853e-07, 1.62165335382e-07, 1.46715393612e-07, 8.25302848284e-08, 1.0475086043e-07, 5.84754573651e-08, 4.45750885092e-08, 3.32844081186e-08, 3.87941696545e-08, 7.6774377078e-08, 2.21114060395e-08, 7.29935623056e-09, 2.30142105373e-09]}, "erbbands_skewness": {"dmean2": 1.02276909351, "median": 1.6557251215, "min": -5.85047292709, "dvar2": 1.24079191685, "dvar": 0.517203271389, "dmean": 0.651510477066, "max": 12.1120195389, "var": 3.39623117447, "mean": 1.78788781166}, "erbbands_spread": {"dmean2": 3.20622038841, "median": 5.16230010986, "min": 0.299642473459, "dvar2": 39.8088684082, "dvar": 14.6088542938, "dmean": 1.97989761829, "max": 95.7274246216, "var": 154.103897095, "mean": 8.75696563721}, "melbands_kurtosis": {"dmean2": 10.6004476547, "median": 7.24897575378, "min": -1.78835296631, "dvar2": 278.573944092, "dvar": 113.985481262, "dmean": 6.50091791153, "max": 380.879486084, "var": 297.192321777, "mean": 12.2877531052}, "melbands": {"dmean2": [2.96116359095e-05, 0.000169709863258, 0.000469798542326, 0.000275447586318, 0.000312080112053, 9.38620942179e-05, 3.04640961986e-05, 5.61866909266e-06, 5.80198320677e-06, 5.76217371417e-06, 7.54696611693e-06, 4.419778179e-06, 4.2652206389e-07, 2.28570854688e-07, 9.92816069356e-08, 5.38266107242e-08, 6.21982749749e-08, 6.64073098733e-08, 5.2918771587e-08, 1.50931125376e-08, 1.52920893726e-08, 1.3891757078e-08, 8.05085065281e-09, 4.83407935903e-09, 5.23266674435e-09, 9.12482267523e-09, 5.07666131355e-09, 3.23324989004e-09, 2.83816170565e-09, 1.8349004538e-09, 1.42038170114e-09, 9.09772479574e-10, 1.04371056242e-09, 8.88232765117e-10, 8.51188008966e-10, 1.23882037961e-09, 3.31795746433e-09, 1.51006618321e-09, 7.918938838e-10, 4.28820035037e-10], "median": [4.