{"metadata": {"tags": {"label": ["Ministry of Sound"], "releasecountry": ["GB"], "catalognumber": ["MOSCD 5"], "genre": ["Trance, Electronic, Progressive Trance"], "releasetype": ["compilation"], "tracknumber": ["16"], "disctotal": ["2"], "musicbrainz_albumartistid": ["22a096ef-c70d-4d70-ae19-4fc2412d4986"], "album": ["Ministry of Sound: Clubber\u2019s Guide to\u2026 Trance"], "script": ["Latn"], "albumartistsort": ["ATB"], "releasestatus": ["official"], "producer": ["Steve Canueto"], "musicbrainz_artistid": ["8cfbfe85-f5f6-4820-be56-904967d34a45"], "acoustid_id": ["b8bfbc8e-af01-483b-99f1-9ff8395f2034"], "musicbrainz_recordingid": ["04c3fa9c-a933-4330-8d01-54219bffef21"], "totaltracks": ["17"], "albumartist": ["ATB"], "barcode": ["5026535500629"], "originaldate": ["1999-07-26"], "artist": ["Digital Control"], "bpm": ["141"], "musicbrainz_albumid": ["9bbf20bd-36b2-4dcf-ae02-b73f746dd86b"], "artistsort": ["Digital Control"], "title": ["Dreams Last for Long (Ferry Corsten remix)"], "asin": ["B0000259KX"], "tracktotal": ["17"], "musicbrainz_releasegroupid": ["6ee7f95f-8890-30fa-ac33-811c361b3620"], "compilation": ["0"], "djmixer": ["ATB"], "language": ["eng"], "totaldiscs": ["2"], "date": ["1999-07-26"], "musicip_puid": ["0f7653e3-ec10-d234-401d-2fcbd11d8a8f"], "acoustid_fingerprint": ["AQADtEmSREqUMFGiBBcOnDjxw4cOHxehC7hx4saP48dxiDaOGz5x_NDhCz5OHMeNyzB-_Dgu-DhO8DgF2zhh6DyO49CPW8KFgzp8-MdxXIePHxduGj5M8Lhw3Djw4YfPDTcu-PjB4ziOw5eOH4d4XMePQ5SDw8c9PMiPG2nY43oGW_hx4YqhL8fhH08k3HjgAzKO6xB_HIdP6Cp-XLiI48KJ4-Lxw8dxHcaN47hwHMYNXceN44YoESf-47CN4_CJGzdO-DgOn_hxHLjBwxZxWMdFXLgBn7Aoghf84_AHnMN53PBxwTiOH7rg4zpMH4cuXMfhQzx-_Phx_PA36B_hjBpy3MeLsw1cEXlxP7jgE2fww5Sgw8dxErpwC_5xHBdhHBd8Aid8_DhuwcdtnPBxnLB16MKFHyKJ0zhxHT6Ow8cJ2DgO8_hxnLhxHT4O2zhh3MJhS8KP44aP6zgOn_hxwTZ0HodP6MSN87CMA7aI48cJ_7gFX8WH87jhE7_w44btIz6BEz5uxOchW4HP4CPyBIcf5IcPXT1eXIRPHIeP46bxwx9O4YSPDyd--MSNC-fh4xJhUcNxwzZuDddx44Jt3MJFw8eJCz5uXIRJ9EePy_BpXLhwHVaLwzJx4fBx4IdF4RYuHP5xGicN0RqOwz_OQ9dxHD6OiziMEyYBk7iO48INW7hx4jp8nPBxHrBxHPdx2JJwnPCPGyf844dF4RJxHOdxfLCJe7gM_4KPH4dPXDqOQ7xx6zhsSccN3Ths4wdMHsdl_PBpATcOH8dp8Phh0eB5mMRxGraOC8fhH6d0wH_w4yZsHLdwwj_044ItQjd-UCd-XIJPXGBOoTt83LiEHz6uWzh8HLBFXDhuWvCP4zg1-Bdw-B9uIM1x_DhsIccviCT-43jgBye-QDyeGG8OHz8Ok8SJG4dv4ccl-LiE46bh44bx4zhhmcZ5wD-OC-fxw8dx-ICO08bxCz8OnSQOHzhs4TpwHaZEHBcsXLh8nLgEH8chyseh8_AP_LBo_DguHsdx4cdp6C98XDrg4zy0o8e_wUeOwz9w4TiD42fxHc_SweWQ4xR8MziPRzpqHSF_eFKUB33UEI_RYyNJ1MeVmEfz8OgfHBeFZzFyBYaeHbk-jH1R7-DRA7yMI7uO5D5-FD9--NjZ4-gDPMiPO0kORf_RI8we9Mdz_OBxABeOHzxyP9CQ48df_Njk40eP48YffJieKEQ_9EezLsWR39CRnbgBXDgO_ki-I0e7Fj9uHJvM4zx6_DgQ9UHf49Cip3g-CfnA8TiAHxe-P3gs3Ah1aFERn7iH74rRS8Geoycei4ed486EF81f1MqIJ0qEWyHCQGOGf0ce7PuKo0ePC8ePrM2hIfhxHsdbbD96Hj-O-yl2PAk6M4d3tEd-CNmFFwfwC0d-SPWD_OjxG7_w4_BDRDrzAD-OY0_Qh0cO70f4Hc-hgzyRGwcuID_0HFmP8-iJ8wXeww_64g9eHE9xfDpC6hAziQg_4_oE8Pjx4hreDHeOC2F2IpmOPriO6lwZXMrRS3gu1CMe9IcLKs6FXg9edJWMS_B_9Dre5MgvHIoyZsH0IrR4-D3Ogy-eYo-GH84D60f141GOPNHR7_Ak6Xgq_I_wvHhkOA9E6viR3sKlpyiL70ep48eTFQ6nBOEOlY-Q55gfPEfzHH0iHD9uPMoVJA6P8EFziiv-4fRx5ii7w0eP6heaKsORQ99uPMpD5DymH8734ABlnXNKKaWMckIYa4V4zgpnhTLCWaekMM5YpZxzwinhrJNCKCuUEsIqo5ySQhjhlLVOCeuUU84qq4RwRghlrHBAKGeAlQIwBKGwDAGlGLAKKOGsUFY4JaVzSggjrFLCWaekMko55YwQzlkhlBPmCqesVcIZpZQQSjjlnBBKOSeMUc4YZ4RwSgjgFABWMUKAEUoZhYADwikprDFWGOuUUsIJK5wVygnrlHNGCKeUclYI64RTyggpjHXCOmWFUso6IYwSygqhnLBOGCeUEdYYJZwRRgjghAICGEQRU0YQpoSzwgqnoHLCOqWEkE5YQ5VRwCqhlBNCKSaIFEoqxZQzzhnrrDDCUCuUAQZYp5yyzhmrrDXOWKOMMVYoK51Q1gljhJHWCWeVEUY5Y4VR1ikhrBDSOaOccUYoJ4QzxhlhnZHOCiWEMBYIZ50wUigjpHDGKcWsssoIIYS11lkhjHVKGCeAQtYpSwEQhDiFmNFSKOWMNUosIZxSVghrhVXGCGGUMEpZ64QSziinlBDKKqWMWMoIp5STRikhjBFGKCWcVcI4BZQxwlhGABLUCaOsc4wAKIAjwBEhiBHACEYAAEo4hByggihCCYPGAGMYQ0QDBCgogQpmhGBEAYJBEK0KaJQwhBkCmZHWKFYecsQQaoRTG1QSlWFAEAiaYkg0awYRhBgmlEsCEkAIpU4TI4AiBiBElEAEMGAEAEVTKI0xjEjRhBSISTKQcsoBocUIg0BIEIGWEOYEdEEYZk1YRDDCiCFYTS-oM8xIQwhBFgBBkSBlOqEJYRgJsogRzFCFFCCIKeeFIAAxBQASBhDiGCDCMMOpQNYAhgAjQgEBKCCEEWEUAQgZYwRQigEnoFMGEcEAIYYgBRwhggFFFTIQAmGMYEIBJgA"], "media": ["CD"], "file_name": "16. Digital Control - Dreams Last for Long (Ferry Corsten remix).flac", "discnumber": ["2"]}, "audio_properties": {"sample_rate": 44100, "downmix": "mix", "lossless": true, "analysis_sample_rate": 44100, "md5_encoded": "5012bd4d31bcfe376e9a1c61f9feed13", "equal_loudness": 0, "replay_gain": -10.1943855286, "codec": "flac", "bit_rate": 0, "length": 257.57333374}, "version": {"extractor": "music 1.0", "essentia_build_sha": "70f2e5ece6736b2c40cc944ad0e695b16b925413", "essentia_git_sha": "v2.1_beta2", "essentia": "2.1-beta2"}}, "rhythm": {"beats_loudness_band_ratio": {"dvar2": [0.0587993972003, 0.0033191354014, 0.00943436007947, 0.00886963214725, 0.0159023571759, 0.0347770825028], "var": [0.12761169672, 0.00114528427366, 0.00655450951308, 0.00656789308414, 0.0141305187717, 0.0258103925735], "min": [0.000826548784971, 0.000532380305231, 0.00115019408986, 0.000346138665918, 0.000636310840491, 0.000532068777829], "dmean": [0.117265895009, 0.0300030913204, 0.0459097288549, 0.0371347814798, 0.0497762709856, 0.068458981812], "mean": [0.659501969814, 0.0362362675369, 0.0643401443958, 0.0523184984922, 0.0789577364922, 0.118826285005], "max": [0.992410182953, 0.246874168515, 0.527399837971, 0.609521746635, 0.590501725674, 0.921574115753], "dmean2": [0.21347656846, 0.0545418336987, 0.0797085389495, 0.065726980567, 0.0881926864386, 0.125378802419], "median": [0.822978854179, 0.0278428830206, 0.0305448006839, 0.0216535106301, 0.0207297299057, 0.0417831689119], "dvar": [0.0205797571689, 0.00108338904101, 0.0031279141549, 0.00329601601698, 0.00554927345365, 0.0107060596347]}, "bpm_histogram_first_peak_weight": {"dvar2": 0, "var": 0, "min": 0.509900987148, "dmean": 0, "mean": 0.509900987148, "max": 0.509900987148, "dmean2": 0, "median": 0.509900987148, "dvar": 0}, "bpm": 141.700210571, "beats_count": 607, "bpm_histogram_first_peak_spread": {"dvar2": 0, "var": 0, "min": 0.478040575981, "dmean": 0, "mean": 0.478040575981, "max": 0.478040575981, "dmean2": 0, "median": 0.478040575981, "dvar": 0}, "danceability": 1.58990967274, "bpm_histogram_first_peak_bpm": {"dvar2": 0, "var": 0, "min": 144, "dmean": 0, "mean": 144, "max": 144, "dmean2": 0, "median": 144, "dvar": 0}, "beats_position": [0.371519267559, 0.766258478165, 1.18421769142, 1.60217678547, 2.02013611794, 2.4497051239, 2.87927436829, 3.29723358154, 3.7151927948, 4.14476203918, 4.57433080673, 4.99229001999, 5.42185926437, 5.85142850876, 6.26938772202, 6.68734693527, 7.10530614853, 7.53487491608, 7.96444416046, 8.38240337372, 8.8119726181, 9.24154186249, 9.65950107574, 10.077460289, 10.4954195023, 10.9249887466, 11.354557991, 11.7725172043, 12.1904764175, 12.6200447083, 13.0496139526, 13.4675731659, 13.8855323792, 14.3034915924, 14.7330608368, 15.1626300812, 15.5805892944, 15.9985485077, 16.4281177521, 16.8576869965, 17.2756462097, 17.693605423, 18.1231746674, 18.5527439117, 18.970703125, 19.4002723694, 19.8298416138, 20.247800827, 20.6657600403, 21.0837192535, 21.5132884979, 21.942855835, 22.3608150482, 22.7787742615, 23.1967334747, 23.6263027191, 24.0558719635, 24.4738311768, 24.89179039, 25.3213596344, 25.7509288788, 26.168888092, 26.5984573364, 27.0280265808, 27.4459857941, 27.8639450073, 28.2819042206, 28.711473465, 29.1410427094, 29.5590019226, 29.9769611359, 30.4065303802, 30.8360996246, 31.2540588379, 31.6720180511, 32.1015853882, 32.5311546326, 32.9491157532, 33.3786849976, 33.7966423035, 34.2262115479, 34.6441726685, 35.0621299744, 35.4916992188, 35.9212684631, 36.3392295837, 36.7571868896, 37.186756134, 37.6163253784, 38.034286499, 38.4522438049, 38.8818130493, 39.3113822937, 39.7293434143, 40.1589126587, 40.5884780884, 41.006439209, 41.4243965149, 41.8423576355, 42.2603149414, 42.6898841858, 43.1194534302, 43.5374145508, 43.9553718567, 44.3849411011, 44.8145103455, 45.2324714661, 45.6620407104, 46.0916099548, 46.5095672607, 46.9275283813, 47.3570976257, 47.7866668701, 48.204624176, 48.6225852966, 49.0405426025, 49.4701118469, 49.8996810913, 50.3176422119, 50.7355995178, 51.1651687622, 51.5947380066, 52.0126991272, 52.4306564331, 52.8602256775, 53.2897949219, 53.7077522278, 54.1257133484, 54.5552825928, 54.9848518372, 55.4028091431, 55.8207702637, 56.2503395081, 56.6799087524, 57.0978660583, 57.5274353027, 57.9570045471, 58.3749656677, 58.7929229736, 59.222492218, 59.6520614624, 60.070022583, 60.4879798889, 60.9059410095, 61.3355102539, 61.7650794983, 62.1830368042, 62.6009979248, 63.0305671692, 63.4601364136, 63.8780937195, 64.2960510254, 64.7256240845, 65.1551895142, 65.5731506348, 65.9911117554, 66.4206771851, 66.8502502441, 67.2682037354, 67.686164856, 68.115737915, 68.5453033447, 68.9632644653, 69.3812255859, 69.8107910156, 70.2403640747, 70.6583175659, 71.0762786865, 71.4942398071, 71.9238052368, 72.3533782959, 72.7713394165, 73.1892929077, 73.6188659668, 74.0484313965, 74.4663925171, 74.8843536377, 75.3139190674, 75.7434921265, 76.1614532471, 76.5794067383, 77.0089797974, 77.4385452271, 77.8565063477, 78.2744674683, 78.7040328979, 79.133605957, 79.5515594482, 79.9695205688, 80.3990936279, 80.8402709961, 81.2814483643, 81.7226257324, 82.16381073, 82.6166000366, 83.0577774048, 83.4989547729, 83.9633560181, 84.3929214478, 84.8224945068, 85.2520599365, 85.6816329956, 86.0995864868, 86.5291595459, 86.9587249756, 87.3766860962, 87.7946472168, 88.2242126465, 88.6421737671, 89.0717468262, 89.4897003174, 89.9192733765, 90.3372344971, 90.7667999268, 91.1847610474, 91.6143264771, 92.0322875977, 92.4618606567, 92.8798141479, 93.309387207, 93.7389526367, 94.1569137573, 94.5864868164, 95.0160522461, 95.4340133667, 95.8519744873, 96.2699279785, 96.6995010376, 97.1290664673, 97.5470275879, 97.9649887085, 98.3945541382, 98.8125152588, 99.2420806885, 99.6600418091, 100.089614868, 100.507568359, 100.937141418, 101.355102539, 101.784667969, 102.214241028, 102.632194519, 103.05015564, 103.46811676, 103.89768219, 104.327255249, 104.74521637, 105.163169861, 105.59274292, 106.02230835, 106.44026947, 106.858230591, 107.287796021, 107.71736908, 108.146934509, 108.576507568, 108.994468689, 109.41242218, 109.841995239, 110.271560669, 110.68952179, 111.10748291, 111.53704834, 111.966621399, 112.38457489, 112.802536011, 113.23210907, 113.6616745, 114.07963562, 114.497596741, 114.92716217, 115.356735229, 115.774688721, 116.192649841, 116.6222229, 117.05178833, 117.469749451, 117.887710571, 118.317276001, 118.74684906, 119.164802551, 119.582763672, 120.000724792, 120.430290222, 120.859863281, 121.277824402, 121.707389832, 122.136962891, 122.554916382, 122.972877502, 123.390838623, 123.808792114, 124.238365173, 124.667930603, 125.097503662, 125.527069092, 125.945030212, 126.362991333, 126.792556763, 127.222129822, 127.640090942, 128.058044434, 128.487609863, 128.917190552, 129.335144043, 129.753097534, 130.171066284, 130.589019775, 131.018585205, 131.448165894, 131.877731323, 132.307296753, 132.725265503, 133.143218994, 133.561172485, 133.979141235, 134.408706665, 134.838272095, 135.267837524, 135.697418213, 136.115371704, 136.533325195, 136.951293945, 137.369247437, 137.798812866, 138.228393555, 138.646347046, 139.075912476, 139.493881226, 139.923446655, 140.341400146, 140.759368896, 141.188934326, 141.618499756, 142.036453247, 142.454421997, 142.872375488, 143.301940918, 143.719909668, 144.149475098, 144.567428589, 144.997009277, 145.426574707, 145.844528198, 146.262496948, 146.692062378, 147.110015869, 147.539596558, 147.957550049, 148.387115479, 148.816680908, 149.234649658, 149.652603149, 150.082168579, 150.511749268, 150.929702759, 151.359268188, 151.788833618, 152.206802368, 152.624755859, 153.042724609, 153.472290039, 153.901855469, 154.31980896, 154.73777771, 155.16734314, 155.596908569, 156.014877319, 156.432830811, 156.86239624, 157.28036499, 157.70993042, 158.127883911, 158.545852661, 158.975418091, 159.404983521, 159.822952271, 160.240905762, 160.670471191, 161.100036621, 161.518005371, 161.935958862, 162.365524292, 162.79510498, 163.213058472, 163.631011963, 164.060592651, 164.490158081, 164.908111572, 165.326080322, 165.755645752, 166.185211182, 166.603164673, 167.021133423, 167.450698853, 167.880264282, 168.298233032, 168.716186523, 169.134140015, 169.563720703, 169.993286133, 170.411239624, 170.840820312, 171.270385742, 171.688339233, 172.106307983, 172.535873413, 172.965438843, 173.383392334, 173.801361084, 174.219314575, 174.648880005, 175.078460693, 175.496414185, 175.925979614, 176.355545044, 176.773513794, 177.191467285, 177.621032715, 178.050613403, 178.468566895, 178.886520386, 179.304489136, 179.734054565, 180.163619995, 180.581588745, 180.999542236, 181.429107666, 181.858688354, 182.276641846, 182.694595337, 183.124176025, 183.553741455, 183.971694946, 184.401260376, 184.830841064, 185.248794556, 185.666748047, 186.084716797, 186.514282227, 186.943847656, 187.361816406, 187.779769897, 188.209335327, 188.627304077, 189.056869507, 189.486434937, 189.916000366, 190.333969116, 190.751922607, 191.181488037, 191.611068726, 192.029022217, 192.446975708, 192.876556396, 193.294509888, 193.712463379, 194.142044067, 194.559997559, 194.97795105, 195.407531738, 195.837097168, 196.255050659, 196.673019409, 197.102584839, 197.532150269, 197.961715698, 198.391296387, 198.809249878, 199.227203369, 199.645172119, 200.06312561, 200.481079102, 200.91065979, 201.34022522, 201.758178711, 202.187744141, 202.617324829, 203.03527832, 203.453231812, 203.871200562, 204.300765991, 204.730331421, 205.159912109, 205.589477539, 206.00743103, 206.42539978, 206.843353271, 207.261306763, 207.690887451, 208.120452881, 208.538406372, 208.967971802, 209.39755249, 209.815505981, 210.233459473, 210.663040161, 211.080993652, 211.510559082, 211.928527832, 212.358093262, 212.776046753, 213.205612183, 213.623580933, 214.041534424, 214.471099854, 214.900680542, 215.318634033, 215.736587524, 216.154556274, 216.584121704, 217.013687134, 217.431655884, 217.849609375, 218.279174805, 218.708755493, 219.126708984, 219.544662476, 219.974243164, 220.403808594, 220.821762085, 221.239730835, 221.669296265, 222.098861694, 222.516815186, 222.934783936, 223.364349365, 223.793914795, 224.211883545, 224.629837036, 225.059402466, 225.488967896, 225.906936646, 226.324890137, 226.754455566, 227.184036255, 227.601989746, 228.019943237, 228.449523926, 228.879089355, 229.297042847, 229.715011597, 230.132965088, 230.574142456, 230.992111206, 231.410064697, 231.828018188, 232.257598877, 232.687164307, 233.105117798, 233.523086548, 233.952651978, 234.382217407, 234.800170898, 235.218139648, 235.647705078, 236.077270508, 236.495239258, 236.913192749, 237.342758179, 237.772338867, 238.190292358, 238.60824585, 239.037811279, 239.467391968, 239.885345459, 240.30329895, 240.732879639, 241.162445068, 241.58039856, 241.99836731, 242.427932739, 242.857498169, 243.275466919, 243.69342041, 244.134597778, 244.55255127, 244.97052002, 245.388473511, 245.81803894, 246.247619629, 246.66557312, 247.083526611, 247.5131073, 247.942672729, 248.360626221, 248.778594971, 249.2081604, 249.63772583, 250.05569458, 250.473648071, 250.891601562, 251.332778931, 251.750747681, 252.168701172, 252.586654663, 253.02784729, 253.445800781, 253.863754272, 254.281723022, 254.722900391, 255.140853882, 255.558822632, 255.976776123, 256.406341553, 256.835906982, 257.253875732], "beats_loudness": {"dvar2": 0.00616972753778, "var": 0.00372003833763, "min": 0.000426990882261, "dmean": 0.0320127904415, "mean": 0.0804231911898, "max": 0.380572170019, "dmean2": 0.0588388293982, "median": 0.0719384625554, "dvar": 0.00210641906597}, "bpm_histogram_second_peak_weight": {"dvar2": 0, "var": 0, "min": 0.0181518159807, "dmean": 0, "mean": 0.0181518159807, "max": 0.0181518159807, "dmean2": 0, "median": 0.0181518159807, "dvar": 0}, "bpm_histogram_second_peak_spread": {"dvar2": 0, "var": 0, "min": 0.0833333730698, "dmean": 0, "mean": 0.0833333730698, "max": 0.0833333730698, "dmean2": 0, "median": 0.0833333730698, "dvar": 0}, "bpm_histogram_second_peak_bpm": {"dvar2": 0, "var": 0, "min": 136, "dmean": 0, "mean": 136, "max": 136, "dmean2": 0, "median": 136, "dvar": 0}, "onset_rate": 6.42492437363}, "lowlevel": {"spectral_energyband_high": {"dvar2": 3.88912394556e-06, "var": 5.89374621995e-06, "min": 1.21357993521e-06, "dmean": 0.00116966001224, "mean": 0.00196998636238, "max": 0.0170098040253, "dmean2": 0.00170138967223, "median": 0.00100104068406, "dvar": 2.00055774258e-06}, "spectral_energyband_middle_low": {"dvar2": 0.000449073471827, "var": 0.000184167802217, "min": 2.00445738301e-05, "dmean": 0.00697245355695, "mean": 0.00776257133111, "max": 0.105512723327, "dmean2": 0.01107315626, "median": 0.00380619289353, "dvar": 0.000193427840713}, "spectral_energy": {"dvar2": 0.00185691681691, "var": 0.00307551841252, "min": 4.81120878248e-05, "dmean": 0.0230058487505, "mean": 0.0504493415356, "max": 0.411048203707, "dmean2": 0.0271032545716, "median": 0.0358338281512, "dvar": 0.00110516895074}, "spectral_spread": {"dvar2": 2357490876420.0, "var": 2184218935300.0, "min": 1478357, "dmean": 882913.8125, "mean": 6585134, "max": 12764118, "dmean2": 1336235.125, "median": 6519519, "dvar": 1061227266050.0}, "spectral_energyband_low": {"dvar2": 0.00227127363905, "var": 0.00292668747716, "min": 2.00153564833e-07, "dmean": 0.0213153529912, "mean": 0.0388505347073, "max": 0.403098464012, "dmean2": 0.0255129728466, "median": 0.0213550124317, "dvar": 0.00137351034209}, "spectral_rolloff": {"dvar2": 3181291.75, "var": 5937826, "min": 43.06640625, "dmean": 804.389587402, "mean": 1869.1920166, "max": 11864.7949219, "dmean2": 1273.51159668, "median": 559.86328125, "dvar": 1529520.125}, "barkbands": {"dvar2": [1.11250415102e-06, 0.00158400088549, 0.00225482787937, 0.000218502609641, 0.000238068212639, 1.01221739897e-05, 2.87500893137e-06, 1.73312150764e-06, 1.09650272861e-06, 3.2509075254e-07, 2.03326891324e-07, 6.14180066805e-07, 1.50436198965e-06, 3.01105728795e-07, 6.96410154433e-07, 5.17014484558e-07, 3.25654866629e-07, 1.03924712391e-07, 9.63845394608e-08, 1.47308213627e-07, 4.09143865454e-07, 3.47389402577e-07, 2.48508740697e-07, 8.64581295446e-08, 7.77194770762e-08, 2.28964491811e-08, 2.57319721086e-09], "var": [5.55068595531e-07, 0.00151749281213, 0.00074282271089, 4.83630865347e-05, 4.73826148664e-05, 5.12935957886e-06, 2.05843548429e-06, 5.93063248289e-07, 4.57593898773e-07, 1.55229002985e-07, 1.31366562073e-07, 4.64825916424e-07, 9.41424900702e-07, 2.24818222705e-07, 8.51826371218e-07, 4.35879201177e-07, 2.33691622498e-07, 6.50306830607e-08, 8.55145856349e-08, 1.43016634979e-07, 4.37504894535e-07, 4.35968644297e-07, 2.21017558033e-07, 1.1692414148e-07, 5.9380198536e-08, 1.43611842418e-08, 1.59676294409e-09], "min": [4.33018136903e-08, 3.63468330988e-08, 1.67999891776e-09, 5.75795244817e-10, 1.02381044087e-07, 2.66929536252e-08, 1.59486894802e-08, 2.43805942546e-07, 1.99628090058e-07, 1.81992625414e-08, 5.011137727e-09, 7.77568800459e-08, 2.66058037823e-08, 3.18115027653e-08, 5.93947930838e-08, 6.17332460706e-08, 5.17174605363e-08, 2.80414376164e-08, 2.16856381741e-08, 3.0963807518e-08, 5.01727903668e-08, 1.07275553773e-07, 1.63736388004e-07, 2.88456085684e-08, 3.96893199195e-07, 2.14881783478e-08, 9.66396385138e-09], "dmean": [0.000321644620271, 0.0159080121666, 0.0112157389522, 0.00331223011017, 0.00297024776228, 0.00121839041822, 0.000637613411527, 0.000405561120715, 0.000362023565685, 0.000213657418499, 0.000198773734155, 0.000320010440191, 0.0004530812148, 0.000231840225752, 0.000303547480144, 0.000252333906246, 0.00018202328647, 0.000116533461551, 0.000126570390421, 0.000189005106222, 0.000267829746008, 0.000293783901725, 0.00024291734735, 0.000169327220647, 0.000148063292727, 7.01298195054e-05, 2.45851133513e-05], "mean": [0.000512617873028, 0.0275730937719, 0.00931838154793, 0.00259409099817, 0.00213609589264, 0.00137614377309, 0.000776151195168, 0.000414317415562, 0.00040464149788, 0.000245337694651, 0.000270356045803, 0.000462262687506, 0.00062390853418, 0.000319002458127, 0.000467158912215, 0.000324345339322, 0.000227600059588, 0.000150869091158, 0.000175799999852, 0.000282546679955, 0.00039279772318, 0.000465122546302, 0.000340222381055, 0.00026234149118, 0.000210034515476, 9.22214094317e-05, 2.91319720418e-05], "max": [0.0120613649487, 0.308366954327, 0.253130882978, 0.0872769355774, 0.0649288147688, 0.0226416382939, 0.0182224921882, 0.0163385849446, 0.00786538049579, 0.00753553630784, 0.00625237589702, 0.0128039941192, 0.0173424221575, 0.00559180881828, 0.00833139847964, 0.00673848716542, 0.0105625474826, 0.00359677802771, 0.00311641977169, 0.00459831487387, 0.00624394230545, 0.00583781860769, 0.00496892444789, 0.00278849690221, 0.00200603343546, 0.00107209256385, 0.000363437138731], "dmean2": [0.000505569332745, 0.0198018737137, 0.0186384022236, 0.00601552566513, 0.00551313254982, 0.00197931332514, 0.000968246662524, 0.00068310945062, 0.00059606146533, 0.000347019464243, 0.000323490181472, 0.000518292770721, 0.000734898843803, 0.000355254975148, 0.000451311439974, 0.000372666982003, 0.000278742198134, 0.000180904869922, 0.000188199526747, 0.000286057766061, 0.000400085322326, 0.00042861152906, 0.000381376943551, 0.000249690143391, 0.000228114935453, 0.000107394858787, 3.77797914553e-05], "median": [0.000295271311188, 0.0128542687744, 0.000886035501026, 0.000745812314562, 0.00056673376821, 0.0004652691714, 0.000273332669167, 0.000166532132425, 0.000172860352905, 0.000108435640868, 0.000139606883749, 0.000206504861126, 0.000281475571683, 0.000130155647639, 0.000122512850794, 9.39145247685e-05, 7.96633030404e-05, 5.78208091611e-05, 6.17126497673e-05, 0.000131003398565, 0.000137476192322, 0.000196455919649, 0.000142399163451, 0.000131569395307, 0.000118963464047, 4.6074106649e-05, 1.1824988178e-05], "dvar": [3.64294038491e-07, 0.000835672486573, 0.000913647701964, 7.87000026321e-05, 8.32139485283e-05, 4.18912759415e-06, 1.42549060911e-06, 6.52548010294e-07, 4.29939149171e-07, 1.31476923571e-07, 8.06920326113e-08, 2.54021500723e-07, 6.16804243236e-07, 1.38317588494e-07, 3.28335886479e-07, 2.63212058371e-07, 1.51153571437e-07, 4.47331416353e-08, 4.84057487427e-08, 7.22089268379e-08, 1.98414696229e-07, 1.76424052256e-07, 1.11139783598e-07, 4.76829562501e-08, 3.40844614755e-08, 1.00919947954e-08, 1.16414078377e-09]}, "melbands_skewness": {"dvar2": 5.58309078217, "var": 11.9790763855, "min": -2.27808332443, "dmean": 1.669911623, "mean": 4.83522605896, "max": 21.7722740173, "dmean2": 2.16766095161, "median": 4.13945960999, "dvar": 2.95108342171}, "barkbands_skewness": {"dvar2": 23.0414524078, "var": 14.5992679596, "min": -3.99456262589, "dmean": 1.47720301151, "mean": 2.93491268158, "max": 52.4535598755, "dmean2": 2.15654969215, "median": 2.24459958076, "dvar": 9.82974529266}, "erbbands": {"dvar2": [0.25494402647, 125.004936218, 2398.40258789, 1975.00231934, 1464.3458252, 3405.45141602, 1327.84204102, 656.741882324, 254.801269531, 1090.31677246, 887.633239746, 482.086608887, 262.278900146, 265.608123779, 402.516052246, 998.21661377, 1758.15270996, 819.569702148, 1928.46948242, 1424.81030273, 1646.8001709, 1205.87915039, 407.724029541, 216.092224121, 250.404388428, 399.559448242, 327.283477783, 1011.81616211, 446.195831299, 148.236358643, 310.864868164, 72.6138763428, 18.2958450317, 8.13474369049, 5.34199380875, 0.638765871525, 0.0868294686079, 0.00337201566435, 6.99264419382e-05, 2.36629631445e-07], "var": [0.751483857632, 103.466003418, 941.480773926, 640.440490723, 359.386505127, 657.187561035, 325.612548828, 371.78112793, 163.647979736, 669.625183105, 317.310211182, 204.817962646, 93.0164871216, 164.005905151, 292.247039795, 805.797485352, 1109.63110352, 650.20916748, 1735.22229004, 1919.04699707, 1439.94750977, 882.98425293, 278.387176514, 170.258544922, 219.868774414, 348.859527588, 326.179931641, 1121.82543945, 546.140136719, 202.435577393, 256.615570068, 81.2867279053, 20.6656742096, 7.03770399094, 3.75320720673, 0.417396008968, 0.0468150936067, 0.00200155354105, 4.11149012507e-05, 1.6221501653e-07], "min": [2.79889695776e-06, 4.52365156889e-06, 6.23739060757e-06, 2.12526319956e-05, 9.36432697927e-05, 0.000695951108355, 0.000766677432694, 0.000324062508298, 0.000677905103657, 0.00451020011678, 0.00689733820036, 0.00727673573419, 0.0063682179898, 0.00165234948508, 0.00302211311646, 0.00370502471924, 0.00151374912821, 0.00170180574059, 0.00380197842605, 0.0023238484282, 0.00369269400835, 0.00301561970264, 0.00167320726905, 0.00131071731448, 0.00112035195343, 0.0014868931612, 0.00167870218866, 0.00198005954735, 0.00307983811945, 0.00470573268831, 0.00227543292567, 0.000652639311738, 0.000816880783532, 0.00314707029611, 0.00214819051325, 0.00018215199816, 5.60333719477e-05, 2.35005318245e-05, 3.58770921594e-06, 2.28246420875e-07], "dmean": [0.356029361486, 4.09701538086, 12.3050756454, 11.3513727188, 8.75666904449, 10.6759614944, 9.86026191711, 9.70153141022, 6.56678104401, 11.2744102478, 9.37704849243, 7.97043895721, 5.95885229111, 7.16254043579, 8.95965576172, 13.3219242096, 15.7069702148, 13.1909885406, 14.7474021912, 13.1752624512, 14.7428159714, 11.0990543365, 7.558177948, 6.0474820137, 6.35070753098, 9.34272575378, 8.21127033234, 13.2209939957, 10.4048423767, 6.86074829102, 7.61682891846, 4.23825836182, 2.44754600525, 1.6072268486, 1.15279078484, 0.339561879635, 0.135922938585, 0.0286970827729, 0.00399250490591, 0.000243188696913], "mean": [0.766069591045, 6.27306699753, 11.346745491, 10.0807294846, 7.76759529114, 7.14152288437, 9.10483932495, 10.9827156067, 8.38833522797, 12.8514938354, 10.2351617813, 9.0966758728, 6.76586866379, 9.74758148193, 13.625743866, 20.4400196075, 22.5977420807, 19.5448417664, 21.253862381, 20.5781536102, 19.5014762878, 14.1877508163, 9.94471549988, 8.48240947723, 8.83896255493, 13.8087787628, 12.2372131348, 19.9392032623, 16.4890289307, 10.9655570984, 10.3925867081, 6.43461418152, 3.72875475883, 2.3055832386, 1.56804823875, 0.479047268629, 0.164798602462, 0.0340158045292, 0.00468320120126, 0.000344036903698], "max": [6.07231044769, 80.5344848633, 266.310028076, 284.31652832, 212.031204224, 268.379058838, 183.691925049, 203.37046814, 155.520309448, 336.348571777, 396.605407715, 186.415115356, 178.034317017, 215.292663574, 218.524200439, 523.769470215, 620.678588867, 337.171905518, 609.724487305, 426.437438965, 386.288970947, 635.858154297, 229.936157227, 154.251312256, 184.5440979, 268.310150146, 294.08581543, 370.303863525, 215.65246582, 111.589027405, 184.666107178, 89.4287567139, 34.7634239197, 21.1251430511, 20.2787055969, 6.79003286362, 2.16172266006, 0.432961910963, 0.0582906529307, 0.00394909549505], "dmean2": [0.380288511515, 5.28264188766, 19.5864372253, 18.9329738617, 15.2505617142, 20.0918769836, 17.4299278259, 15.4291152954, 9.90096664429, 17.5164737701, 15.5380411148, 12.9818658829, 9.75315093994, 11.5227622986, 14.4234018326, 21.3164901733, 25.4653587341, 20.2379455566, 22.2784080505, 19.2453193665, 21.5828533173, 16.7465839386, 11.6021118164, 9.14590167999, 9.29434108734, 14.2706975937, 12.0482187271, 20.3153324127, 15.2141933441, 10.2615232468, 11.8783426285, 6.24461698532, 3.6896982193, 2.50785470009, 1.77937102318, 0.517577707767, 0.211772665381, 0.0446594282985, 0.00615177024156, 0.000368053384591], "median": [0.464762926102, 2.39921617508, 2.24044847488, 2.37518310547, 2.61847043037, 1.44545304775, 3.15875434875, 3.18791174889, 3.78053736687, 3.89225435257, 4.36883449554, 4.13066768646, 3.5031042099, 5.50349807739, 7.54337406158, 10.4073839188, 10.9625368118, 9.8905582428, 7.2066450119, 5.14611339569, 6.08671951294, 4.97362613678, 3.82451224327, 3.16478252411, 3.3306350708, 6.42458248138, 4.83031272888, 6.85567617416, 7.07578372955, 4.85699367523, 4.15766525269, 3.03642010689, 1.96463656425, 1.27415657043, 0.851693689823, 0.232255861163, 0.0801107957959, 0.015258975327, 0.0019383081235, 0.000199612375582], "dvar": [0.202576518059, 65.4117355347, 1023.22302246, 791.023864746, 540.564147949, 1178.40002441, 461.100250244, 288.993408203, 116.758644104, 507.611297607, 337.203918457, 189.376907349, 98.5788803101, 108.837440491, 163.920730591, 419.819335938, 717.676391602, 374.01953125, 906.72253418, 686.378417969, 853.54107666, 563.127380371, 179.956542969, 101.056930542, 126.525840759, 188.924758911, 155.424880981, 484.149719238, 232.45880127, 74.0707931519, 137.002563477, 36.393157959, 9.58167648315, 3.79208374023, 2.29877114296, 0.27836933732, 0.0371386893094, 0.00148735311814, 3.10158320644e-05, 1.08782472807e-07]}, "silence_rate_30dB": {"dvar2": 0.138415232301, "var": 0.110948458314, "min": 0, "dmean": 0.0814928337932, "mean": 0.87290430069, "max": 1, "dmean2": 0.163000360131, "median": 1, "dvar": 0.0748588219285}, "melbands_spread": {"dvar2": 268.316192627, "var": 718.73059082, "min": 0.21954883635, "dmean": 9.65347766876, "mean": 25.2807579041, "max": 203.939666748, "dmean2": 13.8220996857, "median": 14.1890735626, "dvar": 130.27545166}, "melbands_crest": {"dvar2": 25.2897415161, "var": 50.9643173218, "min": 2.8700299263, "dmean": 4.07385253906, "mean": 19.3937931061, "max": 34.1888580322, "dmean2": 5.99941682816, "median": 20.0995025635, "dvar": 11.2238941193}, "zerocrossingrate": {"dvar2": 0.000358735094778, "var": 0.00359495123848, "min": 0.00244140625, "dmean": 0.0195860955864, "mean": 0.0759674310684, "max": 0.32275390625, "dmean2": 0.0215900260955, "median": 0.0595703125, "dvar": 0.00028542795917}, "barkbands_kurtosis": {"dvar2": 90440.8828125, "var": 28785.1738281, "min": -1.8622764349, "dmean": 31.9226875305, "mean": 29.7248630524, "max": 3696.46411133, "dmean2": 52.7156944275, "median": 4.60614871979, "dvar": 35981.296875}, "spectral_flux": {"dvar2": 0.00328055582941, "var": 0.00950172636658, "min": 0.00308435596526, "dmean": 0.0439662560821, "mean": 0.115744508803, "max": 0.531622111797, "dmean2": 0.0576116256416, "median": 0.0886311978102, "dvar": 0.00221529300325}, "barkbands_crest": {"dvar2": 14.0783138275, "var": 43.3031158447, "min": 2.2480609417, "dmean": 3.35087656975, "mean": 14.4928407669, "max": 26.8261318207, "dmean2": 4.67709779739, "median": 14.0975933075, "dvar": 8.14385604858}, "barkbands_flatness_db": {"dvar2": 0.00450124312192, "var": 0.00758329080418, "min": 0.0120264869183, "dmean": 0.0460949651897, "mean": 0.146436676383, "max": 0.570531785488, "dmean2": 0.0635210424662, "median": 0.126741379499, "dvar": 0.0023316803854}, "spectral_entropy": {"dvar2": 0.342482209206, "var": 0.333773463964, "min": 4.48626613617, "dmean": 0.315606534481, "mean": 7.81330299377, "max": 8.63807010651, "dmean2": 0.473637163639, "median": 7.95351934433, "dvar": 0.156514242291}, "pitch_salience": {"dvar2": 0.0229234173894, "var": 0.0294168628752, "min": 0.0313611291349, "dmean": 0.104483440518, "mean": 0.407702952623, "max": 0.867474615574, "dmean2": 0.154439166188, "median": 0.421949326992, "dvar": 0.0118703162298}, "erbbands_spread": {"dvar2": 452.454467773, "var": 664.106384277, "min": 2.47796940804, "dmean": 14.7237081528, "mean": 56.0869827271, "max": 173.728668213, "dmean2": 21.6528396606, "median": 51.743347168, "dvar": 221.168319702}, "dynamic_complexity": 3.45124650002, "spectral_contrast_valleys": {"dvar2": [0.386468529701, 0.682937860489, 0.518333017826, 0.494823217392, 0.687353551388, 1.05804896355], "var": [2.06659817696, 1.03878450394, 1.11101090908, 1.16412258148, 1.27683162689, 1.3130325079], "min": [-12.1493721008, -10.9973688126, -11.3753356934, -11.2326669693, -11.2223396301, -13.0902700424], "dmean": [0.474908679724, 0.584028303623, 0.527892053127, 0.498068541288, 0.566048979759, 0.664931833744], "mean": [-7.47809267044, -6.98738145828, -7.52481412888, -7.86607122421, -7.84077692032, -9.57738399506], "max": [-5.31567335129, -4.49129104614, -5.45088577271, -5.64950466156, -5.69744920731, -7.73211193085], "dmean2": [0.759269654751, 0.906948804855, 0.816473960876, 0.756827831268, 0.833927154541, 0.941639482975], "median": [-6.97020721436, -6.8299703598, -7.27022266388, -7.6408662796, -7.53797006607, -9.28646469116], "dvar": [0.153980493546, 0.269879341125, 0.224195614457, 0.229476645589, 0.316863417625, 0.454430758953]}, "hfc": {"dvar2": 356.057830811, "var": 521.461975098, "min": 0.0963688120246, "dmean": 12.8495054245, "mean": 25.083316803, "max": 142.718048096, "dmean2": 18.443031311, "median": 18.3315200806, "dvar": 193.760147095}, "spectral_kurtosis": {"dvar2": 47.4094772339, "var": 20.3326339722, "min": -0.133166313171, "dmean": 1.90346264839, "mean": 3.15800070763, "max": 66.2862854004, "dmean2": 2.99850296974, "median": 2.07476949692, "dvar": 19.5830955505}, "mfcc": {"mean": [-649.549499512, 90.5787887573, 25.4825725555, 16.1170978546, 9.2265586853, 21.2894439697, 1.39241504669, 5.20071840286, 6.70402860641, 4.20636177063, 6.2039399147, 9.40283203125, 4.29216146469], "cov": [[8722.54296875, -480.366455078, -330.171356201, 575.781860352, -59.4106636047, 654.267150879, 776.030578613, -249.730026245, -373.330718994, 47.6329727173, -233.092788696, -381.682189941, 46.9687919617], [-480.366455078, 1774.51977539, 390.30758667, 164.153686523, 278.059387207, 378.157653809, 485.197875977, -5.62311029434, -33.87241745, -5.50233602524, 8.88235664368, -108.266708374, 137.31060791], [-330.171356201, 390.30758667, 899.255554199, 259.713317871, 94.4786682129, 169.119613647, 134.136352539, -14.0963954926, -3.82417535782, 53.0817565918, 22.688747406, -21.0133285522, 60.7132759094], [575.781860352, 164.153686523, 259.713317871, 336.922332764, 138.856307983, 176.628250122, 167.859420776, -7.18399000168, 5.89054250717, 44.5769271851, -0.954853117466, -41.5778121948, 46.6727180481], [-59.4106636047, 278.059387207, 94.4786682129, 138.856307983, 232.155395508, 125.262481689, 136.513198853, 53.0090522766, 32.2760467529, 47.8192825317, 19.8662071228, 6.24133110046, 43.2972946167], [654.267150879, 378.157653809, 169.119613647, 176.628250122, 125.262481689, 382.426025391, 326.34173584, 32.6481666565, -9.36917877197, 55.4615859985, 5.06512784958, -35.5340995789, 84.4421615601], [776.030578613, 485.197875977, 134.136352539, 167.859420776, 136.513198853, 326.34173584, 440.620697021, 32.9473495483, -24.5974063873, 64.8778762817, 14.4532423019, -55.3993186951, 82.1682052612], [-249.730026245, -5.62311029434, -14.0963954926, -7.18399000168, 53.0090522766, 32.6481666565, 32.9473495483, 164.098678589, 66.5015792847, -2.41286444664, 36.2969970703, 56.8457145691, -0.853957533836], [-373.330718994, -33.87241745, -3.82417535782, 5.89054250717, 32.2760467529, -9.36917877197, -24.5974063873, 66.5015792847, 136.086242676, 35.9746780396, 24.0082378387, 33.4514198303, 6.52492713928], [47.6329727173, -5.50233602524, 53.0817565918, 44.5769271851, 47.8192825317, 55.4615859985, 64.8778762817, -2.41286444664, 35.9746780396, 116.318481445, 33.3107223511, 5.86675739288, 23.6629581451], [-233.092788696, 8.88235664368, 22.688747406, -0.954853117466, 19.8662071228, 5.06512784958, 14.4532423019, 36.2969970703, 24.0082378387, 33.3107223511, 77.5996246338, 45.6641578674, 5.6988825798], [-381.682189941, -108.266708374, -21.0133285522, -41.5778121948, 6.24133110046, -35.5340995789, -55.3993186951, 56.8457145691, 33.4514198303, 5.86675739288, 45.6641578674, 119.218429565, 20.919002533], [46.9687919617, 137.31060791, 60.7132759094, 46.6727180481, 43.2972946167, 84.4421615601, 82.1682052612, -0.853957533836, 6.52492713928, 23.6629581451, 5.6988825798, 20.919002533, 96.3694992065]], "icov": [[0.000282787397737, 0.000249369302765, 0.000226269345148, -0.000471031176858, 0.000261804816546, -0.000204657961149, -0.000531457248144, 8.60193977132e-05, 0.000498706998769, -2.12088016269e-05, 0.000400873337639, 0.000356081553036, -2.15149048017e-05], [0.000249369302765, 0.00150629982818, -0.000298093014862, 0.00063885707641, -0.00128031289205, -0.000284481706331, -0.00160024676006, 0.000915410113521, -0.000102798330772, 0.00175829895306, -0.000643054023385, 0.00148550723679, -0.000901545630768], [0.000226269345148, -0.000298093014862, 0.00185976165812, -0.00189326331019, 0.000974346650764, -0.00044147533481, 0.000316656281939, -0.000243784990744, 0.000810457509942, -0.00086127553368, 0.000112041067041, -6.27107283435e-06, -0.000112012865429], [-0.000471031176858, 0.00063885707641, -0.00189326331019, 0.00735026597977, -0.00408870866522, -0.000972873182036, -0.000242388763581, 0.00164853723254, -0.00196594768204, 0.0016350322403, -0.00134534435347, 0.00142518151551, -0.000635172182228], [0.000261804816546, -0.00128031289205, 0.000974346650764, -0.00408870866522, 0.00919212587178, -8.95294288057e-05, -1.91139952221e-05, -0.00297483801842, 0.000837439205498, -0.00351513759233, 0.00171753275208, -0.00139867758844, 9.96730432234e-06], [-0.000204657961149, -0.000284481706331, -0.00044147533481, -0.000972873182036, -8.95294288057e-05, 0.00836761854589, -0.00449049426243, -0.00127676106058, -2.04227962968e-05, -0.000707949162461, 0.00110141804907, -0.000333642994519, -0.00203741737641], [-0.000531457248144, -0.00160024676006, 0.000316656281939, -0.000242388763581, -1.91139952221e-05, -0.00449049426243, 0.00966898165643, -0.00291466177441, 0.00173391972203, -0.00295215076767, -0.00202126754448, 0.00207441789098, -0.00159292737953], [8.60193977132e-05, 0.000915410113521, -0.000243784990744, 0.00164853723254, -0.00297483801842, -0.00127676106058, -0.00291466177441, 0.012511048466, -0.00571241229773, 0.00523802125826, -0.00247924751602, -0.00417527463287, 0.00321380072273], [0.000498706998769, -0.000102798330772, 0.000810457509942, -0.00196594768204, 0.000837439205498, -2.04227962968e-05, 0.00173391972203, -0.00571241229773, 0.0127322180197, -0.00533002149314, 0.00132705783471, 0.000860359345097, -0.00136097660288], [-2.12088016269e-05, 0.00175829895306, -0.00086127553368, 0.0016350322403, -0.00351513759233, -0.000707949162461, -0.00295215076767, 0.00523802125826, -0.00533002149314, 0.0158601757139, -0.00700225029141, 0.0017060963437, -0.0014708006056], [0.000400873337639, -0.000643054023385, 0.000112041067041, -0.00134534435347, 0.00171753275208, 0.00110141804907, -0.00202126754448, -0.00247924751602, 0.00132705783471, -0.00700225029141, 0.0224923864007, -0.00851070228964, 0.00341335334815], [0.000356081553036, 0.00148550723679, -6.27107283435e-06, 0.00142518151551, -0.00139867758844, -0.000333642994519, 0.00207441789098, -0.00417527463287, 0.000860359345097, 0.0017060963437, -0.00851070228964, 0.0186181366444, -0.00787674076855], [-2.15149048017e-05, -0.000901545630768, -0.000112012865429, -0.000635172182228, 9.96730432234e-06, -0.00203741737641, -0.00159292737953, 0.00321380072273, -0.00136097660288, -0.0014708006056, 0.00341335334815, -0.00787674076855, 0.0171786509454]]}, "silence_rate_20dB": {"dvar2": 0.000901278865058, "var": 0.000270303455181, "min": 0, "dmean": 0.000360587757314, "mean": 0.999729573727, "max": 1, "dmean2": 0.000721240532584, "median": 1, "dvar": 0.000360519828973}, "melbands_kurtosis": {"dvar2": 6798.74853516, "var": 5282.34716797, "min": -1.70261096954, "dmean": 32.1205024719, "mean": 49.2501525879, "max": 896.005493164, "dmean2": 45.3300743103, "median": 22.704120636, "dvar": 3041.71166992}, "barkbands_spread": {"dvar2": 207.217483521, "var": 350.085083008, "min": 0.0854639112949, "dmean": 10.1031675339, "mean": 26.6504917145, "max": 100.814987183, "dmean2": 14.9770975113, "median": 24.3473701477, "dvar": 103.701194763}, "erbbands_skewness": {"dvar2": 0.97480148077, "var": 0.940137505531, "min": -3.5026538372, "dmean": 0.486871033907, "mean": 0.0711643695831, "max": 9.30542945862, "dmean2": 0.750157833099, "median": -0.0665245950222, "dvar": 0.427579969168}, "average_loudness": 0.903573036194, "spectral_centroid": {"dvar2": 388816.625, "var": 798158.5, "min": 80.7571411133, "dmean": 431.288513184, "mean": 1643.75097656, "max": 4891.79492188, "dmean2": 666.321594238, "median": 1621.56091309, "dvar": 182268.9375}, "dissonance": {"dvar2": 0.00102977501228, "var": 0.000613107345998, "min": 0.22521096468, "dmean": 0.0169102065265, "mean": 0.473346948624, "max": 0.500000119209, "dmean2": 0.0283159352839, "median": 0.479804635048, "dvar": 0.000395096605644}, "erbbands_flatness_db": {"dvar2": 0.00167443486862, "var": 0.0021061655134, "min": 0.0397912412882, "dmean": 0.0232242513448, "mean": 0.1