{"tonal": {"thpcp": [1, 0.609925031662, 0.16352365911, 0.118772745132, 0.129016190767, 0.361948400736, 0.709205985069, 0.552842259407, 0.34664145112, 0.42788824439, 0.271854609251, 0.1002137959, 0.0870392471552, 0.102216109633, 0.268514454365, 0.585788905621, 0.496135950089, 0.185789853334, 0.118391171098, 0.121448263526, 0.36082136631, 0.805156707764, 0.67233479023, 0.36345538497, 0.389107167721, 0.22804531455, 0.0816922858357, 0.0888339057565, 0.0857127159834, 0.241504251957, 0.489224940538, 0.348631232977, 0.114486664534, 0.110371366143, 0.17986522615, 0.610734403133], "hpcp": {"dmean2": [0.220126315951, 0.191012904048, 0.132608801126, 0.116113245487, 0.122229583561, 0.168806940317, 0.208261579275, 0.194405078888, 0.15749643743, 0.143096759915, 0.127132579684, 0.0853815451264, 0.0760927349329, 0.087084569037, 0.128122001886, 0.153525099158, 0.155518874526, 0.122558936477, 0.104226849973, 0.109717302024, 0.152069494128, 0.160354033113, 0.176572933793, 0.158853471279, 0.11898843199, 0.089875690639, 0.0620943531394, 0.0560186654329, 0.0618723966181, 0.0906624719501, 0.115653239191, 0.104315787554, 0.0822692811489, 0.0945048853755, 0.138283476233, 0.237320110202], "median": [0.0752724260092, 0.0444222092628, 0.00443107401952, 0.00125957001001, 0.0011419847142, 0.013119596988, 0.0328235328197, 0.03214854002, 0.0167097002268, 0.00849357247353, 0.00606800615788, 0.00338929658756, 0.00267022685148, 0.00263399537653, 0.00790859013796, 0.0153037011623, 0.0125168757513, 0.00629426259547, 0.00300367409363, 0.00190623127855, 0.0209364295006, 0.0553774572909, 0.0475878939033, 0.0207442715764, 0.0067174420692, 0.00392158702016, 0.00386221846566, 0.00430120620877, 0.00376903731376, 0.011870296672, 0.0211949236691, 0.0151198264211, 0.00305664655752, 0.00227164942771, 0.00385899050161, 0.0395110473037], "min": [0, 0, 0, 0, 0, 0, 0, 0, 0, 0, 0, 0, 0, 0, 0, 0, 0, 0, 0, 0, 0, 0, 0, 0, 0, 0, 0, 0, 0, 0, 0, 0, 0, 0, 0, 0], "dvar2": [0.132059112191, 0.102380126715, 0.0945969074965, 0.0963008925319, 0.0970038622618, 0.102612324059, 0.124948613346, 0.108610540628, 0.0972266942263, 0.0957525596023, 0.0820364281535, 0.0563603639603, 0.0599301345646, 0.058668166399, 0.0815348550677, 0.0966187343001, 0.0933110490441, 0.0880404859781, 0.080007456243, 0.0854665413499, 0.0832554325461, 0.0798778757453, 0.0816871523857, 0.0784781500697, 0.0672580897808, 0.0509509034455, 0.0400273352861, 0.0311887785792, 0.0391831658781, 0.0430539362133, 0.0591067373753, 0.0511496737599, 0.0471320860088, 0.0667671784759, 0.0815727859735, 0.135759472847], "dvar": [0.0544015653431, 0.0380131341517, 0.0326147042215, 0.0327579602599, 0.0327212288976, 0.0363744534552, 0.0503448545933, 0.0409097522497, 0.034246455878, 0.0365649536252, 0.029700005427, 0.0198122560978, 0.020955497399, 0.0208625309169, 0.0300552472472, 0.0421948209405, 0.0381151176989, 0.0311411414295, 0.028082171455, 0.0305252112448, 0.0304418373853, 0.0368651710451, 0.0347608141601, 0.0295319594443, 0.028269007802, 0.0196376945823, 0.0140647720546, 0.0106740510091, 0.0133748464286, 0.0157151669264, 0.0261925365776, 0.0210784934461, 0.0162247251719, 0.0230545029044, 0.0296076349914, 0.0514993928373], "dmean": [0.12783972919, 0.110884934664, 0.0711176097393, 0.060381334275, 0.0638994202018, 0.0936074405909, 0.121032580733, 0.111329816282, 0.0877275541425, 0.0811184644699, 0.0709151551127, 0.0453681200743, 0.04016469419, 0.0468015484512, 0.0727435722947, 0.0881219059229, 0.0910031124949, 0.0671063661575, 0.0548916086555, 0.0579947307706, 0.0855371281505, 0.0972234755754, 0.105978034437, 0.0888908356428, 0.0683319494128, 0.0514367036521, 0.0333136767149, 0.0303206853569, 0.0330920703709, 0.0522706061602, 0.0701437294483, 0.0617656521499, 0.0436518117785, 0.0503011010587, 0.0758673623204, 0.133409947157], "max": [1, 1, 1, 1, 1, 1, 1, 1, 1, 1, 1, 1, 1, 1, 1, 1, 1, 1, 1, 1, 1, 1, 1, 1, 1, 1, 1, 1, 1, 1, 1, 1, 1, 1, 1, 1], "var": [0.153911665082, 0.0666397511959, 0.0224626250565, 0.0192644391209, 0.019744111225, 0.0377266667783, 0.107672646642, 0.0682382956147, 0.0434863828123, 0.0760014131665, 0.0351789444685, 0.0121552580968, 0.0123001057655, 0.0130729041994, 0.0309090726078, 0.108384855092, 0.0824332982302, 0.0215325020254, 0.0166662465781, 0.0189818441868, 0.0359613262117, 0.126733824611, 0.0936931893229, 0.0368875674903, 0.070227637887, 0.0289343222976, 0.00842786300927, 0.0065833046101, 0.00787879806012, 0.0209272485226, 0.0782440155745, 0.0473090149462, 0.0109957791865, 0.0136352181435, 0.0221550930291, 0.0703694596887], "mean": [0.305904477835, 0.186578795314, 0.0500226207078, 0.0363331139088, 0.0394666306674, 0.110721632838, 0.216949284077, 0.169116929173, 0.106039173901, 0.130892932415, 0.0831615403295, 0.030655849725, 0.026625694707, 0.0312683656812, 0.082139775157, 0.179195448756, 0.151770204306, 0.05683394894, 0.0362163893878, 0.0371515676379, 0.110376872122, 0.246301040053, 0.20567022264, 0.111182630062, 0.11902962625, 0.0697600841522, 0.024990035221, 0.0271746888757, 0.0262199044228, 0.0738772302866, 0.149656102061, 0.106647856534, 0.0350219830871, 0.0337630957365, 0.0550215803087, 0.186826393008]}, "tuning_equal_tempered_deviation": 0.0819400697947, "chords_changes_rate": 0.0497474744916, "key_key": "A", "tuning_diatonic_strength": 0.46475148201, "key_scale": "minor", "chords_number_rate": 0.00202020211145, "tuning_frequency": 438.984558105, "tuning_nontempered_energy_ratio": 0.684624910355, "chords_histogram": [27.0707073212, 7.8282828331, 24.8484840393, 16.2121219635, 3.56060600281, 5.47979784012, 0.808080792427, 0.303030312061, 0.277777791023, 0.202020198107, 0, 0.0252525247633, 0, 0, 0, 0, 0, 0, 0.530303001404, 0, 0, 0, 8.61111068726, 4.24242401123], "key_strength": 0.771128177643, "chords_key": "A", "chords_strength": {"dmean2": 0.00719340145588, "median": 0.548438370228, "min": 0.212770193815, "dvar2": 5.06214928464e-05, "dvar": 7.02227916918e-05, "dmean": 0.00998139660805, "max": 0.777239203453, "var": 0.0121627068147, "mean": 0.532881081104}, "chords_scale": "minor", "hpcp_entropy": {"dmean2": 0.883086562157, "median": 1.84492504597, "min": 0, "dvar2": 0.627788484097, "dvar": 0.243268683553, "dmean": 0.536320865154, "max": 4.66506385803, "var": 0.494166493416, "mean": 1.86650276184}}, "metadata": {"audio_properties": {"equal_loudness": 0, "codec": "flac", "downmix": "mix", "sample_rate": 44100, "analysis_sample_rate": 44100, "bit_rate": 0, "md5_encoded": "2f69a56a76ac2c0143c3a662458e6b2f", "length": 183.826660156, "replay_gain": -10.6581916809, "lossless": true}, "version": {"essentia_build_sha": "70f2e5ece6736b2c40cc944ad0e695b16b925413", "essentia": "2.1-beta2", "extractor": "music 1.0", "essentia_git_sha": "v2.1_beta2"}, "tags": {"title": ["The Concept"], "language": ["eng"], "albumartist": ["The Cranberries"], "tracktotal": ["15"], "albumartistsort": ["Cranberries, The"], "releasetype": ["album"], "musicbrainz_recordingid": ["04c704a8-d077-4970-a4bc-cc230033d20a"], "composer": ["Dolores O'Riordan"], "musicbrainz_releasegroupid": ["03b9aa78-aa8b-32a6-a2b9-30d4e021123c"], "mixer": ["Cenzo Townshend", "Stephen Street"], "musicbrainz_albumartistid": ["c98d40fd-f6cf-4b26-883e-eaa515ee2851"], "lyricist": ["Dolores O'Riordan"], "discnumber": ["1"], "releasecountry": ["FR"], "file_name": "06. The Concept.flac", "musicip_puid": ["06df937e-c0c0-bd4e-aa21-dc4126229d96"], "producer": ["Stephen Street"], "date": ["2002-09-16"], "genre": ["Rock", "Pop Rock", "Cran", "Cr"], "musicbrainz_albumid": ["9bf38b0e-49d5-4d2f-8c5c-53f58932dc62"], "disctotal": ["1"], "releasestatus": ["official"], "musicbrainz_artistid": ["c98d40fd-f6cf-4b26-883e-eaa515ee2851"], "originaldate": ["2001-10-16"], "musicbrainz_workid": ["fe5e8a98-1483-46fd-8a9d-8831993cc77e"], "artist": ["The Cranberries"], "tracknumber": ["6"], "artistsort": ["Cranberries, The"], "album": ["Wake Up and Smell the Coffee"], "isrc": ["USMC10111769"], "totaldiscs": ["1"], "script": ["Latn"], "totaltracks": ["15"]}}, "rhythm": {"bpm_histogram_first_peak_bpm": {"dmean2": 0, "median": 161, "min": 161, "dvar2": 0, "dvar": 0, "dmean": 0, "max": 161, "var": 0, "mean": 161}, "bpm": 162.037368774, "bpm_histogram_second_peak_spread": {"dmean2": 0, "median": 0, "min": 0, "dvar2": 0, "dvar": 0, "dmean": 0, "max": 0, "var": 0, "mean": 0}, "bpm_histogram_first_peak_weight": {"dmean2": 0, "median": 0.849287211895, "min": 0.849287211895, "dvar2": 0, "dvar": 0, "dmean": 0, "max": 0.849287211895, "var": 0, "mean": 0.849287211895}, "onset_rate": 3.77493977547, "beats_position": [0.371519267559, 0.743038535118, 1.11455774307, 1.48607707024, 1.8575963974, 2.21750569344, 2.60063481331, 2.9837641716, 3.36689329147, 3.73841261864, 4.1099319458, 4.48145103455, 4.85297060013, 5.23609972, 5.60761880875, 5.95591831207, 6.31582736969, 6.68734693527, 7.05886602402, 7.4303855896, 7.80190467834, 8.17342376709, 8.54494285583, 8.91646194458, 9.287981987, 9.65950107574, 10.0310201645, 10.4025392532, 10.774058342, 11.1455783844, 11.5170974731, 11.8770065308, 12.2485256195, 12.6200447083, 12.9915647507, 13.3514738083, 13.722992897, 14.0945119858, 14.4660310745, 14.8375511169, 15.2090702057, 15.5805892944, 15.9521083832, 16.3236274719, 16.6951465607, 17.0666656494, 17.4381847382, 17.8097057343, 18.181224823, 18.5527439117, 18.9242630005, 19.2957820892, 19.6556911469, 20.0272102356, 20.3987293243, 20.758638382, 21.1301574707, 21.5016784668, 21.8731975555, 22.2447166443, 22.616235733, 22.9877548218, 23.3592739105, 23.7307929993, 24.102312088, 24.4738311768, 24.8453502655, 25.2168693542, 25.5883903503, 25.9599094391, 26.3314285278, 26.7029476166, 27.0744667053, 27.4459857941, 27.8175048828, 28.1774139404, 28.537322998, 28.9088420868, 29.2803630829, 29.6518821716, 30.0234012604, 30.3949203491, 30.7664394379, 31.1379585266, 31.5094776154, 31.8809967041, 32.2525177002, 32.6240348816, 32.9955558777, 33.3670730591, 33.7385940552, 34.1101112366, 34.4816322327, 34.8531494141, 35.2130622864, 35.5845794678, 35.9561004639, 36.3276176453, 36.6875267029, 37.059047699, 37.4305648804, 37.8020858765, 38.1736030579, 38.545124054, 38.91664505, 39.2881622314, 39.6596832275, 40.0312004089, 40.402721405, 40.7742385864, 41.1457595825, 41.5172767639, 41.88879776, 42.2487068176, 42.6086158752, 42.9801368713, 43.3516540527, 43.7231750488, 44.0946922302, 44.4662132263, 44.8377304077, 45.2092514038, 45.5807685852, 45.9522895813, 46.3238105774, 46.6953277588, 47.0668487549, 47.4383659363, 47.8098869324, 48.1814041138, 48.5529251099, 48.9244422913, 49.2959632874, 49.6674804688, 50.0157814026, 50.3873023987, 50.7588195801, 51.1303405762, 51.5018577576, 51.8733787537, 52.2448959351, 52.6164169312, 52.9879341125, 53.3594551086, 53.73097229, 54.1024932861, 54.4740142822, 54.8455314636, 55.2170524597, 55.5885696411, 55.9600906372, 56.3316078186, 56.7031288147, 57.0746459961, 57.4461669922, 57.8176841736, 58.1892051697, 58.5491142273, 58.9090232849, 59.280544281, 59.6520614624, 60.0235824585, 60.3950996399, 60.766620636, 61.1381378174, 61.5096588135, 61.8811798096, 62.252696991, 62.6242179871, 62.9957351685, 63.3672561646, 63.7387733459, 64.1102905273, 64.4818115234, 64.8533325195, 65.2132415771, 65.5731506348, 65.9446716309, 66.316192627, 66.6877059937, 67.0592269897, 67.4307479858, 67.8022689819, 68.1737823486, 68.5453033447, 68.9168243408, 69.2883453369, 69.659866333, 70.0313796997, 70.4029006958, 70.7744216919, 71.145942688, 71.5174560547, 71.8889770508, 72.2488861084, 72.608795166, 72.9803161621, 73.3518371582, 73.7233581543, 74.094871521, 74.4663925171, 74.8379135132, 75.2094345093, 75.580947876, 75.9524688721, 76.3239898682, 76.6955108643, 77.0670318604, 77.4385452271, 77.8100662231, 78.1815872192, 78.5531082153, 78.924621582, 79.2961425781, 79.6676635742, 80.0275726318, 80.3990936279, 80.7706069946, 81.1421279907, 81.5020370483, 81.8735580444, 82.2450790405, 82.6166000366, 82.9881134033, 83.3596343994, 83.7311553955, 84.1026763916, 84.4741897583, 84.8457107544, 85.2172317505, 85.5887527466, 85.9602737427, 86.3317871094, 86.7033081055, 87.0632171631, 87.4231262207, 87.7946472168, 88.1661682129, 88.537689209, 88.9092025757, 89.2807235718, 89.6522445679, 90.023765564, 90.3952789307, 90.7667999268, 91.1383209229, 91.5098419189, 91.8813552856, 92.2528762817, 92.6243972778, 92.9959182739, 93.36743927, 93.7389526367, 94.1104736328, 94.4819946289, 94.853515625, 95.2250289917, 95.5849380493, 95.9564590454, 96.316368103, 96.6878890991, 97.0594100952, 97.4309310913, 97.802444458, 98.1739654541, 98.5454864502, 98.9170074463, 99.288520813, 99.6600418091, 100.031562805, 100.403083801, 100.774604797, 101.146118164, 101.51763916, 101.889160156, 102.249069214, 102.608978271, 102.980499268, 103.352012634, 103.72353363, 104.095054626, 104.466575623, 104.838096619, 105.209609985, 105.581130981, 105.952651978, 106.324172974, 106.69568634, 107.067207336, 107.438728333, 107.810249329, 108.181770325, 108.553283691, 108.924804688, 109.284713745, 109.644622803, 110.016143799, 110.387664795, 110.759178162, 111.130699158, 111.502220154, 111.87374115, 112.245262146, 112.616775513, 112.988296509, 113.359817505, 113.731338501, 114.102851868, 114.474372864, 114.84589386, 115.217414856, 115.588935852, 115.960449219, 116.331970215, 116.703491211, 117.063400269, 117.423309326, 117.794830322, 118.166343689, 118.537864685, 118.909385681, 119.280906677, 119.652427673, 120.02394104, 120.395462036, 120.766983032, 121.138504028, 121.510017395, 121.881538391, 122.253059387, 122.624580383, 122.99609375, 123.367614746, 123.739135742, 124.110656738, 124.482177734, 124.842086792, 125.213600159, 125.585121155, 125.945030212, 126.316551208, 126.688072205, 127.059593201, 127.431106567, 127.802627563, 128.17414856, 128.545669556, 128.917190552, 129.288711548, 129.660217285, 130.031738281, 130.403259277, 130.774780273, 131.14630127, 131.517822266, 131.889343262, 132.249252319, 132.620773315, 132.980682373, 133.352203369, 133.723709106, 134.095230103, 134.466751099, 134.838272095, 135.209793091, 135.581314087, 135.952835083, 136.324356079, 136.695877075, 137.067382812, 137.438903809, 137.810424805, 138.181945801, 138.553466797, 138.913375854, 139.273284912, 139.644805908, 140.016326904, 140.3878479, 140.759368896, 141.130874634, 141.50239563, 141.873916626, 142.245437622, 142.616958618, 142.988479614, 143.36000061, 143.731521606, 144.103042603, 144.47454834, 144.846069336, 145.217590332, 145.589111328, 145.960632324, 146.320541382, 146.680450439, 147.051971436, 147.423492432, 147.795013428, 148.178131104, 148.5496521, 148.921173096, 149.281082153, 149.652603149, 150.024124146, 150.395645142, 150.767166138, 151.138687134, 151.51020813, 151.881713867, 152.253234863, 152.624755859, 152.996276855, 153.367797852, 153.727706909, 154.099227905, 154.459136963, 154.830657959, 155.202178955, 155.573699951, 155.945205688, 156.316726685, 156.688247681, 157.059768677, 157.431289673, 157.802810669, 158.174331665, 158.545852661, 158.917373657, 159.288879395, 159.660400391, 160.031921387, 160.403442383, 160.774963379, 161.134872437, 161.494781494, 161.86630249, 162.237823486, 162.609344482, 162.980865479, 163.352371216, 163.723892212, 164.095413208, 164.466934204, 164.8384552, 165.209976196, 165.581497192, 165.953018188, 166.324539185, 166.696044922, 167.067565918, 167.439086914, 167.81060791, 168.182128906, 168.553649902, 168.925170898, 169.285079956, 169.644989014, 170.01651001, 170.388031006, 170.759536743, 171.131057739, 171.502578735, 171.874099731, 172.245620728, 172.605529785, 172.965438843, 173.336959839, 173.696868896, 174.068389893, 174.451522827, 174.834640503, 175.217773438, 175.589294434, 175.96081543, 176.332336426, 176.715454102, 177.098587036, 177.493331909, 177.9112854, 178.352462769, 178.782043457, 179.211608887, 179.641174316, 180.093963623, 180.558364868, 181.011154175, 181.463943481, 181.928344727, 182.381134033, 182.83392334, 183.298324585], "beats_loudness": {"dmean2": 0.0955980047584, "median": 0.0710185542703, "min": 4.76726290799e-06, "dvar2": 0.00719498330727, "dvar": 0.00298280501738, "dmean": 0.0552697554231, "max": 0.285128057003, "var": 0.00350074237213, "mean": 0.0879485681653}, "danceability": 1.352201581, "bpm_histogram_second_peak_weight": {"dmean2": 0, "median": 0.0977596715093, "min": 0.0977596715093, "dvar2": 0, "dvar": 0, "dmean": 0, "max": 0.0977596715093, "var": 0, "mean": 0.0977596715093}, "beats_count": 492, "bpm_histogram_second_peak_bpm": {"dmean2": 0, "median": 167, "min": 167, "dvar2": 0, "dvar": 0, "dmean": 0, "max": 167, "var": 0, "mean": 167}, "bpm_histogram_first_peak_spread": {"dmean2": 0, "median": 0.0234192013741, "min": 0.0234192013741, "dvar2": 0, "dvar": 0, "dmean": 0, "max": 0.0234192013741, "var": 0, "mean": 0.0234192013741}, "beats_loudness_band_ratio": {"dmean2": [0.355843693018, 0.22071108222, 0.0903100296855, 0.0467323549092, 0.0358299948275, 0.0844362899661], "median": [0.704985618591, 0.161916479468, 0.0462379977107, 0.0197348576039, 0.0109453136101, 0.0174396112561], "min": [0.00532450713217, 0.000455572095234, 1.27562298076e-05, 1.42557782965e-05, 6.09884909863e-06, 1.52563097799e-05], "dvar2": [0.0677532628179, 0.0363172776997, 0.00942584872246, 0.00235209264793, 0.000921035127249, 0.00652910163626], "dvar": [0.0290672574192, 0.0130302095786, 0.00428305659443, 0.00085306877736, 0.000369801855413, 0.00267079006881], "dmean": [0.213502630591, 0.133159011602, 0.0570939667523, 0.0262880697846, 0.0206062588841, 0.0487729534507], "max": [0.999263703823, 0.770731806755, 0.812897920609, 0.211366862059, 0.126839414239, 0.40385016799], "var": [0.0520485565066, 0.0212174486369, 0.00925741996616, 0.000856496219058, 0.00041646140744, 0.00276421522722], "mean": [0.68243676424, 0.19237588346, 0.0739066526294, 0.0276705790311, 0.0192533824593, 0.0401631146669]}}, "lowlevel": {"barkbands_spread": {"dmean2": 5.54543542862, "median": 8.52608776093, "min": 0.077300556004, "dvar2": 95.3834228516, "dvar": 47.4183731079, "dmean": 3.9640879631, "max": 102.089065552, "var": 129.515945435, "mean": 11.787653923}, "melbands_spread": {"dmean2": 4.47829437256, "median": 6.35174179077, "min": 0.162498787045, "dvar2": 122.669387817, "dvar": 66.9025802612, "dmean": 3.15599250793, "max": 240.465164185, "var": 236.37449646, "mean": 9.60303783417}, "hfc": {"dmean2": 8.13931846619, "median": 14.0126171112, "min": 1.09846488383e-16, "dvar2": 197.481063843, "dvar": 105.88054657, "dmean": 5.81549310684, "max": 248.440155029, "var": 291.640686035, "mean": 18.2311325073}, "barkbands_kurtosis": {"dmean2": 16.2197551727, "median": 11.5381813049, "min": -1.93416786194, "dvar2": 3454.67895508, "dvar": 1271.72692871, "dmean": 10.7987852097, "max": 3167.51757812, "var": 70978.296875, "mean": 55.4122200012}, "gfcc": {"mean": [-16.9973258972, 110.298156738, -73.1704559326, 30.1221923828, -46.9456748962, 14.782418251, -37.2902107239, 4.27125072479, -26.031835556, 6.76212024689, -12.0030317307, -0.465526998043, -7.37412071228], "icov": [[0.000193730025785, -0.000336062075803, 0.0002871476172, -0.000394638220314, 0.000415667076595, -0.000452852575108, 0.000350085610989, -0.00037182008964, 0.00056805065833, -0.00068887573434, 0.000698248390108, -0.000498833833262, 0.000434264569776], [-0.000336062075803, 0.00226564123295, -0.000111651446787, 0.00129930954427, -0.00178862747271, 0.000575055717491, -0.000587980786804, 0.00161210005172, -0.00221742666326, 0.00223495997488, -0.00354593759403, 0.00330776418559, -0.00166110880673], [0.0002871476172, -0.000111651446787, 0.00247574993409, -0.000769649690483, -0.000849433010444, -0.00241641211323, 0.000675542105455, -4.53686116089e-05, 0.000400489661843, -0.00130776828155, 0.000516199681442, -0.00147514685523, 0.001165763475], [-0.000394638220314, 0.00129930954427, -0.000769649690483, 0.00349298422225, -0.000331115850713, -5.61190936423e-05, -0.00208316277713, -0.000774457585067, -0.0018651697319, 0.00261441408657, -0.00237163808197, 0.00268553732894, -0.00082247168757], [0.000415667076595, -0.00178862747271, -0.000849433010444, -0.000331115850713, 0.00624270504341, -0.000381405145163, -0.00179122085683, -0.00293064839207, 7.15663045412e-05, -0.000325862638419, 0.00187029200606, -0.000689305481501, -0.00020470994059], [-0.000452852575108, 0.000575055717491, -0.00241641211323, -5.61190936423e-05, -0.000381405145163, 0.00925974175334, -0.00217622821219, -0.00022750129574, -0.000292789627565, -0.00137448101304, 0.000718298659194, 0.000353427923983, -0.00144482625183], [0.000350085610989, -0.000587980786804, 0.000675542105455, -0.00208316277713, -0.00179122085683, -0.00217622821219, 0.00848020426929, -0.000317627360346, 0.000242304915446, -0.000328163179802, -4.31036060036e-05, -0.00225525884889, -5.00404348713e-05], [-0.00037182008964, 0.00161210005172, -4.53686116089e-05, -0.000774457585067, -0.00293064839207, -0.00022750129574, -0.000317627360346, 0.0102380737662, 9.9495795439e-05, -0.000575655431021, -0.00121626188047, 0.0011382548837, -0.00282597611658], [0.00056805065833, -0.00221742666326, 0.000400489661843, -0.0018651697319, 7.15663045412e-05, -0.000292789627565, 0.000242304915446, 9.9495795439e-05, 0.0113930990919, -0.00560836680233, 0.000874525052495, -0.00434369593859, 0.00555343274027], [-0.00068887573434, 0.00223495997488, -0.00130776828155, 0.00261441408657, -0.000325862638419, -0.00137448101304, -0.000328163179802, -0.000575655431021, -0.00560836680233, 0.0180326011032, -0.00903076119721, 0.00532889459282, -0.0037125821691], [0.000698248390108, -0.00354593759403, 0.000516199681442, -0.00237163808197, 0.00187029200606, 0.000718298659194, -4.31036060036e-05, -0.00121626188047, 0.000874525052495, -0.00903076119721, 0.0224159620702, -0.00851778779179, 2.09407153307e-05], [-0.000498833833262, 0.00330776418559, -0.00147514685523, 0.00268553732894, -0.000689305481501, 0.000353427923983, -0.00225525884889, 0.0011382548837, -0.00434369593859, 0.00532889459282, -0.00851778779179, 0.0217456296086, -0.00211540493183], [0.000434264569776, -0.00166110880673, 0.001165763475, -0.00082247168757, -0.00020470994059, -0.00144482625183, -5.00404348713e-05, -0.00282597611658, 0.00555343274027, -0.0037125821691, 2.09407153307e-05, -0.00211540493183, 0.0134809296578]], "cov": [[17486.9296875, -1144.26989746, -1617.6541748, 835.709838867, -1559.54333496, 303.074920654, -721.875183105, 362.747344971, -788.014160156, 126.176734924, -438.748291016, -155.447006226, -95.61302948], [-1144.26989746, 1686.06542969, -137.725753784, -414.570098877, 379.675506592, -164.536483765, 76.7422409058, -184.854446411, 230.550811768, -12.2611513138, 180.168518066, -82.1406402588, 69.3778305054], [-1617.6541748, -137.725753784, 1056.65209961, 277.646728516, 345.245941162, 279.277252197, 207.999450684, 100.480697632, 119.119316101, 67.5663986206, 51.3482666016, 71.137008667, -1.6658757925], [835.709838867, -414.570098877, 277.646728516, 703.396789551, 43.7723121643, 189.467437744, 155.042053223, 171.849884033, -9.40686702728, 13.7378234863, -14.1669368744, 9.54006195068, 7.64928627014], [-1559.54333496, 379.675506592, 345.245941162, 43.7723121643, 491.163818359, 66.3884963989, 197.160476685, 57.7894363403, 118.62449646, 10.9675207138, 69.1235427856, 9.62012863159, 52.811958313], [303.074920654, -164.536483765, 279.277252197, 189.467437744, 66.3884963989, 240.975952148, 86.1561279297, 84.1898117065, -2.86633253098, 42.9599227905, -5.91568756104, 18.5877323151, 18.1126861572], [-721.875183105, 76.7422409058, 207.999450684, 155.042053223, 197.160476685, 86.1561279297, 245.300964355, 50.6830673218, 60.6240310669, 10.2424983978, 40.6202087402, 22.727104187, 29.2953147888], [362.747344971, -184.854446411, 100.480697632, 171.849884033, 57.7894363403, 84.1898117065, 50.6830673218, 183.773620605, -33.7362556458, 24.5454120636, -8.83981990814, 5.56395101547, 37.4894828796], [-788.014160156, 230.550811768, 119.119316101, -9.40686702728, 118.62449646, -2.86633253098, 60.6240310669, -33.7362556458, 198.964691162, 31.8471240997, 58.2859268188, 19.5497245789, -32.6501274109], [126.176734924, -12.2611513138, 67.5663986206, 13.7378234863, 10.9675207138, 42.9599227905, 10.2424983978, 24.5454120636, 31.8471240997, 96.9000930786, 32.250328064, 3.6306912899, 13.4602851868], [-438.748291016, 180.168518066, 51.3482666016, -14.1669368744, 69.1235427856, -5.91568756104, 40.6202087402, -8.83981990814, 58.2859268188, 32.250328064, 95.4860610962, 17.5416145325, 17.2175273895], [-155.447006226, -82.1406402588, 71.137008667, 9.54006195068, 9.62012863159, 18.5877323151, 22.727104187, 5.56395101547, 19.5497245789, 3.6306912899, 17.5416145325, 70.1905288696, -3.36107730865], [-95.61302948, 69.3778305054, -1.6658757925, 7.64928627014, 52.811958313, 18.1126861572, 29.2953147888, 37.4894828796, -32.6501274109, 13.4602851868, 17.2175273895, -3.36107730865, 113.731925964]]}, "spectral_energyband_middle_low": {"dmean2": 0.00990224257112, "median": 0.0170454420149, "min": 1.47279977595e-22, "dvar2": 0.000253190723015, "dvar": 0.000100450539321, "dmean": 0.00629652710631, "max": 0.134440883994, "var": 0.000209764926694, "mean": 0.0198111254722}, "melbands_crest": {"dmean2": 3.67213439941, "median": 14.9734525681, "min": 1.68608546257, "dvar2": 15.3898067474, "dvar": 6.52538585663, "dmean": 2.33863067627, "max": 33.7020683289, "var": 30.6752319336, "mean": 16.0614814758}, "spectral_kurtosis": {"dmean2": 4.59814548492, "median": 4.87447690964, "min": -1.38371014595, "dvar2": 85.9345397949, "dvar": 32.9107666016, "dmean": 2.94714260101, "max": 99.0388565063, "var": 114.978538513, "mean": 8.3613653183}, "spectral_rms": {"dmean2": 0.00150267838035, "median": 0.00682996958494, "min": 3.15303946147e-12, "dvar2": 4.36441405327e-06, "dvar": 2.03585932468e-06, "dmean": 0.00104026426561, "max": 0.0170934665948, "var": 8.50490869198e-06, "mean": 0.00678678881377}, "zerocrossingrate": {"dmean2": 0.0106246201321, "median": 0.02880859375, "min": 0.00244140625, "dvar2": 0.000217343898839, "dvar": 0.000189830214367, "dmean": 0.00931934453547, "max": 0.50732421875, "var": 0.00148928281851, "mean": 0.0368404425681}, "silence_rate_60dB": {"dmean2": 0.0171803943813, "median": 0, "min": 0, "dvar2": 0.0181497000158, "dvar": 0.00851450674236, "dmean": 0.00858911219984, "max": 1, "var": 0.0484207458794, "mean": 0.0510229840875}, "erbbands_kurtosis": {"dmean2": 1.61844968796, "median": 0.346193790436, "min": -1.76220369339, "dvar2": 9.29239845276, "dvar": 3.87542891502, "dmean": 1.0838047266, "max": 122.463943481, "var": 97.1548461914, "mean": 2.31775188446}, "erbbands": {"dmean2": [0.43232485652, 4.91026830673, 8.99640274048, 12.5069093704, 16.0565032959, 22.1867218018, 13.4512844086, 16.5769004822, 11.2640304565, 14.8787889481, 10.8436079025, 10.5337581635, 8.06688690186, 9.4892911911, 17.532169342, 9.18259906769, 8.131524086, 9.23708820343, 8.01039886475, 6.90834999084, 4.83297348022, 5.89950704575, 4.71532392502, 7.20735120773, 5.78267765045, 5.94987154007, 7.12623548508, 6.42216253281, 7.04574012756, 4.70203447342, 2.75950527191, 2.7023870945, 1.46974766254, 0.995573699474, 0.801149487495, 0.513540148735, 0.0790136307478, 0.00878656934947, 0.00172782316804, 0.000205537246075], "median": [0.333575129509, 4.04965400696, 6.47731637955, 9.99311447144, 15.458738327, 19.3792819977, 12.7526073456, 14.58152771, 14.2837991714, 13.962141037, 6.2974357605, 5.87772512436, 5.31976699829, 4.77020835876, 6.8290014267, 5.75298452377, 6.5801115036, 5.16067171097, 5.46405935287, 3.98014712334, 3.28036117554, 3.59629392624, 2.94755554199, 3.01582813263, 2.13913631439, 2.98065114021, 2.73921298981, 1.59328055382, 0.97268652916, 0.597321629524, 0.321195930243, 0.534065186977, 0.569566488266, 0.467527598143, 0.27793109417, 0.117455221713, 0.0154838720337, 0.00185810681432, 0.000216314656427, 8.17546533654e-05], "min": [2.93799821444e-23, 3.61700121404e-22, 2.99856405173e-21, 1.36162281412e-20, 2.06958085101e-20, 5.36457000279e-20, 4.99085012515e-20, 1.59794039875e-19, 6.60422616649e-20, 3.12517417421e-19, 2.6875902018e-19, 4.82054546313e-19, 6.54401297552e-19, 1.46755427108e-18, 1.49535984398e-18, 1.84681927028e-18, 1.65505367868e-18, 3.42236383149e-18, 3.48405289362e-18, 3.91188642286e-18, 5.56254394678e-18, 7.8405373152e-18, 6.99759643044e-18, 5.19018321736e-18, 7.11445471712e-18, 8.68618804365e-18, 1.08948868378e-17, 1.26316542771e-17, 1.14178916324e-17, 1.01573908016e-17, 1.34036197566e-17, 1.39519246974e-17, 1.15147958412e-17, 7.67471324498e-18, 6.67369276849e-18, 4.48232092663e-18, 2.370596238e-18, 1.08107770452e-18, 2.72399183562e-19, 3.00974965003e-20], "dvar2": [0.769976556301, 100.658035278, 506.159912109, 852.538146973, 812.462158203, 1268.95654297, 504.794036865, 1127.22998047, 579.875366211, 704.892150879, 672.4296875, 793.643737793, 502.243591309, 396.56350708, 1893.72583008, 386.219360352, 224.118804932, 338.993591309, 249.924301147, 220.117706299, 91.2363739014, 157.564727783, 82.937789917, 267.88571167, 153.24621582, 203.93888855, 1333.57470703, 335.712249756, 246.977813721, 130.643005371, 109.067329407, 70.0595550537, 35.3093910217, 9.44814682007, 4.71467828751, 1.97595477104, 0.0560745820403, 0.000553278194275, 2.64874452114e-05, 4.13731868321e-07], "dvar": [0.36074963212, 44.5616111755, 218.565963745, 324.609375, 305.281005859, 477.574523926, 216.548080444, 402.932830811, 252.487609863, 308.390808105, 280.481658936, 340.996002197, 225.334136963, 165.041549683, 819.477661133, 142.54598999, 90.2372817993, 129.192016602, 104.365242004, 101.52482605, 42.1689796448, 64.2548065186, 40.2874984741, 127.992973328, 76.3944702148, 97.9138183594, 581.670288086, 153.781646729, 122.120353699, 61.8307342529, 51.4088172913, 31.598192215, 19.6833782196, 4.61470842361, 1.99177825451, 0.821359813213, 0.0210962574929, 0.00021055774414, 9.61701789493e-06, 1.48350594031e-07], "dmean": [0.292512327433, 3.16388392448, 5.72210168839, 7.57568597794, 9.95116996765, 14.2089223862, 8.80544757843, 10.0832395554, 7.28928852081, 9.71760559082, 7.06658411026, 6.89568662643, 5.50594949722, 6.21089267731, 11.4337625504, 5.80860567093, 5.32456254959, 5.92650985718, 5.13255882263, 4.30872821808, 3.13871836662, 3.86056756973, 3.29304885864, 5.04032611847, 3.99763727188, 4.15129089355, 4.75325632095, 4.48823738098, 4.83045625687, 3.22980546951, 1.96520376205, 1.85885977745, 1.02900397778, 0.676581382751, 0.512784302235, 0.340748935938, 0.0490642972291, 0.00548292603344, 0.00104801321868, 0.000122374796774], "max": [7.44327306747, 61.7005653381, 187.315155029, 268.949615479, 276.773742676, 338.77722168, 315.686553955, 446.311767578, 360.921020508, 289.1875, 523.765563965, 671.664489746, 530.325561523, 495.042388916, 941.323974609, 417.966430664, 209.176971436, 250.795776367, 438.371246338, 446.810791016, 269.453643799, 186.759536743, 116.976264954, 165.779098511, 155.703704834, 376.557861328, 1579.03869629, 544.470581055, 175.156066895, 238.15196228, 367.654754639, 174.015716553, 257.039459229, 63.0724029541, 34.4480705261, 12.7785606384, 3.05849862099, 0.228505060077, 0.0392149016261, 0.00532654859126], "var": [0.726320922375, 66.6318893433, 263.002532959, 318.391052246, 488.541412354, 1441.98400879, 882.024536133, 900.588562012, 781.583740234, 1076.8807373, 768.538818359, 1315.92785645, 664.77746582, 712.935180664, 3459.10668945, 506.152923584, 217.808242798, 430.909301758, 406.487945557, 231.952880859, 129.614440918, 152.258651733, 123.143043518, 234.569213867, 150.301971436, 194.397216797, 708.318237305, 240.358612061, 190.647171021, 114.282348633, 85.1857452393, 59.5823936462, 55.7385177612, 13.3096237183, 3.45642447472, 0.901831686497, 0.0186094529927, 0.000176335292053, 6.59033048578e-06, 9.93652093939e-08], "mean": [0.592070043087, 5.85801839828, 10.5380325317, 13.3697462082, 21.0012359619, 33.7145271301, 23.420507431, 23.5614147186, 22.1882743835, 26.498544693, 14.999756813, 16.052778244, 13.2998304367, 14.618721962, 24.4470691681, 13.6844806671, 11.8324098587, 13.0340251923, 11.672794342, 8.40940666199, 6.93390655518, 8.09181213379, 7.13521194458, 8.55051231384, 6.55552005768, 7.23564863205, 7.61141824722, 6.27186155319, 5.95885324478, 4.50399684906, 2.83973240852, 2.62682962418, 1.89935314655, 1.44452357292, 0.819624185562, 0.408075690269, 0.0551409497857, 0.00601699855179, 0.000978342373855, 0.000156284819241]}, "spectral_strongpeak": {"dmean2": 0.370424628258, "median": 0.492022752762, "min": 1.10456706282e-10, "dvar2": 0.27482432127, "dvar": 0.109181925654, "dmean": 0.218892529607, "max": 7.11950063705, "var": 0.178147315979, "mean": 0.577996373177}, "spectral_energy": {"dmean2": 0.0270440466702, "median": 0.0478147007525, "min": 1.0190198717e-20, "dvar2": 0.00196057092398, "dvar": 0.000862953893375, "dmean": 0.0181226804852, "max": 0.299491256475, "var": 0.0020017742645, "mean": 0.0559296272695}, "average_loudness": 0.958732068539, "spectral_rolloff": {"dmean2": 366.930145264, "median": 322.998046875, "min": 64.599609375, "dvar2": 1206034.125, "dvar": 570658.625, "dmean": 224.670806885, "max": 19229.1503906, "var": 1771061.5, "mean": 604.926696777}, "spectral_centroid": {"dmean2": 234.924209595, "median": 561.430480957, "min": 75.4926147461, "dvar2": 168803.90625, "dvar": 91333.734375, "dmean": 171.11076355, "max": 11505.6181641, "var": 497792.90625, "mean": 726.513122559}, "pitch_salience": {"dmean2": 0.0958285778761, "median": 0.5368257761, "min": 0.0259643103927, "dvar2": 0.00944507680833, "dvar": 0.00440094107762, "dmean": 0.0624479278922, "max": 0.863229453564, "var": 0.021745910868, "mean": 0.511518597603}, "spectral_energyband_middle_high": {"dmean2": 0.00106688844971, "median": 0.00140516925603, "min": 1.41808584769e-21, "dvar2": 2.88118371827e-06, "dvar": 1.41939835885e-06, "dmean": 0.000749472412281, "max": 0.0260273981839, "var": 9.18676050787e-06, "mean": 0.00252627045847}, "spectral_contrast_coeffs": {"dmean2": [0.0685492828488, 0.0631899833679, 0.0547887869179, 0.0435693114996, 0.0335844345391, 0.0276678074151], "median": [-0.624452471733, -0.673092246056, -0.728526949883, -0.75654643774, -0.804875791073, -0.778068006039], "min": [-0.975213706493, -0.982046484947, -0.973820924759, -0.975741326809, -0.962899386883, -0.962123334408], "dvar2": [0.00369465956464, 0.00338287209161, 0.00207887194119, 0.00131953519303, 0.000878491555341, 0.000652981165331], "dvar": [0.00147827144247, 0.00131848291494, 0.000852771569043, 0.0005429618177, 0.000347606197465, 0.000312005693559], "dmean": [0.0429843142629, 0.0385537296534, 0.0342024862766, 0.0273962840438, 0.0206103511155, 0.0190483927727], "max": [-0.250883340836, -0.408051788807, -0.524094760418, -0.592302143574, -0.558342278004, -0.619111776352], "var": [0.0078470511362, 0.00620940048248, 0.00476907333359, 0.00360156293027, 0.0019693239592, 0.0020379931666], "mean": [-0.617732703686, -0.677182435989, -0.732632219791, -0.758915483952, -0.804308891296, -0.778388619423]}, "melbands_skewness": {"dmean2": 1.13059055805, "median": 3.78957700729, "min": -1.0483417511, "dvar2": 1.699187994, "dvar": 0.831898331642, "dmean": 0.776905596256, "max": 23.9405651093, "var": 5.12199258804, "mean": 4.19872951508}, "spectral_spread": {"dmean2": 966224.4375, "median": 5177626, "min": 811617.6875, "dvar2": 1477565087740.0, "dvar": 880394567680, "dmean": 712570.9375, "max": 42029896, "var": 6103360864260.0, "mean": 5183708}, "dissonance": {"dmean2": 0.0311239697039, "median": 0.450381577015, "min": 0.170199126005, "dvar2": 0.000832225254271, "dvar": 0.000333056523232, "dmean": 0.0192111190408, "max": 0.500000119209, "var": 0.00149854156189, "mean": 0.440984517336}, "spectral_skewness": {"dmean2": 0.4806163311, "median": 1.91059589386, "min": -0.44283080101, "dvar2": 0.434370458126, "dvar": 0.199538871646, "dmean": 0.335366338491, "max": 7.70014095306, "var": 1.06879901886, "mean": 2.14578723907}, "spectral_flux": {"dmean2": 0.0515899546444, "median": 0.0644197463989, "min": 6.35685046269e-11, "dvar2": 0.00429093884304, "dvar": 0.00185232248623, "dmean": 0.0347313657403, "max": 0.416435301304, "var": 0.00513300020248, "mean": 0.0873944535851}, "spectral_contrast_valleys": {"dmean2": [0.560576736927, 0.54582709074, 0.524531364441, 0.458782851696, 0.417753189802, 0.464140474796], "median": [-6.19375801086, -6.90010166168, -7.85556411743, -8.21657180786, -7.89556598663, -10.2106990814], "min": [-27.7064437866, -27.6809387207, -27.7286319733, -27.6848468781, -27.53424263, -27.3361377716], "dvar2": [0.354348510504, 0.330592602491, 0.298939079046, 0.256875425577, 0.25672981143, 0.358308672905], "dvar": [0.175483420491, 0.156466960907, 0.150245293975, 0.140554085374, 0.160549461842, 0.23605184257], "dmean": [0.355046123266, 0.346345126629, 0.341174572706, 0.315259695053, 0.321320861578, 0.383509993553], "max": [-4.83056020737, -4.69748258591, -5.58865118027, -6.16878700256, -5.79778623581, -7.33956050873], "var": [2.56731534004, 2.30128598213, 2.25417947769, 2.25004839897, 2.6391479969, 2.70978617668], "mean": [-6.71997308731, -7.07879495621, -8.06726932526, -8.46747493744, -8.26298332214, -10.5667171478]}, "erbbands_flatness_db": {"dmean2": 0.0216889102012, "median": 0.131877973676, "min": 0.0446504019201, "dvar2": 0.000569293450098, "dvar": 0.000350298098056, "dmean": 0.0165479071438, "max": 0.396860033274, "var": 0.00325867533684, "mean": 0.146023020148}, "spectral_energyband_high": {"dmean2": 0.000664043822326, "median": 0.00030318798963, "min": 7.28022417403e-21, "dvar2": 2.73965861197e-06, "dvar": 1.43975671563e-06, "dmean": 0.000474836240755, "max": 0.0451202839613, "var": 3.10887253363e-06, "mean": 0.000840931141283}, "spectral_entropy": {"dmean2": 0.278764784336, "median": 7.20262050629, "min": 4.62281322479, "dvar2": 0.105141468346, "dvar": 0.0662384703755, "dmean": 0.210215300322, "max": 9.81734275818, "var": 0.497677713633, "mean": 7.09260654449}, "silence_rate_20dB": {"dmean2": 0, "median": 1, "min": 1, "dvar2": 0, "dvar": 0, "dmean": 0, "max": 1, "var": 0, "mean": 1}, "melbands_flatness_db": {"dmean2": 0.0389906913042, "median": 0.283541798592, "min": 0.00366847286932, "dvar2": 0.00187005836051, "dvar": 0.00110555009451, "dmean": 0.0298208091408, "max": 0.762324213982, "var": 0.0121340481564, "mean": 0.300912052393}, "barkbands": {"dmean2": [0.000181372190127, 0.0194865949452, 0.00786578841507, 0.0050605838187, 0.00540957320482, 0.00174358685035, 0.000841021595988, 0.000590621028095, 0.000415511836763, 0.000285865768092, 0.00046760236728, 0.000211548234802, 0.000189212791156, 0.000175073102582, 0.00015341406106, 9.51609399635e-05, 0.00012409525516, 9.95086229523e-05, 0.000141893091495, 0.000126726852614, 0.000168167665834, 0.000187802637811, 9.9857825262e-05, 0.000107305408164, 0.000100620971352, 7.28010199964e-05, 1.21405146274e-05], "median": [6.50125875836e-05, 0.0172249376774, 0.00316278170794, 0.00349726318382, 0.00574168981984, 0.0017493807245, 0.00101677351631, 0.000345380220097, 0.000216159402044, 0.000141855605762, 0.000134104921017, 0.000117819887237, 0.000117830568342, 9.04197513591e-05, 9.83296486083e-05, 5.71492200834e-05, 7.06057471689e-05, 4.74888438475e-05, 4.43312092102e-05, 6.20949504082e-05, 5.25823343196e-05, 2.80872318399e-05, 9.94342190097e-06, 3.37810379278e-05, 4.22549528594e-05, 1.54923163791e-05, 1.16486603474e-06], "min": [2.87471563485e-25, 8.31656017684e-25, 3.1135704896e-24, 2.82401219181e-24, 1.17193933386e-23, 1.30723371227e-23, 7.41048992389e-24, 1.47241408608e-23, 2.062430925e-23, 2.49756297156e-23, 3.50515323323e-23, 3.46479889585e-23, 3.89771629431e-23, 4.05363812321e-23, 4.50279658998e-23, 4.43189598063e-23, 1.40244638363e-22, 1.40162382259e-22, 1.12706110007e-22, 1.63116240361e-22, 3.30114256976e-22, 3.33652493774e-22, 4.29671709146e-22, 7.40123286204e-22, 8.60364772283e-22, 1.46439695581e-21, 2.05773637588e-21], "dvar2": [1.24889041331e-07, 0.00151909387205, 0.000448868056992, 0.000123197271023, 6.47635461064e-05, 1.0943847883e-05, 2.65355538431e-06, 1.54969563937e-06, 1.07133382699e-06, 5.02112015965e-07, 1.22428548366e-06, 1.92908174768e-07, 1.30450317215e-07, 1.12835280675e-07, 8.72062244639e-08, 4.21919921223e-08, 6.02054868182e-08, 3.45793189638e-08, 1.26933954903e-07, 9.11285269467e-08, 5.30438057922e-07, 1.65698224919e-07, 1.1874630701e-07, 1.16148619611e-07, 7.458447