{"tonal": {"thpcp": [1, 0.643597126007, 0.199484452605, 0.176444590092, 0.314551979303, 0.350841730833, 0.295652598143, 0.219808965921, 0.145288273692, 0.158802106977, 0.141603916883, 0.18306273222, 0.261962264776, 0.243952617049, 0.390182763338, 0.565745651722, 0.380674213171, 0.147937998176, 0.0911613479257, 0.103254809976, 0.28241032362, 0.511201441288, 0.417700558901, 0.216164216399, 0.198262795806, 0.24356842041, 0.346241921186, 0.440208494663, 0.323716908693, 0.232267901301, 0.301847428083, 0.255826890469, 0.158795401454, 0.148049205542, 0.204736635089, 0.613539516926], "hpcp": {"dmean2": [0.162092208862, 0.176663339138, 0.231920674443, 0.241668343544, 0.217363610864, 0.133741423488, 0.0935475751758, 0.100621633232, 0.168104618788, 0.247437298298, 0.261263221502, 0.204153284431, 0.189565166831, 0.215995833278, 0.233957916498, 0.243241116405, 0.21598342061, 0.179820001125, 0.174079969525, 0.185465082526, 0.153598159552, 0.156833931804, 0.209260046482, 0.315010726452, 0.357775777578, 0.321835935116, 0.200373455882, 0.181165114045, 0.157611683011, 0.166830971837, 0.181165888906, 0.137204408646, 0.110114045441, 0.121508188546, 0.116602815688, 0.138507306576], "median": [0.0298779793084, 0.0377256497741, 0.0483600348234, 0.0668485760689, 0.0440551117063, 0.0119655625895, 0.00625230744481, 0.00825722608715, 0.0357114411891, 0.0632013678551, 0.0531770065427, 0.0168021060526, 0.0114858513698, 0.0199376996607, 0.0496348664165, 0.0474787130952, 0.0346283465624, 0.0166346989572, 0.0166595894843, 0.0124833993614, 0.00969498045743, 0.00605659745634, 0.013855391182, 0.153548821807, 0.276282012463, 0.160142630339, 0.0151635296643, 0.00546231307089, 0.00649951770902, 0.0221908222884, 0.0312813222408, 0.0167937222868, 0.00992840342224, 0.00631627999246, 0.00649106455967, 0.0158147923648], "min": [0, 0, 0, 0, 0, 0, 0, 0, 0, 0, 0, 0, 0, 0, 0, 0, 0, 0, 0, 0, 0, 0, 0, 0, 0, 0, 0, 0, 0, 0, 0, 0, 0, 0, 0, 0], "dvar2": [0.0727489888668, 0.0723521113396, 0.0979047268629, 0.101819895208, 0.0932726562023, 0.0555095970631, 0.0414833500981, 0.0448023788631, 0.0681610181928, 0.109687574208, 0.115063525736, 0.104670725763, 0.0950400754809, 0.110199421644, 0.100865863264, 0.110203072429, 0.091360129416, 0.0822906419635, 0.0816357210279, 0.0983277335763, 0.071671590209, 0.0790098756552, 0.100955352187, 0.120915330946, 0.152336731553, 0.122715473175, 0.0996747016907, 0.0973360314965, 0.0868781134486, 0.0687593966722, 0.0752801671624, 0.0600477270782, 0.0490996651351, 0.0676565393806, 0.0580523051322, 0.062381438911], "dvar": [0.0292426925153, 0.0264405999333, 0.0373629890382, 0.0456353388727, 0.0370576903224, 0.0206754021347, 0.0151237100363, 0.0156839117408, 0.0255954694003, 0.0455402992666, 0.0437116101384, 0.0388373993337, 0.0368931256235, 0.0415313206613, 0.0390452630818, 0.0472290813923, 0.0358416996896, 0.0308292619884, 0.0344440229237, 0.0374630279839, 0.0266768727452, 0.0291161928326, 0.0368917621672, 0.0451411902905, 0.0659539029002, 0.0472307056189, 0.0364503227174, 0.0345704779029, 0.0314667224884, 0.0256762113422, 0.031017659232, 0.0245257541537, 0.0187732763588, 0.0274153258651, 0.0225359816104, 0.0233208816499], "dmean": [0.0935021713376, 0.100188061595, 0.136010974646, 0.146008878946, 0.12614504993, 0.0750276595354, 0.0509215518832, 0.0542702563107, 0.0975291728973, 0.144511163235, 0.150375828147, 0.113448671997, 0.104715690017, 0.119646690786, 0.134180054069, 0.142619371414, 0.125927492976, 0.100846000016, 0.0999050661922, 0.102992229164, 0.0840345621109, 0.084509588778, 0.114261314273, 0.184113740921, 0.209465220571, 0.187362521887, 0.110311627388, 0.0973011702299, 0.0843787565827, 0.094134517014, 0.106731809676, 0.0811654180288, 0.0633627176285, 0.0696476176381, 0.065993219614, 0.0787499845028], "max": [1, 1, 1, 1, 1, 1, 1, 1, 1, 1, 1, 1, 1, 1, 1, 1, 1, 1, 1, 1, 1, 1, 1, 1, 1, 1, 1, 1, 1, 1, 1, 1, 1, 1, 1, 1], "var": [0.0436889007688, 0.0299822725356, 0.0572497211397, 0.103797800839, 0.0594918429852, 0.0189095176756, 0.0114215426147, 0.0109121073037, 0.0375022999942, 0.0959517657757, 0.0646085515618, 0.0340664535761, 0.0346441864967, 0.0413447543979, 0.0500030554831, 0.0806171521544, 0.0484650209546, 0.0370601005852, 0.0642742663622, 0.0458728671074, 0.0217802189291, 0.0252259615809, 0.0313383452594, 0.0770612582564, 0.154442444444, 0.0830222144723, 0.028997303918, 0.0272976551205, 0.0835943371058, 0.0729047358036, 0.0464555136859, 0.0367900170386, 0.0211383905262, 0.0322227329016, 0.0242215935141, 0.0247698072344], "mean": [0.110562138259, 0.102961100638, 0.16467808187, 0.23877504468, 0.160664960742, 0.0624377764761, 0.038474984467, 0.0435790754855, 0.119192324579, 0.215754449368, 0.176292061806, 0.0912329033017, 0.0836775451899, 0.102798953652, 0.146132677794, 0.185791626573, 0.136625915766, 0.0980295240879, 0.127395823598, 0.107972681522, 0.0670201852918, 0.0624847114086, 0.0864098519087, 0.258946627378, 0.422053694725, 0.271632552147, 0.0841931477189, 0.0744690895081, 0.13275782764, 0.148074045777, 0.124781265855, 0.0927711874247, 0.0613194555044, 0.0670230165124, 0.0597644560039, 0.0772623047233]}, "tuning_equal_tempered_deviation": 0.1094872877, "chords_changes_rate": 0.042777556926, "key_key": "A#", "tuning_diatonic_strength": 0.586720407009, "key_scale": "major", "chords_number_rate": 0.00218861922622, "tuning_frequency": 432.940917969, "tuning_nontempered_energy_ratio": 0.7287940979, "chords_histogram": [39.7930755615, 1.07441306114, 22.0453643799, 0, 0.0596896149218, 0, 0, 0, 0, 3.48189425468, 0.159172311425, 0, 0, 0, 0.915240764618, 0.238758459687, 6.26740932465, 3.68085956573, 0.974930346012, 4.23796272278, 1.1539992094, 8.99323558807, 5.19299650192, 1.7309987545], "key_strength": 0.8285369277, "chords_key": "A#", "chords_strength": {"dmean2": 0.0092264553532, "median": 0.57868719101, "min": 0.30496186018, "dvar2": 7.68058525864e-05, "dvar": 6.87755164108e-05, "dmean": 0.00918872095644, "max": 0.830242872238, "var": 0.0095037817955, "mean": 0.577991962433}, "chords_scale": "major", "hpcp_entropy": {"dmean2": 1.11632978916, "median": 1.84345030785, "min": 0, "dvar2": 0.773340642452, "dvar": 0.295553654432, "dmean": 0.659919202328, "max": 4.49013805389, "var": 0.54023194313, "mean": 1.82036066055}}, "metadata": {"audio_properties": {"equal_loudness": 0, "codec": "mp3", "downmix": "mix", "sample_rate": 44100, "analysis_sample_rate": 44100, "bit_rate": 192000, "md5_encoded": "ca9467855163f38861424f0115ef2b5c", "length": 233.325714111, "replay_gain": -4.21877288818, "lossless": false}, "version": {"essentia_build_sha": "2d9f1f26377add8aeb1075a9c2973f962c4f09fd", "essentia": "2.1-beta2", "extractor": "music 1.0", "essentia_git_sha": "v2.1_beta2-1-ge3940c0"}, "tags": {"title": ["Promised Land"], "language": ["eng"], "acoustid_fingerprint": ["AQADtGm2KMmSJEmCP0FvCD0evHvw5MiHP8dzhPnQHfjxo204-ACAA6cA4PCPHDCAHJB1HIAMXDB8_IB-_PCF_4C4A88Bf_jhp8R5lD8eHnrwwc9x6EbZHCaHHwCQDz9-IM16-BCOIFaL4zz6UYJqPfiIRwkuaUWeB8bxPMaf4VqSC-2eBelu9JFw7kL3CP-4oMxJnEwDXTR6NB9i4leFSv2EH4efGM6R_pA_ojqrICePo2SO5sSPF5UYJaOQ_sLxAzjw4jj04wB0vDKsI_5x4UdK6cNxvdCJ9Md1Bo_g8UF4HWdy6KmCfLrR_vizo8cb1N4Q5jnxq9AT4Q_RVCzRJ4feFA2XIc-F78Ql5cIpWO-QU8JFHL-Q5_gl_Pjx4cfRH_lxQx8apz3uG82LXMKXIB-aC-JbtMf0PEi5oz_q8bBKJNGPK0NYbE-PL9thHSfxo-kNPod7F3wmFs-OUIIWTcmRZ8eVJ-hbodbx5EOpHg2X-Tgn43RLMNnQMkh-5OgPKuTRh9lB9sgFLeGkI6SC7EzRLJwxvUNvNGEa6DqeXsGbQPALvcFFScQew-eFM0R-1MkK_0KoI3lZXA_e4zn6oDmDB19I5A-SpYkOR8lRPsUdTDqaE7-Ei8ijLDlUaTniH48mof7RqJh3_ChXwxpReUeyjNkRdqlxaXGK50hP8IEqJgijJBfexkJTSZTAo0EpBddxhEmP7hVO5YFvQvmRH5u14D_6HE2oJUfHZDOabMSpVbhyB1N6RTjRPCniUtCPnBa8Ex95XDf8WNiTCP0iSYZLBcxz3Gh2XHnTwTv24xcxLRTx-cIXDpwT5WjeYnrxH8985IHX4svx3Ar0ItfxHM0WGn0W7MevgMmW7KhPDUeY6EWyZ2qygflxpYb749aET4YVf2gXxQlxeYD4DE-E7wvcHT_uovlRvgh_NNoGXQjHo3mwr_D-DjfOZBbhOnEQO0HyHZcUhNmFMjqUP8HjIqaGf8CcGc36CLVNnEGkP0goNA7xGZ-O5ugTHT9w0dij4_qQ5JQQfh-oC18OM0mHkl9RpTnhPEe_H1d-fMfXwsvT4AJPNI-SoxJ5hNOE5BmeGluVY_qB5lmOcCWS62gc9DnO4zGmo1wYXMmO3Ei2XthyhkMb8XhoomEUokgeasiSeDqqCJfxJKLgN8QfCUc1eUcYlcfzgZEeNM9S4rqg7LnwBDmaLfnRTkczORVCXXiuQrNyNFu6Ys-h8UbzE3mOJuReVNoJNvTQnAifQkOY4zr-wVMdAc0ZI_Q2vCemRokhXgoiUcqEjjwuG30W7DuaV5gcDZeDJ8giE-KL0OpUPH2MXs2CZmxEXPkwKT2a7jFeHF7ElviDphSVDn2PZz6SG3mko1GI3thzPFKOHw_egSEvI1WJ06g1_MgeH3_QXUjzHT2hJ0ceHeWF47mMHw7lokqOHx_R_ESfKEa5Cubh6cNpPDx8FD-ufBOeCz2uJEGvI1mS6Mii8QV7_EVzZirqjUTR9MdFjD3Ko9ER94fW-GjmiYMeFs0XotRb5NGPO41wDr3RxOHwZExw6RGeZKkK_7iHfDnEiriyB9GvMGgO5jkqRiWYaP5wM47QZ4dnpaiTiB8u-Zh-NHfwZ8K1GSnVQ5XG4TryxyGuPUGz6UW8MdCJvCd6nMHu48tylBz8I2Gyv4i1Gj2JsEfC8QrRSxx6_fDIKHjs4mfg68S55cJL9ESeZ9C7OAh3XbCPUNIPjRnSD7_wNEbTI0eTTegTZcJdBfKy44f2o3mwKzv0C_CFXMEv-Md3vDtchcXRoum4D99RH1MeMbhyhI96JEurHO9x8niULD1q3UJzpjiVC8mbI5cSHe0WHVte4Rl7HFcpeEyHWtqE4zr6XBHCRAk3InHGDeejozePJo-OKafR49uRNsmHpMfh8Uj-INcDT6mF_IEuIdpxHs_wjGmEKRw5wdMOoT6OCwyvw5cl9AeP8oWfSMUXI9WhkYkuXEny4MFtaPrRVBLyHDm7Qb_BIBOjCfmRnIePSwfV47qFWTpsF7uOHz56_MeHfIKWGfxhKkyRM7uwGZvKHM-MC2EeKRb0aEf-40mUoz8c08jyIPnxH5ce4SnKvGgsFt_xGf1BPXD54EffI8-I5N8x_sOJ6x1qL4LPnMLDo9ZxPEe1G972wDfKPPhxhE8OPYVD7YYimhxiZQ8-NLlQaxKuaEa7w4qPZMgf7EkexCI9aIi345lw4X3wcWvgIxJZPHMQWtFI-BIY8R-eHA8lR8h1JMzxZQV7JyH6oxmT8TiqK2jGENdx3cGp4EeYz0jG4XjEhMFHo0H1p8hvaKmGSPvxornRH38efMeZI3qhnTaaZ4F-xGi0obqOnin8oyfu4GgeOPlRnUgeRUdk4UTzXuiz4zyq8BRc8YKflaizH_mEkOnR7Cn-YT8ePLfQRDwS5cmR38fDBGYUvEd4JDyDM8eTfLCm4MQT6B_840qYw0t8XALPI31KJLt0PEnThWAofQn84Dv44ZjIY20WD2-P8qCOvgOT6kMlHteN5EQoo2F2vB2uO7DxLOER3dCiF-EzYxdTNDxCdjGuQRuaOMQlGj_8QCci5REApICBRBCHBQRUCU4FIdYZKQwD1WBlnBACWGIEEVJBQZwQghDuEHFUCAGecwxhg4QhhhHCBAMCGUAAAQAIIAAhiggBDCRCCmGAAIYIqEAgTgBzvHDGCoQFUU4hR5hnChAADEICCsMAEYAoBBhChAhjEAEEASqMMogRQKQCiGmMrHJKIiaEAJJICqQwUCAjLAKEMAmYBQIAQgRDDgnBlFCAAAA9gUYYpgFBChgirDCAA0CMEkQAoQhViALHAEFOUCMEQIIIIywAxBpCCEKAKaAMEsUABASTBjEhCCDIAAYUMxAAwhARggElgDPKEQCIcExIwYA0SAijCDMCQGaAYkQgQoABTgBACGEAQWGBMIgBIAATiCGBCHICEAasExIIIQESDChpBEUSAAQEAUgISAjgAACCkBEGIOCIYIASA4wBQCFBFCDOIsWIAxAAIiUBRAAkgCLAKCmIVSQKpwBQQBBhgCVMIWAAMISRwoQAQgnCDFEAESqMs0AAZwQwwhgCnWlEImUAAUA4yxgRFyCiDENCIiKVAsgwAgACDgEiDEEYCWIQgoApIgATTBEgAEFACcYMcUwAgohBwgAihBEIAKEYMUAYQwxAAAgpFAAKISKYQEoIhIwSCAlijDEMKYAEIEwQ5BQiADACACMAAYCMEBAgQMSRzAgDCBAEACCEU-IaRYxihAkgqSBCcQYAwIAAZgRQICGjGACEIUK0wE4QJLCDiCAFlMJAAMAgMEIIIYhAijhikCFUCuakAIAAYJgQwiABDBAOCCA0FAgQJ4YwBGlBEDGAEMXAMAAwAABRwjjjgDAAOQGBQMoZZwxAUgjAlDDAAKMIkQJwIpwQUiAFgCBAUWAEABoYYIABwgGhEAFYIEAIEkYBYghiUhEECACOACAEAQAaoAwQ1AJghKCKASGEEUIwToxDSAA"], "date": ["1984"], "genre": ["Rock", "Rock"], "musicbrainz_releasegroupid": ["5cb7c259-a543-46a9-aba7-cff6363c098e"], "musicbrainz album type": ["Album", "Live"], "musicbrainz_recordingid": ["04cfecd0-8999-4edb-90bd-2f372af0d676"], "artistsort": ["Clark, Gene & Firebyrds, The"], "musicbrainz_albumartistid": ["2b6f3780-6fb6-42c2-95bb-5e080772e38c", "ffc860ad-acfd-4184-bd79-900fa28053db"], "musicbrainz_albumid": ["239f90f4-bf89-4ce8-b195-3e3b9b8bad6a"], "artist": ["Gene Clark & The Firebyrds (Ritz) 03"], "tracknumber": ["03"], "bpm": ["84.00"], "album": ["Hidden Treasures, Volume 10: Live At The Ritz 1984"], "acoustid_id": ["f72e777b-b3a6-4db4-a72b-f3fe6c68d18e"], "musicbrainz_artistid": ["2b6f3780-6fb6-42c2-95bb-5e080772e38c", "ffc860ad-acfd-4184-bd79-900fa28053db"], "file_name": "Gene Clark & The Firebyrds (Ritz) 03 - Promised Land.mp3"}}, "rhythm": {"bpm_histogram_first_peak_bpm": {"dmean2": 0, "median": 167, "min": 167, "dvar2": 0, "dvar": 0, "dmean": 0, "max": 167, "var": 0, "mean": 167}, "bpm": 165.859649658, "bpm_histogram_second_peak_spread": {"dmean2": 0, "median": 0, "min": 0, "dvar2": 0, "dvar": 0, "dmean": 0, "max": 0, "var": 0, "mean": 0}, "bpm_histogram_first_peak_weight": {"dmean2": 0, "median": 0.46141731739, "min": 0.46141731739, "dvar2": 0, "dvar": 0, "dmean": 0, "max": 0.46141731739, "var": 0, "mean": 0.46141731739}, "onset_rate": 3.32565736771, "beats_position": [0.429569154978, 0.870748281479, 1.31192743778, 1.75310659409, 2.19428563118, 2.63546490669, 3.04181408882, 3.44816327095, 3.85451245308, 4.26086139679, 4.66721057892, 5.06195020676, 5.46829938889, 5.87464857101, 6.28099775314, 6.68734693527, 7.0936961174, 7.50004529953, 7.90639448166, 8.31274318695, 8.71909236908, 9.12544155121, 9.53179073334, 9.93814086914, 10.3444900513, 10.7624483109, 11.1804075241, 11.5983667374, 12.0047159195, 12.3994560242, 12.7941951752, 13.1889343262, 13.5836734772, 13.9784126282, 14.3847618103, 14.7911109924, 15.2322902679, 15.6734695435, 16.114648819, 16.6254863739, 17.1363258362, 17.6471652985, 18.1463947296, 18.6456241608, 19.1448516846, 19.6440811157, 20.154920578, 20.642539978, 21.0140590668, 21.3971881866, 21.7687072754, 22.1402263641, 22.5117454529, 22.8832645416, 23.2547836304, 23.6379127502, 24.009431839, 24.3577327728, 24.7176418304, 25.0543308258, 25.4142398834, 25.774148941, 26.1224479675, 26.470746994, 26.8190479279, 27.1789569855, 27.5388660431, 27.8871650696, 28.2354640961, 28.5837631226, 28.932062149, 29.291973114, 29.6518821716, 30.0001811981, 30.3484802246, 30.6967792511, 31.0682983398, 31.4165973663, 31.7648983002, 32.1364173889, 32.4847145081, 32.8330154419, 33.1929244995, 33.5528335571, 33.9243545532, 34.2958717346, 34.6441726685, 34.9924697876, 35.3523788452, 35.7006797791, 36.0489807129, 36.4088897705, 36.7687988281, 37.1287078857, 37.4770050049, 37.8369140625, 38.1968231201, 38.545124054, 38.91664505, 39.2881622314, 39.6480712891, 39.9963722229, 40.3562812805, 40.7045783997, 41.0760993958, 41.4243965149, 41.7843093872, 42.1442184448, 42.5157356262, 42.8640365601, 43.2123336792, 43.5838546753, 43.9321517944, 44.2804527283, 44.6403617859, 45.0002708435, 45.3601799011, 45.7200889587, 46.0916099548, 46.439907074, 46.7998161316, 47.1597251892, 47.5312461853, 47.8911552429, 48.2510643005, 48.6109733582, 48.959274292, 49.3191833496, 49.6790924072, 50.0390014648, 50.4105224609, 50.7704315186, 51.1303405762, 51.4902496338, 51.8501586914, 52.210067749, 52.5699768066, 52.9182739258, 53.2897949219, 53.6497039795, 54.0096130371, 54.3695220947, 54.7294311523, 55.0777320862, 55.4492492676, 55.7975502014, 56.157459259, 56.5173683167, 56.8772773743, 57.2371864319, 57.5970954895, 57.9570045471, 58.305305481, 58.6536026001, 59.0135154724, 59.37342453, 59.7333335876, 60.0816307068, 60.4415397644, 60.801448822, 61.1613578796, 61.5212669373, 61.8811798096, 62.252696991, 62.6009979248, 62.9492950439, 63.2975959778, 63.6575050354, 64.0174102783, 64.3657150269, 64.7372360229, 65.0855331421, 65.4454421997, 65.8053512573, 66.1652603149, 66.5251693726, 66.8966903687, 67.2449874878, 67.6048965454, 67.964805603, 68.3363265991, 68.6846237183, 69.0329208374, 69.3812255859, 69.7295227051, 70.0894317627, 70.4377288818, 70.7860336304, 71.145942688, 71.4942398071, 71.8541488647, 72.2140579224, 72.57396698, 72.9338760376, 73.2821731567, 73.6536941528, 74.001991272, 74.3502960205, 74.7102050781, 75.0701141357, 75.4300231934, 75.789932251, 76.1382293701, 76.5097503662, 76.8696594238, 77.2295684814, 77.5778656006, 77.9261627197, 78.2860794067, 78.6459884644, 78.9942855835, 79.3658065796, 79.7373199463, 80.0856246948, 80.4455337524, 80.8054428101, 81.1537399292, 81.5020370483, 81.861946106, 82.2218551636, 82.5933761597, 82.9532852173, 83.3248062134, 83.684715271, 84.0446243286, 84.4045333862, 84.7760543823, 85.1359634399, 85.4958724976, 85.8557815552, 86.2040786743, 86.5639877319, 86.935508728, 87.3070297241, 87.6669387817, 88.0268478394, 88.386756897, 88.7466659546, 89.1181869507, 89.4780960083, 89.8380050659, 90.1979141235, 90.5578231812, 90.9177322388, 91.2776412964, 91.6259384155, 91.9858474731, 92.3341445923, 92.6940536499, 93.0539703369, 93.4138793945, 93.7621765137, 94.1104736328, 94.4703826904, 94.830291748, 95.1785888672, 95.5268936157, 95.8751907349, 96.246711731, 96.5950088501, 96.9549179077, 97.3148269653, 97.6631240845, 98.011428833, 98.3597259521, 98.7196350098, 99.0795440674, 99.4278411865, 99.7877502441, 100.147659302, 100.507568359, 100.867477417, 101.227394104, 101.587303162, 101.947212219, 102.307121277, 102.655418396, 103.003715515, 103.363624573, 103.72353363, 104.071838379, 104.420135498, 104.780044556, 105.116729736, 105.465034485, 105.824943542, 106.1848526, 106.533149719, 106.904670715, 107.264579773, 107.624488831, 107.97278595, 108.344306946, 108.692604065, 109.052513123, 109.400817871, 109.760726929, 110.109024048, 110.468933105, 110.828842163, 111.188751221, 111.548660278, 111.908569336, 112.256866455, 112.628387451, 112.988296509, 113.336593628, 113.684898376, 114.033195496, 114.381492615, 114.741401672, 115.10131073, 115.449615479, 115.797912598, 116.146209717, 116.506118774, 116.866027832, 117.214332581, 117.585845947, 117.945755005, 118.305664063, 118.653968811, 119.00226593, 119.350563049, 119.710472107, 120.070381165, 120.418685913, 120.766983032, 121.115280151, 121.463577271, 121.811882019, 122.183395386, 122.531700134, 122.891609192, 123.25151825, 123.611427307, 123.971336365, 124.319633484, 124.667930603, 125.016235352, 125.376144409, 125.736053467, 126.084350586, 126.432647705, 126.780952454, 127.129249573, 127.48915863, 127.82585144, 128.185760498, 128.545669556, 128.893966675, 129.242263794, 129.61378479, 129.962081909, 130.321990967, 130.658676147, 131.006988525, 131.355285645, 131.715194702, 132.07510376, 132.423400879, 132.771697998, 133.131607056, 133.491516113, 133.839813232, 134.211334229, 134.559631348, 134.907928467, 135.256240845, 135.616149902, 135.97605896, 136.324356079, 136.684265137, 137.044174194, 137.404083252, 137.76399231, 138.112289429, 138.472198486, 138.832107544, 139.180404663, 139.540313721, 139.900222778, 140.260131836, 140.620040894, 140.979949951, 141.339859009, 141.688156128, 142.036453247, 142.396362305, 142.756271362, 143.11618042, 143.476104736, 143.836013794, 144.195922852, 144.544219971, 144.904129028, 145.264038086, 145.635559082, 145.99546814, 146.355377197, 146.715286255, 147.075195313, 147.423492432, 147.771789551, 148.131698608, 148.491607666, 148.851516724, 149.211425781, 149.5597229, 149.896408081, 150.244720459, 150.604629517, 150.952926636, 151.324447632, 151.672744751, 152.02104187, 152.380950928, 152.740859985, 153.089157104, 153.437454224, 153.80897522, 154.168884277, 154.528793335, 154.877090454, 155.24861145, 155.596908569, 155.968429565, 156.328338623, 156.688247681, 157.048156738, 157.408065796, 157.756362915, 158.104675293, 158.452972412, 158.81288147, 159.172790527, 159.532699585, 159.892608643, 160.240905762, 160.589202881, 160.949111938, 161.285797119, 161.634094238, 161.994003296, 162.353912354, 162.71383667, 163.073745728, 163.422042847, 163.770339966, 164.130249023, 164.490158081, 164.8384552, 165.209976196, 165.558273315, 165.906570435, 166.266479492, 166.62638855, 166.974685669, 167.334594727, 167.682891846, 168.042816162, 168.391113281, 168.751022339, 169.110931396, 169.470840454, 169.830749512, 170.179046631, 170.52734375, 170.887252808, 171.247161865, 171.595458984, 171.955368042, 172.3152771, 172.663574219, 173.011871338, 173.360183716, 173.720092773, 174.080001831, 174.439910889, 174.799819946, 175.159729004, 175.508026123, 175.867935181, 176.227844238, 176.576141357, 176.936050415, 177.284347534, 177.632644653, 177.992553711, 178.352462769, 178.712371826, 179.072280884, 179.44380188, 179.803710938, 180.163619995, 180.511917114, 180.871826172, 181.231735229, 181.580047607, 181.928344727, 182.299865723, 182.648162842, 183.008071899, 183.367980957, 183.716278076, 184.064575195, 184.424484253, 184.784393311, 185.13269043, 185.480987549, 185.840896606, 186.200805664, 186.549118042, 186.897415161, 187.24571228, 187.605621338, 187.965530396, 188.313827515, 188.662124634, 189.022033691, 189.381942749, 189.741851807, 190.101760864, 190.461669922, 190.821578979, 191.169876099, 191.529785156, 191.889694214, 192.24961853, 192.609527588, 192.957824707, 193.306121826, 193.666030884, 194.025939941, 194.374237061, 194.72253418, 195.070831299, 195.419128418, 195.767440796, 196.115737915, 196.464035034, 196.812332153, 197.172241211, 197.52053833, 197.880447388, 198.228744507, 198.588653564, 198.948562622, 199.30847168, 199.668380737, 200.016693115, 200.388198853, 200.73651123, 201.108016968, 201.467926025, 201.827835083, 202.176147461, 202.52444458, 202.884353638, 203.244262695, 203.615783691, 203.964080811, 204.323989868, 204.683898926, 205.055419922, 205.403717041, 205.75201416, 206.100311279, 206.460220337, 206.820129395, 207.168426514, 207.516723633, 207.87663269, 208.236557007, 208.584854126, 208.944763184, 209.31628418, 209.676193237, 210.024490356, 210.372787476, 210.732696533, 211.092605591, 211.452514648, 211.812423706, 212.160720825, 212.509017944, 212.868927002, 213.22883606, 213.588745117, 213.948654175, 214.296951294, 214.645263672, 215.005172729, 215.365081787, 215.724990845, 216.084899902, 216.44480896, 216.793106079, 217.12979126, 217.478088379, 217.837997437, 218.186294556, 218.534591675, 218.894515991, 219.254425049, 219.614334106, 219.962631226, 220.310928345, 220.670837402, 221.03074646, 221.379043579, 221.738952637, 222.098861694, 222.458770752, 222.81867981, 223.201812744, 223.584945679, 223.968063354, 224.339584351, 224.780761719, 225.221939087, 225.651519775, 226.150741577, 226.649978638, 227.149200439, 227.6484375, 228.147659302, 228.646896362, 229.169342041, 229.69178772, 230.214233398, 230.736679077, 231.247528076, 231.758361816, 232.269195557, 232.780044556], "beats_loudness": {"dmean2": 0.0256709903479, "median": 0.0361220166087, "min": 5.10091149408e-06, "dvar2": 0.000556416460313, "dvar": 0.000186439065146, "dmean": 0.0147654311731, "max": 0.112724594772, "var": 0.000342164858012, "mean": 0.0364763438702}, "danceability": 1.16614687443, "bpm_histogram_second_peak_weight": {"dmean2": 0, "median": 0.329133868217, "min": 0.329133868217, "dvar2": 0, "dvar": 0, "dmean": 0, "max": 0.329133868217, "var": 0, "mean": 0.329133868217}, "beats_count": 636, "bpm_histogram_second_peak_bpm": {"dmean2": 0, "median": 172, "min": 172, "dvar2": 0, "dvar": 0, "dmean": 0, "max": 172, "var": 0, "mean": 172}, "bpm_histogram_first_peak_spread": {"dmean2": 0, "median": 0, "min": 0, "dvar2": 0, "dvar": 0, "dmean": 0, "max": 0, "var": 0, "mean": 0}, "beats_loudness_band_ratio": {"dmean2": [0.307751864195, 0.336563646793, 0.249893769622, 0.0750240087509, 0.0129157630727, 0.0189177915454], "median": [0.309816002846, 0.470960497856, 0.125946611166, 0.0197786837816, 0.00445646233857, 0.00868891552091], "min": [0.0212925244123, 0.0231352616102, 0.00473072566092, 0.00103813456371, 0.000315112789394, 0.000145176367369], "dvar2": [0.0574674457312, 0.0610064566135, 0.0615376196802, 0.0121097043157, 0.000911440467462, 0.000660015444737], "dvar": [0.0211928915232, 0.0210374388844, 0.022007856518, 0.00424560159445, 0.000316360237775, 0.00027277180925], "dmean": [0.180683329701, 0.194698676467, 0.139550849795, 0.0423912480474, 0.00716551626101, 0.0108247241005], "max": [0.943902492523, 0.949099004269, 0.840851604939, 0.481341332197, 0.303886264563, 0.362720489502], "var": [0.0440822653472, 0.0422578267753, 0.0236882716417, 0.00369609706104, 0.000210221012821, 0.000614898861386], "mean": [0.349081963301, 0.480292975903, 0.177160918713, 0.0421601906419, 0.00755868339911, 0.0136034460738]}}, "lowlevel": {"barkbands_spread": {"dmean2": 3.38366651535, "median": 5.43359375, "min": 0.382339656353, "dvar2": 23.0831279755, "dvar": 9.73241901398, "dmean": 2.19835472107, "max": 88.1582489014, "var": 49.35546875, "mean": 7.12685632706}, "melbands_spread": {"dmean2": 3.37902879715, "median": 6.00545024872, "min": 0.606072068214, "dvar2": 18.7899723053, "dvar": 8.57519817352, "dmean": 2.21068167686, "max": 136.647003174, "var": 36.8625717163, "mean": 7.58295297623}, "hfc": {"dmean2": 4.38298892975, "median": 10.8092041016, "min": 1.26316408767e-16, "dvar2": 30.370092392, "dvar": 13.5966825485, "dmean": 2.91447472572, "max": 47.8096656799, "var": 45.1292724609, "mean": 11.1685810089}, "barkbands_kurtosis": {"dmean2": 11.1844129562, "median": 12.1041374207, "min": -1.67197299004, "dvar2": 223.871688843, "dvar": 100.836082458, "dmean": 7.27611875534, "max": 205.133468628, "var": 259.455596924, "mean": 16.281047821}, "gfcc": {"mean": [-66.6778640747, 151.162506104, -107.20879364, 22.9629936218, -71.0489120483, -26.7754573822, -17.2877063751, -20.6493396759, -29.4374713898, 5.76323413849, -21.3159389496, -3.48177051544, -8.84359455109], "icov": [[0.00625844392926, -0.0104228630662, 0.00808315072209, -0.00592521717772, 0.00364528223872, -0.00010387392831, -0.000588822353166, 0.00289725256152, -0.00364385079592, 0.00509762624279, -0.00411328487098, 0.00221335981041, -0.000894128752407], [-0.0104228630662, 0.0262981541455, -0.0165548305959, 0.0160828698426, -0.0154819861054, 0.00806307327002, -0.0102794105187, 0.00403606146574, -0.00360575597733, -0.00139311794192, 0.00173567712773, 0.00120104546659, 0.000347111868905], [0.00808315072209, -0.0165548305959, 0.014048891142, -0.0107397018, 0.00805381964892, -0.00428901333362, 0.00498431175947, 0.000374735565856, -0.00107086903881, 0.004013099242, -0.00474138278514, 0.0027887057513, -0.00192260812037], [-0.00592521717772, 0.0160828698426, -0.0107397018, 0.0150967221707, -0.0122506599873, 0.00734631950036, -0.011022048071, 0.00644158851355, -0.00507690524682, -0.000374218041543, 0.00238684704527, -0.00119779026136, 0.00337330042385], [0.00364528223872, -0.0154819861054, 0.00805381964892, -0.0122506599873, 0.0215618666261, -0.0124229388312, 0.0167025644332, -0.0130410036072, 0.0107986321673, -0.00558152981102, 0.00095893262187, -0.000943753577303, -0.00341316242702], [-0.00010387392831, 0.00806307327002, -0.00428901333362, 0.00734631950036, -0.0124229388312, 0.0153264068067, -0.0143667617813, 0.00981633458287, -0.0109931034967, 0.00489515159279, 0.0013234091457, -0.00172585551627, 0.00482923863456], [-0.000588822353166, -0.0102794105187, 0.00498431175947, -0.011022048071, 0.0167025644332, -0.0143667617813, 0.0265900995582, -0.0172883700579, 0.0175661724061, -0.0106284851208, 0.00335466116667, -0.00254841172136, -0.0027977109421], [0.00289725256152, 0.00403606146574, 0.000374735565856, 0.00644158851355, -0.0130410036072, 0.00981633458287, -0.0172883700579, 0.0201103072613, -0.0138163734227, 0.00982467457652, -0.00664101773873, 0.00414148531854, 0.00163934356533], [-0.00364385079592, -0.00360575597733, -0.00107086903881, -0.00507690524682, 0.0107986321673, -0.0109931034967, 0.0175661724061, -0.0138163734227, 0.0245361644775, -0.0140402503312, 0.0106867244467, -0.00905895512551, 0.00200860062614], [0.00509762624279, -0.00139311794192, 0.004013099242, -0.000374218041543, -0.00558152981102, 0.00489515159279, -0.0106284851208, 0.00982467457652, -0.0140402503312, 0.0259671024978, -0.0152443740517, 0.0121564986184, -0.00353569700383], [-0.00411328487098, 0.00173567712773, -0.00474138278514, 0.00238684704527, 0.00095893262187, 0.0013234091457, 0.00335466116667, -0.00664101773873, 0.0106867244467, -0.0152443740517, 0.0262661911547, -0.0156879909337, 0.00646201800555], [0.00221335981041, 0.00120104546659, 0.0027887057513, -0.00119779026136, -0.000943753577303, -0.00172585551627, -0.00254841172136, 0.00414148531854, -0.00905895512551, 0.0121564986184, -0.0156879909337, 0.0290680378675, -0.013847598806], [-0.000894128752407, 0.000347111868905, -0.00192260812037, 0.00337330042385, -0.00341316242702, 0.00482923863456, -0.0027977109421, 0.00163934356533, 0.00200860062614, -0.00353569700383, 0.00646201800555, -0.013847598806, 0.0222077649087]], "cov": [[2322.66918945, 653.701782227, -517.348083496, 52.9787101746, -166.075042725, -344.316619873, 161.447555542, -181.901901245, 27.5108337402, -93.8569335938, 91.6972503662, -10.5404319763, 62.8923912048], [653.701782227, 470.913574219, 72.6848602295, -89.2414474487, 45.2708930969, -118.498718262, 26.3114337921, -24.7784786224, 1.53598344326, -14.2055044174, 53.5542945862, -23.229019165, 44.2087631226], [-517.348083496, 72.6848602295, 517.078491211, 66.899887085, 68.6898345947, 87.7635421753, -79.3248443604, -23.0587558746, 33.7793731689, 18.5832290649, -10.1670722961, -14.2950773239, -10.2326955795], [52.9787101746, -89.2414474487, 66.899887085, 290.422485352, 10.1130084991, 26.396024704, 35.6490135193, -49.408367157, 27.2514610291, 10.0950927734, -18.1198654175, -1.18792080879, -27.1679267883], [-166.075042725, 45.2708930969, 68.6898345947, 10.1130084991, 197.314254761, 71.0090789795, -25.3978328705, 73.7847442627, 0.216115370393, 17.859380722, 1.63684952259, -1.9410661459, 4.39166927338], [-344.316619873, -118.498718262, 87.7635421753, 26.396024704, 71.0090789795, 246.834884644, 12.6722459793, 17.1321430206, 51.492893219, 5.41297864914, -47.6549339294, 11.4506750107, -33.6417350769], [161.447555542, 26.3114337921, -79.3248443604, 35.6490135193, -25.3978328705, 12.6722459793, 176.960021973, 58.9751014709, -48.603969574, 14.9222717285, 23.5405445099, -5.06233119965, 1.85254359245], [-181.901901245, -24.7784786224, -23.0587558746, -49.408367157, 73.7847442627, 17.1321430206, 58.9751014709, 183.344207764, -7.22734546661, 11.7947492599, 18.613319397, -1.36924362183, -3.65602254868], [27.5108337402, 1.53598344326, 33.7793731689, 27.2514610291, 0.216115370393, 51.492893219, -48.603969574, -7.22734546661, 128.345001221, 9.45239543915, -27.624540329, 10.9046621323, -12.1508302689], [-93.8569335938, -14.2055044174, 18.5832290649, 10.0950927734, 17.859380722, 5.41297864914, 14.9222717285, 11.7947492599, 9.45239543915, 84.5293121338, 27.5139255524, -12.6623277664, -4.20304346085], [91.6972503662, 53.5542945862, -10.1670722961, -18.1198654175, 1.63684952259, -47.6549339294, 23.5405445099, 18.613319397, -27.624540329, 27.5139255524, 90.0079879761, 21.3356075287, 10.9253425598], [-10.5404319763, -23.229019165, -14.2950773239, -1.18792080879, -1.9410661459, 11.4506750107, -5.06233119965, -1.36924362183, 10.9046621323, -12.6623277664, 21.3356075287, 73.3467483521, 32.0812301636], [62.8923912048, 44.2087631226, -10.2326955795, -27.1679267883, 4.39166927338, -33.6417350769, 1.85254359245, -3.65602254868, -12.1508302689, -4.20304346085, 10.9253425598, 32.0812301636, 75.8601379395]]}, "spectral_energyband_middle_low": {"dmean2": 0.0132156601176, "median": 0.0211224406958, "min": 3.74362058374e-22, "dvar2": 0.000344039493939, "dvar": 0.000142160031828, "dmean": 0.00853933021426, "max": 0.214215010405, "var": 0.000332639232511, "mean": 0.0247991420329}, "melbands_crest": {"dmean2": 5.000415802, "median": 13.8592891693, "min": 2.58508110046, "dvar2": 19.6995563507, "dvar": 7.70214366913, "dmean": 3.08397960663, "max": 33.2336120605, "var": 21.7695217133, "mean": 14.5397205353}, "spectral_kurtosis": {"dmean2": 5.5295715332, "median": 5.05641555786, "min": -1.20210361481, "dvar2": 32.6121711731, "dvar": 12.8843383789, "dmean": 3.2953877449, "max": 55.4803962708, "var": 37.2831420898, "mean": 6.71186113358}, "spectral_rms": {"dmean2": 0.0012137364829, "median": 0.00504864472896, "min": 3.3030917411e-12, "dvar2": 1.94317090063e-06, "dvar": 8.7396000481e-07, "dmean": 0.000811214675196, "max": 0.0147198699415, "var": 3.41017448591e-06, "mean": 0.00499786576256}, "zerocrossingrate": {"dmean2": 0.00565386749804, "median": 0.02490234375, "min": 0.0068359375, "dvar2": 5.92380129092e-05, "dvar": 4.11864602938e-05, "dmean": 0.00449389778078, "max": 0.50537109375, "var": 0.000295057951007, "mean": 0.0286076460034}, "silence_rate_60dB": {"dmean2": 0.00835987273604, "median": 0, "min": 0, "dvar2": 0.00968212075531, "dvar": 0.00416327593848, "dmean": 0.00417952053249, "max": 1, "var": 0.0416756644845, "mean": 0.0435820892453}, "erbbands_kurtosis": {"dmean2": 4.12963056564, "median": 3.43878936768, "min": -1.87603783607, "dvar2": 30.4721927643, "dvar": 14.199461937, "dmean": 2.73256182671, "max": 88.8739395142, "var": 45.526550293, "mean": 5.2950963974}, "erbbands": {"dmean2": [0.0219980701804, 0.56627702713, 2.14794135094, 7.77785921097, 16.7323646545, 24.5141983032, 44.3960952759, 50.8001403809, 29.8240566254, 31.0014591217, 27.8657360077, 15.8659667969, 23.3516368866, 12.2455711365, 12.8321561813, 5.98291969299, 4.14767408371, 3.40531539917, 3.74517250061, 1.98244535923, 1.20283913612, 1.06757616997, 1.05087697506, 2.15577912331, 3.4097597599, 4.41381931305, 3.08935904503, 1.55177545547, 0.890870809555, 0.356338351965, 0.106150440872, 0.0183006692678, 0.00345257855952, 0.00143261486664, 0.000788629287854, 0.000493273953907, 0.000281001935946, 0.000114601214591, 7.61970295571e-06, 1.56468413479e-05], "median": [0.00491412356496, 0.112667232752, 0.712983012199, 2.91996526718, 8.70945358276, 17.0545730591, 29.5310821533, 32.7009811401, 19.9138336182, 17.41456604, 12.8875789642, 8.82838630676, 7.8064198494, 5.65803623199, 4.33009004593, 2.73512792587, 2.29845404625, 1.70562827587, 1.93416595459, 1.32804393768, 0.734166264534, 0.562649250031, 0.595428466797, 0.997229337692, 1.75644671917, 2.46174263954, 2.1897687912, 1.06017303467, 0.453955292702, 0.148265317082, 0.0404176935554, 0.009621264413, 0.00468147359788, 0.00308531429619, 0.00212961016223, 0.00139587605372, 0.00081289850641, 0.000272572913673, 1.95195643755e-05, 2.96648267977e-05], "min": [7.8650502577e-22, 7.36758866388e-21, 6.38683680073e-21, 4.4264738405e-20, 1.25470089884e-19, 2.15031002757e-19, 7.44098914946e-20, 2.27810736425e-19, 1.29322347545e-18, 2.81564815208e-18, 1.0942833328e-18, 1.72699729886e-18, 7.61740699933e-19, 2.73032653985e-18, 1.71213182928e-18, 6.47720511296e-18, 7.4104067054e-18, 4.14305279839e-18, 3.2201187921e-18, 9.81969762527e-18, 1.06840848218e-17, 1.14876328842e-17, 5.69224049015e-18, 1.51828372777e-17, 1.07036617053e-17, 1.42007373169e-17, 1.56651927626e-17, 1.44271846271e-17, 1.62597271736e-17, 1.697422428e-17, 1.8065435981e-17, 1.7579343294e-17, 2.15966021872e-17, 1.44562467907e-17, 9.44985524723e-18, 6.44519322326e-18, 3.17899054487e-18, 1.44770410773e-18, 3.80001267486e-19, 4.62482238098e-20], "dvar2": [0.00141406687908, 1.10561001301, 16.1023921967, 170.714111328, 1363.16174316, 1268.42590332, 5295.47167969, 6715.81835938, 2467.12866211, 3036.60888672, 3789.17089844, 2422.71777344, 3719.65478516, 1305.99316406, 1150.08972168, 195.608795166, 177.193786621, 147.611679077, 106.083251953, 16.5559234619, 9.00531291962, 5.1652302742, 4.17602586746, 22.6584758759, 77.1528625488, 102.211486816, 28.1302337646, 6.09694623947, 3.86247682571, 0.734161317348, 0.122141942382, 0.00590509455651, 8.78799910424e-05, 2.98697318613e-06, 3.92411720895e-07, 1.53362677224e-07, 4.86179310144e-08, 7.7387829478e-09, 7.71876798589e-11, 4.44760478446e-10], "dvar": [0.000629681861028, 0.460086494684, 6.17344760895, 63.739906311, 507.114837646, 526.641540527, 2176.7253418, 3169.85620117, 1002.96008301, 1383.7545166, 1944.921875, 1290.81542969, 1913.79223633, 724.20715332, 652.176940918, 98.5941696167, 72.9788818359, 75.3743515015, 53.8412857056, 8.13597393036, 4.35684204102, 2.16357064247, 1.94242823124, 9.61350059509, 29.2707633972, 37.9075698853, 11.134396553, 2.71051812172, 1.98311901093, 0.395694196224, 0.0640619844198, 0.00323604000732, 4.68479265692e-05, 1.32195668812e-06, 1.38619498102e-07, 5.21010470322e-08, 1.66522617917e-08, 2.6726145741e-09, 3.24071811053e-11, 1.87437856902e-10], "dmean": [0.0139760700986, 0.346142888069, 1.26450777054, 4.53392553329, 9.84577083588, 15.3410549164, 27.7132301331, 33.4265518188, 18.461151123, 20.2521457672, 18.8402347565, 11.2102413177, 16.0554161072, 8.50058078766, 9.1543970108, 4.05098962784, 2.70134782791, 2.18623876572, 2.45094347, 1.29203951359, 0.768131732941, 0.667643606663, 0.674882113934, 1.36315584183, 2.14066767693, 2.7692232132, 1.92506444454, 0.993486046791, 0.601126253605, 0.245422169566, 0.0721886530519, 0.0124520240352, 0.00220727571286, 0.000856742321048, 0.000461526593426, 0.000288083043415, 0.00016422427143, 6.69817673042e-05, 4.91311948281e-06, 1.02594849523e-05], "max": [0.300350695848, 7.17917299271, 49.7625999451, 138.784072876, 549.513305664, 457.756713867, 1065.50622559, 999.679077148, 695.598266602, 814.147155762, 1256.2677002, 1537.32116699, 1232.00024414, 1314.75756836, 688.522155762, 283.611907959, 458.720581055, 662.303039551, 454.874237061, 141.093490601, 121.861709595, 45.3483963013, 45.6878623962, 108.496162415, 200.144165039, 157.842086792, 101.570022583, 34.188747406, 43.6366615295, 13.9358501434, 8.29452419281, 2.72093963623, 0.246292218566, 0.0372106395662, 0.0075417519547, 0.0030535927508, 0.0017571398057, 0.000663015118334, 0.000108735388494, 0.00024325241975], "var": [0.000665777712129, 0.421332985163, 5.9944434166, 67.1159057617, 440.664337158, 1527.97912598, 5697.23486328, 12158.4970703, 2010.58508301, 3161.25927734, 5141.22851563, 2793.64892578, 5417.59765625, 1881.40698242, 1816.47619629, 263.44909668, 97.2646865845, 176.255371094, 125.428581238, 18.4812469482, 8.41356086731, 3.90425443649, 4.62435865402, 24.1796607971, 54.3153686523, 84.5998001099, 25.0131244659, 6.0054101944, 4.54454469681, 0.943071186543, 0.132800519466, 0.00624908227473, 8.25977476779e-05, 2.44736247623e-06, 2.92470531349e-07, 1.09403693216e-07, 3.43619674936e-08, 5.03606933933e-09, 8.83244588579e-11, 4.54744103484e-10], "mean": [0.0149848749861, 0.341442406178, 1.55276501179, 5.79524803162, 14.4597139359, 30.6829814911, 55.1902503967, 74.387512207, 34.4141464233, 37.1596755981, 34.9187011719, 20.938873291, 29.7749938965, 15.8342351913, 16.3081741333, 7.54369926453, 4.56874895096, 3.74127984047, 4.19859266281, 2.36392617226, 1.40791225433, 1.15747058392, 1.2247017622, 2.39038729668, 3.82692909241, 5.32788038254, 3.75852298737, 1.9077193737, 1.09865355492, 0.441334187984, 0.12565779686, 0.0232172571123, 0.00615271367133, 0.00330797187053, 0.00218040985055, 0.00142039579805, 0.000823863840196, 0.000277664919849, 2.06607692235e-05, 3.27137349814e-05]}, "spectral_strongpeak": {"dmean2": 0.755813121796, "median": 0.931735277176, "min": 0, "dvar2": 0.642075419426, "dvar": 0.287982791662, "dmean": 0.471445739269, "max": 6.87724113464, "var": 0.766058206558, "mean": 1.14729225636}, "spectral_energy": {"dmean2": 0.0142166176811, "median": 0.0261260345578, "min": 1.1183175728e-20, "dvar2": 0.000368967623217, "dvar": 0.000155202244059, "dmean": 0.00930998846889, "max": 0.222091451287, "var": 0.000372039998183, "mean": 0.0290985051543}, "average_loudness": 0.909631967545, "spectral_rolloff": {"dmean2": 228.363525391, "median": 473.73046875, "min": 107.666015625, "dvar2": 407947.40625, "dvar": 162288.96875, "dmean": 132.723052979, "max": 18970.7519531, "var": 272185.3125, "mean": 572.724975586}, "spectral_centroid": {"dmean2": 185.043609619, "median": 511.565673828, "min": 194.17086792, "dvar2": 60160.0078125, "dvar": 31285.7871094, "dmean": 120.612335205, "max": 11425.4228516, "var": 133524.8125, "mean": 614.737243652}, "pitch_salience": {"dmean2": 0.122776225209, "median": 0.596539855003, "min": 0.122985780239, "dvar2": 0.0118488231674, "dvar": 0.00454683462158, "dmean": 0.0757612287998, "max": 0.872721374035, "var": 0.0135288359597, "mean": 0.588345468044}, "spectral_energyband_middle_high": {"dmean2": 0.000893670832738, "median": 0.000830582110211, "min": 1.46918646484e-21, "dvar2": 3.17789090332e-06, "dvar": 1.68872293216e-06, "dmean": 0.000633369083516, "max": 0.0393270812929, "var": 5.77860373596e-06, "mean": 0.00159396533854}, "spectral_contrast_coeffs": {"dmean2": [0.0961621254683, 0.0806731656194, 0.0611396953464, 0.0420012287796, 0.0342135988176, 0.0366595312953], "median": [-0.556711137295, -0.6733045578, -0.768452465534, -0.816411733627, -0.802110910416, -0.673312604427], "min": [-0.982921898365, -0.961768388748, -0.96569019556, -0.958868145943, -0.957700848579, -0.958219647408], "dvar2": [0.00597595609725, 0.00427035428584, 0.00237979972735, 0.00108669803012, 0.000753854110371, 0.00121084344573], "dvar": [0.00239003426395, 0.00170624186285, 0.00105354178231, 0.00043812932563, 0.000300757732475, 0.000599991180934], "dmean": [0.0597156323493, 0.05000032112, 0.0388388298452, 0.0260251443833, 0.0213539283723, 0.0245132297277], "max": [-0.230282768607, -0.370442718267, -0.480736941099, -0.600082695484, -0.628095388412, -0.461329579353], "var": [0.00780891021714, 0.00675917463377, 0.00474908249453, 0.00157730781939, 0.00170906144194, 0.00327123655006], "mean": [-0.554590404034, -0.671914517879, -0.758746504784, -0.812669277191, -0.799314022064, -0.67479968071]}, "