{"tonal": {"thpcp": [1, 0.686036109924, 0.450746387243, 0.390039861202, 0.426343023777, 0.638299703598, 0.691191613674, 0.470652639866, 0.343488305807, 0.335929602385, 0.369934827089, 0.671445667744, 0.880414664745, 0.689251065254, 0.636148691177, 0.590676784515, 0.384494334459, 0.364065289497, 0.390468597412, 0.379350364208, 0.657159924507, 0.854041755199, 0.577612400055, 0.339368909597, 0.290235817432, 0.328017950058, 0.645192205906, 0.812027812004, 0.744024038315, 0.710514187813, 0.420601814985, 0.222012758255, 0.454790979624, 0.605871081352, 0.496870517731, 0.772118866444], "hpcp": {"dmean2": [0.297882199287, 0.27459603548, 0.229273155332, 0.197578072548, 0.201257169247, 0.20991961658, 0.255851745605, 0.2838088274, 0.275274902582, 0.26960465312, 0.243507117033, 0.196756094694, 0.176406800747, 0.181853309274, 0.191344499588, 0.248594373465, 0.278164118528, 0.241698041558, 0.192114174366, 0.175731405616, 0.188510283828, 0.253059059381, 0.272357165813, 0.326050043106, 0.419223189354, 0.249108612537, 0.140252426267, 0.189476281404, 0.225248292089, 0.237259298563, 0.270933955908, 0.304421007633, 0.315912395716, 0.275705099106, 0.247095912695, 0.274684309959], "median": [0.0525140017271, 0.0545066557825, 0.0427941009402, 0.0306970514357, 0.0268842298537, 0.0362005867064, 0.0767922475934, 0.0982248261571, 0.0854039937258, 0.0524035431445, 0.0364824123681, 0.0361744873226, 0.0380267314613, 0.0384528748691, 0.0444425903261, 0.0730130597949, 0.0930639579892, 0.0633524805307, 0.0320069752634, 0.0218548197299, 0.0250280536711, 0.0604973398149, 0.0711632147431, 0.0754956305027, 0.0361706838012, 0.0242213569582, 0.0169788282365, 0.0407383963466, 0.051933452487, 0.0549928992987, 0.0671480894089, 0.0731792151928, 0.0659542530775, 0.0332888253033, 0.027817023918, 0.0331437028944], "min": [0, 0, 0, 0, 0, 0, 0, 0, 0, 0, 0, 0, 0, 0, 0, 0, 0, 0, 0, 0, 0, 0, 0, 0, 0, 0, 0, 0, 0, 0, 0, 0, 0, 0, 0, 0], "dvar2": [0.161319047213, 0.135165289044, 0.112088702619, 0.104845494032, 0.109741315246, 0.103076346219, 0.112128853798, 0.120213314891, 0.120717018843, 0.13746291399, 0.128297388554, 0.0914098098874, 0.0782377570868, 0.0836734399199, 0.0841138660908, 0.108207672834, 0.119617789984, 0.105802886188, 0.0984344482422, 0.0986998900771, 0.100334189832, 0.12162321806, 0.129755169153, 0.125853955746, 0.237450256944, 0.097684442997, 0.0736396163702, 0.0864781290293, 0.102418862283, 0.103374049067, 0.11881031096, 0.157616004348, 0.170828253031, 0.154236584902, 0.13067702949, 0.160698369145], "dvar": [0.058121945709, 0.0525646954775, 0.0416014157236, 0.0374924056232, 0.0396038219333, 0.0371475555003, 0.0421654470265, 0.0508110076189, 0.0445437729359, 0.0501435473561, 0.0475229173899, 0.0330414399505, 0.0292565450072, 0.0315573550761, 0.0299257598817, 0.0422200448811, 0.0520598106086, 0.040217936039, 0.0346453599632, 0.0345918573439, 0.0354823581874, 0.0461611151695, 0.0543677434325, 0.0495424158871, 0.097391448915, 0.0377352125943, 0.0259184166789, 0.0317076928914, 0.0412253662944, 0.0382232144475, 0.0441048704088, 0.0617890767753, 0.0624883845448, 0.056298866868, 0.0476307533681, 0.0549393706024], "dmean": [0.166097551584, 0.156450197101, 0.129104867578, 0.108966544271, 0.109873473644, 0.116042122245, 0.150534272194, 0.166805952787, 0.158933147788, 0.152165025473, 0.137570545077, 0.109351605177, 0.0988056510687, 0.102042630315, 0.107048481703, 0.144053757191, 0.164538219571, 0.140943273902, 0.104763433337, 0.0946446359158, 0.10354539752, 0.146178603172, 0.157272920012, 0.184694454074, 0.230491533875, 0.138028204441, 0.076250039041, 0.108422912657, 0.130211934447, 0.134100332856, 0.154569685459, 0.17170009017, 0.175829559565, 0.150752857327, 0.13447073102, 0.14861279726], "max": [1, 1, 1, 1, 1, 1, 1, 1, 1, 1, 1, 1, 1, 1, 1, 1, 1, 1, 1, 1, 1, 1, 1, 1, 1, 1, 1, 1, 1, 1, 1, 1, 1, 1, 1, 1], "var": [0.0660723894835, 0.0775294154882, 0.0403201803565, 0.0300805084407, 0.0319933369756, 0.0301319155842, 0.0561332963407, 0.0899495333433, 0.0561710894108, 0.0665370747447, 0.0689028427005, 0.0289969295263, 0.0284110791981, 0.0328363589942, 0.0251672640443, 0.0574472099543, 0.0897914767265, 0.0473538972437, 0.0274047702551, 0.0271215364337, 0.0288795102388, 0.0637413263321, 0.096645899117, 0.065108962357, 0.095102801919, 0.0345102325082, 0.0178934670985, 0.0397794358432, 0.0642201676965, 0.0377716235816, 0.0788645371795, 0.125900328159, 0.0653261691332, 0.047010794282, 0.0385026521981, 0.0412011183798], "mean": [0.175306379795, 0.189832910895, 0.129262804985, 0.0943376421928, 0.0922616794705, 0.101601071656, 0.18440978229, 0.241802245378, 0.189299955964, 0.174715608358, 0.162226930261, 0.10559977591, 0.0999890267849, 0.107240587473, 0.104187011719, 0.180486261845, 0.234559044242, 0.158638864756, 0.0932062715292, 0.0797120705247, 0.0900887697935, 0.177199363708, 0.223020076752, 0.204343125224, 0.195139780641, 0.115516550839, 0.0609748847783, 0.124906457961, 0.166399985552, 0.136463433504, 0.212059259415, 0.274645864964, 0.188416972756, 0.123795628548, 0.107122831047, 0.117093347013]}, "tuning_equal_tempered_deviation": 0.248410582542, "chords_changes_rate": 0.0661219805479, "key_key": "G", "tuning_diatonic_strength": 0.5867587924, "key_scale": "major", "chords_number_rate": 0.00228006835096, "tuning_frequency": 434.193115234, "tuning_nontempered_energy_ratio": 0.9319024086, "chords_histogram": [11.9323577881, 21.2616386414, 7.1062130928, 3.04009127617, 5.14915466309, 0.0760022774339, 3.43910312653, 0, 2.41307234764, 0.627018809319, 0.627018809319, 0, 0, 0, 0, 0.247007414699, 0.190005704761, 2.92608785629, 0.190005704761, 6.95420885086, 0.152004554868, 1.71005129814, 20.7486228943, 11.2103366852], "key_strength": 0.738270878792, "chords_key": "B", "chords_strength": {"dmean2": 0.0115611571819, "median": 0.538552105427, "min": 0.245439976454, "dvar2": 0.000106552237412, "dvar": 8.07602264103e-05, "dmean": 0.0106256185099, "max": 0.816385924816, "var": 0.0101061072201, "mean": 0.531803607941}, "chords_scale": "minor", "hpcp_entropy": {"dmean2": 1.1851439476, "median": 2.06980919838, "min": 0, "dvar2": 0.907563924789, "dvar": 0.319219112396, "dmean": 0.698678731918, "max": 4.51144838333, "var": 0.5857899189, "mean": 2.07767868042}}, "metadata": {"audio_properties": {"equal_loudness": 0, "codec": "flac", "downmix": "mix", "sample_rate": 44100, "analysis_sample_rate": 44100, "bit_rate": 0, "md5_encoded": "f05f3098cfb8a4816a5b074db82b206e", "length": 244.333328247, "replay_gain": -16.6863002777, "lossless": true}, "version": {"essentia_build_sha": "70f2e5ece6736b2c40cc944ad0e695b16b925413", "essentia": "2.1-beta2", "extractor": "music 1.0", "essentia_git_sha": "v2.1_beta2"}, "tags": {"title": ["Arcadia Girl"], "barcode": ["4538182597095"], "media": ["Digital Media"], "albumartist": ["BAND-MAID"], "tracktotal": ["9"], "releasetype": ["album"], "musicbrainz_recordingid": ["04d840b4-1758-4cfd-80d4-3efdf0ce8acb"], "musicbrainz_albumartistid": ["51dca3ab-7618-4816-9353-ac417462bb51"], "musicbrainz_releasetrackid": ["9379b028-6bf0-4faa-87e8-9c87fc475dac"], "album": ["New Beginning"], "releasecountry": ["US"], "website": ["http://bandmaid.tokyo/"], "date": ["2015-12-16"], "file_name": "05 - Arcadia Girl.flac", "musicbrainz_releasegroupid": ["8532e8c0-4c57-4be8-ac72-823d80f71a96"], "musicbrainz_artistid": ["51dca3ab-7618-4816-9353-ac417462bb51"], "originaldate": ["2015"], "musicbrainz_albumid": ["5cf5d7f9-4b33-4d36-8d1f-e2619a869189"], "artist": ["BAND-MAID"], "totaltracks": ["9"], "artistsort": ["BAND-MAID"], "tracknumber": ["5"], "albumartistsort": ["BAND-MAID"], "acoustid_id": ["11e94579-b822-40fa-b4d8-ed8f0e33f775"], "script": ["Latn"], "releasestatus": ["official"]}}, "rhythm": {"bpm_histogram_first_peak_bpm": {"dmean2": 0, "median": 110, "min": 110, "dvar2": 0, "dvar": 0, "dmean": 0, "max": 110, "var": 0, "mean": 110}, "bpm": 110.012153625, "bpm_histogram_second_peak_spread": {"dmean2": 0, "median": 0, "min": 0, "dvar2": 0, "dvar": 0, "dmean": 0, "max": 0, "var": 0, "mean": 0}, "bpm_histogram_first_peak_weight": {"dmean2": 0, "median": 0.840807199478, "min": 0.840807199478, "dvar2": 0, "dvar": 0, "dmean": 0, "max": 0.840807199478, "var": 0, "mean": 0.840807199478}, "onset_rate": 4.09240341187, "beats_position": [0.53405892849, 1.07972788811, 1.62539684772, 2.17106580734, 2.72834467888, 3.27401351929, 3.8196823597, 4.3653512001, 4.91102027893, 5.45668935776, 6.00235795975, 6.54802703857, 7.0936961174, 7.63936471939, 8.18503379822, 8.73070240021, 9.27637195587, 9.82204055786, 10.3677091599, 10.9133787155, 11.4590473175, 12.0047159195, 12.5503854752, 13.0960540771, 13.6417226791, 14.1873922348, 14.7330608368, 15.2787294388, 15.8243989944, 16.3700675964, 16.904127121, 17.4497947693, 17.995464325, 18.5411338806, 19.0868015289, 19.6440811157, 20.1897506714, 20.7354183197, 21.2694778442, 21.8151473999, 22.3608150482, 22.9064846039, 23.4521541595, 23.9978218079, 24.5434913635, 25.0891609192, 25.6348285675, 26.1804981232, 26.7261676788, 27.2718353271, 27.8175048828, 28.3631744385, 28.9088420868, 29.4545116425, 30.0001811981, 30.5458488464, 31.0915184021, 31.6371879578, 32.1828575134, 32.7285270691, 33.2741928101, 33.8198623657, 34.3655319214, 34.9112014771, 35.4568710327, 36.0025405884, 36.5482063293, 37.093875885, 37.6395454407, 38.1852149963, 38.730884552, 39.2765541077, 39.8222198486, 40.3678894043, 40.91355896, 41.4592285156, 42.0048980713, 42.550567627, 43.0962333679, 43.6419029236, 44.1875724792, 44.7216300964, 45.2672996521, 45.8129692078, 46.3586387634, 46.9043083191, 47.4499778748, 47.9956436157, 48.5413131714, 49.0869827271, 49.6442604065, 50.1899299622, 50.7355995178, 51.2812690735, 51.8269386292, 52.3726081848, 52.9182739258, 53.4639434814, 54.0096130371, 54.5552825928, 55.1009521484, 55.6466217041, 56.1922874451, 56.726348877, 57.2720184326, 57.8176841736, 58.3633537292, 58.9090232849, 59.4430847168, 60.0003623962, 60.5460319519, 61.0916976929, 61.6373672485, 62.1830368042, 62.7287063599, 63.2743759155, 63.8084335327, 64.3657150269, 64.9113845825, 65.4570541382, 65.9911117554, 66.536781311, 67.0824508667, 67.6281204224, 68.1737823486, 68.7194519043, 69.26512146, 69.8107910156, 70.3448486328, 70.8905181885, 71.4477996826, 71.9934692383, 72.5391387939, 73.0964126587, 73.6304779053, 74.1761474609, 74.7218093872, 75.2558746338, 75.8131484985, 76.3588180542, 76.9044876099, 77.461769104, 77.9958267212, 78.5414962769, 79.0871658325, 79.6212234497, 80.1668930054, 80.712562561, 81.2698364258, 81.8155059814, 82.3611755371, 82.9068450928, 83.4525146484, 83.9981842041, 84.5438537598, 85.0895233154, 85.6351928711, 86.1808624268, 86.7265319824, 87.2722015381, 87.8178634644, 88.3519287109, 88.8975982666, 89.4432601929, 89.9889297485, 90.5345993042, 91.0802688599, 91.6259384155, 92.1716079712, 92.7172775269, 93.2629470825, 93.8086166382, 94.3542861938, 94.8999557495, 95.4456253052, 95.9912872314, 96.5369567871, 97.0826263428, 97.6282958984, 98.1739654541, 98.7196350098, 99.2653045654, 99.8109741211, 100.356643677, 100.902313232, 101.447982788, 101.993652344, 102.53931427, 103.084983826, 103.630653381, 104.176322937, 104.721992493, 105.267662048, 105.813331604, 106.35900116, 106.904670715, 107.450340271, 107.996009827, 108.541679382, 109.087341309, 109.633010864, 110.17868042, 110.724349976, 111.270019531, 111.815689087, 112.361358643, 112.907028198, 113.452697754, 113.99836731, 114.544036865, 115.089706421, 115.635368347, 116.181037903, 116.726707458, 117.272377014, 117.81804657, 118.363716125, 118.909385681, 119.466667175, 120.000724792, 120.53478241, 121.092063904, 121.626121521, 122.171791077, 122.717460632, 123.263130188, 123.808792114, 124.35446167, 124.900131226, 125.445800781, 125.991470337, 126.537139893, 127.082809448, 127.628479004, 128.17414856, 128.719818115, 129.265487671, 129.811157227, 130.356826782, 130.902496338, 131.448165894, 131.993835449, 132.539505005, 133.073562622, 133.619232178, 134.164901733, 134.722167969, 135.267837524, 135.81350708, 136.359176636, 136.904846191, 137.450515747, 137.996185303, 138.541854858, 139.087524414, 139.63319397, 140.178863525, 140.724533081, 141.270202637, 141.815872192, 142.361541748, 142.895599365, 143.452880859, 143.986938477, 144.532608032, 145.078277588, 145.623947144, 146.169616699, 146.726898193, 147.260955811, 147.806625366, 148.363891602, 148.909561157, 149.443618774, 149.98928833, 150.534957886, 151.080627441, 151.626296997, 152.183578491, 152.729248047, 153.274917603, 153.80897522, 154.354644775, 154.900314331, 155.445983887, 155.991653442, 156.537322998, 157.082992554, 157.628662109, 158.174331665, 158.720001221, 159.265670776, 159.799728394, 160.345397949, 160.902679443, 161.448348999, 161.994003296, 162.539672852, 163.085342407, 163.631011963, 164.16506958, 164.710739136, 165.256408691, 165.813690186, 166.347747803, 166.893417358, 167.439086914, 167.98475647, 168.530426025, 169.08770752, 169.621765137, 170.179046631, 170.713104248, 171.270385742, 171.804443359, 172.350112915, 172.895782471, 173.441452026, 173.987121582, 174.532791138, 175.078460693, 175.635726929, 176.181396484, 176.72706604, 177.272735596, 177.818405151, 178.364074707, 178.909744263, 179.455413818, 180.001083374, 180.535140991, 181.080810547, 181.626480103, 182.172149658, 182.717819214, 183.26348877, 183.809158325, 184.354827881, 184.900497437, 185.446166992, 185.991836548, 186.525894165, 187.083175659, 187.628845215, 188.174514771, 188.720184326, 189.265853882, 189.811508179, 190.357177734, 190.90284729, 191.448516846, 191.994186401, 192.539855957, 193.085525513, 193.631195068, 194.176864624, 194.72253418, 195.268203735, 195.813873291, 196.347930908, 196.905212402, 197.43927002, 197.984939575, 198.530609131, 199.076278687, 199.621948242, 200.179229736, 200.724899292, 201.270568848, 201.816238403, 202.361907959, 202.895965576, 203.453231812, 203.998901367, 204.544570923, 205.090240479, 205.635910034, 206.18157959, 206.727249146, 207.261306763, 207.818588257, 208.352645874, 208.886703491, 209.443984985, 209.989654541, 210.535324097, 211.080993652, 211.626663208, 212.172332764, 212.718002319, 213.263671875, 213.809341431, 214.366622925, 214.900680542, 215.446350098, 215.992019653, 216.537689209, 217.083358765, 217.62902832, 218.174682617, 218.720352173, 219.266021729, 219.811691284, 220.35736084, 220.914642334, 221.448699951, 221.994369507, 222.540039062, 223.085708618, 223.631378174, 224.177047729, 224.722717285, 225.268386841, 225.814056396, 226.359725952, 226.905395508, 227.451065063, 227.996734619, 228.542404175, 229.08807373, 229.633743286, 230.179412842, 230.725082397, 231.270736694, 231.81640625, 232.362075806, 232.907745361, 233.453414917, 233.999084473, 234.544754028, 235.078811646, 235.624481201, 236.170150757, 236.715820312, 237.261489868, 237.807159424, 238.352828979, 238.898498535, 239.444168091, 239.989837646, 240.535507202, 241.069564819, 241.615234375, 242.160903931, 242.706573486, 243.252243042, 243.797912598], "beats_loudness": {"dmean2": 0.0229355655611, "median": 0.0421203188598, "min": 0, "dvar2": 0.000438633200247, "dvar": 0.000159150353284, "dmean": 0.0139215141535, "max": 0.105988763273, "var": 0.000443559169071, "mean": 0.0409990176558}, "danceability": 1.13792538643, "bpm_histogram_second_peak_weight": {"dmean2": 0, "median": 0, "min": 0, "dvar2": 0, "dvar": 0, "dmean": 0, "max": 0, "var": 0, "mean": 0}, "beats_count": 447, "bpm_histogram_second_peak_bpm": {"dmean2": 0, "median": 0, "min": 0, "dvar2": 0, "dvar": 0, "dmean": 0, "max": 0, "var": 0, "mean": 0}, "bpm_histogram_first_peak_spread": {"dmean2": 0, "median": 0.159192800522, "min": 0.159192800522, "dvar2": 0, "dvar": 0, "dmean": 0, "max": 0.159192800522, "var": 0, "mean": 0.159192800522}, "beats_loudness_band_ratio": {"dmean2": [0.338907718658, 0.379666626453, 0.138367339969, 0.149114876986, 0.123088188469, 0.115014672279], "median": [0.471864283085, 0.124891348183, 0.0996025949717, 0.0812963992357, 0.0778248980641, 0.0857260450721], "min": [0, 0, 0, 0, 0, 0], "dvar2": [0.0634886994958, 0.0789130926132, 0.0188172645867, 0.0245644319803, 0.016601908952, 0.0136823561043], "dvar": [0.0217500776052, 0.0221566241235, 0.00707230111584, 0.00898388680071, 0.00565696880221, 0.00428009498864], "dmean": [0.204991906881, 0.199908748269, 0.0813171118498, 0.0869844406843, 0.0705147609115, 0.0624683462083], "max": [0.931650161743, 0.630982637405, 0.632075369358, 0.705997169018, 0.566411972046, 0.500457584858], "var": [0.0404735542834, 0.0260421838611, 0.00916342064738, 0.0114978216588, 0.00579709745944, 0.00449026795104], "mean": [0.467668324709, 0.194326281548, 0.120611414313, 0.11818960309, 0.0970504879951, 0.100000947714]}}, "lowlevel": {"barkbands_spread": {"dmean2": 11.1221284866, "median": 31.9905204773, "min": 0.0522428266704, "dvar2": 126.363998413, "dvar": 53.1593360901, "dmean": 6.96264648438, "max": 110.584976196, "var": 177.85824585, "mean": 32.7288322449}, "melbands_spread": {"dmean2": 15.4351387024, "median": 33.0239944458, "min": 0.0596140623093, "dvar2": 242.419937134, "dvar": 105.692527771, "dmean": 9.76372432709, "max": 186.296646118, "var": 396.033447266, "mean": 35.3544082642}, "hfc": {"dmean2": 11.1324806213, "median": 25.5678310394, "min": 1.06604019791e-16, "dvar2": 182.442443848, "dvar": 75.6290740967, "dmean": 7.17003440857, "max": 98.3646240234, "var": 333.93548584, "mean": 28.3643512726}, "barkbands_kurtosis": {"dmean2": 4.39779520035, "median": -0.112801551819, "min": -1.89832007885, "dvar2": 1988.15490723, "dvar": 744.244018555, "dmean": 2.67466688156, "max": 1414.37805176, "var": 628.979492188, "mean": 2.09593129158}, "gfcc": {"mean": [15.1364650726, 81.7101898193, -129.031860352, 50.5373840332, -56.4344100952, 18.6167621613, -25.3670768738, 5.55792760849, -20.770658493, -0.809285461903, -13.2418279648, -6.99950551987, -6.19650745392], "icov": [[0.000211199629121, -0.000451037485618, 0.000413671892602, -0.000519607565366, 0.000467322795885, -0.000671264017001, 0.000557134684641, -0.000497388711665, 0.000734320376068, -0.000948698900174, 0.000894930562936, -0.000736414745916, 0.000650580681395], [-0.000451037485618, 0.00327516184188, -0.000810954312328, 0.000913443800528, -0.00200372096151, 0.00269440002739, -0.00228531518951, 0.00134524074383, -0.00212262501009, 0.00359112839215, -0.00373271969147, 0.00388486217707, -0.0025092700962], [0.000413671892602, -0.000810954312328, 0.00274328817613, -0.00127522519324, -0.000288506242214, -0.00226866360754, 0.00205079303123, -0.00190320576075, 0.00143147958443, -0.00171502772719, 0.0021449199412, -0.00321320979856, 0.00293168541975], [-0.000519607565366, 0.000913443800528, -0.00127522519324, 0.00497065670788, -0.00179830053821, 0.00115346547682, -0.000709645100869, 0.00059674034128, -0.00346228526905, 0.0039790244773, -0.00277838902548, 0.00134733389132, -0.00190459436271], [0.000467322795885, -0.00200372096151, -0.000288506242214, -0.00179830053821, 0.00702872872353, -0.00122260896023, -0.00185022188816, -0.00100664712954, 0.00254879635759, -0.00468973862007, 0.00411055237055, -0.00137580942828, 0.000645994325168], [-0.000671264017001, 0.00269440002739, -0.00226866360754, 0.00115346547682, -0.00122260896023, 0.00703486474231, -0.00393711635843, 0.00114719523117, -0.00195901840925, 0.00212606554851, -0.00400913041085, 0.0055315294303, -0.00295361503959], [0.000557134684641, -0.00228531518951, 0.00205079303123, -0.000709645100869, -0.00185022188816, -0.00393711635843, 0.0113216852769, -0.00285134161822, 0.000386399013223, -8.39473796077e-05, -0.000210484417039, -0.00217124540359, 0.00232363585383], [-0.000497388711665, 0.00134524074383, -0.00190320576075, 0.00059674034128, -0.00100664712954, 0.00114719523117, -0.00285134161822, 0.0100067090243, -0.00278125260957, -0.000162753422046, 0.000131726381369, 0.000894677825272, -0.00331940385513], [0.000734320376068, -0.00212262501009, 0.00143147958443, -0.00346228526905, 0.00254879635759, -0.00195901840925, 0.000386399013223, -0.00278125260957, 0.0114106982946, -0.00367655302398, 0.00195570802316, -0.00322182662785, 0.0016983874375], [-0.000948698900174, 0.00359112839215, -0.00171502772719, 0.0039790244773, -0.00468973862007, 0.00212606554851, -8.39473796077e-05, -0.000162753422046, -0.00367655302398, 0.0158678572625, -0.00933818332851, 0.00397464632988, -0.00262660323642], [0.000894930562936, -0.00373271969147, 0.0021449199412, -0.00277838902548, 0.00411055237055, -0.00400913041085, -0.000210484417039, 0.000131726381369, 0.00195570802316, -0.00933818332851, 0.016956185922, -0.00730989221483, 0.00138640368823], [-0.000736414745916, 0.00388486217707, -0.00321320979856, 0.00134733389132, -0.00137580942828, 0.0055315294303, -0.00217124540359, 0.000894677825272, -0.00322182662785, 0.00397464632988, -0.00730989221483, 0.0176080632955, -0.00616496568546], [0.000650580681395, -0.0025092700962, 0.00293168541975, -0.00190459436271, 0.000645994325168, -0.00295361503959, 0.00232363585383, -0.00331940385513, 0.0016983874375, -0.00262660323642, 0.00138640368823, -0.00616496568546, 0.0146659351885]], "cov": [[15175.5693359, -561.658508301, -342.731384277, 317.237457275, -489.6590271, 561.346252441, -529.608886719, 294.84664917, -437.05947876, 377.077270508, -307.984191895, 5.21594810486, -224.859161377], [-561.658508301, 1109.42529297, -385.721099854, 112.519302368, 138.738693237, -187.181655884, 219.279953003, -82.1066894531, 121.40763092, -145.267028809, 119.396492004, -101.464408875, 115.301010132], [-342.731384277, -385.721099854, 1024.82128906, 81.7603302002, 154.325668335, 202.909225464, -69.6280136108, 148.426574707, -33.4374732971, 84.0288467407, -76.7888641357, 91.0810928345, -101.873138428], [317.237457275, 112.519302368, 81.7603302002, 359.666656494, 56.0072822571, 24.4866580963, 37.0680427551, 38.4055099487, 83.0447387695, -41.4020614624, 22.584777832, 19.517824173, 29.8649215698], [-489.6590271, 138.738693237, 154.325668335, 56.0072822571, 287.132293701, 42.2111740112, 95.2282028198, 42.2219352722, 9.63639163971, 25.9538917542, -5.03949546814, -10.4956684113, 11.8017511368], [561.346252441, -187.181655884, 202.909225464, 24.4866580963, 42.2111740112, 339.388519287, 40.0539665222, 61.0431747437, -10.7990455627, 62.8171386719, 5.5399312973, -21.5046310425, -17.4095630646], [-529.608886719, 219.279953003, -69.6280136108, 37.0680427551, 95.2282028198, 40.0539665222, 195.112426758, 15.1609315872, 50.9118461609, -22.3445682526, 49.6584968567, -21.5818023682, 32.4697303772], [294.84664917, -82.1066894531, 148.426574707, 38.4055099487, 42.2219352722, 61.0431747437, 15.1609315872, 160.170715332, 19.3395900726, 40.9405212402, -12.789308548, 24.6311473846, 9.12951850891], [-437.05947876, 121.40763092, -33.4374732971, 83.0447387695, 9.63639163971, -10.7990455627, 50.9118461609, 19.3395900726, 154.599868774, -10.2248401642, 41.9756889343, 11.2775831223, 32.3783874512], [377.077270508, -145.267028809, 84.0288467407, -41.4020614624, 25.9538917542, 62.8171386719, -22.3445682526, 40.9405212402, -10.2248401642, 146.364196777, 28.9818286896, 18.4413166046, -7.03176164627], [-307.984191895, 119.396492004, -76.7888641357, 22.584777832, -5.03949546814, 5.5399312973, 49.6584968567, -12.789308548, 41.9756889343, 28.9818286896, 134.952453613, 20.5484333038, 39.1583633423], [5.21594810486, -101.464408875, 91.0810928345, 19.517824173, -10.4956684113, -21.5046310425, -21.5818023682, 24.6311473846, 11.2775831223, 18.4413166046, 20.5484333038, 109.219909668, 17.8279151917], [-224.859161377, 115.301010132, -101.873138428, 29.8649215698, 11.8017511368, -17.4095630646, 32.4697303772, 9.12951850891, 32.3783874512, -7.03176164627, 39.1583633423, 17.8279151917, 113.809394836]]}, "spectral_energyband_middle_low": {"dmean2": 0.00846556667238, "median": 0.00759761733934, "min": 1.9520336594e-22, "dvar2": 0.000217579683522, "dvar": 8.22797082947e-05, "dmean": 0.0050320266746, "max": 0.0817561149597, "var": 8.72732052812e-05, "mean": 0.00970376655459}, "melbands_crest": {"dmean2": 5.86404323578, "median": 13.0282936096, "min": 1.66960084438, "dvar2": 26.6646785736, "dvar": 10.079246521, "dmean": 3.53347945213, "max": 37.6052246094, "var": 27.1952552795, "mean": 13.7241487503}, "spectral_kurtosis": {"dmean2": 1.79921627045, "median": 2.29700350761, "min": -1.38156545162, "dvar2": 5.88323402405, "dvar": 2.23247504234, "dmean": 1.05444777012, "max": 62.8941345215, "var": 3.55170845985, "mean": 2.51193213463}, "spectral_rms": {"dmean2": 0.00116973614786, "median": 0.00517588993534, "min": 3.15586662705e-12, "dvar2": 1.48748188167e-06, "dvar": 6.27628082839e-07, "dmean": 0.000748884631321, "max": 0.0102866403759, "var": 2.77892740996e-06, "mean": 0.00502700731158}, "zerocrossingrate": {"dmean2": 0.0130424741656, "median": 0.07373046875, "min": 0.001953125, "dvar2": 0.000193669984583, "dvar": 0.00014306155208, "dmean": 0.0108035299927, "max": 0.51806640625, "var": 0.00176119070966, "mean": 0.0771445855498}, "silence_rate_60dB": {"dmean2": 0.0190077926964, "median": 0, "min": 0, "dvar2": 0.0226424541324, "dvar": 0.00941387470812, "dmean": 0.0095029938966, "max": 1, "var": 0.0486710816622, "mean": 0.051311288029}, "erbbands_kurtosis": {"dmean2": 1.5586707592, "median": -0.349779009819, "min": -1.96190297604, "dvar2": 130.629852295, "dvar": 67.3335266113, "dmean": 0.978760063648, "max": 400.201965332, "var": 113.423591614, "mean": 0.380501389503}, "erbbands": {"dmean2": [0.187472328544, 1.53408539295, 4.38844108582, 6.9150724411, 15.9603595734, 12.9876260757, 9.48760604858, 10.4632854462, 13.6461896896, 17.6714496613, 16.3102378845, 26.3113574982, 37.5449562073, 26.0218791962, 28.771856308, 39.2426109314, 33.0390129089, 48.4100265503, 44.1994132996, 39.5351982117, 36.0451622009, 15.7998847961, 13.3609933853, 20.3001537323, 22.4937877655, 31.3612957001, 19.8050956726, 14.0198898315, 10.2381782532, 7.67811250687, 5.98187875748, 2.91679644585, 1.63838040829, 0.874814212322, 0.243676736951, 0.0594800300896, 0.03311079368, 0.00626750756055, 0.000439719529822, 2.88696537609e-05], "median": [0.0910810157657, 0.951097846031, 2.46596050262, 4.41520309448, 5.01363372803, 3.78298139572, 3.84957933426, 4.52704286575, 4.96205615997, 5.10891628265, 6.08149623871, 13.1853027344, 14.5021972656, 10.937128067, 11.729640007, 14.320400238, 11.3222332001, 14.453327179, 15.3091163635, 16.0982170105, 18.8185844421, 13.8299407959, 12.7617168427, 16.8129081726, 22.0937919617, 29.0801467896, 19.6731967926, 10.8869056702, 6.2614030838, 5.97041893005, 3.85808539391, 2.87549304962, 1.80414378643, 0.717624127865, 0.179544150829, 0.0398681685328, 0.0161470398307, 0.0025255009532, 0.000210915182834, 4.78805050079e-05], "min": [7.42927743521e-23, 3.27859705131e-22, 1.9838365931e-21, 9.04656174338e-21, 1.58597875317e-20, 2.02722629559e-20, 4.88980355098e-20, 7.52319797765e-20, 1.70069393766e-19, 1.35792786941e-19, 4.49863830498e-19, 4.05722939772e-19, 6.10241071479e-19, 1.01710882922e-18, 8.78935028734e-19, 1.13583861203e-18, 1.47072309661e-18, 1.84246457794e-18, 1.88745348389e-18, 3.53376065817e-18, 3.88930480573e-18, 4.11591961994e-18, 4.89057178205e-18, 4.81450053061e-18, 8.55862769421e-18, 8.77474848157e-18, 1.04949425301e-17, 1.03377550526e-17, 1.08291772643e-17, 1.25513656453e-17, 9.44726865346e-18, 1.10572532931e-17, 1.08246037827e-17, 8.65860405177e-18, 6.07319355818e-18, 4.33685914796e-18, 2.46306014123e-18, 1.02508419449e-18, 2.35833018349e-19, 2.59972155183e-20], "dvar2": [0.077134847641, 5.65693664551, 62.109046936, 121.656478882, 1414.96276855, 1054.14404297, 337.907440186, 328.160461426, 603.664245605, 1368.78613281, 1126.04321289, 3536.17138672, 6569.64746094, 3265.0234375, 6204.70117188, 8981.75, 10185.5058594, 15131.4882812, 11836.8740234, 7306.14501953, 8267.49316406, 629.209777832, 484.420166016, 1165.83178711, 1172.08703613, 1935.61816406, 780.459106445, 474.269470215, 309.560791016, 118.993629456, 93.2793045044, 22.9597587585, 11.4723596573, 6.05644273758, 0.818673729897, 0.0381767749786, 0.0096340039745, 0.000139862138894, 5.80155756325e-07, 1.80517534254e-09], "dvar": [0.0277339033782, 2.13859534264, 22.9863471985, 44.1640586853, 520.339294434, 379.538116455, 131.63671875, 139.98387146, 245.647445679, 542.044677734, 546.793945312, 1480.49804688, 3005.37402344, 1439.20532227, 2581.16455078, 3869.38476562, 4331.09472656, 6267.12744141, 5110.37548828, 3059.22827148, 3261.75683594, 261.11328125, 196.546066284, 472.532012939, 477.927307129, 743.715087891, 301.629974365, 180.122756958, 116.140930176, 50.3053474426, 37.1374397278, 10.4945793152, 5.34814167023, 2.78892636299, 0.37313196063, 0.0179310608655, 0.00390411703847, 5.86759997532e-05, 2.4320962666e-07, 7.33732852254e-10], "dmean": [0.112843096256, 0.914597392082, 2.59911346436, 4.02345514297, 8.98449230194, 7.32133769989, 5.61431121826, 6.46765995026, 8.30244350433, 10.644238472, 10.4881296158, 16.7737522125, 24.7696762085, 16.8087921143, 18.604183197, 25.6650161743, 21.4076080322, 30.9695072174, 28.7707424164, 24.9953613281, 22.2361679077, 9.74584197998, 8.29729175568, 12.4165468216, 14.0523452759, 19.0090332031, 12.0413389206, 8.32484531403, 5.96406126022, 4.64328050613, 3.61183977127, 1.8383089304, 1.05419075489, 0.558222591877, 0.155003353953, 0.0391833670437, 0.0214677266777, 0.00393977807835, 0.000274251186056, 1.8226883185e-05], "max": [1.67504870892, 16.6620311737, 46.2063827515, 74.2781066895, 213.202865601, 197.444992065, 268.01675415, 204.179916382, 261.156677246, 528.508361816, 787.896850586, 986.198913574, 1077.00341797, 812.852416992, 1178.52490234, 2271.12768555, 2243.71020508, 1707.62390137, 1453.33972168, 1364.52502441, 1396.1619873, 386.252563477, 352.526519775, 667.304199219, 518.820678711, 499.628601074, 270.853515625, 322.313140869, 168.648880005, 177.269577026, 82.6276168823, 84.5519866943, 67.9994049072, 54.3693580627, 21.5012378693, 5.23016023636, 2.87787914276, 0.240262672305, 0.00733457645401, 0.000572373275645], "var": [0.0421444550157, 2.46062779427, 22.8174667358, 46.2429618835, 372.161071777, 262.558898926, 222.490737915, 288.034301758, 412.948547363, 784.803710938, 1238.81933594, 2858.98754883, 8066.96533203, 3077.62182617, 4309.45703125, 9885.140625, 8369.80078125, 15627.6259766, 11541.2519531, 8173.51708984, 5331.61962891, 759.967956543, 486.055786133, 1158.73950195, 1391.40893555, 1877.57373047, 658.129821777, 356.645233154, 157.584777832, 102.973457336, 49.3910903931, 23.6240768433, 12.4192285538, 5.35537195206, 0.672308444977, 0.0364467948675, 0.00628082314506, 0.000122726007248, 5.0674054819e-07, 1.58461355149e-09], "mean": [0.171831145883, 1.36402821541, 3.76482582092, 6.09747266769, 9.67690658569, 7.86334085464, 8.39056301117, 10.7124214172, 12.3460149765, 14.8480806351, 16.5345096588, 28.3412532806, 44.6601142883, 28.6602020264, 30.7821350098, 45.3622016907, 35.2752380371, 56.8718566895, 49.6255874634, 45.7860488892, 38.6734466553, 22.0125255585, 18.9608631134, 25.7646160126, 33.6202201843, 41.8904533386, 26.1916007996, 16.5606212616, 10.5692129135, 8.86630153656, 5.96524143219, 3.91051673889, 2.4943459034, 1.15108978748, 0.321428835392, 0.0865460708737, 0.0431227646768, 0.00738294189796, 0.000512265309226, 5.42657653568e-05]}, "spectral_strongpeak": {"dmean2": 1.26443874836, "median": 0.349864184856, "min": 0, "dvar2": 4.48732566833, "dvar": 1.75795316696, "dmean": 0.726835012436, "max": 18.3041973114, "var": 2.57382535934, "mean": 1.00577807426}, "spectral_energy": {"dmean2": 0.0138597572222, "median": 0.0274595823139, "min": 1.0208480701e-20, "dvar2": 0.000279469706584, "dvar": 0.000114147158456, "dmean": 0.00872706715018, "max": 0.108460344374, "var": 0.000271076482022, "mean": 0.0287508927286}, "average_loudness": 0.94015622139, "spectral_rolloff": {"dmean2": 1127.40820312, "median": 1830.32226562, "min": 64.599609375, "dvar2": 1938170, "dvar": 847535, "dmean": 665.715698242, "max": 19444.4824219, "var": 3301698.75, "mean": 2135.55102539}, "spectral_centroid": {"dmean2": 516.035217285, "median": 2007.06506348, "min": 48.8870048523, "dvar2": 291689.09375, "dvar": 120359.4375, "dmean": 322.782012939, "max": 11688.7753906, "var": 766457.5625, "mean": 2014.1282959}, "pitch_salience": {"dmean2": 0.127669408917, "median": 0.537752389908, "min": 0.0167040955275, "dvar2": 0.012819361873, "dvar": 0.00504724495113, "dmean": 0.0784282013774, "max": 0.87175399065, "var": 0.0131067736074, "mean": 0.535584330559}, "spectral_energyband_middle_high": {"dmean2": 0.00348292221315, "median": 0.00533085688949, "min": 1.13621213901e-21, "dvar2": 2.28513654292e-05, "dvar": 1.02374906419e-05, "dmean": 0.0023316743318, "max": 0.0529533810914, "var": 5.12302249263e-05, "mean": 0.00791045557708}, "spectral_contrast_coeffs": {"dmean2": [0.0965144559741, 0.0858912020922, 0.068699426949, 0.0541641190648, 0.0355181619525, 0.0315377227962], "median": [-0.667998015881, -0.737511336803, -0.756937742233, -0.773736953735, -0.788796782494, -0.730136930943], "min": [-0.9735429883, -0.974673390388, -0.972071647644, -0.969653367996, -0.967240333557, -0.966395199299], "dvar2": [0.00701332930475, 0.00474100653082, 0.00304448488168, 0.0019114848692, 0.000854244397487, 0.000787498429418], "dvar": [0.00271554058418, 0.00186896545347, 0.00123470230028, 0.000808015989605, 0.00035687579657, 0.000339001737302], "dmean": [0.0584248267114, 0.0529796220362, 0.0427935607731, 0.034108877182, 0.0222834087908, 0.019645055756], "max": [-0.339799910784, -0.427083551884, -0.439555466175, -0.51109868288, -0.579963743687, -0.569255709648], "var": [0.00647974107414, 0.00565206026658, 0.00565263302997, 0.00442705489695, 0.0020200368017, 0.00240502739325], "mean": [-0.661760866642, -0.733423948288, -0.747451424599, -0.762063503265, -0.783987998962, -0.728457510471]}, "melbands_skewness": {"dmean2": 1.19072651863, "median": 2.1569275856, "min": -0.997225940228, "dvar2": 3.09077191353, "dvar": 1.11426997185, "dmean": 0.765185117722, "max": 35.3385696411, "var": 3.00540924072, "mean": 2.46196126938}, "spectral_spread": {"dmean2": 671776, "median": 4455793, "min": 930206.4375, "dvar2": 976769449984, "dvar": 502616227840, "dmean": 455522.9375, "max": 43026340, "var": 7852409225220.0, "mean": 4685604}, "dissonance": {"dmean2": 0.02397512272, "median": 0.479123771191, "min": 0.315093368292, "dvar2": 0.000521929236129, "dvar": 0.000192826846614, "dmean": 0.0142267998308, "max": 0.5, "var": 0.000386035244446, "mean": 0.474365741014}, "spectral_skewness": {"dmean2": 0.278751581907, "median": 1.03815078735, "min": -1.23303282261, "dvar2": 0.0875298157334, "dvar": 0.0376162007451, "dmean": 0.169093176723, "max": 6.36415433884, "var": 0.119204886258, "mean": 1.03645837307}, "spectral_flux": {"dmean2": 0.0405935049057, "median": 0.09024938941, "min": 6.39592684371e-11, "dvar2": 0.00143340113573, "dvar": 0.000721085874829, "dmean": 0.0273065157235, "max": 0.300246596336, "var": 0.00209641642869, "mean": 0.095815859735}, "spectral_contrast_valleys": {"dmean2": [0.638994514942, 0.75799369812, 0.539276123047, 0.473389029503, 0.364996701479, 0.435674071312], "median": [-6.77542734146, -6.84328794479, -7.07296085358, -7.35171222687, -6.82767963409, -9.39127063751], "min": [-28.1457271576, -27.796257019, -27.7479801178, -27.6357536316, -27.3917007446, -27.3982906342], "dvar2": [0.284502416849, 0.514834821224, 0.253250598907, 0.213976427913, 0.178428411484, 0.32093629241], "dvar": [0.124172098935, 0.21672360599, 0.119395777583, 0.106737606227, 0.0933423563838, 0.164567321539], "dmean": [0.389459758997, 0.466438949108, 0.338098824024, 0.299907654524, 0.232959613204, 0.291952133179], "max": [-5.51982593536, -4.77951526642, -5.40945482254, -5.87465572357, -5.54257154465, -7.6713385582], "var": [3.34041881561, 2.89410257339, 2.69520688057, 2.7149784565, 2.83011627197, 3.10777950287], "mean": [-7.20006656647, -7.03362703323, -7.29543924332, -7.57955121994, -7.10717773438, -9.91108417511]}, "erbbands_flatness_db": {"dmean2": 0.0232785064727, "median": 0.143976390362, "min": 0.0451515726745, "dvar2": 0.000509359582793, "dvar": 0.000242595488089, "dmean": 0.0156639553607, "max": 0.440132707357, "var": 0.00184135313611, "mean": 0.149724081159}, "spectral_energyband_high": {"dmean2": 0.00110135611612, "median": 0.00144103867933, "min": 6.92060901831e-21, "dvar2": 2.33917808146e-06, "dvar": 9.08443439585e-07, "dmean": 0.000665217579808, "max": 0.012759459205, "var": 1.95702932615e-06, "mean": 0.00169165444095}, "spectral_entropy": {"dmean2": 0.207103729248, "median": 7.84924030304, "min": 3.71702432632, "dvar2": 0.0525100901723, "dvar": 0.0251291915774, "dmean": 0.134660020471, "max": 9.81664848328, "var": 0.129898279905, "mean": 7.8067317009}, "silence_rate_20dB": {"dmean2": 0, "median": 1, "min": 1, "dvar2": 0, "dvar": 0, "dmean": 0, "max": 1, "var": 0, "mean": 1}, "melbands_flatness_db": {"dmean2": 0.0426524467766, "median": 0.155323296785, "min": 0.00309887179174, "dvar2": 0.00181207654532, "dvar": 0.000826760428026, "dmean": 0.0269218981266, "max": 0.918112754822, "var": 0.00405447511002, "mean": 0.163686364889}, "barkbands": {"dmean2": [0.00028171602753, 0.00641719391569, 0.00431082816795, 0.00272538792342, 0.00454360665753, 0.00124898925424, 0.00106371112633, 0.000737632915843, 0.00114937464241, 0.00115507282317, 0.00074588652933, 0.000859329884406, 0.000758636044338, 0.00102433608845, 0.000953244685661, 0.000695715192705, 0.000344676576788, 0.000267964816885, 0.00044967388385, 0.000605276727583, 0.000431764725363, 0.000266593880951, 0.000222786708036, 0.000103615908301, 5.41699373571e-05, 1.4851699234e-05, 2.96453504234e-06], "median": [8.59211868374e-05, 0.00424885284156, 0.0020664059557, 0.00128228159156, 0.00139868422411, 0.000598206475843, 0.000337660196237, 0.000166229554452, 0.0005498661194, 0.000327029294567, 0.000197332235985, 0.000267889758106, 0.000187255762285, 0.000246512499871, 0.000265019159997, 0.000297963037156, 0.000240704976022, 0.000233334154473, 0.000364496663678, 0.000583207467571, 0.000361859565601, 0.000169554492459, 0.000159131130204, 0.000118760835903, 4.31254775322e-05, 8.30680255604e-06, 1.15625107355e-06], "min": [1.30134449091e-24, 1.72507787209e-24, 1.93378680179e-24, 1.35321002466e-24, 6.9302392934e-24, 1.41104480973e-23, 1.23202663235e-23, 1.24755480707e-23, 1.83854967574e-23, 1.98351643548e-23, 1.37850319298e-23, 2.24221642737e-23, 2.59955322027e-23, 4.02214995132e-23, 4.00670784133e-23, 4.41684956327e-23, 4.7385959498e-23, 1.17457299332e-22, 1.2639702452e-22, 1.84363924853e-22, 2.80933891355e-22, 3.37335376107e-22, 3.12162155667e-22, 5.83020109695e-22, 7.90892909939e-22, 1.27044854766e-21, 1.99732189891e-21], "dvar2": [1.96278492126e-07, 8.7207670731e-05, 5.97270081926e-05, 2.03962172236e-05, 0.000127133142087, 4.3418617679e-06, 3.76887851417e-06, 2.1444518552e-06, 5.26465146322e-06, 5.90721583649e-06, 4.19538218921e-06, 4.59590637547e-06, 5.12641099704e-06, 5.70460360905e-06, 4.58454269392e-06, 2.57673332271e-06, 3.6299550743e-07, 2.05770817274e-07, 5.12991846335e-07, 6.66722883125e-07, 4.22362433028e-07, 1.76773752969e-07, 1.09157220152e-07, 3.85777845224e-08, 2.47723779268e-08, 1.72550163047e-09, 2.63896196562e-11], "dvar": [1.02725174145e-07, 3.22166088154e-05, 2.15504642256e-05, 7.23236689737e-06, 4.71617677249e-05, 1.84234363587e-06, 1.50534117438e-06, 9.85527208286e-07, 2.20730680667e-06, 2.60625574811e-06, 1.77742833785e-06, 1.94340145754e-06, 2.20465381062e-06, 2.38635198002e-06, 1.94196809389e-06, 1.02801391222e-06, 1.51205128418e-07, 8.02498760777e-08, 2.12937351307e-07, 2.54026701896e-07, 1.64821926774e-07, 6.87824623924e-08, 4.43751737578e-08, 1.81696755419e-08, 1.185939702e-08, 7.58716311999e-10, 1.10132493403e-11], "dmean": [0.000196971261175, 0.0038307539653, 0.00251613627188, 0.00153831846546, 0.00260197394527, 0.000774868065491, 0.000639663543552, 0.000467139820103, 0.00072574254591, 0.000754219421651, 0.000477832480101, 0.00055735517526, 0.000486626842758, 0.000650315952953, 0.000607197755016, 0.000431600201409, 0.000210656624404, 0.000164231372764, 0.000277756771538, 0.000366297608707, 0.000259317166638, 0.000156253765454, 0.000135310285259, 6.69932487654e-05, 3.47111599694e-05, 9.74773865892e-06, 1.82266637694e-06], "max": [0.0038346296642, 0.0628899931908, 0.0477611795068