{"tonal": {"thpcp": [1, 0.451034039259, 0.198616921902, 0.213892549276, 0.289632260799, 0.719917237759, 0.867168545723, 0.452768057585, 0.230921879411, 0.205091893673, 0.284817218781, 0.71439242363, 0.820691227913, 0.449252545834, 0.382607877254, 0.428495854139, 0.404007166624, 0.498679816723, 0.507256984711, 0.443561762571, 0.793590843678, 0.956442713737, 0.632806956768, 0.390117645264, 0.24801543355, 0.251907169819, 0.507141411304, 0.52450799942, 0.246991932392, 0.134264737368, 0.138556197286, 0.249736577272, 0.650752067566, 0.750286400318, 0.49259853363, 0.861824035645], "hpcp": {"dmean2": [0.170312315226, 0.115762881935, 0.122165851295, 0.141568958759, 0.217164501548, 0.224306195974, 0.177405387163, 0.13409166038, 0.119520671666, 0.140716031194, 0.211320847273, 0.224804371595, 0.185900598764, 0.167624056339, 0.166976690292, 0.186990916729, 0.208322450519, 0.210549727082, 0.203256249428, 0.25994426012, 0.262668639421, 0.240351602435, 0.202829405665, 0.140088140965, 0.1223128438, 0.163062810898, 0.159877881408, 0.109020262957, 0.076607696712, 0.0811778977513, 0.122946426272, 0.203797847033, 0.232217654586, 0.213486999273, 0.244703024626, 0.221207484603], "median": [0.028516061604, 0.00821758341044, 0.00718683982268, 0.0187274925411, 0.0492378100753, 0.0589175671339, 0.0316241756082, 0.00530083291233, 0.00335903232917, 0.0165776051581, 0.0652228817344, 0.0766085013747, 0.0400173924863, 0.00863631255925, 0.00832449644804, 0.016853293404, 0.0247964560986, 0.0262230653316, 0.0381863825023, 0.0896411985159, 0.105263851583, 0.055687725544, 0.0130708515644, 0.00753599219024, 0.0149877145886, 0.0379707366228, 0.0398600958288, 0.0181611869484, 0.0051997974515, 0.0041842982173, 0.0169779602438, 0.0505990199745, 0.0619142875075, 0.0627922713757, 0.0604903697968, 0.0605569072068], "min": [7.14531051926e-06, 6.45134468868e-06, 6.08975551586e-06, 2.65973831119e-05, 1.34086249091e-05, 1.31036495077e-05, 6.23467940386e-06, 3.09638289764e-06, 1.86963052329e-06, 2.14496594708e-06, 1.19950914268e-06, 8.76546164363e-06, 2.03936178877e-05, 7.8871507867e-06, 1.03432171272e-06, 1.53935695835e-06, 1.64903030964e-05, 3.49968445335e-06, 2.70785731118e-05, 2.82216478809e-06, 4.17037881562e-06, 1.18094321806e-05, 9.6522126114e-07, 6.41116400857e-07, 1.65584733622e-05, 6.33213494439e-06, 9.42443966778e-06, 8.98464713828e-06, 6.41170208837e-06, 2.94297365144e-06, 1.20422419059e-05, 2.24393261306e-05, 3.7375750253e-05, 7.13738118066e-05, 1.89399434021e-05, 5.20076719113e-06], "dvar2": [0.0854786336422, 0.0590241439641, 0.0731989741325, 0.074984639883, 0.104119092226, 0.109014108777, 0.0822253376245, 0.07617469877, 0.0784467756748, 0.0727781131864, 0.0927069783211, 0.0975906103849, 0.0895983055234, 0.0924128517509, 0.0905826315284, 0.100760452449, 0.112593077123, 0.110206417739, 0.101806163788, 0.113077118993, 0.116669692099, 0.113017745316, 0.124200798571, 0.076630525291, 0.0621900856495, 0.0741785541177, 0.0720800086856, 0.0588941313326, 0.0448079667985, 0.0436108596623, 0.0609313063323, 0.0956375226378, 0.111198857427, 0.0942047834396, 0.11346399039, 0.118484981358], "dvar": [0.0300267729908, 0.021090792492, 0.0261268056929, 0.0269843209535, 0.0399658381939, 0.0432373173535, 0.0299050360918, 0.0274032056332, 0.0270328652114, 0.0253196749836, 0.03737270087, 0.038763884455, 0.0313878692687, 0.0344456583261, 0.0349025055766, 0.0365348085761, 0.0422357209027, 0.0421078838408, 0.0361203365028, 0.0428483895957, 0.0469618327916, 0.0418950617313, 0.045655656606, 0.0274760257453, 0.0226758755744, 0.0291627012193, 0.0284970104694, 0.0200439896435, 0.015292740427, 0.0152475461364, 0.0215117167681, 0.0362312272191, 0.0434773676097, 0.0332239121199, 0.0437066592276, 0.0467699840665], "dmean": [0.0988694727421, 0.0652367249131, 0.0679329037666, 0.0815298110247, 0.128723621368, 0.131695479155, 0.102774523199, 0.0750977247953, 0.0669207647443, 0.0792925432324, 0.127548336983, 0.135455861688, 0.10641117394, 0.0953878685832, 0.0970966294408, 0.107533767819, 0.120194584131, 0.11961299181, 0.11604642123, 0.153303354979, 0.155879467726, 0.139948368073, 0.113054461777, 0.0782052353024, 0.0699501931667, 0.0981606394053, 0.0952537059784, 0.0627847313881, 0.04215689376, 0.0448845028877, 0.0695483908057, 0.120565056801, 0.137193575501, 0.122851260006, 0.14178147912, 0.128814712167], "max": [1, 1, 1, 1, 1, 1, 1, 1, 1, 1, 1, 1, 1, 1, 1, 1, 1, 1, 1, 1, 1, 1, 1, 1, 1, 1, 1, 1, 1, 1, 1, 1, 1, 1, 1, 1], "var": [0.0367073751986, 0.0180083569139, 0.0230734180659, 0.0262242238969, 0.0802048891783, 0.111181497574, 0.038983669132, 0.0254257656634, 0.0235750377178, 0.0241891816258, 0.0759500786662, 0.0916662588716, 0.0397958271205, 0.0468227490783, 0.0575994327664, 0.0452089048922, 0.0578946061432, 0.0606244988739, 0.039707891643, 0.0749523714185, 0.105607829988, 0.0617188476026, 0.0494167283177, 0.0252300053835, 0.0221709366888, 0.0531232208014, 0.0566279068589, 0.0204267650843, 0.0126696405932, 0.0121869677678, 0.0196034740657, 0.0699197426438, 0.0872409418225, 0.0347644649446, 0.0983867570758, 0.138193383813], "mean": [0.123663246632, 0.054456230253, 0.0586444586515, 0.0794105604291, 0.197384893894, 0.237757831812, 0.12413867563, 0.0633135139942, 0.05623152107, 0.0780903846025, 0.195870116353, 0.225014820695, 0.123174801469, 0.104902356863, 0.117483794689, 0.110769547522, 0.136726632714, 0.13907828927, 0.121614515781, 0.217584505677, 0.262234777212, 0.173501238227, 0.106961362064, 0.0680001750588, 0.0690672025084, 0.139046609402, 0.14380812645, 0.0677195563912, 0.0368123278022, 0.0379889495671, 0.0684720724821, 0.178421378136, 0.205711424351, 0.135059282184, 0.236292496324, 0.274177193642]}, "tuning_equal_tempered_deviation": 0.425221443176, "chords_changes_rate": 0.0641672685742, "key_key": "G#", "tuning_diatonic_strength": 0.623866856098, "key_scale": "major", "chords_number_rate": 0.00396539270878, "tuning_frequency": 452.631469727, "tuning_nontempered_energy_ratio": 0.98829716444, "chords_histogram": [29.1997108459, 18.4210529327, 20.0072097778, 2.01874542236, 5.26315784454, 0, 0.0360490269959, 0, 1.26171588898, 0.144196107984, 1.08147084713, 0, 0, 0, 0, 0.504686355591, 1.7303532362, 0.79307860136, 0, 0.288392215967, 0.252343177795, 6.84931516647, 5.37130498886, 6.77721691132], "key_strength": 0.823768973351, "chords_key": "G#", "chords_strength": {"dmean2": 0.0112500851974, "median": 0.549446284771, "min": 0.25573977828, "dvar2": 0.000106769955892, "dvar": 9.59207463893e-05, "dmean": 0.0113644767553, "max": 0.87753367424, "var": 0.011216792278, "mean": 0.539180397987}, "chords_scale": "major", "hpcp_entropy": {"dmean2": 1.05298280716, "median": 1.90844488144, "min": 0.0333210714161, "dvar2": 0.754161596298, "dvar": 0.274437040091, "dmean": 0.618624746799, "max": 4.03187561035, "var": 0.542772471905, "mean": 1.85120248795}}, "metadata": {"audio_properties": {"equal_loudness": 0, "codec": "flac", "downmix": "mix", "sample_rate": 44100, "analysis_sample_rate": 44100, "bit_rate": 0, "md5_encoded": "d2a716d336e87de6a3e490c1df2fae81", "length": 128.773330688, "replay_gain": -2.32518386841, "lossless": true}, "version": {"essentia_build_sha": "70f2e5ece6736b2c40cc944ad0e695b16b925413", "essentia": "2.1-beta2", "extractor": "music 1.0", "essentia_git_sha": "v2.1_beta2"}, "tags": {"title": ["Magnificat, RV610a: Et exultavit"], "barcode": ["034571167695"], "media": ["CD"], "albumartist": ["Antonio Vivaldi; Susan Gritton, Lisa Milne, Catherine Denley, Lynton Atkinson, David Wilson-Johnson, The King's Consort, Robert King"], "tracktotal": ["27"], "albumartistsort": ["Vivaldi, Antonio; Gritton, Susan, Milne, Lisa, Denley, Catherine, Atkinson, Lynton, Wilson-Johnson, David, King's Consort, The, King, Robert"], "performer": ["The King's Consort (orchestra)", "Lynton Atkinson (tenor vocals)", "Choir of the King's Consort (choir vocals)", "Catherine Denley (contralto vocals)"], "releasetype": ["album"], "musicbrainz_recordingid": ["04dfbc4f-e069-4cf4-b348-4a5120753dac"], "composer": ["Antonio Vivaldi"], "musicbrainz_albumartistid": ["ad79836d-9849-44df-8789-180bbc823f3c", "0b17dc0c-ce33-45c7-81c1-f22addd79fbc", "ec480d7c-7ae4-49f4-8398-e204accc5f34", "38e6d53d-0d4d-4c4f-ac2d-2c5aa580d76c", "e089e3ed-16fe-4306-bac6-58536da26209", "0a2cfd83-e265-4602-9aeb-430b2462f225", "a5bc84d6-e1d2-4780-9d30-ad04a3e61c87", "2b9c6634-c608-47aa-970a-2f668128225a"], "producer": ["Ben Turner"], "composersort": ["Vivaldi, Antonio"], "catalognumber": ["CDA66769"], "releasecountry": ["GB"], "engineer": ["Philip Hobbs"], "work": ["Magnificat, RV 610a: 2. Et exultavit"], "date": ["1995-04"], "file_name": "02 - Antonio Vivaldi - Magnificat, RV610a: Et exultavit.flac", "musicbrainz_albumid": ["0251350f-461b-4a7a-bdf9-60bae256b6ab"], "musicbrainz_releasegroupid": ["f306d400-4650-33ce-9591-fbd796917736"], "releasestatus": ["official"], "musicbrainz_artistid": ["ad79836d-9849-44df-8789-180bbc823f3c"], "originaldate": ["1995"], "musicbrainz_workid": ["821aabb1-cf84-3183-9866-89037f262bc7"], "musicbrainz_releasetrackid": ["899f0797-124b-3d32-810b-e2a1e3a0134e"], "artist": ["Antonio Vivaldi"], "tracknumber": ["2"], "artistsort": ["Vivaldi, Antonio"], "album": ["Sacred Music 1"], "label": ["hyperion"], "conductor": ["Robert King"], "acoustid_id": ["5362dbea-1892-44b6-b319-f9a708560617"], "script": ["Latn"], "totaltracks": ["27"]}}, "rhythm": {"bpm_histogram_first_peak_bpm": {"dmean2": 0, "median": 110, "min": 110, "dvar2": 0, "dvar": 0, "dmean": 0, "max": 110, "var": 0, "mean": 110}, "bpm": 109.759384155, "bpm_histogram_second_peak_spread": {"dmean2": 0, "median": 0.518518507481, "min": 0.518518507481, "dvar2": 0, "dvar": 0, "dmean": 0, "max": 0.518518507481, "var": 0, "mean": 0.518518507481}, "bpm_histogram_first_peak_weight": {"dmean2": 0, "median": 0.25, "min": 0.25, "dvar2": 0, "dvar": 0, "dmean": 0, "max": 0.25, "var": 0, "mean": 0.25}, "onset_rate": 2.7253780365, "beats_position": [0.53405892849, 1.07972788811, 1.62539684772, 2.17106580734, 2.71673464775, 3.25079369545, 3.78485250473, 4.33052158356, 4.87619018555, 5.42185926437, 5.9675283432, 6.51319694519, 7.05886602402, 7.60453510284, 8.13859367371, 8.68426322937, 9.21832180023, 9.75238037109, 10.2864398956, 10.8204984665, 11.354557991, 11.8770065308, 12.3994560242, 12.9219045639, 13.4443531036, 13.966802597, 14.4892511368, 15.0000905991, 15.5225391388, 16.0449886322, 16.6254863739, 17.2175960541, 17.786485672, 18.3669834137, 18.9474830627, 19.5047607422, 20.062040329, 20.6193199158, 21.1765975952, 21.7222671509, 22.2679367065, 22.8019943237, 23.3360538483, 23.8701133728, 24.40417099, 24.9382305145, 25.4490699768, 25.9715194702, 26.4939670563, 27.0512466431, 27.6085262299, 28.1541938782, 28.7927436829, 29.4196815491, 29.988571167, 30.5574588776, 31.1263484955, 31.6952381134, 32.2757377625, 32.8562355042, 33.4367332458, 34.0172348022, 34.5629005432, 35.1201820374, 35.6890678406, 36.2579574585, 36.8268470764, 37.3841247559, 37.94140625, 38.4986839294, 39.0559616089, 39.613243103, 40.1589126587, 40.7045783997, 41.2502479553, 41.795917511, 42.3415870667, 42.8872566223, 43.4445343018, 43.9902038574, 44.5358734131, 45.0815429688, 45.6272087097, 46.1728782654, 46.718547821, 47.2642173767, 47.8563270569, 48.4368247986, 49.0289344788, 49.5629920959, 50.0970497131, 50.6194992065, 51.1535606384, 51.6760063171, 52.2216758728, 52.7673454285, 53.3130149841, 53.8819046021, 54.45079422, 55.0429000854, 55.6234016418, 56.2038993835, 56.7960090637, 57.3765068054, 57.9570045471, 58.5375061035, 59.1063919067, 59.6172332764, 60.1396827698, 60.6621322632, 61.1729698181, 61.683807373, 62.1946487427, 62.6938781738, 63.2047157288, 63.7155532837, 64.2960510254, 64.8765487671, 65.4338302612, 66.0027160645, 66.5716094971, 67.1521072388, 67.7326049805, 68.3131027222, 68.8703842163, 69.4276657104, 69.9849395752, 70.5422210693, 71.087890625, 71.6335601807, 72.1676177979, 72.7132873535, 73.2589569092, 73.8046264648, 74.3502960205, 74.8959655762, 75.4300231934, 75.975692749, 76.5213623047, 77.0670318604, 77.6010894775, 78.1351470947, 78.6692047119, 79.2264862061, 79.7721557617, 80.3178253174, 80.8750991821, 81.4323806763, 81.9780502319, 82.5237197876, 83.0693893433, 83.4757385254, 83.8820877075, 84.2884368896, 84.6947860718, 85.1011352539, 85.5190887451, 85.9370498657, 86.3550109863, 86.7729721069, 87.1909255981, 87.5972747803, 88.0268478394, 88.456413269, 88.8859863281, 89.3039474487, 89.7219009399, 90.1398620605, 90.5578231812, 90.9641723633, 91.3705215454, 91.788482666, 92.2064361572, 92.6243972778, 93.0539703369, 93.4719238281, 93.9014968872, 94.3310623169, 94.760635376, 95.1902008057, 95.6197738647, 96.037727356, 96.4556884766, 96.8736495972, 97.2916107178, 97.709564209, 98.2552337646, 98.8009033203, 99.346572876, 99.9154663086, 100.484352112, 101.053237915, 101.622131348, 102.191017151, 102.759910583, 103.328796387, 103.909294128, 104.48979187, 105.070289612, 105.627571106, 106.1848526, 106.742126465, 107.299407959, 107.845077515, 108.39074707, 108.936416626, 109.482086182, 110.027755737, 110.585029602, 111.142311096, 111.722808838, 112.30330658, 112.872200012, 113.441085815, 113.99836731, 114.567253113, 115.124534607, 115.681808472, 116.227478027, 116.773147583, 117.318817139, 117.864486694, 118.421768188, 118.967437744, 119.524711609, 120.081993103, 120.650878906, 121.219772339, 121.788658142, 122.31111145, 122.833557129, 123.344398499, 123.855232239, 124.366073608, 124.900131226, 125.422584534, 125.945030212, 126.467483521, 126.989929199, 127.512374878, 128.034820557], "beats_loudness": {"dmean2": 0.0237069893628, "median": 0.00683901039883, "min": 2.68287703875e-06, "dvar2": 0.00313023570925, "dvar": 0.00114264793228, "dmean": 0.0133338822052, "max": 0.318337708712, "var": 0.00105117878411, "mean": 0.0147122582421}, "danceability": 0.869410514832, "bpm_histogram_second_peak_weight": {"dmean2": 0, "median": 0.108333334327, "min": 0.108333334327, "dvar2": 0, "dvar": 0, "dmean": 0, "max": 0.108333334327, "var": 0, "mean": 0.108333334327}, "beats_count": 241, "bpm_histogram_second_peak_bpm": {"dmean2": 0, "median": 105, "min": 105, "dvar2": 0, "dvar": 0, "dmean": 0, "max": 105, "var": 0, "mean": 105}, "bpm_histogram_first_peak_spread": {"dmean2": 0, "median": 0.478260874748, "min": 0.478260874748, "dvar2": 0, "dvar": 0, "dmean": 0, "max": 0.478260874748, "var": 0, "mean": 0.478260874748}, "beats_loudness_band_ratio": {"dmean2": [0.285184472799, 0.251973450184, 0.319217026234, 0.278308272362, 0.124613299966, 0.0365260131657], "median": [0.16409394145, 0.143555447459, 0.320054411888, 0.123811230063, 0.0382034145296, 0.00696895597503], "min": [3.96048126277e-05, 0.00157972099259, 0.00314053730108, 0.00319518102333, 0.000575423706323, 0.000208512123208], "dvar2": [0.0613122843206, 0.0573130138218, 0.0576821751893, 0.0838444381952, 0.0293213911355, 0.00258760340512], "dvar": [0.0226262696087, 0.0192100498825, 0.0230059809983, 0.0301742330194, 0.010699919425, 0.000932153023314], "dmean": [0.16161160171, 0.146185100079, 0.190105780959, 0.157548993826, 0.070931583643, 0.0202344264835], "max": [0.937172472477, 0.841872811317, 0.935739040375, 0.913520872593, 0.754250407219, 0.235274642706], "var": [0.0449980013072, 0.0269393939525, 0.0455775484443, 0.0345794409513, 0.0121786454692, 0.000716538517736], "mean": [0.22503131628, 0.182513892651, 0.350347787142, 0.185224607587, 0.0769023373723, 0.0162692274898]}}, "lowlevel": {"barkbands_spread": {"dmean2": 5.13174629211, "median": 10.3017406464, "min": 0.718364536762, "dvar2": 36.1436271667, "dvar": 15.2712497711, "dmean": 3.26364302635, "max": 70.034034729, "var": 52.5601272583, "mean": 12.0345811844}, "melbands_spread": {"dmean2": 6.72564458847, "median": 13.7626714706, "min": 0.657877981663, "dvar2": 61.6894836426, "dvar": 25.8777503967, "dmean": 4.29139661789, "max": 87.342880249, "var": 117.957321167, "mean": 16.4122982025}, "hfc": {"dmean2": 6.50659513474, "median": 2.85772323608, "min": 0.000252495723544, "dvar2": 857.002807617, "dvar": 365.654266357, "dmean": 4.35632133484, "max": 752.662597656, "var": 1502.796875, "mean": 11.7198553085}, "barkbands_kurtosis": {"dmean2": 4.36194562912, "median": 1.71006631851, "min": -1.81395363808, "dvar2": 132.092407227, "dvar": 51.1911239624, "dmean": 2.7166993618, "max": 235.237701416, "var": 104.537666321, "mean": 4.03291463852}, "gfcc": {"mean": [-144.825958252, 156.958236694, -133.366531372, 1.64616656303, -47.0722923279, -13.9848337173, -22.5218982697, 9.98808479309, -11.2305355072, -17.0190410614, 2.39871048927, -6.67428207397, -12.9291763306], "icov": [[0.000663583283313, -0.000934171141125, 0.00137178495061, -0.000901421997696, 0.00122212327551, -0.00130991800688, 0.00100233289413, -0.00124328164384, 0.00075310934335, -0.000848875963129, 0.000521263689734, -0.000249327538768, 0.000600095896516], [-0.000934171141125, 0.00287674576975, -0.00220062560402, 0.00176277733408, -0.00279744388536, 0.00318615580909, -0.00218926370144, 0.00280847353861, -0.00180980772711, 0.00215641409159, -0.00163685076404, 0.0010166016873, -0.00138575898018], [0.00137178495061, -0.00220062560402, 0.0040640248917, -0.00199675466865, 0.00210729590617, -0.00336623191833, 0.00177773099858, -0.0025568860583, 0.00198179576546, -0.00217294250615, 0.00137973169331, -0.000979043194093, 0.00110807013698], [-0.000901421997696, 0.00176277733408, -0.00199675466865, 0.00479295058176, -0.0023906675633, 0.00142984976992, -0.00120966311079, 0.00230169971474, -0.00177769910078, 0.000580950756557, 0.000180457747774, -0.000223402952543, -0.000305277528241], [0.00122212327551, -0.00279744388536, 0.00210729590617, -0.0023906675633, 0.00683582900092, -0.00337523431517, 0.00254398980178, -0.00210377457552, 0.000126160666696, -0.00152414338663, -0.000345724372892, -4.17374794779e-05, 0.000982935423963], [-0.00130991800688, 0.00318615580909, -0.00336623191833, 0.00142984976992, -0.00337523431517, 0.008738739416, -0.00321977119893, 0.00219451985322, -0.00136433762964, 0.0010284637101, -0.000891411444172, 0.000832396384794, -0.00102880061604], [0.00100233289413, -0.00218926370144, 0.00177773099858, -0.00120966311079, 0.00254398980178, -0.00321977119893, 0.00671204412356, -0.0029374093283, 0.00240861275233, -0.00127259397414, 0.00108977872878, -0.00049552420387, -0.000147890939843], [-0.00124328164384, 0.00280847353861, -0.0025568860583, 0.00230169971474, -0.00210377457552, 0.00219451985322, -0.0029374093283, 0.00954893045127, -0.0029516054783, 0.00448100222275, -0.00371325016022, 0.00126672396436, -2.26156389544e-05], [0.00075310934335, -0.00180980772711, 0.00198179576546, -0.00177769910078, 0.000126160666696, -0.00136433762964, 0.00240861275233, -0.0029516054783, 0.00827663671225, -0.00396857410669, 0.00378531008027, -0.00198486656882, 0.00243803858757], [-0.000848875963129, 0.00215641409159, -0.00217294250615, 0.000580950756557, -0.00152414338663, 0.0010284637101, -0.00127259397414, 0.00448100222275, -0.00396857410669, 0.00918302126229, -0.00268985773437, 0.00383486715145, -0.00371550070122], [0.000521263689734, -0.00163685076404, 0.00137973169331, 0.000180457747774, -0.000345724372892, -0.000891411444172, 0.00108977872878, -0.00371325016022, 0.00378531008027, -0.00268985773437, 0.00832639914006, -0.00321472389624, 0.00415147142485], [-0.000249327538768, 0.0010166016873, -0.000979043194093, -0.000223402952543, -4.17374794779e-05, 0.000832396384794, -0.00049552420387, 0.00126672396436, -0.00198486656882, 0.00383486715145, -0.00321472389624, 0.00915866345167, -0.00401950022206], [0.000600095896516, -0.00138575898018, 0.00110807013698, -0.000305277528241, 0.000982935423963, -0.00102880061604, -0.000147890939843, -2.26156389544e-05, 0.00243803858757, -0.00371550070122, 0.00415147142485, -0.00401950022206, 0.0100719304755]], "cov": [[8285.90234375, -427.762115479, -2165.68554688, 184.699798584, -600.923461914, 44.4789390564, -386.266693115, 396.44833374, -16.9382362366, -85.0732345581, 65.0321121216, -139.738433838, -360.127288818], [-427.762115479, 1484.18505859, 229.330627441, -197.422729492, 320.276245117, -259.131713867, 109.39415741, -106.33014679, 19.7254772186, -107.252952576, 148.138565063, 7.5682349205, 39.7385177612], [-2165.68554688, 229.330627441, 1092.32885742, 86.1095962524, 163.551376343, 120.454368591, 105.816001892, -107.261520386, -2.05767655373, 93.302734375, -55.6839447021, 35.1646270752, 112.581253052], [184.699798584, -197.422729492, 86.1095962524, 414.694000244, 51.2502975464, 81.7838439941, -55.1427383423, -90.1711654663, 108.554473877, 120.256996155, -126.300994873, -7.50333070755, 34.4187049866], [-600.923461914, 320.276245117, 163.551376343, 51.2502975464, 355.074798584, 1.09600305557, -21.348941803, -42.4390945435, 74.7752380371, 29.6877231598, 43.5602645874, -7.75442934036, 0.282287985086], [44.4789390564, -259.131713867, 120.454368591, 81.7838439941, 1.09600305557, 250.535049438, 29.1923961639, 3.32547283173, 5.47855186462, 62.065284729, -43.7878265381, -11.8147678375, 11.7471113205], [-386.266693115, 109.39415741, 105.816001892, -55.1427383423, -21.348941803, 29.1923961639, 255.289459229, 25.2788982391, -69.4427871704, -33.1101379395, 18.0424385071, 16.4031887054, 37.3278503418], [396.44833374, -106.33014679, -107.261520386, -90.1711654663, -42.4390945435, 3.32547283173, 25.2788982391, 270.693756104, -47.2461585999, -125.215698242, 129.214889526, 13.1766281128, -106.479278564], [-16.9382362366, 19.7254772186, -2.05767655373, 108.554473877, 74.7752380371, 5.47855186462, -69.4427871704, -47.2461585999, 235.552719116, 96.8480072021, -91.9328689575, -14.9864912033, 9.99688720703], [-85.0732345581, -107.252952576, 93.302734375, 120.256996155, 29.6877231598, 62.065284729, -33.1101379395, -125.215698242, 96.8480072021, 263.769805908, -96.8675765991, -56.9592552185, 77.4238128662], [65.0321121216, 148.138565063, -55.6839447021, -126.300994873, 43.5602645874, -43.7878265381, 18.0424385071, 129.214889526, -91.9328689575, -96.8675765991, 287.807037354, 38.7010383606, -106.028442383], [-139.738433838, 7.5682349205, 35.1646270752, -7.50333070755, -7.75442934036, -11.8147678375, 16.4031887054, 13.1766281128, -14.9864912033, -56.9592552185, 38.7010383606, 157.617645264, 34.6570205688], [-360.127288818, 39.7385177612, 112.581253052, 34.4187049866, 0.282287985086, 11.7471113205, 37.3278503418, -106.479278564, 9.99688720703, 77.4238128662, -106.028442383, 34.6570205688, 200.024414062]]}, "spectral_energyband_middle_low": {"dmean2": 0.00592884980142, "median": 0.00282773491926, "min": 1.27442618236e-07, "dvar2": 0.000827898795251, "dvar": 0.000304874643916, "dmean": 0.00365778710693, "max": 0.542063415051, "var": 0.000579404761083, "mean": 0.00755498372018}, "melbands_crest": {"dmean2": 5.19179487228, "median": 12.3869953156, "min": 3.69450235367, "dvar2": 23.6301021576, "dvar": 9.36850261688, "dmean": 3.25816106796, "max": 34.2168884277, "var": 30.9037704468, "mean": 13.6069831848}, "spectral_kurtosis": {"dmean2": 11.3394031525, "median": 13.2363758087, "min": -0.390426158905, "dvar2": 114.595596313, "dvar": 39.7625846863, "dmean": 6.54493951797, "max": 91.2660064697, "var": 107.763938904, "mean": 15.6711034775}, "spectral_rms": {"dmean2": 0.000663916871417, "median": 0.00225400994532, "min": 3.35669719789e-05, "dvar2": 1.36999142342e-06, "dvar": 6.15458588982e-07, "dmean": 0.000462444120785, "max": 0.028520129621, "var": 5.59758427698e-06, "mean": 0.0027714187745}, "zerocrossingrate": {"dmean2": 0.00707677612081, "median": 0.03662109375, "min": 0.00537109375, "dvar2": 8.94553741091e-05, "dvar": 5.61947417737e-05, "dmean": 0.00575055507943, "max": 0.1826171875, "var": 0.000388816260966, "mean": 0.0409768931568}, "silence_rate_60dB": {"dmean2": 0.167357981205, "median": 0, "min": 0, "dvar2": 0.158110395074, "dvar": 0.0766594409943, "dmean": 0.0836639031768, "max": 1, "var": 0.210629269481, "mean": 0.301604479551}, "erbbands_kurtosis": {"dmean2": 2.41624641418, "median": 0.724808216095, "min": -1.82314801216, "dvar2": 12.5628128052, "dvar": 4.80358314514, "dmean": 1.49778485298, "max": 40.4066390991, "var": 9.90451049805, "mean": 1.49905002117}, "erbbands": {"dmean2": [0.00622731074691, 0.0987891629338, 0.193944871426, 0.472826242447, 0.858939349651, 1.71707320213, 2.10026049614, 4.52850437164, 12.0596103668, 17.3205471039, 48.9376983643, 111.44719696, 18.0558280945, 52.3895568848, 33.3502235413, 36.5257568359, 57.2922897339, 18.0423679352, 14.2077903748, 8.53541183472, 5.06625080109, 9.45699596405, 18.2734088898, 10.83344841, 4.76633262634, 0.792180895805, 0.4359190166, 0.164839789271, 0.121222652495, 0.0986671671271, 0.0965850800276, 0.0787708759308, 0.0433561615646, 0.0153980571777, 0.00558290630579, 0.00169906718656, 0.000446232181275, 9.23940897337e-05, 1.56060323206e-05, 9.59215685725e-06], "median": [0.00315631134436, 0.064794935286, 0.165942922235, 0.25635305047, 0.538741767406, 1.21845185757, 1.34451699257, 1.91635191441, 3.81513810158, 5.70795631409, 6.86910104752, 5.23201322556, 4.31239032745, 4.08732366562, 2.26413106918, 1.78996300697, 1.52371406555, 0.80714648962, 0.892248392105, 0.773638308048, 0.606373012066, 1.0080807209, 1.37152957916, 1.20969057083, 0.612355232239, 0.12745462358, 0.0332949459553, 0.0176750682294, 0.0170102231205, 0.0151482634246, 0.0087460661307, 0.00463612703606, 0.00271715642884, 0.000924280902836, 0.000292463897495, 0.000115036105854, 3.67573265976e-05, 1.20523263831e-05, 1.03202728496e-05, 8.34743423184e-06], "min": [1.04100320186e-06, 2.04238258448e-05, 7.1030415711e-05, 6.12922667642e-05, 7.12011242285e-05, 6.50524598313e-05, 7.90340855019e-05, 0.000113656387839, 6.47528868285e-05, 7.65066142776e-05, 0.000117568386486, 0.000102686004539, 0.000119430602354, 0.000138969597174, 0.00015087693464, 9.09628215595e-05, 9.01960374904e-05, 3.36861667165e-05, 7.92836071923e-05, 4.37322451035e-05, 5.04239142174e-05, 5.47879972146e-05, 5.52346791665e-05, 3.63403814845e-05, 4.69389160571e-05, 3.48634384864e-05, 1.81985906238e-05, 2.36937285081e-05, 2.92774002446e-05, 2.04467414733e-05, 8.09503035271e-06, 9.40334848565e-06, 6.74781131238e-06, 4.95503400089e-06, 3.1350257359e-06, 1.19362209716e-06, 7.15667852091e-07, 4.81880306324e-07, 1.06438236003e-07, 1.72055720782e-08], "dvar2": [0.000113618887553, 0.0242839381099, 0.087923169136, 1.01026678085, 2.8389275074, 8.65620803833, 18.5989456177, 264.272155762, 1083.21826172, 4011.3269043, 54532.6796875, 703861.4375, 6279.27490234, 249750.78125, 26756.6855469, 54091.8828125, 364007.40625, 11119.4960938, 11230.0498047, 2360.25976562, 371.416564941, 1234.08703613, 3937.77026367, 1257.34033203, 418.640472412, 9.14692974091, 3.61096453667, 0.312829464674, 0.208841964602, 0.123735755682, 0.408383637667, 0.184421092272, 0.0776391476393, 0.0134769352153, 0.00206045876257, 0.00020707269141, 2.46401777986e-05, 9.44858470575e-07, 1.25002594942e-08, 1.69563763031e-09], "dvar": [6.6736341978e-05, 0.013289751485, 0.0411819405854, 0.379607647657, 0.998329758644, 3.35202479362, 7.70349407196, 107.919006348, 415.710296631, 1668.94104004, 19081.6972656, 256576.71875, 2563.12060547, 90050.234375, 11921.5830078, 25933.5976562, 131191.703125, 4781.49121094, 4744.30175781, 1047.75268555, 174.377349854, 462.214263916, 1522.29711914, 593.269897461, 188.935470581, 3.69510054588, 1.20761907101, 0.120453298092, 0.0795127153397, 0.054773259908, 0.162716314197, 0.0877099707723, 0.0341130048037, 0.00592672498897, 0.000967393687461, 9.59203171078e-05, 1.01630221252e-05, 3.89082003949e-07, 5.7134843523e-09, 6.90472623521e-10], "dmean": [0.00456543313339, 0.0715617761016, 0.13532948494, 0.298195540905, 0.528792858124, 1.09177112579, 1.34237980843, 3.07316756248, 7.60151720047, 11.084813118, 29.6062450409, 67.2936325073, 11.6866874695, 32.8017959595, 21.4594459534, 23.3506660461, 33.2534561157, 11.5399417877, 9.16265296936, 5.54293441772, 3.25645852089, 5.76197004318, 11.1519699097, 6.99097394943, 3.11915302277, 0.494606018066, 0.261125445366, 0.102600216866, 0.0759462043643, 0.0624595656991, 0.061120275408, 0.052944753319, 0.0296816993505, 0.0103678489104, 0.00383343710564, 0.0011618216522, 0.000302910950268, 6.27592380624e-05, 1.02230942503e-05, 6.26303562967e-06], "max": [0.319997429848, 2.97924017906, 5.54557704926, 28.9490299225, 37.3566207886, 56.1285858154, 87.8077163696, 478.892425537, 353.084686279, 1207.77758789, 3917.89697266, 16331.5810547, 1382.85986328, 12894.2929688, 5499.56005859, 9652.08105469, 14565.5791016, 2031.8651123, 2645.32397461, 1515.09936523, 542.895751953, 696.612548828, 1217.8203125, 805.041870117, 470.947967529, 48.2755241394, 37.7283554077, 10.0494394302, 7.79401493073, 10.6522293091, 17.3785495758, 7.7266163826, 7.02390956879, 2.88871765137, 1.07067728043, 0.416527718306, 0.133765503764, 0.0227125454694, 0.00275807199068, 0.00101030990481], "var": [0.000516878499184, 0.068778090179, 0.32503092289, 1.35807979107, 3.18841266632, 13.165391922, 17.5670261383, 246.986160278, 787.826660156, 3218.99658203, 30260.6757812, 395535.65625, 7073.95556641, 155886.375, 30094.2871094, 81666.125, 247742.875, 9682.05664062, 6936.58691406, 2985.48168945, 652.453552246, 1424.9798584, 4198.31347656, 1881.67456055, 325.805175781, 10.9304666519, 2.19030070305, 0.31322607398, 0.18389390409, 0.135110542178, 0.225011780858, 0.187161892653, 0.0692723691463, 0.00998066645116, 0.00138393999077, 0.000125399106764, 9.68786116573e-06, 3.57409817298e-07, 6.85584611304e-09, 2.41278264035e-09], "mean": [0.0106298653409, 0.158378511667, 0.367614418268, 0.615649759769, 1.12686693668, 2.42063593864, 2.68563699722, 5.64591407776, 13.1502590179, 18.710313797, 47.7632293701, 97.2923660278, 21.6242160797, 48.814781189, 32.651473999, 38.1153793335, 53.2181243896, 17.5339012146, 13.0517168045, 9.12929725647, 6.17420434952, 11.2285079956, 20.1399173737, 13.9385919571, 4.84884166718, 0.932497739792, 0.422097355127, 0.190412715077, 0.139990344644, 0.11325122416, 0.0972651615739, 0.0851884335279, 0.0473284684122, 0.0159919299185, 0.00549624720588, 0.0015560942702, 0.000387398991734, 8.62992746988e-05, 2.41245688812e-05, 1.86084052984e-05]}, "spectral_strongpeak": {"dmean2": 0.856506049633, "median": 0.578799724579, "min": 0, "dvar2": 2.45002508163, "dvar": 0.954378962517, "dmean": 0.534569501877, "max": 26.5456752777, "var": 2.85153150558, "mean": 1.12256491184}, "spectral_energy": {"dmean2": 0.0078256893903, "median": 0.00520757446066, "min": 1.1549101373e-06, "dvar2": 0.00121553044301, "dvar": 0.000490192032885, "dmean": 0.0051165423356, "max": 0.83373272419, "var": 0.00165688921697, "mean": 0.0136103183031}, "average_loudness": 0.00224478449672, "spectral_rolloff": {"dmean2": 457.654205322, "median": 882.861328125, "min": 64.599609375, "dvar2": 926621.125, "dvar": 353229.1875, "dmean": 259.638305664, "max": 16537.5, "var": 596581.125, "mean": 1052.74291992}, "spectral_centroid": {"dmean2": 256.680603027, "median": 848.225952148, "min": 260.563079834, "dvar2": 78108.2890625, "dvar": 35117.3242188, "dmean": 166.937515259, "max": 2977.76269531, "var": 243020.46875, "mean": 980.16973877}, "pitch_salience": {"dmean2": 0.106701783836, "median": 0.522743403912, "min": 0.111929960549, "dvar2": 0.0088214725256, "dvar": 0.0034004622139, "dmean": 0.0669968575239, "max": 0.821998476982, "var": 0.011908034794, "mean": 0.51575922966}, "spectral_energyband_middle_high": {"dmean2": 0.00366284581833, "median": 0.00078910717275, "min": 2.73382489979e-08, "dvar2": 0.000347039836925, "dvar": 0.000141396725667, "dmean": 0.00241389404982, "max": 0.571531772614, "var": 0.000496041495353, "mean": 0.00516965286806}, "spectral_contrast_coeffs": {"dmean2": [0.0718447417021, 0.0689421072602, 0.0596666932106, 0.0509522967041, 0.0382804945111, 0.0232903007418], "median": [-0.669234156609, -0.705621242523, -0.724853157997, -0.749716699123, -0.689996242523, -0.785970330238], "min": [-0.916160404682, -0.947851836681, -0.945038497448, -0.940192759037, -0.932558834553, -0.891328811646], "dvar2": [0.00338790100068, 0.00324846059084, 0.00256945565343, 0.00179625081364, 0.000976887298748, 0.000370936497347], "dvar": [0.00121217337437, 0.00131895497907, 0.00109376199543, 0.000807001255453, 0.000496603141073, 0.00016673396749], "dmean": [0.0435063913465, 0.0429506897926, 0.038482170552, 0.0324428416789, 0.0257835779339, 0.0151317371055], "max": [-0.353511869907, -0.353853940964, -0.294899314642, -0.358104944229, -0.41054341197, -0.594549834728], "var": [0.00619149859995, 0.00701161939651, 0.00804649759084, 0.00590005842969, 0.00882566533983, 0.00271595176309], "mean": [-0.665759027004, -0.701990365982, -0.713020086288, -0.74194508791, -0.687463402748, -0.786162734032]}, "melbands_skewness": {"dmean2": 0.812406659126, "median": 1.29587471485, "min": -1.6737421751, "dvar2": 0.789542675018, "dvar": 0.30601105094, "dmean": 0.524143576622, "max": 11.1609153748, "var": 1.55600261688, "mean": 1.4816454649}, "spectral_spread": {"dmean2": 446960.40625, "median": 2066971.75, "min": 895747.25, "dvar2": 418278047744, "dvar": 253371580416, "dmean": 289370.34375, "max": 13530206, "var": 1376693387260.0, "mean": 2372636.25}, "dissonance": {"dmean2": 0.0587900914252, "median": 0.434240996838, "min": 0.109341412783, "dvar2": 0.00270656705834, "dvar": 0.000984609709121, "dmean": 0.0347068347037, "max": 0.499969631433, "var": 0.00213111261837, "mean": 0.426036715508}, "spectral_skewness": {"dmean2": 0.909485697746, "median": 2.35848689079, "min": 0.312196105719, "dvar2": 0.612970590591, "dvar": 0.212907969952, "dmean": 0.533055365086, "max": 7.38974142075, "var": 0.823897302151, "mean": 2.48987460136}, "spectral_flux": {"dmean2": 0.0243008770049, "median": 0.031504329294, "min": 0.000520630856045, "dvar2": 0.00148808618542, "dvar": 0.000581310188863, "dmean": 0.0147228073329, "max": 0.637954771519, "var": 0.00271509052254, "mean": 0.0474183596671}, "spectral_contrast_valleys": {"dmean2": [0.621425449848, 0.468535482883, 0.42367079854, 0.375715553761, 0.327691704035, 0.320898741484], "median": [-8.20501613617, -7.24611473083, -8.24994373322, -9.3793888092, -9.98310089111, -13.0578298569], "min": [-11.7325201035, -11.7888240814, -12.6283664703, -13.1266326904, -13.490354538, -15.4804840088], "dvar2": [0.250535994768, 0.134081959724, 0.10454133153, 0.0932894647121, 0.0779883116484, 0.130893006921], "dvar": [0.0899953916669, 0.0520973578095, 0.042040631175, 0.0381361469626, 0.0357967019081, 0.07030274719], "dmean": [0.376886337996, 0.290019333363, 0.26087731123, 0.23687171936, 0.215484544635, 0.228942736983], "max": [-6.36600923538, -4.68933296204, -4.62082099915, -5.77872991562, -6.32067346573, -8.77011394501], "var": [0.802844405174, 0.88796466589, 0.97973048687, 0.998978018761, 0.919763147831, 0.881674408913], "mean": [-8.34937286377, -7.3564748764, -8.26472949982, -9.35415935516, -9.94618988037, -12.9403448105]}, "erbbands_flatness_db": {"dmean2": 0.0286519322544, "median": 0.260000318289, "min": 0.0622113570571, "dvar2": 0.000721948512364, "dvar": 0.000358113087714, "dmean": 0.0195997636765, "max": 0.482818096876, "var": 0.00373778259382, "mean": 0.258388668299}, "spectral_energyband_high": {"dmean2": 1.68544738699e-05, "median": 3.22568121192e-06, "min": 5.02696728688e-09, "dvar2": 3.41131567438e-09, "dvar": 1.42415734761e-09, "dmean": 1.10354676508e-05, "max": 0.00115163077135, "var": 4.91333063124e-09, "mean": 2.44224611379e-05}, "spectral_entropy": {"dmean2": 0.235590875149, "median": 6.55324411392, "min": 4.64215183258, "dvar2": 0.0487656928599, "dvar": 0.0231352373958, "dmean": 0.16078582406, "max": 8.34861755371, "var": 0.176714137197, "mean": 6.57120847702}, "silence_rate_20dB": {"dmean2": 0.00504959421232, "median": 1, "min": 0, "dvar2": 0.00538446148857, "dvar": 0.00251810299233, "dmean": 0.00252434192225, "max": 1, "var": 0.00395012367517, "mean": 0.996033906937}, "melbands_flatness_db": {"dmean2": 0.03307114169, "median": 0.296714425087, "min": 0.0964808240533, "dvar2": 0.000971422647126, "dvar": 0.000444299774244, "dmean": 0.0228246673942, "max": 0.517501294613, "var": 0.00395021308213, "mean": 0.295006304979}, "barkbands": {"dmean2": [2.4502899123e-06, 0.000373320741346, 0.000162997821462, 0.000218876957661, 0.000411357614212, 0.000439328316133, 0.000940661877394, 0.00173053797334, 0.0038941919338, 0.00128184701316, 0.000843323767185, 0.000941088306718, 0.00123333802912, 0.000376053765649, 0.000207553472137, 0.000113888832857, 0.000177849055035, 0.00035873556044, 0.000179062350071, 1.50083451445e-05, 7.65766799304e-06, 4.17210230808e-06, 3.3984510992e-06, 3.1330685033e-06, 9.92863306237e-07, 2.81948217662e-07, 8.42783975941e-08], "median": [8.38574294448e-07, 0.000230155535974, 0.000113359019451, 6.48636050755e-05, 0.000349855865352, 0.000198864858248, 0.000291158386972, 0.000224253948545, 0.000228188437177, 0.000112204186735, 3.02004482364e-05, 3.5285273043e-05, 2.38625179918e-05, 1.35057680382e-05, 1.36852158903e-05, 8.62208162289e-06, 1.41126365634e-05, 1.75047862285e-05, 1.77987149073e-05, 1.3079833252e-06, 4.1369179371e-07, 5.62987963804e-07, 3.46485478531e-07, 2.06644585887e-07, 5.6339075627e-08, 2.11654960225e-08, 8.71150263038e-08], "min": [3.81635612001e-09, 8.13020051282e-08, 1.56142121455e-08, 3.03565106385e-09, 1.62551003768e-08, 1.40501636992e-08, 3.78074593854e-09, 3.88760490466e-09, 5.61491919626e-09, 2.61887089792e-09, 2.10231032582e-09, 2.13224726764e-09, 1.31579380724e-09, 6.10335781914e-10, 1.0207323875e-09, 5.80831549524e-10, 9.07152519769e-10, 8.59118942653e-10, 8.9580953766e-10, 6.04355843148e-10, 5.06282515911e-10, 7.5957173884e-10, 2.61124538659e-10, 4.46452985692e-10, 4.2516543064e-10, 3.23532672875e-10, 7.31391724962e-10], "dvar2": [4.52338756729e-11, 3.5594473502e-07, 7.99405484031e-08, 2.79682268456e-07, 4.02780301556e-07, 1.88395131318e-06, 7.12282144377e-06, 7.22990880604e-05, 0.000759384303819, 0.000125766848214, 4.27763043263e-05, 3.64061597793e-05, 0.000137299008202, 5.94262746745e-06, 1.52508278006e-06, 4.1513246174e-07, 4.50558673037e-07, 1.61282434874e-06, 3.87449290429e-07, 4.52360637837e-09, 1.04859032568e-09, 2.09318007371e-10, 4.00221161767e-10, 2.86794143989e-10, 5.22898807587e-11, 7.53937884346e-12, 4.27602614775e-13], "dvar": [1.56176217792e-11, 1.95958563154e-07, 3.4276855132e-08, 1.11142405501e-07, 1.54823595722e-07, 7.71650263687e-07, 2.80491212834e-06, 2.51758101513e-05, 0.000277096201899, 4.0785602323e-05, 1.76141656993e-05, 1.9840143068e-05, 4.95867825521e-05, 2.56341490967e-06, 6.32824480817e-07, 1.71720856201e-07, 1.72807347099e-07, 6.49855223855e-07, 1.71667267068e-07, 1.81033266156e-09, 3.50877271682e-10, 8.11661779454e-11, 1.61430771528e-10, 1.37254665966e-10, 2.46802751847e-11, 3.23023443931e-12, 1.90941487339e-13], "dmean": [1.43576687606e-06, 0.000272061763098, 0.000110327928269, 0.000136048169225, 0.00025795615511, 0.000293750636047, 0.00058722688118, 0.00104300875682, 0.00236830487847, 0.000785206211731, 0.000530934252311, 0.000622212246526, 0.000710482068826, 0.000236342239077, 0.000129093517899, 7.13996341801e-05, 0.00010872574785, 0.000218186440179, 0.000112301509944, 9.29016641749e-06, 4.55812141809e-06, 2.61774312094e-06, 2.12850227399e-06, 2.07977086575e-06, 6.88012335104e-07, 1.92472313643e-07, 5.45711351663e-08], "max": [0.000135930080432, 0.0112756807357, 0.00591283291578, 0.0185477435589, 0.00998156890273, 0.0386366173625, 0.0362342707813, 0.154907435179, 0.533675789833, 0.256081879139, 0.217771172523, 0.29076641798, 0.266780674458, 0.0548139810562, 0.0295788757503, 0.0152154434472, 0.0123041495681, 0.0314320623875, 0.0141141181812, 0.00123687426094, 0.000670511042699, 0.000252108875429, 0.00050046335673, 0.000324211549014, 0.000133060995722, 7.64751530369e-05, 1.70944222191e-05], "var": [2.48367749978e-11, 1.07770790692e-06, 2.82996211354e-07, 4.54531999594e-07, 5.56365364446e-07, 1.88209719454e-06, 5.41545568922e-06, 3.62646969734e-05, 0.000448994920589, 6.0443966504e-05, 2.26494794333e-05, 6.57611526549e-05, 9.44614585023e-05, 3.68825135411e-06, 9.77081413112e-07, 5.6180925867e-07, 4.30060396184e-07, 1.66481697761e-06, 3.63588185337e-07, 4.97782126629e-09, 6.7492728073e-10, 1.88673909829e-10, 2.46779569002e-10, 3.24911153537e-10, 4.19150235353e-11, 3.48933100296e-12, 2.01509883541e-13], "mean": [2.08