{"tonal": {"thpcp": [1, 0.679355621338, 0.451988577843, 0.516666293144, 0.325639396906, 0.236962080002, 0.274372547865, 0.250959008932, 0.436764597893, 0.596549212933, 0.369587093592, 0.193189442158, 0.207237094641, 0.22708016634, 0.541905522346, 0.880722463131, 0.613558590412, 0.357584476471, 0.34404322505, 0.222956389189, 0.328803241253, 0.491388291121, 0.316561698914, 0.181964620948, 0.224338293076, 0.198178604245, 0.263400554657, 0.364006787539, 0.291236072779, 0.45640334487, 0.779089689255, 0.591985583305, 0.313177734613, 0.232776790857, 0.192581862211, 0.59556210041], "hpcp": {"dmean2": [0.195253178477, 0.173518791795, 0.139380633831, 0.144807204604, 0.162680059671, 0.213859319687, 0.242517024279, 0.224786072969, 0.176851019263, 0.138851627707, 0.130661830306, 0.143189534545, 0.166101410985, 0.143202379346, 0.110840111971, 0.118440143764, 0.131687626243, 0.152322798967, 0.173415511847, 0.169359147549, 0.198424130678, 0.223234474659, 0.237265989184, 0.223331198096, 0.18312188983, 0.162279456854, 0.241032674909, 0.248995393515, 0.26470053196, 0.215869009495, 0.198559865355, 0.1750562042, 0.146442770958, 0.141548931599, 0.152614444494, 0.190848827362], "median": [0.048131197691, 0.0314716026187, 0.0102125452831, 0.0095465509221, 0.0143879512325, 0.0729798600078, 0.114893123507, 0.0752549394965, 0.0208611804992, 0.0119191296399, 0.0133598884568, 0.0302939172834, 0.0452144481242, 0.0321547836065, 0.0135790696368, 0.011753837578, 0.0115283569321, 0.0193153154105, 0.0242262128741, 0.0235151983798, 0.03591703251, 0.0547820031643, 0.0522426478565, 0.0184295065701, 0.00912482198328, 0.00890635047108, 0.0782670006156, 0.135637000203, 0.0948001667857, 0.0361437946558, 0.0316705815494, 0.0234601125121, 0.0128413252532, 0.0117671564221, 0.0149639528245, 0.0337355919182], "min": [0, 0, 0, 0, 0, 0, 0, 0, 0, 0, 0, 0, 0, 0, 0, 0, 0, 0, 0, 0, 0, 0, 0, 0, 0, 0, 0, 0, 0, 0, 0, 0, 0, 0, 0, 0], "dvar2": [0.0916809365153, 0.0807893127203, 0.0785044133663, 0.0867148637772, 0.0901423841715, 0.0840980038047, 0.105159692466, 0.0892051979899, 0.0796862244606, 0.0666892379522, 0.0592103414237, 0.0613729730248, 0.0778774395585, 0.0636029019952, 0.0593139007688, 0.0715872719884, 0.0851060450077, 0.0907230004668, 0.106128886342, 0.0984771475196, 0.105181865394, 0.125884413719, 0.124314412475, 0.135999724269, 0.115498252213, 0.106765829027, 0.11955345422, 0.114756710827, 0.123997166753, 0.102980472147, 0.100271932781, 0.0852015092969, 0.076452717185, 0.0769897401333, 0.0739931091666, 0.0897860378027], "dvar": [0.0379018224776, 0.0296170432121, 0.0279740430415, 0.0317403823137, 0.0327345617115, 0.0328193232417, 0.047274608165, 0.0347275324166, 0.0294731538743, 0.0258421227336, 0.0207741577178, 0.0224013198167, 0.0308631546795, 0.022545542568, 0.0208963938057, 0.0263692215085, 0.030339544639, 0.0326279550791, 0.0396179556847, 0.0354814194143, 0.0390976853669, 0.0522572286427, 0.0474524646997, 0.0495422966778, 0.0413120165467, 0.0371312946081, 0.0428222678602, 0.050438284874, 0.0444478653371, 0.0383136942983, 0.0404329560697, 0.0314068309963, 0.0280742775649, 0.0298340525478, 0.0270931087434, 0.033933814615], "dmean": [0.116364568472, 0.100064530969, 0.0763192623854, 0.0798881873488, 0.0895033180714, 0.124187730253, 0.143873929977, 0.131025701761, 0.10059774667, 0.0807354077697, 0.0730254650116, 0.0818814858794, 0.098416775465, 0.0827302709222, 0.0616447553039, 0.0668167918921, 0.0722002312541, 0.0849541202188, 0.0995153859258, 0.0950136780739, 0.113823615015, 0.130371749401, 0.136382043362, 0.123409844935, 0.0994699895382, 0.0874565690756, 0.138243317604, 0.148974433541, 0.151652023196, 0.122573956847, 0.114677354693, 0.100165389478, 0.0824323296547, 0.0804435163736, 0.085787422955, 0.109998203814], "max": [1, 1, 1, 1, 1, 1, 1, 1, 1, 1, 1, 1, 1, 1, 1, 1, 1, 1, 1, 1, 1, 1, 1, 1, 1, 1, 1, 1, 1, 1, 1, 1, 1, 1, 1, 1], "var": [0.0838059261441, 0.0362051688135, 0.0220830161124, 0.0273114927113, 0.0263651274145, 0.0499127022922, 0.118560604751, 0.0649820193648, 0.0414824560285, 0.0476722642779, 0.0193886850029, 0.0360512807965, 0.0657048597932, 0.0276173874736, 0.0176680870354, 0.0290832184255, 0.0228471364826, 0.0287995152175, 0.0492627583444, 0.032279420644, 0.0502414144576, 0.124898381531, 0.0747043713927, 0.0416575521231, 0.0302460156381, 0.0253483951092, 0.0594734512269, 0.13607929647, 0.0718969404697, 0.0549651309848, 0.0781255736947, 0.03463299945, 0.0266829337925, 0.038375556469, 0.0270149316639, 0.0510919950902], "mean": [0.191686093807, 0.118757516146, 0.0620765686035, 0.0665904283524, 0.0729665011168, 0.174127712846, 0.282998025417, 0.197151631117, 0.114900782704, 0.110549643636, 0.0716414302588, 0.105652652681, 0.15789526701, 0.101719141006, 0.0584697574377, 0.0720854699612, 0.0636797100306, 0.0846371427178, 0.116964429617, 0.0935813933611, 0.146653741598, 0.250340878963, 0.190219685435, 0.100631788373, 0.0747969672084, 0.0618813373148, 0.19136890769, 0.321324855089, 0.218293845654, 0.145235165954, 0.166017726064, 0.104636028409, 0.0761418044567, 0.0881627202034, 0.0806393697858, 0.14034332335]}, "tuning_equal_tempered_deviation": 0.00617933273315, "chords_changes_rate": 0.0618760026991, "key_key": "E", "tuning_diatonic_strength": 0.412793934345, "key_scale": "minor", "chords_number_rate": 0.00147910765372, "tuning_frequency": 440.508636475, "tuning_nontempered_energy_ratio": 0.639719069004, "chords_histogram": [12.9791688919, 3.05682229996, 7.88857412338, 2.41587567329, 21.0772838593, 7.85159635544, 1.94749164581, 0.912116348743, 0.862812757492, 16.2455310822, 0.456058174372, 7.55577468872, 0.0493035875261, 0.024651793763, 0, 0, 1.04770123959, 0.234192043543, 0.0123258968815, 0, 0.147910758853, 0.332799196243, 9.57722187042, 5.32478713989], "key_strength": 0.741704106331, "chords_key": "F#", "chords_strength": {"dmean2": 0.00944673828781, "median": 0.44918730855, "min": -1, "dvar2": 0.000546097115148, "dvar": 0.000294755242066, "dmean": 0.00941408704966, "max": 0.743005216122, "var": 0.0112069854513, "mean": 0.450877487659}, "chords_scale": "minor", "hpcp_entropy": {"dmean2": 0.981795251369, "median": 2.01458978653, "min": 0, "dvar2": 0.677073061466, "dvar": 0.26120236516, "dmean": 0.586849272251, "max": 4.37583875656, "var": 0.522395789623, "mean": 1.98682677746}}, "metadata": {"audio_properties": {"equal_loudness": 0, "codec": "mp3", "downmix": "mix", "sample_rate": 44100, "analysis_sample_rate": 44100, "bit_rate": 219556, "md5_encoded": "95586adc9de18dda67953b95d9e2e04d", "length": 376.685699463, "replay_gain": -11.5671443939, "lossless": false}, "version": {"essentia_build_sha": "2d9f1f26377add8aeb1075a9c2973f962c4f09fd", "essentia": "2.1-beta2", "extractor": "music 1.0", "essentia_git_sha": "v2.1_beta2-1-ge3940c0"}, "tags": {"title": ["Shade of Your World"], "language": ["eng"], "albumartist": ["Al Di Meola & Leonid Agutin"], "musicbrainz_recordingid": ["04f113b2-bd3d-42ea-a1de-010c6f626070"], "musicbrainz_albumartistid": ["09c0f334-f9de-4970-b9ee-ef799cd093be", "90ea34d4-84b7-45a1-90fb-5c007d8521e1"], "discnumber": ["01/01"], "album": ["Cosmopolitan Life"], "musicbrainz album type": ["Album"], "musicbrainz album status": ["Official"], "file_name": "10. Shade Of Your World_6-17.mp3", "date": ["2005"], "genre": ["Jazz"], "musicbrainz_releasegroupid": ["1924d4a3-80cc-3237-8ee3-ab9cae0e9569"], "script": ["Latin"], "asin": ["B0007OC5UC"], "musicbrainz_albumid": ["1ed8e3c0-4d57-4d1c-8f5c-0b1e39f8366c"], "artist": ["Al Di Meola & Leonid Agutin"], "artistsort": ["Di Meola, Al"], "tracknumber": ["10/10"], "musicbrainz album release country": ["DE"], "albumartistsort": ["Di Meola, Al"], "musicbrainz_artistid": ["09c0f334-f9de-4970-b9ee-ef799cd093be", "90ea34d4-84b7-45a1-90fb-5c007d8521e1"]}}, "rhythm": {"bpm_histogram_first_peak_bpm": {"dmean2": 0, "median": 94, "min": 94, "dvar2": 0, "dvar": 0, "dmean": 0, "max": 94, "var": 0, "mean": 94}, "bpm": 93.9652404785, "bpm_histogram_second_peak_spread": {"dmean2": 0, "median": 0.16666662693, "min": 0.16666662693, "dvar2": 0, "dvar": 0, "dmean": 0, "max": 0.16666662693, "var": 0, "mean": 0.16666662693}, "bpm_histogram_first_peak_weight": {"dmean2": 0, "median": 0.727891147137, "min": 0.727891147137, "dvar2": 0, "dvar": 0, "dmean": 0, "max": 0.727891147137, "var": 0, "mean": 0.727891147137}, "onset_rate": 4.23682308197, "beats_position": [0.615328788757, 1.25387752056, 1.89242625237, 2.53097510338, 3.16952371597, 3.80807256699, 4.446621418, 5.08516979218, 5.73532867432, 6.38548755646, 7.04725599289, 7.72063493729, 8.39401340485, 9.06739234924, 9.75238037109, 10.4489793777, 11.1223583221, 11.7725172043, 12.4110651016, 13.0496139526, 13.6881628036, 14.3267116547, 14.9652605057, 15.6038093567, 16.242357254, 16.8809070587, 17.5194549561, 18.1580047607, 18.784942627, 19.4234924316, 20.062040329, 20.7005901337, 21.339138031, 21.9776859283, 22.616235733, 23.2663936615, 23.8933334351, 24.5318813324, 25.1704311371, 25.8089790344, 26.4475269318, 27.0860767365, 27.7246246338, 28.3631744385, 29.0017223358, 29.6402721405, 30.2788200378, 30.9057598114, 31.5559177399, 32.1944656372, 32.8330154419, 33.4715652466, 34.1101112366, 34.7486610413, 35.3872108459, 36.0141487122, 36.6643066406, 37.3028564453, 37.94140625, 38.5683441162, 39.2185020447, 39.8570518494, 40.4956016541, 41.1225395203, 41.761089325, 42.3996353149, 43.0381851196, 43.6767349243, 44.3152809143, 44.953830719, 45.6039886475, 46.2425384521, 46.8810882568, 47.5196380615, 48.1581840515, 48.7967338562, 49.4352836609, 50.0622215271, 50.7007713318, 51.3393173218, 51.9778671265, 52.6164169312, 53.2549667358, 53.8935127258, 54.5320625305, 55.1706123352, 55.8091583252, 56.4477081299, 57.0862579346, 57.7248077393, 58.3633537292, 59.0019035339, 59.6404533386, 60.2789993286, 60.9175491333, 61.556098938, 62.1946487427, 62.8331947327, 63.4717445374, 64.1102905273, 64.748840332, 65.3757781982, 66.0143280029, 66.6528778076, 67.2914276123, 67.929977417, 68.5685272217, 69.2186813354, 69.8572311401, 70.4957809448, 71.122718811, 71.7612686157, 72.3998184204, 73.0383682251, 73.6769180298, 74.3154602051, 74.9540100098, 75.5925598145, 76.2311096191, 76.8696594238, 77.5082092285, 78.1467590332, 78.7853012085, 79.4238510132, 80.0624008179, 80.6893386841, 81.3278884888, 81.9664382935, 82.6166000366, 83.2551422119, 83.8936920166, 84.5322418213, 85.170791626, 85.8093414307, 86.4478912354, 87.08644104, 87.7249908447, 88.3519287109, 88.9904708862, 89.6290206909, 90.2791824341, 90.9177322388, 91.5562820435, 92.1948318481, 92.8333740234, 93.4719238281, 94.1104736328, 94.737411499, 95.3759613037, 96.0145111084, 96.6414489746, 97.2799987793, 97.9417648315, 98.5803146362, 99.2188644409, 99.8458023071, 100.49596405, 101.134513855, 101.77305603, 102.400001526, 103.026939392, 103.665489197, 104.315643311, 104.954193115, 105.604354858, 106.242897034, 106.881446838, 107.531608582, 108.170158386, 108.797096252, 109.435646057, 110.074195862, 110.712738037, 111.351287842, 111.989837646, 112.628387451, 113.266937256, 113.893875122, 114.532424927, 115.170974731, 115.809524536, 116.448066711, 117.098228455, 117.736778259, 118.375328064, 119.013877869, 119.652427673, 120.290969849, 120.929519653, 121.568069458, 122.206619263, 122.845169067, 123.483718872, 124.110656738, 124.749206543, 125.387756348, 126.026298523, 126.664848328, 127.303398132, 127.941947937, 128.580490112, 129.219039917, 129.857589722, 130.496139526, 131.134689331, 131.773239136, 132.41178894, 133.050338745, 133.68888855, 134.327438354, 134.954376221, 135.581314087, 136.23147583, 136.881637573, 137.520172119, 138.158721924, 138.797271729, 139.424209595, 140.062759399, 140.701309204, 141.339859009, 141.978408813, 142.616958618, 143.255508423, 143.894058228, 144.532608032, 145.171157837, 145.798095703, 146.448257446, 147.086807251, 147.725341797, 148.37550354, 149.014053345, 149.652603149, 150.291152954, 150.929702759, 151.556640625, 152.19519043, 152.833740234, 153.460678101, 154.110839844, 154.749389648, 155.387939453, 156.014877319, 156.665023804, 157.291976929, 157.942123413, 158.580673218, 159.219223022, 159.857772827, 160.496322632, 161.134872437, 161.773422241, 162.411972046, 163.050521851, 163.677459717, 164.32762146, 164.966171265, 165.604721069, 166.243255615, 166.88180542, 167.520355225, 168.158905029, 168.785842896, 169.4243927, 170.062942505, 170.70149231, 171.340042114, 171.990203857, 172.628753662, 173.267303467, 173.894241333, 174.532791138, 175.159729004, 175.798278809, 176.448425293, 177.098587036, 177.737136841, 178.375686646, 179.01423645, 179.652786255, 180.29133606, 180.929885864, 181.55682373, 182.195373535, 182.83392334, 183.472473145, 184.111022949, 184.749572754, 185.3881073, 186.026657104, 186.665206909, 187.303756714, 187.942306519, 188.580856323, 189.219406128, 189.869567871, 190.508117676, 191.14666748, 191.785217285, 192.42376709, 193.050704956, 193.677642822, 194.327789307, 194.966339111, 195.604888916, 196.231826782, 196.870376587, 197.508926392, 198.147476196, 198.786026001, 199.412963867, 200.06312561, 200.713287354, 201.34022522, 201.967163086, 202.617324829, 203.255874634, 203.894424438, 204.556182861, 205.194732666, 205.821670532, 206.448608398, 207.075546265, 207.702484131, 208.352645874, 209.002807617, 209.629745483, 210.279907227, 210.918457031, 211.557006836, 212.195556641, 212.834106445, 213.47265625, 214.111190796, 214.749740601, 215.388290405, 216.02684021, 216.665390015, 217.292327881, 217.942489624, 218.581039429, 219.219589233, 219.869750977, 220.508300781, 221.146850586, 221.773788452, 222.412338257, 223.050872803, 223.689422607, 224.327972412, 224.966522217, 225.605072021, 226.243621826, 226.882171631, 227.520721436, 228.15927124, 228.786209106, 229.424758911, 230.063308716, 230.713470459, 231.352020264, 231.990570068, 232.629104614, 233.267654419, 233.906204224, 234.544754028, 235.183303833, 235.821853638, 236.460403442, 237.098953247, 237.737503052, 238.376052856, 239.002990723, 239.629928589, 240.280090332, 240.918640137, 241.557189941, 242.184127808, 242.822677612, 243.461227417, 244.099761963, 244.738311768, 245.376861572, 246.015411377, 246.653961182, 247.292510986, 247.931060791, 248.569610596, 249.2081604, 249.846710205, 250.48526001, 251.123809814, 251.773956299, 252.424118042, 253.051055908, 253.689605713, 254.328155518, 254.978317261, 255.605255127, 256.243804932, 256.882354736, 257.509277344, 258.147827148, 258.786376953, 259.424926758, 260.063476563, 260.702026367, 261.340576172, 261.979125977, 262.617675781, 263.244628906, 263.894775391, 264.533325195, 265.171875, 265.798828125, 266.448974609, 267.087524414, 267.726074219, 268.364624023, 269.003173828, 269.641723633, 270.280273438, 270.918823242, 271.557373047, 272.195922852, 272.834472656, 273.461395264, 274.111572266, 274.738494873, 275.365447998, 275.992370605, 276.642547607, 277.292694092, 277.942840576, 278.581390381, 279.219940186, 279.85848999, 280.497039795, 281.1355896, 281.774139404, 282.401092529, 283.028015137, 283.678192139, 284.328338623, 284.966888428, 285.605438232, 286.243988037, 286.882537842, 287.521087646, 288.159637451, 288.798187256, 289.436737061, 290.075286865, 290.702209473, 291.340759277, 291.979309082, 292.617858887, 293.256408691, 293.894958496, 294.533508301, 295.172058105, 295.79901123, 296.425933838, 297.052886963, 297.703033447, 298.353179932, 299.003356934, 299.641906738, 300.280456543, 300.930603027, 301.569152832, 302.207702637, 302.846252441, 303.484802246, 304.111755371, 304.750274658, 305.388824463, 306.027374268, 306.654327393, 307.292877197, 307.931427002, 308.569976807, 309.208526611, 309.847076416, 310.485626221, 311.124176025, 311.77432251, 312.412872314, 313.051422119, 313.689971924, 314.328521729, 314.967071533, 315.605621338, 316.244171143, 316.882720947, 317.521270752, 318.148193359, 318.786743164, 319.425292969, 320.063842773, 320.702392578, 321.340942383, 321.991119385, 322.618041992, 323.256591797, 323.895141602, 324.533691406, 325.172241211, 325.810791016, 326.44934082, 327.087890625, 327.72644043, 328.364990234, 329.003540039, 329.642089844, 330.280639648, 330.919189453, 331.557739258, 332.196289063, 332.834838867, 333.461761475, 334.111907959, 334.750457764, 335.389007568, 336.027557373, 336.666107178, 337.31628418, 337.943206787, 338.581756592, 339.220306396, 339.870483398, 340.509033203, 341.14755249, 341.786102295, 342.4246521, 343.063201904, 343.701751709, 344.328704834, 344.967254639, 345.594177246, 346.221130371, 346.859680176, 347.49822998, 348.148376465, 348.798553467, 349.437103271, 350.064025879, 350.702575684, 351.341125488, 351.979675293, 352.618225098, 353.256774902, 353.895324707, 354.522247314, 355.160797119, 355.799346924, 356.426300049, 357.076446533, 357.714996338, 358.36517334, 359.015319824, 359.653869629, 360.304016113, 360.942565918, 361.581115723, 362.208068848, 362.834991455, 363.46194458, 364.100494385, 364.739044189, 365.365966797, 365.992919922, 366.631469727, 367.270019531, 367.920166016, 368.570343018, 369.208892822, 369.859039307, 370.497589111, 371.136138916, 371.774688721, 372.401611328, 373.040161133, 373.667114258, 374.305664063, 374.944213867, 375.582763672, 376.221313477], "beats_loudness": {"dmean2": 0.0283414199948, "median": 0.0286146979779, "min": 6.59316046203e-10, "dvar2": 0.000994657049887, "dvar": 0.000277647282928, "dmean": 0.0161382462829, "max": 0.125827565789, "var": 0.000355130294338, "mean": 0.0302565172315}, "danceability": 1.15428626537, "bpm_histogram_second_peak_weight": {"dmean2": 0, "median": 0.00850340165198, "min": 0.00850340165198, "dvar2": 0, "dvar": 0, "dmean": 0, "max": 0.00850340165198, "var": 0, "mean": 0.00850340165198}, "beats_count": 589, "bpm_histogram_second_peak_bpm": {"dmean2": 0, "median": 89, "min": 89, "dvar2": 0, "dvar": 0, "dmean": 0, "max": 89, "var": 0, "mean": 89}, "bpm_histogram_first_peak_spread": {"dmean2": 0, "median": 0.264604836702, "min": 0.264604836702, "dvar2": 0, "dvar": 0, "dmean": 0, "max": 0.264604836702, "var": 0, "mean": 0.264604836702}, "beats_loudness_band_ratio": {"dmean2": [0.381317228079, 0.234446614981, 0.223364785314, 0.128093332052, 0.0915766358376, 0.157137095928], "median": [0.467154294252, 0.180343449116, 0.104605510831, 0.0460687018931, 0.0311162024736, 0.0324520133436], "min": [0.0416074953973, 0.00078425713582, 0.000241248344537, 0.000613311014604, 0.000720503623597, 0.000121252247482], "dvar2": [0.0826679468155, 0.042545016855, 0.0394227802753, 0.0185792725533, 0.0115232486278, 0.0226710308343], "dvar": [0.0299394726753, 0.0153682883829, 0.0153250778094, 0.00690109655261, 0.00420764507726, 0.00863636471331], "dmean": [0.211947187781, 0.136334523559, 0.124894432724, 0.0706216171384, 0.0519892312586, 0.0860097557306], "max": [0.990318179131, 0.757284522057, 0.860110759735, 0.619446396828, 0.614786744118, 0.727453052998], "var": [0.0584522113204, 0.0249718818814, 0.0192289631814, 0.00707126734778, 0.00537736434489, 0.00908172689378], "mean": [0.481135845184, 0.219883784652, 0.150330722332, 0.0731998309493, 0.0543762557209, 0.0728467330337]}}, "lowlevel": {"barkbands_spread": {"dmean2": 11.239033699, "median": 17.03814888, "min": 0.753873348236, "dvar2": 214.215332031, "dvar": 96.8697052002, "dmean": 7.24278879166, "max": 134.202026367, "var": 271.599151611, "mean": 21.3953514099}, "melbands_spread": {"dmean2": 10.7240505219, "median": 13.1255788803, "min": 0.438443273306, "dvar2": 327.882293701, "dvar": 158.975570679, "dmean": 6.99391365051, "max": 240.983596802, "var": 567.210083008, "mean": 19.9802188873}, "hfc": {"dmean2": 13.2429208755, "median": 11.6718549728, "min": 1.13837588516e-16, "dvar2": 667.161010742, "dvar": 280.310241699, "dmean": 8.6008234024, "max": 286.32131958, "var": 606.716308594, "mean": 20.1286849976}, "barkbands_kurtosis": {"dmean2": 9.66476345062, "median": 4.56623697281, "min": -1.93082845211, "dvar2": 552.250427246, "dvar": 206.44619751, "dmean": 5.8629822731, "max": 339.269439697, "var": 289.105651855, "mean": 9.22614192963}, "gfcc": {"mean": [-19.641040802, 85.5321426392, -81.4878540039, 27.4225234985, -53.1538085938, 16.6432971954, -34.6851806641, 7.11607122421, -23.8833694458, 0.797059714794, -13.7814512253, 2.17109441757, -11.6288881302], "icov": [[6.60880177747e-05, -2.46438485192e-05, 3.88833395846e-05, 3.68646615243e-05, 0.000140882417327, -9.39060118981e-05, 0.000162626951351, -4.45111254521e-05, 2.94615438179e-05, -5.18032429682e-05, 0.000172174652107, -0.000151892061695, 0.000159432325745], [-2.46438485192e-05, 0.00100023753475, 1.95421944227e-05, 0.000635889533442, -0.000295274570817, 0.000270717195235, -0.000412239169236, 0.000626109249424, -0.000745423778426, 0.000946511805523, -0.0011861755047, 0.00114768091589, -0.00113489851356], [3.88833395846e-05, 1.95421944227e-05, 0.00168342480902, -5.853579205e-05, -3.60757403541e-05, -0.000248362339335, -6.02479049121e-05, -0.000267056951998, 0.000752282445319, -0.000579458253924, 0.00107021676376, -0.000737410678994, 0.000346494023688], [3.68646615243e-05, 0.000635889533442, -5.853579205e-05, 0.00262421183288, -2.08896290133e-05, -4.76981877e-05, -0.000711595348548, -5.91290190641e-05, -0.000925183063373, 0.000524854694959, -0.00154869514517, 0.00168012967333, -0.00176858098712], [0.000140882417327, -0.000295274570817, -3.60757403541e-05, -2.08896290133e-05, 0.00333404773846, -0.000626602675766, -0.000235398547375, -0.00017939346435, -0.000897996185813, -0.000790123536717, 0.000755797664169, -0.000629367947113, 0.000574011355639], [-9.39060118981e-05, 0.000270717195235, -0.000248362339335, -4.76981877e-05, -0.000626602675766, 0.00572717841715, -0.00110110221431, -0.000493487867061, 0.000531648111064, 0.000553007354029, -0.00164605188183, 0.00155392289162, -0.000231254700338], [0.000162626951351, -0.000412239169236, -6.02479049121e-05, -0.000711595348548, -0.000235398547375, -0.00110110221431, 0.00586902815849, -0.00100191112142, 0.00141684280243, -0.00108105305117, 0.000295141071547, -0.00179278815631, 0.0018089839723], [-4.45111254521e-05, 0.000626109249424, -0.000267056951998, -5.91290190641e-05, -0.00017939346435, -0.000493487867061, -0.00100191112142, 0.00819988269359, -0.00255926186219, 0.00154349766672, -0.000376806419808, -0.000118413074233, 0.000470535771456], [2.94615438179e-05, -0.000745423778426, 0.000752282445319, -0.000925183063373, -0.000897996185813, 0.000531648111064, 0.00141684280243, -0.00255926186219, 0.00994928833097, -0.00233578984626, 0.00206022709608, -0.000447141210316, 0.000687226187438], [-5.18032429682e-05, 0.000946511805523, -0.000579458253924, 0.000524854694959, -0.000790123536717, 0.000553007354029, -0.00108105305117, 0.00154349766672, -0.00233578984626, 0.0101661579683, -0.00256333197467, 0.000959818193223, -0.00243252073415], [0.000172174652107, -0.0011861755047, 0.00107021676376, -0.00154869514517, 0.000755797664169, -0.00164605188183, 0.000295141071547, -0.000376806419808, 0.00206022709608, -0.00256333197467, 0.0139074502513, -0.00345432502218, 0.00254909996875], [-0.000151892061695, 0.00114768091589, -0.000737410678994, 0.00168012967333, -0.000629367947113, 0.00155392289162, -0.00179278815631, -0.000118413074233, -0.000447141210316, 0.000959818193223, -0.00345432502218, 0.0136146936566, -0.00411134492606], [0.000159432325745, -0.00113489851356, 0.000346494023688, -0.00176858098712, 0.000574011355639, -0.000231254700338, 0.0018089839723, 0.000470535771456, 0.000687226187438, -0.00243252073415, 0.00254909996875, -0.00411134492606, 0.0150424065068]], "cov": [[20102.0253906, 25.3611450195, -341.849975586, -735.646728516, -851.828063965, 28.8637924194, -603.138549805, 3.1283159256, -64.4571075439, -122.75164032, -205.782806396, 83.2771377563, -143.651184082], [25.3611450195, 1571.98669434, -177.859634399, -242.228271484, 83.1527481079, -45.869140625, -10.7297782898, -98.7008743286, 58.4339523315, -73.9568252563, 59.6491622925, -67.4094161987, 51.2876205444], [-341.849975586, -177.859634399, 687.549255371, 2.12526082993, 27.3094654083, 26.271150589, 46.5391654968, 20.9137611389, -46.8354072571, 30.196352005, -39.2557296753, 36.5004005432, -8.62104797363], [-735.646728516, -242.228271484, 2.12526082993, 535.560546875, 17.2238674164, 35.6277160645, 57.1346435547, 32.3183441162, 26.4650669098, 17.6309356689, 36.7883338928, -30.7736148834, 31.4456996918], [-851.828063965, 83.1527481079, 27.3094654083, 17.2238674164, 372.509155273, 27.1212863922, 49.8594436646, 14.244635582, 44.0874061584, 28.875875473, -0.749328076839, 2.8856523037, 0.0295936148614], [28.8637924194, -45.869140625, 26.271150589, 35.6277160645, 27.1212863922, 202.809616089, 44.886756897, 19.8146533966, -16.6835098267, -3.13747310638, 20.444601059, -13.0232830048, -10.886973381], [-603.138549805, -10.7297782898, 46.5391654968, 57.1346435547, 49.8594436646, 44.886756897, 223.686584473, 23.4599208832, -19.9007492065, 15.0540828705, 19.9146995544, 15.7985038757, -13.3313302994], [3.1283159256, -98.7008743286, 20.9137611389, 32.3183441162, 14.244635582, 19.8146533966, 23.4599208832, 145.87638855, 28.2169857025, -8.81034374237, -3.69235515594, 5.09674358368, -12.4802026749], [-64.4571075439, 58.4339523315, -46.8354072571, 26.4650669098, 44.0874061584, -16.6835098267, -19.9007492065, 28.2169857025, 131.580657959, 17.8519935608, -9.94644260406, -7.7409696579, 5.29925346375], [-122.75164032, -73.9568252563, 30.196352005, 17.6309356689, 28.875875473, -3.13747310638, 15.0540828705, -8.81034374237, 17.8519935608, 120.174949646, 11.1634340286, 6.79462623596, 12.997013092], [-205.782806396, 59.6491622925, -39.2557296753, 36.7883338928, -0.749328076839, 20.444601059, 19.9146995544, -3.69235515594, -9.94644260406, 11.1634340286, 94.5400924683, 8.67777919769, -1.41498816013], [83.2771377563, -67.4094161987, 36.5004005432, -30.7736148834, 2.8856523037, -13.0232830048, 15.7985038757, 5.09674358368, -7.7409696579, 6.79462623596, 8.67777919769, 95.0219650269, 13.1559524536], [-143.651184082, 51.2876205444, -8.62104797363, 31.4456996918, 0.0295936148614, -10.886973381, -13.3313302994, -12.4802026749, 5.29925346375, 12.997013092, -1.41498816013, 13.1559524536, 83.2867736816]]}, "spectral_energyband_middle_low": {"dmean2": 0.0082720099017, "median": 0.00825340487063, "min": 1.5243247624e-22, "dvar2": 0.000257443054579, "dvar": 9.44212006289e-05, "dmean": 0.00495213549584, "max": 0.125838756561, "var": 0.0001592526678, "mean": 0.0119951888919}, "melbands_crest": {"dmean2": 4.6484913826, "median": 13.8973026276, "min": 1.67024469376, "dvar2": 18.5795383453, "dvar": 7.30518007278, "dmean": 2.84708094597, "max": 36.7065010071, "var": 25.2887935638, "mean": 14.6640920639}, "spectral_kurtosis": {"dmean2": 2.55551552773, "median": 3.78754997253, "min": -1.3167463541, "dvar2": 14.6900091171, "dvar": 6.31233644485, "dmean": 1.64206624031, "max": 75.5631561279, "var": 17.505645752, "mean": 4.78779506683}, "spectral_rms": {"dmean2": 0.00164708541706, "median": 0.00473161879927, "min": 3.18722695805e-12, "dvar2": 8.89748116606e-06, "dvar": 3.24260076923e-06, "dmean": 0.0009891850641, "max": 0.0173955634236, "var": 5.44545946468e-06, "mean": 0.0048272209242}, "zerocrossingrate": {"dmean2": 0.0164628010243, "median": 0.04931640625, "min": 0.00341796875, "dvar2": 0.000336549186613, "dvar": 0.000256980303675, "dmean": 0.0136200459674, "max": 0.50927734375, "var": 0.00225963816047, "mean": 0.0605591535568}, "silence_rate_60dB": {"dmean2": 0.0219455063343, "median": 0, "min": 0, "dvar2": 0.025538560003, "dvar": 0.0108533091843, "dmean": 0.010972077027, "max": 1, "var": 0.0720896199346, "mean": 0.0782174542546}, "erbbands_kurtosis": {"dmean2": 1.99282085896, "median": 0.427528321743, "min": -1.80678129196, "dvar2": 14.1761198044, "dvar": 6.6915807724, "dmean": 1.27970254421, "max": 171.705535889, "var": 13.5397758484, "mean": 1.31862735748}, "erbbands": {"dmean2": [0.271837502718, 2.74086403847, 6.19165182114, 5.83940219879, 10.7364053726, 17.3506412506, 11.9473247528, 16.9168167114, 19.0220890045, 14.6015787125, 19.9585819244, 23.6474761963, 23.4504070282, 22.4807071686, 19.882101059, 20.8152694702, 23.7221603394, 23.0413074493, 23.236656189, 25.4780464172, 20.5706539154, 11.5284423828, 12.3840770721, 12.1631155014, 12.0822639465, 11.9268884659, 8.89373493195, 6.83399534225, 6.14460802078, 5.3918337822, 4.52061510086, 4.10524892807, 2.34112977982, 1.27156698704, 0.699167847633, 0.466074973345, 0.129183188081, 0.163746491075, 0.00835107080638, 0.000202362934942], "median": [0.0766136720777, 1.27673482895, 2.89078783989, 2.41493701935, 5.69061517715, 8.09886455536, 7.61184978485, 8.73582458496, 7.07857608795, 5.22275829315, 5.48340797424, 5.97429132462, 7.15306568146, 6.35153722763, 5.68105602264, 5.51003551483, 3.93147754669, 4.72033452988, 3.65027236938, 3.50485658646, 3.02631759644, 2.43867349625, 2.66920185089, 2.93090248108, 2.23394632339, 1.89471507072, 1.44966030121, 1.07266020775, 1.02038967609, 1.1670101881, 1.2484023571, 1.09364318848, 0.673341035843, 0.340203285217, 0.178236097097, 0.114651307464, 0.023145802319, 0.0078759174794, 0.000720579409972, 5.45312432223e-05], "min": [3.00598716974e-22, 1.18939696453e-21, 4.25818039058e-21, 7.27488385075e-21, 1.25071380751e-20, 4.98568412373e-20, 5.31945020843e-20, 8.59248207703e-20, 1.77657211998e-19, 1.85463302514e-19, 5.06243427074e-19, 5.40202086351e-19, 7.65754335361e-19, 1.06561935323e-18, 1.49845091453e-18, 1.54944142941e-18, 1.99199215612e-18, 2.17792684818e-18, 2.51207762356e-18, 4.99284315222e-18, 3.86486658171e-18, 6.01129935525e-18, 6.92906906618e-18, 8.38892580128e-18, 6.48386763921e-18, 1.23369281705e-17, 1.43096521882e-17, 1.3626954386e-17, 1.14669831474e-17, 1.39128354504e-17, 1.45240557486e-17, 1.15035354315e-17, 9.8597935511e-18, 1.00499375585e-17, 6.83059197349e-18, 4.14972607798e-18, 2.60120840252e-18, 1.09618998412e-18, 2.83447524811e-19, 3.12358941248e-20], "dvar2": [0.793949186802, 66.5476150513, 349.829589844, 272.717773438, 311.072906494, 1397.51208496, 631.404418945, 2033.86804199, 3165.67553711, 2988.92285156, 3699.60205078, 4463.98242188, 4341.06103516, 3705.55737305, 5893.41601563, 4721.56591797, 9448.91796875, 12497.3457031, 24734.0429688, 34622.453125, 6033.49267578, 1228.41955566, 1501.17700195, 1453.69030762, 2062.953125, 1663.47192383, 965.020690918, 499.919555664, 387.384490967, 248.984054565, 163.999160767, 170.990921021, 45.5459899902, 11.0539007187, 2.68337059021, 1.61754357815, 0.107416376472, 0.231869265437, 0.000408516702009, 1.94115514773e-07], "dvar": [0.276405900717, 23.0787525177, 121.049552917, 94.1762542725, 113.422897339, 497.977142334, 233.199066162, 740.249633789, 1254.63037109, 1495.5637207, 1671.77685547, 2046.87878418, 2007.71508789, 1534.30969238, 2340.40258789, 1864.95825195, 3747.02148438, 5276.38330078, 9686.69042969, 12934.5087891, 2198.69702148, 498.178375244, 606.651855469, 627.077026367, 820.348266602, 717.48626709, 393.507843018, 202.365905762, 160.964767456, 112.622848511, 78.5539093018, 87.6275939941, 21.8651275635, 4.66446018219, 1.08430874348, 0.640224933624, 0.0416350476444, 0.079580180347, 0.000146081249113, 7.15790662298e-08], "dmean": [0.147924691439, 1.51687991619, 3.44685387611, 3.26803278923, 6.3493976593, 10.0941667557, 7.19643449783, 9.94386196136, 11.5243873596, 9.53191280365, 12.9047927856, 15.6474103928, 15.7748069763, 14.296836853, 12.5985765457, 12.8965368271, 14.8354206085, 14.8801851273, 14.652598381, 15.6943616867, 11.9378767014, 7.13433027267, 7.75552129745, 7.71646928787, 7.53970766068, 7.54507398605, 5.64651441574, 4.3304476738, 3.97008442879, 3.5736823082, 3.06703138351, 2.79930186272, 1.56253874302, 0.825432538986, 0.445435404778, 0.294634252787, 0.0785487741232, 0.0883727073669, 0.00468129804358, 0.000116309623991], "max": [4.65232515335, 47.0504722595, 124.647415161, 135.401992798, 172.569869995, 440.504516602, 385.798706055, 748.621276855, 1255.30957031, 2405.47509766, 1837.79125977, 1404.92236328, 1416.83032227, 1357.02856445, 1588.35144043, 2126.69628906, 2062.08813477, 4057.19702148, 5539.94091797, 7881.61132813, 1304.91625977, 684.205749512, 992.551025391, 1101.39245605, 1288.28820801, 984.817993164, 670.256225586, 444.928131104, 284.670593262, 425.367279053, 399.578491211, 302.793640137, 167.130218506, 74.9139709473, 22.3178291321, 21.2925605774, 5.28656578064, 2.37377333641, 0.194399416447, 0.00497477361932], "var": [0.163607954979, 14.8609256744, 85.4319000244, 66.3946151733, 224.416915894, 657.932922363, 356.49911499, 1166.00585938, 2276.14013672, 5199.03662109, 3774.33276367, 7403.01855469, 6270.53222656, 6085.95068359, 3618.28466797, 2731.61303711, 5908.89208984, 7634.94873047, 10984.0556641, 13035.1572266, 2271.55395508, 849.32800293, 1116.4552002, 1119.015625, 1356.98425293, 1449.83532715, 722.996276855, 326.121887207, 290.851135254, 243.483032227, 196.83454895, 284.235748291, 58.5823516846, 8.13819694519, 1.46720075607, 0.633700788021, 0.0419171415269, 0.047567602247, 0.000103707359813, 5.70072380413e-08], "mean": [0.154484212399, 2.07519745827, 5.10829114914, 4.43701696396, 10.5375699997, 15.4892492294, 12.9622802734, 18.1043491364, 19.9331493378, 19.5350494385, 22.3792800903, 31.0706501007, 31.893743515, 27.3857879639, 21.0283088684, 20.5876121521, 23.4997653961, 23.8432540894, 22.5854034424, 22.4075012207, 14.7507476807, 10.9157352448, 12.5373697281, 12.0713243484, 10.5975971222, 11.181221962, 8.45794868469, 6.18726062775, 6.03048610687, 6.0307469368, 5.5048289299, 5.19221353531, 2.70568537712, 1.27960169315, 0.626051127911, 0.36611109972, 0.0923146679997, 0.0650940909982, 0.003973395098, 0.000127827253891]}, "spectral_strongpeak": {"dmean2": 0.716068923473, "median": 0.366982251406, "min": 0, "dvar2": 2.32616519928, "dvar": 0.966466188431, "dmean": 0.417659968138, "max": 21.0519657135, "var": 1.68509459496, "mean": 0.779863297939}, "spectral_energy": {"dmean2": 0.0240602716804, "median": 0.0229479186237, "min": 1.0412376683e-20, "dvar2": 0.00324866897427, "dvar": 0.0011376994662, "dmean": 0.0138059100136, "max": 0.310170799494, "var": 0.000934119219892, "mean": 0.0294664129615}, "average_loudness": 0.849607944489, "spectral_rolloff": {"dmean2": 867.883178711, "median": 645.99609375, "min": 43.06640625, "dvar2": 3032740, "dvar": 1292532.625, "dmean": 514.639282227, "max": 19056.8847656, "var": 3265844.5, "mean": 1223.72900391}, "spectral_centroid": {"dmean2": 386.826477051, "median": 880.427368164, "min": 172.502441406, "dvar2": 260008.9375, "dvar": 132586.09375, "dmean": 257.451934814, "max": 11340.3066406, "var": 619533.375, "mean": 1095.92578125}, "pitch_salience": {"dmean2": 0.119899198413, "median": 0.540325045586, "min": 0.0538154952228, "dvar2": 0.0120050953701, "dvar": 0.00456768460572, "dmean": 0.0730265527964, "max": 0.848352849483, "var": 0.0138441128656, "mean": 0.533865690231}, "spectral_energyband_middle_high": {"dmean2": 0.0029662149027, "median": 0.00162919098511, "min": 1.26623590421e-21, "dvar2": 4.79897971672e-05, "dvar": 1.91249619093e-05, "dmean": 0.00187780591659, "max": 0.127856269479, "var": 4.26460283052e-05, "mean": 0.0041497386992}, "spectral_contrast_coeffs": {"dmean2": [0.0793036147952, 0.0717402696609, 0.0615748390555, 0.0536909811199, 0.0373198911548, 0.0291887726635], "median": [-0.653081536293, -0.729714989662, -0.77249622345, -0.791233360767, -0.805099964142, -0.795855522156], "min": [-0.972112894058, -0.979254961014, -0.985071480274, -0.979388892651, -0.964271664619, -0.963369786739], "dvar2": [0.00419477326795, 0.00365302735008, 0.00267963204533, 0.00200956454501, 0.00102528044954, 0.00079519249266], "dvar": [0.00154454167932, 0.00135007104836, 0.00109503755812, 0.000846372800879, 0.000448620616226, 0.000329633418005], "dmean": [0.0471689514816, 0.0438110493124, 0.0387454554439, 0.0334499105811, 0.0234882384539, 0.0183076132089], "max": [-0.303747534752, -0.379189074039, -0.45734462142, -0.48659864068, -0.553655207157, -0.572236299515], "var": [0.00697285542265, 0.00556501653045, 0.00536597752944, 0.00452347425744, 0.00235771294683, 0.001480591367], "mean": [-0.647421896458, -0.728445529938, -0.76373898983, -0.780395328999, -0.797163069248, -0.794007301331]}, "melbands_skewness": {"dmean2": 1.51454031467, "median": 2.93422698975, "min": -1.9115049839, "dvar2": 3.74667859077, "dvar": 1.59521842003, "dmean": 0.963627696037, "max": 19.9366703033, "var": 5.33070850372, "mean": 3.36781740189}, "spectral_spread": {"dmean2": 1214289.375, "median": 5396902, "min": 1174805.5, "dvar2": 2500524769280.0, "dvar": 1243711668220.0, "dmean": 820476.8125, "max": 47058308, "var": 4068304486400.0, "mean": 5584104.5}, "dissonance": {"dmean2": 0.0359283089638, "median": 0.463404655457, "min": 0.214938655496, "dvar2": 0.00122086144984, "dvar": 0.000454631284811, "dmean": 0.0215659830719, "max": 0.500000059605, "var": 0.00102297507692, "mean": 0.456258058548}, "spectral_skewness": {"dmean2": 0.373512387276, "median": 1.68509435654, "min": -0.166908666492, "dvar2": 0.178143814206, "dvar": 0.0840169861913, "dmean": 0.247892022133, "max": 6.85831832886, "var": 0.392932474613, "mean": 1.73917090893}, "spectral_flux": {"dmean2": 0.0503909215331, "median": 0.0635778456926, "min": 6.60812932152e-11, "dvar2": 0.00572932744399, "dvar": 0.00298797013238, "dmean": 0.0313590541482, "max": 0.525051832199, "var": 0.00462009012699, "mean": 0.080131880939}, "spectral_contrast_valleys": {"dmean2": [0.6343973279, 0.606179356575, 0.607050418854, 0.62171036005, 0.518916189671, 0.53024148941], "median": [-6.78323221207, -6.77405071259, -7.50676107407, -8.06784820557, -7.99902629852, -9.90267562866], "min": [-27.5662441254, -27.4985332489, -27.6017189026, -27.4430179596, -27.4481906891, -27.3082447052], "dvar2": [0.381706267595, 0.335641235113, 0.347036957741, 0.45653885603, 0.395044505596, 0.43372580409], "dvar": [0.167744457722, 0.149903520942, 0.158754646778, 0.208736047149, 0.203075930476, 0.243517816067], "dmean": [0.38727915287, 0.373751729727, 0.383438229561, 0.400491207838, 0.356388300657, 0.398676514626], "max": [-4.74080514908, -4.22450780869, -5.01321697235, -5.48085737228, -5.21194171906, -7.17957496643], "var": [2.20681428909, 2.35031223297, 2.11930513382, 2.11284208298, 2.00630116463, 2.26495957375], "mean": [-7.12208271027, -7.00281238556, -7.67638397217, -8.26291942596, -8.14412212372, -10.1618585587]}, "erbbands_flatness_db": {"dmean2": 0.0302366111428, "median": 0.128393650055, "min": 0.0385734811425, "dvar2": 0.000914099160582, "dvar": 0.000477590598166, "dmean": 0.0209967084229, "max": 0.441834539175, "var": 0.00190259306692, "mean": 0.132626086473}, "spectral_energyband_high": {"dmean2": 0.000882802938577, "median": 0.000318756734487, "min": 7.65104908107e-21, "dvar2": 4.30402315033e-06, "dvar": 2.06052118301e-06, "dmean": 0.000598540646024, "max": 0.0317736528814, "var": 5.48005300516e-06, "mean": 0.001067837351}, "spectral_entropy": {"dmean2": 0.318355351686, "median": 7.50911474228, "min": 5.30464410782, "dvar2": 0.11035720259, "dvar": 0.0585160404444, "dmean": 0.222614914179, "max": 9.81820487976, "var": 0.264899164438, "mean": 7.48286676407}, "silence_rate_20dB": {"dmean2": 0, "median": 1, "min": 1, "dvar2": 0, "dvar": 0, "dmean": 0, "max": 1, "var": 0, "mean": 1}, "melbands_flatness_db": {"dmean2": 0.0473081283271, "median": 0.226309895515, "min": 0.00332069816068, "dvar2": 0.0026513657067, "dvar": 0.00123108027037, "dmean": 0.0318575613201, "max": 0.513033747673, "var": 0.00539094116539, "mean": 0.229442447424}, "barkbands": {"dmean2": [0.000667228596285, 0.0114191947505, 0.00501885963604, 0.0019893317949, 0.00432519102469, 0.00183169683442, 0.00111370941158, 0.000893355580047, 0.00114783260506, 0.000678576296195, 0.000536078179721, 0.000523816503119, 0.000542404071894, 0.00045132995001, 0.000521806709003, 0.000414692534832, 0.000207392746233, 0.00024163814669, 0.000235364554101, 0.000249315751716, 0.000188580306713, 0.000172554326127, 0.000158607173944, 0.000158460214152, 0.000104564998765, 8.15917519503e-05, 0.000108086031105], "median": [2.73841651506e-05, 0.0051243416965, 0.00200065225363, 0.000710511230864, 0.00261970143765, 0.00106741965283, 0.000343667546986, 0.000210499492823, 0.000293982971925, 0.000171080246218, 9.05893393792e-05, 0.00013609213056, 7.33022