{"tonal": {"thpcp": [1, 0.456798046827, 0.18888823688, 0.145169362426, 0.163120493293, 0.255462765694, 0.269553869963, 0.240849256516, 0.276710420847, 0.201495885849, 0.134977385402, 0.243428498507, 0.275194913149, 0.271367251873, 0.439587771893, 0.392459213734, 0.163508862257, 0.0902721509337, 0.0845250561833, 0.133343666792, 0.330218344927, 0.384179353714, 0.20022931695, 0.111045531929, 0.104801364243, 0.0929787158966, 0.135205924511, 0.154982835054, 0.105869866908, 0.0874969139695, 0.0772684067488, 0.0819430947304, 0.156842067838, 0.226413086057, 0.347409337759, 0.884226381779], "hpcp": {"dmean2": [0.18292170763, 0.191543161869, 0.165877848864, 0.117701008916, 0.104372791946, 0.101270608604, 0.108577683568, 0.110111303627, 0.0975432619452, 0.0931930318475, 0.0854878276587, 0.0963352918625, 0.125012695789, 0.181743502617, 0.279480904341, 0.324040770531, 0.346801787615, 0.33218806982, 0.221934765577, 0.181224107742, 0.190124794841, 0.192603081465, 0.171227693558, 0.197878107429, 0.223414495587, 0.163147047162, 0.122249163687, 0.151288241148, 0.175207391381, 0.206094667315, 0.210207208991, 0.218054771423, 0.170336455107, 0.114054106176, 0.102331995964, 0.130902037024], "median": [0.081307053566, 0.0992978811264, 0.0426913425326, 0.00615554861724, 0.00418429262936, 0.00709075853229, 0.020761070773, 0.0220148880035, 0.0126644987613, 0.00557393301278, 0.0036491737701, 0.00649659382179, 0.0180890541524, 0.0219805724919, 0.0919284671545, 0.424922049046, 0.534095644951, 0.160641655326, 0.00646687392145, 0.00249246275052, 0.00632436014712, 0.0258382633328, 0.0290091782808, 0.030609510839, 0.0138668753207, 0.0131843741983, 0.0133589487523, 0.0414458811283, 0.0506707206368, 0.05020801723, 0.0487304292619, 0.0476301908493, 0.021214004606, 0.00667274836451, 0.00675530359149, 0.0203505158424], "min": [0, 0, 0, 0, 0, 0, 0, 0, 0, 0, 0, 0, 0, 0, 0, 0, 0, 0, 0, 0, 0, 0, 0, 0, 0, 0, 0, 0, 0, 0, 0, 0, 0, 0, 0, 0], "dvar2": [0.0732128471136, 0.0714419260621, 0.0712985247374, 0.0611195713282, 0.0598579831421, 0.052236109972, 0.0504905879498, 0.0540823638439, 0.0549617893994, 0.057653658092, 0.0463709831238, 0.0514911524951, 0.0623317547143, 0.094620667398, 0.12019340694, 0.116733983159, 0.129808217287, 0.145859956741, 0.136267408729, 0.122768059373, 0.13015563786, 0.120254360139, 0.0987387001514, 0.101756639779, 0.131988868117, 0.0750713646412, 0.0619787275791, 0.06549911201, 0.0741476714611, 0.0914527997375, 0.104026824236, 0.107148841023, 0.0915582254529, 0.0656658709049, 0.0576626136899, 0.0550413131714], "dvar": [0.0281785037369, 0.028164325282, 0.0248970873654, 0.0211700368673, 0.0209867432714, 0.0181827358902, 0.0182578228414, 0.0199313126504, 0.0191950686276, 0.0203107334673, 0.0166863128543, 0.0181692279875, 0.0225818641484, 0.0343252122402, 0.0427211523056, 0.0461080372334, 0.0522171333432, 0.0521232746542, 0.0495372600853, 0.0443593263626, 0.0468091182411, 0.0438520312309, 0.0366261377931, 0.0365666486323, 0.0495975278318, 0.0282963328063, 0.0228652525693, 0.0255390983075, 0.0290116053075, 0.0328605026007, 0.0393462590873, 0.0392626039684, 0.0314009077847, 0.0230672359467, 0.0201528873295, 0.0199414696544], "dmean": [0.110328875482, 0.116735436022, 0.0946925207973, 0.0652697980404, 0.0580054111779, 0.0562504082918, 0.0620858408511, 0.064186424017, 0.0547170676291, 0.0511630922556, 0.047270398587, 0.0527089424431, 0.0712429285049, 0.101456418633, 0.158301442862, 0.193919926882, 0.205450132489, 0.190021112561, 0.122752025723, 0.0987186357379, 0.1045890674, 0.1082547158, 0.097277879715, 0.110424287617, 0.124863833189, 0.0919370576739, 0.0699508935213, 0.089088357985, 0.103131175041, 0.11832690984, 0.122001983225, 0.125229015946, 0.0942129716277, 0.062241345644, 0.0560698769987, 0.0743299722672], "max": [1, 1, 1, 1, 1, 1, 1, 1, 1, 1, 1, 1, 1, 1, 1, 1, 1, 1, 1, 1, 1, 1, 1, 1, 1, 1, 1, 1, 1, 1, 1, 1, 1, 1, 1, 1], "var": [0.0550775900483, 0.0668715536594, 0.0279321130365, 0.0199201982468, 0.0215163268149, 0.0154933305457, 0.0214704629034, 0.0276669971645, 0.0170693341643, 0.0176783706993, 0.0144466431811, 0.0134819447994, 0.0300225205719, 0.0540193729103, 0.0552485361695, 0.123741596937, 0.131757825613, 0.0665509104729, 0.0481217354536, 0.0390607267618, 0.0435664691031, 0.06182641536, 0.0670532286167, 0.0422526076436, 0.0676644295454, 0.0372822955251, 0.0244683399796, 0.0481069795787, 0.0540806278586, 0.0421872921288, 0.113605350256, 0.0886954218149, 0.0284259282053, 0.0169974956661, 0.0147110363469, 0.018937189132], "mean": [0.178739100695, 0.207946866751, 0.108379222453, 0.0601062253118, 0.056726410985, 0.0503270998597, 0.0731836557388, 0.0838884115219, 0.0573047660291, 0.0473599359393, 0.0418234951794, 0.0443537905812, 0.0848947688937, 0.122551858425, 0.188044160604, 0.47861006856, 0.541275501251, 0.247253596783, 0.10224057734, 0.0785766169429, 0.0882931277156, 0.138275742531, 0.145902901888, 0.130365803838, 0.14977657795, 0.109064787626, 0.0730599537492, 0.131761878729, 0.148956269026, 0.146884441376, 0.237938091159, 0.212428554893, 0.0885033383965, 0.0488621033728, 0.0457513406873, 0.0721756592393]}, "tuning_equal_tempered_deviation": 0.200399488211, "chords_changes_rate": 0.0489731431007, "key_key": "G", "tuning_diatonic_strength": 0.568772614002, "key_scale": "minor", "chords_number_rate": 0.00112841348164, "tuning_frequency": 434.193115234, "tuning_nontempered_energy_ratio": 0.953274190426, "chords_histogram": [8.74520397186, 1.20740234852, 7.59422254562, 1.00428795815, 0.428797125816, 0.11284134537, 0.902730762959, 17.9643421173, 11.9273300171, 34.5068817139, 6.01444387436, 3.87045812607, 0.428797125816, 3.36267209053, 0, 0.361092299223, 0.157977879047, 0.191830292344, 0, 0, 0.135409608483, 0.0451365374029, 0.473933637142, 0.564206719398], "key_strength": 0.706016302109, "chords_key": "D", "chords_strength": {"dmean2": 0.00701006315649, "median": 0.51150560379, "min": 0.273864597082, "dvar2": 4.26227306889e-05, "dvar": 3.64545667253e-05, "dmean": 0.00714970799163, "max": 0.758768677711, "var": 0.00592415314168, "mean": 0.511363685131}, "chords_scale": "major", "hpcp_entropy": {"dmean2": 0.931688129902, "median": 2.03791093826, "min": 0, "dvar2": 0.618988990784, "dvar": 0.225785687566, "dmean": 0.55105894804, "max": 4.21633148193, "var": 0.536902964115, "mean": 2.01280832291}}, "metadata": {"audio_properties": {"equal_loudness": 0, "codec": "flac", "downmix": "mix", "sample_rate": 44100, "analysis_sample_rate": 44100, "bit_rate": 0, "md5_encoded": "32c1570c9b55baafbccf831c8f8507cc", "length": 411.493347168, "replay_gain": -13.2572040558, "lossless": true}, "version": {"essentia_build_sha": "2d9f1f26377add8aeb1075a9c2973f962c4f09fd", "essentia": "2.1-beta2", "extractor": "music 1.0", "essentia_git_sha": "v2.1_beta2-1-ge3940c0"}, "tags": {"title": ["Sunken Treasure"], "barcode": ["093624623625"], "media": ["CD"], "albumartist": ["Wilco"], "albumartistsort": ["Wilco"], "tracktotal": ["9"], "language": ["eng"], "releasetype": ["album"], "musicbrainz_recordingid": ["04f6056e-531b-4998-912d-9a482f115ee7"], "artistsort": ["Wilco"], "originaldate": ["1996-10-29"], "musicbrainz_albumid": ["d18b273a-4987-4594-a4db-419454c7e113"], "musicbrainz_albumartistid": ["9e53f84d-ef44-4c16-9677-5fd4d78cbd7d"], "originalyear": ["1996"], "lyricist": ["Jeff Tweedy"], "musicbrainz_releasegroupid": ["5aed5f2c-4b8a-35a7-9655-906e3ea72fa1"], "discnumber": ["2"], "album": ["Being There (Disc2)"], "catalognumber": ["9362-46236-2"], "releasecountry": ["US"], "file_name": "01 - Sunken Treasure.flac", "musicip_puid": ["2c25ef2d-60bf-e69e-206a-df8a6090a33e"], "work": ["Sunken Treasure"], "date": ["1996-10-29"], "genre": ["Indie"], "composersort": ["Tweedy, Jeff"], "disctotal": ["2"], "tracknumber": ["1"], "releasestatus": ["official"], "musicbrainz_artistid": ["9e53f84d-ef44-4c16-9677-5fd4d78cbd7d"], "asin": ["B000002N7G"], "musicbrainz_workid": ["d9bc26cf-b800-43ce-81db-4673c8025746"], "musicbrainz_releasetrackid": ["86f45edc-2e3c-340a-b846-d0f8130e5868"], "artist": ["Wilco"], "totaltracks": ["9"], "composer": ["Jeff Tweedy"], "bpm": ["124"], "label": ["Reprise Records"], "isrc": ["USRE19600169"], "totaldiscs": ["2"], "script": ["Latn"], "acoustid_id": ["de69c2e5-75ec-4270-9027-7db6541516df"]}}, "rhythm": {"bpm_histogram_first_peak_bpm": {"dmean2": 0, "median": 123, "min": 123, "dvar2": 0, "dvar": 0, "dmean": 0, "max": 123, "var": 0, "mean": 123}, "bpm": 123.831535339, "bpm_histogram_second_peak_spread": {"dmean2": 0, "median": 0.295336782932, "min": 0.295336782932, "dvar2": 0, "dvar": 0, "dmean": 0, "max": 0.295336782932, "var": 0, "mean": 0.295336782932}, "bpm_histogram_first_peak_weight": {"dmean2": 0, "median": 0.385598152876, "min": 0.385598152876, "dvar2": 0, "dvar": 0, "dmean": 0, "max": 0.385598152876, "var": 0, "mean": 0.385598152876}, "onset_rate": 2.76781702042, "beats_position": [0.49922901392, 1.03328800201, 1.55573689938, 2.06657600403, 2.56580495834, 3.06503391266, 3.5758728981, 4.09832191467, 4.59755086899, 5.0967798233, 5.59600877762, 6.10684776306, 6.6176867485, 7.11691617966, 7.61614513397, 8.11537361145, 8.60299301147, 9.11383247375, 9.61306095123, 10.0890703201, 10.5650787354, 11.0410881042, 11.5170974731, 12.0047159195, 12.4807252884, 12.9567346573, 13.4443531036, 13.9319725037, 14.4195919037, 14.90721035, 15.3948297501, 15.8824491501, 16.3700675964, 16.8692970276, 17.3685264587, 17.8561439514, 18.3437633514, 18.8313827515, 19.3190021515, 19.7950115204, 20.2710208893, 20.7470283508, 21.2346477509, 21.7222671509, 22.2098865509, 22.6975059509, 23.1735134125, 23.6611328125, 24.1371421814, 24.6015415192, 25.0659408569, 25.5303401947, 25.9947395325, 26.470746994, 26.9815864563, 27.4692058563, 27.9568252563, 28.4328346252, 28.9088420868, 29.3964614868, 29.8840808868, 30.3717002869, 30.8593196869, 31.3469390869, 31.8345565796, 32.322177887, 32.7981834412, 33.2741928101, 33.7618141174, 34.2494316101, 34.7370529175, 35.2130622864, 35.6890678406, 36.1766891479, 36.6643066406, 37.1635360718, 37.6627655029, 38.1503829956, 38.638004303, 39.1372337341, 39.6364631653, 40.124080658, 40.6116981506, 41.099319458, 41.5753288269, 42.0513381958, 42.5389556885, 43.0149650574, 43.50258255, 43.9902038574, 44.4662132263, 44.953830719, 45.4414520264, 45.9406776428, 46.4282989502, 46.9159164429, 47.415145874, 47.9027671814, 48.3787727356, 48.8547821045, 49.3307914734, 49.8068008423, 50.2828102112, 50.7588195801, 51.2464370728, 51.7224464417, 52.1984558105, 52.6744651794, 53.1620864868, 53.6380958557, 54.1257133484, 54.5901107788, 55.0661201477, 55.5421295166, 56.0181388855, 56.4941482544, 56.9817695618, 57.4693870544, 57.9570045471, 58.433013916, 58.9090232849, 59.3966445923, 59.884262085, 60.3718795776, 60.859500885, 61.3471183777, 61.8347396851, 62.3223571777, 62.7983665466, 63.2743759155, 63.7619934082, 64.2496109009, 64.748840332, 65.2480697632, 65.7356872559, 66.2233123779, 66.7109298706, 67.1985473633, 67.686164856, 68.1737823486, 68.6497955322, 69.1258010864, 69.60181427, 70.0778198242, 70.5654373169, 71.053062439, 71.5406799316, 72.0166854858, 72.4926986694, 72.9803161621, 73.4679336548, 73.9555511475, 74.4431762695, 74.9307937622, 75.4184112549, 75.8944168091, 76.3704299927, 76.8580474854, 77.345664978, 77.8332901001, 78.3209075928, 78.8201370239, 79.3077545166, 79.7953720093, 80.282989502, 80.7706069946, 81.2582321167, 81.7342376709, 82.2218551636, 82.7094802856, 83.1854858398, 83.661491394, 84.1491165161, 84.6367340088, 85.1243515015, 85.6003646851, 86.0763702393, 86.5639877319, 87.0516052246, 87.5392303467, 88.0268478394, 88.514465332, 89.0020828247, 89.4897003174, 89.965713501, 90.4417190552, 90.9293441772, 91.4169616699, 91.9045791626, 92.3921966553, 92.8798141479, 93.36743927, 93.8550567627, 94.3426742554, 94.830291748, 95.3179092407, 95.7939224243, 96.2699279785, 96.7459411621, 97.2219467163, 97.709564209, 98.1971893311, 98.6848068237, 99.1608123779, 99.6368255615, 100.124443054, 100.623672485, 101.111289978, 101.587303162, 102.074920654, 102.562538147, 103.038543701, 103.514556885, 104.002174377, 104.48979187, 104.977409363, 105.465034485, 105.952651978, 106.44026947, 106.927886963, 107.415504456, 107.891517639, 108.367523193, 108.831924438, 109.319541931, 109.795555115, 110.271560669, 110.759178162, 111.235191345, 111.722808838, 112.198822021, 112.686439514, 113.174057007, 113.6616745, 114.149291992, 114.625305176, 115.10131073, 115.577323914, 116.053329468, 116.54094696, 117.028572083, 117.516189575, 118.003807068, 118.491424561, 118.967437744, 119.443443298, 119.931060791, 120.418685913, 120.906303406, 121.393920898, 121.881538391, 122.369155884, 122.856781006, 123.321174622, 123.797187805, 124.273193359, 124.749206543, 125.236824036, 125.71282959, 126.200454712, 126.688072205, 127.187301636, 127.674919128, 128.150924683, 128.626937866, 129.10295105, 129.590560913, 130.078186035, 130.565795898, 131.041809082, 131.517822266, 132.005432129, 132.493057251, 132.969070435, 133.445083618, 133.932693481, 134.420318604, 134.907928467, 135.395553589, 135.883178711, 136.370788574, 136.858413696, 137.34602356, 137.833648682, 138.321273804, 138.797271729, 139.273284912, 139.760910034, 140.248519897, 140.73614502, 141.223754883, 141.711380005, 142.199005127, 142.675003052, 143.151016235, 143.638641357, 144.126251221, 144.602264404, 145.078277588, 145.565887451, 146.041900635, 146.517913818, 146.993927002, 147.481536865, 147.969161987, 148.445159912, 148.932785034, 149.408798218, 149.884811401, 150.372421265, 150.860046387, 151.34765625, 151.835281372, 152.322906494, 152.810516357, 153.298141479, 153.774139404, 154.250152588, 154.73777771, 155.213790894, 155.689788818, 156.189025879, 156.688247681, 157.187484741, 157.675094604, 158.174331665, 158.661941528, 159.137954712, 159.613967896, 160.101577759, 160.589202881, 161.076828003, 161.564437866, 162.052062988, 162.539672852, 163.027297974, 163.514923096, 164.002532959, 164.490158081, 164.966171265, 165.442169189, 165.929794312, 166.417419434, 166.905029297, 167.392654419, 167.880264282, 168.367889404, 168.855514526, 169.34312439, 169.830749512, 170.318359375, 170.817596436, 171.316818237, 171.804443359, 172.292053223, 172.791290283, 173.290512085, 173.778137207, 174.265762329, 174.753372192, 175.240997314, 175.728607178, 176.204620361, 176.680633545, 177.168243408, 177.65586853, 178.143493652, 178.631103516, 179.118728638, 179.606338501, 180.093963623, 180.581588745, 181.069198608, 181.568435669, 182.067657471, 182.555282593, 183.042892456, 183.530517578, 184.006530762, 184.482528687, 184.95854187, 185.434555054, 185.910568237, 186.386566162, 186.862579346, 187.350204468, 187.826202393, 188.313827515, 188.801452637, 189.2890625, 189.776687622, 190.264297485, 190.751922607, 191.239547729, 191.727157593, 192.214782715, 192.702392578, 193.201629639, 193.70085144, 194.188476563, 194.676101685, 195.163711548, 195.65133667, 196.138946533, 196.626571655, 197.114196777, 197.590194702, 198.066207886, 198.553833008, 199.029830933, 199.529067993, 200.016693115, 200.504302979, 200.991928101, 201.479537964, 201.978775024, 202.454788208, 202.95401001, 203.453231812, 203.952468872, 204.440093994, 204.939315796, 205.426940918, 205.914550781, 206.402175903, 206.901397705, 207.400634766, 207.911468506, 208.399093628, 208.886703491, 209.362716675, 209.861953735, 210.349563599, 210.837188721, 211.324798584, 211.812423706, 212.300048828, 212.79927063, 213.298492432, 213.797729492, 214.273742676, 214.761352539, 215.248977661, 215.748199463, 216.247436523, 216.735046387, 217.222671509, 217.698684692, 218.174682617, 218.662307739, 219.149932861, 219.649154663, 220.125167847, 220.61277771, 221.100402832, 221.564804077, 222.029205322, 222.493606567, 222.958007813, 223.422393799, 223.886795044, 224.339584351, 224.792373657, 225.245162964, 225.697952271, 226.162353516, 226.626754761, 227.091156006, 227.555557251, 228.019943237, 228.484344482, 228.948745728, 229.413146973, 229.877548218, 230.341949463, 230.806350708, 231.270736694, 231.735137939, 232.199539185, 232.652328491, 233.116729736, 233.569519043, 234.033920288, 234.498321533, 234.962722778, 235.427108765, 235.89151001, 236.355911255, 236.808700562, 237.273101807, 237.725891113, 238.190292358, 238.654693604, 239.119094849, 239.583480835, 240.04788208, 240.500671387, 240.965072632, 241.417861938, 241.882263184, 242.346664429, 242.811065674, 243.26385498, 243.716644287, 244.181045532, 244.633834839, 245.086624146, 245.551010132, 246.015411377, 246.479812622, 246.944213867, 247.408615112, 247.873016357, 248.337417603, 248.801803589, 249.266204834, 249.730606079, 250.195007324, 250.647796631, 251.100585938, 251.564987183, 252.029388428, 252.493789673, 252.958175659, 253.422576904, 253.875366211, 254.328155518, 254.792556763, 255.256958008, 255.721359253, 256.185760498, 256.650146484, 257.114562988, 257.567352295, 258.020141602, 258.484527588, 258.937316895, 259.390106201, 259.854522705, 260.318908691, 260.783294678, 261.247711182, 261.700500488, 262.153289795, 262.617675781, 263.082092285, 263.546478271, 264.010864258, 264.475280762, 264.928070068, 265.380859375, 265.833648682, 266.286437988, 266.750823975, 267.215240479, 267.679626465, 268.132415771, 268.585205078, 269.049621582, 269.514007568, 269.966796875, 270.431182861, 270.907196045, 271.371612549, 271.835998535, 272.312011719, 272.799621582, 273.287261963, 273.786468506, 274.285705566, 274.784942627, 275.27255249, 275.760162354, 276.259399414, 276.758636475, 277.246246338, 277.733886719, 278.209869385, 278.697509766, 279.173522949, 279.661132813, 280.148742676, 280.636352539, 281.12399292, 281.611602783, 282.099212646, 282.598449707, 283.097686768, 283.573699951, 284.049713135, 284.514099121, 285.001708984, 285.489349365, 285.976959229, 286.464569092, 286.952209473, 287.439819336, 287.927429199, 288.415039063, 288.902679443, 289.390289307, 289.87789917, 290.365539551, 290.841522217, 291.329162598, 291.805175781, 292.292785645, 292.780395508, 293.268035889, 293.744018555, 294.243255615, 294.742492676, 295.241729736, 295.740936279, 296.24017334, 296.727783203, 297.215423584, 297.703033447, 298.179046631, 298.666656494, 299.154266357, 299.641906738, 300.117919922, 300.605529785, 301.093139648, 301.569152832, 302.045166016, 302.521179199, 302.997192383, 303.484802246, 303.972412109, 304.46005249, 304.947662354, 305.435272217, 305.92288208, 306.398895264, 306.886535645, 307.374145508, 307.850158691, 308.326171875, 308.802185059, 309.289794922, 309.777404785, 310.265014648, 310.741027832, 311.228668213, 311.704650879, 312.180664063, 312.656677246, 313.13269043, 313.608703613, 314.084716797, 314.56072998, 315.036743164, 315.51272583, 316.000366211, 316.476379395, 316.963989258, 317.463226318, 317.950836182, 318.438446045, 318.914459229, 319.390472412, 319.866485596, 320.342498779, 320.818511963, 321.294494629, 321.770507813, 322.246520996, 322.72253418, 323.198547363, 323.686157227, 324.17376709, 324.661407471, 325.137420654, 325.61340332, 326.101043701, 326.588653564, 327.053070068, 327.529052734, 328.005065918, 328.481079102, 328.957092285, 329.433105469, 329.909118652, 330.396728516, 330.872741699, 331.360351563, 331.836364746, 332.31237793, 332.788391113, 333.2527771, 333.728790283, 334.204803467, 334.68081665, 335.156829834, 335.62121582, 336.097229004, 336.573242188, 337.049255371, 337.525268555, 337.989654541, 338.454040527, 338.930053711, 339.406066895, 339.882080078, 340.358093262, 340.834106445, 341.310119629, 341.774505615, 342.238891602, 342.703308105, 343.167694092, 343.643707275, 344.119720459, 344.595733643, 345.071746826, 345.536132813, 346.000549316, 346.464935303, 346.940948486, 347.41696167, 347.881347656, 348.34576416, 348.810150146, 349.28616333, 349.762176514, 350.238189697, 350.714202881, 351.190185547, 351.66619873, 352.142211914, 352.618225098, 353.082611084, 353.547027588, 354.011413574, 354.475830078, 354.963439941, 355.439453125, 355.903839111, 356.379852295, 356.844268799, 357.320251465, 357.784667969, 358.249053955, 358.725067139, 359.201080322, 359.665466309, 360.141479492, 360.617492676, 361.093505859, 361.581115723, 362.068756104, 362.556365967, 363.020751953, 363.47354126, 363.926330566, 364.39074707, 364.866760254, 365.33114624, 365.807159424, 366.294769287, 366.770782471, 367.270019531, 367.769256592, 368.268463135, 368.756103516, 369.232116699, 369.708099365, 370.195739746, 370.660125732, 371.147735596, 371.623748779, 372.099761963, 372.575775146, 373.05178833, 373.527801514, 374.003814697, 374.50302124, 374.979034424, 375.455047607, 375.931060791, 376.395446777, 376.859863281, 377.324249268, 377.777038574, 378.229827881, 378.682617188, 379.123809814, 379.564971924, 380.006164551, 380.458953857, 380.911743164, 381.387756348, 381.852142334, 382.316558838, 382.769348145, 383.222137451, 383.674926758, 384.127716064, 384.592102051, 385.056488037, 385.520904541, 385.985290527, 386.449707031, 386.914093018, 387.378509521, 387.831298828, 388.284088135, 388.748474121, 389.224487305, 389.688873291, 390.141662598, 390.606079102, 391.058868408, 391.511657715, 391.964447021, 392.428833008, 392.893249512, 393.346038818, 393.810424805, 394.263214111, 394.716003418, 395.168792725, 395.633178711, 396.085968018, 396.550384521, 397.003173828, 397.444335938, 397.897125244, 398.361541748, 398.814331055, 399.267120361, 399.731506348, 400.207519531, 400.695129395, 401.182769775, 401.681976318, 402.181213379, 402.680450439, 403.063568115, 403.435089111, 403.818237305, 404.20135498, 404.584472656, 404.955993652, 405.327514648, 405.687438965, 406.058959961, 406.442077637, 406.825195313, 407.196716309, 407.579864502, 407.951385498, 408.322906494, 408.69442749, 409.065948486, 409.425842285, 409.785766602, 410.1456604, 410.517181396, 410.888702393], "beats_loudness": {"dmean2": 0.0547372065485, "median": 0.0424063801765, "min": 1.78413003482e-07, "dvar2": 0.00204297038727, "dvar": 0.000618269201368, "dmean": 0.0289513971657, "max": 0.147790253162, "var": 0.000868293864187, "mean": 0.0443016961217}, "danceability": 1.0182980299, "bpm_histogram_second_peak_weight": {"dmean2": 0, "median": 0.157955870032, "min": 0.157955870032, "dvar2": 0, "dvar": 0, "dmean": 0, "max": 0.157955870032, "var": 0, "mean": 0.157955870032}, "beats_count": 862, "bpm_histogram_second_peak_bpm": {"dmean2": 0, "median": 129, "min": 129, "dvar2": 0, "dvar": 0, "dmean": 0, "max": 129, "var": 0, "mean": 129}, "bpm_histogram_first_peak_spread": {"dmean2": 0, "median": 0.47468355298, "min": 0.47468355298, "dvar2": 0, "dvar": 0, "dmean": 0, "max": 0.47468355298, "var": 0, "mean": 0.47468355298}, "beats_loudness_band_ratio": {"dmean2": [0.355321794748, 0.249641388655, 0.176101967692, 0.0932722613215, 0.0436772555113, 0.0429136380553], "median": [0.621526360512, 0.178967535496, 0.0884366333485, 0.0338981077075, 0.00785680674016, 0.0109394434839], "min": [0.0324753336608, 0.0056628184393, 0.00281684519723, 0.000676109164488, 4.5290656999e-05, 5.90563940932e-05], "dvar2": [0.0672886446118, 0.0470358021557, 0.0379636511207, 0.02041541785, 0.00421709613875, 0.00233783340082], "dvar": [0.0244476068765, 0.015821846202, 0.0130986236036, 0.00703788455576, 0.00130743859336, 0.000829856086057], "dmean": [0.208722665906, 0.140676751733, 0.102657608688, 0.0516599602997, 0.0236290730536, 0.0234669726342], "max": [0.964558959007, 0.90165156126, 0.824019372463, 0.707112312317, 0.309227436781, 0.354587137699], "var": [0.0420374013484, 0.0201439205557, 0.0147775486112, 0.00549997622147, 0.00125902658328, 0.000816646788735], "mean": [0.600407838821, 0.213571935892, 0.12783460319, 0.0547407604754, 0.0218992382288, 0.0207407902926]}}, "lowlevel": {"barkbands_spread": {"dmean2": 4.68763256073, "median": 6.82545757294, "min": 0.828266918659, "dvar2": 67.9543609619, "dvar": 32.3283157349, "dmean": 3.04707288742, "max": 106.720733643, "var": 97.3519363403, "mean": 9.98205852509}, "melbands_spread": {"dmean2": 4.34647750854, "median": 6.76339960098, "min": 0.782871425152, "dvar2": 74.0230178833, "dvar": 38.4200630188, "dmean": 2.80696487427, "max": 238.546966553, "var": 127.323829651, "mean": 9.70831489563}, "hfc": {"dmean2": 5.89648675919, "median": 6.63692235947, "min": 1.09732562451e-16, "dvar2": 160.938705444, "dvar": 77.9110717773, "dmean": 4.12057876587, "max": 215.577468872, "var": 286.129638672, "mean": 13.6684055328}, "barkbands_kurtosis": {"dmean2": 6.85721111298, "median": 5.87548685074, "min": -1.9156883955, "dvar2": 118.778747559, "dvar": 46.7456474304, "dmean": 4.3272023201, "max": 143.288986206, "var": 109.919265747, "mean": 9.0397567749}, "gfcc": {"mean": [-59.2434425354, 139.742263794, -66.2827072144, -0.199770465493, -44.7428283691, 4.82052898407, -29.3538303375, -2.55307006836, -21.4347743988, -1.02580070496, -14.6896686554, -1.89214360714, -12.6575088501], "icov": [[0.000237144980929, -2.36050436797e-05, 0.00039549608482, -0.000100834782643, 0.000211146179936, -0.000240536857746, 0.000421040487709, -0.000531123485416, 0.000470026250696, -0.00045691037667, 0.000376544543542, -0.000362120830687, 7.1416143328e-05], [-2.36050436797e-05, 0.00190034683328, -0.000160940195201, 0.00142352236435, -0.000652823830023, 0.000879942148458, -0.00141250039451, 0.00133730948437, -0.00244514271617, 0.00249307905324, -0.00292426953092, 0.00175425456837, -0.00193119817413], [0.00039549608482, -0.000160940195201, 0.0018650215352, 7.33818451408e-05, 0.000327143468894, -0.000179229551577, 8.43265515869e-05, -0.00118709797971, 0.00126771675423, -0.00264242175035, 0.00126175570767, -0.00248641800135, 0.000563185720239], [-0.000100834782643, 0.00142352236435, 7.33818451408e-05, 0.00355290761217, 0.00033523858292, 0.000614633143414, -0.000693199399393, 0.000485621043481, -0.00185150327161, 0.00151992181782, -0.00225647701882, 0.00119532283861, -0.00206632423215], [0.000211146179936, -0.000652823830023, 0.000327143468894, 0.00033523858292, 0.0049385051243, 0.000137495648232, 0.000192727617105, -0.00013043358922, -0.000898666970897, -0.00112800393254, 0.00160366715863, -0.000575348036364, 4.4797652663e-05], [-0.000240536857746, 0.000879942148458, -0.000179229551577, 0.000614633143414, 0.000137495648232, 0.00736666982993, -0.00175324815791, -0.000999590032734, -0.000321575149428, -0.00121095974464, 0.000171032850631, 0.000615458702669, -0.00124733103439], [0.000421040487709, -0.00141250039451, 8.43265515869e-05, -0.000693199399393, 0.000192727617105, -0.00175324815791, 0.00920128636062, -0.00301215448417, 0.000938856799621, -0.000656226300634, 0.000202754352358, -0.00180402898695, 0.000850895070471], [-0.000531123485416, 0.00133730948437, -0.00118709797971, 0.000485621043481, -0.00013043358922, -0.000999590032734, -0.00301215448417, 0.0109111396596, -0.0038797587622, 0.00163148250431, -0.0026880800724, 0.000657488708384, -0.000742084463127], [0.000470026250696, -0.00244514271617, 0.00126771675423, -0.00185150327161, -0.000898666970897, -0.000321575149428, 0.000938856799621, -0.0038797587622, 0.0182673670352, -0.00618889788166, 0.00201976415701, -0.000686606857926, -0.000205862961593], [-0.00045691037667, 0.00249307905324, -0.00264242175035, 0.00151992181782, -0.00112800393254, -0.00121095974464, -0.000656226300634, 0.00163148250431, -0.00618889788166, 0.0194168202579, -0.00723729142919, 0.00374676007777, -0.00432249438018], [0.000376544543542, -0.00292426953092, 0.00126175570767, -0.00225647701882, 0.00160366715863, 0.000171032850631, 0.000202754352358, -0.0026880800724, 0.00201976415701, -0.00723729142919, 0.020460980013, -0.00912823993713, 0.0045234663412], [-0.000362120830687, 0.00175425456837, -0.00248641800135, 0.00119532283861, -0.000575348036364, 0.000615458702669, -0.00180402898695, 0.000657488708384, -0.000686606857926, 0.00374676007777, -0.00912823993713, 0.022694023326, -0.00795680843294], [7.1416143328e-05, -0.00193119817413, 0.000563185720239, -0.00206632423215, 4.4797652663e-05, -0.00124733103439, 0.000850895070471, -0.000742084463127, -0.000205862961593, -0.00432249438018, 0.0045234663412, -0.00795680843294, 0.0187353976071]], "cov": [[11674.7412109, -2706.09570313, -2051.49804688, 933.079772949, -746.858093262, 475.703308105, -627.036254883, 314.853851318, -326.576324463, 10.6529512405, -269.431274414, -113.334381104, -68.6691818237], [-2706.09570313, 2350.03173828, 84.1649093628, -612.98638916, 408.831817627, -287.239776611, 267.661376953, -188.356079102, 216.663772583, -125.372390747, 165.92515564, -20.8768482208, 67.2253036499], [-2051.49804688, 84.1649093628, 1361.12414551, -156.391113281, 48.7027740479, 32.4238777161, 145.983306885, 80.8205337524, 16.2671699524, 149.912261963, 59.5708312988, 140.403701782, 36.9563484192], [933.079772949, -612.98638916, -156.391113281, 517.497802734, -140.235229492, 55.0367126465, -62.5257377625, 51.8155899048, -27.3135986328, 16.1592330933, -13.5752687454, 1.33270943165, 11.1971282959], [-746.858093262, 408.831817627, 48.7027740479, -140.235229492, 297.184997559, -56.0587654114, 47.9598693848, -38.1690216064, 55.4485092163, -7.70081329346, 12.3002433777, -3.98649048805, 14.0947599411], [475.703308105, -287.239776611, 32.4238777161, 55.0367126465, -56.0587654114, 198.471603394, 3.71996545792, 61.5702857971, -17.9330863953, 40.1199493408, -15.5296049118, 11.1380519867, 6.83021640778], [-627.036254883, 267.661376953, 145.983306885, -62.5257377625, 47.9598693848, 3.71996545792, 180.038085938, 25.6738109589, 32.9496459961, 5.82288169861, 37.8508300781, 23.5230827332, 14.225897789], [314.853851318, -188.356079102, 80.8205337524, 51.8155899048, -38.1690216064, 61.5702857971, 25.6738109589, 147.430358887, 5.90439558029, 30.7194099426, 8.08540344238, 21.2146892548, 5.74355983734], [-326.576324463, 216.663772583, 16.2671699524, -27.3135986328, 55.4485092163, -17.9330863953, 32.9496459961, 5.90439558029, 92.3049316406, 12.4213485718, 21.1240882874, 0.639433383942, 16.538898468], [10.6529512405, -125.372390747, 149.912261963, 16.1592330933, -7.70081329346, 40.1199493408, 5.82288169861, 30.7194099426, 12.4213485718, 96.4565887451, 17.3689956665, 20.3482265472, 14.7923536301], [-269.431274414, 165.92515564, 59.5708312988, -13.5752687454, 12.3002433777, -15.5296049118, 37.8508300781, 8.08540344238, 21.1240882874, 17.3689956665, 87.6641693115, 29.4478378296, 7.96022939682], [-113.334381104, -20.8768482208, 140.403701782, 1.33270943165, -3.98649048805, 11.1380519867, 23.5230827332, 21.2146892548, 0.639433383942, 20.3482265472, 29.4478378296, 77.3675079346, 25.1787929535], [-68.6691818237, 67.2253036499, 36.9563484192, 11.1971282959, 14.0947599411, 6.83021640778, 14.225897789, 5.74355983734, 16.538898468, 14.7923536301, 7.96022939682, 25.1787929535, 73.0584030151]]}, "spectral_energyband_middle_low": {"dmean2": 0.00990889407694, "median": 0.0120753720403, "min": 1.69750245029e-22, "dvar2": 0.000239158791373, "dvar": 9.35039643082e-05, "dmean": 0.00617924006656, "max": 0.133385032415, "var": 0.000274302088656, "mean": 0.0175895094872}, "melbands_crest": {"dmean2": 4.89606237411, "median": 13.5965852737, "min": 1.58413040638, "dvar2": 21.0859947205, "dvar": 7.6179599762, "dmean": 2.93416905403, "max": 32.632019043, "var": 18.1730442047, "mean": 14.140540123}, "spectral_kurtosis": {"dmean2": 11.8967428207, "median": 12.4533700943, "min": -1.25122177601, "dvar2": 294.727172852, "dvar": 132.739562988, "dmean": 7.65317106247, "max": 202.508407593, "var": 694.487304688, "mean": 23.1656761169}, "spectral_rms": {"dmean2": 0.00110038893763, "median": 0.00478294631466, "min": 3.14709478096e-12, "dvar2": 1.65928167917e-06, "dvar": 7.20593334336e-07, "dmean": 0.000708686129656, "max": 0.0143552450463, "var": 4.51503365184e-06, "mean": 0.00499865738675}, "zerocrossingrate": {"dmean2": 0.00865947734565, "median": 0.0234375, "min": 0.0029296875, "dvar2": 0.00015989561507, "dvar": 0.00012294948101, "dmean": 0.00718764215708, "max": 0.5263671875, "var": 0.000848741503432, "mean": 0.0316777788103}, "silence_rate_60dB": {"dmean2": 0.0273122284561, "median": 0, "min": 0, "dvar2": 0.0309560969472, "dvar": 0.0134657658637, "dmean": 0.0136553440243, "max": 1, "var": 0.0497600138187, "mean": 0.0525306090713}, "erbbands_kurtosis": {"dmean2": 2.09962749481, "median": 1.01582300663, "min": -1.86278533936, "dvar2": 12.3142585754, "dvar": 4.87713527679, "dmean": 1.34161138535, "max": 110.683609009, "var": 12.5308961868, "mean": 2.10816550255}, "erbbands": {"dmean2": [0.10912347585, 1.25488495827, 3.44508957863, 13.5604038239, 14.0109024048, 14.7404403687, 23.9527645111, 19.6947097778, 17.1624317169, 16.8315410614, 21.3354167938, 23.7797660828, 21.1264362335, 17.7199440002, 13.8913564682, 14.7995691299, 13.8874387741, 15.5584335327, 13.2801980972, 10.6976947784, 6.44659614563, 4.28501939774, 3.13258814812, 2.87423300743, 3.25098586082, 2.67151975632, 1.92074418068, 2.11769104004, 2.04888129234, 1.57829010487, 1.52513623238, 1.09987270832, 1.01454854012, 0.639914512634, 0.372297763824, 0.260620564222, 0.113536000252, 0.0349545553327, 0.00411756942049, 0.000201443399419], "median": [0.0830226317048, 0.90901941061, 2.41541004181, 6.09952116013, 7.10503578186, 8.30820655823, 16.500087738, 11.8779411316, 10.4836406708, 7.9561252594, 13.3437051773, 7.96134090424, 7.52867269516, 5.44897127151, 6.23509788513, 4.30231714249, 2.29185819626, 2.35208106041, 1.72466850281, 1.01444542408, 0.647012591362, 0.46977686882, 0.398965924978, 0.363154739141, 0.34840002656, 0.292165637016, 0.171246990561, 0.121073774993, 0.115054219961, 0.100995197892, 0.0844137147069, 0.0519672557712, 0.0418784581125, 0.0218886714429, 0.00994898658246, 0.00464282790199, 0.00173788145185, 0.00167073518969, 7.71472623455e-05, 3.63149592886e-05], "min": [5.11554745356e-23, 4.87122391524e-22, 5.38688570397e-21, 1.02457207922e-20, 2.31609069019e-20, 4.15862306463e-20, 6.52592641293e-20, 2.71660976564e-19, 2.46569098917e-19, 2.13602358441e-19, 2.47991978818e-19, 2.24323911649e-19, 3.61557621368e-19, 1.00909355248e-18, 1.51321712244e-18, 1.57505187176e-18, 2.53781534832e-18, 2.09873112877e-18, 2.8424157167e-18, 3.74149797003e-18, 4.87337717866e-18, 4.84204895373e-18, 7.74848782946e-18, 9.01061489734e-18, 9.27398175975e-18, 9.97792404156e-18, 1.2411545652e-17, 1.12208439756e-17, 1.36388376627e-17, 1.55016260683e-17, 1.39376955365e-17, 1.36466330128e-17, 1.15858953236e-17, 8.04188052092e-18, 5.9829630426e-18, 4.80899936594e-18, 2.73988833414e-18, 1.02080560277e-18, 2.63699182222e-19, 2.81337826508e-20], "dvar2": [0.115855813026, 8.13002872467, 39.7828369141, 541.885681152, 701.733825684, 612.593994141, 1564.16430664, 1712.89294434, 1317.34472656, 1116.10229492, 3486.74121094, 7850.86083984, 5314.36669922, 2536.2109375, 1114.94274902, 3308.89013672, 2424.09912109, 3814.63525391, 1668.6862793, 1512.27185059, 348.200897217, 148.673217773, 115.552406311, 80.0620040894, 167.540283203, 95.6567764282, 68.0931854248, 120.467819214, 118.64302063, 48.8663063049, 50.0405006409, 25.5756950378, 30.9472618103, 7.52674341202, 1.44090974331, 0.813016355038, 0.148490130901, 0.0174128860235, 0.000180745337275, 3.81454839271e-07], "dvar": [0.0472985580564, 3.03148651123, 13.8426523209, 198.171783447, 249.593887329, 230.064743042, 558.072875977, 630.707763672, 522.725341797, 444.838531494, 1851.10058594, 4649.55761719, 2931.81323242, 1178.18664551, 488.375, 1469.16845703, 1172.36584473, 2157.25830078, 718.964477539, 572.071411133, 136.729644775, 61.2688102722, 46.2327384949, 32.5162353516, 69.3656616211, 41.9470291138, 28.1250267029, 56.1145706177, 58.0283432007, 21.2046127319, 21.9655399323, 12.1999540329, 12.8981609344, 3.19500255585, 0.651428937912, 0.357675850391, 0.0640276074409, 0.00734503101557, 7.72425919422e-05, 1.60457744869e-07], "dmean": [0.0659214481711, 0.734217762947, 2.0369052887, 8.1906414032, 8.33027648926, 8.86767292023, 14.7839326859, 11.9292831421, 10.407497406, 10.3579339981, 14.57908535, 16.8614578247, 14.3740673065, 11.2627592087, 8.93076896667, 9.50960540771, 9.13266658783, 10.2130241394, 8.40888977051, 6.56783246994, 3.9386241436, 2.69112229347, 1.97576785088, 1.79578244686, 2.06732678413, 1.74141514301, 1.25516271591, 1.41683006287, 1.37690544128, 1.03642523289, 1.0090110302, 0.730526983738, 0.663798570633, 0.4218300879, 0.250896334648, 0.175486624241, 0.0747115314007, 0.0230583902448, 0.00269281887449, 0.000131691180286], "max": [3.47430300713, 36.1295051575, 71.1339035034, 185.543792725, 211.926773071, 251.91027832, 558.012207031, 497.030212402, 838.290283203, 558.195678711, 2141.55615234, 3355.72485352, 2983.16772461, 2163.38647461, 1182.42614746, 2866.72607422, 1832.3137207, 2739.93994141, 968.805786133, 1500.83203125, 377.823883057, 331.736572266, 254.945587158, 234.807067871, 399.959564209, 344.268341064, 180.921569824, 374.088348389, 689.569946289, 218.342697144, 214.87286377, 162.594299316, 172.230117798, 47.5523223877, 28.348110199, 23.1804523468, 7.43711853027, 3.16515684128, 0.176168695092, 0.0073744347319], "var": [0.0581658408046, 3.58594989777, 17.7417049408, 297.348968506, 351.953186035, 426.522125244, 1171.63879395, 1205.92907715, 1066.29223633, 1061.08288574, 5488.88037109, 21258.7207031, 9105.04492188, 6692.56689453, 1714.10705566, 3589.83544922, 4513.27050781, 7462.35058594, 1544.80297852, 1136.54785156, 427.639343262, 165.623825073, 78.6022415161, 65.5596618652, 128.392028809, 85.6547851563, 40.495475769, 109.568771362, 137.300476074, 38.23853302, 36.0819702148, 21.1984977722, 14.2993516922, 3.51207780838, 0.876571416855, 0.450830340385, 0.0809148326516, 0.00832299049944, 8.41744185891e-05, 1.74598895342e-07], "mean": [0.14226385951, 1.42203652859, 3.61425232887, 12.4459543228, 13.7857208252, 15.5494852066, 28.1021938324, 23.2472133636, 19.6906490326, 19.120798111, 30.2210025787, 38.3910675049, 31.2869434357, 24.0908737183, 19.5639705658, 18.6734848022, 19.6559314728, 21.6229858398, 15.9688453674, 12.8687334061, 8.34125900269, 5.4606423378, 3.4746029377, 3.3486802578, 3.703353405, 2.9593000412, 1.845941782, 2.05443286896, 1.99787330627, 1.52243030071, 1.40516102314, 1.08141863346, 0.84498167038, 0.509540319443, 0.307784676552, 0.204017579556, 0.0868843793869, 0.0261949431151, 0.00284477695823, 0.000162099619047]}, "spectral_strongpeak": {"dmean2": 0.498767018318, "median": 0.358509063721, "min": 0, "dvar2": 0.781654298306, "dvar": 0.321944355965, "dmean": 0.297313868999, "max": 14.6425504684, "var": 1.03335511684, "mean": 0.655902326107}, "spectral_energy": {"dmean2": 0.0138168530539, "median": 0.023448491469, "min": 1.01518107511e-20, "dvar2": 0.000417202274548, "dvar": 0.000173821143107, "dmean": 0.0087910592556, "max": 0.211224883795, "var": 0.000577786529902, "mean": 0.0302391126752}, "average_loudness": 0.813559949398, "spectral_rolloff": {"dmean2": 323.098388672, "median": 409.130859375, "min": 64.599609375, "dvar2": 940711.4375, "dvar": 401109.1875, "dmean": 189.591186523, "max": 19767.4804688, "var": 868610.5625, "mean": 626.421142578}, "spectral_centroid": {"dmean2": 165.695556641, "median": 425.671875, "min": 166.791519165, "dvar2": 82587.375, "dvar": 43955.2617188, "dmean": 108.034408569, "max": 11490.1328125, "var": 243360.015625, "mean": 557.907775879}, "pitch_salience": {"dmean2": 0.115418031812, "median": 0.583622336388, "min": 0.14882607758, "dvar2": 0.0112512251362, "dvar": 0.00403398182243, "dmean": 0.0691194683313, "max": 0.87020111084, "var": 0.0119619769976, "mean": 0.57307767868}, "spectral_energyband_middle_high": {"dmean2": 0.00145988457371, "median": 0.000725510704797, "min": 1.18094300096e-21, "dvar2": 1.16987184811e-05, "dvar": 5.65028085475e-06, "dmean": 0.000968479143921, "max": 0.0973689183593, "var": 3.54174699169e-05, "mean": 0.00312691717409}, "spectral_contrast_coeffs": {"dmean2": [0.0829417556524, 0.0669378489256, 0.0509176328778, 0.0407613739371, 0.0299605745822, 0.0257534440607], "median": [-0.64058059454, -0.719091951847, -0.771114528179, -0.799361646175, -0.817932903767, -0.811818003654], "min": [-0.983688890934, -0.970249116421, -0.969891607761, -0.968723833561, -0.965838611126, -0.962493658066], "dvar2": [0.00486883055419, 0.00316132046282, 0.00184644956607, 0.00116914196406, 0.000672995811328, 0.000673823698889], "dvar": [0.00171474751551, 0.00114145188127, 0.00073557731