{"tonal": {"thpcp": [1, 0.974472641945, 0.762434482574, 0.557955741882, 0.458798617125, 0.375920593739, 0.315110683441, 0.336820453405, 0.37333342433, 0.39537063241, 0.419904053211, 0.384082198143, 0.32151979208, 0.355936169624, 0.351229965687, 0.379105389118, 0.671542048454, 0.742381036282, 0.52948486805, 0.56572496891, 0.595718920231, 0.538242280483, 0.652402341366, 0.603497326374, 0.445303827524, 0.511232972145, 0.487743377686, 0.604970693588, 0.843306362629, 0.617896199226, 0.43408447504, 0.602002739906, 0.595240175724, 0.519307613373, 0.766100227833, 0.958338141441], "hpcp": {"dmean2": [0.244105681777, 0.183873042464, 0.144235640764, 0.143941268325, 0.156829357147, 0.162159278989, 0.165248140693, 0.160537421703, 0.138907164335, 0.136338502169, 0.141756519675, 0.158273026347, 0.208259865642, 0.216554567218, 0.192966401577, 0.221133157611, 0.237574577332, 0.229491129518, 0.237610667944, 0.198937252164, 0.16527274251, 0.183600649238, 0.173568874598, 0.212021499872, 0.290491551161, 0.210073232651, 0.166760653257, 0.216878816485, 0.213385865092, 0.192190274596, 0.292563796043, 0.373850941658, 0.357694774866, 0.385945498943, 0.355584800243, 0.309200555086], "median": [0.0310222916305, 0.0270717591047, 0.0257142223418, 0.0262752994895, 0.0327978208661, 0.0433579236269, 0.0486079454422, 0.0429763905704, 0.0325782969594, 0.025734340772, 0.0263250507414, 0.0469989329576, 0.0623014084995, 0.0688278675079, 0.0699535384774, 0.0560568198562, 0.0564016029239, 0.0659900084138, 0.0592623353004, 0.0482806228101, 0.0485719554126, 0.0491899289191, 0.0441696718335, 0.0710401460528, 0.0787882357836, 0.0805009752512, 0.0475569106638, 0.0587974675, 0.0528724491596, 0.064176723361, 0.084375873208, 0.130309000611, 0.131938099861, 0.112013079226, 0.0860262736678, 0.0478098541498], "min": [0, 0, 0, 0, 0, 0, 0, 0, 0, 0, 0, 0, 0, 0, 0, 0, 0, 0, 0, 0, 0, 0, 0, 0, 0, 0, 0, 0, 0, 0, 0, 0, 0, 0, 0, 0], "dvar2": [0.145686492324, 0.0992241203785, 0.0625434815884, 0.0665906146169, 0.0643550828099, 0.060384772718, 0.0640200227499, 0.0631990134716, 0.0556806847453, 0.0612741038203, 0.0687767416239, 0.0623367615044, 0.0884100571275, 0.0902650654316, 0.0657817870378, 0.0900350660086, 0.100034847856, 0.0886712670326, 0.0956303477287, 0.0834145247936, 0.0574936270714, 0.0734742730856, 0.0696699693799, 0.0702946484089, 0.1642498523, 0.0720214545727, 0.0585317537189, 0.0941224843264, 0.0928292870522, 0.0676231831312, 0.136421889067, 0.180515468121, 0.160500824451, 0.183672055602, 0.173798814416, 0.195560961962], "dvar": [0.0546181276441, 0.0389233715832, 0.0225328914821, 0.0245884563774, 0.0240303240716, 0.0228941198438, 0.0238780714571, 0.023472616449, 0.020539753139, 0.0238524526358, 0.0257788971066, 0.0225222762674, 0.0333863571286, 0.037609025836, 0.0252766124904, 0.0359648019075, 0.0387510098517, 0.0343525111675, 0.0407337732613, 0.0360524877906, 0.0212481673807, 0.0295924730599, 0.0312422253191, 0.0293606333435, 0.0688652545214, 0.0291308686137, 0.0231129750609, 0.0358147248626, 0.0364993363619, 0.0251719020307, 0.0526313632727, 0.068726837635, 0.0681451037526, 0.0729561448097, 0.0659108757973, 0.0677850022912], "dmean": [0.137795239687, 0.107207521796, 0.0838444977999, 0.0839043483138, 0.0927396342158, 0.0966315045953, 0.0979535728693, 0.0936698764563, 0.0797509029508, 0.0799981355667, 0.0822860077024, 0.0916234925389, 0.123855099082, 0.129617318511, 0.116135343909, 0.130335047841, 0.138619095087, 0.135365501046, 0.14180034399, 0.120467983186, 0.0975909978151, 0.110298499465, 0.104463994503, 0.121945567429, 0.16199323535, 0.122366689146, 0.101399593055, 0.12908346951, 0.126234024763, 0.113090731204, 0.167953819036, 0.213826537132, 0.209732279181, 0.226928055286, 0.207302168012, 0.173284679651], "max": [1, 1, 1, 1, 1, 1, 1, 1, 1, 1, 1, 1, 1, 1, 1, 1, 1, 1, 1, 1, 1, 1, 1, 1, 1, 1, 1, 1, 1, 1, 1, 1, 1, 1, 1, 1], "var": [0.0552801452577, 0.0412524715066, 0.0238385982811, 0.0299664027989, 0.0297145433724, 0.0282220765948, 0.0298127625138, 0.0278000887483, 0.0240545906126, 0.0365992598236, 0.0346994623542, 0.0242843609303, 0.0726383328438, 0.0902438163757, 0.0376416780055, 0.0574919804931, 0.0601559057832, 0.0414028465748, 0.073279812932, 0.0732941031456, 0.0328022763133, 0.0526813492179, 0.0547328032553, 0.045795686543, 0.114351049066, 0.044972602278, 0.033115722239, 0.061732519418, 0.0655429437757, 0.0399720780551, 0.0843947008252, 0.102970764041, 0.109425805509, 0.108351521194, 0.0792918652296, 0.0605151318014], "mean": [0.131470873952, 0.107721790671, 0.0902964249253, 0.0965174660087, 0.106980420649, 0.113295286894, 0.120325453579, 0.110060535371, 0.0921329855919, 0.101995155215, 0.100646577775, 0.108634404838, 0.192433491349, 0.212732732296, 0.151726350188, 0.162111103535, 0.170706018806, 0.154235824943, 0.186948910356, 0.172934964299, 0.12760387361, 0.14649617672, 0.139765128493, 0.173357158899, 0.241653352976, 0.177061021328, 0.124388918281, 0.172506675124, 0.170568838716, 0.148809999228, 0.219529569149, 0.274616241455, 0.286554634571, 0.279239654541, 0.218479126692, 0.159884795547]}, "tuning_equal_tempered_deviation": 0.154853418469, "chords_changes_rate": 0.0918157175183, "key_key": "G#", "tuning_diatonic_strength": 0.287038177252, "key_scale": "major", "chords_number_rate": 0.00195121951401, "tuning_frequency": 434.193115234, "tuning_nontempered_energy_ratio": 0.860891401768, "chords_histogram": [3.49051499367, 2.10298109055, 2.59078598022, 2.99186992645, 0.140921413898, 1.61517620087, 0.205962061882, 0, 5.86449861526, 3.66395664215, 8.18428230286, 3.81571817398, 0.921409189701, 1.51761519909, 0.0542005412281, 9.82113838196, 0.0975609719753, 4.35772371292, 4.69376707077, 3.83739829063, 3.72899723053, 1.09485089779, 24.8780479431, 10.3306236267], "key_strength": 0.450155645609, "chords_key": "C#", "chords_strength": {"dmean2": 0.0146256936714, "median": 0.480857431889, "min": 0.229370951653, "dvar2": 0.000160321302246, "dvar": 0.000115587179607, "dmean": 0.0129411797971, "max": 0.764930427074, "var": 0.0083857094869, "mean": 0.478557437658}, "chords_scale": "major", "hpcp_entropy": {"dmean2": 1.201369524, "median": 2.34960103035, "min": 0, "dvar2": 0.863453865051, "dvar": 0.323390156031, "dmean": 0.71336632967, "max": 4.73874473572, "var": 0.62130934, "mean": 2.37564086914}}, "metadata": {"audio_properties": {"equal_loudness": 0, "codec": "mp3", "downmix": "mix", "sample_rate": 44100, "analysis_sample_rate": 44100, "bit_rate": 192000, "md5_encoded": "a1fc3d60b370e9c0a65e9891cfe40f55", "length": 428.329803467, "replay_gain": -6.50815391541, "lossless": false}, "version": {"essentia_build_sha": "2d9f1f26377add8aeb1075a9c2973f962c4f09fd", "essentia": "2.1-beta2", "extractor": "music 1.0", "essentia_git_sha": "v2.1_beta2-1-ge3940c0"}, "tags": {"title": ["Recoil"], "barcode": ["5 029651 001575"], "media": ["12\" Vinyl"], "albumartist": ["Various Artists"], "language": ["eng"], "musicbrainz_recordingid": ["04fb172e-8f25-4b68-aec4-bfd0ffe692ed"], "album": ["The Harder They Come, Part Three: Colonisation"], "musicbrainz_albumartistid": ["89ad4ac3-39f7-470e-963a-56509c546377"], "discnumber": ["01/03"], "bpm": ["86"], "catalognumber": ["RH38"], "contentgroup": ["Drum n Bass"], "originalalbum": ["The Harder They Come"], "musicbrainz album type": ["Album", "Compilation"], "musicbrainz album status": ["Official"], "file_name": "01 - Recoil.mp3", "acoustid_fingerprint": ["AQABz1eUSJISCU_4FDklCwnzHj8u40keHLcOf3qgN_qCi8eVNEUz5kGF60HOLEfy8Piy4blMhPKRLOeDE1f4BnnCQ8szC6F-fDseqcR13BLRxNOJZI_kDLEkXA0eiQ78HL-RJ3ugSxvyJMfFLEX-OEiWmEe_PLjwiDeSi2SQPnvwHzeu5Hge9CfCxEtyJH10XDouGc2kHJWPSw-SS1mQi8elDX_CINRjIVme5fhx5ciTvtByyQh1PsK948rxKA9-UuiTI8yl5EiunLjxpgn89MXZ41li5EgupceniQny3DKS6miOUltwZaGM5KI-pM-F_7j24dKO77gvNF_yDNoj4dJxGV14NFVwSkeeEMmPZ8f1BuH-IlliPvhyXMgjPoVGSXIRpjteLQ8-PDz-oIt1Ilmu6EG-4SGPqymaSMqDHleiPEi-8MjT4-pS_A5C_UiWh8d1fNeQJ32R8Ims4D1OEXiyB8-FxpEeJLuSI8djpTgdw8uyo7KUE-lTEWJehHyQ35Aj0QnC5CNRLxc-3fiRLGyOUOrxrrgs4zyuB7dgZ4K-6HiIH9WinGi26Li0IE8UCPGyoxH7IBklIb5w_AhTp4KmScmD_JhWBj5MfXgiB7-OMNeRfDjaPWj-4RfqKTmSyEKOa1Ec408RJuYDzWOFnMcRag60KNQcxJ-HK8eOjymaPHGCLjxxNfrwpMdjeA-eo1cChpRy0FHw9HjZBPzgKjwe5OJeKB-NJuqDydnx6IPeE49xjYb2Hc2Rh8d3lF2K5nqQ70hUK8e148dz42yROtGRXMd9FfQY442ORuuH0FGExGWOZ5i7FJecwFqYE5cuJHGJ-C-oK_hDzMIjnAlwfWieB50u4VoWHR9z5CzE78j1BPvx4Ml2sMrkCM0vhIf6DHkk4klyNH9wfciXoGR26EHW5fgUqTHCQ0s3PExVjEp04T36RDa0HHlfXGo1zElCFU8uNPmJXpLx9HhysNqMRkf344zwF1d-fInUBNkviD9y8WB5PDdy9Yeka0d2_Pjy43mD6Ufj7MiVHfrxPGi4HDpzhIkURTlK8mhwPth9hLRyaAmT6MjF477wPPiMMM12aNaC4z5-Q6O2dAiTg51y4jzxHb0iCx78BP-QuqjGY411IdTRWDyuHj_ySTaSZT0q2ji14NrxykETSVNFVN2RXD3yHt3RZHtwoWaSIxc0FXlyER_TIH_gf9ATnFrxR4Oe5QjZBM2O469xKU-MT0ivI3mO93h0lMwcHNHUBNp35AQbhSk-5QlmwamC3PiT4oeWPah-XJcgS8lxtfihXWh6fPmgD42UG-GT48LL4_iFF4-OZhWSkYj_4vtwH6UPTyLa5_iR94P-QdNlNDxiaccZ9FcCa0KPPUc-SB9y2WhlY7vQ83iPo_Dxw4Jf1GiaoU-OvB8AYoAAwAJiDCgKACAQEgQKAQgDAigBGAGCACSQIAgRQIwABCgFAJEACEEAIgAAARBAxBBmDACCSGEUE4AwIAgBgimChAAACEGAIcQYAQBBVAFAAFEGCAEoNgAAgoBQAhCDiACAEGkQQAgAAwERQDiABEAAIGEMEwAYoQwRCABBGBCEKAAQI0gIwAAQRjhCgBJMCGAEYcIQghhAjAgkGCFCWGUMURIARjiQQiAmhAJQMSOIAEAJIoRiBBAmjGBAIGUcI4IgRrBQAgDjhBJGEiAwYEYBoYhQwjBHCCGMCCIAIIwgYwR1xClgAUEAICQBUAIxSoQgCACiBGFCCWGEUIgQgxkgTBAjhDRQAkGoEEAQYgBDwBggAADAE2kIEMQYYwSDwhFChDDEAWAEFIQ4J4gBDCHBiEFAEEmAZEgQSYwgziACBCQGDKeEEQAJQ5gRjJgEjGDAIKWEMVY4I4ghwEhhADEIEYUpUQoQAAgAx1knhDFGGAGMssAQIzBhgBgHGBGAAKUQIlwhAAw"], "date": ["2002-04-08"], "genre": ["Drum and bass"], "musicbrainz album release country": ["GB"], "musicip_puid": ["aeb49e84-1331-80ad-f271-c79ae7517f89"], "musicbrainz_artistid": ["0095520c-da95-44b0-b212-1463a6c38b63"], "originaldate": ["2002-04-01"], "musicbrainz_albumid": ["46b5097c-ae51-43bc-bf17-a662db0fe370"], "artist": ["Future Cut"], "artistsort": ["Future Cut"], "tracknumber": ["01/06"], "label": ["Renegade Hardware"], "albumartistsort": ["Various Artists", "Various Artists"], "acoustid_id": ["c7fe8c0c-6713-45a5-9a43-c594477545ee"], "script": ["Latn", "Latin"], "musicbrainz_releasegroupid": ["d00e6dd2-2415-381f-ab88-ac4518fa4490"]}}, "rhythm": {"bpm_histogram_first_peak_bpm": {"dmean2": 0, "median": 86, "min": 86, "dvar2": 0, "dvar": 0, "dmean": 0, "max": 86, "var": 0, "mean": 86}, "bpm": 85.8053588867, "bpm_histogram_second_peak_spread": {"dmean2": 0, "median": 0.342960298061, "min": 0.342960298061, "dvar2": 0, "dvar": 0, "dmean": 0, "max": 0.342960298061, "var": 0, "mean": 0.342960298061}, "bpm_histogram_first_peak_weight": {"dmean2": 0, "median": 0.494252860546, "min": 0.494252860546, "dvar2": 0, "dvar": 0, "dmean": 0, "max": 0.494252860546, "var": 0, "mean": 0.494252860546}, "onset_rate": 4.95856046677, "beats_position": [0.545668900013, 1.09133780003, 1.62539684772, 2.14784574509, 2.67029476166, 3.19274377823, 3.7151927948, 4.23764181137, 4.76009082794, 5.28253936768, 5.80498838425, 6.32743740082, 6.84988641739, 7.38394546509, 7.90639448166, 8.42884349823, 8.95129203796, 9.47374153137, 10.0078001022, 10.5302495956, 11.0526981354, 11.5751476288, 12.0975961685, 12.6200447083, 13.1424942017, 13.6765527725, 14.1990022659, 14.7214508057, 15.2439002991, 15.7663488388, 16.3004074097, 16.8228569031, 17.3453063965, 17.8793640137, 18.4134235382, 18.9590930939, 19.5047607422, 20.0504302979, 20.5960998535, 21.1417675018, 21.6874370575, 22.221496582, 22.7555541992, 23.2896137238, 23.8120632172, 24.3345127106, 24.8569602966, 25.37940979, 25.9134693146, 26.435918808, 26.958366394, 27.4924259186, 28.0264854431, 28.5605430603, 29.106212616, 29.6518821716, 30.1975498199, 30.7548294067, 31.3004989624, 31.8345565796, 32.3686180115, 32.9026756287, 33.4367332458, 33.9591827393, 34.4816322327, 35.0040817261, 35.5265312195, 36.0489807129, 36.5714263916, 37.093875885, 37.6163253784, 38.1503829956, 38.672832489, 39.1952819824, 39.7293434143, 40.251789093, 40.7742385864, 41.2966880798, 41.8191375732, 42.3415870667, 42.8640365601, 43.3980941772, 43.9321517944, 44.4662132263, 44.9886627197, 45.5111083984, 46.0219497681, 46.5443992615, 47.0668487549, 47.5892944336, 48.111743927, 48.6341934204, 49.1566429138, 49.690700531, 50.2131500244, 50.7355995178, 51.269657135, 51.7921066284, 52.3145561218, 52.8370056152, 53.3594551086, 53.8935127258, 54.4159622192, 54.9384117126, 55.4608612061, 55.9833106995, 56.5057601929, 57.0282058716, 57.550655365, 58.0731048584, 58.6071662903, 59.129611969, 59.6520614624, 60.1745109558, 60.6969604492, 61.2310180664, 61.7534675598, 62.2759170532, 62.7983665466, 63.32081604, 63.8432655334, 64.3657150269, 64.8881607056, 65.4106140137, 65.9330596924, 66.4555053711, 66.9895706177, 67.5236282349, 68.0460739136, 68.5685272217, 69.0909729004, 69.6134262085, 70.1358718872, 70.6583175659, 71.1923828125, 71.7264404297, 72.2604980469, 72.7945556641, 73.3402252197, 73.8975067139, 74.4431762695, 74.9888458252, 75.5345077515, 76.068572998, 76.6026306152, 77.1250762939, 77.6475296021, 78.1815872192, 78.7156448364, 79.2380905151, 79.7605438232, 80.282989502, 80.8054428101, 81.3278884888, 81.8503417969, 82.3727874756, 82.8952331543, 83.4176864624, 83.9401321411, 84.4741897583, 85.0082550049, 85.5423126221, 86.0763702393, 86.598815918, 87.1212692261, 87.6437149048, 88.177772522, 88.7234420776, 89.2458953857, 89.7683410645, 90.2907943726, 90.8132400513, 91.3472976685, 91.8929672241, 92.4270248413, 92.972694397, 93.5183639526, 94.0640335083, 94.5980911255, 95.1321487427, 95.6546020508, 96.1770477295, 96.6995010376, 97.1987304688, 97.6863479614, 98.1855773926, 98.6964187622, 99.2188644409, 99.7529220581, 100.298591614, 100.844261169, 101.389930725, 101.935600281, 102.492874146, 103.038543701, 103.584213257, 104.129882813, 104.675552368, 105.221221924, 105.778503418, 106.324172974, 106.869842529, 107.427116394, 107.97278595, 108.530067444, 109.087341309, 109.633010864, 110.167076111, 110.68952179, 111.223579407, 111.746032715, 112.268478394, 112.965080261, 113.6616745, 114.358276367, 115.078094482, 115.774688721, 116.471290588, 117.167892456, 117.864486694, 118.561088562, 119.269294739, 119.965896606, 120.674102783, 121.370697021, 122.067298889, 122.763900757, 123.460494995, 124.157096863, 124.853691101, 125.561904907, 126.270111084, 126.966712952, 127.66330719, 128.359909058, 129.056503296, 129.753097534, 130.449707031, 131.157913208, 131.866119385, 132.562713623, 133.25932312, 133.955917358, 134.652511597, 135.349105835, 136.045715332, 136.753921509, 137.462127686, 138.158721924, 138.855331421, 139.551925659, 140.248519897, 140.945129395, 141.641723633, 142.338317871, 143.046524048, 143.743133545, 144.451339722, 145.14793396, 145.844528198, 146.541137695, 147.237731934, 147.934326172, 148.642532349, 149.339141846, 150.047348022, 150.743942261, 151.440536499, 152.137145996, 152.833740234, 153.530334473, 154.226928711, 154.935150146, 155.643356323, 156.339950562, 157.0365448, 157.733154297, 158.429748535, 159.126342773, 159.822952271, 160.531158447, 161.239364624, 161.935958862, 162.632553101, 163.329162598, 164.025756836, 164.722351074, 165.418960571, 166.11555481, 166.812149048, 167.520355225, 168.228561401, 168.925170898, 169.621765137, 170.318359375, 171.014968872, 171.71156311, 172.408157349, 173.116363525, 173.824569702, 174.521179199, 175.217773438, 175.914367676, 176.610977173, 177.307571411, 178.004165649, 178.712371826, 179.420593262, 180.1171875, 180.813781738, 181.510375977, 182.206985474, 182.903579712, 183.60017395, 184.308380127, 185.016601563, 185.713195801, 186.409790039, 187.106384277, 187.802993774, 188.499588013, 189.196182251, 189.892791748, 190.600997925, 191.309204102, 192.00579834, 192.702392578, 193.399002075, 194.095596313, 194.792190552, 195.488800049, 196.185394287, 196.893600464, 197.601806641, 198.298416138, 198.995010376, 199.691604614, 200.388198853, 201.08480835, 201.781402588, 202.477996826, 203.186203003, 203.8828125, 204.591018677, 205.287612915, 205.984207153, 206.68081665, 207.377410889, 208.074005127, 208.770614624, 209.467208862, 210.175415039, 210.872009277, 211.580215454, 212.276824951, 212.973419189, 213.670013428, 214.366622925, 215.063217163, 215.77142334, 216.468017578, 217.176239014, 217.872833252, 218.56942749, 219.266021729, 219.962631226, 220.659225464, 221.355819702, 221.889877319, 222.412338257, 222.934783936, 223.468841553, 224.00289917, 224.525344849, 225.036193848, 225.558639526, 226.081085205, 226.603530884, 227.125976563, 227.6484375, 228.182495117, 228.716552734, 229.238998413, 229.761444092, 230.283889771, 230.806350708, 231.328796387, 231.851242065, 232.385299683, 232.907745361, 233.453414917, 233.999084473, 234.544754028, 235.090423584, 235.63609314, 236.181762695, 236.727432251, 237.273101807, 237.818771362, 238.364440918, 238.910110474, 239.455780029, 240.001449585, 240.558731079, 241.104400635, 241.638458252, 242.172515869, 242.694961548, 243.217407227, 243.739852905, 244.262313843, 244.784759521, 245.3072052, 245.829650879, 246.363708496, 246.886169434, 247.408615112, 247.931060791, 248.45350647, 248.987564087, 249.510025024, 250.032470703, 250.554916382, 251.077362061, 251.599807739, 252.122268677, 252.644714355, 253.167160034, 253.689605713, 254.212051392, 254.746124268, 255.268569946, 255.791015625, 256.325073242, 256.859130859, 257.381591797, 257.904022217, 258.426483154, 258.948944092, 259.471374512, 259.993835449, 260.516265869, 261.038726807, 261.561187744, 262.083618164, 262.594451904, 263.105316162, 263.616149902, 264.126983643, 264.649414063, 265.171875, 265.68270874, 266.216766357, 266.750823975, 267.284881592, 267.830566406, 268.364624023, 268.91027832, 269.606903076, 270.303497314, 271.011688232, 271.719909668, 272.416503906, 273.113098145, 273.809692383, 274.506286621, 275.202911377, 275.911102295, 276.607696533, 277.315917969, 278.012512207, 278.709106445, 279.405700684, 280.102294922, 280.798919678, 281.495513916, 282.203704834, 282.91192627, 283.608520508, 284.305114746, 285.001708984, 285.698303223, 286.394927979, 287.091522217, 287.788116455, 288.496307373, 289.204528809, 289.901123047, 290.597717285, 291.294311523, 291.990936279, 292.687530518, 293.384124756, 294.092315674, 294.78894043, 295.497131348, 296.193725586, 296.890319824, 297.58694458, 298.283538818, 298.980133057, 299.688323975, 300.38494873, 301.093139648, 301.789733887, 302.486358643, 303.182952881, 303.879547119, 304.576141357, 305.284362793, 305.980957031, 306.689147949, 307.385742188, 308.082366943, 308.778961182, 309.47555542, 310.172149658, 310.868743896, 311.576965332, 312.28515625, 312.981750488, 313.678375244, 314.374969482, 315.071563721, 315.768157959, 316.464752197, 317.172973633, 317.881164551, 318.577758789, 319.274383545, 319.970977783, 320.667572021, 321.36416626, 322.060760498, 322.757354736, 323.465576172, 324.17376709, 324.870391846, 325.566986084, 326.263580322, 326.960174561, 327.656768799, 328.353363037, 329.061584473, 329.769775391, 330.466400146, 331.162994385, 331.859588623, 332.556182861, 333.2527771, 333.949371338, 334.657592773, 335.354187012, 336.062408447, 336.759002686, 337.455596924, 338.152191162, 338.8487854, 339.545379639, 340.242004395, 340.950195313, 341.658416748, 342.355010986, 343.051605225, 343.748199463, 344.444793701, 345.141387939, 345.838012695, 346.546203613, 347.254425049, 347.951019287, 348.647613525, 349.344207764, 350.040802002, 350.73739624, 351.434020996, 352.130615234, 352.838806152, 353.535400391, 354.243621826, 354.940216064, 355.636810303, 356.333404541, 357.030029297, 357.726623535, 358.423217773, 359.131408691, 359.839630127, 360.536224365, 361.232818604, 361.929412842, 362.626037598, 363.322631836, 364.019226074, 364.715820313, 365.424041748, 366.120635986, 366.828826904, 367.525421143, 368.222045898, 368.918640137, 369.615234375, 370.311828613, 371.020050049, 371.716644287, 372.424835205, 373.121429443, 373.818054199, 374.514648438, 375.211242676, 375.907836914, 376.61605835, 377.312652588, 378.020843506, 378.717468262, 379.4140625, 380.110656738, 380.807250977, 381.503845215, 382.21206665, 382.908660889, 383.616851807, 384.313476563, 385.010070801, 385.706665039, 386.403259277, 387.099853516, 387.796447754, 388.493041992, 389.201263428, 389.897857666, 390.606079102, 391.30267334, 391.999267578, 392.695861816, 393.392456055, 394.089050293, 394.797271729, 395.493865967, 396.202087402, 396.898681641, 397.595275879, 398.291870117, 398.988464355, 399.685058594, 400.38168335, 401.078277588, 401.612335205, 402.146392822, 402.680450439, 403.226104736, 403.771789551, 404.317443848, 404.863128662, 405.408782959, 405.954467773, 406.488525391, 407.022583008, 407.556640625, 408.090698242, 408.624755859, 409.158813477, 409.692871094, 410.238555908, 410.772613525, 411.306671143, 411.852325439, 412.398010254, 412.943664551, 413.477722168, 414.011779785, 414.545837402, 415.06829834, 415.59072876, 416.124786377, 416.647247314, 417.169708252, 417.692138672, 418.226196289, 418.748657227, 419.271118164, 419.793548584, 420.316009521, 420.838439941, 421.360900879, 421.883361816, 422.417419434, 422.939849854, 423.462310791, 423.984741211, 424.507202148, 425.018035889, 425.528869629, 426.028106689, 426.52734375, 427.026580811, 427.525787354], "beats_loudness": {"dmean2": 0.0416247844696, "median": 0.0179139804095, "min": 3.01592285723e-06, "dvar2": 0.00249832472764, "dvar": 0.000836290186271, "dmean": 0.0264711733907, "max": 0.154114335775, "var": 0.00154122198001, "mean": 0.0393929928541}, "danceability": 1.43605852127, "bpm_histogram_second_peak_weight": {"dmean2": 0, "median": 0.261494249105, "min": 0.261494249105, "dvar2": 0, "dvar": 0, "dmean": 0, "max": 0.261494249105, "var": 0, "mean": 0.261494249105}, "beats_count": 697, "bpm_histogram_second_peak_bpm": {"dmean2": 0, "median": 115, "min": 115, "dvar2": 0, "dvar": 0, "dmean": 0, "max": 115, "var": 0, "mean": 115}, "bpm_histogram_first_peak_spread": {"dmean2": 0, "median": 0.0028985873796, "min": 0.0028985873796, "dvar2": 0, "dvar": 0, "dmean": 0, "max": 0.0028985873796, "var": 0, "mean": 0.0028985873796}, "beats_loudness_band_ratio": {"dmean2": [0.448775202036, 0.274428606033, 0.179129302502, 0.235668197274, 0.114441990852, 0.199261218309], "median": [0.204690799117, 0.0341408662498, 0.107613310218, 0.17477349937, 0.0559197179973, 0.0585589818656], "min": [0.000218611166929, 0.000389671011362, 0.00123207306024, 0.0017918755766, 0.00127622531727, 0.000872447039001], "dvar2": [0.145393565297, 0.0612141229212, 0.0189042016864, 0.0503151752055, 0.00909254234284, 0.0548445135355], "dvar": [0.0609927028418, 0.0193595793098, 0.00704506365582, 0.0175174102187, 0.00387443206273, 0.0210198443383], "dmean": [0.249598652124, 0.139204025269, 0.0990638509393, 0.135204657912, 0.064273737371, 0.118163488805], "max": [0.975113868713, 0.440791547298, 0.721235275269, 0.961438417435, 0.613378107548, 0.849537193775], "var": [0.105162926018, 0.0149992443621, 0.0146262142807, 0.0665314272046, 0.00688264379278, 0.0230136308819], "mean": [0.343050122261, 0.0922658368945, 0.138231039047, 0.273390650749, 0.0787348896265, 0.117326796055]}}, "lowlevel": {"barkbands_spread": {"dmean2": 11.6898908615, "median": 21.1096172333, "min": 0.476846516132, "dvar2": 174.969268799, "dvar": 85.6164703369, "dmean": 7.74332714081, "max": 117.361846924, "var": 296.406097412, "mean": 25.4520111084}, "melbands_spread": {"dmean2": 13.548699379, "median": 23.3460922241, "min": 0.391276240349, "dvar2": 301.015594482, "dvar": 147.728012085, "dmean": 9.22124290466, "max": 238.420211792, "var": 680.893371582, "mean": 28.3948173523}, "hfc": {"dmean2": 16.2365722656, "median": 13.4541225433, "min": 1.20774232489e-16, "dvar2": 538.841491699, "dvar": 332.753173828, "dmean": 12.6015615463, "max": 214.442306519, "var": 886.437438965, "mean": 25.1963653564}, "barkbands_kurtosis": {"dmean2": 8.42245388031, "median": 1.31849455833, "min": -1.83430957794, "dvar2": 472.565216064, "dvar": 210.416793823, "dmean": 5.5733628273, "max": 313.2862854, "var": 372.000396729, "mean": 7.82063102722}, "gfcc": {"mean": [-8.80232334137, 52.1247138977, -119.270301819, 22.2376060486, -53.7390022278, 32.1153907776, -29.8114433289, 19.6730232239, -25.7884635925, 3.70622992516, -14.3547315598, 3.12051653862, -13.694817543], "icov": [[0.000171352716279, -1.104641251e-05, -8.78679638845e-05, -0.000189140584553, 0.000180029630428, 4.52705426142e-05, -8.64323519636e-05, 7.35121284379e-05, -8.84099208633e-05, -0.000186593082617, 0.000116124625492, 7.78802786954e-05, 0.000143789453432], [-1.104641251e-05, 0.00105195736978, -0.000343391497154, 0.000419407966547, -0.000607868598308, 8.29660621093e-06, 0.00026095812791, -3.19262835546e-05, -0.000463551201392, 0.00182103517, -0.00159122096375, 0.00131151662208, -0.00085179740563], [-8.78679638845e-05, -0.000343391497154, 0.00219477317296, -0.00189990201034, 0.000329663685989, -0.00100747484248, 0.000199061905732, 9.56599251367e-05, 0.000120449491078, -0.00132489425596, 0.00192049017642, -0.000838661449961, 0.000963981903624], [-0.000189140584553, 0.000419407966547, -0.00189990201034, 0.0040657799691, -0.00151115993503, 0.00122176925652, -0.00091897387756, -0.00036475356319, 0.000719253788702, -0.000701445853338, -0.000928696943447, 0.00111336389091, -0.00401718355715], [0.000180029630428, -0.000607868598308, 0.000329663685989, -0.00151115993503, 0.00642433436587, -0.00318227452226, -0.000283129367745, 0.000724384794012, -0.00264333584346, 0.00174873054493, -0.00137991923839, 0.000956735340878, 0.0022614968475], [4.52705426142e-05, 8.29660621093e-06, -0.00100747484248, 0.00122176925652, -0.00318227452226, 0.00714091630653, -0.00183032255154, -0.00121598737314, 0.00269846618176, -0.00400518579409, 0.000418025680119, -0.00203050556593, -0.000429131207056], [-8.64323519636e-05, 0.00026095812791, 0.000199061905732, -0.00091897387756, -0.000283129367745, -0.00183032255154, 0.00855539552867, -0.00394937954843, -0.00183199357707, 0.00300310947932, -0.00425206311047, 0.00317778834142, 8.44486057758e-05], [7.35121284379e-05, -3.19262835546e-05, 9.56599251367e-05, -0.00036475356319, 0.000724384794012, -0.00121598737314, -0.00394937954843, 0.0109693119302, -0.00327958865091, 0.00104044470936, 0.000591916730627, -0.00246474752203, 0.00200684042647], [-8.84099208633e-05, -0.000463551201392, 0.000120449491078, 0.000719253788702, -0.00264333584346, 0.00269846618176, -0.00183199357707, -0.00327958865091, 0.0154757276177, -0.00899754837155, 0.00339887919836, 0.00125152082182, -0.006046671886], [-0.000186593082617, 0.00182103517, -0.00132489425596, -0.000701445853338, 0.00174873054493, -0.00400518579409, 0.00300310947932, 0.00104044470936, -0.00899754837155, 0.0186378359795, -0.00581744359806, -0.000644325162284, 0.00219763233326], [0.000116124625492, -0.00159122096375, 0.00192049017642, -0.000928696943447, -0.00137991923839, 0.000418025680119, -0.00425206311047, 0.000591916730627, 0.00339887919836, -0.00581744359806, 0.0171114578843, -0.00774295674637, -0.000350352114765], [7.78802786954e-05, 0.00131151662208, -0.000838661449961, 0.00111336389091, 0.000956735340878, -0.00203050556593, 0.00317778834142, -0.00246474752203, 0.00125152082182, -0.000644325162284, -0.00774295674637, 0.0284357517958, -0.0140221528709], [0.000143789453432, -0.00085179740563, 0.000963981903624, -0.00401718355715, 0.0022614968475, -0.000429131207056, 8.44486057758e-05, 0.00200684042647, -0.006046671886, 0.00219763233326, -0.000350352114765, -0.0140221528709, 0.0217108558863]], "cov": [[9146.140625, -771.873168945, 1960.30102539, 1540.53613281, -121.485198975, 128.65020752, 92.2994384766, 56.9336891174, 292.456756592, 467.781585693, -121.29473877, 79.3127365112, 200.095108032], [-771.873168945, 1667.67944336, -267.167114258, -229.993392944, 221.414047241, -7.6744556427, 84.9738845825, 7.99978160858, -46.6749839783, -220.559738159, 118.845207214, -70.1979980469, -18.5312099457], [1960.30102539, -267.167114258, 1596.16259766, 981.684509277, 105.151649475, 251.085540771, 66.4380264282, 67.0877609253, 162.599517822, 276.628143311, -42.0831642151, 89.6947937012, 149.391845703], [1540.53613281, -229.993392944, 981.684509277, 1017.05358887, 127.493103027, 152.486206055, 120.385864258, 77.1395721436, 154.222076416, 209.36416626, 36.0826301575, 98.5516815186, 193.500228882], [-121.485198975, 221.414047241, 105.151649475, 127.493103027, 301.593292236, 147.046417236, 98.0295028687, 43.6879997253, 42.9999542236, 11.4758882523, 54.327545166, -2.76791524887, 5.38772821426], [128.65020752, -7.6744556427, 251.085540771, 152.486206055, 147.046417236, 292.809326172, 93.9263839722, 62.9579658508, 38.1495628357, 86.3264770508, 43.9607315063, 38.1264839172, 27.4194049835], [92.2994384766, 84.9738845825, 66.4380264282, 120.385864258, 98.0295028687, 93.9263839722, 229.822677612, 95.8567504883, 43.0521507263, 8.57132053375, 61.9484939575, 3.22175908089, 18.1419487], [56.9336891174, 7.99978160858, 67.0877609253, 77.1395721436, 43.6879997253, 62.9579658508, 95.8567504883, 142.780441284, 47.2548599243, 22.3127040863, 23.5313510895, 15.7522125244, 15.8099842072], [292.456756592, -46.6749839783, 162.599517822, 154.222076416, 42.9999542236, 38.1495628357, 43.0521507263, 47.2548599243, 139.039657593, 83.8227386475, 9.87256336212, 27.4522151947, 57.4163208008], [467.781585693, -220.559738159, 276.628143311, 209.36416626, 11.4758882523, 86.3264770508, 8.57132053375, 22.3127040863, 83.8227386475, 163.792221069, 16.8651409149, 44.2569999695, 48.7418365479], [-121.29473877, 118.845207214, -42.0831642151, 36.0826301575, 54.327545166, 43.9607315063, 61.9484939575, 23.5313510895, 9.87256336212, 16.8651409149, 115.884033203, 36.5641365051, 33.3326339722], [79.3127365112, -70.1979980469, 89.6947937012, 98.5516815186, -2.76791524887, 38.1264839172, 3.22175908089, 15.7522125244, 27.4522151947, 44.2569999695, 36.5641365051, 84.515663147, 68.8876419067], [200.095108032, -18.5312099457, 149.391845703, 193.500228882, 5.38772821426, 27.4194049835, 18.1419487, 15.8099842072, 57.4163208008, 48.7418365479, 33.3326339722, 68.8876419067, 127.713653564]]}, "spectral_energyband_middle_low": {"dmean2": 0.00651514017954, "median": 0.00272444821894, "min": 3.14890806606e-22, "dvar2": 0.000171848165337, "dvar": 7.26151483832e-05, "dmean": 0.00418689288199, "max": 0.0729035884142, "var": 9.30731039261e-05, "mean": 0.00591658847407}, "melbands_crest": {"dmean2": 5.11796998978, "median": 13.3187961578, "min": 2.06608581543, "dvar2": 28.2582168579, "dvar": 15.8542261124, "dmean": 3.53519940376, "max": 36.9061126709, "var": 110.098556519, "mean": 17.7488269806}, "spectral_kurtosis": {"dmean2": 2.17558383942, "median": 2.37553358078, "min": -1.1767244339, "dvar2": 12.5747337341, "dvar": 4.71607303619, "dmean": 1.3466707468, "max": 44.5380020142, "var": 20.368396759, "mean": 4.34429693222}, "spectral_rms": {"dmean2": 0.00134107458871, "median": 0.00368911586702, "min": 3.30609584848e-12, "dvar2": 2.4115861379e-06, "dvar": 1.65242829553e-06, "dmean": 0.00108669919427, "max": 0.0187497716397, "var": 1.35157060868e-05, "mean": 0.00513757998124}, "zerocrossingrate": {"dmean2": 0.0150023791939, "median": 0.0634765625, "min": 0.001953125, "dvar2": 0.000268933858024, "dvar": 0.000264432077529, "dmean": 0.0142767541111, "max": 0.4951171875, "var": 0.00272101792507, "mean": 0.0758250653744}, "silence_rate_60dB": {"dmean2": 0.124688282609, "median": 0, "min": 0, "dvar2": 0.124963231385, "dvar": 0.0584653913975, "dmean": 0.0623407587409, "max": 1, "var": 0.112701959908, "mean": 0.129499137402}, "erbbands_kurtosis": {"dmean2": 2.09011435509, "median": 0.147937297821, "min": -1.73218405247, "dvar2": 14.1348190308, "dvar": 6.16022539139, "dmean": 1.34303820133, "max": 56.2107315063, "var": 13.0928411484, "mean": 1.18528068066}, "erbbands": {"dmean2": [0.577211916447, 2.61404943466, 1.34787511826, 3.53487062454, 9.66721057892, 12.1645498276, 10.2745504379, 8.85380840302, 8.16402053833, 9.91657447815, 18.631603241, 22.6178722382, 27.0933189392, 26.8125686646, 21.2476062775, 43.8102111816, 59.4745674133, 28.9851417542, 16.8378925323, 24.0975914001, 18.7376766205, 14.1343383789, 20.0866832733, 14.6868190765, 13.639295578, 11.4337739944, 9.7826423645, 9.96206188202, 9.06872558594, 9.76170921326, 8.66254329681, 6.47690677643, 4.7447309494, 3.6365480423, 1.49507153034, 0.431333273649, 0.133617684245, 0.022760393098, 0.00283501064405, 0.000114036774903], "median": [0.0281560085714, 0.19619140029, 0.342286467552, 0.730586946011, 1.05698657036, 1.11989045143, 0.843991577625, 0.905711174011, 1.20881748199, 2.36324095726, 5.63693094254, 10.7358150482, 14.161031723, 10.0795326233, 10.7843990326, 18.6433639526, 17.0885314941, 12.4234237671, 4.7195148468, 7.26474285126, 8.106300354, 5.08229732513, 9.079205513, 7.89884471893, 5.82484579086, 5.2602596283, 3.62496399879, 3.62305545807, 3.55390167236, 3.19013762474, 2.46108388901, 1.86560487747, 1.15146911144, 0.827437281609, 0.526894271374, 0.175445407629, 0.0391302555799, 0.00511857494712, 0.000199211353902, 4.16361253883e-05], "min": [2.72118753178e-21, 1.62777819285e-20, 1.43842718023e-20, 4.63537442679e-20, 9.23900127392e-20, 1.27577022302e-19, 1.71508972375e-19, 8.42717390902e-20, 5.28271608678e-19, 1.32235243392e-18, 1.38533003666e-18, 2.94338200266e-18, 1.73970765276e-18, 1.51344976699e-18, 1.3504744034e-18, 3.88077450566e-18, 7.72443424442e-18, 6.20261630477e-18, 1.06432113462e-17, 8.70423133435e-18, 9.50257312203e-18, 1.59138730333e-17, 1.7781878467e-17, 2.33940590408e-17, 1.56387676508e-17, 1.68839143551e-17, 1.9234134653e-17, 2.18116310961e-17, 1.21493293978e-17, 1.75651025526e-17, 1.74480035564e-17, 1.41514290806e-17, 1.44313238388e-17, 1.53389080613e-17, 8.02332851414e-18, 5.73764981065e-18, 3.24076005031e-18, 1.45779953692e-18, 3.61766665418e-19, 3.93520255053e-20], "dvar2": [1.44609963894, 46.7885704041, 11.3825292587, 90.800453186, 484.975708008, 1097.46740723, 566.956298828, 540.687805176, 366.393066406, 505.833129883, 1283.17883301, 1430.87158203, 1707.30554199, 3674.92822266, 1234.24194336, 5089.48925781, 18512.1972656, 2110.09106445, 1586.34533691, 2289.4831543, 1232.49291992, 1105.19189453, 1828.50524902, 719.065002441, 593.997619629, 407.975860596, 300.36239624, 292.884490967, 223.178527832, 276.266113281, 236.307952881, 115.487258911, 66.6724014282, 45.3587608337, 6.89842653275, 0.544845700264, 0.0587411262095, 0.00146298320033, 2.55474114965e-05, 4.27168167505e-08], "dvar": [0.962941884995, 18.1280708313, 4.64465999603, 31.2873840332, 190.521102905, 407.921295166, 204.751586914, 207.897003174, 150.894897461, 190.482254028, 581.294006348, 620.12878418, 634.598876953, 1337.63122559, 481.679504395, 2171.71240234, 10841.3994141, 960.430419922, 687.69140625, 986.780517578, 623.566711426, 502.283233643, 762.576538086, 347.9659729, 308.528198242, 194.730163574, 151.710083008, 159.408813477, 120.972122192, 131.336273193, 111.121833801, 61.3984794617, 36.1747283936, 21.5658969879, 3.37837791443, 0.283175230026, 0.0275529827923, 0.0006894490798, 1.02574531411e-05, 1.74878334036e-08], "dmean": [0.457951694727, 1.74767315388, 0.829636514187, 2.01966261864, 5.87209653854, 7.04005050659, 5.81698656082, 5.27161884308, 5.03710889816, 6.08980846405, 12.4214639664, 14.3033084869, 16.3209056854, 15.9744100571, 12.8127326965, 28.2260055542, 42.7002716064, 19.1571121216, 10.8429346085, 15.6025857925, 12.5343589783, 9.37314033508, 12.8176164627, 9.69789218903, 9.33890533447, 7.70099496841, 6.58884763718, 7.1895608902, 6.56405830383, 6.79582929611, 5.99239826202, 4.67517185211, 3.51147270203, 2.51614832878, 1.07096517086, 0.316509574652, 0.0943102687597, 0.0156480073929, 0.00172960758209, 7.24233759684e-05], "max": [12.2436914444, 64.4436416626, 32.1913833618, 83.2398757935, 122.583023071, 198.376159668, 116.684082031, 211.295944214, 154.346710205, 206.328887939, 535.463012695, 505.474212646, 507.673797607, 1007.08117676, 466.357269287, 889.274963379, 3021.49682617, 771.775146484, 281.350341797, 450.878265381, 380.004974365, 486.405731201, 942.530395508, 263.457946777, 864.22052002, 464.623687744, 163.629760742, 179.603820801, 148.514160156, 120.567779541, 102.816703796, 93.8701705933, 76.5289001465, 57.3132247925, 20.6861743927, 6.564494133, 1.81253492832, 0.329207628965, 0.0495285391808, 0.00172980071511], "var": [5.14342927933, 38.4215049744, 5.76526737213, 24.5737056732, 185.240875244, 314.751098633, 182.942932129, 183.716690063, 166.235916138, 227.424545288, 1224.0847168, 1108.54711914, 965.610046387, 1595.06103516, 642.133972168, 3070.4309082, 22866.0859375, 1548.8671875, 831.961914063, 1458.90600586, 1072.82189941, 750.992980957, 1169.62121582, 622.930969238, 668.161254883, 424.909637451, 331.716522217, 370.940551758, 282.878692627, 249.519317627, 196.640472412, 121.883399963, 68.2592697144, 35.8618888855, 6.1046795845, 0.596180617809, 0.0500730983913, 0.0015999431489, 1.45152125697e-05, 2.51777780846e-08], "mean": [1.2931624651, 3.3471634388, 1.19505763054, 2.4092092514, 5.53252792358, 6.12859487534, 5.63822078705, 5.14684820175, 5.79643440247, 7.73124265671, 17.5254573822, 21.637304306, 23.9463348389, 21.5132656097, 18.7709541321, 38.6162452698, 60.2053527832, 26.9471855164, 13.7910575867, 21.2483348846, 18.7049045563, 13.4147930145, 18.9880771637, 16.0716247559, 15.2065181732, 13.1433324814, 11.0381717682, 11.6869812012, 10.9054021835, 10.3975429535, 8.62632465363, 6.75588750839, 4.90579271317, 3.50416827202, 1.60250818729, 0.521971464157, 0.144225493073, 0.0257369298488, 0.00195179576986, 0.000113372858323]}, "spectral_strongpeak": {"dmean2": 0.692853748798, "median": 0.58880096674, "min": 0, "dvar2": 0.95379948616, "dvar": 0.429909616709, "dmean": 0.428642183542, "max": 11.6298284531, "var": 0.6621966362, "mean": 0.768579363823}, "spectral_energy": {"dmean2": 0.0193434506655, "median": 0.0139498161152, "min": 1.12035264713e-20, "dvar2": 0.00100387923885, "dvar": 0.000556400220376, "dmean": 0.0149883441627, "max": 0.360342800617, "var": 0.00283583207056, "mean": 0.0409079417586}, "average_loudness": 0.763368546963, "spectral_rolloff": {"dmean2": 1072.6574707, "median": 1356.59179688, "min": 21.533203125, "dvar2": 2409210, "dvar": 1227096.125, "dmean": 689.392333984, "max": 18755.4199219, "var": 4432441.5, "mean": 1973.2220459}, "spectral_centroid": {"dmean2": 503.026519775, "median": 1808.13830566, "min": 236.357803345, "dvar2": 244722.421875, "dvar": 106589.914063, "dmean": 315.591552734, "max": 11080.2050781, "var": 415133.59375, "mean": 1880.62036133}, "pitch_salience": {"dmean2": 0.131701916456, "median": 0.569714188576, "min": 0.0684593394399, "dvar2": 0.0197641011328, "dvar": 0.00973471719772, "dmean": 0.086233265698, "max": 0.903777480125, "var": 0.0410965010524, "mean": 0.501581311226}, "spectral_energyband_middle_high": {"dmean2": 0.00381275243126, "median": 0.00327298184857, "min": 1.97152804057e-21, "dvar2": 2.86433369183e-05, "dvar": 1.5434308807e-05, "dmean": 0.00271214894019, "max": 0.0731208622456, "var": 3.50002701452e-05, "mean": 0.00516410544515}, "spectral_contrast_coeffs": {"dmean2": [0.0830566734076, 0.0803581625223, 0.0674591436982, 0.0546344220638, 0.0367820635438, 0.0261985827237], "median": [-0.711123108864, -0.785533308983, -0.783432483673, -0.787402272224, -0.797397375107, -0.784979939461], "min": [-0.960231244564, -0.963469922543, -0.980236470699, -0.976865768433, -0.960821807384, -0.961075246334], "dvar2": [0.00553875882179, 0.00395029643551, 0.00272565474734, 0.0017813059967, 0.000846907088999, 0.000414647452999], "dvar": [0.00220150034875, 0.00154858687893, 0.00105007225648, 0.00079263857333, 0.000335609511239, 0.000161525123985], "dmean": [0.0513380020857, 0.0493389815092, 0.0410838164389, 0.0349835082889, 0.0221824999899, 0.0158568378538], "max": [-0.344431579113, -0.419615417719, -0.520346820354, -0.535775303841, -0.614109456539, -0.652951955795], "var": [0.00688132178038, 0.00487186247483, 0.00311275525019, 0.00311072682962, 0.0017700153403, 0.000981776043773], "mean": [-0.696332216263, -0.774094343185, -0.779783070087, -0.779020130634, -0.788123488426, -0.788636088371]}, "melbands_skewness": {"dmean2": 1.66383194923, "median": 1.88539791107, "min": -3.76129198074, "dvar2": 5.49977064133, "dvar": 2.90073013306, "dmean": 1.16689074039, "max": 24.820892334, "var": 15.401424408, "mean": 3.34175848961}, "spectral_spread": {"dmean2": 806820.75, "median": 591398