{"tonal": {"thpcp": [1, 0.673122406006, 0.431910157204, 0.404973983765, 0.354578971863, 0.54261636734, 0.846408426762, 0.775001168251, 0.508891105652, 0.408912360668, 0.375288248062, 0.451613992453, 0.581111967564, 0.596083879471, 0.760179102421, 0.919745504856, 0.696018815041, 0.437552034855, 0.331664860249, 0.313498616219, 0.51280528307, 0.70806401968, 0.555068492889, 0.355448663235, 0.337073177099, 0.371818035841, 0.576841175556, 0.75465798378, 0.667320489883, 0.669680416584, 0.708675146103, 0.503026008606, 0.384955614805, 0.443960160017, 0.491112947464, 0.790128588676], "hpcp": {"dmean2": [0.238744214177, 0.242005988955, 0.259924888611, 0.258267581463, 0.199529603124, 0.160707339644, 0.171051457524, 0.184623450041, 0.223135918379, 0.245008647442, 0.197464376688, 0.152058795094, 0.127254515886, 0.143903896213, 0.199998423457, 0.249109759927, 0.224078655243, 0.189044132829, 0.163224473596, 0.155257984996, 0.17553088069, 0.193954646587, 0.203003659844, 0.217720016837, 0.232255145907, 0.201975405216, 0.151166200638, 0.119120471179, 0.126352220774, 0.183845996857, 0.207826018333, 0.195585057139, 0.161070555449, 0.153900012374, 0.17165826261, 0.213174343109], "median": [0.0285712331533, 0.0289464239031, 0.0260549671948, 0.0205464605242, 0.0147418584675, 0.0112843252718, 0.0125867780298, 0.0189442764968, 0.0405447520316, 0.0479473546147, 0.0331215895712, 0.0164792500436, 0.0120040951297, 0.0141372112557, 0.0257295258343, 0.0371546037495, 0.0287896227092, 0.0179197546095, 0.010197150521, 0.0097433347255, 0.0177229400724, 0.0211513172835, 0.0210100952536, 0.0308771803975, 0.0369452759624, 0.0283476058394, 0.0155219277367, 0.0110085774213, 0.010241358541, 0.0177354849875, 0.0232026837766, 0.0185305457562, 0.0122618665919, 0.00928436219692, 0.011093585752, 0.021837066859], "min": [0, 0, 0, 0, 0, 0, 0, 0, 0, 0, 0, 0, 0, 0, 0, 0, 0, 0, 0, 0, 0, 0, 0, 0, 0, 0, 0, 0, 0, 0, 0, 0, 0, 0, 0, 0], "dvar2": [0.127663254738, 0.132441490889, 0.150160342455, 0.156717121601, 0.116219051182, 0.0929652899504, 0.101606741548, 0.101082995534, 0.100286751986, 0.110577404499, 0.0880629047751, 0.0788002535701, 0.0627776905894, 0.0719228982925, 0.10505708307, 0.130209445953, 0.116330727935, 0.105747461319, 0.0908859223127, 0.0839699357748, 0.093677200377, 0.0997343286872, 0.109423793852, 0.106706142426, 0.111926555634, 0.093289360404, 0.0742692798376, 0.0574673265219, 0.0683160796762, 0.0989720523357, 0.11081558466, 0.109492182732, 0.0957354530692, 0.093116119504, 0.103193804622, 0.1230719015], "dvar": [0.0548537895083, 0.0530581511557, 0.0575662329793, 0.0619603581727, 0.0442841798067, 0.0342223718762, 0.0381529256701, 0.0378726497293, 0.0432228557765, 0.0509456247091, 0.0361497588456, 0.0303206872195, 0.0262598637491, 0.0274714734405, 0.0400553122163, 0.0542461052537, 0.0493835099041, 0.0390924625099, 0.0355776287615, 0.0322893597186, 0.035040833056, 0.0403988622129, 0.0434912033379, 0.0419691987336, 0.0500002279878, 0.0409882925451, 0.0295706298202, 0.022352039814, 0.0261999946088, 0.0397415645421, 0.0505473762751, 0.0428728833795, 0.0344657227397, 0.0359039604664, 0.0386129692197, 0.0486876368523], "dmean": [0.139187574387, 0.137791752815, 0.146293535829, 0.146051511168, 0.112396456301, 0.0900507941842, 0.0955684483051, 0.104976162314, 0.132222160697, 0.147791415453, 0.1174120754, 0.0873274579644, 0.0734395012259, 0.0811827629805, 0.11543250829, 0.147133126855, 0.131490111351, 0.108189545572, 0.0916844978929, 0.0881003886461, 0.101014360785, 0.112962462008, 0.116634860635, 0.127861067653, 0.138607218862, 0.119877174497, 0.0870472192764, 0.0679091587663, 0.0711940526962, 0.105760142207, 0.123244263232, 0.113256052136, 0.090569011867, 0.0856593474746, 0.0953459888697, 0.120600052178], "max": [1, 1, 1, 1, 1, 1, 1, 1, 1, 1, 1, 1, 1, 1, 1, 1, 1, 1, 1, 1, 1, 1, 1, 1, 1, 1, 1, 1, 1, 1, 1, 1, 1, 1, 1, 1], "var": [0.0768315196037, 0.0614516101778, 0.0615878291428, 0.0751328989863, 0.0458584353328, 0.0318901464343, 0.0422263853252, 0.0407156832516, 0.0656943768263, 0.0951721221209, 0.052458114922, 0.0355789326131, 0.0402647890151, 0.026060776785, 0.0415636636317, 0.0819292142987, 0.0769705325365, 0.0425236225128, 0.0397320054471, 0.0320951156318, 0.0347765497863, 0.052994903177, 0.0550135858357, 0.0668626353145, 0.0924957171082, 0.0611985214055, 0.0372043997049, 0.0277481917292, 0.0261763315648, 0.0455032363534, 0.0756152570248, 0.0513379946351, 0.0289313811809, 0.0316062830389, 0.032864626497, 0.0544507242739], "mean": [0.15762193501, 0.139380156994, 0.139873057604, 0.148017704487, 0.105064727366, 0.0804039016366, 0.0927279144526, 0.102576494217, 0.165030509233, 0.208865389228, 0.140591979027, 0.0902110859752, 0.0845850482583, 0.0740592777729, 0.113333784044, 0.176785424352, 0.161870926619, 0.106289744377, 0.0854076370597, 0.0783847272396, 0.0943265333772, 0.121374182403, 0.124501287937, 0.158775106072, 0.192102998495, 0.145374238491, 0.091389477253, 0.0692733079195, 0.0654790103436, 0.107107274234, 0.14789006114, 0.115934602916, 0.0742409229279, 0.0704029202461, 0.077659919858, 0.120482154191]}, "tuning_equal_tempered_deviation": 0.0144730461761, "chords_changes_rate": 0.107192516327, "key_key": "F", "tuning_diatonic_strength": 0.65410554409, "key_scale": "major", "chords_number_rate": 0.00240171910264, "tuning_frequency": 447.691040039, "tuning_nontempered_energy_ratio": 0.776100158691, "chords_histogram": [18.9735813141, 6.73745441437, 1.97193777561, 2.42700028419, 5.59979772568, 1.75704717636, 1.50423455238, 1.61800026894, 1.69384396076, 0.0379218794405, 2.04778146744, 0.568828225136, 1.0491720438, 0, 0.202250033617, 5.56187582016, 1.68120336533, 3.26128172874, 0.619390726089, 4.23461008072, 2.12362527847, 4.79079771042, 14.562002182, 16.9763622284], "key_strength": 0.8586409688, "chords_key": "F", "chords_strength": {"dmean2": 0.0144574893638, "median": 0.476631134748, "min": -1, "dvar2": 0.000641635269858, "dvar": 0.000362327584298, "dmean": 0.0134967137128, "max": 0.844552099705, "var": 0.0190359763801, "mean": 0.476205706596}, "chords_scale": "major", "hpcp_entropy": {"dmean2": 1.13189387321, "median": 1.82782530785, "min": 0, "dvar2": 0.865127801895, "dvar": 0.328038096428, "dmean": 0.671879887581, "max": 4.53027153015, "var": 0.762541413307, "mean": 1.84552812576}}, "metadata": {"audio_properties": {"equal_loudness": 0, "codec": "alac", "downmix": "mix", "sample_rate": 44100, "analysis_sample_rate": 44100, "bit_rate": 797901, "md5_encoded": "2e2d14562428973f8bd3b6ac44369c3b", "length": 367.293334961, "replay_gain": -12.3081035614, "lossless": true}, "version": {"essentia_build_sha": "c0e182ba78c2de26e491b7b7a4a2c98c1ed34208", "essentia": "2.1-beta2", "extractor": "music 1.0", "essentia_git_sha": "v2.1_beta2-2-gbb40004"}, "tags": {"title": ["Cluster"], "barcode": ["8436019581483"], "media": ["CD"], "musicbrainz_recordingid": ["04fed944-a4be-4886-b7e6-557ab6edc360"], "musicbrainz_albumartistid": ["74c5fe17-3d0c-446c-b90d-5eeb1bc2c4be"], "discnumber": ["1/1"], "bpm": ["0"], "catalognumber": ["LHJ10148"], "file_name": "12 Cluster.m4a", "compilation": ["0"], "date": ["2004"], "genre": ["Jazz"], "album": ["Jazz-Lab 1 & 2"], "script": ["Latin"], "musicbrainz_albumid": ["9636777e-4c05-4ef2-ade2-25ce1ccb9632"], "tracknumber": ["12/21"], "encodedby": ["iTunes 12.3.2.35"], "musicbrainz_releasegroupid": ["da08bc1f-6bc2-4a72-93cb-ac9b94b60000"], "artist": ["John Graas"], "label": ["Lone Hill Jazz"], "albumartistsort": ["Graas, John"], "musicbrainz_artistid": ["74c5fe17-3d0c-446c-b90d-5eeb1bc2c4be"]}}, "rhythm": {"bpm_histogram_first_peak_bpm": {"dmean2": 0, "median": 136, "min": 136, "dvar2": 0, "dvar": 0, "dmean": 0, "max": 136, "var": 0, "mean": 136}, "bpm": 136.477554321, "bpm_histogram_second_peak_spread": {"dmean2": 0, "median": 0.411764740944, "min": 0.411764740944, "dvar2": 0, "dvar": 0, "dmean": 0, "max": 0.411764740944, "var": 0, "mean": 0.411764740944}, "bpm_histogram_first_peak_weight": {"dmean2": 0, "median": 0.377289384604, "min": 0.377289384604, "dvar2": 0, "dvar": 0, "dmean": 0, "max": 0.377289384604, "var": 0, "mean": 0.377289384604}, "onset_rate": 3.84681916237, "beats_position": [0.348299324512, 0.696598649025, 1.03328800201, 1.35836732388, 1.68344664574, 1.99691605568, 2.32199549675, 2.6470746994, 2.97215414047, 3.30884337425, 3.64553284645, 3.98222208023, 4.31891155243, 4.67882061005, 5.05034017563, 5.42185926437, 5.78176879883, 6.26938772202, 6.74539661407, 7.22140598297, 7.6858048439, 8.15020370483, 8.6146030426, 9.05578231812, 9.52018165588, 9.97297000885, 10.4257593155, 10.8553285599, 11.2848978043, 11.7260770798, 12.1672563553, 12.6200447083, 13.0728340149, 13.5256233215, 13.9784126282, 14.4312019348, 14.8723802567, 15.3135595322, 15.7663488388, 16.2191371918, 16.6719264984, 17.1247158051, 17.5775051117, 17.9374141693, 18.2857131958, 18.6456241608, 19.0055332184, 19.3538322449, 19.7137413025, 20.0736503601, 20.4335594177, 20.8050785065, 21.1765975952, 21.548116684, 21.9080276489, 22.3608150482, 22.8019943237, 23.2547836304, 23.707572937, 24.1487522125, 24.589931488, 25.0311107635, 25.4722900391, 25.9134693146, 26.3546485901, 26.7842178345, 27.22539711, 27.6665763855, 28.1077537537, 28.5605430603, 29.0017223358, 29.4429016113, 29.9189109802, 30.383310318, 30.8593196869, 31.3004989624, 31.753288269, 32.2060775757, 32.6704750061, 33.1232643127, 33.5876655579, 34.0636711121, 34.5280723572, 34.9924697876, 35.4568710327, 35.9212684631, 36.3856697083, 36.8500671387, 37.3028564453, 37.755645752, 38.2084350586, 38.638004303, 39.0791816711, 39.520362854, 39.9731521606, 40.4143295288, 40.8555107117, 41.2850799561, 41.7146492004, 42.1442184448, 42.5737876892, 43.0033569336, 43.4445343018, 43.8857116699, 44.3268928528, 44.7448501587, 45.1860313416, 45.6272087097, 46.0567779541, 46.4863471985, 46.9275283813, 47.3687057495, 47.8214950562, 48.2510643005, 48.6922454834, 49.1334228516, 49.5746040344, 50.0157814026, 50.4569587708, 50.9097480774, 51.362537384, 51.8269386292, 52.302947998, 52.7789573669, 53.2433547974, 53.6148757935, 53.9747848511, 54.3463020325, 54.7062110901, 55.0661201477, 55.4144210815, 55.7743301392, 56.1342391968, 56.4941482544, 56.854057312, 57.2139663696, 57.5738754272, 57.9453964233, 58.3169136047, 58.6884346008, 59.0483436584, 59.4198646545, 59.7913818359, 60.162902832, 60.5111999512, 60.859500885, 61.3006782532, 61.7534675598, 62.1946487427, 62.6474380493, 63.1118354797, 63.5762329102, 64.0290222168, 64.4818115234, 64.9229888916, 65.3641738892, 65.6892471313, 66.0143280029, 66.3394088745, 66.6644897461, 66.9895706177, 67.3146438599, 67.6397247314, 67.964805603, 68.2782745361, 68.7078475952, 69.1490249634, 69.5902023315, 70.0429916382, 70.4957809448, 70.936958313, 71.3781356812, 71.8193206787, 72.2721099854, 72.724899292, 73.1660766602, 73.6188659668, 74.060043335, 74.5012207031, 74.9307937622, 75.3719711304, 75.824760437, 76.2775497437, 76.7187271118, 77.15990448, 77.6010894775, 78.0422668457, 78.4834442139, 78.924621582, 79.3658065796, 79.8069839478, 80.2481613159, 80.6893386841, 81.1305236816, 81.5717010498, 82.012878418, 82.4540557861, 82.8952331543, 83.3364181519, 83.77759552, 84.2303848267, 84.6831741333, 85.1243515015, 85.5655288696, 86.0067138672, 86.4478912354, 86.8890686035, 87.3302459717, 87.7714233398, 88.2126083374, 88.6537857056, 89.0949630737, 89.5361404419, 89.9773254395, 90.4068908691, 90.8364639282, 91.2776412964, 91.7188186646, 92.1599960327, 92.6011810303, 93.0423583984, 93.4835357666, 93.9247131348, 94.3658905029, 94.8070755005, 95.2482528687, 95.6894302368, 96.130607605, 96.5717926025, 97.0129699707, 97.4541473389, 97.895324707, 98.3365097046, 98.7776870728, 99.2188644409, 99.6600418091, 100.101219177, 100.542404175, 100.983581543, 101.424758911, 101.85433197, 102.2838974, 102.725074768, 103.154647827, 103.584213257, 104.025398254, 104.466575623, 104.907752991, 105.348930359, 105.778503418, 106.208068848, 106.637641907, 107.090431213, 107.531608582, 107.97278595, 108.402359009, 108.878364563, 109.354377747, 109.830383301, 110.376052856, 110.921722412, 111.467391968, 112.013061523, 112.558731079, 113.081176758, 113.592018127, 114.102851868, 114.613693237, 115.136146545, 115.658592224, 116.111381531, 116.575782776, 117.028572083, 117.469749451, 117.910926819, 118.352104187, 118.804893494, 119.280906677, 119.756912231, 120.232925415, 120.697319031, 121.161720276, 121.602897644, 122.055686951, 122.508476257, 122.961265564, 123.414054871, 123.866844177, 124.319633484, 124.784034729, 125.248435974, 125.701225281, 126.154014587, 126.606803894, 127.059593201, 127.523986816, 127.988388062, 128.441177368, 128.893966675, 129.335144043, 129.78793335, 130.240722656, 130.681900024, 131.111465454, 131.552658081, 132.005432129, 132.446624756, 132.887802124, 133.317367554, 133.758544922, 134.188110352, 134.61769104, 135.058868408, 135.500045776, 135.941223145, 136.382400513, 136.823577881, 137.264755249, 137.694335938, 138.135513306, 138.576690674, 139.017868042, 139.45904541, 139.900222778, 140.341400146, 140.782577515, 141.223754883, 141.66494751, 142.094512939, 142.524078369, 142.965255737, 143.394821167, 143.824401855, 144.265579224, 144.706756592, 145.14793396, 145.57749939, 146.007064819, 146.436645508, 146.866210938, 147.307388306, 147.748565674, 148.178131104, 148.61932373, 149.04888916, 149.490066528, 149.919631958, 150.349197388, 150.790390015, 151.231567383, 151.672744751, 152.113922119, 152.555099487, 152.996276855, 153.425842285, 153.855422974, 154.296600342, 154.714553833, 155.132507324, 155.538864136, 155.945205688, 156.363174438, 156.78112793, 157.19909668, 157.628662109, 158.058227539, 158.487792969, 158.917373657, 159.346939087, 159.776504517, 160.217681885, 160.658859253, 161.088439941, 161.518005371, 161.947570801, 162.37713623, 162.818313599, 163.259490967, 163.700683594, 164.141860962, 164.58303833, 165.024215698, 165.453781128, 165.883346558, 166.324539185, 166.765716553, 167.195281982, 167.624847412, 168.054412842, 168.48399353, 168.91355896, 169.34312439, 169.772689819, 170.202270508, 170.643447876, 171.084625244, 171.525802612, 171.96697998, 172.39654541, 172.826126099, 173.255691528, 173.685256958, 174.126434326, 174.555999756, 174.985580444, 175.426757812, 175.867935181, 176.29750061, 176.72706604, 177.168243408, 177.609436035, 178.050613403, 178.480178833, 178.898132324, 179.327713013, 179.757278442, 180.198455811, 180.639633179, 181.080810547, 181.510375977, 181.951568604, 182.381134033, 182.810699463, 183.240264893, 183.669830322, 184.111022949, 184.552200317, 184.970153809, 185.399719238, 185.829299927, 186.258865356, 186.688430786, 187.117996216, 187.547576904, 187.988754272, 188.418319702, 188.847885132, 189.2890625, 189.718643188, 190.148208618, 190.577774048, 191.007339478, 191.436920166, 191.866485596, 192.307662964, 192.748840332, 193.1900177, 193.631195068, 194.072372437, 194.513549805, 194.954742432, 195.3959198, 195.837097168, 196.278274536, 196.719451904, 197.160629272, 197.590194702, 198.019775391, 198.460952759, 198.902130127, 199.343307495, 199.784484863, 200.225662231, 200.655227661, 201.08480835, 201.525985718, 201.955551147, 202.396728516, 202.826293945, 203.267486572, 203.70866394, 204.149841309, 204.591018677, 205.032196045, 205.484985352, 205.914550781, 206.344116211, 206.750473022, 207.168426514, 207.586395264, 208.004348755, 208.422302246, 208.851882935, 209.281448364, 209.711013794, 210.140579224, 210.570159912, 210.999725342, 211.44090271, 211.882080078, 212.311645508, 212.741226196, 213.182403564, 213.623580933, 214.053146362, 214.482711792, 214.92388916, 215.365081787, 215.829467773, 216.293869019, 216.769882202, 217.245895386, 217.710296631, 218.174682617, 218.627471924, 219.08026123, 219.521453857, 219.962631226, 220.403808594, 220.833374023, 221.262939453, 221.704116821, 222.156906128, 222.586486816, 223.027664185, 223.480453491, 223.933242798, 224.386032104, 224.85043335, 225.303222656, 225.744400024, 226.20880127, 226.684799194, 227.160812378, 227.578765869, 228.019943237, 228.461135864, 228.902313232, 229.331878662, 229.761444092, 230.20262146, 230.632202148, 231.061767578, 231.502944946, 231.932510376, 232.362075806, 232.803268433, 233.244445801, 233.67401123, 234.115188599, 234.544754028, 234.985931396, 235.438720703, 235.89151001, 236.355911255, 236.808700562, 237.261489868, 237.702667236, 238.120635986, 238.550201416, 238.991378784, 239.432556152, 239.862121582, 240.280090332, 240.709655762, 241.15083313, 241.58039856, 242.021575928, 242.462768555, 242.903945923, 243.345123291, 243.786300659, 244.215866089, 244.645431519, 245.086624146, 245.527801514, 245.968978882, 246.41015625, 246.851333618, 247.292510986, 247.733688354, 248.174865723, 248.616043091, 249.057235718, 249.486801147, 249.916366577, 250.357543945, 250.798721313, 251.228302002, 251.657867432, 252.087432861, 252.528610229, 252.958175659, 253.387756348, 253.840545654, 254.165618896, 254.502304077, 254.839004517, 255.15246582, 255.465942383, 255.779403687, 256.09286499, 256.41796875, 256.743041992, 257.079711914, 257.404815674, 257.741485596, 258.066558838, 258.403259277, 258.856048584, 259.297241211, 259.73840332, 260.179595947, 260.609161377, 261.038726807, 261.468292236, 261.897857666, 262.327423096, 262.768615723, 263.209777832, 263.662567139, 264.103759766, 264.521728516, 264.962890625, 265.404083252, 265.845245361, 266.263214111, 266.716003418, 267.168792725, 267.621582031, 268.062774658, 268.515563965, 268.968353271, 269.397918701, 269.839080811, 270.280273438, 270.721435547, 271.162628174, 271.603790283, 272.04498291, 272.486175537, 272.915740967, 273.356903076, 273.798095703, 274.227661133, 274.657226562, 275.086791992, 275.527984619, 275.969146729, 276.410339355, 276.839904785, 277.269470215, 277.710662842, 278.151824951, 278.593017578, 279.022583008, 279.452148438, 279.893341064, 280.334503174, 280.764068604, 281.193634033, 281.63482666, 282.07598877, 282.517181396, 282.958374023, 283.399536133, 283.93359375, 284.467651367, 285.001708984, 285.547393799, 286.093048096, 286.627105713, 287.172790527, 287.718444824, 288.252502441, 288.786560059, 289.320617676, 289.854675293, 290.400360107, 290.946014404, 291.503295898, 292.037353516, 292.571411133, 293.117095947, 293.662750244, 294.196807861, 294.835357666, 295.473907471, 296.124084473, 296.774230957, 297.424407959, 298.074554443, 298.724700928, 299.37487793, 300.025024414, 300.675201416, 301.3253479, 301.975494385, 302.625671387, 303.275817871, 303.937591553, 304.576141357, 305.237915039, 305.899688721, 306.561431885, 307.234832764, 307.919799805, 308.604797363, 309.173675537, 309.730957031, 310.276641846, 310.83392334, 311.379577637, 311.936859131, 312.494140625, 313.051422119, 313.597106934, 314.15435791, 314.700042725, 315.245697021, 315.802978516, 316.371887207, 316.940765381, 317.509643555, 318.066925049, 318.624206543, 319.169891357, 319.727172852, 320.272827148, 320.818511963, 321.36416626, 321.921447754, 322.467102051, 322.896697998, 323.326263428, 323.779052734, 324.220214844, 324.67300415, 325.10256958, 325.52053833, 325.95010376, 326.379669189, 326.809234619, 327.238800049, 327.656768799, 328.097961426, 328.585571289, 329.073181152, 329.560821533, 330.036804199, 330.512817383, 330.977233887, 331.430023193, 331.89440918, 332.347198486, 332.799987793, 333.2527771, 333.693969727, 334.135131836, 334.576324463, 335.017486572, 335.470275879, 335.934692383, 336.387481689, 336.840270996, 337.304656982, 337.769073486, 338.233459473, 338.697875977, 339.150665283, 339.591827393, 340.03302002, 340.474182129, 340.915374756, 341.356536865, 341.797729492, 342.227294922, 342.656860352, 343.098052979, 343.539215088, 343.980407715, 344.409973145, 344.839538574, 345.269104004, 345.698669434, 346.139862061, 346.58102417, 347.022216797, 347.463409424, 347.904571533, 348.34576416, 348.78692627, 349.228118896, 349.669281006, 350.110473633, 350.551635742, 350.992828369, 351.434020996, 351.875183105, 352.351196289, 352.827209473, 353.314819336, 353.79083252, 354.266845703, 354.754455566, 355.21887207, 355.694854736, 356.17086792, 356.646881104, 357.09967041, 357.552459717, 358.005249023, 358.45803833, 358.899230957, 359.352020264, 359.793182373, 360.24597168, 360.687164307, 361.128326416, 361.569519043, 362.02230835, 362.463470459, 362.927886963, 363.403900146, 363.87991333, 364.413970947, 364.948028564, 365.482086182, 366.016143799, 366.550201416], "beats_loudness": {"dmean2": 0.0357934124768, "median": 0.0285457335413, "min": 0, "dvar2": 0.00153287826106, "dvar": 0.000537462125067, "dmean": 0.020604416728, "max": 0.224227964878, "var": 0.000602918211371, "mean": 0.0323807038367}, "danceability": 1.22160446644, "bpm_histogram_second_peak_weight": {"dmean2": 0, "median": 0.0488400496542, "min": 0.0488400496542, "dvar2": 0, "dvar": 0, "dmean": 0, "max": 0.0488400496542, "var": 0, "mean": 0.0488400496542}, "beats_count": 820, "bpm_histogram_second_peak_bpm": {"dmean2": 0, "median": 129, "min": 129, "dvar2": 0, "dvar": 0, "dmean": 0, "max": 129, "var": 0, "mean": 129}, "bpm_histogram_first_peak_spread": {"dmean2": 0, "median": 0.45598590374, "min": 0.45598590374, "dvar2": 0, "dvar": 0, "dmean": 0, "max": 0.45598590374, "var": 0, "mean": 0.45598590374}, "beats_loudness_band_ratio": {"dmean2": [0.45065382123, 0.218856543303, 0.198881149292, 0.192674905062, 0.107789285481, 0.0442190654576], "median": [0.453509390354, 0.125626444817, 0.104606047273, 0.0898251384497, 0.032845903188, 0.00954624079168], "min": [0, 0, 0, 0, 0, 0], "dvar2": [0.130617067218, 0.03733830899, 0.0488175489008, 0.0470935180783, 0.019432509318, 0.00808249507099], "dvar": [0.0502580627799, 0.0132736116648, 0.0181500576437, 0.0177641585469, 0.00709424540401, 0.00277223088779], "dmean": [0.263054639101, 0.125523835421, 0.115077249706, 0.111957915127, 0.0613304339349, 0.024194214493], "max": [0.993537843227, 0.798774182796, 0.878974676132, 0.959906697273, 0.569308817387, 0.593015730381], "var": [0.0992233380675, 0.0221168082207, 0.0270373579115, 0.0227170102298, 0.00816872157156, 0.00191930949222], "mean": [0.477931797504, 0.171926245093, 0.159209549427, 0.139034971595, 0.0687964111567, 0.0225721821189]}}, "lowlevel": {"barkbands_spread": {"dmean2": 6.47399997711, "median": 13.385260582, "min": 0.34436237812, "dvar2": 54.3993835449, "dvar": 24.678237915, "dmean": 4.23694419861, "max": 70.4493560791, "var": 82.3983306885, "mean": 15.1851873398}, "melbands_spread": {"dmean2": 8.44942188263, "median": 14.6500778198, "min": 0.402417063713, "dvar2": 103.770782471, "dvar": 48.2261238098, "dmean": 5.53484106064, "max": 159.416519165, "var": 262.544158936, "mean": 18.1609306335}, "hfc": {"dmean2": 5.86579942703, "median": 6.94540214539, "min": 1.07234807874e-16, "dvar2": 166.551589966, "dvar": 102.934417725, "dmean": 4.61749649048, "max": 443.613739014, "var": 388.651367188, "mean": 13.6803646088}, "barkbands_kurtosis": {"dmean2": 7.49948501587, "median": 2.06378149986, "min": -1.87207531929, "dvar2": 229.284408569, "dvar": 123.285247803, "dmean": 5.15880870819, "max": 361.946166992, "var": 368.795776367, "mean": 8.09628677368}, "gfcc": {"mean": [-66.0894775391, 132.779281616, -137.868255615, 40.7103271484, -45.9816856384, 4.70744180679, -26.3632221222, -7.62074184418, -15.2433757782, -7.71261310577, -6.61551761627, -8.55501747131, -11.7777786255], "icov": [[0.000697434181347, -0.00196570856497, 0.00197473331355, -0.00178440264426, 0.00110126135405, -0.00119965930935, 0.000910352508072, -0.000977687304839, 0.00132462906186, -0.000611914787441, -0.000418071460444, 0.000829848053399, -0.000490615377203], [-0.00196570856497, 0.00818074587733, -0.00533793214709, 0.00558714522049, -0.00307937012985, 0.00361102051102, -0.0038275711704, 0.00444538705051, -0.00632450496778, 0.00479504745454, -0.00201917416416, -0.000359130121069, 0.000961282290518], [0.00197473331355, -0.00533793214709, 0.00718931108713, -0.00589111167938, 0.00329989823513, -0.00387638388202, 0.00192323233932, -0.00212485878728, 0.00253098318353, -0.00119676394388, -0.00170866714325, 0.0022793977987, -0.00109019945376], [-0.00178440264426, 0.00558714522049, -0.00589111167938, 0.00767288124189, -0.00399490538985, 0.00181777961552, -0.00030805444112, 0.00172604632098, -0.00236246082932, 0.00124129781034, -1.35002055686e-05, 0.000662281818222, 0.00116193597205], [0.00110126135405, -0.00307937012985, 0.00329989823513, -0.00399490538985, 0.007164449431, -0.00366962654516, -0.00115228677168, 0.000961798883509, -0.000759544491302, -0.000472142302897, 0.000123854071717, -0.00262928451411, 0.00277002365328], [-0.00119965930935, 0.00361102051102, -0.00387638388202, 0.00181777961552, -0.00366962654516, 0.0120593225583, -0.00522695854306, 0.00114593224134, -0.00219151563942, 0.000170805375092, 0.00254841079004, -0.00126165803522, -0.000162903277669], [0.000910352508072, -0.0038275711704, 0.00192323233932, -0.00030805444112, -0.00115228677168, -0.00522695854306, 0.0175210423768, -0.00984378624707, 0.00187733967323, 0.000510059937369, -0.00302834738977, 0.0054176566191, -0.00573480129242], [-0.000977687304839, 0.00444538705051, -0.00212485878728, 0.00172604632098, 0.000961798883509, 0.00114593224134, -0.00984378624707, 0.0196711327881, -0.00897178798914, 0.000677147414535, 0.00213405303657, -0.00436272891238, 0.00153999205213], [0.00132462906186, -0.00632450496778, 0.00253098318353, -0.00236246082932, -0.000759544491302, -0.00219151563942, 0.00187733967323, -0.00897178798914, 0.0236784555018, -0.00993197225034, -0.00020291088731, 0.00671138009056, -0.00200459035113], [-0.000611914787441, 0.00479504745454, -0.00119676394388, 0.00124129781034, -0.000472142302897, 0.000170805375092, 0.000510059937369, 0.000677147414535, -0.00993197225034, 0.0198313370347, -0.00734850997105, -0.000149995248648, 0.000613844662439], [-0.000418071460444, -0.00201917416416, -0.00170866714325, -1.35002055686e-05, 0.000123854071717, 0.00254841079004, -0.00302834738977, 0.00213405303657, -0.00020291088731, -0.00734850997105, 0.0261561498046, -0.0188225358725, 0.00707505224273], [0.000829848053399, -0.000359130121069, 0.0022793977987, 0.000662281818222, -0.00262928451411, -0.00126165803522, 0.0054176566191, -0.00436272891238, 0.00671138009056, -0.000149995248648, -0.0188225358725, 0.0361148938537, -0.0170144233853], [-0.000490615377203, 0.000961282290518, -0.00109019945376, 0.00116193597205, 0.00277002365328, -0.000162903277669, -0.00573480129242, 0.00153999205213, -0.00200459035113, 0.000613844662439, 0.00707505224273, -0.0170144233853, 0.0231780502945]], "cov": [[12101.1474609, 1390.37219238, -2038.06518555, 8.31609153748, -460.610717773, -106.443023682, -130.310943604, -67.2270431519, -163.593994141, -154.486038208, 54.0372886658, -84.8695755005, 39.8765487671], [1390.37219238, 700.974731445, -110.80897522, -228.759338379, -0.281107753515, -39.2404556274, 76.6887512207, -22.1174526215, 52.3588294983, -72.682762146, 57.6902923584, -2.97038555145, 13.4790287018], [-2038.06518555, -110.80897522, 908.89074707, 366.180908203, 130.434341431, 125.587631226, 31.9709644318, 14.0131177902, 62.212890625, 28.7200241089, -0.426975548267, -41.7393684387, -47.7668800354], [8.31609153748, -228.759338379, 366.180908203, 645.158508301, 150.682159424, 113.02571106, -50.9026527405, -8.02773666382, 7.90832614899, 37.0155143738, -27.7182331085, -67.4164276123, -76.05418396], [-460.610717773, -0.281107753515, 130.434341431, 150.682159424, 308.464141846, 93.1028900146, 46.9600906372, 3.75417423248, 48.4468307495, 18.3503074646, 9.32076358795, -2.93419671059, -37.292766571], [-106.443023682, -39.2404556274, 125.587631226, 113.02571106, 93.1028900146, 163.341674805, 55.7206459045, 32.3518867493, 28.7421703339, 14.1866693497, -13.9163007736, -13.5280056, -2.29883098602], [-130.310943604, 76.6887512207, 31.9709644318, -50.9026527405, 46.9600906372, 55.7206459045, 135.458206177, 62.5791969299, 39.7704772949, -0.956667244434, 6.33574438095, 3.6537156105, 26.4668560028], [-67.2270431519, -22.1174526215, 14.0131177902, -8.02773666382, 3.75417423248, 32.3518867493, 62.5791969299, 101.409912109, 40.00050354, 18.1009635925, -2.2770075798, 3.54385352135, 15.3569087982], [-163.593994141, 52.3588294983, 62.212890625, 7.90832614899, 48.4468307495, 28.7421703339, 39.7704772949, 40.00050354, 92.7706985474, 32.7541694641, 5.78422784805, -13.2318525314, -5.83284521103], [-154.486038208, -72.682762146, 28.7200241089, 37.0155143738, 18.3503074646, 14.1866693497, -0.956667244434, 18.1009635925, 32.7541694641, 87.5251693726, 23.0692329407, 8.71295166016, -4.42415952682], [54.0372886658, 57.6902923584, -0.426975548267, -27.7182331085, 9.32076358795, -13.9163007736, 6.33574438095, -2.2770075798, 5.78422784805, 23.0692329407, 82.0467758179, 44.4250640869, 8.0838098526], [-84.8695755005, -2.97038555145, -41.7393684387, -67.4164276123, -2.93419671059, -13.5280056, 3.6537156105, 3.54385352135, -13.2318525314, 8.71295166016, 44.4250640869, 78.881072998, 43.636100769], [39.8765487671, 13.4790287018, -47.7668800354, -76.05418396, -37.292766571, -2.29883098602, 26.4668560028, 15.3569087982, -5.83284521103, -4.42415952682, 8.0838098526, 43.636100769, 84.1414413452]]}, "spectral_energyband_middle_low": {"dmean2": 0.00471035996452, "median": 0.00575573183596, "min": 1.20832046285e-22, "dvar2": 4.61079434899e-05, "dvar": 2.19077537622e-05, "dmean": 0.00326647539623, "max": 0.0951313897967, "var": 9.42563929129e-05, "mean": 0.00922545883805}, "melbands_crest": {"dmean2": 5.3927693367, "median": 14.7821350098, "min": 1.67630255222, "dvar2": 24.104719162, "dvar": 10.4189510345, "dmean": 3.42158746719, "max": 34.3638458252, "var": 40.1609306335, "mean": 15.9027862549}, "spectral_kurtosis": {"dmean2": 4.38059616089, "median": 4.30171775818, "min": -1.25355744362, "dvar2": 19.5576057434, "dvar": 6.71218967438, "dmean": 2.5077111721, "max": 32.9981956482, "var": 13.8396158218, "mean": 5.28694915771}, "spectral_rms": {"dmean2": 0.00106707937084, "median": 0.00410651229322, "min": 3.15079386193e-12, "dvar2": 1.17767615393e-06, "dvar": 6.90595754804e-07, "dmean": 0.000801918038633, "max": 0.0177142936736, "var": 3.96008772441e-06, "mean": 0.0041921576485}, "zerocrossingrate": {"dmean2": 0.00815375335515, "median": 0.03564453125, "min": 0.00341796875, "dvar2": 9.72522611846e-05, "dvar": 6.49305438856e-05, "dmean": 0.00685371691361, "max": 0.5234375, "var": 0.00178018666338, "mean": 0.0409599132836}, "silence_rate_60dB": {"dmean2": 0.0847136154771, "median": 0, "min": 0, "dvar2": 0.0936111882329, "dvar": 0.0405570752919, "dmean": 0.0423541292548, "max": 1, "var": 0.081959232688, "mean": 0.0900758504868}, "erbbands_kurtosis": {"dmean2": 1.11610794067, "median": -0.172709107399, "min": -1.82317280769, "dvar2": 3.83633255959, "dvar": 1.94569802284, "dmean": 0.725396215916, "max": 92.6285705566, "var": 7.707010746, "mean": 0.268016040325}, "erbbands": {"dmean2": [0.0287909712642, 0.683987319469, 3.58018255234, 4.2882642746, 5.08046674728, 5.68917655945, 9.54654312134, 15.6362104416, 12.0280170441, 12.343173027, 15.0342502594, 17.6133403778, 14.7206392288, 22.1982746124, 26.3880939484, 33.9717636108, 28.1019210815, 18.3986740112, 16.4239635468, 18.7727565765, 14.8946380615, 8.87205219269, 11.3365783691, 8.18922615051, 5.70812368393, 3.46458268166, 2.28978013992, 1.47116196156, 0.490861654282, 0.275410473347, 0.20621791482, 0.113310016692, 0.0442648604512, 0.0126553447917, 0.00407930742949, 0.00123664620332, 0.000286240392597, 4.21512013418e-05, 7.75211628934e-06, 1.15301181722e-05], "median": [0.0125645147637, 0.347147285938, 1.41336941719, 2.41749405861, 2.26338529587, 2.16385889053, 3.38059258461, 4.12393760681, 2.84137296677, 3.15577411652, 4.74542760849, 4.11221122742, 3.72398376465, 3.69792914391, 5.64834594727, 7.59625720978, 7.59480381012, 7.61130475998, 6.90333890915, 5.29616117477, 4.61343622208, 3.25250053406, 4.10314273834, 2.60274362564, 2.83983802795, 1.74797379971, 1.07191848755, 0.765763759613, 0.372635066509, 0.262460231781, 0.203195363283, 0.0960738658905, 0.030019197613, 0.00665108580142, 0.0020234817639, 0.000730296480469, 0.000239700209931, 5.08613302372e-05, 1.60329054779e-05, 2.02509472729e-05], "min": [1.00982437887e-22, 3.87968987599e-22, 1.53847798727e-21, 5.78932563175e-21, 1.37530909896e-20, 2.26688346038e-20, 4.31001618065e-20, 7.07528226089e-20, 1.16406930406e-19, 1.49148121994e-19, 2.55080399679e-19, 5.04096945083e-19, 5.75833149731e-19, 4.95721276092e-19, 1.24919720093e-18, 1.19452128623e-18, 1.74151690355e-18, 1.85645985352e-18, 2.57541504986e-18, 3.10891573248e-18, 2.83076094867e-18, 4.4895968073e-18, 5.58887351927e-18, 6.24292936551e-18, 7.85648701177e-18, 8.25276360065e-18, 9.33958131823e-18, 9.6343008074e-18, 1.14245909682e-17, 1.06024685651e-17, 1.10355447651e-17, 1.13072884855e-17, 7.75680264897e-18, 7.84953290436e-18, 6.47079818553e-18, 3.17017941698e-18, 2.18105689962e-18, 8.16290883186e-19, 2.61234158148e-19, 2.73643108107e-20], "dvar2": [0.00221301498823, 1.07208144665, 36.3653678894, 46.5870399475, 99.8721313477, 144.012023926, 441.028839111, 2099.97460938, 1202.50195312, 1165.28112793, 1559.60461426, 2816.55175781, 2787.36962891, 22260.8066406, 7702.67431641, 56273.890625, 40728.984375, 3221.29394531, 3623.03393555, 6382.93994141, 1923.77368164, 551.898986816, 795.343811035, 491.775299072, 178.18951416, 88.9953613281, 36.8851966858, 12.4906740189, 1.07040894032, 0.339251548052, 0.141809523106, 0.0559438765049, 0.0119415624067, 0.00146931339987, 0.000189846221474, 2.10686648643e-05, 1.1620445548e-06, 3.64882382087e-08, 3.0290822628e-10, 2.3853982678e-10], "dvar": [0.00125357916113, 0.483929544687, 22.92619133, 23.2177028656, 40.1347808838, 63.7383117676, 189.897232056, 706.681762695, 618.353393555, 587.262756348, 967.557617188, 1645.99597168, 1762.32922363, 13513.2070312, 4168.67822266, 29993.515625, 26811.7773438, 1743.19628906, 1828.9552002, 2945.27050781, 1097.06274414, 312.20791626, 464.292236328, 303.385040283, 94.254737854, 48.9677314758, 19.7653656006, 6.33036851883, 0.523009419441, 0.174022138119, 0.0759785473347, 0.0279056094587, 0.00553802866489, 0.000685616920236, 9.82887431746e-05, 1.11149074655e-05, 6.26296980499e-07, 1.76308354582e-08, 1.88326340633e-10, 1.43375089579e-10], "dmean": [0.0210488643497, 0.464855968952, 2.59009313583, 2.95222401619, 3.20512843132, 3.71326589584, 6.12839269638, 9.703125, 8.26544284821, 8.54064083099, 10.9551229477, 12.9159440994, 11.0836296082, 17.3229999542, 20.0203323364, 24.6056594849, 20.2466983795, 12.7316970825, 11.2555503845, 12.9959373474, 10.511349678, 6.39496946335, 8.02437973022, 6.02518558502, 3.96648621559, 2.44576311111, 1.58811187744, 0.991493046284, 0.325263053179, 0.186702594161, 0.140291795135, 0.0768663659692, 0.0299123059958, 0.00844665244222, 0.00276665296406, 0.000841540575493, 0.000199472720851, 2.96459984384e-05, 5.93067352384e-06, 8.70355961524e-06], "max": [0.894443869591, 13.431429863, 187.949005127, 122.747436523, 175.027404785, 231.985549927, 378.794525146, 722.196228027, 708.535583496, 771.038391113, 1035.82592773, 2159.74487305, 3481.84863281, 7838.95507812, 2407.72827148, 12803.7949219, 17543.4628906, 1805.84387207, 2167.14306641, 4068.37207031, 1146.69042969, 539.518127441, 552.725341797, 694.68963623, 334.030303955, 270.775543213, 141.632904053, 94.6122817993, 24.7759094238, 26.6338100433, 12.1076059341, 8.33473014832, 2.96750688553, 1.76276242733, 0.639752626419, 0.234798520803, 0.0446023009717, 0.0116818035021, 0.00100108666811, 0.000415168353356], "var": [0.00513791851699, 1.18030941486, 73.1180038452, 54.829662323, 64.3513641357, 179.04750061, 598.953491211, 1342.88647461, 2737.26000977, 2073.14453125, 3744.03173828, 5609.40380859, 5789.12646484, 39211.1640625, 12044.8300781, 68601.9296875, 77432.5234375, 5322.04492188, 3754.84643555, 6242.58447266, 3164.86010742, 1210.81103516, 1867.72033691, 1341.11730957, 277.713378906, 174.662857056, 59.3230247498, 17.4127559662, 1.39480543137, 0.601389884949, 0.240220785141, 0.0632909610868, 0.00844237860292, 0.000901427527424, 0.000155023153638, 1.96461060114e-05, 1.19400419862e-06, 2.92254274115e-08, 5.66064750629e-10, 5.78036229992e-10], "mean": [0.0409335903823, 0.828880667686, 4.4344420433, 4.89696407318, 5.06372833252, 7.30682325363, 12.1974697113, 17.2012004852, 18.5004920959, 18.0286560059, 23.862405777, 29.3352775574, 25.223783493, 37.5046310425, 43.8544158936, 47.8425750732, 39.5143089294, 25.2154312134, 20.8271598816, 24.084526062, 20.0198116302, 13.3701000214, 16.8003749847, 12.4273328781, 8.19794940948, 5.32050323486, 3.07209682465, 1.87029135227, 0.683722913265, 0.440767347813, 0.320824027061, 0.159810483456, 0.0539666935802, 0.0138690136373, 0.00467492686585, 0.00160967337433, 0.000437899318058, 7.83955474617e-05, 2.10451726161e-05, 2.62435260083e-05]}, "spectral_strongpeak": {"dmean2": 0.824693202972, "median": 0.468265414238, "min": 0, "dvar2": 2.27645111084, "dvar": 1.11115455627, "dmean": 0.512085258961, "max": 28.7935791016, "var": 2.71338629723, "mean": 1.02603948116}, "spectral_energy": {"dmean2": 0.0100627923384, "median": 0.0172850284725, "min": 1.01756891289e-20, "dvar2": 0.000169836988789, "dvar": 0.000100213968835, "dmean": 0.00752381281927, "max": 0.321641087532, "var": 0.000396558752982, "mean": 0.0220725387335}, "average_loudness": 0.802143871784, "spectral_rolloff": {"dmean2": 492.577270508, "median": 882.861328125, "min": 43.06640625, "dvar2": 555172.3125, "dvar": 257611.375, "dmean": 299.602233887, "max": 19552.1484375, "var": 2672660.25, "mean": 1089.65515137}, "spectral_centroid": {"dmean2": 335.227539062, "median": 946.17767334, "min": 138.43649292, "dvar2": 162654.5, "dvar": 76960.421875, "dmean": 223.251831055, "max": 11663.5673828, "var": 925426.625, "mean": 1120.734375}, "pitch_salience": {"dmean2": 0.124693550169, "median": 0.508365988731, "min": 0.0557459630072, "dvar2": 0.0124023715034, "dvar": 0.00542427645996, "dmean": 0.0798552110791, "max": 0.892787873745, "var": 0.0190415754914, "mean": 0.497718751431}, "spectral_energyband_middle_high": {"dmean2": 0.00301257940009, "median": 0.00177968572825, "min": 1.12959893502e-21, "dvar2": 8.09253469924e-05, "dvar": 4.79020491184e-05, "dmean": 0.00232173246332, "max": 0.316604018211, "var": 0.000150255989865, "mean": 0.00583024136722}, "spectral_contrast_coeffs": {"dmean2": [0.082345828414, 0.0794174522161, 0.0650659129024, 0.0531271733344, 0.0368864871562, 0.0227929726243], "median": [-0.619516253471, -0.712017297745, -0.751251876354, -0.781685590744, -0.803116977215, -0.728654146194], "min": [-0.9812900424, -0.990441322327, -0.981472909451, -0.969164252281, -0.967177212238, -0.965333759785], "dvar2": [0.00428108451888, 0.00418856134638, 0.00311013660394, 0.00206221686676, 0.00104540190659, 0.000361917336704], "dvar": [0.00167789903935, 0.00176256522536, 0.00155767274555, 0.00106925109867, 0.000553938327357, 0.000155399160576], "dmean": [0.0511581413448, 0.0498594529927, 0.0431691333652, 0.0350421480834, 0.0239086281508, 0.0142313614488], "max": [-0.314263343811, -0.364184707403, -0.405438035727, -0.455842673779, -0.518392682076, -0.585743188858], "var": [0.00790114421397, 0.00944644585252, 0.0108548458666, 0.00591601850465, 0.00304987700656, 0.00129396328703], "mean": [-0.618870973587, -0.699896454811, -0.735868692398, -0.767044067383, -0.792779445648, -0.729107379913]}, "melbands_skewness": {"dmean2": 1.37154150009, "median": 2.22380018234, "min": -4.01276922226, "dvar2": 2.32262825966, "dvar": 1.21367824078, "dmean": 0.943714082241, "max": 17.3859462738, "var": 6.85723733902, "mean": 3.04944181442}, "spectral_spread": {"dmean2": 474314.03125, "median": 3128696, "min": 1571589.125, "dvar2": 470367830016, "dvar": 231205208064, "dmean": 307610.78125, "max": 42500700, "var": 9775966322690.0, "mean": 3466761.5}, "dissonance": {"dmean2": 0.0353886224329, "median": 0.46514749527, "min": 0.0128284720704, "dvar2": 0.00143325072713, "dvar": 0.000524147762917, "dmean": 0.0210743024945, "max": 0.499937295914, "var": 0.00123376725242, "mean": 0.455235302448}, "spectral_skewness": {"dmean2": 0.46259328723, "median": 1.40476405621, "min": -0.0720114484429, "dvar2": 0.181152313948, "dvar": 0.0668476819992, "dmean": 0.27660