{"tonal": {"thpcp": [1, 0.513306081295, 0.127531334758, 0.114903494716, 0.202114403248, 0.365936994553, 0.395494043827, 0.202113360167, 0.0722507834435, 0.0634316504002, 0.107006855309, 0.360019981861, 0.633339047432, 0.457183152437, 0.37364923954, 0.518101811409, 0.302689999342, 0.063077352941, 0.0348813682795, 0.050333339721, 0.171378791332, 0.224877893925, 0.103349380195, 0.0338791422546, 0.0221831090748, 0.0261333081871, 0.138491824269, 0.185389727354, 0.0805978029966, 0.0260614901781, 0.0292898099869, 0.0442592091858, 0.108948908746, 0.189013421535, 0.25954797864, 0.724724531174], "hpcp": {"dmean2": [0.250862330198, 0.260983586311, 0.14031265676, 0.122029975057, 0.167230755091, 0.185417562723, 0.176032960415, 0.135395556688, 0.0765651017427, 0.0617191381752, 0.0949885845184, 0.15108576417, 0.165026038885, 0.203156545758, 0.188344925642, 0.136323153973, 0.136817857623, 0.0619232617319, 0.0296583883464, 0.0351488701999, 0.0578923113644, 0.0640178322792, 0.0423015654087, 0.0273922104388, 0.0173410307616, 0.0177190247923, 0.0437889881432, 0.0560062676668, 0.0423169694841, 0.0258165281266, 0.0314643494785, 0.0470045134425, 0.0812199264765, 0.0974439159036, 0.171297028661, 0.264565378428], "median": [0.126990839839, 0.047746181488, 0.000804826908279, 0.000479906506371, 0.000775787164457, 0.00370809482411, 0.00467934226617, 0.00266662961803, 0.000504111405462, 0.000478252535686, 0.000822759000584, 0.00614439416677, 0.0085085304454, 0.0103487148881, 0.00656426884234, 0.00172489089891, 0.000993994879536, 0.00079067540355, 0.00031762974686, 0.000997538794763, 0.00666255597025, 0.00945212226361, 0.00507303699851, 0.000875780766364, 0.000634799594991, 0.000767755846027, 0.00255229091272, 0.00335234613158, 0.00281941145658, 0.00119165610522, 0.000772740924731, 0.000518119311891, 0.00157214922365, 0.00217284099199, 0.0118837719783, 0.0839067921042], "min": [0, 0, 0, 0, 0, 0, 0, 0, 0, 0, 0, 0, 0, 0, 0, 0, 0, 0, 0, 0, 0, 0, 0, 0, 0, 0, 0, 0, 0, 0, 0, 0, 0, 0, 0, 0], "dvar2": [0.135768473148, 0.159671202302, 0.0884845927358, 0.100619122386, 0.139431208372, 0.1357126683, 0.126809224486, 0.0907781794667, 0.0578652881086, 0.041544623673, 0.0670843347907, 0.0921619310975, 0.103127107024, 0.128089785576, 0.130404010415, 0.0970366373658, 0.0965108424425, 0.0352002307773, 0.0143232131377, 0.0163175519556, 0.0273534152657, 0.0315378643572, 0.0188316237181, 0.0175385009497, 0.00606601824984, 0.00447389669716, 0.0183509849012, 0.0282390192151, 0.0196035671979, 0.013180998154, 0.0237341485918, 0.0334386564791, 0.0618353672326, 0.062650538981, 0.106226593256, 0.135155633092], "dvar": [0.0615829192102, 0.0588458701968, 0.0311094410717, 0.0346937887371, 0.0502331517637, 0.0499515384436, 0.0509773641825, 0.0336048752069, 0.0204367041588, 0.0155160175636, 0.0249949358404, 0.0356419831514, 0.0435202606022, 0.0469891689718, 0.0475701615214, 0.0390899330378, 0.0357799604535, 0.0126879047602, 0.00506887864321, 0.00592813873664, 0.0118819382042, 0.0144383404404, 0.00724979955703, 0.00626175757498, 0.00216200854629, 0.00157675112132, 0.00771758984774, 0.0125615773723, 0.00708346674219, 0.00456209760159, 0.00812102574855, 0.0114261470735, 0.0204544905573, 0.0234567206353, 0.0371507480741, 0.0527329929173], "dmean": [0.145787611604, 0.14688102901, 0.0743449553847, 0.0648678839207, 0.0911387875676, 0.104952864349, 0.0990121513605, 0.0766735598445, 0.0406994894147, 0.0333859063685, 0.0522323660553, 0.0872809588909, 0.0950240194798, 0.116106510162, 0.104608394206, 0.078939691186, 0.076678186655, 0.0334474109113, 0.0160804465413, 0.0196053534746, 0.0346055738628, 0.0386526212096, 0.0251048468053, 0.0149338496849, 0.00950537063181, 0.00996797718108, 0.0262351837009, 0.0329287834466, 0.0239382088184, 0.0136394500732, 0.0166024845093, 0.0249592345208, 0.0436673015356, 0.0537833049893, 0.0944417119026, 0.154028221965], "max": [1, 1, 1, 1, 1, 1, 1, 1, 1, 1, 1, 1, 1, 1, 1, 1, 1, 1, 1, 1, 1, 1, 1, 1, 0.643532037735, 1, 1, 1, 1, 1, 1, 1, 1, 1, 1, 1], "var": [0.166783764958, 0.0669157207012, 0.0210793204606, 0.0232508331537, 0.045770239085, 0.0773205384612, 0.0911219343543, 0.0344437211752, 0.0132078565657, 0.0114357220009, 0.0205516349524, 0.0556091926992, 0.138445690274, 0.071644410491, 0.0647770836949, 0.124924726784, 0.0540061630309, 0.00882186554372, 0.00391054572538, 0.005164608825, 0.0266163758934, 0.0418635942042, 0.0101752690971, 0.00597144803032, 0.00214364426211, 0.00123772444203, 0.0226949825883, 0.03885820508, 0.00764910131693, 0.00265173031949, 0.00462311739102, 0.00685972860083, 0.0168961435556, 0.0363945066929, 0.0425494685769, 0.100037977099], "mean": [0.363494634628, 0.18658401072, 0.0463569536805, 0.0417668037117, 0.0734675005078, 0.133016139269, 0.143759965897, 0.0734671205282, 0.0262627732009, 0.0230570640415, 0.0388964191079, 0.130865335464, 0.230215355754, 0.166183620691, 0.135819494724, 0.188327223063, 0.110026195645, 0.0229282788932, 0.0126791903749, 0.0182958990335, 0.0622952692211, 0.0817419067025, 0.0375669449568, 0.012314886786, 0.00806344114244, 0.00949931703508, 0.0503410361707, 0.0673881694674, 0.0292968694121, 0.00947321206331, 0.0106466887519, 0.0160879846662, 0.039602342993, 0.0687053650618, 0.0943442955613, 0.263433486223]}, "tuning_equal_tempered_deviation": 0.0177997462451, "chords_changes_rate": 0.0479564033449, "key_key": "D", "tuning_diatonic_strength": 0.620763480663, "key_scale": "major", "chords_number_rate": 0.00181653047912, "tuning_frequency": 441.272583008, "tuning_nontempered_energy_ratio": 0.649608612061, "chords_histogram": [19.2733879089, 11.0445051193, 41.0899200439, 5.63124418259, 3.76021790504, 0.16348773241, 2.34332418442, 0.345140784979, 2.30699372292, 1.63487744331, 0.472297906876, 0, 0, 0, 0.236148953438, 0, 0.326975464821, 0.762942790985, 0, 5.17711162567, 0, 0, 0.581289708614, 4.85013628006], "key_strength": 0.777046501637, "chords_key": "A", "chords_strength": {"dmean2": 0.00781912077218, "median": 0.521250247955, "min": 0.269508451223, "dvar2": 7.09250671207e-05, "dvar": 6.60311779939e-05, "dmean": 0.00886369775981, "max": 0.769486367702, "var": 0.0071916943416, "mean": 0.524534165859}, "chords_scale": "major", "hpcp_entropy": {"dmean2": 0.932036995888, "median": 1.29707956314, "min": 0, "dvar2": 0.806030631065, "dvar": 0.319921195507, "dmean": 0.556872725487, "max": 3.98431062698, "var": 0.587998449802, "mean": 1.32256805897}}, "metadata": {"audio_properties": {"equal_loudness": 0, "codec": "mp3", "downmix": "mix", "sample_rate": 44100, "analysis_sample_rate": 44100, "bit_rate": 320000, "md5_encoded": "13a8153b363c8c26e9d3bb85aa0e0c2e", "length": 255.582046509, "replay_gain": -9.86746025085, "lossless": false}, "version": {"essentia_build_sha": "2d9f1f26377add8aeb1075a9c2973f962c4f09fd", "essentia": "2.1-beta2", "extractor": "music 1.0", "essentia_git_sha": "v2.1_beta2-1-ge3940c0"}, "tags": {"title": ["Dat Ik Je Mis"], "language": ["eng"], "media": ["Digital Media"], "albumartist": ["Various Artists"], "initialkey": ["11B"], "musicbrainz_recordingid": ["1e02cbb3-4239-46fa-b81c-abab04cf9db7"], "musicbrainz_albumartistid": ["89ad4ac3-39f7-470e-963a-56509c546377"], "discnumber": ["02/02"], "bpm": ["179"], "musicbrainz album release country": ["BE"], "originalalbum": ["Knuffelrock 2014"], "musicbrainz album type": ["Album", "Compilation"], "owner": ["\u00a9 drOhimself"], "musicbrainz album status": ["Official"], "file_name": "Maaike Ouboter - Dat ik je mis [192].mp3", "acoustid_fingerprint": ["AQADtJoaJVGyoDkX4o_xJ0geHeEyKUFTH3ee4MfRaDHKY-BrBpGVow2s4z2a6cZT4xkNLbfQNTl-HE8Sw-uMBy_hK1iXBD-Y1OiDNzqe-MGP5kvQDw_xPQg_gwpO9Dz-HT8u5sFNH34OVBsPKjGRnkh2PD-a58aPB9579DiFP_hNnEg2OUbsHsD2E8eH4zjCPIeQ50IVL5QQylkOXcKRnvhxXchzJNMJJ8-SDf2wH0cbSWi-HDzCk9qgpS_2RMNN9ERz4lmCL8qhnUZ6RcfRLqhzNLWIX8GrII17KN2RrUtO9FIa-DYO6rgunHhx3_Cj44WZ_djOTCv6LMKFLVQWXMUVaMmzo_9Bv0R_5XDk4xneMUfePBGSSssVNDxeH7fwpUKuCAmHDx-PFydiG0mYNUOfo3lm4cd3HMkSF-F-nMcTPBfg8MNFjEf2Yuokb_CJDzr8HPpx3oi-HemP5Id7tPXw5OhhPzaaC6dSXC9yOoOfEz--7Lg7DVrCByGO_-ijB82PHz_07Lge-MGn48SvEOYevDmOXGcOTcsVhMFf40keGZdoMDmeD8394Az8LMHphEhOsshPjLqOC3mGKSOP8HrwvcNNFIfR7_jRfMmJfktxCz3x46COI_Yh4keu8Pjw4Sxyw480oQ-66RAPKQ9-5FE4BS8qGQ0epQijWyhF4SLyB9-KHkwea8GfofOR5kiWTmqEH45zHL_w7YrQXOhafLkRf9CvCE0oukOcBvzRx_g8tLmL7crx48dr9ClyDUl_dMevo9aB5jP64zSSxQ3CB88v_HiPHz5xYvwR5S-aUEeblOhrNHGO75ORtDzh7scr_D9aHxePu4F7Dn1G41mCOA-SMuKN22ieB9UZ_PizI4eeC02PZF2Gr7ikK8WZFEcFH31-6At-OMskHB_2HY13JNOOmOou7OFx8UiiNYi9FzyPDbUd_EdzBj0-xvgP_LiP-0h45JGO72iq6ehz4cHxoDamrEtM_OCTIzo0KoOlGGFWNriNrzAjBufROXIQHvphJUnxHn9wB5uzQFfw8GgPH_3w4XnQRQ6a8_jxO-hhEr1wPfgOq8UlnDoeQ0se9MPxB-11NDt0ZEd_XCX64j92UZrQdYeP_4SPniKO6ocl3PCHfA-SH2_RNfh04UdTbiiP_EjiyzgPLkqO5j-GpkkuHC2jdEif4zv04kq6XHCvKCgvQnUG60Gu5Ki8oDme43yIX4N14qOO40OuIPmDytPRUBeeJ_gRJtaD0bmC5kdUCvuLZg9qHexmGvsSPPh6lMqEhDrCH2dPWGL0BM_xFU1UFmWF4ciTpnAbXEf0o1FKhBp0pFO0FDd-nMV3mEqF6_iP6EqcHFKSNOMxwjweHXVwIvwNfzp6XPvwJD_-JfAjvDmuDM2moF-OSInDI1mPF__QaEetboidIyGn4zhH4hcOx8dj4jzyZ9CP9MPxHafyhDDyQ7YqhPosND9-0DfyI2G_Go9FPBauHSceXHj-YzRZJHuMMF-OY_pg2-gVfDoYLz78MOjxY_p2mBbRG_U4pP7wHYpU5OiO6wV14D_uw8-Pt_Av3PDRD89xPsipoX-gJY5k4Tth4ixU_jjCB2GOu5BfhEfzC30W9EMOfRwRhqhc5NCPMEcV4e7xHM2OSD_0SkV-4FLQ_DWaFz-R9Cryozpq9fgOv8XpIL6OZHuOJvRxHt8DP7gxPgdfVJkyG9GM4zn05EirC19wCpfgNTneDU-YsTDjBiWzTDlOHU3FYHoChqKews_RTzjR6MjyIqlzNE4P_0GP_cRJVBzRqAt-YspLvFPg52gaPFMO6viR5JuD3Kho4zZafviPmviPpsd_JPmRfzle9Ki-4se0WD0cH23wI0-WpghT5ugVjPpBf_iDaUqaoBmz4_gRpuiWCXoJ88aDh0Fzos-D08CNZt3RHWhGDZMTHd_ROmgOHn_wg3rxgj-uB82VIBzOGQ8--Ay-432E8NByvIN-POqDJm0QUj74HH9QR7vQMCPu42eEPP0gvjiRC7Sqh3Cl4Qryj9iNr4M2HzmOPviPo7nRt8PzIIcm3ESFHlou5BZ-PD6qD0f6ZtCO4MNVodfgo09J5IT6xRj6HD6JfsVraCeaH2_RazisE7_Qo4eW43j0oX5BHdN84daHPGkF98A_4o_RROfR7UHMaCQh_PChnCmyLonwiOGE6-guHB_8o-dx8DKeC_9xHg_eIPzwD6lMIuah50X2XOB5wse-4I_gRlnx42j-4d4CnSdO6fgSLWh0oroC_DduhBGjQ_uhrdFhI8SpHJUfmDnyFtqPrmEDU4cmHj-SPSz8oLh67Ambo0djvBr4I2yfBFo-SkaOK3BSCn-OB78Q3iK0VBnxHtm5SEHw7IKmwyfyHc1x9ETDjDjeED_BTEETBz3SQA8aaUW8jRaOXkVz4scjHDmOZ0d1AEEAM0IRIYhD2jhCCEBECWmQAIMIyQgRAApBhDHEGQCAk0YIQJBQQjECkDCOESEZUYBBBZQVDTwEFACcC2YQUsQQjIgZiggAKEMAKAEEZEw4AIVAFiDjCBFEcQGAo8IBIRQQBABghQFEAKKQ0w4SzhgADCFCiQAQNACE5wJ5AIg1RgkDkAVKSACAFAoQg4wDyiIlBADMEmYFEQwwhpggwpkghCGEAaQIAIggBihQADFEhDDAEuCIEIQJhh1FzDHDOHMcWIcIMIQyI4RAWBAhnEJKLSIENAAKZIhyRggjuHFQAkAAEUoIxDQAgiGAkFFGOEUIMwIYIKwBAAAklBDSCCSEEQwAp4lCDAFggDCCKCesMEAJIxgiBhEAgEDAEGkEIUQRQpAgAhTEKHEgEWIQAYQwg4hAQBFwFCDMEMGMYIggI4QhoDgBjPKKACGIUooCgJQSRwBohIAAGMYkIwpgA4QgiDBDFQFAEKOEwkA5YIDy3CDGiCIKA6CcAE4gI5gRhgCAECIFOEU8Ig4i4owCRgABjSJGAGWIMsIQ4xhDwhFpHUAAOcQIGIAIgwCk1hggiBJUUASYAYZR4pgJAAAkECJYAYMUBkQJZJySSAhmhCQAGAEQQIQSQ6QgQjkDxNBAKEAE4YohaAFhRgoLFKYACEYAIEggBBggRAhDGEAIOI4MMAYZzBhBgBlAABKAMQGQwAQx4BADxBByoECMCCKMYAIg4IhQgGIhCRFEIGAEY0gp5hQAYAFBmCISIaOYI4YBYYhgwoAHjCFEKSKYAMQIwxQFQAEIiAGIGCIAYEIQAJBgCgzHKIOAIIawwwwJBZQAhCkgnALHAcyMQAAYAIhRDhhFhGNOCQOUZE4hwQRlwgHDACOCCUSIIcZgwATSVAjmAFIAOgAQQkALYI0CQCPAsKAIEGGREUIQBIxxyCAGCBBAKGXJkAwwgZwCljCzRAAO"], "date": ["2013-11-22", "2211"], "genre": ["Top40 2013"], "album": ["Knuffelrock 2014"], "musicbrainz_artistid": ["05bf5877-7911-41ae-8ae7-f2223a60f011"], "originaldate": ["2013-11-08"], "musicbrainz_albumid": ["acc15d8c-1125-43f7-920d-a2b2af59d559"], "copyright": ["\u00a9 drOhimself"], "tracknumber": ["02/20"], "encodedby": ["\u00a9 drOhimself"], "artistsort": ["Ouboter, Maaike"], "artist": ["Maaike Ouboter"], "label": ["Sony Music Entertainment Belgium NV/SA"], "albumartistsort": ["Various Artists"], "acoustid_id": ["8f9624b1-7e5a-4175-a5e0-b3156caccf41"], "script": ["Latin"], "musicbrainz_releasegroupid": ["dd0e2394-3bb5-48b1-a564-ece84acbd789"]}}, "rhythm": {"bpm_histogram_first_peak_bpm": {"dmean2": 0, "median": 167, "min": 167, "dvar2": 0, "dvar": 0, "dmean": 0, "max": 167, "var": 0, "mean": 167}, "bpm": 164.307144165, "bpm_histogram_second_peak_spread": {"dmean2": 0, "median": 0, "min": 0, "dvar2": 0, "dvar": 0, "dmean": 0, "max": 0, "var": 0, "mean": 0}, "bpm_histogram_first_peak_weight": {"dmean2": 0, "median": 0.131260797381, "min": 0.131260797381, "dvar2": 0, "dvar": 0, "dmean": 0, "max": 0.131260797381, "var": 0, "mean": 0.131260797381}, "onset_rate": 3.32950377464, "beats_position": [0.371519267559, 0.743038535118, 1.11455774307, 1.48607707024, 1.84598636627, 2.20589566231, 2.58902478218, 2.96054410934, 3.32045340538, 3.66875267029, 4.04027223587, 4.40018129349, 4.77170038223, 5.15482997894, 5.52634906769, 5.94430828094, 6.3622674942, 6.78022670746, 7.20979595184, 7.61614513397, 8.0224943161, 8.44045352936, 8.84680271149, 9.21832180023, 9.58984088898, 9.97297000885, 10.3444900513, 10.7624483109, 11.1920175552, 11.6099767685, 12.0279359818, 12.4575052261, 12.8870744705, 13.3166437149, 13.6881628036, 14.0596818924, 14.4312019348, 14.8143310547, 15.1974601746, 15.5805892944, 15.9637184143, 16.3468475342, 16.7183666229, 17.1014957428, 17.4730148315, 17.8561439514, 18.2276649475, 18.6107940674, 18.9823131561, 19.3422222137, 19.7137413025, 20.0736503601, 20.4335594177, 20.8050785065, 21.1765975952, 21.548116684, 21.9312477112, 22.3027667999, 22.6742858887, 23.0225849152, 23.3824939728, 23.7424030304, 24.0907020569, 24.4506111145, 24.8221302032, 25.1936511993, 25.5651702881, 25.948299408, 26.3198184967, 26.6797275543, 27.0512466431, 27.4111557007, 27.747844696, 28.0961437225, 28.4444446564, 28.7927436829, 29.1410427094, 29.4893417358, 29.8608608246, 30.2091598511, 30.5574588776, 30.9057598114, 31.3004989624, 31.6952381134, 32.0899772644, 32.4963264465, 32.9375038147, 33.3786849976, 33.8314743042, 34.2842636108, 34.7370529175, 35.1782302856, 35.6310195923, 36.0605888367, 36.4901580811, 36.9197273254, 37.2796363831, 37.6395454407, 37.9994544983, 38.3709754944, 38.7541046143, 39.1256217957, 39.4855308533, 39.8454399109, 40.2053489685, 40.5652618408, 40.9251708984, 41.2850799561, 41.6565971375, 42.0281181335, 42.3996353149, 42.7827644348, 43.1658935547, 43.560634613, 43.9321517944, 44.2920608521, 44.6519737244, 45.0234909058, 45.3833999634, 45.743309021, 46.1032180786, 46.4631271362, 46.8114280701, 47.1597251892, 47.508026123, 47.8679351807, 48.2278442383, 48.5877532959, 48.9476623535, 49.2959632874, 49.655872345, 50.0157814026, 50.3756904602, 50.7472114563, 51.1071205139, 51.4670295715, 51.8269386292, 52.1868476868, 52.5583648682, 52.9182739258, 53.2897949219, 53.6729240417, 54.0560531616, 54.4391822815, 54.8223114014, 55.3447608948, 55.8904304504, 56.4244880676, 56.9585494995, 57.4926071167, 58.0266647339, 58.5607261658, 59.0831718445, 59.6172332764, 60.1512908936, 60.6853485107, 61.2310180664, 61.7650794983, 62.2991371155, 62.8215866089, 63.3440361023, 63.8664855957, 64.3889312744, 64.9229888916, 65.4570541382, 65.9911117554, 66.5135574341, 67.0360107422, 67.5584564209, 68.0809020996, 68.6033554077, 69.1258010864, 69.6366424561, 70.1474838257, 70.6583175659, 71.180770874, 71.6916122437, 72.2024459839, 72.724899292, 73.2241287231, 73.7349624634, 74.245803833, 74.7450332642, 75.2326507568, 75.7434921265, 76.1498413086, 76.5329666138, 76.9277114868, 77.3224487305, 77.7171859741, 78.1119232178, 78.5066680908, 78.8781814575, 79.2497024536, 79.6328353882, 80.0043487549, 80.375869751, 80.7590026855, 81.1189117432, 81.4904327393, 81.8735580444, 82.2450790405, 82.6282043457, 83.0229492188, 83.4292984009, 83.8240356445, 84.2187728882, 84.6135101318, 85.019859314, 85.4029922485, 85.7861175537, 86.1692504883, 86.5291595459, 86.865852356, 87.2141494751, 87.5624465942, 87.9107437134, 88.2590484619, 88.6073455811, 88.9556427002, 89.3039474487, 89.6406326294, 89.9773254395, 90.3256225586, 90.6739196777, 91.0222167969, 91.3705215454, 91.7188186646, 92.0671157837, 92.4154205322, 92.7637176514, 93.1120147705, 93.460319519, 93.8086166382, 94.1569137573, 94.5052108765, 94.853515625, 95.2018127441, 95.5384979248, 95.8751907349, 96.223487854, 96.5717926025, 96.9317016602, 97.2683868408, 97.6282958984, 97.976600647, 98.3365097046, 98.6848068237, 99.0447158813, 99.404624939, 99.7413101196, 100.07800293, 100.426300049, 100.75138092, 101.09967804, 101.447982788, 101.784667969, 102.121360779, 102.458045959, 102.79473877, 103.143035889, 103.479728699, 103.816413879, 104.164710999, 104.524627686, 104.884536743, 105.244445801, 105.581130981, 105.929428101, 106.254508972, 106.591201782, 106.916282654, 107.252967834, 107.589660645, 107.926345825, 108.274642944, 108.611335754, 108.948028564, 109.284713745, 109.621406555, 109.969703674, 110.306388855, 110.643081665, 110.979774475, 111.316459656, 111.664756775, 112.001449585, 112.338134766, 112.686439514, 113.116004944, 113.545578003, 113.963539124, 114.393104553, 114.822669983, 115.252243042, 115.681808472, 116.041717529, 116.401634216, 116.761543274, 117.121452332, 117.481361389, 117.841270447, 118.201179504, 118.561088562, 118.92099762, 119.280906677, 119.640815735, 120.000724792, 120.36063385, 120.732154846, 121.115280151, 121.498413086, 121.89315033, 122.299499512, 122.694236755, 123.112197876, 123.483718872, 123.855232239, 124.226753235, 124.586662292, 124.94657135, 125.306480408, 125.666389465, 126.026298523, 126.374603271, 126.711288452, 127.047981262, 127.384666443, 127.732971191, 128.081268311, 128.42956543, 128.76625061, 129.126159668, 129.474472046, 129.822769165, 130.182678223, 130.519363403, 130.867660522, 131.215957642, 131.575866699, 131.935775757, 132.307296753, 132.678817749, 133.038726807, 133.398635864, 133.758544922, 134.106842041, 134.44354248, 134.780227661, 135.116912842, 135.465209961, 135.801895142, 136.138595581, 136.4868927, 136.823577881, 137.171875, 137.520172119, 137.868484497, 138.286437988, 138.704391479, 139.133972168, 139.575149536, 140.039550781, 140.492340088, 140.945129395, 141.386306763, 141.839096069, 142.280273438, 142.733062744, 143.162628174, 143.603805542, 144.056594849, 144.509384155, 144.950561523, 145.40335083, 145.902587891, 146.401809692, 146.901046753, 147.411880493, 147.934326172, 148.456771851, 148.956008911, 149.455230713, 149.966079712, 150.476913452, 150.999359131, 151.51020813, 152.02104187, 152.508651733, 152.996276855, 153.495513916, 153.994735718, 154.610061646, 155.225387573, 155.829116821, 156.456054688, 157.094604492, 157.802810669, 158.499404907, 159.207611084, 159.904220581, 160.589202881, 161.274185181, 161.947570801, 162.609344482, 163.271102905, 163.932876587, 164.594650269, 165.279632568, 165.976226807, 166.672836304, 167.346206665, 168.031204224, 168.716186523, 169.447616577, 170.179046631, 170.898864746, 171.618682861, 172.326889038, 173.058319092, 173.778137207, 174.463119507, 175.136505127, 175.821487427, 176.506484985, 177.191467285, 177.864852905, 178.526611328, 179.18838501, 179.850158691, 180.511917114, 181.185302734, 181.858688354, 182.532058716, 183.205444336, 183.890426636, 184.575408936, 185.248794556, 185.910568237, 186.583938599, 187.24571228, 187.919082642, 188.580856323, 189.242630005, 189.916000366, 190.600997925, 191.297592163, 191.970977783, 192.632736206, 193.282897949, 193.933059692, 194.583221436, 195.23336792, 195.871917725, 196.522079468, 197.160629272, 197.810791016, 198.460952759, 199.122711182, 199.761260986, 200.411422729, 201.049972534, 201.688522339, 202.361907959, 203.058502197, 203.755096436, 204.451690674, 205.113464355, 205.775238037, 206.42539978, 207.087158203, 207.748931885, 208.422302246, 209.095687866, 209.815505981, 210.546936035, 211.208709717, 211.882080078, 212.54385376, 213.22883606, 213.90222168, 214.587203979, 215.248977661, 215.910751343, 216.572509766, 217.083358765, 217.582580566, 218.081817627, 218.56942749, 219.068664551, 219.579498291, 220.090332031, 220.60118103, 221.112014771, 221.634460449, 222.156906128, 222.679367065, 223.027664185, 223.375961304, 223.712646484, 224.049331665, 224.374420166, 224.68788147, 225.001358032, 225.326431274, 225.651519775, 225.976593018, 226.30166626, 226.626754761, 226.951828003, 227.276916504, 227.590377808, 227.927078247, 228.263763428, 228.600448608, 228.971969604, 229.343490601, 229.726623535, 230.098129272, 230.492874146, 230.887619019, 231.293960571, 231.688705444, 232.083435059, 232.466567993, 232.849700928, 233.232833862, 233.615966797, 234.010696411, 234.405441284, 234.788574219, 235.241363525, 235.705749512, 236.170150757, 236.576507568, 236.982849121, 237.389205933, 237.783935547, 238.17868042, 238.561813354, 238.956542969, 239.36289978, 239.780853271, 240.187210083, 240.593551636, 240.988296509, 241.383041382, 241.766159058, 242.172515869, 242.520812988, 242.880722046, 243.229019165, 243.588928223, 243.972061157, 244.343582153, 244.715103149, 245.086624146, 245.458129883, 245.829650879, 246.201171875, 246.572692871, 246.944213867, 247.315734863, 247.687255859, 248.058776855, 248.441894531, 248.825027466, 249.219772339, 249.614501953, 250.009246826, 250.427200317, 250.856781006, 251.344390869, 251.84362793, 252.319625854, 252.807250977, 253.294876099, 253.782485962, 254.270111084, 254.757720947], "beats_loudness": {"dmean2": 0.0248768106103, "median": 0.0101476348937, "min": 4.48462060376e-06, "dvar2": 0.00092560518533, "dvar": 0.000334849668434, "dmean": 0.0147296860814, "max": 0.15449655056, "var": 0.000481362629216, "mean": 0.0182015225291}, "danceability": 0.957368791103, "bpm_histogram_second_peak_weight": {"dmean2": 0, "median": 0.119170986116, "min": 0.119170986116, "dvar2": 0, "dvar": 0, "dmean": 0, "max": 0.119170986116, "var": 0, "mean": 0.119170986116}, "beats_count": 580, "bpm_histogram_second_peak_bpm": {"dmean2": 0, "median": 172, "min": 172, "dvar2": 0, "dvar": 0, "dmean": 0, "max": 172, "var": 0, "mean": 172}, "bpm_histogram_first_peak_spread": {"dmean2": 0, "median": 0, "min": 0, "dvar2": 0, "dvar": 0, "dmean": 0, "max": 0, "var": 0, "mean": 0}, "beats_loudness_band_ratio": {"dmean2": [0.325634479523, 0.456707537174, 0.112537540495, 0.151697486639, 0.0347060039639, 0.0811468586326], "median": [0.207752257586, 0.667429327965, 0.060320943594, 0.0177670121193, 0.0049435980618, 0.00137149065267], "min": [0.00029521191027, 0.0393120571971, 0.000990579253994, 0.000167856618646, 2.48037322308e-05, 3.03658680423e-06], "dvar2": [0.0827455818653, 0.109411075711, 0.014482521452, 0.0488264337182, 0.00342205120251, 0.0576777271926], "dvar": [0.0308048035949, 0.0398433320224, 0.00516685796902, 0.0176577027887, 0.00120454537682, 0.0195339750499], "dmean": [0.18839174509, 0.256291300058, 0.0644643232226, 0.0815824121237, 0.0194354727864, 0.0416793450713], "max": [0.921062290668, 0.988597989082, 0.745294749737, 0.753275513649, 0.24150569737, 0.923385739326], "var": [0.054302342236, 0.0592630840838, 0.00637512793764, 0.0155826499686, 0.0009800712578, 0.0106636499986], "mean": [0.259404450655, 0.61444735527, 0.0836860015988, 0.0690706819296, 0.0165264680982, 0.0234634634107]}}, "lowlevel": {"barkbands_spread": {"dmean2": 4.18922996521, "median": 3.14096951485, "min": 0.0802736803889, "dvar2": 118.986595154, "dvar": 62.4107322693, "dmean": 2.82685494423, "max": 99.3926620483, "var": 159.797943115, "mean": 7.14917182922}, "melbands_spread": {"dmean2": 4.60286951065, "median": 3.3972029686, "min": 0.286785513163, "dvar2": 197.648788452, "dvar": 109.390663147, "dmean": 3.21525621414, "max": 248.166061401, "var": 329.388793945, "mean": 8.20087432861}, "hfc": {"dmean2": 2.8121407032, "median": 2.13039636612, "min": 1.12005959177e-16, "dvar2": 47.1750679016, "dvar": 29.4913234711, "dmean": 2.14844560623, "max": 326.600769043, "var": 189.910797119, "mean": 7.09870147705}, "barkbands_kurtosis": {"dmean2": 22.8706665039, "median": 14.8950195313, "min": -1.96874463558, "dvar2": 3392.52050781, "dvar": 1503.45092773, "dmean": 15.1108808517, "max": 1772.7734375, "var": 2705.97583008, "mean": 29.6630744934}, "gfcc": {"mean": [-173.978225708, 145.918380737, -84.8091964722, 3.81189036369, -61.0745658875, -5.83563756943, -59.1907234192, -7.44704198837, -42.6822853088, -13.6340446472, -13.018860817, -15.2100105286, 0.983553946018], "icov": [[0.000315187353408, -0.000182269694051, 0.00058152974816, -0.000257905892795, 0.000500536873005, -0.000324643711792, 0.0007657953538, -8.39405984152e-05, 0.000893794407602, 0.000146855774801, 0.000446785212262, 0.000132395085529, 0.000207241959288], [-0.000182269694051, 0.00322345760651, -0.00136447034311, 0.0022191782482, -0.00249212677591, 0.00194404413924, -0.00310701015405, 0.00116696709301, -0.0029723092448, 0.00176837132312, -0.00165444973391, 0.00219269352965, -0.000845433154609], [0.00058152974816, -0.00136447034311, 0.0027835466899, -0.00141633511521, 0.00199795025401, -0.0014993440127, 0.00255311303772, -0.000214815692743, 0.00183159299195, 0.00041446016985, 0.000831868790556, -0.000693922745995, 0.0016871241387], [-0.000257905892795, 0.0022191782482, -0.00141633511521, 0.00344260595739, -0.00110714626499, 0.00208546034992, -0.00251591601409, 0.000136419053888, -0.00238995533437, 0.000670767738484, -0.00015361054102, -0.000272501609288, 0.000333132513333], [0.000500536873005, -0.00249212677591, 0.00199795025401, -0.00110714626499, 0.00672859605402, -0.000925031723455, 0.00277707725763, -0.00106242555194, 0.00208922591992, -0.000514702813234, 0.00167678797152, -0.000765520730056, 0.00149072846398], [-0.000324643711792, 0.00194404413924, -0.0014993440127, 0.00208546034992, -0.000925031723455, 0.00577268237248, -0.00336727593094, 0.000911081035156, -0.00144031841774, -0.000850306358188, -0.000765802164096, 0.00016359554138, 2.22131311602e-05], [0.0007657953538, -0.00310701015405, 0.00255311303772, -0.00251591601409, 0.00277707725763, -0.00336727593094, 0.00867151468992, 0.00019583197718, 0.00346372113563, -0.00158856797498, 0.00196169759147, -0.0016079590423, 0.000985147198662], [-8.39405984152e-05, 0.00116696709301, -0.000214815692743, 0.000136419053888, -0.00106242555194, 0.000911081035156, 0.00019583197718, 0.00522431917489, 0.000633117277175, 0.000191969535081, -0.000730236410163, -1.81229661393e-05, -0.00102891155984], [0.000893794407602, -0.0029723092448, 0.00183159299195, -0.00238995533437, 0.00208922591992, -0.00144031841774, 0.00346372113563, 0.000633117277175, 0.00927317049354, -0.00162956933491, 0.00474265683442, -0.00279171345755, 0.0017501526745], [0.000146855774801, 0.00176837132312, 0.00041446016985, 0.000670767738484, -0.000514702813234, -0.000850306358188, -0.00158856797498, 0.000191969535081, -0.00162956933491, 0.00948363170028, 0.000281832530163, 0.00171082874294, 0.00120007619262], [0.000446785212262, -0.00165444973391, 0.000831868790556, -0.00015361054102, 0.00167678797152, -0.000765802164096, 0.00196169759147, -0.000730236410163, 0.00474265683442, 0.000281832530163, 0.011077657342, -0.00179801788181, 0.00189178844448], [0.000132395085529, 0.00219269352965, -0.000693922745995, -0.000272501609288, -0.000765520730056, 0.00016359554138, -0.0016079590423, -1.81229661393e-05, -0.00279171345755, 0.00171082874294, -0.00179801788181, 0.0138751324266, -0.00130484718829], [0.000207241959288, -0.000845433154609, 0.0016871241387, 0.000333132513333, 0.00149072846398, 2.22131311602e-05, 0.000985147198662, -0.00102891155984, 0.0017501526745, 0.00120007619262, 0.00189178844448, -0.00130484718829, 0.0126804439351]], "cov": [[12328.3945313, -3033.84838867, -1906.65014648, 161.573379517, -564.318115234, 67.4545822144, -862.509216309, 930.724060059, -1461.16748047, -1.3101130724, 64.7297363281, -124.505393982, 233.750045776], [-3033.84838867, 2609.91162109, 270.283752441, -871.974853516, 505.512359619, -175.48727417, 375.720977783, -522.743896484, 486.70980835, -189.5756073, 55.9327926636, -185.439941406, 3.15061092377], [-1906.65014648, 270.283752441, 1023.02941895, 220.833862305, -72.6257629395, 40.260307312, 12.5662488937, -119.349960327, 183.475326538, -42.2340507507, -1.89392650127, 59.3456268311, -109.863258362], [161.573379517, -871.974853516, 220.833862305, 925.079650879, -176.040725708, -40.5319480896, -41.7316818237, 121.803215027, 50.4511222839, 57.3421287537, -90.9511871338, 136.708999634, -65.3235015869], [-564.318115234, 505.512359619, -72.6257629395, -176.040725708, 306.311676025, -62.3662910461, 35.0831642151, -56.6555709839, 79.2385864258, -31.2768154144, 0.735025525093, -39.9004211426, 1.79832136631], [67.4545822144, -175.48727417, 40.260307312, -40.5319480896, -62.3662910461, 300.227752686, 71.8878860474, -28.0867805481, -24.9458045959, 64.4820022583, -2.25639510155, 14.572842598, -18.9757518768], [-862.509216309, 375.720977783, 12.5662488937, -41.7316818237, 35.0831642151, 71.8878860474, 297.348876953, -131.927947998, 107.232559204, 27.5234794617, -16.6535778046, -1.30537378788, -14.5402145386], [930.724060059, -522.743896484, -119.349960327, 121.803215027, -56.6555709839, -28.0867805481, -131.927947998, 343.735015869, -177.342147827, 6.12545871735, 21.8159561157, 21.76130867, 30.3478050232], [-1461.16748047, 486.70980835, 183.475326538, 50.4511222839, 79.2385864258, -24.9458045959, 107.232559204, -177.342147827, 392.541564941, 14.3068647385, -82.8132629395, 26.6056919098, -41.8384819031], [-1.3101130724, -189.5756073, -42.2340507507, 57.3421287537, -31.2768154144, 64.4820022583, 27.5234794617, 6.12545871735, 14.3068647385, 151.054367065, -24.9706020355, 9.00272941589, -18.2012023926], [64.7297363281, 55.9327926636, -1.89392650127, -90.9511871338, 0.735025525093, -2.25639510155, -16.6535778046, 21.8159561157, -82.8132629395, -24.9706020355, 133.377685547, -9.35618782043, 1.22596991062], [-124.505393982, -185.439941406, 59.3456268311, 136.708999634, -39.9004211426, 14.572842598, -1.30537378788, 21.76130867, 26.6056919098, 9.00272941589, -9.35618782043, 108.066299438, -7.29190635681], [233.750045776, 3.15061092377, -109.863258362, -65.3235015869, 1.79832136631, -18.9757518768, -14.5402145386, 30.3478050232, -41.8384819031, -18.2012023926, 1.22596991062, -7.29190635681, 101.562515259]]}, "spectral_energyband_middle_low": {"dmean2": 0.00628281058744, "median": 0.00547809619457, "min": 1.91050574943e-22, "dvar2": 0.000149220606545, "dvar": 7.00491800671e-05, "dmean": 0.00435747299343, "max": 0.188109964132, "var": 0.000257304112893, "mean": 0.0120114767924}, "melbands_crest": {"dmean2": 4.45650529861, "median": 21.2546920776, "min": 1.7114007473, "dvar2": 22.6976280212, "dvar": 9.65687561035, "dmean": 2.84611487389, "max": 35.6962509155, "var": 35.398223877, "mean": 21.0605487823}, "spectral_kurtosis": {"dmean2": 15.5572443008, "median": 15.060333252, "min": -1.29559934139, "dvar2": 449.728912354, "dvar": 188.063751221, "dmean": 9.76992893219, "max": 210.691955566, "var": 992.342590332, "mean": 28.3459472656}, "spectral_rms": {"dmean2": 0.00075035856571, "median": 0.00256638415158, "min": 3.19741477219e-12, "dvar2": 1.01839077615e-06, "dvar": 5.48858736238e-07, "dmean": 0.00053732667584, "max": 0.0145081300288, "var": 4.64965751235e-06, "mean": 0.00317466282286}, "zerocrossingrate": {"dmean2": 0.0071625970304, "median": 0.01708984375, "min": 0.005859375, "dvar2": 0.000234037928749, "dvar": 0.00022901056218, "dmean": 0.00635808100924, "max": 0.513671875, "var": 0.00141161936335, "mean": 0.0271357595921}, "silence_rate_60dB": {"dmean2": 0.139923676848, "median": 0, "min": 0, "dvar2": 0.139418944716, "dvar": 0.0650553107262, "dmean": 0.069955483079, "max": 1, "var": 0.209500089288, "mean": 0.298782706261}, "erbbands_kurtosis": {"dmean2": 5.80919361115, "median": 3.08201432228, "min": -1.91568100452, "dvar2": 134.229812622, "dvar": 69.1073760986, "dmean": 3.92078113556, "max": 246.118560791, "var": 170.689117432, "mean": 6.96629428864}, "erbbands": {"dmean2": [0.000690993852913, 0.00807488523424, 0.203475236893, 0.91383856535, 4.03947257996, 24.2212505341, 25.714931488, 3.92098903656, 3.45960116386, 3.79977536201, 4.08380031586, 2.45351457596, 6.73420238495, 13.9458723068, 12.7444915771, 10.1609601974, 3.7126224041, 5.74389505386, 5.70572280884, 3.30673360825, 1.5403008461, 1.19634246826, 1.48274338245, 2.17674279213, 0.629529833794, 0.774012029171, 0.668615818024, 0.455415695906, 0.548287987709, 0.512467741966, 0.520552098751, 0.912406265736, 0.445844531059, 0.284518182278, 0.0778249278665, 0.0171361546963, 0.00334396888502, 0.000214245068491, 8.19431170385e-06, 7.83393443271e-06], "median": [0.000383644888643, 0.0106400186196, 0.245990127325, 0.655868649483, 2.71245980263, 11.4216461182, 6.11281108856, 1.61591696739, 2.62711858749, 1.79602885246, 0.51518201828, 0.585488319397, 0.566577553749, 1.42069005966, 0.372027873993, 0.284920454025, 0.272689878941, 0.270381629467, 0.28708049655, 0.20620675385, 0.106432124972, 0.107025384903, 0.110487177968, 0.108382925391, 0.0482574403286, 0.0474714897573, 0.0408327803016, 0.016097554937, 0.00585602037609, 0.00418933853507, 0.00745235197246, 0.0110911633819, 0.0161765795201, 0.0218723267317, 0.00539021426812, 0.00105881341733, 0.000241161382291, 1.21755438158e-05, 4.66829533252e-06, 8.10329765955e-06], "min": [2.4533450459e-22, 1.17360348958e-21, 1.96895097715e-21, 2.10013467332e-20, 2.5427793755e-20, 2.59833780145e-20, 9.82193096123e-20, 1.02103181082e-19, 1.51119900854e-19, 3.49920301673e-19, 2.6622895903e-19, 4.75056960222e-19, 7.18829568283e-19, 9.24170848097e-19, 1.82910168194e-18, 2.14371486484e-18, 2.37933705553e-18, 2.32916462227e-18, 3.76197523968e-18, 3.59343967141e-18, 4.40905340387e-18, 6.76765593658e-18, 7.97603859853e-18, 1.0370960564e-17, 9.55502050877e-18, 1.01612843408e-17, 1.21992944155e-17, 1.2455645132e-17, 1.42646932675e-17, 1.43254232137e-17, 1.48657094657e-17, 1.56600857495e-17, 1.01687215217e-17, 9.80212996342e-18, 6.82013434259e-18, 4.12565553575e-18, 2.44592344048e-18, 1.14429084693e-18, 2.4560385669e-19, 2.86941942846e-20], "dvar2": [1.17276822493e-05, 0.000419006770244, 0.141952797771, 3.75462770462, 70.1050033569, 3132.16870117, 5053.86572266, 154.280502319, 79.7030563354, 175.693115234, 332.205352783, 139.099227905, 1418.28491211, 4026.61499023, 9954.95800781, 3240.88793945, 743.423461914, 1103.32641602, 736.815185547, 364.920349121, 167.966552734, 25.0278816223, 52.3327789307, 68.2247390747, 7.46925449371, 12.9033937454, 7.3832526207, 8.59392261505, 17.1734008789, 22.0208053589, 19.1423091888, 169.841888428, 15.57467556, 1.52086305618, 0.0915855467319, 0.00646609161049, 0.000223551818635, 1.10637199668e-06, 1.02519781553e-09, 2.07705810884e-10], "dvar": [4.74242642667e-06, 0.000170111306943, 0.090755559504, 2.25647735596, 28.8530311584, 1436.15820313, 2482.72509766, 99.8079833984, 43.1986160278, 88.9149703979, 172.25177002, 85.6731719971, 795.943237305, 2400.30932617, 6810.72119141, 2072.4465332, 381.535400391, 575.365783691, 389.497314453, 201.517105103, 75.5761184692, 15.2013053894, 34.3696784973, 46.7127876282, 5.20899057388, 6.5933675766, 3.42265176773, 4.36626625061, 7.8692407608, 11.2015638351, 10.2812376022, 78.8966674805, 8.41373729706, 0.686668336391, 0.0455600619316, 0.00352192064747, 0.00011765286763, 5.54255279894e-07, 5.27432153508e-10, 1.05097021363e-10], "dmean": [0.000417115166783, 0.00506095215678, 0.1360309273, 0.624484419823, 2.65895915031, 16.3357868195, 18.4046764374, 3.00427651405, 2.31908082962, 2.66841673851, 2.97819852829, 1.84276747704, 4.99911832809, 10.8558864594, 10.4668102264, 7.94508123398, 2.78706073761, 4.44692707062, 4.19592475891, 2.44991993904, 1.15646421909, 0.902232646942, 1.15666043758, 1.59797084332, 0.483056634665, 0.546273589134, 0.453082054853, 0.316566288471, 0.369169801474, 0.349683403969, 0.357657492161, 0.586122751236, 0.313927233219, 0.190215289593, 0.0540475659072, 0.0121023934335, 0.00233649439178, 0.000148591992911, 5.86245960221e-06, 5.573249382e-06], "max": [0.0896740555763, 0.486623317003, 9.44065761566, 45.040145874, 105.682060242, 846.928405762, 1262.24938965, 490.471893311, 318.04006958, 343.675811768, 599.105407715, 566.734924316, 1255.04003906, 2061.43920898, 5140.49169922, 2281.6940918, 980.131713867, 1092.26306152, 909.836608887, 606.61505127, 630.250732422, 214.839599609, 541.154968262, 576.798278809, 164.885665894, 103.245231628, 57.7061004639, 78.2143630981, 113.541488647, 214.131393433, 237.651245117, 869.085388184, 263.212524414, 35.5541687012, 7.18049955368, 3.53340697289, 0.554036021233, 0.0324228219688, 0.00177048752084, 0.000326623820001], "var": [4.71014300274e-06, 0.000479606707813, 0.657683432102, 18.8537864685, 77.6923904419, 3601.89038086, 10365.4814453, 616.080505371, 118.575294495, 223.635040283, 558.638122559, 246.184158325, 2292.03076172, 10979.5292969, 19483.5273438, 8763.56640625, 995.906005859, 1963.22961426, 2632.65283203, 507.441375732, 127.299797058, 47.335395813, 114.567993164, 202.082122803, 15.8896274567, 14.2134580612, 7.09633922577, 9.80730724335, 16.2180786133, 28.09233284, 33.9252433777, 203.689071655, 21.0504779816, 1.26983630657, 0.104702286422, 0.00864034891129, 0.000259873631876, 1.07562527774e-06, 1.41134626208e-09, 5.65198832181e-10], "mean": [0.000666450418066, 0.0182446315885, 0.499155342579, 2.34973192215, 5.91112661362, 33.1633033752, 47.3444671631, 7.77753543854, 5.64914989471, 5.78203582764, 6.3566608429, 3.62649011612, 10.9450588226, 26.9930782318, 18.4906921387, 18.5190906525, 6.49449968338, 9.66771888733, 11.1683597565, 4.62225675583, 2.00692749023, 1.72273111343, 2.37571501732, 3.46327066422, 0.971367835999, 0.947771668434, 0.769868254662, 0.489933043718, 0.515375375748, 0.496087312698, 0.551052689552, 0.879998207092, 0.4730450809, 0.308634668589, 0.0882993191481, 0.0185854379088, 0.0036114489194, 0.000219367982936, 1.39130697789e-05, 1.77962956514e-05]}, "spectral_strongpeak": {"dmean2": 0.404578894377, "median": 0.525717437267, "min": 0, "dvar2": 0.726032018661, "dvar": 0.316594421864, "dmean": 0.261578977108, "max": 17.7506656647, "var": 0.875349104404, "mean": 0.81044203043}, "spectral_energy": {"dmean2": 0.00665978295729, "median": 0.00675098504871, "min": 1.0479047925e-20, "dvar2": 0.00015529691882, "dvar": 7.717328117e-05, "dmean": 0.00473191728815, "max": 0.215747982264, "var": 0.000402212579502, "mean": 0.0150963552296}, "average_loudness": 0.0981005877256, "spectral_rolloff": {"dmean2": 356.422576904, "median": 322.998046875, "min": 43.06640625, "dvar2": 1631819.5, "dvar": 806447.875, "dmean": 210.051895142, "max": 19293.75, "var": 2030227.375, "mean": 696.029174805}, "spectral_centroid": {"dmean2": 156.64201355, "median": 333.564147949, "min": 150.212097168, "dvar2": 140646.09375, "dvar": 82899.8125, "dmean": 110.230148315, "max": 11542.0507813, "var": 362900.75, "mean": 510.395751953}, "pitch_salience": {"dmean2": 0.099759221077, "median": 0.46863502264, "min": 0.0571179576218, "dvar2": 0.0106105869636, "dvar": 0.00476048141718, "dmean": 0.0641409307718, "max": 0.918769538403, "var": 0.0201941374689, "mean": 0.454669475555}, "spectral_energyband_middle_high": {"dmean2": 0.000768287165556, "median": 0.000135298148962, "min": 1.27627203246e-21, "dvar2": 1.13864480227e-05, "dvar": 9.0855974122e-06, "dmean": 0.000666536448989, "max": 0.137850880623, "var": 6.59378201817e-05, "mean": 0.00226247240789}, "spectral_contrast_coeffs": {"dmean2": [0.0679576694965, 0.0601475611329, 0.0547938272357, 0.0493829026818, 0.038739323616, 0.0300817843527], "median": [-0.433150231838, -0.634815216064, -0.725493907928, -0.758676052094, -0.808249354362, -0.8152769804], "min": [-0.975169897079, -0.974604785442, -0.970430374146, -0.969715476036, -0.965214788914, -0.963288962841], "dvar2": [0.00364805571735, 0.00306359492242, 0.00238100462593, 0.00190754642244, 0.00115063867997, 0.000703283236362], "dvar": [0.00162073981483, 0.00135892338585, 0.00119812798221, 0.000963525904808, 0.000598053273279, 0.000343324500136], "dmean": [0.0432884432375, 0.0383532717824, 0.0357727333903, 0.0328591614962, 0.0258655846119, 0.0198847409338], "max": [-0.182093799114, -0.343763113022, -0.374494731426, -0.471678078175, -0.598146796227, -0.642928123474], "var": [0.0124123208225, 0.00623932480812, 0.00863909814507, 0.00653273193166, 0.00390520691872, 0.00206557451747], "mean": [-0.449074357748, -0.633048772812, -0.71829611063, -0.748620390892, -0.80037522316, -0.811469435692]}, "melbands_skewness": {"dmean2": 1.37532544136, "median": 3.24719357491, "min": -1.82591402531, "dvar2": 3.11123204231, "dvar": 1.35196852684, "dmean": 0.914634227753, "max": 21.2823524475, "var": 5.38281440735, "mean": 3.68651342392}, "spectral_spread": {"dmean2": 1010236.5, "median": 3127997, "min": 419743.15625, "dvar2": 1985506836480.0, "dvar": 999554416640, "dmean": 