{"tonal": {"thpcp": [1, 0.718630731106, 0.53974288702, 0.566373050213, 0.718285679817, 0.937249958515, 0.666285097599, 0.359228461981, 0.469856739044, 0.508539915085, 0.335140049458, 0.29314878583, 0.355867892504, 0.394112110138, 0.691729128361, 0.98734754324, 0.78540122509, 0.556585490704, 0.553461849689, 0.514848411083, 0.483077585697, 0.465411484241, 0.444088429213, 0.499315261841, 0.531261920929, 0.469517856836, 0.446544766426, 0.410887509584, 0.328058570623, 0.376072406769, 0.445100337267, 0.362528145313, 0.278727144003, 0.283103138208, 0.363567978144, 0.733294487], "hpcp": {"dmean2": [0.337383687496, 0.366679131985, 0.357919245958, 0.325346231461, 0.288858085871, 0.279337495565, 0.264537155628, 0.247141897678, 0.243451759219, 0.224945649505, 0.193624839187, 0.161837413907, 0.156007856131, 0.153362691402, 0.133944526315, 0.122386872768, 0.130920290947, 0.170156374574, 0.232323586941, 0.281867355108, 0.244294479489, 0.217556998134, 0.219607815146, 0.37196367979, 0.438548147678, 0.344776421785, 0.209750041366, 0.185622990131, 0.176431357861, 0.145066037774, 0.154694855213, 0.189274266362, 0.220737025142, 0.286534279585, 0.343389511108, 0.336276650429], "median": [0.0519233867526, 0.0401265844703, 0.0370079278946, 0.0419966429472, 0.043945081532, 0.0377073809505, 0.0402542836964, 0.0464688241482, 0.0473644435406, 0.0546894744039, 0.0520332530141, 0.0435513034463, 0.0507279112935, 0.0532294102013, 0.0456234291196, 0.0367038026452, 0.0347716547549, 0.0455681085587, 0.114546224475, 0.155296623707, 0.119382582605, 0.0641136914492, 0.0601723641157, 0.0781972408295, 0.0654986798763, 0.0562375299633, 0.0352133400738, 0.0525420233607, 0.0569802001119, 0.0372974723577, 0.0293585546315, 0.0346097052097, 0.040874607861, 0.0901816338301, 0.141698628664, 0.117883324623], "min": [0, 0, 0, 0, 0, 0, 0, 0, 0, 0, 0, 0, 0, 0, 0, 0, 0, 0, 0, 0, 0, 0, 0, 0, 0, 0, 0, 0, 0, 0, 0, 0, 0, 0, 0, 0], "dvar2": [0.200599551201, 0.238303557038, 0.246555253863, 0.216095477343, 0.185425549746, 0.184614121914, 0.165009453893, 0.135520920157, 0.136780321598, 0.114829480648, 0.0945464745164, 0.0734372511506, 0.059169780463, 0.0531659424305, 0.0430360324681, 0.0444175116718, 0.0514463633299, 0.0719238817692, 0.0773813799024, 0.0971696227789, 0.0828945711255, 0.086160197854, 0.0886483341455, 0.165499687195, 0.272549182177, 0.152790084481, 0.0986666977406, 0.0791684612632, 0.0658803358674, 0.0545722581446, 0.074911929667, 0.0999103188515, 0.118531405926, 0.134070321918, 0.151258155704, 0.14955881238], "dvar": [0.0709546655416, 0.0843316093087, 0.0863136351109, 0.0745190158486, 0.0644302889705, 0.0629511773586, 0.0577471219003, 0.0491489507258, 0.0475076548755, 0.0404810942709, 0.0335068590939, 0.025382462889, 0.0209063962102, 0.0203911606222, 0.0159924309701, 0.0156404227018, 0.0185273401439, 0.0256107728928, 0.0285703148693, 0.0383150428534, 0.0307594500482, 0.0322937071323, 0.0333960875869, 0.0572906434536, 0.100794829428, 0.0556457825005, 0.0346653833985, 0.0291950348765, 0.0251661911607, 0.0195127651095, 0.0267198327929, 0.0356890894473, 0.0413527116179, 0.047131638974, 0.0563906207681, 0.0556574352086], "dmean": [0.185182780027, 0.19671857357, 0.191171601415, 0.174257516861, 0.155763566494, 0.150412648916, 0.144615724683, 0.137049823999, 0.13489164412, 0.124094545841, 0.107417427003, 0.0894327387214, 0.0880831256509, 0.0894123464823, 0.0770886689425, 0.0692688077688, 0.0737088695168, 0.0956538319588, 0.134710878134, 0.165529131889, 0.143696635962, 0.124502763152, 0.12456034869, 0.203285515308, 0.238239139318, 0.192160397768, 0.11412627995, 0.105565823615, 0.101467996836, 0.0816871002316, 0.0854825973511, 0.103656820953, 0.120785176754, 0.159937798977, 0.193487584591, 0.18854996562], "max": [1, 1, 1, 1, 1, 1, 1, 1, 1, 1, 1, 1, 1, 1, 1, 1, 1, 1, 1, 1, 1, 1, 1, 1, 1, 1, 1, 1, 1, 1, 1, 1, 1, 1, 1, 1], "var": [0.0619929283857, 0.0699902400374, 0.0658882632852, 0.055804438889, 0.050887785852, 0.0496275015175, 0.0573620013893, 0.0598587989807, 0.0466242544353, 0.0394924171269, 0.033860296011, 0.0217406786978, 0.0242566689849, 0.0385559424758, 0.0250993333757, 0.0173001661897, 0.020414005965, 0.026628529653, 0.0540743395686, 0.0927403867245, 0.0499151088297, 0.0479909293354, 0.057483419776, 0.0684924870729, 0.131042733788, 0.0703417286277, 0.0319449193776, 0.0428515449166, 0.0499165840447, 0.0243679620326, 0.023936836049, 0.0338341630995, 0.0362640097737, 0.05947393924, 0.0977240428329, 0.0661003887653], "mean": [0.160474210978, 0.159573614597, 0.148440614343, 0.139280483127, 0.134187012911, 0.128039166331, 0.143962115049, 0.153172954917, 0.135370954871, 0.128747373819, 0.118466705084, 0.094585545361, 0.10842885077, 0.128330916166, 0.104523785412, 0.0803623571992, 0.0816240385175, 0.104823581874, 0.211422801018, 0.288319081068, 0.207194954157, 0.155618175864, 0.163296163082, 0.207095474005, 0.270227044821, 0.192102700472, 0.103572420776, 0.135468661785, 0.146621763706, 0.0966272726655, 0.0845203846693, 0.102603502572, 0.11363004148, 0.19943870604, 0.284671127796, 0.226446151733]}, "tuning_equal_tempered_deviation": 0.278973847628, "chords_changes_rate": 0.0491086430848, "key_key": "G#", "tuning_diatonic_strength": 0.539106667042, "key_scale": "minor", "chords_number_rate": 0.00184998323675, "tuning_frequency": 434.193115234, "tuning_nontempered_energy_ratio": 0.946263372898, "chords_histogram": [20.2152709961, 10.3935422897, 2.01816344261, 0.369996637106, 0.908173561096, 9.6871843338, 1.00908172131, 30.9788093567, 1.47998654842, 1.09317183495, 0.336360573769, 0.134544238448, 0.285906493664, 0.655903100967, 2.42179608345, 0.487722843885, 0, 0.706357240677, 0.403632700443, 0.336360573769, 0.723175227642, 0.168180286884, 5.88631010056, 9.30037021637], "key_strength": 0.567083001137, "chords_key": "G#", "chords_strength": {"dmean2": 0.0101223578677, "median": 0.487153112888, "min": 0.225959181786, "dvar2": 8.27477415442e-05, "dvar": 6.42479062662e-05, "dmean": 0.00920111034065, "max": 0.766946196556, "var": 0.010030284524, "mean": 0.494079738855}, "chords_scale": "major", "hpcp_entropy": {"dmean2": 1.01366448402, "median": 2.23722076416, "min": 0, "dvar2": 0.643696784973, "dvar": 0.231703698635, "dmean": 0.601994395256, "max": 4.4661693573, "var": 0.589098215103, "mean": 2.24605917931}}, "metadata": {"audio_properties": {"equal_loudness": 0, "codec": "mp3", "downmix": "mix", "sample_rate": 44100, "analysis_sample_rate": 44100, "bit_rate": 192000, "md5_encoded": "47764eabe237eb8bcda87468455b74e6", "length": 276.062042236, "replay_gain": -7.90772247314, "lossless": false}, "version": {"essentia_build_sha": "26c37b627ab5a2028d412893e0969599b764ad4d", "essentia": "2.1-beta2", "extractor": "music 1.0", "essentia_git_sha": "v2.1_beta2"}, "tags": {"title": ["The Man Who Sold the World (electric version) (12/93)"], "media": ["CD"], "albumartist": ["Nirvana"], "musicbrainz_recordingid": ["1e05a067-6bb0-47b7-a8b3-eb08804c7614"], "mood": ["Melancholy"], "originalyear": ["1994"], "discnumber": ["1/1"], "album": ["Outcesticide II: The Needle & The Damage Done"], "catalognumber": ["BMCD25"], "contentgroup": ["Rock"], "musicbrainz album type": ["album"], "musicbrainz album status": ["bootleg"], "file_name": "20 The Man Who Sold the World (electric version) (12_93).mp3", "musicbrainz_albumartistid": ["5b11f4ce-a62d-471e-81fc-a69a8278c7da"], "date": ["1994"], "genre": ["Rock; Grunge; Alternative; Alternative Rock"], "musicbrainz_releasegroupid": ["584b7e62-d8b5-378e-986c-dfc78e1fc06e"], "script": ["Latn"], "originaldate": ["1994"], "musicbrainz_albumid": ["26a380df-307a-4649-be76-e6a451d00a27"], "artist": ["Nirvana"], "artistsort": ["Nirvana"], "tracknumber": ["20/21"], "label": ["Blue Moon Records"], "albumartistsort": ["Nirvana"], "musicbrainz_artistid": ["5b11f4ce-a62d-471e-81fc-a69a8278c7da"]}}, "rhythm": {"bpm_histogram_first_peak_bpm": {"dmean2": 0, "median": 133, "min": 133, "dvar2": 0, "dvar": 0, "dmean": 0, "max": 133, "var": 0, "mean": 133}, "bpm": 131.286895752, "bpm_histogram_second_peak_spread": {"dmean2": 0, "median": 0.476190507412, "min": 0.476190507412, "dvar2": 0, "dvar": 0, "dmean": 0, "max": 0.476190507412, "var": 0, "mean": 0.476190507412}, "bpm_histogram_first_peak_weight": {"dmean2": 0, "median": 0.271812081337, "min": 0.271812081337, "dvar2": 0, "dvar": 0, "dmean": 0, "max": 0.271812081337, "var": 0, "mean": 0.271812081337}, "onset_rate": 1.61188876629, "beats_position": [0.406349211931, 0.824308395386, 1.24226760864, 1.66022670269, 2.07818579674, 2.48453521729, 2.90249419212, 3.32045340538, 3.73841261864, 4.15637159348, 4.57433080673, 4.99229001999, 5.41024923325, 5.8282084465, 6.24616765976, 6.66412687302, 7.08208608627, 7.61614513397, 8.15020370483, 8.68426322937, 9.21832180023, 9.74077033997, 10.2632198334, 10.7856683731, 11.3081178665, 11.8305664062, 12.3414058685, 12.8522443771, 13.3630838394, 13.8042631149, 14.2454423904, 14.6866207123, 15.1394100189, 15.5805892944, 16.0333786011, 16.4977779388, 16.9621772766, 17.426574707, 17.9025840759, 18.3785934448, 18.8546028137, 19.3190021515, 19.7834014893, 20.247800827, 20.7121982574, 21.1765975952, 21.640996933, 22.1170063019, 22.5814056396, 23.0458049774, 23.5102043152, 23.974603653, 24.4506111145, 24.9150104523, 25.37940979, 25.8438091278, 26.3082084656, 26.7726078033, 27.2486171722, 27.7246246338, 28.1890239716, 28.6534233093, 29.1294326782, 29.6054420471, 30.0930614471, 30.5806789398, 31.0682983398, 31.5559177399, 32.0319252014, 32.5195465088, 33.0071640015, 33.4947853088, 33.9707946777, 34.4468002319, 34.9344215393, 35.422039032, 35.9096603394, 36.3856697083, 36.8732872009, 37.3609046936, 37.848526001, 38.3361434937, 38.823764801, 39.3113822937, 39.7873916626, 40.2634010315, 40.7510185242, 41.2386398315, 41.7262573242, 42.2138786316, 42.7014961243, 43.1891136169, 43.6651229858, 44.1411323547, 44.6287536621, 45.1163711548, 45.6039886475, 46.0916099548, 46.5676193237, 47.0436286926, 47.5312461853, 48.018863678, 48.5064849854, 48.994102478, 49.4817237854, 49.9693412781, 50.4569587708, 50.9445800781, 51.4321975708, 51.9198188782, 52.4074363708, 52.8950538635, 53.3826751709, 53.8702926636, 54.3579139709, 54.8455314636, 55.333152771, 55.8207702637, 56.2967796326, 56.7727890015, 57.2487983704, 57.7248077393, 58.1892051697, 58.6536026001, 59.1180038452, 59.5824012756, 60.0468025208, 60.5111999512, 60.9872093201, 61.4516105652, 61.9276161194, 62.3920173645, 62.8564147949, 63.32081604, 63.7852134705, 64.2496109009, 64.714012146, 65.1784133911, 65.6544189453, 66.1304321289, 66.5948257446, 67.0592269897, 67.5236282349, 67.98802948, 68.4640350342, 68.9400405884, 69.4044418335, 69.8688430786, 70.3332443237, 70.7976379395, 71.2620391846, 71.7380523682, 72.2024459839, 72.6784591675, 73.1544647217, 73.6188659668, 74.094871521, 74.5708847046, 75.0468902588, 75.5229034424, 75.9872970581, 76.4516983032, 76.9277114868, 77.3921051025, 77.8565063477, 78.3209075928, 78.7853012085, 79.2497024536, 79.7141036987, 80.1901092529, 80.6661224365, 81.1305236816, 81.5949172974, 82.0593185425, 82.5237197876, 82.9881134033, 83.4525146484, 83.9169158936, 84.3929214478, 84.8689346313, 85.3449401855, 85.8325576782, 86.3317871094, 86.8194122314, 87.3186416626, 87.8294754028, 88.3403167725, 88.8511581421, 89.3503875732, 89.8612213135, 90.3720626831, 90.8712921143, 91.3705215454, 91.8581390381, 92.3457565308, 92.8333740234, 93.3209991455, 93.8086166382, 94.2962341309, 94.7838516235, 95.2714691162, 95.7590942383, 96.246711731, 96.7343292236, 97.2335586548, 97.7327880859, 98.2204055786, 98.7080230713, 99.1956481934, 99.683265686, 100.170883179, 100.658500671, 101.146118164, 101.633743286, 102.10974884, 102.585754395, 103.073379517, 103.560997009, 104.048614502, 104.536231995, 105.023849487, 105.499862671, 105.999092102, 106.486709595, 106.985939026, 107.485168457, 107.97278595, 108.460403442, 108.959632874, 109.458862305, 109.946479797, 110.445709229, 110.94493866, 111.432563782, 111.931785583, 112.431015015, 112.930244446, 113.417869568, 113.905487061, 114.393104553, 114.869110107, 115.356735229, 115.832740784, 116.308753967, 116.784759521, 117.260765076, 117.736778259, 118.212783813, 118.688796997, 119.164802551, 119.629203796, 120.093605042, 120.569610596, 121.045623779, 121.510017395, 121.97441864, 122.450431824, 122.926437378, 123.390838623, 123.855232239, 124.319633484, 124.795646667, 125.271652222, 125.736053467, 126.200454712, 126.664848328, 127.140861511, 127.616867065, 128.081268311, 128.557281494, 129.021682739, 129.497680664, 129.962081909, 130.426483154, 130.902496338, 131.378494263, 131.842895508, 132.307296753, 132.794921875, 133.2709198, 133.746932983, 134.211334229, 134.675735474, 135.140136719, 135.604537964, 136.068939209, 136.533325195, 136.99772644, 137.462127686, 137.938140869, 138.402542114, 138.878540039, 139.342941284, 139.807342529, 140.271743774, 140.747756958, 141.212158203, 141.688156128, 142.164169312, 142.640182495, 143.11618042, 143.592193604, 144.068206787, 144.532608032, 144.985397339, 145.438186646, 145.914199829, 146.378585815, 146.842987061, 147.307388306, 147.771789551, 148.236190796, 148.700592041, 149.164993286, 149.617782593, 150.082168579, 150.546569824, 151.010971069, 151.486984253, 151.951385498, 152.415786743, 152.891784668, 153.356185913, 153.832199097, 154.296600342, 154.73777771, 155.190567017, 155.643356323, 156.107757568, 156.572158813, 157.0365448, 157.500946045, 157.953735352, 158.406524658, 158.859313965, 159.335327148, 159.799728394, 160.264129639, 160.740127563, 161.216140747, 161.680541992, 162.144943237, 162.609344482, 163.073745728, 163.538131714, 164.002532959, 164.455322266, 164.919723511, 165.372512817, 165.836914062, 166.301315308, 166.765716553, 167.218505859, 167.682891846, 168.135681152, 168.576873779, 169.041259766, 169.505661011, 169.970062256, 170.434463501, 170.898864746, 171.363265991, 171.816055298, 172.268844604, 172.721633911, 173.174423218, 173.627212524, 174.080001831, 174.532791138, 174.985580444, 175.438369751, 175.891159058, 176.355545044, 176.831558228, 177.284347534, 177.748748779, 178.201538086, 178.654327393, 179.107116699, 179.559906006, 180.012695312, 180.465484619, 180.918273926, 181.371063232, 181.823852539, 182.276641846, 182.729431152, 183.182220459, 183.635009766, 184.087799072, 184.540588379, 184.993377686, 185.434555054, 185.898956299, 186.363357544, 186.816146851, 187.268936157, 187.710113525, 188.162902832, 188.615692139, 189.080093384, 189.53288269, 189.985671997, 190.426849365, 190.89125061, 191.355636597, 191.820037842, 192.272827148, 192.725616455, 193.1900177, 193.642807007, 194.095596313, 194.54838562, 195.001174927, 195.453964233, 195.90675354, 196.359542847, 196.812332153, 197.276733398, 197.729522705, 198.182312012, 198.646713257, 199.099502563, 199.55229187, 200.005081177, 200.457870483, 200.91065979, 201.363449097, 201.816238403, 202.26902771, 202.721817017, 203.174606323, 203.63899231, 204.091781616, 204.544570923, 204.997360229, 205.461761475, 205.937774658, 206.390563965, 206.843353271, 207.307754517, 207.772155762, 208.224945068, 208.677734375, 209.130523682, 209.583312988, 210.036102295, 210.488891602, 210.953277588, 211.406066895, 211.87046814, 212.323257446, 212.776046753, 213.22883606, 213.681625366, 214.134414673, 214.598815918, 215.063217163, 215.51600647, 215.968795776, 216.421585083, 216.87437439, 217.327163696, 217.779953003, 218.23274231, 218.685531616, 219.138320923, 219.591110229, 220.043899536, 220.496688843, 220.949478149, 221.402267456, 221.866668701, 222.331054688, 222.795455933, 223.236633301, 223.689422607, 224.142211914, 224.595001221, 225.047790527, 225.500579834, 225.953369141, 226.406158447, 226.858947754, 227.300125122, 227.764526367, 228.217315674, 228.67010498, 229.122894287, 229.575683594, 230.016860962, 230.45803833, 230.899230957, 231.340408325, 231.793197632, 232.245986938, 232.698776245, 233.151565552, 233.604354858, 234.057144165, 234.521530151, 234.974319458, 235.427108765, 235.879898071, 236.332687378, 236.785476685, 237.238265991, 237.691055298, 238.143844604, 238.596633911, 239.049423218, 239.490600586, 239.943389893, 240.396179199, 240.848968506, 241.301757812, 241.754547119, 242.207336426, 242.648529053, 243.101318359, 243.554092407, 244.018493652, 244.471282959, 244.924072266, 245.365249634, 245.806442261, 246.259231567, 246.712020874, 247.164810181, 247.605987549, 248.058776855, 248.523162842, 248.987564087, 249.428741455, 249.881530762, 250.334320068, 250.787109375, 251.228302002, 251.681091309, 252.122268677, 252.575057983, 253.02784729, 253.480636597, 253.933425903, 254.374603271, 254.827392578, 255.280181885, 255.721359253, 256.162536621, 256.615325928, 257.068115234, 257.520904541, 257.973693848, 258.414855957, 258.867645264, 259.32043457, 259.773223877, 260.226013184, 260.690429688, 261.143218994, 261.596008301, 262.060394287, 262.536407471, 263.012420654, 263.511657715, 264.010864258, 264.510101318, 264.904846191, 265.299591064, 265.705932617, 266.089050293, 266.472198486, 266.855316162, 267.238464355, 267.609985352, 267.981506348, 268.352996826, 268.712921143, 269.072814941, 269.421142578, 269.769439697, 270.117736816, 270.466033936, 270.802703857, 271.139404297, 271.487701416, 271.835998535, 272.172698975, 272.520996094, 272.880889893, 273.229187012, 273.589111328, 273.949005127, 274.320526123, 274.692047119, 275.063568115, 275.435089111], "beats_loudness": {"dmean2": 0.0304535608739, "median": 0.0355794802308, "min": 1.70459479865e-09, "dvar2": 0.000916005054023, "dvar": 0.000283734523691, "dmean": 0.0163181591779, "max": 0.120362520218, "var": 0.000508284254465, "mean": 0.0355107374489}, "danceability": 1.00571644306, "bpm_histogram_second_peak_weight": {"dmean2": 0, "median": 0.147651001811, "min": 0.147651001811, "dvar2": 0, "dvar": 0, "dmean": 0, "max": 0.147651001811, "var": 0, "mean": 0.147651001811}, "beats_count": 597, "bpm_histogram_second_peak_bpm": {"dmean2": 0, "median": 126, "min": 126, "dvar2": 0, "dvar": 0, "dmean": 0, "max": 126, "var": 0, "mean": 126}, "bpm_histogram_first_peak_spread": {"dmean2": 0, "median": 0.530434846878, "min": 0.530434846878, "dvar2": 0, "dvar": 0, "dmean": 0, "max": 0.530434846878, "var": 0, "mean": 0.530434846878}, "beats_loudness_band_ratio": {"dmean2": [0.306453555822, 0.127257719636, 0.134005114436, 0.101157844067, 0.130002692342, 0.0655381008983], "median": [0.538151860237, 0.0935547277331, 0.0923221036792, 0.0557942651212, 0.119639396667, 0.0589578971267], "min": [9.70795226749e-05, 0.000509781879373, 0.00912573188543, 0.00469891913235, 0.00192731013522, 0.00212893914431], "dvar2": [0.056182321161, 0.0145263979211, 0.0204280633479, 0.0120327891782, 0.0113313980401, 0.00572192389518], "dvar": [0.0211888626218, 0.00502010108903, 0.00744244875386, 0.00497938506305, 0.00403027702123, 0.00217909063213], "dmean": [0.177483558655, 0.0714530274272, 0.0801791101694, 0.059188593179, 0.0725460126996, 0.0373595803976], "max": [0.897286653519, 0.485311448574, 0.759559333324, 0.930678665638, 0.49485078454, 0.597641408443], "var": [0.0507592000067, 0.00620197225362, 0.0115403011441, 0.0192326251417, 0.00721984822303, 0.00301487790421], "mean": [0.496502190828, 0.107807397842, 0.124267116189, 0.107931852341, 0.135666981339, 0.0671340152621]}}, "lowlevel": {"barkbands_spread": {"dmean2": 8.53492832184, "median": 31.6943702698, "min": 0.761361241341, "dvar2": 66.6821594238, "dvar": 27.2913703918, "dmean": 5.38096189499, "max": 128.224060059, "var": 179.352966309, "mean": 31.1613254547}, "melbands_spread": {"dmean2": 13.2840204239, "median": 29.4126205444, "min": 1.08026492596, "dvar2": 161.961700439, "dvar": 65.2133102417, "dmean": 8.36893177032, "max": 145.541397095, "var": 270.996887207, "mean": 32.0623550415}, "hfc": {"dmean2": 6.25140380859, "median": 27.0358543396, "min": 1.14851553129e-16, "dvar2": 50.6631889343, "dvar": 21.7842082977, "dmean": 4.07600069046, "max": 136.935806274, "var": 272.311676025, "mean": 25.9029350281}, "barkbands_kurtosis": {"dmean2": 2.38424134254, "median": -0.0662219524384, "min": -1.91077411175, "dvar2": 148.25428772, "dvar": 87.2775726318, "dmean": 1.52517175674, "max": 603.23840332, "var": 171.287078857, "mean": 1.14591908455}, "gfcc": {"mean": [2.88166260719, 94.061668396, -139.461578369, 50.9271087646, -49.2013053894, 13.6100101471, -33.5444984436, 9.75039386749, -15.5974273682, 4.10179662704, -22.5298023224, -1.03041315079, -10.5025024414], "icov": [[0.000316853955155, -0.000855950755067, 0.000678454409353, -0.00117960199714, 0.000836450955831, -0.000789273995906, 0.00108628673479, -0.00106001540553, 0.000866896414664, -0.00102511269506, 0.000922295963392, -0.000548023788724, 0.00044167455053], [-0.000855950755067, 0.0046490970999, -0.00261385785416, 0.00363094941713, -0.00340705784038, 0.00308854295872, -0.00331764505245, 0.00454161781818, -0.00431289756671, 0.00433841533959, -0.00383633654565, 0.00404322706163, -0.0028976846952], [0.000678454409353, -0.00261385785416, 0.00411590421572, -0.0035229595378, 0.00184502196498, -0.00368154188618, 0.00376779004, -0.00296622049063, 0.00240411236882, -0.00399829261005, 0.00351504073478, -0.00201082765125, 0.00168000580743], [-0.00117960199714, 0.00363094941713, -0.0035229595378, 0.00683050788939, -0.00368942180648, 0.00384892825969, -0.00382580864243, 0.00405344134197, -0.00490227574483, 0.00412985123694, -0.00313635636121, 0.00258403737098, -0.00258973427117], [0.000836450955831, -0.00340705784038, 0.00184502196498, -0.00368942180648, 0.00916340202093, -0.00325748859905, 0.00246196752414, -0.00575414672494, 0.00512167159468, -0.00381615641527, 0.000136942937388, -0.00153994990978, 0.00133776431903], [-0.000789273995906, 0.00308854295872, -0.00368154188618, 0.00384892825969, -0.00325748859905, 0.00949386321008, -0.00383298611268, 0.00213497364894, -0.00408438965678, 0.00429593026638, -0.0019765200559, -0.000838583742734, -0.00129322125576], [0.00108628673479, -0.00331764505245, 0.00376779004, -0.00382580864243, 0.00246196752414, -0.00383298611268, 0.0109187178314, -0.00463053490967, 0.00186865439173, -0.00385621096939, 0.00385549524799, -0.00175393174868, 0.000881705142092], [-0.00106001540553, 0.00454161781818, -0.00296622049063, 0.00405344134197, -0.00575414672494, 0.00213497364894, -0.00463053490967, 0.0149513948709, -0.00754698552191, 0.00262838415802, -0.00379298557527, 0.00217463984154, -0.00194175436627], [0.000866896414664, -0.00431289756671, 0.00240411236882, -0.00490227574483, 0.00512167159468, -0.00408438965678, 0.00186865439173, -0.00754698552191, 0.0192514602095, -0.00935677718371, -0.00021033246594, 0.00140649615787, -0.00127243029419], [-0.00102511269506, 0.00433841533959, -0.00399829261005, 0.00412985123694, -0.00381615641527, 0.00429593026638, -0.00385621096939, 0.00262838415802, -0.00935677718371, 0.020042905584, -0.00548986718059, -0.000633102376014, -0.000911051174626], [0.000922295963392, -0.00383633654565, 0.00351504073478, -0.00313635636121, 0.000136942937388, -0.0019765200559, 0.00385549524799, -0.00379298557527, -0.00021033246594, -0.00548986718059, 0.0187495909631, -0.00833772774786, 0.00260295509361], [-0.000548023788724, 0.00404322706163, -0.00201082765125, 0.00258403737098, -0.00153994990978, -0.000838583742734, -0.00175393174868, 0.00217463984154, 0.00140649615787, -0.000633102376014, -0.00833772774786, 0.0236255805939, -0.00986710935831], [0.00044167455053, -0.0028976846952, 0.00168000580743, -0.00258973427117, 0.00133776431903, -0.00129322125576, 0.000881705142092, -0.00194175436627, -0.00127243029419, -0.000911051174626, 0.00260295509361, -0.00986710935831, 0.0216723177582]], "cov": [[13937.1279297, 707.10723877, 660.821960449, 1792.97094727, -146.677749634, 115.160484314, -523.400390625, 223.067260742, 203.141601562, 188.501373291, -170.044769287, -49.1963615417, 48.6158599854], [707.10723877, 765.651794434, 36.6864738464, -9.67443180084, 62.9041862488, -77.8801498413, 22.7585582733, -69.6991119385, 56.8628921509, -43.6553459167, 33.425113678, -81.8760910034, 28.4715156555], [660.821960449, 36.6864738464, 764.036437988, 291.626983643, 61.4764442444, 166.594863892, -103.9817276, 79.2782440186, 56.2491149902, 83.7459716797, -27.7386417389, 29.6052646637, 8.17181491852], [1792.97094727, -9.67443180084, 291.626983643, 592.704101562, 43.326675415, 19.9003543854, -45.8178825378, 57.832950592, 78.460647583, 52.7654762268, -9.04843330383, 1.92444038391, 24.7314090729], [-146.677749634, 62.9041862488, 61.4764442444, 43.326675415, 202.31817627, 41.3811988831, 15.7554931641, 59.2360534668, 12.9354000092, 25.1372833252, 40.2282333374, 15.1113357544, 10.3232584], [115.160484314, -77.8801498413, 166.594863892, 19.9003543854, 41.3811988831, 207.92918396, 8.91139411926, 53.3717880249, 24.4726638794, 24.2297668457, 4.30808925629, 38.9975852966, 10.6694879532], [-523.400390625, 22.7585582733, -103.9817276, -45.8178825378, 15.7554931641, 8.91139411926, 170.45362854, 19.5195484161, 20.198677063, 1.14341008663, 10.7512273788, -0.765074074268, 10.262963295], [223.067260742, -69.6991119385, 79.2782440186, 57.832950592, 59.2360534668, 53.3717880249, 19.5195484161, 147.756713867, 52.9381942749, 46.9068412781, 23.2600784302, 22.1361312866, 11.2373151779], [203.141601562, 56.8628921509, 56.2491149902, 78.460647583, 12.9354000092, 24.4726638794, 20.198677063, 52.9381942749, 114.276229858, 48.9434394836, 26.9034061432, 1.59907782078, 19.325012207], [188.501373291, -43.6553459167, 83.7459716797, 52.7654762268, 25.1372833252, 24.2297668457, 1.14341008663, 46.9068412781, 48.9434394836, 99.5402374268, 25.6895713806, 24.098739624, 9.12955951691], [-170.044769287, 33.425113678, -27.7386417389, -9.04843330383, 40.2282333374, 4.30808925629, 10.7512273788, 23.2600784302, 26.9034061432, 25.6895713806, 93.2434844971, 27.5871448517, 12.4445981979], [-49.1963615417, -81.8760910034, 29.6052646637, 1.92444038391, 15.1113357544, 38.9975852966, -0.765074074268, 22.1361312866, 1.59907782078, 24.098739624, 27.5871448517, 78.477104187, 24.9222545624], [48.6158599854, 28.4715156555, 8.17181491852, 24.7314090729, 10.3232584, 10.6694879532, 10.262963295, 11.2373151779, 19.325012207, 9.12955951691, 12.4445981979, 24.9222545624, 63.2388458252]]}, "spectral_energyband_middle_low": {"dmean2": 0.00762106804177, "median": 0.00807009637356, "min": 3.35558608913e-22, "dvar2": 0.00013392062101, "dvar": 5.5530355894e-05, "dmean": 0.00486041558906, "max": 0.137465745211, "var": 0.000141639829963, "mean": 0.0115357674658}, "melbands_crest": {"dmean2": 7.11747407913, "median": 14.6921949387, "min": 1.83224654198, "dvar2": 32.956943512, "dvar": 12.6399650574, "dmean": 4.29519128799, "max": 39.8434906006, "var": 32.3666648865, "mean": 15.2440032959}, "spectral_kurtosis": {"dmean2": 2.17400527, "median": 3.26707553864, "min": -1.19562983513, "dvar2": 5.88279676437, "dvar": 1.90546751022, "dmean": 1.24947869778, "max": 22.0790729523, "var": 6.78049230576, "mean": 3.9867618084}, "spectral_rms": {"dmean2": 0.00107189896517, "median": 0.00544204562902, "min": 3.20274817951e-12, "dvar2": 1.02872172647e-06, "dvar": 4.20967950276e-07, "dmean": 0.000697224633768, "max": 0.0121844615787, "var": 4.07855623052e-06, "mean": 0.00510572874919}, "zerocrossingrate": {"dmean2": 0.011069830507, "median": 0.06494140625, "min": 0, "dvar2": 0.000181806375622, "dvar": 0.000118590032798, "dmean": 0.0086234267801, "max": 0.5087890625, "var": 0.000800826179329, "mean": 0.0669431984425}, "silence_rate_60dB": {"dmean2": 0.0107671599835, "median": 0, "min": 0, "dvar2": 0.0130118876696, "dvar": 0.0053555755876, "dmean": 0.00538312736899, "max": 1, "var": 0.0688338279724, "mean": 0.0743481889367}, "erbbands_kurtosis": {"dmean2": 1.03960132599, "median": -0.0467613935471, "min": -1.70440721512, "dvar2": 1.50772941113, "dvar": 0.589881062508, "dmean": 0.647535085678, "max": 49.9912261963, "var": 2.54676127434, "mean": 0.212978199124}, "erbbands": {"dmean2": [0.352239876986, 1.67627334595, 2.46118569374, 9.59055805206, 15.1885328293, 5.95038986206, 9.66977024078, 7.96569013596, 11.1043682098, 7.95552778244, 21.6055049896, 24.9866142273, 13.3344287872, 9.79010105133, 8.76028633118, 11.6092557907, 14.5599813461, 32.6955566406, 29.0911216736, 24.8528671265, 48.8681488037, 52.7527809143, 23.0592880249, 18.6561470032, 16.7178573608, 11.4023952484, 5.90620946884, 15.0958595276, 8.50948429108, 2.55237936974, 2.55428910255, 0.941540002823, 0.224888578057, 0.187297180295, 0.118966259062, 0.0372618101537, 0.00922940578312, 0.0010262876749, 2.43446247623e-05, 1.44792647916e-05], "median": [0.171301051974, 0.902570605278, 1.49312138557, 4.08152151108, 5.17656469345, 3.50444173813, 5.74163103104, 5.55651473999, 6.88249206543, 5.05426073074, 13.2177219391, 16.9497146606, 11.746471405, 8.06772994995, 6.69742965698, 10.2414703369, 13.8776378632, 24.2586479187, 28.8988647461, 28.9780464172, 57.269859314, 61.1788520813, 34.2828941345, 29.3166351318, 26.9141197205, 18.7224578857, 11.4785881042, 13.5263490677, 8.2257194519, 3.1905105114, 2.46879434586, 1.17604112625, 0.352420866489, 0.240150600672, 0.158587872982, 0.0440990962088, 0.00776085630059, 0.000705577083863, 3.99147029384e-05, 4.03573758376e-05], "min": [3.22168774208e-22, 5.53343117002e-21, 2.10602526557e-20, 4.70371602437e-20, 6.70975437938e-20, 9.07224877102e-20, 1.89702977969e-19, 1.18984735388e-19, 2.13347728984e-19, 1.18794261542e-18, 1.80189839993e-18, 1.39370410298e-18, 2.48401386692e-18, 1.22301734814e-18, 1.61262686128e-18, 1.07880233745e-18, 2.57079152383e-18, 4.9955319028e-18, 4.00545006272e-18, 8.83976735926e-18, 7.09889379543e-18, 5.66077288529e-18, 9.26541961323e-18, 9.31847911362e-18, 6.76888554056e-18, 1.12732425587e-17, 2.05224618396e-17, 1.17554003475e-17, 2.07266315215e-17, 2.28307589698e-17, 2.10749804385e-17, 1.54771233242e-17, 1.40456144823e-17, 9.56670029902e-18, 6.91869787566e-18, 5.09961148978e-18, 2.69431233675e-18, 1.28104903119e-18, 3.36391168219e-19, 3.51539223379e-20], "dvar2": [0.219143420458, 4.27060365677, 11.3178548813, 233.755401611, 697.232910156, 84.55493927, 243.184280396, 167.113006592, 311.359405518, 243.935928345, 1787.48449707, 1527.10314941, 416.566650391, 209.545837402, 217.21711731, 255.348632812, 531.834777832, 3196.97045898, 1609.73266602, 1206.88134766, 4471.05419922, 5706.44189453, 995.587158203, 626.928283691, 508.444946289, 207.852294922, 59.0716094971, 983.14276123, 301.537780762, 56.7412719727, 81.2140884399, 4.52571296692, 0.503203868866, 0.37652695179, 0.0578949376941, 0.00551131600514, 0.00088406924624, 2.00064914679e-05, 6.85792489463e-09, 2.44398890015e-10], "dvar": [0.0847998186946, 1.80937552452, 3.90750718117, 90.8593521118, 292.564758301, 32.3307571411, 93.4513626099, 76.6946258545, 118.045913696, 97.7007141113, 737.056518555, 642.383728027, 174.365325928, 87.3853607178, 86.5419616699, 96.4077529907, 241.120239258, 1256.28283691, 654.578796387, 461.266662598, 1661.64685059, 2144.5456543, 374.864990234, 242.870315552, 188.399047852, 76.3798828125, 23.7013626099, 355.484405518, 113.73210907, 30.4443836212, 32.8240966797, 2.10602021217, 0.24650773406, 0.193096071482, 0.0307616963983, 0.00298358011059, 0.000435399531852, 9.42313545238e-06, 3.43059292085e-09, 1.03545415298e-10], "dmean": [0.223118335009, 1.06746482849, 1.42782056332, 5.76891279221, 9.54651641846, 3.57513308525, 5.87380599976, 4.99938869476, 6.82550287247, 4.97048091888, 14.2827157974, 15.9400224686, 8.47971057892, 6.17742443085, 5.35413742065, 7.03599119186, 9.15819072723, 20.2451763153, 18.1900691986, 15.0562162399, 29.2696819305, 31.6776752472, 13.8843507767, 11.241894722, 10.0369596481, 6.84102153778, 3.62326645851, 9.18374252319, 5.19848966599, 1.70340001583, 1.65072000027, 0.620765864849, 0.155895859003, 0.130473867059, 0.0817461907864, 0.0267930440605, 0.00680916244164, 0.0007597625372, 1.82170624612e-05, 9.48689557845e-06], "max": [2.13931274414, 14.0333080292, 24.8593387604, 170.110794067, 267.489349365, 128.883377075, 314.753479004, 341.768798828, 193.276123047, 240.083374023, 649.011108398, 455.565185547, 460.435913086, 282.581573486, 341.759796143, 260.097137451, 701.125061035, 796.672790527, 585.632202148, 394.180389404, 920.754089355, 930.230224609, 391.203399658, 357.103149414, 379.857696533, 131.064834595, 135.020141602, 570.905883789, 319.111633301, 388.551361084, 383.79586792, 64.9041213989, 38.3264198303, 35.3346214294, 10.3426856995, 1.96409368515, 0.99760645628, 0.191142424941, 0.00331162568182, 0.000224176590564], "var": [0.179073408246, 3.85103988647, 5.42956733704, 143.997512817, 594.909851074, 58.5089302063, 219.449050903, 275.25592041, 298.475708008, 191.509963989, 2358.5065918, 1814.20385742, 456.339233398, 254.689193726, 267.209869385, 218.570724487, 803.373535156, 3294.04272461, 1765.46325684, 1168.4576416, 4091.22460938, 4943.44433594, 1096.55102539, 875.530761719, 656.981445312, 282.502685547, 109.983810425, 924.541137695, 393.356567383, 150.202301025, 113.397445679, 10.4834165573, 1.23219072819, 0.747400105, 0.126046851277, 0.0104971602559, 0.00102761900052, 1.80241659109e-05, 8.2069879781e-09, 6.03741001637e-10], "mean": [0.353228449821, 1.69014203548, 2.18795180321, 8.18807506561, 14.281493187, 5.96842861176, 10.1465358734, 9.68937110901, 12.3441467285, 9.17569541931, 28.5044002533, 31.126209259, 17.6127109528, 12.7357311249, 10.6971273422, 14.3364210129, 20.5854663849, 41.3809738159, 39.0049476624, 35.9154052734, 67.6656570435, 71.9408798218, 36.6265258789, 31.3714141846, 28.4687137604, 19.9899215698, 12.1123695374, 22.7458629608, 14.2245521545, 5.24367332458, 4.78869724274, 1.97390127182, 0.54500824213, 0.395435541868, 0.238988205791, 0.0700196921825, 0.0150581113994, 0.00155413208995, 5.43846872461e-05, 3.97555268137e-05]}, "spectral_strongpeak": {"dmean2": 0.723222792149, "median": 0.359519660473, "min": 0, "dvar2": 1.95616936684, "dvar": 0.737185120583, "dmean": 0.413701057434, "max": 18.5646972656, "var": 0.841153621674, "mean": 0.667567253113}, "spectral_energy": {"dmean2": 0.012975811027, "median": 0.0303562544286, "min": 1.05140358878e-20, "dvar2": 0.000198503636057, "dvar": 8.15786552266e-05, "dmean": 0.00841728970408, "max": 0.152172625065, "var": 0.000376576965209, "mean": 0.0309006981552}, "average_loudness": 0.919679760933, "spectral_rolloff": {"dmean2": 855.004150391, "median": 2045.65429688, "min": 21.533203125, "dvar2": 1351067.125, "dvar": 561233.6875, "dmean": 515.854553223, "max": 19293.75, "var": 1577447.25, "mean": 1980.09802246}, "spectral_centroid": {"dmean2": 352.080596924, "median": 1971.98901367, "min": 245.885482788, "dvar2": 107406.6875, "dvar": 51485.2851562, "dmean": 221.901779175, "max": 11557.5087891, "var": 358834.53125, "mean": 1873.32800293}, "pitch_salience": {"dmean2": 0.122070714831, "median": 0.546643316746, "min": 0.00862163398415, "dvar2": 0.0101737370715, "dvar": 0.00386917917058, "dmean": 0.074424661696, "max": 0.844493806362, "var": 0.0104950014502, "mean": 0.541080117226}, "spectral_energyband_middle_high": {"dmean2": 0.00217880541459, "median": 0.00704069808125, "min": 1.26574567449e-21, "dvar2": 5.56656823392e-06, "dvar": 2.19289177039e-06, "dmean": 0.00136520003434, "max": 0.0289975050837, "var": 1.79697672138e-05, "mean": 0.00681880163029}, "spectral_contrast_coeffs": {"dmean2": [0.0920418575406, 0.0761492997408, 0.058170042932, 0.0453808493912, 0.0316358655691, 0.0237997733057], "median": [-0.684106707573, -0.742693066597, -0.787755846977, -0.775226891041, -0.777799963951, -0.697920799255], "min": [-0.953068673611, -0.968276381493, -0.973623692989, -0.97540050745, -0.95978730917, -0.962539553642], "dvar2": [0.00509149674326, 0.00349233089946, 0.00198109913617, 0.00123359425925, 0.000599986466113, 0.000380830751965], "dvar": [0.00192507915199, 0.0012832370121, 0.000713729241397, 0.000440897769295, 0.000217333479668, 0.000149490821059], "dmean": [0.0558010451496, 0.0459168255329, 0.034835588187, 0.0272730831057, 0.018893532455, 0.0146991666406], "max": [-0.287050515413, -0.445165842772, -0.578334212303, -0.583995878696, -0.632605671883, -0.535076439381], "var": [0.00810938049108, 0.00570327509195, 0.00243594311178, 0.00205270876177, 0.0011690662941, 0.00284326612018], "mean": [-0.671253323555, -0.736758649349, -0.785109996796, -0.775227725506, -0.778641223907, -0.702802240849]}, "melbands_skewness": {"dmean2": 1.00395011902, "median": 2.28858661652, "min": -1.07641482353, "dvar2": 0.921557426453, "dvar": 0.411220788956, "dmean": 0.639591991901, "max": 26.8618965149, "var": 1.74230885506, "mean": 2.37880778313}, "spectral_spread": {"dmean2": 366884.4375, "median": 3718674.5, "min": 1758098, "dvar2": 271195537408, "dvar": 224354549760, "dmean": 243675.15625, "max": 42391988, "var": 1206809001980.0, "mean": 3748074.25}, "dissonance": {"dmean2": 0.01852311939, "median": 0.483810395002, "min": 0.326079547405, "dvar2": 0.000359384546755, "dvar": 0.00012985887588, "dmean": 0.0108845541254, "max": 0.500000178814, "var": 0.000314278993756, "mean": 0.478886812925}, "spectral_skewness": {"dmean2": 0.262253373861, "median": 1.12946772575, "min": -0.0885340049863, "dvar2": 0.0578879863024, "dvar": 0.020642220974, "dmean": 0.155867785215, "max": 3.19617438316, "var": 0.198627471924, "mean": 1.23322176933}, "spectral_flux": {"dmean2": 0.029873367399, "median": 0.0897001847625, "min": 1.02537971169e-10, "dvar2": 0.000818744010758, "dvar": 0.000288245588308, "dmean": 0.01751960814, "max": 0.237196564674, "var": 0.00142329721712, "mean": 0.0852876603603}, "spectral_contrast_valleys": {"dmean2": [0.638101756573, 0.549269199371, 0.439935535192, 0.338918328285, 0.243683770299, 0.203723937273], "median": [-6.6818819046, -6.56437635422, -7.1767115593, -6.99012231827, -6.60020256042, -9.91323280334], "min": [-27.7942886353, -27.3666801453, -27.1698570251, -27.508430481, -27.4490337372, -27.2902526855], "dvar2": [0.263006716967, 0.193846091628, 0.128342151642, 0.0864858403802, 0.0622421093285, 0.0601471960545], "dvar": [0.10822430253, 0.0849462673068, 0.0598042160273, 0.0466053746641, 0.0394836291671, 0.0398487076163], "dmean": [0.378417760134, 0.32580897212, 0.260768055916, 0.206164062023, 0.152207329869, 0.142486706376], "max": [-5.38463401794, -5.00017499924, -5.80849218369, -5.89980745316, -5.76408910751, -8.06636238098], "var": [2.54964661598, 1.42588567734, 0.935778915882, 1.06969761848, 1.47967660427, 1.48327839375], "mean": [-7.18140983582, -6.83081626892, -7.34685850143, -7.23728466034, -7.1031703949, -10.3698406219]}, "erbbands_flatness_db": {"dmean2": 0.0164478886873, "median": 0.148079112172, "min": 0.0287841558456, "dvar2": 0.000191988088773, "dvar": 8.65500624059e-05, "dmean": 0.0107246097177, "max": 0.402969419956, "var": 0.00170978496317, "mean": 0.15953117609}, "spectral_energyband_high": {"dmean2": 0.000516231695656, "median": 0.00102815323044, "min": 7.76513457433e-21, "dvar2": 8.28649604045e-07, "dvar": 3.31368738671e-07, "dmean": 0.000334189884597, "max": 0.0174941457808, "var": 1.7364593532e-06, "mean": 0.00127272238024}, "spectral_entropy": {"dmean2": 0.122771069407, "median": 7.80749511719, "min": 6.4397892952, "dvar2": 0.0131678227335, "dvar": 0.00605043349788, "dmean": 0.0793974623084, "max": 9.79972934723, "var": 0.0728550925851, "mean": 7.74476671219}, "silence_rate_20dB": {"dmean2": 0, "median": 1, "min": 1, "dvar2": 0, "dvar": 0, "dmean": 0, "max": 1, "var": 0, "mean": 1}, "melbands_flatness_db": {"dmean2": 0.0364497490227, "median": 0.169365718961, "min": 0.00420396355912, "dvar2": 0.00090023863595, "dvar": 0.000373319257051, "dmean": 0.0232550576329, "max": 0.410340309143, "var": 0.00199591252021, "mean": 0.174690231681}, "barkbands": {"dmean2": [0.000461398798507, 0.00831744633615, 0.00238596857525, 0.00535202305764, 0.00233165454119, 0.00116622017231, 0.000751194311306, 0.000509340083227, 0.00135712441988, 0.000447739032097, 0.000224077230087, 0.00029425197863, 0.000357992626959, 0.000834786565974, 0.000407986575738, 0.000844376627356, 0.000907253590412, 0.000398373231292, 0.000403794110753, 0.000243909249548, 0.000240906170802, 0.000276292470517, 9.27440050873e-05, 2.17141187022e-05, 1.53812961798e-05, 5.60350281376e-06, 2.07720617595e-07], "median": [0.000170712955878, 0.00487276911736, 0.00105