{"tonal": {"thpcp": [1, 0.630214869976, 0.22406861186, 0.17975230515, 0.168551534414, 0.405784070492, 0.523569107056, 0.281789749861, 0.168753787875, 0.199519053102, 0.145006150007, 0.185536548495, 0.254168599844, 0.226429104805, 0.472296357155, 0.672464370728, 0.373707443476, 0.115086778998, 0.0870886594057, 0.104980796576, 0.385044723749, 0.632447302341, 0.412568986416, 0.220891371369, 0.202087059617, 0.155221939087, 0.288139462471, 0.392493695021, 0.248004496098, 0.335618674755, 0.532133162022, 0.333941370249, 0.139404982328, 0.134522482753, 0.163340508938, 0.581241905689], "hpcp": {"dmean2": [0.264806210995, 0.199497267604, 0.122687101364, 0.0978961735964, 0.110047012568, 0.196087405086, 0.270201712847, 0.215910762548, 0.16722843051, 0.156528994441, 0.149840161204, 0.171967923641, 0.199498027563, 0.162523731589, 0.179988965392, 0.219814658165, 0.177259489894, 0.13674390316, 0.13323622942, 0.163447514176, 0.260401308537, 0.30289542675, 0.259232789278, 0.200514301658, 0.164913162589, 0.122342720628, 0.183220207691, 0.214396029711, 0.164274573326, 0.117694824934, 0.120246373117, 0.110904842615, 0.132358074188, 0.158251658082, 0.169812530279, 0.238078892231], "median": [0.072196803987, 0.0382815375924, 0.00579593982548, 0.00368347065523, 0.00578260142356, 0.06057959795, 0.112853273749, 0.0773053020239, 0.00789916142821, 0.00399551540613, 0.00679252995178, 0.0280340388417, 0.0378402508795, 0.0266787484288, 0.0411472246051, 0.0513893701136, 0.0311185978353, 0.00741815147921, 0.00487494375557, 0.00789158977568, 0.116799838841, 0.230464190245, 0.132178604603, 0.0155867217109, 0.00590692926198, 0.00709403213114, 0.0231984890997, 0.0384548604488, 0.0237144622952, 0.00941944308579, 0.00648744963109, 0.00720769818872, 0.0130075281486, 0.0152401290834, 0.0182689502835, 0.0514254420996], "min": [3.21560328302e-05, 5.26152325619e-05, 1.8265838662e-05, 6.42516170046e-06, 3.6877763705e-06, 4.62827229057e-05, 0.000109392560262, 0.000164266835782, 1.17150930237e-05, 1.27475618683e-06, 1.91877597899e-06, 1.75391469384e-05, 6.02320960752e-06, 2.90248535748e-05, 2.87667189696e-05, 1.50459345605e-05, 1.99084770429e-05, 3.23403332914e-06, 1.91544904737e-06, 8.70629992278e-06, 4.51894266007e-05, 0.000185799028259, 8.62629240146e-05, 1.13384403448e-05, 1.70470968897e-06, 6.80862831359e-06, 1.04669206848e-05, 1.39508865686e-05, 3.05423491227e-05, 3.45966327586e-06, 3.02755938719e-06, 4.28494513471e-06, 9.15414329938e-06, 9.30081932893e-06, 9.77271974989e-06, 4.28037856182e-05], "dvar2": [0.130618005991, 0.0966272726655, 0.0807650908828, 0.0635194554925, 0.0648577287793, 0.0820576623082, 0.110198318958, 0.0858127698302, 0.0869509130716, 0.0899446830153, 0.0862430557609, 0.0824692547321, 0.0961925908923, 0.0736607536674, 0.0802725180984, 0.103606380522, 0.0874793455005, 0.0847698971629, 0.087000861764, 0.105914369226, 0.110545344651, 0.128016531467, 0.0984224528074, 0.111283689737, 0.100759498775, 0.0678405091166, 0.0897673070431, 0.107586793602, 0.0802224203944, 0.0599608942866, 0.0737551376224, 0.0682489201427, 0.0735187157989, 0.087639503181, 0.094077154994, 0.118202917278], "dvar": [0.0589684545994, 0.0378411449492, 0.0287382863462, 0.0223002284765, 0.0225327797234, 0.0314308851957, 0.0472598150373, 0.0331676863134, 0.0319437123835, 0.0328258611262, 0.0307470113039, 0.0320571884513, 0.0403968505561, 0.027181012556, 0.0308411885053, 0.0454749949276, 0.0323526188731, 0.0311003513634, 0.0319546125829, 0.0386199429631, 0.0426064617932, 0.0587790049613, 0.0397091507912, 0.0405075997114, 0.0362391732633, 0.025308219716, 0.037480648607, 0.0494609884918, 0.0309991575778, 0.0222348887473, 0.0283487476408, 0.0244998410344, 0.0268037319183, 0.0332659035921, 0.0345252789557, 0.0475382506847], "dmean": [0.155563548207, 0.116785854101, 0.0659228339791, 0.0523779056966, 0.0589262060821, 0.11408444494, 0.159895092249, 0.126544088125, 0.0924541130662, 0.0857224017382, 0.0809707790613, 0.0988483130932, 0.114043071866, 0.0919665694237, 0.103818260133, 0.129589542747, 0.101513683796, 0.0741481110454, 0.0726945325732, 0.0892893373966, 0.151735022664, 0.179147079587, 0.153377860785, 0.11010967195, 0.0900527238846, 0.0690328404307, 0.108696974814, 0.127323925495, 0.095623396337, 0.0662535652518, 0.0684120208025, 0.0611139982939, 0.0749404430389, 0.0894619226456, 0.0949606001377, 0.140052199364], "max": [1, 1, 1, 1, 1, 1, 1, 1, 1, 1, 1, 1, 1, 1, 1, 1, 1, 1, 1, 1, 1, 1, 1, 1, 1, 1, 1, 1, 1, 1, 1, 1, 1, 1, 1, 1], "var": [0.123773626983, 0.0489215292037, 0.0185140799731, 0.0136030120775, 0.014448591508, 0.0423740521073, 0.0926738008857, 0.0417946092784, 0.0403600782156, 0.0394500233233, 0.0234448090196, 0.038985490799, 0.068087734282, 0.0291682910174, 0.0391833074391, 0.0959504842758, 0.0440300703049, 0.0230214390904, 0.0231662001461, 0.0283782016486, 0.06485825032, 0.147204190493, 0.0720563530922, 0.0320751927793, 0.027828283608, 0.0256961621344, 0.0716870427132, 0.103282600641, 0.0374471135437, 0.0227690562606, 0.0355240404606, 0.0218130927533, 0.0251512955874, 0.0415867306292, 0.03261904791, 0.0676365718246], "mean": [0.266229450703, 0.147951230407, 0.0455629937351, 0.0344785042107, 0.0415620245039, 0.152439668775, 0.250386655331, 0.16333656013, 0.0874511599541, 0.0800065100193, 0.0614525526762, 0.114074759185, 0.155388727784, 0.0981852784753, 0.132871836424, 0.210672155023, 0.132207795978, 0.0551906004548, 0.0532576143742, 0.0646667033434, 0.230114370584, 0.395901203156, 0.249502822757, 0.0887090340257, 0.0711641535163, 0.0667297542095, 0.160650402308, 0.207281634212, 0.11156090349, 0.0668098255992, 0.0789898335934, 0.0574081093073, 0.0734541416168, 0.100625649095, 0.0896435528994, 0.186982691288]}, "tuning_equal_tempered_deviation": 0.0121305286884, "chords_changes_rate": 0.0620172657073, "key_key": "A", "tuning_diatonic_strength": 0.593315958977, "key_scale": "major", "chords_number_rate": 0.00227169459686, "tuning_frequency": 438.984558105, "tuning_nontempered_energy_ratio": 0.626305341721, "chords_histogram": [28.6687870026, 2.99863696098, 13.2212629318, 0, 0.386188089848, 0, 0, 0.0908677875996, 0, 0, 0, 0, 0, 0, 0, 0.954111754894, 2.58973193169, 3.02135396004, 0.340754210949, 12.9032258987, 8.83689212799, 12.0854158401, 8.83689212799, 5.06587934494], "key_strength": 0.818479657173, "chords_key": "A", "chords_strength": {"dmean2": 0.00846470613033, "median": 0.461341947317, "min": 0.258835792542, "dvar2": 5.96721401962e-05, "dvar": 5.74752193643e-05, "dmean": 0.00923814624548, "max": 0.689229905605, "var": 0.006407096982, "mean": 0.464277237654}, "chords_scale": "major", "hpcp_entropy": {"dmean2": 0.915754914284, "median": 1.72925579548, "min": 0.0412498041987, "dvar2": 0.647338151932, "dvar": 0.24095569551, "dmean": 0.539623618126, "max": 4.01914596558, "var": 0.400969356298, "mean": 1.70958411694}}, "metadata": {"audio_properties": {"equal_loudness": 0, "codec": "flac", "downmix": "mix", "sample_rate": 44100, "analysis_sample_rate": 44100, "bit_rate": 0, "md5_encoded": "f7a4723bf696f2d41edfd9b8d4533caa", "length": 204.36000061, "replay_gain": -14.0491847992, "lossless": true}, "version": {"essentia_build_sha": "70f2e5ece6736b2c40cc944ad0e695b16b925413", "essentia": "2.1-beta2", "extractor": "music 1.0", "essentia_git_sha": "v2.1_beta2"}, "tags": {"title": ["Light of the Universe"], "barcode": ["094636098920"], "media": ["CD"], "albumartist": ["Jazzanova"], "tracktotal": ["14"], "language": ["eng"], "releasetype": ["album", "dj-mix"], "musicbrainz_recordingid": ["1e0ccb7a-3a6b-411f-a63b-7a9295e61a5d"], "musicbrainz_releasegroupid": ["f2ba900f-07da-344d-8076-f4f6fba5d4af"], "musicbrainz_albumartistid": ["b5a6ea29-3065-4869-ac66-a44002e55d4d"], "djmixer": ["Jazzanova"], "acoustid_fingerprint": ["AQADtMqUKNk0RcEfzLTx4D-aFyUzfMzxHxN1nPmMU3rgHcm0fcj-4j8qwk7YHO41UE90hB90iUIuhZtwGzeF08YlvBWaZx5y8hP0RMh-9OFxZSl-7MRjXDkqyUeqPFkwpcJzBXxGNC-PyiSU58FTh8jRB82kTsYfXOLhS8mKF39O-OLwG996vAmHH78j_Eh4Bbn6Cce1x_COS8qMJzuOZn2ESDdOXKvgKofUiIglXlib6bjDDKNdfEeTq2AeJatwJLWO8NhvNHWOf0J7oemLWEeTfEj2RMGP-eiZDnkU_EFfhD58PNjc40oGK0R0qFSyI99RSbrw4-LR5OSQ5dDSawLzL2iyFdMcK4HOo0l59CGJM0qOJw-hr3iQUjmeRcSfBPWiF00cJcdn5Ip0WH-CPJ_xFDdyIo_wKDvSM4eaCU8-NA_aKAuHkziPPrnQMHoE_ccNPVPgJM0RPUyLH9mX49aRX0H1gInkCLeUYR-a50K_FM-RlL-Qm5NwB-Zx-DpeJriD6LugfTlyHid4Hj6R_cUPUYhV-MJzfKjTB7me4z8ez_CjHLmS48GPvkYvNPkTRFok69Bz5J3RG80f-OGFfFThOyL0RVFQfUaYC2-IlqOM5nnw4-GHH1fwdEPzI9QTqNFk5CWaP-iRP8d5_DB3HDnCUNuISY6MSw-kD78U4ckTVGYGfWTR5B_44-ShfkeYM0Wf4OKFP4HviDiF_IE6UVNgRcOhG5eydPhufEctDVN23dAjIs-RTw-ayWiX5cilY881uMqRH_sR8kGYhVFwqM1x5ejCT4GeHc15PB70Gm9h8kVOWnCeB9fhR85xbVtw3vCMK1EiXITNR_hxaZyJB-vDJLiWjBqaEknER8gl4tmHHz19NOSy46iofEHDPToe4YW3SDneYFx6vDnuKCLRZ8dzXBKNKVxGPPyQH8l_fFrEwoyy48foo_kyHXWK63ieo2Q23Hrx5GAaZTlKRVWFa5zhowe_GXkEXQ-OC03-4MOzB_fhB_-xH3jkwSODIz9-eMd344Z1_KmKFtewH-_yo1J2-HiQzBdy4YnwY847vBODJzyaXuhvJOfxXExwJckz_DgHkRxyKUyIHw5F5NqDWqYMPw10Er8QHo-OU8zxHhOHLjm-I7SNZAmVGz9upWg4Hj2oM_iNPg7RuAS9I-9xHto1Yju-FPmRRqk2WFMeaH8U5DiaPQ5asqj5ovmIvIUY5wmuHM0PRY2E8kXTRTluGn9xopEy9tCWE7FjE3eOC94SHY-E6qoRJvEy6DRyBs10_LiUo5-Qr7iMOZeOShKNRj6OfBMjPK3wo_QRZtniBHtO-B9U4sth8olxMkHzo0eYUHKLPkrwxDqO6_jq4EmkavCP5Dly_MaVPMMlDf6DfIdKZSnyvTiykIfdBVIs7cgX4tfwH80uPNILK4p-5EeyRH-OM0d_NG2OKwqNp8ITZUP65Ui-D8d1PMso3DWY6D0q48pSHWeKkkn2oTs5_EOi_8ilDM-Dm1vR_Dgm6sjDSVmgWhvy44x-PDp-4sGJMGM1QlHPBbn24fmGI-WkVHh2QUouPqh1IWa0Cs149MzRRw9yaL_xR8gVPDuO8UOj0UQyp0FsGmfConmK1kFTBX14_BtqP2h27MjFQ_oW_IiEJ9NxOM6F7quQX8UDLTvCJU4a4yeKpg8-HY2apRFOKT2aa0N-iOqQOyt2C8dzo2RoNPE17FfwTTyubEhJHTrZIxaD7VJ6PIp449NEoXmUo-SLC_-RL4euGWFOYZKkKDmufbgUPULcPIKOXHDma3jZ4Du2vMO1SEe4MykafkT17JCE70irxQr6LA7-4mKOT8vxSRzhiXqG_NCPfAHvD09c3Eh_JI-OW0rw44nWICQf6EqKMB-ecLhR-2i-5MiT5dCk5ci_oD92imh-lBLDUbjW5ngcJUivI_mNUjBHNB2PS8lnHM597Awj8CKDUtrgLIlOwUnqI1HY5UF-Emce_FGOPD2UZwhzVPEZXH2ES5yR50fyJcRJ4x2mPNnQ73gG_pj4HE1G5IuON-hS7WhyPIT-B3kUR8WjYEqmoCuPlw24_3C0DR9O5Si7YHOO_IXWbEGMqy6CJkW30fh2FOKLsLHw6Md99MvRHN-PI62yWFAeUSp-XPiXFzKRP2g03gjlJTy-6FD4I2_wPfDwkcHTZCiaIkyUH1UuvIEORfxxhM-RLzmqwyeUPfjxMClORIsz_Aj_4-JxHju0M4LHRBxq9MPdo1_R6EOffMhv3MkUNCNFITyS-_h04mtxXcnRs2jOHD8etP_wC-YSVuhDFnmge0LVJKIQRsqP68YfoZmWI3wOXUUuMR9OlMwTNDyO3Jkgpsm05Pi0Y_bx7Thx6Qn66AgTqcfjKBxOYXo-bM9xpqgWV3iWPIj9IMmO-yijHk30BI-wuwjvQV-Ou5AHx0HJY494PNnRbDj20PDR97iCE79CiHqo4ODpoknVI88HR2dBmoiP69CXWYiO42JIdDfeB3eWFe4p_PiRd2i6RQrE-cF1BWGG4xRCdhHRRNEN2ccpHnmqCn8imMeZD6-NMM_RasSPu2gSXwn8o_zRkB80WhmRH_N4ol1iNJup4Edo2VCUkUe-0Gh-_IUroblyfEfsKtDyC6F-4cfDYxcR83iawhKj4zr2E8_x5WijDM2sINcuTE_MBE154yfGPYuwKSSFXMEPjeSDfvh2Bs8DjRQ2J8IP8UdPD7n24CKD72iXBU30C8ih70WO7wmeJYUrHjmz5lA_hIqi45GC4kfzo89hvsJ1IXYuEf4hH_kjTE9IAAPAI8QZAQRzAgACDROEEAGAEkwwxYgGAgCjAEBMCaKMEAwQYAxSjEhAIAAGACKUEQAMIggRhFBiNFICEa2ZQAoRJAQzAgDgAEOKCKaEIAQI5xwAIiCkmBUACAEQMBIQwYhgwjJjnHAACGSYst4IABShDDlADECKQgCANoACJQAAABCDgADUEmIEMIA4BZgRAhAABEFIMAGAQ0A4YQxBwgKEDFEWGACQUQgpAhRjwnhOhRBMEE4AYsIRJD5CwAhFhABECAAAAEQwJIhBEBQgCAJAESUIEYoI5IRFABlkgEDCKMGMMAALQIgRCARogCEAKENEEEIwAoSgQhACkADKAkGYIooQQiATADECEFBAAgY9EMBwBhAjiBhEBEHUkQktEMYQQgRxigDAMLPOASsIEkAIpQggADmiQEACAQ-0IwBIA6BBDBFCgAHKCcOMoEhwA4yBwDBEjFEAAKAAEQoBCIxByinHAFHQAEmOQkggABQxgiDBBRCGOYQIQUQBIxAxxAEBjAIWEAEJMAQAJgQARggmAGBAGKGII4AIBAAgQBAhhCIIGOoEIAQIg4hhDBiAgGcAAWMEIAITQgQjykyCgGAGOCsFkIIAQoRRSDgClCACIQOMMgYYgwABQAABABECGOKAAgYoQQggWgAioAEMMQCMFcQAIhAQwiFEADBEAWQAUgIppigARBhmjCBGGSAAIIYAIIQhBgkCCCACEWGQYQAIRoABzBlInGAECGEBUoIB5QQBhFCjjDAIKKUEQIYwZxCgRDIIgCBMAEQAAkA5SoQhoAgkiAIGIEMVswAAgIShRgAAEARIMGOMIMAABARARFFgmEESAQAEM1JQIQQohhggCALWEQKEAVQAQJhAiEJjBENKOaaAY8wiDQTSABAHmDLCMCQYA0QBIIg1SBCDPEUIEEmcR4ABQqgCCBGgGBEAKyIBIUIRKAgRCjFkFBUADOEIMQYAQQwwwBICBDAQICEQAEIJwxkgiSgmiAPKOGAEFAgRQaQhAA"], "discnumber": ["2"], "album": ["Blue Note Trip, Volume 5: Scrambled / Mashed"], "catalognumber": ["0946 3 60989 2 0"], "releasecountry": ["XE"], "file_name": "02.13. Sun - Light of the Universe.flac", "compilation": ["0"], "originaldate": ["2006-06"], "albumartistsort": ["Jazzanova"], "date": ["2006-06"], "genre": ["Funk, Rhythm And Blues, Disco"], "disctotal": ["2"], "discsubtitle": ["Mashed"], "musicbrainz_artistid": ["2b248194-bd5e-4e57-be62-d9f482571809"], "asin": ["B000FTJ2LE"], "musicbrainz_albumid": ["91419071-2c1b-4867-a5d6-4e073903f114"], "artist": ["Sun"], "tracknumber": ["13"], "artistsort": ["Sun"], "bpm": ["101"], "label": ["Blue Note"], "releasestatus": ["official"], "totaldiscs": ["2"], "script": ["Latn"], "totaltracks": ["14"]}}, "rhythm": {"bpm_histogram_first_peak_bpm": {"dmean2": 0, "median": 101, "min": 101, "dvar2": 0, "dvar": 0, "dmean": 0, "max": 101, "var": 0, "mean": 101}, "bpm": 100.889663696, "bpm_histogram_second_peak_spread": {"dmean2": 0, "median": 0.285714268684, "min": 0.285714268684, "dvar2": 0, "dvar": 0, "dmean": 0, "max": 0.285714268684, "var": 0, "mean": 0.285714268684}, "bpm_histogram_first_peak_weight": {"dmean2": 0, "median": 0.495626837015, "min": 0.495626837015, "dvar2": 0, "dvar": 0, "dmean": 0, "max": 0.495626837015, "var": 0, "mean": 0.495626837015}, "onset_rate": 4.37416124344, "beats_position": [0.615328788757, 1.24226760864, 1.8575963974, 2.48453521729, 3.12308382988, 3.78485250473, 4.41179132462, 5.05034017563, 5.67727899551, 6.29260778427, 6.91954612732, 7.52326536179, 8.12698364258, 8.71909236908, 9.31120204926, 9.89170074463, 10.4954195023, 11.0875282288, 11.6796369553, 12.2833557129, 12.8754644394, 13.4675731659, 14.0712919235, 14.6750106812, 15.2555103302, 15.8360090256, 16.4397277832, 17.031835556, 17.6355552673, 18.2276649475, 18.8197727203, 19.4118824005, 20.0156002045, 20.6193199158, 21.2114276886, 21.8035373688, 22.3840351105, 22.9761447906, 23.5682544708, 24.1719722748, 24.7756919861, 25.3561897278, 25.9599094391, 26.5520172119, 27.1441268921, 27.7362346649, 28.3399543762, 28.932062149, 29.5357818604, 30.1278915405, 30.7316093445, 31.3237190247, 31.9158267975, 32.5079345703, 33.0884361267, 33.6689338684, 34.2726516724, 34.8647613525, 35.4568710327, 36.0489807129, 36.6526985168, 37.244808197, 37.848526001, 38.4406356812, 39.0327415466, 39.6248512268, 40.2285690308, 40.8206787109, 41.4127883911, 42.0048980713, 42.6086158752, 43.2123336792, 43.8160552979, 44.4081611633, 45.0002708435, 45.5923805237, 46.1728782654, 46.7649879456, 47.3687057495, 47.9492073059, 48.5297050476, 49.1218147278, 49.7139205933, 50.2944221497, 50.8981399536, 51.4902496338, 52.0823554993, 52.6744651794, 53.2665748596, 53.8819046021, 54.4740142822, 55.0661201477, 55.6582298279, 56.2619476318, 56.8424491882, 57.4345550537, 58.0266647339, 58.6071662903, 59.1992721558, 59.7913818359, 60.3950996399, 60.9988212585, 61.5793190002, 62.1830368042, 62.7867546082, 63.3904762268, 63.9941940308, 64.5979156494, 65.2016296387, 65.7821273804, 66.3742370605, 66.9663467407, 67.5584564209, 68.1389541626, 68.7310638428, 69.3347854614, 69.9384994507, 70.5306091309, 71.122718811, 71.7148284912, 72.3069381714, 72.91065979, 73.5027618408, 74.094871521, 74.6753692627, 75.2674789429, 75.859588623, 76.4516983032, 77.0438079834, 77.6359176636, 78.2280273438, 78.831741333, 79.4354629517, 80.0391845703, 80.619682312, 81.2001800537, 81.8039016724, 82.4076156616, 82.9997253418, 83.6034469604, 84.2187728882, 84.7992706299, 85.4029922485, 85.9951019287, 86.5872116089, 87.1793212891, 87.7714233398, 88.36353302, 88.9556427002, 89.5477523804, 90.151473999, 90.7435836792, 91.3472976685, 91.9394073486, 92.5315170288, 93.123626709, 93.7157363892, 94.3078460693, 94.8999557495, 95.4804534912, 96.0841674805, 96.6878890991, 97.2799987793, 97.8721084595, 98.4642181396, 99.0563278198, 99.6600418091, 100.240539551, 100.844261169, 101.43637085, 102.02848053, 102.62059021, 103.21269989, 103.816413879, 104.420135498, 105.012245178, 105.604354858, 106.208068848, 106.800178528, 107.392288208, 107.996009827, 108.588119507, 109.180221558, 109.772331238, 110.364440918, 110.956550598, 111.548660278, 112.140769958, 112.732879639, 113.336593628, 113.940315247, 114.532424927, 115.124534607, 115.716644287, 116.308753967, 116.900856018, 117.504577637, 118.096687317, 118.688796997, 119.280906677, 119.873016357, 120.465126038, 121.057228088, 121.660949707, 122.253059387, 122.856781006, 123.460494995, 124.064216614, 124.667930603, 125.248435974, 125.828933716, 126.409431458, 127.013153076, 127.605255127, 128.197372437, 128.777862549, 129.35836792, 129.962081909, 130.554199219, 131.157913208, 131.750015259, 132.342132568, 132.934234619, 133.526351929, 134.118453979, 134.710571289, 135.30267334, 135.894775391, 136.4868927, 137.090606689, 137.682723999, 138.27482605, 138.855331421, 139.45904541, 140.062759399, 140.666488647, 141.24697876, 141.839096069, 142.43119812, 143.034912109, 143.650253296, 144.265579224, 144.869293213, 145.449798584, 146.030288696, 146.622406006, 147.214508057, 147.795013428, 148.37550354, 148.979232788, 149.582946777, 150.175048828, 150.755554199, 151.34765625, 151.951385498, 152.543487549, 153.135604858, 153.727706909, 154.31980896, 154.91192627, 155.50402832, 156.107757568, 156.711471558, 157.315185547, 157.895690918, 158.487792969, 159.079910278, 159.672012329, 160.264129639, 160.856231689, 161.459945679, 162.052062988, 162.655776978, 163.259490967, 163.863220215, 164.466934204, 165.070648193, 165.662765503, 166.254867554, 166.835372925, 167.427474976, 168.019592285, 168.611694336, 169.203811646, 169.795913696, 170.376419067, 170.968521118, 171.560638428, 172.152740479, 172.73324585, 173.336959839, 173.940673828, 174.544403076, 175.148117065, 175.751831055, 176.343948364, 176.936050415, 177.516555786, 178.120269775, 178.723983765, 179.327713013, 179.908203125, 180.500320435, 181.092422485, 181.672927856, 182.265029907, 182.857131958, 183.460861206, 184.076187134, 184.679901123, 185.283630371, 185.88734436, 186.479446411, 187.083175659, 187.67527771, 188.278991699, 188.871109009, 189.46321106, 190.055328369, 190.64743042, 191.227935791, 191.83164978, 192.43536377, 193.050704956, 193.631195068, 194.211700439, 194.80380249, 195.3959198, 195.988021851, 196.58013916, 197.183853149, 197.787567139, 198.391296387, 199.006622314, 199.494232178, 199.947021484, 200.411422729, 200.875823975, 201.328613281, 201.781402588, 202.245803833, 202.710205078, 203.186203003, 203.662216187], "beats_loudness": {"dmean2": 0.0447208844125, "median": 0.0509797781706, "min": 0.0012721021194, "dvar2": 0.00120254396461, "dvar": 0.000401671539294, "dmean": 0.0280173551291, "max": 0.133186891675, "var": 0.000727732665837, "mean": 0.0530542433262}, "danceability": 1.20118629932, "bpm_histogram_second_peak_weight": {"dmean2": 0, "median": 0.0145772593096, "min": 0.0145772593096, "dvar2": 0, "dvar": 0, "dmean": 0, "max": 0.0145772593096, "var": 0, "mean": 0.0145772593096}, "beats_count": 344, "bpm_histogram_second_peak_bpm": {"dmean2": 0, "median": 96, "min": 96, "dvar2": 0, "dvar": 0, "dmean": 0, "max": 96, "var": 0, "mean": 96}, "bpm_histogram_first_peak_spread": {"dmean2": 0, "median": 0.476923048496, "min": 0.476923048496, "dvar2": 0, "dvar": 0, "dmean": 0, "max": 0.476923048496, "var": 0, "mean": 0.476923048496}, "beats_loudness_band_ratio": {"dmean2": [0.389578580856, 0.138687446713, 0.236850053072, 0.16013944149, 0.0536820553243, 0.0485723726451], "median": [0.62452352047, 0.0673792213202, 0.138193204999, 0.0603363737464, 0.0162179991603, 0.0141656808555], "min": [0.00185218115803, 0.00521041313186, 0.00779511034489, 0.00141573802102, 0.000130855420139, 0.000168999977177], "dvar2": [0.106210187078, 0.0268689710647, 0.0524172857404, 0.0343500226736, 0.00804673787206, 0.00156640016939], "dvar": [0.0375708341599, 0.0101634673774, 0.0201310049742, 0.0124378344044, 0.00283145066351, 0.000513931561727], "dmean": [0.229921549559, 0.0792232528329, 0.136436611414, 0.0917641445994, 0.0295609310269, 0.025145592168], "max": [0.980661213398, 0.772977232933, 0.810240805149, 0.807523071766, 0.514740049839, 0.169849127531], "var": [0.0610088631511, 0.0119306361303, 0.0266183950007, 0.0178979281336, 0.00189069332555, 0.000477044959553], "mean": [0.566234827042, 0.100842572749, 0.186273306608, 0.110466323793, 0.028335031122, 0.0211380366236]}}, "lowlevel": {"barkbands_spread": {"dmean2": 5.83664083481, "median": 11.2768440247, "min": 0.60720717907, "dvar2": 58.9428100586, "dvar": 27.0192165375, "dmean": 3.84243941307, "max": 91.5705947876, "var": 92.6927337646, "mean": 13.5370149612}, "melbands_spread": {"dmean2": 7.31227111816, "median": 13.0958089828, "min": 0.580069899559, "dvar2": 120.174087524, "dvar": 66.1760253906, "dmean": 4.78964185715, "max": 226.184387207, "var": 245.550033569, "mean": 16.0925617218}, "hfc": {"dmean2": 8.68256092072, "median": 12.52231884, "min": 2.10444741242e-05, "dvar2": 149.473892212, "dvar": 66.3737792969, "dmean": 6.07060527802, "max": 115.432792664, "var": 305.921112061, "mean": 18.3487262726}, "barkbands_kurtosis": {"dmean2": 5.06326055527, "median": 2.66594934464, "min": -1.87076604366, "dvar2": 85.8076171875, "dvar": 33.1660461426, "dmean": 3.16136908531, "max": 142.200759888, "var": 51.233505249, "mean": 4.82329320908}, "gfcc": {"mean": [-37.2142791748, 125.879798889, -124.809768677, 14.4304933548, -65.8850021362, 5.35509538651, -25.7699508667, 5.84049844742, -12.2342433929, 3.04366564751, -5.93897914886, -2.38261985779, -9.20886802673], "icov": [[0.000452992651844, 0.000130805157823, 0.000378036434995, -0.000533982878551, -5.77669270569e-05, -0.000628308451269, 0.000153012268129, -0.000613363401499, 0.000357469747541, -0.000339854886988, 0.000281981454464, -0.00020010911976, 0.00066348828841], [0.000130805157823, 0.00361177837476, -0.00068697729148, 0.00107915699482, -0.00274522043765, 0.00213413243182, -0.00316876941361, 0.00261039705947, -0.00286650517955, 0.00312179117464, -0.00289957271889, 0.00302752363496, -0.00143849756569], [0.000378036434995, -0.00068697729148, 0.00183498871047, -0.00119211757556, 0.000413823290728, -0.00129585689865, 0.00045834685443, -0.00199261540547, 0.00117377017159, -0.00224358495325, 0.00231071538292, -0.00176566292066, 0.000991193461232], [-0.000533982878551, 0.00107915699482, -0.00119211757556, 0.0035973538179, -0.000955705239903, 0.000224116549361, -0.00107015657704, 0.00213197199628, -0.00257909088396, 0.00313006318174, -0.00195458903909, 0.00111065164674, -0.000870965013746], [-5.77669270569e-05, -0.00274522043765, 0.000413823290728, -0.000955705239903, 0.00455329939723, -0.00194168987218, 0.000934214273002, -0.00132522231434, 0.00134099053685, -0.00263540772721, 0.00376810878515, -0.00266511365771, 0.000492502818815], [-0.000628308451269, 0.00213413243182, -0.00129585689865, 0.000224116549361, -0.00194168987218, 0.00709918234497, -0.00271155266091, 1.28990113808e-05, 0.000226817748626, 0.00061412731884, -0.00405180733651, 0.00382924964651, -0.00179470109288], [0.000153012268129, -0.00316876941361, 0.00045834685443, -0.00107015657704, 0.000934214273002, -0.00271155266091, 0.00920237414539, -0.00349412648939, 0.00196780473925, -0.000378982716938, -0.000644478364848, -0.00244278274477, 0.00211947900243], [-0.000613363401499, 0.00261039705947, -0.00199261540547, 0.00213197199628, -0.00132522231434, 1.28990113808e-05, -0.00349412648939, 0.0122074363753, -0.00521061662585, 0.00241607800126, -0.000328586815158, 0.000825978000648, -0.00237700692378], [0.000357469747541, -0.00286650517955, 0.00117377017159, -0.00257909088396, 0.00134099053685, 0.000226817748626, 0.00196780473925, -0.00521061662585, 0.0118498709053, -0.00515743670985, 0.000472785090096, 0.000874880701303, -0.000622186344117], [-0.000339854886988, 0.00312179117464, -0.00224358495325, 0.00313006318174, -0.00263540772721, 0.00061412731884, -0.000378982716938, 0.00241607800126, -0.00515743670985, 0.0156385693699, -0.00771569740027, 0.00237350701354, 0.000849528005347], [0.000281981454464, -0.00289957271889, 0.00231071538292, -0.00195458903909, 0.00376810878515, -0.00405180733651, -0.000644478364848, -0.000328586815158, 0.000472785090096, -0.00771569740027, 0.0141056552529, -0.00653863279149, 0.0012617148459], [-0.00020010911976, 0.00302752363496, -0.00176566292066, 0.00111065164674, -0.00266511365771, 0.00382924964651, -0.00244278274477, 0.000825978000648, 0.000874880701303, 0.00237350701354, -0.00653863279149, 0.0206468366086, -0.00961714237928], [0.00066348828841, -0.00143849756569, 0.000991193461232, -0.000870965013746, 0.000492502818815, -0.00179470109288, 0.00211947900243, -0.00237700692378, -0.000622186344117, 0.000849528005347, 0.0012617148459, -0.00961714237928, 0.0169188361615]], "cov": [[6175.20507812, -2027.49743652, 160.359329224, 794.909606934, -253.784622192, 999.739624023, -147.684814453, 371.577178955, -239.702484131, 214.348617554, 28.3334903717, -41.7041282654, -244.278823853], [-2027.49743652, 1990.15246582, -239.835403442, -160.377319336, 581.435546875, -423.629486084, 359.730804443, -202.964874268, 257.06338501, -168.10256958, 74.5943984985, -35.0836982727, 111.460395813], [160.359329224, -239.835403442, 1293.06616211, 250.691345215, 144.623062134, 276.252441406, 46.8804550171, 215.799041748, -26.5585136414, 102.627563477, -99.9927749634, 51.4331932068, -9.42642402649], [794.909606934, -160.377319336, 250.691345215, 556.004089355, 61.2639732361, 195.753601074, 53.071598053, 53.5174789429, 33.4845237732, -4.89740657806, 28.6019439697, 1.70599377155, -10.7071151733], [-253.784622192, 581.435546875, 144.623062134, 61.2639732361, 551.812194824, 7.5841755867, 131.402496338, 8.3846912384, 59.131652832, -23.8098754883, -43.4730110168, 9.37148475647, 35.4663581848], [999.739624023, -423.629486084, 276.252441406, 195.753601074, 7.5841755867, 438.025390625, 46.5249061584, 123.316932678, -46.1949806213, 86.9627532959, 55.1177597046, -1.49371826649, -34.6153793335], [-147.684814453, 359.730804443, 46.8804550171, 53.071598053, 131.402496338, 46.5249061584, 240.911209106, 22.339723587, 44.014591217, -14.1754045486, 59.4052658081, 7.31020689011, 12.4873256683], [371.577178955, -202.964874268, 215.799041748, 53.5174789429, 8.3846912384, 123.316932678, 22.339723587, 175.263473511, 14.6617107391, 34.6966400146, -13.8094577789, 14.1887435913, 0.838026821613], [-239.702484131, 257.06338501, -26.5585136414, 33.4845237732, 59.131652832, -46.1949806213, 44.014591217, 14.6617107391, 164.597579956, 16.3133029938, 36.4008636475, -10.913064003, 20.7768058777], [214.348617554, -168.10256958, 102.627563477, -4.89740657806, -23.8098754883, 86.9627532959, -14.1754045486, 34.6966400146, 16.3133029938, 136.852905273, 53.4436378479, 4.69265699387, -19.9845962524], [28.3334903717, 74.5943984985, -99.9927749634, 28.6019439697, -43.4730110168, 55.1177597046, 59.4052658081, -13.8094577789, 36.4008636475, 53.4436378479, 173.39831543, 22.2586116791, 8.66825199127], [-41.7041282654, -35.0836982727, 51.4331932068, 1.70599377155, 9.37148475647, -1.49371826649, 7.31020689011, 14.1887435913, -10.913064003, 4.69265699387, 22.2586116791, 86.3368225098, 43.1529464722], [-244.278823853, 111.460395813, -9.42642402649, -10.7071151733, 35.4663581848, -34.6153793335, 12.4873256683, 0.838026821613, 20.7768058777, -19.9845962524, 8.66825199127, 43.1529464722, 97.662689209]]}, "spectral_energyband_middle_low": {"dmean2": 0.00743160955608, "median": 0.010009993799, "min": 1.00308641393e-08, "dvar2": 0.000137855793582, "dvar": 5.91351672483e-05, "dmean": 0.00502425339073, "max": 0.0974088385701, "var": 0.000121883844258, "mean": 0.0128680095077}, "melbands_crest": {"dmean2": 5.20748901367, "median": 13.367682457, "min": 4.26775121689, "dvar2": 24.6772060394, "dvar": 10.4090585709, "dmean": 3.25324940681, "max": 31.0087337494, "var": 26.7209415436, "mean": 14.4047832489}, "spectral_kurtosis": {"dmean2": 6.89746952057, "median": 5.77451610565, "min": -1.27869975567, "dvar2": 93.7816314697, "dvar": 38.7879562378, "dmean": 4.28164196014, "max": 105.797592163, "var": 105.99924469, "mean": 9.27062225342}, "spectral_rms": {"dmean2": 0.00139713287354, "median": 0.00489437021315, "min": 4.18732679464e-06, "dvar2": 3.02557623399e-06, "dvar": 1.55002146585e-06, "dmean": 0.000999328563921, "max": 0.0128318453208, "var": 5.32657668373e-06, "mean": 0.00502995913848}, "zerocrossingrate": {"dmean2": 0.00847360212356, "median": 0.037109375, "min": 0.00048828125, "dvar2": 0.000112876667117, "dvar": 0.000114401002065, "dmean": 0.00734979240224, "max": 0.3251953125, "var": 0.000900330021977, "mean": 0.0428028479218}, "silence_rate_60dB": {"dmean2": 0.0552209988236, "median": 0, "min": 0, "dvar2": 0.0587637126446, "dvar": 0.0268458165228, "dmean": 0.0276073627174, "max": 1, "var": 0.0489101149142, "mean": 0.0515733286738}, "erbbands_kurtosis": {"dmean2": 2.30504417419, "median": 1.15644073486, "min": -1.86321759224, "dvar2": 10.0103187561, "dvar": 4.76534461975, "dmean": 1.50946545601, "max": 58.0516738892, "var": 14.6312837601, "mean": 2.20509147644}, "erbbands": {"dmean2": [0.201876327395, 1.97899341583, 5.4725279808, 8.54133605957, 4.22922897339, 4.34159183502, 11.1916828156, 16.4022140503, 14.7986698151, 20.8914012909, 20.7773971558, 65.610710144, 43.0787506104, 41.4433670044, 37.5673484802, 21.2058582306, 58.1500473022, 60.2044715881, 18.9741764069, 11.0633392334, 9.57309341431, 8.51278305054, 8.48843383789, 5.80306768417, 6.22326374054, 4.84498691559, 2.75540924072, 2.56613850594, 2.64379572868, 2.75676870346, 2.12817597389, 1.39743995667, 0.802495777607, 0.387603133917, 0.27111941576, 0.100922353566, 0.0253255032003, 0.00418648961931, 0.000441785523435, 4.20686883444e-05], "median": [0.018370417878, 0.286832183599, 1.09872865677, 1.08697640896, 0.498895317316, 2.42118811607, 9.24168968201, 11.4722824097, 12.7591609955, 14.3074588776, 20.1898498535, 27.2326507568, 13.6676387787, 10.4543180466, 10.529750824, 5.54961156845, 10.845451355, 7.29905176163, 5.4662103653, 3.47416591644, 3.22091770172, 3.30704331398, 3.13050794601, 2.29441165924, 2.71773576736, 1.66646516323, 0.869535923004, 1.01124751568, 0.649910092354, 0.62160551548, 0.381954401731, 0.199265912175, 0.0780083537102, 0.0437071286142, 0.0162001866847, 0.00351687823422, 0.000508242112119, 5.87770409766e-05, 2.48636679316e-05, 3.39019497915e-05], "min": [8.76925820847e-09, 5.40099200919e-08, 2.11413905049e-07, 6.20097921455e-07, 1.55013833592e-06, 3.44794602825e-06, 6.9695925049e-06, 1.2929524928e-05, 2.20770816668e-05, 3.46248452843e-05, 4.95418535138e-05, 6.38513665763e-05, 7.26270081941e-05, 7.06942591933e-05, 5.64090951229e-05, 3.55677948392e-05, 2.0028452127e-05, 1.74641118065e-05, 2.14183546632e-05, 2.07816556212e-05, 1.93296145881e-05, 2.21534519369e-05, 1.81811283255e-05, 1.35400850922e-05, 1.34148258439e-05, 7.24692381482e-06, 3.00695319311e-06, 8.51529875945e-06, 3.4656011394e-06, 2.94391134048e-06, 2.13200360122e-06, 1.73246053237e-06, 1.16255557714e-06, 7.88209888469e-07, 4.77511491681e-07, 2.5418205496e-07, 1.16428701347e-07, 4.25025277195e-08, 9.60448964804e-09, 9.81481007578e-10], "dvar2": [0.236546695232, 18.2866001129, 162.375015259, 468.393035889, 196.093383789, 62.5327606201, 364.734436035, 1091.95483398, 1139.53039551, 2399.60693359, 2226.73608398, 26607.4375, 12932.8466797, 22107.0644531, 9625.82421875, 4996.28027344, 30879.7929688, 39551.7382812, 4616.85400391, 768.91015625, 866.618530273, 355.968322754, 350.445251465, 172.686676025, 137.616348267, 93.692565918, 41.0525436401, 35.9631004333, 49.3662872314, 62.5698013306, 58.9415779114, 35.6302604675, 4.75160884857, 0.854310870171, 0.843712210655, 0.101292841136, 0.0073814606294, 0.000239516593865, 2.90837283501e-06, 9.48668166245e-09], "dvar": [0.115151278675, 7.41072034836, 62.6374130249, 188.298156738, 84.3896789551, 24.142539978, 141.744903564, 463.376464844, 523.168762207, 1228.91125488, 1023.5526123, 10969.2128906, 5245.25683594, 8843.07128906, 3976.17211914, 2329.88037109, 12752.6699219, 14781.6132812, 1936.60168457, 330.472320557, 383.196929932, 167.367553711, 150.604202271, 72.7449264526, 56.9337387085, 38.0165634155, 17.8965129852, 15.7574081421, 20.9966773987, 26.4746437073, 27.1432247162, 15.2925901413, 2.22150301933, 0.427210390568, 0.389320522547, 0.0506117455661, 0.00366748217493, 0.000117912262795, 1.34596461976e-06, 4.3969530239e-09], "dmean": [0.136764109135, 1.2444845438, 3.32301163673, 5.2302274704, 2.6534178257, 2.65241122246, 7.04894685745, 10.8138418198, 10.0060882568, 15.22615242, 14.4306554794, 43.6204071045, 27.8398189545, 27.2595691681, 23.9576644897, 13.750453949, 37.435131073, 37.8225440979, 12.202173233, 7.13086795807, 6.38454627991, 5.51610994339, 5.4803481102, 3.76131486893, 4.01958084106, 3.13656330109, 1.79409849644, 1.67865419388, 1.71879506111, 1.80392765999, 1.39911615849, 0.931589484215, 0.529596805573, 0.253763854504, 0.175592914224, 0.0665090307593, 0.0165354367346, 0.00276376772672, 0.000291729404125, 2.88753799396e-05], "max": [3.99189519882, 31.5085277557, 103.495948792, 209.113128662, 119.78792572, 107.727035522, 304.590087891, 674.19708252, 657.43737793, 629.874023438, 1026.29833984, 2003.28051758, 1654.79541016, 2867.74633789, 2047.62512207, 2804.05908203, 2384.26025391, 2528.69921875, 2134.96484375, 551.891784668, 621.743103027, 373.874481201, 473.333709717, 224.594314575, 153.236618042, 131.716217041, 61.9181938171, 66.5133666992, 108.020385742, 145.172164917, 207.928497314, 164.965652466, 39.2143173218, 15.5686016083, 22.241268158, 6.16247463226, 1.42051637173, 0.239220917225, 0.0282970704138, 0.00172998034395], "var": [0.162864953279, 9.98099136353, 71.3366928101, 168.768630981, 78.7041091919, 35.4806060791, 244.753295898, 933.001159668, 1405.64208984, 4693.34765625, 3457.79321289, 23184.9023438, 11604.7011719, 18480.1972656, 7026.01953125, 4414.57080078, 24846.1015625, 38439.7617188, 4069.62768555, 643.841003418, 763.942932129, 352.18963623, 287.673675537, 212.849700928, 182.408996582, 128.11869812, 30.879026413, 23.0588855743, 27.9482383728, 37.2927207947, 53.6759910583, 29.1435432434, 5.66575288773, 1.38513314724, 0.936223328114, 0.147296324372, 0.00958982203156, 0.000256898027146, 2.29155307352e-06, 7.2102457338e-09], "mean": [0.18728338182, 1.89134585857, 4.76643514633, 5.61509752274, 2.62611317635, 4.34519195557, 13.9745140076, 21.5688018799, 24.3190383911, 41.1273765564, 38.9866523743, 86.0573425293, 49.4329490662, 47.4267883301, 37.162437439, 22.4462890625, 61.1983909607, 64.6747512817, 19.3925266266, 11.3944272995, 9.8819694519, 8.98634052277, 9.17704677582, 7.1613240242, 8.06060218811, 6.12477493286, 2.93899154663, 2.69465827942, 2.71176958084, 2.84116196632, 2.32956814766, 1.54476618767, 0.910152375698, 0.460885465145, 0.302490532398, 0.114536702633, 0.0277281161398, 0.00417715730146, 0.000394756061723, 5.58888787054e-05]}, "spectral_strongpeak": {"dmean2": 1.22279000282, "median": 0.673878312111, "min": 2.14542797039e-05, "dvar2": 4.10081768036, "dvar": 1.63264596462, "dmean": 0.721322476864, "max": 16.4353351593, "var": 3.02377486229, "mean": 1.37128412724}, "spectral_energy": {"dmean2": 0.0175848938525, "median": 0.0245537310839, "min": 1.79720505145e-08, "dvar2": 0.00064945401391, "dvar": 0.000298467144603, "dmean": 0.0120151517913, "max": 0.168772667646, "var": 0.00068335206015, "mean": 0.0313926562667}, "average_loudness": 0.875501871109, "spectral_rolloff": {"dmean2": 419.258453369, "median": 753.662109375, "min": 64.599609375, "dvar2": 734192.1875, "dvar": 354186.6875, "dmean": 248.993927002, "max": 9173.14453125, "var": 914365.625, "mean": 979.815185547}, "spectral_centroid": {"dmean2": 246.134506226, "median": 824.630310059, "min": 135.593261719, "dvar2": 100350.6875, "dvar": 48772.1875, "dmean": 164.353988647, "max": 5476.11523438, "var": 205557.046875, "mean": 929.416320801}, "pitch_salience": {"dmean2": 0.110133476555, "median": 0.49210691452, "min": 0.104535534978, "dvar2": 0.0110073229298, "dvar": 0.00465140724555, "dmean": 0.0698585957289, "max": 0.985211372375, "var": 0.0130423046649, "mean": 0.493577897549}, "spectral_energyband_middle_high": {"dmean2": 0.0040648044087, "median": 0.0023165915627, "min": 7.00863678205e-09, "dvar2": 6.04626438871e-05, "dvar": 2.50499633694e-05, "dmean": 0.00270033325069, "max": 0.0784437134862, "var": 9.69587272266e-05, "mean": 0.00625833496451}, "spectral_contrast_coeffs": {"dmean2": [0.0824740454555, 0.0634168088436, 0.0730203986168, 0.0663684606552, 0.0444033667445, 0.0299427993596], "median": [-0.617805242538, -0.686786949635, -0.665843546391, -0.724946260452, -0.75670337677, -0.75506401062], "min": [-0.999213397503, -0.997592926025, -0.968901455402, -0.975078642368, -0.966489493847, -0.960263371468], "dvar2": [0.00512255262583, 0.00314445723779, 0.0036730368156, 0.00300151808187, 0.00150182389189, 0.000850129115861], "dvar": [0.00201900233515, 0.00132350379135, 0.00170812488068, 0.00152285490185, 0.00078204338206, 0.00043159359484], "dmean": [0.0513857789338, 0.040050227195, 0.0479381866753, 0.0443633049726, 0.0301272161305, 0.0203061178327], "max": [-0.299993574619, -0.377762973309, -0.387884825468, -0.432111144066, -0.508920311928, -0.621785461903], "var": [0.00587807409465, 0.00525403534994, 0.00651317927986, 0.00744463363662, 0.00320899137296, 0.0019770488143], "mean": [-0.615281581879, -0.679593682289, -0.666442632675, -0.719405651093, -0.756144225597, -0.756113648415]}, "melbands_skewness": {"dmean2": 1.12974882126, "median": 1.64604330063, "min": -1.48958575726, "dvar2": 1.71243572235, "dvar": 0.829814791679, "dmean": 0.760671973228, "max": 13.9100322723, "var": 2.59785866737, "mean": 1.99043023586}, "spectral_spread": {"dmean2": 881406.625, "median": 3334841.75, "min": 853436.0625, "dvar2": 1498279182340.0, "dvar": 857365151744, "dmean": 641288.1875, "max": 27862264, "var": 3917910900740.0, "mean": 3847374.25}, "dissonance": {"dmean2": 0.0469536446035, "median": 0.43952730298, "min": 0, "dvar2": 0.0017910504248, "dvar": 0.000708689272869, "dmean": 0.028532858938, "max": 0.500000119209, "var": 0.0016779556172, "mean": 0.432668626308}, "spectral_skewness": {"dmean2": 0.629588663578, "median": 1.85543656349, "min": -0.463215112686, "dvar2": 0.502234578133, "dvar": 0.225481912494, "dmean": 0.413340121508, "max": 7.91719007492, "var": 0.924578666687, "mean": 2.09160637856}, "spectral_flux": {"dmean2": 0.0529403574765, "median": 0.0671141147614, "min": 0.00273546227254, "dvar2": 0.00346494838595, "dvar": 0.00157513190061, "dmean": 0.0336684174836, "max": 0.356593132019, "var": 0.00338144646958, "mean": 0.0806431993842}, "spectral_contrast_valleys": {"dmean2": [0.725402414799, 0.488445699215, 0.65041834116, 0.690320789814, 0.573549509048, 0.532021522522], "median": [-7.88287591934, -6.58105373383, -7.84381771088, -8.43882465363, -8.38623809814, -10.8634195328], "min": [-11.8224668503, -11.8371686935, -12.3032178879, -13.197936058, -13.6358194351, -15.1095981598], "dvar2": [0.401324361563, 0.203393399715, 0.337755709887, 0.44261392951, 0.384748518467, 0.523590147495], "dvar": [0.228819951415, 0.101488113403, 0.170884609222, 0.221001297235, 0.21565566957, 0.336302012205], "dmean": [0.516690313816, 0.315238565207, 0.434478014708, 0.467528134584, 0.426113545895, 0.434699207544], "max": [-5.38057518005, -4.71400022507, -5.34856081009, -5.92584896088, -5.89509773254, -7.88934230804], "var": [1.24162960052, 0.497209697962, 0.674841105938, 0.772431433201, 1.06224024296, 2.0066204071], "mean": [-7.91428899765, -6.65763759613, -7.84195804596, -8.47285747528, -8.5018453598, -11.0706157684]}, "erbbands_flatness_db": {"dmean2": 0.0349372513592, "median": 0.212745413184, "min": 0.0404553674161, "dvar2": 0.00130162516143, "dvar": 0.000771512568463, "dmean": 0.0268856119365, "max": 0.398908823729, "var": 0.00393817853183, "mean": 0.209552526474}, "spectral_energyband_high": {"dmean2": 0.000301313935779, "median": 0.000101320132671, "min": 6.55688114914e-10, "dvar2": 5.53951736038e-07, "dvar": 2.60432074128e-07, "dmean": 0.00020634107932, "max": 0.00935364235193, "var": 5.81480549044e-07, "mean": 0.000397408381104}, "spectral_entropy": {"dmean2": 0.337701678276, "median": 7.0369553566, "min": 5.00639438629, "dvar2": 0.133875235915, "dvar": 0.0720776990056, "dmean": 0.24542209506, "max": 8.76971626282, "var": 0.34495049715, "mean": 7.02173185349}, "silence_rate_20dB": {"dmean2": 0, "median": 1, "min": 1, "dvar2": 0, "dvar": 0, "dmean": 0, "max": 1, "var": 0, "mean": 1}, "melbands_flatness_db": {"dmean2": 0.0429265722632, "median": 0.246240988374, "min": 0.0574784465134, "dvar2": 0.0021541919559