{"tonal": {"thpcp": [1, 0.803641557693, 0.269873380661, 0.105212152004, 0.083199210465, 0.0833716988564, 0.0812472403049, 0.0935384258628, 0.124573022127, 0.145372420549, 0.144318461418, 0.142392784357, 0.147910952568, 0.178203329444, 0.308495819569, 0.617242753506, 0.702345252037, 0.39385676384, 0.160419747233, 0.107107184827, 0.104644089937, 0.146892592311, 0.161641091108, 0.128723248839, 0.150278195739, 0.168636843562, 0.15295805037, 0.153587818146, 0.139146000147, 0.133933335543, 0.144335046411, 0.144063800573, 0.131423473358, 0.120705060661, 0.143525496125, 0.483851194382], "hpcp": {"dmean2": [0.206668630242, 0.251454502344, 0.343927323818, 0.375557363033, 0.387946665287, 0.322322368622, 0.199195280671, 0.152372270823, 0.145546972752, 0.169234707952, 0.17675344646, 0.156952410936, 0.178616017103, 0.195293605328, 0.170606732368, 0.169432714581, 0.165891990066, 0.175432130694, 0.174452766776, 0.17279805243, 0.168216839433, 0.161998137832, 0.191002115607, 0.344897776842, 0.49973782897, 0.412557959557, 0.213076248765, 0.116354085505, 0.0983633697033, 0.0993684604764, 0.101612485945, 0.122912883759, 0.15862326324, 0.177621051669, 0.182695731521, 0.191321536899], "median": [0.0195223465562, 0.0221742726862, 0.0443287417293, 0.143784165382, 0.189409762621, 0.0915408357978, 0.0202237926424, 0.0126612819731, 0.0152993891388, 0.0290100928396, 0.033937305212, 0.0248282402754, 0.0187146719545, 0.0191417336464, 0.0242095068097, 0.0280378330499, 0.0266081560403, 0.0204247850925, 0.0197805892676, 0.0160818397999, 0.0151766603813, 0.0154569465667, 0.0176914669573, 0.164423421025, 0.48909342289, 0.412813127041, 0.0665516406298, 0.0148415584117, 0.0130701735616, 0.0141250779852, 0.0133979758248, 0.0139352679253, 0.0183687880635, 0.0214457642287, 0.0176986940205, 0.0166728217155], "min": [0, 0, 0, 0, 0, 0, 0, 0, 0, 0, 0, 0, 0, 0, 0, 0, 0, 0, 0, 0, 0, 0, 0, 0, 0, 0, 0, 0, 0, 0, 0, 0, 0, 0, 0, 0], "dvar2": [0.110455028713, 0.143936395645, 0.186891704798, 0.154451072216, 0.167389750481, 0.146431684494, 0.104731231928, 0.0822010710835, 0.0735977441072, 0.078740157187, 0.0896183624864, 0.0745511949062, 0.0955475494266, 0.106148660183, 0.0733612626791, 0.073484711349, 0.0724893510342, 0.0856002569199, 0.0887259915471, 0.0966731905937, 0.0949715226889, 0.0838134735823, 0.101911276579, 0.121745355427, 0.214466109872, 0.118428722024, 0.0710809677839, 0.0388269126415, 0.0281012076885, 0.0251100175083, 0.0410330109298, 0.0696536302567, 0.1025826931, 0.106762707233, 0.102701596916, 0.112511768937], "dvar": [0.0386777482927, 0.0505992025137, 0.0658989697695, 0.0683950707316, 0.0711907222867, 0.0548856966197, 0.0372293740511, 0.0288149155676, 0.0255832113326, 0.0277960859239, 0.0321656651795, 0.0264024399221, 0.0354479625821, 0.0399423874915, 0.0262894630432, 0.0265346001834, 0.0257256962359, 0.0310255754739, 0.0327252075076, 0.035712916404, 0.034391283989, 0.0297563932836, 0.0349705554545, 0.0444610789418, 0.0991363376379, 0.0530958473682, 0.0259508769959, 0.0131746148691, 0.00967770442367, 0.00867526326329, 0.014030944556, 0.0242800172418, 0.0358218289912, 0.0373002514243, 0.036540787667, 0.0395151376724], "dmean": [0.109838694334, 0.133722528815, 0.189128488302, 0.221478834748, 0.226497337222, 0.183848515153, 0.10871206224, 0.0810750648379, 0.0777781158686, 0.0921005755663, 0.0966020748019, 0.0851343646646, 0.0984527096152, 0.107774578035, 0.0948313251138, 0.093627423048, 0.0904787778854, 0.0943629071116, 0.0955446884036, 0.0948437824845, 0.0919727981091, 0.0877058655024, 0.102533988655, 0.192559346557, 0.281047344208, 0.239093005657, 0.121793933213, 0.0637950077653, 0.0532936230302, 0.0539698451757, 0.0546404607594, 0.0658134743571, 0.0856727212667, 0.0972347781062, 0.0989310666919, 0.102126836777], "max": [1, 1, 1, 1, 1, 1, 1, 1, 1, 1, 1, 1, 1, 1, 1, 1, 1, 1, 1, 1, 1, 1, 1, 1, 1, 1, 1, 1, 1, 1, 1, 1, 1, 1, 1, 1], "var": [0.0257188789546, 0.0353144854307, 0.0606702007353, 0.129632562399, 0.146071299911, 0.0682487860322, 0.0284325666726, 0.018638715148, 0.0161083005369, 0.0196100212634, 0.0235535465181, 0.0179076585919, 0.0292747803032, 0.0357794426382, 0.0213464573026, 0.0226534623653, 0.0185512937605, 0.0223178062588, 0.0259747505188, 0.0297729913145, 0.025494042784, 0.0205708686262, 0.0256372280419, 0.0597352795303, 0.157603859901, 0.102589957416, 0.0331712700427, 0.0127900894731, 0.0081733064726, 0.00737238582224, 0.00986046157777, 0.0161104742438, 0.0243827328086, 0.0264336690307, 0.0273555312306, 0.0276550836861], "mean": [0.0778575018048, 0.093802832067, 0.162386313081, 0.324904799461, 0.369701117277, 0.207318678498, 0.0844418928027, 0.0563791766763, 0.0550826489925, 0.0773214548826, 0.0850847810507, 0.0677574574947, 0.0791035741568, 0.0887672156096, 0.0805141925812, 0.0808456912637, 0.0732437968254, 0.0704999491572, 0.0759752094746, 0.0758324339986, 0.0691788047552, 0.063536837697, 0.0755490809679, 0.254690021276, 0.526380896568, 0.423021554947, 0.142056196928, 0.0553816668689, 0.0437944754958, 0.043885268271, 0.042766995728, 0.0492368414998, 0.0655728578568, 0.0765212625265, 0.0759664773941, 0.0749528408051]}, "tuning_equal_tempered_deviation": 0.195895403624, "chords_changes_rate": 0.0392857156694, "key_key": "A#", "tuning_diatonic_strength": 0.692236602306, "key_scale": "minor", "chords_number_rate": 0.000850340118632, "tuning_frequency": 434.193115234, "tuning_nontempered_energy_ratio": 0.866696894169, "chords_histogram": [47.2619056702, 2.75510215759, 8.1292514801, 0.0850340127945, 0, 0, 0.102040819824, 38.843536377, 0.79931974411, 1.27551019192, 0, 0.119047619402, 0, 0.0340136066079, 0, 0, 0, 0.3231292665, 0.255102038383, 0, 0.017006803304, 0, 0, 0], "key_strength": 0.742349982262, "chords_key": "A#", "chords_strength": {"dmean2": 0.00945596303791, "median": 0.629165291786, "min": -1, "dvar2": 0.000686776009388, "dvar": 0.000365780288121, "dmean": 0.00753864180297, "max": 0.838024497032, "var": 0.0161332841963, "mean": 0.611956655979}, "chords_scale": "minor", "hpcp_entropy": {"dmean2": 1.47255659103, "median": 2.21818256378, "min": 0, "dvar2": 1.27814674377, "dvar": 0.457849919796, "dmean": 0.862004995346, "max": 4.64693880081, "var": 0.81844997406, "mean": 2.22335600853}}, "metadata": {"audio_properties": {"equal_loudness": 0, "codec": "flac", "downmix": "mix", "analysis_sample_rate": 44100, "bit_rate": 0, "md5_encoded": "86a7ccc0bdaf0b7bf5215dfdc9834b72", "length": 273, "replay_gain": -10.7402687073, "lossless": true}, "version": {"essentia_build_sha": "85931cb11b241c07ac43bfc3827c398894034a25", "essentia": "2.1-beta1", "extractor": "music 1.0", "essentia_git_sha": "v2.1_beta1-6-g5578087"}, "tags": {"title": ["Razorhaus (Remix - The Syndicate / Frankfurt)"], "barcode": ["701301002020"], "media": ["CD"], "albumartist": ["Various Artists"], "tracktotal": ["15"], "albumartistsort": ["Various Artists"], "releasetype": ["album", "compilation"], "musicbrainz_recordingid": ["1e12011e-496d-4332-9300-4b0626467c4d"], "musicbrainz_albumartistid": ["89ad4ac3-39f7-470e-963a-56509c546377"], "musicbrainz_releasetrackid": ["1fdf2719-6e0b-3198-ab97-98a2693af442"], "album": ["Suck-Taste-Spit"], "catalognumber": ["DY 20-2 UX"], "releasecountry": ["US"], "originaldate": ["1996"], "artists": ["Think About Mutation"], "date": ["1996"], "file_name": "06 - Think About Mutation - Razorhaus (Remix - The Syndicate _ Frankfurt).flac", "musicbrainz_releasegroupid": ["0fd9a81e-5225-4493-824c-27c4b2d1a5a3"], "musicbrainz_artistid": ["b919f7e8-2dae-4c19-98c5-de7bc20c9e10"], "asin": ["B000008QY1"], "musicbrainz_albumid": ["a3ff8cd1-2a6f-4c18-879d-d32bf85b241b"], "artist": ["Think About Mutation"], "artistsort": ["Think About Mutation"], "tracknumber": ["6"], "label": ["Dynamica"], "totaltracks": ["15"], "acoustid_id": ["8081f5b8-a88d-4904-a646-fc02f3e6770c"], "script": ["Latn"], "releasestatus": ["official"]}}, "rhythm": {"bpm_histogram_first_peak_bpm": {"dmean2": 0, "median": 144, "min": 144, "dvar2": 0, "dvar": 0, "dmean": 0, "max": 144, "var": 0, "mean": 144}, "bpm": 142.982559204, "bpm_histogram_second_peak_spread": {"dmean2": 0, "median": 0.342105269432, "min": 0.342105269432, "dvar2": 0, "dvar": 0, "dmean": 0, "max": 0.342105269432, "var": 0, "mean": 0.342105269432}, "bpm_histogram_first_peak_weight": {"dmean2": 0, "median": 0.733552634716, "min": 0.733552634716, "dvar2": 0, "dvar": 0, "dmean": 0, "max": 0.733552634716, "var": 0, "mean": 0.733552634716}, "onset_rate": 6.57094144821, "beats_position": [0.812698423862, 1.64861679077, 2.48453521729, 3.30884337425, 4.14476203918, 4.96907043457, 5.79337835312, 6.62929677963, 7.46521520615, 8.3011341095, 9.13705158234, 9.98458003998, 10.8437185287, 11.7028570175, 12.5503854752, 13.4095239639, 14.268661499, 15.1161899567, 15.9637184143, 16.8112468719, 17.6471652985, 18.483083725, 19.3190021515, 20.154920578, 20.9908390045, 21.826757431, 22.6626758575, 23.5102043152, 24.3461227417, 25.1936511993, 26.0295696259, 26.865486145, 27.7014045715, 28.4212245941, 29.1526527405, 29.7795906067, 30.4181404114, 31.0450782776, 31.567527771, 32.0899772644, 32.6240348816, 33.0419960022, 33.4599533081, 33.8895225525, 34.3074836731, 34.725440979, 35.1434020996, 35.5613594055, 35.9909286499, 36.4088897705, 36.8268470764, 37.244808197, 37.6627655029, 38.0807266235, 38.4986839294, 38.91664505, 39.334602356, 39.7525634766, 40.1705207825, 40.6000900269, 41.0180473328, 41.4360084534, 41.8539657593, 42.2835350037, 42.7014961243, 43.1194534302, 43.5374145508, 43.9553718567, 44.3733329773, 44.7912902832, 45.2092514038, 45.6272087097, 46.0451698303, 46.4631271362, 46.8810882568, 47.2990455627, 47.7170066833, 48.1349639893, 48.5645332336, 48.994102478, 49.4120635986, 49.8300209045, 50.2479820251, 50.6659393311, 51.0839004517, 51.5018577576, 51.9198188782, 52.3377761841, 52.7557373047, 53.1736946106, 53.5916557312, 54.0096130371, 54.4275741577, 54.8455314636, 55.275100708, 55.7046699524, 56.122631073, 56.5405883789, 56.9585494995, 57.3765068054, 57.794467926, 58.2124252319, 58.6303825378, 59.0483436584, 59.4663009644, 59.884262085, 60.3022193909, 60.7201805115, 61.1381378174, 61.556098938, 61.9740562439, 62.3920173645, 62.8099746704, 63.2395439148, 63.6691131592, 64.0986862183, 64.5398635864, 64.9926528931, 65.4338302612, 65.8750076294, 66.316192627, 66.7573699951, 67.1985473633, 67.6397247314, 68.0576858521, 68.4756469727, 68.8936004639, 69.3115615845, 69.7295227051, 70.1474838257, 70.5770492554, 70.995010376, 71.4129714966, 71.8425369263, 72.2604980469, 72.6784591675, 73.0964126587, 73.5143737793, 73.9323348999, 74.3502960205, 74.7682495117, 75.1862106323, 75.6041717529, 76.0221328735, 76.4400863647, 76.8580474854, 77.276008606, 77.6939697266, 78.1119232178, 78.5414962769, 78.9710617065, 79.3890228271, 79.8069839478, 80.2249450684, 80.6428985596, 81.0608596802, 81.4788208008, 81.8967819214, 82.3147354126, 82.7326965332, 83.1506576538, 83.5686187744, 83.9865722656, 84.4045333862, 84.8224945068, 85.2520599365, 85.6700210571, 86.0995864868, 86.5175476074, 86.935508728, 87.3534698486, 87.7714233398, 88.1893844604, 88.6073455811, 89.0253067017, 89.4432601929, 89.8612213135, 90.2791824341, 90.6971435547, 91.1150970459, 91.5330581665, 91.9626312256, 92.3805847168, 92.8101577759, 93.2281188965, 93.6460723877, 94.0640335083, 94.4819946289, 94.9115600586, 95.3411331177, 95.7590942383, 96.1770477295, 96.5950088501, 97.0129699707, 97.4309310913, 97.8488845825, 98.2668457031, 98.6848068237, 99.1027679443, 99.5207214355, 99.9386825562, 100.356643677, 100.774604797, 101.192558289, 101.610519409, 102.02848053, 102.44644165, 102.864395142, 103.282356262, 103.700317383, 104.118278503, 104.536231995, 104.954193115, 105.372154236, 105.790107727, 106.208068848, 106.626029968, 107.043991089, 107.46194458, 107.891517639, 108.321083069, 108.739044189, 109.15700531, 109.574966431, 109.992919922, 110.410881042, 110.828842163, 111.246803284, 111.664756775, 112.082717896, 112.500679016, 112.918640137, 113.336593628, 113.754554749, 114.184127808, 114.613693237, 115.031654358, 115.449615479, 115.86756897, 116.28553009, 116.703491211, 117.121452332, 117.539405823, 117.957366943, 118.375328064, 118.793289185, 119.211242676, 119.629203796, 120.047164917, 120.476730347, 120.894691467, 121.324264526, 121.753829956, 122.160179138, 122.578140259, 122.99609375, 123.414054871, 123.820404053, 124.249977112, 124.667930603, 125.085891724, 125.503852844, 125.921813965, 126.362991333, 126.827392578, 127.291786194, 127.732971191, 128.185760498, 128.638549805, 129.068115234, 129.497680664, 129.915649414, 130.333602905, 130.751556396, 131.169525146, 131.587478638, 132.005432129, 132.423400879, 132.84135437, 133.25932312, 133.677276611, 134.095230103, 134.513198853, 134.942764282, 135.372329712, 135.790298462, 136.208251953, 136.626205444, 137.044174194, 137.462127686, 137.880081177, 138.298049927, 138.716003418, 139.133972168, 139.551925659, 139.96987915, 140.3878479, 140.805801392, 141.223754883, 141.641723633, 142.059677124, 142.489242554, 142.918823242, 143.336776733, 143.754730225, 144.172698975, 144.590652466, 145.008621216, 145.426574707, 145.844528198, 146.262496948, 146.680450439, 147.098403931, 147.516372681, 147.934326172, 148.352294922, 148.770248413, 149.188201904, 149.617782593, 150.047348022, 150.500137329, 150.952926636, 151.394104004, 151.846893311, 152.299682617, 152.740859985, 153.182037354, 153.599990845, 154.017959595, 154.435913086, 154.853881836, 155.271835327, 155.689788818, 156.107757568, 156.52571106, 156.943664551, 157.373245239, 157.802810669, 158.243988037, 158.685165405, 159.126342773, 159.567520142, 160.00869751, 160.449890137, 160.891067505, 161.332244873, 161.761810303, 162.191375732, 162.609344482, 163.027297974, 163.445251465, 163.874832153, 164.304397583, 164.722351074, 165.140319824, 165.558273315, 165.976226807, 166.394195557, 166.812149048, 167.230117798, 167.648071289, 168.06602478, 168.48399353, 168.901947021, 169.319900513, 169.737869263, 170.155822754, 170.573776245, 170.991744995, 171.409698486, 171.827667236, 172.257232666, 172.686798096, 173.104751587, 173.522720337, 173.940673828, 174.358642578, 174.776596069, 175.194549561, 175.612518311, 176.030471802, 176.448425293, 176.866394043, 177.284347534, 177.713912964, 178.143493652, 178.561447144, 178.979400635, 179.397369385, 179.815322876, 180.233291626, 180.651245117, 181.069198608, 181.487167358, 181.90512085, 182.323074341, 182.741043091, 183.158996582, 183.576965332, 183.994918823, 184.412872314, 184.830841064, 185.260406494, 185.689971924, 186.14276123, 186.595550537, 187.036727905, 187.477905273, 187.93069458, 188.383483887, 188.813064575, 189.242630005, 189.660583496, 190.078552246, 190.496505737, 190.914459229, 191.332427979, 191.75038147, 192.168334961, 192.586303711, 193.004257202, 193.422225952, 193.840179443, 194.258132935, 194.687713623, 195.117279053, 195.535232544, 195.953201294, 196.371154785, 196.789108276, 197.207077026, 197.625030518, 198.042984009, 198.460952759, 198.87890625, 199.296859741, 199.714828491, 200.132781982, 200.550750732, 200.968704224, 201.386657715, 201.816238403, 202.234191895, 202.663757324, 203.081726074, 203.499679565, 203.917633057, 204.335601807, 204.753555298, 205.171508789, 205.589477539, 206.00743103, 206.42539978, 206.843353271, 207.261306763, 207.679275513, 208.097229004, 208.526794434, 208.956375122, 209.374328613, 209.792282104, 210.210250854, 210.628204346, 211.046157837, 211.464126587, 211.882080078, 212.300048828, 212.718002319, 213.135955811, 213.553924561, 213.971878052, 214.389831543, 214.807800293, 215.237365723, 215.655319214, 216.084899902, 216.502853394, 216.920806885, 217.338775635, 217.756729126, 218.174682617, 218.592651367, 219.010604858, 219.428573608, 219.8465271, 220.264480591, 220.682449341, 221.100402832, 221.518356323, 221.936325073, 222.354278564, 222.772247314, 223.201812744, 223.631378174, 224.049331665, 224.467300415, 224.885253906, 225.303222656, 225.721176147, 226.139129639, 226.557098389, 226.97505188, 227.393005371, 227.810974121, 228.228927612, 228.646896362, 229.064849854, 229.482803345, 229.900772095, 230.318725586, 230.736679077, 231.154647827, 231.584213257, 232.013778687, 232.431747437, 232.849700928, 233.267654419, 233.685623169, 234.10357666, 234.521530151, 234.939498901, 235.357452393, 235.775421143, 236.193374634, 236.611328125, 237.029296875, 237.447250366, 237.865203857, 238.283172607, 238.712738037, 239.130691528, 239.560272217, 239.978225708, 240.396179199, 240.814147949, 241.23210144, 241.65007019, 242.068023682, 242.485977173, 242.903945923, 243.321899414, 243.751464844, 244.169433594, 244.587387085, 245.005340576, 245.434921265, 245.852874756, 246.270828247, 246.688796997, 247.106750488, 247.524719238, 247.942672729, 248.360626221, 248.778594971, 249.196548462, 249.614501953, 250.032470703, 250.450424194, 250.868392944, 251.286346436, 251.715911865, 252.145477295, 252.563446045, 252.981399536, 253.399353027, 253.817321777, 254.235275269, 254.653244019, 255.07119751, 255.489151001, 255.907119751, 256.325073242, 256.743041992, 257.160980225, 257.578948975, 257.996917725, 258.414855957, 258.832824707, 259.250793457, 259.680358887, 260.109924316, 260.527893066, 260.945831299, 261.363800049, 261.781768799, 262.199737549, 262.617675781, 263.035644531, 263.453613281, 263.871551514, 264.289520264, 264.707489014, 265.125427246, 265.554992676, 265.984588623, 266.402526855, 266.832092285, 267.261688232, 267.691253662, 268.132415771, 268.561981201, 268.979949951, 269.409515381, 269.839080811, 270.26864624, 270.709838867, 271.151000977, 271.603790283, 272.05657959], "beats_loudness": {"dmean2": 0.0418150573969, "median": 0.0590675584972, "min": 0, "dvar2": 0.00173571298365, "dvar": 0.00062497111503, "dmean": 0.0240376610309, "max": 0.195542469621, "var": 0.00152580987196, "mean": 0.0623841248453}, "danceability": 1.28719580173, "bpm_histogram_second_peak_weight": {"dmean2": 0, "median": 0.0411184206605, "min": 0.0411184206605, "dvar2": 0, "dvar": 0, "dmean": 0, "max": 0.0411184206605, "var": 0, "mean": 0.0411184206605}, "beats_count": 609, "bpm_histogram_second_peak_bpm": {"dmean2": 0, "median": 136, "min": 136, "dvar2": 0, "dvar": 0, "dmean": 0, "max": 136, "var": 0, "mean": 136}, "bpm_histogram_first_peak_spread": {"dmean2": 0, "median": 0.155303061008, "min": 0.155303061008, "dvar2": 0, "dvar": 0, "dmean": 0, "max": 0.155303061008, "var": 0, "mean": 0.155303061008}, "beats_loudness_band_ratio": {"dmean2": [0.253034770489, 0.140031784773, 0.211805745959, 0.0893154889345, 0.0631635338068, 0.0842483490705], "median": [0.575347602367, 0.0887495875359, 0.104967750609, 0.038584638387, 0.0348021648824, 0.0621920786798], "min": [0, 0, 0, 0, 0, 0], "dvar2": [0.0524194948375, 0.0245853420347, 0.0406961478293, 0.0117382509634, 0.00668949028477, 0.00971088465303], "dvar": [0.0190293882042, 0.00866881757975, 0.0153377242386, 0.00406361557543, 0.00223520072177, 0.00322447577491], "dmean": [0.148362532258, 0.08137832582, 0.119392283261, 0.0513667352498, 0.0359246209264, 0.0475883185863], "max": [0.984760701656, 0.977925539017, 0.867517471313, 0.494623601437, 0.454736828804, 0.486586302519], "var": [0.0705237984657, 0.0207982212305, 0.0209271032363, 0.00478625437245, 0.00276328786276, 0.00561488419771], "mean": [0.540772259235, 0.132597193122, 0.144622474909, 0.0631681829691, 0.0502727255225, 0.0841221734881]}}, "lowlevel": {"barkbands_spread": {"dmean2": 16.5232715607, "median": 26.6646575928, "min": 0.10022354871, "dvar2": 250.616851807, "dvar": 113.051528931, "dmean": 10.5921363831, "max": 106.792076111, "var": 327.243804932, "mean": 29.5272712708}, "melbands_spread": {"dmean2": 15.3697853088, "median": 19.059841156, "min": 0.346226364374, "dvar2": 275.506347656, "dvar": 123.304260254, "dmean": 10.0590133667, "max": 246.690246582, "var": 387.024230957, "mean": 23.5604667664}, "hfc": {"dmean2": 26.8548603058, "median": 31.8590087891, "min": 1.06915377191e-16, "dvar2": 786.96282959, "dvar": 345.52835083, "dmean": 18.0878162384, "max": 204.608825684, "var": 806.616027832, "mean": 36.2280082703}, "barkbands_kurtosis": {"dmean2": 10.4235067368, "median": 2.61917924881, "min": -1.86484313011, "dvar2": 477.691955566, "dvar": 221.297073364, "dmean": 6.73551702499, "max": 553.678894043, "var": 299.991851807, "mean": 7.48328876495}, "gfcc": {"mean": [27.8722705841, 67.4209594727, -91.4096984863, 39.0481987, -57.1964187622, 21.1429462433, -35.0221939087, 13.9639110565, -16.5326938629, 0.494445592165, -11.3616256714, 1.27445936203, -7.51587152481], "icov": [[0.00010274725355, -3.38329164151e-06, 9.56188887358e-05, -0.000151318177814, 0.000149139334098, -0.000249175180215, 0.000230065415963, -0.000409307162045, 0.000395122391637, -0.000309509399813, 0.000281613029074, -0.000337701058015, 0.000276199105429], [-3.38329164151e-06, 0.00144400633872, 0.00071366521297, -0.000350858608726, -0.000145185593283, 0.000232991718804, -0.000695099704899, 0.000577803875785, -0.00101975223515, 0.00194789329544, -0.00262592523359, 0.00221155327745, -0.000981322838925], [9.56188887358e-05, 0.00071366521297, 0.00206583878025, -0.000848178693559, -0.000533439335413, -0.000831962388474, 0.000141406111652, -0.000532294390723, -0.000792085600551, 0.000545723363757, -0.000992886489257, -0.000752136518713, 0.000492633611429], [-0.000151318177814, -0.000350858608726, -0.000848178693559, 0.0039202645421, -0.00056962412782, -0.000363738363376, 0.000425792852184, -8.19292399683e-05, 0.000343611231074, -0.00083679438103, -0.000764848664403, 0.00176001770888, -0.00316590606235], [0.000149139334098, -0.000145185593283, -0.000533439335413, -0.00056962412782, 0.00607552239671, -0.00128624495119, -0.00205472088419, -0.000115626266052, 0.00141751556657, -3.07378395519e-05, -0.00177780981176, 0.000454041437479, -0.00103587319609], [-0.000249175180215, 0.000232991718804, -0.000831962388474, -0.000363738363376, -0.00128624495119, 0.00754349771887, -0.00201831571758, -0.00202240538783, 0.00111338251736, -0.000259587395703, 0.0019412857946, -0.00268624932505, 0.00303640263155], [0.000230065415963, -0.000695099704899, 0.000141406111652, 0.000425792852184, -0.00205472088419, -0.00201831571758, 0.00957472529262, -0.00183744088281, 0.000507417309564, -0.00229374296032, 0.000933786679525, 0.00133708363865, -8.77652710187e-05], [-0.000409307162045, 0.000577803875785, -0.000532294390723, -8.19292399683e-05, -0.000115626266052, -0.00202240538783, -0.00183744088281, 0.0134288370609, -0.0084766568616, 0.00157322257292, 0.00147513311822, -0.000711891974788, -0.00117815844715], [0.000395122391637, -0.00101975223515, -0.000792085600551, 0.000343611231074, 0.00141751556657, 0.00111338251736, 0.000507417309564, -0.0084766568616, 0.0200841166079, -0.0092718238011, -0.000217184002395, 0.00440100952983, -0.00168478267733], [-0.000309509399813, 0.00194789329544, 0.000545723363757, -0.00083679438103, -3.07378395519e-05, -0.000259587395703, -0.00229374296032, 0.00157322257292, -0.0092718238011, 0.0212864298373, -0.0110162543133, 0.00171869352926, 0.000309562165057], [0.000281613029074, -0.00262592523359, -0.000992886489257, -0.000764848664403, -0.00177780981176, 0.0019412857946, 0.000933786679525, 0.00147513311822, -0.000217184002395, -0.0110162543133, 0.0289920065552, -0.0177311804146, 0.00503525231034], [-0.000337701058015, 0.00221155327745, -0.000752136518713, 0.00176001770888, 0.000454041437479, -0.00268624932505, 0.00133708363865, -0.000711891974788, 0.00440100952983, 0.00171869352926, -0.0177311804146, 0.0347476378083, -0.0172797311097], [0.000276199105429, -0.000981322838925, 0.000492633611429, -0.00316590606235, -0.00103587319609, 0.00303640263155, -8.77652710187e-05, -0.00117815844715, -0.00168478267733, 0.000309562165057, 0.00503525231034, -0.0172797311097, 0.0282959919423]], "cov": [[19745.1152344, -1887.59277344, 404.545043945, 581.162475586, -371.442718506, 1043.14990234, -330.656097412, 695.891540527, -187.268478394, 192.257614136, -202.282028198, 255.680175781, -118.923019409], [-1887.59277344, 1555.60217285, -614.068359375, -42.2647705078, 10.5319299698, -274.980041504, 68.7045593262, -167.990341187, 18.1577033997, -95.6717987061, 51.5774421692, -115.307670593, 23.9818954468], [404.545043945, -614.068359375, 981.00579834, 210.560302734, 140.9453125, 227.921112061, 25.6679439545, 141.935134888, 51.2732810974, 81.8648452759, 52.6775283813, 97.7727203369, 20.416431427], [581.162475586, -42.2647705078, 210.560302734, 368.656860352, 66.0640640259, 72.5706787109, 3.42741799355, 48.8179473877, 14.7494382858, 38.8373146057, 32.0211753845, 33.4129066467, 42.2768936157], [-371.442718506, 10.5319299698, 140.9453125, 66.0640640259, 240.669784546, 60.5289535522, 69.2456283569, 11.9676027298, 0.202707931399, 16.2997245789, 34.4462089539, 20.2497901917, 18.0271854401], [1043.14990234, -274.980041504, 227.921112061, 72.5706787109, 60.5289535522, 274.601745605, 41.060344696, 97.7906951904, -1.83240926266, 28.7706794739, -11.2067890167, 35.077003479, -15.6283197403], [-330.656097412, 68.7045593262, 25.6679439545, 3.42741799355, 69.2456283569, 41.060344696, 148.912078857, 24.6826343536, 20.1005001068, 15.5057249069, 4.93405532837, -11.9363956451, -1.97481513023], [695.891540527, -167.990341187, 141.935134888, 48.8179473877, 11.9676027298, 97.7906951904, 24.6826343536, 159.943267822, 55.9121818542, 35.0467453003, -7.45127916336, 15.5871267319, 0.843037545681], [-187.268478394, 18.1577033997, 51.2732810974, 14.7494382858, 0.202707931399, -1.83240926266, 20.1005001068, 55.9121818542, 102.843055725, 45.9402809143, 14.7565402985, -8.29328536987, 3.74003481865], [192.257614136, -95.6717987061, 81.8648452759, 38.8373146057, 16.2997245789, 28.7706794739, 15.5057249069, 35.0467453003, 45.9402809143, 95.98802948, 39.4057502747, 21.7826938629, 4.71736431122], [-202.282028198, 51.5774421692, 52.6775283813, 32.0211753845, 34.4462089539, -11.2067890167, 4.93405532837, -7.45127916336, 14.7565402985, 39.4057502747, 83.7299423218, 41.0837287903, 19.2342243195], [255.680175781, -115.307670593, 97.7727203369, 33.4129066467, 20.2497901917, 35.077003479, -11.9363956451, 15.5871267319, -8.29328536987, 21.7826938629, 41.0837287903, 80.0989379883, 34.0024757385], [-118.923019409, 23.9818954468, 20.416431427, 42.2768936157, 18.0271854401, -15.6283197403, -1.97481513023, 0.843037545681, 3.74003481865, 4.71736431122, 19.2342243195, 34.0024757385, 61.5868225098]]}, "spectral_energyband_middle_low": {"dmean2": 0.0126026524231, "median": 0.00946912635118, "min": 1.53474820242e-22, "dvar2": 0.00030042877188, "dvar": 0.000123382895254, "dmean": 0.00793496053666, "max": 0.101179510355, "var": 0.000165822522831, "mean": 0.0132479416206}, "melbands_crest": {"dmean2": 6.42528009415, "median": 16.2474136353, "min": 1.63462424278, "dvar2": 31.1618614197, "dvar": 13.615272522, "dmean": 4.23434686661, "max": 37.252986908, "var": 44.5596809387, "mean": 17.0872592926}, "spectral_kurtosis": {"dmean2": 2.01100087166, "median": 1.97643613815, "min": -1.26166749001, "dvar2": 11.0770339966, "dvar": 4.44952821732, "dmean": 1.26720142365, "max": 59.6751327515, "var": 12.5515146255, "mean": 2.70974326134}, "spectral_rms": {"dmean2": 0.00238135154359, "median": 0.00653552124277, "min": 3.1249473495e-12, "dvar2": 5.92812011746e-06, "dvar": 2.43435692937e-06, "dmean": 0.0015019653365, "max": 0.0165593121201, "var": 1.00465204014e-05, "mean": 0.00640725670382}, "zerocrossingrate": {"dmean2": 0.021807404235, "median": 0.06787109375, "min": 0.00390625, "dvar2": 0.000382937578252, "dvar": 0.00026850681752, "dmean": 0.01826781407, "max": 0.52294921875, "var": 0.00317264138721, "mean": 0.0777431055903}, "silence_rate_60dB": {"dmean2": 0.0486518666148, "median": 0, "min": 0, "dvar2": 0.0565033555031, "dvar": 0.0237316992134, "dmean": 0.0243238639086, "max": 1, "var": 0.0819551348686, "mean": 0.0900586768985}, "erbbands_kurtosis": {"dmean2": 2.03971743584, "median": -0.67045879364, "min": -1.86644601822, "dvar2": 43.5859146118, "dvar": 21.6487903595, "dmean": 1.27748680115, "max": 149.775924683, "var": 36.4398498535, "mean": 0.311110168695}, "erbbands": {"dmean2": [0.781256616116, 5.77366733551, 10.0651731491, 13.2488679886, 11.7357120514, 15.303437233, 11.6798944473, 23.3656787872, 19.1108531952, 29.841091156, 32.0919342041, 77.2783203125, 47.9430961609, 48.4644432068, 55.0098381042, 62.164730072, 50.8467330933, 24.7016830444, 27.2852973938, 24.5146446228, 27.6746749878, 23.8536262512, 26.8945503235, 16.0615081787, 17.0279865265, 16.729845047, 14.8277425766, 14.9993524551, 14.3596687317, 13.2631978989, 20.0644721985, 15.7505941391, 9.7915058136, 5.03303623199, 2.46292424202, 0.71958643198, 0.191021129489, 0.0440735071898, 0.00678405398503, 0.000343243329553], "median": [0.496715098619, 1.78727650642, 2.93785643578, 3.31837153435, 4.38769960403, 7.12466955185, 6.78651618958, 12.2245016098, 7.16804838181, 8.73846530914, 8.2934589386, 14.4020347595, 12.6397514343, 8.58124160767, 8.3363609314, 7.34790849686, 9.50324344635, 7.78695964813, 12.0122995377, 9.21908664703, 15.0597639084, 17.4052696228, 16.8930130005, 10.8989706039, 11.1177492142, 9.2434053421, 8.53163433075, 7.22429132462, 8.0523443222, 8.03676891327, 10.111828804, 9.88927173615, 5.84187984467, 3.2094783783, 1.29936242104, 0.354029417038, 0.0824301093817, 0.0112763550133, 0.00124179490376, 0.000157276372192], "min": [7.38296309592e-23, 5.38216899733e-22, 3.33426104578e-21, 3.39024901596e-21, 1.35513970529e-20, 2.85169352955e-20, 4.5006822812e-20, 5.92006314315e-20, 7.6934259316e-20, 1.41447238512e-19, 2.66182533518e-19, 4.05660177443e-19, 5.11268497597e-19, 7.8863606396e-19, 1.14489944506e-18, 1.1273837922e-18, 1.505889026e-18, 1.33788740281e-18, 2.54511914634e-18, 2.59594505228e-18, 3.9412302415e-18, 4.8179097555e-18, 4.47903040215e-18, 6.71179560263e-18, 7.7243796505e-18, 8.64137387961e-18, 8.99375199337e-18, 1.08987497713e-17, 1.01516973175e-17, 1.19933868272e-17, 1.14283629118e-17, 9.3511196606e-18, 9.66669485455e-18, 8.00946083118e-18, 5.97162032845e-18, 4.39105974401e-18, 2.37657427229e-18, 8.97720197047e-19, 2.59333633142e-19, 2.77778203376e-20], "dvar2": [1.45816671848, 110.151725769, 396.593353271, 735.876525879, 409.048187256, 425.691833496, 387.928771973, 1332.98022461, 1535.56213379, 3545.35180664, 3822.66870117, 32625.8066406, 8819.55859375, 10799.0947266, 12355.9931641, 17903.7636719, 7905.71533203, 2056.49121094, 2483.81738281, 2967.88842773, 1895.73583984, 1300.00756836, 2041.97375488, 624.871154785, 719.104675293, 812.708251953, 427.324584961, 483.48626709, 423.756866455, 336.454803467, 489.11831665, 312.242797852, 132.994476318, 34.7528533936, 8.64896869659, 0.821943998337, 0.0596553571522, 0.00399990705773, 0.000124437807244, 2.35935573301e-07], "dvar": [0.669046521187, 43.836856842, 138.235977173, 268.294830322, 165.795639038, 176.394897461, 164.859130859, 673.128845215, 736.52331543, 1748.74536133, 1562.09802246, 12715.2617188, 3168.15991211, 4926.33398438, 4407.76611328, 6510.33349609, 3227.3737793, 807.686584473, 1029.70898438, 1228.93688965, 800.201416016, 502.699707031, 877.004699707, 265.693939209, 287.197601318, 332.883178711, 186.613876343, 201.755523682, 169.291290283, 127.901016235, 208.126937866, 130.083343506, 56.0117301941, 14.599366188, 3.79224681854, 0.368993788958, 0.0287720542401, 0.00185542542022, 6.22630541329e-05, 1.26699873704e-07], "dmean": [0.508650839329, 3.56107544899, 5.7765417099, 7.70243453979, 7.13366317749, 9.52259349823, 7.30320596695, 15.6797237396, 12.2340431213, 19.132232666, 19.5140666962, 47.357093811, 28.1259670258, 29.6142883301, 30.9790439606, 34.7302246094, 30.4206542969, 15.1290979385, 16.8443279266, 15.219078064, 17.1660194397, 14.5810594559, 17.0405979156, 10.3394880295, 10.6537017822, 10.634062767, 9.36053752899, 9.44319534302, 8.94958209991, 8.3496761322, 12.5380325317, 10.1554822922, 6.50948476791, 3.32596492767, 1.6572817564, 0.474751144648, 0.128516614437, 0.0295134186745, 0.00456884875894, 0.00023348160903], "max": [9.02991008759, 61.795753479, 107.923736572, 137.976516724, 145.925949097, 262.766326904, 282.649230957, 869.878295898, 720.217834473, 992.127868652, 1008.5057373, 2769.14819336, 1154.1829834, 1948.3638916, 650.867431641, 704.800842285, 737.161621094, 555.407043457, 745.958068848, 1194.89819336, 773.033874512, 606.73034668, 625.236633301, 483.810791016, 301.022399902, 365.835144043, 346.77041626, 354.343078613, 288.323364258, 241.432785034, 220.898117065, 135.142822266, 102.771224976, 66.0448303223, 21.3066005707, 9.3529586792, 2.62553334236, 0.5857873559, 0.0915375351906, 0.0041503268294], "var": [1.63312697411, 52.3894691467, 113.132209778, 209.342926025, 169.104095459, 262.428741455, 224.460266113, 1264.94348145, 1043.79797363, 2664.25634766, 2041.73999023, 22057.5117188, 4243.61181641, 6225.51367188, 3117.75048828, 4471.20751953, 3882.56201172, 1486.57336426, 1230.76525879, 1381.2532959, 988.99420166, 662.428833008, 1224.57312012, 367.26763916, 372.422454834, 442.582244873, 325.886749268, 292.920288086, 299.965454102, 277.934356689, 383.530670166, 280.494049072, 132.241348267, 36.8419075012, 6.80270433426, 0.7062240839, 0.0527783557773, 0.00345795671456, 0.000111720939458, 2.43324109306e-07], "mean": [0.931421458721, 4.43051815033, 6.3816857338, 7.87531089783, 8.63776397705, 12.9730110168, 10.5874948502, 23.4533519745, 15.5692806244, 23.4639129639, 22.5958518982, 62.4923248291, 35.1436958313, 30.6368312836, 27.199798584, 28.147518158, 32.8867263794, 20.5629711151, 21.9618701935, 18.6422367096, 23.3672523499, 23.1794719696, 25.3597774506, 15.3619718552, 15.9453744888, 15.4462661743, 14.648273468, 13.1983757019, 13.635424614, 13.0535230637, 17.2474422455, 15.3507490158, 9.64460754395, 5.13368701935, 2.21050953865, 0.664697468281, 0.174834936857, 0.040896628052, 0.00618647690862, 0.000358292687451]}, "spectral_strongpeak": {"dmean2": 0.731361567974, "median": 0.367343455553, "min": 0, "dvar2": 1.68002486229, "dvar": 0.65851688385, "dmean": 0.425603747368, "max": 13.203212738, "var": 0.714588940144, "mean": 0.613460898399}, "spectral_energy": {"dmean2": 0.0377817973495, "median": 0.0437808670104, "min": 1.00094282492e-20, "dvar2": 0.00213429983705, "dvar": 0.000795573869254, "dmean": 0.0230580829084, "max": 0.281066119671, "var": 0.00189829187002, "mean": 0.0523769930005}, "average_loudness": 0.880721032619, "spectral_rolloff": {"dmean2": 1581.23291016, "median": 839.794921875, "min": 21.533203125, "dvar2": 4664295, "dvar": 2004166, "dmean": 960.872680664, "max": 19358.3496094, "var": 5627836.5, "mean": 1719.46496582}, "spectral_centroid": {"dmean2": 575.672973633, "median": 1429.61083984, "min": 221.85383606, "dvar2": 285468.5, "dvar": 127675.734375, "dmean": 370.87310791, "max": 11616.3955078, "var": 1019665.0625, "mean": 1545.45202637}, "pitch_salience": {"dmean2": 0.169645011425, "median": 0.542384982109, "min": 0.0564428605139, "dvar2": 0.0216507725418, "dvar": 0.0104753719643, "dmean": 0.112246245146, "max": 0.971200466156, "var": 0.0253485888243, "mean": 0.523056685925}, "spectral_energyband_middle_high": {"dmean2": 0.00590340560302, "median": 0.00312354648486, "min": 1.11803123017e-21, "dvar2": 8.02684226073e-05, "dvar": 3.20245526382e-05, "dmean": 0.00366140622646, "max": 0.0722549855709, "var": 3.95467832277e-05, "mean": 0.00517503824085}, "spectral_contrast_coeffs": {"dmean2": [0.0935641080141, 0.0962513908744, 0.085343785584, 0.0570779666305, 0.0392163693905, 0.0312177166343], "median": [-0.688798666, -0.760597229004, -0.7976115942, -0.813734054565, -0.808672308922, -0.784995555878], "min": [-0.979099035263, -0.975905179977, -0.981054484844, -0.970866501331, -0.966788291931, -0.96482783556], "dvar2": [0.00592842744663, 0.00584881519899, 0.00490459427238, 0.00231933174655, 0.00120003847405, 0.000840488355607], "dvar": [0.00231544440612, 0.00242821616121, 0.00193402648438, 0.000921034137718, 0.00048117589904, 0.000358479155693], "dmean": [0.0580386631191, 0.0605552531779, 0.0518795698881, 0.0349535942078, 0.0239316783845, 0.0195676032454], "max": [-0.346917957067, -0.382974922657, -0.418966799974, -0.533993244171, -0.576680660248, -0.543971717358], "var": [0.00614729290828, 0.00606565084308, 0.00490922387689, 0.00235764123499, 0.00135784677695, 0.00146017957013], "mean": [-0.684910178185, -0.751371562481, -0.787392735481, -0.807942390442, -0.809137284756, -0.782402873039]}, "melbands_skewness": {"dmean2": 2.08646249771, "median": 3.25657963753, "min": -3.81048035622, "dvar2": 4.74180078506, "dvar": 2.25849461555, "dmean": 1.41734850407, "max": 24.9526882172, "var": 7.14498996735, "mean": 3.94477891922}, "spectral_spread": {"dmean2": 1433726.125, "median": 6375439.5, "min": 1079162.5, "dvar2": 2245139890180.0, "dvar": 1038884274180.0, "dmean": 980035.75, "max": 43128980, "var": 12307862126600.0, "mean": 6530841.5}, "dissonance": {"dmean2": 0.02883958444, "median": 0.480000019073, "min": 0.189063042402, "dvar2": 0.000956819509156, "dvar": 0.000400578021072, "dmean": 0.0173845235258, "max": 0.500000178814, "var": 0.000732580258045, "mean": 0.472995281219}, "spectral_skewness": {"dmean2": 0.351397573948, "median": 1.25803124905, "min": -0.0842875987291, "dvar2": 0.129245057702, "dvar": 0.0543300136924, "dmean": 0.221145108342, "max": 6.13692140579, "var": 0.222653880715, "mean": 1.3009365797}, "spectral_flux": {"dmean2": 0.0727077275515, "median": 0.117147803307, "min": 6.49471310066e-11, "dvar2": 0.00486361747608, "dvar": 0.00196344032884, "dmean": 0.0435889028013, "max": 0.431535154581, "var": 0.00536905042827, "mean": 0.126612305641}, "spectral_contrast_valleys": {"dmean2": [0.65833324194, 0.856626331806, 0.894461810589, 0.705449163914, 0.587163627148, 0.698565721512], "median": [-6.35826683044, -6.49530124664, -6.97215843201, -7.327293396, -6.94244003296, -8.82277584076], "min": [-28.1163845062, -28.1448154449, -27.6575374603, -27.6129779816, -27.4987220764, -27.4031467438], "dvar2": [0.336475610733, 0.493006289005, 0.762846708298, 0.422008186579, 0.343865841627, 0.53757917881], "dvar": [0.150418773293, 0.215003326535, 0.30784240365, 0.193358018994, 0.153027385473, 0.229861393571], "dmean": [0.417865723372, 0.564132452011, 0.575179100037, 0.460605293512, 0.389183700085, 0.502831578255], "max": [-4.96605825424, -4.71946573257, -4.51954936981, -5.46086645126, -5.41344976425, -7.44135379791], "var": [4.2681312561, 3.73667502403, 3.72945332527, 3.52627110481, 3.72754907608, 4.26495981216], "mean": [-6.88075017929, -6.68608283997, -7.16708087921, -7.61856985092, -7.33601570129, -9.41557884216]}, "erbbands_flatness_db": {"dmean2": 0.0314287692308, "median": 0.0988607704639, "min": 0.0327375940979, "dvar2": 0.000990191940218, "dvar": 0.000481247523567, "dmean": 0.0204115174711, "max": 0.475130975246, "var": 0.00261521968059, "mean": 0.112910754979}, "spectral_energyband_high": {"dmean2": 0.00231066299602, "median": 0.00198484887369, "min": 7.00780064033e-21, "dvar2": 6.64468734612e-06, "dvar": 2.90486400445e-06, "dmean": 0.00154465378728, "max": 0.0246804896742, "var": 7.04357535142e-06, "mean": 0.00264104921371}, "spectral_entropy": {"dmean2": 0.333757638931, "median": 8.02858161926, "min": 4.32985019684, "dvar2": 0.111650831997, "dvar": 0.052839666605, "dmean": 0.223611056805, "max": 9.82017707825, "var": 0.222616925836, "mean": 7.95015716553}, "silence_rate_20dB": {"dmean2": 0, "median": 1, "min": 1, "dvar2": 0, "dvar": 0, "dmean": 0, "max": 1, "var": 0, "mean": 1}, "melbands_flatness_db": {"dmean2": 0.0602840781212, "median": 0.182944104075, "min": 0.00394968641922, "dvar2": 0.00282102986239, "dvar": 0.00144071271643, "dmean": 0.0416603758931, "max": 0.540443181992, "var": 0.00546495476738, "mean": 0.192993357778}, "barkbands": {"dmean2": [0.00210909615271, 0.0241011027247, 0.00705606397241, 0.00564170768484, 0.00343599682674, 0.00221127131954, 0.00180386856664, 0.00135914061684, 0.00315236276947, 0.00109199655708, 0.0014872730244, 0.00160104827955, 0.00106668553781, 0.00046251542517, 0.000591081508901, 0.000495767919347, 0.000440354109742, 0.000454769207863, 0.000339893507771, 0.000368659006199, 0.000356114993338, 0.000406226230552, 0.00062573159812, 0.000623777101282, 0.000378294003895, 0.000123627105495, 3.68932996