{"tonal": {"thpcp": [1, 0.608052432537, 0.218540713191, 0.169345140457, 0.175318062305, 0.353077173233, 0.533076345921, 0.404945552349, 0.352939814329, 0.458449631929, 0.318557858467, 0.199970319867, 0.222783729434, 0.200337260962, 0.3056191504, 0.451693832874, 0.356535285711, 0.237865880132, 0.239827618003, 0.224301487207, 0.39118206501, 0.678228616714, 0.536182522774, 0.334931373596, 0.362380594015, 0.239481046796, 0.216239675879, 0.306491971016, 0.231468737125, 0.167683884501, 0.181041538715, 0.145079702139, 0.19000646472, 0.282202988863, 0.256370097399, 0.62593203783], "hpcp": {"dmean2": [0.24637311697, 0.231706157327, 0.219323828816, 0.238824903965, 0.188128903508, 0.155304148793, 0.172344252467, 0.159825101495, 0.198836833239, 0.23062299192, 0.212839230895, 0.171937510371, 0.165030449629, 0.159604504704, 0.211480781436, 0.296398460865, 0.258919090033, 0.187107801437, 0.172673106194, 0.138187497854, 0.136944577098, 0.169578850269, 0.132432848215, 0.120206408203, 0.118331409991, 0.09606231004, 0.106287159026, 0.141933053732, 0.166501134634, 0.238487660885, 0.267022550106, 0.254233270884, 0.156644418836, 0.131141513586, 0.160522133112, 0.214812844992], "median": [0.176366508007, 0.143348962069, 0.131953582168, 0.163620382547, 0.110661864281, 0.0679865032434, 0.0735910087824, 0.0650123730302, 0.0992438793182, 0.142529010773, 0.106617927551, 0.06145978719, 0.0631733983755, 0.0658170506358, 0.162388205528, 0.303990274668, 0.225422561169, 0.115780368447, 0.0833313018084, 0.0591078996658, 0.0622535943985, 0.0899019241333, 0.0736410021782, 0.0507415607572, 0.0586946047843, 0.0493113994598, 0.0509960576892, 0.0566528178751, 0.0753782466054, 0.318541705608, 0.544894814491, 0.323326468468, 0.0681887567043, 0.0511452704668, 0.0487895160913, 0.105934396386], "min": [0, 0, 0, 0, 0, 0, 0, 0, 0, 0, 0, 0, 0, 0, 0, 0, 0, 0, 0, 0, 0, 0, 0, 0, 0, 0, 0, 0, 0, 0, 0, 0, 0, 0, 0, 0], "dvar2": [0.0933759883046, 0.0905800238252, 0.0778169706464, 0.0883298069239, 0.0645274147391, 0.068060323596, 0.0756017193198, 0.0672545954585, 0.0801751166582, 0.0927786529064, 0.0819629505277, 0.0671726614237, 0.0681777000427, 0.0668776705861, 0.0674528628588, 0.0925191417336, 0.0797159075737, 0.0640665888786, 0.0673760548234, 0.0467149205506, 0.0444145016372, 0.0567511990666, 0.0367223769426, 0.0443010553718, 0.0349258519709, 0.0252531562001, 0.0311617739499, 0.0523460768163, 0.0550750307739, 0.0724445879459, 0.108641929924, 0.0797606036067, 0.0588844530284, 0.0527959726751, 0.0817012041807, 0.0999272465706], "dvar": [0.0362090244889, 0.0325121283531, 0.0285379420966, 0.0339505933225, 0.0237020738423, 0.0238208454102, 0.0265061967075, 0.0230792406946, 0.0276649184525, 0.0346684157848, 0.0292374771088, 0.023801073432, 0.0245220847428, 0.0239125136286, 0.0247361604124, 0.0359943211079, 0.0293557457626, 0.0232469290495, 0.0262546353042, 0.0168614629656, 0.016669511795, 0.0226278249174, 0.0141118522733, 0.0161567255855, 0.0134100541472, 0.00920960493386, 0.0115273753181, 0.0207166187465, 0.0198313463479, 0.0256526712328, 0.0440188646317, 0.0291874054819, 0.0216015353799, 0.0189221389592, 0.0280444528908, 0.0345440208912], "dmean": [0.14619666338, 0.135776817799, 0.128739520907, 0.140642508864, 0.110953480005, 0.0890595987439, 0.09883646667, 0.0912957936525, 0.11565464735, 0.137193292379, 0.123201295733, 0.0987899079919, 0.0954065620899, 0.0918171778321, 0.126630276442, 0.177979871631, 0.153288811445, 0.109859779477, 0.102711454034, 0.0805524140596, 0.0811593011022, 0.104140877724, 0.0798371136189, 0.069410584867, 0.0695264860988, 0.0563137829304, 0.0632647648454, 0.0842425599694, 0.0963254570961, 0.140793576837, 0.155602693558, 0.15056835115, 0.0901427492499, 0.0746602863073, 0.0892529338598, 0.125663936138], "max": [1, 1, 1, 1, 1, 1, 1, 1, 1, 1, 1, 1, 1, 1, 1, 1, 1, 1, 1, 1, 1, 1, 1, 1, 1, 1, 1, 1, 1, 1, 1, 1, 1, 1, 1, 1], "var": [0.0938341915607, 0.0560236312449, 0.0418895483017, 0.0705242827535, 0.0393880046904, 0.0228421892971, 0.0264080520719, 0.0225220546126, 0.0403014570475, 0.0805312618613, 0.0567106306553, 0.0348560847342, 0.0366801582277, 0.0301369782537, 0.0389190278947, 0.0900007486343, 0.0667470544577, 0.0432179197669, 0.0777330696583, 0.0348590761423, 0.0263558644801, 0.0472505874932, 0.0267510879785, 0.0181297082454, 0.0195176731795, 0.011146677658, 0.0227557197213, 0.0597423650324, 0.0328307561576, 0.0689884796739, 0.147657081485, 0.0585062727332, 0.0263029560447, 0.0193489510566, 0.0239575151354, 0.054790277034], "mean": [0.303443044424, 0.230507165194, 0.200903937221, 0.26096329093, 0.181332692504, 0.113829106092, 0.126815184951, 0.114037983119, 0.173967599869, 0.257117688656, 0.202950581908, 0.135400399566, 0.136517077684, 0.127679139376, 0.222672566772, 0.386068105698, 0.305211186409, 0.190652996302, 0.206277906895, 0.136319801211, 0.12309011817, 0.174464434385, 0.131758958101, 0.0954506993294, 0.103054277599, 0.0825837180018, 0.108157381415, 0.160638406873, 0.145933553576, 0.356299310923, 0.569230020046, 0.346121698618, 0.124399937689, 0.0963963344693, 0.0997963026166, 0.200982123613]}, "tuning_equal_tempered_deviation": 0.020809745416, "chords_changes_rate": 0.0391756407917, "key_key": "G", "tuning_diatonic_strength": 0.611340165138, "key_scale": "minor", "chords_number_rate": 0.00148533238098, "tuning_frequency": 440.763122559, "tuning_nontempered_energy_ratio": 0.643998205662, "chords_histogram": [48.6632003784, 0, 0.0371333099902, 0, 7.76086139679, 4.08466386795, 0, 2.11659860611, 0.0371333099902, 11.0285930634, 2.04233193398, 0.482733011246, 0, 0, 0, 0, 0.371333092451, 0.241366505623, 0, 0, 0, 0.0742666199803, 21.203119278, 1.85666537285], "key_strength": 0.822345972061, "chords_key": "G", "chords_strength": {"dmean2": 0.00706626474857, "median": 0.53968334198, "min": -1, "dvar2": 0.000745590252336, "dvar": 0.000397552008508, "dmean": 0.00825757719576, "max": 0.731304049492, "var": 0.0154571132734, "mean": 0.525142788887}, "chords_scale": "minor", "hpcp_entropy": {"dmean2": 0.914039850235, "median": 2.09361433983, "min": 0, "dvar2": 0.603253364563, "dvar": 0.224318802357, "dmean": 0.554013252258, "max": 4.4063334465, "var": 0.590531945229, "mean": 2.08216643333}}, "metadata": {"audio_properties": {"equal_loudness": 0, "codec": "flac", "downmix": "mix", "sample_rate": 44100, "analysis_sample_rate": 44100, "bit_rate": 0, "md5_encoded": "76b2d3c861203bce4542925d3dbfdefb", "length": 250.066665649, "replay_gain": -15.5103530884, "lossless": true}, "version": {"essentia_build_sha": "2d9f1f26377add8aeb1075a9c2973f962c4f09fd", "essentia": "2.1-beta2", "extractor": "music 1.0", "essentia_git_sha": "v2.1_beta2-1-ge3940c0"}, "tags": {"title": ["Somebody Twisted Your Arm"], "media": ["CD"], "albumartist": ["The Phantom Limbs"], "tracktotal": ["10"], "musicbrainz_releasegroupid": ["b8d1fee2-2528-37b3-b9cd-d6c15b26c88f"], "releasetype": ["album"], "musicbrainz_recordingid": ["1e1661ee-5eb3-48b6-84ed-499104e5eeab"], "musicbrainz_albumartistid": ["af9f10ba-2c8f-4b66-a493-c9f0512ccb40"], "originalyear": ["2001"], "musicbrainz_releasetrackid": ["efb66335-28c1-380e-97de-becc8d92b393"], "discnumber": ["1"], "album": ["Applied Ignorance"], "catalognumber": ["VIRUS 263"], "releasecountry": ["US"], "asin": ["B00005LOSM"], "albumartistsort": ["Phantom Limbs, The"], "date": ["2001"], "file_name": "6983caa049bfa5e3b8551f26a1ce.flac", "disctotal": ["1"], "acoustid_id": ["0bc66983-caa0-49bf-a5e3-b8551f26a1ce"], "musicbrainz_artistid": ["af9f10ba-2c8f-4b66-a493-c9f0512ccb40"], "originaldate": ["2001"], "musicbrainz_albumid": ["87f2c778-21d8-48b3-9ec7-d4e4dd19882f"], "tracknumber": ["8"], "artistsort": ["Phantom Limbs, The"], "artist": ["The Phantom Limbs"], "label": ["Alternative Tentacles"], "releasestatus": ["official"], "totaldiscs": ["1"], "script": ["Latn"], "totaltracks": ["10"]}}, "rhythm": {"bpm_histogram_first_peak_bpm": {"dmean2": 0, "median": 120, "min": 120, "dvar2": 0, "dvar": 0, "dmean": 0, "max": 120, "var": 0, "mean": 120}, "bpm": 120.859924316, "bpm_histogram_second_peak_spread": {"dmean2": 0, "median": 0, "min": 0, "dvar2": 0, "dvar": 0, "dmean": 0, "max": 0, "var": 0, "mean": 0}, "bpm_histogram_first_peak_weight": {"dmean2": 0, "median": 0.196078434587, "min": 0.196078434587, "dvar2": 0, "dvar": 0, "dmean": 0, "max": 0.196078434587, "var": 0, "mean": 0.196078434587}, "onset_rate": 2.02336144447, "beats_position": [0.49922901392, 0.986848056316, 1.46285712719, 1.92725622654, 2.39165520668, 2.85605430603, 3.32045340538, 3.78485250473, 4.23764181137, 4.74848079681, 5.27092981339, 5.79337835312, 6.31582736969, 6.83827638626, 7.37233543396, 7.8831744194, 8.40562343597, 8.90485286713, 9.4040813446, 9.91492080688, 10.4141492844, 10.9133787155, 11.4009971619, 11.8886165619, 12.3762359619, 12.8754644394, 13.3746938705, 13.873922348, 14.361541748, 14.8491611481, 15.3251695633, 15.8127889633, 16.3120174408, 16.8112468719, 17.3104763031, 17.8097057343, 18.3089332581, 18.8081626892, 19.3073921204, 19.8066215515, 20.3058490753, 20.8050785065, 21.3043079376, 21.8035373688, 22.2911567688, 22.7787742615, 23.2663936615, 23.7540130615, 24.2416324615, 24.7408618927, 25.2284793854, 25.7393188477, 26.2385482788, 26.73777771, 27.2486171722, 27.747844696, 28.2470741272, 28.7463035583, 29.2455329895, 29.7447605133, 30.2323799133, 30.7199993134, 31.2076187134, 31.6952381134, 32.1944656372, 32.6936950684, 33.1929244995, 33.6921539307, 34.1913833618, 34.690612793, 35.1782302856, 35.6890678406, 36.1766891479, 36.6759185791, 37.1751480103, 37.6743774414, 38.1619949341, 38.6612243652, 39.1488418579, 39.6364631653, 40.1356925964, 40.6349182129, 41.134147644, 41.6333770752, 42.1326065063, 42.6318359375, 43.1194534302, 43.6070747375, 44.0946922302, 44.5823135376, 45.0583229065, 45.5459403992, 46.0219497681, 46.497959137, 46.9739685059, 47.4383659363, 47.9259872437, 48.4252128601, 48.9244422913, 49.4352836609, 49.934513092, 50.4337387085, 50.9445800781, 51.4554176331, 51.9546470642, 52.4538764954, 52.9647140503, 53.4639434814, 53.9631729126, 54.45079422, 54.9384117126, 55.4260292053, 55.936870575, 56.4361000061, 56.946937561, 57.457775116, 57.9570045471, 58.4562339783, 58.9438552856, 59.4430847168, 59.9307022095, 60.4299316406, 60.9291610718, 61.4167785645, 61.9043960571, 62.3920173645, 62.8796348572, 63.3672561646, 63.8548736572, 64.3308868408, 64.806892395, 65.2945098877, 65.7589111328, 66.234916687, 66.6993179321, 67.1753311157, 67.6513366699, 68.1389541626, 68.6265716553, 69.1141967773, 69.60181427, 70.0894317627, 70.5770492554, 71.064666748, 71.5522918701, 72.0399093628, 72.5275268555, 73.0267562866, 73.5027618408, 73.9787750244, 74.4547805786, 74.9307937622, 75.4184112549, 75.9060287476, 76.3936462402, 76.8812713623, 77.368888855, 77.8448944092, 78.3209075928, 78.796913147, 79.2729263306, 79.7489318848, 80.2713851929, 80.7938308716, 81.3162765503, 81.8387298584, 82.349571228, 82.8720169067, 83.3828582764, 83.9053039551, 84.4277572632, 84.9385910034, 85.449432373, 85.9602737427, 86.4478912354, 86.9471206665, 87.4463500977, 87.9455795288, 88.44480896, 88.9440383911, 89.4432601929, 89.942489624, 90.4417190552, 90.9293441772, 91.4169616699, 91.9045791626, 92.4038085938, 92.9146499634, 93.4138793945, 93.9247131348, 94.4355545044, 94.9347839355, 95.4340133667, 95.9332427979, 96.432472229, 96.9317016602, 97.4309310913, 97.9301605225, 98.4177780151, 98.8937835693, 99.381401062, 99.8690261841, 100.379859924, 100.890701294, 101.401542664, 101.900772095, 102.400001526, 102.899223328, 103.398452759, 103.89768219, 104.396911621, 104.907752991, 105.41859436, 105.906211853, 106.393829346, 106.893058777, 107.392288208, 107.891517639, 108.39074707, 108.889976501, 109.389205933, 109.876823425, 110.376052856, 110.875282288, 111.36289978, 111.862129211, 112.361358643, 112.860588074, 113.359817505, 113.847434998, 114.33505249, 114.822669983, 115.310295105, 115.797912598, 116.28553009, 116.784759521, 117.272377014, 117.748390198, 118.224395752, 118.700408936, 119.164802551, 119.640815735, 120.116821289, 120.604438782, 121.092063904, 121.568069458, 122.055686951, 122.531700134, 122.99609375, 123.483718872, 123.982948303, 124.482177734, 124.993011475, 125.503852844, 126.003082275, 126.502311707, 127.013153076, 127.512374878, 128, 128.499221802, 128.998458862, 129.486068726, 129.962081909, 130.449707031, 130.937316895, 131.413330078, 131.889343262, 132.388565063, 132.887802124, 133.375411987, 133.874649048, 134.37387085, 134.87310791, 135.372329712, 135.871566772, 136.370788574, 136.858413696, 137.34602356, 137.833648682, 138.309661865, 138.797271729, 139.273284912, 139.749298096, 140.213699341, 140.678085327, 141.142486572, 141.606887817, 142.071289063, 142.535690308, 142.988479614, 143.452880859, 143.928878784, 144.404891968, 144.880905151, 145.345306396, 145.809707642, 146.274108887, 146.738494873, 147.19128418, 147.655685425, 148.12008667, 148.584487915, 149.04888916, 149.513290405, 149.97769165, 150.442077637, 150.906478882, 151.370880127, 151.835281372, 152.299682617, 152.764083862, 153.228485107, 153.692871094, 154.1456604, 154.598449707, 155.051239014, 155.50402832, 155.956817627, 156.397994995, 156.839187622, 157.291976929, 157.779586792, 158.278823853, 158.789657593, 159.300491333, 159.811340332, 160.322174072, 160.798187256, 161.285797119, 161.773422241, 162.237823486, 162.690612793, 163.1434021, 163.596191406, 164.037368774, 164.478546143, 164.919723511, 165.34928894, 165.778869629, 166.208435059, 166.638000488, 167.067565918, 167.485534668, 167.903488159, 168.309844971, 168.716186523, 169.134140015, 169.575332642, 169.981674194, 170.399627686, 170.805984497, 171.21232605, 171.6302948, 172.048248291, 172.477813721, 172.907394409, 173.348571777, 173.789749146, 174.219314575, 174.637283325, 175.043624878, 175.473190308, 175.914367676, 176.343948364, 176.773513794, 177.203079224, 177.632644653, 178.062225342, 178.491790771, 178.921356201, 179.350921631, 179.768890381, 180.186843872, 180.604797363, 181.022766113, 181.452331543, 181.881896973, 182.311477661, 182.741043091, 183.158996582, 183.576965332, 183.994918823, 184.412872314, 184.842453003, 185.272018433, 185.689971924, 186.119537354, 186.549118042, 186.978683472, 187.408248901, 187.837814331, 188.255783081, 188.673736572, 189.103302002, 189.54447937, 189.985671997, 190.415237427, 190.844802856, 191.274368286, 191.703948975, 192.133514404, 192.563079834, 193.004257202, 193.422225952, 193.840179443, 194.269744873, 194.699310303, 195.117279053, 195.546844482, 195.976409912, 196.405975342, 196.83555603, 197.276733398, 197.659866333, 198.042984009, 198.437728882, 198.809249878, 199.169158936, 199.529067993, 199.877365112, 200.225662231, 200.573959351, 200.91065979, 201.247344971, 201.59564209, 201.943939209, 202.28062439, 202.617324829, 202.95401001, 203.29069519, 203.63899231, 203.975692749, 204.31237793, 204.660675049, 205.008972168, 205.345672607, 205.682357788, 206.019042969, 206.355728149, 206.704025269, 207.052337646, 207.400634766, 207.737319946, 208.074005127, 208.410705566, 208.759002686, 209.095687866, 209.420761108, 209.745849609, 210.070922852, 210.407608032, 210.744308472, 211.080993652, 211.417678833, 211.765975952, 212.102676392, 212.439361572, 212.764434814, 213.101135254, 213.437820435, 213.762893677, 214.087982178, 214.41305542, 214.738143921, 215.063217163, 215.399902344, 215.736587524, 216.061676025, 216.386749268, 216.723449707, 217.060134888, 217.396820068, 217.733505249, 218.070205688, 218.406890869, 218.731964111, 219.057052612, 219.382125854, 219.695602417, 220.032287598, 220.35736084, 220.682449341, 221.007522583, 221.332611084, 221.669296265, 222.017593384, 222.365890503, 222.714187622, 223.050872803, 223.387573242, 223.724258423, 224.049331665, 224.386032104, 224.722717285, 225.047790527, 225.372879028, 225.686340332, 226.023040771, 226.348114014, 226.684799194, 227.021499634, 227.358184814, 227.683258057, 228.019943237, 228.345031738, 228.681716919, 229.0184021, 229.343490601, 229.668563843, 229.993652344, 230.318725586, 230.643798828, 230.980499268, 231.317184448, 231.64225769, 231.967346191, 232.304031372, 232.640716553, 232.977416992, 233.302490234, 233.639175415, 233.975875854, 234.312561035, 234.637634277, 234.974319458, 235.311019897, 235.63609314, 235.961181641, 236.286254883, 236.622940063, 236.959625244, 237.284713745, 237.621398926, 237.958084106, 238.294784546, 238.631469727, 238.968154907, 239.304855347, 239.653152466, 239.978225708, 240.314910889, 240.63999939, 240.953460693, 241.266937256, 241.592010498, 241.928695679, 242.277008057, 242.625305176, 242.985214233, 243.345123291, 243.821136475, 244.308746338, 244.784759521, 245.295593262, 245.806442261, 246.317276001, 246.83972168, 247.362167358, 247.884628296, 248.407073975, 248.929519653, 249.451965332], "beats_loudness": {"dmean2": 0.0182905364782, "median": 0.0316618457437, "min": 6.79308054252e-10, "dvar2": 0.000208195197047, "dvar": 6.60254227114e-05, "dmean": 0.0101344883442, "max": 0.061034668237, "var": 0.000166211844771, "mean": 0.0300413649529}, "danceability": 0.912139236927, "bpm_histogram_second_peak_weight": {"dmean2": 0, "median": 0.117647059262, "min": 0.117647059262, "dvar2": 0, "dvar": 0, "dmean": 0, "max": 0.117647059262, "var": 0, "mean": 0.117647059262}, "beats_count": 562, "bpm_histogram_second_peak_bpm": {"dmean2": 0, "median": 178, "min": 178, "dvar2": 0, "dvar": 0, "dmean": 0, "max": 178, "var": 0, "mean": 178}, "bpm_histogram_first_peak_spread": {"dmean2": 0, "median": 0.533898293972, "min": 0.533898293972, "dvar2": 0, "dvar": 0, "dmean": 0, "max": 0.533898293972, "var": 0, "mean": 0.533898293972}, "beats_loudness_band_ratio": {"dmean2": [0.274677366018, 0.163351759315, 0.153642237186, 0.1360565871, 0.0941412299871, 0.0945506393909], "median": [0.283723533154, 0.165735721588, 0.168792814016, 0.127199709415, 0.10749052465, 0.0824067443609], "min": [0.0116081126034, 0.000259845081018, 0.000476012239233, 0.000763692776673, 0.00134557997808, 0.0007288272609], "dvar2": [0.0424078255892, 0.0198099408299, 0.016433050856, 0.0158688593656, 0.00859826058149, 0.013105949387], "dvar": [0.0157976802438, 0.00756026757881, 0.0060718189925, 0.00576061010361, 0.00309236207977, 0.00518525252119], "dmean": [0.15965411067, 0.0960087478161, 0.0905094146729, 0.0786806792021, 0.0545072592795, 0.0542757809162], "max": [0.883097052574, 0.944536209106, 0.624083340168, 0.593492090702, 0.42466494441, 0.82003903389], "var": [0.0368285812438, 0.0160928219557, 0.0111113833264, 0.010651522316, 0.00557661801577, 0.00894446205348], "mean": [0.311983287334, 0.19399894774, 0.194111898541, 0.153445824981, 0.116795182228, 0.10089033097]}}, "lowlevel": {"barkbands_spread": {"dmean2": 5.68039464951, "median": 26.6631546021, "min": 1.34677731991, "dvar2": 31.3642196655, "dvar": 14.0404882431, "dmean": 3.60149073601, "max": 164.42414856, "var": 174.131759644, "mean": 26.9950275421}, "melbands_spread": {"dmean2": 9.61369037628, "median": 35.1747665405, "min": 0.968832015991, "dvar2": 98.6570587158, "dvar": 42.1942710876, "dmean": 6.1343665123, "max": 132.335067749, "var": 287.910400391, "mean": 35.2646560669}, "hfc": {"dmean2": 5.1347155571, "median": 26.3241062164, "min": 1.28109378993e-16, "dvar2": 31.6291618347, "dvar": 15.5966386795, "dmean": 3.51893854141, "max": 103.367500305, "var": 310.418487549, "mean": 25.5383434296}, "barkbands_kurtosis": {"dmean2": 1.29607272148, "median": -0.454375773668, "min": -1.92838585377, "dvar2": 5.04161787033, "dvar": 2.4012966156, "dmean": 0.83419418335, "max": 97.0054473877, "var": 30.7070236206, "mean": 0.928464770317}, "gfcc": {"mean": [-7.2743268013, 106.869247437, -154.041564941, 36.710308075, -64.5029983521, -1.35281205177, -27.835603714, -1.60321319103, -24.9553165436, -5.69912385941, -16.0702362061, -9.16184616089, -11.6735877991], "icov": [[0.000880308856722, -0.00168180046603, 0.0020011048764, -0.00224228412844, 0.00154230743647, -0.00195589149371, 0.00198612152599, -0.00158900802489, 0.00171683588997, -0.00197561411187, 0.00198264792562, -0.00262321392074, 0.00200530444272], [-0.00168180046603, 0.00459407735616, -0.00351741351187, 0.00441805366427, -0.00378148676828, 0.00465102400631, -0.00452766148373, 0.00313122314401, -0.00323609123006, 0.00417651608586, -0.00387764116749, 0.00667482381687, -0.00425755092874], [0.0020011048764, -0.00351741351187, 0.0067019960843, -0.00393487140536, 0.00236081029288, -0.00552720855922, 0.00507111940533, -0.00306498561986, 0.00279351253994, -0.00567133491859, 0.00644768262282, -0.00676392484456, 0.00414052605629], [-0.00224228412844, 0.00441805366427, -0.00393487140536, 0.011023641564, -0.00281711737625, 0.00167171040084, -0.00514085870236, 0.00297456327826, -0.00597852934152, 0.00431568687782, -0.00510330265388, 0.00853083468974, -0.00715404516086], [0.00154230743647, -0.00378148676828, 0.00236081029288, -0.00281711737625, 0.00949677918106, -0.00237658433616, -0.000175356850377, -0.00397488707677, 0.00288616470061, -0.00360248726793, 0.00227317330427, -0.00553915090859, 0.00330017134547], [-0.00195589149371, 0.00465102400631, -0.00552720855922, 0.00167171040084, -0.00237658433616, 0.0144276143983, -0.00559250125661, 0.000820443558041, -0.00148936011828, 0.0044829514809, -0.0069120186381, 0.00523658143356, -0.0017485023709], [0.00198612152599, -0.00452766148373, 0.00507111940533, -0.00514085870236, -0.000175356850377, -0.00559250125661, 0.0173891689628, -0.00514299701899, 0.00113228172995, -0.00390216871165, 0.000633240561001, -0.00469810608774, 0.0052985441871], [-0.00158900802489, 0.00313122314401, -0.00306498561986, 0.00297456327826, -0.00397488707677, 0.000820443558041, -0.00514299701899, 0.0196104701608, -0.0082706362009, -0.00158854632173, 0.00269695441239, 0.00131350569427, -0.00232853065245], [0.00171683588997, -0.00323609123006, 0.00279351253994, -0.00597852934152, 0.00288616470061, -0.00148936011828, 0.00113228172995, -0.0082706362009, 0.0191823430359, -0.00422221701592, -0.000633640389424, -0.00125233794097, -0.000537953921594], [-0.00197561411187, 0.00417651608586, -0.00567133491859, 0.00431568687782, -0.00360248726793, 0.0044829514809, -0.00390216871165, -0.00158854632173, -0.00422221701592, 0.0213470291346, -0.00667889742181, 0.00106831954326, -0.00229852111079], [0.00198264792562, -0.00387764116749, 0.00644768262282, -0.00510330265388, 0.00227317330427, -0.0069120186381, 0.000633240561001, 0.00269695441239, -0.000633640389424, -0.00667889742181, 0.0248572900891, -0.01400642097, 0.00719697121531], [-0.00262321392074, 0.00667482381687, -0.00676392484456, 0.00853083468974, -0.00553915090859, 0.00523658143356, -0.00469810608774, 0.00131350569427, -0.00125233794097, 0.00106831954326, -0.01400642097, 0.0383626930416, -0.0174699369818], [0.00200530444272, -0.00425755092874, 0.00414052605629, -0.00715404516086, 0.00330017134547, -0.0017485023709, 0.0052985441871, -0.00232853065245, -0.000537953921594, -0.00229852111079, 0.00719697121531, -0.0174699369818, 0.0310752298683]], "cov": [[16729.6386719, 503.985198975, -2297.8112793, 1567.44433594, -1102.58215332, 661.077453613, -316.135681152, 245.129013062, -243.960891724, 76.3154373169, -68.8498458862, -100.198814392, -155.908447266], [503.985198975, 1294.00634766, -178.540161133, -166.326690674, 249.119934082, -223.9087677, 147.257446289, -60.0556869507, 32.519153595, -92.2646560669, 17.6653327942, -87.5487518311, 2.02971696854], [-2297.8112793, -178.540161133, 770.902954102, -171.055389404, 128.130554199, 14.3180561066, -21.8252601624, 29.0769405365, 22.7803382874, 67.4679412842, -48.2692565918, 51.2069168091, 20.1711196899], [1567.44433594, -166.326690674, -171.055389404, 367.822723389, -122.53339386, 138.964080811, -5.80004119873, 51.2207450867, 27.6404018402, 21.4343547821, 14.4097576141, -7.77612495422, 3.5486395359], [-1102.58215332, 249.119934082, 128.130554199, -122.53339386, 290.895233154, -69.9213562012, 97.9479675293, 10.1049232483, 35.9578933716, 5.35465288162, 22.8949298859, 7.9736328125, 9.42804908752], [661.077453613, -223.9087677, 14.3180561066, 138.964080811, -69.9213562012, 192.533996582, -8.26557636261, 42.9400634766, -3.26144337654, 31.4919071198, 13.1227006912, 14.9320335388, -12.7388868332], [-316.135681152, 147.257446289, -21.8252601624, -5.80004119873, 97.9479675293, -8.26557636261, 134.660903931, 15.6937761307, 38.7620201111, 0.047563739121, 34.6701393127, -4.9391245842, -0.63480836153], [245.129013062, -60.0556869507, 29.0769405365, 51.2207450867, 10.1049232483, 42.9400634766, 15.6937761307, 98.8367462158, 32.2205047607, 38.1230545044, -8.29055404663, 13.2792072296, 2.70729756355], [-243.960891724, 32.519153595, 22.7803382874, 27.6404018402, 35.9578933716, -3.26144337654, 38.7620201111, 32.2205047607, 94.6927642822, 13.5717716217, 17.859249115, 0.464549660683, 14.097360611], [76.3154373169, -92.2646560669, 67.4679412842, 21.4343547821, 5.35465288162, 31.4919071198, 0.047563739121, 38.1230545044, 13.5717716217, 86.7546920776, 7.97424650192, 25.1374588013, 1.36801564693], [-68.8498458862, 17.6653327942, -48.2692565918, 14.4097576141, 22.8949298859, 13.1227006912, 34.6701393127, -8.29055404663, 17.859249115, 7.97424650192, 76.4882507324, 14.7803144455, -0.120038710535], [-100.198814392, -87.5487518311, 51.2069168091, -7.77612495422, 7.9736328125, 14.9320335388, -4.9391245842, 13.2792072296, 0.464549660683, 25.1374588013, 14.7803144455, 55.9902381897, 17.6094741821], [-155.908447266, 2.02971696854, 20.1711196899, 3.5486395359, 9.42804908752, -12.7388868332, -0.63480836153, 2.70729756355, 14.097360611, 1.36801564693, -0.120038710535, 17.6094741821, 49.5140838623]]}, "spectral_energyband_middle_low": {"dmean2": 0.00462026987225, "median": 0.00825574155897, "min": 3.19947190438e-22, "dvar2": 3.65046143997e-05, "dvar": 1.56244623213e-05, "dmean": 0.00287315249443, "max": 0.0491949319839, "var": 3.35441873176e-05, "mean": 0.00939053762704}, "melbands_crest": {"dmean2": 4.11944723129, "median": 9.25319099426, "min": 2.03286790848, "dvar2": 16.3808670044, "dvar": 6.20398521423, "dmean": 2.47903227806, "max": 38.3756790161, "var": 24.6684875488, "mean": 10.421295166}, "spectral_kurtosis": {"dmean2": 2.80651736259, "median": 2.87185168266, "min": -1.18614447117, "dvar2": 12.9908218384, "dvar": 4.46257305145, "dmean": 1.59402763844, "max": 60.04271698, "var": 14.1845417023, "mean": 3.84354805946}, "spectral_rms": {"dmean2": 0.00065781257581, "median": 0.00456680636853, "min": 3.3482858413e-12, "dvar2": 5.3087296692e-07, "dvar": 2.56202383753e-07, "dmean": 0.00043499210733, "max": 0.0087579684332, "var": 1.99599821826e-06, "mean": 0.00437391875312}, "zerocrossingrate": {"dmean2": 0.00847870111465, "median": 0.0712890625, "min": 0.005859375, "dvar2": 6.23401065241e-05, "dvar": 4.97705659654e-05, "dmean": 0.00690058851615, "max": 0.720703125, "var": 0.00370421563275, "mean": 0.0761755928397}, "silence_rate_60dB": {"dmean2": 0.007428730838, "median": 0, "min": 0, "dvar2": 0.00848731771111, "dvar": 0.00370056531392, "dmean": 0.00371402036399, "max": 1, "var": 0.0386684387922, "mean": 0.0402933806181}, "erbbands_kurtosis": {"dmean2": 0.673010647297, "median": -0.493537515402, "min": -1.58377361298, "dvar2": 0.716847002506, "dvar": 0.35612487793, "dmean": 0.431573629379, "max": 46.8262481689, "var": 4.32410621643, "mean": -0.140604197979}, "erbbands": {"dmean2": [0.0600891299546, 0.396357566118, 1.93673276901, 5.14650297165, 6.03101491928, 7.07755851746, 11.1978397369, 7.89712142944, 13.3634405136, 19.5553684235, 27.8560390472, 19.4738063812, 22.2703762054, 29.4216327667, 21.6556816101, 47.0368080139, 21.252571106, 30.7600231171, 30.5058441162, 17.2823867798, 23.786901474, 19.8750362396, 22.9636535645, 24.6277656555, 19.9728450775, 19.5316677094, 12.9814891815, 9.5776720047, 5.84037494659, 2.22317361832, 1.1961247921, 0.720602214336, 0.280816793442, 0.112938627601, 0.064492970705, 0.0222596619278, 0.00382294552401, 0.000437440467067, 4.79726004414e-05, 9.67697633314e-06], "median": [0.00396726094186, 0.189714938402, 1.24601221085, 1.47479689121, 5.41218614578, 5.51163864136, 6.70521116257, 6.19026660919, 11.5811042786, 15.1602888107, 24.7429656982, 19.4098854065, 21.5404815674, 26.467502594, 17.3492050171, 36.0352249146, 17.9129619598, 18.8821182251, 26.3230552673, 16.6985569, 23.2860431671, 24.802690506, 28.7835922241, 31.0936965942, 31.012336731, 23.9909629822, 13.3361291885, 8.14776515961, 4.37880897522, 2.22908759117, 1.10797595978, 0.549250483513, 0.204221770167, 0.0757941901684, 0.0331548079848, 0.00779740326107, 0.0012258507777, 0.000150806357851, 3.24566171912e-05, 3.04585682898e-05], "min": [1.76210877003e-22, 4.16588310931e-21, 4.94340647026e-20, 7.2731102592e-20, 2.09717957059e-19, 2.06947212199e-19, 3.67918898772e-19, 2.96301833982e-19, 7.41080571665e-19, 6.43912543987e-19, 2.02928373288e-18, 1.21896416314e-18, 1.14970608821e-18, 2.93716594715e-18, 1.64001460456e-18, 5.31871550402e-18, 4.60088692768e-18, 5.25921143948e-18, 1.25726581014e-17, 5.83694705292e-18, 1.01198765065e-17, 1.04336939416e-17, 1.47278101858e-17, 1.37689970137e-17, 1.85652747554e-17, 1.57569188208e-17, 1.99912183261e-17, 1.8620611484e-17, 1.22129792916e-17, 1.73510728778e-17, 1.67831323236e-17, 1.45980503631e-17, 1.50004621506e-17, 1.48362519097e-17, 1.00192648742e-17, 7.27540090326e-18, 4.29659944037e-18, 1.55539206334e-18, 3.42976378925e-19, 3.98256187177e-20], "dvar2": [0.0314407683909, 0.679106831551, 9.66588687897, 116.551696777, 79.1204299927, 110.851974487, 319.640655518, 161.851699829, 340.285614014, 593.143493652, 1398.68786621, 792.548522949, 955.027770996, 2034.64404297, 1643.46276855, 5861.56689453, 1534.85424805, 3381.20019531, 2063.35644531, 873.699768066, 1168.19128418, 684.283935547, 957.026367188, 1217.74487305, 699.505554199, 856.120361328, 440.522003174, 250.616424561, 97.2961730957, 13.8061580658, 4.10143041611, 1.58520531654, 0.252418935299, 0.0473663583398, 0.0239562615752, 0.00421105977148, 0.000115415736218, 1.81669702215e-06, 2.10572874693e-08, 1.86689413928e-10], "dvar": [0.012820805423, 0.277960300446, 3.53698182106, 43.7528991699, 27.8037338257, 40.5923423767, 121.392707825, 59.3173980713, 125.311225891, 215.600952148, 560.074768066, 323.539916992, 402.711364746, 793.295654297, 586.299377441, 2113.19091797, 544.931152344, 1188.9005127, 750.803405762, 340.56817627, 438.41708374, 262.887756348, 349.370574951, 455.052368164, 261.436157227, 319.471405029, 172.029449463, 99.3775405884, 39.6796264648, 5.9771399498, 1.85916149616, 0.685661554337, 0.112430997193, 0.0199768114835, 0.010404329747, 0.00182839063928, 5.35547078471e-05, 7.60346267725e-07, 8.46328074289e-09, 9.09789119041e-11], "dmean": [0.0367996059358, 0.240984141827, 1.12957811356, 2.95520353317, 3.51581549644, 4.20121526718, 6.73878765106, 4.76185083389, 8.05758571625, 11.5377340317, 17.7286281586, 12.5089931488, 14.6624488831, 18.3302078247, 13.2521209717, 29.5566654205, 13.077208519, 18.4242172241, 18.3837451935, 10.6295261383, 14.4042482376, 11.9773626328, 13.8169651031, 14.8676719666, 12.1284751892, 11.8489551544, 8.13173007965, 5.98858976364, 3.69860386848, 1.44126439095, 0.790741622448, 0.469258278608, 0.182954400778, 0.0730739310384, 0.0425442494452, 0.0147793684155, 0.00259489542805, 0.00029097814695, 3.1508749089e-05, 6.62115371597e-06], "max": [1.50049209595, 5.69730138779, 21.4889755249, 80.3597106934, 61.658290863, 114.74420929, 150.023132324, 150.846954346, 199.177001953, 220.03616333, 358.283630371, 356.230072021, 339.186065674, 551.664367676, 543.150512695, 811.3671875, 594.536193848, 644.447143555, 442.294952393, 512.202453613, 438.183807373, 335.228912354, 292.938232422, 492.004669189, 324.846801758, 389.283111572, 301.880310059, 189.829071045, 130.897766113, 57.2552566528, 33.6432151794, 20.3183040619, 14.5969734192, 4.12574720383, 2.10604691505, 1.15100288391, 0.228621035814, 0.0254967417568, 0.00292013469152, 0.00015732596512], "var": [0.0109889507294, 0.297336101532, 5.40966796875, 37.4864959717, 47.3259544373, 61.2888793945, 168.9584198, 93.4996109009, 269.198791504, 385.185882568, 1077.58447266, 653.615661621, 896.813293457, 1563.53503418, 1542.43591309, 5288.80908203, 1592.03308105, 3186.55761719, 1874.96533203, 963.807983398, 1239.30859375, 882.950622559, 1305.73535156, 1826.40649414, 1126.02185059, 1180.67163086, 905.675964355, 531.044311523, 250.998672485, 41.6186676025, 13.5262079239, 4.0623216629, 0.663769423962, 0.0887200385332, 0.0225097574294, 0.0029935548082, 9.63122292887e-05, 1.16722844723e-06, 1.08697193468e-08, 3.87273879632e-10], "mean": [0.0320296473801, 0.359040796757, 1.98058354855, 3.55546140671, 7.40262269974, 7.78656101227, 10.7809076309, 9.01859855652, 16.5308113098, 20.8360004425, 33.6811637878, 26.5608577728, 29.9334354401, 36.7294616699, 29.2390613556, 57.5190620422, 29.9095859528, 38.7056999207, 39.9603500366, 25.5918731689, 32.84765625, 32.1214675903, 37.5291786194, 40.944694519, 36.8171691895, 33.0529785156, 25.1340637207, 18.0405235291, 11.8247728348, 4.78274297714, 2.65388989449, 1.40624332428, 0.561042308807, 0.207922026515, 0.0926415771246, 0.0270676184446, 0.00467047654092, 0.000520557630807, 6.6864216933e-05, 3.22052328556e-05]}, "spectral_strongpeak": {"dmean2": 0.89644575119, "median": 0.434277534485, "min": 0, "dvar2": 1.74801623821, "dvar": 0.651743173599, "dmean": 0.508228898048, "max": 9.84203338623, "var": 0.902633428574, "mean": 0.786576986313}, "spectral_energy": {"dmean2": 0.00677597755566, "median": 0.0213771145791, "min": 1.1491293236e-20, "dvar2": 7.55000000936e-05, "dvar": 3.50449081452e-05, "dmean": 0.00444264756516, "max": 0.0786195620894, "var": 0.000138951698318, "mean": 0.0216554645449}, "average_loudness": 0.921916723251, "spectral_rolloff": {"dmean2": 618.902038574, "median": 2153.3203125, "min": 129.19921875, "dvar2": 544364.9375, "dvar": 265311.1875, "dmean": 387.775665283, "max": 20370.4101563, "var": 4263610, "mean": 2338.12158203}, "spectral_centroid": {"dmean2": 303.494659424, "median": 1925.23010254, "min": 196.927047729, "dvar2": 83982.7109375, "dvar": 40099.4414063, "dmean": 194.882034302, "max": 11217.734375, "var": 504197.46875, "mean": 1828.56762695}, "pitch_salience": {"dmean2": 0.0843923538923, "median": 0.640443444252, "min": 0.118938885629, "dvar2": 0.00561589514837, "dvar": 0.00200474099256, "dmean": 0.050808429718, "max": 0.906400680542, "var": 0.0074406331405, "mean": 0.628627300262}, "spectral_energyband_middle_high": {"dmean2": 0.00231320876628, "median": 0.00760008115321, "min": 1.74517438764e-21, "dvar2": 7.12818609827e-06, "dvar": 2.80089761873e-06, "dmean": 0.00150069477968, "max": 0.0306681040674, "var": 2.93335360766e-05, "mean": 0.0078551620245}, "spectral_contrast_coeffs": {"dmean2": [0.0766584426165, 0.0668751895428, 0.0556571818888, 0.0457271486521, 0.0306004937738, 0.0281512439251], "median": [-0.592480063438, -0.757915616035, -0.760587573051, -0.784240007401, -0.791699707508, -0.68264991045], "min": [-0.953615128994, -0.974436819553, -0.969384670258, -0.972084522247, -0.963515341282, -0.959523260593], "dvar2": [0.00410369690508, 0.00275424635038, 0.0019411892863, 0.00124174414668, 0.000585109635722, 0.00070973119], "dvar": [0.00158534536604, 0.000994588481262, 0.000713217887096, 0.000447173515568, 0.000214975676499, 0.000299948937027], "dmean": [0.0466925986111, 0.0400309972465, 0.0337247960269, 0.0271826665848, 0.0183461010456, 0.0173544324934], "max": [-0.313632279634, -0.49885109067, -0.534930586815, -0.617892920971, -0.614652633667, -0.458874732256], "var": [0.00648179696873, 0.0028705035802, 0.00260578398593, 0.00186100671999, 0.00121795025188, 0.00271514290944], "mean": [-0.592607140541, -0.755898118019, -0.759249985218, -0.78187841177, -0.791242182255, -0.689039349556]}, "melbands_skewness": {"dmean2": 0.623362064362, "median": 1.5229165554, "min": -1.74146616459, "dvar2": 0.401450783014, "dvar": 0.168081462383, "dmean": 0.396546065807, "max": 12.8933639526, "var": 0.994967937469, "mean": 1.70175552368}, "spectral_spread": {"dmean2": 366619.375, "median": 3358322.25, "min": 1173429.125, "dvar2": 203136565248, "dvar": 121963249664, "dmean": 239253.65625, "max": 40868572, "var": 3253204942850.0, "mean": 3530347.5}, "dissonance": {"dmean2": 0.0203542560339, "median": 0.481143802404, "min": 0.288693547249, "dvar2": 0.000372351030819, "dvar": 0.000136795497383, "dmean": 0.012096485123, "max": 0.500000059605, "var": 0.000518177286722, "mean": 0.47473692894}, "spectral_skewness": {"dmean2": 0.320365697145, "median": 1.00220704079, "min": -0.534146130085, "dvar2": 0.102883145213, "dvar": 0.0381873436272, "dmean": 0.189462721348, "max": 5.62882328033, "var": 0.262354195118, "mean": 1.11691761017}, "spectral_flux": {"dmean2": 0.0207266639918, "median": 0.0752083808184, "min": 1.07197452304e-10, "dvar2": 0.000544911017641, "dvar": 0.00025913133868, "dmean": 0.0134774809703, "max": 0.248177275062, "var": 0.00132986705285, "mean": 0.0746928974986}, "spectral_contrast_valleys": {"dmean2": [0.688329637051, 0.492870032787, 0.424241095781, 0.359158784151, 0.246183186769, 0.285841345787], "median": [-7.64654541016, -6.22578239441, -6.74280023575, -7.03675174713, -6.60567378998, -10.3835058212], "min": [-27.2901000977, -27.7963829041, -27.1897544861, -27.0571079254, -27.2136287689, -27.2412471771], "dvar2": [0.342052340508, 0.161924570799, 0.120191410184, 0.0967962369323, 0.0621988810599, 0.160590693355], "dvar": [0.153449386358, 0.0684829950333, 0.0532104149461, 0.0459199286997, 0.0359049923718, 0.0855571404099], "dmean": [0.42383030057, 0.298853844404, 0.257903367281, 0.21949107945, 0.157592251897, 0.203640371561], "max": [-5.44355964661, -4.79482555389, -5.35361862183, -5.90633249283, -5.50983858109, -8.45241165161], "var": [2.01884508133, 1.82175934315, 1.89566516876, 1.98828268051, 2.18872141838, 1.96503305435], "mean": [-7.82615280151, -6.4572687149, -7.02999734879, -7.40288162231, -7.03836917877, -10.7022562027]}, "erbbands_flatness_db": {"dmean2": 0.0171211622655, "median": 0.171684503555, "min": 0.0252197124064, "dvar2": 0.000276950828265, "dvar": 0.000137772891321, "dmean": 0.0116326604038, "max": 0.334259420633, "var": 0.00116983265616, "mean": 0.175388976932}, "spectral_energyband_high": {"dmean2": 0.000446389662102, "median": 0.000707975937985, "min": 8.4035071731e-21, "dvar2": 4.22530376909e-07, "dvar": 2.03882535743e-07, "dmean": 0.000300353538478, "max": 0.0109159993008, "var": 2.29859551837e-06, "mean": 0.00131594203413}, "spectral_entropy": {"dmean2": 0.109934128821, "median": 7.77503919601, "min": 5.87883424759, "dvar2": 0.0143609885126, "dvar": 0.00642217928544, "dmean": 0.0715708360076, "max": 9.80874156952, "var": 0.148727580905, "mean": 7.69067716599}, "silence_rate_20dB": {"dmean2": 0, "median": 1, "min": 1, "dvar2": 0, "dvar": 0, "dmean": 0, "max": 1, "var": 0, "mean": 1}, "melbands_flatness_db": {"dmean2": 0.0243240799755, "median": 0.140640929341, "min": 0.00524296564981, "dvar2": 0.000591805553995, "dvar": 0.000256229133811, "dmean": 0.0157801676542, "max": 0.43341678381, "var": 0.00401083333418, "mean": 0.154633358121}, "barkbands": {"dmean2": [9.32321490836e-05, 0.00179518503137, 0.00220677372999, 0.00192357320338, 0.00205014785752, 0.00111539824866, 0.00116432853974, 0.00115651276428, 0.000849281903356, 0.000793851620983, 0.000657375261653, 0.00108069856651, 0.000447489786893, 0.00068770191865, 0.00054799427744, 0.000442398479208, 0.000433060136857, 0.00043369064224, 0.000464921933599, 0.000385928957257, 0.000281020824332, 0.000141346550663, 4.65564262413e-05, 2.3672968382e-05, 8.98504640645e-06, 3.07140135192e-06, 3.0102034998e-07], "median": [8.00796556177e-07, 0.000560246407986, 0.00108336971607, 0.000463720352855, 0.0022201652173, 0.000897165387869, 0.00088198215235, 0.000980466254987, 0.000740592950024, 0.000736890593544, 0.000516374537256, 0.000807167729363, 0.000290585885523, 0.000378849072149, 0.000412853783928, 0.000358523247996, 0.000444296805654, 0.000486627104692, 0.000629969465081, 0.000491018698085, 0.000258435262367, 0.00011328617984, 4.51563937531e-05, 1.77281926881e-05, 5.5227883422e-06, 9.46191335061e-07, 1.16687949969e-07], "min": [2.00470125565e-24, 1.19115519665e-23, 5.17336496257e-23, 2.27178388073e-23, 8.6