{"metadata": {"tags": {"label": ["EASTWORLD"], "artistsort": ["Shiina, Ringo"], "tracknumber": ["10"], "releasestatus": ["official"], "releasetype": ["album"], "arranger": ["\u4e80\u7530\u8aa0\u6cbb"], "disctotal": ["1"], "releasecountry": ["JP"], "musicbrainz_albumartistid": ["9e414497-23b7-4ab7-9ec6-8ea9864c9e87"], "album": ["\u7121\u7f6a\u30e2\u30e9\u30c8\u30ea\u30a2\u30e0"], "script": ["Jpan"], "albumartistsort": ["Shiina, Ringo"], "lyricist": ["\u690e\u540d\u6797\u6a8e"], "musicbrainz_artistid": ["9e414497-23b7-4ab7-9ec6-8ea9864c9e87"], "musicbrainz_albumid": ["5588dfca-c011-4f66-9899-dcaa5f4efed5"], "musicbrainz_recordingid": ["1e27b300-8c63-4889-bb7c-4e9b346351a7"], "performer": ["\u6cb3\u6751\u667a\u5eb7 (drums)", "\u4e80\u7530\u8aa0\u6cbb (electric bass guitar)"], "albumartist": ["\u690e\u540d\u6797\u6a8e"], "barcode": ["4988006158429"], "originaldate": ["1999-02-24"], "totaltracks": ["11"], "artist": ["\u690e\u540d\u6797\u6a8e"], "isrc": ["JPTO09834980"], "discnumber": ["1"], "title": ["\u8b66\u544a"], "asin": ["B00000JD1I"], "tracktotal": ["11"], "musicbrainz_releasegroupid": ["923db16c-6620-3e44-ba00-a20745c6a957"], "totaldiscs": ["1"], "date": ["1999-02-24"], "catalognumber": ["TOCT-24065"], "media": ["CD"], "file_name": "10. \u8b66\u544a.flac", "composer": ["\u690e\u540d\u6797\u6a8e"]}, "audio_properties": {"sample_rate": 44100, "downmix": "mix", "lossless": true, "analysis_sample_rate": 44100, "md5_encoded": "534975bd347aca0b0ef8045802dd7d4a", "equal_loudness": 0, "replay_gain": -16.9481716156, "codec": "flac", "bit_rate": 0, "length": 245.466659546}, "version": {"extractor": "music 1.0", "essentia_build_sha": "70f2e5ece6736b2c40cc944ad0e695b16b925413", "essentia_git_sha": "v2.1_beta2", "essentia": "2.1-beta2"}}, "rhythm": {"beats_loudness_band_ratio": {"dvar2": [0.188239723444, 0.0314814224839, 0.0362684652209, 0.0244055502117, 0.0236862674356, 0.0160086806864], "var": [0.0714383944869, 0.014408396557, 0.0184248033911, 0.0138037269935, 0.0120925698429, 0.00628776522353], "min": [0.000510958663654, 3.50350092049e-06, 0.00390920741484, 0.000225248586503, 0.000700754520949, 0.00225458177738], "dmean": [0.328754276037, 0.103022769094, 0.147262766957, 0.130040943623, 0.10965769738, 0.0933364778757], "mean": [0.311241477728, 0.123995542526, 0.170225337148, 0.162362873554, 0.1531047225, 0.112905822694], "max": [0.935930907726, 0.85649907589, 0.746620118618, 0.683729231358, 0.69200271368, 0.589847624302], "dmean2": [0.633421480656, 0.189780399203, 0.26213991642, 0.223231390119, 0.191820219159, 0.17386777699], "median": [0.202816963196, 0.0916843265295, 0.141771256924, 0.146295592189, 0.131842970848, 0.0943709015846], "dvar": [0.0679456442595, 0.0111546590924, 0.0130613287911, 0.00891035888344, 0.00824671797454, 0.00495161581784]}, "bpm_histogram_first_peak_weight": {"dvar2": 0, "var": 0, "min": 0.67505723238, "dmean": 0, "mean": 0.67505723238, "max": 0.67505723238, "dmean2": 0, "median": 0.67505723238, "dvar": 0}, "bpm": 107.217018127, "beats_count": 438, "bpm_histogram_first_peak_spread": {"dvar2": 0, "var": 0, "min": 0.307511746883, "dmean": 0, "mean": 0.307511746883, "max": 0.307511746883, "dmean2": 0, "median": 0.307511746883, "dvar": 0}, "danceability": 1.13754963875, "bpm_histogram_first_peak_bpm": {"dvar2": 0, "var": 0, "min": 108, "dmean": 0, "mean": 108, "max": 108, "dmean2": 0, "median": 108, "dvar": 0}, "beats_position": [0.545668900013, 1.10294783115, 1.66022670269, 2.20589566231, 2.76317453384, 3.32045340538, 3.88934230804, 4.45823097229, 5.01551008224, 5.5727891922, 6.14167785645, 6.71056699753, 7.27945566177, 7.83673477173, 8.39401340485, 8.96290206909, 9.52018165588, 10.077460289, 10.6347389221, 11.1920175552, 11.749297142, 12.3181858063, 12.8754644394, 13.4443531036, 14.0016326904, 14.5705213547, 15.1161899567, 15.6734695435, 16.2307472229, 16.7996368408, 17.3685264587, 17.9258041382, 18.483083725, 19.0403633118, 19.5976409912, 20.154920578, 20.7121982574, 21.2810878754, 21.8383674622, 22.4072551727, 22.9645347595, 23.5334243774, 24.0907020569, 24.6479816437, 25.2168693542, 25.774148941, 26.3314285278, 26.8887062073, 27.4459857941, 28.0032653809, 28.5605430603, 29.1178226471, 29.6751022339, 30.2323799133, 30.7896595001, 31.358549118, 31.9274368286, 32.4847145081, 33.0419960022, 33.5992736816, 34.1681632996, 34.7370529175, 35.3059387207, 35.8516082764, 36.4088897705, 36.96616745, 37.5234451294, 38.0807266235, 38.638004303, 39.1952819824, 39.7641716003, 40.3330612183, 40.8903388977, 41.4476165771, 42.0165061951, 42.585395813, 43.1426734924, 43.6999549866, 44.257232666, 44.8145103455, 45.3717918396, 45.9174575806, 46.4747390747, 47.0320167542, 47.6009063721, 48.1581840515, 48.7270736694, 49.2843513489, 49.8532409668, 50.4105224609, 50.9794082642, 51.5482978821, 52.1055755615, 52.6628570557, 53.2201347351, 53.7774124146, 54.3346939087, 54.8919715881, 55.4724693298, 56.029750824, 56.5870285034, 57.1443061829, 57.701587677, 58.2588653564, 58.8161430359, 59.37342453, 59.9307022095, 60.4879798889, 61.0452613831, 61.6025390625, 62.1598167419, 62.7170982361, 63.2859840393, 63.8548736572, 64.4121551514, 64.9694290161, 65.5267105103, 66.0955963135, 66.6644897461, 67.2217712402, 67.779045105, 68.3363265991, 68.8936004639, 69.4624938965, 70.0313796997, 70.5886611938, 71.145942688, 71.7032165527, 72.2604980469, 72.817779541, 73.3750534058, 73.9323348999, 74.489616394, 75.0468902588, 75.6041717529, 76.1846694946, 76.7651672363, 77.3224487305, 77.8913345337, 78.4486160278, 78.9942855835, 79.5515594482, 80.1088409424, 80.6661224365, 81.2233963013, 81.7806777954, 82.3379592896, 82.8952331543, 83.4525146484, 84.0097961426, 84.5670700073, 85.1243515015, 85.6816329956, 86.2389068604, 86.807800293, 87.3766860962, 87.9339675903, 88.4912490845, 89.0601348877, 89.6290206909, 90.1863021851, 90.7435836792, 91.3008575439, 91.8697509766, 92.4386367798, 92.9959182739, 93.5531921387, 94.1104736328, 94.667755127, 95.2250289917, 95.7823104858, 96.3511962891, 96.9200897217, 97.4773712158, 98.0346450806, 98.5919265747, 99.1492080688, 99.7180938721, 100.286979675, 100.844261169, 101.401542664, 101.958816528, 102.516098022, 103.073379517, 103.630653381, 104.187934875, 104.756820679, 105.314102173, 105.882987976, 106.44026947, 106.997550964, 107.554824829, 108.112106323, 108.669387817, 109.226661682, 109.783943176, 110.352828979, 110.921722412, 111.479003906, 112.047889709, 112.605171204, 113.15083313, 113.708114624, 114.265396118, 114.834281921, 115.391563416, 115.960449219, 116.517730713, 117.086616516, 117.64389801, 118.201179504, 118.770065308, 119.338951111, 119.907844543, 120.465126038, 121.022399902, 121.579681396, 122.136962891, 122.694236755, 123.25151825, 123.808792114, 124.366073608, 124.923355103, 125.480628967, 126.037910461, 126.595191956, 127.15246582, 127.709747314, 128.290252686, 128.847518921, 129.404800415, 129.962081909, 130.519363403, 131.088256836, 131.65713501, 132.214416504, 132.783309937, 133.352203369, 133.897872925, 134.44354248, 135.000808716, 135.55809021, 136.115371704, 136.672653198, 137.229934692, 137.787200928, 138.344482422, 138.901763916, 139.470657349, 140.039550781, 140.596817017, 141.165710449, 141.734603882, 142.291885376, 142.849151611, 143.406433105, 143.9637146, 144.520996094, 145.089889526, 145.6587677, 146.216049194, 146.773330688, 147.330612183, 147.887893677, 148.445159912, 149.002441406, 149.5597229, 150.117004395, 150.674285889, 151.231567383, 151.788833618, 152.346115112, 152.903396606, 153.460678101, 154.029571533, 154.598449707, 155.155731201, 155.713012695, 156.270294189, 156.839187622, 157.408065796, 157.96534729, 158.522628784, 159.079910278, 159.637191772, 160.194458008, 160.76335144, 161.332244873, 161.901138306, 162.470016479, 163.027297974, 163.584579468, 164.141860962, 164.699142456, 165.256408691, 165.813690186, 166.359359741, 166.905029297, 167.462310791, 168.031204224, 168.600082397, 169.157363892, 169.714645386, 170.27192688, 170.829208374, 171.386474609, 171.955368042, 172.524261475, 173.093154907, 173.662033081, 174.219314575, 174.776596069, 175.333877563, 175.891159058, 176.448425293, 177.005706787, 177.562988281, 178.108657837, 178.665939331, 179.223220825, 179.803710938, 180.384216309, 180.953109741, 181.533599854, 182.102493286, 182.65977478, 183.217056274, 183.77432251, 184.343215942, 184.912109375, 185.480987549, 186.038269043, 186.595550537, 187.16444397, 187.721725464, 188.26739502, 188.824661255, 189.381942749, 189.939224243, 190.496505737, 191.053787231, 191.611068726, 192.168334961, 192.725616455, 193.282897949, 193.840179443, 194.397460938, 194.954742432, 195.512008667, 196.069290161, 196.626571655, 197.183853149, 197.741134644, 198.298416138, 198.855682373, 199.412963867, 199.9818573, 200.550750732, 201.108016968, 201.665298462, 202.222579956, 202.77986145, 203.337142944, 203.906021118, 204.474914551, 205.032196045, 205.589477539, 206.146759033, 206.704025269, 207.261306763, 207.841812134, 208.399093628, 208.956375122, 209.513641357, 210.070922852, 210.628204346, 211.18548584, 211.742767334, 212.300048828, 212.868927002, 213.414596558, 213.971878052, 214.540771484, 215.098052979, 215.655319214, 216.224212646, 216.781494141, 217.350387573, 217.919265747, 218.476547241, 219.033828735, 219.591110229, 220.148391724, 220.705657959, 221.274551392, 221.843444824, 222.400726318, 222.946395874, 223.49206543, 224.049331665, 224.606613159, 225.175506592, 225.732788086, 226.30166626, 226.858947754, 227.416229248, 227.973510742, 228.542404175, 229.111282349, 229.668563843, 230.214233398, 230.771514893, 231.317184448, 231.874465942, 232.431747437, 232.989013672, 233.546295166, 234.126800537, 234.69569397, 235.264572144, 235.833465576, 236.39074707, 236.959625244, 237.516906738, 238.074188232, 238.631469727, 239.188751221, 239.722808838, 240.280090332, 240.814147949, 241.348205566, 241.882263184, 242.416320801, 242.950378418, 243.484436035, 244.006881714, 244.529342651, 245.063400269], "beats_loudness": {"dvar2": 0.000517861160915, "var": 0.000269289332209, "min": 5.34600239632e-08, "dmean": 0.0172104053199, "mean": 0.0351663567126, "max": 0.0971607118845, "dmean2": 0.0309575106949, "median": 0.0324356406927, "dvar": 0.000181919996976}, "bpm_histogram_second_peak_weight": {"dvar2": 0, "var": 0, "min": 0.0205949656665, "dmean": 0, "mean": 0.0205949656665, "max": 0.0205949656665, "dmean2": 0, "median": 0.0205949656665, "dvar": 0}, "bpm_histogram_second_peak_spread": {"dvar2": 0, "var": 0, "min": 0, "dmean": 0, "mean": 0, "max": 0, "dmean2": 0, "median": 0, "dvar": 0}, "bpm_histogram_second_peak_bpm": {"dvar2": 0, "var": 0, "min": 103, "dmean": 0, "mean": 103, "max": 103, "dmean2": 0, "median": 103, "dvar": 0}, "onset_rate": 3.61330914497}, "lowlevel": {"spectral_energyband_high": {"dvar2": 1.0109769164e-06, "var": 2.38206189351e-06, "min": 1.2239278601e-12, "dmean": 0.000462538271677, "mean": 0.00173728796653, "max": 0.0234536975622, "dmean2": 0.000642475672066, "median": 0.00146036723163, "dvar": 4.90184106638e-07}, "spectral_energyband_middle_low": {"dvar2": 7.44510252844e-05, "var": 4.35359543189e-05, "min": 3.56695955325e-13, "dmean": 0.00380871072412, "mean": 0.00909504108131, "max": 0.0613291598856, "dmean2": 0.00621898425743, "median": 0.00744686229154, "dvar": 2.8298531106e-05}, "spectral_energy": {"dvar2": 0.000346933928085, "var": 0.000230880075833, "min": 4.85907147851e-12, "dmean": 0.0082151889801, "mean": 0.0278492681682, "max": 0.113681867719, "dmean2": 0.0131013458595, "median": 0.0258838310838, "dvar": 0.000139883108204}, "spectral_spread": {"dvar2": 876280807424, "var": 2224352133120.0, "min": 1548054.75, "dmean": 515045.59375, "mean": 4966438.5, "max": 40652600, "dmean2": 707001.75, "median": 4879930, "dvar": 550740623360}, "spectral_energyband_low": {"dvar2": 0.000287411588943, "var": 0.000129432140966, "min": 1.0689881055e-12, "dmean": 0.00503522716463, "mean": 0.00785384792835, "max": 0.0986028313637, "dmean2": 0.00818455498666, "median": 0.00481017911807, "dvar": 0.000116356961371}, "spectral_rolloff": {"dvar2": 2153742.5, "var": 2283980, "min": 21.533203125, "dmean": 580.163085938, "mean": 2249.76879883, "max": 21404.0039062, "dmean2": 936.364685059, "median": 2110.25390625, "dvar": 925954.6875}, "barkbands": {"dvar2": [2.56004727817e-06, 4.28229795943e-05, 0.000191682396689, 1.14074837256e-05, 7.80200207373e-06, 7.82822553447e-06, 7.21749893273e-06, 3.70048655896e-06, 7.58172427595e-06, 7.60869625083e-06, 4.59295961264e-06, 4.61642184746e-06, 2.5445576739e-06, 2.32115598919e-06, 3.70742509403e-06, 2.2746603463e-06, 2.21764116759e-06, 9.14170925626e-07, 5.91788420934e-07, 2.18581220679e-07, 7.08731349164e-08, 1.36382354299e-07, 6.26700042972e-08, 4.61237874561e-08, 1.10953152443e-07, 7.11744903015e-08, 6.82775302963e-09], "var": [7.09540643129e-07, 2.37188323808e-05, 4.47399288532e-05, 4.85427972308e-06, 5.03059482071e-06, 6.20050013822e-06, 4.08921459893e-06, 4.25137204729e-06, 7.00170221535e-06, 5.1626725508e-06, 3.92947504224e-06, 6.32515275356e-06, 5.62039213037e-06, 3.4781019167e-06, 7.8268631114e-06, 3.27163820657e-06, 1.72538659626e-06, 1.49975721797e-06, 7.68032123233e-07, 3.06768299652e-07, 1.21875913806e-07, 1.29036209273e-07, 6.35173051933e-08, 4.50749801928e-08, 7.56525153633e-08, 7.58514744348e-08, 7.86041898237e-09], "min": [7.80704168847e-13, 3.04715427153e-13, 3.17534059552e-15, 1.38866486195e-14, 1.14904613602e-13, 3.92144202852e-14, 3.89466934994e-14, 2.10684656434e-14, 2.02987380051e-14, 1.33073068827e-14, 1.05214714233e-14, 8.56709028127e-15, 9.99206143174e-15, 7.65273430834e-15, 8.61114361783e-15, 3.97560885376e-15, 1.91065137209e-15, 3.68561103064e-15, 7.8666558673e-15, 3.67042838858e-15, 3.47491179677e-15, 8.32585360383e-15, 5.85466420285e-15, 8.60017369413e-15, 1.20217726019e-14, 9.15725964024e-15, 1.41844131926e-12], "dmean": [0.000343150051776, 0.00217726733536, 0.00325323524885, 0.00113856908865, 0.0010154012125, 0.000943655322772, 0.000757163215894, 0.000656885560602, 0.0009817116661, 0.000919497397263, 0.000679959077388, 0.000602719606832, 0.000519621011335, 0.000524434028193, 0.000665837316774, 0.000501464877743, 0.000486610864755, 0.000280303473119, 0.00028706350713, 0.000193694169866, 0.000124138241517, 0.000127250590594, 7.07767467247e-05, 5.93972290517e-05, 6.80856828694e-05, 9.13669427973e-05, 3.00889878417e-05], "mean": [0.000284664216451, 0.00326806702651, 0.00334756192751, 0.00174082594458, 0.00173700158484, 0.00148826895747, 0.000985680846497, 0.00103396410123, 0.00174833717756, 0.00132974528242, 0.00110657711048, 0.00106447469443, 0.00108930736315, 0.000960930541623, 0.00143825646956, 0.00102797336876, 0.000926602515392, 0.000619050581008, 0.000673049304169, 0.0005076493253, 0.000345327687683, 0.000341187376762, 0.000178075366421, 0.000157212110935, 0.000184111413546, 0.000200293929083, 6.39441859676e-05], "max": [0.011992440559, 0.062616057694, 0.0710343569517, 0.0272942595184, 0.04111886397, 0.031343460083, 0.0252830684185, 0.032804556191, 0.0412916913629, 0.0277938488871, 0.0298096053302, 0.0407465584576, 0.0249734278768, 0.0284566730261, 0.026751883328, 0.0184632670134, 0.0205082017928, 0.0200777649879, 0.0117347408086, 0.00765421008691, 0.00387177895755, 0.0108261648566, 0.00822880771011, 0.00886265188456, 0.0126724531874, 0.00360875902697, 0.000717041431926], "dmean2": [0.000601919309702, 0.00342331756838, 0.00594595540315, 0.00191504356917, 0.00169058260508, 0.00153790146578, 0.00128530873917, 0.00103952246718, 0.00155168760102, 0.0014912878396, 0.0010561629897, 0.000910429575015, 0.000764610769693, 0.00082606007345, 0.00102496123873, 0.000784710748121, 0.00078023475362, 0.000447360798717, 0.000449342303909, 0.000303288659779, 0.000192681676708, 0.000198898313101, 0.000105381237518, 8.96515120985e-05, 9.9671226053e-05, 0.000135296955705, 4.42996024503e-05], "median": [3.44696745742e-05, 0.0018061043229, 0.00134190439712, 0.000978488940746, 0.00102745764889, 0.000604689877946, 0.000339965597959, 0.000399181735702, 0.000879076775163, 0.000550310360268, 0.00044550243183, 0.000393883121433, 0.000336650002282, 0.000411536573665, 0.000490632955916, 0.000405375059927, 0.000591792049818, 0.000353239593096, 0.000420701719122, 0.000356074975571, 0.000252791884122, 0.000273916433798, 0.0001122829417, 0.000108356973215, 0.000114145957923, 8.97965364857e-05, 2.55451795965e-05], "dvar": [9.52057348513e-07, 1.84972996067e-05, 6.48214991088e-05, 4.29832925875e-06, 3.02930857288e-06, 3.16859336635e-06, 2.7340795441e-06, 1.67911105109e-06, 3.27419752466e-06, 3.11278085974e-06, 2.07675816455e-06, 2.17231263377e-06, 1.34842275656e-06, 1.11368626676e-06, 1.75035961547e-06, 1.01983880541e-06, 9.33077558329e-07, 4.1131886519e-07, 2.58300502765e-07, 9.40122077964e-08, 3.05997254202e-08, 5.50454792858e-08, 2.81961582971e-08, 2.02958609918e-08, 4.57798847719e-08, 3.2215503154e-08, 3.24059712398e-09]}, "melbands_skewness": {"dvar2": 1.33072972298, "var": 1.73381173611, "min": -1.73985350132, "dmean": 0.594266533852, "mean": 1.71320486069, "max": 19.0067920685, "dmean2": 0.910181283951, "median": 1.45769894123, "dvar": 0.589601099491}, "barkbands_skewness": {"dvar2": 0.592877864838, "var": 0.935312628746, "min": -6.23768663406, "dmean": 0.433877110481, "mean": 0.791284680367, "max": 11.465139389, "dmean2": 0.65227240324, "median": 0.648080348969, "dvar": 0.264163613319}, "erbbands": {"dvar2": [0.122379280627, 2.1663403511, 161.137313843, 233.968231201, 47.4262237549, 146.874191284, 407.484802246, 634.75567627, 1721.23413086, 992.765686035, 2336.33374023, 4312.14697266, 7035.58203125, 5365.97314453, 5088.10205078, 6272.05273438, 4036.73095703, 2991.05664062, 7868.91162109, 6410.72460938, 6888.94726562, 4660.53222656, 3500.63354492, 1200.56274414, 1309.70214844, 395.101715088, 161.697174072, 107.932243347, 164.17074585, 133.577377319, 54.0679168701, 34.7457008362, 8.29420661926, 6.3075056076, 12.4733324051, 1.38780200481, 0.351727068424, 0.0194427222013, 0.000197197019588, 2.91434702149e-07], "var": [0.0400621108711, 1.08649408817, 38.8891868591, 64.7760009766, 24.5636138916, 96.2394866943, 330.65133667, 470.250640869, 833.063842773, 792.94720459, 2866.71899414, 3838.4621582, 3432.01220703, 5574.58007812, 4797.82763672, 9501.29101562, 8904.10253906, 4167.80419922, 16245.0859375, 12435.9580078, 9008.96972656, 4815.57763672, 5799.06201172, 1711.81750488, 1511.02758789, 643.811645508, 299.118041992, 174.543701172, 175.852844238, 89.0224380493, 54.5648002625, 32.3071365356, 8.82748985291, 6.93787002563, 5.61738014221, 1.10619413853, 0.336259096861, 0.0192383173853, 0.00025951419957, 3.57758125347e-07], "min": [2.26027460637e-11, 3.87266503588e-11, 1.34599727197e-11, 1.92576128655e-11, 2.0182121252e-10, 3.77173764443e-10, 3.68326175115e-10, 3.86462140067e-10, 5.67140445717e-10, 5.3269683109e-10, 4.30082025549e-10, 4.55091270224e-10, 4.4177322911e-10, 4.33053898297e-10, 4.47619052935e-10, 3.20357296246e-10, 4.33215907591e-10, 4.30860708223e-10, 3.82719855807e-10, 4.32173047349e-10, 1.70753730599e-10, 1.11470652153e-10, 2.18013579412e-10, 4.6533907283e-10, 2.16202278303e-10, 1.58853707966e-10, 8.07794248159e-11, 2.13524489756e-10, 2.77059736264e-10, 3.31919408625e-10, 1.15609223583e-10, 9.04378447131e-11, 2.18237927729e-10, 1.44780840095e-10, 6.21631565667e-11, 3.0121793948e-11, 2.12047688436e-11, 1.55006806002e-11, 9.10622133254e-11, 3.861541642e-11], "dmean": [0.0807414725423, 0.504132032394, 3.14927220345, 4.06262731552, 2.60362482071, 4.09387397766, 6.18997812271, 8.22649860382, 11.0038814545, 10.2855443954, 17.0043869019, 22.5081481934, 25.0964317322, 27.3332767487, 19.7368144989, 22.587223053, 21.5582828522, 19.978761673, 33.4387664795, 28.1016807556, 26.8400764465, 22.9362735748, 17.1196365356, 12.0990819931, 12.9234104156, 8.58255290985, 5.92239618301, 4.80481290817, 4.87695550919, 2.14330816269, 2.07072782516, 1.56618607044, 0.837930440903, 0.709544658661, 0.570692121983, 0.303570091724, 0.204866737127, 0.0483390055597, 0.00526525219902, 0.000202844050364], "mean": [0.0857980623841, 0.782148241997, 3.49032878876, 5.30087614059, 4.66888856888, 6.58914279938, 9.92635536194, 12.6163358688, 13.8391866684, 15.4236955643, 29.7829208374, 40.0862350464, 37.6057739258, 48.8626937866, 36.3534431458, 44.1623001099, 47.9228630066, 41.6211891174, 74.0508728027, 64.9936828613, 60.5237579346, 50.3322906494, 38.9022331238, 29.6893005371, 31.3011894226, 23.8242282867, 16.9837856293, 13.9752492905, 13.3085985184, 5.4400639534, 5.19779109955, 3.96810126305, 2.30840086937, 1.85513937473, 1.41196107864, 0.703822135925, 0.407195717096, 0.0990582033992, 0.0116887195036, 0.000465931196231], "max": [2.14446020126, 17.569190979, 66.1083221436, 89.6745605469, 108.068702698, 159.06942749, 260.623962402, 347.625640869, 382.580200195, 490.522338867, 969.83416748, 808.693115234, 1113.22521973, 1017.66052246, 1235.12927246, 2038.5559082, 1230.15478516, 1017.67749023, 1321.64770508, 1106.49450684, 1216.90710449, 1442.73034668, 1431.23474121, 523.617004395, 822.089904785, 324.430328369, 176.985488892, 171.460083008, 297.341674805, 483.96661377, 261.837402344, 253.081604004, 84.7055892944, 78.7579421997, 147.182922363, 31.2513103485, 7.43471002579, 1.4945731163, 0.120517805219, 0.00498187402263], "dmean2": [0.133273184299, 0.836956679821, 5.70804023743, 7.13990449905, 4.29174232483, 6.85906457901, 9.95747470856, 13.437494278, 18.8616790771, 16.6712417603, 26.5071487427, 35.5345802307, 41.3009986877, 42.7728729248, 29.8715610504, 33.5546302795, 31.2689704895, 30.1919231415, 49.5727119446, 42.4421806335, 42.1123313904, 36.1781806946, 26.9543056488, 18.7098140717, 20.2219848633, 13.2710199356, 9.10990142822, 7.4724946022, 7.6378698349, 3.16100382805, 3.11647367477, 2.37674736977, 1.25228273869, 1.05443251133, 0.852899193764, 0.454609900713, 0.308289557695, 0.0723904743791, 0.00758861843497, 0.000292004580842], "median": [0.0288404468447, 0.468699365854, 1.63042843342, 3.26099157333, 3.34775948524, 3.43863797188, 3.7915866375, 4.94913673401, 4.90393877029, 6.59470129013, 13.6299333572, 20.2951259613, 19.3106460571, 23.7011432648, 16.3795852661, 19.1503543854, 17.92619133, 21.098405838, 31.4682807922, 27.2310028076, 31.1946296692, 33.6015701294, 22.8438568115, 18.4075756073, 20.9110240936, 16.8851356506, 12.4835147858, 11.0561504364, 10.8115968704, 3.45799350739, 3.22512841225, 2.62008905411, 1.59927797318, 1.172301054, 0.821809589863, 0.368451863527, 0.160110980272, 0.0404033958912, 0.00452764006332, 0.000213809515117], "dvar": [0.0470086187124, 0.875137090683, 54.4012374878, 82.7990875244, 17.6096172333, 56.6853713989, 169.611053467, 253.544265747, 645.712341309, 426.579162598, 1098.25134277, 1832.91394043, 2695.9440918, 2409.87011719, 2352.63598633, 3074.78271484, 2270.69116211, 1459.66943359, 4085.67089844, 3000.24243164, 2996.76220703, 2067.1809082, 1618.09362793, 536.251831055, 571.018127441, 172.999099731, 73.3109817505, 44.4890556335, 66.0539627075, 56.6338806152, 24.1049461365, 15.1921825409, 3.65502667427, 2.96131920815, 4.75820875168, 0.596118450165, 0.154208481312, 0.00889765936881, 9.61657933658e-05, 1.44225111853e-07]}, "silence_rate_30dB": {"dvar2": 0, "var": 0, "min": 1, "dmean": 0, "mean": 1, "max": 1, "dmean2": 0, "median": 1, "dvar": 0}, "melbands_spread": {"dvar2": 220.08631897, "var": 417.866973877, "min": 0.675951898098, "dmean": 8.69176578522, "mean": 38.2187156677, "max": 231.240249634, "dmean2": 13.216422081, "median": 36.2053794861, "dvar": 98.6117324829}, "melbands_crest": {"dvar2": 22.2279415131, "var": 22.8408412933, "min": 2.88166618347, "dmean": 3.200745821, "mean": 11.9761142731, "max": 39.2665901184, "dmean2": 5.20530796051, "median": 10.9716749191, "dvar": 9.3328037262}, "zerocrossingrate": {"dvar2": 0.000245586357778, "var": 0.00173960137181, "min": 0, "dmean": 0.0123933926225, "mean": 0.0910562127829, "max": 0.837890625, "dmean2": 0.0139768719673, "median": 0.08935546875, "dvar": 0.000214135565329}, "barkbands_kurtosis": {"dvar2": 31.3482322693, "var": 20.3531513214, "min": -1.89940536022, "dmean": 1.50256967545, "mean": 1.16675615311, "max": 132.171112061, "dmean2": 2.38321208954, "median": -0.113258361816, "dvar": 12.5236492157}, "spectral_flux": {"dvar2": 0.00161732838023, "var": 0.00210540462285, "min": 1.47274904521e-05, "dmean": 0.0269169230014, "mean": 0.0991306304932, "max": 0.292341977358, "dmean2": 0.0421520657837, "median": 0.0912773907185, "dvar": 0.000797900662292}, "barkbands_crest": {"dvar2": 10.7501678467, "var": 12.5409088135, "min": 2.02548980713, "dmean": 2.19499945641, "mean": 7.98581886292, "max": 26.4422683716, "dmean2": 3.54696583748, "median": 7.16539096832, "dvar": 4.56199121475}, "barkbands_flatness_db": {"dvar2": 0.000631461385638, "var": 0.00241077132523, "min": 0.0116690276191, "dmean": 0.016492145136, "mean": 0.0877519398928, "max": 0.421730428934, "dmean2": 0.0242272391915, "median": 0.074079670012, "dvar": 0.000300583400531}, "spectral_entropy": {"dvar2": 0.0421307832003, "var": 0.150172919035, "min": 4.69137954712, "dmean": 0.123871453106, "mean": 7.80221939087, "max": 9.79875278473, "dmean2": 0.173107609153, "median": 7.89256763458, "dvar": 0.0227418616414}, "pitch_salience": {"dvar2": 0.00909892562777, "var": 0.00952994823456, "min": 0.0408119484782, "dmean": 0.0672579184175, "mean": 0.582195162773, "max": 0.858242750168, "dmean2": 0.108211040497, "median": 0.585541844368, "dvar": 0.00375138921663}, "erbbands_spread": {"dvar2": 141.982696533, "var": 220.664093018, "min": 3.79723477364, "dmean": 6.70819234848, "mean": 33.5932884216, "max": 164.050674438, "dmean2": 10.1612434387, "median": 32.0357246399, "dvar": 63.3710975647}, "dynamic_complexity": 1.86586821079, "spectral_contrast_valleys": {"dvar2": [0.300356954336, 0.345767110586, 0.221759706736, 0.161002129316, 0.136054754257, 0.174353316426], "var": [1.00404632092, 0.776110053062, 0.680011928082, 0.653151035309, 0.754335284233, 1.07714354992], "min": [-27.2500133514, -27.4529914856, -27.2376441956, -27.2552814484, -27.3344593048, -27.2356758118], "dmean": [0.397052198648, 0.399282842875, 0.318291097879, 0.269733399153, 0.220635607839, 0.250781923532], "mean": [-7.31246805191, -6.67206954956, -6.96347618103, -7.22373008728, -6.99980640411, -9.66495800018], "max": [-5.23071289062, -4.42267465591, -5.15089559555, -5.70044326782, -5.63924980164, -7.52966213226], "dmean2": [0.650471806526, 0.646842896938, 0.511729061604, 0.426648795605, 0.329089105129, 0.317200034857], "median": [-7.09142971039, -6.56551218033, -6.85080909729, -7.08139753342, -6.76869630814, -9.32990646362], "dvar": [0.127618104219, 0.147793129086, 0.100364163518, 0.0793371871114, 0.0782025381923, 0.113080881536]}, "hfc": {"dvar2": 142.455123901, "var": 519.252624512, "min": 5.53595675967e-08, "dmean": 7.04157590866, "mean": 35.758102417, "max": 206.478042603, "dmean2": 10.1565818787, "median": 31.7244987488, "dvar": 70.4828033447}, "spectral_kurtosis": {"dvar2": 6.73566675186, "var": 4.70674133301, "min": -1.39429187775, "dmean": 1.03617882729, "mean": 4.36706829071, "max": 40.2679481506, "dmean2": 1.66654455662, "median": 4.02496004105, "dvar": 2.62793946266}, "mfcc": {"mean": [-601.746704102, 101.305534363, -13.6843976974, 19.6935482025, 2.01607823372, 5.90763998032, 3.36351060867, 3.63108968735, 7.15917778015, 2.45178318024, -2.91275668144, -2.81003642082, -4.07325410843], "cov": [[4310.96240234, -740.917541504, 11.6355304718, 37.7938041687, 191.787322998, 100.326805115, 44.7411613464, 179.266265869, 137.404418945, 131.615753174, 111.996650696, 113.934204102, 68.2959671021], [-740.917541504, 1094.15161133, -2.67686367035, 58.5171546936, -89.5072631836, -57.5329246521, -20.5738945007, -69.9442596436, -40.8409194946, -94.332824707, -65.3199005127, -71.820930481, -70.4890594482], [11.6355304718, -2.67686367035, 563.317443848, 14.4344387054, 111.033653259, -12.8216485977, 78.0208511353, 23.108215332, -15.3696374893, 17.1235980988, 29.6039218903, 1.87106287479, -26.8137264252], [37.7938041687, 58.5171546936, 14.4344387054, 253.441452026, 20.0125160217, -22.2169151306, -17.882314682, 48.2844009399, 15.1871509552, -15.1786174774, 19.2208404541, 17.8144950867, -6.71719360352], [191.787322998, -89.5072631836, 111.033653259, 20.0125160217, 203.883590698, 83.143447876, 55.7581596375, 37.3536071777, 31.0548648834, 44.9693145752, 18.1620082855, 19.3414287567, 18.2584686279], [100.326805115, -57.5329246521, -12.8216485977, -22.2169151306, 83.143447876, 216.187789917, 51.9044723511, 31.3510456085, 16.9184036255, 37.9870529175, 17.4247894287, 5.7978720665, 29.6025180817], [44.7411613464, -20.5738945007, 78.0208511353, -17.882314682, 55.7581596375, 51.9044723511, 136.867950439, 39.5160636902, 10.8138093948, 22.9131660461, 5.29431200027, 9.72950458527, 1.53559422493], [179.266265869, -69.9442596436, 23.108215332, 48.2844009399, 37.3536071777, 31.3510456085, 39.5160636902, 122.737976074, 45.7890510559, 10.768951416, 19.1552410126, 13.3887815475, 12.0772018433], [137.404418945, -40.8409194946, -15.3696374893, 15.1871509552, 31.0548648834, 16.9184036255, 10.8138093948, 45.7890510559, 95.1016159058, 27.5982074738, 13.6634578705, 3.97033500671, 2.37890791893], [131.615753174, -94.332824707, 17.1235980988, -15.1786174774, 44.9693145752, 37.9870529175, 22.9131660461, 10.768951416, 27.5982074738, 97.6005706787, 27.3643741608, 6.7592010498, 9.97712898254], [111.996650696, -65.3199005127, 29.6039218903, 19.2208404541, 18.1620082855, 17.4247894287, 5.29431200027, 19.1552410126, 13.6634578705, 27.3643741608, 76.7102737427, 29.1448249817, 5.96377134323], [113.934204102, -71.820930481, 1.87106287479, 17.8144950867, 19.3414287567, 5.7978720665, 9.72950458527, 13.3887815475, 3.97033500671, 6.7592010498, 29.1448249817, 76.4572601318, 24.9994983673], [68.2959671021, -70.4890594482, -26.8137264252, -6.71719360352, 18.2584686279, 29.6025180817, 1.53559422493, 12.0772018433, 2.37890791893, 9.97712898254, 5.96377134323, 24.9994983673, 73.3963623047]], "icov": [[0.000285384565359, 0.000137456067023, 2.70122491202e-05, 1.10476185e-05, -0.00013707956532, 1.38341956699e-05, 8.01774003776e-05, -0.000237835556618, -0.000150119914906, -0.000111834895506, -9.23679835978e-05, -0.000193445506738, 3.6779234506e-05], [0.000137456067023, 0.00122612877749, -3.81877143809e-05, -0.000452008767752, 0.00022711577185, -0.000128111933009, -0.000276951846899, 0.00057601131266, -0.000206529293791, 0.00074942788342, 0.00033053610241, 0.000566898786929, 0.000585394969676], [2.70122491202e-05, -3.81877143809e-05, 0.00238440022804, 6.74085167702e-05, -0.00155618565623, 0.000901764025912, -0.00108572538011, -0.000284920271952, 0.00102770782541, 9.15439668461e-05, -0.00116102176253, 0.000485401047627, 0.000791718775872], [1.10476185e-05, -0.000452008767752, 6.74085167702e-05, 0.00494886375964, -0.000981515389867, 0.000668158114422, 0.0013814275153, -0.00249701645225, 0.000234127204749, 0.000658045115415, -0.000984336948022, -0.00107321399264, 0.000738306844141], [-0.00013707956532, 0.00022711577185, -0.00155618565623, -0.000981515389867, 0.00801921822131, -0.00246084947139, -0.00113534275442, 0.000313923548674, -0.00162008113693, -0.00172233954072, 0.00126533419825, -0.00105224410072, -0.00080073135905], [1.38341956699e-05, -0.000128111933009, 0.000901764025912, 0.000668158114422, -0.00246084947139, 0.00660180207342, -0.00164055859204, -0.000833482074086, 0.000617477751803, -0.000833171594422, -0.0014221194433, 0.00135540112387, -0.00187720730901], [8.01774003776e-05, -0.000276951846899, -0.00108572538011, 0.0013814275153, -0.00113534275442, -0.00164055859204, 0.0103980954736, -0.00353977759369, 0.000822123896796, -0.00153779494576, 0.00155201926827, -0.00192624598276, 0.00141060200986], [-0.000237835556618, 0.00057601131266, -0.000284920271952, -0.00249701645225, 0.000313923548674, -0.000833482074086, -0.00353977759369, 0.0132291428745, -0.00538778491318, 0.00209990725853, -0.00131181417964, 0.000738390022889, -0.00165854266379], [-0.000150119914906, -0.000206529293791, 0.00102770782541, 0.000234127204749, -0.00162008113693, 0.000617477751803, 0.000822123896796, -0.00538778491318, 0.0147068267688, -0.00338971288875, -0.000578869716264, 0.000509903824423, 0.00121900357772], [-0.000111834895506, 0.00074942788342, 9.15439668461e-05, 0.000658045115415, -0.00172233954072, -0.000833171594422, -0.00153779494576, 0.00209990725853, -0.00338971288875, 0.0146214840934, -0.00449076993391, 0.00189541582949, -0.000789797457401], [-9.23679835978e-05, 0.00033053610241, -0.00116102176253, -0.000984336948022, 0.00126533419825, -0.0014221194433, 0.00155201926827, -0.00131181417964, -0.000578869716264, -0.00449076993391, 0.0184924881905, -0.00666082603857, 0.00172670232132], [-0.000193445506738, 0.000566898786929, 0.000485401047627, -0.00107321399264, -0.00105224410072, 0.00135540112387, -0.00192624598276, 0.000738390022889, 0.000509903824423, 0.00189541582949, -0.00666082603857, 0.0186039786786, -0.0056321984157], [3.6779234506e-05, 0.000585394969676, 0.000791718775872, 0.000738306844141, -0.00080073135905, -0.00187720730901, 0.00141060200986, -0.00165854266379, 0.00121900357772, -0.000789797457401, 0.00172670232132, -0.0056321984157, 0.0175550859421]]}, "silence_rate_20dB": {"dvar2": 0, "var": 0, "min": 1, "dmean": 0, "mean": 1, "max": 1, "dmean2": 0, "median": 1, "dvar": 0}, "melbands_kurtosis": {"dvar2": 242.204315186, "var": 163.693115234, "min": -1.80214715004, "dmean": 4.02296543121, "mean": 5.67724180222, "max": 509.394958496, "dmean2": 6.38919878006, "median": 2.32030391693, "dvar": 104.736297607}, "barkbands_spread": {"dvar2": 121.193099976, "var": 203.796966553, "min": 0.806328475475, "dmean": 6.32638025284, "mean": 31.3260688782, "max": 158.803634644, "dmean2": 9.6333990097, "median": 30.7330780029, "dvar": 51.6953926086}, "erbbands_skewness": {"dvar2": 0.231457546353, "var": 0.439411789179, "min": -5.53780126572, "dmean": 0.316630750895, "mean": 0.13159313798, "max": 5.98609638214, "dmean2": 0.481704860926, "median": 0.102017179132, "dvar": 0.10125990212}, "average_loudness": 0.954556584358, "spectral_centroid": {"dvar2": 161945.734375, "var": 403270.25, "min": 153.515075684, "dmean": 243.2265625, "mean": 1807.76599121, "max": 11022.7109375, "dmean2": 370.254608154, "median": 1887.50219727, "dvar": 75247.6484375}, "dissonance": {"dvar2": 0.000697223935276, "var": 0.000646139727905, "min": 0.142880573869, "dmean": 0.015085875988, "mean": 0.473159968853, "max": 0.500000059605, "dmean2": 0.0253654718399, "median": 0.480270057917, "dvar": 0.000266044284217}, "erbbands_flatness_db": {"dvar2": 0.000504551338963, "var": 0.00231378595345, "min": 0.0192443002015, "dmean": 0.0160180144012, "mean": 0.137921094894, "max": 0.401677638292, "dmean2": 0.0222904272377, "median": 0.130767613649, "dvar": 0.00028446665965}, "spectral_strongpeak": {"dvar2": 4.66691398621, "var": 4.38347053528, "min": 0, "dmean": 0.930528581142, "mean": 1.66386127472, "max": 16.0881118774, "dmean2": 1.57270300388, "median": 0.695099890232, "dvar": 1.95305991173}, "spectral_rms": {"dvar2": 1.95529651137e-06, "var": 2.04289449357e-06, "min": 6.8851704782e-08, "dmean": 0.000723778270185, "mean": 0.00501268450171, "max": 0.0105313407257, "dmean2": 0.00113269744907, "median": 0.00502518843859, "dvar": 8.18586727291e-07}, "silence_rate_60dB": {"dvar2": 0.00938462466002, "var": 0.0115902405232, "min": 0, "dmean": 0.0043511162512, "mean": 0.011727985926, "max": 1, "dmean2": 0.00870305579156, "median": 0, "dvar": 0.00433232402429}, "melbands": {"dvar2": [5.36367178938e-06, 2.44122402364e-05, 5.29224507773e-06, 3.23972386695e-07, 4.25763346357e-07, 3.26740320133e-07, 3.4333061194e-07, 1.11006890791e-07, 1.9333118928e-07, 1.71274464833e-07, 1.85207341019e-07, 9.39838713521e-08, 6.61660379819e-08, 6.14617121641e-08, 3.92191026322e-08, 2.59328754026e-08, 1.42799994052e-08, 2.63880686191e-08, 2.65465640581e-08, 1.23245964545e-08, 1.44626035592e-08, 8.13263500987e-09, 5.55618973053e-09, 2.61030774773e-09, 1.1458854976e-09, 1.49910073244e-09, 5.6496302081e-10, 2.252077691e-10, 9.89526446893e-11, 7.28405044614e-11, 5.14971364163e-11, 7.91397294919e-11, 5.38987743326e-11, 3.90951611362e-11, 2.17623124382e-11, 1.55724808049e-11, 1.6974460032e-11, 5.41203280108e-12, 3.56756182755e-12, 6.17948530887e-12], "var": [2.24242853619e-06, 6.52627295494e-06, 1.58180750987e-06, 1.93819033711e-07, 3.29924006337e-07, 2.25436465939e-07, 1.74326657998e-07, 9.99390152856e-08, 2.16525492647e-07, 1.52822053678e-07, 9.44378442114e-08, 9.83128884968e-08, 5.81039287795e-08, 9.68480975416e-08, 5.96776388306e-08, 7.13220345006e-08, 1.57961750347e-08, 5.21182315083e-08, 6.46807762905e-08, 1.7545879416e-08, 1.45058480783e-08, 7.28164728514e-09, 5.28405186273e-09, 3.89541199297e-09, 1.23102827931e-09, 1.44392142687e-09, 5.6569976481e-10, 2.94549135083e-10, 1.40777972613e-10, 9.24068599417e-11, 6.39680045045e-11, 8.0876735864e-11, 3.74914890799e-11, 2.55103351637e-11, 2.11044879489e-11, 1.382989296e-11, 1.39678156194e-11, 4.88082968139e-12, 3.9798273184e-12, 5.59374985568e-12], "min": [2.43793077089e-13, 2.0702825237e-14, 7.99700915568e-15, 2.58805733192e-14, 1.57375790866e-14, 8.8842676976e-15, 8.51330368912e-15, 5.58674132889e-15, 3.36667030347e-15, 2.88694684105e-15, 2.17687149807e-15, 1.73703174664e-15, 1.50103746198e-15, 1.09370027056e-15, 7.57384144787e-16, 1.02873167884e-15, 7.6120653978e-16, 5.82906686718e-16, 6.9531267044e-16, 4.01048712943e-16, 1.60392808933e-16, 1.12352448592e-16, 1.13009415287e-16, 2.23929147354e-16, 4.19440339327e-16, 2.13024895177e-16, 1.1783107093e-16, 1.04559295491e-16, 4.93851343328e-17, 6.84963317488e-17, 1.32298843655e-16, 1.41301625979e-16, 1.93608676564e-16, 1.85653303419e-16, 7.33197873367e-17, 2.64270689579e-17, 7.05864318683e-17, 1.39669353785e-16, 2.1279094203e-16, 8.50490760738e-17], "dmean": [0.000634259020444, 0.0012849153718, 0.000645282096229, 0.000212879691389, 0.000209424790228, 0.000188389734831, 0.000160805298947, 0.000116035276733, 0.000151127998834, 0.000142712786328, 0.000130055006593, 0.000114849048259, 7.68165336922e-05, 6.39775025775e-05, 6.05784625805e-05, 4.87920224259e-05, 4.16222173953e-05, 5.90361269133e-05, 5.31169971509e-05, 3.71801797883e-05, 3.59385667252e-05, 3.01051659335e-05, 1.84613563761e-05, 1.35553618748e-05, 1.1069676475e-05, 1.29906284201e-05, 7.85259908298e-06, 6.32715182292e-06, 4.46960348199e-06, 3.59380965165e-06, 3.35232039106e-06, 3.66365247828e-06, 1.64645553014e-06, 1.23417669329e-06, 1.29911813929e-06, 1.16283160878e-06, 1.10748271709e-06, 6.90364686307e-07, 5.70835481994e-07, 6.47600415959e-07], "mean": [0.000829414231703, 0.00158608332276, 0.0009211540455, 0.000377343065338, 0.000346535205608, 0.000286874477752, 0.000206665179576, 0.00017794095038, 0.000263203895884, 0.000247735122684, 0.000187684505363, 0.000199725604034, 0.000129936408484, 0.000113316789793, 0.000115526767331, 0.000105682411231, 7.25257923477e-05, 0.000117357209092, 0.000113987429359, 7.09192245267e-05, 7.09928499418e-05, 5.74915975449e-05, 3.65168962162e-05, 2.83252520603e-05, 2.31239100685e-05, 2.72759352811e-05, 1.78017653525e-05, 1.55448251462e-05, 1.12265079224e-05, 8.53895471664e-06, 8.40279062686e-06, 9.12043014978e-06, 3.82612597605e-06, 2.69832389677e-06, 3.02095213556e-06, 2.6550808343e-06, 2.48207879849e-06, 1.71484396105e-06, 1.38666962357e-06, 1.58083764745e-06], "max": [0.0155972037464, 0.0259790699929, 0.0141024366021, 0.0106532787904, 0.00734364707023, 0.00717857992277, 0.00542825832963, 0.00429062359035, 0.0100176986307, 0.0057828607969, 0.00550600094721, 0.00438041612506, 0.00414741225541, 0.00597498565912, 0.00358338514343, 0.00341434334405, 0.00238511920907, 0.00280327326618, 0.00298014678992, 0.0015693209134, 0.00181072158739, 0.00159289280418, 0.00152142369188, 0.0013933791779, 0.000527214608155, 0.000547064933926, 0.000419654592406, 0.000254877086263, 0.000119910895592, 0.000138221686939, 9.32398324949e-05, 0.000140592645039, 0.000263673777226, 0.000259950960753, 0.000167716178112, 0.000123399760923, 0.000170576022356, 5.94832199567e-05, 6.73840404488e-05, 6.78604847053e-05], "dmean2": [0.0010029260302, 0.00229182397015, 0.00112246500794, 0.000355277792551, 0.0003