{"tonal": {"thpcp": [1, 0.558116257191, 0.278161734343, 0.379072606564, 0.309758454561, 0.225261285901, 0.269824624062, 0.239313781261, 0.276247292757, 0.336371570826, 0.248348712921, 0.288255542517, 0.433550029993, 0.369362562895, 0.533766448498, 0.853828668594, 0.595244169235, 0.206416159868, 0.12049099803, 0.148450642824, 0.496926099062, 0.89996111393, 0.678172707558, 0.646634638309, 0.943369626999, 0.566014409065, 0.147239029408, 0.121030449867, 0.120497122407, 0.191200688481, 0.274851113558, 0.209573596716, 0.14652967453, 0.16988645494, 0.245278000832, 0.709512174129], "hpcp": {"dmean2": [0.22776684165, 0.199911668897, 0.159168869257, 0.142328634858, 0.137132421136, 0.122606731951, 0.122277289629, 0.123848125339, 0.11523912102, 0.108275845647, 0.116472810507, 0.12536072731, 0.12465108186, 0.152175858617, 0.177428528666, 0.177612960339, 0.172718763351, 0.129194915295, 0.0909283012152, 0.103123486042, 0.15417906642, 0.186267822981, 0.209435492754, 0.234407797456, 0.21181204915, 0.165333896875, 0.103842958808, 0.0979622378945, 0.0966539308429, 0.0964316055179, 0.104190982878, 0.0941796004772, 0.081675671041, 0.103607073426, 0.151740938425, 0.218009740114], "median": [0.137340784073, 0.0898933261633, 0.0109534617513, 0.00400608032942, 0.00485257990658, 0.0116851907223, 0.0134872663766, 0.0133093874902, 0.00972511619329, 0.0115172443911, 0.0108887553215, 0.014321343042, 0.018373908475, 0.0221210401505, 0.0535634197295, 0.0565459020436, 0.0324904359877, 0.00904444605112, 0.00608638068661, 0.00727519253269, 0.0377443730831, 0.0678346306086, 0.0789445191622, 0.105762928724, 0.107666447759, 0.0519213527441, 0.00590298883617, 0.00389818334952, 0.00500723347068, 0.00996452476829, 0.0129740480334, 0.0116521790624, 0.0107866190374, 0.0115214781836, 0.021093647927, 0.0913428142667], "min": [0, 0, 0, 0, 0, 0, 0, 0, 0, 0, 0, 0, 0, 0, 0, 0, 0, 0, 0, 0, 0, 0, 0, 0, 0, 0, 0, 0, 0, 0, 0, 0, 0, 0, 0, 0], "dvar2": [0.105440542102, 0.0798755437136, 0.081002406776, 0.0819475874305, 0.0751297920942, 0.06100012362, 0.0639031678438, 0.0628146976233, 0.0577258430421, 0.051055714488, 0.0546875335276, 0.0637708306313, 0.0606999583542, 0.073827624321, 0.0752654895186, 0.0827043280005, 0.081508718431, 0.066929705441, 0.0558686032891, 0.0537585876882, 0.0656408369541, 0.0868703201413, 0.0911127626896, 0.100180216134, 0.102764852345, 0.071371011436, 0.0547890104353, 0.0671868473291, 0.0693489983678, 0.047506429255, 0.0588981099427, 0.0472367852926, 0.0366063080728, 0.0541569665074, 0.0764938518405, 0.0944197922945], "dvar": [0.044840041548, 0.0294663738459, 0.0288131758571, 0.0312984846532, 0.0276504773647, 0.022604463622, 0.0255295541137, 0.0238977335393, 0.0223238319159, 0.019766645506, 0.0202691350132, 0.0227732099593, 0.0232610423118, 0.0275540929288, 0.0285524223, 0.0352060981095, 0.0311328116804, 0.0242220796645, 0.0196798276156, 0.0198700428009, 0.0253831129521, 0.0370703600347, 0.0347004979849, 0.036739077419, 0.0414745882154, 0.0269389562309, 0.0192827135324, 0.0234085768461, 0.0243453849107, 0.017490234226, 0.0225431937724, 0.0172528643161, 0.0137462010607, 0.0193811692297, 0.0276490487158, 0.0362627990544], "dmean": [0.135606974363, 0.115403957665, 0.0879373699427, 0.0796929225326, 0.077803298831, 0.0688921958208, 0.070370785892, 0.0710165277123, 0.0667597427964, 0.0625780895352, 0.0664219781756, 0.070778042078, 0.0723218843341, 0.0877558663487, 0.105700694025, 0.106578201056, 0.102291308343, 0.0730626732111, 0.0501294694841, 0.0579037442803, 0.0924413725734, 0.112232066691, 0.124138377607, 0.13516625762, 0.124818876386, 0.0977621152997, 0.056927356869, 0.0525072813034, 0.0520636290312, 0.0542857050896, 0.0595127902925, 0.0535410232842, 0.0459126904607, 0.0577136203647, 0.0846910402179, 0.129210144281], "max": [1, 1, 1, 1, 1, 1, 1, 1, 1, 1, 1, 1, 1, 1, 1, 1, 1, 1, 1, 1, 1, 1, 1, 1, 1, 1, 1, 1, 1, 1, 1, 1, 1, 1, 1, 1], "var": [0.128716036677, 0.0461533740163, 0.0285231657326, 0.0685505345464, 0.0440451651812, 0.0266197901219, 0.0366649962962, 0.0268990956247, 0.0393496900797, 0.0566414855421, 0.0300468616188, 0.0325002558529, 0.0665123611689, 0.0452032797039, 0.0554660446942, 0.127803593874, 0.0776701495051, 0.0221648607403, 0.0135698495433, 0.0164717622101, 0.0510924048722, 0.133561313152, 0.0747400298715, 0.0589810758829, 0.134434491396, 0.0614950954914, 0.014357062988, 0.015362534672, 0.0156676787883, 0.020134055987, 0.0426763258874, 0.0237762052566, 0.0140329059213, 0.0172832980752, 0.0240212492645, 0.0760862678289], "mean": [0.317310363054, 0.177096068859, 0.0882636010647, 0.120283670723, 0.0982895642519, 0.071477741003, 0.0856181532145, 0.0759367421269, 0.0876561328769, 0.106734186411, 0.0788036212325, 0.0914664715528, 0.137569919229, 0.117202565074, 0.169369623065, 0.270928680897, 0.188877150416, 0.0654979869723, 0.0382330417633, 0.0471049286425, 0.157679796219, 0.285566985607, 0.215191230178, 0.205183878541, 0.299340963364, 0.179602235556, 0.0467204712331, 0.0384042151272, 0.0382349863648, 0.0606699585915, 0.0872131064534, 0.0664998739958, 0.046495385468, 0.0539067350328, 0.0778292492032, 0.225135564804]}, "tuning_equal_tempered_deviation": 0.0313548743725, "chords_changes_rate": 0.0364438258111, "key_key": "D", "tuning_diatonic_strength": 0.53992331028, "key_scale": "minor", "chords_number_rate": 0.00232126284391, "tuning_frequency": 438.731048584, "tuning_nontempered_energy_ratio": 0.657157540321, "chords_histogram": [24.9071502686, 11.8384399414, 0.905292451382, 1.0909935236, 1.25348186493, 3.34261846542, 0, 0.464252561331, 0.0464252568781, 37.2562675476, 1.04456830025, 0.208913654089, 0, 0, 0, 0, 0.0464252568781, 1.04456830025, 0.533890426159, 0, 0, 0, 2.50696372986, 13.5097494125], "key_strength": 0.8240686059, "chords_key": "A", "chords_strength": {"dmean2": 0.00762812141329, "median": 0.597745001316, "min": -1, "dvar2": 0.000993992318399, "dvar": 0.00056839856552, "dmean": 0.00953627470881, "max": 0.817626953125, "var": 0.0469693988562, "mean": 0.557453095913}, "chords_scale": "major", "hpcp_entropy": {"dmean2": 0.90900683403, "median": 1.79286384583, "min": 0, "dvar2": 0.762715339661, "dvar": 0.300781726837, "dmean": 0.55277556181, "max": 4.27934360504, "var": 0.675491809845, "mean": 1.78634333611}}, "metadata": {"audio_properties": {"equal_loudness": 0, "codec": "flac", "downmix": "mix", "sample_rate": 44100, "analysis_sample_rate": 44100, "bit_rate": 0, "md5_encoded": "a7b1471308107b7fec2e8fc15daac067", "length": 199.986663818, "replay_gain": -13.3560009003, "lossless": true}, "version": {"essentia_build_sha": "c0e182ba78c2de26e491b7b7a4a2c98c1ed34208", "essentia": "2.1-beta2", "extractor": "music 1.0", "essentia_git_sha": "v2.1_beta2-2-gbb40004"}, "tags": {"title": ["I Fought the Angels"], "artist": ["The Delgados"], "date": ["2006-00-00"], "file_name": "10-I_Fought_the_Angels.flac", "musicbrainz_albumid": ["62dcfaf3-cbfe-45c9-a27d-dc2ceeb6ae59"], "album": ["The Complete BBC Peel Sessions (disc 2)"], "tracknumber": ["10"], "musicbrainz_artistid": ["d629843e-d2b9-4665-a203-19f9c7f811ef"], "musicbrainz_recordingid": ["1e27c921-f03d-460d-8325-3bbad4d06bf7"]}}, "rhythm": {"bpm_histogram_first_peak_bpm": {"dmean2": 0, "median": 126, "min": 126, "dvar2": 0, "dvar": 0, "dmean": 0, "max": 126, "var": 0, "mean": 126}, "bpm": 125.609024048, "bpm_histogram_second_peak_spread": {"dmean2": 0, "median": 0.415384590626, "min": 0.415384590626, "dvar2": 0, "dvar": 0, "dmean": 0, "max": 0.415384590626, "var": 0, "mean": 0.415384590626}, "bpm_histogram_first_peak_weight": {"dmean2": 0, "median": 0.38083538413, "min": 0.38083538413, "dvar2": 0, "dvar": 0, "dmean": 0, "max": 0.38083538413, "var": 0, "mean": 0.38083538413}, "onset_rate": 2.92992568016, "beats_position": [0.545668900013, 1.10294783115, 1.66022670269, 2.21750569344, 2.77478456497, 3.29723358154, 3.80807256699, 4.31891155243, 4.82975053787, 5.34058952332, 5.85142850876, 6.3622674942, 6.84988641739, 7.3491153717, 7.84834432602, 8.33596324921, 8.85841274261, 9.36925125122, 9.86848068237, 10.379319191, 10.8901586533, 11.4009971619, 11.9118366241, 12.4226751328, 12.933514595, 13.4443531036, 13.9435825348, 14.4428119659, 14.9536504745, 15.4644899368, 15.9521083832, 16.4397277832, 16.9505672455, 17.4614048004, 17.9722442627, 18.483083725, 19.0055332184, 19.5279808044, 20.0388202667, 20.549659729, 21.0488891602, 21.5597267151, 22.0821762085, 22.5930156708, 23.1038551331, 23.614692688, 24.1255321503, 24.6363716125, 25.1472110748, 25.6580486298, 26.168888092, 26.6681175232, 27.1789569855, 27.6897945404, 28.2122440338, 28.7346935272, 29.2571430206, 29.7679805756, 30.290430069, 30.8012695312, 31.3237190247, 31.8345565796, 32.3453979492, 32.8562355042, 33.3670730591, 33.8779144287, 34.3887519836, 34.8995895386, 35.4104309082, 35.9212684631, 36.4204978943, 36.9197273254, 37.4189567566, 37.9297943115, 38.4406356812, 38.9398651123, 39.4507026672, 39.9615402222, 40.4723815918, 40.9832191467, 41.4940567017, 42.0048980713, 42.5273475647, 43.0497932434, 43.5838546753, 44.1179122925, 44.6403617859, 45.1628112793, 45.6736488342, 46.1844902039, 46.6953277588, 47.2061653137, 47.7170066833, 48.2278442383, 48.7386856079, 49.2495231628, 49.7603607178, 50.2712020874, 50.7820396423, 51.2928771973, 51.7804985046, 52.2797279358, 52.7789573669, 53.2781867981, 53.7774124146, 54.2882537842, 54.7874832153, 55.2867126465, 55.7975502014, 56.3083877563, 56.819229126, 57.3184585571, 57.8176841736, 58.3169136047, 58.8161430359, 59.3269844055, 59.8378219604, 60.3370513916, 60.8362808228, 61.3355102539, 61.8347396851, 62.34557724, 62.8564147949, 63.3556442261, 63.8548736572, 64.3657150269, 64.8765487671, 65.3757781982, 65.8750076294, 66.385848999, 66.8850784302, 67.3843078613, 67.895149231, 68.3943786621, 68.8936004639, 69.3812255859, 69.8688430786, 70.3564605713, 70.844078064, 71.3316955566, 71.8193206787, 72.2837142944, 72.7713394165, 73.2589569092, 73.7465744019, 74.2341918945, 74.7218093872, 75.1978225708, 75.673828125, 76.1614532471, 76.6490707397, 77.1250762939, 77.6126937866, 78.0887069702, 78.5763244629, 79.0523376465, 79.5283432007, 80.0159606934, 80.503578186, 80.9795913696, 81.4555969238, 81.9432220459, 82.4308395386, 82.9068450928, 83.3828582764, 83.870475769, 84.3580932617, 84.8341064453, 85.3101119995, 85.7977294922, 86.2737426758, 86.7613601685, 87.2373657227, 87.7249908447, 88.2126083374, 88.7002258301, 89.1878433228, 89.6754608154, 90.1630859375, 90.6390914917, 91.1150970459, 91.602722168, 92.0903396606, 92.5663452148, 93.0423583984, 93.5299758911, 94.0059814453, 94.4703826904, 94.946395874, 95.4224014282, 95.8984146118, 96.374420166, 96.8504257202, 97.3380508423, 97.825668335, 98.3132858276, 98.8009033203, 99.2769165039, 99.7529220581, 100.228935242, 100.704940796, 101.180953979, 101.656959534, 102.144577026, 102.632194519, 103.108207703, 103.584213257, 104.071838379, 104.547843933, 105.023849487, 105.499862671, 105.987480164, 106.463493347, 106.939498901, 107.415504456, 107.891517639, 108.367523193, 108.843536377, 109.307937622, 109.783943176, 110.271560669, 110.747573853, 111.223579407, 111.69959259, 112.175598145, 112.651611328, 113.127616882, 113.603622437, 114.07963562, 114.555641174, 115.031654358, 115.496055603, 115.972061157, 116.45967865, 116.935691833, 117.411697388, 117.887710571, 118.375328064, 118.839729309, 119.315734863, 119.791740417, 120.27936554, 120.766983032, 121.242988586, 121.71900177, 122.206619263, 122.694236755, 123.170249939, 123.646255493, 124.133872986, 124.621498108, 125.097503662, 125.573509216, 126.061134338, 126.548751831, 127.036369324, 127.523986816, 127.988388062, 128.452789307, 128.917190552, 129.393188477, 129.86920166, 130.333602905, 130.821228027, 131.297225952, 131.773239136, 132.249252319, 132.725265503, 133.212875366, 133.700500488, 134.176498413, 134.652511597, 135.140136719, 135.616149902, 136.080535889, 136.556549072, 137.032562256, 137.508575439, 137.984573364, 138.460586548, 138.94821167, 139.424209595, 139.900222778, 140.3878479, 140.863845825, 141.339859009, 141.815872192, 142.291885376, 142.767883301, 143.243896484, 143.719909668, 144.195922852, 144.671920776, 145.14793396, 145.612335205, 146.088348389, 146.564346313, 147.028747559, 147.493148804, 147.969161987, 148.445159912, 148.932785034, 149.397186279, 149.873199463, 150.337600708, 150.813598633, 151.289611816, 151.765625, 152.241622925, 152.717636108, 153.182037354, 153.646438599, 154.122451782, 154.598449707, 155.086074829, 155.562088013, 156.038085938, 156.514099121, 156.990112305, 157.477722168, 157.942123413, 158.418136597, 158.882537842, 159.358551025, 159.83454895, 160.310562134, 160.774963379, 161.239364624, 161.715377808, 162.191375732, 162.655776978, 163.131790161, 163.607803345, 164.08380127, 164.559814453, 165.024215698, 165.500228882, 165.976226807, 166.45223999, 166.928253174, 167.404266357, 167.880264282, 168.333053589, 168.797454834, 169.261856079, 169.737869263, 170.225479126, 170.70149231, 171.177505493, 171.665115356, 172.152740479, 172.640365601, 173.104751587, 173.580764771, 174.056777954, 174.521179199, 174.985580444, 175.449981689, 175.914367676, 176.378768921, 176.843170166, 177.31918335, 177.795196533, 178.25958252, 178.735595703, 179.211608887, 179.68762207, 180.163619995, 180.639633179, 181.115646362, 181.591659546, 182.067657471, 182.532058716, 182.996459961, 183.449249268, 183.902038574, 184.378051758, 184.865661621, 185.341674805, 185.80607605, 186.282089233, 186.758087158, 187.234100342, 187.710113525, 188.197723389, 188.673736572, 189.149749756, 189.625762939, 190.101760864, 190.577774048, 191.053787231, 191.529785156, 192.00579834, 192.481811523, 192.957824707, 193.433822632, 193.909835815, 194.397460938, 194.885070801, 195.384307861, 195.883529663, 196.371154785, 196.870376587, 197.358001709, 197.857223511, 198.356460571, 198.855682373, 199.354919434], "beats_loudness": {"dmean2": 0.0276721771806, "median": 0.0327155925333, "min": 1.09766551404e-09, "dvar2": 0.000575513811782, "dvar": 0.000179564929567, "dmean": 0.0148765323684, "max": 0.0947828739882, "var": 0.000263404770521, "mean": 0.0336328595877}, "danceability": 1.07395875454, "bpm_histogram_second_peak_weight": {"dmean2": 0, "median": 0.186732187867, "min": 0.186732187867, "dvar2": 0, "dvar": 0, "dmean": 0, "max": 0.186732187867, "var": 0, "mean": 0.186732187867}, "beats_count": 408, "bpm_histogram_second_peak_bpm": {"dmean2": 0, "median": 117, "min": 117, "dvar2": 0, "dvar": 0, "dmean": 0, "max": 117, "var": 0, "mean": 117}, "bpm_histogram_first_peak_spread": {"dmean2": 0, "median": 0.42164182663, "min": 0.42164182663, "dvar2": 0, "dvar": 0, "dmean": 0, "max": 0.42164182663, "var": 0, "mean": 0.42164182663}, "beats_loudness_band_ratio": {"dmean2": [0.280598133802, 0.261792987585, 0.158947080374, 0.092347189784, 0.0795212388039, 0.085621342063], "median": [0.419970095158, 0.260533452034, 0.0838859453797, 0.0259605906904, 0.0602999143302, 0.032792404294], "min": [0.00020071704057, 0.000130157219246, 0.00022511833231, 0.000195857239305, 0.000138514005812, 4.8609530495e-05], "dvar2": [0.043403621763, 0.0452588684857, 0.0263434685767, 0.0156164811924, 0.0051388964057, 0.0150039661676], "dvar": [0.0175401996821, 0.0158191714436, 0.00934992637485, 0.00586425466463, 0.00172447855584, 0.00720875803381], "dmean": [0.163005426526, 0.15257935226, 0.0893013253808, 0.0531335584819, 0.0467124506831, 0.04812926054], "max": [0.907011508942, 0.825348973274, 0.708887934685, 0.517997086048, 0.362231552601, 0.997256398201], "var": [0.0429445952177, 0.029455140233, 0.0112644946203, 0.00549918832257, 0.00223303632811, 0.0197324808687], "mean": [0.428008198738, 0.295288562775, 0.12004493922, 0.0548048429191, 0.0682733282447, 0.068729378283]}}, "lowlevel": {"barkbands_spread": {"dmean2": 6.01972389221, "median": 11.559800148, "min": 0.401853442192, "dvar2": 82.2714996338, "dvar": 45.4886550903, "dmean": 4.22699594498, "max": 153.916015625, "var": 181.568206787, "mean": 14.9869337082}, "melbands_spread": {"dmean2": 6.64188241959, "median": 10.5266075134, "min": 0.687186539173, "dvar2": 138.849456787, "dvar": 67.0750198364, "dmean": 4.36148786545, "max": 239.171386719, "var": 448.784301758, "mean": 15.9710283279}, "hfc": {"dmean2": 6.37738656998, "median": 13.7869682312, "min": 1.15245013167e-16, "dvar2": 157.045028687, "dvar": 86.2267303467, "dmean": 4.54051446915, "max": 225.310028076, "var": 334.261749268, "mean": 17.7283935547}, "barkbands_kurtosis": {"dmean2": 9.27551269531, "median": 6.37990474701, "min": -1.91088414192, "dvar2": 1350.45776367, "dvar": 520.86114502, "dmean": 5.90152263641, "max": 848.796020508, "var": 5296.41601562, "mean": 19.3665904999}, "gfcc": {"mean": [-48.8123626709, 113.234985352, -97.0625228882, 28.6193237305, -44.7448883057, -12.9200668335, -40.3146438599, 4.35227441788, -24.3946304321, -5.91272735596, -11.9156227112, -6.06982469559, -6.27287054062], "icov": [[0.000104597551399, -0.00015654481831, 0.000167325299117, -0.000262869085418, 0.000116615730803, -0.000290329073323, 0.000257140549365, -0.00020246526401, 0.000366607739124, -0.00026220921427, 0.000444474833785, -0.000352941046003, 0.00033702381188], [-0.00015654481831, 0.00103086582385, 8.12163634691e-05, 0.000203979274374, -0.000460499722976, 0.000953879323788, -0.000346257525962, 0.000635771546513, -0.00040156088653, 0.00133727304637, -0.00142312399112, 0.00158127618488, -0.000527938711457], [0.000167325299117, 8.12163634691e-05, 0.00179654394742, -0.000264988892013, -0.000679211283568, -0.000920466613024, 0.00067727919668, -0.000286918162601, -7.17330767657e-05, -0.000327220826875, 0.000863970140927, -0.00186068250332, 0.00191510259174], [-0.000262869085418, 0.000203979274374, -0.000264988892013, 0.00230773724616, -0.000148457635078, 0.000867827620823, -0.000221448906814, -0.000301251129713, -0.00217744568363, 0.00125104875769, -0.000913270574529, -0.000531024823431, 0.000730095256586], [0.000116615730803, -0.000460499722976, -0.000679211283568, -0.000148457635078, 0.0050339740701, 0.00113103911281, -0.00218594772741, -0.000344595697243, -0.00128655147273, 0.000957563810516, 0.001237251563, 0.000868470757268, 0.000399102631491], [-0.000290329073323, 0.000953879323788, -0.000920466613024, 0.000867827620823, 0.00113103911281, 0.00506333447993, -0.00185869960114, -0.000501293165144, 0.000156535272254, -0.000793814717326, -0.000259313412244, 0.00101413170341, 0.000942877610214], [0.000257140549365, -0.000346257525962, 0.00067727919668, -0.000221448906814, -0.00218594772741, -0.00185869960114, 0.00711818039417, 0.000723445555195, -0.00026316018193, -0.000336703378707, -0.000554134720005, -0.00207285443321, 0.00191274075769], [-0.00020246526401, 0.000635771546513, -0.000286918162601, -0.000301251129713, -0.000344595697243, -0.000501293165144, 0.000723445555195, 0.00855786073953, -0.000203253803193, 0.000930877926294, -0.00102509243879, 0.000444201519713, 0.000102802740003], [0.000366607739124, -0.00040156088653, -7.17330767657e-05, -0.00217744568363, -0.00128655147273, 0.000156535272254, -0.00026316018193, -0.000203253803193, 0.0115567492321, -0.004071011208, 0.00269842590205, -0.00116434076335, 0.00197753380053], [-0.00026220921427, 0.00133727304637, -0.000327220826875, 0.00125104875769, 0.000957563810516, -0.000793814717326, -0.000336703378707, 0.000930877926294, -0.004071011208, 0.0169524885714, -0.00490094628185, 0.000593767734244, -0.000752751075197], [0.000444474833785, -0.00142312399112, 0.000863970140927, -0.000913270574529, 0.001237251563, -0.000259313412244, -0.000554134720005, -0.00102509243879, 0.00269842590205, -0.00490094628185, 0.016275189817, -0.00657036760822, 0.00264872517437], [-0.000352941046003, 0.00158127618488, -0.00186068250332, -0.000531024823431, 0.000868470757268, 0.00101413170341, -0.00207285443321, 0.000444201519713, -0.00116434076335, 0.000593767734244, -0.00657036760822, 0.0168447420001, -0.00642406800762], [0.00033702381188, -0.000527938711457, 0.00191510259174, 0.000730095256586, 0.000399102631491, 0.000942877610214, 0.00191274075769, 0.000102802740003, 0.00197753380053, -0.000752751075197, 0.00264872517437, -0.00642406800762, 0.0165639389306]], "cov": [[35162.21875, 1793.13293457, -2196.57519531, 2443.48925781, -1668.0480957, 913.427307129, -1216.82421875, 757.252807617, -718.856262207, -0.643199026585, -230.659210205, 27.3211536407, -254.741119385], [1793.13293457, 3348.92797852, -1127.0847168, 145.08543396, 378.895080566, -872.391113281, -7.02589941025, -224.230026245, -32.4343643188, -302.452789307, 31.7211265564, -297.213470459, 106.69052124], [-2196.57519531, -1127.0847168, 1332.66040039, 35.4708023071, 102.446540833, 353.177459717, 100.780654907, 78.6533432007, 132.769485474, 103.613426208, -13.0729160309, 140.377746582, -136.180953979], [2443.48925781, 145.08543396, 35.4708023071, 873.869140625, 17.4682598114, -39.5318450928, -34.6496238708, 84.3619384766, 104.426055908, -25.5036640167, 0.143022984266, 41.7513923645, -79.8614196777], [-1668.0480957, 378.895080566, 102.446540833, 17.4682598114, 444.366851807, -202.770980835, 147.627929688, -59.8408279419, 103.816596985, -61.9291992188, -16.0263175964, -52.3735771179, -15.3976621628], [913.427307129, -872.391113281, 353.177459717, -39.5318450928, -202.770980835, 559.968017578, 8.12808322906, 104.00933075, -31.7748279572, 108.134872437, -10.7180938721, 75.210899353, -74.4651031494], [-1216.82421875, -7.02589941025, 100.780654907, -34.6496238708, 147.627929688, 8.12808322906, 237.168792725, -36.6284217834, 54.7015457153, 2.37126684189, 19.2994632721, 9.92567825317, -22.4296035767], [757.252807617, -224.230026245, 78.6533432007, 84.3619384766, -59.8408279419, 104.00933075, -36.6284217834, 160.178497314, -7.34832334518, 18.5198955536, -4.10519886017, 24.1022567749, -24.8868618011], [-718.856262207, -32.4343643188, 132.769485474, 104.426055908, 103.816596985, -31.7748279572, 54.7015457153, -7.34832334518, 153.475204468, 14.3153991699, -5.22381210327, 7.02953767776, -27.4354896545], [-0.643199026585, -302.452789307, 103.613426208, -25.5036640167, -61.9291992188, 108.134872437, 2.37126684189, 18.5198955536, 14.3153991699, 101.420921326, 18.8458843231, 35.7827453613, -11.7703046799], [-230.659210205, 31.7211265564, -13.0729160309, 0.143022984266, -16.0263175964, -10.7180938721, 19.2994632721, -4.10519886017, -5.22381210327, 18.8458843231, 90.9281234741, 31.0465316772, 4.98330163956], [27.3211536407, -297.213470459, 140.377746582, 41.7513923645, -52.3735771179, 75.210899353, 9.92567825317, 24.1022567749, 7.02953767776, 35.7827453613, 31.0465316772, 118.295150757, 9.28660774231], [-254.741119385, 106.69052124, -136.180953979, -79.8614196777, -15.3976621628, -74.4651031494, -22.4296035767, -24.8868618011, -27.4354896545, -11.7703046799, 4.98330163956, 9.28660774231, 101.120689392]]}, "spectral_energyband_middle_low": {"dmean2": 0.00809619668871, "median": 0.0167982541025, "min": 2.49213352593e-22, "dvar2": 0.000110955785203, "dvar": 3.91303292417e-05, "dmean": 0.00488793477416, "max": 0.0843944251537, "var": 0.000143278404721, "mean": 0.0186114832759}, "melbands_crest": {"dmean2": 4.19493579865, "median": 12.8256111145, "min": 1.8467874527, "dvar2": 17.5605239868, "dvar": 6.12101173401, "dmean": 2.53016424179, "max": 36.6362228394, "var": 21.0588207245, "mean": 13.7383203506}, "spectral_kurtosis": {"dmean2": 5.06286334991, "median": 5.13164281845, "min": -1.24553561211, "dvar2": 74.2249603271, "dvar": 28.8328380585, "dmean": 3.07119297981, "max": 116.622276306, "var": 70.9912185669, "mean": 7.83047056198}, "spectral_rms": {"dmean2": 0.00104091467801, "median": 0.0055193528533, "min": 3.21807728035e-12, "dvar2": 2.05966193789e-06, "dvar": 7.29437203972e-07, "dmean": 0.000629943970125, "max": 0.0121108908206, "var": 4.4270041144e-06, "mean": 0.00527025898919}, "zerocrossingrate": {"dmean2": 0.00973483826965, "median": 0.03759765625, "min": 0.00439453125, "dvar2": 0.000200196940568, "dvar": 0.000220795816858, "dmean": 0.00886253453791, "max": 0.83203125, "var": 0.0147112980485, "mean": 0.0626130849123}, "silence_rate_60dB": {"dmean2": 0.0213655363768, "median": 0, "min": 0, "dvar2": 0.0213745832443, "dvar": 0.0105677647516, "dmean": 0.0106815276667, "max": 1, "var": 0.0825394839048, "mean": 0.0907824486494}, "erbbands_kurtosis": {"dmean2": 1.4623581171, "median": -0.247541308403, "min": -1.88500750065, "dvar2": 11.746553421, "dvar": 4.98172950745, "dmean": 0.952120780945, "max": 93.2470779419, "var": 13.3894472122, "mean": 0.800543367863}, "erbbands": {"dmean2": [0.104722738266, 1.2131922245, 4.34767389297, 9.37986564636, 10.8002929688, 13.3519868851, 19.6336250305, 31.1841754913, 11.1881866455, 13.6244726181, 13.5437049866, 14.5575389862, 11.736538887, 8.00796604156, 9.70468711853, 6.63527297974, 7.16864681244, 7.38455200195, 9.64682483673, 8.34994983673, 14.9923419952, 14.7323246002, 10.3643503189, 16.4772548676, 12.0819759369, 6.67470836639, 5.02260494232, 3.24868488312, 2.47520303726, 1.76402759552, 1.74017798901, 2.02667427063, 1.7093732357, 1.21673870087, 0.47174295783, 0.152129247785, 0.0482236593962, 0.0135091617703, 0.00225443183444, 0.00019643860287], "median": [0.0475111380219, 0.6666264534, 3.27925300598, 7.24650478363, 9.97512531281, 14.0175895691, 23.2131958008, 24.8229370117, 10.7381477356, 8.28312778473, 9.37605285645, 8.2506570816, 5.19062232971, 4.15133190155, 4.33676195145, 3.05037546158, 3.46053981781, 4.46282577515, 4.25880241394, 4.61427593231, 10.520026207, 10.425535202, 6.30813884735, 8.19889450073, 5.21039581299, 2.69617819786, 1.93873882294, 1.1215698719, 0.612234473228, 0.368100762367, 0.38034927845, 0.35164552927, 0.319118738174, 0.222930133343, 0.0678996667266, 0.018104923889, 0.00640912447125, 0.00145745463669, 0.000141752243508, 5.09609235451e-05], "min": [1.00981960784e-21, 2.04627499686e-21, 1.25528268792e-20, 1.01498007991e-19, 8.0397076467e-20, 6.8214521964e-20, 4.53315235142e-20, 4.91463771017e-20, 6.25734319448e-19, 1.24370213673e-18, 7.21711724031e-19, 1.95335744484e-18, 7.89526937479e-19, 9.09277874759e-19, 3.01916477486e-18, 2.4897704236e-18, 2.98916789713e-18, 5.0361154516e-18, 4.69598250603e-18, 2.9048273211e-18, 8.58903154481e-18, 8.45803343274e-18, 1.43222352597e-17, 1.49856092955e-17, 1.53646929354e-17, 1.51553616465e-17, 1.82143450349e-17, 2.35288795545e-17, 1.74351359347e-17, 2.0970438044e-17, 2.04997954365e-17, 2.02371689007e-17, 1.83037136282e-17, 1.45568385706e-17, 9.710732296e-18, 7.15911667993e-18, 2.92624282036e-18, 1.50731653294e-18, 2.78355866249e-19, 3.16306434539e-20], "dvar2": [0.0514310896397, 8.4717092514, 81.4108276367, 243.178237915, 354.982452393, 409.762481689, 1196.06799316, 3230.8190918, 714.303283691, 880.272399902, 1574.95373535, 1755.2935791, 1324.86560059, 538.057556152, 1114.31970215, 321.088165283, 475.298583984, 384.701629639, 784.138977051, 537.050292969, 790.483154297, 793.439819336, 573.802368164, 1050.70153809, 757.487854004, 445.241668701, 214.173171997, 76.5114212036, 66.1686630249, 35.0101547241, 37.5570831299, 98.526512146, 78.5090255737, 43.758846283, 5.80379199982, 0.441484570503, 0.0331256091595, 0.0025413625408, 5.6869655964e-05, 4.56109177094e-07], "dvar": [0.0171307735145, 2.85723257065, 29.2159976959, 78.0581588745, 129.606460571, 151.741928101, 436.960845947, 1066.5994873, 288.180297852, 413.199798584, 727.757141113, 847.809875488, 686.466125488, 365.302185059, 749.870239258, 162.429595947, 218.513504028, 170.021530151, 466.537963867, 241.977813721, 365.392211914, 369.231323242, 252.934951782, 504.346160889, 392.785430908, 197.944641113, 110.884994507, 37.4698143005, 29.0994338989, 16.1918106079, 19.6834259033, 46.9521331787, 39.6343040466, 22.5187244415, 3.1506793499, 0.231826707721, 0.0168425105512, 0.00109670637175, 2.33818846027e-05, 1.80471289468e-07], "dmean": [0.060928568244, 0.69178301096, 2.59376478195, 5.47357654572, 6.47021150589, 8.27920055389, 12.5153026581, 18.9337882996, 6.92719936371, 8.88324165344, 9.4918088913, 9.80661296844, 8.50405025482, 6.11461877823, 7.17915582657, 4.62565660477, 4.86233949661, 4.76527404785, 6.73131752014, 5.47335672379, 9.78870677948, 9.74099731445, 6.80161333084, 10.9942131042, 8.25724697113, 4.41512680054, 3.36052274704, 2.13248300552, 1.60192084312, 1.14896357059, 1.18736624718, 1.41101312637, 1.19285154343, 0.857277572155, 0.333313256502, 0.106162779033, 0.0327117927372, 0.00876276101917, 0.00143376830965, 0.000123594363686], "max": [1.59509992599, 22.7610054016, 78.5204849243, 129.551651001, 194.044433594, 257.250183105, 519.753417969, 508.136322021, 491.547637939, 538.201721191, 863.243774414, 762.832702637, 807.309753418, 757.879211426, 1052.46130371, 399.856567383, 512.467590332, 386.487915039, 937.226989746, 426.029022217, 543.497558594, 747.068115234, 429.65524292, 604.348327637, 576.139648438, 475.592041016, 446.969238281, 228.683944702, 205.672180176, 137.935714722, 142.09197998, 240.479675293, 187.74041748, 124.015510559, 51.3976860046, 13.7420873642, 4.3082447052, 1.20287847519, 0.116370372474, 0.00672111101449], "var": [0.0207078307867, 3.33292937279, 88.9908752441, 128.184509277, 195.548812866, 427.39175415, 1501.23400879, 4802.86425781, 633.626342773, 1619.71435547, 1922.43395996, 2992.9465332, 2559.90356445, 2157.65209961, 4944.90185547, 653.963378906, 823.649902344, 379.249908447, 2013.89013672, 512.380554199, 704.84173584, 762.889953613, 614.190307617, 1281.48706055, 1189.09362793, 367.754058838, 242.011169434, 89.5746536255, 52.325466156, 31.7111968994, 48.1141090393, 95.4907531738, 80.0920715332, 52.4440002441, 8.0063419342, 0.524530172348, 0.0369867831469, 0.0017520240508, 3.59461955668e-05, 2.50806635904e-07], "mean": [0.0975962355733, 1.28269290924, 5.90079832077, 10.836359024, 13.4826774597, 19.598285675, 34.5965576172, 51.1475906372, 16.9295845032, 21.1569004059, 22.764509201, 23.6088867188, 20.9150257111, 16.648103714, 18.4286727905, 11.5463094711, 12.2122325897, 9.9955291748, 14.2039527893, 10.8085660934, 18.7340240479, 19.6126174927, 14.2062397003, 22.0298786163, 16.9563694, 7.80827713013, 6.2324385643, 4.07589197159, 2.929666996, 2.04575300217, 2.23735022545, 2.43127322197, 1.99082028866, 1.45756030083, 0.566385746002, 0.169503509998, 0.0520550012589, 0.0130150448531, 0.00212388718501, 0.000206477634492]}, "spectral_strongpeak": {"dmean2": 0.651132881641, "median": 0.558505892754, "min": 0, "dvar2": 0.965500175953, "dvar": 0.379115760326, "dmean": 0.378080695868, "max": 11.9738235474, "var": 0.783064842224, "mean": 0.846975147724}, "spectral_energy": {"dmean2": 0.013450557366, "median": 0.031224835664, "min": 1.06149220342e-20, "dvar2": 0.000460322888102, "dvar": 0.000154807945364, "dmean": 0.00790821481496, "max": 0.150340512395, "var": 0.000435318186646, "mean": 0.0330078341067}, "average_loudness": 0.933097660542, "spectral_rolloff": {"dmean2": 558.594787598, "median": 495.263671875, "min": 21.533203125, "dvar2": 1744139.625, "dvar": 866886.625, "dmean": 335.217651367, "max": 21490.1367188, "var": 11227319, "mean": 1385.71166992}, "spectral_centroid": {"dmean2": 283.59173584, "median": 807.907409668, "min": 160.43270874, "dvar2": 143283.578125, "dvar": 76244.6171875, "dmean": 197.034591675, "max": 11400.7900391, "var": 539242.6875, "mean": 997.252624512}, "pitch_salience": {"dmean2": 0.0887911692262, "median": 0.588127374649, "min": 0.0669126361609, "dvar2": 0.00768743082881, "dvar": 0.00292574102059, "dmean": 0.0548197738826, "max": 0.858057260513, "var": 0.0123248314485, "mean": 0.580013990402}, "spectral_energyband_middle_high": {"dmean2": 0.0012626319658, "median": 0.00199976935983, "min": 1.41135854286e-21, "dvar2": 4.78642368762e-06, "dvar": 2.66290066975e-06, "dmean": 0.000943667197134, "max": 0.0387661196291, "var": 1.79004437086e-05, "mean": 0.00337518728338}, "spectral_contrast_coeffs": {"dmean2": [0.0767049714923, 0.0684554874897, 0.0522619783878, 0.0441536791623, 0.0338953286409, 0.0281477179378], "median": [-0.604611217976, -0.669958114624, -0.744191110134, -0.783847630024, -0.777228116989, -0.781849503517], "min": [-0.976109981537, -0.962303936481, -0.966981589794, -0.96555942297, -0.958405911922, -0.959734618664], "dvar2": [0.00431243516505, 0.00360991759226, 0.00216839509085, 0.00142134085763, 0.000819283828605, 0.000823166279588], "dvar": [0.0016145670088, 0.0015011621872, 0.000953975715674, 0.000590170035139, 0.000351711758412, 0.000375337316655], "dmean": [0.0460525043309, 0.0420621596277, 0.0332400910556, 0.0271958913654, 0.0212703347206, 0.0177793949842], "max": [-0.27141481638, -0.29825937748, -0.423319280148, -0.497643113136, -0.604332387447, -0.623131394386], "var": [0.00772873172536, 0.00776378484443, 0.00730465445668, 0.00356217240915, 0.00235211732797, 0.00219904724509], "mean": [-0.609954833984, -0.672331273556, -0.737300217152, -0.778564870358, -0.777451455593, -0.783205330372]}, "melbands_skewness": {"dmean2": 0.961655855179, "median": 3.19431257248, "min": -1.55719017982, "dvar2": 1.35979938507, "dvar": 0.549659967422, "dmean": 0.607795894146, "max": 13.5710248947, "var": 2.55069208145, "mean": 3.26502776146}, "spectral_spread": {"dmean2": 695078.125, "median": 4059204, "min": 578577.875, "dvar2": 1116137979900.0, "dvar": 727914708992, "dmean": 492298.03125, "max": 41206784, "var": 22753226784800.0, "mean": 4843898.5}, "dissonance": {"dmean2": 0.0328143052757, "median": 0.461205840111, "min": 0.250841856003, "dvar2": 0.00110716570634, "dvar": 0.000444180652266, "dmean": 0.0201375074685, "max": 0.500000059605, "var": 0.00161971570924, "mean": 0.450026959181}, "spectral_skewness": {"dmean2": 0.508394300938, "median": 1.69537401199, "min": -0.250256747007, "dvar2": 0.459728479385, "dvar": 0.199502974749, "dmean": 0.325312584639, "max": 9.03630828857, "var": 0.73892724514, "mean": 1.87849247456}, "spectral_flux": {"dmean2": 0.031564027071, "median": 0.0643112957478, "min": 1.03028745257e-10, "dvar2": 0.00133645255119, "dvar": 0.000664469436742, "dmean": 0.0204706415534, "max": 0.320160835981, "var": 0.00211953371763, "mean": 0.0692060366273}, "spectral_contrast_valleys": {"dmean2": [0.614402592182, 0.523177325726, 0.497562378645, 0.448260068893, 0.409915179014, 0.373656243086], "median": [-6.7056221962, -6.62919425964, -7.80825042725, -8.04312801361, -7.67699861526, -10.4078998566], "min": [-27.0462398529, -27.4706954956, -27.2772331238, -27.2504653931, -27.2781333923, -27.3880786896], "dvar2": [0.321942657232, 0.247182175517, 0.235298499465, 0.230325862765, 0.282736867666, 0.300800353289], "dvar": [0.14821228385, 0.129202917218, 0.123646855354, 0.13197375834, 0.174309134483, 0.17660099268], "dmean": [0.375696957111, 0.327612966299, 0.315317511559, 0.296764194965, 0.300600200891, 0.277314066887], "max": [-4.92626476288, -4.66781330109, -5.24201822281, -5.93604040146, -5.3855304718, -7.22692251205], "var": [4.58163261414, 3.52203345299, 3.24203062057, 3.35112023354, 3.84404206276, 4.01512956619], "mean": [-7.32646512985, -7.07774877548, -8.19591236115, -8.51949214935, -8.13413238525, -11.0039043427]}, "erbbands_flatness_db": {"dmean2": 0.0213405508548, "median": 0.158521294594, "min": 0.0168476141989, "dvar2": 0.000684305443428, "dvar": 0.000370570807718, "dmean": 0.0149328745902, "max": 0.435107201338, "var": 0.00438284734264, "mean": 0.175145179033}, "spectral_energyband_high": {"dmean2": 0.000385918072425, "median": 0.000175701075932, "min": 8.19722577667e-21, "dvar2": 1.55984059802e-06, "dvar": 9.38865809985e-07, "dmean": 0.000287100236164, "max": 0.0260918866843, "var": 2.87229386231e-06, "mean": 0.000622169056442}, "spectral_entropy": {"dmean2": 0.2359226197, "median": 7.23650360107, "min": 4.92847585678, "dvar2": 0.0875537022948, "dvar": 0.0522423423827, "dmean": 0.173744723201, "max": 9.8051738739, "var": 0.518518149853, "mean": 7.16010093689}, "silence_rate_20dB": {"dmean2": 0, "median": 1, "min": 1, "dvar2": 0, "dvar": 0, "dmean": 0, "max": 1, "var": 0, "mean": 1}, "melbands_flatness_db": {"dmean2": 0.0328897684813, "median": 0.251699924469, "min": 0.0090767936781, "dvar2": 0.00134742888622, "dvar": 0.000727694889065, "dmean": 0.0231767371297, "max": 0.562973737717, "var": 0.00718892924488, "mean": 0.260220706463}, "barkbands": {"dmean2": [0.000214417159441, 0.00468926969916, 0.00424141297117, 0.00399791821837, 0.00342198670842, 0.00325299589895, 0.000811693200376, 0.000720840762369, 0.000584736582823, 0.000352653529262, 0.000227401033044, 0.000167299309396, 0.000166089637787, 0.000173000677023, 0.000173292850377, 0.000254688609857, 0.000288769602776, 0.000205844393349, 0.000309608964017, 0.000142351258546, 9.57472075243e-05, 6.6909546149e-05, 5.72488934267e-05, 9.69589164015e-05, 8.4060804511e-05, 2.8550000934e-05, 1.54675599333e-05], "median": [8.52533412399e-06, 0.00273426482454, 0.00300754327327, 0.00267533026636, 0.00420214701444, 0.00318245752715, 0.000554851372726, 0.000388011627365, 0.000263633817667, 0.000130952103063, 7.32625485398e-05, 5.37998348591e-05, 6.42543163849e-05, 7.54586799303e-05, 6.67323547532e-05, 0.00015590689145, 0.000189714482985, 0.000102037789475, 0.000142728022183, 5.23501330463e-05, 3.55273368768e-05, 1.49176848936e-05, 1.27453076857e-05, 1.85239223356e-05, 1.55936868396e-05, 3.79545895157e-06, 8.28507666029e-07], "min": [1.02434369515e-23, 1.71359189954e-23, 1.5085219852e-23, 3.97383853176e-23, 2.06206142255e-23, 4.39388976663e-24, 8.15280551134e-23, 1.97881024909e-23, 7.74347568505e-23, 2.85810238196e-23, 5.55948902539e-23, 5.51886205768e-23, 6.99285812542e-23, 9.0806170075e-23, 6.43765087835e-23, 1.33472639834e-22, 1.66349572952e-22, 2.9923165258e-22, 2.68343772281e-22, 3.04159471017e-22, 5.70572818622e-22, 5.85937304701e-22, 6.21186033327e-22, 1.04837640258e-21, 1.34020121924e-21, 1.8626063677e-21, 2.15338317318e-21], "dvar2": [2.21998888605e-07, 0.000122526471387, 6.67030762997e-05, 4.82798786834e-05, 2.61276672973e-05, 3.0263008739e-05, 3.31827959599e-06, 3.15139641316e-06, 2.77559411188e-06, 1.12468057978e-06, 7.08246602699e-07, 2.56830844592e-07, 2.46549404892e-07, 2.84540931261e-07, 2.25270554211e-07, 3.14267765589e-07, 3.0639816373e-07, 2.47390232744e-07, 4.07317429563e-07, 2.11939905626e-07, 7.29348244022e-08, 4.79283031041e-08, 3.9440887889e-08, 2.42947663764e-07, 1.92605369875e-07, 1.28971953117e-08, 2.79167466921e-09], "dvar": [6.99491025102e-08, 4.09837848565e-05, 2.43607319135e-05, 1.56074656843e-05, 9.7003803603e-06, 1.0285616554e-05, 1.43549038967e-06, 1.51941264903e-06, 1.3096961311e-06, 6.68191489694e-07, 4.39930431639e-07, 1.2950468431e-07, 1.09739886511e-07, 1.35481172947e-07, 1.2658092885e-07, 1.3514171826e-07, 1.45556867892e-07, 1.0701470643e-07, 2.04023265837e-07, 9.22086726973e-08, 3.71863926318e-08, 2.06801189506e-08, 2.06258707891e-08, 1.22816913972e-07, 1.04512231758e-07, 6.55071197286e-09, 1.12531894914e-09], "dmean": [0.000118964257126, 0.00268508470617, 0.00256785168312, 0.00233666994609, 0.00212204782292, 0.00199720449746, 0.000513326493092, 0.000498011009768, 0.000392623478547, 0.000262253073743, 0.00016377751308, 0.000116615650768, 0.000110882727313, 0.000113991460239, 0.000116973445984, 0.000164699420566, 0.000188838937902, 0.000132990142447, 0.000210134821828, 9.21161699807e-05, 6.4261163061e-05, 4.28949933848e-05, 3.90895693272e-05, 6.88853324391e-05, 6.00449420745e-05, 1.96016026166e-05, 9.79085598374e-06], "max": [0.00345830433071, 0.0842691361904, 0.0837936401367, 0.053343936801, 0.052923373878, 0.054877884686, 0.0296297334135, 0.0308688431978, 0.0254245325923, 0.0228456668556, 0.0226374566555, 0.00963408406824, 0.0108812553808, 0.0133445123211, 0.0138435130939, 0.00884968042374, 0.0129273235798, 0.010484428145, 0.0102040963247, 0.0085642747581, 0.00798162072897, 0.00445144856349, 0.00388117437251, 0.010508636944, 0.00763256521896, 0.00218745856546, 0.000845691596624], "var": [7.23082322907e-08, 4.70035665785e-05, 8.18920525489e-05, 2.34999606619e-05, 2.56758776231e-05, 4.68831021863e-05, 3.8021448745e-06, 4.96214488521e-06, 4.30131922258e-06, 3.62965010936e-06, 2.53309258369e-06, 5.22749417087e-07, 3.71344896166e-07, 2.98682891753e-07, 4.09787588751e-07, 2.29196899681e-07, 2.97422332096e-07, 2.26352881327e-07, 5.99150155267e-07, 1.60983191222e-07, 8.79252297636e-08, 3.65934695878e-08, 4.97386984932e-08, 2