{"tonal": {"thpcp": [1, 0.549720168114, 0.0932180956006, 0.149652183056, 0.168410226703, 0.111234217882, 0.110005035996, 0.134159266949, 0.154114797711, 0.410281807184, 0.521249175072, 0.259997546673, 0.147715941072, 0.14721570909, 0.102706372738, 0.158387303352, 0.226752772927, 0.143501847982, 0.10918623209, 0.122546203434, 0.0844504758716, 0.104960680008, 0.127909332514, 0.101057380438, 0.106480136514, 0.127481237054, 0.159393057227, 0.465486586094, 0.789095520973, 0.522980928421, 0.161220490932, 0.0995710417628, 0.0597600713372, 0.0378884859383, 0.0328984484076, 0.508442819118], "hpcp": {"dmean2": [0.144990563393, 0.102290250361, 0.0957138985395, 0.0945606082678, 0.0988652408123, 0.0831798017025, 0.0732671618462, 0.0852893516421, 0.0684894621372, 0.0703547000885, 0.0705814212561, 0.0693636164069, 0.073681794107, 0.114395976067, 0.183036595583, 0.240081354976, 0.250262647867, 0.20394910872, 0.132730841637, 0.0698230415583, 0.0460186824203, 0.0322917178273, 0.0244214497507, 0.108575746417, 0.201364263892, 0.123594284058, 0.0850387737155, 0.131348207593, 0.131327688694, 0.108960613608, 0.110672235489, 0.117430590093, 0.131129726768, 0.200715988874, 0.144437596202, 0.18505717814], "median": [0.0266663413495, 0.024932326749, 0.0180351380259, 0.0153147764504, 0.0160689018667, 0.0163239315152, 0.0146214067936, 0.0169046763331, 0.0175665076822, 0.0213759858161, 0.0215709600598, 0.0154468677938, 0.0154790505767, 0.0170161481947, 0.0297888834029, 0.177359044552, 0.308312863111, 0.192156910896, 0.038237221539, 0.0219192914665, 0.0119407363236, 0.00649190600961, 0.00653975689784, 0.279689460993, 0.554136812687, 0.337102144957, 0.0169394109398, 0.0193898510188, 0.0203630812466, 0.0168474502861, 0.0160761792213, 0.0164161939174, 0.0315139740705, 0.091888345778, 0.0907465368509, 0.0628945976496], "min": [0, 0, 0, 0, 0, 0, 0, 0, 0, 0, 0, 0, 0, 0, 0, 0, 0, 0, 0, 0, 0, 0, 0, 0, 0, 0, 0, 0, 0, 0, 0, 0, 0, 0, 0, 0], "dvar2": [0.0567699484527, 0.0291410181671, 0.0320157893002, 0.0306952316314, 0.0380001626909, 0.0268048550934, 0.0197896193713, 0.0250236913562, 0.0113349342719, 0.0127135682851, 0.0181319974363, 0.0173520836979, 0.017688035965, 0.0397844240069, 0.0777498930693, 0.0723718330264, 0.0865486189723, 0.0607901141047, 0.0434125699103, 0.0148525172845, 0.00877377577126, 0.00924878939986, 0.00236031902023, 0.0216482747346, 0.0847824141383, 0.0287403613329, 0.0379325076938, 0.0751325488091, 0.063170529902, 0.0442335791886, 0.0408921353519, 0.0530055090785, 0.0402365028858, 0.0751924291253, 0.0414372943342, 0.0679299086332], "dvar": [0.0196392908692, 0.011368826963, 0.0112084271386, 0.0119888242334, 0.0187306236476, 0.0103037822992, 0.00862387474626, 0.0105624990538, 0.00416372669861, 0.00496640661731, 0.00809911731631, 0.00704359263182, 0.00778655894101, 0.0160425230861, 0.0280232466757, 0.0266809426248, 0.0375761575997, 0.02645951882, 0.015375232324, 0.00536434073001, 0.00324775720946, 0.00323742278852, 0.00093850545818, 0.0118515137583, 0.0458344593644, 0.0143094174564, 0.013890966773, 0.0276611726731, 0.0248865708709, 0.0167458467185, 0.0154033796862, 0.0203859079629, 0.0150988837704, 0.0282983798534, 0.0244490001351, 0.0231637731194], "dmean": [0.0794508904219, 0.0618332140148, 0.0548032708466, 0.059202644974, 0.0637877508998, 0.0511485375464, 0.0449250154197, 0.0520742833614, 0.0398569516838, 0.0428876653314, 0.0439081899822, 0.0418425798416, 0.0442918874323, 0.0663794204593, 0.102425813675, 0.142720997334, 0.156953081489, 0.128907725215, 0.0755957886577, 0.0431739427149, 0.0276112686843, 0.0187373142689, 0.0148436808959, 0.0690796822309, 0.128572225571, 0.0782181620598, 0.0487222187221, 0.0771714448929, 0.0780357643962, 0.0627228021622, 0.0639204159379, 0.067607909441, 0.0758050531149, 0.120038323104, 0.0978970080614, 0.10526547581], "max": [1, 1, 0.939524233341, 1, 1, 1, 1, 1, 0.70100581646, 1, 1, 1, 1, 1, 1, 1, 1, 1, 0.951871931553, 0.753679454327, 0.587665081024, 1, 0.472488790751, 0.616867721081, 1, 0.971197783947, 1, 1, 1, 1, 1, 1, 1, 1, 1, 1], "var": [0.0236852578819, 0.0206812135875, 0.0107858246192, 0.0292084775865, 0.0659564584494, 0.0237020831555, 0.017588544637, 0.0196472071111, 0.00579375866801, 0.00939696561545, 0.0240363422781, 0.0148916421458, 0.0183812398463, 0.0213729310781, 0.0252577420324, 0.0571115575731, 0.140141353011, 0.0763792172074, 0.0193577669561, 0.00775199756026, 0.00370003888384, 0.00249555381015, 0.00114847696386, 0.0443667583168, 0.170012712479, 0.0464051924646, 0.0116939786822, 0.0288984552026, 0.0350984446704, 0.0162375252694, 0.0146444970742, 0.0286488682032, 0.0215466693044, 0.0790220052004, 0.133541211486, 0.0360798165202], "mean": [0.0824687704444, 0.0821895003319, 0.0573402494192, 0.0884265229106, 0.126594483852, 0.0801160782576, 0.0609579086304, 0.068416684866, 0.0471481084824, 0.0585988126695, 0.0714108869433, 0.0564196258783, 0.0594471134245, 0.0711718797684, 0.0889880284667, 0.259877890348, 0.440546482801, 0.291976571083, 0.0900082662702, 0.0555898137391, 0.0333636291325, 0.0211528763175, 0.0183669738472, 0.283860057592, 0.558292984962, 0.306904911995, 0.0520430095494, 0.0835497677326, 0.094022244215, 0.0621012821794, 0.0614150390029, 0.0749001801014, 0.0860412120819, 0.229057461023, 0.291009753942, 0.145154803991]}, "tuning_equal_tempered_deviation": 0.190678477287, "chords_changes_rate": 0.0423825904727, "key_key": "A#", "tuning_diatonic_strength": 0.271880656481, "key_scale": "major", "chords_number_rate": 0.00572737678885, "tuning_frequency": 434.193115234, "tuning_nontempered_energy_ratio": 0.85563158989, "chords_histogram": [55.8991966248, 35.8533782959, 0, 0, 0, 0, 0, 1.83276057243, 0, 0, 0, 0, 0, 0, 0, 0, 0, 0, 5.04009151459, 1.37457048893, 0, 0, 0, 0], "key_strength": 0.440504103899, "chords_key": "A#", "chords_strength": {"dmean2": 0.00563269620761, "median": 0.410672903061, "min": 0.283555269241, "dvar2": 2.801838491e-05, "dvar": 3.43745523423e-05, "dmean": 0.00700492830947, "max": 0.643586397171, "var": 0.00524105830118, "mean": 0.42552280426}, "chords_scale": "major", "hpcp_entropy": {"dmean2": 0.882637798786, "median": 1.7390640974, "min": 0, "dvar2": 0.573266685009, "dvar": 0.227568611503, "dmean": 0.519802749157, "max": 3.92609763145, "var": 0.512741863728, "mean": 1.77144181728}}, "metadata": {"audio_properties": {"equal_loudness": 0, "codec": "mp3", "downmix": "mix", "sample_rate": 44100, "analysis_sample_rate": 44100, "bit_rate": 320000, "md5_encoded": "f79e8451b7db68f985b53ed1e087918b", "length": 40.4636726379, "replay_gain": -7.14636611938, "lossless": false}, "version": {"essentia_build_sha": "70f2e5ece6736b2c40cc944ad0e695b16b925413", "essentia": "2.1-beta2", "extractor": "music 1.0", "essentia_git_sha": "v2.1_beta2"}, "tags": {"title": ["Igor Stravinsky: Le Sacre du Printemps - Part 1: L'Adoration de la Terre - Procession Of The Sage"], "artist": ["The Philadelphia Orchestra;Yannick N\u00e9zet-S\u00e9guin"], "albumartist": ["Yannick N\u00e9zet-S\u00e9guin"], "date": ["2013"], "genre": ["Classical"], "album": ["Stravinsky: The Rite of Spring / Stokowski: Bach Transcriptions"], "tracknumber": ["6"], "discnumber": ["1"], "musicbrainz_recordingid": ["1e28feb2-cca8-4f8e-b1cd-bfe1e22d8cbb"], "file_name": "2184732.mp3"}}, "rhythm": {"bpm_histogram_first_peak_bpm": {"dmean2": 0, "median": 108, "min": 108, "dvar2": 0, "dvar": 0, "dmean": 0, "max": 108, "var": 0, "mean": 108}, "bpm": 108.273712158, "bpm_histogram_second_peak_spread": {"dmean2": 0, "median": 0, "min": 0, "dvar2": 0, "dvar": 0, "dmean": 0, "max": 0, "var": 0, "mean": 0}, "bpm_histogram_first_peak_weight": {"dmean2": 0, "median": 0.394366204739, "min": 0.394366204739, "dvar2": 0, "dvar": 0, "dmean": 0, "max": 0.394366204739, "var": 0, "mean": 0.394366204739}, "onset_rate": 2.49481344223, "beats_position": [0.53405892849, 1.06811785698, 1.60217678547, 2.14784574509, 2.69351458549, 3.22757363319, 3.7732424736, 4.31891155243, 4.841360569, 5.36380958557, 5.89786815643, 6.44353723526, 6.98920631409, 7.53487491608, 8.08054447174, 8.62621307373, 9.18349170685, 9.74077033997, 10.2980499268, 10.8437185287, 11.4009971619, 11.9582767487, 12.5039453506, 13.0612239838, 13.6185035706, 14.1641721725, 14.7098407745, 15.2671203613, 15.8243989944, 16.3816776276, 16.9389572144, 17.5078449249, 18.0651245117, 18.6224040985, 19.179681778, 19.7369613647, 20.2942390442, 20.8631286621, 21.43201828, 22.0009059906, 22.5697956085, 23.1386852264, 23.707572937, 24.2648525238, 24.8221302032, 25.37940979, 25.948299408, 26.5171871185, 27.0976867676, 27.6549663544, 28.2238540649, 28.7811336517, 29.3500213623, 29.9189109802, 30.4878005981, 31.0450782776, 31.6023578644, 32.1596374512, 32.7169151306, 33.2741928101, 33.8314743042, 34.3771438599, 34.9228096008, 35.4684791565, 36.0141487122, 36.5714263916, 37.1403160095, 37.6627655029, 38.1968231201, 38.730884552, 39.2649421692, 39.7989997864], "beats_loudness": {"dmean2": 0.124771051109, "median": 0.0436922647059, "min": 1.18540026506e-06, "dvar2": 0.00728579005226, "dvar": 0.00190439587459, "dmean": 0.0626098141074, "max": 0.210816547275, "var": 0.00273399846628, "mean": 0.0596792548895}, "danceability": 0.942200481892, "bpm_histogram_second_peak_weight": {"dmean2": 0, "median": 0.0422535203397, "min": 0.0422535203397, "dvar2": 0, "dvar": 0, "dmean": 0, "max": 0.0422535203397, "var": 0, "mean": 0.0422535203397}, "beats_count": 72, "bpm_histogram_second_peak_bpm": {"dmean2": 0, "median": 115, "min": 115, "dvar2": 0, "dvar": 0, "dmean": 0, "max": 115, "var": 0, "mean": 115}, "bpm_histogram_first_peak_spread": {"dmean2": 0, "median": 0.582089543343, "min": 0.582089543343, "dvar2": 0, "dvar": 0, "dmean": 0, "max": 0.582089543343, "var": 0, "mean": 0.582089543343}, "beats_loudness_band_ratio": {"dmean2": [0.721013069153, 0.244130700827, 0.442097812891, 0.103789687157, 0.0460879951715, 0.0189047493041], "median": [0.612387299538, 0.124270379543, 0.17263969779, 0.0393599271774, 0.0169732756913, 0.00279582641087], "min": [0.0570702366531, 0.000506699085236, 9.89236286841e-05, 5.03876326547e-05, 5.00947171531e-05, 2.00327958737e-05], "dvar2": [0.117879033089, 0.0350187197328, 0.110757037997, 0.0109593411908, 0.00341624231078, 0.00101954257116], "dvar": [0.035550378263, 0.0111567610875, 0.0337911657989, 0.00360889965668, 0.00106059503742, 0.000324294989696], "dmean": [0.364840239286, 0.123832046986, 0.222881004214, 0.0547900907695, 0.0243442784995, 0.00975065026432], "max": [0.99803930521, 0.572133243084, 0.809890925884, 0.29386806488, 0.20657555759, 0.086765833199], "var": [0.0643400773406, 0.0117711015046, 0.0400758609176, 0.00424345768988, 0.0011089516338, 0.000284961104626], "mean": [0.57559877634, 0.148661285639, 0.225747421384, 0.0627254545689, 0.0279687270522, 0.0105419177562]}}, "lowlevel": {"barkbands_spread": {"dmean2": 3.54337286949, "median": 10.2401103973, "min": 0.260625362396, "dvar2": 16.7464981079, "dvar": 7.86938476562, "dmean": 2.31197118759, "max": 42.0447616577, "var": 72.869972229, "mean": 12.6076869965}, "melbands_spread": {"dmean2": 4.53910827637, "median": 11.8570327759, "min": 0.10371004045, "dvar2": 26.794708252, "dvar": 11.95703125, "dmean": 2.90191912651, "max": 56.8325691223, "var": 87.0724334717, "mean": 14.1900682449}, "hfc": {"dmean2": 4.40940761566, "median": 12.3147945404, "min": 1.55999959617e-08, "dvar2": 35.8601951599, "dvar": 17.4156551361, "dmean": 3.11126852036, "max": 78.851020813, "var": 217.598297119, "mean": 16.5837516785}, "barkbands_kurtosis": {"dmean2": 16.0741386414, "median": 2.29496192932, "min": -1.09039580822, "dvar2": 5350.55029297, "dvar": 1967.69018555, "dmean": 9.69018268585, "max": 1063.27404785, "var": 13538.7128906, "mean": 30.2383155823}, "gfcc": {"mean": [-80.2442245483, 147.845275879, -114.021865845, 15.5591020584, -42.2480201721, 0.278467029333, -25.2279872894, 5.66880655289, -11.2687368393, 1.29278075695, -7.31261968613, -3.43826079369, -9.38906860352], "icov": [[0.000141925163916, -0.000345199630829, 0.000407633953728, -0.000566889939364, 0.000644780695438, -0.000454394496046, 0.000352424860466, -0.000586712674703, 0.000249153090408, -0.000577357539441, 0.000434698857134, -1.76903740794e-05, 0.000335602788255], [-0.000345199630829, 0.00395679147914, -0.000369464978576, 0.00217076111585, -0.00287804030813, 0.00240544602275, -0.00161853502505, 0.00274914386682, -0.00339651876129, 0.00530143501237, -0.00496496958658, 0.0055969292298, -0.0033279156778], [0.000407633953728, -0.000369464978576, 0.00382769317366, -0.00142995989881, 0.000143678873428, -0.0030869608745, 0.000616043223999, -0.00143386656418, -0.00145688373595, -0.00148009881377, 0.000703598139808, -0.00054687121883, 4.803696811e-06], [-0.000566889939364, 0.00217076111585, -0.00142995989881, 0.00890865456313, -0.00272057228722, -0.00216431706212, -0.00191659922712, 0.0022571599111, -0.000253335892921, 0.0025480017066, -0.00240476778708, 0.00234527303837, -0.0031175094191], [0.000644780695438, -0.00287804030813, 0.000143678873428, -0.00272057228722, 0.01066312287, -0.00209077587351, -0.00431430758908, -0.00178292463534, 0.00242156139575, -0.00390861881897, 0.0027939309366, -0.00374564807862, 0.00332277221605], [-0.000454394496046, 0.00240544602275, -0.0030869608745, -0.00216431706212, -0.00209077587351, 0.0157217476517, -0.00329482601956, -0.00143214920536, 0.00228491681628, -0.000265394861344, 6.24882013653e-05, -0.00176121504046, -0.00166061869822], [0.000352424860466, -0.00161853502505, 0.000616043223999, -0.00191659922712, -0.00431430758908, -0.00329482601956, 0.0213209558278, -0.00473338458687, -0.00487110111862, 0.00218710582703, -0.00340469623916, 0.00302512641065, -0.00450298143551], [-0.000586712674703, 0.00274914386682, -0.00143386656418, 0.0022571599111, -0.00178292463534, -0.00143214920536, -0.00473338458687, 0.0214174706489, -0.0096664307639, -0.000413042871514, 0.00260952115059, -0.0028675456997, 0.00363187748007], [0.000249153090408, -0.00339651876129, -0.00145688373595, -0.000253335892921, 0.00242156139575, 0.00228491681628, -0.00487110111862, -0.0096664307639, 0.0263632163405, -0.00790145713836, -0.00425187125802, 0.00665869284421, -0.00423727603629], [-0.000577357539441, 0.00530143501237, -0.00148009881377, 0.0025480017066, -0.00390861881897, -0.000265394861344, 0.00218710582703, -0.000413042871514, -0.00790145713836, 0.030529903248, -0.0151759386063, 0.00197745067999, 0.000347940105712], [0.000434698857134, -0.00496496958658, 0.000703598139808, -0.00240476778708, 0.0027939309366, 6.24882013653e-05, -0.00340469623916, 0.00260952115059, -0.00425187125802, -0.0151759386063, 0.0367812663317, -0.0157094616443, 0.00254751229659], [-1.76903740794e-05, 0.0055969292298, -0.00054687121883, 0.00234527303837, -0.00374564807862, -0.00176121504046, 0.00302512641065, -0.0028675456997, 0.00665869284421, 0.00197745067999, -0.0157094616443, 0.0371521599591, -0.0190040078014], [0.000335602788255, -0.0033279156778, 4.803696811e-06, -0.0031175094191, 0.00332277221605, -0.00166061869822, -0.00450298143551, 0.00363187748007, -0.00423727603629, 0.000347940105712, 0.00254751229659, -0.0190040078014, 0.0377689190209]], "cov": [[40407.2929688, -1837.43847656, -3958.56445312, 833.984741211, -2791.03588867, 115.99723053, -1555.06811523, 145.292541504, -949.729919434, -35.6730995178, -820.394165039, -482.761047363, -694.128356934], [-1837.43847656, 2931.18066406, -517.844848633, -585.203552246, 301.166442871, -704.540893555, 333.773193359, -252.613601685, 413.075744629, -305.798217773, 151.164138794, -427.651855469, 56.7599143982], [-3958.56445312, -517.844848633, 1056.46154785, 195.132766724, 332.003875732, 312.251098633, 166.859405518, 127.743492126, 72.8891067505, 134.341598511, 88.0938644409, 188.860244751, 93.6742935181], [833.984741211, -585.203552246, 195.132766724, 317.152404785, -9.63817405701, 217.772888184, -26.9487190247, 67.7510299683, -72.1477584839, 69.5591506958, -19.2145671844, 92.9816970825, 7.22034025192], [-2791.03588867, 301.166442871, 332.003875732, -9.63817405701, 366.538085938, 19.156539917, 182.260940552, 11.3535528183, 104.117721558, 9.40372467041, 78.2267074585, 27.1549873352, 59.7141685486], [115.99723053, -704.540893555, 312.251098633, 217.772888184, 19.156539917, 302.015777588, -17.6349830627, 95.0598678589, -73.4440765381, 95.2608642578, -12.4378271103, 131.608154297, 13.1185016632], [-1555.06811523, 333.773193359, 166.859405518, -26.9487190247, 182.260940552, -17.6349830627, 173.221008301, 11.4599466324, 105.10093689, -8.79899215698, 59.9843711853, -12.3659658432, 45.3262214661], [145.292541504, -252.613601685, 127.743492126, 67.7510299683, 11.3535528183, 95.0598678589, 11.4599466324, 105.271995544, 8.41069889069, 48.5589294434, -1.76201558113, 43.0951843262, -1.25028467178], [-949.729919434, 413.075744629, 72.8891067505, -72.1477584839, 104.117721558, -73.4440765381, 105.10093689, 8.41069889069, 145.387542725, -7.67340993881, 54.0021781921, -46.7312812805, 27.4300899506], [-35.6730995178, -305.798217773, 134.341598511, 69.5591506958, 9.40372467041, 95.2608642578, -8.79899215698, 48.5589294434, -7.67340993881, 92.5339660645, 18.5754470825, 59.8623046875, 3.89375281334], [-820.394165039, 151.164138794, 88.0938644409, -19.2145671844, 78.2267074585, -12.4378271103, 59.9843711853, -1.76201558113, 54.0021781921, 18.5754470825, 72.9563217163, 16.1171073914, 27.9801139832], [-482.761047363, -427.651855469, 188.860244751, 92.9816970825, 27.1549873352, 131.608154297, -12.3659658432, 43.0951843262, -46.7312812805, 59.8623046875, 16.1171073914, 128.616394043, 29.8721313477], [-694.128356934, 56.7599143982, 93.6742935181, 7.22034025192, 59.7141685486, 13.1185016632, 45.3262214661, -1.25028467178, 27.4300899506, 3.89375281334, 27.9801139832, 29.8721313477, 55.2623672485]]}, "spectral_energyband_middle_low": {"dmean2": 0.00728580122814, "median": 0.0145598053932, "min": 9.55740347974e-12, "dvar2": 0.000107636122266, "dvar": 4.17745759478e-05, "dmean": 0.00458886474371, "max": 0.100258469582, "var": 0.000159204602824, "mean": 0.0164513196796}, "melbands_crest": {"dmean2": 4.59937667847, "median": 14.8379669189, "min": 3.86821126938, "dvar2": 14.4404468536, "dvar": 6.0343337059, "dmean": 2.86737775803, "max": 37.8033485413, "var": 61.2436828613, "mean": 16.871515274}, "spectral_kurtosis": {"dmean2": 10.5872392654, "median": 7.77541923523, "min": 1.49106121063, "dvar2": 235.076629639, "dvar": 74.3720321655, "dmean": 5.88313055038, "max": 101.814743042, "var": 206.147827148, "mean": 14.5405273438}, "spectral_rms": {"dmean2": 0.000873992335983, "median": 0.00512057216838, "min": 1.23784388961e-07, "dvar2": 8.98950986539e-07, "dvar": 4.47474036491e-07, "dmean": 0.000593394972384, "max": 0.0156258028001, "var": 8.37999232317e-06, "mean": 0.00530877057463}, "zerocrossingrate": {"dmean2": 0.00531447352841, "median": 0.02783203125, "min": 0.001953125, "dvar2": 3.63047947758e-05, "dvar": 2.43400918407e-05, "dmean": 0.00428219558671, "max": 0.109375, "var": 0.000358715682523, "mean": 0.0326020121574}, "silence_rate_60dB": {"dmean2": 0.00688863359392, "median": 0, "min": 0, "dvar2": 0.0079894894734, "dvar": 0.0034305555746, "dmean": 0.00344234076329, "max": 1, "var": 0.0930129811168, "mean": 0.103784404695}, "erbbands_kurtosis": {"dmean2": 1.40967381001, "median": 0.35924911499, "min": -1.23699855804, "dvar2": 3.14080119133, "dvar": 1.49507558346, "dmean": 0.961074233055, "max": 21.7691822052, "var": 10.0057506561, "mean": 1.72348248959}, "erbbands": {"dmean2": [0.261169791222, 1.16037034988, 2.81122326851, 6.92882013321, 10.35987854, 16.1834144592, 12.0771942139, 11.1789655685, 36.1799087524, 33.9672088623, 40.9703407288, 14.9185943604, 13.7799005508, 19.9999027252, 17.432975769, 30.0227203369, 25.3823699951, 23.7550582886, 14.8449859619, 10.4128093719, 14.9179506302, 14.2907857895, 8.44481182098, 5.51506757736, 6.27510976791, 3.49156498909, 3.24101471901, 2.35655975342, 1.69241082668, 1.14845693111, 0.694042444229, 0.615923702717, 0.39693748951, 0.253955483437, 0.121313638985, 0.0570371858776, 0.0164973121136, 0.00329749868251, 0.000368421751773, 2.11503283936e-05], "median": [0.139950305223, 0.283742129803, 0.818196773529, 3.22700476646, 6.84186077118, 7.60902786255, 5.77350139618, 8.27557468414, 31.2978439331, 23.110906601, 45.5598602295, 19.590007782, 12.9453248978, 13.3733177185, 8.29463768005, 19.3554573059, 9.08360481262, 6.22885322571, 9.69360542297, 4.0673084259, 4.37792015076, 4.25740909576, 2.98508930206, 1.80847215652, 1.12674117088, 0.597399830818, 0.311373054981, 0.232092455029, 0.144607156515, 0.0738782659173, 0.0508853346109, 0.0312980934978, 0.0195955485106, 0.0106203649193, 0.00366492196918, 0.00146163592581, 0.000331277144141, 7.16194044799e-05, 2.5016037398e-05, 3.34320066031e-05], "min": [5.45929933204e-11, 2.92541768587e-10, 1.16381315696e-09, 3.33309091438e-09, 6.84777301529e-09, 1.20848664409e-08, 1.80353669776e-08, 2.04491428235e-08, 1.89709972176e-08, 1.24968755344e-08, 9.21060649972e-09, 1.29834756279e-08, 1.52856394209e-08, 9.67153646059e-09, 9.72155600465e-09, 1.30320181313e-08, 7.4761237201e-09, 5.60547785966e-09, 2.41808240098e-09, 2.38172259692e-09, 5.70039526693e-09, 6.58971588408e-09, 3.73983244373e-09, 4.22114432297e-09, 5.03112840278e-09, 5.51915135816e-09, 4.45976544583e-09, 3.17092441193e-09, 3.16552561941e-09, 2.1136192796e-09, 2.06814321224e-09, 2.09998041178e-09, 2.11672035455e-09, 1.24740473506e-09, 7.45258077472e-10, 3.58328894334e-10, 3.01540348246e-10, 9.84095790968e-11, 2.12697463808e-11, 2.52514979412e-12], "dvar2": [0.26295158267, 5.59241962433, 32.7148551941, 163.184249878, 260.860107422, 790.267089844, 611.196228027, 342.643768311, 2749.6796875, 3764.19238281, 2788.53051758, 406.57144165, 472.689147949, 1627.71875, 1323.7010498, 2730.33837891, 4554.10595703, 2930.25024414, 728.812561035, 454.298461914, 734.883178711, 880.821350098, 296.970550537, 101.823272705, 146.637069702, 54.8409957886, 40.5219802856, 29.8247394562, 13.7968502045, 6.15074825287, 1.89409565926, 2.08225941658, 0.96222525835, 0.350824415684, 0.0887716412544, 0.0189460813999, 0.0017030867748, 6.00408020546e-05, 8.50421201903e-07, 1.12067732871e-09], "dvar": [0.154838263988, 2.05663514137, 12.5002679825, 77.1155395508, 89.320098877, 266.487640381, 212.587799072, 120.991218567, 962.436645508, 1268.8918457, 1354.78991699, 164.27130127, 179.366104126, 690.383666992, 499.732421875, 1016.81420898, 1538.49267578, 1070.88964844, 308.641021729, 172.95791626, 273.745635986, 322.482330322, 109.075767517, 41.7343673706, 62.2840995789, 22.1936759949, 18.7267837524, 12.0795764923, 5.95661258698, 2.7817671299, 0.949769079685, 1.00352299213, 0.465640693903, 0.171559154987, 0.0442959666252, 0.00905625801533, 0.000772638304625, 3.02205517073e-05, 4.56345787825e-07, 6.71558864074e-10], "dmean": [0.191901504993, 0.681342363358, 1.69092178345, 4.59857082367, 6.16410970688, 9.39967823029, 6.91883420944, 6.55139636993, 22.115070343, 19.7096538544, 28.1605892181, 9.50660133362, 8.59379577637, 12.9142465591, 10.6981706619, 18.7544441223, 14.8642911911, 14.3508892059, 9.29594612122, 6.4165930748, 9.07622432709, 8.80930233002, 5.16019821167, 3.54456067085, 4.04393434525, 2.24588274956, 2.11833834648, 1.54252302647, 1.10130810738, 0.77731102705, 0.493921905756, 0.437692046165, 0.291482210159, 0.186273694038, 0.0908125936985, 0.0416963174939, 0.0118922302499, 0.0024512684904, 0.000264407368377, 1.54682820721e-05], "max": [8.46471691132, 19.5634784698, 47.1517982483, 161.233291626, 129.855865479, 235.544464111, 205.186935425, 165.996841431, 436.067840576, 521.427368164, 639.632202148, 150.63079834, 173.796401978, 485.676391602, 301.942199707, 354.936309814, 482.046356201, 506.436157227, 306.203399658, 156.434570312, 229.519348145, 340.981292725, 254.958435059, 99.1720504761, 126.443946838, 89.2105331421, 74.6897964478, 38.9557571411, 30.1780395508, 18.8236541748, 12.8811473846, 13.4593915939, 8.46206188202, 4.29790019989, 2.47803330421, 1.04989087582, 0.329497456551, 0.0732350796461, 0.011292681098, 0.000469864229672], "var": [1.44163739681, 5.70965671539, 20.1770019531, 197.960098267, 151.214187622, 326.681488037, 273.097442627, 241.628417969, 3655.90063477, 2784.78027344, 11691.9609375, 490.153930664, 478.908782959, 1620.86169434, 1271.41589355, 2005.01806641, 2397.546875, 2186.06567383, 778.322753906, 519.328308105, 848.842468262, 874.215148926, 317.333221436, 175.449142456, 232.572067261, 80.7834396362, 77.4666061401, 30.5271987915, 16.3682384491, 9.14089679718, 4.54372930527, 2.94372916222, 1.29080438614, 0.49087318778, 0.136539831758, 0.0250199455768, 0.00198418484069, 0.000106799416244, 1.56939779572e-06, 5.05587172128e-09], "mean": [0.656089246273, 1.29820084572, 2.47364878654, 8.29590034485, 10.5188884735, 13.3469085693, 10.4194984436, 12.7486953735, 50.35779953, 40.0955162048, 89.5347290039, 24.1767978668, 19.5150489807, 26.2012329102, 22.6115474701, 34.7501983643, 26.5143127441, 25.3312187195, 19.3465232849, 14.5986785889, 20.3493366241, 19.5883350372, 12.1119041443, 9.1644525528, 9.39586353302, 5.74189853668, 5.2253036499, 3.25527596474, 2.36783266068, 1.7389472723, 1.20817494392, 0.904155790806, 0.584272325039, 0.360069483519, 0.175990477204, 0.0748295709491, 0.0208952780813, 0.00453006243333, 0.000490015838295, 5.85921588936e-05]}, "spectral_strongpeak": {"dmean2": 0.551767885685, "median": 0.374821186066, "min": 0, "dvar2": 0.811710238457, "dvar": 0.296790778637, "dmean": 0.320692390203, "max": 5.74809837341, "var": 0.691761493683, "mean": 0.764537990093}, "spectral_energy": {"dmean2": 0.0123653225601, "median": 0.0268757846206, "min": 1.57056381789e-11, "dvar2": 0.000364331470337, "dvar": 0.000165547593497, "dmean": 0.00833514425904, "max": 0.250269860029, "var": 0.00143073243089, "mean": 0.037477131933}, "average_loudness": 0.818186223507, "spectral_rolloff": {"dmean2": 250.449813843, "median": 602.9296875, "min": 43.06640625, "dvar2": 134384.015625, "dvar": 63932.7421875, "dmean": 153.894866943, "max": 4931.10351562, "var": 284959.625, "mean": 769.296142578}, "spectral_centroid": {"dmean2": 174.830810547, "median": 665.207580566, "min": 138.673721313, "dvar2": 40747.46875, "dvar": 18554.1816406, "dmean": 113.64200592, "max": 2540.48510742, "var": 180199.0625, "mean": 832.007080078}, "pitch_salience": {"dmean2": 0.0898157060146, "median": 0.542275667191, "min": 0.0317643582821, "dvar2": 0.00575490063056, "dvar": 0.00240052398294, "dmean": 0.0550099015236, "max": 0.900845587254, "var": 0.0223803017288, "mean": 0.510749459267}, "spectral_energyband_middle_high": {"dmean2": 0.00176678667776, "median": 0.00208548828959, "min": 1.55937253127e-12, "dvar2": 9.01764451555e-06, "dvar": 3.66786912309e-06, "dmean": 0.00116616964806, "max": 0.0395149774849, "var": 2.54877759289e-05, "mean": 0.00454320944846}, "spectral_contrast_coeffs": {"dmean2": [0.081792011857, 0.076375618577, 0.0544083751738, 0.0406475104392, 0.0304982047528, 0.0226969048381], "median": [-0.656578660011, -0.724301815033, -0.783288121223, -0.787334442139, -0.775488734245, -0.753728806973], "min": [-0.941498100758, -0.961193799973, -0.975388288498, -0.946878790855, -0.969397723675, -0.916388452053], "dvar2": [0.00449810456485, 0.00374849955551, 0.00187921372708, 0.00104017241392, 0.000585498695727, 0.000340315309586], "dvar": [0.00162749190349, 0.00126615050249, 0.000688206404448, 0.000400920835091, 0.000235828687437, 0.000140057090903], "dmean": [0.0497790649533, 0.0452355779707, 0.0325351208448, 0.0250364337116, 0.0189324207604, 0.014549119398], "max": [-0.398859173059, -0.439476907253, -0.606100916862, -0.654996156693, -0.632944941521, -0.672892272472], "var": [0.00915059540421, 0.00685149151832, 0.00302479439415, 0.00266761658713, 0.00246395496652, 0.00237090629525], "mean": [-0.660723686218, -0.723750948906, -0.787189424038, -0.792722702026, -0.780467152596, -0.764304697514]}, "melbands_skewness": {"dmean2": 0.888268947601, "median": 1.78976273537, "min": -0.841007947922, "dvar2": 1.71071970463, "dvar": 0.805331945419, "dmean": 0.587027728558, "max": 26.7683887482, "var": 14.2807798386, "mean": 2.73340320587}, "spectral_spread": {"dmean2": 497417.125, "median": 2886614.25, "min": 842979.125, "dvar2": 314581155840, "dvar": 168920678400, "dmean": 333818.1875, "max": 10775456, "var": 2434793209860.0, "mean": 3128291}, "dissonance": {"dmean2": 0.0418702103198, "median": 0.4580925107, "min": 0.23333607614, "dvar2": 0.00161358946934, "dvar": 0.000594157201704, "dmean": 0.0246233325452, "max": 0.499994158745, "var": 0.00220488291234, "mean": 0.442510277033}, "spectral_skewness": {"dmean2": 0.772450566292, "median": 2.09421253204, "min": 1.11777770519, "dvar2": 0.939272880554, "dvar": 0.296379178762, "dmean": 0.433974355459, "max": 7.95335674286, "var": 1.20487141609, "mean": 2.49830174446}, "spectral_flux": {"dmean2": 0.0247988961637, "median": 0.072048664093, "min": 3.54392141162e-05, "dvar2": 0.000848579395097, "dvar": 0.000326856563333, "dmean": 0.0148872332647, "max": 0.273263216019, "var": 0.00201186258346, "mean": 0.0732097551227}, "spectral_contrast_valleys": {"dmean2": [0.575485408306, 0.536692619324, 0.435724943876, 0.328013032675, 0.254563480616, 0.328538745642], "median": [-6.95117664337, -6.14896774292, -7.14537906647, -7.74503231049, -8.67437934875, -12.3073072433], "min": [-16.5517787933, -15.7409906387, -16.5363769531, -17.6829986572, -17.0602817535, -19.4332752228], "dvar2": [0.24005804956, 0.221471533179, 0.145138442516, 0.0810472071171, 0.0542414225638, 0.141490757465], "dvar": [0.11764549464, 0.0957118421793, 0.0733899846673, 0.0477440319955, 0.0344053506851, 0.0863443762064], "dmean": [0.354223251343, 0.320023387671, 0.260606586933, 0.204845771194, 0.172912105918, 0.249355196953], "max": [-4.8022403717, -4.78522157669, -5.57827711105, -6.23754882812, -6.28495979309, -8.57238864899], "var": [2.75836491585, 3.82071733475, 3.59811854362, 3.68594884872, 4.17944097519, 4.53872060776], "mean": [-7.32228755951, -6.71296215057, -7.57942342758, -8.19992828369, -8.7217464447, -11.9234323502]}, "erbbands_flatness_db": {"dmean2": 0.0197102744132, "median": 0.183191552758, "min": 0.0638512969017, "dvar2": 0.000296861981042, "dvar": 0.000158174429089, "dmean": 0.0139222433791, "max": 0.403591841459, "var": 0.0057726399973, "mean": 0.200853019953}, "spectral_energyband_high": {"dmean2": 0.00017678088625, "median": 2.35476181842e-05, "min": 8.15566310233e-13, "dvar2": 1.3052604686e-07, "dvar": 6.8900369854e-08, "dmean": 0.000130130749312, "max": 0.00293331616558, "var": 3.37172537002e-07, "mean": 0.000360842823284}, "spectral_entropy": {"dmean2": 0.184399902821, "median": 7.0828294754, "min": 5.5287361145, "dvar2": 0.0249489750713, "dvar": 0.0130634605885, "dmean": 0.122555628419, "max": 8.17688846588, "var": 0.389246404171, "mean": 7.04790592194}, "silence_rate_20dB": {"dmean2": 0, "median": 1, "min": 1, "dvar2": 0, "dvar": 0, "dmean": 0, "max": 1, "var": 0, "mean": 1}, "melbands_flatness_db": {"dmean2": 0.027469933033, "median": 0.281884670258, "min": 0.0515924692154, "dvar2": 0.000598184473347, "dvar": 0.000340737984516, "dmean": 0.0189408231527, "max": 0.639337360859, "var": 0.0135076278821, "mean": 0.288241893053}, "barkbands": {"dmean2": [0.000516019528732, 0.00614226702601, 0.00274102576077, 0.00268062530085, 0.00424028513953, 0.00127322366461, 0.0026925499551, 0.00183393689804, 0.000659752753563, 0.000518740562256, 0.00055549107492, 0.000655869720504, 0.000650244124699, 0.000370430527255, 0.0002753684239, 0.000192892330233, 0.00038508704165, 0.000153649118147, 0.000122597426525, 7.23604098312e-05, 7.4466363003e-05, 4.2540141294e-05, 2.52331337833e-05, 2.64195496129e-05, 1.89995735127e-05, 1.00664774436e-05, 2.06551931115e-06], "median": [0.000536730862223, 0.00262511707842, 0.000893265940249, 0.00105282175355, 0.00256982981227, 0.000778109824751, 0.00236744387075, 0.00197423156351, 0.000496258144267, 0.000435604189988, 0.000165419536643, 0.000445181474788, 0.000152457185322, 0.000124466430862, 0.000146033591591, 6.69582805131e-05, 9.6770512755e-05, 5.1705421356e-05, 2.34917570197e-05, 1.27419625642e-05, 6.94639402354e-06, 3.75612853531e-06, 1.91807248484e-06, 1.24481698549e-06, 8.14401403204e-07, 2.21969969516e-07, 3.49864563987e-08], "min": [4.09771934266e-13, 1.4464469119e-12, 6.55621824192e-13, 1.36877423458e-12, 3.36268621455e-12, 2.4920196115e-12, 1.17503944942e-12, 4.26501282208e-13, 5.85394363192e-13, 4.07526470252e-13, 1.9557544874e-13, 3.18602213839e-13, 1.55909383711e-13, 1.02848143142e-13, 2.69533557935e-14, 8.86236071508e-14, 1.2240849881e-13, 6.21139356854e-14, 9.22160839443e-14, 1.20979886265e-13, 9.02925873176e-14, 8.12687319784e-14, 7.02461499342e-14, 1.195723479e-13, 1.10375616524e-13, 1.35225394792e-13, 1.59714431893e-13], "dvar2": [1.17697391033e-06, 0.000146425925777, 3.07835689455e-05, 2.26925312745e-05, 5.12276747031e-05, 3.96670247937e-06, 1.54167810251e-05, 5.85112229601e-06, 8.4161462155e-07, 5.98457063461e-07, 1.56167118348e-06, 1.20621962196e-06, 2.77352069133e-06, 8.20488310183e-07, 2.32657228594e-07, 1.2320992937e-07, 6.55173948871e-07, 9.33572934514e-08, 5.24455572304e-08, 2.03611509875e-08, 2.30705250459e-08, 7.89404186463e-09, 2.77061795728e-09, 4.13066070237e-09, 2.05644390405e-09, 5.97406568659e-10, 2.49425202714e-11], "dvar": [9.91375372905e-07, 6.5318934503e-05, 1.12987008833e-05, 1.08210670078e-05, 1.72987893166e-05, 1.3857011254e-06, 5.27174643139e-06, 2.56640714724e-06, 3.39302147268e-07, 2.33443515185e-07, 6.71722773404e-07, 4.43973249276e-07, 9.44252633417e-07, 3.4845470509e-07, 8.73647181265e-08, 4.81132147456e-08, 2.42437351972e-07, 3.47130004741e-08, 2.16595026359e-08, 8.37188185443e-09, 1.0138651696e-08, 3.55989970835e-09, 1.40931066817e-09, 1.99405181256e-09, 1.03029496046e-09, 2.77270956195e-10, 1.37920621104e-11], "dmean": [0.000487941608299, 0.00400273920968, 0.00166514900047, 0.00177950435318, 0.00250542256981, 0.000740446674172, 0.00163086492103, 0.00122114503756, 0.000410051929066, 0.000319902610499, 0.000363446597476, 0.000406382896472, 0.000377704418497, 0.000235059444094, 0.000166828394867, 0.000118580952403, 0.000237119718804, 9.46372310864e-05, 7.77563254815e-05, 4.63549949927e-05, 4.87730649184e-05, 2.79096111626e-05, 1.88035555766e-05, 1.90521477634e-05, 1.42451026477e-05, 7.3659739428e-06, 1.51586402808e-06], "max": [0.0223451722413, 0.14167521894, 0.0498967319727, 0.0629064664245, 0.0599900223315, 0.0149407628924, 0.0297616217285, 0.0278142392635, 0.00683971401304, 0.00703379977494, 0.0152372997254, 0.00792756583542, 0.0123119298369, 0.0114161325619, 0.0034027567599, 0.00304308347404, 0.00710743991658, 0.00430722394958, 0.00224780268036, 0.00152056303341, 0.00150022143498, 0.000697937328368, 0.000503277929965, 0.00061416416429, 0.000342077721143, 0.000159857983817, 6.11239884165e-05], "var": [1.39887843034e-05, 0.000430810934631, 1.65807232406e-05, 2.83432073047e-05, 2.37443291553e-05, 2.60256388174e-06, 1.65568817465e-05, 1.83150787052e-05, 8.50204230574e-07, 6.32799128653e-07, 1.75587922513e-06, 8.81727487467e-07, 1.51569133777e-06, 8.20391733214e-07, 2.05688351684e-07, 1.55510377908e-07, 5.32176443357e-07, 1.0254685634e-07, 8.34358644397e-08, 3.21898454558e-08, 3.65162193816e-08, 1.12119709073e-08, 6.5927152626e-09, 5.47380896165e-09, 3.22371129791e-09, 7.49992123961e-10, 5.03115396566e-11], "mean": [0.00226113339886, 0.0116047607735, 0.0023267052602, 0.00301786954515, 0.00400116946548, 0.00127619423438, 0.00357808731496, 0.00363627797924, 0.000807692587841, 0.000686851504724, 0.00067029974889, 0.000760170049034, 0.00059044349473, 0.00040923783672, 0.000325216620695, 0.00025666091824, 0.000451954721939, 0.000214477971895, 0.000183782874956, 0.000115871429443, 0.00011147549958, 6.22583756922e-05, 4.60035917058e-05, 3.8492402382e-05, 2.82732526102e-05, 1.30763410198e-05, 2.74759827334e-06]}, "erbbands_skewness": {"dmean2": 0.442131251097, "median": 0.545743644238, "min": -0.909000098705, "dvar2": 0.14635451138, "dvar": 0.0579330399632, "dmean": 0.285949856043, "max": 4.19475412369, "var": 0.587205350399, "mean": 0.737004220486}, "erbbands_spread": {"dmean2": 6.57151317596, "median": 25.3556594849, "min": 2.6787686348, "dvar2": 43.9605827332, "dvar": 19.2939472198, "dmean": 4.19171714783, "max": 80.0871124268, "var": 191.039901733, "mean": 25.3607578278}, "melbands_kurtosis": {"dmean2": 22.1250076294, "median": 4.54164743423, "min": -1.11351549625, "dvar2": 8940.86132812, "dvar": 4030.35449219, "dmean": 15.1434087753, "max": 1645.7734375, "var": 38153.5703125, "mean": 50.5949325562}, "melbands": {"dmean2": [0.00190284894779, 0.0013646465959, 0.00109281355981, 0.00106792594306, 0.000431532971561, 0.000272472680081, 0.000539078842849, 0.000354235817213, 0.000319175480399, 8.62705492182e-05, 7.23455377738e-05, 8.27298426884e-05, 6.47411579848e-05, 7.13965346222e-05, 5.09576057084e-05, 8.27610128908e-05, 3.9546557673e-05, 2.5928422474e-05, 1.73875323526e-05, 1.55657216965e-05, 2.3548180252e-05, 2.12747945625e-05, 6.98753683537e-06, 9.45726969803e-06, 4.49680965176e-06, 6.39022528048e-06, 2.9698508115e-06, 2.5638473744e-06, 2.30169052884e-06, 2.06070285458e-06, 1.38978214181e-06, 1.00104512057e-06, 9.09018126549e-07, 6.1725205569e-07, 4.50677561048e-07, 4.02266636002e-07, 4.24784076358e-07, 3.05618101493e-07, 2.5535123882e-07, 2.18989953282e-07], "median": [0.00100206851494, 0.000411906075897, 0.000642173108645, 0.000610455055721, 0.0002152590896, 0.000213333027204, 0.000476717716083, 0.000281116255792, 0.000348487781594, 7.51540937927e-05, 6.2619408709e-05, 6.04424676567e-05, 2.33400824072e-05, 4.38303250121e-05, 3.64727093256e-05, 1.57585527631e-05, 9.70267865341e-06, 1.4735313016e-05, 8.58655403135e-06, 5.25152609043e-06, 5.84249210078e-06, 5.56673194296e-06, 2.11634915104e-06, 3.02746889247e-06, 1.12032444122e-06, 9.26455413719e-07, 4.80865878671e-07, 4.10269393569e-07, 1.96933228835e-07, 2.01834140512e-07, 1.2200267463e-07, 8.29114412682e-08, 5.40447899766e-08, 3.55248204187e-08, 2.61351331687e-08, 2.25897434092e-08, 1.54010226794e-08, 1.19072440796e-08, 1.13388773926e-08, 7.87551535097e-09], "min": [4.98868416195e-13, 5.38765158788e-13, 6.69801237044e-13, 6.76973722306e-13, 6.30421008365e-13, 4.62839510641e-13, 2.7864532513e-13, 1.24271239458e-13, 7.11148669249e-14, 8.64988554958e-14, 7.65513683259e-14, 4.01279656476e-14, 2.90289575147e-14, 3.58242759459e-14, 2.96271999447e-14, 1.07817731183e-14, 1.05494777207e-14, 4.46726955151e-15, 1.79796189703e-15, 4.50556136996e-15, 7.40620875717e-15, 7.31283692726e-15, 4.77443842654e-15, 2.76025358203e-15, 3.41106414727e-15, 3.66157816483e-15, 3.88754834395e-15, 3.52048407516e-15, 3.03353880982e-15, 2.1644254077e-15, 1.71073793813e-15, 1.92469348429e-15, 1.40040147752e-15, 1.14229539778e-15, 1.37191904176e-15, 9.54867547099e-16, 1.41891645308e-15, 1.24672100765e-15, 1.69683908038e-15, 8.56210602177e-16], "dvar2": [1.43323413795e-05, 7.52556161387e-06, 3.69884105567e-06, 3.05957883029e-06, 8.13723772808e-07, 1.81166001312e-07, 5.87851673117e-07, 3.72605768462e-07, 1.65202052926e-07, 1.60511799407e-08, 1.27120660665e-08, 2.47030573775e-08, 1.93174489738e-08, 1.61742512717e-08, 6.63683819013e-09, 5.10365119055e-08, 8.73126371204e-09, 2.92484814146e-09, 1.19618837058e-09, 9.3184981953e-10, 1.93849158947e-09, 2.04108396851e-09, 1.78474374168e-10, 4.31729429984e-10, 7.37536420825e-11, 1.74526199048e-10, 3.15438682119e-11, 3.26257111605e-11, 2.41028360465e-11, 1.80698876001e-11, 1.27687686813e-11, 4.77798660012e-12, 3.84488144448e-12, 1.85840622405e-12, 8.28657671995e-13, 7.20344899181e-13, 1.04898652698e-12, 5.95866129875e-13, 3.55238543659e-13, 2.58580862885e-13], "dvar": [7.28388386051e-06, 2.83280087388e-06, 1.69019915575e-06, 1.0073898693e-06, 2.9026105608e-07, 6.31956638131e-08, 2.06095563726e-07, 1.28894853901e-07, 8.16188361341e-08, 6.46566444829e-09, 4.84690421132e-09, 1.03031450038e-08, 7.76333486385e-09, 5.91468785061e-09, 2.49679543707e-09, 1.73181717855e-08, 3.33902994143e-09, 1.30585964264e-09, 4.44354941731e-10, 3.62869539972e-10, 7.20072890203e-10, 7.48069550749e-10, 7.18657980348e-11, 1.60080351752e-10, 2.98281503663e-11, 7.22093981831e-11, 1.35292428302e-11, 1.2571518479e-11, 1.14166939791e-11, 7.01622917751e-