{"tonal": {"thpcp": [1, 0.727894425392, 0.368999987841, 0.284877032042, 0.292382389307, 0.468504399061, 0.721280872822, 0.723115742207, 0.535006463528, 0.314714998007, 0.18916015327, 0.259779214859, 0.327533006668, 0.359622299671, 0.656615436077, 0.94346255064, 0.73569470644, 0.424205601215, 0.306400865316, 0.322889477015, 0.548352479935, 0.733275055885, 0.592506289482, 0.378750830889, 0.313540577888, 0.341630876064, 0.589245676994, 0.790724277496, 0.614734172821, 0.4066439569, 0.314656406641, 0.236512988806, 0.233167201281, 0.281604081392, 0.344815194607, 0.685887098312], "hpcp": {"dmean2": [0.266477018595, 0.251408845186, 0.213803067803, 0.196989372373, 0.205244794488, 0.252343893051, 0.296637922525, 0.242573231459, 0.203901827335, 0.165070995688, 0.141705080867, 0.137462601066, 0.153722479939, 0.180279165506, 0.256602197886, 0.282969385386, 0.265717595816, 0.222556993365, 0.192935794592, 0.192232578993, 0.226291298866, 0.266698777676, 0.271839678288, 0.26569122076, 0.184400990605, 0.11888858676, 0.136480748653, 0.166250556707, 0.206247776747, 0.269974857569, 0.282454192638, 0.236287921667, 0.211803406477, 0.197377637029, 0.205277979374, 0.249811068177], "median": [0.053434252739, 0.0392609909177, 0.0193976871669, 0.0176328290254, 0.0244229100645, 0.0648094266653, 0.0918765366077, 0.0669424533844, 0.0205352082849, 0.0121506806463, 0.0111722899601, 0.0160024724901, 0.019505051896, 0.0280316844583, 0.0716708600521, 0.108785167336, 0.0832980126143, 0.0318720601499, 0.0179782360792, 0.0170510336757, 0.0352867692709, 0.057118460536, 0.0602007880807, 0.0347551777959, 0.0231364704669, 0.0128546096385, 0.0202602818608, 0.0289076566696, 0.0329400077462, 0.062939658761, 0.0744153410196, 0.0511895827949, 0.0231345146894, 0.0177123732865, 0.0190798714757, 0.0400665290654], "min": [0, 0, 0, 0, 0, 0, 0, 0, 0, 0, 0, 0, 0, 0, 0, 0, 0, 0, 0, 0, 0, 0, 0, 0, 0, 0, 0, 0, 0, 0, 0, 0, 0, 0, 0, 0], "dvar2": [0.126854658127, 0.125485911965, 0.110158130527, 0.104287713766, 0.0974248200655, 0.105490669608, 0.132220208645, 0.104029275477, 0.115111276507, 0.0939692631364, 0.0836168378592, 0.0689997896552, 0.0740292146802, 0.0815453827381, 0.11074385792, 0.12098287046, 0.117080114782, 0.121547922492, 0.122567944229, 0.113945767283, 0.120519347489, 0.131993800402, 0.140708580613, 0.132529616356, 0.0843991041183, 0.0573074929416, 0.0602746941149, 0.0766736716032, 0.102246232331, 0.124440297484, 0.128362610936, 0.103166177869, 0.109570994973, 0.106090463698, 0.102814413607, 0.122192181647], "dvar": [0.051293540746, 0.0483773499727, 0.0405827909708, 0.0386685915291, 0.0364759787917, 0.0401059500873, 0.0508206486702, 0.0412029884756, 0.0428322516382, 0.0348813720047, 0.0302690789104, 0.0251818429679, 0.0277177263051, 0.0308849681169, 0.04307834059, 0.0518982224166, 0.0455199852586, 0.0430360659957, 0.0424564667046, 0.0403298251331, 0.0451505593956, 0.0529788583517, 0.054907348007, 0.0489659756422, 0.03056775406, 0.0205536838621, 0.0225739758462, 0.0293882172555, 0.0368772782385, 0.0468421764672, 0.0545790530741, 0.0431064404547, 0.0408117994666, 0.0379202887416, 0.0373384840786, 0.0471195653081], "dmean": [0.155467256904, 0.144545197487, 0.120673246682, 0.109325692058, 0.114781163633, 0.145519882441, 0.171921223402, 0.140376150608, 0.115107573569, 0.0919678062201, 0.0784237831831, 0.0771778598428, 0.0866774320602, 0.102471038699, 0.150077819824, 0.168386146426, 0.156552016735, 0.12254653126, 0.104864828289, 0.105553478003, 0.130128011107, 0.157145872712, 0.157006189227, 0.149880185723, 0.101885452867, 0.0663340836763, 0.0771815702319, 0.0942033231258, 0.115378886461, 0.155550122261, 0.164947733283, 0.138451218605, 0.119655050337, 0.109342545271, 0.114137783647, 0.144070088863], "max": [1, 1, 1, 1, 1, 1, 1, 1, 1, 1, 1, 1, 1, 1, 1, 1, 1, 1, 1, 1, 1, 1, 1, 1, 1, 1, 1, 1, 1, 1, 1, 1, 1, 1, 1, 1], "var": [0.0897636190057, 0.0689197927713, 0.039732336998, 0.0316902957857, 0.0315353795886, 0.0518402419984, 0.08103916049, 0.0595594532788, 0.0497127361596, 0.0406269468367, 0.0250135436654, 0.0205768421292, 0.0263314768672, 0.0315086729825, 0.0655058771372, 0.115502029657, 0.0714523643255, 0.0341850481927, 0.0295162536204, 0.0302129052579, 0.0496878437698, 0.0844778940082, 0.0889334455132, 0.0577700771391, 0.026206407696, 0.0151623534039, 0.0215403158218, 0.0298189986497, 0.0314730405807, 0.0642723962665, 0.117771975696, 0.0911118090153, 0.0481212250888, 0.0306200254709, 0.0307012870908, 0.058966524899], "mean": [0.205527707934, 0.166072010994, 0.106159053743, 0.0878814533353, 0.095754802227, 0.165158092976, 0.221629992127, 0.17230220139, 0.113977149129, 0.088194206357, 0.0662915930152, 0.0653538107872, 0.0789300575852, 0.0966473296285, 0.192245453596, 0.280287325382, 0.204019576311, 0.103426016867, 0.0798474252224, 0.0819510743022, 0.131315842271, 0.20216588676, 0.202680185437, 0.149955525994, 0.0882106274366, 0.0530191920698, 0.0728128179908, 0.0918033495545, 0.100797571242, 0.184040978551, 0.264440596104, 0.206205904484, 0.118899449706, 0.085880279541, 0.0905018299818, 0.153696253896]}, "tuning_equal_tempered_deviation": 0.0533787794411, "chords_changes_rate": 0.068265683949, "key_key": "G", "tuning_diatonic_strength": 0.718889832497, "key_scale": "major", "chords_number_rate": 0.00225502252579, "tuning_frequency": 440.763122559, "tuning_nontempered_energy_ratio": 0.759693682194, "chords_histogram": [43.665435791, 2.48052477837, 5.96555948257, 0.0615006163716, 14.0836410522, 0.615006148815, 2.35752367973, 0, 0.266502678394, 0, 1.10701107979, 0, 0, 0, 0, 0, 0, 2.35752367973, 0, 3.6900370121, 0, 4.77654790878, 7.21607208252, 11.3571138382], "key_strength": 0.779703319073, "chords_key": "G", "chords_strength": {"dmean2": 0.0137011110783, "median": 0.557474970818, "min": -1, "dvar2": 0.000903619104065, "dvar": 0.000500773196109, "dmean": 0.0133418450132, "max": 0.857552230358, "var": 0.026501763612, "mean": 0.558760643005}, "chords_scale": "major", "hpcp_entropy": {"dmean2": 1.11182904243, "median": 2.0847902298, "min": 0, "dvar2": 0.787881374359, "dvar": 0.289864897728, "dmean": 0.662702322006, "max": 4.36993932724, "var": 0.603785097599, "mean": 2.08135199547}}, "metadata": {"audio_properties": {"equal_loudness": 0, "codec": "mp3", "downmix": "mix", "sample_rate": 44100, "analysis_sample_rate": 44100, "bit_rate": 189612, "md5_encoded": "32e74a8401fe31808764d41d12348ffe", "length": 226.455505371, "replay_gain": -13.9987277985, "lossless": false}, "version": {"essentia_build_sha": "26c37b627ab5a2028d412893e0969599b764ad4d", "essentia": "2.1-beta2", "extractor": "music 1.0", "essentia_git_sha": "v2.1_beta2"}, "tags": {"title": ["Gonna Be a Long Time"], "barcode": ["9324690040292"], "media": ["CD"], "albumartist": ["The John Butler Trio"], "isrc": ["AUFC00900025"], "musicbrainz_recordingid": ["1e2f2387-43b3-43ad-aba7-be65b0427d25"], "mood": ["Chill; Mellow; Happy; Relaxed"], "originalyear": ["2010"], "discnumber": ["1/1"], "album": ["April Uprising"], "catalognumber": ["JBT015"], "contentgroup": ["Folk"], "musicbrainz album type": ["album"], "musicbrainz album status": ["official"], "file_name": "14 Gonna Be a Long Time.mp3", "musicbrainz_albumartistid": ["7952b266-9fd4-4a09-a324-7dc84f11b5fc"], "date": ["2010-03-26"], "genre": ["Folk; Indie Rock; Acoustic; Alternative; Alternative Rock"], "musicbrainz album release country": ["AU"], "musicbrainz_releasegroupid": ["f257d424-5a3c-4fbf-bad3-4dae4db47111"], "musicbrainz_artistid": ["7952b266-9fd4-4a09-a324-7dc84f11b5fc"], "originaldate": ["2010-03-24"], "musicbrainz_albumid": ["2ec23c92-4d15-47a5-a995-8ed2d4429fe9"], "artist": ["The John Butler Trio"], "artistsort": ["Butler, John, Trio, The"], "tracknumber": ["14/15"], "label": ["Jarrah Records"], "albumartistsort": ["Butler, John, Trio, The"], "script": ["Latn"]}}, "rhythm": {"bpm_histogram_first_peak_bpm": {"dmean2": 0, "median": 94, "min": 94, "dvar2": 0, "dvar": 0, "dmean": 0, "max": 94, "var": 0, "mean": 94}, "bpm": 94.0358963013, "bpm_histogram_second_peak_spread": {"dmean2": 0, "median": 0.294117629528, "min": 0.294117629528, "dvar2": 0, "dvar": 0, "dmean": 0, "max": 0.294117629528, "var": 0, "mean": 0.294117629528}, "bpm_histogram_first_peak_weight": {"dmean2": 0, "median": 0.349431812763, "min": 0.349431812763, "dvar2": 0, "dvar": 0, "dmean": 0, "max": 0.349431812763, "var": 0, "mean": 0.349431812763}, "onset_rate": 4.41106653214, "beats_position": [0.650158703327, 1.3235373497, 1.99691605568, 2.67029476166, 3.34367346764, 4.01705217361, 4.69043064117, 5.36380958557, 6.025578022, 6.68734693527, 7.3491153717, 8.0224943161, 8.68426322937, 9.33442115784, 9.98458003998, 10.6579589844, 11.3313379288, 11.9931058884, 12.6548748016, 13.3166437149, 13.9784126282, 14.6401815414, 15.301949501, 15.9637184143, 16.6254863739, 17.2756462097, 17.9374141693, 18.5991840363, 19.2609519958, 19.9227199554, 20.5844898224, 21.246257782, 21.9196376801, 22.6046257019, 23.3012237549, 23.9978218079, 24.6944217682, 25.3910198212, 26.0992279053, 26.7609977722, 27.4227657318, 28.0845336914, 28.7463035583, 29.3964614868, 30.0466213226, 30.6967792511, 31.3469390869, 31.9970970154, 32.6472549438, 33.2974128723, 33.9475746155, 34.5977325439, 35.2478904724, 35.8980484009, 36.5482063293, 37.1983680725, 37.848526001, 38.4870758057, 39.1256217957, 39.7757797241, 40.4259414673, 41.0760993958, 41.7146492004, 42.3531951904, 43.0033569336, 43.6535148621, 44.3036727905, 44.953830719, 45.6039886475, 46.2657585144, 46.9043083191, 47.5544662476, 48.1930160522, 48.8315620422, 49.4817237854, 50.1318817139, 50.7820396423, 51.420589447, 52.0591392517, 52.7092971802, 53.3594551086, 53.9980049133, 54.6365509033, 55.2867126465, 55.936870575, 56.5870285034, 57.2255783081, 57.8757362366, 58.5142860413, 59.1528320312, 59.7797737122, 60.4183197021, 61.0568695068, 61.6954193115, 62.3223571777, 62.9609069824, 63.5994529724, 64.2380065918, 64.8765487671, 65.5150985718, 66.1536483765, 66.8038101196, 67.4423599243, 68.0809020996, 68.7310638428, 69.358001709, 69.9849395752, 70.6234893799, 71.2620391846, 71.8889770508, 72.515914917, 73.1544647217, 73.7930145264, 74.4199523926, 75.0468902588, 75.673828125, 76.3123779297, 76.9509277344, 77.6010894775, 78.2396392822, 78.8781814575, 79.5167312622, 80.1552810669, 80.7938308716, 81.4323806763, 82.070930481, 82.7094802856, 83.3364181519, 83.9633560181, 84.6019058228, 85.2404556274, 85.8789978027, 86.5175476074, 87.1444854736, 87.7714233398, 88.3983688354, 89.0136947632, 89.6522445679, 90.2791824341, 90.9061203003, 91.5330581665, 92.1716079712, 92.8101577759, 93.460319519, 94.0988616943, 94.737411499, 95.3643493652, 96.0145111084, 96.6530609131, 97.2916107178, 97.9417648315, 98.5687026978, 99.2188644409, 99.8574142456, 100.49596405, 101.134513855, 101.77305603, 102.400001526, 103.026939392, 103.665489197, 104.304031372, 104.942581177, 105.581130981, 106.219680786, 106.858230591, 107.485168457, 108.112106323, 108.762268066, 109.389205933, 110.016143799, 110.643081665, 111.270019531, 111.908569336, 112.547119141, 113.174057007, 113.812606812, 114.451156616, 115.089706421, 115.728248596, 116.378410339, 117.028572083, 117.655509949, 118.282447815, 118.909385681, 119.559547424, 120.1980896, 120.836639404, 121.475189209, 122.113739014, 122.763900757, 123.402442932, 124.040992737, 124.69115448, 125.341316223, 125.991470337, 126.630020142, 127.268569946, 127.907119751, 128.545669556, 129.195831299, 129.845977783, 130.496139526, 131.123077393, 131.761627197, 132.400177002, 133.038726807, 133.677276611, 134.315826416, 134.954376221, 135.592926025, 136.23147583, 136.881637573, 137.531784058, 138.170333862, 138.808883667, 139.447433472, 140.085983276, 140.724533081, 141.363082886, 141.990020752, 142.616958618, 143.255508423, 143.882446289, 144.520996094, 145.14793396, 145.786483765, 146.413421631, 147.051971436, 147.678909302, 148.317459106, 148.956008911, 149.582946777, 150.221496582, 150.860046387, 151.486984253, 152.113922119, 152.764083862, 153.391021729, 154.017959595, 154.644897461, 155.271835327, 155.887161255, 156.514099121, 157.152648926, 157.779586792, 158.418136597, 159.056686401, 159.683624268, 160.310562134, 160.9375, 161.564437866, 162.202987671, 162.841537476, 163.468475342, 164.107025146, 164.745574951, 165.360900879, 165.987838745, 166.603164673, 167.230117798, 167.857055664, 168.48399353, 169.110931396, 169.749481201, 170.388031006, 171.014968872, 171.641906738, 172.292053223, 172.919006348, 173.545944214, 174.17288208, 174.799819946, 175.438369751, 176.076919556, 176.703857422, 177.330795288, 177.957733154, 178.596282959, 179.234832764, 179.86177063, 180.488708496, 181.115646362, 181.742584229, 182.369522095, 182.996459961, 183.623397827, 184.250335693, 184.87727356, 185.515823364, 186.14276123, 186.781311035, 187.408248901, 188.046798706, 188.673736572, 189.2890625, 189.927612305, 190.566162109, 191.193099976, 191.820037842, 192.446975708, 193.073913574, 193.689254761, 194.304580688, 194.943130493, 195.581680298, 196.208618164, 196.83555603, 197.462493896, 198.089431763, 198.716369629, 199.343307495, 199.970245361, 200.597183228, 201.224121094, 201.85105896, 202.477996826, 203.104934692, 203.731872559, 204.347213745, 204.962539673, 205.589477539, 206.216415405, 206.843353271, 207.493515015, 208.120452881, 208.747390747, 209.374328613, 210.001266479, 210.628204346, 211.243530273, 211.858856201, 212.485794067, 213.112747192, 213.739685059, 214.366622925, 215.005172729, 215.632110596, 216.247436523, 216.862762451, 217.489700317, 218.105026245, 218.720352173, 219.335693359, 219.962631226, 220.60118103, 221.216506958, 221.843444824, 222.47038269, 223.108932495, 223.7474823, 224.386032104, 225.036193848, 225.686340332], "beats_loudness": {"dmean2": 0.0747964531183, "median": 0.0519395507872, "min": 3.42333328351e-10, "dvar2": 0.00374325318262, "dvar": 0.0011517124949, "dmean": 0.0397297888994, "max": 0.1719070822, "var": 0.00160955439787, "mean": 0.0559314526618}, "danceability": 1.35529482365, "bpm_histogram_second_peak_weight": {"dmean2": 0, "median": 0.0340909101069, "min": 0.0340909101069, "dvar2": 0, "dvar": 0, "dmean": 0, "max": 0.0340909101069, "var": 0, "mean": 0.0340909101069}, "beats_count": 353, "bpm_histogram_second_peak_bpm": {"dmean2": 0, "median": 89, "min": 89, "dvar2": 0, "dvar": 0, "dmean": 0, "max": 89, "var": 0, "mean": 89}, "bpm_histogram_first_peak_spread": {"dmean2": 0, "median": 0.632835805416, "min": 0.632835805416, "dvar2": 0, "dvar": 0, "dmean": 0, "max": 0.632835805416, "var": 0, "mean": 0.632835805416}, "beats_loudness_band_ratio": {"dmean2": [0.415608912706, 0.192144021392, 0.279393494129, 0.179494649172, 0.116912290454, 0.0646873489022], "median": [0.556119799614, 0.0939378663898, 0.139788478613, 0.0635668933392, 0.04465790838, 0.0204775780439], "min": [0.000186212710105, 0.00026731172693, 0.00122692866717, 0.0013259673724, 0.00040591499419, 0.00122105714399], "dvar2": [0.104114085436, 0.0278930179775, 0.0589106790721, 0.0364855527878, 0.0199023745954, 0.0164793785661], "dvar": [0.0354386009276, 0.00994503311813, 0.0191973373294, 0.0126101337373, 0.00740339187905, 0.00634523527697], "dmean": [0.244047790766, 0.107177384198, 0.159706354141, 0.101499684155, 0.0652318000793, 0.0358739830554], "max": [0.962727546692, 0.66236948967, 0.815768420696, 0.665475487709, 0.592743039131, 0.988370716572], "var": [0.070073440671, 0.0156593713909, 0.0262622125447, 0.0130386073142, 0.00811373721808, 0.0100426794961], "mean": [0.505893945694, 0.135602504015, 0.189085751772, 0.10183057934, 0.0723037570715, 0.0412547029555]}}, "lowlevel": {"barkbands_spread": {"dmean2": 9.70618438721, "median": 17.264623642, "min": 0.166309505701, "dvar2": 152.96333313, "dvar": 69.2320709229, "dmean": 6.3761267662, "max": 115.67401123, "var": 179.001724243, "mean": 19.6681594849}, "melbands_spread": {"dmean2": 12.1324748993, "median": 17.4590187073, "min": 0.305197924376, "dvar2": 395.596557617, "dvar": 173.535919189, "dmean": 7.79268789291, "max": 269.799102783, "var": 477.748565674, "mean": 21.8427505493}, "hfc": {"dmean2": 10.4127674103, "median": 10.4632434845, "min": 1.17092418495e-16, "dvar2": 298.620544434, "dvar": 137.817199707, "dmean": 7.49704360962, "max": 168.123123169, "var": 322.33795166, "mean": 16.4726085663}, "barkbands_kurtosis": {"dmean2": 8.62909507751, "median": 1.92822313309, "min": -1.90695083141, "dvar2": 1013.37652588, "dvar": 446.240936279, "dmean": 5.42885112762, "max": 883.948852539, "var": 638.985900879, "mean": 7.15384626389}, "gfcc": {"mean": [-60.1744842529, 104.221809387, -113.023246765, 26.1295928955, -43.3042259216, 8.12471199036, -32.850151062, 8.64704418182, -15.7380304337, 0.429750472307, -14.3559064865, -2.38813257217, -12.6785564423], "icov": [[4.4675081881e-05, -3.63596482202e-05, 4.66940764454e-05, -9.82077181106e-05, 6.25200045761e-05, -7.90644116933e-05, 3.76506031898e-05, -0.000117377843708, 4.01860670536e-05, -0.000113575042633, 0.000111628913146, -0.000117629082524, 0.000104084647319], [-3.63596482202e-05, 0.000874836463481, 0.0002399013174, 0.00016441140906, -0.000440481380792, 0.000279749423498, -0.00051331659779, 0.000860248052049, -0.00089394825045, 0.00110728351865, -0.00101471017115, 0.000948506232817, -0.000513831153512], [4.66940764454e-05, 0.0002399013174, 0.00145203678403, -0.000474594824482, -0.000814498635009, -0.00062507763505, 0.00014384406677, 7.22951444914e-05, -2.20426027226e-05, -0.000472549989354, 0.000525569659658, -0.000760968599934, 0.000678589683957], [-9.82077181106e-05, 0.00016441140906, -0.000474594824482, 0.00229069404304, -0.000479895854369, -0.000445823534392, 0.000650645873975, -0.000317568832543, -0.000436644506408, 0.000785711337812, -0.000792243983597, 0.00103315920569, -0.00119535578415], [6.25200045761e-05, -0.000440481380792, -0.000814498635009, -0.000479895854369, 0.00388555345125, 0.000195513435756, -0.00126314477529, 0.000167649312061, -0.000525621580891, 0.000270382297458, -0.000287280097837, 0.000311847630655, -5.89006003793e-06], [-7.90644116933e-05, 0.000279749423498, -0.00062507763505, -0.000445823534392, 0.000195513435756, 0.00486485240981, -0.00212791422382, -0.000607347756159, 0.00114271522034, -0.0012126583606, -0.000387486303225, 0.000909532129299, -0.000925134692807], [3.76506031898e-05, -0.00051331659779, 0.00014384406677, 0.000650645873975, -0.00126314477529, -0.00212791422382, 0.00577541394159, -0.00209455983713, 3.67638422176e-05, 5.4152962548e-05, -0.000791743339505, 0.000460738432594, -0.000159923773026], [-0.000117377843708, 0.000860248052049, 7.22951444914e-05, -0.000317568832543, 0.000167649312061, -0.000607347756159, -0.00209455983713, 0.00935732759535, -0.00414251117036, 0.000683884718455, -0.000217972497921, -0.00073266873369, 0.000911499955691], [4.01860670536e-05, -0.00089394825045, -2.20426027226e-05, -0.000436644506408, -0.000525621580891, 0.00114271522034, 3.67638422176e-05, -0.00414251117036, 0.0107587566599, -0.00511343963444, 0.000629385409411, 0.00234362692572, -0.00339954323135], [-0.000113575042633, 0.00110728351865, -0.000472549989354, 0.000785711337812, 0.000270382297458, -0.0012126583606, 5.4152962548e-05, 0.000683884718455, -0.00511343963444, 0.0130613651127, -0.00359935848974, -0.00112741801422, 0.00225881440565], [0.000111628913146, -0.00101471017115, 0.000525569659658, -0.000792243983597, -0.000287280097837, -0.000387486303225, -0.000791743339505, -0.000217972497921, 0.000629385409411, -0.00359935848974, 0.0108847459778, -0.00418380834162, -0.000122060526337], [-0.000117629082524, 0.000948506232817, -0.000760968599934, 0.00103315920569, 0.000311847630655, 0.000909532129299, 0.000460738432594, -0.00073266873369, 0.00234362692572, -0.00112741801422, -0.00418380834162, 0.0150650180876, -0.00567163294181], [0.000104084647319, -0.000513831153512, 0.000678589683957, -0.00119535578415, -5.89006003793e-06, -0.000925134692807, -0.000159923773026, 0.000911499955691, -0.00339954323135, 0.00225881440565, -0.000122060526337, -0.00567163294181, 0.0150175606832]], "cov": [[29594.6386719, -561.271118164, -322.665039062, 1113.94311523, -582.457946777, 625.109680176, -97.4055709839, 525.436645508, 87.8440704346, 300.224182129, -110.354530334, 118.100814819, -97.2881088257], [-561.271118164, 2692.83203125, -648.68371582, -124.986122131, 324.453979492, -199.160247803, 257.521392822, -144.767959595, 173.614868164, -189.435531616, 165.07371521, -156.014312744, 124.991851807], [-322.665039062, -648.68371582, 1184.03161621, 282.34753418, 195.980422974, 228.291244507, 26.7876548767, 72.3977127075, -2.09376573563, 93.5614395142, -27.4654922485, 49.3692932129, -37.0799942017], [1113.94311523, -124.986122131, 282.34753418, 640.372924805, 104.653663635, 126.867324829, 0.613017320633, 68.5717468262, 49.3847122192, 15.5237731934, 18.4346427917, -7.40170240402, 36.1164131165], [-582.457946777, 324.453979492, 195.980422974, 104.653663635, 413.477233887, 48.827167511, 138.302017212, 15.9924736023, 61.5131874084, -8.26381111145, 40.9337120056, -27.1769447327, 23.52161026], [625.109680176, -199.160247803, 228.291244507, 126.867324829, 48.827167511, 343.984283447, 125.527885437, 78.2573013306, 7.74975633621, 57.8032722473, 19.1890678406, 7.87657403946, 2.62314462662], [-97.4055709839, 257.521392822, 26.7876548767, 0.613017320633, 138.302017212, 125.527885437, 306.154602051, 70.0044784546, 54.0308761597, 11.9928703308, 49.3935203552, -18.7494869232, 18.8707370758], [525.436645508, -144.767959595, 72.3977127075, 68.5717468262, 15.9924736023, 78.2573013306, 70.0044784546, 176.27381897, 66.6838684082, 41.6115112305, 7.680996418, 8.66025924683, 0.634925305843], [87.8440704346, 173.614868164, -2.09376573563, 49.3847122192, 61.5131874084, 7.74975633621, 54.0308761597, 66.6838684082, 170.775970459, 45.3166389465, 24.5362052917, -18.3983821869, 31.4800415039], [300.224182129, -189.435531616, 93.5614395142, 15.5237731934, -8.26381111145, 57.8032722473, 11.9928703308, 41.6115112305, 45.3166389465, 130.468170166, 28.5894756317, 22.8169574738, -10.9107112885], [-110.354530334, 165.07371521, -27.4654922485, 18.4346427917, 40.9337120056, 19.1890678406, 49.3935203552, 7.680996418, 24.5362052917, 28.5894756317, 135.481552124, 27.6200332642, 23.1657295227], [118.100814819, -156.014312744, 49.3692932129, -7.40170240402, -27.1769447327, 7.87657403946, -18.7494869232, 8.66025924683, -18.3983821869, 22.8169574738, 27.6200332642, 101.650772095, 21.7904682159], [-97.2881088257, 124.991851807, -37.0799942017, 36.1164131165, 23.52161026, 2.62314462662, 18.8707370758, 0.634925305843, 31.4800415039, -10.9107112885, 23.1657295227, 21.7904682159, 93.608253479]]}, "spectral_energyband_middle_low": {"dmean2": 0.00934160687029, "median": 0.0064374753274, "min": 2.39933192904e-22, "dvar2": 0.000242098059971, "dvar": 0.000102973164758, "dmean": 0.00615050457418, "max": 0.107666894794, "var": 0.000168718252098, "mean": 0.0108203794807}, "melbands_crest": {"dmean2": 5.23384523392, "median": 13.898434639, "min": 2.02900648117, "dvar2": 21.850484848, "dvar": 8.81897163391, "dmean": 3.2951426506, "max": 32.193195343, "var": 24.8475589752, "mean": 14.4348516464}, "spectral_kurtosis": {"dmean2": 5.1717748642, "median": 5.14803171158, "min": -1.35454261303, "dvar2": 70.7778778076, "dvar": 30.1472167969, "dmean": 3.1882352829, "max": 131.44052124, "var": 73.9825668335, "mean": 7.33060693741}, "spectral_rms": {"dmean2": 0.00145651504863, "median": 0.00422469526529, "min": 3.16692635657e-12, "dvar2": 3.6253388771e-06, "dvar": 1.80987387921e-06, "dmean": 0.00105381791946, "max": 0.0142765035853, "var": 6.45227601126e-06, "mean": 0.00437675230205}, "zerocrossingrate": {"dmean2": 0.0137894386426, "median": 0.04443359375, "min": 0.00244140625, "dvar2": 0.000317140715197, "dvar": 0.000276593287708, "dmean": 0.012085123919, "max": 0.6708984375, "var": 0.00486110569909, "mean": 0.0570678338408}, "silence_rate_60dB": {"dmean2": 0.0566037744284, "median": 0, "min": 0, "dvar2": 0.0611881688237, "dvar": 0.027493769303, "dmean": 0.028298985213, "max": 1, "var": 0.127356991172, "mean": 0.149784699082}, "erbbands_kurtosis": {"dmean2": 1.84991979599, "median": -0.163412094116, "min": -1.89391970634, "dvar2": 12.6620321274, "dvar": 5.85892820358, "dmean": 1.18675935268, "max": 108.464492798, "var": 12.0761194229, "mean": 0.692928433418}, "erbbands": {"dmean2": [0.231178686023, 1.87366127968, 3.97618031502, 7.60169219971, 11.449344635, 13.3222522736, 12.4772863388, 9.37129688263, 24.2921180725, 30.7824554443, 40.4221572876, 30.5384960175, 21.2114639282, 22.8224658966, 25.1475582123, 33.7286071777, 26.6274051666, 27.9360637665, 26.3432178497, 25.4554576874, 23.1991138458, 19.28241539, 14.8512229919, 10.3771743774, 10.8602695465, 6.75623750687, 4.23297739029, 5.19914674759, 3.28678846359, 2.35787010193, 2.70919036865, 1.71266937256, 1.20505940914, 0.788189470768, 0.375538438559, 0.270508348942, 0.101958721876, 0.0314867831767, 0.00477795628831, 0.000137952330988], "median": [0.102490261197, 0.8991715312, 1.48276758194, 1.42995667458, 2.88101768494, 3.95938873291, 2.90142679214, 2.95757961273, 5.27206420898, 8.18201828003, 9.6234998703, 6.87729501724, 5.9988117218, 5.44995594025, 6.16067361832, 6.68876171112, 5.4449224472, 6.79093503952, 7.11307048798, 7.63945102692, 7.68784236908, 8.81066894531, 6.25088119507, 4.1215839386, 4.09024620056, 2.26142644882, 1.17378473282, 1.07516288757, 0.783750772476, 0.582117140293, 0.440334826708, 0.258603870869, 0.175670027733, 0.0852731838822, 0.0316013172269, 0.0123969353735, 0.00334552116692, 0.000651782844216, 5.40071014257e-05, 2.76494465652e-05], "min": [7.45324744713e-23, 5.73039769688e-22, 7.65992592458e-21, 8.62666725455e-20, 4.19190092841e-20, 4.63015446476e-20, 1.04814091056e-19, 1.45918731334e-19, 2.52527151622e-19, 5.05512871497e-19, 3.42596082638e-19, 6.35381003149e-19, 1.66717652754e-18, 2.09300621175e-18, 1.47828311382e-18, 3.14827195205e-18, 2.6406152869e-18, 4.00011516136e-18, 4.38003838952e-18, 4.10277117051e-18, 7.98038708701e-18, 6.01784607621e-18, 7.86194805818e-18, 1.14071548281e-17, 1.16515122528e-17, 1.34986363392e-17, 1.37759395405e-17, 1.15015824581e-17, 2.04453322106e-17, 2.13244548025e-17, 1.76363707798e-17, 1.24087497815e-17, 1.29592426151e-17, 1.34306048697e-17, 6.55844086656e-18, 5.34952674107e-18, 2.53954705093e-18, 1.05630747088e-18, 3.58283175214e-19, 3.98256381048e-20], "dvar2": [0.248310595751, 14.5308427811, 76.0189208984, 355.071624756, 500.470306396, 712.672485352, 2109.27075195, 466.037078857, 2797.31762695, 4373.50537109, 11702.4121094, 5469.06152344, 2610.9296875, 4863.35791016, 4182.68798828, 8962.58789062, 5219.64599609, 5651.94873047, 3438.57641602, 3441.72753906, 2949.99682617, 1476.23828125, 812.814575195, 568.68963623, 585.941040039, 223.28578186, 121.138923645, 414.01852417, 90.6455154419, 30.9155006409, 70.909072876, 39.7181777954, 19.7907752991, 9.88192844391, 1.50215303898, 1.26163446903, 0.0831386297941, 0.00740435859188, 0.000178679358214, 1.24309181615e-07], "dvar": [0.0937018841505, 5.70342922211, 31.9210529327, 134.720611572, 194.824615479, 267.652954102, 772.297729492, 184.221343994, 1160.71813965, 1780.14331055, 4853.81542969, 2611.9375, 1081.28527832, 1858.92663574, 1808.51843262, 3723.62963867, 2128.31445312, 2571.33178711, 1487.08227539, 1563.58630371, 1281.42797852, 658.448730469, 352.36227417, 229.723419189, 241.131851196, 89.5072174072, 47.6550140381, 151.004943848, 34.7286682129, 12.6190567017, 28.0631275177, 17.488986969, 9.89719772339, 4.34387731552, 0.659647524357, 0.487585753202, 0.0363035313785, 0.00330204353668, 7.78751345933e-05, 5.44142437775e-08], "dmean": [0.137682616711, 1.1546227932, 2.51493382454, 4.65265893936, 6.98123645782, 7.99489974976, 7.51713514328, 5.74196338654, 15.4894886017, 19.2403717041, 26.4076461792, 20.2695236206, 13.4061021805, 14.3990459442, 16.1131515503, 21.3635635376, 16.8543186188, 18.2481479645, 17.0041885376, 16.6347904205, 15.3309459686, 12.8301935196, 9.795794487, 6.68592739105, 7.15752220154, 4.44883203506, 2.7909655571, 3.39322566986, 2.13443732262, 1.54286837578, 1.80028796196, 1.15836691856, 0.824049174786, 0.525739908218, 0.25318479538, 0.179881334305, 0.0691756308079, 0.0213711392134, 0.00323531217873, 9.48656670516e-05], "max": [3.90337300301, 32.118724823, 73.8228759766, 178.379974365, 206.092330933, 207.664978027, 691.062072754, 232.422836304, 754.617553711, 793.720336914, 1299.93273926, 1227.43896484, 739.621765137, 1950.49377441, 1247.63061523, 1651.29003906, 1466.09545898, 2345.15942383, 656.109313965, 1618.24487305, 893.365539551, 952.796386719, 501.742980957, 409.769958496, 313.365844727, 205.347503662, 148.373123169, 442.294921875, 148.939880371, 79.1016159058, 150.054931641, 139.748672485, 133.095901489, 73.3123397827, 22.4164180756, 26.5587978363, 5.30089950562, 1.05680310726, 0.146482527256, 0.00339669594541], "var": [0.0950082540512, 6.49838972092, 37.7550392151, 128.387130737, 230.228027344, 296.802856445, 595.181884766, 219.634643555, 1832.65002441, 2280.76196289, 8891.58398438, 6343.83203125, 2245.59228516, 2455.40771484, 3006.06201172, 6312.49414062, 3066.73120117, 5001.27978516, 2570.96191406, 2734.4230957, 2513.5546875, 1583.45678711, 794.56463623, 317.811462402, 340.667205811, 135.526611328, 56.6773757935, 123.576522827, 37.3736114502, 19.4796009064, 35.5071334839, 28.3381824493, 18.3377342224, 6.17443752289, 0.931688785553, 0.448225915432, 0.0441600158811, 0.00403908919543, 8.92005336937e-05, 6.52872529372e-08], "mean": [0.195681408048, 1.6657409668, 3.51133799553, 5.26326417923, 8.63603305817, 10.1780090332, 9.18953800201, 7.74366903305, 20.3797569275, 24.9406852722, 40.4129257202, 32.3960227966, 22.0159931183, 20.373342514, 22.7965545654, 30.5322208405, 22.6265029907, 27.4845581055, 25.1590099335, 24.6883544922, 24.1561050415, 22.4044265747, 16.1388645172, 9.86468791962, 10.6100273132, 6.66033744812, 3.95166015625, 4.34860801697, 2.90569019318, 2.17878293991, 2.37303185463, 1.63842940331, 1.1871201992, 0.696719288826, 0.320356070995, 0.198684558272, 0.0754681155086, 0.0226369723678, 0.00329108652659, 0.000115431976155]}, "spectral_strongpeak": {"dmean2": 0.753345787525, "median": 0.287943094969, "min": 0, "dvar2": 1.54819869995, "dvar": 0.61035078764, "dmean": 0.434878408909, "max": 8.31015586853, "var": 0.843122065067, "mean": 0.63365483284}, "spectral_energy": {"dmean2": 0.0181743912399, "median": 0.0182942505926, "min": 1.02801586475e-20, "dvar2": 0.00090476142941, "dvar": 0.000417420698795, "dmean": 0.0125333815813, "max": 0.208914026618, "var": 0.000775199790951, "mean": 0.0262484177947}, "average_loudness": 0.867550671101, "spectral_rolloff": {"dmean2": 848.209594727, "median": 947.4609375, "min": 64.599609375, "dvar2": 2207901.75, "dvar": 1017788.9375, "dmean": 505.487426758, "max": 19444.4824219, "var": 4773390.5, "mean": 1419.12988281}, "spectral_centroid": {"dmean2": 437.900787354, "median": 1093.31884766, "min": 110.948951721, "dvar2": 286348.96875, "dvar": 140520.453125, "dmean": 287.855651855, "max": 11205.6484375, "var": 559860.4375, "mean": 1221.50317383}, "pitch_salience": {"dmean2": 0.124533362687, "median": 0.532421112061, "min": 0.07629468292, "dvar2": 0.0125303482637, "dvar": 0.00524426158518, "dmean": 0.0780530720949, "max": 0.869257330894, "var": 0.0143621591851, "mean": 0.529531538486}, "spectral_energyband_middle_high": {"dmean2": 0.00313157611527, "median": 0.00231237569824, "min": 1.36849802594e-21, "dvar2": 3.30093062075e-05, "dvar": 1.45102931128e-05, "dmean": 0.00215528719127, "max": 0.0606770589948, "var": 3.55873125955e-05, "mean": 0.00456035463139}, "spectral_contrast_coeffs": {"dmean2": [0.0869679674506, 0.084974616766, 0.068825237453, 0.0537985153496, 0.0402583181858, 0.0338129028678], "median": [-0.670538246632, -0.724275171757, -0.764369487762, -0.78212249279, -0.785045981407, -0.770845770836], "min": [-0.971722304821, -0.966320991516, -0.967933475971, -0.966401219368, -0.955105423927, -0.961138188839], "dvar2": [0.00576939294115, 0.00543154636398, 0.00325228204019, 0.00196659122594, 0.00113719212823, 0.000953271694016], "dvar": [0.00223989761434, 0.00221864855848, 0.00138880556915, 0.000886142079253, 0.000550337659661, 0.000439447991084], "dmean": [0.053295712918, 0.0533180162311, 0.0440318696201, 0.0346735715866, 0.0265870820731, 0.0224465020001], "max": [-0.296666175127, -0.352171868086, -0.384068071842, -0.475375443697, -0.570693731308, -0.542454957962], "var": [0.00759359495714, 0.00729482807219, 0.00659109931439, 0.00385582284071, 0.00286638061516, 0.00201813853346], "mean": [-0.660293281078, -0.71829867363, -0.755654752254, -0.7762337327, -0.782167315483, -0.772580504417]}, "melbands_skewness": {"dmean2": 1.36400067806, "median": 2.31786251068, "min": -2.74088764191, "dvar2": 2.6637904644, "dvar": 1.20735740662, "dmean": 0.904914498329, "max": 18.3963985443, "var": 3.72483754158, "mean": 2.67521119118}, "spectral_spread": {"dmean2": 971704.1875, "median": 3826503.25, "min": 785759.8125, "dvar2": 1568261537790.0, "dvar": 934431490048, "dmean": 716980.25, "max": 41146924, "var": 4721227071490.0, "mean": 4206233}, "dissonance": {"dmean2": 0.0354916974902, "median": 0.464681386948, "min": 0.223691821098, "dvar2": 0.00120633468032, "dvar": 0.000466942874482, "dmean": 0.0215992834419, "max": 0.500000119209, "var": 0.00121709995437, "mean": 0.455976903439}, "spectral_skewness": {"dmean2": 0.537797391415, "median": 1.69749760628, "min": -0.339278668165, "dvar2": 0.443519949913, "dvar": 0.19347256422, "dmean": 0.343883961439, "max": 9.82671546936, "var": 0.596955955029, "mean": 1.82560920715}, "spectral_flux": {"dmean2": 0.0453156754375, "median": 0.0708308815956, "min": 1.05445319143e-10, "dvar2": 0.00334550905973, "dvar": 0.00154243397992, "dmean": 0.0301144514233, "max": 0.406566441059, "var": 0.00385035341606, "mean": 0.0825744494796}, "spectral_contrast_valleys": {"dmean2": [0.731860220432, 0.742098093033, 0.702614486217, 0.630017995834, 0.594535171986, 0.674540042877], "median": [-7.02119541168, -6.99495410919, -7.65404033661, -7.84971618652, -7.82638406754, -10.5340442657], "min": [-26.820318222, -27.6629066467, -27.3384056091, -27.1325740814, -27.4058799744, -27.3677864075], "dvar2": [0.408524632454, 0.483679264784, 0.438197880983, 0.381237864494, 0.434806793928, 0.674978613853], "dvar": [0.208953887224, 0.264912813902, 0.251397281885, 0.229815110564, 0.263118177652, 0.403262615204], "dmean": [0.47750082612, 0.505322754383, 0.491682946682, 0.460165113211, 0.463963657618, 0.566981852055], "max": [-4.9914264679, -4.41393327713, -4.99679851532, -5.35427761078, -5.54255628586, -7.63961267471], "var": [4.29262733459, 2.9762544632, 2.84960794449, 2.83296728134, 3.0468993187, 3.65077233315], "mean": [-7.62547492981, -7.33364772797, -7.99694776535, -8.2032251358, -8.27262878418, -11.0270938873]}, "erbbands_flatness_db": {"dmean2": 0.0347235314548, "median": 0.162593185902, "min": 0.0376864075661, "dvar2": 0.00128418637905, "dvar": 0.000694276124705, "dmean": 0.0259355474263, "max": 0.416134089231, "var": 0.00364196579903, "mean": 0.168322697282}, "spectral_energyband_high": {"dmean2": 0.000483832525788, "median": 0.000130010972498, "min": 7.54326680102e-21, "dvar2": 1.45790545503e-06, "dvar": 6.27324425295e-07, "dmean": 0.000337632081937, "max": 0.0156542751938, "var": 9.36132266816e-07, "mean": 0.000502680195495}, "spectral_entropy": {"dmean2": 0.333139419556, "median": 7.48594379425, "min": 3.94050741196, "dvar2": 0.140272557735, "dvar": 0.0743649527431, "dmean": 0.241287365556, "max": 9.8129196167, "var": 0.355062603951, "mean": 7.40122413635}, "silence_rate_20dB": {"dmean2": 0, "median": 1, "min": 1, "dvar2": 0, "dvar": 0, "dmean": 0, "max": 1, "var": 0, "mean": 1}, "melbands_flatness_db": {"dmean2": 0.0541201643646, "median": 0.217100054026, "min": 0.00866493582726, "dvar2": 0.00326591124758, "dvar": 0.0017730970867, "dmean": 0.0384200774133, "max": 0.675921499729, "var": 0.00793225783855, "mean": 0.231748044491}, "barkbands": {"dmean2": [0.000499527261127, 0.00802128203213, 0.00365128577687, 0.00303818145767, 0.00373260700144, 0.00128041428979, 0.00210344535299, 0.00164692883845, 0.0013061495265, 0.000614586984739, 0.000690065906383, 0.000821230816655, 0.000577146187425, 0.000559995067306, 0.000533208309207, 0.000465414632345, 0.000381172169, 0.000269972370006, 0.000207313409192, 0.000156747977599, 0.00012002279982, 8.76031335793e-05, 8.66160844453e-05, 7.26620273781e-05, 5.86805035709e-05, 6.04880478932e-05, 2.46881791099e-05], "median": [0.00010102482338, 0.00452906638384, 0.000934640993364, 0.000414019683376, 0.00128837150987, 0.000380749581382, 0.000461884657852, 0.000340822152793, 0.000245713250479, 0.000142903169035, 0.00011232001998, 0.000144648132846, 9.59705139394e-05, 0.000116463692393, 0.000143466037116, 0.000109698681626, 0.000156605208758, 9.35758143896e-05, 7.70136466599e-05, 4.99836460222e-05, 2.68083967967e-05, 2.11608639802e-05, 1.63915210578e-05, 1.11032968562e-05, 5.90565377934e-06, 2.29222791859e-06, 2.28556046977e-07], "min": [1.2200080998e-23, 2.67031073025e-24, 9.53814560402e-24, 3.05783722999e-23, 1.74831487446e-23, 1.82255757192e-23, 1.88384654223e-23, 1.44135126798e-23, 4.46412536623e-23, 3.12042419204e-23, 2.29964234583e-23, 6.76859380531e-23, 6.6195394839e-23, 6.44701686611e-23, 8.63700265517e-23, 1.28897448532e-22, 8.6940940966e-23, 1.52489766474e-22, 2.65238159426e-22, 3.1870657098e-22, 2.91657350956e-22, 5.95874528726e-22, 5.88883681249e-22, 6.41364363219e-22, 1.02658283897e-21, 1.40739419496e-21, 2.47301820189e-21], "dvar2": [1.25152109831e-06, 0.000269358453806, 7.46258010622e-05, 5.23342278029e-05, 5.26828953298e-05, 1.26517825265e-05, 1.97376430151e-05, 1.72687141458e-05, 9.62674494076e-06, 2.63011452262e-06, 3.76562206839e-06, 4.67305108032e-06, 2.45538603849e-06, 2.34186745729e-06, 1.42524288549e-06, 1.37597112371e-06, 5.4951817674e-07, 2.8349543868e-07, 2.13189181864e-07, 1.22992304341e-07, 1.6339349429e-07, 5.54049144341e-08, 6.24128588811e-08, 7.28302183006e-08, 4.50472903424e-08, 3.70977026876e-08, 4.72303751664e-09], "dvar": [4.49308174666e-07, 0.000104984210338, 3.06412075588e-05, 1.97089357243e-05, 2.04330208362e-05, 4.77631056128e-06, 8.04322735348e-06, 7.1299755291e-06, 4.37147082266e-06, 1.0368612493e-06, 1.5329407006e-06, 1.94440622181e-06, 9.97356323751e-07, 9.79590026873e-07, 6.27083409199e-07, 6.04504464263e-07, 2.42037685894e-07, 1.18251335834e-07, 8.72948575648e-08, 4.88142788413e-08, 6.0902031862e-08, 2.15274180704e-08, 2.50380338684e-08, 3.51588553826e-08, 1.99629326403e-08, 1.53336756625e-08, 2.07874095715e-09], "dmean": [0.000289345131023, 0.00493481429294, 0.002277582651, 0.00182659144048, 0.00227161613293, 0.000777926063165, 0.00133499025833, 0.00105785427149, 0.000847797025926, 0.000385805469705, 0.000431309250416, 0.000515353749506, 0.000363426894182, 0.000358868448529, 0.000341000006301, 0.000302305445075, 0.00024999253219, 0.000174157597939, 0.00013418548042, 0.000102071797301, 7.87850294728e-05, 5.69644398638e-05, 5.80478117627e-05, 4.95686763315e-05, 3.9576425479e-05, 4.09728709201e-05, 1.67116140801e-05], "max": [0.0129192480817, 0.144883140922, 0.0773634463549, 0.0719664767385, 0.0590666532516, 0.0465604886413, 0.0519450269639, 0.0484065115452, 0.0419219247997, 0.0423178672791, 0.025569178164, 0.0343998521566, 0.0272196959704, 0.0418462529778, 0.0232930444181, 0.0154249956831, 0.0135815609246, 0.00771880382672, 0.00620276853442, 0.00608584750444, 0.0077575687319, 0.00343631394207, 0.00384464627132, 0.00720173679292, 0.00456676026806, 0.00385460327379, 0.000735944428016], "var": [4.06810215736e-07, 0.000117793322715, 3.27099223796e-05, 1.9479648472e-05, 2.44894199568e-05, 4.47019920102e-06, 1.17853824122e-05, 1.26128616103e-05, 1.03400479929e-05, 1.59393846388e-06, 2.18448462874e-06, 3.28529426952e-06, 1.42505984968e-06, 1.68119095179e-06, 1.03047341327e-06, 1.00166187167e-06, 5.78132301143e-07, 2.30478306662e-07, 1.15838595605e-07, 7.05879728002e-08, 5.49715082343e-08, 2.52358738351e-08, 3.41441150908e-08, 6.43131201628e-08, 2.92671149538e-08, 1.67261884343e-08, 2.42680187057e-09], "mean": [0.000310478761094, 0.00729778036475, 0.00286382739432, 0.00194407871459, 0.0030429251492, 0.001013