{"tonal": {"thpcp": [1, 0.667407095432, 0.179041132331, 0.0755927562714, 0.0626837164164, 0.0823533311486, 0.1154884547, 0.106049492955, 0.166329741478, 0.261875659227, 0.234425336123, 0.303455740213, 0.372763991356, 0.283088952303, 0.306775122881, 0.374961942434, 0.251365959644, 0.113698355854, 0.111463204026, 0.143963381648, 0.341566562653, 0.657738864422, 0.596690952778, 0.343501240015, 0.303509235382, 0.2996712327, 0.328765362501, 0.36654061079, 0.312081605196, 0.344689816236, 0.483822375536, 0.364588081837, 0.150179952383, 0.146560966969, 0.245895549655, 0.627112805843], "hpcp": {"dmean2": [0.071065582335, 0.0832315906882, 0.106874845922, 0.135866612196, 0.164354875684, 0.19829967618, 0.203888043761, 0.209441170096, 0.198285892606, 0.196055740118, 0.167790308595, 0.104532822967, 0.115197829902, 0.144829168916, 0.20821736753, 0.306282788515, 0.32326900959, 0.285272985697, 0.261805981398, 0.277428805828, 0.250825434923, 0.235799506307, 0.248073875904, 0.219708189368, 0.235442772508, 0.203264728189, 0.11449534446, 0.116025157273, 0.191877052188, 0.294494569302, 0.342962265015, 0.314227879047, 0.147673875093, 0.0806153640151, 0.0632232949138, 0.061395354569], "median": [0.00937826465815, 0.0116603206843, 0.0114407408983, 0.0106533262879, 0.0250312276185, 0.0461544767022, 0.0541142448783, 0.0454972013831, 0.0283711533993, 0.0303362775594, 0.0224326886237, 0.0107871256769, 0.00792768225074, 0.0120534207672, 0.0529239214957, 0.120757341385, 0.121047668159, 0.0509980432689, 0.0290190726519, 0.0216656848788, 0.0242722649127, 0.0186014436185, 0.0210027992725, 0.0485897734761, 0.08929862082, 0.0664636567235, 0.0185776147991, 0.013300633058, 0.0276202298701, 0.154201000929, 0.303235650063, 0.177208185196, 0.0233059599996, 0.00509986001998, 0.00477423146367, 0.00693292170763], "min": [0, 0, 0, 0, 0, 0, 0, 0, 0, 0, 0, 0, 0, 0, 0, 0, 0, 0, 0, 0, 0, 0, 0, 0, 0, 0, 0, 0, 0, 0, 0, 0, 0, 0, 0, 0], "dvar2": [0.0233404878527, 0.02828794159, 0.0441251546144, 0.0573037788272, 0.0602921471, 0.087221570313, 0.0770120024681, 0.0815231353045, 0.082131780684, 0.0907745286822, 0.0713512226939, 0.0371818691492, 0.0514025986195, 0.0724441707134, 0.0810342878103, 0.128115952015, 0.131591409445, 0.137279108167, 0.131235793233, 0.155806168914, 0.128530591726, 0.122425936162, 0.137295350432, 0.0983934253454, 0.0880998969078, 0.0753938779235, 0.0418629311025, 0.0494992807508, 0.0775101110339, 0.100694477558, 0.131096214056, 0.110899075866, 0.055057156831, 0.0379377342761, 0.0222979336977, 0.0207977965474], "dvar": [0.0101403435692, 0.0104366019368, 0.0176465585828, 0.0266586970538, 0.0236100517213, 0.0312210377306, 0.0309930145741, 0.0307406429201, 0.0318780206144, 0.0371250584722, 0.026582185179, 0.0141468141228, 0.0192111693323, 0.025813087821, 0.0318360067904, 0.0563335381448, 0.0520806014538, 0.049265358597, 0.0494862124324, 0.0597843714058, 0.050451118499, 0.0492492094636, 0.0502806343138, 0.036694381386, 0.038006965071, 0.0304448194802, 0.0157246720046, 0.0183098353446, 0.0289062149823, 0.0407102890313, 0.0607249289751, 0.0460806488991, 0.0203506313264, 0.0137064373121, 0.00793305505067, 0.00777479680255], "dmean": [0.0417032577097, 0.0478063412011, 0.0626183748245, 0.0820482671261, 0.0953040271997, 0.114745289087, 0.118844173849, 0.118346549571, 0.114433027804, 0.113676249981, 0.0960044413805, 0.0585313774645, 0.0636891126633, 0.0802354291081, 0.12284013629, 0.180558010936, 0.192633345723, 0.160537615418, 0.148035600781, 0.156238049269, 0.143104419112, 0.13276104629, 0.138885200024, 0.126266047359, 0.143512740731, 0.125487536192, 0.0653277412057, 0.0660324841738, 0.108888804913, 0.175747707486, 0.206030875444, 0.186389625072, 0.0836333632469, 0.0444317050278, 0.0349450781941, 0.0351843088865], "max": [1, 1, 1, 1, 1, 1, 1, 1, 1, 1, 1, 1, 1, 1, 1, 1, 1, 1, 1, 1, 1, 1, 1, 1, 1, 1, 1, 1, 1, 1, 1, 1, 1, 1, 1, 1], "var": [0.0181389078498, 0.0113684767857, 0.0266224239022, 0.0588760003448, 0.0318634733558, 0.0410985834897, 0.0600043386221, 0.0360095873475, 0.0504381172359, 0.0768943652511, 0.0382312983274, 0.012630738318, 0.0151125611737, 0.0200483240187, 0.0468400418758, 0.114601075649, 0.0896636471152, 0.050132907927, 0.0507491342723, 0.0552414096892, 0.0622103847563, 0.0787383317947, 0.056896802038, 0.0550701729953, 0.0756523609161, 0.0465507358313, 0.0170696005225, 0.0197420194745, 0.0321300365031, 0.0860652402043, 0.153003051877, 0.0887917205691, 0.0195037163794, 0.00987162534148, 0.00638584094122, 0.0103327212855], "mean": [0.0500015541911, 0.045914888382, 0.0720136538148, 0.113380946219, 0.101496130228, 0.131383344531, 0.161390841007, 0.12256539613, 0.132820487022, 0.162342458963, 0.108830690384, 0.0492265187204, 0.048258792609, 0.0623299814761, 0.147883698344, 0.284772753716, 0.258341640234, 0.148721322417, 0.131406500936, 0.129744812846, 0.142341315746, 0.158696383238, 0.135117962956, 0.149235934019, 0.209474369884, 0.157851025462, 0.0650214850903, 0.0634546205401, 0.106462240219, 0.271512985229, 0.432957172394, 0.288958698511, 0.077517144382, 0.0327284261584, 0.0271393638104, 0.035655464977]}, "tuning_equal_tempered_deviation": 0.092309884727, "chords_changes_rate": 0.0537166073918, "key_key": "C", "tuning_diatonic_strength": 0.543996751308, "key_scale": "minor", "chords_number_rate": 0.00261324038729, "tuning_frequency": 447.949737549, "tuning_nontempered_energy_ratio": 0.724719524384, "chords_histogram": [2.26480841637, 0, 7.75261306763, 8.04297351837, 2.35191631317, 0.377468049526, 0.609756112099, 19.5702667236, 3.31010460854, 50.2322883606, 3.36817646027, 1.13240420818, 0, 0.871080160141, 0, 0, 0, 0, 0, 0, 0, 0, 0.116144016385, 0], "key_strength": 0.681308865547, "chords_key": "G", "chords_strength": {"dmean2": 0.0102954637259, "median": 0.482844352722, "min": -1, "dvar2": 0.0012791112531, "dvar": 0.00062533369055, "dmean": 0.0100084971637, "max": 0.727046728134, "var": 0.0269907303154, "mean": 0.478486418724}, "chords_scale": "major", "hpcp_entropy": {"dmean2": 1.03491461277, "median": 1.88676285744, "min": 0, "dvar2": 0.682819366455, "dvar": 0.253393888474, "dmean": 0.618161678314, "max": 3.89018416405, "var": 0.506028175354, "mean": 1.84529352188}}, "metadata": {"audio_properties": {"equal_loudness": 0, "codec": "flac", "downmix": "mix", "sample_rate": 44100, "analysis_sample_rate": 44100, "bit_rate": 0, "md5_encoded": "e5f19e84931d9609b2c3e0be736b946b", "length": 159.880004883, "replay_gain": -13.1471939087, "lossless": true}, "version": {"essentia_build_sha": "2d9f1f26377add8aeb1075a9c2973f962c4f09fd", "essentia": "2.1-beta2", "extractor": "music 1.0", "essentia_git_sha": "v2.1_beta2-1-ge3940c0"}, "tags": {"title": ["Y\u00e8t\u00e8sfa Tezeta"], "albumartist": ["Various Artists"], "tracktotal": ["21"], "musicbrainz_releasegroupid": ["7506d33c-3e73-3a6a-9b63-1eb4901f3ef6"], "releasetype": ["album", "compilation"], "musicbrainz_recordingid": ["1e30307c-8f1c-49e6-886d-3e01e45bb6fd"], "musicbrainz_albumartistid": ["89ad4ac3-39f7-470e-963a-56509c546377"], "discnumber": ["1"], "album": ["\u00c9thiopiques 8: Swinging Addis"], "releasecountry": ["FR"], "file_name": "Tesfa-Maryam Kidane_11_Yetesfa Tezeta_Ethiopiques Vol. 8 (1969-1974) Swinging Addis.flac", "compilation": ["1"], "originaldate": ["2000"], "date": ["2000"], "genre": ["Africa - Ethiopia"], "disctotal": ["1"], "musicbrainz_artistid": ["6d94a315-19f8-4bd0-9846-99f381a4a172"], "asin": ["B00004T253"], "musicbrainz_albumid": ["885550bb-97b4-4473-880c-1405c90a2f08"], "artist": ["T\u00e8sfa-Maryam Kidan\u00e9"], "artistsort": ["Kidan\u00e9, T\u00e8sfa-Maryam"], "tracknumber": ["11"], "albumartistsort": ["Various Artists"], "acoustid_id": ["ed03cda8-8613-40c6-9e9f-a0d52818d37a"], "script": ["Latn"], "releasestatus": ["official"]}}, "rhythm": {"bpm_histogram_first_peak_bpm": {"dmean2": 0, "median": 148, "min": 148, "dvar2": 0, "dvar": 0, "dmean": 0, "max": 148, "var": 0, "mean": 148}, "bpm": 148.157196045, "bpm_histogram_second_peak_spread": {"dmean2": 0, "median": 0.250000029802, "min": 0.250000029802, "dvar2": 0, "dvar": 0, "dmean": 0, "max": 0.250000029802, "var": 0, "mean": 0.250000029802}, "bpm_histogram_first_peak_weight": {"dmean2": 0, "median": 0.456632643938, "min": 0.456632643938, "dvar2": 0, "dvar": 0, "dmean": 0, "max": 0.456632643938, "var": 0, "mean": 0.456632643938}, "onset_rate": 3.82131481171, "beats_position": [0.429569154978, 0.870748281479, 1.30031740665, 1.72988653183, 2.15945577621, 2.58902478218, 3.01859402657, 3.44816327095, 3.87773227692, 4.3073015213, 4.73687076569, 5.15482997894, 5.5727891922, 5.99074840546, 6.40870714188, 6.83827638626, 7.26784563065, 7.69741487503, 8.12698364258, 8.54494285583, 8.95129203796, 9.36925125122, 9.77560043335, 10.1935596466, 10.6115188599, 11.0294780731, 11.4474372864, 11.8537864685, 12.2601356506, 12.6780948639, 13.084444046, 13.4907932281, 13.9087524414, 14.3267116547, 14.7446708679, 15.1394100189, 15.545759201, 15.9521083832, 16.3700675964, 16.8112468719, 17.2524261475, 17.693605423, 18.1347846985, 18.5527439117, 18.970703125, 19.3886623383, 19.8066215515, 20.2245807648, 20.642539978, 21.0604991913, 21.4668483734, 21.8731975555, 22.2795467377, 22.6858959198, 23.1038551331, 23.5218143463, 23.9397735596, 24.3577327728, 24.7756919861, 25.1820411682, 25.5883903503, 25.9947395325, 26.4010887146, 26.8190479279, 27.2370071411, 27.6549663544, 28.0729255676, 28.4676647186, 28.8740139008, 29.291973114, 29.6983222961, 30.1162815094, 30.5342407227, 30.9521980286, 31.3701572418, 31.776506424, 32.1828575134, 32.5892066956, 32.9955558777, 33.3902931213, 33.7966423035, 34.2146034241, 34.6209526062, 35.0273017883, 35.4336509705, 35.8516082764, 36.269569397, 36.6875267029, 37.1054878235, 37.5234451294, 37.94140625, 38.3593635559, 38.765712738, 39.1720619202, 39.5784111023, 39.9731521606, 40.3795013428, 40.7858505249, 41.192199707, 41.5985488892, 42.0048980713, 42.4112472534, 42.8059844971, 43.2123336792, 43.6186828613, 44.0250320435, 44.4197731018, 44.8145103455, 45.2092514038, 45.6039886475, 45.9987297058, 46.4050788879, 46.8114280701, 47.2177772522, 47.6241264343, 48.018863678, 48.4136047363, 48.80834198, 49.2146911621, 49.6210403442, 50.0157814026, 50.4221305847, 50.8168716431, 51.2232208252, 51.6179580688, 52.024307251, 52.4306564331, 52.8370056152, 53.2433547974, 53.661315918, 54.0560531616, 54.4624023438, 54.8687515259, 55.2867126465, 55.6930618286, 56.0994110107, 56.5057601929, 56.912109375, 57.3184585571, 57.7248077393, 58.1311569214, 58.5491142273, 58.9554634094, 59.3618125916, 59.7797737122, 60.1977310181, 60.6040802002, 61.0104293823, 61.4167785645, 61.8231277466, 62.2178688049, 62.6242179871, 63.0305671692, 63.4485244751, 63.8664855957, 64.2728347778, 64.6675720215, 65.0855331421, 65.4802703857, 65.8866195679, 66.2813568115, 66.6877059937, 67.0940551758, 67.4888000488, 67.895149231, 68.3014984131, 68.7078475952, 69.1141967773, 69.5321502686, 69.9384994507, 70.3564605713, 70.7511978149, 71.145942688, 71.5522918701, 71.9586410522, 72.3649902344, 72.759727478, 73.1544647217, 73.5608139038, 73.9555511475, 74.3735122681, 74.7914733887, 75.1862106323, 75.5925598145, 75.9872970581, 76.3936462402, 76.8116073608, 77.2063446045, 77.6243057251, 78.0422668457, 78.4486160278, 78.8433532715, 79.2497024536, 79.6444396973, 80.0624008179, 80.46875, 80.8750991821, 81.2814483643, 81.6877975464, 82.0941467285, 82.5004959106, 82.8952331543, 83.2899780273, 83.684715271, 84.0794525146, 84.4858016968, 84.8921508789, 85.2868881226, 85.6816329956, 86.0763702393, 86.4827194214, 86.8890686035, 87.2838058472, 87.6785507202, 88.0848999023, 88.4912490845, 88.8859863281, 89.2807235718, 89.6870727539, 90.093421936, 90.4881591797, 90.8945083618, 91.2892532349, 91.695602417, 92.0903396606, 92.4850769043, 92.8798141479, 93.274559021, 93.6692962646, 94.0640335083, 94.458770752, 94.853515625, 95.2482528687, 95.6429901123, 96.037727356, 96.432472229, 96.8388214111, 97.2335586548, 97.6399078369, 98.0346450806, 98.4293823242, 98.8241271973, 99.2188644409, 99.6136016846, 100.019950867, 100.426300049, 100.832649231, 101.238998413, 101.645347595, 102.051696777, 102.44644165, 102.841178894, 103.235916138, 103.64226532, 104.048614502, 104.443351746, 104.838096619, 105.244445801, 105.639183044, 106.033920288, 106.428657532, 106.835006714, 107.229751587, 107.636100769, 108.042449951, 108.448799133, 108.855148315, 109.249885559, 109.644622803, 110.039360046, 110.445709229, 110.840454102, 111.223579407, 111.61831665, 112.013061523, 112.407798767, 112.802536011, 113.208885193, 113.615234375, 114.021583557, 114.427932739, 114.822669983, 115.229019165, 115.623764038, 116.03011322, 116.436462402, 116.842811584, 117.249160767, 117.655509949, 118.061859131, 118.468208313, 118.874557495, 119.269294739, 119.675643921, 120.070381165, 120.476730347, 120.883079529, 121.277824402, 121.684173584, 122.078910828, 122.48526001, 122.891609192, 123.286346436, 123.692695618, 124.087432861, 124.505393982, 124.900131226, 125.294876099, 125.701225281, 126.107574463, 126.502311707, 126.908660889, 127.315010071, 127.721359253, 128.127700806, 128.534057617, 128.92880249, 129.323532104, 129.706665039, 130.089797974, 130.484527588, 130.890884399, 131.308837891, 131.715194702, 132.121536255, 132.516281128, 132.911010742, 133.328979492, 133.746932983, 134.164901733, 134.582855225, 134.989196777, 135.395553589, 135.81350708, 136.219863892, 136.626205444, 137.032562256, 137.438903809, 137.856872559, 138.263214111, 138.669570923, 139.075912476, 139.482269287, 139.88861084, 140.294967651, 140.701309204, 141.107666016, 141.514007568, 141.908752441, 142.303482056, 142.709838867, 143.10458374, 143.510925293, 143.917282104, 144.323623657, 144.729980469, 145.124710083, 145.519454956, 145.925796509, 146.33215332, 146.726898193, 147.133239746, 147.539596558, 147.934326172, 148.340682983, 148.747024536, 149.141769409, 149.524902344, 149.919631958, 150.32598877, 150.732330322, 151.138687134, 151.545028687, 151.974594116, 152.369338989, 152.775695801, 153.182037354, 153.599990845, 154.029571533, 154.48236084, 154.935150146, 155.399536133, 155.852325439, 156.17741394, 156.502487183, 156.827575684, 157.164260864, 157.500946045, 157.849243164, 158.22076416, 158.592285156, 158.975418091, 159.358551025], "beats_loudness": {"dmean2": 0.0348277799785, "median": 0.0339212827384, "min": 0, "dvar2": 0.000751951767597, "dvar": 0.000315328477882, "dmean": 0.0205416809767, "max": 0.130318954587, "var": 0.000459223636426, "mean": 0.035607136786}, "danceability": 1.15884590149, "bpm_histogram_second_peak_weight": {"dmean2": 0, "median": 0.0382653065026, "min": 0.0382653065026, "dvar2": 0, "dvar": 0, "dmean": 0, "max": 0.0382653065026, "var": 0, "mean": 0.0382653065026}, "beats_count": 393, "bpm_histogram_second_peak_bpm": {"dmean2": 0, "median": 140, "min": 140, "dvar2": 0, "dvar": 0, "dmean": 0, "max": 140, "var": 0, "mean": 140}, "bpm_histogram_first_peak_spread": {"dmean2": 0, "median": 0.494350284338, "min": 0.494350284338, "dvar2": 0, "dvar": 0, "dmean": 0, "max": 0.494350284338, "var": 0, "mean": 0.494350284338}, "beats_loudness_band_ratio": {"dmean2": [0.5428840518, 0.360509932041, 0.269483357668, 0.129591286182, 0.0790604799986, 0.0271171480417], "median": [0.33825519681, 0.366325676441, 0.210874378681, 0.0540872104466, 0.0359001196921, 0.00897450186312], "min": [0, 0, 0, 0, 0, 0], "dvar2": [0.130856558681, 0.0610756166279, 0.0471182540059, 0.0277394931763, 0.00979454722255, 0.00188761320896], "dvar": [0.0423804484308, 0.0230750981718, 0.0189139079303, 0.00995345506817, 0.0030732601881, 0.000678188167512], "dmean": [0.294300705194, 0.206415697932, 0.161932691932, 0.0747820883989, 0.0454474650323, 0.0145901972428], "max": [0.920414805412, 0.948882639408, 0.900008738041, 0.705594480038, 0.389444947243, 0.363379299641], "var": [0.0551515035331, 0.0422295667231, 0.0264744311571, 0.00937608443201, 0.00324183655903, 0.000519158202223], "mean": [0.340726792812, 0.387955009937, 0.244070932269, 0.0799236372113, 0.0510841496289, 0.0142680937424]}}, "lowlevel": {"barkbands_spread": {"dmean2": 4.15646028519, "median": 8.2784538269, "min": 0.272338747978, "dvar2": 28.1258640289, "dvar": 14.3366127014, "dmean": 2.7384095192, "max": 141.350265503, "var": 81.5590133667, "mean": 10.1274385452}, "melbands_spread": {"dmean2": 5.31058502197, "median": 9.41932010651, "min": 0.268382310867, "dvar2": 48.2206916809, "dvar": 21.9108905792, "dmean": 3.45722055435, "max": 153.72479248, "var": 274.772247314, "mean": 12.8725156784}, "hfc": {"dmean2": 4.30873394012, "median": 9.96494960785, "min": 1.0515181489e-16, "dvar2": 24.9943313599, "dvar": 14.7255096436, "dmean": 3.26647353172, "max": 64.3792877197, "var": 88.9228286743, "mean": 11.9930076599}, "barkbands_kurtosis": {"dmean2": 7.37797498703, "median": 4.6672911644, "min": -1.8221539259, "dvar2": 139.178253174, "dvar": 58.1517066956, "dmean": 4.68288373947, "max": 179.672866821, "var": 114.368186951, "mean": 8.11714458466}, "gfcc": {"mean": [-90.8803710938, 156.787704468, -118.692703247, 15.2512073517, -43.8385276794, -25.6986579895, -33.3464622498, 1.21914184093, -25.0751075745, -4.12367010117, -20.0765419006, -6.93410825729, -3.20001173019], "icov": [[0.000316008896334, -0.000917323166505, 0.000753499392886, -0.0008696106961, 0.00110163143836, -0.000614898162894, 0.000563770998269, -0.000506912358105, 0.00104424450547, -0.000573453260586, 0.00077656051144, -0.000497102388181, 0.000195241300389], [-0.000917323166505, 0.00376654136926, -0.00216545979492, 0.00267423596233, -0.00346037023701, 0.00253391778097, -0.00183701352216, 0.00206588953733, -0.00321020092815, 0.00233730045147, -0.00269188778475, 0.00280055892654, -0.00140467192978], [0.000753499392886, -0.00216545979492, 0.00303141633049, -0.00233656796627, 0.00252584996633, -0.0027163468767, 0.00154101999942, -0.000583155662753, 0.00282243173569, -0.00153036939446, 0.00124192377552, -0.000781176844612, 0.00017444351397], [-0.0008696106961, 0.00267423596233, -0.00233656796627, 0.00502163125202, -0.00291793909855, 0.00169403362088, -0.00188944453839, 0.00186406262219, -0.00246456544846, 0.00125463737641, -0.00157629931346, 0.000773786974605, -0.000261698296526], [0.00110163143836, -0.00346037023701, 0.00252584996633, -0.00291793909855, 0.00827413331717, -0.00267127668485, -0.000487295415951, -0.00245519215241, 0.00290243560448, -0.00255520595238, 0.00251446478069, -0.000436354515841, 0.000998439616524], [-0.000614898162894, 0.00253391778097, -0.0027163468767, 0.00169403362088, -0.00267127668485, 0.00691185519099, -0.00103746622335, -0.000171860068804, -0.00276223500259, 0.00155423756223, -0.00116656802129, 0.00221113138832, -0.00072824943345], [0.000563770998269, -0.00183701352216, 0.00154101999942, -0.00188944453839, -0.000487295415951, -0.00103746622335, 0.00906612258404, -0.00097391026793, -0.00113555754069, -9.16476783459e-05, 0.00299820443615, -0.00365954171866, 0.00205550855026], [-0.000506912358105, 0.00206588953733, -0.000583155662753, 0.00186406262219, -0.00245519215241, -0.000171860068804, -0.00097391026793, 0.00905812811106, -0.00114831491373, -0.000378492928576, -0.00304411095567, 0.00230893329717, -0.00173599517439], [0.00104424450547, -0.00321020092815, 0.00282243173569, -0.00246456544846, 0.00290243560448, -0.00276223500259, -0.00113555754069, -0.00114831491373, 0.0151063781232, -0.00334242475219, -0.000442809687229, -0.00326451938599, -0.000163276592502], [-0.000573453260586, 0.00233730045147, -0.00153036939446, 0.00125463737641, -0.00255520595238, 0.00155423756223, -9.16476783459e-05, -0.000378492928576, -0.00334242475219, 0.0109417838976, -0.00138003146276, -0.000728019862436, -0.000240395471337], [0.00077656051144, -0.00269188778475, 0.00124192377552, -0.00157629931346, 0.00251446478069, -0.00116656802129, 0.00299820443615, -0.00304411095567, -0.000442809687229, -0.00138003146276, 0.0131284054369, -0.0034390585497, 0.000408897205489], [-0.000497102388181, 0.00280055892654, -0.000781176844612, 0.000773786974605, -0.000436354515841, 0.00221113138832, -0.00365954171866, 0.00230893329717, -0.00326451938599, -0.000728019862436, -0.0034390585497, 0.0163469947875, -0.004464677535], [0.000195241300389, -0.00140467192978, 0.00017444351397, -0.000261698296526, 0.000998439616524, -0.00072824943345, 0.00205550855026, -0.00173599517439, -0.000163276592502, -0.000240395471337, 0.000408897205489, -0.004464677535, 0.0119913881645]], "cov": [[25473.6445313, 2671.57641602, -2479.73852539, 775.097961426, -1254.54724121, -702.47052002, -616.631164551, -98.2393951416, -598.432250977, -109.533340454, -392.370910645, -87.3369979858, 74.9727172852], [2671.57641602, 1353.31005859, -168.219970703, -124.471961975, 71.8860397339, -194.113571167, 29.2173156738, -88.1027526855, 16.8889369965, -113.382217407, 26.0216884613, -90.1244354248, 42.736530304], [-2479.73852539, -168.219970703, 1186.49462891, 113.128242493, 19.3215122223, 281.294006348, -60.0316162109, -22.9557552338, -29.7480659485, 15.13468647, 33.5386886597, -37.6145133972, 13.0692577362], [775.097961426, -124.471961975, 113.128242493, 423.955780029, -16.7232322693, 25.7973270416, 13.6229715347, -29.9631481171, -17.8332500458, 17.9542808533, -28.5291843414, 20.8692741394, -14.4477787018], [-1254.54724121, 71.8860397339, 19.3215122223, -16.7232322693, 316.292724609, 36.1940956116, 110.779899597, 26.7132549286, 50.2516593933, 8.89194488525, 7.40689516068, -16.7433738708, -16.6825504303], [-702.47052002, -194.113571167, 281.294006348, 25.7973270416, 36.1940956116, 276.321716309, -7.91066551208, 38.4619369507, 3.76901555061, 11.8874855042, 3.35182857513, -17.6579265594, -0.537398338318], [-616.631164551, 29.2173156738, -60.0316162109, 13.6229715347, 110.779899597, -7.91066551208, 197.334457397, -2.3980410099, 59.0290679932, -1.66092741489, -8.52042007446, 26.1558437347, -18.4452037811], [-98.2393951416, -88.1027526855, -22.9557552338, -29.9631481171, 26.7132549286, 38.4619369507, -2.3980410099, 149.467300415, 5.83559036255, 24.2754631042, 21.2064247131, -3.85359954834, 11.5284662247], [-598.432250977, 16.8889369965, -29.7480659485, -17.8332500458, 50.2516593933, 3.76901555061, 59.0290679932, 5.83559036255, 119.890151978, 17.1041698456, 30.2386665344, 25.021276474, 8.79684066772], [-109.533340454, -113.382217407, 15.13468647, 17.9542808533, 8.89194488525, 11.8874855042, -1.66092741489, 24.2754631042, 17.1041698456, 118.917655945, 8.06933403015, 22.0234947205, 2.99568676949], [-392.370910645, 26.0216884613, 33.5386886597, -28.5291843414, 7.40689516068, 3.35182857513, -8.52042007446, 21.2064247131, 30.2386665344, 8.06933403015, 109.145973206, 14.8097295761, 14.8093166351], [-87.3369979858, -90.1244354248, -37.6145133972, 20.8692741394, -16.7433738708, -17.6579265594, 26.1558437347, -3.85359954834, 25.021276474, 22.0234947205, 14.8097295761, 94.8136901855, 22.7263698578], [74.9727172852, 42.736530304, 13.0692577362, -14.4477787018, -16.6825504303, -0.537398338318, -18.4452037811, 11.5284662247, 8.79684066772, 2.99568676949, 14.8093166351, 22.7263698578, 100.996810913]]}, "spectral_energyband_middle_low": {"dmean2": 0.0114385457709, "median": 0.0182736311108, "min": 1.95307394605e-22, "dvar2": 0.000180111164809, "dvar": 8.50473807077e-05, "dmean": 0.00761849572882, "max": 0.131426870823, "var": 0.000300738873193, "mean": 0.0215853881091}, "melbands_crest": {"dmean2": 5.63461112976, "median": 12.4458608627, "min": 1.57429361343, "dvar2": 27.4813480377, "dvar": 10.7056779861, "dmean": 3.41914176941, "max": 35.0853614807, "var": 30.3712482452, "mean": 13.5914258957}, "spectral_kurtosis": {"dmean2": 9.43887042999, "median": 8.86905193329, "min": -1.26822543144, "dvar2": 136.236907959, "dvar": 55.9035377502, "dmean": 5.78070688248, "max": 110.658508301, "var": 133.754440308, "mean": 12.5226631165}, "spectral_rms": {"dmean2": 0.00111593480688, "median": 0.00500646047294, "min": 3.09146371696e-12, "dvar2": 1.35659524858e-06, "dvar": 7.30371425561e-07, "dmean": 0.000774304906372, "max": 0.0113324541599, "var": 4.40514986622e-06, "mean": 0.00476947706193}, "zerocrossingrate": {"dmean2": 0.00599859002978, "median": 0.0283203125, "min": 0.00048828125, "dvar2": 9.75151197053e-05, "dvar": 5.19350651302e-05, "dmean": 0.0049613090232, "max": 0.53466796875, "var": 0.00335258501582, "mean": 0.0372135266662}, "silence_rate_60dB": {"dmean2": 0.0389252007008, "median": 0, "min": 0, "dvar2": 0.0435114391148, "dvar": 0.019081722945, "dmean": 0.019459772855, "max": 1, "var": 0.0860609635711, "mean": 0.0951067209244}, "erbbands_kurtosis": {"dmean2": 2.35278081894, "median": 0.221005827188, "min": -1.83445215225, "dvar2": 19.3925170898, "dvar": 10.4283094406, "dmean": 1.55259478092, "max": 127.96762085, "var": 23.5547084808, "mean": 1.55366754532}, "erbbands": {"dmean2": [0.0138703286648, 0.286347270012, 1.70284199715, 12.2939329147, 17.9266319275, 15.8944702148, 36.9439620972, 30.7311038971, 27.1830062866, 26.6657142639, 18.1249256134, 24.8445644379, 32.8924980164, 8.64558410645, 6.33560991287, 9.76150131226, 4.6302819252, 7.93154001236, 4.82946920395, 8.26862430573, 11.4106216431, 10.2250757217, 13.711057663, 6.25119447708, 4.30110692978, 1.88746595383, 1.39090800285, 0.871651113033, 0.393666744232, 0.118958137929, 0.0363437570632, 0.0238493382931, 0.032159589231, 0.0266787130386, 0.0119830509648, 0.003948204685, 0.000936498283409, 0.000192191917449, 3.12698139169e-05, 1.40650772664e-05], "median": [0.00801906175911, 0.252367824316, 1.18459129333, 3.3468413353, 10.4037532806, 11.282037735, 17.7744274139, 19.5632095337, 19.923910141, 13.6998252869, 10.5322217941, 15.2489910126, 22.2250728607, 5.53754091263, 2.89908528328, 4.3890080452, 3.24684500694, 3.93596792221, 2.53651642799, 3.70129227638, 4.77325963974, 5.16076374054, 3.539529562, 1.98723137379, 1.31281197071, 0.756737470627, 0.623456001282, 0.374066501856, 0.169600665569, 0.0435410737991, 0.0104262679815, 0.0069513595663, 0.00899340771139, 0.00785091053694, 0.00411407556385, 0.00141583452933, 0.000394543225411, 7.69219259382e-05, 2.54085225606e-05, 3.06596266455e-05], "min": [9.95213475837e-23, 7.011879392e-22, 2.16821244553e-21, 4.96023822248e-21, 1.53599717245e-20, 3.28708747667e-20, 3.32596044181e-20, 4.50915474325e-20, 1.19177481395e-19, 1.65709492778e-19, 3.1985174357e-19, 4.92186474841e-19, 8.11128552381e-19, 5.93576690858e-19, 3.45590114564e-19, 1.43251841585e-18, 1.32636301912e-18, 1.21429214364e-18, 2.07190690228e-18, 2.50304481127e-18, 2.83911237093e-18, 3.87534530571e-18, 4.96654211746e-18, 6.52093939272e-18, 6.58458018751e-18, 7.62669458325e-18, 1.01185637709e-17, 1.00669890597e-17, 1.19127830396e-17, 1.0947904152e-17, 1.24387946357e-17, 1.02502484428e-17, 9.86049665463e-18, 8.01055767267e-18, 6.20404401851e-18, 3.80478679946e-18, 2.21206273091e-18, 9.76100419773e-19, 2.44488429484e-19, 2.78192795346e-20], "dvar2": [0.000372458744096, 0.148347854614, 7.11414480209, 444.627563477, 737.289245605, 524.034667969, 3461.60888672, 3039.3984375, 1951.2746582, 2207.97436523, 1354.89257813, 2156.88842773, 2636.40893555, 265.278625488, 234.384567261, 524.610839844, 55.4622497559, 215.905471802, 217.390136719, 384.936920166, 692.279724121, 384.807922363, 993.407775879, 236.11428833, 212.473754883, 13.5909528732, 6.86621952057, 2.74209833145, 0.757177829742, 0.0803291127086, 0.0149465873837, 0.00453732302412, 0.00507387658581, 0.00306518026628, 0.000559438602068, 5.32696831215e-05, 3.18194042848e-06, 1.63954311461e-07, 4.50911707972e-09, 2.52201093343e-10], "dvar": [0.000201484974241, 0.0664822980762, 2.99475169182, 162.405456543, 311.629241943, 220.995758057, 1853.34973145, 1252.265625, 886.780273438, 988.848510742, 556.337158203, 1056.56652832, 1392.11816406, 120.909828186, 92.702331543, 203.692504883, 25.1575450897, 105.486938477, 82.0280303955, 171.914642334, 362.496887207, 166.036560059, 460.335998535, 106.812103271, 108.386436462, 6.87372970581, 3.57809972763, 1.35865020752, 0.388175427914, 0.0448466986418, 0.00736473733559, 0.00244703213684, 0.00280398014002, 0.00164635363035, 0.000304545974359, 3.04483164655e-05, 1.78052107458e-06, 8.82683650616e-08, 2.43039077752e-09, 1.31574501294e-10], "dmean": [0.00925527885556, 0.187837973237, 1.05725967884, 7.09607410431, 11.4741230011, 9.83454418182, 23.7427501678, 19.3627567291, 17.7675018311, 17.1431179047, 11.5079336166, 16.9146995544, 22.9327983856, 5.82124328613, 4.0578250885, 6.18217277527, 3.10728597641, 5.43943023682, 3.16831731796, 5.39846324921, 7.62357854843, 6.7633638382, 9.32636165619, 4.28057718277, 3.0080947876, 1.33347952366, 0.979874014854, 0.624435961246, 0.296340852976, 0.0903366059065, 0.0271276477724, 0.0182407479733, 0.0246029514819, 0.0205023698509, 0.00925994571298, 0.00311228632927, 0.000742672302295, 0.000149510058691, 2.41241541517e-05, 9.85874612525e-06], "max": [0.266887575388, 4.45681190491, 24.9642753601, 118.051734924, 239.381881714, 372.481201172, 1197.3996582, 820.361633301, 773.68157959, 728.921203613, 642.505187988, 819.570495605, 1047.94689941, 240.510375977, 197.39654541, 581.922973633, 109.223999023, 183.420227051, 344.79486084, 387.656036377, 990.07043457, 392.063751221, 431.734436035, 447.507415771, 531.203125, 84.6822509766, 74.9015884399, 24.5274581909, 14.0239305496, 4.51518821716, 3.17389750481, 1.62726521492, 1.27576100826, 0.677494168282, 0.329385668039, 0.0938391759992, 0.0224808771163, 0.00550939422101, 0.000849611067679, 0.000145239246194], "var": [0.0012708833674, 0.320302158594, 9.83444309235, 236.552505493, 758.712158203, 565.688415527, 5632.37060547, 2267.63574219, 1827.45947266, 3060.68237305, 1121.07885742, 3111.58300781, 4594.67724609, 290.905395508, 201.27947998, 342.252502441, 69.8594207764, 235.49671936, 123.858291626, 532.087097168, 1567.70007324, 535.128417969, 1327.39477539, 319.108612061, 375.214172363, 25.0681667328, 10.3964509964, 3.69557476044, 0.776421368122, 0.09296964854, 0.0130517696962, 0.00451762787998, 0.00506080174819, 0.00278065283783, 0.000530848104972, 5.49579708604e-05, 3.23539188685e-06, 1.56569853971e-07, 4.56950788319e-09, 5.38312949772e-10], "mean": [0.0229275263846, 0.427085757256, 2.16845750809, 10.1525344849, 21.3137168884, 17.7407531738, 38.2211952209, 33.4792060852, 32.5653152466, 34.4347572327, 20.140832901, 33.9554977417, 49.1259803772, 11.568655014, 7.34304428101, 10.3803091049, 6.46772813797, 10.00573349, 6.39755773544, 11.1588582993, 15.038315773, 13.7108135223, 17.7049217224, 8.39330005646, 5.55266094208, 2.70640063286, 1.9433658123, 1.16686332226, 0.490179032087, 0.144595563412, 0.0419301427901, 0.026590578258, 0.034569144249, 0.0278373844922, 0.0129497246817, 0.00439266534522, 0.00108113209717, 0.000222033952014, 4.53035718238e-05, 3.30727707478e-05]}, "spectral_strongpeak": {"dmean2": 0.731066524982, "median": 0.690802514553, "min": 0, "dvar2": 0.916284322739, "dvar": 0.38449883461, "dmean": 0.440416753292, "max": 11.6492547989, "var": 0.75111323595, "mean": 0.903083980083}, "spectral_energy": {"dmean2": 0.0122108729556, "median": 0.0256912633777, "min": 9.79607623565e-21, "dvar2": 0.000196587003302, "dvar": 9.71161571215e-05, "dmean": 0.00828494783491, "max": 0.131635129452, "var": 0.000386049767258, "mean": 0.0278318114579}, "average_loudness": 0.911540210247, "spectral_rolloff": {"dmean2": 331.434783936, "median": 602.9296875, "min": 64.599609375, "dvar2": 465206.5, "dvar": 200969.34375, "dmean": 198.629425049, "max": 19552.1484375, "var": 4949084.5, "mean": 988.541748047}, "spectral_centroid": {"dmean2": 223.239929199, "median": 632.148254395, "min": 162.527175903, "dvar2": 108693.625, "dvar": 53248.2890625, "dmean": 148.89050293, "max": 11697.8056641, "var": 1526964.25, "mean": 858.369262695}, "pitch_salience": {"dmean2": 0.13023942709, "median": 0.601076185703, "min": 0.064863756299, "dvar2": 0.012513355352, "dvar": 0.00478199543431, "dmean": 0.0792697668076, "max": 0.846602857113, "var": 0.0131625467911, "mean": 0.588312804699}, "spectral_energyband_middle_high": {"dmean2": 0.00130834581796, "median": 0.00173835223541, "min": 1.11176386281e-21, "dvar2": 3.85333351005e-06, "dvar": 2.07981838685e-06, "dmean": 0.00096895894967, "max": 0.0362763516605, "var": 1.01691002783e-05, "mean": 0.00279913656414}, "spectral_contrast_coeffs": {"dmean2": [0.0925017744303, 0.0835869535804, 0.0651296824217, 0.0461725965142, 0.0340523906052, 0.0277694389224], "median": [-0.566186130047, -0.697523295879, -0.727326452732, -0.782941520214, -0.798723578453, -0.738111078739], "min": [-0.985617816448, -0.977209091187, -0.984239280224, -0.983955085278, -0.98067009449, -0.979362130165], "dvar2": [0.00615078071132, 0.00460691051558, 0.00274337898009, 0.0014061370166, 0.000809272984043, 0.000569474301301], "dvar": [0.00247815949842, 0.00171816255897, 0.00119552272372, 0.000633624149486, 0.000388802902307, 0.000268195464741], "dmean": [0.0565637648106, 0.0504094921052, 0.0418332591653, 0.0294182449579, 0.0223782509565, 0.0183967743069], "max": [-0.283589363098, -0.429458409548, -0.467433512211, -0.512537002563, -0.57772320509, -0.575695514679], "var": [0.0112241497263, 0.00601907121018, 0.00587573321536, 0.00336295482703, 0.00269392807968, 0.00417508464307], "mean": [-0.577444672585, -0.701466798782, -0.731138050556, -0.781357228756, -0.795703172684, -0.744795739651]}, "melbands_skewness": {"dmean2": 1.0748347044, "median": 2.28681540489, "min": -1.1729029417, "dvar2": 1.13641476631, "dvar": 0.4898609519, "dmean": 0.692634403706, "max": 10.1646642685, "var": 1.68380451202, "mean": 2.46747779846}, "spectral_spread": {"dmean2": 555325.625, "median": 2637265.75, "min": 827256.875, "dvar2": 485653905408, "dvar": 337872748544, "dmean": 399198.46875, "max": 42741812, "var": 19149508050900.0, "mean": 3177007.75}, "dissonance": {"dmean2": 0.0441519357264, "median": 0.448531150818, "min": 0.205813109875, "dvar2": 0.00176150549669, "dvar": 0.000652187271044, "dmean": 0.0266666226089, "max": 0.500000059605, "var": 0.00158193288371, "mean": 0.439529508352}, "spectral_skewness": {"dmean2": 0.762345612049, "median": 2.07226014137, "min": -0.0846880972385, "dvar2": 0.605485320091, "dvar": 0.249886751175, "dmean": 0.482853829861, "max": 8.81957817078, "var": 1.16855049133, "mean": 2.28732466698}, "spectral_flux": {"dmean2": 0.0403593592346, "median": 0.0710252299905, "min": 6.12765324592e-11, "dvar2": 0.00180781946983, "dvar": 0.000726909493096, "dmean": 0.0245596282184, "max": 0.270893394947, "var": 0.0016861561453, "mean": 0.0751896500587}, "spectral_contrast_valleys": {"dmean2": [0.681609392166, 0.594048976898, 0.571738243103, 0.455624103546, 0.387848138809, 0.491183519363], "median": [-7.21172475815, -6.398853302, -7.58359098434, -8.2346830368, -8.13389587402, -11.9359512329], "min": [-28.2912998199, -27.970331192, -27.8020191193, -27.618768692, -27.6020355225, -27.4350662231], "dvar2": [0.335195869207, 0.270690739155, 0.285140484571, 0.185772076249, 0.166063457727, 0.261957079172], "dvar": [0.150153830647, 0.140154346824, 0.149575591087, 0.119835242629, 0.125031933188, 0.189979597926], "dmean": [0.424564540386, 0.383851885796, 0.376676976681, 0.320562005043, 0.3096357584, 0.428391158581], "max": [-5.78295087814, -4.58324670792, -5.1531162262, -6.06442213058, -6.18437480927, -9.48807048798], "var": [6.37526082993, 6.73226547241, 6.01387357712, 5.65899515152, 5.94518661499, 4.05002593994], "mean": [-7.79966211319, -6.88690662384, -8.00856494904, -8.62134075165, -8.54490566254, -12.2891397476]}, "erbbands_flatness_db": {"dmean2": 0.0296589657664, "median": 0.220935896039, "min": 0.026394110173, "dvar2": 0.000793599989265, "dvar": 0.000463108561235, "dmean": 0.0223908480257, "max": 0.48208078742, "var": 0.00278117042035, "mean": 0.226386576891}, "spectral_energyband_high": {"dmean2": 5.3383580962e-05, "median": 3.22173109453e-05, "min": 6.77736621625e-21, "dvar2": 8.67980620711e-09, "dvar": 4.81936091035e-09, "dmean": 4.01774486818e-05, "max": 0.00156310596503, "var": 1.54851917955e-08, "mean": 8.33567537484e-05}, "spectral_entropy": {"dmean2": 0.294066518545, "median": 6.87914228439, "min": 3.83160805702, "dvar2": 0.0829784572124, "dvar": 0.0440206080675, "dmean": 0.205710828304, "max": 9.82095432281, "var": 0.405386567116, "mean": 6.82237911224}, "silence_rate_20dB": {"dmean2": 0, "median": 1, "min": 1, "dvar2": 0, "dvar": 0, "dmean": 0, "max": 1, "var": 0, "mean": 1}, "melbands_flatness_db": {"dmean2": 0.0420245788991, "median": 0.294737040997, "min": 0.00260117184371, "dvar2": 0.00154647906311, "dvar": 0.000776795786805, "dmean": 0.0295262038708, "max": 0.60985147953, "var": 0.00627318350598, "mean": 0.298635959625}, "barkbands": {"dmean2": [5.3995199778e-06, 0.00103915855289, 0.00224756170064, 0.00568334246054, 0.00490635680035, 0.00468182424083, 0.00192306179088, 0.000933194416575, 0.00106088782195, 0.000817987078335, 0.000162755823112, 0.000227573007578, 0.000115284354251, 0.000152276479639, 0.000136740345624, 0.000187733952771, 0.000214747065911, 0.000231744576013, 0.000101625846582, 4.0674880438e-05, 2.75762049569e-05, 9.59103545028e-06, 1.58190471211e-06, 1.5554944639e-06, 1.99174792215e-06, 6.25911127372e-07, 1.66889392972e-07], "median": [2.24458813136e-06, 0.000766970624682, 0.000795176951215, 0.00131271348801, 0.00416926573962, 0.00278546730988, 0.00125939887948, 0.000507497403305, 0.000615123892203, 0.000329815113219, 5.01484028064e-05, 0.000110752072942, 5.80801352044e-05, 5.2479099395e-05, 3.79360863008e-05, 7.03027617419e-05, 9.66820589383e-05, 5.75400626985e-05, 2.8398606446e-05, 1.57683753059e-05, 1.24583184515e-05, 3.92515312342e-06, 4.1038728682e-07, 4.4627790885e-07, 6.53462507216e-07, 2.48652895607e-07, 5.42093552269e-08], "min": [2.83000028703e-25, 3.25528304034e-24, 1.47489122765e-24, 1.024177423e-24, 1.05733235937e-23, 4.1475774153e-24, 6.35408210949e-24, 1.01917350078e-23, 1.97496407886e-23, 1.35295451262e-23, 9.70169540233e-24, 2.8153454898e-23, 2.15575884988e-23, 2.00008551216e-23, 2.06443147625e-23, 4.29451616953e-23, 4.31131385811e-23, 7.62278627743e-23, 1.09574799219e-22, 1.5109873333e-22, 2.35660015422e-22, 3.77030957832e-22, 3.87034042276e-22, 5.51040016763e-22, 7.58201958668e-22, 1.2723427226e-21, 2.00915365128e-21], "dvar2": [4.03872872645e-11, 1.94317476598e-06, 1.40186693898e-05, 9.70218170551e-05, 4.06022809329e-05, 5.38890453754e-05, 1.09499924292e-05, 3.38361292052e-06, 3.76073899133e-06, 1.73683872617e-06, 1.83874647064e-07, 2.39996722939e-07, 4.07144788994e-08, 8.57369144569e-08, 2.18245503447e-07, 1.80986631904e-07, 1.91359120549e-07, 2.63058154815e-07, 8.90009772547e-08, 6.26545082483e-09, 2.81020051673e-09, 4.98365737567e-10, 2.39429604615e-11, 1.34716682254e-11, 1.62127360148e-11, 1.3569660803e-12, 1.52321840037e-13], "dvar": [1.45127226209e-11, 8.99038013813e-07, 5.75049807594e-06, 3.76451462216e-05, 1.69313425431e-05, 2.46070176217e-05, 5.05127673023e-06, 1.32580134959e-06, 1.79960375135e-06, 9.64295622907e-07, 7.60302967251e-08, 9.47227078996e-08, 1.94641849305e-08, 4.14420924244e-08, 8.58311182128e-08, 9.23793024299e-08, 7.83609692689e-08, 1.19594474768e-07, 4.40059473306e-08, 2.89771051598e-09, 1.34308897337e-09, 2.50667792079e-10, 1.19934982085e-11, 7.44586683976e-12, 8.86479951945e-12, 7.78324561919e-13, 8.02103744752e-14], "dmean": [3.14482963404e-06, 0.000678920419887, 0.00136211863719, 0.0033679981716, 0.00314800185151, 0.00296360393986, 0.00123486318626, 0.00058669410646, 0.000722260156181, 0.000561880064197, 0.000101163743238, 0.000145681406138, 7.67051169532e-05, 0.000102811929537, 8.71571901371e-05, 0.000125168735394, 0.000137700495543, 0.000156848647748, 7.01750759617e-05, 2.81512184301e-05, 1.9415801944e-05, 7.23070343156e-06, 1.15256364097e-06, 1.19738751891e-06, 1.55319889927e-06, 4.99090845096e-07, 1.26262293065e-07], "max": [4.55429471913e-05, 0.0170035101473, 0.035178899765, 0.0590733140707, 0.0688805505633, 0.092881269753, 0.0428084172308, 0.0247056037188, 0.0264082588255, 0.0297120306641, 0.00579915940762, 0.0115033639595, 0.00330489873886, 0.00383989885449, 0.0111019704491, 0.0150845078751, 0.00803495105356, 0.00630151759833, 0.00999860744923, 0.0014299195027, 0.00107741344254, 0.000414772308432, 0.000115226510388, 8.05005984148e-05, 5.1858714869e-05, 1.60096569743e-05, 4.95482436236e-06], "var": [1.944