{"tonal": {"thpcp": [1, 0.60344427824, 0.342240899801, 0.396570205688, 0.246162757277, 0.182500436902, 0.218026980758, 0.201516255736, 0.342595696449, 0.451258927584, 0.291931450367, 0.258896738291, 0.316476255655, 0.267098397017, 0.496428489685, 0.731563568115, 0.481130301952, 0.261614978313, 0.253325611353, 0.206002086401, 0.342011898756, 0.485491842031, 0.397622942924, 0.504927933216, 0.597438812256, 0.332971960306, 0.195896625519, 0.20807851851, 0.184607565403, 0.342855006456, 0.472439974546, 0.33121496439, 0.291996836662, 0.340276896954, 0.328612923622, 0.692663788795], "hpcp": {"dmean2": [0.12118281424, 0.1318231076, 0.16790664196, 0.162182867527, 0.159393548965, 0.11462880671, 0.0977144837379, 0.0994858890772, 0.133736044168, 0.161310985684, 0.163415983319, 0.17208892107, 0.167934194207, 0.126815125346, 0.0870924144983, 0.0858419165015, 0.094808652997, 0.125934332609, 0.13362917304, 0.133430406451, 0.116843543947, 0.115473769605, 0.141129419208, 0.198490872979, 0.197674274445, 0.183807998896, 0.131927862763, 0.112975180149, 0.0946976169944, 0.0809823796153, 0.088560320437, 0.0973431989551, 0.126337453723, 0.14220225811, 0.120019987226, 0.114909291267], "median": [0.0198349952698, 0.0258274916559, 0.0447545796633, 0.0537433587015, 0.0376862101257, 0.0134311113507, 0.00806066580117, 0.0126831624657, 0.0308331884444, 0.0471998527646, 0.0464054867625, 0.0396224707365, 0.0350278615952, 0.0285379886627, 0.0151405334473, 0.0122404042631, 0.0135044846684, 0.0155087187886, 0.0170568861067, 0.0191165078431, 0.019447632134, 0.0198212247342, 0.035384234041, 0.121301755309, 0.160671174526, 0.105351023376, 0.0298903379589, 0.0153604391962, 0.0131320878863, 0.010432398878, 0.0096032358706, 0.0133571848273, 0.0282383263111, 0.030815217644, 0.0270126052201, 0.0202844329178], "min": [0, 0, 0, 0, 0, 0, 0, 0, 0, 0, 0, 0, 0, 0, 0, 0, 0, 0, 0, 0, 0, 0, 0, 0, 0, 0, 0, 0, 0, 0, 0, 0, 0, 0, 0, 0], "dvar2": [0.0488462150097, 0.0534004047513, 0.0708898380399, 0.0726411342621, 0.0687173977494, 0.0504530332983, 0.0442670546472, 0.039262957871, 0.0518260039389, 0.0639607086778, 0.0631138905883, 0.0756655111909, 0.0812690034509, 0.0502319335938, 0.0317404344678, 0.034756924957, 0.0448139794171, 0.0622975863516, 0.0668456926942, 0.061901755631, 0.052258182317, 0.0532704591751, 0.0559967793524, 0.0766753181815, 0.0794839039445, 0.0605986267328, 0.0506182722747, 0.0502975918353, 0.0348360314965, 0.0321114100516, 0.0411723926663, 0.0412992946804, 0.0504442416131, 0.063823364675, 0.0436872281134, 0.0473875850439], "dvar": [0.019170390442, 0.0188777782023, 0.0251256022602, 0.0281542539597, 0.0247287023813, 0.0182396173477, 0.0166198685765, 0.0143722575158, 0.0190650206059, 0.0248230397701, 0.023649757728, 0.0275531820953, 0.0309957247227, 0.0181006137282, 0.011621883139, 0.0126236137003, 0.015632700175, 0.0226633418351, 0.0255374703556, 0.0222946330905, 0.0186103470623, 0.0198665019125, 0.0199789423496, 0.0279573071748, 0.0321260280907, 0.0227652881294, 0.018764924258, 0.0193928498775, 0.0128616439179, 0.0116430474445, 0.0153276817873, 0.0150770805776, 0.0188357289881, 0.0237805694342, 0.0159219596535, 0.0176055021584], "dmean": [0.0712866559625, 0.0763031095266, 0.0982016772032, 0.0958217456937, 0.0930458158255, 0.0664379447699, 0.0563795939088, 0.0574594885111, 0.0787156745791, 0.0952440574765, 0.0963784903288, 0.101622276008, 0.0996824800968, 0.0750624462962, 0.0515437871218, 0.0501985624433, 0.0543307363987, 0.0741061717272, 0.0785182416439, 0.0777615532279, 0.0680371895432, 0.0669961720705, 0.0819041132927, 0.117800287902, 0.118005499244, 0.110861696303, 0.0776485204697, 0.0664621591568, 0.0558298230171, 0.0469077974558, 0.0517146997154, 0.0565766878426, 0.0745843872428, 0.0835471898317, 0.0703777298331, 0.0672592669725], "max": [1, 1, 1, 1, 1, 1, 1, 1, 1, 1, 1, 1, 1, 1, 1, 1, 1, 1, 1, 1, 1, 1, 1, 1, 1, 1, 1, 1, 1, 1, 1, 1, 1, 1, 1, 1], "var": [0.0482772178948, 0.0263255685568, 0.0636234954, 0.128584519029, 0.0645722821355, 0.0361870154738, 0.0438838079572, 0.0228698812425, 0.0415375158191, 0.073198184371, 0.0436332672834, 0.0721538439393, 0.103392787278, 0.035091355443, 0.0186505112797, 0.0260362736881, 0.0195910595357, 0.0499087870121, 0.0884553045034, 0.0426804274321, 0.0382398553193, 0.0581393875182, 0.0348100885749, 0.0768272131681, 0.145751208067, 0.0590262524784, 0.0409087948501, 0.0728612095118, 0.0282383169979, 0.0198634993285, 0.0318084023893, 0.0207205284387, 0.0414255596697, 0.0727564245462, 0.0299900192767, 0.030621688813], "mean": [0.110911019146, 0.093606248498, 0.173976376653, 0.256380885839, 0.168615028262, 0.0916845500469, 0.0887794941664, 0.0721946805716, 0.119860142469, 0.170143559575, 0.139349371195, 0.17695504427, 0.209376052022, 0.116692043841, 0.0686531588435, 0.0729223787785, 0.0646968409419, 0.120155617595, 0.165569454432, 0.116076290607, 0.102332063019, 0.119252100587, 0.115164391696, 0.242748230696, 0.350456058979, 0.21148070693, 0.119940400124, 0.138980433345, 0.0862692296505, 0.0639583840966, 0.0764088779688, 0.0706225931644, 0.120064735413, 0.158146426082, 0.102309145033, 0.090731933713]}, "tuning_equal_tempered_deviation": 0.0117931459099, "chords_changes_rate": 0.038179770112, "key_key": "A#", "tuning_diatonic_strength": 0.560374498367, "key_scale": "minor", "chords_number_rate": 0.00140884751454, "tuning_frequency": 444.598632813, "tuning_nontempered_energy_ratio": 0.678106486797, "chords_histogram": [13.9053258896, 7.10059165955, 6.49478721619, 8.9320936203, 2.1273598671, 1.84559035301, 0.669202566147, 10.4043388367, 2.05691742897, 14.7295017242, 2.71907567978, 1.40180337429, 1.81036913395, 0.0915750935674, 0.852352797985, 0.154973238707, 1.42293608189, 3.78979992867, 3.23330521584, 1.75401520729, 2.04282903671, 2.24711179733, 3.82502102852, 6.38912391663], "key_strength": 0.82721143961, "chords_key": "F", "chords_strength": {"dmean2": 0.00652868812904, "median": 0.573574662209, "min": -1, "dvar2": 0.000303792097839, "dvar": 0.000179743103217, "dmean": 0.00775779690593, "max": 0.901816308498, "var": 0.0163200739771, "mean": 0.566671967506}, "chords_scale": "major", "hpcp_entropy": {"dmean2": 0.920824706554, "median": 1.6867338419, "min": 0, "dvar2": 0.604262530804, "dvar": 0.219099000096, "dmean": 0.53848439455, "max": 4.12557506561, "var": 0.56633067131, "mean": 1.65924847126}}, "metadata": {"audio_properties": {"equal_loudness": 0, "codec": "flac", "downmix": "mix", "sample_rate": 44100, "analysis_sample_rate": 44100, "bit_rate": 0, "md5_encoded": "b5a445d21453093f470fddc6041f08df", "length": 659.200012207, "replay_gain": -4.82775306702, "lossless": true}, "version": {"essentia_build_sha": "2d9f1f26377add8aeb1075a9c2973f962c4f09fd", "essentia": "2.1-beta2", "extractor": "music 1.0", "essentia_git_sha": "v2.1_beta2-1-ge3940c0"}, "tags": {"title": ["Requiem in B-flat minor, op. 89, B. 165: Section I: I. Introitus: Requiem aeternam"], "barcode": ["099925424121"], "media": ["CD"], "albumartist": ["Anton\u00edn Dvo\u0159\u00e1k; Gabriela Be\u0148a\u010dkov\u00e1, Brigitte Fassbaender, Thomas Moser, Jan-Hendrik Rootering, Czech Philharmonic Chorus and Czech Philharmonic Orchestra, Wolfgang Sawallisch"], "tracktotal": ["8"], "language": ["lat"], "performer": ["\u010cesk\u00e1 filharmonie (orchestra)", "Gabriela Be\u0148a\u010dkov\u00e1 (soprano vocals)", "Thomas Moser (tenor vocals)", "Pra\u017esk\u00fd filharmonick\u00fd sbor (choir vocals)", "Brigitte Fassbaender (contralto vocals)", "Jan-Hendrik Rootering (bass vocals)"], "releasetype": ["album"], "musicbrainz_recordingid": ["1e31587a-cdf2-4111-9a31-5f12ec90e81f"], "composer": ["Anton\u00edn Dvo\u0159\u00e1k"], "musicbrainz_releasegroupid": ["9e8c19fa-93f5-32c6-bdf5-730a29c01249"], "musicbrainz_albumartistid": ["819eaeb2-8dd8-48a5-ad07-0bcd137985ef", "1f2ef211-ff08-4824-9977-a18c8071caa8", "309f8040-b019-4db3-a9ec-816ef2a69898", "acfa5bed-3b9e-4719-87b7-d09112d8414c", "4147147b-2122-4c1e-a4d3-49c9e85e9328", "ea6b97af-812c-401f-baf3-1590d3bfc094", "afad991b-c46d-465f-8d65-f02606f08fe8", "471b45e3-c9aa-447c-878b-7afd8794e3e7"], "musicbrainz_releasetrackid": ["1c926f63-a064-3cc7-8ff2-59e9e910ca82"], "discnumber": ["1"], "composersort": ["Dvo\u0159\u00e1k, Anton\u00edn"], "catalognumber": ["10 4241-2 232"], "releasecountry": ["XC"], "originaldate": ["1988"], "work": ["Requiem v B-moll, op. 89, B. 165: I. odd\u00edl: I. Introitus: Requiem aeternam"], "date": ["1988"], "file_name": "01 Anton\u00edn Dvo\u0159\u00e1k - Requiem in B-flat minor, op. 89, B. 165_ Section I_ I. Introitus_ Requiem aeternam.flac", "musicbrainz_albumid": ["19354353-d11b-49a1-86e2-902fc0b678bc"], "disctotal": ["2"], "albumartistsort": ["Dvo\u0159\u00e1k, Anton\u00edn; Be\u0148a\u010dkov\u00e1, Gabriela, Fassbaender, Brigitte, Moser, Thomas, Rootering, Jan-Hendrik, Czech Philharmonic Chorus and Czech Philharmonic Orchestra, Sawallisch, Wolfgang"], "releasestatus": ["official"], "musicbrainz_artistid": ["819eaeb2-8dd8-48a5-ad07-0bcd137985ef"], "asin": ["B00000354D"], "musicbrainz_workid": ["31b00f45-214b-45c7-9729-f16dc60cf793"], "artist": ["Anton\u00edn Dvo\u0159\u00e1k"], "tracknumber": ["1"], "artistsort": ["Dvo\u0159\u00e1k, Anton\u00edn"], "album": ["Requiem, op. 89"], "label": ["Supraphon"], "totaltracks": ["8"], "totaldiscs": ["2"], "script": ["Latn"], "conductor": ["Wolfgang Sawallisch", "Lubom\u00edr M\u00e1tl"]}}, "rhythm": {"bpm_histogram_first_peak_bpm": {"dmean2": 0, "median": 117, "min": 117, "dvar2": 0, "dvar": 0, "dmean": 0, "max": 117, "var": 0, "mean": 117}, "bpm": 117.854957581, "bpm_histogram_second_peak_spread": {"dmean2": 0, "median": 0.399999976158, "min": 0.399999976158, "dvar2": 0, "dvar": 0, "dmean": 0, "max": 0.399999976158, "var": 0, "mean": 0.399999976158}, "bpm_histogram_first_peak_weight": {"dmean2": 0, "median": 0.0859205797315, "min": 0.0859205797315, "dvar2": 0, "dvar": 0, "dmean": 0, "max": 0.0859205797315, "var": 0, "mean": 0.0859205797315}, "onset_rate": 0.73572409153, "beats_position": [0.522448956966, 1.05650794506, 1.57895684242, 2.10140585899, 2.62385487556, 3.13469386101, 3.65714287758, 4.17959165573, 4.69043064117, 5.20126962662, 5.71210861206, 6.21133756638, 6.71056699753, 7.22140598297, 7.70902490616, 8.19664382935, 8.6958732605, 9.19510173798, 9.69433116913, 10.1935596466, 10.6927890778, 11.1920175552, 11.6912469864, 12.1556463242, 12.6200447083, 13.0728340149, 13.5372333527, 13.9900226593, 14.4544210434, 14.9536504745, 15.4528799057, 15.9637184143, 16.4861679077, 17.0086174011, 17.5310649872, 18.0419044495, 18.5527439117, 19.0635814667, 19.5860309601, 20.0968704224, 20.6077098846, 21.0256690979, 21.4436283112, 21.8615875244, 22.2795467377, 22.6975059509, 23.1154651642, 23.5218143463, 23.8933334351, 24.2648525238, 24.6363716125, 24.9962806702, 25.37940979, 25.7625389099, 26.1456680298, 26.5171871185, 26.8770961761, 27.2370071411, 27.5969161987, 27.9568252563, 28.316734314, 28.6766433716, 29.0365524292, 29.3964614868, 29.8608608246, 30.3252601624, 30.7896595001, 31.3237190247, 31.869386673, 32.4150543213, 33.0187759399, 33.6108856201, 34.2029914856, 34.7951011658, 35.3872108459, 35.9909286499, 36.6062583923, 37.2099761963, 37.8136940002, 38.4174156189, 38.9863014221, 39.5435829163, 40.124080658, 40.7045783997, 41.2850799561, 41.8655776978, 42.4460754395, 43.0962333679, 43.7463951111, 44.3849411011, 45.011882782, 45.650428772, 46.3005905151, 46.9507484436, 47.5776863098, 48.204624176, 48.8315620422, 49.4468917847, 50.0622215271, 50.6891593933, 51.3044891357, 51.9198188782, 52.3493881226, 52.7789573669, 53.2201347351, 53.661315918, 54.1024932861, 54.5436706543, 54.9848518372, 55.4260292053, 55.8672103882, 56.3083877563, 56.7495689392, 57.1907463074, 57.6319274902, 58.1195449829, 58.6071662903, 59.094783783, 59.5127410889, 59.9307022095, 60.3486595154, 60.766620636, 61.1729698181, 61.5793190002, 61.9856681824, 62.3920173645, 62.7983665466, 63.2047157288, 63.5994529724, 63.9941940308, 64.3889312744, 64.7836685181, 65.1784133911, 65.5847625732, 65.9911117554, 66.3974609375, 66.8038101196, 67.2217712402, 67.6513366699, 68.0809020996, 68.4988632202, 68.9168243408, 69.3347854614, 69.7527389526, 70.1242599487, 70.4841690063, 70.844078064, 71.2155990601, 71.6103363037, 72.0050811768, 72.3882064819, 72.7713394165, 73.1544647217, 73.5375976563, 73.9207229614, 74.303855896, 74.6985931396, 75.0933303833, 75.488067627, 75.9060287476, 76.3239898682, 76.7419509888, 77.15990448, 77.5778656006, 77.9958267212, 78.4137878418, 78.831741333, 79.2497024536, 79.6676635742, 80.0856246948, 80.526802063, 80.9679794312, 81.4207687378, 81.8503417969, 82.2799072266, 82.7094802856, 83.1390457153, 83.5686187744, 84.0097961426, 84.4509735107, 84.8805389404, 85.3101119995, 85.7396774292, 86.1692504883, 86.5872116089, 87.0051651001, 87.4231262207, 87.9107437134, 88.4099731445, 88.9092025757, 89.3736038208, 89.8380050659, 90.2907943726, 90.7900238037, 91.2892532349, 91.788482666, 92.2877044678, 92.7869338989, 93.2977752686, 93.8086166382, 94.3194503784, 94.830291748, 95.3411331177, 95.8635787964, 96.3860321045, 96.8968658447, 97.4193191528, 97.9301605225, 98.4526062012, 98.9634475708, 99.474281311, 99.9967346191, 100.519180298, 101.041633606, 101.552467346, 102.063308716, 102.53931427, 103.015327454, 103.479728699, 103.944122314, 104.420135498, 104.884536743, 105.348930359, 105.755279541, 106.161628723, 106.567977905, 106.974327087, 107.36907196, 107.763809204, 108.146934509, 108.530067444, 108.913192749, 109.296325684, 109.679450989, 110.062583923, 110.457321167, 110.840454102, 111.223579407, 111.711196899, 112.187210083, 112.663215637, 113.139228821, 113.615234375, 114.091247559, 114.567253113, 115.043266296, 115.519271851, 115.995285034, 116.471290588, 116.958908081, 117.504577637, 118.050247192, 118.58430481, 119.129974365, 119.675643921, 120.209701538, 120.743759155, 121.277824402, 121.811882019, 122.345939636, 122.879997253, 123.448883057, 124.017776489, 124.598274231, 125.20199585, 125.805709839, 126.339767456, 126.873832703, 127.40789032, 127.895507813, 128.371520996, 128.859130859, 129.335144043, 129.811157227, 130.28717041, 130.763168335, 131.239181519, 131.726806641, 132.202804565, 132.655593872, 133.119995117, 133.572784424, 134.02557373, 134.489974976, 134.942764282, 135.441986084, 135.952835083, 136.452056885, 136.881637573, 137.311203003, 137.740768433, 138.181945801, 138.599899292, 139.017868042, 139.435821533, 139.853790283, 140.283355713, 140.712921143, 141.142486572, 141.548843384, 141.955184937, 142.361541748, 142.744674683, 143.127792358, 143.510925293, 143.894058228, 144.323623657, 144.753189087, 145.171157837, 145.600723267, 146.030288696, 146.459854126, 146.889434814, 147.446716309, 148.003982544, 148.561264038, 149.130157471, 149.699050903, 150.256317139, 150.813598633, 151.370880127, 151.928161621, 152.485443115, 153.042724609, 153.507110596, 153.971511841, 154.435913086, 154.900314331, 155.364715576, 155.829116821, 156.339950562, 156.850784302, 157.361633301, 157.872467041, 158.371704102, 158.870925903, 159.370162964, 159.869384766, 160.368606567, 160.867843628, 161.36706543, 161.86630249, 162.319091797, 162.771881104, 163.22467041, 163.607803345, 163.979324341, 164.350830078, 164.722351074, 165.105484009, 165.488616943, 165.883346558, 166.278091431, 166.672836304, 167.067565918, 167.462310791, 167.857055664, 168.286621094, 168.716186523, 169.145751953, 169.586929321, 170.028121948, 170.469299316, 170.968521118, 171.467758179, 171.96697998, 172.489425659, 173.011871338, 173.522720337, 174.033554077, 174.544403076, 175.055236816, 175.566070557, 176.076919556, 176.599365234, 177.121810913, 177.632644653, 178.143493652, 178.665939331, 179.18838501, 179.69921875, 180.210067749, 180.720901489, 181.231735229, 181.696136475, 182.16053772, 182.624938965, 183.08934021, 183.553741455, 184.0181427, 184.517364502, 185.016601563, 185.527435303, 186.026657104, 186.525894165, 187.013504028, 187.489517212, 187.965530396, 188.453155518, 188.963989258, 189.474822998, 189.985671997, 190.450057983, 190.914459229, 191.378860474, 191.878097534, 192.377319336, 192.888153076, 193.399002075, 193.898223877, 194.397460938, 194.908294678, 195.419128418, 195.929977417, 196.394378662, 196.847167969, 197.299957275, 197.752746582, 198.205535889, 198.658325195, 199.111114502, 199.563903809, 200.016693115, 200.481079102, 200.91065979, 201.351837158, 201.793014526, 202.222579956, 202.640533447, 203.070114136, 203.499679565, 203.929244995, 204.347213745, 204.765167236, 205.183120728, 205.601089478, 206.030654907, 206.448608398, 206.901397705, 207.354187012, 207.818588257, 208.282989502, 208.747390747, 209.211791992, 209.65296936, 210.094146729, 210.535324097, 210.976501465, 211.406066895, 211.847259521, 212.276824951, 212.718002319, 213.159179688, 213.600357056, 214.029922485, 214.459503174, 214.889068604, 215.318634033, 215.829467773, 216.328704834, 216.827926636, 217.327163696, 217.826385498, 218.325622559, 218.836456299, 219.335693359, 219.8465271, 220.310928345, 220.77532959, 221.239730835, 221.704116821, 222.156906128, 222.609695435, 223.07409668, 223.538497925, 224.00289917, 224.467300415, 224.93170166, 225.396102905, 225.883712769, 226.359725952, 226.835739136, 227.300125122, 227.764526367, 228.228927612, 228.693328857, 229.157730103, 229.610519409, 230.063308716, 230.516098022, 230.968887329, 231.433288574, 231.897689819, 232.362075806, 232.826477051, 233.290878296, 233.743667603, 234.196456909, 234.637634277, 235.090423584, 235.543212891, 235.984390259, 236.425567627, 236.866760254, 237.307937622, 237.74911499, 238.213516235, 238.677902222, 239.142303467, 239.653152466, 240.163986206, 240.674819946, 241.127609253, 241.58039856, 242.033187866, 242.451156616, 242.869110107, 243.287063599, 243.739852905, 244.181045532, 244.6222229, 245.063400269, 245.48135376, 245.89932251, 246.317276001, 246.758453369, 247.211242676, 247.664031982, 248.105209351, 248.45350647, 248.778594971, 249.103668213, 249.463577271, 249.800262451, 250.136962891, 250.48526001, 250.82194519, 251.17024231, 251.495330811, 251.832015991, 252.168701172, 252.505386353, 252.86529541, 253.225204468, 253.585113525, 253.956634521, 254.328155518, 254.699676514, 255.07119751, 255.431106567, 255.802627563, 256.162536621, 256.52243042, 256.870758057, 257.219055176, 257.578948975, 257.927246094, 258.275543213, 258.623840332, 258.983764648, 259.343658447, 259.715179443, 260.063476563, 260.411773682, 260.760070801, 261.108398438, 261.468292236, 261.828216553, 262.188110352, 262.548034668, 262.896331787, 263.267852783, 263.650970459, 264.034088135, 264.405609131, 264.777130127, 265.16027832, 265.554992676, 265.938140869, 266.321258545, 266.704406738, 267.087524414, 267.505493164, 267.923431396, 268.341400146, 268.759368896, 269.165710449, 269.572052002, 269.978393555, 270.396362305, 270.814331055, 271.232299805, 271.650238037, 272.172698975, 272.695129395, 273.205993652, 273.716827393, 274.227661133, 274.738494873, 275.260955811, 275.771789551, 276.282623291, 276.793457031, 277.304290771, 277.803527832, 278.337585449, 278.871643066, 279.405700684, 279.939758301, 280.473815918, 281.007873535, 281.541931152, 282.07598877, 282.598449707, 283.120910645, 283.654968262, 284.165802002, 284.665039063, 285.175872803, 285.733154297, 286.302032471, 286.847717285, 287.393371582, 287.950653076, 288.531158447, 289.123260498, 289.715362549, 290.214599609, 290.71383667, 291.201446533, 291.689056396, 292.176696777, 292.664306641, 293.163543701, 293.662750244, 294.173614502, 294.696044922, 295.206878662, 295.717712402, 296.14730835, 296.576873779, 297.006439209, 297.470825195, 297.935241699, 298.399627686, 298.817596436, 299.235565186, 299.653503418, 300.071472168, 300.489440918, 300.90737915, 301.3253479, 301.74331665, 302.161254883, 302.579223633, 302.997192383, 303.415130615, 303.833099365, 304.251068115, 304.761901855, 305.272735596, 305.783569336, 306.306030273, 306.828460693, 307.350921631, 307.873382568, 308.384216309, 308.895050049, 309.405883789, 309.916717529, 310.427581787, 310.961639404, 311.495697021, 312.029754639, 312.552185059, 313.074645996, 313.597106934, 314.119537354, 314.641998291, 315.164428711, 315.675262451, 316.197723389, 316.685333252, 317.172973633, 317.660583496, 318.148193359, 318.63583374, 319.123443604, 319.622680664, 320.121887207, 320.621124268, 321.131958008, 321.631195068, 322.142028809, 322.652862549, 323.152099609, 323.65133667, 324.15057373, 324.649780273, 325.149017334, 325.648254395, 326.147491455, 326.646697998, 327.192382813, 327.738037109, 328.283721924, 328.841003418, 329.398284912, 329.909118652, 330.419952393, 330.930786133, 331.418395996, 331.906036377, 332.382049561, 332.858032227, 333.345672607, 333.833282471, 334.320892334, 334.796905518, 335.272918701, 335.853424072, 336.422302246, 336.99118042, 337.571685791, 338.152191162, 338.825561523, 339.487335205, 340.149108887, 340.822479248, 341.48425293, 342.250518799, 343.016784668, 343.77142334, 344.526062012, 345.245880127, 345.965698242, 346.697143555, 347.42855835, 348.148376465, 348.86819458, 349.588012695, 350.307830811, 351.016052246, 351.735870361, 352.444061279, 353.152282715, 353.86050415, 354.557098389, 355.253692627, 355.950286865, 356.646881104, 357.355102539, 358.074920654, 358.736694336, 359.38684082, 360.060211182, 360.721984863, 361.337310791, 361.952636719, 362.579589844, 363.206512451, 363.833465576, 364.321075439, 364.80871582, 365.307922363, 365.795562744, 366.27154541, 366.759185791, 367.246795654, 367.734405518, 368.222045898, 368.721252441, 369.208892822, 369.684906006, 370.172515869, 370.660125732, 371.136138916, 371.623748779, 372.11138916, 372.598999023, 373.086608887, 373.57421875, 374.073455811, 374.584289551, 375.106750488, 375.629211426, 376.174865723, 376.70892334, 377.254608154, 377.811889648, 378.369140625, 378.926422119, 379.437286377, 379.948120117, 380.44732666, 380.958190918, 381.457397461, 381.991455078, 382.537139893, 383.07119751, 383.616851807, 384.162536621, 384.719818115, 385.277099609, 385.834381104, 386.403259277, 386.960540771, 387.517822266, 388.086700439, 388.655578613, 389.212860107, 389.758544922, 390.304199219, 390.87310791, 391.430389404, 391.999267578, 392.568145752, 393.137054443, 393.705932617, 394.274810791, 394.843719482, 395.424224854, 396.004699707, 396.573608398, 397.119262695, 397.676544189, 398.222229004, 398.709838867, 399.19744873, 399.685058594, 400.114654541, 400.544219971, 400.9737854, 401.40335083, 401.82131958, 402.239257813, 402.657226563, 403.040344238, 403.423492432, 403.806610107, 404.189758301, 404.572875977, 404.955993652, 405.339141846, 405.722259521, 406.093780518, 406.465301514, 406.848419189, 407.243164063, 407.649505615, 408.044250488, 408.438995361, 408.926605225, 409.402618408, 409.878631592, 410.343017578, 410.807434082, 411.283447266, 411.713012695, 412.130981445, 412.548919678, 412.966888428, 413.384857178, 413.80279541, 414.22076416, 414.673553467, 415.137939453, 415.602355957, 416.066741943, 416.542755127, 417.018768311, 417.494781494, 417.924346924, 418.353912354, 418.783477783, 419.178222656, 419.572967529, 419.967712402, 420.350830078, 420.745574951, 421.140319824, 421.53503418, 421.929779053, 422.312927246, 422.696044922, 423.079162598, 423.462310791, 423.833831787, 424.205352783, 424.576873779, 424.948394775, 425.319915771, 425.69140625, 426.062927246, 426.434448242, 426.805969238, 427.177490234, 427.54901123, 428.071472168, 428.593902588, 429.116363525, 429.592376709, 430.079986572, 430.555999756, 431.043609619, 431.54284668, 432.030456543, 432.529693604, 433.028930664, 433.516540527, 434.004150391, 434.491790771, 434.979400635, 435.467010498, 435.954650879, 436.442260742, 436.929870605, 437.417510986, 437.90512085, 438.381134033, 438.868743896, 439.35635376, 439.832366943, 440.319976807, 440.807617188, 441.283630371, 441.782836914, 442.293701172, 442.804534912, 443.292144775, 443.768157959, 444.255767822, 444.755004883, 445.254241943, 445.765075684, 446.252685547, 446.72869873, 447.216308594, 447.715545654, 448.203155518, 448.690795898, 449.155181885, 449.607971191, 450.060760498, 450.559997559, 451.059234619, 451.558441162, 452.092498779, 452.626556396, 453.160614014, 453.694671631, 454.228729248, 454.762817383, 455.296875, 455.830932617, 456.353363037, 456.875823975, 457.398254395, 457.897491455, 458.385101318, 458.872741699, 459.360351563, 459.847961426, 460.335601807, 460.82321167, 461.310821533, 461.798461914, 462.286071777, 462.773681641, 463.261291504, 463.748931885, 464.236541748, 464.724151611, 465.235015869, 465.745849609, 466.25668335, 466.75592041, 467.255126953, 467.754364014, 468.253601074, 468.752838135, 469.252044678, 469.762908936, 470.273742676, 470.784576416, 471.295410156, 471.806243896, 472.317077637, 472.804718018, 473.292327881, 473.791564941, 474.290771484, 474.778411865, 475.266021729, 475.753631592, 476.241271973, 476.728881836, 477.239715576, 477.750549316, 478.261383057, 478.772247314, 479.283081055, 479.793914795, 480.327972412, 480.862030029, 481.384490967, 481.930145264, 482.475830078, 483.091156006, 483.706481934, 484.321807861, 484.937133789, 485.552459717, 486.156188965, 486.771514893, 487.38684082, 487.862854004, 488.338867188, 488.814880371, 489.279266357, 489.743652344, 490.208068848, 490.672454834, 491.125244141, 491.578033447, 492.054046631, 492.530059814, 493.006072998, 493.470458984, 493.934875488, 494.399261475, 494.875274658, 495.351287842, 495.827301025, 496.303314209, 496.790924072, 497.278533936, 497.766143799, 498.265380859, 498.76461792, 499.26385498, 499.69342041, 500.12298584, 500.55255127, 500.97052002, 501.388458252, 501.806427002, 502.212768555, 502.619140625, 503.025482178, 503.43182373, 503.873016357, 504.325805664, 504.778594971, 505.21975708, 505.660949707, 506.102111816, 506.543304443, 507.019317627, 507.495330811, 507.971313477, 508.44732666, 508.923339844, 509.399353027, 509.875366211, 510.339752197, 510.815765381, 511.326599121, 511.837463379, 512.348266602, 512.812683105, 513.277099609, 513.741516113, 514.194274902, 514.647094727, 515.099853516, 515.55267334, 516.005432129, 516.458251953, 516.911010742, 517.375427246, 517.828186035, 518.292602539, 518.745361328, 519.198181152, 519.650939941, 520.103759766, 520.649414063, 521.195068359, 521.763977051, 522.321289063, 522.890136719, 523.435791016, 523.981506348, 524.527160645, 525.072814941, 525.630126953, 526.140930176, 526.651794434, 527.162597656, 527.673461914, 528.184326172, 528.695129395, 529.205993652, 529.716796875, 530.216064453, 530.726867676, 531.237731934, 531.760192871, 532.294250488, 532.816650391, 533.339111328, 533.873168945, 534.407226563, 534.94128418, 535.486999512, 536.032653809, 536.566711426, 537.100769043, 537.63482666, 538.157287598, 538.6796875, 539.202148438, 539.643371582, 540.084533691, 540.525695801, 540.96685791, 541.408081055, 541.849243164, 542.302001953, 542.685180664, 543.06829834, 543.463012695, 543.857788086, 544.206054688, 544.554382324, 544.902648926, 545.250976563, 545.599243164, 545.947570801, 546.295837402, 546.655761719, 547.004089355, 547.352355957, 547.700683594, 548.048950195, 548.385681152, 548.733947754, 549.082275391, 549.430541992, 549.871765137, 550.312927246, 550.754089355, 551.20690918, 551.682922363, 552.170532227, 552.64654541, 553.134155273, 553.633361816, 554.12097168, 554.643432617, 555.165893555, 555.688354492, 556.187561035, 556.686767578, 557.186035156, 557.685241699, 558.184509277, 558.68371582, 559.171325684, 559.658935547, 560.14654541, 560.692260742, 561.226318359, 561.760375977, 562.294433594, 562.828491211, 563.362548828, 563.908203125, 564.453857422, 564.999511719, 565.545227051, 566.090881348, 566.636535645, 567.182189941, 567.739501953, 568.29675293, 568.854064941, 569.399719238, 569.945373535, 570.491027832, 571.048339844, 571.60559082, 572.139648438, 572.673706055, 573.207763672, 573.741821289, 574.275878906, 574.809936523, 575.402099609, 575.98260498, 576.574707031, 577.166809082, 577.758911133, 578.443908691, 579.14050293, 579.802246094, 580.452392578, 581.102600098, 581.752746582, 582.402893066, 583.076293945, 583.749633789, 584.364990234, 584.980285645, 585.60723877, 586.234191895, 586.849487305, 587.46484375, 588.06854248, 588.695495605, 589.33404541, 589.960998535, 590.506652832, 591.063964844, 591.6328125, 592.201721191, 592.758972168, 593.31628418, 593.861938477, 594.419189453, 594.930053711, 595.440917969, 595.986572266, 596.520629883, 597.0546875, 597.611938477, 598.180847168, 598.749755859, 599.307006836, 599.864318848, 600.409973145, 600.955627441, 601.501281738, 602.04699707, 602.592651367, 603.138305664, 603.672363281, 604.206420898, 604.740478516, 605.262939453, 605.785400391, 606.307861328, 606.737426758, 607.155334473, 607.573303223, 607.991271973, 608.420837402, 608.850402832, 609.268371582, 609.697937012, 610.127502441, 610.557067871, 610.986633301, 611.404602051, 611.822570801, 612.240539551, 612.658508301, 613.076477051, 613.494384766, 613.900756836, 614.307128906, 614.713439941, 615.119812012, 615.526184082, 615.932495117, 616.338867188, 616.721984863, 617.105102539, 617.476623535, 617.848144531, 618.231262207, 618.602783203, 618.974304199, 619.345825195, 619.694152832, 620.030822754, 620.367492676, 620.704223633, 621.040893555, 621.42401123, 621.807128906, 622.190307617, 622.573425293, 622.944946289, 623.316467285, 623.687988281, 624.059509277, 624.407775879, 624.756103516, 625.104370117, 625.452697754, 625.81262207, 626.172485352, 626.532409668, 626.892333984, 627.252258301, 627.612121582, 627.972045898, 628.331970215, 628.680236816, 629.028564453, 629.376831055, 629.725158691, 630.073486328, 630.42175293, 630.770080566, 631.118347168, 631.466674805, 631.814941406, 632.163269043, 632.511535645, 632.859863281, 633.254577637, 633.649353027, 634.044067383, 634.438781738, 634.833557129, 635.228271484, 635.623046875, 636.01776123, 636.412475586, 636.807250977, 637.213623047, 637.608337402, 638.003051758, 638.397827148, 638.792541504, 639.15246582, 639.512390137, 639.872253418, 640.220581055, 640.568847656, 640.928771973, 641.288696289, 641.648620605, 642.008483887, 642.368408203, 642.72833252, 643.088256836, 643.448181152, 643.784851074, 644.121520996, 644.458190918, 644.794921875, 645.143188477, 645.491516113, 645.839782715, 646.188110352, 646.629272461, 647.07043457, 647.511657715, 647.987670898, 648.463684082, 648.939697266, 649.427307129, 649.914916992, 650.402526855, 650.890136719, 651.366149902, 651.842163086, 652.31817627, 652.73614502, 653.15411377, 653.572021484, 653.989990234, 654.407958984, 654.825927734, 655.255493164, 655.696655273, 656.137878418, 656.579040527, 657.020202637, 657.461364746, 657.902587891, 658.34375], "beats_loudness": {"dmean2": 0.00681902654469, "median": 0.00115845585242, "min": 0, "dvar2": 0.000303096399875, "dvar": 0.000131336288177, "dmean": 0.00445440085605, "max": 0.207260668278, "var": 0.000474079599371, "mean": 0.00943367183208}, "danceability": 0.757037162781, "bpm_histogram_second_peak_weight": {"dmean2": 0, "median": 0.0758122727275, "min": 0.0758122727275, "dvar2": 0, "dvar": 0, "dmean": 0, "max": 0.0758122727275, "var": 0, "mean": 0.0758122727275}, "beats_count": 1386, "bpm_histogram_second_peak_bpm": {"dmean2": 0, "median": 123, "min": 123, "dvar2": 0, "dvar": 0, "dmean": 0, "max": 123, "var": 0, "mean": 123}, "bpm_histogram_first_peak_spread": {"dmean2": 0, "median": 0.570397078991, "min": 0.570397078991, "dvar2": 0, "dvar": 0, "dmean": 0, "max": 0.570397078991, "var": 0, "mean": 0.570397078991}, "beats_loudness_band_ratio": {"dmean2": [0.213872879744, 0.227677166462, 0.256513953209, 0.155600234866, 0.0936675518751, 0.0239469073713], "median": [0.0803386196494, 0.185876727104, 0.289503157139, 0.111942127347, 0.0488566383719, 0.00634093303233], "min": [0, 0, 0, 0, 0, 0], "dvar2": [0.0734795555472, 0.0441110022366, 0.0487264953554, 0.029197409749, 0.0219772718847, 0.00545665575191], "dvar": [0.0270817279816, 0.0166092440486, 0.0180935263634, 0.0113403704017, 0.00794770568609, 0.00189519114792], "dmean": [0.125312551856, 0.134198904037, 0.148818463087, 0.0921615511179, 0.0553215891123, 0.0139021752402], "max": [0.993854105473, 0.970217227936, 0.969273507595, 0.984673142433, 0.938318252563, 0.781540691853], "var": [0.0576561763883, 0.0487080737948, 0.0489448495209, 0.0268289949745, 0.0191233549267, 0.00161201215815], "mean": [0.187872216105, 0.251014530659, 0.31532022357, 0.161034375429, 0.0978542417288, 0.0177155770361]}}, "lowlevel": {"barkbands_spread": {"dmean2": 4.10785341263, "median": 10.5188035965, "min": 0.241804435849, "dvar2": 31.4136238098, "dvar": 11.9895811081, "dmean": 2.60954213142, "max": 103.036575317, "var": 66.9920730591, "mean": 12.3831033707}, "melbands_spread": {"dmean2": 6.12479305267, "median": 14.0608825684, "min": 0.328663975, "dvar2": 53.0754203796, "dvar": 22.3857498169, "dmean": 3.91635489464, "max": 189.247360229, "var": 207.513122559, "mean": 17.7201213837}, "hfc": {"dmean2": 2.64964365959, "median": 0.700443267822, "min": 1.08424439178e-16, "dvar2": 73.6874160767, "dvar": 26.5571746826, "dmean": 1.62208557129, "max": 221.33807373, "var": 337.240509033, "mean": 7.58582401276}, "barkbands_kurtosis": {"dmean2": 4.81551361084, "median": 1.76444029808, "min": -1.88713431358, "dvar2": 227.951370239, "dvar": 81.6688766479, "dmean": 3.00414323807, "max": 430.179412842, "var": 189.984237671, "mean": 5.09255981445}, "gfcc": {"mean": [-201.518081665, 113.765724182, -141.916854858, -5.61980628967, -56.2765808105, -8.48327255249, -39.2403564453, 6.86583280563, -14.3091373444, -4.24351787567, -5.20347595215, -1.89883220196, -11.5625629425], "icov": [[0.000283631932689, -0.000531303987373, 0.000626121589448, -0.000737627560738, 0.000919394660741, -0.000940635451116, 0.000832989462651, -0.000772966770455, 0.000391124020098, -6.6618747951e-05, -7.96427048044e-05, 0.000214909712668, 0.000401818397222], [-0.000531303987373, 0.00222695874982, -0.0016076884931, 0.00155305012595, -0.00238595949486, 0.00267085176893, -0.00252824136987, 0.00297721382231, -0.00158224138431, 0.00208714068867, -0.00154276855756, 0.00117713410873, -0.000994136207737], [0.000626121589448, -0.0016076884931, 0.00237610866316, -0.00208764849231, 0.00178632256575, -0.00209257914685, 0.0017531060148, -0.00188083807006, 0.00158213614486, -0.00154565589037, 0.00134758336935, -0.000857861305121, 0.000815431005321], [-0.000737627560738, 0.00155305012595, -0.00208764849231, 0.00417970912531, -0.00291158468463, 0.00204864167608, -0.00180563458707, 0.00218815752305, -0.000403042358812, 0.00134262419306, 0.0001879507181, -0.000164516692166, -0.00113500154112], [0.000919394660741, -0.00238595949486, 0.00178632256575, -0.00291158468463, 0.00698081683367, -0.00563675956801, 0.00395912723616, -0.0028273188509, -0.000383252947358, -0.000230256016948, 0.000262903049588, 0.00047532460303, 0.00213770219125], [-0.000940635451116, 0.00267085176893, -0.00209257914685, 0.00204864167608, -0.00563675956801, 0.0109050450847, -0.00644929241389, 0.0030711828731, -0.00150534836575, -0.000488949881401, 0.00195006991271, -0.00142090965528, -0.000351140799467], [0.000832989462651, -0.00252824136987, 0.0017531060148, -0.00180563458707, 0.00395912723616, -0.00644929241389, 0.00839488767087, -0.00649709673598, 0.00376339512877, -0.00328926322982, 0.000807755102869, 0.000152622538735, 0.00133323587943], [-0.000772966770455, 0.00297721382231, -0.00188083807006, 0.00218815752305, -0.0028273188509, 0.0030711828731, -0.00649709673598, 0.0160842314363, -0.00960983429104, 0.00670557888225, -0.00483567500487, 0.00201840838417, -0.00115164520685], [0.000391124020098, -0.00158224138431, 0.00158213614486, -0.000403042358812, -0.000383252947358, -0.00150534836575, 0.00376339512877, -0.00960983429104, 0.0153786595911, -0.00815740600228, 0.00479270564392, -0.00198492943309, 0.000749273225665], [-6.6618747951e-05, 0.00208714068867, -0.00154565589037, 0.00134262419306, -0.000230256016948, -0.000488949881401, -0.00328926322982, 0.00670557888225, -0.00815740600228, 0.014439242892, -0.00934463087469, 0.00567540293559, -0.00404113717377], [-7.96427048044e-05, -0.00154276855756, 0.00134758336935, 0.0001879507181, 0.000262903049588, 0.00195006991271, 0.000807755102869, -0.00483567500487, 0.00479270564392, -0.00934463087469, 0.0167153142393, -0.0108120832592, 0.00474684638903], [0.000214909712668, 0.00117713410873, -0.000857861305121, -0.000164516692166, 0.00047532460303, -0.00142090965528, 0.000152622538735, 0.00201840838417, -0.00198492943309, 0.00567540293559, -0.0108120832592, 0.0180398933589, -0.0095536345616], [0.000401818397222, -0.000994136207737, 0.000815431005321, -0.00113500154112, 0.00213770219125, -0.000351140799467, 0.00133323587943, -0.00115164520685, 0.000749273225665, -0.00404113717377, 0.00474684638903, -0.0095536345616, 0.0149707458913]], "cov": [[21083.7324219, 1250.93273926, -3333.3425293, 961.844543457, -705.359375, -327.822509766, -746.619995117, 72.3339614868, -403.199462891, -964.459899902, -55.6403999329, -630.140563965, -687.901062012], [1250.93273926, 1665.92944336, 532.287780762, 174.853729248, 229.437942505, -108.605171204, -0.404743432999, -131.309524536, -99.3069915771, -200.907272339, -52.8074684143, -128.019485474, -98.2735214233], [-3333.3425293, 532.287780762, 1880.69226074, 401.009796143, 275.136627197, 133.348999023, 102.555976868, -121.490570068, -55.9036865234, 50.4476356506, -119.74609375, 72.611831665, 98.8615875244], [961.844543457, 174.853729248, 401.009796143, 674.343566895, 177.673599243, 53.4548873901, -72.8235397339, -63.1884498596, -82.3971557617, -135.018493652, -112.323501587, -40.0665931702, -29.6902675629], [-705.359375, 229.437942505, 275.136627197, 177.673599243, 471.670776367, 163.050704956, 12.9229097366, 12.4715337753, 57.0117454529, -26.7227191925, -81.555015564, -53.2323799133, -49.2441520691], [-327.822509766, -108.605171204, 133.348999023, 53.4548873901, 163.050704956, 296.558044434, 180.858230591, 50.7950630188, 46.251625061, 54.0361366272, -43.3435134888, -15.7219142914, -14.167755127], [-746.619995117, -0.404743432999, 102.555976868, -72.8235397339, 12.9229097366, 180.858230591, 382.444732666, 95.2908248901, 35.8384742737, 97.7099227905, 20.2690582275, -0.0940645486116, 2.66842222214], [72.3339614868, -131.309524536, -121.490570068, -63.1884498596, 12.4715337753, 50.7950630188, 95.2908248901, 163.078536987, 82.5994949341, 19.8180503845, 23.6616230011, -4.77736949921, -14.7005815506], [-403.199462891, -99.3069915771, -55.9036865234, -82.3971557617, 57.0117454529, 46.251625061, 35.8384742737, 82.5994949341, 159.09513855, 85.5398254395, 11.9062738419, 4.06722593307, 11.0799970627], [-964.459899902, -200.907272339, 50.4476356506, -135.018493652, -26.7227191925, 54.0361366272, 97.7099227905, 19.8180503845, 85.5398254395, 228.357498169, 87.364440918, 48.3050765991, 57.9525527954], [-55.6403999329, -52.8074684143, -119.74609375, -112.323501587, -81.555015564, -43.3435134888, 20.2690582275, 23.6616230011, 11.9062738419, 87.364440918, 169.386856079, 84.4310531616, 29.7957458496], [-630.140563965, -128.019485474, 72.611831665, -40.0665931702, -53.2323799133, -15.7219142914, -0.0940645486116, -4.77736949921, 4.06722593307, 48.3050765991, 84.4310531616, 163.049041748, 98.4076080322], [-687.901062012, -98.2735214233, 98.8615875244, -29.6902675629, -49.2441520691, -14.167755127, 2.66842222214, -14.7005815506, 11.0799970627, 57.9525527954, 29.7957458496, 98.4076080322, 144.870162964]]}, "spectral_energyband_middle_low": {"dmean2": 0.00297456420958, "median": 0.000616328325123, "min": 1.37013602935e-22, "dvar2": 0.000109525411972, "dvar": 3.8472659071e-05, "dmean": 0.00179864710663, "max": 0.234843716025, "var": 0.000147279628436, "mean": 0.00479969242588}, "melbands_crest": {"dmean2": 4.54005384445, "median": 12.3496313095, "min": 1.51721453667, "dvar2": 17.9133548737, "dvar": 6.98202753067, "dmean": 2.85042285919, "max": 39.2409858704, "var": 37.5238990784, "mean": 13.851272583}, "spectral_kurtosis": {"dmean2": 5.81450223923, "median": 9.8006477356, "min": -1.255453825, "dvar2": 36.2177505493, "dvar": 11.9602222443, "dmean": 3.31045460701, "max": 80.497