{"tonal": {"thpcp": [1, 0.630122661591, 0.194776713848, 0.117141082883, 0.137463763356, 0.300932317972, 0.440172493458, 0.427961796522, 0.719017505646, 0.848131120205, 0.423153787851, 0.153239116073, 0.110424846411, 0.0982497483492, 0.178824096918, 0.235165849328, 0.147231385112, 0.0779637098312, 0.0815010741353, 0.119678199291, 0.26628652215, 0.31435585022, 0.191510125995, 0.200492724776, 0.278725594282, 0.203157827258, 0.113057456911, 0.110078014433, 0.161414116621, 0.446387887001, 0.590856194496, 0.330640673637, 0.181286901236, 0.193793609738, 0.21894364059, 0.627157330513], "hpcp": {"dmean2": [0.136676639318, 0.128712624311, 0.11352096498, 0.103212445974, 0.117377713323, 0.0893966406584, 0.0773792117834, 0.110625699162, 0.179128170013, 0.158646017313, 0.158977851272, 0.121036358178, 0.11308760196, 0.159484520555, 0.219797670841, 0.197056740522, 0.239311531186, 0.158478811383, 0.108557119966, 0.115028351545, 0.159089595079, 0.194793626666, 0.242170646787, 0.262892007828, 0.236008435488, 0.211540669203, 0.111206680536, 0.0767389163375, 0.0701449587941, 0.0873249769211, 0.102465227246, 0.0792394354939, 0.0578888468444, 0.0654271915555, 0.0901756882668, 0.121293820441], "median": [0.029930094257, 0.0193905327469, 0.00839833915234, 0.00667303381488, 0.00693174358457, 0.00961332768202, 0.0101213874295, 0.0155906099826, 0.0422419756651, 0.0546701475978, 0.0349707379937, 0.00868945475668, 0.00697611737996, 0.0160695817322, 0.0752399936318, 0.117538116872, 0.0758829563856, 0.014710878022, 0.00571986939758, 0.006589199882, 0.0246242787689, 0.0382397025824, 0.0584557130933, 0.107502870262, 0.112994849682, 0.0506876818836, 0.010368488729, 0.00581927411258, 0.00549428025261, 0.012917349115, 0.0186272393912, 0.014410186559, 0.00680815754458, 0.00575753627345, 0.00888440478593, 0.023823229596], "min": [0, 0, 0, 0, 0, 0, 0, 0, 0, 0, 0, 0, 0, 0, 0, 0, 0, 0, 0, 0, 0, 0, 0, 0, 0, 0, 0, 0, 0, 0, 0, 0, 0, 0, 0, 0], "dvar2": [0.0689175575972, 0.0666851550341, 0.0628158003092, 0.0612434074283, 0.0783599987626, 0.0523330904543, 0.0409706458449, 0.0525657571852, 0.0956894233823, 0.0746494084597, 0.0824949070811, 0.0658753886819, 0.0621419809759, 0.0834239646792, 0.101377755404, 0.105136178434, 0.117154091597, 0.0885757133365, 0.0704040974379, 0.0643476322293, 0.0841215625405, 0.0953727290034, 0.107113219798, 0.111527949572, 0.108200676739, 0.0927534177899, 0.0567653775215, 0.0425924248993, 0.0374749489129, 0.0400266721845, 0.0478652864695, 0.0334290154278, 0.027890169993, 0.0338814333081, 0.0484594330192, 0.0597179234028], "dvar": [0.0259811300784, 0.0228172447532, 0.0216822009534, 0.0228347871453, 0.0264209732413, 0.0178318750113, 0.0147185111418, 0.0191864259541, 0.0344027020037, 0.0298727564514, 0.0282178223133, 0.0233247131109, 0.0243270285428, 0.0303333848715, 0.0385907702148, 0.0412496589124, 0.0435820706189, 0.0316509231925, 0.0247553717345, 0.0238391887397, 0.032112006098, 0.0387980341911, 0.0407638661563, 0.0425874441862, 0.0434066727757, 0.0343108028173, 0.0204953067005, 0.0150584168732, 0.0134011590853, 0.0149137945846, 0.0183761268854, 0.0120933828875, 0.00996412243694, 0.0119994394481, 0.0174704119563, 0.0229420494288], "dmean": [0.0816804990172, 0.0723518505692, 0.0637878850102, 0.0590547993779, 0.0654095560312, 0.0489370152354, 0.0431642122567, 0.0622797012329, 0.104806564748, 0.0951322689652, 0.0905583351851, 0.0681946352124, 0.066635645926, 0.0900377258658, 0.129797115922, 0.11440718919, 0.140074163675, 0.0877726301551, 0.0586915425956, 0.063738040626, 0.0928007289767, 0.115519158542, 0.139775291085, 0.15545733273, 0.137172907591, 0.122613064945, 0.0622431375086, 0.0425953827798, 0.0392780788243, 0.0512110032141, 0.0615119934082, 0.0462743751705, 0.0324917770922, 0.0362610220909, 0.0507525242865, 0.0726464539766], "max": [1, 1, 1, 1, 1, 1, 1, 1, 1, 1, 1, 1, 1, 1, 1, 1, 1, 1, 1, 1, 1, 1, 1, 1, 1, 1, 1, 1, 1, 1, 1, 1, 1, 1, 1, 1], "var": [0.0437425225973, 0.019035121426, 0.0309581775218, 0.0634149238467, 0.0369283519685, 0.013048353605, 0.0122577892616, 0.0180682372302, 0.0667485743761, 0.10520593822, 0.0401698276401, 0.0252646561712, 0.0333874598145, 0.0298448447138, 0.0836232379079, 0.178018972278, 0.0842410773039, 0.0268497057259, 0.0179875586182, 0.02072641626, 0.0454851351678, 0.0748397409916, 0.0561088323593, 0.107987135649, 0.14728115499, 0.0522028654814, 0.019467305392, 0.0139475222677, 0.0125065864995, 0.0225546453148, 0.0321971774101, 0.0136908488348, 0.00741853099316, 0.00868246145546, 0.0146590974182, 0.0364796593785], "mean": [0.119994662702, 0.0731024816632, 0.0765312835574, 0.106394022703, 0.0775485932827, 0.0431558415294, 0.0420185402036, 0.0616143532097, 0.170393407345, 0.225539267063, 0.126210838556, 0.0692001134157, 0.0739741250873, 0.0835742950439, 0.239396005869, 0.381716012955, 0.240527912974, 0.0743493884802, 0.0447146259248, 0.0524721220136, 0.114870689809, 0.168020889163, 0.163359865546, 0.274460494518, 0.3237452209, 0.161524578929, 0.0584938265383, 0.0421509332955, 0.037503503263, 0.0682600215077, 0.0897665694356, 0.0562005788088, 0.029759997502, 0.0311102643609, 0.0456830859184, 0.101645834744]}, "tuning_equal_tempered_deviation": 0.0200245566666, "chords_changes_rate": 0.0562180578709, "key_key": "F", "tuning_diatonic_strength": 0.594873666763, "key_scale": "major", "chords_number_rate": 0.00185844814405, "tuning_frequency": 442.03793335, "tuning_nontempered_energy_ratio": 0.675823688507, "chords_histogram": [12.1108875275, 7.3408703804, 9.54003429413, 1.90490937233, 2.78767228127, 0.41815084219, 3.99566364288, 0.0154870683327, 2.81864643097, 0.991172373295, 0.603995680809, 0, 0, 0, 0.0154870683327, 1.96685767174, 0.41815084219, 3.15936183929, 0, 0.10840947926, 0, 4.80099105835, 16.540189743, 30.4630641937], "key_strength": 0.645017266273, "chords_key": "D", "chords_strength": {"dmean2": 0.00791511777788, "median": 0.525673389435, "min": -1, "dvar2": 0.000612206989899, "dvar": 0.000341756036505, "dmean": 0.00833904836327, "max": 0.780499577522, "var": 0.0166932363063, "mean": 0.514836370945}, "chords_scale": "minor", "hpcp_entropy": {"dmean2": 1.05279314518, "median": 1.74040532112, "min": 0, "dvar2": 0.715483367443, "dvar": 0.276346027851, "dmean": 0.622250080109, "max": 4.4708442688, "var": 0.688639581203, "mean": 1.73225975037}}, "metadata": {"audio_properties": {"equal_loudness": 0, "codec": "mp3", "downmix": "mix", "sample_rate": 44100, "analysis_sample_rate": 44100, "bit_rate": 192017, "md5_encoded": "ceab0406d82d3e103c48eab46eddced9", "length": 299.781219482, "replay_gain": -11.0268611908, "lossless": false}, "version": {"essentia_build_sha": "70f2e5ece6736b2c40cc944ad0e695b16b925413", "essentia": "2.1-beta2", "extractor": "music 1.0", "essentia_git_sha": "v2.1_beta2"}, "tags": {"title": ["Silhouette Paintings"], "media": ["CD"], "albumartist": ["Kingdom Come"], "musicbrainz_recordingid": ["1e3fa3f7-154b-4a6d-9261-496d0c9143b1"], "musicbrainz_albumartistid": ["a9859125-d2c2-498e-a20b-b98dff2957a4"], "originalyear": ["2004"], "discnumber": ["1/1"], "bpm": ["108"], "catalognumber": ["UTCD 0132"], "contentgroup": ["Classic Rock"], "musicbrainz album type": ["album"], "musicbrainz album status": ["official"], "file_name": "Kingdom Come - Silhouette Paintings.mp3", "asin": ["B0002JD5EC"], "date": ["2004"], "genre": ["Classic Rock; Hard Rock; Heavy Metal"], "musicbrainz album release country": ["GB"], "album": ["Perpetual"], "musicbrainz_artistid": ["a9859125-d2c2-498e-a20b-b98dff2957a4"], "originaldate": ["2004"], "musicbrainz_albumid": ["6f0835d1-da1d-39d6-af92-1ed8a7994316"], "artist": ["Kingdom Come"], "musicbrainz_releasegroupid": ["d698d0c2-27b9-389b-ae9e-dbb4d5e7248d"], "tracknumber": ["5/12"], "label": ["Ulftone Music"], "albumartistsort": ["Kingdom Come"], "acoustid_id": ["70648afa-52b1-4fef-aee5-194a7956d5c3"], "script": ["Latn"]}}, "rhythm": {"bpm_histogram_first_peak_bpm": {"dmean2": 0, "median": 105, "min": 105, "dvar2": 0, "dvar": 0, "dmean": 0, "max": 105, "var": 0, "mean": 105}, "bpm": 105.802856445, "bpm_histogram_second_peak_spread": {"dmean2": 0, "median": 0.592592597008, "min": 0.592592597008, "dvar2": 0, "dvar": 0, "dmean": 0, "max": 0.592592597008, "var": 0, "mean": 0.592592597008}, "bpm_histogram_first_peak_weight": {"dmean2": 0, "median": 0.521072804928, "min": 0.521072804928, "dvar2": 0, "dvar": 0, "dmean": 0, "max": 0.521072804928, "var": 0, "mean": 0.521072804928}, "onset_rate": 1.85794961452, "beats_position": [0.603718817234, 1.21904754639, 1.79954648018, 2.36843538284, 2.93732428551, 3.50621318817, 4.06349182129, 4.63238096237, 5.20126962662, 5.7701587677, 6.32743740082, 6.8963265419, 7.46521520615, 8.03410434723, 8.60299301147, 9.17188167572, 9.74077033997, 10.3096599579, 10.866938591, 11.4358272552, 12.0047159195, 12.5619955063, 13.1192741394, 13.6881628036, 14.2570514679, 14.8259410858, 15.3948297501, 15.9637184143, 16.5326080322, 17.1014957428, 17.6587753296, 18.2160549164, 18.784942627, 19.3538322449, 19.9227199554, 20.4799995422, 21.0488891602, 21.6177768707, 22.1866664886, 22.7555541992, 23.3244438171, 23.8933334351, 24.4506111145, 25.0078907013, 25.5651702881, 26.1340579987, 26.7029476166, 27.2834453583, 27.8639450073, 28.4212245941, 28.9785022736, 29.5473918915, 30.1162815094, 30.68516922, 31.2424488068, 31.8113365173, 32.3802261353, 32.9491157532, 33.5063934326, 34.0636711121, 34.63256073, 35.2014503479, 35.7703399658, 36.3392295837, 36.908115387, 37.4770050049, 38.034286499, 38.6031723022, 39.1720619202, 39.7409515381, 40.2982292175, 40.8671188354, 41.4360084534, 42.0048980713, 42.5737876892, 43.1426734924, 43.7231750488, 44.3036727905, 44.8841705322, 45.4646720886, 46.0451698303, 46.6488876343, 47.229385376, 47.7982749939, 48.355556488, 48.9128341675, 49.4817237854, 50.0506095886, 50.6775512695, 51.3160972595, 51.9546470642, 52.5931968689, 53.2317466736, 53.9863929749, 54.7410430908, 55.5073013306, 56.2619476318, 57.0049858093, 57.736415863, 58.4562339783, 59.1760520935, 59.9423103333, 60.708568573, 61.3819503784, 62.0669364929, 62.7403144836, 63.4136962891, 64.0638504028, 64.714012146, 65.3641738892, 66.049156189, 66.7573699951, 67.4539642334, 68.1505661011, 68.8471679688, 69.5553741455, 70.3100204468, 71.064666748, 71.7148284912, 72.3533782959, 73.0035324097, 73.6536941528, 74.2922439575, 74.8959655762, 75.4764633179, 76.068572998, 76.6490707397, 77.2295684814, 77.7171859741, 78.2048034668, 78.6924285889, 79.1568222046, 79.6212234497, 80.0856246948, 80.5500183105, 81.0144195557, 81.4788208008, 81.9432220459, 82.4076156616, 82.8720169067, 83.4525146484, 84.0214080811, 84.5902938843, 85.1591796875, 85.7280731201, 86.2969589233, 86.865852356, 87.4347381592, 88.0036239624, 88.572517395, 89.1414031982, 89.7102966309, 90.2791824341, 90.6971435547, 91.1034927368, 91.521446228, 91.9394073486, 92.5083007812, 93.0771865845, 93.6460723877, 94.2149658203, 94.7838516235, 95.3527450562, 95.9216308594, 96.4789123535, 97.0477981567, 97.61668396, 98.1739654541, 98.7428588867, 99.3117446899, 99.8806304932, 100.449523926, 101.018409729, 101.587303162, 102.156188965, 102.725074768, 103.282356262, 103.839637756, 104.396911621, 104.965805054, 105.534690857, 106.10358429, 106.672470093, 107.241355896, 107.810249329, 108.367523193, 108.924804688, 109.493690491, 110.062583923, 110.631469727, 111.200363159, 111.757637024, 112.326530457, 112.89541626, 113.452697754, 114.009971619, 114.59047699, 115.159362793, 115.728248596, 116.297142029, 116.866027832, 117.434921265, 117.992195129, 118.561088562, 119.129974365, 119.698867798, 120.256141663, 120.825035095, 121.393920898, 121.962806702, 122.531700134, 123.088973999, 123.657867432, 124.226753235, 124.795646667, 125.364532471, 125.933418274, 126.502311707, 127.07119751, 127.640090942, 128.220581055, 128.801086426, 129.544128418, 130.28717041, 131.030197144, 131.784851074, 132.493057251, 133.201263428, 133.886260986, 134.571243286, 135.244628906, 135.929611206, 136.614593506, 137.183486938, 137.752380371, 138.344482422, 138.924987793, 139.493881226, 140.062759399, 140.620040894, 141.188934326, 141.757827759, 142.326705933, 142.895599365, 143.452880859, 144.021759033, 144.590652466, 145.14793396, 145.716827393, 146.285705566, 146.854598999, 147.411880493, 147.980773926, 148.5496521, 149.118545532, 149.675827026, 150.244720459, 150.813598633, 151.382492065, 151.951385498, 152.508651733, 153.077545166, 153.646438599, 154.215332031, 154.784210205, 155.341491699, 155.910385132, 156.467666626, 157.0365448, 157.605438232, 158.174331665, 158.731613159, 159.300491333, 159.869384766, 160.438278198, 161.007156372, 161.564437866, 162.133331299, 162.702224731, 163.259490967, 163.828384399, 164.397277832, 164.966171265, 165.535049438, 166.092330933, 166.661224365, 167.230117798, 167.787384033, 168.356277466, 168.925170898, 169.482452393, 170.051330566, 170.620223999, 171.189117432, 171.757995605, 172.3152771, 172.884170532, 173.453063965, 174.0103302, 174.567611694, 175.124893188, 175.70539856, 176.274276733, 176.843170166, 177.412063599, 177.980941772, 178.549835205, 179.118728638, 179.676010132, 180.244888306, 180.813781738, 181.382675171, 181.951568604, 182.520446777, 183.08934021, 183.646621704, 184.203903198, 184.772781372, 185.341674805, 185.910568237, 186.479446411, 187.048339844, 187.617233276, 188.174514771, 188.743392944, 189.312286377, 189.88117981, 190.450057983, 191.018951416, 191.587844849, 192.145126343, 192.702392578, 193.259674072, 193.828567505, 194.397460938, 194.954742432, 195.523620605, 196.092514038, 196.661407471, 197.230285645, 197.799179077, 198.36807251, 198.936950684, 199.505844116, 200.074737549, 200.632019043, 201.200897217, 201.758178711, 202.315460205, 202.872741699, 203.441635132, 204.010513306, 204.579406738, 205.148300171, 205.717178345, 206.274459839, 206.843353271, 207.423858643, 207.992736816, 208.561630249, 209.130523682, 209.699401855, 210.25668335, 210.813964844, 211.382858276, 211.95173645, 212.520629883, 213.089523315, 213.658401489, 214.227294922, 214.784576416, 215.34185791, 215.910751343, 216.479629517, 217.048522949, 217.617416382, 218.174682617, 218.731964111, 219.289245605, 219.8465271, 220.415420532, 220.984298706, 221.553192139, 222.122085571, 222.690963745, 223.259857178, 223.817138672, 224.374420166, 224.93170166, 225.500579834, 226.069473267, 226.638366699, 227.207244873, 227.776138306, 228.345031738, 228.902313232, 229.459594727, 230.016860962, 230.585754395, 231.154647827, 231.723526001, 232.292419434, 232.861312866, 233.430206299, 233.987472534, 234.544754028, 235.102035522, 235.670928955, 236.239807129, 236.8203125, 237.400817871, 237.969696045, 238.538589478, 239.10748291, 239.676361084, 240.245254517, 240.814147949, 241.394638062, 241.975143433, 242.625305176, 243.275466919, 243.914016724, 244.55255127, 245.191101074, 245.829650879, 246.456588745, 247.025482178, 247.59437561, 248.151657104, 248.70892334, 249.277816772, 249.846710205, 250.403991699, 250.972869873, 251.541763306, 252.0990448, 252.679534912, 253.248428345, 253.817321777, 254.39781189, 254.978317261, 255.547210693, 256.116088867, 256.696594238, 257.265472412, 257.834381104, 258.403259277, 258.960540771, 259.517822266, 260.07510376, 260.632385254, 261.189666748, 261.793365479, 262.397094727, 262.989196777, 263.546478271, 264.103759766, 264.684265137, 265.264770508, 265.845245361, 266.379302979, 266.913360596, 267.447418213, 267.981506348, 268.515563965, 269.014770508, 269.514007568, 270.013244629, 270.500854492, 270.988464355, 271.476104736, 271.95211792, 272.428100586, 272.915740967, 273.40335083, 273.902587891, 274.390197754, 274.889434814, 275.388671875, 275.876281738, 276.375518799, 276.851501465, 277.339141846, 277.815155029, 278.291137695, 278.767150879, 279.243164062, 279.719177246, 280.19519043, 280.659576416, 281.170440674, 281.692871094, 282.215332031, 282.737762451, 283.248626709, 283.84072876, 284.409606934, 284.978485107, 285.547393799, 286.116271973, 286.685150146, 287.254058838, 287.822937012, 288.391845703, 288.960723877, 289.518005371, 290.086883545, 290.655792236, 291.247894287, 291.758728027, 292.281188965, 292.815246582, 293.349304199, 293.871734619, 294.417419434, 294.96307373, 295.508758545, 296.066040039, 296.623291016, 297.18057251, 297.749481201, 298.329986572, 298.910461426], "beats_loudness": {"dmean2": 0.0168270599097, "median": 0.0232463236898, "min": 0, "dvar2": 0.000491082260851, "dvar": 0.000156315189088, "dmean": 0.00977704115212, "max": 0.124272935092, "var": 0.000442502903752, "mean": 0.0252401325852}, "danceability": 0.976829707623, "bpm_histogram_second_peak_weight": {"dmean2": 0, "median": 0.0210727974772, "min": 0.0210727974772, "dvar2": 0, "dvar": 0, "dmean": 0, "max": 0.0210727974772, "var": 0, "mean": 0.0210727974772}, "beats_count": 523, "bpm_histogram_second_peak_bpm": {"dmean2": 0, "median": 123, "min": 123, "dvar2": 0, "dvar": 0, "dmean": 0, "max": 123, "var": 0, "mean": 123}, "bpm_histogram_first_peak_spread": {"dmean2": 0, "median": 0.328395068645, "min": 0.328395068645, "dvar2": 0, "dvar": 0, "dmean": 0, "max": 0.328395068645, "var": 0, "mean": 0.328395068645}, "beats_loudness_band_ratio": {"dmean2": [0.345170795918, 0.266712397337, 0.191447064281, 0.0876843929291, 0.0591684468091, 0.0906998440623], "median": [0.521228253841, 0.164956063032, 0.0934811010957, 0.0325458534062, 0.0261207018048, 0.0284653194249], "min": [0, 0, 0, 0, 0, 0], "dvar2": [0.0635115355253, 0.0602609813213, 0.0601682625711, 0.0154390428215, 0.00577494688332, 0.0271200351417], "dvar": [0.0249577052891, 0.0206085927784, 0.0192503146827, 0.00531425094232, 0.00209054537117, 0.00883692409843], "dmean": [0.205499663949, 0.152956694365, 0.109270349145, 0.0476107113063, 0.0332769826055, 0.0503912568092], "max": [0.996415376663, 0.902891278267, 0.850509047508, 0.475898683071, 0.490061759949, 0.741401791573], "var": [0.0573084950447, 0.0266488511115, 0.0211929157376, 0.00433243485168, 0.00360220042057, 0.00665107183158], "mean": [0.518480300903, 0.209674179554, 0.136572495103, 0.0546792447567, 0.0469921790063, 0.0559057593346]}}, "lowlevel": {"barkbands_spread": {"dmean2": 7.04881763458, "median": 15.8683624268, "min": 0.25070437789, "dvar2": 99.7312316895, "dvar": 46.9882087708, "dmean": 4.50420475006, "max": 117.198631287, "var": 278.534820557, "mean": 20.2922706604}, "melbands_spread": {"dmean2": 7.85801362991, "median": 13.9694032669, "min": 0.171107083559, "dvar2": 136.705322266, "dvar": 59.2166748047, "dmean": 4.97580623627, "max": 210.592315674, "var": 330.288421631, "mean": 18.3380069733}, "hfc": {"dmean2": 4.95615053177, "median": 9.36202907562, "min": 1.07062377112e-16, "dvar2": 85.785446167, "dvar": 38.1924209595, "dmean": 3.1832151413, "max": 194.076889038, "var": 351.441680908, "mean": 17.0326957703}, "barkbands_kurtosis": {"dmean2": 5.2897233963, "median": 2.37827897072, "min": -1.92466652393, "dvar2": 222.550094604, "dvar": 102.561439514, "dmean": 3.29011750221, "max": 959.219360352, "var": 1023.17242432, "mean": 7.15896177292}, "gfcc": {"mean": [-73.8773269653, 123.58820343, -95.4908294678, 36.506603241, -57.6316719055, 14.2872858047, -27.6371879578, -0.627951860428, -17.0424461365, -0.694241404533, -16.5852737427, -4.80782032013, -4.07479763031], "icov": [[0.000179113296326, -0.000318092963425, 0.000344516331097, -0.000419509597123, 0.000430190615589, -0.000299380364595, 0.000392686342821, -0.000611172814388, 0.000521995010786, -0.000503659481183, 0.000478337082313, -0.000356499833288, 0.000136537681101], [-0.000318092963425, 0.00182750658132, -0.000622423831373, 0.00169828359503, -0.0010927618714, 0.00101840798743, -0.00123640988022, 0.00215210486203, -0.00191611947957, 0.00211349572055, -0.001899325056, 0.00188512960449, -0.00131133873947], [0.000344516331097, -0.000622423831373, 0.00146107783075, -0.000457068614196, 0.000389351713238, -0.000779932946898, 0.000953478214797, -0.00147338199895, 0.00173781218473, -0.00101995072328, 0.000406651990488, -0.000736697518732, 0.000180912713404], [-0.000419509597123, 0.00169828359503, -0.000457068614196, 0.00332819158211, -0.000711592962034, 0.000665194063913, -0.000754806853365, 0.000592605560087, -0.00199957191944, 0.00397844333202, -0.00287571898662, 0.00275271758437, -0.00112358527258], [0.000430190615589, -0.0010927618714, 0.000389351713238, -0.000711592962034, 0.00567684182897, 0.000799560861196, -0.000230105419178, -0.0018846943276, 2.68002477242e-05, -0.000314660777804, 0.00152013881598, -0.000616706092842, 0.000177987560164], [-0.000299380364595, 0.00101840798743, -0.000779932946898, 0.000665194063913, 0.000799560861196, 0.00794403906912, -0.00183696311433, 0.000392985297367, -0.000598717364483, -0.00111738126725, -0.00117569824215, 0.00174527196214, 0.00175564421806], [0.000392686342821, -0.00123640988022, 0.000953478214797, -0.000754806853365, -0.000230105419178, -0.00183696311433, 0.00828692410141, -0.00117136968765, -0.00049921363825, -0.000834470847622, -0.00264042592607, 0.0010492214933, 0.00158924504649], [-0.000611172814388, 0.00215210486203, -0.00147338199895, 0.000592605560087, -0.0018846943276, 0.000392985297367, -0.00117136968765, 0.0114457933232, -0.00286513357423, 0.0004693341034, 0.000123965917737, -0.00033463028376, 0.000156829046318], [0.000521995010786, -0.00191611947957, 0.00173781218473, -0.00199957191944, 2.68002477242e-05, -0.000598717364483, -0.00049921363825, -0.00286513357423, 0.0124477846548, -0.00305818673223, 0.000989120570011, -0.0016483834479, -0.00274967961013], [-0.000503659481183, 0.00211349572055, -0.00101995072328, 0.00397844333202, -0.000314660777804, -0.00111738126725, -0.000834470847622, 0.0004693341034, -0.00305818673223, 0.0137023441494, -0.00461163697764, 0.000880393432453, -0.000289325776976], [0.000478337082313, -0.001899325056, 0.000406651990488, -0.00287571898662, 0.00152013881598, -0.00117569824215, -0.00264042592607, 0.000123965917737, 0.000989120570011, -0.00461163697764, 0.0161410979927, -0.0049534807913, -0.000771743187215], [-0.000356499833288, 0.00188512960449, -0.000736697518732, 0.00275271758437, -0.000616706092842, 0.00174527196214, 0.0010492214933, -0.00033463028376, -0.0016483834479, 0.000880393432453, -0.0049534807913, 0.0175285935402, -0.00628399010748], [0.000136537681101, -0.00131133873947, 0.000180912713404, -0.00112358527258, 0.000177987560164, 0.00175564421806, 0.00158924504649, 0.000156829046318, -0.00274967961013, -0.000289325776976, -0.000771743187215, -0.00628399010748, 0.0194062683731]], "cov": [[31920.984375, -6070.28466797, -4133.24560547, 3819.3203125, -2353.05810547, 1063.96643066, -1407.23339844, 1360.07995605, -782.47442627, 155.859375, -754.502685547, -20.538772583, -490.734619141], [-6070.28466797, 4175.73095703, 400.702667236, -1402.61291504, 825.60144043, -508.110107422, 618.451293945, -657.671264648, 450.500976562, -174.038375854, 320.503936768, -60.6830406189, 287.327392578], [-4133.24560547, 400.702667236, 1712.30737305, -580.087280273, 184.998657227, -2.37797737122, 17.8794345856, -35.943561554, -79.3957366943, 85.9931640625, 53.6412696838, 48.5087242126, 11.8264570236], [3819.3203125, -1402.61291504, -580.087280273, 1303.46264648, -291.690643311, 130.91708374, -168.993148804, 241.43951416, -76.9857711792, -119.539916992, -74.3480682373, -57.2741737366, -72.248046875], [-2353.05810547, 825.60144043, 184.998657227, -291.690643311, 429.213745117, -155.570098877, 157.020324707, -119.726348877, 118.843841553, -54.8940582275, 62.8896255493, -8.12193012238, 67.8686294556], [1063.96643066, -508.110107422, -2.37797737122, 130.91708374, -155.570098877, 236.253829956, -46.7595405579, 87.7783355713, -68.9985046387, 63.5738754272, -27.9665985107, -9.44105911255, -64.0428085327], [-1407.23339844, 618.451293945, 17.8794345856, -168.993148804, 157.020324707, -46.7595405579, 272.550933838, -101.290878296, 100.330474854, -21.1107406616, 91.7520980835, -28.2137145996, 31.4429531097], [1360.07995605, -657.671264648, -35.943561554, 241.43951416, -119.726348877, 87.7783355713, -101.290878296, 219.189361572, -58.0583839417, 34.957901001, -57.8145217896, 16.7148246765, -44.6071472168], [-782.47442627, 450.500976562, -79.3957366943, -76.9857711792, 118.843841553, -68.9985046387, 100.330474854, -58.0583839417, 171.660110474, -19.7378292084, 51.6391296387, 0.0319739319384, 55.7269706726], [155.859375, -174.038375854, 85.9931640625, -119.539916992, -54.8940582275, 63.5738754272, -21.1107406616, 34.957901001, -19.7378292084, 143.994750977, 6.6538977623, 24.7273635864, -16.7594871521], [-754.502685547, 320.503936768, 53.6412696838, -74.3480682373, 62.8896255493, -27.9665985107, 91.7520980835, -57.8145217896, 51.6391296387, 6.6538977623, 119.134803772, 12.6506853104, 33.3179550171], [-20.538772583, -60.6830406189, 48.5087242126, -57.2741737366, -8.12193012238, -9.44105911255, -28.2137145996, 16.7148246765, 0.0319739319384, 24.7273635864, 12.6506853104, 88.0711975098, 24.7745552063], [-490.734619141, 287.327392578, 11.8264570236, -72.248046875, 67.8686294556, -64.0428085327, 31.4429531097, -44.6071472168, 55.7269706726, -16.7594871521, 33.3179550171, 24.7745552063, 90.0549697876]]}, "spectral_energyband_middle_low": {"dmean2": 0.00485434010625, "median": 0.00737441610545, "min": 1.44823515223e-22, "dvar2": 4.51267005701e-05, "dvar": 1.68271290022e-05, "dmean": 0.00299738906324, "max": 0.0946885794401, "var": 7.4494171713e-05, "mean": 0.00956723280251}, "melbands_crest": {"dmean2": 4.48085355759, "median": 14.2277517319, "min": 1.61072897911, "dvar2": 17.0299015045, "dvar": 6.30915927887, "dmean": 2.73692846298, "max": 33.1232795715, "var": 22.0109176636, "mean": 14.7399740219}, "spectral_kurtosis": {"dmean2": 9.58804130554, "median": 2.84456133842, "min": -1.36427950859, "dvar2": 456.228729248, "dvar": 165.116668701, "dmean": 5.71680259705, "max": 281.466186523, "var": 1756.49609375, "mean": 20.9458942413}, "spectral_rms": {"dmean2": 0.000912179704756, "median": 0.00419361516833, "min": 3.14444455717e-12, "dvar2": 1.66952190739e-06, "dvar": 6.03345995387e-07, "dmean": 0.000557023333386, "max": 0.0118086477742, "var": 4.78249830849e-06, "mean": 0.00425783125684}, "zerocrossingrate": {"dmean2": 0.00925260782242, "median": 0.04443359375, "min": 0.0029296875, "dvar2": 0.000194883148652, "dvar": 0.00017801328795, "dmean": 0.00765203405172, "max": 0.52880859375, "var": 0.00307066692039, "mean": 0.0535603538156}, "silence_rate_60dB": {"dmean2": 0.0455460883677, "median": 0, "min": 0, "dvar2": 0.051993008703, "dvar": 0.0222529992461, "dmean": 0.0227712802589, "max": 1, "var": 0.107111036777, "mean": 0.121979556978}, "erbbands_kurtosis": {"dmean2": 1.86936438084, "median": -0.0232833623886, "min": -1.85479557514, "dvar2": 20.1177387238, "dvar": 10.1446390152, "dmean": 1.20686268806, "max": 270.369171143, "var": 62.2488365173, "mean": 1.44983792305}, "erbbands": {"dmean2": [0.06920286268, 1.43301141262, 4.71512413025, 7.62500429153, 4.89354562759, 5.53416824341, 13.9063568115, 16.1882076263, 6.25656890869, 3.31157422066, 10.9035301208, 25.3271179199, 17.6157855988, 8.15637969971, 9.16622447968, 8.11765575409, 10.6686906815, 12.7397556305, 17.9961891174, 11.571144104, 15.1050987244, 11.2989616394, 10.5337600708, 9.06465816498, 10.3129243851, 11.1375951767, 8.76862621307, 7.39512014389, 4.27135419846, 3.66077685356, 2.75286316872, 1.54904186726, 1.12543094158, 0.557627618313, 0.288685083389, 0.102926395833, 0.0257742833346, 0.00519933877513, 0.000486082892166, 2.24195446208e-05], "median": [0.0452416799963, 0.633829116821, 2.08213806152, 3.90320968628, 2.78630304337, 3.00283241272, 7.68083143234, 9.64846992493, 2.95546150208, 2.08557581902, 5.92269420624, 12.2775115967, 6.65563297272, 4.02641487122, 4.01833724976, 2.83937168121, 3.33165979385, 4.0007147789, 5.01093482971, 3.19517612457, 1.77815556526, 1.71810388565, 1.63036131859, 1.41161298752, 2.55347681046, 3.43530845642, 2.36897802353, 1.89414453506, 1.82431769371, 1.51992988586, 0.865325629711, 0.367776125669, 0.400343179703, 0.191497534513, 0.0861945077777, 0.0206146650016, 0.00434529967606, 0.000553833204322, 3.93335794797e-05, 2.64409500232e-05], "min": [6.10507784922e-23, 6.32266083301e-23, 2.08905574416e-21, 5.79956320352e-21, 8.39227076458e-21, 3.84164228402e-20, 5.55096869148e-20, 7.54874428764e-20, 1.39033202367e-19, 1.81270996073e-19, 2.36056253717e-19, 3.0305421272e-19, 3.63985991002e-19, 6.16353987904e-19, 9.67368701227e-19, 1.09274860257e-18, 1.4851405445e-18, 1.96781780272e-18, 1.56505187854e-18, 2.35106009309e-18, 1.84426803847e-18, 4.80365288405e-18, 5.41917162634e-18, 5.65616962518e-18, 6.9627100881e-18, 7.87213892332e-18, 8.34621267599e-18, 1.02125480321e-17, 1.18840633287e-17, 1.04818383348e-17, 9.95333609786e-18, 9.59682787129e-18, 8.76642208153e-18, 7.62912732143e-18, 6.23696456612e-18, 4.01655992553e-18, 2.26613035767e-18, 9.15069793408e-19, 2.58068718889e-19, 2.7673976859e-20], "dvar2": [0.034632679075, 16.8764724731, 104.820732117, 229.749053955, 77.0906677246, 130.919631958, 798.168395996, 635.325134277, 271.72744751, 43.3882408142, 737.5078125, 3107.50732422, 1761.81115723, 368.630828857, 507.943328857, 662.044006348, 1072.1229248, 1683.27478027, 3173.69604492, 775.146240234, 1497.98486328, 699.662414551, 905.27545166, 464.211883545, 597.328613281, 570.671264648, 424.319274902, 325.428588867, 65.5797958374, 60.9593925476, 50.2173614502, 20.3911705017, 18.1063594818, 6.58635759354, 2.13514065742, 0.339970976114, 0.0223995242268, 0.00136075692717, 1.61906846188e-05, 1.22787531254e-08], "dvar": [0.0139432596043, 5.96162605286, 35.8115539551, 87.0891571045, 26.2759895325, 47.5090866089, 288.479949951, 251.597839355, 115.745498657, 17.5635910034, 318.162780762, 1499.34875488, 714.601745605, 153.905776978, 208.953582764, 275.87097168, 471.497650146, 795.504089355, 1509.49707031, 298.339508057, 565.876525879, 265.182739258, 322.158660889, 177.171264648, 234.908813477, 208.843658447, 149.128707886, 116.396202087, 25.2050285339, 25.2509880066, 21.122297287, 9.52633094788, 9.49283599854, 3.6488404274, 1.0547709465, 0.160900697112, 0.0140765858814, 0.00081995112123, 1.33388248287e-05, 1.04057535921e-08], "dmean": [0.0420630276203, 0.838899195194, 2.75185322762, 4.6372423172, 2.87567162514, 3.36320328712, 8.59187316895, 9.99438667297, 4.08222007751, 2.12136864662, 7.14741849899, 17.1472358704, 11.0888490677, 5.15718984604, 5.76965904236, 5.08051156998, 6.79044151306, 8.29928970337, 11.7458562851, 7.05148792267, 9.07196235657, 6.85240411758, 6.30128479004, 5.46369600296, 6.11900043488, 6.68772315979, 5.16376256943, 4.36562633514, 2.61314082146, 2.24595808983, 1.750041008, 0.98684233427, 0.74296182394, 0.391161680222, 0.200322195888, 0.0708855837584, 0.0186234097928, 0.00383766647428, 0.000375934818294, 1.59571445693e-05], "max": [1.55406522751, 25.8481998444, 71.2914810181, 263.666046143, 95.9316558838, 108.624763489, 473.824523926, 323.993774414, 313.63381958, 115.387367249, 518.621582031, 906.004089355, 826.164123535, 569.536621094, 410.160430908, 452.497375488, 683.175537109, 1049.51123047, 1862.96142578, 573.028869629, 619.921142578, 483.857391357, 633.571105957, 426.225311279, 474.039825439, 401.164367676, 241.662353516, 257.949859619, 105.284721375, 170.752044678, 204.285629272, 115.014251709, 137.398956299, 120.307044983, 45.0344467163, 23.0252094269, 7.93425989151, 2.33213686943, 0.327020853758, 0.010171810165], "var": [0.0169608090073, 5.64173221588, 47.070476532, 198.844024658, 51.9346046448, 94.1797943115, 679.97644043, 659.373535156, 302.531524658, 42.4104194641, 686.066894531, 5083.91113281, 1897.34606934, 433.947631836, 547.629699707, 605.723876953, 1065.26831055, 1826.15771484, 5076.70800781, 866.5078125, 1686.77685547, 1056.23339844, 1283.02368164, 676.031616211, 711.435302734, 828.590393066, 365.30255127, 291.393096924, 117.776252747, 92.1105651855, 69.8759918213, 26.3726711273, 24.8164138794, 8.73488807678, 2.36675786972, 0.364742815495, 0.0504067055881, 0.00303920172155, 5.77961582167e-05, 4.71434375982e-08], "mean": [0.0799205750227, 1.39619910717, 4.75687599182, 8.96278858185, 5.50213575363, 6.57587623596, 16.4637622833, 18.9651565552, 8.33726596832, 4.512570858, 13.7119054794, 35.6458435059, 21.1504993439, 10.2980499268, 10.528801918, 9.39091110229, 12.5523328781, 15.5310020447, 22.8064727783, 15.7051324844, 19.8788948059, 17.4097995758, 15.9413537979, 13.5933256149, 15.1425018311, 16.6446151733, 12.3338136673, 10.9952602386, 7.76004695892, 6.30981111526, 5.00790977478, 2.71263980865, 1.7551779747, 0.832857251167, 0.384677439928, 0.122367121279, 0.033935315907, 0.00654794089496, 0.000620879989583, 4.47574275313e-05]}, "spectral_strongpeak": {"dmean2": 0.532569527626, "median": 0.350638747215, "min": 0, "dvar2": 0.944721698761, "dvar": 0.367305696011, "dmean": 0.311272680759, "max": 12.4051103592, "var": 0.625901937485, "mean": 0.603412747383}, "spectral_energy": {"dmean2": 0.0108065428212, "median": 0.0180260688066, "min": 1.01347194548e-20, "dvar2": 0.000395800423576, "dvar": 0.000140975069371, "dmean": 0.00645961053669, "max": 0.142930269241, "var": 0.00043848817586, "mean": 0.0234844703227}, "average_loudness": 0.709100663662, "spectral_rolloff": {"dmean2": 649.083007812, "median": 667.529296875, "min": 86.1328125, "dvar2": 1615252.5, "dvar": 782773.8125, "dmean": 385.699401855, "max": 19487.5488281, "var": 4566097, "mean": 1302.61901855}, "spectral_centroid": {"dmean2": 298.989013672, "median": 950.986816406, "min": 124.818305969, "dvar2": 186001.1875, "dvar": 84325.171875, "dmean": 187.396255493, "max": 11697.9707031, "var": 1286132.75, "mean": 1195.45397949}, "pitch_salience": {"dmean2": 0.103405505419, "median": 0.508967101574, "min": 0.0268324594945, "dvar2": 0.0107834786177, "dvar": 0.0040176846087, "dmean": 0.0633707419038, "max": 0.959703981876, "var": 0.0126156304032, "mean": 0.506858825684}, "spectral_energyband_middle_high": {"dmean2": 0.00122553866822, "median": 0.0012111562537, "min": 1.11243110029e-21, "dvar2": 4.99879888594e-06, "dvar": 2.00329532163e-06, "dmean": 0.000780799600761, "max": 0.0428897850215, "var": 1.95547945623e-05, "mean": 0.00315863266587}, "spectral_contrast_coeffs": {"dmean2": [0.0712944865227, 0.0730851590633, 0.057402972132, 0.0446408726275, 0.0311655569822, 0.0250994414091], "median": [-0.650297164917, -0.700748085976, -0.75935125351, -0.785107016563, -0.797065377235, -0.747327566147], "min": [-0.980005860329, -0.993670463562, -0.991018652916, -0.973008334637, -0.96787416935, -0.965504348278], "dvar2": [0.00368868885562, 0.00347355520353, 0.00219410355203, 0.0013075262541, 0.000682245241478, 0.000523813359905], "dvar": [0.00130686734337, 0.00126029574312, 0.000878381018993, 0.000527221476659, 0.000278141436866, 0.000225375872105], "dmean": [0.0425809025764, 0.0445339381695, 0.0359047912061, 0.0274585802108, 0.0191445983946, 0.0157568827271], "max": [-0.35912746191, -0.365134209394, -0.405688643456, -0.530206501484, -0.590343356133, -0.497520118952], "var": [0.00580264208838, 0.00681483605877, 0.00533516146243, 0.00326333683915, 0.00222346838564, 0.00451772101223], "mean": [-0.651334226131, -0.695732712746, -0.750851154327, -0.779148459435, -0.794842660427, -0.755544066429]}, "melbands_skewness": {"dmean2": 1.13293504715, "median": 2.53253674507, "min": -1.50886189938, "dvar2": 2.08965706825, "dvar": 0.806162536144, "dmean": 0.712636888027, "max": 26.3164768219, "var": 4.6092581749, "mean": 2.98659110069}, "spectral_spread": {"dmean2": 616791.75, "median": 4493487, "min": 400997.46875, "dvar2": 1281165492220.0, "dvar": 731526201344, "dmean": 419959.8125, "max": 52767304, "var": 15686695911400.0, "mean": 4574063}, "dissonance": {"dmean2": 0.0410137921572, "median": 0.467841237783, "min": 0.136160597205, "dvar2": 0.00245950208046, "dvar": 0.000888661656063, "dmean": 0.0243495926261, "max": 0.500000119209, "var": 0.00283358292654, "mean": 0.446547418833}, "spectral_skewness": {"dmean2": 0.622388839722, "median": 1.30567514896, "min": -0.190365090966, "dvar2": 1.03594601154, "dvar": 0.385462015867, "dmean": 0.380350291729, "max": 14.110118866, "var": 7.06811141968, "mean": 2.50404047966}, "spectral_flux": {"dmean2": 0.026291243732, "median": 0.0535492897034, "min": 6.458601709e-11, "dvar2": 0.00118534779176, "dvar": 0.000537522428203, "dmean": 0.016146261245, "max": 0.301134824753, "var": 0.00223251874559, "mean": 0.0631848946214}, "spectral_contrast_valleys": {"dmean2": [0.551756262779, 0.493233025074, 0.452872812748, 0.383411228657, 0.308289110661, 0.301923155785], "median": [-7.07045125961, -7.15410232544, -7.63094139099, -8.28119468689, -8.34199523926, -10.3663606644], "min": [-28.086139679, -28.1154670715, -27.8641090393, -27.7748985291, -27.474822998, -27.5102157593], "dvar2": [0.218528136611, 0.172456949949, 0.16565272212, 0.143536001444, 0.133226364851, 0.168207973242], "dvar": [0.0979349017143, 0.0826357454062, 0.0815378502011, 0.0735082179308, 0.076386205852, 0.104623682797], "dmean": [0.328118056059, 0.299043744802, 0.274459451437, 0.236115843058, 0.197053983808, 0.207391172647], "max": [-5.31892728806, -5.17796850204, -5.61075544357, -5.96299314499, -5.54751205444, -7.37519311905], "var": [4.21846723557, 4.39936065674, 4.51932764053, 5.41420650482, 7.71050834656, 7.08419561386], "mean": [-7.40757989883, -7.45555257797, -8.059674263, -8.70569992065, -8.83128261566, -11.2342386246]}, "erbbands_flatness_db": {"dmean2": 0.0210880693048, "median": 0.155599266291, "min": 0.0391123853624, "dvar2": 0.000492477498483, "dvar": 0.00023312716803, "dmean": 0.0139879677445, "max": 0.44788351655, "var": 0.00687718996778, "mean": 0.185707047582}, "spectral_energyband_high": {"dmean2": 0.000462392199552, "median": 0.000267163384706, "min": 7.05308393211e-21, "dvar2": 1.17144168144e-06, "dvar": 5.07963989094e-07, "dmean": 0.000294381432468, "max": 0.0188535060734, "var": 2.35579182117e-06, "mean": 0.00107478885911}, "spectral_entropy": {"dmean2": 0.211521059275, "median": 7.44646024704, "min": 3.74097657204, "dvar2": 0.0614099651575, "dvar": 0.0327062532306, "dmean": 0.139701426029, "max": 9.82511138916, "var": 1.01383769512, "mean": 7.14100313187}, "silence_rate_20dB": {"dmean2": 0, "median": 1, "min": 1, "dvar2": 0, "dvar": 0, "dmean": 0, "max": 1, "var": 0, "mean": 1}, "melbands_flatness_db": {"dmean2": 0.0346530862153, "median": 0.231505066156, "min": 0.00327070453204, "dvar2": 0.00149725121446, "dvar": 0.000648898421787, "dmean": 0.0225034467876, "max": 0.703433215618, "var": 0.0192398671061, "mean": 0.27141803503}, "barkbands": {"dmean2": [0.000113258574856, 0.00515893148258, 0.00451836315915, 0.00258624576963, 0.00171498977579, 0.00178161717486, 0.000287993083475, 0.000391882291296, 0.00100245710928, 0.000433645647718, 0.000209841920878, 0.000202267372515, 0.000255782331806, 0.000276100239716, 0.000327160028974, 0.000278032646747, 0.000260027329205, 0.00018726059352, 0.000202924842597, 0.000226421412663, 0.000204472802579, 0.000115460097732, 9.73332789727e-05, 6.74285111018e-05, 4.40514995717e-05, 1.61959451361e-05, 2.82242513094e-06], "median": [6.58953831589e-06, 0.0024329808075, 0.00174931797665, 0.00115148746409, 0.00100330717396, 0.00125378521625, 0.000102054786112, 0.000165461038705, 0.000456110399682, 0.000132900473545, 8.47528135637e-05, 5.60221378691e-05, 6.52057642583e-05, 6.92286557751e-05, 7.5295480201e-05, 3.1626666896e-05, 3.11406474793e-05, 2.69910487987e-05, 3.97311632696e-05, 6.91875466146e-05, 5.06020805915e-05, 5.43110691069e-05, 3.2825038943e-05, 2.0975849111e-05, 1.57615068019e-05, 2.95614154311e-06, 9.70089502061e-08], "min": [4.6066331282e-25, 5.34448480818e-25, 5.51739966734e-25, 5.70464763611e-25, 1.17403218184e-23, 7.77855191188e-24, 8.97766860833e-24, 5.83356289081e-24, 9.76690422248e-24, 1.43362642646e-23, 1.43697498323e-23, 2.72621966919e-23, 2.8633135971e-23, 4.02948288675e-23, 5.5018693627e-23, 1.40368899733e-23, 7.00435025109e-23, 8.35658469147e-23, 1.35094954374e-22, 1.45334987391e-22, 2.19353440096e-22, 3.24666522404e-22, 3.60397831956e-22, 4.58597130704e-22, 7.85346700282e-22, 1.17420559871e-21, 2.05204910528e-21], "dvar2": [1.63662917885e-07, 0.000218173561734, 8.37979750941e-05, 2.45103765337e-05, 1.1968499166e-05, 7.21459400665e-06, 6.54336190564e-07,