{"tonal": {"thpcp": [1, 0.677045047283, 0.401872575283, 0.510617792606, 0.460638314486, 0.554403483868, 0.751366972923, 0.553340196609, 0.385349571705, 0.436176598072, 0.381332874298, 0.509827852249, 0.739807486534, 0.59155523777, 0.541409254074, 0.676289081573, 0.501940190792, 0.465788424015, 0.623946487904, 0.509377837181, 0.595541000366, 0.865287423134, 0.658469080925, 0.456773072481, 0.485952794552, 0.358722180128, 0.411218464375, 0.573223471642, 0.49476185441, 0.57100468874, 0.524861633778, 0.268019527197, 0.359094321728, 0.486859172583, 0.397734999657, 0.650978982449], "hpcp": {"dmean2": [0.266973495483, 0.240883558989, 0.207753449678, 0.208373591304, 0.194214552641, 0.222763866186, 0.269782245159, 0.264308452606, 0.255689620972, 0.260958462954, 0.224379777908, 0.183342397213, 0.177712410688, 0.198205456138, 0.234852164984, 0.2775195539, 0.249213978648, 0.203078821301, 0.19341544807, 0.165085434914, 0.166503533721, 0.180232673883, 0.170633792877, 0.209662541747, 0.187998712063, 0.122044116259, 0.145111054182, 0.156612306833, 0.162239685655, 0.209915190935, 0.258008033037, 0.227614372969, 0.180641815066, 0.190520256758, 0.201963052154, 0.230068713427], "median": [0.0673006698489, 0.0550566092134, 0.0346284098923, 0.0294083356857, 0.0318517535925, 0.0465632379055, 0.06113037467, 0.0561115145683, 0.0524055622518, 0.0572462715209, 0.0498653277755, 0.0442052185535, 0.0416275523603, 0.045821711421, 0.0701905041933, 0.0953421145678, 0.0764840096235, 0.0462631210685, 0.032114405185, 0.0275474004447, 0.0295593626797, 0.0350321233273, 0.0446886457503, 0.0335698127747, 0.0256354659796, 0.0199708044529, 0.0272858012468, 0.033294737339, 0.0377537272871, 0.06633913517, 0.0996526330709, 0.0736085474491, 0.0392510741949, 0.0329944118857, 0.041040930897, 0.0571876130998], "min": [0, 0, 0, 0, 0, 0, 0, 0, 0, 0, 0, 0, 0, 0, 0, 0, 0, 0, 0, 0, 0, 0, 0, 0, 0, 0, 0, 0, 0, 0, 0, 0, 0, 0, 0, 0], "dvar2": [0.129183843732, 0.122020304203, 0.115579940379, 0.121937491, 0.106026239693, 0.119897894561, 0.145735919476, 0.150023832917, 0.149047151208, 0.144638031721, 0.120721943676, 0.0981345772743, 0.0937933549285, 0.100160896778, 0.113164037466, 0.130278840661, 0.115084350109, 0.100196011364, 0.105048984289, 0.0811580866575, 0.0809957683086, 0.0866832062602, 0.066137239337, 0.0960207805037, 0.0840196982026, 0.0561557970941, 0.0670094266534, 0.0676257237792, 0.0707502737641, 0.083676494658, 0.109621331096, 0.0889607146382, 0.0812925249338, 0.0919771641493, 0.0975629761815, 0.104089036584], "dvar": [0.0527730286121, 0.0452714972198, 0.040674071759, 0.0440461225808, 0.0375188142061, 0.0430373214185, 0.0554198399186, 0.0530408881605, 0.051820486784, 0.0539587773383, 0.0430397577584, 0.0347051844001, 0.0347678847611, 0.0360554233193, 0.0417216457427, 0.0509534291923, 0.042612619698, 0.0368067882955, 0.0393329039216, 0.028815606609, 0.0302114095539, 0.0365735813975, 0.0259435884655, 0.0416031815112, 0.0351349487901, 0.0205699950457, 0.0256559383124, 0.028741504997, 0.0262352414429, 0.0321052223444, 0.0477849841118, 0.0343189053237, 0.0297621935606, 0.0357654169202, 0.0363159030676, 0.0396463349462], "dmean": [0.154232293367, 0.135853528976, 0.113583281636, 0.116090625525, 0.108073972166, 0.125896796584, 0.152657076716, 0.147050127387, 0.141974598169, 0.147293224931, 0.125445023179, 0.102052077651, 0.100226551294, 0.111395053566, 0.135194048285, 0.160573631525, 0.143901631236, 0.115336418152, 0.109448648989, 0.0927995219827, 0.0965764150023, 0.106451742351, 0.101140193641, 0.122397974133, 0.108189992607, 0.0687897279859, 0.0836886167526, 0.0933512225747, 0.0938936918974, 0.124436751008, 0.153594747186, 0.13394254446, 0.102038003504, 0.10835570097, 0.114708922803, 0.131754308939], "max": [1, 1, 1, 1, 1, 1, 1, 1, 1, 1, 1, 1, 1, 1, 1, 1, 1, 1, 1, 1, 1, 1, 1, 1, 1, 1, 1, 1, 1, 1, 1, 1, 1, 1, 1, 1], "var": [0.0826658532023, 0.0471327528358, 0.0326476208866, 0.0454487577081, 0.0324997492135, 0.0438537411392, 0.0844470337033, 0.0545554049313, 0.0485893040895, 0.075121037662, 0.0423048473895, 0.0373802371323, 0.0815910622478, 0.0428424179554, 0.0459236651659, 0.0887289121747, 0.0541469268501, 0.0373441763222, 0.0539950206876, 0.0288815759122, 0.0371641367674, 0.0701452791691, 0.0401892252266, 0.0656041055918, 0.0599356479943, 0.0202140975744, 0.0318273305893, 0.0555048957467, 0.0303235333413, 0.0532245151699, 0.112793616951, 0.05424053967, 0.0308715943247, 0.0565761625767, 0.0408696420491, 0.046401925385], "mean": [0.201315060258, 0.148257389665, 0.103247374296, 0.116865552962, 0.102171175182, 0.136599063873, 0.198217898607, 0.158496424556, 0.14506071806, 0.181199297309, 0.134485706687, 0.124799497426, 0.16717505455, 0.136478483677, 0.159564331174, 0.231837958097, 0.176424756646, 0.122383996844, 0.130202174187, 0.0961130559444, 0.110178478062, 0.153584748507, 0.132562398911, 0.152990266681, 0.140627086163, 0.0718109384179, 0.096212759614, 0.130445018411, 0.106565825641, 0.174417927861, 0.267931729555, 0.181401848793, 0.107674412429, 0.136810705066, 0.123419620097, 0.148542284966]}, "tuning_equal_tempered_deviation": 0.0125504052266, "chords_changes_rate": 0.0536526218057, "key_key": "G", "tuning_diatonic_strength": 0.422059684992, "key_scale": "major", "chords_number_rate": 0.0027280994691, "tuning_frequency": 440, "tuning_nontempered_energy_ratio": 0.684950113297, "chords_histogram": [28.1448917389, 0.879054248333, 7.03243398666, 1.40951800346, 2.4098212719, 4.72870588303, 2.87966060638, 0.33343437314, 2.54622602463, 0.0151561079547, 0.181873291731, 3.3343436718, 2.24310398102, 3.53137326241, 7.94180059433, 0.81842982769, 2.15216732025, 3.03122162819, 0.636556506157, 1.04577147961, 2.0157623291, 8.88147926331, 7.39618062973, 6.41103363037], "key_strength": 0.67584836483, "chords_key": "G", "chords_strength": {"dmean2": 0.010145617649, "median": 0.495839774609, "min": -1, "dvar2": 0.000644683255814, "dvar": 0.000358595978469, "dmean": 0.0106095308438, "max": 0.757101356983, "var": 0.0247404538095, "mean": 0.491343945265}, "chords_scale": "major", "hpcp_entropy": {"dmean2": 1.13353276253, "median": 1.90113067627, "min": 0, "dvar2": 0.856869757175, "dvar": 0.321949392557, "dmean": 0.674227178097, "max": 4.37916994095, "var": 0.62225985527, "mean": 1.89283430576}}, "metadata": {"audio_properties": {"equal_loudness": 0, "codec": "flac", "downmix": "mix", "analysis_sample_rate": 44100, "bit_rate": 0, "md5_encoded": "c075a8c06111cc78fb75a26d0c898118", "length": 306.333343506, "replay_gain": -17.4140625, "lossless": true}, "version": {"essentia_build_sha": "50a0fbec89d6a9cedea3d45b6611406f7e8c7b1a", "essentia": "2.1-beta1", "extractor": "music 1.0", "essentia_git_sha": "v2.1_beta1-7-ge0e83e8-dirty"}, "tags": {"title": ["\u3055\u307c\u308a"], "albumartist": ["Berryz\u5de5\u623f"], "date": ["2005-11-16"], "file_name": "08. Sabori.flac", "tracktotal": ["12"], "albumartistsort": ["Berryz\u3053\u3046\u307c\u3046"], "disctotal": ["1"], "musicbrainz_recordingid": ["1e3fb418-b589-44fb-9a8e-c67eeb527c51"], "musicbrainz_workid": ["b2cbb766-c49d-3bc2-a0ad-0316dd39753f"], "musicbrainz_releasegroupid": ["7415c8dc-390d-3712-836e-79c501337dc5"], "musicbrainz_albumartistid": ["2b20f61f-571a-427f-8b67-ec767be9efdc"], "musicbrainz_albumid": ["8975c781-3a75-4e5f-99ed-236700772251"], "artist": ["Berryz\u5de5\u623f"], "tracknumber": ["8"], "artistsort": ["Berryz\u3053\u3046\u307c\u3046"], "album": ["\u7b2c\u2461\u6210\u9577\u8a18"], "totaltracks": ["12"], "totaldiscs": ["1"], "musicbrainz_artistid": ["2b20f61f-571a-427f-8b67-ec767be9efdc"], "discnumber": ["1"]}}, "rhythm": {"bpm_histogram_first_peak_bpm": {"dmean2": 0, "median": 110, "min": 110, "dvar2": 0, "dvar": 0, "dmean": 0, "max": 110, "var": 0, "mean": 110}, "bpm": 111.001152039, "bpm_histogram_second_peak_spread": {"dmean2": 0, "median": 0.444444447756, "min": 0.444444447756, "dvar2": 0, "dvar": 0, "dmean": 0, "max": 0.444444447756, "var": 0, "mean": 0.444444447756}, "bpm_histogram_first_peak_weight": {"dmean2": 0, "median": 0.497345119715, "min": 0.497345119715, "dvar2": 0, "dvar": 0, "dmean": 0, "max": 0.497345119715, "var": 0, "mean": 0.497345119715}, "onset_rate": 3.79954504967, "beats_position": [0.49922901392, 1.01006805897, 1.52090704441, 2.04335594177, 2.57741498947, 3.11147379875, 3.64553284645, 4.17959165573, 4.72526073456, 5.27092981339, 5.80498838425, 6.35065746307, 6.8963265419, 7.4303855896, 7.96444416046, 8.51011276245, 9.04417228699, 9.58984088898, 10.1239004135, 10.6695690155, 11.2152376175, 11.749297142, 12.294965744, 12.840634346, 13.3746938705, 13.9203624725, 14.4660310745, 15.0000905991, 15.5341491699, 16.0798187256, 16.6254863739, 17.1595458984, 17.693605423, 18.2392749786, 18.784942627, 19.3306121826, 19.8762817383, 20.4103393555, 20.9560089111, 21.4900684357, 22.035736084, 22.5697956085, 23.1038551331, 23.6495227814, 24.195192337, 24.7292518616, 25.2749195099, 25.8205890656, 26.3546485901, 26.8887062073, 27.4343757629, 27.9800453186, 28.5141029358, 29.0481624603, 29.593832016, 30.1394996643, 30.6735591888, 31.2192287445, 31.753288269, 32.2989578247, 32.8330154419, 33.3786849976, 33.9243545532, 34.4584121704, 35.0156898499, 35.5497512817, 36.0838088989, 36.6178665161, 37.1635360718, 37.6975975037, 38.2432632446, 38.7773246765, 39.3229942322, 39.8686599731, 40.402721405, 40.9367790222, 41.4824485779, 42.0281181335, 42.5621757507, 43.1078453064, 43.6535148621, 44.1875724792, 44.7216300964, 45.2672996521, 45.8129692078, 46.347026825, 46.8926963806, 47.4383659363, 47.9724235535, 48.5064849854, 49.052154541, 49.5978240967, 50.1318817139, 50.6659393311, 51.2116088867, 51.7572784424, 52.2913360596, 52.8253974915, 53.3710632324, 53.9167327881, 54.4740142822, 55.0080718994, 55.5421295166, 56.0761909485, 56.6334686279, 57.1675262451, 57.701587677, 58.2356452942, 58.7813148499, 59.3269844055, 59.8610420227, 60.3950996399, 60.9407691956, 61.4864387512, 62.0204963684, 62.5661659241, 63.1118354797, 63.6458930969, 64.1915664673, 64.7256240845, 65.2712936401, 65.8053512573, 66.351020813, 66.8966903687, 67.4307479858, 67.964805603, 68.5104751587, 69.0445327759, 69.5902023315, 70.1358718872, 70.6815414429, 71.2155990601, 71.7496566772, 72.2953262329, 72.8409957886, 73.3866653442, 73.9323348999, 74.4663925171, 75.0004501343, 75.5345077515, 76.0801773071, 76.6258468628, 77.15990448, 77.7055740356, 78.2512435913, 78.7853012085, 79.3193664551, 79.8650360107, 80.410697937, 80.9447631836, 81.4788208008, 82.0244903564, 82.5701599121, 83.1042175293, 83.649887085, 84.1955566406, 84.7296142578, 85.263671875, 85.8093414307, 86.3550109863, 86.8890686035, 87.4231262207, 87.9687957764, 88.514465332, 89.0485229492, 89.5941925049, 90.1398620605, 90.6739196777, 91.2195892334, 91.7652587891, 92.2993164062, 92.8333740234, 93.3790435791, 93.9247131348, 94.458770752, 94.9928359985, 95.5384979248, 96.0841674805, 96.6182327271, 97.1522903442, 97.6979598999, 98.2436294556, 98.7776870728, 99.3233566284, 99.8690261841, 100.403083801, 100.948753357, 101.482810974, 102.02848053, 102.562538147, 103.108207703, 103.653877258, 104.187934875, 104.721992493, 105.267662048, 105.813331604, 106.347389221, 106.881446838, 107.427116394, 107.97278595, 108.506843567, 109.040908813, 109.58657074, 110.132240295, 110.666305542, 111.200363159, 111.746032715, 112.291702271, 112.848976135, 113.383033752, 113.917098999, 114.451156616, 114.985214233, 115.530883789, 116.076553345, 116.610610962, 117.144668579, 117.678726196, 118.224395752, 118.770065308, 119.315734863, 119.861404419, 120.395462036, 120.929519653, 121.475189209, 122.020858765, 122.554916382, 123.100585938, 123.646255493, 124.18031311, 124.725982666, 125.271652222, 125.805709839, 126.339767456, 126.885437012, 127.431106567, 127.965164185, 128.499221802, 129.044891357, 129.590560913, 130.12461853, 130.670288086, 131.215957642, 131.750015259, 132.295684814, 132.84135437, 133.375411987, 133.909469604, 134.466751099, 135.000808716, 135.534866333, 136.068939209, 136.614593506, 137.160263062, 137.694335938, 138.228393555, 138.78565979, 139.319732666, 139.853790283, 140.399459839, 140.945129395, 141.479187012, 142.013244629, 142.547302246, 143.081359863, 143.638641357, 144.184310913, 144.71836853, 145.264038086, 145.798095703, 146.33215332, 146.877822876, 147.423492432, 147.969161987, 148.514831543, 149.04888916, 149.594558716, 150.140228271, 150.674285889, 151.208343506, 151.754013062, 152.299682617, 152.833740234, 153.37940979, 153.925079346, 154.459136963, 154.99319458, 155.538864136, 156.084533691, 156.618591309, 157.152648926, 157.686706543, 158.232376099, 158.778045654, 159.32371521, 159.869384766, 160.403442383, 160.9375, 161.483169556, 162.028839111, 162.562896729, 163.108566284, 163.65423584, 164.188293457, 164.722351074, 165.256408691, 165.802078247, 166.347747803, 166.893417358, 167.439086914, 167.973144531, 168.507202148, 169.052871704, 169.59854126, 170.132598877, 170.666656494, 171.21232605, 171.746398926, 172.292053223, 172.826126099, 173.383392334, 173.917449951, 174.451522827, 174.997192383, 175.54284668, 176.076919556, 176.622589111, 177.168243408, 177.702316284, 178.236373901, 178.782043457, 179.327713013, 179.86177063, 180.395828247, 180.941497803, 181.487167358, 182.032836914, 182.57850647, 183.100952148, 183.623397827, 184.180679321, 184.726348877, 185.272018433, 185.80607605, 186.351745605, 186.897415161, 187.431472778, 187.965530396, 188.499588013, 189.045257568, 189.590927124, 190.124984741, 190.659042358, 191.204711914, 191.75038147, 192.296051025, 192.841720581, 193.375778198, 193.909835815, 194.455505371, 195.001174927, 195.535232544, 196.069290161, 196.614959717, 197.160629272, 197.69468689, 198.240356445, 198.786026001, 199.320083618, 199.854141235, 200.399810791, 200.945480347, 201.479537964, 202.02520752, 202.570877075, 203.104934692, 203.63899231, 204.184661865, 204.730331421, 205.264389038, 205.810058594, 206.355728149, 206.889785767, 207.423858643, 207.95791626, 208.503585815, 209.037643433, 209.583312988, 210.140579224, 210.6746521, 211.208709717, 211.754379272, 212.300048828, 212.834106445, 213.368164062, 213.913833618, 214.459503174, 214.993560791, 215.527618408, 216.073287964, 216.61895752, 217.153015137, 217.687072754, 218.23274231, 218.766799927, 219.312469482, 219.858139038, 220.403808594, 220.937866211, 221.471923828, 222.017593384, 222.563262939, 223.097320557, 223.642990112, 224.188659668, 224.722717285, 225.256774902, 225.79083252, 226.336502075, 226.882171631, 227.427841187, 227.973510742, 228.507568359, 229.053237915, 229.598907471, 230.132965088, 230.667022705, 231.201080322, 231.758361816, 232.292419434, 232.838088989, 233.383758545, 233.917816162, 234.451873779, 234.997543335, 235.543212891, 236.077270508, 236.611328125, 237.156997681, 237.702667236, 238.248336792, 238.794006348, 239.328063965, 239.862121582, 240.396179199, 240.930252075, 241.475906372, 242.021575928, 242.555648804, 243.101318359, 243.646972656, 244.181045532, 244.726715088, 245.272369385, 245.806442261, 246.352111816, 246.897766113, 247.431838989, 247.965896606, 248.499954224, 249.057235718, 249.591293335, 250.136962891, 250.682632446, 251.216690063, 251.750747681, 252.284805298, 252.830474854, 253.376144409, 253.910202026, 254.455871582, 255.001541138, 255.535598755, 256.069641113, 256.615325928, 257.160980225, 257.695037842, 258.252319336, 258.786376953, 259.32043457, 259.854522705, 260.400177002, 260.945831299, 261.479919434, 262.013977051, 262.548034668, 263.093688965, 263.639373779, 264.173431396, 264.719085693, 265.264770508, 265.798828125, 266.344482422, 266.890167236, 267.424224854, 267.958282471, 268.503936768, 269.049621582, 269.583679199, 270.117736816, 270.663391113, 271.209075928, 271.743133545, 272.288787842, 272.834472656, 273.368530273, 273.902587891, 274.448242188, 274.993927002, 275.527984619, 276.073638916, 276.61932373, 277.153381348, 277.687438965, 278.233093262, 278.778778076, 279.312835693, 279.846893311, 280.392547607, 280.938232422, 281.472290039, 282.017944336, 282.56362915, 283.097686768, 283.643341064, 284.177398682, 284.723083496, 285.257141113, 285.79119873, 286.336853027, 286.870910645, 287.416595459, 287.962249756, 288.50793457, 289.041992188, 289.576049805, 290.121704102, 290.667388916, 291.213043213, 291.758728027, 292.292785645, 292.826843262, 293.360900879, 293.894958496, 294.440643311, 294.986297607, 295.520355225, 296.066040039, 296.611694336, 297.15737915, 297.703033447, 298.248687744, 298.805969238, 299.363250732, 299.932159424, 300.512634277, 301.081542969, 301.66204834, 302.149658203, 302.648895264, 303.171325684, 303.670562744, 304.181396484, 304.680633545, 305.179870605, 305.679077148], "beats_loudness": {"dmean2": 0.0208036787808, "median": 0.0334457494318, "min": 0, "dvar2": 0.000334857992129, "dvar": 0.000122021250718, "dmean": 0.0120593374595, "max": 0.0675181820989, "var": 0.000275533733657, "mean": 0.0299350786954}, "danceability": 1.26296758652, "bpm_histogram_second_peak_weight": {"dmean2": 0, "median": 0.00884955748916, "min": 0.00884955748916, "dvar2": 0, "dvar": 0, "dmean": 0, "max": 0.00884955748916, "var": 0, "mean": 0.00884955748916}, "beats_count": 566, "bpm_histogram_second_peak_bpm": {"dmean2": 0, "median": 120, "min": 120, "dvar2": 0, "dvar": 0, "dmean": 0, "max": 120, "var": 0, "mean": 120}, "bpm_histogram_first_peak_spread": {"dmean2": 0, "median": 0.48722627759, "min": 0.48722627759, "dvar2": 0, "dvar": 0, "dmean": 0, "max": 0.48722627759, "var": 0, "mean": 0.48722627759}, "beats_loudness_band_ratio": {"dmean2": [0.370474934578, 0.123781688511, 0.170523017645, 0.181346952915, 0.117437593639, 0.189180910587], "median": [0.455817550421, 0.0475725717843, 0.0835865661502, 0.0632561147213, 0.0621911361814, 0.125624120235], "min": [0, 0, 0, 0, 0, 0], "dvar2": [0.0866513177752, 0.0228662472218, 0.0305178854614, 0.038075003773, 0.0140199633315, 0.0334168076515], "dvar": [0.0306084584445, 0.00789859332144, 0.0113989608362, 0.0134488632903, 0.00491827074438, 0.0106417713687], "dmean": [0.214340880513, 0.0702109411359, 0.0981121584773, 0.100824482739, 0.0655500888824, 0.106702297926], "max": [0.950561702251, 0.566283464432, 0.75265955925, 0.858638346195, 0.584598004818, 0.955190777779], "var": [0.060676407069, 0.00735454354435, 0.0149460090324, 0.0130035765469, 0.00657594203949, 0.0157637447119], "mean": [0.462188780308, 0.0788090005517, 0.124824725091, 0.107839874923, 0.0866425484419, 0.161070093513]}}, "lowlevel": {"barkbands_spread": {"dmean2": 13.3476638794, "median": 41.9696350098, "min": 3.49261426926, "dvar2": 170.36479187, "dvar": 74.0682678223, "dmean": 8.59771347046, "max": 139.314254761, "var": 349.829467773, "mean": 42.9501037598}, "melbands_spread": {"dmean2": 18.5646362305, "median": 40.2507133484, "min": 2.50694727898, "dvar2": 413.445037842, "dvar": 190.61946106, "dmean": 12.0189208984, "max": 255.240386963, "var": 789.020507812, "mean": 45.1449050903}, "hfc": {"dmean2": 13.7014045715, "median": 19.746088028, "min": 1.0798883925e-16, "dvar2": 522.608215332, "dvar": 233.400466919, "dmean": 9.21101856232, "max": 236.820236206, "var": 700.106994629, "mean": 28.010931015}, "barkbands_kurtosis": {"dmean2": 2.01360082626, "median": -0.346255779266, "min": -1.90701985359, "dvar2": 10.3408946991, "dvar": 4.38687181473, "dmean": 1.26851379871, "max": 42.2027320862, "var": 10.1153898239, "mean": 0.755789995193}, "gfcc": {"mean": [5.7253203392, 32.3119621277, -102.163757324, 26.7438583374, -57.2533721924, 15.5328855515, -33.3909912109, 15.0185241699, -24.1404781342, 9.68929862976, -16.5016384125, 2.50476861, -5.83103609085], "icov": [[8.88728754944e-05, -2.19705871132e-05, 8.72190357768e-05, -9.96675735223e-05, 8.10899218777e-05, -0.000148261053255, 0.000120898555906, -0.00037637562491, 0.000447254686151, -0.000388268119423, 0.000320286577335, -0.000303423817968, 0.000347905530361], [-2.19705871132e-05, 0.00120012613479, 7.26948564989e-05, -0.000727422186173, -0.000231821861234, 0.000153891582158, -0.000523016147781, 0.000360406760592, -0.000518205575645, 0.000662441190798, -0.000538733671419, 0.00141530716792, -0.000991408829577], [8.72190357768e-05, 7.26948564989e-05, 0.00201979000121, -0.000439887022367, -0.00122408766765, 5.80476553296e-05, -0.000209933961742, 4.46363046649e-05, -0.000301741325529, -0.00050771975657, 0.000405813538237, -0.00113945850171, 0.00232301768847], [-9.96675735223e-05, -0.000727422186173, -0.000439887022367, 0.00374747789465, -0.000369502406102, -0.00106593093369, 0.000779294176027, -0.000745627388824, -0.000481725204736, 0.000190123915672, -0.000137666516821, -0.000113219401101, 0.000519867637195], [8.10899218777e-05, -0.000231821861234, -0.00122408766765, -0.000369502406102, 0.0064470549114, -0.000470242201118, -0.00310450629331, -0.000277364277281, -1.18144762382e-05, 2.10801645153e-05, -0.000194041640498, -0.000609740789514, -0.000446073332569], [-0.000148261053255, 0.000153891582158, 5.80476553296e-05, -0.00106593093369, -0.000470242201118, 0.00594470649958, -0.00202084309421, 0.000871215481311, -0.0011804595124, -0.000243968053837, 0.000633296498563, 0.000375753792468, -0.000339974008966], [0.000120898555906, -0.000523016147781, -0.000209933961742, 0.000779294176027, -0.00310450629331, -0.00202084309421, 0.0098826661706, -0.00243067834526, -0.000575863057747, -0.00135859497823, 0.000841386558022, 0.000518614077009, 1.52283782882e-05], [-0.00037637562491, 0.000360406760592, 4.46363046649e-05, -0.000745627388824, -0.000277364277281, 0.000871215481311, -0.00243067834526, 0.0101143969223, -0.00369020504877, 0.00179335649591, -0.0033003569115, 0.000763575604651, -0.00196837447584], [0.000447254686151, -0.000518205575645, -0.000301741325529, -0.000481725204736, -1.18144762382e-05, -0.0011804595124, -0.000575863057747, -0.00369020504877, 0.0139977894723, -0.00389386853203, 0.00285600754432, -0.00341285066679, 0.000861832755618], [-0.000388268119423, 0.000662441190798, -0.00050771975657, 0.000190123915672, 2.10801645153e-05, -0.000243968053837, -0.00135859497823, 0.00179335649591, -0.00389386853203, 0.013170491904, -0.00595044577494, 0.00260323705152, -0.0031720797997], [0.000320286577335, -0.000538733671419, 0.000405813538237, -0.000137666516821, -0.000194041640498, 0.000633296498563, 0.000841386558022, -0.0033003569115, 0.00285600754432, -0.00595044577494, 0.012837253511, -0.00437961751595, 0.00224137445912], [-0.000303423817968, 0.00141530716792, -0.00113945850171, -0.000113219401101, -0.000609740789514, 0.000375753792468, 0.000518614077009, 0.000763575604651, -0.00341285066679, 0.00260323705152, -0.00437961751595, 0.0159876812249, -0.00523360073566], [0.000347905530361, -0.000991408829577, 0.00232301768847, 0.000519867637195, -0.000446073332569, -0.000339974008966, 1.52283782882e-05, -0.00196837447584, 0.000861832755618, -0.0031720797997, 0.00224137445912, -0.00523360073566, 0.0137404901907]], "cov": [[20607.953125, -306.691101074, -732.247558594, 568.432434082, -483.729858398, 354.998352051, -286.359771729, 425.880218506, -403.70602417, 259.356231689, -109.327011108, 92.3853607178, -249.002944946], [-306.691101074, 1195.08349609, -12.8884849548, 230.626068115, 111.110214233, 61.2700080872, 106.440010071, 25.7096271515, 49.3681793213, -19.4964828491, 1.66743528843, -79.651184082, 57.9272232056], [-732.247558594, -12.8884849548, 865.988525391, 123.609390259, 231.57182312, 55.0269470215, 106.915840149, 8.51284408569, 74.1030654907, 12.8437395096, 7.98593759537, 32.0052604675, -114.288337708], [568.432434082, 230.626068115, 123.609390259, 383.424865723, 69.2549591064, 90.0837936401, 32.6605529785, 48.9800796509, 30.5664615631, 7.84611034393, 2.7692284584, -2.57922840118, -23.2393875122], [-483.729858398, 111.110214233, 231.57182312, 69.2549591064, 279.717803955, 62.9806289673, 123.192214966, 32.13463974, 50.788520813, 14.053229332, 11.4482221603, 12.1527585983, -3.57977175713], [354.998352051, 61.2700080872, 55.0269470215, 90.0837936401, 62.9806289673, 225.102752686, 69.0516281128, 18.6367034912, 29.9753799438, 18.5451316833, -15.1487226486, -1.86903762817, -2.91124463081], [-286.359771729, 106.440010071, 106.915840149, 32.6605529785, 123.192214966, 69.0516281128, 178.878616333, 43.8261032104, 45.4267082214, 21.0480804443, 4.22278547287, -1.76213991642, 8.05681705475], [425.880218506, 25.7096271515, 8.51284408569, 48.9800796509, 32.13463974, 18.6367034912, 43.8261032104, 147.255966187, 33.7386398315, 19.2223377228, 29.6453781128, 15.8169660568, 13.8403310776], [-403.70602417, 49.3681793213, 74.1030654907, 30.5664615631, 50.788520813, 29.9753799438, 45.4267082214, 33.7386398315, 110.90032959, 22.957698822, 4.7696223259, 16.4960517883, 11.1216173172], [259.356231689, -19.4964828491, 12.8437395096, 7.84611034393, 14.053229332, 18.5451316833, 21.0480804443, 19.2223377228, 22.957698822, 112.641265869, 42.9773788452, 9.10804653168, 14.2262096405], [-109.327011108, 1.66743528843, 7.98593759537, 2.7692284584, 11.4482221603, -15.1487226486, 4.22278547287, 29.6453781128, 4.7696223259, 42.9773788452, 115.116500854, 25.1575889587, 6.09917163849], [92.3853607178, -79.651184082, 32.0052604675, -2.57922840118, 12.1527585983, -1.86903762817, -1.76213991642, 15.8169660568, 16.4960517883, 9.10804653168, 25.1575889587, 88.917350769, 20.0484046936], [-249.002944946, 57.9272232056, -114.288337708, -23.2393875122, -3.57977175713, -2.91124463081, 8.05681705475, 13.8403310776, 11.1216173172, 14.2262096405, 6.09917163849, 20.0484046936, 114.476593018]]}, "spectral_energyband_middle_low": {"dmean2": 0.00398795958608, "median": 0.00303250132129, "min": 1.38701184671e-22, "dvar2": 4.35698057117e-05, "dvar": 1.91089766304e-05, "dmean": 0.00257461285219, "max": 0.0626330599189, "var": 3.53479081241e-05, "mean": 0.00518982764333}, "melbands_crest": {"dmean2": 5.32122087479, "median": 12.5736198425, "min": 1.62594676018, "dvar2": 23.8169841766, "dvar": 9.63331890106, "dmean": 3.39453697205, "max": 32.9311676025, "var": 28.7397480011, "mean": 13.4093503952}, "spectral_kurtosis": {"dmean2": 0.93152230978, "median": 2.30680036545, "min": -1.31062352657, "dvar2": 1.15867686272, "dvar": 0.455084830523, "dmean": 0.576969087124, "max": 21.5203323364, "var": 2.4454972744, "mean": 2.5490167141}, "spectral_rms": {"dmean2": 0.000837520405184, "median": 0.00343474536203, "min": 3.09700832687e-12, "dvar2": 8.29100770261e-07, "dvar": 4.93872278184e-07, "dmean": 0.000603255233727, "max": 0.0091021405533, "var": 2.81747679765e-06, "mean": 0.00370400771499}, "zerocrossingrate": {"dmean2": 0.020263524726, "median": 0.11865234375, "min": 0.0078125, "dvar2": 0.000380887184292, "dvar": 0.000310577801429, "dmean": 0.01714380458, "max": 0.52490234375, "var": 0.00461036898196, "mean": 0.12943598628}, "silence_rate_60dB": {"dmean2": 0.0615524575114, "median": 0, "min": 0, "dvar2": 0.0670117810369, "dvar": 0.0298268627375, "dmean": 0.0307738948613, "max": 1, "var": 0.0833598151803, "mean": 0.0917841419578}, "erbbands_kurtosis": {"dmean2": 1.04917395115, "median": -0.517244756222, "min": -1.78797268867, "dvar2": 2.37760972977, "dvar": 1.02559053898, "dmean": 0.658415257931, "max": 28.5985183716, "var": 2.3029460907, "mean": -0.107498958707}, "erbbands": {"dmean2": [0.0778947547078, 0.593611061573, 2.28594565392, 4.33068037033, 3.538377285, 4.10069942474, 4.62916612625, 8.35963058472, 11.016667366, 9.27996444702, 13.4719762802, 17.5775737762, 37.9179611206, 25.7488861084, 20.7931556702, 21.6938762665, 13.104391098, 22.2588710785, 17.5497188568, 28.0048427582, 29.6912631989, 21.7139663696, 14.62596035, 15.466758728, 19.4160633087, 17.9652442932, 19.1042613983, 12.1880674362, 8.04682636261, 6.92545843124, 6.55423069, 5.02945804596, 4.78668260574, 3.39789128304, 1.77448427677, 0.727824568748, 0.260646492243, 0.103354431689, 0.00806940533221, 0.000273210869636], "median": [0.0514551475644, 0.308095663786, 0.544909775257, 0.620211482048, 0.855566978455, 1.18946027756, 2.2218132019, 3.43476104736, 4.19712734222, 3.86433649063, 4.2836265564, 4.72836780548, 8.13721561432, 6.28523588181, 5.60335063934, 6.80173873901, 4.61649703979, 7.2344789505, 8.02966117859, 7.96817016602, 8.47557830811, 7.80557537079, 7.04213476181, 8.58469581604, 9.08990383148, 9.86628723145, 11.1672267914, 8.4137468338, 5.31177997589, 4.01410770416, 4.10795116425, 3.29643344879, 3.42532634735, 2.407954216, 1.12709081173, 0.430075079203, 0.168878152966, 0.032231643796, 0.00239590834826, 0.000121453616885], "min": [4.65082255232e-23, 7.02469554181e-22, 2.40366791248e-21, 3.41332606258e-21, 1.27037574526e-20, 2.59752128371e-20, 4.12953021776e-20, 9.52830123082e-20, 9.81248688508e-20, 1.43682836289e-19, 4.10559413115e-19, 2.74594546757e-19, 6.63343068275e-19, 7.764575355e-19, 9.98423853156e-19, 8.26949105379e-19, 1.28072612056e-18, 1.6678268983e-18, 2.0876411183e-18, 3.32801106133e-18, 4.69685807671e-18, 4.6270915959e-18, 4.82594912388e-18, 4.970819882e-18, 5.53988705621e-18, 7.54316836653e-18, 8.29795909496e-18, 1.01743140898e-17, 1.08954269867e-17, 9.91116477587e-18, 1.16015108392e-17, 9.81416378697e-18, 9.69413822573e-18, 8.93792640101e-18, 6.73950119007e-18, 4.22574687141e-18, 2.12413446577e-18, 9.01619940045e-19, 2.50155288764e-19, 2.70312155178e-20], "dvar2": [0.019768115133, 1.22778773308, 33.792552948, 146.258209229, 83.0833358765, 97.2351455688, 98.3015365601, 326.963500977, 764.840026855, 762.17199707, 2707.56738281, 3767.72338867, 14171.6923828, 7771.91552734, 5089.63378906, 4257.97900391, 2299.97680664, 4269.74755859, 2132.83666992, 11191.5087891, 11274.3652344, 4313.51416016, 1356.45214844, 892.842468262, 2296.77441406, 1571.94421387, 1430.56201172, 523.175537109, 258.994628906, 205.372756958, 267.524475098, 119.906791687, 114.56124115, 66.7077560425, 28.2658596039, 3.76805377007, 0.192264556885, 0.0378654636443, 0.00021693391318, 2.47716570811e-07], "dvar": [0.00833770819008, 0.565884828568, 13.8534812927, 56.2899398804, 30.4900779724, 34.6428718567, 42.2574996948, 140.562393188, 309.799407959, 326.543884277, 1115.64855957, 1697.59338379, 6383.88623047, 3369.19189453, 2308.35009766, 2100.29003906, 1073.98388672, 1955.31054688, 935.998840332, 5947.95654297, 5432.74023438, 1803.36120605, 592.081054688, 383.890808105, 960.221923828, 649.921936035, 680.841125488, 220.486282349, 100.713180542, 89.1678466797, 135.600219727, 54.2760734558, 46.0397071838, 29.1917304993, 12.2995700836, 1.66641831398, 0.07781688869, 0.0137935811654, 7.97972534201e-05, 9.25413203845e-08], "dmean": [0.0525028556585, 0.403136134148, 1.42884099483, 2.54519033432, 2.03959035873, 2.32215619087, 2.89075517654, 5.21758365631, 6.85551595688, 5.94379901886, 8.61912918091, 11.5153083801, 25.2381668091, 16.6859512329, 13.9236879349, 14.6038036346, 8.56043720245, 14.082072258, 11.1004161835, 18.7706565857, 19.1175498962, 13.5455932617, 8.98706817627, 9.45494651794, 12.1362524033, 11.2191228867, 12.1044454575, 7.63594675064, 4.86782598495, 4.22466754913, 4.11042737961, 3.06307578087, 2.92087125778, 2.13074564934, 1.18204092979, 0.477315634489, 0.162834122777, 0.0610266625881, 0.00490810209885, 0.00016996874183], "max": [0.955403149128, 8.76322364807, 32.8545951843, 68.1650543213, 65.2779846191, 77.9051513672, 189.348251343, 305.559936523, 414.109954834, 986.706848145, 1493.39343262, 1125.57836914, 1637.14208984, 1522.70092773, 1592.46472168, 2036.96643066, 1816.96911621, 2644.13452148, 972.228637695, 4402.76367188, 3625.12866211, 1585.36779785, 1035.87011719, 734.962158203, 1622.85913086, 1295.04638672, 1462.77490234, 486.220581055, 197.681976318, 305.716644287, 402.508422852, 210.225479126, 185.028564453, 190.530288696, 91.3359985352, 44.2612495422, 6.20471763611, 1.18840205669, 0.0999746248126, 0.00328482827172], "var": [0.0158619098365, 1.27337086201, 13.309636116, 42.0342330933, 21.9165172577, 28.8365364075, 84.4848251343, 319.482543945, 554.84375, 726.384887695, 1864.87060547, 2901.71948242, 12246.6123047, 6653.26660156, 5515.109375, 4632.51367188, 2084.66137695, 4785.19970703, 1772.80310059, 17699.4921875, 11345.6152344, 4562.26025391, 1236.09790039, 1082.11206055, 1923.29528809, 1600.7421875, 1993.28894043, 495.748596191, 153.752700806, 191.095001221, 266.74105835, 99.6784210205, 74.4500732422, 56.6880874634, 21.4915447235, 2.69255685806, 0.140183195472, 0.0136462496594, 8.77832135302e-05, 1.08161557932e-07], "mean": [0.0877613201737, 0.70597165823, 1.63076090813, 2.38254737854, 2.1600382328, 2.76216101646, 4.96254825592, 9.06966686249, 11.2875232697, 10.5853919983, 13.0760040283, 17.2123298645, 38.9043197632, 26.699224472, 23.2493228912, 22.7235279083, 13.681646347, 21.819108963, 18.2054576874, 31.289888382, 31.9241294861, 23.7882614136, 15.8789587021, 17.9552001953, 22.3123016357, 22.8421363831, 24.6797409058, 15.3817691803, 8.97916507721, 7.82179641724, 7.63597631454, 5.86796426773, 5.74844169617, 4.24431657791, 2.32002496719, 0.841892778873, 0.291088283062, 0.0776421800256, 0.00637686718255, 0.000246933894232]}, "spectral_strongpeak": {"dmean2": 1.13817226887, "median": 0.34031561017, "min": 0, "dvar2": 6.57869338989, "dvar": 2.56854557991, "dmean": 0.683749139309, "max": 31.3241138458, "var": 3.97916102409, "mean": 1.08600473404}, "spectral_energy": {"dmean2": 0.00750667974353, "median": 0.0120924115181, "min": 9.83124675976e-21, "dvar2": 8.71254233061e-05, "dvar": 4.7867957619e-05, "dmean": 0.00532388081774, "max": 0.0849201828241, "var": 0.000192313425941, "mean": 0.0169505793601}, "average_loudness": 0.820880532265, "spectral_rolloff": {"dmean2": 1851.54528809, "median": 3316.11328125, "min": 86.1328125, "dvar2": 4656002, "dvar": 2069834.125, "dmean": 1127.09741211, "max": 20779.5410156, "var": 9281109, "mean": 3826.79663086}, "spectral_centroid": {"dmean2": 483.534393311, "median": 2241.43017578, "min": 174.784011841, "dvar2": 225208.453125, "dvar": 100963.023438, "dmean": 314.087463379, "max": 11677.4365234, "var": 1238172.625, "mean": 2281.67480469}, "pitch_salience": {"dmean2": 0.110666327178, "median": 0.546798944473, "min": 0.115458786488, "dvar2": 0.0103121344, "dvar": 0.00442073261365, "dmean": 0.0705484449863, "max": 0.841798841953, "var": 0.0132272690535, "mean": 0.542562842369}, "spectral_energyband_middle_high": {"dmean2": 0.00272387289442, "median": 0.00229623680934, "min": 1.18571706094e-21, "dvar2": 2.50843440881e-05, "dvar": 1.29078816826e-05, "dmean": 0.00190084124915, "max": 0.0774023234844, "var": 5.65231202927e-05, "mean": 0.00510173570365}, "spectral_contrast_coeffs": {"dmean2": [0.0737860947847, 0.074414268136, 0.0661987140775, 0.0532880835235, 0.0377518199384, 0.0271456502378], "median": [-0.714392662048, -0.759985268116, -0.763599693775, -0.781194329262, -0.787580132484, -0.768674850464], "min": [-0.983562409878, -0.977795541286, -0.984432041645, -0.984242498875, -0.979445338249, -0.979630053043], "dvar2": [0.00386872002855, 0.00374573306181, 0.00296815554611, 0.00183483888395, 0.000964450940955, 0.00054642604664], "dvar": [0.00185749330558, 0.00151128461584, 0.00129611825105, 0.000779145571869, 0.000428184430348, 0.000236000938457], "dmean": [0.0483792200685, 0.0456907078624, 0.0426478162408, 0.0336915850639, 0.0238324273378, 0.0169088002294], "max": [-0.360042661428, -0.433526873589, -0.446354985237, -0.498796880245, -0.550732731819, -0.577433049679], "var": [0.0074277180247, 0.00563089549541, 0.00633898563683, 0.00407460099086, 0.00273450417444, 0.00202309363522], "mean": [-0.700735211372, -0.750799894333, -0.751051187515, -0.772330224514, -0.780896782875, -0.764336705208]}, "melbands_skewness": {"dmean2": 0.942998170853, "median": 2.08576011658, "min": -1.86876702309, "dvar2": 0.963135361671, "dvar": 0.441447585821, "dmean": 0.63006746769, "max": 10.1085720062, "var": 2.07170796394, "mean": 2.28516197205}, "spectral_spread": {"dmean2": 841680.5, "median": 6337520, "min": 2221553, "dvar2": 909357809664, "dvar": 483639066624, "dmean": 565929.875, "max": 42486308, "var": 13677480640500.0, "mean": 6736828.5}, "dissonance": {"dmean2": 0.022648204118, "median": 0.479257524014, "min": 0.318362563848, "dvar2": 0.000452689942904, "dvar": 0.000173469656147, "dmean": 0.0135186742991, "max": 0.500000119209, "var": 0.000402263511205, "mean": 0.474310129881}, "spectral_skewness": {"dmean2": 0.188361167908, "median": 1.25128352642, "min": -0.098064340651, "dvar2": 0.0326853170991, "dvar": 0.0146132409573, "dmean": 0.117989651859, "max": 3.51709866524, "var": 0.103286385536, "mean": 1.26690852642}, "spectral_flux": {"dmean2": 0.0291417557746, "median": 0.0599068701267, "min": 6.25198712245e-11, "dvar2": 0.000893734511919, "dvar": 0.000523364928085, "dmean": 0.0198247823864, "max": 0.246718615294, "var": 0.00192027143203, "mean": 0.0709250941873}, "spectral_contrast_valleys": {"dmean2": [0.676637530327, 0.586661934853, 0.549825549126, 0.485456377268, 0.377978682518, 0.364654332399], "median": [-7.27339267731, -6.8763628006, -7.47891616821, -7.77365207672, -7.27076721191, -9.22970199585], "min": [-28.5444011688, -27.8263969421, -27.9941997528, -27.810667038, -27.540304184, -27.4015159607], "dvar2": [0.403922528028, 0.272569179535, 0.243453234434, 0.210699021816, 0.178839355707, 0.241970539093], "dvar": [0.21381701529, 0.12315838784, 0.117280945182, 0.105060920119, 0.0952993929386, 0.126505970955], "dmean": [0.436678558588, 0.360760629177, 0.345300853252, 0.311275810003, 0.248986661434, 0.252782821655], "max": [-5.86529302597, -4.97361803055, -5.36152791977, -5.95414161682, -5.53253364563, -7.2190246582], "var": [5.22990942001, 4.7593870163, 4.49768018723, 4.40009689331, 4.6857008934, 4.27886390686], "mean": [-7.86406230927, -7.21697759628, -7.7861456871, -8.06809711456, -7.62760019302, -9.64706707001]}, "erbbands_flatness_db": {"dmean2": 0.0227396097034, "median": 0.106876835227, "min": 0.0337051823735, "dvar2": 0.000475173495943, "dvar": 0.000251908815699, "dmean": 0.0157258305699, "max": 0.346723139286, "var": 0.00177389045712, "mean": 0.115515090525}, "spectral_energyband_high": {"dmean2": 0.00134369323496, "median": 0.00148013141006, "min": 6.96757575187e-21, "dvar2": 5.89852515986e-06, "dvar": 2.54483302342e-06, "dmean": 0.000865275214892, "max": 0.0286533981562, "var": 5.85976067669e-06, "mean": 0.00216462626122}, "spectral_entropy": {"dmean2": 0.196900293231, "median": 8.00397491455, "min": 5.95272731781, "dvar2": 0.0411250963807, "dvar": 0.0206686221063, "dmean": 0.134023487568, "max": 9.81807041168, "var": 0.174823909998, "mean": 7.97778081894}, "silence_rate_20dB": {"dmean2": 0, "median": 1, "min": 1, "dvar2": 0, "dvar": 0, "dmean": 0, "max": 1, "var": 0, "mean": 1}, "melbands_flatness_db": {"dmean2": 0.0340612791479, "median": 0.12550753355, "min": 0.00246711238287, "dvar2": 0.00111009611282, "dvar": 0.000502662267536, "dmean": 0.0226883497089, "max": 0.398284584284, "var": 0.00292448070832, "mean": 0.132211998105}, "barkbands": {"dmean2": [0.000162288430147, 0.0025875789579, 0.00253487913869, 0.00141987099778, 0.00119796791114, 0.000920319114812, 0.000675318529829, 0.00057445501443, 0.000879132770933, 0.0012054014951, 0.000552949495614, 0.000534262915608, 0.000298792409012, 0.00047719644499, 0.000454967375845, 0.000547986768652, 0.000458547379822, 0.000275229365798, 0.000364717241609, 0.000392286805436, 0.00040000496665, 0.000235553903622, 0.000208756842767, 0.000263046094915, 0.000266378221568, 0.000161102812854, 5.45476286788e-05], "median": [4.97135624755e-05, 0.00157481781207, 0.000356603937689, 0.000186272023711, 0.000380643061362, 0.000438338873209, 0.000263810856268, 0.000161144329468, 0.000188655933016, 0.000231128709856, 9.65645449469e-05, 0.000134917587275, 7.38679373171e-05, 0.00014091443154, 0.000137271839776, 0.000127431107103, 0.000146905280417, 0.000121996170492, 0.000180499759153, 0.000202296520001, 0.00025647887378, 0.000149820494698, 0.000129894033307, 0.000200150068849, 0.000193493411643, 9.61500627454e-05, 1.37226761581e-05], "min": [2.38969436803e-25, 1.68729025144e-24, 1.74312484024e-24, 6.69864688935e-25, 5.99694347846e-24, 8.02935288175e-24, 4.4246770356e-24, 1.04461576381e-23, 7.77420055513e-24, 1.46080457791e-23, 1.82824731009e-23, 2.30942627209e-23, 2.50500682083e-23, 2.33138042886e-23, 3.98804086796e-23, 6.16203928637e-23, 7.11777456531e-23, 8.23020538792e-23, 1.10219481594e-2