{"tonal": {"thpcp": [1, 0.637900173664, 0.109800547361, 0.0561551265419, 0.124140881002, 0.462884277105, 0.620291769505, 0.31270211935, 0.112484484911, 0.108416423202, 0.170222088695, 0.643166065216, 0.901120245457, 0.474269926548, 0.352101117373, 0.512416303158, 0.313009619713, 0.0683669894934, 0.0320644117892, 0.0329458676279, 0.0730263665318, 0.105572797358, 0.107386000454, 0.114789701998, 0.1008015275, 0.18770763278, 0.700754702091, 0.984721004963, 0.674574613571, 0.443671733141, 0.267164260149, 0.101839996874, 0.08227340132, 0.081759467721, 0.0896491259336, 0.501576781273], "hpcp": {"dmean2": [0.147843956947, 0.157131537795, 0.118997216225, 0.0669616609812, 0.0602100417018, 0.0938363969326, 0.188500806689, 0.222498744726, 0.181689232588, 0.13638086617, 0.114238552749, 0.104119300842, 0.0529528819025, 0.0300522707403, 0.025710279122, 0.039363514632, 0.0520013645291, 0.0624857954681, 0.0561715327203, 0.0564044266939, 0.110891364515, 0.215580180287, 0.219834193587, 0.23026317358, 0.203982949257, 0.117832198739, 0.0549068339169, 0.0446043983102, 0.0428248979151, 0.0648462846875, 0.165701329708, 0.175284862518, 0.190276041627, 0.0832930803299, 0.0510197803378, 0.0863037407398], "median": [0.0100749097764, 0.0144378747791, 0.00678542628884, 0.0008975781966, 0.000737031805329, 0.00897616706789, 0.0715446919203, 0.104117415845, 0.0551244951785, 0.0113199800253, 0.00403490848839, 0.00203842623159, 0.000829826225527, 0.000404644524679, 0.000737403635867, 0.00216044834815, 0.00259219692089, 0.00167727388907, 0.000788920500781, 0.00063678866718, 0.00867868680507, 0.072731345892, 0.117469266057, 0.0908505544066, 0.00969726126641, 0.00240778224543, 0.000658580742311, 0.00131504295859, 0.00133033352904, 0.00373340258375, 0.0393364615738, 0.0814508199692, 0.0462928265333, 0.00241881702095, 0.000247642194154, 0.00126779149286], "min": [0, 0, 0, 0, 0, 0, 0, 0, 0, 0, 0, 0, 0, 0, 0, 0, 0, 0, 0, 0, 0, 0, 0, 0, 0, 0, 0, 0, 0, 0, 0, 0, 0, 0, 0, 0], "dvar2": [0.0751682668924, 0.088468298316, 0.0572671890259, 0.0370960794389, 0.032033726573, 0.0379735454917, 0.0732332319021, 0.0981666743755, 0.0695605501533, 0.0657172873616, 0.0626378208399, 0.056128628552, 0.0326195470989, 0.0205938573927, 0.0133494138718, 0.0195784047246, 0.0234588738531, 0.0332916043699, 0.0308931879699, 0.0324960388243, 0.043619658798, 0.0957704335451, 0.100517049432, 0.0889682173729, 0.149581953883, 0.0588357485831, 0.0299586486071, 0.0205145403743, 0.0172451287508, 0.0235064607114, 0.0675097629428, 0.089594528079, 0.0828850343823, 0.0365623049438, 0.0327454805374, 0.0491111464798], "dvar": [0.0279237348586, 0.0339429564774, 0.0208355579525, 0.0131158707663, 0.0114469891414, 0.01357012894, 0.0274320058525, 0.0386029370129, 0.0256466418505, 0.0244916714728, 0.0236271265894, 0.0209003966302, 0.0118086803705, 0.007244348526, 0.00481092836708, 0.00706453528255, 0.00849997252226, 0.0115575799718, 0.0110907312483, 0.0113665880635, 0.0153637668118, 0.0339983552694, 0.0391021668911, 0.0316695086658, 0.0501171648502, 0.0203102212399, 0.010200176388, 0.00720668630674, 0.00647624954581, 0.00806126650423, 0.023444660008, 0.0354566313326, 0.0296802073717, 0.0127235613763, 0.0111380228773, 0.0168470684439], "dmean": [0.0872312709689, 0.0913875028491, 0.0697276741266, 0.036936737597, 0.0330167450011, 0.0527333468199, 0.112362489104, 0.130684629083, 0.105643570423, 0.0784986838698, 0.0661870464683, 0.0612377226353, 0.0290740989149, 0.0159497912973, 0.014003903605, 0.021905105561, 0.0295268706977, 0.0349179878831, 0.0314852818847, 0.0315073654056, 0.06283108145, 0.126515641809, 0.129976168275, 0.132846012712, 0.112202033401, 0.066147454083, 0.0309720765799, 0.0254001319408, 0.0250041056424, 0.0358006022871, 0.0958303362131, 0.103416197002, 0.111752703786, 0.0454777218401, 0.0271050706506, 0.0476845689118], "max": [1, 1, 1, 1, 1, 1, 1, 1, 1, 1, 1, 1, 1, 1, 1, 1, 1, 1, 1, 1, 1, 1, 1, 1, 1, 1, 1, 1, 1, 1, 1, 1, 1, 1, 1, 1], "var": [0.0698581337929, 0.113548628986, 0.038226287812, 0.0158087871969, 0.0181297436357, 0.0179718527943, 0.073912344873, 0.128475785255, 0.0455439686775, 0.0441950894892, 0.100154429674, 0.0443848520517, 0.00912064500153, 0.00477653788403, 0.00330643146299, 0.0102542387322, 0.0135800782591, 0.0120256552473, 0.0202375669032, 0.0157626420259, 0.0172552838922, 0.0864052474499, 0.142009779811, 0.0706650093198, 0.0775442346931, 0.0351509973407, 0.014310343191, 0.00875326618552, 0.00823990721256, 0.00685199070722, 0.0497273728251, 0.160818189383, 0.0761255696416, 0.00974652078003, 0.0076708109118, 0.0148656163365], "mean": [0.150262892246, 0.201360985637, 0.101510301232, 0.0365150533617, 0.0351944677532, 0.0552580095828, 0.208786517382, 0.292524367571, 0.153958931565, 0.114300124347, 0.166342124343, 0.101610124111, 0.0221934989095, 0.0104088466614, 0.0106949871406, 0.0237060394138, 0.0342713594437, 0.0348599664867, 0.0372633785009, 0.0327224954963, 0.0609342195094, 0.227481111884, 0.319663107395, 0.218982443213, 0.144026055932, 0.0867276713252, 0.0330596081913, 0.0267078392208, 0.02654100582, 0.0291021689773, 0.162823364139, 0.324623018503, 0.207077085972, 0.0356437861919, 0.0182292461395, 0.04029898718]}, "tuning_equal_tempered_deviation": 0.304084658623, "chords_changes_rate": 0.0317738950253, "key_key": "E", "tuning_diatonic_strength": 0.603679478168, "key_scale": "minor", "chords_number_rate": 0.000877731945366, "tuning_frequency": 434.193115234, "tuning_nontempered_energy_ratio": 0.976228713989, "chords_histogram": [24.4009475708, 11.3578510284, 2.54542255402, 0.535416483879, 0.509084522724, 3.29149484634, 0, 15.4393053055, 0.798736095428, 3.87079787254, 0.544193804264, 0, 0.544193804264, 0, 0.412533998489, 0.342315465212, 4.46765565872, 0.596857726574, 0.403756678104, 0.956727802753, 0.228210300207, 4.43254613876, 12.6042308807, 11.7177209854], "key_strength": 0.698740303516, "chords_key": "E", "chords_strength": {"dmean2": 0.00544898211956, "median": 0.509785950184, "min": 0.197347268462, "dvar2": 2.49869808613e-05, "dvar": 2.22785383812e-05, "dmean": 0.00530347647145, "max": 0.812783718109, "var": 0.0131166605279, "mean": 0.517470955849}, "chords_scale": "minor", "hpcp_entropy": {"dmean2": 0.843270421028, "median": 1.70750331879, "min": 0.0335545279086, "dvar2": 0.489557057619, "dvar": 0.174222052097, "dmean": 0.494973301888, "max": 3.79689264297, "var": 0.405821800232, "mean": 1.69514393806}}, "metadata": {"audio_properties": {"equal_loudness": 0, "codec": "flac", "downmix": "mix", "sample_rate": 96000, "analysis_sample_rate": 44100, "bit_rate": 0, "md5_encoded": "6a2b4cda5ba6a892f5c8421a90672a42", "length": 529, "replay_gain": -8.57197189331, "lossless": true}, "version": {"essentia_build_sha": "70f2e5ece6736b2c40cc944ad0e695b16b925413", "essentia": "2.1-beta2", "extractor": "music 1.0", "essentia_git_sha": "v2.1_beta2"}, "tags": {"title": ["Equipoise and Dissolution"], "media": ["Digital Media"], "albumartist": ["Robert Rich"], "tracktotal": ["7"], "musicbrainz_releasegroupid": ["a39f7171-0270-49d6-9d4a-c4ec658347c3"], "releasetype": ["album"], "musicbrainz_recordingid": ["1e4b5939-bce8-48c2-aa17-db75b9bfbd7c"], "originalyear": ["2017"], "musicbrainz_releasetrackid": ["29c7144e-42f4-4bdf-805c-b8bdbe637025"], "discnumber": ["1"], "totaldiscs": ["1"], "album": ["Vestiges"], "releasecountry": ["XW"], "musicbrainz_albumartistid": ["93209865-ebeb-4346-96a5-f64305cd0185"], "albumartistsort": ["Rich, Robert"], "date": ["2017-11-17"], "file_name": "05_Equipoise_and_Dissolution.flac", "disctotal": ["1"], "musicbrainz_artistid": ["93209865-ebeb-4346-96a5-f64305cd0185"], "originaldate": ["2017-11-17"], "musicbrainz_albumid": ["29f01591-6d91-4326-9a18-2c22da395668"], "artist": ["Robert Rich"], "artistsort": ["Rich, Robert"], "tracknumber": ["5"], "totaltracks": ["7"], "acoustid_id": ["7dfa887f-d15e-4f2e-bea4-afd1421ed6cc"], "script": ["Latn"], "releasestatus": ["official"]}}, "rhythm": {"bpm_histogram_first_peak_bpm": {"dmean2": 0, "median": 129, "min": 129, "dvar2": 0, "dvar": 0, "dmean": 0, "max": 129, "var": 0, "mean": 129}, "bpm": 128.956222534, "bpm_histogram_second_peak_spread": {"dmean2": 0, "median": 0.575949430466, "min": 0.575949430466, "dvar2": 0, "dvar": 0, "dmean": 0, "max": 0.575949430466, "var": 0, "mean": 0.575949430466}, "bpm_histogram_first_peak_weight": {"dmean2": 0, "median": 0.0725047066808, "min": 0.0725047066808, "dvar2": 0, "dvar": 0, "dmean": 0, "max": 0.0725047066808, "var": 0, "mean": 0.0725047066808}, "onset_rate": 0.82416510582, "beats_position": [0.452789098024, 0.917188167572, 1.38158726692, 1.84598636627, 2.29877543449, 2.75156450272, 3.1811337471, 3.59909296036, 4.01705217361, 4.43501138687, 4.85297060013, 5.27092981339, 5.6888885498, 6.10684776306, 6.53641700745, 6.96598625183, 7.39555549622, 7.84834432602, 8.31274318695, 8.77714252472, 9.29959201813, 9.82204055786, 10.3444900513, 10.8437185287, 11.3429479599, 11.8421764374, 12.2833557129, 12.7245349884, 13.1657142639, 13.6068935394, 14.0480718613, 14.5008611679, 14.9768705368, 15.4528799057, 15.9288883209, 16.3468475342, 16.7648067474, 17.1827659607, 17.600725174, 18.0186843872, 18.4366436005, 18.8546028137, 19.272562027, 19.6905212402, 20.1084804535, 20.5148296356, 20.9095687866, 21.3043079376, 21.6990470886, 22.1053962708, 22.5697956085, 23.0341949463, 23.4985942841, 23.9513835907, 24.40417099, 24.8685703278, 25.3329696655, 25.7973690033, 26.2617683411, 26.7261676788, 27.1905670166, 27.6549663544, 28.1193637848, 28.5721530914, 29.0249423981, 29.4777317047, 29.9421310425, 30.4065303802, 30.870929718, 31.3237190247, 31.7881164551, 32.2525177002, 32.7285270691, 33.204536438, 33.6805419922, 34.1681632996, 34.6441726685, 35.1201820374, 35.5961914062, 36.0605888367, 36.5249862671, 36.9893875122, 37.4653968811, 37.94140625, 38.4058036804, 38.8818130493, 39.3578224182, 39.8222198486, 40.2982292175, 40.7742385864, 41.2386398315, 41.7494773865, 42.2603149414, 42.771156311, 43.2936058044, 43.8044433594, 44.3268928528, 44.8377304077, 45.3485717773, 45.8710212708, 46.3934669495, 46.9043083191, 47.4267578125, 47.9608154297, 48.4948730469, 49.0405426025, 49.5746040344, 50.1086616516, 50.6891593933, 51.269657135, 51.8385467529, 52.4422683716, 53.0459861755, 53.5916557312, 54.1257133484, 54.6597709656, 55.2054405212, 55.7278900146, 56.2619476318, 56.7843971252, 57.3300666809, 57.8641242981, 58.39818573, 58.9438552856, 59.5243530273, 60.0932426453, 60.6621322632, 61.3006782532, 61.9508361816, 62.5777778625, 63.2163238525, 63.8548736572, 64.5050354004, 65.1551895142, 65.7472991943, 66.3394088745, 66.8966903687, 67.4539642334, 67.9996337891, 68.5453033447, 69.1025848389, 69.659866333, 70.1939239502, 70.7279815674, 71.2620391846, 71.7960968018, 72.3301544189, 72.8526077271, 73.3750534058, 73.9091110229, 74.4431762695, 74.9772338867, 75.5112915039, 76.0917892456, 76.6838989258, 77.276008606, 77.8565063477, 78.4370040894, 79.0175018311, 79.5979995728, 80.1785049438, 80.7473907471, 81.3162765503, 81.8271179199, 82.3379592896, 82.8371887207, 83.3364181519, 83.835647583, 84.3348770142, 84.8341064453, 85.3449401855, 85.8441696167, 86.2853469849, 86.7265319824, 87.1677093506, 87.6088867188, 88.0500640869, 88.4912490845, 88.9208145142, 89.4200439453, 89.9308853149, 90.4417190552, 90.9641723633, 91.486618042, 92.0090713501, 92.5895690918, 93.158454895, 93.7970046997, 94.4355545044, 95.0857162476, 95.7590942383, 96.432472229, 97.1058502197, 97.7792282104, 98.4061660767, 99.0331039429, 99.625213623, 100.217323303, 100.821044922, 101.424758911, 102.02848053, 102.62059021, 103.21269989, 103.804801941, 104.385307312, 104.965805054, 105.557914734, 106.150024414, 106.742126465, 107.345848083, 107.949569702, 108.64616394, 109.342765808, 110.027755737, 110.724349976, 111.455780029, 112.187210083, 112.918640137, 113.638458252, 114.346664429, 115.066482544, 115.774688721, 116.366798401, 116.97052002, 117.551017761, 118.119903564, 118.700408936, 119.292518616, 119.884620667, 120.372245789, 120.859863281, 121.335868835, 121.823486328, 122.299499512, 122.787117004, 123.274734497, 123.762359619, 124.249977112, 124.737594604, 125.213600159, 125.689613342, 126.165618896, 126.64163208, 127.117637634, 127.593650818, 128.034820557, 128.476013184, 128.92880249, 129.335144043, 129.741500854, 130.147842407, 130.554199219, 130.960540771, 131.355285645, 131.750015259, 132.144760132, 132.539505005, 132.934234619, 133.328979492, 133.723709106, 134.106842041, 134.489974976, 134.884719849, 135.30267334, 135.709014893, 136.126983643, 136.544937134, 136.939682007, 137.34602356, 137.752380371, 138.158721924, 138.553466797, 138.94821167, 139.331329346, 139.737686157, 140.14402771, 140.550384521, 140.956726074, 141.293426514, 141.630111694, 141.966796875, 142.303482056, 142.640182495, 142.976867676, 143.313552856, 143.650253296, 143.986938477, 144.323623657, 144.671920776, 145.008621216, 145.345306396, 145.693603516, 146.053512573, 146.401809692, 146.76171875, 147.168075562, 147.574417114, 147.992385864, 148.398727417, 148.828292847, 149.257858276, 149.675827026, 150.093780518, 150.511749268, 150.929702759, 151.34765625, 151.765625, 152.19519043, 152.624755859, 153.042724609, 153.460678101, 153.878631592, 154.30821228, 154.761001587, 155.225387573, 155.67817688, 156.142578125, 156.60697937, 157.059768677, 157.524169922, 157.988571167, 158.452972412, 158.917373657, 159.428207397, 159.927429199, 160.42666626, 160.925888062, 161.425125122, 161.924346924, 162.423583984, 162.911193848, 163.39881897, 163.898040771, 164.397277832, 164.884887695, 165.395736694, 165.894958496, 166.463851929, 167.032745361, 167.601623535, 168.124084473, 168.646530151, 169.16897583, 169.668212891, 170.155822754, 170.643447876, 171.119445801, 171.595458984, 172.083084106, 172.547485352, 173.011871338, 173.476272583, 173.952285767, 174.439910889, 174.927520752, 175.391921997, 175.856323242, 176.320724487, 176.773513794, 177.272735596, 177.771972656, 178.25958252, 178.665939331, 179.072280884, 179.490249634, 179.873382568, 180.256500244, 180.639633179, 181.022766113, 181.417495728, 181.800628662, 182.183761597, 182.57850647, 182.950012207, 183.321533203, 183.693054199, 184.064575195, 184.459320068, 184.842453003, 185.225570679, 185.620315552, 186.015060425, 186.409790039, 186.804534912, 187.187667847, 187.594009399, 188.000366211, 188.395095825, 188.894332886, 189.393554688, 189.892791748, 190.39201355, 190.89125061, 191.378860474, 191.878097534, 192.377319336, 192.888153076, 193.352554321, 193.805343628, 194.258132935, 194.72253418, 195.186935425, 195.65133667, 196.115737915, 196.603347778, 197.0909729, 197.578598022, 198.042984009, 198.518997192, 198.995010376, 199.459411621, 199.923812866, 200.399810791, 200.875823975, 201.34022522, 201.804626465, 202.28062439, 202.756637573, 203.221038818, 203.720275879, 204.231109619, 204.730331421, 205.24118042, 205.75201416, 206.2628479, 206.773696899, 207.28453064, 207.79536438, 208.317825317, 208.851882935, 209.385940552, 209.90838623, 210.442443848, 210.964889526, 211.522171021, 212.067840576, 212.601898193, 213.124343872, 213.658401489, 214.180862427, 214.714920044, 215.237365723, 215.748199463, 216.2706604, 216.793106079, 217.280715942, 217.768341064, 218.244354248, 218.731964111, 219.219589233, 219.707214355, 220.194824219, 220.682449341, 221.170059204, 221.657684326, 222.145309448, 222.632919312, 223.120544434, 223.608154297, 224.095779419, 224.583404541, 225.071014404, 225.558639526, 226.057861328, 226.54548645, 227.044708252, 227.497497559, 227.950286865, 228.403076172, 228.855865479, 229.308654785, 229.761444092, 230.225845337, 230.643798828, 231.073379517, 231.502944946, 231.920898438, 232.338867188, 232.756820679, 233.17477417, 233.685623169, 234.196456909, 234.718902588, 235.229751587, 235.740585327, 236.286254883, 236.831924438, 237.377593994, 237.992919922, 238.60824585, 239.223571777, 239.838912964, 240.442626953, 241.023132324, 241.603622437, 242.195739746, 242.787841797, 243.391555786, 244.064941406, 244.738311768, 245.342041016, 245.934143066, 246.526260376, 247.118362427, 247.698867798, 248.27935791, 248.87147522, 249.451965332, 249.986022949, 250.531692505, 251.077362061, 251.623031616, 252.18031311, 252.725982666, 253.28326416, 253.828933716, 254.374603271, 254.908660889, 255.442718506, 255.965164185, 256.499237061, 257.033294678, 257.544128418, 258.043365479, 258.530975342, 259.053405762, 259.575866699, 260.109924316, 260.632385254, 261.154815674, 261.677276611, 262.199737549, 262.722167969, 263.233001709, 263.755462646, 264.266296387, 264.800354004, 265.334411621, 265.856872559, 266.379302979, 266.901763916, 267.424224854, 267.853790283, 268.283355713, 268.712921143, 269.096038818, 269.479187012, 269.862304688, 270.245422363, 270.628570557, 271.011688232, 271.394836426, 271.766357422, 272.137878418, 272.509368896, 272.880889893, 273.264038086, 273.647155762, 274.041900635, 274.425018311, 274.924255371, 275.411865234, 275.911102295, 276.410339355, 276.897949219, 277.385559082, 277.89642334, 278.395629883, 278.894866943, 279.382476807, 279.881713867, 280.380950928, 280.880187988, 281.379394531, 281.878631592, 282.354644775, 282.807434082, 283.260223389, 283.724609375, 284.189025879, 284.653411865, 285.117828369, 285.582214355, 286.035003662, 286.499420166, 286.975402832, 287.439819336, 287.904205322, 288.368621826, 288.833007812, 289.297424316, 289.773406982, 290.20300293, 290.632568359, 291.073730469, 291.480072021, 291.874816895, 292.269561768, 292.67590332, 293.070648193, 293.476989746, 293.871734619, 294.266479492, 294.661224365, 295.055969238, 295.450683594, 295.845428467, 296.216949463, 296.600097656, 296.983215332, 297.447601318, 297.923614502, 298.399627686, 298.887237549, 299.37487793, 299.862487793, 300.350097656, 300.837738037, 301.33694458, 301.859405518, 302.381866455, 302.904296875, 303.415130615, 303.925994873, 304.436828613, 304.877990723, 305.330780029, 305.783569336, 306.24798584, 306.712371826, 307.17678833, 307.68762207, 308.186828613, 308.686065674, 309.185302734, 309.684539795, 310.183746338, 310.706207275, 311.217041016, 311.727874756, 312.250335693, 312.772796631, 313.306854248, 313.840911865, 314.351745605, 314.862579346, 315.373413086, 315.884246826, 316.406707764, 316.905944824, 317.393554688, 317.892791748, 318.333953857, 318.763519287, 319.193115234, 319.634277344, 320.075469971, 320.5050354, 320.94619751, 321.387390137, 321.805358887, 322.234924316, 322.664489746, 323.094055176, 323.523620605, 323.953186035, 324.359527588, 324.765899658, 325.172241211, 325.590209961, 325.996551514, 326.402893066, 326.809234619, 327.238800049, 327.656768799, 328.086334229, 328.515899658, 328.945495605, 329.375061035, 329.792999268, 330.210968018, 330.628936768, 331.046875, 331.476470947, 331.906036377, 332.347198486, 332.881256104, 333.380493164, 333.879730225, 334.378936768, 334.889801025, 335.389007568, 335.888244629, 336.387481689, 336.89831543, 337.432373047, 337.966430664, 338.488891602, 339.011322021, 339.533782959, 340.056243896, 340.555450439, 341.06628418, 341.577148438, 342.006713867, 342.436279297, 342.865844727, 343.295410156, 343.724975586, 344.166168213, 344.595733643, 345.025299072, 345.466491699, 345.896057129, 346.325622559, 346.766784668, 347.196380615, 347.625946045, 348.055511475, 348.496673584, 348.926239014, 349.390655518, 349.855041504, 350.319458008, 350.783843994, 351.248260498, 351.712646484, 352.269927979, 352.827209473, 353.384490967, 353.976593018, 354.568695068, 355.160797119, 355.776153564, 356.379852295, 356.983581543, 357.598907471, 358.214233398, 358.829559326, 359.444885254, 359.990570068, 360.536224365, 361.08190918, 361.639190674, 362.19644165, 362.753723145, 363.322631836, 363.87991333, 364.437194824, 364.982849121, 365.528533936, 366.120635986, 366.712738037, 367.316467285, 367.920166016, 368.523895264, 369.104400635, 369.684906006, 370.265380859, 370.84588623, 371.519256592, 372.192657471, 372.854400635, 373.492950439, 374.143127441, 374.793273926, 375.443450928, 376.093597412, 376.743743896, 377.382293701, 378.032470703, 378.671020508, 379.251525879, 379.820404053, 380.389282227, 380.946563721, 381.503845215, 382.061126709, 382.618408203, 383.175689697, 383.732971191, 384.290252686, 384.84753418, 385.3699646, 385.892425537, 386.414855957, 386.937316895, 387.459777832, 387.982208252, 388.516265869, 389.038726807, 389.630828857, 390.211334229, 390.7918396, 391.372314453, 391.964447021, 392.544921875, 393.137054443, 393.717529297, 394.298034668, 394.890136719, 395.505493164, 396.120819092, 396.747741699, 397.363067627, 397.990020752, 398.616943359, 399.255493164, 399.870819092, 400.486175537, 401.113098145, 401.809692383, 402.506286621, 403.19128418, 403.876281738, 404.479980469, 405.083709717, 405.699035645, 406.302764893, 406.91809082, 407.533416748, 408.137145996, 408.740844727, 409.344573975, 409.948303223, 410.633270264, 411.318267822, 411.991638184, 412.676635742, 413.361633301, 414.058227539, 414.766418457, 415.474639893, 416.171234131, 416.867828369, 417.564422607, 418.144927979, 418.72543335, 419.282714844, 419.839996338, 420.385650635, 420.954559326, 421.5234375, 422.092315674, 422.672821045, 423.253326416, 423.868652344, 424.472381592, 425.08770752, 425.69140625, 426.295135498, 426.9453125, 427.583831787, 428.199188232, 428.81451416, 429.429840088, 430.021942139, 430.614044189, 431.217773438, 431.809875488, 432.401977539, 433.005706787, 433.609436035, 434.201538086, 434.793640137, 435.385742188, 435.908203125, 436.442260742, 436.987915039, 437.533599854, 438.067657471, 438.648162842, 439.217041016, 439.785919189, 440.366424561, 440.946929932, 441.539031982, 442.131134033, 442.723266602, 443.326965332, 443.94229126, 444.522796631, 445.091705322, 445.660583496, 446.22946167, 446.798370361, 447.367248535, 447.936126709, 448.5050354, 449.166809082, 449.805328369, 450.455505371, 451.094055176, 451.73260498, 452.394378662, 453.056121826, 453.648254395, 454.251953125, 454.867279053, 455.482635498, 456.086334229, 456.690063477, 457.293792725, 457.862670898, 458.431549072, 459.000457764, 459.522888184, 460.045349121, 460.579406738, 461.101837158, 461.624298096, 462.146759033, 462.669189453, 463.191650391, 463.690887451, 464.190093994, 464.677734375, 465.165344238, 465.664581299, 466.152191162, 466.628204346, 467.092590332, 467.557006836, 468.021392822, 468.439361572, 468.845703125, 469.263671875, 469.670013428, 470.087982178, 470.50592041, 470.92388916, 471.330230713, 471.736602783, 472.142944336, 472.560913086, 472.944030762, 473.327148438, 473.721893311, 474.105010986, 474.48815918, 474.871276855, 475.242797852, 475.614318848, 475.997436523, 476.380584717, 476.763702393, 477.158447266, 477.553192139, 477.936309814, 478.331054688, 478.725799561, 479.108917236, 479.49206543, 479.898406982, 480.293151855, 480.687896729, 481.082611084, 481.558624268, 482.034637451, 482.510650635, 482.998260498, 483.485900879, 483.973510742, 484.449523926, 484.925537109, 485.401519775, 485.877532959, 486.318725586, 486.759887695, 487.201080322, 487.630645752, 488.071838379, 488.513000488, 489.035461426, 489.569519043, 490.10357666, 490.660858154, 491.218139648, 491.775421143, 492.332702637, 492.889953613, 493.447235107, 494.004516602, 494.561798096, 495.11907959, 495.676361084, 496.245239258, 496.802520752, 497.371429443, 497.951904297, 498.532409668, 499.112915039, 499.646972656, 500.181030273, 500.715087891, 501.202697754, 501.678710938, 502.154724121, 502.514648438, 502.874542236, 503.246063232, 503.605987549, 503.965881348, 504.325805664, 504.685699463, 505.045623779, 505.417144775, 505.788665771, 506.14855957, 506.508483887, 506.880004883, 507.239898682, 507.611419678, 507.982940674, 508.36605835, 508.749206543, 509.132324219, 509.515441895, 509.886962891, 510.270111084, 510.65322876, 511.047973633, 511.442718506, 511.825836182, 512.208984375, 512.592102051, 512.975219727, 513.369995117, 513.741516113, 514.112976074, 514.48449707, 514.856018066, 515.227539062, 515.610717773, 515.98223877, 516.353759766, 516.725280762, 517.096740723, 517.456665039, 517.816589355, 518.176513672, 518.524780273, 518.942749023, 519.372314453, 519.801879883, 520.243103027, 520.695861816, 521.148681641, 521.60144043, 522.054260254, 522.495422363, 522.936584473, 523.389404297, 523.842163086, 524.30657959, 524.805786133, 525.305053711, 525.792663574, 526.280273438, 526.767883301, 527.255493164, 527.743103027, 528.230712891], "beats_loudness": {"dmean2": 0.0197081882507, "median": 0.0195932276547, "min": 9.66792322288e-06, "dvar2": 0.000498991634231, "dvar": 0.000187037192518, "dmean": 0.0116881476715, "max": 0.16557097435, "var": 0.000455612520454, "mean": 0.0245859045535}, "danceability": 0.830178380013, "bpm_histogram_second_peak_weight": {"dmean2": 0, "median": 0.0630885139108, "min": 0.0630885139108, "dvar2": 0, "dvar": 0, "dmean": 0, "max": 0.0630885139108, "var": 0, "mean": 0.0630885139108}, "beats_count": 1063, "bpm_histogram_second_peak_bpm": {"dmean2": 0, "median": 115, "min": 115, "dvar2": 0, "dvar": 0, "dmean": 0, "max": 115, "var": 0, "mean": 115}, "bpm_histogram_first_peak_spread": {"dmean2": 0, "median": 0.515723228455, "min": 0.515723228455, "dvar2": 0, "dvar": 0, "dmean": 0, "max": 0.515723228455, "var": 0, "mean": 0.515723228455}, "beats_loudness_band_ratio": {"dmean2": [0.226450622082, 0.264010459185, 0.233366757631, 0.0328693725169, 0.00117360847071, 0.00100373569876], "median": [0.283636957407, 0.330000162125, 0.287469625473, 0.00860861781985, 0.000544567359611, 0.000347383727785], "min": [0.0009955172427, 7.88578327047e-05, 0.000404805323342, 0.000359541474609, 4.14730493503e-06, 1.47146488416e-06], "dvar2": [0.0475207082927, 0.0590972453356, 0.0499235056341, 0.0057246950455, 5.94043694946e-06, 1.49539100676e-05], "dvar": [0.0189104843885, 0.0215074438602, 0.0199489071965, 0.00236908229999, 2.14975966628e-06, 5.77026867177e-06], "dmean": [0.137067392468, 0.154806181788, 0.139690712094, 0.0196038149297, 0.000671147136018, 0.000583743327297], "max": [0.997435986996, 0.948347806931, 0.984828770161, 0.782586216927, 0.0295231211931, 0.0603062994778], "var": [0.0855009704828, 0.0743105337024, 0.0892069637775, 0.00496211601421, 2.23371557695e-06, 5.19447576153e-06], "mean": [0.358764052391, 0.363471001387, 0.358666747808, 0.027075201273, 0.000913113704883, 0.000726005993783]}}, "lowlevel": {"barkbands_spread": {"dmean2": 1.44056606293, "median": 2.73534607887, "min": 0.149745300412, "dvar2": 2.77000999451, "dvar": 1.02571737766, "dmean": 0.885893523693, "max": 39.5641937256, "var": 4.47518873215, "mean": 3.21404480934}, "melbands_spread": {"dmean2": 1.85560715199, "median": 3.7732064724, "min": 0.228911414742, "dvar2": 4.82767248154, "dvar": 1.76798713207, "dmean": 1.147544384, "max": 28.7356700897, "var": 7.2104716301, "mean": 4.35750818253}, "hfc": {"dmean2": 3.62127971649, "median": 5.17403125763, "min": 2.0822728402e-05, "dvar2": 27.5743484497, "dvar": 11.7161769867, "dmean": 2.35749387741, "max": 107.206336975, "var": 66.5988693237, "mean": 7.85852813721}, "barkbands_kurtosis": {"dmean2": 12.8162517548, "median": 9.15548801422, "min": -1.84883916378, "dvar2": 534.007019043, "dvar": 210.50642395, "dmean": 7.88267850876, "max": 696.991638184, "var": 748.279296875, "mean": 17.5372829437}, "gfcc": {"mean": [-155.508514404, 167.089111328, -59.7794837952, -6.51580667496, -62.0898399353, -12.56640625, -26.8625106812, -11.7234983444, -17.5684394836, 6.85312318802, 2.35052752495, 1.29344677925, -8.53201389313], "icov": [[0.00028680532705, -0.000194365857169, 0.0002212493564, -0.000539947592188, 0.00011000061204, 0.00027072915691, 0.000343267049175, -0.00026223534951, 0.000426330574555, -0.00046401435975, 0.000585653702728, -0.000720479118172, 0.000666694890242], [-0.000194365857169, 0.0047058518976, -0.000809308723547, 0.00140725821257, -0.00270356261171, 0.00201722513884, -0.00492486497387, 0.00444941036403, -0.00358792580664, 0.00435942411423, -0.00424672057852, 0.00507091358304, -0.00393237778917], [0.0002212493564, -0.000809308723547, 0.00249471911229, -0.000727430044208, -0.000933404837269, -0.000375239556888, 0.00147929496597, -0.00280453194864, 0.00259174755774, -0.00108395842835, 0.00151155900676, -0.00253825238906, 0.00144179875497], [-0.000539947592188, 0.00140725821257, -0.000727430044208, 0.00395715516061, -0.00203980645165, 0.000891463889275, -0.000960934150498, 0.00119518151041, -0.00162269966677, 0.00185472948942, -0.00261413981207, 0.00272468221374, -0.00250542815775], [0.00011000061204, -0.00270356261171, -0.000933404837269, -0.00203980645165, 0.00748292263597, -0.00302249914967, -0.000199844827875, 0.000110859764391, 0.000845143746119, -0.00271585723385, 0.00356742902659, -0.0033490024507, 0.000966193678323], [0.00027072915691, 0.00201722513884, -0.000375239556888, 0.000891463889275, -0.00302249914967, 0.00793172325939, -0.00342980981804, -0.000221628099098, 0.00097109231865, 0.000500509049743, -0.00204906915314, 0.00220674974844, -0.00204160599969], [0.000343267049175, -0.00492486497387, 0.00147929496597, -0.000960934150498, -0.000199844827875, -0.00342980981804, 0.0140699110925, -0.00819306634367, 0.00196343264543, -0.00119863834698, 0.00090068107238, -0.00536678591743, 0.00331456353888], [-0.00026223534951, 0.00444941036403, -0.00280453194864, 0.00119518151041, 0.000110859764391, -0.000221628099098, -0.00819306634367, 0.0166366510093, -0.0108413053676, 0.00266691180877, -0.00102132186294, 0.00273297564127, -0.0019133258611], [0.000426330574555, -0.00358792580664, 0.00259174755774, -0.00162269966677, 0.000845143746119, 0.00097109231865, 0.00196343264543, -0.0108413053676, 0.0166825968772, -0.00878231041133, 0.00150703440886, 0.00176533730701, -0.000936096417718], [-0.00046401435975, 0.00435942411423, -0.00108395842835, 0.00185472948942, -0.00271585723385, 0.000500509049743, -0.00119863834698, 0.00266691180877, -0.00878231041133, 0.016186716035, -0.010655246675, 0.00169712654315, 0.00165803555865], [0.000585653702728, -0.00424672057852, 0.00151155900676, -0.00261413981207, 0.00356742902659, -0.00204906915314, 0.00090068107238, -0.00102132186294, 0.00150703440886, -0.010655246675, 0.0213606599718, -0.0097980638966, 0.00224606320262], [-0.000720479118172, 0.00507091358304, -0.00253825238906, 0.00272468221374, -0.0033490024507, 0.00220674974844, -0.00536678591743, 0.00273297564127, 0.00176533730701, 0.00169712654315, -0.0097980638966, 0.0235737152398, -0.0137118268758], [0.000666694890242, -0.00393237778917, 0.00144179875497, -0.00250542815775, 0.000966193678323, -0.00204160599969, 0.00331456353888, -0.0019133258611, -0.000936096417718, 0.00165803555865, 0.00224606320262, -0.0137118268758, 0.0196777712554]], "cov": [[7432.25390625, -1239.10131836, -406.886108398, 659.664245605, -513.078063965, -661.043823242, -744.431884766, -309.564208984, -318.110748291, 103.963691711, -217.433914185, -64.8613739014, -377.995788574], [-1239.10131836, 1514.69604492, 45.6660575867, 33.4877586365, 473.969146729, 135.705764771, 484.788909912, -13.5217943192, 153.257720947, -201.408065796, 115.314628601, 14.6847467422, 274.759368896], [-406.886108398, 45.6660575867, 869.950927734, 100.127037048, 289.519744873, 171.308181763, 81.4597244263, 71.7726593018, -121.182830811, -35.2094078064, -13.2233257294, 138.449966431, 63.9191665649], [659.664245605, 33.4877586365, 100.127037048, 444.052612305, 124.234802246, -18.5450973511, 6.45653629303, -7.35858058929, 2.60417556763, -5.23312139511, 16.7969284058, 24.0367660522, 39.1136474609], [-513.078063965, 473.969146729, 289.519744873, 124.234802246, 447.05090332, 184.912002563, 222.326522827, 35.6749000549, 17.7817287445, -42.3426513672, 42.1423225403, 86.6871871948, 129.968109131], [-661.043823242, 135.705764771, 171.308181763, -18.5450973511, 184.912002563, 277.000915527, 161.362976074, 82.2695083618, 25.5362586975, 9.02595996857, 43.8641929626, 54.0756645203, 68.2102355957], [-744.431884766, 484.788909912, 81.4597244263, 6.45653629303, 222.326522827, 161.362976074, 341.091064453, 136.231582642, 130.985702515, -3.44667696953, 81.2864151001, 46.4986686707, 108.216705322], [-309.564208984, -13.5217943192, 71.7726593018, -7.35858058929, 35.6749000549, 82.2695083618, 136.231582642, 238.750762939, 172.081512451, 96.4393920898, 45.5228614807, 6.48879528046, 8.02721691132], [-318.110748291, 153.257720947, -121.182830811, 2.60417556763, 17.7817287445, 25.5362586975, 130.985702515, 172.081512451, 279.94644165, 129.656295776, 77.6821289062, -34.3647346497, 16.6399765015], [103.963691711, -201.408065796, -35.2094078064, -5.23312139511, -42.3426513672, 9.02595996857, -3.44667696953, 96.4393920898, 129.656295776, 220.936569214, 79.7603149414, 4.52226829529, -47.2856445312], [-217.433914185, 115.314628601, -13.2233257294, 16.7969284058, 42.1423225403, 43.8641929626, 81.2864151001, 45.5228614807, 77.6821289062, 79.7603149414, 124.859436035, 43.9401626587, 40.0761184692], [-64.8613739014, 14.6847467422, 138.449966431, 24.0367660522, 86.6871871948, 54.0756645203, 46.4986686707, 6.48879528046, -34.3647346497, 4.52226829529, 43.9401626587, 131.798995972, 77.0095825195], [-377.995788574, 274.759368896, 63.9191665649, 39.1136474609, 129.968109131, 68.2102355957, 108.216705322, 8.02721691132, 16.6399765015, -47.2856445312, 40.0761184692, 77.0095825195, 155.940490723]]}, "spectral_energyband_middle_low": {"dmean2": 0.00852161645889, "median": 0.0122805340216, "min": 2.00251335514e-08, "dvar2": 0.000142827688251, "dvar": 5.99859195063e-05, "dmean": 0.00561395427212, "max": 0.215459048748, "var": 0.000373082759324, "mean": 0.0186087470502}, "melbands_crest": {"dmean2": 5.17743206024, "median": 16.2194709778, "min": 6.0911026001, "dvar2": 24.121389389, "dvar": 8.48694229126, "dmean": 3.15657877922, "max": 35.5999450684, "var": 30.8002510071, "mean": 17.1074542999}, "spectral_kurtosis": {"dmean2": 16.7856235504, "median": 24.8418884277, "min": 1.10173940659, "dvar2": 448.14642334, "dvar": 160.380752563, "dmean": 9.86731338501, "max": 323.778686523, "var": 1059.09118652, "mean": 36.7550735474}, "spectral_rms": {"dmean2": 0.00109774130397, "median": 0.00430370308459, "min": 5.23858216184e-06, "dvar2": 1.3923579445e-06, "dvar": 5.15482099672e-07, "dmean": 0.000694038229994, "max": 0.0145860053599, "var": 4.18761283072e-06, "mean": 0.00439110677689}, "zerocrossingrate": {"dmean2": 0.00261083221994, "median": 0.01806640625, "min": 0.0009765625, "dvar2": 8.083650755e-06, "dvar": 4.6874392865e-06, "dmean": 0.00188021396752, "max": 0.1630859375, "var": 4.89041703986e-05, "mean": 0.0178144425154}, "silence_rate_60dB": {"dmean2": 0.0319550521672, "median": 0, "min": 0, "dvar2": 0.0392719693482, "dvar": 0.0157201308757, "dmean": 0.015976825729, "max": 1, "var": 0.0832658335567, "mean": 0.0916432589293}, "erbbands_kurtosis": {"dmean2": 11.8219137192, "median": 9.49694442749, "min": -1.73446619511, "dvar2": 281.459197998, "dvar": 120.654060364, "dmean": 7.51710987091, "max": 269.497528076, "var": 556.12689209, "mean": 17.6280212402}, "erbbands": {"dmean2": [0.162313953042, 0.748634576797, 0.636551737785, 0.930609941483, 3.955732584, 5.9661655426, 14.9615831375, 30.8718833923, 48.5003509521, 74.8561401367, 13.9662923813, 3.68832302094, 1.46902966499, 4.65143299103, 6.24490213394, 3.15072107315, 1.03101289272, 0.87795573473, 0.254419744015, 0.396038234234, 0.112942546606, 0.115429081023, 0.0846158564091, 0.11016702652, 0.0895253494382, 0.0571621917188, 0.0654929205775, 0.0362094752491, 0.0274773556739, 0.0174834541976, 0.0108360145241, 0.00814701057971, 0.00566242309287, 0.00591221032664, 0.00217689736746, 0.00116810481995, 0.000608049158473, 0.000237049665884, 4.64894474135e-05, 1.41679938679e-05], "median": [0.0163415819407, 0.125728696585, 0.356332153082, 1.13111782074, 3.03762769699, 3.79231309891, 6.82002830505, 17.2058372498, 24.6404819489, 21.4863052368, 2.81720209122, 1.16102075577, 0.67370057106, 1.03331279755, 2.41420030594, 1.01924645901, 0.516435027122, 0.388247698545, 0.159817039967, 0.157566294074, 0.0714382529259, 0.050015732646, 0.0468514226377, 0.0592959746718, 0.0666819512844, 0.0403525456786, 0.0436248891056, 0.037052758038, 0.0252216868103, 0.0187388025224, 0.0117681156844, 0.00824264343828, 0.00528240483254, 0.00340072950348, 0.00163730070926, 0.000773741980083, 0.000334766635206, 0.000103360915091, 3.21466613968e-05, 2.75681341009e-05], "min": [2.72832494375e-08, 1.97311422312e-07, 9.19587819226e-07, 1.61460013715e-06, 1.86267095614e-06, 3.6864764752e-06, 6.13415886619e-06, 2.4382954507e-05, 4.79389345855e-05, 2.89672098006e-05, 1.9946395696e-05, 6.21786821284e-05, 0.000116101895401, 8.27120165923e-05, 2.11414553632e-05, 2.26708471018e-05, 1.55768466357e-05, 1.60350846272e-05, 3.97776511818e-06, 1.51560698214e-06, 3.50802082494e-07, 3.26387265659e-07, 5.33388515578e-07, 1.54447866407e-06, 2.33011382988e-06, 4.57275427834e-06, 1.03295496956e-06, 9.17814361401e-07, 2.64729033006e-06, 2.16684270526e-06, 1.76635489879e-06, 1.45338117363e-06, 1.0922360616e-06, 5.72108433516e-07, 4.38178432205e-07, 1.85554554832e-07, 7.54159685812e-08, 1.58496415992e-08, 4.48050441193e-09, 1.18634191359e-09], "dvar2": [0.22424146533, 3.56884622574, 2.4198474884, 2.14823317528, 57.9645462036, 159.499404907, 1235.98620605, 3234.9855957, 8730.53417969, 29523.6640625, 3618.3828125, 110.699928284, 10.2690944672, 435.254425049, 154.644287109, 53.598400116, 5.21798276901, 3.64526605606, 0.327781796455, 1.06788933277, 0.0739332139492, 0.147336423397, 0.0360878556967, 0.0836812034249, 0.0350330993533, 0.021154711023, 0.0265746917576, 0.00909202452749, 0.00664272159338, 0.0029064626433, 0.00423645181581, 0.00154507264961, 0.0012778036762, 0.0019738744013, 3.37019773724e-05, 8.11513473309e-06, 2.34747108152e-06, 3.63045899121e-07, 1.4454732522e-08, 3.39862582521e-10], "dvar": [0.0764319524169, 1.16141188145, 0.925700306892, 1.01715123653, 40.7134284973, 85.5397033691, 421.880432129, 1220.16955566, 3977.56323242, 13565.2910156, 1426.33337402, 50.4510612488, 5.34497785568, 195.357070923, 63.0426101685, 20.1589717865, 2.11596536636, 1.51679778099, 0.13057513535, 0.402205258608, 0.027068240568, 0.0487829856575, 0.0127999074757, 0.0289331320673, 0.0121087543666, 0.00747448718175, 0.00914961099625, 0.00320853525773, 0.00227753235959, 0.0011033185292, 0.00151593599003, 0.000574703677557, 0.000451093568699, 0.0007088467828, 1.34317588163e-05, 3.38547670253e-06, 9.75645775725e-07, 1.50279689137e-07, 6.23916029951e-09, 1.33912381184e-10], "dmean": [0.0910447537899, 0.423630088568, 0.39520072937, 0.654626488686, 3.21257424355, 4.3681063652, 9.35197734833, 19.4971218109, 32.4244995117, 49.8135414124, 9.01710319519, 2.47898077965, 1.02914464474, 3.05051326752, 3.81990432739, 1.87417030334, 0.639542341232, 0.550556540489, 0.157926619053, 0.235956221819, 0.0675796717405, 0.0666712895036, 0.0494893118739, 0.0638745352626, 0.052067309618, 0.0332528911531, 0.0381912142038, 0.0211601294577, 0.0159658696502, 0.0101747503504, 0.00632200483233, 0.00480971252546, 0.00337221403606, 0.00346805015579, 0.00134865031578, 0.000739342707675, 0.00038799768663, 0.00015007625916, 3.01466043311e-05, 9.01445855561e-06], "max": [8.40448379517, 24.39361763, 26.2625083923, 34.0153923035, 411.238800049, 331.421875, 463.40032959, 759.320007324, 1520.44177246, 4652.68310547, 2681.60546875, 344.828186035, 94.9870147705, 626.338684082, 205.848083496, 126.19190979, 47.4996414185, 42.972240448, 20.4418926239, 26.5711212158, 7.39285087585, 10.6031007767, 3.17258429527, 6.03638553619, 3.71121954918, 3.20918345451, 3.38474988937, 3.29330039024, 2.61917662621, 2.21746087074, 2.81804084778, 2.26529169083, 1.61985504627, 1.50822806358, 0.176019012928, 0.0591470897198, 0.0296982452273, 0.0120263807476, 0.00274284835905, 0.000265258073341], "var": [0.0910595878959, 2.53783655167, 3.22375559807, 9.13189125061, 748.221008301, 373.129577637, 903.230102539, 2689.13769531, 21571.6015625, 55402.65625, 7562.13183594, 451.178253174, 17.6831855774, 511.906555176, 124.774993896, 33.8752708435, 5.98367023468, 5.5491271019, 0.44495421648, 0.761088311672, 0.0760466828942, 0.0869450047612, 0.0454599671066, 0.0834568738937, 0.0467756018043, 0.0256354566664, 0.0317992791533, 0.010