{"metadata": {"tags": {"album": ["Global UndergroundShanghai"], "albumartist": ["Nick Warren"], "musicbrainz_recordingid": ["1e5680aa-f548-4f4c-b433-342d2604dd2d"], "artist": ["Nick Warren"], "date": ["2005"], "tracknumber": ["7"], "title": ["The Drake Equation"], "file_name": "71503.mp3"}, "audio_properties": {"sample_rate": 44100, "downmix": "mix", "lossless": false, "analysis_sample_rate": 44100, "md5_encoded": "5661e88436ef8cdf129803e2017c19e9", "equal_loudness": 0, "replay_gain": -13.6327934265, "codec": "mp3", "bit_rate": 192000, "length": 415.05960083}, "version": {"extractor": "music 1.0", "essentia_build_sha": "70f2e5ece6736b2c40cc944ad0e695b16b925413", "essentia_git_sha": "v2.1_beta2", "essentia": "2.1-beta2"}}, "rhythm": {"beats_loudness_band_ratio": {"dvar2": [0.0423326678574, 0.00636260444298, 0.0202337838709, 0.0209391526878, 0.00499808089808, 0.0164502244443], "var": [0.0747954547405, 0.00223352410831, 0.0112147582695, 0.0222469847649, 0.00143130170181, 0.00470655923709], "min": [2.11597853195e-05, 0.00146591116209, 0.00011773895676, 9.91424967651e-05, 8.27168987598e-05, 2.24398299906e-05], "dmean": [0.0635897964239, 0.0280869342387, 0.0346606709063, 0.0417658016086, 0.0212494172156, 0.0296165589243], "mean": [0.831004858017, 0.0365224033594, 0.0429697744548, 0.0671344846487, 0.0181700829417, 0.0228409636766], "max": [0.99744784832, 0.392056912184, 0.810424268246, 0.933414161205, 0.333995848894, 0.814449667931], "dmean2": [0.115854114294, 0.0505963005126, 0.0603643991053, 0.0731004998088, 0.0399864986539, 0.0551258064806], "median": [0.937232375145, 0.0226948671043, 0.0110883293673, 0.0161181483418, 0.00841429084539, 0.0102647952735], "dvar": [0.0154681885615, 0.00212087901309, 0.00728141888976, 0.00719965202734, 0.00164275360294, 0.00597807019949]}, "bpm_histogram_first_peak_weight": {"dvar2": 0, "var": 0, "min": 0.579008102417, "dmean": 0, "mean": 0.579008102417, "max": 0.579008102417, "dmean2": 0, "median": 0.579008102417, "dvar": 0}, "bpm": 126.044433594, "beats_count": 868, "bpm_histogram_first_peak_spread": {"dvar2": 0, "var": 0, "min": 0.397358894348, "dmean": 0, "mean": 0.397358894348, "max": 0.397358894348, "dmean2": 0, "median": 0.397358894348, "dvar": 0}, "danceability": 2.12440347672, "bpm_histogram_first_peak_bpm": {"dvar2": 0, "var": 0, "min": 126, "dmean": 0, "mean": 126, "max": 126, "dmean2": 0, "median": 126, "dvar": 0}, "beats_position": [0.406349211931, 0.835918366909, 1.30031740665, 1.78793644905, 2.2523355484, 2.73995471001, 3.20435357094, 3.68036270142, 4.15637159348, 4.6439909935, 5.10838985443, 5.59600877762, 6.06040811539, 6.54802703857, 7.01242637634, 7.50004529953, 7.96444416046, 8.45206356049, 8.91646194458, 9.4040813446, 9.86848068237, 10.3560991287, 10.8204984665, 11.2965078354, 11.7725172043, 12.2601356506, 12.7245349884, 13.2121543884, 13.6765527725, 14.1641721725, 14.6285715103, 15.1161899567, 15.5805892944, 16.0682086945, 16.5326080322, 17.0202255249, 17.4846248627, 17.9722442627, 18.4366436005, 18.9126529694, 19.3886623383, 19.8762817383, 20.3406791687, 20.8282985687, 21.2926979065, 21.7687072754, 22.2447166443, 22.7323360443, 23.1967334747, 23.6843528748, 24.1487522125, 24.6363716125, 25.1007709503, 25.5883903503, 26.0527877808, 26.5404071808, 27.0048065186, 27.4924259186, 27.9568252563, 28.4444446564, 28.9088420868, 29.3848514557, 29.8608608246, 30.3368701935, 30.8128795624, 31.2888889313, 31.7648983002, 32.2525177002, 32.7169151306, 33.204536438, 33.6689338684, 34.1565513611, 34.6209526062, 35.1085700989, 35.572971344, 36.0489807129, 36.5249862671, 37.000995636, 37.4770050049, 37.9646263123, 38.4290237427, 38.9050331116, 39.3810424805, 39.8570518494, 40.3330612183, 40.8090705872, 41.2850799561, 41.7726974487, 42.2370948792, 42.713104248, 43.1891136169, 43.6651229858, 44.1411323547, 44.6171417236, 45.0931510925, 45.5691604614, 46.0451698303, 46.532787323, 46.9971885681, 47.4848060608, 47.9608154297, 48.4368247986, 48.901222229, 49.3888435364, 49.8648529053, 50.3408622742, 50.8052597046, 51.2812690735, 51.7572784424, 52.2448959351, 52.7092971802, 53.1969146729, 53.661315918, 54.1373214722, 54.6133308411, 55.1009521484, 55.5653495789, 56.0413589478, 56.5173683167, 57.0049858093, 57.4693870544, 57.9570045471, 58.433013916, 58.9090232849, 59.37342453, 59.8610420227, 60.3254394531, 60.801448822, 61.2774581909, 61.7650794983, 62.2294769287, 62.7170982361, 63.1931037903, 63.6691131592, 64.1451263428, 64.621131897, 65.0855331421, 65.5615386963, 66.0375518799, 66.5251693726, 66.9895706177, 67.4655761719, 67.9415893555, 68.4292068481, 68.8936004639, 69.3812255859, 69.8572311401, 70.3332443237, 70.8092498779, 71.2852630615, 71.7496566772, 72.2372741699, 72.7132873535, 73.1892929077, 73.6653060913, 74.1413116455, 74.6057128906, 75.0933303833, 75.5693435669, 76.0453491211, 76.5097503662, 76.9857559204, 77.461769104, 77.9493865967, 78.4253921509, 78.9014053345, 79.3774108887, 79.8534240723, 80.3294296265, 80.8054428101, 81.2814483643, 81.7574615479, 82.2334671021, 82.7094802856, 83.1854858398, 83.661491394, 84.1375045776, 84.6135101318, 85.0895233154, 85.5655288696, 86.0415420532, 86.5175476074, 86.993560791, 87.4695663452, 87.9455795288, 88.421585083, 88.8975982666, 89.3736038208, 89.8380050659, 90.3256225586, 90.7900238037, 91.2776412964, 91.7536468506, 92.2296600342, 92.7056655884, 93.181678772, 93.6576843262, 94.1336975098, 94.609703064, 95.0857162476, 95.5617218018, 96.037727356, 96.525352478, 96.9897460938, 97.4657592773, 97.9417648315, 98.4293823242, 98.9170074463, 99.381401062, 99.8458023071, 100.321815491, 100.797821045, 101.273826599, 101.749839783, 102.214241028, 102.701858521, 103.177864075, 103.653877258, 104.129882812, 104.605895996, 105.08190155, 105.557914734, 106.033920288, 106.509933472, 106.985939026, 107.46194458, 107.937957764, 108.413963318, 108.889976501, 109.365982056, 109.830383301, 110.318000793, 110.794013977, 111.270019531, 111.746032715, 112.222038269, 112.698051453, 113.174057007, 113.638458252, 114.126075745, 114.602081299, 115.078094482, 115.542495728, 116.03011322, 116.506118774, 116.982131958, 117.446525574, 117.934150696, 118.41015625, 118.886169434, 119.362174988, 119.838180542, 120.314193726, 120.79019928, 121.266212463, 121.742218018, 122.218231201, 122.694236755, 123.170249939, 123.646255493, 124.122268677, 124.598274231, 125.074279785, 125.550292969, 126.026298523, 126.502311707, 126.978317261, 127.454330444, 127.930335999, 128.406341553, 128.870742798, 129.35836792, 129.834381104, 130.310379028, 130.786392212, 131.262405396, 131.73840332, 132.214416504, 132.690429688, 133.166442871, 133.642440796, 134.118453979, 134.594467163, 135.070480347, 135.546478271, 136.022491455, 136.498504639, 136.974502563, 137.450515747, 137.926528931, 138.402542114, 138.878540039, 139.354553223, 139.830566406, 140.30657959, 140.782577515, 141.258590698, 141.734603882, 142.210617065, 142.68661499, 143.162628174, 143.638641357, 144.126251221, 144.613876343, 145.078277588, 145.542678833, 146.018676758, 146.494689941, 146.970703125, 147.446716309, 147.922714233, 148.398727417, 148.874740601, 149.350738525, 149.826751709, 150.302764893, 150.778778076, 151.254776001, 151.730789185, 152.206802368, 152.682815552, 153.158813477, 153.63482666, 154.110839844, 154.586837769, 155.062850952, 155.538864136, 156.014877319, 156.490875244, 156.966888428, 157.442901611, 157.918914795, 158.383300781, 158.870925903, 159.358551025, 159.869384766, 160.380218506, 160.902679443, 161.425125122, 161.935958862, 162.446792603, 162.946029663, 163.468475342, 163.979324341, 164.478546143, 165.024215698, 165.569885254, 166.11555481, 166.649612427, 167.195281982, 167.7293396, 168.251785278, 168.797454834, 169.34312439, 169.85395813, 170.35319519, 170.852416992, 171.363265991, 171.874099731, 172.384933472, 172.895782471, 173.406616211, 173.917449951, 174.416687012, 174.927520752, 175.403533936, 175.879547119, 176.355545044, 176.831558228, 177.307571411, 177.783584595, 178.25958252, 178.747207642, 179.223220825, 179.69921875, 180.175231934, 180.651245117, 181.127258301, 181.603256226, 182.090881348, 182.566894531, 183.031295776, 183.507293701, 183.983306885, 184.459320068, 184.935317993, 185.411331177, 185.88734436, 186.363357544, 186.839355469, 187.315368652, 187.802993774, 188.278991699, 188.755004883, 189.231018066, 189.70703125, 190.183029175, 190.659042358, 191.135055542, 191.611068726, 192.08706665, 192.563079834, 193.039093018, 193.515090942, 193.991104126, 194.46711731, 194.943130493, 195.419128418, 195.895141602, 196.371154785, 196.847167969, 197.323165894, 197.799179077, 198.275192261, 198.751205444, 199.227203369, 199.703216553, 200.179229736, 200.655227661, 201.131240845, 201.618865967, 202.09487915, 202.582489014, 203.081726074, 203.580947876, 204.080184937, 204.5677948, 205.055419922, 205.543029785, 206.00743103, 206.471832275, 206.947845459, 207.423858643, 207.899856567, 208.375869751, 208.863494873, 209.351104736, 209.815505981, 210.291519165, 210.76751709, 211.255142212, 211.719543457, 212.195556641, 212.671554565, 213.147567749, 213.623580933, 214.099594116, 214.575592041, 215.063217163, 215.527618408, 216.003631592, 216.479629517, 216.9556427, 217.431655884, 217.907653809, 218.383666992, 218.859680176, 219.335693359, 219.811691284, 220.287704468, 220.763717651, 221.239730835, 221.71572876, 222.191741943, 222.667755127, 223.143753052, 223.619766235, 224.095779419, 224.583404541, 225.047790527, 225.523803711, 225.999816895, 226.475830078, 226.951828003, 227.427841187, 227.90385437, 228.391464233, 228.855865479, 229.331878662, 229.807891846, 230.283889771, 230.759902954, 231.235916138, 231.711929321, 232.187927246, 232.66394043, 233.139953613, 233.615966797, 234.091964722, 234.567977905, 235.043991089, 235.519989014, 235.996002197, 236.472015381, 236.948028564, 237.424026489, 237.900039673, 238.376052856, 238.85206604, 239.328063965, 239.815689087, 240.280090332, 240.756088257, 241.23210144, 241.708114624, 242.184127808, 242.660125732, 243.136138916, 243.623764038, 244.088165283, 244.564163208, 245.040176392, 245.516189575, 245.9921875, 246.468200684, 246.944213867, 247.420227051, 247.896224976, 248.372238159, 248.848251343, 249.335861206, 249.800262451, 250.276275635, 250.752288818, 251.228302002, 251.704299927, 252.18031311, 252.656326294, 253.143936157, 253.608337402, 254.084350586, 254.56036377, 255.047973633, 255.512374878, 255.988388062, 256.464385986, 256.94039917, 257.416412354, 257.892425537, 258.368438721, 258.856048584, 259.32043457, 259.796447754, 260.272460938, 260.760070801, 261.224487305, 261.700500488, 262.176513672, 262.652526855, 263.128509521, 263.604522705, 264.080535889, 264.568145752, 265.032562256, 265.508575439, 265.984588623, 266.472198486, 266.936584473, 267.412597656, 267.88861084, 268.376220703, 268.840637207, 269.316650391, 269.792633057, 270.280273438, 270.744659424, 271.220672607, 271.696685791, 272.172698975, 272.648712158, 273.124725342, 273.600708008, 274.088348389, 274.552734375, 275.028747559, 275.504760742, 275.992370605, 276.456787109, 276.932769775, 277.408782959, 277.884796143, 278.360809326, 278.83682251, 279.312835693, 279.800445557, 280.264862061, 280.740844727, 281.21685791, 281.704498291, 282.168884277, 282.656494141, 283.120910645, 283.608520508, 284.072906494, 284.548919678, 285.024932861, 285.512542725, 285.976959229, 286.452972412, 286.928985596, 287.416595459, 287.880981445, 288.356994629, 288.833007812, 289.309020996, 289.78503418, 290.272644043, 290.737060547, 291.22467041, 291.689056396, 292.16506958, 292.641082764, 293.117095947, 293.593109131, 294.069122314, 294.54510498, 295.032745361, 295.497131348, 295.973144531, 296.449157715, 296.925170898, 297.401184082, 297.888793945, 298.353179932, 298.840820312, 299.305206299, 299.781219482, 300.257232666, 300.744842529, 301.209259033, 301.696868896, 302.161254883, 302.637268066, 303.11328125, 303.589294434, 304.065307617, 304.541320801, 305.017303467, 305.49331665, 305.969329834, 306.445343018, 306.921356201, 307.397369385, 307.873382568, 308.349395752, 308.825378418, 309.313018799, 309.777404785, 310.265014648, 310.729431152, 311.205444336, 311.68145752, 312.157440186, 312.633453369, 313.12109375, 313.585479736, 314.06149292, 314.537506104, 315.013519287, 315.489532471, 315.977142334, 316.44152832, 316.917541504, 317.393554688, 317.881164551, 318.345581055, 318.821594238, 319.297576904, 319.773590088, 320.249603271, 320.725616455, 321.201629639, 321.689239502, 322.153656006, 322.629669189, 323.105651855, 323.593292236, 324.057678223, 324.545288086, 325.00970459, 325.485717773, 325.961730957, 326.437713623, 326.913726807, 327.401367188, 327.865753174, 328.341766357, 328.817779541, 329.305389404, 329.769775391, 330.245788574, 330.721801758, 331.209442139, 331.673828125, 332.149841309, 332.625854492, 333.101867676, 333.577850342, 334.053863525, 334.529876709, 335.017486572, 335.481903076, 335.95791626, 336.433929443, 336.921539307, 337.385925293, 337.873565674, 338.33795166, 338.813964844, 339.289978027, 339.765991211, 340.242004395, 340.729614258, 341.194000244, 341.670013428, 342.146026611, 342.633636475, 343.098052979, 343.585662842, 344.050048828, 344.537689209, 345.002075195, 345.478088379, 345.954101562, 346.441711426, 346.90612793, 347.382110596, 347.858123779, 348.34576416, 348.810150146, 349.29776001, 349.762176514, 350.249786377, 350.714202881, 351.201812744, 351.66619873, 352.153839111, 352.618225098, 353.105834961, 353.570251465, 354.057861328, 354.522247314, 354.998260498, 355.474273682, 355.961883545, 356.426300049, 356.913909912, 357.378326416, 357.865936279, 358.330322266, 358.817962646, 359.282348633, 359.769958496, 360.234375, 360.721984863, 361.186401367, 361.67401123, 362.138397217, 362.626037598, 363.090423584, 363.578033447, 364.042449951, 364.518463135, 364.994445801, 365.482086182, 365.946472168, 366.422485352, 366.898498535, 367.386108398, 367.850524902, 368.326538086, 368.802520752, 369.290161133, 369.754547119, 370.242156982, 370.706573486, 371.19418335, 371.658599854, 372.146209717, 372.610595703, 373.098236084, 373.56262207, 374.050231934, 374.514648438, 375.002258301, 375.466674805, 375.942657471, 376.418670654, 376.906311035, 377.370697021, 377.858306885, 378.322723389, 378.810333252, 379.274719238, 379.762359619, 380.226745605, 380.714355469, 381.178771973, 381.666381836, 382.13079834, 382.618408203, 383.082794189, 383.57043457, 384.034820557, 384.52243042, 384.986846924, 385.474456787, 385.938873291, 386.426483154, 386.890869141, 387.378509521, 387.842895508, 388.330505371, 388.794921875, 389.282531738, 389.746917725, 390.234558105, 390.698944092, 391.174957275, 391.650970459, 392.138580322, 392.602996826, 393.07901001, 393.554992676, 394.042633057, 394.51864624, 394.994628906, 395.47064209, 395.946655273, 396.422668457, 396.898681641, 397.374694824, 397.850708008, 398.326690674, 398.802703857, 399.278717041, 399.754730225, 400.230743408, 400.706756592, 401.182769775, 401.658782959, 402.134765625, 402.610778809, 403.086791992, 403.562805176, 404.050415039, 404.514831543, 405.002441406, 405.466827393, 405.942840576, 406.41885376, 406.906463623, 407.382476807, 407.85848999, 408.322906494, 408.79888916, 409.274902344, 409.750915527, 410.226928711, 410.714538574, 411.190551758, 411.666564941, 412.130981445, 412.618591309, 413.082977295, 413.558990479, 414.035003662, 414.522613525], "beats_loudness": {"dvar2": 0.000897102057934, "var": 0.00118119921535, "min": 0.000188026649994, "dmean": 0.0179434698075, "mean": 0.0947593897581, "max": 0.153461068869, "dmean2": 0.0319533571601, "median": 0.105804175138, "dvar": 0.000327101937728}, "bpm_histogram_second_peak_weight": {"dvar2": 0, "var": 0, "min": 0.0149942329153, "dmean": 0, "mean": 0.0149942329153, "max": 0.0149942329153, "dmean2": 0, "median": 0.0149942329153, "dvar": 0}, "bpm_histogram_second_peak_spread": {"dvar2": 0, "var": 0, "min": 0.479999959469, "dmean": 0, "mean": 0.479999959469, "max": 0.479999959469, "dmean2": 0, "median": 0.479999959469, "dvar": 0}, "bpm_histogram_second_peak_bpm": {"dvar2": 0, "var": 0, "min": 117, "dmean": 0, "mean": 117, "max": 117, "dmean2": 0, "median": 117, "dvar": 0}, "onset_rate": 5.77479171753}, "lowlevel": {"spectral_energyband_high": {"dvar2": 2.69448287327e-06, "var": 2.41571888182e-06, "min": 7.62006050426e-21, "dmean": 0.000528069795109, "mean": 0.000729649735149, "max": 0.0251060314476, "dmean2": 0.000834365084302, "median": 0.000196629654965, "dvar": 1.15468674267e-06}, "spectral_energyband_middle_low": {"dvar2": 0.000743330572732, "var": 0.000228854813031, "min": 2.82319509757e-22, "dmean": 0.00745498621836, "mean": 0.00909107923508, "max": 0.120516486466, "dmean2": 0.0125925382599, "median": 0.00475218286738, "dvar": 0.000288106879452}, "spectral_energy": {"dvar2": 0.00049666891573, "var": 0.000994494068436, "min": 1.0362421921e-20, "dmean": 0.0130308996886, "mean": 0.0399598293006, "max": 0.163374125957, "dmean2": 0.0178591366857, "median": 0.0300132036209, "dvar": 0.000261466688244}, "spectral_spread": {"dvar2": 1986736947200.0, "var": 3109953994750.0, "min": 512825.25, "dmean": 706334, "mean": 3928554, "max": 40414720, "dmean2": 1035069.875, "median": 3920115.25, "dvar": 1015236329470.0}, "spectral_energyband_low": {"dvar2": 0.000616306206211, "var": 0.000901881430764, "min": 5.76669501729e-23, "dmean": 0.0108878780156, "mean": 0.026584547013, "max": 0.156944766641, "dmean2": 0.014799865894, "median": 0.0140676982701, "dvar": 0.000295044184895}, "spectral_rolloff": {"dvar2": 2208779.5, "var": 1621473.25, "min": 64.599609375, "dmean": 465.389404297, "mean": 999.62298584, "max": 18367.8222656, "dmean2": 776.043762207, "median": 775.1953125, "dvar": 966146.625}, "barkbands": {"dvar2": [1.3038372515e-07, 0.000329684611643, 0.000520556757692, 0.000344528001733, 0.00028681565891, 1.80651568371e-06, 1.0824948049e-06, 2.25692087952e-06, 1.14995400509e-05, 9.73195074039e-06, 4.1938646973e-06, 6.09011920005e-07, 2.33114951698e-06, 1.0695630408e-06, 9.74172053247e-07, 3.05476874018e-07, 2.03740896154e-07, 2.58665153297e-07, 4.89532339998e-07, 6.69962162192e-07, 3.86109576311e-07, 2.15795040504e-07, 6.34793124732e-08, 3.35380541117e-08, 3.30540927962e-08, 8.80431905159e-09, 6.01523608701e-10], "var": [8.40605423491e-07, 0.000603454012889, 0.000161923962878, 7.70986589487e-05, 5.79538209422e-05, 9.68396534518e-07, 8.07940352843e-07, 8.84708299509e-07, 4.69187443741e-06, 6.47806382403e-06, 2.41863813244e-06, 3.71397533172e-07, 1.74982665158e-06, 6.27460451597e-07, 4.83573955989e-07, 1.97642108901e-07, 1.30589484115e-07, 1.59107457876e-07, 3.34976903105e-07, 5.53095446776e-07, 2.51577091603e-07, 1.79122835675e-07, 3.23367856936e-08, 3.37918990567e-08, 1.13432996329e-08, 2.58798338315e-09, 2.52011134183e-10], "min": [2.45566783106e-23, 3.85231040724e-23, 1.90948120844e-24, 1.37992472033e-23, 4.01836152571e-23, 6.49280929502e-23, 5.63062345311e-23, 4.26408728007e-23, 5.27732483919e-23, 5.46293623712e-23, 4.03509926085e-23, 7.86378896378e-23, 1.77393259593e-22, 3.53783889598e-23, 1.62529302603e-22, 2.094608088e-22, 1.11034494816e-22, 1.83650946056e-22, 1.98768562847e-22, 3.89879293167e-22, 6.26948125814e-22, 7.19002715603e-22, 5.26322694818e-22, 9.08944972528e-22, 1.5253807253e-21, 1.50619734464e-21, 1.84853218038e-21], "dmean": [0.000262119690888, 0.0091330204159, 0.00518734846264, 0.0037510425318, 0.00331556401215, 0.000588515365962, 0.000517616863362, 0.000441791053163, 0.00112805934623, 0.00107094040141, 0.000607534719165, 0.000267474999418, 0.000539237225894, 0.00032335225842, 0.000337690027663, 0.00020177551778, 0.000151975080371, 0.00014753061987, 0.000189073267393, 0.000206100943615, 0.00016881513875, 0.000117628624139, 6.85984850861e-05, 5.31500663783e-05, 3.61376733053e-05, 2.08197434404e-05, 5.77043238081e-06], "mean": [0.00069485156564, 0.0203845500946, 0.00419622380286, 0.00278870365582, 0.00255434890278, 0.000807582458947, 0.000762766576372, 0.000511735037435, 0.00142472842708, 0.00138434476685, 0.000830254633911, 0.000374788418412, 0.000704077305272, 0.000388177693821, 0.000388520420529, 0.000255442108028, 0.000199536792934, 0.000200803406187, 0.000262776622549, 0.000267314608209, 0.000187820667634, 0.000150807172759, 9.71451736405e-05, 7.82872593845e-05, 4.02622426918e-05, 1.87470777746e-05, 5.09385699843e-06], "max": [0.010634274222, 0.129400134087, 0.103049859405, 0.0797346904874, 0.0725478455424, 0.0129764536396, 0.0193509571254, 0.0198940746486, 0.0267516113818, 0.0428934693336, 0.0251217074692, 0.0131346322596, 0.020215863362, 0.0161663927138, 0.0147539898753, 0.00553592015058, 0.00496202381328, 0.00743638072163, 0.0146658457816, 0.0164198279381, 0.0117560019717, 0.00767774507403, 0.00195674155839, 0.00328485993668, 0.00158592464868, 0.000952566624619, 0.000242524198256], "dmean2": [0.000244832190219, 0.0111309587955, 0.00867751706392, 0.00674426695332, 0.00614632852376, 0.000976335199084, 0.000861346372403, 0.000763638119679, 0.00196109851822, 0.00175375200342, 0.00103474862408, 0.000450051040389, 0.000877030892298, 0.00053697504336, 0.000576410384383, 0.00033859530231, 0.000252811645623, 0.000245895556873, 0.000308709189994, 0.000331065733917, 0.000278843130218, 0.000188465812244, 0.000109235239506, 8.24266462587e-05, 5.94436205574e-05, 3.48695939465e-05, 9.58431337494e-06], "median": [0.000246095616603, 0.0101069677621, 0.000545627553947, 0.000395289593143, 0.000690743501764, 0.000496102496982, 0.000476766581414, 0.00024206659873, 0.000712722772732, 0.000612939940766, 0.000293524411973, 0.000204081210541, 0.000275586993666, 0.00014649372315, 0.000160347786732, 0.000114657312224, 8.88814829523e-05, 7.62623312767e-05, 9.29318775889e-05, 6.43383245915e-05, 4.66846067866e-05, 3.06111469399e-05, 3.18972888635e-05, 2.0196333935e-05, 6.13212887401e-06, 8.69982102358e-07, 9.72244595943e-09], "dvar": [1.26360660602e-07, 0.000180223825737, 0.000206949160201, 0.000123686462757, 0.000100048353488, 7.03020873516e-07, 4.40278569158e-07, 8.3570625975e-07, 4.1529497139e-06, 4.26167935075e-06, 1.50148582634e-06, 2.38435717392e-07, 1.0458769566e-06, 4.45268881322e-07, 3.95005969267e-07, 1.28647286601e-07, 8.45595877763e-08, 1.06134429245e-07, 2.00368276637e-07, 2.86416877771e-07, 1.66229852994e-07, 9.68232924947e-08, 2.42220536961e-08, 1.48741685635e-08, 1.21593597413e-08, 3.27336446837e-09, 2.3951915451e-10]}, "melbands_skewness": {"dvar2": 3.27836370468, "var": 9.61042404175, "min": -2.99666762352, "dmean": 1.16987979412, "mean": 3.64865446091, "max": 31.8256053925, "dmean2": 1.64251363277, "median": 2.72702074051, "dvar": 1.87368166447}, "barkbands_skewness": {"dvar2": 2.28419709206, "var": 5.10097265244, "min": -3.68633723259, "dmean": 0.888286650181, "mean": 2.32663750648, "max": 33.3934326172, "dmean2": 1.25914037228, "median": 1.69790935516, "dvar": 1.16004443169}, "erbbands": {"dvar2": [0.281126469374, 20.7096691132, 406.023651123, 2044.97546387, 5330.14550781, 2008.60998535, 248.974014282, 93.9942016602, 188.984725952, 389.674926758, 1464.38464355, 4096.12109375, 7045.97705078, 5482.01318359, 2031.80957031, 1299.47802734, 3757.12768555, 2497.60546875, 2294.41259766, 2890.77709961, 665.429626465, 756.873718262, 929.89453125, 853.642456055, 1131.62683105, 1615.62902832, 906.363098145, 407.264678955, 220.199569702, 145.884994507, 36.2188262939, 24.1377277374, 6.23699712753, 3.08325862885, 2.27206492424, 0.462327569723, 0.0135002341121, 0.00101853627712, 2.82754226646e-05, 1.48340912887e-08], "var": [0.721012413502, 30.7526226044, 173.29750061, 505.628692627, 1153.74633789, 399.279205322, 82.1563644409, 48.1991348267, 145.172225952, 217.533752441, 689.164916992, 1717.87756348, 3405.49243164, 3977.55371094, 1175.96179199, 916.528503418, 2741.36328125, 1777.6862793, 1295.90283203, 1240.13171387, 469.531585693, 475.034393311, 580.006286621, 578.752197266, 945.446777344, 1268.88134766, 681.572143555, 241.332382202, 168.13092041, 127.457092285, 19.1537628174, 24.6896476746, 3.85774898529, 1.32291352749, 0.664624631405, 0.116817854345, 0.00485862419009, 0.000394080299884, 1.14931535791e-05, 8.94903795512e-09], "min": [1.624966425e-21, 6.63438069645e-21, 4.72389276897e-21, 2.40236449717e-20, 6.2467975464e-20, 1.37876183485e-19, 5.81758089362e-19, 3.39611227247e-19, 1.03834648465e-18, 5.56048747238e-19, 8.12227616921e-19, 1.28947696766e-18, 1.51724145952e-18, 2.0544000382e-18, 1.64439804142e-18, 3.05370246057e-18, 6.7629790574e-18, 4.98815800123e-18, 6.42559028351e-18, 1.03914903596e-17, 8.82687409506e-18, 7.92817875546e-18, 8.48474971216e-18, 9.5630234812e-18, 1.2860830456e-17, 1.66552402747e-17, 2.58051482513e-17, 2.1870958144e-17, 2.81068825305e-17, 1.5867312691e-17, 1.63363389875e-17, 1.68557074962e-17, 1.75639643521e-17, 1.6688985935e-17, 1.075215186e-17, 4.98709135183e-18, 3.15131969902e-18, 1.05516399708e-18, 2.3835966738e-19, 2.81018457244e-20], "dmean": [0.301149338484, 2.06690192223, 5.20698070526, 9.39700603485, 14.709654808, 8.70328426361, 5.281208992, 4.42331457138, 6.28642988205, 8.55310821533, 12.1726341248, 22.2012577057, 30.4864654541, 28.9208507538, 15.5558223724, 13.1046876907, 21.8498191833, 16.1542034149, 15.4706087112, 18.420003891, 9.42241001129, 9.05398368835, 8.8195104599, 8.46781253815, 8.72175884247, 10.3261518478, 7.64477062225, 5.69432163239, 4.1409945488, 3.029556036, 1.74214994907, 1.31858789921, 0.724810957909, 0.415383398533, 0.264173746109, 0.108192697167, 0.0319038964808, 0.00802133139223, 0.00124312471598, 4.00009230361e-05], "mean": [0.749063670635, 3.90877628326, 5.21797513962, 7.31349945068, 11.0383844376, 6.68242263794, 6.19703531265, 6.19567632675, 9.40687847137, 11.5370225906, 16.1026248932, 29.0472373962, 38.8282814026, 42.6462974548, 23.2499904633, 19.5411052704, 29.4001064301, 21.4486885071, 18.2304458618, 20.817199707, 12.3682832718, 12.0568799973, 12.154214859, 12.2726974487, 11.8993339539, 13.3970499039, 9.21535205841, 6.36259031296, 5.14207363129, 4.14419651031, 2.53356027603, 2.03444862366, 0.963938355446, 0.509014427662, 0.266555041075, 0.0991236269474, 0.0285203326494, 0.00705862697214, 0.00111736706458, 7.1157614002e-05], "max": [4.04974317551, 32.9465293884, 104.223251343, 224.334533691, 322.400421143, 237.98979187, 152.920684814, 102.137306213, 315.551696777, 312.067047119, 510.086791992, 480.011749268, 750.833190918, 1145.37121582, 501.555175781, 658.029052734, 1014.5758667, 1054.30517578, 842.749938965, 577.865478516, 346.776885986, 306.00402832, 400.648834229, 784.626220703, 774.30871582, 688.062072754, 602.550109863, 477.272918701, 320.675384521, 194.221755981, 50.742389679, 84.3254547119, 31.1677074432, 14.7213897705, 13.4614028931, 7.33800125122, 0.875111758709, 0.314594477415, 0.0520529821515, 0.00096958730137], "dmean2": [0.35682991147, 2.56127476692, 8.02135276794, 16.3455524445, 26.8102874756, 16.1636161804, 9.10166072845, 7.34601402283, 10.337677002, 14.5933465958, 20.6136398315, 38.2750434875, 51.6493988037, 48.007396698, 26.3120288849, 21.3979587555, 35.7435531616, 26.4016914368, 25.9627876282, 31.7113742828, 15.5838060379, 15.0754442215, 14.740650177, 13.7783679962, 14.1258716583, 16.7547187805, 12.4946699142, 9.46210670471, 6.66638326645, 4.77129602432, 2.72491931915, 2.06066918373, 1.15394687653, 0.674607396126, 0.443226307631, 0.182619482279, 0.0529391542077, 0.0132807819173, 0.00209159357473, 6.19553029537e-05], "median": [0.392781883478, 1.64653861523, 1.09327042103, 1.36156475544, 2.18253993988, 2.01909732819, 3.33676075935, 4.08661746979, 5.61694145203, 6.89700841904, 8.83464336395, 15.2562103271, 18.0741539001, 19.334777832, 11.8584270477, 10.6046228409, 12.1023616791, 8.82295894623, 7.44727516174, 8.56610679626, 5.48813581467, 5.47504043579, 5.04317855835, 4.64238739014, 3.732432127, 3.27681016922, 2.22349524498, 1.48547136784, 1.11487329006, 0.937550544739, 0.86761713028, 0.546893954277, 0.254654467106, 0.100026465952, 0.0305450446904, 0.00640432024375, 0.00125245132949, 0.00017615390243, 3.05582143483e-05, 3.94620947191e-05], "dvar": [0.163652151823, 11.738656044, 174.348022461, 753.670776367, 1895.47143555, 697.359680176, 89.8138275146, 36.533454895, 78.6407928467, 150.503799438, 559.540710449, 1463.40478516, 2728.72900391, 2218.29125977, 745.952331543, 537.898498535, 1638.14404297, 1082.08239746, 977.770996094, 1102.03344727, 292.9894104, 313.258514404, 386.582244873, 355.017181396, 487.194122314, 680.506713867, 400.934173584, 169.381820679, 96.1930389404, 64.0463562012, 14.0604047775, 10.4269142151, 2.52026844025, 1.15379750729, 0.827024757862, 0.167709380388, 0.00522063858807, 0.000399222859414, 1.11104327516e-05, 6.19552942283e-09]}, "silence_rate_30dB": {"dvar2": 0.146534338593, "var": 0.0458429008722, "min": 0, "dmean": 0.0626538395882, "mean": 0.951837539673, "max": 1, "dmean2": 0.125314682722, "median": 1, "dvar": 0.0587227791548}, "melbands_spread": {"dvar2": 213.611724854, "var": 247.130386353, "min": 0.271661937237, "dmean": 6.98399829865, "mean": 17.3377113342, "max": 182.96774292, "dmean2": 10.7823524475, "median": 13.1812620163, "dvar": 98.6183013916}, "melbands_crest": {"dvar2": 24.9106502533, "var": 70.8114089966, "min": 1.85790503025, "dmean": 3.91454362869, "mean": 19.6231536865, "max": 35.7877388, "dmean2": 5.53742361069, "median": 19.9443912506, "dvar": 11.5556488037}, "zerocrossingrate": {"dvar2": 0.00022890776745, "var": 0.00106602883898, "min": 0.00048828125, "dmean": 0.0100563652813, "mean": 0.0413632132113, "max": 0.50341796875, "dmean2": 0.0116784581915, "median": 0.03515625, "dvar": 0.000176913556061}, "barkbands_kurtosis": {"dvar2": 2881.13598633, "var": 1397.0579834, "min": -1.89341831207, "dmean": 8.14709949493, "mean": 11.9517021179, "max": 1795.33837891, "dmean2": 12.2980070114, "median": 2.92802476883, "dvar": 1147.53283691}, "spectral_flux": {"dvar2": 0.00224135094322, "var": 0.00557214161381, "min": 1.01795981367e-10, "dmean": 0.0346024557948, "mean": 0.104764163494, "max": 0.42002171278, "dmean2": 0.0456589311361, "median": 0.0788357257843, "dvar": 0.00172301707789}, "barkbands_crest": {"dvar2": 15.0794181824, "var": 41.2472267151, "min": 2.24184060097, "dmean": 3.12885785103, "mean": 14.2742185593, "max": 26.7136154175, "dmean2": 4.38716459274, "median": 13.6050081253, "dvar": 7.46706914902}, "barkbands_flatness_db": {"dvar2": 0.00291873584501, "var": 0.00765720708296, "min": 0.0206721294671, "dmean": 0.0358824320138, "mean": 0.191782578826, "max": 0.520994603634, "dmean2": 0.0500709079206, "median": 0.181325614452, "dvar": 0.00136490561999}, "spectral_entropy": {"dvar2": 0.230606019497, "var": 0.332660764456, "min": 4.61793375015, "dmean": 0.237295642495, "mean": 7.53408956528, "max": 9.80543136597, "dmean2": 0.361216932535, "median": 7.70236110687, "dvar": 0.0897607952356}, "pitch_salience": {"dvar2": 0.0133077232167, "var": 0.0403298996389, "min": 0.0251809954643, "dmean": 0.0915554985404, "mean": 0.451516717672, "max": 0.904380500317, "dmean2": 0.128322482109, "median": 0.476821541786, "dvar": 0.00738216284662}, "erbbands_spread": {"dvar2": 393.016174316, "var": 491.64050293, "min": 0.95052331686, "dmean": 11.0460691452, "mean": 35.068572998, "max": 209.115493774, "dmean2": 16.9565582275, "median": 30.3015441895, "dvar": 178.15725708}, "dynamic_complexity": 2.27102804184, "spectral_contrast_valleys": {"dvar2": [0.362156838179, 0.32876637578, 0.28391328454, 0.387181669474, 0.681411623955, 0.695853710175], "var": [2.11876940727, 0.433508634567, 0.403067588806, 0.522870898247, 1.04837369919, 1.78416264057], "min": [-27.0473232269, -27.1894321442, -27.132226944, -27.0391540527, -27.4445858002, -27.205072403], "dmean": [0.40889403224, 0.411841750145, 0.388960033655, 0.420321762562, 0.448622941971, 0.474585056305], "mean": [-7.36940002441, -6.61486625671, -6.90042352676, -7.38103246689, -7.71211242676, -10.586689949], "max": [-5.41232585907, -4.92065954208, -5.11732387543, -5.55067586899, -5.52224588394, -8.04901218414], "dmean2": [0.633394360542, 0.675599813461, 0.617026984692, 0.635955870152, 0.639885663986, 0.642939507961], "median": [-6.80508613586, -6.52909040451, -6.85071134567, -7.30844211578, -7.53336763382, -10.2831478119], "dvar": [0.197727650404, 0.139956563711, 0.125592961907, 0.16976390779, 0.281412780285, 0.322750151157]}, "hfc": {"dvar2": 322.664459229, "var": 264.92565918, "min": 1.08954549454e-16, "dmean": 8.01820468903, "mean": 16.7960643768, "max": 148.884277344, "dmean2": 12.2921094894, "median": 11.3197565079, "dvar": 134.022369385}, "spectral_kurtosis": {"dvar2": 198.436401367, "var": 168.880249023, "min": -1.16877710819, "dmean": 4.45265388489, "mean": 8.36324310303, "max": 157.380111694, "dmean2": 7.14636230469, "median": 3.9398598671, "dvar": 79.4745635986}, "mfcc": {"mean": [-661.697998047, 139.967330933, -7.01735305786, 13.9846878052, -2.6936647892, 9.40126037598, 6.56761360168, 10.547123909, 4.52104616165, 9.61671924591, 1.53574979305, 1.63453733921, -0.114735305309], "cov": [[5553.17041016, -2610.87329102, 321.135406494, 683.123779297, 101.79788208, 318.338989258, 76.0487060547, 142.69519043, 15.7732048035, 84.3777999878, -69.0930099487, 26.1951808929, -127.804611206], [-2610.87329102, 2792.77563477, -204.264602661, -36.9763793945, 120.424995422, -57.3886070251, 146.158493042, 3.49089694023, 17.6536540985, -30.5183982849, 41.5813446045, 16.7689533234, 39.8649024963], [321.135406494, -204.264602661, 1133.89672852, 356.948577881, 361.548492432, 330.28338623, 177.145523071, 226.510055542, 136.314285278, 79.0034790039, 43.5383872986, 77.0872650146, 47.0918045044], [683.123779297, -36.9763793945, 356.948577881, 684.005737305, 334.783782959, 262.32510376, 220.220123291, 168.465286255, 101.525253296, 92.8964920044, 63.1322669983, 73.8908081055, 34.4541397095], [101.79788208, 120.424995422, 361.548492432, 334.783782959, 541.083312988, 276.353118896, 162.229888916, 187.452911377, 126.112640381, 109.190010071, 99.0362319946, 78.1969680786, 76.1868896484], [318.338989258, -57.3886070251, 330.28338623, 262.32510376, 276.353118896, 320.848205566, 167.10760498, 131.080810547, 95.593788147, 75.164024353, 67.0958557129, 64.9049758911, 46.0274047852], [76.0487060547, 146.158493042, 177.145523071, 220.220123291, 162.229888916, 167.10760498, 211.456665039, 136.471939087, 69.3251647949, 57.0639572144, 42.9721412659, 53.3872680664, 46.234954834], [142.69519043, 3.49089694023, 226.510055542, 168.465286255, 187.452911377, 131.080810547, 136.471939087, 218.242050171, 103.775291443, 79.6873245239, 50.7391281128, 57.1860427856, 57.1199111938], [15.7732048035, 17.6536540985, 136.314285278, 101.525253296, 126.112640381, 95.593788147, 69.3251647949, 103.775291443, 147.955047607, 78.1866226196, 49.5760040283, 49.9930915833, 48.4977531433], [84.3777999878, -30.5183982849, 79.0034790039, 92.8964920044, 109.190010071, 75.164024353, 57.0639572144, 79.6873245239, 78.1866226196, 144.885482788, 83.504524231, 57.2098388672, 50.167514801], [-69.0930099487, 41.5813446045, 43.5383872986, 63.1322669983, 99.0362319946, 67.0958557129, 42.9721412659, 50.7391281128, 49.5760040283, 83.504524231, 129.821868896, 78.5616378784, 41.5571250916], [26.1951808929, 16.7689533234, 77.0872650146, 73.8908081055, 78.1969680786, 64.9049758911, 53.3872680664, 57.1860427856, 49.9930915833, 57.2098388672, 78.5616378784, 113.886001587, 64.0818481445], [-127.804611206, 39.8649024963, 47.0918045044, 34.4541397095, 76.1868896484, 46.0274047852, 46.234954834, 57.1199111938, 48.4977531433, 50.167514801, 41.5571250916, 64.0818481445, 102.232063293]], "icov": [[0.000488561636303, 0.000421356933657, 0.000181209456059, -0.000440348259872, 7.27948136046e-05, -0.00036791889579, 0.000110656583274, -0.000299913837807, 0.000240419205511, -0.000376902666176, 0.000796026899479, -0.000761107134167, 0.000964723294601], [0.000421356933657, 0.000810027006082, 0.000214510844671, -0.000223336741328, -0.000278459308902, 0.000212356986594, -0.000806170108262, 0.000120013566629, -7.19894978829e-06, 3.05284775095e-05, 0.000388804881368, -0.000539801374543, 0.00076554378029], [0.000181209456059, 0.000214510844671, 0.00151997036301, -0.000328117108438, -0.00022374575201, -0.00122700282373, 0.000522706890479, -0.00102576089557, -6.64992548991e-05, 1.94614403881e-05, 0.00100534781814, -0.000873772893101, 0.000770242069848], [-0.000440348259872, -0.000223336741328, -0.000328117108438, 0.00324319815263, -0.00119431107305, 0.000176889734576, -0.00232055713423, 0.000655516865663, -0.000250765559031, -0.000237384854699, -2.44768762059e-05, -0.000326966226567, 0.000538696127478], [7.27948136046e-05, -0.000278459308902, -0.00022374575201, -0.00119431107305, 0.00462954305112, -0.00278151105158, 0.00176901498344, -0.00188116705976, -6.09072994848e-05, -0.000103113612568, -0.00142178707756, 0.00132922083139, -0.00141736236401], [-0.00036791889579, 0.000212356986594, -0.00122700282373, 0.000176889734576, -0.00278151105158, 0.00959514547139, -0.00543261459097, 0.00233513419516, -0.00171731272712, 0.00068201526301, -0.00183233863208, 0.000320978550008, -0.00010840480536], [0.000110656583274, -0.000806170108262, 0.000522706890479, -0.00232055713423, 0.00176901498344, -0.00543261459097, 0.0139630846679, -0.00604909053072, 0.0014065913856, -0.000326526904246, 0.00107250793371, -0.000906120520085, -0.00118854793254], [-0.000299913837807, 0.000120013566629, -0.00102576089557, 0.000655516865663, -0.00188116705976, 0.00233513419516, -0.00604909053072, 0.0119257140905, -0.00394781352952, -0.00101490970701, -0.000160659998073, 0.000339602585882, -0.00152380228974], [0.000240419205511, -7.19894978829e-06, -6.64992548991e-05, -0.000250765559031, -6.09072994848e-05, -0.00171731272712, 0.0014065913856, -0.00394781352952, 0.0127619476989, -0.00411003921181, 0.00114749488421, -0.00135527178645, -0.000847479968797], [-0.000376902666176, 3.05284775095e-05, 1.94614403881e-05, -0.000237384854699, -0.000103113612568, 0.00068201526301, -0.000326526904246, -0.00101490970701, -0.00411003921181, 0.0148927569389, -0.00834433641285, 0.00264587509446, -0.00355252902955], [0.000796026899479, 0.000388804881368, 0.00100534781814, -2.44768762059e-05, -0.00142178707756, -0.00183233863208, 0.00107250793371, -0.000160659998073, 0.00114749488421, -0.00834433641285, 0.0202468577772, -0.0123726632446, 0.00495353760198], [-0.000761107134167, -0.000539801374543, -0.000873772893101, -0.000326966226567, 0.00132922083139, 0.000320978550008, -0.000906120520085, 0.000339602585882, -0.00135527178645, 0.00264587509446, -0.0123726632446, 0.0231431592256, -0.0112761212513], [0.000964723294601, 0.00076554378029, 0.000770242069848, 0.000538696127478, -0.00141736236401, -0.00010840480536, -0.00118854793254, -0.00152380228974, -0.000847479968797, -0.00355252902955, 0.00495353760198, -0.0112761212513, 0.0198467448354]]}, "silence_rate_20dB": {"dvar2": 0, "var": 0, "min": 1, "dmean": 0, "mean": 1, "max": 1, "dmean2": 0, "median": 1, "dvar": 0}, "melbands_kurtosis": {"dvar2": 2844.35400391, "var": 4051.35766602, "min": -1.8235578537, "dmean": 17.0618247986, "mean": 30.6564064026, "max": 1350.73864746, "dmean2": 24.3563156128, "median": 9.17308998108, "dvar": 1494.8704834}, "barkbands_spread": {"dvar2": 118.841552734, "var": 152.555358887, "min": 0.0965859740973, "dmean": 5.96610546112, "mean": 16.5574436188, "max": 107.125534058, "dmean2": 9.2109708786, "median": 13.8871917725, "dvar": 53.1991691589}, "erbbands_skewness": {"dvar2": 0.488527357578, "var": 0.599820673466, "min": -3.69394159317, "dmean": 0.478733003139, "mean": 0.186068445444, "max": 7.71095705032, "dmean2": 0.737426817417, "median": 0.200037509203, "dvar": 0.202191978693}, "average_loudness": 0.973072052002, "spectral_centroid": {"dvar2": 274559.21875, "var": 444083.65625, "min": 95.4149627686, "dmean": 321.341064453, "mean": 1256.14526367, "max": 11094.4726562, "dmean2": 489.450195312, "median": 1152.56591797, "dvar": 129309.125}, "dissonance": {"dvar2": 0.00167878600769, "var": 0.000981996883638, "min": 0.14132925868, "dmean": 0.021270217374, "mean": 0.469115495682, "max": 0.500000238419, "dmean2": 0.0362426750362, "median": 0.478419423103, "dvar": 0.000620149017777}, "erbbands_flatness_db": {"dvar2": 0.00177895161323, "var": 0.