{"tonal": {"thpcp": [1, 0.600317060947, 0.252561271191, 0.141583949327, 0.0450066775084, 0.18520514667, 0.297669887543, 0.215773105621, 0.300485372543, 0.379226863384, 0.190248429775, 0.0662236362696, 0.0427927970886, 0.0384424738586, 0.189650967717, 0.27049562335, 0.118638314307, 0.0166198145598, 0.0149194803089, 0.0486647561193, 0.599296092987, 0.993749082088, 0.505527496338, 0.21327778697, 0.184209346771, 0.0560799837112, 0.053406663239, 0.0722553730011, 0.0653583779931, 0.3790102005, 0.627488315105, 0.308551996946, 0.054381955415, 0.0474624671042, 0.0837351754308, 0.592439115047], "hpcp": {"dmean2": [0.109523646533, 0.05878707394, 0.0187399722636, 0.0166194736958, 0.0418089069426, 0.144486308098, 0.169968724251, 0.133295729756, 0.0670743137598, 0.0583064816892, 0.0371565110981, 0.0307186748832, 0.0384936332703, 0.0412921011448, 0.0897420421243, 0.102162502706, 0.0860396921635, 0.0444970913231, 0.0364956483245, 0.062881283462, 0.153474092484, 0.176106914878, 0.127698227763, 0.0660743787885, 0.039190556854, 0.037213653326, 0.0882638767362, 0.140266731381, 0.133721634746, 0.163114756346, 0.184583961964, 0.110621891916, 0.0503870919347, 0.0306214410812, 0.0339932255447, 0.0906353294849], "median": [0.0329782292247, 0.0126828663051, 0.000743307347875, 0.00061207159888, 0.00402613310143, 0.160415545106, 0.276413887739, 0.156314566731, 0.00265296641737, 0.00235297624022, 0.00347896036692, 0.00426198076457, 0.00480679515749, 0.00800465419888, 0.0372027941048, 0.050079792738, 0.0252604130656, 0.00313130696304, 0.00209654704668, 0.00750231603161, 0.172789946198, 0.286834090948, 0.147738516331, 0.00427086558193, 0.00139363214839, 0.00213087070733, 0.0186309032142, 0.0293795783073, 0.02312252298, 0.0207788627595, 0.0271412916481, 0.0184019543231, 0.00296411756426, 0.00183221558109, 0.00381271587685, 0.024131314829], "min": [0, 0, 0, 0, 0, 0, 0, 0, 0, 0, 0, 0, 0, 0, 0, 0, 0, 0, 0, 0, 0, 0, 0, 0, 0, 0, 0, 0, 0, 0, 0, 0, 0, 0, 0, 0], "dvar2": [0.0474922396243, 0.0160644501448, 0.00448231585324, 0.00708206137642, 0.0134157678112, 0.0438752397895, 0.0726561769843, 0.0380170568824, 0.0350388586521, 0.0293182507157, 0.0148068703711, 0.0117170056328, 0.0147916506976, 0.0142057808116, 0.0296510253102, 0.0453569740057, 0.033164549619, 0.0191439371556, 0.0138418814167, 0.0315787754953, 0.0469674579799, 0.0753801316023, 0.0402438342571, 0.0304180141538, 0.0148856351152, 0.0155752794817, 0.0348890312016, 0.0670386403799, 0.0592359006405, 0.0881599709392, 0.105481281877, 0.0488162897527, 0.0232209451497, 0.00986680295318, 0.0120229246095, 0.032756511122], "dvar": [0.0201252400875, 0.00655686762184, 0.00156456476543, 0.00239206734113, 0.0047719120048, 0.0181036200374, 0.0335629284382, 0.014503643848, 0.0153357051313, 0.0123184788972, 0.00532868970186, 0.00460535567254, 0.00628587510437, 0.00534204952419, 0.0129317138344, 0.0224007498473, 0.0135893812403, 0.00733791803941, 0.0053296093829, 0.0112365800887, 0.0192036032677, 0.0339694172144, 0.0161414779723, 0.0117067070678, 0.00564011046663, 0.00545318797231, 0.014129624702, 0.0273774750531, 0.0212145000696, 0.0332103446126, 0.0399305485189, 0.0180492550135, 0.00827718898654, 0.00345128634945, 0.00426840409636, 0.0128918895498], "dmean": [0.0668059661984, 0.0354770720005, 0.0101932454854, 0.00897886324674, 0.0235144905746, 0.0896168276668, 0.10728085041, 0.0821975767612, 0.0388733334839, 0.0345966443419, 0.0211774781346, 0.0185749102384, 0.0239721015096, 0.0243234280497, 0.0568274185061, 0.0657804757357, 0.052173640579, 0.0258016120642, 0.0216987337917, 0.0361400991678, 0.0957521125674, 0.11075694114, 0.0792507305741, 0.0378875844181, 0.0227794405073, 0.0205616559833, 0.0557389445603, 0.0847036391497, 0.0772931873798, 0.0957332327962, 0.108851514757, 0.0665171295404, 0.027791025117, 0.0168047230691, 0.0189884137362, 0.0539670437574], "max": [1, 1, 0.81876462698, 1, 1, 1, 1, 1, 1, 1, 1, 1, 1, 1, 1, 1, 1, 1, 1, 1, 1, 1, 1, 1, 1, 1, 1, 1, 1, 1, 1, 1, 1, 0.99021178484, 1, 1], "var": [0.049043238163, 0.0112416557968, 0.00109023205005, 0.00170110433828, 0.00426212139428, 0.0609687007964, 0.15153439343, 0.038802716881, 0.0639540106058, 0.0474041104317, 0.00556716043502, 0.00471103889868, 0.00953944399953, 0.0052708722651, 0.053550299257, 0.145411431789, 0.0395139791071, 0.00641951430589, 0.00508722942322, 0.0100238621235, 0.0617841258645, 0.154142901301, 0.077207326889, 0.0707294866443, 0.027944162488, 0.00484975986183, 0.0234891232103, 0.0550388135016, 0.0276854876429, 0.0518669933081, 0.0756597518921, 0.0246912110597, 0.00679433299229, 0.00291510019451, 0.00289791519754, 0.0248603150249], "mean": [0.116855345666, 0.0512522943318, 0.00717983581126, 0.00644528353587, 0.0210233964026, 0.258898645639, 0.429304152727, 0.218390181661, 0.0921369791031, 0.0795792788267, 0.0242268089205, 0.0230719223619, 0.0312146507204, 0.0282351169735, 0.163734138012, 0.271077811718, 0.133295878768, 0.0234932526946, 0.0205040033907, 0.0361739769578, 0.255936414003, 0.432004570961, 0.259339720011, 0.109107628465, 0.0611649155617, 0.0194430910051, 0.0800094678998, 0.128594756126, 0.0932149663568, 0.129811048508, 0.163827732205, 0.0821881890297, 0.0286089126021, 0.0184866841882, 0.0166073236614, 0.0819300860167]}, "tuning_equal_tempered_deviation": 0.0250421408564, "chords_changes_rate": 0.0280772130936, "key_key": "E", "tuning_diatonic_strength": 0.492642641068, "key_scale": "minor", "chords_number_rate": 0.00175482581835, "tuning_frequency": 442.548919678, "tuning_nontempered_energy_ratio": 0.606565773487, "chords_histogram": [55.6279754639, 7.97192287445, 15.5176734924, 0.752068161964, 0, 1.32865381241, 0.376034080982, 10.353471756, 0, 0.977688670158, 0, 0, 0, 0, 0, 0, 0, 0, 0, 0, 0.87741291523, 1.4790674448, 0.125344693661, 4.61268472672], "key_strength": 0.716383695602, "chords_key": "E", "chords_strength": {"dmean2": 0.00507505610585, "median": 0.481139183044, "min": -1, "dvar2": 0.000944459170569, "dvar": 0.000505279167555, "dmean": 0.00653452472761, "max": 0.741566121578, "var": 0.0228644236922, "mean": 0.478068679571}, "chords_scale": "minor", "hpcp_entropy": {"dmean2": 0.660260677338, "median": 1.44989180565, "min": 0, "dvar2": 0.474361658096, "dvar": 0.18192255497, "dmean": 0.403649181128, "max": 3.32441401482, "var": 0.471845597029, "mean": 1.37563693523}}, "metadata": {"audio_properties": {"equal_loudness": 0, "codec": "flac", "downmix": "mix", "sample_rate": 44100, "analysis_sample_rate": 44100, "bit_rate": 0, "md5_encoded": "df8a56af8c8e7b74c3b8c24193aaef2e", "length": 185.173339844, "replay_gain": -8.36119270325, "lossless": true}, "version": {"essentia_build_sha": "2d9f1f26377add8aeb1075a9c2973f962c4f09fd", "essentia": "2.1-beta2", "extractor": "music 1.0", "essentia_git_sha": "v2.1_beta2-1-ge3940c0"}, "tags": {"title": ["Castle in the Mist"], "barcode": ["4534530000767"], "media": ["CD"], "albumartist": ["Various Artists"], "tracktotal": ["16"], "albumartistsort": ["Various Artists"], "performer": ["Hitoshi Watanabe (bouzouki, electric upright bass, guitar, mandolin and ukulele)"], "releasetype": ["album", "soundtrack"], "musicbrainz_recordingid": ["1e5b371f-eb0f-44be-b219-6a49bf040542"], "artistsort": ["Oshima, Michiru"], "musicbrainz_releasegroupid": ["7b6d9a99-a5ef-338f-b3b5-e8cf9acfa26b"], "originalyear": ["2002"], "musicbrainz_releasetrackid": ["c77e7c6b-8504-3193-88c8-cda8e8df960d"], "discnumber": ["1"], "composersort": ["Oshima, Michiru"], "catalognumber": ["SVWC-7117"], "releasecountry": ["JP"], "compilation": ["1"], "musicbrainz_albumartistid": ["89ad4ac3-39f7-470e-963a-56509c546377"], "work": ["Castle in the Mist"], "date": ["2002-02-20"], "file_name": "04 - Castle in the Mist.flac", "musicbrainz_albumid": ["623c4c63-423b-4e3c-b9fa-92e408bbbb47"], "disctotal": ["1"], "tracknumber": ["4"], "releasestatus": ["pseudo-release"], "musicbrainz_artistid": ["e6fae4d5-2a94-433d-b046-e34d7d136429"], "originaldate": ["2002-02-20"], "musicbrainz_workid": ["232db45f-34e5-3b0a-8514-a7c82b87f625"], "artist": ["Michiru Oshima"], "arranger": ["Michiru Oshima"], "composer": ["Michiru Oshima"], "album": ["ICO: Melody in the Mist"], "label": ["VORN"], "totaltracks": ["16"], "totaldiscs": ["1"], "script": ["Latn"], "acoustid_id": ["30887a07-069c-462d-884d-35b06fe40af5"]}}, "rhythm": {"bpm_histogram_first_peak_bpm": {"dmean2": 0, "median": 152, "min": 152, "dvar2": 0, "dvar": 0, "dmean": 0, "max": 152, "var": 0, "mean": 152}, "bpm": 150.397918701, "bpm_histogram_second_peak_spread": {"dmean2": 0, "median": 0.285714298487, "min": 0.285714298487, "dvar2": 0, "dvar": 0, "dmean": 0, "max": 0.285714298487, "var": 0, "mean": 0.285714298487}, "bpm_histogram_first_peak_weight": {"dmean2": 0, "median": 0.44759824872, "min": 0.44759824872, "dvar2": 0, "dvar": 0, "dmean": 0, "max": 0.44759824872, "var": 0, "mean": 0.44759824872}, "onset_rate": 3.29930090904, "beats_position": [0.441179126501, 0.882358253002, 1.28870749474, 1.69505667686, 2.08979582787, 2.48453521729, 2.87927436829, 3.27401351929, 3.66875267029, 4.07510185242, 4.48145103455, 4.87619018555, 5.28253936768, 5.6888885498, 6.08362817764, 6.47836732864, 6.87310647964, 7.26784563065, 7.67419481277, 8.08054447174, 8.47528362274, 8.88163280487, 9.287981987, 9.682721138, 10.077460289, 10.47219944, 10.866938591, 11.2732877731, 11.6796369553, 12.0743761063, 12.4691152573, 12.8754644394, 13.2818136215, 13.6765527725, 14.0712919235, 14.4776411057, 14.8839902878, 15.2787294388, 15.6734695435, 16.0682086945, 16.4745578766, 16.8809070587, 17.2756462097, 17.6703853607, 18.0767345428, 18.483083725, 18.877822876, 19.2841720581, 19.6905212402, 20.0852603912, 20.4799995422, 20.8747386932, 21.2694778442, 21.6758270264, 22.0821762085, 22.4769153595, 22.8832645416, 23.2780036926, 23.6843528748, 24.0907020569, 24.497051239, 24.89179039, 25.286529541, 25.6696586609, 26.076007843, 26.470746994, 26.8770961761, 27.2834453583, 27.6781845093, 28.0729255676, 28.4792747498, 28.8856239319, 29.2803630829, 29.686712265, 30.0930614471, 30.4994106293, 30.8825397491, 31.2772789001, 31.6952381134, 32.0899772644, 32.4963264465, 32.9026756287, 33.2858047485, 33.6805419922, 34.0868911743, 34.4700202942, 34.8531494141, 35.2711105347, 35.6890678406, 36.0954170227, 36.5017662048, 36.8965072632, 37.2912483215, 37.6975975037, 38.0807266235, 38.4754638672, 38.8702049255, 39.2649421692, 39.6596832275, 40.0660324097, 40.4607696533, 40.8671188354, 41.2618598938, 41.6565971375, 42.0629463196, 42.4692955017, 42.8756446838, 43.2703857422, 43.6767349243, 44.071472168, 44.4778213501, 44.8841705322, 45.2789115906, 45.6736488342, 46.0916099548, 46.4863471985, 46.8926963806, 47.2990455627, 47.6937866211, 48.0885238647, 48.4832649231, 48.8896141052, 49.2959632874, 49.7023124695, 50.0854415894, 50.480178833, 50.8749198914, 51.269657135, 51.6643981934, 52.0823554993, 52.4770965576, 52.871837616, 53.2781867981, 53.6845359802, 54.0792732239, 54.4972343445, 54.8919715881, 55.2867126465, 55.6814498901, 56.0761909485, 56.4825401306, 56.8888893127, 57.2836265564, 57.6783676147, 58.0731048584, 58.4678459167, 58.8741950989, 59.280544281, 59.6752815247, 60.070022583, 60.4647598267, 60.8711090088, 61.2658500671, 61.6721992493, 62.0785484314, 62.4848976135, 62.8912467957, 63.2859840393, 63.6923332214, 64.0870742798, 64.4818115234, 64.8881607056, 65.2945098877, 65.6892471313, 66.0839920044, 66.478729248, 66.8734664917, 67.2682037354, 67.6629486084, 68.0460739136, 68.4408187866, 68.8239440918, 69.2302932739, 69.6366424561, 70.0429916382, 70.4493408203, 70.8556900024, 71.2620391846, 71.6683883667, 72.0747375488, 72.4694747925, 72.8758239746, 73.2821731567, 73.6885223389, 74.094871521, 74.4431762695, 74.7914733887, 75.1513824463, 75.5112915039, 75.8712005615, 76.2311096191, 76.5910186768, 76.9509277344, 77.310836792, 77.6707458496, 78.0190429688, 78.3673477173, 78.7156448364, 79.0639419556, 79.4122467041, 79.7605438232, 80.1088409424, 80.491973877, 80.8750991821, 81.2698364258, 81.6645812988, 82.070930481, 82.4888839722, 82.9184570313, 83.3131942749, 83.7079315186, 84.1026763916, 84.4974136353, 84.8921508789, 85.298500061, 85.7048492432, 86.1228103638, 86.4595031738, 86.7961883545, 87.1328811646, 87.4811782837, 87.9107437134, 88.3403167725, 88.7582778931, 89.1878433228, 89.5941925049, 90.0121536255, 90.4301147461, 90.8480682373, 91.2660293579, 91.67237854, 92.0787277222, 92.4734649658, 92.8798141479, 93.274559021, 93.6809082031, 94.0756454468, 94.4703826904, 94.8767318726, 95.2714691162, 95.6778182983, 96.0841674805, 96.4905166626, 96.8852615356, 97.2916107178, 97.6979598999, 98.0926971436, 98.4874343872, 98.8937835693, 99.288520813, 99.683265686, 100.07800293, 100.472740173, 100.867477417, 101.273826599, 101.680175781, 102.074920654, 102.481269836, 102.887619019, 103.282356262, 103.677093506, 104.071838379, 104.466575623, 104.861312866, 105.267662048, 105.67401123, 106.068748474, 106.475097656, 106.881446838, 107.276191711, 107.670928955, 108.077278137, 108.483627319, 108.889976501, 109.296325684, 109.691062927, 110.085800171, 110.480545044, 110.875282288, 111.270019531, 111.664756775, 112.071105957, 112.477455139, 112.872200012, 113.266937256, 113.673286438, 114.07963562, 114.474372864, 114.869110107, 115.26385498, 115.658592224, 116.064941406, 116.471290588, 116.866027832, 117.260765076, 117.667114258, 118.07346344, 118.479812622, 118.886169434, 119.280906677, 119.675643921, 120.070381165, 120.476730347, 120.883079529, 121.277824402, 121.695777893, 122.090522766, 122.48526001, 122.891609192, 123.286346436, 123.692695618, 124.0990448, 124.482177734, 124.876914978, 125.294876099, 125.689613342, 126.084350586, 126.47908783, 126.885437012, 127.291786194, 127.686531067, 128.092880249, 128.499221802, 128.893966675, 129.277099609, 129.671829224, 130.078186035, 130.472915649, 130.867660522, 131.262405396, 131.680358887, 132.086715698, 132.493057251, 132.887802124, 133.282531738, 133.677276611, 134.072021484, 134.466751099, 134.884719849, 135.279449463, 135.674194336, 136.068939209, 136.463668823, 136.858413696, 137.264755249, 137.682723999, 138.089065552, 138.483810425, 138.890151978, 139.284896851, 139.691238403, 140.085983276, 140.480728149, 140.875457764, 141.270202637, 141.66494751, 142.071289063, 142.477645874, 142.883987427, 143.290344238, 143.685073853, 144.079818726, 144.47454834, 144.869293213, 145.275650024, 145.681991577, 146.07673645, 146.471466064, 146.866210938, 147.27255249, 147.678909302, 148.085250854, 148.479995728, 148.886352539, 149.281082153, 149.675827026, 150.082168579, 150.488525391, 150.883255005, 151.277999878, 151.684356689, 152.090698242, 152.485443115, 152.880172729, 153.286529541, 153.692871094, 154.087615967, 154.48236084, 154.877090454, 155.271835327, 155.6665802, 156.072921753, 156.467666626, 156.850784302, 157.268753052, 157.686706543, 158.081451416, 158.487792969, 158.89414978, 159.288879395, 159.683624268, 160.078369141, 160.473098755, 160.867843628, 161.262588501, 161.668930054, 162.075286865, 162.470016479, 162.864761353, 163.271102905, 163.677459717, 164.08380127, 164.490158081, 164.884887695, 165.279632568, 165.674377441, 166.080718994, 166.487075806, 166.88180542, 167.276550293, 167.671295166, 168.077636719, 168.48399353, 168.878723145, 169.273468018, 169.668212891, 170.074554443, 170.480911255, 170.910476685, 171.340042114, 171.769607544, 172.199172974, 172.698410034, 173.197631836, 173.67364502, 174.149658203, 174.637283325, 175.124893188, 175.635726929, 176.146575928, 176.657409668, 177.179855347, 177.702316284, 178.224761963, 178.723983765, 179.223220825, 179.722442627, 180.175231934, 180.62802124, 181.080810547, 181.463943481, 181.858688354, 182.24180603, 182.624938965, 183.008071899, 183.391204834, 183.77432251, 184.169067383, 184.563812256], "beats_loudness": {"dmean2": 0.0419131070375, "median": 0.0323743708432, "min": 6.82615797221e-10, "dvar2": 0.00128254538868, "dvar": 0.000458960974356, "dmean": 0.0238040052354, "max": 0.134196922183, "var": 0.000645012594759, "mean": 0.0383221842349}, "danceability": 1.128490448, "bpm_histogram_second_peak_weight": {"dmean2": 0, "median": 0.0436681210995, "min": 0.0436681210995, "dvar2": 0, "dvar": 0, "dmean": 0, "max": 0.0436681210995, "var": 0, "mean": 0.0436681210995}, "beats_count": 459, "bpm_histogram_second_peak_bpm": {"dmean2": 0, "median": 144, "min": 144, "dvar2": 0, "dvar": 0, "dmean": 0, "max": 144, "var": 0, "mean": 144}, "bpm_histogram_first_peak_spread": {"dmean2": 0, "median": 0.445945948362, "min": 0.445945948362, "dvar2": 0, "dvar": 0, "dmean": 0, "max": 0.445945948362, "var": 0, "mean": 0.445945948362}, "beats_loudness_band_ratio": {"dmean2": [0.224651783705, 0.355775684118, 0.238157272339, 0.12098493427, 0.0418740287423, 0.0358450040221], "median": [0.202405527234, 0.375847965479, 0.222020551562, 0.0526901520789, 0.0151293203235, 0.0131220463663], "min": [0.000283217581455, 0.00121823337395, 0.00189092580695, 9.14177653613e-05, 1.25172107346e-06, 2.55483496403e-06], "dvar2": [0.0674265027046, 0.0669709220529, 0.0451214499772, 0.0201670713723, 0.00292112678289, 0.00225200084969], "dvar": [0.0255804806948, 0.0249164681882, 0.0153133962303, 0.00704788416624, 0.00106162356678, 0.00079629465472], "dmean": [0.130761027336, 0.209104001522, 0.141965314746, 0.0680622309446, 0.0231072511524, 0.020697940141], "max": [0.966561555862, 0.979343771935, 0.794566750526, 0.562145233154, 0.240335524082, 0.353560507298], "var": [0.0822771415114, 0.0487851984799, 0.0356244891882, 0.00730704376474, 0.000898703059647, 0.00127411657013], "mean": [0.283311754465, 0.390976190567, 0.265886753798, 0.0818307697773, 0.0237244963646, 0.0238735135645]}}, "lowlevel": {"barkbands_spread": {"dmean2": 3.58415699005, "median": 8.05697822571, "min": 0.215526387095, "dvar2": 37.7289428711, "dvar": 17.0825691223, "dmean": 2.33540844917, "max": 156.018722534, "var": 137.596176147, "mean": 10.2900524139}, "melbands_spread": {"dmean2": 3.65207481384, "median": 8.71877288818, "min": 0.463107705116, "dvar2": 41.5609054565, "dvar": 18.4762153625, "dmean": 2.42354273796, "max": 158.717788696, "var": 138.217803955, "mean": 11.1556797028}, "hfc": {"dmean2": 5.66614675522, "median": 8.22006797791, "min": 1.09661722704e-16, "dvar2": 170.871612549, "dvar": 76.2281951904, "dmean": 3.97290325165, "max": 174.351150513, "var": 173.979232788, "mean": 12.1357717514}, "barkbands_kurtosis": {"dmean2": 4.34263181686, "median": 4.58922386169, "min": -1.94833087921, "dvar2": 83.2805709839, "dvar": 40.3244819641, "dmean": 2.82067513466, "max": 390.494903564, "var": 147.140457153, "mean": 6.7776465416}, "gfcc": {"mean": [-87.6159362793, 132.752914429, -106.219795227, 2.39480400085, -72.693107605, -4.66726207733, -32.4537506104, -3.69941878319, -22.1599445343, -2.41108560562, -6.53208446503, 4.65605974197, -0.751198410988], "icov": [[0.000163698743563, -0.000385931489291, 0.000360871199518, -0.000330782408128, 0.0002797524794, -0.000435833790107, 0.000541587243788, -0.000503472634591, 0.000472093612188, -0.000740095623769, 0.000416947383201, -0.000431084394222, 0.000264706322923], [-0.000385931489291, 0.00172638741788, -0.00100794236641, 0.000923569488805, -0.000978292315267, 0.00106605887413, -0.0019257501699, 0.00176271167584, -0.00174390058964, 0.00276793027297, -0.0016629624879, 0.00205996236764, -0.000996871036477], [0.000360871199518, -0.00100794236641, 0.00195958302356, -0.00046909545199, -0.000496288645081, -0.00120488880202, 0.00101611588616, -0.00123979093041, 0.00193428830244, -0.00183862715494, 0.00155505980365, -0.000925391213968, 0.00159190478735], [-0.000330782408128, 0.000923569488805, -0.00046909545199, 0.00297799892724, -0.000882687163539, -0.000434197601862, -0.00140962225851, 0.000163093762239, -0.0013525064569, 0.00253966171294, -9.37001314014e-05, 0.000493779953104, 0.000207770746783], [0.0002797524794, -0.000978292315267, -0.000496288645081, -0.000882687163539, 0.00556392781436, -0.0021703473758, -0.000415035698097, -0.000388467917219, -0.0022424000781, -0.000772500701714, 0.000977113726549, -0.000144253877806, -0.000244060880505], [-0.000435833790107, 0.00106605887413, -0.00120488880202, -0.000434197601862, -0.0021703473758, 0.0086577469483, -0.00447124382481, 0.000839096377604, 0.000852995493915, -0.000218467597733, 7.49488681322e-05, 0.00100047909655, 0.000652407412417], [0.000541587243788, -0.0019257501699, 0.00101611588616, -0.00140962225851, -0.000415035698097, -0.00447124382481, 0.0111504029483, -0.00447588413954, 0.00119607138913, 3.47286149918e-05, -0.00140107912011, -0.000595676829107, -0.000577877508476], [-0.000503472634591, 0.00176271167584, -0.00123979093041, 0.000163093762239, -0.000388467917219, 0.000839096377604, -0.00447588413954, 0.0120599931106, -0.0048356987536, 0.00131854019128, 0.000578910287004, -0.000738986884244, 0.000804119103123], [0.000472093612188, -0.00174390058964, 0.00193428830244, -0.0013525064569, -0.0022424000781, 0.000852995493915, 0.00119607138913, -0.0048356987536, 0.0150761026889, -0.00579968420789, -0.000460362469312, 0.000371943286154, 0.000217889071791], [-0.000740095623769, 0.00276793027297, -0.00183862715494, 0.00253966171294, -0.000772500701714, -0.000218467597733, 3.47286149918e-05, 0.00131854019128, -0.00579968420789, 0.0133748892695, -0.00566744199023, 0.00356482109055, -0.000185214361409], [0.000416947383201, -0.0016629624879, 0.00155505980365, -9.37001314014e-05, 0.000977113726549, 7.49488681322e-05, -0.00140107912011, 0.000578910287004, -0.000460362469312, -0.00566744199023, 0.0123634980991, -0.00466373609379, 0.00268864189275], [-0.000431084394222, 0.00205996236764, -0.000925391213968, 0.000493779953104, -0.000144253877806, 0.00100047909655, -0.000595676829107, -0.000738986884244, 0.000371943286154, 0.00356482109055, -0.00466373609379, 0.0146878277883, -0.00483544683084], [0.000264706322923, -0.000996871036477, 0.00159190478735, 0.000207770746783, -0.000244060880505, 0.000652407412417, -0.000577877508476, 0.000804119103123, 0.000217889071791, -0.000185214361409, 0.00268864189275, -0.00483544683084, 0.013323687017]], "cov": [[24032.6132813, -477.305297852, -3164.30249023, 1088.18261719, -1342.12890625, 178.127792358, -645.05682373, 344.640350342, -182.102157593, 468.303436279, -100.788848877, 333.768280029, -83.2030029297], [-477.305297852, 3217.32910156, 1138.26977539, 101.289459229, 865.06036377, 269.075622559, 575.096191406, -65.3719024658, 184.043182373, -315.709289551, 52.4505996704, -291.37399292, 20.4529743195], [-3164.30249023, 1138.26977539, 1957.30249023, 215.232849121, 758.575317383, 386.923187256, 376.698791504, 68.2992095947, 39.5981178284, -118.614028931, -101.465431213, -184.06362915, -130.638763428], [1088.18261719, 101.289459229, 215.232849121, 729.289855957, 228.220367432, 247.94078064, 179.064376831, 126.053695679, 27.6466579437, -84.6365356445, -83.1833114624, -17.3191776276, -50.0590324402], [-1342.12890625, 865.06036377, 758.575317383, 228.220367432, 667.958862305, 266.023864746, 306.75, 60.7624435425, 113.566345215, -87.6025085449, -27.6506023407, -118.381881714, -34.4169044495], [178.127792358, 269.075622559, 386.923187256, 247.94078064, 266.023864746, 322.984680176, 191.066970825, 74.4245452881, 20.5496501923, -21.803068161, -37.7809410095, -48.4596290588, -51.2517585754], [-645.05682373, 575.096191406, 376.698791504, 179.064376831, 306.75, 191.066970825, 314.682250977, 66.986618042, 56.2722434998, -81.3361358643, 4.94343757629, -59.3774681091, -10.6850538254], [344.640350342, -65.3719024658, 68.2992095947, 126.053695679, 60.7624435425, 74.4245452881, 66.986618042, 150.007263184, 37.1513290405, 14.6875457764, -16.4765281677, 7.16549968719, -25.0214252472], [-182.102157593, 184.043182373, 39.5981178284, 27.6466579437, 113.566345215, 20.5496501923, 56.2722434998, 37.1513290405, 127.535125732, 30.9976196289, 31.0067939758, -28.1567993164, -4.63228702545], [468.303436279, -315.709289551, -118.614028931, -84.6365356445, -87.6025085449, -21.803068161, -81.3361358643, 14.6875457764, 30.9976196289, 191.094390869, 52.2599105835, 12.2150020599, -26.3477840424], [-100.788848877, 52.4505996704, -101.465431213, -83.1833114624, -27.6506023407, -37.7809410095, 4.94343757629, -16.4765281677, 31.0067939758, 52.2599105835, 139.22644043, 18.7776165009, 0.838325798512], [333.768280029, -291.37399292, -184.06362915, -17.3191776276, -118.381881714, -48.4596290588, -59.3774681091, 7.16549968719, -28.1567993164, 12.2150020599, 18.7776165009, 122.129402161, 32.1913108826], [-83.2030029297, 20.4529743195, -130.638763428, -50.0590324402, -34.4169044495, -51.2517585754, -10.6850538254, -25.0214252472, -4.63228702545, -26.3477840424, 0.838325798512, 32.1913108826, 108.775909424]]}, "spectral_energyband_middle_low": {"dmean2": 0.00862651597708, "median": 0.0124133527279, "min": 1.64650467536e-22, "dvar2": 0.000231519967201, "dvar": 0.00010332633974, "dmean": 0.00574144115672, "max": 0.153756141663, "var": 0.000249314383836, "mean": 0.0167956817895}, "melbands_crest": {"dmean2": 3.17528510094, "median": 13.0068492889, "min": 1.57360613346, "dvar2": 11.5435829163, "dvar": 4.60954332352, "dmean": 1.99845170975, "max": 35.4345703125, "var": 24.4471149445, "mean": 13.8671503067}, "spectral_kurtosis": {"dmean2": 12.7214488983, "median": 9.62899398804, "min": -1.26168453693, "dvar2": 356.840759277, "dvar": 147.577850342, "dmean": 7.62957906723, "max": 436.546875, "var": 1159.81628418, "mean": 21.9882774353}, "spectral_rms": {"dmean2": 0.000860724831, "median": 0.00467676064, "min": 3.17090125858e-12, "dvar2": 1.55993132012e-06, "dvar": 7.65415961723e-07, "dmean": 0.000591399497353, "max": 0.0132328849286, "var": 3.78574509341e-06, "mean": 0.00459396652877}, "zerocrossingrate": {"dmean2": 0.00648684147745, "median": 0.02880859375, "min": 0.00146484375, "dvar2": 7.33344786568e-05, "dvar": 5.78406907152e-05, "dmean": 0.00526253925636, "max": 0.54345703125, "var": 0.00189910526387, "mean": 0.0359680131078}, "silence_rate_60dB": {"dmean2": 0.0190619509667, "median": 0, "min": 0, "dvar2": 0.0214601941407, "dvar": 0.00943966116756, "dmean": 0.00952978059649, "max": 1, "var": 0.0665720403194, "mean": 0.0717151463032}, "erbbands_kurtosis": {"dmean2": 1.93759930134, "median": 1.16377449036, "min": -1.81041419506, "dvar2": 14.5070428848, "dvar": 6.33395624161, "dmean": 1.28044319153, "max": 99.0594329834, "var": 17.1219615936, "mean": 2.09305095673}, "erbbands": {"dmean2": [0.0387862585485, 0.221702829003, 0.501360118389, 1.97736549377, 6.15019655228, 11.164894104, 15.390586853, 39.9043769836, 42.5618782043, 22.200553894, 12.1738986969, 21.4316253662, 10.9871921539, 7.16289567947, 10.6308746338, 9.75145816803, 20.4955539703, 14.1224822998, 2.22065329552, 3.30139660835, 9.45931339264, 4.9286699295, 2.42171025276, 1.828576684, 4.37809848785, 3.11109542847, 4.09811019897, 2.94018125534, 1.93530392647, 1.1477496624, 1.19498860836, 0.877674102783, 0.567501008511, 0.328247517347, 0.172185197473, 0.0880240723491, 0.0266382154077, 0.00513787381351, 0.000551853445359, 3.87234686059e-05], "median": [0.0261936783791, 0.44484564662, 0.906849384308, 1.30418848991, 2.10879611969, 10.46509552, 12.2982931137, 16.9401359558, 13.9038801193, 12.2034196854, 10.7721471786, 18.9224586487, 10.2437782288, 7.57208681107, 10.5514144897, 5.53429269791, 6.23770189285, 2.94489192963, 1.00623011589, 1.08133673668, 2.12566423416, 2.31252145767, 1.72213113308, 0.71355599165, 0.591041684151, 0.90484970808, 0.896103143692, 0.521725058556, 0.334860235453, 0.179337769747, 0.126053184271, 0.0735649466515, 0.0385011062026, 0.0179665312171, 0.00753242056817, 0.00284825125709, 0.0006231587613, 9.57392767305e-05, 2.17896013055e-05, 2.82803048322e-05], "min": [2.3157803258e-22, 4.02524872317e-22, 1.20217171492e-21, 5.14275150489e-21, 1.48820552009e-20, 3.99475600034e-20, 4.94963132749e-20, 1.03293035157e-19, 9.06954104698e-20, 1.41507002311e-19, 2.61273707721e-19, 4.81277048236e-19, 6.25978596223e-19, 5.96142346624e-19, 1.18304601638e-18, 1.15462067842e-18, 1.63353126632e-18, 2.21798224216e-18, 3.3298639459e-18, 2.37415125348e-18, 4.440996224e-18, 5.58388479299e-18, 7.00730256775e-18, 6.91624611233e-18, 8.65164994436e-18, 8.19888270991e-18, 1.08335877913e-17, 1.02808524711e-17, 1.22590532517e-17, 1.40890149947e-17, 1.12372014722e-17, 1.09155051418e-17, 1.01322734623e-17, 8.6432044303e-18, 6.34226713964e-18, 4.49065559848e-18, 2.54101819165e-18, 1.03445842558e-18, 2.49841942408e-19, 2.86115925457e-20], "dvar2": [0.021032853052, 0.415992468596, 1.53589904308, 28.6242713928, 455.154998779, 392.80569458, 1605.82788086, 8061.67480469, 11289.8613281, 3860.53344727, 1626.10412598, 2978.98364258, 1237.03796387, 409.887298584, 526.086364746, 1367.88208008, 8477.54199219, 6716.62207031, 61.5279541016, 214.13734436, 2569.41357422, 238.677993774, 36.3344688416, 25.1504440308, 445.18661499, 64.5298614502, 197.663665771, 254.757537842, 51.8527412415, 19.8881492615, 18.7375717163, 13.0837774277, 6.98183298111, 3.49931788445, 0.697185754776, 0.20766274631, 0.0125782564282, 0.000371114409063, 3.54763506039e-06, 1.2324215426e-08], "dvar": [0.00786713231355, 0.164835646749, 0.654385149479, 10.6420869827, 207.065353394, 140.077957153, 694.514709473, 3543.96020508, 4835.35498047, 2054.23095703, 879.709777832, 1505.86486816, 616.641845703, 194.065246582, 279.672454834, 694.262634277, 3666.79467773, 3097.74609375, 27.7599334717, 87.4119567871, 1097.8104248, 122.923660278, 16.5265197754, 11.5288829803, 191.612319946, 29.3565979004, 84.2013168335, 101.328697205, 20.9344539642, 8.93711662292, 7.61697435379, 5.33318758011, 2.92703461647, 1.52651894093, 0.262523829937, 0.0754017829895, 0.00458562420681, 0.000136082089739, 1.30674698084e-06, 4.67678917815e-09], "dmean": [0.0236495491117, 0.143422275782, 0.314489424229, 1.19696605206, 3.89476203918, 6.60256958008, 10.0721254349, 26.307308197, 27.5254573822, 15.5153093338, 8.89051437378, 16.0395755768, 8.08055877686, 5.19846057892, 8.13961029053, 7.06057596207, 13.8792572021, 9.71936988831, 1.53989398479, 2.137570858, 6.4672164917, 3.75336313248, 1.77970135212, 1.26854431629, 2.95432114601, 2.12066602707, 2.68460440636, 1.92552757263, 1.28560674191, 0.773183465004, 0.76500338316, 0.56259983778, 0.358067691326, 0.21020449698, 0.104676306248, 0.0520463138819, 0.0156944282353, 0.0029420289211, 0.00031613666215, 2.36800406128e-05], "max": [2.21054005623, 8.20885372162, 18.2215709686, 72.2022399902, 373.890930176, 307.707946777, 629.448852539, 883.141662598, 1557.11584473, 1378.7232666, 1426.0958252, 923.97869873, 895.936462402, 571.860656738, 469.371490479, 1205.81115723, 3222.3371582, 2043.87988281, 186.817276001, 354.182250977, 1834.99365234, 467.39831543, 77.4586868286, 66.1090316772, 349.691192627, 158.408935547, 217.4324646, 547.707824707, 148.726623535, 85.8369903564, 51.2479438782, 49.6186141968, 56.6734275818, 81.5661392212, 21.0448131561, 11.635887146, 1.78642141819, 0.219594463706, 0.0205292254686, 0.00110158976167], "var": [0.0299380533397, 1.69586527348, 4.2440290451, 34.4714813232, 486.721038818, 294.365203857, 1256.70239258, 6967.49658203, 7642.41699219, 9524.85253906, 5971.80859375, 5030.91503906, 2032.18273926, 647.786804199, 1571.45214844, 2292.10351563, 8697.12011719, 6777.95605469, 67.4566497803, 124.279594421, 1843.07556152, 302.874572754, 32.6833534241, 21.7162361145, 238.198501587, 80.7338638306, 103.505889893, 102.940429688, 27.7281608582, 13.5893478394, 8.8137922287, 6.02687311172, 3.11401629448, 1.80610799789, 0.230314284563, 0.055568087846, 0.00332253682427, 9.53231356107e-05, 9.23594370761e-07, 4.26275059695e-09], "mean": [0.10478105396, 0.987516760826, 1.52643823624, 3.77709364891, 7.95332241058, 14.8570547104, 22.3444404602, 48.2467384338, 43.0917053223, 43.6517753601, 29.6566944122, 40.9912033081, 21.2167301178, 15.6200180054, 25.4835281372, 18.0427818298, 28.8315010071, 18.4269447327, 3.28261375427, 3.52734589577, 10.637503624, 7.46471166611, 3.61405539513, 2.26559400558, 3.95509791374, 3.49268507957, 3.6714117527, 2.61602687836, 1.83600795269, 1.09903585911, 0.939925968647, 0.656168282032, 0.388373464346, 0.219787761569, 0.100452698767, 0.0468300618231, 0.0128618888557, 0.00226873066276, 0.000248381256824, 4.28659368481e-05]}, "spectral_strongpeak": {"dmean2": 0.635452985764, "median": 0.576967120171, "min": 0, "dvar2": 1.26997840405, "dvar": 0.528117895126, "dmean": 0.388794243336, "max": 11.7238512039, "var": 1.23327362537, "mean": 1.00631737709}, "spectral_energy": {"dmean2": 0.0100457714871, "median": 0.0224188901484, "min": 1.03059797689e-20, "dvar2": 0.00030170645914, "dvar": 0.000138443807373, "dmean": 0.00674555310979, "max": 0.179486975074, "var": 0.000384503626265, "mean": 0.0255126953125}, "average_loudness": 0.846866369247, "spectral_rolloff": {"dmean2": 252.820739746, "median": 645.99609375, "min": 43.06640625, "dvar2": 397578, "dvar": 175783.671875, "dmean": 147.88192749, "max": 19918.2128906, "var": 4500983.5, "mean": 951.07824707}, "spectral_centroid": {"dmean2": 169.516906738, "median": 594.611694336, "min": 123.561294556, "dvar2": 100062.304688, "dvar": 45790.8164063, "dmean": 112.098129272, "max": 11725.0654297, "var": 646409.4375, "mean": 727.669616699}, "pitch_salience": {"dmean2": 0.082655005157, "median": 0.529886484146, "min": 0.164547711611, "dvar2": 0.00671975919977, "dvar": 0.00265579554252, "dmean": 0.0516862384975, "max": 0.836422979832, "var": 0.0116432197392, "mean": 0.53236746788}, "spectral_energyband_middle_high": {"dmean2": 0.00125283084344, "median": 0.00146630720701, "min": 1.32213885411e-21, "dvar2": 1.07674086394e-05, "dvar": 4.98144800076e-06, "dmean": 0.000892773561645, "max": 0.0707680583, "var": 1.48012522914e-05, "mean": 0.00272044190206}, "spectral_contrast_coeffs": {"dmean2": [0.0610227361321, 0.0680880472064, 0.0507396645844, 0.051303319633, 0.0435597486794, 0.0348817184567], "median": [-0.599344611168, -0.679651260376, -0.682789683342, -0.703248500824, -0.728418469429, -0.745818972588], "min": [-0.973719656467, -0.976744711399, -0.973093211651, -0.968546450138, -0.965990483761, -0.963535249233], "dvar2": [0.00310383317992, 0.00389145570807, 0.00213288748637, 0.00217926409096, 0.00171711342409, 0.00116964429617], "dvar": [0.00120356283151, 0.00162330688909, 0.000930753012653, 0.000981811666861, 0.000910576782189, 0.000561032211408], "dmean": [0.0364628210664, 0.0430709831417, 0.0327538214624, 0.033445186913, 0.0297496914864, 0.0240305401385], "max": [-0.284568250179, -0.323007285595, -0.447583973408, -0.459400206804, -0.51737087965, -0.569981098175], "var": [0.0132903270423, 0.00803420320153, 0.00544272596017, 0.00624920893461, 0.00718378461897, 0.00469716731459], "mean": [-0.582537353039, -0.672961831093, -0.685493707657, -0.707290410995, -0.730927050114, -0.753202497959]}, "melbands_skewness": {"dmean2": 0.700665950775, "median": 2.18002653122, "min": -2.07794880867, "dvar2": 0.716548085213, "dvar": 0.304826557636, "dmean": 0.474998414516, "max": 14.3560581207, "var": 1.3455041647, "mean": 2.2970366478}, "spectral_spread": {"dmean2": 988443.5625, "median": 3101434.5, "min": 257101.0625, "dvar2": 1931237261310.0, "dvar": 846943682560, "dmean": 628506.0625, "max": 43478240, "var": 8576916520960.0, "mean": 3386555.5}, "dissonance": {"dmean2": 0.046414963901, "median": 0.427661061287, "min": 0.081176251173, "dvar2": 0.00185395940207, "dvar": 0.000709983578417, "dmean": 0.0279421024024, "max": 0.499862581491, "var": 0.0033421148546, "mean": 0.415621072054}, "spectral_skewness": {"dmean2": 0.914121508598, "median": 2.47840714455, "min": -0.0756587684155, "dvar2": 1.13008725643, "dvar": 0.48789024353, "dmean": 0.559559702873, "max": 17.5125827789, "var": 4.2481174469, "mean": 3.17304491997}, "spectral_flux": {"dmean2": 0.0324080176651, "median": 0.04070976004, "min": 6.46077427668e-11, "dvar2": 0.00198231078684, "dvar": 0.000815031235106, "dmean": 0.0201751794666, "max": 0.334702163935, "var": 0.00169489113614, "mean": 0.0514593794942}, "spectral_contrast_valleys": {"dmean2": [0.489737123251, 0.51049810648, 0.483187258244, 0.60414814949, 0.640867114067, 0.739288568497], "median": [-7.10837984085, -6.59324264526, -7.83425664902, -9.37306690216, -9.4942855835, -11.9493598938], "min": [-28.2129917145, -27.8557395935, -27.5017318726, -27.7318267822, -27.5523109436, -27.4162445068], "dvar2": [0.256093680859, 0.241464227438, 0.248577803373, 0.384941637516, 0.548010706902, 0.783838152885], "dvar": [0.109163619578, 0.11103515327, 0.113029778004, 0.174795240164, 0.247054368258, 0.332135438919], "dmean": [0.291532427073, 0.318368256092, 0.303129345179, 0.382143735886, 0.42432770133, 0.496825248003], "max": [-5.28013277054, -4.67583608627, -5.85015010834, -6.58869934082, -6.53962039948, -8.27979469299], "var": [5.58224010468, 3.90095710754, 3.35375142097, 3.13176083565, 3.26566815376, 2.81352734566], "mean": [-8.22378540039, -6.98250579834, -8.20384311676, -9.62341403961, -9.73630237579, -12.0489997864]}, "erbbands_flatness_db": {"dmean2": 0.0333345755935, "median": 0.219157621264, "min": 0.0314565561712, "dvar2": 0.00174139603041, "dvar": 0.000770913262386, "dmean": 0.0221780948341, "max": 0.476944088936, "var": 0.00445127626881, "mean": 0.226401612163}, "spectral_energyband_high": {"dmean2": 0.000257449166384, "median": 6.49291323498e-05, "min": 6.93594255579e-21, "dvar2": 7.09725497927e-07, "dvar": 2.99932963799e-07, "dmean": 0.000175984459929, "max": 0.0129943266511, "var": 4.09685128488e-07, "mean": 0.000253980659181}, "spectral_entropy": {"dmean2": 0.37496638298, "median": 6.51494598389, "min": 3.75996232033, "dvar2": 0.236766368151, "dvar": 0.0987635329366, "dmean": 0.239546746016, "max": 9.81805419922, "var": 0.509683012962, "mean": 6.45669126511}, "silence_rate_20dB": {"dmean2": 0, "median": 1, "min": 1, "dvar2": 0, "dvar": 0, "dmean": 0, "max": 1, "var": 0, "mean": 1}, "melbands_flatness_db": {"dmean2": 0.0381648950279, "median": 0.283268749714, "min": 0.00355019327253, "dvar2": 0.00244903145358, "dvar": 0.00119062594604, "dmean": 0.0258548036218, "max": 0.702081978321, "var": 0.0116063198075, "mean": 0.304713308811}, "barkbands": {"dmean2": [0.000351958151441, 0.00106076314114, 0.000471707229735, 0.00100196921267, 0.00277684745379, 0.00438143173233, 0.00215158495121, 0.000591656717006, 0.000863595516421, 0.000273119774647, 0.000290633062832, 0.00020909208979, 0.0003990989062, 0.000253922771662, 3.92687397834e-05, 0.000132652174216, 0.000109508546302, 4.47903075838e-05, 6.95513663231e-05, 6.49006396998e-05, 8.82634121808e-05, 5.37134765182e-05, 4.135225754e-05, 3.472926619e-05, 2.71705685009e-05, 1.59175997396e-05, 3.39045391229e-06], "median": [2.42907335632e-05, 0.00193146546371, 0.000363005790859, 0.000397242896724, 0.00244076130912, 0.00214654533193, 0.000978473108262, 0.000350448855897, 0.000748652149923, 0.00018732479657, 0.000216193730012, 9.70721812337e-05, 0.000101223093225, 4.37575945398e-05, 1.28679384943e-05, 2.74249669019e-05, 4.45780751761e-05, 1.83361753443e-05, 8.52899756865e-06, 1.77770471055e-05, 1.66044192156e-05, 8.32277146401e-06, 4.43500812253e-06, 2.74820786217e-06, 1.39706207847e-06, 4.6200932502e-07, 5.14423987852e-08], "min": [1.93143047426e-24, 6.89970643206e-24, 1.63664932563e-24, 1.59999559392e-24, 1.13612567985e-23, 1.12812284374e-23, 7.9782204956e-24, 6.22623221145e-24, 2.52836562332e-23, 1.5713859952e-23, 2.28330424762e-23, 2.76975280047e-23, 3.04592890131e-23, 3.64963531683e-23, 5.0990258663e-23, 6.09757167993e-23, 7.69822409917e-23, 1.34017016968e-22, 1.65886606264e-22, 1.70838431316e-22, 2.25404596463e-22, 3.52906531121e-22, 4.32965285467e-22, 5.77336221722e-22, 8.82768926862e-22, 1.28728660067e-21, 2.04020220677e-21], "dvar2": [2.58951786236e-06, 1.13388723548e-05, 1.90512150766e-06, 7.90679769125e-06, 3.84184568247e-05, 9.46079671849e-05, 2.95647223538e-05, 2.81661755253e-06, 4.08781170336e-06, 9.1892184173e-07, 4.64584871906e-07, 5.86982594086e-07, 3.23534845847e-06, 2.26169754569e-06, 1.65280500397e-08, 5.44289889604e-07, 2.23187967663e-07, 1.34178774758e-08, 1.07152771989e-07, 2.56717687108e-08, 1.39629818818e-07, 5.07179649389e-08, 2.50013574288e-08, 2.45154510026e-08, 2.21298392944e-08, 4.27093782562e-09, 1.25116639271e-10], "dvar": [1.02907483779e-06, 4.36494747191e-06