{"tonal": {"thpcp": [1, 0.841247558594, 0.683989822865, 0.540610313416, 0.476265460253, 0.463342815638, 0.432096481323, 0.426635473967, 0.451535135508, 0.438628941774, 0.394307345152, 0.35044953227, 0.334255754948, 0.33823159337, 0.348020285368, 0.409779399633, 0.465438634157, 0.403946101665, 0.340552479029, 0.435053259134, 0.582977712154, 0.577017784119, 0.487194091082, 0.417542546988, 0.34933719039, 0.322917342186, 0.326763629913, 0.347985744476, 0.407926440239, 0.422103822231, 0.394102483988, 0.417838394642, 0.494032561779, 0.59278935194, 0.764585673809, 0.987257778645], "hpcp": {"dmean2": [0.255170851946, 0.255662888288, 0.263726383448, 0.283719092607, 0.308225184679, 0.363538205624, 0.432998985052, 0.46239233017, 0.475323706865, 0.487316906452, 0.390240430832, 0.335844665766, 0.285986840725, 0.274983495474, 0.262735158205, 0.247353374958, 0.260816246271, 0.263643175364, 0.237344533205, 0.219952553511, 0.222136199474, 0.22776132822, 0.241729542613, 0.28170093894, 0.321616113186, 0.285177379847, 0.256105482578, 0.282214224339, 0.319260448217, 0.332170277834, 0.342267841101, 0.302395492792, 0.260535359383, 0.237989366055, 0.237003624439, 0.249012872577], "median": [0.0745532214642, 0.078596778214, 0.0770830288529, 0.0807771012187, 0.0983232334256, 0.120255455375, 0.195639118552, 0.270172059536, 0.283138424158, 0.223657399416, 0.157212525606, 0.12212947011, 0.108146473765, 0.105851903558, 0.0965983122587, 0.0977277755737, 0.098372861743, 0.0949780195951, 0.0884578227997, 0.0816404148936, 0.0736569166183, 0.0700476169586, 0.0656345635653, 0.0734353587031, 0.073984451592, 0.0678009614348, 0.0580322667956, 0.0848871991038, 0.116296187043, 0.120048478246, 0.0973455533385, 0.0725856050849, 0.0618771761656, 0.0561788119376, 0.0546963438392, 0.063220500946], "min": [0, 0, 0, 0, 0, 0, 0, 0, 0, 0, 0, 0, 0, 0, 0, 0, 0, 0, 0, 0, 0, 0, 0, 0, 0, 0, 0, 0, 0, 0, 0, 0, 0, 0, 0, 0], "dvar2": [0.112186737359, 0.11132388562, 0.111773587763, 0.122690759599, 0.130241572857, 0.155996397138, 0.16755977273, 0.174652725458, 0.173870921135, 0.187125653028, 0.162959292531, 0.147024467587, 0.11692737788, 0.111752815545, 0.108243465424, 0.0962463319302, 0.104434609413, 0.111238382757, 0.0946397557855, 0.0887009948492, 0.084956549108, 0.0926862508059, 0.100915133953, 0.122139587998, 0.156934782863, 0.129018098116, 0.130943357944, 0.11799184978, 0.129756525159, 0.136544585228, 0.144291073084, 0.142460212111, 0.119587510824, 0.105001114309, 0.106687374413, 0.109264627099], "dvar": [0.0407555550337, 0.0409972779453, 0.0414161942899, 0.0455275066197, 0.0487464033067, 0.059186257422, 0.0618445202708, 0.0663659870625, 0.0683185830712, 0.0682640150189, 0.0610611476004, 0.0525887422264, 0.043210644275, 0.0421076118946, 0.0402500554919, 0.0352583043277, 0.0400797650218, 0.0423292517662, 0.0343771539629, 0.0318940840662, 0.0313416868448, 0.033836632967, 0.0375040248036, 0.0451219007373, 0.0582644380629, 0.0479358769953, 0.047761157155, 0.0441088974476, 0.0494012385607, 0.0514994077384, 0.0528306439519, 0.0516269318759, 0.0434383936226, 0.0390453711152, 0.0393860302866, 0.0394650250673], "dmean": [0.144353032112, 0.145135238767, 0.148860633373, 0.160135060549, 0.176303714514, 0.20865906775, 0.248917281628, 0.265075474977, 0.268493771553, 0.273729473352, 0.223033636808, 0.189987272024, 0.163493454456, 0.157472729683, 0.149716585875, 0.142153471708, 0.150992020965, 0.151151239872, 0.135108277202, 0.12399174273, 0.124478645623, 0.128028377891, 0.1356266886, 0.158276855946, 0.180907428265, 0.160207435489, 0.142370939255, 0.159039884806, 0.182971313596, 0.189900353551, 0.192429974675, 0.169410124421, 0.144866645336, 0.133056163788, 0.133560970426, 0.140096545219], "max": [1, 1, 1, 1, 1, 1, 1, 1, 1, 1, 1, 1, 1, 1, 1, 1, 1, 1, 1, 1, 1, 1, 1, 1, 1, 1, 1, 1, 1, 1, 1, 1, 1, 1, 1, 1], "var": [0.0472191423178, 0.0493457950652, 0.0394850447774, 0.0439957641065, 0.0541458316147, 0.070554330945, 0.0836792886257, 0.120449900627, 0.116079047322, 0.0944195613265, 0.080630518496, 0.0574002191424, 0.046916551888, 0.0450742468238, 0.0422128513455, 0.0395712591708, 0.0477806888521, 0.0458180606365, 0.0348051227629, 0.0299124512821, 0.0295163895935, 0.0314930602908, 0.0353714972734, 0.0447543747723, 0.0624118745327, 0.0470712333918, 0.0408395864069, 0.0483831726015, 0.0691593438387, 0.0636494606733, 0.0546265095472, 0.0499419420958, 0.0382233709097, 0.0347189418972, 0.0354534909129, 0.0360731929541], "mean": [0.161202445626, 0.166804999113, 0.155739560723, 0.165119409561, 0.195229455829, 0.234255686402, 0.3021453619, 0.390139877796, 0.395175278187, 0.33244022727, 0.270295858383, 0.213635832071, 0.188208341599, 0.18310162425, 0.170753851533, 0.168595790863, 0.178435519338, 0.173335313797, 0.155820518732, 0.138488993049, 0.132089614868, 0.133660763502, 0.137529015541, 0.161934688687, 0.183929845691, 0.159629508853, 0.134577915072, 0.171922296286, 0.230378389359, 0.228023156524, 0.19252705574, 0.16500249505, 0.138049423695, 0.127608954906, 0.129128903151, 0.137515366077]}, "tuning_equal_tempered_deviation": 0.237688466907, "chords_changes_rate": 0.107886768878, "key_key": "B", "tuning_diatonic_strength": 0.558524608612, "key_scale": "minor", "chords_number_rate": 0.00249243364669, "tuning_frequency": 434.193115234, "tuning_nontempered_energy_ratio": 0.911007881165, "chords_histogram": [40.4842453003, 0, 0.160227879882, 1.65568804741, 0.0178030971438, 6.35570573807, 0.943564176559, 6.62275218964, 0.0356061942875, 0.551896035671, 2.45682740211, 0.0178030971438, 3.38258862495, 1.01477658749, 5.28751993179, 0, 0.907957971096, 2.97311735153, 0.551896035671, 5.71479415894, 1.21061062813, 3.27576994896, 8.4208650589, 7.95798492432], "key_strength": 0.608664631844, "chords_key": "B", "chords_strength": {"dmean2": 0.0179044697434, "median": 0.462187588215, "min": 0.192244499922, "dvar2": 0.000261839537416, "dvar": 0.000147687576828, "dmean": 0.0136216050014, "max": 0.763689756393, "var": 0.00861201249063, "mean": 0.469598025084}, "chords_scale": "minor", "hpcp_entropy": {"dmean2": 1.31957769394, "median": 2.57623291016, "min": 0, "dvar2": 1.03911280632, "dvar": 0.374192982912, "dmean": 0.787230670452, "max": 4.65483045578, "var": 0.733971238136, "mean": 2.52797079086}}, "metadata": {"audio_properties": {"equal_loudness": 0, "codec": "mp3", "downmix": "mix", "sample_rate": 44100, "analysis_sample_rate": 44100, "bit_rate": 242052, "md5_encoded": "15bc0f7aafad4b4921f5af3343de6261", "length": 260.806518555, "replay_gain": -15.0855102539, "lossless": false}, "version": {"essentia_build_sha": "2d9f1f26377add8aeb1075a9c2973f962c4f09fd", "essentia": "2.1-beta2", "extractor": "music 1.0", "essentia_git_sha": "v2.1_beta2-1-ge3940c0"}, "tags": {"title": ["Represent"], "barcode": ["099923963226"], "media": ["CD"], "albumartist": ["(hed) P.E."], "language": ["eng"], "musicbrainz_recordingid": ["1e647cf1-a666-491f-b0e4-1f7e1ec1ecf9"], "musicbrainz_albumartistid": ["19516266-e5d9-4774-b749-812bb76a6559"], "discnumber": ["01/01"], "album": ["Only in Amerika"], "catalognumber": ["KOC-CD-9632"], "musicbrainz album release country": ["US"], "musicbrainz album type": ["Album"], "musicbrainz album status": ["Official"], "file_name": "02 - Represent.mp3", "originaldate": ["2004-10-19"], "acoustid_fingerprint": ["AQADtIk1uhJm5mj4I7S-4MnRXDr6HNXB2Ik0vFfw0UH5oAmdI7kihIm0o102Y8pRtsa3mOgjEdtkVOkS4tyHPMcNPUdzVPshhx-qJoPfIU9X2DvKHH-QZ8bNo9xh8shlwlWq4iKRqzEcx4b25cj1oHGOPgvxgznsBLGZo8fnoifM_EVo8Wjyocu0HPeHSzz6KMUFXiKFqi--DWEeaPvB41IVNOk59ES7wC4UWcwOTMm-CVWeo95hZ0qNekdzhF0y1DquhRm-7YS_IiQfXLkwRZXQqseFyrhhC_lwB7h-_OjYo8-ClMezC6cg-MHh4-4G44ePqkIPP0d44TvCExc0fUeRSgrRv-jh4_Bf5BQgHj2PHqn843BqhM-OHxo-5sg14D_8C8fdBnHx4fiDHtWk4xEP-fB3TMfH4ygX4vrRVsdzXNCeYquSHb9R9kEb4WtgNRe-w-uLb-GMKzp-6Dqca_hxI6WaCv9w4TtipoG1QTsR3_i-4UPT0aHQH9eH3OiXQz_cQjvxo-WR2sTxH8cnET--I9XRHkfVBy6Ow_JRUfgj1FRq-J8MrRmeoyJFiNIYYvqH6_iPPtCzoo2PTw969hBt9Ik6XMh_1MqOZmWQj7mxT7jE4yR6YlO4HP0y_FiZRVOKsoTyHY22Iz_yHe3IYXNzaN6PH-GPRypcXMpzpOHQP8QhT-3Qax2MHb3x49txnBcO7WhCMcaDq8d5lAuaYz9KNVyG7bi040T4HEd7o7GOvAp-9IfKE-cF__hq4cvwQ7wWDhzFo1u0Q72EHz18HXWkC7l0PGF2cD7hHzNjCjmSF32IH85cfNIY4snxiRksP0G-RBBDoQ97nCIeHvUeeBdH2Aj1VKgyNNNGfEe5UEinH_qP8ETJwKWKPrmCXFMe6MMfIVdQ8YkxRdKNEz2GNkrxnUGTZ0WyOQpyXMNzvA_841yM78GbF-EeiH8RUVIGH31ToefhH5FIPvgeJFPCDHaYDT7xZGrg9_BR6s6QD8qejPjQUwq0lDrYhdUQc0SHPxOuw92uIOTSEXrSIJvzokq7KZgy5sN14T_CPEsIrS9if8LnUEE_ojnyEroTBpMjwYq-42rxGPqJdOION6KR62hyyF9xaYsDLT7ao7zCIRKXY1f04FWGfh3C7Mf1LMJDVNyGP0W88PiRUtkD7cePfTHRJGeESjz0VESI63hywdwn9DrejAhfJPzR7xglVxk6UT9-UJ6Sw_mjIz_ELBcRJzz8oT6aVDvqiyBjVFsYFc2P6NOIO0Q30UgzlUR-XA0-GW0U6Ds0Lc5glSWmH9fxH9pDtM9qHJ-sFD0h2ugTdTjyH82zIzxznDnWT8MlEV-GHlOUH88yrBeeRVtRNoOyH_VW5MiXEdMn2A0070f8o_fxKIG749qDNNzRv5CPqx0aax0wXfjx4z6O88IDLUdFEc9x9TiPZgv64xWayVyATztOCaGOy-jXIMyxDx_0Yzp53JTh49oliNSFSzvSozIjVmB2NGOOS4nAy0R4HeIzDmF-jEmiTDquhTEOP5NxKUfcF1p0VKqSIXzRWKfwHE2UMUeo-IMeNkN4JsI25qh24sySBn9ENIyDSsymI99xMVGTQKvyFJGyH58SnEfzzEFJEj6uRLqCP8VkC6laaBKzgR7-wk5y_A90eaiOMNoObmOMnA0UZT_KHvrFohn3oHKERvTQH98JLRH1IyyPWgwLZwrF4VNwRkSoy8I_KHuOK-GDOCNGP_BV5ClxncOTSMa7REzwD02u49lx1_Co4S-m9A04bTvubTpOGw2foD8O6ZqKN0E3_Rgv6Fck-AjJHJ-JplQ24U1W_ISPpAuVIj_OJsN1C86Pdx5KMrgsok0SId1TVPEOVadwLchbPDz6o3mOryGuXWg8oUfyITpHfDQ4HY02xUO1p-iPP3i0IlOWHclb9MFzHmeCPcmHRnuGktmDrztyhpBXNA36GH86_ByUfcfTT0PowD28Du1a4hniHz-ub2g49Ng5En_RTXDqEXfxG__QRjiqxZmwqVIz9LiOHzo-ZsWPKw_6Q4t9PCryoebhZ0H4HqchH5dEnEd_aFEeEg-PP8dDbUXZQES3rcOHL8N0H9bECtoa_EQo04evBM9-fEca7kR_3EfXFqK1osd0fDGqRsOD3_ih52h69MSdC1ePih_soDzma5jyPUPRSjt-oeVxNG9QThH0D79wPkf1EA_hHzquLg5imDp6IS_-oPmIHj-aD_2ORqaPC-qPz9D74z1SZsdXOB8-3DFMXgh_yNeDx4h_hHmKHsd76OgPZw_wIX-OP8Hh47_QR-iRQkN847rQdTH840Su4Y7Qx8cZaLCeI6eOisdj4mh-1PdwhP8CMT_uIdRT_GAOH-mX45B9ZMoX4vxxqrgOP8gP5YfJ48EvlItwGurRlUX44Dr-HNvx5CKu41oLXjnaLUhPaFaWCrGWD8-k_ejh9yh13MeVYd-Pa0GNtNlRHdqOJiZyYkfNHV73gcdzVFwGMrkQUTwhPE_x5_gJVdxhXUdMh3Aj4zx6ock3Ie-FfUceHtmXDXnRreWRiUuKyn2g00L0oz58jkIrESUPPzP6E_-GB3EjaBN3hGGG8_h29Dt67EdOC_1RnwTNHP0G3wcEgFEIKIGIIAAwgwACADCjkLJACCSdIkIB4IwARCgAmDDACGUEEAwIIIggDhAMCHIMSASIAgYoIIAgiABpmQEEEQYEYEAhkZSAmiNEDBISQCGwuQIgQQQzggnImAEIGKCAMM4coJQTRgAALAMCCEEcAJQYIgQwyCACCHJEIeS8I8owYABCShImnFCEQmAABUAgYyRSFhhlgFCGECSkEABCJIQQCAAEBXEGMCgIYwoIQAwQAgChATOACESBUoAo4I1igAkKHBJAGMKJsEBI5YgFDAAFnCRAAGQAJgAYBIQAxiPCmFBGIAaMMw4BYJQCQgAFiADUAMYAYIQQCwwjSAFADBIGGAsEE0gABRQQAhDjmAAICgCQQMIABqAQBAMJABBDAmWgAQgCKIQhghCgBCFOEAYYAoYhApgQRhAhkBEAEEGAAIICAjEBgBhgAORGEIKEFAIAhIRgACAACVOECIqEYFIpYIgUQBhFmDUACUSQkQAIBbxRSjEjKHAKIYAoMARhQjgRABBAgNLEAECMAMYADRhQQgFpEDCCQAGAAQoACRAGQAKhFBICAaAcsYggAQARQhFBBDNGIUEAEYoQQxhxhEFAgBACAIAFBMAACIBDBiCDEAACAEOQAAohg4hBwBGAHaIgSISYIsIKgZgQCBgkCCFGCCIEY8Io4AAGgCKIHFAECSmMocwBQYADCBCgqGBACMCEEEAJAwQ0RBhCFEACIaINE0c5ZRAQQAiKBBCAQAEsAkwpY4ARQEDgFFSKKIcEAIICxQwQjBAnHQKAECCBQUo5xhUAHkgACEcGAGaNMgowJpVQglABJEgCkAAMEUYpi4QABDAgmBSCYAWgdIoYgAARDjGCFACGMgAABQAqgAAhGBHJACNIAmCQQAhAIAAh1CFBpCHCeCCQURooIARBEDABKGEMUSWYMIIA"], "date": ["2004-10-19"], "genre": ["Alternative metal", " Pop/rock", " Rap rock"], "musicbrainz_releasegroupid": ["12af65f4-fdd2-3974-b532-95c5d66f2548"], "musicbrainz_artistid": ["19516266-e5d9-4774-b749-812bb76a6559"], "asin": ["B0002XEDD0"], "musicbrainz_albumid": ["a211f90c-de58-466a-906b-391c35f622de"], "originalalbum": ["Only in Amerika"], "tracknumber": ["02/14"], "artistsort": ["hed p.e."], "artist": ["(hed) P.E."], "label": ["KOCH Records"], "albumartistsort": ["hed p.e.", "hed p.e."], "acoustid_id": ["662855ac-986b-4b2a-8d40-9399b0155c9d"], "script": ["Latin"]}}, "rhythm": {"bpm_histogram_first_peak_bpm": {"dmean2": 0, "median": 96, "min": 96, "dvar2": 0, "dvar": 0, "dmean": 0, "max": 96, "var": 0, "mean": 96}, "bpm": 95.0743942261, "bpm_histogram_second_peak_spread": {"dmean2": 0, "median": 0, "min": 0, "dvar2": 0, "dvar": 0, "dmean": 0, "max": 0, "var": 0, "mean": 0}, "bpm_histogram_first_peak_weight": {"dmean2": 0, "median": 0.549878358841, "min": 0.549878358841, "dvar2": 0, "dvar": 0, "dmean": 0, "max": 0.549878358841, "var": 0, "mean": 0.549878358841}, "onset_rate": 3.68072557449, "beats_position": [0.568888902664, 1.19582760334, 1.79954648018, 2.40326523781, 3.04181408882, 3.68036270142, 4.31891155243, 4.95746040344, 5.59600877762, 6.23455762863, 6.87310647964, 7.50004529953, 8.13859367371, 8.77714252472, 9.4040813446, 10.0194101334, 10.6463489532, 11.2732877731, 11.8886165619, 12.5155553818, 13.1541042328, 13.7810430527, 14.4195919037, 15.0465307236, 15.6734695435, 16.3004074097, 16.9273471832, 17.5658950806, 18.2044448853, 18.8313827515, 19.458322525, 20.0968704224, 20.7354183197, 21.3623580933, 22.0009059906, 22.616235733, 23.2431735992, 23.8817234039, 24.5202713013, 25.1472110748, 25.774148941, 26.4010887146, 27.0280265808, 27.6665763855, 28.3051242828, 28.932062149, 29.5590019226, 30.1975498199, 30.8360996246, 31.4630374908, 32.0899772644, 32.7169151306, 33.3554649353, 33.9824028015, 34.6209526062, 35.2478904724, 35.8748283386, 36.5017662048, 37.1287078857, 37.7672538757, 38.4058036804, 39.0327415466, 39.6596832275, 40.2866210938, 40.9251708984, 41.5637168884, 42.2022666931, 42.8408164978, 43.467754364, 44.0946922302, 44.7216300964, 45.3601799011, 45.9987297058, 46.625667572, 47.2526054382, 47.8795471191, 48.4948730469, 49.1334228516, 49.7603607178, 50.3989105225, 51.0258483887, 51.6643981934, 52.302947998, 52.941493988, 53.5800437927, 54.1953735352, 54.8223114014, 55.4608612061, 56.0994110107, 56.726348877, 57.3532867432, 57.9802246094, 58.6187744141, 59.2457122803, 59.884262085, 60.5111999512, 61.1381378174, 61.7650794983, 62.4036254883, 63.042175293, 63.6691131592, 64.2960510254, 64.9346008301, 65.5731506348, 66.200088501, 66.8270263672, 67.4539642334, 68.0809020996, 68.7078475952, 69.3463897705, 69.9849395752, 70.6118774414, 71.2620391846, 71.8889770508, 72.515914917, 73.1428527832, 73.7930145264, 74.4199523926, 75.0468902588, 75.673828125, 76.3123779297, 76.9277114868, 77.5662536621, 78.2048034668, 78.8433532715, 79.4586868286, 80.0972290039, 80.7241744995, 81.3627166748, 81.9896621704, 82.6282043457, 83.2551422119, 83.8936920166, 84.5206298828, 85.1475753784, 85.7745132446, 86.4130630493, 87.0400009155, 87.6785507202, 88.3054885864, 88.9324264526, 89.5593643188, 90.1979141235, 90.8248519897, 91.4634017944, 92.0903396606, 92.7288894653, 93.3558273315, 93.9943771362, 94.6213150024, 95.2482528687, 95.8751907349, 96.5021286011, 97.1290664673, 97.767616272, 98.4061660767, 99.0331039429, 99.6600418091, 100.298591614, 100.937141418, 101.564079285, 102.191017151, 102.817955017, 103.456504822, 104.095054626, 104.721992493, 105.348930359, 105.975868225, 106.602806091, 107.229751587, 107.868293762, 108.506843567, 109.133781433, 109.772331238, 110.410881042, 111.061042786, 111.69959259, 112.338134766, 112.965080261, 113.592018127, 114.207344055, 114.834281921, 115.461219788, 116.099769592, 116.738319397, 117.365257263, 117.992195129, 118.619132996, 119.246078491, 119.884620667, 120.523170471, 121.150108337, 121.788658142, 122.415596008, 123.042533875, 123.66947937, 124.284805298, 124.923355103, 125.550292969, 126.188842773, 126.81578064, 127.454330444, 128.081268311, 128.719818115, 129.35836792, 129.985305786, 130.623855591, 131.250793457, 131.877731323, 132.516281128, 133.143218994, 133.781768799, 134.408706665, 135.04725647, 135.674194336, 136.301132202, 136.928070068, 137.566619873, 138.205169678, 138.832107544, 139.45904541, 140.085983276, 140.712921143, 141.351470947, 141.978408813, 142.616958618, 143.243896484, 143.870834351, 144.509384155, 145.136322021, 145.774871826, 146.401809692, 147.028747559, 147.655685425, 148.294235229, 148.932785034, 149.5597229, 150.186660767, 150.83682251, 151.463760376, 152.090698242, 152.717636108, 153.332962036, 153.936691284, 154.540405273, 155.213790894, 155.887161255, 156.514099121, 157.141036987, 157.767974854, 158.406524658, 159.056686401, 159.695236206, 160.310562134, 160.9375, 161.564437866, 162.191375732, 162.818313599, 163.456863403, 164.095413208, 164.722351074, 165.34928894, 165.987838745, 166.62638855, 167.264938354, 167.880264282, 168.518814087, 169.157363892, 169.784301758, 170.411239624, 171.049789429, 171.688339233, 172.3152771, 172.942214966, 173.569152832, 174.196090698, 174.823028564, 175.449981689, 176.088516235, 176.72706604, 177.365615845, 177.992553711, 178.619491577, 179.246429443, 179.884979248, 180.511917114, 181.150466919, 181.777404785, 182.41595459, 183.042892456, 183.669830322, 184.296783447, 184.935317993, 185.562271118, 186.200805664, 186.827758789, 187.454696655, 188.081634521, 188.720184326, 189.358734131, 189.985671997, 190.612609863, 191.239547729, 191.878097534, 192.516647339, 193.143585205, 193.770523071, 194.409072876, 195.047622681, 195.674560547, 196.301498413, 196.928436279, 197.555374146, 198.182312012, 198.809249878, 199.447799683, 200.086349487, 200.713287354, 201.351837158, 201.990386963, 202.617324829, 203.244262695, 203.871200562, 204.498138428, 205.125076294, 205.75201416, 206.378952026, 207.017501831, 207.656051636, 208.282989502, 208.921539307, 209.548477173, 210.175415039, 210.813964844, 211.44090271, 212.079452515, 212.706390381, 213.344940186, 213.971878052, 214.610427856, 215.237365723, 215.875915527, 216.514465332, 217.153015137, 217.791564941, 218.418502808, 219.033828735, 219.67237854, 220.299316406, 220.937866211, 221.564804077, 222.191741943, 222.81867981, 223.457229614, 224.095779419, 224.722717285, 225.349655151, 225.976593018, 226.615142822, 227.253692627, 227.880630493, 228.519180298, 229.134506226, 229.761444092, 230.399993896, 231.038543701, 231.665481567, 232.292419434, 232.930969238, 233.557907104, 234.196456909, 234.823394775, 235.46194458, 236.100494385, 236.727432251, 237.354370117, 237.981307983, 238.60824585, 239.246795654, 239.873733521, 240.512283325, 241.139221191, 241.766159058, 242.393096924, 243.031646729, 243.670196533, 244.297134399, 244.924072266, 245.56262207, 246.201171875, 246.828109741, 247.455047607, 248.081985474, 248.720535278, 249.359085083, 249.986022949, 250.612960815, 251.263122559, 251.890060425, 252.516998291, 253.143936157, 253.770874023, 254.409423828, 255.047973633, 255.674911499, 256.301849365, 256.92880249, 257.555725098, 258.182678223, 258.80960083, 259.436553955, 260.063476563], "beats_loudness": {"dmean2": 0.0210696309805, "median": 0.0258813612163, "min": 5.71115510439e-09, "dvar2": 0.000399033946451, "dvar": 0.000133135778015, "dmean": 0.0128668947145, "max": 0.0815652236342, "var": 0.000330642360495, "mean": 0.0279801376164}, "danceability": 1.0491245985, "bpm_histogram_second_peak_weight": {"dmean2": 0, "median": 0.00486618001014, "min": 0.00486618001014, "dvar2": 0, "dvar": 0, "dmean": 0, "max": 0.00486618001014, "var": 0, "mean": 0.00486618001014}, "beats_count": 412, "bpm_histogram_second_peak_bpm": {"dmean2": 0, "median": 89, "min": 89, "dvar2": 0, "dvar": 0, "dmean": 0, "max": 89, "var": 0, "mean": 89}, "bpm_histogram_first_peak_spread": {"dmean2": 0, "median": 0.447432786226, "min": 0.447432786226, "dvar2": 0, "dvar": 0, "dmean": 0, "max": 0.447432786226, "var": 0, "mean": 0.447432786226}, "beats_loudness_band_ratio": {"dmean2": [0.482638537884, 0.240299805999, 0.214874282479, 0.260674715042, 0.210829257965, 0.199985563755], "median": [0.270932435989, 0.088931068778, 0.0892120525241, 0.0734844356775, 0.1801199615, 0.0942728444934], "min": [5.19848690601e-05, 0.000397845258703, 0.000236125124502, 0.000792967155576, 0.00336991180666, 0.00200888048857], "dvar2": [0.12697480619, 0.0333757400513, 0.04036610201, 0.0907081514597, 0.0368309170008, 0.0611844286323], "dvar": [0.0456545613706, 0.0114281047136, 0.0146882738918, 0.0316790565848, 0.0125024290755, 0.0234840419143], "dmean": [0.266325175762, 0.129685252905, 0.119460806251, 0.147803217173, 0.11793192476, 0.113635160029], "max": [0.977343916893, 0.615333259106, 0.782216191292, 0.888091921806, 0.811449229717, 0.979656755924], "var": [0.0585684329271, 0.0157653689384, 0.0173883344978, 0.0281177870929, 0.0170919690281, 0.0233803018928], "mean": [0.308255791664, 0.123460970819, 0.126129746437, 0.138510614634, 0.193953305483, 0.136732265353]}}, "lowlevel": {"barkbands_spread": {"dmean2": 12.698184967, "median": 33.7813682556, "min": 0.693287074566, "dvar2": 197.486801147, "dvar": 84.9734191895, "dmean": 8.06607818604, "max": 113.153945923, "var": 280.550567627, "mean": 33.5731506348}, "melbands_spread": {"dmean2": 23.3608074188, "median": 42.3151626587, "min": 0.734388649464, "dvar2": 835.281555176, "dvar": 355.357177734, "dmean": 14.6802606583, "max": 273.026062012, "var": 853.687866211, "mean": 45.5139274597}, "hfc": {"dmean2": 11.2980899811, "median": 19.8170623779, "min": 1.1172875441e-16, "dvar2": 222.162536621, "dvar": 93.3910293579, "dmean": 7.36100816727, "max": 133.550888062, "var": 405.296234131, "mean": 24.4602737427}, "barkbands_kurtosis": {"dmean2": 3.35587120056, "median": -0.635759830475, "min": -1.93273425102, "dvar2": 65.6694869995, "dvar": 31.3161754608, "dmean": 2.10587501526, "max": 269.236999512, "var": 53.4499473572, "mean": 1.24656486511}, "gfcc": {"mean": [-20.1994895935, 64.8460159302, -141.389984131, 46.6780815125, -46.9963607788, 13.6269693375, -32.5346069336, 16.5512561798, -17.0421695709, -2.97500491142, -19.5508518219, -1.95644986629, -0.758639037609], "icov": [[0.000141297205118, -0.000123468329548, 0.000169842838659, -0.000244591676164, 0.000105989056465, -0.00026676984271, 0.000163029981195, -0.000359100027708, 0.000258626387222, -0.000426158367191, 0.000244670809479, -0.000252149562584, 6.58973949612e-05], [-0.000123468329548, 0.00113495159894, -0.000342709216056, 0.000481312454212, -0.000899795617443, 0.000897005200386, -0.000994545174763, 0.00103891815525, -0.000883519591298, 0.00129327981267, -0.00107643660158, 0.000939115649089, -0.000654638861306], [0.000169842838659, -0.000342709216056, 0.00149869697634, -0.00105750851799, 0.000171120016603, -0.000844672846142, 0.00101520260796, -0.00105329276994, 0.00142003386281, -0.00160045386292, 0.00119746814016, -0.00128400162794, 0.00115200562868], [-0.000244591676164, 0.000481312454212, -0.00105750851799, 0.00281130406074, -0.0014625210315, 0.000403797690524, -0.000167245147168, 0.000947205058765, -0.00155477621593, 0.0015003742883, -0.000731138745323, 0.00177448661998, -0.00183473050129], [0.000105989056465, -0.000899795617443, 0.000171120016603, -0.0014625210315, 0.00382931320928, -0.000982634024695, -0.000374424183974, -0.00112114823423, 0.000218640198, -0.00120170682203, 0.00101909355726, -0.000445830955869, 0.000659161247313], [-0.00026676984271, 0.000897005200386, -0.000844672846142, 0.000403797690524, -0.000982634024695, 0.00519000831991, -0.00225165486336, -0.000386897911085, 0.000583075161558, 0.00126985483803, -0.00246622762643, -0.000354647811037, 0.00156231911387], [0.000163029981195, -0.000994545174763, 0.00101520260796, -0.000167245147168, -0.000374424183974, -0.00225165486336, 0.00568953715265, -0.00187589728739, 0.000668422668241, -0.000116952745884, 0.000278008054011, -0.000604485452641, 9.24449486774e-05], [-0.000359100027708, 0.00103891815525, -0.00105329276994, 0.000947205058765, -0.00112114823423, -0.000386897911085, -0.00187589728739, 0.00931085739285, -0.00485508097336, 0.00148922239896, 0.00184166897088, -0.000917747383937, -0.000866093207151], [0.000258626387222, -0.000883519591298, 0.00142003386281, -0.00155477621593, 0.000218640198, 0.000583075161558, 0.000668422668241, -0.00485508097336, 0.0113262468949, -0.00566941639408, -0.00036158610601, 0.00049367651809, 3.07386035274e-05], [-0.000426158367191, 0.00129327981267, -0.00160045386292, 0.0015003742883, -0.00120170682203, 0.00126985483803, -0.000116952745884, 0.00148922239896, -0.00566941639408, 0.0136290472001, -0.00592565955594, 0.00143331603613, 6.84262049617e-05], [0.000244670809479, -0.00107643660158, 0.00119746814016, -0.000731138745323, 0.00101909355726, -0.00246622762643, 0.000278008054011, 0.00184166897088, -0.00036158610601, -0.00592565955594, 0.0159500390291, -0.00648737465963, 0.000713346642442], [-0.000252149562584, 0.000939115649089, -0.00128400162794, 0.00177448661998, -0.000445830955869, -0.000354647811037, -0.000604485452641, -0.000917747383937, 0.00049367651809, 0.00143331603613, -0.00648737465963, 0.0172627326101, -0.00717844767496], [6.58973949612e-05, -0.000654638861306, 0.00115200562868, -0.00183473050129, 0.000659161247313, 0.00156231911387, 9.24449486774e-05, -0.000866093207151, 3.07386035274e-05, 6.84262049617e-05, 0.000713346642442, -0.00717844767496, 0.0151560790837]], "cov": [[11138.4384766, 258.72052002, 75.8505630493, 876.533203125, 453.969818115, 592.863952637, 163.005783081, 486.342468262, 143.101287842, 224.17149353, 22.9893703461, 134.893615723, 70.5362319946], [258.72052002, 1822.93554688, -265.102722168, 47.2949447632, 346.243713379, -169.393035889, 264.45614624, -90.0523071289, 86.3408660889, -82.5938186646, 41.773891449, -61.5919876099, 68.1922073364], [75.8505630493, -265.102722168, 1482.25964355, 464.15625, 182.469314575, 222.815109253, -144.572845459, 115.381858826, -64.853012085, 79.1335449219, -52.2308807373, 33.4822616577, -73.5952377319], [876.533203125, 47.2949447632, 464.15625, 771.173950195, 303.717590332, 74.4338760376, -11.072353363, 77.0562210083, 66.2602310181, 21.7514610291, -27.4432067871, -22.9363307953, 30.0910873413], [453.969818115, 346.243713379, 182.469314575, 303.717590332, 505.683410645, 108.450576782, 121.412734985, 87.2798614502, 59.5550041199, 17.9130573273, -7.63450145721, -10.9283838272, 1.93529367447], [592.863952637, -169.393035889, 222.815109253, 74.4338760376, 108.450576782, 387.781646729, 112.67893219, 88.2054901123, -28.9120178223, 14.2703962326, 29.8518066406, 40.2084617615, -40.5232276917], [163.005783081, 264.45614624, -144.572845459, -11.072353363, 121.412734985, 112.67893219, 310.841186523, 55.1814918518, 18.779083252, -24.0736808777, 18.5842838287, 9.61811256409, 8.47562789917], [486.342468262, -90.0523071289, 115.381858826, 77.0562210083, 87.2798614502, 88.2054901123, 55.1814918518, 202.947052002, 66.7344894409, 25.2978954315, -15.7328929901, 20.9118080139, 3.32174038887], [143.101287842, 86.3408660889, -64.853012085, 66.2602310181, 59.5550041199, -28.9120178223, 18.779083252, 66.7344894409, 167.972229004, 60.6761360168, 18.7640914917, -5.13935947418, 16.2149791718], [224.17149353, -82.5938186646, 79.1335449219, 21.7514610291, 17.9130573273, 14.2703962326, -24.0736808777, 25.2978954315, 60.6761360168, 134.312866211, 41.5233345032, 13.3345947266, -4.94961833954], [22.9893703461, 41.773891449, -52.2308807373, -27.4432067871, -7.63450145721, 29.8518066406, 18.5842838287, -15.7328929901, 18.7640914917, 41.5233345032, 104.948295593, 37.2993240356, 11.0958824158], [134.893615723, -61.5919876099, 33.4822616577, -22.9363307953, -10.9283838272, 40.2084617615, 9.61811256409, 20.9118080139, -5.13935947418, 13.3345947266, 37.2993240356, 96.8556900024, 32.9673576355], [70.5362319946, 68.1922073364, -73.5952377319, 30.0910873413, 1.93529367447, -40.5232276917, 8.47562789917, 3.32174038887, 16.2149791718, -4.94961833954, 11.0958824158, 32.9673576355, 97.1683883667]]}, "spectral_energyband_middle_low": {"dmean2": 0.00446118414402, "median": 0.00263225054368, "min": 2.14710596083e-22, "dvar2": 4.24473255407e-05, "dvar": 1.69049726537e-05, "dmean": 0.0027659451589, "max": 0.0666853114963, "var": 2.63555466518e-05, "mean": 0.00439233006909}, "melbands_crest": {"dmean2": 6.49618196487, "median": 13.1912212372, "min": 1.65509784222, "dvar2": 28.8525295258, "dvar": 11.1049442291, "dmean": 3.96260333061, "max": 34.7239723206, "var": 25.2543926239, "mean": 13.5030117035}, "spectral_kurtosis": {"dmean2": 2.71597909927, "median": 3.8639292717, "min": -1.29646098614, "dvar2": 11.1558694839, "dvar": 4.03543424606, "dmean": 1.63012135029, "max": 46.9930076599, "var": 6.99637699127, "mean": 4.29210090637}, "spectral_rms": {"dmean2": 0.00122245552484, "median": 0.00413773022592, "min": 3.16761699336e-12, "dvar2": 1.8691881678e-06, "dvar": 7.67815038216e-07, "dmean": 0.000787609664258, "max": 0.011770490557, "var": 3.67201732843e-06, "mean": 0.00402766373008}, "zerocrossingrate": {"dmean2": 0.016584476456, "median": 0.08056640625, "min": 0.00244140625, "dvar2": 0.00042148141074, "dvar": 0.000378769851523, "dmean": 0.0143190473318, "max": 0.5234375, "var": 0.00237052771263, "mean": 0.089127086103}, "silence_rate_60dB": {"dmean2": 0.107915587723, "median": 0, "min": 0, "dvar2": 0.106951542199, "dvar": 0.0510422289371, "dmean": 0.0539529919624, "max": 1, "var": 0.118676520884, "mean": 0.137630194426}, "erbbands_kurtosis": {"dmean2": 2.44521450996, "median": 0.631252527237, "min": -1.84106385708, "dvar2": 11.694562912, "dvar": 5.14569711685, "dmean": 1.5435885191, "max": 49.2627677917, "var": 9.30477142334, "mean": 1.56700611115}, "erbbands": {"dmean2": [0.150337100029, 1.32055842876, 3.88746070862, 4.94518089294, 4.16095781326, 6.00790548325, 4.93636035919, 8.47874355316, 12.3220453262, 14.0486307144, 14.6105489731, 23.1781253815, 27.3172416687, 40.6621551514, 40.7035751343, 20.8991527557, 21.5941333771, 23.6381664276, 25.4399261475, 64.5870056152, 56.4043731689, 40.3507461548, 27.2620391846, 21.2097892761, 16.3054103851, 25.1043682098, 20.4731483459, 10.5535469055, 4.98231458664, 3.34003806114, 3.00409722328, 2.81445503235, 2.04111146927, 0.905299723148, 0.272363781929, 0.0878787711263, 0.0184649508446, 0.00868181046098, 0.000884287583176, 2.97756887448e-05], "median": [0.0749581456184, 0.607931673527, 0.990064263344, 0.819138467312, 1.29652893543, 1.21788656712, 0.863740265369, 1.34143328667, 1.79633116722, 2.26221656799, 3.14891719818, 4.44379663467, 5.93400716782, 9.27706623077, 7.48713541031, 4.06602573395, 3.69396781921, 6.36304712296, 16.2076454163, 44.188129425, 49.1210594177, 37.4497642517, 26.7443733215, 18.494890213, 13.9944429398, 12.5430393219, 9.0752658844, 6.13076877594, 2.98600840569, 1.77691555023, 1.44853162766, 1.25400149822, 0.796983957291, 0.300389379263, 0.103153593838, 0.0337248817086, 0.00699423719198, 0.00128356856294, 0.000113044610771, 3.08385642711e-05], "min": [2.48155824597e-22, 4.62161721767e-22, 2.13457430582e-21, 6.61937310367e-21, 7.3607296887e-21, 1.40686183881e-20, 1.04836412008e-19, 1.45733404103e-19, 1.58766061168e-19, 4.27531530772e-19, 4.32593384983e-19, 4.3565519402e-19, 9.00799790468e-19, 7.71902717156e-19, 1.03072794441e-18, 1.24592735597e-18, 1.81221478974e-18, 1.8833018644e-18, 3.24932240363e-18, 4.15277547931e-18, 3.99498664156e-18, 5.78130550825e-18, 5.65345275046e-18, 6.46209831344e-18, 8.80616810996e-18, 1.01571583639e-17, 1.07065651093e-17, 1.14352524991e-17, 1.2626561326e-17, 1.38681313013e-17, 1.29616794891e-17, 1.12417981149e-17, 1.18681252127e-17, 9.70653849029e-18, 6.69482268364e-18, 4.124202593e-18, 2.7958845325e-18, 1.0755658899e-18, 2.66360532446e-19, 2.80055211883e-20], "dvar2": [0.0608789995313, 4.67236280441, 65.9524612427, 101.801628113, 59.8666038513, 240.841690063, 136.394454956, 598.688293457, 1318.96240234, 1805.48815918, 1321.77160645, 2902.25415039, 3629.62792969, 7727.87841797, 9338.90234375, 2669.27124023, 3522.73535156, 3965.29541016, 2236.10205078, 14394.328125, 7087.52441406, 3388.41894531, 1542.24255371, 893.206115723, 650.347167969, 2488.65917969, 1926.21435547, 405.348327637, 115.453323364, 90.3831863403, 79.0625686646, 62.4895439148, 37.3600540161, 8.52257823944, 0.55129224062, 0.0555647537112, 0.00281648896635, 0.00313135120086, 2.46669587796e-05, 6.37397601366e-09], "dvar": [0.0234790463001, 1.70722925663, 23.146905899, 36.184463501, 21.3766326904, 91.8290786743, 51.0216026306, 228.831100464, 523.805847168, 676.271850586, 520.148925781, 1197.28198242, 1533.61657715, 3065.68652344, 3701.35766602, 1102.96960449, 1458.43212891, 1720.61889648, 885.591003418, 5768.57226563, 2777.93896484, 1317.50427246, 591.094177246, 340.619689941, 250.050552368, 909.394592285, 694.380859375, 155.427947998, 54.7871818542, 42.9599990845, 35.4171676636, 27.1218109131, 15.8120632172, 3.56581783295, 0.235226616263, 0.0234541036189, 0.00114970456343, 0.00110067659989, 8.65257970872e-06, 2.33366681535e-09], "dmean": [0.0911686867476, 0.778492867947, 2.19122362137, 2.75721216202, 2.42491412163, 3.61002039909, 2.90723514557, 5.0560631752, 7.37088775635, 8.29950618744, 8.83446598053, 14.3764228821, 17.5782604218, 25.8303279877, 26.0196285248, 13.2798938751, 13.8509292603, 14.8583536148, 15.7322101593, 39.5381889343, 34.5464706421, 24.8422260284, 16.7118263245, 12.7146139145, 9.87028980255, 14.968832016, 12.0708827972, 6.39552402496, 3.23538661003, 2.23541069031, 2.00815725327, 1.8522721529, 1.3405777216, 0.593237042427, 0.182740345597, 0.057904034853, 0.0118917180225, 0.0051119425334, 0.000526744290255, 1.8588738385e-05], "max": [4.60818767548, 25.3283538818, 57.7418937683, 122.800636292, 145.290634155, 267.161254883, 104.62638092, 244.144134521, 445.586212158, 501.644226074, 428.512695313, 645.686950684, 615.083679199, 1721.08666992, 1355.14196777, 739.997253418, 705.72442627, 1049.66125488, 621.647460938, 1814.2911377, 778.595825195, 635.201171875, 437.4581604, 370.9503479, 277.684631348, 532.594726563, 430.139465332, 216.558731079, 182.487304688, 168.527572632, 148.450027466, 112.483680725, 87.8232116699, 41.8937454224, 8.55235862732, 3.51844525337, 0.653997123241, 0.825374662876, 0.0713060945272, 0.0010831176769], "var": [0.0331668630242, 2.08322238922, 17.4992046356, 30.6826267242, 22.8363437653, 104.271987915, 44.490070343, 195.308624268, 507.696563721, 538.227416992, 544.143310547, 1461.56225586, 2128.41137695, 5325.59619141, 7023.20458984, 1641.51538086, 2103.12573242, 3782.28051758, 1398.96875, 12154.2929688, 6878.24609375, 3688.58837891, 1892.6036377, 974.79864502, 523.112854004, 1462.74914551, 965.68951416, 291.919952393, 117.478881836, 72.6324996948, 56.6071968079, 39.671661377, 21.2467308044, 4.73651075363, 0.350234568119, 0.035922370851, 0.00150014611427, 0.000692228612024, 5.5435257309e-06, 2.29366525772e-09], "mean": [0.132456809282, 1.05277466774, 2.23471903801, 2.66816353798, 2.9937183857, 4.37733745575, 3.02870106697, 5.01225566864, 7.49090576172, 8.29460716248, 10.1617975235, 16.5941696167, 22.5319213867, 38.2300796509, 38.6709823608, 18.3212032318, 19.0635643005, 23.1518230438, 27.1979789734, 74.6164779663, 72.391242981, 55.0598068237, 38.9758872986, 28.2333717346, 20.9000358582, 27.5671520233, 20.7410373688, 12.0590896606, 6.26199960709, 3.99060201645, 3.48544216156, 3.0811817646, 2.16941666603, 0.927202403545, 0.304912865162, 0.097728535533, 0.0197064355016, 0.00574831990525, 0.000615604396444, 4.07156039728e-05]}, "spectral_strongpeak": {"dmean2": 1.04710650444, "median": 0.243085250258, "min": 0, "dvar2": 2.64604568481, "dvar": 1.03530704975, "dmean": 0.611027657986, "max": 10.6958112717, "var": 1.52323269844, "mean": 0.781734228134}, "spectral_energy": {"dmean2": 0.0122732669115, "median": 0.0175488330424, "min": 1.02846427096e-20, "dvar2": 0.000296994345263, "dvar": 0.000112849542347, "dmean": 0.00761933671311, "max": 0.142008066177, "var": 0.000279433908872, "mean": 0.0203914307058}, "average_loudness": 0.79830300808, "spectral_rolloff": {"dmean2": 1182.25634766, "median": 2390.18554688, "min": 21.533203125, "dvar2": 3205550.25, "dvar": 1490535.625, "dmean": 719.929931641, "max": 19272.2167969, "var": 3558493.5, "mean": 2626.37963867}, "spectral_centroid": {"dmean2": 503.89944458, "median": 2194.90673828, "min": 173.700042725, "dvar2": 323590.53125, "dvar": 164400.640625, "dmean": 327.870849609, "max": 11587.0839844, "var": 673746.8125, "mean": 2168.59057617}, "pitch_salience": {"dmean2": 0.131473109126, "median": 0.593429028988, "min": 0.0722011253238, "dvar2": 0.0124048646539, "dvar": 0.00489626405761, "dmean": 0.0805318877101, "max": 0.892636656761, "var": 0.011839854531, "mean": 0.588058292866}, "spectral_energyband_middle_high": {"dmean2": 0.00394262233749, "median": 0.0059185763821, "min": 1.21650762736e-21, "dvar2": 2.47601838055e-05, "dvar": 1.06076040538e-05, "dmean": 0.00255794357508, "max": 0.0638835355639, "var": 5.26201729372e-05, "mean": 0.00792001374066}, "spectral_contrast_coeffs": {"dmean2": [0.0974841490388, 0.0897300243378, 0.0747278854251, 0.0630718842149, 0.0385932400823, 0.0355355702341], "median": [-0.700799107552, -0.790280878544, -0.784208536148, -0.750384628773, -0.796505868435, -0.740468740463], "min": [-0.974454641342, -0.972229361534, -0.974013268948, -0.96672129631, -0.96425974369, -0.964979588985], "dvar2": [0.0063862442039, 0.00582818221301, 0.00357561302371, 0.00258282525465, 0.00106108002365, 0.00106230424717], "dvar": [0.00243433564901, 0.00248403893784, 0.00160288007464, 0.00110580993351, 0.000452519685496, 0.000477528374176], "dmean": [0.0592315979302, 0.0555694848299, 0.0472687631845, 0.0391492545605, 0.0237824618816, 0.0228910092264], "max": [-0.293956845999, -0.333935946226, -0.38699105382, -0.399234831333, -0.481186568737, -0.507717132568], "var": [0.00640836544335, 0.00630531599745, 0.00602221675217, 0.00416354509071, 0.00144901289605, 0.00263236346655], "mean": [-0.69219237566, -0.774529159069, -0.770720899105, -0.74727243185, -0.792817294598, -0.740671038628]}, "melbands_skewness": {"dmean2": 1.36371552944, "median": 1.45216166973, "min": -3.86952280998, "dvar2": 2.08516788483, "dvar": 0.95650011301, "dmean": 0.881604075432, "max": 15.5249052048, "var": 2.87561058998, "mean": 1.79664623737}, "spectral_spread": {"dmean2": 802758.625, "median": 3575929.25, "min": 1074994, "dvar2": 1519258959870.0, "dvar": 802068037632, "dmean": 548670.625, "max": 50153896, "var": 4756377960450.0, "mean": 3986948.5}, "dissonance": {"dmean2": 0.0225268658251, "median": 0.489434570074, "min": 0.182098597288, "dvar2": 0.000908702146262, "dvar": 0.000354440038791, "dmean": 0.0134869934991, "max": 0.500000119209, "var": 0.000641713384539, "mean": 0.480788856745}, "spectral_skewness": {"dmean2": 0.385697066784, "median": 1.28516578674, "min": -0.222500145435, "dvar2": 0.146578595042, "dvar": 0.0589757971466, "dmean": 0.239367380738, "max": 5.1082611084, "var": 0.168932646513, "mean": 1.28925216198}, "spectral_flux": {"dmean2": 0.0344837084413, "median": 0.0887305364013, "min": 6.4601254901e-11, "dvar2": 0.00133096263744, "dvar": 0.000602691492531, "dmean": 0.0220293775201, "max": 0.303239941597, "var": 0.00197658245452, "mean": 0.0892050638795}, "spectral_contrast_valleys": {"dmean2": [0.772511601448, 0.737637996674, 0.639035761356, 0.542814433575, 0.439989089966, 0.453420460224], "median": [-7.1579041481, -7.10701704025, -7.35257816315, -7.46657037735, -6.74647474289, -9.82691287994], "min": [-27.9681339264, -27.8227424622, -27.79022789, -27.5525245667, -27.3871574402, -27.3258647919], "dvar2": [0.492972970009, 0.464430898428, 0.333668202162, 0.281488895416, 0.253706485033, 0.33994486928], "dvar": [0.24713717401, 0.221106484532, 0.170562028885, 0.150087282062, 0.143810793757, 0.197997584939], "dmean": [0.487771064043, 0.466671139002, 0.423779040575, 0.367412120104, 0.300011128187, 0.335953772068], "max": [-5.2739815712, -4.73663187027, -5.09028291702, -5.57609558105, -5.39677238464, -7.55824756622], "var": [3.09871053696, 1.83230924606, 1.8524569273, 1.8002436161, 1.9206558466, 1.90146970749], "mean": [-7.81738376617, -7.33776473999, -7.50841808319, -7.65690994263, -7.08001947403, -10.1538095474]}, "erbbands_flatness_db": {"dmean2": 0.0330367870629, "median": 0.16819486022, "min": 0.0424703285098, "dvar2": 0.00104070967063, "dvar": 0.000549936550669, "dmean": 0.0224084984511, "max": 0.421846657991, "var": 0.00301634217612, "mean": 0.178206205368}, "spectral_energyband_high": {"dmean2": 0.000918735400774, "median": 0.00068459531758, "min": 7.50277614848e-21, "dvar2": 2.81242728306e-06, "dvar": 1.1409479157e-06, "dmean": 0.000585099216551, "max": 0.0150270042941, "var": 2.45158912549e-06, "mean": 0.00122800155077}, "spectral_entropy": {"dmean2": 0.210219815373, "median": 7.84899044037, "min": 5.54655504227, "dvar2": 0.0587526075542, "dvar": 0.0316942259669, "dmean": 0.144428029656, "max": 9.8275346756, "var": 0.131288260221, "mean": 7.78821802139}, "silence_rate_20dB": {"dmean2": 0, "median": 1, "min": 1, "dvar2": 0, "dvar": 0, "dmean": 0, "max": 1, "var": 0, "mean": 1}, "melbands_flatness_db": {"dmean2": 0.046590115875, "medi