{"tonal": {"thpcp": [1, 0.546404480934, 0.0688941180706, 0.0794061422348, 0.0704735517502, 0.408758074045, 0.74431937933, 0.398488223553, 0.462750792503, 0.83016705513, 0.415622800589, 0.032324437052, 0.0292224511504, 0.0312751159072, 0.327145963907, 0.600884974003, 0.312954306602, 0.0862072110176, 0.127809926867, 0.0873255729675, 0.505749762058, 0.905857264996, 0.456602662802, 0.286287039518, 0.493998378515, 0.250801861286, 0.0851266384125, 0.144151255488, 0.125956267118, 0.331774413586, 0.505044698715, 0.244948595762, 0.129414916039, 0.204440787435, 0.130707070231, 0.522284448147], "hpcp": {"dmean2": [0.121560141444, 0.09637901932, 0.102828674018, 0.114421963692, 0.0829925686121, 0.0166852939874, 0.0128424633294, 0.0195063874125, 0.0675403922796, 0.0880935713649, 0.0630693659186, 0.0286682713777, 0.0314444378018, 0.0334561318159, 0.0893439948559, 0.123921766877, 0.0974702686071, 0.0549341067672, 0.058242931962, 0.0466481596231, 0.031746391207, 0.0375529937446, 0.0454155504704, 0.0864749252796, 0.0830519422889, 0.0490234009922, 0.0378053002059, 0.0481424070895, 0.0505930967629, 0.107649095356, 0.135036036372, 0.111349396408, 0.0375489592552, 0.0297868028283, 0.038996912539, 0.0932386517525], "median": [0.0188069622964, 0.0163780879229, 0.0219116471708, 0.0269387420267, 0.0162477605045, 0.00102219264954, 0.000406115985243, 0.000912426272407, 0.00537012796849, 0.00875904224813, 0.00866863690317, 0.00248177698813, 0.00151572248433, 0.00301481317729, 0.0314529798925, 0.0524915419519, 0.0315460748971, 0.00368586042896, 0.00128640676849, 0.00132915086579, 0.00196046591736, 0.00204689847305, 0.00272919540294, 0.00504400394857, 0.00574313802645, 0.00500747328624, 0.00111595029011, 0.000644486339297, 0.00227114348672, 0.0263313390315, 0.0426081866026, 0.0240086372942, 0.00111586612184, 0.000323899759678, 0.000658634409774, 0.010092318058], "min": [4.52011590824e-07, 8.90056298886e-07, 0, 4.13538771227e-07, 4.22310904469e-07, 9.03822183318e-07, 1.90742696304e-07, 1.03301651677e-07, 3.9952840325e-07, 1.6243330947e-07, 0, 1.91576009456e-06, 1.73463888586e-07, 8.19140893782e-07, 1.92678794519e-06, 3.38505356012e-06, 3.32881086251e-06, 1.29812190153e-06, 2.72252435707e-07, 0, 1.37236418141e-06, 3.33633465743e-07, 5.4397975191e-07, 8.0016462789e-07, 6.08986681527e-07, 4.06128123132e-07, 4.56561110695e-07, 2.09919022609e-07, 1.27840522168e-07, 2.42708733822e-06, 1.93715982277e-06, 1.20076026633e-06, 2.24594529641e-07, 2.41684801949e-07, 2.05027760103e-07, 4.95407221024e-07], "dvar2": [0.0585049279034, 0.0335794277489, 0.0398134849966, 0.0535283125937, 0.0252296347171, 0.00397602561861, 0.00516596715897, 0.00841188896447, 0.0234276875854, 0.0359141603112, 0.017355941236, 0.00830447208136, 0.0107269007713, 0.00896891299635, 0.0224760416895, 0.0524912588298, 0.0272194202989, 0.0158407371491, 0.0269456747919, 0.0170387867838, 0.0132885295898, 0.0174400433898, 0.016456278041, 0.0573779381812, 0.0386074110866, 0.0127087235451, 0.0119730252773, 0.0241288989782, 0.0214990489185, 0.03727170825, 0.0674853622913, 0.0421863608062, 0.018291214481, 0.0185145363212, 0.0215514749289, 0.0342977419496], "dvar": [0.030843636021, 0.0141661260277, 0.0156966410577, 0.027345629409, 0.0104093169793, 0.00131817045622, 0.0016929784324, 0.00287165213376, 0.0101721826941, 0.0200483687222, 0.00779977533966, 0.00320316734724, 0.00512543739751, 0.00353509606794, 0.0104328291491, 0.0277826916426, 0.0119109675288, 0.00711452588439, 0.0137244425714, 0.0068180821836, 0.00537710636854, 0.00862585008144, 0.00643858825788, 0.0212808456272, 0.0186815243214, 0.00581012712792, 0.00491072935984, 0.0106263095513, 0.00851150695235, 0.0158228911459, 0.0356115289032, 0.0174707919359, 0.00650172168389, 0.00736480858177, 0.00772450491786, 0.0145998978987], "dmean": [0.0758641138673, 0.0583929605782, 0.0605972521007, 0.0715475827456, 0.0510916635394, 0.00913111213595, 0.00721322931349, 0.0108024086803, 0.0419458821416, 0.0576513558626, 0.0405398719013, 0.017185870558, 0.0198617335409, 0.020003112033, 0.056881505996, 0.0771977007389, 0.0591892898083, 0.0343245156109, 0.0360014513135, 0.0282617490739, 0.0190137382597, 0.0232675224543, 0.0265530236065, 0.0504048988223, 0.0508640222251, 0.0301968809217, 0.0229743737727, 0.0289113018662, 0.0294282566756, 0.0657207146287, 0.0819310769439, 0.0662015751004, 0.0207754150033, 0.0165336150676, 0.0213263779879, 0.0577505305409], "max": [1, 1, 1, 1, 1, 0.734930336475, 1, 1, 1, 1, 1, 1, 1, 1, 1, 1, 1, 1, 1, 1, 1, 1, 1, 1, 1, 1, 1, 1, 1, 1, 1, 1, 1, 1, 1, 1], "var": [0.124455668032, 0.0363528691232, 0.0425122752786, 0.135741233826, 0.035237595439, 0.00118156860117, 0.00149529008195, 0.00179925991688, 0.0320615768433, 0.103527292609, 0.0280972756445, 0.00592467049137, 0.0184409264475, 0.00666369078681, 0.0440803021193, 0.139243260026, 0.0357893519104, 0.0289607867599, 0.0969721004367, 0.0254737418145, 0.00809564068913, 0.0230859648436, 0.0115678915754, 0.0436645597219, 0.0895329266787, 0.0242085792124, 0.013411312364, 0.0351466797292, 0.013776095584, 0.0458658412099, 0.161047771573, 0.0516679957509, 0.00661109900102, 0.0148774404079, 0.00791387818754, 0.0393959395587], "mean": [0.222277954221, 0.119001537561, 0.138192430139, 0.247914865613, 0.124118477106, 0.00965312775224, 0.00872677378356, 0.00933976657689, 0.09769641608, 0.179443791509, 0.0934583321214, 0.0257442742586, 0.0381681993604, 0.0260782539845, 0.151033312082, 0.270518422127, 0.136356398463, 0.0854946151376, 0.147523969412, 0.0748975872993, 0.0254215821624, 0.0430482514203, 0.0376146361232, 0.0990786254406, 0.150822758675, 0.0731496140361, 0.0386474989355, 0.0610526651144, 0.0390333794057, 0.155971109867, 0.298632502556, 0.163174137473, 0.0205740220845, 0.0237132553011, 0.0210456941277, 0.122068449855]}, "tuning_equal_tempered_deviation": 0.0104145109653, "chords_changes_rate": 0.0449438206851, "key_key": "G", "tuning_diatonic_strength": 0.426299870014, "key_scale": "minor", "chords_number_rate": 0.00233199074864, "tuning_frequency": 441.782684326, "tuning_nontempered_energy_ratio": 0.589565813541, "chords_histogram": [24.7615013123, 12.2323513031, 7.16557121277, 9.45516204834, 3.34958648682, 2.20479106903, 0.423998296261, 2.52278995514, 0.33919864893, 9.87916088104, 0.148399412632, 2.84078860283, 0, 0.169599324465, 0, 0, 0.741997003555, 0.105999574065, 0.445198208094, 0, 0, 0.466398119926, 12.1475515366, 10.5999574661], "key_strength": 0.738479912281, "chords_key": "G", "chords_strength": {"dmean2": 0.00461200252175, "median": 0.477944016457, "min": 0.243111282587, "dvar2": 3.41012491845e-05, "dvar": 4.24569843744e-05, "dmean": 0.00812102481723, "max": 0.669022679329, "var": 0.00744031183422, "mean": 0.473979026079}, "chords_scale": "minor", "hpcp_entropy": {"dmean2": 0.509045600891, "median": 1.17527151108, "min": 0.0395403057337, "dvar2": 0.332845807076, "dvar": 0.149217516184, "dmean": 0.303467124701, "max": 4.5552611351, "var": 0.497659474611, "mean": 1.25502312183}}, "metadata": {"audio_properties": {"equal_loudness": 0, "codec": "flac", "downmix": "mix", "sample_rate": 44100, "analysis_sample_rate": 44100, "bit_rate": 0, "md5_encoded": "a539619a931909827274d23ded6e7275", "length": 219, "replay_gain": -1.2926940918, "lossless": true}, "version": {"essentia_build_sha": "70f2e5ece6736b2c40cc944ad0e695b16b925413", "essentia": "2.1-beta2", "extractor": "music 1.0", "essentia_git_sha": "v2.1_beta2"}, "tags": {"title": ["Sicilienne en sol mineur, extraite de la 2e Sonate pour fl\u00fbte (BWV 1031)"], "barcode": ["028943967228"], "media": ["CD"], "albumartist": ["Johann Sebastian Bach; Wilhelm Kempff"], "tracktotal": ["28"], "musicbrainz_releasegroupid": ["26018fd9-8774-4506-b8e8-7e1db1a6c1f6"], "performer": ["Wilhelm Kempff (piano)"], "releasetype": ["album"], "musicbrainz_recordingid": ["1e6597da-f456-4b36-92fd-3ae8515a94eb"], "musicbrainz_albumartistid": ["24f1766e-9635-4d58-a4d4-9413f9f98a4c", "095311b3-786f-4905-af19-03ae6b242a57"], "musicbrainz_releasetrackid": ["fa08f55a-85de-4caf-9d6f-0afb34fd0b3f"], "discnumber": ["1"], "album": ["Wilhelm Kempff joue Bach : Transcriptions pour piano"], "catalognumber": ["439 672-2"], "releasecountry": ["FR"], "file_name": "CD1-03 - Sicilienne en sol mineur, extraite de la 2e Sonate pour flute (BWV 1031).flac", "albumartistsort": ["Bach, Johann Sebastian; Kempff, Wilhelm"], "date": ["0"], "genre": ["Unknown"], "disctotal": ["2"], "musicbrainz_artistid": ["24f1766e-9635-4d58-a4d4-9413f9f98a4c"], "asin": ["B000001GL7"], "musicbrainz_albumid": ["6746ca14-f735-4c1f-a890-c72bf35ca68a"], "tracknumber": ["3"], "artistsort": ["Bach, Johann Sebastian"], "artist": ["Johann Sebastian Bach"], "label": ["Deutsche Grammophon"], "releasestatus": ["official"], "totaldiscs": ["2"], "script": ["Latn"], "totaltracks": ["28"]}}, "rhythm": {"bpm_histogram_first_peak_bpm": {"dmean2": 0, "median": 110, "min": 110, "dvar2": 0, "dvar": 0, "dmean": 0, "max": 110, "var": 0, "mean": 110}, "bpm": 109.506736755, "bpm_histogram_second_peak_spread": {"dmean2": 0, "median": 0.6484375, "min": 0.6484375, "dvar2": 0, "dvar": 0, "dmean": 0, "max": 0.6484375, "var": 0, "mean": 0.6484375}, "bpm_histogram_first_peak_weight": {"dmean2": 0, "median": 0.137440755963, "min": 0.137440755963, "dvar2": 0, "dvar": 0, "dmean": 0, "max": 0.137440755963, "var": 0, "mean": 0.137440755963}, "onset_rate": 2.64813327789, "beats_position": [0.557278871536, 1.1261677742, 1.69505667686, 2.26394557953, 2.83283448219, 3.39011335373, 3.92417216301, 4.45823097229, 5.00390005112, 5.54956912994, 6.08362817764, 6.6176867485, 7.16335582733, 7.69741487503, 8.24308395386, 8.78875255585, 9.33442115784, 9.90331077576, 10.47219944, 11.0526981354, 11.6099767685, 12.1556463242, 12.7013149261, 13.235373497, 13.7694330215, 14.2802715302, 14.8143310547, 15.3483896255, 15.8940582275, 16.4281177521, 16.9621772766, 17.4962348938, 18.0186843872, 18.5411338806, 19.0635814667, 19.574420929, 20.0852603912, 20.5844898224, 21.1069393158, 21.6177768707, 22.1402263641, 22.6742858887, 23.1967334747, 23.7424030304, 24.2880725861, 24.8221302032, 25.3561897278, 25.9018592834, 26.4475269318, 27.0164165497, 27.5620861053, 28.1077537537, 28.6534233093, 29.2107028961, 29.7447605133, 30.2788200378, 30.8128795624, 31.3469390869, 31.8809967041, 32.4150543213, 32.9491157532, 33.5063934326, 34.0404510498, 34.5745124817, 35.1201820374, 35.6658477783, 36.1999092102, 36.7339668274, 37.2680282593, 37.8020858765, 38.3477554321, 38.8934249878, 39.4507026672, 40.0079803467, 40.5884780884, 41.1689796448, 41.7378692627, 42.2951469421, 42.8524246216, 43.4097061157, 43.9669837952, 44.5126533508, 45.046710968, 45.5807685852, 46.1264381409, 46.683719635, 47.229385376, 47.7866668701, 48.3439445496, 48.8780021667, 49.4004516602, 49.934513092, 50.480178833, 51.0258483887, 51.5715179443, 52.1171875, 52.6628570557, 53.1969146729, 53.7541923523, 54.3346939087, 54.9151916504, 55.4956893921, 56.06457901, 56.6334686279, 57.2023582458, 57.7712478638, 58.340133667, 58.9206352234, 59.4779129028, 60.0351905823, 60.5808601379, 61.1149177551, 61.648979187, 62.1830368042, 62.7170982361, 63.2859840393, 63.9013137817, 64.4934234619, 65.1087493896, 65.7124710083, 66.29296875, 66.8966903687, 67.4771881104, 68.0460739136, 68.6149673462, 69.1722412109, 69.7179107666, 70.2635803223, 70.8092498779, 71.3433074951, 71.8889770508, 72.4346466064, 73.0035324097, 73.5840377808, 74.1645355225, 74.7102050781, 75.2558746338, 75.8015441895, 76.3472061157, 76.8812713623, 77.4153289795, 77.9493865967, 78.4834442139, 79.0175018311, 79.5515594482, 80.0972290039, 80.7009506226, 81.2930603027, 81.8735580444, 82.4308395386, 82.9997253418, 83.5802230835, 84.1723327637, 84.7412261963, 85.3101119995, 85.8906097412, 86.4711074829, 87.0516052246, 87.6088867188, 88.1893844604, 88.7582778931, 89.3387756348, 89.907661438, 90.4649429321, 91.0338287354, 91.579498291, 92.1251678467, 92.6708374023, 93.2281188965, 93.7737884521, 94.3194503784, 94.8767318726, 95.4572296143, 96.037727356, 96.6066207886, 97.1755065918, 97.7444000244, 98.2900695801, 98.8241271973, 99.3697967529, 99.9154663086, 100.461128235, 101.006797791, 101.540863037, 102.074920654, 102.632194519, 103.201087952, 103.758361816, 104.304031372, 104.861312866, 105.41859436, 105.975868225, 106.533149719, 107.113647461, 107.705757141, 108.274642944, 108.831924438, 109.389205933, 109.946479797, 110.503761292, 111.061042786, 111.61831665, 112.152381897, 112.709655762, 113.301765442, 113.893875122, 114.485984802, 115.078094482, 115.681808472, 116.262313843, 116.842811584, 117.434921265, 118.003807068, 118.561088562, 119.118362427, 119.675643921, 120.244529724, 120.79019928, 121.324264526, 121.858322144, 122.392379761, 122.926437378, 123.448883057, 123.971336365, 124.493782043, 125.062675476, 125.643173218, 126.223670959, 126.81578064, 127.396278381, 127.941947937, 128.499221802, 129.079727173, 129.660217285, 130.240722656, 130.821228027, 131.413330078, 132.005432129, 132.5859375, 133.166442871, 133.735321045, 134.280990601, 134.838272095, 135.38394165, 135.929611206, 136.463668823, 137.020950317, 137.578231812, 138.147125244, 138.739227295, 139.319732666, 139.923446655, 140.538772583, 141.130874634, 141.711380005, 142.303482056, 142.907211304, 143.522537231, 144.126251221, 144.71836853, 145.310470581, 145.890975952, 146.483078003, 147.075195312, 147.69052124, 148.305847168, 148.886352539, 149.466842651, 150.047348022, 150.627838135, 151.196731567, 151.754013062, 152.299682617, 152.856964111, 153.414230347, 153.959899902, 154.505569458, 155.109298706, 155.736236572, 156.374786377, 156.990112305, 157.547393799, 158.116271973, 158.685165405, 159.277282715, 159.880996704, 160.484710693, 161.076828003, 161.657318115, 162.261047363, 162.864761353, 163.48008728, 164.072189331, 164.675918579, 165.279632568, 165.883346558, 166.475463867, 167.067565918, 167.648071289, 168.24017334, 168.820678711, 169.401168823, 169.888793945, 170.364807129, 170.829208374, 171.165893555, 171.502578735, 171.839263916, 172.164352417, 172.512649536, 172.860946655, 173.209243774, 173.545944214, 173.871017456, 174.196090698, 174.521179199, 174.85786438, 175.182937622, 175.519638062, 175.867935181, 176.193008423, 176.506484985, 176.819946289, 177.121810913, 177.423675537, 177.748748779, 178.062225342, 178.375686646, 178.67755127, 178.979400635, 179.281265259, 179.606338501, 179.919815063, 180.233291626, 180.54675293, 180.88343811, 181.22013855, 181.568435669, 181.90512085, 182.230194092, 182.555282593, 182.880355835, 183.228652954, 183.565353394, 183.902038574, 184.215499878, 184.52897644, 184.854049683, 185.190750122, 185.539047241, 185.922180176, 186.305297852, 186.665206909, 187.036727905, 187.408248901, 187.791381836, 188.174514771, 188.557632446, 188.940765381, 189.335510254, 189.730239868, 190.124984741, 190.496505737, 190.868026733, 191.216323853, 191.564620972, 191.947753906, 192.330886841, 192.714004517, 193.10874939, 193.515090942, 193.921447754, 194.327789307, 194.710922241, 195.094055176, 195.488800049, 195.883529663, 196.301498413, 196.719451904, 197.137405396, 197.555374146, 197.973327637, 198.402893066, 198.820861816, 199.238815308, 199.656768799, 200.06312561, 200.481079102, 200.899047852, 201.317001343, 201.758178711, 202.245803833, 202.721817017, 203.197814941, 203.673828125, 204.13822937, 204.614242554, 205.07862854, 205.554641724, 206.030654907, 206.506668091, 206.959457397, 207.412246704, 207.865036011, 208.317825317, 208.770614624, 209.223403931, 209.722625732, 210.221862793, 210.721084595, 211.231918335, 211.742767334, 212.253601074, 212.834106445, 213.414596558, 214.018310547, 214.622039795, 215.225753784, 215.829467773, 216.433197021, 217.036911011, 217.640625, 218.255966187], "beats_loudness": {"dmean2": 0.0387708470225, "median": 0.0172962322831, "min": 9.39379958709e-07, "dvar2": 0.00241078948602, "dvar": 0.000923278566916, "dmean": 0.0220734700561, "max": 0.244934469461, "var": 0.00127272121608, "mean": 0.028498776257}, "danceability": 0.967737853527, "bpm_histogram_second_peak_weight": {"dmean2": 0, "median": 0.106635071337, "min": 0.106635071337, "dvar2": 0, "dvar": 0, "dmean": 0, "max": 0.106635071337, "var": 0, "mean": 0.106635071337}, "beats_count": 423, "bpm_histogram_second_peak_bpm": {"dmean2": 0, "median": 103, "min": 103, "dvar2": 0, "dvar": 0, "dmean": 0, "max": 103, "var": 0, "mean": 103}, "bpm_histogram_first_peak_spread": {"dmean2": 0, "median": 0.6305732131, "min": 0.6305732131, "dvar2": 0, "dvar": 0, "dmean": 0, "max": 0.6305732131, "var": 0, "mean": 0.6305732131}, "beats_loudness_band_ratio": {"dmean2": [0.137411296368, 0.362428158522, 0.371486485004, 0.180339097977, 0.00885647628456, 0.00104992976412], "median": [0.0288968496025, 0.328501045704, 0.621175467968, 0.0159365776926, 0.000816477579065, 1.7401705918e-05], "min": [0.000667727261316, 0.0032577435486, 0.00125657068565, 0.000398703210521, 1.58043312695e-05, 2.78162701761e-06], "dvar2": [0.0280384123325, 0.0922933146358, 0.0839807763696, 0.10139926523, 0.000408857682487, 4.42127093265e-05], "dvar": [0.0113092744723, 0.036224398762, 0.0323160029948, 0.0370286591351, 0.000143976052641, 1.75188306457e-05], "dmean": [0.0771371275187, 0.214304581285, 0.223778128624, 0.0967336073518, 0.00490696402267, 0.000640594749711], "max": [0.985636949539, 0.935910105705, 0.98224490881, 0.860627353191, 0.116274252534, 0.0643202215433], "var": [0.0344711653888, 0.0825841277838, 0.0790944993496, 0.0266951322556, 0.000107375642983, 2.13058556255e-05], "mean": [0.104433625937, 0.373833417892, 0.56728965044, 0.0740618035197, 0.00398254347965, 0.000797803921159]}}, "lowlevel": {"barkbands_spread": {"dmean2": 1.25579500198, "median": 2.11286878586, "min": 0.108837038279, "dvar2": 18.2182044983, "dvar": 5.9893913269, "dmean": 0.739646553993, "max": 59.0504188538, "var": 6.91776323318, "mean": 2.65228796005}, "melbands_spread": {"dmean2": 1.29616320133, "median": 3.68140482903, "min": 0.283679246902, "dvar2": 3.80085492134, "dvar": 1.45609164238, "dmean": 0.810516297817, "max": 27.3309650421, "var": 6.47308826447, "mean": 4.17320919037}, "hfc": {"dmean2": 3.11676049232, "median": 4.75142669678, "min": 3.75061172235e-05, "dvar2": 50.7953872681, "dvar": 31.7463626862, "dmean": 2.33791661263, "max": 156.950180054, "var": 151.753173828, "mean": 8.61404323578}, "barkbands_kurtosis": {"dmean2": 9.98599815369, "median": 4.92334699631, "min": -1.77383053303, "dvar2": 1379.99633789, "dvar": 433.044281006, "dmean": 5.79433727264, "max": 454.740020752, "var": 466.025756836, "mean": 10.838965416}, "gfcc": {"mean": [-244.817657471, 208.554107666, -78.824760437, -70.7103042603, -51.6648712158, -30.8574352264, -34.9563598633, -11.5685920715, -6.4777545929, -6.47840595245, -11.0466327667, -6.08185482025, -8.52778816223], "icov": [[0.00652603898197, -0.00662843231112, 0.00570739386603, -0.00253166700713, -0.0040846648626, 0.00887815281749, -0.0122615564615, 0.0126623148099, -0.0107973041013, 0.00797063671052, -0.00465758191422, 0.00262541067787, -0.000997079769149], [-0.00662843231112, 0.0105767454952, -0.00759699847549, 0.00619597313926, 0.000514423532877, -0.00561218336225, 0.0086731063202, -0.00724393362179, 0.00629531824961, -0.00213055429049, 0.00126461160835, 5.34210448677e-05, 0.00164472416509], [0.00570739386603, -0.00759699847549, 0.00924265664071, -0.00656327325851, 0.00265069399029, 0.00395931536332, -0.00897230766714, 0.0119873452932, -0.00984231196344, 0.00531578343362, -0.00129021564499, 2.69753327302e-05, 0.00121336372104], [-0.00253166700713, 0.00619597313926, -0.00656327325851, 0.0104591753334, -0.00692833214998, 0.000200173293706, 0.00338827189989, -0.00734364101663, 0.00932267121971, -0.00549558736384, 0.00219820067286, 0.000522450718563, 0.000702320889104], [-0.0040846648626, 0.000514423532877, 0.00265069399029, -0.00692833214998, 0.0177413057536, -0.0141012948006, 0.0139980260283, -0.0102801490575, 0.0045648785308, -0.00302008120343, 0.00162569852546, -0.00217615440488, 0.00176010665018], [0.00887815281749, -0.00561218336225, 0.00395931536332, 0.000200173293706, -0.0141012948006, 0.0254375021905, -0.0268154051155, 0.0251084696501, -0.017789946869, 0.0122533906251, -0.00388911971822, -0.000125057980767, -0.000875129480846], [-0.0122615564615, 0.0086731063202, -0.00897230766714, 0.00338827189989, 0.0139980260283, -0.0268154051155, 0.0465646125376, -0.0464268773794, 0.0364615097642, -0.0229898486286, 0.0103194164112, 0.000347122055246, -0.00342428055592], [0.0126623148099, -0.00724393362179, 0.0119873452932, -0.00734364101663, -0.0102801490575, 0.0251084696501, -0.0464268773794, 0.0604528933764, -0.0504462048411, 0.0356362275779, -0.0146143045276, 0.00300650531426, 0.00515595264733], [-0.0107973041013, 0.00629531824961, -0.00984231196344, 0.00932267121971, 0.0045648785308, -0.017789946869, 0.0364615097642, -0.0504462048411, 0.0588169768453, -0.0435256026685, 0.0216343998909, -0.00661516701803, -0.00192467402667], [0.00797063671052, -0.00213055429049, 0.00531578343362, -0.00549558736384, -0.00302008120343, 0.0122533906251, -0.0229898486286, 0.0356362275779, -0.0435256026685, 0.0500110574067, -0.03033628501, 0.0136785218492, -0.0020275155548], [-0.00465758191422, 0.00126461160835, -0.00129021564499, 0.00219820067286, 0.00162569852546, -0.00388911971822, 0.0103194164112, -0.0146143045276, 0.0216343998909, -0.03033628501, 0.0376756489277, -0.0215590745211, 0.00615242263302], [0.00262541067787, 5.34210448677e-05, 2.69753327302e-05, 0.000522450718563, -0.00217615440488, -0.000125057980767, 0.000347122055246, 0.00300650531426, -0.00661516701803, 0.0136785218492, -0.0215590745211, 0.0262109618634, -0.00935480277985], [-0.000997079769149, 0.00164472416509, 0.00121336372104, 0.000702320889104, 0.00176010665018, -0.000875129480846, -0.00342428055592, 0.00515595264733, -0.00192467402667, -0.0020275155548, 0.00615242263302, -0.00935480277985, 0.0152030419558]], "cov": [[6606.37841797, 2886.44042969, -2175.10913086, -1626.21313477, 328.225982666, -841.853393555, -84.6520690918, -64.132484436, 206.426727295, -342.932312012, 62.949798584, -297.844116211, 57.6065444946], [2886.44042969, 1817.73278809, -488.891418457, -949.973815918, -54.4715118408, -371.571014404, -139.480697632, -207.539886475, 63.4383277893, -168.00328064, -3.67967057228, -156.94140625, -10.0090942383], [-2175.10913086, -488.891418457, 1383.27441406, 483.020935059, -316.355773926, 251.047027588, -21.1938362122, -158.75668335, -111.435379028, 101.562660217, -71.7112731934, 35.3960037231, -72.095161438], [-1626.21313477, -949.973815918, 483.020935059, 807.625610352, 124.247085571, 233.935913086, 85.2822189331, 108.549819946, -79.4925689697, 69.2928314209, -22.2009963989, 50.5370330811, -59.0062294006], [328.225982666, -54.4715118408, -316.355773926, 124.247085571, 297.910186768, 47.9028358459, 3.75949716568, 72.6031265259, 19.1444835663, -25.5860443115, 21.6759777069, 14.2690114975, -9.56065559387], [-841.853393555, -371.571014404, 251.047027588, 233.935913086, 47.9028358459, 265.079528809, 78.9027023315, 13.350941658, -43.6294708252, 17.2601165771, -23.3607082367, 48.2362518311, 13.0124359131], [-84.6520690918, -139.480697632, -21.1938362122, 85.2822189331, 3.75949716568, 78.9027023315, 197.11819458, 134.089828491, -15.6236152649, -36.5569610596, -43.4908866882, -29.903427124, 2.66567754745], [-64.132484436, -207.539886475, -158.75668335, 108.549819946, 72.6031265259, 13.350941658, 134.089828491, 220.073532104, 60.6289176941, -22.5362930298, -25.3780078888, -17.8116588593, -22.1882953644], [206.426727295, 63.4383277893, -111.435379028, -79.4925689697, 19.1444835663, -43.6294708252, -15.6236152649, 60.6289176941, 118.865936279, 46.7387886047, 10.0523176193, -10.0813999176, 1.44281983376], [-342.932312012, -168.00328064, 101.562660217, 69.2928314209, -25.5860443115, 17.2601165771, -36.5569610596, -22.5362930298, 46.7387886047, 124.909431458, 56.3655357361, 29.1485538483, 5.44304466248], [62.949798584, -3.67967057228, -71.7112731934, -22.2009963989, 21.6759777069, -23.3607082367, -43.4908866882, -25.3780078888, 10.0523176193, 56.3655357361, 106.477607727, 64.1707763672, 11.4180011749], [-297.844116211, -156.94140625, 35.3960037231, 50.5370330811, 14.2690114975, 48.2362518311, -29.903427124, -17.8116588593, -10.0813999176, 29.1485538483, 64.1707763672, 121.996742249, 44.424747467], [57.6065444946, -10.0090942383, -72.095161438, -59.0062294006, -9.56065559387, 13.0124359131, 2.66567754745, -22.1882953644, 1.44281983376, 5.44304466248, 11.4180011749, 44.424747467, 112.72177124]]}, "spectral_energyband_middle_low": {"dmean2": 0.00594958057627, "median": 0.00978644937277, "min": 1.11870370745e-08, "dvar2": 0.000151274653035, "dvar": 8.42035224196e-05, "dmean": 0.00422059418634, "max": 0.273166894913, "var": 0.000413131958339, "mean": 0.0158812217414}, "melbands_crest": {"dmean2": 3.96402740479, "median": 16.697101593, "min": 5.45229148865, "dvar2": 18.5483512878, "dvar": 7.16335773468, "dmean": 2.45242643356, "max": 38.8349227905, "var": 33.1155090332, "mean": 17.5079555511}, "spectral_kurtosis": {"dmean2": 55.9845733643, "median": 157.503494263, "min": 1.47379779816, "dvar2": 2565.01220703, "dvar": 904.663085938, "dmean": 32.5962562561, "max": 383.352996826, "var": 4177.890625, "mean": 152.980072021}, "spectral_rms": {"dmean2": 0.000645054446068, "median": 0.00324302888475, "min": 5.50793765797e-06, "dvar2": 7.91769878106e-07, "dvar": 4.40320121697e-07, "dmean": 0.000461613148218, "max": 0.0164418052882, "var": 4.39467476099e-06, "mean": 0.0035238605924}, "zerocrossingrate": {"dmean2": 0.0028170789592, "median": 0.021484375, "min": 0.00732421875, "dvar2": 4.68379366794e-05, "dvar": 2.29970828514e-05, "dmean": 0.00204791338183, "max": 0.12890625, "var": 7.98120963736e-05, "mean": 0.0236325431615}, "silence_rate_60dB": {"dmean2": 0.051744248718, "median": 0, "min": 0, "dvar2": 0.0552196651697, "dvar": 0.0252011585981, "dmean": 0.0258693806827, "max": 1, "var": 0.137526765466, "mean": 0.164634793997}, "erbbands_kurtosis": {"dmean2": 3.06169891357, "median": 3.37932443619, "min": -1.63813078403, "dvar2": 21.4882736206, "dvar": 10.8660755157, "dmean": 2.04263877869, "max": 95.4198226929, "var": 67.9042892456, "mean": 6.04609680176}, "erbbands": {"dmean2": [0.00118732044939, 0.0139910234138, 0.0601652562618, 0.315557003021, 1.7527769804, 3.59588050842, 10.1328659058, 17.5143470764, 26.6432647705, 21.0218429565, 46.1294822693, 22.3735370636, 14.9708013535, 15.7273797989, 5.94779348373, 2.01092076302, 1.15044772625, 0.527187645435, 1.334374547, 0.55838572979, 0.284970521927, 0.178310349584, 0.0925795063376, 0.0232029501349, 0.0140606090426, 0.00396490981802, 0.00256844982505, 0.000850274635013, 0.000401527591748, 0.000208273486351, 0.000195218963199, 0.000142987977597, 5.14198654855e-05, 2.9222408557e-05, 1.80856623047e-05, 1.03318416222e-05, 5.0913299674e-06, 8.49981915962e-06, 3.06316428578e-06, 7.06979608367e-06], "median": [0.000431136286352, 0.00511377397925, 0.0302866362035, 0.148397833109, 0.830469846725, 2.47447276115, 4.00563955307, 8.3161277771, 16.4596061707, 17.5626354218, 15.6937446594, 6.84956026077, 3.93517780304, 2.18467664719, 0.819145083427, 0.698480784893, 0.420233130455, 0.224444359541, 0.187012761831, 0.11586586386, 0.0311585422605, 0.0176125857979, 0.00632254732773, 0.00204265187494, 0.000931711343583, 0.000468132639071, 0.000338800629834, 0.000254978454905, 0.000212079830817, 0.00018161162734, 0.000151890912093, 0.000119705284305, 9.00471495697e-05, 6.57660639263e-05, 4.52816420875e-05, 2.86714694084e-05, 2.56654602708e-05, 7.24621568224e-05, 8.16947340354e-06, 1.21935654533e-05], "min": [2.27973899314e-07, 1.70366661223e-06, 5.22568961969e-06, 9.8680066003e-06, 1.08432359411e-05, 1.10802529889e-05, 1.03862976175e-05, 9.92323202809e-06, 1.03966776805e-05, 1.27269604491e-05, 9.81842185865e-06, 1.38700424941e-05, 8.54895370139e-06, 1.85294193216e-05, 1.45170906762e-05, 2.8748963814e-05, 2.52863374044e-05, 1.4614972315e-05, 8.15704879642e-06, 5.50633694729e-06, 1.17815434351e-05, 1.72239851963e-05, 1.9805125703e-05, 2.64610207523e-05, 8.51085314935e-06, 9.87936891761e-06, 1.41217396958e-05, 1.24595535453e-05, 9.33422234084e-06, 1.25953547467e-05, 5.28524788024e-06, 6.45024101686e-06, 4.86451062898e-06, 5.08735365656e-06, 2.07112157113e-06, 1.47982257204e-06, 5.92214405515e-07, 2.21800959821e-07, 8.66259171062e-08, 6.88714907326e-09], "dvar2": [7.5237544479e-06, 0.00146412989125, 0.0243122167885, 0.853096961975, 23.4720859528, 73.4064025879, 1461.75683594, 3445.22265625, 7226.77539062, 2566.81762695, 40556.3203125, 12990.4326172, 4297.15820312, 16409.5625, 3608.82617188, 113.324172974, 19.4209213257, 3.56418275833, 67.0565414429, 7.77346467972, 2.99189186096, 0.833743035793, 0.294960737228, 0.0250061415136, 0.0120340706781, 0.000906042172574, 0.00140002008993, 6.6586995672e-05, 1.38981731652e-05, 4.5935498747e-06, 1.96047021745e-05, 9.04133958102e-06, 1.38399201433e-07, 3.14762593767e-09, 6.07509098582e-10, 1.76836781329e-10, 4.21278567586e-11, 5.91168086705e-11, 3.7361825439e-11, 2.07981576406e-10], "dvar": [4.06335811931e-06, 0.000691549677867, 0.008295645006, 0.336902111769, 11.2923135757, 31.6373519897, 464.907440186, 1131.2220459, 2915.43725586, 1130.10546875, 31626.0351562, 6914.10498047, 2371.96191406, 10026.21875, 1703.46862793, 62.8709030151, 9.108543396, 1.8813470602, 44.2932815552, 4.2416305542, 1.25154078007, 0.387383639812, 0.141951218247, 0.012802194804, 0.00663169752806, 0.000373996212147, 0.000888184527867, 3.14191638608e-05, 7.50383105697e-06, 2.00005797524e-06, 7.93261369836e-06, 3.49071160599e-06, 5.78800332107e-08, 1.2206728961e-09, 2.38122743745e-10, 7.56827031601e-11, 1.94832084494e-11, 2.5644030302e-11, 2.18312781047e-11, 1.18483611811e-10], "dmean": [0.000722397235222, 0.00888397078961, 0.0370722264051, 0.201225444674, 1.13200306892, 2.28862571716, 6.08014535904, 10.7792034149, 17.246088028, 14.1063098907, 37.5064353943, 17.3993015289, 11.6663751602, 12.2127828598, 4.17573833466, 1.50213599205, 0.812866389751, 0.387897193432, 1.06564295292, 0.418430656195, 0.19089987874, 0.11644693464, 0.0627126172185, 0.0167948789895, 0.010910326615, 0.00261675124057, 0.00183337577619, 0.000568947230931, 0.000276808073977, 0.000132682922413, 0.000120311065984, 8.41080181999e-05, 3.07223126583e-05, 1.73237112904e-05, 1.08386711872e-05, 6.28383031653e-06, 3.22942105413e-06, 5.54996040592e-06, 2.2117556e-06, 5.09104165758e-06], "max": [0.141060292721, 1.56972777843, 2.59823966026, 21.3644008636, 123.559165955, 221.744873047, 736.284240723, 914.103515625, 2133.47387695, 1111.47644043, 6602.91357422, 2506.86132812, 2680.21777344, 5195.26660156, 2164.60229492, 474.202819824, 146.108596802, 54.8613586426, 359.477783203, 146.878540039, 49.3985748291, 23.5917949677, 16.2060012817, 6.4023141861, 5.4191532135, 0.984231650829, 2.60813426971, 0.357272624969, 0.150562316179, 0.111286975443, 0.222677439451, 0.142760813236, 0.01972890459, 0.00232350430451, 0.00051618355792, 0.000329525501002, 0.000182421703357, 0.000367515167454, 0.000137250710395, 0.000314005010296], "var": [2.09042773349e-05, 0.00239701243117, 0.0257010497153, 2.26215171814, 40.0369529724, 193.710021973, 1542.80273438, 3811.49414062, 11380.2001953, 7426.04492188, 106351.078125, 34422.9179688, 12980.5742188, 42437.1015625, 2562.29614258, 203.972381592, 37.9786453247, 7.16769504547, 148.21522522, 16.0283222198, 2.12458992004, 1.13191783428, 0.326652258635, 0.0347681008279, 0.0258491989225, 0.000568901654333, 0.00170828436967, 5.37545747648e-05, 1.4492149603e-05, 2.35374864133e-06, 6.58111503071e-06, 2.60383535533e-06, 5.72045237845e-08, 1.91724525145e-09, 6.50322462548e-10, 2.77829287354e-10, 1.54396231911e-10, 3.47559070413e-09, 1.14790933703e-10, 5.97157379101e-10], "mean": [0.00129423756152, 0.0179481767118, 0.0969385579228, 0.600694000721, 2.8971657753, 7.29362440109, 16.2607936859, 29.9543094635, 52.7356758118, 49.9032859802, 90.6214904785, 55.7022476196, 39.9508934021, 32.6566200256, 8.59894275665, 4.15956497192, 2.26852536201, 1.04532217979, 2.53449463844, 1.15641403198, 0.387120008469, 0.275591135025, 0.140827059746, 0.0424722656608, 0.025852734223, 0.00507216341794, 0.00320125138387, 0.00111308204941, 0.000570984440856, 0.000301818858134, 0.000237492786255, 0.000174610002432, 0.0001072278028, 7.48151505832e-05, 5.17649059475e-05, 3.30515540554e-05, 2.85728565359e-05, 8.28692354844e-05, 1.12658299258e-05, 1.95547345356e-05]}, "spectral_strongpeak": {"dmean2": 0.529403328896, "median": 1.1961388588, "min": 0, "dvar2": 0.697242021561, "dvar": 0.375718206167, "dmean": 0.356976389885, "max": 13.4474830627, "var": 2.12187838554, "mean": 1.55360388756}, "spectral_energy": {"dmean2": 0.00628095911816, "median": 0.0107801677659, "min": 3.10958121474e-08, "dvar2": 0.000162935844855, "dvar": 9.20348102227e-05, "dmean": 0.00451203575358, "max": 0.277091294527, "var": 0.000464497570647, "mean": 0.0172324758023}, "average_loudness": 0.345046728849, "spectral_rolloff": {"dmean2": 56.6986465454, "median": 559.86328125, "min": 21.533203125, "dvar2": 14731.6787109, "dvar": 5772.69433594, "dmean": 31.102973938, "max": 2110.25390625, "var": 35045.3164062, "mean": 559.340148926}, "spectral_centroid": {"dmean2": 54.8737792969, "median": 459.133178711, "min": 225.217514038, "dvar2": 18912.5292969, "dvar": 6794.40429688, "dmean": 34.140914917, "max": 2708.53540039, "var": 56661.5390625, "mean": 510.318359375}, "pitch_salience": {"dmean2": 0.0931341648102, "median": 0.497340112925, "min": 0.0642757564783, "dvar2": 0.0105342241004, "dvar": 0.00406860047951, "dmean": 0.0577300041914, "max": 0.821277618408, "var": 0.0175448227674, "mean": 0.488484680653}, "spectral_energyband_middle_high": {"dmean2": 0.000683630933054, "median": 0.00022994595929, "min": 3.64098373673e-09, "dvar2": 1.46738957483e-05, "dvar": 8.49134539749e-06, "dmean": 0.00053133815527, "max": 0.140594735742, "var": 3.517352161e-05, "mean": 0.00154256250244}, "spectral_contrast_coeffs": {"dmean2": [0.0668207108974, 0.059438470751, 0.0449022129178, 0.0364175587893, 0.0224109515548, 0.0268599502742], "median": [-0.566508412361, -0.644174933434, -0.707742810249, -0.742069780827, -0.824631392956, -0.876149713993], "min": [-0.944978892803, -0.952200949192, -0.950355291367, -0.943149149418, -0.927696168423, -0.943744122982], "dvar2": [0.00310358800925, 0.00279262289405, 0.00181212520692, 0.00114980642684, 0.00041270654765, 0.000692166096997], "dvar": [0.00115349714179, 0.0011130226776, 0.000817477470264, 0.000480176124256, 0.000193142404896, 0.000229838260566], "dmean": [0.0399229601026, 0.0364819057286, 0.0284818150103, 0.0226191431284, 0.0140414852649, 0.0152751673013], "max": [-0.224542975426, -0.330738544464, -0.328518211842, -0.529105186462, -0.600770354271, -0.704551994801], "var": [0.0117297302932, 0.00975755695254, 0.0116174193099, 0.00485991919413, 0.00494133681059, 0.000379750243155], "mean": [-0.573418676853, -0.646181225777, -0.697351634502, -0.7447078228, -0.81371229887, -0.875178396702]}, "melbands_skewness": {"dmean2": 0.836915969849, "median": 0.594462811947, "min": -5.52653837204, "dvar2": 4.0668554306, "dvar": 1.37395644188, "dmean": 0.522894978523, "max": 27.1013755798, "var": 7.10830068588, "mean": 0.961115658283}, "spectral_spread": {"dmean2": 549176.875, "median": 802224.9375, "min": 253130.6875, "dvar2": 209702027264, "dvar": 70880960512, "dmean": 309053.9375, "max": 15500247, "var": 2907843067900.0, "mean": 1216928.75}, "dissonance": {"dmean2": 0.090670324862, "median": 0.327797055244, "min": 0.0726432874799, "dvar2": 0.00770810153335, "dvar": 0.00285018864088, "dmean": 0.0526849366724, "max": 0.500000238419, "var": 0.00776574760675, "mean": 0.328590363264}, "spectral_skewness": {"dmean2": 2.23077392578, "median": 10.1311063766, "min": 1.12336850166, "dvar2": 3.98316550255, "dvar": 1.46112537384, "dmean": 1.29220604897, "max": 15.9924097061, "var": 8.27870368958, "mean": 9.59240913391}, "spectral_flux": {"dmean2": 0.0227817241102, "median": 0.0238440781832, "min": 0.000398692471208, "dvar2": 0.00131916941609, "dvar": 0.000561717781238, "dmean": 0.0144227184355, "max": 0.401489585638, "var": 0.000957845710218, "mean": 0.0324890464544}, "spectral_contrast_valleys": {"dmean2": [0.638131678104, 0.453683942556, 0.452994048595, 0.460519105196, 0.292262464762, 0.479796409607], "median": [-9.07743740082, -6.88786554337, -8.80014038086, -10.5782880783, -11.8576259613, -14.0426807404], "min": [-12.9948320389, -14.3834247589, -13.8185930252, -14.6603727341, -13.8975362778, -15.5439510345], "dvar2": [0.258560538292, 0.160065636039, 0.180501937866, 0.224627941847, 0.126112192869, 0.239200860262], "dvar": [0.0951326340437, 0.0685610324144, 0.0814464092255, 0.105358101428, 0.0561620779335, 0.075311973691], "dmean": [0.382826060057, 0.2796626091, 0.279595673084, 0.286331236362, 0.178910627961, 0.268999665976], "max": [-6.41939306259, -4.64663887024, -5.47049713135, -7.15026283264, -8.16755962372, -11.6948442459], "var": [0.720992207527, 1.5783393383, 1.28204333782, 0.903824806213, 0.218534246087, 0.114344954491], "mean": [-9.08374595642, -7.12112379074, -8.9191827774, -10.5367527008, -11.7520694733, -13.936463356]}, "erbbands_flatness_db": {"dmean2": 0.0221977550536, "median": 0.424703240395, "min": 0.024401249364, "dvar2": 0.000520812347531, "dvar": 0.000247552321525, "dmean": 0.0145499818027, "max": 0.563513815403, "var": 0.00812520179898, "mean": 0.405546307564}, "spectral_energyband_high": {"dmean2": 8.71581775641e-08, "median": 9.81241399245e-08, "min": 2.53390863847e-09, "dvar2": 7.37836603881e-13, "dvar": 3.84434508966e-13, "dmean": 5.88592143913e-08, "max": 4.29075116699e-05, "var": 6.30592529149e-13, "mean": 1.80412371265e-07}, "spectral_entropy": {"dmean2": 0.220602348447, "median": 5.10965633392, "min": 3.47859334946, "dvar2": 0.063821464777, "dvar": 0.0270681437105, "dmean": 0.13837492466, "max": 8.79467964172, "var": 0.536744892597, "mean": 5.24116182327}, "silence_rate_20dB": {"dmean2": 0, "median": 1, "min": 1, "dvar2": 0, "dvar": 0, "dmean": 0, "max": 1, "var": 0, "mean": 1}, "melbands_flatness_db": {"dmean2": 0.0297206416726, "median": 0.510451972485, "min": 0.150805950165, "dvar2": 0.00113767012954, "dvar": 0.00044104407425, "dmean": 0.0186375528574, "max": 0.669958114624, "var": 0.00446967920288, "mean": 0.502213776112}, "barkbands": {"dmean2": [2.11787937587e-05, 5.37988307769e-05, 6.88908330631e-05, 0.00016126659466, 0.00102060998324, 0.00210939859971, 0.0019161128439, 0.00177773833275, 0.000844589434564, 0.000555254693609, 0.000192316903849, 5.13846207468e-05, 2.34255494433e-05, 8.82334370544e-06, 2.58395702986e-05, 5.78686376684e-06, 4.40277972302e-06, 9.77801846602e-07, 3.91457518845e-07, 9.03908627947e-08, 3.92347985212e-08, 9.88184645223e-09, 6.55961862606e-09, 4.70188332713e-09, 2.29332353108e-09, 2.12669371003e-09, 5.94584204094e-09], "median": [6.61076819597e-06, 1.66130030266e-05, 2.55226495938e-05, 3.83913866244e-05, 0.000722891767509, 0.00106871081516, 0.00105147925206, 0.000594438635744, 0.000165243007359, 6.85296545271e-05, 1.65055189427e-05, 1.39045123433e-05, 6.3918359956e-06, 1.96620362658e-06, 3.65770483768e-06, 3.20094329709e-07, 3.37436517839e-07, 5.39596065607e-08, 2.84834129616e-08, 8.73808225776e-09, 6.86944323647e-09, 5.71241765002e-09, 5.22295229288e-09, 5.11763342814e-09, 5.2355826341e-09, 5.84628301326e-09, 4.95883973883e-08], "min": [1.12855669254e-09, 7.67512631228e-09, 1.23938392882e-09, 9.32418586785e-10, 3.50737305865e-09, 9.36393185214e-10, 4.10088046854e-10, 5.11152065119e-10, 6.20386853001e-10, 3.10218295496e-10, 3.90877802348e-10, 4.86458984206e-10, 4.02830602209e-10, 2.10602715822e-10, 1.48163786795e-10, 1.07578106145e-10, 3.48811063366e-10, 4.15597195547e-10, 3.08511327596e-10, 1.97374866451e-10, 3.69057312488e-10, 2.55269833049e-10, 2.68214117582e-10, 3.1422234259e-10, 3.43457734475e-10, 3.72682773531e-10, 4.83135809137e-10], "dvar2": [3.68074015711e-10, 2.1241632453e-08, 3.85129474978e-08, 2.19195399609e-07, 6.0174875216e-06, 3.95055030822e-05, 3.50370901288e-05, 5.48723364773e-05, 1.77563069883e-05, 1.17081572171e-05, 2.57434817286e-06, 8.2992059447e-08, 8.04873323546e-09, 1.37636779751e-0