{"tonal": {"thpcp": [1, 0.695846617222, 0.316457092762, 0.237809851766, 0.144747406244, 0.162644252181, 0.28972440958, 0.351722925901, 0.528823554516, 0.597446799278, 0.377823621035, 0.346655726433, 0.405893206596, 0.214124962687, 0.0922866910696, 0.0875728800893, 0.0552213713527, 0.329261302948, 0.588296353817, 0.321939677, 0.210536599159, 0.300063818693, 0.163195982575, 0.194905072451, 0.227020964026, 0.0919583961368, 0.138255983591, 0.21896918118, 0.138146460056, 0.0899473205209, 0.104438126087, 0.102316342294, 0.277942299843, 0.47209239006, 0.519601583481, 0.763131737709], "hpcp": {"dmean2": [0.12456291914, 0.106262870133, 0.0678378343582, 0.0541838146746, 0.0397174581885, 0.100808814168, 0.119977258146, 0.0993551388383, 0.0914549976587, 0.0941813662648, 0.0619726628065, 0.0701060369611, 0.0820876210928, 0.0452888868749, 0.0455436185002, 0.063686683774, 0.0604342594743, 0.0567485019565, 0.0630078986287, 0.0698815360665, 0.116175346076, 0.171166688204, 0.216261804104, 0.236114308238, 0.205014139414, 0.21618707478, 0.140489339828, 0.0967254638672, 0.0659467130899, 0.0760924294591, 0.117402911186, 0.148833155632, 0.218524187803, 0.218267768621, 0.186111748219, 0.168001979589], "median": [0.0612277276814, 0.028728928417, 0.00825154781342, 0.00414060615003, 0.00453996146098, 0.0209980010986, 0.0351199433208, 0.0345597416162, 0.0177281182259, 0.0161187946796, 0.0164963938296, 0.0116895455867, 0.0135547006503, 0.0150987068191, 0.0149938184768, 0.0195967145264, 0.0208928659558, 0.0198324415833, 0.0161586310714, 0.013250650838, 0.0331387668848, 0.0945703834295, 0.196350947022, 0.266957312822, 0.350311070681, 0.214286267757, 0.103128343821, 0.0369262471795, 0.0314430370927, 0.038372784853, 0.076884791255, 0.122141391039, 0.18645209074, 0.198509946465, 0.126591682434, 0.0940856486559], "min": [0, 0, 0, 0, 0, 0, 0, 0, 0, 0, 0, 0, 0, 0, 0, 0, 0, 0, 0, 0, 0, 0, 0, 0, 0, 0, 0, 0, 0, 0, 0, 0, 0, 0, 0, 0], "dvar2": [0.0383129306138, 0.0402736738324, 0.0244198404253, 0.0201505105942, 0.00850497186184, 0.0270860642195, 0.0497504323721, 0.0238722171634, 0.0276511795819, 0.034574534744, 0.0123764481395, 0.0205510593951, 0.0255224965513, 0.0090640084818, 0.00944323837757, 0.0209844484925, 0.015966495499, 0.0200787801296, 0.0176970940083, 0.0240196306258, 0.0401273705065, 0.0578326843679, 0.0604307502508, 0.062433142215, 0.0640163943172, 0.0534371398389, 0.028802992776, 0.0277437083423, 0.0147755853832, 0.0230369567871, 0.034576933831, 0.0375651270151, 0.0666650980711, 0.0721184462309, 0.0590959824622, 0.0568900406361], "dvar": [0.0168877337128, 0.0137953562662, 0.0101121598855, 0.0100359823555, 0.0035156167578, 0.011952765286, 0.022320266813, 0.00929528102279, 0.0129366982728, 0.016882058233, 0.00525272730738, 0.00951298605651, 0.0121752275154, 0.00348301813938, 0.00424809753895, 0.00889043230563, 0.00602347357199, 0.00717535056174, 0.00715540535748, 0.00879892893136, 0.01648048684, 0.0250971559435, 0.0227864887565, 0.023777525872, 0.02611563541, 0.0195959005505, 0.0112272212282, 0.0133760636672, 0.00630647083744, 0.0088074542582, 0.0136273242533, 0.0138770984486, 0.0245423037559, 0.0266133844852, 0.0196153782308, 0.0198431909084], "dmean": [0.0788921043277, 0.0625087246299, 0.0400030575693, 0.0339599847794, 0.0237010512501, 0.063919365406, 0.0735902041197, 0.0607856735587, 0.0570858083665, 0.060247477144, 0.0393419601023, 0.0454146340489, 0.0528984330595, 0.0274811759591, 0.0288056991994, 0.0385127216578, 0.0360985808074, 0.0334393456578, 0.0379114635289, 0.0413744673133, 0.0723631083965, 0.105381220579, 0.129031926394, 0.139130294323, 0.120280578732, 0.128619492054, 0.0840895399451, 0.0596893839538, 0.0404648892581, 0.0464184992015, 0.0714706629515, 0.0896545797586, 0.128983423114, 0.128896385431, 0.107317976654, 0.0987556576729], "max": [1, 1, 1, 1, 1, 1, 1, 1, 1, 1, 0.87795060873, 1, 1, 0.931944906712, 1, 1, 1, 1, 1, 1, 1, 1, 1, 1, 1, 1, 1, 1, 1, 1, 1, 1, 1, 1, 1, 1], "var": [0.0802313163877, 0.0290915500373, 0.0128400297835, 0.0180615428835, 0.00549180014059, 0.0498519986868, 0.151215851307, 0.0442090891302, 0.0378077663481, 0.0792629122734, 0.0202011056244, 0.0376634225249, 0.0483308508992, 0.00611507799476, 0.0222627222538, 0.0578682124615, 0.016333648935, 0.00650773337111, 0.010838041082, 0.0108131747693, 0.0433891825378, 0.0854275748134, 0.0476443916559, 0.101644814014, 0.153813511133, 0.0936710834503, 0.0237371474504, 0.0390415526927, 0.0113008795306, 0.0177846439183, 0.0395249836147, 0.02993318066, 0.0583015345037, 0.0822782963514, 0.0337876603007, 0.0394896231592], "mean": [0.198077738285, 0.104493960738, 0.0450363270938, 0.0427359640598, 0.0269482806325, 0.160681024194, 0.287091314793, 0.157108038664, 0.102742820978, 0.146432518959, 0.0796403810382, 0.0951145663857, 0.110787265003, 0.0448761172593, 0.0674695521593, 0.106857962906, 0.0674161016941, 0.0438947044313, 0.0509662814438, 0.0499308407307, 0.135637104511, 0.230383247137, 0.253567934036, 0.372411757708, 0.488004565239, 0.339576333761, 0.154432505369, 0.116052292287, 0.0706373974681, 0.0793711394072, 0.141386836767, 0.171642392874, 0.258068323135, 0.29155677557, 0.184379652143, 0.169169574976]}, "tuning_equal_tempered_deviation": 0.0364069603384, "chords_changes_rate": 0.0701257884502, "key_key": "F", "tuning_diatonic_strength": 0.405306249857, "key_scale": "minor", "chords_number_rate": 0.00503144646063, "tuning_frequency": 440.254241943, "tuning_nontempered_energy_ratio": 0.724774718285, "chords_histogram": [25.4402523041, 0, 0, 0, 0, 2.42138361931, 4.52830171585, 4.11949682236, 1.44654083252, 3.05031442642, 3.89937114716, 3.23899364471, 2.70440244675, 1.13207542896, 1.82389938831, 8.1761007309, 1.91823899746, 16.6666660309, 0.0943396240473, 3.71069192886, 0, 0, 0.125786170363, 15.5031442642], "key_strength": 0.458141326904, "chords_key": "F", "chords_strength": {"dmean2": 0.00685712182894, "median": 0.483707606792, "min": 0.198802009225, "dvar2": 3.84919258067e-05, "dvar": 4.33015848103e-05, "dmean": 0.00754709169269, "max": 0.672010302544, "var": 0.0130307022482, "mean": 0.469630390406}, "chords_scale": "minor", "hpcp_entropy": {"dmean2": 0.829667568207, "median": 2.03006052971, "min": 0, "dvar2": 0.488865226507, "dvar": 0.184397056699, "dmean": 0.494325578213, "max": 3.69570660591, "var": 0.573916554451, "mean": 1.92315375805}}, "metadata": {"audio_properties": {"equal_loudness": 0, "codec": "mp3", "downmix": "mix", "sample_rate": 44100, "analysis_sample_rate": 44100, "bit_rate": 320057, "md5_encoded": "b9a23078de4f7e6a0eed08068d96d60e", "length": 147.591842651, "replay_gain": -7.46928215027, "lossless": false}, "version": {"essentia_build_sha": "70f2e5ece6736b2c40cc944ad0e695b16b925413", "essentia": "2.1-beta2", "extractor": "music 1.0", "essentia_git_sha": "v2.1_beta2"}, "tags": {"title": ["Swamp"], "artist": ["Paul Romero, Rob King, Steve Baca"], "copyright": ["?Ubisoft"], "date": ["1999"], "genre": ["Game"], "album": ["Heroes of Might And Magic III Soundtrack"], "label": ["Ubisoft"], "musicbrainz_recordingid": ["1e741fa3-47fa-4e6e-ad68-786f334dfc9f"], "tracknumber": ["26"], "file_name": "2006401.mp3"}}, "rhythm": {"bpm_histogram_first_peak_bpm": {"dmean2": 0, "median": 99, "min": 99, "dvar2": 0, "dvar": 0, "dmean": 0, "max": 99, "var": 0, "mean": 99}, "bpm": 100.125045776, "bpm_histogram_second_peak_spread": {"dmean2": 0, "median": 0.521739125252, "min": 0.521739125252, "dvar2": 0, "dvar": 0, "dmean": 0, "max": 0.521739125252, "var": 0, "mean": 0.521739125252}, "bpm_histogram_first_peak_weight": {"dmean2": 0, "median": 0.151624545455, "min": 0.151624545455, "dvar2": 0, "dvar": 0, "dmean": 0, "max": 0.151624545455, "var": 0, "mean": 0.151624545455}, "onset_rate": 0.318408221006, "beats_position": [0.592108845711, 1.18421769142, 1.77632653713, 2.36843538284, 2.9837641716, 3.58748292923, 4.19120168686, 4.79492044449, 5.39863920212, 6.025578022, 6.64090681076, 7.25623559952, 7.85995435715, 8.46367359161, 9.07900238037, 9.682721138, 10.2864398956, 10.8901586533, 11.4938774109, 12.051156044, 12.6084346771, 13.1657142639, 13.722992897, 14.268661499, 14.8143310547, 15.3599996567, 15.9056682587, 16.4861679077, 17.0666656494, 17.6471652985, 18.1347846985, 18.6224040985, 19.1100215912, 19.5395908356, 19.9575500488, 20.3755092621, 20.8050785065, 21.2346477509, 21.6526069641, 22.0821762085, 22.5001354218, 22.918094635, 23.3360538483, 23.7656230927, 24.1835823059, 24.6015415192, 25.0195007324, 25.4490699768, 25.8786392212, 26.3082084656, 26.73777771, 27.132516861, 27.527256012, 27.9103851318, 28.3051242828, 28.6998634338, 29.0946025848, 29.4893417358, 29.9305210114, 30.3717002869, 30.8012695312, 31.2308387756, 31.66040802, 32.0899772644, 32.5311546326, 32.9723358154, 33.4135131836, 33.8546943665, 34.3539237976, 34.8415412903, 35.3407707214, 35.8980484009, 36.455329895, 37.0126075745, 37.5814971924, 38.1503829956, 38.730884552, 39.2997741699, 39.8686599731, 40.4375495911, 41.006439209, 41.5753288269, 42.1442184448, 42.713104248, 43.3168258667, 43.9089317322, 44.5126533508, 45.1163711548, 45.7200889587, 46.3121986389, 46.9043083191, 47.4964179993, 48.0420837402, 48.5877532959, 49.1334228516, 49.6790924072, 50.2247619629, 50.7472114563, 51.2812690735, 51.8153266907, 52.3261680603, 52.8370056152, 53.3478431702, 53.8586845398, 54.3695220947, 54.8687515259, 55.367980957, 55.8672103882, 56.3780479431, 56.912109375, 57.4345550537, 57.9802246094, 58.5142860413, 59.0599517822, 59.6056213379, 60.1512908936, 60.6969604492, 61.2774581909, 61.8579597473, 62.4616775513, 63.0537872314, 63.6458930969, 64.2496109009, 64.8533325195, 65.4570541382, 66.0607681274, 66.6644897461, 67.2682037354, 67.8835372925, 68.5336914062, 69.1722412109, 69.8107910156, 70.4493408203, 71.087890625, 71.7264404297, 72.3649902344, 72.9803161621, 73.6072540283, 74.2341918945, 74.7334213257, 75.2210388184, 75.7086639404, 76.1962814331, 76.6722869873, 77.15990448, 77.5778656006, 77.9958267212, 78.4137878418, 78.8201370239, 79.2264862061, 79.6328353882, 80.0507888794, 80.46875, 80.8750991821, 81.2814483643, 81.7342376709, 82.198638916, 82.6630401611, 83.1274337769, 83.591835022, 84.0562362671, 84.5206298828, 85.0430831909, 85.5655288696, 86.0879821777, 86.691696167, 87.2954177856, 87.9571838379, 88.6189575195, 89.2575073242, 89.907661438, 90.5578231812, 91.1731491089, 91.788482666, 92.3921966553, 92.972694397, 93.5764160156, 94.1801376343, 94.795463562, 95.4107894897, 96.0261230469, 96.6414489746, 97.2567749023, 97.8721084595, 98.4642181396, 99.0331039429, 99.590385437, 100.124443054, 100.681724548, 101.192558289, 101.703399658, 102.225845337, 102.725074768, 103.235916138, 103.746757507, 104.245986938, 104.74521637, 105.244445801, 105.743675232, 106.231292725, 106.718910217, 107.264579773, 107.810249329, 108.355918884, 108.913192749, 109.470474243, 110.027755737, 110.585029602, 111.142311096, 111.69959259, 112.256866455, 112.814147949, 113.383033752, 113.951927185, 114.520812988, 115.089706421, 115.658592224, 116.239089966, 116.807983398, 117.38848114, 117.934150696, 118.479812622, 119.00226593, 119.524711609, 120.047164917, 120.546394348, 121.045623779, 121.54485321, 121.986030579, 122.427207947, 122.868385315, 123.309570312, 123.715919495, 124.122268677, 124.528617859, 124.934967041, 125.341316223, 125.747665405, 126.154014587, 126.56036377, 126.966712952, 127.384666443, 127.791015625, 128.208984375, 128.638549805, 129.068115234, 129.497680664, 129.927261353, 130.356826782, 130.844436646, 131.332061768, 131.81968689, 132.388565063, 132.969070435, 133.537963867, 134.118453979, 134.698959351, 135.267837524, 135.848342896, 136.428848267, 136.974502563, 137.520172119, 138.054244995, 138.599899292, 139.133972168, 139.726074219, 140.31817627, 140.910293579, 141.50239563, 142.106124878, 142.698226929, 143.290344238, 143.882446289, 144.47454834, 145.066665649, 145.6587677, 146.25088501, 146.854598999], "beats_loudness": {"dmean2": 0.00939146894962, "median": 0.013319214806, "min": 8.90718297342e-07, "dvar2": 0.000139685798786, "dvar": 5.45381953998e-05, "dmean": 0.00561169348657, "max": 0.0713123306632, "var": 0.000279025291093, "mean": 0.0177280604839}, "danceability": 0.913016974926, "bpm_histogram_second_peak_weight": {"dmean2": 0, "median": 0.0794223845005, "min": 0.0794223845005, "dvar2": 0, "dvar": 0, "dmean": 0, "max": 0.0794223845005, "var": 0, "mean": 0.0794223845005}, "beats_count": 278, "bpm_histogram_second_peak_bpm": {"dmean2": 0, "median": 110, "min": 110, "dvar2": 0, "dvar": 0, "dmean": 0, "max": 110, "var": 0, "mean": 110}, "bpm_histogram_first_peak_spread": {"dmean2": 0, "median": 0.475000023842, "min": 0.475000023842, "dvar2": 0, "dvar": 0, "dmean": 0, "max": 0.475000023842, "var": 0, "mean": 0.475000023842}, "beats_loudness_band_ratio": {"dmean2": [0.179397955537, 0.129747122526, 0.152375251055, 0.15065535903, 0.147595852613, 0.0856522545218], "median": [0.0492415726185, 0.102467343211, 0.217979609966, 0.0484232157469, 0.170110791922, 0.0578497648239], "min": [0.00302919396199, 0.000604288303293, 0.000110760964162, 0.00156811228953, 0.0296981073916, 0.00822945032269], "dvar2": [0.0533845201135, 0.0258396137506, 0.0315855257213, 0.0419927872717, 0.0196114238352, 0.00990245956928], "dvar": [0.0185517016798, 0.00936107337475, 0.0115681160241, 0.0143765173852, 0.00732319289818, 0.00375296501443], "dmean": [0.097383864224, 0.0783458426595, 0.0905729308724, 0.0844644084573, 0.0868162661791, 0.0498228035867], "max": [0.640374660492, 0.601154863834, 0.738925874233, 0.652243494987, 0.907973527908, 0.538769423962], "var": [0.0182604975998, 0.0189618319273, 0.0407002195716, 0.0234671439976, 0.0780124515295, 0.0152557687834], "mean": [0.106527879834, 0.138318419456, 0.220575481653, 0.129619687796, 0.319414407015, 0.120177261531]}}, "lowlevel": {"barkbands_spread": {"dmean2": 6.07681083679, "median": 16.7653770447, "min": 0.728478312492, "dvar2": 36.9467124939, "dvar": 12.9858236313, "dmean": 3.60470247269, "max": 58.3354225159, "var": 92.4788818359, "mean": 16.5394115448}, "melbands_spread": {"dmean2": 17.870349884, "median": 28.6702041626, "min": 5.23506402969, "dvar2": 434.089599609, "dvar": 148.535888672, "dmean": 10.5180530548, "max": 147.8230896, "var": 277.227752686, "mean": 32.8520698547}, "hfc": {"dmean2": 6.24505186081, "median": 12.8340129852, "min": 1.14342340744e-16, "dvar2": 42.6312522888, "dvar": 16.1946544647, "dmean": 3.77757787704, "max": 109.106735229, "var": 195.368591309, "mean": 17.7212677002}, "barkbands_kurtosis": {"dmean2": 13.2597646713, "median": 0.376646280289, "min": -1.92651200294, "dvar2": 680.631286621, "dvar": 236.971191406, "dmean": 7.80304670334, "max": 245.058731079, "var": 562.94921875, "mean": 13.0123434067}, "gfcc": {"mean": [-117.073295593, 118.642692566, -168.160995483, 40.4432449341, -28.6712779999, -24.3652133942, -32.756023407, 13.0217514038, -22.2083129883, -23.3646144867, 8.85416221619, 5.7451415062, -25.5189399719], "icov": [[0.000376805866836, -0.00121811556164, 0.00116991333198, -0.000783453637268, 4.00103454012e-05, 9.9086035334e-05, 0.000179981609108, -0.000464276206912, 0.000781746872235, -0.00108285981696, 0.0011750155827, -0.00123691919725, 0.000640496902633], [-0.00121811556164, 0.00662032514811, -0.00478523038328, 0.00385420257226, 0.00108427321538, 0.000134043351864, -0.00240085111, 0.00405801646411, -0.00593461794779, 0.00503120291978, -0.00527424784377, 0.00805301778018, -0.003362149233], [0.00116991333198, -0.00478523038328, 0.00999309960753, -0.00389751279727, -0.00151268264744, 0.00199198094197, -0.000396029325202, -0.0041992329061, 0.00157752924133, -0.00324238953181, 0.0042952443473, -0.00269320630468, 0.00178425177], [-0.000783453637268, 0.00385420257226, -0.00389751279727, 0.0104684587568, -0.00599732715636, -0.000505260715727, 0.00220531783998, -0.00346958613954, 0.00131025805604, 0.0030950808432, -0.00322623550892, 0.00411388184875, -0.00230906298384], [4.00103454012e-05, 0.00108427321538, -0.00151268264744, -0.00599732715636, 0.0175673719496, -0.0113590909168, 0.000600294093601, 0.00361214764416, -0.00288312067278, 0.00308980909176, -0.00153049512301, -0.00269922148436, 0.00412795133889], [9.9086035334e-05, 0.000134043351864, 0.00199198094197, -0.000505260715727, -0.0113590909168, 0.0227851346135, -0.0134622678161, 0.00421250797808, 0.00344733172096, -0.00592675805092, 0.000916731718462, 0.000580416002776, -0.00089489860693], [0.000179981609108, -0.00240085111, -0.000396029325202, 0.00220531783998, 0.000600294093601, -0.0134622678161, 0.0254487432539, -0.00912759825587, 0.00156692415476, -0.00147611566354, 0.000518098473549, -0.00220576301217, -0.0027661928907], [-0.000464276206912, 0.00405801646411, -0.0041992329061, -0.00346958613954, 0.00361214764416, 0.00421250797808, -0.00912759825587, 0.0234664920717, -0.0155244255438, 0.0108153736219, -0.00343535561115, 0.00269416975789, 0.00100900465623], [0.000781746872235, -0.00593461794779, 0.00157752924133, 0.00131025805604, -0.00288312067278, 0.00344733172096, 0.00156692415476, -0.0155244255438, 0.0331842117012, -0.0171761009842, 0.00361974071711, -0.00633311830461, 0.00246944767423], [-0.00108285981696, 0.00503120291978, -0.00324238953181, 0.0030950808432, 0.00308980909176, -0.00592675805092, -0.00147611566354, 0.0108153736219, -0.0171761009842, 0.0248344317079, -0.0099534150213, 0.0151591459289, -0.00892482232302], [0.0011750155827, -0.00527424784377, 0.0042952443473, -0.00322623550892, -0.00153049512301, 0.000916731718462, 0.000518098473549, -0.00343535561115, 0.00361974071711, -0.0099534150213, 0.0301439855248, -0.025146631524, 0.0137804038823], [-0.00123691919725, 0.00805301778018, -0.00269320630468, 0.00411388184875, -0.00269922148436, 0.000580416002776, -0.00220576301217, 0.00269416975789, -0.00633311830461, 0.0151591459289, -0.025146631524, 0.0455374866724, -0.019192462787], [0.000640496902633, -0.003362149233, 0.00178425177, -0.00230906298384, 0.00412795133889, -0.00089489860693, -0.0027661928907, 0.00100900465623, 0.00246944767423, -0.00892482232302, 0.0137804038823, -0.019192462787, 0.0270996857435]], "cov": [[17587.5625, 6031.45800781, -585.775817871, -2979.82446289, -2227.98168945, -731.975708008, 90.5105285645, -807.432067871, 891.823791504, 1393.79870605, -731.135437012, -932.095092773, 561.213684082], [6031.45800781, 2956.6965332, -6.48502159119, -1515.30773926, -1106.49462891, -408.400848389, 64.8158798218, -315.504974365, 491.961578369, 624.374694824, -323.773376465, -468.693237305, 262.511627197], [-585.775817871, -6.48502159119, 235.759597778, 102.961265564, 44.9903488159, -16.5229549408, 11.4016294479, 81.4520645142, 19.4518909454, -42.4741477966, 2.5645506382, -2.42044639587, -21.7560348511], [-2979.82446289, -1515.30773926, 102.961265564, 1023.0736084, 690.885864258, 247.870376587, -21.5961074829, 218.778625488, -265.865020752, -379.768890381, 187.533706665, 247.860855103, -165.247741699], [-2227.98168945, -1106.49462891, 44.9903488159, 690.885864258, 599.335632324, 265.675170898, 17.2186050415, 112.801460266, -197.938400269, -247.618911743, 150.118637085, 189.095245361, -119.605491638], [-731.975708008, -408.400848389, -16.5229549408, 247.870376587, 265.675170898, 219.725540161, 59.615020752, 0.862633526325, -80.9717941284, -44.168838501, 55.3868179321, 68.0537872314, -25.4559860229], [90.5105285645, 64.8158798218, 11.4016294479, -21.5961074829, 17.2186050415, 59.615020752, 82.1511611938, 5.4104309082, 16.9957790375, 29.0357208252, -0.480046093464, -2.81689620018, 17.1041812897], [-807.432067871, -315.504974365, 81.4520645142, 218.778625488, 112.801460266, 0.862633526325, 5.4104309082, 156.637863159, -17.6582221985, -116.103599548, 45.3077964783, 57.5033035278, -48.1574249268], [891.823791504, 491.961578369, 19.4518909454, -265.865020752, -197.938400269, -80.9717941284, 16.9957790375, -17.6582221985, 145.191970825, 134.136352539, -50.0334129333, -79.0041885376, 46.3280601501], [1393.79870605, 624.374694824, -42.4741477966, -379.768890381, -247.618911743, -44.168838501, 29.0357208252, -116.103599548, 134.136352539, 254.289306641, -73.3740997314, -117.72706604, 83.9636154175], [-731.135437012, -323.773376465, 2.5645506382, 187.533706665, 150.118637085, 55.3868179321, -0.480046093464, 45.3077964783, -50.0334129333, -73.3740997314, 108.806175232, 84.7943725586, -44.7337188721], [-932.095092773, -468.693237305, -2.42044639587, 247.860855103, 189.095245361, 68.0537872314, -2.81689620018, 57.5033035278, -79.0041885376, -117.72706604, 84.7943725586, 126.687095642, -28.794254303], [561.213684082, 262.511627197, -21.7560348511, -165.247741699, -119.605491638, -25.4559860229, 17.1041812897, -48.1574249268, 46.3280601501, 83.9636154175, -44.7337188721, -28.794254303, 90.2600784302]]}, "spectral_energyband_middle_low": {"dmean2": 0.003783761058, "median": 0.0073733185418, "min": 2.49235263994e-22, "dvar2": 3.42917337548e-05, "dvar": 1.23514737425e-05, "dmean": 0.00230797752738, "max": 0.0631118118763, "var": 7.76410670369e-05, "mean": 0.00866016652435}, "melbands_crest": {"dmean2": 4.62242603302, "median": 11.7437076569, "min": 1.81294894218, "dvar2": 14.6367073059, "dvar": 5.33224058151, "dmean": 2.75341200829, "max": 27.1737804413, "var": 15.9032249451, "mean": 12.1834716797}, "spectral_kurtosis": {"dmean2": 15.0752363205, "median": 11.7976045609, "min": -1.23704886436, "dvar2": 259.086914062, "dvar": 85.6460113525, "dmean": 8.48994064331, "max": 104.306900024, "var": 331.291290283, "mean": 19.6509742737}, "spectral_rms": {"dmean2": 0.000631428498309, "median": 0.00358734373003, "min": 3.19890793542e-12, "dvar2": 3.41946929439e-07, "dvar": 1.31000192027e-07, "dmean": 0.000388737040339, "max": 0.0100061604753, "var": 4.28006160291e-06, "mean": 0.00364392180927}, "zerocrossingrate": {"dmean2": 0.00577049190179, "median": 0.066162109375, "min": 0.013671875, "dvar2": 3.03942306346e-05, "dvar": 2.29864635912e-05, "dmean": 0.00438277935609, "max": 0.51708984375, "var": 0.00163902156055, "mean": 0.0847908332944}, "silence_rate_60dB": {"dmean2": 0.1032095626, "median": 0, "min": 0, "dvar2": 0.118046954274, "dvar": 0.048928771168, "dmean": 0.0515966638923, "max": 1, "var": 0.201522558928, "mean": 0.279804974794}, "erbbands_kurtosis": {"dmean2": 13.4043016434, "median": -0.35752415657, "min": -1.85941159725, "dvar2": 697.348937988, "dvar": 243.829299927, "dmean": 7.9032201767, "max": 189.020263672, "var": 1172.2322998, "mean": 20.6778717041}, "erbbands": {"dmean2": [0.00971936993301, 0.251133918762, 0.907252550125, 0.829414248466, 1.43926525116, 4.22747182846, 6.60898590088, 14.3661327362, 19.581413269, 42.4000511169, 12.692358017, 10.2900629044, 6.21891355515, 8.582280159, 28.051782608, 30.4538230896, 19.5062141418, 14.2976226807, 9.43452072144, 22.5107479095, 8.14867305756, 16.3703746796, 99.5105056763, 34.9990615845, 10.5390853882, 2.25337934494, 0.59421813488, 0.359237730503, 0.13806347549, 0.0767001882195, 0.0288322102278, 0.00882369745523, 0.00351408403367, 0.00144003669266, 0.000685394508764, 0.000243892151047, 6.74647671985e-05, 1.58288567036e-05, 3.21043694385e-06, 6.78389915265e-06], "median": [0.00144511112012, 0.0307883359492, 0.212887138128, 0.316630512476, 0.978038907051, 2.41834688187, 3.66608953476, 7.14831209183, 12.9623527527, 20.8798751831, 17.7710838318, 6.41625976562, 4.55058479309, 4.35371780396, 3.97743082047, 3.82072496414, 3.24371004105, 3.37963104248, 2.37672328949, 2.73303699493, 3.8981423378, 16.7627182007, 88.8566436768, 45.1908531189, 13.4932603836, 0.632789492607, 0.190865755081, 0.102000825107, 0.0899986922741, 0.0647407099605, 0.0344567224383, 0.0135404188186, 0.00535145588219, 0.00200920784846, 0.000790398160461, 0.000317231926601, 0.000113013229566, 2.51064338954e-05, 8.16011925053e-06, 1.60505842359e-05], "min": [3.8775098431e-22, 9.71899657349e-22, 1.01219078488e-20, 1.99965953232e-20, 4.77222919731e-20, 1.15738284128e-19, 7.01754763907e-20, 1.66805675111e-19, 3.09020563081e-19, 3.38927691718e-19, 6.08337315299e-19, 7.38756452637e-19, 7.14914936034e-19, 9.5672857361e-19, 1.57239765597e-18, 1.6747984799e-18, 3.15900544768e-18, 3.79973024438e-18, 3.5059880691e-18, 4.79142219152e-18, 5.39154627542e-18, 7.92923341074e-18, 8.66176636325e-18, 8.12421063447e-18, 1.0968902959e-17, 9.69508369317e-18, 1.25870022404e-17, 1.44731576711e-17, 1.42486211482e-17, 1.46099898881e-17, 1.35169079317e-17, 1.47517372122e-17, 1.18921026971e-17, 1.0855001843e-17, 8.47391695486e-18, 4.91571724549e-18, 3.28145320055e-18, 1.1010545299e-18, 2.85969882842e-19, 2.807109787e-20], "dvar2": [0.00110588630196, 0.764993548393, 4.76380157471, 3.16306018829, 5.43024206161, 101.646728516, 188.695449829, 904.77722168, 1206.32336426, 7335.92871094, 489.911132812, 483.968719482, 149.80178833, 382.301239014, 6916.18017578, 15985.515625, 5132.48779297, 1056.1940918, 1137.4041748, 3400.03076172, 427.606201172, 445.197540283, 10053.1191406, 1144.6237793, 133.606323242, 63.40259552, 2.23954677582, 0.629667341709, 0.0793198719621, 0.0368391796947, 0.0030879038386, 0.000195865912247, 2.99087460007e-05, 6.64847448206e-06, 2.2943802378e-06, 2.46034744578e-07, 8.14362799417e-09, 3.47006284818e-10, 1.38006177666e-11, 7.16870035555e-11], "dvar": [0.000483126292238, 0.341026842594, 1.9063873291, 1.54609644413, 2.24207758904, 44.0211486816, 66.5912475586, 322.32913208, 409.268615723, 2600.64160156, 182.634490967, 284.885925293, 82.2846755981, 185.837554932, 3129.01000977, 7756.93017578, 1817.33789062, 466.084655762, 477.758026123, 1219.16088867, 150.227600098, 154.080001831, 3476.34960938, 394.523956299, 46.3864212036, 23.0672016144, 0.768010497093, 0.224814191461, 0.0275710821152, 0.0131233222783, 0.00109242566396, 7.18474620953e-05, 1.05100052679e-05, 2.33873811339e-06, 9.26184782202e-07, 1.10285924393e-07, 3.55043816569e-09, 1.29803931492e-10, 5.41075344251e-12, 2.79718782858e-11], "dmean": [0.00620824377984, 0.162271603942, 0.563517034054, 0.559180259705, 0.915677189827, 2.73965525627, 3.91063308716, 8.33043193817, 11.3121623993, 25.6660690308, 7.86393690109, 7.62121677399, 4.4385843277, 5.91268348694, 19.6045341492, 21.4188613892, 12.0075187683, 9.30399036407, 5.92199230194, 13.5639629364, 4.85882759094, 9.59261989594, 57.4909248352, 20.0058307648, 6.06807088852, 1.3122600317, 0.347625374794, 0.212289631367, 0.0794503539801, 0.0442387126386, 0.0167334396392, 0.00514475023374, 0.00205605314113, 0.000844940601382, 0.000416327966377, 0.000152464272105, 4.18590971094e-05, 9.51532456384e-06, 1.9731003249e-06, 4.19094521931e-06], "max": [0.734991431236, 18.6537075043, 30.6831798553, 37.335018158, 27.113286972, 271.047088623, 176.938903809, 475.365692139, 578.902709961, 922.981933594, 306.831176758, 585.493469238, 389.821289062, 345.765045166, 1398.92504883, 2865.61206055, 922.029052734, 507.245361328, 574.973022461, 628.900634766, 240.304992676, 222.576858521, 716.13885498, 329.986968994, 209.489364624, 144.214233398, 18.5105018616, 7.74995040894, 3.35245275497, 3.95174098015, 0.890844106674, 0.213866621256, 0.0913461968303, 0.0371820256114, 0.0251567047089, 0.00996007584035, 0.00181444350164, 0.00024351432512, 5.30421057192e-05, 0.000117142299132], "var": [0.00152428471483, 1.08965373039, 4.76918745041, 9.27106380463, 9.19017410278, 146.480728149, 134.529434204, 656.391052246, 1616.70983887, 7822.00732422, 762.594543457, 1867.62805176, 705.472839355, 1349.52575684, 11749.0722656, 72216.8515625, 3249.05664062, 4994.13574219, 1310.41467285, 3412.69604492, 281.249481201, 309.044952393, 4999.70898438, 697.410339355, 88.5006942749, 39.6632804871, 3.47611880302, 0.636263310909, 0.0851555615664, 0.0333046093583, 0.00357093173079, 0.000364789622836, 6.17969271843e-05, 1.36898652272e-05, 7.51311017666e-06, 9.17608758755e-07, 3.32176952611e-08, 8.7387186376e-10, 9.12348738225e-11, 4.04012767685e-10], "mean": [0.0124804861844, 0.317679613829, 1.06869411469, 1.41218113899, 2.10893702507, 6.13572120667, 7.49100971222, 15.6607751846, 25.5045337677, 55.5201225281, 23.7848682404, 22.9490776062, 13.2204427719, 18.5775470734, 53.7695503235, 70.6740951538, 24.7813663483, 34.8537063599, 13.9223613739, 27.4129829407, 10.0884923935, 20.8407497406, 103.452087402, 48.9686164856, 15.020731926, 2.29143452644, 0.816148877144, 0.455739736557, 0.200258538127, 0.119176596403, 0.0521645247936, 0.0194048713893, 0.0078794285655, 0.0032233633101, 0.00164752022829, 0.000638364290353, 0.000180402712431, 3.54434559995e-05, 1.11200115498e-05, 2.18587210838e-05]}, "spectral_strongpeak": {"dmean2": 1.4646435976, "median": 1.35862934589, "min": 0, "dvar2": 2.89104986191, "dvar": 1.10494685173, "dmean": 0.850700438023, "max": 11.2100572586, "var": 2.50753045082, "mean": 1.801466465}, "spectral_energy": {"dmean2": 0.00562854204327, "median": 0.0131907602772, "min": 1.04888375753e-20, "dvar2": 5.51784141862e-05, "dvar": 2.1529622245e-05, "dmean": 0.00349578727037, "max": 0.1026263237, "var": 0.000294685538393, "mean": 0.0179972238839}, "average_loudness": 0.421140104532, "spectral_rolloff": {"dmean2": 580.833496094, "median": 2756.25, "min": 279.931640625, "dvar2": 672165.4375, "dvar": 261762.78125, "dmean": 318.18560791, "max": 19078.4179688, "var": 1331233.125, "mean": 2396.44824219}, "spectral_centroid": {"dmean2": 286.08682251, "median": 1867.98876953, "min": 672.475830078, "dvar2": 99599.6875, "dvar": 40170.1132812, "dmean": 169.693588257, "max": 11434.4130859, "var": 581518.3125, "mean": 2098.47412109}, "pitch_salience": {"dmean2": 0.10598153621, "median": 0.581321358681, "min": 0.25125721097, "dvar2": 0.00881478562951, "dvar": 0.00311307469383, "dmean": 0.0628446340561, "max": 0.852791666985, "var": 0.00829143915325, "mean": 0.575827419758}, "spectral_energyband_middle_high": {"dmean2": 0.00282293860801, "median": 0.00376000371762, "min": 1.39235328069e-21, "dvar2": 1.43744173329e-05, "dvar": 6.24772519586e-06, "dmean": 0.00179707177449, "max": 0.0731026902795, "var": 6.13226729911e-05, "mean": 0.0073138368316}, "spectral_contrast_coeffs": {"dmean2": [0.0761833786964, 0.0645937547088, 0.0553673617542, 0.051441539079, 0.0725626423955, 0.0264771264046], "median": [-0.662228167057, -0.740229249001, -0.758415818214, -0.760372757912, -0.564202129841, -0.770562052727], "min": [-0.974090993404, -0.973284184933, -0.965839028358, -0.964514732361, -0.96673977375, -0.961571335793], "dvar2": [0.00343510881066, 0.00265564536676, 0.00191490363795, 0.00162161292974, 0.00321996049024, 0.000415111921029], "dvar": [0.00121459655929, 0.000925179687329, 0.000714069989044, 0.000600072089583, 0.00119606184307, 0.00014604468015], "dmean": [0.044831302017, 0.038502253592, 0.0337635986507, 0.0305340606719, 0.0429993160069, 0.0154371047392], "max": [-0.356068402529, -0.500002503395, -0.500736117363, -0.461097985506, -0.326017171144, -0.601522922516], "var": [0.00958486460149, 0.00796752888709, 0.00583037920296, 0.00431345636025, 0.00617143744603, 0.00162115797866], "mean": [-0.669076383114, -0.753436505795, -0.749719381332, -0.74718105793, -0.552530348301, -0.762058496475]}, "melbands_skewness": {"dmean2": 0.94731593132, "median": 0.97800219059, "min": -7.71288299561, "dvar2": 1.05819547176, "dvar": 0.36775547266, "dmean": 0.573213398457, "max": 4.92405080795, "var": 4.98002290726, "mean": 0.0645261406898}, "spectral_spread": {"dmean2": 295696.9375, "median": 1964084.75, "min": 602274.8125, "dvar2": 554550689792, "dvar": 284018868224, "dmean": 167765.640625, "max": 41283708, "var": 1740808519680.0, "mean": 1775017.875}, "dissonance": {"dmean2": 0.0229596085846, "median": 0.47741240263, "min": 0.34676477313, "dvar2": 0.000787511875387, "dvar": 0.000272377685178, "dmean": 0.0132646718994, "max": 0.5, "var": 0.000700587930623, "mean": 0.47265663743}, "spectral_skewness": {"dmean2": 1.17658221722, "median": 1.61965894699, "min": -0.0411035567522, "dvar2": 1.25912666321, "dvar": 0.406601279974, "dmean": 0.659335553646, "max": 6.93394422531, "var": 1.3210734129, "mean": 2.00407409668}, "spectral_flux": {"dmean2": 0.015967560932, "median": 0.0507501512766, "min": 6.77978784225e-11, "dvar2": 0.00024155547726, "dvar": 9.12055038498e-05, "dmean": 0.00967668741941, "max": 0.175346449018, "var": 0.000664510997012, "mean": 0.0533535256982}, "spectral_contrast_valleys": {"dmean2": [0.698699116707, 0.49189388752, 0.445092856884, 0.433919787407, 0.764781594276, 0.223095789552], "median": [-8.21347427368, -6.49205970764, -7.57968425751, -8.21836090088, -8.95992279053, -12.1956558228], "min": [-27.725610733, -27.8373394012, -27.590429306, -27.4317131042, -27.3458633423, -27.3874473572], "dvar2": [0.305968165398, 0.184670522809, 0.154300302267, 0.146732345223, 0.496007025242, 0.0603018887341], "dvar": [0.113593921065, 0.0751622766256, 0.0639836192131, 0.0623602792621, 0.199082374573, 0.0300575364381], "dmean": [0.408761888742, 0.289206951857, 0.264837443829, 0.254706114531, 0.461893677711, 0.133683934808], "max": [-5.6186208725, -4.91809272766, -6.12310552597, -6.95673465729, -7.05431604385, -11.2270622253], "var": [2.1657474041, 4.68376922607, 2.96805143356, 2.28653287888, 1.75811803341, 0.649856746197], "mean": [-8.48545455933, -7.57480621338, -8.33789920807, -8.85498523712, -9.24990177155, -12.3403539658]}, "erbbands_flatness_db": {"dmean2": 0.0274482425302, "median": 0.275103390217, "min": 0.088174842298, "dvar2": 0.000689223175868, "dvar": 0.000236985652009, "dmean": 0.0165152531117, "max": 0.508358418941, "var": 0.00505320541561, "mean": 0.306205898523}, "spectral_energyband_high": {"dmean2": 2.24185587285e-05, "median": 9.94996480586e-06, "min": 7.48986841507e-21, "dvar2": 5.10272935017e-09, "dvar": 1.91733251498e-09, "dmean": 1.30827174871e-05, "max": 0.00152162241284, "var": 5.87926551887e-09, "mean": 3.60623598681e-05}, "spectral_entropy": {"dmean2": 0.201094299555, "median": 6.78084897995, "min": 5.31149244308, "dvar2": 0.0341039337218, "dvar": 0.0119984848425, "dmean": 0.118816912174, "max": 9.81853294373, "var": 0.152720659971, "mean": 6.63916349411}, "silence_rate_20dB": {"dmean2": 0, "median": 1, "min": 1, "dvar2": 0, "dvar": 0, "dmean": 0, "max": 1, "var": 0, "mean": 1}, "melbands_flatness_db": {"dmean2": 0.0300565734506, "median": 0.250519096851, "min": 0.00423658080399, "dvar2": 0.000761907547712, "dvar": 0.000271875644103, "dmean": 0.0182942803949, "max": 0.389976888895, "var": 0.00130815757439, "mean": 0.25126221776}, "barkbands": {"dmean2": [2.39794444497e-05, 0.000878638471477, 0.000733172462787, 0.000340497732395, 0.000914331176318, 0.00145067111589, 0.00190484279301, 0.0012139917817, 0.000408443011111, 0.000196721215616, 0.000677318952512, 0.000627058849204, 0.000407841871493, 0.000230242687394, 0.000373093876988, 0.000165911435033, 0.000245248054853, 0.00148000812624, 0.000595136196353, 3.50782102032e-05, 1.1520976841e-05, 4.06452500101e-06, 1.38597124533e-06, 2.81737669638e-07, 9.64233350942e-08, 3.6115853419e-08, 6.81775658151e-09], "median": [2.91210653813e-06, 9.38372395467e-05, 0.000174955261173, 5.23994822288e-05, 0.000626379274763, 0.000750549603254, 0.00120658264495, 0.000812387326732, 0.000217106688069, 0.00010542615928, 6.12152653048e-05, 7.14821362635e-05, 5.45401780983e-05, 5.07752920385e-05, 3.54851072188e-05, 4.66416022391e-05, 0.000117355295515, 0.00138185231481, 0.000718754017726, 3.93255140807e-06, 3.25191626871e-06, 2.41637872023e-06, 1.39874202887e-06, 4.366144708e-07, 1.37341018558e-07, 6.17273911985e-08, 5.87717963185e-09], "min": [2.10386205751e-24, 9.86559308831e-24, 1.11573662312e-23, 4.2436093976e-24, 4.50095317982e-23, 1.7228636973e-23, 1.65565558808e-23, 1.26566697457e-23, 3.8614211196e-23, 1.61119428306e-23, 3.62182039686e-23, 3.39632513819e-23, 6.72825713841e-23, 8.45572936113e-23, 1.05900310366e-22, 6.47001752575e-23, 1.61921867085e-22, 1.39709853778e-22, 1.64747680443e-22, 2.11474423593e-22, 3.52770215957e-22, 4.35699010359e-22, 4.90646138524e-22, 6.50438611279e-22, 1.15494244844e-21, 1.61954421165e-21, 2.00470210288e-21], "dvar2": [1.95417015902e-09, 9.84219332167e-06, 2.66085385192e-06, 5.95808103299e-07, 3.73608372684e-06, 8.07729338703e-06, 1.05322642412e-05, 5.59664204047e-06, 6.67930692089e-07, 1.89410883422e-07, 3.94363996747e-06, 6.18899412075e-06, 2.03163881451e-06, 2.62573706777e-07, 8.64485457441e-07, 2.35772773749e-07, 3.46577166965e-07, 2.16981084122e-06, 3.37518912374e-07, 1.4603137366e-08, 6.19749085384e-10, 9.00708396756e-11, 1.01118054902e-11, 2.01238372212e-13, 3.63755791981e-14, 3.3513396424e-15, 7.47407380453e-17], "dvar": [6.55397958127e-10, 4.40394569523e-06, 1.0269810673e-06, 3.03149590763e-07, 1.5606500483e-06, 2.8951646982e-06, 3.82552934752e-06, 1.94953418031e-06, 3.87578523942e-07, 1.02840147065e-07, 1.82603639587e-06, 3.04039849652e-06, 7.24963570065e-07, 1.26923680455e-07, 3.27764752228e-07, 8.29049753293e-08, 1.18450820707e-07, 7.52659843783e-07, 1.15509877219e-07, 5.29186605647e-09, 2.17111384426e-10, 3.19535543858e-11, 3.47821879805e-12, 7.29211070867e-14, 1.34756995737e-14, 1.51196693986e-15, 3.01558486125e-17], "dmean": [1.3392073015e-05, 0.000568262767047, 0.000456882902654, 0.000230685996939, 0.000584576278925, 0.000847832008731, 0.00115177291445, 0.000720920797903, 0.000302639353322, 0.000136461851071, 0.000470031140139, 0.000443643308245, 0.00025133966119, 0.000154178618686, 0.000228726756177, 9.95313384919e-05, 0.000142208489706, 0.000856980797835, 0.000342107756296, 2.04135012609e-05, 6.78610922478e-06, 2.3452946607e-06, 7.94034178853e-07, 1.65602173752e-07, 5.81655150711e-08, 2.26573568796e-08, 4.10855927058e-09], "max": [0.000379911914933, 0.0668699070811, 0.0201300997287, 0.0121891181916, 0.0465941727161, 0.0387941375375, 0.0365870147943, 0.0218191128224, 0.0202074255794, 0.0169039350003, 0.0271242074668, 0.0560006871819, 0.017947377637, 0.00870765931904, 0.00945479702204, 0.00764320185408, 0.00594879128039, 0.010608645156, 0.00595644582063, 0.00209671794437, 0.00029733084375, 0.000118183153972, 4.8929687182e-05, 7.24652818462e-06, 3.0302101095e-06, 1.251327717e-06, 9.90284974023e-08], "var": [6.10451633687e-10, 1.42414928632e-05, 2.72297893389e-06, 1.34764047743e-06, 5.40138807992e-06, 6.48340437692e-06, 1.45401072587e-05, 5.33524507773e-06, 2.76579157799e-06, 1.33047421969e-06, 7.64639207773e-06, 2.80720068986e-05, 1.29770046442e-06, 1.46081356434e-06, 9.39189988003e-07, 1.61935886922e-07, 1.80302407671e-07, 1.11285999083e-06, 1.99598616746e-07, 9.08491859519e-09, 9.46930867052e-10, 7.94523821734e-11, 8.80043260487e-12, 4.28098772794e-13, 1.22271808021e-13, 1.45012785959e-14, 7.43246860495e-17], "mean": [1.32562636281e-05, 0.00111498194747, 0.000895743607543, 0.000474556320114, 0.00136395567097, 0.00163804064505, 0.00261806696653, 0.00156807806343, 0.000925308966544, 0.000400047254516, 0.0012412146898, 0.0014120338019, 0.000456466717878, 0.000566495349631, 0.000463284435682, 0.000181677707587, 0.000234748091316, 0.00158696772996, 0.000787850935012, 3.00169740513e-05, 1.58090915647e-05, 5.30739953319e-06, 2.27444843404e-06, 6.43004398171e-07, 2.5072077392e-07, 1.05375576709e-07, 8.29142443592e-09]}, "erbbands_skewness": {"dmean2": 0.957785248756, "median": -0.400337994099, "min": -8.4807510376, "dvar2": 1.16790831089, "dvar": 0.420031517744, "dmean": 0.567431807518, "max": 2.33294296265, "var": 4.92805242538, "mean": -1.60560762882}, "erbbands_spread": {"dmean2": 4.81594133377, "median": 23.1440486908, "min": 0.405542701483, "dvar2": 32.1874847412, "dvar": 12.3211650848, "dmean": 2.96822929382, "max": 58.379989624, "var": 256.971221924, "mean": 21.1232700348}, "melbands_kurtosis": {"dmean2": 5.67036628723, "median": 2.9766228199, "min": -1.93331336975, "dvar2": 67.6474609375, "dvar": 23.6729850769, "dmean": 3.35412216187, "max": 68.5693588257, "var": 35.8322029114, "mean": 4.6816983223}, "melbands": {"dmean2": [0.000165432415088, 0.000426892191172, 0.000148449835251, 0.000197373883566, 0.000217108245124, 0.000311147159664, 0.000312326999847, 0.000436140340753, 8.47593910294e-05, 6.08883674431e-05, 3.17924168485e-05, 3.2073850889e-05, 9.9104756373e-05, 7.98575420049e-05, 5.85933521506e-05, 3.5308788938e-05, 2.64405061898e-05, 1.38293989949e-05, 2.25404564844e-05, 2.5630410164e-05, 9.18789737625e-06, 9.71955614659e-06, 8.44197638799e-05, 5.7466346334e-05, 3.34562391799e-05, 1.69983686646e-05, 1.4287709291