{"tonal": {"thpcp": [1, 0.699961602688, 0.163759335876, 0.128000840545, 0.113075830042, 0.123894937336, 0.156510859728, 0.145906418562, 0.211766242981, 0.403154075146, 0.388612538576, 0.264335423708, 0.238925725222, 0.21182090044, 0.475137919188, 0.97022908926, 0.763262033463, 0.305193841457, 0.240412995219, 0.169641286135, 0.201953306794, 0.310558944941, 0.246498942375, 0.155521437526, 0.174133524299, 0.145118936896, 0.115037336946, 0.105775505304, 0.103252217174, 0.24183575809, 0.398426741362, 0.264397025108, 0.0974582135677, 0.117066070437, 0.15335676074, 0.479166716337], "hpcp": {"dmean2": [0.116060033441, 0.108568236232, 0.0768590644002, 0.0954279154539, 0.126660093665, 0.181159988046, 0.226433798671, 0.200062856078, 0.114359036088, 0.0959161072969, 0.0818275585771, 0.086777344346, 0.11223743856, 0.111738041043, 0.117313697934, 0.174061000347, 0.220829814672, 0.211160093546, 0.17069503665, 0.157085075974, 0.216243356466, 0.255649834871, 0.246766835451, 0.222404643893, 0.204330354929, 0.132878914475, 0.128631323576, 0.157939970493, 0.129807174206, 0.105625279248, 0.111222364008, 0.100080251694, 0.0894835069776, 0.078361235559, 0.0843765884638, 0.106821119785], "median": [0.00860979035497, 0.00669784238562, 0.00502948882058, 0.00326897273771, 0.00380037724972, 0.0763259381056, 0.194834381342, 0.147816106677, 0.0157141014934, 0.00405202619731, 0.00365838385187, 0.00548387970775, 0.00793383363634, 0.00733371498063, 0.0102163972333, 0.0168175287545, 0.0153982760385, 0.0121939145029, 0.00779466144741, 0.00661995122209, 0.0748312622309, 0.148331001401, 0.113045997918, 0.0309476107359, 0.00537788448855, 0.00418632291257, 0.0204022731632, 0.0435132831335, 0.0317661426961, 0.0107668153942, 0.0115581052378, 0.0101990289986, 0.00697874184698, 0.00644019665197, 0.0050739585422, 0.00815440900624], "min": [0, 0, 0, 0, 0, 0, 0, 0, 0, 0, 0, 0, 0, 0, 0, 0, 0, 0, 0, 0, 0, 0, 0, 0, 0, 0, 0, 0, 0, 0, 0, 0, 0, 0, 0, 0], "dvar2": [0.0668782815337, 0.0507644861937, 0.0374582931399, 0.0475029423833, 0.0710969418287, 0.0775571912527, 0.119649380445, 0.0782780125737, 0.0525983646512, 0.0543565191329, 0.0462063364685, 0.048633415252, 0.071245983243, 0.0682261139154, 0.0643090233207, 0.102976195514, 0.146593853831, 0.143905609846, 0.105178445578, 0.0860132053494, 0.0998301506042, 0.126126393676, 0.102405153215, 0.113164998591, 0.120924718678, 0.0723369494081, 0.0641583800316, 0.0855246782303, 0.0630385950208, 0.052180878818, 0.0538382455707, 0.0452009662986, 0.048853110522, 0.0365752503276, 0.0446648299694, 0.0532896071672], "dvar": [0.0273174755275, 0.0193379763514, 0.0139597030357, 0.0184407047927, 0.028016762808, 0.0287435781211, 0.050904404372, 0.0308914277703, 0.020181979984, 0.0211755521595, 0.0182810053229, 0.0193557348102, 0.0283589567989, 0.0259359516203, 0.0246281977743, 0.0419035926461, 0.055033557117, 0.0539086051285, 0.0428043827415, 0.0340086743236, 0.03778417781, 0.0574706345797, 0.0423468500376, 0.0416205823421, 0.0441700965166, 0.026990942657, 0.0243293847889, 0.0331455729902, 0.0244322828948, 0.0197032615542, 0.0210166834295, 0.0166951753199, 0.0176032204181, 0.0139146996662, 0.0165248904377, 0.0197144355625], "dmean": [0.0679414942861, 0.0631329938769, 0.0433756783605, 0.054464224726, 0.0715083703399, 0.10422796756, 0.13245087862, 0.118642598391, 0.0644963681698, 0.054367672652, 0.0472462251782, 0.0500963404775, 0.0643624812365, 0.063707947731, 0.0687325373292, 0.0995731428266, 0.123571328819, 0.11671026051, 0.0966320708394, 0.0900577902794, 0.125358343124, 0.15242305398, 0.145326390862, 0.124917551875, 0.111464701593, 0.0746633782983, 0.073799431324, 0.0945157036185, 0.0774606093764, 0.0610579922795, 0.0654325336218, 0.0576980747283, 0.0510205589235, 0.0444988794625, 0.0474385656416, 0.062202654779], "max": [1, 1, 1, 1, 1, 1, 1, 1, 1, 1, 1, 1, 1, 1, 1, 1, 1, 1, 1, 1, 1, 1, 1, 1, 1, 1, 1, 1, 1, 1, 1, 1, 1, 1, 1, 1], "var": [0.0937888324261, 0.0390549637377, 0.0120241232216, 0.015906566754, 0.0255484897643, 0.0468521676958, 0.16038800776, 0.0763899311423, 0.0199926942587, 0.0213402118534, 0.0178998913616, 0.0187538396567, 0.0271027609706, 0.0232756435871, 0.0302810370922, 0.0877085402608, 0.0753460600972, 0.04871160537, 0.04666441679, 0.035987701267, 0.0499564409256, 0.164168164134, 0.108145907521, 0.041843444109, 0.0410990566015, 0.0265181381255, 0.0258889235556, 0.0416250303388, 0.0303514879197, 0.0199283994734, 0.022839255631, 0.0160277858377, 0.0149688804522, 0.012678110972, 0.013581071049, 0.0352815948427], "mean": [0.152809381485, 0.101404704154, 0.0373783372343, 0.0448985770345, 0.0588172115386, 0.183775737882, 0.383531928062, 0.268457621336, 0.0628069341183, 0.0490924082696, 0.043368190527, 0.0475176647305, 0.0600269138813, 0.0559597685933, 0.0812191143632, 0.154622465372, 0.149045318365, 0.101381070912, 0.0916356444359, 0.081240080297, 0.182230561972, 0.372113823891, 0.292735368013, 0.117051579058, 0.0922060608864, 0.0650628507137, 0.0774555429816, 0.119109265506, 0.0945402160287, 0.059647437185, 0.0667857676744, 0.0556577481329, 0.044120490551, 0.0405682846904, 0.0396005213261, 0.0927517339587]}, "tuning_equal_tempered_deviation": 0.112178891897, "chords_changes_rate": 0.0331125818193, "key_key": "E", "tuning_diatonic_strength": 0.521550297737, "key_scale": "minor", "chords_number_rate": 0.00171694869641, "tuning_frequency": 438.477722168, "tuning_nontempered_energy_ratio": 0.654884576797, "chords_histogram": [60.3875389099, 0.0981113538146, 3.48295307159, 2.42825603485, 0.196222707629, 3.75275945663, 0.784890830517, 7.55457448959, 0.31886190176, 0.564140319824, 0, 0, 0, 0, 0, 0, 0, 0, 0, 0, 17.5864601135, 0, 2.52636742592, 0.31886190176], "key_strength": 0.723351061344, "chords_key": "E", "chords_strength": {"dmean2": 0.00672623235732, "median": 0.525195538998, "min": 0.26711037755, "dvar2": 4.84447700728e-05, "dvar": 4.71943967568e-05, "dmean": 0.00754081690684, "max": 0.686623752117, "var": 0.0052314219065, "mean": 0.516333043575}, "chords_scale": "minor", "hpcp_entropy": {"dmean2": 0.859119534492, "median": 1.6106647253, "min": 0, "dvar2": 0.648552238941, "dvar": 0.246722131968, "dmean": 0.510747611523, "max": 4.41533136368, "var": 0.443615674973, "mean": 1.64296233654}}, "metadata": {"audio_properties": {"equal_loudness": 0, "codec": "vorbis", "downmix": "mix", "sample_rate": 44100, "analysis_sample_rate": 44100, "bit_rate": 320000, "md5_encoded": "21bb4373354a881e00347a8c3334ed99", "length": 189.267303467, "replay_gain": -12.8156547546, "lossless": false}, "version": {"essentia_build_sha": "cead25079874084f62182a551b7393616cd33d87", "essentia": "2.1-beta2", "extractor": "music 1.0", "essentia_git_sha": "v2.1_beta2-1-ge3940c0"}, "tags": {"title": ["Termites Ate My House Up"], "barcode": ["721616025224"], "media": ["CD"], "albumartist": ["Various Artists"], "tracktotal": ["30"], "musicbrainz_releasegroupid": ["5da52040-584c-47d8-a657-25887d69cd26"], "releasetype": ["album", "compilation"], "musicbrainz_recordingid": ["1e81a458-cdbf-45cf-9c4d-948c0885870e"], "musicbrainz_albumartistid": ["89ad4ac3-39f7-470e-963a-56509c546377"], "discnumber": ["1"], "album": ["The Ecstasy of the Agony"], "catalognumber": ["VIRUS 252"], "releasecountry": ["US"], "compilation": ["1"], "originaldate": ["2000"], "albumartistsort": ["Various Artists"], "date": ["2000"], "file_name": "12 Wesley Willis - Termites Ate My House Up.ogg", "disctotal": ["1"], "musicbrainz_artistid": ["b0a16d0c-3d99-487d-be88-902131ad03d3"], "asin": ["B00004Y6SZ"], "musicbrainz_albumid": ["0d7674ff-0f82-4b85-b857-dc4b41d99227"], "tracknumber": ["12"], "artistsort": ["Willis, Wesley"], "artist": ["Wesley Willis"], "label": ["Alternative Tentacles"], "releasestatus": ["official"], "totaldiscs": ["1"], "script": ["Latn"], "totaltracks": ["30"]}}, "rhythm": {"bpm_histogram_first_peak_bpm": {"dmean2": 0, "median": 129, "min": 129, "dvar2": 0, "dvar": 0, "dmean": 0, "max": 129, "var": 0, "mean": 129}, "bpm": 129.983444214, "bpm_histogram_second_peak_spread": {"dmean2": 0, "median": 0.222222208977, "min": 0.222222208977, "dvar2": 0, "dvar": 0, "dmean": 0, "max": 0.222222208977, "var": 0, "mean": 0.222222208977}, "bpm_histogram_first_peak_weight": {"dmean2": 0, "median": 0.656862735748, "min": 0.656862735748, "dvar2": 0, "dvar": 0, "dmean": 0, "max": 0.656862735748, "var": 0, "mean": 0.656862735748}, "onset_rate": 4.1418132782, "beats_position": [0.487619042397, 0.96362811327, 1.42802715302, 1.88081634045, 2.34521532059, 2.80961441994, 3.27401351929, 3.73841261864, 4.20281171799, 4.66721057892, 5.13160991669, 5.58439922333, 6.03718805313, 6.5015873909, 6.96598625183, 7.4303855896, 7.89478445053, 8.35918331146, 8.82358264923, 9.27637195587, 9.72916126251, 10.1935596466, 10.6579589844, 11.1223583221, 11.5867567062, 12.0395460129, 12.5039453506, 12.9567346573, 13.4327430725, 13.9087524414, 14.3963718414, 14.8607711792, 15.3135595322, 15.7547388077, 16.2075271606, 16.6603164673, 17.1131057739, 17.5775051117, 18.0419044495, 18.4946937561, 18.9474830627, 19.4118824005, 19.8762817383, 20.3406791687, 20.8050785065, 21.2694778442, 21.733877182, 22.1982765198, 22.6626758575, 23.1270751953, 23.5798625946, 24.0326519012, 24.497051239, 24.9614505768, 25.4258499146, 25.8902492523, 26.3546485901, 26.8074378967, 27.2718353271, 27.7246246338, 28.1890239716, 28.6534233093, 29.106212616, 29.5706119537, 30.0466213226, 30.5110206604, 30.9754180908, 31.4398174286, 31.8926067352, 32.3453979492, 32.8097953796, 33.2741928101, 33.7385940552, 34.2029914856, 34.6557807922, 35.1085700989, 35.572971344, 36.0257606506, 36.4901580811, 36.9545555115, 37.4189567566, 37.883354187, 38.3477554321, 38.8121528625, 39.2649421692, 39.7061233521, 40.1356925964, 40.5652618408, 40.9832191467, 41.4243965149, 41.9120178223, 42.3996353149, 42.8756446838, 43.3632659912, 43.8508834839, 44.3268928528, 44.7912902832, 45.2556915283, 45.7200889587, 46.1728782654, 46.6372795105, 47.0900688171, 47.5544662476, 48.018863678, 48.4832649231, 48.9476623535, 49.4120635986, 49.8764610291, 50.3408622742, 50.8052597046, 51.269657135, 51.7340583801, 52.1868476868, 52.6396369934, 53.1040344238, 53.5684356689, 54.0328330994, 54.4972343445, 54.9500198364, 55.4028091431, 55.8672103882, 56.3316078186, 56.7960090637, 57.2604064941, 57.7248077393, 58.1892051697, 58.6536026001, 59.1180038452, 59.5707931519, 60.0235824585, 60.4879798889, 60.952381134, 61.4167785645, 61.8695678711, 62.3339653015, 62.7983665466, 63.2627639771, 63.7271652222, 64.1915664673, 64.6443557739, 65.0971450806, 65.5499343872, 66.0143280029, 66.4671173096, 66.9431304932, 67.4075241089, 67.871925354, 68.3363265991, 68.8007278442, 69.26512146, 69.7295227051, 70.1939239502, 70.6583175659, 71.122718811, 71.5755081177, 72.0399093628, 72.4926986694, 72.9570999146, 73.4098815918, 73.8626708984, 74.3270721436, 74.7914733887, 75.2558746338, 75.7202682495, 76.1846694946, 76.6490707397, 77.1134643555, 77.5662536621, 78.0306549072, 78.4950561523, 78.9594573975, 79.4238510132, 79.8766403198, 80.3410415649, 80.8054428101, 81.2582321167, 81.7110214233, 82.1754150391, 82.6398162842, 83.1042175293, 83.5686187744, 84.0330123901, 84.4974136353, 84.9502029419, 85.4029922485, 85.8673934937, 86.3317871094, 86.784576416, 87.2373657227, 87.7017669678, 88.1661682129, 88.6305618286, 89.0949630737, 89.5593643188, 90.023765564, 90.4765548706, 90.9409484863, 91.393737793, 91.8581390381, 92.3225402832, 92.7869338989, 93.251335144, 93.7157363892, 94.1685256958, 94.6213150024, 95.0857162476, 95.5501098633, 96.0145111084, 96.4789123535, 96.9433059692, 97.4077072144, 97.860496521, 98.3248977661, 98.7776870728, 99.2420806885, 99.7064819336, 100.170883179, 100.635284424, 101.09967804, 101.564079285, 102.016868591, 102.469657898, 102.934059143, 103.398452759, 103.862854004, 104.327255249, 104.791656494, 105.244445801, 105.708839417, 106.161628723, 106.626029968, 107.090431213, 107.554824829, 108.019226074, 108.483627319, 108.948028564, 109.400817871, 109.853607178, 110.318000793, 110.782402039, 111.246803284, 111.711196899, 112.175598145, 112.628387451, 113.092788696, 113.545578003, 114.009971619, 114.474372864, 114.938774109, 115.403175354, 115.86756897, 116.320358276, 116.773147583, 117.237548828, 117.701950073, 118.166343689, 118.630744934, 119.095146179, 119.559547424, 120.012336731, 120.476730347, 120.929519653, 121.393920898, 121.858322144, 122.322715759, 122.787117004, 123.25151825, 123.704307556, 124.157096863, 124.621498108, 125.085891724, 125.550292969, 126.014694214, 126.47908783, 126.943489075, 127.396278381, 127.849067688, 128.313461304, 128.777862549, 129.242263794, 129.706665039, 130.171066284, 130.635467529, 131.088256836, 131.541046143, 132.005432129, 132.469833374, 132.934234619, 133.398635864, 133.851425171, 134.304214478, 134.768615723, 135.233016968, 135.697418213, 136.161804199, 136.626205444, 137.090606689, 137.555007935, 138.01940918, 138.472198486, 138.924987793, 139.389389038, 139.853790283, 140.31817627, 140.782577515, 141.24697876, 141.711380005, 142.164169312, 142.616958618, 143.081359863, 143.557373047, 144.021759033, 144.47454834, 144.915740967, 145.380126953, 145.844528198, 146.308929443, 146.773330688, 147.249343872, 147.713745117, 148.166534424, 148.607711792, 149.072113037, 149.536499023, 150.000900269, 150.476913452, 150.929702759, 151.394104004, 151.858505249, 152.311294556, 152.78729248, 153.240081787, 153.692871094, 154.157272339, 154.610061646, 155.062850952, 155.527252197, 155.991653442, 156.456054688, 156.920455933, 157.384857178, 157.849243164, 158.325256348, 158.789657593, 159.242446899, 159.695236206, 160.159637451, 160.612426758, 161.076828003, 161.541213989, 162.005615234, 162.470016479, 162.934417725, 163.39881897, 163.863220215, 164.316009521, 164.768798828, 165.233200073, 165.69758606, 166.150375366, 166.614776611, 167.067565918, 167.55519104, 167.996368408, 168.460769653, 168.91355896, 169.377960205, 169.84236145, 170.295150757, 170.736328125, 171.21232605, 171.676727295, 172.152740479, 172.617141724, 173.081542969, 173.534332275, 173.998733521, 174.451522827, 174.915908813, 175.380310059, 175.844711304, 176.309112549, 176.773513794, 177.237915039, 177.690704346, 178.143493652, 178.607894897, 179.072280884, 179.536682129, 180.012695312, 180.465484619, 180.918273926, 181.371063232, 181.835464478, 182.299865723, 182.764266968, 183.228652954, 183.693054199, 184.145843506, 184.598632812, 185.063034058, 185.515823364, 185.968612671, 186.433013916, 186.885803223, 187.350204468, 187.814605713, 188.290603638, 188.755004883], "beats_loudness": {"dmean2": 0.0305569022894, "median": 0.0214660316706, "min": 2.64608243015e-05, "dvar2": 0.000712675508112, "dvar": 0.000233656028286, "dmean": 0.0166115909815, "max": 0.107759840786, "var": 0.000304995308397, "mean": 0.0274474788457}, "danceability": 1.24039971828, "bpm_histogram_second_peak_weight": {"dmean2": 0, "median": 0.0171568635851, "min": 0.0171568635851, "dvar2": 0, "dvar": 0, "dmean": 0, "max": 0.0171568635851, "var": 0, "mean": 0.0171568635851}, "beats_count": 409, "bpm_histogram_second_peak_bpm": {"dmean2": 0, "median": 136, "min": 136, "dvar2": 0, "dvar": 0, "dmean": 0, "max": 136, "var": 0, "mean": 136}, "bpm_histogram_first_peak_spread": {"dmean2": 0, "median": 0.31632655859, "min": 0.31632655859, "dvar2": 0, "dvar": 0, "dmean": 0, "max": 0.31632655859, "var": 0, "mean": 0.31632655859}, "beats_loudness_band_ratio": {"dmean2": [0.48974815011, 0.187070742249, 0.374107003212, 0.259007006884, 0.131699502468, 0.149947524071], "median": [0.480593770742, 0.154053151608, 0.106190316379, 0.0477026365697, 0.0342389568686, 0.0340346992016], "min": [0.000126014856505, 0.00220108497888, 0.000233184939134, 0.000156928319484, 0.00028490065597, 2.25019975915e-05], "dvar2": [0.0876222997904, 0.0230151768774, 0.116435907781, 0.0759115889668, 0.0252082739025, 0.0119971903041], "dvar": [0.0330594182014, 0.00852938741446, 0.0364528931677, 0.0316652543843, 0.00842433609068, 0.00365804834291], "dmean": [0.264573454857, 0.104405507445, 0.197545349598, 0.153733298182, 0.0697526782751, 0.0799774304032], "max": [0.994679927826, 0.639319896698, 0.869608640671, 0.780800640583, 0.535184085369, 0.461732387543], "var": [0.079948656261, 0.011337432079, 0.0415383651853, 0.0374039523304, 0.0068802558817, 0.00391052197665], "mean": [0.42213127017, 0.14896735549, 0.18962392211, 0.142168581486, 0.0609392672777, 0.0573426894844]}}, "lowlevel": {"barkbands_spread": {"dmean2": 7.74495077133, "median": 12.6352128983, "min": 0.283239096403, "dvar2": 140.842269897, "dvar": 67.845199585, "dmean": 5.28347063065, "max": 102.468696594, "var": 178.770904541, "mean": 15.755563736}, "melbands_spread": {"dmean2": 8.241106987, "median": 14.0235900879, "min": 0.378567695618, "dvar2": 189.897262573, "dvar": 89.9037857056, "dmean": 5.49152231216, "max": 206.584213257, "var": 243.722915649, "mean": 16.942237854}, "hfc": {"dmean2": 7.46845436096, "median": 5.4023900032, "min": 1.4889558031e-08, "dvar2": 154.422851562, "dvar": 84.6110916138, "dmean": 5.44734764099, "max": 134.328613281, "var": 380.229858398, "mean": 15.9170827866}, "barkbands_kurtosis": {"dmean2": 5.8966460228, "median": 3.77160596848, "min": -1.90141952038, "dvar2": 322.46295166, "dvar": 118.283851624, "dmean": 3.72765946388, "max": 491.028686523, "var": 241.256607056, "mean": 8.56976509094}, "gfcc": {"mean": [-50.9893341064, 108.07585144, -117.250831604, 27.3036270142, -63.6769714355, 12.6625652313, -41.3005180359, -1.65460515022, -23.4063358307, -11.4979543686, -13.6082658768, -10.2146425247, -11.6150159836], "icov": [[0.000263747060671, -0.00013323778694, 0.000205571239349, -0.000290699885227, 0.000113703536044, -0.000321985862684, 8.9266221039e-05, -0.000105274411908, 0.00039944506716, -0.000467071251478, 0.000582398613915, -0.000222487637075, 0.00067142181797], [-0.00013323778694, 0.0023781824857, -0.000435682421084, 0.000573718978558, -0.00146917486563, 0.000900720420759, -0.00150668586139, 0.000992273679003, -0.00175814714748, 0.00245529366657, -0.00347589561716, 0.00236865389161, -0.00180711969733], [0.000205571239349, -0.000435682421084, 0.00134404713754, -0.0012363048736, -0.000175567780389, -0.000892116338946, 0.00115870020818, -0.000626297260169, 0.00128814671189, -0.00081834878074, 0.00122006074525, -0.00112398003694, 0.000157421760377], [-0.000290699885227, 0.000573718978558, -0.0012363048736, 0.00352970277891, -0.000236821433646, 0.000465041171992, -0.00144739367533, 0.00102263130248, -0.00190148269758, 0.000166308091138, -0.00117347994819, 0.00180540978909, -0.00247065466829], [0.000113703536044, -0.00146917486563, -0.000175567780389, -0.000236821433646, 0.00378193077631, -0.00138071971014, -0.000145356098074, 0.000248898024438, -0.000771178631112, -0.00134716986213, 0.00182170467451, -0.00195172475651, 0.00161084521096], [-0.000321985862684, 0.000900720420759, -0.000892116338946, 0.000465041171992, -0.00138071971014, 0.00727519532666, -0.00134188379161, -0.000984238344245, 0.000572496850509, 0.000779855705332, -0.00151863368228, 0.00114436994772, -0.00182866549585], [8.9266221039e-05, -0.00150668586139, 0.00115870020818, -0.00144739367533, -0.000145356098074, -0.00134188379161, 0.00727684656158, -0.00316806999035, 0.00191029661801, -0.000287248840323, 0.00135411601514, -0.00382237765007, 0.00172210740857], [-0.000105274411908, 0.000992273679003, -0.000626297260169, 0.00102263130248, 0.000248898024438, -0.000984238344245, -0.00316806999035, 0.0110890585929, -0.00376587756909, -0.000841142551508, -0.00164908892475, -0.000690814573318, 4.58682370663e-05], [0.00039944506716, -0.00175814714748, 0.00128814671189, -0.00190148269758, -0.000771178631112, 0.000572496850509, 0.00191029661801, -0.00376587756909, 0.0135697871447, -0.00456620380282, 0.00176984933205, 0.00198684097268, -0.00139016984031], [-0.000467071251478, 0.00245529366657, -0.00081834878074, 0.000166308091138, -0.00134716986213, 0.000779855705332, -0.000287248840323, -0.000841142551508, -0.00456620380282, 0.0131387710571, -0.00337942084298, -0.00035336689325, 0.00259396573529], [0.000582398613915, -0.00347589561716, 0.00122006074525, -0.00117347994819, 0.00182170467451, -0.00151863368228, 0.00135411601514, -0.00164908892475, 0.00176984933205, -0.00337942084298, 0.0140481032431, -0.00227348203771, 0.00196383427829], [-0.000222487637075, 0.00236865389161, -0.00112398003694, 0.00180540978909, -0.00195172475651, 0.00114436994772, -0.00382237765007, -0.000690814573318, 0.00198684097268, -0.00035336689325, -0.00227348203771, 0.0150138540193, -0.00396491540596], [0.00067142181797, -0.00180711969733, 0.000157421760377, -0.00247065466829, 0.00161084521096, -0.00182866549585, 0.00172210740857, 4.58682370663e-05, -0.00139016984031, 0.00259396573529, 0.00196383427829, -0.00396491540596, 0.0134619781747]], "cov": [[7291.19042969, -1726.29418945, -716.73815918, -212.511657715, -254.794387817, 175.013778687, 112.974876404, 151.296417236, -285.00592041, 443.077545166, -371.846923828, 176.157989502, -595.391906738], [-1726.29418945, 2143.82006836, 112.100196838, 257.163299561, 431.770599365, -55.6390838623, 127.907714844, -105.981056213, 246.883972168, -308.942718506, 344.199890137, -201.595199585, 319.982177734], [-716.73815918, 112.100196838, 1711.27197266, 526.713989258, 238.201263428, 178.983642578, -79.0574264526, 11.6613512039, -13.4672327042, 18.6105442047, -54.1999664307, 69.6116104126, 156.767623901], [-212.511657715, 257.163299561, 526.713989258, 583.581298828, 111.113761902, 48.0707359314, 18.182352066, -15.4700508118, 78.5215377808, -16.1221981049, 24.9385223389, -30.9838733673, 135.477294922], [-254.794387817, 431.770599365, 238.201263428, 111.113761902, 473.830444336, 72.3710327148, 77.8153915405, 8.36607933044, 67.3692474365, -5.15004110336, 33.1201667786, 15.1304092407, 38.9993209839], [175.013778687, -55.6390838623, 178.983642578, 48.0707359314, 72.3710327148, 191.543136597, 40.0250930786, 33.8046569824, -19.4669303894, 15.8334569931, -11.2734899521, 28.8265914917, 7.72902059555], [112.974876404, 127.907714844, -79.0574264526, 18.182352066, 77.8153915405, 40.0250930786, 233.994827271, 57.140460968, -2.16993999481, -3.12431073189, 21.5009384155, 44.0131607056, -8.0011138916], [151.296417236, -105.981056213, 11.6613512039, -15.4700508118, 8.36607933044, 33.8046569824, 57.140460968, 132.0209198, 14.3276834488, 44.4449462891, -4.49250555038, 32.4907798767, -25.7765026093], [-285.00592041, 246.883972168, -13.4672327042, 78.5215377808, 67.3692474365, -19.4669303894, -2.16993999481, 14.3276834488, 141.144622803, -0.316937893629, 40.1735610962, -43.3447227478, 47.4575271606], [443.077545166, -308.942718506, 18.6105442047, -16.1221981049, -5.15004110336, 15.8334569931, -3.12431073189, 44.4449462891, -0.316937893629, 159.824386597, -34.5635948181, 35.7187538147, -78.9987335205], [-371.846923828, 344.199890137, -54.1999664307, 24.9385223389, 33.1201667786, -11.2734899521, 21.5009384155, -4.49250555038, 40.1735610962, -34.5635948181, 146.392990112, -29.1496810913, 42.5994415283], [176.157989502, -201.595199585, 69.6116104126, -30.9838733673, 15.1304092407, 28.8265914917, 44.0131607056, 32.4907798767, -43.3447227478, 35.7187538147, -29.1496810913, 119.895019531, -17.7779998779], [-595.391906738, 319.982177734, 156.767623901, 135.477294922, 38.9993209839, 7.72902059555, -8.0011138916, -25.7765026093, 47.4575271606, -78.9987335205, 42.5994415283, -17.7779998779, 176.130477905]]}, "spectral_energyband_middle_low": {"dmean2": 0.00579738523811, "median": 0.00686042476445, "min": 1.04239978194e-12, "dvar2": 9.88423998933e-05, "dvar": 4.14801579609e-05, "dmean": 0.00367287313566, "max": 0.0935277044773, "var": 9.16135541047e-05, "mean": 0.00965086743236}, "melbands_crest": {"dmean2": 4.21620845795, "median": 14.4610090256, "min": 1.97487235069, "dvar2": 20.9961776733, "dvar": 8.25864315033, "dmean": 2.63194727898, "max": 33.5056190491, "var": 23.1654014587, "mean": 14.5193796158}, "spectral_kurtosis": {"dmean2": 4.48934268951, "median": 4.83138418198, "min": -0.978796482086, "dvar2": 46.3958511353, "dvar": 16.6037540436, "dmean": 2.65125751495, "max": 91.8915939331, "var": 55.2762260437, "mean": 6.70640993118}, "spectral_rms": {"dmean2": 0.000926066946704, "median": 0.00389843224548, "min": 1.83627946626e-07, "dvar2": 1.73522789737e-06, "dvar": 8.33619026253e-07, "dmean": 0.000616010220256, "max": 0.0101973153651, "var": 3.3005358091e-06, "mean": 0.0040275901556}, "zerocrossingrate": {"dmean2": 0.012031391263, "median": 0.0458984375, "min": 0, "dvar2": 0.00026597987744, "dvar": 0.000247217394644, "dmean": 0.0109830936417, "max": 0.52099609375, "var": 0.00140978535637, "mean": 0.0503462702036}, "silence_rate_60dB": {"dmean2": 0.0932400897145, "median": 0, "min": 0, "dvar2": 0.0919003933668, "dvar": 0.0444380268455, "dmean": 0.0466143265367, "max": 1, "var": 0.110567949712, "mean": 0.12657918036}, "erbbands_kurtosis": {"dmean2": 1.42307150364, "median": 0.272727489471, "min": -1.77473068237, "dvar2": 4.34317827225, "dvar": 1.98977863789, "dmean": 0.954952836037, "max": 32.4312896729, "var": 7.05224895477, "mean": 1.03119027615}, "erbbands": {"dmean2": [0.0506018064916, 0.603161990643, 1.1145182848, 3.48632121086, 7.55767583847, 5.50808095932, 4.00313806534, 7.49272346497, 11.2571220398, 22.3310279846, 30.6568126678, 28.5396537781, 15.3354492188, 13.8643312454, 22.3118858337, 41.023891449, 40.76121521, 29.9933185577, 15.7578401566, 11.7173395157, 13.7457370758, 8.88635826111, 6.54508924484, 11.1784667969, 7.7621512413, 4.36929178238, 3.09870553017, 3.26486897469, 3.13984513283, 2.59280824661, 2.19358921051, 1.64734780788, 0.802032828331, 0.57047778368, 0.469395637512, 0.170847460628, 0.0686193332076, 0.00953892339021, 0.000940576137509, 3.47619898093e-05], "median": [0.00470065046102, 0.190541625023, 1.2892742157, 3.49736356735, 2.70718550682, 6.4508934021, 3.95220541954, 4.36207818985, 2.99063968658, 6.30399656296, 3.3221487999, 6.17454576492, 3.94446563721, 3.73760318756, 5.40540933609, 2.72483563423, 4.13350343704, 3.42225146294, 1.85031437874, 2.93187308311, 2.86500501633, 2.86568236351, 1.64123594761, 1.58271682262, 1.4597748518, 0.982636034489, 0.810335993767, 0.809333503246, 0.573334038258, 0.440561950207, 0.310410171747, 0.321814000607, 0.123632721603, 0.0596599318087, 0.0200719870627, 0.00473443372175, 0.000831871002447, 0.000118594842206, 2.26256197493e-05, 2.18429340748e-05], "min": [1.78551509515e-12, 2.20071079415e-11, 5.41473255122e-11, 1.24170521087e-10, 2.21208648621e-10, 1.82889495215e-10, 5.55922974321e-10, 1.25579069366e-09, 1.12023701426e-09, 3.89537868628e-09, 2.33263652838e-09, 1.53534640557e-09, 4.49619985687e-09, 2.73065281498e-09, 4.90454832303e-09, 4.59047022616e-09, 3.45678263791e-09, 7.69948904633e-09, 1.51680428218e-08, 5.25058174716e-09, 7.9748545545e-09, 1.11210214371e-08, 3.4892602141e-09, 5.69988500843e-09, 7.0185861567e-09, 6.07500449945e-09, 5.31059551889e-09, 3.96938837355e-09, 2.3969268792e-09, 1.80986481357e-09, 1.72596958947e-09, 1.08369657692e-09, 1.29533650473e-09, 7.95663368525e-10, 5.41107492147e-10, 2.27889707105e-10, 1.2343326361e-10, 4.83026431353e-11, 7.40969872265e-12, 8.33839724698e-13], "dvar2": [0.0312240552157, 3.89221978188, 8.05028247833, 54.5804824829, 407.351165771, 119.325843811, 209.679046631, 725.982116699, 2448.1953125, 5706.83105469, 12822.6240234, 12572.15625, 2915.00683594, 2122.18310547, 7175.55761719, 24539.1035156, 19473.9492188, 12014.9609375, 3789.43237305, 1855.55334473, 2136.02172852, 585.291992188, 304.591033936, 890.900878906, 731.293457031, 233.083648682, 99.4488296509, 64.793800354, 70.9096374512, 52.9080619812, 42.2282905579, 22.1732559204, 5.61961269379, 3.75616884232, 2.44398927689, 0.340898990631, 0.0719331651926, 0.00126370310318, 1.34600359161e-05, 9.68239266541e-09], "dvar": [0.0116007681936, 1.43623101711, 3.12081217766, 19.9405345917, 140.065429688, 47.1713943481, 79.358291626, 326.43170166, 996.307617188, 2702.73999023, 6371.67236328, 6124.01757812, 1418.79248047, 1091.84594727, 3169.38549805, 12484.3720703, 9716.91015625, 6470.79833984, 2001.1315918, 893.301391602, 1115.63659668, 304.81451416, 149.489028931, 449.036071777, 371.423309326, 105.076141357, 47.0432357788, 29.2164154053, 31.7329998016, 25.1844139099, 22.6871509552, 11.6001234055, 2.99089312553, 1.9158693552, 1.05874443054, 0.150876179338, 0.0286680031568, 0.000547576404642, 5.35787103217e-06, 4.00474631235e-09], "dmean": [0.0296622160822, 0.348569005728, 0.700752556324, 2.14877271652, 4.30762720108, 3.49758052826, 2.46665287018, 4.62272405624, 6.9422082901, 14.7974367142, 21.0969810486, 19.8044281006, 10.9997854233, 9.69346809387, 15.5311756134, 29.7052459717, 29.8006381989, 22.9217720032, 11.7310466766, 8.17954540253, 9.75611877441, 6.32018041611, 4.4749212265, 7.75847768784, 5.27168798447, 2.9176864624, 2.08902072906, 2.23125696182, 2.12328958511, 1.80653834343, 1.57727706432, 1.17767751217, 0.570401191711, 0.404977619648, 0.308119356632, 0.11552003026, 0.0433044694364, 0.00638458831236, 0.000603977416176, 2.31595895457e-05], "max": [1.56156742573, 15.2134847641, 36.2967071533, 62.4236183167, 200.259979248, 139.396194458, 233.235153198, 603.450256348, 833.59185791, 1290.05078125, 1479.82043457, 2889.74902344, 958.746398926, 1037.83666992, 1226.41296387, 2101.74462891, 1829.11694336, 2748.16796875, 1192.93835449, 919.778808594, 1201.54833984, 439.320861816, 335.901367188, 497.654541016, 694.005493164, 304.000518799, 232.280227661, 180.488296509, 135.170394897, 128.798812866, 160.912109375, 94.0061798096, 53.5782852173, 45.6787223816, 27.9270973206, 12.0269432068, 6.25806903839, 0.866761386395, 0.0884008035064, 0.00225808960386], "var": [0.0095113357529, 1.13365530968, 8.11051845551, 41.6173629761, 120.767181396, 101.599624634, 79.0155792236, 410.385070801, 962.98815918, 5204.08642578, 17109.3085938, 20120.9296875, 3792.07080078, 2619.39892578, 5797.42236328, 29586.2675781, 37660.8125, 19924.3671875, 5507.14257812, 1771.46447754, 2503.63842773, 827.65612793, 388.369628906, 1506.22644043, 657.083190918, 185.620254517, 92.883605957, 61.9758033752, 51.0693206787, 46.5589752197, 47.7378616333, 22.1765384674, 5.69386148453, 3.37316083908, 1.30532026291, 0.185617014766, 0.025565167889, 0.00057400733931, 4.87781062475e-06, 4.72904071458e-09], "mean": [0.0345210693777, 0.544440031052, 2.28183221817, 5.60775232315, 6.5045671463, 9.23298931122, 5.60352039337, 7.99760055542, 8.83768844604, 25.847618103, 38.6935310364, 37.6446647644, 21.8966579437, 18.8444805145, 28.5649394989, 55.6656990051, 65.2328186035, 44.8212661743, 22.5631351471, 14.7339782715, 17.6540412903, 12.0620632172, 8.51386451721, 15.5652809143, 8.56904315948, 4.50012731552, 3.32009840012, 3.53339529037, 3.06903839111, 2.65812397003, 2.27187466621, 1.72840869427, 0.805259466171, 0.532676041126, 0.330209881067, 0.122336938977, 0.0397561341524, 0.00632944330573, 0.000570098229218, 4.17625342379e-05]}, "spectral_strongpeak": {"dmean2": 0.771907806396, "median": 0.493561267853, "min": 0, "dvar2": 2.02276396751, "dvar": 0.941596329212, "dmean": 0.4914034307, "max": 13.5127534866, "var": 3.56621694565, "mean": 1.2637860775}, "spectral_energy": {"dmean2": 0.0088936528191, "median": 0.0155777176842, "min": 3.45622037934e-11, "dvar2": 0.00019437019364, "dvar": 8.68156857905e-05, "dmean": 0.00576141430065, "max": 0.106584869325, "var": 0.000264656846412, "mean": 0.0200099572539}, "average_loudness": 0.862182080746, "spectral_rolloff": {"dmean2": 725.545227051, "median": 861.328125, "min": 86.1328125, "dvar2": 2472896, "dvar": 1105253.5, "dmean": 429.259216309, "max": 17528.0273438, "var": 2032906.125, "mean": 1169.85644531}, "spectral_centroid": {"dmean2": 308.12979126, "median": 912.088745117, "min": 131.217285156, "dvar2": 187950.921875, "dvar": 88137.9296875, "dmean": 211.68069458, "max": 4445.15087891, "var": 345724.78125, "mean": 981.540222168}, "pitch_salience": {"dmean2": 0.094547174871, "median": 0.568284034729, "min": 0.1073840186, "dvar2": 0.010514728725, "dvar": 0.00407423404977, "dmean": 0.0584932416677, "max": 0.893680214882, "var": 0.010497007519, "mean": 0.56785094738}, "spectral_energyband_middle_high": {"dmean2": 0.0026571569033, "median": 0.000879266764969, "min": 2.56856428488e-12, "dvar2": 3.2966658182e-05, "dvar": 1.8874208763e-05, "dmean": 0.00197042501532, "max": 0.0723408013582, "var": 9.73243440967e-05, "mean": 0.0056611248292}, "spectral_contrast_coeffs": {"dmean2": [0.0728499814868, 0.0723577812314, 0.0586627721786, 0.0535122938454, 0.0423155725002, 0.0297503117472], "median": [-0.589860498905, -0.682030260563, -0.704351425171, -0.732277810574, -0.762771070004, -0.780277371407], "min": [-0.98347902298, -0.9923376441, -0.956388831139, -0.95583230257, -0.967156350613, -0.950729489326], "dvar2": [0.00488289212808, 0.00469576520845, 0.00334128853865, 0.00254072085954, 0.00165452912915, 0.000901356630493], "dvar": [0.0020126614254, 0.0020646546036, 0.00154725636821, 0.0012970699463, 0.00083054730203, 0.000462823663838], "dmean": [0.0451885648072, 0.045350741595, 0.0382590070367, 0.0358076095581, 0.0281971190125, 0.0197155941278], "max": [-0.264228910208, -0.339979857206, -0.330715179443, -0.434030205011, -0.521481096745, -0.551746666431], "var": [0.00841580145061, 0.00740496255457, 0.00725029734895, 0.00764941750094, 0.00494268164039, 0.00243877479807], "mean": [-0.575947165489, -0.675243735313, -0.699303925037, -0.719600260258, -0.752820670605, -0.771568417549]}, "melbands_skewness": {"dmean2": 1.09372258186, "median": 2.70628404617, "min": -2.15744447708, "dvar2": 1.92089617252, "dvar": 0.839127540588, "dmean": 0.719603836536, "max": 12.5599327087, "var": 3.64976382256, "mean": 2.81317353249}, "spectral_spread": {"dmean2": 863776.625, "median": 3911814.25, "min": 908479.9375, "dvar2": 1594899169280.0, "dvar": 931277570048, "dmean": 638465.625, "max": 28119616, "var": 4435801014270.0, "mean": 4540784.5}, "dissonance": {"dmean2": 0.0394660867751, "median": 0.440014362335, "min": 0, "dvar2": 0.00185543810949, "dvar": 0.000727932259906, "dmean": 0.0241138413548, "max": 0.49990734458, "var": 0.00160547567066, "mean": 0.433158487082}, "spectral_skewness": {"dmean2": 0.494663596153, "median": 1.7669942379, "min": 0.186135545373, "dvar2": 0.320327430964, "dvar": 0.13783377409, "dmean": 0.312576591969, "max": 7.7484664917, "var": 0.661124646664, "mean": 1.88964176178}, "spectral_flux": {"dmean2": 0.0405723340809, "median": 0.0423959158361, "min": 7.62801437304e-06, "dvar2": 0.00223725358956, "dvar": 0.00108849757817, "dmean": 0.0261334870011, "max": 0.290649145842, "var": 0.00293820840307, "mean": 0.0609553977847}, "spectral_contrast_valleys": {"dmean2": [0.718793332577, 0.60912913084, 0.568500876427, 0.577076971531, 0.542957484722, 0.441828519106], "median": [-7.77864694595, -7.43618774414, -8.2817401886, -8.6914434433, -8.57457351685, -10.8991003036], "min": [-18.4730319977, -17.2326488495, -18.031999588, -18.1258544922, -18.2019615173, -19.8200740814], "dvar2": [0.59562253952, 0.347458899021, 0.337832510471, 0.354223400354, 0.394140064716, 0.360685348511], "dvar": [0.310846030712, 0.145799636841, 0.159456461668, 0.18552878499, 0.208757102489, 0.214884981513], "dmean": [0.467047810555, 0.372221231461, 0.370374500751, 0.385121166706, 0.379872173071, 0.348849654198], "max": [-5.73433637619, -5.07102489471, -5.11351060867, -5.42377901077, -6.08229970932, -7.53008365631], "var": [1.49940109253, 0.648857533932, 0.941315352917, 1.22204244137, 1.16657006741, 1.36013162136], "mean": [-8.00920295715, -7.46829175949, -8.24874210358, -8.76119709015, -8.67855358124, -10.8113069534]}, "erbbands_flatness_db": {"dmean2": 0.0269008725882, "median": 0.181325107813, "min": 0.0421372167766, "dvar2": 0.00099357846193, "dvar": 0.000575925339945, "dmean": 0.0200021248311, "max": 0.396021723747, "var": 0.00322777684778, "mean": 0.179516136646}, "spectral_energyband_high": {"dmean2": 0.00038448421401, "median": 9.37426229939e-05, "min": 5.22945348049e-13, "dvar2": 7.95988455593e-07, "dvar": 4.07181147466e-07, "dmean": 0.000275705417152, "max": 0.0144625408575, "var": 8.52478194702e-07, "mean": 0.000429856416304}, "spectral_entropy": {"dmean2": 0.310985445976, "median": 7.13414907455, "min": 4.96155309677, "dvar2": 0.134351819754, "dvar": 0.0757016018033, "dmean": 0.227857455611, "max": 8.91283130646, "var": 0.452426701784, "mean": 7.09400510788}, "silence_rate_20dB": {"dmean2": 0, "median": 1, "min": 1, "dvar2": 0, "dvar": 0, "dmean": 0, "max": 1, "var": 0, "mean": 1}, "melbands_flatness_db": {"dmean2": 0.0381974950433, "median": 0.217788219452, "min": 0.0104281688109, "dvar2": 0.00190779066179, "dvar": 0.00104787875898, "dmean": 0.027404602617, "max": 0.615392386913, "var": 0.00744285341352, "mean": 0.236435309052}, "barkbands": {"dmean2": [3.43393548974e-05, 0.00238764868118, 0.00103403069079, 0.00185079406947, 0.00178842712194, 0.000783313415013, 0.00109564664308, 0.00132209551521, 0.00128304667305, 0.000413603003835, 0.000508579658344, 0.0010260110721, 0.00102310231887, 0.000538039195817, 0.000264815054834, 0.00026290063397, 0.000192306790268, 0.000152877575601, 0.00021740453667, 9.19724261621e-05, 7.74186628405e-05, 8.7575885118e-05, 7.71223712945e-05, 6.14429518464e-05, 5.80570995226e-05, 3.35229415214e-05, 5.20403227711e-06], "median": [6.66802975502e-07, 0.000332236057147, 0.000676071853377, 0.000855542952195, 0.00154676882084, 0.00050668878248, 0.000282352470094, 0.000122077297419, 0.000245260482188, 7.02647084836e-05, 0.00011994727538, 5.55508995603e-05, 8.49454518175e-05, 5.45426883036e-05, 5.10621102876e-05, 3.94310955016e-05, 4.63128417323e-05, 2.79367231997e-05, 2.85316746158e-05, 1.81049417733e-05, 2.16382122744e-05, 1.4952543097e-05, 1.12651514428e-05, 1.17692761705e-05, 4.21459208155e-06, 6.42896907266e-07, 4.97734760074e-08], "min": [6.83933619239e-15, 1.08133438998e-13, 4.06356263742e-14, 4.9484599903e-14, 9.51583714712e-14, 1.3093244208e-13, 1.51970910899e-13, 9.56815803346e-14, 5.96494899373e-14, 1.42758133331e-13, 5.33335514966e-14, 1.54102533685e-13, 4.82032965518e-14, 1.39307768337e-13, 2.18288196763e-13, 8.19184469065e-14, 2.11809018133e-13, 7.82016121238e-14, 9.09008247363e-14, 1.47420446618e-13, 1.21256262951e-13, 6.01927768696e-14, 5.66181724713e-14, 7.29290556439e-14, 6.51658834858e-14, 6.25380281415e-14, 6.04823740462e-14], "dvar2": [1.18665814952e-08, 6.37249177089e-05, 6.22031029707e-06, 1.85484623216e-05, 1.53451874212e-05, 6.8788704084e-06, 1.58983402798e-05, 2.14384417632e-05, 2.20062065637e-05, 1.88187152617e-06, 3.69011172552e-06, 1.46645570567e-05, 1.1734518921e-05, 4.75932802146e-06, 8.9336469955e-07, 9.30058490667e-07, 3.09061789494e-07, 1.72036763502e-07, 3.77947174002e-07, 8.38340596943e-08, 4.04898585771e-08, 5.39885434137e-08, 5.27355119573e-08, 3.01361851029e-08, 3.49312649917e-08, 1.4704554907e-08, 4.01412014739e-10], "dvar": [7.42224681716e-09, 2.35845782299e-05, 2.44290231421e-06, 6.77189655107e-06, 5.44680733583e-06, 3.01325349028e-06, 6.78439573676e-06, 1.05847029772e-05, 1.0787811334e-05, 9.71419126472e-07, 1.60175022756e-06, 7.22247023077e-06, 6.04398928772e-06, 2.47185244007e-06, 4.8266349495e-07, 4.6309170898e-07, 1.5768065964e-07, 8.2419845171e-08, 1.90673162592e-07, 3.90389125471e-08, 1.92119564701e-08, 2.42253257454e-08, 2.7340872677e-08, 1.62634670176e-08, 1.66791771505e-08, 6.21585938276e-09, 1.63025093425e-10], "dmean": [2.7182730264e-05, 0.00138862256426, 0.000660674471874, 0.00111415958963, 0.0010629548924, 0.000483501702547, 0.000692739733495, 0.000895304896403, 0.000878335908055, 0.000290504307486, 0.000344189553289, 0.000720605312381, 0.000734460481908, 0.000389182969229, 0.000192338397028, 0.000181739887921, 0.000133709982038, 0.000104094884591, 0.000149614410475, 6.13169249846e-05, 5.30314864591e-05, 5.92302239966e-05, 5.47248891962e-05, 4.36910740973e-05, 3.96253126382e-05, 2.21514183067e-05, 3.40232509188e-06], "max": [0.00169594434556, 0.0643444061279, 0.0330923572183, 0.035317286849, 0.0377162657678, 0.0517464764416, 0.0483416765928, 0.0550266429782, 0.0928257927299, 0.0289582423866, 0.0274154376239, 0.0510477870703, 0.0563680119812, 0.0557148866355, 0.0177130866796, 0.0191688761115, 0.010303656570