{"tonal": {"thpcp": [1, 0.734500944614, 0.617923498154, 0.580030441284, 0.442940026522, 0.406867444515, 0.441443741322, 0.448895305395, 0.452351927757, 0.421300321817, 0.378383249044, 0.373729169369, 0.361492753029, 0.449282109737, 0.819085299969, 0.986338376999, 0.929748117924, 0.954927563667, 0.728839457035, 0.4628290236, 0.464002013206, 0.52363306284, 0.502070903778, 0.579261958599, 0.629983007908, 0.551092624664, 0.595537364483, 0.55391651392, 0.404414236546, 0.382408499718, 0.475512713194, 0.605956315994, 0.708578169346, 0.763593256474, 0.797683775425, 0.971426486969], "hpcp": {"dmean2": [0.198650747538, 0.210742488503, 0.233382076025, 0.259446322918, 0.296448111534, 0.315052717924, 0.341142177582, 0.335639238358, 0.33350032568, 0.284322470427, 0.249693050981, 0.204418703914, 0.190726816654, 0.187982454896, 0.184374690056, 0.180389747024, 0.173914149404, 0.17489130795, 0.174707114697, 0.180485054851, 0.227321013808, 0.31146761775, 0.321283221245, 0.399469435215, 0.484273314476, 0.349923402071, 0.232709169388, 0.234567329288, 0.253721356392, 0.272058904171, 0.318367868662, 0.310334742069, 0.268611133099, 0.256931483746, 0.231920614839, 0.209705665708], "median": [0.0358000099659, 0.0400096923113, 0.0440739914775, 0.0533031895757, 0.0591371506453, 0.0754840224981, 0.108791254461, 0.113932162523, 0.0824274271727, 0.0582636669278, 0.0470856800675, 0.0430535525084, 0.047412533313, 0.0537325590849, 0.0568359270692, 0.0626694485545, 0.0547714531422, 0.0430758073926, 0.0368877723813, 0.0325060635805, 0.0426242649555, 0.0744728669524, 0.0822184532881, 0.117840886116, 0.102708369493, 0.0747626125813, 0.0291311442852, 0.0360096022487, 0.0374806076288, 0.0374795533717, 0.0368912927806, 0.0407335944474, 0.0573518648744, 0.065291441977, 0.0605938062072, 0.0389324016869], "min": [0, 0, 0, 0, 0, 0, 0, 0, 0, 0, 0, 0, 0, 0, 0, 0, 0, 0, 0, 0, 0, 0, 0, 0, 0, 0, 0, 0, 0, 0, 0, 0, 0, 0, 0, 0], "dvar2": [0.103134945035, 0.104873850942, 0.117192104459, 0.122919723392, 0.147855862975, 0.136925518513, 0.152305334806, 0.141175091267, 0.154165923595, 0.132330313325, 0.127535834908, 0.10279827565, 0.0933175086975, 0.0903125777841, 0.0881120935082, 0.0792493894696, 0.0754146873951, 0.0870330408216, 0.0965184420347, 0.0945551991463, 0.110996507108, 0.148067504168, 0.147097721696, 0.168520629406, 0.224651515484, 0.140512794256, 0.12179390341, 0.121520295739, 0.133157670498, 0.14991004765, 0.187222823501, 0.186147794127, 0.13466194272, 0.121455237269, 0.112500175834, 0.106821969151], "dvar": [0.0370364636183, 0.0391519553959, 0.0448355637491, 0.0468115322292, 0.0564931295812, 0.0518243424594, 0.0592898800969, 0.0584775395691, 0.0563850179315, 0.0490333810449, 0.0498797260225, 0.0368494838476, 0.0335457324982, 0.0335644073784, 0.0321311615407, 0.0285865236074, 0.0273416806012, 0.0313157215714, 0.0344637222588, 0.034202914685, 0.0394081100821, 0.0564499236643, 0.060687687248, 0.0639604330063, 0.0835849046707, 0.053013779223, 0.0440033636987, 0.0435586310923, 0.0495903193951, 0.0541321374476, 0.0676339566708, 0.0674782469869, 0.048126552254, 0.0436356067657, 0.0410117469728, 0.0387930348516], "dmean": [0.109856002033, 0.119267255068, 0.132440850139, 0.148089677095, 0.166576042771, 0.179331541061, 0.197736516595, 0.196238279343, 0.187962025404, 0.158473148942, 0.140606820583, 0.114769920707, 0.10589890182, 0.1068687886, 0.104315854609, 0.101656034589, 0.0971096381545, 0.0961000174284, 0.0956515520811, 0.0987571999431, 0.125699713826, 0.178960949183, 0.187658548355, 0.22654671967, 0.27222520113, 0.195947691798, 0.129302605987, 0.131767138839, 0.144034191966, 0.150317147374, 0.173916235566, 0.170707687736, 0.149235516787, 0.14435519278, 0.131269738078, 0.114962980151], "max": [1, 1, 1, 1, 1, 1, 1, 1, 1, 1, 1, 1, 1, 1, 1, 1, 1, 1, 1, 1, 1, 1, 1, 1, 1, 1, 1, 1, 1, 1, 1, 1, 1, 1, 1, 1], "var": [0.0294754654169, 0.0408684015274, 0.0610412843525, 0.0700932219625, 0.0794916525483, 0.0741994231939, 0.0867850780487, 0.0915020927787, 0.0582186765969, 0.0524943731725, 0.0566767305136, 0.0333088710904, 0.027850812301, 0.0311426632106, 0.0300864428282, 0.0259922146797, 0.0239821914583, 0.0264755934477, 0.0328312404454, 0.0300008933991, 0.0339086279273, 0.0778375267982, 0.104985207319, 0.0770508125424, 0.0891290307045, 0.0624950043857, 0.0438809618354, 0.0379296019673, 0.0478901565075, 0.0456917136908, 0.0614750273526, 0.0699998438358, 0.0431197322905, 0.0445077717304, 0.042179454118, 0.0307994652539], "mean": [0.098459109664, 0.122430749238, 0.156016200781, 0.182438343763, 0.196603134274, 0.205380454659, 0.250114172697, 0.25747102499, 0.189112707973, 0.159097403288, 0.149341031909, 0.114044219255, 0.104756578803, 0.113658972085, 0.115577533841, 0.116467513144, 0.108472622931, 0.0974227264524, 0.0962244346738, 0.0930739119649, 0.115677125752, 0.210890725255, 0.253953546286, 0.239383205771, 0.245866179466, 0.187655046582, 0.119165062904, 0.119467072189, 0.134820342064, 0.129268705845, 0.149143174291, 0.162202373147, 0.141890376806, 0.153333619237, 0.142617449164, 0.104124948382]}, "tuning_equal_tempered_deviation": 0.181572705507, "chords_changes_rate": 0.0961410477757, "key_key": "E", "tuning_diatonic_strength": 0.323044627905, "key_scale": "minor", "chords_number_rate": 0.00499001983553, "tuning_frequency": 434.193115234, "tuning_nontempered_energy_ratio": 0.898806750774, "chords_histogram": [6.91949415207, 2.89421153069, 4.39121770859, 0, 0.66533601284, 12.5748500824, 19.3612766266, 5.0565533638, 0, 0, 0.133067205548, 3.09381246567, 11.743180275, 0.33266800642, 1.03127074242, 0, 0, 3.12707924843, 4.12508296967, 7.25216245651, 0, 3.42648029327, 8.41650009155, 5.45575523376], "key_strength": 0.592196524143, "chords_key": "C#", "chords_strength": {"dmean2": 0.0144558278844, "median": 0.484766364098, "min": 0.212734788656, "dvar2": 0.000154549619765, "dvar": 0.000104954211565, "dmean": 0.0122842648998, "max": 0.773339569569, "var": 0.0123696224764, "mean": 0.48674967885}, "chords_scale": "minor", "hpcp_entropy": {"dmean2": 1.1795065403, "median": 2.73958110809, "min": 0, "dvar2": 0.877470076084, "dvar": 0.331838995218, "dmean": 0.707252323627, "max": 4.74055814743, "var": 0.877749800682, "mean": 2.68331551552}}, "metadata": {"audio_properties": {"equal_loudness": 0, "codec": "mp3", "downmix": "mix", "sample_rate": 44100, "analysis_sample_rate": 44100, "bit_rate": 320060, "md5_encoded": "fa1ed0e67762878a9878660b5cfa1849", "length": 139.546127319, "replay_gain": -15.4791736603, "lossless": false}, "version": {"essentia_build_sha": "70f2e5ece6736b2c40cc944ad0e695b16b925413", "essentia": "2.1-beta2", "extractor": "music 1.0", "essentia_git_sha": "v2.1_beta2"}, "tags": {"title": ["Park St"], "tracknumber": ["4"], "albumartist": ["Bane"], "artist": ["Bane"], "genre": ["null"], "album": ["Don't Wait Up"], "label": ["\u7f51\u6613\u4e91\u97f3\u4e50"], "musicbrainz_recordingid": ["1e82a4ff-4dec-4b18-b0ae-adf3348d17a7"], "file_name": "2073840.mp3"}}, "rhythm": {"bpm_histogram_first_peak_bpm": {"dmean2": 0, "median": 161, "min": 161, "dvar2": 0, "dvar": 0, "dmean": 0, "max": 161, "var": 0, "mean": 161}, "bpm": 162.04888916, "bpm_histogram_second_peak_spread": {"dmean2": 0, "median": 0.309859156609, "min": 0.309859156609, "dvar2": 0, "dvar": 0, "dmean": 0, "max": 0.309859156609, "var": 0, "mean": 0.309859156609}, "bpm_histogram_first_peak_weight": {"dmean2": 0, "median": 0.534883737564, "min": 0.534883737564, "dvar2": 0, "dvar": 0, "dmean": 0, "max": 0.534883737564, "var": 0, "mean": 0.534883737564}, "onset_rate": 3.61842370033, "beats_position": [0.383129239082, 0.766258478165, 1.14938771725, 1.53251695633, 1.90403628349, 2.27555561066, 2.65868473053, 3.01859402657, 3.39011335373, 3.76163268089, 4.13315200806, 4.5046710968, 4.87619018555, 5.24770975113, 5.61922883987, 5.99074840546, 6.3622674942, 6.73378658295, 7.10530614853, 7.47682523727, 7.84834432602, 8.20825386047, 8.56816291809, 8.93968200684, 9.31120204926, 9.682721138, 10.0542402267, 10.4257593155, 10.7972784042, 11.1687984467, 11.5403175354, 11.9118366241, 12.2833557129, 12.6548748016, 13.0263938904, 13.3979139328, 13.7694330215, 14.1409521103, 14.5008611679, 14.8607711792, 15.2322902679, 15.6038093567, 15.9753284454, 16.3468475342, 16.7183666229, 17.0898857117, 17.4614048004, 17.8329238892, 18.2044448853, 18.575963974, 18.9474830627, 19.3190021515, 19.6905212402, 20.062040329, 20.4335594177, 20.8050785065, 21.1765975952, 21.548116684, 21.9080276489, 22.2679367065, 22.6394557953, 23.010974884, 23.3824939728, 23.7540130615, 24.1255321503, 24.497051239, 24.8685703278, 25.2400894165, 25.6116104126, 25.9831295013, 26.3546485901, 26.7261676788, 27.0976867676, 27.4692058563, 27.8407249451, 28.2122440338, 28.5837631226, 28.9552822113, 29.3268013, 29.6983222961, 30.0698413849, 30.4413604736, 30.7896595001, 31.1611785889, 31.5326976776, 31.9042167664, 32.2757377625, 32.6472549438, 33.0187759399, 33.3902931213, 33.7618141174, 34.1333312988, 34.5048522949, 34.8763694763, 35.2478904724, 35.6194114685, 35.9909286499, 36.362449646, 36.7339668274, 37.1054878235, 37.4770050049, 37.8369140625, 38.1968231201, 38.5683441162, 38.9398651123, 39.3113822937, 39.6829032898, 40.0544204712, 40.4259414673, 40.7974586487, 41.1689796448, 41.5404968262, 41.9120178223, 42.2835350037, 42.6550559998, 43.0265769958, 43.3980941772, 43.7696151733, 44.1411323547, 44.5126533508, 44.8841705322, 45.2556915283, 45.6156005859, 45.9755096436, 46.347026825, 46.718547821, 47.0900688171, 47.4615859985, 47.8331069946, 48.204624176, 48.5761451721, 48.9476623535, 49.3191833496, 49.690700531, 50.0622215271, 50.4337387085, 50.8052597046, 51.1767807007, 51.5482978821, 51.9198188782, 52.2797279358, 52.6396369934, 53.0111541748, 53.3826751709, 53.7541923523, 54.1257133484, 54.4972343445, 54.8687515259, 55.240272522, 55.6117897034, 55.9833106995, 56.3548278809, 56.726348877, 57.0978660583, 57.4693870544, 57.8409042358, 58.2124252319, 58.583946228, 58.9438552856, 59.3269844055, 59.6985015869, 60.070022583, 60.4299316406, 60.7898406982, 61.1613578796, 61.5328788757, 61.9043960571, 62.2759170532, 62.6474380493, 63.0189552307, 63.3904762268, 63.7503852844, 64.1219024658, 64.5050354004, 64.8765487671, 65.2480697632, 65.6195907593, 65.9911117554, 66.3626327515, 66.7341461182, 67.0940551758, 67.4539642334, 67.8254852295, 68.1970062256, 68.5685272217, 68.9400405884, 69.3115615845, 69.6830825806, 70.1823120117, 70.6815414429, 71.3316955566, 71.9818572998, 72.6436233521, 73.3053970337, 73.9787750244, 74.6289291382, 75.2907028198, 75.9524688721, 76.6026306152, 77.2643966675, 77.9261627197, 78.5879364014, 79.2497024536, 79.8998641968, 80.5500183105, 81.2117919922, 81.8735580444, 82.5353240967, 83.1970977783, 83.8588638306, 84.5206298828, 85.170791626, 85.8325576782, 86.4943313599, 87.1560974121, 87.8178634644, 88.4680252075, 89.1297912598, 89.7915649414, 90.4533309937, 91.1150970459, 91.7768707275, 92.4502487183, 93.123626709, 93.8086166382, 94.4819946289, 95.1553726196, 95.8403625488, 96.5137405396, 97.1871185303, 97.8488845825, 98.4177780151, 98.9982757568, 99.590385437, 100.170883179, 100.75138092, 101.331878662, 101.912376404, 102.492874146, 103.061767578, 103.630653381, 104.211151123, 104.791656494, 105.372154236, 105.952651978, 106.533149719, 107.113647461, 107.694145203, 108.263038635, 108.831924438, 109.41242218, 109.992919922, 110.561813354, 111.130699158, 111.711196899, 112.280090332, 112.848976135, 113.429473877, 114.009971619, 114.59047699, 115.170974731, 115.751472473, 116.331970215, 116.912467957, 117.492965698, 118.07346344, 118.642356873, 119.211242676, 119.791740417, 120.372245789, 120.95274353, 121.521629333, 122.090522766, 122.671020508, 123.25151825, 123.832015991, 124.412513733, 124.993011475, 125.573509216, 126.154014587, 126.722900391, 127.291786194, 127.872291565, 128.452789307, 129.033279419, 129.602172852, 130.171066284, 130.751556396, 131.332061768, 131.912567139, 132.493057251, 133.061950684, 133.642440796, 134.211334229, 134.7918396, 135.372329712, 135.952835083, 136.521713257, 137.090606689, 137.671112061, 138.251602173, 138.832107544], "beats_loudness": {"dmean2": 0.0290871076286, "median": 0.0425913855433, "min": 2.24259529205e-05, "dvar2": 0.000635102100205, "dvar": 0.00023485593556, "dmean": 0.0166959501803, "max": 0.10181068629, "var": 0.000359832192771, "mean": 0.0446155406535}, "danceability": 1.17333257198, "bpm_histogram_second_peak_weight": {"dmean2": 0, "median": 0.162790700793, "min": 0.162790700793, "dvar2": 0, "dvar": 0, "dmean": 0, "max": 0.162790700793, "var": 0, "mean": 0.162790700793}, "beats_count": 302, "bpm_histogram_second_peak_bpm": {"dmean2": 0, "median": 103, "min": 103, "dvar2": 0, "dvar": 0, "dmean": 0, "max": 103, "var": 0, "mean": 103}, "bpm_histogram_first_peak_spread": {"dmean2": 0, "median": 0.0359281897545, "min": 0.0359281897545, "dvar2": 0, "dvar": 0, "dmean": 0, "max": 0.0359281897545, "var": 0, "mean": 0.0359281897545}, "beats_loudness_band_ratio": {"dmean2": [0.318889290094, 0.223370715976, 0.130159303546, 0.162864014506, 0.100493773818, 0.0597561895847], "median": [0.567683398724, 0.118803933263, 0.0573903806508, 0.0486211292446, 0.0818312391639, 0.0582955740392], "min": [4.95446765854e-05, 0.00014579683193, 0.00329768611118, 0.00330930110067, 0.0100330384448, 0.00913877878338], "dvar2": [0.0622920617461, 0.0346286334097, 0.0240212846547, 0.0338483341038, 0.0129398405552, 0.00332707678899], "dvar": [0.0233055315912, 0.0111141614616, 0.00818821135908, 0.0123369852081, 0.00478785438463, 0.00124110735487], "dmean": [0.172944545746, 0.121587708592, 0.0693634077907, 0.0921503156424, 0.0592784769833, 0.0344713516533], "max": [0.964759707451, 0.656226754189, 0.695989668369, 0.763110697269, 0.498761504889, 0.35680782795], "var": [0.0486611388624, 0.0128428665921, 0.00785808358341, 0.0169209931046, 0.00703427800909, 0.0016482922947], "mean": [0.585198283195, 0.142073333263, 0.0808323994279, 0.110530525446, 0.102183736861, 0.0649205446243]}}, "lowlevel": {"barkbands_spread": {"dmean2": 12.9440460205, "median": 31.5243282318, "min": 2.19586133957, "dvar2": 174.775131226, "dvar": 66.0843505859, "dmean": 7.96937608719, "max": 80.7187805176, "var": 151.034973145, "mean": 31.3558368683}, "melbands_spread": {"dmean2": 17.2620201111, "median": 29.0742263794, "min": 1.27083384991, "dvar2": 335.164703369, "dvar": 132.627868652, "dmean": 10.6913518906, "max": 163.662719727, "var": 274.970092773, "mean": 30.12342453}, "hfc": {"dmean2": 14.1398830414, "median": 25.4011764526, "min": 2.67952882105e-10, "dvar2": 438.677612305, "dvar": 161.379165649, "dmean": 8.47118854523, "max": 134.718811035, "var": 266.909057617, "mean": 28.6600589752}, "barkbands_kurtosis": {"dmean2": 4.09785461426, "median": 0.211115121841, "min": -1.75401508808, "dvar2": 47.100353241, "dvar": 18.4963474274, "dmean": 2.52316021919, "max": 71.713142395, "var": 32.6111412048, "mean": 2.21005344391}, "gfcc": {"mean": [33.3542556763, 76.6212081909, -131.538757324, 59.9517440796, -52.9583053589, 16.9854049683, -35.9980735779, 7.65847396851, -24.1987247467, 0.0661751702428, -22.5989437103, -5.16015720367, -8.48192596436], "icov": [[0.00052865134785, -0.000503356801346, -0.000253001868259, -0.000625092361588, 0.00127190188505, -0.000927508343011, -0.00012903487368, -0.000154815861606, 0.000670778914355, -0.00158767250832, 0.00173736037686, -0.000810538360383, -5.27893243998e-05], [-0.000503356801346, 0.00510483933613, -0.000325983710354, -0.000971426547039, -0.00236593349837, 0.00233683921397, -0.00395411765203, 0.00304695195518, -0.00151116109919, 0.00275572459213, -0.00204114592634, 0.00208361120895, -0.00352115579881], [-0.000253001868259, -0.000325983710354, 0.00407849531621, -0.00242691300809, -0.00175878463779, 0.000278029940091, 0.00263566151261, -0.00344635453075, 0.00158551358618, 0.000168668455444, 0.000930303242058, -0.00208532740362, 0.00249791890383], [-0.000625092361588, -0.000971426547039, -0.00242691300809, 0.00673076463863, -0.00278766290285, 0.000272877630778, 0.00182460807264, 0.00039588144864, -0.0049300333485, 0.00687738601118, -0.00559694785625, 0.00437579536811, 0.000407842366258], [0.00127190188505, -0.00236593349837, -0.00175878463779, -0.00278766290285, 0.0124349156395, -0.00238136621192, -0.00589705584571, 0.00131240172777, 0.00455442117527, -0.00925272610039, 0.00548750348389, -9.82402343652e-05, -0.00150095380377], [-0.000927508343011, 0.00233683921397, 0.000278029940091, 0.000272877630778, -0.00238136621192, 0.00935373641551, -0.00350161222741, -0.00417080894113, 0.00194812368136, 0.00470881816, -0.0035729277879, 0.000679107441101, -0.00164555106312], [-0.00012903487368, -0.00395411765203, 0.00263566151261, 0.00182460807264, -0.00589705584571, -0.00350161222741, 0.0194234792143, -0.00628807675093, -0.00345290033147, 0.00706138275564, -0.00362624111585, -0.00242512207478, 0.000412314839195], [-0.000154815861606, 0.00304695195518, -0.00344635453075, 0.00039588144864, 0.00131240172777, -0.00417080894113, -0.00628807675093, 0.0212456528097, -0.00652005150914, -0.00713130272925, 0.00439460622147, -0.00119080685545, -0.0022795535624], [0.000670778914355, -0.00151116109919, 0.00158551358618, -0.0049300333485, 0.00455442117527, 0.00194812368136, -0.00345290033147, -0.00652005150914, 0.0229342970997, -0.0118678295985, -0.00144997006282, 0.00679026218131, -0.00244531594217], [-0.00158767250832, 0.00275572459213, 0.000168668455444, 0.00687738601118, -0.00925272610039, 0.00470881816, 0.00706138275564, -0.00713130272925, -0.0118678295985, 0.0305962190032, -0.0126665309072, -0.00144924165215, 0.00110397860408], [0.00173736037686, -0.00204114592634, 0.000930303242058, -0.00559694785625, 0.00548750348389, -0.0035729277879, -0.00362624111585, 0.00439460622147, -0.00144997006282, -0.0126665309072, 0.0314395874739, -0.0152775030583, 0.00264441152103], [-0.000810538360383, 0.00208361120895, -0.00208532740362, 0.00437579536811, -9.82402343652e-05, 0.000679107441101, -0.00242512207478, -0.00119080685545, 0.00679026218131, -0.00144924165215, -0.0152775030583, 0.0368725582957, -0.0133510753512], [-5.27893243998e-05, -0.00352115579881, 0.00249791890383, 0.000407842366258, -0.00150095380377, -0.00164555106312, 0.000412314839195, -0.0022795535624, -0.00244531594217, 0.00110397860408, 0.00264441152103, -0.0133510753512, 0.0271955393255]], "cov": [[4526.73632812, 177.758666992, 768.063476562, 500.597076416, -70.8771209717, 419.794952393, 19.1987457275, 236.510040283, -33.0251998901, 1.62226319313, -128.597793579, 35.1132774353, 21.477930069], [177.758666992, 809.459960938, 188.626647949, 494.758361816, 238.571258545, -33.3811912537, 185.8359375, -90.8019256592, 55.592502594, -135.199691772, 26.6018924713, -62.7982749939, 58.1945457458], [768.063476562, 188.626647949, 721.450195312, 466.109436035, 130.902572632, 56.6909255981, -16.5664520264, 73.4555206299, 11.2737493515, -41.9749259949, -28.9776802063, -39.395778656, -44.0840988159], [500.597076416, 494.758361816, 466.109436035, 751.098937988, 184.973602295, 10.3274936676, 70.8582000732, -23.6814002991, 74.7402114868, -127.571960449, 11.7203788757, -95.804901123, -17.5449943542], [-70.8771209717, 238.571258545, 130.902572632, 184.973602295, 224.716781616, 33.2378501892, 96.2339401245, 1.6034860611, 13.0396738052, -19.9843196869, 7.15234136581, -15.1545314789, 22.8915081024], [419.794952393, -33.3811912537, 56.6909255981, 10.3274936676, 33.2378501892, 232.742172241, 65.7892608643, 73.8983154297, -22.700510025, -10.395652771, -1.09833943844, 27.7452144623, 24.3534584045], [19.1987457275, 185.8359375, -16.5664520264, 70.8582000732, 96.2339401245, 65.7892608643, 149.125640869, 17.2022361755, 18.9792461395, -28.8123626709, 18.9915084839, 6.75841808319, 37.3778839111], [236.510040283, -90.8019256592, 73.4555206299, -23.6814002991, 1.6034860611, 73.8983154297, 17.2022361755, 120.931922913, 27.5857658386, 49.1432189941, -2.22871947289, 19.4335899353, 6.98915719986], [-33.0251998901, 55.592502594, 11.2737493515, 74.7402114868, 13.0396738052, -22.700510025, 18.9792461395, 27.5857658386, 95.9172744751, 30.720954895, 20.5601997375, -16.0524845123, 3.84561061859], [1.62226319313, -135.199691772, -41.9749259949, -127.571960449, -19.9843196869, -10.395652771, -28.8123626709, 49.1432189941, 30.720954895, 109.264060974, 20.6648693085, 27.8644790649, 1.08766007423], [-128.597793579, 26.6018924713, -28.9776802063, 11.7203788757, 7.15234136581, -1.09833943844, 18.9915084839, -2.22871947289, 20.5601997375, 20.6648693085, 63.2781257629, 20.9698257446, 10.6855964661], [35.1132774353, -62.7982749939, -39.395778656, -95.804901123, -15.1545314789, 27.7452144623, 6.75841808319, 19.4335899353, -16.0524845123, 27.8644790649, 20.9698257446, 63.1703529358, 25.7600765228], [21.477930069, 58.1945457458, -44.0840988159, -17.5449943542, 22.8915081024, 24.3534584045, 37.3778839111, 6.98915719986, 3.84561061859, 1.08766007423, 10.6855964661, 25.7600765228, 63.324546814]]}, "spectral_energyband_middle_low": {"dmean2": 0.0100922994316, "median": 0.0078072110191, "min": 1.43430555942e-15, "dvar2": 0.000228816323215, "dvar": 8.76624544617e-05, "dmean": 0.00604499923065, "max": 0.0859060063958, "var": 9.43345294218e-05, "mean": 0.0107152443379}, "melbands_crest": {"dmean2": 5.79347658157, "median": 14.4156322479, "min": 3.0199508667, "dvar2": 22.229019165, "dvar": 8.81393146515, "dmean": 3.55822205544, "max": 32.1563339233, "var": 22.936920166, "mean": 14.8052072525}, "spectral_kurtosis": {"dmean2": 1.5377715826, "median": 2.44211339951, "min": -0.714271306992, "dvar2": 2.62244486809, "dvar": 0.880876600742, "dmean": 0.883001804352, "max": 21.8923072815, "var": 2.17164468765, "mean": 2.67619347572}, "spectral_rms": {"dmean2": 0.00159458571579, "median": 0.0053983964026, "min": 5.1177875271e-09, "dvar2": 2.79120649793e-06, "dvar": 1.1980769159e-06, "dmean": 0.00104064436164, "max": 0.0117884473875, "var": 3.02387275042e-06, "mean": 0.0055737933144}, "zerocrossingrate": {"dmean2": 0.0140918176621, "median": 0.06982421875, "min": 0.0087890625, "dvar2": 0.000199304733542, "dvar": 0.000131513457745, "dmean": 0.0111290756613, "max": 0.52197265625, "var": 0.000610521296039, "mean": 0.0705170407891}, "silence_rate_60dB": {"dmean2": 0.0133133633062, "median": 0, "min": 0, "dvar2": 0.0147996786982, "dvar": 0.00661170994863, "dmean": 0.00665557384491, "max": 1, "var": 0.0254367813468, "mean": 0.0261187814176}, "erbbands_kurtosis": {"dmean2": 1.16752040386, "median": -0.111691474915, "min": -1.76808989048, "dvar2": 1.66003453732, "dvar": 0.637090027332, "dmean": 0.720060586929, "max": 15.2363166809, "var": 1.53293049335, "mean": 0.0582959577441}, "erbbands": {"dmean2": [0.23006002605, 3.17066812515, 7.45201539993, 10.9173669815, 20.4008522034, 12.6518411636, 9.96216869354, 10.6252832413, 18.8059997559, 30.3386917114, 9.99750423431, 9.52090740204, 19.4488525391, 58.3474006653, 22.3180027008, 10.6924781799, 24.8891010284, 27.7705802917, 27.8505516052, 25.5955028534, 47.6699638367, 33.2882232666, 19.1067295074, 23.439748764, 28.4708538055, 22.2223911285, 20.2863368988, 17.1227836609, 15.4592456818, 9.34509658813, 6.20800685883, 3.35432171822, 1.90611231327, 1.1846820116, 0.53891903162, 0.144819751382, 0.0299263093621, 0.00468365801498, 0.000460820418084, 4.18299023295e-05], "median": [0.0504955239594, 0.80716329813, 3.51577472687, 7.3010263443, 9.6778421402, 5.9178981781, 4.03185415268, 3.93248128891, 4.71938180923, 8.44742393494, 5.29478502274, 6.44185829163, 9.06109142303, 9.78362751007, 8.24555778503, 7.43999910355, 11.0011510849, 18.3134269714, 19.1464557648, 22.976524353, 51.1866378784, 37.9059448242, 20.9373474121, 26.02110672, 28.2971954346, 22.8838233948, 21.223903656, 17.0244560242, 10.5460672379, 5.53616857529, 3.59956479073, 2.2080347538, 1.20729291439, 0.661728262901, 0.233834922314, 0.067509740591, 0.0127460546792, 0.00115020130761, 6.62912352709e-05, 4.25029102189e-05], "min": [1.41601733458e-14, 4.25732447342e-14, 6.52597144076e-14, 1.16101667668e-13, 2.18761179961e-13, 3.18683312161e-13, 4.31285297189e-13, 8.70291631729e-13, 2.64900926715e-12, 7.16073467882e-12, 1.0877405747e-11, 8.46160988499e-12, 7.11049708696e-12, 6.76152927051e-12, 5.65556238993e-12, 2.84414809412e-12, 6.02648660142e-12, 7.25552083691e-12, 3.48351967931e-12, 1.74628055072e-11, 2.28840973948e-11, 4.43977805908e-11, 1.28832959925e-11, 1.64437942429e-11, 5.30004720667e-11, 9.55553275395e-11, 6.20770934656e-11, 4.69714926676e-11, 3.02237262995e-11, 4.87594686849e-11, 4.89969766149e-11, 4.71462729967e-11, 3.79103415327e-11, 3.22475240955e-11, 2.71437664012e-11, 1.09960209341e-11, 7.21147403945e-12, 3.42481663688e-12, 5.41550474169e-13, 8.37275737566e-14], "dvar2": [0.171802863479, 33.8505554199, 129.941757202, 223.282516479, 1272.10925293, 660.84197998, 395.602722168, 669.962524414, 1780.32055664, 4565.77197266, 344.303344727, 344.616912842, 3787.35986328, 16695.0351562, 2439.93457031, 620.739074707, 2916.35058594, 2974.86938477, 2411.00219727, 1702.17504883, 3167.80395508, 1698.53869629, 529.268737793, 805.229431152, 1292.60546875, 925.650939941, 693.004272461, 599.125915527, 612.835876465, 224.090423584, 104.521591187, 32.3508224487, 12.7109518051, 8.03773784637, 2.48989844322, 0.170266956091, 0.00704734679312, 0.000248159631155, 1.69543966422e-06, 7.93785215336e-09], "dvar": [0.0756127983332, 12.9958295822, 47.1775856018, 79.5989303589, 474.685180664, 235.137771606, 134.252166748, 273.076568604, 716.90423584, 1731.41491699, 142.621200562, 164.305892944, 1890.33361816, 7495.04833984, 1084.03796387, 270.954589844, 1317.40710449, 1353.42163086, 1068.43322754, 801.871154785, 1229.9979248, 668.229919434, 198.76399231, 297.220153809, 468.373382568, 340.882476807, 249.775085449, 208.497833252, 211.711425781, 77.7805709839, 36.8680152893, 11.7892837524, 4.70556211472, 3.08232116699, 0.954887986183, 0.0680715292692, 0.00357690290548, 0.000121646982734, 6.28343400422e-07, 2.84804202444e-09], "dmean": [0.155735358596, 1.89339399338, 4.42515802383, 6.34985876083, 12.0026912689, 7.21325778961, 5.48418998718, 6.19963979721, 11.3941364288, 17.7170295715, 5.89636611938, 5.86385202408, 12.6694755554, 39.6852684021, 14.8042039871, 6.67023515701, 15.8968515396, 17.5391044617, 17.4908161163, 16.3384647369, 28.7491416931, 20.1610355377, 11.370256424, 13.8256282806, 16.6217880249, 13.0931158066, 11.7385883331, 9.70593357086, 8.52827548981, 5.10040903091, 3.38099455833, 1.89306557178, 1.08096909523, 0.685119271278, 0.315260082483, 0.0867885053158, 0.0183414630592, 0.00279616727494, 0.000260899949353, 2.54425849562e-05], "max": [2.03590011597, 25.0415306091, 94.8167114258, 125.982803345, 193.344223022, 159.972198486, 106.549377441, 414.250976562, 361.886810303, 581.622375488, 428.020233154, 452.076629639, 1320.00598145, 1340.67224121, 659.813720703, 553.381469727, 640.670043945, 963.455688477, 660.991271973, 781.583557129, 621.494812012, 520.44128418, 298.183105469, 175.942687988, 253.124404907, 263.221343994, 168.126647949, 140.792022705, 154.765426636, 93.7511901855, 69.4579696655, 56.2946586609, 47.0924682617, 52.3813591003, 23.7315502167, 7.35621023178, 3.49366354942, 0.652504861355, 0.017007034272, 0.000869071751367], "var": [0.105859309435, 11.5780754089, 57.3216972351, 112.017288208, 430.606842041, 175.722640991, 93.46068573, 283.836334229, 768.32421875, 1493.42687988, 150.93421936, 281.227050781, 3858.17407227, 30443.3203125, 4070.81225586, 447.582733154, 2764.20800781, 2875.41064453, 2561.84033203, 2534.27783203, 2342.86132812, 1308.01464844, 294.918701172, 380.256896973, 561.68572998, 416.971954346, 294.150024414, 226.931900024, 187.214508057, 68.3733901978, 31.2169876099, 12.1834602356, 4.83291292191, 3.1239027977, 0.917538404465, 0.0799007937312, 0.00610044365749, 0.000166210360476, 5.03135311192e-07, 2.26129381886e-09], "mean": [0.199022114277, 2.01926541328, 6.00058031082, 10.3424625397, 15.8956756592, 9.4579410553, 6.58769226074, 7.6997833252, 12.992732048, 19.8183841705, 8.31389045715, 9.71033191681, 21.4953041077, 88.2328567505, 33.5457077026, 12.4341087341, 29.9839859009, 34.601852417, 36.1134757996, 37.3372497559, 61.4028244019, 45.9125595093, 24.4219970703, 29.2449150085, 33.1229553223, 26.9500350952, 24.4827270508, 20.1294002533, 14.1072330475, 7.87878036499, 4.91881656647, 3.07962799072, 1.72261142731, 1.04455173016, 0.424571424723, 0.123659625649, 0.0259574204683, 0.00327550503425, 0.000246487121331, 5.31162331754e-05]}, "spectral_strongpeak": {"dmean2": 0.933135509491, "median": 0.416888296604, "min": 0, "dvar2": 2.17466783524, "dvar": 0.881411194801, "dmean": 0.545223355293, "max": 8.50110816956, "var": 1.51118814945, "mean": 0.883035957813}, "spectral_energy": {"dmean2": 0.0212857089937, "median": 0.0298712532967, "min": 2.68465415507e-14, "dvar2": 0.000642831146251, "dvar": 0.000263638969045, "dmean": 0.0134857948869, "max": 0.142441675067, "var": 0.000429783540312, "mean": 0.0349432863295}, "average_loudness": 0.937983930111, "spectral_rolloff": {"dmean2": 1263.49853516, "median": 2002.58789062, "min": 86.1328125, "dvar2": 2124159, "dvar": 899686.625, "dmean": 749.450561523, "max": 18044.8242188, "var": 1503785, "mean": 1874.45422363}, "spectral_centroid": {"dmean2": 527.86541748, "median": 1928.73242188, "min": 327.939361572, "dvar2": 261785.671875, "dvar": 97884.8515625, "dmean": 329.652587891, "max": 4098.33154297, "var": 241802.40625, "mean": 1909.70043945}, "pitch_salience": {"dmean2": 0.14338748157, "median": 0.581845641136, "min": 0.126125752926, "dvar2": 0.0171818714589, "dvar": 0.00656571798027, "dmean": 0.0893286168575, "max": 0.880984187126, "var": 0.013254346326, "mean": 0.571031868458}, "spectral_energyband_middle_high": {"dmean2": 0.00354534317739, "median": 0.00529330316931, "min": 3.36644986315e-15, "dvar2": 1.87539972103e-05, "dvar": 8.58840849105e-06, "dmean": 0.00233027664945, "max": 0.0482745394111, "var": 5.1925493608e-05, "mean": 0.00846285838634}, "spectral_contrast_coeffs": {"dmean2": [0.0951944664121, 0.0788204148412, 0.059231530875, 0.0464033670723, 0.0309878028929, 0.0291859209538], "median": [-0.632722973824, -0.785122513771, -0.801540374756, -0.799021244049, -0.805733084679, -0.708347797394], "min": [-0.958555459976, -0.963660120964, -0.96534049511, -0.939392268658, -0.942738175392, -0.927507698536], "dvar2": [0.00593172991648, 0.00417274003848, 0.00214769900776, 0.00129492487758, 0.000572563440073, 0.000663545739371], "dvar": [0.00232679164037, 0.00159121258184, 0.000844238209538, 0.000475540524349, 0.000207142642466, 0.000279669155134], "dmean": [0.0583481304348, 0.0474844872952, 0.0361001007259, 0.0278892908245, 0.0183220710605, 0.0178887844086], "max": [-0.339896857738, -0.41857868433, -0.500988721848, -0.559232115746, -0.64990568161, -0.537739038467], "var": [0.00559518253431, 0.00470847962424, 0.00452408147976, 0.0015845245216, 0.000508634140715, 0.00136890553404], "mean": [-0.63193911314, -0.774459958076, -0.784853041172, -0.794390797615, -0.804329752922, -0.70786678791]}, "melbands_skewness": {"dmean2": 1.52696847916, "median": 2.75688886642, "min": -0.602157056332, "dvar2": 2.56660866737, "dvar": 1.06829965115, "dmean": 0.978537321091, "max": 12.8149833679, "var": 4.05622959137, "mean": 3.10107731819}, "spectral_spread": {"dmean2": 597337.0625, "median": 4281782, "min": 1609128.75, "dvar2": 446734139392, "dvar": 201410199552, "dmean": 381534.4375, "max": 10621957, "var": 640840368128, "mean": 4321185.5}, "dissonance": {"dmean2": 0.0154891982675, "median": 0.489038258791, "min": 0.330505996943, "dvar2": 0.000309830356855, "dvar": 0.00011013126641, "dmean": 0.00904466304928, "max": 0.500000119209, "var": 0.000153796587256, "mean": 0.485765308142}, "spectral_skewness": {"dmean2": 0.234563842416, "median": 1.02751207352, "min": -0.159359589219, "dvar2": 0.0448714755476, "dvar": 0.0170590933412, "dmean": 0.139510825276, "max": 2.9723906517, "var": 0.0884015783668, "mean": 1.0461473465}, "spectral_flux": {"dmean2": 0.0486796237528, "median": 0.092055849731, "min": 5.06734704686e-06, "dvar2": 0.0022310463246, "dvar": 0.00117404130287, "dmean": 0.0325715057552, "max": 0.288931965828, "var": 0.00269539351575, "mean": 0.105101175606}, "spectral_contrast_valleys": {"dmean2": [0.640488862991, 0.605618238449, 0.474152773619, 0.383366197348, 0.341597497463, 0.472885191441], "median": [-6.70832681656, -6.60121250153, -7.01727771759, -6.96822834015, -6.45129013062, -9.4988527298], "min": [-20.8045139313, -20.0246810913, -20.4847221375, -21.0471134186, -19.9146575928, -21.4379291534], "dvar2": [0.27093026042, 0.277519196272, 0.156082436442, 0.107468567789, 0.110263772309, 0.320313960314], "dvar": [0.118660308421, 0.118602022529, 0.074451379478, 0.0586702115834, 0.0571254901588, 0.135264724493], "dmean": [0.395112842321, 0.366564244032, 0.295345753431, 0.243730440736, 0.216498792171, 0.287640124559], "max": [-5.38590764999, -4.72897148132, -5.45589637756, -5.8200211525, -5.54146194458, -7.76178026199], "var": [1.59404146671, 0.532989025116, 0.459767043591, 0.325387150049, 0.398539245129, 0.780092835426], "mean": [-6.98348426819, -6.68379211426, -7.09336185455, -7.03122854233, -6.5797829628, -9.631067276]}, "erbbands_flatness_db": {"dmean2": 0.0198755301535, "median": 0.132881492376, "min": 0.0590713582933, "dvar2": 0.000405227678129, "dvar": 0.000180315750185, "dmean": 0.0129761770368, "max": 0.342490524054, "var": 0.00164195161778, "mean": 0.142889976501}, "spectral_energyband_high": {"dmean2": 0.0013542677043, "median": 0.00134589208756, "min": 1.96882508669e-14, "dvar2": 4.40458234152e-06, "dvar": 1.56092085035e-06, "dmean": 0.000761793460697, "max": 0.0111361462623, "var": 1.58702948738e-06, "mean": 0.00162163039204}, "spectral_entropy": {"dmean2": 0.164370313287, "median": 7.9526720047, "min": 6.65090417862, "dvar2": 0.0295128487051, "dvar": 0.011497891508, "dmean": 0.1007829234, "max": 8.77946567535, "var": 0.0371081642807, "mean": 7.92207860947}, "silence_rate_20dB": {"dmean2": 0, "median": 1, "min": 1, "dvar2": 0, "dvar": 0, "dmean": 0, "max": 1, "var": 0, "mean": 1}, "melbands_flatness_db": {"dmean2": 0.0511579588056, "median": 0.15680077672, "min": 0.0167419593781, "dvar2": 0.00255486671813, "dvar": 0.00102483283263, "dmean": 0.0322605296969, "max": 0.402451902628, "var": 0.00291644455865, "mean": 0.167160779238}, "barkbands": {"dmean2": [0.00018691906007, 0.0120483106002, 0.0071005448699, 0.00423469860107, 0.00497088348493, 0.00126121332869, 0.00185699132271, 0.000633321818896, 0.000474722008221, 0.00108558521606, 0.00121043447871, 0.00026508216979, 0.000581157277338, 0.000561599270441, 0.000591696589254, 0.000770440557972, 0.000686173967551, 0.000341952400049, 0.000558564323001, 0.00047902559163, 0.000451604661066, 0.000399531447329, 0.000230118224863, 0.000130232656375, 8.77373822732e-05, 2.09013724088e-05, 2.71542603514e-06], "median": [1.4968776668e-05, 0.00321534601972, 0.00328587274998, 0.00229939864948, 0.00224173511378, 0.000485993252369, 0.000467512640171, 0.000239090411924, 0.000307464768412, 0.000238498410909, 0.000226601128816, 0.000146448728628, 0.000227212774917, 0.000392978894524, 0.000324252614519, 0.000786398653872, 0.000673213915434, 0.000315397395752, 0.000610456452705, 0.000473912979942, 0.000498907174915, 0.000275941158179, 0.000127480729134, 8.94586264621e-05, 4.54273940704e-05, 9.41337384575e-06, 2.06660416779e-07], "min": [3.78280334972e-16, 2.80287278593e-16, 5.34553427113e-17, 4.59691000873e-17, 9.12965727171e-17, 8.84220737663e-17, 2.67327489211e-16, 4.95144544262e-16, 3.76011424874e-16, 1.91387994405e-16, 1.6762145428e-16, 6.89078110901e-17, 1.18726080353e-16, 1.47365534849e-16, 8.76891917436e-17, 4.5322763656e-16, 7.88961744819e-16, 1.73912195925e-16, 7.24044292709e-16, 1.85676652412e-15, 1.37005916916e-15, 1.04505866241e-15, 1.65129136595e-15, 2.38348168039e-15, 3.61756463882e-15, 3.63424525865e-15, 4.91070654599e-15], "dvar2": [8.80010944115e-08, 0.000491130515002, 0.000115277674922, 3.0912731745e-05, 9.60569741437e-05, 7.79750280344e-06, 1.56647565746e-05, 1.66362917753e-06, 1.24447353755e-06, 6.40485404801e-06, 7.17352349966e-06, 4.52610152024e-07, 1.56276951202e-06, 9.64249579738e-07, 1.09087955025e-06, 9.13663711799e-07, 7.82806296229e-07, 1.87164332033e-07, 4.53028604852e-07, 4.05116651336e-07, 3.63141793969e-07, 4.19985951794e-07, 1.37894062391e-07, 5.29420169926e-08, 5.25328829326e-08, 3.59210328149e-09, 6.15671749693e-11], "dvar": [6.94771173926e-08, 0.000190669146832, 4.07794614148e-05, 1.103397517e-05, 3.5656736145e-05, 3.00531723951e-06, 6.17049272478e-06, 6.22904394731e-07, 5.80412859108e-07, 3.04066998069e-06, 3.27581551574e-06, 1.9188536271e-07, 7.18825617696e-07, 4.15603096826e-07, 5.1528121503e-07, 3.46188130607e-07, 3.12814904646e-07, 6.94989523709e-08, 1.65521029771e-07, 1.49469499888e-07, 1.28456179027e-07, 1.45403475926e-07, 4.82013859937e-08, 1.94607707726e-08, 2.02945429351e-08, 1.62097379963e-09, 2.2570906949e-11], "dmean": [0.000182691990631, 0.00745233939961, 0.00415319437161, 0.0024539467413, 0.00291489018127, 0.0007231371128, 0.00110981729813, 0.000365111947758, 0.000295595673379, 0.000713073415682, 0.000807372271083, 0.000160749259521, 0.000371668633306, 0.000345420412486, 0.00037778398837, 0.000461110030301, 0.000417303643189, 0.000200774447876, 0.000329541391693, 0.000281573389657, 0.000258174724877, 0.000220204106881, 0.000125451755594, 7.40030009183e-05, 5.11264006491e-05, 1.27167686514e-05, 1.52702034484e-06], "max": [0.0020919481758, 0.101688355207, 0.0810032263398, 0.0430421605706, 0.0495317541063, 0.0344457551837, 0.0309487767518, 0.0150357130915, 0.025718383491, 0.0362084768713, 0.0262863785028, 0.0124194389209, 0.0129988370463, 0.0175432208925, 0.0138598419726, 0.0105016343296, 0.0093433437869, 0.00590080348775, 0.00424438994378, 0.00522318063304, 0.0034671605099, 0.00359611026943, 0.00287656486034, 0.0028028190136, 0.00394141674042, 0.00188851892017, 8.55765683809e-05], "var": [2.03887523753e-07, 0.00018728566647, 5.01462855027e-05, 1.78996160685e-05, 2.94504825433e-05, 2.90202024189e-06, 6.12132362221e-06, 5.23494577465e-07, 8.35885884953e-07, 8.36173057905e-06, 1.47498712977e-05, 2.68903676215e-07, 1.58837508479e-06, 7.43105601941e-07, 1.57750366725e-06, 5.90701120018e-07, 5.82407210459e-07, 8.59763105154e-08, 2.1727440469e-07, 1.82711673347e-07, 1.50579964497e-07, 1.28362771079e-07, 4.0784552624e-08, 2.06204457953e-08, 2.04459436048e-08, 2.37616237797e-09, 1.73737135789e-11], "mean": [0.000265605427558, 0.00838783662766, 0.00561345694587, 0.00371836638078, 0.00373548571952, 0.000896035402548, 0.00125758768991, 0.000437654118286, 0.000467699079309, 0.00126270798501, 0.00179283122998, 0.000258828164078, 0.00068670779001, 0.000618871825282, 0.000774576328695, 0.000941165199038, 0.000858495943248, 0.000383636623155, 0.000692075875122, 0.000559459032957, 0.000567323411815, 0.000367236323655, 0.000180887058377, 0.000124092242913, 7.50273320591e-05, 1.82897274499e-05, 1.28981412217e-06]}, "erbbands_skewness": {"dmean2": 0.476791769266, "median": -0.475127577782, "min": -2.64593625069, "dvar2": 0.199377715588, "dvar": 0.0853928923607, "dmean": 0.30969658494, "max": 3.5347006321, "var": 0.399508118629, "mean": -0.345426738262}, "erbbands_spread": {"dmean2": 14.4030971527, "median": 44.6890907288, "min": 6.24370145798, "dvar2": 187.573410034, "dvar": 76.0561218262, "dmean": 9.21167182922, "max": 124.013778687, "var": 395.739471436, "mean": 46.332118988}, "melbands_kurtosis": {"dmean2": 15.2216806412, "median": 7.7075176239, "min": -1.57190239429, "dvar2": 580.811950684, "dvar": 234.140518188, "dmean": 9.50640773773, "max": 219.049713135, "var": 512.805053711, "mean": 15.4229030609}, "melbands": {"dmean2": [0.00280213775113, 0.00381125486456, 0.00205533043481, 0.00127014389727, 0.000352523114998, 0.000234842300415, 0.000316522462526, 0.000293622375466, 7.1939524787e-05, 6.53878014418e-05, 9.78806347121e-05, 0.000232077451074, 0.000111001245386, 3.24927896145e-05, 3.47462737409e-05, 6.52185044601e-05, 5.46446717635e-05, 4.66097226308e-05, 4.56903217128e-05, 3.79874763894e-05, 6.55591647956e-05, 3.91334506276e-05, 2.89717609121e-05, 1.3839246094e-05, 2.11220740312e-05, 2.23321585509e-05, 2.0053515982e-05, 