{"tonal": {"thpcp": [1, 0.500283241272, 0.211980223656, 0.146411433816, 0.125114545226, 0.138812482357, 0.171897023916, 0.180951416492, 0.193167597055, 0.203910678625, 0.175373420119, 0.213069230318, 0.276648968458, 0.224853396416, 0.201569274068, 0.210744872689, 0.14711214602, 0.132524311543, 0.151824340224, 0.138404220343, 0.239953249693, 0.33598664403, 0.246712073684, 0.160191565752, 0.126822888851, 0.0991769731045, 0.126728579402, 0.176413550973, 0.178646877408, 0.184290081263, 0.180346593261, 0.137942135334, 0.183136105537, 0.266870826483, 0.428187131882, 0.914381682873], "hpcp": {"dmean2": [0.165486887097, 0.17222084105, 0.177118390799, 0.181589245796, 0.183086439967, 0.20268958807, 0.243271708488, 0.191166371107, 0.165864467621, 0.170591384172, 0.128007128835, 0.124829940498, 0.147038802505, 0.138107582927, 0.189584851265, 0.24011489749, 0.206176877022, 0.163137152791, 0.132227927446, 0.118762061, 0.131850242615, 0.161741346121, 0.169136837125, 0.181721448898, 0.181987702847, 0.160936459899, 0.223096415401, 0.317970782518, 0.429320216179, 0.490725696087, 0.493804037571, 0.429548799992, 0.258859217167, 0.195310473442, 0.158508807421, 0.153328686953], "median": [0.0508377924562, 0.0463617220521, 0.03819610551, 0.0398840904236, 0.039739459753, 0.0682930201292, 0.0940285176039, 0.0768214762211, 0.0644371807575, 0.0589554235339, 0.0499863959849, 0.0433416962624, 0.0450699701905, 0.0437006279826, 0.0866008102894, 0.122861027718, 0.0910361558199, 0.0392263233662, 0.0245746150613, 0.0194909535348, 0.0278819128871, 0.0341912508011, 0.0395990982652, 0.0506632141769, 0.0435748137534, 0.0309946238995, 0.0446801632643, 0.0755894035101, 0.20097976923, 0.624730527401, 0.733354926109, 0.253994226456, 0.0485183894634, 0.0307298339903, 0.029009161517, 0.0400702431798], "min": [0, 0, 0, 0, 0, 0, 0, 0, 0, 0, 0, 0, 0, 0, 0, 0, 0, 0, 0, 0, 0, 0, 0, 0, 0, 0, 0, 0, 0, 0, 0, 0, 0, 0, 0, 0], "dvar2": [0.0581212863326, 0.0719394013286, 0.0819125473499, 0.0845786780119, 0.0807258784771, 0.0748354643583, 0.091162905097, 0.0651156902313, 0.0520598888397, 0.0614603236318, 0.0370916724205, 0.0334634631872, 0.0486409515142, 0.0431507378817, 0.0584264025092, 0.0776351690292, 0.0621166080236, 0.0560202039778, 0.046743709594, 0.0488701052964, 0.0483833402395, 0.0678798481822, 0.0669705718756, 0.0692034065723, 0.0762651562691, 0.0626302734017, 0.0996666252613, 0.14540193975, 0.152639865875, 0.14904384315, 0.16373872757, 0.145238474011, 0.128863990307, 0.108724735677, 0.0731934383512, 0.0614206828177], "dvar": [0.0229893438518, 0.0294337514788, 0.0338032841682, 0.0337776169181, 0.030930230394, 0.0285820867866, 0.036232046783, 0.0262554846704, 0.0209852587432, 0.0253396052867, 0.0138457026333, 0.0129809174687, 0.0190898478031, 0.0159416534007, 0.0233926810324, 0.0335725918412, 0.0238897372037, 0.0213713850826, 0.0174566041678, 0.0176094770432, 0.0186941381544, 0.0272346120328, 0.0280859544873, 0.0273040290922, 0.0296484883875, 0.0238561388105, 0.0379917137325, 0.0564597398043, 0.057355903089, 0.059113048017, 0.0666682422161, 0.0532378852367, 0.0473403297365, 0.0389536358416, 0.0268416851759, 0.0227056425065], "dmean": [0.0969003364444, 0.102026201785, 0.105135194957, 0.106691725552, 0.105629958212, 0.11871945858, 0.143300577998, 0.113717071712, 0.100119739771, 0.101493388414, 0.0752425342798, 0.074347063899, 0.088009878993, 0.0804067403078, 0.114377655089, 0.146199643612, 0.12276635319, 0.0945570096374, 0.0756238847971, 0.066897213459, 0.0766699463129, 0.0955800414085, 0.0989808216691, 0.10700019449, 0.106558337808, 0.0918460860848, 0.127693966031, 0.180961996317, 0.243920013309, 0.284497112036, 0.281205564737, 0.244883626699, 0.144978493452, 0.10909794271, 0.0888911634684, 0.0874342992902], "max": [1, 1, 1, 1, 1, 1, 1, 1, 1, 1, 1, 1, 1, 1, 1, 1, 1, 1, 1, 1, 1, 1, 1, 1, 1, 1, 1, 1, 1, 1, 1, 1, 1, 1, 1, 1], "var": [0.0267895758152, 0.0352332033217, 0.0454151965678, 0.0537261292338, 0.0358513258398, 0.0334076806903, 0.0508361421525, 0.0353715792298, 0.0316403657198, 0.0406493023038, 0.0164173059165, 0.0143905952573, 0.0214108359069, 0.0159411616623, 0.0341681838036, 0.0614944212139, 0.0345413126051, 0.0289758965373, 0.0262090098113, 0.0173825714737, 0.020867196843, 0.0393049865961, 0.0378853492439, 0.0322147607803, 0.0359317921102, 0.0236495062709, 0.0338729396462, 0.0552274696529, 0.0669625550508, 0.11139960587, 0.114869751036, 0.0713387653232, 0.0458947718143, 0.030959110707, 0.0220975056291, 0.0204810798168], "mean": [0.111670702696, 0.117552772164, 0.125488862395, 0.132467970252, 0.113929100335, 0.138417705894, 0.179721459746, 0.146073132753, 0.130946904421, 0.136907711625, 0.0955695286393, 0.0860927253962, 0.0986307412386, 0.0899125337601, 0.155882567167, 0.218269437551, 0.160273343325, 0.10406640172, 0.0823888704181, 0.0644290521741, 0.0823276042938, 0.11460480839, 0.11605565995, 0.119721695781, 0.117159858346, 0.0896123498678, 0.118972033262, 0.17336922884, 0.278166294098, 0.594016373158, 0.64963722229, 0.325002610683, 0.137710243464, 0.095114313066, 0.0812790617347, 0.0901777520776]}, "tuning_equal_tempered_deviation": 0.0629944354296, "chords_changes_rate": 0.0704113915563, "key_key": "B", "tuning_diatonic_strength": 0.601855635643, "key_scale": "minor", "chords_number_rate": 0.00263713090681, "tuning_frequency": 441.272583008, "tuning_nontempered_energy_ratio": 0.766870856285, "chords_histogram": [2.95358657837, 0.184599161148, 1.81962025166, 0, 0, 0, 0, 0.0791139230132, 0.158227846026, 2.58438825607, 0.448312222958, 0, 0.131856545806, 0, 3.29641342163, 2.66350221634, 5.51160335541, 1.10759496689, 0, 0, 0.184599161148, 12.8164558411, 12.8428268433, 53.217300415], "key_strength": 0.675451695919, "chords_key": "G", "chords_strength": {"dmean2": 0.00821314845234, "median": 0.549396038055, "min": 0.260465651751, "dvar2": 4.82144132548e-05, "dvar": 4.10922293668e-05, "dmean": 0.00791142880917, "max": 0.82614916563, "var": 0.00762910535559, "mean": 0.546400845051}, "chords_scale": "major", "hpcp_entropy": {"dmean2": 1.1535743475, "median": 2.07233262062, "min": 0, "dvar2": 0.844817698002, "dvar": 0.315988749266, "dmean": 0.688668966293, "max": 4.49626684189, "var": 0.589399814606, "mean": 2.08943867683}}, "metadata": {"audio_properties": {"equal_loudness": 0, "codec": "flac", "downmix": "mix", "sample_rate": 44100, "analysis_sample_rate": 44100, "bit_rate": 0, "md5_encoded": "c5fd113d034d093d30ac12a85f32276a", "length": 176.053329468, "replay_gain": -16.2974147797, "lossless": true}, "version": {"essentia_build_sha": "cead25079874084f62182a551b7393616cd33d87", "essentia": "2.1-beta2", "extractor": "music 1.0", "essentia_git_sha": "v2.1_beta2-1-ge3940c0"}, "tags": {"title": ["Gimme Some Lovin'"], "barcode": ["610583209525"], "media": ["CD"], "albumartist": ["Various Artists"], "tracktotal": ["20"], "musicbrainz_releasegroupid": ["3077831e-71a9-34f9-9fae-74dcd22f2135"], "releasetype": ["album", "compilation"], "musicbrainz_recordingid": ["1e9a3c90-e7fd-46cd-b4d4-24fe9b003aee"], "musicbrainz_workid": ["6694ade4-560f-3371-a5d2-a14c19d73c31"], "musicbrainz_albumartistid": ["89ad4ac3-39f7-470e-963a-56509c546377"], "discnumber": ["1"], "releasecountry": ["US"], "writer": ["Spencer Davis", "Steve Winwood", "Muff Winwood"], "isrc": ["GBAAN6600008"], "compilation": ["1"], "originaldate": ["2007"], "albumartistsort": ["Various Artists"], "date": ["2007"], "file_name": "1-05 The Spencer Davis Group - Gimme Some Lovin'.flac", "disctotal": ["2"], "musicbrainz_artistid": ["178fdfdf-e02e-4608-9b51-e53471e28a58"], "asin": ["B000PFUALO"], "musicbrainz_albumid": ["cd71a54b-fd13-4dbb-8bbf-275754f0a5e3"], "artist": ["The Spencer Davis Group"], "tracknumber": ["5"], "artistsort": ["Davis, Spencer, The, Group"], "album": ["Summer of Love: The Hits of 1967"], "label": ["Time-Life Music"], "releasestatus": ["official"], "totaldiscs": ["2"], "script": ["Latn"], "totaltracks": ["20"]}}, "rhythm": {"bpm_histogram_first_peak_bpm": {"dmean2": 0, "median": 148, "min": 148, "dvar2": 0, "dvar": 0, "dmean": 0, "max": 148, "var": 0, "mean": 148}, "bpm": 147.565032959, "bpm_histogram_second_peak_spread": {"dmean2": 0, "median": 0.166666686535, "min": 0.166666686535, "dvar2": 0, "dvar": 0, "dmean": 0, "max": 0.166666686535, "var": 0, "mean": 0.166666686535}, "bpm_histogram_first_peak_weight": {"dmean2": 0, "median": 0.669767439365, "min": 0.669767439365, "dvar2": 0, "dvar": 0, "dmean": 0, "max": 0.669767439365, "var": 0, "mean": 0.669767439365}, "onset_rate": 3.24311470985, "beats_position": [0.441179126501, 0.905578196049, 1.34675729275, 1.764716506, 2.17106580734, 2.57741498947, 2.99537420273, 3.41333317757, 3.8196823597, 4.22603178024, 4.6439909935, 5.05034017563, 5.45668935776, 5.87464857101, 6.28099775314, 6.6989569664, 7.10530614853, 7.51165533066, 7.91800451279, 8.33596324921, 8.75392246246, 9.17188167572, 9.57823085785, 9.99619007111, 10.4025392532, 10.7972784042, 11.2036275864, 11.6099767685, 12.0163259506, 12.4226751328, 12.8174142838, 13.2237634659, 13.6301136017, 14.0364627838, 14.4428119659, 14.8375511169, 15.2439002991, 15.6386394501, 16.0449886322, 16.4513378143, 16.8576869965, 17.2640361786, 17.6703853607, 18.0767345428, 18.483083725, 18.8894329071, 19.2957820892, 19.7021312714, 20.1084804535, 20.5148296356, 20.9211788177, 21.3275279999, 21.733877182, 22.1402263641, 22.5465755463, 22.9529247284, 23.3592739105, 23.7656230927, 24.1719722748, 24.5783214569, 24.984670639, 25.3910198212, 25.8089790344, 26.2153282166, 26.6332874298, 27.0396366119, 27.4459857941, 27.8639450073, 28.2586841583, 28.6650333405, 29.0713825226, 29.4893417358, 29.9073009491, 30.3252601624, 30.7199993134, 31.1147384644, 31.5094776154, 31.9158267975, 32.322177887, 32.7285270691, 33.1348762512, 33.5528335571, 33.9591827393, 34.3655319214, 34.7602729797, 35.1666221619, 35.572971344, 35.9793205261, 36.3856697083, 36.7920188904, 37.1983680725, 37.6047172546, 38.0110664368, 38.4174156189, 38.823764801, 39.2185020447, 39.6248512268, 40.0312004089, 40.4491615295, 40.8671188354, 41.2734680176, 41.6682090759, 42.0745582581, 42.4809074402, 42.8872566223, 43.3052139282, 43.7115631104, 44.1179122925, 44.5242614746, 44.9306106567, 45.3369598389, 45.743309021, 46.1612701416, 46.5676193237, 46.9739685059, 47.380317688, 47.7866668701, 48.1930160522, 48.5993652344, 49.0057144165, 49.4120635986, 49.8184127808, 50.2247619629, 50.631111145, 51.0374603271, 51.4438095093, 51.8501586914, 52.2448959351, 52.6512451172, 53.0575942993, 53.4755554199, 53.8935127258, 54.299861908, 54.7062110901, 55.1125602722, 55.5189094543, 55.9252586365, 56.3316078186, 56.7379570007, 57.1443061829, 57.550655365, 57.9570045471, 58.3749656677, 58.7697029114, 59.1760520935, 59.5824012756, 59.977142334, 60.3950996399, 60.8130607605, 61.2194099426, 61.6257591248, 62.0321083069, 62.438457489, 62.8448066711, 63.2511558533, 63.6575050354, 64.0638504028, 64.470199585, 64.8765487671, 65.2945098877, 65.7008590698, 66.107208252, 66.5019454956, 66.9082946777, 67.3146438599, 67.720993042, 68.1273422241, 68.5336914062, 68.9400405884, 69.3347854614, 69.7295227051, 70.1474838257, 70.5538330078, 70.9601821899, 71.3549194336, 71.7496566772, 72.1444015503, 72.5507507324, 72.9570999146, 73.3750534058, 73.7814025879, 74.1993637085, 74.6057128906, 75.0120620728, 75.4184112549, 75.824760437, 76.2311096191, 76.6374588013, 77.0438079834, 77.461769104, 77.8681182861, 78.2744674683, 78.6692047119, 79.075553894, 79.4819030762, 79.8882522583, 80.2946014404, 80.7009506226, 81.1072998047, 81.5252609253, 81.9316101074, 82.3379592896, 82.7326965332, 83.1390457153, 83.5453948975, 83.9517440796, 84.3580932617, 84.7760543823, 85.170791626, 85.5655288696, 85.9718780518, 86.3782272339, 86.7961883545, 87.2141494751, 87.6204986572, 88.0268478394, 88.421585083, 88.8395462036, 89.2342834473, 89.6522445679, 90.0702056885, 90.4765548706, 90.8829040527, 91.2892532349, 91.695602417, 92.1019515991, 92.5083007812, 92.9030380249, 93.2977752686, 93.7041244507, 94.1220855713, 94.5284347534, 94.9231719971, 95.3411331177, 95.7474822998, 96.1538314819, 96.5485687256, 96.9665298462, 97.3844909668, 97.802444458, 98.1971893311, 98.6151428223, 99.0098876953, 99.4162368774, 99.8225860596, 100.240539551, 100.646888733, 101.064849854, 101.471199036, 101.877548218, 102.2838974, 102.690246582, 103.096595764, 103.491333008, 103.886077881, 104.292427063, 104.698776245, 105.093513489, 105.488250732, 105.882987976, 106.277732849, 106.684082031, 107.090431213, 107.496780396, 107.891517639, 108.297866821, 108.692604065, 109.098953247, 109.505302429, 109.911651611, 110.318000793, 110.724349976, 111.130699158, 111.53704834, 111.943397522, 112.338134766, 112.744483948, 113.162445068, 113.56879425, 113.986755371, 114.404716492, 114.811065674, 115.217414856, 115.635368347, 116.041717529, 116.448066711, 116.842811584, 117.260765076, 117.667114258, 118.085075378, 118.491424561, 118.897773743, 119.304122925, 119.710472107, 120.116821289, 120.523170471, 120.929519653, 121.335868835, 121.742218018, 122.160179138, 122.554916382, 122.961265564, 123.367614746, 123.773963928, 124.18031311, 124.586662292, 124.993011475, 125.410972595, 125.828933716, 126.246894836, 126.653244019, 127.059593201, 127.454330444, 127.860679626, 128.267028809, 128.6849823, 129.091339111, 129.497680664, 129.915649414, 130.310379028, 130.728347778, 131.134689331, 131.541046143, 131.947387695, 132.353744507, 132.771697998, 133.17805481, 133.584396362, 133.979141235, 134.397094727, 134.803451538, 135.209793091, 135.616149902, 136.034103394, 136.440444946, 136.846801758, 137.253143311, 137.659500122, 138.065841675, 138.472198486, 138.878540039, 139.284896851, 139.691238403, 140.109207153, 140.527160645, 140.921905518, 141.32824707, 141.734603882, 142.152557373, 142.570526123, 142.988479614, 143.394821167, 143.801177979, 144.207519531, 144.613876343, 145.020217896, 145.426574707, 145.83291626, 146.239273071, 146.645614624, 147.051971436, 147.458312988, 147.8646698, 148.282623291, 148.688980103, 149.095321655, 149.513290405, 149.919631958, 150.32598877, 150.732330322, 151.138687134, 151.533416748, 151.93977356, 152.346115112, 152.752471924, 153.158813477, 153.55355835, 153.959899902, 154.366256714, 154.772598267, 155.178955078, 155.585296631, 155.991653442, 156.397994995, 156.804351807, 157.210693359, 157.617050171, 158.011795044, 158.406524658, 158.801269531, 159.195999146, 159.602355957, 160.00869751, 160.415054321, 160.821395874, 161.227752686, 161.634094238, 162.04045105, 162.446792603, 162.853149414, 163.247894287, 163.65423584, 164.060592651, 164.455322266, 164.861679077, 165.26802063, 165.674377441, 166.069107056, 166.475463867, 166.88180542, 167.288162231, 167.694503784, 168.089248657, 168.48399353, 168.878723145, 169.273468018, 169.67980957, 170.074554443, 170.480911255, 170.887252808, 171.293609619, 171.71156311, 172.129516602, 172.547485352, 172.965438843, 173.395004272, 173.824569702, 174.254150391, 174.672103882, 175.101669312, 175.53125], "beats_loudness": {"dmean2": 0.0102798109874, "median": 0.0237181205302, "min": 3.4726326259e-09, "dvar2": 8.34918610053e-05, "dvar": 2.6088919185e-05, "dmean": 0.00584783498198, "max": 0.0422601699829, "var": 6.47310735076e-05, "mean": 0.0235281176865}, "danceability": 1.08942329884, "bpm_histogram_second_peak_weight": {"dmean2": 0, "median": 0.0116279069334, "min": 0.0116279069334, "dvar2": 0, "dvar": 0, "dmean": 0, "max": 0.0116279069334, "var": 0, "mean": 0.0116279069334}, "beats_count": 431, "bpm_histogram_second_peak_bpm": {"dmean2": 0, "median": 140, "min": 140, "dvar2": 0, "dvar": 0, "dmean": 0, "max": 140, "var": 0, "mean": 140}, "bpm_histogram_first_peak_spread": {"dmean2": 0, "median": 0.319148957729, "min": 0.319148957729, "dvar2": 0, "dvar": 0, "dmean": 0, "max": 0.319148957729, "var": 0, "mean": 0.319148957729}, "beats_loudness_band_ratio": {"dmean2": [0.37156111002, 0.168329417706, 0.167988315225, 0.230979830027, 0.145011201501, 0.265523284674], "median": [0.176215082407, 0.0978386774659, 0.0923041254282, 0.185288399458, 0.0987603664398, 0.172747164965], "min": [0.00598102621734, 0.00690734013915, 0.00116320257075, 0.000315843179123, 6.11877840129e-05, 4.51844825875e-05], "dvar2": [0.127647355199, 0.0250359270722, 0.0350833199918, 0.0444891676307, 0.0198285002261, 0.0373555831611], "dvar": [0.0356508307159, 0.00803665816784, 0.0129517419264, 0.014770722948, 0.00686579803005, 0.0115471715108], "dmean": [0.195076003671, 0.093735858798, 0.0947263911366, 0.136728450656, 0.0825080052018, 0.142425581813], "max": [0.980904877186, 0.562857091427, 0.719127118587, 0.798736989498, 0.556382477283, 0.655262470245], "var": [0.0587973557413, 0.00945144239813, 0.0166787616909, 0.0237505566329, 0.00847020931542, 0.0147854639217], "mean": [0.267874926329, 0.125728726387, 0.134128570557, 0.218091011047, 0.119898654521, 0.19480265677]}}, "lowlevel": {"barkbands_spread": {"dmean2": 9.61929988861, "median": 30.419500351, "min": 0.720864892006, "dvar2": 105.007301331, "dvar": 48.4622917175, "dmean": 6.4738817215, "max": 99.9824447632, "var": 189.093032837, "mean": 31.1229114532}, "melbands_spread": {"dmean2": 15.0593709946, "median": 39.8665046692, "min": 0.514158189297, "dvar2": 273.216186523, "dvar": 127.294296265, "dmean": 10.0684280396, "max": 151.826049805, "var": 560.412963867, "mean": 41.2953147888}, "hfc": {"dmean2": 11.7777776718, "median": 23.9003982544, "min": 1.07631841333e-16, "dvar2": 303.853973389, "dvar": 148.502838135, "dmean": 8.37298774719, "max": 174.219177246, "var": 521.519104004, "mean": 29.1942806244}, "barkbands_kurtosis": {"dmean2": 2.43023395538, "median": -0.33220410347, "min": -1.87392485142, "dvar2": 36.5888290405, "dvar": 18.5225963593, "dmean": 1.63279795647, "max": 125.093719482, "var": 69.1996383667, "mean": 1.99755191803}, "gfcc": {"mean": [4.28804159164, 66.7859344482, -129.393630981, 42.4715156555, -59.6399803162, 26.9976119995, -36.7235946655, 4.84381961823, -30.1136455536, 4.61511611938, -18.9890975952, -6.53985261917, -13.3514509201], "icov": [[0.000448268750915, -0.000870056392159, 0.000911646173336, -0.000983460922725, 0.0012338279048, -0.000862050917931, 0.00109192437958, -0.000944298575632, 0.00147480005398, -0.00113577686716, 0.0011626802152, -0.000530564517248, 0.000616945384536], [-0.000870056392159, 0.00360208633356, -0.00199857866392, 0.0018083761679, -0.00318039348349, 0.00187393778469, -0.00245200423524, 0.00343485618941, -0.00414056796581, 0.00472164340317, -0.00333104166202, 0.00279663456604, -0.00172277446836], [0.000911646173336, -0.00199857866392, 0.00304689141922, -0.00254869926721, 0.00188988575246, -0.00133916316554, 0.00183254934382, -0.00156307290308, 0.00263833301142, -0.00283773010597, 0.00415163347498, -0.00309776095673, 0.00233600754291], [-0.000983460922725, 0.0018083761679, -0.00254869926721, 0.00733129959553, -0.00273997196928, 0.000287561357254, -0.00214073667303, 0.0024325393606, -0.00211146310903, 0.0014020325616, -0.00192329077981, 0.00248736166395, -0.00232283165678], [0.0012338279048, -0.00318039348349, 0.00188988575246, -0.00273997196928, 0.00870549026877, -0.00467903167009, 0.00251623173244, -0.00112972222269, 0.00178241042886, -0.00248197186738, 9.24889973248e-05, 0.000311101437546, 0.00113170442637], [-0.000862050917931, 0.00187393778469, -0.00133916316554, 0.000287561357254, -0.00467903167009, 0.0102162482217, -0.00297447666526, 0.00104183610529, 0.00036700538476, -0.000957026903052, 0.00100102752913, -0.0029025557451, 0.00311833806336], [0.00109192437958, -0.00245200423524, 0.00183254934382, -0.00214073667303, 0.00251623173244, -0.00297447666526, 0.0109650455415, -0.0055120382458, 0.00304223503917, 6.93012189004e-05, 7.77405948611e-05, 0.000794894527644, -0.00195606588386], [-0.000944298575632, 0.00343485618941, -0.00156307290308, 0.0024325393606, -0.00112972222269, 0.00104183610529, -0.0055120382458, 0.0173541605473, -0.00880097970366, 0.00471423612908, -0.000184517659363, 0.00184023426846, 0.00062275363598], [0.00147480005398, -0.00414056796581, 0.00263833301142, -0.00211146310903, 0.00178241042886, 0.00036700538476, 0.00304223503917, -0.00880097970366, 0.0218994654715, -0.0109127843753, 0.00363080855459, 0.000142301127198, 0.000383125734515], [-0.00113577686716, 0.00472164340317, -0.00283773010597, 0.0014020325616, -0.00248197186738, -0.000957026903052, 6.93012189004e-05, 0.00471423612908, -0.0109127843753, 0.023869169876, -0.0100466199219, 0.00500557245687, -0.00106958427932], [0.0011626802152, -0.00333104166202, 0.00415163347498, -0.00192329077981, 9.24889973248e-05, 0.00100102752913, 7.77405948611e-05, -0.000184517659363, 0.00363080855459, -0.0100466199219, 0.0245916638523, -0.0110465427861, 0.00762294000015], [-0.000530564517248, 0.00279663456604, -0.00309776095673, 0.00248736166395, 0.000311101437546, -0.0029025557451, 0.000794894527644, 0.00184023426846, 0.000142301127198, 0.00500557245687, -0.0110465427861, 0.0267233364284, -0.0107016246766], [0.000616945384536, -0.00172277446836, 0.00233600754291, -0.00232283165678, 0.00113170442637, 0.00311833806336, -0.00195606588386, 0.00062275363598, 0.000383125734515, -0.00106958427932, 0.00762294000015, -0.0107016246766, 0.0282845199108]], "cov": [[15004.8105469, -455.738006592, -2238.23535156, 470.298706055, -1104.99829102, 426.927642822, -594.098937988, 85.2673339844, -505.503173828, 65.6612319946, -250.169082642, -47.0430831909, -118.432449341], [-455.738006592, 994.820983887, 217.214050293, 0.0772423967719, 260.415283203, -73.5621261597, 97.7901916504, -82.5102386475, 74.8819351196, -88.1303710938, 42.6081733704, -53.3612632751, 22.8508605957], [-2238.23535156, 217.214050293, 1193.93774414, 131.302474976, 176.973068237, 36.2927474976, 31.3277702332, -46.253112793, 29.57056427, 0.402597278357, -41.417098999, 43.1636695862, -6.5619764328], [470.298706055, 0.0772423967719, 131.302474976, 239.262542725, 26.823846817, 65.2759552002, -14.1751270294, -18.0979290009, -22.3039093018, 15.2087402344, -18.1305179596, -1.55113565922, -5.1235871315], [-1104.99829102, 260.415283203, 176.973068237, 26.823846817, 333.097137451, 43.0487747192, 45.103603363, -40.2850341797, 49.0551643372, 3.92658185959, 46.3629951477, -12.4761924744, -4.24861335754], [426.927642822, -73.5621261597, 36.2927474976, 65.2759552002, 43.0487747192, 183.781036377, -10.7758865356, -4.44970417023, -33.6824455261, 24.3525371552, -8.9591627121, 16.7191390991, -23.9433231354], [-594.098937988, 97.7901916504, 31.3277702332, -14.1751270294, 45.103603363, -10.7758865356, 162.356216431, 27.6743774414, 22.9421539307, -26.9187278748, 11.0508852005, -9.03697776794, 17.4392414093], [85.2673339844, -82.5102386475, -46.253112793, -18.0979290009, -40.2850341797, -4.44970417023, 27.6743774414, 95.7870559692, 21.9466972351, -2.11309361458, -14.6657390594, -7.29963731766, -1.83087563515], [-505.503173828, 74.8819351196, 29.57056427, -22.3039093018, 49.0551643372, -33.6824455261, 22.9421539307, 21.9466972351, 97.6837081909, 19.2201576233, 13.7659311295, -15.643450737, 3.94204139709], [65.6612319946, -88.1303710938, 0.402597278357, 15.2087402344, 3.92658185959, 24.3525371552, -26.9187278748, -2.11309361458, 19.2201576233, 79.5556030273, 18.8905239105, 0.552010834217, -12.3756580353], [-250.169082642, 42.6081733704, -41.417098999, -18.1305179596, 46.3629951477, -8.9591627121, 11.0508852005, -14.6657390594, 13.7659311295, 18.8905239105, 76.8899536133, 12.7285699844, -5.17529964447], [-47.0430831909, -53.3612632751, 43.1636695862, -1.55113565922, -12.4761924744, 16.7191390991, -9.03697776794, -7.29963731766, -15.643450737, 0.552010834217, 12.7285699844, 59.8937988281, 11.7388572693], [-118.432449341, 22.8508605957, -6.5619764328, -5.1235871315, -4.24861335754, -23.9433231354, 17.4392414093, -1.83087563515, 3.94204139709, -12.3756580353, -5.17529964447, 11.7388572693, 48.8222389221]]}, "spectral_energyband_middle_low": {"dmean2": 0.00322736846283, "median": 0.00471806200221, "min": 1.88968764703e-22, "dvar2": 1.37901379276e-05, "dvar": 6.05889545113e-06, "dmean": 0.00203115679324, "max": 0.0296695642173, "var": 1.808509478e-05, "mean": 0.00563906924799}, "melbands_crest": {"dmean2": 5.13036441803, "median": 12.0551147461, "min": 1.07987487316, "dvar2": 19.9584884644, "dvar": 9.29517650604, "dmean": 3.28588891029, "max": 34.752948761, "var": 39.9945030212, "mean": 13.4125499725}, "spectral_kurtosis": {"dmean2": 1.64974212646, "median": 2.57551622391, "min": -1.26626741886, "dvar2": 8.80028343201, "dvar": 3.4010887146, "dmean": 1.02293682098, "max": 64.5535888672, "var": 23.4675235748, "mean": 3.36008739471}, "spectral_rms": {"dmean2": 0.000552162411623, "median": 0.004371591378, "min": 3.1883614672e-12, "dvar2": 3.01884796272e-07, "dvar": 1.71030535512e-07, "dmean": 0.000383900391171, "max": 0.00656868610531, "var": 1.48014350998e-06, "mean": 0.00423658825457}, "zerocrossingrate": {"dmean2": 0.0147112999111, "median": 0.087890625, "min": 0.00390625, "dvar2": 0.00028554716846, "dvar": 0.000213663879549, "dmean": 0.0130817769095, "max": 0.51513671875, "var": 0.00192969746422, "mean": 0.0922639742494}, "silence_rate_60dB": {"dmean2": 0.0121356025338, "median": 0, "min": 0, "dvar2": 0.0135706393048, "dvar": 0.00603066664189, "dmean": 0.00606700079516, "max": 1, "var": 0.0516157634556, "mean": 0.0545958057046}, "erbbands_kurtosis": {"dmean2": 1.28121125698, "median": -0.00160050392151, "min": -1.80457305908, "dvar2": 3.10429954529, "dvar": 1.45437538624, "dmean": 0.836139678955, "max": 27.0868797302, "var": 4.89765024185, "mean": 0.669225335121}, "erbbands": {"dmean2": [0.0170589182526, 0.426230460405, 1.60419368744, 1.60916399956, 5.34770774841, 4.44355821609, 4.10855770111, 4.72448015213, 5.81306362152, 8.97738647461, 15.0078840256, 20.4775886536, 33.142742157, 29.0337123871, 23.8703536987, 35.8136405945, 36.9547424316, 70.2155532837, 33.7544784546, 34.4227905273, 21.29936409, 20.4957714081, 18.0843296051, 27.8505573273, 34.1040458679, 23.4126548767, 15.2020435333, 18.5845794678, 12.0160675049, 8.76573753357, 7.74732017517, 3.91912889481, 2.64531564713, 1.82248878479, 1.5853998661, 0.24067248404, 0.0368143096566, 0.00331170577556, 0.000170017985511, 1.41035307024e-05], "median": [0.0107137542218, 0.3651445508, 1.74295306206, 1.33862650394, 3.78019785881, 3.10439705849, 2.63224744797, 2.68221926689, 3.03361034393, 4.71547031403, 6.48147439957, 5.94054031372, 7.995657444, 10.5509166718, 13.138718605, 19.202583313, 21.521490097, 46.2907333374, 20.1367111206, 22.7707309723, 15.5642690659, 11.6407270432, 11.9839220047, 15.4815893173, 14.8862133026, 11.35572052, 10.6718559265, 10.7388029099, 6.81696748734, 5.25141954422, 3.82840108871, 1.93669688702, 1.02743887901, 0.788796246052, 0.456129968166, 0.089445233345, 0.0115590635687, 0.00104341097176, 8.08078693808e-05, 3.14591925417e-05], "min": [3.85849135331e-22, 1.45666990547e-21, 3.75191960241e-21, 8.80738295394e-21, 1.02973331466e-20, 1.99433972701e-20, 2.70631217481e-20, 8.72732285664e-20, 2.81994918107e-19, 2.67659464501e-19, 3.39695030983e-19, 5.23753703268e-19, 6.05335528555e-19, 3.49377102505e-19, 1.00286726061e-18, 1.65280116247e-18, 1.80812438161e-18, 2.03617497456e-18, 2.87798572381e-18, 2.44017618959e-18, 3.65800153181e-18, 6.39761379442e-18, 7.47470428159e-18, 6.68258165135e-18, 8.12765170582e-18, 9.13867403669e-18, 9.78775935464e-18, 1.20245409306e-17, 1.21982422418e-17, 1.15670132717e-17, 1.29831555794e-17, 1.26200679582e-17, 1.00587453777e-17, 9.0291164461e-18, 6.14290048199e-18, 4.68075452454e-18, 2.22177217694e-18, 1.00724046111e-18, 2.41110094615e-19, 2.62036924007e-20], "dvar2": [0.000849615316838, 0.304778277874, 4.54782819748, 5.21368789673, 51.4929924011, 48.8494262695, 48.2921829224, 54.8595657349, 136.764907837, 248.114532471, 1204.97888184, 2585.62084961, 6981.85107422, 5634.96142578, 3098.41503906, 4616.36376953, 6040.47607422, 12873.9521484, 4700.171875, 3315.03198242, 1312.20837402, 1423.00769043, 970.697998047, 3289.28295898, 7623.01367188, 2812.24487305, 775.643676758, 1578.22973633, 530.861022949, 306.474487305, 254.061553955, 77.2242660522, 46.9249038696, 19.5405597687, 15.8509979248, 0.390700995922, 0.011622030288, 9.81276098173e-05, 2.36165234924e-07, 7.1428019055e-10], "dvar": [0.000354685413186, 0.14351965487, 2.2891638279, 1.94784426689, 19.1887588501, 19.1612606049, 18.716627121, 21.187707901, 51.4501304626, 101.168991089, 528.71484375, 1332.94470215, 3573.78759766, 3039.34692383, 1658.78198242, 2088.69580078, 2638.54711914, 5816.78466797, 2096.23779297, 1636.56677246, 567.3515625, 558.442321777, 457.584686279, 1635.73901367, 3891.58764648, 1335.89038086, 347.948242188, 658.787475586, 224.898727417, 131.301971436, 101.627403259, 31.323266983, 18.0783996582, 7.72777938843, 6.67801475525, 0.152416452765, 0.00435347110033, 3.68454784621e-05, 9.08294097712e-08, 3.04198694012e-10], "dmean": [0.0109172556549, 0.282634824514, 1.09767055511, 0.954933822155, 3.22585630417, 2.6956217289, 2.50272083282, 2.88010668755, 3.50844311714, 5.45684766769, 9.22406578064, 13.5925807953, 21.8879432678, 20.279417038, 15.9832839966, 24.20495224, 24.081943512, 45.5518836975, 21.9748249054, 22.4235649109, 13.6054639816, 12.6044473648, 11.4869623184, 18.0900363922, 22.9056034088, 15.5721521378, 9.8120508194, 12.0552663803, 7.83276414871, 5.75557470322, 4.98046445847, 2.5737555027, 1.7045519352, 1.17999053001, 1.04425930977, 0.155466601253, 0.0230569280684, 0.00208360422403, 0.000108343978354, 9.68013591773e-06], "max": [0.320668965578, 4.93839073181, 23.315568924, 19.5678577423, 65.0717086792, 67.7406616211, 111.768188477, 71.1879425049, 122.778533936, 256.141113281, 652.22265625, 829.706787109, 1160.14794922, 1207.88110352, 1446.00671387, 843.43939209, 1269.3112793, 1628.09216309, 1082.9473877, 1303.19604492, 596.244567871, 371.384185791, 525.499389648, 1170.81152344, 1853.81298828, 1052.30383301, 490.669830322, 487.1121521, 255.56854248, 204.618621826, 181.436141968, 124.103675842, 120.992889404, 60.5093345642, 41.0606040955, 7.69275999069, 0.999608278275, 0.115948036313, 0.00614339485765, 0.00032682789606], "var": [0.000560470041819, 0.494713157415, 9.88234329224, 3.62449645996, 38.4645042419, 33.8167877197, 26.0908164978, 31.6205310822, 58.3671455383, 172.266326904, 1541.84692383, 4200.91845703, 11332.9755859, 8413.078125, 4955.10058594, 5500.48876953, 5179.19140625, 12908.5136719, 3962.37353516, 4347.31591797, 1177.64538574, 765.847900391, 1034.11462402, 3831.09570312, 8431.29980469, 3066.54248047, 907.488342285, 981.452453613, 390.808105469, 224.306564331, 134.143539429, 38.3714485168, 18.4950294495, 8.4134645462, 9.75804519653, 0.159917712212, 0.00365695194341, 3.15994257107e-05, 8.57282955735e-08, 5.54432610933e-10], "mean": [0.0181969888508, 0.623717427254, 2.85418701172, 1.85129082203, 5.83567285538, 4.87196207047, 4.22642946243, 4.58926391602, 5.38322162628, 8.76885223389, 16.6881160736, 24.2435035706, 39.5252456665, 36.7871894836, 30.8788013458, 46.2535743713, 42.8750915527, 79.8083267212, 39.034778595, 42.0093536377, 25.778175354, 20.9046173096, 21.4483985901, 33.9609794617, 42.5253257751, 28.96235466, 20.7429447174, 21.3712081909, 13.9597482681, 10.5300264359, 7.93945455551, 3.92591381073, 2.36208295822, 1.68844568729, 1.56826293468, 0.213272824883, 0.02840410918, 0.0026178478729, 0.000162981916219, 3.60022131645e-05]}, "spectral_strongpeak": {"dmean2": 1.46908247471, "median": 0.457077175379, "min": 0, "dvar2": 5.255443573, "dvar": 2.24880361557, "dmean": 0.886677742004, "max": 21.6053218842, "var": 3.76971840858, "mean": 1.47901892662}, "spectral_energy": {"dmean2": 0.0049929250963, "median": 0.0195885822177, "min": 1.04197898046e-20, "dvar2": 2.50764987868e-05, "dvar": 1.33908069984e-05, "dmean": 0.00343643943779, "max": 0.0442263297737, "var": 7.2730195825e-05, "mean": 0.0199145488441}, "average_loudness": 0.948357343674, "spectral_rolloff": {"dmean2": 1093.31848145, "median": 2110.25390625, "min": 64.599609375, "dvar2": 2144334.25, "dvar": 1003782.4375, "dmean": 690.907531738, "max": 19509.0820312, "var": 3416068.5, "mean": 2587.36987305}, "spectral_centroid": {"dmean2": 410.084655762, "median": 1981.48937988, "min": 146.911834717, "dvar2": 203656.984375, "dvar": 98827.4296875, "dmean": 274.432403564, "max": 11499.2255859, "var": 748794.375, "mean": 1988.50183105}, "pitch_salience": {"dmean2": 0.104231759906, "median": 0.580201387405, "min": 0.150404810905, "dvar2": 0.00844141375273, "dvar": 0.00368833169341, "dmean": 0.0666283071041, "max": 0.992828667164, "var": 0.0125143518671, "mean": 0.566258192062}, "spectral_energyband_middle_high": {"dmean2": 0.00356497545727, "median": 0.00661917449906, "min": 1.21222561463e-21, "dvar2": 1.8288672436e-05, "dvar": 9.62550529948e-06, "dmean": 0.00248889648356, "max": 0.041573304683, "var": 5.25344839843e-05, "mean": 0.00847177393734}, "spectral_contrast_coeffs": {"dmean2": [0.0818270668387, 0.0720686092973, 0.0609335415065, 0.0486032702029, 0.0354777872562, 0.0320340245962], "median": [-0.6407995224, -0.782463014126, -0.781238436699, -0.77198779583, -0.79903614521, -0.744999945164], "min": [-0.973170518875, -0.988794803619, -0.991216897964, -0.983488023281, -0.983522355556, -0.965280294418], "dvar2": [0.00453056953847, 0.00315743708052, 0.00241857743822, 0.0014639502624, 0.000932101800572, 0.00078012450831], "dvar": [0.00161773303989, 0.00115847890265, 0.00106086698361, 0.000617781770416, 0.000444926961791, 0.000372600305127], "dmean": [0.049254283309, 0.0429202765226, 0.0382047966123, 0.0303237624466, 0.0226190648973, 0.0211543422192], "max": [-0.351094692945, -0.506659507751, -0.504912018776, -0.588122010231, -0.559198141098, -0.607116997242], "var": [0.00533572537825, 0.00324368383735, 0.00504073314369, 0.0032897752244, 0.00253337179311, 0.00200606556609], "mean": [-0.642641544342, -0.779535770416, -0.772486925125, -0.771241605282, -0.792480707169, -0.747312784195]}, "melbands_skewness": {"dmean2": 0.909182965755, "median": 1.42714476585, "min": -1.5971159935, "dvar2": 1.15388333797, "dvar": 0.570162236691, "dmean": 0.624665915966, "max": 17.7024974823, "var": 4.61895513535, "mean": 2.052059412}, "spectral_spread": {"dmean2": 775148, "median": 4748115, "min": 1318736.875, "dvar2": 1101835010050.0, "dvar": 585262497792, "dmean": 560121.8125, "max": 41669292, "var": 5885031088130.0, "mean": 5080349}, "dissonance": {"dmean2": 0.0210036877543, "median": 0.483920276165, "min": 0.283607006073, "dvar2": 0.000437182869064, "dvar": 0.000166704368894, "dmean": 0.0124584054574, "max": 0.500000059605, "var": 0.000537256593816, "mean": 0.477614283562}, "spectral_skewness": {"dmean2": 0.249493524432, "median": 1.21258378029, "min": -0.0593894794583, "dvar2": 0.0754690170288, "dvar": 0.0321698524058, "dmean": 0.157624587417, "max": 6.63978099823, "var": 0.318746626377, "mean": 1.27564048767}, "spectral_flux": {"dmean2": 0.0284466594458, "median": 0.07407990098, "min": 6.57173135354e-11, "dvar2": 0.000791800732259, "dvar": 0.000342233281117, "dmean": 0.0185122471303, "max": 0.210357189178, "var": 0.00138217769563, "mean": 0.0771517008543}, "spectral_contrast_valleys": {"dmean2": [0.682962715626, 0.566579401493, 0.489757299423, 0.40800717473, 0.328504145145, 0.37553396821], "median": [-7.40745973587, -6.77549982071, -7.00380992889, -7.14200305939, -7.01988077164, -9.40560436249], "min": [-27.7239608765, -27.7313232422, -27.6883888245, -27.5268936157, -27.4984989166, -27.3624897003], "dvar2": [0.348955959082, 0.250120639801, 0.206507891417, 0.175017476082, 0.166497692466, 0.209017127752], "dvar": [0.14332318306, 0.114545598626, 0.0982481092215, 0.0880886241794, 0.0876356586814, 0.13370616734], "dmean": [0.408731818199, 0.347634941339, 0.305282264948, 0.260297238827, 0.217416867614, 0.301241964102], "max": [-5.8943977356, -5.13369703293, -5.14952468872, -5.84785032272, -5.53853940964, -7.49492931366], "var": [2.00753927231, 2.2152235508, 2.34509682655, 2.41558003426, 2.46365141869, 2.30505251884], "mean": [-7.63649654388, -6.99881076813, -7.2701125145, -7.42011165619, -7.29790067673, -9.69496822357]}, "erbbands_flatness_db": {"dmean2": 0.0217011664063, "median": 0.148733600974, "min": 0.0179616883397, "dvar2": 0.000379701232305, "dvar": 0.000226645846851, "dmean": 0.0157352034003, "max": 0.309073358774, "var": 0.00169708800968, "mean": 0.150045409799}, "spectral_energyband_high": {"dmean2": 0.00121334579308, "median": 0.00107925443444, "min": 7.16100919162e-21, "dvar2": 4.67649169877e-06, "dvar": 2.10470443562e-06, "dmean": 0.000845275179017, "max": 0.0204911120236, "var": 4.81341021441e-06, "mean": 0.001854578848}, "spectral_entropy": {"dmean2": 0.175727576017, "median": 7.92756605148, "min": 4.76547050476, "dvar2": 0.0329419486225, "dvar": 0.0195041690022, "dmean": 0.128823727369, "max": 9.81645298004, "var": 0.205049738288, "mean": 7.87875270844}, "silence_rate_20dB": {"dmean2": 0, "median": 1, "min": 1, "dvar2": 0, "dvar": 0, "dmean": 0, "max": 1, "var": 0, "mean": 1}, "melbands_flatness_db": {"dmean2": 0.0312521122396, "median": 0.123868748546, "min": 3.1005085475e-05, "dvar2": 0.000996740884148, "dvar": 0.000572989694774, "dmean": 0.0223938189447, "max": 0.605543553829, "var": 0.00697478512302, "mean": 0.14475722611}, "barkbands": {"dmean2": [1.29283662318e-05, 0.0014955427032, 0.00129695050418, 0.000857671606354, 0.00143823132385, 0.00055733602494, 0.000439621304395, 0.000681026431266, 0.000909971597139, 0.00113839120604, 0.000789095705841, 0.000776446016971, 0.000893417804036, 0.00130254297983, 0.000684216793161, 0.000564954418223, 0.00039348503924, 0.000370587978978, 0.000662831007503, 0.000553463236429, 0.000407302344684, 0.000309871014906, 0.000302210042719, 0.000162330223247, 0.000179443159141, 2.9199223718e-05, 9.20050695186e-07], "median": [3.60662488674e-06, 0.00125663401559, 0.00136554765049, 0.000386054685805, 0.00135085789952, 0.000356933916919, 0.000217497843551, 0.000267871684628, 0.000215136707993, 0.000261857756414, 0.000230386009207, 0.000383390113711, 0.000371739908587, 0.000745893921703, 0.000278309860732, 0.000318944570608, 0.000194284628378, 0.000213789928239, 0.000329684495227, 0.000228118806263, 0.000280782987829, 0.000175227731233, 0.000148866922245, 7.39813913242e-05, 7.10838503437e-05, 9.39984511206e-06, 3.29735001969e-07], "min": [1.28123908884e-24, 8.36253144052e-24, 1.92253764528e-24, 4.93693559872e-25, 1.20283791111e-23, 7.88873211451e-24, 1.82303451723e-23, 1.46277830789e-23, 2.8404277956e-23, 1.14944591178e-23, 1.52329498338e-23, 4.33340543444e-23, 3.13475306152e-23, 5.34746404e-23, 5.73418069513e-23, 4.78887131746e-23, 9.2897983071e-23, 1.13687755896e-22, 1.33168846344e-22, 1.92935043738e-22, 2.52480120265e-22, 3.13102957494e-22, 4.31335359997e-22, 5.67164030744e-22, 9.96462640236e-22, 1.37827778071e-21, 1.84833770408e-21], "dvar2": [7.40008943012e-10, 3.85406247005e-06, 3.12466977448e-06, 1.54002862018e-06, 3.44259274243e-06, 7.63968728279e-07, 8.22008360046e-07, 2.10282041735e-06, 4.54147311757e-06, 7.0873597906e-06, 4.42071905127e-06, 2.15263003156e-06, 3.13256282425e-06, 4.60408773506e-06, 1.89682089058e-06, 9.19276203604e-07, 4.52925007721e-07, 4.99507166296e-07, 2.22830931307e-06, 1.63116396834e-06, 5.59433431135e-07, 3.3293758861e-07, 3.83554777272e-07, 1.64093208355e-07, 1.70896242935e-07, 7.00937397013e-09, 7.49496124886e-12], "dvar": [3.22762372384e-10, 1.76005175945e-06, 1.44035607264e-06, 5.54829853172e-07, 1.34438653276e-06, 2.94188993166e-07, 3.15391218919e-07, 9.32291868594e-07, 2.2868182441e-06, 3.88113767258e-06, 2.27116402129e-06, 9.63080196925e-07, 1.36295545872e-06, 2.077668114e-06, 9.25989127154e-07, 4.1603246359e-07, 1.76802984697e-07, 2.17839186689e-07, 1.16148123652e-06, 7.22232130101e-07, 2.41991955363e-07, 1.38971429919e-07, 1.59387127496e-07, 6.44195736754e-08, 7.07821783408e-08, 2.63321431326e-09, 2.84381350933e-12], "dmean": [8.40121447254e-06, 0.000985445338301, 0.000863757974003, 0.000496967055369, 0.00088227132801, 0.000339982274454, 0.000266563671175, 0.000416721537476, 0.000589710019995, 0.000764463678934, 0.000531141122337, 0.000517920474522, 0.000574728066567, 0.000840373395476, 0.000443031720351, 0.000357867596904, 0.000240016219323, 0.000231150566833, 0.00043887164793, 0.0003584861988