{"tonal": {"thpcp": [1, 0.628962934017, 0.2997610569, 0.453520745039, 0.261509567499, 0.192175984383, 0.367568522692, 0.237990170717, 0.377507179976, 0.866339921951, 0.603679656982, 0.131965026259, 0.106116726995, 0.0954941958189, 0.340057015419, 0.657646179199, 0.410527795553, 0.107991144061, 0.0987462997437, 0.0752109140158, 0.354561269283, 0.780108690262, 0.538402676582, 0.452833294868, 0.819905936718, 0.501736760139, 0.115118429065, 0.112700082362, 0.0845010504127, 0.375466525555, 0.708145737648, 0.409771412611, 0.0842297077179, 0.0912022665143, 0.0775660350919, 0.476789176464], "hpcp": {"dmean2": [0.174269244075, 0.131495267153, 0.0526294372976, 0.0344528704882, 0.0362976789474, 0.112040765584, 0.191154569387, 0.164022684097, 0.110384352505, 0.101467937231, 0.0732743367553, 0.0564606003463, 0.088277451694, 0.0707439258695, 0.109157659113, 0.176369965076, 0.163232669234, 0.0699210688472, 0.0392900370061, 0.0468779951334, 0.11131362617, 0.178304150701, 0.134373649955, 0.0498485453427, 0.0346362143755, 0.038030218333, 0.118743643165, 0.177883625031, 0.157992601395, 0.131887435913, 0.17592382431, 0.129958644509, 0.0518334060907, 0.0434606932104, 0.0484385043383, 0.113717645407], "median": [0.0143020423129, 0.00968063622713, 0.001925237244, 0.000868640723638, 0.00106302113272, 0.0112539771944, 0.0175603367388, 0.02288579382, 0.00880734901875, 0.00305460346863, 0.00195755250752, 0.00466768629849, 0.0042861206457, 0.004608720541, 0.0182831659913, 0.0325762405992, 0.022049183026, 0.00375642953441, 0.00190484733321, 0.00228547584265, 0.0101735722274, 0.0140788340941, 0.0107954367995, 0.0028251032345, 0.0012290799059, 0.00110789504834, 0.0133052878082, 0.023053470999, 0.018491813913, 0.0205804929137, 0.0168482661247, 0.0116969710216, 0.00289450376295, 0.00151660153642, 0.00188496836927, 0.00811681617051], "min": [1.30010153043e-06, 0, 0, 0, 0, 0, 0, 0, 0, 0, 0, 0, 4.6195845016e-07, 7.1331236029e-08, 1.2856031617e-06, 2.20944934881e-06, 0, 0, 0, 0, 0, 0, 0, 1.07567905161e-06, 1.88477758911e-06, 9.25917220229e-07, 2.17002570935e-06, 2.36480059357e-06, 2.31003855333e-06, 2.73354703495e-06, 1.38706127473e-06, 1.32524348828e-06, 6.83498967646e-07, 2.94726660854e-08, 1.15201657991e-07, 4.40673011326e-06], "dvar2": [0.0912775024772, 0.062338411808, 0.0275795347989, 0.0166425742209, 0.012848383747, 0.0324222818017, 0.0979951173067, 0.0673603489995, 0.044422890991, 0.0546341501176, 0.0305360797793, 0.0141417616978, 0.0425066798925, 0.0259950906038, 0.0343727357686, 0.0887391641736, 0.0758925303817, 0.0248408783227, 0.0150419110432, 0.0194452740252, 0.0418693087995, 0.106041960418, 0.0579338520765, 0.0263983290642, 0.0137239051983, 0.0141675751656, 0.0472687631845, 0.0951561331749, 0.0699309185147, 0.0486661829054, 0.0951507017016, 0.0525500774384, 0.0177269726992, 0.0252341683954, 0.024708352983, 0.0505577363074], "dvar": [0.0458072423935, 0.024983169511, 0.00928021408617, 0.00724946521223, 0.00536745134741, 0.0150293102488, 0.0538630895317, 0.0290687531233, 0.017243348062, 0.0243499483913, 0.012415509671, 0.0062878485769, 0.0217417795211, 0.011425874196, 0.0141468327492, 0.0479470379651, 0.0326472148299, 0.00880266260356, 0.00691359490156, 0.00724328821525, 0.0173417869955, 0.048668872565, 0.0238408949226, 0.0102394139394, 0.00568418903276, 0.00512162130326, 0.0185017324984, 0.0479607582092, 0.0313047617674, 0.018870299682, 0.0487833209336, 0.0246833078563, 0.00738722644746, 0.0112659204751, 0.00902419257909, 0.0207279901952], "dmean": [0.105864144862, 0.0791191011667, 0.0282997284085, 0.0194065440446, 0.0205696728081, 0.0700489804149, 0.115775793791, 0.0981564223766, 0.0640912279487, 0.0576597861946, 0.0447558686137, 0.0354167185724, 0.0572075173259, 0.0449733883142, 0.0678621530533, 0.106553986669, 0.098366163671, 0.0394293107092, 0.0229246988893, 0.026109110564, 0.0659106001258, 0.104728773236, 0.0804218947887, 0.0280960537493, 0.0189585238695, 0.0208546593785, 0.0709189176559, 0.108294978738, 0.0968386083841, 0.0765368267894, 0.104224421084, 0.0804838314652, 0.02983622998, 0.0256694611162, 0.0272208917886, 0.0715570673347], "max": [1, 1, 1, 1, 0.877829134464, 1, 1, 1, 1, 1, 1, 0.841190159321, 1, 1, 1, 1, 1, 1, 1, 1, 1, 1, 1, 1, 1, 1, 1, 1, 1, 1, 1, 1, 1, 1, 1, 1], "var": [0.109236463904, 0.0394304320216, 0.00679420353845, 0.0139056723565, 0.00759191717952, 0.0367952845991, 0.152166903019, 0.0599727742374, 0.0262417346239, 0.0771096125245, 0.0299563314766, 0.0128035014495, 0.0551710426807, 0.0215367823839, 0.0264132786542, 0.130281403661, 0.0700421780348, 0.00829054228961, 0.0154830003157, 0.00888538639992, 0.0304752252996, 0.102676190436, 0.0395625084639, 0.0121716605499, 0.0148938419297, 0.00665677851066, 0.0274819135666, 0.118203371763, 0.0605053640902, 0.0358901396394, 0.129314824939, 0.0515448823571, 0.0100072659552, 0.017763832584, 0.00761437276378, 0.0347162671387], "mean": [0.187478139997, 0.108484990895, 0.02229940705, 0.0241453573108, 0.0205352306366, 0.126227617264, 0.264745146036, 0.166514888406, 0.0793602839112, 0.120067417622, 0.0692333877087, 0.0508776605129, 0.0973119810224, 0.0630067437887, 0.0999431908131, 0.229359284043, 0.159821256995, 0.0349370986223, 0.0280938893557, 0.0252816248685, 0.0900284424424, 0.174108639359, 0.108685240149, 0.028590131551, 0.0261426027864, 0.0199117250741, 0.0938683748245, 0.206529989839, 0.14253950119, 0.119885414839, 0.217066124082, 0.132832378149, 0.0304770451039, 0.0298367999494, 0.0223712436855, 0.0994029417634]}, "tuning_equal_tempered_deviation": 0.00542834680527, "chords_changes_rate": 0.0576368868351, "key_key": "G", "tuning_diatonic_strength": 0.517593324184, "key_scale": "major", "chords_number_rate": 0.00576368859038, "tuning_frequency": 442.804626465, "tuning_nontempered_energy_ratio": 0.608220458031, "chords_histogram": [23.4870319366, 11.7195005417, 16.6666660309, 4.08261299133, 6.34005784988, 0.336215168238, 3.84245920181, 0, 4.70701265335, 0, 2.01729106903, 0, 0, 0, 0, 0.0480307415128, 0, 1.00864553452, 0.960614800453, 0.576368868351, 0, 12.3919305801, 3.65033626556, 8.16522598267], "key_strength": 0.787948966026, "chords_key": "G", "chords_strength": {"dmean2": 0.00808957777917, "median": 0.451912224293, "min": 0.244117036462, "dvar2": 6.46385378786e-05, "dvar": 7.35091380193e-05, "dmean": 0.0109161147848, "max": 0.734525978565, "var": 0.0112085388973, "mean": 0.466846197844}, "chords_scale": "major", "hpcp_entropy": {"dmean2": 0.904570698738, "median": 1.21520137787, "min": 0.041703697294, "dvar2": 0.65867215395, "dvar": 0.259697407484, "dmean": 0.518620967865, "max": 4.28103590012, "var": 0.481159478426, "mean": 1.30108821392}}, "metadata": {"audio_properties": {"equal_loudness": 0, "codec": "flac", "downmix": "mix", "sample_rate": 44100, "analysis_sample_rate": 44100, "bit_rate": 0, "md5_encoded": "f33b12710f772ba14a9e367fae558b51", "length": 96.626663208, "replay_gain": -1.6804485321, "lossless": true}, "version": {"essentia_build_sha": "70f2e5ece6736b2c40cc944ad0e695b16b925413", "essentia": "2.1-beta2", "extractor": "music 1.0", "essentia_git_sha": "v2.1_beta2"}, "tags": {"title": ["The Well-Tempered Clavier, Book II: Prelude and Fugue no. 15 in G major, BWV 884: Fugue"], "barcode": ["028943967228"], "media": ["CD"], "albumartist": ["Johann Sebastian Bach; Wilhelm Kempff"], "tracktotal": ["32"], "musicbrainz_releasegroupid": ["26018fd9-8774-4506-b8e8-7e1db1a6c1f6"], "performer": ["Wilhelm Kempff (piano)"], "releasetype": ["album"], "musicbrainz_recordingid": ["1ea38138-efb3-4576-b358-12f77afe5ccd"], "musicbrainz_albumartistid": ["24f1766e-9635-4d58-a4d4-9413f9f98a4c", "095311b3-786f-4905-af19-03ae6b242a57"], "musicbrainz_releasetrackid": ["c5f38c11-e927-3c7e-8f03-e9c7d1b01b7c"], "discnumber": ["2"], "totaldiscs": ["2"], "catalognumber": ["439 672-2"], "releasecountry": ["FR"], "file_name": "CD2-22 - The Well-Tempered Clavier, Book II_ Prelude and Fugue no. 15 in G major, BWV 884_ Fugue.flac", "albumartistsort": ["Bach, Johann Sebastian; Kempff, Wilhelm"], "date": ["0"], "genre": ["Unknown"], "disctotal": ["2"], "musicbrainz_artistid": ["24f1766e-9635-4d58-a4d4-9413f9f98a4c"], "asin": ["B000001GL7"], "musicbrainz_albumid": ["6746ca14-f735-4c1f-a890-c72bf35ca68a"], "artist": ["Johann Sebastian Bach"], "tracknumber": ["22"], "artistsort": ["Bach, Johann Sebastian"], "album": ["Wilhelm Kempff joue Bach : Transcriptions pour piano"], "label": ["Deutsche Grammophon"], "releasestatus": ["official"], "acoustid_id": ["921d9420-6e09-469b-98dc-25c28501ea8e"], "script": ["Latn"], "totaltracks": ["32"]}}, "rhythm": {"bpm_histogram_first_peak_bpm": {"dmean2": 0, "median": 144, "min": 144, "dvar2": 0, "dvar": 0, "dmean": 0, "max": 144, "var": 0, "mean": 144}, "bpm": 143.852127075, "bpm_histogram_second_peak_spread": {"dmean2": 0, "median": 0, "min": 0, "dvar2": 0, "dvar": 0, "dmean": 0, "max": 0, "var": 0, "mean": 0}, "bpm_histogram_first_peak_weight": {"dmean2": 0, "median": 0.333333343267, "min": 0.333333343267, "dvar2": 0, "dvar": 0, "dmean": 0, "max": 0.333333343267, "var": 0, "mean": 0.333333343267}, "onset_rate": 4.12866306305, "beats_position": [0.394739210606, 0.812698423862, 1.21904754639, 1.62539684772, 2.02013611794, 2.41487526894, 2.80961441994, 3.20435357094, 3.59909296036, 3.99383211136, 4.38857126236, 4.78331041336, 5.17804956436, 5.5727891922, 5.9675283432, 6.3622674942, 6.7570066452, 7.1517457962, 7.55809497833, 7.96444416046, 8.38240337372, 8.8119726181, 9.24154186249, 9.65950107574, 10.077460289, 10.4954195023, 10.9017686844, 11.3081178665, 11.7144670486, 12.1324262619, 12.538775444, 12.933514595, 13.328253746, 13.7346029282, 14.1409521103, 14.5589113235, 14.9652605057, 15.3716096878, 15.7663488388, 16.1610889435, 16.5558280945, 16.9505672455, 17.3453063965, 17.7400455475, 18.1347846985, 18.5295238495, 18.9358730316, 19.3422222137, 19.760181427, 20.154920578, 20.549659729, 20.9676189423, 21.3623580933, 21.7570972443, 22.1518363953, 22.5581855774, 22.9645347595, 23.3592739105, 23.7656230927, 24.1719722748, 24.6015415192, 25.0311107635, 25.4606800079, 25.8902492523, 26.3314285278, 26.7493877411, 27.1557369232, 27.5736961365, 27.9800453186, 28.3980045319, 28.7927436829, 29.1874828339, 29.6054420471, 30.0234012604, 30.4413604736, 30.8360996246, 31.2424488068, 31.66040802, 32.0899772644, 32.5079345703, 32.9258956909, 33.3554649353, 33.7734222412, 34.1913833618, 34.6209526062, 35.0389099121, 35.4452590942, 35.8516082764, 36.2579574585, 36.6643066406, 37.093875885, 37.5234451294, 37.9297943115, 38.3477554321, 38.7541046143, 39.1720619202, 39.5668029785, 39.9847602844, 40.402721405, 40.8206787109, 41.2386398315, 41.6565971375, 42.0745582581, 42.492515564, 42.9104766846, 43.3284339905, 43.7463951111, 44.164352417, 44.5823135376, 45.0002708435, 45.4182319641, 45.83618927, 46.2657585144, 46.683719635, 47.0900688171, 47.508026123, 47.9027671814, 48.3091163635, 48.7154655457, 49.1218147278, 49.5281639099, 49.9461212158, 50.3756904602, 50.8052597046, 51.2232208252, 51.6411781311, 52.0591392517, 52.4770965576, 52.8950538635, 53.3130149841, 53.73097229, 54.1489334106, 54.578502655, 55.0080718994, 55.4144210815, 55.8207702637, 56.2387275696, 56.668296814, 57.0978660583, 57.5390472412, 57.9570045471, 58.3633537292, 58.7813148499, 59.2108840942, 59.6288414001, 60.0351905823, 60.4415397644, 60.859500885, 61.2774581909, 61.683807373, 62.1017684937, 62.531337738, 62.9492950439, 63.3672561646, 63.7968254089, 64.2031707764, 64.621131897, 65.0390930176, 65.4570541382, 65.8750076294, 66.316192627, 66.7689819336, 67.2217712402, 67.6745529175, 68.1389541626, 68.6033554077, 69.0561447144, 69.4973220825, 69.9152832031, 70.3332443237, 70.7511978149, 71.1691589355, 71.5871200562, 72.0050811768, 72.3998184204, 72.817779541, 73.2241287231, 73.6304779053, 74.0484313965, 74.4663925171, 74.8843536377, 75.3139190674, 75.731880188, 76.1614532471, 76.5910186768, 77.0321960449, 77.461769104, 77.8913345337, 78.3209075928, 78.738861084, 79.1684341431, 79.5979995728, 80.0159606934, 80.4571380615, 80.8867111206, 81.3511123657, 81.8271179199, 82.3031311035, 82.7791366577, 83.2435379028, 83.7079315186, 84.1491165161, 84.5902938843, 85.0314712524, 85.4958724976, 85.9602737427, 86.4362792969, 86.935508728, 87.4463500977, 88.0036239624, 88.5492935181, 89.0949630737, 89.5593643188, 90.035369873, 90.5345993042, 91.0454406738, 91.5562820435, 92.0555114746, 92.4966888428, 92.9262542725, 93.3558273315, 93.8782730103, 94.4123306274, 94.946395874, 95.4804534912, 96.0028991699], "beats_loudness": {"dmean2": 0.0334282368422, "median": 0.0209527686238, "min": 6.73670228934e-07, "dvar2": 0.00157552701421, "dvar": 0.000576255726628, "dmean": 0.019568245858, "max": 0.166469201446, "var": 0.000749277358409, "mean": 0.0290269684047}, "danceability": 1.08427512646, "bpm_histogram_second_peak_weight": {"dmean2": 0, "median": 0.159999996424, "min": 0.159999996424, "dvar2": 0, "dvar": 0, "dmean": 0, "max": 0.159999996424, "var": 0, "mean": 0.159999996424}, "beats_count": 226, "bpm_histogram_second_peak_bpm": {"dmean2": 0, "median": 152, "min": 152, "dvar2": 0, "dvar": 0, "dmean": 0, "max": 152, "var": 0, "mean": 152}, "bpm_histogram_first_peak_spread": {"dmean2": 0, "median": 0.493243217468, "min": 0.493243217468, "dvar2": 0, "dvar": 0, "dmean": 0, "max": 0.493243217468, "var": 0, "mean": 0.493243217468}, "beats_loudness_band_ratio": {"dmean2": [0.130276277661, 0.420927047729, 0.42425313592, 0.118538327515, 0.00835579261184, 0.000468693993753], "median": [0.0298071298748, 0.429826855659, 0.532902061939, 0.0370398201048, 0.00294071156532, 1.72409872903e-05], "min": [0.00104809808545, 0.00195146782789, 0.0278829149902, 0.00128075375687, 2.96358448395e-05, 2.77006620308e-06], "dvar2": [0.0358286835253, 0.123237296939, 0.118664808571, 0.0333408825099, 9.54370916588e-05, 1.13712158054e-05], "dvar": [0.015425240621, 0.0454271771014, 0.0416970700026, 0.0111113870516, 3.41158556694e-05, 1.12507086669e-05], "dmean": [0.0753917098045, 0.251800000668, 0.248014762998, 0.063616797328, 0.00489059416577, 0.000400988588808], "max": [0.876702129841, 0.925882101059, 0.994365096092, 0.755365133286, 0.0342371240258, 0.0475286655128], "var": [0.0185319408774, 0.0746344774961, 0.0692698583007, 0.00827504508197, 3.73062466679e-05, 1.43630995808e-05], "mean": [0.0795358419418, 0.415594041348, 0.5295779109, 0.0647480636835, 0.00518820201978, 0.000499383429997]}}, "lowlevel": {"barkbands_spread": {"dmean2": 1.49725484848, "median": 2.60846471786, "min": 0.0824424400926, "dvar2": 12.4824075699, "dvar": 3.992882967, "dmean": 0.958646535873, "max": 51.3010139465, "var": 8.25405025482, "mean": 3.20422434807}, "melbands_spread": {"dmean2": 1.85654628277, "median": 4.01217794418, "min": 0.390414774418, "dvar2": 7.01617050171, "dvar": 2.73428559303, "dmean": 1.20789635181, "max": 43.1950340271, "var": 8.61893844604, "mean": 4.53991174698}, "hfc": {"dmean2": 3.64501166344, "median": 4.9404759407, "min": 2.15884892896e-06, "dvar2": 33.3036003113, "dvar": 17.3484516144, "dmean": 2.72052574158, "max": 83.0335845947, "var": 80.8638000488, "mean": 7.76722097397}, "barkbands_kurtosis": {"dmean2": 6.84552001953, "median": 5.80246448517, "min": -1.76887774467, "dvar2": 213.039657593, "dvar": 85.8890380859, "dmean": 4.48710584641, "max": 240.12727356, "var": 164.894363403, "mean": 9.16494560242}, "gfcc": {"mean": [-239.0521698, 214.247055054, -109.577507019, -73.1216659546, -48.4865341187, -26.8562202454, -41.8513069153, -14.0593833923, -10.1313238144, -4.66264104843, -3.45081543922, -11.1280784607, -6.77193403244], "icov": [[0.00564351165667, -0.00720762182027, 0.00537754688412, -0.00354915205389, -0.00176485581324, 0.00623591709882, -0.00807978212833, 0.00957233179361, -0.00853575300425, 0.00678445445374, -0.00500337453559, 0.00259002717212, -0.00109339586925], [-0.00720762182027, 0.0138677265495, -0.00922899600118, 0.00984370335937, -0.00380682665855, -0.00368630513549, 0.00561619736254, -0.00686746975407, 0.00916018150747, -0.0060943053104, 0.00699420413002, -0.00354887288995, 0.00302231358364], [0.00537754688412, -0.00922899600118, 0.0109584415331, -0.0105069428682, 0.00801946315914, -0.00329187535681, 3.93048867409e-05, 0.00764584541321, -0.00999498646706, 0.0109054604545, -0.0125158978626, 0.00914516299963, -0.0041299588047], [-0.00354915205389, 0.00984370335937, -0.0105069428682, 0.0187481567264, -0.016497598961, 0.0111482543871, -0.00754156894982, -0.00286957644857, 0.0147572569549, -0.0183400064707, 0.0228687189519, -0.0175694581121, 0.00982735585421], [-0.00176485581324, -0.00380682665855, 0.00801946315914, -0.016497598961, 0.0261132139713, -0.0213735941797, 0.0187802165747, -0.00782200880349, -0.00645824056119, 0.0156430117786, -0.0235230252147, 0.0178384557366, -0.0103394780308], [0.00623591709882, -0.00368630513549, -0.00329187535681, 0.0111482543871, -0.0213735941797, 0.0316980443895, -0.0255844909698, 0.014133435674, -0.00142797431909, -0.0104116704315, 0.0226905010641, -0.0202852785587, 0.0112580182031], [-0.00807978212833, 0.00561619736254, 3.93048867409e-05, -0.00754156894982, 0.0187802165747, -0.0255844909698, 0.0365457423031, -0.0260921753943, 0.012426041998, -0.00174574588891, -0.00538402236998, 0.0134820584208, -0.0086118998006], [0.00957233179361, -0.00686746975407, 0.00764584541321, -0.00286957644857, -0.00782200880349, 0.014133435674, -0.0260921753943, 0.0368425920606, -0.0277256760746, 0.0186560973525, -0.0115857431665, 0.00307530839927, 0.00390295754187], [-0.00853575300425, 0.00916018150747, -0.00999498646706, 0.0147572569549, -0.00645824056119, -0.00142797431909, 0.012426041998, -0.0277256760746, 0.0445239059627, -0.0372006185353, 0.0306929256767, -0.0207241009921, 0.0088879512623], [0.00678445445374, -0.0060943053104, 0.0109054604545, -0.0183400064707, 0.0156430117786, -0.0104116704315, -0.00174574588891, 0.0186560973525, -0.0372006185353, 0.0608523897827, -0.052042696625, 0.0314603745937, -0.0147381778806], [-0.00500337453559, 0.00699420413002, -0.0125158978626, 0.0228687189519, -0.0235230252147, 0.0226905010641, -0.00538402236998, -0.0115857431665, 0.0306929256767, -0.052042696625, 0.0714724883437, -0.0451670661569, 0.024051560089], [0.00259002717212, -0.00354887288995, 0.00914516299963, -0.0175694581121, 0.0178384557366, -0.0202852785587, 0.0134820584208, 0.00307530839927, -0.0207241009921, 0.0314603745937, -0.0451670661569, 0.04702135548, -0.0237970277667], [-0.00109339586925, 0.00302231358364, -0.0041299588047, 0.00982735585421, -0.0103394780308, 0.0112580182031, -0.0086118998006, 0.00390295754187, 0.0088879512623, -0.0147381778806, 0.024051560089, -0.0237970277667, 0.0215080995113]], "cov": [[7088.72412109, 2598.47631836, -1788.02282715, -875.40637207, 719.276306152, -885.274597168, -165.435592651, -458.772338867, -42.4579429626, -399.359649658, 120.886543274, -318.343322754, 134.529312134], [2598.47631836, 1370.2409668, -358.099700928, -538.098876953, 209.984085083, -248.065612793, -156.207168579, -277.420410156, -38.7307510376, -180.832122803, 30.9128665924, -144.763671875, 32.5943908691], [-1788.02282715, -358.099700928, 947.866638184, 226.810073853, -256.354736328, 256.946350098, -35.3881912231, -57.4081268311, -58.3305740356, 73.1242218018, -51.9924278259, 52.4103927612, -33.3424034119], [-875.40637207, -538.098876953, 226.810073853, 503.489990234, 32.625919342, 86.4432220459, 79.2707061768, 74.7977905273, -45.8375053406, 56.9246368408, -25.286699295, 58.1039733887, -16.2717094421], [719.276306152, 209.984085083, -256.354736328, 32.625919342, 269.182891846, -42.1368637085, -35.1750717163, -4.88067770004, 10.974023819, -38.6028213501, 36.1177177429, -2.93613648415, 6.56205892563], [-885.274597168, -248.065612793, 256.946350098, 86.4432220459, -42.1368637085, 262.341583252, 76.0148239136, 54.9571380615, 9.91980361938, 29.0952663422, -55.5932044983, 39.9401741028, -15.2189903259], [-165.435592651, -156.207168579, -35.3881912231, 79.2707061768, -35.1750717163, 76.0148239136, 182.510681152, 112.54498291, 3.75360178947, -0.615517377853, -48.8857765198, -33.8942222595, -18.3257198334], [-458.772338867, -277.420410156, -57.4081268311, 74.7977905273, -4.88067770004, 54.9571380615, 112.54498291, 218.858673096, 81.3800201416, 36.1720046997, -0.297517359257, 3.42605829239, -60.0227127075], [-42.4579429626, -38.7307510376, -58.3305740356, -45.8375053406, 10.974023819, 9.91980361938, 3.75360178947, 81.3800201416, 108.573936462, 41.8991966248, 20.3109531403, 15.7501840591, -21.5965881348], [-399.359649658, -180.832122803, 73.1242218018, 56.9246368408, -38.6028213501, 29.0952663422, -0.615517377853, 36.1720046997, 41.8991966248, 93.0657730103, 40.9674339294, 27.8725013733, -15.9725027084], [120.886543274, 30.9128665924, -51.9924278259, -25.286699295, 36.1177177429, -55.5932044983, -48.8857765198, -0.297517359257, 20.3109531403, 40.9674339294, 93.2019424438, 37.068145752, -13.21758461], [-318.343322754, -144.763671875, 52.4103927612, 58.1039733887, -2.93613648415, 39.9401741028, -33.8942222595, 3.42605829239, 15.7501840591, 27.8725013733, 37.068145752, 117.734786987, 52.5668830872], [134.529312134, 32.5943908691, -33.3424034119, -16.2717094421, 6.56205892563, -15.2189903259, -18.3257198334, -60.0227127075, -21.5965881348, -15.9725027084, -13.21758461, 52.5668830872, 135.381652832]]}, "spectral_energyband_middle_low": {"dmean2": 0.00839416310191, "median": 0.0099303163588, "min": 1.55394919155e-09, "dvar2": 0.000188008532859, "dvar": 8.97467616596e-05, "dmean": 0.00604983745143, "max": 0.175360575318, "var": 0.000397230061935, "mean": 0.0164417456836}, "melbands_crest": {"dmean2": 4.85217428207, "median": 17.1178951263, "min": 5.50776958466, "dvar2": 22.1914710999, "dvar": 9.49031162262, "dmean": 3.09491467476, "max": 36.6918640137, "var": 38.5860328674, "mean": 18.1635169983}, "spectral_kurtosis": {"dmean2": 52.9747886658, "median": 129.094604492, "min": 1.51760625839, "dvar2": 2306.59912109, "dvar": 830.069091797, "dmean": 31.670955658, "max": 357.141174316, "var": 2992.76147461, "mean": 127.077659607}, "spectral_rms": {"dmean2": 0.000937954988331, "median": 0.00320890638977, "min": 1.75943137037e-06, "dvar2": 1.30447676838e-06, "dvar": 6.94002039836e-07, "dmean": 0.000712668173946, "max": 0.0133763765916, "var": 4.68622738481e-06, "mean": 0.00351032963954}, "zerocrossingrate": {"dmean2": 0.00256532477215, "median": 0.0224609375, "min": 0.00732421875, "dvar2": 1.50621854118e-05, "dvar": 8.33670037537e-06, "dmean": 0.00207185163163, "max": 0.09423828125, "var": 5.22834488947e-05, "mean": 0.0232920590788}, "silence_rate_60dB": {"dmean2": 0.176880553365, "median": 0, "min": 0, "dvar2": 0.166269391775, "dvar": 0.0805972367525, "dmean": 0.0884190276265, "max": 1, "var": 0.16446390748, "mean": 0.207542642951}, "erbbands_kurtosis": {"dmean2": 3.64960408211, "median": 2.64671611786, "min": -1.71055078506, "dvar2": 37.442276001, "dvar": 21.2105484009, "dmean": 2.53491282463, "max": 98.318977356, "var": 71.6589736938, "mean": 5.18259477615}, "erbbands": {"dmean2": [0.000674695242196, 0.0123599199578, 0.089978672564, 0.715675294399, 2.88778567314, 8.95567893982, 18.3875789642, 35.1299476624, 29.813041687, 43.2376365662, 31.2478809357, 11.7296390533, 17.792350769, 7.31907129288, 4.76922750473, 3.28755092621, 3.77791213989, 3.72070193291, 1.32947409153, 1.09725189209, 0.453364431858, 0.179044663906, 0.104720294476, 0.0466915294528, 0.0264093559235, 0.00938130915165, 0.00316825602204, 0.00116928399075, 0.000690830813255, 0.000268682662863, 0.000193847459741, 7.81432463555e-05, 4.63530159323e-05, 2.94034180115e-05, 1.73255302798e-05, 9.97426559479e-06, 4.77582034364e-06, 1.39652240705e-06, 4.0708277993e-06, 9.61314617598e-06], "median": [0.000328525726218, 0.00180448987521, 0.0116390306503, 0.0978584289551, 0.650239169598, 2.09156227112, 4.9434504509, 7.70747184753, 15.5482358932, 17.9753952026, 15.4232797623, 8.46802425385, 4.99296140671, 2.52798438072, 1.91455829144, 2.38613796234, 1.6498593092, 1.60856235027, 0.684094130993, 0.27552729845, 0.100768439472, 0.0483710803092, 0.0211242139339, 0.00779430149123, 0.003155462211, 0.00117515365127, 0.000383066770155, 0.000235202984186, 0.000177359237568, 0.000137941911817, 0.000116904258903, 0.000100520330307, 8.30974167911e-05, 6.3928484451e-05, 4.32089036622e-05, 2.6436178814e-05, 1.30412918224e-05, 3.99458849643e-06, 5.78038088861e-06, 1.1931494555e-05], "min": [2.03896064477e-08, 9.67216990944e-08, 2.74313777027e-07, 5.61484171158e-07, 8.83948018782e-07, 1.14832869258e-06, 2.16665898733e-06, 5.18706201547e-06, 5.42627549294e-06, 1.72094712525e-06, 1.41143846122e-06, 1.52769121087e-06, 3.30864600073e-06, 1.63568472544e-06, 2.31585795518e-06, 1.59507351327e-06, 2.10010580304e-06, 2.41567340709e-06, 8.52680784647e-07, 8.08028289612e-07, 1.28053341086e-06, 6.08520167589e-07, 6.96617803442e-07, 1.56201531354e-06, 1.11469728381e-06, 4.16259922531e-07, 1.11215967991e-06, 7.20458160686e-07, 3.99741622914e-07, 5.22612822351e-07, 3.74583066787e-07, 3.25808571233e-07, 2.86014767426e-07, 1.52017051391e-07, 1.18962461215e-07, 5.70227776109e-08, 2.67741757654e-08, 6.29626661919e-09, 1.77459202888e-09, 1.68699831882e-10], "dvar2": [4.75812203149e-06, 0.001827808097, 0.0848036855459, 4.67546463013, 71.1688842773, 731.138366699, 2085.46142578, 8388.66113281, 6536.01171875, 11110.2441406, 4371.37304688, 743.812744141, 5438.47412109, 2591.63769531, 423.346954346, 52.7740783691, 127.439704895, 95.3408279419, 12.5664138794, 17.2022209167, 2.96425318718, 0.408102720976, 0.197630479932, 0.0479082986712, 0.0730680599809, 0.00459180213511, 0.000449062150437, 7.08705338184e-05, 2.76854061667e-05, 3.17682747664e-06, 2.76280866274e-06, 1.79200654316e-07, 1.58765409708e-08, 1.78777981308e-09, 4.54618870327e-10, 1.35076533292e-10, 3.31612411142e-11, 2.7316684071e-12, 4.29517116318e-11, 2.43459835625e-10], "dvar": [2.83239683085e-06, 0.00101947563235, 0.0321497060359, 2.34880948067, 36.4874916077, 332.496948242, 824.470214844, 3461.9621582, 2591.19311523, 4995.16992188, 3109.20751953, 439.560943604, 2744.00244141, 1486.74291992, 215.377441406, 26.9451541901, 70.8494033813, 47.8048019409, 7.24815750122, 8.1529340744, 1.40230166912, 0.220938563347, 0.0983494743705, 0.0242514256388, 0.0325782597065, 0.00204207631759, 0.000222126895096, 3.76105235773e-05, 1.3475405467e-05, 1.61793707321e-06, 1.0753198012e-06, 9.83538939181e-08, 5.6640589996e-09, 6.81618983478e-10, 1.7700772792e-10, 5.65280912357e-11, 1.46938867324e-11, 1.04876025399e-12, 2.12258630811e-11, 1.1901025998e-10], "dmean": [0.000443958851974, 0.00806897226721, 0.0569036789238, 0.479312926531, 2.02655482292, 6.29111862183, 12.0351819992, 22.7797756195, 20.6173114777, 29.7275371552, 24.656545639, 8.82720279694, 12.5617647171, 5.31390333176, 3.69973134995, 2.37144827843, 2.80880093575, 2.64201378822, 0.991517722607, 0.77234941721, 0.321237415075, 0.129273936152, 0.0735495015979, 0.0333413928747, 0.019718516618, 0.00654306728393, 0.00218154140748, 0.000798384600785, 0.000482189934701, 0.000187334415386, 0.000116844079457, 4.77153953398e-05, 2.72305733233e-05, 1.77017609531e-05, 1.06341331048e-05, 6.22977904641e-06, 3.08944481731e-06, 8.52315622524e-07, 2.98061104331e-06, 7.015151823e-06], "max": [0.0715311691165, 1.07705211639, 3.37769722939, 48.5887641907, 156.122314453, 522.014709473, 653.627258301, 1660.23486328, 1346.85388184, 1800.48364258, 2432.75585938, 758.693664551, 1580.91906738, 1736.15734863, 480.156066895, 147.085876465, 248.331985474, 161.731384277, 86.6848983765, 88.1850814819, 44.7380218506, 13.7030858994, 12.5733671188, 6.04888153076, 7.34615325928, 1.3474560976, 0.481961995363, 0.210102960467, 0.123577848077, 0.039260763675, 0.0349431447685, 0.0168082974851, 0.00282360054553, 0.000864152680151, 0.000304359826259, 0.000176639179699, 9.42999395193e-05, 2.44352231675e-05, 8.87748756213e-05, 0.000205316988286], "var": [1.04393702713e-05, 0.00340708694421, 0.0669269412756, 6.38785123825, 80.7357788086, 1041.5892334, 2327.64672852, 13596.6152344, 7490.0390625, 17577.2773438, 16038.7880859, 1630.08447266, 6749.56152344, 2449.99145508, 464.025543213, 93.8598556519, 212.579193115, 136.833648682, 26.3703613281, 14.9419279099, 4.67022275925, 0.590134561062, 0.246740087867, 0.0759934335947, 0.0618557743728, 0.00395948812366, 0.000468904821901, 6.32722731098e-05, 2.55603245023e-05, 2.7256382964e-06, 9.14920008199e-07, 1.62078038102e-07, 5.63951951804e-09, 1.46569567594e-09, 5.42400180326e-10, 2.23862497983e-10, 6.52067913554e-11, 3.35275774158e-12, 9.86911455336e-11, 5.42557998529e-10], "mean": [0.000961223617196, 0.0146932909265, 0.0916093736887, 0.778735995293, 3.29387974739, 12.5555553436, 24.5246238708, 47.8240814209, 46.1920776367, 66.1653442383, 57.9146957397, 21.1057682037, 27.8836708069, 9.70551109314, 7.75391197205, 5.5720705986, 6.09060716629, 5.60210371017, 2.20317912102, 1.32588219643, 0.651754021645, 0.263138860464, 0.15309086442, 0.0721961259842, 0.040263466537, 0.0126221468672, 0.00408217683434, 0.00149741966743, 0.000941725680605, 0.000367632077541, 0.000210979327676, 0.000136480244691, 9.83273348538e-05, 7.38530943636e-05, 4.95641725138e-05, 3.06014335365e-05, 1.53632627189e-05, 4.45349724032e-06, 9.01591829461e-06, 1.95956181415e-05]}, "spectral_strongpeak": {"dmean2": 0.628142416477, "median": 1.08984851837, "min": 0, "dvar2": 0.540050029755, "dvar": 0.249526828527, "dmean": 0.428025662899, "max": 6.70044565201, "var": 0.939426541328, "mean": 1.30102944374}, "spectral_energy": {"dmean2": 0.00860728789121, "median": 0.0105545064434, "min": 3.17298853858e-09, "dvar2": 0.00019613277982, "dvar": 9.55436480581e-05, "dmean": 0.00627154344693, "max": 0.183400645852, "var": 0.000434018933447, "mean": 0.0174338184297}, "average_loudness": 0.631009340286, "spectral_rolloff": {"dmean2": 93.0818939209, "median": 559.86328125, "min": 21.533203125, "dvar2": 22621.3164062, "dvar": 10547.6132812, "dmean": 53.3979263306, "max": 1335.05859375, "var": 27210.1035156, "mean": 570.059265137}, "spectral_centroid": {"dmean2": 57.4485626221, "median": 463.469207764, "min": 230.515426636, "dvar2": 7854.29492188, "dvar": 3443.77832031, "dmean": 38.4068832397, "max": 2549.59130859, "var": 32509.9023438, "mean": 495.242797852}, "pitch_salience": {"dmean2": 0.112946130335, "median": 0.51412665844, "min": 0.0700619891286, "dvar2": 0.0134167196229, "dvar": 0.00540207093582, "dmean": 0.0712416321039, "max": 0.850007236004, "var": 0.0201218556613, "mean": 0.502519905567}, "spectral_energyband_middle_high": {"dmean2": 0.000523297814652, "median": 0.000415592570789, "min": 3.35298205867e-10, "dvar2": 3.21921766044e-06, "dvar": 1.83783595276e-06, "dmean": 0.000399073964218, "max": 0.0464721955359, "var": 4.31062699136e-06, "mean": 0.000998096424155}, "spectral_contrast_coeffs": {"dmean2": [0.0815979242325, 0.0765248760581, 0.0557499788702, 0.0478552170098, 0.0279154032469, 0.0277512278408], "median": [-0.546993553638, -0.62867128849, -0.708269417286, -0.720125377178, -0.774882018566, -0.880619287491], "min": [-0.974720180035, -0.941793620586, -0.950249910355, -0.950448155403, -0.940111577511, -0.944111347198], "dvar2": [0.00422252807766, 0.004837683402, 0.00260512204841, 0.00190736772493, 0.000666899199132, 0.000766776734963], "dvar": [0.00169801560696, 0.00204107048921, 0.00111460254993, 0.000843792047817, 0.000373890536139, 0.000264049274847], "dmean": [0.0509817637503, 0.0493462532759, 0.0363576821983, 0.0313307121396, 0.01933439821, 0.0159429591149], "max": [-0.252194941044, -0.380378901958, -0.453571885824, -0.556676208973, -0.606518149376, -0.688273906708], "var": [0.0153085207567, 0.00816240627319, 0.00664456700906, 0.00426197052002, 0.00429950747639, 0.000625040323939], "mean": [-0.559023797512, -0.633477568626, -0.705286681652, -0.723757684231, -0.775975942612, -0.87572157383]}, "melbands_skewness": {"dmean2": 0.904528021812, "median": 1.14959716797, "min": -4.13523483276, "dvar2": 1.40237355232, "dvar": 0.544326066971, "dmean": 0.591812431812, "max": 23.3074436188, "var": 2.25292873383, "mean": 1.27849388123}, "spectral_spread": {"dmean2": 554566.5, "median": 849758.625, "min": 277319.96875, "dvar2": 247764107264, "dvar": 88370888704, "dmean": 312076.34375, "max": 15451098, "var": 1512364179460.0, "mean": 1118668.5}, "dissonance": {"dmean2": 0.0900224298239, "median": 0.334737986326, "min": 0.116839930415, "dvar2": 0.00644846027717, "dvar": 0.00238563399762, "dmean": 0.0532089434564, "max": 0.499970734119, "var": 0.00568958884105, "mean": 0.335674345493}, "spectral_skewness": {"dmean2": 2.52145957947, "median": 8.74768447876, "min": 1.11119031906, "dvar2": 4.76365804672, "dvar": 1.69606339931, "dmean": 1.4705657959, "max": 16.1035499573, "var": 6.08204317093, "mean": 8.42733764648}, "spectral_flux": {"dmean2": 0.035849519074, "median": 0.0342775993049, "min": 0.000191918225028, "dvar2": 0.00193873920944, "dvar": 0.000788203673437, "dmean": 0.0220744907856, "max": 0.315570622683, "var": 0.00132699834649, "mean": 0.0442724525928}, "spectral_contrast_valleys": {"dmean2": [0.738663613796, 0.63537555933, 0.534723043442, 0.570045411587, 0.368373185396, 0.487423181534], "median": [-9.40110874176, -7.03329515457, -8.45927333832, -9.93658828735, -11.8638534546, -14.1063585281], "min": [-13.5869884491, -15.3578834534, -15.3068933487, -15.4343976974, -15.2610588074, -17.5182228088], "dvar2": [0.328628063202, 0.344776421785, 0.248406976461, 0.369669079781, 0.176619961858, 0.243978306651], "dvar": [0.132485881448, 0.152109906077, 0.116705626249, 0.167320460081, 0.0813412368298, 0.0780511423945], "dmean": [0.448349386454, 0.399148643017, 0.347527474165, 0.366166889668, 0.233939856291, 0.273566842079], "max": [-6.417948246, -4.7027220726, -6.18865680695, -6.79980707169, -8.67061519623, -12.2202978134], "var": [0.857850372791, 1.36458551884, 1.39044189453, 1.19824635983, 0.36487019062, 0.133745118976], "mean": [-9.37777805328, -7.18565654755, -8.64528179169, -10.006975174, -11.7565507889, -13.995932579]}, "erbbands_flatness_db": {"dmean2": 0.0263036396354, "median": 0.412893652916, "min": 0.0303015615791, "dvar2": 0.000656099233311, "dvar": 0.000336134544341, "dmean": 0.0180805698037, "max": 0.556285202503, "var": 0.00467423722148, "mean": 0.403014391661}, "spectral_energyband_high": {"dmean2": 1.67661767136e-07, "median": 4.51532677914e-08, "min": 1.10880145343e-10, "dvar2": 1.35668624772e-12, "dvar": 6.27425683023e-13, "dmean": 1.14893964565e-07, "max": 2.68124258582e-05, "var": 1.14246275201e-12, "mean": 2.29610293445e-07}, "spectral_entropy": {"dmean2": 0.280725479126, "median": 5.34774446487, "min": 3.7822728157, "dvar2": 0.0855956748128, "dvar": 0.0390454791486, "dmean": 0.191354885697, "max": 8.57001209259, "var": 0.333682566881, "mean": 5.38543081284}, "silence_rate_20dB": {"dmean2": 0, "median": 1, "min": 1, "dvar2": 0, "dvar": 0, "dmean": 0, "max": 1, "var": 0, "mean": 1}, "melbands_flatness_db": {"dmean2": 0.0340285226703, "median": 0.483070552349, "min": 0.106948144734, "dvar2": 0.00109052762855, "dvar": 0.00050598551752, "dmean": 0.0231047011912, "max": 0.636081397533, "var": 0.00395740196109, "mean": 0.476612478495}, "barkbands": {"dmean2": [2.22784947255e-05, 4.38618371845e-05, 0.000113627189421, 0.00038937406498, 0.00230773724616, 0.0039062583819, 0.00210578599945, 0.00179811718408, 0.000588546216022, 0.000427783175837, 0.000118096882943, 7.55538494559e-05, 7.20097086742e-05, 7.20858151908e-05, 2.16036460188e-05, 1.3990473235e-05, 3.60281251233e-06, 1.66546931268e-06, 6.02535976668e-07, 1.85887685689e-07, 4.17745340542e-08, 2.01602450289e-08, 5.86803139413e-09, 2.84391687977e-09, 2.18631845961e-09, 1.8849515282e-09, 1.75439218708e-09], "median": [7.55506407586e-05, 6.42699478703e-06, 9.47898115555e-06, 4.20289288741e-05, 0.000662041129544, 0.00109243602492, 0.00103531661443, 0.000898884492926, 0.000256467756117, 9.49690875132e-05, 2.85351725324e-05, 4.51567102573e-05, 2.20356650971e-05, 2.69390184258e-05, 6.13899283053e-06, 2.52256677413e-06, 7.27476049178e-07, 2.94497169762e-07, 6.25335445648e-08, 1.97379357303e-08, 6.06906436218e-09, 4.60591209617e-09, 3.8834175875e-09, 4.51015624847e-09, 5.14809750385e-09, 5.22725152052e-09, 4.47930714742e-09], "min": [4.22656992738e-10, 5.10090525374e-10, 2.57567467354e-10, 2.13113665604e-10, 3.39987205056e-10, 5.43518730023e-10, 2.81132450652e-10, 5.74375963458e-11, 7.83877407429e-11, 8.51118203693e-11, 4.55292054058e-11, 4.41196731926e-11, 4.79670921039e-11, 4.11968896497e-11, 7.98771812582e-12, 2.49195681451e-11, 1.05600875266e-11, 1.37470538425e-11, 3.04586945943e-11, 7.2379185978e-12, 2.66111698649e-11, 1.22834919319e-11, 1.34278725292e-11, 1.75439576061e-11, 1.40779540803e-11, 1.40000042809e-11, 1.13724316422e-11], "dvar2": [6.84579060106e-10, 2.45920404041e-08, 1.63869586345e-07, 1.39516737363e-06, 3.45175794791e-05, 9.26453358261e-05, 2.41784018726e-05, 1.43602110256e-05, 2.68651342594e-06, 4.06470189773e-06, 2.98364142282e-07, 2.97113249559e-08, 4.76158525942e-08, 3.57497711434e-08, 3.89438348236e-09, 3.04217095959e-09, 2.27029769984e-10, 4.32018761043e-11, 2.22719273579e-11, 1.65633706837e-12, 9.17642020313e-14, 2.98350787706e-14, 1.61898881159e-15, 1.70566667247e-16, 8.99971431123e-18, 5.56822667759e-18, 5.55477548005e-18], "dvar": [2.05930481001e-10, 1.38400091387e-08, 6.12700432612e-08, 6.99641361734e-07, 1.6593354303e-05, 3.67082866433e-05, 1.00496881714e-05, 8.03852708486e-06, 1.52494328631e-06, 2.23500796892e-06, 1.56199959633e-07, 1.49247423309e-08, 2.58603858327e-08, 1.80829680119e-08, 2.10748707374e-09, 1.46440448656e-09, 1.1924281007e-10, 2.2112797704e-11, 1.05149448176e-11, 7.81073935998e-13, 4.42188840611e-14, 1.44888661751e-14, 6.60545620785e-16, 8.88457953808e-17, 3.1315192699e-18, 1.76091656366e-18, 1.75531448297e-18], "dmean": [1.22547444334e-05, 2.87017810479e-05, 7.14666675776e-05, 0.000251160090556, 0.00164024299011, 0.00251588271931, 0.00148511619773, 0.00132662593387, 0.000422466488089, 0.000304107379634, 9.11858151085e-05, 5.39458706044e-05, 5.26484800503e-05, 5.10580284754e-05, 1.52290585902e-05, 9.82714482234e-06, 2.57227566181e-06, 1.17498063901e-06, 4.4560238166e-07, 1.30303376977e-07, 2.71636526605e-08, 1.44281377956e-08, 3.53550211329e-09, 1.68906244546e-09, 1.26540045109e-09, 1.07820186113e-09, 9.84878067989e-10], "max": [0.000231498357607, 0.00412085326388, 0.00478786462918, 0.0292956158519, 0.12782035768, 0.129141166806, 0.0768847689033, 0.0934001654387, 0.0312586538494, 0.0439758449793, 0.0130705069751, 0.00288968789391, 0.00465037859976, 0.00327923544683, 0.00112371204887, 0.00109666248318, 0.00040610434371, 0.000171325213159, 0.000108791289676, 3.25607179548e-05, 7.10314770913e-06, 4.65406947114e-06, 7.300515108e-07, 5.00889598243e-07, 5.61174573477e-08, 2.2650310072e-08, 2.17894378096e-08], "var": [1.9041428434e-09, 4.58174369555e-08, 1.09730407871e-07, 1.81300629265e-06, 5.84767221881e-05, 0.000112892390462, 3.75344461645e-05, 3.01678137475e-05, 5.11052530783e-06, 5.01842760059e-06, 3.40540168509e-07, 4.64435672143e-08, 7.62442056157e-08, 5.40917710623e-08, 5.66762858867e-09, 3.62781027441e-09, 2.64840760433e-10, 7.33474739278e-11, 2.41837227327e-11, 2.05590102234e-12, 6.32071773935e-14, 2.99372275559e-14, 6.61040499784e-16, 1.38781014747e-16, 4.69106615806e-18, 2.35473091385e-18, 2.04926883007e-18], "mean": [6.36395052425e-05, 5.06264623255e-05, 0.00010315275722, 0.000368425942725, 0.00332761975005, 0.00509093562141, 0.00348876952194, 0.0028548759874, 0.000903885054868, 0.000613392097875, 0.000179368726094, 0.00011975660891, 0.000108594053017, 0.000106007457362, 2.81636948785e-05, 1.80600436579e-05, 4.7256085054e-06, 2.56944031207e-06, 9.22932144931e-07, 2.64961073526e-07, 4.56505198088e-08, 2.79581477969e-08, 6.8715451107e-09, 5.50344614325e-09, 5.61409807531e-09, 5.53008527859e-09, 4.8021182586e-09]}, "erbbands_skewness": {"dmean2": 0.645647108555, "median": 1.15992105007, "min": -2.87686634064, "dvar2": 0.447295367718, "dvar": 0.223377719522, "dmean": 0.439152270555, "max": 6.86474752426, "var": 1.25373339653, "mean": 1.28929746151}, "erbbands_spread": {"dmean2": 2.49449872971, "median": 6.14915037155, "min": 0.343641996384, "dvar2": 14.9110488892, "dvar": 6.57810258865, "dmean": 1.68282175064, "max": 1