{"tonal": {"thpcp": [1, 0.804092764854, 0.313150018454, 0.141122341156, 0.0956683903933, 0.129950121045, 0.193092823029, 0.179565772414, 0.159453481436, 0.170274049044, 0.140137985349, 0.181628808379, 0.253853976727, 0.235020756721, 0.289939969778, 0.353739053011, 0.255381971598, 0.151517212391, 0.120712429285, 0.120922528207, 0.250026345253, 0.416220128536, 0.321927458048, 0.14770193398, 0.109024189413, 0.0970592275262, 0.132423564792, 0.189048275352, 0.20150564611, 0.286319732666, 0.373000234365, 0.291366010904, 0.199753671885, 0.200330585241, 0.25590467453, 0.56908094883], "hpcp": {"dmean2": [0.242516383529, 0.208226576447, 0.179250627756, 0.147411391139, 0.14348654449, 0.197079464793, 0.248237520456, 0.198755130172, 0.142684355378, 0.116253316402, 0.106780141592, 0.129501610994, 0.176546260715, 0.193462952971, 0.260589540005, 0.287894368172, 0.248669788241, 0.232121273875, 0.248234853148, 0.308736860752, 0.430688738823, 0.439403384924, 0.461073279381, 0.350346028805, 0.191555052996, 0.133068487048, 0.132411673665, 0.151778042316, 0.141780078411, 0.137624248862, 0.133844688535, 0.126590743661, 0.15881870687, 0.204852104187, 0.230784505606, 0.254223108292], "median": [0.0581232607365, 0.0422857403755, 0.0202175080776, 0.0144755439833, 0.0166259538382, 0.060362175107, 0.105806738138, 0.0752162784338, 0.0243578590453, 0.0118474746123, 0.0104661565274, 0.02229513973, 0.0278411600739, 0.0303136594594, 0.0472441092134, 0.0570086762309, 0.0413288399577, 0.0281034447253, 0.0255009066314, 0.0401089936495, 0.230704277754, 0.522472023964, 0.371761709452, 0.0722059309483, 0.0169398933649, 0.00995580479503, 0.0213570203632, 0.0339590907097, 0.0297185573727, 0.0180274881423, 0.0141964601353, 0.0134985428303, 0.0399098545313, 0.0544415041804, 0.044640019536, 0.0457711406052], "min": [0, 0, 0, 0, 0, 0, 0, 0, 0, 0, 0, 0, 0, 0, 0, 0, 0, 0, 0, 0, 0, 0, 0, 0, 0, 0, 0, 0, 0, 0, 0, 0, 0, 0, 0, 0], "dvar2": [0.114519461989, 0.0976077392697, 0.0944313108921, 0.0704992190003, 0.0632019862533, 0.0735874772072, 0.0954234451056, 0.0703536719084, 0.0565338768065, 0.0584019683301, 0.0538102425635, 0.05862987414, 0.0914716571569, 0.100657530129, 0.13159313798, 0.150425866246, 0.125636816025, 0.131444051862, 0.137782409787, 0.155436143279, 0.165479913354, 0.154774054885, 0.166206300259, 0.161401242018, 0.0983341038227, 0.0819809213281, 0.0659725815058, 0.0669880732894, 0.0659381002188, 0.074268117547, 0.0691795870662, 0.068549618125, 0.0731937214732, 0.0981650725007, 0.122826986015, 0.13833835721], "dvar": [0.0441700778902, 0.0355319976807, 0.0341515168548, 0.0258050393313, 0.022834148258, 0.0279557853937, 0.0378384888172, 0.0267746150494, 0.0207863878459, 0.0207901094109, 0.0191377084702, 0.021348092705, 0.0336070396006, 0.0370608344674, 0.0500276535749, 0.0584037676454, 0.0473113246262, 0.0468370690942, 0.0499059185386, 0.0561167150736, 0.0586973465979, 0.0650215521455, 0.0613602437079, 0.0563874766231, 0.0350178144872, 0.0286163240671, 0.0233255326748, 0.0260029546916, 0.0255624204874, 0.0277686528862, 0.0272717885673, 0.0255960728973, 0.0268319938332, 0.0375966802239, 0.0449107289314, 0.0503430739045], "dmean": [0.140941724181, 0.118544138968, 0.0993259772658, 0.0813148915768, 0.0795205831528, 0.115563549101, 0.148028746247, 0.116865880787, 0.0815570950508, 0.0649582371116, 0.0594654083252, 0.0728557035327, 0.0998111516237, 0.109378628433, 0.148836225271, 0.164818540215, 0.141005918384, 0.128207698464, 0.13582482934, 0.171502694488, 0.245521843433, 0.25675585866, 0.26621901989, 0.193472966552, 0.103327408433, 0.0712419375777, 0.0741624757648, 0.0884455740452, 0.0821668505669, 0.0793730393052, 0.0768521130085, 0.0716050490737, 0.0908549129963, 0.117112621665, 0.129264578223, 0.143650114536], "max": [1, 1, 1, 1, 1, 1, 1, 1, 1, 1, 1, 1, 1, 1, 1, 1, 1, 1, 1, 1, 1, 1, 1, 1, 1, 1, 1, 1, 1, 1, 1, 1, 1, 1, 1, 1], "var": [0.0776528567076, 0.046903770417, 0.0282228402793, 0.0208330992609, 0.0190632808954, 0.0357813797891, 0.0769448429346, 0.0565191358328, 0.022575320676, 0.0204355735332, 0.0167953632772, 0.0188901312649, 0.0352781675756, 0.0384051539004, 0.0568810664117, 0.0853740647435, 0.0610670149326, 0.0383588038385, 0.0407761000097, 0.050022277981, 0.0780398771167, 0.134106263518, 0.113385222852, 0.0520163439214, 0.0253845304251, 0.0191442146897, 0.0198248140514, 0.0344248600304, 0.033230561763, 0.0337332114577, 0.042120244354, 0.0306432060897, 0.0258531328291, 0.0438163951039, 0.0423646830022, 0.0594311840832], "mean": [0.192830070853, 0.139213696122, 0.0825949907303, 0.0658027008176, 0.0659172311425, 0.13629424572, 0.226889714599, 0.175488948822, 0.0805152058601, 0.0594312138855, 0.0529088787735, 0.0721866711974, 0.10305390507, 0.109844662249, 0.156078472733, 0.203329712152, 0.158829301596, 0.108889624476, 0.109204113483, 0.139498636127, 0.310217142105, 0.545119524002, 0.438326656818, 0.170704185963, 0.0769285410643, 0.0521507076919, 0.0708383470774, 0.105258665979, 0.097884811461, 0.0869212076068, 0.0928197056055, 0.0763919502497, 0.0990094095469, 0.138380765915, 0.128114402294, 0.158051937819]}, "tuning_equal_tempered_deviation": 0.0610050857067, "chords_changes_rate": 0.0448035262525, "key_key": "A", "tuning_diatonic_strength": 0.665218651295, "key_scale": "major", "chords_number_rate": 0.00165258906782, "tuning_frequency": 441.272583008, "tuning_nontempered_energy_ratio": 0.715063214302, "chords_histogram": [31.3624687195, 12.5413150787, 34.5758361816, 0, 0, 0, 0, 0, 0, 0, 0, 0.0734484046698, 0, 0.220345214009, 0, 0.275431513786, 0, 2.93793606758, 1.37715756893, 7.2530298233, 1.9280205965, 1.59750270844, 5.52699232101, 0.330517798662], "key_strength": 0.733446955681, "chords_key": "E", "chords_strength": {"dmean2": 0.0089508658275, "median": 0.534095168114, "min": 0.260096728802, "dvar2": 6.64610342938e-05, "dvar": 5.96791251155e-05, "dmean": 0.00870288163424, "max": 0.737794101238, "var": 0.00687215896323, "mean": 0.535119473934}, "chords_scale": "major", "hpcp_entropy": {"dmean2": 1.09433090687, "median": 1.93841218948, "min": 0, "dvar2": 0.780170321465, "dvar": 0.273901730776, "dmean": 0.646798610687, "max": 4.19623374939, "var": 0.555636942387, "mean": 1.89913034439}}, "metadata": {"audio_properties": {"equal_loudness": 0, "codec": "mp3", "downmix": "mix", "sample_rate": 44100, "analysis_sample_rate": 44100, "bit_rate": 192020, "md5_encoded": "a2821a3d46337e1d9d9b918e3278037b", "length": 252.839187622, "replay_gain": -11.1770000458, "lossless": false}, "version": {"essentia_build_sha": "2d9f1f26377add8aeb1075a9c2973f962c4f09fd", "essentia": "2.1-beta2", "extractor": "music 1.0", "essentia_git_sha": "v2.1_beta2-1-ge3940c0"}, "tags": {"title": ["Kick the Stones"], "barcode": ["0 7464-46966-2"], "acoustid_fingerprint": ["AQADtEoiKYoSJVwCV8c7wT36G0_IFG0PV0foZUajo0-GSJfRvHjQ0LoQnsabo8l1aEfjDT1-OM6CK6JxE6p-9NRxqJgyZvjxLSHR7HiWozm-44SnET8-FWoRrvhx_jgaDs-SDz0cI4QmpTKsEOFzNN9RmTGaocyOZ0fzodcc9FI8oXlOXMhznD3EPMf7pXhQyhm-EF_ooZZ-NI809PiPH3rQM9jqB-Fz4cuN8UMexTgxM8ugIwxFKuhy43uCEq4-tFx4xC80SjGuI3yybEI7olFIvAmP8Nh6CLmU5KgcB9_RPWh-XCbeDz2al3gp9AjjJEPyozmeLB9-2FqHu4TRH3kvfBehjYc_5ESfCLVepM_w6LhhixqyGHeILoePalGi4KsY5NAZZEkaBp3u4w_6Hg0f7HLxDqG8C1N06AuFxg96PGj-od7RQ9J58EfD8fiIRtxRq8UpHT6uXNgvaI1INPKCfEGPK0Sf4uiJKZ-FeAo0SeKRPjf8oNSOawzCRMdj6Dp84VlOHLYOXh88qwraZTlCS8bmMEW7RELdwxGToZaLH8-DM7SC8vBz9PhxlTLyQN2OHKOkeEEfPQaToznVoMT14GSK5rPQMTmeI3XC4xu0fOiH0BcaRjWuB5GiHLUy_Gh-IfSGr0f4wA-NZ9CPnkaEkjnMWyi7HN3hs-iPbqILv0bMIvmShXBFYfcKx0UVHfVIBU-NvTjMMQidpBTuHAp1otHjoC-eo5m21LCUFJU4aQ3-oEIzKSyeGtcSFVPeoxfOHhqlPDgtnIU67fB3sM9B_QiPX0U4JhS8X6hetA_0JTNc0eCzpAFn5F1SXNqao_GJRwF7ovJhRUm44c2NeDt-iCfy8LAxecQfNJMTo0-iE7uQM0QjDRVrlAtx3eB_HGIVJUfJhUVDHSE__Cgp9mgYoTr8HNcMpg8uIxcXqDoePcGJUwr6w_xR7g2-sfgIJgmqF_0ZeLqK5zihLy7-I5fDoB_F4FKW4x6uPYef4dKQ6ytuRoiUnOie4012ND9K7cYjCeVjNPmCMM8ObU-GCI1OlMyH6mje4keblWi-hENI0gsS_kHFRDK6OTjR_vgdNNWDkIqPL5FxrgqMK5GEM0uD_hCdLCjJFXn04Gq5oEmOUgqumch13NBe-MUlfA_uB7rwmPDRb_h66Es-oxEeWKdQ3mjFwHrxDj6DfirCL7AYBiVzMD-aM6icHN6PD3mpQU_Rhyme4RTR6fngiB90w3u4og-i52jGK0NZSziRZ0O1KEbT_HhyXNNxU3jHIo94XCxKMnCcXWhzvMnRh_ngawjDHYmnPMKeD_yJ68LRB911_Dj6KEZqByL-Iz8aUTuOXBmaHKFNIjwcrccjJUeao39wEe07hHEy_LiPPhDzG06oSSjlEDlV9Icv1ApH5OFRZSfEnXhl9KGHervxeHB2yviRU8YLO0Ml9BYsKXlRUwgvZRDlo_rSIR_qpEeTRRlyC5fVJBCPXEmIE3wKq09xMTeeB7loaBeaNQ_yXLizHB6Jh3jIg58-dJ0c-ESuQVdIxFLzwKicBSePoxvFwpSWoz5KK0fyrMGJXCqyzNFx6YN-NE9FhD9248pq5C-0S0QYEx-uB1c449nRhOMQ6RF0Id8LXjuuI_wFLRyLZ8iF6dWREyahiT2impbwRgf_oulwfIFP44f_GX0uITfUI-zRiMmO2J2O5w2YH81D6ASffClaHory4Yd2HZeQJ1JhjkdlhsGj4y-u4ztCawm05Mhb4j_G2ccro-mF_hMuMEczqS-yKw80LcL_CCGthAMrk3iOPvNxWC_abA_eE1-UKXi4wxOP41rCIswf9NClLAj7TXDUR6jy41l2nC_yHD-0LvORRtSD7jgTXB96mDyuo7qiI5wg5iHC4seJSt7hHz07cAeTSTnCKsd_1ISuHOUjBo9a4UesGe5m_IheoXKG5spTaLzQLPtwG6-RJ0KjPwgZjyF05LEiXBHhSfmD_8fDqGgm5fjhx6geEhED3UFOXCtqg_KDS1IcfBKqdJhvhFokBe-hUV_wVEEuNM9RH6eJy9i2DCcySeNxMSga6MknOMdcXriiSUQzUcbfE03q4ZDzCA1_lAtTHId-7NPR48cfqP9wHa0aHJP2GNYPRTzGakFlWiNy9MwR6zmUW0W86RE-jfiLiwOjz_BZ_Eb4D_KFo0cYJwvmW8GPsGsOXTry5Kh143lQ5SrCRGdwWcITHXcKP9FxycSJN0YTKju0X0eeRcWlo-l19JlO5NDzIbxhbUooXESPH_1xNoIjhsU1aggT7YK-qkOYy-jDKB1G9UInwuFQysPJoKF2oRY9hI-S48OjHOWiC2OmeBmOP8GjXGh8Cd22Q26iIKpS9FM1-PiUwzwqos_ROC9O5OGhhdMxOkYYnLXQxCvC40eTJsOnQzzGI0yVS_glXJmP8DvRxDm-4mkm1Dr8xEOo6BX6EX6OkHqh3bDBXBL6LBvSHnVx8UWWiNPRTd3w8chzhGCiC0-h6wrKHU2nHPWFTadQiSd-9FeQ5stxFtcZuD4eFpZGTMQ95Bn65KA-XDr8uAirdcfFHDdT9Ilg54hto54OVRIDZtouOFqyGPWhB_siIUwdlEvm41FxNNfRK0KuXkiit7C0Z_gTXHi15HCPHvkP5kogOhkuE7EZCk7CXHAp4g-Hf4EnJYoQo1HeCd8YXL3Qo6l48EQtqoLoHBWHrmSR7pgaH3mGU1nwHZpNClMWJRIuskGfH82LY84yo-ShpboA4pQxCiEDDGBCCCMIU0gJKQAQTEggmCAEMwSYFQQBMAgDRgjIHBMAACCYAAYg4AwhAhhigHFIAEGIYgwk6QAiAkgAkAVGEQiJMISQ4ARSVCgCgEACAYCgQgwIAIAAxAMggAQGGAeIUJwRgBggBgFEDEAIEKUEAqIIIQRVwoJDFBEEAkOAIswIBiBRCCkjAcBCMCKMcMI4ApQgxAFkAAAKOGGAsQAwBxxDjCIhiJLCGSQAwAQIwZgQQgihABEAAEAAEMIIhQQEQBDJFABCIMGAAAEpBIREQDkIHAOMEMAIQNYI4ZBiigkjAAFAACIAEkwRAYQAxAgHCDHEAmeAMIQJIhQwBBCAiAHGCESFIMApIBmgRgDBjEECEGEUAUQBhxBgAAhABADOMImEA4IwYgBSChhAkFIAEaCAUUBwYAYjhApADsJEGKQAEswQpowgGCAEkEBACECgYQoIAxSQAgjEDEAUGGCQAUYRAAAQAhAiDjKICWIIBEhABxgRpBkgFCUHCEIMIdQAYQgwQBgiqBAECOGcIEYJBogAhBhAIJNAOICRUtAIQQAwChAChiBCCCSEEEcogQRwBgADACBEMIOAIQQIYgEBSiArkEGMCWGEcYgIpQAxDojACHACAQUBAIIAYABQykAEhGKMOAGQoQ4wyyQHwAAjBACCOQCFCQ4QZYUQwEDhABHUCQOEAQQoBYBiikBABnKEACQMI0YhJRBQxCgkBFCMCAMAE0gBAIkxTChEgCBAKGaUoEQYYgQAAkAhBVYACE6FQBQBZZAwQBgkgRBAKSMEAkwYxhihxDAAiDHaAMCYEYoJKQwgDAhggBAGKGSEAYAwAwBxBAKFpFGCEGKEIgIQAaDDRADgABGEAIoM"], "date": ["1991"], "genre": ["Electric Blues"], "language": ["eng"], "musicbrainz album type": ["Album"], "musicbrainz_recordingid": ["1ea5d23f-97cc-433d-aca7-0bf5cb098c27"], "musicbrainz_releasegroupid": ["131adba8-ee63-3d4d-b281-bfde21980d0d"], "musicbrainz album status": ["Official"], "musicbrainz_albumartistid": ["828d31c5-d15a-4109-9619-ba350309834b"], "musicbrainz_albumid": ["3cc2d0f7-1472-4ee1-ac82-e1297d0f5a4b"], "artist": ["Chris Whitley"], "album": ["Living With the Law"], "catalognumber": ["CK 46966"], "tracknumber": ["04/13"], "label": ["Columbia"], "acoustid_id": ["e5914c87-757d-4a11-b323-53968e303b8b"], "musicbrainz_artistid": ["828d31c5-d15a-4109-9619-ba350309834b"], "musicbrainz album release country": ["US"], "file_name": "Chris Whitley - Kick the Stones.mp3"}}, "rhythm": {"bpm_histogram_first_peak_bpm": {"dmean2": 0, "median": 94, "min": 94, "dvar2": 0, "dvar": 0, "dmean": 0, "max": 94, "var": 0, "mean": 94}, "bpm": 93.6895065308, "bpm_histogram_second_peak_spread": {"dmean2": 0, "median": 0.375, "min": 0.375, "dvar2": 0, "dvar": 0, "dmean": 0, "max": 0.375, "var": 0, "mean": 0.375}, "bpm_histogram_first_peak_weight": {"dmean2": 0, "median": 0.611528813839, "min": 0.611528813839, "dvar2": 0, "dvar": 0, "dmean": 0, "max": 0.611528813839, "var": 0, "mean": 0.611528813839}, "onset_rate": 4.42548418045, "beats_position": [0.696598649025, 1.35836732388, 2.00852608681, 2.6470746994, 3.29723358154, 3.93578219414, 4.57433080673, 5.21287965775, 5.83981847763, 6.47836732864, 7.12852573395, 7.76707458496, 8.40562343597, 9.04417228699, 9.682721138, 10.3328800201, 10.9714279175, 11.6099767685, 12.2485256195, 12.8870744705, 13.5256233215, 14.1641721725, 14.8143310547, 15.4644899368, 16.1030387878, 16.7415866852, 17.3801364899, 18.0186843872, 18.6572322845, 19.2957820892, 19.9343299866, 20.5728797913, 21.2114276886, 21.8615875244, 22.5001354218, 23.1502952576, 23.7888431549, 24.4273910522, 25.0775508881, 25.7160987854, 26.3546485901, 26.9815864563, 27.620136261, 28.2586841583, 28.9088420868, 29.5473918915, 30.1859397888, 30.8244895935, 31.4630374908, 32.1015853882, 32.7401351929, 33.3902931213, 34.028842926, 34.6673927307, 35.3175506592, 35.9561004639, 36.5946464539, 37.2215881348, 37.8601341248, 38.4986839294, 39.1488418579, 39.7873916626, 40.4259414673, 41.0644874573, 41.703037262, 42.3531951904, 43.0033569336, 43.6419029236, 44.2804527283, 44.919002533, 45.5691604614, 46.2077102661, 46.8462562561, 47.4848060608, 48.1349639893, 48.7735137939, 49.4120635986, 50.0390014648, 50.6775512695, 51.3160972595, 51.9546470642, 52.6048049927, 53.2433547974, 53.8935127258, 54.5320625305, 55.1706123352, 55.8091583252, 56.4477081299, 57.0862579346, 57.7248077393, 58.3633537292, 59.0019035339, 59.6404533386, 60.2789993286, 60.9175491333, 61.556098938, 62.2062568665, 62.8331947327, 63.4833564758, 64.1335144043, 64.772064209, 65.4106140137, 66.0607681274, 66.6993179321, 67.3378677368, 67.9764175415, 68.6149673462, 69.26512146, 69.9036712646, 70.5422210693, 71.180770874, 71.8193206787, 72.4462585449, 73.0964126587, 73.7465744019, 74.3735122681, 75.0120620728, 75.6506118774, 76.2891616821, 76.9277114868, 77.5778656006, 78.2280273438, 78.8665771484, 79.5051269531, 80.1552810669, 80.7822189331, 81.4091567993, 82.0360946655, 82.6978683472, 83.3364181519, 83.9865722656, 84.6251220703, 85.263671875, 85.9022216797, 86.5407714844, 87.1909255981, 87.8294754028, 88.4680252075, 89.1181869507, 89.7451248169, 90.3952789307, 91.0338287354, 91.67237854, 92.2993164063, 92.9378662109, 93.5764160156, 94.2149658203, 94.853515625, 95.4804534912, 96.130607605, 96.7807693481, 97.4193191528, 98.0578689575, 98.7080230713, 99.346572876, 99.9851226807, 100.635284424, 101.26222229, 101.912376404, 102.562538147, 103.201087952, 103.839637756, 104.478187561, 105.116729736, 105.766891479, 106.405441284, 107.03237915, 107.659317017, 108.297866821, 108.948028564, 109.598182678, 110.236732483, 110.886894226, 111.525436401, 112.175598145, 112.802536011, 113.429473877, 114.056411743, 114.706573486, 115.356735229, 116.006889343, 116.645439148, 117.283988953, 117.922538757, 118.572692871, 119.211242676, 119.838180542, 120.476730347, 121.115280151, 121.753829956, 122.392379761, 123.042533875, 123.681083679, 124.319633484, 124.958183289, 125.596733093, 126.246894836, 126.885437012, 127.523986816, 128.162536621, 128.801086426, 129.43963623, 130.078186035, 130.705123901, 131.355285645, 131.993835449, 132.632385254, 133.2709198, 133.909469604, 134.559631348, 135.209793091, 135.848342896, 136.4868927, 137.125442505, 137.76399231, 138.402542114, 139.041091919, 139.691238403, 140.329788208, 140.968338013, 141.618499756, 142.268661499, 142.895599365, 143.53414917, 144.172698975, 144.811248779, 145.438186646, 146.07673645, 146.726898193, 147.365432739, 148.003982544, 148.654144287, 149.292694092, 149.931243896, 150.569793701, 151.208343506, 151.858505249, 152.497055054, 153.147201538, 153.785751343, 154.412689209, 155.062850952, 155.701400757, 156.339950562, 156.990112305, 157.617050171, 158.255599976, 158.89414978, 159.544311523, 160.182861328, 160.821395874, 161.459945679, 162.098495483, 162.748657227, 163.387207031, 164.025756836, 164.664306641, 165.302856445, 165.94140625, 166.579956055, 167.230117798, 167.880264282, 168.518814087, 169.157363892, 169.795913696, 170.434463501, 171.061401367, 171.688339233, 172.338500977, 172.98866272, 173.627212524, 174.265762329, 174.904312134, 175.54284668, 176.193008423, 176.831558228, 177.470108032, 178.120269775, 178.75881958, 179.397369385, 180.035919189, 180.674468994, 181.313018799, 181.951568604, 182.590103149, 183.228652954, 183.867202759, 184.505752563, 185.144302368, 185.782852173, 186.433013916, 187.083175659, 187.721725464, 188.360275269, 188.998809814, 189.637359619, 190.287521362, 190.926071167, 191.564620972, 192.203170776, 192.841720581, 193.480270386, 194.11882019, 194.768981934, 195.407531738, 196.046066284, 196.684616089, 197.323165894, 197.961715698, 198.611877441, 199.262039185, 199.900588989, 200.539138794, 201.177688599, 201.816238403, 202.454788208, 203.104934692, 203.731872559, 204.382034302, 205.020584106, 205.659133911, 206.297683716, 206.936233521, 207.586395264, 208.224945068, 208.863494873, 209.502029419, 210.140579224, 210.779129028, 211.417678833, 212.044616699, 212.694778442, 213.344940186, 213.995101929, 214.633651733, 215.272201538, 215.910751343, 216.549285889, 217.199447632, 217.837997437, 218.476547241, 219.115097046, 219.753646851, 220.380584717, 221.03074646, 221.657684326, 222.284622192, 222.934783936, 223.57333374, 224.211883545, 224.862030029, 225.512191772, 226.139129639, 226.789291382, 227.427841187, 228.066390991, 228.716552734, 229.343490601, 229.982040405, 230.62059021, 231.259140015, 231.897689819, 232.536224365, 233.17477417, 233.824935913, 234.475097656, 235.113647461, 235.752197266, 236.39074707, 237.029296875, 237.66784668, 238.306396484, 238.956542969, 239.444168091, 239.943389893, 240.442626953, 240.941848755, 241.441085815, 241.940307617, 242.451156616, 242.950378418, 243.449615479, 243.94883728, 244.459671021, 244.958908081, 245.469741821, 245.98059082, 246.479812622, 246.955825806, 247.443435669, 247.919448853, 248.383850098, 248.848251343, 249.312652588, 249.765441895, 250.218231201, 250.682632446, 251.147018433, 251.611419678, 252.087432861], "beats_loudness": {"dmean2": 0.0366119146347, "median": 0.060218911618, "min": 1.59967555646e-06, "dvar2": 0.000890902068932, "dvar": 0.000309387192829, "dmean": 0.0210324414074, "max": 0.145567595959, "var": 0.0006356673548, "mean": 0.0602241382003}, "danceability": 1.30334961414, "bpm_histogram_second_peak_weight": {"dmean2": 0, "median": 0.0250626560301, "min": 0.0250626560301, "dvar2": 0, "dvar": 0, "dmean": 0, "max": 0.0250626560301, "var": 0, "mean": 0.0250626560301}, "beats_count": 400, "bpm_histogram_second_peak_bpm": {"dmean2": 0, "median": 120, "min": 120, "dvar2": 0, "dvar": 0, "dmean": 0, "max": 120, "var": 0, "mean": 120}, "bpm_histogram_first_peak_spread": {"dmean2": 0, "median": 0.344086050987, "min": 0.344086050987, "dvar2": 0, "dvar": 0, "dmean": 0, "max": 0.344086050987, "var": 0, "mean": 0.344086050987}, "beats_loudness_band_ratio": {"dmean2": [0.2789285779, 0.207268044353, 0.127975672483, 0.0751078128815, 0.0701254084706, 0.045557372272], "median": [0.613965392113, 0.141407698393, 0.0863318145275, 0.0424239300191, 0.0235473234206, 0.0177916660905], "min": [0.0100467205048, 0.000193177591427, 0.00361105450429, 0.000168490805663, 7.78610992711e-05, 2.52931349678e-05], "dvar2": [0.0554448403418, 0.028904043138, 0.0165381226689, 0.00934485718608, 0.00853484589607, 0.00216912454925], "dvar": [0.0198854785413, 0.0102601554245, 0.00646442594007, 0.00319291837513, 0.00279248622246, 0.000772062921897], "dmean": [0.166315317154, 0.116383984685, 0.0739710777998, 0.0417285710573, 0.0387786403298, 0.0252339784056], "max": [0.967238426208, 0.755763351917, 0.978011727333, 0.352638185024, 0.304486662149, 0.19537641108], "var": [0.0468671619892, 0.0165269691497, 0.0300525166094, 0.00276199611835, 0.00245118536986, 0.000747383339331], "mean": [0.584229528904, 0.166421666741, 0.142366722226, 0.0562725737691, 0.0406668148935, 0.0255311708897]}}, "lowlevel": {"barkbands_spread": {"dmean2": 6.71903896332, "median": 16.9641494751, "min": 0.165654316545, "dvar2": 62.4551048279, "dvar": 32.0047073364, "dmean": 4.5125579834, "max": 114.368492126, "var": 141.41973877, "mean": 19.0922489166}, "melbands_spread": {"dmean2": 8.27869033813, "median": 17.5443153381, "min": 0.0723652094603, "dvar2": 110.427017212, "dvar": 57.0140838623, "dmean": 5.58598804474, "max": 182.444793701, "var": 223.401245117, "mean": 20.899017334}, "hfc": {"dmean2": 8.11219882965, "median": 13.0142631531, "min": 1.13266410377e-16, "dvar2": 140.535583496, "dvar": 72.8573989868, "dmean": 5.80364274979, "max": 164.221710205, "var": 308.795684814, "mean": 18.4687538147}, "barkbands_kurtosis": {"dmean2": 4.84446525574, "median": 1.80106878281, "min": -1.91813397408, "dvar2": 2034.91918945, "dvar": 1174.02270508, "dmean": 3.33488321304, "max": 3669.6262207, "var": 1868.48669434, "mean": 4.5371260643}, "gfcc": {"mean": [-12.6528711319, 114.271751404, -120.091140747, 26.2762966156, -59.7968902588, 17.3095722198, -41.02866745, 12.3505210876, -18.0897121429, 1.48276257515, -12.632147789, 0.332161724567, -7.55201148987], "icov": [[0.000285508373054, -0.000263934518443, 0.00039908423787, -0.000488202960696, 0.000435223628301, -0.00045905407751, 0.000539695087355, -0.000280371983536, 0.000798387045506, -0.000386549101677, 0.000545125920326, -0.000306122616166, 0.000304570887238], [-0.000263934518443, 0.00326175848022, -0.000440887466539, 0.00242213951424, -0.00230787391774, 0.00140094722155, -0.00150143133942, 0.00206683226861, -0.00192572409287, 0.00282300077379, -0.00244239787571, 0.00244688335806, -0.00281722494401], [0.00039908423787, -0.000440887466539, 0.00244512874633, -0.00063520547701, 0.000109646003693, -0.00128514599055, 0.000328565365635, 9.34817726375e-05, 0.00125891773496, -0.0019943206571, 0.00202139955945, -0.00140265747905, 0.000637591758277], [-0.000488202960696, 0.00242213951424, -0.00063520547701, 0.00630058348179, -0.00270397705026, 0.000410181703046, -0.00109172961675, 0.00131125852931, -0.00144839496352, 0.00254168780521, -0.00239104731008, 0.00310414237902, -0.0022362684831], [0.000435223628301, -0.00230787391774, 0.000109646003693, -0.00270397705026, 0.00718220230192, -0.000788589240983, 0.000302681262838, -0.00165545160417, 0.00158033589832, -0.000622792111244, 0.000995477195829, -0.000889817485586, 0.00208814372309], [-0.00045905407751, 0.00140094722155, -0.00128514599055, 0.000410181703046, -0.000788589240983, 0.00783232040703, -0.00155069201719, 0.000498269684613, -0.000404126185458, 0.00156771554612, 0.000564253423363, -0.000724411394913, 0.000537419458851], [0.000539695087355, -0.00150143133942, 0.000328565365635, -0.00109172961675, 0.000302681262838, -0.00155069201719, 0.00856045261025, -0.00292490818538, -0.000259050604654, -0.000137124530738, 1.01800160337e-05, 0.000173321357579, 9.55020805122e-05], [-0.000280371983536, 0.00206683226861, 9.34817726375e-05, 0.00131125852931, -0.00165545160417, 0.000498269684613, -0.00292490818538, 0.0103590125218, -0.00261003617197, -0.000903075211681, -0.000145426907693, 0.0014748738613, 0.000460012524854], [0.000798387045506, -0.00192572409287, 0.00125891773496, -0.00144839496352, 0.00158033589832, -0.000404126185458, -0.000259050604654, -0.00261003617197, 0.0104610295966, -0.00314201856963, 0.0013978673378, 0.000286338035949, 0.00165717094205], [-0.000386549101677, 0.00282300077379, -0.0019943206571, 0.00254168780521, -0.000622792111244, 0.00156771554612, -0.000137124530738, -0.000903075211681, -0.00314201856963, 0.0133185088634, -0.00360673549585, 0.00313062267378, -0.00361560680903], [0.000545125920326, -0.00244239787571, 0.00202139955945, -0.00239104731008, 0.000995477195829, 0.000564253423363, 1.01800160337e-05, -0.000145426907693, 0.0013978673378, -0.00360673549585, 0.0140040041879, -0.00688873138279, 0.00406516483054], [-0.000306122616166, 0.00244688335806, -0.00140265747905, 0.00310414237902, -0.000889817485586, -0.000724411394913, 0.000173321357579, 0.0014748738613, 0.000286338035949, 0.00313062267378, -0.00688873138279, 0.0166479628533, -0.00374496099539], [0.000304570887238, -0.00281722494401, 0.000637591758277, -0.0022362684831, 0.00208814372309, 0.000537419458851, 9.55020805122e-05, 0.000460012524854, 0.00165717094205, -0.00361560680903, 0.00406516483054, -0.00374496099539, 0.012561192736]], "cov": [[9368.36132813, -1286.32312012, -636.182128906, 459.914031982, -483.233032227, 478.065887451, -657.077026367, -17.334312439, -694.529296875, -18.4898300171, -245.466796875, 108.132415771, -137.988098145], [-1286.32312012, 1193.16186523, -127.634307861, -195.906723022, 221.079620361, -224.460098267, 187.345413208, -109.740745544, 171.311309814, -117.23865509, 117.039787292, -66.2319488525, 131.868911743], [-636.182128906, -127.634307861, 678.786621094, -1.28942620754, 21.3493461609, 93.0196609497, 6.17925548553, -3.35033273697, -28.3977603912, 68.4324569702, -65.1822509766, 30.1548175812, -1.80829024315], [459.914031982, -195.906723022, -1.28942620754, 268.519622803, 28.2633190155, 47.3191719055, -19.8366146088, 7.06268358231, -34.3735961914, -12.2478380203, -13.2828874588, -15.3744049072, -13.3258104324], [-483.233032227, 221.079620361, 21.3493461609, 28.2633190155, 228.991531372, -26.9339561462, 61.1503753662, 3.41003108025, 34.2252693176, -28.9751186371, 22.6810894012, -20.1286869049, 1.54743266106], [478.065887451, -224.460098267, 93.0196609497, 47.3191719055, -26.9339561462, 203.949356079, -26.4807224274, 12.8322076797, -56.8986778259, 2.2611618042, -41.7724723816, 22.9371089935, -34.2333145142], [-657.077026367, 187.345413208, 6.17925548553, -19.8366146088, 61.1503753662, -26.4807224274, 196.001876831, 35.5076141357, 76.9814529419, -9.19495105743, 24.6105709076, -24.6967964172, 14.1513223648], [-17.334312439, -109.740745544, -3.35033273697, 7.06268358231, 3.41003108025, 12.8322076797, 35.5076141357, 141.383331299, 33.919303894, 30.9603786469, -11.3484668732, -14.8107261658, -25.6347026825], [-694.529296875, 171.311309814, -28.3977603912, -34.3735961914, 34.2252693176, -56.8986778259, 76.9814529419, 33.919303894, 183.367492676, 16.8185710907, 22.2572402954, -33.475894928, 8.96748065948], [-18.4898300171, -117.23865509, 68.4324569702, -12.2478380203, -28.9751186371, 2.2611618042, -9.19495105743, 30.9603786469, 16.8185710907, 117.044670105, -2.98811292648, -1.77801012993, 4.06428194046], [-245.466796875, 117.039787292, -65.1822509766, -13.2828874588, 22.6810894012, -41.7724723816, 24.6105709076, -11.3484668732, 22.2572402954, -2.98811292648, 118.1456604, 23.672990799, -3.58341598511], [108.132415771, -66.2319488525, 30.1548175812, -15.3744049072, -20.1286869049, 22.9371089935, -24.6967964172, -14.8107261658, -33.475894928, -1.77801012993, 23.672990799, 90.4187393188, 4.55141162872], [-137.988098145, 131.868911743, -1.80829024315, -13.3258104324, 1.54743266106, -34.2333145142, 14.1513223648, -25.6347026825, 8.96748065948, 4.06428194046, -3.58341598511, 4.55141162872, 114.793067932]]}, "spectral_energyband_middle_low": {"dmean2": 0.00955130718648, "median": 0.00974466279149, "min": 2.9956724032e-22, "dvar2": 0.000240122288233, "dvar": 0.0001002934805, "dmean": 0.0061646909453, "max": 0.13063827157, "var": 0.000158551250934, "mean": 0.0131751513109}, "melbands_crest": {"dmean2": 4.95799684525, "median": 12.1697177887, "min": 1.74203324318, "dvar2": 20.0425720215, "dvar": 7.91041755676, "dmean": 3.09398508072, "max": 39.9859733582, "var": 24.1799621582, "mean": 12.9719209671}, "spectral_kurtosis": {"dmean2": 3.74491667747, "median": 4.97046375275, "min": -1.18071806431, "dvar2": 31.3435096741, "dvar": 11.4356431961, "dmean": 2.30219006538, "max": 97.9002075195, "var": 39.2900543213, "mean": 6.49838161469}, "spectral_rms": {"dmean2": 0.00142977491487, "median": 0.00446366146207, "min": 3.23082229373e-12, "dvar2": 4.04209777116e-06, "dvar": 1.88136993984e-06, "dmean": 0.000987360952422, "max": 0.0157143808901, "var": 4.24492236561e-06, "mean": 0.00473273172975}, "zerocrossingrate": {"dmean2": 0.00991576910019, "median": 0.04541015625, "min": 0, "dvar2": 0.000180168572115, "dvar": 0.000139127674629, "dmean": 0.00826845038682, "max": 0.50732421875, "var": 0.00096606760053, "mean": 0.0507421530783}, "silence_rate_60dB": {"dmean2": 0.0183688458055, "median": 0, "min": 0, "dvar2": 0.0218872204423, "dvar": 0.00909885298461, "dmean": 0.00918358005583, "max": 1, "var": 0.0264433026314, "mean": 0.0271809007972}, "erbbands_kurtosis": {"dmean2": 1.71803212166, "median": 0.134994849563, "min": -1.78870105743, "dvar2": 17.9466457367, "dvar": 8.95471382141, "dmean": 1.13991045952, "max": 171.302780151, "var": 37.9958343506, "mean": 1.35538005829}, "erbbands": {"dmean2": [0.0825570374727, 1.62311303616, 6.94017219543, 7.9902176857, 9.08849525452, 18.598192215, 22.2269592285, 22.7918376923, 17.3622112274, 20.8822059631, 25.4845046997, 35.9244346619, 19.0216007233, 20.6310787201, 20.443561554, 21.2603645325, 20.5489063263, 22.4537353516, 21.8006668091, 21.9751625061, 12.5816679001, 16.2788028717, 10.5014257431, 9.0950717926, 10.2065792084, 4.93022155762, 2.95475721359, 3.1497092247, 2.8193602562, 3.31862664223, 3.1485311985, 1.88806176186, 1.19507169724, 1.48460662365, 0.46640843153, 0.112105384469, 0.0265660118312, 0.00443136552349, 0.000293423770927, 2.60082742898e-05], "median": [0.0283325631171, 0.616720438004, 1.30908274651, 1.59085810184, 2.37483286858, 4.58496761322, 9.75106620789, 14.6106319427, 9.03356933594, 9.69962596893, 13.6920433044, 19.3744163513, 14.4658927917, 14.7592430115, 11.4516916275, 10.883102417, 10.6868610382, 12.1349277496, 10.1378688812, 12.6368961334, 8.38750267029, 8.66764831543, 6.06776857376, 4.84480190277, 3.65868377686, 1.8949098587, 1.14952421188, 1.24657595158, 1.31189370155, 1.12279820442, 0.759012341499, 0.445126891136, 0.239580959082, 0.241321265697, 0.0940246582031, 0.023938048631, 0.00446084979922, 0.000285370333586, 2.2248526875e-05, 2.6164965675e-05], "min": [2.0472039847e-22, 1.85288598576e-21, 1.22783208537e-20, 1.62392130168e-20, 7.07581928205e-20, 4.11596284012e-19, 3.1311650298e-19, 3.71130737693e-19, 6.55301425155e-19, 8.50281027026e-19, 8.55862221414e-19, 1.40191262979e-18, 1.4263214889e-18, 1.87753869028e-18, 4.14459052715e-18, 2.80471923503e-18, 4.75776007649e-18, 9.25661013971e-18, 9.34773897343e-18, 6.94858184324e-18, 9.54412736728e-18, 9.61471234331e-18, 1.30816090974e-17, 1.70143243417e-17, 1.14595625101e-17, 1.79162787729e-17, 2.0146255134e-17, 1.77920875301e-17, 1.85488155155e-17, 2.09202430701e-17, 1.93938582662e-17, 2.17418319417e-17, 1.71425025951e-17, 1.39826726551e-17, 8.48297127384e-18, 5.12162317947e-18, 3.18563694109e-18, 1.49382749189e-18, 3.02916642244e-19, 3.09589857213e-20], "dvar2": [0.0357359685004, 11.9978485107, 337.740539551, 409.950317383, 463.687072754, 2354.37304688, 1768.13964844, 1514.0246582, 1507.1027832, 2803.14282227, 3322.0559082, 5643.86816406, 1657.32055664, 1871.20227051, 2069.7734375, 2518.03808594, 1984.9744873, 2399.77709961, 3234.08300781, 2381.87084961, 718.095581055, 1305.38623047, 569.324157715, 519.277526855, 608.154052734, 158.763381958, 61.2766876221, 72.0130081177, 46.7334060669, 140.105438232, 134.043411255, 42.2065925598, 20.496919632, 20.5604171753, 1.94052314758, 0.099841915071, 0.00576348556206, 0.000292211538181, 2.49561617238e-06, 3.1236921938e-09], "dvar": [0.01593766734, 5.25198984146, 125.923789978, 150.245803833, 178.651794434, 924.104980469, 724.335449219, 692.586975098, 623.775085449, 1166.48254395, 1552.99108887, 2470.17993164, 717.62097168, 778.46697998, 942.727172852, 1368.93273926, 911.09375, 1059.59545898, 1417.30749512, 1072.46325684, 327.711212158, 611.02154541, 265.679504395, 248.984176636, 303.843475342, 72.1455307007, 27.2604579926, 31.5997257233, 24.0458316803, 66.5539398193, 69.5192184448, 22.58244133, 11.3157663345, 8.67562484741, 0.824474155903, 0.0450041219592, 0.00262901838869, 0.000118419666251, 9.32399473186e-07, 1.33979127792e-09], "dmean": [0.054067954421, 1.0360891819, 4.07347631454, 4.59252119064, 5.35383176804, 11.2673988342, 14.1841068268, 15.2061042786, 11.0656957626, 13.7256593704, 16.6900539398, 24.0251560211, 12.4904718399, 13.4239768982, 13.5056638718, 13.9566879272, 13.4338693619, 14.5940084457, 14.0886268616, 14.2188806534, 8.23578834534, 10.828622818, 7.03293371201, 6.08988142014, 6.89707136154, 3.26988363266, 1.97945249081, 2.12505078316, 1.95169186592, 2.31413149834, 2.23837208748, 1.34707450867, 0.84333217144, 0.993234574795, 0.312738448381, 0.0764621421695, 0.0181035269052, 0.00285351229832, 0.000178004585905, 1.7475351342e-05], "max": [1.34386479855, 24.5004577637, 108.491462708, 177.382583618, 168.018585205, 685.166442871, 517.655578613, 538.147033691, 574.026733398, 1059.82189941, 1977.3248291, 1144.7791748, 953.092956543, 722.959350586, 826.982788086, 1808.02819824, 737.628601074, 894.616455078, 991.158569336, 964.866394043, 553.656433105, 818.846374512, 528.178588867, 498.045532227, 476.356445313, 240.354705811, 178.396392822, 215.976470947, 167.254440308, 384.929443359, 355.566467285, 140.763153076, 107.110221863, 70.3658370972, 17.4303665161, 3.50601625443, 1.13561797142, 0.246484965086, 0.0229347608984, 0.000668539549224], "var": [0.0171252992004, 5.98287296295, 94.6437759399, 109.048965454, 149.945510864, 828.935974121, 1192.86230469, 2319.08520508, 1333.20556641, 3324.7890625, 3716.32543945, 6190.69824219, 1555.90869141, 1805.1529541, 2256.33251953, 5127.97460938, 2235.85693359, 2582.38208008, 3084.3515625, 2338.0402832, 952.635375977, 1686.45385742, 714.381103516, 628.911621094, 887.3671875, 202.081893921, 71.0437927246, 70.7043151855, 66.1581344604, 174.305450439, 212.295135498, 64.338760376, 30.2032775879, 11.905497551, 1.16275775433, 0.0767732784152, 0.0044198888354, 0.000113216628961, 6.56912675367e-07, 1.74540404352e-09], "mean": [0.0682406201959, 1.44415807724, 4.15686893463, 4.49969482422, 5.80743789673, 12.540140152, 21.7551631927, 31.3097991943, 21.370475769, 27.7820682526, 31.760723114, 46.3858833313, 25.7836494446, 27.41913414, 25.4498023987, 28.0800037384, 25.8482818604, 27.7397289276, 26.5186347961, 26.564031601, 17.7302627563, 23.0989837646, 15.3882188797, 13.1943759918, 14.1484451294, 6.61014842987, 3.85148644447, 3.89161276817, 3.636490345, 4.33619880676, 4.0070514679, 2.39723205566, 1.45988690853, 1.36294555664, 0.439993947744, 0.112427763641, 0.0259398464113, 0.00314840907231, 0.000165396311786, 3.75241579604e-05]}, "spectral_strongpeak": {"dmean2": 0.796498894691, "median": 0.546844244003, "min": 0, "dvar2": 1.21963620186, "dvar": 0.518909156322, "dmean": 0.483776777983, "max": 10.7174968719, "var": 1.02316558361, "mean": 0.941390573978}, "spectral_energy": {"dmean2": 0.0186567939818, "median": 0.0204223804176, "min": 1.06991676331e-20, "dvar2": 0.00122546916828, "dvar": 0.00051967689069, "dmean": 0.0123029211536, "max": 0.253115326166, "var": 0.000693226873409, "mean": 0.0273096207529}, "average_loudness": 0.89472413063, "spectral_rolloff": {"dmean2": 577.14276123, "median": 904.39453125, "min": 21.533203125, "dvar2": 1073751.5, "dvar": 582900.4375, "dmean": 360.08782959, "max": 19789.0136719, "var": 1465383.625, "mean": 1247.1673584}, "spectral_centroid": {"dmean2": 292.604949951, "median": 970.180908203, "min": 139.593719482, "dvar2": 110092.3125, "dvar": 58775.15625, "dmean": 200.605514526, "max": 11196.5029297, "var": 307570.09375, "mean": 1097.29040527}, "pitch_salience": {"dmean2": 0.109721578658, "median": 0.5471098423, "min": 0.00309896003455, "dvar2": 0.00947461184114, "dvar": 0.00387493264861, "dmean": 0.0687780156732, "max": 0.831129729748, "var": 0.013011476025, "mean": 0.539135694504}, "spectral_energyband_middle_high": {"dmean2": 0.00219845981337, "median": 0.0032743983902, "min": 1.72186287894e-21, "dvar2": 1.06023308035e-05, "dvar": 5.35665913048e-06, "dmean": 0.00149939919356, "max": 0.0606336854398, "var": 2.91646465485e-05, "mean": 0.00503143016249}, "spectral_contrast_coeffs": {"dmean2": [0.0903634279966, 0.0756089761853, 0.0607121251523, 0.049332421273, 0.0372119508684, 0.0274058245122], "median": [-0.668928861618, -0.689816236496, -0.745015323162, -0.767444252968, -0.780132770538, -0.775170922279], "min": [-0.983584165573, -0.964519798756, -0.957554340363, -0.967961788177, -0.963404119015, -0.955316603184], "dvar2": [0.00546092074364, 0.00374912912957, 0.00243021571077, 0.00149964389857, 0.000979028060101, 0.000565049995203], "dvar": [0.0020339502953, 0.00150246580597, 0.000995073583908, 0.000632754119579, 0.000449536484666, 0.000242427515332], "dmean": [0.054433748126, 0.0470276251435, 0.0380551256239, 0.0310951843858, 0.0239350125194, 0.0175767000765], "max": [-0.324586391449, -0.359779536724, -0.440813571215, -0.557042300701, -0.549658238888, -0.586775422096], "var": [0.00428520096466, 0.00640340009704, 0.0043117008172, 0.00251059280708, 0.00285851838998, 0.00124779238831], "mean": [-0.663551449776, -0.683712184429, -0.738691627979, -0.763321876526, -0.771736443043, -0.773722648621]}, "melbands_skewness": {"dmean2": 0.991693019867, "median": 1.92143476009, "min": -3.38064432144, "dvar2": 2.37302613258, "dvar": 1.26231896877, "dmean": 0.662942826748, "max": 105.875846863, "var": 3.88180303574, "mean": 2.13481235504}, "spectral_spread": {"dmean2": 793717.0625, "median": 4010811.75, "min": 939223.1875, "dvar2": 862955110400, "dvar": 524746326016, "dmean": 582359.125, "max": 39972464, "var": 2616264491010.0, "mean": 4290614}, "dissonance": {"dmean2": 0.0361640378833, "median": 0.460779309273, "min": 0.10677934438, "dvar2": 0.00121664488688, "dvar": 0.000452682666946, "dmean": 0.0216716863215, "max": 0.49999627471, "var": 0.001721940469, "mean": 0.449476659298}, "spectral_skewness": {"dmean2": 0.406751453876, "median": 1.78450667858, "min": -0.0383372493088, "dvar2": 0.204037591815, "dvar": 0.0800760537386, "dmean": 0.258591979742, "max": 8.46271038055, "var": 0.440517485142, "mean": 1.89202666283}, "spectral_flux": {"dmean2": 0.0472379922867, "median": 0.0700459554791, "min": 1.03436779975e-10, "dvar2": 0.00356073467992, "dvar": 0.00165436998941, "dmean": 0.0305260270834, "max": 0.407379865646, "var": 0.00333442050032, "mean": 0.0845973417163}, "spectral_contrast_valleys": {"dmean2": [0.714157342911, 0.548858225346, 0.498260617256, 0.448262989521, 0.404297024012, 0.427142173052], "median": [-7.11430644989, -6.58811903, -7.16153907776, -7.60351753235, -7.85788154602, -10.2297449112], "min": [-26.6975059509, -27.4658679962, -27.5782394409, -27.126121521, -27.1329059601, -27.3593177795], "dvar2": [0.3471801579, 0.220386356115, 0.184601724148, 0.160918295383, 0.159111350775, 0.186541482806], "dvar": [0.154686629772, 0.0948841124773, 0.0828768089414, 0.0776345580816, 0.0866449996829, 0.116540320218], "dmean": [0.448483347893, 0.33781927824, 0.314001917839, 0.293189466, 0.284481436014, 0.345849007368], "max": [-4.95883846283, -4.82174396515, -5.17879056931, -5.48185253143, -5.56977653503, -7.57988929749], "var": [0.968561351299, 1.05025982857, 1.09870612621, 1.13472020626, 1.16669929028, 1.63052988052], "mean": [-7.19767045975, -6.72970676422, -7.30989170074, -7.76879072189, -8.0097618103, -10.4416675568]}, "erbbands_flatness_db": {"dmean2": 0.0241413153708, "median": 0.166596442461, "min": 0.0187422130257, "dvar2": 0.000515611027367, "dvar": 0.000299225095659, "dmean": 0.0179282166064, "max": 0.497162818909, "var": 0.00261774659157, "mean": 0.17191760242}, "spectral_energyband_high": {"dmean2": 0.000399109849241, "median": 0.000200727721676, "min": 7.87142324407e-21, "dvar2": 9.58333998824e-07, "dvar": 5.35214724096e-07, "dmean": 0.000292311568046, "max": 0.0220198463649, "var": 1.82959922768e-06, "mean": 0.000610511109699}, "spectral_entropy": {"dmean2": 0.242878109217, "median": 7.43476915359, "min": 3.59178853035, "dvar2": 0.0538163855672, "dvar": 0.0273708254099, "dmean": 0.169256776571, "max": 9.78558349609, "var": 0.288107275963, "mean": 7.35921573639}, "silence_rate_20dB": {"dmean2": 0, "median": 1, "min": 1, "dvar2": 0, "dvar": 0, "dmean": 0, "max": 1, "var": 0, "mean": 1}, "melbands_flatness_db": {"dmean2": 0.0368250124156, "median": 0.201968476176, "min": 0.0046924049966, "dvar2": 0.00128517730627, "dvar": 0.000593864591792, "dmean": 0.0249696392566, "max": 0.594227969646, "var": 0.00540959229693, "mean": 0.212201297283}, "barkbands": {"dmean2": [2.40730223595e-05, 0.00566778797656, 0.00633027777076, 0.0026294621639, 0.00419617490843, 0.00311246723868, 0.00126829103101, 0.00116176356096, 0.0013