{"metadata": {"tags": {"label": ["Orbis Publishing Ltd."], "releasecountry": ["GB"], "musicbrainz_releasetrackid": ["46cd60fc-12da-3a35-9e95-0de9ecd31f4d"], "catalognumber": ["BLU NC 058"], "genre": ["Blues"], "releasetype": ["album", "compilation"], "originalyear": ["1995"], "tracknumber": ["4"], "disctotal": ["1"], "musicbrainz_albumartistid": ["8766468c-9a0f-41e2-8466-601d94d5098e"], "album": ["Third Degree"], "script": ["Latn"], "albumartistsort": ["Boyd, Eddie"], "releasestatus": ["official"], "acoustid_id": ["b32a497e-0dd7-4360-ace5-b901e992c3ba"], "musicbrainz_artistid": ["8766468c-9a0f-41e2-8466-601d94d5098e"], "musicbrainz_releasegroupid": ["6dae8c25-7987-36b3-8f56-96a8af884b25"], "musicbrainz_recordingid": ["1eb91624-259c-4cc0-8fdb-f248a5bd4079"], "totaltracks": ["20"], "albumartist": ["Eddie Boyd"], "barcode": ["082333200920"], "originaldate": ["1995"], "artist": ["Eddie Boyd"], "bpm": ["136"], "musicbrainz_albumid": ["6e8e7675-e0a1-4a37-9229-4438813739b0"], "artistsort": ["Boyd, Eddie"], "title": ["Blues For My Baby"], "asin": ["B00000187H"], "tracktotal": ["20"], "totaldiscs": ["1"], "date": ["1995"], "musicip_puid": ["a892168d-0021-630b-896d-2603ad568c1e"], "media": ["CD"], "file_name": "04 - Blues For My Baby.flac", "discnumber": ["1"]}, "audio_properties": {"sample_rate": 44100, "downmix": "mix", "lossless": true, "analysis_sample_rate": 44100, "md5_encoded": "09e36ecdd5cc8a9c899df9bd178ad600", "equal_loudness": 0, "replay_gain": -9.4423122406, "codec": "flac", "bit_rate": 0, "length": 187.066665649}, "version": {"extractor": "music 1.0", "essentia_build_sha": "2d9f1f26377add8aeb1075a9c2973f962c4f09fd", "essentia_git_sha": "v2.1_beta2-1-ge3940c0", "essentia": "2.1-beta2"}}, "rhythm": {"beats_loudness_band_ratio": {"dvar2": [0.0938816443086, 0.0863802284002, 0.0896276533604, 0.0697511211038, 0.0261805020273, 0.00967046804726], "var": [0.0484451949596, 0.037526011467, 0.0514091439545, 0.0325215086341, 0.0087019437924, 0.00868797767907], "min": [0.000845830945764, 0.000478675676277, 0.000278582883766, 0.000162089272635, 0.000118303549243, 0.000192622217583], "dmean": [0.201815843582, 0.190915316343, 0.248255640268, 0.149760499597, 0.0659005120397, 0.0220163501799], "mean": [0.215922251344, 0.22963629663, 0.349079608917, 0.161595076323, 0.0689211711287, 0.0255692154169], "max": [0.997574567795, 0.957325220108, 0.914826333523, 0.890745580196, 0.648775696754, 0.946166753769], "dmean2": [0.35026243329, 0.330717325211, 0.430835127831, 0.259397357702, 0.116679705679, 0.0401223450899], "median": [0.13610842824, 0.172139167786, 0.30719178915, 0.102418452501, 0.0377489551902, 0.00759471673518], "dvar": [0.0357279144228, 0.0312121324241, 0.0310094207525, 0.0256659276783, 0.00965593382716, 0.00419668061659]}, "bpm_histogram_first_peak_weight": {"dvar2": 0, "var": 0, "min": 0.0914454311132, "dmean": 0, "mean": 0.0914454311132, "max": 0.0914454311132, "dmean2": 0, "median": 0.0914454311132, "dvar": 0}, "bpm": 136.143341064, "beats_count": 340, "bpm_histogram_first_peak_spread": {"dvar2": 0, "var": 0, "min": 0.635294139385, "dmean": 0, "mean": 0.635294139385, "max": 0.635294139385, "dmean2": 0, "median": 0.635294139385, "dvar": 0}, "danceability": 1.04288578033, "bpm_histogram_first_peak_bpm": {"dvar2": 0, "var": 0, "min": 136, "dmean": 0, "mean": 136, "max": 136, "dmean2": 0, "median": 136, "dvar": 0}, "beats_position": [0.487619042397, 0.99845802784, 1.50929701328, 2.02013611794, 2.54258489609, 3.08825397491, 3.63392281532, 4.1679816246, 4.7020406723, 5.24770975113, 5.80498838425, 6.39709758759, 6.98920631409, 7.60453510284, 8.20825386047, 8.80036258698, 9.38086128235, 9.96135997772, 10.5070295334, 11.0410881042, 11.5751476288, 12.1208162308, 12.6780948639, 13.235373497, 13.7810430527, 14.3267116547, 14.8723802567, 15.4180498123, 15.9753284454, 16.4397277832, 16.904127121, 17.3685264587, 17.8213157654, 18.2741031647, 18.7268924713, 19.179681778, 19.6324710846, 20.0852603912, 20.549659729, 21.0024490356, 21.4552383423, 21.9080276489, 22.3608150482, 22.8019943237, 23.2431735992, 23.6843528748, 24.1487522125, 24.6131515503, 25.0775508881, 25.5419502258, 26.0063495636, 26.470746994, 26.9467563629, 27.4227657318, 27.8987751007, 28.3631744385, 28.8507938385, 29.3268013, 29.8144207001, 30.3136501312, 30.8128795624, 31.3933773041, 31.9738769531, 32.5659866333, 33.1580963135, 33.7385940552, 34.3423118591, 34.9460296631, 35.5381393433, 36.118637085, 36.6991386414, 37.3144645691, 37.9065742493, 38.4986839294, 39.1024017334, 39.7061233521, 40.309841156, 40.91355896, 41.5288887024, 42.1558265686, 42.771156311, 43.281993866, 43.7928352356, 44.3152809143, 44.7912902832, 45.2672996521, 45.743309021, 46.2193183899, 46.683719635, 47.1597251892, 47.6357345581, 48.111743927, 48.5877532959, 49.0753746033, 49.5746040344, 50.0622215271, 50.6194992065, 51.1767807007, 51.7340583801, 52.3377761841, 52.9531059265, 53.603263855, 54.2650337219, 54.9268035889, 55.5885696411, 56.2387275696, 56.8772773743, 57.5390472412, 58.1775970459, 58.8161430359, 59.5359611511, 60.2673912048, 60.9872093201, 61.7186393738, 62.438457489, 63.1582756042, 63.8780937195, 64.7256240845, 65.5731506348, 66.4322891235, 67.2914276123, 68.1505661011, 69.0097045898, 69.8804550171, 70.7628097534, 71.6567764282, 72.5391387939, 73.4098815918, 74.280632019, 75.1862106323, 76.0569610596, 76.9277114868, 77.7984542847, 78.6692047119, 79.5515594482, 80.410697937, 81.2814483643, 82.1521987915, 83.0345535278, 83.9053039551, 84.7876663208, 85.6816329956, 86.5639877319, 87.4463500977, 88.328704834, 89.2110671997, 90.093421936, 90.9757843018, 91.8697509766, 92.7521057129, 93.6228561401, 94.4819946289, 95.3527450562, 96.2118835449, 97.1058502197, 97.9998168945, 98.9053955078, 99.8109741211, 100.728164673, 101.587303162, 102.434829712, 103.154647827, 103.862854004, 104.443351746, 105.023849487, 105.511474609, 105.999092102, 106.486709595, 106.974327087, 107.415504456, 107.856689453, 108.286254883, 108.715827942, 109.145393372, 109.574966431, 110.00453186, 110.422492981, 110.852058411, 111.293243408, 111.734420776, 112.187210083, 112.651611328, 113.116004944, 113.580406189, 114.033195496, 114.532424927, 115.031654358, 115.542495728, 116.03011322, 116.506118774, 116.982131958, 117.469749451, 117.934150696, 118.398544312, 118.862945557, 119.338951111, 119.803352356, 120.256141663, 120.674102783, 121.092063904, 121.521629333, 121.927978516, 122.345939636, 122.775505066, 123.205078125, 123.623039246, 124.052604675, 124.482177734, 124.911743164, 125.341316223, 125.770881653, 126.200454712, 126.653244019, 127.117637634, 127.582038879, 128.139312744, 128.696594238, 129.265487671, 129.834381104, 130.403259277, 130.97215271, 131.541046143, 132.098312378, 132.655593872, 133.212875366, 133.793380737, 134.37387085, 134.954376221, 135.523269653, 136.092147827, 136.649429321, 137.206710815, 137.76399231, 138.321273804, 138.878540039, 139.435821533, 139.993103027, 140.550384521, 141.107666016, 141.66494751, 142.222213745, 142.767883301, 143.313552856, 143.894058228, 144.30039978, 144.706756592, 145.113098145, 145.507843018, 145.890975952, 146.274108887, 146.657226563, 147.040359497, 147.411880493, 147.795013428, 148.189743042, 148.584487915, 149.025665283, 149.466842651, 149.90802002, 150.349197388, 150.790390015, 151.219955444, 151.672744751, 152.113922119, 152.566711426, 153.019500732, 153.437454224, 153.843811035, 154.261764526, 154.691329956, 155.132507324, 155.573699951, 155.968429565, 156.363174438, 156.769515991, 157.175872803, 157.593826294, 158.011795044, 158.429748535, 158.859313965, 159.288879395, 159.730072021, 160.159637451, 160.565979004, 160.972335815, 161.390289307, 161.808258057, 162.261047363, 162.702224731, 163.155014038, 163.607803345, 164.060592651, 164.513381958, 164.989379883, 165.465393066, 165.953018188, 166.429016113, 166.893417358, 167.357818604, 167.81060791, 168.309844971, 168.809066772, 169.296691895, 169.784301758, 170.27192688, 170.759536743, 171.247161865, 171.734786987, 172.222396851, 172.756454468, 173.302124023, 173.836181641, 174.265762329, 174.718551636, 175.159729004, 175.589294434, 176.030471802, 176.47164917, 176.912826538, 177.354003906, 177.806793213, 178.24798584, 178.67755127, 179.118728638, 179.559906006, 180.001083374, 180.442260742, 180.895050049, 181.324615479, 181.742584229, 182.16053772, 182.57850647, 183.008071899, 183.437637329, 183.867202759, 184.296783447, 184.737960815, 185.179138184, 185.620315552, 186.06149292], "beats_loudness": {"dvar2": 0.000911061128136, "var": 0.00043121658382, "min": 2.91194901525e-10, "dmean": 0.0162234306335, "mean": 0.0195931009948, "max": 0.115036845207, "dmean2": 0.0283769592643, "median": 0.0118289943784, "dvar": 0.000371692323824}, "bpm_histogram_second_peak_weight": {"dvar2": 0, "var": 0, "min": 0.0678466111422, "dmean": 0, "mean": 0.0678466111422, "max": 0.0678466111422, "dmean2": 0, "median": 0.0678466111422, "dvar": 0}, "bpm_histogram_second_peak_spread": {"dvar2": 0, "var": 0, "min": 0.520833313465, "dmean": 0, "mean": 0.520833313465, "max": 0.520833313465, "dmean2": 0, "median": 0.520833313465, "dvar": 0}, "bpm_histogram_second_peak_bpm": {"dvar2": 0, "var": 0, "min": 108, "dmean": 0, "mean": 108, "max": 108, "dmean2": 0, "median": 108, "dvar": 0}, "onset_rate": 3.3407599926}, "lowlevel": {"spectral_energyband_high": {"dvar2": 1.24763674947e-08, "var": 2.98265732113e-08, "min": 8.37651071209e-21, "dmean": 2.86330650852e-05, "mean": 6.6751432314e-05, "max": 0.00385478371754, "dmean2": 3.6100489524e-05, "median": 1.19129890663e-05, "dvar": 7.74559705263e-09}, "spectral_energyband_middle_low": {"dvar2": 9.31364920689e-05, "var": 0.000164281955222, "min": 2.46323975979e-22, "dmean": 0.00296662794426, "mean": 0.00816721841693, "max": 0.208971694112, "dmean2": 0.00411315821111, "median": 0.00423889560625, "dvar": 4.6805893362e-05}, "spectral_energy": {"dvar2": 0.000120128577692, "var": 0.000328554131556, "min": 1.13014649789e-20, "dmean": 0.00404080282897, "mean": 0.0137378433719, "max": 0.216003000736, "dmean2": 0.00546268653125, "median": 0.00734807737172, "dvar": 6.29913847661e-05}, "spectral_spread": {"dvar2": 486771326976, "var": 2581646278660.0, "min": 1012488.375, "dmean": 353325.78125, "mean": 3078146, "max": 40466712, "dmean2": 502908.21875, "median": 2710682.75, "dvar": 346212958208}, "spectral_energyband_low": {"dvar2": 2.86507511191e-05, "var": 1.14905615192e-05, "min": 6.6555721257e-23, "dmean": 0.000704932317603, "mean": 0.00123140774667, "max": 0.10346699506, "dmean2": 0.00117033871356, "median": 0.000483538431581, "dvar": 9.80623008218e-06}, "spectral_rolloff": {"dvar2": 477867.5, "var": 5510904, "min": 21.533203125, "dmean": 202.704559326, "mean": 1231.32727051, "max": 20671.875, "dmean2": 341.617584229, "median": 775.1953125, "dvar": 258652.125}, "barkbands": {"dvar2": [2.67992231784e-06, 1.64082985066e-06, 1.206512934e-05, 2.74418016488e-06, 1.66829286172e-05, 5.49937794858e-06, 9.25306324007e-07, 1.46755573951e-05, 4.68415819341e-05, 7.36975744076e-06, 1.35897801101e-06, 1.92710353986e-06, 2.87123202725e-06, 1.16169758257e-06, 1.31228534883e-06, 8.37871780845e-08, 1.22069806707e-07, 1.92031862412e-07, 1.1096622643e-07, 5.74696157329e-09, 2.02647654213e-09, 2.49620629722e-10, 6.08753381037e-10, 2.11251682813e-09, 1.66352986941e-10, 9.14653422446e-12, 8.84889926091e-13], "var": [8.61169212385e-07, 1.62339290455e-06, 3.93251775677e-06, 9.60087731983e-07, 6.56571228319e-06, 7.99885128799e-06, 1.00559691418e-06, 1.90590089915e-05, 0.000103143262095, 1.70704424818e-05, 3.65574123862e-06, 1.0112925338e-05, 9.60071793088e-06, 1.06941035938e-06, 2.55465351984e-06, 1.02613348929e-07, 3.28541858607e-07, 4.17769115302e-07, 3.36602454354e-07, 1.19439809154e-08, 4.99995556069e-09, 3.78720249605e-10, 1.09650422075e-09, 3.07945935418e-09, 1.70516836762e-10, 1.12180785494e-11, 5.80122863809e-13], "min": [1.08668989685e-23, 2.9773431254e-23, 2.11051641479e-23, 1.19561076193e-23, 6.99509628158e-24, 3.66241297023e-23, 3.60220836812e-23, 2.57514823044e-23, 1.16240888438e-22, 4.17874199645e-23, 7.4910389332e-23, 9.33921634074e-23, 1.48059763444e-22, 1.39395268671e-22, 1.09803783452e-22, 1.52238908707e-22, 1.4467966486e-22, 2.55007302439e-22, 3.08237945006e-22, 3.66674009318e-22, 5.37482211484e-22, 5.80010220377e-22, 8.35484831395e-22, 9.7453266048e-22, 1.29926315004e-21, 1.35929483384e-21, 2.74329239885e-21], "dmean": [0.000504796742462, 0.000301824446069, 0.000318179372698, 0.000192548977793, 0.000533196667675, 0.000694303133059, 0.000261884590145, 0.000845692469738, 0.00126251403708, 0.000557723629754, 0.000246624578722, 0.000316733610816, 0.000316337303957, 0.000161273710546, 0.000179422480869, 7.18967421562e-05, 9.39760284382e-05, 0.000117408264487, 8.12437501736e-05, 1.64492903423e-05, 1.08035537778e-05, 3.93469372284e-06, 3.68599739886e-06, 5.30527131559e-06, 1.63822096511e-06, 6.68171708185e-07, 1.42383697721e-07], "mean": [0.000479185167933, 0.000578421342652, 0.000377745949663, 0.000209038946196, 0.000948921544477, 0.00150117138401, 0.000513074628543, 0.00168390444014, 0.00293483468704, 0.0011590863578, 0.000483710056869, 0.000775553286076, 0.000690979184583, 0.000226950054639, 0.000328398862621, 0.000141716154758, 0.000202917406568, 0.000246163777774, 0.000171971973032, 3.37983256031e-05, 2.31744470511e-05, 7.78838239057e-06, 6.62471938995e-06, 8.69669383974e-06, 2.63175547843e-06, 1.10066639536e-06, 2.88976650609e-07], "max": [0.00828122813255, 0.0212254282087, 0.0683654695749, 0.0287414640188, 0.100833386183, 0.0534669086337, 0.0232207570225, 0.0827405378222, 0.20727956295, 0.147213876247, 0.043690353632, 0.0617891140282, 0.0498654618859, 0.0216852724552, 0.0383640378714, 0.00818882510066, 0.0101540889591, 0.0116935502738, 0.00892632454634, 0.0032897721976, 0.00136408512481, 0.000320006394759, 0.000896743207704, 0.00236464152113, 0.000592248514295, 7.61101691751e-05, 4.0236642235e-05], "dmean2": [0.000914847129025, 0.000488341669552, 0.000542361172847, 0.000315640645567, 0.000840504828375, 0.00103188212961, 0.000401844852604, 0.00117823539767, 0.00170150084887, 0.000739865296055, 0.000313270080369, 0.000396479474148, 0.000401945668273, 0.000236863081227, 0.000227941869525, 0.000101972327684, 0.000131822220283, 0.000161298245075, 0.000111332534289, 2.29561974265e-05, 1.43134839163e-05, 5.45372040506e-06, 5.06240166942e-06, 6.95473727319e-06, 2.23649908548e-06, 9.85651240626e-07, 2.13550364947e-07], "median": [0.000133891880978, 0.000114993061288, 7.6178330346e-05, 3.52958159056e-05, 0.000359224330168, 0.000570729083847, 0.000191227503819, 0.000235164930928, 0.000321554427501, 0.000142333941767, 6.31280709058e-05, 5.69743897358e-05, 2.74246704066e-05, 1.71752399183e-05, 2.32851452893e-05, 3.47571876773e-05, 3.53712966898e-05, 3.0311934097e-05, 1.42112094181e-05, 6.2713643274e-06, 2.77743083643e-06, 1.5509072e-06, 7.20251023267e-07, 8.12177688658e-07, 3.4859618836e-07, 2.18336452917e-07, 1.50166329149e-07], "dvar": [8.53001210999e-07, 6.9173194106e-07, 4.05888431487e-06, 1.03374600258e-06, 6.35576543573e-06, 2.56516091213e-06, 3.99340166268e-07, 7.29834755475e-06, 2.49843069469e-05, 5.20081039213e-06, 9.12127177344e-07, 1.37733559313e-06, 1.94114636543e-06, 5.98583881128e-07, 7.84020642186e-07, 3.97453554513e-08, 6.70864892527e-08, 1.07135285532e-07, 6.47637747875e-08, 3.32405258874e-09, 1.22408838621e-09, 1.25629021075e-10, 3.58711754744e-10, 1.35647382216e-09, 9.36593302914e-11, 4.51767182691e-12, 4.2118985708e-13]}, "melbands_skewness": {"dvar2": 2.34798789024, "var": 4.25164556503, "min": -1.74614095688, "dmean": 0.519863784313, "mean": 1.47344899178, "max": 77.3223800659, "dmean2": 0.785995721817, "median": 1.25796318054, "dvar": 0.91784787178}, "barkbands_skewness": {"dvar2": 2.99265909195, "var": 3.2175655365, "min": -3.5406472683, "dmean": 0.558798909187, "mean": 1.00497305393, "max": 71.540222168, "dmean2": 0.894007623196, "median": 0.883287906647, "dvar": 1.05171298981}, "erbbands": {"dvar2": [0.000426025188062, 0.129378303885, 7.95111846924, 44.3836593628, 26.4071578979, 371.906799316, 384.906494141, 549.628723145, 222.874145508, 975.530090332, 9176.67871094, 38511.3398438, 9231.78515625, 3858.80371094, 1375.75512695, 3796.3059082, 3740.83862305, 3629.04541016, 5176.33398438, 263.026428223, 137.966751099, 355.213500977, 576.64855957, 414.705566406, 78.6153869629, 12.4425992966, 6.85218334198, 1.14526617527, 0.411924093962, 0.150472596288, 0.584301769733, 1.10322391987, 0.49316200614, 0.0429309420288, 0.00349968019873, 0.000322556850733, 2.87723469228e-05, 1.00966690297e-06, 3.04468557033e-08, 2.18625589854e-10], "var": [0.000437072885688, 0.122504472733, 2.87661480904, 12.5759353638, 12.3760681152, 135.766403198, 288.877716064, 873.822570801, 238.353561401, 771.112243652, 13373.3320313, 62856.921875, 25506.6152344, 10836.3125, 8622.29003906, 20754.8027344, 13839.5703125, 5617.75, 10190.9052734, 459.257171631, 232.068984985, 1255.01611328, 1406.89758301, 1599.44335938, 182.053527832, 29.0090103149, 16.0678749084, 2.72860479355, 0.634412586689, 0.246588140726, 1.07219445705, 1.53908193111, 0.743658006191, 0.0512674488127, 0.00404451740906, 0.000383909209631, 3.0921328289e-05, 8.20583068162e-07, 2.04237959878e-08, 5.65299751454e-10], "min": [8.23060764387e-22, 6.60468297376e-21, 1.79535900728e-20, 4.97337302666e-20, 1.69880085728e-20, 2.89157817536e-20, 1.51154022054e-19, 3.73338870489e-19, 5.41403049203e-19, 4.5897631062e-19, 6.83836312855e-19, 2.5616364956e-18, 2.18470662728e-18, 1.78250039418e-18, 2.55675943871e-18, 4.82635651033e-18, 7.28053025024e-18, 5.07414383949e-18, 7.91079224617e-18, 6.80427770384e-18, 8.31403535016e-18, 8.9162699854e-18, 1.12921651424e-17, 1.14840313398e-17, 2.06258792685e-17, 1.74780864609e-17, 2.41274274457e-17, 1.71024339662e-17, 1.9444693478e-17, 2.44116897176e-17, 2.36231235504e-17, 1.8847662636e-17, 1.76846748189e-17, 1.47280914272e-17, 9.59469374531e-18, 4.61015672721e-18, 2.61445900875e-18, 1.36405102219e-18, 4.2785118438e-19, 3.9106049133e-20], "dmean": [0.00565037271008, 0.0816415697336, 0.300045162439, 0.586529970169, 0.78008967638, 2.2107155323, 4.23037004471, 6.43700504303, 4.38150930405, 6.34029436111, 21.385602951, 32.8237304688, 20.3535633087, 13.4623270035, 10.4634923935, 12.3241710663, 12.6793012619, 10.3218603134, 11.0606918335, 4.12873792648, 3.25160503387, 4.99834632874, 6.16341781616, 5.45537233353, 2.02055191994, 0.795135915279, 0.589518249035, 0.27922719717, 0.156706437469, 0.0895603224635, 0.106669008732, 0.12044813484, 0.0810715854168, 0.0246363393962, 0.0095446575433, 0.0037416878622, 0.0011585096363, 0.000182369767572, 2.89815525321e-05, 5.49334299649e-06], "mean": [0.0106429960579, 0.155511945486, 0.421784281731, 0.647663414478, 1.27366960049, 3.6549911499, 8.33608627319, 13.1797924042, 9.17464733124, 11.9221782684, 44.5633964539, 74.7266845703, 44.4124526978, 31.7993202209, 27.0729808807, 31.9817028046, 29.5304546356, 20.4190292358, 20.6582450867, 8.61656665802, 7.27678728104, 12.0020799637, 13.833609581, 12.7288684845, 4.28351783752, 1.73269808292, 1.29658377171, 0.614897847176, 0.308028906584, 0.178843721747, 0.193784743547, 0.198359549046, 0.129777848721, 0.040547195822, 0.0147319678217, 0.00583628984168, 0.00186941341963, 0.000343905936461, 6.03788284934e-05, 1.88301237358e-05], "max": [0.344015091658, 5.81820058823, 55.6148109436, 115.580200195, 90.740234375, 449.221069336, 318.159667969, 526.399597168, 260.727783203, 830.589172363, 1850.43798828, 5964.27001953, 5640.44384766, 1783.77941895, 1917.09692383, 3204.05151367, 2165.73876953, 1249.19799805, 2339.34008789, 390.090881348, 327.558776855, 706.925292969, 741.413024902, 642.522094727, 267.162597656, 161.147033691, 74.7882156372, 29.1897220612, 17.1040649414, 8.93609809875, 30.3597240448, 56.984336853, 30.9750518799, 10.9455766678, 1.8770031929, 0.460285484791, 0.135828852654, 0.0451076701283, 0.00660314457491, 0.000289202755084], "dmean2": [0.00930110737681, 0.132067009807, 0.503848493099, 0.996388673782, 1.24377298355, 3.53224301338, 6.3773932457, 9.59228229523, 6.64435005188, 9.49365329742, 29.331867218, 44.5774421692, 25.7890853882, 17.1911487579, 12.4484529495, 15.0797052383, 15.5073623657, 13.9594326019, 13.6789855957, 5.55567264557, 4.40215444565, 6.82358884811, 8.17461109161, 7.20410299301, 2.74922275543, 1.08168172836, 0.782728493214, 0.367517948151, 0.212751254439, 0.120826326311, 0.146120235324, 0.159041985869, 0.105133958161, 0.0331453345716, 0.0132469357923, 0.00548049947247, 0.00172534072772, 0.00026784860529, 4.37556809629e-05, 7.37935033612e-06], "median": [0.00382149708457, 0.0290432982147, 0.118748441339, 0.132195144892, 0.338333249092, 1.10090851784, 2.87071943283, 3.73820638657, 3.99319887161, 3.79291772842, 8.15838432312, 9.66813659668, 7.29997491837, 4.59414434433, 4.12355327606, 2.81981658936, 2.00826740265, 1.40075397491, 1.20118021965, 1.75241935253, 1.83399510384, 2.10562133789, 1.86367690563, 1.2696352005, 0.593649506569, 0.314702212811, 0.14347410202, 0.102050326765, 0.0603680685163, 0.0311887189746, 0.0203844308853, 0.0170760005713, 0.0121809728444, 0.00510754808784, 0.00186483957805, 0.000882626394741, 0.000411856075516, 0.000132532019052, 3.11560579576e-05, 1.02962021629e-05], "dvar": [0.000179179667612, 0.0533974170685, 2.68026709557, 15.3407258987, 10.6297216415, 139.400161743, 156.832382202, 272.449493408, 94.3117980957, 422.371154785, 4687.58544922, 19447.5761719, 6955.12548828, 2453.32958984, 1195.64477539, 2785.03466797, 2732.02856445, 1911.47265625, 3141.46264648, 139.855621338, 70.2252120972, 213.397399902, 344.219665527, 254.046768188, 47.2407836914, 7.74828195572, 3.94554495811, 0.699266016483, 0.216171130538, 0.0806078314781, 0.352292001247, 0.680401325226, 0.328430175781, 0.02623035945, 0.00198323046789, 0.000164439115906, 1.32444120027e-05, 4.91861328555e-07, 1.44094878252e-08, 1.16024564956e-10]}, "silence_rate_30dB": {"dvar2": 0.00592899881303, "var": 0.00444741593674, "min": 0, "dmean": 0.00273054488935, "mean": 0.995532393456, "max": 1, "dmean2": 0.00546176778153, "median": 1, "dvar": 0.00272322446108}, "melbands_spread": {"dvar2": 62.821849823, "var": 325.54864502, "min": 0.0768560022116, "dmean": 3.78090453148, "mean": 16.334690094, "max": 212.131942749, "dmean2": 5.67379283905, "median": 12.5343360901, "dvar": 32.8244056702}, "melbands_crest": {"dvar2": 22.0051670074, "var": 31.0572052002, "min": 1.73550271988, "dmean": 3.11629128456, "mean": 14.3793373108, "max": 39.4697113037, "dmean2": 4.97371912003, "median": 13.4107723236, "dvar": 9.147564888}, "zerocrossingrate": {"dvar2": 8.41588334879e-05, "var": 0.00380175956525, "min": 0, "dmean": 0.00540994061157, "mean": 0.0436942651868, "max": 0.57177734375, "dmean2": 0.00640681246296, "median": 0.033203125, "dvar": 7.8620549175e-05}, "barkbands_kurtosis": {"dvar2": 20052.8359375, "var": 6868.59082031, "min": -1.86842560768, "dmean": 5.25835752487, "mean": 6.40773010254, "max": 5828.046875, "dmean2": 9.21978473663, "median": 2.24415445328, "dvar": 6446.03417969}, "spectral_flux": {"dvar2": 0.00100172671955, "var": 0.00146783317905, "min": 1.06308351011e-10, "dmean": 0.0177783835679, "mean": 0.0504423230886, "max": 0.373925864697, "dmean2": 0.0274440851063, "median": 0.0407612398267, "dvar": 0.000464561977424}, "barkbands_crest": {"dvar2": 17.8851013184, "var": 19.2133235931, "min": 3.24178290367, "dmean": 2.75880265236, "mean": 11.469953537, "max": 26.7652492523, "dmean2": 4.47582674026, "median": 10.6976089478, "dvar": 6.83616447449}, "barkbands_flatness_db": {"dvar2": 0.00107279664371, "var": 0.00244839745574, "min": 0.026370247826, "dmean": 0.0211108531803, "mean": 0.189041346312, "max": 0.577377915382, "dmean2": 0.0317630171776, "median": 0.185249507427, "dvar": 0.000460958282929}, "spectral_entropy": {"dvar2": 0.0634427294135, "var": 0.276681184769, "min": 4.90678691864, "dmean": 0.183432891965, "mean": 6.82821702957, "max": 9.80032634735, "dmean2": 0.259396076202, "median": 6.81304168701, "dvar": 0.0332509428263}, "pitch_salience": {"dvar2": 0.0112212412059, "var": 0.0131627907977, "min": 0.0388389080763, "dmean": 0.0700633451343, "mean": 0.556839585304, "max": 0.925937473774, "dmean2": 0.113222889602, "median": 0.559371352196, "dvar": 0.00430957833305}, "erbbands_spread": {"dvar2": 60.3840560913, "var": 182.932449341, "min": 1.50270175934, "dmean": 4.34099721909, "mean": 20.1229438782, "max": 171.864486694, "dmean2": 6.18692350388, "median": 17.207244873, "dvar": 32.7270584106}, "dynamic_complexity": 5.24478912354, "spectral_contrast_valleys": {"dvar2": [0.288487941027, 0.227708414197, 0.222602009773, 0.209801644087, 0.193783730268, 0.126995578408], "var": [2.09926319122, 1.85296010971, 1.72905135155, 1.57627594471, 1.55939948559, 1.16892147064], "min": [-27.146030426, -27.3347434998, -27.6613388062, -27.2613792419, -27.2138118744, -27.3225650787], "dmean": [0.412870049477, 0.346892088652, 0.343337357044, 0.328335374594, 0.30554780364, 0.247028544545], "mean": [-8.6736497879, -7.43175172806, -8.20064067841, -9.00465106964, -9.08239650726, -11.9398050308], "max": [-5.66849899292, -4.81378269196, -5.69700574875, -6.58210802078, -5.96878194809, -8.32804489136], "dmean2": [0.658752918243, 0.552356004715, 0.533440113068, 0.493867874146, 0.425416171551, 0.304826825857], "median": [-8.52460002899, -7.24324083328, -8.04083442688, -8.84069061279, -8.89235591888, -11.9037647247], "dvar": [0.13374620676, 0.10468711704, 0.109043866396, 0.110159918666, 0.115091189742, 0.0971541851759]}, "hfc": {"dvar2": 48.3922309875, "var": 316.867584229, "min": 1.25033286201e-16, "dmean": 2.96723389626, "mean": 10.9249763489, "max": 158.500167847, "dmean2": 3.63273906708, "median": 4.00565004349, "dvar": 33.7208518982}, "spectral_kurtosis": {"dvar2": 52.5237045288, "var": 80.7092437744, "min": -1.18558979034, "dmean": 4.1095790863, "mean": 12.6949195862, "max": 71.3036499023, "dmean2": 6.7441163063, "median": 10.1731300354, "dvar": 20.2988014221}, "mfcc": {"mean": [-757.560913086, 168.248794556, -18.8094654083, 12.2587766647, -5.08203220367, -16.1160030365, -3.50857424736, 4.67836999893, -0.917212307453, -0.908466339111, 0.827295601368, 2.15479898453, -2.58672332764], "cov": [[9250.3984375, -475.486907959, -1942.3762207, -2.11428332329, -332.544158936, -214.888153076, -89.513458252, -2.03139591217, -145.143371582, -90.9440307617, -22.7780399323, -2.71712398529, -332.26461792], [-475.486907959, 1715.72192383, 100.58883667, -36.7646217346, 29.7238731384, -139.20765686, 8.23310375214, 77.9033126831, 90.5848236084, -29.1836528778, 12.5909385681, 38.3205718994, 95.9536209106], [-1942.3762207, 100.58883667, 1246.27050781, 86.118888855, 144.547134399, 163.851593018, 18.7735309601, 31.1440982819, 12.1969947815, 71.3423690796, -46.8362884521, -21.2704467773, 71.4585876465], [-2.11428332329, -36.7646217346, 86.118888855, 344.01940918, 89.8311386108, 61.7752380371, -2.41128373146, 1.16056287289, 4.09047746658, 21.4946842194, -18.2201309204, -18.89777565, 64.4218597412], [-332.544158936, 29.7238731384, 144.547134399, 89.8311386108, 211.877578735, 38.1846885681, -21.4012413025, -1.63624536991, -19.6433563232, 29.4371395111, -12.0926179886, -8.11488342285, 16.5128974915], [-214.888153076, -139.20765686, 163.851593018, 61.7752380371, 38.1846885681, 192.338821411, 54.6909255981, 0.37249854207, 10.4798717499, 5.68255329132, 2.45509195328, 14.9533424377, 17.2897777557], [-89.513458252, 8.23310375214, 18.7735309601, -2.41128373146, -21.4012413025, 54.6909255981, 207.235931396, 75.1674423218, 8.13680458069, -39.1685066223, 25.1139736176, 27.8902606964, -13.1318483353], [-2.03139591217, 77.9033126831, 31.1440982819, 1.16056287289, -1.63624536991, 0.37249854207, 75.1674423218, 128.913146973, 40.2203674316, -14.1718378067, 3.89625716209, 22.8494262695, 18.610534668], [-145.143371582, 90.5848236084, 12.1969947815, 4.09047746658, -19.6433563232, 10.4798717499, 8.13680458069, 40.2203674316, 126.612205505, 39.692024231, 7.41099500656, 9.49474143982, 39.0735816956], [-90.9440307617, -29.1836528778, 71.3423690796, 21.4946842194, 29.4371395111, 5.68255329132, -39.1685066223, -14.1718378067, 39.692024231, 142.443908691, 43.9755516052, -14.617764473, 10.0372495651], [-22.7780399323, 12.5909385681, -46.8362884521, -18.2201309204, -12.0926179886, 2.45509195328, 25.1139736176, 3.89625716209, 7.41099500656, 43.9755516052, 116.014137268, 32.8489646912, -11.834104538], [-2.71712398529, 38.3205718994, -21.2704467773, -18.89777565, -8.11488342285, 14.9533424377, 27.8902606964, 22.8494262695, 9.49474143982, -14.617764473, 32.8489646912, 107.309890747, 41.9832572937], [-332.26461792, 95.9536209106, 71.4585876465, 64.4218597412, 16.5128974915, 17.2897777557, -13.1318483353, 18.610534668, 39.0735816956, 10.0372495651, -11.834104538, 41.9832572937, 152.401870728]], "icov": [[0.000201155082323, -1.14170006782e-05, 0.000314959703246, -0.000189428465092, 0.000265496986685, -0.000133194684167, 0.000196445194888, -0.000332989933668, 0.000305357272737, -0.000280844367808, 0.000342591025401, -0.000252812169492, 0.000458525930298], [-1.14170006782e-05, 0.000729583727662, -0.000159268573043, 9.74750219029e-05, -0.000325437285937, 0.000773712643422, -0.000106997584226, -2.12594077311e-05, -0.000644512067083, 0.000539328029845, -0.000371966540115, 3.25943037751e-05, -0.000418047333369], [0.000314959703246, -0.000159268573043, 0.00157133908942, -0.000138162911753, 3.0967148632e-05, -0.00119398348033, 0.000279510568362, -0.000926883250941, 0.000925942498725, -0.00121761311311, 0.00115152739454, -8.54226018419e-05, 0.000333691772539], [-0.000189428465092, 9.74750219029e-05, -0.000138162911753, 0.00403582025319, -0.00159616966266, -0.000810083816759, -0.000384263636079, 0.000205930671655, -2.02718838409e-05, 8.91874442459e-05, -0.000316522317007, 0.00174788676668, -0.00241572782397], [0.000265496986685, -0.000325437285937, 3.0967148632e-05, -0.00159616966266, 0.00663595926017, -0.00120652816258, 0.00113811169285, -0.00138747959863, 0.00240646232851, -0.00203121337108, 0.0012887531193, -0.000738021975849, 0.000949469511397], [-0.000133194684167, 0.000773712643422, -0.00119398348033, -0.000810083816759, -0.00120652816258, 0.00810651388019, -0.00270247948356, 0.00235036178492, -0.00200674706139, 0.000828086864203, -0.000440092757344, -0.00107168522663, -0.000463063246571], [0.000196445194888, -0.000106997584226, 0.000279510568362, -0.000384263636079, 0.00113811169285, -0.00270247948356, 0.00819305051118, -0.00488687772304, 0.000760413822718, 0.00180422957055, -0.00172951107379, -0.000559975742362, 0.0017192044761], [-0.000332989933668, -2.12594077311e-05, -0.000926883250941, 0.000205930671655, -0.00138747959863, 0.00235036178492, -0.00488687772304, 0.0127247935161, -0.00449110846967, 0.00162652740255, -0.000167327772942, -0.000888159789611, -0.00118031946477], [0.000305357272737, -0.000644512067083, 0.000925942498725, -2.02718838409e-05, 0.00240646232851, -0.00200674706139, 0.000760413822718, -0.00449110846967, 0.012456628494, -0.00496803876013, 0.00174408825114, -9.65611834545e-05, -0.00147765746806], [-0.000280844367808, 0.000539328029845, -0.00121761311311, 8.91874442459e-05, -0.00203121337108, 0.000828086864203, 0.00180422957055, 0.00162652740255, -0.00496803876013, 0.0124628609046, -0.00670334789902, 0.0031801534351, -0.00127932045143], [0.000342591025401, -0.000371966540115, 0.00115152739454, -0.000316522317007, 0.0012887531193, -0.000440092757344, -0.00172951107379, -0.000167327772942, 0.00174408825114, -0.00670334789902, 0.0139677459374, -0.00554443942383, 0.00296296924353], [-0.000252812169492, 3.25943037751e-05, -8.54226018419e-05, 0.00174788676668, -0.000738021975849, -0.00107168522663, -0.000559975742362, -0.000888159789611, -9.65611834545e-05, 0.0031801534351, -0.00554443942383, 0.0143396109343, -0.00557419890538], [0.000458525930298, -0.000418047333369, 0.000333691772539, -0.00241572782397, 0.000949469511397, -0.000463063246571, 0.0017192044761, -0.00118031946477, -0.00147765746806, -0.00127932045143, 0.00296296924353, -0.00557419890538, 0.0111598465592]]}, "silence_rate_20dB": {"dvar2": 0, "var": 0, "min": 1, "dmean": 0, "mean": 1, "max": 1, "dmean2": 0, "median": 1, "dvar": 0}, "melbands_kurtosis": {"dvar2": 37379.3671875, "var": 20940.0488281, "min": -1.54265904427, "dmean": 6.66731452942, "mean": 10.6120195389, "max": 8323.26171875, "dmean2": 11.0234975815, "median": 3.6082611084, "dvar": 12427.4931641}, "barkbands_spread": {"dvar2": 47.6693763733, "var": 66.8175354004, "min": 0.086503893137, "dmean": 3.11617088318, "mean": 11.766954422, "max": 121.511650085, "dmean2": 4.88712835312, "median": 10.1537723541, "dvar": 20.8840579987}, "erbbands_skewness": {"dvar2": 0.286076039076, "var": 0.595188379288, "min": -2.66354417801, "dmean": 0.349527329206, "mean": 0.874567091465, "max": 5.12214708328, "dmean2": 0.521939456463, "median": 0.878389716148, "dvar": 0.132955864072}, "average_loudness": 0.415331989527, "spectral_centroid": {"dvar2": 66163.3359375, "var": 373797.90625, "min": 208.672790527, "dmean": 137.632080078, "mean": 957.129699707, "max": 11589.8378906, "dmean2": 197.211547852, "median": 793.109008789, "dvar": 39916.125}, "dissonance": {"dvar2": 0.00239027873613, "var": 0.00219131424092, "min": 0.185995727777, "dmean": 0.0321116484702, "mean": 0.425310820341, "max": 0.500000059605, "dmean2": 0.0536113157868, "median": 0.433426141739, "dvar": 0.000864893256221}, "erbbands_flatness_db": {"dvar2": 0.000608074187767, "var": 0.00297234416939, "min": 0.0268212091178, "dmean": 0.0181662533432, "mean": 0.229487910867, "max": 0.38705354929, "dmean2": 0.0248508807272, "median": 0.232230767608, "dvar": 0.000353373849066}, "spectral_strongpeak": {"dvar2": 1.36784934998, "var": 3.13619446754, "min": 0, "dmean": 0.509470701218, "mean": 1.3039586544, "max": 13.084936142, "dmean2": 0.783676505089, "median": 0.670409858227, "dvar": 0.656547188759}, "spectral_rms": {"dvar2": 7.38346955131e-07, "var": 3.67032748727e-06, "min": 3.32051508685e-12, "dmean": 0.000515676452778, "mean": 0.00311968382448, "max": 0.0145167019218, "dmean2": 0.00069372553844, "median": 0.00267747184262, "dvar": 4.36278583038e-07}, "silence_rate_60dB": {"dvar2": 0.14378722012, "var": 0.176272392273, "min": 0, "dmean": 0.07298001647, "mean": 0.228468596935, "max": 1, "dmean2": 0.145978152752, "median": 0, "dvar": 0.0676578581333}, "melbands": {"dvar2": [7.78718671768e-08, 1.21264747577e-06, 7.90050421529e-07, 7.03539001279e-07, 4.98282815897e-07, 2.24642434432e-07, 4.67699656781e-08, 2.08608966545e-07, 6.62954334985e-07, 1.55451641604e-06, 2.43320386062e-07, 7.51221733708e-08, 1.86278850123e-08, 2.40905428939e-08, 1.6416155546e-08, 3.72211594879e-08, 1.2449627107e-08, 1.57904676001e-08, 3.37686190122e-09, 6.162660382e-10, 1.60927771109e-10, 5.77874192942e-10, 5.20133713877e-10, 6.22237317227e-10, 3.71994018922e-10, 1.3784483277e-10, 1.45947073871e-11, 6.1210984198e-12, 3.48548859046e-12, 1.4916705024e-12, 3.81944015261e-13, 2.06742189015e-13, 5.86782548549e-14, 6.30468984311e-14, 1.86269077419e-13, 3.90645442426e-13, 5.52736946925e-13, 3.29590928118e-13, 1.08377899483e-13, 2.05607659533e-14], "var": [8.6343646899e-08, 5.27535121364e-07, 2.99805805071e-07, 2.83527185729e-07, 2.99268123172e-07, 3.5876058746e-07, 5.1657607969e-08, 1.51251299485e-07, 9.13364374355e-07, 3.0208195767e-06, 6.51375330563e-07, 2.08169851135e-07, 7.83748603794e-08, 1.11372642664e-07, 6.13406569983e-08, 1.4565824813e-07, 1.37585365323e-08, 2.73942220019e-08, 6.07104677641e-09, 7.05720593075e-10, 2.40903436088e-10, 1.89307858278e-09, 1.0530253336e-09, 1.04422248626e-09, 1.35030009396e-09, 2.31220848024e-10, 2.69705160982e-11, 1.25125413503e-11, 6.96673578202e-12, 3.55115177715e-12, 6.17628561142e-13, 2.81120287639e-13, 7.31069461153e-14, 8.92178990191e-14, 3.06570795226e-13, 6.74027077641e-13, 6.08106663982e-13, 4.84771294287e-13, 1.3878008714e-13, 1.84096393864e-14], "min": [8.19599580368e-24, 1.02132993095e-23, 7.13544725839e-24, 1.31943366311e-24, 4.1440867058e-24, 7.66556415329e-24, 8.20851818169e-24, 5.23517718432e-24, 6.70350883632e-24, 1.72857157927e-23, 1.07554384446e-23, 6.70037548081e-24, 9.91039959886e-24, 9.39153817137e-24, 1.23165799765e-23, 1.58252281791e-23, 8.60515192281e-24, 1.38586989166e-23, 9.84787211693e-24, 9.11987814144e-24, 1.0434911637e-23, 1.04740533374e-23, 5.98353087092e-24, 1.32742807813e-23, 7.63818515785e-24, 1.54164041704e-23, 1.24360135176e-23, 1.09629554055e-23, 1.81230253793e-23, 9.91662686685e-24, 9.14155130595e-24, 7.81036903877e-24, 1.69009299535e-23, 1.2516908048e-23, 1.13344315834e-23, 1.58448881706e-23, 1.01863668093e-23, 1.14194416012e-23, 1.32941316771e-23, 1.21539286908e-23], "dmean": [7.98104811111e-05, 0.000139953728649, 9.62911217357e-05, 0.000102203834103, 0.000136069997097, 0.00013682480494, 6.37668199488e-05, 8.62368542585e-05, 0.000182111209142, 0.000207216377021, 0.000102402198536, 5.75526464672e-05, 3.32107993017e-05, 3.64391817129e-05, 2.57270312432e-05, 3.56680247933e-05, 1.78068949026e-05, 1.84842429007e-05, 9.35135994951e-06, 6.09290282227e-06, 3.52783422386e-06, 5.65046593692e-06, 6.00180010224e-06, 5.91061780142e-06, 4.89375088364e-06, 2.30281216318e-06, 7.75395790242e-07, 5.17792614119e-07, 4.15324763026e-07, 2.68819121629e-07, 1.50455832681e-07, 1.05254336802e-07, 5.57171517812e-08, 5.12440223588e-08, 6.00279719265e-08, 7.93877248384e-08, 7.5045079484e-08, 6.46394440196e-08, 3.76290678616e-08, 1.68304730153e-08], "mean": [0.000157132439199, 0.000228090575547, 0.00012095557031, 0.000173396227183, 0.000266339076916, 0.000288054870907, 0.000131445805891, 0.000154504741658, 0.000371908856323, 0.000482266070321, 0.000213794177398, 0.000129941268824, 7.63864154578e-05, 8.88228023541e-05, 5.73803299631e-05, 8.02759313956e-05, 2.93371704174e-05, 3.18133461406e-05, 1.7339742044e-05, 1.16512546811e-05, 7.13329245627e-06, 1.25609458337e-05, 1.25823135022e-05, 1.17580793813e-05, 1.07174537334e-05, 4.17181399825e-06, 1.50795960963e-06, 1.02997080376e-06, 8.49003185976e-07, 5.56145550945e-07, 2.94738129014e-07, 1.91711592379e-07, 1.05122722971e-07, 9.48828571268e-08, 1.02928986223e-07, 1.34642661465e-07, 1.14778053728e-07, 1.00841297979e-07, 5.73035308093e-08, 2.65750443873e-08], "max": [0.00466886023059, 0.0222128387541, 0.0167203731835, 0.0188055429608, 0.0145154958591, 0.0108331162483, 0.0040295002982, 0.0114081343636, 0.0141672752798, 0.0403625033796, 0.0281536467373, 0.00842785649002, 0.0066012297757, 0.00635967962444, 0.00519207585603, 0.00651086494327, 0.00212343269959, 0.00365212396719, 0.00164462230168, 0.000647635024507, 0.000260160071775, 0.000952344213147, 0.00064154114807, 0.00045010066242, 0.00063056597719, 0.000333060947014, 0.000177591908141, 0.000112146270112, 4.91530772706e-05, 4.55814006273e-05, 1.4240593373e-05, 1.20696513477e-05, 4.12978806708e-06, 6.71662019158e-06, 1.5516701751e-05, 2.56357507169e-05, 3.82370999432e-05, 2.56669391092e-05, 1.77234760486e-05, 6.06549519944e-06], "dmean2": [0.000129930718686, 0.000230811740039, 0.000157182163093, 0.000161461983225, 0.000205376651138, 0.000203397808946, 9.67701853369e-05, 0.000128387619043, 0.00024997474975, 0.000278030405752, 0.000130560714751, 7.41985204513e-05, 4.09476742789e-05, 4.3950847612e-05, 3.2964086131e-05, 4.31718435721e-05, 2.48761789408e-05, 2.28947646974e-05, 1.20101494758e-05, 8.64172125148e-06, 4.90352340421e-06, 7.85346674093e-06, 8.37399056763e-06, 8.1477137428e-06, 6.60778323436e-06, 3.24658094542e-06, 1.07715231934e-06, 7.31442469259e-07, 5.65513687434e-07, 3.48229974634e-07, 2.05518389862e-07, 1.47449611632e-07, 7.90339029777e-08, 7.0769878846e-08, 8.3759353231e-08, 1.1097471031e-07, 1.01015636744e-07, 8.77929409171e-08, 5.0537860119e-08, 2.39397603963e-08], "median": [5.98680271651e-05, 6.34991156403e-05, 2.95048721455e-05, 4.27564591519e-05, 0.000100277116871, 9.36768337851e-05, 5.65736845601e-05, 3.97868643631e-05, 5.94417615503e-05, 4.9809612392e-05, 2.79255546047e-05, 1.31048054755e-05, 1.12504621939e-05, 8.03226066637e-06, 4.43962289864e-06, 3.12384418066e-06, 1.93640698853e-06, 1.54697784183e-06, 1.82248584224e-06, 2.52291783909e-06, 1.69705390363e-06, 1.86463228147e-06, 1.7773527361e-06