{"metadata": {"tags": {"album": ["DJ Kicks: John Talabot"], "albumartist": ["Various"], "tracknumber": ["9"], "genre": ["Techno"], "artist": ["John Talabot"], "encodedby": ["Lame 3.98.4"], "date": ["2013"], "discnumber": ["1"], "title": ["Without You (DJ-Kicks)"], "file_name": "2001990.mp3", "musicbrainz_recordingid": ["1ec1003b-4143-4900-9b56-c00c2333437d"]}, "audio_properties": {"sample_rate": 44100, "downmix": "mix", "lossless": false, "analysis_sample_rate": 44100, "md5_encoded": "a547e4e38076cf59758594a601d18a02", "equal_loudness": 0, "replay_gain": -10.8330345154, "codec": "mp3", "bit_rate": 320027, "length": 309.263671875}, "version": {"extractor": "music 1.0", "essentia_build_sha": "70f2e5ece6736b2c40cc944ad0e695b16b925413", "essentia_git_sha": "v2.1_beta2", "essentia": "2.1-beta2"}}, "rhythm": {"beats_loudness_band_ratio": {"dvar2": [0.0382644608617, 0.0160770826042, 0.0173671226948, 0.0134214879945, 0.00526019465178, 0.00152349530254], "var": [0.0809759423137, 0.0120954988524, 0.00650315498933, 0.0150741031393, 0.00292108999565, 0.00166878267191], "min": [0.000854955229443, 0.000782941584475, 2.32820348174e-05, 1.16817573144e-05, 1.38369068736e-06, 1.12920349693e-06], "dmean": [0.055860042572, 0.0394613184035, 0.0328888148069, 0.0290741901845, 0.0135482475162, 0.006166506093], "mean": [0.841685056686, 0.0519604869187, 0.0384863838553, 0.0499590374529, 0.0187178961933, 0.00731768365949], "max": [0.998953521252, 0.701701402664, 0.865991711617, 0.901820898056, 0.603151619434, 0.941639065742], "dmean2": [0.0984748452902, 0.0681919679046, 0.0585948452353, 0.0497806183994, 0.0237323865294, 0.00986236613244], "median": [0.939408898354, 0.0148503836244, 0.013283342123, 0.0122690182179, 0.00397754367441, 0.0030506500043], "dvar": [0.0155832786113, 0.00632227864116, 0.00577613897622, 0.00498642819002, 0.00198465352878, 0.001512173214]}, "bpm_histogram_first_peak_weight": {"dvar2": 0, "var": 0, "min": 0.520572423935, "dmean": 0, "mean": 0.520572423935, "max": 0.520572423935, "dmean2": 0, "median": 0.520572423935, "dvar": 0}, "bpm": 109.00164032, "beats_count": 560, "bpm_histogram_first_peak_spread": {"dvar2": 0, "var": 0, "min": 0.469945371151, "dmean": 0, "mean": 0.469945371151, "max": 0.469945371151, "dmean2": 0, "median": 0.469945371151, "dvar": 0}, "danceability": 1.88978564739, "bpm_histogram_first_peak_bpm": {"dvar2": 0, "var": 0, "min": 110, "dmean": 0, "mean": 110, "max": 110, "dmean2": 0, "median": 110, "dvar": 0}, "beats_position": [0.568888902664, 1.14938771725, 1.72988653183, 2.31038546562, 2.89088439941, 3.47138309479, 4.06349182129, 4.6439909935, 5.18965959549, 5.74693870544, 6.30421733856, 6.84988641739, 7.40716552734, 7.95283412933, 8.498503685, 9.05578231812, 9.6014509201, 10.1471195221, 10.7043991089, 11.261677742, 11.807346344, 12.3530158997, 12.9102945328, 13.4675731659, 14.0132427216, 14.5589113235, 15.1161899567, 15.6618595123, 16.2075271606, 16.7648067474, 17.3220863342, 17.8793640137, 18.4250335693, 18.970703125, 19.5163707733, 20.062040329, 20.6077098846, 21.153377533, 21.7106571198, 22.2679367065, 22.8136043549, 23.3592739105, 23.9165534973, 24.4738311768, 25.0195007324, 25.5651702881, 26.1224479675, 26.6681175232, 27.2137870789, 27.7710647583, 28.3283443451, 28.8740139008, 29.4196815491, 29.9769611359, 30.5226306915, 31.0682983398, 31.6255779266, 32.171245575, 32.7169151306, 33.2741928101, 33.8198623657, 34.3655319214, 34.9228096008, 35.480091095, 36.0257606506, 36.5714263916, 37.1287078857, 37.6859855652, 38.2316551208, 38.7773246765, 39.334602356, 39.8918800354, 40.4259414673, 40.9832191467, 41.5404968262, 42.0861663818, 42.6318359375, 43.1891136169, 43.7347831726, 44.2804527283, 44.8377304077, 45.3833999634, 45.929069519, 46.4863471985, 47.0436286926, 47.5776863098, 48.1349639893, 48.6922454834, 49.2379112244, 49.78358078, 50.3408622742, 50.8981399536, 51.4438095093, 51.9894790649, 52.5467567444, 53.0924263, 53.6380958557, 54.1953735352, 54.7526512146, 55.2983207703, 55.8439903259, 56.4012680054, 56.946937561, 57.4926071167, 58.0498847961, 58.5955543518, 59.1412239075, 59.6985015869, 60.2441711426, 60.7898406982, 61.3471183777, 61.9043960571, 62.4500656128, 62.9957351685, 63.5530128479, 64.1102905273, 64.655960083, 65.2016296387, 65.7589111328, 66.316192627, 66.8618545532, 67.4075241089, 67.9531936646, 68.4988632202, 69.0561447144, 69.6134262085, 70.1590881348, 70.7047576904, 71.2620391846, 71.7960968018, 72.3533782959, 72.91065979, 73.4563217163, 74.001991272, 74.5592727661, 75.1049423218, 75.6622238159, 76.2078933716, 76.7651672363, 77.3224487305, 77.8681182861, 78.4137878418, 78.9710617065, 79.5051269531, 80.0624008179, 80.619682312, 81.1653518677, 81.7110214233, 82.2682952881, 82.8255767822, 83.3712463379, 83.9169158936, 84.4741897583, 85.0082550049, 85.5655288696, 86.1228103638, 86.6684799194, 87.2141494751, 87.7714233398, 88.328704834, 88.8743743896, 89.4200439453, 89.9773254395, 90.5345993042, 91.0802688599, 91.6259384155, 92.1832199097, 92.7288894653, 93.274559021, 93.8318328857, 94.3775024414, 94.9231719971, 95.4804534912, 96.0261230469, 96.5717926025, 97.1290664673, 97.6863479614, 98.2204055786, 98.7776870728, 99.3349609375, 99.8806304932, 100.426300049, 100.983581543, 101.540863037, 102.086524963, 102.632194519, 103.189476013, 103.735145569, 104.280815125, 104.838096619, 105.395370483, 105.941040039, 106.486709595, 107.043991089, 107.589660645, 108.1353302, 108.692604065, 109.238273621, 109.783943176, 110.34122467, 110.886894226, 111.432563782, 111.989837646, 112.547119141, 113.092788696, 113.638458252, 114.195732117, 114.753013611, 115.298683167, 115.844352722, 116.401634216, 116.935691833, 117.492965698, 118.050247192, 118.607528687, 119.153198242, 119.698867798, 120.256141663, 120.801811218, 121.347480774, 121.904762268, 122.450431824, 122.99609375, 123.553375244, 124.0990448, 124.644714355, 125.20199585, 125.747665405, 126.293327332, 126.850608826, 127.40789032, 127.965164185, 128.51083374, 129.056503296, 129.61378479, 130.159454346, 130.705123901, 131.262405396, 131.808074951, 132.353744507, 132.911010742, 133.456680298, 134.002349854, 134.559631348, 135.105300903, 135.650970459, 136.208251953, 136.765533447, 137.311203003, 137.856872559, 138.414154053, 138.959823608, 139.505477905, 140.062759399, 140.620040894, 141.165710449, 141.711380005, 142.268661499, 142.814331055, 143.36000061, 143.917282104, 144.47454834, 145.020217896, 145.565887451, 146.123168945, 146.668838501, 147.214508057, 147.771789551, 148.317459106, 148.863128662, 149.420410156, 149.97769165, 150.511749268, 151.069015503, 151.626296997, 152.183578491, 152.729248047, 153.274917603, 153.820587158, 154.366256714, 154.923538208, 155.480819702, 156.026489258, 156.583755493, 157.129425049, 157.675094604, 158.22076416, 158.778045654, 159.335327148, 159.880996704, 160.42666626, 160.983947754, 161.52961731, 162.075286865, 162.632553101, 163.189834595, 163.723892212, 164.281173706, 164.8384552, 165.372512817, 165.929794312, 166.487075806, 167.032745361, 167.578414917, 168.135681152, 168.692962646, 169.238632202, 169.784301758, 170.341583252, 170.887252808, 171.432922363, 171.990203857, 172.547485352, 173.081542969, 173.638824463, 174.196090698, 174.741760254, 175.28742981, 175.844711304, 176.401992798, 176.947662354, 177.493331909, 178.039001465, 178.584671021, 179.141952515, 179.69921875, 180.244888306, 180.790557861, 181.347839355, 181.90512085, 182.450790405, 182.996459961, 183.553741455, 184.099411011, 184.645080566, 185.202362061, 185.759628296, 186.305297852, 186.850967407, 187.408248901, 187.953918457, 188.499588013, 189.056869507, 189.602539062, 190.148208618, 190.705490112, 191.262756348, 191.820037842, 192.365707397, 192.911376953, 193.457046509, 194.002716064, 194.559997559, 195.105667114, 195.65133667, 196.208618164, 196.75428772, 197.299957275, 197.857223511, 198.414505005, 198.960174561, 199.505844116, 200.06312561, 200.620407104, 201.16607666, 201.711746216, 202.26902771, 202.826293945, 203.371963501, 203.917633057, 204.474914551, 205.020584106, 205.566253662, 206.123535156, 206.669204712, 207.214874268, 207.772155762, 208.329421997, 208.875091553, 209.420761108, 209.978042603, 210.523712158, 211.069381714, 211.626663208, 212.183944702, 212.729614258, 213.275283813, 213.832565308, 214.378234863, 214.92388916, 215.481170654, 216.038452148, 216.584121704, 217.12979126, 217.687072754, 218.244354248, 218.790023804, 219.335693359, 219.881362915, 220.427032471, 220.984298706, 221.5415802, 222.087249756, 222.632919312, 223.178588867, 223.724258423, 224.281539917, 224.838821411, 225.384490967, 225.930160522, 226.487426758, 227.044708252, 227.578765869, 228.136047363, 228.693328857, 229.250610352, 229.796279907, 230.341949463, 230.899230957, 231.444900513, 231.990570068, 232.547836304, 233.093505859, 233.639175415, 234.196456909, 234.742126465, 235.287796021, 235.845077515, 236.39074707, 236.936416626, 237.49369812, 238.050964355, 238.596633911, 239.142303467, 239.699584961, 240.256866455, 240.790924072, 241.348205566, 241.893875122, 242.439544678, 242.996826172, 243.554092407, 244.099761963, 244.645431519, 245.202713013, 245.748382568, 246.294052124, 246.851333618, 247.408615112, 247.954284668, 248.499954224, 249.057235718, 249.602905273, 250.14855957, 250.705841064, 251.25151062, 251.797180176, 252.35446167, 252.911743164, 253.469024658, 254.003082275, 254.56036377, 255.106033325, 255.651702881, 256.208984375, 256.766265869, 257.311920166, 257.85760498, 258.414855957, 258.960540771, 259.506195068, 260.063476562, 260.620758057, 261.166442871, 261.712097168, 262.269378662, 262.815063477, 263.360717773, 263.917999268, 264.463653564, 265.009338379, 265.566619873, 266.123901367, 266.681182861, 267.226837158, 267.772521973, 268.31817627, 268.863861084, 269.421142578, 269.978393555, 270.524078369, 271.069732666, 271.62701416, 272.172698975, 272.729980469, 273.275634766, 273.82131958, 274.366973877, 274.924255371, 275.481536865, 276.027191162, 276.572875977, 277.130157471, 277.687438965, 278.233093262, 278.778778076, 279.33605957, 279.881713867, 280.427398682, 280.984680176, 281.541931152, 282.087615967, 282.633270264, 283.190551758, 283.736236572, 284.281890869, 284.839172363, 285.384857178, 285.942138672, 286.487792969, 287.033477783, 287.57913208, 288.136413574, 288.693695068, 289.239349365, 289.78503418, 290.342315674, 290.899597168, 291.445251465, 291.990936279, 292.548217773, 293.09387207, 293.639526367, 294.196807861, 294.742492676, 295.288146973, 295.845428467, 296.391113281, 296.936767578, 297.494049072, 298.039733887, 298.585388184, 299.142669678, 299.699951172, 300.245605469, 300.791290283, 301.348571777, 301.894226074, 302.439910889, 302.997192383, 303.554473877, 304.111755371, 304.657409668, 305.214691162, 305.783569336, 306.364074707, 306.956176758, 307.490234375, 308.047515869, 308.604797363], "beats_loudness": {"dvar2": 0.00223850738257, "var": 0.00721478275955, "min": 5.702526229e-10, "dmean": 0.0315890088677, "mean": 0.221395418048, "max": 0.321938723326, "dmean2": 0.0543563105166, "median": 0.246047377586, "dvar": 0.000898868835066}, "bpm_histogram_second_peak_weight": {"dvar2": 0, "var": 0, "min": 0.0125223612413, "dmean": 0, "mean": 0.0125223612413, "max": 0.0125223612413, "dmean2": 0, "median": 0.0125223612413, "dvar": 0}, "bpm_histogram_second_peak_spread": {"dvar2": 0, "var": 0, "min": 0.300000011921, "dmean": 0, "mean": 0.300000011921, "max": 0.300000011921, "dmean2": 0, "median": 0.300000011921, "dvar": 0}, "bpm_histogram_second_peak_bpm": {"dvar2": 0, "var": 0, "min": 103, "dmean": 0, "mean": 103, "max": 103, "dmean2": 0, "median": 103, "dvar": 0}, "onset_rate": 6.08836984634}, "lowlevel": {"spectral_energyband_high": {"dvar2": 2.0567631509e-06, "var": 8.57648728925e-07, "min": 7.31084197359e-21, "dmean": 0.000464653130621, "mean": 0.000497800298035, "max": 0.00873932428658, "dmean2": 0.000719159725122, "median": 0.000107501109596, "dvar": 8.48713000323e-07}, "spectral_energyband_middle_low": {"dvar2": 0.000511727354024, "var": 0.000196289693122, "min": 2.15768527977e-22, "dmean": 0.00706831132993, "mean": 0.00953739322722, "max": 0.114203915, "dmean2": 0.0113896774128, "median": 0.00537400133908, "dvar": 0.000198228153749}, "spectral_energy": {"dvar2": 0.00167561264243, "var": 0.00631354982033, "min": 1.03327241983e-20, "dmean": 0.0238672140986, "mean": 0.0575800016522, "max": 0.367098897696, "dmean2": 0.0289041101933, "median": 0.0217792857438, "dvar": 0.001440065098}, "spectral_spread": {"dvar2": 2071133159420.0, "var": 5116920856580.0, "min": 228904.484375, "dmean": 1017646.4375, "mean": 4747864.5, "max": 41827224, "dmean2": 1342426.625, "median": 4634647.5, "dvar": 1195439947780.0}, "spectral_energyband_low": {"dvar2": 0.00164382101502, "var": 0.00575993722305, "min": 1.97885884292e-23, "dmean": 0.0208172220737, "mean": 0.0434441789985, "max": 0.360176712275, "dmean2": 0.0244267731905, "median": 0.00340643292293, "dvar": 0.00143148202915}, "spectral_rolloff": {"dvar2": 1244827.875, "var": 2576400.25, "min": 43.06640625, "dmean": 384.286560059, "mean": 1083.15087891, "max": 19616.7480469, "dmean2": 630.580688477, "median": 839.794921875, "dvar": 607624.625}, "barkbands": {"dvar2": [3.06416040985e-05, 0.00142677151598, 0.000708662089892, 0.000272309262073, 4.06373255828e-05, 1.45401636473e-05, 2.50399207289e-05, 2.14470742321e-06, 2.38805341723e-06, 1.89441834664e-05, 1.54586064127e-06, 2.18084323933e-06, 1.47967659814e-06, 4.07822471971e-06, 1.35099871841e-05, 1.0278660767e-07, 4.47051263563e-07, 2.05868829539e-07, 2.3668093263e-08, 1.55754964482e-08, 2.86234449476e-08, 3.86267977603e-08, 5.98799488216e-07, 5.63994007052e-08, 4.56495321544e-08, 1.36488926827e-08, 2.51656318007e-09], "var": [5.23606904608e-05, 0.00416573742405, 0.000211100952583, 5.70692063775e-05, 1.48182416524e-05, 1.19421201816e-05, 1.34549381983e-05, 7.05291313352e-07, 1.56642124693e-06, 1.38998248076e-05, 1.99855639949e-06, 1.60639035585e-06, 1.26226530028e-06, 3.26152121488e-06, 3.4784707168e-06, 8.34332283262e-08, 2.42034559506e-07, 1.11782263446e-07, 2.46544757943e-08, 1.34986954947e-08, 1.91355002954e-08, 1.8171697036e-08, 1.50288897771e-07, 2.03843253388e-08, 2.0360282349e-08, 6.25211749039e-09, 1.00770602973e-09], "min": [7.13565315109e-25, 1.26545358769e-24, 2.7899541083e-24, 3.65039506877e-24, 1.41205344728e-23, 7.13151873109e-24, 2.48213316779e-23, 1.86696649658e-23, 3.83178298431e-23, 1.90712109438e-23, 2.61787656583e-23, 4.9983672148e-23, 6.33379071375e-23, 3.08928311894e-23, 6.33750088436e-23, 5.47795677985e-23, 9.17696406084e-23, 1.865291524e-22, 1.72065444501e-22, 1.63581415859e-22, 3.64700266711e-22, 4.12504278313e-22, 5.24559331949e-22, 7.22144881117e-22, 8.71045721748e-22, 1.41404587011e-21, 2.12982104652e-21], "dmean": [0.00219024159014, 0.0189844761044, 0.0057563255541, 0.00339337694459, 0.00162215344608, 0.00153239327483, 0.00112315721344, 0.000435302994447, 0.000591023475863, 0.0010265824385, 0.000540099281352, 0.000495026411954, 0.000385828258004, 0.000517235428561, 0.000968381355051, 0.000126956234453, 0.000172158936039, 9.20276943361e-05, 5.79101615585e-05, 4.67122226837e-05, 6.62180318614e-05, 6.43304956611e-05, 0.000134269357659, 6.84340120642e-05, 6.87999781803e-05, 3.98533629777e-05, 1.58700713655e-05], "mean": [0.0028388320934, 0.0344375483692, 0.00442776223645, 0.00272324774414, 0.00156174018048, 0.00231768144295, 0.00150336127263, 0.000432552653365, 0.000837731349748, 0.00138780474663, 0.000926434877329, 0.000737097521778, 0.000601031642873, 0.000803244009148, 0.000823369424324, 0.000193150175619, 0.000249833945418, 0.000141590309795, 0.000101365083538, 7.41371914046e-05, 8.75672267284e-05, 7.7127442637e-05, 0.000112058856757, 6.80266748532e-05, 6.5009255195e-05, 3.64068364433e-05, 1.36656381073e-05], "max": [0.0422969460487, 0.33744379878, 0.125655144453, 0.0782965198159, 0.0527242422104, 0.0382696315646, 0.062799654901, 0.0130836870521, 0.0128662353382, 0.0665188580751, 0.0126968733966, 0.0141561068594, 0.0133468052372, 0.0280508175492, 0.0176597032696, 0.00381102832034, 0.00733256526291, 0.007309820503, 0.00273932795972, 0.00123275676742, 0.00121782219503, 0.00217006425373, 0.00594121636823, 0.00155933829956, 0.00123548705596, 0.000698747695424, 0.000523693859577], "dmean2": [0.0024917316623, 0.0214117709547, 0.00986095145345, 0.0061360122636, 0.00270359031856, 0.00233281520195, 0.00172957323957, 0.000726609607227, 0.000934330164455, 0.00170764955692, 0.000781674229074, 0.000815158535261, 0.000622297986411, 0.000845559232403, 0.00173867447302, 0.000207113887882, 0.000287414120976, 0.000149621453602, 8.90764786163e-05, 7.42355841794e-05, 0.000101728648588, 9.85718506854e-05, 0.00022483234352, 0.000108740016003, 0.000106359264464, 6.1874408857e-05, 2.51635374298e-05], "median": [6.64269282424e-06, 0.000878888764419, 0.000325035653077, 0.000354970165063, 0.000360753096174, 0.00103782804217, 0.000516921223607, 0.000134250280098, 0.00033758149948, 0.000165386038134, 0.00033427082235, 0.000241017405642, 0.000166003330378, 0.00015947947395, 0.000161026822752, 8.93198885024e-05, 8.74098477652e-05, 6.22114603175e-05, 4.14642745454e-05, 2.84434972855e-05, 2.33540431509e-05, 1.81728173629e-05, 1.30843009174e-05, 1.17279414553e-05, 6.86001476424e-06, 3.38256495525e-06, 1.06130619315e-06], "dvar": [2.34428007388e-05, 0.00122141698375, 0.000277959246887, 9.26455468289e-05, 1.67499947565e-05, 6.41082306174e-06, 1.07618225229e-05, 8.1022960785e-07, 9.63257775766e-07, 7.68343124946e-06, 7.60615137096e-07, 8.46442958391e-07, 5.90940317124e-07, 1.60262788995e-06, 4.84547990709e-06, 4.04463733616e-08, 1.62077654409e-07, 7.08519678483e-08, 1.01999848567e-08, 6.53666321071e-09, 1.29521886549e-08, 1.58705777409e-08, 2.20734222012e-07, 2.23643290553e-08, 1.9808851448e-08, 5.97491967014e-09, 1.04364805686e-09]}, "melbands_skewness": {"dvar2": 6.39068174362, "var": 9.91380405426, "min": -1.90026879311, "dmean": 1.38747131824, "mean": 3.40579485893, "max": 23.8017311096, "dmean2": 1.99499571323, "median": 2.50701951981, "dvar": 3.01928305626}, "barkbands_skewness": {"dvar2": 4.24221658707, "var": 7.01741027832, "min": -4.33567762375, "dmean": 1.16168022156, "mean": 2.52167773247, "max": 22.9229793549, "dmean2": 1.63114261627, "median": 1.7889509201, "dvar": 2.01687169075}, "erbbands": {"dvar2": [3.41551756859, 147.856918335, 602.097717285, 3038.13452148, 684.925598145, 696.501281738, 661.540466309, 1220.58605957, 2107.69750977, 5448.61083984, 887.406433105, 1094.09240723, 10544.5722656, 5217.72753906, 1914.59680176, 2175.84228516, 3015.21557617, 4281.97705078, 6914.50537109, 41551.6132812, 1183.90527344, 388.032958984, 116.503334045, 742.082519531, 24.8089103699, 33.3091316223, 46.1639556885, 41.1299057007, 37.0318450928, 41.796661377, 222.03666687, 316.267150879, 10.4736642838, 4.3004989624, 3.17480611801, 0.398659795523, 0.0330403707922, 0.0027863739524, 7.40737086744e-05, 2.68406779469e-07], "var": [8.56463813782, 152.878982544, 285.71697998, 646.904907227, 201.801376343, 207.752944946, 388.52545166, 1025.32470703, 1360.69458008, 2941.58349609, 405.569488525, 692.836486816, 8067.98486328, 5059.85205078, 2163.63110352, 1774.52331543, 2659.8737793, 3407.18920898, 5441.28027344, 9292.25488281, 840.940917969, 286.281036377, 95.5349349976, 428.846282959, 32.0574150085, 22.7482013702, 33.7939414978, 25.9318122864, 19.1074810028, 21.4211540222, 59.581401825, 78.8836593628, 4.5977678299, 1.96567189693, 1.3745238781, 0.187578395009, 0.0145182143897, 0.00109989813063, 2.91038777505e-05, 1.17792204435e-07], "min": [7.76010802837e-23, 2.78715816437e-22, 5.99055468331e-21, 6.95138999217e-21, 2.93011800644e-20, 5.30352342735e-20, 9.25868494133e-20, 8.94541031761e-20, 2.57737019464e-19, 2.4184116718e-19, 4.46766297598e-19, 9.50981736304e-19, 8.64370187604e-19, 9.78535639496e-19, 1.22603335205e-18, 1.54238423462e-18, 3.07993153061e-18, 1.96143920622e-18, 4.99709568775e-18, 3.64809811193e-18, 4.3853385493e-18, 5.32911316432e-18, 8.03630284205e-18, 8.35473925374e-18, 9.23122231235e-18, 8.30926913547e-18, 9.88355265984e-18, 1.65212866463e-17, 1.32541606276e-17, 1.35673667763e-17, 1.43521461106e-17, 1.3134458494e-17, 1.05100981333e-17, 8.43129895534e-18, 7.76667587677e-18, 5.47644602554e-18, 2.50372454694e-18, 1.04425307121e-18, 2.73171899501e-19, 2.9794560988e-20], "dmean": [0.818005800247, 4.38958787918, 6.40957832336, 10.8013372421, 6.25372982025, 6.04105091095, 10.4645357132, 11.0742321014, 11.6461038589, 17.6215419769, 10.111828804, 12.242275238, 26.4162540436, 26.0699958801, 15.9101142883, 16.4702663422, 18.668346405, 21.2843360901, 26.8484916687, 46.7981643677, 10.9980182648, 6.76927661896, 4.05562639236, 5.0720705986, 2.14240765572, 2.09583067894, 2.60164165497, 2.47560405731, 2.14584612846, 2.34568595886, 2.93440699577, 2.82995510101, 1.09568893909, 0.700974583626, 0.546367824078, 0.212178975344, 0.0620713792741, 0.0167281404138, 0.00269541307352, 0.000178332367796], "mean": [1.3233474493, 6.23832654953, 6.46010160446, 8.32684135437, 5.77643537521, 5.47431850433, 12.9478521347, 18.2089042664, 17.7924365997, 21.2167224884, 11.8303346634, 16.8520526886, 38.2176208496, 43.2954940796, 27.7696418762, 26.1929454803, 31.1369857788, 35.790222168, 37.6943626404, 35.849319458, 16.7449398041, 11.4400653839, 6.72712373734, 8.26029205322, 4.07061100006, 3.1398229599, 3.66557359695, 3.10476493835, 2.56516170502, 2.66850686073, 2.60268592834, 2.32151675224, 1.09638500214, 0.6818780303, 0.503883719444, 0.193725839257, 0.0568972602487, 0.0145681994036, 0.00234127067961, 0.000199810354388], "max": [16.0765075684, 75.4969024658, 131.455718994, 250.628128052, 163.970504761, 212.926040649, 234.540359497, 421.510528564, 804.110046387, 828.06072998, 394.979553223, 338.452850342, 1585.02893066, 839.259033203, 632.892333984, 504.250488281, 572.532714844, 552.833068848, 1032.13110352, 751.202819824, 360.456237793, 216.481719971, 176.592178345, 459.989471436, 90.083732605, 46.4949760437, 61.0169372559, 50.5923652649, 58.0058822632, 65.6831283569, 110.106552124, 139.009597778, 18.2658462524, 11.9092073441, 10.0186405182, 3.49742436409, 1.31173598766, 0.366337627172, 0.0905313491821, 0.0063067311421], "dmean2": [0.980544269085, 5.6094994545, 10.1517210007, 19.6370944977, 10.7227077484, 10.1238193512, 16.195274353, 16.8818798065, 17.6927509308, 27.8903102875, 15.9532709122, 19.5720062256, 43.6208610535, 40.4885292053, 24.5575351715, 26.8724384308, 30.0514011383, 33.9212417603, 45.064655304, 85.915725708, 18.023431778, 11.1352682114, 6.53250789642, 8.12890434265, 3.28297662735, 3.34287834167, 4.02739572525, 3.76077604294, 3.31402206421, 3.53447437286, 4.86752223969, 4.80193996429, 1.70631217957, 1.07658660412, 0.8513712883, 0.329221785069, 0.0968781560659, 0.0266348086298, 0.00427891919389, 0.000273638812359], "median": [0.0277046728879, 0.171048820019, 0.441262125969, 1.07088649273, 1.22416877747, 1.31115484238, 4.68350982666, 8.02646636963, 6.14334201813, 6.0711555481, 4.27444839478, 6.90237617493, 6.51668071747, 13.0869789124, 11.0110969543, 10.2800331116, 11.8019609451, 12.8790922165, 10.9120416641, 7.53865242004, 6.91676044464, 5.44488716125, 3.62476444244, 2.99789524078, 1.94076883793, 1.21863102913, 1.05551695824, 0.799446642399, 0.641002893448, 0.521090149879, 0.358693063259, 0.25510302186, 0.181061685085, 0.085469558835, 0.0465188324451, 0.0164164640009, 0.00567278265953, 0.00132639950607, 0.000213153107325, 6.23559535597e-05], "dvar": [2.98800253868, 80.0069656372, 276.227203369, 1055.60632324, 254.974563599, 269.90713501, 284.349731445, 543.830932617, 925.099853516, 2358.5324707, 354.430053711, 437.938293457, 4294.31738281, 2206.90673828, 865.006469727, 854.223754883, 1182.16809082, 1688.63378906, 2723.33959961, 14813.1845703, 450.222717285, 147.251037598, 46.9203491211, 256.692199707, 11.0940093994, 13.893073082, 19.6704921722, 18.8752059937, 15.7711296082, 17.977273941, 83.0458068848, 116.661201477, 4.42391967773, 1.84836232662, 1.37817215919, 0.178363963962, 0.0140302842483, 0.00115402089432, 3.0502471418e-05, 1.11405178416e-07]}, "silence_rate_30dB": {"dvar2": 0.129607662559, "var": 0.155793681741, "min": 0, "dmean": 0.0755311995745, "mean": 0.806906878948, "max": 1, "dmean2": 0.151073738933, "median": 1, "dvar": 0.0698129236698}, "melbands_spread": {"dvar2": 186.978637695, "var": 226.43510437, "min": 0.0702199935913, "dmean": 6.63302993774, "mean": 16.0333404541, "max": 185.447433472, "dmean2": 10.4555616379, "median": 13.4129829407, "dvar": 82.750831604}, "melbands_crest": {"dvar2": 34.5665245056, "var": 71.5505905151, "min": 1.76380801201, "dmean": 4.35829114914, "mean": 16.96692276, "max": 38.1568527222, "dmean2": 6.35304450989, "median": 14.8780231476, "dvar": 19.1733436584}, "zerocrossingrate": {"dvar2": 0.000222909104195, "var": 0.00235517183319, "min": 0.00146484375, "dmean": 0.0116180805489, "mean": 0.0475864522159, "max": 0.69189453125, "dmean2": 0.0133753428236, "median": 0.04345703125, "dvar": 0.000187780664419}, "barkbands_kurtosis": {"dvar2": 2923.82250977, "var": 2463.75219727, "min": -1.95718860626, "dmean": 15.4030847549, "mean": 21.8855361938, "max": 798.616027832, "dmean2": 22.1856117249, "median": 3.65450692177, "dvar": 1357.69995117}, "spectral_flux": {"dvar2": 0.00653398409486, "var": 0.0106168519706, "min": 6.5058153309e-11, "dmean": 0.0519511513412, "mean": 0.115158870816, "max": 0.527822375298, "dmean2": 0.0779734775424, "median": 0.0843841508031, "dvar": 0.00391769222915}, "barkbands_crest": {"dvar2": 20.7392845154, "var": 35.6650276184, "min": 2.4263021946, "dmean": 3.65918254852, "mean": 13.3047828674, "max": 25.7005500793, "dmean2": 5.33960103989, "median": 11.9684457779, "dvar": 10.4026727676}, "barkbands_flatness_db": {"dvar2": 0.00284697883762, "var": 0.00998313911259, "min": 0.0296952072531, "dmean": 0.0407218784094, "mean": 0.180965304375, "max": 0.74473708868, "dmean2": 0.0526596568525, "median": 0.155335873365, "dvar": 0.00186490651686}, "spectral_entropy": {"dvar2": 0.167089015245, "var": 0.382337242365, "min": 3.42344594002, "dmean": 0.282982856035, "mean": 7.30916309357, "max": 9.81157398224, "dmean2": 0.390535384417, "median": 7.41386795044, "dvar": 0.0898754447699}, "pitch_salience": {"dvar2": 0.0210661105812, "var": 0.0333181247115, "min": 0.0254178587347, "dmean": 0.106640473008, "mean": 0.466327697039, "max": 0.957887172699, "dmean2": 0.159673795104, "median": 0.504165887833, "dvar": 0.0110662365332}, "erbbands_spread": {"dvar2": 305.355895996, "var": 415.047119141, "min": 1.03410589695, "dmean": 10.8830890656, "mean": 32.1328811646, "max": 158.029388428, "dmean2": 15.9090690613, "median": 27.6197719574, "dvar": 157.76385498}, "dynamic_complexity": 4.70149087906, "spectral_contrast_valleys": {"dvar2": [0.732001245022, 0.588729321957, 0.795170903206, 0.698926150799, 0.517281234264, 0.663926899433], "var": [2.68149137497, 1.74233555794, 1.96608018875, 1.92011415958, 1.9833894968, 2.22453188896], "min": [-27.9843425751, -27.6997509003, -27.4972190857, -27.4514141083, -27.4488430023, -27.3813648224], "dmean": [0.643210530281, 0.509436488152, 0.51527017355, 0.47931599617, 0.467821806669, 0.616397678852], "mean": [-7.75674104691, -7.07245254517, -7.76874685287, -8.19295787811, -8.43916320801, -10.6821804047], "max": [-4.81006574631, -4.5465388298, -4.88012695312, -5.86710453033, -6.13428020477, -8.10556221008], "dmean2": [0.980376422405, 0.790500938892, 0.805631220341, 0.72615224123, 0.641197264194, 0.741884708405], "median": [-7.60545539856, -6.8954668045, -7.51376247406, -7.87742853165, -8.14692974091, -10.5398616791], "dvar": [0.40604019165, 0.258387386799, 0.357304334641, 0.317541837692, 0.274819076061, 0.358719706535]}, "hfc": {"dvar2": 351.587188721, "var": 328.556976318, "min": 1.11579345739e-16, "dmean": 9.1966381073, "mean": 18.1103878021, "max": 126.405593872, "dmean2": 13.3390474319, "median": 13.1676368713, "dvar": 158.104110718}, "spectral_kurtosis": {"dvar2": 418.072998047, "var": 184.172576904, "min": -1.228962183, "dmean": 3.56567239761, "mean": 7.96659708023, "max": 869.576843262, "dmean2": 5.52426338196, "median": 5.39870977402, "dvar": 136.118911743}, "mfcc": {"mean": [-697.566467285, 135.925827026, 3.42535543442, 8.77898788452, 5.37656497955, 9.33570194244, -1.70562672615, 2.81014513969, -1.32040381432, 0.895560920238, -0.751505613327, 0.232233256102, 0.40883988142], "cov": [[14028.0644531, -1017.54656982, -1299.71374512, -444.97958374, -275.607452393, 111.635810852, 101.036430359, 33.6943893433, 79.4595870972, 21.0925693512, 52.8839530945, 77.3672332764, 236.763366699], [-1017.54656982, 1453.18652344, 52.2195968628, 192.219024658, 163.622161865, 88.0584793091, 158.686599731, 167.367599487, 28.2099227905, 61.6339149475, 78.590675354, 49.3488578796, 6.43270349503], [-1299.71374512, 52.2195968628, 1890.90319824, 610.710571289, 453.250457764, 344.219573975, 150.61390686, 171.461837769, 252.369064331, 217.863815308, 149.214736938, 173.52897644, 73.5950927734], [-444.97958374, 192.219024658, 610.710571289, 532.316833496, 255.483657837, 189.076400757, 151.523376465, 139.017486572, 138.577438354, 117.120529175, 96.4953765869, 104.342453003, 51.5823287964], [-275.607452393, 163.622161865, 453.250457764, 255.483657837, 288.626708984, 178.569015503, 106.844490051, 107.034706116, 125.140525818, 106.009292603, 69.3983306885, 72.483505249, 50.4455680847], [111.635810852, 88.0584793091, 344.219573975, 189.076400757, 178.569015503, 223.30557251, 124.475013733, 102.673950195, 106.95224762, 86.1308441162, 69.2327957153, 57.1647987366, 38.9170379639], [101.036430359, 158.686599731, 150.61390686, 151.523376465, 106.844490051, 124.475013733, 175.082397461, 118.833328247, 67.2110443115, 54.8969078064, 58.788394928, 45.6630706787, 22.7320861816], [33.6943893433, 167.367599487, 171.461837769, 139.017486572, 107.034706116, 102.673950195, 118.833328247, 142.269180298, 83.664276123, 61.6596603394, 53.2652244568, 50.8542060852, 25.4271678925], [79.4595870972, 28.2099227905, 252.369064331, 138.577438354, 125.140525818, 106.95224762, 67.2110443115, 83.664276123, 138.135192871, 90.9235992432, 50.2243537903, 44.677734375, 44.1469688416], [21.0925693512, 61.6339149475, 217.863815308, 117.120529175, 106.009292603, 86.1308441162, 54.8969078064, 61.6596603394, 90.9235992432, 110.494247437, 61.8690643311, 46.1646881104, 33.1827735901], [52.8839530945, 78.590675354, 149.214736938, 96.4953765869, 69.3983306885, 69.2327957153, 58.788394928, 53.2652244568, 50.2243537903, 61.8690643311, 98.0601882935, 60.0911750793, 33.8498878479], [77.3672332764, 49.3488578796, 173.52897644, 104.342453003, 72.483505249, 57.1647987366, 45.6630706787, 50.8542060852, 44.677734375, 46.1646881104, 60.0911750793, 104.776145935, 58.4563598633], [236.763366699, 6.43270349503, 73.5950927734, 51.5823287964, 50.4455680847, 38.9170379639, 22.7320861816, 25.4271678925, 44.1469688416, 33.1827735901, 33.8498878479, 58.4563598633, 85.7220687866]], "icov": [[9.63049096754e-05, 7.41988915252e-05, 9.13028561627e-05, 4.96299398947e-05, 0.000129707623273, -0.000201620277949, -6.10551724094e-05, -5.03150986333e-05, -5.05344905832e-05, -6.28840862191e-05, -6.52035078019e-06, -4.17713126808e-05, -0.000252065161476], [7.41988915252e-05, 0.000967278261669, 0.000199045913178, -9.63017955655e-05, -0.000555728387553, 0.000192510298803, -0.000138822841109, -0.00126814725809, 0.00104299304076, -0.000386313302442, -0.000378068129066, 0.000226455667871, -0.000130586442538], [9.13028561627e-05, 0.000199045913178, 0.00121625035536, -0.000680807861499, -0.000650170783047, -0.000854959711432, 0.000670148001518, 0.000138993491419, -0.000477755791508, -0.000339948222972, 2.11783462873e-05, -0.000985078164376, 0.000691207998898], [4.96299398947e-05, -9.63017955655e-05, -0.000680807861499, 0.00431461399421, -0.00161405687686, 0.00028274639044, -0.00168133375701, -2.15749023482e-05, -0.000756658962928, 0.000175585490069, -0.000278274354059, -0.00130200816784, 0.000451580242952], [0.000129707623273, -0.000555728387553, -0.000650170783047, -0.00161405687686, 0.0107281310484, -0.00452377647161, 0.000448967126431, -0.000300590036204, -0.00185466313269, -0.00228600390255, 0.00164031772874, -0.000394829927245, -0.00161495187785], [-0.000201620277949, 0.000192510298803, -0.000854959711432, 0.00028274639044, -0.00452377647161, 0.0133546497673, -0.00546960392967, 0.000509734556545, -0.00237320363522, 0.000175502849743, -0.00186420360114, 0.00109216419514, 0.000150424733874], [-6.10551724094e-05, -0.000138822841109, 0.000670148001518, -0.00168133375701, 0.000448967126431, -0.00546960392967, 0.0171883609146, -0.011186814867, 0.00287218787707, 0.000614247925114, -0.00252321688458, 0.00121272483375, 4.69951992272e-05], [-5.03150986333e-05, -0.00126814725809, 0.000138993491419, -2.15749023482e-05, -0.000300590036204, 0.000509734556545, -0.011186814867, 0.023568533361, -0.00946190115064, 0.00129367411137, 0.000477351073641, -0.00507969828323, 0.00369645329192], [-5.05344905832e-05, 0.00104299304076, -0.000477755791508, -0.000756658962928, -0.00185466313269, -0.00237320363522, 0.00287218787707, -0.00946190115064, 0.0249465554953, -0.0128595298156, 0.00181679730304, 0.00471106357872, -0.0066590514034], [-6.28840862191e-05, -0.000386313302442, -0.000339948222972, 0.000175585490069, -0.00228600390255, 0.000175502849743, 0.000614247925114, 0.00129367411137, -0.0128595298156, 0.0261932872236, -0.00903739966452, -0.000507999968249, 0.00150626746472], [-6.52035078019e-06, -0.000378068129066, 2.11783462873e-05, -0.000278274354059, 0.00164031772874, -0.00186420360114, -0.00252321688458, 0.000477351073641, 0.00181679730304, -0.00903739966452, 0.0219568014145, -0.0082961441949, 0.000153997869347], [-4.17713126808e-05, 0.000226455667871, -0.000985078164376, -0.00130200816784, -0.000394829927245, 0.00109216419514, 0.00121272483375, -0.00507969828323, 0.00471106357872, -0.000507999968249, -0.0082961441949, 0.0240852180868, -0.0127287404612], [-0.000252065161476, -0.000130586442538, 0.000691207998898, 0.000451580242952, -0.00161495187785, 0.000150424733874, 4.69951992272e-05, 0.00369645329192, -0.0066590514034, 0.00150626746472, 0.000153997869347, -0.0127287404612, 0.0227452404797]]}, "silence_rate_20dB": {"dvar2": 0, "var": 0, "min": 1, "dmean": 0, "mean": 1, "max": 1, "dmean2": 0, "median": 1, "dvar": 0}, "melbands_kurtosis": {"dvar2": 8026.98486328, "var": 6000.37548828, "min": -1.77693402767, "dmean": 25.5311050415, "mean": 38.5761642456, "max": 1148.61645508, "dmean2": 37.3855514526, "median": 9.5211353302, "dvar": 3496.43457031}, "barkbands_spread": {"dvar2": 89.5379943848, "var": 118.541656494, "min": 0.0695913210511, "dmean": 5.56640911102, "mean": 13.8409099579, "max": 143.710693359, "dmean2": 8.24963760376, "median": 11.811498642, "dvar": 43.7244033813}, "erbbands_skewness": {"dvar2": 0.936853349209, "var": 1.15535652637, "min": -2.92110776901, "dmean": 0.558732628822, "mean": 0.599012494087, "max": 9.38473701477, "dmean2": 0.856755912304, "median": 0.45163333416, "dvar": 0.408207446337}, "average_loudness": 0.959980666637, "spectral_centroid": {"dvar2": 153867.046875, "var": 389259.71875, "min": 80.423789978, "dmean": 226.044403076, "mean": 984.116516113, "max": 11797.40625, "dmean2": 349.351074219, "median": 944.35345459, "dvar": 71944.65625}, "dissonance": {"dvar2": 0.00170106429141, "var": 0.00101408082992, "min": 0.148468062282, "dmean": 0.0262907668948, "mean": 0.452719002962, "max": 0.500000059605, "dmean2": 0.0444186888635, "median": 0.459106504917, "dvar": 0.000616184435785}, "erbbands_flatness_db": {"dvar2": 0.00125939678401, "var": 0.00412937579677, "min": 0.0220275428146, "dmean": 0.0298323240131, "mean": 0.165351748466, "max": 0.468141406775, "dmean2": 0.0396925657988, "median": 0.153323203325, "dvar": 0.000733074266464}, "spectral_strongpeak": {"dvar2": 2.0156686306, "var": 1.34527301788, "min": 0, "dmean": 0.565488874912, "mean": 0.993304014206, "max": 10.9258966446, "dmean2": 0.950958371162, "median": 0.578581929207, "dvar": 0.76784157753}, "spectral_rms": {"dvar2": 4.30785030403e-06, "var": 2.13444218389e-05, "min": 3.1750129869e-12, "dmean": 0.00150940776803, "mean": 0.00590180791914, "max": 0.0189247261733, "dmean2": 0.00186529383063, "median": 0.00460956431925, "dvar": 3.72381714442e-06}, "silence_rate_60dB": {"dvar2": 0.144641384482, "var": 0.125388875604, "min": 0, "dmean": 0.0684736073017, "mean": 0.146996989846, "max": 1, "dmean2": 0.136957496405, "median": 0, "dvar": 0.0637931749225}, "melbands": {"dvar2": [0.000106984196464, 0.000160372408573, 6.85692430125e-05, 3.34571154781e-06, 5.57003602353e-07, 5.3214256468e-07, 6.9291888849e-07, 4.58564471728e-07, 6.49029914257e-08, 5.28119414867e-08, 3.27811449097e-07, 1.36344453949e-07, 1.6495475208e-08, 2.79231997524e-08, 2.49401246322e-08, 2.66991495579e-08, 2.38081181436e-08, 2.81599898955e-08, 1.17269991051e-07, 9.62508917013e-09, 3.27564642078e-09, 8.75250205645e-10, 7.48018869068e-11, 2.43376735432e-10, 5.80924697235e-10, 2.46326500863e-11, 1.92808199961e-11, 1.82864123149e-11, 2.35187355702e-11, 1.62666009135e-11, 1.64226757193e-11, 1.009740902e-11, 2.55124480569e-11, 9.75422694005e-12, 7.25179161512e-12, 7.7003670107e-10, 2.95398011607e-11, 5.55293181229e-12, 2.38366661479e-12, 3.74451034416e-12], "var": [0.000431832973845, 0.000122374956845, 1.53945420607e-05, 1.10383814445e-06, 3.25390431044e-07, 4.63901272951e-07, 4.07519110013e-07, 2.45990577241e-07, 3.28083586965e-08, 3.28165192798e-08, 2.49264672902e-07, 1.16344573087e-07, 2.04962606887e-08, 1.70819554057e-08, 2.05995593916e-08, 2.17460076612e-08, 1.75081780185e-08, 2.37911343959e-08, 2.84001995254e-08, 2.26272955928e-09, 2.10015427271e-09, 5.74155889499e-10, 5.89248788652e-11, 1.60860283427e-10, 3.29613891736e-10, 2.60385983608e-11, 1.61647917274e-11, 1.04031722473e-11, 1.64073182124e-11, 1.17320380841e-11, 8.38098774408e-12, 5.3680363106e-12, 1.00179517459e-11, 5.34608555341e-12, 3.42891622214e-12, 1.75843728467e-10, 7.77417626802e-12, 2.29905005623e-12, 1.29586673423e-12, 1.5053187646e-12], "min": [4.17269997273e-25, 2.40766067515e-24, 1.83096824912e-24, 2.90293871145e-24, 3.38725789206e-24, 2.02188540718e-24, 4.18348360269e-24, 2.61040029437e-24, 3.34458722241e-24, 6.28945152439e-24, 4.14843727369e-24, 3.18114037044e-24, 3.49652617149e-24, 5.77081531668e-24, 5.24676002899e-24, 5.44005382773e-24, 3.14651923746e-24, 5.85676092345e-24, 3.45281459987e-24, 3.60347164998e-24, 4.87848938729e-24, 5.3981838519e-24, 6.69990689743e-24, 6.88074852679e-24, 5.67772539113e-24, 5.63292321931e-24, 4.9380337917e-24, 4.90881753922e-24, 5.72034162938e-24, 7.46302253815e-24, 7.36295237688e-24, 8.23379722939e-24, 6.33166899346e-24, 7.18598957659e-24, 7.71016003798e-24, 7.57594482129e-24, 6.99279280774e-24, 7.63180642857e-24, 5.15414894201e-24, 6.57763424598e-24], "dmean": [0.00586651358753, 0.00418397691101, 0.00165939726867, 0.000430384156061, 0.000311455194606, 0.000255317223491, 0.000195238215383, 0.0001701117435, 8.65299152792e-05, 8.16826723167e-05, 0.00014342731447, 0.000119107615319, 5.47496238141e-05, 4.78531001136e-05, 5.05817879457e-05, 4.73690088256e-05, 4.38809038315e-05, 4.04131315008e-05, 8.51543518365e-05, 2.43478461925e-05, 1.38642317324e-05, 9.37599270401e-06, 3.19692048834e-06, 4.02743307859e-06, 4.46423291578e-06, 1.84827331395e-06, 1.62339301824e-06, 1.47468335854e-06, 1.62856508723e-06, 1.64858704466e-06, 1.42180920193e-06, 1.15198236017e-06, 1.45750050251e-06, 1.21032849165e-06, 9.59943690759e-07, 3.63798244507e-06, 1.05326421362e-06, 7.84817700605e-07, 5.81777214848e-07, 6.01874035056e-07], "mean": [0.0105775287375, 0.00518663274124, 0.00134157552384, 0.000388703047065, 0.000383287027944, 0.000419963704189, 0.000289408431854, 0.000197782603209, 9.97213282972e-05, 0.000110398163088, 0.000203304487513, 0.000188771155081, 9.64550272329e-05, 6.97468203725e-05, 7.45910729165e-05, 7.21455653547e-05, 6.8319386628e-05, 6.08611153439e-05, 6.84888727847e-05, 2.00853046408e-05, 2.09076242754e-05, 1.46277297972e-05, 4.99141469845e-06, 6.31846751276e-06, 6.94082382324e-06, 3.31957539856e-06, 2.57174838225e-06, 1.9582960249e-06, 2.25442431656e-06, 2.16665762309e-06, 1.680351