{"tonal": {"thpcp": [1, 0.917659163475, 0.759766280651, 0.615734040737, 0.4869787395, 0.424123466015, 0.393648892641, 0.376615792513, 0.407756775618, 0.426695495844, 0.431692123413, 0.4600084126, 0.409218877554, 0.379767715931, 0.601409912109, 0.753873884678, 0.6515660882, 0.649710595608, 0.590065479279, 0.361311465502, 0.283556014299, 0.298653334379, 0.269187659025, 0.283439934254, 0.318164497614, 0.340091586113, 0.379775226116, 0.420033603907, 0.476868391037, 0.55045324564, 0.600094616413, 0.629071950912, 0.687899291515, 0.751202821732, 0.742512762547, 0.851713180542], "hpcp": {"dmean2": [0.43700709939, 0.439885914326, 0.423215180635, 0.433094441891, 0.435528039932, 0.490812718868, 0.552290439606, 0.542695879936, 0.447372019291, 0.342966496944, 0.268012076616, 0.227229580283, 0.199334830046, 0.186899647117, 0.209184572101, 0.221149429679, 0.226511955261, 0.239194348454, 0.223969340324, 0.220883622766, 0.310252606869, 0.377291500568, 0.366217970848, 0.381357192993, 0.335310995579, 0.217014804482, 0.160428076982, 0.153694182634, 0.147027418017, 0.151702836156, 0.161332786083, 0.175375312567, 0.217196926475, 0.272081166506, 0.33556291461, 0.395539551973], "median": [0.0310735963285, 0.0339369140565, 0.0413419529796, 0.0452317073941, 0.051885318011, 0.0723085030913, 0.0909339040518, 0.0789305046201, 0.0523579008877, 0.0492545105517, 0.047676410526, 0.0463310033083, 0.0444530360401, 0.0437649637461, 0.0464151389897, 0.0478997565806, 0.0466604940593, 0.0480525568128, 0.0395061969757, 0.0329376794398, 0.0501680150628, 0.0611536577344, 0.0621743835509, 0.053427349776, 0.042452801019, 0.0273698419333, 0.0217640772462, 0.0238694921136, 0.0249381773174, 0.0255290884525, 0.029690945521, 0.032300285995, 0.0346332117915, 0.033119097352, 0.0298189055175, 0.0305837597698], "min": [0, 0, 0, 0, 0, 0, 0, 0, 0, 0, 0, 0, 0, 0, 0, 0, 0, 0, 0, 0, 0, 0, 0, 0, 0, 0, 0, 0, 0, 0, 0, 0, 0, 0, 0, 0], "dvar2": [0.264988988638, 0.266924858093, 0.241093024611, 0.245345562696, 0.247237667441, 0.2641736269, 0.285724550486, 0.294205784798, 0.255674093962, 0.205861791968, 0.148836642504, 0.118060700595, 0.0887212231755, 0.0796758234501, 0.0966996923089, 0.0976291820407, 0.105673745275, 0.115667931736, 0.11604103446, 0.106186181307, 0.146458700299, 0.186863407493, 0.167805045843, 0.176835998893, 0.161752209067, 0.104962334037, 0.0715149715543, 0.0630863904953, 0.0606827773154, 0.0640562772751, 0.0667516887188, 0.0782261788845, 0.109812945127, 0.158125817776, 0.199275225401, 0.241310209036], "dvar": [0.0932872667909, 0.0950389951468, 0.087318636477, 0.0890988335013, 0.0885589718819, 0.0958340167999, 0.10565853864, 0.107995457947, 0.0940492227674, 0.0735286027193, 0.0530229359865, 0.0414281412959, 0.0314365103841, 0.0279606711119, 0.0336264036596, 0.0341506525874, 0.0368111617863, 0.0401587411761, 0.0402934625745, 0.0376620963216, 0.0530108846724, 0.0697870180011, 0.060028091073, 0.0633354336023, 0.0586590133607, 0.0365925915539, 0.0252502989024, 0.0223417878151, 0.0209097228944, 0.0231533311307, 0.0243789870292, 0.0285654868931, 0.039041057229, 0.0549338199198, 0.0692834407091, 0.0851297602057], "dmean": [0.230502769351, 0.234303280711, 0.229511126876, 0.236120074987, 0.237302973866, 0.267089515924, 0.300658762455, 0.293507695198, 0.240542188287, 0.186866298318, 0.146530672908, 0.124328188598, 0.109227471054, 0.102528981864, 0.11442438513, 0.120407387614, 0.122978612781, 0.13012598455, 0.121532164514, 0.120061531663, 0.173668563366, 0.21092325449, 0.201574578881, 0.207351177931, 0.182153791189, 0.116961851716, 0.0872036069632, 0.0845621153712, 0.0805889293551, 0.0838970169425, 0.0897950530052, 0.0964923277497, 0.117764152586, 0.145151078701, 0.176409304142, 0.208279907703], "max": [1, 1, 1, 1, 1, 1, 1, 1, 1, 1, 1, 1, 1, 1, 1, 1, 1, 1, 1, 1, 1, 1, 1, 1, 1, 1, 1, 1, 1, 1, 1, 1, 1, 1, 1, 1], "var": [0.0695127025247, 0.0738487020135, 0.0756103917956, 0.0848356112838, 0.0792093649507, 0.0872405171394, 0.101885981858, 0.0967574119568, 0.0832078009844, 0.0641791969538, 0.0423467494547, 0.0321462638676, 0.027002658695, 0.0238794721663, 0.0276637692004, 0.0297996886075, 0.0322684049606, 0.0367383733392, 0.0332158878446, 0.0290330387652, 0.0531666465104, 0.0765726417303, 0.0556499771774, 0.0580290183425, 0.0550683625042, 0.0275307726115, 0.0207733809948, 0.0221416410059, 0.0160745605826, 0.0190306194127, 0.0213226880878, 0.0257994811982, 0.0309489872307, 0.038204498589, 0.0498333908617, 0.062690615654], "mean": [0.152640447021, 0.160011142492, 0.174974501133, 0.191076442599, 0.188866019249, 0.216642320156, 0.254360646009, 0.233416378498, 0.193254634738, 0.156618505716, 0.123868227005, 0.107880316675, 0.100128784776, 0.0957962349057, 0.103717274964, 0.108534544706, 0.109805487096, 0.117008037865, 0.104089178145, 0.0965979620814, 0.152975007892, 0.191755846143, 0.165732771158, 0.16526080668, 0.15008944273, 0.0919034183025, 0.0721254944801, 0.0759656578302, 0.0684707462788, 0.0720959678292, 0.0809285268188, 0.0865059122443, 0.0965998694301, 0.106840021908, 0.121296554804, 0.14001365006]}, "tuning_equal_tempered_deviation": 0.12844568491, "chords_changes_rate": 0.129785701632, "key_key": "A", "tuning_diatonic_strength": 0.23193885386, "key_scale": "minor", "chords_number_rate": 0.00385263655335, "tuning_frequency": 442.293365479, "tuning_nontempered_energy_ratio": 0.872718453407, "chords_histogram": [7.82566833496, 1.4206597805, 4.40645313263, 25.2347698212, 1.32434380054, 0.0722369402647, 0.0240789782256, 8.98145961761, 4.86395359039, 4.98434877396, 0.722369372845, 2.62460875511, 0, 1.51697564125, 5.94750785828, 0, 0.650132417679, 4.09342622757, 3.17842531204, 0.0722369402647, 4.52684783936, 15.2179145813, 0.963159143925, 1.34842288494], "key_strength": 0.551291465759, "chords_key": "G", "chords_strength": {"dmean2": 0.0204313863069, "median": 0.369496643543, "min": -1, "dvar2": 0.00221236119978, "dvar": 0.00109943049029, "dmean": 0.0147757343948, "max": 0.715211987495, "var": 0.0499430075288, "mean": 0.360948890448}, "chords_scale": "major", "hpcp_entropy": {"dmean2": 1.15731990337, "median": 2.82864618301, "min": 0, "dvar2": 0.957985818386, "dvar": 0.343528956175, "dmean": 0.687104105949, "max": 4.52670526505, "var": 0.921146929264, "mean": 2.67366075516}}, "metadata": {"audio_properties": {"equal_loudness": 0, "codec": "mp3", "downmix": "mix", "sample_rate": 44100, "analysis_sample_rate": 44100, "bit_rate": 320043, "md5_encoded": "917773dbe6d25b6e4838a9f0383b23c8", "length": 192.783676147, "replay_gain": -9.83687400818, "lossless": false}, "version": {"essentia_build_sha": "2d9f1f26377add8aeb1075a9c2973f962c4f09fd", "essentia": "2.1-beta2", "extractor": "music 1.0", "essentia_git_sha": "v2.1_beta2-1-ge3940c0"}, "tags": {"title": ["Chile"], "barcode": ["3229261897229"], "media": ["CD"], "albumartist": ["Tagada Jones"], "musicbrainz_recordingid": ["1eca2a6b-c11b-4dd4-91cb-5cd2d76749a3"], "mood": ["Unknown"], "musicbrainz_albumartistid": ["0ae2530c-6794-4e23-b345-62b1e7b53571"], "originalyear": ["1999"], "discnumber": ["1/1"], "album": ["Virus"], "catalognumber": ["ENR004"], "contentgroup": ["Punk Rock"], "musicbrainz album type": ["album"], "musicbrainz album status": ["official"], "file_name": "01 - Chile.mp3", "originaldate": ["1999-03-14"], "albumartistsort": ["Tagada Jones"], "date": ["1999-03-14"], "genre": ["Hardcore Punk"], "musicbrainz album release country": ["FR"], "musicbrainz_releasegroupid": ["8778a106-c505-36c6-a6e6-7de190cccd26"], "musicbrainz_artistid": ["0ae2530c-6794-4e23-b345-62b1e7b53571"], "asin": ["B0006HIHXO"], "musicbrainz_albumid": ["f4fd8625-90c6-4b16-aac2-192d9683a12d"], "artist": ["Tagada Jones"], "artistsort": ["Tagada Jones"], "tracknumber": ["1/13"], "label": ["Enrag\u00e9 Production"], "isrc": ["FR05W9800025"], "acoustid_id": ["78935d99-064a-4d2a-a2ea-558751e035ef"], "script": ["Latn"]}}, "rhythm": {"bpm_histogram_first_peak_bpm": {"dmean2": 0, "median": 133, "min": 133, "dvar2": 0, "dvar": 0, "dmean": 0, "max": 133, "var": 0, "mean": 133}, "bpm": 132.599685669, "bpm_histogram_second_peak_spread": {"dmean2": 0, "median": 0.32692310214, "min": 0.32692310214, "dvar2": 0, "dvar": 0, "dmean": 0, "max": 0.32692310214, "var": 0, "mean": 0.32692310214}, "bpm_histogram_first_peak_weight": {"dmean2": 0, "median": 0.459523797035, "min": 0.459523797035, "dvar2": 0, "dvar": 0, "dmean": 0, "max": 0.459523797035, "var": 0, "mean": 0.459523797035}, "onset_rate": 3.84864187241, "beats_position": [0.429569154978, 0.882358253002, 1.33514738083, 1.78793644905, 2.24072551727, 2.69351458549, 3.13469386101, 3.5758728981, 4.01705217361, 4.46984100342, 4.93424034119, 5.38702917099, 5.83981847763, 6.29260778427, 6.73378658295, 7.17496585846, 7.6277551651, 8.08054447174, 8.53333282471, 8.98612213135, 9.43891143799, 9.89170074463, 10.3444900513, 10.7972784042, 11.2500677109, 11.7028570175, 12.144036293, 12.5968255997, 13.0496139526, 13.5024032593, 13.9551925659, 14.4079818726, 14.8607711792, 15.3135595322, 15.7663488388, 16.2075271606, 16.6487064362, 17.1014957428, 17.5542850494, 18.0070743561, 18.4598636627, 18.9010429382, 19.365442276, 19.8298416138, 20.2942390442, 20.758638382, 21.1998176575, 21.640996933, 22.0937862396, 22.5465755463, 22.9993648529, 23.4521541595, 23.9165534973, 24.3809528351, 24.8453502655, 25.3097496033, 25.7857589722, 26.2617683411, 26.7493877411, 27.22539711, 27.7014045715, 28.1658039093, 28.6069831848, 29.0481624603, 29.4893417358, 29.9421310425, 30.3949203491, 30.8360996246, 31.3004989624, 31.7648983002, 32.2060775757, 32.6704750061, 33.1232643127, 33.5760536194, 34.028842926, 34.4816322327, 34.9460296631, 35.3872108459, 35.8283882141, 36.269569397, 36.7339668274, 37.1751480103, 37.6395454407, 38.1039466858, 38.57995224, 39.0791816711, 39.5668029785, 40.0544204712, 40.5420417786, 41.0180473328, 41.4940567017, 41.9584579468, 42.4228553772, 42.8756446838, 43.3284339905, 43.7696151733, 44.22240448, 44.6635818481, 45.1163711548, 45.5807685852, 46.0451698303, 46.5095672607, 46.9855766296, 47.473197937, 47.9608154297, 48.4368247986, 48.8896141052, 49.3424034119, 49.8068008423, 50.2479820251, 50.7007713318, 51.1535606384, 51.6179580688, 52.0591392517, 52.5119247437, 52.9647140503, 53.4058952332, 53.8586845398, 54.3114738464, 54.7758712769, 55.240272522, 55.7046699524, 56.1690673828, 56.6334686279, 57.0978660583, 57.5390472412, 57.9802246094, 58.4214057922, 58.8741950989, 59.3269844055, 59.7681617737, 60.2093429565, 60.673740387, 61.1149177551, 61.556098938, 62.0204963684, 62.473285675, 62.9260749817, 63.3788642883, 63.831653595, 64.2728347778, 64.714012146, 65.1668014526, 65.6195907593, 66.0723800659, 66.5251693726, 66.9663467407, 67.4191360474, 67.871925354, 68.3247146606, 68.7775039673, 69.2302932739, 69.6830825806, 70.1358718872, 70.5886611938, 71.029838562, 71.4942398071, 71.9586410522, 72.423034668, 72.8642196655, 73.3053970337, 73.7465744019, 74.1993637085, 74.6521530151, 75.1165542603, 75.5693435669, 76.0221328735, 76.4633102417, 76.9160995483, 77.368888855, 77.8216781616, 78.2628555298, 78.7156448364, 79.1684341431, 79.6212234497, 80.0740127563, 80.526802063, 80.9912033081, 81.4323806763, 81.8735580444, 82.3147354126, 82.7675247192, 83.2203140259, 83.661491394, 84.1142807007, 84.5670700073, 85.0314712524, 85.4726486206, 85.9254379272, 86.3782272339, 86.8310165405, 87.2838058472, 87.7365951538, 88.1893844604, 88.6305618286, 89.0949630737, 89.5477523804, 90.000541687, 90.4417190552, 90.8829040527, 91.3240814209, 91.7652587891, 92.2180480957, 92.6708374023, 93.123626709, 93.5764160156, 94.0292053223, 94.4819946289, 94.9347839355, 95.3875732422, 95.8519744873, 96.3047637939, 96.7459411621, 97.1987304688, 97.6399078369, 98.0926971436, 98.5454864502, 99.0098876953, 99.4510650635, 99.9154663086, 100.368255615, 100.821044922, 101.285438538, 101.738227844, 102.214241028, 102.701858521, 103.189476013, 103.677093506, 104.176322937, 104.675552368, 105.139953613, 105.604354858, 106.057144165, 106.521537781, 106.985939026, 107.438728333, 107.903129578, 108.379135132, 108.855148315, 109.342765808, 109.807167053, 110.271560669, 110.735961914, 111.188751221, 111.641540527, 112.082717896, 112.547119141, 112.999908447, 113.452697754, 113.893875122, 114.33505249, 114.799453735, 115.26385498, 115.716644287, 116.169433594, 116.610610962, 117.05178833, 117.516189575, 117.98059082, 118.421768188, 118.862945557, 119.304122925, 119.76852417, 120.232925415, 120.685714722, 121.138504028, 121.591293335, 122.044082642, 122.508476257, 122.984489441, 123.472106934, 123.948112488, 124.447341919, 124.94657135, 125.434196472, 125.886978149, 126.339767456, 126.804168701, 127.268569946, 127.721359253, 128.17414856, 128.638549805, 129.10295105, 129.578948975, 130.04335022, 130.519363403, 130.995376587, 131.471374512, 131.924163818, 132.376953125, 132.829742432, 133.282531738, 133.746932983, 134.188110352, 134.652511597, 135.093688965, 135.546478271, 135.999267578, 136.440444946, 136.904846191, 137.369247437, 137.822036743, 138.27482605, 138.727615356, 139.180404663, 139.644805908, 140.085983276, 140.538772583, 140.99156189, 141.444351196, 141.897140503, 142.34992981, 142.802719116, 143.243896484, 143.685073853, 144.137863159, 144.590652466, 145.043441772, 145.496231079, 145.937408447, 146.401809692, 146.854598999, 147.307388306, 147.760177612, 148.212966919, 148.665756226, 149.118545532, 149.5597229, 150.012512207, 150.465301514, 150.91809082, 151.370880127, 151.823669434, 152.27645874, 152.717636108, 153.170425415, 153.623214722, 154.087615967, 154.552017212, 154.99319458, 155.445983887, 155.898773193, 156.339950562, 156.792739868, 157.245529175, 157.698318481, 158.151107788, 158.603897095, 159.045074463, 159.49786377, 159.950653076, 160.403442383, 160.844619751, 161.297409058, 161.738586426, 162.191375732, 162.632553101, 163.096954346, 163.549743652, 164.002532959, 164.443710327, 164.908111572, 165.360900879, 165.813690186, 166.254867554, 166.719268799, 167.160446167, 167.613235474, 168.06602478, 168.530426025, 169.006439209, 169.494049072, 169.981674194, 170.457687378, 170.95690918, 171.432922363, 171.874099731, 172.338500977, 172.779678345, 173.232467651, 173.685256958, 174.149658203, 174.590835571, 175.043624878, 175.496414185, 175.949203491, 176.401992798, 176.854782104, 177.307571411, 177.748748779, 178.213150024, 178.67755127, 179.118728638, 179.571517944, 180.024307251, 180.477096558, 180.929885864, 181.371063232, 181.812240601, 182.265029907, 182.729431152, 183.182220459, 183.635009766, 184.099411011, 184.575408936, 185.051422119, 185.539047241, 186.015060425, 186.49105835, 186.967071533, 187.454696655, 187.93069458, 188.406707764, 188.882720947, 189.358734131, 189.834732056, 190.310745239, 190.786758423, 191.274368286, 191.75038147, 192.226394653], "beats_loudness": {"dmean2": 0.0408314913511, "median": 0.0644575580955, "min": 1.26978449977e-09, "dvar2": 0.00105012848508, "dvar": 0.000387773266993, "dmean": 0.0234709009528, "max": 0.14815531671, "var": 0.000956208619755, "mean": 0.0632885172963}, "danceability": 1.09980356693, "bpm_histogram_second_peak_weight": {"dmean2": 0, "median": 0.0833333358169, "min": 0.0833333358169, "dvar2": 0, "dvar": 0, "dmean": 0, "max": 0.0833333358169, "var": 0, "mean": 0.0833333358169}, "beats_count": 421, "bpm_histogram_second_peak_bpm": {"dmean2": 0, "median": 126, "min": 126, "dvar2": 0, "dvar": 0, "dmean": 0, "max": 126, "var": 0, "mean": 126}, "bpm_histogram_first_peak_spread": {"dmean2": 0, "median": 0.466850817204, "min": 0.466850817204, "dvar2": 0, "dvar": 0, "dmean": 0, "max": 0.466850817204, "var": 0, "mean": 0.466850817204}, "beats_loudness_band_ratio": {"dmean2": [0.226947307587, 0.077098146081, 0.05001982674, 0.0698419734836, 0.0620075836778, 0.090310357511], "median": [0.761929571629, 0.0450420603156, 0.0229614637792, 0.024140233174, 0.0469229668379, 0.0860300585628], "min": [0.00265241740271, 2.83297413262e-05, 0.0001915316534, 0.000780692091212, 0.00125479814596, 1.44221212395e-06], "dvar2": [0.0477636270225, 0.00974928867072, 0.00389035767876, 0.00981449987739, 0.00609770324081, 0.0107398973778], "dvar": [0.018741287291, 0.0039740819484, 0.0013294108212, 0.00335890939459, 0.00234986073337, 0.00411642063409], "dmean": [0.131786465645, 0.0449945777655, 0.028296360746, 0.0393139608204, 0.0363449789584, 0.0515261106193], "max": [0.963460803032, 0.87572991848, 0.260946989059, 0.44388076663, 0.458495736122, 0.618861973286], "var": [0.0526299998164, 0.00729204853997, 0.00175960629713, 0.00343877007253, 0.00533020682633, 0.00802376866341], "mean": [0.67908012867, 0.0713983774185, 0.0389893017709, 0.0471355579793, 0.0702539756894, 0.109649799764]}}, "lowlevel": {"barkbands_spread": {"dmean2": 17.1603164673, "median": 38.6294822693, "min": 0.21633528173, "dvar2": 221.824081421, "dvar": 95.2270507813, "dmean": 10.7659072876, "max": 116.988380432, "var": 226.632781982, "mean": 37.0747642517}, "melbands_spread": {"dmean2": 23.1782035828, "median": 31.5750236511, "min": 0.205073744059, "dvar2": 400.441192627, "dvar": 181.149307251, "dmean": 15.2122678757, "max": 167.965957642, "var": 470.062133789, "mean": 34.19323349}, "hfc": {"dmean2": 15.1493711472, "median": 34.0693588257, "min": 1.10047526359e-16, "dvar2": 266.551757813, "dvar": 118.231758118, "dmean": 9.97986316681, "max": 186.831863403, "var": 389.299194336, "mean": 36.0761833191}, "barkbands_kurtosis": {"dmean2": 6.74889135361, "median": -0.0618102476001, "min": -1.84271025658, "dvar2": 144.660736084, "dvar": 57.4153785706, "dmean": 4.04444980621, "max": 322.096374512, "var": 106.985565186, "mean": 3.38224458694}, "gfcc": {"mean": [6.42909145355, 82.469291687, -130.825515747, 76.2157516479, -54.9085044861, 21.9445209503, -32.9320259094, 15.7488651276, -14.6693429947, 2.36697912216, -10.8906297684, 1.77402472496, 5.44573783875], "icov": [[0.000551065488253, -0.00184210669249, 0.00107608013786, -0.00175754679367, 0.00155791849829, -0.002446600236, 0.00159802637063, -0.00240002246574, 0.00152049551252, -0.00153538119048, 0.000874505960383, -0.00111910502892, 0.000499708577991], [-0.00184210669249, 0.00778191257268, -0.00324394530617, 0.0056600230746, -0.00515277590603, 0.00835042633116, -0.00540723465383, 0.00950212590396, -0.00442979810759, 0.00456080539152, -0.00291447527707, 0.00606524804607, -0.00390968704596], [0.00107608013786, -0.00324394530617, 0.00507238134742, -0.00265970011242, 0.000791550148278, -0.00533988606185, 0.00406523048878, -0.00530141172931, 0.00229718605988, -0.00402798270807, 0.00289866211824, -0.0033663015347, 0.0015542593319], [-0.00175754679367, 0.0056600230746, -0.00265970011242, 0.0107230190188, -0.00458885030821, 0.00565238157287, -0.00383206177503, 0.00769099825993, -0.00850673858076, 0.00357467099093, -0.00186338811181, 0.00435266224667, -0.00455131195486], [0.00155791849829, -0.00515277590603, 0.000791550148278, -0.00458885030821, 0.011812097393, -0.00665246462449, 0.00129915506113, -0.00457664579153, 0.00396128417924, -0.00570379896089, 0.000405302882427, -0.00175332359504, 0.000246218143729], [-0.002446600236, 0.00835042633116, -0.00533988606185, 0.00565238157287, -0.00665246462449, 0.0211319159716, -0.00909312535077, 0.00510866288096, -0.00206249253824, 0.00713626807556, -0.00660230312496, 0.00536609021947, -0.00115643942263], [0.00159802637063, -0.00540723465383, 0.00406523048878, -0.00383206177503, 0.00129915506113, -0.00909312535077, 0.0157282371074, -0.0101211611181, 0.000342085259035, 0.00260129780509, 0.000262542511337, -0.00580985099077, 0.00347638456151], [-0.00240002246574, 0.00950212590396, -0.00530141172931, 0.00769099825993, -0.00457664579153, 0.00510866288096, -0.0101211611181, 0.0277437455952, -0.00997620075941, -0.00087250903016, 0.00276427878998, 0.00232308264822, -0.00397529592738], [0.00152049551252, -0.00442979810759, 0.00229718605988, -0.00850673858076, 0.00396128417924, -0.00206249253824, 0.000342085259035, -0.00997620075941, 0.0210973415524, -0.00742443744093, -0.00348091032356, 0.00885327346623, -0.0035626150202], [-0.00153538119048, 0.00456080539152, -0.00402798270807, 0.00357467099093, -0.00570379896089, 0.00713626807556, 0.00260129780509, -0.00087250903016, -0.00742443744093, 0.0262435916811, -0.00489906128496, -0.00532908318564, 0.00563055789098], [0.000874505960383, -0.00291447527707, 0.00289866211824, -0.00186338811181, 0.000405302882427, -0.00660230312496, 0.000262542511337, 0.00276427878998, -0.00348091032356, -0.00489906128496, 0.019623009488, -0.00993478111923, -0.0011882937979], [-0.00111910502892, 0.00606524804607, -0.0033663015347, 0.00435266224667, -0.00175332359504, 0.00536609021947, -0.00580985099077, 0.00232308264822, 0.00885327346623, -0.00532908318564, -0.00993478111923, 0.0345904864371, -0.0127800107002], [0.000499708577991, -0.00390968704596, 0.0015542593319, -0.00455131195486, 0.000246218143729, -0.00115643942263, 0.00347638456151, -0.00397529592738, -0.0035626150202, 0.00563055789098, -0.0011882937979, -0.0127800107002, 0.0252051111311]], "cov": [[38297.625, 2877.06689453, -2047.66162109, 1886.32495117, -1815.35437012, 791.125061035, -1071.50842285, 554.647888184, -352.822021484, 427.178924561, -513.34588623, -29.8408641815, 258.549072266], [2877.06689453, 1246.54101563, -413.337585449, 169.603500366, -41.8634643555, -172.494689941, -21.7360229492, -233.308792114, 88.3066864014, -126.121109009, 32.0723838806, -137.583023071, 123.53427887], [-2047.66162109, -413.337585449, 656.230224609, -143.137786865, 157.386398315, 83.9771881104, -5.70126390457, 111.428138733, -46.7905540466, 98.5903320313, -22.0039043427, 72.5308303833, -62.0540008545], [1886.32495117, 169.603500366, -143.137786865, 356.75378418, -51.0541267395, 14.4887552261, -22.3757762909, 8.87285709381, 104.639259338, 7.62755012512, 6.34902763367, -37.5409545898, 62.1561393738], [-1815.35437012, -41.8634643555, 157.386398315, -51.0541267395, 241.132278442, -6.02864074707, 79.5774612427, -21.9355831146, 32.0226631165, -3.96120667458, 49.0713348389, 5.03070926666, 3.78095173836], [791.125061035, -172.494689941, 83.9771881104, 14.4887552261, -6.02864074707, 179.464263916, 20.0886135101, 93.6835784912, -40.8714561462, 37.9799156189, -3.96963357925, 39.1707077026, -19.2927532196], [-1071.50842285, -21.7360229492, -5.70126390457, -22.3757762909, 79.5774612427, 20.0886135101, 171.16998291, 3.284958601, 43.8328475952, -43.6980628967, 41.9210090637, -2.0556075573, 8.12829971313], [554.647888184, -233.308792114, 111.428138733, 8.87285709381, -21.9355831146, 93.6835784912, 3.284958601, 157.963027954, -11.3374118805, 66.886390686, -32.3648338318, 38.6851882935, -21.9368896484], [-352.822021484, 88.3066864014, -46.7905540466, 104.639259338, 32.0226631165, -40.8714561462, 43.8328475952, -11.3374118805, 149.078811646, -12.1788187027, 34.5800056458, -45.8377037048, 34.631855011], [427.178924561, -126.121109009, 98.5903320313, 7.62755012512, -3.96120667458, 37.9799156189, -43.6980628967, 66.886390686, -12.1788187027, 101.265785217, -7.899061203, 35.2567062378, -21.2160930634], [-513.34588623, 32.0723838806, -22.0039043427, 6.34902763367, 49.0713348389, -3.96963357925, 41.9210090637, -32.3648338318, 34.5800056458, -7.899061203, 96.7609710693, 13.8663253784, 24.352596283], [-29.8408641815, -137.583023071, 72.5308303833, -37.5409545898, 5.03070926666, 39.1707077026, -2.0556075573, 38.6851882935, -45.8377037048, 35.2567062378, 13.8663253784, 76.7251586914, 1.33356022835], [258.549072266, 123.53427887, -62.0540008545, 62.1561393738, 3.78095173836, -19.2927532196, 8.12829971313, -21.9368896484, 34.631855011, -21.2160930634, 24.352596283, 1.33356022835, 74.7164306641]]}, "spectral_energyband_middle_low": {"dmean2": 0.00469210417941, "median": 0.00629924749956, "min": 2.32758673365e-22, "dvar2": 2.64216414507e-05, "dvar": 1.04758055386e-05, "dmean": 0.00292893964797, "max": 0.0434210151434, "var": 2.35924744629e-05, "mean": 0.00727339833975}, "melbands_crest": {"dmean2": 8.02196502686, "median": 16.817325592, "min": 1.9950594902, "dvar2": 40.6859283447, "dvar": 16.7740726471, "dmean": 5.35333967209, "max": 39.2685203552, "var": 49.8325080872, "mean": 17.5378246307}, "spectral_kurtosis": {"dmean2": 2.11060905457, "median": 2.07455873489, "min": -1.20662379265, "dvar2": 62.4179840088, "dvar": 28.497833252, "dmean": 1.27465307713, "max": 241.783203125, "var": 61.9800949097, "mean": 2.9002161026}, "spectral_rms": {"dmean2": 0.00280426279642, "median": 0.00592480972409, "min": 3.16620276004e-12, "dvar2": 7.28020586394e-06, "dvar": 3.20212484439e-06, "dmean": 0.00180624157656, "max": 0.0135813476518, "var": 6.68163875162e-06, "mean": 0.00629140576348}, "zerocrossingrate": {"dmean2": 0.0193545110524, "median": 0.0712890625, "min": 0, "dvar2": 0.000263416586677, "dvar": 0.000183448180906, "dmean": 0.0160845238715, "max": 0.52197265625, "var": 0.00121820438653, "mean": 0.0735171362758}, "silence_rate_60dB": {"dmean2": 0.00529992766678, "median": 0, "min": 0, "dvar2": 0.00647501600906, "dvar": 0.00264321709983, "dmean": 0.00264964462258, "max": 1, "var": 0.061006732285, "mean": 0.0652697458863}, "erbbands_kurtosis": {"dmean2": 1.31038975716, "median": 0.154321044683, "min": -1.7347304821, "dvar2": 16.5309715271, "dvar": 7.14531326294, "dmean": 0.824639618397, "max": 311.728149414, "var": 36.0942878723, "mean": 0.594645798206}, "erbbands": {"dmean2": [1.37910807133, 9.21762084961, 8.55554008484, 4.06766891479, 5.37885570526, 8.67204189301, 9.14633846283, 18.5109710693, 5.09996938705, 15.2459726334, 18.8084774017, 15.9300069809, 20.4294281006, 27.0142784119, 31.7677516937, 16.9641628265, 15.9466333389, 22.0675373077, 22.018037796, 29.9407482147, 66.8320007324, 53.8314170837, 43.936214447, 41.4262657166, 29.8250617981, 26.7124786377, 25.9098243713, 31.9313201904, 14.4620809555, 8.86783218384, 6.32533311844, 3.13283085823, 1.69056546688, 1.03806483746, 0.523886203766, 0.137328714132, 0.0152107821777, 0.000331628805725, 3.15242177749e-05, 5.00294736412e-05], "median": [0.367175489664, 2.48888111115, 3.1087231636, 2.52924466133, 3.35981154442, 5.49832820892, 6.95181655884, 12.9715938568, 3.59448242188, 5.44636440277, 8.0727596283, 7.84394216537, 7.09652805328, 8.08673095703, 8.87927246094, 7.80429553986, 7.21012830734, 13.5497646332, 15.4403848648, 25.1700057983, 70.6409606934, 60.23645401, 37.616519928, 39.653755188, 30.9193496704, 25.8224601746, 32.0075683594, 41.9075241089, 11.8605003357, 6.37364196777, 4.80214357376, 2.63033819199, 1.53020739555, 0.820343494415, 0.268193125725, 0.0590537637472, 0.00524990446866, 0.000149361017975, 4.03802478104e-05, 5.12573096785e-05], "min": [2.44305400829e-22, 2.48438486712e-21, 1.15972046661e-20, 2.54702740031e-20, 3.39403837558e-20, 2.63814845337e-20, 8.03689781756e-20, 1.53092170853e-19, 3.28474196727e-19, 3.9282473833e-19, 6.73496400101e-19, 7.08860387541e-19, 1.42806022255e-18, 1.65090681547e-18, 1.92112035521e-18, 2.2590848468e-18, 4.41673088073e-18, 5.38769202735e-18, 4.52480326853e-18, 6.27935591815e-18, 5.42150096694e-18, 4.75766412354e-18, 7.47176034579e-18, 1.17471781722e-17, 1.05427949285e-17, 9.54565351551e-18, 9.6714329451e-18, 1.58141646822e-17, 1.67877843874e-17, 1.26956234626e-17, 1.36452673376e-17, 1.32102298924e-17, 1.3199401271e-17, 1.04294372702e-17, 8.19321486835e-18, 4.25127656024e-18, 2.7527410665e-18, 1.05614079399e-18, 2.52604803202e-19, 2.52340670862e-20], "dvar2": [2.46478056908, 112.384368896, 98.8559265137, 21.8624286652, 41.0313682556, 118.536727905, 161.774597168, 572.967163086, 62.576335907, 1465.21203613, 1594.38500977, 894.488647461, 3280.08740234, 5093.44921875, 5755.54394531, 1159.11047363, 1531.05212402, 1284.68798828, 1431.34362793, 1948.27319336, 4865.55273438, 3103.57226563, 3237.18408203, 2395.05151367, 1447.47912598, 1467.45178223, 899.671203613, 1141.47412109, 408.52432251, 179.301605225, 115.237358093, 26.1890716553, 6.60008621216, 3.55865907669, 0.882077693939, 0.0589062534273, 0.000782331451774, 3.49386397147e-07, 1.1664228472e-09, 2.76397882359e-09], "dvar": [1.00707983971, 45.5934143066, 36.6296844482, 8.11888694763, 15.3157482147, 45.3939247131, 62.0822868347, 233.528961182, 25.1889667511, 604.263244629, 654.639709473, 386.646484375, 1730.23828125, 2350.71972656, 2930.32177734, 495.776885986, 614.760253906, 553.600646973, 565.40045166, 778.344482422, 1835.37231445, 1167.22680664, 1221.0045166, 915.598449707, 548.22052002, 558.071044922, 368.504150391, 467.323181152, 183.275558472, 90.8746032715, 52.3864974976, 11.4695310593, 3.11459898949, 1.83640635014, 0.467905580997, 0.0322277471423, 0.000368703622371, 1.73405936721e-07, 6.11614370261e-10, 1.17786447262e-09], "dmean": [0.821795165539, 5.63972473145, 4.88637733459, 2.37210607529, 3.19123911858, 5.27586555481, 5.57105970383, 11.6884145737, 3.1496462822, 9.30377674103, 11.3496370316, 9.89518737793, 13.9184055328, 17.819606781, 21.281583786, 10.4302339554, 9.63925552368, 13.567325592, 13.3353643417, 18.2683525085, 40.2525062561, 32.077457428, 26.0143985748, 24.7703838348, 17.8906784058, 16.0959072113, 16.1571063995, 19.9539985657, 9.32853889465, 5.90361690521, 4.19103527069, 2.04754471779, 1.13311576843, 0.741180419922, 0.380656242371, 0.100252963603, 0.0105801550671, 0.000237080777879, 2.19668054342e-05, 3.14935059578e-05], "max": [5.94534015656, 37.1300888062, 57.474193573, 30.6376495361, 51.6615486145, 97.3276443481, 188.561889648, 277.637786865, 96.4893341064, 482.543640137, 554.416748047, 579.805236816, 1091.31872559, 1244.40356445, 1263.89074707, 568.504760742, 620.953186035, 716.065490723, 645.947998047, 538.553283691, 575.611877441, 646.307617188, 609.196472168, 415.8671875, 431.891448975, 623.434875488, 337.218353271, 292.554412842, 228.415664673, 242.49432373, 194.243225098, 77.5682983398, 57.0584335327, 50.025100708, 20.9511604309, 5.02104139328, 0.434338897467, 0.0104781743139, 0.000719506526366, 0.000207486838917], "var": [1.01626586914, 46.3834648132, 32.9010391235, 9.54508304596, 19.7504787445, 81.4892654419, 89.6648864746, 491.169799805, 43.0120887756, 694.401123047, 737.229064941, 809.745910645, 7558.17431641, 4547.36425781, 10343.0527344, 1068.36193848, 834.110290527, 1414.86877441, 772.468811035, 1428.98596191, 3535.9152832, 1959.65966797, 1585.39135742, 1510.90686035, 880.889282227, 848.813903809, 760.924133301, 972.533447266, 349.085235596, 214.20072937, 120.720085144, 32.2908782959, 10.7568035126, 5.16196107864, 1.36839866638, 0.104340270162, 0.00104713253677, 5.41677763977e-07, 2.12769579733e-09, 1.60718216513e-09], "mean": [0.803161978722, 5.50483036041, 5.0685095787, 3.3526968956, 4.64751577377, 8.25846195221, 9.53884506226, 19.9730491638, 5.45338535309, 11.7808589935, 14.9657316208, 15.0559530258, 27.0196323395, 27.7938613892, 41.7356338501, 18.341293335, 14.9779586792, 24.3772373199, 23.0879402161, 35.3916740417, 82.141494751, 66.9370727539, 47.0454711914, 48.3671035767, 37.0075950623, 32.340839386, 37.0688896179, 46.4682235718, 18.1815910339, 11.4974336624, 8.85608673096, 4.69999837875, 2.7066347599, 1.59658050537, 0.71869790554, 0.188280567527, 0.0185788162053, 0.000450530700618, 5.44490249013e-05, 6.16167963017e-05]}, "spectral_strongpeak": {"dmean2": 0.73329102993, "median": 0.33172082901, "min": 0, "dvar2": 1.4524936676, "dvar": 0.598551571369, "dmean": 0.421433985233, "max": 7.63106870651, "var": 0.718986332417, "mean": 0.564475357533}, "spectral_energy": {"dmean2": 0.0453201457858, "median": 0.0359809547663, "min": 1.0275461328e-20, "dvar2": 0.00234952033497, "dvar": 0.000990564469248, "dmean": 0.0281760618091, "max": 0.189064323902, "var": 0.00121786131058, "mean": 0.0474203713238}, "average_loudness": 0.972088575363, "spectral_rolloff": {"dmean2": 1677.51818848, "median": 2260.98632813, "min": 21.533203125, "dvar2": 2149011.75, "dvar": 1087044.5, "dmean": 1030.64355469, "max": 18949.21875, "var": 2444830, "mean": 2056.65551758}, "spectral_centroid": {"dmean2": 412.895965576, "median": 2408.11279297, "min": 107.249656677, "dvar2": 150556.6875, "dvar": 65148.7695313, "dmean": 261.699737549, "max": 11485.8320313, "var": 328198.25, "mean": 2355.91821289}, "pitch_salience": {"dmean2": 0.199702009559, "median": 0.516036629677, "min": 0.036126177758, "dvar2": 0.0285378489643, "dvar": 0.0126655111089, "dmean": 0.129364475608, "max": 0.90805876255, "var": 0.0272930022329, "mean": 0.482555657625}, "spectral_energyband_middle_high": {"dmean2": 0.00427222298458, "median": 0.00666246935725, "min": 1.3982984394e-21, "dvar2": 2.2810036171e-05, "dvar": 1.01324549178e-05, "dmean": 0.00274782348424, "max": 0.0458448715508, "var": 3.49959627783e-05, "mean": 0.00806963630021}, "spectral_contrast_coeffs": {"dmean2": [0.0830431729555, 0.080427877605, 0.0599772669375, 0.051510181278, 0.0325496159494, 0.0325635112822], "median": [-0.714139044285, -0.749302387238, -0.812266886234, -0.789783716202, -0.80143237114, -0.689985752106], "min": [-0.973382711411, -0.974575579166, -0.969320714474, -0.969384908676, -0.963537693024, -0.962030827999], "dvar2": [0.00416318327188, 0.00416353577748, 0.00217549712397, 0.00162880623247, 0.000637532852124, 0.000757845235057], "dvar": [0.00148826779332, 0.00155280332547, 0.000849423639011, 0.000575764512178, 0.00023168225016, 0.000325332774082], "dmean": [0.0498777329922, 0.048984721303, 0.0362083166838, 0.0303352903575, 0.0193811058998, 0.0211588758975], "max": [-0.451367050409, -0.446006000042, -0.527461647987, -0.650384306908, -0.644780635834, -0.522935450077], "var": [0.00362294586375, 0.00471966387704, 0.00410884805024, 0.00176459562499, 0.000933089992031, 0.00316514750011], "mean": [-0.713173508644, -0.74848306179, -0.801549375057, -0.790605783463, -0.803230047226, -0.695337355137]}, "melbands_skewness": {"dmean2": 2.40867805481, "median": 2.86710119247, "min": -1.58735275269, "dvar2": 5.65260696411, "dvar": 2.45042276382, "dmean": 1.56588447094, "max": 15.8606586456, "var": 4.47098493576, "mean": 3.45202374458}, "spectral_spread": {"dmean2": 596535.25, "median": 4149392, "min": 429039.21875, "dvar2": 697153159168, "dvar": 362445570048, "dmean": 425157.28125, "max": 40719568, "var": 2136981635070.0, "mean": 4330616.5}, "dissonance": {"dmean2": 0.0135475294665, "median": 0.489011466503, "min": 0.247150152922, "dvar2": 0.000235355619225, "dvar": 9.05427441467e-05, "dmean": 0.00806199107319, "max": 0.500000119209, "var": 0.000247271033004, "mean": 0.48541611433}, "spectral_skewness": {"dmean2": 0.274050921202, "median": 0.889476299286, "min": -0.063939973712, "dvar2": 0.201027780771, "dvar": 0.0862171277404, "dmean": 0.170015096664, "max": 12.5503234863, "var": 0.338270425797, "mean": 0.963979423046}, "spectral_flux": {"dmean2": 0.082601390779, "median": 0.121546044946, "min": 6.67470592686e-11, "dvar2": 0.00585985509679, "dvar": 0.00244827126153, "dmean": 0.0497969426215, "max": 0.365146607161, "var": 0.00426213303581, "mean": 0.132037580013}, "spectral_contrast_valleys": {"dmean2": [0.669746339321, 0.607105672359, 0.561694264412, 0.420966237783, 0.366985470057, 0.389214158058], "median": [-6.43619537354, -6.57440185547, -6.99074459076, -7.04216957092, -6.30658912659, -9.35362625122], "min": [-27.8001041412, -27.6637744904, -27.3287010193, -27.592300415, -27.3097915649, -27.3535499573], "dvar2": [0.295283287764, 0.248715132475, 0.224162191153, 0.13972170651, 0.134181320667, 0.179490014911], "dvar": [0.122311547399, 0.10514768213, 0.0950632765889, 0.0659068599343, 0.0679982230067, 0.0992875024676], "dmean": [0.409634262323, 0.371316939592, 0.339964389801, 0.262731641531, 0.233761489391, 0.279229700565], "max": [-4.92529010773, -5.1116065979, -5.56150627136, -5.70079994202, -5.30652761459, -7.35376977921], "var": [5.94047880173, 4.18231391907, 3.67776894569, 3.71608662605, 3.79768180847, 3.52700567245], "mean": [-6.95574808121, -6.98346185684, -7.35970067978, -7.43571996689, -6.75488615036, -9.77690696716]}, "erbbands_flatness_db": {"dmean2": 0.0223723351955, "median": 0.139720708132, "min": 0.0307472962886, "dvar2": 0.000354317744495, "dvar": 0.000185695826076, "dmean": 0.0156644321978, "max": 0.442408055067, "var": 0.0012701532105, "mean": 0.144860267639}, "spectral_energyband_high": {"dmean2": 0.00140430685133, "median": 0.00212625134736, "min": 7.25503070826e-21, "dvar2": 2.69329211733e-06, "dvar": 1.29963530071e-06, "dmean": 0.00094143638853, "max": 0.0245887693018, "var": 3.85572730011e-06, "mean": 0.00259751244448}, "spectral_entropy": {"dmean2": 0.119409807026, "median": 8.00642204285, "min": 3.44035220146, "dvar2": 0.0169017221779, "dvar": 0.00987352617085, "dmean": 0.0847062394023, "max": 9.81763935089, "var": 0.108185499907, "mean": 7.98616075516}, "silence_rate_20dB": {"dmean2": 0, "median": 1, "min": 1, "dvar2": 0, "dvar": 0, "dmean": 0, "max": 1, "var": 0, "mean": 1}, "melbands_flatness_db": {"dmean2": 0.0686546713114, "median": 0.163435488939, "min": 0.00418028747663, "dvar2": 0.00342775671743, "dvar": 0.0015274330508, "dmean": 0.0456261783838, "max": 0.766377329826, "var": 0.00499679800123, "mean": 0.17665155232}, "barkbands": {"dmean2": [0.0012277738424, 0.0425498113036, 0.00512476125732, 0.0015895026736, 0.00193655001931, 0.00189301767386, 0.000515307649039, 0.000911394658033, 0.000712268287316, 0.000775455206167, 0.000925864849705, 0.000459642003989, 0.00036370716407, 0.000487876270199, 0.000458562455606, 0.00112750416156, 0.000958448334131, 0.000814924074803, 0.000705493090209, 0.000593706965446, 0.000734592380468, 0.000372935581254, 0.000227986194659, 0.000111079796625, 7.90145277278e-05, 1.56224941747e-05, 3.19889115197e-09], "median": [0.000385931110941, 0.0119924806058, 0.00179825210944, 0.000761311326642, 0.001422975678, 0.00142668490298, 0.000200915965252, 0.000348226400092, 0.000316655321512, 0.000229939963901, 0.000167983205756, 0.000194696098333, 0.000137921364512, 0.000303163717035, 0.000277391198324, 0.00109050166793, 0.00100850861054, 0.000654201721773, 0.00072349794209, 0.000530568358954, 0.00104964105412, 0.000283143017441, 0.000171482854057, 0.000104865044705, 5.4544336308e-05, 5.85553698329e-06, 6.55006160422e-10], "min": [1.76139623931e-24, 8.94037915334e-24, 1.61447105348e-23, 1.57597241278e-24, 5.19013835422e-24, 2.59995869477e-23, 3.00808440379e-23, 2.63674517205e-23, 2.57731633576e-23, 3.89727390111e-23, 3.96713573842e-23, 5.38040182269e-23, 8.9089343688e-23, 1.02534726822e-22, 1.03549542734e-22, 5.9895602137e-23, 9.45833623069e-23, 1.46186086266e-22, 1.96288459892e-22, 2.16433165377e-22, 2.91879595161e-22, 4.81522716031e-22, 4.81223630463e-22, 7.69335878376e-22, 1.18815831407e-21, 1.48642457761e-21, 1.87724318323e-21], "dvar2": [2.0526094886e-06, 0.00232224422507, 3.57083481504e-05, 3.55009933628e-06, 5.57976954951e-06, 5.80139794693e-06, 1.5994938849e-06, 3.98378278987e-06, 1.99390569833e-06, 4.22008452006e-06, 5.79019706493e-06, 8.32060663924e-07, 7.83026564477e-07, 5.80568780606e-07, 6.48124910185e-07, 1.56488817993e-06, 1.00077647858e-06, 1.03511240468e-06, 6.8714336976e-07, 7.09770404228e-07, 5.90596016536e-07, 2.56168448232e-07, 1.39317080539e-07, 2.86494703516e-08, 1.86934467905e-08, 7.76287145676e-10, 1.35632887758e-17], "dvar": [8.65901824909e-07, 0.000956953444984, 1.29185318656e-05, 1.35392554057e-06, 2.10386974686e-06, 2.35169068219e-06, 6.68721327202e-07, 1.62044648278e-06, 9.33723015351e-07, 2.08911910704e-06, 2.86972613139e-06, 3.5303511936e-07, 3.16859882332e-07, 2.46936139092e-07, 2.55275210748e-07, 5.90910303799e-07, 3.73200180093e-07, 3.96829079818e-07, 2.64316071252e-07, 2.69134744713e-07, 2.48750893661e-07, 1.19279661703e-07, 6.51991030054e-08, 1.33932678281e-08, 1.0361762115e-08, 4.07398281776e-10, 4.43094473878e-18], "dmean": [0.000754357897677, 0.025991788134, 0.00289360177703, 0.000941283011343, 0.00117965321988, 0.00119139149319, 0.000316159857903, 0.00054755032761, 0.000443125434685, 0.000512895639986, 0.000611157563981, 0.000281922664726, 0.000219089706661, 0.000296812970191, 0.000277683924651, 0.000679137068801, 0.000570471049286, 0.000481918687001, 0.000424337107688, 0.000355802796548, 0.000460855168058, 0.000242329071625, 0.00015165147488, 7.48825259507e-05, 5.81431122555e-05, 1.11650615509e-05, 1.74424463761e-09], "max": [0.00936648063362, 0.175109401345, 0.0439755991101, 0.0177477318794, 0.0229544490576, 0.0352110788226,