{"tonal": {"thpcp": [1, 0.519129991531, 0.299990177155, 0.260211139917, 0.22954839468, 0.367593407631, 0.428841531277, 0.310501635075, 0.300789058208, 0.257828563452, 0.172355547547, 0.221672818065, 0.268077969551, 0.25511226058, 0.476542592049, 0.558574676514, 0.365901380777, 0.316066771746, 0.27648177743, 0.293765723705, 0.695731818676, 0.855193138123, 0.520482361317, 0.348272204399, 0.23278196156, 0.136637613177, 0.247853249311, 0.309972435236, 0.293169111013, 0.565846145153, 0.626497268677, 0.311194568872, 0.191790491343, 0.245326548815, 0.457897365093, 0.951836466789], "hpcp": {"dmean2": [0.35923281312, 0.367745965719, 0.272417157888, 0.216873690486, 0.207326754928, 0.174988001585, 0.192015349865, 0.21386064589, 0.196420699358, 0.175578981638, 0.14371843636, 0.122708536685, 0.145276963711, 0.167986020446, 0.169281974435, 0.203612148762, 0.234943985939, 0.214704886079, 0.175629287958, 0.185729026794, 0.209755033255, 0.284982889891, 0.319434940815, 0.276821315289, 0.265352219343, 0.173038512468, 0.0996403470635, 0.127296388149, 0.147275477648, 0.164707362652, 0.221291780472, 0.23373682797, 0.178947865963, 0.158538013697, 0.211475893855, 0.289403140545], "median": [0.107354447246, 0.128139615059, 0.0494900345802, 0.00846051424742, 0.00545853469521, 0.008036009036, 0.0156946890056, 0.0185041613877, 0.014975707978, 0.00666586309671, 0.00556264352053, 0.00686770770699, 0.0100380005315, 0.0118058230728, 0.0174666196108, 0.0189369190484, 0.021462071687, 0.0178342349827, 0.00424172356725, 0.00355365523137, 0.0176989324391, 0.0789023116231, 0.0963027253747, 0.0554838590324, 0.00815489050001, 0.00568277481943, 0.00473215058446, 0.00759949441999, 0.00981230661273, 0.0210097301751, 0.0418913587928, 0.0420354902744, 0.0185791030526, 0.00448135985062, 0.00550789758563, 0.0278664566576], "min": [0, 0, 0, 0, 0, 0, 0, 0, 0, 0, 0, 0, 0, 0, 0, 0, 0, 0, 0, 0, 0, 0, 0, 0, 0, 0, 0, 0, 0, 0, 0, 0, 0, 0, 0, 0], "dvar2": [0.168955281377, 0.172024279833, 0.131731674075, 0.13530524075, 0.128552049398, 0.103159017861, 0.102061517537, 0.117440767586, 0.110258460045, 0.102674253285, 0.0721568763256, 0.0682114064693, 0.0803978592157, 0.093903273344, 0.0942425876856, 0.117495201528, 0.146180316806, 0.13075953722, 0.115738987923, 0.125630289316, 0.128931090236, 0.132815107703, 0.160176053643, 0.143760323524, 0.176871210337, 0.0860194340348, 0.0533311553299, 0.0672359317541, 0.0785985141993, 0.0818067640066, 0.10987637192, 0.114676304162, 0.0950599834323, 0.0937934294343, 0.141052275896, 0.162484407425], "dvar": [0.071924701333, 0.071269325912, 0.0488703921437, 0.0490857847035, 0.0467399358749, 0.037236418575, 0.0393776930869, 0.0464569665492, 0.039780844003, 0.0369399376214, 0.0278860405087, 0.0248178094625, 0.0284651909024, 0.0354303345084, 0.0333060510457, 0.0443111024797, 0.054884776473, 0.0459717623889, 0.0436295978725, 0.0460335463285, 0.0474055036902, 0.0512837283313, 0.0664284974337, 0.0515739023685, 0.0650672093034, 0.0315287895501, 0.01905047521, 0.0256015583873, 0.0326692350209, 0.0317255929112, 0.0448440089822, 0.0497434400022, 0.0353976078331, 0.0338846631348, 0.0495902039111, 0.0585011392832], "dmean": [0.207117259502, 0.215134695172, 0.153851792216, 0.11865992099, 0.112085454166, 0.0945762991905, 0.109512269497, 0.123543664813, 0.108601480722, 0.0940943211317, 0.079435326159, 0.0671257227659, 0.0812836885452, 0.0949340090156, 0.0934794396162, 0.116117238998, 0.134309098125, 0.118319936097, 0.0952617377043, 0.101375728846, 0.114954099059, 0.166432768106, 0.186960756779, 0.154642909765, 0.142263635993, 0.0946382433176, 0.0545098818839, 0.0736734941602, 0.0872311815619, 0.0937165096402, 0.1309479177, 0.138179436326, 0.10122115165, 0.0858410298824, 0.114078857005, 0.161255285144], "max": [1, 1, 1, 1, 1, 1, 1, 1, 1, 1, 1, 1, 1, 1, 1, 1, 1, 1, 1, 1, 1, 1, 1, 1, 1, 1, 1, 1, 1, 1, 1, 1, 1, 1, 1, 1], "var": [0.123074322939, 0.125619769096, 0.055779594928, 0.0422469414771, 0.0365627482533, 0.0291674286127, 0.0444110669196, 0.0580293610692, 0.0334343649447, 0.0481460988522, 0.0389316752553, 0.0197529047728, 0.023669205606, 0.0337569452822, 0.0263678375632, 0.0709965154529, 0.0888476371765, 0.0419632233679, 0.0575548149645, 0.0424930602312, 0.0368015542626, 0.0765345841646, 0.111906446517, 0.051489982754, 0.0533837154508, 0.0257166046649, 0.013631189242, 0.0298776179552, 0.0449239872396, 0.0307127740234, 0.0756316408515, 0.0910140424967, 0.0325409062207, 0.0246061664075, 0.0344609171152, 0.0555377826095], "mean": [0.292399346828, 0.307194948196, 0.159474104643, 0.0921554714441, 0.0799355506897, 0.0705161094666, 0.11292283982, 0.131737947464, 0.0953845381737, 0.0924008786678, 0.0792036280036, 0.0529467537999, 0.0680967718363, 0.0823521986604, 0.0783692002296, 0.146391481161, 0.171591311693, 0.112403057516, 0.0970941185951, 0.0849338024855, 0.0902433469892, 0.213725298643, 0.262711018324, 0.159889549017, 0.106987461448, 0.0715094432235, 0.0419743843377, 0.0761392638087, 0.0952219665051, 0.0900600701571, 0.173825070262, 0.192456796765, 0.0955974012613, 0.058917067945, 0.0753630772233, 0.14066375792]}, "tuning_equal_tempered_deviation": 0.210594505072, "chords_changes_rate": 0.0793229341507, "key_key": "D", "tuning_diatonic_strength": 0.59338092804, "key_scale": "major", "chords_number_rate": 0.00149352801964, "tuning_frequency": 434.193115234, "tuning_nontempered_energy_ratio": 0.947291433811, "chords_histogram": [19.4324588776, 3.0036509037, 19.5818119049, 0.132758051157, 0.531032204628, 0.0165947563946, 0.165947556496, 0, 0.0663790255785, 0.0995685383677, 0.0995685383677, 0.0331895127892, 0.730169296265, 0.414868891239, 0.0165947563946, 0.663790225983, 0.116163291037, 11.2180547714, 0.149352803826, 15.7318286896, 4.38101577759, 13.3753738403, 5.42648506165, 4.61334228516], "key_strength": 0.681252479553, "chords_key": "A", "chords_strength": {"dmean2": 0.0131577644497, "median": 0.482157468796, "min": 0.206907302141, "dvar2": 0.00015909812646, "dvar": 0.000111012006528, "dmean": 0.012289725244, "max": 0.776296019554, "var": 0.00781069137156, "mean": 0.482437670231}, "chords_scale": "major", "hpcp_entropy": {"dmean2": 1.09983181953, "median": 2.09454512596, "min": 0, "dvar2": 0.818648040295, "dvar": 0.310277193785, "dmean": 0.662326097488, "max": 4.64028167725, "var": 0.648350179195, "mean": 2.10089039803}}, "metadata": {"audio_properties": {"equal_loudness": 0, "codec": "mp3", "downmix": "mix", "sample_rate": 44100, "analysis_sample_rate": 44100, "bit_rate": 320030, "md5_encoded": "35c8abc53a785f420ccb0988bfd8a654", "length": 279.77142334, "replay_gain": -11.9167747498, "lossless": false}, "version": {"essentia_build_sha": "2d9f1f26377add8aeb1075a9c2973f962c4f09fd", "essentia": "2.1-beta2", "extractor": "music 1.0", "essentia_git_sha": "v2.1_beta2-1-ge3940c0"}, "tags": {"title": ["Stretched Out"], "barcode": ["807297077728"], "media": ["(CD)"], "albumartist": ["Various Artists"], "language": ["eng"], "musicbrainz_recordingid": ["1eced6b7-887f-46e9-b6c1-3247091c51a4"], "musicbrainz_albumartistid": ["89ad4ac3-39f7-470e-963a-56509c546377"], "discnumber": ["01/01"], "originalartist": ["Various Artists"], "album": ["Science Fiction Jazz Volume Ten"], "catalognumber": ["MOLE074-2"], "musicbrainz album release country": ["DE"], "musicbrainz album type": ["Album", "Compilation"], "musicbrainz album status": ["Official"], "file_name": "01. K'Bonus - Stretched Out_4-40.mp3", "acoustid_fingerprint": ["AQADtEmURFGShZEiqD7yB190oeRCPOhzpKGO8tB2OIuOI3xO9OiPHnaOnggh1oB7IZQZ9IsFS8sRvob2Ht4UHeeRC5d0HCcs08jFCz8uUEefhUN-9PCDaspRVilc8cj7wT--g9VyaMVLqXh69NzQRGSOsDpcZfhBHV4W1JLC4Qn-4N6ONjaSZQ_yFKXEoMmS4kkfgcnRM8eZYc_x8HgSCWGgnR9iMcOno_8ynC_6RLhUHfG2QPG0XMinwePxRCS4oY-RLtFLaA8-5B_RXJh4xNFjqE2GdggzKdMRfclx7Wj2oUyixdDRk4hvUEmPniilED5yifChekKq5oJP9PiFNkQYNTzaQcelLEH6o8ctfUPGH0-UPNB4TgjzHO_RTO_AaImmo4R_lMyCHU-JR0lYXAjDX9C0HXmOWs9w5riOPpuOJ0csRlBOXQgXHc0PehLxoz086UV46PGQH80eTD3iPFCnBM109FmOXUetQ8uiBteGMD9xk7Baggr94D-eECk_Cj_EsYOdHHEKX2IQ_pjz4HI8TDnRNRfxp9Cdo8tF-FJQDw_pgNsZaDwaJ8hplPoEkxMP6j2qEz_q5MMe9EN4HVr0I8c5o1Ry_OhznNLxH1H34ExCaMnWInw4XOTB8DN-hJnEQP2M-0NoR3B0hFMcPDzURTGa_eiZ4w-aSYyHVsWlQ_0Iv8iW4yilHulVXCIOMZ42pPJxNG5I5EGnoHkytIOKuVGC_fjRfMGPV6mCy4WUzAif42g2zQe3-IDfYHRKws2LpsOfB7kiiNKOfMelo84D9MnxkEfEWdAThN7BhNvxLtvxo_wUNEqG5MgzFzesE2ei4wpeI2wUiBGlFX2O_mimNNATo1-FMB9-g1E6D9dxJYf_IMd56GFw54U150H74kBfo-FyfEc-RsWnVmi-I9mPPDJejQKTKT_aKLioHX0R5tGR6Dke4R9-7Eft7LAnHX105IeqVEE-bQu6ByNFNGOW4y3OLEVs2mgmXdCaiDvyEP8NhmiWMXg0S4iuQ4-GSDnKE1-SGo92_AjzZGBo4hEtnEmTwNZxRL-GKRGTo8_x5_g6hNmS4QxEiWOR4mie5cFDfA_MSUGeoRpyJUrw1cKz5kifIxn-5jg1o40OJlOEuw96IlHyLCdy4zoxJ8d7nEfTo49yPEcsG8mjhBreZzhVVM5yTFl2_EP8pYN-Ix0l0EqWfbiFzzkYKT-YTCJyLSV0HeETg6qFPpiXLMYzfJliTDmD_sa1pAoi34E7PDxuKRp8rKXx-jiZDu0SvBAjxilyIj-ah8V8Cc9H1A6m_CI-G7GeGF8yUuhCHsnyHDnOJvh7eEkSsNTwHM2jQIqP58OVFw_mHqdENE8e9JGR59CjIlYXKUF33NjyBaWPLxtikcEPLW87hFyi4nmO20epBo3D4MpZJM-I8OnRLOmMPxjDZMb34E0yeDTy4pya4IrhTbg0XImYIv3xvfgR0YmCL8cbadCjIxaPU1HyEPfRbJcQbsqCb0TxKFOH3LjUK0j1I9ku3MddCpX0oFmUgFePG5niEInnD9dxHXN2PM1RM8nQeDp-5NDVIJ-DXgvxzEFzIbJz6OuRH5ckNfAX4wqJO11xE-lEHUmbEJ-YHkzyZ2B44RkfNBt6o4c3SnCifaj0J0b-IImcoLmwM1rgiDR4rN9RLTlc5QmqS3gT3Dn-4NFRkTWiVznEkUfXHNkTESWlBmaEnM2FdDL67MG1Bt1jgUmPK0pwOUduJHy0gTeOXwme5bhPgtkloqkjJNeRj5twVVRSoRfeHfX244lO_Eh_PNEFnRJCHX7wPrDKHDVlIlcOLVWP4KAnBaE3yMyO3DocM3ge3HBc8NGP8NBiIzrOC9crPDEcZspT5Dv0ID-2jKxw6QGfAM35oT6-IEzWQ5Ek5kL-SXiOK9jZo5JaoVn-gLQH7kHynQi9KBPsG7WOf7gnjD8azTn65EguHfmkpcLTPMWk53j243SF__DmIzYv9JkhZcrhVQm6X-jhsRWUhx-u6Li1Yod3ok9xJcJzolcKJs9O5HvwjEM6friD5kd_SBWuXPiH__BZfOKNH82PLNUl4P3QrEKvHSeDhuGR54XOE3lY1NJxyWA2Hc2-KMGVJbiOPKGRzEqSB2_QVHhe46fwf_iXwnmOXCOSKwyFq2KU4yMeMQquD89R-4R_hHqO7sfHQHyC_zgfOHswOSd0KXlxTIRfVFTBOcJJwi-uE98eWJE04ccPvz0esAoeXcd-NPnRXTV2ET-0fMhyvCaeCfvRWEpElMeXKEcsZi-0s0F65kQ_fOkwEQ1jClejLXieI5dOJLs0oXF04XiC97jQ_ERF5chz6FR2xKrShLgF8EqUE8-Lpn0QfsHHg-xRNtFBCdWVocyYw7uJH6HFIHx9_LBioU-UFMdRTQmFMN-FJteDPkyRKzsUJT96JSHyHs-PK0_w4w_ChCq6RT9yo8mJ_jgxJ1QevE8EjieaIzmR1olUPDuePbh7mDyDksePJ4mGpmKQTA_ygq0LbtHxCfuHXoGrZUYf5LsKPU6MfIbPEE9WXDfGJI-LXB_xD1rqHFnYHU-ON8QTmTzCcFlQ6SZ08QiTJ0X3G5xehK-hxckxH0dT5aj84TFU5SzuzEfzZUPPY10S_ODEG-qWG48VTWi6XaiYC_9wLg284z8k7ser4xfRUMcTpYJ3lD9yJviDNvTgHSfuDXaIhKHCI9zRjEzRRjnm6fiO_miqfMFxzkiuItfy4DmLN0F_NOFL5IwFbS8ipc7RMYnBVx9-w8uJZCSNPNhjCT6e6biUZMeXBVO4ByH7QPuMxslyXLRxPajkH03-He_x8QMjoAFUECQMcoAIYgQkTAggGGACFOiMAQAbJBQySREgkHBAKGEEYoQoAAgxUAFHhSKCGeQIEAYIgAQxCBimjXIKECKAIYgIJJCihgCjlFIAEiKUAMQRIIBiQBnEDDJMCAWEAYgpIQggSAkEMDQMOSUIcYI4oAgAABBBlHBIKSUMAYAIAQQQQikmFHCIGSSEMgAdhJQQhBnBKBBAOAMBQEIBAQVwiCAAHBnCMMVAMAY5oRAxgoihFAMAKcUQMUgAwQgEBACLiLKIGCOUEAoIARCBBiDAmDAACEAGEUoIIpRgAgkAlCAMIaSMQoQAoZQQThnCDABIIIEgMkAQQIBRlgFBBBEEQCaCUIIpQwBBQBBBDAACAKOAIgoDAAxzQBhEKBGAKECEgAARgBAAAAAkFAQWAMKAYkARIIAAgCDAGAICUGGVQYAwZARQDkAEnEEQACIQQcQpQgQDgBDQAEACAEOUEAYBQQUCBgFgAKACIAAAUYRAAghxTgumAEACCQaEQQYJIYQxQBAAAAXCEAAckcIQYBABwAgFgCBMCECYJ4wRRQggxDAADBMCIESEAkwBYIwBiCDjjGIIEyAMNQQYCIBAghMFBGLECAOYUIYAYBBRxCBnCACAKCWAQUwARAQDSgAgOCAEAgUUUsAAQRQAQDFCjEEWGCCEUIwgJAQwxEgBlALKCsCEBIoQIgAQghiAGAAGMIcYUQBIgwwQgjABECCWKOAIUAAwCQQzBjgAiBGKUWyEQcIAIgAADADCjCGAE2LAEgg5YiAwShEBoGESCGcAAAwwEYAQAABBhBSICGQYIJIIBRxjgBBBklBGAACMFIgDRoQyQhDAgAICICABI8QoAAQBBAgkANMGCAWAQAZBgwRARBgHLAACIKIwE4IgRoRDiEokFBOICSeIAUBIIIgCBkijmAUGQAMEEkAAAAAADAgE"], "date": ["2007"], "genre": ["Electronic"], "musicbrainz_releasegroupid": ["86c308ab-525a-3f4f-9a8e-7b0d01e58fee"], "musicbrainz_artistid": ["56ca399b-65df-449f-8a6b-097ea0f9b178"], "originaldate": ["2007"], "musicbrainz_albumid": ["597ca3b6-1648-4adf-8a1a-c75b38447393"], "originalalbum": ["Science Fiction Jazz, Volume 10"], "tracknumber": ["01/15"], "artistsort": ["K'Bonus"], "artist": ["K'Bonus"], "label": ["Mole Listening Pearls"], "albumartistsort": ["Various Artists"], "acoustid_id": ["3aa99824-abee-457f-9e4d-2899bad01f38"], "script": ["Latin"]}}, "rhythm": {"bpm_histogram_first_peak_bpm": {"dmean2": 0, "median": 120, "min": 120, "dvar2": 0, "dvar": 0, "dmean": 0, "max": 120, "var": 0, "mean": 120}, "bpm": 120.039291382, "bpm_histogram_second_peak_spread": {"dmean2": 0, "median": 0.333333343267, "min": 0.333333343267, "dvar2": 0, "dvar": 0, "dmean": 0, "max": 0.333333343267, "var": 0, "mean": 0.333333343267}, "bpm_histogram_first_peak_weight": {"dmean2": 0, "median": 0.645796060562, "min": 0.645796060562, "dvar2": 0, "dvar": 0, "dmean": 0, "max": 0.645796060562, "var": 0, "mean": 0.645796060562}, "onset_rate": 3.25960111618, "beats_position": [0.406349211931, 0.824308395386, 1.23065757751, 1.64861679077, 2.0549659729, 2.46131515503, 2.86766433716, 3.29723358154, 3.72680258751, 4.15637159348, 4.65560102463, 5.15482997894, 5.65405893326, 6.15328788757, 6.65251684189, 7.1517457962, 7.65097475052, 8.15020370483, 8.63782310486, 9.12544155121, 9.63628101349, 10.1355104446, 10.6347389221, 11.1223583221, 11.6331968307, 12.1324262619, 12.6316547394, 13.1192741394, 13.6301136017, 14.1409521103, 14.6517915726, 15.1394100189, 15.6386394501, 16.1378688812, 16.637096405, 17.1363258362, 17.6355552673, 18.1347846985, 18.6340141296, 19.1332416534, 19.6440811157, 20.1317005157, 20.6309299469, 21.1301574707, 21.640996933, 22.1402263641, 22.6394557953, 23.1270751953, 23.6379127502, 24.1371421814, 24.6247615814, 25.1239910126, 25.6348285675, 26.1456680298, 26.6332874298, 27.1209068298, 27.6317462921, 28.1193637848, 28.6185932159, 29.1178226471, 29.6402721405, 30.1394996643, 30.6503391266, 31.1379585266, 31.6487979889, 32.1480255127, 32.6356468201, 33.1348762512, 33.6341018677, 34.1333312988, 34.63256073, 35.1317901611, 35.6426315308, 36.1302490234, 36.6294784546, 37.1287078857, 37.6395454407, 38.1387748718, 38.638004303, 39.1256217957, 39.6364631653, 40.1473007202, 40.6465301514, 41.1457595825, 41.6449890137, 42.1442184448, 42.6434440613, 43.1426734924, 43.6419029236, 44.1411323547, 44.6403617859, 45.139591217, 45.6388206482, 46.1380500793, 46.6372795105, 47.1365089417, 47.6473464966, 48.1465759277, 48.6341934204, 49.1334228516, 49.6442604065, 50.1434898376, 50.6427192688, 51.1303405762, 51.6411781311, 52.1287956238, 52.6280250549, 53.1388664246, 53.6380958557, 54.1373214722, 54.6365509033, 55.1241722107, 55.6350097656, 56.1458511353, 56.6450767517, 57.1443061829, 57.643535614, 58.1427650452, 58.6419944763, 59.1412239075, 59.6404533386, 60.1396827698, 60.6273002625, 61.1381378174, 61.6373672485, 62.1365966797, 62.6358261108, 63.135055542, 63.6458930969, 64.1451263428, 64.6327438354, 65.1319732666, 65.6428070068, 66.142036438, 66.6412658691, 67.1288909912, 67.6397247314, 68.1273422241, 68.6265716553, 69.1374130249, 69.6366424561, 70.1358718872, 70.6351013184, 71.122718811, 71.6335601807, 72.1444015503, 72.6552352905, 73.1544647217, 73.6536941528, 74.152923584, 74.6521530151, 75.1513824463, 75.6506118774, 76.1382293701, 76.6374588013, 77.1366882324, 77.6475296021, 78.1467590332, 78.6575927734, 79.1568222046, 79.6560516357, 80.1552810669, 80.654510498, 81.1537399292, 81.6529693604, 82.1521987915, 82.6514282227, 83.1506576538, 83.661491394, 84.1491165161, 84.6483459473, 85.1475753784, 85.6468048096, 86.1460266113, 86.6452560425, 87.1560974121, 87.6669387817, 88.1661682129, 88.665397644, 89.1646270752, 89.6522445679, 90.151473999, 90.6507034302, 91.1499328613, 91.6491622925, 92.1367797852, 92.6360092163, 93.1352386475, 93.6460723877, 94.1453018188, 94.6561431885, 95.1553726196, 95.6546020508, 96.1538314819, 96.6530609131, 97.1522903442, 97.6515197754, 98.1507492065, 98.6499786377, 99.1492080688, 99.6484298706, 100.147659302, 100.646888733, 101.146118164, 101.645347595, 102.156188965, 102.655418396, 103.143035889, 103.64226532, 104.141494751, 104.640724182, 105.139953613, 105.650794983, 106.138412476, 106.637641907, 107.136871338, 107.636100769, 108.1353302, 108.634559631, 109.133781433, 109.644622803, 110.143852234, 110.643081665, 111.142311096, 111.641540527, 112.140769958, 112.63999939, 113.139228821, 113.638458252, 114.137687683, 114.636917114, 115.136146545, 115.635368347, 116.134597778, 116.633827209, 117.121452332, 117.632286072, 118.143127441, 118.642356873, 119.141586304, 119.652427673, 120.151649475, 120.650878906, 121.150108337, 121.649337769, 122.136962891, 122.636184692, 123.135414124, 123.646255493, 124.133872986, 124.633102417, 125.132331848, 125.643173218, 126.142402649, 126.64163208, 127.140861511, 127.640090942, 128.150924683, 128.650161743, 129.149383545, 129.648620605, 130.147842407, 130.658676147, 131.14630127, 131.645523071, 132.144760132, 132.632385254, 133.131607056, 133.642440796, 134.141677856, 134.640899658, 135.140136719, 135.650970459, 136.138595581, 136.637817383, 137.137054443, 137.647888184, 138.135513306, 138.634735107, 139.133972168, 139.644805908, 140.13243103, 140.631652832, 141.130874634, 141.641723633, 142.140945435, 142.640182495, 143.127792358, 143.638641357, 144.137863159, 144.625488281, 145.124710083, 145.635559082, 146.134780884, 146.634017944, 147.121627808, 147.632461548, 148.12008667, 148.61932373, 149.118545532, 149.629379272, 150.140228271, 150.639450073, 151.138687134, 151.637908936, 152.137145996, 152.636367798, 153.135604858, 153.646438599, 154.134063721, 154.633285522, 155.132507324, 155.643356323, 156.130966187, 156.630203247, 157.129425049, 157.640274048, 158.13949585, 158.63873291, 159.126342773, 159.637191772, 160.136413574, 160.635650635, 161.123260498, 161.645706177, 162.144943237, 162.644165039, 163.1434021, 163.642623901, 164.141860962, 164.629470825, 165.117095947, 165.627929688, 166.138778687, 166.638000488, 167.137237549, 167.648071289, 168.135681152, 168.623306274, 169.134140015, 169.644989014, 170.144210815, 170.643447876, 171.142669678, 171.641906738, 172.14112854, 172.628753662, 173.127975464, 173.627212524, 174.138046265, 174.637283325, 175.148117065, 175.647338867, 176.146575928, 176.645797729, 177.14503479, 177.644256592, 178.143493652, 178.642715454, 179.141952515, 179.641174316, 180.140411377, 180.639633179, 181.138870239, 181.638092041, 182.137313843, 182.636550903, 183.135772705, 183.646621704, 184.157455444, 184.668289185, 185.155914307, 185.655151367, 186.154373169, 186.653594971, 187.141220093, 187.640457153, 188.128067017, 188.627304077, 189.126525879, 189.637359619, 190.13659668, 190.635818481, 191.14666748, 191.645889282, 192.145126343, 192.655960083, 193.143585205, 193.642807007, 194.142044067, 194.641265869, 195.140487671, 195.639724731, 196.138946533, 196.638183594, 197.137405396, 197.636642456, 198.135864258, 198.635101318, 199.13432312, 199.645172119, 200.144393921, 200.632019043, 201.131240845, 201.642089844, 202.141311646, 202.640533447, 203.128158569, 203.63899231, 204.13822937, 204.625839233, 205.125076294, 205.635910034, 206.135147095, 206.634368896, 207.121994019, 207.632827759, 208.132064819, 208.631286621, 209.118911743, 209.629745483, 210.140579224, 210.639816284, 211.139038086, 211.638275146, 212.137496948, 212.636734009, 213.135955811, 213.635192871, 214.134414673, 214.633651733, 215.132873535, 215.643707275, 216.154556274, 216.653778076, 217.153015137, 217.652236938, 218.151473999, 218.639083862, 219.126708984, 219.637542725, 220.136779785, 220.624389648, 221.123626709, 221.634460449, 222.13369751, 222.632919312, 223.120544434, 223.631378174, 224.142211914, 224.653060913, 225.152282715, 225.651519775, 226.150741577, 226.649978638, 227.137588501, 227.636825562, 228.136047363, 228.635284424, 229.134506226, 229.645339966, 230.144577026, 230.643798828, 231.13142395, 231.64225769, 232.141494751, 232.640716553, 233.139953613, 233.639175415, 234.138412476, 234.637634277, 235.125259399, 235.63609314, 236.1353302, 236.622940063, 237.122177124, 237.633010864, 238.132247925, 238.631469727, 239.130691528, 239.629928589, 240.140762329, 240.63999939, 241.139221191, 241.65007019, 242.137680054, 242.636917114, 243.136138916, 243.646972656, 244.134597778, 244.633834839, 245.133056641, 245.643890381, 246.143127441, 246.642349243, 247.129974365, 247.640808105, 248.151657104, 248.650878906, 249.150115967, 249.649337769, 250.14855957, 250.647796631, 251.147018433, 251.646255493, 252.145477295, 252.644714355, 253.143936157, 253.643173218, 254.14239502, 254.64163208, 255.140853882, 255.640090942, 256.139312744, 256.638549805, 257.137786865, 257.648620605, 258.136230469, 258.635467529, 259.134674072, 259.64553833, 260.133148193, 260.632385254, 261.131591797, 261.642456055, 262.141662598, 262.640899658, 263.140136719, 263.639373779, 264.15020752, 264.649414063, 265.148651123, 265.647888184, 266.147125244, 266.646331787, 267.145568848, 267.656402588, 268.155639648, 268.666473389, 269.15411377, 269.653320313, 270.152557373, 270.651794434, 271.151000977, 271.650238037, 272.161071777, 272.660308838, 273.159545898, 273.647155762, 274.146392822, 274.645629883, 275.156463623, 275.667297363, 276.178131104, 276.665740967, 277.153381348, 277.652587891, 278.151824951, 278.651062012, 279.161895752], "beats_loudness": {"dmean2": 0.119975112379, "median": 0.0892336815596, "min": 5.35835824849e-05, "dvar2": 0.00624462543055, "dvar": 0.00247204815969, "dmean": 0.0709134116769, "max": 0.240815028548, "var": 0.00417728861794, "mean": 0.0998798161745}, "danceability": 1.30292367935, "bpm_histogram_second_peak_weight": {"dmean2": 0, "median": 0.00715563492849, "min": 0.00715563492849, "dvar2": 0, "dvar": 0, "dmean": 0, "max": 0.00715563492849, "var": 0, "mean": 0.00715563492849}, "beats_count": 560, "bpm_histogram_second_peak_bpm": {"dmean2": 0, "median": 148, "min": 148, "dvar2": 0, "dvar": 0, "dmean": 0, "max": 148, "var": 0, "mean": 148}, "bpm_histogram_first_peak_spread": {"dmean2": 0, "median": 0.341240882874, "min": 0.341240882874, "dvar2": 0, "dvar": 0, "dmean": 0, "max": 0.341240882874, "var": 0, "mean": 0.341240882874}, "beats_loudness_band_ratio": {"dmean2": [0.44157987833, 0.252277612686, 0.211176455021, 0.0910171493888, 0.0505398996174, 0.12645059824], "median": [0.768338918686, 0.0581017509103, 0.0351664423943, 0.0126050896943, 0.0090113915503, 0.0104188686237], "min": [0.00729071488604, 0.00796511862427, 0.000612448784523, 0.000139997020597, 9.75972216111e-06, 2.04703837881e-06], "dvar2": [0.111452624202, 0.0582780614495, 0.0561981275678, 0.0159950256348, 0.00402634916827, 0.0174708627164], "dvar": [0.0475720651448, 0.0197125263512, 0.0205836798996, 0.00583743536845, 0.00155378808267, 0.00707708997652], "dmean": [0.261972486973, 0.135782420635, 0.117284484208, 0.0505863986909, 0.0283064320683, 0.0695969760418], "max": [0.987291276455, 0.686483263969, 0.717380642891, 0.477996140718, 0.318070709705, 0.319115519524], "var": [0.07023730129, 0.0172432623804, 0.019229721278, 0.00478901248425, 0.00143169052899, 0.00595884071663], "mean": [0.699058413506, 0.119060136378, 0.0965100601315, 0.0415751673281, 0.0247369743884, 0.0486225560308]}}, "lowlevel": {"barkbands_spread": {"dmean2": 7.1694483757, "median": 9.68489265442, "min": 0.164784371853, "dvar2": 102.591407776, "dvar": 52.1576004028, "dmean": 4.84033441544, "max": 108.409393311, "var": 182.601242065, "mean": 13.9079580307}, "melbands_spread": {"dmean2": 7.26254224777, "median": 8.60529899597, "min": 0.316483139992, "dvar2": 161.517150879, "dvar": 74.013168335, "dmean": 4.75736618042, "max": 286.325317383, "var": 200.64289856, "mean": 12.4080991745}, "hfc": {"dmean2": 10.057264328, "median": 15.6266870499, "min": 1.13811926065e-16, "dvar2": 259.256072998, "dvar": 144.688583374, "dmean": 7.03563308716, "max": 165.019332886, "var": 394.676971436, "mean": 20.4061737061}, "barkbands_kurtosis": {"dmean2": 17.0971813202, "median": 7.84375286102, "min": -1.96416783333, "dvar2": 1515.31750488, "dvar": 598.888977051, "dmean": 10.9861412048, "max": 487.657012939, "var": 1226.49047852, "mean": 19.1117134094}, "gfcc": {"mean": [-22.7476482391, 110.581611633, -86.9464263916, 45.6052894592, -66.9731750488, 14.089384079, -34.0787391663, 5.54645204544, -19.4707164764, 2.9579873085, -10.6669683456, -2.16037249565, -6.39871883392], "icov": [[0.000306619069306, -0.000228732416872, 0.000222281363676, -0.000206687240279, 0.000102579702798, -0.000454393593827, 0.000273935205769, -0.000430955202319, 0.000562564120628, -0.000669895729516, 0.000801254820544, -0.000371305359295, 0.000387783220503], [-0.000228732416872, 0.00347888609394, -0.00111088983249, 0.00230089225806, -0.00166318926495, 0.00189956300892, -0.00196535699069, 0.00218247715384, -0.00282043893822, 0.00272005330771, -0.00313437986188, 0.00274475524202, -0.0028132845182], [0.000222281363676, -0.00111088983249, 0.00137103325687, -0.00111376319546, 0.000239207540289, -0.000770407146774, 0.00104656931944, -0.0013633586932, 0.00166429253295, -0.000755795335863, 0.000673532253131, -0.000976580078714, 0.000787714961916], [-0.000206687240279, 0.00230089225806, -0.00111376319546, 0.00292988400906, -0.00150190398563, 0.00121407117695, -0.00113130162936, 0.00132961617783, -0.00225924933329, 0.00195478415117, -0.00184535782319, 0.00175988383126, -0.00182933837641], [0.000102579702798, -0.00166318926495, 0.000239207540289, -0.00150190398563, 0.00350617035292, -0.00167611031793, -0.000225309442612, -0.000163677992532, 0.000581885804422, -0.000699260097463, 0.000979957869276, -0.00108981784433, 0.00172155327164], [-0.000454393593827, 0.00189956300892, -0.000770407146774, 0.00121407117695, -0.00167611031793, 0.00549582811072, -0.00273319729604, 0.000472029845696, 0.000316428981023, 0.000487461860757, -0.00148553354666, 0.00233219959773, -0.0014334237203], [0.000273935205769, -0.00196535699069, 0.00104656931944, -0.00113130162936, -0.000225309442612, -0.00273319729604, 0.00708693871275, -0.00189540337306, -0.000137192037073, 0.00154239858966, 2.06228123716e-05, -0.000382392725442, 0.000741205818485], [-0.000430955202319, 0.00218247715384, -0.0013633586932, 0.00132961617783, -0.000163677992532, 0.000472029845696, -0.00189540337306, 0.00784610956907, -0.00410519214347, 0.0017511183396, 0.000306842208374, -0.000883987580892, -0.00107765663415], [0.000562564120628, -0.00282043893822, 0.00166429253295, -0.00225924933329, 0.000581885804422, 0.000316428981023, -0.000137192037073, -0.00410519214347, 0.0126988207921, -0.0056260372512, 0.00168680935167, 0.00102752540261, -0.000133797977469], [-0.000669895729516, 0.00272005330771, -0.000755795335863, 0.00195478415117, -0.000699260097463, 0.000487461860757, 0.00154239858966, 0.0017511183396, -0.0056260372512, 0.0119199901819, -0.00625718478113, 0.00250315223821, -0.00173480913509], [0.000801254820544, -0.00313437986188, 0.000673532253131, -0.00184535782319, 0.000979957869276, -0.00148553354666, 2.06228123716e-05, 0.000306842208374, 0.00168680935167, -0.00625718478113, 0.0145069854334, -0.00787721946836, 0.00448523508385], [-0.000371305359295, 0.00274475524202, -0.000976580078714, 0.00175988383126, -0.00108981784433, 0.00233219959773, -0.000382392725442, -0.000883987580892, 0.00102752540261, 0.00250315223821, -0.00787721946836, 0.0143743576482, -0.00527206715196], [0.000387783220503, -0.0028132845182, 0.000787714961916, -0.00182933837641, 0.00172155327164, -0.0014334237203, 0.000741205818485, -0.00107765663415, -0.000133797977469, -0.00173480913509, 0.00448523508385, -0.00527206715196, 0.0122171193361]], "cov": [[6722.8125, -1715.8380127, -523.046875, 64.8280410767, -375.070007324, 533.838684082, -398.653656006, 380.021087646, -299.481079102, 292.375457764, -395.67868042, 38.9321746826, -191.574035645], [-1715.8380127, 1891.1751709, 98.8926544189, -412.205230713, 456.782043457, -184.49822998, 407.676452637, -259.198272705, 216.496032715, -188.487411499, 187.447128296, -115.453399658, 145.209503174], [-523.046875, 98.8926544189, 1444.42175293, 408.399902344, 180.040390015, 60.883480072, -32.7473564148, 89.2139053345, -91.2547225952, -59.6863479614, 48.9954681396, 68.265663147, 1.02143275738], [64.8280410767, -412.205230713, 408.399902344, 889.727294922, 191.804397583, 68.5229873657, 19.1108970642, 53.3110580444, 5.63066768646, -31.9180736542, -18.9770851135, 0.0638992041349, -3.00710844994], [-375.070007324, 456.782043457, 180.040390015, 191.804397583, 604.183898926, 124.887199402, 212.873291016, -58.8308105469, 43.0138092041, -81.1644592285, 43.7936859131, -46.0185394287, -1.37757253647], [533.838684082, -184.49822998, 60.883480072, 68.5229873657, 124.887199402, 356.648223877, 86.6165542603, 49.5900382996, -53.57239151, -4.59871435165, -36.7105484009, -23.9732475281, -27.8361282349], [-398.653656006, 407.676452637, -32.7473564148, 19.1108970642, 212.873291016, 86.6165542603, 330.472290039, -14.1859493256, 60.8471031189, -96.1361236572, 26.4370365143, -45.5444374084, 28.0246601105], [380.021087646, -259.198272705, 89.2139053345, 53.3110580444, -58.8308105469, 49.5900382996, -14.1859493256, 225.135055542, 6.69786214828, 11.5633649826, -49.0766868591, 29.6209392548, -2.17548060417], [-299.481079102, 216.496032715, -91.2547225952, 5.63066768646, 43.0138092041, -53.57239151, 60.8471031189, 6.69786214828, 166.529067993, 25.3039455414, 22.631105423, -33.7130851746, 33.1986885071], [292.375457764, -188.487411499, -59.6863479614, -31.9180736542, -81.1644592285, -4.59871435165, -96.1361236572, 11.5633649826, 25.3039455414, 174.334274292, 32.6018218994, 16.0126094818, -15.8916425705], [-395.67868042, 187.447128296, 48.9954681396, -18.9770851135, 43.7936859131, -36.7105484009, 26.4370365143, -49.0766868591, 22.631105423, 32.6018218994, 156.877960205, 45.3328590393, 0.157231733203], [38.9321746826, -115.453399658, 68.265663147, 0.0638992041349, -46.0185394287, -23.9732475281, -45.5444374084, 29.6209392548, -33.7130851746, 16.0126094818, 45.3328590393, 129.284500122, 17.8861427307], [-191.574035645, 145.209503174, 1.02143275738, -3.00710844994, -1.37757253647, -27.8361282349, 28.0246601105, -2.17548060417, 33.1986885071, -15.8916425705, 0.157231733203, 17.8861427307, 121.658630371]]}, "spectral_energyband_middle_low": {"dmean2": 0.0132279600948, "median": 0.0155094154179, "min": 2.22590395137e-22, "dvar2": 0.00052131008124, "dvar": 0.000199431553483, "dmean": 0.00811736378819, "max": 0.160165831447, "var": 0.000269387674052, "mean": 0.0186141710728}, "melbands_crest": {"dmean2": 5.93969774246, "median": 15.780456543, "min": 1.87148237228, "dvar2": 27.093416214, "dvar": 10.8156547546, "dmean": 3.65973162651, "max": 33.4331512451, "var": 32.1245613098, "mean": 16.4437427521}, "spectral_kurtosis": {"dmean2": 4.64781427383, "median": 3.19261455536, "min": -1.26603293419, "dvar2": 224.918823242, "dvar": 94.3341217041, "dmean": 2.9421517849, "max": 408.994384766, "var": 471.16116333, "mean": 7.56316566467}, "spectral_rms": {"dmean2": 0.0019914964214, "median": 0.00628788210452, "min": 3.17608547969e-12, "dvar2": 5.57802468393e-06, "dvar": 2.72924148703e-06, "dmean": 0.00130465568509, "max": 0.016530893743, "var": 1.03828460851e-05, "mean": 0.00656086020172}, "zerocrossingrate": {"dmean2": 0.0104805389419, "median": 0.0341796875, "min": 0.00244140625, "dvar2": 0.00019206784782, "dvar": 0.000169183695107, "dmean": 0.00903727579862, "max": 0.50830078125, "var": 0.00114274490625, "mean": 0.0421396046877}, "silence_rate_60dB": {"dmean2": 0.0255644097924, "median": 0, "min": 0, "dvar2": 0.0285592991859, "dvar": 0.0126183964312, "dmean": 0.0127811441198, "max": 1, "var": 0.0499055311084, "mean": 0.05269709602}, "erbbands_kurtosis": {"dmean2": 3.72833514214, "median": 0.592308938503, "min": -1.90050399303, "dvar2": 61.3851280212, "dvar": 30.3169403076, "dmean": 2.44248652458, "max": 140.495697021, "var": 68.1551513672, "mean": 3.14516735077}, "erbbands": {"dmean2": [0.686275184155, 4.9552397728, 15.2399168015, 22.9536800385, 18.1519031525, 11.3903722763, 11.5065288544, 18.7806606293, 35.6646728516, 34.5000724792, 15.4184503555, 28.0583286285, 32.5095863342, 37.6405067444, 13.6583442688, 13.3859014511, 37.8786010742, 27.2886676788, 18.0623397827, 11.5991401672, 10.3713264465, 9.94431877136, 9.49744796753, 8.51850128174, 6.52028560638, 9.03022956848, 11.1599283218, 7.65101623535, 8.41631031036, 5.56393289566, 3.02433562279, 2.15579009056, 1.84681677818, 0.945114135742, 0.234735235572, 0.225113466382, 0.0404666140676, 0.00203389767557, 0.000146940306877, 4.73470936413e-05], "median": [0.0749811083078, 1.22693181038, 4.55464839935, 6.35636234283, 6.83778381348, 6.08794212341, 8.91990756989, 15.1883811951, 17.8603591919, 10.1775197983, 5.7609872818, 5.26771450043, 5.75994300842, 5.16896057129, 3.66829538345, 3.26967811584, 3.32511115074, 2.76068210602, 2.48401403427, 2.09699463844, 1.88775455952, 2.70896959305, 2.74969625473, 1.37418246269, 1.52958357334, 2.79610586166, 2.10312533379, 2.46897315979, 1.89197731018, 1.72362041473, 0.757363915443, 0.529422104359, 0.455423891544, 0.288897812366, 0.104888916016, 0.0290443915874, 0.00406394526362, 0.000352009548806, 4.9180474889e-05, 5.3244868468e-05], "min": [5.42010651733e-22, 2.01930519304e-21, 8.28736503742e-21, 2.11472584852e-20, 1.81714923875e-20, 1.0620429086e-19, 1.44252686183e-19, 3.38126282951e-19, 3.34598693681e-19, 7.50097047136e-19, 1.16764960025e-18, 5.70818729159e-19, 1.25117364561e-18, 2.00120384621e-18, 3.00334866796e-18, 3.72479181678e-18, 2.59855460032e-18, 2.78946561095e-18, 6.77893454423e-18, 7.81923162416e-18, 1.36034119986e-17, 8.13087191994e-18, 6.7640328855e-18, 1.08530372891e-17, 1.3346309375e-17, 1.73843718605e-17, 1.46628831252e-17, 1.83727567396e-17, 1.57329570528e-17, 1.6256234817e-17, 1.60122363886e-17, 1.72537964378e-17, 1.56222587801e-17, 1.49555363172e-17, 7.13255673764e-18, 6.02510127737e-18, 3.4239803492e-18, 1.20293236889e-18, 3.10917055581e-19, 2.99849934747e-20], "dvar2": [2.49247503281, 78.8251876831, 1231.6315918, 2873.3828125, 1624.94909668, 438.173797607, 444.796051025, 1130.02233887, 5633.03466797, 10414.4990234, 1362.96276855, 8385.60449219, 22219.1386719, 36798.3945313, 996.892089844, 1826.22058105, 60561.2890625, 11993.078125, 4136.17724609, 1773.29333496, 1092.96459961, 465.543334961, 391.541503906, 521.577941895, 478.020751953, 471.04776001, 1000.9942627, 272.544036865, 588.523132324, 261.991516113, 84.7208938599, 52.2993659973, 35.3726997375, 8.54094219208, 0.379382938147, 5.77245235443, 0.134788811207, 0.000181331575732, 1.33366108912e-06, 2.32617285434e-08], "dvar": [0.952353477478, 28.7473182678, 432.366424561, 1043.71166992, 601.57598877, 172.697998047, 187.787200928, 458.732788086, 2468.0480957, 4405.14111328, 597.360290527, 3274.83081055, 11337.6289063, 13506.6835938, 407.349334717, 789.332885742, 23108.4648438, 6009.37695313, 1621.62268066, 661.635437012, 431.539916992, 182.351089478, 161.181930542, 200.698730469, 180.442169189, 212.832168579, 422.552246094, 140.988296509, 295.362762451, 155.195739746, 53.0892906189, 27.0599918365, 19.7976989746, 4.2535867691, 0.189674079418, 2.22819280624, 0.057705681771, 7.484384696e-05, 5.05591231104e-07, 9.46181355488e-09], "dmean": [0.407031178474, 2.97887659073, 8.71583175659, 13.211224556, 10.6473026276, 6.92806005478, 8.18255710602, 12.7304344177, 23.9520130157, 22.3687362671, 9.83657836914, 18.2921237946, 22.0278968811, 23.6736240387, 8.44638252258, 8.7286901474, 23.5783138275, 17.6878910065, 11.1585636139, 7.13459253311, 6.48734378815, 6.14896774292, 5.95632171631, 5.2872633934, 4.1384510994, 5.67489242554, 6.95836734772, 5.20868635178, 5.72515153885, 4.04216957092, 2.22158765793, 1.58845329285, 1.39133882523, 0.663553416729, 0.168906897306, 0.14171642065, 0.0272128041834, 0.00137605995405, 9.28713488975e-05, 3.01630370814e-05], "max": [8.93002128601, 52.8093605042, 174.946350098, 285.62802124, 294.397338867, 243.868240356, 237.252975464, 453.327148438, 973.809753418, 2047.22595215, 674.590637207, 1332.34338379, 3967.01782227, 3071.92602539, 593.435546875, 630.020568848, 4797.54589844, 2454.05664063, 1185.94799805, 761.498168945, 338.490875244, 227.973052979, 305.75213623, 234.09753418, 240.724945068, 626.894104004, 752.552246094, 243.459030151, 276.540863037, 215.570251465, 132.846786499, 80.9401702881, 132.888687134, 58.8634757996, 10.2259845734, 69.2211685181, 10.4962787628, 0.322554260492, 0.039387524128, 0.00518031883985], "var": [1.15061974525, 51.9864120483, 435.49307251, 856.713623047, 559.176086426, 350.025421143, 701.10736084, 1392.18933105, 5988.29589844, 8015.43505859, 1750.70385742, 7574.65185547, 21849.28125, 18157.6015625, 900.076171875, 1441.24194336, 25324.1894531, 8888.80273438, 1621.02502441, 750.36730957, 494.795715332, 270.681091309, 278.270233154, 305.733306885, 205.667816162, 519.927001953, 819.417907715, 321.305206299, 510.401947021, 299.52355957, 105.954826355, 47.4078941345, 41.5705184937, 8.19951725006, 0.515923261642, 2.58806920052, 0.0909163355827, 0.000135604292154, 5.76930005991e-07, 1.22119017121e-08], "mean": [0.51525247097, 4.63106441498, 12.5624866486, 16.002286911, 14.2822809219, 12.1706609726, 19.2080860138, 29.2022533417, 46.9644393921, 38.8462181091, 19.7449569702, 34.3444480896, 39.1457023621, 33.824180603, 13.4461069107, 14.66223526, 30.4840564728, 21.6497020721, 13.3509702682, 9.1830739975, 8.62657260895, 9.11335086823, 9.1876411438, 7.77351999283, 6.17957639694, 9.25691890717, 10.5164346695, 8.39618682861, 8.44996261597, 6.43610811234, 3.64175605774, 2.50518298149, 2.33812880516, 1.16980695724, 0.355914086103, 0.215694740415, 0.0444437526166, 0.00244496995583, 0.000167065372807, 7.43844502722e-05]}, "spectral_strongpeak": {"dmean2": 0.791976809502, "median": 0.682545542717, "min": 0, "dvar2": 1.47005224228, "dvar": 0.61257648468, "dmean": 0.476410776377, "max": 14.5448970795, "var": 1.21930801868, "mean": 0.972801327705}, "spectral_energy": {"dmean2": 0.0331099145114, "median": 0.0405258983374, "min": 1.03397075737e-20, "dvar2": 0.0022467051167, "dvar": 0.0010231496999, "dmean": 0.0210459847003, "max": 0.280102223158, "var": 0.00243762065656, "mean": 0.0547632798553}, "average_loudness": 0.955249667168, "spectral_rolloff": {"dmean2": 619.90411377, "median": 452.197265625, "min": 64.599609375, "dvar2": 1910353.625, "dvar": 877137.875, "dmean": 371.910583496, "max": 18755.4199219, "var": 1543993.375, "mean": 835.990600586}, "spectral_centroid": {"dmean2": 325.77130127, "median": 706.45324707, "min": 103.038589478, "dvar2": 195845.3125, "dvar": 101427.171875, "dmean": 217.904998779, "max": 11177.9716797, "var": 382510.9375, "mean": 872.816833496}, "pitch_salience": {"dmean2": 0.139014229178, "median": 0.498613715172, "min": 0.112909004092, "dvar2": 0.0159346405417, "dvar": 0.00572711415589, "dmean": 0.084501132369, "max": 0.925734341145, "var": 0.0138722211123, "mean": 0.495551913977}, "spectral_energyband_middle_high": {"dmean2": 0.00249838712625, "median": 0.00158845959231, "min": 1.48600351521e-21, "dvar2": 4.61942472612e-05, "dvar": 2.04368661798e-05, "dmean": 0.00168330059387, "max": 0.122379601002, "var": 4.7148190788e-05, "mean": 0.00349164707586}, "spectral_contrast_coeffs": {"dmean2": [0.092067822814, 0.0821434035897, 0.0696989297867, 0.0583500266075, 0.0371542274952, 0.0294926539063], "median": [-0.630541026592, -0.668782114983, -0.7546479702, -0.787931323051, -0.802927851677, -0.763610243797], "min": [-0.95921176672, -0.95654976368, -0.964034795761, -0.958962857723, -0.961120128632, -0.965751409531], "dvar2": [0.00590966502205, 0.00505070574582, 0.00328814215027, 0.00253057549708, 0.00102981633972, 0.000853213248774], "dvar": [0.00239351857454, 0.00221208459698, 0.00151693786029, 0.00111055036541, 0.00047479692148, 0.000401096243877], "dmean": [0.056785274297, 0.052285451442, 0.0449373237789, 0.0368978455663, 0.0238754823804, 0.0191864855587], "max": [-0.301113933325, -0.290488660336, -0.364416271448, -0.416912406683, -0.587968349457, -0.566336810589], "var": [0.00784131232649, 0.0122622717172, 0.00954698305577, 0.0060805673711, 0.00361312297173, 0.00223917094991], "mean": [-0.624032855034, -0.663872480392, -0.741888284683, -0.778132915497, -0.790803670883, -0.761596560478]}, "melbands_skewness": {"dmean2": 1.85552632809, "median": 3.16795134544, "min": -4.13808488846, "dvar2": 4.47523927689, "dvar": 2.12268686295, "dmean": 1.21975195408, "max": 21.4547977448, "var": 8.95368480682, "mean": 3.97109246254}, "spectral_spread": {"dmean2": 788702.0625, "median": 4993269.5, "min": 270037.125, "dvar2": 882862718976, "dvar": 611760340992, "dmean": 553149.875, "max": 43947420, "var": 3583661572100.0, "mean": 5078218}, "dissonance": {"dmean2": 0.0440220236778, "medi