{"tonal": {"thpcp": [1, 0.774951398373, 0.34198141098, 0.246617257595, 0.257246017456, 0.351640790701, 0.483461260796, 0.492523044348, 0.47609436512, 0.466675162315, 0.369405031204, 0.32265663147, 0.397140204906, 0.446013391018, 0.552865445614, 0.725164890289, 0.577574491501, 0.300359666348, 0.205456838012, 0.190501824021, 0.279915064573, 0.459485977888, 0.450725406408, 0.318004369736, 0.300139695406, 0.315471917391, 0.412586063147, 0.500507712364, 0.408404588699, 0.38744533062, 0.46518906951, 0.386896580458, 0.28464999795, 0.27898940444, 0.307780116796, 0.606708467007], "hpcp": {"dmean2": [0.256422281265, 0.269549846649, 0.249187678099, 0.25824674964, 0.24602432549, 0.219417870045, 0.242717593908, 0.264012664557, 0.270021498203, 0.260745227337, 0.251992225647, 0.176272109151, 0.139370903373, 0.132848918438, 0.147212997079, 0.197466984391, 0.210826233029, 0.17859326303, 0.17877162993, 0.201084345579, 0.239553421736, 0.269887387753, 0.247649148107, 0.24862088263, 0.237393990159, 0.226130485535, 0.200044512749, 0.189726352692, 0.215780928731, 0.29932269454, 0.350267887115, 0.317546516657, 0.21752025187, 0.182129532099, 0.17786000669, 0.205406457186], "median": [0.0721741691232, 0.0841394588351, 0.0683337897062, 0.0553534775972, 0.0390254147351, 0.0406627543271, 0.0696931183338, 0.0759271979332, 0.077756613493, 0.0946349650621, 0.0850172489882, 0.0485810153186, 0.0308824982494, 0.0240525510162, 0.0364334471524, 0.0674328878522, 0.0734271705151, 0.0434484370053, 0.02219443582, 0.0278517529368, 0.0620375275612, 0.0826355963945, 0.064413100481, 0.0525521300733, 0.0479344800115, 0.041069407016, 0.0297035705298, 0.0288753304631, 0.0319175086915, 0.119829021394, 0.220109716058, 0.166469499469, 0.0501833595335, 0.0278777536005, 0.0299504436553, 0.0445505902171], "min": [0, 0, 0, 0, 0, 0, 0, 0, 0, 0, 0, 0, 0, 0, 0, 0, 0, 0, 0, 0, 0, 0, 0, 0, 0, 0, 0, 0, 0, 0, 0, 0, 0, 0, 0, 0], "dvar2": [0.118820786476, 0.120513871312, 0.108395710588, 0.124035425484, 0.12169252336, 0.0996775180101, 0.108241096139, 0.109730228782, 0.117051176727, 0.106138750911, 0.10494402796, 0.0738835632801, 0.0534995086491, 0.0559807531536, 0.0554003641009, 0.0732053220272, 0.0787068083882, 0.0794278755784, 0.0813187137246, 0.0911273658276, 0.0942480936646, 0.107595138252, 0.0998912379146, 0.122591920197, 0.106873393059, 0.115120626986, 0.0989615470171, 0.0960084870458, 0.105835527182, 0.114828027785, 0.125771582127, 0.108244694769, 0.0877167806029, 0.0803607925773, 0.0866260901093, 0.0943333804607], "dvar": [0.0465696118772, 0.0464325472713, 0.0446277447045, 0.0488264001906, 0.0457176566124, 0.0379993915558, 0.040851585567, 0.0421512238681, 0.0450905971229, 0.0463088266551, 0.0401599369943, 0.0273035783321, 0.0206835605204, 0.0207008682191, 0.0217327494174, 0.0304401963949, 0.030848056078, 0.030017439276, 0.0317642986774, 0.0360612794757, 0.0383634492755, 0.0433124862611, 0.0376617088914, 0.0444347187877, 0.0428813993931, 0.0420126132667, 0.0362124815583, 0.0349320992827, 0.0393429659307, 0.0432051345706, 0.0559235773981, 0.0443189404905, 0.033249232918, 0.0301476549357, 0.0314529761672, 0.0366576351225], "dmean": [0.151618793607, 0.157584503293, 0.14637747407, 0.149923816323, 0.14053606987, 0.124495230615, 0.139154136181, 0.150818228722, 0.157463744283, 0.155059039593, 0.147994413972, 0.101408392191, 0.0792942941189, 0.075836353004, 0.0859714820981, 0.119352430105, 0.126552373171, 0.103076808155, 0.103987440467, 0.11453229934, 0.141150191426, 0.158647119999, 0.140705376863, 0.140739992261, 0.139096945524, 0.12921884656, 0.112778574228, 0.107751384377, 0.121346607804, 0.178240641952, 0.212419718504, 0.193768456578, 0.125956892967, 0.10184597224, 0.100780569017, 0.117403425276], "max": [1, 1, 1, 1, 1, 1, 1, 1, 1, 1, 1, 1, 1, 1, 1, 1, 1, 1, 1, 1, 1, 1, 1, 1, 1, 1, 1, 1, 1, 1, 1, 1, 1, 1, 1, 1], "var": [0.0614114440978, 0.0567469410598, 0.0633319839835, 0.0685014948249, 0.0508786216378, 0.0377662703395, 0.0418857000768, 0.0480676405132, 0.074333332479, 0.113123938441, 0.0741167068481, 0.0280706658959, 0.0181810744107, 0.0184363815933, 0.0321017466486, 0.0590679645538, 0.0508239343762, 0.0366021804512, 0.0447355657816, 0.0462368503213, 0.0476685836911, 0.058835491538, 0.0433922857046, 0.046981588006, 0.0703316181898, 0.0554381199181, 0.0357981361449, 0.036713771522, 0.040431894362, 0.0649705380201, 0.123574793339, 0.0840626806021, 0.0365147590637, 0.0269628372043, 0.0289424974471, 0.0460166297853], "mean": [0.179424151778, 0.182787194848, 0.176690116525, 0.173194423318, 0.137095123529, 0.119745671749, 0.147388324142, 0.165526345372, 0.205181717873, 0.269126206636, 0.214351847768, 0.111470721662, 0.0762499943376, 0.0706998258829, 0.103883236647, 0.170526340604, 0.167275086045, 0.118019104004, 0.11138908565, 0.117079250515, 0.153120651841, 0.185750499368, 0.151568800211, 0.143790319562, 0.17264290154, 0.143586665392, 0.105640493333, 0.103539705276, 0.114224635065, 0.225164160132, 0.371124148369, 0.28760316968, 0.126917555928, 0.0915256217122, 0.0954702124, 0.130502387881]}, "tuning_equal_tempered_deviation": 0.113600544631, "chords_changes_rate": 0.0710619837046, "key_key": "C", "tuning_diatonic_strength": 0.711613059044, "key_scale": "major", "chords_number_rate": 0.00473746564239, "tuning_frequency": 436.456176758, "tuning_nontempered_energy_ratio": 0.806087136269, "chords_histogram": [29.5302009583, 5.05329656601, 9.63284683228, 0.552704274654, 0.355309903622, 0, 0, 0, 0.434267669916, 0.592183172703, 0.0394788794219, 0.355309903622, 0, 0, 3.31622576714, 2.36873269081, 0.710619807243, 9.19857883453, 2.09238052368, 12.0015792847, 2.17133831978, 9.55388832092, 1.42123961449, 10.6198186874], "key_strength": 0.814402163029, "chords_key": "C", "chords_strength": {"dmean2": 0.01251571998, "median": 0.521377980709, "min": 0.275018006563, "dvar2": 0.000122479745187, "dvar": 0.000105693397927, "dmean": 0.0118610328063, "max": 0.766964495182, "var": 0.00898313615471, "mean": 0.523584604263}, "chords_scale": "major", "hpcp_entropy": {"dmean2": 1.14840888977, "median": 2.24526238441, "min": 0, "dvar2": 0.834863007069, "dvar": 0.309198558331, "dmean": 0.688002169132, "max": 4.24753427505, "var": 0.57617110014, "mean": 2.21114063263}}, "metadata": {"audio_properties": {"equal_loudness": 0, "codec": "mp3", "downmix": "mix", "sample_rate": 44100, "analysis_sample_rate": 44100, "bit_rate": 192043, "md5_encoded": "925e7079c8771f7c136c832789ad450c", "length": 117.551017761, "replay_gain": -3.04447937012, "lossless": false}, "version": {"essentia_build_sha": "2d9f1f26377add8aeb1075a9c2973f962c4f09fd", "essentia": "2.1-beta2", "extractor": "music 1.0", "essentia_git_sha": "v2.1_beta2-1-ge3940c0"}, "tags": {"title": ["Jambalaya"], "language": ["eng"], "acoustid_fingerprint": ["AQADm0qjSHGkJPhCI5QO8RGeCyE-SeoQHt-BPjqmw5MK7dmJXRdCSYdF7bgYC35wI62WB9oTKaheCdaOfgm-5UGk_OgX7Jhy9EqOB-GPJtIIpUdotmh2Ga-e4QvKztieGH1y5OGOH_t96DGaKckRWvvws4ihaKoMN2GMXLmESevxHGeWY3eRP_AmfQQ-HWFSEW2p4n1UXAqaPEGfo_BYpFyOUs8GPcetHlYW4uuR90P1DWG-4zyhH2EOU-eBS0cTMcdTHk-4YGfiBX2O5DrC4zuaiHkw3bgzGf_xwzy-ZAmHPo3RdMeF80H5D413_Ii-Gbp3oh8x_UeuoOfhZ4cnob0Q0srRPIqMX9CFRnnR51CUH7WWI0u2SDnqv-Bz4f3g4wmu9PgVhNeR_NjyVLisG23EVMKzHifxHdHeQ1fy4VGg5ZrRpwXzB260GA6PD9o0Goy3IN0-1BgtmWjq6Ch_XE2Fk09gS8ep4wwR5oL2Ir_xPQkmTkfD49Px_8iV6HgQZomOKpWOJ0f1IUseQd-F8Mc3CVa0_OAOPx4u5fCHJCKPfHhR0S-aZ8KPWM2h6QoHP0pFKPOL_MFNHLtTPNMyEs2FV0WevfgLXYIbP8jx48yQVgzk7ohIJTy-GhfOJujpCc1zXEoedEmUI0wshUgeHZeIP_gtTFGShEXFLcf5GMdx4tqH50hO5PBb_NExUzLSPC0erZBi8QizMQlx5cN_TMllSehZnPiPKU2Ir_AF9phCegryc0iOPkvxoBLR6WjGJAySJ8mP3HHwByWPiDd06eD_wId69DlyDxd1gXFzNHyOHsnyKFqCHPfRTGmKSUejp3gEjwvFoU3CHHm0442GawwZlD78XUgeof7wJnOJ58X9YPqFpsqCmOmGo3mSB1mOXvCO6BnhSIkOTWlOoc-DMJcS44lyFfkORamybAiv4yrB5KgkJRdOEn-Cp8ePcF7QnNBvPHeIfArlopeO5kHv40fXLLhpIbRy2NEPKT4unA1elKKNNxuDKtuyBD2aTwePH37iRTg_CreMsElCOHrReRXuE_fxNMT_oDxDIlm4LMi5ErePNw6aO0J3hXgD1zny5tAy8ggfNEe9Bw-PSKI-iB_xHP2PfXzwY-8gZtnxefiH30F36YOPHFePUtHRjvHRvBOeHbNyhLlsqF5yPDmaPSSeKPvwJBc-ZRCR58dfnIlWdFMEX0Yo4aAf6A046UcfBmkXHS_S4zmaTiQePjhP6PClI-eC48zR60j14s4W9FleXAxmKYHPHNcoHE30HX1-yIpyBeWNMC8uDzmu4xINlQgvoemi4MeDatniFBdXfBk6RbTQ_UE6ttB-5IHv4Y9m4XtQ5rgW7bg8uNLRNxMuH1eWI2l6I3iCa1eEclNH_D9ONMnxk8Mf_MgPrTKa_YgfGa-O8yi5Iwz-Q0sapujlITovNE5RK_wQgymUqYenxcSz8PD04MPPBI2GSwmDPTvCsC96_KCqHM-xG9tj_Eh2ZIq1Ck0V4dl0XMkYHX00-E9w1EmQu8GVsei3g9Gh5o3hc0F-_AFzBc3jIVd0QTMR5sPHBd2UfZgi5sgpIfmmpviO6WiY1MjFGLLzIft2NJRK1MRbnEfLI1rEtdDMC2-Kikp05A_-wmTKBKXUF0-IM9cRdkwhKkwkIXzy4Bf-48yMUdlRX2h-BRfyHQy5HcoTHW8u4eiPnHiynDjp4Anzw93xCFe34X6E8SpyJDqa8_DDDJXyLsTTgxFz_Ie_DL2MZwySI0-OOdHxe0HzpaiPCzl_vMOvYk9kqH-HdFI-3B_uC01T1GPQH35Y4eODnEj4TMdEiWnwJClx47mONDYV6D_ypMXRjD_yLDaSqFuLrw_IGWemFNNjhHmgI0_C4-EaCeVThDlxMTvkaQlVXMmJNGaOM_NRXkSvDPtQHalu9FkU4m2ONhZxCqzVIHzG4kT2RPg-MKkYF2p7Icx0PDzxoy_8Ei8u5sLOBG8U49SFvriMJ-GEdjfybnjFFpou5IsmnGKOBhMzJceZHLzRn0HTvXgyO_iGIz-0OAyHtwPDMBLYKsGFfjrCPEuM8Ud5NNKOb_C14yUZfBGuR0eynAg9xcIXKU7wI1aqo89yaFF0HTGTWviFT2hIItmPp8EjOmieH6qOOEuy_Lgk_PgxZU-D5JmOOEuC3TmafMP14FdSdNmkE99T7OPRPGgfopQRLUxkDbL3I0wnFTuPvB_u5EKzP9CeYCcPrTnCDOeD57gSHQ6z4HuIWEfynELPNCLc4YGvoHlwiUeep0mMpImSC3dgh8eVC28xPTluU-hzZE9YJKUzCRaGWlkqhHEk6PqQD56O33jTCbvyww8-SfgiimCCvPCjHIp6hJmP_sdjHCEPTUkWIodTPfhx5Sn-o92Pa0csJbB-BdXW4z_y473gcEuF5-jhOKdgi0g46wibqTh5XBfc4-2GJxKD50Tzo2SiVBOu4VPwIDkj5NlRXgvsG062K7hlTDl4XDlyHc2VoB2PS_zQLe8wJb5wZininWimoVumIg8n9IfHLEd_fElxSYnwwCd-nFexRzGh6TiuLMctHeGP_MIPlce1w-qPPOAcCqeP-5hERein4JGIL_jRH8kS8ci34UmP-8ZRWhkaxsij5NB_hPnRX0EeLiJ-NJOPylmEx8E-PcbHfNCPE6G-FNR51GkmCxV9VM5x4Tij4MyR6wPDH_9yQdcD64h3cbgOH7XR82jO4svxpviNRzxCecd_fEJo7D8a4wNMvahyIpamQ_sQ5hxOGr8AI4RwQDtFjBDCEOoQAAAgJYBBjDBEiAEKFGAAEggQoAAAEAGiDEAMEeUMA0YIRIgwFjgAiHECIkGYAEQIQQAAgAGBiFDGEACYEAQpohgISgjgFACAAESMAMAwAZBEhBAqDBCAEIEoIU4AQpwxAAgGEAEAIAYEA05LhYwhAADBjJBCKCIIAAQIIygDikggEEDAAGsYgIZZgAwQQBjjhBeIOqGIwEAqRQQiyAmAAGDOYCiAcwQQF4RSjEgAADAMCUUUAogioBgRQkIBBhHCUCEBQAIBAJQDQCAghJCIUeIAMEQQABQAhgFFCBpCGwgkQQIQIIwQEgJGJBNQACCIAEIAIRgCygDqiAEMIAYKIAYRYBBEQBigEFECACcEUBgBgoQBQAgBJFHIEIcAEMYhoAQyTBPCjCACAasEYAwA5qwSwAgqhBLAIAAIA8QACoBBQChGDDDACAAZcUIxpKgjQBFmgFFEEuAEIAAQwRAwAAACAWCKE6GYYcI4QQQQygBglKGgGGCcwKBAwgRiigsHBEWAGSiABYIRhowRyAHBjHBEGAGEYA4ZpYAgBCAihBHAIoAIUoKwB4ghChDGtBAEAcAoFIQ4DAASwiCEjDCQIIKIEAwMBQwxRAggFDBWACMEQIYAARgRBhnBAAEIESIYQcAZAohgBlEigBADCKGEYMAYKBBARgBkCQKKCAAAIYQRRQAgDDBIAJAAGgSAMEAQQJAywikggRESGUCIAABZIYkAQhDDCAAAAAQAEMAYIIARAhiEmWAIAoEQAAIRw4QABkAEIBJEGECAMgoJBYAgQAOGDCGEguWIBBAQIYwgBgjADIHEEIEYUURAwQBgABGkGBLSOAEMKshAIYAAhgAphEBCAAYIYQBIgQwQSDnBAFNCCMIAAUCAwSAwDDkEwJFAESSEEcwgQYQBBBMAgAGMEiMEEwIAIRQYRJkhkCUWGIGAAQACACgDwAjCCA"], "genre": ["Rock & Roll"], "musicbrainz_releasegroupid": ["f13b9e30-19de-4968-bd4e-c9fa967282bc"], "musicbrainz album type": ["Album", "Compilation"], "musicbrainz_recordingid": ["1ed7f698-e1b0-4b6d-8480-4a6e3075b96b"], "artistsort": ["Lewis, Jerry Lee"], "musicbrainz_albumartistid": ["b59ac58d-036e-4bba-8112-c32a34c4575b"], "musicbrainz_albumid": ["36252b9b-daff-47db-96b2-933edb3248f1"], "tracknumber": ["22"], "bpm": ["178.00"], "album": ["Living Stereo"], "catalognumber": ["HMC-201511"], "artist": ["Jerry Lee Lewis"], "label": ["HMC Records"], "acoustid_id": ["37c4eaa6-56f6-41ad-ad44-8bcb2bc2a2ea"], "musicbrainz_artistid": ["b59ac58d-036e-4bba-8112-c32a34c4575b"], "file_name": "Jerry Lee Lewis - Jambalaya.mp3"}}, "rhythm": {"bpm_histogram_first_peak_bpm": {"dmean2": 0, "median": 89, "min": 89, "dvar2": 0, "dvar": 0, "dmean": 0, "max": 89, "var": 0, "mean": 89}, "bpm": 88.4707641602, "bpm_histogram_second_peak_spread": {"dmean2": 0, "median": 0.0769230723381, "min": 0.0769230723381, "dvar2": 0, "dvar": 0, "dmean": 0, "max": 0.0769230723381, "var": 0, "mean": 0.0769230723381}, "bpm_histogram_first_peak_weight": {"dmean2": 0, "median": 0.523529410362, "min": 0.523529410362, "dvar2": 0, "dvar": 0, "dmean": 0, "max": 0.523529410362, "var": 0, "mean": 0.523529410362}, "onset_rate": 4.63582706451, "beats_position": [0.673378646374, 1.35836732388, 2.03174591064, 2.70512461662, 3.39011335373, 4.08671188354, 4.80653047562, 5.54956912994, 6.28099775314, 7.01242637634, 7.74385452271, 8.47528362274, 9.18349170685, 9.90331077576, 10.623128891, 11.3429479599, 12.051156044, 12.7709751129, 13.4907932281, 14.1990022659, 14.9188203812, 15.6270294189, 16.3236274719, 17.0434455872, 17.7516555786, 18.4598636627, 19.1680717468, 19.8646717072, 20.5728797913, 21.2694778442, 21.9660758972, 22.6626758575, 23.3708839417, 24.0790920258, 24.7873020172, 25.4722900391, 26.168888092, 26.865486145, 27.5388660431, 28.2122440338, 28.9088420868, 29.6054420471, 30.3020401001, 30.9870281219, 31.6952381134, 32.391834259, 33.0884361267, 33.7734222412, 34.4584121704, 35.1550102234, 35.8516082764, 36.5365982056, 37.2331962585, 37.9181861877, 38.6147842407, 39.2997741699, 39.9847602844, 40.6813583374, 41.3663482666, 42.0629463196, 42.7479362488, 43.4445343018, 44.129524231, 44.8145103455, 45.4995002747, 46.1844902039, 46.8578681946, 47.5544662476, 48.2394561768, 48.9128341675, 49.5978240967, 50.2712020874, 50.9445800781, 51.6179580688, 52.2913360596, 52.9763259888, 53.661315918, 54.3346939087, 55.0080718994, 55.6814498901, 56.3548278809, 57.0514259338, 57.736415863, 58.4214057922, 59.094783783, 59.7913818359, 60.4647598267, 61.1381378174, 61.8231277466, 62.5081176758, 63.1931037903, 63.8780937195, 64.563079834, 65.2480697632, 65.9214477539, 66.5948257446, 67.2798156738, 67.964805603, 68.6497955322, 69.3347854614, 70.0197753906, 70.7047576904, 71.4013595581, 72.0863494873, 72.7713394165, 73.4679336548, 74.1645355225, 74.8379135132, 75.5229034424, 76.2078933716, 76.8812713623, 77.554649353, 78.2512435913, 78.924621582, 79.5979995728, 80.282989502, 80.9679794312, 81.6413574219, 82.3147354126, 82.9881134033, 83.661491394, 84.3348770142, 84.9966430664, 85.6584091187, 86.3317871094, 87.0051651001, 87.6785507202, 88.3403167725, 89.0020828247, 89.6638565063, 90.3256225586, 90.9873886108, 91.6491622925, 92.3225402832, 92.972694397, 93.6112442017, 94.2846221924, 94.9580001831, 95.6197738647, 96.281539917, 96.9433059692, 97.5934677124, 98.2552337646, 98.9170074463, 99.5787734985, 100.240539551, 100.890701294, 101.564079285, 102.237457275, 102.910835266, 103.572608948, 104.234375, 104.907752991, 105.569519043, 106.231292725, 106.904670715, 107.578048706, 108.251426697, 108.924804688, 109.58657074, 110.248344421, 110.910110474, 111.571876526, 112.245262146, 112.907028198, 113.56879425, 114.242172241, 114.92716217, 115.600540161, 116.28553009, 116.97052002], "beats_loudness": {"dmean2": 0.0157135725021, "median": 0.0163858905435, "min": 0.000177705456736, "dvar2": 0.000202699942747, "dvar": 8.030950994e-05, "dmean": 0.00883279088885, "max": 0.0675637274981, "var": 0.000126125538372, "mean": 0.018357494846}, "danceability": 1.09877061844, "bpm_histogram_second_peak_weight": {"dmean2": 0, "median": 0.0705882385373, "min": 0.0705882385373, "dvar2": 0, "dvar": 0, "dmean": 0, "max": 0.0705882385373, "var": 0, "mean": 0.0705882385373}, "beats_count": 171, "bpm_histogram_second_peak_bpm": {"dmean2": 0, "median": 83, "min": 83, "dvar2": 0, "dvar": 0, "dmean": 0, "max": 83, "var": 0, "mean": 83}, "bpm_histogram_first_peak_spread": {"dmean2": 0, "median": 0.429487258196, "min": 0.429487258196, "dvar2": 0, "dvar": 0, "dmean": 0, "max": 0.429487258196, "var": 0, "mean": 0.429487258196}, "beats_loudness_band_ratio": {"dmean2": [0.402663111687, 0.194305643439, 0.231354758143, 0.115965299308, 0.1257250458, 0.12752738595], "median": [0.45343464613, 0.13076518476, 0.127126380801, 0.0485425852239, 0.0756393969059, 0.0767873004079], "min": [0.0100693088025, 0.00610338477418, 0.00541103631258, 0.00431266520172, 0.00690927635878, 0.000310906587401], "dvar2": [0.0702800154686, 0.0269814841449, 0.0616327188909, 0.0209806896746, 0.0199761241674, 0.0150492023677], "dvar": [0.0239720381796, 0.00986863020808, 0.0232939012349, 0.00707070203498, 0.00691788177937, 0.00551839638501], "dmean": [0.236633643508, 0.113049812615, 0.137257695198, 0.0632565170527, 0.0703047886491, 0.0713144391775], "max": [0.914207577705, 0.574521422386, 0.829594969749, 0.566021680832, 0.583910763264, 0.605948805809], "var": [0.046604834497, 0.0122951474041, 0.0259837824851, 0.00595727516338, 0.00700813066214, 0.00599025003612], "mean": [0.452712386847, 0.153890132904, 0.174846217036, 0.0720258578658, 0.0972143262625, 0.0947533398867]}}, "lowlevel": {"barkbands_spread": {"dmean2": 10.3226547241, "median": 28.8220176697, "min": 0.245904743671, "dvar2": 110.448699951, "dvar": 46.5592956543, "dmean": 6.62017583847, "max": 85.4490432739, "var": 150.269073486, "mean": 29.2960910797}, "melbands_spread": {"dmean2": 15.7224636078, "median": 28.6821670532, "min": 0.955440163612, "dvar2": 354.751068115, "dvar": 145.878311157, "dmean": 10.0125694275, "max": 180.014678955, "var": 425.364135742, "mean": 33.2741012573}, "hfc": {"dmean2": 7.49398946762, "median": 9.31022262573, "min": 2.57226098199e-08, "dvar2": 176.039474487, "dvar": 71.3503417969, "dmean": 5.23031234741, "max": 158.995346069, "var": 304.885009766, "mean": 15.0807800293}, "barkbands_kurtosis": {"dmean2": 3.06706404686, "median": 0.325239807367, "min": -1.87010705471, "dvar2": 327.087585449, "dvar": 177.301712036, "dmean": 1.9856389761, "max": 800.463134766, "var": 500.793884277, "mean": 2.30360627174}, "gfcc": {"mean": [-27.7568378448, 87.6274642944, -131.850723267, 50.380279541, -62.1852226257, 5.19451236725, -34.2102355957, 8.79840564728, -19.133436203, -4.17199754715, -10.9156417847, -1.68593966961, -13.4911365509], "icov": [[0.000503488059621, 0.000199526301003, 0.000627704313956, -0.000432528875535, 0.000442093762103, -0.00012206073734, -6.61173398839e-05, 0.000172112180735, -0.000160847106599, 0.000526109826751, 0.000160901239724, 0.000256441009697, 0.000585580826737], [0.000199526301003, 0.00346697191708, -0.000842167297378, 0.00114591105375, -0.000960749923252, 0.000728968239855, -0.000327870773617, -0.000601231877226, -0.000240098190261, 0.000886720372364, -0.00108801375609, 0.000807557546068, -0.000710002263077], [0.000627704313956, -0.000842167297378, 0.00345622655004, -0.00152439950034, 0.00114355329424, -0.000963753205724, 0.000484919728478, 0.000965407176409, -5.22347836522e-05, -0.000339910970069, 0.0015771627659, -0.00165780715179, 0.00192928523757], [-0.000432528875535, 0.00114591105375, -0.00152439950034, 0.00410394789651, -0.000973135232925, -0.000556798884645, 0.00140950770583, -0.00109372811858, 0.000155332469149, 0.000629050889984, -0.00176499132067, 0.00172989314888, -0.000983047299087], [0.000442093762103, -0.000960749923252, 0.00114355329424, -0.000973135232925, 0.00545183615759, -0.00109871954191, 0.0010539466748, 0.00151803530753, -0.00194899959024, 0.00150670052972, 0.000452749372926, -0.000440768810222, 0.000300174113363], [-0.00012206073734, 0.000728968239855, -0.000963753205724, -0.000556798884645, -0.00109871954191, 0.00817021913826, -0.00286135240458, 0.000454360473668, 0.00264596915804, -0.00408291909844, 0.00319882365875, -0.000841825909447, -0.00139718479477], [-6.61173398839e-05, -0.000327870773617, 0.000484919728478, 0.00140950770583, 0.0010539466748, -0.00286135240458, 0.00863473303616, -0.0038030736614, 0.00179829727858, 0.002020529937, -0.00274208467454, 0.00362449535169, -0.00124515907373], [0.000172112180735, -0.000601231877226, 0.000965407176409, -0.00109372811858, 0.00151803530753, 0.000454360473668, -0.0038030736614, 0.0135655915365, -0.0059192921035, 0.00349841755815, -0.000627169210929, -0.00183343421668, 0.00231422088109], [-0.000160847106599, -0.000240098190261, -5.22347836522e-05, 0.000155332469149, -0.00194899959024, 0.00264596915804, 0.00179829727858, -0.0059192921035, 0.0156195955351, -0.00809944514185, 0.00338549003936, 0.00133479619399, -0.00298403040506], [0.000526109826751, 0.000886720372364, -0.000339910970069, 0.000629050889984, 0.00150670052972, -0.00408291909844, 0.002020529937, 0.00349841755815, -0.00809944514185, 0.0193729102612, -0.00690796691924, 0.00217381794937, 8.58557032188e-05], [0.000160901239724, -0.00108801375609, 0.0015771627659, -0.00176499132067, 0.000452749372926, 0.00319882365875, -0.00274208467454, -0.000627169210929, 0.00338549003936, -0.00690796691924, 0.0179622359574, -0.00925836991519, 0.00580893596634], [0.000256441009697, 0.000807557546068, -0.00165780715179, 0.00172989314888, -0.000440768810222, -0.000841825909447, 0.00362449535169, -0.00183343421668, 0.00133479619399, 0.00217381794937, -0.00925836991519, 0.0225369352847, -0.0102921500802], [0.000585580826737, -0.000710002263077, 0.00192928523757, -0.000983047299087, 0.000300174113363, -0.00139718479477, -0.00124515907373, 0.00231422088109, -0.00298403040506, 8.58557032188e-05, 0.00580893596634, -0.0102921500802, 0.0178245324641]], "cov": [[3863.19091797, -470.355163574, -679.119934082, 238.68800354, -262.951293945, -32.4813117981, 162.462722778, 80.7531356812, -69.1673278809, -135.763778687, -22.6343669891, -191.094161987, -170.123718262], [-470.355163574, 413.043670654, 86.6230010986, -118.704795837, 65.1997451782, -40.4784431458, 8.92152404785, 14.6834344864, 17.3206310272, -7.65919160843, 15.3637123108, 20.9143428802, 20.4342250824], [-679.119934082, 86.6230010986, 547.829650879, 104.142356873, 10.1007385254, 61.2705345154, -84.2758331299, -52.4455375671, -2.13841342926, 39.149017334, -18.1401939392, 40.6010665894, 6.57255077362], [238.68800354, -118.704795837, 104.142356873, 372.113372803, 22.9148902893, 31.7267246246, -60.8111915588, -7.16435432434, -0.90216588974, 2.6502790451, 0.23362775147, -14.6971197128, -13.262556076], [-262.951293945, 65.1997451782, 10.1007385254, 22.9148902893, 251.35609436, 11.7004137039, -58.2176513672, -27.2723865509, 33.1934394836, 3.72169303894, -16.2029304504, 15.6881723404, 27.4424648285], [-32.4813117981, -40.4784431458, 61.2705345154, 31.7267246246, 11.7004137039, 180.099746704, 32.0712814331, -20.6880912781, -21.1958675385, 22.0001182556, -25.6247806549, 1.20416390896, 18.8111820221], [162.462722778, 8.92152404785, -84.2758331299, -60.8111915588, -58.2176513672, 32.0712814331, 201.015380859, 54.2654075623, -31.5149745941, -28.7714366913, 14.111287117, -27.7216110229, -14.4659061432], [80.7531356812, 14.6834344864, -52.4455375671, -7.16435432434, -27.2723865509, -20.6880912781, 54.2654075623, 112.153999329, 24.7147693634, -17.1235694885, 9.63027000427, -6.79926681519, -11.5639686584], [-69.1673278809, 17.3206310272, -2.13841342926, -0.90216588974, 33.1934394836, -21.1958675385, -31.5149745941, 24.7147693634, 107.55141449, 33.3634185791, -12.1232357025, 0.476619005203, 17.5839309692], [-135.763778687, -7.65919160843, 39.149017334, 2.6502790451, 3.72169303894, 22.0001182556, -28.7714366913, -17.1235694885, 33.3634185791, 85.9796676636, 17.7034645081, 8.47486782074, 6.23433303833], [-22.6343669891, 15.3637123108, -18.1401939392, 0.23362775147, -16.2029304504, -25.6247806549, 14.111287117, 9.63027000427, -12.1232357025, 17.7034645081, 93.4379348755, 25.4325637817, -16.5491085052], [-191.094161987, 20.9143428802, 40.6010665894, -14.6971197128, 15.6881723404, 1.20416390896, -27.7216110229, -6.79926681519, 0.476619005203, 8.47486782074, 25.4325637817, 81.9153442383, 39.7320556641], [-170.123718262, 20.4342250824, 6.57255077362, -13.262556076, 27.4424648285, 18.8111820221, -14.4659061432, -11.5639686584, 17.5839309692, 6.23433303833, -16.5491085052, 39.7320556641, 93.8146743774]]}, "spectral_energyband_middle_low": {"dmean2": 0.00347781996243, "median": 0.00385960983112, "min": 5.23111319073e-14, "dvar2": 2.43236390816e-05, "dvar": 1.27822586364e-05, "dmean": 0.00245839264244, "max": 0.0645477250218, "var": 5.34468053957e-05, "mean": 0.00606561312452}, "melbands_crest": {"dmean2": 5.3369307518, "median": 12.2547225952, "min": 3.45094513893, "dvar2": 20.0348682404, "dvar": 8.1492395401, "dmean": 3.33694291115, "max": 39.0601997375, "var": 28.5960540771, "mean": 13.3682394028}, "spectral_kurtosis": {"dmean2": 2.07671284676, "median": 2.73040819168, "min": -1.16225111485, "dvar2": 4.65275001526, "dvar": 1.59119808674, "dmean": 1.20605957508, "max": 33.7288093567, "var": 5.91940259933, "mean": 3.30403423309}, "spectral_rms": {"dmean2": 0.000736006652005, "median": 0.0031636080239, "min": 4.69909231526e-08, "dvar2": 4.69732754027e-07, "dvar": 2.51056690104e-07, "dmean": 0.000533844751772, "max": 0.0088129658252, "var": 1.88183400951e-06, "mean": 0.00333997001871}, "zerocrossingrate": {"dmean2": 0.0107509652153, "median": 0.0693359375, "min": 0, "dvar2": 0.000127310209791, "dvar": 0.000103719241451, "dmean": 0.00896342843771, "max": 0.49951171875, "var": 0.000655293697491, "mean": 0.0705089122057}, "silence_rate_60dB": {"dmean2": 0.0924535766244, "median": 0, "min": 0, "dvar2": 0.0969417244196, "dvar": 0.0440816693008, "dmean": 0.0462176576257, "max": 1, "var": 0.0857934132218, "mean": 0.0947867333889}, "erbbands_kurtosis": {"dmean2": 1.31939828396, "median": -0.611077189445, "min": -1.80138289928, "dvar2": 4.17730808258, "dvar": 1.94051885605, "dmean": 0.838289797306, "max": 50.1258506775, "var": 5.24594306946, "mean": 0.0176253002137}, "erbbands": {"dmean2": [0.0126039190218, 0.262964397669, 1.55341851711, 2.57781910896, 3.35984063148, 2.73383879662, 3.30490517616, 6.4543967247, 11.3535308838, 15.0076684952, 14.2956590652, 18.6910324097, 26.2042942047, 10.2106666565, 14.7901382446, 14.1022291183, 11.2646579742, 14.2376146317, 11.2195854187, 13.27663517, 14.7208442688, 17.6376075745, 21.2838497162, 26.6079216003, 32.702922821, 18.1824092865, 9.61268520355, 5.20765638351, 4.29970932007, 4.22734355927, 2.4377117157, 1.1226195097, 0.450864881277, 0.10883231461, 0.0262184031308, 0.0109658678994, 0.003703761613, 0.000879936967976, 0.00037024874473, 2.44034399657e-05], "median": [0.00954540446401, 0.17412379384, 0.678962230682, 1.22302508354, 1.39016389847, 1.43334972858, 2.25501823425, 3.83263540268, 5.37836027145, 3.98927354813, 3.8705406189, 4.13589191437, 4.51025056839, 3.57349252701, 3.9969534874, 4.15135574341, 3.40698766708, 3.91974687576, 4.05967092514, 7.73336601257, 9.4280500412, 10.3893613815, 12.0103206635, 9.43778419495, 11.0771093369, 5.62374401093, 4.2353053093, 2.23317122459, 1.91976630688, 1.50042200089, 1.05287826061, 0.666836261749, 0.359633773565, 0.0923898369074, 0.0216876454651, 0.00878131389618, 0.00262003601529, 0.000423618475907, 2.2909254767e-05, 1.52714601427e-05], "min": [1.41287643477e-12, 4.39346779443e-12, 1.08147900357e-11, 2.8427326465e-11, 5.33452622353e-11, 7.46814485253e-11, 6.37761371491e-11, 3.03440016169e-11, 5.73014309613e-11, 9.70191010863e-11, 3.30242118374e-11, 8.98425361884e-11, 5.88933013468e-10, 1.35231015275e-09, 5.34224331439e-10, 1.99350744245e-10, 5.34869037949e-10, 2.29151517206e-10, 9.5797292321e-10, 1.57381441213e-09, 2.47615039584e-09, 7.45693229387e-10, 1.25009891327e-09, 2.34768404717e-09, 1.83373882745e-09, 2.36100872186e-09, 4.72183403488e-09, 2.20689022612e-09, 1.81975168267e-09, 5.15666132017e-09, 2.95630209202e-09, 3.57743523693e-09, 4.59598714642e-09, 2.43915776466e-09, 1.42699263517e-09, 1.57624302499e-09, 7.65433383343e-10, 2.821357592e-10, 6.69566832534e-11, 7.1124751054e-12], "dvar2": [0.000348934554495, 0.140774518251, 6.47861671448, 15.353096962, 30.9544887543, 21.7770671844, 22.0043144226, 176.7681427, 694.518676758, 2066.56152344, 2272.29296875, 4730.48779297, 8674.9375, 908.357177734, 1754.1932373, 1807.53649902, 1118.65307617, 1998.1072998, 1397.82922363, 1379.56311035, 1433.00549316, 1487.07824707, 2534.13232422, 8837.29785156, 11335.7441406, 2300.3515625, 705.959106445, 198.766265869, 142.684570313, 139.811477661, 45.1599464417, 7.87438440323, 1.04294800758, 0.0498465262353, 0.00352447805926, 0.000478927686345, 4.5301818318e-05, 2.52154018199e-06, 1.36418532293e-06, 4.28677537911e-09], "dvar": [0.000145167476148, 0.0571761913598, 2.72022843361, 6.33509206772, 12.2414016724, 9.090716362, 9.31164550781, 78.2388000488, 358.000061035, 1193.72167969, 1279.91625977, 2450.26953125, 4876.43164063, 575.234680176, 840.132995605, 882.356384277, 549.023681641, 869.723266602, 574.475891113, 563.932922363, 646.271972656, 610.161132813, 993.570495605, 3442.44750977, 4388.15283203, 841.729919434, 248.642852783, 72.0316314697, 51.5880813599, 50.3198280334, 16.2456588745, 2.97219562531, 0.411323338747, 0.0197137575597, 0.00132892234251, 0.000186801757081, 1.87420155271e-05, 1.08259143872e-06, 4.87442036956e-07, 1.52192536351e-09], "dmean": [0.00798600539565, 0.161708727479, 0.955947995186, 1.59462559223, 2.06766676903, 1.74393618107, 2.13487553596, 4.26942396164, 7.66914319992, 10.5320358276, 10.1765890121, 13.4862604141, 18.586359024, 7.4736161232, 9.90346908569, 9.70052242279, 7.65989017487, 9.33043861389, 7.38136291504, 8.5844707489, 9.37875938416, 11.3713197708, 13.7383155823, 17.7355060577, 21.3473739624, 11.3466701508, 5.60652399063, 3.07477402687, 2.56007289886, 2.46564912796, 1.41959500313, 0.692200779915, 0.287895172834, 0.0697199255228, 0.0167343113571, 0.00722611695528, 0.00249709561467, 0.000586820533499, 0.000204629119253, 1.42798344314e-05], "max": [0.187064632773, 3.13706445694, 39.0872116089, 35.2644386292, 72.4424819946, 55.6702384949, 55.117275238, 346.040802002, 862.52911377, 1337.16430664, 1054.11645508, 2010.32019043, 2303.09155273, 717.688903809, 945.868896484, 1003.20617676, 640.220092773, 940.15222168, 543.597351074, 661.374511719, 1039.45275879, 959.840820313, 976.290405273, 1817.63757324, 1725.79418945, 640.156494141, 250.055511475, 136.401473999, 155.376968384, 101.181724548, 54.4785423279, 34.6001319885, 14.9933567047, 3.21893358231, 0.810070931911, 0.195463076234, 0.0627185031772, 0.0186186246574, 0.0124916657805, 0.000890147290193], "var": [0.000324439897668, 0.107657425106, 7.25168609619, 10.7201318741, 16.0806179047, 19.9077358246, 23.6224040985, 201.325378418, 1033.55090332, 4286.07910156, 3462.42651367, 5874.43505859, 23924.9394531, 2162.98095703, 1799.73181152, 2087.70092773, 1013.81054688, 1507.12451172, 1029.1262207, 1303.09570313, 1468.31396484, 1351.73547363, 2195.19628906, 6430.29248047, 14397.03125, 1834.73376465, 257.589569092, 67.1618652344, 43.6871185303, 43.1755638123, 14.2037591934, 3.16506934166, 0.525472998619, 0.0248050503433, 0.00139571866021, 0.000225943076657, 2.54235437751e-05, 1.41419957345e-06, 2.98124660958e-07, 1.14199560919e-09], "mean": [0.0156994014978, 0.281683117151, 1.59849047661, 2.34964323044, 2.82011437416, 2.84654951096, 3.85202002525, 7.62661457062, 13.4757833481, 18.1534786224, 17.4588775635, 22.0352878571, 37.6774520874, 14.2761392593, 15.345621109, 15.2159576416, 11.833240509, 14.1749191284, 11.8835639954, 16.762834549, 18.5475006104, 21.2338619232, 26.174861908, 30.6878051758, 41.5129776001, 20.1032466888, 8.76909732819, 4.48249197006, 3.73955512047, 3.36267256737, 2.03116369247, 1.09219110012, 0.527914047241, 0.132174432278, 0.0309271272272, 0.0131971985102, 0.00430375803262, 0.000846639915835, 0.000145191850606, 2.36156975006e-05]}, "spectral_strongpeak": {"dmean2": 1.03130340576, "median": 0.346408605576, "min": 0, "dvar2": 4.40516710281, "dvar": 1.76895391941, "dmean": 0.631918489933, "max": 21.6416282654, "var": 3.60545420647, "mean": 1.08263635635}, "spectral_energy": {"dmean2": 0.00564890168607, "median": 0.0102586261928, "min": 2.26335031446e-12, "dvar2": 4.18042982346e-05, "dvar": 2.15420750465e-05, "dmean": 0.00401004264131, "max": 0.0796100795269, "var": 0.000119665870443, "mean": 0.013363131322}, "average_loudness": 0.784200251102, "spectral_rolloff": {"dmean2": 1004.70446777, "median": 1981.0546875, "min": 21.533203125, "dvar2": 1690836.25, "dvar": 759502.625, "dmean": 600.950317383, "max": 19121.484375, "var": 1574568.5, "mean": 1971.68798828}, "spectral_centroid": {"dmean2": 491.985290527, "median": 1835.34912109, "min": 312.631744385, "dvar2": 279355.28125, "dvar": 126775.773438, "dmean": 317.199401855, "max": 11195.4404297, "var": 448097.875, "mean": 1852.20275879}, "pitch_salience": {"dmean2": 0.109181948006, "median": 0.575697422028, "min": 0.0304393414408, "dvar2": 0.00819663051516, "dvar": 0.00331578822806, "dmean": 0.0687832906842, "max": 0.895868480206, "var": 0.0113193290308, "mean": 0.567055404186}, "spectral_energyband_middle_high": {"dmean2": 0.00214401585981, "median": 0.00224045896903, "min": 2.52052827394e-13, "dvar2": 1.38480436362e-05, "dvar": 6.7051928454e-06, "dmean": 0.00154987093993, "max": 0.0481234639883, "var": 3.46769229509e-05, "mean": 0.00429966021329}, "spectral_contrast_coeffs": {"dmean2": [0.0826117172837, 0.0776146501303, 0.0601363219321, 0.0490908548236, 0.0396931283176, 0.0280148535967], "median": [-0.660660266876, -0.723983645439, -0.779316544533, -0.769285798073, -0.765889823437, -0.742785334587], "min": [-0.950710058212, -0.967526376247, -0.957970380783, -0.975190639496, -0.973954260349, -0.964082062244], "dvar2": [0.00420168880373, 0.00369673338719, 0.00234346091747, 0.00147389131598, 0.00102875835728, 0.000698748161085], "dvar": [0.00152939767577, 0.00158475746866, 0.00103681324981, 0.000628873123787, 0.000459917355329, 0.000283275119727], "dmean": [0.0502132624388, 0.0496427081525, 0.0394746474922, 0.0312359463423, 0.02595923841, 0.0172294788063], "max": [-0.418454885483, -0.364628612995, -0.435673981905, -0.559367418289, -0.529542982578, -0.596856892109], "var": [0.00405531935394, 0.0059584742412, 0.00602614786476, 0.00298200850375, 0.00274332379922, 0.00122214679141], "mean": [-0.65853780508, -0.715564191341, -0.762674570084, -0.76479357481, -0.756966769695, -0.740733444691]}, "melbands_skewness": {"dmean2": 0.978938341141, "median": 2.14436006546, "min": -1.12333726883, "dvar2": 0.921069920063, "dvar": 0.416826844215, "dmean": 0.643008172512, "max": 13.6964216232, "var": 1.89951121807, "mean": 2.33018350601}, "spectral_spread": {"dmean2": 498304.59375, "median": 4008742.5, "min": 1878967.125, "dvar2": 439146086400, "dvar": 358638452736, "dmean": 341262.75, "max": 39742080, "var": 992995442688, "mean": 4038410}, "dissonance": {"dmean2": 0.0230849087238, "median": 0.47637668252, "min": 0.29945743084, "dvar2": 0.000513936509378, "dvar": 0.000197196262889, "dmean": 0.0140017913654, "max": 0.499993681908, "var": 0.000519320135936, "mean": 0.470465391874}, "spectral_skewness": {"dmean2": 0.306283205748, "median": 1.08640706539, "min": -0.0501542873681, "dvar2": 0.0820974856615, "dvar": 0.0303358826786, "dmean": 0.184442415833, "max": 4.12580776215, "var": 0.133425787091, "mean": 1.12413871288}, "spectral_flux": {"dmean2": 0.0238153170794, "median": 0.0558790490031, "min": 1.14419581223e-05, "dvar2": 0.000543453032151, "dvar": 0.000230271005421, "dmean": 0.0152944708243, "max": 0.213730230927, "var": 0.000877242826391, "mean": 0.0598485022783}, "spectral_contrast_valleys": {"dmean2": [0.655481278896, 0.601373553276, 0.514024853706, 0.454514116049, 0.385249435902, 0.335698366165], "median": [-7.60964727402, -7.11112260818, -7.71551895142, -8.04608154297, -7.48273086548, -10.3184194565], "min": [-27.3424777985, -27.2182712555, -27.376531601, -27.3366775513, -27.3206195831, -27.0804214478], "dvar2": [0.317635476589, 0.295933157206, 0.219675987959, 0.205599054694, 0.216536313295, 0.187073245645], "dvar": [0.167313426733, 0.172649592161, 0.143364518881, 0.137835085392, 0.135752797127, 0.110647141933], "dmean": [0.406883180141, 0.388383626938, 0.339806079865, 0.307056844234, 0.274115175009, 0.247039422393], "max": [-6.01611089706, -5.00599908829, -5.99953794479, -6.43892860413, -5.69283008575, -8.32803535461], "var": [0.515222132206, 0.570437550545, 0.504472076893, 0.500379443169, 0.690476238728, 0.565504670143], "mean": [-7.68602180481, -7.17606449127, -7.75238609314, -8.0981836319, -7.58417797089, -10.4197120667]}, "erbbands_flatness_db": {"dmean2": 0.0221936348826, "median": 0.151510566473, "min": 0.0704963356256, "dvar2": 0.000386954896385, "dvar": 0.00020972067432, "dmean": 0.0156209645793, "max": 0.33052521944, "var": 0.0016720056301, "mean": 0.159991115332}, "spectral_energyband_high": {"dmean2": 0.000532615522388, "median": 0.000279371393844, "min": 1.61500587209e-12, "dvar2": 2.08484675568e-06, "dvar": 7.44106898765e-07, "dmean": 0.000317815836752, "max": 0.0125393169001, "var": 6.96799361322e-07, "mean": 0.000531152240001}, "spectral_entropy": {"dmean2": 0.194582626224, "median": 7.65294265747, "min": 6.01108932495, "dvar2": 0.0329952426255, "dvar": 0.0167121104896, "dmean": 0.137128591537, "max": 9.80985164642, "var": 0.09513220191, "mean": 7.60945749283}, "silence_rate_20dB": {"dmean2": 0, "median": 1, "min": 1, "dvar2": 0, "dvar": 0, "dmean": 0, "max": 1, "var": 0, "mean": 1}, "melbands_flatness_db": {"dmean2": 0.0356134437025, "median": 0.157287895679, "min": 0.0238833148032, "dvar2": 0.00106832245365, "dvar": 0.000473423104268, "dmean": 0.0234360340983, "max": 0.478646457195, "var": 0.00242533604614, "mean": 0.164185270667}, "barkbands": {"dmean2": [7.34025161364e-05, 0.000912129878998, 0.00161030748859, 0.00104273192119, 0.000838631473016, 0.000719828472938, 0.000835570623167, 0.000708921346813, 0.000930398586206, 0.000632029667031, 0.000371675065253, 0.0003455595579, 0.000255448598182, 0.000266476970864, 0.000268782256171, 0.000242043868639, 0.000409246247727, 0.000378350814572, 0.000631365401205, 0.000462483236333, 0.00017057317018, 0.00012885016622, 9.2914342531e-05, 3.59456134902e-05, 6.02348609391e-06, 2.04451453101e-06, 1.72546288013e-06], "median": [0.00024411494087, 0.000613582087681, 0.00060208159266, 0.000364577863365, 0.000527006399352, 0.000465120363515, 0.000304966233671, 0.000148189166794, 0.000151259067934, 0.000123020232422, 7.72658968344e-05, 8.44972673804e-05, 5.9968464484e-05, 6.23068626737e-05, 0.000106442945253, 0.00014064089919, 0.00020618585404, 0.000161977863172, 0.000239017681452, 0.000112176727271, 7.55945802666e-05, 5.37093437742e-05, 3.92166475649e-05, 2.57275132753e-05, 4.87994657306e-06, 1.59815340339e-06, 1.08051928294e-07], "min": [3.96047872774e-14, 2.81144939686e-14, 1.04833905161e-14, 1.15004136585e-14, 2.11829014887e-14, 4.66240307267e-15, 5.93431579308e-15, 1.83172738316e-15, 2.77911509994e-15, 3.80269343033e-14, 1.91074454571e-14, 4.03413163064e-15, 1.12055885946e-14, 4.565438129e-15, 2.68953933289e-14, 4.44487518623e-14, 1.23732675581e-14, 2.70872886431e-14, 4.54869770864e-14, 5.3663121852e-14, 8.72901536751e-14, 7.70411295523e-14, 1.33997169914e-13, 2.35145263721e-13, 2.0630928064e-13, 4.15324973848e-13, 4.65788648971e-13], "dvar2": [4.41604708357e-09, 1.67628297731e-06, 7.17982129572e-06, 2.95954578178e-06, 1.37797007937e-06, 1.88037745374e-06, 4.09440235671e-06, 4.73933323519e-06, 9.7244292192e-06, 4.98910276292e-06, 1.10378516638e-06, 1.2692812561e-06, 6.66003018068e-07, 7.12508438028e-07, 6.22003199169e-07, 3.11310600409e-07, 1.19230685414e-06, 8.07212813925e-07, 3.8221091927e-06, 2.16831699618e-06, 2.14656381559e-07, 1.266095353e-07, 6.11193655686e-08, 7.0592327539e-09, 1.59144308842e-10, 1.51165330253e-11, 2.57169164436e-11], "dvar": [1.7548144049e-09, 6.76163097069e-07, 2.95856148114e-06, 1.23729762436e-06, 5.78978188059e-07, 8.68223196449e-07, 2.17016986426e-06, 2.6596508178e-06, 5.19110972164e-06, 2.9036957585e-06, 5.98324561452e-07, 6.30632598586e-07, 3.29182086034e-07, 3.04961588427e-07, 2.73333938594e-07, 1.23860147028e-07, 5.22654318047e-07, 3.19106220559e-07, 1.55665020429e-06, 7.80810410106e-07, 7.66650387618e-08, 4.57191760006e-08, 2.21636540232e-08, 2.78874612292e-09, 6.17523185364e-11, 6.09588768352e-12, 9.25419116338e-12], "dmean": [4.57263959106e-05, 0.000559740059543, 0.000983192818239, 0.000650869682431, 0.000533785438165, 0.00048157304991, 0.000569170573726, 0.000498787558172, 0.000668224587571, 0.000443762197392, 0.000256823346717, 0.00023556558881, 0.000169178572833, 0.000173357577296, 0.000172787593328, 0.000149777464685, 0.000261976761976, 0.000245691422606, 0.00041787646478, 0.000284221023321, 9.97524984996e-05, 7.62208146625e-05, 5.47422750969e-05, 2.27807649935e-05, 3.82803500543e-06, 1.37870870276e-06, 9.73335431809e-07], "max": [0.000633664487395, 0.0107265906408, 0.0401485525072, 0.0175749659538, 0.0121937505901, 0.0367977395654, 0.0460645481944, 0.0393765158951, 0.0634850412607, 0.0556762889028, 0.0198330637068, 0.0235996451229, 0.01564623788, 0.0171197224408, 0.0114623019472, 0.0100847929716, 0.03