{"tonal": {"thpcp": [1, 0.507198274136, 0.13486456871, 0.165979415178, 0.146485701203, 0.357997655869, 0.640133738518, 0.39549395442, 0.152344241738, 0.179646804929, 0.139828547835, 0.49014377594, 0.885015666485, 0.517042398453, 0.217239245772, 0.319644361734, 0.206213742495, 0.194946572185, 0.348189026117, 0.251563996077, 0.384537607431, 0.720694959164, 0.462408214808, 0.183670505881, 0.245289579034, 0.163721963763, 0.31823733449, 0.612550497055, 0.379489123821, 0.0946121439338, 0.0804788544774, 0.0633050650358, 0.312949538231, 0.602088272572, 0.512414872646, 0.745812177658], "hpcp": {"dmean2": [0.161283031106, 0.135937094688, 0.0868958681822, 0.0807876437902, 0.0696612745523, 0.0700861737132, 0.095144636929, 0.0855269730091, 0.112743601203, 0.149144485593, 0.119084604084, 0.0640895813704, 0.0615074336529, 0.0548452921212, 0.0903628021479, 0.122596554458, 0.0977555289865, 0.0417618043721, 0.0337341167033, 0.0356067381799, 0.0917163938284, 0.134721934795, 0.168157726526, 0.242923900485, 0.194039389491, 0.128930449486, 0.0548883304, 0.0490276701748, 0.0536881238222, 0.103229939938, 0.143375098705, 0.117239266634, 0.0668707564473, 0.0673043504357, 0.0723528116941, 0.127368867397], "median": [0.138752788305, 0.0860643610358, 0.012706303969, 0.00303683429956, 0.00352156395093, 0.0130020910874, 0.0131294727325, 0.0181478112936, 0.0558100789785, 0.0926232933998, 0.0542519837618, 0.0160105507821, 0.00385556765832, 0.00574496900663, 0.0324828326702, 0.0546437725425, 0.0362215936184, 0.00698760617524, 0.00212184363045, 0.00268232263625, 0.028374440968, 0.0568008497357, 0.0958826094866, 0.151734620333, 0.191207394004, 0.0529494471848, 0.0128073655069, 0.00306291575544, 0.00602627405897, 0.0366665422916, 0.0648560374975, 0.0424833893776, 0.00865350104868, 0.003301020246, 0.00718161184341, 0.0702851563692], "min": [0, 0, 0, 0, 0, 0, 0, 0, 0, 0, 1.82061978649e-06, 0, 0, 0, 0, 0, 0, 0, 0, 0, 0, 0, 2.02176870516e-05, 5.02564944327e-06, 3.2214136354e-06, 1.84497787359e-06, 0, 0, 0, 0, 0, 0, 0, 0, 0, 0], "dvar2": [0.0578800775111, 0.0415792576969, 0.03417339921, 0.0388694107533, 0.0276622194797, 0.0194025412202, 0.0376216582954, 0.0287953391671, 0.0342305898666, 0.0553268678486, 0.0351237952709, 0.0165068265051, 0.0219957437366, 0.0157256387174, 0.0243525058031, 0.0428828336298, 0.027658380568, 0.010232726112, 0.0131076946855, 0.00922796409577, 0.0256723482162, 0.047525793314, 0.0441941618919, 0.110327832401, 0.0676309987903, 0.0388632416725, 0.0115234265104, 0.0198617689312, 0.0182838477194, 0.0304153319448, 0.0547405742109, 0.0394829623401, 0.0280839651823, 0.0335999764502, 0.0296100452542, 0.0421582199633], "dvar": [0.0256298594177, 0.0161212682724, 0.0124597391114, 0.0159992687404, 0.0106188757345, 0.00738552538678, 0.0155112929642, 0.0110138719901, 0.0130651909858, 0.0235707834363, 0.0141112776473, 0.00620529009029, 0.0096294619143, 0.00629024486989, 0.00991748087108, 0.019443506375, 0.0111847054213, 0.00390641111881, 0.00517804175615, 0.00333793344907, 0.0104800537229, 0.0214622858912, 0.0173969883472, 0.0400078780949, 0.0295122284442, 0.015804797411, 0.00442087836564, 0.00799680035561, 0.00711387954652, 0.0121167218313, 0.0230009127408, 0.0152233745903, 0.010071856901, 0.0127867711708, 0.0106755411252, 0.0161014627665], "dmean": [0.101147502661, 0.0845810994506, 0.0515385940671, 0.0494557060301, 0.0420186854899, 0.0420404113829, 0.05844919011, 0.0518406331539, 0.0687863603234, 0.0929077118635, 0.0744582489133, 0.038917068392, 0.038781594485, 0.0332687944174, 0.0563742443919, 0.0783229395747, 0.0610447786748, 0.0248703621328, 0.0203143339604, 0.0205269120634, 0.0579532720149, 0.0850746929646, 0.101397804916, 0.143365994096, 0.118573442101, 0.0811636447906, 0.033089928329, 0.0301515497267, 0.0320472046733, 0.0638730749488, 0.0895356461406, 0.0721953138709, 0.03910722211, 0.0388315729797, 0.0413214825094, 0.0791115015745], "max": [1, 1, 1, 1, 1, 1, 1, 1, 1, 1, 1, 1, 1, 1, 1, 1, 1, 1, 1, 1, 1, 1, 1, 1, 1, 1, 1, 1, 1, 1, 1, 1, 1, 1, 1, 1], "var": [0.139104217291, 0.0514901131392, 0.0245043449104, 0.0678516626358, 0.0297873392701, 0.017802324146, 0.0621372722089, 0.0294002480805, 0.0358472242951, 0.115355633199, 0.0563029758632, 0.0159096438438, 0.0470339879394, 0.0200269334018, 0.0306006837636, 0.104473330081, 0.0434559769928, 0.00692369230092, 0.0102805327624, 0.00416604382917, 0.0322375632823, 0.10101596266, 0.0458784401417, 0.0868918150663, 0.145398959517, 0.0602496229112, 0.00959589798003, 0.0308123584837, 0.0205228924751, 0.0387644991279, 0.10483495146, 0.0438805483282, 0.0178055036813, 0.0344617217779, 0.0154013996944, 0.0498332828283], "mean": [0.323123514652, 0.188774690032, 0.0793151035905, 0.11670371145, 0.0752896368504, 0.0711759403348, 0.127125501633, 0.0918472334743, 0.140396550298, 0.263129234314, 0.168827489018, 0.0670589953661, 0.0895564183593, 0.0597756840289, 0.116189993918, 0.223645165563, 0.138553321362, 0.0345433540642, 0.0293832197785, 0.0231129862368, 0.114259399474, 0.219825342298, 0.187085151672, 0.272299647331, 0.365104854107, 0.185180544853, 0.0492397099733, 0.0605998896062, 0.0534826405346, 0.130706682801, 0.233715936542, 0.14439676702, 0.0556216202676, 0.0655899196863, 0.05105208233, 0.178953871131]}, "tuning_equal_tempered_deviation": 0.0150418533012, "chords_changes_rate": 0.0365028828382, "key_key": "F", "tuning_diatonic_strength": 0.554873406887, "key_scale": "major", "chords_number_rate": 0.00149194349069, "tuning_frequency": 441.527557373, "tuning_nontempered_energy_ratio": 0.637687087059, "chords_histogram": [22.9659843445, 7.5591802597, 12.2339363098, 3.87905311584, 6.89277887344, 2.09866714478, 2.86453151703, 0.368012726307, 6.04734420776, 1.79033219814, 1.60135269165, 0.119355477393, 0.666401445866, 0, 0.0895166099072, 2.13845229149, 0.775810599327, 3.04356479645, 0.248657256365, 0.2784961164, 0.49731451273, 4.08792543411, 7.69842863083, 12.0549039841], "key_strength": 0.805265724659, "chords_key": "F", "chords_strength": {"dmean2": 0.00504085281864, "median": 0.538185060024, "min": 0.176632359624, "dvar2": 2.46829713433e-05, "dvar": 3.95883907913e-05, "dmean": 0.00732351839542, "max": 0.869520843029, "var": 0.0128726223484, "mean": 0.532453596592}, "chords_scale": "major", "hpcp_entropy": {"dmean2": 0.791479110718, "median": 1.68977618217, "min": 0.0387866199017, "dvar2": 0.488661825657, "dvar": 0.182678878307, "dmean": 0.474309504032, "max": 4.25253772736, "var": 0.443223327398, "mean": 1.67109930515}}, "metadata": {"audio_properties": {"equal_loudness": 0, "codec": "flac", "downmix": "mix", "sample_rate": 44100, "analysis_sample_rate": 44100, "bit_rate": 0, "md5_encoded": "f98e8c208ba12ff76806c932a22f8353", "length": 466.839996338, "replay_gain": 4.36951637268, "lossless": true}, "version": {"essentia_build_sha": "70f2e5ece6736b2c40cc944ad0e695b16b925413", "essentia": "2.1-beta2", "extractor": "music 1.0", "essentia_git_sha": "v2.1_beta2"}, "tags": {"title": ["Symphony no. 1: II. Adagio molto (sostenuto)"], "barcode": ["095115905326"], "media": ["CD"], "albumartist": ["Charles Ives, Samuel Barber; Detroit Symphony Orchestra, Neeme J\u00e4rvi"], "tracktotal": ["7"], "musicbrainz_releasegroupid": ["de84c73d-b4f4-4917-a372-f3ed5899dd2a"], "releasetype": ["album"], "musicbrainz_recordingid": ["1ed7e9d0-ea2d-4fca-a502-f6ded25f5dfa"], "musicbrainz_discid": ["0LEtnV1jq4YHUS6xRd1lQvsQf6A-"], "originalyear": ["1992"], "musicbrainz_releasetrackid": ["e097767c-66d0-3952-9584-18b27c49d9ee"], "discnumber": ["1"], "album": ["Ives: Symphony no. 1 / Barber: Three Essays for Orchestra"], "catalognumber": ["CHAN 9053"], "releasecountry": ["GB"], "musicbrainz_albumartistid": ["eb87b85e-857d-4c11-8aa9-4c55f3b54880", "74ed34ce-ee95-44e9-a87d-4d2d5056c24a", "5e7ec05a-3473-4bd0-967a-8546525555cc", "8a1d9496-603f-40b1-a38d-2e8985834940"], "albumartistsort": ["Ives, Charles, Barber, Samuel; Detroit Symphony Orchestra, J\u00e4rvi, Neeme"], "date": ["1992"], "file_name": "02 Symphony no. 1: II. Adagio molto (sostenuto).flac", "disctotal": ["1"], "musicbrainz_artistid": ["eb87b85e-857d-4c11-8aa9-4c55f3b54880"], "originaldate": ["1992"], "musicbrainz_albumid": ["75a6720b-d5e1-4247-9f64-bd4f88ff0195"], "tracknumber": ["2"], "artistsort": ["Ives, Charles"], "artist": ["Charles Ives"], "label": ["Chandos"], "releasestatus": ["official"], "totaldiscs": ["1"], "script": ["Latn"], "totaltracks": ["7"]}}, "rhythm": {"bpm_histogram_first_peak_bpm": {"dmean2": 0, "median": 148, "min": 148, "dvar2": 0, "dvar": 0, "dmean": 0, "max": 148, "var": 0, "mean": 148}, "bpm": 147.416854858, "bpm_histogram_second_peak_spread": {"dmean2": 0, "median": 0.272727310658, "min": 0.272727310658, "dvar2": 0, "dvar": 0, "dmean": 0, "max": 0.272727310658, "var": 0, "mean": 0.272727310658}, "bpm_histogram_first_peak_weight": {"dmean2": 0, "median": 0.0611353702843, "min": 0.0611353702843, "dvar2": 0, "dvar": 0, "dmean": 0, "max": 0.0611353702843, "var": 0, "mean": 0.0611353702843}, "onset_rate": 0.796812057495, "beats_position": [0.650158703327, 1.3235373497, 1.98530614376, 2.65868473053, 3.35528349876, 4.04027223587, 4.73687076569, 5.44507932663, 6.14167785645, 6.82666635513, 7.61614513397, 8.40562343597, 9.19510173798, 9.99619007111, 10.7972784042, 11.5983667374, 12.3994560242, 13.2005443573, 13.9435825348, 14.6866207123, 15.4180498123, 16.1610889435, 16.8925170898, 17.6239452362, 18.2857131958, 18.9474830627, 19.5976409912, 20.2594108582, 20.9211788177, 21.5829467773, 22.2447166443, 22.8832645416, 23.5218143463, 24.1487522125, 24.7756919861, 25.2633094788, 25.7509288788, 26.2269382477, 26.7145576477, 27.1673469543, 27.6317462921, 28.0845336914, 28.537322998, 28.9901123047, 29.4545116425, 29.9189109802, 30.383310318, 30.8360996246, 31.2888889313, 31.7416782379, 32.1828575134, 32.6240348816, 33.0652160645, 33.5180053711, 33.9591827393, 34.4003639221, 34.8299331665, 35.2594985962, 35.6890678406, 36.118637085, 36.5482063293, 36.9893875122, 37.4189567566, 37.848526001, 38.2780952454, 38.7541046143, 39.2417221069, 39.7293434143, 40.2401809692, 40.7510185242, 41.2618598938, 41.7726974487, 42.2835350037, 42.7943763733, 43.3516540527, 43.9089317322, 44.4778213501, 45.0234909058, 45.5575485229, 46.0916099548, 46.625667572, 47.1481170654, 47.6705665588, 48.1930160522, 48.7154655457, 49.2611312866, 49.7951927185, 50.3408622742, 50.9561882019, 51.5715179443, 52.1752357483, 52.7789573669, 53.3826751709, 53.9980049133, 54.6133308411, 55.1590003967, 55.7046699524, 56.2387275696, 56.7843971252, 57.3300666809, 57.8757362366, 58.4214057922, 58.9670753479, 59.5359611511, 60.0932426453, 60.6505203247, 61.2310180664, 61.8115196228, 62.438457489, 63.0770072937, 63.7155532837, 64.3657150269, 65.0158691406, 65.7356872559, 66.4555053711, 67.1753311157, 67.895149231, 68.6149673462, 69.3347854614, 70.0546035767, 70.7744216919, 71.5058517456, 72.2372741699, 72.91065979, 73.5724258423, 74.2341918945, 74.8727416992, 75.5112915039, 76.1962814331, 76.8812713623, 77.5778656006, 78.2628555298, 78.9594573975, 79.6560516357, 80.2713851929, 80.8867111206, 81.5020370483, 82.1173706055, 82.7326965332, 83.4060745239, 84.0794525146, 84.7644424438, 85.449432373, 86.1460266113, 86.8310165405, 87.5160064697, 88.1893844604, 88.8627624512, 89.5361404419, 90.2095184326, 90.8596801758, 91.5098419189, 92.1483917236, 92.7985458374, 93.4487075806, 94.0988616943, 94.737411499, 95.3875732422, 96.037727356, 96.6995010376, 97.3728790283, 98.046257019, 98.6267547607, 99.2072525024, 99.7877502441, 100.368255615, 100.948753357, 101.610519409, 102.272285461, 102.934059143, 103.595825195, 104.257591248, 104.919364929, 105.59274292, 106.266120911, 106.939498901, 107.601264954, 108.263038635, 108.994468689, 109.725891113, 110.457321167, 111.188751221, 111.896957397, 112.616775513, 113.266937256, 113.917098999, 114.567253113, 115.217414856, 115.855964661, 116.494506836, 117.133056641, 117.759994507, 118.398544312, 119.048706055, 119.698867798, 120.349021912, 121.045623779, 121.742218018, 122.48526001, 123.228294373, 123.948112488, 124.667930603, 125.387756348, 126.107574463, 126.81578064, 127.523986816, 128.220581055, 128.905578613, 129.590560913, 130.275558472, 130.937316895, 131.599090576, 132.249252319, 132.84135437, 133.43347168, 133.990753174, 134.548019409, 135.116912842, 135.639358521, 136.15020752, 136.66104126, 137.137054443, 137.613052368, 138.089065552, 138.576690674, 139.064300537, 139.551925659, 140.051147461, 140.550384521, 141.049606323, 141.618499756, 142.187393188, 142.744674683, 143.301940918, 143.859222412, 144.404891968, 144.950561523, 145.496231079, 145.902587891, 146.308929443, 146.715286255, 147.121627808, 147.527984619, 147.934326172, 148.340682983, 148.747024536, 149.153381348, 149.5597229, 149.966079712, 150.372421265, 150.778778076, 151.185119629, 151.661132812, 152.137145996, 152.624755859, 153.193649292, 153.762542725, 154.31980896, 154.853881836, 155.387939453, 155.933609009, 156.479278564, 157.024932861, 157.570602417, 158.127883911, 158.685165405, 159.14956665, 159.613967896, 160.078369141, 160.589202881, 161.088439941, 161.587661743, 162.098495483, 162.609344482, 163.120178223, 163.631011963, 164.130249023, 164.629470825, 165.140319824, 165.639541626, 166.138778687, 166.603164673, 167.067565918, 167.520355225, 167.926712036, 168.32144165, 168.727798462, 169.122543335, 169.505661011, 169.900405884, 170.295150757, 170.689880371, 171.084625244, 171.467758179, 171.850875854, 172.234008789, 172.628753662, 173.011871338, 173.406616211, 173.801361084, 174.184494019, 174.579223633, 174.973968506, 175.391921997, 175.809890747, 176.227844238, 176.645797729, 177.063766479, 177.493331909, 177.9112854, 178.32925415, 178.735595703, 179.153549194, 179.571517944, 180.035919189, 180.500320435, 180.964706421, 181.394287109, 181.823852539, 182.253417969, 182.682983398, 183.112564087, 183.542129517, 183.971694946, 184.389663696, 184.807617188, 185.225570679, 185.643539429, 186.015060425, 186.386566162, 186.758087158, 187.129608154, 187.489517212, 187.84942627, 188.220947266, 188.592468262, 188.975601196, 189.358734131, 189.741851807, 190.124984741, 190.508117676, 190.89125061, 191.274368286, 191.75038147, 192.226394653, 192.702392578, 193.236465454, 193.770523071, 194.304580688, 194.931518555, 195.546844482, 196.16217041, 196.777496338, 197.404434204, 198.03137207, 198.646713257, 199.262039185, 199.877365112, 200.49269104, 200.991928101, 201.502761841, 202.013595581, 202.512832642, 203.012054443, 203.511291504, 203.940856934, 204.370422363, 204.800003052, 205.194732666, 205.589477539, 205.984207153, 206.378952026, 206.773696899, 207.168426514, 207.563171387, 207.969512939, 208.375869751, 208.782211304, 209.176956177, 209.57170105, 209.978042603, 210.372787476, 210.76751709, 211.162261963, 211.557006836, 211.95173645, 212.358093262, 212.741226196, 213.124343872, 213.519088745, 213.90222168, 214.227294922, 214.552383423, 214.877456665, 215.202529907, 215.527618408, 215.85269165, 216.177780151, 216.502853394, 216.827926636, 217.187835693, 217.547744751, 217.907653809, 218.279174805, 218.650695801, 219.022216797, 219.393737793, 219.753646851, 220.125167847, 220.496688843, 220.8565979, 221.216506958, 221.564804077, 221.924713135, 222.284622192, 222.632919312, 222.992828369, 223.352737427, 223.712646484, 224.08416748, 224.444076538, 224.803985596, 225.163894653, 225.512191772, 225.860488892, 226.220397949, 226.568710327, 226.917007446, 227.276916504, 227.6484375, 228.019943237, 228.403076172, 228.774597168, 229.146118164, 229.51763916, 229.889160156, 230.260681152, 230.632202148, 231.003707886, 231.375228882, 231.828018188, 232.269195557, 232.710388184, 233.151565552, 233.615966797, 234.080352783, 234.544754028, 235.078811646, 235.612869263, 236.14692688, 236.680999756, 237.203445435, 237.725891113, 238.248336792, 238.782394409, 239.374511719, 239.96661377, 240.558731079, 241.139221191, 241.719726562, 242.300216675, 242.880722046, 243.461227417, 244.064941406, 244.668655396, 245.272369385, 245.876098633, 246.479812622, 247.071929932, 247.675643921, 248.267745972, 248.859863281, 249.451965332, 249.927978516, 250.403991699, 250.879989624, 251.309570312, 251.739135742, 252.168701172, 252.598266602, 252.969787598, 253.341308594, 253.724441528, 254.14239502, 254.56036377, 254.978317261, 255.40788269, 255.802627563, 256.185760498, 256.580505371, 256.975219727, 257.35836792, 257.729888916, 258.113006592, 258.577423096, 259.041809082, 259.494598389, 259.947387695, 260.400177002, 260.852966309, 261.305755615, 261.770141602, 262.246154785, 262.710571289, 263.186584473, 263.662567139, 264.138580322, 264.602996826, 265.067382812, 265.520172119, 265.984588623, 266.344482422, 266.704406738, 267.064300537, 267.424224854, 267.784118652, 268.144042969, 268.515563965, 268.875457764, 269.223754883, 269.572052002, 269.931976318, 270.291870117, 270.628570557, 270.953643799, 271.278717041, 271.61541748, 271.95211792, 272.288787842, 272.613861084, 272.938964844, 273.264038086, 273.589111328, 273.91418457, 274.239257812, 274.564361572, 274.901031494, 275.237731934, 275.574401855, 275.911102295, 276.247802734, 276.584472656, 276.921173096, 277.246246338, 277.57131958, 277.89642334, 278.221496582, 278.546569824, 278.871643066, 279.196716309, 279.533416748, 279.85848999, 280.19519043, 280.520263672, 280.845336914, 281.182037354, 281.518737793, 281.855407715, 282.192108154, 282.540405273, 282.888702393, 283.236999512, 283.585296631, 283.92199707, 284.258666992, 284.606964111, 284.943664551, 285.28036499, 285.628662109, 285.976959229, 286.325256348, 286.661956787, 286.998626709, 287.323699951, 287.660400391, 287.99710083, 288.368621826, 288.740142822, 289.100036621, 289.471557617, 289.889526367, 290.3074646, 290.72543335, 291.271118164, 291.805175781, 292.339233398, 292.919708252, 293.500213623, 294.069122314, 294.626403809, 295.183654785, 295.752563477, 296.32144165, 296.890319824, 297.459228516, 298.01651001, 298.585388184, 299.154266357, 299.723175049, 300.30368042, 300.884155273, 301.453063965, 302.021942139, 302.590820312, 303.148101807, 303.577667236, 304.007263184, 304.436828613, 304.854766846, 305.272735596, 305.690704346, 306.108642578, 306.538238525, 306.967803955, 307.397369385, 307.803710938, 308.221679688, 308.63961792, 309.05758667, 309.47555542, 309.881896973, 310.299865723, 310.706207275, 311.124176025, 311.530517578, 311.936859131, 312.343200684, 312.749572754, 313.155914307, 313.562255859, 313.968597412, 314.374969482, 314.781311035, 315.187652588, 315.593994141, 316.000366211, 316.418304443, 316.836273193, 317.254241943, 317.660583496, 318.066925049, 318.473297119, 318.879638672, 319.274383545, 319.680725098, 320.08706665, 320.493408203, 320.899780273, 321.306121826, 321.712463379, 322.118804932, 322.536773682, 322.954742432, 323.372680664, 323.779052734, 324.196990967, 324.614959717, 325.032928467, 325.462493896, 325.880462646, 326.310028076, 326.727966309, 327.111114502, 327.505859375, 327.90057373, 328.283721924, 328.678466797, 329.061584473, 329.444702148, 329.827850342, 330.210968018, 330.594085693, 330.977233887, 331.37197876, 331.766693115, 332.149841309, 332.532958984, 332.962524414, 333.392089844, 333.821685791, 334.2628479, 334.704040527, 335.145202637, 335.586395264, 336.027557373, 336.457122803, 336.89831543, 337.327880859, 337.757446289, 338.187011719, 338.616607666, 339.034545898, 339.464111328, 339.882080078, 340.358093262, 340.845703125, 341.321716309, 341.832550049, 342.343383789, 342.854248047, 343.376678467, 343.899139404, 344.421569824, 344.932434082, 345.443267822, 345.954101562, 346.383666992, 346.813232422, 347.242797852, 347.672363281, 348.101928711, 348.531524658, 348.961090088, 349.402252197, 349.843444824, 350.284606934, 350.807067871, 351.329528809, 351.851959229, 352.362792969, 352.885253906, 353.407714844, 353.953369141, 354.499053955, 355.056304932, 355.636810303, 356.205718994, 356.786193848, 357.355102539, 357.923980713, 358.492858887, 359.061767578, 359.642272949, 360.234375, 360.814880371, 361.372161865, 361.929412842, 362.486694336, 363.04397583, 363.589660645, 364.135314941, 364.680999756, 365.226654053, 365.772338867, 366.317993164, 366.875274658, 367.490600586, 368.105926514, 368.721252441, 369.336578369, 369.940307617, 370.555633545, 371.170959473, 371.774688721, 372.390014648, 372.993743896, 373.527801514, 374.061859131, 374.584289551, 375.095153809, 375.605987549, 376.116821289, 376.639282227, 377.161712646, 377.672546387, 378.183380127, 378.694244385, 379.193450928, 379.692687988, 380.191925049, 380.760803223, 381.341308594, 381.921813965, 382.502319336, 383.094421387, 383.686523438, 384.267028809, 384.84753418, 385.462860107, 386.078186035, 386.705108643, 387.332061768, 387.924163818, 388.516265869, 389.10836792, 389.700500488, 390.280975342, 390.861480713, 391.441986084, 392.022491455, 392.602996826, 393.18347168, 393.763977051, 394.344482422, 394.924987793, 395.517089844, 396.109191895, 396.701293945, 397.386291504, 398.082885742, 398.767883301, 399.452880859, 400.1378479, 400.822845459, 401.49621582, 402.169616699, 402.831390381, 403.493133545, 404.166534424, 404.839904785, 405.49005127, 406.117004395, 406.743927002, 407.370880127, 407.997802734, 408.624755859, 409.240081787, 409.855407715, 410.389465332, 410.923522949, 411.469207764, 412.014862061, 412.560546875, 413.106201172, 413.617034912, 414.127868652, 414.63873291, 415.14956665, 415.660400391, 416.171234131, 416.682067871, 417.192932129, 417.773406982, 418.353912354, 418.934417725, 419.433654785, 419.921264648, 420.408874512, 420.896514893, 421.372497559, 421.860137939, 422.347747803, 422.823760986, 423.31137085, 423.81060791, 424.298217773, 424.785827637, 425.308288574, 425.830749512, 426.341583252, 426.840820312, 427.340026855, 427.850891113, 428.361724854, 428.872558594, 429.383392334, 429.882629395, 430.381866455, 430.869476318, 431.368713379, 431.879547119, 432.378753662, 432.796722412, 433.203063965, 433.609436035, 434.015777588, 434.433746338, 434.840087891, 435.258056641, 435.664398193, 436.070739746, 436.477081299, 436.96472168, 437.463928223, 437.951568604, 438.439178467, 438.92678833, 439.414428711, 440.006530762, 440.598632812, 441.190734863, 441.782836914, 442.374969482, 442.955444336, 443.547576904, 444.139678955, 444.77822876, 445.416778564, 446.055328369, 446.682250977, 447.320800781, 447.959350586, 448.597900391, 449.236450195, 449.875, 450.525177002, 451.186920166, 451.837097168, 452.49887085, 453.149017334, 453.903656006, 454.669921875, 455.436187744, 456.190826416, 456.945465088, 457.68850708, 458.44317627, 459.197814941, 459.964080811, 460.718719482, 461.473358154, 462.239624023, 463.005889893, 463.783752441, 464.550018311, 465.327880859, 466.105743408], "beats_loudness": {"dmean2": 0.00785940513015, "median": 0.00134946580511, "min": 4.11548307966e-06, "dvar2": 0.00037466554204, "dvar": 0.000132366127218, "dmean": 0.00459693558514, "max": 0.157310947776, "var": 0.00043056323193, "mean": 0.010915890336}, "danceability": 0.848592698574, "bpm_histogram_second_peak_weight": {"dmean2": 0, "median": 0.0524017475545, "min": 0.0524017475545, "dvar2": 0, "dvar": 0, "dmean": 0, "max": 0.0524017475545, "var": 0, "mean": 0.0524017475545}, "beats_count": 917, "bpm_histogram_second_peak_bpm": {"dmean2": 0, "median": 140, "min": 140, "dvar2": 0, "dvar": 0, "dmean": 0, "max": 140, "var": 0, "mean": 140}, "bpm_histogram_first_peak_spread": {"dmean2": 0, "median": 0.588235259056, "min": 0.588235259056, "dvar2": 0, "dvar": 0, "dmean": 0, "max": 0.588235259056, "var": 0, "mean": 0.588235259056}, "beats_loudness_band_ratio": {"dmean2": [0.261062145233, 0.257566660643, 0.221548438072, 0.165121182799, 0.0347250774503, 0.00583385815844], "median": [0.218256086111, 0.231144964695, 0.246248006821, 0.119801484048, 0.0171497166157, 0.00158419844229], "min": [0.00126508704852, 2.18166751438e-05, 1.96755008801e-05, 6.46158650852e-06, 8.4618868641e-06, 3.01803356706e-05], "dvar2": [0.0596316121519, 0.045789077878, 0.0401587747037, 0.0284715034068, 0.00300578936003, 0.000164430573932], "dvar": [0.0238989926875, 0.0173070989549, 0.014276730828, 0.010906512849, 0.00104450806975, 5.86743226449e-05], "dmean": [0.153134465218, 0.150678142905, 0.128957778215, 0.0980359762907, 0.0201229117811, 0.00348741631024], "max": [0.999907433987, 0.895325005054, 0.823895514011, 0.768652737141, 0.378833413124, 0.108892582357], "var": [0.0760788545012, 0.0330581627786, 0.0403121188283, 0.0189789794385, 0.00204796157777, 9.96015078272e-05], "mean": [0.309401065111, 0.261419922113, 0.284032613039, 0.157128170133, 0.0330499373376, 0.00520079629496]}}, "lowlevel": {"barkbands_spread": {"dmean2": 4.20977306366, "median": 9.66435813904, "min": 0.0270947124809, "dvar2": 17.0668544769, "dvar": 6.16985034943, "dmean": 2.5313680172, "max": 47.4410552979, "var": 27.383644104, "mean": 10.247338295}, "melbands_spread": {"dmean2": 4.13014745712, "median": 12.4233942032, "min": 0.0185622908175, "dvar2": 17.6314907074, "dvar": 6.96622276306, "dmean": 2.62431550026, "max": 54.8627929688, "var": 51.3352203369, "mean": 13.2213687897}, "hfc": {"dmean2": 1.81765556335, "median": 0.373846381903, "min": 4.64681555457e-08, "dvar2": 22.9346656799, "dvar": 9.82495307922, "dmean": 1.2006289959, "max": 153.933700562, "var": 205.130599976, "mean": 6.74421930313}, "barkbands_kurtosis": {"dmean2": 74.708770752, "median": 1.15726900101, "min": -1.85630881786, "dvar2": 317548.84375, "dvar": 103193.8125, "dmean": 40.8991851807, "max": 12232.4052734, "var": 95175.1171875, "mean": 42.6740608215}, "gfcc": {"mean": [-225.331680298, 154.412445068, -117.617233276, -15.2924900055, -45.2576904297, -11.003156662, -25.105430603, 0.757613182068, -18.7325153351, 0.291867494583, -4.57330751419, 2.33805012703, -3.2527513504], "icov": [[0.000403271144023, -0.000565740978345, 0.00117723143194, -0.00110750680324, 0.00152881443501, -0.00117992854211, 0.000552441168111, 1.01333553175e-05, -8.11263598735e-05, 0.000234109102166, 0.000308457412757, -0.000164066761499, 0.000468590325909], [-0.000565740978345, 0.00373591063544, -0.00228454405442, 0.00443252688274, -0.00433080457151, 0.00520933931693, -0.00336729874834, 0.00390353635885, -0.00193401111756, 0.00320280622691, -0.00245345197618, 0.00358620425686, -0.00131443724968], [0.00117723143194, -0.00228454405442, 0.00451469887048, -0.00391253875569, 0.00466988794506, -0.0055164732039, 0.00223300606012, -0.000830778502859, -7.96489330241e-05, -0.000110003187729, 0.00153687305283, -0.00131239381153, 0.000790814054199], [-0.00110750680324, 0.00443252688274, -0.00391253875569, 0.00910575315356, -0.00751539412886, 0.00784894730896, -0.00561599247158, 0.00322800083086, -0.00213238038123, 0.00148000614718, -0.000493151310366, 0.00221342756413, 0.00029673971585], [0.00152881443501, -0.00433080457151, 0.00466988794506, -0.00751539412886, 0.0130880251527, -0.0109873153269, 0.0064322091639, -0.00485219992697, 0.0018802882405, 0.00121569901239, -0.00292569282465, 0.0017326392699, -0.000687887542881], [-0.00117992854211, 0.00520933931693, -0.0055164732039, 0.00784894730896, -0.0109873153269, 0.0207293331623, -0.0156760234386, 0.00969151221216, -0.00254434696399, -0.00149703782517, 0.00604358268902, -0.00479744141921, 0.0029979958199], [0.000552441168111, -0.00336729874834, 0.00223300606012, -0.00561599247158, 0.0064322091639, -0.0156760234386, 0.0284719895571, -0.0182800386101, 0.00700041092932, 0.00123813992832, -0.00845755264163, 0.00836065318435, -0.00483132665977], [1.01333553175e-05, 0.00390353635885, -0.000830778502859, 0.00322800083086, -0.00485219992697, 0.00969151221216, -0.0182800386101, 0.0298390667886, -0.0143863279372, 0.00566758960485, 0.00321306567639, -0.00581234600395, 0.00291537679732], [-8.11263598735e-05, -0.00193401111756, -7.96489330241e-05, -0.00213238038123, 0.0018802882405, -0.00254434696399, 0.00700041092932, -0.0143863279372, 0.0243586543947, -0.0175993703306, 0.00502383382991, 0.000796378531959, -0.00116996408906], [0.000234109102166, 0.00320280622691, -0.000110003187729, 0.00148000614718, 0.00121569901239, -0.00149703782517, 0.00123813992832, 0.00566758960485, -0.0175993703306, 0.0348988026381, -0.021887421608, 0.0101171657443, -0.00230605644174], [0.000308457412757, -0.00245345197618, 0.00153687305283, -0.000493151310366, -0.00292569282465, 0.00604358268902, -0.00845755264163, 0.00321306567639, 0.00502383382991, -0.021887421608, 0.0377782136202, -0.0230501666665, 0.00924011878669], [-0.000164066761499, 0.00358620425686, -0.00131239381153, 0.00221342756413, 0.0017326392699, -0.00479744141921, 0.00836065318435, -0.00581234600395, 0.000796378531959, 0.0101171657443, -0.0230501666665, 0.0371626578271, -0.0191029421985], [0.000468590325909, -0.00131443724968, 0.000790814054199, 0.00029673971585, -0.000687887542881, 0.0029979958199, -0.00483132665977, 0.00291537679732, -0.00116996408906, -0.00230605644174, 0.00924011878669, -0.0191029421985, 0.0243861135095]], "cov": [[21736.7597656, 195.264022827, -5350.90966797, 87.6861419678, -1427.91003418, -1271.11035156, -564.907043457, -401.902618408, -121.964851379, -191.620773315, -215.264816284, -491.087432861, -509.681640625], [195.264022827, 1255.81274414, -31.485660553, -380.141296387, 68.5536499023, -155.974639893, -69.0837097168, -149.290985107, -93.9331741333, -105.512695312, -8.34072875977, -102.843681335, 2.96760344505], [-5350.90966797, -31.485660553, 1815.20495605, 81.556022644, 294.555175781, 412.850769043, 169.008789062, 86.3420562744, 34.8810081482, 24.9846000671, 2.1487288475, 101.190971375, 104.470817566], [87.6861419678, -380.141296387, 81.556022644, 393.985046387, 78.3673324585, 35.0774497986, 47.0913848877, 55.2699623108, 36.7410163879, 18.9371585846, -12.3128862381, -14.8146600723, -32.3797264099], [-1427.91003418, 68.5536499023, 294.555175781, 78.3673324585, 309.272094727, 140.582702637, 62.4902839661, 29.3195228577, -8.64055156708, -6.34373188019, 16.6889591217, 10.5944652557, 21.9047679901], [-1271.11035156, -155.974639893, 412.850769043, 35.0774497986, 140.582702637, 254.7915802, 104.045829773, 37.5579833984, 2.45379757881, 8.17862796783, -4.02713823318, 37.7629928589, 22.9665756226], [-564.907043457, -69.0837097168, 169.008789062, 47.0913848877, 62.4902839661, 104.045829773, 113.044937134, 56.4481811523, 4.33452606201, 1.8549298048, 6.93592643738, 11.265996933, 12.2773036957], [-401.902618408, -149.290985107, 86.3420562744, 55.2699623108, 29.3195228577, 37.5579833984, 56.4481811523, 98.8354568481, 48.7706336975, 20.5144023895, 7.61831760406, 22.1253566742, 10.5056562424], [-121.964851379, -93.9331741333, 34.8810081482, 36.7410163879, -8.64055156708, 2.45379757881, 4.33452606201, 48.7706336975, 106.322044373, 61.3919677734, 13.8457584381, 4.02175712585, -1.00429391861], [-191.620773315, -105.512695312, 24.9846000671, 18.9371585846, -6.34373188019, 8.17862796783, 1.8549298048, 20.5144023895, 61.3919677734, 90.3210678101, 43.8247833252, 14.4531812668, -0.112379290164], [-215.264816284, -8.34072875977, 2.1487288475, -12.3128862381, 16.6889591217, -4.02713823318, 6.93592643738, 7.61831760406, 13.8457584381, 43.8247833252, 75.0416107178, 39.9122047424, 12.8361444473], [-491.087432861, -102.843681335, 101.190971375, -14.8146600723, 10.5944652557, 37.7629928589, 11.265996933, 22.1253566742, 4.02175712585, 14.4531812668, 39.9122047424, 94.0059051514, 56.1115074158], [-509.681640625, 2.96760344505, 104.470817566, -32.3797264099, 21.9047679901, 22.9665756226, 12.2773036957, 10.5056562424, -1.00429391861, -0.112379290164, 12.8361444473, 56.1115074158, 85.9702072144]]}, "spectral_energyband_middle_low": {"dmean2": 0.00206014793366, "median": 0.000523169117514, "min": 1.17179902934e-11, "dvar2": 3.03037486447e-05, "dvar": 1.32081058837e-05, "dmean": 0.00140120531432, "max": 0.156992256641, "var": 0.000202271228773, "mean": 0.00660959724337}, "melbands_crest": {"dmean2": 5.44722080231, "median": 12.4805603027, "min": 3.85837292671, "dvar2": 33.7191505432, "dvar": 12.2312326431, "dmean": 3.30489897728, "max": 39.9474906921, "var": 56.3532295227, "mean": 14.6065578461}, "spectral_kurtosis": {"dmean2": 10.671462059, "median": 18.3664493561, "min": 1.87414646149, "dvar2": 108.029914856, "dvar": 35.2622375488, "dmean": 6.03819465637, "max": 120.119140625, "var": 190.082366943, "mean": 21.3343334198}, "spectral_rms": {"dmean2": 0.000387856242014, "median": 0.000994427711703, "min": 1.38567145314e-07, "dvar2": 2.00711937737e-07, "dvar": 8.45049257236e-08, "dmean": 0.000246116338531, "max": 0.0146555472165, "var": 5.29816134076e-06, "mean": 0.00206226226874}, "zerocrossingrate": {"dmean2": 0.00470901792869, "median": 0.02783203125, "min": 0, "dvar2": 1.94448875845e-05, "dvar": 1.07356290755e-05, "dmean": 0.00349228200503, "max": 0.103515625, "var": 0.000193029554794, "mean": 0.0290360394865}, "silence_rate_60dB": {"dmean2": 0.034419298172, "median": 1, "min": 0, "dvar2": 0.039986807853, "dvar": 0.0169154629111, "dmean": 0.0172087941319, "max": 1, "var": 0.218318641186, "mean": 0.677972853184}, "erbbands_kurtosis": {"dmean2": 1.60058057308, "median": 0.595077991486, "min": -1.58674359322, "dvar2": 4.97431468964, "dvar": 2.11948847771, "dmean": 1.0246244669, "max": 37.4801101685, "var": 6.87147760391, "mean": 1.29220879078}, "erbbands": {"dmean2": [0.00399758853018, 0.024047549814, 0.117143884301, 0.278787851334, 0.880869567394, 1.3552583456, 3.78758168221, 8.06234455109, 11.2348299026, 15.3867177963, 12.1116027832, 13.5555477142, 12.6813173294, 15.9553546906, 20.148317337, 11.1926784515, 16.9125442505, 10.2981500626, 7.94343280792, 6.91742944717, 4.44778871536, 3.3848991394, 3.66686916351, 3.81814193726, 1.5277479887, 1.09078192711, 0.472235947847, 0.161811307073, 0.115552164614, 0.0538421534002, 0.0256255697459, 0.0120926667005, 0.00476994458586, 0.0020325218793, 0.00111459754407, 0.000448271661298, 0.000172249478055, 5.04395211465e-05, 7.26023426978e-06, 3.16525392918e-06], "median": [0.0017796602333, 0.0034377228003, 0.00787717755884, 0.0337907224894, 0.116850577295, 0.282927721739, 0.561737298965, 1.02216649055, 0.888260006905, 0.934532165527, 0.835656821728, 0.709065020084, 0.719629883766, 0.782109797001, 0.777258455753, 0.512701094151, 0.391739189625, 0.201373159885, 0.177478611469, 0.15726916492, 0.102579310536, 0.06253670156, 0.0545555129647, 0.0414342582226, 0.0293057858944, 0.0141947660595, 0.0060875066556, 0.00211156881414, 0.0010389899835, 0.000588460708968, 0.000339763850207, 0.000212685306906, 0.000123281075503, 8.62672750372e-05, 5.66168127989e-05, 3.06375404762e-05, 1.48321296365e-05, 5.63255707675e-06, 1.74970068656e-06, 1.27002931549e-06], "min": [1.08675889468e-11, 8.75746281048e-11, 4.44596026661e-10, 1.59310653558e-09, 4.48784920337e-09, 1.03118180661e-08, 1.95224867383e-08, 3.00570981437e-08, 3.62754555283e-08, 3.26086606606e-08, 2.26840555229e-08, 2.00277110451e-08, 2.58462264924e-08, 2.45224267559e-08, 2.82819136999e-08, 3.63211896115e-08, 1.6011073356e-08, 2.07412771402e-08, 1.93791471759e-08, 2.20846505528e-08, 1.41997036351e-08, 1.24629773168e-08, 1.06402797684e-08, 1.68321019345e-08, 7.83030973395e-09, 7.07042246972e-09, 3.69129171673e-09, 2.47452303093e-09, 5.99630300968e-09, 6.46721520781e-09, 5.70606628614e-09, 5.3415618595e-09, 5.25161247822e-09, 2.60218779857e-09, 5.50450440784e-09, 1.84066506481e-09, 5.12434206179e-10, 5.31098443002e-10, 1.05205212597e-10, 1.09261575482e-11], "dvar2": [3.11942021654e-05, 0.00709241023287, 0.248162671924, 1.35381090641, 7.81110906601, 21.8258647919, 213.036117554, 752.810913086, 1423.67211914, 3269.03393555, 1903.87963867, 2360.16137695, 1788.52148438, 3077.78833008, 6274.22021484, 1596.04003906, 4549.74560547, 1805.90026855, 818.343566895, 708.735961914, 249.618728638, 149.983703613, 208.271530151, 296.494384766, 32.7597351074, 17.8293418884, 2.97907137871, 0.446094244719, 0.223307028413, 0.0439057201147, 0.00940789934248, 0.00249715149403, 0.00034600138315, 4.27326740464e-05, 1.4058448869e-05, 2.46914055424e-06, 3.30299428697e-07, 3.06427878627e-08, 4.83276196839e-10, 5.64669942749e-11], "dvar": [1.09201446321e-05, 0.00357748055831, 0.12656250596, 0.574771463871, 3.44401979446, 9.21648979187, 89.8359298706, 276.277191162, 558.873535156, 1338.42492676, 945.192565918, 1348.61364746, 908.977844238, 1438.28344727, 2486.51733398, 676.428222656, 1672.41479492, 735.175292969, 324.499511719, 258.307189941, 89.2443771362, 51.4897079468, 72.5045166016, 105.110115051, 11.1965579987, 6.35173988342, 1.06810665131, 0.159654542804, 0.0831084027886, 0.016777118668, 0.00386632140726, 0.00107128557283, 0.000133796987939, 1.8412269128e-05, 5.71439431951e-06, 1.12351915504e-06, 1.35673218438e-07, 1.16610516798e-08, 1.97214078401e-10, 2.46103987883e-11], "dmean": [0.00231855455786, 0.0169422943145, 0.0881427824497, 0.193510323763, 0.601025283337, 0.919428884983, 2.60074710846, 5.20286512375, 7.39713430405, 10.2800388336, 8.60636711121, 10.0256538391, 8.92795944214, 10.7870206833, 13.0478544235, 7.28679943085, 10.6148481369, 6.40244293213, 4.84451198578, 4.10956478119, 2.64858460426, 1.98157572746, 2.15797662735, 2.24052786827, 0.8976790905, 0.63719445467, 0.279856234789, 0.0967574119568, 0.0693439543247, 0.0328318700194, 0.0156860146672, 0.00757628493011, 0.00297932000831, 0.00127156579401, 0.000687208783347, 0.000281578744762, 0.000107815147203, 3.14079479722e-05, 4.63662399852e-06, 2.10184521166e-06], "max": [0.0836608633399, 4.2607550621, 21.2098445892, 62.0989990234, 75.5571289062, 219.9972229, 813.801757812, 592.334228516, 1187.93115234, 1229.95629883, 1624.71069336, 1956.65600586, 1443.62353516, 1685.0838623, 1546.26464844, 1171.86547852, 1564.12817383, 995.250061035, 626.952087402, 449.030944824, 323.891143799, 252.154418945, 324.903442383, 314.811157227, 131.214263916, 109.62172699, 41.1516075134, 24.3300457001, 15.1181316376, 5.9024887085, 4.27097702026, 2.82646083832, 0.77687394619, 0.291995346546, 0.164074525237, 0.10296729207, 0.0237774848938, 0.0040403068997, 0.000534799357411, 0.00027998353471], "var": [3.45652333635e-05, 0.0308131761849, 0.976350665092, 4.62479066849, 21.5511245728, 71.6982116699, 574.906494141, 1160.88891602, 3851.70947266, 5874.82177734, 5755.65917969, 7720.01171875, 4427.63183594, 4774.55371094, 6767.48339844, 2263.21508789, 3525.18579102, 2173.16015625, 1160.12060547, 582.395568848, 243.875762939, 133.786804199, 175.069549561, 223.620407104, 30.2566299438, 17.058801651, 3.56230998039, 0.545840263367, 0.335564047098, 0.0864187180996, 0.0211381092668, 0.00663271732628, 0.000824287359137, 0.000148092789459, 4.11015644204e-05, 9.31246813707e-06, 1.21994628444e-06, 9.77752776521e-08, 2.86124390847e-09, 6.23516294151e-10], "mean": [0.00362573564053, 0.0519682578743, 0.272807240486, 0.554619073868, 1.57928740978, 2.60628247261, 7.01988172531, 13.0582056046, 21.2266616821, 25.3227481842, 23.9111995697, 27.4785461426, 23.0316829681, 22.8957023621, 25.8215198517, 15.5257310867, 18.914768219, 12.8920936584, 10.0345592499, 7.64040994644, 5.4446606636, 4.12203979492, 4.29538631439, 4.11128282547, 1.8612215519, 1.29021430016, 0.638903081417, 0.244328171015, 0.168954923749, 0.0917449593544, 0.0439482480288, 0.0226526465267, 0.00980173796415, 0.00454485369846, 0.00245490833186, 0.00109936262015, 0.000430880230851, 0.000126383645693, 2.45892260864e-05, 1.2621404494e-05]}, "spectral_strongpeak": {"dmean2": 0.413990616798, "median": 0.192752942443, "min": 0, "dvar2": 0.56254029274, "dvar": 0.223929584026, "dmean": 0.249156564474, "max": 7.83596944809, "var": 0.868941426277, "mean": 0.592067182064}, "spectral_energy": {"dmean2": 0.00271060271189, "median": 0.00101360853296, "min": 1.96808749853e-11, "dvar2": 4.11432192777e-05, "dvar": 1.7974196453e-05, "dmean": 0.00179530435707, "max": 0.220154687762, "var": 0.000395170820411, "mean": 0.00978984311223}, "average_loudness": 0.00252648303285, "spectral_rolloff": {"dmean2": 283.065429688, "median": 775.1953125, "min": 21.533203125, "dvar2": 128865.601562, "dvar": 49698.2460938, "dmean": 158.796218872, "max": 3208.44726562, "var": 204260.171875, "mean": 775.340148926}, "spectral_centroid": {"dmean2": 128.076553345, "median": 663.86328125, "min": 116.858627319, "dvar2": 28802.0371094,