{"tonal": {"thpcp": [1, 0.527426838875, 0.205410301685, 0.165403485298, 0.202053964138, 0.377334833145, 0.759293615818, 0.867300748825, 0.448841154575, 0.181342884898, 0.234278813004, 0.376270741224, 0.476870149374, 0.450093239546, 0.49111956358, 0.469631671906, 0.305802732706, 0.224376127124, 0.232510834932, 0.297058492899, 0.547600567341, 0.66446775198, 0.431877821684, 0.248361244798, 0.200130939484, 0.241161316633, 0.405325084925, 0.456932038069, 0.344968557358, 0.341669976711, 0.325637072325, 0.23743057251, 0.261687070131, 0.324427068233, 0.409342229366, 0.832063376904], "hpcp": {"dmean2": [0.203156024218, 0.256270796061, 0.287953138351, 0.228576421738, 0.163888826966, 0.137255907059, 0.153279483318, 0.205534830689, 0.220197558403, 0.195019289851, 0.19044367969, 0.178971126676, 0.160715118051, 0.171823874116, 0.196889668703, 0.226287141442, 0.303288400173, 0.309785544872, 0.231801196933, 0.151327803731, 0.127085104585, 0.141222923994, 0.172559633851, 0.24204300344, 0.304926037788, 0.2021330446, 0.137423172593, 0.161651059985, 0.1885625422, 0.20818080008, 0.243082627654, 0.249494835734, 0.228564247489, 0.196402698755, 0.169115006924, 0.176087453961], "median": [0.020687347278, 0.0579287186265, 0.0789402499795, 0.0520509183407, 0.0145773654804, 0.00940636172891, 0.0136753246188, 0.0315146334469, 0.0394711047411, 0.0275384429842, 0.0165251549333, 0.0136083643883, 0.0151996538043, 0.0191037449986, 0.0249384250492, 0.0412062518299, 0.146514385939, 0.162786781788, 0.0741492509842, 0.0118752457201, 0.00763854943216, 0.0116618582979, 0.0330538004637, 0.127578288317, 0.112539231777, 0.0529246777296, 0.00789234600961, 0.0145394150168, 0.0288775023073, 0.0360552892089, 0.0384003706276, 0.0402732640505, 0.0324706360698, 0.0169410668314, 0.0104911560193, 0.0114684440196], "min": [0, 0, 0, 0, 0, 0, 0, 0, 0, 0, 0, 0, 0, 0, 0, 0, 0, 0, 0, 0, 0, 0, 0, 0, 0, 0, 0, 0, 0, 0, 0, 0, 0, 0, 0, 0], "dvar2": [0.115419775248, 0.123251661658, 0.140148445964, 0.105895079672, 0.0873147174716, 0.0724227502942, 0.0766742527485, 0.103576913476, 0.112960755825, 0.101582497358, 0.107403747737, 0.103547126055, 0.0858363732696, 0.0877603888512, 0.09957780689, 0.108909823, 0.12347304821, 0.143330380321, 0.0959615111351, 0.0777947828174, 0.0651342347264, 0.0705233663321, 0.0750783830881, 0.0923599377275, 0.172780260444, 0.083543330431, 0.0757858976722, 0.0818071737885, 0.0899514257908, 0.0982862636447, 0.121331728995, 0.1301907897, 0.118423484266, 0.106363192201, 0.102052375674, 0.105994984508], "dvar": [0.0409766659141, 0.0458735078573, 0.0558694452047, 0.0394650623202, 0.0316149443388, 0.0263978950679, 0.0286225844175, 0.0414063856006, 0.0457957237959, 0.0388704352081, 0.0397141724825, 0.0381734073162, 0.0304262433201, 0.0320114530623, 0.03817198053, 0.0414293184876, 0.048396833241, 0.0571494065225, 0.0350518636405, 0.0282918326557, 0.0239201728255, 0.0263922400773, 0.0296659935266, 0.0396532900631, 0.0700466558337, 0.0323589034379, 0.0282248146832, 0.0317307636142, 0.0343762822449, 0.040481057018, 0.0460547283292, 0.047901507467, 0.0468152798712, 0.0392467938364, 0.0372132509947, 0.0386707000434], "dmean": [0.113808430731, 0.147744372487, 0.167405769229, 0.131569698453, 0.093022890389, 0.0776917785406, 0.0874164700508, 0.120248503983, 0.129051417112, 0.112370498478, 0.107252039015, 0.101288117468, 0.0902827605605, 0.0965393707156, 0.111814111471, 0.13115504384, 0.176264971495, 0.178590595722, 0.132524326444, 0.0840874612331, 0.0704394951463, 0.0792337879539, 0.101076215506, 0.142644271255, 0.175437539816, 0.113968424499, 0.0757763534784, 0.0910615101457, 0.109361477196, 0.122560925782, 0.139703989029, 0.143101394176, 0.132243528962, 0.111357808113, 0.0936632454395, 0.0982398241758], "max": [1, 1, 1, 1, 1, 1, 1, 1, 1, 1, 1, 1, 1, 1, 1, 1, 1, 1, 1, 1, 1, 1, 1, 1, 1, 1, 1, 1, 1, 1, 1, 1, 1, 1, 1, 1], "var": [0.0373539179564, 0.067636705935, 0.0912468954921, 0.0462484396994, 0.0300087425858, 0.0237767212093, 0.0285444371402, 0.0534205660224, 0.0638320967555, 0.0425566062331, 0.0512614287436, 0.0507386736572, 0.0264381524175, 0.0312315113842, 0.0429306514561, 0.0491848476231, 0.0925077274442, 0.134522244334, 0.0506611838937, 0.0230475589633, 0.0181423164904, 0.023604972288, 0.0432783290744, 0.0911495164037, 0.125472426414, 0.0417938046157, 0.0239848233759, 0.0301027428359, 0.0468323715031, 0.0729517564178, 0.0572319701314, 0.0674384459853, 0.0691721066833, 0.0405348725617, 0.0306879710406, 0.0317135117948], "mean": [0.100334383547, 0.184957414865, 0.224430426955, 0.145870923996, 0.0838864222169, 0.067596167326, 0.0814545750618, 0.136902481318, 0.154333233833, 0.11651647836, 0.11540234834, 0.109987080097, 0.0801944807172, 0.0883873477578, 0.109578385949, 0.13825930655, 0.281037479639, 0.337759703398, 0.178143531084, 0.0693793222308, 0.0558666326106, 0.0682456865907, 0.127448499203, 0.25645878911, 0.292939245701, 0.151600450277, 0.0612503178418, 0.0791299417615, 0.127089098096, 0.161067515612, 0.152023360133, 0.165880396962, 0.158622652292, 0.103287838399, 0.0757852122188, 0.0785327926278]}, "tuning_equal_tempered_deviation": 0.372560054064, "chords_changes_rate": 0.0679993703961, "key_key": "D", "tuning_diatonic_strength": 0.681518018246, "key_scale": "major", "chords_number_rate": 0.00141665351111, "tuning_frequency": 434.193115234, "tuning_nontempered_energy_ratio": 0.953779399395, "chords_histogram": [38.2811279297, 0.0629623830318, 2.28238630295, 0, 0.299071311951, 0, 0, 0, 0, 0, 0, 0.424996078014, 0, 0, 0.0944435670972, 0.598142623901, 5.57217073441, 7.50826358795, 0.0472217835486, 3.1796002388, 1.46387529373, 4.29718255997, 30.7098999023, 5.17865562439], "key_strength": 0.757860958576, "chords_key": "D", "chords_strength": {"dmean2": 0.011396820657, "median": 0.50497674942, "min": 0.266145974398, "dvar2": 0.00010395321442, "dvar": 7.89840705693e-05, "dmean": 0.0113708861172, "max": 0.851065814495, "var": 0.0087465737015, "mean": 0.509274303913}, "chords_scale": "major", "hpcp_entropy": {"dmean2": 1.12361907959, "median": 2.06895899773, "min": 0, "dvar2": 0.821764171124, "dvar": 0.29702475667, "dmean": 0.666525125504, "max": 4.36524438858, "var": 0.602503418922, "mean": 2.05162858963}}, "metadata": {"audio_properties": {"equal_loudness": 0, "codec": "mp3", "downmix": "mix", "sample_rate": 44100, "analysis_sample_rate": 44100, "bit_rate": 192000, "md5_encoded": "b47b5e8f894adfea144b2818dbdab7c7", "length": 294.974700928, "replay_gain": -5.81349372864, "lossless": false}, "version": {"essentia_build_sha": "2d9f1f26377add8aeb1075a9c2973f962c4f09fd", "essentia": "2.1-beta2", "extractor": "music 1.0", "essentia_git_sha": "v2.1_beta2-1-ge3940c0"}, "tags": {"title": ["Freak Me"], "acoustid_fingerprint": ["AQADtNESRUlCUcIZCZoQ5nhCEteDHlkDcUZFMSlyJoqFJpZy9NkRkoYYRUfOB42O__B6DXSOnsaPLFIPmTUq70SYjlUolJU3wQw48UfINSm0MdnhHOHVKEa95fB0hH-gR8e5pGie6OhNFU94aOQFLzmR5U_wowkLhr0RTp8Eu4fjPNAJHuk2JcdNpB8psFaC7xCd6LiO1Aq6o-If4kd-mBk0-nhThHJ0odGVG6GeH9cyeCmJbk9RHc2OfFfQuA6eCtekoDQekUzxJ3iopegPX8ChZcmPZzLOHE2ZCt8T_KhEZsS1LAd7xEyCC1kuobnwjJaGq3lkXIfF48d1hJ3AK3EgHjuDe3CT48YP8Qh_C3nmoQlzaFp0xLow5St68E6JY0oy6aicZUVzRCKZQ8-Ro84Px1mO6_pwfyhPFA94CsmL9EeV5viPJ9RxxUX45JBepDmm9TidivgO8xW-GU-K9Dn04z1iE_m_oZKqwk1yKOqOXNOMfuB4RNMSXIyR8Kh-_A-el7iP_wgPVZqSvEglTcIlfUIuaHl2IQKYPMSk47_gHMmPXHh0_EOVZnnRxJRTHBhcZ0fyIUyV5XDSHdVxUcIjT_iTIdmRd8f4wyqzo7qOHw2j7EbJLIebWAqeC7F46Lh-4kYTauKGJzkUvTl-Ias99IgUJlEPXQrCW2ieyXgt_D0-kbiO8PQKUeIyEp56vBGh2aGxZw3yoRfOg_sR9YemHzn24zfKhYe7RS0q4_mGk3iC3JCeBuHR4I6OJ5mOK00H_kF4JIyLaQ2Pn8cvlB8aKuFx5fBTKfiP78dPfMfLCaETHeKPM0ak4wXjF2dybGMOH30WI_mRU8EZHT_eaUHnwxr6EuEeJDyuj4HJ_Jj840cpxYEtFrWQ3MiHKzzyKC905Lii5DJOUhGa_LgQvUTy7Dh-PMmSw7sUOId_-BKJJJLII08u4Q8uw3qE-xsuBU8-Cjk0D_kUVOexOniSB_8wNkcT9WCYM8O9Bkd0ZeGC5Dlx5FFxUR_xK7iSfAjPw3k24j0cPoWnaEcv4EJ-Ickf_MesHM9RJcxywTl6_PiJH_mgH77wF6cuyFIyHn-DD2Guox6PF9eGJ6MTog8fNGlwhQ3iHeXR4A3x41kelNJhfsSPvDx-FVtD3DWeHDkfQRkXhDoeRHL6wyFlIfyDrul2-A24r7jC4yn6BDOPOzzWF4mepUJE8ziuHO2NJ8yywzEf9MVx5IGeD_7wRDhzXAoPWTvKJ8h_2AkR_sOpE1dTQY72FM0eIWQiPMmDvGgObS3OIVdx9UOd8NhOCX2Ong0o9jiDWfOGFLqKssta_NgtXHKO7kQTkUGeTIL_EXc04S96eGIDf6ieEhl7JHV47PiP5wpKvnhEwvFRHvjxPEi-HGFiFt2NWziL5xKeXggtGgnPozLxnPgnmNHxnOgZH74RdsF5PMejCSfboZJy-BfOi4hOdLnAbMeTY3uM8fCTB_0NVo2Ry8OoHzJnqnAea8grPN6KPh-a4sPxSMauIz6S1MN1PA_xD1U0voHXBT96PDiS50jjvXh0fFuGZx--47yCZL6InIJ1VMep4dmUeUGe6NDka0F41Ep6TNmyHnk46C2Rd85xdNPRuMd_4uLxo12Ug0KwhyrEJjzuQHwuFBdUJ8rRNHUQWscfYUqEXorA08Teo0mm5HhXREoe6CFyHm1yuMczsrh-PCVJ9PhRB-EhHWF-9MJTHrGiCfqZIkdvgsp5dFMxMsWfGOayxMPxvEi5H-otPESu4D-aKflwBe2J6RyDHFQY5NuFLSJ6Gc_G48eXksgPHfmPKzraUDmcRMlXJOeQPjumFweTo0qlVBiP9DqSO_hxHZWkw_KiFpX54BKww_aQk5B2JUd3Ib5RB09MIX-D5Ceq5mCi7cTN4xcm7kHD7MdZNFVQKg9i_5BFnJIlxAjTvpgc8Tj-B7zRZDmmLQlCiT_8Dv2eGL9wE7kyQr6MsMsyZrBCHu_x7kKYOjn0rEGO_UHJHFR25B-0xBNy6ThK3cJDuFuOyi-eDz-eGMlN5A1qNMe945ES44qaDr-CBKFcbGr4oTrxB89HeNNyfJNEeHzw_MJxffijGS9C7oP4I2eM6SwORjzcYK4JNO-OpI6JPFtxRfiDd9rR_EEd3BnC_Ei240ozBlOeHyWZE5dQK6AsargOvUE_XOGRR3mhIwenKBkl43yEJh-OvCySPDvw48lCwsqt4MN9Ir1EQiNJRFRy4ccvWBf-De_xfEag3cj-aAoqGqQv4knw40KzSA5R_viaCH03RE9RnYd-_Lh0wn-x58iPpyWavkKbRA--o8sPJhe-FMnHIR8uPcUVUyjlC_sCJ_1QvRSO98h91AkO8clx1CGeJFSgn8KRH023HH344Bfe3vBZfCkeHYdz5MQb4jlK5cJ1w9KFHz2PUIebFbE0dE-gs-iDMDly4y60hD-0Ry0ajYkQ_sSVfQou5Ql-1AoFn3iWJNiOSLKQ_Pjx53hyTJKUBVb5BpOO40cOPdLhKlGw9ziLmYGq3Am-TwpCHWF-4cFx-cazpYH8wzxUKXqQ6-jR4E7CFacePLmCWiYR5oieTviJ8kWWpMeNPhEN8Q9R9gGb_NDj4xSuPxClXsb5MUGkSkaz48cZTHnwE35OVM8mJD7iewPxH5OU6MSzaNkDn8_Q48CRR4eWZDoqhzeu4zqeCYplMeCTVoikmIfjo36NV_iQbraIr4sMA4EVQgIIIZARBhACnFAACAOAMEAJAzQBQCihhAEWKGEMUoAKYwQgFABGhKAMAAEMAApJQwAxxAFlQAGOMaEEQkJIZAwBAkFmCVEGGMcQFUYYhhRFBkiDETIGASAAAMQiAIFSgBCCCBUEKEAUQxQQYQgEwCjnpAUQSEEAIggCQQQASAMChBBAQCAIRQSwZBzBhCDkFAJKQEE4AQxIJIAhSCkBrCXAAIYAUcQJBAzThBkBBBEOIKQcsJQaYAABigDlBTACMQsQAYwQYIggkCBEjBGUAUShQMYAJI0hgBAABAAAG-oRQIihQAgE5CAGsBEAGWCEEUYKSIAhxCBvDASaCEqEG4QJBwhSRDhihHFCAAARAoIIo5ARHCGosGFQQAMYQAAEoxgUAiBGBIOIKOMAAIgIKRQQFADBgGKIIQEAYAQgIhgwQstkFAMMMIKMM0YYQ5AhAhEKnSKEIEKEAdAwB5xECCBkgDAEcEQIQgpYjbhSxAhACEJAIGAJQYgJgAgABAIHjAGGKSQBAkYoIoCRDCiIkBEGEaSIE0yihJQxTggCCGNAMSKAEAhoQAgSAkABDCGGGWAIMoIVZaAgQhhGkZBKMUAEMEkaggQBBBAwACKMMmMIEA4QoJASGjDBBBDCQKAQcIAICpBgghBDCDTUCDQMIEARQQiSADBkkAAEGUKAAEUAqoQgBACJBAQIAUCQeQIxABTgSikAOCWUIAKIAMgIgxRhABkmgAFCAI2AIkJcYAxiygBBEGIAAAIARYhaBBBiqBjIlmHAE0CBEUoKKAyQxBFEhEAQCOSII8QIo4UHCiDHCGAAMUIIcIoTYBRSjlRgnAcMAyDEMggIAQEQGhFrlIAKIQAdEAASJKBRgBEJACCEWQCMIgwRJAwSmHzjCDSGAQEYgE4BYQhixEAGCDEIGkEgcgoJogBxEAAgAIAUMYCcAIQIgogBBAgtr3EWMOQIAUIBShI"], "date": ["1998"], "genre": ["R&B/Swing"], "musicbrainz album type": ["Album"], "musicip_puid": ["e5d16320-c709-10a9-9cb2-15c1b0b8c159"], "musicbrainz_recordingid": ["1edbd2ca-aa23-4387-ab85-fe8709bb17d4"], "musicbrainz_albumid": ["a28120f9-e011-45aa-be31-fe533981d27e"], "artist": ["Another Level"], "tracknumber": ["02"], "bpm": ["136.63"], "album": ["Another Level"], "musicbrainz album release country": ["Japan"], "acoustid_id": ["63aea32e-9822-4e1b-bf7b-0a01c049b3bf"], "file_name": "Another Level - Freak Me.mp3"}}, "rhythm": {"bpm_histogram_first_peak_bpm": {"dmean2": 0, "median": 136, "min": 136, "dvar2": 0, "dvar": 0, "dmean": 0, "max": 136, "var": 0, "mean": 136}, "bpm": 136.626937866, "bpm_histogram_second_peak_spread": {"dmean2": 0, "median": 0, "min": 0, "dvar2": 0, "dvar": 0, "dmean": 0, "max": 0, "var": 0, "mean": 0}, "bpm_histogram_first_peak_weight": {"dmean2": 0, "median": 0.81641793251, "min": 0.81641793251, "dvar2": 0, "dvar": 0, "dmean": 0, "max": 0.81641793251, "var": 0, "mean": 0.81641793251}, "onset_rate": 4.70530319214, "beats_position": [0.441179126501, 0.882358253002, 1.3235373497, 1.764716506, 2.20589566231, 2.6470746994, 3.08825397491, 3.52943301201, 3.97061228752, 4.41179132462, 4.841360569, 5.27092981339, 5.71210861206, 6.15328788757, 6.59446716309, 7.03564596176, 7.47682523727, 7.91800451279, 8.35918331146, 8.78875255585, 9.22993183136, 9.67111110687, 10.1006803513, 10.5418596268, 10.9830379486, 11.4242172241, 11.8653964996, 12.3065757751, 12.7477550507, 13.1889343262, 13.6301136017, 14.0712919235, 14.512471199, 14.9536504745, 15.3832197189, 15.8127889633, 16.2539672852, 16.6951465607, 17.1363258362, 17.5775051117, 18.0186843872, 18.4598636627, 18.9010429382, 19.3306121826, 19.7717914581, 20.2129707336, 20.642539978, 21.0837192535, 21.5248966217, 21.9660758972, 22.4072551727, 22.8484344482, 23.2896137238, 23.7307929993, 24.1719722748, 24.6015415192, 25.0427207947, 25.4839000702, 25.9134693146, 26.3546485901, 26.7958278656, 27.2370071411, 27.6781845093, 28.1193637848, 28.5605430603, 29.0017223358, 29.4429016113, 29.8840808868, 30.3136501312, 30.7432193756, 31.1843986511, 31.6255779266, 32.0667572021, 32.5079345703, 32.9491157532, 33.3902931213, 33.8314743042, 34.2726516724, 34.7022209167, 35.1317901611, 35.572971344, 36.0141487122, 36.455329895, 36.8965072632, 37.3376846313, 37.7788658142, 38.2200431824, 38.6612243652, 39.1024017334, 39.5435829163, 39.9847602844, 40.4143295288, 40.8438987732, 41.2850799561, 41.7262573242, 42.1674385071, 42.6086158752, 43.0497932434, 43.4909744263, 43.9321517944, 44.3733329773, 44.8145103455, 45.2440795898, 45.6736488342, 46.1148300171, 46.5560073853, 46.9971885681, 47.4383659363, 47.8795471191, 48.3207244873, 48.7619056702, 49.2030830383, 49.6442604065, 50.0738296509, 50.5033988953, 50.9445800781, 51.3857574463, 51.8269386292, 52.2681159973, 52.7092971802, 53.1504745483, 53.5916557312, 54.0328330994, 54.4740142822, 54.9151916504, 55.3563690186, 55.7859382629, 56.2155075073, 56.6566886902, 57.0978660583, 57.5390472412, 57.9802246094, 58.4214057922, 58.8625831604, 59.3037643433, 59.7449417114, 60.1861228943, 60.6156921387, 61.0452613831, 61.4864387512, 61.9276161194, 62.3687973022, 62.8099746704, 63.2511558533, 63.6923332214, 64.1335144043, 64.5746917725, 65.0042648315, 65.4454421997, 65.8866195679, 66.316192627, 66.7573699951, 67.1985473633, 67.6397247314, 68.0809020996, 68.5220870972, 68.9632644653, 69.4044418335, 69.8456192017, 70.2868041992, 70.7279815674, 71.1691589355, 71.5987319946, 72.0282974243, 72.4694747925, 72.91065979, 73.3518371582, 73.7930145264, 74.2341918945, 74.6753692627, 75.1165542603, 75.5461196899, 75.975692749, 76.4168701172, 76.8580474854, 77.2992248535, 77.7404098511, 78.1815872192, 78.6227645874, 79.0639419556, 79.5051269531, 79.9463043213, 80.3874816895, 80.8170471191, 81.2466201782, 81.6877975464, 82.1289749146, 82.5701599121, 83.0113372803, 83.4525146484, 83.8936920166, 84.3348770142, 84.7760543823, 85.2172317505, 85.6584091187, 86.0995864868, 86.5175476074, 86.9587249756, 87.3999099731, 87.8410873413, 88.2822647095, 88.7234420776, 89.1646270752, 89.6058044434, 90.0469818115, 90.4881591797, 90.9177322388, 91.3472976685, 91.788482666, 92.2296600342, 92.6708374023, 93.1120147705, 93.5531921387, 93.9943771362, 94.4355545044, 94.8767318726, 95.3179092407, 95.7590942383, 96.188659668, 96.6182327271, 97.0594100952, 97.5005874634, 97.9417648315, 98.3829498291, 98.8241271973, 99.253692627, 99.6948699951, 100.136054993, 100.577232361, 101.018409729, 101.447982788, 101.889160156, 102.330337524, 102.771514893, 103.21269989, 103.653877258, 104.095054626, 104.536231995, 104.977409363, 105.406982422, 105.84815979, 106.289337158, 106.718910217, 107.160087585, 107.601264954, 108.042449951, 108.483627319, 108.924804688, 109.365982056, 109.807167053, 110.248344421, 110.68952179, 111.119087219, 111.560272217, 111.989837646, 112.431015015, 112.872200012, 113.31337738, 113.754554749, 114.184127808, 114.625305176, 115.066482544, 115.507659912, 115.94884491, 116.390022278, 116.831199646, 117.260765076, 117.701950073, 118.143127441, 118.58430481, 119.025482178, 119.466667175, 119.907844543, 120.349021912, 120.79019928, 121.219772339, 121.649337769, 122.090522766, 122.531700134, 122.972877502, 123.414054871, 123.855232239, 124.296417236, 124.737594604, 125.178771973, 125.619949341, 126.061134338, 126.502311707, 126.943489075, 127.384666443, 127.814239502, 128.243804932, 128.6849823, 129.126159668, 129.567337036, 130.008529663, 130.449707031, 130.890884399, 131.320449829, 131.750015259, 132.191192627, 132.632385254, 133.073562622, 133.51473999, 133.955917358, 134.397094727, 134.838272095, 135.279449463, 135.720626831, 136.161804199, 136.591384888, 137.020950317, 137.462127686, 137.903305054, 138.344482422, 138.78565979, 139.226852417, 139.668029785, 140.109207153, 140.550384521, 140.99156189, 141.432739258, 141.862304688, 142.303482056, 142.733062744, 143.174240112, 143.61541748, 144.056594849, 144.497772217, 144.938949585, 145.380126953, 145.809707642, 146.25088501, 146.692062378, 147.121627808, 147.562805176, 148.003982544, 148.445159912, 148.886352539, 149.327529907, 149.768707275, 150.209884644, 150.651062012, 151.09223938, 151.533416748, 151.974594116, 152.404174805, 152.833740234, 153.274917603, 153.716094971, 154.157272339, 154.598449707, 155.039627075, 155.480819702, 155.92199707, 156.3515625, 156.78112793, 157.222305298, 157.663482666, 158.104675293, 158.545852661, 158.987030029, 159.428207397, 159.869384766, 160.310562134, 160.751739502, 161.19291687, 161.634094238, 162.063674927, 162.504852295, 162.934417725, 163.375595093, 163.816772461, 164.257949829, 164.699142456, 165.140319824, 165.581497192, 166.022674561, 166.45223999, 166.88180542, 167.322982788, 167.764175415, 168.205352783, 168.646530151, 169.08770752, 169.528884888, 169.970062256, 170.411239624, 170.852416992, 171.281997681, 171.71156311, 172.152740479, 172.593917847, 173.035095215, 173.476272583, 173.917449951, 174.358642578, 174.799819946, 175.240997314, 175.682174683, 176.123352051, 176.55291748, 176.982498169, 177.423675537, 177.864852905, 178.306030273, 178.747207642, 179.18838501, 179.629562378, 180.070739746, 180.511917114, 180.953109741, 181.394287109, 181.835464478, 182.265029907, 182.706207275, 183.135772705, 183.576965332, 184.0181427, 184.459320068, 184.900497437, 185.341674805, 185.782852173, 186.224029541, 186.665206909, 187.106384277, 187.535964966, 187.965530396, 188.406707764, 188.847885132, 189.2890625, 189.730239868, 190.171432495, 190.612609863, 191.053787231, 191.483352661, 191.924530029, 192.365707397, 192.795272827, 193.236465454, 193.677642822, 194.11882019, 194.559997559, 195.001174927, 195.442352295, 195.883529663, 196.324707031, 196.765899658, 197.207077026, 197.636642456, 198.066207886, 198.507385254, 198.948562622, 199.38973999, 199.830932617, 200.272109985, 200.713287354, 201.154464722, 201.584030151, 202.013595581, 202.454788208, 202.895965576, 203.337142944, 203.778320313, 204.219497681, 204.660675049, 205.101852417, 205.543029785, 205.984207153, 206.42539978, 206.866577148, 207.307754517, 207.748931885, 208.190109253, 208.631286621, 209.060852051, 209.490432739, 209.931610107, 210.372787476, 210.813964844, 211.255142212, 211.69631958, 212.137496948, 212.567077637, 212.996643066, 213.437820435, 213.878997803, 214.320175171, 214.761352539, 215.202529907, 215.643707275, 216.084899902, 216.526077271, 216.967254639, 217.408432007, 217.837997437, 218.267562866, 218.708755493, 219.149932861, 219.591110229, 220.032287598, 220.473464966, 220.914642334, 221.355819702, 221.79699707, 222.226577759, 222.656143188, 223.097320557, 223.538497925, 223.979675293, 224.420852661, 224.862030029, 225.303222656, 225.744400024, 226.185577393, 226.626754761, 227.067932129, 227.497497559, 227.927078247, 228.368255615, 228.809432983, 229.250610352, 229.69178772, 230.132965088, 230.574142456, 231.015319824, 231.456497192, 231.897689819, 232.338867188, 232.768432617, 233.197998047, 233.639175415, 234.080352783, 234.521530151, 234.962722778, 235.403900146, 235.845077515, 236.286254883, 236.727432251, 237.168609619, 237.598175049, 238.039367676, 238.480545044, 238.910110474, 239.351287842, 239.79246521, 240.233642578, 240.674819946, 241.115997314, 241.545578003, 241.986755371, 242.427932739, 242.869110107, 243.310287476, 243.739852905, 244.181045532, 244.6222229, 245.063400269, 245.504577637, 245.945755005, 246.386932373, 246.828109741, 247.269287109, 247.698867798, 248.140045166, 248.581222534, 249.010787964, 249.451965332, 249.8931427, 250.334320068, 250.775512695, 251.216690063, 251.657867432, 252.0990448, 252.540222168, 252.981399536, 253.410964966, 253.852142334, 254.281723022, 254.722900391, 255.164077759, 255.605255127, 256.046447754, 256.487609863, 256.92880249, 257.35836792, 257.78793335, 258.229125977, 258.670288086, 259.111480713, 259.552642822, 259.993835449, 260.434997559, 260.876190186, 261.317352295, 261.746948242, 262.176513672, 262.617675781, 263.058868408, 263.500030518, 263.941223145, 264.382385254, 264.823577881, 265.264770508, 265.705932617, 266.147125244, 266.588287354, 267.02947998, 267.47064209, 267.911834717, 268.341400146, 268.770965576, 269.212158203, 269.653320313, 270.094512939, 270.535675049, 270.976867676, 271.418029785, 271.859222412, 272.288787842, 272.718353271, 273.159545898, 273.600708008, 274.041900635, 274.483093262, 274.924255371, 275.365447998, 275.806610107, 276.247802734, 276.688964844, 277.130157471, 277.57131958, 278.012512207, 278.442077637, 278.871643066, 279.312835693, 279.753997803, 280.19519043, 280.636352539, 281.077545166, 281.518737793, 281.959899902, 282.401092529, 282.842254639, 283.271820068, 283.701385498, 284.142578125, 284.583770752, 285.024932861, 285.466125488, 285.907287598, 286.348480225, 286.789642334, 287.230834961, 287.660400391, 288.08996582, 288.531158447, 288.972320557, 289.425109863, 289.854675293, 290.28427124, 290.71383667, 291.1434021, 291.596191406, 292.048980713, 292.50177002, 292.942932129, 293.384124756, 293.813690186, 294.243255615, 294.684448242], "beats_loudness": {"dmean2": 0.0948372408748, "median": 0.0406798943877, "min": 1.48621311382e-05, "dvar2": 0.00630999542773, "dvar": 0.00234328140505, "dmean": 0.0500890240073, "max": 0.209049552679, "var": 0.00201822421513, "mean": 0.054770309478}, "danceability": 1.14950251579, "bpm_histogram_second_peak_weight": {"dmean2": 0, "median": 0.00149253732525, "min": 0.00149253732525, "dvar2": 0, "dvar": 0, "dmean": 0, "max": 0.00149253732525, "var": 0, "mean": 0.00149253732525}, "beats_count": 671, "bpm_histogram_second_peak_bpm": {"dmean2": 0, "median": 144, "min": 144, "dvar2": 0, "dvar": 0, "dmean": 0, "max": 144, "var": 0, "mean": 144}, "bpm_histogram_first_peak_spread": {"dmean2": 0, "median": 0.18236169219, "min": 0.18236169219, "dvar2": 0, "dvar": 0, "dmean": 0, "max": 0.18236169219, "var": 0, "mean": 0.18236169219}, "beats_loudness_band_ratio": {"dmean2": [0.595451235771, 0.111677013338, 0.265341937542, 0.22382928431, 0.195702001452, 0.259053438902], "median": [0.479176670313, 0.045376509428, 0.101127482951, 0.0446183271706, 0.0564128309488, 0.0521578676999], "min": [7.66229732108e-07, 5.46492883586e-05, 0.000498397683259, 0.00015487188648, 0.00012549215171, 0.00105738511775], "dvar2": [0.159207046032, 0.0179106686264, 0.0467508621514, 0.0374437533319, 0.060917083174, 0.0972077772021], "dvar": [0.0928518474102, 0.00581806013361, 0.0183108691126, 0.0159427877516, 0.023629643023, 0.0320753082633], "dmean": [0.350273251534, 0.0620703175664, 0.15470816195, 0.12378166616, 0.115383192897, 0.149732485414], "max": [0.994875371456, 0.655402839184, 0.761902332306, 0.916012644768, 0.978548765182, 0.985774993896], "var": [0.131383478642, 0.0051125427708, 0.0250176060945, 0.0153102548793, 0.0308044757694, 0.0301929954439], "mean": [0.465051174164, 0.0669034644961, 0.16276730597, 0.0980888754129, 0.11160030216, 0.130140721798]}}, "lowlevel": {"barkbands_spread": {"dmean2": 14.5127286911, "median": 19.8648872375, "min": 0.355590760708, "dvar2": 308.667633057, "dvar": 137.920913696, "dmean": 9.42976570129, "max": 130.49760437, "var": 324.893798828, "mean": 23.9626541138}, "melbands_spread": {"dmean2": 17.5375099182, "median": 17.378578186, "min": 0.154062509537, "dvar2": 784.297241211, "dvar": 365.997528076, "dmean": 11.2835836411, "max": 266.358581543, "var": 873.170471191, "mean": 25.9616241455}, "hfc": {"dmean2": 19.4749107361, "median": 16.098367691, "min": 1.18597701922e-16, "dvar2": 1308.47424316, "dvar": 575.43359375, "dmean": 13.3694067001, "max": 409.366943359, "var": 1020.2041626, "mean": 25.7984275818}, "barkbands_kurtosis": {"dmean2": 13.2078523636, "median": 3.23748254776, "min": -1.95462620258, "dvar2": 1026.03125, "dvar": 403.247711182, "dmean": 8.28818321228, "max": 457.769897461, "var": 727.028564453, "mean": 11.8476362228}, "gfcc": {"mean": [-9.46773147583, 57.683139801, -99.2736740112, 23.9496555328, -63.0833587646, 18.4422836304, -43.1524810791, 19.4120731354, -20.9933128357, 7.4910826683, -21.5901756287, 4.02164363861, -14.2995681763], "icov": [[0.000176699337317, -0.000161667834618, 0.00013752002269, -0.000169092891156, 0.000194550186279, -0.000291787611786, 0.000201259754249, -0.000231252997764, 0.000174688451807, -0.000424922211096, 0.000536195235327, -0.000406432780437, 0.000345573178492], [-0.000161667834618, 0.00100689858664, -0.000550676952116, 0.000468278041808, -0.000843502173666, 0.000777349225245, -0.000711039290763, 0.000712402863428, -0.000794655410573, 0.00155305443332, -0.00160381605383, 0.00157893437427, -0.000547874369659], [0.00013752002269, -0.000550676952116, 0.00124705117196, -0.000767193792854, 0.000279098458122, -0.000809563032817, 0.000147145867231, -0.000869800511282, 0.000680749537423, -0.00136238569394, 0.00142536219209, -0.00161673920229, 0.00114894390572], [-0.000169092891156, 0.000468278041808, -0.000767193792854, 0.00233944202773, -0.00125001522247, 0.000884520122781, -0.000706994440407, 0.000729528313968, -0.00113432633225, 0.000489876430947, -0.000781334296335, 0.00114091066644, -0.000345409818692], [0.000194550186279, -0.000843502173666, 0.000279098458122, -0.00125001522247, 0.004461329896, -0.00217825756408, 0.000290890486212, -0.0013149996521, -0.000500557303894, -0.00141115800943, 0.00155526935123, -0.000658770673908, -0.000817157095298], [-0.000291787611786, 0.000777349225245, -0.000809563032817, 0.000884520122781, -0.00217825756408, 0.0060793608427, -0.00276950025, 0.000613139825873, -0.000673079979606, 0.000947527587414, -0.00182764756028, 0.000640288635623, 0.000761069823056], [0.000201259754249, -0.000711039290763, 0.000147145867231, -0.000706994440407, 0.000290890486212, -0.00276950025, 0.00481450278312, -0.00102531921584, 0.00159848795738, -0.0015652414877, -7.42049815017e-05, -0.000106881627289, -9.92862987914e-05], [-0.000231252997764, 0.000712402863428, -0.000869800511282, 0.000729528313968, -0.0013149996521, 0.000613139825873, -0.00102531921584, 0.00771762011573, -0.0030220169574, 0.00196835910901, -0.00139497988857, 1.57569593284e-05, -0.00153026543558], [0.000174688451807, -0.000794655410573, 0.000680749537423, -0.00113432633225, -0.000500557303894, -0.000673079979606, 0.00159848795738, -0.0030220169574, 0.00845505669713, -0.00357603165321, 0.000607099034823, 0.000515448511578, -0.00120098260231], [-0.000424922211096, 0.00155305443332, -0.00136238569394, 0.000489876430947, -0.00141115800943, 0.000947527587414, -0.0015652414877, 0.00196835910901, -0.00357603165321, 0.011421401985, -0.00359414680861, 0.00147459737491, 0.000121626595501], [0.000536195235327, -0.00160381605383, 0.00142536219209, -0.000781334296335, 0.00155526935123, -0.00182764756028, -7.42049815017e-05, -0.00139497988857, 0.000607099034823, -0.00359414680861, 0.0119450213388, -0.00481161940843, -0.000627639354207], [-0.000406432780437, 0.00157893437427, -0.00161673920229, 0.00114091066644, -0.000658770673908, 0.000640288635623, -0.000106881627289, 1.57569593284e-05, 0.000515448511578, 0.00147459737491, -0.00481161940843, 0.0127791389823, -0.0040989224799], [0.000345573178492, -0.000547874369659, 0.00114894390572, -0.000345409818692, -0.000817157095298, 0.000761069823056, -9.92862987914e-05, -0.00153026543558, -0.00120098260231, 0.000121626595501, -0.000627639354207, -0.0040989224799, 0.0104998210445]], "cov": [[8514.00976563, 106.331542969, 504.452728271, 374.876739502, -27.833770752, 282.43548584, -57.547039032, 34.7815589905, -60.7601966858, 192.591766357, -300.032592773, 26.0502109528, -352.594177246], [106.331542969, 2594.07739258, 699.140197754, 302.01965332, 570.681213379, 190.649230957, 411.270111084, 100.136833191, 224.59715271, -42.6026611328, 173.135467529, -140.621795654, 96.0041809082], [504.452728271, 699.140197754, 2181.66333008, 722.28729248, 503.31060791, 451.892883301, 426.63772583, 188.278915405, 101.799072266, 217.914581299, -33.0288352966, 66.312713623, -124.167358398], [374.876739502, 302.01965332, 722.28729248, 875.00982666, 398.614990234, 186.521316528, 225.20463562, 97.9672622681, 163.936706543, 124.863082886, 5.74617910385, -18.8714580536, -2.6386950016], [-27.833770752, 570.681213379, 503.31060791, 398.614990234, 615.129394531, 264.694793701, 249.564651489, 147.159210205, 176.639801025, 96.415397644, 44.2730636597, -4.96186590195, 61.0230445862], [282.43548584, 190.649230957, 451.892883301, 186.521316528, 264.694793701, 402.596038818, 270.712432861, 74.0667419434, 50.1863975525, 79.0669708252, 34.8763046265, 15.5912122726, -24.8915653229], [-57.547039032, 411.270111084, 426.63772583, 225.20463562, 249.564651489, 270.712432861, 459.851928711, 79.5127792358, 41.1174697876, 73.5163040161, 63.2845420837, 0.399580478668, 7.60477638245], [34.7815589905, 100.136833191, 188.278915405, 97.9672622681, 147.159210205, 74.0667419434, 79.5127792358, 207.832626343, 95.3456268311, 28.2844429016, 29.8620929718, 27.2445583344, 46.8255462646], [-60.7601966858, 224.59715271, 101.799072266, 163.936706543, 176.639801025, 50.1863975525, 41.1174697876, 95.3456268311, 227.387023926, 61.5781211853, 33.1382675171, -10.6214933395, 55.4967727661], [192.591766357, -42.6026611328, 217.914581299, 124.863082886, 96.415397644, 79.0669708252, 73.5163040161, 28.2844429016, 61.5781211853, 155.543563843, 19.4853534698, 13.0264959335, -10.2177791595], [-300.032592773, 173.135467529, -33.0288352966, 5.74617910385, 44.2730636597, 34.8763046265, 63.2845420837, 29.8620929718, 33.1382675171, 19.4853534698, 149.719223022, 35.8602867126, 55.0937461853], [26.0502109528, -140.621795654, 66.312713623, -18.8714580536, -4.96186590195, 15.5912122726, 0.399580478668, 27.2445583344, -10.6214933395, 13.0264959335, 35.8602867126, 130.058242798, 37.936126709], [-352.594177246, 96.0041809082, -124.167358398, -2.6386950016, 61.0230445862, -24.8915653229, 7.60477638245, 46.8255462646, 55.4967727661, -10.2177791595, 55.0937461853, 37.936126709, 163.372787476]]}, "spectral_energyband_middle_low": {"dmean2": 0.0071161147207, "median": 0.00461103068665, "min": 2.69359572692e-22, "dvar2": 0.000142022545333, "dvar": 5.44592112419e-05, "dmean": 0.0043941764161, "max": 0.090925693512, "var": 0.000104310944153, "mean": 0.00864703580737}, "melbands_crest": {"dmean2": 5.44450759888, "median": 16.0835971832, "min": 1.68078553677, "dvar2": 27.3145217896, "dvar": 11.5531845093, "dmean": 3.45973801613, "max": 36.9630203247, "var": 40.8072052002, "mean": 16.2653903961}, "spectral_kurtosis": {"dmean2": 2.53285622597, "median": 3.03073811531, "min": -1.42494893074, "dvar2": 21.6191368103, "dvar": 11.298584938, "dmean": 1.68003356457, "max": 103.156158447, "var": 28.7966823578, "mean": 4.0891752243}, "spectral_rms": {"dmean2": 0.00137762969825, "median": 0.00520389759913, "min": 3.1923819057e-12, "dvar2": 2.86365457214e-06, "dvar": 1.42396118008e-06, "dmean": 0.000956246338319, "max": 0.0143385520205, "var": 5.69771418668e-06, "mean": 0.00504615344107}, "zerocrossingrate": {"dmean2": 0.0233486313373, "median": 0.06591796875, "min": 0.001953125, "dvar2": 0.000701946439222, "dvar": 0.00066032120958, "dmean": 0.02133028768, "max": 0.5517578125, "var": 0.00481114815921, "mean": 0.0834518969059}, "silence_rate_60dB": {"dmean2": 0.0742344334722, "median": 0, "min": 0, "dvar2": 0.0770676955581, "dvar": 0.0357678830624, "dmean": 0.0371536538005, "max": 1, "var": 0.0835487172008, "mean": 0.0920110195875}, "erbbands_kurtosis": {"dmean2": 2.36625432968, "median": 0.0517458766699, "min": -1.81877541542, "dvar2": 15.4365110397, "dvar": 7.42712545395, "dmean": 1.52295935154, "max": 81.2077026367, "var": 17.3133182526, "mean": 1.31978976727}, "erbbands": {"dmean2": [0.32906961441, 2.39347147942, 2.82100343704, 4.57496738434, 8.18051242828, 7.69022655487, 5.89543867111, 9.40895748138, 24.0800418854, 37.1047058105, 34.637336731, 21.4290790558, 27.7688865662, 28.4190292358, 19.1727428436, 24.4370231628, 19.5567436218, 20.6424636841, 39.6566009521, 41.9261016846, 38.8070678711, 23.7705879211, 16.617767334, 8.58357429504, 11.36378479, 9.07436180115, 15.4244375229, 11.5299053192, 9.65518856049, 12.3054208755, 12.9465761185, 7.21835041046, 4.32908582687, 2.80917143822, 1.75013327599, 1.07083594799, 0.464360624552, 0.0529058463871, 0.00109909987077, 5.46220653632e-05], "median": [0.109774053097, 1.09555768967, 1.81382226944, 2.03500390053, 2.08287501335, 1.66522145271, 2.12205862999, 3.51709342003, 6.87709474564, 7.42653846741, 10.6116857529, 6.12234687805, 6.35628032684, 6.37466812134, 4.03539800644, 7.70500946045, 4.19910621643, 3.54988408089, 4.7167224884, 5.04381513596, 5.44572687149, 7.00403213501, 4.53107690811, 3.02707767487, 3.86350417137, 3.12160134315, 2.05904173851, 2.14725852013, 2.19039154053, 2.11841464043, 2.16963458061, 1.73227190971, 1.20604729652, 0.739746212959, 0.550184071064, 0.239073500037, 0.0527098029852, 0.00578091060743, 0.000142089702422, 4.82803807245e-05], "min": [1.09897093706e-21, 6.21376460563e-21, 9.35460816558e-21, 2.83721011401e-20, 1.54642077908e-20, 1.70407348745e-19, 1.5529791258e-19, 1.30201834406e-19, 2.81992565812e-19, 5.1595178743e-19, 2.05958708103e-18, 2.68156693107e-18, 9.38805741085e-19, 1.16227871653e-18, 1.4952524139e-18, 2.91071250436e-18, 1.77724883127e-18, 4.56962446361e-18, 3.5700594114e-18, 8.90195810644e-18, 1.29395176662e-17, 1.40069520605e-17, 7.05988974801e-18, 6.30053215542e-18, 7.41987544187e-18, 1.08604893592e-17, 1.4055899646e-17, 1.88499307652e-17, 2.32360642351e-17, 1.90395404139e-17, 2.01347639409e-17, 2.14464225839e-17, 1.23645692378e-17, 1.2572788796e-17, 1.21095891596e-17, 6.44285726521e-18, 3.62070892108e-18, 1.14071690969e-18, 3.35914246897e-19, 3.07697261509e-20], "dvar2": [0.669532239437, 39.0245246887, 32.5470428467, 91.9178237915, 353.015655518, 343.110473633, 143.605422974, 302.40536499, 2415.21801758, 7739.58007813, 4665.13964844, 2679.63232422, 6505.9609375, 5061.58740234, 2426.77807617, 3211.51074219, 3048.82080078, 5481.95996094, 14239.1533203, 11186.8935547, 12642.5429688, 3396.2487793, 1597.32971191, 702.36151123, 783.614440918, 306.730621338, 1525.2388916, 687.425109863, 565.825439453, 795.291992188, 1078.75341797, 498.587097168, 207.550079346, 43.3047409058, 15.107550621, 4.360932827, 0.671600461006, 0.00714751938358, 3.2618061141e-06, 6.32072794104e-09], "dvar": [0.268597871065, 14.7867174149, 13.4938249588, 31.5673427582, 127.543251038, 125.288200378, 59.7506561279, 125.0963974, 972.386169434, 2908.77758789, 1921.64550781, 1158.32849121, 2603.32568359, 2152.09594727, 1005.43499756, 1281.16235352, 1296.08959961, 2036.4576416, 6576.40917969, 5104.76220703, 5728.40039063, 1640.27832031, 638.495056152, 280.792236328, 341.892211914, 134.598297119, 608.571228027, 315.713562012, 263.175018311, 348.042785645, 482.190063477, 281.120361328, 97.2890548706, 19.9104938507, 6.89639663696, 1.8291913271, 0.278853178024, 0.00339591596276, 1.49116226567e-06, 2.8720772427e-09], "dmean": [0.215194627643, 1.48730516434, 1.82795131207, 2.70833230019, 4.78589248657, 4.48093128204, 3.62039399147, 5.86638355255, 15.0630683899, 22.1946182251, 21.3033866882, 13.7782278061, 17.4995822906, 18.0503692627, 11.998093605, 14.9717082977, 11.716758728, 12.9033937454, 25.4444942474, 27.5796775818, 25.2437496185, 15.5298614502, 10.2898616791, 5.42288160324, 7.41654920578, 5.77305984497, 9.62066841125, 7.47429084778, 6.50638389587, 7.77948999405, 8.00105571747, 4.59193897247, 2.82903122902, 1.87098121643, 1.19441926479, 0.720917284489, 0.306887149811, 0.0363998711109, 0.000754433567636, 3.80688979931e-05], "max": [6.64877748489, 43.0275268555, 69.297088623, 111.738571167, 144.726745605, 183.619812012, 163.864959717, 207.933502197, 472.318725586, 771.667053223, 714.399353027, 743.689086914, 1087.50756836, 1219.27160645, 1058.93237305, 921.439025879, 1890.38439941, 2657.63427734, 1804.69970703, 1763.26635742, 1781.12268066, 1221.49572754, 699.803222656, 758.750671387, 415.647277832, 306.511322021, 273.808746338, 450.745361328, 485.044250488, 492.90447998, 783.082702637, 685.260192871, 364.691772461, 174.013473511, 119.954200745, 31.9314937592, 7.70074272156, 0.903239905834, 0.0196405164897, 0.000787206576206], "var": [0.407940894365, 17.9863986969, 36.4551544189, 46.238368988, 114.630432129, 118.396484375, 88.5015640259, 221.307281494, 1608.92358398, 3172.28710938, 3559.30200195, 2480.35791016, 4049.45825195, 5049.78173828, 2208.1394043, 2189.578125, 1940.24194336, 2450.3972168, 8632.93945313, 10419.59375, 15901.3310547, 4203.91259766, 1043.37390137, 321.363922119, 494.066436768, 231.044418335, 615.598449707, 500.346588135, 423.926055908, 458.23651123, 691.955627441, 519.080505371, 171.369598389, 41.8675956726, 12.0661687851, 2.55040407181, 0.343323796988, 0.00572803569958, 2.39244309341e-06, 5.01270536191e-09], "mean": [0.403661251068, 2.75461196899, 4.28605413437, 4.31505775452, 5.76534938812, 5.20869684219, 5.14414215088, 8.96049213409, 22.0217475891, 27.3024921417, 32.1495094299, 22.8235092163, 24.8512649536, 31.0250320435, 19.2667102814, 21.4417285919, 14.5040597916, 17.048784256, 32.7640151978, 39.2076644897, 40.8419265747, 26.4855499268, 15.6520061493, 8.29623413086, 10.8839654922, 8.56054592133, 10.5439014435, 9.66724681854, 8.73581123352, 9.26750946045, 9.31545448303, 6.0770740509, 3.91681861877, 2.561024189, 1.66964948177, 0.886459946632, 0.331726104021, 0.0407377183437, 0.000852567667607, 7.0616377343e-05]}, "spectral_strongpeak": {"dmean2": 0.869216501713, "median": 0.40002438426, "min": 0, "dvar2": 2.67598676682, "dvar": 1.12309193611, "dmean": 0.522032439709, "max": 13.8896102905, "var": 2.33981585503, "mean": 0.909411907196}, "spectral_energy": {"dmean2": 0.0172975566238, "median": 0.0277575645596, "min": 1.04460851007e-20, "dvar2": 0.000726038357243, "dvar": 0.000327438116074, "dmean": 0.0116520170122, "max": 0.210733935237, "var": 0.000740767573006, "mean": 0.0319405309856}, "average_loudness": 0.89289689064, "spectral_rolloff": {"dmean2": 1596.17675781, "median": 1012.06054688, "min": 64.599609375, "dvar2": 6947372, "dvar": 3348296.75, "dmean": 965.287841797, "max": 18841.5527344, "var": 8091342, "mean": 2117.86767578}, "spectral_centroid": {"dmean2": 548.478515625, "median": 1270.54626465, "min": 124.861473083, "dvar2": 427984.6875, "dvar": 225113.546875, "dmean": 367.987670898, "max": 10823.4648438, "var": 818715.75, "mean": 1466.64208984}, "pitch_salience": {"dmean2": 0.130145475268, "median": 0.509365141392, "min": 0.0233486220241, "dvar2": 0.0181015823036, "dvar": 0.00733297877014, "dmean": 0.0822153836489, "max": 0.882402777672, "var": 0.0240367557853, "mean": 0.499096810818}, "spectral_energyband_middle_high": {"dmean2": 0.0037163568195, "median": 0.00212913262658, "min": 1.13789335937e-21, "dvar2": 4.81281640532e-05, "dvar": 2.11687602132e-05, "dmean": 0.00244919676334, "max": 0.0679881721735, "var": 4.73403633805e-05, "mean": 0.00501919537783}, "spectral_contrast_coeffs": {"dmean2": [0.0834595263004, 0.0795649960637, 0.0672898292542, 0.0583785735071, 0.0449795462191, 0.0344748944044], "median": [-0.665409386158, -0.739331841469, -0.765412986279, -0.772853195667, -0.779387772083, -0.802204012871], "min": [-0.958074867725, -0.967194139957, -0.96756285429, -0.961672782898, -0.962482750416, -0.959511637688], "dvar2": [0.00480038300157, 0.00419878400862, 0.00301219243556, 0.00218463921919, 0.00136302248575, 0.00106764805969], "dvar": [0.00191382621415, 0.00162945769262, 0.0012456283439, 0.00101179117337, 0.000641327234916, 0.000550593540538], "dmean": [0.0520245395601, 0.048880673945, 0.0424383282661, 0.0376742295921, 0.0287121217698, 0.0232166964561], "max": [-0.286270201206, -0.377161175013, -0.442939460278, -0.401810377836, -0.497908562422, -0.547258019447], "var": [0.0119476