{"metadata": {"tags": {"album": ["Fred Deakin Presents: The Triptych (disc 2)"], "musicbrainz_artistid": ["db6899d8-c55f-4d79-9d0b-a6fe3a83792a"], "musicbrainz_recordingid": ["1edc86cc-4c38-4470-8659-8227fbfa542a"], "artist": ["Sounds Orchestral"], "compilation": ["1"], "date": ["2007-00-00"], "tracknumber": ["27"], "title": ["Moonshot"], "file_name": "27-Sounds_Orchestral-Moonshot.flac", "musicbrainz_albumid": ["be9fc77a-8df6-4f2c-b7b8-ab353d7cdba4"], "musicbrainz_albumartistid": ["89ad4ac3-39f7-470e-963a-56509c546377"]}, "audio_properties": {"sample_rate": 44100, "downmix": "mix", "lossless": true, "analysis_sample_rate": 44100, "md5_encoded": "c2154d28291ffd6188d498ed8f813b96", "equal_loudness": 0, "replay_gain": -11.6235656738, "codec": "flac", "bit_rate": 0, "length": 178.533340454}, "version": {"extractor": "music 1.0", "essentia_build_sha": "cead25079874084f62182a551b7393616cd33d87", "essentia_git_sha": "v2.1_beta2-1-ge3940c0", "essentia": "2.1-beta2"}}, "rhythm": {"beats_loudness_band_ratio": {"dvar2": [0.159337624907, 0.03097605519, 0.0376662053168, 0.0119728520513, 0.00909382104874, 0.0321708843112], "var": [0.0853959992528, 0.0113181164488, 0.0237294305116, 0.00493510160595, 0.00309778260998, 0.0191687829792], "min": [0.000269859476248, 0.000126017315779, 0.000919313577469, 0.000550924683921, 7.04531412339e-05, 3.70850975742e-05], "dmean": [0.293920725584, 0.106385320425, 0.129823789001, 0.0582593046129, 0.0541906654835, 0.0882415175438], "mean": [0.487113654613, 0.138130903244, 0.161527305841, 0.0725292414427, 0.0625359266996, 0.11250372231], "max": [0.994537711143, 0.673343777657, 0.95518887043, 0.617887914181, 0.338728666306, 0.799317419529], "dmean2": [0.539783120155, 0.184349864721, 0.229085445404, 0.10243037343, 0.10052537173, 0.158724799752], "median": [0.502539157867, 0.115022167563, 0.120444729924, 0.0566340014338, 0.0473948568106, 0.0668063759804], "dvar": [0.0511797107756, 0.00994452182204, 0.0153036490083, 0.0041173947975, 0.00294474302791, 0.012637023814]}, "bpm_histogram_first_peak_weight": {"dvar2": 0, "var": 0, "min": 0.284745752811, "dmean": 0, "mean": 0.284745752811, "max": 0.284745752811, "dmean2": 0, "median": 0.284745752811, "dvar": 0}, "bpm": 95.8952102661, "beats_count": 296, "bpm_histogram_first_peak_spread": {"dvar2": 0, "var": 0, "min": 0.611111104488, "dmean": 0, "mean": 0.611111104488, "max": 0.611111104488, "dmean2": 0, "median": 0.611111104488, "dvar": 0}, "danceability": 1.07808506489, "bpm_histogram_first_peak_bpm": {"dvar2": 0, "var": 0, "min": 96, "dmean": 0, "mean": 96, "max": 96, "dmean2": 0, "median": 96, "dvar": 0}, "beats_position": [0.510838985443, 1.03328800201, 1.55573689938, 2.07818579674, 2.60063481331, 3.13469386101, 3.65714287758, 4.19120168686, 4.71365070343, 5.23609972, 5.75854873657, 6.29260778427, 6.82666635513, 7.36072540283, 7.87156438828, 8.35918331146, 8.87002277374, 9.38086128235, 9.89170074463, 10.4025392532, 10.9249887466, 11.4474372864, 11.9698867798, 12.4923353195, 13.0147848129, 13.5372333527, 14.0712919235, 14.6053514481, 15.1161899567, 15.6270294189, 16.1378688812, 16.6487064362, 17.1595458984, 17.6703853607, 18.181224823, 18.6920623779, 19.2145118713, 19.7253513336, 20.247800827, 20.7702484131, 21.2694778442, 21.7570972443, 22.2447166443, 22.7323360443, 23.2431735992, 23.7191829681, 24.195192337, 24.6712017059, 25.158821106, 25.6348285675, 26.1108379364, 26.5868473053, 27.0628566742, 27.5388660431, 28.0264854431, 28.5141029358, 29.0017223358, 29.4893417358, 30.1394996643, 30.7896595001, 31.4514274597, 32.1131973267, 32.7865753174, 33.4367332458, 34.0868911743, 34.7486610413, 35.3988189697, 36.0373687744, 36.6759185791, 37.3144645691, 37.94140625, 38.57995224, 39.2068939209, 39.8454399109, 40.4723815918, 41.099319458, 41.7262573242, 42.3648071289, 43.0033569336, 43.6302947998, 44.2688446045, 44.9073905945, 45.5575485229, 46.2077102661, 46.8462562561, 47.4848060608, 48.111743927, 48.7386856079, 49.3656234741, 49.9809532166, 50.5962791443, 51.2116088867, 51.8385467529, 52.4654884338, 53.0924263, 53.7193641663, 54.3579139709, 54.9848518372, 55.6117897034, 56.2271194458, 56.8424491882, 57.457775116, 58.0731048584, 58.6768226624, 59.2921524048, 59.9074821472, 60.5111999512, 61.1265296936, 61.741859436, 62.3687973022, 62.9957351685, 63.6226730347, 64.2612228394, 64.899772644, 65.5267105103, 66.1536483765, 66.7921981812, 67.4307479858, 68.0576858521, 68.6846237183, 69.3115615845, 69.9384994507, 70.5770492554, 71.2272109985, 71.8889770508, 72.5391387939, 73.2009048462, 73.8394546509, 74.489616394, 75.1397705078, 75.789932251, 76.4400863647, 77.0786361694, 77.7171859741, 78.3441238403, 78.9710617065, 79.5863952637, 80.2133331299, 80.8286590576, 81.4439926147, 82.0593185425, 82.6862564087, 83.3131942749, 83.928527832, 84.5322418213, 85.1591796875, 85.7861175537, 86.4130630493, 87.0283889771, 87.6553268433, 88.270652771, 88.8859863281, 89.5013122559, 90.116645813, 90.7203598022, 91.3124694824, 91.9045791626, 92.5083007812, 93.1120147705, 93.7157363892, 94.3194503784, 94.9347839355, 95.5733337402, 96.223487854, 96.8388214111, 97.4541473389, 98.0694732666, 98.6848068237, 99.3001327515, 99.9154663086, 100.519180298, 101.122901917, 101.738227844, 102.353561401, 102.957275391, 103.560997009, 104.176322937, 104.791656494, 105.406982422, 106.033920288, 106.660858154, 107.322631836, 107.984397888, 108.64616394, 109.296325684, 109.958091736, 110.585029602, 111.211967468, 111.850517273, 112.454238892, 113.05796051, 113.673286438, 114.288612366, 114.92716217, 115.565711975, 116.215873718, 116.854415894, 117.492965698, 118.131515503, 118.770065308, 119.408615112, 120.047164917, 120.685714722, 121.324264526, 121.951202393, 122.578140259, 123.193466187, 123.808792114, 124.43573761, 125.051063538, 125.689613342, 126.316551208, 126.943489075, 127.558815002, 128.197372437, 128.824310303, 129.451248169, 130.078186035, 130.71673584, 131.332061768, 131.958999634, 132.5859375, 133.212875366, 133.839813232, 134.45513916, 135.070480347, 135.697418213, 136.324356079, 136.951293945, 137.578231812, 138.205169678, 138.832107544, 139.447433472, 140.062759399, 140.678085327, 141.293426514, 141.92036438, 142.547302246, 143.174240112, 143.801177979, 144.428115845, 145.066665649, 145.705215454, 146.33215332, 146.970703125, 147.60925293, 148.236190796, 148.863128662, 149.490066528, 150.117004395, 150.743942261, 151.370880127, 151.974594116, 152.566711426, 153.182037354, 153.80897522, 154.435913086, 155.062850952, 155.689788818, 156.305114746, 156.908843994, 157.512557983, 158.13949585, 158.754821777, 159.381759644, 160.00869751, 160.624038696, 161.239364624, 161.854690552, 162.458404541, 163.050521851, 163.665847778, 164.281173706, 164.919723511, 165.546661377, 166.173599243, 166.788925171, 167.415863037, 168.042816162, 168.669754028, 169.296691895, 169.923629761, 170.550567627, 171.154281616, 171.781219482, 172.419769287, 173.058319092, 173.685256958, 174.242538452, 174.799819946, 175.35710144, 175.914367676, 176.47164917, 177.040542603, 177.597824097, 178.155105591], "beats_loudness": {"dvar2": 0.000648430490401, "var": 0.000418624316808, "min": 0.000719580391888, "dmean": 0.0177405979484, "mean": 0.0361076965928, "max": 0.115769907832, "dmean2": 0.0319111868739, "median": 0.0354857333004, "dvar": 0.00021747489518}, "bpm_histogram_second_peak_weight": {"dvar2": 0, "var": 0, "min": 0.0576271191239, "dmean": 0, "mean": 0.0576271191239, "max": 0.0576271191239, "dmean2": 0, "median": 0.0576271191239, "dvar": 0}, "bpm_histogram_second_peak_spread": {"dvar2": 0, "var": 0, "min": 0.564102530479, "dmean": 0, "mean": 0.564102530479, "max": 0.564102530479, "dmean2": 0, "median": 0.564102530479, "dvar": 0}, "bpm_histogram_second_peak_bpm": {"dvar2": 0, "var": 0, "min": 115, "dmean": 0, "mean": 115, "max": 115, "dmean2": 0, "median": 115, "dvar": 0}, "onset_rate": 4.18930673599}, "lowlevel": {"spectral_energyband_high": {"dvar2": 2.93388711725e-06, "var": 5.96494965066e-06, "min": 2.99016335248e-07, "dmean": 0.000766838726122, "mean": 0.00209288438782, "max": 0.015101287514, "dmean2": 0.00123197294306, "median": 0.000900525483303, "dvar": 1.17625677376e-06}, "spectral_energyband_middle_low": {"dvar2": 5.78213112021e-05, "var": 7.7952776337e-05, "min": 2.6080506359e-06, "dmean": 0.00358613696881, "mean": 0.00992000568658, "max": 0.104216225445, "dmean2": 0.00540831731632, "median": 0.00800126604736, "dvar": 2.57087140199e-05}, "spectral_energy": {"dvar2": 0.000208853103686, "var": 0.000459528993815, "min": 1.49056932059e-05, "dmean": 0.00843636225909, "mean": 0.0316961742938, "max": 0.135796085, "dmean2": 0.0120918052271, "median": 0.0305079855025, "dvar": 9.88858446362e-05}, "spectral_spread": {"dvar2": 811466358784, "var": 1354342334460.0, "min": 1223553.125, "dmean": 547905.3125, "mean": 4014525.75, "max": 14495620, "dmean2": 787281.3125, "median": 3853751, "dvar": 431162163200}, "spectral_energyband_low": {"dvar2": 0.000176042129169, "var": 0.00029306075885, "min": 1.11708141048e-06, "dmean": 0.00686841085553, "mean": 0.0162317696959, "max": 0.120961673558, "dmean2": 0.00977473985404, "median": 0.0109317116439, "dvar": 8.63635286805e-05}, "spectral_rolloff": {"dvar2": 1715487.875, "var": 2586300.5, "min": 43.06640625, "dmean": 563.394836426, "mean": 1892.92248535, "max": 6201.5625, "dmean2": 960.319580078, "median": 1227.39257812, "dvar": 727132.625}, "barkbands": {"dvar2": [6.30870999885e-08, 0.000105326143967, 4.8180387239e-05, 1.0750313777e-05, 1.04732198452e-05, 3.52207803189e-06, 3.22052733281e-06, 1.38326540764e-05, 2.22514040615e-06, 7.51890468109e-07, 7.86522662111e-07, 1.13793532819e-06, 3.16348604201e-07, 3.68001963125e-07, 2.06460356367e-07, 5.96326162849e-06, 1.330838586e-07, 7.5863465554e-07, 3.9354105752e-07, 1.59401554356e-06, 1.44383079714e-06, 1.9101679527e-07, 5.23929379881e-08, 2.932368659e-08, 2.93976007981e-08, 2.77675860083e-09, 6.63519794664e-10], "var": [2.4291745504e-08, 0.000197722853045, 4.50241423096e-05, 5.41222652828e-06, 6.45415639156e-06, 5.52617348148e-06, 3.13168698085e-06, 2.29169036174e-05, 2.09594668377e-06, 7.78063110829e-07, 6.14727241555e-07, 7.3885320262e-07, 3.49364228214e-07, 2.73439894727e-07, 1.9045033639e-07, 1.57370186571e-06, 1.2779931069e-07, 7.66750133607e-07, 3.23646503375e-07, 2.30906061915e-06, 2.34594926951e-06, 4.33882973994e-07, 9.68898632436e-08, 1.57790243094e-08, 1.25917356542e-08, 1.11500320088e-09, 2.37077524279e-10], "min": [1.17265064326e-09, 4.33292200341e-07, 9.30925807552e-08, 1.89334219414e-08, 1.81550575462e-07, 7.69079733232e-08, 4.04763760287e-08, 4.57225688422e-08, 4.59909124118e-08, 1.31574822149e-08, 4.33270699318e-08, 1.36838309572e-07, 1.98229859194e-08, 1.69213247858e-08, 1.43610447978e-08, 3.51598359316e-08, 1.71697180917e-08, 2.08986250527e-08, 2.25775131923e-08, 2.39391475532e-08, 2.08498285303e-08, 1.72182161862e-08, 1.83246928742e-08, 2.37303119377e-08, 3.01763911636e-08, 2.78256493402e-08, 2.52634162479e-08], "dmean": [9.10390081117e-05, 0.00537023879588, 0.00235221651383, 0.000943343271501, 0.00121735327411, 0.000797593093012, 0.000760101887863, 0.00118543463759, 0.00047397997696, 0.000284699111944, 0.000265410286374, 0.000246588984737, 0.000216943386476, 0.000108830812678, 0.000157565285917, 0.000240427543758, 0.000130366228404, 0.000315093406243, 0.000223578928853, 0.00049869180657, 0.000284024194116, 0.000117398900329, 6.21014260105e-05, 4.49701037724e-05, 4.13918969571e-05, 1.20282529679e-05, 4.47611819254e-06], "mean": [0.000104412451037, 0.0124565111473, 0.00324831227772, 0.00111117539927, 0.00210431148298, 0.00178377481643, 0.00147442112211, 0.00233815354295, 0.000819862878416, 0.000521457812283, 0.000449095910881, 0.000450758991065, 0.000471024861326, 0.000216595741222, 0.000294694211334, 0.000383570266422, 0.000272268254776, 0.000580365944188, 0.000364090345101, 0.00109584478196, 0.000620913284365, 0.000287215458229, 0.000132160566864, 5.4274656577e-05, 4.22761695518e-05, 1.35789759952e-05, 4.85467535327e-06], "max": [0.00307048717514, 0.11687451601, 0.0648068934679, 0.031804997474, 0.0305138099939, 0.0260863341391, 0.0241346769035, 0.0995211005211, 0.0300838183612, 0.0202146433294, 0.0155226588249, 0.026990827173, 0.0101031716913, 0.0226169079542, 0.00747699430212, 0.0646345689893, 0.00552426790819, 0.0155715169385, 0.00662657339126, 0.00987885333598, 0.0126498313621, 0.00550449732691, 0.00244495971128, 0.00152941432316, 0.00153774488717, 0.000545864168089, 0.000569947704207], "dmean2": [0.00015575044381, 0.00746918329969, 0.00362864136696, 0.00155972782522, 0.00201157969423, 0.00121192773804, 0.00118599913549, 0.0017030290328, 0.000747130077798, 0.000450967665529, 0.000423750054324, 0.000390407891246, 0.000356263451977, 0.000173159205588, 0.000249185075518, 0.000397636758862, 0.000214140673052, 0.000523079535924, 0.000355970463715, 0.000808272219729, 0.000461422285298, 0.000185497454368, 9.45492211031e-05, 6.7795641371e-05, 6.51452792226e-05, 1.90180471691e-05, 7.11939492248e-06], "median": [5.00857640873e-05, 0.00720405625179, 0.00081085646525, 0.000347250927007, 0.0013023315696, 0.00092018826399, 0.000927256187424, 0.000837558764033, 0.000387581734685, 0.000269172334811, 0.000205330172321, 0.000237514133914, 0.000286682479782, 0.000119961317978, 0.000152787979459, 0.000187469035154, 0.000137176248245, 0.00021577658481, 0.000137500595883, 0.00042985699838, 6.64802355459e-05, 5.10154713993e-05, 1.82005314855e-05, 1.52188122229e-05, 9.55308587436e-06, 3.98651900468e-06, 1.04549565094e-06], "dvar": [2.26249330382e-08, 5.24754468643e-05, 2.23800088861e-05, 4.27395434599e-06, 3.98422616854e-06, 1.52558266109e-06, 1.35015989144e-06, 7.19575837138e-06, 1.01000512132e-06, 3.21027187056e-07, 3.32536757242e-07, 4.6035384571e-07, 1.24818214431e-07, 1.82274263238e-07, 8.5655031512e-08, 2.1280106921e-06, 5.14758795589e-08, 3.01460033825e-07, 1.66370270449e-07, 6.29384771855e-07, 5.7086583638e-07, 7.49840864955e-08, 2.16434994371e-08, 1.2988683018e-08, 1.25347785485e-08, 1.14835341236e-09, 2.61985155792e-10]}, "melbands_skewness": {"dvar2": 1.68853878975, "var": 3.73958110809, "min": -3.48692536354, "dmean": 0.778992712498, "mean": 3.02705621719, "max": 16.5153522491, "dmean2": 1.16355359554, "median": 2.65958619118, "dvar": 0.765870690346}, "barkbands_skewness": {"dvar2": 1.121332407, "var": 3.01381897926, "min": -6.48968791962, "dmean": 0.602038800716, "mean": 1.6047385931, "max": 16.4949493408, "dmean2": 0.904964566231, "median": 1.33075833321, "dvar": 0.516384661198}, "erbbands": {"dvar2": [0.076929718256, 6.52182579041, 64.6062927246, 44.8836784363, 167.47354126, 180.82850647, 94.2943496704, 377.696563721, 764.476989746, 4334.06640625, 2933.81811523, 1760.60424805, 1062.06286621, 721.729187012, 1382.02453613, 1715.41577148, 689.265075684, 998.321105957, 230.548599243, 9264.14160156, 2971.51025391, 388.22857666, 2235.05810547, 3176.75146484, 515.37902832, 5507.60058594, 1948.0970459, 2625.16308594, 426.912353516, 40.7315292358, 70.2510147095, 13.1725502014, 9.29277420044, 5.37639284134, 0.99228322506, 0.104175023735, 0.00572425406426, 0.000364790961612, 1.69271497725e-05, 1.42475030884e-07], "var": [0.182344734669, 10.4434108734, 71.2875213623, 26.219335556, 85.4498977661, 108.594856262, 88.039680481, 590.252624512, 719.39263916, 7300.65527344, 4402.19628906, 1621.45544434, 1028.1081543, 529.172668457, 1246.72595215, 1137.56262207, 743.969421387, 727.49206543, 250.69871521, 2631.3737793, 1076.1673584, 439.651611328, 2512.38549805, 2452.4675293, 565.764770508, 7429.95898438, 3363.81665039, 3779.24804688, 905.649536133, 74.0641326904, 130.506484985, 9.55949687958, 4.496114254, 2.31726431847, 0.413389027119, 0.0417641699314, 0.00233686040156, 0.0001478666818, 6.75669662087e-06, 4.24547792477e-08], "min": [7.25985819372e-06, 4.23106648668e-05, 0.000109514294309, 0.000134806192364, 0.000307401118334, 0.000726665602997, 0.00093118485529, 0.00116901588626, 0.00111581233796, 0.00130787375383, 0.0012035589898, 0.00125155353453, 0.000964530336205, 0.00199475488625, 0.00544366147369, 0.0136738009751, 0.00254761311226, 0.00137967558112, 0.000914938864298, 0.00223577045836, 0.00229401071556, 0.00114678940736, 0.00137517089024, 0.00119477894623, 0.00097283651121, 0.00128118565772, 0.000752904627007, 0.000827312585898, 0.000659155542962, 0.000571304466575, 0.00053061649669, 0.000504061114043, 0.000368671433534, 0.000289821473416, 0.000208050842048, 0.000116394388897, 5.35822655365e-05, 1.48887620526e-05, 3.4042752759e-06, 4.94679284202e-07], "dmean": [0.152498140931, 1.25365698338, 2.81225562096, 2.20890259743, 4.23064565659, 4.38700485229, 3.73277282715, 7.72028064728, 11.0158262253, 23.7607688904, 14.4012136459, 12.8619022369, 10.5413351059, 6.30261659622, 11.1410636902, 9.97688579559, 10.2319126129, 6.26540899277, 5.25308132172, 12.9202871323, 8.7748003006, 7.19915008545, 12.8139533997, 17.9052429199, 7.44352388382, 28.4507961273, 13.0390443802, 10.3465499878, 4.54813671112, 1.96471691132, 2.07917833328, 0.96893620491, 0.789842307568, 0.565862894058, 0.235461711884, 0.0736443400383, 0.0177432205528, 0.00419700099155, 0.000785266864114, 5.42362467968e-05], "mean": [0.333235293627, 2.89832139015, 4.44292211533, 3.22099494934, 5.49275588989, 7.39262676239, 7.3842997551, 17.108953476, 22.0950012207, 47.2446746826, 29.5080413818, 22.6852970123, 19.4740123749, 12.2130393982, 20.2469406128, 19.7869167328, 22.5348339081, 13.9012537003, 11.7184123993, 21.9802761078, 17.8178100586, 16.4608612061, 26.6708259583, 31.2687358856, 16.1005477905, 59.1595458984, 31.2235507965, 22.9420204163, 11.5558872223, 4.71288299561, 4.55528116226, 1.48293805122, 0.865450024605, 0.572556495667, 0.244867250323, 0.0794601067901, 0.0205965451896, 0.00493315374479, 0.000875339377671, 8.66071641212e-05], "max": [3.92110276222, 24.3131332397, 82.4014816284, 59.1715774536, 108.367378235, 178.176925659, 129.109985352, 284.353607178, 358.855224609, 909.016845703, 1641.29858398, 907.450500488, 589.44128418, 682.07220459, 736.933898926, 1315.53894043, 460.657470703, 1165.85986328, 428.547454834, 2389.74658203, 1429.03918457, 225.692169189, 1111.58764648, 471.854919434, 324.5496521, 611.220336914, 741.575317383, 644.154724121, 266.510742188, 131.803497314, 95.9846191406, 43.786693573, 27.2656173706, 19.4275360107, 8.85251426697, 3.24750590324, 0.770171523094, 0.319467514753, 0.0819838121533, 0.00884030759335], "dmean2": [0.209188506007, 1.77624118328, 4.29160404205, 3.55533838272, 7.11638259888, 7.24816989899, 5.96868133545, 11.7966909409, 17.3578033447, 33.9014511108, 21.2616271973, 20.1197299957, 16.5852165222, 10.2594938278, 17.3460159302, 15.617805481, 16.5947608948, 10.2380285263, 8.30607032776, 21.1213703156, 14.0574407578, 11.7506504059, 21.0386142731, 29.7293605804, 12.2677307129, 45.3252563477, 21.3571815491, 16.4401378632, 7.15021324158, 3.09078574181, 3.20196533203, 1.43208134174, 1.20367980003, 0.889989793301, 0.373136937618, 0.116480842233, 0.028090281412, 0.00665768608451, 0.0012450942304, 8.52274242789e-05], "median": [0.148731321096, 1.70776796341, 1.73347711563, 1.34618592262, 2.4129216671, 4.07304143906, 4.31565380096, 8.30078887939, 14.2462482452, 19.1587944031, 12.7457733154, 11.0584516525, 10.0088863373, 7.20961952209, 9.85608196259, 11.9718341827, 14.5179157257, 9.79575824738, 7.06782436371, 12.4527301788, 11.2553567886, 9.03241539001, 9.96261405945, 10.2862224579, 7.40548706055, 20.9669685364, 10.1505908966, 3.36523246765, 2.06829404831, 1.18656814098, 0.629018604755, 0.381711483002, 0.226663947105, 0.11951173842, 0.0634083300829, 0.0240019001067, 0.00542229227722, 0.00121599808335, 0.000190073682461, 5.37165287824e-05], "dvar": [0.0443420819938, 3.08059406281, 31.8655223846, 18.4905796051, 63.6213188171, 68.6052017212, 38.2467041016, 159.30708313, 311.940063477, 2269.84106445, 1528.09997559, 802.817199707, 454.236450195, 278.097839355, 635.381774902, 691.787109375, 281.321685791, 496.756988525, 100.595001221, 3336.76782227, 1091.05517578, 144.398193359, 903.414550781, 1176.75878906, 197.071731567, 2275.06420898, 772.60357666, 1075.46252441, 157.410873413, 15.8706912994, 29.0766086578, 5.71201467514, 4.09574556351, 2.29810643196, 0.41794064641, 0.0433532781899, 0.00234762881882, 0.000149447951117, 6.88410136718e-06, 5.35252233647e-08]}, "silence_rate_30dB": {"dvar2": 0.00751281576231, "var": 0.0020766730886, "min": 0, "dmean": 0.00286123040132, "mean": 0.997919380665, "max": 1, "dmean2": 0.00572320492938, "median": 1, "dvar": 0.00285256863572}, "melbands_spread": {"dvar2": 374.732299805, "var": 720.548950195, "min": 0.356378883123, "dmean": 9.03007221222, "mean": 29.7688655853, "max": 173.793304443, "dmean2": 14.2475099564, "median": 22.4720516205, "dvar": 154.106582642}, "melbands_crest": {"dvar2": 22.3663864136, "var": 38.1111412048, "min": 3.88643670082, "dmean": 3.44741415977, "mean": 16.6345024109, "max": 36.4285163879, "dmean2": 5.35765647888, "median": 16.531955719, "dvar": 9.80326461792}, "zerocrossingrate": {"dvar2": 0.000133273220854, "var": 0.00164211634547, "min": 0.00244140625, "dmean": 0.0102778468281, "mean": 0.0653906986117, "max": 0.1904296875, "dmean2": 0.0121307531372, "median": 0.05859375, "dvar": 0.000100088647741}, "barkbands_kurtosis": {"dvar2": 292.12487793, "var": 419.202178955, "min": -1.98258173466, "dmean": 4.05700588226, "mean": 6.32751846313, "max": 424.619873047, "dmean2": 6.18321180344, "median": 1.14109492302, "dvar": 139.280517578}, "spectral_flux": {"dvar2": 0.00150100013707, "var": 0.0016106266994, "min": 0.00217756070197, "dmean": 0.0223785936832, "mean": 0.0784002542496, "max": 0.29045060277, "dmean2": 0.0358155108988, "median": 0.0766457542777, "dvar": 0.000645105377771}, "barkbands_crest": {"dvar2": 14.576426506, "var": 27.8710403442, "min": 2.75112342834, "dmean": 2.75076913834, "mean": 12.2392091751, "max": 26.4922447205, "dmean2": 4.22944736481, "median": 11.53789711, "dvar": 6.53026676178}, "barkbands_flatness_db": {"dvar2": 0.00133028370328, "var": 0.00461313361302, "min": 0.0320227518678, "dmean": 0.0243907701224, "mean": 0.151370406151, "max": 0.457417577505, "dmean2": 0.0347996391356, "median": 0.13510659337, "dvar": 0.000696433708072}, "spectral_entropy": {"dvar2": 0.111950583756, "var": 0.259394109249, "min": 4.83741807938, "dmean": 0.21527351439, "mean": 7.27222776413, "max": 8.46531867981, "dmean2": 0.310269325972, "median": 7.3689699173, "dvar": 0.0569791272283}, "pitch_salience": {"dvar2": 0.0111240120605, "var": 0.016347181052, "min": 0.0778766199946, "dmean": 0.0760949477553, "mean": 0.463448345661, "max": 0.805378973484, "dmean2": 0.117458149791, "median": 0.467792391777, "dvar": 0.00489938305691}, "erbbands_spread": {"dvar2": 155.612289429, "var": 306.324584961, "min": 1.47520625591, "dmean": 7.69252252579, "mean": 41.6903152466, "max": 131.360977173, "dmean2": 11.9098081589, "median": 42.5768013, "dvar": 71.8064804077}, "dynamic_complexity": 3.0910961628, "spectral_contrast_valleys": {"dvar2": [0.26350915432, 0.219875916839, 0.185565009713, 0.210260733962, 0.193418055773, 0.322055906057], "var": [0.961646556854, 0.871878921986, 0.82588416338, 1.05678021908, 0.99447196722, 1.24481701851], "min": [-11.0343370438, -10.5073356628, -11.2204847336, -11.6472768784, -11.4763298035, -13.3151350021], "dmean": [0.385759025812, 0.355707406998, 0.324497938156, 0.312199681997, 0.30521902442, 0.423056811094], "mean": [-7.04911422729, -6.70151615143, -7.43774557114, -7.8746714592, -7.92623090744, -10.5776844025], "max": [-5.28374433517, -4.77780389786, -5.66657781601, -6.00447034836, -5.92327785492, -7.90202283859], "dmean2": [0.621866226196, 0.556871771812, 0.503921806812, 0.464141398668, 0.427896201611, 0.536852061749], "median": [-6.79669761658, -6.45341682434, -7.16040802002, -7.51146793365, -7.67237854004, -10.4101047516], "dvar": [0.109637089074, 0.102753460407, 0.0909142196178, 0.108234591782, 0.107793711126, 0.193761959672]}, "hfc": {"dvar2": 147.44883728, "var": 362.335968018, "min": 0.0117092588916, "dmean": 6.06219577789, "mean": 23.6051635742, "max": 193.392227173, "dmean2": 9.22619438171, "median": 19.8339271545, "dvar": 62.9713249207}, "spectral_kurtosis": {"dvar2": 22.7240371704, "var": 29.9663581848, "min": 0.473257541656, "dmean": 1.96700823307, "mean": 5.34684705734, "max": 63.0362472534, "dmean2": 3.22275161743, "median": 3.51671266556, "dvar": 8.8789434433}, "mfcc": {"mean": [-655.024230957, 129.904891968, -1.540391922, 36.2797966003, -2.7451210022, 6.58178091049, 4.38353776932, 1.00874936581, 3.79305529594, 4.78856372833, 1.65994119644, 10.2516269684, 7.48856496811], "cov": [[8252.390625, -1080.65869141, -413.780181885, -176.667190552, -76.9462509155, -135.666931152, -375.180358887, 79.4352111816, -150.710220337, -75.277961731, 347.905700684, 51.7609825134, -341.611724854], [-1080.65869141, 1362.26489258, -19.9918708801, -194.177978516, 245.402114868, -38.3034439087, -58.4828605652, 6.22269058228, -31.9760704041, 10.317358017, 151.972213745, 24.592830658, -76.7802658081], [-413.780181885, -19.9918708801, 738.774780273, 103.873130798, 196.116165161, 135.723480225, 148.164413452, 57.6670417786, 22.8393726349, 7.79751396179, 44.1044197083, -16.7506008148, -10.7394046783], [-176.667190552, -194.177978516, 103.873130798, 352.102478027, -36.6872367859, 95.3473587036, 143.330551147, 41.043636322, 39.9462471008, 32.7756652832, -74.2006149292, -9.9486951828, 69.8228683472], [-76.9462509155, 245.402114868, 196.116165161, -36.6872367859, 286.46685791, 78.6624298096, 30.9243011475, 43.6566047668, 17.066614151, 9.59512805939, 46.4418373108, -16.0840854645, -14.3695430756], [-135.666931152, -38.3034439087, 135.723480225, 95.3473587036, 78.6624298096, 181.539993286, 72.5026931763, 42.1058235168, 49.3704910278, -0.456067413092, -26.5406570435, -10.1144962311, 33.3428955078], [-375.180358887, -58.4828605652, 148.164413452, 143.330551147, 30.9243011475, 72.5026931763, 203.556655884, 34.4756355286, 31.1495399475, 33.4804954529, -49.67943573, -2.41313791275, 45.70520401], [79.4352111816, 6.22269058228, 57.6670417786, 41.043636322, 43.6566047668, 42.1058235168, 34.4756355286, 123.950538635, 24.0577659607, 24.1469039917, 41.9407577515, -8.52684307098, -0.0337376631796], [-150.710220337, -31.9760704041, 22.8393726349, 39.9462471008, 17.066614151, 49.3704910278, 31.1495399475, 24.0577659607, 108.72051239, 26.6062927246, -19.4648265839, 4.58152914047, 30.9739971161], [-75.277961731, 10.317358017, 7.79751396179, 32.7756652832, 9.59512805939, -0.456067413092, 33.4804954529, 24.1469039917, 26.6062927246, 93.9301452637, 4.28342962265, 8.06815338135, 17.9925441742], [347.905700684, 151.972213745, 44.1044197083, -74.2006149292, 46.4418373108, -26.5406570435, -49.67943573, 41.9407577515, -19.4648265839, 4.28342962265, 185.517562866, 31.5282020569, -66.4880218506], [51.7609825134, 24.592830658, -16.7506008148, -9.9486951828, -16.0840854645, -10.1144962311, -2.41313791275, -8.52684307098, 4.58152914047, 8.06815338135, 31.5282020569, 94.5444259644, 1.7956815958], [-341.611724854, -76.7802658081, -10.7394046783, 69.8228683472, -14.3695430756, 33.3428955078, 45.70520401, -0.0337376631796, 30.9739971161, 17.9925441742, -66.4880218506, 1.7956815958, 129.670654297]], "icov": [[0.000216622705921, 0.000297610851703, 0.000202372364583, -9.54336428549e-05, -0.000286233786028, -2.80682979792e-05, 0.000246194860665, -9.43668783293e-05, 0.000191805796931, 6.46479429633e-06, -0.000374041032046, -0.000118103089335, 0.00046688344446], [0.000297610851703, 0.00143732212018, 0.000558486382943, 8.49837524584e-05, -0.00143136212137, 0.000169481354533, 0.000151074767928, 0.000145375699503, 0.000393183348933, -0.000120336888358, -0.00107881554868, -0.000300673826132, 0.000753976521082], [0.000202372364583, 0.000558486382943, 0.00235579302534, -0.000356904231012, -0.00159386440646, -0.000665676721837, -0.00110202829819, 0.000281512766378, 0.00033493762021, 0.00029779705801, -0.00128712703008, 0.000150072737597, 0.00085079629207], [-9.54336428549e-05, 8.49837524584e-05, -0.000356904231012, 0.00506794592366, 0.00149642128963, -0.00164701684844, -0.00241691828705, -0.000861864420585, 0.00012086249626, -0.000794017279986, 0.000769740610849, 0.00026423545205, -0.00104622682557], [-0.000286233786028, -0.00143136212137, -0.00159386440646, 0.00149642128963, 0.00678120367229, -0.00234375684522, -0.000514363171533, -0.000717097718734, -0.000372302805772, -0.000664817518555, 0.000170224622707, 0.0012615135638, -0.000753149273805], [-2.80682979792e-05, 0.000169481354533, -0.000665676721837, -0.00164701684844, -0.00234375684522, 0.0096331378445, -0.000716170703527, -0.0016490224516, -0.00288613303564, 0.00249975407496, 0.000954398536123, -0.000231828191318, -0.000791489670519], [0.000246194860665, 0.000151074767928, -0.00110202829819, -0.00241691828705, -0.000514363171533, -0.000716170703527, 0.00914487522095, -0.00136231386568, 0.000424356083386, -0.00183107168414, 0.00173826911487, -0.00111952098086, -8.88147042133e-05], [-9.43668783293e-05, 0.000145375699503, 0.000281512766378, -0.000861864420585, -0.000717097718734, -0.0016490224516, -0.00136231386568, 0.0116048036143, -0.00142369559035, -0.00178702315316, -0.00401469692588, 0.00225339620374, -0.00034906543442], [0.000191805796931, 0.000393183348933, 0.00033493762021, 0.00012086249626, -0.000372302805772, -0.00288613303564, 0.000424356083386, -0.00142369559035, 0.0121612139046, -0.00291856820695, 0.000612868345343, -0.00115209200885, -0.000918040692341], [6.46479429633e-06, -0.000120336888358, 0.00029779705801, -0.000794017279986, -0.000664817518555, 0.00249975407496, -0.00183107168414, -0.00178702315316, -0.00291856820695, 0.0132680498064, -0.000779154768679, -0.000764693890233, -0.0012063087197], [-0.000374041032046, -0.00107881554868, -0.00128712703008, 0.000769740610849, 0.000170224622707, 0.000954398536123, 0.00173826911487, -0.00401469692588, 0.000612868345343, -0.000779154768679, 0.0105952005833, -0.00339138112031, 0.00245578307658], [-0.000118103089335, -0.000300673826132, 0.000150072737597, 0.00026423545205, 0.0012615135638, -0.000231828191318, -0.00111952098086, 0.00225339620374, -0.00115209200885, -0.000764693890233, -0.00339138112031, 0.0124203106388, -0.00155404093675], [0.00046688344446, 0.000753976521082, 0.00085079629207, -0.00104622682557, -0.000753149273805, -0.000791489670519, -8.88147042133e-05, -0.00034906543442, -0.000918040692341, -0.0012063087197, 0.00245578307658, -0.00155404093675, 0.011840746738]]}, "silence_rate_20dB": {"dvar2": 0, "var": 0, "min": 1, "dmean": 0, "mean": 1, "max": 1, "dmean2": 0, "median": 1, "dvar": 0}, "melbands_kurtosis": {"dvar2": 751.508605957, "var": 1012.24346924, "min": -1.91993367672, "dmean": 8.52305316925, "mean": 17.6953296661, "max": 424.117248535, "dmean2": 12.9930610657, "median": 8.24763679504, "dvar": 321.142211914}, "barkbands_spread": {"dvar2": 112.998016357, "var": 302.212585449, "min": 0.218625888228, "dmean": 6.23641300201, "mean": 28.1683559418, "max": 81.4428634644, "dmean2": 9.90430259705, "median": 27.1946678162, "dvar": 46.0628356934}, "erbbands_skewness": {"dvar2": 0.698208212852, "var": 1.58849751949, "min": -10.7684497833, "dmean": 0.432646453381, "mean": -0.219187736511, "max": 5.73466062546, "dmean2": 0.675153911114, "median": -0.167685642838, "dvar": 0.287519663572}, "average_loudness": 0.915767788887, "spectral_centroid": {"dvar2": 198261.375, "var": 1101386.875, "min": 125.121925354, "dmean": 281.974609375, "mean": 1944.05102539, "max": 4154.31738281, "dmean2": 447.947784424, "median": 2016.44238281, "dvar": 85661.3203125}, "dissonance": {"dvar2": 0.000590731331613, "var": 0.000820502231363, "min": 0.183972164989, "dmean": 0.0143623389304, "mean": 0.470066726208, "max": 0.500000119209, "dmean2": 0.0237660296261, "median": 0.477422952652, "dvar": 0.000231055542827}, "erbbands_flatness_db": {"dvar2": 0.000921773549635, "var": 0.00276458403096, "min": 0.0517544560134, "dmean": 0.0209422092885, "mean": 0.164345622063, "max": 0.434530764818, "dmean2": 0.0301067493856, "median": 0.154652625322, "dvar": 0.000458012946183}, "spectral_strongpeak": {"dvar2": 7.66602182388, "var": 2.89145374298, "min": 0, "dmean": 0.679011285305, "mean": 0.965044915676, "max": 18.2076663971, "dmean2": 1.17810177803, "median": 0.404389977455, "dvar": 2.7919447422}, "spectral_rms": {"dvar2": 1.20870629416e-06, "var": 4.34867706645e-06, "min": 0.000120590797451, "dmean": 0.00073974794941, "mean": 0.00515503715724, "max": 0.0115101691335, "dmean2": 0.00104455696419, "median": 0.00545562896878, "dvar": 5.99596432949e-07}, "silence_rate_60dB": {"dvar2": 0.0544136799872, "var": 0.0697316974401, "min": 0, "dmean": 0.0247106254101, "mean": 0.075422629714, "max": 1, "dmean2": 0.0492976084352, "median": 0, "dvar": 0.0240997318178}, "melbands": {"dvar2": [6.99136353433e-06, 1.25206770463e-05, 1.9090666683e-06, 6.31803231954e-07, 1.43249124562e-07, 1.80115378612e-07, 1.59372973485e-07, 6.42393786165e-07, 1.42100660128e-07, 7.70642074599e-08, 2.61344759167e-08, 1.08020978828e-08, 1.14281890617e-08, 1.5330133607e-08, 6.53181908561e-09, 3.87639120802e-09, 4.8401016528e-09, 7.3912787002e-10, 2.13336837085e-09, 6.21584419491e-08, 8.80069461751e-10, 6.6199107307e-10, 1.45553669118e-09, 1.20355769795e-09, 2.8488915671e-09, 5.06682140688e-10, 3.89567211823e-10, 4.71545247294e-09, 6.07566053024e-10, 1.76497227944e-09, 4.70928074314e-10, 3.32663036007e-10, 2.72365498211e-11, 1.00373589648e-11, 5.33034866246e-11, 9.29762170032e-12, 4.60685265977e-12, 5.1097841236e-12, 4.48035098605e-12, 3.99503824119e-12], "var": [1.58576131071e-05, 1.49260276885e-05, 1.13822659387e-06, 3.23529377511e-07, 1.43644214745e-07, 2.7491071819e-07, 1.55221016485e-07, 1.10032237899e-06, 2.07149881248e-07, 6.93553161568e-08, 2.51064005141e-08, 8.24980173064e-09, 1.03471631263e-08, 9.66382884826e-09, 5.72017855305e-09, 4.0172229987e-09, 3.3668634547e-09, 8.0116635548e-10, 1.65325553247e-09, 1.58950506091e-08, 6.05256011976e-10, 5.93188553832e-10, 1.69867864219e-09, 1.25515386973e-09, 2.12977835368e-09, 5.51041545727e-10, 3.35639821492e-10, 6.65056720806e-09, 8.59068316483e-10, 2.88928925229e-09, 6.64393484673e-10, 6.77293443552e-10, 4.47394447878e-11, 1.46168754184e-11, 9.34516491968e-11, 1.49772971803e-11, 2.44430517493e-12, 2.33153058492e-12, 2.04896885049e-12, 1.6290960551e-12], "min": [1.34765699045e-07, 5.20476319821e-08, 2.86863528487e-08, 3.4095684498e-08, 2.88513266611e-08, 1.37634845743e-08, 1.75858172469e-08, 1.28241710584e-08, 1.23029737509e-08, 5.3397548605e-09, 2.5530348946e-09, 5.73358382994e-09, 9.28422494439e-09, 3.4328845544e-08, 3.93335897186e-09, 2.7488082921e-09, 2.68493161037e-09, 1.03140218588e-09, 2.47254572372e-09, 2.25242380303e-09, 1.64435587369e-09, 8.58718485208e-10, 5.71455771592e-10, 1.24685750613e-09, 9.14596454127e-10, 7.72218677891e-10, 5.79420122993e-10, 7.72650554648e-10, 3.84117598839e-10, 4.18924950285e-10, 4.66222560558e-10, 3.68959113262e-10, 2.80681505815e-10, 2.98663815901e-10, 2.96633911878e-10, 2.21806087386e-10, 2.74761463581e-10, 2.14835510493e-10, 2.70118011292e-10, 2.20610599233e-10], "dmean": [0.00144593417645, 0.0014448541915, 0.000458907044958, 0.000287949980702, 0.000146596357808, 0.000174524830072, 0.000163085816894, 0.00027776954812, 9.86795639619e-05, 8.3343598817e-05, 5.14866915182e-05, 2.49219574471e-05, 3.38432073477e-05, 2.704403596e-05, 2.56407638517e-05, 2.26094543905e-05, 1.18646130431e-05, 8.27375879453e-06, 1.35182917802e-05, 2.30645127886e-05, 8.26807354315e-06, 8.59322699398e-06, 1.08424128484e-05, 1.17501740533e-05, 1.63749464264e-05, 5.45823195353e-06, 5.78909475735e-06, 2.52372956311e-05, 8.8939204943e-06, 9.01566727407e-06, 4.90525644636e-06, 3.50642744706e-06, 1.46217621477e-06, 1.02375508959e-06, 1.55639884269e-06, 8.0719428297e-07, 5.5056597148e-07, 5.60566377317e-07, 5.43749195003e-07, 4.69271327574e-07], "mean": [0.00334182195365, 0.00289498316124, 0.000674397859257, 0.000451832136605, 0.000294783822028, 0.00038441066863, 0.000330173264956, 0.000551236793399, 0.000195410801098, 0.000141347962199, 9.21686732909e-05, 4.56497873529e-05, 6.03303305979e-05, 5.27810771018e-05, 4.93449733767e-05, 4.86438148073e-05, 2.27769851335e-05, 1.72268191818e-05, 2.37384901993e-05, 3.55670454155e-05, 1.68778733496e-05, 1.71075680555e-05, 2.16567132156e-05, 2.30807108892e-05, 2.65250964731e-05, 1.00350971479e-05, 1.04746768557e-05, 5.19380519108e-05, 1.82124258572e-05, 1.99181376956e-05, 9.8988712125e-06, 8.33786816656e-06, 2.9201196412e-06, 1.98641600946e-06, 3.20641379403e-06, 1.40796419146e-06, 6.92085620813e-07, 5.98285566866e-07, 5.56981831323e-07, 4.62965061843e-07], "max": [0.0351698957384, 0.0341862775385, 0.0111668230966, 0.00681449612603, 0.00408325297758, 0.00602598534897, 0.00539362849668, 0.0145655265078, 0.0107642728835, 0.00597297633067, 0.00314820092171, 0.00257461518049, 0.00212860316969, 0.00331725692376, 0.00121948460583, 0.000793953717221, 0.00261720665731, 0.00102666206658, 0.000818804779556, 0.00669614039361, 0.000654048926663, 0.000261618435616, 0.00066735962173, 0.00071542407386, 0.000451981060905, 0.000342234648997, 0.00018319809169, 0.000568190240301, 0.000349514331901, 0.000468160404125, 0.000260388304014, 0.000240360270254, 0.000102746336779, 5.73560173507e-05, 8.69184732437e-05, 4.83677613374e-05, 2.41542566073e-05, 2.18399163714e-05, 1.87742316484e-05, 1.70773819264e-05], "dmean2": [0.00198528636247, 0.00216455827467, 0.000741068855859, 0.000480260729091, 0.000233284459682, 0.000265625858447, 0.000256001454545, 0.000396453513531, 0.000147579339682, 0.000130937391077, 8.13608130557e-05, 4.07623738283e-05, 5.33003876626e-05, 4.20945834776e-05, 4.10650245612e-05, 3.70251364075e-05, 1.9358112695e-05, 1.32487048177e-05, 2.13972107304e-05, 3.8323487388e-05, 1.31472670546e-05, 1.42005355883e-05, 1.77273723239e-05, 1.95020620595e-05, 2.71856933978e-05, 8.80210973264e-06, 9.62378999247e-06, 4.0230104787e-05, 1.4485023712e-05, 1.49041525219e-05, 7.54743223297e-06, 5.53314794161e-06, 2.34512936004e-06, 1.54236943217e-06, 2.38620782511e-06, 1.17156560009e-06, 8.28308259315e-07, 8.54848565268e-07, 8.45985937303e-07, 7.46819296182e-07], "median": [0.00179776758887, 0.0017161371652, 0.000281801971141, 0.000270361080766, 0.000167279838934, 0.000191661092686, 0.00021329021547, 0.000212480896153, 8.48611889523e-05, 6.3238243456e-05, 4.57976348116e-05, 2.38891825575e-05, 2.97503229376e-05, 3.17322919727e-05, 2.96641228488e-05, 2.80258700514e-05, 1.38184113894e-05, 9.23553398025e-06, 1.10611581476e-05, 1.7090491383e-05, 1.05990857264e-05, 7.84789881436e-06, 6.29166788713e-06, 1.02703270386e-05, 6.00682687946e-06, 2.5210788408e-06, 2.74782587439e-06, 1.3049358131e-05, 5.20847515872e-06, 9.53303128881e-07, 1.35665709422e-06, 7.69047574067e-07, 6.19910053956e-07, 4.72816964248e-07, 2.97857752685e-07, 2.46853460339e-07, 2.01734565053e-07, 1.47489018332e-07, 1.18038045116e-07, 9.18120122151e-08], "dvar": [3.77422952624e-06, 6.09502149018e-06, 7.71605527916e-07, 2.38923036022e-07, 5.72201557247e-08, 7.66991448131e-08, 6.58867733705e-08, 3.36622463237e-07, 7.41178425301e-08, 3.50430227058e-08, 1.11580016338e-08, 4.19550882924e-09, 5.18199261279e-09, 6.2463922923e-09, 2.73105849047e-09, 1.4854980579e-09, 2.42750797241e-09, 3.31078359173e-10, 8.68814575838e-10, 2.21104539122e-08, 3.51706469504e-10, 2.44334968924e-10, 5.68183666783e-10, 4.87153928308e-10, 1.06072350903e-09, 1.98251179362e-10, 1.43096909322e-10, 1.95873872677e-09, 2.41769548825e-10, 6.86024570484e-10, 1.9901440218e-10, 1.26104224285e-10, 1.0331526433e-11, 4.36789016414e-12, 2.20320081623e-11, 4.35544178848e-12, 1.98243201369e-12, 2.21208598314e-12, 1.94245401014e-12, 1.68129952235e-12]}, "spectral_skewness": {"dvar2": 0.188278511167, "var": 0.562636017799, "min": -0.140713095665, "dmean": 0.25350394845, "mean": 1.43096828461, "max": 6.6900177002, "dmean2": 0.403685480356, "median": 1.19935393333, "dvar": 0.0815743133426}, "melbands_flatness_db": {"dvar2": 0.00183899444528, "var": 0.00761573575437, "min": 0.0562508106232, "dmean": 0.0297110993415, "mean": 0.227151736617, "max": 0.613023340702, "dmean2": 0.0418041907251, "median": 0.210815757513, "dvar": 0.000979077536613}, "spect