{"metadata": {"tags": {"artist": ["Stereo MC's"], "musicip_puid": ["8a4bbf95-7eb7-0190-e459-8af4408f331c"], "musicbrainz_albumid": ["cd4ed977-fbd7-463f-ae83-66d88cda1d92"], "artistsort": ["Stereo MC's"], "title": ["I Feel You"], "tracknumber": ["10/12"], "musicbrainz_albumartistid": ["5e0ca89b-f5a6-4034-af31-17f10ff5a7d2"], "album": ["Paradise"], "musicbrainz album type": ["album"], "musicbrainz_recordingid": ["1edd858b-20bc-4aef-ae15-0e7b78d1f071"], "taggingdate": ["2007-03-30T17:44:39"], "file_name": "Paradise-10-I Feel You.mp3", "musicbrainz_artistid": ["5e0ca89b-f5a6-4034-af31-17f10ff5a7d2"], "musicbrainz album status": ["official"]}, "audio_properties": {"sample_rate": 44100, "downmix": "mix", "lossless": false, "analysis_sample_rate": 44100, "md5_encoded": "efccd16f13925adce789986e6e884645", "equal_loudness": 0, "replay_gain": -13.3980674744, "codec": "mp3", "bit_rate": 181882, "length": 274.651428223}, "version": {"extractor": "music 1.0", "essentia_build_sha": "70f2e5ece6736b2c40cc944ad0e695b16b925413", "essentia_git_sha": "v2.1_beta2", "essentia": "2.1-beta2"}}, "rhythm": {"beats_loudness_band_ratio": {"dvar2": [0.252018272877, 0.0612993761897, 0.0397897139192, 0.033290527761, 0.0167540665716, 0.00591972144321], "var": [0.115920722485, 0.0239678099751, 0.0205767303705, 0.0109266424552, 0.00628444598988, 0.00223875860684], "min": [0.00168784987181, 0.000319301296258, 5.76796192036e-05, 4.07218522014e-06, 2.70581358564e-06, 1.21735129142e-05], "dmean": [0.500701546669, 0.157333552837, 0.166937753558, 0.137940376997, 0.11065492034, 0.0385873615742], "mean": [0.430636793375, 0.18155413866, 0.187733024359, 0.115802109241, 0.0846260115504, 0.0352636352181], "max": [0.998775362968, 0.843054831028, 0.732785522938, 0.521934747696, 0.317122727633, 0.647861838341], "dmean2": [0.985159575939, 0.289405912161, 0.308742016554, 0.268384605646, 0.217493399978, 0.0676775947213], "median": [0.415034919977, 0.142885327339, 0.159009337425, 0.081397049129, 0.0534791350365, 0.0231463685632], "dvar": [0.0883892774582, 0.0185500364751, 0.0134080732241, 0.0102335298434, 0.00534358527511, 0.00212637428194]}, "bpm_histogram_first_peak_weight": {"dvar2": 0, "var": 0, "min": 0.61643832922, "dmean": 0, "mean": 0.61643832922, "max": 0.61643832922, "dmean2": 0, "median": 0.61643832922, "dvar": 0}, "bpm": 112.989334106, "beats_count": 512, "bpm_histogram_first_peak_spread": {"dvar2": 0, "var": 0, "min": 0.34375, "dmean": 0, "mean": 0.34375, "max": 0.34375, "dmean2": 0, "median": 0.34375, "dvar": 0}, "danceability": 1.15885519981, "bpm_histogram_first_peak_bpm": {"dvar2": 0, "var": 0, "min": 112, "dmean": 0, "mean": 112, "max": 112, "dmean2": 0, "median": 112, "dvar": 0}, "beats_position": [0.510838985443, 1.02167797089, 1.53251695633, 2.0549659729, 2.57741498947, 3.11147379875, 3.64553284645, 4.1679816246, 4.69043064117, 5.21287965775, 5.73532867432, 6.26938772202, 6.80344676971, 7.32589578629, 7.84834432602, 8.38240337372, 8.91646194458, 9.45052146912, 9.98458003998, 10.5186395645, 11.0410881042, 11.5635375977, 12.0975961685, 12.6316547394, 13.1657142639, 13.6997728348, 14.2222223282, 14.7446708679, 15.2787294388, 15.8127889633, 16.3468475342, 16.8809070587, 17.4149665833, 17.9374141693, 18.4598636627, 18.9939231873, 19.5279808044, 20.062040329, 20.5960998535, 21.1185474396, 21.6526069641, 22.1750564575, 22.7091159821, 23.2431735992, 23.7656230927, 24.2880725861, 24.8221302032, 25.3561897278, 25.8902492523, 26.4243087769, 26.958366394, 27.4808158875, 28.0032653809, 28.537322998, 29.0713825226, 29.6054420471, 30.1394996643, 30.6735591888, 31.1960086823, 31.7184581757, 32.2525177002, 32.7865753174, 33.3090248108, 33.843082428, 34.3655319214, 34.8995895386, 35.4336509705, 35.9561004639, 36.4785499573, 37.0126075745, 37.5466651917, 38.0807266235, 38.6147842407, 39.1488418579, 39.6829032898, 40.216960907, 40.7394104004, 41.2618598938, 41.795917511, 42.3299751282, 42.8640365601, 43.3980941772, 43.9205436707, 44.4429931641, 44.9770507812, 45.5111083984, 46.0451698303, 46.5792274475, 47.1132888794, 47.6357345581, 48.1581840515, 48.6922454834, 49.2146911621, 49.748752594, 50.2828102112, 50.8052597046, 51.3393173218, 51.8733787537, 52.4074363708, 52.941493988, 53.4639434814, 53.9863929749, 54.5204544067, 55.0545120239, 55.5885696411, 56.122631073, 56.6566886902, 57.1791381836, 57.701587677, 58.2356452942, 58.7697029114, 59.3037643433, 59.8378219604, 60.3718795776, 60.894329071, 61.4167785645, 61.9508361816, 62.4848976135, 63.0189552307, 63.5530128479, 64.0870742798, 64.6095199585, 65.1319732666, 65.6660308838, 66.200088501, 66.7341461182, 67.2565994263, 67.779045105, 68.3131027222, 68.8471679688, 69.3812255859, 69.9152832031, 70.4377288818, 70.9601821899, 71.4942398071, 72.0282974243, 72.5623550415, 73.0964126587, 73.6304779053, 74.152923584, 74.6869812012, 75.2094345093, 75.7434921265, 76.2659378052, 76.7883911133, 77.3224487305, 77.8565063477, 78.3905639648, 78.924621582, 79.4586868286, 79.9927444458, 80.5151901245, 81.0492477417, 81.5717010498, 82.105758667, 82.6398162842, 83.1738739014, 83.7079315186, 84.2303848267, 84.7528305054, 85.2868881226, 85.8209533691, 86.3550109863, 86.8890686035, 87.4115142822, 87.9339675903, 88.4680252075, 89.0020828247, 89.5361404419, 90.0702056885, 90.6042633057, 91.1267089844, 91.6491622925, 92.1832199097, 92.7172775269, 93.251335144, 93.7853927612, 94.3078460693, 94.830291748, 95.3643493652, 95.8984146118, 96.432472229, 96.9665298462, 97.4889755249, 98.0230331421, 98.5454864502, 99.0795440674, 99.6136016846, 100.147659302, 100.67011261, 101.192558289, 101.726615906, 102.260681152, 102.79473877, 103.328796387, 103.862854004, 104.385307312, 104.907752991, 105.441810608, 105.975868225, 106.509933472, 107.043991089, 107.566436768, 108.088890076, 108.622947693, 109.15700531, 109.691062927, 110.225120544, 110.747573853, 111.270019531, 111.804077148, 112.338134766, 112.872200012, 113.406257629, 113.940315247, 114.474372864, 115.008430481, 115.530883789, 116.053329468, 116.587387085, 117.109840393, 117.632286072, 118.166343689, 118.700408936, 119.234466553, 119.76852417, 120.302581787, 120.825035095, 121.347480774, 121.881538391, 122.415596008, 122.949661255, 123.483718872, 124.017776489, 124.540222168, 125.062675476, 125.596733093, 126.13079071, 126.664848328, 127.187301636, 127.709747314, 128.243804932, 128.777862549, 129.311920166, 129.845977783, 130.3800354, 130.902496338, 131.424942017, 131.958999634, 132.493057251, 133.027114868, 133.561172485, 134.083618164, 134.606079102, 135.140136719, 135.674194336, 136.208251953, 136.74230957, 137.264755249, 137.787200928, 138.321273804, 138.855331421, 139.389389038, 139.923446655, 140.457504272, 140.979949951, 141.50239563, 142.036453247, 142.570526123, 143.10458374, 143.638641357, 144.161087036, 144.683532715, 145.217590332, 145.751647949, 146.285705566, 146.808166504, 147.330612183, 147.8646698, 148.398727417, 148.932785034, 149.466842651, 150.000900269, 150.523345947, 151.045806885, 151.579864502, 152.113922119, 152.647979736, 153.182037354, 153.716094971, 154.238540649, 154.761001587, 155.295059204, 155.829116821, 156.363174438, 156.897232056, 157.431289673, 157.953735352, 158.47618103, 159.010253906, 159.544311523, 160.078369141, 160.612426758, 161.134872437, 161.657318115, 162.191375732, 162.72543335, 163.259490967, 163.781951904, 164.304397583, 164.8384552, 165.372512817, 165.906570435, 166.440628052, 166.974685669, 167.497146606, 168.019592285, 168.553649902, 169.08770752, 169.610153198, 170.132598877, 170.666656494, 171.20072937, 171.734786987, 172.268844604, 172.802902222, 173.336959839, 173.859405518, 174.393463135, 174.915908813, 175.449981689, 175.984039307, 176.518096924, 177.040542603, 177.562988281, 178.097045898, 178.631103516, 179.165161133, 179.69921875, 180.233291626, 180.755737305, 181.278182983, 181.812240601, 182.346298218, 182.880355835, 183.402801514, 183.925262451, 184.459320068, 184.993377686, 185.527435303, 186.06149292, 186.595550537, 187.129608154, 187.652053833, 188.174514771, 188.708572388, 189.242630005, 189.776687622, 190.310745239, 190.833190918, 191.367248535, 191.889694214, 192.42376709, 192.957824707, 193.480270386, 194.002716064, 194.536773682, 195.070831299, 195.604888916, 196.138946533, 196.673019409, 197.207077026, 197.729522705, 198.251968384, 198.786026001, 199.320083618, 199.854141235, 200.388198853, 200.91065979, 201.433105469, 201.967163086, 202.501220703, 203.03527832, 203.569335938, 204.091781616, 204.614242554, 205.148300171, 205.682357788, 206.216415405, 206.738861084, 207.261306763, 207.79536438, 208.329421997, 208.863494873, 209.39755249, 209.931610107, 210.454055786, 210.976501465, 211.510559082, 212.044616699, 212.578674316, 213.112747192, 213.64680481, 214.169250488, 214.691696167, 215.225753784, 215.759811401, 216.293869019, 216.827926636, 217.361984253, 217.88444519, 218.406890869, 218.940948486, 219.475006104, 220.009063721, 220.543121338, 221.065567017, 221.588027954, 222.122085571, 222.656143188, 223.190200806, 223.712646484, 224.235092163, 224.76914978, 225.303222656, 225.837280273, 226.371337891, 226.905395508, 227.427841187, 227.950286865, 228.484344482, 229.0184021, 229.552474976, 230.086532593, 230.608978271, 231.13142395, 231.665481567, 232.199539185, 232.733596802, 233.267654419, 233.801712036, 234.324172974, 234.846618652, 235.38067627, 235.914733887, 236.448791504, 236.971237183, 237.49369812, 238.027755737, 238.561813354, 239.095870972, 239.629928589, 240.152374268, 240.674819946, 241.208877563, 241.742950439, 242.277008057, 242.811065674, 243.321899414, 243.855957031, 244.390014648, 244.924072266, 245.458129883, 245.9921875, 246.537857056, 247.083526611, 247.640808105, 248.209701538, 248.778594971, 249.347473145, 249.916366577, 250.48526001, 251.17024231, 251.855239868, 252.540222168, 253.248428345, 253.945022583, 254.64163208, 255.338226318, 255.941940308, 256.545654297, 257.114562988, 257.683441162, 258.252319336, 258.832824707, 259.413330078, 259.982208252, 260.551116943, 261.108398438, 261.677276611, 262.246154785, 262.826660156, 263.372344971, 263.917999268, 264.463653564, 265.009338379, 265.554992676, 266.11227417, 266.657958984, 267.192016602, 267.749298096, 268.30657959, 268.863861084, 269.397918701, 269.931976318, 270.489257812, 271.046539307, 271.603790283, 272.172698975, 272.741577148, 273.31048584, 273.879364014], "beats_loudness": {"dvar2": 0.0074065499939, "var": 0.00279063242488, "min": 3.026907891e-10, "dmean": 0.0459053255618, "mean": 0.0565248988569, "max": 0.307462275028, "dmean2": 0.0814518108964, "median": 0.0388821698725, "dvar": 0.00277806026861}, "bpm_histogram_second_peak_weight": {"dvar2": 0, "var": 0, "min": 0.0313111543655, "dmean": 0, "mean": 0.0313111543655, "max": 0.0313111543655, "dmean2": 0, "median": 0.0313111543655, "dvar": 0}, "bpm_histogram_second_peak_spread": {"dvar2": 0, "var": 0, "min": 0.157894730568, "dmean": 0, "mean": 0.157894730568, "max": 0.157894730568, "dmean2": 0, "median": 0.157894730568, "dvar": 0}, "bpm_histogram_second_peak_bpm": {"dvar2": 0, "var": 0, "min": 105, "dmean": 0, "mean": 105, "max": 105, "dmean2": 0, "median": 105, "dvar": 0}, "onset_rate": 3.83734798431}, "lowlevel": {"spectral_energyband_high": {"dvar2": 2.49663594332e-06, "var": 1.46132617829e-06, "min": 7.99158819171e-21, "dmean": 0.000400530057959, "mean": 0.000535206927452, "max": 0.0204006526619, "dmean2": 0.000642702856567, "median": 0.000148665290908, "dvar": 1.04113519228e-06}, "spectral_energyband_middle_low": {"dvar2": 0.000580877938773, "var": 0.000296327401884, "min": 1.93505055696e-22, "dmean": 0.00686769140884, "mean": 0.0142886955291, "max": 0.189497366548, "dmean2": 0.0116492239758, "median": 0.00870882254094, "dvar": 0.000203750270884}, "spectral_energy": {"dvar2": 0.0015811920166, "var": 0.00143616367131, "min": 1.09130107851e-20, "dmean": 0.015047384426, "mean": 0.0343390740454, "max": 0.333853781223, "dmean2": 0.0243862494826, "median": 0.0234828740358, "dvar": 0.000713980698492}, "spectral_spread": {"dvar2": 1532853747710.0, "var": 3280199483390.0, "min": 447941.53125, "dmean": 657372.875, "mean": 4542375.5, "max": 50497180, "dmean2": 938818.375, "median": 4300270, "dvar": 885539930112}, "spectral_energyband_low": {"dvar2": 0.00122490548529, "var": 0.000892173789907, "min": 3.84818876678e-23, "dmean": 0.0102188345045, "mean": 0.0180568695068, "max": 0.312090426683, "dmean2": 0.0167062282562, "median": 0.00549045205116, "dvar": 0.000538626860362}, "spectral_rolloff": {"dvar2": 1722760.75, "var": 2059216, "min": 21.533203125, "dmean": 420.684997559, "mean": 1048.24475098, "max": 19466.015625, "dmean2": 691.509216309, "median": 602.9296875, "dvar": 780422.875}, "barkbands": {"dvar2": [5.57684643354e-06, 0.00105588824954, 0.000134723872179, 0.000110832566861, 0.000168440688867, 8.87665373739e-06, 1.03109778138e-05, 5.98158840148e-06, 5.87246859141e-06, 1.24674434119e-05, 1.47623677549e-06, 1.20948629956e-06, 6.50702304483e-07, 2.3869913548e-06, 1.50074913563e-06, 4.16338281184e-07, 3.67817222013e-07, 3.34383543077e-07, 1.2608894906e-07, 1.48453949578e-07, 4.25782616276e-07, 2.33115542869e-07, 5.73708156537e-08, 4.06521785123e-08, 1.63058597735e-08, 7.15498593706e-09, 3.17558312979e-10], "var": [7.30227429813e-06, 0.000589316827245, 5.1191997045e-05, 6.87927604304e-05, 6.71152592986e-05, 7.22311506252e-06, 5.75857075091e-06, 5.80738924327e-06, 4.43572662334e-06, 3.72430622519e-06, 8.29046427953e-07, 7.80173479598e-07, 4.16592001784e-07, 8.00015470759e-07, 6.21830736236e-07, 1.86133789271e-07, 1.35229470288e-07, 1.15298838921e-07, 7.25633171328e-08, 6.09760917314e-08, 1.37463345595e-07, 1.08685178191e-07, 5.7450534996e-08, 4.69326195685e-08, 1.31165123207e-08, 3.15328740896e-09, 7.58966153813e-11], "min": [4.19830590467e-24, 1.08234161665e-23, 1.0466110297e-23, 1.02765919865e-23, 1.25612885736e-23, 2.81964415065e-23, 9.58274227757e-24, 4.08891945388e-23, 3.40634493387e-23, 3.90879474132e-23, 3.11999315844e-23, 7.73200375422e-23, 7.91557294904e-23, 1.18378411191e-22, 1.23409980614e-22, 1.21330038397e-22, 6.15018870231e-23, 1.55834170681e-22, 2.40749518791e-22, 2.6716906373e-22, 3.36193534656e-22, 4.78202734958e-22, 6.40752762515e-22, 8.35148031965e-22, 1.01616008052e-21, 1.74767612432e-21, 2.49635555999e-21], "dmean": [0.000826800474897, 0.00790663994849, 0.00256791408174, 0.00221751863137, 0.00311820418574, 0.0010365875205, 0.0010605979478, 0.00084222323494, 0.000737098685931, 0.00067456549732, 0.000346361397533, 0.000335574470228, 0.000225193012739, 0.000319629674777, 0.00030094163958, 0.000170698025613, 0.000143903554999, 0.000122399665997, 0.000102167054138, 8.22383080958e-05, 0.000130555723445, 0.000100467339507, 5.98482620262e-05, 4.54903674836e-05, 3.7709975004e-05, 2.31098856602e-05, 3.26884696733e-06], "mean": [0.00135318329558, 0.0116290338337, 0.00327596627176, 0.00362446159124, 0.00471278000623, 0.00188190070912, 0.00152680452447, 0.00129580125213, 0.00112969870679, 0.000698496005498, 0.000475195149193, 0.000457635120256, 0.000303292734316, 0.000327748304699, 0.000362434890121, 0.000219137407839, 0.000181242576218, 0.000152593056555, 0.000149448984303, 9.53850030783e-05, 0.000125369115267, 0.000129694584757, 8.42288718559e-05, 6.30327558611e-05, 5.49850738025e-05, 2.69677530014e-05, 2.48624064625e-06], "max": [0.0201735664159, 0.293716013432, 0.0993825793266, 0.0870201289654, 0.138712868094, 0.0300893932581, 0.0261380039155, 0.0385915152729, 0.0264029577374, 0.0288157742471, 0.0136203868315, 0.0144615797326, 0.0125808846205, 0.00935918837786, 0.0092922244221, 0.00468791741878, 0.00572567433119, 0.00565411429852, 0.00397338299081, 0.00343484897166, 0.0128434272483, 0.00820979103446, 0.00566331390291, 0.00471338070929, 0.00198240019381, 0.0008778955671, 0.000157278060215], "dmean2": [0.00126676866785, 0.0127588054165, 0.00441637123004, 0.00386678194627, 0.00530385738239, 0.00163010100368, 0.00171701889485, 0.00131376390345, 0.0011711132247, 0.00115297245793, 0.000568083778489, 0.000540556036867, 0.00036243890645, 0.000528024684172, 0.000492454972118, 0.00028726583696, 0.000240480309003, 0.000207034347113, 0.00016199235688, 0.000136373448186, 0.000225934578339, 0.000164502183907, 9.27731380216e-05, 6.91649038345e-05, 5.82150605624e-05, 3.77533688152e-05, 5.70546035306e-06], "median": [0.000175423570909, 0.00205653859302, 0.000859903811943, 0.000479842594359, 0.00159182143398, 0.000892627460416, 0.000569438270759, 0.000350919610355, 0.00032520777313, 0.000160401672474, 0.000154267021571, 0.000131569366204, 8.94122567843e-05, 6.80431330693e-05, 6.26374967396e-05, 5.22432965226e-05, 5.71192722418e-05, 3.67550019291e-05, 5.65493610338e-05, 2.40285298787e-05, 2.23460156121e-05, 3.15091238008e-05, 2.25726653298e-05, 1.11423087219e-05, 7.73308420321e-06, 2.85972737402e-06, 4.56776447777e-08], "dvar": [2.45897672357e-06, 0.000440050585894, 4.96400789416e-05, 3.60105514119e-05, 5.95543715463e-05, 3.50588720721e-06, 4.02713249059e-06, 2.63210949925e-06, 2.39604264607e-06, 4.68015650767e-06, 5.83749681482e-07, 4.86970463953e-07, 2.65706432856e-07, 9.25622998693e-07, 5.95777123635e-07, 1.55827009962e-07, 1.3832600132e-07, 1.23185785128e-07, 4.96548118178e-08, 5.85048347546e-08, 1.60103056146e-07, 9.36994766221e-08, 2.77878857702e-08, 2.04884216259e-08, 7.18017068024e-09, 2.82900947113e-09, 1.13770444454e-10]}, "melbands_skewness": {"dvar2": 7.72067022324, "var": 11.8810977936, "min": -2.14213013649, "dmean": 1.07002425194, "mean": 3.55958867073, "max": 60.3390197754, "dmean2": 1.61770617962, "median": 2.80800580978, "dvar": 3.59581518173}, "barkbands_skewness": {"dvar2": 3.5476064682, "var": 4.68898391724, "min": -4.19170665741, "dmean": 0.808378040791, "mean": 2.37630414963, "max": 31.1380195618, "dmean2": 1.22840774059, "median": 1.92444264889, "dvar": 1.5710824728}, "erbbands": {"dvar2": [1.45653390884, 47.4552955627, 137.543258667, 457.898620605, 1828.84533691, 2691.82226562, 892.549438477, 698.65222168, 2110.37915039, 1952.63256836, 3225.67504883, 3109.59545898, 3746.69189453, 13276.7871094, 1490.62744141, 1903.63659668, 959.926269531, 3410.20874023, 10753.2373047, 1443.02294922, 1457.83850098, 1087.64953613, 1033.74243164, 493.793487549, 459.884002686, 261.633636475, 595.986083984, 730.523986816, 412.104400635, 86.8141555786, 48.037322998, 28.1520881653, 8.03652191162, 1.71650540829, 1.00034666061, 0.236813127995, 0.0186081342399, 0.000806849508081, 1.18947109513e-05, 1.23078196523e-08], "var": [0.770330429077, 26.8353309631, 57.7943267822, 411.57434082, 627.125427246, 1151.38366699, 606.923828125, 580.155578613, 916.924438477, 1460.61962891, 3416.43505859, 2034.94421387, 1484.37976074, 4030.01660156, 871.960205078, 1250.92956543, 615.114562988, 1033.93896484, 3612.38745117, 813.83203125, 621.697814941, 431.617584229, 380.202758789, 201.871200562, 200.213897705, 125.139007568, 212.735214233, 219.599899292, 157.363357544, 84.7684936523, 46.0177154541, 33.7444572449, 7.92834806442, 1.44137370586, 0.859784960747, 0.137875914574, 0.00702979741618, 0.000204572148505, 2.91027686217e-06, 5.05774222503e-09], "min": [5.02344655448e-22, 1.6540826373e-21, 1.09959299869e-20, 2.66487688847e-20, 2.43567838854e-20, 7.17659185265e-20, 2.10913129646e-19, 2.6826666677e-19, 2.04896153247e-19, 2.59335933738e-19, 1.24475110514e-18, 7.84929364237e-19, 1.21461526107e-18, 1.52803078984e-18, 1.62172067813e-18, 3.37858757231e-18, 3.99332690366e-18, 5.44293652533e-18, 4.40323542903e-18, 7.33820541845e-18, 7.62561924845e-18, 3.84288797925e-18, 6.65125590796e-18, 1.16531831577e-17, 1.32000820407e-17, 1.05410777016e-17, 1.05100460209e-17, 1.59604846608e-17, 1.50746817582e-17, 1.87166454987e-17, 1.65516805708e-17, 1.74227431148e-17, 1.34489525628e-17, 1.08390331213e-17, 6.8079826458e-18, 4.84599336448e-18, 3.41129946361e-18, 1.39583791877e-18, 3.63086897375e-19, 3.58193697536e-20], "dmean": [0.306735247374, 1.53841471672, 2.62985444069, 5.20141363144, 8.96664142609, 11.9819145203, 9.4055109024, 9.10412788391, 12.640545845, 15.8610458374, 18.8991413116, 16.4282894135, 15.0531482697, 22.8589992523, 12.0061092377, 13.2085285187, 8.95636367798, 12.4145612717, 20.8608379364, 10.8227729797, 9.58342170715, 7.9610209465, 7.18434047699, 5.44674491882, 4.7466301918, 3.66166329384, 4.99948263168, 5.06479692459, 3.69885540009, 2.56309890747, 1.70180094242, 1.18345177174, 0.653889358044, 0.366852074862, 0.304166853428, 0.143527150154, 0.0347239375114, 0.00566467083991, 0.000652475748211, 3.31948322128e-05], "mean": [0.424185842276, 2.24320363998, 3.65288686752, 9.23911094666, 13.03490448, 16.7993850708, 15.9742441177, 16.0712146759, 17.6394290924, 25.6233139038, 30.9328746796, 24.7895946503, 19.7799472809, 25.6721019745, 18.3889541626, 18.3029327393, 12.5188083649, 14.0718727112, 21.7267627716, 14.8351488113, 12.7414369583, 10.5928688049, 9.64657306671, 7.80119800568, 6.26362609863, 4.56463623047, 5.14362859726, 4.86605119705, 4.19734859467, 3.94537591934, 2.32944321632, 1.65617311001, 0.864662885666, 0.479472011328, 0.462911754847, 0.190662786365, 0.0361421145499, 0.00463344994932, 0.000516774947755, 5.39640968782e-05], "max": [8.82497501373, 63.6483345032, 113.51109314, 150.904144287, 373.451049805, 549.179992676, 304.942260742, 266.359558105, 460.936584473, 568.31060791, 1007.40374756, 473.893280029, 460.130432129, 848.835205078, 416.165924072, 552.319274902, 421.530578613, 366.649414062, 640.144104004, 307.374786377, 298.534912109, 327.200683594, 313.638519287, 218.103408813, 223.758407593, 176.832336426, 655.698181152, 567.445861816, 365.917602539, 211.259628296, 151.801544189, 115.003959656, 67.8980178833, 28.6350288391, 15.5508022308, 4.92791700363, 1.69502282143, 0.286400467157, 0.032826796174, 0.000864563276991], "dmean2": [0.507458746433, 2.44915485382, 4.32525968552, 8.89381217957, 15.7468080521, 20.2281723022, 14.9243879318, 14.3064613342, 21.0479736328, 24.7346839905, 29.2738208771, 26.4608669281, 24.852678299, 39.0417747498, 19.5654220581, 21.1296901703, 14.3270139694, 21.0784893036, 34.2691955566, 17.4977397919, 16.1257209778, 13.2336893082, 12.0828447342, 8.82707500458, 7.82037210464, 5.98792266846, 8.52979755402, 8.89878845215, 6.21995162964, 3.9307641983, 2.66210126877, 1.81381106377, 1.00322365761, 0.56524002552, 0.472813785076, 0.231854438782, 0.0560058914125, 0.0097532402724, 0.00113287114073, 5.47847885173e-05], "median": [0.024611806497, 0.48740079999, 1.14922058582, 1.69530618191, 3.56282520294, 5.13229608536, 6.42265939713, 7.52061462402, 6.9716424942, 11.2558498383, 9.12471961975, 7.93656587601, 7.13152122498, 7.07369232178, 7.56520938873, 5.17596149445, 4.17956447601, 4.15576457977, 3.8963561058, 3.31346702576, 3.36999821663, 3.33885622025, 2.7971072197, 3.17340230942, 1.95380973816, 1.30031657219, 1.11161589622, 0.987952589989, 0.988378822803, 1.01665115356, 0.605813622475, 0.325312018394, 0.148808658123, 0.0743953883648, 0.0545176714659, 0.0219619385898, 0.00325077609159, 0.000313299475238, 3.07968803099e-05, 3.37397141266e-05], "dvar": [0.543264091015, 21.3855228424, 55.0397911072, 161.744308472, 616.073913574, 982.648925781, 344.869140625, 283.107788086, 790.108215332, 820.62286377, 1450.70336914, 1236.8626709, 1460.57824707, 4927.35839844, 572.24420166, 787.017822266, 392.671051025, 1238.33056641, 4222.95996094, 578.352233887, 537.333190918, 412.723571777, 379.716339111, 184.221694946, 177.801712036, 106.808311462, 230.581771851, 269.575653076, 159.666656494, 42.262008667, 22.7467327118, 14.2690000534, 3.88155007362, 0.79207277298, 0.435892164707, 0.0968863889575, 0.00727382767946, 0.00029269134393, 4.27313898399e-06, 4.73459493833e-09]}, "silence_rate_30dB": {"dvar2": 0.104275643826, "var": 0.0425627715886, "min": 0, "dmean": 0.0456505194306, "mean": 0.955452263355, "max": 1, "dmean2": 0.0913087576628, "median": 1, "dvar": 0.0435643531382}, "melbands_spread": {"dvar2": 293.846008301, "var": 406.288513184, "min": 0.0457601137459, "dmean": 6.1316652298, "mean": 16.914276123, "max": 219.210708618, "dmean2": 9.45730495453, "median": 12.1889705658, "dvar": 137.904434204}, "melbands_crest": {"dvar2": 32.1338844299, "var": 54.7360458374, "min": 1.80783188343, "dmean": 3.55140304565, "mean": 17.2258663177, "max": 38.9414901733, "dmean2": 5.61990690231, "median": 16.0531291962, "dvar": 13.3238506317}, "zerocrossingrate": {"dvar2": 0.000188970050658, "var": 0.00160066538956, "min": 0.00146484375, "dmean": 0.0097583597526, "mean": 0.0459620840847, "max": 0.52685546875, "dmean2": 0.0108184348792, "median": 0.03564453125, "dvar": 0.000175963126821}, "barkbands_kurtosis": {"dvar2": 3647.62011719, "var": 2787.34448242, "min": -1.93261873722, "dmean": 9.6613740921, "mean": 15.1804494858, "max": 1262.26953125, "dmean2": 15.0115098953, "median": 4.47389125824, "dvar": 1569.63415527}, "spectral_flux": {"dvar2": 0.00517406547442, "var": 0.00500145042315, "min": 1.05247303928e-10, "dmean": 0.0313022322953, "mean": 0.0832428336143, "max": 0.522553265095, "dmean2": 0.0491010434926, "median": 0.0655841007829, "dvar": 0.0023639164865}, "barkbands_crest": {"dvar2": 20.0555953979, "var": 25.1352443695, "min": 2.3751513958, "dmean": 2.81264090538, "mean": 11.9546518326, "max": 26.5160484314, "dmean2": 4.47718334198, "median": 10.9438800812, "dvar": 7.95642518997}, "barkbands_flatness_db": {"dvar2": 0.00236700987443, "var": 0.0069724060595, "min": 0.00698853377253, "dmean": 0.029247680679, "mean": 0.175309643149, "max": 0.732774317265, "dmean2": 0.0433075800538, "median": 0.165134385228, "dvar": 0.00119740678929}, "spectral_entropy": {"dvar2": 0.15002271533, "var": 0.354514598846, "min": 4.06764364243, "dmean": 0.209866434336, "mean": 7.32911777496, "max": 9.78053569794, "dmean2": 0.313117921352, "median": 7.37943744659, "dvar": 0.073615193367}, "pitch_salience": {"dvar2": 0.0176672041416, "var": 0.025421243161, "min": 0.0119837457314, "dmean": 0.0854993015528, "mean": 0.513989150524, "max": 0.934265315533, "dmean2": 0.134347960353, "median": 0.5325704813, "dvar": 0.00732247205451}, "erbbands_spread": {"dvar2": 290.82913208, "var": 420.60748291, "min": 1.24949634075, "dmean": 9.24654006958, "mean": 38.7586708069, "max": 187.589920044, "dmean2": 14.1804428101, "median": 35.1568603516, "dvar": 127.904884338}, "dynamic_complexity": 5.23768091202, "spectral_contrast_valleys": {"dvar2": [0.481897175312, 0.548391401768, 0.467679202557, 0.494034826756, 0.555366814137, 0.634092748165], "var": [3.63803100586, 2.82216191292, 2.64397907257, 2.65898609161, 2.41525936127, 2.86481070518], "min": [-27.9599189758, -27.5722255707, -27.3488273621, -27.0918445587, -27.1695079803, -27.2704086304], "dmean": [0.470887064934, 0.432063311338, 0.397662878036, 0.39746683836, 0.368288546801, 0.402124077082], "mean": [-7.74684333801, -7.07009649277, -7.68943881989, -8.32140350342, -8.41390132904, -10.8713169098], "max": [-4.51145601273, -4.44840526581, -4.88051319122, -5.42386054993, -5.44673919678, -7.56126499176], "dmean2": [0.74468678236, 0.688600718975, 0.617620050907, 0.589357674122, 0.540245175362, 0.549755632877], "median": [-7.3466129303, -6.64405822754, -7.28045463562, -7.96824169159, -8.10880374908, -10.5161790848], "dvar": [0.237975269556, 0.260519176722, 0.239609897137, 0.261720687151, 0.292400151491, 0.328736960888]}, "hfc": {"dvar2": 624.761901855, "var": 319.077545166, "min": 1.21164463215e-16, "dmean": 7.26484298706, "mean": 14.5693798065, "max": 185.725036621, "dmean2": 11.4342546463, "median": 9.96764945984, "dvar": 247.586013794}, "spectral_kurtosis": {"dvar2": 49.8746604919, "var": 60.3884468079, "min": -1.23416757584, "dmean": 2.51185917854, "mean": 6.47252702713, "max": 167.703521729, "dmean2": 4.13294792175, "median": 4.76870822906, "dvar": 20.8787403107}, "mfcc": {"mean": [-697.427246094, 134.26600647, 12.0723085403, 21.8150749207, 0.139879077673, 6.72689199448, -4.75097703934, 7.25189781189, -2.02834224701, 0.593562424183, 0.707390189171, -1.09071600437, -0.434512168169], "cov": [[14861.5751953, 817.519042969, -537.962280273, -113.540534973, -301.225128174, -46.0626525879, -315.047271729, 29.3625774384, -47.8412055969, -92.2410049438, -47.460521698, -44.6698265076, 7.79545688629], [817.519042969, 2189.10009766, -106.049972534, 47.5927391052, 143.182922363, 33.2541046143, 8.29966831207, 52.9700622559, -10.5929279327, -10.8140411377, -60.1375312805, -53.2874603271, 23.8964614868], [-537.962280273, -106.049972534, 842.256469727, 126.176368713, 25.3329524994, 139.411956787, 120.032501221, 99.2583618164, 36.7142181396, 24.2035274506, 35.7884292603, 94.3666000366, 8.10502243042], [-113.540534973, 47.5927391052, 126.176368713, 407.10333252, 157.105499268, 110.836517334, 60.638458252, 54.3916015625, 44.1007118225, 36.2415084839, 26.2876567841, 39.8774681091, 38.8261566162], [-301.225128174, 143.182922363, 25.3329524994, 157.105499268, 339.324890137, 135.433364868, 86.1638259888, 1.08536028862, 95.1915969849, 49.0212173462, 6.49340724945, 44.2389373779, 51.1537437439], [-46.0626525879, 33.2541046143, 139.411956787, 110.836517334, 135.433364868, 293.190032959, 127.61693573, 76.7395858765, 100.815567017, 45.1315460205, 75.1029968262, 61.3046417236, 50.8358001709], [-315.047271729, 8.29966831207, 120.032501221, 60.638458252, 86.1638259888, 127.61693573, 196.729202271, 74.2974395752, 71.048538208, 41.0542640686, 42.4023323059, 55.9682617188, 20.2820854187], [29.3625774384, 52.9700622559, 99.2583618164, 54.3916015625, 1.08536028862, 76.7395858765, 74.2974395752, 168.823364258, 36.0146446228, 33.9842033386, 52.0814590454, 26.0313396454, 22.8895244598], [-47.8412055969, -10.5929279327, 36.7142181396, 44.1007118225, 95.1915969849, 100.815567017, 71.048538208, 36.0146446228, 153.272232056, 57.9153556824, 42.1727867126, 53.6389961243, 38.9517440796], [-92.2410049438, -10.8140411377, 24.2035274506, 36.2415084839, 49.0212173462, 45.1315460205, 41.0542640686, 33.9842033386, 57.9153556824, 108.327613831, 58.8611984253, 45.9667854309, 30.609331131], [-47.460521698, -60.1375312805, 35.7884292603, 26.2876567841, 6.49340724945, 75.1029968262, 42.4023323059, 52.0814590454, 42.1727867126, 58.8611984253, 143.44342041, 51.6438369751, 37.4087104797], [-44.6698265076, -53.2874603271, 94.3666000366, 39.8774681091, 44.2389373779, 61.3046417236, 55.9682617188, 26.0313396454, 53.6389961243, 45.9667854309, 51.6438369751, 141.317474365, 58.6942520142], [7.79545688629, 23.8964614868, 8.10502243042, 38.8261566162, 51.1537437439, 50.8358001709, 20.2820854187, 22.8895244598, 38.9517440796, 30.609331131, 37.4087104797, 58.6942520142, 106.752822876]], "icov": [[7.56093213568e-05, -3.03660399368e-05, 5.02206821693e-05, -1.35081199915e-05, 9.16243952815e-05, -8.28166739666e-05, 0.000152482723934, -5.89493574807e-05, -4.99945199408e-05, 4.16181974288e-05, 3.81826794182e-05, -7.45016150177e-05, 1.54689732881e-05], [-3.03660399368e-05, 0.000512559025083, 4.55899607914e-05, 4.62826174044e-05, -0.00031678751111, -1.0184508028e-05, -1.39621042763e-05, -0.000304365443299, 0.000195188913494, -3.30599723384e-05, 0.00023993695504, 0.000229115408729, -0.000180042479769], [5.02206821693e-05, 4.55899607914e-05, 0.00155031122267, -0.000339565769536, 0.000318344245898, -0.000570802192669, -0.000276738166576, -0.00056038814364, 0.000248977186857, 0.000132480694447, 0.000381114397896, -0.00107742520049, 0.000613929936662], [-1.35081199915e-05, 4.62826174044e-05, -0.000339565769536, 0.00331098516472, -0.00153280119412, -0.000407089159125, 0.000297097576549, -0.000850822310895, 0.000578227569349, -0.000247161369771, 7.20150956113e-06, -3.35745135089e-05, -0.000257653591689], [9.16243952815e-05, -0.00031678751111, 0.000318344245898, -0.00153280119412, 0.00548692932352, -0.00152883760165, -0.00102071999572, 0.00175641931128, -0.00169674830977, -0.00118065928109, 0.00156223692466, 7.75483713369e-05, -0.00111877638847], [-8.28166739666e-05, -1.0184508028e-05, -0.000570802192669, -0.000407089159125, -0.00152883760165, 0.00680259941146, -0.00229291804135, -0.00070392107591, -0.00193585990928, 0.00149677426089, -0.00237144902349, 0.00051868747687, -0.000897516903933], [0.000152482723934, -1.39621042763e-05, -0.000276738166576, 0.000297097576549, -0.00102071999572, -0.00229291804135, 0.00914628431201, -0.00264347181655, -0.00117147166748, -0.000328133930452, 0.000279362837318, -0.00198901281692, 0.00183225783985], [-5.89493574807e-05, -0.000304365443299, -0.00056038814364, -0.000850822310895, 0.00175641931128, -0.00070392107591, -0.00264347181655, 0.00886533968151, -0.000452641397715, -0.00104601273779, -0.00157826533541, 0.00120680907276, -0.00112601590808], [-4.99945199408e-05, 0.000195188913494, 0.000248977186857, 0.000578227569349, -0.00169674830977, -0.00193585990928, -0.00117147166748, -0.000452641397715, 0.011126935482, -0.00349006056786, 0.000292110809823, -0.00126561359502, -0.000680493889377], [4.16181974288e-05, -3.30599723384e-05, 0.000132480694447, -0.000247161369771, -0.00118065928109, 0.00149677426089, -0.000328133930452, -0.00104601273779, -0.00349006056786, 0.0148460259661, -0.0046434700489, -0.00170048326254, -0.000197433793801], [3.81826794182e-05, 0.00023993695504, 0.000381114397896, 7.20150956113e-06, 0.00156223692466, -0.00237144902349, 0.000279362837318, -0.00157826533541, 0.000292110809823, -0.0046434700489, 0.0114035857841, -0.00167321157642, -0.00127331668045], [-7.45016150177e-05, 0.000229115408729, -0.00107742520049, -3.35745135089e-05, 7.75483713369e-05, 0.00051868747687, -0.00198901281692, 0.00120680907276, -0.00126561359502, -0.00170048326254, -0.00167321157642, 0.0119742983952, -0.00516479276121], [1.54689732881e-05, -0.000180042479769, 0.000613929936662, -0.000257653591689, -0.00111877638847, -0.000897516903933, 0.00183225783985, -0.00112601590808, -0.000680493889377, -0.000197433793801, -0.00127331668045, -0.00516479276121, 0.0139013053849]]}, "silence_rate_20dB": {"dvar2": 0, "var": 0, "min": 1, "dmean": 0, "mean": 1, "max": 1, "dmean2": 0, "median": 1, "dvar": 0}, "melbands_kurtosis": {"dvar2": 34534.515625, "var": 32171.6621094, "min": -1.85690867901, "dmean": 23.4366016388, "mean": 40.0855293274, "max": 5417.06396484, "dmean2": 35.7941894531, "median": 11.3593883514, "dvar": 15301.3857422}, "barkbands_spread": {"dvar2": 144.846664429, "var": 208.569732666, "min": 0.0461907312274, "dmean": 5.38142061234, "mean": 16.5383663177, "max": 111.715934753, "dmean2": 8.36142635345, "median": 13.0219497681, "dvar": 64.3009262085}, "erbbands_skewness": {"dvar2": 0.544765353203, "var": 0.906037628651, "min": -5.09493732452, "dmean": 0.42682158947, "mean": 0.570078074932, "max": 11.4120397568, "dmean2": 0.639412403107, "median": 0.531676232815, "dvar": 0.251296043396}, "average_loudness": 0.746931433678, "spectral_centroid": {"dvar2": 309458.125, "var": 570287.875, "min": 55.5729904175, "dmean": 256.09576416, "mean": 1042.22167969, "max": 10861.7089844, "dmean2": 391.637481689, "median": 850.51965332, "dvar": 148443.6875}, "dissonance": {"dvar2": 0.00143080484122, "var": 0.00145178218372, "min": 0.179421767592, "dmean": 0.0229716561735, "mean": 0.450556665659, "max": 0.500000059605, "dmean2": 0.0376104526222, "median": 0.459019869566, "dvar": 0.000558193714824}, "erbbands_flatness_db": {"dvar2": 0.000985426944681, "var": 0.00235201371834, "min": 0.0384323857725, "dmean": 0.0197580568492, "mean": 0.162547662854, "max": 0.414202392101, "dmean2": 0.0288726985455, "median": 0.157768219709, "dvar": 0.0004767292412}, "spectral_strongpeak": {"dvar2": 0.555187284946, "var": 0.339841634035, "min": 0, "dmean": 0.294571846724, "mean": 0.610599637032, "max": 6.28418111801, "dmean2": 0.503762900829, "median": 0.420340895653, "dvar": 0.214691862464}, "spectral_rms": {"dvar2": 5.05055277245e-06, "var": 8.75018668012e-06, "min": 3.26294958934e-12, "dmean": 0.00106722384226, "mean": 0.00497505674139, "max": 0.0180474650115, "dmean2": 0.00167270132806, "median": 0.00478645181283, "dvar": 2.31907529269e-06}, "silence_rate_60dB": {"dvar2": 0.0596065074205, "var": 0.118974678218, "min": 0, "dmean": 0.027221236378, "mean": 0.138038888574, "max": 1, "dmean2": 0.0544470734894, "median": 0, "dvar": 0.026482604444}, "melbands": {"dvar2": [9.74347349256e-05, 3.54078183591e-05, 1.89017027878e-05, 1.07619453047e-05, 1.42204908116e-06, 3.38009499501e-07, 4.47169526296e-07, 2.13402230997e-07, 2.01975154823e-07, 1.25335759549e-07, 1.0439281084e-07, 2.54578452541e-07, 2.09951735997e-08, 2.20044071852e-08, 1.05024380304e-08, 3.78896558573e-09, 1.52661616681e-08, 3.95533028552e-08, 4.32277280638e-09, 1.49702994445e-09, 2.1105139858e-09, 8.91660967284e-10, 1.62433544393e-09, 8.35200797411e-10, 2.98599950321e-10, 2.61004634572e-10, 2.94373136978e-10, 9.53178994068e-11, 2.08036893268e-10, 2.82319057021e-10, 2.27172614053e-10, 1.62277677407e-10, 5.88478918373e-11, 2.31982488774e-11, 1.75743170017e-11, 1.59296464908e-11, 1.17282910814e-11, 5.35491009174e-12, 1.96417621751e-12, 1.22747471909e-12], "var": [5.22648842889e-05, 2.244148709e-05, 1.15000739243e-05, 4.1015628085e-06, 8.30022997889e-07, 2.6550216603e-07, 2.10347053553e-07, 1.69451737975e-07, 1.92144597122e-07, 8.69710987672e-08, 4.11242275788e-08, 7.64511156603e-08, 1.23767591731e-08, 1.43524117036e-08, 6.6278427191e-09, 1.98191085765e-09, 4.11200851147e-09, 1.29432251583e-08, 2.27419993948e-09, 7.24529936047e-10, 9.15651832134e-10, 3.8910055733e-10, 5.08789177456e-10, 2.879471106e-10, 1.29174504426e-10, 1.44786238554e-10, 1.03841969745e-10, 4.82031602134e-11, 7.74382086233e-11, 8.72896269155e-11, 7.17077161538e-11, 5.77215983344e-11, 3.43472819631e-11, 2.3910994712e-11, 1.43911584038e-11, 1.73407347509e-11, 1.20916731489e-11, 4.89831482667e-12, 1.65636612499e-12, 8.79827840358e-13], "min": [3.57880909707e-24, 4.82829259016e-24, 4.49158427328e-24, 3.18628275747e-24, 7.2450468594e-24, 5.74139396036e-24, 2.8790423397e-24, 3.87636743052e-24, 1.06822408301e-23, 4.64638836517e-24, 5.78660870644e-24, 6.13140324203e-24, 4.64141341387e-24, 9.34489598149e-24, 6.95873137157e-24, 9.40555228535e-24, 1.06768828868e-23, 6.16869545803e-24, 1.14173093101e-23, 7.51885969074e-24, 8.87662657042e-24, 3.47819856608e-24, 4.44015133112e-24, 7.07550014048e-24, 9.57285785043e-24, 8.81254108821e-24, 9.25808183887e-24, 6.51163143733e-24, 7.26037600451e-24, 5.31831562955e-24, 1.10802322008e-23, 7.50316924734e-24, 9.70693817191e-24, 1.01866452772e-23, 8.66305746869e-24, 1.04425959311e-23, 9.86257490648e-24, 9.19318146333e-24, 1.0273220395e-23, 9.06535996428e-24], "dmean": [0.00244532804936, 0.00147260911763, 0.00100688799284, 0.000751756306272, 0.000362439575838, 0.000198676789296, 0.000199533387786, 0.000173358712345, 0.000148043603986, 0.000105398888991, 7.90332996985e-05, 9.85281149042e-05, 4.33221466665e-05, 4.28665116488e-05, 2.660663813e-05, 1.86361648957e-05, 2.4424663934e-05, 3.92007168557e-05, 1.79922844836e-05, 1.1001967323e-05, 1.14359263534e-05, 7.88187844591e-06, 8.22643050924e-06, 6.16123315922e-06, 4.4565213102e-06, 4.06012850362e-06, 3.24501183968e-06, 2.2555718715e-06, 2.9951399938e-06, 3.3745257042e-06, 2.79371897705e-06, 2.2514830107e-06, 1.63961465205e-06, 1.32460718305e-06, 1.00783142898e-06, 8.76692638485e-07, 7.07302547198e-07, 4.90227478167e-07, 3.57143420615e-07, 2.99971475215e-07], "mean": [0.00355759542435, 0.00231768214144, 0.00169837637804, 0.00108562712558, 0.000600365630817, 0.00035156015656, 0.000288063951302, 0.000285612128209, 0.000238316817558, 0.000156071750098, 0.000101660742075, 0.00010755925905, 6.37939665467e-05, 5.80743326282e-05, 3.54943658749e-05, 2.4636159651e-05, 2.56002622336e-05, 3.83702172257e-05, 2.34095714404e-05, 1.43638872032e-05, 1.49033594425e-05, 1.02914464151e-05, 1.0171721442e-05, 7.57111956773e-06, 6.10556799074e-06, 5.65669870412e-06, 3.55374140781e-06, 2.79217351817e-06, 3.15055285682e-06, 2.9962257031e-06, 2.78644097307e-06, 2.46151489591e-06, 2.13800876736e-06, 2.06405525205e-06, 1.30270848331e-06, 1.20287359096e-06, 9.46325712903e-07, 6.39495283394e-07, 4.42239240783e-07, 3.78746563001e-07], "max": [0.0836891680956, 0.0560842640698, 0.0331555753946, 0.0351219177246, 0.010404962115, 0.00653961766511, 0.00613745767623, 0.00499767856672, 0.00709879817441, 0.00306934374385, 0.00234252680093, 0.00394261348993, 0.00197320