{"tonal": {"thpcp": [1, 0.797200322151, 0.49575906992, 0.424123704433, 0.36465382576, 0.36621811986, 0.40443661809, 0.400430053473, 0.46020591259, 0.671934723854, 0.708762824535, 0.599958658218, 0.531750380993, 0.413313001394, 0.307998239994, 0.281583845615, 0.315094202757, 0.346641421318, 0.405117899179, 0.4616330266, 0.462234765291, 0.472515285015, 0.440969496965, 0.352270245552, 0.343916803598, 0.391670972109, 0.382120758295, 0.316241413355, 0.246094092727, 0.23341549933, 0.316404461861, 0.406889110804, 0.413349896669, 0.351587504148, 0.285654932261, 0.596895039082], "hpcp": {"dmean2": [0.371887236834, 0.305687308311, 0.238691225648, 0.212531611323, 0.221426233649, 0.233868643641, 0.26054289937, 0.290360659361, 0.305547714233, 0.328490823507, 0.316270798445, 0.25573772192, 0.233922466636, 0.249993726611, 0.241840690374, 0.20760345459, 0.171600669622, 0.16820281744, 0.205407261848, 0.231744244695, 0.235638454556, 0.23663367331, 0.211504921317, 0.342258989811, 0.541123509407, 0.402631103992, 0.310001164675, 0.297492593527, 0.279330581427, 0.297391176224, 0.319543659687, 0.316187560558, 0.333523631096, 0.395177066326, 0.408357352018, 0.378168731928], "median": [0.0652333796024, 0.0487165525556, 0.0366498753428, 0.0334633216262, 0.0407091155648, 0.0492163226008, 0.0549681484699, 0.0585372075438, 0.061744902283, 0.0665367990732, 0.0604743883014, 0.0451062619686, 0.042677141726, 0.0497978962958, 0.0507248789072, 0.0419469997287, 0.033332772553, 0.0273040570319, 0.0402567088604, 0.0574149638414, 0.0594683811069, 0.0453888997436, 0.0338234007359, 0.0979856550694, 0.156485050917, 0.178643658757, 0.0772670805454, 0.0556610971689, 0.0365359783173, 0.0251668356359, 0.0265933666378, 0.0327137857676, 0.0604104921222, 0.103367015719, 0.117113754153, 0.0886219590902], "min": [0, 0, 0, 0, 0, 0, 0, 0, 0, 0, 0, 0, 0, 0, 0, 0, 0, 0, 0, 0, 0, 0, 0, 0, 0, 0, 0, 0, 0, 0, 0, 0, 0, 0, 0, 0], "dvar2": [0.191609963775, 0.162004873157, 0.129908502102, 0.111991398036, 0.113909587264, 0.110529214144, 0.121001452208, 0.145763769746, 0.146198689938, 0.154019221663, 0.153511360288, 0.114966474473, 0.106337547302, 0.11419261992, 0.111698009074, 0.0901186615229, 0.0798829197884, 0.0865298211575, 0.102629669011, 0.105864569545, 0.103333510458, 0.115051686764, 0.101505093277, 0.114968702197, 0.273674875498, 0.133185088634, 0.129149898887, 0.134412199259, 0.147625371814, 0.171406820416, 0.183195620775, 0.172746151686, 0.159756183624, 0.173865616322, 0.18294300139, 0.18157954514], "dvar": [0.0709433108568, 0.0587280616164, 0.0457616373897, 0.0401227809489, 0.041541300714, 0.0401957705617, 0.0444122999907, 0.0538351014256, 0.0530949495733, 0.0552304312587, 0.0554463155568, 0.0422583930194, 0.0388734526932, 0.0431987047195, 0.0418278351426, 0.0339447185397, 0.0289869606495, 0.0305236149579, 0.0366244390607, 0.0385679677129, 0.0384053811431, 0.04179193452, 0.0369350165129, 0.0434733107686, 0.107311837375, 0.0503722280264, 0.0478544309735, 0.0487330593169, 0.0528457947075, 0.0622187033296, 0.0691770687699, 0.0643049180508, 0.0590519085526, 0.0668333619833, 0.0682269483805, 0.0670612975955], "dmean": [0.20708732307, 0.16944475472, 0.130244672298, 0.116366945207, 0.122654110193, 0.130789369345, 0.14621758461, 0.162371650338, 0.170589774847, 0.183518379927, 0.175623089075, 0.142177149653, 0.131648406386, 0.141452223063, 0.137034326792, 0.117148704827, 0.0958409681916, 0.0935337394476, 0.115598239005, 0.132318377495, 0.134883061051, 0.133232355118, 0.117210559547, 0.192317247391, 0.301797538996, 0.230165213346, 0.176465645432, 0.165547713637, 0.152563109994, 0.16350620985, 0.176354691386, 0.173745825887, 0.184826210141, 0.224220246077, 0.230481386185, 0.214184224606], "max": [1, 1, 1, 1, 1, 1, 1, 1, 1, 1, 1, 1, 1, 1, 1, 1, 1, 1, 1, 1, 1, 1, 1, 1, 1, 1, 1, 1, 1, 1, 1, 1, 1, 1, 1, 1], "var": [0.0709283575416, 0.052118293941, 0.0364034324884, 0.0322081744671, 0.0356459245086, 0.035573169589, 0.0457518175244, 0.0595651306212, 0.0562700554729, 0.054829671979, 0.0517159625888, 0.0392185561359, 0.037899389863, 0.0464926585555, 0.0439368709922, 0.0332793146372, 0.0234926193953, 0.0247857496142, 0.0346513576806, 0.044449813664, 0.0455959886312, 0.0391891598701, 0.031263820827, 0.054865039885, 0.147228181362, 0.0752257630229, 0.0531703978777, 0.0476830005646, 0.0483652427793, 0.0544703155756, 0.0645189657807, 0.0582852363586, 0.0540467202663, 0.0849947482347, 0.0865576639771, 0.0742233172059], "mean": [0.187854632735, 0.14601354301, 0.108808368444, 0.0994767993689, 0.111315205693, 0.122460074723, 0.143118411303, 0.163083851337, 0.163296431303, 0.166928291321, 0.15578392148, 0.124448604882, 0.121497534215, 0.138367936015, 0.134994074702, 0.111720487475, 0.0869391262531, 0.0824600830674, 0.111778087914, 0.143744140863, 0.146026581526, 0.124207414687, 0.100915022194, 0.210868671536, 0.353275954723, 0.281631708145, 0.175139755011, 0.149832710624, 0.128823429346, 0.12937605381, 0.142877727747, 0.141462311149, 0.16257968545, 0.237378373742, 0.250388860703, 0.211950957775]}, "tuning_equal_tempered_deviation": 0.196092993021, "chords_changes_rate": 0.0863228663802, "key_key": "F", "tuning_diatonic_strength": 0.463497966528, "key_scale": "minor", "chords_number_rate": 0.00240230630152, "tuning_frequency": 434.193115234, "tuning_nontempered_energy_ratio": 0.861870825291, "chords_histogram": [11.8193464279, 20.980140686, 4.32415103912, 2.97885966301, 0, 1.02498400211, 4.75656652451, 3.13901352882, 0.464445859194, 0, 0.304292112589, 0.032030750066, 0.0800768733025, 0, 0.128123000264, 1.74567580223, 2.48238301277, 3.0429213047, 9.56117916107, 2.8987827301, 1.00896859169, 0.656630337238, 5.3171043396, 23.2543239594], "key_strength": 0.519195556641, "chords_key": "C#", "chords_strength": {"dmean2": 0.0165277794003, "median": 0.495659530163, "min": -1, "dvar2": 0.000750646286178, "dvar": 0.000414520531194, "dmean": 0.0134839825332, "max": 0.776247024536, "var": 0.0244035199285, "mean": 0.491865873337}, "chords_scale": "major", "hpcp_entropy": {"dmean2": 1.20860850811, "median": 2.52213692665, "min": 0, "dvar2": 0.928075790405, "dvar": 0.326403826475, "dmean": 0.710613489151, "max": 4.48799705505, "var": 0.638899981976, "mean": 2.46887516975}}, "metadata": {"audio_properties": {"equal_loudness": 0, "codec": "mp3", "downmix": "mix", "analysis_sample_rate": 44100, "bit_rate": 192000, "md5_encoded": "b75cb2512c63c2c1ef72bb6ed16954ec", "length": 289.906951904, "replay_gain": -10.5895500183, "lossless": false}, "version": {"essentia_build_sha": "50a0fbec89d6a9cedea3d45b6611406f7e8c7b1a", "essentia": "2.1-beta1", "extractor": "music 1.0", "essentia_git_sha": "v2.1_beta1-7-ge0e83e8-dirty"}, "tags": {"title": ["We're going to move on"], "bitrate": ["192"], "albumartist": ["\u7530\u6751\u76f4\u7f8e"], "date": ["2005-11-16"], "genre": ["Jpop/JPop"], "musicbrainz_recordingid": ["1ee94181-cb81-454d-b234-624d7bfb76f3"], "musicbrainz_albumartistid": ["9aa07e2a-e915-4f73-a722-b49b52594436"], "originaldate": ["2005-11-16"], "musicbrainz_albumid": ["3016755a-0bf6-4dd4-847b-b62281cdc3d3"], "artist": ["\u7530\u6751\u76f4\u7f8e"], "tracknumber": ["6/11"], "artistsort": ["\u305f\u3080\u3089\u306a\u304a\u307f"], "album": ["CRISIS"], "albumartistsort": ["\u305f\u3080\u3089\u306a\u304a\u307f"], "discnumber": ["1/1"], "musicbrainz_artistid": ["9aa07e2a-e915-4f73-a722-b49b52594436"], "file_name": "06. We're going to move on.mp3"}}, "rhythm": {"bpm_histogram_first_peak_bpm": {"dmean2": 0, "median": 96, "min": 96, "dvar2": 0, "dvar": 0, "dmean": 0, "max": 96, "var": 0, "mean": 96}, "bpm": 96.0159912109, "bpm_histogram_second_peak_spread": {"dmean2": 0, "median": 0.526315808296, "min": 0.526315808296, "dvar2": 0, "dvar": 0, "dmean": 0, "max": 0.526315808296, "var": 0, "mean": 0.526315808296}, "bpm_histogram_first_peak_weight": {"dmean2": 0, "median": 0.737843573093, "min": 0.737843573093, "dvar2": 0, "dvar": 0, "dmean": 0, "max": 0.737843573093, "var": 0, "mean": 0.737843573093}, "onset_rate": 3.08011388779, "beats_position": [0.592108845711, 1.18421769142, 1.77632653713, 2.36843538284, 2.96054410934, 3.56426286697, 4.17959165573, 4.80653047562, 5.4334692955, 6.06040811539, 6.68734693527, 7.31428575516, 7.94122457504, 8.56816291809, 9.19510173798, 9.82204055786, 10.4373693466, 11.0526981354, 11.6796369553, 12.3065757751, 12.933514595, 13.5604534149, 14.1873922348, 14.8143310547, 15.4412698746, 16.0682086945, 16.6835365295, 17.3104763031, 17.9258041382, 18.5527439117, 19.179681778, 19.8066215515, 20.4335594177, 21.0604991913, 21.6874370575, 22.3143768311, 22.9413146973, 23.5682544708, 24.195192337, 24.8221302032, 25.4490699768, 26.076007843, 26.6913375854, 27.3066654205, 27.9336051941, 28.5605430603, 29.1874828339, 29.8144207001, 30.4413604736, 31.0682983398, 31.6952381134, 32.322177887, 32.9491157532, 33.5760536194, 34.1913833618, 34.8067131042, 35.4336509705, 36.0605888367, 36.6875267029, 37.3144645691, 37.94140625, 38.5567321777, 39.1720619202, 39.7989997864, 40.4259414673, 41.0528793335, 41.6798171997, 42.3067550659, 42.9336967468, 43.560634613, 44.1875724792, 44.8145103455, 45.4298400879, 46.0451698303, 46.6721076965, 47.2990455627, 47.9259872437, 48.5529251099, 49.1798629761, 49.8184127808, 50.4337387085, 51.0606803894, 51.6876182556, 52.3145561218, 52.941493988, 53.5684356689, 54.1953735352, 54.8223114014, 55.4492492676, 56.06457901, 56.6799087524, 57.3068466187, 57.9337844849, 58.5607261658, 59.187664032, 59.8146018982, 60.4415397644, 61.0684814453, 61.683807373, 62.2991371155, 62.9260749817, 63.5530128479, 64.1799545288, 64.806892395, 65.4338302612, 66.0607681274, 66.6877059937, 67.3146438599, 67.9415893555, 68.5685272217, 69.1838531494, 69.7991790771, 70.4261245728, 71.053062439, 71.6800003052, 72.3069381714, 72.9338760376, 73.5608139038, 74.1761474609, 74.7914733887, 75.4184112549, 76.0453491211, 76.6722869873, 77.2992248535, 77.9261627197, 78.5531082153, 79.1800460815, 79.8069839478, 80.433921814, 81.0608596802, 81.6877975464, 82.3147354126, 82.9416732788, 83.5686187744, 84.1955566406, 84.8224945068, 85.4378204346, 86.0531539917, 86.6800918579, 87.3070297241, 87.9223556519, 88.537689209, 89.1646270752, 89.7915649414, 90.4185028076, 91.0454406738, 91.67237854, 92.2993164062, 92.9262542725, 93.5531921387, 94.1801376343, 94.8070755005, 95.4340133667, 96.0609512329, 96.6878890991, 97.3148269653, 97.9417648315, 98.5570983887, 99.1840362549, 99.7993621826, 100.426300049, 101.053237915, 101.680175781, 102.307121277, 102.934059143, 103.560997009, 104.187934875, 104.803260803, 105.441810608, 106.068748474, 106.69568634, 107.322631836, 107.949569702, 108.576507568, 109.191833496, 109.807167053, 110.434104919, 111.061042786, 111.687980652, 112.314918518, 112.941856384, 113.557182312, 114.184127808, 114.811065674, 115.43800354, 116.064941406, 116.680267334, 117.3072052, 117.934150696, 118.561088562, 119.188026428, 119.814964294, 120.441902161, 121.068840027, 121.695777893, 122.322715759, 122.949661255, 123.576599121, 124.191925049, 124.807250977, 125.434196472, 126.061134338, 126.688072205, 127.315010071, 127.941947937, 128.568893433, 129.18421936, 129.811157227, 130.426483154, 131.053421021, 131.680358887, 132.307296753, 132.934234619, 133.561172485, 134.188110352, 134.815048218, 135.441986084, 136.068939209, 136.684265137, 137.299591064, 137.926528931, 138.553466797, 139.180404663, 139.807342529, 140.434280396, 141.061218262, 141.688156128, 142.315093994, 142.94203186, 143.568969727, 144.184310913, 144.799636841, 145.426574707, 146.053512573, 146.680450439, 147.307388306, 147.934326172, 148.561264038, 149.188201904, 149.803527832, 150.418869019, 151.045806885, 151.672744751, 152.299682617, 152.926620483, 153.55355835, 154.180496216, 154.807434082, 155.434371948, 156.061309814, 156.688247681, 157.315185547, 157.942123413, 158.5574646, 159.172790527, 159.799728394, 160.42666626, 161.053604126, 161.680541992, 162.307479858, 162.934417725, 163.561355591, 164.176681519, 164.803619385, 165.430557251, 166.045898438, 166.672836304, 167.29977417, 167.926712036, 168.553649902, 169.180587769, 169.807525635, 170.434463501, 171.061401367, 171.688339233, 172.3152771, 172.930603027, 173.545944214, 174.17288208, 174.799819946, 175.426757812, 176.053695679, 176.680633545, 177.307571411, 177.934509277, 178.561447144, 179.18838501, 179.815322876, 180.442260742, 181.04598999, 181.672927856, 182.299865723, 182.926803589, 183.553741455, 184.180679321, 184.807617188, 185.434555054, 186.06149292, 186.688430786, 187.315368652, 187.93069458, 188.557632446, 189.184570312, 189.811508179, 190.438461304, 191.06539917, 191.680725098, 192.307662964, 192.93460083, 193.561538696, 194.188476562, 194.815414429, 195.442352295, 196.069290161, 196.673019409, 197.299957275, 197.926895142, 198.553833008, 199.180770874, 199.80770874, 200.434646606, 201.049972534, 201.6769104, 202.292236328, 202.919174194, 203.546112061, 204.173049927, 204.800003052, 205.426940918, 206.053878784, 206.68081665, 207.307754517, 207.923080444, 208.538406372, 209.176956177, 209.815505981, 210.442443848, 211.069381714, 211.684707642, 212.300048828, 212.926986694, 213.553924561, 214.180862427, 214.807800293, 215.434738159, 216.061676025, 216.677001953, 217.303939819, 217.942489624, 218.56942749, 219.184753418, 219.800079346, 220.427032471, 221.053970337, 221.680908203, 222.307846069, 222.934783936, 223.561721802, 224.177047729, 224.792373657, 225.419311523, 226.04624939, 226.673187256, 227.300125122, 227.927078247, 228.554016113, 229.180953979, 229.807891846, 230.434829712, 231.061767578, 231.688705444, 232.315643311, 232.942581177, 233.569519043, 234.196456909, 234.811782837, 235.438720703, 236.05406189, 236.680999756, 237.307937622, 237.934875488, 238.561813354, 239.188751221, 239.815689087, 240.431015015, 241.046340942, 241.684890747, 242.323440552, 242.938766479, 243.554092407, 244.181045532, 244.807983398, 245.434921265, 246.061859131, 246.688796997, 247.304122925, 247.931060791, 248.546386719, 249.173324585, 249.800262451, 250.427200317, 251.054138184, 251.681091309, 252.308029175, 252.934967041, 253.550292969, 254.165618896, 254.792556763, 255.419494629, 256.046447754, 256.673370361, 257.300323486, 257.927246094, 258.554199219, 259.181121826, 259.808074951, 260.434997559, 261.061950684, 261.688873291, 262.315826416, 262.942749023, 263.558105469, 264.173431396, 264.800354004, 265.427307129, 266.054229736, 266.681182861, 267.308105469, 267.935058594, 268.561981201, 269.188934326, 269.815856934, 270.442810059, 271.058135986, 271.673461914, 272.300415039, 272.927337646, 273.554290771, 274.181213379, 274.808166504, 275.27255249, 275.748565674, 276.224578857, 276.700592041, 277.188201904, 277.664215088, 278.082183838, 278.50012207, 278.9296875, 279.34765625, 279.765625, 280.183563232, 280.61315918, 281.054321289, 281.495513916, 281.925079346, 282.354644775, 282.772613525, 283.202178955, 283.631744385, 284.061309814, 284.490875244, 284.920440674, 285.37322998, 285.814422607, 286.255584717, 286.708374023, 287.06829834, 287.428192139, 287.788116455, 288.136413574, 288.496307373, 288.84463501, 289.192932129], "beats_loudness": {"dmean2": 0.03777269274, "median": 0.0597714558244, "min": 1.37320066429e-09, "dvar2": 0.000945159583353, "dvar": 0.00031680194661, "dmean": 0.0213336292654, "max": 0.138186976314, "var": 0.000606171088293, "mean": 0.059317573905}, "danceability": 1.12856900692, "bpm_histogram_second_peak_weight": {"dmean2": 0, "median": 0.0190274845809, "min": 0.0190274845809, "dvar2": 0, "dvar": 0, "dmean": 0, "max": 0.0190274845809, "var": 0, "mean": 0.0190274845809}, "beats_count": 474, "bpm_histogram_second_peak_bpm": {"dmean2": 0, "median": 140, "min": 140, "dvar2": 0, "dvar": 0, "dmean": 0, "max": 140, "var": 0, "mean": 140}, "bpm_histogram_first_peak_spread": {"dmean2": 0, "median": 0.197701156139, "min": 0.197701156139, "dvar2": 0, "dvar": 0, "dmean": 0, "max": 0.197701156139, "var": 0, "mean": 0.197701156139}, "beats_loudness_band_ratio": {"dmean2": [0.451743036509, 0.160988733172, 0.141004890203, 0.0967656895518, 0.0858320519328, 0.216204226017], "median": [0.373526990414, 0.101369336247, 0.0813219994307, 0.0681655481458, 0.043551966548, 0.23215483129], "min": [0.0340036377311, 0.000597385689616, 0.00199838425033, 0.00293577788398, 7.25163263269e-05, 0.0490687675774], "dvar2": [0.101290017366, 0.0138222556561, 0.0208505317569, 0.00986844301224, 0.00381908635609, 0.0251658726484], "dvar": [0.0297438055277, 0.00471399258822, 0.00704105710611, 0.00343140447512, 0.00130732893012, 0.00729803089052], "dmean": [0.243922367692, 0.0883537977934, 0.0803087502718, 0.0548957102001, 0.0460138358176, 0.117502249777], "max": [0.891916751862, 0.45032569766, 0.547583341599, 0.515785694122, 0.307161688805, 0.815158903599], "var": [0.0419276021421, 0.00661352276802, 0.00964191369712, 0.00444983132184, 0.00213058991358, 0.0128657724708], "mean": [0.403439551592, 0.119450211525, 0.116185635328, 0.0855616405606, 0.0538303665817, 0.245437353849]}}, "lowlevel": {"barkbands_spread": {"dmean2": 11.6099786758, "median": 23.3392982483, "min": 0.375368952751, "dvar2": 133.917236328, "dvar": 58.0205879211, "dmean": 7.3604798317, "max": 141.988265991, "var": 309.897979736, "mean": 26.3723526001}, "melbands_spread": {"dmean2": 8.77592277527, "median": 14.2927103043, "min": 0.416773766279, "dvar2": 94.3303070068, "dvar": 40.1895751953, "dmean": 5.53787088394, "max": 344.159240723, "var": 749.58782959, "mean": 18.7713375092}, "hfc": {"dmean2": 90.7319793701, "median": 232.991836548, "min": 1.11610791838e-16, "dvar2": 7490.98876953, "dvar": 3462.85205078, "dmean": 59.5495758057, "max": 1258.67333984, "var": 14829.1689453, "mean": 231.678756714}, "barkbands_kurtosis": {"dmean2": 9.19822311401, "median": 5.71122074127, "min": -1.95965123177, "dvar2": 277.188323975, "dvar": 115.564331055, "dmean": 5.76191663742, "max": 252.606842041, "var": 203.670623779, "mean": 9.83123683929}, "gfcc": {"mean": [-7.93063163757, 105.492874146, -85.9407272339, -8.3028717041, -9.36913108826, -17.2601547241, 0.362594842911, -18.4809570312, -0.591564118862, -7.88570594788, -4.16956615448, -3.20748639107, -4.08844566345], "icov": [[0.000117489369586, -0.000449616258265, 0.000675576040521, -0.000568861607462, 0.000485715514515, -0.000401120574679, 0.000115672039101, 0.000139851326821, -0.000122124969494, 0.000248290685704, -0.000154305656906, -0.0001239002886, 0.00014452249161], [-0.000449616258265, 0.0048167980276, -0.0045081009157, 0.00396753102541, -0.00272013200447, 0.00235834298655, -0.00179496465717, 0.00171418953687, -0.00283196335658, 0.0025088484399, -0.00262452266179, 0.00528978882357, -0.00341758993454], [0.000675576040521, -0.0045081009157, 0.00881766341627, -0.00619035726413, 0.00605146680027, -0.00559551734477, 0.00216529238969, -8.08310414868e-06, 0.00120985985268, 0.00110078614671, -0.00155141833238, -0.000333289586706, 0.00203302036971], [-0.000568861607462, 0.00396753102541, -0.00619035726413, 0.0105576701462, -0.00682928180322, 0.00542541779578, -0.00336557626724, -0.00188187079038, 0.00423291511834, -0.0056479414925, 0.00540779996663, -0.00386601872742, 0.00382569385692], [0.000485715514515, -0.00272013200447, 0.00605146680027, -0.00682928180322, 0.0122566958889, -0.0058058402501, -0.0011322281789, 0.00385905778967, -0.00304093281738, 0.00473991967738, -0.00668582459912, 0.00558687280864, -0.00388419441879], [-0.000401120574679, 0.00235834298655, -0.00559551734477, 0.00542541779578, -0.0058058402501, 0.00867276918143, -0.00132121937349, -0.00350157241337, 0.00328527321108, -0.0052848411724, 0.00401146057993, -0.00346049689688, 0.000466330675408], [0.000115672039101, -0.00179496465717, 0.00216529238969, -0.00336557626724, -0.0011322281789, -0.00132121937349, 0.0100286928937, -0.00137774983887, -0.00456776376814, 0.00423365691677, -0.00151203142013, -0.00390452635475, 0.0031339279376], [0.000139851326821, 0.00171418953687, -8.08310414868e-06, -0.00188187079038, 0.00385905778967, -0.00350157241337, -0.00137774983887, 0.0123159298673, -0.00505454977974, 0.00133746059146, -0.00361953815445, 0.00840127747506, -0.00762957287952], [-0.000122124969494, -0.00283196335658, 0.00120985985268, 0.00423291511834, -0.00304093281738, 0.00328527321108, -0.00456776376814, -0.00505454977974, 0.0217240080237, -0.0169381704181, 0.0121332090348, -0.0118375280872, 0.00619947491214], [0.000248290685704, 0.0025088484399, 0.00110078614671, -0.0056479414925, 0.00473991967738, -0.0052848411724, 0.00423365691677, 0.00133746059146, -0.0169381704181, 0.0342104062438, -0.0204227939248, 0.0118593517691, -0.00733641395345], [-0.000154305656906, -0.00262452266179, -0.00155141833238, 0.00540779996663, -0.00668582459912, 0.00401146057993, -0.00151203142013, -0.00361953815445, 0.0121332090348, -0.0204227939248, 0.0326318629086, -0.0205725505948, 0.00659055635333], [-0.0001239002886, 0.00528978882357, -0.000333289586706, -0.00386601872742, 0.00558687280864, -0.00346049689688, -0.00390452635475, 0.00840127747506, -0.0118375280872, 0.0118593517691, -0.0205725505948, 0.0358793251216, -0.013082598336], [0.00014452249161, -0.00341758993454, 0.00203302036971, 0.00382569385692, -0.00388419441879, 0.000466330675408, 0.0031339279376, -0.00762957287952, 0.00619947491214, -0.00733641395345, 0.00659055635333, -0.013082598336, 0.0240921527147]], "cov": [[23509.1894531, 1987.37524414, -1870.96716309, 11.6003046036, 543.106689453, -839.509338379, 810.150756836, -760.910095215, 527.004760742, -293.844940186, 86.8762054443, 153.054290771, -111.352676392], [1987.37524414, 1100.71362305, 17.3514671326, -330.387451172, 99.2526092529, -95.3277282715, 66.0554504395, -126.121696472, 90.8608703613, -78.88256073, 24.8830394745, -85.0871429443, 64.1203384399], [-1870.96716309, 17.3514671326, 579.484863281, 53.9091377258, -144.267913818, 210.289474487, -131.521514893, 90.1005783081, -108.228309631, 18.5518932343, -14.4481954575, -45.1916351318, -12.5521297455], [11.6003046036, -330.387451172, 53.9091377258, 394.863769531, 51.0180168152, -32.9673652649, 80.2790679932, -6.86029434204, -37.0248031616, 10.1125230789, -10.1999444962, 40.1746482849, -80.7270278931], [543.106689453, 99.2526092529, -144.267913818, 51.0180168152, 231.148620605, -5.35854434967, 107.450897217, -52.803943634, 40.7319145203, -7.1959528923, 30.8193340302, 15.7155647278, 8.99541568756], [-839.509338379, -95.3277282715, 210.289474487, -32.9673652649, -5.35854434967, 331.112579346, -51.1828727722, 113.778236389, -32.2544822693, 52.3283958435, 10.6496315002, 1.63984048367, 36.631362915], [810.150756836, 66.0554504395, -131.521514893, 80.2790679932, 107.450897217, -51.1828727722, 226.352722168, -35.8983001709, 76.164932251, -13.2600154877, 20.6193695068, 44.0853614807, -24.9753875732], [-760.910095215, -126.121696472, 90.1005783081, -6.86029434204, -52.803943634, 113.778236389, -35.8983001709, 179.324111938, 5.62672233582, 46.1271400452, -3.46805238724, -12.2274847031, 37.8102226257], [527.004760742, 90.8608703613, -108.228309631, -37.0248031616, 40.7319145203, -32.2544822693, 76.164932251, 5.62672233582, 130.661270142, 32.2128257751, 11.829823494, 23.7011432648, 9.62661552429], [-293.844940186, -78.88256073, 18.5518932343, 10.1125230789, -7.1959528923, 52.3283958435, -13.2600154877, 46.1271400452, 32.2128257751, 81.1527404785, 32.5728721619, 14.4514141083, 16.9210643768], [86.8762054443, 24.8830394745, -14.4481954575, -10.1999444962, 30.8193340302, 10.6496315002, 20.6193695068, -3.46805238724, 11.829823494, 32.5728721619, 75.6292953491, 35.7065086365, 12.4051446915], [153.054290771, -85.0871429443, -45.1916351318, 40.1746482849, 15.7155647278, 1.63984048367, 44.0853614807, -12.2274847031, 23.7011432648, 14.4514141083, 35.7065086365, 76.4322814941, 7.3794836998], [-111.352676392, 64.1203384399, -12.5521297455, -80.7270278931, 8.99541568756, 36.631362915, -24.9753875732, 37.8102226257, 9.62661552429, 16.9210643768, 12.4051446915, 7.3794836998, 84.4024276733]]}, "spectral_energyband_middle_low": {"dmean2": 0.00976540707052, "median": 0.0113752549514, "min": 1.34621031986e-22, "dvar2": 0.000124887708807, "dvar": 5.32535195816e-05, "dmean": 0.00618283450603, "max": 0.13801471889, "var": 0.00014898327936, "mean": 0.0144512811676}, "melbands_crest": {"dmean2": 7.52572393417, "median": 15.3647241592, "min": 1.63609719276, "dvar2": 35.9014701843, "dvar": 13.8233737946, "dmean": 4.56379556656, "max": 36.8879051208, "var": 36.3214187622, "mean": 16.0468978882}, "spectral_kurtosis": {"dmean2": 12.1035480499, "median": 19.8923187256, "min": -1.26404929161, "dvar2": 895.596069336, "dvar": 314.41394043, "dmean": 7.78668880463, "max": 679.745117188, "var": 309.585235596, "mean": 23.4125213623}, "spectral_rms": {"dmean2": 0.00177540653385, "median": 0.00731451483443, "min": 3.15984044486e-12, "dvar2": 2.49258437179e-06, "dvar": 1.07429116269e-06, "dmean": 0.00114455469884, "max": 0.0144007029012, "var": 5.57491421205e-06, "mean": 0.00689877104014}, "zerocrossingrate": {"dmean2": 0.0521984212101, "median": 0.27685546875, "min": 0.00341796875, "dvar2": 0.00181891862303, "dvar": 0.00118128291797, "dmean": 0.0410076081753, "max": 0.66064453125, "var": 0.00830760411918, "mean": 0.282728672028}, "silence_rate_60dB": {"dmean2": 0.0201842207462, "median": 0, "min": 0, "dvar2": 0.0237816236913, "dvar": 0.00998946744949, "dmean": 0.0100913019851, "max": 1, "var": 0.0413016825914, "mean": 0.0431648902595}, "erbbands_kurtosis": {"dmean2": 1.61586785316, "median": -0.00424717459828, "min": -1.69107842445, "dvar2": 6.68160295486, "dvar": 2.58025097847, "dmean": 0.996479153633, "max": 45.554775238, "var": 5.12280321121, "mean": 0.564473867416}, "erbbands": {"dmean2": [0.565458297729, 2.89894080162, 9.6233291626, 10.7562246323, 12.1110706329, 10.6276693344, 18.3742446899, 26.4271907806, 39.0959243774, 33.9430923462, 41.2620887756, 31.5440826416, 35.5236320496, 42.6910896301, 43.1931419373, 40.5325813293, 31.6493721008, 18.457950592, 34.3960533142, 30.3895797729, 27.446931839, 14.9432430267, 11.8835754395, 10.2636947632, 6.95667409897, 5.04680395126, 3.50880503654, 2.8082690239, 1.48240840435, 0.679187297821, 0.717657744884, 0.254117161036, 0.134492129087, 0.0583464950323, 0.0361995361745, 0.0299217086285, 0.0403589680791, 0.0378628261387, 0.0198472291231, 0.0123652871698], "median": [0.192023932934, 1.39258265495, 3.689909935, 4.86414527893, 5.66998004913, 5.57829380035, 8.10445594788, 12.5762529373, 17.6516704559, 13.5369215012, 10.7275848389, 12.6578025818, 12.0378322601, 21.6948013306, 24.9822063446, 28.6054782867, 20.3180294037, 12.59329319, 17.4680099487, 14.129073143, 11.5095615387, 8.26561164856, 4.774310112, 3.65201020241, 3.13962721825, 2.62753415108, 1.82268702984, 1.38601469994, 0.677801251411, 0.322694003582, 0.194161489606, 0.0865284875035, 0.0307504534721, 0.0174373909831, 0.0110722975805, 0.00948475394398, 0.0143756316975, 0.018395094201, 0.0216418597847, 0.0326183438301], "min": [1.3747889203e-22, 7.83666691611e-22, 7.38758821896e-22, 9.45417437726e-21, 1.42440533793e-20, 3.73156716271e-20, 4.92676107602e-20, 8.03462242464e-20, 8.7146547148e-20, 1.88978031711e-19, 2.65587997452e-19, 5.5902204795e-19, 5.43785794657e-19, 7.21636915885e-19, 9.59802790356e-19, 1.18842000203e-18, 1.82361871525e-18, 2.33266876614e-18, 2.91223079438e-18, 3.61587777271e-18, 4.1007363062e-18, 5.52158527157e-18, 6.18336822551e-18, 6.81042158784e-18, 8.70106157825e-18, 7.98631962636e-18, 1.02835854759e-17, 9.06855807207e-18, 9.61535506265e-18, 1.21282338106e-17, 1.2541554456e-17, 1.15364745907e-17, 1.00206942423e-17, 8.5378456085e-18, 6.84442574205e-18, 4.20896461755e-18, 2.52960764869e-18, 9.77855903828e-19, 2.389774679e-19, 2.66505670332e-20], "dvar2": [0.648435533047, 13.9062585831, 190.748580933, 230.058044434, 371.390441895, 248.259155273, 939.678405762, 2022.5, 4847.74853516, 5614.83007812, 12493.1425781, 6502.86376953, 9149.42773438, 7678.53125, 8650.77539062, 6156.0703125, 6071.53076172, 1629.71728516, 7994.98681641, 3775.40209961, 3375.76782227, 912.745605469, 595.313354492, 688.158569336, 266.674407959, 122.263916016, 38.4488067627, 23.6128501892, 5.97920703888, 0.909589469433, 2.10753917694, 0.136103689671, 0.0469086915255, 0.00656883604825, 0.00257883197628, 0.00184808520135, 0.00449537625536, 0.00396030768752, 0.000756130903028, 0.000158094044309], "dvar": [0.261804133654, 5.15258026123, 74.4825897217, 91.0324935913, 162.807434082, 98.1698684692, 392.590942383, 781.003601074, 2131.50097656, 2219.00341797, 5208.06933594, 2642.69287109, 3803.26025391, 3238.81811523, 3700.48657227, 2597.2199707, 2399.96191406, 689.914245605, 3101.13574219, 1550.32019043, 1374.6784668, 385.513183594, 280.041900635, 330.362548828, 136.445632935, 62.1457901001, 19.5912666321, 11.8300619125, 2.6429309845, 0.421462982893, 0.809187173843, 0.0599455945194, 0.0176615007222, 0.00260345777497, 0.0010207608575, 0.000711651751772, 0.00182959111407, 0.00167905259877, 0.000410666660173, 7.92289283709e-05], "dmean": [0.347894370556, 1.71668016911, 5.7186961174, 6.42147350311, 7.43437957764, 6.35451507568, 11.2134752274, 16.1499252319, 25.2752399445, 20.6342601776, 25.728307724, 19.8043231964, 22.3254394531, 26.4653244019, 27.5018024445, 25.2835159302, 19.7213172913, 11.5400657654, 21.15076828, 19.2397251129, 17.3358325958, 9.54868888855, 7.92214012146, 7.00757074356, 4.82439756393, 3.53553390503, 2.48672127724, 1.9895991087, 1.0120497942, 0.456639647484, 0.454267770052, 0.163449704647, 0.0790733397007, 0.0350854322314, 0.0218810737133, 0.0178839061409, 0.0259686261415, 0.0256304256618, 0.0150036355481, 0.0084581989795], "max": [5.91179561615, 27.2158870697, 141.121948242, 196.16557312, 403.469482422, 174.757217407, 506.075775146, 592.913024902, 1283.72753906, 1700.79504395, 1917.94555664, 1214.58520508, 2047.13793945, 1478.54492188, 1685.25720215, 1290.92895508, 1395.90148926, 805.135803223, 1933.25195312, 920.894775391, 1070.68017578, 479.65020752, 288.005950928, 762.795166016, 314.468383789, 236.544876099, 88.5841140747, 84.3542327881, 41.3001556396, 7.82156419754, 12.3078756332, 3.32332324982, 1.65812695026, 0.5844591856, 0.366891145706, 0.383962720633, 0.471570938826, 0.447790205479, 0.38929978013, 0.154183745384], "var": [0.427872031927, 7.19329404831, 106.57723999, 152.070327759, 390.647521973, 129.99609375, 551.74609375, 1134.38061523, 3800.84912109, 3491.79052734, 8609.07714844, 4191.16113281, 6984.24658203, 5834.54589844, 7475.18212891, 5505.71337891, 4254.66943359, 1489.54907227, 4659.04394531, 3269.89819336, 2847.26733398, 846.471313477, 579.264770508, 749.463134766, 327.410919189, 141.601089478, 42.3152618408, 25.90858078, 4.80468654633, 0.738539874554, 0.743607878685, 0.0748298317194, 0.0155320679769, 0.00295753288083, 0.00116970622912, 0.000720819982234, 0.00199098000303, 0.00269511574879, 0.00203707581386, 0.000507536868099], "mean": [0.476933628321, 2.27997565269, 7.32708215714, 8.97826385498, 10.8883047104, 9.01672840118, 15.1685390472, 23.3780231476, 37.9963035583, 30.4950904846, 36.2494850159, 30.5255737305, 34.9191741943, 43.3539924622, 47.1234588623, 45.8847961426, 34.7473564148, 21.8748149872, 36.0079536438, 34.4973182678, 30.2441959381, 17.9485244751, 13.7782497406, 11.9178562164, 8.3391752243, 6.1435675621, 4.02262210846, 3.18461084366, 1.50900173187, 0.669843733311, 0.506436884403, 0.193581834435, 0.0762736871839, 0.0374333821237, 0.023710405454, 0.0192433018237, 0.0310629922897, 0.0400157049298, 0.0389518812299, 0.0348792821169]}, "spectral_strongpeak": {"dmean2": 4.3206243515, "median": 0.316864073277, "min": 0, "dvar2": 242.893463135, "dvar": 87.1096801758, "dmean": 2.32913804054, "max": 179.266586304, "var": 65.4568634033, "mean": 1.90829408169}, "spectral_energy": {"dmean2": 0.0271251015365, "median": 0.0548396781087, "min": 1.02342056949e-20, "dvar2": 0.000698453222867, "dvar": 0.00028250660398, "dmean": 0.017144523561, "max": 0.212564751506, "var": 0.000848296098411, "mean": 0.0544971562922}, "average_loudness": 0.960993111134, "spectral_rolloff": {"dmean2": 10901.6201172, "median": 20908.7402344, "min": 43.06640625, "dvar2": 159084432, "dvar": 69276960, "dmean": 5639.53662109, "max": 22050, "var": 80044832, "mean": 15200.5966797}, "spectral_centroid": {"dmean2": 313.451293945, "median": 874.031005859, "min": 136.270690918, "dvar2": 119867.898438, "dvar": 59813.2773438, "dmean": 210.698043823, "max": 11846.4560547, "var": 821505.5625, "mean": 1037.14428711}, "pitch_salience": {"dmean2": 0.137214958668, "median": 0.570235848427, "min": 0.122121855617, "dvar2": 0.0133893247694, "dvar": 0.00513590080664, "dmean": 0.0833177268505, "max": 0.941430449486, "var": 0.0118046328425, "mean": 0.560731947422}, "spectral_energyband_middle_high": {"dmean2": 0.00367128150538, "median": 0.00450883479789, "min": 1.09291147557e-21, "dvar2": 3.08783673972e-05, "dvar": 1.33111016112e-05, "dmean": 0.00244669755921, "max": 0.0641732513905, "var": 5.0860337069e-05, "mean": 0.00683101033792}, "spectral_contrast_coeffs": {"dmean2": [0.0963115990162, 0.0876239091158, 0.0650311484933, 0.0500424578786, 0.0376418456435, 0.0685738250613], "median": [-0.67695337534, -0.756048500538, -0.804988980293, -0.804422974586, -0.818021297455, -0.751929283142], "min": [-0.978787243366, -0.98032027483, -0.977716207504, -0.992187440395, -0.976082742214, -0.965181231499], "dvar2": [0.00553906336427, 0.00467609427869, 0.00264648837037, 0.00165113690309, 0.00102465308737, 0.003552778624], "dvar": [0.00210439856164, 0.00172184163239, 0.00100036652293, 0.000614621909335, 0.000402787234634, 0.00162741204258], "dmean": [0.0584843493998, 0.0527821369469, 0.0389557629824, 0.0302928350866, 0.0231958720833, 0.0458719953895], "max": [-0.324758559465, -0.491674542427, -0.524212002754, -0.610360622406, -0.630251407623, -0.478340804577], "var": [0.00769722694531, 0.00503675453365, 0.00326726748608, 0.00257211783901, 0.00205890648067, 0.00655046058819], "mean": [-0.672882974148, -0.752313673496, -0.79955381155, -0.803142249584, -0.820314049721, -0.750748813152]}, "melbands_skewness": {"dmean2": 1.38255035877, "median": 2.35852098465, "min": -1.85534262657, "dvar2": 1.7030929327, "dvar": 0.710204482079, "dmean": 0.870488405228, "max": 13.7053031921, "var": 2.66373276711, "mean": 2.61424589157}, "spectral_spread": {"dmean2": 854353.75, "median": 3823292, "min": 474006.8125, "dvar2": 1188917542910.0, "dvar": 520084783104, "dmean": 550239.75, "max": 42844396, "var": 6664847097860.0, "mean": 4111637.5}, "dissonance": {"dmean2": 0.0370003432035, "median": 0.473201781511, "min": 0.0682153850794, "dvar2": 0.00153138523456, "dvar": 0.000559309439268, "dmean": 0.0217965375632, "max": 0.500000119209, "var": 0.000968431006186, "mean": 0.464615851641}, "spectral_skewness": {"dmean2": 0.841838657856, "median": 3.12312221527, "min": -0.0748069062829, "dvar2": 1.6818934679, "dvar": 0.655729115009, "dmean": 0.56932169199, "max": 23.279718399, "var": 1.36619877815, "mean": 3.32142686844}, "spectral_flux": {"dmean2": 0.0486618876457, "median": 0.134532690048, "min": 6.47117359698e-11, "dvar2": 0.00203357962891, "dvar": 0.000815117673483, "dmean": 0.0300553496927, "max": 0.367829293013, "var": 0.00245977425948, "mean": 0.131629854441}, "spectral_contrast_valleys": {"dmean2": [0.711176514626, 0.611580193043, 0.511963248253, 0.459012836218, 0.533452033997, 1.01644647121], "median": [-6.48571777344, -6.15530204773, -6.57914066315, -7.02823066711, -7.50415086746, -10.9186725616], "min": [-28.4262771606, -27.965845108, -27.6540813446, -27.542388916, -27.5425186157, -27.3514213562], "dvar2": [0.373096078634, 0.293037176132, 0.223104536533, 0.21784889698, 0.342605382204, 0.738875031471], "dvar": [0.171661481261, 0.150190964341, 0.121404059231, 0.121633380651, 0.177292943001, 0.301651746035], "dmean": [0.435231328011, 0.380921959877, 0.330031305552, 0.303791850805, 0.38133752346, 0.635787844658], "max": [-5.09990692139, -4.54171800613, -5.11525201797, -5.50730371475, -5.63628482819, -9.05379867554], "var": [3.65835571289, 3.51360321045, 3.45975637436, 3.40830421448, 3.31134390831, 2.24242591858], "mean": [-6.87282657623, -6.46280145645, -6.93919944763, -7.41080284119, -7.85617876053, -11.1581411362]}, "erbbands_flatness_db": {"dmean2": 0.0378662347794, "median": 0.143754959106, "min": 0.0221696421504, "dvar2": 0.00135819136631, "dvar": 0.000590475858189, "dmean": 0.0251152496785, "max": 0.438638627529, "var": 0.00201737042516, "mean": 0.149351298809}, "spectral_energyband_high": {"dmean2": 0.000378445838578, "median": 0.000457694666693, "min": 7.22642673805e-21, "dvar2": 2.69449486723e-07, "dvar": 1.44522800838e-07, "dmean": 0.00027844888973, "max": 0.00590129056945, "var": 6.20878324753e-07, "mean": 0.000726199708879}, "spectral_entropy": {"dmean2": 0.314010471106, "median": 7.44993257523, "min": 4.64095973969, "dvar2": 0.112632662058, "dvar": 0.0518846176565, "dmean": 0.212232291698, "max": 9.82064247131, "var": 0.224266961217, "mean": 7.39741420746}, "silence_rate_20dB": {"dmean2": 0, "median": 1, "min": 1, "dvar2": 0, "dvar": 0, "dmean": 0, "max": 1, "var": 0, "mean": 1}, "melbands_flatness_db": {"dmean2": 0.0586618445814, "median": 0.256839334965, "min": 0.00422126753256, "dvar2": 0.00276431324892, "dvar": 0.0011667116778, "dmean": 0.037548776716, "max": 0.675619661808, "var": 0.00464788498357, "mean": 0.261394441128}, "barkbands": {"dmean2": [0.00556340347975, 0.0139390463009, 0.00894746091217, 0.00394886359572, 0.00334704411216, 0.00276554282755, 0.00261179357767, 0.00191996304784, 0.0014699207386, 0.0014508983586, 0.00114913273137, 0.00115242542233, 0.000687202031258, 0.00051667355001, 0.000658510485664, 0.000558457802981, 0.000272175006103, 0.000232412683545, 0.000172331332578, 0.000104176018795, 8.10633573565e-05, 3.52282040694e-05, 2.11450587813e-05, 8.82747917785e-06, 5.07531694893e-06, 1.9432964109e-05, 0.000452371576102], "median": [0.0019741258584, 0.00702278874815, 0.00304327066988, 0.0015025153989, 0.00194273691159, 0.00140400743112, 0.00123942096252, 0.000376811687602, 0.000541528163012, 0.000465691759018, 0.000582868873607, 0.000675141927786, 0.000377210817533, 0.000263586785877, 0.000286507362034, 0.000226812931942, 0.000128262705402, 7.62823765399e-05, 6.61171943648e-05, 5.45565490029e-05, 4.01395736844e-05, 1.65494820976e-05, 7.10956601324e-06, 2.74716376225e-06, 1.48928313592e-06, 7.30557030693e-06, 0.000780166941695], "min": [3.44681925699e-25, 4.38127233088e-24, 2.25399895246e-25, 2.97779865313e-24, 1.38227599915e-23, 1.02163214356e-23, 6.39417517614e-24, 7.9272403596e-24, 2.73595074177e-23, 2.33094324214e-23, 8.45976722456e-24, 1.29135465222e-23, 3.02871532527e-23, 4.74031882201e-23, 3.57390719429e-23, 8.8417947327e-23, 7.41550707924e-23, 1.02893961456e-22, 1.32344631849e-22, 1.76816293038e-22, 2.25341563321e-22, 3.43193570785e-22, 4.61638372509e-22, 6.66756142306e-22, 8.86573836511e-22, 1.31739104742e-21, 1.86843015542e-21], "dvar2": [7.13765984983e-05, 0.000310644885758, 0.000178012458491, 3.45693515555e-05, 2.26658794418e-05, 2.04269290407e-05, 1.97945228138e-05, 2.53039852396e-05, 1.29191657834e-05, 1.33494640977e-05, 5.65402206121e-06, 5.63032517675e-06, 2.84874386125e-06, 1.83193117209e-06, 2.10827488445e-06, 1.24878624774e-06, 3.54947275127e-07, 2.60381199269e-07, 1.83173625601e-07, 4.8763347138e-08, 1.94232967488e-08, 2.92628876686e-09, 1.32782229656e-09, 1.54254067852e-10, 5.15048143024e-11, 1.07031938867e-09, 2.77084495792e-07], "dvar": [2.70181990345e-05, 0.000121695105918, 6.93499387125e-05, 1.42174394568e-05, 9.30086207518e-06, 8.25977167551e-06, 8.38351752463e-06, 1.02774019979e-05, 5.44864769836e-06, 5.46138107893e-06, 2.43962244895e-06, 2.45804494625e-06, 1.11774556899e-06, 7.42758004435e-07, 8.28604015624e-07, 5.13869281349e-07, 1.52827823285e-07, 1.17247928699e-07, 8.90901006301e-08, 2.56255781039e-08, 9.83642234331e-09, 1.32977051592e-09, 5.474378173e-10, 6.42122327532e-11, 2.03800500781e-11, 4.24840329583e-10, 1.21778242601e-07], "dmean": [0.00335178920068, 0.00844200886786, 0.00529013713822, 0.00237090419978, 0.00204328843392, 0.00169477867894, 0.00166922085918, 0.00118132331409, 0.000923477229662, 0.000902153551579, 0.000715800386388, 0.000723405217286, 0.000424321566243, 0.0003160690