{"tonal": {"thpcp": [1, 0.756197214127, 0.291909992695, 0.348402708769, 0.270989388227, 0.265044093132, 0.65612834692, 0.601970791817, 0.367651104927, 0.576590180397, 0.516224205494, 0.372279375792, 0.395153135061, 0.26314458251, 0.436223000288, 0.880656659603, 0.66941434145, 0.317581027746, 0.352015435696, 0.247125759721, 0.292934834957, 0.682045817375, 0.617735445499, 0.473438858986, 0.698406457901, 0.549601435661, 0.386367082596, 0.477419406176, 0.342495173216, 0.269312858582, 0.503139793873, 0.472589612007, 0.316728919744, 0.370261907578, 0.313999265432, 0.503858089447], "hpcp": {"dmean2": [0.138911485672, 0.146274194121, 0.095525957644, 0.0974032357335, 0.084073767066, 0.0767237842083, 0.113023966551, 0.119957759976, 0.10598898679, 0.124624095857, 0.128712698817, 0.105872936547, 0.0965821295977, 0.0788891762495, 0.0967429578304, 0.083653844893, 0.111225768924, 0.0881467312574, 0.0719052329659, 0.0626345947385, 0.077166467905, 0.109879158437, 0.123920448124, 0.151821538806, 0.146107554436, 0.119297586381, 0.105871364474, 0.097812473774, 0.0876821875572, 0.0753156617284, 0.0806465670466, 0.0883993804455, 0.0878800228238, 0.0859098359942, 0.092137850821, 0.124736003578], "median": [0.0749291628599, 0.0586427822709, 0.0228964462876, 0.00676441472024, 0.00571874622256, 0.0163314137608, 0.0138980336487, 0.0219481177628, 0.0341145247221, 0.0191783383489, 0.0247223824263, 0.02026572451, 0.0100590325892, 0.0117289079353, 0.0283032953739, 0.0249192640185, 0.0302077755332, 0.0255093201995, 0.0135428179055, 0.0116220647469, 0.0220665391535, 0.0230095311999, 0.0262968316674, 0.0406614243984, 0.0299656428397, 0.0281258989125, 0.0208256468177, 0.0121323531494, 0.0107139963657, 0.0137248663232, 0.0127565590665, 0.0139900632203, 0.0131589137018, 0.0112402839586, 0.0114801954478, 0.0509168580174], "min": [0, 0, 0, 0, 0, 0, 0, 0, 0, 0, 0, 0, 0, 0, 0, 0, 0, 0, 0, 0, 0, 0, 0, 0, 0, 0, 0, 0, 0, 0, 0, 0, 0, 0, 0, 0], "dvar2": [0.0508354604244, 0.0578227266669, 0.0306413229555, 0.0437713228166, 0.0370542928576, 0.0229264236987, 0.049124404788, 0.0487932004035, 0.0324048399925, 0.0590084120631, 0.0531957447529, 0.0395645461977, 0.040607240051, 0.030214779079, 0.0290326979011, 0.0290652997792, 0.0387917198241, 0.0244713369757, 0.0223779287189, 0.0191085431725, 0.018404610455, 0.0389208197594, 0.0407612621784, 0.07714330405, 0.0690887793899, 0.041649363935, 0.0415046513081, 0.0403698459268, 0.0321914963424, 0.0248008146882, 0.0294424258173, 0.0368529930711, 0.0347789004445, 0.0362920537591, 0.0393034927547, 0.0414672791958], "dvar": [0.0219409894198, 0.0221328716725, 0.0116479583085, 0.0170607864857, 0.0142802773044, 0.0087684141472, 0.0201929174364, 0.0196105372161, 0.0129605047405, 0.0236482005566, 0.0208067353815, 0.0150683009997, 0.0159568097442, 0.0116165410727, 0.0115414923057, 0.0137225929648, 0.0159849748015, 0.00943471863866, 0.00987688917667, 0.00813449267298, 0.00763895921409, 0.0171888563782, 0.0173685587943, 0.0275453366339, 0.0268711671233, 0.0171533487737, 0.0160848125815, 0.0163685698062, 0.013625767082, 0.0098621416837, 0.0129412580281, 0.0160227753222, 0.0130257541314, 0.0153761478141, 0.0161806195974, 0.0156553611159], "dmean": [0.0874865055084, 0.089919552207, 0.0583156906068, 0.0590319521725, 0.0512324459851, 0.047943983227, 0.0708157643676, 0.0748479366302, 0.065630838275, 0.0753199830651, 0.078518807888, 0.0644765496254, 0.0588907003403, 0.0471768602729, 0.0615196116269, 0.0529322735965, 0.0716634690762, 0.0549336746335, 0.0452182777226, 0.0388468764722, 0.0493975766003, 0.0706505030394, 0.0771885588765, 0.090350702405, 0.0874366015196, 0.0735390931368, 0.0648749768734, 0.0602416060865, 0.0549466609955, 0.0464020073414, 0.0506527163088, 0.0549290068448, 0.0535263568163, 0.0515846274793, 0.055852919817, 0.077035933733], "max": [1, 1, 1, 1, 1, 1, 1, 1, 1, 1, 1, 1, 1, 1, 1, 1, 1, 1, 1, 1, 1, 1, 1, 1, 1, 1, 1, 1, 1, 1, 1, 1, 1, 1, 1, 1], "var": [0.124594837427, 0.0784072428942, 0.0195230022073, 0.0406934991479, 0.0277815368026, 0.015403188765, 0.0922254025936, 0.0750566124916, 0.0257300939411, 0.0783259794116, 0.0567790083587, 0.0343913808465, 0.0480307601392, 0.0265193730593, 0.0348282568157, 0.130856409669, 0.0765902847052, 0.0200062356889, 0.0418819077313, 0.0241817086935, 0.0175324436277, 0.090580381453, 0.0728699713945, 0.0423864386976, 0.0965692698956, 0.0624991133809, 0.039707120508, 0.066847011447, 0.0362905114889, 0.0241367071867, 0.0761249363422, 0.070763155818, 0.0285720136017, 0.0512534864247, 0.0348206199706, 0.0378614850342], "mean": [0.273305594921, 0.206672921777, 0.0797806382179, 0.0952204093337, 0.0740629136562, 0.072438031435, 0.179323554039, 0.164521977305, 0.10048110038, 0.157585322857, 0.141086965799, 0.101746037602, 0.107997566462, 0.0719188898802, 0.119222186506, 0.24068839848, 0.1829546839, 0.0867966711521, 0.0962077900767, 0.0675408542156, 0.0800607278943, 0.186406940222, 0.168830558658, 0.129393488169, 0.190878391266, 0.150209143758, 0.105596281588, 0.130481392145, 0.0936058461666, 0.0736047104001, 0.137510925531, 0.129161387682, 0.0865637883544, 0.101194649935, 0.0858177542686, 0.137707233429]}, "tuning_equal_tempered_deviation": 0.0963288620114, "chords_changes_rate": 0.0520974285901, "key_key": "A", "tuning_diatonic_strength": 0.300004541874, "key_scale": "minor", "chords_number_rate": 0.00710419472307, "tuning_frequency": 439.745910645, "tuning_nontempered_energy_ratio": 0.77984559536, "chords_histogram": [9.43843078613, 2.33423542976, 0.913396477699, 5.71718549728, 6.63058185577, 3.24763202667, 3.17997288704, 13.024356842, 1.89445197582, 2.02976989746, 0, 2.80784845352, 0.236806496978, 1.01488494873, 2.30040597916, 1.01488494873, 7.40866041183, 3.89039230347, 3.3829498291, 1.99594044685, 4.73612976074, 9.97970199585, 4.76995944977, 8.05142116547], "key_strength": 0.559723675251, "chords_key": "A", "chords_strength": {"dmean2": 0.00698954565451, "median": 0.499891847372, "min": -1, "dvar2": 0.00135973666329, "dvar": 0.000753004220314, "dmean": 0.00795369967818, "max": 0.754572331905, "var": 0.0246849190444, "mean": 0.493946909904}, "chords_scale": "major", "hpcp_entropy": {"dmean2": 0.804336071014, "median": 1.85719585419, "min": 0, "dvar2": 0.461785674095, "dvar": 0.168738931417, "dmean": 0.481524169445, "max": 4.49455499649, "var": 0.49138790369, "mean": 1.80606019497}}, "metadata": {"audio_properties": {"equal_loudness": 0, "codec": "flac", "downmix": "mix", "analysis_sample_rate": 44100, "bit_rate": 0, "md5_encoded": "945e003a96b83cf558a1377e2d0e270d", "length": 137.186660767, "replay_gain": 3.38264274597, "lossless": true}, "version": {"essentia_build_sha": "7f154e5731828a63663f0144680ef47bd640f88b", "essentia": "2.1-beta1", "extractor": "music 1.0", "essentia_git_sha": "v2.1_beta1-6-g5578087"}, "tags": {"title": ["The Villain"], "media": ["CD"], "albumartist": ["Franz Waxman"], "tracktotal": ["22"], "musicbrainz_releasegroupid": ["075d42fb-8ee7-4264-80f1-df1e0ea1af4b"], "releasetype": ["album", "soundtrack"], "musicbrainz_recordingid": ["1eeaa48b-3532-417b-9213-45fee0aa3c90"], "composer": ["Franz Waxman"], "musicbrainz_albumartistid": ["cdd81dd0-fd6c-43c1-aa81-7a26d9860e6e"], "ensemble": ["Franz Waxman"], "totaldiscs": ["1"], "catalognumber": ["FSM Vol.7 No.11"], "releasecountry": ["US"], "file_name": "04 The Villain.flac", "albumartistsort": ["Waxman, Franz"], "date": ["1960"], "genre": ["Soundtrack"], "encoder": ["MediaMonkey 3.2.4"], "disctotal": ["1"], "musicbrainz_artistid": ["cdd81dd0-fd6c-43c1-aa81-7a26d9860e6e"], "releasestatus": ["official"], "discnumber": ["1"], "originaldate": ["2004-09"], "musicbrainz_albumid": ["419f0a5f-0482-4dfe-88f8-c994aafda138"], "album artist": ["Franz Waxman"], "artist": ["Franz Waxman"], "tracknumber": ["4"], "artistsort": ["Waxman, Franz"], "album": ["Cimarron"], "label": ["Film Score Monthly"], "totaltracks": ["22"], "acoustid_id": ["ff2105f1-1c62-48b3-97a8-f445482d871b"], "script": ["Latn"], "conductor": ["Franz Waxman"]}}, "rhythm": {"bpm_histogram_first_peak_bpm": {"dmean2": 0, "median": 148, "min": 148, "dvar2": 0, "dvar": 0, "dmean": 0, "max": 148, "var": 0, "mean": 148}, "bpm": 146.511199951, "bpm_histogram_second_peak_spread": {"dmean2": 0, "median": 0.465116322041, "min": 0.465116322041, "dvar2": 0, "dvar": 0, "dmean": 0, "max": 0.465116322041, "var": 0, "mean": 0.465116322041}, "bpm_histogram_first_peak_weight": {"dmean2": 0, "median": 0.0987261161208, "min": 0.0987261161208, "dvar2": 0, "dvar": 0, "dmean": 0, "max": 0.0987261161208, "var": 0, "mean": 0.0987261161208}, "onset_rate": 0.677809417248, "beats_position": [0.476009070873, 0.96362811327, 1.45124709606, 1.92725622654, 2.39165520668, 2.85605430603, 3.33206343651, 3.80807256699, 4.29569149017, 4.78331041336, 5.28253936768, 5.78176879883, 6.26938772202, 6.7570066452, 7.24462556839, 7.73224496841, 8.2198638916, 8.70748329163, 9.21832180023, 9.71755123138, 10.22838974, 10.7392292023, 11.2384576797, 11.749297142, 12.2485256195, 12.7477550507, 13.2469835281, 13.8158731461, 14.3847618103, 14.90721035, 15.4296598434, 15.9404983521, 16.4513378143, 16.9621772766, 17.4730148315, 17.9838542938, 18.4946937561, 19.0171432495, 19.5279808044, 20.0388202667, 20.5380496979, 21.0604991913, 21.5829467773, 22.1053962708, 22.6278457642, 23.1502952576, 23.6727428436, 24.195192337, 24.7176418304, 25.2400894165, 25.7625389099, 26.2849884033, 26.7958278656, 27.3182754517, 27.8407249451, 28.3631744385, 28.897233963, 29.4196815491, 30.0234012604, 30.6271190643, 31.2076187134, 31.7881164551, 32.3686180115, 32.9491157532, 33.5296134949, 34.1101112366, 34.6673927307, 35.2246704102, 35.7819480896, 36.3392295837, 36.8965072632, 37.3841247559, 37.8717460632, 38.3593635559, 38.8353729248, 39.3113822937, 39.7873916626, 40.2866210938, 40.7858505249, 41.2850799561, 41.795917511, 42.3067550659, 42.8175964355, 43.340045929, 43.8624954224, 44.3849411011, 44.8841705322, 45.3833999634, 45.8826293945, 46.3702468872, 46.8578681946, 47.3338775635, 47.8098869324, 48.297504425, 48.7735137939, 49.2611312866, 49.748752594, 50.2363700867, 50.7123794556, 51.1883888245, 51.6643981934, 52.1404075623, 52.6164169312, 53.0808143616, 53.5219955444, 53.9631729126, 54.4043540955, 54.8455314636, 55.3099327087, 55.7743301392, 56.2387275696, 56.6102485657, 56.9817695618, 57.3532867432, 57.7248077393, 58.0847167969, 58.4446258545, 58.7929229736, 59.1412239075, 59.5011329651, 59.8610420227, 60.2209510803, 60.5808601379, 60.952381134, 61.3122901917, 61.6721992493, 62.0321083069, 62.3920173645, 62.7403144836, 63.0886154175, 63.4369163513, 63.7852134705, 64.1451263428, 64.5050354004, 64.8765487671, 65.2364578247, 65.5731506348, 65.9214477539, 66.2697525024, 66.6180496216, 66.9431304932, 67.2798156738, 67.6165084839, 67.9531936646, 68.2898864746, 68.6149673462, 68.9516525269, 69.2767333984, 69.60181427, 69.9617233276, 70.3216323853, 70.6815414429, 71.0414505005, 71.4013595581, 71.7612686157, 72.1327896118, 72.4926986694, 72.8526077271, 73.2241287231, 73.5840377808, 73.9555511475, 74.3270721436, 74.6985931396, 75.0701141357, 75.4416275024, 75.8015441895, 76.1730575562, 76.5445785522, 76.9160995483, 77.3224487305, 77.7404098511, 78.1583633423, 78.5647125244, 78.889793396, 79.2148742676, 79.5399551392, 79.8650360107, 80.2017211914, 80.5384140015, 80.8750991821, 81.2117919922, 81.5484771729, 81.8851699829, 82.2218551636, 82.5469360352, 82.8836288452, 83.2899780273, 83.684715271, 84.0794525146, 84.4741897583, 84.8689346313, 85.2752838135, 85.6700210571, 86.0763702393, 86.4827194214, 86.8890686035, 87.2838058472, 87.7249908447, 88.177772522, 88.6305618286, 89.0717468262, 89.4897003174, 89.9192733765, 90.3488388062, 90.7667999268, 91.1963729858, 91.6259384155, 92.0555114746, 92.4850769043, 92.9146499634, 93.3442153931, 93.7621765137, 94.1801376343, 94.5980911255, 95.0160522461, 95.4340133667, 95.8519744873, 96.246711731, 96.6530609131, 97.0710220337, 97.4773712158, 97.8837203979, 98.2204055786, 98.5570983887, 98.8937835693, 99.2304763794, 99.6019973755, 99.9735107422, 100.356643677, 100.739768982, 101.146118164, 101.552467346, 101.958816528, 102.36516571, 102.701858521, 103.05015564, 103.398452759, 103.746757507, 104.083442688, 104.420135498, 104.756820679, 105.093513489, 105.511474609, 105.917823792, 106.324172974, 106.730522156, 107.183311462, 107.636100769, 108.088890076, 108.553283691, 109.017684937, 109.470474243, 109.934875488, 110.34122467, 110.747573853, 111.153923035, 111.560272217, 111.966621399, 112.372970581, 112.779319763, 113.185668945, 113.592018127, 113.99836731, 114.404716492, 114.811065674, 115.217414856, 115.623764038, 116.053329468, 116.482902527, 116.912467957, 117.353645325, 117.783218384, 118.212783813, 118.642356873, 119.071922302, 119.501495361, 119.931060791, 120.36063385, 120.836639404, 121.301040649, 121.765441895, 122.241447449, 122.717460632, 123.181854248, 123.623039246, 124.064216614, 124.505393982, 124.94657135, 125.387756348, 125.828933716, 126.270111084, 126.711288452, 127.15246582, 127.593650818, 128.034820557, 128.476013184, 128.917190552, 129.335144043, 129.753097534, 130.171066284, 130.589019775, 131.006988525, 131.424942017, 131.842895508, 132.260864258, 132.690429688, 133.119995117, 133.537963867, 133.955917358, 134.37387085, 134.7918396, 135.209793091, 135.639358521, 136.068939209, 136.498504639], "beats_loudness": {"dmean2": 0.0184265058488, "median": 0.0117347165942, "min": 0, "dvar2": 0.000628349662293, "dvar": 0.000222688831855, "dmean": 0.0107638826594, "max": 0.12580832839, "var": 0.000494971813168, "mean": 0.0201223175973}, "danceability": 0.79712241888, "bpm_histogram_second_peak_weight": {"dmean2": 0, "median": 0.0732484087348, "min": 0.0732484087348, "dvar2": 0, "dvar": 0, "dmean": 0, "max": 0.0732484087348, "var": 0, "mean": 0.0732484087348}, "beats_count": 315, "bpm_histogram_second_peak_bpm": {"dmean2": 0, "median": 140, "min": 140, "dvar2": 0, "dvar": 0, "dmean": 0, "max": 140, "var": 0, "mean": 140}, "bpm_histogram_first_peak_spread": {"dmean2": 0, "median": 0.507936537266, "min": 0.507936537266, "dvar2": 0, "dvar": 0, "dmean": 0, "max": 0.507936537266, "var": 0, "mean": 0.507936537266}, "beats_loudness_band_ratio": {"dmean2": [0.21908403933, 0.225942403078, 0.279353499413, 0.114812768996, 0.0498462207615, 0.0145962703973], "median": [0.170329779387, 0.243096500635, 0.349877715111, 0.058819912374, 0.0210997723043, 0.0029113444034], "min": [0, 0, 0, 0, 0, 0], "dvar2": [0.0464586354792, 0.0395216792822, 0.0487581640482, 0.0202588029206, 0.00649524666369, 0.000726554892026], "dvar": [0.0179624948651, 0.0156640801579, 0.0199560336769, 0.00795726757497, 0.0022961772047, 0.000316342833685], "dmean": [0.127356395125, 0.136860594153, 0.163556814194, 0.067694619298, 0.0295049864799, 0.00858693104237], "max": [0.903560936451, 0.933092415333, 0.884506165981, 0.681783378124, 0.344710201025, 0.235561609268], "var": [0.052798807621, 0.0424152389169, 0.0440633036196, 0.0132172359154, 0.0044495081529, 0.000716507725883], "mean": [0.241874694824, 0.283960968256, 0.371127307415, 0.102681234479, 0.0487732067704, 0.0138723524287]}}, "lowlevel": {"barkbands_spread": {"dmean2": 3.80214285851, "median": 7.46563434601, "min": 0.615379333496, "dvar2": 62.6351203918, "dvar": 23.6314525604, "dmean": 2.43285369873, "max": 150.26210022, "var": 124.00151062, "mean": 11.0915756226}, "melbands_spread": {"dmean2": 4.97177886963, "median": 9.81887626648, "min": 0.769364535809, "dvar2": 72.7891921997, "dvar": 29.335100174, "dmean": 3.19070911407, "max": 170.879928589, "var": 308.687225342, "mean": 14.7353754044}, "hfc": {"dmean2": 2.80714416504, "median": 6.59863138199, "min": 1.06102040273e-16, "dvar2": 30.1353111267, "dvar": 13.3152914047, "dmean": 1.97008514404, "max": 148.388137817, "var": 171.609008789, "mean": 10.0060510635}, "barkbands_kurtosis": {"dmean2": 3.06596231461, "median": 2.86958122253, "min": -1.93603157997, "dvar2": 39.7213134766, "dvar": 15.6838769913, "dmean": 1.9572725296, "max": 158.986602783, "var": 40.7457847595, "mean": 4.30488300323}, "gfcc": {"mean": [-107.84854126, 130.893569946, -105.61756897, 0.140818178654, -60.2710037231, -8.16822719574, -30.8320827484, 0.964870929718, -7.59529972076, -2.8422973156, -12.2735099792, -1.34105336666, -10.8123626709], "icov": [[0.00106288399547, -0.00305777788162, 0.0026238495484, -0.00307021476328, 0.00386565108784, -0.00415059737861, 0.00358763337135, -0.00300618587062, 0.00181883608457, -0.00181201822124, 0.000476275279652, -0.000126517436001, -3.47230161424e-05], [-0.00305777788162, 0.00974268652499, -0.00776047864929, 0.00967190694064, -0.0111607927829, 0.0123288938776, -0.00946491211653, 0.00868866406381, -0.00521869258955, 0.006267930381, -0.00216082669795, 0.00213899114169, -0.000715257192496], [0.0026238495484, -0.00776047864929, 0.00723693287, -0.00746650900692, 0.00940636731684, -0.0111469123513, 0.00911040790379, -0.00791197735816, 0.00563405454159, -0.00482348492369, 0.00125216355082, 8.53966266732e-05, -0.000249695993261], [-0.00307021476328, 0.00967190694064, -0.00746650900692, 0.0130950901657, -0.0135665377602, 0.0137118026614, -0.0101220635697, 0.00760151306167, -0.00505525525659, 0.00646038586274, -0.000729063292965, 0.000597618345637, 0.00240545184352], [0.00386565108784, -0.0111607927829, 0.00940636731684, -0.0135665377602, 0.0203823111951, -0.0190361794084, 0.0143144726753, -0.0120433680713, 0.00677364319563, -0.00609998032451, -0.00176345964428, 0.00393931660801, -0.00473375292495], [-0.00415059737861, 0.0123288938776, -0.0111469123513, 0.0137118026614, -0.0190361794084, 0.0290895793587, -0.0214775819331, 0.0143763357773, -0.00579029275104, 0.00354226655327, 0.00359704694711, -0.00542381871492, 0.00628707790747], [0.00358763337135, -0.00946491211653, 0.00911040790379, -0.0101220635697, 0.0143144726753, -0.0214775819331, 0.0309515688568, -0.0181970838457, 0.0058375406079, -0.0034314065706, -0.00521403132007, 0.0068177334033, -0.00688483426347], [-0.00300618587062, 0.00868866406381, -0.00791197735816, 0.00760151306167, -0.0120433680713, 0.0143763357773, -0.0181970838457, 0.0268670767546, -0.0144047476351, 0.00333776464686, 0.00404899660498, -0.00456611765549, 0.00267126457766], [0.00181883608457, -0.00521869258955, 0.00563405454159, -0.00505525525659, 0.00677364319563, -0.00579029275104, 0.0058375406079, -0.0144047476351, 0.0203310567886, -0.00708474591374, 0.000266418035608, 0.00110004621092, 0.000590849085711], [-0.00181201822124, 0.006267930381, -0.00482348492369, 0.00646038586274, -0.00609998032451, 0.00354226655327, -0.0034314065706, 0.00333776464686, -0.00708474591374, 0.0190689656883, -0.0143598262221, 0.00554061727598, -0.000715047179256], [0.000476275279652, -0.00216082669795, 0.00125216355082, -0.000729063292965, -0.00176345964428, 0.00359704694711, -0.00521403132007, 0.00404899660498, 0.000266418035608, -0.0143598262221, 0.0310221165419, -0.0183702912182, 0.00892322510481], [-0.000126517436001, 0.00213899114169, 8.53966266732e-05, 0.000597618345637, 0.00393931660801, -0.00542381871492, 0.0068177334033, -0.00456611765549, 0.00110004621092, 0.00554061727598, -0.0183702912182, 0.0317819081247, -0.0173930618912], [-3.47230161424e-05, -0.000715257192496, -0.000249695993261, 0.00240545184352, -0.00473375292495, 0.00628707790747, -0.00688483426347, 0.00267126457766, 0.000590849085711, -0.000715047179256, 0.00892322510481, -0.0173930618912, 0.024512199685]], "cov": [[21094.3496094, 3566.12988281, -3221.8425293, -39.5423278809, -1036.68981934, -666.847106934, -566.461425781, -153.713882446, -5.25979948044, -405.419769287, -261.150360107, -169.005950928, -103.071731567], [3566.12988281, 2345.50463867, 736.213562012, -493.999206543, -165.797424316, -149.480285645, -199.615478516, -221.689605713, -206.323516846, -234.808700562, -125.871490479, -121.170822144, 61.849357605], [-3221.8425293, 736.213562012, 2095.41235352, -228.020690918, 106.46219635, 196.472747803, -20.4306564331, -104.114532471, -212.107925415, -22.9311485291, -44.5287895203, -60.6955757141, 14.0006332397], [-39.5423278809, -493.999206543, -228.020690918, 473.043945312, 149.549041748, -7.43575620651, 28.030538559, 75.3353042603, 53.147518158, -1.67220962048, -11.0800218582, -23.8531627655, -46.9853858948], [-1036.68981934, -165.797424316, 106.46219635, 149.549041748, 291.275268555, 91.588760376, 45.13438797, 34.5335540771, 9.51500415802, 30.9308128357, 16.8806781769, -13.5727348328, 6.67230844498], [-666.847106934, -149.480285645, 196.472747803, -7.43575620651, 91.588760376, 177.126083374, 66.2323532104, 15.4062290192, -5.17126226425, 52.8009300232, 18.9149246216, 9.18526935577, -12.0976829529], [-566.461425781, -199.615478516, -20.4306564331, 28.030538559, 45.13438797, 66.2323532104, 114.950439453, 64.6478424072, 41.4908714294, 39.6303749084, 24.2003879547, 9.7985458374, 5.68292617798], [-153.713882446, -221.689605713, -104.114532471, 75.3353042603, 34.5335540771, 15.4062290192, 64.6478424072, 132.461639404, 86.8294906616, 42.315032959, 13.6102199554, 10.1772928238, -7.29150533676], [-5.25979948044, -206.323516846, -212.107925415, 53.147518158, 9.51500415802, -5.17126226425, 41.4908714294, 86.8294906616, 133.982147217, 59.5576934814, 27.6422538757, 8.46350574493, -13.5983190536], [-405.419769287, -234.808700562, -22.9311485291, -1.67220962048, 30.9308128357, 52.8009300232, 39.6303749084, 42.315032959, 59.5576934814, 161.060852051, 80.8336257935, 23.9110565186, -17.74193573], [-261.150360107, -125.871490479, -44.5287895203, -11.0800218582, 16.8806781769, 18.9149246216, 24.2003879547, 13.6102199554, 27.6422538757, 80.8336257935, 93.7649459839, 44.5091400146, -0.546019971371], [-169.005950928, -121.170822144, -60.6955757141, -23.8531627655, -13.5727348328, 9.18526935577, 9.7985458374, 10.1772928238, 8.46350574493, 23.9110565186, 44.5091400146, 84.8299560547, 39.0967178345], [-103.071731567, 61.849357605, 14.0006332397, -46.9853858948, 6.67230844498, -12.0976829529, 5.68292617798, -7.29150533676, -13.5983190536, -17.74193573, -0.546019971371, 39.0967178345, 81.7411727905]]}, "spectral_energyband_middle_low": {"dmean2": 0.0046857772395, "median": 0.0088728889823, "min": 1.72595988169e-22, "dvar2": 7.59317845223e-05, "dvar": 3.5589444451e-05, "dmean": 0.00336950249039, "max": 0.212292835116, "var": 0.000358547084033, "mean": 0.0147328022867}, "melbands_crest": {"dmean2": 3.86659836769, "median": 12.5240039825, "min": 1.5475153923, "dvar2": 17.0086231232, "dvar": 6.26294517517, "dmean": 2.45766329765, "max": 38.2848854065, "var": 30.9186859131, "mean": 13.7946624756}, "spectral_kurtosis": {"dmean2": 7.46038627625, "median": 11.9079008102, "min": -1.2535482645, "dvar2": 80.7318496704, "dvar": 27.7385349274, "dmean": 4.32193565369, "max": 100.751678467, "var": 234.649047852, "mean": 16.973028183}, "spectral_rms": {"dmean2": 0.000523847236764, "median": 0.00343520427123, "min": 3.13116373107e-12, "dvar2": 3.95922938878e-07, "dvar": 1.7998814883e-07, "dmean": 0.000372844137019, "max": 0.0153278363869, "var": 5.01123122376e-06, "mean": 0.00376058020629}, "zerocrossingrate": {"dmean2": 0.00592607166618, "median": 0.02978515625, "min": 0.00634765625, "dvar2": 0.00022152857855, "dvar": 0.000109251130198, "dmean": 0.00456483894959, "max": 0.69580078125, "var": 0.00380326597951, "mean": 0.0439761281013}, "silence_rate_60dB": {"dmean2": 0.0365605950356, "median": 0, "min": 0, "dvar2": 0.0419956110418, "dvar": 0.0179437622428, "dmean": 0.0182772036642, "max": 1, "var": 0.12661087513, "mean": 0.148730963469}, "erbbands_kurtosis": {"dmean2": 1.83832597733, "median": 1.33859968185, "min": -1.61354315281, "dvar2": 6.39955472946, "dvar": 2.99814963341, "dmean": 1.21023476124, "max": 57.6506843567, "var": 19.4724006653, "mean": 2.47942185402}, "erbbands": {"dmean2": [0.0133632207289, 0.169224381447, 0.786741614342, 1.38784039021, 4.00625324249, 5.44035673141, 10.6798648834, 15.8461055756, 21.9066791534, 24.2551307678, 23.7248134613, 13.8573980331, 27.1698284149, 13.2738218307, 9.39402389526, 4.38251447678, 8.31708049774, 8.29241943359, 7.46763467789, 11.8933410645, 9.92700862885, 9.49114131927, 5.03512048721, 5.72686195374, 2.3791847229, 2.34662055969, 0.864099144936, 0.384408533573, 0.241730391979, 0.228955686092, 0.152666270733, 0.0713409408927, 0.0106879584491, 0.00194857490715, 0.000874843157362, 0.000489400757942, 0.000242548107053, 8.24691087473e-05, 1.26231525428e-05, 6.1812952481e-06], "median": [0.00587348733097, 0.0827134549618, 0.209472775459, 0.783563554287, 1.77868151665, 4.27435016632, 8.37317276001, 8.83311462402, 9.18836975098, 18.1235275269, 16.2471027374, 12.6766643524, 6.56803226471, 6.94406366348, 3.06285381317, 1.8801574707, 1.84577679634, 2.323387146, 1.83287096024, 1.75166869164, 1.11330938339, 0.724107503891, 0.722250819206, 0.506066381931, 0.258720755577, 0.221246242523, 0.134712040424, 0.0731636285782, 0.054722212255, 0.0405599735677, 0.039731323719, 0.0274463444948, 0.00998945720494, 0.00456509692594, 0.0026709518861, 0.00160015933216, 0.000827403797302, 0.000283269066131, 5.33437050763e-05, 1.6854450223e-05], "min": [9.27359447302e-23, 8.54416382405e-22, 2.66816820297e-21, 7.35299748868e-21, 6.92234335109e-21, 1.96194235821e-20, 4.86124837151e-20, 9.14521579457e-20, 1.42165218359e-19, 1.36249494036e-19, 2.67877374894e-19, 4.13267292247e-19, 4.34147036968e-19, 8.29816475274e-19, 6.80750205387e-19, 1.30135600504e-18, 1.63073808418e-18, 1.33263377195e-18, 3.19038288985e-18, 2.37683007789e-18, 3.38145644147e-18, 4.87792294971e-18, 5.24200939146e-18, 6.40493889234e-18, 7.66682855939e-18, 7.32581011697e-18, 9.17072976697e-18, 1.0446519377e-17, 1.06428862642e-17, 1.19953331832e-17, 1.13130406995e-17, 1.02894733475e-17, 9.79722147367e-18, 8.37875561565e-18, 6.61912573143e-18, 4.25434291877e-18, 2.53487989112e-18, 9.10131214958e-19, 2.31756155303e-19, 2.61472938695e-20], "dvar2": [0.000651544309221, 0.165287777781, 4.25534677505, 11.4987201691, 179.141677856, 138.928604126, 643.724121094, 1497.12341309, 4495.98388672, 2504.94482422, 2455.2722168, 963.90057373, 14276.9072266, 1091.0793457, 896.067016602, 166.692718506, 1348.12036133, 1236.69055176, 477.531433105, 3991.27246094, 1818.76660156, 1398.1829834, 502.032836914, 1154.05883789, 72.711517334, 99.163520813, 6.92295122147, 3.20012831688, 0.715919971466, 0.613098323345, 0.188482940197, 0.0553194954991, 0.000859571795445, 6.92709591021e-06, 5.72292606194e-07, 1.74601609615e-07, 4.52435102716e-08, 4.82337503271e-09, 1.21058968405e-10, 1.10359436867e-10], "dvar": [0.00027907040203, 0.0638623908162, 1.53116130829, 5.27964735031, 100.727577209, 56.7424812317, 213.227661133, 759.444824219, 1901.51171875, 1268.73400879, 1647.94555664, 582.914550781, 6249.53125, 507.773834229, 370.0418396, 66.8213577271, 467.685638428, 436.792694092, 166.633529663, 1452.5390625, 648.647460938, 515.545715332, 174.135787964, 405.731628418, 27.4807949066, 36.7259025574, 2.55182409286, 1.42039275169, 0.262737631798, 0.221857964993, 0.0781191661954, 0.0213278383017, 0.000354882271495, 2.67050268121e-06, 1.95564183514e-07, 5.94548019706e-08, 1.5307364265e-08, 1.70162028912e-09, 4.37582886592e-11, 5.14608078372e-11], "dmean": [0.00829258840531, 0.111312620342, 0.514088511467, 0.987239658833, 3.13296723366, 3.58178663254, 6.72439002991, 10.7819728851, 14.4117088318, 17.2216358185, 17.9633522034, 10.9580755234, 19.038312912, 9.09662532806, 6.14183521271, 2.81096434593, 5.23438262939, 5.17212677002, 4.54736089706, 7.28859996796, 5.99724340439, 5.69761705399, 2.95818591118, 3.40457248688, 1.44647681713, 1.41585063934, 0.515444159508, 0.251170039177, 0.15132252872, 0.141051992774, 0.0974747762084, 0.0431460961699, 0.00664475467056, 0.0011626285268, 0.000512989179697, 0.000287865026621, 0.000143306548125, 4.83770309074e-05, 7.63367188483e-06, 4.36832669948e-06], "max": [0.993265211582, 10.1711158752, 44.6824951172, 87.5360031128, 570.536071777, 266.54574585, 276.265625, 1790.41320801, 1746.40393066, 777.038696289, 1687.96179199, 990.997924805, 2103.45996094, 540.158996582, 750.727844238, 211.750427246, 822.241577148, 483.825134277, 298.486450195, 1341.67053223, 1065.67651367, 595.713623047, 404.453216553, 864.588989258, 177.236190796, 195.002838135, 53.6881866455, 56.8323554993, 17.2495136261, 17.4278964996, 9.76136493683, 6.49139928818, 0.787438869476, 0.0712456330657, 0.0120951486751, 0.00473758624867, 0.00211354135536, 0.000743237382267, 0.000211036254768, 0.000276617822237], "var": [0.00457127159461, 0.577485918999, 9.41044616699, 34.0402450562, 625.511352539, 269.919525146, 677.145629883, 8392.53808594, 7492.71533203, 4652.83740234, 10731.0380859, 3519.1965332, 15885.3417969, 1650.72180176, 998.685546875, 165.645767212, 952.25378418, 795.492614746, 375.743408203, 2742.3503418, 1062.06396484, 1105.38024902, 320.959411621, 676.540283203, 67.176322937, 96.2654953003, 7.1104016304, 3.09802484512, 1.06290256977, 0.705037951469, 0.452612400055, 0.0850046873093, 0.00250645098276, 2.80393014691e-05, 1.33177286443e-06, 3.2491135471e-07, 8.77977655023e-08, 1.03955519748e-08, 5.3042475967e-10, 7.51490092377e-10], "mean": [0.0267156269401, 0.354169934988, 1.31000864506, 2.89615726471, 8.7479801178, 9.92718315125, 17.5449237823, 30.3158664703, 37.4909324646, 40.5262718201, 48.8162231445, 31.3100128174, 43.7493934631, 20.2024002075, 12.3697938919, 5.91019392014, 9.30297279358, 9.59080696106, 8.16829967499, 12.3049163818, 10.7872753143, 10.0779399872, 5.25643491745, 5.88581132889, 2.83187127113, 2.68843650818, 1.02792966366, 0.555202066898, 0.367992281914, 0.340475946665, 0.274564892054, 0.117543227971, 0.0239696204662, 0.00600251508877, 0.0028788081836, 0.00166963995434, 0.000863717810716, 0.000296089012409, 5.67778370169e-05, 2.51256115007e-05]}, "spectral_strongpeak": {"dmean2": 0.545286417007, "median": 0.694137573242, "min": 0, "dvar2": 0.726971685886, "dvar": 0.288933694363, "dmean": 0.339473336935, "max": 11.7259521484, "var": 1.08920156956, "mean": 1.03519272804}, "spectral_energy": {"dmean2": 0.00539138028398, "median": 0.0120956432074, "min": 1.00492904383e-20, "dvar2": 8.82001259015e-05, "dvar": 4.10512329836e-05, "dmean": 0.00382159953006, "max": 0.240816131234, "var": 0.00057368905982, "mean": 0.0196320451796}, "average_loudness": 0.0737170651555, "spectral_rolloff": {"dmean2": 398.167388916, "median": 689.0625, "min": 43.06640625, "dvar2": 1002409.0625, "dvar": 393296.40625, "dmean": 230.537826538, "max": 22050, "var": 5484171, "mean": 1221.34912109}, "spectral_centroid": {"dmean2": 173.245147705, "median": 608.436523438, "min": 199.588592529, "dvar2": 161922.25, "dvar": 63207.4804688, "dmean": 111.118789673, "max": 11691.1152344, "var": 1720986.25, "mean": 974.675048828}, "pitch_salience": {"dmean2": 0.0857081785798, "median": 0.560283303261, "min": 0.062426880002, "dvar2": 0.00728264730424, "dvar": 0.00269590457901, "dmean": 0.0538913533092, "max": 0.885108530521, "var": 0.0175216197968, "mean": 0.559944450855}, "spectral_energyband_middle_high": {"dmean2": 0.00125570676755, "median": 0.00111411639955, "min": 1.22602171901e-21, "dvar2": 1.10911123556e-05, "dvar": 5.03452474732e-06, "dmean": 0.000860255328007, "max": 0.0594918616116, "var": 2.82262353721e-05, "mean": 0.00276670116}, "spectral_contrast_coeffs": {"dmean2": [0.0635401010513, 0.0552991069853, 0.0504887513816, 0.0402513407171, 0.028275243938, 0.017835881561], "median": [-0.634494662285, -0.692214250565, -0.724510014057, -0.767718434334, -0.810688734055, -0.805621623993], "min": [-0.979589104652, -0.979221701622, -0.985335290432, -0.982817411423, -0.975074887276, -0.965378165245], "dvar2": [0.00276938616298, 0.00220278347842, 0.00172508740798, 0.00111059541814, 0.000549446907826, 0.000217910404899], "dvar": [0.0010031334823, 0.000844693975523, 0.000672196154483, 0.00042637437582, 0.000224752657232, 9.17453871807e-05], "dmean": [0.0387146212161, 0.0349487476051, 0.0316112078726, 0.0247756633908, 0.0171589590609, 0.0110036544502], "max": [-0.333103597164, -0.298965960741, -0.395952612162, -0.45779004693, -0.476878076792, -0.596614181995], "var": [0.0119242165238, 0.0100809149444, 0.00961924158037, 0.00824926793575, 0.00712194060907, 0.00283539504744], "mean": [-0.642616569996, -0.683869242668, -0.714282870293, -0.755320608616, -0.788736879826, -0.795693635941]}, "melbands_skewness": {"dmean2": 0.67572337389, "median": 1.41830348969, "min": -1.88630855083, "dvar2": 1.25335896015, "dvar": 0.45142069459, "dmean": 0.43218421936, "max": 25.8266925812, "var": 1.5838470459, "mean": 1.56019604206}, "spectral_spread": {"dmean2": 384548.0625, "median": 2700722.5, "min": 800299.8125, "dvar2": 605447782400, "dvar": 310460121088, "dmean": 230916.21875, "max": 42853080, "var": 21256848015400.0, "mean": 3441672.25}, "dissonance": {"dmean2": 0.0494738817215, "median": 0.43078815937, "min": 0.142847120762, "dvar2": 0.00226442934945, "dvar": 0.000808871642221, "dmean": 0.0293163433671, "max": 0.499985188246, "var": 0.00343881524168, "mean": 0.418210834265}, "spectral_skewness": {"dmean2": 0.557271778584, "median": 2.63513803482, "min": -0.0989963561296, "dvar2": 0.292356222868, "dvar": 0.103724688292, "dmean": 0.329245060682, "max": 8.06900215149, "var": 2.11494469643, "mean": 2.93409204483}, "spectral_flux": {"dmean2": 0.0156034957618, "median": 0.0356863699853, "min": 6.39921726719e-11, "dvar2": 0.000333894044161, "dvar": 0.000117170660815, "dmean": 0.00932441558689, "max": 0.238036006689, "var": 0.000918204081245, "mean": 0.0423170812428}, "spectral_contrast_valleys": {"dmean2": [0.596028089523, 0.429753363132, 0.405771374702, 0.320217132568, 0.238117426634, 0.147027850151], "median": [-7.84231281281, -6.75292396545, -8.02377510071, -8.96325302124, -9.39367008209, -11.7730760574], "min": [-28.0575771332, -28.1342449188, -27.7830753326, -27.7466964722, -27.4697628021, -27.4309120178], "dvar2": [0.350387334824, 0.177518337965, 0.153776884079, 0.120442435145, 0.104925923049, 0.0681097060442], "dvar": [0.134609535336, 0.0857393071055, 0.0730697512627, 0.061513222754, 0.0570879988372, 0.0401106290519], "dmean": [0.354574173689, 0.262262403965, 0.243500396609, 0.192883431911, 0.14214065671, 0.087858684361], "max": [-5.61703586578, -4.36278581619, -5.79751682281, -6.11211109161, -6.37556362152, -10.1642160416], "var": [6.33591032028, 7.19712162018, 6.0532784462, 5.37959384918, 5.02127408981, 3.4167163372], "mean": [-8.20628547668, -7.23508024216, -8.42587661743, -9.20990276337, -9.45137119293, -11.9303283691]}, "erbbands_flatness_db": {"dmean2": 0.0179990641773, "median": 0.231173962355, "min": 0.0175145603716, "dvar2": 0.000246597919613, "dvar": 0.000110772220069, "dmean": 0.0119256256148, "max": 0.380380243063, "var": 0.00309865898453, "mean": 0.226562544703}, "spectral_energyband_high": {"dmean2": 3.9326485421e-05, "median": 1.09610609798e-05, "min": 7.02772486866e-21, "dvar2": 1.75079151177e-08, "dvar": 6.64019461638e-09, "dmean": 2.43543017859e-05, "max": 0.00363766984083, "var": 2.71268039143e-08, "mean": 6.6448286816e-05}, "spectral_entropy": {"dmean2": 0.15538777411, "median": 6.61580085754, "min": 4.84456348419, "dvar2": 0.0206302218139, "dvar": 0.00911658070982, "dmean": 0.104451850057, "max": 9.82517719269, "var": 0.520489931107, "mean": 6.63089323044}, "silence_rate_20dB": {"dmean2": 0, "median": 1, "min": 1, "dvar2": 0, "dvar": 0, "dmean": 0, "max": 1, "var": 0, "mean": 1}, "melbands_flatness_db": {"dmean2": 0.0229494739324, "median": 0.280651330948, "min": 0.00248342100531, "dvar2": 0.000646867090836, "dvar": 0.000263009947957, "dmean": 0.0152440750971, "max": 0.512354016304, "var": 0.00767113082111, "mean": 0.28292503953}, "barkbands": {"dmean2": [3.05619796563e-05, 0.000628191861324, 0.000766855606344, 0.000663664191961, 0.00166000181343, 0.00164798262995, 0.00149688823149, 0.00136825221125, 0.000573447730858, 0.000878760940395, 0.000264766917098, 0.000110885674076, 0.000179674432729, 0.000195078377146, 0.000149152387166, 0.000235508981859, 0.000206877695746, 6.06110952504e-05, 9.76011360763e-05, 4.20597898483e-05, 1.47547889355e-05, 7.44045883039e-06, 4.98951521877e-06, 1.87410694252e-06, 1.31679016135e-07, 1.05353386459e-07, 6.46151079309e-08], "median": [1.06565385067e-05, 0.00032592372736, 0.000144635749166, 0.000290065159788, 0.00128115224652, 0.00124587723985, 0.000876639038324, 0.000762145384215, 0.000420667958679, 0.000197443354409, 6.59097713651e-05, 3.07986774715e-05, 3.02381886286e-05, 3.3721957152e-05, 2.03775653063e-05, 1.48445342347e-05, 1.19376773e-05, 8.62200704432e-06, 5.4323409131e-06, 3.86290503229e-06, 2.29269289775e-06, 1.46855541061e-06, 1.34000742946e-06, 8.73181193128e-07, 3.81852572673e-07, 4.31603751849e-07, 2.81650869738e-07], "min": [5.6128962103e-25, 3.43054702867e-24, 2.74075778403e-24, 6.77785690588e-25, 9.22593102381e-24, 4.90501404636e-24, 8.17246487174e-24, 7.66324490222e-24, 1.53422575562e-23, 8.13042489637e-24, 2.08654387851e-23, 2.76188154636e-23, 2.65159468973e-23, 2.60086951358e-23, 4.40918593735e-23, 3.07951418103e-23, 7.66710195873e-23, 9.04406371751e-23, 1.15755404505e-22, 1.68439006743e-22, 2.65379624275e-22, 3.68566013313e-22, 4.37881416141e-22, 5.515188364e-22, 9.10641439993e-22, 1.33185661072e-21, 1.77924691835e-21], "dvar2": [2.42180431265e-09, 2.07176526601e-06, 4.12214740209e-06, 3.54530743607e-06, 1.47067094076e-05, 1.35062791742e-05, 1.59326209541e-05, 7.04273179508e-06, 2.04026855499e-06, 1.1695208741e-05, 6.88867146437e-07, 1.09909805701e-07, 6.24539723049e-07, 7.04711624167e-07, 3.81328760568e-07, 1.4737931906e-06, 7.0757857884e-07, 6.9471106201e-08, 2.40747965563e-07, 2.57084984412e-08, 2.52437692971e-09, 5.07005604167e-10, 2.00094371627e-10, 3.90556614827e-11, 3.09609651285e-14, 8.27982498644e-15, 2.97866822726e-15], "dvar": [8.45307546182e-10, 8.15818623323e-07, 1.45377725858e-06, 1.92235484064e-06, 6.80289758748e-06, 6.18253488938e-06, 6.96152164892e-06, 3.72977660845e-06, 1.34417234676e-06, 5.26492021891e-06, 2.9502984944e-07, 4.32785576265e-08, 2.20333930656e-07, 2.41178582883e-07, 1.41737956483e-07, 5.18818353612e-07, 2.57325524444e-07, 2.38993713708e-08, 8.65512248538e-08, 9.45402689467e-09, 9.82078973699e-10, 2.08081468722e-10, 7.64352817151e-11, 1.47391751582e-11, 1.17106252131e-14, 2.91029403369e-15, 1.04556762333e-15], "dmean": [1.78957379831e-05, 0.000412584573496, 0.000492756080348, 0.000525035546161, 0.00112966867164, 0.00110496452544, 0.000996579998173, 0.000994507339783, 0.000452512787888, 0.000609926180914, 0.000174020548002, 7.00210803188e-05, 0.00011267287482, 0.000119740005175, 9.0774083219e-05, 0.000140721662319, 0.000124094891362, 3.60720332537e-05, 5.86575624766e-05, 2.52452937275e-05, 9.05819797481e-06, 4.6552349886e-06, 3.10800396619e-06, 1.11973167805e-06, 7.74011041926e-08, 6.22797884375e-08, 3.86656964224e-08], "max": [0.000714418070856, 0.0383688211441, 0.0412883982062, 0.067275300622, 0.10650524497, 0.13976341486, 0.11220729351, 0.034157320857, 0.0648838207126, 0.0567596144974, 0.0155521202832, 0.00520317815244, 0.0163211133331, 0.0112491957843, 0.0124139636755, 0.026349382475, 0.0143328746781, 0.00561347650364, 0.0117471003905, 0.00305689591914, 0.0010270702187, 0.000681269331835, 0.000314231147058, 0.000174179309397, 4.73012369184e-06, 1.03179945654e-06, 7.46466128021e-07], "var": [2.14616435734e-09, 8.28731572255e-06, 7.21638571122e-06, 1.33843304866e-05, 3.56045311491e-05, 6.00721868977e-05, 2.41209199885e-05, 1.71886113094e-05, 9.60250599746e-06, 1.45511858136e-05, 7.78535422796e-07, 8.46264924803e-08, 4.48179065415e-07, 4.31235804399e-07, 3.10150937821e-07, 7.13872282176e-07, 5.3347866924e-07, 4.91272054148e-08, 1.46457836081e-07, 2.53249954341e-08, 2.18721507572e-09, 1.01332220392e-09, 4.1592571054e-10, 5.90829121738e-11, 6.03869507025e-14, 2.12422344526e-14, 9.63781531253e-15], "mean": [2.52825320786e-05, 0.00136704579927, 0.0011216403218, 0.00150064821355, 0.00327263306826, 0.00327526009642, 0.00243641017005, 0.00236062146723, 0.00123593211174, 0.00133253447711, 0.00033614540007, 0.000128712650621, 0.000195559026906, 0.000205276257475, 0.00015422909928, 0.000220913236262, 0.0002113658702, 6.4134997956e-05, 9.80648983386e-05, 4.75267152069e-05, 1.72052914422e-05, 1.19204687508e-05, 8.72057262313e-06, 3.06690094476e-06, 4.3682607