{"tonal": {"thpcp": [1, 0.736460745335, 0.444882959127, 0.381673365831, 0.409475028515, 0.644864797592, 0.86218971014, 0.698823571205, 0.590260028839, 0.642088711262, 0.538910508156, 0.483815968037, 0.466616481543, 0.425549775362, 0.546956658363, 0.590141415596, 0.45669272542, 0.453689455986, 0.472220927477, 0.434899777174, 0.626709878445, 0.822763323784, 0.639322519302, 0.49772387743, 0.503283858299, 0.421419113874, 0.514167189598, 0.624652385712, 0.519569516182, 0.520421564579, 0.508307039738, 0.324172437191, 0.249547854066, 0.263735920191, 0.346780717373, 0.728997707367], "hpcp": {"dmean2": [0.327857851982, 0.355581194162, 0.381412237883, 0.356267809868, 0.318000525236, 0.295132160187, 0.275179177523, 0.248126283288, 0.301778107882, 0.312357157469, 0.240105465055, 0.25792068243, 0.273427993059, 0.253773123026, 0.322552114725, 0.359507888556, 0.325327128172, 0.257512509823, 0.253522694111, 0.23013612628, 0.284495592117, 0.29935875535, 0.254634201527, 0.291581183672, 0.251860171556, 0.142673626542, 0.124150104821, 0.144643321633, 0.193502724171, 0.342327952385, 0.39633885026, 0.35986405611, 0.275973111391, 0.243584409356, 0.245430067182, 0.297776192427], "median": [0.24517801404, 0.198043212295, 0.127924993634, 0.144562140107, 0.102792568505, 0.071071356535, 0.0641072466969, 0.0677599236369, 0.0846895948052, 0.0890287011862, 0.0739919692278, 0.0469745509326, 0.043321415782, 0.0598202832043, 0.135854646564, 0.207611605525, 0.167725935578, 0.0901700109243, 0.0725657790899, 0.0692657455802, 0.0967500209808, 0.130562782288, 0.118326336145, 0.0974698513746, 0.089800991118, 0.0468670167029, 0.0182953551412, 0.0190100260079, 0.0531723275781, 0.19893231988, 0.299455165863, 0.210607007146, 0.0654523670673, 0.03860751912, 0.041245508939, 0.162554398179], "min": [0.000592534895986, 0.000672963738907, 0.000338121608365, 0.000291367614409, 0, 0, 0, 0, 0, 0.000171184787177, 0.000101504134363, 3.1422918255e-05, 2.33120354096e-05, 0, 0.00145299150608, 0.000644492218271, 0.000564854592085, 0.000317804398946, 0.000176711037057, 0.0001518430945, 0.000215178966755, 0.000318243110087, 0, 0.000460397044662, 0.000369295012206, 0.000171087725903, 0.000193778847461, 0.00019397836877, 0, 0.000547066738363, 0.000892234384082, 0.000324439286487, 0.000171784122358, 0.000236094056163, 0, 0], "dvar2": [0.114969499409, 0.140532016754, 0.156622767448, 0.141778886318, 0.127974778414, 0.124200485647, 0.12096567452, 0.098850056529, 0.127982288599, 0.129716351628, 0.0883177742362, 0.11829674989, 0.137282818556, 0.0963860750198, 0.123215273023, 0.13407458365, 0.117656618357, 0.093875721097, 0.102654643357, 0.0788151174784, 0.107089802623, 0.108476005495, 0.0781719386578, 0.123900644481, 0.0963639318943, 0.0351292751729, 0.0416272841394, 0.0543016120791, 0.0577018111944, 0.116371624172, 0.13945953548, 0.130755677819, 0.102438636124, 0.10458663106, 0.103055372834, 0.107092157006], "dvar": [0.0450715236366, 0.0488278716803, 0.0554556511343, 0.0518721565604, 0.0458297841251, 0.047606240958, 0.0474108606577, 0.0357918068767, 0.0496266484261, 0.055788487196, 0.0322743207216, 0.0456484742463, 0.053872499615, 0.0345725677907, 0.0464786924422, 0.0524132810533, 0.0418874584138, 0.0358944348991, 0.0386638864875, 0.0289942417294, 0.0411134809256, 0.0440834872425, 0.0287354998291, 0.0465497858822, 0.0380871295929, 0.0135350916535, 0.0158226117492, 0.0206604711711, 0.0212568510324, 0.046478651464, 0.0607805363834, 0.0480264276266, 0.0377729535103, 0.0389617048204, 0.0384342893958, 0.0406519137323], "dmean": [0.193738982081, 0.201792404056, 0.213712528348, 0.205372184515, 0.181676074862, 0.166821435094, 0.155026569963, 0.139676764607, 0.17585426569, 0.183146879077, 0.138351067901, 0.145615190268, 0.154341340065, 0.144917920232, 0.181804582477, 0.207502573729, 0.184611484408, 0.147091418505, 0.145906180143, 0.130358085036, 0.16094879806, 0.175592154264, 0.147582277656, 0.169403836131, 0.14922375977, 0.0847671031952, 0.071715041995, 0.0831266492605, 0.111358515918, 0.201944410801, 0.231558084488, 0.208398014307, 0.155258625746, 0.136491060257, 0.137030333281, 0.170294880867], "max": [1, 1, 1, 1, 1, 1, 1, 1, 1, 1, 1, 1, 1, 1, 1, 1, 1, 1, 1, 1, 1, 1, 1, 1, 1, 1, 1, 1, 1, 1, 1, 1, 1, 1, 1, 1], "var": [0.100518025458, 0.0681129172444, 0.0691792815924, 0.0764672681689, 0.0625131055713, 0.0649012550712, 0.0658014342189, 0.0506136491895, 0.0740449801087, 0.085516422987, 0.0526913180947, 0.0682173594832, 0.0781013146043, 0.055857565254, 0.0714098662138, 0.0987840294838, 0.0627272799611, 0.0568571574986, 0.0684538632631, 0.0420691035688, 0.0582033917308, 0.076806999743, 0.047846775502, 0.0615453347564, 0.0636215433478, 0.0328141748905, 0.0321498662233, 0.0354474000633, 0.0360970757902, 0.0771892145276, 0.117670319974, 0.076148621738, 0.0541022457182, 0.0503166913986, 0.0589326731861, 0.0673224553466], "mean": [0.342367380857, 0.277496248484, 0.23438668251, 0.254967361689, 0.213996261358, 0.192118749022, 0.185288995504, 0.168981790543, 0.217191323638, 0.23433957994, 0.181348368526, 0.180155798793, 0.187514469028, 0.172694593668, 0.248860582709, 0.326711535454, 0.253868937492, 0.197641447186, 0.199849277735, 0.167341545224, 0.204170942307, 0.248043552041, 0.206316158175, 0.20665448904, 0.201843932271, 0.128725811839, 0.0990930944681, 0.104727044702, 0.137703344226, 0.289478093386, 0.397090554237, 0.292441606522, 0.176658824086, 0.151558890939, 0.162598669529, 0.256069719791]}, "tuning_equal_tempered_deviation": 0.0189326182008, "chords_changes_rate": 0.0915141403675, "key_key": "G", "tuning_diatonic_strength": 0.489700168371, "key_scale": "minor", "chords_number_rate": 0.00721020530909, "tuning_frequency": 443.060424805, "tuning_nontempered_energy_ratio": 0.735917925835, "chords_histogram": [17.4154186249, 0.665557384491, 22.1297836304, 6.15640592575, 9.81697177887, 18.0255126953, 0, 2.93954515457, 0, 2.93954515457, 2.88408207893, 1.27565169334, 0.166389346123, 1.99667215347, 0.554631173611, 0.776483654976, 0.277315586805, 3.93788123131, 0.665557384491, 0, 0.332778692245, 0, 2.27398777008, 4.76982784271], "key_strength": 0.639504373074, "chords_key": "D", "chords_strength": {"dmean2": 0.0123890955001, "median": 0.424935549498, "min": 0.165112525225, "dvar2": 0.000123138990602, "dvar": 8.1603306171e-05, "dmean": 0.0108988042921, "max": 0.681285619736, "var": 0.00707495398819, "mean": 0.425095498562}, "chords_scale": "minor", "hpcp_entropy": {"dmean2": 1.01639819145, "median": 2.50491547585, "min": 0.0626215264201, "dvar2": 0.642263770103, "dvar": 0.223998874426, "dmean": 0.599244713783, "max": 4.70576715469, "var": 0.608932554722, "mean": 2.52578115463}}, "metadata": {"audio_properties": {"equal_loudness": 0, "codec": "mp3", "downmix": "mix", "sample_rate": 44100, "analysis_sample_rate": 44100, "bit_rate": 192000, "md5_encoded": "68ccf5a6b6c60fe1f0c99240ed5991d3", "length": 83.6440811157, "replay_gain": -13.5147953033, "lossless": false}, "version": {"essentia_build_sha": "70f2e5ece6736b2c40cc944ad0e695b16b925413", "essentia": "2.1-beta2", "extractor": "music 1.0", "essentia_git_sha": "v2.1_beta2"}, "tags": {"title": ["Lagoa da canoa"], "language": ["por"], "albumartist": ["Hermeto Pascoal"], "length": ["83693"], "musicbrainz_recordingid": ["1ef4cc25-efcd-4f31-8d5e-6c8df81c55be"], "composer": ["Hermeto Pascoal"], "musicbrainz_albumartistid": ["c7a4c4a0-9544-44e3-87f2-5779d18b753f"], "discnumber": ["1/1"], "album": ["Montreux Jazz Festival"], "musicbrainz album release country": ["BR"], "musicbrainz album type": ["album/live"], "musicbrainz album status": ["official"], "file_name": "06 Lagoa da canoa.mp3", "originaldate": ["1979"], "date": ["1979"], "genre": ["MIB"], "musicbrainz_releasegroupid": ["5b994213-f04e-3919-a4fb-69d9ec950bcf"], "script": ["Latn"], "asin": ["B000062WLU"], "musicbrainz_albumid": ["3718eed3-5dc1-4f6a-923c-2528b0f1e352"], "artist": ["Hermeto Pascoal"], "artistsort": ["Pascoal, Hermeto"], "tracknumber": ["6/15"], "label": ["WM Records"], "albumartistsort": ["Pascoal, Hermeto"], "musicbrainz_artistid": ["c7a4c4a0-9544-44e3-87f2-5779d18b753f"]}}, "rhythm": {"bpm_histogram_first_peak_bpm": {"dmean2": 0, "median": 96, "min": 96, "dvar2": 0, "dvar": 0, "dmean": 0, "max": 96, "var": 0, "mean": 96}, "bpm": 96.0083236694, "bpm_histogram_second_peak_spread": {"dmean2": 0, "median": 0.625, "min": 0.625, "dvar2": 0, "dvar": 0, "dmean": 0, "max": 0.625, "var": 0, "mean": 0.625}, "bpm_histogram_first_peak_weight": {"dmean2": 0, "median": 0.276119410992, "min": 0.276119410992, "dvar2": 0, "dvar": 0, "dmean": 0, "max": 0.276119410992, "var": 0, "mean": 0.276119410992}, "onset_rate": 3.72931408882, "beats_position": [0.66176867485, 1.34675729275, 2.03174591064, 2.71673464775, 3.40172338486, 4.09832191467, 4.79492044449, 5.47990942001, 6.14167785645, 6.81505680084, 7.4884352684, 8.16181373596, 8.82358264923, 9.47374153137, 10.1239004135, 10.7624483109, 11.4009971619, 12.0279359818, 12.6548748016, 13.2818136215, 13.9087524414, 14.5240812302, 15.1394100189, 15.7431287766, 16.3584575653, 16.9737873077, 17.600725174, 18.2392749786, 18.8662128448, 19.5047607422, 20.1433105469, 20.7818584442, 21.4087982178, 22.0241260529, 22.6394557953, 23.2547836304, 23.8701133728, 24.497051239, 25.1123809814, 25.7393188477, 26.3546485901, 26.9815864563, 27.6085262299, 28.2354640961, 28.8624038696, 29.4893417358, 30.1278915405, 30.7664394379, 31.4049873352, 32.0435371399, 32.6820869446, 33.2974128723, 33.9127426147, 34.539680481, 35.1550102234, 35.7819480896, 36.4204978943, 37.059047699, 37.6859855652, 38.3013153076, 38.9398651123, 39.5668029785, 40.1937408447, 40.8090705872, 41.4360084534, 42.0513381958, 42.6666641235, 43.2123336792, 43.7463951111, 44.2804527283, 44.8841705322, 45.4995002747, 46.1148300171, 46.7301597595, 47.3454856873, 47.9608154297, 48.5761451721, 49.2030830383, 49.8184127808, 50.4337387085, 51.0490684509, 51.6643981934, 52.2913360596, 52.906665802, 53.5336036682, 54.1605415344, 54.7874832153, 55.4144210815, 56.0529708862, 56.6915168762, 57.3300666809, 57.9570045471, 58.583946228, 59.2108840942, 59.8262138367, 60.4415397644, 61.0684814453, 61.6954193115, 62.3223571777, 62.9492950439, 63.5646247864, 64.1915664673, 64.8301086426, 65.4570541382, 66.0955963135, 66.7341461182, 67.3610839844, 67.98802948, 68.5917434692, 69.2070770264, 69.8224029541, 70.4029006958, 70.9833984375, 71.5522918701, 72.1211776733, 72.701675415, 73.2821731567, 73.8626708984, 74.4315643311, 75.0004501343, 75.5577316284, 76.1034011841, 76.6606826782, 77.217956543, 77.8100662231, 78.4021759033, 78.9362335205, 79.4702911377, 80.0043487549, 80.526802063, 81.0492477417, 81.5833053589, 82.105758667, 82.6282043457, 83.1506576538], "beats_loudness": {"dmean2": 0.0188640654087, "median": 0.0224960837513, "min": 0.00148311548401, "dvar2": 0.000271107448498, "dvar": 9.55423893174e-05, "dmean": 0.0108693018556, "max": 0.0739772543311, "var": 0.000167568578036, "mean": 0.0232611335814}, "danceability": 1.25118458271, "bpm_histogram_second_peak_weight": {"dmean2": 0, "median": 0.0447761192918, "min": 0.0447761192918, "dvar2": 0, "dvar": 0, "dmean": 0, "max": 0.0447761192918, "var": 0, "mean": 0.0447761192918}, "beats_count": 135, "bpm_histogram_second_peak_bpm": {"dmean2": 0, "median": 112, "min": 112, "dvar2": 0, "dvar": 0, "dmean": 0, "max": 112, "var": 0, "mean": 112}, "bpm_histogram_first_peak_spread": {"dmean2": 0, "median": 0.610526323318, "min": 0.610526323318, "dvar2": 0, "dvar": 0, "dmean": 0, "max": 0.610526323318, "var": 0, "mean": 0.610526323318}, "beats_loudness_band_ratio": {"dmean2": [0.225466653705, 0.208299010992, 0.190220981836, 0.195212319493, 0.196668431163, 0.0634775832295], "median": [0.208915144205, 0.209178432822, 0.119016729295, 0.146795034409, 0.0895058214664, 0.0593326985836], "min": [0.00015392844216, 0.00123527587857, 0.00795845780522, 0.00400777673349, 0.00240924977697, 0.0060381134972], "dvar2": [0.0498182550073, 0.0385360680521, 0.0305816531181, 0.0389912053943, 0.0477020442486, 0.00458091078326], "dvar": [0.017855098471, 0.0124676087871, 0.0114153781906, 0.0136257829145, 0.0163003075868, 0.00147104263306], "dmean": [0.131440371275, 0.117607355118, 0.108720332384, 0.114123560488, 0.112930864096, 0.0363722071052], "max": [0.803744852543, 0.612998902798, 0.618554115295, 0.816453695297, 0.631921589375, 0.225769862533], "var": [0.0519956722856, 0.0235394202173, 0.0163894854486, 0.0350443646312, 0.0315772406757, 0.00192925438751], "mean": [0.258652746677, 0.206260934472, 0.159661307931, 0.20674970746, 0.168745487928, 0.0653414726257]}}, "lowlevel": {"barkbands_spread": {"dmean2": 8.67287254333, "median": 19.5942173004, "min": 2.70905089378, "dvar2": 71.0279998779, "dvar": 31.7335224152, "dmean": 5.56860733032, "max": 70.2231140137, "var": 122.114303589, "mean": 21.4024448395}, "melbands_spread": {"dmean2": 13.3158664703, "median": 25.3748416901, "min": 2.81071066856, "dvar2": 204.514923096, "dvar": 89.0446243286, "dmean": 8.3323431015, "max": 130.021652222, "var": 331.165802002, "mean": 28.7666721344}, "hfc": {"dmean2": 10.3930110931, "median": 15.8657226562, "min": 3.74814517272e-05, "dvar2": 189.547988892, "dvar": 86.2813034058, "dmean": 6.94801187515, "max": 86.6897735596, "var": 277.696868896, "mean": 21.3200569153}, "barkbands_kurtosis": {"dmean2": 4.09616231918, "median": 0.867652654648, "min": -1.8002679348, "dvar2": 37.3925170898, "dvar": 14.6133031845, "dmean": 2.47594094276, "max": 50.097442627, "var": 33.3762664795, "mean": 3.23713183403}, "gfcc": {"mean": [-3.90831446648, 66.8602294922, -133.575881958, 32.2227249146, -70.3925018311, 14.3083400726, -48.0145378113, 8.06427288055, -30.1339416504, -2.36314177513, -14.1829957962, 2.30415153503, -12.8771457672], "icov": [[0.000540199165698, -0.000480540678836, 0.000429584353697, -0.000745174533222, 0.000327535817632, -0.000856742495671, 0.000431015680078, -0.000505636038724, 0.00116778723896, -0.000878056744114, 0.000810866884422, -0.000465083488962, 0.000350635702489], [-0.000480540678836, 0.00630077021196, -0.00490609323606, 0.003255415475, -0.00422585196793, 0.00481037516147, -0.00463473517448, 0.00624938728288, -0.00601354939863, 0.00733932759613, -0.00747672421858, 0.00646169250831, -0.00403253315017], [0.000429584353697, -0.00490609323606, 0.00526735605672, -0.00475750816986, 0.00438684457913, -0.00366960605606, 0.00366453174502, -0.00504533527419, 0.00482769357041, -0.00645274762064, 0.00708869053051, -0.00612108316272, 0.00400398531929], [-0.000745174533222, 0.003255415475, -0.00475750816986, 0.00780198443681, -0.00494347838685, 0.00451319478452, -0.00329925375991, 0.00413685385138, -0.00294685247354, 0.0046268585138, -0.00628422014415, 0.00458182627335, -0.00346208526753], [0.000327535817632, -0.00422585196793, 0.00438684457913, -0.00494347838685, 0.00870724301785, -0.00627722358331, 0.00346049992368, -0.00309192668647, 0.00179942243267, -0.00432572653517, 0.00550475111231, -0.0070784650743, 0.00440670689568], [-0.000856742495671, 0.00481037516147, -0.00366960605606, 0.00451319478452, -0.00627722358331, 0.0127698983997, -0.00630374997854, 0.00418243557215, -0.00345841376111, 0.00325361220166, -0.00601377571002, 0.00597750442103, -0.00454464647919], [0.000431015680078, -0.00463473517448, 0.00366453174502, -0.00329925375991, 0.00346049992368, -0.00630374997854, 0.014088653028, -0.0100076086819, 0.0072628040798, -0.00399633403867, 0.0027791315224, -0.00506487721577, 0.00199915585108], [-0.000505636038724, 0.00624938728288, -0.00504533527419, 0.00413685385138, -0.00309192668647, 0.00418243557215, -0.0100076086819, 0.0194402206689, -0.0112642096356, 0.00620089517906, -0.00530001521111, 0.00364411901683, -0.00528472615406], [0.00116778723896, -0.00601354939863, 0.00482769357041, -0.00294685247354, 0.00179942243267, -0.00345841376111, 0.0072628040798, -0.0112642096356, 0.0199651755393, -0.0116973286495, 0.00971182156354, -0.00494082598016, 0.000368283916032], [-0.000878056744114, 0.00733932759613, -0.00645274762064, 0.0046268585138, -0.00432572653517, 0.00325361220166, -0.00399633403867, 0.00620089517906, -0.0116973286495, 0.0187427736819, -0.0130517752841, 0.00912549719214, -0.00338001828641], [0.000810866884422, -0.00747672421858, 0.00708869053051, -0.00628422014415, 0.00550475111231, -0.00601377571002, 0.0027791315224, -0.00530001521111, 0.00971182156354, -0.0130517752841, 0.0237499698997, -0.0131594873965, 0.00938458461314], [-0.000465083488962, 0.00646169250831, -0.00612108316272, 0.00458182627335, -0.0070784650743, 0.00597750442103, -0.00506487721577, 0.00364411901683, -0.00494082598016, 0.00912549719214, -0.0131594873965, 0.0191086381674, -0.00910004880279], [0.000350635702489, -0.00403253315017, 0.00400398531929, -0.00346208526753, 0.00440670689568, -0.00454464647919, 0.00199915585108, -0.00528472615406, 0.000368283916032, -0.00338001828641, 0.00938458461314, -0.00910004880279, 0.0195235852152]], "cov": [[2775.18530273, 305.411315918, 503.712524414, 470.344146729, 143.010894775, 125.919364929, 63.8024291992, -94.6991424561, -206.122360229, 32.291973114, 83.9447250366, 20.423368454, -63.1449432373], [305.411315918, 1343.10351562, 1204.27709961, 531.461669922, 50.1449317932, -211.87789917, 20.644493103, -148.234283447, -63.6809692383, -130.371627808, 61.9391517639, 2.63443994522, -33.5983200073], [503.712524414, 1204.27709961, 2090.8425293, 818.067443848, -89.9695663452, -209.559860229, 0.348642528057, -58.537322998, -96.2814788818, 10.4510984421, 20.7555503845, 78.9209136963, -57.9599838257], [470.344146729, 531.461669922, 818.067443848, 595.230651855, 93.8229598999, -85.2688674927, 22.0114383698, -66.7100296021, -77.197517395, -22.3661384583, 63.5055580139, 50.4138374329, -31.677652359], [143.010894775, 50.1449317932, -89.9695663452, 93.8229598999, 306.769683838, 90.7578659058, 23.2765293121, -7.0313410759, 16.0114974976, 3.77883410454, 36.603767395, 54.9605979919, -1.14931571484], [125.919364929, -211.87789917, -209.559860229, -85.2688674927, 90.7578659058, 199.0050354, 58.0327987671, 36.4215927124, 10.2028589249, 41.0057144165, 17.8994617462, 10.1869106293, 14.6387395859], [63.8024291992, 20.644493103, 0.348642528057, 22.0114383698, 23.2765293121, 58.0327987671, 157.048583984, 58.2058868408, -22.1720085144, -6.74758005142, 34.960647583, 39.4490394592, 15.711596489], [-94.6991424561, -148.234283447, -58.537322998, -66.7100296021, -7.0313410759, 36.4215927124, 58.2058868408, 146.115264893, 64.4622802734, 26.2971496582, -18.8348922729, 29.2695026398, 40.9480552673], [-206.122360229, -63.6809692383, -96.2814788818, -77.197517395, 16.0114974976, 10.2028589249, -22.1720085144, 64.4622802734, 146.098632812, 51.3416252136, -38.8822441101, -7.40235471725, 36.457775116], [32.291973114, -130.371627808, 10.4510984421, -22.3661384583, 3.77883410454, 41.0057144165, -6.74758005142, 26.2971496582, 51.3416252136, 151.683441162, 24.7614250183, -10.9678611755, -8.83866596222], [83.9447250366, 61.9391517639, 20.7555503845, 63.5055580139, 36.603767395, 17.8994617462, 34.960647583, -18.8348922729, -38.8822441101, 24.7614250183, 120.479927063, 40.9607124329, -28.2830123901], [20.423368454, 2.63443994522, 78.9209136963, 50.4138374329, 54.9605979919, 10.1869106293, 39.4490394592, 29.2695026398, -7.40235471725, -10.9678611755, 40.9607124329, 131.358886719, 26.5599765778], [-63.1449432373, -33.5983200073, -57.9599838257, -31.677652359, -1.14931571484, 14.6387395859, 15.711596489, 40.9480552673, 36.457775116, -8.83866596222, -28.2830123901, 26.5599765778, 88.5829315186]]}, "spectral_energyband_middle_low": {"dmean2": 0.00766388932243, "median": 0.00596684869379, "min": 3.56751322927e-10, "dvar2": 0.000143751560245, "dvar": 5.60338557989e-05, "dmean": 0.00458530336618, "max": 0.0926178693771, "var": 7.62428171583e-05, "mean": 0.00824240222573}, "melbands_crest": {"dmean2": 5.63770675659, "median": 11.1964168549, "min": 3.23309445381, "dvar2": 25.4829673767, "dvar": 9.36358261108, "dmean": 3.36383152008, "max": 32.1266403198, "var": 20.4422798157, "mean": 11.5948152542}, "spectral_kurtosis": {"dmean2": 1.92527234554, "median": 3.56153392792, "min": 0.167380571365, "dvar2": 5.05603551865, "dvar": 1.84945619106, "dmean": 1.17279613018, "max": 29.6301345825, "var": 4.71623086929, "mean": 3.86140561104}, "spectral_rms": {"dmean2": 0.00131924473681, "median": 0.00414717104286, "min": 2.53716666521e-06, "dvar2": 1.91118942894e-06, "dvar": 8.0070731201e-07, "dmean": 0.000857957697008, "max": 0.0100813992321, "var": 2.33722721532e-06, "mean": 0.0041613932699}, "zerocrossingrate": {"dmean2": 0.0123840700835, "median": 0.0751953125, "min": 0.00927734375, "dvar2": 0.000121972945635, "dvar": 7.88764446042e-05, "dmean": 0.00995386298746, "max": 0.1962890625, "var": 0.000708399573341, "mean": 0.076059833169}, "silence_rate_60dB": {"dmean2": 0.0230427533388, "median": 0, "min": 0, "dvar2": 0.0286191981286, "dvar": 0.0115208067, "dmean": 0.0116569520906, "max": 1, "var": 0.0251386407763, "mean": 0.0258046612144}, "erbbands_kurtosis": {"dmean2": 1.8004540205, "median": 0.529776215553, "min": -1.73585498333, "dvar2": 5.14138507843, "dvar": 2.09986329079, "dmean": 1.09901642799, "max": 26.1211147308, "var": 5.23549938202, "mean": 0.957843601704}, "erbbands": {"dmean2": [0.0848709642887, 0.808896362782, 2.14594316483, 5.6757569313, 10.8676919937, 20.0270709991, 10.0669536591, 10.1519145966, 17.1321620941, 11.6800842285, 8.50838756561, 17.4598083496, 13.7160205841, 18.6533412933, 40.0472679138, 49.029510498, 40.0518455505, 24.0300521851, 23.2227230072, 39.5854187012, 47.3123550415, 32.8935890198, 26.4588546753, 28.221370697, 17.1336765289, 7.17931175232, 4.41873645782, 6.31760168076, 3.26449775696, 2.41102361679, 2.25329566002, 1.84630739689, 0.867923259735, 0.402199715376, 0.204390063882, 0.0761259645224, 0.0198311526328, 0.0025463080965, 6.66203632136e-05, 1.56818696269e-05], "median": [0.00408693961799, 0.0609791502357, 0.497620493174, 1.55409574509, 4.28798961639, 5.41792964935, 4.52459144592, 5.95445919037, 10.926024437, 5.89286804199, 4.99195957184, 6.35366106033, 5.08491134644, 8.55291843414, 8.77497673035, 13.8093795776, 11.5053806305, 7.13526535034, 7.24240493774, 8.88341522217, 9.37823009491, 11.4696846008, 8.93823623657, 9.00208854675, 8.68518257141, 5.50449180603, 3.70013284683, 4.27872371674, 2.71210432053, 2.42144823074, 1.9156806469, 1.86315536499, 0.966263473034, 0.426970183849, 0.183558866382, 0.0547080561519, 0.0107587072998, 0.00110054155812, 4.06030303566e-05, 2.48336764344e-05], "min": [2.10269121559e-10, 9.80456271726e-10, 3.43231820743e-09, 1.17207186179e-08, 1.25240013915e-08, 5.65840041489e-09, 2.27619412208e-09, 3.36595684658e-09, 5.46598855067e-09, 3.95481833948e-08, 1.11448423468e-06, 8.34988077258e-06, 2.84407133222e-06, 1.95068582798e-06, 6.28869111097e-06, 4.10987922805e-06, 8.33799276734e-06, 1.57060894708e-05, 1.38194636747e-05, 2.06217318919e-05, 1.93657542695e-05, 1.59148003149e-05, 1.79838752956e-05, 9.59921453614e-06, 1.04057944554e-05, 3.526724322e-05, 1.32936138471e-05, 1.24205280372e-05, 1.6163690816e-05, 9.84587859421e-06, 1.36588196256e-05, 1.55131201609e-05, 1.15966513476e-05, 1.21012099044e-05, 6.20365563009e-06, 2.72491024589e-06, 6.46379533009e-07, 8.28986799206e-08, 2.58403076714e-09, 1.28362639962e-10], "dvar2": [0.0257901009172, 2.59332060814, 17.7707386017, 123.629180908, 299.778564453, 1759.17797852, 254.210723877, 366.119903564, 911.340698242, 656.322692871, 204.102279663, 1608.64855957, 1402.95874023, 1449.22106934, 11632.8779297, 12072.8818359, 10793.4003906, 3369.95410156, 2178.22924805, 9421.29882812, 17015.9238281, 4880.04589844, 5137.04931641, 7451.26220703, 1326.42749023, 171.791732788, 80.8111038208, 196.088485718, 33.1515007019, 14.7945680618, 22.5364303589, 7.54037761688, 1.88278269768, 0.35906291008, 0.124675318599, 0.0163079481572, 0.0012751648901, 2.52096324402e-05, 3.00980111945e-08, 3.47591039285e-10], "dvar": [0.0131022520363, 1.08467948437, 6.32381153107, 44.0119819641, 110.707550049, 641.665344238, 94.6241226196, 140.19833374, 379.422943115, 283.508178711, 79.7730560303, 646.59362793, 560.973327637, 595.521362305, 5157.20117188, 6265.04101562, 5569.69042969, 1845.06726074, 945.446289062, 3994.00195312, 7030.39599609, 2326.32324219, 2926.78881836, 3497.52001953, 640.498413086, 80.3399429321, 33.2150726318, 104.617790222, 14.8175878525, 5.83351802826, 9.85704040527, 3.55457401276, 0.877119064331, 0.165258347988, 0.0524713657796, 0.00721835391596, 0.000573393015657, 1.18164316518e-05, 1.23920047557e-08, 1.4719760133e-10], "dmean": [0.0597352720797, 0.51276743412, 1.20079982281, 3.21608114243, 6.32336425781, 11.5037946701, 5.90531492233, 6.05341053009, 10.3715677261, 7.04069375992, 5.14895629883, 10.455327034, 8.46063137054, 11.8033571243, 25.380273819, 32.940788269, 27.8334178925, 15.8893175125, 14.6547365189, 25.0416316986, 30.0591239929, 21.6531734467, 17.9801902771, 17.5652503967, 11.6482610703, 4.65916633606, 2.69467020035, 4.03233718872, 2.05192375183, 1.50974798203, 1.43142080307, 1.19042766094, 0.567010939121, 0.264957636595, 0.131603226066, 0.04898416996, 0.0130800912157, 0.00165346486028, 4.28533312515e-05, 1.02272624645e-05], "max": [1.26237332821, 10.9071674347, 24.2288894653, 93.5844116211, 135.644088745, 330.184204102, 95.7773666382, 182.796676636, 389.303131104, 428.089111328, 182.104278564, 710.309387207, 769.364746094, 552.709350586, 933.784118652, 1151.9876709, 1045.75463867, 804.340087891, 431.173919678, 828.50567627, 1235.74462891, 849.254943848, 1224.29125977, 1132.6529541, 369.333312988, 180.296875, 141.181640625, 235.755981445, 65.4641265869, 62.8404541016, 68.3116149902, 37.3614349365, 17.7255420685, 7.19804954529, 5.05801439285, 2.30482363701, 0.681067764759, 0.115504860878, 0.00286916107871, 0.000185143639101], "var": [0.0165975950658, 1.04620885849, 4.85766839981, 46.1828575134, 147.079574585, 506.431182861, 111.638076782, 187.070480347, 701.065429688, 359.503509521, 151.517623901, 1487.93920898, 1729.66442871, 1826.12097168, 10847.8974609, 18718.7089844, 13607.953125, 4137.24316406, 1836.89880371, 6041.29150391, 9497.98535156, 8442.66992188, 9903.68847656, 6175.76367188, 1760.71984863, 227.367355347, 69.8678359985, 181.885238647, 32.1504402161, 15.4956073761, 17.4998149872, 8.80984973907, 2.12362623215, 0.540695607662, 0.106911376119, 0.0143432123587, 0.000949115783442, 1.83429929166e-05, 1.4625981315e-08, 3.46170342391e-10], "mean": [0.0621831975877, 0.471661627293, 1.27099692822, 3.79176664352, 8.16158676147, 11.695933342, 7.87399482727, 9.85281181335, 19.0572509766, 10.8674564362, 9.1096496582, 16.585855484, 15.8408727646, 24.5454444885, 42.3470458984, 67.5912399292, 52.923576355, 26.7291297913, 25.547504425, 37.6738700867, 45.547794342, 44.2416572571, 35.3213729858, 29.0941677094, 23.2477664948, 10.4193563461, 5.79053640366, 7.79025650024, 4.37875699997, 3.64533877373, 3.04510641098, 2.68218684196, 1.37138855457, 0.663419961929, 0.27563610673, 0.0882060751319, 0.0205211061984, 0.00245575862937, 7.2587536124e-05, 2.80256426777e-05]}, "spectral_strongpeak": {"dmean2": 1.67117714882, "median": 0.597271680832, "min": 0.000133975379867, "dvar2": 6.32231664658, "dvar": 2.54850411415, "dmean": 0.981971144676, "max": 15.8008508682, "var": 4.33851194382, "mean": 1.51466012001}, "spectral_energy": {"dmean2": 0.0129184825346, "median": 0.0176290012896, "min": 6.59814469728e-09, "dvar2": 0.000260179018369, "dvar": 0.000105796898424, "dmean": 0.00824871193618, "max": 0.10417547822, "var": 0.000201228162041, "mean": 0.020145798102}, "average_loudness": 0.936863541603, "spectral_rolloff": {"dmean2": 779.29699707, "median": 1765.72265625, "min": 172.265625, "dvar2": 1020080.6875, "dvar": 468808.90625, "dmean": 459.639404297, "max": 10400.5371094, "var": 1194515.625, "mean": 1780.61572266}, "spectral_centroid": {"dmean2": 438.715179443, "median": 1666.703125, "min": 301.560577393, "dvar2": 168065.546875, "dvar": 72572.1875, "dmean": 275.996368408, "max": 3747.15722656, "var": 438190.78125, "mean": 1617.47485352}, "pitch_salience": {"dmean2": 0.117887623608, "median": 0.610036671162, "min": 0.207542136312, "dvar2": 0.0100928172469, "dvar": 0.00383813492954, "dmean": 0.0706945955753, "max": 0.917778611183, "var": 0.0143495509401, "mean": 0.608315885067}, "spectral_energyband_middle_high": {"dmean2": 0.00462031643838, "median": 0.00478049693629, "min": 2.4812571997e-09, "dvar2": 4.89065569127e-05, "dvar": 2.20636138692e-05, "dmean": 0.00303097697906, "max": 0.0453273132443, "var": 6.38893179712e-05, "mean": 0.00793144851923}, "spectral_contrast_coeffs": {"dmean2": [0.101142220199, 0.0783426910639, 0.066913664341, 0.0558355562389, 0.0437583178282, 0.0275194458663], "median": [-0.628395557404, -0.754527330399, -0.773026168346, -0.804094791412, -0.776861667633, -0.771085619926], "min": [-0.900722026825, -0.957142949104, -0.922441542149, -0.925857722759, -0.925059497356, -0.860293209553], "dvar2": [0.00676010362804, 0.00354825332761, 0.0030343499966, 0.00270239333622, 0.00153410015628, 0.000527502270415], "dvar": [0.0030181047041, 0.00127511378378, 0.00124484230764, 0.001245402731, 0.000702589401044, 0.000212400118471], "dmean": [0.0652707442641, 0.0463785156608, 0.0403002798557, 0.0355367809534, 0.0279002189636, 0.0169834159315], "max": [-0.248272418976, -0.53991663456, -0.443677097559, -0.464259445667, -0.562046825886, -0.625248074532], "var": [0.0104662375525, 0.00366731127724, 0.00611503608525, 0.00656643975526, 0.00371758989058, 0.000863469846081], "mean": [-0.617718279362, -0.752523422241, -0.761519134045, -0.776927530766, -0.759372234344, -0.768199205399]}, "melbands_skewness": {"dmean2": 1.19443285465, "median": 1.72971343994, "min": -2.09162688255, "dvar2": 1.40825080872, "dvar": 0.624100089073, "dmean": 0.746858716011, "max": 10.5631084442, "var": 2.80811524391, "mean": 2.03610157967}, "spectral_spread": {"dmean2": 832396.125, "median": 4605684, "min": 1944954.125, "dvar2": 588860227584, "dvar": 303285338112, "dmean": 547862.125, "max": 12427423, "var": 1420671582210.0, "mean": 4760864.5}, "dissonance": {"dmean2": 0.0280189309269, "median": 0.480499565601, "min": 0.251961618662, "dvar2": 0.000906859349925, "dvar": 0.000334313866915, "dmean": 0.0163266677409, "max": 0.500000238419, "var": 0.000583804387134, "mean": 0.473568886518}, "spectral_skewness": {"dmean2": 0.297622025013, "median": 1.49691390991, "min": 0.564118146896, "dvar2": 0.0833356976509, "dvar": 0.0319871418178, "dmean": 0.181932389736, "max": 3.94491505623, "var": 0.124339528382, "mean": 1.52301704884}, "spectral_flux": {"dmean2": 0.0425680316985, "median": 0.0727604925632, "min": 8.12289654277e-05, "dvar2": 0.00192907149903, "dvar": 0.000809781660791, "dmean": 0.0266729686409, "max": 0.276989161968, "var": 0.00163415900897, "mean": 0.083301872015}, "spectral_contrast_valleys": {"dmean2": [0.841414988041, 0.618017852306, 0.539650559425, 0.454578250647, 0.353412777185, 0.324855744839], "median": [-7.78147506714, -6.72697353363, -7.25599956512, -7.61408662796, -7.47884225845, -9.67627811432], "min": [-16.5638751984, -16.2555732727, -14.0113286972, -13.7720918655, -13.9737262726, -15.7563009262], "dvar2": [0.544531106949, 0.257304489613, 0.200470238924, 0.164076015353, 0.115515388548, 0.110537141562], "dvar": [0.281623274088, 0.109763883054, 0.0885138511658, 0.0783482342958, 0.0540629662573, 0.058387555182], "dmean": [0.556278347969, 0.370934128761, 0.324414342642, 0.2867628932, 0.222991660237, 0.223479256034], "max": [-5.26729059219, -4.7508020401, -5.54188966751, -5.85964727402, -5.87814807892, -8.38767337799], "var": [1.91043531895, 0.445999443531, 0.401271343231, 0.651903152466, 0.34856814146, 0.410480499268], "mean": [-8.01189994812, -6.78474712372, -7.29693984985, -7.60347366333, -7.56238651276, -9.78111457825]}, "erbbands_flatness_db": {"dmean2": 0.0313658975065, "median": 0.171053826809, "min": 0.0642936751246, "dvar2": 0.000852749915794, "dvar": 0.000399131036829, "dmean": 0.0205778330564, "max": 0.348367720842, "var": 0.00255647860467, "mean": 0.173437669873}, "spectral_energyband_high": {"dmean2": 0.00034482133924, "median": 0.000469766207971, "min": 3.78896913844e-09, "dvar2": 2.84523963501e-07, "dvar": 1.30450388269e-07, "dmean": 0.000225336378207, "max": 0.00564091140404, "var": 3.82718411629e-07, "mean": 0.000649642781354}, "spectral_entropy": {"dmean2": 0.272213101387, "median": 7.6562871933, "min": 5.68946027756, "dvar2": 0.0686709806323, "dvar": 0.0295977331698, "dmean": 0.17182931304, "max": 8.54647159576, "var": 0.152695521712, "mean": 7.59280490875}, "silence_rate_20dB": {"dmean2": 0, "median": 1, "min": 1, "dvar2": 0, "dvar": 0, "dmean": 0, "max": 1, "var": 0, "mean": 1}, "melbands_flatness_db": {"dmean2": 0.0400367230177, "median": 0.162942022085, "min": 0.0431099757552, "dvar2": 0.00133730715606, "dvar": 0.000583909510169, "dmean": 0.0256619043648, "max": 0.385650902987, "var": 0.00308036943898, "mean": 0.167575210333}, "barkbands": {"dmean2": [9.84430516837e-05, 0.00313954427838, 0.00209386670031, 0.00232604867779, 0.00461645191535, 0.00119767442811, 0.00122959516011, 0.000369150657207, 0.00066468201112, 0.000543857342564, 0.000755192595534, 0.00126623513643, 0.000828893273138, 0.000449209182989, 0.000646920059808, 0.000898127502296, 0.000680804252625, 0.000457422836917, 0.000508236931637, 0.000172222644323, 0.000150697684148, 7.73370993556e-05, 7.99420668045e-05, 6.61778976792e-05, 3.19979480992e-05, 1.25706892504e-05, 5.17617706919e-07], "median": [3.89787783206e-06, 0.000248209689744, 0.000472617102787, 0.00056589988526, 0.00174306111876, 0.000761179893743, 0.000677887466736, 0.00019358607824, 0.000236460895394, 0.000200669135666, 0.000110856068204, 0.000263124209596, 0.000169133447343, 8.72211967362e-05, 0.00012815912487, 0.000124336424051, 0.000171945051989, 0.000111044821097, 0.000180774732144, 0.000113506546768, 9.9663680885e-05, 7.36930232961e-05, 7.33406341169e-05, 7.21413380234e-05, 3.17824087688e-05, 7.87440603744e-06, 1.24347906194e-07], "min": [1.43246027019e-12, 5.23449599638e-12, 3.7441013831e-12, 4.64338376777e-12, 2.21428040834e-12, 3.31436511266e-13, 4.45889256507e-13, 9.80452351251e-12, 3.33296862332e-10, 4.66887362105e-11, 1.00057767627e-10, 1.12201803404e-10, 1.54391444074e-10, 3.26029814257e-10, 3.31020266753e-10, 3.49537204736e-10, 3.60721952308e-10, 2.81467071872e-10, 1.5458763436e-10, 6.61814769654e-10, 3.14981041249e-10, 4.27525431723e-10, 4.92363205762e-10, 6.58563703571e-10, 9.92976589842e-10, 4.46235576268e-10, 1.85472436021e-11], "dvar2": [3.13445838174e-08, 3.67668471881e-05, 1.68615479197e-05, 1.90773862414e-05, 8.41874061734e-05, 4.23171013608e-06, 6.434939678e-06, 3.13685944775e-07, 2.34705339608e-06, 2.02935666493e-06, 4.16210059484e-06, 1.00518800537e-05, 5.24956476511e-06, 1.09531185899e-06, 2.08852884498e-06, 6.59248598822e-06, 2.12381087294e-06, 1.56030318976e-06, 2.15130580727e-06, 9.78741709901e-08, 1.00556796667e-07, 1.56552744102e-08, 2.19732445572e-08, 9.81915615483e-09, 2.60133825591e-09, 4.76686967676e-10, 1.61438267268e-12], "dvar": [1.39486173723e-08, 1.70118855749e-05, 5.88267084822e-06, 6.89605894877e-06, 3.05126122839e-05, 1.6376069425e-06, 2.70335408459e-06, 1.22679622905e-07, 9.09224525003e-07, 8.03545674444e-07, 2.07609400604e-06, 5.03555111209e-06, 2.69383758678e-06, 6.10523102296e-07, 8.83730592705e-07, 2.69844144896e-06, 1.04164575987e-06, 8.78801017734e-07, 9.80392314887e-07, 4.65962841645e-08, 4.9953857939e-08, 6.44106812331e-09, 9.28322663185e-09, 4.73291317249e-09, 1.17391174559e-09, 2.19792531397e-10, 6.20932070951e-13], "dmean": [6.35267933831e-05, 0.00209768279456, 0.00116187799722, 0.00132327899337, 0.00267569511198, 0.00071497639874, 0.000740538234822, 0.000220659654588, 0.000396906718379, 0.00033858945244, 0.000492131395731, 0.000844601599965, 0.000565908674616, 0.000293284188956, 0.000403509358875, 0.000562119006645, 0.000448713370133, 0.00030179755413, 0.000324358174112, 0.000111802852189, 9.48991437326e-05, 4.85756027047e-05, 5.04933013872e-05, 4.32390515925e-05, 2.10604139284e-05, 8.244754099e-06, 3.14940592716e-07], "max": [0.00110645196401, 0.0471376664937, 0.0288086533546, 0.0345959030092, 0.0763733163476, 0.0182004552335, 0.0355619899929, 0.00521280709654, 0.023850236088, 0.029063956812, 0.0194047298282, 0.0287748351693, 0.0214825384319, 0.0157518349588, 0.0119284288958, 0.0248222313821, 0.0169084519148, 0.0177738610655, 0.0154675273225, 0.00436803977937, 0.00494852755219, 0.00138913840055, 0.00198878813535, 0.00139278813731, 0.000736770278309, 0.000437956710812, 1.92159186554e-05], "var": [1.65510058991e-08, 1.93065607164e-05, 4.59095144834e-06, 7.21691822037e-06, 2.72912802757e-05, 2.30703358284e-06, 4.00871840611e-06, 2.13766440993e-07, 1.95552888727e-06, 2.81231859844e-06, 4.69536826131e-06, 1.14566137199e-05, 5.90785111854e-06, 1.31390152092e-06, 1.31604554099e-06, 3.32694207827e-06, 4.03595822718e-06, 2.3785448775e-06, 1.47299010678e-06, 1.57057712613e-07, 9.39761619634e-08, 1.76516365968e-08, 1.93510345525e-08, 1.18064811261e-08, 3.14312464944e-09, 4.08646783079e-10, 6.19443623999e-13], "mean": [6.44865504e-05, 0.00211438001134, 0.0012341781985, 0.00147565896623, 0.00321681471542, 0.00116494297981, 0.00124915363267, 0.000356753880624, 0.000623448402621, 0.000697673705872, 0.000789614336099, 0.00156239792705, 0.00099049822893, 0.00045293130097, 0.000600236700848, 0.000768206838984, 0.000898982398212, 0.000534019432962, 0.000525486073457, 0.000247979449341, 0.000185253971722, 0.000114018934255, 0.000113039015559, 0.000102086713014, 4.93066072522e-05, 1.39074536492e-05, 3.57763013881e-07]}, "erbbands_skewness": {"dmean2": 0.617022931576, "median": 0.356472313404, "min": -3.88847374916, "dvar2": 0.34380748868, "dvar": 0.151362895966, "dmean": 0.390076547861, "max": 3.42515945435, "var": 0.706669211388, "mean": 0.319550007582}, "erbbands_spread": {"dmean2": 13.4275522232, "median": 28.0398292542, "min": 3.29736495018, "dvar2": 199.617233276, "dvar": 91.1836700439, "dmean": 8.43374347687, "max": 106.296188354, "var": 465.707305908, "mean": 35.4012908936}, "melbands_kurtosis": {"dmean2": 9.45193862915, "median": 3.37712931633, "min": -1.85246431828, "dvar2": 202.042877197, "dvar": 82.8398590088, "dmean": 5.74606132507, "max": 138.36100769, "var": 209.28314209, "mean": 10.3129043579}, "melbands": {"dmean2": [0.000807022326626, 0.00106325477827, 0.00100481382105, 0.00120314233936, 0.000418100622483, 0.000227333817747, 0.000263270339929, 0.00011294176511, 7.34918066883e-05, 0.000110509317892, 6.97982686688e-05, 7.62793497415e-05, 0.000112020301458, 0.00015231211728, 0.00010780737648, 7.94183579274e-05, 4.67838362965e-05, 3.53711911885e-05, 5.1206399803e-05, 6.44809406367e-05, 5.84249428357e-05, 3.88244625356e-05, 2.74643916782e-05, 2.38165357587e-05, 2.5107012334e-05, 1.57048652909e-05, 9.4017595984e-06, 4.21966615249e-06, 2.69507108897e-06, 3.74524552171e-06, 4.29899773735e-06, 2.03087347472e-06, 1.60306944963e-06, 1.54566725996e-06, 1.41673569942e-06, 1.34762080961e-06, 1.25289182051e-06, 7.25767449694e-07, 5.06316894189e-07, 3.4577087149e-07], "median": [5.8436053223e-05, 0.000235909043113, 0.000377867894713, 0.000386149535188, 0.000175115477759, 0.000140027332236, 0.000164726443472, 5.63535904803e-05, 3.91845787817e-05, 3.72314825654e-05, 2.3252741812e-05, 2.81516731775e-05, 1.75583609234e-05, 2.89849594992e-05, 2.61537607003e-05, 1.55269808602e-05, 7.61215414968e-06, 9.52583377511e-06, 9.5352606877e-06, 8.7328171503e-06, 9.32509556151e-06, 1.02718604467e-05, 7.49053833715e-06, 4.40806797997e-06, 5.93969252805e-06, 5.73999750486e-06, 4.63228980152e-06, 3.00824922306e-06, 1.80185145382e-06, 2.35445759245e-06, 2.20283618546e-06, 1.36856249355e-06, 1.34094239002e-06, 1.24431971926e-06, 1.01318232737e-06, 1.15937859846e-06, 1.06597894955e-06, 6.93088566095e-07, 4.79750156046e-07, 3.05748329765e-07], "min": [1.71675922176e-12, 1.63784220561e-12, 2.09406710722e-12, 6.48448417358e-13, 9.76139335378e-14, 6.70826512828e-14, 7.8853820717e-14, 3.85091643903e-13, 1.37908660186e-11, 5.40260405857e-11, 1.26933984157e-11, 6.9818881579e-12, 1.7312215897e-11, 1.58603026545e-11, 1.13445728506e-11, 1.92312832326e-11, 3.04678886287e-11, 1.78749393759e-11, 3.382