{"tonal": {"thpcp": [1, 0.743551433086, 0.319633126259, 0.243585571647, 0.264192283154, 0.308217823505, 0.464197844267, 0.506598591805, 0.381324857473, 0.349801242352, 0.335478305817, 0.363365978003, 0.582974433899, 0.654144704342, 0.43837761879, 0.2710070014, 0.217426493764, 0.247635290027, 0.567121863365, 0.786343514919, 0.690080046654, 0.870624184608, 0.911783277988, 0.52193325758, 0.268448531628, 0.210472881794, 0.270811319351, 0.71738922596, 0.960229158401, 0.56694072485, 0.261769294739, 0.204228803515, 0.247247979045, 0.617509841919, 0.877736747265, 0.875483155251], "hpcp": {"dmean2": [0.2777954638, 0.281981527805, 0.226320937276, 0.168426245451, 0.147864803672, 0.166368216276, 0.253115653992, 0.313039749861, 0.336584895849, 0.379368185997, 0.340959191322, 0.265389025211, 0.183263063431, 0.151009738445, 0.165787011385, 0.280618011951, 0.335817068815, 0.256719768047, 0.160998046398, 0.128761976957, 0.148903891444, 0.24851000309, 0.300578743219, 0.31852710247, 0.351057767868, 0.244649901986, 0.144585266709, 0.124575562775, 0.146654725075, 0.171328052878, 0.220466673374, 0.234664902091, 0.211152926087, 0.205689758062, 0.194029405713, 0.219260007143], "median": [0.0608998462558, 0.0733940452337, 0.0454349592328, 0.0196615308523, 0.0119154127315, 0.0184983834624, 0.0589734911919, 0.0842677503824, 0.0994268059731, 0.119457490742, 0.112247526646, 0.0504172481596, 0.0148597080261, 0.0103947101161, 0.0252950079739, 0.0968677252531, 0.135317921638, 0.0723665356636, 0.0187920052558, 0.0145304379985, 0.0246615484357, 0.0812457054853, 0.116403713822, 0.148879870772, 0.0897969603539, 0.0780760645866, 0.0257630348206, 0.0219852421433, 0.0217774771154, 0.0254310891032, 0.0420311056077, 0.0503195784986, 0.0366265103221, 0.0236833933741, 0.0201088525355, 0.0300685688853], "min": [0, 0, 0, 0, 0, 3.86890496884e-06, 7.48824004404e-06, 2.51658752859e-06, 5.52742676518e-05, 0, 0, 0, 0, 0, 3.87737554775e-06, 2.59428952631e-06, 3.40460746884e-06, 1.0427750567e-05, 0, 0, 0, 0, 0, 3.64963634638e-05, 0, 0, 0, 0, 0, 1.61746527283e-06, 3.81268291676e-05, 7.58295300329e-06, 1.46151551235e-05, 0, 0, 0], "dvar2": [0.138123139739, 0.130268737674, 0.106148943305, 0.0877134427428, 0.0922972932458, 0.0970972031355, 0.123210959136, 0.150837659836, 0.147411450744, 0.171359732747, 0.150218293071, 0.126546993852, 0.101950161159, 0.0804801210761, 0.0697062835097, 0.109357893467, 0.140160396695, 0.106917060912, 0.0828358158469, 0.0582452379167, 0.0656575784087, 0.0982190966606, 0.12312104553, 0.101284019649, 0.170108422637, 0.0855810269713, 0.0577622428536, 0.0506188496947, 0.0662179887295, 0.0768141597509, 0.105804629624, 0.115656346083, 0.109507009387, 0.10911872983, 0.107428520918, 0.108818300068], "dvar": [0.0545459873974, 0.0532701127231, 0.040053922683, 0.0325203202665, 0.0333409979939, 0.0344086773694, 0.0455126240849, 0.058717392385, 0.0536718815565, 0.0654858872294, 0.0606184266508, 0.0472117699683, 0.0357560776174, 0.0287315491587, 0.0250548999757, 0.0428910143673, 0.0593054965138, 0.0410015396774, 0.0301696807146, 0.0215418990701, 0.0235271938145, 0.0373078845441, 0.0521714948118, 0.0431859754026, 0.0821566730738, 0.0376398675144, 0.0219033602625, 0.0189125221223, 0.0248663164675, 0.02864019759, 0.0405030250549, 0.0435109846294, 0.0391291193664, 0.0396523699164, 0.0398562885821, 0.0408302433789], "dmean": [0.162546798587, 0.165279313922, 0.130804434419, 0.0945940539241, 0.0821173340082, 0.0915417671204, 0.145104318857, 0.178626924753, 0.189460873604, 0.217289462686, 0.197201341391, 0.152595221996, 0.100932471454, 0.0828211382031, 0.0933720991015, 0.166575580835, 0.197593405843, 0.148858651519, 0.0906194597483, 0.0727274119854, 0.0838352814317, 0.144876286387, 0.177355244756, 0.184330254793, 0.19780831039, 0.142283722758, 0.0826269909739, 0.0712568312883, 0.0830863267183, 0.0976380258799, 0.12801489234, 0.13552942872, 0.119629882276, 0.116030618548, 0.108854286373, 0.124234750867], "max": [1, 1, 1, 1, 1, 1, 1, 1, 1, 1, 1, 1, 1, 1, 1, 1, 1, 1, 1, 1, 1, 1, 1, 1, 1, 1, 1, 1, 1, 1, 1, 1, 1, 1, 1, 1], "var": [0.0617913939059, 0.0678255036473, 0.0400392264128, 0.0260996837169, 0.0232607256621, 0.0240496452898, 0.0554037205875, 0.0919308364391, 0.0587830543518, 0.091033808887, 0.10388943553, 0.0514899902046, 0.0289632230997, 0.0208924859762, 0.0200224835426, 0.066376671195, 0.104066818953, 0.049780741334, 0.0249370411038, 0.0168517827988, 0.0191313084215, 0.0528468936682, 0.0956729725003, 0.0670351907611, 0.13640871644, 0.0711703300476, 0.0320868417621, 0.0188102032989, 0.0225918851793, 0.0273670069873, 0.0483582727611, 0.0539010688663, 0.0360952727497, 0.0356162711978, 0.0367677137256, 0.0360126234591], "mean": [0.171010166407, 0.191887319088, 0.12859402597, 0.0794974043965, 0.06378005445, 0.0726415291429, 0.166359961033, 0.230666607618, 0.202428609133, 0.25538957119, 0.267463207245, 0.153104305267, 0.0787468999624, 0.0617402791977, 0.0794400051236, 0.210439518094, 0.281674355268, 0.166306838393, 0.0767876058817, 0.0599086359143, 0.0725279152393, 0.181140810251, 0.257475972176, 0.25681489706, 0.29334077239, 0.218113958836, 0.0937614291906, 0.0714535787702, 0.0774983689189, 0.0904128551483, 0.136168152094, 0.148606017232, 0.111858129501, 0.102610968053, 0.0984094664454, 0.106590054929]}, "tuning_equal_tempered_deviation": 0.234215497971, "chords_changes_rate": 0.0818198472261, "key_key": "F", "tuning_diatonic_strength": 0.62066835165, "key_scale": "major", "chords_number_rate": 0.00165107322391, "tuning_frequency": 434.193115234, "tuning_nontempered_energy_ratio": 0.907298922539, "chords_histogram": [25.0045871735, 11.8693819046, 12.7682991028, 6.71436452866, 21.6290588379, 1.50431108475, 0, 0, 0.366905152798, 0, 3.54063463211, 0, 0, 0, 0, 0, 0, 3.81581354141, 0, 0.917262911797, 0, 0, 0.770500838757, 11.0988807678], "key_strength": 0.743085324764, "chords_key": "F", "chords_strength": {"dmean2": 0.0129713341594, "median": 0.526993453503, "min": 0.260631203651, "dvar2": 0.00011692939006, "dvar": 9.03043110156e-05, "dmean": 0.0118509819731, "max": 0.786897838116, "var": 0.00884140282869, "mean": 0.522630274296}, "chords_scale": "major", "hpcp_entropy": {"dmean2": 1.15655446053, "median": 1.98989713192, "min": 0.0372756868601, "dvar2": 0.846599280834, "dvar": 0.31870085001, "dmean": 0.686729252338, "max": 4.27714967728, "var": 0.543554186821, "mean": 1.97289896011}}, "metadata": {"audio_properties": {"equal_loudness": 0, "codec": "flac", "downmix": "mix", "sample_rate": 44100, "analysis_sample_rate": 44100, "bit_rate": 0, "md5_encoded": "e36a47bf60d7ce2c24d9bc3bd60dd9aa", "length": 253.093338013, "replay_gain": -14.6852264404, "lossless": true}, "version": {"essentia_build_sha": "70f2e5ece6736b2c40cc944ad0e695b16b925413", "essentia": "2.1-beta2", "extractor": "music 1.0", "essentia_git_sha": "v2.1_beta2"}, "tags": {"title": ["One of Those Days"], "barcode": ["743219778420"], "media": ["Copy Control CD"], "albumartist": ["Whitney Houston"], "tracktotal": ["11"], "language": ["eng"], "releasetype": ["album"], "musicbrainz_recordingid": ["1f134351-8e60-489b-a912-eff9e1ac47cd"], "musicbrainz_workid": ["5236c1e7-e8c2-42b1-baf9-4190d622f754"], "mood": ["Feel Good", "Sweet", "Mellow", "Chill"], "musicbrainz_albumartistid": ["0307edfc-437c-4b48-8700-80680e66a228"], "musicbrainz_discid": ["W1k06vf9Nc7.EcXCI8WdnKKD0l8-"], "originalyear": ["2002"], "musicbrainz_releasegroupid": ["38adb269-822e-393e-9cf2-aac5950b235d"], "discnumber": ["1"], "catalognumber": ["7432197784 2"], "releasecountry": ["DE"], "writer": ["Chris Jasper", "Ernie Isley", "Kevin \"She'kspere\" Briggs", "Marvin Isley", "O'Kelly Isley, Jr.", "Ronald Isley", "Rudolph Isley"], "file_name": "03 One of Those Days.flac", "website": ["http://www.whitneyhouston.com/"], "originaldate": ["2002-12-10"], "work": ["One of Those Days"], "date": ["2002"], "genre": ["Soul", "Urban", "R&b", "Adult Contemporary"], "musicbrainz_albumid": ["dcf73a01-2b19-43bb-82d4-0c5bfcf1ef9c"], "disctotal": ["1"], "albumartistsort": ["Houston, Whitney"], "releasestatus": ["official"], "musicbrainz_artistid": ["0307edfc-437c-4b48-8700-80680e66a228"], "asin": ["B000077W8O"], "grouping": ["Pop"], "musicbrainz_releasetrackid": ["0cb3482c-3a8a-30f9-87d6-528c3d817b4a"], "artist": ["Whitney Houston"], "tracknumber": ["3"], "artistsort": ["Houston, Whitney"], "album": ["Just Whitney..."], "label": ["Arista"], "totaltracks": ["11"], "totaldiscs": ["1"], "script": ["Latn"], "acoustid_id": ["796d9a48-d102-4da9-9a8f-83988e55ba8d"]}}, "rhythm": {"bpm_histogram_first_peak_bpm": {"dmean2": 0, "median": 92, "min": 92, "dvar2": 0, "dvar": 0, "dmean": 0, "max": 92, "var": 0, "mean": 92}, "bpm": 91.9897384644, "bpm_histogram_second_peak_spread": {"dmean2": 0, "median": 0.333333313465, "min": 0.333333313465, "dvar2": 0, "dvar": 0, "dmean": 0, "max": 0.333333313465, "var": 0, "mean": 0.333333313465}, "bpm_histogram_first_peak_weight": {"dmean2": 0, "median": 0.987046658993, "min": 0.987046658993, "dvar2": 0, "dvar": 0, "dmean": 0, "max": 0.987046658993, "var": 0, "mean": 0.987046658993}, "onset_rate": 4.46842861176, "beats_position": [0.696598649025, 1.40480720997, 2.12462592125, 2.83283448219, 3.50621318817, 4.15637159348, 4.81814050674, 5.47990942001, 6.13006782532, 6.78022670746, 7.4303855896, 8.08054447174, 8.73070240021, 9.38086128235, 10.0310201645, 10.6927890778, 11.354557991, 12.0047159195, 12.6548748016, 13.3050336838, 13.9551925659, 14.6053514481, 15.2555103302, 15.9056682587, 16.5558280945, 17.2059860229, 17.8561439514, 18.5179138184, 19.179681778, 19.8298416138, 20.4799995422, 21.1301574707, 21.7803173065, 22.430475235, 23.0806350708, 23.7307929993, 24.3809528351, 25.0311107635, 25.6928787231, 26.3546485901, 27.0048065186, 27.6549663544, 28.3051242828, 28.9552822113, 29.6054420471, 30.2555999756, 30.9057598114, 31.5559177399, 32.2060775757, 32.8562355042, 33.5180053711, 34.1681632996, 34.8299331665, 35.480091095, 36.1302490234, 36.7804069519, 37.4305648804, 38.0807266235, 38.730884552, 39.3810424805, 40.0312004089, 40.6813583374, 41.3431282043, 41.9932861328, 42.6550559998, 43.3052139282, 43.9553718567, 44.6055335999, 45.2556915283, 45.9058494568, 46.5560073853, 47.2061653137, 47.8563270569, 48.5180931091, 49.1798629761, 49.8300209045, 50.480178833, 51.1303405762, 51.7804985046, 52.4306564331, 53.0808143616, 53.73097229, 54.3811340332, 55.0312919617, 55.6930618286, 56.3432197571, 57.0049858093, 57.6551475525, 58.305305481, 58.9554634094, 59.6056213379, 60.2557830811, 60.9059410095, 61.556098938, 62.2062568665, 62.8564147949, 63.5181846619, 64.1799545288, 64.8301086426, 65.4802703857, 66.1304321289, 66.7805862427, 67.4307479858, 68.0809020996, 68.7310638428, 69.3812255859, 70.0313796997, 70.6815414429, 71.3433074951, 72.0050811768, 72.6552352905, 73.3053970337, 73.9555511475, 74.6057128906, 75.2558746338, 75.9060287476, 76.5561904907, 77.2063446045, 77.8565063477, 78.5182723999, 79.1800460815, 79.8302001953, 80.4803619385, 81.1189117432, 81.7806777954, 82.4308395386, 83.0809936523, 83.7311553955, 84.3813171387, 85.0314712524, 85.6816329956, 86.3433990479, 87.0051651001, 87.6553268433, 88.3054885864, 88.9556427002, 89.6058044434, 90.2559585571, 90.9061203003, 91.5562820435, 92.2064361572, 92.8565979004, 93.5183639526, 94.1801376343, 94.830291748, 95.4804534912, 96.130607605, 96.7807693481, 97.4309310913, 98.0810852051, 98.7312469482, 99.381401062, 100.031562805, 100.681724548, 101.343490601, 102.005256653, 102.655418396, 103.305580139, 103.955734253, 104.605895996, 105.25605011, 105.906211853, 106.556373596, 107.20652771, 107.856689453, 108.518455505, 109.180221558, 109.830383301, 110.480545044, 111.130699158, 111.780860901, 112.431015015, 113.081176758, 113.731338501, 114.381492615, 115.031654358, 115.681808472, 116.343582153, 117.005348206, 117.655509949, 118.305664062, 118.955825806, 119.605987549, 120.256141663, 120.906303406, 121.55645752, 122.218231201, 122.879997253, 123.530158997, 124.18031311, 124.830474854, 125.480628967, 126.13079071, 126.780952454, 127.431106567, 128.081268311, 128.731430054, 129.381591797, 130.031738281, 130.693511963, 131.355285645, 132.005432129, 132.655593872, 133.305755615, 133.955917358, 134.606079102, 135.256240845, 135.906387329, 136.556549072, 137.206710815, 137.868484497, 138.53024292, 139.180404663, 139.830566406, 140.480728149, 141.130874634, 141.781036377, 142.43119812, 143.081359863, 143.731521606, 144.381668091, 145.031829834, 145.681991577, 146.343765259, 147.005523682, 147.655685425, 148.305847168, 148.956008911, 149.606170654, 150.256317139, 150.906478882, 151.556640625, 152.206802368, 152.856964111, 153.507110596, 154.168884277, 154.830657959, 155.480819702, 156.130966187, 156.78112793, 157.431289673, 158.081451416, 158.731613159, 159.381759644, 160.031921387, 160.68208313, 161.343856812, 161.994003296, 162.655776978, 163.305938721, 163.956100464, 164.606262207, 165.256408691, 165.906570435, 166.556732178, 167.206893921, 167.857055664, 168.507202148, 169.16897583, 169.830749512, 170.480911255, 171.131057739, 171.781219482, 172.431381226, 173.081542969, 173.731704712, 174.381851196, 175.032012939, 175.682174683, 176.332336426, 176.994094849, 177.65586853, 178.306030273, 178.956192017, 179.606338501, 180.256500244, 180.906661987, 181.55682373, 182.206985474, 182.857131958, 183.507293701, 184.169067383, 184.830841064, 185.480987549, 186.131149292, 186.781311035, 187.431472778, 188.081634521, 188.731781006, 189.381942749, 190.032104492, 190.682266235, 191.332427979, 191.994186401, 192.655960083, 193.306121826, 193.956283569, 194.606430054, 195.256591797, 195.90675354, 196.556915283, 197.207077026, 197.857223511, 198.518997192, 199.180770874, 199.830932617, 200.481079102, 201.131240845, 201.781402588, 202.431564331, 203.081726074, 203.731872559, 204.382034302, 205.032196045, 205.682357788, 206.344116211, 207.005889893, 207.656051636, 208.306213379, 208.956375122, 209.606521606, 210.25668335, 210.906845093, 211.557006836, 212.207168579, 212.857315063, 213.507476807, 214.169250488, 214.831008911, 215.481170654, 216.131332397, 216.781494141, 217.431655884, 218.081817627, 218.731964111, 219.382125854, 220.032287598, 220.694061279, 221.355819702, 222.005981445, 222.656143188, 223.306304932, 223.956451416, 224.606613159, 225.256774902, 225.906936646, 226.557098389, 227.207244873, 227.857406616, 228.519180298, 229.180953979, 229.831100464, 230.481262207, 231.13142395, 231.781585693, 232.431747437, 233.081893921, 233.732055664, 234.382217407, 235.03237915, 235.682540894, 236.344299316, 237.006072998, 237.656234741, 238.306396484, 238.956542969, 239.606704712, 240.256866455, 240.907028198, 241.557189941, 242.207336426, 242.857498169, 243.519271851, 244.169433594, 244.819580078, 245.48135376, 246.131515503, 246.781677246, 247.431838989, 248.081985474, 248.732147217, 249.38230896, 250.032470703, 250.682632446, 251.332778931, 251.994552612, 252.656326294], "beats_loudness": {"dmean2": 0.0682914406061, "median": 0.0654268711805, "min": 1.77530432666e-06, "dvar2": 0.00209436984733, "dvar": 0.000633968156762, "dmean": 0.0357398577034, "max": 0.148837819695, "var": 0.000898641068488, "mean": 0.0702603086829}, "danceability": 1.40189087391, "bpm_histogram_second_peak_weight": {"dmean2": 0, "median": 0.00518134701997, "min": 0.00518134701997, "dvar2": 0, "dvar": 0, "dmean": 0, "max": 0.00518134701997, "var": 0, "mean": 0.00518134701997}, "beats_count": 387, "bpm_histogram_second_peak_bpm": {"dmean2": 0, "median": 85, "min": 85, "dvar2": 0, "dvar": 0, "dmean": 0, "max": 85, "var": 0, "mean": 85}, "bpm_histogram_first_peak_spread": {"dmean2": 0, "median": 0.00522190332413, "min": 0.00522190332413, "dvar2": 0, "dvar": 0, "dmean": 0, "max": 0.00522190332413, "var": 0, "mean": 0.00522190332413}, "beats_loudness_band_ratio": {"dmean2": [1.39472293854, 0.167572960258, 0.183849543333, 0.271369159222, 0.376925528049, 0.542822062969], "median": [0.480307132006, 0.0960468575358, 0.0877965241671, 0.0943011716008, 0.0688007026911, 0.125166505575], "min": [0.0069792997092, 0.0127787012607, 0.00170051085297, 0.000164319586474, 0.000127208884805, 0.00290596787818], "dvar2": [0.110224843025, 0.0131458146498, 0.0107328873128, 0.00806985609233, 0.0215164795518, 0.0200403407216], "dvar": [0.034710355103, 0.00392354046926, 0.00334309320897, 0.00258618174121, 0.00711800390854, 0.00624424451962], "dmean": [0.697036981583, 0.0900415033102, 0.0961300060153, 0.137707009912, 0.188204869628, 0.27127712965], "max": [0.948289334774, 0.4681468606, 0.434431374073, 0.428043872118, 0.427034944296, 0.438796460629], "var": [0.137479513884, 0.00510746892542, 0.00475533958524, 0.00669809104875, 0.0122060803697, 0.0214132163674], "mean": [0.451493769884, 0.113599941134, 0.0937655121088, 0.0935068055987, 0.106886908412, 0.173286810517]}}, "lowlevel": {"barkbands_spread": {"dmean2": 13.0484848022, "median": 20.6736888885, "min": 0.532144606113, "dvar2": 270.124053955, "dvar": 135.049026489, "dmean": 8.75310897827, "max": 116.817901611, "var": 306.627593994, "mean": 25.0131378174}, "melbands_spread": {"dmean2": 15.7394313812, "median": 20.6703987122, "min": 0.488156527281, "dvar2": 590.032897949, "dvar": 286.355194092, "dmean": 10.5060968399, "max": 259.564910889, "var": 656.280578613, "mean": 26.8705501556}, "hfc": {"dmean2": 21.6095733643, "median": 13.7919111252, "min": 2.30262066907e-05, "dvar2": 1947.25500488, "dvar": 989.023742676, "dmean": 14.7910861969, "max": 304.680908203, "var": 1426.32275391, "mean": 25.2286663055}, "barkbands_kurtosis": {"dmean2": 6.44730186462, "median": 1.6664814949, "min": -1.94311249256, "dvar2": 180.425720215, "dvar": 87.0072097778, "dmean": 4.27691459656, "max": 299.507659912, "var": 178.152557373, "mean": 5.6570982933}, "gfcc": {"mean": [-20.5716133118, 47.8928222656, -107.367492676, 0.573792099953, -71.8948287964, -8.70109653473, -46.7105026245, 4.6645898819, -28.3532619476, -1.54516899586, -17.6004257202, -0.882644891739, -15.562789917], "icov": [[0.000142642718856, 0.000139463401865, 5.03453838974e-06, 2.86344147753e-05, -0.00013653197675, -0.000173162537976, -2.69655311058e-06, -0.000156022215378, 9.68176755123e-05, 1.79620237759e-05, 5.41999033885e-05, -0.000184397635167, 8.78033170011e-05], [0.000139463401865, 0.000921415863559, 3.51670169039e-05, 0.000192621082533, -0.000521548150573, 5.12621372764e-05, -0.000280564272543, -0.000331442512106, -0.000507417076733, 0.000536773412023, -0.0013589845039, 0.000761004630476, -0.000234070874285], [5.03453838974e-06, 3.51670169039e-05, 0.000998402480036, -0.000566805771086, 0.000371757283574, -2.03396157303e-05, -0.000483456475195, -0.000138429139042, -0.000184957461897, -0.000874753284734, 0.000740836316254, 5.59001318834e-06, 0.000178536312887], [2.86344147753e-05, 0.000192621082533, -0.000566805771086, 0.00314280949533, -0.000714580994099, -1.29741529236e-05, -0.000528714561369, -0.000397292606067, -0.00180286704563, 0.000374422583263, -0.000590113108046, -0.000265511451289, -0.000665353960358], [-0.00013653197675, -0.000521548150573, 0.000371757283574, -0.000714580994099, 0.00419957004488, -0.000989594496787, -0.000671779620461, -0.00128829735331, -0.000319447513903, -0.000161157207913, 0.000672889291309, -0.00141361320857, 0.000493524945341], [-0.000173162537976, 5.12621372764e-05, -2.03396157303e-05, -1.29741529236e-05, -0.000989594496787, 0.00422493228689, -0.00241596717387, 0.000346196757164, -4.79475238535e-06, -0.000612308853306, -0.000835350656416, 0.000334433105309, -0.000823499052785], [-2.69655311058e-06, -0.000280564272543, -0.000483456475195, -0.000528714561369, -0.000671779620461, -0.00241596717387, 0.00618459237739, -0.000685356964823, 0.000540824898053, -0.00101383088622, 0.000224843068281, -0.000549017626327, 0.000453907094197], [-0.000156022215378, -0.000331442512106, -0.000138429139042, -0.000397292606067, -0.00128829735331, 0.000346196757164, -0.000685356964823, 0.00664496049285, -0.0018632117426, 0.000832013494801, -0.00172953971196, 0.000425475504017, -0.000882059277501], [9.68176755123e-05, -0.000507417076733, -0.000184957461897, -0.00180286704563, -0.000319447513903, -4.79475238535e-06, 0.000540824898053, -0.0018632117426, 0.00953057780862, -0.00383817637339, 0.00260371621698, -0.00097094825469, -0.00167838227935], [1.79620237759e-05, 0.000536773412023, -0.000874753284734, 0.000374422583263, -0.000161157207913, -0.000612308853306, -0.00101383088622, 0.000832013494801, -0.00383817637339, 0.0127038639039, -0.00614889943972, 0.00165745185222, -7.50399995013e-05], [5.41999033885e-05, -0.0013589845039, 0.000740836316254, -0.000590113108046, 0.000672889291309, -0.000835350656416, 0.000224843068281, -0.00172953971196, 0.00260371621698, -0.00614889943972, 0.0139509933069, -0.00507977511734, 0.00179215858225], [-0.000184397635167, 0.000761004630476, 5.59001318834e-06, -0.000265511451289, -0.00141361320857, 0.000334433105309, -0.000549017626327, 0.000425475504017, -0.00097094825469, 0.00165745185222, -0.00507977511734, 0.0142342625186, -0.00504240766168], [8.78033170011e-05, -0.000234070874285, 0.000178536312887, -0.000665353960358, 0.000493524945341, -0.000823499052785, 0.000453907094197, -0.000882059277501, -0.00167838227935, -7.50399995013e-05, 0.00179215858225, -0.00504240766168, 0.0133261028677]], "cov": [[10661.4960938, -1281.70043945, 347.991973877, 416.101654053, 733.819091797, 906.419616699, 517.424560547, 367.603729248, 59.0440177917, 113.458724976, 28.4009914398, 303.375152588, 77.9462738037], [-1281.70043945, 2097.36206055, 56.7394485474, 277.427307129, 451.736114502, 252.161468506, 293.788726807, 323.76574707, 235.985900879, 121.811904907, 260.772796631, 40.0161552429, 79.1313552856], [347.991973877, 56.7394485474, 1649.98327637, 564.790405273, 187.528015137, 293.558959961, 347.083221436, 193.847106934, 258.381591797, 207.538009644, 22.4040088654, 56.6219596863, 69.1247024536], [416.101654053, 277.427307129, 564.790405273, 760.202148438, 367.16897583, 315.455993652, 312.323455811, 258.819091797, 274.602355957, 147.652023315, 96.5934524536, 112.871192932, 110.044807434], [733.819091797, 451.736114502, 187.528015137, 367.16897583, 613.214599609, 371.069030762, 310.624298096, 267.823944092, 184.481796265, 111.300254822, 114.562255859, 116.750244141, 78.9184341431], [906.419616699, 252.161468506, 293.558959961, 315.455993652, 371.069030762, 603.883605957, 368.022644043, 194.485733032, 146.321807861, 136.471603394, 113.483512878, 96.0410461426, 74.463180542], [517.424560547, 293.788726807, 347.083221436, 312.323455811, 310.624298096, 368.022644043, 434.988037109, 189.997085571, 141.569915771, 124.135353088, 94.7966308594, 79.3922042847, 57.5145874023], [367.603729248, 323.76574707, 193.847106934, 258.819091797, 267.823944092, 194.485733032, 189.997085571, 315.997924805, 151.973571777, 79.0892944336, 88.4607772827, 67.2553253174, 63.2721672058], [59.0440177917, 235.985900879, 258.381591797, 274.602355957, 184.481796265, 146.321807861, 141.569915771, 151.973571777, 247.137588501, 100.891777039, 46.6421661377, 54.6558189392, 67.5545654297], [113.458724976, 121.811904907, 207.538009644, 147.652023315, 111.300254822, 136.471603394, 124.135353088, 79.0892944336, 100.891777039, 159.902191162, 77.6061172485, 33.4723510742, 27.1378269196], [28.4009914398, 260.772796631, 22.4040088654, 96.5934524536, 114.562255859, 113.483512878, 94.7966308594, 88.4607772827, 46.6421661377, 77.6061172485, 153.099411011, 53.9702110291, 20.455783844], [303.375152588, 40.0161552429, 56.6219596863, 112.871192932, 116.750244141, 96.0410461426, 79.3922042847, 67.2553253174, 54.6558189392, 33.4723510742, 53.9702110291, 122.407806396, 53.0709228516], [77.9462738037, 79.1313552856, 69.1247024536, 110.044807434, 78.9184341431, 74.463180542, 57.5145874023, 63.2721672058, 67.5545654297, 27.1378269196, 20.455783844, 53.0709228516, 110.384529114]]}, "spectral_energyband_middle_low": {"dmean2": 0.00936355162412, "median": 0.005979671143, "min": 4.28726876223e-09, "dvar2": 0.00052214943571, "dvar": 0.000191666011233, "dmean": 0.00548485480249, "max": 0.131247922778, "var": 0.00015269992582, "mean": 0.00882335659117}, "melbands_crest": {"dmean2": 6.62332773209, "median": 13.4414968491, "min": 2.63807868958, "dvar2": 37.9528999329, "dvar": 14.6105060577, "dmean": 4.03416252136, "max": 37.0211601257, "var": 45.5413093567, "mean": 14.8944578171}, "spectral_kurtosis": {"dmean2": 2.34434127808, "median": 4.54038858414, "min": -1.41341137886, "dvar2": 12.7086515427, "dvar": 6.28446292877, "dmean": 1.62086200714, "max": 104.409194946, "var": 18.8529052734, "mean": 4.97398948669}, "spectral_rms": {"dmean2": 0.00142137869261, "median": 0.00368803320453, "min": 4.76235800306e-06, "dvar2": 5.10214067617e-06, "dvar": 2.29050169764e-06, "dmean": 0.000968633336015, "max": 0.0136179607362, "var": 5.97216512688e-06, "mean": 0.00414846790954}, "zerocrossingrate": {"dmean2": 0.0259476304054, "median": 0.06787109375, "min": 0.001953125, "dvar2": 0.00114366982598, "dvar": 0.000925841217395, "dmean": 0.023335006088, "max": 0.4228515625, "var": 0.0039645167999, "mean": 0.0861494094133}, "silence_rate_60dB": {"dmean2": 0.0858794376254, "median": 0, "min": 0, "dvar2": 0.0919084325433, "dvar": 0.0410862229764, "dmean": 0.0429357811809, "max": 1, "var": 0.10899323225, "mean": 0.12448399514}, "erbbands_kurtosis": {"dmean2": 2.40375685692, "median": 0.0889432430267, "min": -1.92680740356, "dvar2": 19.4046726227, "dvar": 9.61990451813, "dmean": 1.57214963436, "max": 104.954696655, "var": 25.1541080475, "mean": 1.36064910889}, "erbbands": {"dmean2": [0.21308785677, 1.34393203259, 4.87533426285, 7.15904569626, 9.80786514282, 19.9922332764, 11.8269233704, 14.5892982483, 18.1980304718, 25.1835250854, 29.0563259125, 30.8762760162, 29.9415836334, 22.0145130157, 22.3102111816, 18.6158123016, 17.1423740387, 18.2617931366, 21.1017246246, 16.5028324127, 18.2602710724, 15.322432518, 15.3400602341, 19.0885677338, 13.7741746902, 12.7522335052, 12.468091011, 12.0543279648, 9.84421539307, 10.3456478119, 8.27673721313, 6.44109344482, 5.00816249847, 2.74010491371, 2.07183837891, 0.861503660679, 0.533256053925, 0.274976998568, 0.039546251297, 0.00138848670758], "median": [0.00039351551095, 0.00291835726239, 0.0221032109112, 0.322857946157, 1.13322424889, 3.78661775589, 6.7128663063, 5.8053278923, 4.42232370377, 10.1908998489, 13.7461185455, 10.3695869446, 8.21325397491, 6.07130718231, 6.26039600372, 5.13508272171, 5.05860710144, 4.61053323746, 6.03325891495, 4.64440488815, 4.39085435867, 4.11253452301, 5.55251789093, 5.92189121246, 5.30712366104, 3.99675917625, 1.88536846638, 1.29689669609, 1.06537544727, 1.67352557182, 1.52448987961, 0.791451454163, 0.462946534157, 0.355494767427, 0.283059626818, 0.149228051305, 0.0470237359405, 0.00760507257655, 0.000865584122948, 7.68134996179e-05], "min": [1.28354460394e-09, 2.20377156523e-08, 3.04518152916e-08, 4.55920201148e-07, 1.27536725358e-06, 2.19424532588e-06, 6.53148504171e-07, 3.72049811403e-07, 2.12500162888e-06, 5.71567306906e-06, 5.15753345098e-06, 2.88152023131e-06, 7.9491719589e-06, 1.44587929753e-05, 1.5361363694e-05, 9.16182671062e-06, 4.53565598946e-06, 9.36942524277e-06, 1.01052137325e-05, 1.27509338199e-05, 1.79460985237e-05, 1.22099172586e-05, 8.35919036035e-06, 1.07446958282e-05, 8.29981127026e-06, 6.662132364e-06, 5.58387682759e-06, 1.9961671569e-06, 7.73518706865e-07, 3.75289175736e-07, 2.67000444865e-07, 5.53505458356e-07, 2.11158678098e-07, 1.36431765441e-07, 5.71785960801e-08, 3.35500338622e-08, 1.47869529954e-08, 7.9217992166e-09, 3.89051679761e-09, 4.09028411141e-09], "dvar2": [0.334634453058, 14.1465473175, 352.819671631, 872.240783691, 1038.25048828, 4858.28466797, 364.474639893, 614.826538086, 3180.10742188, 2595.21362305, 3189.68823242, 4192.42822266, 4043.86450195, 3147.00830078, 3283.74267578, 1864.31213379, 1408.9263916, 1752.34631348, 2026.70593262, 1497.24194336, 1882.53466797, 1143.6159668, 1010.050354, 2127.39208984, 797.380432129, 955.417541504, 1526.29370117, 1092.46606445, 598.063415527, 840.547668457, 406.131011963, 261.131896973, 165.703109741, 39.7964897156, 18.3383483887, 2.50338983536, 1.04948627949, 0.318826794624, 0.00681772315875, 9.42284350458e-06], "dvar": [0.13690456748, 6.11462640762, 137.329818726, 307.53414917, 371.425506592, 1700.20068359, 136.081893921, 227.660873413, 1150.57458496, 962.94909668, 1242.34130859, 1668.95373535, 1595.36584473, 1465.77941895, 1604.75524902, 822.677368164, 678.513061523, 823.280212402, 834.315490723, 693.355834961, 832.443664551, 543.955749512, 469.163482666, 981.940063477, 417.869781494, 496.741729736, 740.261230469, 538.477050781, 323.307952881, 400.060455322, 206.765304565, 124.802864075, 75.6345901489, 19.0709323883, 8.17415332794, 1.13795113564, 0.456809163094, 0.131004318595, 0.00282646156847, 3.88849184674e-06], "dmean": [0.141658097506, 0.878519952297, 2.85302805901, 3.91478466988, 5.46133470535, 11.153046608, 7.25423145294, 8.74073314667, 10.7560720444, 15.1358556747, 18.1940822601, 19.6036434174, 18.9890327454, 14.583489418, 15.0495710373, 12.3899698257, 11.4360694885, 12.3762302399, 13.4553337097, 11.1193990707, 12.4065999985, 9.89338779449, 10.1349401474, 13.0342845917, 9.50505161285, 8.67273807526, 8.53243637085, 7.96876859665, 6.7042093277, 7.02586603165, 5.52504253387, 4.28293704987, 3.27267098427, 1.8444173336, 1.33439874649, 0.562532961369, 0.337679475546, 0.168068170547, 0.0240877345204, 0.00085657951422], "max": [5.82053422928, 32.2610015869, 99.4925994873, 189.878631592, 207.206237793, 451.666625977, 160.010040283, 246.530227661, 424.249755859, 697.985778809, 698.842041016, 1205.77478027, 841.078552246, 1326.56213379, 2431.77514648, 822.671081543, 683.651672363, 824.27355957, 783.122558594, 932.864624023, 630.513916016, 309.334716797, 585.856079102, 613.082580566, 469.303314209, 340.017608643, 329.149353027, 257.043731689, 277.298950195, 347.116638184, 389.899688721, 159.555709839, 161.538116455, 124.8540802, 44.1043510437, 11.728094101, 4.61751699448, 2.25214099884, 0.376112222672, 0.01730591245], "var": [0.24326325953, 8.47153759003, 105.44960022, 185.628860474, 236.069519043, 1027.51855469, 196.094299316, 321.400360107, 847.806640625, 1447.32873535, 1777.71875, 3034.67211914, 3417.96020508, 4237.25341797, 5385.00976562, 1931.96875, 1682.69189453, 1872.74157715, 1429.36181641, 1716.13024902, 1486.56604004, 1116.7722168, 900.051269531, 1705.17456055, 961.928649902, 806.441589355, 849.960266113, 624.363342285, 447.375549316, 508.800201416, 305.267333984, 168.049316406, 97.890914917, 29.9663219452, 10.5526123047, 1.49342298508, 0.462912559509, 0.113171309233, 0.00243794545531, 3.38621157425e-06], "mean": [0.231009960175, 1.19471681118, 2.51300740242, 3.04782128334, 4.76831626892, 10.5616722107, 11.2701673508, 12.0845031738, 11.7318258286, 20.7785930634, 28.112411499, 29.6472797394, 30.9251480103, 24.7329025269, 25.0724067688, 21.3658542633, 19.1505470276, 20.7224826813, 20.884727478, 18.3982582092, 18.5776863098, 16.5313568115, 17.0619716644, 20.7764625549, 16.3768310547, 13.0367240906, 9.50791454315, 8.66019058228, 7.9919424057, 8.70326423645, 7.13835382462, 5.16425657272, 3.85991859436, 2.32677865028, 1.50610268116, 0.659203827381, 0.32599028945, 0.134690314531, 0.0189470425248, 0.000718890631106]}, "spectral_strongpeak": {"dmean2": 0.792225956917, "median": 0.510746121407, "min": 0, "dvar2": 1.61939835548, "dvar": 0.634896457195, "dmean": 0.470580011606, "max": 13.5343790054, "var": 1.02793991566, "mean": 0.82936412096}, "spectral_energy": {"dmean2": 0.01827381365, "median": 0.0139416297898, "min": 2.32470576123e-08, "dvar2": 0.00134881341364, "dvar": 0.000559296226129, "dmean": 0.0118073262274, "max": 0.190085068345, "var": 0.000808862911072, "mean": 0.0237616337836}, "average_loudness": 0.879986107349, "spectral_rolloff": {"dmean2": 2038.6862793, "median": 1335.05859375, "min": 43.06640625, "dvar2": 13249555, "dvar": 6217675, "dmean": 1259.64147949, "max": 16192.96875, "var": 8985596, "mean": 2387.01245117}, "spectral_centroid": {"dmean2": 497.03692627, "median": 1369.32043457, "min": 243.540725708, "dvar2": 337542.25, "dvar": 168428.453125, "dmean": 343.788726807, "max": 6455.27636719, "var": 575803.375, "mean": 1471.48156738}, "pitch_salience": {"dmean2": 0.130320131779, "median": 0.561228394508, "min": 0.0729373320937, "dvar2": 0.0140041718259, "dvar": 0.00565370637923, "dmean": 0.0805767178535, "max": 0.876693308353, "var": 0.0207290574908, "mean": 0.546603262424}, "spectral_energyband_middle_high": {"dmean2": 0.00241881213151, "median": 0.00226112222299, "min": 4.87262186155e-09, "dvar2": 1.51940603246e-05, "dvar": 9.09626851353e-06, "dmean": 0.00169763201848, "max": 0.057352527976, "var": 3.4943666833e-05, "mean": 0.00448510888964}, "spectral_contrast_coeffs": {"dmean2": [0.0919840410352, 0.0762048214674, 0.0696435123682, 0.0579514503479, 0.0447591841221, 0.0285192877054], "median": [-0.524768173695, -0.733486056328, -0.735013723373, -0.770680904388, -0.782243549824, -0.798163414001], "min": [-0.948661267757, -0.920687794685, -0.936019718647, -0.9556594491, -0.92541629076, -0.899061441422], "dvar2": [0.00819034222513, 0.0035136162769, 0.00326157081872, 0.00239289016463, 0.00155153195374, 0.000613176787738], "dvar": [0.00373955396935, 0.00137120857835, 0.00145234796219, 0.00108356820419, 0.000745173543692, 0.000307426729705], "dmean": [0.0598510242999, 0.0464498177171, 0.045070849359, 0.0370943173766, 0.0289349164814, 0.0197591595352], "max": [-0.218893170357, -0.434927821159, -0.456595748663, -0.495754659176, -0.511722505093, -0.600146889687], "var": [0.0237107947469, 0.00409615412354, 0.00618226407096, 0.00463385507464, 0.00378225324675, 0.00179167150054], "mean": [-0.550530612469, -0.729205787182, -0.731914579868, -0.76498901844, -0.768996238708, -0.794652163982]}, "melbands_skewness": {"dmean2": 1.48272788525, "median": 2.22323656082, "min": -2.54239249229, "dvar2": 3.50225353241, "dvar": 1.61311137676, "dmean": 0.987204611301, "max": 20.2746715546, "var": 4.32633495331, "mean": 2.68243551254}, "spectral_spread": {"dmean2": 1425672.625, "median": 5095344.5, "min": 1094987.875, "dvar2": 2581901869060.0, "dvar": 1595442331650.0, "dmean": 1069719.125, "max": 17694442, "var": 5631354863620.0, "mean": 5826779}, "dissonance": {"dmean2": 0.0385756641626, "median": 0.462666779757, "min": 0.195494651794, "dvar2": 0.00126853422262, "dvar": 0.000485416996526, "dmean": 0.0234915465117, "max": 0.500000059605, "var": 0.00114480045158, "mean": 0.454877048731}, "spectral_skewness": {"dmean2": 0.348600387573, "median": 1.69541990757, "min": -0.25217872858, "dvar2": 0.146585091949, "dvar": 0.0824614837766, "dmean": 0.249384745955, "max": 8.66502666473, "var": 0.351990431547, "mean": 1.70993793011}, "spectral_flux": {"dmean2": 0.0506093725562, "median": 0.0672200769186, "min": 7.09302330506e-05, "dvar2": 0.00471686106175, "dvar": 0.00225328491069, "dmean": 0.0331017225981, "max": 0.426547259092, "var": 0.00473200064152, "mean": 0.0860965251923}, "spectral_contrast_valleys": {"dmean2": [0.836785018444, 0.595862627029, 0.598151504993, 0.581714749336, 0.481758832932, 0.561517953873], "median": [-9.33466720581, -6.66908884048, -7.70524215698, -8.14404964447, -7.84970188141, -9.9868106842], "min": [-16.6354827881, -14.5667133331, -14.5610694885, -14.976067543, -14.4782066345, -17.2158908844], "dvar2": [0.789143323898, 0.301557332277, 0.352899909019, 0.397200256586, 0.279518514872, 0.460723847151], "dvar": [0.482857972383, 0.128837972879, 0.177155464888, 0.197696298361, 0.170082479715, 0.301116943359], "dmean": [0.567464947701, 0.376800537109, 0.396213412285, 0.390498042107, 0.353338599205, 0.466283023357], "max": [-5.30198192596, -4.13245105743, -5.22117805481, -5.49630308151, -5.32762145996, -7.230717659], "var": [4.38696050644, 0.825888812542, 1.40637171268, 1.43943655491, 1.33796560764, 1.81264436245], "mean": [-9.03236198425, -6.79666519165, -7.84954071045, -8.29246044159, -8.00493717194, -10.0565795898]}, "erbbands_flatness_db": {"dmean2": 0.0319814383984, "median": 0.150719627738, "min": 0.0346284098923, "dvar2": 0.000953699520323, "dvar": 0.000580991851166, "dmean": 0.0233470611274, "max": 0.420304000378, "var": 0.00281033525243, "mean": 0.154337853193}, "spectral_energyband_high": {"dmean2": 0.00188173388597, "median": 0.00033797393553, "min": 3.94068694343e-10, "dvar2": 1.76735666173e-05, "dvar": 9.1512220024e-06, "dmean": 0.00126263778657, "max": 0.0300591979176, "var": 1.21465682241e-05, "mean": 0.00156911928207}, "spectral_entropy": {"dmean2": 0.315905302763, "median": 7.58430862427, "min": 4.90569734573, "dvar2": 0.114084757864, "dvar": 0.0680671259761, "dmean": 0.234706267715, "max": 8.88658332825, "var": 0.298232287169, "mean": 7.57180261612}, "silence_rate_20dB": {"dmean2": 0, "median": 1, "min": 1, "dvar2": 0, "dvar": 0, "dmean": 0, "max": 1, "var": 0, "mean": 1}, "melbands_flatness_db": {"dmean2": 0.0455170087516, "median": 0.187452733517, "min": 0.0192332006991, "dvar2": 0.00209280638956, "dvar": 0.00109526701272, "dmean": 0.0323535725474, "max": 0.595774590969, "var": 0.00664881803095, "mean": 0.197211354971}, "barkbands": {"dmean2": [0.00033386432915, 0.00623098155484, 0.00543657550588, 0.00171820004471, 0.00486995698884, 0.00159267301206, 0.00140302244108, 0.00139735429548, 0.00131655449513, 0.000941243662965, 0.000593477103394, 0.000443557393737, 0.000400007585995, 0.000372506125132, 0.000427816412412, 0.000326376844896, 0.000339042628184, 0.000346319196979, 0.0003272605245, 0.000267513445579, 0.000308975111693, 0.000282601831714, 0.00030356112984, 0.000301048043184, 0.000253901729593, 0.000289568066364, 0.000208537530852], "median": [3.31525399133e-07, 1.46291658893e-05, 1.17107601909e-05, 0.0001584176498, 0.00100741069764, 0.000790484133177, 0.000364654522855, 0.000696319912095, 0.000364832725609, 0.000214799525565, 0.00011917847587, 8.38865744299e-05, 8.78095670487e-05, 7.17531947885e-05, 9.11841270863e-05, 5.9747020714e-05, 8.02281138021e-05, 0.000103576647234, 0.000106668267108, 8.03277944215e-05, 3.56222080882e-05, 3.34167598339e-05, 5.81862077524e-05, 3.08966918965e-05, 3.8090031012e-05, 2.91196938633e-05, 5.26096982867e-06], "min": [1.3069996474e-11, 3.01510552636e-12, 7.35271479119e-12, 1.61103061447e-10, 8.64052607241e-10, 4.07403659419e-11, 3.64995866864e-10, 2.54299747926e-10, 8.45611983213e-11, 3.41374428725e-10, 2.74717609772e-10, 1.15824572156e-10, 2.09060165013e-11, 1.05812407447e-10, 2.05896119598e-10, 2.93177593313e-10, 1.94630506156e-10, 1.29199539955e-10, 1.28063212812e-10, 1.29141933258e-10, 1.0826180924e-10, 1.87336101493e-11, 9.09617606931e-12, 1.99218436886e-11, 9.96558044419e-12, 8.48220885891e-12, 2.47023596023e-10], "dvar2": [7.20919388186e-07, 0.000272148958175, 0.000521904847119, 4.01255856559e-05, 0.000284222507617, 6.11703489994e-06, 1.77728197741e-05, 5.67322103961e-06, 6.54804125588e-06, 3.84074883186e-06, 2.60919023276e-06, 1.09180223262e-06, 7.4447376619e-07, 7.10176209395e-07, 8.59100168782e-07, 6.27979375167e-07, 5.15209933383e-07, 4.98286169659e-07, 5.24298854998e-07, 3.91702485558e-07, 8.36705964957e-07, 5.19121613252e-07, 5.5962004808e-07, 5.94425955569e-07, 2.71490534942e-07, 3.04989384858e-07, 1.87853700595e-07], "dvar": [4.19839665255e-07, 0.000113745467388, 0.000189980710275, 1.41152586366e-05, 0.000100531935459, 2.29337024393e-06, 6.39759900878e-06, 2.25942335419e-06, 2.60358615378e-06, 1.55042209826e-06, 1.27089776925e-06, 5.01847296164e-07, 3.45751459463e-07, 3.27492671204e-07, 3.48053788457e-07, 2.98186819236e-07, 2.21077314677e-07, 2.27065100944e-07, 2.5298595574e-07, 2.04542004667e-07, 4.19493034087e-07, 2.71056393331e-07, 2.81393624846e-07, 2.79149247717e-07, 1.30454480995e-07, 1.31227835709e-07, 7.78709647875e-08], "dmean": [0.000253122358117, 0.00405896781012, 0.00302132079378, 0.000950592802837, 0.0027429163456, 0.000965668994468, 0.000823529204354, 0.000873450946528, 0.000831576879136, 0.000591098621953, 0.000389238848584, 0.000289545860142, 0.000259162799921, 0.000246575975325, 0.00026232257369, 0.00023215469264, 0.000212354687392, 0.000227135809837, 0.000222755523282, 0.000182165487786, 0.000203374947887, 0.000193824787857, 0.000202