{"tonal": {"thpcp": [1, 0.681904554367, 0.686860918999, 0.682114422321, 0.387618780136, 0.417021542788, 0.539511322975, 0.549409806728, 0.814751684666, 0.952474832535, 0.657002091408, 0.48078161478, 0.453866392374, 0.432098209858, 0.613693237305, 0.780010044575, 0.663620710373, 0.748040020466, 0.757342815399, 0.465786635876, 0.462366938591, 0.513182997704, 0.477383583784, 0.614856243134, 0.628591656685, 0.417821258307, 0.41394802928, 0.483252614737, 0.431170970201, 0.58378392458, 0.669585347176, 0.549776077271, 0.667526304722, 0.666431248188, 0.518752515316, 0.824850618839], "hpcp": {"dmean2": [0.186637923121, 0.13218331337, 0.132331877947, 0.155688941479, 0.171436220407, 0.196252822876, 0.196142703295, 0.187511786819, 0.161335006356, 0.149405017495, 0.153121739626, 0.172586292028, 0.200438022614, 0.193456247449, 0.196921288967, 0.193817839026, 0.151328995824, 0.14471437037, 0.146435722709, 0.153251841664, 0.1780038625, 0.164619714022, 0.133361175656, 0.144085168839, 0.148144379258, 0.135129526258, 0.15606315434, 0.169543325901, 0.176671788096, 0.189939856529, 0.198480367661, 0.18855240941, 0.21768014133, 0.228404372931, 0.203792586923, 0.201368808746], "median": [0.0283199008554, 0.0249331947416, 0.021314792335, 0.0276203658432, 0.0412818901241, 0.0539635121822, 0.0515864193439, 0.0471323728561, 0.0310448799282, 0.0223998315632, 0.0242114756256, 0.0417094603181, 0.0451892726123, 0.0502574406564, 0.0518411435187, 0.0528188869357, 0.0380242243409, 0.0266371555626, 0.0233459491283, 0.0209198836237, 0.0253523197025, 0.0251631103456, 0.0241219941527, 0.0273370705545, 0.0264027640224, 0.0321223661304, 0.0422690659761, 0.0409653447568, 0.0401749499142, 0.0418710336089, 0.0437254980206, 0.0422549545765, 0.0575730539858, 0.0595959797502, 0.0529862903059, 0.0364211201668], "min": [6.95648986948e-06, 0, 0, 0, 8.79195249581e-06, 0, 0, 0, 0, 0, 0, 1.48463150254e-05, 6.46005719318e-06, 0, 1.29093104988e-05, 0, 0, 0, 0, 3.18209595207e-06, 4.21399818151e-06, 0, 1.24297757793e-05, 0, 2.97538304039e-06, 2.64358659479e-05, 3.15514489557e-06, 0, 0, 0, 0, 0, 0, 0, 1.72147883859e-05, 5.9535100263e-06], "dvar2": [0.0907423645258, 0.0522072464228, 0.05377401039, 0.0711408257484, 0.0638790428638, 0.0779445394874, 0.0862216427922, 0.0722007974982, 0.0678566470742, 0.0655560344458, 0.0716196298599, 0.0668380707502, 0.0922000855207, 0.0790601596236, 0.0845038667321, 0.0840741768479, 0.0572691373527, 0.0590977407992, 0.067235969007, 0.0738475099206, 0.0915813446045, 0.0815907344222, 0.056668009609, 0.0671215206385, 0.0688886865973, 0.0497515425086, 0.0597595572472, 0.0742724090815, 0.0758468881249, 0.0831394866109, 0.0941444933414, 0.0765574947, 0.0965745225549, 0.108066268265, 0.0816573649645, 0.0938226506114], "dvar": [0.0372313931584, 0.0189127009362, 0.0198983941227, 0.0273368190974, 0.0238367002457, 0.0306565202773, 0.0349786169827, 0.0274593383074, 0.0259009487927, 0.0256417561322, 0.0266897585243, 0.0261806547642, 0.0354590564966, 0.0297347828746, 0.0343740545213, 0.0339137017727, 0.0206728894264, 0.0219768099487, 0.0260356944054, 0.0272882636636, 0.0351218171418, 0.0324274040759, 0.0205242130905, 0.0243099164218, 0.0266253389418, 0.0192557536066, 0.023358585313, 0.029070654884, 0.0280509963632, 0.0320958308876, 0.0356871858239, 0.0280746202916, 0.036562461406, 0.0434959605336, 0.0305499732494, 0.0370105244219], "dmean": [0.109835967422, 0.0765694826841, 0.0770407170057, 0.0891909971833, 0.0992379933596, 0.115344494581, 0.11533613503, 0.109691038728, 0.0926648974419, 0.0865072309971, 0.0879103764892, 0.102301493287, 0.117217853665, 0.112719580531, 0.115758232772, 0.115247517824, 0.087549187243, 0.0837547332048, 0.0846866890788, 0.0887462571263, 0.102694563568, 0.0969154760242, 0.0778165012598, 0.0821468830109, 0.085608586669, 0.079353287816, 0.09394223243, 0.0999312400818, 0.102092906833, 0.110466808081, 0.113962925971, 0.108264610171, 0.127859309316, 0.132657557726, 0.11846332252, 0.117194607854], "max": [1, 1, 1, 1, 1, 1, 1, 1, 1, 1, 1, 1, 1, 1, 1, 1, 1, 1, 1, 1, 1, 1, 1, 1, 1, 1, 1, 1, 1, 1, 1, 1, 1, 1, 1, 1], "var": [0.0755045190454, 0.0248124729842, 0.0329994633794, 0.0556241497397, 0.0375691875815, 0.0772963836789, 0.10602363199, 0.0528763309121, 0.04130134359, 0.041284468025, 0.0351109579206, 0.0506448447704, 0.0779831558466, 0.0526268519461, 0.0675514638424, 0.070511482656, 0.0290459003299, 0.0388538390398, 0.0543922819197, 0.0426510348916, 0.0628312677145, 0.0692409351468, 0.0305437948555, 0.0316500514746, 0.0459943786263, 0.0291922893375, 0.0465196669102, 0.0658326074481, 0.044091694057, 0.0625717043877, 0.0641073510051, 0.0341335535049, 0.0740214064717, 0.11186850071, 0.0489182844758, 0.0685903429985], "mean": [0.159413382411, 0.0905883461237, 0.0974599123001, 0.126086354256, 0.128399685025, 0.190411329269, 0.222597882152, 0.15354450047, 0.112360946834, 0.10607072711, 0.100983403623, 0.14342302084, 0.182292044163, 0.155091315508, 0.174820497632, 0.176994606853, 0.108856543899, 0.10805734992, 0.119933307171, 0.1115668118, 0.14369481802, 0.146904855967, 0.0976468101144, 0.0967416167259, 0.112938426435, 0.100766703486, 0.136433079839, 0.156485274434, 0.128485277295, 0.156004071236, 0.155748143792, 0.121234923601, 0.19277150929, 0.23370474577, 0.159364327788, 0.160522654653]}, "tuning_equal_tempered_deviation": 0.0808689072728, "chords_changes_rate": 0.0703782811761, "key_key": "C#", "tuning_diatonic_strength": 0.290731579065, "key_scale": "major", "chords_number_rate": 0.00301621225663, "tuning_frequency": 444.085327148, "tuning_nontempered_energy_ratio": 0.793168902397, "chords_histogram": [4.22269678116, 1.80972731113, 5.5171546936, 2.50094246864, 1.82229483128, 2.75229358673, 3.48121142387, 1.48297095299, 2.04851078987, 1.84742999077, 4.19756174088, 4.5745882988, 6.15809965134, 3.73256254196, 3.12932014465, 2.61405062675, 3.39323854446, 8.97323131561, 7.20120668411, 1.98567295074, 3.43094134331, 5.06472301483, 10.1545810699, 7.90498924255], "key_strength": 0.445159077644, "chords_key": "F#", "chords_strength": {"dmean2": 0.00988625362515, "median": 0.476891189814, "min": 0.194150313735, "dvar2": 8.58535786392e-05, "dvar": 7.53597341827e-05, "dmean": 0.00995772238821, "max": 0.807484030724, "var": 0.0128713268787, "mean": 0.481309771538}, "chords_scale": "major", "hpcp_entropy": {"dmean2": 1.05337250233, "median": 2.00363850594, "min": 0.0352031476796, "dvar2": 0.723422527313, "dvar": 0.254413634539, "dmean": 0.610381305218, "max": 4.27716732025, "var": 0.522939562798, "mean": 1.97477817535}}, "metadata": {"audio_properties": {"equal_loudness": 0, "codec": "flac", "downmix": "mix", "sample_rate": 44100, "analysis_sample_rate": 44100, "bit_rate": 0, "md5_encoded": "523e7898be57897f1e3ef6a0ccb7f17a", "length": 369.475921631, "replay_gain": -7.53734016418, "lossless": true}, "version": {"essentia_build_sha": "5c9e65ec81695c916afb4cba055c226bfc528ee6", "essentia": "2.1-beta1", "extractor": "music 1.0", "essentia_git_sha": "v2.1_beta1-28-g21ef5f4"}, "tags": {"title": ["Conjurer: Movement I: Wood"], "barcode": ["636943975725"], "media": ["CD"], "albumartist": ["John Corigliano; Evelyn Glennie, Hila Plitmann, Albany Symphony, David Alan Miller"], "tracktotal": ["7"], "language": ["zxx"], "performer": ["Albany Symphony Orchestra (orchestra)", "Evelyn Glennie (percussion)"], "releasetype": ["album"], "musicbrainz_recordingid": ["1f1be8a0-a5dd-4401-8c59-4e8562984601"], "artistsort": ["Corigliano, John"], "musicbrainz_releasegroupid": ["e217355d-cee4-42db-945c-84cf27ff3141"], "musicbrainz_albumartistid": ["ead4efb5-f8d3-44d1-8a3f-a1cf24a0ccc9", "ead6afb1-f957-4528-b778-b433cb35b1f9", "50373669-3d16-449d-a349-34b8d08737e1", "e8cd5dee-2ede-49d9-8d1a-2bf4d458814b", "6a1127c4-336e-4f56-9c47-bd3a11a87960"], "discnumber": ["1"], "catalognumber": ["8.559757"], "notes": ["Medieval CUE Splitter (www.medieval.it)"], "releasecountry": ["US"], "file_name": "02 Conjurer_ Movement I_ Wood.flac", "originaldate": ["2013"], "albumartistsort": ["Corigliano, John; Glennie, Evelyn, Plitmann, Hila, Albany Symphony Orchestra, Miller, David Alan"], "date": ["2013"], "genre": [" "], "musicbrainz_albumid": ["ecbf90af-da0c-4a51-8c5e-e3bf08b7414e"], "disctotal": ["1"], "acoustid_id": ["d75953a6-eaa3-4cf0-b924-86aa0c0997d2"], "releasestatus": ["official"], "musicbrainz_artistid": ["ead4efb5-f8d3-44d1-8a3f-a1cf24a0ccc9"], "asin": ["B00E3ISI86"], "musicbrainz_workid": ["e60066e1-03f9-44ba-835d-83764987ee3f"], "artist": ["John Corigliano"], "tracknumber": ["2"], "composer": ["John Corigliano"], "album": ["Conjurer / Vocalise"], "label": ["Naxos"], "totaltracks": ["7"], "totaldiscs": ["1"], "script": ["Latn"], "conductor": ["David Alan Miller"]}}, "rhythm": {"bpm_histogram_first_peak_bpm": {"dmean2": 0, "median": 123, "min": 123, "dvar2": 0, "dvar": 0, "dmean": 0, "max": 123, "var": 0, "mean": 123}, "bpm": 122.45072937, "bpm_histogram_second_peak_spread": {"dmean2": 0, "median": 0.232142806053, "min": 0.232142806053, "dvar2": 0, "dvar": 0, "dmean": 0, "max": 0.232142806053, "var": 0, "mean": 0.232142806053}, "bpm_histogram_first_peak_weight": {"dmean2": 0, "median": 0.224719107151, "min": 0.224719107151, "dvar2": 0, "dvar": 0, "dmean": 0, "max": 0.224719107151, "var": 0, "mean": 0.224719107151}, "onset_rate": 3.05287718773, "beats_position": [0.487619042397, 0.975238084793, 1.46285712719, 1.95047616959, 2.43809509277, 2.92571425438, 3.41333317757, 3.90095233917, 4.38857126236, 4.87619018555, 5.36380958557, 5.85142850876, 6.33904743195, 6.82666635513, 7.31428575516, 7.80190467834, 8.28952407837, 8.76553249359, 9.24154186249, 9.71755123138, 10.1935596466, 10.6695690155, 11.1455783844, 11.6099767685, 12.0743761063, 12.538775444, 13.0031747818, 13.4675731659, 13.9319725037, 14.3963718414, 14.8723802567, 15.3483896255, 15.8360090256, 16.3236274719, 16.8112468719, 17.2872562408, 17.7632656097, 18.2508831024, 18.7385025024, 19.2261219025, 19.7137413025, 20.2129707336, 20.7121982574, 21.1998176575, 21.6874370575, 22.1866664886, 22.6858959198, 23.1851234436, 23.6843528748, 24.1719722748, 24.6712017059, 25.1704311371, 25.6696586609, 26.1572780609, 26.6565074921, 27.1441268921, 27.6433563232, 28.142583847, 28.6534233093, 29.1642627716, 29.6751022339, 30.1743297577, 30.6735591888, 31.17278862, 31.6720180511, 32.171245575, 32.6588668823, 33.1580963135, 33.6573219299, 34.1565513611, 34.6557807922, 35.1666221619, 35.6658477783, 36.1650772095, 36.6643066406, 37.1751480103, 37.6743774414, 38.1852149963, 38.672832489, 39.1720619202, 39.6596832275, 40.1473007202, 40.6349182129, 41.1225395203, 41.6101570129, 42.0861663818, 42.5621757507, 43.0381851196, 43.5141944885, 44.0018119812, 44.4894332886, 44.953830719, 45.4182319641, 45.8826293945, 46.3354187012, 46.7882080078, 47.2409973145, 47.6937866211, 48.1349639893, 48.5877532959, 49.0289344788, 49.5165519714, 50.0157814026, 50.5033988953, 50.9910202026, 51.4786376953, 51.9662590027, 52.4538764954, 52.9298858643, 53.4058952332, 53.8702926636, 54.3346939087, 54.7990913391, 55.2867126465, 55.7743301392, 56.2619476318, 56.7495689392, 57.2255783081, 57.7131958008, 58.2008171082, 58.6884346008, 59.187664032, 59.6985015869, 60.2093429565, 60.708568573, 61.2077980042, 61.6954193115, 62.1830368042, 62.6706581116, 63.169883728, 63.6691131592, 64.1683425903, 64.6443557739, 65.1319732666, 65.6195907593, 66.0955963135, 66.5948257446, 67.1056671143, 67.6165084839, 68.1389541626, 68.6614074707, 69.1954650879, 69.7062988281, 70.2171401978, 70.7047576904, 71.1923828125, 71.6800003052, 72.1676177979, 72.6552352905, 73.1312484741, 73.6072540283, 74.094871521, 74.5824966431, 75.0933303833, 75.580947876, 76.1150131226, 76.6490707397, 77.1831283569, 77.6823577881, 78.1815872192, 78.6808166504, 79.1800460815, 79.6676635742, 80.1552810669, 80.654510498, 81.1537399292, 81.6413574219, 82.140586853, 82.6398162842, 83.1390457153, 83.649887085, 84.1607208252, 84.6831741333, 85.170791626, 85.6584091187, 86.1576385498, 86.5755996704, 86.9819488525, 87.3999099731, 87.7946472168, 88.1893844604, 88.5841217041, 88.9788665771, 89.3736038208, 89.7683410645, 90.1398620605, 90.5229949951, 90.9293441772, 91.3240814209, 91.695602417, 92.0555114746, 92.4154205322, 92.7869338989, 93.1700668335, 93.5531921387, 93.9247131348, 94.2962341309, 94.667755127, 95.039276123, 95.4107894897, 95.7823104858, 96.1654434204, 96.5369567871, 96.8968658447, 97.2683868408, 97.6399078369, 98.011428833, 98.3829498291, 98.7660751343, 99.1492080688, 99.5207214355, 99.8922424316, 100.263763428, 100.635284424, 101.006797791, 101.378318787, 101.738227844, 102.121360779, 102.492874146, 102.841178894, 103.201087952, 103.560997009, 103.909294128, 104.257591248, 104.605895996, 104.954193115, 105.302490234, 105.662399292, 106.02230835, 106.382217407, 106.742126465, 107.136871338, 107.531608582, 107.926345825, 108.321083069, 108.715827942, 109.110565186, 109.505302429, 109.900039673, 110.329612732, 110.759178162, 111.188751221, 111.629928589, 112.071105957, 112.512290955, 112.988296509, 113.464309692, 113.940315247, 114.416320801, 114.857505798, 115.298683167, 115.739860535, 116.181037903, 116.6222229, 117.075012207, 117.527801514, 117.98059082, 118.41015625, 118.839729309, 119.292518616, 119.756912231, 120.372245789, 120.95274353, 121.533241272, 122.136962891, 122.752288818, 123.367614746, 123.982948303, 124.598274231, 125.213600159, 125.828933716, 126.548751831, 127.268569946, 127.976776123, 128.6849823, 129.404800415, 130.12461853, 130.879272461, 131.633926392, 132.376953125, 133.131607056, 133.886260986, 134.62928772, 135.38394165, 136.138595581, 136.893234253, 137.647888184, 138.448974609, 139.250061035, 140.074371338, 140.898681641, 141.711380005, 142.524078369, 143.290344238, 144.056594849, 144.788024902, 145.519454956, 146.216049194, 146.912643433, 147.60925293, 148.305847168, 149.002441406, 149.699050903, 150.40725708, 151.115463257, 151.881713867, 152.647979736, 153.460678101, 154.284988403, 155.144119263, 156.003265381, 156.839187622, 157.547393799, 158.243988037, 158.940582275, 159.555908203, 160.17124939, 160.774963379, 161.378677368, 162.028839111, 162.644165039, 163.259490967, 163.898040771, 164.536590576, 165.175140381, 165.825302124, 166.463851929, 167.102401733, 167.740951538, 168.391113281, 168.994827271, 169.59854126, 170.213867188, 170.852416992, 171.432922363, 172.013427734, 172.593917847, 173.174423218, 173.75491333, 174.265762329, 174.799819946, 175.333877563, 175.70539856, 176.076919556, 176.448425293, 176.88961792, 177.330795288, 177.771972656, 178.32925415, 178.886520386, 179.44380188, 180.035919189, 180.62802124, 181.208526611, 181.789016724, 182.369522095, 182.857131958, 183.34475708, 183.832382202, 184.319992065, 184.819229126, 185.318450928, 185.840896606, 186.374969482, 186.9090271, 187.408248901, 187.907485962, 188.406707764, 188.940765381, 189.474822998, 190.032104492, 190.600997925, 191.14666748, 191.680725098, 192.214782715, 192.748840332, 193.294509888, 193.840179443, 194.374237061, 194.908294678, 195.442352295, 195.988021851, 196.545303345, 197.102584839, 197.659866333, 198.217132568, 198.774414062, 199.296859741, 199.830932617, 200.364990234, 200.864212036, 201.363449097, 201.862670898, 202.361907959, 202.849517822, 203.348754883, 203.836364746, 204.31237793, 204.788391113, 205.299224854, 205.810058594, 206.320907593, 206.936233521, 207.551559448, 208.143676758, 208.72416687, 209.304672241, 209.896774292, 210.488891602, 211.046157837, 211.603439331, 212.160720825, 212.718002319, 213.263671875, 213.809341431, 214.355010986, 214.92388916, 215.469558716, 216.096496582, 216.735046387, 217.38520813, 218.035369873, 218.731964111, 219.41696167, 220.113555908, 220.798538208, 221.483535767, 222.168518066, 222.853515625, 223.515274048, 224.188659668, 224.862030029, 225.558639526, 226.255233765, 226.940216064, 227.543945312, 228.147659302, 228.751373291, 229.297042847, 229.854324341, 230.388381958, 230.910827637, 231.433288574, 231.967346191, 232.48979187, 233.00062561, 233.615966797, 234.242904663, 234.881454468, 235.519989014, 236.158538818, 236.785476685, 237.412414551, 238.120635986, 238.817230225, 239.525436401, 240.233642578, 240.89541626, 241.557189941, 242.230560303, 242.892333984, 243.565704346, 244.192642212, 244.831192017, 245.597457886, 246.363708496, 247.141586304, 247.919448853, 248.674102783, 249.428741455, 250.102127075, 250.775512695, 251.414047241, 252.052597046, 252.691146851, 253.318084717, 253.956634521, 254.490692139, 255.024749756, 255.558822632, 256.104492188, 256.650146484, 257.184204102, 257.718261719, 258.263946533, 258.763183594, 259.262390137, 259.750030518, 260.226013184, 260.690429688, 261.166442871, 261.619232178, 262.083618164, 262.536407471, 262.989196777, 263.430389404, 263.871551514, 264.312744141, 264.74230957, 265.171875, 265.613067627, 266.077453613, 266.53024292, 267.017852783, 267.482269287, 267.981506348, 268.469116211, 268.956726074, 269.444335938, 269.931976318, 270.442810059, 270.883972168, 271.301940918, 271.719909668, 272.137878418, 272.55581665, 272.962158203, 273.380126953, 273.786468506, 274.181213379, 274.575958252, 274.970703125, 275.365447998, 275.760162354, 276.154907227, 276.53805542, 276.932769775, 277.327514648, 277.722259521, 278.221496582, 278.732330322, 279.243164062, 279.730773926, 280.218414307, 280.717651367, 281.20526123, 281.692871094, 282.192108154, 282.702941895, 283.213775635, 283.713012695, 284.212249756, 284.711456299, 285.19909668, 285.698303223, 286.197540283, 286.685150146, 287.184387207, 287.672027588, 288.159637451, 288.647247314, 289.146484375, 289.645721436, 290.133331299, 290.620941162, 291.120178223, 291.64263916, 292.1534729, 292.67590332, 293.198364258, 293.709197998, 294.220031738, 294.754089355, 295.288146973, 295.82220459, 296.356262207, 296.890319824, 297.424407959, 297.946838379, 298.469299316, 298.980133057, 299.490966797, 300.001800537, 300.512634277, 301.023498535, 301.534332275, 302.045166016, 302.544403076, 303.043609619, 303.554473877, 304.05368042, 304.564544678, 305.063751221, 305.562988281, 306.050598145, 306.526611328, 307.002624512, 307.478637695, 307.954650879, 308.430664062, 308.895050049, 309.371063232, 309.847076416, 310.3230896, 310.799072266, 311.275085449, 311.751098633, 312.238739014, 312.726348877, 313.21395874, 313.701568604, 314.189208984, 314.676818848, 315.164428711, 315.652069092, 316.151275635, 316.650512695, 317.149749756, 317.648986816, 318.159820557, 318.6590271, 319.15826416, 319.657501221, 320.156738281, 320.655944824, 321.155181885, 321.654418945, 322.153656006, 322.652862549, 323.152099609, 323.65133667, 324.138946533, 324.626556396, 325.114196777, 325.590209961, 326.066192627, 326.542205811, 327.029846191, 327.517456055, 328.005065918, 328.504302979, 328.991912842, 329.491149902, 329.978759766, 330.466400146, 330.965606689, 331.46484375, 331.952453613, 332.440093994, 332.927703857, 333.415313721, 333.902954102, 334.390563965, 334.878173828, 335.389007568, 335.888244629, 336.387481689, 336.875091553, 337.362701416, 337.861938477, 338.361175537, 338.860412598, 339.359619141, 339.858856201, 340.346466064, 340.845703125, 341.333312988, 341.820953369, 342.308563232, 342.796173096, 343.283813477, 343.77142334, 344.259033203, 344.746673584, 345.245880127, 345.745117188, 346.255950928, 346.766784668, 347.277648926, 347.788482666, 348.287689209, 348.77532959, 349.27456665, 349.762176514, 350.249786377, 350.73739624, 351.225036621, 351.712646484, 352.200256348, 352.687896729, 353.175506592, 353.663116455, 354.162353516, 354.661590576, 355.149200439, 355.636810303, 356.136047363, 356.635284424, 357.122894287, 357.61050415, 358.109741211, 358.608978271, 359.096588135, 359.584197998, 360.071838379, 360.559448242, 361.058685303, 361.534698486, 362.02230835, 362.509918213, 362.997558594, 363.485168457, 363.97277832, 364.460388184, 364.948028564, 365.435638428, 365.923248291, 366.410888672, 366.898498535, 367.386108398, 367.873748779, 368.361358643, 368.848968506], "beats_loudness": {"dmean2": 0.0178090035915, "median": 0.00271596270613, "min": 9.55835048444e-07, "dvar2": 0.00108118029311, "dvar": 0.000403522280976, "dmean": 0.0100658452138, "max": 0.196283698082, "var": 0.000538325228263, "mean": 0.0122596761212}, "danceability": 0.952175378799, "bpm_histogram_second_peak_weight": {"dmean2": 0, "median": 0.0603932589293, "min": 0.0603932589293, "dvar2": 0, "dvar": 0, "dmean": 0, "max": 0.0603932589293, "var": 0, "mean": 0.0603932589293}, "beats_count": 713, "bpm_histogram_second_peak_bpm": {"dmean2": 0, "median": 117, "min": 117, "dvar2": 0, "dvar": 0, "dmean": 0, "max": 117, "var": 0, "mean": 117}, "bpm_histogram_first_peak_spread": {"dmean2": 0, "median": 0.493670880795, "min": 0.493670880795, "dvar2": 0, "dvar": 0, "dmean": 0, "max": 0.493670880795, "var": 0, "mean": 0.493670880795}, "beats_loudness_band_ratio": {"dmean2": [0.300837010145, 0.208188444376, 0.298068672419, 0.298773944378, 0.178509220481, 0.0598503313959], "median": [0.115973748267, 0.0920963287354, 0.16527582705, 0.158245876431, 0.0506530813873, 0.00490170298144], "min": [3.67221437045e-05, 1.25726264741e-05, 4.86314311274e-05, 0.000408563151723, 7.81658454798e-05, 3.82877033189e-06], "dvar2": [0.111565075815, 0.0621185563505, 0.0875264182687, 0.0910512730479, 0.0570286028087, 0.0251883100718], "dvar": [0.0431990399957, 0.0225914027542, 0.0350957326591, 0.0373984128237, 0.0219738967717, 0.00900240056217], "dmean": [0.171449065208, 0.121384173632, 0.17340709269, 0.171108707786, 0.101844891906, 0.0334834344685], "max": [0.987086951733, 0.991291821003, 0.993996679783, 0.989097774029, 0.970795273781, 0.895156264305], "var": [0.0826809480786, 0.0412328206003, 0.0636281445622, 0.0616398155689, 0.0300286393613, 0.00627582892776], "mean": [0.247799605131, 0.166708305478, 0.2537766397, 0.240748509765, 0.121147371829, 0.0272319633514]}}, "lowlevel": {"barkbands_spread": {"dmean2": 5.62353992462, "median": 11.2139339447, "min": 0.0546723715961, "dvar2": 45.801612854, "dvar": 18.5583992004, "dmean": 3.53681588173, "max": 66.5980224609, "var": 69.1271514893, "mean": 12.335975647}, "melbands_spread": {"dmean2": 9.56863498688, "median": 15.9306297302, "min": 0.187238782644, "dvar2": 170.508148193, "dvar": 68.6615219116, "dmean": 6.04867315292, "max": 136.991500854, "var": 245.970413208, "mean": 19.2981300354}, "hfc": {"dmean2": 12.6095991135, "median": 0.861555159092, "min": 4.83277653984e-05, "dvar2": 2188.85375977, "dvar": 788.958129883, "dmean": 7.42431259155, "max": 489.560028076, "var": 741.561279297, "mean": 9.79703998566}, "barkbands_kurtosis": {"dmean2": 6.74633216858, "median": 1.13995790482, "min": -1.94500935078, "dvar2": 865.54309082, "dvar": 340.98739624, "dmean": 4.20046186447, "max": 1302.5904541, "var": 492.503936768, "mean": 5.69104099274}, "gfcc": {"mean": [-228.66633606, 146.870391846, -146.287612915, 2.19613265991, -33.902256012, -4.75110578537, -20.1330966949, -2.46226263046, -16.3642559052, -3.71227240562, -7.90256547928, -3.39119076729, -6.40604496002], "icov": [[0.000103084661532, -8.55749749462e-06, 0.000203853211133, -0.000133166657179, 0.000123898935271, -6.56971678836e-05, 7.47115627746e-05, -3.3720589272e-05, 0.000119299438666, 4.10848842876e-05, 5.44015019841e-05, 0.000163708449691, -4.79390400869e-05], [-8.55749749462e-06, 0.00170646584593, -0.00101606361568, 0.000741450872738, -0.000991425709799, 0.00158256851137, -0.00103617436253, 0.00151383050252, -0.00135699589737, 0.00173336232547, -0.00164536945522, 0.00155414012261, -0.00025851445389], [0.000203853211133, -0.00101606361568, 0.00157107971609, -0.000521090172697, 0.000482287607156, -0.00138316128869, 0.000946547777858, -0.000583082030062, 0.000902492320165, -0.000649608322419, 0.00115757808089, -0.000728197104763, 0.000523108174093], [-0.000133166657179, 0.000741450872738, -0.000521090172697, 0.00236908881925, -0.00104224937968, 0.000429717299994, -0.000237325541093, 0.000612806179561, -0.000328945316141, 9.10954913707e-05, 0.00019937333127, -0.000326699984726, 0.00105085363612], [0.000123898935271, -0.000991425709799, 0.000482287607156, -0.00104224937968, 0.00421517342329, -0.00211761752144, 0.00090307550272, -0.000581658561714, 1.3370535271e-05, 0.000788634759374, 6.59874931443e-05, 0.000515990133863, -0.000706364167854], [-6.56971678836e-05, 0.00158256851137, -0.00138316128869, 0.000429717299994, -0.00211761752144, 0.00675065955147, -0.00398097513244, 0.00187464861665, 0.000726318568923, -0.00110354984645, 0.00145275180694, -0.000675422488712, 0.00170057499781], [7.47115627746e-05, -0.00103617436253, 0.000946547777858, -0.000237325541093, 0.00090307550272, -0.00398097513244, 0.00706360116601, -0.0036236946471, 0.000419766729465, 0.00198576692492, -0.00189054128714, 0.00203218939714, -0.00103675562423], [-3.3720589272e-05, 0.00151383050252, -0.000583082030062, 0.000612806179561, -0.000581658561714, 0.00187464861665, -0.0036236946471, 0.00846565701067, -0.00404250342399, 0.000544492562767, 0.00203394051641, -0.00161444745027, 0.00141196092591], [0.000119299438666, -0.00135699589737, 0.000902492320165, -0.000328945316141, 1.3370535271e-05, 0.000726318568923, 0.000419766729465, -0.00404250342399, 0.0100089842454, -0.00597926182672, 0.00261563621461, 9.94546717266e-05, -0.000554570520762], [4.10848842876e-05, 0.00173336232547, -0.000649608322419, 9.10954913707e-05, 0.000788634759374, -0.00110354984645, 0.00198576692492, 0.000544492562767, -0.00597926182672, 0.0124907651916, -0.00882846210152, 0.00396431004629, 0.000830233038869], [5.44015019841e-05, -0.00164536945522, 0.00115757808089, 0.00019937333127, 6.59874931443e-05, 0.00145275180694, -0.00189054128714, 0.00203394051641, 0.00261563621461, -0.00882846210152, 0.0155717097223, -0.00900543853641, 0.00301271560602], [0.000163708449691, 0.00155414012261, -0.000728197104763, -0.000326699984726, 0.000515990133863, -0.000675422488712, 0.00203218939714, -0.00161444745027, 9.94546717266e-05, 0.00396431004629, -0.00900543853641, 0.0144997006282, -0.0061171608977], [-4.79390400869e-05, -0.00025851445389, 0.000523108174093, 0.00105085363612, -0.000706364167854, 0.00170057499781, -0.00103675562423, 0.00141196092591, -0.000554570520762, 0.000830233038869, 0.00301271560602, -0.0061171608977, 0.0111498804763]], "cov": [[20684.4238281, -3838.37695312, -4503.97509766, 925.483764648, -828.687438965, -215.462417603, -31.0957241058, 352.487457275, -41.9005813599, 147.250366211, -142.042617798, -75.3709030151, 40.8381652832], [-3838.37695312, 2921.23632812, 1534.5916748, -520.724487305, 424.829772949, -201.33215332, 53.5760612488, -326.110076904, -11.0179491043, -302.649108887, 7.00649166107, -157.865036011, 65.6913833618], [-4503.97509766, 1534.5916748, 2311.53320312, -44.4698143005, 344.25769043, 253.178741455, -0.543806791306, -186.740524292, -119.768608093, -159.828353882, -85.4211807251, -65.4291229248, -88.1211700439], [925.483764648, -520.724487305, -44.4698143005, 661.689697266, 69.6711730957, 124.561157227, -13.6483211517, 25.0840606689, -28.2377586365, 31.7845439911, -44.2138328552, -4.30893945694, -81.589012146], [-828.687438965, 424.829772949, 344.25769043, 69.6711730957, 412.152526855, 126.962097168, 53.4233932495, -42.4841384888, -37.3821678162, -106.03691864, -61.6331863403, -48.7543373108, -3.39523363113], [-215.462417603, -201.33215332, 253.178741455, 124.561157227, 126.962097168, 392.480010986, 149.415390015, 19.1978130341, -71.7193832397, -26.2373123169, -69.2606277466, -29.9151000977, -68.8791732788], [-31.0957241058, 53.5760612488, -0.543806791306, -13.6483211517, 53.4233932495, 149.415390015, 293.621856689, 92.2131195068, -8.87775039673, -71.5606536865, -48.3404998779, -45.4766120911, -8.36057758331], [352.487457275, -326.110076904, -186.740524292, 25.0840606689, -42.4841384888, 19.1978130341, 92.2131195068, 250.320861816, 92.7632522583, 29.036365509, -42.5292053223, -2.04334282875, -15.5707559586], [-41.9005813599, -11.0179491043, -119.768608093, -28.2377586365, -37.3821678162, -71.7193832397, -8.87775039673, 92.7632522583, 213.301681519, 112.561820984, 20.8870258331, -18.8936481476, -9.93898868561], [147.250366211, -302.649108887, -159.828353882, 31.7845439911, -106.03691864, -26.2373123169, -71.5606536865, 29.036365509, 112.561820984, 264.666320801, 122.349517822, 20.7376422882, -50.7184715271], [-142.042617798, 7.00649166107, -85.4211807251, -44.2138328552, -61.6331863403, -69.2606277466, -48.3404998779, -42.5292053223, 20.8870258331, 122.349517822, 192.346694946, 82.6948318481, 0.60133099556], [-75.3709030151, -157.865036011, -65.4291229248, -4.30893945694, -48.7543373108, -29.9151000977, -45.4766120911, -2.04334282875, -18.8936481476, 20.7376422882, 82.6948318481, 161.241378784, 60.6294403076], [40.8381652832, 65.6913833618, -88.1211700439, -81.589012146, -3.39523363113, -68.8791732788, -8.36057758331, -15.5707559586, -9.93898868561, -50.7184715271, 0.60133099556, 60.6294403076, 151.077224731]]}, "spectral_energyband_middle_low": {"dmean2": 0.00216557900421, "median": 0.000452197709819, "min": 7.02464264535e-09, "dvar2": 4.1837200115e-05, "dvar": 1.79621456482e-05, "dmean": 0.00139974639751, "max": 0.100009135902, "var": 4.88831974508e-05, "mean": 0.00293745612726}, "melbands_crest": {"dmean2": 5.71766710281, "median": 14.2091817856, "min": 3.38701033592, "dvar2": 27.7683105469, "dvar": 11.3066940308, "dmean": 3.53164052963, "max": 35.0020256042, "var": 38.6966781616, "mean": 15.239405632}, "spectral_kurtosis": {"dmean2": 14.8253612518, "median": 11.6785478592, "min": -0.478837013245, "dvar2": 399.031707764, "dvar": 146.259765625, "dmean": 8.6132068634, "max": 264.037597656, "var": 579.287353516, "mean": 21.0411434174}, "spectral_rms": {"dmean2": 0.00084772700211, "median": 0.00113931507803, "min": 1.14794465844e-05, "dvar2": 3.25975975102e-06, "dvar": 1.28626754758e-06, "dmean": 0.00054866890423, "max": 0.0154643850401, "var": 4.74046919408e-06, "mean": 0.00199269037694}, "zerocrossingrate": {"dmean2": 0.00676606036723, "median": 0.03857421875, "min": 0.00244140625, "dvar2": 5.331628563e-05, "dvar": 3.88606385968e-05, "dmean": 0.00546714197844, "max": 0.18994140625, "var": 0.000632039911579, "mean": 0.0430889092386}, "silence_rate_60dB": {"dmean2": 0.0920118167996, "median": 1, "min": 0, "dvar2": 0.0972439348698, "dvar": 0.0438869334757, "dmean": 0.0460030175745, "max": 1, "var": 0.236479148269, "mean": 0.616162896156}, "erbbands_kurtosis": {"dmean2": 4.80790138245, "median": 0.316950321198, "min": -1.91454863548, "dvar2": 138.990768433, "dvar": 57.166103363, "dmean": 2.98961520195, "max": 200.299041748, "var": 104.123977661, "mean": 3.20280599594}, "erbbands": {"dmean2": [0.0046208659187, 0.072263032198, 0.294893115759, 0.908494591713, 1.50750529766, 1.70538234711, 2.41043567657, 3.06558465958, 6.83549261093, 6.71363353729, 7.90555620193, 13.9903964996, 33.6583747864, 46.0369529724, 28.8390731812, 39.4782752991, 46.7983589172, 50.2477226257, 40.5888137817, 24.4675655365, 34.7879104614, 63.2885398865, 19.3960857391, 14.1691579819, 18.4813690186, 9.94140529633, 5.11132574081, 1.97691702843, 1.60019350052, 1.09692656994, 0.616549789906, 0.217772722244, 0.0663193836808, 0.0462355092168, 0.0230551864952, 0.0100202243775, 0.00324154691771, 0.000818164669909, 0.000141559750773, 1.72891377588e-05], "median": [0.000571632932406, 0.00587210711092, 0.0208583939821, 0.0298108998686, 0.0580999217927, 0.103474490345, 0.163283124566, 0.205769464374, 0.43659901619, 0.387545615435, 0.574659585953, 0.463818430901, 0.668214380741, 0.970131099224, 0.783319115639, 1.07320976257, 0.730665564537, 0.630985319614, 0.684356093407, 0.566149890423, 0.444402217865, 0.35914760828, 0.229654282331, 0.143211945891, 0.0990894287825, 0.0506118275225, 0.025340044871, 0.00927715562284, 0.0044871289283, 0.00287881516851, 0.00103223242331, 0.000527398020495, 0.000237920146901, 0.00011153241212, 4.73594081996e-05, 2.01235216082e-05, 7.74690670369e-06, 1.96361861526e-06, 1.30564990286e-06, 1.70362181962e-06], "min": [6.69273504172e-07, 3.53370978701e-06, 3.541908427e-06, 5.60622311241e-06, 2.22670155381e-06, 2.09030849874e-06, 3.70756265511e-06, 2.02649516723e-06, 1.95419829652e-06, 3.2414461657e-06, 3.9585020204e-06, 8.02923932497e-06, 3.43176952811e-06, 2.51669894169e-06, 3.80762048735e-06, 6.56002430333e-06, 4.83306757815e-06, 2.32618617702e-06, 2.36378991758e-06, 2.59738294517e-06, 3.4623949432e-06, 4.69245424028e-06, 2.62553521679e-06, 2.75631123259e-06, 3.07968093693e-06, 2.6214479476e-06, 2.51459732681e-06, 2.28844282901e-06, 1.78436800979e-06, 2.07814264286e-06, 1.36560345254e-06, 1.0063577065e-06, 8.18730143237e-07, 7.71089389673e-07, 6.40125506379e-07, 5.20080448041e-07, 4.35487550021e-07, 2.15494551981e-07, 6.40519530748e-08, 8.41786729211e-09], "dvar2": [0.000370472000213, 0.10545476526, 1.33694851398, 32.2458000183, 49.7677268982, 52.1248054504, 232.728820801, 197.316375732, 816.265136719, 1219.33557129, 1713.16784668, 4926.00390625, 40325.953125, 93024.8125, 53817.484375, 63496.578125, 91456.875, 126611.375, 161732.078125, 17030.3378906, 48134.03125, 312286.75, 18781.2792969, 7405.38427734, 41736.890625, 6197.03466797, 2891.49536133, 194.65675354, 375.664489746, 382.385620117, 91.4536972046, 4.90930080414, 0.312061011791, 0.18184247613, 0.0400741547346, 0.00710993539542, 0.000454026128864, 3.24883985741e-05, 1.15012562674e-06, 5.29690291629e-09], "dvar": [0.000129264459247, 0.0396922118962, 0.602937757969, 13.1817779541, 20.9490871429, 21.7499542236, 89.3933639526, 67.3773498535, 353.517547607, 530.501159668, 812.862304688, 2239.16992188, 17746.1054688, 34262.96875, 19405.328125, 24043.6914062, 33969.5273438, 47374.4453125, 55283.9023438, 6251.01660156, 18504.5234375, 107419.226562, 7953.54003906, 2764.11132812, 15081.6875, 2150.18164062, 1057.53198242, 67.8907470703, 135.114395142, 130.096511841, 30.8206558228, 1.71157300472, 0.106050096452, 0.0616104230285, 0.0136314826086, 0.00241652247496, 0.000164739642059, 1.11545296022e-05, 3.91797925658e-07, 1.87783100181e-09], "dmean": [0.00285544409417, 0.0448802895844, 0.19319139421, 0.566574335098, 0.9561393857, 1.10054290295, 1.55884885788, 1.88526117802, 4.35205364227, 4.34300327301, 5.03721857071, 8.86602878571, 22.1304759979, 28.3174819946, 16.8381900787, 23.2588062286, 27.8611507416, 29.6180782318, 22.5754680634, 14.1665048599, 20.318523407, 34.7384796143, 10.8249349594, 8.01871299744, 10.3203353882, 5.4447312355, 2.80837059021, 1.07975816727, 0.872549414635, 0.588882446289, 0.323650479317, 0.117195062339, 0.0355679802597, 0.0245815310627, 0.0122632803395, 0.00534449424595, 0.00179452227894, 0.000437502370914, 7.56411900511e-05, 1.01277773865e-05], "max": [0.474079161882, 8.80383682251, 28.3914699554, 147.702728271, 180.512695312, 209.31741333, 515.132385254, 312.535949707, 1122.87902832, 1493.36730957, 1525.44580078, 2681.00561523, 3428.68359375, 5280.08447266, 7863.47363281, 5784.95605469, 5608.61523438, 10244.6728516, 7670.42431641, 2112.83325195, 5406.68066406, 9399.83789062, 6280.86132812, 2706.54296875, 6464.06201172, 2218.1550293, 2394.23071289, 336.551330566, 645.437011719, 725.969665527, 403.386779785, 42.3745956421, 13.1266145706, 12.1215686798, 5.8333272934, 2.02226185799, 0.505254864693, 0.0992173999548, 0.0222762357444, 0.00119255320169], "var": [0.000375976436771, 0.102630794048, 1.86253488064, 16.1130123138, 36.1664848328, 97.8581771851, 228.814666748, 132.27734375, 875.647644043, 1245.40087891, 2102.22216797, 4560.82226562, 38824.3320312, 39651.046875, 13748.8398438, 20645.7734375, 30103.8027344, 39482.3398438, 33923.671875, 5284.203125, 15270.2216797, 64173.109375, 7389.56933594, 2217.80664062, 9793.828125, 1299.45874023, 699.167175293, 41.4674530029, 85.1331253052, 69.5414276123, 15.999420166, 0.98910343647, 0.058759290725, 0.0333902649581, 0.00755393831059, 0.00135013752151, 0.00011834979523, 6.4654605012e-06, 2.21284622626e-07, 1.6371507483e-09], "mean": [0.00604361435398, 0.0856019631028, 0.353681564331, 0.789771735668, 1.48696982861, 2.25327587128, 2.77669215202, 3.00516104698, 7.12495279312, 7.23367404938, 8.81661987305, 13.481921196, 35.6722145081, 38.0575218201, 17.7147369385, 24.6796607971, 30.9071216583, 30.6182956696, 20.6439590454, 15.1649770737, 20.6074676514, 28.5530643463, 11.0961303711, 7.89070034027, 8.54971504211, 4.80264043808, 2.33638143539, 0.935878455639, 0.690164327621, 0.431131690741, 0.211357831955, 0.0866915509105, 0.0280299372971, 0.0179843176156, 0.0091119594872, 0.00387494289316, 0.00143364374526, 0.000326010165736, 5.75806880079e-05, 1.4068839846e-05]}, "spectral_strongpeak": {"dmean2": 0.928813874722, "median": 0.263232082129, "min": 0, "dvar2": 4.45429325104, "dvar": 1.79611265659, "dmean": 0.575169682503, "max": 29.8437347412, "var": 3.33312916756, "mean": 0.960510849953}, "spectral_energy": {"dmean2": 0.00843260623515, "median": 0.0013304897584, "min": 1.35072127705e-07, "dvar2": 0.00070032174699, "dvar": 0.000262357061729, "dmean": 0.00516967754811, "max": 0.245125889778, "var": 0.000381439022021, "mean": 0.00892909895629}, "average_loudness": 0.0113268112764, "spectral_rolloff": {"dmean2": 488.590454102, "median": 1119.7265625, "min": 43.06640625, "dvar2": 653695.4375, "dvar": 262141.21875, "dmean": 283.258880615, "max": 14771.7773438, "var": 724838.1875, "mean": 1231.25305176}, "spectral_centroid": {"dmean2": 305.491119385, "median": 922.172729492, "min": 122.030281067, "dvar2": 160543.640625, "dvar": 69844.3515625, "dmean": 196.97038269, "max": 4122.98095703, "var": 457953.34375, "mean": 1087.91809082}, "pitch_salience": {"dmean2": 0.130826666951, "median": 0.526651740074, "min": 0.0257544368505, "dvar2": 0.0141690783203, "dvar": 0.00552375381812, "dmean": 0.0801742896438, "max": 0.929320156574, "var": 0.0200759042054, "mean": 0.51519536972}, "spectral_energyband_middle_high": {"dmean2": 0.00677309045568, "median": 0.000260810513282, "min": 9.45550859832e-10, "dvar2": 0.00061543477932, "dvar": 0.000227912925766, "dmean": 0.00403646985069, "max": 0.236507222056, "var": 0.000263342517428, "mean": 0.00529997097328}, "spectral_contrast_coeffs": {"dmean2": [0.0694544911385, 0.0718383565545, 0.0625729709864, 0.0526478216052, 0.0382193103433, 0.027087835595], "median": [-0.718617796898, -0.777315795422, -0.794763803482, -0.803074061871, -0.801471710205, -0.768865227699], "min": [-0.923074960709, -0.959598064423, -0.949574053288, -0.969606995583, -0.938558161259, -0.94873136282], "dvar2": [0.00325847696513, 0.00349397980608, 0.00322239845991, 0.00227072183043, 0.00143859279342, 0.000719938718248], "dvar": [0.00129288400058, 0.00136573961936, 0.00132682919502, 0.000923689338379, 0.00056260911515, 0.000286347058136], "dmean": [0.0423533022404, 0.0440241619945, 0.0389320030808, 0.0325919389725, 0.0236055031419, 0.0167767610401], "max": [-0.223508536816, -0.291011273861, -0.311446368694, -0.450716733932, -0.524937987328, -0.486626565456], "var": [0.0109286988154, 0.00850551854819, 0.00797084439546, 0.0046615274623, 0.00309532601386, 0.00392837403342], "mean": [-0.696566522121, -0.760058224201, -0.777379751205, -0.792020618916, -0.796712458134, -0.771906793118]}, "melbands_skewness": {"dmean2": 1.07755792141, "median": 1.31401824951, "min": -7.05027198792, "dvar2": 1.29088675976, "dvar": 0.565703868866, "dmean": 0.698537766933, "max": 17.2185707092, "var": 3.27668023109, "mean": 1.49301087856}, "spectral_spread": {"dmean2": 463158.78125, "median": 2089695.875, "min": 349007.03125, "dvar2": 324850581504, "dvar": 134560022528, "dmean": 280145.0625, "max": 18271550, "var": 540244443136, "mean": 2118740}, "dissonance": {"dmean2": 0.0533114187419, "median": 0.457279056311, "min": 0.117337428033, "dvar2": 0.00337246805429, "dvar": 0.001215884462, "dmean": 0.0314366482198, "max": 0.500000119209, "var": 0.00265512196347, "mean": 0.44360473752}, "spectral_skewness": {"dmean2": 1.05423557758, "median": 2.14563441277, "min": -0.240606054664, "dvar2": 1.32163691521, "dvar": 0.478849083185, "dmean": 0.615792870522, "max": 12.8106069565, "var": 2.86153626442, "mean": 2.72265315056}, "spectral_flux": {"dmean2": 0.0254638846964, "median": 0.0192761253566, "min": 0.000141369571793, "dvar2": 0.00257403356954, "dvar": 0.00115758995526, "dmean":