{"metadata": {"tags": {"label": ["Ici d'ailleurs"], "catalognumber": ["oumupo6"], "genre": ["Hip Hop", "Electronic"], "asin": ["B000LMPIJ0"], "album": ["OuMuPo 6"], "date": ["2007-03-05"], "musicbrainz album type": ["Album"], "script": ["Latn", "Latin"], "albumartistsort": ["Krush, DJ"], "musicbrainz album release country": ["FR"], "musicbrainz_artistid": ["97db8fd6-3f22-48f4-aa9e-8a6bfb35eb0d"], "musicbrainz_releasegroupid": ["3f88251c-7128-33b8-a1b3-6867fbf428a5"], "musicbrainz_recordingid": ["1f1ec653-9a04-49e3-a7b6-7504b461b614"], "musicbrainz album status": ["Official"], "albumartist": ["DJ Krush"], "barcode": ["3433435675326"], "contentgroup": ["Abstract,Broken Beat,Contemporary Jazz"], "originaldate": ["2007-03-05"], "artist": ["B\u00e4stard"], "bpm": ["77.69"], "musicbrainz_albumid": ["266a3129-07da-4c9a-973f-823d3c9a65e1"], "originalartist": ["DJ Krush"], "artistsort": ["B\u00e4stard"], "title": ["Locate Radiocation"], "tracknumber": ["05/13"], "musicbrainz_albumartistid": ["38d16213-25ba-450d-8665-4e08548e62e3"], "discnumber": ["01/01"], "originalalbum": ["OuMuPo 6"], "acoustid_fingerprint": ["AQADtBklJcqSSLioQ4-W42jRPNhp_Dq4fAKTM0-RO2h6YuKSxWgmnMGJJ9qFPGEsqD8R6rDyEy0XI5bCQ6WDD6nOY6SIJ1ks5NCyb2g75NRwPciWH9SYKIf2IwzjHJ_2Y8qkBD3O44l2BXnCHOqPUIeV50Q17kKuFHp1VB8iRTmJUzyeJIsYhBCPPshz_Bqy5QHTMQqh7yhFBZGcfmhm4VxwPFGSXEH-Qz9COAmZL2ij7EKu9PgO7Tqa5DouJVlGPOLRQzzC49eD6GiSqQ8-6TG0VNeRVTeav-i1FKfwwxGTD9eN_NlCSNkuNGkSGdfxHNehB3lyPJGyjPi1CO2PMHtU6Aef8MhR_oh74dE-6CFSKkV_PPrxHz2y5C1ULxxq5UfjGrrxXghfwVXQGCeHH9GOnRz04-gYHD6Pd4d-VIuOHvChH6Hu4M2MikfjHrcxOxfCTjN0BaFunB7Oo0eYHXsaaLfhMbzRxASpCKozLggaor6Dbzn-Dz6RfYLqKEdTG32Oe4R-hOF6XEFjPOPwT_BT5Fnx4OOFs4cG-ccd4j-snxA--Mjv47lh7hiDy8cPv0h3Uah8PExsfMOPHg219XgPLXUwScw4De-R5niLZ0PNGUxe442FH45pZJSTjZCbHw6Nh9AvND_yCw0V4Qp-NDral_iID_Xh40jJHPKPC9GC2sZVR0V_uD98vMJzeDvOHT4S-wizrPgzXCeeC-kk7XiyHOeFxo0RWsT74BNKXkP1DR_x8OiNNFp4QcMVHdUDLTXeHG-O8EHD6sGF_kNaZREPHy3H4uQOTTlsuEV7_MilbBmeoyKsoHK34B-OfNDUsMitClWKK6k0NDNqhUEP1yiL10N7pCd0hTkqacrxB5oOo8e7GT_K4zhtNKKIS5JwHE3FQKR0tDl-hMllhAtz4UfZHSc0PjiOHo6mBXGk4DqewZyOHl-QQ5MPS8frFbmONDf649lG4T96_rgU4nPwIx2P2IH1WNBT4sjJBn6E1scfHY-kI-5l6I4RJsqIHteBP_iQ69CZI9ISHc-I4z_8PHiPp7gK6nii4y_CbJmgijky0viqBr3gKjP2DoYf5UNbBVeGa_kQbsefDZfho66E2DweaV7RRWKUBQ1-VGaIo-sl5A-SSzn24wqPSg922KGH6VlUnGh-lCS-KAq6HM6HJwuej_APr0O_TMKP12imCyknoSz0DU2aCeE_NEmaog8umcIuyejh5-ij7Dil43RwfghFnfBj-JLhyQg_CZ96PF0qNKHIog8eokd_I39wSTeS4wobosN5ONTRp1VwJSia_FjD4cuOSiL8DV-yGI-H4wv6jAe38HjDoMZ9hD0OLbmKLOfx5ZimOHCYLEf_CeXhXXgPT9lE1D6O5g9CKeMgI7LS4ZGIhnGOSj2eF7VzTDmF83iGSmdxCleIGz9-5NEGG52iD8_R5B164RfC_jiu4IdDFaGN31B_XMaNi4eWR_gPywu-He6PHy90RTilfUiPKhee41oaId2SBZ8-aM_RxNm24XMmfKikG8136OhTcdjG7DAjVPkF1VWGPDtY6WiO_ngFRz3yOJkG7mgqruiF6zim9EjPo2qyoDtOX2g4hjj25Wi4HvkOXzkqCkcHn-hRsRCv4Qgv7BRq7rB33BdyRrhmaCKPnMlwyTF-mEd-6Dqi7bnRjgiTE0_5QE81hIRRazJeIdZhaWEF_eGwTkeTCj10iRdyKoSJZkuMipKCk0f64yz04EQfuPgPHZ-Obqi0DYf4ITxx6sCPKyyeVvglPM5hbjieG1_y4A786TieCDeDH_mFH4pEXXiiI5akA89xxnApDz1qHU2c4zm-uyhF-MUP49-EMLwx84KOK0WTHPfR-PhCQRfM0cJzaJRvNPaRZyxqHc2L48V_ITd06RFyHRWdCmdM_Ie1xaiaRDl-IExQCk8kVD_uHOfRLLh6aNuPJu2KXE2OhjtuwS96Gg9CXbCiHI-O90ce9HjwSMSVxI2Cnkbz4x8SXxXyECf-YXjQJOnx4UqIF5cHV7iz4GTwDzf-w9OGHldGfA6FZhdCGROrF2L2o2zQlWh-PN8Q-oa3EN-HToxwVTpOHM_x4zl8KavwF28WvPguIXTCQdcy5MeDXzgp42GO4xSObTp-5Dq-Q5P4oaohtujK4eqLXkL6D4-K7Q9--IuGn0aFH59wXFvRLoqFHSEtKFcRfhb8qzhJwR_MG-WFc8MZHact5AqFXvB-hK5wJQlXfJkKqzz-4cGHH9euIFcOlcgrosfF49vhLczRZ-gF_6icBc-C1seW7_iy4D_s48vxjvBxDd-OI18Pj9EhqsWTo-IRNOOJqctQPvjw5bgkVA2LbmOH9A_xz_ANR2qGsApzPDp-ToP_4MF09Mf34Moe5Dx0RO8mdBpj_PB4PCEeYWiOixneo6EvVCZaEjfHwOMItjzSxzmE78huw8d5XDiHGJPicYdmwR_6HDeaa-iH09nRZXD4oSSDPvJgEs0kBnqW4dyhfUmD5kdf_ENICpETZSpOB41eQhMXpTjyS6hv5Mrxo-mhO7iOWA9x5XglNJl65FmE_ABCCNAIAeEUAEQxA5AxwglhIDFIDAYAEUIoQgBgBgFjgFFOACAIEAIQgxSTgFDlgCGBGACwAEAoiJABBBggPXUAeACAIAAggCRBAgihEJYECmgQAAIQoYgyRggFiEPEIAEA4YAQYogAwiIkDVIDCGOMMg6AJKBCgjABmCVICWAgAAQ4AAxiyCEAJFLUACAIAAAIQBAgQjAhCVKKAAusQlIQI4xlDCCnhFEEEWQAAkgABBmwwghniADAWYMcQFYQgZAyQgCgiDECIIUUQMIIA5gCSgkAADOCEqEUEeYIIxR3QgBBjCHGEQqApIQxgwAQwQjkFARUACcNAMYA4QABRgBAoAGKECSEEQQYgQhnTBBqGBCKOkWAAcI4QBkwQgAMAELAOGAgEgQYkhQBiBAhoBDICSClIoAYwqAiRABqhElACCKAQAIBAZzAVAnCDABGEKQAMsgIRwx4AiAFkGRIACMEAYIYI8wwAigFDCLKCIEoBYwBIR0yDgAkkkICGGIoAggIBBRwDBELBILMICMAElwRoBQhghCjkLBMUIAQAUAQQJwBgCEhtMTACeoQAoIhAJgRwikhBANAWAoA0QAYggBjCACAjDIIAUKEMQgBBQw0jhAkAGlAUCUAFoIRhhgATgAAgDNEQAGhBUYxwIwwCiHLgAEAEEIIQEYgJaRAggnAjBHCEiUYJcYQQRxxAggAgASKIaOUM5YAgRQABkgjoAEAKCYAIoAxiBBijAAgBTEIAE0BBQowARcVwCElABAKGASUE0wIowEjggBEiAJAIOCkcMARAClliAjCCEQAGCGMMsIwYYgAwjECoAKAAKCUAow5hgAAAjHhAADIM2GQAQQ4CIBkSiEgGAACAAAEcMIaAISyhABgiAFASMKgUIQQAIghVCsmhYDSKQEB"], "media": ["CD"], "file_name": "1-05 - Locate Radiocation.mp3", "language": ["eng"]}, "audio_properties": {"sample_rate": 44100, "downmix": "mix", "lossless": false, "analysis_sample_rate": 44100, "md5_encoded": "f12ae14c7c6e723f844748956c0a81f4", "equal_loudness": 0, "replay_gain": -8.2592010498, "codec": "mp3", "bit_rate": 320039, "length": 213.237548828}, "version": {"extractor": "music 1.0", "essentia_build_sha": "2d9f1f26377add8aeb1075a9c2973f962c4f09fd", "essentia_git_sha": "v2.1_beta2-1-ge3940c0", "essentia": "2.1-beta2"}}, "rhythm": {"beats_loudness_band_ratio": {"dvar2": [0.162284776568, 0.0337173715234, 0.00683218380436, 0.00346276490018, 0.0331193655729, 0.0524526797235], "var": [0.0640055090189, 0.0147146377712, 0.00160263443831, 0.00132970896084, 0.00962866935879, 0.0165709592402], "min": [0.0234933514148, 0.000185651093489, 8.29307973618e-05, 4.15083341068e-05, 1.78097179742e-05, 9.48626075115e-06], "dmean": [0.221440196037, 0.0903710275888, 0.0365630537271, 0.0269954819232, 0.048587910831, 0.0893436148763], "mean": [0.809667944908, 0.0816782042384, 0.0233204253018, 0.0214886218309, 0.0366388894618, 0.0601331703365], "max": [0.998665392399, 0.727176785469, 0.309111148119, 0.256547659636, 0.697690665722, 0.917516350746], "dmean2": [0.413063615561, 0.168857872486, 0.0716956630349, 0.0503846667707, 0.0919763967395, 0.164136007428], "median": [0.941354393959, 0.0256748441607, 0.00543909333646, 0.00537089258432, 0.00319766905159, 0.00820094253868], "dvar": [0.0631151869893, 0.0120399808511, 0.00234204367734, 0.0011959602125, 0.00990773178637, 0.019826406613]}, "bpm_histogram_first_peak_weight": {"dvar2": 0, "var": 0, "min": 0.34963324666, "dmean": 0, "mean": 0.34963324666, "max": 0.34963324666, "dmean2": 0, "median": 0.34963324666, "dvar": 0}, "bpm": 103.577056885, "beats_count": 410, "bpm_histogram_first_peak_spread": {"dvar2": 0, "var": 0, "min": 0.302439033985, "dmean": 0, "mean": 0.302439033985, "max": 0.302439033985, "dmean2": 0, "median": 0.302439033985, "dvar": 0}, "danceability": 1.2226793766, "bpm_histogram_first_peak_bpm": {"dvar2": 0, "var": 0, "min": 103, "dmean": 0, "mean": 103, "max": 103, "dmean2": 0, "median": 103, "dvar": 0}, "beats_position": [0.789478421211, 1.5673469305, 2.34521532059, 3.12308382988, 3.90095233917, 4.66721057892, 5.4334692955, 6.19972801208, 6.97759628296, 7.74385452271, 8.498503685, 9.27637195587, 10.0542402267, 10.8204984665, 11.5867567062, 12.3530158997, 13.1192741394, 13.8855323792, 14.6517915726, 15.2322902679, 15.8127889633, 16.3932876587, 16.9737873077, 17.5542850494, 18.1231746674, 18.6920623779, 19.272562027, 19.853061676, 20.4335594177, 21.0140590668, 21.5945568085, 22.1634464264, 22.7323360443, 23.312833786, 23.8933334351, 24.4738311768, 25.0543308258, 25.6348285675, 26.2153282166, 26.7842178345, 27.353105545, 27.9336051941, 28.5141029358, 29.0946025848, 29.6751022339, 30.2555999756, 30.8244895935, 31.3933773041, 31.9738769531, 32.5543746948, 33.1348762512, 33.7037620544, 34.2726516724, 34.8531494141, 35.4336509705, 36.0141487122, 36.5946464539, 37.1751480103, 37.755645752, 38.3245353699, 38.9050331116, 39.4739227295, 40.0544204712, 40.6233100891, 41.192199707, 41.7726974487, 42.3531951904, 42.9336967468, 43.5141944885, 44.0946922302, 44.6751937866, 45.2556915283, 45.83618927, 46.4166870117, 46.9855766296, 47.5544662476, 48.1349639893, 48.7154655457, 49.2959632874, 49.8648529053, 50.445350647, 51.0142402649, 51.5947380066, 52.1752357483, 52.7557373047, 53.3362350464, 53.9167327881, 54.4972343445, 55.0777320862, 55.6582298279, 56.2619476318, 56.8772773743, 57.4926071167, 58.1079368591, 58.7000427246, 59.280544281, 59.8610420227, 60.4415397644, 61.0220413208, 61.6025390625, 62.1714286804, 62.7403144836, 63.32081604, 63.9013137817, 64.4818115234, 65.0623092651, 65.6428070068, 66.2233123779, 66.8038101196, 67.3843078613, 67.9764175415, 68.5685272217, 69.1838531494, 69.7759628296, 70.3680725098, 70.971786499, 71.5871200562, 72.1676177979, 72.7481155396, 73.3286132813, 73.9091110229, 74.489616394, 75.0701141357, 75.6506118774, 76.2311096191, 76.7999954224, 77.368888855, 77.9493865967, 78.5298843384, 79.1103820801, 79.6908798218, 80.2713851929, 80.8518829346, 81.4207687378, 81.9896621704, 82.5701599121, 83.1506576538, 83.7311553955, 84.3000411987, 84.8689346313, 85.449432373, 86.0299301147, 86.6104278564, 87.1909255981, 87.7714233398, 88.3403167725, 88.9092025757, 89.4897003174, 90.0702056885, 90.6507034302, 91.2312011719, 91.8000869751, 92.3805847168, 92.9494781494, 93.5299758911, 94.1104736328, 94.6909713745, 95.2714691162, 95.8403625488, 96.4208602905, 96.9897460938, 97.5702438354, 98.1507492065, 98.7312469482, 99.3117446899, 99.8922424316, 100.472740173, 101.041633606, 101.610519409, 102.191017151, 102.771514893, 103.340408325, 103.909294128, 104.48979187, 105.070289612, 105.650794983, 106.231292725, 106.811790466, 107.392288208, 107.961174011, 108.530067444, 109.110565186, 109.691062927, 110.271560669, 110.852058411, 111.420951843, 111.989837646, 112.570335388, 113.15083313, 113.731338501, 114.311836243, 114.880722046, 115.449615479, 116.03011322, 116.610610962, 117.191108704, 117.771606445, 118.352104187, 118.932601929, 119.5131073, 120.10521698, 120.720542908, 121.335868835, 121.939590454, 122.543312073, 123.135414124, 123.727523804, 124.308021545, 124.876914978, 125.45741272, 126.037910461, 126.618408203, 127.198905945, 127.779411316, 128.359909058, 128.94039917, 129.520904541, 130.101409912, 130.670288086, 131.250793457, 131.831283569, 132.41178894, 132.992294312, 133.572784424, 134.153289795, 134.745391846, 135.360717773, 135.964447021, 136.556549072, 137.148666382, 137.740768433, 138.35609436, 138.971420288, 139.586761475, 140.202087402, 140.81741333, 141.421127319, 142.036453247, 142.663391113, 143.290344238, 143.928878784, 144.555831909, 145.171157837, 145.786483765, 146.401809692, 147.01713562, 147.493148804, 147.957550049, 148.421951294, 148.874740601, 149.327529907, 149.791931152, 150.256317139, 150.720718384, 151.185119629, 151.649520874, 152.102310181, 152.566711426, 153.031112671, 153.483901978, 153.936691284, 154.389480591, 154.842269897, 155.306671143, 155.759460449, 156.212234497, 156.676635742, 157.129425049, 157.582214355, 158.035003662, 158.499404907, 158.963806152, 159.428207397, 159.892608643, 160.357009888, 160.76335144, 161.169708252, 161.564437866, 161.959182739, 162.353912354, 162.760269165, 163.166610718, 163.561355591, 163.956100464, 164.350830078, 164.745574951, 165.117095947, 165.500228882, 165.883346558, 166.278091431, 166.661224365, 167.0443573, 167.427474976, 167.81060791, 168.193740845, 168.576873779, 168.971603394, 169.366348267, 169.737869263, 170.121002197, 170.504119873, 170.898864746, 171.270385742, 171.665115356, 172.059860229, 172.431381226, 172.81451416, 173.197631836, 173.592376709, 173.987121582, 174.358642578, 174.741760254, 175.124893188, 175.519638062, 175.891159058, 176.274276733, 176.657409668, 177.052154541, 177.423675537, 177.806793213, 178.189926147, 178.584671021, 178.967803955, 179.350921631, 179.745666504, 180.140411377, 180.511917114, 180.895050049, 181.278182983, 181.672927856, 182.044433594, 182.427566528, 182.810699463, 183.205444336, 183.588562012, 183.971694946, 184.366439819, 184.749572754, 185.13269043, 185.515823364, 185.898956299, 186.293685913, 186.676818848, 187.059951782, 187.443084717, 187.826202393, 188.209335327, 188.592468262, 188.975601196, 189.358734131, 189.741851807, 190.124984741, 190.519729614, 190.914459229, 191.285980225, 191.669113159, 192.052246094, 192.446975708, 192.830108643, 193.213241577, 193.596374512, 193.979492188, 194.362625122, 194.745758057, 195.140487671, 195.523620605, 195.90675354, 196.289886475, 196.673019409, 197.067749023, 197.43927002, 197.834014893, 198.217132568, 198.600265503, 198.983398438, 199.366531372, 199.761260986, 200.156005859, 200.527526855, 200.91065979, 201.293777466, 201.6769104, 202.060043335, 202.454788208, 202.826293945, 203.221038818, 203.592559814, 203.987304688, 204.370422363, 204.753555298, 205.136688232, 205.519821167, 205.914550781, 206.309295654, 206.68081665, 207.063934326, 207.447067261, 207.841812134, 208.21333313, 208.596466064, 208.97958374, 209.374328613, 209.745849609, 210.117370605, 210.51210022, 210.895233154, 211.278366089, 211.673095703, 212.067840576, 212.462585449], "beats_loudness": {"dvar2": 0.008146465756, "var": 0.00345492153428, "min": 0.000439985306002, "dmean": 0.0479639917612, "mean": 0.0632915198803, "max": 0.338001251221, "dmean2": 0.0840628445148, "median": 0.0498948991299, "dvar": 0.0029250390362}, "bpm_histogram_second_peak_weight": {"dvar2": 0, "var": 0, "min": 0.171149149537, "dmean": 0, "mean": 0.171149149537, "max": 0.171149149537, "dmean2": 0, "median": 0.171149149537, "dvar": 0}, "bpm_histogram_second_peak_spread": {"dvar2": 0, "var": 0, "min": 0.176470562816, "dmean": 0, "mean": 0.176470562816, "max": 0.176470562816, "dmean2": 0, "median": 0.176470562816, "dvar": 0}, "bpm_histogram_second_peak_bpm": {"dvar2": 0, "var": 0, "min": 157, "dmean": 0, "mean": 157, "max": 157, "dmean2": 0, "median": 157, "dvar": 0}, "onset_rate": 5.45363998413}, "lowlevel": {"spectral_energyband_high": {"dvar2": 5.65013760934e-06, "var": 3.2044188174e-06, "min": 7.37845187177e-21, "dmean": 0.000744555029087, "mean": 0.000707058236003, "max": 0.0182731747627, "dmean2": 0.00121403625235, "median": 2.80571020994e-05, "dvar": 2.53201392297e-06}, "spectral_energyband_middle_low": {"dvar2": 0.00174394226633, "var": 0.000458127324237, "min": 1.63725329332e-22, "dmean": 0.00843236129731, "mean": 0.00685583800077, "max": 0.200116798282, "dmean2": 0.0146304368973, "median": 0.00128946697805, "dvar": 0.00065807858482}, "spectral_energy": {"dvar2": 0.00371935474686, "var": 0.00263819168322, "min": 1.01121561649e-20, "dmean": 0.0230506863445, "mean": 0.0447960272431, "max": 0.385095089674, "dmean2": 0.0382404997945, "median": 0.0280909314752, "dvar": 0.00142417871393}, "spectral_spread": {"dvar2": 6038622306300.0, "var": 7442298044420.0, "min": 831024.1875, "dmean": 1457767.625, "mean": 5268503, "max": 53326220, "dmean2": 2121260, "median": 5025042.5, "dvar": 3298439725060.0}, "spectral_energyband_low": {"dvar2": 0.00251498748548, "var": 0.00210716295987, "min": 4.23747363748e-23, "dmean": 0.0190757401288, "mean": 0.0372073464096, "max": 0.380055010319, "dmean2": 0.0307120792568, "median": 0.0224832650274, "dvar": 0.00104284461122}, "spectral_rolloff": {"dvar2": 6073506, "var": 3331674.25, "min": 21.533203125, "dmean": 532.564208984, "mean": 766.163574219, "max": 19207.6171875, "dmean2": 927.65045166, "median": 129.19921875, "dvar": 2565320.25}, "barkbands": {"dvar2": [2.22243452299e-05, 0.00199076673016, 0.000546763883904, 0.00048366538249, 0.000814708997495, 2.44035049946e-06, 1.20465438158e-05, 3.87118092249e-07, 2.82461110146e-06, 3.05067430872e-07, 1.46379036892e-07, 1.34061409085e-07, 1.1958402979e-07, 8.50650891948e-08, 8.1018521314e-07, 6.59498596178e-07, 2.68282320803e-07, 3.43797609048e-07, 1.22003157799e-07, 1.10865414626e-07, 1.03799564499e-07, 2.16597229041e-07, 2.86041483832e-07, 3.11816506837e-07, 2.76776461305e-07, 2.79826686267e-08, 1.3620827799e-09], "var": [4.93687693961e-05, 0.00129075208679, 0.000206014112337, 0.000106822801172, 0.000158791939612, 1.14372937787e-06, 2.68163466899e-06, 1.26990997273e-07, 6.68900611345e-07, 8.0499127364e-08, 4.09569409499e-08, 4.72523034034e-08, 6.66691661877e-08, 4.40032437155e-08, 7.43170062378e-07, 1.88493302744e-07, 1.30737660697e-07, 1.06551276247e-07, 7.93955337031e-08, 8.82556534521e-08, 1.03660866557e-07, 1.63550595289e-07, 1.40669015991e-07, 1.06001493805e-07, 7.78209994223e-08, 9.41482181105e-09, 3.40717232206e-10], "min": [9.60736499301e-24, 1.74312653629e-23, 4.1899637006e-24, 3.47538746024e-24, 1.43564875027e-23, 2.14913289159e-23, 3.98053627639e-23, 2.32451118587e-23, 4.20350339363e-23, 4.11315988732e-23, 6.46267102191e-23, 6.3525428841e-23, 1.23813385149e-22, 7.10582805576e-23, 1.35242199995e-22, 6.00325673228e-23, 1.6347871248e-22, 1.67016646355e-22, 2.57768416582e-22, 2.08062442405e-22, 3.32356969597e-22, 4.21174503372e-22, 6.19105005637e-22, 6.2832864502e-22, 1.1035271957e-21, 1.49310301092e-21, 2.38672141318e-21], "dmean": [0.00171107635833, 0.0159847587347, 0.00582732679322, 0.00400803564116, 0.00430476618931, 0.000361714017345, 0.000461977178929, 0.000120669872558, 0.000182341027539, 6.66008345434e-05, 5.63351823075e-05, 6.6695996793e-05, 6.55990152154e-05, 5.25900686625e-05, 0.000107271138404, 0.000103853890323, 8.52505327202e-05, 8.36820545373e-05, 6.64150065859e-05, 9.26355860429e-05, 9.58759774221e-05, 0.000130393338623, 0.000135007416247, 0.000152623877511, 0.000153105225763, 5.09270394105e-05, 9.42935184867e-06], "mean": [0.00334109761752, 0.0266276169568, 0.006342664361, 0.00263173901476, 0.00320555875078, 0.000393742899178, 0.000352278089849, 0.000107161868073, 0.000148725113831, 7.90087724454e-05, 5.85691268498e-05, 9.12685354706e-05, 8.0375088146e-05, 6.28832349321e-05, 0.000144512508996, 0.00010377651779, 0.000109254986455, 8.39061031002e-05, 7.75382577558e-05, 9.84990037978e-05, 0.000105113584141, 0.000137556460686, 0.000130886299303, 0.000124906233395, 0.000112439185614, 3.84198683605e-05, 6.53735924061e-06], "max": [0.0659648180008, 0.354573905468, 0.173916935921, 0.0998137146235, 0.164767146111, 0.020991301164, 0.0379179492593, 0.00702500808984, 0.0273317582905, 0.00719598401338, 0.00489151012152, 0.0041118604131, 0.00417427020147, 0.00332618597895, 0.0164996944368, 0.00767673645169, 0.00683270348236, 0.00455159973353, 0.00440962146968, 0.00521357171237, 0.00420931354165, 0.00536133581772, 0.00369008257985, 0.00333833182231, 0.00268540647812, 0.00077044358477, 0.000211313265027], "dmean2": [0.0025569323916, 0.0258481670171, 0.00961105991155, 0.00728571135551, 0.00804224796593, 0.000607996364124, 0.00082239304902, 0.000204193129321, 0.000310656963848, 0.000116083821922, 9.73329151748e-05, 0.000112981120765, 0.00010447830573, 8.55541948113e-05, 0.000148730425281, 0.000179988550371, 0.000134968984639, 0.000136006783578, 0.000103065860458, 0.000145168392919, 0.000143359226058, 0.000209990612348, 0.000217273540329, 0.000264691945631, 0.000262644811301, 8.72444506967e-05, 1.66224108398e-05], "median": [0.00109723105561, 0.0150771010667, 0.00180557835847, 0.000132392684463, 0.000586865120567, 0.000100637022115, 2.78999432339e-05, 1.28796073113e-05, 1.03249985841e-05, 1.17368435895e-05, 1.06357583718e-05, 3.00718038488e-05, 1.12679890663e-05, 8.99291808309e-06, 1.05297203845e-05, 1.34020483529e-05, 2.00702925213e-05, 8.18665648694e-06, 8.46904913487e-06, 6.52071048535e-06, 5.11546750204e-06, 5.21985839441e-06, 5.72465796722e-06, 3.99463169742e-06, 2.5064230158e-06, 7.43846328533e-07, 1.05140429696e-07], "dvar": [9.82556230156e-06, 0.000808312383015, 0.000218715213123, 0.000173838474439, 0.000282592576696, 1.07437188035e-06, 4.24911877417e-06, 1.49718957232e-07, 1.02843875993e-06, 1.05592476984e-07, 5.41253051267e-08, 4.99169274804e-08, 5.13743323438e-08, 3.64723291568e-08, 3.95839435896e-07, 2.39595379981e-07, 1.08656855957e-07, 1.28845982772e-07, 5.71679343864e-08, 5.66986280148e-08, 5.97173013261e-08, 1.07476580524e-07, 1.2084082357e-07, 1.20326589581e-07, 1.03153816156e-07, 1.0938188133e-08, 4.96310215148e-10]}, "melbands_skewness": {"dvar2": 27.0004577637, "var": 35.64478302, "min": -2.19581818581, "dmean": 2.51588392258, "mean": 8.15726852417, "max": 52.8954772949, "dmean2": 4.03625774384, "median": 7.20403766632, "dvar": 10.3739700317}, "barkbands_skewness": {"dvar2": 19.010017395, "var": 19.1301689148, "min": -3.32130241394, "dmean": 2.23979949951, "mean": 5.46950626373, "max": 46.4465065002, "dmean2": 3.54325389862, "median": 4.82970952988, "dvar": 7.36772489548}, "erbbands": {"dvar2": [1.67215907574, 125.17301178, 671.077880859, 2291.2097168, 11386.5957031, 5858.11181641, 431.056915283, 270.449523926, 1868.09643555, 1479.17114258, 217.969940186, 1722.01074219, 153.209152222, 350.177001953, 225.278701782, 287.499725342, 231.957641602, 237.605682373, 178.507949829, 3217.23388672, 1063.59765625, 1136.00805664, 780.11328125, 442.511199951, 433.508666992, 271.170532227, 145.353439331, 200.968093872, 276.693786621, 235.778884888, 223.710693359, 235.821212769, 49.4604110718, 33.0464019775, 16.279127121, 1.08215796947, 0.0691248998046, 0.00311239669099, 3.98885313189e-05, 8.89473170673e-08], "var": [1.37837052345, 76.1309661865, 312.582672119, 590.842651367, 2414.53344727, 1126.26074219, 117.890335083, 92.9257583618, 446.760803223, 326.946258545, 72.3690567017, 393.399414063, 57.402141571, 86.5941162109, 65.6194610596, 91.0297241211, 118.492240906, 153.947723389, 157.674667358, 3314.56762695, 388.272827148, 464.797271729, 243.623703003, 256.479217529, 214.202850342, 215.318069458, 148.393981934, 173.367462158, 200.68862915, 182.064147949, 103.956001282, 74.9807434082, 18.3690719604, 9.79611587524, 4.33204936981, 0.354669630527, 0.0228529088199, 0.000870790157933, 1.01234672911e-05, 2.7643208611e-08], "min": [6.77243221315e-22, 3.18127544552e-21, 8.88364674459e-21, 1.13914927642e-20, 2.29166705169e-20, 7.13443278327e-20, 6.41770533942e-20, 1.98040299384e-19, 3.05524510071e-19, 8.53754099924e-19, 5.13693584357e-19, 1.13195582624e-18, 1.70500690907e-18, 1.85008952883e-18, 3.26513354745e-18, 2.66871275115e-18, 5.33052433445e-18, 3.85363636413e-18, 5.26048322967e-18, 7.50533477967e-18, 4.78491186651e-18, 1.07859727937e-17, 9.68331456742e-18, 1.00473898422e-17, 1.01911968461e-17, 1.09247124892e-17, 1.05457347284e-17, 1.42485318127e-17, 1.32204554992e-17, 1.86364238686e-17, 1.66435505583e-17, 1.3707834452e-17, 1.09243857528e-17, 1.09935347433e-17, 9.14189590518e-18, 4.77754499597e-18, 3.30336728293e-18, 1.21577300373e-18, 2.91956344032e-19, 3.41768992498e-20], "dmean": [0.477965682745, 3.68897342682, 7.26027441025, 9.61672115326, 17.6584033966, 11.3605470657, 4.57776165009, 3.16525101662, 6.19659805298, 5.35650873184, 2.57258152962, 4.31693506241, 1.88694012165, 2.14878296852, 2.42831993103, 2.85960435867, 2.69570040703, 2.9593732357, 2.59157204628, 7.20004653931, 5.09296274185, 5.11819696426, 4.14757966995, 3.66176652908, 3.87100791931, 4.56223249435, 3.60155272484, 3.97457098961, 4.56079959869, 4.52186059952, 3.77543282509, 3.48766160011, 2.18653512001, 1.77058160305, 1.10204386711, 0.302640676498, 0.0787664204836, 0.0158873703331, 0.00161703058984, 9.29331072257e-05], "mean": [0.78814136982, 5.65243434906, 9.43837165833, 7.67389440536, 12.8529310226, 8.21725082397, 4.11196660995, 2.98770451546, 5.00940942764, 3.99539852142, 2.36628675461, 3.47580003738, 2.34527778625, 2.3807823658, 2.90359449387, 3.7289223671, 3.35818791389, 3.74867725372, 3.47555398941, 10.0921115875, 5.94553852081, 6.45127153397, 4.25994253159, 4.17644166946, 4.24656867981, 4.84287071228, 4.05108118057, 4.27615404129, 4.77928972244, 4.70491075516, 3.58661627769, 2.96568846703, 1.78087484837, 1.30966150761, 0.792679429054, 0.22950579226, 0.0595499463379, 0.0114252278581, 0.00115361378994, 0.000101705474663], "max": [10.9591608047, 89.3614044189, 184.235534668, 229.100585938, 551.452331543, 419.446105957, 133.234329224, 240.939147949, 454.205535889, 491.987487793, 190.313949585, 672.853027344, 126.066795349, 286.576202393, 155.853317261, 195.136001587, 155.249786377, 194.064056396, 203.985534668, 996.779846191, 288.262207031, 481.608001709, 223.960281372, 255.6381073, 213.441497803, 244.299255371, 156.449661255, 173.689254761, 183.680801392, 170.168151855, 102.603034973, 101.274154663, 35.0339393616, 24.1447601318, 22.4832115173, 5.80315113068, 1.52790760994, 0.291413396597, 0.037637449801, 0.00192670733668], "dmean2": [0.785230278969, 5.9709405899, 11.4420976639, 16.849822998, 32.2617492676, 21.3779754639, 8.10591316223, 5.27648258209, 10.8685894012, 9.54342269897, 4.24329566956, 7.4037232399, 3.14175891876, 3.71831822395, 4.1579875946, 4.8484454155, 4.35917568207, 4.64024448395, 3.76485133171, 9.97551441193, 8.60294723511, 8.21611309052, 6.79599285126, 5.71382284164, 6.23799324036, 7.19367980957, 5.56043767929, 6.10228490829, 7.33015298843, 7.24093103409, 6.15157270432, 6.01214456558, 3.77080321312, 3.02970671654, 1.91996908188, 0.519145190716, 0.133936718106, 0.0278133153915, 0.00282668182626, 0.000158008551807], "median": [0.358115881681, 2.74805855751, 4.02038669586, 1.1353957653, 1.88579082489, 1.49950373173, 0.919182777405, 0.572310388088, 0.416788160801, 0.38034889102, 0.263784080744, 0.241631656885, 0.385210722685, 0.371195435524, 0.829436779022, 1.20596122742, 0.574885725975, 0.605700671673, 0.419786810875, 0.895462393761, 0.801127970219, 1.23375833035, 0.535120129585, 0.3787150383, 0.499639511108, 0.324589133263, 0.237457275391, 0.187416270375, 0.176207140088, 0.184625804424, 0.155441746116, 0.107105217874, 0.0518038272858, 0.0306620560586, 0.0154663491994, 0.00463363481686, 0.00113035121467, 0.000178911301191, 5.06664837303e-05, 4.46955200459e-05], "dvar": [0.629193365574, 52.6810073853, 273.320953369, 849.396179199, 4041.53735352, 2026.19775391, 160.461425781, 105.708389282, 664.461853027, 525.154785156, 86.203338623, 619.394226074, 57.3812217712, 123.252990723, 83.2502212524, 106.486289978, 100.573417664, 109.690582275, 88.9854049683, 1651.50878906, 398.015106201, 441.436767578, 291.206207275, 206.939498901, 175.427108765, 139.017791748, 83.4765319824, 109.239784241, 134.581726074, 119.901054382, 92.8636169434, 89.0402526855, 19.6206073761, 12.5073156357, 5.98516607285, 0.41762855649, 0.0268870797008, 0.00116090266965, 1.4563132936e-05, 3.30371143775e-08]}, "silence_rate_30dB": {"dvar2": 0.145690098405, "var": 0.113493852317, "min": 0, "dmean": 0.0749128907919, "mean": 0.86946105957, "max": 1, "dmean2": 0.149842098355, "median": 1, "dvar": 0.0693030059338}, "melbands_spread": {"dvar2": 852.947692871, "var": 658.003112793, "min": 0.058062389493, "dmean": 7.1915345192, "mean": 11.8873758316, "max": 245.026443481, "dmean2": 11.4347267151, "median": 2.65100717545, "dvar": 366.055267334}, "melbands_crest": {"dvar2": 36.098274231, "var": 51.9184494019, "min": 2.42824077606, "dmean": 4.1352519989, "mean": 22.5480632782, "max": 39.0764160156, "dmean2": 6.69541835785, "median": 21.6675949097, "dvar": 14.7277021408}, "zerocrossingrate": {"dvar2": 0.000574742152821, "var": 0.00162109511439, "min": 0.0009765625, "dmean": 0.013797454536, "mean": 0.0328834168613, "max": 0.51025390625, "dmean2": 0.0168062765151, "median": 0.0166015625, "dvar": 0.000442517135525}, "barkbands_kurtosis": {"dvar2": 36250.2773438, "var": 22291.9238281, "min": -1.92982912064, "dmean": 53.8770065308, "mean": 75.839881897, "max": 3366.37963867, "dmean2": 85.6098937988, "median": 30.347234726, "dvar": 14930.1708984}, "spectral_flux": {"dvar2": 0.00631811190397, "var": 0.00869447831064, "min": 1.00559220673e-10, "dmean": 0.0451028905809, "mean": 0.102641962469, "max": 0.578147292137, "dmean2": 0.070165887475, "median": 0.0687876790762, "dvar": 0.0032460859511}, "barkbands_crest": {"dvar2": 20.4881057739, "var": 30.6775798798, "min": 2.97741103172, "dmean": 3.29141569138, "mean": 16.2840957642, "max": 26.7213745117, "dmean2": 5.24376630783, "median": 16.6215305328, "dvar": 8.76349067688}, "barkbands_flatness_db": {"dvar2": 0.00716842571273, "var": 0.015212059021, "min": 0.0285847429186, "dmean": 0.0588401518762, "mean": 0.270248681307, "max": 0.7732655406, "dmean2": 0.0834900662303, "median": 0.266799896955, "dvar": 0.00352972350083}, "spectral_entropy": {"dvar2": 0.483847796917, "var": 0.842401266098, "min": 3.33232498169, "dmean": 0.43684053421, "mean": 7.17756462097, "max": 9.79256629944, "dmean2": 0.632581830025, "median": 7.2640376091, "dvar": 0.248783871531}, "pitch_salience": {"dvar2": 0.0261253621429, "var": 0.0337615907192, "min": 0.0180855505168, "dmean": 0.107913903892, "mean": 0.352336525917, "max": 0.913171291351, "dmean2": 0.169217556715, "median": 0.340126574039, "dvar": 0.0116920229048}, "erbbands_spread": {"dvar2": 1034.68713379, "var": 1192.76660156, "min": 0.657048285007, "dmean": 18.0326786041, "mean": 57.9232292175, "max": 199.444519043, "dmean2": 28.7742404938, "median": 51.7530632019, "dvar": 451.046508789}, "dynamic_complexity": 4.57730770111, "spectral_contrast_valleys": {"dvar2": [0.458762913942, 0.729927659035, 0.499885618687, 0.431286215782, 1.02816319466, 1.94584548473], "var": [0.940136253834, 1.06413185596, 1.02286100388, 1.11954319477, 1.77885878086, 3.01261281967], "min": [-26.758140564, -27.4378356934, -26.939868927, -27.5100383759, -27.3961372375, -27.3004989624], "dmean": [0.432253986597, 0.522924423218, 0.441407173872, 0.41787725687, 0.646746516228, 0.941183686256], "mean": [-7.23869514465, -7.99686479568, -8.61412906647, -8.83368301392, -8.82852172852, -11.0005645752], "max": [-4.70033168793, -4.5110001564, -5.3184428215, -5.56640195847, -5.29326200485, -7.54309797287], "dmean2": [0.689612865448, 0.811474919319, 0.674302875996, 0.621324002743, 0.877512276173, 1.20596301556], "median": [-7.09837913513, -8.08182525635, -8.62693691254, -8.83184051514, -8.73294353485, -11.0225448608], "dvar": [0.237983301282, 0.379261046648, 0.280294120312, 0.264200657606, 0.559122204781, 0.992111802101]}, "hfc": {"dvar2": 724.645690918, "var": 394.193328857, "min": 1.10232186159e-16, "dmean": 9.32494354248, "mean": 11.3668022156, "max": 233.365234375, "dmean2": 15.0835952759, "median": 4.33593702316, "dvar": 312.437927246}, "spectral_kurtosis": {"dvar2": 212.260528564, "var": 185.381668091, "min": -1.1614793539, "dmean": 5.95808601379, "mean": 8.80030536652, "max": 179.026046753, "dmean2": 9.29294013977, "median": 3.89724493027, "dvar": 97.637008667}, "mfcc": {"mean": [-758.207763672, 127.763877869, 32.5451545715, 39.3959159851, 32.1479415894, 26.9008235931, 11.9006519318, 14.3102235794, 5.85477733612, 2.59592247009, -0.429550409317, 7.96969985962, 9.4601726532], "cov": [[10437.2880859, -3493.47094727, 443.60055542, 160.337020874, -1010.53668213, -386.758178711, -310.84777832, -282.71383667, -95.9497451782, 116.2447052, 84.9651794434, -268.342803955, -346.08001709], [-3493.47094727, 3210.17871094, -470.305053711, -160.612548828, 613.651489258, 160.157943726, 54.1971435547, 111.487564087, 7.68630409241, -139.762451172, -87.06275177, 80.9075012207, 124.616477966], [443.60055542, -470.305053711, 1249.80554199, 161.928710938, -78.8313522339, 156.098052979, 74.2487030029, -50.2633094788, -51.9133415222, -61.0523262024, -31.996263504, 82.1766967773, 109.286987305], [160.337020874, -160.612548828, 161.928710938, 373.963562012, 22.7841186523, 3.54535079002, 55.4023590088, 49.4653968811, -42.5014190674, -34.1954498291, -22.0139484406, 43.0417976379, 33.1757621765], [-1010.53668213, 613.651489258, -78.8313522339, 22.7841186523, 355.749481201, 74.9419250488, 41.6792373657, 85.6254119873, 76.8148345947, -18.3774108887, -2.27405333519, 42.7546577454, 44.5630493164], [-386.758178711, 160.157943726, 156.098052979, 3.54535079002, 74.9419250488, 228.104721069, 74.1946792603, 28.2911186218, 7.64189434052, 1.30028712749, 1.77025318146, 35.3148612976, 47.0648536682], [-310.84777832, 54.1971435547, 74.2487030029, 55.4023590088, 41.6792373657, 74.1946792603, 159.289306641, 56.4124679565, 0.782974123955, -12.3886060715, 4.52003335953, 24.9917869568, 24.8366737366], [-282.71383667, 111.487564087, -50.2633094788, 49.4653968811, 85.6254119873, 28.2911186218, 56.4124679565, 171.9400177, 75.8442077637, 11.4918174744, 12.262213707, 54.6102027893, 34.8706970215], [-95.9497451782, 7.68630409241, -51.9133415222, -42.5014190674, 76.8148345947, 7.64189434052, 0.782974123955, 75.8442077637, 188.133895874, 76.2179031372, 55.2141494751, 15.9053087234, -13.3885688782], [116.2447052, -139.762451172, -61.0523262024, -34.1954498291, -18.3774108887, 1.30028712749, -12.3886060715, 11.4918174744, 76.2179031372, 144.420059204, 72.5689315796, -11.6367149353, -20.3359775543], [84.9651794434, -87.06275177, -31.996263504, -22.0139484406, -2.27405333519, 1.77025318146, 4.52003335953, 12.262213707, 55.2141494751, 72.5689315796, 94.9367752075, 15.6282186508, -11.2894496918], [-268.342803955, 80.9075012207, 82.1766967773, 43.0417976379, 42.7546577454, 35.3148612976, 24.9917869568, 54.6102027893, 15.9053087234, -11.6367149353, 15.6282186508, 112.338722229, 68.9197463989], [-346.08001709, 124.616477966, 109.286987305, 33.1757621765, 44.5630493164, 47.0648536682, 24.8366737366, 34.8706970215, -13.3885688782, -20.3359775543, -11.2894496918, 68.9197463989, 114.486129761]], "icov": [[0.000184638629435, 0.000128747327835, -4.35747133452e-05, -9.30974420044e-05, 0.000237861895585, 1.75697186933e-05, 0.00027515066904, -7.66322482377e-05, -1.59534447448e-05, 0.00014734895376, -0.000187562793144, 0.000191734390683, 0.000240808032686], [0.000128747327835, 0.000668432970997, 0.000177762820385, 0.000268666626653, -0.000769250327721, -0.000161222720635, 0.000176213448867, -1.4659093722e-05, 0.000280199077679, 0.000353518233169, 0.000160406067153, -5.28779928572e-05, -0.000110779772513], [-4.35747133452e-05, 0.000177762820385, 0.00123172614258, -0.000367432570783, 0.000165914694662, -0.000805647519883, -0.000341901613865, 0.000980756711215, -0.000524273375049, 0.000484820542624, 0.000345745764207, -0.000527983065695, -0.000975720700808], [-9.30974420044e-05, 0.000268666626653, -0.000367432570783, 0.00363724608906, -0.00104780297261, 0.000698683026712, -0.000917993660551, -0.0012053954415, 0.00158078223467, -0.000359081284842, 0.000781401293352, -0.00111076200847, 0.000276607112028], [0.000237861895585, -0.000769250327721, 0.000165914694662, -0.00104780297261, 0.00586521858349, -0.000994439120404, 0.000269163312623, -0.000582607986871, -0.00263904058374, 0.00135741534177, -0.000559777661692, 0.000644169747829, -0.000564019603189], [1.75697186933e-05, -0.000161222720635, -0.000805647519883, 0.000698683026712, -0.000994439120404, 0.00640973355621, -0.00246333982795, 0.000100582743471, 0.000466596800834, -0.00135771941859, 0.000418256473495, -0.000398245523684, -0.000854599522427], [0.00027515066904, 0.000176213448867, -0.000341901613865, -0.000917993660551, 0.000269163312623, -0.00246333982795, 0.0093439668417, -0.0032176899258, 0.00108490034472, 0.00145323807374, -0.00229644356295, 0.00132872827817, 0.000451886182418], [-7.66322482377e-05, -1.4659093722e-05, 0.000980756711215, -0.0012053954415, -0.000582607986871, 0.000100582743471, -0.0032176899258, 0.0109764486551, -0.00454034889117, -0.000158664654009, 0.00201422162354, -0.00362968887202, -0.0014378830092], [-1.59534447448e-05, 0.000280199077679, -0.000524273375049, 0.00158078223467, -0.00263904058374, 0.000466596800834, 0.00108490034472, -0.00454034889117, 0.0107908919454, -0.00388012477197, -0.00193197769113, -0.00088772532763, 0.00258875475265], [0.00014734895376, 0.000353518233169, 0.000484820542624, -0.000359081284842, 0.00135741534177, -0.00135771941859, 0.00145323807374, -0.000158664654009, -0.00388012477197, 0.0143944434822, -0.00931744929403, 0.00393668748438, -0.0017208250938], [-0.000187562793144, 0.000160406067153, 0.000345745764207, 0.000781401293352, -0.000559777661692, 0.000418256473495, -0.00229644356295, 0.00201422162354, -0.00193197769113, -0.00931744929403, 0.0206990651786, -0.00687057198957, 0.00292875780724], [0.000191734390683, -5.28779928572e-05, -0.000527983065695, -0.00111076200847, 0.000644169747829, -0.000398245523684, 0.00132872827817, -0.00362968887202, -0.00088772532763, 0.00393668748438, -0.00687057198957, 0.0186346489936, -0.0091066621244], [0.000240808032686, -0.000110779772513, -0.000975720700808, 0.000276607112028, -0.000564019603189, -0.000854599522427, 0.000451886182418, -0.0014378830092, 0.00258875475265, -0.0017208250938, 0.00292875780724, -0.0091066621244, 0.0171132646501]]}, "silence_rate_20dB": {"dvar2": 0, "var": 0, "min": 1, "dmean": 0, "mean": 1, "max": 1, "dmean2": 0, "median": 1, "dvar": 0}, "melbands_kurtosis": {"dvar2": 119912.539063, "var": 85025.8671875, "min": -1.87511324883, "dmean": 98.7738647461, "mean": 173.217453003, "max": 4381.56347656, "dmean2": 160.899780273, "median": 94.0472488403, "dvar": 45887.65625}, "barkbands_spread": {"dvar2": 572.230529785, "var": 347.11227417, "min": 0.0217562969774, "dmean": 8.68092155457, "mean": 13.0958461761, "max": 115.759353638, "dmean2": 14.2648153305, "median": 4.71990060806, "dvar": 232.895385742}, "erbbands_skewness": {"dvar2": 1.33758449554, "var": 2.37070727348, "min": -4.05175971985, "dmean": 0.690160095692, "mean": 0.556355774403, "max": 13.2970285416, "dmean2": 1.05300283432, "median": 0.271321177483, "dvar": 0.621361792088}, "average_loudness": 0.787714958191, "spectral_centroid": {"dvar2": 832044, "var": 878747.4375, "min": 46.3418922424, "dmean": 409.724090576, "mean": 989.383911133, "max": 11095.4550781, "dmean2": 648.800537109, "median": 604.481445313, "dvar": 382155.28125}, "dissonance": {"dvar2": 0.000778791902121, "var": 0.00073399359826, "min": 0.284147948027, "dmean": 0.0167137291282, "mean": 0.466492682695, "max": 0.499999970198, "dmean2": 0.0275417566299, "median": 0.47428971529, "dvar": 0.000298197788652}, "erbbands_flatness_db": {"dvar2": 0.00237386883236, "var": 0.00421318272129, "min": 0.0430796034634, "dmean": 0.0317845009267, "mean": 0.157588750124, "max": 0.476909548044, "dmean2": 0.04721756652, "median": 0.150591984391, "dvar": 0.00122645928059}, "spectral_strongpeak": {"dvar2": 0.508159637451, "var": 0.355958551168, "min": 0, "dmean": 0.243459060788, "mean": 0.453112334013, "max": 8.63900089264, "dmean2": 0.406611949205, "median": 0.3410846591, "dvar": 0.214365839958}, "spectral_rms": {"dvar2": 8.41810924612e-06, "var": 1.16003311632e-05, "min": 3.14094215047e-12, "dmean": 0.00151557871141, "mean": 0.00566596025601, "max": 0.0193830486387, "dmean2": 0.00243501807563, "median": 0.00523505359888, "dvar": 3.43120609614e-06}, "silence_rate_60dB": {"dvar2": 0.0708654820919, "var": 0.0758881792426, "min": 0, "dmean": 0.0300522651523, "mean": 0.0827436000109, "max": 1, "dmean2": 0.0601110756397, "median": 0, "dvar": 0.0291466694325}, "melbands": {"dvar2": [0.000134502537549, 0.000154970985022, 7.43984201108e-05, 5.33905804332e-05, 1.05559115582e-06, 1.12599643387e-07, 4.90202978654e-07, 1.22108986034e-07, 2.36308359547e-08, 6.3440054987e-08, 3.49047013515e-09, 6.55376908298e-09, 3.06417824447e-09, 1.4933260184e-09, 1.81039538916e-09, 1.07812669903e-09, 9.70064251149e-10, 3.62891439121e-10, 3.96234600686e-09, 4.54762361102e-09, 1.25074262058e-09, 1.50696521928e-09, 3.80485948304e-10, 1.16665266336e-09, 2.53025211894e-10, 2.25791912944e-10, 1.98321373213e-10, 1.22021115434e-10, 5.36381390692e-11, 8.96453467014e-11, 5.83686710076e-11, 9.17398310096e-11, 9.93457469067e-11, 9.03784685979e-11, 6.38473302006e-11, 1.16525164517e-10, 8.20073939312e-11, 2.1890119925e-11, 2.47496242251e-11, 2.43264106775e-11], "var": [9.4834191259e-05, 9.75343282335e-05, 2.18250988837e-05, 1.07497289719e-05, 2.37881209841e-07, 4.30750191072e-08, 1.11332468578e-07, 2.76448233194e-08, 7.0208869829e-09, 1.44262743973e-08, 1.34696820364e-09, 1.56662960382e-09, 8.40617964126e-10, 6.37357444599e-10, 5.72353775485e-10, 6.64768518011e-10, 5.56608814595e-10, 2.72858485806e-10, 3.60199003957e-09, 3.00554625632e-09, 4.18648171685e-10, 6.7416588978e-10, 1.47397288819e-10, 3.19117926528e-10, 1.69380745541e-10, 1.04105009335e-10, 1.11083080234e-10, 9.79783754129e-11, 4.91636939493e-11, 7.69579677762e-11, 5.04364223997e-11, 6.3714013232e-11, 6.8599348424e-11, 5.50093026686e-11, 3.34323194129e-11, 3.72065780962e-11, 2.56942904453e-11, 8.93227158905e-12, 7.7415010