{"tonal": {"thpcp": [1, 0.639636814594, 0.0710193514824, 0.0198835544288, 0.0130266882479, 0.0460394173861, 0.0932078063488, 0.0652068331838, 0.0836067423224, 0.146064952016, 0.082726188004, 0.0223723948002, 0.0264785736799, 0.0147972609848, 0.0960801616311, 0.355611145496, 0.334299147129, 0.111429259181, 0.103971391916, 0.0871078893542, 0.13091930747, 0.243415758014, 0.162054792047, 0.0381124354899, 0.0214802194387, 0.0127574447542, 0.0279061533511, 0.039653133601, 0.031643114984, 0.0924377590418, 0.129786789417, 0.0588482096791, 0.0148204984143, 0.0157541595399, 0.0272039957345, 0.441101938486], "hpcp": {"dmean2": [0.0170816462487, 0.0166699234396, 0.0750089734793, 0.128871947527, 0.156690523028, 0.106382027268, 0.0327759832144, 0.0742369964719, 0.0941225737333, 0.103770308197, 0.0850311517715, 0.0363913290203, 0.0262963175774, 0.0140084289014, 0.0162453930825, 0.0234825257212, 0.0220345314592, 0.0483233332634, 0.0605158805847, 0.0302898287773, 0.0130007425323, 0.0169371198863, 0.0322706177831, 0.146524488926, 0.111913003027, 0.180521011353, 0.0702188387513, 0.0196048710495, 0.015457957983, 0.0268446598202, 0.0447429269552, 0.0405665114522, 0.0433784723282, 0.0517945364118, 0.034001108259, 0.0127157093957], "median": [0.00719356490299, 0.00464159157127, 0.0386307090521, 0.148847430944, 0.134043574333, 0.0399790666997, 0.00546477036551, 0.00746323820204, 0.0501700490713, 0.101692587137, 0.0740764290094, 0.00978244841099, 0.000853726756759, 0.00127971253823, 0.00211825012229, 0.00139810773544, 0.00828719139099, 0.0258495919406, 0.0239239707589, 0.00504434015602, 0.00113572669216, 0.00100838579237, 0.00310919294134, 0.362657308578, 1, 0.529976129532, 0.0268263649195, 0.00128370779566, 0.00133591331542, 0.00340291857719, 0.00877661257982, 0.0084789916873, 0.00504707545042, 0.00186409137677, 0.00260311621241, 0.00660781515762], "min": [3.14648286803e-06, 1.64106222655e-05, 8.02491413197e-05, 9.18361911317e-05, 9.51939073275e-05, 7.2963644925e-05, 1.18921855119e-06, 5.90590389038e-06, 0.000211072634556, 0.000261013687123, 0.000406582374126, 7.89726072981e-06, 6.53430151942e-06, 9.14114843908e-06, 8.53604615259e-06, 1.47532909978e-05, 2.97033402603e-05, 1.12093412099e-05, 1.11957315312e-05, 3.41447812389e-05, 1.05886028905e-05, 5.81717176829e-06, 1.53098881128e-05, 0.000400775228627, 0.000914720993023, 0.000562636821996, 9.74659542408e-06, 4.93431025461e-06, 4.77543608213e-06, 4.61462805106e-05, 4.41028096247e-05, 3.0447019526e-05, 9.82312121778e-06, 6.24081712886e-06, 1.20424620036e-05, 3.35130221174e-06], "dvar2": [0.000907571637072, 0.00140257261228, 0.0131254997104, 0.034026004374, 0.0439539328218, 0.0306336451322, 0.00609244173393, 0.0263207163662, 0.0192176401615, 0.0225756689906, 0.0126594416797, 0.0075413081795, 0.0143596120179, 0.00339074525982, 0.00313921016641, 0.00876560341567, 0.00809732638299, 0.0126987230033, 0.0263324845582, 0.0081757362932, 0.0039783497341, 0.00992951542139, 0.0106850229204, 0.0426302962005, 0.0469178259373, 0.0454041697085, 0.031513735652, 0.0102070206776, 0.00609628204256, 0.00952933821827, 0.0209772475064, 0.0143204750493, 0.0182318836451, 0.0212564114481, 0.00770440883934, 0.000501756148878], "dvar": [0.000333725940436, 0.000467642385047, 0.00488703371957, 0.0174973849207, 0.0198733843863, 0.0101716313511, 0.00300373719074, 0.0089949183166, 0.00726891076192, 0.0111977672204, 0.0059252330102, 0.00265503837727, 0.00485573522747, 0.00115527375601, 0.00131792714819, 0.00403281720355, 0.00286552147008, 0.00499116955325, 0.0110630923882, 0.00339462445118, 0.00133012828883, 0.00302566634491, 0.00371421012096, 0.0143850231543, 0.0212746728212, 0.0168111566454, 0.0100555894896, 0.00369569822215, 0.00193350343034, 0.00403293967247, 0.00913177244365, 0.00541595555842, 0.00757864955813, 0.0109499515966, 0.00370187452063, 0.000209583784454], "dmean": [0.0104114096612, 0.00923306122422, 0.0447621122003, 0.092320241034, 0.103166267276, 0.0614398568869, 0.0215123780072, 0.0429078266025, 0.0564550720155, 0.0692705959082, 0.0553587153554, 0.0215574447066, 0.0142660681158, 0.00781703460962, 0.0102959638461, 0.0151425134391, 0.0139402635396, 0.0310952626169, 0.0383556075394, 0.0186844654381, 0.00750384526327, 0.00934926792979, 0.0181352812797, 0.0916517078876, 0.0716379061341, 0.11207793653, 0.0417449437082, 0.0111047876999, 0.00874964427203, 0.0163307934999, 0.0279367342591, 0.0259409584105, 0.0278381165117, 0.0348900929093, 0.0227772239596, 0.00825544632971], "max": [0.30091291666, 0.367257893085, 0.743743240833, 1, 1, 1, 1, 1, 0.956513822079, 1, 1, 1, 1, 0.534578979015, 0.873815238476, 1, 1, 0.982359409332, 1, 0.899205505848, 0.945507764816, 1, 1, 1, 1, 1, 1, 1, 0.825360834599, 1, 1, 1, 1, 1, 0.94069904089, 0.347135186195], "var": [0.00105718150735, 0.000412632216467, 0.00907168351114, 0.096614010632, 0.0868855342269, 0.0157143268734, 0.0450074747205, 0.0275875814259, 0.0199486799538, 0.0599914267659, 0.0219485722482, 0.00364711065777, 0.0062174401246, 0.00147881137673, 0.00429231021553, 0.0100192399696, 0.00349217094481, 0.0155832348391, 0.0468052327633, 0.0131747480482, 0.00261727091856, 0.00455813761801, 0.00742620695382, 0.0415540076792, 0.111701190472, 0.0611578337848, 0.0101484088227, 0.00569920195267, 0.00162126473151, 0.0137410182506, 0.0428916141391, 0.0141145326197, 0.0207610558718, 0.0681204721332, 0.0235944837332, 0.000806926691439], "mean": [0.0207900013775, 0.0116182640195, 0.0754386037588, 0.279212772846, 0.262479364872, 0.0874901488423, 0.0816345065832, 0.0683939084411, 0.10279301554, 0.191121086478, 0.127239450812, 0.0299244802445, 0.0168654769659, 0.0100166760385, 0.0219108834863, 0.0311341807246, 0.024845007807, 0.0725787207484, 0.101903811097, 0.0462054461241, 0.01163650956, 0.0123695861548, 0.0213595759124, 0.346336990595, 0.785163164139, 0.502219259739, 0.0557617768645, 0.0156118348241, 0.0102280760184, 0.036148454994, 0.0731833353639, 0.0511980056763, 0.0656449347734, 0.114684820175, 0.064953558147, 0.0175659805536]}, "tuning_equal_tempered_deviation": 0.0932554528117, "chords_changes_rate": 0.0362095534801, "key_key": "A#", "tuning_diatonic_strength": 0.536273777485, "key_scale": "minor", "chords_number_rate": 0.00346687203273, "tuning_frequency": 440.508636475, "tuning_nontempered_energy_ratio": 0.671145617962, "chords_histogram": [27.1571655273, 1.04006159306, 28.1972255707, 2.54237294197, 0.924499213696, 0.462249606848, 3.69799685478, 23.5747299194, 0, 6.12480735779, 0.462249606848, 0, 0.770416021347, 0, 0, 0, 0, 0, 0, 0, 2.69645619392, 2.34976887703, 0, 0], "key_strength": 0.684279024601, "chords_key": "F", "chords_strength": {"dmean2": 0.0038116381038, "median": 0.464124500751, "min": 0.188477143645, "dvar2": 1.51467029355e-05, "dvar": 2.33147566178e-05, "dmean": 0.00511169619858, "max": 0.713680684566, "var": 0.00678409310058, "mean": 0.464584618807}, "chords_scale": "minor", "hpcp_entropy": {"dmean2": 0.713973224163, "median": 1.35829687119, "min": 0.0420279316604, "dvar2": 0.466731131077, "dvar": 0.189621597528, "dmean": 0.428205162287, "max": 3.29010248184, "var": 0.51802521944, "mean": 1.3400233984}}, "metadata": {"audio_properties": {"equal_loudness": 0, "codec": "flac", "downmix": "mix", "sample_rate": 44100, "analysis_sample_rate": 44100, "bit_rate": 0, "md5_encoded": "126bf04cb1da1b0a11728b2f81afa0e8", "length": 120.494056702, "replay_gain": -3.30395126343, "lossless": true}, "version": {"essentia_build_sha": "2d9f1f26377add8aeb1075a9c2973f962c4f09fd", "essentia": "2.1-beta2", "extractor": "music 1.0", "essentia_git_sha": "v2.1_beta2-1-ge3940c0"}, "tags": {"title": ["Dvylika broliu juodvarniais lakstanciu"], "artist": ["Ten Walls"], "date": ["2017-03-27"], "file_name": "23 - Dvylika broliu juodvarniais lakstanciu.flac", "album": ["Queen"], "tracknumber": ["23"], "musicbrainz_recordingid": ["1f26b2a8-7fb5-4a20-a231-29325727dc6f"], "totaltracks": ["24"]}}, "rhythm": {"bpm_histogram_first_peak_bpm": {"dmean2": 0, "median": 172, "min": 172, "dvar2": 0, "dvar": 0, "dmean": 0, "max": 172, "var": 0, "mean": 172}, "bpm": 172.265625, "bpm_histogram_second_peak_spread": {"dmean2": 0, "median": 0.550000011921, "min": 0.550000011921, "dvar2": 0, "dvar": 0, "dmean": 0, "max": 0.550000011921, "var": 0, "mean": 0.550000011921}, "bpm_histogram_first_peak_weight": {"dmean2": 0, "median": 0.107806690037, "min": 0.107806690037, "dvar2": 0, "dvar": 0, "dmean": 0, "max": 0.107806690037, "var": 0, "mean": 0.107806690037}, "onset_rate": 0.215746924281, "beats_position": [0.336689323187, 0.673378646374, 1.02167797089, 1.369977355, 1.72988653183, 2.08979582787, 2.43809509277, 2.7863945961, 3.13469386101, 3.48299312592, 3.83129239082, 4.17959165573, 4.52789115906, 4.87619018555, 5.22448968887, 5.5727891922, 5.92108821869, 6.26938772202, 6.60607719421, 6.94276618958, 7.27945566177, 7.61614513397, 7.96444416046, 8.31274318695, 8.66104316711, 9.0093421936, 9.35764122009, 9.70594120026, 10.0542402267, 10.4025392532, 10.7508392334, 11.0991382599, 11.4474372864, 11.7841272354, 12.1208162308, 12.4575052261, 12.8058052063, 13.1541042328, 13.5024032593, 13.8390922546, 14.1873922348, 14.5240812302, 14.9768705368, 15.4296598434, 15.8824491501, 16.3352375031, 16.7531967163, 17.1711559296, 17.5891151428, 17.995464325, 18.4134235382, 18.8313827515, 19.2493419647, 19.667301178, 20.0736503601, 20.4799995422, 20.9095687866, 21.339138031, 21.7687072754, 22.1982765198, 22.6394557953, 23.0806350708, 23.5218143463, 23.9629936218, 24.40417099, 24.8453502655, 25.286529541, 25.7277088165, 26.1572780609, 26.5868473053, 27.0164165497, 27.4459857941, 27.8871650696, 28.2819042206, 28.6650333405, 29.0481624603, 29.4429016113, 29.895690918, 30.3600902557, 30.8244895935, 31.358549118, 31.8926067352, 32.4266662598, 32.9375038147, 33.4599533081, 33.9707946777, 34.4816322327, 34.9924697876, 35.4916992188, 35.9909286499, 36.4901580811, 36.9893875122, 37.4189567566, 37.848526001, 38.2897033691, 38.7192726135, 39.1604537964, 39.5900230408, 40.0195922852, 40.4491615295, 40.8903388977, 41.3315200806, 41.7494773865, 42.1674385071, 42.5737876892, 42.9801368713, 43.3864860535, 43.8044433594, 44.22240448, 44.6635818481, 45.0931510925, 45.5227203369, 45.9522895813, 46.3238105774, 46.6953277588, 47.0668487549, 47.4383659363, 47.8331069946, 48.2278442383, 48.6225852966, 49.0173225403, 49.3888435364, 49.7719726563, 50.1551017761, 50.538230896, 50.9213600159, 51.3160972595, 51.6992263794, 52.152015686, 52.6164169312, 53.0692062378, 53.5219955444, 53.9863929749, 54.4391822815, 54.8919715881, 55.3563690186, 55.8323783875, 56.2851676941, 56.7727890015, 57.2604064941, 57.7480278015, 58.1195449829, 58.491065979, 58.8625831604, 59.2457122803, 59.6288414001, 60.0003623962, 60.3718795776, 60.7550086975, 61.1381378174, 61.5212669373, 61.9043960571, 62.2759170532, 62.6706581116, 63.0653953552, 63.4601364136, 63.8548736572, 64.2728347778, 64.6907958984, 65.0855331421, 65.4918823242, 65.8982315063, 66.3045806885, 66.7109298706, 67.1521072388, 67.6048965454, 68.0576858521, 68.5685272217, 69.0793609619, 69.5902023315, 70.0429916382, 70.4957809448, 70.9485702515, 71.3897476196, 71.8309249878, 72.2604980469, 72.701675415, 73.1428527832, 73.5840377808, 74.001991272, 74.4780044556, 74.9540100098, 75.4300231934, 75.8944168091, 76.3588180542, 76.8116073608, 77.252784729, 77.6939697266, 78.1467590332, 78.5879364014, 79.0175018311, 79.4470748901, 79.8766403198, 80.3642578125, 80.8518829346, 81.3395004272, 81.8155059814, 82.291519165, 82.7675247192, 83.2667541504, 83.7659835815, 84.2652130127, 84.7760543823, 85.2752838135, 85.7861175537, 86.2853469849, 86.784576416, 87.2838058472, 87.7714233398, 88.2590484619, 88.7466659546, 89.2691116333, 89.7915649414, 90.3023986816, 90.8248519897, 91.3356933594, 91.8581390381, 92.3805847168, 92.9030380249, 93.4254837036, 93.9363250732, 94.458770752, 94.9696121216, 95.5268936157, 96.0841674805, 96.6530609131, 97.2219467163, 97.7908401489, 98.3829498291, 98.9518356323, 99.5207214355, 100.031562805, 100.542404175, 101.041633606, 101.610519409, 102.179405212, 102.748298645, 103.305580139, 103.886077881, 104.466575623, 105.023849487, 105.581130981, 106.150024414, 106.718910217, 107.276191711, 107.833465576, 108.39074707, 108.994468689, 109.598182678, 110.155464172, 110.712738037, 111.270019531, 111.827301025, 112.38457489, 112.930244446, 113.417869568, 113.917098999, 114.416320801, 114.869110107, 115.321899414, 115.774688721, 116.227478027, 116.680267334, 117.121452332, 117.574241638, 118.027030945, 118.468208313, 118.909385681, 119.362174988, 119.814964294], "beats_loudness": {"dmean2": 0.0143791018054, "median": 0.0106881074607, "min": 0.000768317258917, "dvar2": 0.000875956262462, "dvar": 0.000333342439262, "dmean": 0.0091560203582, "max": 0.194735616446, "var": 0.000589899194892, "mean": 0.0189924240112}, "danceability": 0.737976074219, "bpm_histogram_second_peak_weight": {"dmean2": 0, "median": 0.100371748209, "min": 0.100371748209, "dvar2": 0, "dvar": 0, "dmean": 0, "max": 0.100371748209, "var": 0, "mean": 0.100371748209}, "beats_count": 270, "bpm_histogram_second_peak_bpm": {"dmean2": 0, "median": 133, "min": 133, "dvar2": 0, "dvar": 0, "dmean": 0, "max": 133, "var": 0, "mean": 133}, "bpm_histogram_first_peak_spread": {"dmean2": 0, "median": 0, "min": 0, "dvar2": 0, "dvar": 0, "dmean": 0, "max": 0, "var": 0, "mean": 0}, "beats_loudness_band_ratio": {"dmean2": [0.246420100331, 0.185860574245, 0.173220187426, 0.0655406937003, 0.0118978954852, 0.000870795338415], "median": [0.368781834841, 0.281043112278, 0.26952368021, 0.0566626191139, 0.0060936845839, 0.000380193581805], "min": [0.00114408356603, 0.002299122978, 0.0168881900609, 0.00420392444357, 0.000300370389596, 4.47775710199e-05], "dvar2": [0.0514580123127, 0.024703130126, 0.0224500596523, 0.00463107740507, 0.000317796133459, 2.23570327762e-06], "dvar": [0.0178390294313, 0.00930429436266, 0.00905384402722, 0.00204655737616, 0.000136390444823, 8.53081587593e-07], "dmean": [0.150477930903, 0.109991624951, 0.106235899031, 0.0425802469254, 0.00740709155798, 0.000526607444044], "max": [0.870446145535, 0.805987596512, 0.878321051598, 0.493040382862, 0.0997440293431, 0.0103159043938], "var": [0.0490635558963, 0.0184299852699, 0.029520092532, 0.00794472079724, 0.000341609673342, 1.81956261258e-06], "mean": [0.368837416172, 0.297535300255, 0.28718957305, 0.0883026495576, 0.0142784528434, 0.000900596845895]}}, "lowlevel": {"barkbands_spread": {"dmean2": 1.34965920448, "median": 5.80156993866, "min": 0.794964492321, "dvar2": 1.82070469856, "dvar": 0.703602075577, "dmean": 0.851734578609, "max": 25.8262214661, "var": 8.07707214355, "mean": 6.09376955032}, "melbands_spread": {"dmean2": 2.01471662521, "median": 8.05936813354, "min": 0.846251666546, "dvar2": 4.18977928162, "dvar": 1.59959793091, "dmean": 1.2738275528, "max": 34.7837867737, "var": 18.8724060059, "mean": 8.70111846924}, "hfc": {"dmean2": 1.77083528042, "median": 4.18581104279, "min": 0.00061475194525, "dvar2": 15.0909643173, "dvar": 7.35583543777, "dmean": 1.19644725323, "max": 167.947097778, "var": 213.597961426, "mean": 9.31941795349}, "barkbands_kurtosis": {"dmean2": 2.37255764008, "median": 2.21670722961, "min": -1.30480599403, "dvar2": 8.69284057617, "dvar": 3.66322851181, "dmean": 1.53880786896, "max": 54.7335929871, "var": 22.2884521484, "mean": 3.80576014519}, "gfcc": {"mean": [-120.800193787, 170.322509766, -104.454597473, -23.2816238403, -52.5552406311, -9.72704696655, -39.0864028931, -6.64744663239, -22.6347503662, -16.4944095612, -22.8288154602, -7.1003613472, -12.1573896408], "icov": [[0.00212863716297, -0.00390371866524, 0.00431834068149, -0.00386684457771, 0.00416905805469, -0.00216750334948, 0.00173168501351, -0.00157376262359, 0.00112197943963, 0.00099478487391, -0.00186511373613, 0.00205590925179, -0.000816203188151], [-0.00390371866524, 0.0244483761489, -0.0134660406038, 0.0162997599691, -0.0200743656605, 0.0145934186876, -0.0177373681217, 0.0166281200945, -0.0148557703942, 0.0098115298897, -0.00715440465137, 0.00813317019492, -0.00683194817975], [0.00431834068149, -0.0134660406038, 0.0117231588811, -0.00984725728631, 0.012044862844, -0.0082269795239, 0.00892526656389, -0.00904130004346, 0.0077246138826, -0.00267766043544, 0.00170000467915, 7.73845749791e-05, 0.0012557678856], [-0.00386684457771, 0.0162997599691, -0.00984725728631, 0.0205383747816, -0.0188473425806, 0.00998794008046, -0.00975382979959, 0.00917592737824, -0.00961219333112, 0.00569232134148, -0.000779793248512, 0.00144292006735, -0.00184379622806], [0.00416905805469, -0.0200743656605, 0.012044862844, -0.0188473425806, 0.0382465310395, -0.0208576209843, 0.0178211219609, -0.015044728294, 0.013083493337, -0.00888933800161, 0.00777339749038, -0.00422057276592, 0.00574749568477], [-0.00216750334948, 0.0145934186876, -0.0082269795239, 0.00998794008046, -0.0208576209843, 0.0333113595843, -0.0204698592424, 0.0116863511503, -0.00620132917538, 0.00171718897764, -0.00321232294664, 0.00117327657063, -0.000785126525443], [0.00173168501351, -0.0177373681217, 0.00892526656389, -0.00975382979959, 0.0178211219609, -0.0204698592424, 0.0398768670857, -0.0247878264636, 0.0168338008225, -0.00494112772867, 0.004284420982, -0.00721795158461, 0.00414392817765], [-0.00157376262359, 0.0166281200945, -0.00904130004346, 0.00917592737824, -0.015044728294, 0.0116863511503, -0.0247878264636, 0.0408997870982, -0.0276415199041, 0.0101363100111, -0.00712268659845, 0.00763644976541, -0.0059857852757], [0.00112197943963, -0.0148557703942, 0.0077246138826, -0.00961219333112, 0.013083493337, -0.00620132917538, 0.0168338008225, -0.0276415199041, 0.0443983115256, -0.0279250200838, 0.0166218206286, -0.0103536788374, 0.00771355396137], [0.00099478487391, 0.0098115298897, -0.00267766043544, 0.00569232134148, -0.00888933800161, 0.00171718897764, -0.00494112772867, 0.0101363100111, -0.0279250200838, 0.0416805632412, -0.0276400409639, 0.012267915532, -0.00616356730461], [-0.00186511373613, -0.00715440465137, 0.00170000467915, -0.000779793248512, 0.00777339749038, -0.00321232294664, 0.004284420982, -0.00712268659845, 0.0166218206286, -0.0276400409639, 0.0445218347013, -0.029863236472, 0.0132464263588], [0.00205590925179, 0.00813317019492, 7.73845749791e-05, 0.00144292006735, -0.00422057276592, 0.00117327657063, -0.00721795158461, 0.00763644976541, -0.0103536788374, 0.012267915532, -0.029863236472, 0.0454738289118, -0.0248329546303], [-0.000816203188151, -0.00683194817975, 0.0012557678856, -0.00184379622806, 0.00574749568477, -0.000785126525443, 0.00414392817765, -0.0059857852757, 0.00771355396137, -0.00616356730461, 0.0132464263588, -0.0248329546303, 0.0333921015263]], "cov": [[4183.67138672, -423.347351074, -1935.30786133, 211.364685059, -110.27015686, -69.4901809692, 50.9904441833, -104.063415527, -18.3529453278, -46.0068130493, 176.319229126, 57.7251319885, 61.1926841736], [-423.347351074, 289.305603027, 370.24508667, -93.1430740356, 14.5939817429, -13.0644750595, 20.6782989502, -9.813372612, -16.3235054016, -38.0569648743, -40.626991272, -41.0901222229, 4.9370174408], [-1935.30786133, 370.24508667, 1192.77941895, -86.0731658936, 43.1157531738, 24.974029541, -12.5699691772, 44.197227478, -16.2675876617, -28.7942256927, -118.563171387, -72.6663589478, -27.0781555176], [211.364685059, -93.1430740356, -86.0731658936, 152.033737183, 37.8385620117, 4.981092453, -8.55825710297, 4.82195806503, 8.04571628571, -7.01942873001, -14.112906456, -7.14164686203, -9.594830513], [-110.27015686, 14.5939817429, 43.1157531738, 37.8385620117, 72.656578064, 24.7539310455, -4.92623853683, 6.82872390747, 3.12366223335, 1.14502608776, -18.0126667023, -12.8324975967, -12.2378005981], [-69.4901809692, -13.0644750595, 24.974029541, 4.981092453, 24.7539310455, 60.7294425964, 19.9119873047, 5.71064376831, -3.33465600014, 7.78309631348, 4.52560377121, 5.82692575455, -4.57084035873], [50.9904441833, 20.6782989502, -12.5699691772, -8.55825710297, -4.92623853683, 19.9119873047, 58.7720146179, 19.0232658386, -5.72242593765, -5.29162788391, 7.98259353638, 8.19623184204, 6.1837015152], [-104.063415527, -9.813372612, 44.197227478, 4.82195806503, 6.82872390747, 5.71064376831, 19.0232658386, 65.9965667725, 37.9323005676, 18.3723621368, -1.66755759716, 0.0386359579861, -2.19966053963], [-18.3529453278, -16.3235054016, -16.2675876617, 8.04571628571, 3.12366223335, -3.33465600014, -5.72242593765, 37.9323005676, 74.4088973999, 46.5825500488, 8.34836578369, 3.78777837753, -4.92356491089], [-46.0068130493, -38.0569648743, -28.7942256927, -7.01942873001, 1.14502608776, 7.78309631348, -5.29162788391, 18.3723621368, 46.5825500488, 83.5737609863, 47.6115951538, 24.1831893921, -0.516732633114], [176.319229126, -40.626991272, -118.563171387, -14.112906456, -18.0126667023, 4.52560377121, 7.98259353638, -1.66755759716, 8.34836578369, 47.6115951538, 89.1758041382, 54.9271507263, 13.9266967773], [57.7251319885, -41.0901222229, -72.6663589478, -7.14164686203, -12.8324975967, 5.82692575455, 8.19623184204, 0.0386359579861, 3.78777837753, 24.1831893921, 54.9271507263, 76.9339523315, 35.6915779114], [61.1926841736, 4.9370174408, -27.0781555176, -9.594830513, -12.2378005981, -4.57084035873, 6.1837015152, -2.19966053963, -4.92356491089, -0.516732633114, 13.9266967773, 35.6915779114, 55.839138031]]}, "spectral_energyband_middle_low": {"dmean2": 0.00436661299318, "median": 0.00944536272436, "min": 5.66396920476e-07, "dvar2": 4.57435235148e-05, "dvar": 2.01157163247e-05, "dmean": 0.00278505147435, "max": 0.210876241326, "var": 0.000328126829118, "mean": 0.0153378890827}, "melbands_crest": {"dmean2": 3.38287639618, "median": 14.3247928619, "min": 4.95485019684, "dvar2": 10.2029924393, "dvar": 3.51023483276, "dmean": 2.05988907814, "max": 31.7321510315, "var": 19.4420166016, "mean": 14.8450956345}, "spectral_kurtosis": {"dmean2": 13.4503536224, "median": 29.0958137512, "min": 6.42879247665, "dvar2": 124.92250061, "dvar": 43.9260978699, "dmean": 7.78269815445, "max": 90.4098434448, "var": 212.244216919, "mean": 31.4666194916}, "spectral_rms": {"dmean2": 0.000489660247695, "median": 0.00328792841174, "min": 2.96496982628e-05, "dvar2": 3.05926960209e-07, "dvar": 1.21621624771e-07, "dmean": 0.000309496914269, "max": 0.0154372351244, "var": 4.18712352257e-06, "mean": 0.00375195988454}, "zerocrossingrate": {"dmean2": 0.00291783106513, "median": 0.0224609375, "min": 0.00439453125, "dvar2": 6.2732610786e-06, "dvar": 3.51052221959e-06, "dmean": 0.00216386676766, "max": 0.0634765625, "var": 7.31384934625e-05, "mean": 0.02349977009}, "silence_rate_60dB": {"dmean2": 0.0346887633204, "median": 0, "min": 0, "dvar2": 0.040810264647, "dvar": 0.0170393045992, "dmean": 0.0173410400748, "max": 1, "var": 0.116239592433, "mean": 0.134270846844}, "erbbands_kurtosis": {"dmean2": 1.01192939281, "median": 0.540020406246, "min": -1.4706594944, "dvar2": 1.50926733017, "dvar": 0.615225076675, "dmean": 0.656867384911, "max": 14.0435791016, "var": 2.12835597992, "mean": 0.844251990318}, "erbbands": {"dmean2": [0.0036677736789, 0.0228744931519, 0.131351485848, 1.63688921928, 5.5286359787, 11.9582395554, 3.88944721222, 8.65230178833, 13.7643213272, 12.7488288879, 11.2014799118, 20.9477996826, 10.4693183899, 9.10406589508, 23.2166385651, 7.28000926971, 3.96559119225, 2.97689962387, 1.99298942089, 2.25472187996, 1.78473579884, 1.40791010857, 0.877466738224, 0.318651407957, 0.218596190214, 0.0937692373991, 0.0545381344855, 0.0236260909587, 0.054765291512, 0.0219571851194, 0.00783899985254, 0.00724909314886, 0.00393111538142, 0.00232593133114, 0.00122919701971, 0.000441542535555, 0.000126493410789, 2.88209193968e-05, 4.77997991766e-06, 5.09103574586e-06], "median": [0.00169600057416, 0.0251443721354, 0.180833861232, 2.49748301506, 7.78400087357, 6.24190187454, 3.54808044434, 8.77668857574, 5.36293888092, 7.63314390182, 7.33655023575, 14.7590961456, 9.32521343231, 4.23490047455, 7.45890951157, 2.40872764587, 1.94068241119, 1.30363118649, 1.18880355358, 1.04005467892, 0.592828392982, 0.507780849934, 0.269723027945, 0.109800443053, 0.0642902180552, 0.0295139178634, 0.0169134978205, 0.0104257287458, 0.0196863897145, 0.00864802766591, 0.00408895779401, 0.00385977583937, 0.00297509226948, 0.00176591647323, 0.00104660913348, 0.000566793256439, 0.00023924926063, 7.37937225495e-05, 1.92216266441e-05, 1.34566280394e-05], "min": [2.99712667129e-07, 1.34123808948e-06, 5.05819934915e-06, 2.68503918051e-05, 0.00012784502178, 0.000414822396124, 0.000886186026037, 0.00126861792523, 0.0013370354427, 0.0010794417467, 0.000511421065312, 0.00202878797427, 0.00690705748275, 0.00576062174514, 0.00200680526905, 0.000666302395985, 0.000988557119854, 0.00149948580656, 0.000764502212405, 6.97573341313e-05, 8.67370035849e-05, 0.000225880823564, 7.24444325897e-05, 8.48105555633e-05, 3.31629198627e-05, 2.87976508844e-05, 4.84961310576e-06, 7.85790416558e-06, 1.79008202394e-05, 1.48155259012e-05, 5.87632212046e-06, 2.47348657467e-06, 1.33489413656e-06, 2.82276869257e-06, 9.4383403848e-07, 3.89431988879e-07, 1.7258673779e-07, 7.51487334583e-08, 1.46493919218e-08, 2.3075732436e-09], "dvar2": [0.000170765968505, 0.00113870797213, 0.0401023216546, 15.2903938293, 124.980392456, 328.356445313, 31.0075016022, 284.516479492, 1770.97668457, 3910.58935547, 1785.53808594, 3408.64868164, 804.808349609, 3018.65112305, 10338.8378906, 562.990478516, 151.264144897, 149.252487183, 29.0548553467, 39.95054245, 28.080657959, 18.342710495, 6.87454605103, 1.17062520981, 0.476852715015, 0.0729069560766, 0.051710255444, 0.00809809938073, 0.0258227325976, 0.00322313467041, 0.000611541268881, 0.000542185560334, 0.000153862391016, 7.11686734576e-05, 1.71069077624e-05, 1.00909187495e-06, 5.23147107856e-08, 1.70212921535e-09, 2.98723372427e-11, 6.82064058011e-11], "dvar": [7.76859742473e-05, 0.000405653467169, 0.022445127368, 5.4617023468, 55.9053649902, 111.105987549, 11.2975378036, 131.27331543, 574.832458496, 2274.72827148, 829.084899902, 1826.64624023, 392.16973877, 1636.03466797, 4962.95654297, 330.965148926, 66.7954177856, 85.9513473511, 14.6417331696, 19.1734867096, 13.0505990982, 10.1455926895, 3.18195986748, 0.496004849672, 0.218018397689, 0.0366866029799, 0.0239475853741, 0.00395670672879, 0.0122799631208, 0.00171341467649, 0.000243766917265, 0.000243381757173, 6.78034339217e-05, 3.33556708938e-05, 6.46924718239e-06, 3.47053827454e-07, 1.89716704568e-08, 6.331759006e-10, 1.19800063966e-11, 3.07757951068e-11], "dmean": [0.0023367558606, 0.0138156693429, 0.0939163267612, 1.12942445278, 3.63953065872, 6.89241456985, 2.29423379898, 5.67080640793, 8.13595676422, 9.73927497864, 7.66887998581, 16.3802165985, 7.90338754654, 6.30163574219, 15.6406202316, 5.12996673584, 2.75806641579, 2.00533246994, 1.38499522209, 1.46455574036, 1.16754007339, 0.952142059803, 0.565320849419, 0.206752583385, 0.143044948578, 0.0624970421195, 0.0366886034608, 0.0157573092729, 0.0362961962819, 0.0148745719343, 0.00488923117518, 0.0045815887861, 0.00238391640596, 0.00147148268297, 0.000739881419577, 0.000260757893557, 7.39795650588e-05, 1.70694038388e-05, 2.88638602797e-06, 3.25725818584e-06], "max": [0.311238050461, 0.507804691792, 3.87410926819, 51.4879684448, 189.909591675, 141.602874756, 66.7406234741, 458.974304199, 1036.86767578, 3693.26245117, 1302.05981445, 1867.5916748, 578.174499512, 2121.10205078, 3208.49780273, 709.405273438, 254.95300293, 539.225708008, 191.967880249, 197.362548828, 159.529159546, 169.946777344, 72.2339935303, 29.448507309, 20.3409519196, 9.9602689743, 11.5633211136, 3.75438022614, 4.9616727829, 1.60392224789, 0.618672192097, 0.733822226524, 0.506085574627, 0.31367123127, 0.118992753327, 0.0195602420717, 0.00465899473056, 0.000887166534085, 0.000172870830284, 0.000281170621747], "var": [0.000212380153243, 0.00222908356227, 0.182920217514, 31.3362312317, 316.341400146, 313.965118408, 57.8535041809, 2182.26171875, 5761.32470703, 45709.7421875, 10155.6435547, 19388.7636719, 2910.95458984, 4513.12060547, 26037.65625, 4758.71289063, 755.813964844, 544.301635742, 187.709396362, 111.757453918, 108.533363342, 173.269744873, 34.59582901, 4.94781494141, 4.12667322159, 0.717871665955, 0.242296665907, 0.0410285964608, 0.135476022959, 0.0242782644928, 0.00181780231651, 0.00123797170818, 0.00040220640949, 0.000116155730211, 2.28573462664e-05, 1.93042956198e-06, 1.09336269816e-07, 3.65246477507e-09, 2.41960562697e-10, 6.82802703267e-10], "mean": [0.00423231860623, 0.0410561449826, 0.328660398722, 4.49149227142, 14.1849975586, 13.2700405121, 6.0433754921, 22.3772640228, 28.9096908569, 44.8755187988, 32.1215438843, 56.0142364502, 29.3734912872, 19.6864776611, 47.793170929, 25.9589824677, 11.5396976471, 7.90418148041, 6.13880157471, 5.45119762421, 4.67056131363, 4.60876750946, 2.33061718941, 0.835063755512, 0.689858257771, 0.316769212484, 0.14819842577, 0.0719472840428, 0.131181329489, 0.0595873631537, 0.0181331112981, 0.0145523902029, 0.00821525324136, 0.00459272786975, 0.00233718869276, 0.000988552463241, 0.000334074662533, 9.08777437871e-05, 2.39308938035e-05, 2.22297549044e-05]}, "spectral_strongpeak": {"dmean2": 0.433663159609, "median": 0.5334867239, "min": 0, "dvar2": 0.531954944134, "dvar": 0.210747674108, "dmean": 0.254941523075, "max": 9.79116439819, "var": 1.28571009636, "mean": 0.930091381073}, "spectral_energy": {"dmean2": 0.00456836214289, "median": 0.0110807353631, "min": 9.01082159999e-07, "dvar2": 5.43496425962e-05, "dvar": 2.43145896093e-05, "dmean": 0.0029185693711, "max": 0.244265928864, "var": 0.000515250547323, "mean": 0.0187209434807}, "average_loudness": 0.0676727369428, "spectral_rolloff": {"dmean2": 126.398078918, "median": 645.99609375, "min": 193.798828125, "dvar2": 24369.9628906, "dvar": 10595.8740234, "dmean": 72.4237670898, "max": 2088.72070313, "var": 67028.390625, "mean": 664.899230957}, "spectral_centroid": {"dmean2": 60.2295837402, "median": 445.764251709, "min": 197.066238403, "dvar2": 4273.05126953, "dvar": 1625.40905762, "dmean": 38.0441894531, "max": 1334.47717285, "var": 30120.9257813, "mean": 483.772644043}, "pitch_salience": {"dmean2": 0.0897109881043, "median": 0.568910479546, "min": 0.209772273898, "dvar2": 0.00576113769785, "dvar": 0.00205914536491, "dmean": 0.0540754832327, "max": 0.916575431824, "var": 0.0109604494646, "mean": 0.566168248653}, "spectral_energyband_middle_high": {"dmean2": 0.000713673711289, "median": 0.000691035587806, "min": 3.54572591732e-07, "dvar2": 4.2327292249e-06, "dvar": 2.03220611183e-06, "dmean": 0.000504349300172, "max": 0.0744682177901, "var": 3.54320800398e-05, "mean": 0.00295173143968}, "spectral_contrast_coeffs": {"dmean2": [0.0626191422343, 0.0527208261192, 0.0471643358469, 0.036059204489, 0.0255171097815, 0.0156629737467], "median": [-0.528756022453, -0.714117705822, -0.694820702076, -0.782495677471, -0.793984532356, -0.825022339821], "min": [-0.851824223995, -0.905473530293, -0.905481338501, -0.907768666744, -0.906543016434, -0.928238630295], "dvar2": [0.00243115681224, 0.00200494518504, 0.00153274473269, 0.000961837125942, 0.000410108681535, 0.000140165502671], "dvar": [0.000855521298945, 0.000711141678039, 0.000619864382315, 0.000344238156686, 0.000146401696838, 5.05613897985e-05], "dmean": [0.0374012105167, 0.0319273099303, 0.0299815181643, 0.0215929709375, 0.0151014048606, 0.00933111086488], "max": [-0.298073709011, -0.284388333559, -0.369829118252, -0.52484858036, -0.555946469307, -0.659013450146], "var": [0.00687737902626, 0.00845701619983, 0.00658049155027, 0.00637998152524, 0.00455676112324, 0.00157628452871], "mean": [-0.525627076626, -0.695181131363, -0.688724398613, -0.767029106617, -0.781001091003, -0.816990375519]}, "melbands_skewness": {"dmean2": 0.497386008501, "median": 1.53468132019, "min": -1.00650322437, "dvar2": 0.232788458467, "dvar": 0.0904550105333, "dmean": 0.325281590223, "max": 6.58888578415, "var": 0.731901586056, "mean": 1.66090297699}, "spectral_spread": {"dmean2": 290161.78125, "median": 1797415.5, "min": 900375.125, "dvar2": 59736018944, "dvar": 29825968128, "dmean": 170847.78125, "max": 12616553, "var": 146783911936, "mean": 1806535}, "dissonance": {"dmean2": 0.0526881255209, "median": 0.418124556541, "min": 0.189764365554, "dvar2": 0.00209617847577, "dvar": 0.000759967602789, "dmean": 0.0311533734202, "max": 0.499985545874, "var": 0.0015844963491, "mean": 0.413088679314}, "spectral_skewness": {"dmean2": 0.841283202171, "median": 4.15016698837, "min": 1.89999723434, "dvar2": 0.446675807238, "dvar": 0.155257254839, "dmean": 0.487422347069, "max": 7.78242063522, "var": 1.19276344776, "mean": 4.20579957962}, "spectral_flux": {"dmean2": 0.0171726420522, "median": 0.0283752959222, "min": 0.00621368223801, "dvar2": 0.000801619200502, "dvar": 0.000282715540379, "dmean": 0.0102037955076, "max": 0.337547361851, "var": 0.000568437215406, "mean": 0.0350356511772}, "spectral_contrast_valleys": {"dmean2": [0.517544329166, 0.403559923172, 0.396715611219, 0.34428101778, 0.23675660789, 0.156943887472], "median": [-8.18818855286, -6.92496585846, -7.99407577515, -8.91251564026, -9.89435863495, -12.5043106079], "min": [-11.3403987885, -10.4118432999, -10.5648050308, -12.1415119171, -13.0766954422, -14.7017660141], "dvar2": [0.173673301935, 0.11719083786, 0.104648202658, 0.0943391695619, 0.0441352650523, 0.0160392448306], "dvar": [0.0618261359632, 0.0432053953409, 0.0375745818019, 0.0338103733957, 0.0161745361984, 0.00609077233821], "dmean": [0.309289246798, 0.24314776063, 0.234564781189, 0.199685767293, 0.139258265495, 0.0923162549734], "max": [-6.44972801208, -4.88137960434, -5.59081411362, -6.52560091019, -8.03099250793, -11.1152935028], "var": [0.330093592405, 0.24072535336, 0.333969265223, 0.311503380537, 0.292269229889, 0.140791431069], "mean": [-8.20386505127, -6.94759178162, -7.94703483582, -8.89520359039, -9.86107730865, -12.4616212845]}, "erbbands_flatness_db": {"dmean2": 0.0144240520895, "median": 0.262161821127, "min": 0.164570584893, "dvar2": 0.000165622259374, "dvar": 6.71301968396e-05, "dmean": 0.00944817345589, "max": 0.394951820374, "var": 0.000965890299994, "mean": 0.263450145721}, "spectral_energyband_high": {"dmean2": 2.31503531722e-06, "median": 1.86043916983e-06, "min": 1.50611567662e-09, "dvar2": 4.57305408819e-11, "dvar": 2.79331141551e-11, "dmean": 1.62764104061e-06, "max": 0.000463855598355, "var": 6.45263620314e-10, "mean": 1.04060991362e-05}, "spectral_entropy": {"dmean2": 0.164350539446, "median": 6.18383026123, "min": 5.03488874435, "dvar2": 0.0236910395324, "dvar": 0.00840295385569, "dmean": 0.100195996463, "max": 7.56046104431, "var": 0.128602638841, "mean": 6.17439460754}, "silence_rate_20dB": {"dmean2": 0, "median": 1, "min": 1, "dvar2": 0, "dvar": 0, "dmean": 0, "max": 1, "var": 0, "mean": 1}, "melbands_flatness_db": {"dmean2": 0.0199249219149, "median": 0.347486972809, "min": 0.193227782845, "dvar2": 0.000351105147274, "dvar": 0.000123523408547, "dmean": 0.0123273264617, "max": 0.508877873421, "var": 0.00347195286304, "mean": 0.346273422241}, "barkbands": {"dmean2": [0.000151535088662, 9.91140113911e-05, 0.000126663377159, 0.0010682848515, 0.00239080982283, 0.000734613509849, 0.000926030625124, 0.000699931697454, 0.000812485115603, 0.000250086537562, 0.000514928600751, 0.000221914233407, 8.47816336318e-05, 5.45647089893e-05, 4.76227723993e-05, 4.6979963372e-05, 2.82912551484e-05, 1.2655815226e-05, 5.27420206708e-06, 2.44593047682e-06, 8.62203705765e-07, 1.26999782424e-06, 3.01887894238e-07, 2.76740678373e-07, 1.54233745775e-07, 6.89807322374e-08, 2.23426539492e-08], "median": [1.41205955515e-05, 8.89120710781e-05, 9.9127588328e-05, 0.00176942395046, 0.00198784261011, 0.000673568516504, 0.000320813502185, 0.000278626248473, 0.000541224493645, 0.000118761890917, 0.000168227183167, 6.19546699454e-05, 3.19905848301e-05, 1.10811615741e-05, 1.73275075213e-05, 1.0170693713e-05, 8.19989418233e-06, 3.17586045639e-06, 1.70905866526e-06, 6.13029158103e-07, 2.91247602036e-07, 4.98013889683e-07, 1.43111293482e-07, 1.81481823347e-07, 1.5250101626e-07, 1.30770985152e-07, 8.90947973176e-08], "min": [4.27606172693e-09, 7.15354131486e-09, 5.12627673643e-09, 1.32115633988e-08, 1.08761781803e-07, 1.47481046042e-07, 8.92963214483e-08, 2.78807537057e-08, 1.02361035204e-07, 2.45108680019e-07, 6.35464019183e-08, 1.89346067714e-08, 2.35075585664e-08, 2.8670230634e-08, 4.47867876119e-09, 1.20615628596e-09, 3.58792950905e-09, 9.85189374525e-10, 1.1811837064e-09, 6.60347665438e-10, 1.28007604516e-10, 4.16179563034e-10, 3.40034972401e-10, 6.53441051268e-11, 1.96068911107e-10, 9.73515504321e-11, 9.53325543507e-11], "dvar2": [5.63189814784e-07, 4.0484735564e-08, 6.05085688221e-08, 6.96671440892e-06, 1.30748931042e-05, 2.12797613131e-06, 6.87592410031e-06, 1.52184493345e-05, 4.76801642435e-06, 5.42349596344e-07, 3.90078275814e-06, 6.92872106356e-07, 6.93312998123e-08, 5.54814398868e-08, 3.21834612294e-08, 1.77164043436e-08, 7.84889309102e-09, 1.65163838162e-09, 1.95209279297e-10, 8.74394445738e-11, 1.31390445399e-11, 1.21353743027e-11, 8.85793337551e-13, 9.31994065256e-13, 1.98931040911e-13, 1.84476457547e-14, 7.27170903075e-16], "dvar": [2.72926058642e-07, 1.50800882892e-08, 3.13869179536e-08, 2.68286498795e-06, 4.63183596366e-06, 9.36924777761e-07, 2.66989513875e-06, 7.95966479927e-06, 2.55606141764e-06, 2.75139370842e-07, 1.93099731405e-06, 3.48352386936e-07, 3.05965919267e-08, 3.27572031722e-08, 1.71029732599e-08, 7.37254612915e-09, 4.26552482224e-09, 7.44188155544e-10, 1.05754564828e-10, 4.46423245593e-11, 6.16515736032e-12, 6.14074719893e-12, 3.47595243604e-13, 4.15821945019e-13, 9.21026696208e-14, 6.65776366871e-15, 2.46090467399e-16], "dmean": [9.95353329927e-05, 5.92164869886e-05, 9.11728711799e-05, 0.000767718593124, 0.00140671560075, 0.000474399421364, 0.000582306005526, 0.000500152353197, 0.000635803735349, 0.000189018173842, 0.000350726098986, 0.000149610321387, 5.73833676754e-05, 3.73587754439e-05, 3.06910660584e-05, 3.00491356029e-05, 1.88345948118e-05, 8.13008318801e-06, 3.50073378286e-06, 1.61855086844e-06, 5.6957844663e-07, 8.49603395636e-07, 1.87758487868e-07, 1.74871587433e-07, 9.63158015566e-08, 4.09095655129e-08, 1.29297594853e-08], "max": [0.0258185453713, 0.00392139097676, 0.00537365442142, 0.0416583195329, 0.0313223414123, 0.0364427752793, 0.061275806278, 0.18834605813, 0.0648673251271, 0.015486355871, 0.0665499567986, 0.0295110940933, 0.0048230048269, 0.0102353133261, 0.00569846574217, 0.00232160254382, 0.00364055857062, 0.00105211883783, 0.000464182754513, 0.000338598387316, 0.00019945098029, 0.000113243928354, 2.06986787816e-05, 3.23663152813e-05, 1.48433900904e-05, 2.73969271802e-06, 5.58355509384e-07], "var": [6.81844142036e-07, 5.42962652617e-08, 2.70494012966e-07, 1.79585967999e-05, 1.7265247152e-05, 1.78434293048e-05, 2.12486411328e-05, 0.000125193124404, 2.81081047433e-05, 2.18169020627e-06, 1.33974044729e-05, 3.01847830997e-06, 1.82076703936e-07, 2.15212821786e-07, 6.93609862878e-08, 4.70786147844e-08, 7.13874825919e-08, 5.08584330206e-09, 1.54399071306e-09, 5.19321974313e-10, 7.4108157111e-11, 8.04129332566e-11, 2.35507490245e-12, 2.04145337787e-12, 5.24298974462e-13, 4.63784928159e-14, 9.28424978431e-16], "mean": [0.000139765601489, 0.0001551470923, 0.00029475329211, 0.00328146922402, 0.00358184264041, 0.0019047773676, 0.00192856078502, 0.00211479770951, 0.00224097119644, 0.000676837516949, 0.00110427744221, 0.000629306829069, 0.000180162038305, 0.000147245984408, 0.00010020013724, 9.55455616349e-05, 8.65533729666e-05, 2.87628918159e-05, 1.49537354446e-05, 7.56619101594e-06, 2.28680391956e-06, 3.35945105689e-06, 6.51621348879e-07, 5.77632818022e-07, 3.55953574172e-07, 1.9581999311e-07, 9.59940322787e-08]}, "erbbands_skewness": {"dmean2": 0.358482331038, "median": 0.484521001577, "min": -1.25517010689, "dvar2": 0.109827779233, "dvar": 0.0441019386053, "dmean": 0.234632760286, "max": 3.00614571571, "var": 0.243591979146, "mean": 0.517011404037}, "erbbands_spread": {"dmean2": 2.82646536827, "median": 13.7039499283, "min": 2.44913196564, "dvar2": 7.49366521835, "dvar": 3.19687652588, "dmean": 1.87679922581, "max": 43.4032363892, "var": 23.3282146454, "mean": 14.4413299561}, "melbands_kurtosis": {"dmean2": 2.90051865578, "m