{"tonal": {"thpcp": [1, 0.596738874912, 0.376087963581, 0.548201620579, 0.354272037745, 0.218961775303, 0.283698111773, 0.205025553703, 0.233429893851, 0.300016254187, 0.206019982696, 0.284991294146, 0.409280210733, 0.3031642735, 0.516452372074, 0.772840499878, 0.477307200432, 0.290371358395, 0.321321636438, 0.233099892735, 0.447304666042, 0.688208162785, 0.461381435394, 0.525342285633, 0.672046720982, 0.374047368765, 0.374526888132, 0.52340066433, 0.354615867138, 0.40285140276, 0.529145181179, 0.320788651705, 0.249865412712, 0.351269483566, 0.311813950539, 0.639245092869], "hpcp": {"dmean2": [0.173705279827, 0.162460461259, 0.130790263414, 0.131302833557, 0.110152378678, 0.0846275091171, 0.0882791429758, 0.0787317752838, 0.0784296765924, 0.0833632797003, 0.0826643109322, 0.102125428617, 0.122792586684, 0.123628884554, 0.158811762929, 0.170847639441, 0.152639448643, 0.11872214824, 0.101927824318, 0.0989176630974, 0.133111894131, 0.147633180022, 0.150962978601, 0.157160490751, 0.13797609508, 0.130686372519, 0.119313240051, 0.116196595132, 0.132444635034, 0.1358871907, 0.115407019854, 0.11987875402, 0.10665024817, 0.110318802297, 0.121778257191, 0.162418708205], "median": [0.123800233006, 0.0857525542378, 0.0277279019356, 0.022675011307, 0.0184675194323, 0.0217345580459, 0.0175493769348, 0.0177602618933, 0.0142325591296, 0.0135785005987, 0.015204500407, 0.0227621197701, 0.0226611401886, 0.0251322947443, 0.0477059185505, 0.0571493655443, 0.0405477136374, 0.0161127746105, 0.0116592170671, 0.0164149012417, 0.0311916060746, 0.0413961820304, 0.0509399548173, 0.0378156527877, 0.0296459440142, 0.0272589996457, 0.0236877333373, 0.0180659219623, 0.0213346127421, 0.0201190412045, 0.0154609326273, 0.0161649342626, 0.0218111202121, 0.019686833024, 0.0235708579421, 0.0811721980572], "min": [0, 0, 0, 0, 0, 0, 0, 0, 0, 0, 0, 0, 0, 0, 0, 0, 0, 0, 0, 0, 0, 0, 0, 0, 0, 0, 0, 0, 0, 0, 0, 0, 0, 0, 0, 0], "dvar2": [0.0692235305905, 0.0550457201898, 0.0534725859761, 0.0599658675492, 0.0425592511892, 0.0254446212202, 0.0299052353948, 0.0246098190546, 0.0302621982992, 0.0343459360301, 0.0324710644782, 0.0402678661048, 0.0548661388457, 0.0561798065901, 0.0653690397739, 0.0774784460664, 0.0694120451808, 0.0545385181904, 0.0444787740707, 0.0389722809196, 0.0533060990274, 0.0675460472703, 0.0577832125127, 0.0645295158029, 0.0605286322534, 0.0548437014222, 0.0509507469833, 0.054290831089, 0.0598258040845, 0.0654787123203, 0.05483039096, 0.0549924895167, 0.0442196317017, 0.0451933965087, 0.0512789525092, 0.0618660897017], "dvar": [0.0275512021035, 0.020088577643, 0.0187967345119, 0.0226850118488, 0.0156577639282, 0.00922570470721, 0.0115204537287, 0.00881408434361, 0.0112413819879, 0.0132879549637, 0.011053041555, 0.0138989239931, 0.0201956983656, 0.019373703748, 0.0243040230125, 0.0304853189737, 0.0246824808419, 0.0195701420307, 0.0171379875392, 0.0140629597008, 0.0192270893604, 0.0258103106171, 0.0206856168807, 0.0234052538872, 0.0239469073713, 0.0192822273821, 0.0181306414306, 0.020190929994, 0.021467924118, 0.0231122300029, 0.0206770636141, 0.0199983566999, 0.0159393306822, 0.017877144739, 0.0184675976634, 0.0222273916006], "dmean": [0.103361845016, 0.0962062776089, 0.0760330036283, 0.0774585679173, 0.0655448585749, 0.0491571687162, 0.0525933839381, 0.0460725091398, 0.045940078795, 0.049427524209, 0.0472326800227, 0.0588141269982, 0.0711845457554, 0.0709873065352, 0.0939638316631, 0.102556370199, 0.090470187366, 0.0689019188285, 0.0609132833779, 0.0572638772428, 0.0782060027122, 0.0870864465833, 0.0878325402737, 0.0916812196374, 0.0813080817461, 0.0756354704499, 0.0694230943918, 0.0682684332132, 0.0766618028283, 0.0778150931001, 0.0670188069344, 0.0691026896238, 0.0609880313277, 0.0656830072403, 0.0698631629348, 0.0963216423988], "max": [1, 1, 1, 1, 1, 1, 1, 1, 1, 1, 1, 1, 1, 1, 1, 1, 1, 1, 1, 1, 1, 1, 1, 1, 1, 1, 1, 1, 1, 1, 1, 1, 1, 1, 1, 1], "var": [0.13630720973, 0.0475804954767, 0.0384907759726, 0.0858395472169, 0.037697751075, 0.0146006448194, 0.0305188894272, 0.0136936167255, 0.025437315926, 0.0445655360818, 0.0171652752906, 0.0257455054671, 0.0599563010037, 0.0268645435572, 0.0530837774277, 0.114003367722, 0.0477832444012, 0.0303476694971, 0.0458701960742, 0.0196422506124, 0.0475738458335, 0.107472002506, 0.0408747494221, 0.0618380792439, 0.109212093055, 0.0328850969672, 0.0426392182708, 0.0895699188113, 0.0367364697158, 0.0502325221896, 0.0929937064648, 0.0344710201025, 0.0216097254306, 0.0474752448499, 0.0308809094131, 0.059652838856], "mean": [0.311282902956, 0.185754612088, 0.117069751024, 0.170645788312, 0.110278829932, 0.0681590586901, 0.0883103683591, 0.0638209506869, 0.0726627334952, 0.0933899283409, 0.064130499959, 0.0887129157782, 0.127401933074, 0.0943698510528, 0.160762801766, 0.240572035313, 0.148577570915, 0.090387634933, 0.100021928549, 0.0725600123405, 0.139238297939, 0.214227437973, 0.143620148301, 0.163530066609, 0.209196656942, 0.116434551775, 0.116583816707, 0.162925675511, 0.110385857522, 0.125400751829, 0.164713844657, 0.0998560190201, 0.0777788311243, 0.109344184399, 0.0970623493195, 0.198986068368]}, "tuning_equal_tempered_deviation": 0, "chords_changes_rate": 0.0284912902862, "key_key": "D", "tuning_diatonic_strength": 0.427812099457, "key_scale": "minor", "chords_number_rate": 0.00295246532187, "tuning_frequency": 439.745910645, "tuning_nontempered_energy_ratio": 0.638810873032, "chords_histogram": [6.34780025482, 2.73103046417, 5.1963391304, 2.34720993042, 1.37289631367, 5.72778272629, 1.16622376442, 6.74638319016, 7.38116312027, 18.8219661713, 1.15146148205, 1.99291408062, 0, 0, 0.989075899124, 1.91910243034, 1.180986166, 1.93386483192, 2.21434903145, 0.0590493045747, 1.80100381374, 3.82344245911, 7.60259819031, 17.4933567047], "key_strength": 0.777640461922, "chords_key": "A", "chords_strength": {"dmean2": 0.00583243509755, "median": 0.531529724598, "min": -1, "dvar2": 0.000587813206948, "dvar": 0.000316941470373, "dmean": 0.00701114488766, "max": 0.780606210232, "var": 0.0390869341791, "mean": 0.509788870811}, "chords_scale": "major", "hpcp_entropy": {"dmean2": 0.898929655552, "median": 1.60220265388, "min": 0, "dvar2": 0.645251512527, "dvar": 0.234002262354, "dmean": 0.527940154076, "max": 4.43438959122, "var": 0.624139070511, "mean": 1.58511888981}}, "metadata": {"audio_properties": {"equal_loudness": 0, "codec": "flac", "downmix": "mix", "analysis_sample_rate": 44100, "bit_rate": 0, "md5_encoded": "6ea2cd561e627e1daf331e5e94bb8dbf", "length": 314.506652832, "replay_gain": -10.1355609894, "lossless": true}, "version": {"essentia_build_sha": "7f154e5731828a63663f0144680ef47bd640f88b", "essentia": "2.1-beta1", "extractor": "music 1.0", "essentia_git_sha": "v2.1_beta1-6-g5578087"}, "tags": {"title": ["The Prince Of Egypt: Red Sea"], "barcode": ["738572136222"], "media": ["CD"], "albumartist": ["Hans Zimmer"], "tracktotal": ["12"], "albumartistsort": ["Zimmer, Hans"], "releasetype": ["album", "compilation"], "musicbrainz_recordingid": ["1f283279-a848-4b95-926b-f34b4001bf95"], "musicbrainz_releasegroupid": ["7f874c73-46d6-48f4-b00f-efd9b75efb41"], "musicbrainz_albumartistid": ["e6de1f3b-6484-491c-88dd-6d619f142abc"], "musicbrainz_releasetrackid": ["d5bd37d5-4c9c-3576-9bbb-cec8e06fb745"], "discnumber": ["2"], "totaldiscs": ["2"], "catalognumber": ["SILCD1362"], "releasecountry": ["GB"], "isrc": ["GBAJC1100082"], "originaldate": ["2011-05-30"], "artists": ["Hans Zimmer"], "date": ["2011-05-30"], "file_name": "CD2 10 The Prince Of Egypt_ Red Sea.flac", "disctotal": ["2"], "musicbrainz_artistid": ["e6de1f3b-6484-491c-88dd-6d619f142abc"], "asin": ["B0053JVCGO"], "musicbrainz_albumid": ["2330ec5e-79e6-4612-a8b6-e7f0e7366d88"], "tracknumber": ["10"], "artistsort": ["Zimmer, Hans"], "album": ["Film Music of Hans Zimmer, Volume 2"], "label": ["Silva Screen Records"], "releasestatus": ["official"], "acoustid_id": ["ca26bd49-64a1-4694-8103-ee4e38a297af"], "script": ["Latn"], "totaltracks": ["12"]}}, "rhythm": {"bpm_histogram_first_peak_bpm": {"dmean2": 0, "median": 152, "min": 152, "dvar2": 0, "dvar": 0, "dmean": 0, "max": 152, "var": 0, "mean": 152}, "bpm": 150.354690552, "bpm_histogram_second_peak_spread": {"dmean2": 0, "median": 0.554794549942, "min": 0.554794549942, "dvar2": 0, "dvar": 0, "dmean": 0, "max": 0.554794549942, "var": 0, "mean": 0.554794549942}, "bpm_histogram_first_peak_weight": {"dmean2": 0, "median": 0.12074303627, "min": 0.12074303627, "dvar2": 0, "dvar": 0, "dmean": 0, "max": 0.12074303627, "var": 0, "mean": 0.12074303627}, "onset_rate": 0.810744047165, "beats_position": [0.476009070873, 0.952018141747, 1.42802715302, 1.90403628349, 2.38004541397, 2.85605430603, 3.33206343651, 3.80807256699, 4.28408145905, 4.76009082794, 5.22448968887, 5.70049858093, 6.17650794983, 6.65251684189, 7.12852573395, 7.60453510284, 8.08054447174, 8.55655288696, 9.04417228699, 9.53179073334, 10.0194101334, 10.5186395645, 11.017868042, 11.5170974731, 12.0047159195, 12.4923353195, 12.9799547195, 13.5024032593, 14.0248527527, 14.5473012924, 15.0697498322, 15.5921993256, 16.114648819, 16.637096405, 17.1479358673, 17.6703853607, 18.0767345428, 18.483083725, 18.8894329071, 19.2957820892, 19.7137413025, 20.1433105469, 20.5728797913, 20.9908390045, 21.4087982178, 21.8383674622, 22.2679367065, 22.7091159821, 23.1502952576, 23.5914726257, 24.0326519012, 24.4738311768, 24.9150104523, 25.3329696655, 25.7509288788, 26.168888092, 26.5868473053, 27.0048065186, 27.4227657318, 27.8291149139, 28.2354640961, 28.6418132782, 29.0597724915, 29.4777317047, 29.8840808868, 30.290430069, 30.6967792511, 31.2076187134, 31.7068481445, 32.2060775757, 32.7169151306, 33.2277526855, 33.7269821167, 34.2842636108, 34.8415412903, 35.4104309082, 35.9793205261, 36.5365982056, 37.093875885, 37.6859855652, 38.2780952454, 38.8702049255, 39.462310791, 40.0428123474, 40.6233100891, 41.2038078308, 41.7726974487, 42.3531951904, 42.9336967468, 43.5141944885, 44.0946922302, 44.6171417236, 45.1279792786, 45.6388206482, 46.1612701416, 46.683719635, 47.2061653137, 47.7634468079, 48.3207244873, 48.8896141052, 49.4933319092, 50.0854415894, 50.7007713318, 51.3160972595, 51.931427002, 52.5467567444, 53.1620864868, 53.73097229, 54.299861908, 54.8687515259, 55.4492492676, 56.029750824, 56.6334686279, 57.2255783081, 57.8176841736, 58.4097938538, 59.0019035339, 59.6056213379, 60.2093429565, 60.8130607605, 61.4167785645, 62.0204963684, 62.6242179871, 63.227935791, 63.8432655334, 64.4469833374, 65.0507049561, 65.6079788208, 66.1768722534, 66.7457580566, 67.2449874878, 67.7442169189, 68.2434463501, 68.6614074707, 69.0793609619, 69.4973220825, 69.9152832031, 70.3332443237, 70.7511978149, 71.1691589355, 71.5871200562, 72.0050811768, 72.423034668, 72.91065979, 73.3866653442, 73.8742828369, 74.3502960205, 74.8379135132, 75.3139190674, 75.789932251, 76.2659378052, 76.7303390503, 77.2063446045, 77.6707458496, 78.1351470947, 78.5995483398, 79.0175018311, 79.4470748901, 79.8766403198, 80.3294296265, 80.7938308716, 81.2466201782, 81.7342376709, 82.2218551636, 82.6978683472, 83.1738739014, 83.5686187744, 83.9633560181, 84.3464813232, 84.7412261963, 85.1243515015, 85.507484436, 85.8906097412, 86.2389068604, 86.5872116089, 86.935508728, 87.2838058472, 87.6901550293, 88.0848999023, 88.4912490845, 88.8859863281, 89.3271636963, 89.7683410645, 90.2095184326, 90.7087478638, 91.2079772949, 91.7072067261, 92.2412643433, 92.7637176514, 93.2977752686, 93.8782730103, 94.4703826904, 95.0508804321, 95.5965499878, 96.1422195435, 96.6878890991, 97.2335586548, 97.7792282104, 98.3248977661, 98.8705673218, 99.4162368774, 99.9619064331, 100.49596405, 101.018409729, 101.540863037, 102.063308716, 102.62059021, 103.177864075, 103.735145569, 104.280815125, 104.82648468, 105.372154236, 105.929428101, 106.486709595, 107.03237915, 107.578048706, 108.123718262, 108.680992126, 109.238273621, 109.795555115, 110.352828979, 110.910110474, 111.467391968, 112.024665833, 112.581947327, 113.185668945, 113.789382935, 114.404716492, 114.950386047, 115.496055603, 116.041717529, 116.587387085, 117.144668579, 117.701950073, 118.259223938, 118.816505432, 119.362174988, 119.907844543, 120.453514099, 120.999183655, 121.54485321, 122.090522766, 122.636184692, 123.181854248, 123.727523804, 124.273193359, 124.818862915, 125.306480408, 125.79410553, 126.281723022, 126.711288452, 127.15246582, 127.582038879, 128.034820557, 128.476013184, 128.92880249, 129.369979858, 129.811157227, 130.263946533, 130.809616089, 131.355285645, 131.9009552, 132.446624756, 132.992294312, 133.537963867, 134.106842041, 134.675735474, 135.233016968, 135.790298462, 136.347564697, 136.893234253, 137.438903809, 137.984573364, 138.53024292, 139.075912476, 139.621582031, 140.167251587, 140.712921143, 141.24697876, 141.781036377, 142.315093994, 142.849151611, 143.383224487, 143.917282104, 144.46295166, 144.997009277, 145.531066895, 146.07673645, 146.622406006, 147.19128418, 147.760177612, 148.329071045, 148.979232788, 149.629379272, 150.267929077, 150.91809082, 151.568252563, 152.102310181, 152.624755859, 153.158813477, 153.681274414, 154.203720093, 154.714553833, 155.236999512, 155.759460449, 156.316726685, 156.874008179, 157.442901611, 158.000183105, 158.545852661, 159.091522217, 159.637191772, 160.182861328, 160.728515625, 161.274185181, 161.819854736, 162.353912354, 162.887985229, 163.422042847, 163.932876587, 164.455322266, 164.977767944, 165.51184082, 166.034286499, 166.568344116, 167.102401733, 167.636459351, 168.182128906, 168.716186523, 169.250244141, 169.761077881, 170.27192688, 170.78276062, 171.247161865, 171.71156311, 172.175964355, 172.663574219, 173.151199341, 173.638824463, 174.080001831, 174.532791138, 174.985580444, 175.438369751, 175.879547119, 176.332336426, 176.773513794, 177.214691162, 177.667480469, 178.120269775, 178.631103516, 179.141952515, 179.652786255, 180.175231934, 180.697677612, 181.231735229, 181.672927856, 182.102493286, 182.543670654, 182.926803589, 183.309921265, 183.693054199, 184.087799072, 184.470932007, 184.854049683, 185.248794556, 185.643539429, 186.038269043, 186.433013916, 186.827758789, 187.222488403, 187.617233276, 188.011962891, 188.406707764, 188.766616821, 189.126525879, 189.486434937, 189.846343994, 190.264297485, 190.682266235, 191.100219727, 191.518188477, 191.936141968, 192.354095459, 192.760452271, 193.178405762, 193.584762573, 194.002716064, 194.420669556, 194.838638306, 195.244979858, 195.65133667, 196.069290161, 196.475646973, 196.881988525, 197.288345337, 197.69468689, 198.101043701, 198.507385254, 198.925354004, 199.343307495, 199.761260986, 200.179229736, 200.643630981, 201.108016968, 201.572418213, 202.036819458, 202.501220703, 202.977233887, 203.441635132, 203.871200562, 204.31237793, 204.741943359, 205.194732666, 205.647521973, 206.100311279, 206.553100586, 207.075546265, 207.598007202, 208.166885376, 208.735778809, 209.304672241, 209.873550415, 210.442443848, 211.01133728, 211.580215454, 212.149108887, 212.718002319, 213.298492432, 213.878997803, 214.41305542, 214.935501099, 215.457962036, 215.980407715, 216.502853394, 217.013687134, 217.536148071, 218.046981812, 218.592651367, 219.138320923, 219.683990479, 220.218048096, 220.752105713, 221.28616333, 221.820220947, 222.354278564, 222.888336182, 223.341125488, 223.793914795, 224.246704102, 224.664672852, 225.082626343, 225.500579834, 225.918548584, 226.336502075, 226.754455566, 227.172424316, 227.590377808, 227.996734619, 228.403076172, 228.809432983, 229.204162598, 229.598907471, 230.005249023, 230.411605835, 230.817947388, 231.224304199, 231.619049072, 232.013778687, 232.40852356, 232.803268433, 233.197998047, 233.59274292, 233.999084473, 234.405441284, 234.811782837, 235.218139648, 235.624481201, 236.030838013, 236.425567627, 236.8203125, 237.226669312, 237.633010864, 238.039367676, 238.445709229, 238.85206604, 239.258407593, 239.676361084, 240.094329834, 240.500671387, 240.907028198, 241.324981689, 241.731338501, 242.137680054, 242.555648804, 242.950378418, 243.345123291, 243.739852905, 244.146209717, 244.55255127, 244.947296143, 245.342041016, 245.73677063, 246.131515503, 246.526260376, 246.932601929, 247.33895874, 247.745300293, 248.140045166, 248.546386719, 248.941131592, 249.335861206, 249.730606079, 250.125350952, 250.520080566, 250.926437378, 251.332778931, 251.739135742, 252.145477295, 252.540222168, 252.923355103, 253.306488037, 253.701217651, 254.095962524, 254.490692139, 254.89704895, 255.303390503, 255.709747314, 256.104492188, 256.51083374, 256.905578613, 257.300323486, 257.706665039, 258.113006592, 258.507751465, 258.902496338, 259.297241211, 259.691955566, 260.086700439, 260.493041992, 260.899414062, 261.294158936, 261.688873291, 262.095245361, 262.501586914, 262.896331787, 263.291046143, 263.685791016, 264.080535889, 264.475280762, 264.870025635, 265.276367188, 265.68270874, 266.077453613, 266.472198486, 266.866943359, 267.261688232, 267.668029785, 268.074371338, 268.469116211, 268.863861084, 269.258575439, 269.653320312, 270.059692383, 270.466033936, 270.860778809, 271.255493164, 271.650238037, 272.04498291, 272.451324463, 272.857696533, 273.252410889, 273.647155762, 274.041900635, 274.436645508, 274.831390381, 275.226104736, 275.620849609, 276.038818359, 276.456787109, 276.874725342, 277.292694092, 277.710662842, 278.267944336, 278.813598633, 279.359283447, 279.904937744, 280.450592041, 281.007873535, 281.565155029, 282.122436523, 282.679718018, 283.236999512, 283.794281006, 284.398010254, 285.001708984, 285.582214355, 286.162719727, 286.743225098, 287.265655518, 287.788116455, 288.310546875, 288.833007812, 289.35546875, 289.87789917, 290.400360107, 290.922821045, 291.456878662, 291.990936279, 292.524993896, 293.024200439, 293.535064697, 294.03427124, 294.568328857, 295.102386475, 295.624847412, 296.100860596, 296.576873779, 297.064483643, 297.552093506, 298.039733887, 298.52734375, 299.014953613, 299.490966797, 299.97857666, 300.512634277, 301.046691895, 301.580780029, 302.138031006, 302.6953125, 303.229370117, 303.763427734, 304.297485352, 304.843170166, 305.388824463, 305.934509277, 306.468566895, 306.991027832, 307.617950439, 308.244903564, 308.871826172, 309.56842041, 310.265014648, 310.938415527, 311.611785889, 312.28515625, 313.004974365, 313.72479248], "beats_loudness": {"dmean2": 0.0156449023634, "median": 0.00941182672977, "min": 0, "dvar2": 0.000644704967272, "dvar": 0.000218296889216, "dmean": 0.0089957267046, "max": 0.120169594884, "var": 0.000628366426099, "mean": 0.0213753208518}, "danceability": 0.852531850338, "bpm_histogram_second_peak_weight": {"dmean2": 0, "median": 0.100619196892, "min": 0.100619196892, "dvar2": 0, "dvar": 0, "dmean": 0, "max": 0.100619196892, "var": 0, "mean": 0.100619196892}, "beats_count": 647, "bpm_histogram_second_peak_bpm": {"dmean2": 0, "median": 110, "min": 110, "dvar2": 0, "dvar": 0, "dmean": 0, "max": 110, "var": 0, "mean": 110}, "bpm_histogram_first_peak_spread": {"dmean2": 0, "median": 0.48344373703, "min": 0.48344373703, "dvar2": 0, "dvar": 0, "dmean": 0, "max": 0.48344373703, "var": 0, "mean": 0.48344373703}, "beats_loudness_band_ratio": {"dmean2": [0.238449022174, 0.214816138148, 0.246539235115, 0.154209733009, 0.0630130320787, 0.021641176194], "median": [0.22477312386, 0.195706278086, 0.238153487444, 0.133511334658, 0.0415637344122, 0.010396450758], "min": [0, 0, 0, 0, 0, 0], "dvar2": [0.0503206700087, 0.0361120402813, 0.0452913194895, 0.0215994361788, 0.00559500092641, 0.00191925454419], "dvar": [0.0195682588965, 0.0123248780146, 0.0159098748118, 0.00760897155851, 0.0021574057173, 0.00078946701251], "dmean": [0.137423872948, 0.129184916615, 0.143059194088, 0.0887022167444, 0.0360722504556, 0.0127828605473], "max": [0.948130249977, 0.865031778812, 0.965356349945, 0.693801164627, 0.515415132046, 0.42724519968], "var": [0.0537566505373, 0.0256766323, 0.0422923117876, 0.0143807055429, 0.00366689148359, 0.000828416843433], "mean": [0.271460443735, 0.227552548051, 0.287240743637, 0.161736518145, 0.0590582303703, 0.0184694975615]}}, "lowlevel": {"barkbands_spread": {"dmean2": 4.00478172302, "median": 13.0598888397, "min": 0.803198039532, "dvar2": 15.3840332031, "dvar": 6.11582231522, "dmean": 2.56035351753, "max": 105.481430054, "var": 66.479888916, "mean": 14.5134382248}, "melbands_spread": {"dmean2": 5.7071557045, "median": 16.5133705139, "min": 0.971752524376, "dvar2": 40.6250419617, "dvar": 15.2984724045, "dmean": 3.61147451401, "max": 160.376419067, "var": 297.691619873, "mean": 19.6625881195}, "hfc": {"dmean2": 3.74510908127, "median": 4.18257951736, "min": 1.01750924667e-16, "dvar2": 46.400970459, "dvar": 20.2589530945, "dmean": 2.51534342766, "max": 118.307876587, "var": 256.601531982, "mean": 12.4896259308}, "barkbands_kurtosis": {"dmean2": 2.50349450111, "median": 1.44925332069, "min": -1.82321226597, "dvar2": 18.8754196167, "dvar": 7.99105358124, "dmean": 1.59444236755, "max": 114.904151917, "var": 23.1652469635, "mean": 2.80412578583}, "gfcc": {"mean": [-106.004310608, 130.497558594, -141.491424561, 12.7366304398, -56.0705871582, -2.17506241798, -27.3162212372, 1.11653733253, -19.1956691742, -2.07376933098, -10.2502069473, -3.96237826347, -5.46881151199], "icov": [[0.000126395912957, -0.000348263303749, 0.000250200304436, -0.000346981541952, 0.00032201767317, -0.000436658534454, 0.000311384181259, -0.000410350126913, 0.000595482706558, -0.000674123351928, 0.000618387130089, -0.000530662131496, 0.000386870931834], [-0.000348263303749, 0.00202598958276, -0.000285816640826, 0.000424888596172, -0.00154702120926, 0.00177502352744, -0.00128416309599, 0.00156798446551, -0.00204628705978, 0.00328527973033, -0.00288806646131, 0.00293532130308, -0.00171829632018], [0.000250200304436, -0.000285816640826, 0.00274235103279, -0.00132600415964, -0.0010840796167, 0.000113548601803, -0.000954194634687, -0.000862637301907, 0.00145562156104, -0.00171172537375, 0.00258457683958, -0.00192231556866, 0.000968658132479], [-0.000346981541952, 0.000424888596172, -0.00132600415964, 0.00586668029428, -0.00234836246818, -0.00230841920711, 0.0017264605267, -0.000779830501415, -0.000713426910806, 0.0011837700149, -0.000982597935945, 0.00197962275706, -0.00131975929253], [0.00032201767317, -0.00154702120926, -0.0010840796167, -0.00234836246818, 0.00653467932716, -0.00301874568686, 0.000482490140712, 0.00215777312405, -0.0031200456433, 0.000349739042576, 0.00111283967271, -0.00216732430272, 0.00270201242529], [-0.000436658534454, 0.00177502352744, 0.000113548601803, -0.00230841920711, -0.00301874568686, 0.0139290327206, -0.00882909912616, 0.000397197116399, 0.00260023586452, -0.00348702631891, 0.00109374173917, 6.72984024277e-05, 0.000185387398233], [0.000311384181259, -0.00128416309599, -0.000954194634687, 0.0017264605267, 0.000482490140712, -0.00882909912616, 0.0181251037866, -0.00947969034314, -0.000306139874738, 0.00424862094223, -0.00572844641283, 0.00483817048371, -0.00193028443027], [-0.000410350126913, 0.00156798446551, -0.000862637301907, -0.000779830501415, 0.00215777312405, 0.000397197116399, -0.00947969034314, 0.0229598190635, -0.0118613084778, 0.000531978555955, 0.00613168347627, -0.00593720423058, 0.00341599388048], [0.000595482706558, -0.00204628705978, 0.00145562156104, -0.000713426910806, -0.0031200456433, 0.00260023586452, -0.000306139874738, -0.0118613084778, 0.0257184561342, -0.0132358996198, -0.000665656465571, 0.00526590831578, -0.00393932545558], [-0.000674123351928, 0.00328527973033, -0.00171172537375, 0.0011837700149, 0.000349739042576, -0.00348702631891, 0.00424862094223, 0.000531978555955, -0.0132358996198, 0.0264083761722, -0.012801097706, 0.00202086521313, 0.000616981182247], [0.000618387130089, -0.00288806646131, 0.00258457683958, -0.000982597935945, 0.00111283967271, 0.00109374173917, -0.00572844641283, 0.00613168347627, -0.000665656465571, -0.012801097706, 0.0294968932867, -0.0164498593658, 0.00280712312087], [-0.000530662131496, 0.00293532130308, -0.00192231556866, 0.00197962275706, -0.00216732430272, 6.72984024277e-05, 0.00483817048371, -0.00593720423058, 0.00526590831578, 0.00202086521313, -0.0164498593658, 0.0306672044098, -0.0145360389724], [0.000386870931834, -0.00171829632018, 0.000968658132479, -0.00131975929253, 0.00270201242529, 0.000185387398233, -0.00193028443027, 0.00341599388048, -0.00393932545558, 0.000616981182247, 0.00280712312087, -0.0145360389724, 0.0218265932053]], "cov": [[31059.9140625, 1979.69702148, -1458.39611816, 1401.05090332, -509.029418945, 876.589782715, -198.988891602, 257.44128418, -427.759796143, 181.641235352, -318.154510498, -53.6300125122, -324.695007324], [1979.69702148, 1795.53381348, -43.7655448914, 145.271026611, 345.727783203, -77.6031112671, 60.0322761536, -99.2839202881, 60.2539482117, -152.665496826, 25.3188533783, -130.787322998, 20.5298156738], [-1458.39611816, -43.7655448914, 944.391662598, 349.24786377, 449.971099854, 198.567184448, 153.038070679, 95.3441619873, 71.4806671143, 16.1565437317, -64.420211792, -34.8951034546, -59.6782035828], [1401.05090332, 145.271026611, 349.24786377, 520.139038086, 322.851654053, 233.808746338, 82.8615264893, 76.7462844849, 36.6081504822, 24.4708423615, -56.4929504395, -43.9904708862, -60.197883606], [-509.029418945, 345.727783203, 449.971099854, 322.851654053, 556.986999512, 167.616714478, 116.446235657, 33.712097168, 90.6676483154, -7.04663515091, -25.205915451, -59.3758583069, -49.300075531], [876.589782715, -77.6031112671, 198.567184448, 233.808746338, 167.616714478, 263.482147217, 115.063896179, 84.6157073975, 20.944190979, 44.1233787537, -31.9381122589, -16.2603321075, -46.5651245117], [-198.988891602, 60.0322761536, 153.038070679, 82.8615264893, 116.446235657, 115.063896179, 158.373306274, 73.8942642212, 46.4092292786, 4.26365852356, -3.11936426163, -24.1683807373, -13.9188499451], [257.44128418, -99.2839202881, 95.3441619873, 76.7462844849, 33.712097168, 84.6157073975, 73.8942642212, 118.690559387, 48.1334495544, 33.6445770264, -18.9024238586, -1.46743988991, -19.7129058838], [-427.759796143, 60.2539482117, 71.4806671143, 36.6081504822, 90.6676483154, 20.944190979, 46.4092292786, 48.1334495544, 106.548995972, 40.2892456055, 17.1655158997, -12.4927635193, 4.09956645966], [181.641235352, -152.665496826, 16.1565437317, 24.4708423615, -7.04663515091, 44.1233787537, 4.26365852356, 33.6445770264, 40.2892456055, 99.4583587646, 31.1830005646, 24.7830085754, -1.91186368465], [-318.154510498, 25.3188533783, -64.420211792, -56.4929504395, -25.205915451, -31.9381122589, -3.11936426163, -18.9024238586, 17.1655158997, 31.1830005646, 88.2202453613, 45.3372650146, 34.2138328552], [-53.6300125122, -130.787322998, -34.8951034546, -43.9904708862, -59.3758583069, -16.2603321075, -24.1683807373, -1.46743988991, -12.4927635193, 24.7830085754, 45.3372650146, 91.4384078979, 47.2337608337], [-324.695007324, 20.5298156738, -59.6782035828, -60.197883606, -49.300075531, -46.5651245117, -13.9188499451, -19.7129058838, 4.09956645966, -1.91186368465, 34.2138328552, 47.2337608337, 88.3988037109]]}, "spectral_energyband_middle_low": {"dmean2": 0.00434288335964, "median": 0.00393214356154, "min": 1.53198744169e-22, "dvar2": 6.70410445309e-05, "dvar": 2.62255671259e-05, "dmean": 0.0027737938799, "max": 0.103387415409, "var": 0.000131682012579, "mean": 0.0090628741309}, "melbands_crest": {"dmean2": 4.13403701782, "median": 12.1406440735, "min": 1.00023448467, "dvar2": 14.5012216568, "dvar": 5.55085372925, "dmean": 2.61160302162, "max": 35.6242332458, "var": 30.8235683441, "mean": 13.1571960449}, "spectral_kurtosis": {"dmean2": 5.4940032959, "median": 7.04559803009, "min": -1.27509188652, "dvar2": 37.6345405579, "dvar": 12.3045988083, "dmean": 3.11523938179, "max": 68.2573394775, "var": 33.518535614, "mean": 8.50977897644}, "spectral_rms": {"dmean2": 0.00061671435833, "median": 0.00280901510268, "min": 3.12820190758e-12, "dvar2": 6.74030502523e-07, "dvar": 2.71083621328e-07, "dmean": 0.000399383745389, "max": 0.0150121320039, "var": 5.9337944549e-06, "mean": 0.00343645969406}, "zerocrossingrate": {"dmean2": 0.00543948356062, "median": 0.0390625, "min": 0.00390625, "dvar2": 3.19579921779e-05, "dvar": 2.02636183531e-05, "dmean": 0.00419875001535, "max": 0.5361328125, "var": 0.00363386562094, "mean": 0.0481658503413}, "silence_rate_60dB": {"dmean2": 0.0561134070158, "median": 0, "min": 0, "dvar2": 0.0636174082756, "dvar": 0.0272730849683, "dmean": 0.0280546322465, "max": 1, "var": 0.22523458302, "mean": 0.342536538839}, "erbbands_kurtosis": {"dmean2": 1.56353211403, "median": 0.298229694366, "min": -1.61744570732, "dvar2": 7.93466186523, "dvar": 3.47736859322, "dmean": 0.990249216557, "max": 60.9614601135, "var": 7.76591873169, "mean": 0.959757566452}, "erbbands": {"dmean2": [0.0357632674277, 0.603015899658, 2.15196728706, 2.76799297333, 3.8284239769, 5.1218290329, 6.54034233093, 9.94918441772, 18.1785068512, 15.3328723907, 21.8292293549, 44.675037384, 30.2182102203, 43.5164031982, 22.86860466, 23.4203147888, 24.8583869934, 17.2275924683, 20.7922554016, 13.7029724121, 10.6846046448, 8.02662372589, 8.36606884003, 6.56106090546, 5.55655050278, 3.7640581131, 2.86088824272, 1.59917736053, 1.07052373886, 0.51467436552, 0.303231745958, 0.173935294151, 0.0948170125484, 0.0520130209625, 0.0259750615805, 0.0132948663086, 0.00810848549008, 0.00253314571455, 0.000342240702594, 2.71933295153e-05], "median": [0.00803807750344, 0.137549355626, 0.545658767223, 0.598060250282, 1.09360456467, 2.0200510025, 3.69588136673, 4.37492179871, 5.89520835876, 5.21600580215, 6.60309696198, 8.63033485413, 7.64282512665, 10.4210777283, 6.61190652847, 6.05042743683, 5.22036266327, 4.43011045456, 5.38663101196, 3.77126908302, 3.05796122551, 2.03945016861, 1.95231974125, 1.39964747429, 1.05163061619, 0.527275562286, 0.327775478363, 0.127025276423, 0.0808432996273, 0.0482258498669, 0.0245567578822, 0.00971995480359, 0.00515033258125, 0.00206582713872, 0.00113573495764, 0.000366409454728, 8.82828244357e-05, 1.54018161993e-05, 6.83597727402e-06, 9.6516632766e-06], "min": [2.93210163694e-23, 6.73523230965e-22, 2.36198152351e-21, 3.48618379166e-21, 7.74323448293e-21, 1.49897938601e-20, 2.8870102643e-20, 4.69633246805e-20, 1.09258590649e-19, 1.73083394349e-19, 3.02719644011e-19, 3.51777994233e-19, 5.3850233359e-19, 4.82752169762e-19, 9.45163244478e-19, 7.32023150752e-19, 1.38752733855e-18, 1.70029508151e-18, 2.53314115747e-18, 3.18922132148e-18, 3.24769678693e-18, 3.84768025013e-18, 5.74640220871e-18, 5.50196826975e-18, 5.47741134531e-18, 6.73349006856e-18, 7.8107695665e-18, 8.48934966355e-18, 1.06305008889e-17, 1.15728134622e-17, 1.14830048087e-17, 9.26658841944e-18, 1.04245734482e-17, 7.68151432398e-18, 5.81995014569e-18, 4.4438843251e-18, 2.29718726736e-18, 9.48295363867e-19, 2.53466596154e-19, 2.67628261052e-20], "dvar2": [0.00862067099661, 2.35670876503, 39.4762802124, 48.9114303589, 73.9620742798, 127.0936203, 195.124740601, 546.904174805, 1818.30615234, 1476.97460938, 2872.33496094, 14769.7089844, 10941.0869141, 13572.3955078, 3235.75048828, 3812.35522461, 3349.14794922, 3101.25537109, 3559.2487793, 1188.98608398, 684.993774414, 348.131347656, 462.033752441, 235.71647644, 175.72265625, 78.64087677, 46.4610710144, 16.5890197754, 7.80321025848, 1.70888578892, 0.752940893173, 0.253984123468, 0.0785600617528, 0.0332607999444, 0.00833929982036, 0.00430104322731, 0.00243692309596, 0.000301590567688, 7.92323044152e-06, 3.5001949783e-08], "dvar": [0.00303913000971, 0.854323685169, 14.8989067078, 17.6474895477, 25.9060325623, 54.5681495667, 72.7723770142, 238.203598022, 712.295776367, 709.950561523, 1241.22485352, 5717.86083984, 4168.57519531, 5186.82666016, 1249.75268555, 1435.23754883, 1266.21398926, 1206.96533203, 1384.15686035, 455.463317871, 274.060272217, 133.863418579, 171.774154663, 87.1139068604, 65.0745315552, 29.874792099, 17.2842922211, 6.28148365021, 3.1031267643, 0.723419427872, 0.317900687456, 0.12071248889, 0.0428844541311, 0.0174479559064, 0.00513888476416, 0.00258644553833, 0.00148166366853, 0.000182527161087, 4.82492578158e-06, 1.96291924937e-08], "dmean": [0.0214306563139, 0.36349773407, 1.31481444836, 1.63562631607, 2.26566314697, 3.24084544182, 4.17014408112, 6.44247436523, 11.3621034622, 10.118844986, 14.2514686584, 27.8014850616, 18.6763305664, 27.0684394836, 14.0934362411, 14.5710687637, 15.0816469193, 10.7319335938, 12.7155790329, 8.35943126678, 6.55126619339, 4.86627388, 5.00086736679, 3.9648771286, 3.34961104393, 2.30558204651, 1.73869884014, 0.986673891544, 0.67648679018, 0.329760760069, 0.194145187736, 0.118141375482, 0.0665132179856, 0.0377630963922, 0.0194736402482, 0.0102672567591, 0.00638135941699, 0.00197978015058, 0.000278146413621, 2.06284894375e-05], "max": [1.49151325226, 18.5935058594, 170.760070801, 85.8272247314, 106.221504211, 332.742706299, 200.192047119, 585.453979492, 619.734436035, 1366.80212402, 986.627685547, 1639.15759277, 1837.6027832, 1603.80395508, 1008.87646484, 1187.36340332, 721.500915527, 1282.70532227, 1426.88769531, 536.165588379, 640.991577148, 341.355041504, 311.52166748, 200.213027954, 212.399703979, 113.690956116, 109.362037659, 70.8341217041, 49.9996833801, 25.8412036896, 17.5196590424, 12.272898674, 7.84779882431, 5.20119380951, 2.75079250336, 1.97536039352, 1.5363689661, 0.480597048998, 0.0921609550714, 0.00494343275204], "var": [0.00796459242702, 1.91171848774, 26.1226654053, 27.0407009125, 50.9721412659, 236.619018555, 251.69871521, 892.077087402, 1877.39453125, 2548.09106445, 2899.04296875, 10793.0078125, 7206.12548828, 10106.9755859, 2793.4309082, 3356.62988281, 2861.12988281, 3041.37084961, 2982.0793457, 1016.50994873, 655.524902344, 329.142700195, 398.72088623, 253.458389282, 187.656417847, 102.60218811, 66.5748825073, 25.3743438721, 14.0913105011, 4.34290122986, 1.62098062038, 0.748827219009, 0.264254331589, 0.107396252453, 0.0371327996254, 0.0140350256115, 0.00649915449321, 0.000572737480979, 1.34828242153e-05, 5.81873607075e-08], "mean": [0.0387888997793, 0.638835430145, 2.20978617668, 2.51707553864, 4.07456254959, 7.5615606308, 9.37889575958, 13.7477693558, 21.5026950836, 20.1590976715, 26.4534511566, 45.0595359802, 32.664150238, 45.7565574646, 26.4278106689, 28.0000324249, 27.7473316193, 21.4894943237, 23.906835556, 16.0420608521, 12.7298583984, 10.0364675522, 10.1146144867, 8.79825782776, 7.61377429962, 5.54303693771, 4.31706953049, 2.56549143791, 1.79890048504, 0.981141865253, 0.576568007469, 0.360359787941, 0.202378064394, 0.115318410099, 0.0607407838106, 0.028971914202, 0.0144315334037, 0.00372998276725, 0.000492041173857, 5.01707363583e-05]}, "spectral_strongpeak": {"dmean2": 0.71476906538, "median": 0.464036405087, "min": 0, "dvar2": 1.33504354954, "dvar": 0.52718693018, "dmean": 0.427256464958, "max": 9.16654872894, "var": 1.11297678947, "mean": 0.859093546867}, "spectral_energy": {"dmean2": 0.00676700985059, "median": 0.00808783061802, "min": 1.00302879024e-20, "dvar2": 0.000155968140461, "dvar": 6.18889826001e-05, "dmean": 0.00430604210123, "max": 0.23099821806, "var": 0.000479852227727, "mean": 0.0181866846979}, "average_loudness": 0.173032328486, "spectral_rolloff": {"dmean2": 332.089508057, "median": 947.4609375, "min": 107.666015625, "dvar2": 170134.328125, "dvar": 73791.4375, "dmean": 193.38835144, "max": 19638.28125, "var": 5199350, "mean": 1319.36352539}, "spectral_centroid": {"dmean2": 202.304107666, "median": 937.110717773, "min": 176.245147705, "dvar2": 89536.0390625, "dvar": 37576.0507812, "dmean": 126.547698975, "max": 11700.4228516, "var": 984673.75, "mean": 1094.02075195}, "pitch_salience": {"dmean2": 0.091130822897, "median": 0.550155639648, "min": 0.0625794380903, "dvar2": 0.00641009723768, "dvar": 0.00245942664333, "dmean": 0.0571309030056, "max": 0.996099174023, "var": 0.0114799682051, "mean": 0.544114768505}, "spectral_energyband_middle_high": {"dmean2": 0.00217786268331, "median": 0.00144065963104, "min": 1.2278789374e-21, "dvar2": 1.72952550201e-05, "dvar": 6.89003400112e-06, "dmean": 0.00138624804094, "max": 0.0551937930286, "var": 4.2655839934e-05, "mean": 0.00470109656453}, "spectral_contrast_coeffs": {"dmean2": [0.0670833513141, 0.0629349350929, 0.0559911616147, 0.0442380867898, 0.0307535436004, 0.0201772525907], "median": [-0.652304410934, -0.713134050369, -0.722129583359, -0.75540292263, -0.774869561195, -0.752796649933], "min": [-0.985335111618, -0.999254822731, -0.998711228371, -0.987561821938, -0.988291800022, -0.96581017971], "dvar2": [0.00326242879964, 0.00276070949621, 0.00219850242138, 0.00124381098431, 0.00057967560133, 0.000259810214629], "dvar": [0.00115069246385, 0.00101651926525, 0.000828158052173, 0.000452361535281, 0.000211835547816, 9.93029243546e-05], "dmean": [0.0403274670243, 0.0386535637081, 0.0347759090364, 0.0265270099044, 0.0184165500104, 0.0121438764036], "max": [-0.364153027534, -0.36315369606, -0.381101071835, -0.501194298267, -0.567940890789, -0.617952883244], "var": [0.00893438048661, 0.00755816278979, 0.00666880840436, 0.00443117786199, 0.00231038080528, 0.00195351592265], "mean": [-0.649347364902, -0.710577666759, -0.723409950733, -0.751952469349, -0.771921515465, -0.753395199776]}, "melbands_skewness": {"dmean2": 0.692330539227, "median": 1.49345183372, "min": -2.04419064522, "dvar2": 0.453830361366, "dvar": 0.178164467216, "dmean": 0.442594230175, "max": 9.32361698151, "var": 1.34039449692, "mean": 1.69142270088}, "spectral_spread": {"dmean2": 354148.71875, "median": 2789581, "min": 919688.1875, "dvar2": 1129504964610.0, "dvar": 478781767680, "dmean": 214883.265625, "max": 42616932, "var": 12226002944000.0, "mean": 3300539.25}, "dissonance": {"dmean2": 0.0391721837223, "median": 0.450632214546, "min": 0, "dvar2": 0.00147346116137, "dvar": 0.000531597645022, "dmean": 0.0233418624848, "max": 0.500000059605, "var": 0.00168444088195, "mean": 0.441869348288}, "spectral_skewness": {"dmean2": 0.486035913229, "median": 1.86290240288, "min": -0.0706226304173, "dvar2": 0.218648612499, "dvar": 0.0724303796887, "dmean": 0.281174987555, "max": 6.0958032608, "var": 0.347711861134, "mean": 1.95007562637}, "spectral_flux": {"dmean2": 0.01664259471, "median": 0.0337022542953, "min": 6.34649902076e-11, "dvar2": 0.000449760322226, "dvar": 0.000166467987583, "dmean": 0.00994109176099, "max": 0.319146841764, "var": 0.00196575769223, "mean": 0.0511693991721}, "spectral_contrast_valleys": {"dmean2": [0.591929495335, 0.476835459471, 0.396022170782, 0.317187815905, 0.23383359611, 0.170764908195], "median": [-7.70523262024, -7.00243473053, -7.65782356262, -8.25386333466, -8.78532600403, -12.4782161713], "min": [-28.5188751221, -28.1294155121, -27.8375053406, -27.64960289, -27.5204906464, -27.3850784302], "dvar2": [0.265207052231, 0.189237192273, 0.140790686011, 0.109609611332, 0.0960481837392, 0.0710937306285], "dvar": [0.0959029942751, 0.0730754435062, 0.0566464215517, 0.0457014851272, 0.0434290468693, 0.0388625189662], "dmean": [0.349716454744, 0.286951810122, 0.238448262215, 0.189286574721, 0.144010022283, 0.118912614882], "max": [-5.29722499847, -4.63363218307, -4.8220949173, -5.67303276062, -5.95307922363, -8.60127353668], "var": [7.0090546608, 5.87800550461, 5.64609193802, 5.5435962677, 5.28320741653, 4.12334728241], "mean": [-8.47446727753, -7.49120378494, -8.06007003784, -8.73123264313, -8.92745304108, -12.1522893906]}, "erbbands_flatness_db": {"dmean2": 0.0197635702789, "median": 0.210443124175, "min": 0.0340672694147, "dvar2": 0.000327714602463, "dvar": 0.00014697512961, "dmean": 0.0131246354431, "max": 0.40410220623, "var": 0.00291013764217, "mean": 0.209091663361}, "spectral_energyband_high": {"dmean2": 9.31430186029e-05, "median": 1.36495391416e-05, "min": 6.93851214713e-21, "dvar2": 4.80994728491e-08, "dvar": 2.33729924304e-08, "dmean": 6.31419025012e-05, "max": 0.00488089816645, "var": 2.21467701067e-07, "mean": 0.000241695030127}, "spectral_entropy": {"dmean2": 0.149309903383, "median": 7.06589031219, "min": 5.20097112656, "dvar2": 0.0190042387694, "dvar": 0.00873480550945, "dmean": 0.0980218499899, "max": 9.82008743286, "var": 0.307537853718, "mean": 7.10130834579}, "silence_rate_20dB": {"dmean2": 0, "median": 1, "min": 1, "dvar2": 0, "dvar": 