{"metadata": {"tags": {"label": ["EMI"], "catalognumber": ["5 85714 2"], "originalyear": ["1989"], "asin": ["B000002SGT"], "album": ["The King's Singers' Madrigal History Tour"], "musicbrainz album type": ["album"], "script": ["Latn"], "albumartistsort": ["King's Singers, The"], "musicbrainz album release country": ["US"], "acoustid_id": ["ecef9631-0019-455a-b461-ed0cd9ad0993"], "musicbrainz_artistid": ["f502b5e1-545f-4c23-9174-af74e7247993"], "musicbrainz_releasegroupid": ["f81b6c3e-a78f-31a3-be5a-f8b4b6a2adcc"], "musicbrainz_recordingid": ["1f2ac7b6-d9a0-4949-a009-4d534e4ec5a3"], "albumartist": ["The King's Singers"], "barcode": ["724358571424"], "originaldate": ["1989"], "musicbrainz album status": ["official"], "artist": ["Claude Le Jeune"], "musicbrainz_albumid": ["c7467ca3-88be-4e86-824d-66280f9b3f88"], "artistsort": ["Le Jeune, Claude"], "title": ["Un gentil amoureux"], "tracknumber": ["21/34"], "musicbrainz_albumartistid": ["9170ee99-b422-4134-a1f9-9f4e5aaf8127"], "encoding": ["Lavf56.36.100"], "discnumber": ["1/1"], "date": ["1989"], "media": ["CD"], "file_name": "Claude Le Jeune - Un gentil amoureux.mp3"}, "audio_properties": {"sample_rate": 44100, "downmix": "mix", "lossless": false, "analysis_sample_rate": 44100, "md5_encoded": "87d6d1d9f22227244ce1b6da0a0e8cd3", "equal_loudness": 0, "replay_gain": -6.23187637329, "codec": "mp3", "bit_rate": 160028, "length": 150.256332397}, "version": {"extractor": "music 1.0", "essentia_build_sha": "70f2e5ece6736b2c40cc944ad0e695b16b925413", "essentia_git_sha": "v2.1_beta2", "essentia": "2.1-beta2"}}, "rhythm": {"beats_loudness_band_ratio": {"dvar2": [0.0264913458377, 0.0602630525827, 0.0490937232971, 0.0768493637443, 0.00507020484656, 0.0255942307413], "var": [0.018912749365, 0.0617618784308, 0.0547761470079, 0.0510912127793, 0.00160091312137, 0.00851765181869], "min": [3.63265753549e-05, 0.00132460426539, 0.00156170490663, 0.000651161244605, 3.63609760825e-05, 8.0440491729e-05], "dmean": [0.0582151114941, 0.18197825551, 0.1828353405, 0.18020196259, 0.0264983288944, 0.0295474305749], "mean": [0.0730578154325, 0.312596440315, 0.407105326653, 0.229772686958, 0.0244214553386, 0.0213083792478], "max": [0.989973247051, 0.988562226295, 0.936506450176, 0.957500398159, 0.254377573729, 0.92918407917], "dmean2": [0.0913000106812, 0.305553346872, 0.304871588945, 0.309462159872, 0.046408995986, 0.0515361316502], "median": [0.0257896445692, 0.245039820671, 0.405119717121, 0.158109068871, 0.00987696740776, 0.00211480166763], "dvar": [0.01143903099, 0.0261860955507, 0.0232579484582, 0.0306568592787, 0.00193645630497, 0.011000815779]}, "bpm_histogram_first_peak_weight": {"dvar2": 0, "var": 0, "min": 0.20000000298, "dmean": 0, "mean": 0.20000000298, "max": 0.20000000298, "dmean2": 0, "median": 0.20000000298, "dvar": 0}, "bpm": 163.696777344, "beats_count": 371, "bpm_histogram_first_peak_spread": {"dvar2": 0, "var": 0, "min": 0.421875, "dmean": 0, "mean": 0.421875, "max": 0.421875, "dmean2": 0, "median": 0.421875, "dvar": 0}, "danceability": 0.879228293896, "bpm_histogram_first_peak_bpm": {"dvar2": 0, "var": 0, "min": 161, "dmean": 0, "mean": 161, "max": 161, "dmean2": 0, "median": 161, "dvar": 0}, "beats_position": [0.394739210606, 0.801088392735, 1.18421769142, 1.5673469305, 1.93886613846, 2.32199549675, 2.69351458549, 3.06503391266, 3.42494320869, 3.78485250473, 4.14476203918, 4.49306106567, 4.85297060013, 5.21287965775, 5.5727891922, 5.93269824982, 6.30421733856, 6.66412687302, 7.02403593063, 7.39555549622, 7.75546455383, 8.11537361145, 8.47528362274, 8.84680271149, 9.21832180023, 9.58984088898, 9.98458003998, 10.4025392532, 10.8088884354, 11.2036275864, 11.6099767685, 12.0047159195, 12.3994560242, 12.7941951752, 13.1889343262, 13.572063446, 13.9551925659, 14.3383216858, 14.7214508057, 15.1045799255, 15.4877090454, 15.8592290878, 16.2307472229, 16.5906581879, 16.9505672455, 17.3104763031, 17.6819953918, 18.0419044495, 18.4018135071, 18.7617225647, 19.1216316223, 19.4815406799, 19.853061676, 20.2245807648, 20.5960998535, 20.9676189423, 21.339138031, 21.7106571198, 22.0937862396, 22.4536952972, 22.825214386, 23.1967334747, 23.5682544708, 23.9397735596, 24.3229026794, 24.7060317993, 25.1007709503, 25.4839000702, 25.8670291901, 26.2617683411, 26.6448974609, 27.0280265808, 27.3879356384, 27.747844696, 28.1077537537, 28.4792747498, 28.8391838074, 29.2107028961, 29.5706119537, 29.9421310425, 30.3020401001, 30.6503391266, 31.0102481842, 31.3701572418, 31.7416782379, 32.1131973267, 32.4963264465, 32.8678436279, 33.2277526855, 33.5992736816, 33.9707946777, 34.3307037354, 34.7022209167, 35.0737419128, 35.4336509705, 35.8051681519, 36.1766891479, 36.5482063293, 36.9197273254, 37.3376846313, 37.755645752, 38.1736030579, 38.5915641785, 39.0791816711, 39.5668029785, 40.0544204712, 40.6116981506, 41.1689796448, 41.7146492004, 42.2603149414, 42.8059844971, 43.3516540527, 43.8973236084, 44.4313812256, 44.9886627197, 45.5459403992, 46.1148300171, 46.683719635, 47.2526054382, 47.8331069946, 48.4019927979, 48.9708824158, 49.4236717224, 49.8764610291, 50.3292503357, 50.7820396423, 51.2232208252, 51.6876182556, 52.152015686, 52.6048049927, 53.0692062378, 53.5800437927, 54.1024932861, 54.6249427795, 55.1473922729, 55.6698417664, 56.1806793213, 56.6799087524, 57.1791381836, 57.6783676147, 58.2124252319, 58.7348747253, 59.2573242188, 59.7449417114, 60.2325630188, 60.7201805115, 61.1497497559, 61.5677070618, 61.9856681824, 62.4036254883, 62.7983665466, 63.1814956665, 63.5646247864, 63.9477539062, 64.3192749023, 64.6907958984, 65.0623092651, 65.4338302612, 65.8053512573, 66.1768722534, 66.5483856201, 66.9199066162, 67.2798156738, 67.6397247314, 68.0112457275, 68.3827667236, 68.7542877197, 69.1374130249, 69.5205459595, 69.8920593262, 70.2751922607, 70.6583175659, 71.029838562, 71.4245758057, 71.8077087402, 72.2024459839, 72.5971832275, 72.9687042236, 73.3402252197, 73.7233581543, 74.1064834595, 74.5128326416, 74.9191818237, 75.3255310059, 75.7434921265, 76.1614532471, 76.5794067383, 76.9973678589, 77.403717041, 77.7984542847, 78.2048034668, 78.6111526489, 79.0175018311, 79.4122467041, 79.8069839478, 80.2017211914, 80.5964584351, 80.9912033081, 81.3627166748, 81.7342376709, 82.1173706055, 82.4888839722, 82.8720169067, 83.2667541504, 83.661491394, 84.0330123901, 84.4045333862, 84.7760543823, 85.1475753784, 85.5307006836, 85.9138336182, 86.3085708618, 86.7033081055, 87.08644104, 87.4811782837, 87.8875274658, 88.2938766479, 88.6886138916, 89.0949630737, 89.4897003174, 89.8960494995, 90.2907943726, 90.7087478638, 91.1383209229, 91.5562820435, 91.9742355347, 92.3921966553, 92.8101577759, 93.216506958, 93.6344680786, 94.0408172607, 94.458770752, 94.8651199341, 95.2714691162, 95.6778182983, 96.0841674805, 96.4905166626, 96.8504257202, 97.2103347778, 97.5818557739, 97.9417648315, 98.3016738892, 98.6731948853, 99.0447158813, 99.404624939, 99.7645339966, 100.124443054, 100.484352112, 100.844261169, 101.192558289, 101.552467346, 101.912376404, 102.272285461, 102.632194519, 103.003715515, 103.375236511, 103.735145569, 104.095054626, 104.454963684, 104.82648468, 105.198005676, 105.59274292, 105.975868225, 106.35900116, 106.742126465, 107.102035522, 107.473556519, 107.845077515, 108.216598511, 108.622947693, 109.029296875, 109.435646057, 109.853607178, 110.271560669, 110.677909851, 111.084259033, 111.479003906, 111.87374115, 112.268478394, 112.651611328, 113.034736633, 113.406257629, 113.777778625, 114.149291992, 114.520812988, 114.903945923, 115.287071228, 115.658592224, 116.099769592, 116.54094696, 117.005348206, 117.458137512, 117.910926819, 118.363716125, 118.816505432, 119.269294739, 119.710472107, 120.140045166, 120.546394348, 120.964347839, 121.38230896, 121.800270081, 122.160179138, 122.531700134, 122.891609192, 123.25151825, 123.657867432, 124.064216614, 124.482177734, 124.876914978, 125.271652222, 125.666389465, 126.061134338, 126.47908783, 126.873832703, 127.268569946, 127.66330719, 128.058044434, 128.441177368, 128.835922241, 129.230651855, 129.61378479, 129.996917725, 130.391647339, 130.809616089, 131.22756958, 131.65713501, 132.098312378, 132.516281128, 132.934234619, 133.352203369, 133.758544922, 134.164901733, 134.559631348, 134.954376221, 135.337509155, 135.720626831, 136.092147827, 136.475280762, 136.858413696, 137.241546631, 137.624664307, 138.007797241, 138.390930176, 138.77406311, 139.168792725, 139.551925659, 139.946670532, 140.341400146, 140.724533081, 141.107666016, 141.50239563, 141.897140503, 142.291885376, 142.698226929, 143.11618042, 143.522537231, 143.928878784, 144.358459473, 144.776412964, 145.194366455, 145.612335205, 146.018676758, 146.425033569, 146.819763184, 147.27255249, 147.736953735, 148.189743042, 148.654144287, 149.118545532, 149.582946777], "beats_loudness": {"dvar2": 0.00111200392712, "var": 0.000609130132943, "min": 5.3326243421e-10, "dmean": 0.0132214995101, "mean": 0.0196333546191, "max": 0.205696359277, "dmean2": 0.0214115139097, "median": 0.0130909197032, "dvar": 0.000453447544714}, "bpm_histogram_second_peak_weight": {"dvar2": 0, "var": 0, "min": 0.145945951343, "dmean": 0, "mean": 0.145945951343, "max": 0.145945951343, "dmean2": 0, "median": 0.145945951343, "dvar": 0}, "bpm_histogram_second_peak_spread": {"dvar2": 0, "var": 0, "min": 0, "dmean": 0, "mean": 0, "max": 0, "dmean2": 0, "median": 0, "dvar": 0}, "bpm_histogram_second_peak_bpm": {"dvar2": 0, "var": 0, "min": 167, "dmean": 0, "mean": 167, "max": 167, "dmean2": 0, "median": 167, "dvar": 0}, "onset_rate": 1.86333835125}, "lowlevel": {"spectral_energyband_high": {"dvar2": 2.1967384356e-08, "var": 8.33237479014e-08, "min": 7.0526210664e-21, "dmean": 2.31323792832e-05, "mean": 5.40534201718e-05, "max": 0.00876138266176, "dmean2": 2.7335512641e-05, "median": 7.67283563619e-06, "dvar": 1.86796231816e-08}, "spectral_energyband_middle_low": {"dvar2": 4.70650556963e-05, "var": 0.000212117345654, "min": 3.90041735405e-22, "dmean": 0.00282625854015, "mean": 0.010375787504, "max": 0.268709033728, "dmean2": 0.00394555460662, "median": 0.00677751284093, "dvar": 2.46794243139e-05}, "spectral_energy": {"dvar2": 0.000102041143691, "var": 0.000674988317769, "min": 1.01165142112e-20, "dmean": 0.00389880477451, "mean": 0.0164093654603, "max": 0.294381886721, "dmean2": 0.00537210423499, "median": 0.00899964943528, "dvar": 5.19244276802e-05}, "spectral_spread": {"dvar2": 653699186688, "var": 3506570002430.0, "min": 843985.1875, "dmean": 390885.9375, "mean": 3019709.5, "max": 41232980, "dmean2": 581807.125, "median": 2409874, "dvar": 445361586176}, "spectral_energyband_low": {"dvar2": 4.90823452992e-08, "var": 4.56483810751e-08, "min": 3.20811807234e-23, "dmean": 6.19578859187e-05, "mean": 0.000148967606947, "max": 0.00238688476384, "dmean2": 9.75863949861e-05, "median": 6.75397750456e-05, "dvar": 1.76874550561e-08}, "spectral_rolloff": {"dvar2": 1149154.25, "var": 4034505, "min": 43.06640625, "dmean": 201.769439697, "mean": 1196.76464844, "max": 19444.4824219, "dmean2": 345.287506104, "median": 796.728515625, "dvar": 521638.15625}, "barkbands": {"dvar2": [1.91456833026e-12, 5.22117418744e-11, 1.1201874095e-08, 1.11039440753e-07, 1.52546351728e-06, 5.34583750778e-06, 1.42674898598e-05, 1.85868957487e-05, 3.53559926225e-06, 1.97499120986e-05, 4.53556167486e-05, 3.66479980585e-06, 6.61337253405e-07, 3.29699048507e-07, 1.07911013458e-07, 8.70700578304e-09, 1.81951893552e-08, 7.25416926528e-09, 4.94332486056e-09, 3.73835212786e-10, 4.31138680312e-10, 1.90881510598e-09, 1.04169224358e-08, 6.2502856224e-09, 3.22535886887e-10, 2.36362817339e-12, 5.46490305096e-17], "var": [6.79403310954e-13, 2.28042904005e-10, 1.3419103162e-08, 1.00822582283e-07, 2.6509746931e-06, 1.44063988046e-05, 4.61711279058e-05, 3.41515587934e-05, 6.42499480819e-06, 3.86607134715e-05, 0.000201700575417, 4.76287641504e-06, 9.80985987553e-07, 3.95151261046e-07, 1.3250725317e-07, 1.32624125015e-08, 1.89562907593e-08, 1.33032580507e-08, 1.48662522292e-08, 7.39965588803e-10, 4.88078188976e-10, 2.79041301177e-09, 1.64676947634e-08, 7.91575782699e-09, 6.21031615022e-10, 1.04722211805e-11, 3.67453910565e-17], "min": [2.31568146575e-24, 1.75290967369e-24, 1.35569801307e-23, 3.13918519763e-23, 4.62562097075e-23, 1.3844241305e-22, 1.18920150373e-22, 2.02661001347e-23, 2.69517641485e-23, 5.4638500536e-23, 9.62013097127e-23, 8.86273362548e-23, 1.0798499837e-22, 7.14881781965e-23, 8.19708332732e-23, 2.15893180621e-22, 1.66921806342e-22, 2.70881733451e-22, 2.58936990951e-22, 2.30935912425e-22, 3.44143889429e-22, 4.5732026151e-22, 7.07016169786e-22, 6.702838273e-22, 1.26529371399e-21, 1.55840877892e-21, 2.10463989961e-21], "dmean": [5.22744358022e-07, 2.33614059653e-06, 2.54197475442e-05, 9.26270367927e-05, 0.000449759943876, 0.000915637356229, 0.000931273330934, 0.000987723702565, 0.000569879484829, 0.00103420822416, 0.00110134249553, 0.000345422304235, 0.000132385757752, 7.66600714996e-05, 4.44173711003e-05, 1.75570512511e-05, 2.25576659432e-05, 1.84375276149e-05, 1.47515766002e-05, 3.59729847332e-06, 2.88806677418e-06, 6.42711756882e-06, 9.9560857052e-06, 6.54627638141e-06, 1.71277031313e-06, 1.9281310415e-07, 1.99527305789e-09], "mean": [5.21387050867e-07, 8.01533496997e-06, 6.59859142615e-05, 0.000197512243176, 0.00119384238496, 0.00242632627487, 0.00216132448986, 0.00220664218068, 0.00121489225421, 0.00244331290014, 0.00311002065428, 0.000684278260451, 0.000232220132602, 0.000149273357238, 8.25716051622e-05, 4.14160749642e-05, 4.72867541248e-05, 4.46195372206e-05, 3.94340313505e-05, 7.25601148588e-06, 5.73708757656e-06, 1.29089239636e-05, 1.90800510609e-05, 1.13140022222e-05, 3.15127908834e-06, 4.2134459477e-07, 3.0639155657e-09], "max": [2.11270689761e-05, 0.000117556279292, 0.00149847671855, 0.00387262203731, 0.0180656760931, 0.0462965779006, 0.160837262869, 0.115346468985, 0.0443028211594, 0.0757248401642, 0.197034716606, 0.0348451994359, 0.0324429385364, 0.0139453010634, 0.00810683332384, 0.00247978535481, 0.00354561838321, 0.00168568396475, 0.00271990313195, 0.000598994956817, 0.000666055420879, 0.000972724461462, 0.00571789545938, 0.00223830435425, 0.000827583367936, 0.000117344556202, 9.03575241296e-08], "dmean2": [9.37035679272e-07, 3.48365188074e-06, 3.98184820369e-05, 0.000145552447066, 0.000657118915115, 0.00130171189085, 0.00133524718694, 0.00141416618135, 0.000812395417597, 0.00151474995073, 0.00156369188335, 0.00053100171499, 0.000198643450858, 0.000119315176562, 6.83978869347e-05, 2.70545187959e-05, 3.51480084646e-05, 2.83808094537e-05, 2.13998609979e-05, 5.20616504218e-06, 4.05145829063e-06, 8.68077768246e-06, 1.31094775497e-05, 9.51074616751e-06, 2.27631653615e-06, 2.46915050184e-07, 3.46464812395e-09], "median": [2.75334372191e-07, 9.25766414639e-07, 9.74383328867e-06, 6.40747311991e-05, 0.000706277787685, 0.00116155692376, 0.000546544382814, 0.00033046057797, 0.000248910626397, 0.000227677577641, 6.18371268502e-05, 3.01687141473e-05, 1.89465372387e-05, 1.01156165329e-05, 5.48659727428e-06, 7.04835929355e-06, 9.25696258491e-06, 5.53044719709e-06, 6.90710703566e-06, 1.31521642288e-06, 1.12285351861e-06, 1.85772955774e-06, 1.82255462278e-06, 5.49061383026e-07, 2.87847058189e-07, 6.66889121703e-08, 9.47765643744e-10], "dvar": [6.35238172828e-13, 2.22097930325e-11, 4.095857431e-09, 4.07421687498e-08, 6.70276733672e-07, 2.78306220025e-06, 7.21539799997e-06, 9.01791008801e-06, 1.71866497567e-06, 8.6898171503e-06, 2.25560343097e-05, 1.52347911353e-06, 3.39286771123e-07, 1.46155755942e-07, 4.69583731899e-08, 3.32898131283e-09, 6.64740573697e-09, 3.07292236101e-09, 2.59970711625e-09, 2.09599615442e-10, 2.1878765466e-10, 1.01015751319e-09, 5.82896841905e-09, 2.86300294583e-09, 2.04745054244e-10, 1.92915301789e-12, 1.91467529475e-17]}, "melbands_skewness": {"dvar2": 1.17926907539, "var": 3.67829322815, "min": -3.40943336487, "dmean": 0.566103994846, "mean": 1.60156309605, "max": 16.2421798706, "dmean2": 0.83070898056, "median": 1.24867677689, "dvar": 0.55714225769}, "barkbands_skewness": {"dvar2": 0.827295541763, "var": 3.02676033974, "min": -3.86926293373, "dmean": 0.541069984436, "mean": 1.40861427784, "max": 11.0914564133, "dmean2": 0.796568751335, "median": 1.15847468376, "dvar": 0.392359465361}, "erbbands": {"dvar2": [6.33899910341e-09, 7.9069432104e-06, 0.005306054838, 0.340992182493, 3.12385368347, 22.5018501282, 143.702865601, 592.066101074, 2354.48168945, 4966.48046875, 2882.95703125, 2795.17773438, 14147.6513672, 62917.6171875, 27604.5332031, 6321.20117188, 1525.00341797, 623.551025391, 452.487915039, 33.8405036926, 17.5967884064, 39.4151382446, 26.7014064789, 23.6956100464, 10.6250619888, 0.314440488815, 0.349320411682, 0.988631725311, 2.48350429535, 4.20687150955, 10.0912494659, 4.53874397278, 0.703576982021, 0.08506308496, 0.00519509706646, 0.000121877790662, 1.10452447188e-06, 1.35580191518e-09, 3.03861345807e-11, 1.37857142368e-10], "var": [1.19343779303e-08, 2.09742174775e-05, 0.006299583707, 0.317759424448, 3.38687777519, 33.0910949707, 389.328918457, 1782.50976562, 10208.3662109, 12116.4179688, 4914.50390625, 5033.08935547, 26571.4960938, 244478.875, 97135.359375, 9327.77050781, 2441.44775391, 880.451721191, 623.819885254, 43.33543396, 31.7341136932, 48.9230232239, 50.3627548218, 28.6152896881, 36.8763389587, 1.16241896152, 0.392251670361, 1.297560215, 3.13359618187, 6.84001636505, 14.9418706894, 7.40218019485, 1.08312749863, 0.175581306219, 0.010498044081, 0.000709545100108, 7.77523473516e-06, 8.52442116894e-09, 2.11871811762e-10, 9.19116061038e-10], "min": [5.16702630742e-23, 5.60313890809e-22, 1.06758773289e-20, 7.00170519164e-20, 9.2082017208e-20, 1.08016436787e-19, 6.64450197826e-19, 1.19498099185e-18, 1.36927890706e-18, 1.67396488864e-18, 3.78792317171e-19, 5.79003422826e-19, 1.44146158244e-18, 2.1590038509e-18, 4.33467249601e-18, 3.62885747729e-18, 4.34632788443e-18, 3.27383135159e-18, 5.50298818344e-18, 6.09254296707e-18, 1.3395162662e-17, 8.86638272265e-18, 1.53776730535e-17, 1.08362678565e-17, 1.3801946099e-17, 1.0467590976e-17, 1.16924742368e-17, 1.43549485985e-17, 1.3614368833e-17, 1.74741077221e-17, 1.94194049123e-17, 1.64419600256e-17, 1.18951359684e-17, 1.10202071821e-17, 1.08765474164e-17, 6.22657931353e-18, 2.85247340577e-18, 1.06372335187e-18, 2.60014040895e-19, 3.48485699072e-20], "dmean": [3.58647012035e-05, 0.000904286513105, 0.0193203967065, 0.168921411037, 0.506899237633, 1.65265631676, 4.1593337059, 9.46921730042, 12.8545207977, 18.5511360168, 12.8367834091, 15.6772212982, 23.4673671722, 39.7731895447, 34.3264656067, 13.0122823715, 6.74977302551, 4.17353630066, 2.97014451027, 1.06907081604, 0.869854927063, 1.06308603287, 1.10431659222, 0.753434598446, 0.646197617054, 0.123905092478, 0.0838850140572, 0.142435595393, 0.221859976649, 0.260982960463, 0.293083071709, 0.188747167587, 0.0752502754331, 0.0279565919191, 0.00756786437705, 0.00177554588299, 0.000171185296495, 9.24278992898e-06, 2.2156950763e-06, 4.52287940789e-06], "mean": [9.29098605411e-05, 0.00323973270133, 0.0545235425234, 0.385683178902, 1.25989639759, 4.28553009033, 10.9262180328, 24.5697059631, 32.2255935669, 43.7369232178, 30.1370697021, 35.1420211792, 57.13438797, 120.527000427, 87.7506790161, 29.7345581055, 12.8299722672, 8.53388023376, 6.0367269516, 2.35757493973, 2.20992708206, 2.47681093216, 2.7675845623, 1.90361940861, 1.80291879177, 0.348898261786, 0.177162349224, 0.286129176617, 0.434354871511, 0.528267621994, 0.546063899994, 0.340646266937, 0.13538184762, 0.0502347312868, 0.0144567582756, 0.00377963460051, 0.000414340873249, 2.56277417066e-05, 9.43296618061e-06, 1.91458966583e-05], "max": [0.00223744078539, 0.033025637269, 0.977683901787, 5.55612659454, 29.7237815857, 53.9876670837, 367.712524414, 607.534484863, 2627.04223633, 1760.9329834, 1088.49328613, 1111.61730957, 2408.64819336, 6722.60498047, 7003.93359375, 1787.99890137, 1739.90063477, 708.764526367, 517.229248047, 154.419113159, 110.144676208, 165.078536987, 117.156715393, 141.390930176, 100.873329163, 19.4058971405, 19.4209918976, 35.0072021484, 36.3529281616, 66.310585022, 182.706924438, 99.4331130981, 23.1980419159, 14.1463279724, 3.79892325401, 0.889919519424, 0.106394872069, 0.00315628107637, 0.000166141311638, 0.000332644529408], "dmean2": [5.87616086705e-05, 0.00137257878669, 0.0302130319178, 0.266443938017, 0.795409679413, 2.45729422569, 5.91932916641, 13.3140869141, 18.2540073395, 26.5761356354, 18.680316925, 22.3825111389, 34.0217323303, 57.1948623657, 49.4240951538, 20.0166378021, 9.91802024841, 6.49816703796, 4.643658638, 1.60356998444, 1.32091152668, 1.63893997669, 1.68838870525, 1.16573524475, 0.929003357887, 0.177863970399, 0.116765029728, 0.197012320161, 0.303236365318, 0.349720656872, 0.381347686052, 0.254504650831, 0.109341368079, 0.0369702130556, 0.0101029174402, 0.00212293770164, 0.000211389982724, 1.22213969007e-05, 3.02349508274e-06, 6.2344838625e-06], "median": [5.81549611525e-05, 0.000990578089841, 0.0188496187329, 0.15121948719, 0.651196658611, 2.37022924423, 5.16082525253, 10.5280284882, 9.74957466125, 10.6713352203, 6.21639060974, 7.97423744202, 9.35583114624, 5.88466453552, 3.56833124161, 1.72181141376, 1.45622062683, 0.971303224564, 0.566700339317, 0.463289737701, 0.566059350967, 0.518632411957, 0.410289049149, 0.311274111271, 0.283678412437, 0.078310161829, 0.0390017926693, 0.0516819506884, 0.0624783486128, 0.0644661784172, 0.0511563196778, 0.020066741854, 0.00659564789385, 0.00296603003517, 0.00186984287575, 0.000582279695664, 7.68540339777e-05, 6.85106488163e-06, 5.18886099599e-06, 1.05994613477e-05], "dvar": [2.67896038686e-09, 3.01339287034e-06, 0.00191689305939, 0.12513409555, 1.13302850723, 9.47099304199, 77.2429275513, 316.802154541, 1357.28466797, 2402.8425293, 1338.67565918, 1324.48217773, 6076.43408203, 27490.2050781, 13658.3007812, 2461.50683594, 807.353820801, 283.710906982, 198.436676025, 15.4159708023, 7.06450366974, 14.8159675598, 10.900103569, 8.9339838028, 5.5472817421, 0.164962738752, 0.178352385759, 0.53790128231, 1.25661277771, 2.35814380646, 5.66411542892, 2.49842691422, 0.348516374826, 0.0567562952638, 0.00355664151721, 0.000126272308989, 1.15273337542e-06, 1.2850318587e-09, 1.75864808827e-11, 7.00178248714e-11]}, "silence_rate_30dB": {"dvar2": 0.00706316018477, "var": 0.0183473415673, "min": 0, "dmean": 0.00339978374541, "mean": 0.981304049492, "max": 1, "dmean2": 0.00680061802268, "median": 1, "dvar": 0.00338813755661}, "melbands_spread": {"dvar2": 126.821670532, "var": 461.288543701, "min": 0.339501261711, "dmean": 3.24064707756, "mean": 12.9547405243, "max": 225.373382568, "dmean2": 4.73353290558, "median": 7.83502578735, "dvar": 74.3433380127}, "melbands_crest": {"dvar2": 21.222032547, "var": 31.5393772125, "min": 1.78469371796, "dmean": 3.00734877586, "mean": 14.6568450928, "max": 38.9097900391, "dmean2": 4.75626420975, "median": 13.6281356812, "dvar": 8.18748569489}, "zerocrossingrate": {"dvar2": 0.000126084982185, "var": 0.00372785120271, "min": 0.0009765625, "dmean": 0.00532302772626, "mean": 0.0450310446322, "max": 0.57080078125, "dmean2": 0.0059931804426, "median": 0.03271484375, "dvar": 0.000135833834065}, "barkbands_kurtosis": {"dvar2": 161.590911865, "var": 256.338562012, "min": -1.91317379475, "dmean": 4.1454706192, "mean": 8.89018821716, "max": 185.753494263, "dmean2": 6.28709363937, "median": 4.08445739746, "dvar": 71.4042129517}, "spectral_flux": {"dvar2": 0.000647345383186, "var": 0.00100751407444, "min": 1.00580883899e-10, "dmean": 0.0121991792694, "mean": 0.0401424840093, "max": 0.292829275131, "dmean2": 0.0201057344675, "median": 0.0350420586765, "dvar": 0.000247598509304}, "barkbands_crest": {"dvar2": 12.747879982, "var": 17.7646217346, "min": 2.38517618179, "dmean": 2.43511271477, "mean": 11.9025440216, "max": 26.223690033, "dmean2": 3.82952904701, "median": 11.1466417313, "dvar": 4.93077230453}, "barkbands_flatness_db": {"dvar2": 0.000916266872082, "var": 0.00524647021666, "min": 0.0302589703351, "dmean": 0.0200834069401, "mean": 0.252957314253, "max": 0.50794416666, "dmean2": 0.0297373179346, "median": 0.256233692169, "dvar": 0.000439441326307}, "spectral_entropy": {"dvar2": 0.0700068175793, "var": 0.589309096336, "min": 4.40248250961, "dmean": 0.167956203222, "mean": 6.50831604004, "max": 9.79667854309, "dmean2": 0.232454687357, "median": 6.42244052887, "dvar": 0.0398175120354}, "pitch_salience": {"dvar2": 0.00964660570025, "var": 0.015291296877, "min": 0.0408759042621, "dmean": 0.0654030591249, "mean": 0.552717745304, "max": 0.83781516552, "dmean2": 0.103345789015, "median": 0.557954788208, "dvar": 0.00367816071957}, "erbbands_spread": {"dvar2": 118.221641541, "var": 265.918731689, "min": 0.672497868538, "dmean": 3.95540833473, "mean": 16.1204776764, "max": 137.080001831, "dmean2": 5.78198766708, "median": 10.5043849945, "dvar": 59.0572357178}, "dynamic_complexity": 7.95265102386, "spectral_contrast_valleys": {"dvar2": [0.301968336105, 0.188836872578, 0.149940341711, 0.110346071422, 0.0967417061329, 0.111827969551], "var": [1.61468136311, 3.17298483849, 2.84907197952, 2.14889597893, 1.8069653511, 1.57554507256], "min": [-26.7205219269, -27.5348548889, -27.4397983551, -27.0440196991, -27.3644657135, -27.2950267792], "dmean": [0.382460564375, 0.316717237234, 0.284200906754, 0.242032498121, 0.204638242722, 0.203160703182], "mean": [-10.3029994965, -7.74006319046, -8.61709690094, -9.66988277435, -9.8589630127, -12.2988843918], "max": [-7.90935754776, -4.9798707962, -5.41212034225, -6.80399799347, -7.21080780029, -8.10154438019], "dmean2": [0.642110824585, 0.506717383862, 0.446046739817, 0.372736275196, 0.296046078205, 0.273884505033], "median": [-10.2873363495, -7.23823547363, -8.27732467651, -9.3688211441, -9.56399917603, -12.1090545654], "dvar": [0.117788568139, 0.0912518799305, 0.0791356936097, 0.0637939497828, 0.0630962625146, 0.0786589384079]}, "hfc": {"dvar2": 69.9082107544, "var": 455.007324219, "min": 1.13169623628e-16, "dmean": 2.84872055054, "mean": 11.6446866989, "max": 238.666900635, "dmean2": 3.89786100388, "median": 5.11672019958, "dvar": 34.735080719}, "spectral_kurtosis": {"dvar2": 118.441589355, "var": 178.930862427, "min": -1.21737146378, "dmean": 5.929043293, "mean": 17.0475444794, "max": 114.413818359, "dmean2": 10.0071744919, "median": 14.3048582077, "dvar": 44.9971504211}, "mfcc": {"mean": [-803.664550781, 155.012207031, -4.04981708527, -10.0453538895, -28.6371917725, -21.8292694092, -26.3318405151, 0.510553538799, -22.5607452393, -13.4876775742, -8.43703174591, -11.2584724426, -4.77712488174], "cov": [[14135.3505859, 2783.68530273, -2196.02661133, -1033.04394531, -1369.56811523, -745.232788086, -994.046875, 301.741241455, -1229.59484863, -602.267272949, -220.089797974, -447.335876465, -289.278503418], [2783.68530273, 2380.08081055, -425.17388916, -318.579040527, -325.235168457, -409.135375977, -247.786407471, 130.184326172, -239.218109131, -194.060424805, -129.596405029, -186.402664185, -47.9784889221], [-2196.02661133, -425.17388916, 1083.63085938, 359.857543945, 223.786026001, 183.72277832, 182.577331543, 2.59181761742, 177.66305542, -2.1082713604, -50.2366409302, 29.5054206848, 7.33524370193], [-1033.04394531, -318.579040527, 359.857543945, 633.185424805, 435.520965576, 155.608459473, 5.36761236191, -20.9342517853, 16.3820896149, -0.49248072505, 6.27806186676, -48.339214325, -14.0164747238], [-1369.56811523, -325.235168457, 223.786026001, 435.520965576, 751.691711426, 269.692504883, -59.5417289734, -201.738479614, 66.7373123169, 102.329727173, 48.1164588928, 3.71029424667, -6.7775182724], [-745.232788086, -409.135375977, 183.72277832, 155.608459473, 269.692504883, 332.847808838, 117.565879822, -48.7198257446, 40.5964851379, 34.6598091125, 46.0398902893, 58.1082267761, 7.66626596451], [-994.046875, -247.786407471, 182.577331543, 5.36761236191, -59.5417289734, 117.565879822, 363.724243164, 184.033050537, 91.7321090698, 16.099357605, 21.0192623138, 55.517375946, 31.7918109894], [301.741241455, 130.184326172, 2.59181761742, -20.9342517853, -201.738479614, -48.7198257446, 184.033050537, 369.413848877, -7.03229475021, -65.2180404663, -10.2971687317, -50.1204299927, 2.98535633087], [-1229.59484863, -239.218109131, 177.66305542, 16.3820896149, 66.7373123169, 40.5964851379, 91.7321090698, -7.03229475021, 279.590301514, 142.058410645, 20.6077709198, 64.6514434814, 34.598815918], [-602.267272949, -194.060424805, -2.1082713604, -0.49248072505, 102.329727173, 34.6598091125, 16.099357605, -65.2180404663, 142.058410645, 211.680130005, 80.3511199951, 46.0158462524, 4.30823230743], [-220.089797974, -129.596405029, -50.2366409302, 6.27806186676, 48.1164588928, 46.0398902893, 21.0192623138, -10.2971687317, 20.6077709198, 80.3511199951, 130.345794678, 57.8030052185, -4.12079906464], [-447.335876465, -186.402664185, 29.5054206848, -48.339214325, 3.71029424667, 58.1082267761, 55.517375946, -50.1204299927, 64.6514434814, 46.0158462524, 57.8030052185, 161.184432983, 58.9297637939], [-289.278503418, -47.9784889221, 7.33524370193, -14.0164747238, -6.7775182724, 7.66626596451, 31.7918109894, 2.98535633087, 34.598815918, 4.30823230743, -4.12079906464, 58.9297637939, 108.465385437]], "icov": [[0.000292219221592, -0.000127482664539, 0.000288352573989, 9.9954122561e-06, 0.000440783333033, -0.000491498329211, 0.000827568292152, -0.00049134256551, 0.000793043232989, -0.000309663970256, 0.000494726293255, -0.000224214571062, 0.000437936192611], [-0.000127482664539, 0.000704308273271, -0.000107515552372, 0.00035667323391, -0.000471609062515, 0.000813642225694, -0.000131285938551, -9.33298724703e-05, -0.000129686362925, 0.000395324692363, -5.70520678593e-05, 0.000349137873854, -0.000187209574506], [0.000288352573989, -0.000107515552372, 0.00185352435801, -0.000909722410142, 0.000634029856883, -0.000783513474744, 0.00020260772726, -0.000110061089799, -0.000317248137435, 0.000349499314325, 0.00124090537429, -0.000534238817636, 0.000941926904488], [9.9954122561e-06, 0.00035667323391, -0.000909722410142, 0.00376017391682, -0.00227520056069, 0.000543064379599, 0.000370581721654, -0.000996415619738, 0.00049055123236, 0.000724209530745, -0.000684206548613, 0.00112401298247, -0.000351804716047], [0.000440783333033, -0.000471609062515, 0.000634029856883, -0.00227520056069, 0.00471195112914, -0.00333787081763, 0.0018981047906, 0.000671444227919, 0.000646566157229, -0.0015678377822, 0.00047711408115, 0.000472277606605, 0.000203158982913], [-0.000491498329211, 0.000813642225694, -0.000783513474744, 0.000543064379599, -0.00333787081763, 0.00758550921455, -0.00383208319545, 0.00136944220867, -0.000514727784321, 0.00154153665062, -0.00166449137032, -0.000626562978141, -0.000106817831693], [0.000827568292152, -0.000131285938551, 0.00020260772726, 0.000370581721654, 0.0018981047906, -0.00383208319545, 0.00864288490266, -0.00486466521397, 0.00151275401004, -0.00148428347893, 0.00185883510858, -0.00214227358811, 0.000984254991636], [-0.00049134256551, -9.33298724703e-05, -0.000110061089799, -0.000996415619738, 0.000671444227919, 0.00136944220867, -0.00486466521397, 0.00684082647786, -0.00231152004562, 0.00242852559313, -0.00304827955551, 0.0034746855963, -0.00165302224923], [0.000793043232989, -0.000129686362925, -0.000317248137435, 0.00049055123236, 0.000646566157229, -0.000514727784321, 0.00151275401004, -0.00231152004562, 0.0102335298434, -0.00688851904124, 0.00443194946274, -0.00272178184241, 0.000495948537719], [-0.000309663970256, 0.000395324692363, 0.000349499314325, 0.000724209530745, -0.0015678377822, 0.00154153665062, -0.00148428347893, 0.00242852559313, -0.00688851904124, 0.012418858707, -0.00720914220437, 0.00240989844315, -0.000298911734717], [0.000494726293255, -5.70520678593e-05, 0.00124090537429, -0.000684206548613, 0.00047711408115, -0.00166449137032, 0.00185883510858, -0.00304827955551, 0.00443194946274, -0.00720914220437, 0.015814717859, -0.0070109362714, 0.00409091822803], [-0.000224214571062, 0.000349137873854, -0.000534238817636, 0.00112401298247, 0.000472277606605, -0.000626562978141, -0.00214227358811, 0.0034746855963, -0.00272178184241, 0.00240989844315, -0.0070109362714, 0.0138026447967, -0.00664900848642], [0.000437936192611, -0.000187209574506, 0.000941926904488, -0.000351804716047, 0.000203158982913, -0.000106817831693, 0.000984254991636, -0.00165302224923, 0.000495948537719, -0.000298911734717, 0.00409091822803, -0.00664900848642, 0.0135943228379]]}, "silence_rate_20dB": {"dvar2": 0, "var": 0, "min": 1, "dmean": 0, "mean": 1, "max": 1, "dmean2": 0, "median": 1, "dvar": 0}, "melbands_kurtosis": {"dvar2": 573.409851074, "var": 662.639770508, "min": -1.90651988983, "dmean": 5.65188264847, "mean": 11.7490959167, "max": 443.720367432, "dmean2": 8.65190219879, "median": 4.23587417603, "dvar": 258.489227295}, "barkbands_spread": {"dvar2": 57.516834259, "var": 125.574897766, "min": 0.369546681643, "dmean": 2.32658338547, "mean": 8.31546211243, "max": 126.095733643, "dmean2": 3.47591257095, "median": 4.84285736084, "dvar": 27.1872653961}, "erbbands_skewness": {"dvar2": 0.497106790543, "var": 1.4143435955, "min": -5.23571968079, "dmean": 0.458180576563, "mean": 0.995199263096, "max": 9.07654380798, "dmean2": 0.668062090874, "median": 0.901609897614, "dvar": 0.235683873296}, "average_loudness": 0.0436820313334, "spectral_centroid": {"dvar2": 76774.625, "var": 398793.875, "min": 214.738052368, "dmean": 97.47215271, "mean": 811.744567871, "max": 11251.6035156, "dmean2": 136.293518066, "median": 653.857177734, "dvar": 49717.75}, "dissonance": {"dvar2": 0.00367382634431, "var": 0.00464160786942, "min": 0.123141273856, "dmean": 0.0386154167354, "mean": 0.388791978359, "max": 0.499999910593, "dmean2": 0.0647479295731, "median": 0.397979199886, "dvar": 0.00138110981788}, "erbbands_flatness_db": {"dvar2": 0.000651232956443, "var": 0.00509472610429, "min": 0.0289535261691, "dmean": 0.0174376424402, "mean": 0.283043682575, "max": 0.482766658068, "dmean2": 0.0249152295291, "median": 0.289348810911, "dvar": 0.000337973906426}, "spectral_strongpeak": {"dvar2": 1.13588130474, "var": 3.61158394814, "min": 0, "dmean": 0.460350900888, "mean": 1.52974033356, "max": 17.0336227417, "dmean2": 0.712984859943, "median": 0.953545928001, "dvar": 0.495571732521}, "spectral_rms": {"dvar2": 5.0026540066e-07, "var": 5.71676901018e-06, "min": 3.1416191263e-12, "dmean": 0.000426553597208, "mean": 0.00320817017928, "max": 0.0169470310211, "dmean2": 0.000574511184823, "median": 0.00296313106082, "dvar": 2.8225477422e-07}, "silence_rate_60dB": {"dvar2": 0.0824734643102, "var": 0.192866206169, "min": 0, "dmean": 0.0414155460894, "mean": 0.260970324278, "max": 1, "dmean2": 0.0828438922763, "median": 0, "dvar": 0.0396977365017}, "melbands": {"dvar2": [1.31109381164e-12, 7.47796158329e-10, 1.65968447874e-08, 3.64626941973e-08, 1.38851262932e-07, 2.71537828667e-07, 5.84196357067e-07, 7.85564395756e-07, 1.46319706573e-07, 1.13673827684e-07, 3.61337896493e-07, 9.2976608812e-07, 3.92511736891e-07, 6.92753943099e-08, 1.49525476445e-08, 5.81336534466e-09, 3.10391778946e-09, 1.4881423871e-09, 3.31672300735e-10, 6.06307573592e-11, 1.89291551184e-11, 5.38996278165e-11, 7.85962822603e-11, 1.40969033322e-11, 1.99241213805e-11, 7.89148434099e-12, 2.37267800893e-12, 7.72471482938e-14, 1.48540739171e-13, 3.01988794214e-13, 4.26415467606e-13, 9.75706494766e-13, 9.47162812591e-13, 2.20235635284e-12, 2.24396217753e-12, 9.47153813713e-12, 1.98033234776e-12, 5.67138621222e-13, 1.4953745978e-13, 4.89889839849e-14], "var": [6.11506895468e-12, 8.94005702801e-10, 1.60826996165e-08, 4.69224588073e-08, 3.55248289452e-07, 7.796258501e-07, 2.29955776376e-06, 1.75548450443e-06, 2.5070298193e-07, 2.10129712741e-07, 6.42234567749e-07, 3.51299718204e-06, 1.62385310887e-06, 1.58340185408e-07, 2.02409555783e-08, 8.79687700461e-09, 4.03463484844e-09, 1.94370008977e-09, 3.64963587129e-10, 7.9664969066e-11, 3.19119140835e-11, 5.3448259707e-11, 9.52065162818e-11, 2.39746781455e-11, 1.79256904459e-11, 2.68290424599e-11, 7.33241592443e-12, 1.47852975522e-13, 1.21507540357e-13, 2.89611460898e-13, 4.99368450237e-13, 9.58613071735e-13, 1.40472551126e-12, 2.59520226489e-12, 4.47132044931e-12, 6.2310612399e-12, 2.16643565067e-12, 6.31558986965e-13, 2.78860728996e-13, 8.45188651596e-14], "min": [4.43508447753e-25, 3.86988102172e-24, 1.32496178339e-23, 5.02388512959e-24, 1.93919507438e-23, 2.61474857457e-23, 2.4574001696e-23, 1.59082904993e-23, 2.90006232738e-24, 3.62482572025e-24, 7.61707602888e-24, 8.5138318067e-24, 1.42538787871e-23, 1.27703177809e-23, 6.85421124593e-24, 1.02541820259e-23, 5.44927087855e-24, 9.43510932575e-24, 5.9016814244e-24, 1.38410363209e-23, 1.58542456386e-23, 9.98769771238e-24, 1.00279785279e-23, 1.31509502674e-23, 8.02580379654e-24, 1.08507217979e-23, 9.03424650131e-24, 6.04358882378e-24, 6.14429638466e-24, 1.05542142272e-23, 7.27797628017e-24, 6.69450793339e-24, 1.12481057457e-23, 8.70961525046e-24, 9.47213530119e-24, 1.39600770092e-23, 9.11782315878e-24, 7.50150001766e-24, 8.89435858585e-24, 9.59918371656e-24], "dmean": [4.43721802412e-07, 6.96214783602e-06, 3.73470320483e-05, 6.54685281916e-05, 0.000135988753755, 0.000201484668651, 0.000197195418878, 0.000219681853196, 9.16678109206e-05, 0.000102229314507, 0.000118307521916, 0.000157986403792, 0.000121657692944, 5.43353271496e-05, 2.01667880901e-05, 1.21934481285e-05, 8.47055343911e-06, 5.12639599037e-06, 2.60526121565e-06, 1.38982079534e-06, 9.90774310594e-07, 1.13312535177e-06, 1.46315449001e-06, 8.05292927453e-07, 6.62314619149e-07, 5.81090432661e-07, 2.77500134871e-07, 5.58393047356e-08, 4.83011923791e-08, 7.48485646795e-08, 9.25775296423e-08, 1.27633100533e-07, 1.44261392165e-07, 1.59886880624e-07, 1.74995889779e-07, 1.68291933278e-07, 1.11624167687e-07, 6.0850439354e-08, 3.76837903104e-08, 2.03084002948e-08], "mean": [1.39884912187e-06, 1.96021319425e-05, 8.97286299733e-05, 0.000173825770617, 0.000367318920325, 0.000526676245499, 0.00048437982332, 0.000511129852384, 0.000213514416828, 0.000221169902943, 0.000273096753517, 0.000464832613943, 0.000327671441482, 0.000123242571135, 3.95238348574e-05, 2.12465838558e-05, 1.63146905834e-05, 1.02667827377e-05, 4.75482056572e-06, 3.16273053613e-06, 2.31408034779e-06, 2.38803954744e-06, 3.17085527968e-06, 1.92230754692e-06, 1.45599437928e-06, 1.56789133143e-06, 7.0520763984e-07, 1.22015222814e-07, 9.00468108966e-08, 1.41402878739e-07, 1.71746648903e-07, 2.31968016351e-07, 2.77959600226e-07, 3.00660616404e-07, 3.20780543461e-07, 2.84470758061e-07, 1.79424390012e-07, 1.01018336807e-07, 6.37054000663e-08, 3.41489183597e-08], "max": [2.03928466362e-05, 0.000379330886062, 0.00189386447892, 0.00252215750515, 0.0100435232744, 0.0115194637328, 0.0382961221039, 0.0229616891593, 0.00685001676902, 0.00793475285172, 0.0120299840346, 0.0250616669655, 0.0212093088776, 0.00754018872976, 0.00283576268703, 0.00353670073673, 0.00157446984667, 0.00102782004979, 0.000396585324779, 0.000190485719941, 9.85019214568e-05, 0.000221276990487, 0.000264166854322, 6.2230421463e-05, 0.000112170382636, 0.000115054659545, 4.404457286e-05, 6.402409781e-06, 1.4463314983e-05, 1.42763010444e-05, 2.03514391615e-05, 2.34700582951e-05, 2.31975391216e-05, 4.49996587122e-05, 8.47331466503e-05, 0.000139105599374, 3.97249314119e-05, 1.66961490322e-05, 1.63310232892e-05, 1.05470489871e-05], "dmean2": [6.81507628997e-07, 1.08622152766e-05, 5.86745372857e-05, 0.000100800323708, 0.000193112893612, 0.000284499052214, 0.000282084860373, 0.000314628938213, 0.00013391241373, 0.000145486977999, 0.00017179925635, 0.000228018587222, 0.000173781387275, 8.14299855847e-05, 3.04880632029e-05, 1.83172196557e-05, 1.31731030706e-05, 7.9945930338e-06, 3.96349196308e-06, 2.15739555642e-06, 1.52331017489e-06, 1.78375910309e-06, 2.28712247008e-06, 1.25786891658e-06, 1.04699063286e-06, 8.44040300763e-07, 4.07000129599e-07, 8.26160686529e-08, 6.93853721145e-08, 1.09315330121e-07, 1.30952713562e-07, 1.80917268722e-07, 1.9789663952e-07, 2.2271224509e-07, 2.35838044205e-07, 2.29347577374e-07, 1.61868413784e-07, 9.21270029153e-08, 4.97588814596e-08, 2.67100510598e-08], "median": [3.12181327899e-07, 5.74660316488e-06, 4.25580510637e-05, 0.000104135877336, 0.000189547688933