{"tonal": {"thpcp": [1, 0.769848942757, 0.513913273811, 0.394649863243, 0.318115085363, 0.450252622366, 0.572540640831, 0.434916764498, 0.326963156462, 0.327648103237, 0.329236268997, 0.485147923231, 0.598165214062, 0.56137830019, 0.702730834484, 0.788826227188, 0.595548868179, 0.437459856272, 0.390258610249, 0.395301640034, 0.649685978889, 0.923752069473, 0.706811308861, 0.394248694181, 0.302800148726, 0.276003092527, 0.413892507553, 0.511653959751, 0.420619606972, 0.399507671595, 0.416068136692, 0.385984778404, 0.43113386631, 0.446526795626, 0.454723358154, 0.760095894337], "hpcp": {"dmean2": [0.396302998066, 0.351430654526, 0.320416629314, 0.300783723593, 0.297120183706, 0.341204673052, 0.41824144125, 0.375881761312, 0.282503962517, 0.22710095346, 0.195599347353, 0.229848608375, 0.260046243668, 0.230244219303, 0.222544103861, 0.22539973259, 0.248252436519, 0.270083785057, 0.275849610567, 0.308946102858, 0.381240606308, 0.417414337397, 0.383279472589, 0.348680764437, 0.280923813581, 0.226525872946, 0.265339225531, 0.297575950623, 0.239194795489, 0.212314590812, 0.204137563705, 0.204135775566, 0.257754057646, 0.298356473446, 0.323198080063, 0.391982376575], "median": [0.140258789063, 0.120838068426, 0.0832618921995, 0.0692621544003, 0.069414332509, 0.150697931647, 0.234216019511, 0.166329652071, 0.0642263144255, 0.0475183613598, 0.0524048022926, 0.0867182090878, 0.10232886672, 0.0914324447513, 0.0833720266819, 0.0733070150018, 0.0624915659428, 0.083735615015, 0.0847866535187, 0.084593936801, 0.190969973803, 0.274823188782, 0.187039643526, 0.0927686840296, 0.0703926831484, 0.0505905374885, 0.081897303462, 0.112841330469, 0.089334435761, 0.0512050576508, 0.0490553341806, 0.0589096657932, 0.110517263412, 0.132144510746, 0.117333643138, 0.129951253533], "min": [0, 0, 0, 0, 0, 0, 0, 0, 0, 0, 0, 0, 0, 0, 0, 0, 0, 0, 0, 0, 0, 0, 0, 0, 0, 0, 0, 0, 0, 0, 0, 0, 0, 0, 0, 0], "dvar2": [0.164772093296, 0.154526948929, 0.151007950306, 0.147816389799, 0.145468235016, 0.137009456754, 0.155865088105, 0.151706621051, 0.140993386507, 0.118770822883, 0.090796276927, 0.0884252414107, 0.101478517056, 0.0834203138947, 0.0879925489426, 0.0896818265319, 0.115235559642, 0.11958732456, 0.116580963135, 0.128690436482, 0.141265138984, 0.143947392702, 0.141751408577, 0.1424510777, 0.111326448619, 0.0883440896869, 0.10161896795, 0.119097016752, 0.0840170904994, 0.0841229557991, 0.0826818794012, 0.0747702643275, 0.0890031084418, 0.105136238039, 0.125809207559, 0.162598773837], "dvar": [0.0632041320205, 0.0557286515832, 0.0533621609211, 0.0519715845585, 0.051447942853, 0.0491802059114, 0.0596972852945, 0.0552872009575, 0.0505921803415, 0.0431883744895, 0.0328346565366, 0.0325482450426, 0.038674198091, 0.0305229406804, 0.032318752259, 0.0358027592301, 0.042369261384, 0.0427440665662, 0.0430167727172, 0.047933716327, 0.0527313314378, 0.0563176348805, 0.0540568046272, 0.0533528737724, 0.0412739962339, 0.032988615334, 0.0382313728333, 0.0438383407891, 0.0309173148125, 0.0310860648751, 0.0313560366631, 0.0281916242093, 0.0331104509532, 0.0403818413615, 0.0460786707699, 0.0601644925773], "dmean": [0.222353026271, 0.197990521789, 0.177378967404, 0.165644168854, 0.16352391243, 0.195107936859, 0.240803360939, 0.21486403048, 0.157942935824, 0.126409336925, 0.108318954706, 0.130750969052, 0.148252815008, 0.129980415106, 0.12715151906, 0.129779398441, 0.13962225616, 0.151879027486, 0.155128657818, 0.173643559217, 0.219765424728, 0.243147954345, 0.220812693238, 0.197005480528, 0.15650691092, 0.126660525799, 0.150400549173, 0.16879478097, 0.135368436575, 0.119906581938, 0.115169554949, 0.115309037268, 0.148199543357, 0.17229706049, 0.184186846018, 0.221547529101], "max": [1, 1, 1, 1, 1, 1, 1, 1, 1, 1, 1, 1, 1, 1, 1, 1, 1, 1, 1, 1, 1, 1, 1, 1, 1, 1, 1, 1, 1, 1, 1, 1, 1, 1, 1, 1], "var": [0.108999729156, 0.0636697933078, 0.0449801012874, 0.0417714677751, 0.0423490703106, 0.0608170814812, 0.0951594486833, 0.0680122599006, 0.0457171276212, 0.0354733839631, 0.0255170054734, 0.0364288687706, 0.0556302219629, 0.0359761677682, 0.0364977605641, 0.0481557026505, 0.0447794161737, 0.0435626581311, 0.0463841669261, 0.0480979606509, 0.0742757692933, 0.102274730802, 0.0781763643026, 0.056999836117, 0.0395828261971, 0.0316279642284, 0.047137465328, 0.066541723907, 0.0410262420774, 0.0345347598195, 0.0395549684763, 0.0317157506943, 0.040667898953, 0.0613858662546, 0.0552137717605, 0.0861074924469], "mean": [0.299278348684, 0.22594948113, 0.165970981121, 0.148062974215, 0.149976283312, 0.246488958597, 0.350468814373, 0.26816213131, 0.149576798081, 0.114881485701, 0.104714758694, 0.157029598951, 0.194120004773, 0.159581840038, 0.151572033763, 0.157855033875, 0.146441489458, 0.163570925593, 0.169410958886, 0.172520712018, 0.288378149271, 0.379397064447, 0.292078435421, 0.194977194071, 0.149728998542, 0.120691925287, 0.17082452774, 0.217220231891, 0.165006145835, 0.124048858881, 0.124308727682, 0.124911271036, 0.184063702822, 0.226942121983, 0.212985277176, 0.266614019871]}, "tuning_equal_tempered_deviation": 0.0657674819231, "chords_changes_rate": 0.0535798966885, "key_key": "A", "tuning_diatonic_strength": 0.698282659054, "key_scale": "major", "chords_number_rate": 0.00158052786719, "tuning_frequency": 440.508636475, "tuning_nontempered_energy_ratio": 0.725889384747, "chords_histogram": [26.9163894653, 5.26315784454, 39.5290031433, 2.41820764542, 7.91844463348, 0.268689751625, 0.584795296192, 0.20546862483, 0.663821697235, 0, 0, 0, 0, 0, 0, 0.695432245731, 0, 1.5331120491, 0.0158052798361, 6.1640586853, 3.17686104774, 2.93978190422, 1.35925400257, 0.347716122866], "key_strength": 0.850855648518, "chords_key": "E", "chords_strength": {"dmean2": 0.0121274748817, "median": 0.532017469406, "min": -1, "dvar2": 0.000798197055701, "dvar": 0.000451994332252, "dmean": 0.0106701143086, "max": 0.827766001225, "var": 0.0171732511371, "mean": 0.523410081863}, "chords_scale": "major", "hpcp_entropy": {"dmean2": 1.19174814224, "median": 2.40537023544, "min": 0, "dvar2": 0.888906240463, "dvar": 0.317659467459, "dmean": 0.700102686882, "max": 4.52301216125, "var": 0.56245881319, "mean": 2.36811113358}}, "metadata": {"audio_properties": {"equal_loudness": 0, "codec": "flac", "downmix": "mix", "sample_rate": 44100, "analysis_sample_rate": 44100, "bit_rate": 0, "md5_encoded": "4e954cf9452e9a778bf5db0b9576f777", "length": 293.733337402, "replay_gain": -10.5970497131, "lossless": true}, "version": {"essentia_build_sha": "2d9f1f26377add8aeb1075a9c2973f962c4f09fd", "essentia": "2.1-beta2", "extractor": "music 1.0", "essentia_git_sha": "v2.1_beta2-1-ge3940c0"}, "tags": {"title": ["One for the Money"], "barcode": ["042283460423"], "media": ["CD"], "albumartist": ["Status Quo"], "tracktotal": ["12"], "musicbrainz_releasegroupid": ["2c775c53-c801-3f2a-92dc-5ff4e0691062"], "releasetype": ["album"], "musicbrainz_recordingid": ["1f2fad8e-0783-4e38-b0cb-197dc0a6140c"], "musicbrainz_albumartistid": ["1884ed9c-6fe1-468d-a7f8-8d19c9c4e441"], "originalyear": ["1988"], "musicbrainz_releasetrackid": ["cb44d7b6-2409-386e-abb9-7852dedb9c47"], "discnumber": ["1"], "album": ["Ain't Complaining"], "catalognumber": ["834 604-2"], "releasecountry": ["GB"], "originaldate": ["1988"], "albumartistsort": ["Status Quo"], "date": ["1988"], "file_name": "fd0d7bbe48c9b625ea77fff54f95.flac", "disctotal": ["1"], "acoustid_id": ["00bafd0d-7bbe-48c9-b625-ea77fff54f95"], "musicbrainz_artistid": ["1884ed9c-6fe1-468d-a7f8-8d19c9c4e441"], "asin": ["B000006UFH"], "musicbrainz_albumid": ["a127b18e-2405-40bf-814b-218539a95630"], "tracknumber": ["3"], "artistsort": ["Status Quo"], "artist": ["Status Quo"], "label": ["Vertigo"], "releasestatus": ["official"], "totaldiscs": ["1"], "script": ["Latn"], "totaltracks": ["12"]}}, "rhythm": {"bpm_histogram_first_peak_bpm": {"dmean2": 0, "median": 112, "min": 112, "dvar2": 0, "dvar": 0, "dmean": 0, "max": 112, "var": 0, "mean": 112}, "bpm": 111.957351685, "bpm_histogram_second_peak_spread": {"dmean2": 0, "median": 0, "min": 0, "dvar2": 0, "dvar": 0, "dmean": 0, "max": 0, "var": 0, "mean": 0}, "bpm_histogram_first_peak_weight": {"dmean2": 0, "median": 0.833333313465, "min": 0.833333313465, "dvar2": 0, "dvar": 0, "dmean": 0, "max": 0.833333313465, "var": 0, "mean": 0.833333313465}, "onset_rate": 4.68076086044, "beats_position": [0.49922901392, 1.01006805897, 1.53251695633, 2.06657600403, 2.60063481331, 3.13469386101, 3.66875267029, 4.20281171799, 4.73687076569, 5.27092981339, 5.80498838425, 6.33904743195, 6.87310647964, 7.40716552734, 7.95283412933, 8.498503685, 9.03256225586, 9.56662082672, 10.1006803513, 10.6347389221, 11.1687984467, 11.7028570175, 12.2369155884, 12.782585144, 13.3166437149, 13.8623123169, 14.3963718414, 14.9304304123, 15.4644899368, 15.9985485077, 16.5326080322, 17.0666656494, 17.600725174, 18.1347846985, 18.6804523468, 19.2261219025, 19.760181427, 20.2942390442, 20.8282985687, 21.3623580933, 21.8964176178, 22.430475235, 22.9645347595, 23.4985942841, 24.0326519012, 24.5667114258, 25.1123809814, 25.6580486298, 26.1921081543, 26.7261676788, 27.2602272034, 27.7942848206, 28.3283443451, 28.8624038696, 29.3964614868, 29.9305210114, 30.4645805359, 30.9986381531, 31.5443077087, 32.0899772644, 32.6240348816, 33.1580963135, 33.6921539307, 34.2262115479, 34.7602729797, 35.2943305969, 35.8283882141, 36.362449646, 36.8965072632, 37.4305648804, 37.976234436, 38.5219039917, 39.0559616089, 39.5900230408, 40.124080658, 40.6581382751, 41.192199707, 41.7262573242, 42.2603149414, 42.8059844971, 43.3516540527, 43.8857116699, 44.4197731018, 44.953830719, 45.4878921509, 46.0219497681, 46.5560073853, 47.0900688171, 47.6241264343, 48.1581840515, 48.6922454834, 49.2379112244, 49.7719726563, 50.3176422119, 50.8516998291, 51.3857574463, 51.9198188782, 52.4538764954, 52.9879341125, 53.5219955444, 54.0560531616, 54.5901107788, 55.1241722107, 55.6582298279, 56.1922874451, 56.7379570007, 57.2836265564, 57.8176841736, 58.3517456055, 58.8858032227, 59.4198646545, 59.9539222717, 60.4879798889, 61.0220413208, 61.5677070618, 62.1133766174, 62.6474380493, 63.1814956665, 63.7155532837, 64.2496109009, 64.7836685181, 65.3177337646, 65.8517913818, 66.385848999, 66.9199066162, 67.4539642334, 67.98802948, 68.5336914063, 69.0793609619, 69.6134262085, 70.1474838257, 70.6815414429, 71.2155990601, 71.7496566772, 72.2837142944, 72.817779541, 73.3518371582, 73.8975067139, 74.4315643311, 74.9772338867, 75.5112915039, 76.0453491211, 76.5794067383, 77.1134643555, 77.6475296021, 78.1815872192, 78.7156448364, 79.2497024536, 79.7837600708, 80.3294296265, 80.8750991821, 81.4091567993, 81.9432220459, 82.4772796631, 83.0113372803, 83.5453948975, 84.0794525146, 84.6135101318, 85.1475753784, 85.6932373047, 86.2389068604, 86.7729721069, 87.3070297241, 87.8410873413, 88.3751449585, 88.9092025757, 89.4432601929, 89.9773254395, 90.5113830566, 91.0454406738, 91.579498291, 92.1135559082, 92.6476211548, 93.1932830811, 93.7273483276, 94.2730178833, 94.8070755005, 95.3411331177, 95.8751907349, 96.4092483521, 96.9433059692, 97.4773712158, 98.011428833, 98.5454864502, 99.0795440674, 99.625213623, 100.170883179, 100.704940796, 101.238998413, 101.77305603, 102.307121277, 102.841178894, 103.375236511, 103.909294128, 104.443351746, 104.977409363, 105.511474609, 106.057144165, 106.602806091, 107.136871338, 107.670928955, 108.204986572, 108.739044189, 109.273101807, 109.818771362, 110.352828979, 110.886894226, 111.420951843, 111.95500946, 112.500679016, 113.034736633, 113.56879425, 114.102851868, 114.636917114, 115.170974731, 115.705032349, 116.239089966, 116.773147583, 117.3072052, 117.852874756, 118.398544312, 118.932601929, 119.466667175, 120.000724792, 120.53478241, 121.068840027, 121.602897644, 122.136962891, 122.671020508, 123.205078125, 123.739135742, 124.284805298, 124.830474854, 125.364532471, 125.898590088, 126.432647705, 126.966712952, 127.500770569, 128.034820557, 128.568893433, 129.10295105, 129.637008667, 130.171066284, 130.71673584, 131.250793457, 131.796463013, 132.33052063, 132.864578247, 133.398635864, 133.932693481, 134.466751099, 135.000808716, 135.534866333, 136.068939209, 136.602996826, 137.148666382, 137.694335938, 138.228393555, 138.762451172, 139.296508789, 139.830566406, 140.364624023, 140.898681641, 141.432739258, 141.966796875, 142.512466431, 143.046524048, 143.592193604, 144.126251221, 144.660308838, 145.194366455, 145.728439331, 146.262496948, 146.796554565, 147.330612183, 147.8646698, 148.398727417, 148.944396973, 149.47845459, 150.024124146, 150.558181763, 151.09223938, 151.626296997, 152.160354614, 152.694412231, 153.228485107, 153.762542725, 154.296600342, 154.830657959, 155.364715576, 155.898773193, 156.444442749, 156.990112305, 157.524169922, 158.058227539, 158.592285156, 159.126342773, 159.660400391, 160.194458008, 160.728515625, 161.262588501, 161.808258057, 162.342315674, 162.887985229, 163.422042847, 163.956100464, 164.490158081, 165.024215698, 165.558273315, 166.092330933, 166.62638855, 167.160446167, 167.694503784, 168.228561401, 168.762634277, 169.296691895, 169.84236145, 170.388031006, 170.922088623, 171.45614624, 171.990203857, 172.524261475, 173.058319092, 173.592376709, 174.126434326, 174.672103882, 175.217773438, 175.751831055, 176.285888672, 176.819946289, 177.354003906, 177.888076782, 178.422134399, 178.956192017, 179.490249634, 180.024307251, 180.558364868, 181.092422485, 181.626480103, 182.172149658, 182.717819214, 183.251876831, 183.785934448, 184.319992065, 184.854049683, 185.3881073, 185.922180176, 186.456237793, 186.99029541, 187.535964966, 188.070022583, 188.615692139, 189.149749756, 189.683807373, 190.21786499, 190.751922607, 191.285980225, 191.820037842, 192.354095459, 192.899765015, 193.44543457, 193.979492188, 194.513549805, 195.047622681, 195.581680298, 196.115737915, 196.649795532, 197.183853149, 197.717910767, 198.251968384, 198.786026001, 199.320083618, 199.854141235, 200.388198853, 200.92225647, 201.456329346, 202.001998901, 202.536056519, 203.081726074, 203.615783691, 204.149841309, 204.683898926, 205.217956543, 205.75201416, 206.297683716, 206.843353271, 207.377410889, 207.911468506, 208.445526123, 208.97958374, 209.513641357, 210.047698975, 210.581771851, 211.115829468, 211.649887085, 212.183944702, 212.718002319, 213.263671875, 213.797729492, 214.343399048, 214.877456665, 215.411514282, 215.945571899, 216.479629517, 217.013687134, 217.547744751, 218.081817627, 218.615875244, 219.149932861, 219.695602417, 220.241271973, 220.77532959, 221.309387207, 221.843444824, 222.377502441, 222.911560059, 223.445617676, 223.979675293, 224.51373291, 225.059402466, 225.605072021, 226.139129639, 226.673187256, 227.207244873, 227.741317749, 228.275375366, 228.809432983, 229.343490601, 229.877548218, 230.411605835, 230.945663452, 231.479721069, 232.013778687, 232.547836304, 233.081893921, 233.627563477, 234.173233032, 234.707290649, 235.241363525, 235.775421143, 236.30947876, 236.855148315, 237.400817871, 237.934875488, 238.468933105, 239.002990723, 239.53704834, 240.071105957, 240.605163574, 241.139221191, 241.673278809, 242.207336426, 242.741394043, 243.275466919, 243.809524536, 244.343582153, 244.877639771, 245.423309326, 245.957366943, 246.503036499, 247.037094116, 247.571151733, 248.105209351, 248.639266968, 249.173324585, 249.707382202, 250.241439819, 250.775512695, 251.309570313, 251.855239868, 252.400909424, 252.934967041, 253.469024658, 254.003082275, 254.537139893, 255.07119751, 255.605255127, 256.139312744, 256.673370361, 257.207427979, 257.741485596, 258.28717041, 258.832824707, 259.366882324, 259.900939941, 260.434997559, 260.969055176, 261.503112793, 262.03717041, 262.571228027, 263.105316162, 263.639373779, 264.173431396, 264.719085693, 265.264770508, 265.798828125, 266.332885742, 266.866943359, 267.401000977, 267.935058594, 268.469116211, 269.003173828, 269.537231445, 270.071289063, 270.60534668, 271.151000977, 271.696685791, 272.230743408, 272.764801025, 273.298858643, 273.83291626, 274.366973877, 274.901031494, 275.435089111, 275.969146729, 276.503204346, 277.037261963, 277.594543457, 278.128601074, 278.662658691, 279.196716309, 279.730773926, 280.264862061, 280.798919678, 281.332977295, 281.867034912, 282.401092529, 282.935150146, 283.469207764, 284.014862061, 284.548919678, 285.094604492, 285.628662109, 286.162719727, 286.696777344, 287.230834961, 287.764892578, 288.298950195, 288.833007813, 289.36706543, 289.901123047, 290.435180664, 290.969238281, 291.503295898, 292.037353516, 292.571411133, 293.10546875], "beats_loudness": {"dmean2": 0.016271084547, "median": 0.0344466492534, "min": 0, "dvar2": 0.000169256833033, "dvar": 5.41737499589e-05, "dmean": 0.00938632432371, "max": 0.0638204813004, "var": 0.000130109256133, "mean": 0.0344806164503}, "danceability": 1.11881697178, "bpm_histogram_second_peak_weight": {"dmean2": 0, "median": 0.00183150183875, "min": 0.00183150183875, "dvar2": 0, "dvar": 0, "dmean": 0, "max": 0.00183150183875, "var": 0, "mean": 0.00183150183875}, "beats_count": 547, "bpm_histogram_second_peak_bpm": {"dmean2": 0, "median": 117, "min": 117, "dvar2": 0, "dvar": 0, "dmean": 0, "max": 117, "var": 0, "mean": 117}, "bpm_histogram_first_peak_spread": {"dmean2": 0, "median": 0.165137663484, "min": 0.165137663484, "dvar2": 0, "dvar": 0, "dmean": 0, "max": 0.165137663484, "var": 0, "mean": 0.165137663484}, "beats_loudness_band_ratio": {"dmean2": [0.662877440453, 0.170077130198, 0.130221635103, 0.122402250767, 0.0776816681027, 0.451867491007], "median": [0.332548826933, 0.0810380429029, 0.0781687125564, 0.0894652083516, 0.0753309577703, 0.23400016129], "min": [0, 0, 0, 0, 0, 0], "dvar2": [0.0921015590429, 0.0113297542557, 0.0144863175228, 0.0135609451681, 0.00388953043148, 0.0337281301618], "dvar": [0.0291940886527, 0.00364188849926, 0.00492787035182, 0.00491659808904, 0.00142215564847, 0.010059569031], "dmean": [0.333355695009, 0.0875131040812, 0.0738833323121, 0.0721269398928, 0.0448758639395, 0.227533742785], "max": [0.869624018669, 0.335977435112, 0.573047578335, 0.492837250233, 0.324660718441, 0.597781538963], "var": [0.0456412322819, 0.00418692221865, 0.00627952534705, 0.00656325742602, 0.00223432853818, 0.0182916633785], "mean": [0.380235671997, 0.0962300151587, 0.0979889109731, 0.115839570761, 0.0847393497825, 0.243308782578]}}, "lowlevel": {"barkbands_spread": {"dmean2": 11.6658325195, "median": 41.4795532227, "min": 1.3833861351, "dvar2": 116.141357422, "dvar": 50.5099220276, "dmean": 7.39679527283, "max": 105.647506714, "var": 189.421417236, "mean": 41.8980941772}, "melbands_spread": {"dmean2": 20.9518051147, "median": 46.8771286011, "min": 1.09759533405, "dvar2": 438.837310791, "dvar": 167.39289856, "dmean": 12.614862442, "max": 227.418075562, "var": 547.930664063, "mean": 49.2975616455}, "hfc": {"dmean2": 14.5654878616, "median": 29.1333961487, "min": 1.04377646629e-16, "dvar2": 457.529876709, "dvar": 232.399291992, "dmean": 10.0168771744, "max": 257.688079834, "var": 728.750610352, "mean": 35.5203895569}, "barkbands_kurtosis": {"dmean2": 1.56427955627, "median": -0.777550578117, "min": -1.85149204731, "dvar2": 10.9229221344, "dvar": 4.24089336395, "dmean": 0.93615013361, "max": 69.8771896362, "var": 7.03548526764, "mean": -0.0501778274775}, "gfcc": {"mean": [29.7153282166, 59.6708641052, -124.542030334, 48.79322052, -64.2403182983, 23.6921615601, -28.8162746429, 8.15535259247, -24.4680271149, -5.6975607872, -14.4292087555, 2.97458815575, -15.8898077011], "icov": [[0.000151387081132, -0.000208599027246, 0.000222704649786, -0.00028365853359, 0.000421778153395, -0.000452388485428, 0.000564576417673, -0.000524145434611, 0.000420775206294, -0.000186151330126, 0.00052597996546, -0.000542923633475, 0.000466259225504], [-0.000208599027246, 0.00264018913731, 0.000367514963727, 0.00026979012182, -0.00109893071931, 0.00138097640593, -0.00238600838929, 0.00110983196646, -0.00173549447209, 0.00192847719882, -0.00280770263635, 0.0020206514746, -0.0013726670295], [0.000222704649786, 0.000367514963727, 0.00274592684582, 8.64151734277e-05, -0.000764096388593, -0.000246477080509, 0.000889563118108, -0.0011227739742, 0.00197251653299, -0.00130702147726, 0.000987374805845, -0.000751284766011, -0.000171175517607], [-0.00028365853359, 0.00026979012182, 8.64151734277e-05, 0.00590790668502, -0.00123481138144, -0.000420941447373, -0.000452772976132, 0.00182708771899, -0.00227228319272, 0.00140383467078, -0.00105314084794, 0.000449300714536, -0.00197215424851], [0.000421778153395, -0.00109893071931, -0.000764096388593, -0.00123481138144, 0.00809438433498, -0.0027360545937, 0.000297535851132, -0.000730576808564, -0.00215447298251, 0.000321919156704, 0.00293367961422, -0.00313372351229, 0.00146544736344], [-0.000452388485428, 0.00138097640593, -0.000246477080509, -0.000420941447373, -0.0027360545937, 0.0114898988977, -0.00550967082381, -0.000257941661403, 0.00166381068993, -0.00134094420355, -0.000867045193445, 0.00206507160328, -0.000875950732734], [0.000564576417673, -0.00238600838929, 0.000889563118108, -0.000452772976132, 0.000297535851132, -0.00550967082381, 0.0136921498924, -0.00488513382152, -0.000691112538334, 0.00310647650622, -0.00194765394554, -0.0018148929812, 0.00217447802424], [-0.000524145434611, 0.00110983196646, -0.0011227739742, 0.00182708771899, -0.000730576808564, -0.000257941661403, -0.00488513382152, 0.0155341923237, -0.00469338707626, -0.00300706503913, 0.00164410390425, -0.000758519337978, -0.00188758131117], [0.000420775206294, -0.00173549447209, 0.00197251653299, -0.00227228319272, -0.00215447298251, 0.00166381068993, -0.000691112538334, -0.00469338707626, 0.0188626665622, -0.00676656421274, -0.000777168839704, 0.00253187818453, -0.0028013989795], [-0.000186151330126, 0.00192847719882, -0.00130702147726, 0.00140383467078, 0.000321919156704, -0.00134094420355, 0.00310647650622, -0.00300706503913, -0.00676656421274, 0.0215626675636, -0.00947498530149, 0.00179269979708, 0.00130838085897], [0.00052597996546, -0.00280770263635, 0.000987374805845, -0.00105314084794, 0.00293367961422, -0.000867045193445, -0.00194765394554, 0.00164410390425, -0.000777168839704, -0.00947498530149, 0.0248926561326, -0.0130955483764, 0.00329835643061], [-0.000542923633475, 0.0020206514746, -0.000751284766011, 0.000449300714536, -0.00313372351229, 0.00206507160328, -0.0018148929812, -0.000758519337978, 0.00253187818453, 0.00179269979708, -0.0130955483764, 0.028453849256, -0.0116072958335], [0.000466259225504, -0.0013726670295, -0.000171175517607, -0.00197215424851, 0.00146544736344, -0.000875950732734, 0.00217447802424, -0.00188758131117, -0.0028013989795, 0.00130838085897, 0.00329835643061, -0.0116072958335, 0.0244277920574]], "cov": [[15837.0498047, -156.5834198, -916.168273926, 319.39541626, -735.755249023, 264.264953613, -448.775695801, 158.641723633, -364.62286377, -22.1667919159, -245.493057251, 1.78066718578, -192.530670166], [-156.5834198, 893.187438965, -311.684661865, 90.8094100952, 95.9588088989, -12.3942117691, 203.298599243, -8.62885761261, 137.849105835, -51.2940864563, 106.851089478, 4.41614437103, 39.5888633728], [-916.168273926, -311.684661865, 606.960021973, -77.1585159302, 55.0943946838, 0.638026297092, -68.9086456299, 18.3044776917, -62.587852478, 35.3303108215, -39.6245269775, 10.5731468201, 3.56707286835], [319.39541626, 90.8094100952, -77.1585159302, 218.635818481, 32.1268386841, 21.7278938293, 24.8146324158, -8.49366855621, 33.4347190857, -13.6851139069, 13.5380439758, 9.48489189148, 19.3499641418], [-735.755249023, 95.9588088989, 55.0943946838, 32.1268386841, 206.612731934, 33.6072998047, 62.5059890747, 14.4900884628, 50.0376701355, -3.22775864601, 10.9840583801, 12.6054039001, 17.1991615295], [264.264953613, -12.3942117691, 0.638026297092, 21.7278938293, 33.6072998047, 132.240356445, 48.9702758789, 26.4642810822, -2.64852547646, 5.69139528275, 0.341509878635, 2.28225183487, -3.14051532745], [-448.775695801, 203.298599243, -68.9086456299, 24.8146324158, 62.5059890747, 48.9702758789, 173.097106934, 32.1466941833, 53.9818344116, -11.960308075, 43.2285842896, 11.1099977493, 12.8655462265], [158.641723633, -8.62885761261, 18.3044776917, -8.49366855621, 14.4900884628, 26.4642810822, 32.1466941833, 96.6025695801, 25.0519351959, 22.1370391846, 2.95610308647, 8.76990032196, 6.06771755219], [-364.62286377, 137.849105835, -62.587852478, 33.4347190857, 50.0376701355, -2.64852547646, 53.9818344116, 25.0519351959, 110.201637268, 21.7401752472, 34.8013725281, 3.69537401199, 19.5307292938], [-22.1667919159, -51.2940864563, 35.3303108215, -13.6851139069, -3.22775864601, 5.69139528275, -11.960308075, 22.1370391846, 21.7401752472, 76.1482315063, 24.6503677368, 7.41437244415, -1.53432548046], [-245.493057251, 106.851089478, -39.6245269775, 13.5380439758, 10.9840583801, 0.341509878635, 43.2285842896, 2.95610308647, 34.8013725281, 24.6503677368, 86.4796066284, 30.9110641479, 12.9208297729], [1.78066718578, 4.41614437103, 10.5731468201, 9.48489189148, 12.6054039001, 2.28225183487, 11.1099977493, 8.76990032196, 3.69537401199, 7.41437244415, 30.9110641479, 60.6900749207, 24.7591972351], [-192.530670166, 39.5888633728, 3.56707286835, 19.3499641418, 17.1991615295, -3.14051532745, 12.8655462265, 6.06771755219, 19.5307292938, -1.53432548046, 12.9208297729, 24.7591972351, 58.9449882507]]}, "spectral_energyband_middle_low": {"dmean2": 0.00677956035361, "median": 0.00571802072227, "min": 1.3356749247e-22, "dvar2": 0.00010201321129, "dvar": 3.71686655853e-05, "dmean": 0.00391553947702, "max": 0.0793267562985, "var": 4.41448137281e-05, "mean": 0.00738080823794}, "melbands_crest": {"dmean2": 6.20655632019, "median": 11.2363739014, "min": 1.59133446217, "dvar2": 26.1742534637, "dvar": 9.61404895782, "dmean": 3.67971253395, "max": 34.3665542603, "var": 21.0516757965, "mean": 11.9157371521}, "spectral_kurtosis": {"dmean2": 1.16979289055, "median": 1.7213075161, "min": -1.24325251579, "dvar2": 1.77453923225, "dvar": 0.719969272614, "dmean": 0.700471580029, "max": 22.8816795349, "var": 1.41886878014, "mean": 1.90392112732}, "spectral_rms": {"dmean2": 0.0011619211873, "median": 0.00450060609728, "min": 3.11200956497e-12, "dvar2": 1.63457991675e-06, "dvar": 6.57733551179e-07, "dmean": 0.000711133005098, "max": 0.0103380661458, "var": 2.15364229916e-06, "mean": 0.00449522258714}, "zerocrossingrate": {"dmean2": 0.0161783602089, "median": 0.10107421875, "min": 0.005859375, "dvar2": 0.000202918876312, "dvar": 0.000167164718732, "dmean": 0.0139143755659, "max": 0.5205078125, "var": 0.0024607880041, "mean": 0.108252167702}, "silence_rate_60dB": {"dmean2": 0.00284584984183, "median": 0, "min": 0, "dvar2": 0.00394401559606, "dvar": 0.0014206742635, "dmean": 0.00142281246372, "max": 1, "var": 0.0345978997648, "mean": 0.035883653909}, "erbbands_kurtosis": {"dmean2": 0.84582054615, "median": -0.390156149864, "min": -1.83964931965, "dvar2": 1.10660386086, "dvar": 0.431578338146, "dmean": 0.521456599236, "max": 14.8024864197, "var": 0.90121358633, "mean": -0.180779770017}, "erbbands": {"dmean2": [0.122857555747, 1.09218633175, 2.94976615906, 7.9237370491, 11.8264808655, 7.46232843399, 5.88666200638, 10.9383792877, 9.44878959656, 10.5217609406, 13.323141098, 24.40741539, 26.1490440369, 27.2892150879, 29.7460174561, 26.9815940857, 34.1213722229, 30.0587272644, 19.0151386261, 18.1552772522, 21.7574138641, 25.3438587189, 26.9615345001, 22.110326767, 27.785074234, 21.7070159912, 13.4507761002, 14.3487682343, 16.2547397614, 16.378988266, 12.9923686981, 8.74989032745, 4.836789608, 2.24812793732, 0.983197808266, 0.29178866744, 0.0981350392103, 0.0159153006971, 0.00164529762696, 8.84173787199e-05], "median": [0.037757307291, 0.369932860136, 1.37032842636, 2.92152738571, 3.58920907974, 3.11454033852, 3.32744312286, 4.78657341003, 4.23996639252, 5.39247608185, 7.29197978973, 11.0623531342, 15.0350780487, 18.4490013123, 19.9730300903, 18.5959720612, 19.7086963654, 13.9829149246, 10.7497901917, 10.9953708649, 18.5176334381, 25.0266876221, 24.6531982422, 25.6424674988, 30.0409889221, 22.7051200867, 12.1776685715, 11.1462917328, 14.0785522461, 20.5084762573, 9.30279350281, 4.05350208282, 1.95431625843, 0.82489669323, 0.314765512943, 0.0832376629114, 0.0206091906875, 0.00351823680103, 0.000253905542195, 4.20483811467e-05], "min": [1.50902830769e-22, 1.03352491591e-21, 1.30732856491e-21, 1.72220942238e-21, 1.05869247169e-20, 3.2147599025e-20, 5.70310465447e-20, 4.27472852648e-20, 6.28745218104e-20, 2.51411078181e-19, 2.21917177958e-19, 3.23346374862e-19, 5.26629810258e-19, 9.15181979778e-19, 4.64797335687e-19, 8.17423810433e-19, 2.12131047116e-18, 1.89041644485e-18, 2.22394704156e-18, 3.28506218956e-18, 3.2502964088e-18, 4.36758394463e-18, 5.05107501298e-18, 5.59176782423e-18, 6.77916160531e-18, 9.39107744727e-18, 7.79265927417e-18, 1.14533007529e-17, 1.05188861001e-17, 1.234831183e-17, 1.24754387369e-17, 1.19533736194e-17, 1.04377372005e-17, 7.06072933633e-18, 6.37092398478e-18, 4.08254867248e-18, 2.39215732105e-18, 1.03360363781e-18, 2.54507396159e-19, 2.54728233996e-20], "dvar2": [0.0481238551438, 3.55592393875, 22.3314247131, 135.302078247, 439.476867676, 170.723464966, 101.938949585, 428.832244873, 418.07333374, 587.500854492, 842.019592285, 3607.47363281, 4220.19726563, 4055.62817383, 2033.46447754, 2718.87988281, 4486.72363281, 5518.31835938, 1734.58288574, 1767.78930664, 880.825622559, 1085.98486328, 1913.83337402, 895.640808105, 2008.11499023, 1146.11340332, 505.458709717, 681.172241211, 700.335998535, 520.770507813, 428.296447754, 215.304092407, 88.7190093994, 15.8134832382, 3.59213256836, 0.277598083019, 0.0296931359917, 0.000733571534511, 1.41787941175e-05, 6.08038135397e-08], "dvar": [0.0182087440044, 1.22522008419, 7.58054208755, 48.0241203308, 155.498916626, 62.897808075, 38.1367721558, 158.169372559, 162.285964966, 220.836791992, 333.992889404, 1424.91247559, 1606.31555176, 1558.65197754, 829.355224609, 1090.14831543, 1906.83630371, 2258.64599609, 692.615600586, 729.961486816, 353.297485352, 413.74118042, 798.38861084, 346.497039795, 806.341918945, 492.362945557, 209.417572021, 286.903137207, 333.933807373, 240.39112854, 207.854934692, 96.8254776001, 41.0174293518, 8.98142814636, 1.80001616478, 0.139303505421, 0.014150637202, 0.00035038794158, 5.49783999304e-06, 2.18519868866e-08], "dmean": [0.0748323723674, 0.622789025307, 1.66107702255, 4.45510196686, 6.50710916519, 4.29979085922, 3.54687523842, 6.46296691895, 5.73354148865, 6.44366598129, 8.31436729431, 15.3298215866, 16.268913269, 17.3810138702, 18.6876792908, 16.9676551819, 21.4014606476, 18.7932853699, 11.8044242859, 11.3026647568, 13.2592172623, 15.3187742233, 16.656999588, 13.5312995911, 17.1955337524, 13.653801918, 8.32891082764, 8.98491191864, 10.3838405609, 10.3586883545, 8.48807621002, 5.58198881149, 3.21214485168, 1.63183987141, 0.701660096645, 0.200301140547, 0.0649501383305, 0.0106374640018, 0.0010398493614, 5.38316489838e-05], "max": [1.54427468777, 11.1849679947, 30.69024086, 72.3773498535, 158.374603271, 138.291290283, 124.983711243, 359.130706787, 341.999633789, 411.135742188, 599.73815918, 932.707397461, 1300.78100586, 998.912719727, 641.432006836, 841.187927246, 1261.94042969, 1635.87341309, 640.548278809, 801.239868164, 559.612854004, 495.918548584, 1045.7677002, 554.993530273, 987.406188965, 565.791992188, 347.929931641, 238.180450439, 538.343261719, 466.817504883, 383.190155029, 264.555114746, 259.581726074, 82.5517959595, 45.5414657593, 7.655189991, 1.37851262093, 0.339960068464, 0.0395855382085, 0.00179598212708], "var": [0.0275337733328, 1.41849243641, 6.61474943161, 38.7483901978, 109.726425171, 61.9823188782, 70.7738723755, 244.566879272, 295.481201172, 359.791168213, 734.008544922, 3051.56396484, 3525.7956543, 3466.84423828, 1806.23327637, 2330.77685547, 4757.30175781, 6875.54833984, 1540.9276123, 1751.52075195, 910.441955566, 1196.56115723, 2333.75488281, 1073.703125, 2253.64599609, 1301.3449707, 548.154968262, 592.26965332, 862.932495117, 703.963806152, 477.581237793, 168.140487671, 71.8369750977, 19.6922512054, 3.38797450066, 0.27737402916, 0.0230680201203, 0.00056677556131, 5.57917792321e-06, 1.72051173308e-08], "mean": [0.102999597788, 0.792252779007, 2.08018302917, 4.82579469681, 6.56287813187, 5.41495418549, 5.88479328156, 9.7082452774, 8.97446155548, 10.5064220428, 14.5538959503, 26.6242904663, 29.9969940186, 32.9615020752, 33.6890449524, 32.27501297, 40.4641304016, 35.1402587891, 22.3536205292, 21.8197498322, 26.9638004303, 34.9777908325, 37.8791427612, 33.2268753052, 42.5336456299, 32.5974464417, 20.4070148468, 19.9348068237, 24.4314785004, 27.5987472534, 17.5113601685, 9.28622055054, 5.42149877548, 2.62344551086, 1.06441545486, 0.30329182744, 0.0841782838106, 0.0137440916151, 0.00113593123388, 7.65828226577e-05]}, "spectral_strongpeak": {"dmean2": 1.16059029102, "median": 0.270611137152, "min": 0, "dvar2": 3.65037679672, "dvar": 1.37496376038, "dmean": 0.662006556988, "max": 17.4418869019, "var": 1.82535302639, "mean": 0.831188738346}, "spectral_energy": {"dmean2": 0.0119905229658, "median": 0.0207618400455, "min": 9.92671907364e-21, "dvar2": 0.000230746649322, "dvar": 9.01782404981e-05, "dmean": 0.00724462466314, "max": 0.109547510743, "var": 0.000177824869752, "mean": 0.0229197591543}, "average_loudness": 0.896014809608, "spectral_rolloff": {"dmean2": 1421.94470215, "median": 3100.78125, "min": 21.533203125, "dvar2": 2370891.5, "dvar": 1036928.25, "dmean": 859.601745605, "max": 19487.5488281, "var": 4870253.5, "mean": 3404.19262695}, "spectral_centroid": {"dmean2": 472.464294434, "median": 2296.62573242, "min": 243.090698242, "dvar2": 206507.078125, "dvar": 85441.5390625, "dmean": 289.452575684, "max": 11587.3134766, "var": 823025.75, "mean": 2314.90527344}, "pitch_salience": {"dmean2": 0.115977741778, "median": 0.603471517563, "min": 0.135473072529, "dvar2": 0.00993258040398, "dvar": 0.00361127243377, "dmean": 0.0694617927074, "max": 0.825131475925, "var": 0.00844271946698, "mean": 0.595850944519}, "spectral_energyband_middle_high": {"dmean2": 0.00292075728066, "median": 0.00592989195138, "min": 1.23774704459e-21, "dvar2": 1.17012705232e-05, "dvar": 4.89693002237e-06, "dmean": 0.00190285709687, "max": 0.0428348183632, "var": 3.00408137264e-05, "mean": 0.00731058884412}, "spectral_contrast_coeffs": {"dmean2": [0.112458325922, 0.0752547383308, 0.0617255046964, 0.0495375655591, 0.0338841900229, 0.0372532866895], "median": [-0.67965722084, -0.76601421833, -0.775800585747, -0.785782217979, -0.78970682621, -0.734714388847], "min": [-0.980151534081, -0.981154859066, -0.983147084713, -0.982953190804, -0.980881094933, -0.980569601059], "dvar2": [0.00928311049938, 0.0036402370315, 0.00231663393788, 0.00152107852045, 0.00069816672476, 0.00093646813184], "dvar": [0.00351379928179, 0.0013058091281, 0.000864814035594, 0.00058489467483, 0.000275433354545, 0.000541802961379], "dmean": [0.0670511052012, 0.0452782288194, 0.037840552628, 0.0300937760621, 0.0205922294408, 0.0259095318615], "max": [-0.300575405359, -0.489014387131, -0.502599596977, -0.570264935493, -0.600950062275, -0.598594307899], "var": [0.0071985386312, 0.00388561561704, 0.00331618194468, 0.00256663514301, 0.00167838006746, 0.00206647347659], "mean": [-0.672275662422, -0.761825442314, -0.771829843521, -0.780525922775, -0.786654353142, -0.735144615173]}, "melbands_skewness": {"dmean2": 1.08408761024, "median": 1.80107784271, "min": -2.34473752975, "dvar2": 1.21669268608, "dvar": 0.454293578863, "dmean": 0.65074878931, "max": 9.34307861328, "var": 1.24158501625, "mean": 2.01711249352}, "spectral_spread": {"dmean2": 916517.25, "median": 4883619, "min": 2030021.25, "dvar2": 834904522752, "dvar": 561543118848, "dmean": 649596.3125, "max": 42270660, "var": 10048013074400.0, "mean": 5319914.5}, "dissonance": {"dmean2": 0.0177963431925, "median": 0.486549496651, "min": 0.339300692081, "dvar2": 0.000304852699628, "dvar": 0.000111177752842, "dmean": 0.0104152495041, "max": 0.500000178814, "var": 0.000191912768059, "mean": 0.482843190432}, "spectral_skewness": {"dmean2": 0.220859006047, "median": 0.962809562683, "min": -0.0689644813538, "dvar2": 0.0433110035956, "dvar": 0.0194962136447, "dmean": 0.141158431768, "max": 3.56516361237, "var": 0.0651180148125, "mean": 0.986614644527}, "spectral_flux": {"dmean2": 0.0331532731652, "median": 0.0864089652896, "min": 6.30542909552e-11, "dvar2": 0.00121604721062, "dvar": 0.000593269418459, "dmean": 0.0218391232193, "max": 0.254393935204, "var": 0.00149144534953, "mean": 0.0904135778546}, "spectral_contrast_valleys": {"dmean2": [0.689813971519, 0.556872785091, 0.482906967402, 0.420338988304, 0.316386252642, 0.57947063446], "median": [-7.04923677444, -6.66814899445, -6.83428287506, -7.28422403336, -6.66752243042, -9.21441650391], "min": [-28.2571029663, -27.9998397827, -27.7290439606, -27.6692047119, -27.4744701385, -27.4093723297], "dvar2": [0.335624605417, 0.211937576532, 0.163717851043, 0.139503225684, 0.11777869612, 0.371757268906], "dvar": [0.136121064425, 0.0928519740701, 0.0741282775998, 0.0677591562271, 0.0683461874723, 0.245929524302], "dmean": [0.411595672369, 0.337626129389, 0.294481694698, 0.263452261686, 0.20703740418, 0.431469678879], "max": [-5.45083189011, -5.12328290939, -5.48634004593, -6.03394556046, -5.50723695755, -7.11879348755], "var": [3.51875257492, 3.499771595, 3.42439937592, 3.27549934387, 3.46689534187, 3.25660872459], "mean": [-7.29314947128, -6.90620946884, -7.09026288986, -7.53445672989, -6.95096731186, -9.42250823975]}, "erbbands_flatness_db": {"dmean2": 0.0256606712937, "median": 0.127155721188, "min": 0.0307504832745, "dvar2": 0.000464176089736, "dvar": 0.000260805827565, "dmean": 0.0177346337587, "max": 0.281375974417, "var": 0.000859462481458, "mean": 0.128403633833}, "spectral_energyband_high": {"dmean2": 0.00153376988601, "median": 0.00174270488787, "min": 7.29079415285e-21, "dvar2": 6.34923026155e-06, "dvar": 3.27668180944e-06, "dmean": 0.00105112139136, "max": 0.029858097434, "var": 9.05609613255e-06, "mean": 0.00279323756695}, "spectral_entropy": {"dmean2": 0.175859585404, "median": 8.05057430267, "min": 6.00940990448, "dvar2": 0.0317180193961, "dvar": 0.0177573990077, "dmean": 0.120449267328, "max": 9.82214355469, "var": 0.0819628238678, "mean": 8.05979919434}, "silence_rate_20dB": {"dmean2": 0, "median": 1, "min": 1, "dvar2": 0, "dvar": 0, "dmean": 0, "max": 1, "var": 0, "mean": 1}, "melbands_flatness_db": {"dmean2": 0.041007630527, "median": 0.111057527363, "min": 0.00275093480013, "dvar2": 0.00149413349573, "dvar": 0.000597861537244, "dmean": 0.0250992663205, "max": 0.467659831047, "var": 0.00219856062904, "mean": 0.118008591235}, "barkbands": {"dmean2": [0.000106225146737, 0.00440659373999, 0.00298236403614, 0.00344188767485, 0.0026511142496, 0.00115276733413, 0.000712341628969, 0.00054022873519, 0.00109781941865, 0.000954354123678, 0.000823690439574, 0.00071052700514, 0.000792196136899, 0.000585396715906, 0.000354149757186, 0.000389062857721, 0.0005141235888, 0.000536388601176, 0.000488952791784, 0.000500227033626, 0.000320930848829, 0.000468399812235, 0.000477720255731, 0.000350765971234, 0.000163476463058, 5.27200063516e-05, 1.00911192931e-05], "median": [3.26410008711e-05, 0.00154712237418, 0.00123220530804, 0.00104939739686, 0.00100060319528, 0.000572272809222, 0.00032522296533, 0.000242297566729, 0.0005014447961, 0.000477722467622, 0.000406926497817, 0.000398738367949, 0.000380913697882, 0.000245938193984, 0.000169347971678, 0.000284354144242, 0.000432626024121, 0.00041498398059, 0.000543738889974, 0.000500289024785, 0.000269076204859, 0.00044619711116, 0.000454700260889, 0.000144961522892, 5.81273416174e-05, 1.27450402942e-05, 1.57157592184e-06], "min": [4.74573592985e-25, 5.27419621684e-24, 6.02913373655e-25, 4.84486714943e-25, 1.06177727503e-23, 7.73221895547e-24, 6.02577555568e-24, 7.52379243798e-24, 1.63950255664e-23, 2.61238767165e-23, 1.03664290441e-23, 1.42463514763e-23, 4.65889954135e-23, 2.70515676747e-23, 2.62532593713e-23, 4.88926964487e-23, 5.68045043224e-23, 9.32259914354e-23, 1.16965845299e-22, 1.7240117108e-22, 2.85186167178e-22, 3.68197659447e-22, 3.96103014434e-22, 6.31477222395e-22, 7.7602