{"tonal": {"thpcp": [1, 0.948292374611, 0.532949328423, 0.263595998287, 0.214258000255, 0.265192627907, 0.365722507238, 0.375690162182, 0.418517529964, 0.612363040447, 0.605098545551, 0.452076494694, 0.441507011652, 0.489340007305, 0.701264798641, 0.984320282936, 0.888145565987, 0.540092647076, 0.335488438606, 0.30790784955, 0.399249851704, 0.4853297472, 0.410615980625, 0.306692361832, 0.300532847643, 0.306072831154, 0.39553180337, 0.50538623333, 0.432435899973, 0.345497101545, 0.385454177856, 0.430777162313, 0.405667304993, 0.386236041784, 0.436245799065, 0.663820505142], "hpcp": {"dmean2": [0.339096695185, 0.278437167406, 0.208068579435, 0.170072048903, 0.199773460627, 0.21773993969, 0.172228097916, 0.153518259525, 0.163789927959, 0.148524403572, 0.178985506296, 0.205558642745, 0.175193473697, 0.150768354535, 0.153985932469, 0.177786111832, 0.191780284047, 0.188414856791, 0.209638178349, 0.272639214993, 0.327949911356, 0.297987282276, 0.233720466495, 0.161316633224, 0.136851191521, 0.139073386788, 0.17193338275, 0.17875058949, 0.203963160515, 0.226592883468, 0.240007981658, 0.242256626487, 0.223987177014, 0.261184722185, 0.356362253428, 0.369725376368], "median": [0.0985710024834, 0.0440090820193, 0.0228556655347, 0.0217649452388, 0.0311225950718, 0.0374279394746, 0.0311779920012, 0.0210667494684, 0.018391886726, 0.0254752654582, 0.038347709924, 0.0524393245578, 0.0431294925511, 0.025973232463, 0.0205263663083, 0.0245464481413, 0.0255801249295, 0.0264925826341, 0.0351915955544, 0.0872333571315, 0.140841946006, 0.103673115373, 0.038464371115, 0.0149819264188, 0.0120024736971, 0.0145840635523, 0.020602343604, 0.0274714380503, 0.0346917212009, 0.0324508324265, 0.0320219732821, 0.031386397779, 0.0285906717181, 0.038940295577, 0.0724977329373, 0.115199379623], "min": [0, 0, 0, 0, 0, 0, 0, 0, 0, 0, 0, 0, 0, 0, 0, 0, 0, 0, 0, 0, 0, 0, 0, 0, 0, 0, 0, 0, 0, 0, 0, 0, 0, 0, 0, 0], "dvar2": [0.166922196746, 0.146534815431, 0.108043350279, 0.0878901109099, 0.0990702211857, 0.115583539009, 0.0761727020144, 0.0756376832724, 0.0873676240444, 0.0669375956059, 0.0775773972273, 0.0867706015706, 0.0684011727571, 0.0747203752398, 0.0750604644418, 0.0946717858315, 0.106922872365, 0.0899819508195, 0.100042179227, 0.115793347359, 0.131194144487, 0.132916748524, 0.118518039584, 0.0924088582397, 0.0773974135518, 0.0687285065651, 0.0937268957496, 0.0913221091032, 0.0932369679213, 0.115696199238, 0.125089943409, 0.131366074085, 0.110042512417, 0.141339406371, 0.185883283615, 0.178047582507], "dvar": [0.063197568059, 0.0531692840159, 0.0403507426381, 0.0323531404138, 0.0364769250154, 0.0427807420492, 0.0280242357403, 0.0281205587089, 0.0324459969997, 0.0251866951585, 0.029083782807, 0.033841304481, 0.0275128502399, 0.027709139511, 0.0285790711641, 0.0356228016317, 0.039372369647, 0.0340165868402, 0.0377026721835, 0.0434027835727, 0.0517218932509, 0.0540062226355, 0.0446518659592, 0.0321477688849, 0.0272836349905, 0.0261606480926, 0.0351328775287, 0.0345033556223, 0.0334764868021, 0.044143281877, 0.0472821593285, 0.0475423932076, 0.0422791317105, 0.0518381223083, 0.0664623305202, 0.0686141699553], "dmean": [0.196159660816, 0.158563628793, 0.115690261126, 0.0961295738816, 0.115182302892, 0.123870030046, 0.0993455797434, 0.0872878059745, 0.0925108417869, 0.0865890979767, 0.102886386216, 0.120416119695, 0.103413335979, 0.0893124639988, 0.0903592184186, 0.101877063513, 0.109852328897, 0.107850901783, 0.120449125767, 0.158492907882, 0.192104101181, 0.175222098827, 0.136322081089, 0.0905531942844, 0.0761584565043, 0.0790044590831, 0.0982511267066, 0.103341966867, 0.115228079259, 0.129072755575, 0.13574552536, 0.137172967196, 0.128319784999, 0.147903427482, 0.200839072466, 0.213062897325], "max": [1, 1, 1, 1, 1, 1, 1, 1, 1, 1, 1, 1, 1, 1, 1, 1, 1, 1, 1, 1, 1, 1, 1, 1, 1, 1, 1, 1, 1, 1, 1, 1, 1, 1, 1, 1], "var": [0.10029579699, 0.0593325905502, 0.0348096452653, 0.0304862596095, 0.0410938598216, 0.054307281971, 0.0425258912146, 0.0308052934706, 0.0310252364725, 0.0270935893059, 0.0354040078819, 0.0472410693765, 0.0388070307672, 0.0326919518411, 0.045659866184, 0.0539480298758, 0.0488944910467, 0.0409468188882, 0.0478787571192, 0.0604452230036, 0.102022074163, 0.111209481955, 0.0605342797935, 0.0269003137946, 0.0209337007254, 0.0269195605069, 0.0426331497729, 0.0402180999517, 0.0383985973895, 0.0843625888228, 0.0815944001079, 0.0465430170298, 0.0459906347096, 0.0543914102018, 0.0752133801579, 0.11568877846], "mean": [0.255271524191, 0.155233860016, 0.0964263603091, 0.0884991213679, 0.114752717316, 0.139493867755, 0.118019580841, 0.0881497710943, 0.0863793939352, 0.0879717022181, 0.113684073091, 0.145258516073, 0.124291077256, 0.0993030592799, 0.110787548125, 0.123814322054, 0.116597227752, 0.111012272537, 0.125386118889, 0.190795823932, 0.287420809269, 0.272558957338, 0.153180733323, 0.0757629722357, 0.0615822076797, 0.0762218758464, 0.105116263032, 0.107981167734, 0.120290644467, 0.176005885005, 0.173917919397, 0.129936188459, 0.126898303628, 0.140646502376, 0.201558098197, 0.28291413188]}, "tuning_equal_tempered_deviation": 0.208998605609, "chords_changes_rate": 0.0779388099909, "key_key": "G#", "tuning_diatonic_strength": 0.733995676041, "key_scale": "major", "chords_number_rate": 0.00483091780916, "tuning_frequency": 444.855529785, "tuning_nontempered_energy_ratio": 0.892074644566, "chords_histogram": [43.961353302, 2.67310786247, 9.14653778076, 0.322061181068, 1.86795496941, 0, 0, 4.09017705917, 3.70370364189, 1.35265696049, 0, 0, 3.34943628311, 0.676328480244, 6.31239938736, 1.96457326412, 1.51368761063, 2.38325285912, 4.05797100067, 4.76650571823, 0.257648944855, 0, 7.47181987762, 0.128824472427], "key_strength": 0.743466734886, "chords_key": "G#", "chords_strength": {"dmean2": 0.0135069871321, "median": 0.644550800323, "min": 0.235563859344, "dvar2": 0.00013428091188, "dvar": 0.000119745251141, "dmean": 0.0134776914492, "max": 0.914161086082, "var": 0.0152515340596, "mean": 0.644490301609}, "chords_scale": "major", "hpcp_entropy": {"dmean2": 1.17771315575, "median": 2.05616927147, "min": 0, "dvar2": 0.81750357151, "dvar": 0.298165947199, "dmean": 0.692980766296, "max": 4.34752082825, "var": 0.608253657818, "mean": 2.02863097191}}, "metadata": {"audio_properties": {"equal_loudness": 0, "codec": "mp3", "downmix": "mix", "sample_rate": 44100, "analysis_sample_rate": 44100, "bit_rate": 192035, "md5_encoded": "7890d550b41f53876ea90825e7f79960", "length": 144.117553711, "replay_gain": -6.47372245789, "lossless": false}, "version": {"essentia_build_sha": "2d9f1f26377add8aeb1075a9c2973f962c4f09fd", "essentia": "2.1-beta2", "extractor": "music 1.0", "essentia_git_sha": "v2.1_beta2-1-ge3940c0"}, "tags": {"title": ["Nervous"], "language": ["eng"], "acoustid_fingerprint": ["AQADtMqyjSmDZzl45AseNIqSos_RXDna48iXifiFMD06JQkuQnnwHScDVQzxJHnQ7fDRK3iT4DvkPDPe0HiuYMoZVGIG_UUeKUnwRAp-NB8mZnmwX0gcHV9yhE6DhoyOkFSORj8OfRT-UGiYXOgi4RnxaPiF8Q8ebTme5EF1iCfKJgn26Yh1BuSc40wyBz8FkwtyCXqeInuinPiCSj4aJWdUXBmx5wiaH_p24RmP8ofGHs2RZ2zwjDFqCs2PXTTe5-C3BNcHLwv-KDii_fiSQk-F9MSsO_iiB-ypDGE4BiUD9XiS5XgiGvfhH3ouXBgloRMP74F6I2-E7XvBdK3xBLs0-DhxJDmjI7QY9GoY_DtuoY6WDc3AKTzx5xniH3U2uK3BI-GsoOUs1HITeFuH2ngy9F5APR7CQzl-XFaObmHgLNDyWTjCchaaH5d6PKHRRdThKNfQ50W-QJOJZ1eEV6SOPsiDJ3i0GL-aEE1edN1xZ1lxZcYTxvhhPMPc48epGfUW-BvBMA-uB81RLsKjsEEyJUeaH1TVo0epxoPPOOASHj_BWPiO5MhyNeijqMaPcYYV63iZ4xWOSA-fQMtuIU-EH9kHPYjkFo7zozx6wZqYox-JZGKPMD6-Gb_gG19W7MmD68iYLEOTV0T_QJ_gXXj4IB-LPtHRPMsHPsf3ZPhFhGcGLZGUB3mz4wmDPdXR7EKn5cJ5HP2RHqcFLc9w_ZCHXRduOgjfg8nWF-8T_Hh2pFQDvdcRN08Ca8cvxnhi8IKPi8KcJDHyZ8XhV7jzIClvXFEW_PCt4Ad-5NB_PDu6Cw63VHCzBBqP_kRDhOwOVzqahku44aJG3EWTESUfRH6gEznxCF_w5seVSiH-MOh0CU1Ujjj1gJeS4xZKNLzw3BiHJ99QH8lyI29KNGOOMh-O09h7PEqOJn6OLqkllNPRhAqZgV-CPjb65ChJpwjDbB6SMyR-_Mcj4jgPPzuyq8Oxn8Glo0l2RuihZyTy5Phe9LB-_DnyLRC3IxecLcefJkVaJGXUCc1T4-mOUfnxHE1z4gaj4z6qo1kS5sjFBzpupsL9onInUO9RyhmuHjuaI7QyinjMBL664GyCB590DWWPxh6RHPmPP7h24VuOKUeJj1E59EeYiYf0QhcTHrGYB89T-BlxxUnwZEdohYeWIz_uGO06NM-egL-EpyHyZfjgGDtkpYokNB6PXIQfCj3-o-GDUiKF4xf6HNaP60jGXMhzYnQ-vESTK7iEptLx4z_uBD2ahxnOhcR_IN9V6D8iHV9yGbfgPC2eJjiuD8d3pD3OG72WQsePv5KwRWfxhhk400JoJQ8ah0FTLRemR_hX4_7xWsiXhNUg5kKOH_ZkfCiZFFO-CN8nvMclSsXT4ZbRZ5iyi0OuRDnUJbmC_EOYbIlylBKh88hfXNrQL2hO5I-QfMxEXJSM5k_QRxb25Cjco04z4XOQ90LCnMSVhM9waQmOnkGzX_iyC8-OH43F5pisXLiO0kmGhutVJJVS5FMu_IGjVCy-GTGT5An-QdsR5vgROcukBcmtBP-F50JzEs6DismFKzP2aAqaIFy8B8nH46Fx5UF5ormCZ8PDxfikNOhThFHIQw9X_ExQ7tBSMfiJnHKEZjPRWTlO4dKD8Dma5cNz4YdeTvBl4tMT_Cyad0coRscsHdfoEGWJ5gVHZccTJUh6pYj-wc9xHCfDHH5wXbhalFYkobGO6NAzI6cKrzvISXiC6oInBx9x9phPnAou4w_K5Bzm40nk4EfzBVlMJM_xKLxwacQfFM07vClOnMUVHf1-OCaLM7PQvDizCqcRSsnRJAx0hccFPseVBy8eB5dS4w8aTE82YlSmeMGPUxluBrodvKTh6sGbHJcyfDqm7If2_Ljwo1cVVD3kOWjOo_qDZke9HR9V7BR88DreJgye4TrMPcXjJSLkN_AfxC9-UBd-Mfgu_MMlpggDRduQ93iWDLdyvKICj3lwERdCHf3xp8gzFpWONrwx97itIJHTBN6RzSnOHl_so1mi8MGPtAr0mAmR7sE04TeDPhqPHk9y5BETKUN-NEf_4FtUPDmeMBXCHCUTFT9O9Aj14KXx5biMZ8IjPLrQXD_KKqh8Cd2Ir1LxRUEyHmFy4qeCbxd-4ddx4wlOJkvxD01kJSTRHRcfxEyDB5Fy9Hj24JJMfBEYfcF5NB-HSznCUocWR0e-8DiP8-imsAl88fjw8-B1PDn6IId6IbR3NGoWsNRHNFWk44qOLRL6IPxD-Ity6EEkMsfJIX_BeEkPZQ6eHCe-M4HFZIamKxFyNCTKhWGCi6hvonkUFiMTvviFREsyIvyI5jny4jmhbD5xPciT5Ij2qrizNWB36Nma4E8OazqeHSvDHBeT4z7848vx40KzQnzQDvFnPHJW_Ngf8MYWcseLW85xhGWEZKmD60VTvUF9Cl-ixHjrIFSmBFO-C3r4DLnwIrcDfkth3lA74k5wGT6eC7oQHX1QUrLwCXeOH7mCH9qXZmiOK3ijSPg0DfrDKMKnBunIMPiyRPgxHz_yODqS53iWHJ8shfgZND_6ZSQuP7i0PGBFNB963MkRJzcU50bow7ZQK0fzow9GBxePzwmaLdnB6zjsBm3EoVfhbMGDI3w45dDFxohbFs_x5njxw93BHzl0WtiX4y2alEHHHF8VPMfRwz_65Wjz4NSho3oN_XkRXlND_MIe_ONhfagkBQeTHz3ehAhXDTWT4zz0C-9FvMd5NGd2ZHl4_EIEH1eeAQKAYMQAAwkjTAEFASVGAUMME4ABICRAYEBhBCdEGArQIoIwCIQRAhAkATCKACIEYQQwARCxwAJhBCAAESGAAAgAIATUhDAAhRACI0YIAQIJTqARgoAhGCJCEAYQEAQYSKQQRFMBhBCLAKAIEYQRIYCCRgCBEEAIDEIQEwAShY0ThgBgAFACMkKcEQ6AAIRwACoioBUEKEQARMIAD4ThzgglCAACIGGAQEAgJRggBhBjmQCCEAIEIIQwwwwgwBggJPJIOBAAcoQA4gRwDBBAGCCEAAEEcdhBAIBCwFAkhELIEUAsQsYwSAgDBjAoFEDKAicAVAY4YAYwBghkDAKcACIAUAYRggRUgkGCkGDCCOSCMEgYJZAiwAtAlEDEMICQQkYRIwghgCFnBAJeUCCAQ8QqYJAFQAASnELEAY6QIkIoZaQjhErAkAACCQcUAVQAohRJjjEAABIMCAEEMQIYwoBhxDEElECEAgEMEAACA4xghAklgBHECe0AMAQQ55QAQhAgBWAAAEMEA4gYwAwARDgBDEAKEKAQwYQJIwRCADliBCBGEMEIYkAYQRwQwAjAkDACEFSMwMwQIBViYBpjBHLQAKcQAIgQABgBAhEEDABEEWaIgUpAQAwQUBAMFBEKIGIEAAIYpAxBQADkABECGMCQAowQgQggQCGiFFFCAGgE4sAYQRQwhAgECABMEAaEASAJIpwSCilKGLOUUOEEMMoYAoQhQAIigIGIAAAVMYgiASohBgjAhCFQCEIIBAoIBgAgQhmmHADGSCEIEiAZIQRzBBBBkhCAKAKIJYogohAASBAhBCMMCCOAMEIKYoFwhAmGHAFgGWAcAEQYqQwwBkImiBVMICoEUgRBAYBwBhgJEQCCCCsAQoYQYZQRQEBhDTCCGEAIIUoAAQhVAgIiELGUAMMUNEwQJIhgAngggADIOAAIV8gwIAgWkhCBgAIEIA-kEgA"], "date": ["1958"], "genre": ["Rockabilly"], "musicbrainz_releasegroupid": ["0a13954f-61e4-4ef2-bf9f-d2459fc14779"], "musicbrainz album type": ["Compilation"], "musicbrainz_recordingid": ["1f30adea-3a6c-4cb0-9005-9a3f4657fe93"], "composer": ["Marquette Tarver"], "musicbrainz album release country": ["GB"], "musicbrainz_albumartistid": ["7cffa2a5-4e0e-40f0-ae12-4f1ada09bee4"], "musicbrainz_albumid": ["388be7c1-28ac-4c09-827f-ed294a084fc9"], "artist": ["Gene Summers"], "tracknumber": ["02"], "bpm": ["106.15"], "catalognumber": ["RCCD 3035"], "album": ["Rockaboogie Shake"], "label": ["Rollercoaster Records"], "acoustid_id": ["45282d76-1ba7-4831-9cf7-b41964cebab4"], "musicbrainz_artistid": ["7cffa2a5-4e0e-40f0-ae12-4f1ada09bee4"], "file_name": "Gene Summers - Nervous.mp3"}}, "rhythm": {"bpm_histogram_first_peak_bpm": {"dmean2": 0, "median": 115, "min": 115, "dvar2": 0, "dvar": 0, "dmean": 0, "max": 115, "var": 0, "mean": 115}, "bpm": 114.796272278, "bpm_histogram_second_peak_spread": {"dmean2": 0, "median": 0.333333343267, "min": 0.333333343267, "dvar2": 0, "dvar": 0, "dmean": 0, "max": 0.333333343267, "var": 0, "mean": 0.333333343267}, "bpm_histogram_first_peak_weight": {"dmean2": 0, "median": 0.489051103592, "min": 0.489051103592, "dvar2": 0, "dvar": 0, "dmean": 0, "max": 0.489051103592, "var": 0, "mean": 0.489051103592}, "onset_rate": 3.82966685295, "beats_position": [0.46439909935, 0.952018141747, 1.43963718414, 1.95047616959, 2.47292518616, 3.01859402657, 3.55265307426, 4.07510185242, 4.59755086899, 5.11999988556, 5.64244890213, 6.1648979187, 6.68734693527, 7.22140598297, 7.73224496841, 8.25469398499, 8.77714252472, 9.29959201813, 9.82204055786, 10.3444900513, 10.866938591, 11.4009971619, 11.9118366241, 12.4342851639, 12.9567346573, 13.4675731659, 13.9784126282, 14.5008611679, 15.0233106613, 15.5341491699, 16.0565986633, 16.5790481567, 17.0898857117, 17.6123352051, 18.1347846985, 18.6688423157, 19.1912918091, 19.6905212402, 20.2013607025, 20.7121982574, 21.2230377197, 21.7570972443, 22.3143768311, 22.8600444794, 23.3941040039, 23.9049434662, 24.4273910522, 24.9382305145, 25.4490699768, 25.9599094391, 26.4939670563, 27.0280265808, 27.5388660431, 28.0497055054, 28.5837631226, 29.106212616, 29.6286621094, 30.1511096954, 30.68516922, 31.2192287445, 31.7416782379, 32.2757377625, 32.7865753174, 33.2974128723, 33.8082542419, 34.3307037354, 34.8531494141, 35.3755989075, 35.8980484009, 36.4088897705, 36.9197273254, 37.4305648804, 37.9646263123, 38.4986839294, 39.0559616089, 39.5900230408, 40.1124725342, 40.6349182129, 41.1457595825, 41.6565971375, 42.1558265686, 42.6550559998, 43.1542854309, 43.6767349243, 44.1875724792, 44.7100219727, 45.2324714661, 45.7549209595, 46.2773704529, 46.7998161316, 47.3106575012, 47.8214950562, 48.3439445496, 48.866394043, 49.4004516602, 49.9229011536, 50.4337387085, 50.9445800781, 51.4670295715, 51.9894790649, 52.5003166199, 53.0343742371, 53.5568237305, 54.0792732239, 54.5901107788, 55.1125602722, 55.6466217041, 56.1806793213, 56.7031288147, 57.2139663696, 57.701587677, 58.2124252319, 58.7116546631, 59.2108840942, 59.7217216492, 60.2441711426, 60.766620636, 61.3006782532, 61.8347396851, 62.3687973022, 62.9028549194, 63.4369163513, 63.95936203, 64.4818115234, 65.0042648315, 65.5267105103, 66.049156189, 66.5716094971, 67.0940551758, 67.6165084839, 68.1505661011, 68.6846237183, 69.2302932739, 69.7643508911, 70.2868041992, 70.7976379395, 71.3084793091, 71.8193206787, 72.3301544189, 72.8526077271, 73.3750534058, 73.8975067139, 74.4083404541, 74.9307937622, 75.4532394409, 75.975692749, 76.4981384277, 77.0205917358, 77.554649353, 78.0770950317, 78.5995483398, 79.1219940186, 79.6444396973, 80.1668930054, 80.6893386841, 81.2233963013, 81.7458496094, 82.2799072266, 82.8023605347, 83.3248062134, 83.8472518921, 84.3697052002, 84.8921508789, 85.4262084961, 85.9486618042, 86.4711074829, 86.993560791, 87.5160064697, 88.0500640869, 88.5609054565, 89.0717468262, 89.5941925049, 90.116645813, 90.6274795532, 91.1499328613, 91.67237854, 92.2064361572, 92.7404937744, 93.2977752686, 93.8318328857, 94.3542861938, 94.8651199341, 95.3875732422, 95.9216308594, 96.4440765381, 96.9665298462, 97.4889755249, 98.011428833, 98.5454864502, 99.0679321289, 99.590385437, 100.112831116, 100.635284424, 101.169342041, 101.703399658, 102.237457275, 102.771514893, 103.282356262, 103.816413879, 104.338867188, 104.861312866, 105.383758545, 105.906211853, 106.44026947, 106.95111084, 107.473556519, 107.996009827, 108.506843567, 109.017684937, 109.551742554, 110.097412109, 110.643081665, 111.200363159, 111.734420776, 112.256866455, 112.767707825, 113.278549194, 113.800994873, 114.311836243, 114.84589386, 115.356735229, 115.86756897, 116.390022278, 116.912467957, 117.434921265, 117.957366943, 118.468208313, 118.990653992, 119.5131073, 120.02394104, 120.546394348, 121.068840027, 121.591293335, 122.113739014, 122.647796631, 123.181854248, 123.715919495, 124.238365173, 124.760810852, 125.271652222, 125.782493591, 126.316551208, 126.838996887, 127.361450195, 127.872291565, 128.383132935, 128.893966675, 129.404800415, 129.927261353, 130.449707031, 130.960540771, 131.48298645, 132.005432129, 132.539505005, 133.073562622, 133.596008301, 134.118453979, 134.652511597, 135.186569214, 135.720626831, 136.243087769, 136.765533447, 137.276367188, 137.798812866, 138.321273804, 138.855331421, 139.389389038, 139.923446655, 140.445892334, 140.979949951, 141.50239563, 142.024856567, 142.547302246, 143.069747925, 143.603805542], "beats_loudness": {"dmean2": 0.0243127364665, "median": 0.0392095968127, "min": 2.40223378967e-08, "dvar2": 0.000447043421445, "dvar": 0.000146795806359, "dmean": 0.0149416401982, "max": 0.0861285030842, "var": 0.000252279598499, "mean": 0.0382655970752}, "danceability": 1.35105681419, "bpm_histogram_second_peak_weight": {"dmean2": 0, "median": 0.02189780958, "min": 0.02189780958, "dvar2": 0, "dvar": 0, "dmean": 0, "max": 0.02189780958, "var": 0, "mean": 0.02189780958}, "beats_count": 275, "bpm_histogram_second_peak_bpm": {"dmean2": 0, "median": 120, "min": 120, "dvar2": 0, "dvar": 0, "dmean": 0, "max": 120, "var": 0, "mean": 120}, "bpm_histogram_first_peak_spread": {"dmean2": 0, "median": 0.4765625, "min": 0.4765625, "dvar2": 0, "dvar": 0, "dmean": 0, "max": 0.4765625, "var": 0, "mean": 0.4765625}, "beats_loudness_band_ratio": {"dmean2": [0.466050386429, 0.310958653688, 0.357240349054, 0.290871828794, 0.133452445269, 0.0645144730806], "median": [0.168840408325, 0.0815900340676, 0.267115235329, 0.131527066231, 0.0502580814064, 0.0206206683069], "min": [0.000288549694233, 0.00112470146269, 0.00276009645313, 0.00476335547864, 0.000936342636123, 8.65916590556e-05], "dvar2": [0.153830781579, 0.067745603621, 0.0923925414681, 0.0922534689307, 0.0311230532825, 0.0112973665819], "dvar": [0.0495499223471, 0.0217573046684, 0.0351470671594, 0.0328032448888, 0.0112963886932, 0.00413440540433], "dmean": [0.245297402143, 0.166042357683, 0.212698087096, 0.170415237546, 0.0732323750854, 0.0344996638596], "max": [0.952906429768, 0.589106023312, 0.938100457191, 0.905173838139, 0.893366515636, 0.775403022766], "var": [0.057347971946, 0.0221261512488, 0.0572563037276, 0.0363417975605, 0.0128635019064, 0.00312441773713], "mean": [0.251261353493, 0.145634785295, 0.329423546791, 0.20430970192, 0.0842849165201, 0.0318428725004]}}, "lowlevel": {"barkbands_spread": {"dmean2": 7.43645000458, "median": 13.8428096771, "min": 0.0524374544621, "dvar2": 90.5532836914, "dvar": 41.0871810913, "dmean": 4.89700365067, "max": 105.247009277, "var": 138.320266724, "mean": 16.4829902649}, "melbands_spread": {"dmean2": 11.8142080307, "median": 18.0783977509, "min": 0.224763259292, "dvar2": 324.513336182, "dvar": 166.321762085, "dmean": 7.9478726387, "max": 235.179794312, "var": 545.956726074, "mean": 24.0070018768}, "hfc": {"dmean2": 8.46840858459, "median": 18.049911499, "min": 1.14934165311e-16, "dvar2": 99.5914764404, "dvar": 56.2387428284, "dmean": 6.16824579239, "max": 89.3396987915, "var": 241.089019775, "mean": 20.3280887604}, "barkbands_kurtosis": {"dmean2": 5.67471504211, "median": 1.20622479916, "min": -1.89573359489, "dvar2": 496.536407471, "dvar": 212.89024353, "dmean": 3.59501695633, "max": 634.599853516, "var": 570.357727051, "mean": 4.95782089233}, "gfcc": {"mean": [-66.3401947021, 140.324630737, -161.955352783, 28.9430217743, -69.8771438599, 3.3597202301, -25.0680389404, -10.7526931763, -4.11542510986, -19.0319137573, 0.381350934505, -15.9398431778, -6.32157421112], "icov": [[0.000213191175135, -0.000528763164766, 0.000592554744799, -0.000516007828992, 0.000485836731968, -0.000295567937428, 0.000338635814842, -0.000631457252894, 0.000406439241488, -0.000427108840086, 0.000467594509246, -0.000486944103613, 0.000493938685395], [-0.000528763164766, 0.00323865935206, -0.00235295388848, 0.00225448329002, -0.00262332963757, 0.0014273970155, -0.00176307675429, 0.00311824725941, -0.00282847089693, 0.00327914836816, -0.00289014354348, 0.00268580135889, -0.00161276559811], [0.000592554744799, -0.00235295388848, 0.00300699891523, -0.00199318793602, 0.00167618121486, -0.00111687136814, 0.00109324546065, -0.0023013332393, 0.00187030271627, -0.00275666872039, 0.00238405959681, -0.00249907420948, 0.00168195203878], [-0.000516007828992, 0.00225448329002, -0.00199318793602, 0.00357307237573, -0.00157465646043, -8.66126647452e-05, 2.71908193099e-05, 0.00159291969612, -0.00180661317427, 0.00256145303138, -0.00172982062213, 0.00205797236413, -0.00233745086007], [0.000485836731968, -0.00262332963757, 0.00167618121486, -0.00157465646043, 0.00388812506571, -0.00155669695232, 0.00141912407707, -0.00274831685238, 0.00118542776909, -0.00203127018176, 0.0021669534035, -0.00232764706016, 0.00150716456119], [-0.000295567937428, 0.0014273970155, -0.00111687136814, -8.66126647452e-05, -0.00155669695232, 0.00428554136306, -0.00313797872514, 0.00154493516311, -0.000361919373972, 0.000497833592817, -0.00160389475059, 0.00240893382579, -0.000791954051238], [0.000338635814842, -0.00176307675429, 0.00109324546065, 2.71908193099e-05, 0.00141912407707, -0.00313797872514, 0.00636511528865, -0.0035186689347, 0.00260307337157, -0.00134310754947, 0.000732300337404, -0.00159399816766, 0.00216871639714], [-0.000631457252894, 0.00311824725941, -0.0023013332393, 0.00159291969612, -0.00274831685238, 0.00154493516311, -0.0035186689347, 0.00968432147056, -0.00457065319642, 0.00252150418237, -0.00161471648607, 0.00244744843803, -0.00151719257701], [0.000406439241488, -0.00282847089693, 0.00187030271627, -0.00180661317427, 0.00118542776909, -0.000361919373972, 0.00260307337157, -0.00457065319642, 0.0108115198091, -0.00554283428937, 0.00272679398768, -0.00166754622478, 0.00150429480709], [-0.000427108840086, 0.00327914836816, -0.00275666872039, 0.00256145303138, -0.00203127018176, 0.000497833592817, -0.00134310754947, 0.00252150418237, -0.00554283428937, 0.0128285624087, -0.0049461890012, 0.00215088087134, 0.000873213633895], [0.000467594509246, -0.00289014354348, 0.00238405959681, -0.00172982062213, 0.0021669534035, -0.00160389475059, 0.000732300337404, -0.00161471648607, 0.00272679398768, -0.0049461890012, 0.012340801768, -0.00354974297807, 0.00112751114648], [-0.000486944103613, 0.00268580135889, -0.00249907420948, 0.00205797236413, -0.00232764706016, 0.00240893382579, -0.00159399816766, 0.00244744843803, -0.00166754622478, 0.00215088087134, -0.00354974297807, 0.0136398728937, -0.004344958812], [0.000493938685395, -0.00161276559811, 0.00168195203878, -0.00233745086007, 0.00150716456119, -0.000791954051238, 0.00216871639714, -0.00151719257701, 0.00150429480709, 0.000873213633895, 0.00112751114648, -0.004344958812, 0.0128940874711]], "cov": [[13631.1953125, -1067.83898926, -2148.40429688, 1154.18395996, -809.763061523, 246.423660278, -278.963684082, 191.895965576, -95.1653289795, -221.535934448, -74.9441680908, -113.437240601, 7.45895624161], [-1067.83898926, 2334.33056641, 703.74810791, -702.87298584, 786.081787109, -149.430389404, 198.019271851, -108.446792603, 186.410705566, -35.1423416138, 113.474411011, -24.3924674988, -70.9754333496], [-2148.40429688, 703.74810791, 1240.27429199, -36.747013092, 270.44354248, 67.0745620728, 100.723655701, 26.0027256012, 61.7769851685, 89.8876190186, -2.67068076134, 39.0567817688, -39.3978157043], [1154.18395996, -702.87298584, -36.747013092, 856.223144531, -143.992736816, 155.273239136, -148.809555054, 39.3823204041, -32.2923927307, -48.7581748962, -45.9479904175, -12.008934021, 90.9540328979], [-809.763061523, 786.081787109, 270.44354248, -143.992736816, 730.730773926, 62.4358940125, 84.1093826294, 47.4657325745, 100.410133362, 22.4877300262, 14.5256214142, 3.79683303833, -35.407989502], [246.423660278, -149.430389404, 67.0745620728, 155.273239136, 62.4358940125, 511.678314209, 222.374954224, 52.2508163452, -48.4005508423, 32.4795761108, 25.7491569519, -50.4399757385, -31.6580028534], [-278.963684082, 198.019271851, 100.723655701, -148.809555054, 84.1093826294, 222.374954224, 369.820281982, 68.7238006592, -29.7124671936, 30.4361228943, 36.2446975708, -21.4445228577, -63.9397354126], [191.895965576, -108.446792603, 26.0027256012, 39.3823204041, 47.4657325745, 52.2508163452, 68.7238006592, 192.436904907, 44.1703720093, 22.8151435852, -13.9309463501, -7.67504549026, -16.4889850616], [-95.1653289795, 186.410705566, 61.7769851685, -32.2923927307, 100.410133362, -48.4005508423, -29.7124671936, 44.1703720093, 169.162582397, 48.2394065857, -2.84689974785, -2.04268717766, -14.9073839188], [-221.535934448, -35.1423416138, 89.8876190186, -48.7581748962, 22.4877300262, 32.4795761108, 30.4361228943, 22.8151435852, 48.2394065857, 143.832733154, 27.4941978455, -1.24757289886, -37.734664917], [-74.9441680908, 113.474411011, -2.67068076134, -45.9479904175, 14.5256214142, 25.7491569519, 36.2446975708, -13.9309463501, -2.84689974785, 27.4941978455, 116.353027344, 9.35536003113, -7.32048177719], [-113.437240601, -24.3924674988, 39.0567817688, -12.008934021, 3.79683303833, -50.4399757385, -21.4445228577, -7.67504549026, -2.04268717766, -1.24757289886, 9.35536003113, 102.520584106, 27.2361564636], [7.45895624161, -70.9754333496, -39.3978157043, 90.9540328979, -35.407989502, -31.6580028534, -63.9397354126, -16.4889850616, -14.9073839188, -37.734664917, -7.32048177719, 27.2361564636, 115.14024353]]}, "spectral_energyband_middle_low": {"dmean2": 0.00797811150551, "median": 0.00863977149129, "min": 2.47756395921e-22, "dvar2": 9.61605983321e-05, "dvar": 4.9424412282e-05, "dmean": 0.00550245027989, "max": 0.0854312852025, "var": 0.000171817300725, "mean": 0.013201600872}, "melbands_crest": {"dmean2": 6.1399974823, "median": 13.7701091766, "min": 1.00038516521, "dvar2": 28.9649810791, "dvar": 12.3710632324, "dmean": 3.87570977211, "max": 38.6864624023, "var": 44.3947792053, "mean": 15.0407190323}, "spectral_kurtosis": {"dmean2": 9.95054531097, "median": 4.70552158356, "min": -1.21681070328, "dvar2": 548.015441895, "dvar": 234.501846313, "dmean": 6.09203386307, "max": 364.153442383, "var": 664.20513916, "mean": 11.383603096}, "spectral_rms": {"dmean2": 0.00107772264164, "median": 0.00491144694388, "min": 3.25656667431e-12, "dvar2": 1.15172099413e-06, "dvar": 6.57696205053e-07, "dmean": 0.000780077243689, "max": 0.0100863464177, "var": 3.89426713809e-06, "mean": 0.0046534659341}, "zerocrossingrate": {"dmean2": 0.0102020567283, "median": 0.0458984375, "min": 0.00439453125, "dvar2": 0.000215491221752, "dvar": 0.000222444577958, "dmean": 0.00949572119862, "max": 0.51123046875, "var": 0.00159471214283, "mean": 0.0539845749736}, "silence_rate_60dB": {"dmean2": 0.0702545940876, "median": 0, "min": 0, "dvar2": 0.0746677964926, "dvar": 0.0338898226619, "dmean": 0.0351216383278, "max": 1, "var": 0.0786152034998, "mean": 0.0860180407763}, "erbbands_kurtosis": {"dmean2": 2.7721619606, "median": 0.524565696716, "min": -1.80505931377, "dvar2": 31.979347229, "dvar": 13.3861618042, "dmean": 1.76971316338, "max": 100.684257507, "var": 41.3823432922, "mean": 2.05345678329}, "erbbands": {"dmean2": [0.00951424054801, 0.467098385096, 2.94598603249, 3.09262371063, 5.28987646103, 5.99243879318, 7.23333644867, 12.9309148788, 49.3855934143, 40.7072219849, 44.9261894226, 67.188293457, 39.5436706543, 39.5504875183, 42.0003089905, 52.8344841003, 36.0870666504, 39.9175682068, 18.2815341949, 28.3852748871, 34.9127044678, 24.2936859131, 18.7863845825, 10.0817785263, 9.78373718262, 8.97643566132, 6.21348333359, 4.49105978012, 3.32659363747, 2.36266446114, 1.62240469456, 1.160556674, 0.243200644851, 0.0375066585839, 0.00388947082683, 0.000838456151541, 0.000262406974798, 5.92901633354e-05, 1.02687745311e-05, 1.30860507852e-05], "median": [0.00248544150963, 0.109459280968, 0.664431869984, 1.03823912144, 1.74155211449, 1.84056925774, 3.51114034653, 6.38812923431, 11.3477935791, 12.6936168671, 12.8169517517, 14.8954181671, 14.1289825439, 13.3929986954, 15.779548645, 17.6843643188, 16.2767333984, 10.5154838562, 7.53460884094, 7.57513237, 9.39505958557, 7.16099643707, 5.67476463318, 4.40556812286, 3.97459840775, 3.31536912918, 2.11523461342, 1.22459518909, 0.936189889908, 0.605030417442, 0.440361976624, 0.301188409328, 0.0650925636292, 0.01024270989, 0.00131259462796, 0.000195949163754, 5.51532721147e-05, 1.21776156448e-05, 1.51590666064e-05, 3.00189421978e-05], "min": [8.20593813321e-22, 1.38751681866e-21, 6.16020102589e-21, 3.82653525185e-20, 4.93410553513e-20, 1.72699246503e-19, 1.95228505687e-19, 2.01511898867e-19, 2.14676814358e-19, 2.8004882062e-19, 8.26984415651e-19, 2.07093082915e-18, 1.53134778409e-18, 2.36799827049e-18, 3.87729621119e-18, 4.17184695551e-18, 3.29967847098e-18, 6.68506071165e-18, 1.1606731176e-17, 4.96112697958e-18, 6.73102879265e-18, 1.21373063276e-17, 1.3323643799e-17, 1.22937170824e-17, 1.45037451558e-17, 1.17728158081e-17, 1.37248065438e-17, 1.54636502064e-17, 1.90867095612e-17, 1.66799994448e-17, 1.48606107244e-17, 1.3379948329e-17, 1.39476630629e-17, 1.23696646704e-17, 7.96313375379e-18, 4.90791734591e-18, 2.76626857144e-18, 1.05976839456e-18, 3.08723812036e-19, 3.2755941898e-20], "dvar2": [0.000429464475019, 0.999419808388, 50.9534416199, 57.5648422241, 109.382575989, 168.89793396, 167.098068237, 576.627075195, 9558.38183594, 6451.67822266, 11256.3076172, 29561.9667969, 7872.14941406, 10361.1679688, 11032.4667969, 15108.4462891, 4468.57373047, 9097.90625, 1190.65405273, 7314.84765625, 6810.12841797, 3193.91113281, 1784.77453613, 356.927612305, 501.667205811, 466.357635498, 204.305175781, 176.819778442, 91.4033126831, 58.1852340698, 24.8741436005, 13.3045196533, 0.671916365623, 0.0188911780715, 0.000101940662717, 3.51799258169e-06, 3.01750617382e-07, 2.11955750729e-08, 7.77515996031e-10, 2.08473724395e-10], "dvar": [0.000236332009081, 0.498086154461, 22.2703952789, 21.206697464, 47.9937362671, 85.9399261475, 72.98853302, 254.915679932, 4769, 3202.31347656, 5557.66845703, 13326.6181641, 4051.22485352, 4874.72216797, 4800.16748047, 6398.84130859, 1897.02270508, 3645.06176758, 553.67376709, 3182.6184082, 3685.94335938, 1460.22265625, 805.922668457, 159.052001953, 245.291625977, 237.442321777, 94.0963897705, 78.9692687988, 44.2094650269, 30.1260051727, 12.8435125351, 6.75866794586, 0.330307006836, 0.00937016215175, 5.62400564377e-05, 1.58372597525e-06, 1.35162196102e-07, 8.7940499327e-09, 3.15014569985e-10, 1.07630813984e-10], "dmean": [0.00682549690828, 0.324468314648, 1.9202837944, 1.88022756577, 3.27298617363, 3.96963047981, 4.52400875092, 8.38364982605, 32.7490081787, 27.0289287567, 30.5932846069, 44.6802787781, 26.3760375977, 26.0376586914, 27.1542415619, 33.5691680908, 22.8450260162, 25.273897171, 11.867816925, 18.454252243, 23.337890625, 16.110458374, 12.1773920059, 6.56726884842, 6.3919968605, 6.15113735199, 4.19898796082, 3.08356046677, 2.27992963791, 1.65370559692, 1.14460146427, 0.7927044034, 0.16985873878, 0.0259642116725, 0.00272878841497, 0.000544296985026, 0.000166937941685, 3.67719840142e-05, 6.84932047079e-06, 9.25872154767e-06], "max": [0.365499079227, 15.225353241, 80.4110870361, 115.766410828, 128.359161377, 246.332885742, 242.595474243, 425.361968994, 1092.06335449, 1331.11804199, 1822.09375, 1881.02661133, 1927.58850098, 1576.93896484, 1609.70227051, 1713.14611816, 795.072143555, 1205.62719727, 567.963134766, 1385.13195801, 1862.40270996, 1143.44335938, 603.386779785, 316.955841064, 586.813781738, 768.985412598, 220.317810059, 259.573242188, 181.883148193, 125.969139099, 90.8868713379, 65.556427002, 14.7629823685, 3.34997558594, 0.225817754865, 0.0308583378792, 0.00809408910573, 0.00215053954162, 0.000467684905743, 0.000115367845865], "var": [0.0011885643471, 2.52516531944, 67.9603881836, 28.6824493408, 106.678672791, 276.726959229, 200.827728271, 505.8722229, 12621.8642578, 9098.93847656, 16248.5537109, 22605.1777344, 9908.54394531, 11833.9560547, 11244.6298828, 12391.9042969, 3794.34399414, 7137.08642578, 1812.70983887, 6374.78759766, 8994.140625, 3349.85058594, 1463.18334961, 391.156616211, 541.891906738, 745.107177734, 209.707839966, 161.571640015, 97.5919799805, 67.9218292236, 31.91664505, 15.9879074097, 0.674410462379, 0.0186863839626, 0.000145536745549, 2.87946431854e-06, 2.1865439237e-07, 9.64875201959e-09, 3.73034353407e-10, 4.40069813923e-10], "mean": [0.0167699288577, 0.739795744419, 3.58981537819, 2.84958696365, 5.33735656738, 7.01351499557, 7.67395734787, 13.7806921005, 51.3885574341, 41.2559661865, 52.5168228149, 62.0904769897, 45.7829093933, 45.7881164551, 44.6724624634, 52.8666954041, 38.0877838135, 40.9435043335, 21.9616279602, 30.5245304108, 40.5190544128, 28.1424369812, 19.1260128021, 11.4350147247, 11.0877094269, 10.8812303543, 7.07312870026, 4.90944290161, 3.7385263443, 2.72872543335, 1.98793876171, 1.41010963917, 0.314217805862, 0.0510051175952, 0.00511686271057, 0.000724583806004, 0.00020295700233, 4.12798508478e-05, 1.71964293258e-05, 3.13173732138e-05]}, "spectral_strongpeak": {"dmean2": 1.2042798996, "median": 0.852419435978, "min": 0, "dvar2": 2.68082642555, "dvar": 1.15525603294, "dmean": 0.745549440384, "max": 16.0751533508, "var": 2.80338978767, "mean": 1.55429649353}, "spectral_energy": {"dmean2": 0.0112197576091, "median": 0.0247253663838, "min": 1.08703576692e-20, "dvar2": 0.000159008865012, "dvar": 8.13859733171e-05, "dmean": 0.00789924710989, "max": 0.104277744889, "var": 0.000332581344992, "mean": 0.0261876378208}, "average_loudness": 0.955251395702, "spectral_rolloff": {"dmean2": 682.551391602, "median": 1184.32617188, "min": 21.533203125, "dvar2": 1268241.125, "dvar": 667812.25, "dmean": 423.144622803, "max": 19379.8828125, "var": 1907101.875, "mean": 1495.40844727}, "spectral_centroid": {"dmean2": 345.62197876, "median": 1084.42993164, "min": 111.47228241, "dvar2": 192291.0625, "dvar": 110313.9375, "dmean": 239.916931152, "max": 10872.9912109, "var": 598895, "mean": 1260.04541016}, "pitch_salience": {"dmean2": 0.128787472844, "median": 0.559085726738, "min": 0.0325018540025, "dvar2": 0.0129457870498, "dvar": 0.00548871094361, "dmean": 0.0831055268645, "max": 0.996091365814, "var": 0.0204506460577, "mean": 0.544682323933}, "spectral_energyband_middle_high": {"dmean2": 0.00395203614607, "median": 0.00491849798709, "min": 1.83293065738e-21, "dvar2": 2.91733285849e-05, "dvar": 1.4524078324e-05, "dmean": 0.00272700469941, "max": 0.051233459264, "var": 5.79436928092e-05, "mean": 0.00734904082492}, "spectral_contrast_coeffs": {"dmean2": [0.0875124558806, 0.0859713405371, 0.0661657974124, 0.056525669992, 0.0402383171022, 0.031230930239], "median": [-0.612346768379, -0.711550831795, -0.759135246277, -0.75932431221, -0.782034158707, -0.72026348114], "min": [-0.971038222313, -0.996557474136, -0.999045848846, -0.988042235374, -0.988730728626, -0.962774991989], "dvar2": [0.00490708323196, 0.00470128376037, 0.00282173673622, 0.00204317411408, 0.00107976398431, 0.000783956144005], "dvar": [0.00191444146913, 0.00197494728491, 0.001188963186, 0.000884420238435, 0.000480837828945, 0.000391238630982], "dmean": [0.0537180900574, 0.0543015524745, 0.0419193431735, 0.0355874896049, 0.0256736986339, 0.0207908712327], "max": [-0.289119780064, -0.269897192717, -0.356798827648, -0.505344510078, -0.550454437733, -0.530833125114], "var": [0.00879826582968, 0.0105001889169, 0.00575300399214, 0.00424067676067, 0.00267762620933, 0.00271911802702], "mean": [-0.607292592525, -0.695721626282, -0.746474325657, -0.753239989281, -0.776198625565, -0.724901020527]}, "melbands_skewness": {"dmean2": 1.10272181034, "median": 1.57883048058, "min": -4.39586782455, "dvar2": 1.40156471729, "dvar": 0.662985146046, "dmean": 0.742849290371, "max": 19.4650344849, "var": 2.99626374245, "mean": 1.81865108013}, "spectral_spread": {"dmean2": 555469, "median": 2869663.5, "min": 156490.265625, "dvar2": 647558266880, "dvar": 339474251776, "dmean": 382401.3125, "max": 40853272, "var": 1714078744580.0, "mean": 2989982.25}, "dissonance": {"dmean2": 0.0453065373003, "median": 0.455639779568, "min": 0.0883404091001, "dvar2": 0.0020769550465, "dvar": 0.000827766314615, "dmean": 0.0279303230345, "max": 0.5, "var": 0.00260153994896, "mean": 0.44224140048}, "spectral_skewness": {"dmean2": 0.756994187832, "median": 1.50003385544, "min": -0.80117815733, "dvar2": 1.06681990623, "dvar": 0.486726164818, "dmean": 0.485664069653, "max": 16.4631404877, "var": 2.45148611069, "mean": 1.88089585304}, "spectral_flux": {"dmean2": 0.0426878854632, "median": 0.0784745439887, "min": 6.8404185094e-11, "dvar2": 0.00171943265013, "dvar": 0.000699364987668, "dmean": 0.0268786754459, "max": 0.265773832798, "var": 0.00193241855595, "mean": 0.0833510681987}, "spectral_contrast_valleys": {"dmean2": [0.792283773422, 0.721254885197, 0.582383751869, 0.509582400322, 0.443262130022, 0.396483033895], "median": [-8.01950359344, -6.65746450424, -7.13031291962, -7.71853923798, -7.73315143585, -11.1797838211], "min": [-27.5688991547, -27.4594173431, -27.2834701538, -27.5074748993, -27.2481174469, -27.2889919281], "dvar2": [0.393113017082, 0.340417176485, 0.257397741079, 0.21849809587, 0.227464571595, 0.194619312882], "dvar": [0.171486198902, 0.173528820276, 0.140616476536, 0.129836052656, 0.150231406093, 0.1457529217], "dmean": [0.485515654087, 0.48301756382, 0.3926615417, 0.357622563839, 0.342033863068, 0.328986316919], "max": [-5.67486858368, -4.72196912766, -5.19165802002, -5.73691749573, -5.72627210617, -8.47262382507], "var": [1.67800605297, 1.59736537933, 1.55274903774, 1.65045320988, 2.17142534256, 2.05552005768], "mean": [-8.2288351059, -6.86727428436, -7.32865142822, -7.92680883408, -8.04254436493, -11.42856884]}, "erbbands_flatness_db": {"dmean2": 0.0310728941113, "median": 0.241342455149, "min": 0.0413190275431, "dvar2": 0.00080882984912, "dvar": 0.000447054859251, "dmean": 0.0220004823059, "max": 0.60043489933, "var": 0.00356574379839, "mean": 0.24660025537}, "spectral_energyband_high": {"dmean2": 0.00031725782901, "median": 0.000150446256157, "min": 7.50594189147e-21, "dvar2": 5.27603333467e-07, "dvar": 2.92601612273e-07, "dmean": 0.000232255930314, "max": 0.0132518326864, "var": 8.97430254554e-07, "mean": 0.000459744536784}, "spectral_entropy": {"dmean2": 0.263530224562, "median": 7.24121189117, "min": 3.43205881119, "dvar2": 0.0793037265539, "dvar": 0.0474486984313, "dmean": 0.192704111338, "max": 9.79941177368, "var": 0.407049268484, "mean": 7.16615867615}, "silence_rate_20dB": {"dmean2": 0, "median": 1, "min": 1, "dvar2": 0, "dvar": 0, "dmean": 0, "max": 1, "var": 0, "mean": 1}, "melbands_flatness_db": {"dmean2": 0.0404725670815, "median": 0.221198409796, "min": -1.63944292808e-07, "dvar2": 0.00174253585283, "dvar": 0.00101451296359, "dmean": 0.0296760238707, "max": 0.853557705879, "var": 0.0100245736539, "mean": 0.235733136535}, "barkbands": {"dmean2": [6.47226170258e-06, 0.00149905402213, 0.00270359846763, 0.00111050531268, 0.00168107380159, 0.00144846283365, 0.00365718081594, 0.00191413401626, 0.00278702331707, 0.00135105336085, 0.00103371602017, 0.0013875765726, 0.000799974834081, 0.000769266101997, 0.000446326215751, 0.000612221250776, 0.000464329263195, 0.000303669716232, 0.000195728804101, 0.000179249123903, 0.000139449941344, 8.3434402768e-05, 5.85436609981e-05, 3.39937687386e-05, 1.73766909484e-06, 1.50541580979e-07, 2.72453242189e-08], "median": [3.10615007493e-07, 0.000289133167826, 0.000492434599437, 0.000177889160113, 0.000595318502747, 0.000639743055217, 0.000817989115603, 0.000404284044635, 0.000639840145595, 0.000397624913603, 0.000229463301366, 0.000413450063206, 0.000276455306448, 0.00017733220011, 0.000121958415548, 0.000154289329657, 0.000110901222797, 8.29957934911e-05, 8.1092628534e-05, 6.40630896669e-05, 4.0085920773e-05, 2.28112876357e-05, 1.61096977536e-05, 8.43370071379e-06, 4.32826197994e-07, 2.105613639e-08, 1.69790004279e-09], "min": [1.56322451916e-24, 1.23222605639e-23, 7.15943967397e-24, 1.12408498031e-23, 4.83983110085e-23, 3.44843444969e-23, 1.85648711055e-23, 2.50838361882e-23, 8.03777128979e-23, 6.23506824245e-23, 3.7029386482e-23, 9.60601856522e-23, 6.15416077474e-23, 1.27823057845e-22, 1.35206417264e-22, 9.6167092082e-23, 2.02378213645e-22, 2.73611419375e-22, 2.35333060976e-22, 2.04496627031e-22, 4.74018616716e-22, 5.49131251052e-22, 5.51517422762e-22, 7.19294531029e-22, 1.17254729949e-21, 1.49601682329e-21, 2.12388053263e-21], "dvar2": [4.44994402438e-10, 1.02386557046e-05, 4.41594602307e-05, 7.51421612222e-06, 1.19760197776e-05, 6.28762018096e-06, 4.75561901112e-05, 1.82946023415e-05, 4.21292024839e-05, 1.03093634607e-05, 8.63050536282e-06, 8.31582747196e-06, 2.34684011957e-06, 3.19335799759e-06, 1.38515792969e-06, 2.00911