{"tonal": {"thpcp": [1, 0.563521146774, 0.190318241715, 0.302153766155, 0.350784301758, 0.255120933056, 0.211247950792, 0.222736164927, 0.257768005133, 0.31181922555, 0.293345838785, 0.221941784024, 0.172186344862, 0.150925517082, 0.126964405179, 0.13334658742, 0.17003197968, 0.211155414581, 0.27499717474, 0.297790944576, 0.22235365212, 0.158857241273, 0.159867197275, 0.298273861408, 0.54695469141, 0.514050900936, 0.262827277184, 0.151375278831, 0.143078640103, 0.149085149169, 0.179143384099, 0.211561441422, 0.19350412488, 0.2211586833, 0.27636423707, 0.656862735748], "hpcp": {"dmean2": [0.146589353681, 0.114346422255, 0.107099570334, 0.109903611243, 0.130092203617, 0.157361954451, 0.180149495602, 0.194383189082, 0.177099660039, 0.156902000308, 0.158908575773, 0.175548925996, 0.205682575703, 0.233531728387, 0.171252176166, 0.131077647209, 0.118637368083, 0.112699739635, 0.126915603876, 0.14666749537, 0.139719665051, 0.148305729032, 0.175460189581, 0.240777432919, 0.306866288185, 0.225684583187, 0.165939629078, 0.198787406087, 0.195023432374, 0.173808410764, 0.160694167018, 0.16330729425, 0.215114578605, 0.245007067919, 0.195366576314, 0.176225244999], "median": [0.0104130897671, 0.00852381251752, 0.00705362763256, 0.00624849647284, 0.00730623397976, 0.00982913374901, 0.022427232936, 0.0264946371317, 0.0165107715875, 0.00673323031515, 0.00627482542768, 0.0176578741521, 0.0596321672201, 0.0850313305855, 0.0328284315765, 0.00889981351793, 0.00776200648397, 0.00911383517087, 0.0131476726383, 0.0140827801079, 0.0122292749584, 0.0166922807693, 0.0212670769542, 0.216359466314, 0.207527250051, 0.139175310731, 0.0111605143175, 0.026353225112, 0.0326215475798, 0.0216307863593, 0.0131582636386, 0.0135442819446, 0.0190797708929, 0.0280431210995, 0.0279609076679, 0.0188837256283], "min": [0, 0, 0, 0, 0, 0, 0, 0, 0, 0, 0, 0, 0, 0, 0, 0, 0, 0, 0, 0, 0, 0, 0, 0, 0, 0, 0, 0, 0, 0, 0, 0, 0, 0, 0, 0], "dvar2": [0.082805544138, 0.0604580007493, 0.0593530908227, 0.0583485625684, 0.0707033500075, 0.0940117388964, 0.0972995832562, 0.107731774449, 0.103033788502, 0.100121982396, 0.100558035076, 0.0944807305932, 0.098417788744, 0.100422121584, 0.083370372653, 0.0771286785603, 0.0644852817059, 0.0542500168085, 0.0595150105655, 0.0737065449357, 0.0704493820667, 0.0750200375915, 0.087094090879, 0.0978616923094, 0.189215183258, 0.106321878731, 0.090716175735, 0.093768954277, 0.0864340290427, 0.0830615386367, 0.0848369151354, 0.0883197635412, 0.12326438725, 0.138547211885, 0.0909049361944, 0.103334315121], "dvar": [0.0293612461537, 0.0227104555815, 0.0214875992388, 0.0213006101549, 0.0274613108486, 0.0379577986896, 0.0389592200518, 0.0416090302169, 0.0378827936947, 0.035628773272, 0.036597404629, 0.0356836915016, 0.0442578420043, 0.0431090146303, 0.0322448462248, 0.0282726306468, 0.0241450816393, 0.021108308807, 0.0228330902755, 0.0290647409856, 0.0272280331701, 0.0287249591202, 0.0358085595071, 0.0391593649983, 0.0834407582879, 0.039725124836, 0.033797275275, 0.037256680429, 0.0365356393158, 0.0318741090596, 0.0319779850543, 0.0329239331186, 0.0453840233386, 0.0523764006793, 0.0359900556505, 0.037005789578], "dmean": [0.0817828476429, 0.065872490406, 0.0607384331524, 0.0625380054116, 0.0761867985129, 0.0915782749653, 0.105518586934, 0.113644815981, 0.100307434797, 0.0857741236687, 0.0869702249765, 0.0984764397144, 0.119898304343, 0.138462454081, 0.100117668509, 0.0738762319088, 0.0673641562462, 0.0663118287921, 0.0744105949998, 0.0858887061477, 0.0809882506728, 0.0861923843622, 0.103462219238, 0.138265028596, 0.173732727766, 0.127716943622, 0.0938149988651, 0.116593278944, 0.117633603513, 0.100666277111, 0.0911631286144, 0.0942299887538, 0.121488764882, 0.138209789991, 0.11317525804, 0.0996982604265], "max": [1, 1, 1, 1, 1, 1, 1, 1, 1, 1, 1, 1, 1, 1, 1, 1, 1, 1, 1, 1, 1, 1, 1, 1, 1, 1, 1, 1, 1, 1, 1, 1, 1, 1, 1, 1], "var": [0.0273605603725, 0.0245704147965, 0.0186544004828, 0.0198609866202, 0.0295048058033, 0.0426669828594, 0.050703689456, 0.0543694682419, 0.0375259071589, 0.0277218464762, 0.0298702660948, 0.0478525795043, 0.117793962359, 0.0783401057124, 0.0372753925622, 0.0248105898499, 0.0239697564393, 0.0238025225699, 0.0269043389708, 0.0360235050321, 0.0345774516463, 0.0348758995533, 0.0524225458503, 0.0728834047914, 0.195465162396, 0.0615448728204, 0.0319348163903, 0.0502848476171, 0.0640713647008, 0.0401073433459, 0.0367089547217, 0.0400689393282, 0.045686725527, 0.0557967573404, 0.0488222166896, 0.0359576269984], "mean": [0.0751398801804, 0.0658619329333, 0.055405613035, 0.0581907182932, 0.0741997435689, 0.0921454802155, 0.120005190372, 0.1299521029, 0.0970322415233, 0.0693232342601, 0.0697639659047, 0.130162835121, 0.238683909178, 0.22432513535, 0.114694409072, 0.066058203578, 0.0624376572669, 0.0650588199496, 0.078175842762, 0.0923226624727, 0.0844426825643, 0.0965107753873, 0.120601758361, 0.286646366119, 0.436387002468, 0.245913311839, 0.0830524042249, 0.131855979562, 0.153077706695, 0.11133145541, 0.0921858623624, 0.097199164331, 0.112486608326, 0.136073857546, 0.128012314439, 0.0968525111675]}, "tuning_equal_tempered_deviation": 0.22557502985, "chords_changes_rate": 0.0619810186327, "key_key": "A#", "tuning_diatonic_strength": 0.380353242159, "key_scale": "minor", "chords_number_rate": 0.00163107947446, "tuning_frequency": 434.193115234, "tuning_nontempered_energy_ratio": 0.791920542717, "chords_histogram": [3.084223032, 67.467376709, 0.756227731705, 0, 0, 0.0296559911221, 0, 0.415183871984, 0.430011868477, 0.281731903553, 0, 0.444839864969, 1.64590752125, 0.0296559911221, 0.252075910568, 0, 2.09074735641, 1.48279953003, 6.25741386414, 3.30664300919, 1.40865957737, 4.80427026749, 1.26037955284, 4.55219459534], "key_strength": 0.427399516106, "chords_key": "C#", "chords_strength": {"dmean2": 0.0128969298676, "median": 0.465880721807, "min": -1, "dvar2": 0.000673002912663, "dvar": 0.000373541319277, "dmean": 0.0122738461941, "max": 0.793926358223, "var": 0.023252947256, "mean": 0.465620219707}, "chords_scale": "major", "hpcp_entropy": {"dmean2": 1.02337479591, "median": 1.8203663826, "min": 0, "dvar2": 0.731898665428, "dvar": 0.296987891197, "dmean": 0.610903978348, "max": 4.66212892532, "var": 0.633777856827, "mean": 1.91446042061}}, "metadata": {"audio_properties": {"equal_loudness": 0, "codec": "vorbis", "downmix": "mix", "sample_rate": 44100, "analysis_sample_rate": 44100, "bit_rate": 356000, "md5_encoded": "9c6473897550fadf3e8e9117bea6b9dd", "length": 313.099334717, "replay_gain": -10.127199173, "lossless": false}, "version": {"essentia_build_sha": "cead25079874084f62182a551b7393616cd33d87", "essentia": "2.1-beta2", "extractor": "music 1.0", "essentia_git_sha": "v2.1_beta2-1-ge3940c0"}, "tags": {"title": ["Jungle Groove"], "barcode": ["008811137427"], "media": ["CD"], "albumartist": ["Various Artists"], "tracktotal": ["13"], "albumartistsort": ["Various Artists"], "releasetype": ["album", "soundtrack"], "musicbrainz_recordingid": ["1f36001f-7da5-4602-bd36-11f1e56c82b3"], "musicbrainz_releasegroupid": ["55787f2b-f784-3bae-83f4-3cc61d2c0b61"], "musicbrainz_albumartistid": ["89ad4ac3-39f7-470e-963a-56509c546377"], "originalyear": ["1995"], "musicbrainz_releasetrackid": ["6d7e9399-ac0d-3bd0-bdc1-880055887e94"], "discnumber": ["1"], "totaldiscs": ["1"], "catalognumber": ["MCAD-11374"], "releasecountry": ["US"], "isrc": ["USMC19546438"], "compilation": ["1"], "originaldate": ["1995-11-07"], "producer": ["Danny Bramson", "Kathy Nelson", "Montell Jordan", "Schappell Crawford"], "date": ["1995-11-07"], "file_name": "09 Montell Jordan - Jungle Groove.ogg", "disctotal": ["1"], "musicbrainz_artistid": ["cc1f4763-a306-4ae7-8ba7-331872199f9e"], "asin": ["B000002OYR"], "musicbrainz_albumid": ["c8398c9f-c3c8-41ce-a2cc-2e75e03f768a"], "artist": ["Montell Jordan"], "tracknumber": ["9"], "artistsort": ["Jordan, Montell"], "album": ["Ace Ventura: When Nature Calls"], "label": ["MCA Soundtracks", "Morgan Creek Records"], "releasestatus": ["official"], "acoustid_id": ["c2cd7edb-ade2-4fa6-9d4b-d411acca2433"], "script": ["Latn"], "totaltracks": ["13"]}}, "rhythm": {"bpm_histogram_first_peak_bpm": {"dmean2": 0, "median": 99, "min": 99, "dvar2": 0, "dvar": 0, "dmean": 0, "max": 99, "var": 0, "mean": 99}, "bpm": 99.964805603, "bpm_histogram_second_peak_spread": {"dmean2": 0, "median": 0.5, "min": 0.5, "dvar2": 0, "dvar": 0, "dmean": 0, "max": 0.5, "var": 0, "mean": 0.5}, "bpm_histogram_first_peak_weight": {"dmean2": 0, "median": 0.662813067436, "min": 0.662813067436, "dvar2": 0, "dvar": 0, "dmean": 0, "max": 0.662813067436, "var": 0, "mean": 0.662813067436}, "onset_rate": 4.39127254486, "beats_position": [0.568888902664, 1.16099774837, 1.74149656296, 2.32199549675, 2.9837641716, 3.63392281532, 4.28408145905, 4.92263031006, 5.54956912994, 6.17650794983, 6.80344676971, 7.4303855896, 8.03410434723, 8.63782310486, 9.24154186249, 9.84526062012, 10.4373693466, 11.0294780731, 11.6331968307, 12.2369155884, 12.840634346, 13.4443531036, 14.0480718613, 14.6401815414, 15.2322902679, 15.8360090256, 16.4397277832, 17.0434455872, 17.6471652985, 18.2392749786, 18.8429927826, 19.4351024628, 20.0388202667, 20.642539978, 21.246257782, 21.8499774933, 22.4420852661, 23.0341949463, 23.6379127502, 24.2416324615, 24.8453502655, 25.4374599457, 26.0411777496, 26.6332874298, 27.2370071411, 27.8407249451, 28.4444446564, 29.0481624603, 29.6402721405, 30.2323799133, 30.8360996246, 31.4398174286, 32.0435371399, 32.6356468201, 33.239364624, 33.8314743042, 34.4351921082, 35.0389099121, 35.6426315308, 36.2463493347, 36.8500671387, 37.4421768188, 38.034286499, 38.638004303, 39.2417221069, 39.8454399109, 40.4491615295, 41.0528793335, 41.6449890137, 42.2370948792, 42.8408164978, 43.4445343018, 44.0482521057, 44.6403617859, 45.2440795898, 45.83618927, 46.439907074, 47.0436286926, 47.6473464966, 48.2510643005, 48.8431739807, 49.4352836609, 50.0390014648, 50.6427192688, 51.2464370728, 51.8385467529, 52.4422683716, 53.0343742371, 53.6380958557, 54.2418136597, 54.8455314636, 55.4492492676, 56.0413589478, 56.6334686279, 57.2371864319, 57.8409042358, 58.4446258545, 59.0483436584, 59.6520614624, 60.2441711426, 60.8362808228, 61.4399986267, 62.0437164307, 62.6474380493, 63.2511558533, 63.8432655334, 64.4469833374, 65.0390930176, 65.6428070068, 66.2465286255, 66.8502502441, 67.4423599243, 68.0344696045, 68.6381835938, 69.2419052124, 69.8456192017, 70.4493408203, 71.0414505005, 71.6451721191, 72.2372741699, 72.8409957886, 73.4447174072, 74.0484313965, 74.6405410767, 75.2442626953, 75.8363723755, 76.4400863647, 77.0438079834, 77.6475296021, 78.2396392822, 78.8433532715, 79.4354629517, 80.0391845703, 80.6428985596, 81.2466201782, 81.8503417969, 82.4424438477, 83.0345535278, 83.6382751465, 84.2303848267, 84.8224945068, 85.4262084961, 86.0299301147, 86.6336517334, 87.2373657227, 87.8294754028, 88.421585083, 89.0253067017, 89.6290206909, 90.2327423096, 90.8364639282, 91.4401779175, 92.0322875977, 92.6360092163, 93.251335144, 93.8318328857, 94.4355545044, 95.039276123, 95.6429901123, 96.246711731, 96.8388214111, 97.4309310913, 98.0346450806, 98.6383666992, 99.2420806885, 99.8458023071, 100.449523926, 101.041633606, 101.633743286, 102.237457275, 102.841178894, 103.444892883, 104.048614502, 104.640724182, 105.244445801, 105.836547852, 106.44026947, 107.043991089, 107.647705078, 108.251426697, 108.843536377, 109.435646057, 110.039360046, 110.643081665, 111.246803284, 111.850517273, 112.454238892, 113.046348572, 113.638458252, 114.242172241, 114.84589386, 115.449615479, 116.041717529, 116.633827209, 117.237548828, 117.841270447, 118.444984436, 119.048706055, 119.652427673, 120.244529724, 120.836639404, 121.440361023, 122.044082642, 122.647796631, 123.25151825, 123.84362793, 124.43573761, 125.039451599, 125.643173218, 126.246894836, 126.850608826, 127.442718506, 128.046432495, 128.638549805, 129.242263794, 129.845977783, 130.449707031, 131.041809082, 131.645523071, 132.237640381, 132.84135437, 133.445083618, 134.048797607, 134.652511597, 135.244628906, 135.836730957, 136.440444946, 137.044174194, 137.647888184, 138.239990234, 138.843719482, 139.435821533, 140.039550781, 140.643264771, 141.24697876, 141.850692749, 142.454421997, 143.046524048, 143.638641357, 144.242355347, 144.846069336, 145.438186646, 146.041900635, 146.634017944, 147.237731934, 147.841445923, 148.445159912, 149.04888916, 149.640991211, 150.233108521, 150.83682251, 151.440536499, 152.044265747, 152.647979736, 153.251693726, 153.843811035, 154.435913086, 155.039627075, 155.643356323, 156.247070312, 156.839187622, 157.431289673, 158.035003662, 158.63873291, 159.242446899, 159.846160889, 160.449890137, 161.041992188, 161.645706177, 162.237823486, 162.841537476, 163.445251465, 164.037368774, 164.629470825, 165.233200073, 165.836914062, 166.440628052, 167.0443573, 167.648071289, 168.24017334, 168.832290649, 169.436004639, 170.039718628, 170.643447876, 171.247161865, 171.839263916, 172.431381226, 173.035095215, 173.638824463, 174.242538452, 174.846252441, 175.449981689, 176.053695679, 176.645797729, 177.237915039, 177.841629028, 178.445343018, 179.049072266, 179.652786255, 180.244888306, 180.837005615, 181.440719604, 182.044433594, 182.648162842, 183.251876831, 183.843994141, 184.436096191, 185.039810181, 185.643539429, 186.247253418, 186.850967407, 187.443084717, 188.035186768, 188.638900757, 189.242630005, 189.846343994, 190.438461304, 191.030563354, 191.634277344, 192.238006592, 192.841720581, 193.44543457, 194.049163818, 194.652877808, 195.244979858, 195.837097168, 196.440811157, 197.044525146, 197.648254395, 198.240356445, 198.844070435, 199.436187744, 200.039901733, 200.643630981, 201.247344971, 201.85105896, 202.44317627, 203.03527832, 203.63899231, 204.242721558, 204.846435547, 205.438537598, 206.042266846, 206.634368896, 207.238098145, 207.841812134, 208.445526123, 209.049255371, 209.65296936, 210.245071411, 210.837188721, 211.44090271, 212.044616699, 212.636734009, 213.240447998, 213.832565308, 214.436279297, 215.039993286, 215.643707275, 216.247436523, 216.851150513, 217.443267822, 218.046981812, 218.639083862, 219.24281311, 219.834915161, 220.43862915, 221.03074646, 221.634460449, 222.238174438, 222.841903687, 223.445617676, 224.049331665, 224.641448975, 225.245162964, 225.837280273, 226.440994263, 227.044708252, 227.6484375, 228.240539551, 228.84425354, 229.43637085, 230.040084839, 230.643798828, 231.247528076, 231.839630127, 232.443344116, 233.035461426, 233.639175415, 234.242904663, 234.846618652, 235.450332642, 236.042449951, 236.634552002, 237.238265991, 237.841995239, 238.445709229, 239.037811279, 239.641540527, 240.233642578, 240.837371826, 241.441085815, 242.044799805, 242.648529053, 243.240631104, 243.832733154, 244.436462402, 245.040176392, 245.643890381, 246.247619629, 246.851333618, 247.443435669, 248.035552979, 248.639266968, 249.242996216, 249.846710205, 250.450424194, 251.042541504, 251.646255493, 252.238357544, 252.842086792, 253.445800781, 254.049514771, 254.64163208, 255.233734131, 255.83744812, 256.441162109, 257.044891357, 257.648620605, 258.240722656, 258.844451904, 259.436553955, 260.040252686, 260.643981934, 261.247711182, 261.851409912, 262.44354248, 263.035644531, 263.639373779, 264.24307251, 264.846801758, 265.438903809, 266.042633057, 266.634735107, 267.238464355, 267.842163086, 268.445892334, 269.049621582, 269.641723633, 270.233825684, 270.837554932, 271.441253662, 272.04498291, 272.637084961, 273.240814209, 273.83291626, 274.436645508, 275.040344238, 275.644073486, 276.247802734, 276.839904785, 277.432006836, 278.035736084, 278.639465332, 279.243164062, 279.846893311, 280.450592041, 281.042724609, 281.64642334, 282.238555908, 282.842254639, 283.445983887, 284.038085938, 284.630187988, 285.233917236, 285.837646484, 286.441345215, 287.045074463, 287.648803711, 288.240905762, 288.84463501, 289.436737061, 290.040435791, 290.644165039, 291.247894287, 291.839996338, 292.443725586, 293.035827637, 293.639526367, 294.243255615, 294.846984863, 295.439086914, 296.042816162, 296.634918213, 297.238647461, 297.842346191, 298.446075439, 299.03817749, 299.641906738, 300.234008789, 300.837738037, 301.441436768, 302.045166016, 302.648895264, 303.240997314, 303.833099365, 304.436828613, 305.040527344, 305.644256592, 306.236358643, 306.840087891, 307.432189941, 308.035919189, 308.63961792, 309.243347168, 309.858673096, 310.485626221, 311.124176025, 311.751098633, 312.389648438], "beats_loudness": {"dmean2": 0.225197672844, "median": 0.0381597951055, "min": 0, "dvar2": 0.030297331512, "dvar": 0.0134093854576, "dmean": 0.124717406929, "max": 0.381124585867, "var": 0.0125482333824, "mean": 0.0889599695802}, "danceability": 1.48897576332, "bpm_histogram_second_peak_weight": {"dmean2": 0, "median": 0.00578034669161, "min": 0.00578034669161, "dvar2": 0, "dvar": 0, "dmean": 0, "max": 0.00578034669161, "var": 0, "mean": 0.00578034669161}, "beats_count": 520, "bpm_histogram_second_peak_bpm": {"dmean2": 0, "median": 94, "min": 94, "dvar2": 0, "dvar": 0, "dmean": 0, "max": 94, "var": 0, "mean": 94}, "bpm_histogram_first_peak_spread": {"dmean2": 0, "median": 0.32943469286, "min": 0.32943469286, "dvar2": 0, "dvar": 0, "dmean": 0, "max": 0.32943469286, "var": 0, "mean": 0.32943469286}, "beats_loudness_band_ratio": {"dmean2": [0.670828104019, 0.258738487959, 0.280504316092, 0.270037025213, 0.226895689964, 0.35404074192], "median": [0.235374689102, 0.0718698948622, 0.0928334742785, 0.0979206040502, 0.0705896168947, 0.138062745333], "min": [0, 0, 0, 0, 0, 0], "dvar2": [0.215616837144, 0.0703704580665, 0.0594847276807, 0.0287392549217, 0.0105592068285, 0.0335512347519], "dvar": [0.0829292237759, 0.0263043362647, 0.0249577388167, 0.00924092438072, 0.00347542692907, 0.0131481662393], "dmean": [0.410328179598, 0.145611226559, 0.177992403507, 0.145360350609, 0.115458123386, 0.189626172185], "max": [0.988412201405, 0.75765568018, 0.939442873001, 0.768919229507, 0.39176145196, 0.715364456177], "var": [0.113946698606, 0.0226674899459, 0.0354793146253, 0.011789332144, 0.00539283128455, 0.0200715530664], "mean": [0.383441865444, 0.13036262989, 0.177815496922, 0.113367170095, 0.0776527896523, 0.14639852941]}}, "lowlevel": {"barkbands_spread": {"dmean2": 10.5245275497, "median": 14.7124576569, "min": 0.199347883463, "dvar2": 268.478149414, "dvar": 124.129455566, "dmean": 7.125228405, "max": 128.375961304, "var": 279.11138916, "mean": 19.1226596832}, "melbands_spread": {"dmean2": 10.315112114, "median": 13.8618021011, "min": 0.116402283311, "dvar2": 333.103912354, "dvar": 153.704986572, "dmean": 6.99459028244, "max": 227.628326416, "var": 546.603515625, "mean": 20.3268375397}, "hfc": {"dmean2": 15.7729959488, "median": 11.4190635681, "min": 1.07318234002e-16, "dvar2": 901.776794434, "dvar": 378.189208984, "dmean": 10.3794088364, "max": 355.522583008, "var": 731.585327148, "mean": 20.1268043518}, "barkbands_kurtosis": {"dmean2": 20.7792873383, "median": 4.60832166672, "min": -1.90147721767, "dvar2": 3678.32128906, "dvar": 2045.06494141, "dmean": 15.4233427048, "max": 1303.2409668, "var": 7293.58007812, "mean": 28.80311203}, "gfcc": {"mean": [-42.4261169434, 65.3625717163, -90.5697860718, 16.2338733673, -59.0198020935, 15.339682579, -29.533662796, 10.7409534454, -12.98736763, 5.63518762589, -14.6489858627, 4.40130996704, -3.52117013931], "icov": [[6.65846091579e-05, -0.000107370200567, 5.95975616307e-05, -2.14250485442e-05, 7.14809721103e-05, -0.00017681303143, 0.000170540559338, -0.000178662405233, 0.000170208557392, -0.000318295526085, 0.00042650452815, -0.000397771393182, 0.000255674502114], [-0.000107370200567, 0.00101383391302, -0.000157931746799, -6.27768895356e-05, -0.000141615862958, 0.000128109473735, -0.000634505646303, 0.000783692754339, -0.00134178274311, 0.00180877500679, -0.00184840837028, 0.00160062406212, -0.00080938852625], [5.95975616307e-05, -0.000157931746799, 0.00104226986878, -0.000748422229663, -0.000314390839776, 0.000690517015755, -0.000788363919128, 0.00058141653426, -3.09677452606e-05, -0.000838433217723, 0.000802522408776, -0.00138632173184, 0.00074540253263], [-2.14250485442e-05, -6.27768895356e-05, -0.000748422229663, 0.00246944976971, -0.000476827524835, -0.000736017653253, 0.000457088463008, -0.000416328548454, 0.000547301315237, -0.000269422831479, -0.000535265833605, 0.0012847626349, -0.00101527210791], [7.14809721103e-05, -0.000141615862958, -0.000314390839776, -0.000476827524835, 0.00329051865265, -0.00179379293695, -0.000707768136635, 0.00021735066548, -0.000652947230265, 0.000254476908594, -0.000381019810447, 0.000589034985751, -0.000534367107321], [-0.00017681303143, 0.000128109473735, 0.000690517015755, -0.000736017653253, -0.00179379293695, 0.00740496721119, -0.00379613880068, -9.85677324934e-05, -6.74132970744e-05, -0.000647101493087, 0.000539341242984, -0.00110168941319, 0.00179598166142], [0.000170540559338, -0.000634505646303, -0.000788363919128, 0.000457088463008, -0.000707768136635, -0.00379613880068, 0.00995863694698, -0.00530525157228, 0.000765804783441, 0.00192028994206, -0.00180434051435, -0.000626860652119, -0.000228760356549], [-0.000178662405233, 0.000783692754339, 0.00058141653426, -0.000416328548454, 0.00021735066548, -9.85677324934e-05, -0.00530525157228, 0.0126051269472, -0.00507330615073, 0.000121876757476, -0.000768444384448, 0.0012544678757, -0.00107834034134], [0.000170208557392, -0.00134178274311, -3.09677452606e-05, 0.000547301315237, -0.000652947230265, -6.74132970744e-05, 0.000765804783441, -0.00507330615073, 0.010657726787, -0.00749758118764, 0.00307958060876, -0.00125365657732, -0.000751793384552], [-0.000318295526085, 0.00180877500679, -0.000838433217723, -0.000269422831479, 0.000254476908594, -0.000647101493087, 0.00192028994206, 0.000121876757476, -0.00749758118764, 0.0188840311021, -0.0117204571143, 0.00412010261789, -0.000828844611533], [0.00042650452815, -0.00184840837028, 0.000802522408776, -0.000535265833605, -0.000381019810447, 0.000539341242984, -0.00180434051435, -0.000768444384448, 0.00307958060876, -0.0117204571143, 0.020954400301, -0.0112110460177, 0.00255218497477], [-0.000397771393182, 0.00160062406212, -0.00138632173184, 0.0012847626349, 0.000589034985751, -0.00110168941319, -0.000626860652119, 0.0012544678757, -0.00125365657732, 0.00412010261789, -0.0112110460177, 0.0186730250716, -0.00857830047607], [0.000255674502114, -0.00080938852625, 0.00074540253263, -0.00101527210791, -0.000534367107321, 0.00179598166142, -0.000228760356549, -0.00107834034134, -0.000751793384552, -0.000828844611533, 0.00255218497477, -0.00857830047607, 0.0132128428668]], "cov": [[25769.5820312, 477.547058105, -2206.52368164, -563.707702637, -863.480895996, 428.89944458, -487.146911621, 85.1789474487, -219.663528442, 1.69736051559, -424.398620605, -66.0865936279, -456.258605957], [477.547058105, 1921.20910645, 510.263702393, 322.046020508, 417.799591064, 197.589401245, 317.697692871, 123.476898193, 259.428131104, 15.772395134, 147.790435791, 13.3919115067, 105.922637939], [-2206.52368164, 510.263702393, 2034.70935059, 673.480834961, 517.190185547, 99.8495178223, 316.658966064, 66.9572601318, 179.535293579, 133.764083862, 182.579544067, 153.348983765, 112.108001709], [-563.707702637, 322.046020508, 673.480834961, 717.776062012, 334.018127441, 148.086776733, 169.497055054, 74.6259307861, 90.4375305176, 67.6973266602, 85.8527908325, 31.801990509, 63.6561698914], [-863.480895996, 417.799591064, 517.190185547, 334.018127441, 671.427185059, 254.748306274, 280.313598633, 130.102355957, 162.912994385, 69.0797805786, 111.048835754, 51.2811546326, 72.2359695435], [428.89944458, 197.589401245, 99.8495178223, 148.086776733, 254.748306274, 317.67086792, 202.251266479, 111.614173889, 84.4936141968, 40.842086792, 52.6561965942, 30.618768692, 6.36150360107], [-487.146911621, 317.697692871, 316.658966064, 169.497055054, 280.313598633, 202.251266479, 329.427856445, 152.918823242, 121.575538635, 43.5879974365, 95.7510070801, 59.9409942627, 56.1494178772], [85.1789474487, 123.476898193, 66.9572601318, 74.6259307861, 130.102355957, 111.614173889, 152.918823242, 191.178710938, 132.011749268, 60.012802124, 54.5742034912, 31.365524292, 37.3112258911], [-219.663528442, 259.428131104, 179.535293579, 90.4375305176, 162.912994385, 84.4936141968, 121.575538635, 132.011749268, 255.797866821, 112.642044067, 79.8917236328, 42.5185432434, 58.7392921448], [1.69736051559, 15.772395134, 133.764083862, 67.6973266602, 69.0797805786, 40.842086792, 43.5879974365, 60.012802124, 112.642044067, 145.604187012, 88.6731719971, 43.1023139954, 27.8822612762], [-424.398620605, 147.790435791, 182.579544067, 85.8527908325, 111.048835754, 52.6561965942, 95.7510070801, 54.5742034912, 79.8917236328, 88.6731719971, 154.093017578, 88.619682312, 54.8869056702], [-66.0865936279, 13.3919115067, 153.348983765, 31.801990509, 51.2811546326, 30.618768692, 59.9409942627, 31.365524292, 42.5185432434, 43.1023139954, 88.619682312, 142.694152832, 78.0493392944], [-456.258605957, 105.922637939, 112.108001709, 63.6561698914, 72.2359695435, 6.36150360107, 56.1494178772, 37.3112258911, 58.7392921448, 27.8822612762, 54.8869056702, 78.0493392944, 140.804092407]]}, "spectral_energyband_middle_low": {"dmean2": 0.00956393126398, "median": 0.00554647855461, "min": 1.37752835023e-22, "dvar2": 0.000499405607115, "dvar": 0.000189356404007, "dmean": 0.00589089561254, "max": 0.19259481132, "var": 0.000228324701311, "mean": 0.0101654632017}, "melbands_crest": {"dmean2": 5.105448246, "median": 17.7753162384, "min": 1.58642196655, "dvar2": 27.3641662598, "dvar": 12.9214696884, "dmean": 3.4092361927, "max": 38.761554718, "var": 77.4169311523, "mean": 19.0451908112}, "spectral_kurtosis": {"dmean2": 1.76754689217, "median": 3.62007498741, "min": -1.25205624104, "dvar2": 3.43482351303, "dvar": 1.65867757797, "dmean": 1.15898418427, "max": 23.8235111237, "var": 6.11880540848, "mean": 3.94293189049}, "spectral_rms": {"dmean2": 0.0014235827839, "median": 0.00449353316799, "min": 3.10875392269e-12, "dvar2": 3.85668408853e-06, "dvar": 2.48502942668e-06, "dmean": 0.00111640698742, "max": 0.0203153975308, "var": 1.45486610563e-05, "mean": 0.00528604676947}, "zerocrossingrate": {"dmean2": 0.0189669970423, "median": 0.04443359375, "min": 0.00146484375, "dvar2": 0.000638989382423, "dvar": 0.000494967389386, "dmean": 0.0167989395559, "max": 0.53125, "var": 0.0043711848557, "mean": 0.0624807365239}, "silence_rate_60dB": {"dmean2": 0.0587362796068, "median": 0, "min": 0, "dvar2": 0.0644951090217, "dvar": 0.0285037308931, "dmean": 0.0293659623712, "max": 1, "var": 0.0917967185378, "mean": 0.102254189551}, "erbbands_kurtosis": {"dmean2": 2.94051814079, "median": 0.897229790688, "min": -1.84657227993, "dvar2": 22.2027835846, "dvar": 9.94257545471, "dmean": 1.90047359467, "max": 92.2329177856, "var": 21.9038219452, "mean": 2.27352666855}, "erbbands": {"dmean2": [0.620994508266, 2.79402184486, 6.78320837021, 10.0057725906, 9.51017379761, 6.57287931442, 7.38318061829, 23.2361774445, 13.5526685715, 16.334695816, 33.1022491455, 47.3341598511, 71.9640655518, 30.7684230804, 19.6115970612, 19.092010498, 23.8480796814, 33.6665039062, 27.9998416901, 22.5928459167, 11.3514881134, 11.0166521072, 8.21278381348, 7.83940458298, 8.55576705933, 7.27073764801, 4.83645677567, 6.0759139061, 7.8915014267, 4.52957487106, 5.59436178207, 5.29714250565, 2.2090280056, 1.96016645432, 1.27487897873, 0.720428586006, 0.282843947411, 0.0877131298184, 0.0088523523882, 0.000295014557196], "median": [0.168478101492, 0.483011215925, 0.245601028204, 0.385495871305, 1.52901184559, 2.30131244659, 2.99245023727, 3.62466979027, 3.94451808929, 4.58141040802, 7.87794542313, 10.7754745483, 9.71246623993, 5.74905490875, 4.45229911804, 3.5340256691, 3.42896556854, 3.39989638329, 3.73276948929, 2.93598031998, 2.54152107239, 2.80527877808, 2.01012659073, 1.64077925682, 1.34923756123, 1.11383843422, 1.21345806122, 1.68390762806, 1.56373810768, 1.19247221947, 0.897796988487, 0.694802761078, 0.407863944769, 0.318048894405, 0.15298768878, 0.0397634468973, 0.0151201132685, 0.00353540037759, 0.000535642262548, 5.2930219681e-05], "min": [5.95603551849e-23, 3.20379864867e-22, 2.20514880638e-21, 5.54965408823e-21, 1.30816214728e-20, 2.4380314912e-20, 4.10132465134e-20, 5.11771862849e-20, 1.20393785862e-19, 1.50882280298e-19, 2.40796153723e-19, 3.07820479108e-19, 4.40302191304e-19, 7.73915609477e-19, 8.45181717043e-19, 9.57311735942e-19, 1.44870044678e-18, 1.77067626092e-18, 2.41828278672e-18, 2.45477530701e-18, 3.47389677006e-18, 4.9342895182e-18, 5.31420075224e-18, 7.03568313456e-18, 6.72354611683e-18, 8.67225087751e-18, 8.71490610016e-18, 1.02325583582e-17, 1.00755702313e-17, 1.03931389306e-17, 1.16242417624e-17, 1.06357840914e-17, 9.51988104917e-18, 7.66637443723e-18, 6.50413687294e-18, 3.93649628686e-18, 2.28508251307e-18, 9.76712947016e-19, 2.32526984236e-19, 2.86507252972e-20], "dvar2": [3.5787050724, 102.051597595, 884.169006348, 1831.27697754, 925.447143555, 205.515197754, 381.296569824, 8073.35693359, 1934.1907959, 1938.51916504, 6486.27001953, 18585.7226562, 34301.2695312, 5863.99365234, 2648.10058594, 2554.88867188, 3247.10058594, 8028.91601562, 5553.83496094, 3567.64257812, 805.112182617, 598.86126709, 398.213287354, 606.665100098, 772.779296875, 640.749938965, 154.488113403, 245.502639771, 451.188568115, 144.288040161, 207.821456909, 161.913421631, 21.5933322906, 16.5244522095, 7.65182304382, 2.98448586464, 0.432065933943, 0.0428266301751, 0.000368023698684, 4.2894552621e-07], "dvar": [2.49633932114, 52.4833984375, 330.373931885, 653.927307129, 321.82913208, 73.5279846191, 179.38079834, 3300.27709961, 753.992126465, 861.14654541, 2864.90209961, 8099.12646484, 13333.2333984, 2235.02978516, 1045.85876465, 1085.9744873, 1247.55505371, 2947.45117188, 2027.60974121, 1249.37231445, 306.720916748, 308.979095459, 171.823760986, 281.207458496, 351.588104248, 286.983795166, 78.7833023071, 123.97869873, 185.007141113, 60.5969963074, 87.1213302612, 62.0245552063, 10.483748436, 7.46634340286, 3.2720656395, 1.15664434433, 0.167950883508, 0.0171740725636, 0.000163401186001, 1.74441737499e-07], "dmean": [0.568802058697, 2.11483383179, 4.03017711639, 5.5941119194, 5.25822210312, 3.8655796051, 4.94687318802, 15.1359186172, 8.43938732147, 10.7353162766, 21.6398563385, 31.3088111877, 42.6295623779, 18.4626464844, 12.0271949768, 11.9368276596, 14.4812803268, 20.072555542, 16.5748634338, 13.3273935318, 7.06367588043, 7.57513189316, 5.37380313873, 5.54790782928, 6.01490545273, 5.13890504837, 3.54514718056, 4.2400393486, 4.85636520386, 2.98945617676, 3.57950639725, 3.18468499184, 1.56148386002, 1.27591621876, 0.842781305313, 0.437921434641, 0.165674328804, 0.0533977746964, 0.00577133474872, 0.000189049213077], "max": [19.0342960358, 88.8027114868, 204.739318848, 285.744232178, 210.532867432, 179.952255249, 292.592590332, 1315.00244141, 1101.02697754, 836.779174805, 1731.68579102, 3708.07519531, 3215.50170898, 1255.99108887, 713.747375488, 960.938110352, 597.907714844, 1331.2512207, 1552.49963379, 806.217529297, 529.270996094, 629.246276855, 378.983154297, 603.725402832, 700.346496582, 520.355957031, 414.813873291, 625.664733887, 737.090087891, 261.094818115, 476.976715088, 138.74269104, 52.4020881653, 63.83045578, 21.973947525, 8.87274456024, 3.01574587822, 0.878756582737, 0.0877982899547, 0.00374703924172], "var": [7.3428235054, 94.7946777344, 235.752441406, 405.894256592, 203.905471802, 93.2262878418, 339.288635254, 4001.23999023, 1066.02709961, 1698.0982666, 5442.38769531, 15693.6777344, 18961.5117188, 2975.29663086, 1620.91223145, 2039.35009766, 2233.72973633, 4030.93701172, 2762.08398438, 1844.03356934, 668.571411133, 965.856079102, 383.001037598, 474.324890137, 579.245178223, 419.485748291, 225.907089233, 370.10559082, 370.014801025, 111.307975769, 132.120697021, 67.7176818848, 17.2194805145, 11.3920869827, 4.06032514572, 1.04554033279, 0.149056434631, 0.0156590323895, 0.000183160198503, 1.82421629802e-07], "mean": [1.06607675552, 3.59199881554, 3.45906567574, 4.26999473572, 5.12243175507, 5.57662343979, 8.39850997925, 19.7993526459, 13.0853748322, 17.4728088379, 34.5505905151, 51.1093826294, 56.8031196594, 24.6872158051, 18.1547927856, 19.0431365967, 21.581741333, 27.9255771637, 23.3874130249, 19.0693969727, 13.2294797897, 13.9539060593, 9.08917140961, 8.12389373779, 8.44859409332, 6.73875904083, 5.71661949158, 6.95855712891, 6.82528400421, 4.49130392075, 4.69637584686, 3.67658877373, 2.02271819115, 1.56843400002, 0.937701940536, 0.399121254683, 0.146815121174, 0.0478423461318, 0.00593183236197, 0.000219242981984]}, "spectral_strongpeak": {"dmean2": 0.644598662853, "median": 0.427676916122, "min": 0, "dvar2": 1.15031373501, "dvar": 0.481867074966, "dmean": 0.393383234739, "max": 13.1729450226, "var": 0.933012545109, "mean": 0.796070039272}, "spectral_energy": {"dmean2": 0.0219778772444, "median": 0.0206966362894, "min": 9.90596039456e-21, "dvar2": 0.00179301109165, "dvar": 0.00116514845286, "dmean": 0.0175141599029, "max": 0.423033237457, "var": 0.00477148173377, "mean": 0.0435533002019}, "average_loudness": 0.810584127903, "spectral_rolloff": {"dmean2": 1140.41333008, "median": 710.595703125, "min": 43.06640625, "dvar2": 6291543.5, "dvar": 2720360, "dmean": 688.636474609, "max": 20155.078125, "var": 6711732, "mean": 1533.97521973}, "spectral_centroid": {"dmean2": 385.887207031, "median": 956.901733398, "min": 126.232124329, "dvar2": 289806.1875, "dvar": 148852.46875, "dmean": 267.641906738, "max": 11791.6972656, "var": 1395793.25, "mean": 1249.41113281}, "pitch_salience": {"dmean2": 0.114619359374, "median": 0.480283051729, "min": 0.0187477637082, "dvar2": 0.0142337437719, "dvar": 0.00648994930089, "dmean": 0.0756922513247, "max": 0.921047747135, "var": 0.0356101244688, "mean": 0.456746548414}, "spectral_energyband_middle_high": {"dmean2": 0.00382958515547, "median": 0.00122735113837, "min": 1.16098454238e-21, "dvar2": 8.81566229509e-05, "dvar": 3.07009977405e-05, "dmean": 0.00235720258206, "max": 0.102333024144, "var": 5.03501760249e-05, "mean": 0.00427724141628}, "spectral_contrast_coeffs": {"dmean2": [0.0801953077316, 0.0816672742367, 0.0707261711359, 0.0538069531322, 0.0359653159976, 0.0267386175692], "median": [-0.671446740627, -0.710733890533, -0.754281759262, -0.791988730431, -0.812386393547, -0.788270533085], "min": [-0.988880872726, -0.975718080997, -0.976401925087, -0.968242108822, -0.96848487854, -0.965682089329], "dvar2": [0.00477444799617, 0.00473657622933, 0.00367911555804, 0.0020207054913, 0.000867552589625, 0.000561044376809], "dvar": [0.00204799161293, 0.00199498957954, 0.00151553377509, 0.000882120570168, 0.000380755023798, 0.00024168836535], "dmean": [0.0510694570839, 0.0517007298768, 0.0442550368607, 0.0336787290871, 0.0229172036052, 0.0170789379627], "max": [-0.253815114498, -0.294943183661, -0.40332069993, -0.507181584835, -0.606571495533, -0.596535801888], "var": [0.0163110382855, 0.00963906757534, 0.00780506851152, 0.00459036743268, 0.00189542036969, 0.00131930084899], "mean": [-0.646177768707, -0.705239415169, -0.745841264725, -0.781946122646, -0.809209048748, -0.788714945316]}, "melbands_skewness": {"dmean2": 1.7536393404, "median": 2.6514275074, "min": -1.24646449089, "dvar2": 6.76341962814, "dvar": 3.30743789673, "dmean": 1.21600270271, "max": 44.1639175415, "var": 14.756234169, "mean": 3.83622956276}, "spectral_spread": {"dmean2": 1327625.75, "median": 5480747, "min": 2239411.5, "dvar2": 2594604056580.0, "dvar": 1414972440580.0, "dmean": 928126.625, "max": 42500672, "var": 13999673442300.0, "mean": 6247378}, "dissonance": {"dmean2": 0.0446091406047, "median": 0.455911755562, "min": 0.20422565937, "dvar2": 0.00179581553675, "dvar": 0.000698733027093, "dmean": 0.0268505867571, "max": 0.499999880791, "var": 0.00178090948611, "mean": 0.446406602859}, "spectral_skewness": {"dmean2": 0.31485503912, "median": 1.61115312576, "min": -0.211772561073, "dvar2": 0.0966495200992, "dvar": 0.0518524684012, "dmean": 0.212357610464, "max": 4.03710889816, "var": 0.256167322397, "mean": 1.64759719372}, "spectral_flux": {"dmean2": 0.0503376126289, "median": 0.068520180881, "min": 6.27775956219e-11, "dvar2": 0.00425786199048, "dvar": 0.00269733788446, "dmean": 0.0348531417549, "max": 0.621400475502, "var": 0.00764065748081, "mean": 0.0918964445591}, "spectral_contrast_valleys": {"dmean2": [0.678542494774, 0.66906696558, 0.703504621983, 0.596446752548, 0.504831075668, 0.544266939163], "median": [-7.55425834656, -7.13402509689, -7.69042682648, -8.30030632019, -8.16957092285, -10.0334300995], "min": [-28.6096324921, -27.994052887, -27.8645915985, -27.8698501587, -27.5667533875, -27.4203357697], "dvar2": [0.449322670698, 0.38907533884, 0.544238626957, 0.429996430874, 0.300025582314, 0.420512676239], "dvar": [0.252599567175, 0.181974455714, 0.254102736712, 0.230099141598, 0.179727867246, 0.257176160812], "dmean": [0.451663404703, 0.429056614637, 0.440611541271, 0.395007401705, 0.373235225677, 0.433959186077], "max": [-4.79537153244, -4.42826366425, -4.77689361572, -4.74325942993, -4.98185491562, -7.51517343521], "var": [6.31377887726, 5.18599939346, 5.31875610352, 5.33029174805, 4.83334350586, 4.16834211349], "mean": [-8.21805858612, -7.50740194321, -8.02697944641, -8.52365016937, -8.37628173828, -10.2465677261]}, "erbbands_flatness_db": {"dmean2": 0.0325395874679, "median": 0.14139175415, "min": 0.0261206384748, "dvar2": 0.0010342480382, "dvar": 0.000479966722196, "dmean": 0.0221423897892, "max": 0.428344458342, "var": 0.00222449423745, "mean": 0.145673960447}, "spectral_energyband_high": {"dmean2": 0.000970834225882, "median": 0.000228276432608, "min": 7.18643610973e-21, "dvar2": 4.21916001869e-06, "dvar": 1.97911413125e-06, "dmean": 0.000644497049507, "max": 0.0339336432517, "var": 3.96883160647e-06, "mean": 0.000952216738369}, "spectral_entropy": {"dmean2": 0.325500547886, "median": 7.53957986832, "min": 4.87259674072, "dvar2": 0.121311172843, "dvar": 0.0649377927184, "dmean": 0.227283164859, "max": 9.82067012787, "var": 0.334931641817, "mean": 7.57764196396}, "silence_rate_20dB": {"dmean2": 0.0264016613364, "median": 1, "min": 0, "dvar2": 0.0332720801234, "dvar": 0.0130241615698, "dmean": 0.0131998518482, "max": 1, "var": 0.0093296058476, "mean": 0.990582823753}, "melbands_flatness_db": {"dmean2": 0.0448994524777, "median": 0.226643890142, "min": 0.00330201885663, "dvar2": 0.00248289690353, "dvar": 0.00145900913049, "dmean": 0.0340778008103, "max": 0.650639414787, "var": 0.0138773433864, "mean": 0.24462673068}, "barkbands": {"dmean2": [0.00199424149469, 0.0135765215382, 0.00641935970634, 0.00345795182511, 0.00213726656511, 0.00209214608185, 0.000965897110291, 0.00123653293122, 0.00223459210247, 0.00208802544512, 0.000478441739688, 0.000485497032059, 0.00053403939819, 0.000726990168914, 0.000480140937725, 0.000263725436525, 0.000204686657526, 0.000146932361531, 0.000166856494616, 0.000162991520483, 0.000122778728837, 0.000191584927961, 0.000174888511538, 0.000178023212356, 0.000178777481779, 0.000153933127876, 5.7221212046e-05], "median": [8.85307963472e-05, 0.00392365967855, 9.70774563029e-05, 0.000144194200402, 0.000857867766172, 0.000387739972211, 0.000224578048801, 0.000211405145819, 0.000451890577096, 0.000177753623575, 9.14045231184e-05, 7.99057306722e-05, 6.35606993455e-05, 7.43959972169e-05, 5.17757871421e-05, 4.01365068683e-05, 4.80836970382e-05, 3.0548129871e-05, 2.85178230115e-05, 2.22838225454e-05, 3.75548625016e-05, 4.26253936894e-05, 3.36899975082e-05, 2.84717134491e-05, 2.59447333519e-05, 8.36974504637e-06, 2.52709583037e-06], "min": [1.20308560358e-25, 2.45893702842e-24, 1.56692644617e-24, 6.32622664207e-25, 7.83607328251e-24, 4.44828488148e-24, 6.38577932953e-24, 6.85337584224e-24, 1.17938270982e-23, 5.57808476462e-24, 7.17375907712e-24, 2.41251540405e-23, 2.45060918162e-23, 2.77812766338e-23, 4.03471555891e-23, 5.51078727746e-23, 6.76170231644e-23, 9.2024600453e-23, 1.29569873568e-22, 1.95234996107e-22, 2.45587217759e-22, 3.18077880393e-22, 4.07878700887e-22, 6.00622335416e-22, 8.20330573592e-22, 1.31033618231e-21, 1.98211215578e-21], "dvar2": [4.