{"metadata": {"tags": {"label": ["Vertigo"], "mood": ["Lovely"], "catalognumber": ["842 563-2"], "genre": ["Hard Rock", "Lullaby"], "originalyear": ["1980"], "asin": ["B00006JNGJ"], "album": ["Solo in Soho"], "musicbrainz album type": ["album"], "script": ["Latn"], "albumartistsort": ["Lynott, Phil"], "musicbrainz album release country": ["GB"], "acoustid_id": ["b50ab3ec-ab42-4357-a991-67cb43c2b986"], "musicbrainz_artistid": ["6af15841-1d62-495a-8b52-74eb6d603c5f"], "musicbrainz_releasegroupid": ["2caf2d06-cb0f-3006-9e50-416aa727a09a"], "musicbrainz_recordingid": ["1f3843f7-ef40-44ac-b880-09bcbc6e93d2"], "albumartist": ["Phil Lynott"], "barcode": ["042284256322"], "contentgroup": ["Rock"], "originaldate": ["1980-09-17"], "musicbrainz album status": ["official"], "artist": ["Phil Lynott"], "musicbrainz_albumid": ["403c5ace-ab90-4d5d-b76e-ffab3d634830"], "artistsort": ["Lynott, Phil"], "title": ["A Child's Lullaby"], "tracknumber": ["3/10"], "musicbrainz_albumartistid": ["6af15841-1d62-495a-8b52-74eb6d603c5f"], "discnumber": ["1/1"], "date": ["2002"], "media": ["CD"], "file_name": "03 - A Child's Lullaby.mp3"}, "audio_properties": {"sample_rate": 44100, "downmix": "mix", "lossless": false, "analysis_sample_rate": 44100, "md5_encoded": "483e03c1c132e3c413e83e7b1d368f86", "equal_loudness": 0, "replay_gain": -5.77007293701, "codec": "mp3", "bit_rate": 320000, "length": 165.041625977}, "version": {"extractor": "music 1.0", "essentia_build_sha": "2d9f1f26377add8aeb1075a9c2973f962c4f09fd", "essentia_git_sha": "v2.1_beta2-1-ge3940c0", "essentia": "2.1-beta2"}}, "rhythm": {"beats_loudness_band_ratio": {"dvar2": [0.0815348699689, 0.0543185435236, 0.0727371051908, 0.0246916525066, 0.00451586116105, 0.00182368594687], "var": [0.0521269738674, 0.0275067295879, 0.0291299466044, 0.00663923984393, 0.00122598954476, 0.000400728691602], "min": [0.0396120585501, 0.00024598184973, 0.000101229590655, 3.89832421206e-05, 2.58211457549e-05, 4.25318721682e-05], "dmean": [0.219216316938, 0.166406109929, 0.149833649397, 0.0621449127793, 0.0254229865968, 0.00847802497447], "mean": [0.564382016659, 0.217407926917, 0.162452891469, 0.063284508884, 0.0282624103129, 0.0072542252019], "max": [0.999609172344, 0.867177307606, 0.82310718298, 0.527889788151, 0.37533813715, 0.289007782936], "dmean2": [0.386570543051, 0.291398108006, 0.266132324934, 0.110693365335, 0.0457970686257, 0.0153805883601], "median": [0.575010240078, 0.171488717198, 0.0922296196222, 0.0354761332273, 0.0174028463662, 0.00303411576897], "dvar": [0.0303396824747, 0.0209425166249, 0.0260746218264, 0.00886677205563, 0.00159825582523, 0.000642025144771]}, "bpm_histogram_first_peak_weight": {"dvar2": 0, "var": 0, "min": 0.664634168148, "dmean": 0, "mean": 0.664634168148, "max": 0.664634168148, "dmean2": 0, "median": 0.664634168148, "dvar": 0}, "bpm": 120.285369873, "beats_count": 329, "bpm_histogram_first_peak_spread": {"dvar2": 0, "var": 0, "min": 0.307936519384, "dmean": 0, "mean": 0.307936519384, "max": 0.307936519384, "dmean2": 0, "median": 0.307936519384, "dvar": 0}, "danceability": 1.07190978527, "bpm_histogram_first_peak_bpm": {"dvar2": 0, "var": 0, "min": 120, "dmean": 0, "mean": 120, "max": 120, "dmean2": 0, "median": 120, "dvar": 0}, "beats_position": [0.487619042397, 0.986848056316, 1.48607707024, 1.98530614376, 2.49614500999, 2.99537420273, 3.49460315704, 3.99383211136, 4.49306106567, 4.99229001999, 5.4915189743, 5.99074840546, 6.48997735977, 6.98920631409, 7.4884352684, 7.98766422272, 8.47528362274, 8.97451210022, 9.47374153137, 9.97297000885, 10.47219944, 10.9830379486, 11.4938774109, 12.0163259506, 12.5503854752, 13.084444046, 13.6185035706, 14.1525621414, 14.6750106812, 15.1974601746, 15.7082986832, 16.2075271606, 16.7067565918, 17.2059860229, 17.693605423, 18.181224823, 18.6804523468, 19.179681778, 19.6905212402, 20.1897506714, 20.6773700714, 21.1765975952, 21.6758270264, 22.1750564575, 22.6742858887, 23.1735134125, 23.6611328125, 24.1603622437, 24.6595916748, 25.158821106, 25.6580486298, 26.1572780609, 26.6565074921, 27.1557369232, 27.6549663544, 28.1541938782, 28.6534233093, 29.1526527405, 29.6518821716, 30.1394996643, 30.6387290955, 31.1495685577, 31.66040802, 32.1596374512, 32.6472549438, 33.1348762512, 33.6341018677, 34.1333312988, 34.6209526062, 35.1201820374, 35.6194114685, 36.118637085, 36.6178665161, 37.1170959473, 37.6163253784, 38.1155548096, 38.6147842407, 39.1256217957, 39.6248512268, 40.124080658, 40.6233100891, 41.1225395203, 41.6101570129, 42.1093864441, 42.6086158752, 43.0962333679, 43.5954627991, 44.0946922302, 44.5823135376, 45.0815429688, 45.5807685852, 46.0683898926, 46.5676193237, 47.0668487549, 47.5776863098, 48.0653038025, 48.5645332336, 49.0637626648, 49.5629920959, 50.0622215271, 50.573059082, 51.0839004517, 51.5831298828, 52.0823554993, 52.5699768066, 53.0575942993, 53.5568237305, 54.0560531616, 54.5552825928, 55.0545120239, 55.5537414551, 56.0529708862, 56.5405883789, 57.0398178101, 57.5390472412, 58.0382766724, 58.5375061035, 59.03673172, 59.5359611511, 60.0351905823, 60.5344200134, 61.0220413208, 61.5212669373, 62.0204963684, 62.5081176758, 63.0189552307, 63.5181846619, 64.0174102783, 64.5050354004, 65.0042648315, 65.5034942627, 66.0143280029, 66.5251693726, 67.0127868652, 67.5120162964, 67.9996337891, 68.4872512817, 68.9864807129, 69.485710144, 69.9849395752, 70.4841690063, 70.9833984375, 71.4710159302, 71.9702453613, 72.4694747925, 72.9570999146, 73.4563217163, 73.9555511475, 74.4547805786, 74.9540100098, 75.4532394409, 75.9524688721, 76.4516983032, 76.9509277344, 77.4501571655, 77.9493865967, 78.4486160278, 78.9362335205, 79.4354629517, 79.9346923828, 80.433921814, 80.9331512451, 81.4323806763, 81.9199981689, 82.4192276001, 82.9184570313, 83.4292984009, 83.9401321411, 84.4161453247, 84.9153747559, 85.4029922485, 85.9138336182, 86.4130630493, 86.9122848511, 87.4115142822, 87.8991394043, 88.3983688354, 88.8975982666, 89.3968200684, 89.8844451904, 90.3836746216, 90.8945083618, 91.393737793, 91.8813552856, 92.3805847168, 92.8798141479, 93.3906555176, 93.9014968872, 94.3891143799, 94.8767318726, 95.3759613037, 95.8751907349, 96.374420166, 96.8736495972, 97.3612670898, 97.8488845825, 98.3481140137, 98.8473434448, 99.346572876, 99.8458023071, 100.345031738, 100.844261169, 101.343490601, 101.842720032, 102.341949463, 102.841178894, 103.352012634, 103.862854004, 104.373695374, 104.884536743, 105.395370483, 105.906211853, 106.417053223, 106.939498901, 107.46194458, 107.97278595, 108.495239258, 109.017684937, 109.540130615, 110.050971985, 110.550201416, 111.037818909, 111.53704834, 112.036277771, 112.547119141, 113.046348572, 113.545578003, 114.044807434, 114.544036865, 115.043266296, 115.542495728, 116.053329468, 116.552558899, 117.040176392, 117.539405823, 118.038635254, 118.537864685, 119.025482178, 119.524711609, 120.012336731, 120.511566162, 120.999183655, 121.498413086, 121.997642517, 122.508476257, 123.007705688, 123.50693512, 124.006164551, 124.505393982, 125.004623413, 125.503852844, 126.014694214, 126.502311707, 126.989929199, 127.477546692, 127.965164185, 128.464401245, 128.963623047, 129.474472046, 129.973693848, 130.472915649, 130.960540771, 131.459777832, 131.958999634, 132.458221436, 132.957458496, 133.456680298, 133.955917358, 134.45513916, 134.954376221, 135.441986084, 135.941223145, 136.440444946, 136.939682007, 137.438903809, 137.938140869, 138.437362671, 138.94821167, 139.447433472, 139.946670532, 140.434280396, 140.921905518, 141.421127319, 141.92036438, 142.419586182, 142.918823242, 143.406433105, 143.905670166, 144.404891968, 144.904129028, 145.40335083, 145.902587891, 146.401809692, 146.912643433, 147.411880493, 147.911102295, 148.398727417, 148.897949219, 149.385574341, 149.884811401, 150.384033203, 150.883255005, 151.382492065, 151.881713867, 152.369338989, 152.86857605, 153.367797852, 153.867019653, 154.366256714, 154.865478516, 155.364715576, 155.863937378, 156.3515625, 156.850784302, 157.350021362, 157.849243164, 158.348480225, 158.847702026, 159.358551025, 159.869384766, 160.380218506, 160.891067505, 161.390289307, 161.901138306, 162.400360107, 162.911193848, 163.422042847, 163.932876587, 164.432098389], "beats_loudness": {"dvar2": 0.0015703891404, "var": 0.000618581019808, "min": 3.14423391501e-06, "dmean": 0.0214223302901, "mean": 0.0330674722791, "max": 0.196405440569, "dmean2": 0.0376041866839, "median": 0.027697943151, "dvar": 0.000535720551852}, "bpm_histogram_second_peak_weight": {"dvar2": 0, "var": 0, "min": 0.0243902429938, "dmean": 0, "mean": 0.0243902429938, "max": 0.0243902429938, "dmean2": 0, "median": 0.0243902429938, "dvar": 0}, "bpm_histogram_second_peak_spread": {"dvar2": 0, "var": 0, "min": 0.333333343267, "dmean": 0, "mean": 0.333333343267, "max": 0.333333343267, "dmean2": 0, "median": 0.333333343267, "dvar": 0}, "bpm_histogram_second_peak_bpm": {"dvar2": 0, "var": 0, "min": 115, "dmean": 0, "mean": 115, "max": 115, "dmean2": 0, "median": 115, "dvar": 0}, "onset_rate": 2.85958266258}, "lowlevel": {"spectral_energyband_high": {"dvar2": 4.69094985078e-08, "var": 8.71930225799e-08, "min": 7.71234688032e-21, "dmean": 4.02852310799e-05, "mean": 8.66152986418e-05, "max": 0.0061464025639, "dmean2": 5.18779270351e-05, "median": 2.71423086815e-05, "dvar": 3.0878489099e-08}, "spectral_energyband_middle_low": {"dvar2": 0.000184660879313, "var": 0.000241870598984, "min": 4.63863035993e-22, "dmean": 0.00565766822547, "mean": 0.0155552746728, "max": 0.134065568447, "dmean2": 0.0087369941175, "median": 0.0106196654961, "dvar": 7.38095841371e-05}, "spectral_energy": {"dvar2": 0.000305823428789, "var": 0.00057894870406, "min": 1.07860377533e-20, "dmean": 0.00842444878072, "mean": 0.029255118221, "max": 0.286486685276, "dmean2": 0.0132155437022, "median": 0.0233726017177, "dvar": 0.000121134173241}, "spectral_spread": {"dvar2": 470951395328, "var": 1827741630460.0, "min": 823229.0625, "dmean": 328908.90625, "mean": 3002568.5, "max": 41334140, "dmean2": 498941.09375, "median": 2698541.75, "dvar": 326528106496}, "spectral_energyband_low": {"dvar2": 0.000155155692482, "var": 0.000178819958819, "min": 4.95162625953e-23, "dmean": 0.00507169635966, "mean": 0.0133941341192, "max": 0.220031455159, "dmean2": 0.00827793125063, "median": 0.00988581310958, "dvar": 5.53595709789e-05}, "spectral_rolloff": {"dvar2": 454406.28125, "var": 310342.90625, "min": 21.533203125, "dmean": 179.159179688, "mean": 549.934082031, "max": 18949.21875, "dmean2": 305.632720947, "median": 452.197265625, "dvar": 237079.1875}, "barkbands": {"dvar2": [6.95968171982e-09, 3.71763562725e-05, 6.86964049237e-05, 3.40729457093e-05, 3.0601004255e-05, 1.38571640491e-05, 5.48408643226e-05, 2.35613224504e-05, 4.37892849732e-05, 1.5337660443e-05, 7.97899588179e-07, 5.92403807786e-07, 5.66242249533e-07, 4.85768282488e-07, 1.55909731347e-07, 1.07562335927e-07, 4.09892692232e-07, 1.91633944269e-08, 1.5579159296e-08, 4.76269823579e-09, 3.64933683272e-09, 6.74361810837e-09, 6.12237860409e-09, 8.43165259834e-10, 1.47836298758e-10, 1.04920334573e-11, 1.58870020004e-12], "var": [3.88215770641e-09, 4.05286591558e-05, 6.31097063888e-05, 2.49124168477e-05, 1.65282326634e-05, 2.12938793993e-05, 4.90451384394e-05, 1.13782016342e-05, 2.71358912869e-05, 1.00294937511e-05, 5.94150662891e-07, 4.63896896008e-07, 5.36249274319e-07, 4.48511286777e-07, 1.31787899704e-07, 8.36920079905e-08, 2.84346441504e-07, 1.58127928529e-08, 1.20070522414e-08, 5.20642906565e-09, 4.38433556127e-09, 7.53342188631e-09, 6.86385215332e-09, 1.50748524774e-09, 3.10195230613e-10, 2.07202484337e-11, 2.64839018771e-12], "min": [4.4056461607e-24, 3.41168489111e-23, 7.05014930643e-24, 9.70143507824e-24, 9.68422244883e-23, 1.37236238415e-22, 1.89209771176e-23, 1.1390615046e-22, 6.54509184037e-23, 4.89360333114e-23, 3.09480167429e-23, 1.44994578133e-22, 1.16266939781e-22, 1.12872843648e-22, 1.30633788183e-22, 1.49776034473e-22, 1.31551896059e-22, 1.58330113963e-22, 4.03725783672e-22, 2.85663547933e-22, 3.57057428852e-22, 3.71028950655e-22, 6.20513343234e-22, 8.64143226693e-22, 1.37354653379e-21, 1.58194838833e-21, 2.66999098915e-21], "dmean": [3.09086099151e-05, 0.00207400531508, 0.00286533706822, 0.00200872239657, 0.00180307554547, 0.0013475031592, 0.00184728205204, 0.000889262068085, 0.00103357154876, 0.000536121602636, 0.000197355242562, 0.000201681104954, 0.000171113730175, 0.000170985134901, 0.00011171069491, 8.39893400553e-05, 0.000145341778989, 3.80098827009e-05, 2.93543198495e-05, 1.6194428099e-05, 1.27939820231e-05, 1.23890577015e-05, 9.30793612497e-06, 4.09806261814e-06, 2.11433371078e-06, 6.69857229241e-07, 1.50933004761e-07], "mean": [4.23081146437e-05, 0.00488414661959, 0.00613357545808, 0.0037083637435, 0.00318560330197, 0.00270746625029, 0.00296934763901, 0.00128585938364, 0.00154089136049, 0.000813364051282, 0.00031233188929, 0.000333654839778, 0.000288222974632, 0.000296881305985, 0.000190783437574, 0.000139710842632, 0.000191478538909, 7.15465066605e-05, 5.44807080587e-05, 3.17011617881e-05, 2.37870517594e-05, 2.18544755626e-05, 1.5564946807e-05, 7.09143296262e-06, 3.75007448383e-06, 1.13840701488e-06, 2.34225680629e-07], "max": [0.00096016866155, 0.0941592156887, 0.119306519628, 0.073623239994, 0.0656280145049, 0.0671241357923, 0.100206166506, 0.0888210982084, 0.0907332003117, 0.0617620833218, 0.0157771427184, 0.0114612951875, 0.0155489072204, 0.0147970868275, 0.00502182403579, 0.00584737444296, 0.0101174740121, 0.00254099583253, 0.0022381413728, 0.00118802359793, 0.00114173500333, 0.00227037980221, 0.00248482939787, 0.000998938689008, 0.000453191692941, 8.18974585854e-05, 4.85567579744e-05], "dmean2": [5.31966215931e-05, 0.00335297058336, 0.00467678485438, 0.00337098306045, 0.00295402738266, 0.00193599122576, 0.00277799228206, 0.00139810936525, 0.00164537678938, 0.00086380308494, 0.000317646277836, 0.000324435386574, 0.000273145036772, 0.000273071869742, 0.000177621273906, 0.000136581758852, 0.000248648400884, 6.14637610852e-05, 4.73375039292e-05, 2.47211137321e-05, 1.82263884199e-05, 1.74374272319e-05, 1.27258026623e-05, 5.2284008234e-06, 2.78855100078e-06, 8.98544669781e-07, 1.9765157333e-07], "median": [2.15860254684e-05, 0.00281922565773, 0.00355175836012, 0.00209148065187, 0.00196033529937, 0.00113647687249, 0.000648726010695, 0.000351731025148, 0.000227911805268, 0.000168016413227, 8.81773667061e-05, 0.000121363271319, 8.39006897877e-05, 8.19209162728e-05, 7.34672139515e-05, 5.74352961848e-05, 5.55941878702e-05, 3.47071472788e-05, 2.46825511567e-05, 1.24966372823e-05, 8.1043526734e-06, 4.82210407426e-06, 2.66640245172e-06, 1.04687762814e-06, 5.79782806653e-07, 1.70049759163e-07, 2.11553761176e-08], "dvar": [2.52363352438e-09, 1.31492961373e-05, 2.3590224373e-05, 1.15671628009e-05, 1.14427648441e-05, 6.94888649377e-06, 2.44588627538e-05, 8.87342230271e-06, 1.64712582773e-05, 5.35253866474e-06, 3.15145058494e-07, 2.26119013291e-07, 2.34103879393e-07, 1.9908658544e-07, 6.38278621068e-08, 4.45542518435e-08, 1.58529857686e-07, 7.67402763557e-09, 6.58406174026e-09, 2.30210961405e-09, 1.97670746438e-09, 3.54853524343e-09, 3.25871907236e-09, 5.4907584035e-10, 1.03090258552e-10, 6.80769329797e-12, 1.05520128225e-12]}, "melbands_skewness": {"dvar2": 6.91593503952, "var": 11.6353607178, "min": -1.13162708282, "dmean": 0.847458064556, "mean": 3.3067085743, "max": 61.2355308533, "dmean2": 1.34628713131, "median": 2.82019925117, "dvar": 2.36290502548}, "barkbands_skewness": {"dvar2": 4.46368980408, "var": 5.24261617661, "min": -1.82235658169, "dmean": 0.653649926186, "mean": 2.34869718552, "max": 35.8515548706, "dmean2": 1.04517495632, "median": 2.00802755356, "dvar": 1.52817261219}, "erbbands": {"dvar2": [0.00910050794482, 2.84284877777, 65.5171279907, 209.922210693, 468.993255615, 301.056365967, 495.484405518, 1272.05493164, 8163.67333984, 19664.3105469, 11507.0478516, 21363.1699219, 12466.2089844, 7693.11181641, 715.796325684, 1074.17614746, 1128.47619629, 1358.8737793, 503.904876709, 396.354675293, 600.794372559, 655.106994629, 60.1426391602, 48.6369171143, 27.8829078674, 12.1105289459, 6.42956256866, 6.18332481384, 8.20351028442, 9.89530944824, 3.43926095963, 0.747725725174, 0.139529436827, 0.0315350554883, 0.00583530403674, 0.000480800430523, 2.0688492441e-05, 1.22770961752e-06, 4.40710508087e-08, 5.75386571722e-10], "var": [0.00596576184034, 3.26436376572, 64.3900680542, 177.337158203, 265.308654785, 166.870223999, 578.120117188, 1767.59472656, 7800.23925781, 13264.5380859, 5630.86572266, 14219.2548828, 8642.81542969, 4739.30615234, 644.608093262, 848.872436523, 1030.58068848, 1278.14404297, 588.334838867, 286.761505127, 432.988128662, 511.776611328, 51.5146942139, 34.6513214111, 23.5063209534, 11.8821792603, 8.04450035095, 6.77823114395, 8.89215278625, 11.3263101578, 4.33503866196, 1.09921228886, 0.257870793343, 0.0606554597616, 0.0104358186945, 0.000893603370059, 3.93026130041e-05, 2.31416788665e-06, 6.37624140154e-08, 1.10046161073e-09], "min": [1.20405730706e-21, 5.9088984667e-21, 1.26542558629e-20, 2.29286000123e-20, 7.62412887578e-20, 2.83942566558e-19, 1.21535476053e-18, 9.11251734495e-19, 2.27991578787e-19, 1.45598646041e-18, 2.08035179595e-18, 1.61540360319e-18, 1.6142684012e-18, 1.70032806534e-18, 3.66304237047e-18, 4.42534472604e-18, 6.06748311682e-18, 5.63728757334e-18, 5.79793638805e-18, 6.55959023402e-18, 9.78966435159e-18, 7.31913725097e-18, 9.5219531366e-18, 1.86810254472e-17, 1.7257113432e-17, 1.1991201416e-17, 9.00657246569e-18, 1.75472205621e-17, 1.31251948983e-17, 1.68568043377e-17, 1.54374434702e-17, 1.88769117424e-17, 1.53897978669e-17, 1.3975687942e-17, 9.87619654265e-18, 5.49542278956e-18, 3.10326919082e-18, 1.29349210235e-18, 3.60066654163e-19, 4.19417212081e-20], "dmean": [0.0320393443108, 0.576901972294, 2.74673342705, 5.44151926041, 6.64801263809, 6.02273988724, 7.34446668625, 12.1422080994, 20.8369350433, 27.9855098724, 18.8809967041, 23.5297317505, 15.9558038712, 13.5679826736, 7.21306657791, 8.23576831818, 7.92420434952, 8.36487960815, 6.17772436142, 4.99990940094, 6.2791056633, 6.21786928177, 2.22491717339, 1.56880915165, 1.29988658428, 0.801689743996, 0.553389489651, 0.471662849188, 0.432150065899, 0.405163288116, 0.233504444361, 0.117546290159, 0.0515436194837, 0.0280305128545, 0.0135082677007, 0.0045081214048, 0.000856404018123, 0.000170549377799, 2.63717956841e-05, 1.03716338344e-05], "mean": [0.069713011384, 1.37962937355, 6.15917873383, 11.5445203781, 10.9812660217, 10.324590683, 15.1808977127, 23.6153202057, 34.8687782288, 43.0310974121, 30.2854328156, 35.8499832153, 25.6805496216, 22.2326583862, 13.2017421722, 14.2369203568, 14.006105423, 15.5290088654, 11.7748346329, 8.83457374573, 9.62749576569, 9.0153055191, 4.45335197449, 3.08281755447, 2.53373217583, 1.60702764988, 1.03650403023, 0.859035611153, 0.766926109791, 0.663727998734, 0.396730363369, 0.199044942856, 0.0893590077758, 0.047401919961, 0.023839937523, 0.00784129649401, 0.00145893497393, 0.000274816440651, 5.0868067774e-05, 3.50796508428e-05], "max": [0.952772200108, 29.3253936768, 149.20300293, 210.947036743, 278.051055908, 213.427825928, 625.901977539, 628.592529297, 1674.35791016, 2246.52807617, 2482.92358398, 1766.56640625, 1789.39465332, 1446.86035156, 458.321807861, 487.016540527, 596.098205566, 891.123901367, 302.13369751, 363.906646729, 381.590911865, 435.24206543, 159.688354492, 133.080337524, 82.5400390625, 60.6421661377, 52.4463691711, 53.7904663086, 81.9567337036, 124.52645874, 60.6150627136, 26.7411365509, 13.0920391083, 6.25905704498, 2.52779698372, 0.619976997375, 0.143196940422, 0.0487976446748, 0.00765233207494, 0.000606230227277], "dmean2": [0.0515950620174, 0.937391221523, 4.44602394104, 9.08646392822, 10.9579343796, 10.0401697159, 10.69135952, 17.5673542023, 31.3223838806, 42.6742630005, 29.4104576111, 37.186870575, 25.7356033325, 22.104177475, 11.4528217316, 13.1807765961, 12.8042840958, 13.5194320679, 9.4515838623, 8.17420005798, 10.5080852509, 10.4768981934, 3.57342171669, 2.54363012314, 2.04303765297, 1.23439669609, 0.793662846088, 0.666204988956, 0.605062067509, 0.562826514244, 0.315576374531, 0.158062592149, 0.0646461993456, 0.0366588123143, 0.0188618618995, 0.00615144846961, 0.00113084493205, 0.000218211338506, 3.53764044121e-05, 1.59192641149e-05], "median": [0.0479723289609, 0.810459792614, 3.47891330719, 7.61131238937, 6.02682924271, 6.23215103149, 7.33446645737, 9.19963359833, 9.88890838623, 8.26627922058, 9.00164699554, 5.44972896576, 4.84434080124, 6.0775551796, 4.78841209412, 5.35983181, 4.78047323227, 4.90489578247, 4.01718473434, 3.83218312263, 3.54856276512, 3.17801260948, 2.31419897079, 1.51616978645, 1.16082537174, 0.679375648499, 0.395054578781, 0.240651547909, 0.1726141572, 0.116287998855, 0.0698059499264, 0.0322856791317, 0.012513468042, 0.00641116127372, 0.00398602243513, 0.00132750696503, 0.000197384142666, 2.95932532026e-05, 1.6631976905e-05, 2.70822183666e-05], "dvar": [0.00345118250698, 1.00647997856, 22.9309139252, 72.0927124023, 172.045684814, 108.899215698, 223.568283081, 617.910522461, 3664.20336914, 8380.12109375, 4250.07324219, 8255.33691406, 4490.27636719, 2627.43359375, 282.137634277, 410.98248291, 450.788360596, 555.73034668, 220.013336182, 158.217300415, 238.892044067, 259.927429199, 24.3013420105, 19.8125457764, 11.8573007584, 5.56366872787, 3.50470042229, 3.25554394722, 4.25003528595, 5.53413200378, 1.90065765381, 0.444497197866, 0.0915087088943, 0.0213136523962, 0.00367398257367, 0.000299470499158, 1.35176287586e-05, 8.57229906615e-07, 2.69914508522e-08, 2.77667527859e-10]}, "silence_rate_30dB": {"dvar2": 0.0155917685479, "var": 0.0094738882035, "min": 0, "dmean": 0.00647158129141, "mean": 0.990434646606, "max": 1, "dmean2": 0.0129449842498, "median": 1, "dvar": 0.00642976444215}, "melbands_spread": {"dvar2": 40.1923561096, "var": 51.091999054, "min": 0.0495341531932, "dmean": 2.93177700043, "mean": 9.91885471344, "max": 138.724700928, "dmean2": 4.56824731827, "median": 8.48442173004, "dvar": 19.2337303162}, "melbands_crest": {"dvar2": 21.0109443665, "var": 32.3428764343, "min": 3.58466458321, "dmean": 3.05363869667, "mean": 15.7413234711, "max": 39.4405403137, "dmean2": 5.05115175247, "median": 14.7412643433, "dvar": 7.6978020668}, "zerocrossingrate": {"dvar2": 6.52463422739e-05, "var": 0.000220208356041, "min": 0, "dmean": 0.00458550220355, "mean": 0.0257249139249, "max": 0.5078125, "dmean2": 0.00567833939567, "median": 0.0234375, "dvar": 5.99115119257e-05}, "barkbands_kurtosis": {"dvar2": 10529.0371094, "var": 4882.06591797, "min": -1.89186286926, "dmean": 9.41943359375, "mean": 15.7267313004, "max": 1808.04931641, "dmean2": 16.0028858185, "median": 5.45769166946, "dvar": 3444.10888672}, "spectral_flux": {"dvar2": 0.000971601926722, "var": 0.00171979982406, "min": 1.03855847533e-10, "dmean": 0.0188465174288, "mean": 0.0692199841142, "max": 0.3066149652, "dmean2": 0.0299047958106, "median": 0.0624185502529, "dvar": 0.00041384116048}, "barkbands_crest": {"dvar2": 13.853676796, "var": 14.9174528122, "min": 3.24284553528, "dmean": 2.45885801315, "mean": 10.9088048935, "max": 26.6684837341, "dmean2": 4.05604457855, "median": 10.1572628021, "dvar": 5.03400325775}, "barkbands_flatness_db": {"dvar2": 0.00125783018302, "var": 0.00323761301115, "min": 0.0439396314323, "dmean": 0.0220851097256, "mean": 0.211801558733, "max": 0.564724862576, "dmean2": 0.0342549309134, "median": 0.205622524023, "dvar": 0.000515287101734}, "spectral_entropy": {"dvar2": 0.0544824451208, "var": 0.205197691917, "min": 4.59266614914, "dmean": 0.164992406964, "mean": 6.89162254333, "max": 9.78917789459, "dmean2": 0.245629861951, "median": 6.89090013504, "dvar": 0.0272253435105}, "pitch_salience": {"dvar2": 0.0105193359777, "var": 0.0148837286979, "min": 0.0151405325159, "dmean": 0.0693086758256, "mean": 0.520728647709, "max": 0.857992351055, "dmean2": 0.113698460162, "median": 0.534057021141, "dvar": 0.00394511688501}, "erbbands_spread": {"dvar2": 113.44241333, "var": 313.002075195, "min": 2.64697766304, "dmean": 6.35666894913, "mean": 31.704252243, "max": 139.153717041, "dmean2": 9.74856090546, "median": 29.5962638855, "dvar": 52.1413764954}, "dynamic_complexity": 4.94324016571, "spectral_contrast_valleys": {"dvar2": [0.257529467344, 0.21157464385, 0.157530859113, 0.134440615773, 0.127095416188, 0.134000971913], "var": [1.090097785, 1.5126080513, 1.54280972481, 1.37258589268, 1.14458656311, 1.09800601006], "min": [-27.7922172546, -27.1532077789, -27.1697616577, -26.876657486, -27.2311840057, -27.3011684418], "dmean": [0.350990474224, 0.32625874877, 0.280290722847, 0.253454089165, 0.220672860742, 0.243942543864], "mean": [-7.04944515228, -6.86147165298, -7.71733474731, -8.37443447113, -8.77163124084, -11.8328790665], "max": [-5.3104300499, -4.70014715195, -5.18434333801, -6.3049030304, -6.40736722946, -8.22644901276], "dmean2": [0.577390909195, 0.521947622299, 0.436813443899, 0.380249649286, 0.320236206055, 0.32133987546], "median": [-6.82723474503, -6.63307142258, -7.49312877655, -8.14822769165, -8.53928661346, -11.783955574], "dvar": [0.121419206262, 0.109548874199, 0.0853374302387, 0.0813642591238, 0.0812475308776, 0.0979596376419]}, "hfc": {"dvar2": 54.1878814697, "var": 121.548210144, "min": 1.21151479788e-16, "dmean": 3.0814948082, "mean": 10.7973918915, "max": 88.6044998169, "dmean2": 4.59224462509, "median": 7.35945320129, "dvar": 22.8581466675}, "spectral_kurtosis": {"dvar2": 60.2126960754, "var": 67.2935791016, "min": -1.21663999557, "dmean": 4.25728559494, "mean": 11.0867786407, "max": 142.416015625, "dmean2": 7.29822301865, "median": 9.308552742, "dvar": 22.2034606934}, "mfcc": {"mean": [-719.280212402, 180.967086792, -0.939993202686, 32.1561393738, 7.64062786102, 9.66918563843, -2.82524776459, 5.77628469467, -3.11379861832, 1.37616252899, 0.960741996765, 0.57366245985, 0.47802054882], "cov": [[10298.1826172, 1347.9564209, -965.73651123, -167.686187744, -674.613098145, -217.689819336, -576.105041504, -89.0046615601, -166.841537476, 28.3775043488, -72.11302948, -136.658874512, -72.1115722656], [1347.9564209, 1460.6583252, -302.545227051, -42.0111961365, -69.1226730347, -95.4867553711, -55.0968856812, -17.0932178497, -110.041130066, -34.3567810059, -21.7557029724, -20.8542251587, -50.4918251038], [-965.73651123, -302.545227051, 489.719512939, -27.2752075195, 59.8655395508, 51.3653030396, 24.2471141815, 45.7149391174, 36.114906311, 6.29878473282, 32.1757278442, -0.811706840992, 8.96373271942], [-167.686187744, -42.0111961365, -27.2752075195, 263.998779297, 83.8213119507, 9.03284645081, 25.2942695618, -29.7706851959, -4.44447374344, -40.0812988281, -34.6403884888, -2.8199365139, 38.5844573975], [-674.613098145, -69.1226730347, 59.8655395508, 83.8213119507, 193.223449707, 39.532409668, 47.1594734192, -7.43946838379, 9.94568634033, -18.3141174316, -6.33085155487, 7.74545478821, 7.91787576675], [-217.689819336, -95.4867553711, 51.3653030396, 9.03284645081, 39.532409668, 112.410858154, 46.2098655701, 8.04760360718, 7.86184358597, -1.22266697884, 8.40598392487, -3.74046754837, -16.4782829285], [-576.105041504, -55.0968856812, 24.2471141815, 25.2942695618, 47.1594734192, 46.2098655701, 155.221603394, 28.2847805023, 7.02938747406, 0.931767344475, -0.83464127779, 9.96835899353, -10.3322000504], [-89.0046615601, -17.0932178497, 45.7149391174, -29.7706851959, -7.43946838379, 8.04760360718, 28.2847805023, 102.386825562, 33.6526565552, 7.37389469147, 4.94588518143, 3.29070138931, 4.98664617538], [-166.841537476, -110.041130066, 36.114906311, -4.44447374344, 9.94568634033, 7.86184358597, 7.02938747406, 33.6526565552, 108.070640564, 37.4411849976, 0.63608109951, -2.49073410034, -6.32131004333], [28.3775043488, -34.3567810059, 6.29878473282, -40.0812988281, -18.3141174316, -1.22266697884, 0.931767344475, 7.37389469147, 37.4411849976, 100.543357849, 40.6796035767, 1.65997087955, -19.4750785828], [-72.11302948, -21.7557029724, 32.1757278442, -34.6403884888, -6.33085155487, 8.40598392487, -0.83464127779, 4.94588518143, 0.63608109951, 40.6796035767, 90.5577163696, 21.3440666199, -7.00518989563], [-136.658874512, -20.8542251587, -0.811706840992, -2.8199365139, 7.74545478821, -3.74046754837, 9.96835899353, 3.29070138931, -2.49073410034, 1.65997087955, 21.3440666199, 82.8152542114, 32.9506149292], [-72.1115722656, -50.4918251038, 8.96373271942, 38.5844573975, 7.91787576675, -16.4782829285, -10.3322000504, 4.98664617538, -6.32131004333, -19.4750785828, -7.00518989563, 32.9506149292, 99.4018859863]], "icov": [[0.000197154906346, -8.6899541202e-05, 0.000260692177108, -9.44368512137e-05, 0.00048080412671, -0.000222523187404, 0.000613476673607, -0.000159442293807, 0.000162972602993, -0.000146669044625, 0.000112164860184, 0.000138405841426, 5.22660084243e-05], [-8.6899541202e-05, 0.000947089283727, 0.000359727768227, 0.000127143372083, -0.000306324131088, 0.000668658991344, -9.69539396465e-05, -0.00038864320959, 0.00079149910016, 0.000184101925697, -2.56981020357e-05, -1.07742944238e-05, 0.0005690769176], [0.000260692177108, 0.000359727768227, 0.0030248539988, 0.000381498626666, -0.000215019987081, -0.000805470743217, 0.0010068481788, -0.00119848700706, 6.61970625515e-05, 0.000292754964903, -0.000838385138195, 0.000789109442849, -0.00025972709409], [-9.44368512137e-05, 0.000127143372083, 0.000381498626666, 0.00536809721962, -0.00220582075417, 0.000153424363816, -0.00109959114343, 0.00164982711431, -0.000710706750397, 0.00123373640236, 0.000646348111331, 0.00100959395058, -0.00221056374721], [0.00048080412671, -0.000306324131088, -0.000215019987081, -0.00220582075417, 0.00827599596232, -0.00198664609343, 8.88300710358e-05, 0.000711769156624, -0.000620827893727, 0.000557499181014, 0.000146911945194, -0.000443103344878, 0.000280765962088], [-0.000222523187404, 0.000668658991344, -0.000805470743217, 0.000153424363816, -0.00198664609343, 0.0118950642645, -0.00335507630371, 0.000100766745163, -0.000178750284249, 0.00123815296683, -0.00147592823487, 0.000504673458636, 0.00192755612079], [0.000613476673607, -9.69539396465e-05, 0.0010068481788, -0.00109959114343, 8.88300710358e-05, -0.00335507630371, 0.010444666259, -0.00341224833392, 0.00162093993276, -0.00135183148086, 0.00132739532273, -0.00129866239149, 0.00178767263424], [-0.000159442293807, -0.00038864320959, -0.00119848700706, 0.00164982711431, 0.000711769156624, 0.000100766745163, -0.00341224833392, 0.0131435841322, -0.00475027412176, 0.00151321990415, -0.000764503492974, 0.000360744714271, -0.00207852711901], [0.000162972602993, 0.00079149910016, 6.61970625515e-05, -0.000710706750397, -0.000620827893727, -0.000178750284249, 0.00162093993276, -0.00475027412176, 0.0138186803088, -0.00596720306203, 0.00300500146113, -0.00023478618823, 0.00121605978347], [-0.000146669044625, 0.000184101925697, 0.000292754964903, 0.00123373640236, 0.000557499181014, 0.00123815296683, -0.00135183148086, 0.00151321990415, -0.00596720306203, 0.0158680193126, -0.007015587762, 0.000697154551744, 0.0014301558258], [0.000112164860184, -2.56981020357e-05, -0.000838385138195, 0.000646348111331, 0.000146911945194, -0.00147592823487, 0.00132739532273, -0.000764503492974, 0.00300500146113, -0.007015587762, 0.0161450989544, -0.00444061169401, 0.00123938219622], [0.000138405841426, -1.07742944238e-05, 0.000789109442849, 0.00100959395058, -0.000443103344878, 0.000504673458636, -0.00129866239149, 0.000360744714271, -0.00023478618823, 0.000697154551744, -0.00444061169401, 0.0160218570381, -0.00590459723026], [5.22660084243e-05, 0.0005690769176, -0.00025972709409, -0.00221056374721, 0.000280765962088, 0.00192755612079, 0.00178767263424, -0.00207852711901, 0.00121605978347, 0.0014301558258, 0.00123938219622, -0.00590459723026, 0.014258091338]]}, "silence_rate_20dB": {"dvar2": 0, "var": 0, "min": 1, "dmean": 0, "mean": 1, "max": 1, "dmean2": 0, "median": 1, "dvar": 0}, "melbands_kurtosis": {"dvar2": 56787.1210938, "var": 46625.3515625, "min": -1.4972897768, "dmean": 19.593460083, "mean": 37.9534339905, "max": 7290.18505859, "dmean2": 32.6240081787, "median": 11.8373804092, "dvar": 19789.2363281}, "barkbands_spread": {"dvar2": 33.4071388245, "var": 49.0216636658, "min": 0.130495801568, "dmean": 2.87700653076, "mean": 9.87425613403, "max": 95.5649337769, "dmean2": 4.42404174805, "median": 8.43150997162, "dvar": 15.7566328049}, "erbbands_skewness": {"dvar2": 0.328699082136, "var": 0.594279408455, "min": -3.08377170563, "dmean": 0.398435205221, "mean": 0.609296143055, "max": 4.57513952255, "dmean2": 0.619636535645, "median": 0.582199931145, "dvar": 0.135658666492}, "average_loudness": 0.828417301178, "spectral_centroid": {"dvar2": 77462.2421875, "var": 134796.328125, "min": 121.603233337, "dmean": 132.134185791, "mean": 654.758666992, "max": 11096.9990234, "dmean2": 199.879837036, "median": 578.504089355, "dvar": 46020.171875}, "dissonance": {"dvar2": 0.00139030965511, "var": 0.00125720724463, "min": 0.256053298712, "dmean": 0.0243455134332, "mean": 0.44848638773, "max": 0.499999850988, "dmean2": 0.0407476350665, "median": 0.456396967173, "dvar": 0.000507948803715}, "erbbands_flatness_db": {"dvar2": 0.000493690429721, "var": 0.00206289323978, "min": 0.0311714876443, "dmean": 0.0165090020746, "mean": 0.196623623371, "max": 0.358649909496, "dmean2": 0.0245879087597, "median": 0.199424088001, "dvar": 0.000234898747294}, "spectral_strongpeak": {"dvar2": 1.09197676182, "var": 0.712523460388, "min": 0, "dmean": 0.366362303495, "mean": 0.709744691849, "max": 7.69663524628, "dmean2": 0.613323569298, "median": 0.434668898582, "dvar": 0.417682111263}, "spectral_rms": {"dvar2": 1.38446318942e-06, "var": 4.94278401675e-06, "min": 3.24391186655e-12, "dmean": 0.000722040131222, "mean": 0.00485785398632, "max": 0.0167182292789, "dmean2": 0.00111381046008, "median": 0.00477520050481, "dvar": 5.77834896376e-07}, "silence_rate_60dB": {"dvar2": 0.0133935371414, "var": 0.0689973086119, "min": 0, "dmean": 0.00534608913586, "mean": 0.0745533853769, "max": 1, "dmean2": 0.0106936823577, "median": 0, "dvar": 0.00531743327156}, "melbands": {"dvar2": [1.59127353072e-06, 1.08758604256e-05, 5.82104257774e-06, 2.07346306524e-06, 4.57876950577e-07, 5.74256660002e-07, 1.92345942196e-06, 1.95375696421e-06, 8.99908229712e-07, 9.06845684767e-07, 3.5493368955e-07, 1.74194241254e-07, 1.36651525651e-08, 8.73680150448e-09, 5.94488236416e-09, 5.35539390611e-09, 5.29941601712e-09, 1.8608160568e-09, 7.53975160084e-10, 4.98065644283e-10, 1.49278978068e-09, 1.48264889255e-09, 2.17464130037e-10, 5.86442630568e-11, 4.03741207133e-11, 2.3773358282e-11, 1.08081148198e-11, 5.70355178017e-12, 2.98456723745e-12, 2.85484223067e-12, 2.4447163044e-12, 2.80547785524e-12, 3.54400580063e-12, 4.01258149971e-12, 1.71202635402e-12, 3.75686623737e-13, 3.21523325542e-13, 1.04037011482e-13, 3.35294061938e-14, 2.64925986693e-14], "var": [1.41344776239e-06, 1.22363171613e-05, 4.69523592983e-06, 1.05753292701e-06, 5.23928235907e-07, 8.24587118586e-07, 1.85540238817e-06, 1.25504288917e-06, 4.50931281648e-07, 5.55568817617e-07, 2.33787943671e-07, 1.03325895395e-07, 1.04149169289e-08, 6.73529543249e-09, 4.65430627372e-09, 4.83328177481e-09, 4.68477523441e-09, 2.03589967107e-09, 5.54231605054e-10, 3.64687668952e-10, 1.0084799662e-09, 1.09845743612e-09, 1.76451020462e-10, 4.72404754204e-11, 2.47054581654e-11, 1.91596512961e-11, 9.8133012133e-12, 5.13796557383e-12, 3.55434908936e-12, 2.72410631379e-12, 2.4921295496e-12, 2.77822101262e-12, 3.54808500289e-12, 3.88708076143e-12, 1.83703031086e-12, 5.22995329769e-13, 4.08577007947e-13, 1.60439492095e-13, 5.43839096207e-14, 4.15838594299e-14], "min": [8.90257772762e-24, 7.64261540069e-24, 5.27122378895e-24, 9.33126604276e-24, 3.90224782689e-23, 2.13945467269e-23, 3.20465966668e-24, 1.85210088614e-23, 1.56454152244e-23, 1.01862745126e-23, 7.439209194e-24, 6.33309919828e-24, 8.86986761019e-24, 1.57716203474e-23, 1.14341301912e-23, 1.18395691978e-23, 1.04482844071e-23, 9.05896230234e-24, 8.73572339098e-24, 9.77211307104e-24, 1.19128961855e-23, 8.12022098057e-24, 5.93197013329e-24, 9.00995352974e-24, 1.63032510664e-23, 1.40197101605e-23, 1.08232654941e-23, 7.34326871957e-24, 5.53147018487e-24, 6.18632373825e-24, 1.17538752376e-23, 5.87428704618e-24, 9.3630318937e-24, 9.63631539937e-24, 7.01880944039e-24, 1.24835479091e-23, 1.13861390492e-23, 1.08143513659e-23, 1.18303844903e-23, 1.12702822035e-23], "dmean": [0.000430925691035, 0.00118471949827, 0.000923433399294, 0.000460717041278, 0.000237451997236, 0.000264644884737, 0.000337229226716, 0.000275477330433, 0.000159262810485, 0.00014649098739, 8.27385738376e-05, 6.14315649727e-05, 2.80114854831e-05, 2.34469480347e-05, 1.8707189156e-05, 1.69292543433e-05, 1.62115065905e-05, 1.11835079224e-05, 7.31111822461e-06, 5.3620115068e-06, 9.33269802772e-06, 8.30223962112e-06, 3.32979607265e-06, 1.88213755337e-06, 1.31044293994e-06, 1.19875733162e-06, 7.57255861572e-07, 5.25490122527e-07, 3.7744186443e-07, 3.14128243417e-07, 2.86367537683e-07, 2.5749969268e-07, 2.6085874083e-07, 2.31053363109e-07, 1.57724358019e-07, 8.38597244979e-08, 7.11026046929e-08, 4.0942595092e-08, 2.54820005097e-08, 2.45000641996e-08], "mean": [0.00100190099329, 0.00286418572068, 0.00197797082365, 0.000772202212829, 0.000505914678797, 0.000516858242918, 0.000560864573345, 0.000422079931013, 0.00024841594859, 0.000216610351345, 0.000127854262246, 9.59952376434e-05, 4.66326309834e-05, 3.8490670704e-05, 3.13450145768e-05, 2.9563670978e-05, 2.8523052606e-05, 1.98391389858e-05, 1.25671758724e-05, 9.1999745564e-06, 1.27509920276e-05, 1.06654742922e-05, 5.60844136999e-06, 3.42042699231e-06, 2.32223737839e-06, 2.17317915485e-06, 1.39431108437e-06, 9.48301874359e-07, 6.57421367123e-07, 5.2282479146e-07, 4.91876676278e-07, 4.33871548466e-07, 4.18176369976e-07, 3.56162701109e-07, 2.54574587188e-07, 1.39104344044e-07, 1.14047999489e-07, 6.7408016946e-08, 4.18132515279e-08, 3.94980332885e-08], "max": [0.0149523504078, 0.0662627369165, 0.0311826821417, 0.0173644311726, 0.0176500175148, 0.0135001027957, 0.0239747874439, 0.0205814819783, 0.0194349177182, 0.0116222165525, 0.00901827588677, 0.0062714619562, 0.0021653608419, 0.00174808618613, 0.00180080509745, 0.00118941778783, 0.00173940369859, 0.000626763736364, 0.000428141676821, 0.00053803762421, 0.000595826364588, 0.00065101130167, 0.00033320026705, 0.000143318262417, 0.000119602656923, 6.19580969214e-05, 5.46096416656e-05, 4.28808452853e-05, 4.14357891714e-05, 3.40419937856e-05, 3.32878589688e-05, 4.44896359113e-05, 5.4998552514e-05, 7.60918846936e-05, 4.15906797571e-05, 1.6459118342e-05, 1.90320843103e-05, 1.15089742394e-05, 6.46516718916e-06, 5.34720038559e-06], "dmean2": [0.000695536728017, 0.00191285903566, 0.00153441750444, 0.000762861571275, 0.000350738147972, 0.000382632599212, 0.000505703559611, 0.000421820179326, 0.000248753291089, 0.000232642370975, 0.000134052097565, 0.000100052340713, 4.50266925327e-05, 3.76105126634e-05, 3.03450306092e-05, 2.7517638955e-05, 2.62191042566e-05, 1.71339888766e-05, 1.18312418635e-05, 8.73204771779e-06, 1.58187813213e-05, 1.4241882127e-05, 5.3350786402e-06, 3.0663788948e-06, 2.13473981603e-06, 1.90972946257e-06, 1.18189711884e-06, 8.20656907763e-07, 5.61289596135e-07, 4.55245469766e-07, 4.10995028233e-07, 3.70994769128e-07, 3.77567545229e-07, 3.27177673398e-07, 2.19436401494e-07, 1.16224128988e-07, 9.79760059749e-08, 5.27559578245e-08, 3.32715828222e-08, 3.37357910496e-08], "median": [0.000625561864581, 0.0017476612702, 0.00136286846828, 0.000454364431789, 0.00027505349135, 0.000204523457796, 0.000152496257215, 8.50598953548e-05, 6.36026015854e-05, 3.06808906316e-05, 2.31865560636e-05, 2.34275466937e-05, 1.43406477946e-05, 1.41647369674e-05, 1.09116899694e-05, 9.33339015319e-06, 7.9622004705e-06, 5.48653770238e-06, 5.2298078117e-06, 3.89064416595e-06, 3.55919655703e-06, 2.74994272331e-06, 2.2312042347e-06, 1.48576816628e-06, 1.05007404727e-06, 9.24551272874e-07, 5.594341701e-07, 3.64756260751e-07, 2.41814234414e-07, 1.60571801189e-07, 1.1885986595e-07, 9.90887869534e-08, 7.27997502281e-08, 5.44491456367e-08, 4.16623642252e-08, 2.55836560825e-08, 1.53468615594e-08, 8.41669223206e-09, 5.85454307256e-09, 4.8279398257e-09], "dvar": [5