{"metadata": {"tags": {"album": ["Voice of Comfort"], "albumartist": ["Cait Agus Sean"], "genre": ["Celtic Folk"], "artist": ["Cait Agus Sean"], "date": ["2001"], "tracknumber": ["3"], "title": ["Fire one the Hearth"], "file_name": "114222.mp3", "musicbrainz_recordingid": ["1f3bd92d-b7ac-4f0b-8d87-7c09011894be"], "length": ["323000"]}, "audio_properties": {"sample_rate": 44100, "downmix": "mix", "lossless": false, "analysis_sample_rate": 44100, "md5_encoded": "5bfc8acb3894e518238bb004b050b623", "equal_loudness": 0, "replay_gain": -11.8434848785, "codec": "mp3", "bit_rate": 320000, "length": 323.291442871}, "version": {"extractor": "music 1.0", "essentia_build_sha": "70f2e5ece6736b2c40cc944ad0e695b16b925413", "essentia_git_sha": "v2.1_beta2", "essentia": "2.1-beta2"}}, "rhythm": {"beats_loudness_band_ratio": {"dvar2": [0.067593947053, 0.0479995347559, 0.0329664573073, 0.0333882346749, 0.00107176112942, 0.0511488206685], "var": [0.0610449761152, 0.0506125986576, 0.0206512771547, 0.028925197199, 0.000371098140022, 0.0103679103777], "min": [0, 0, 0, 0, 0, 0], "dmean": [0.199098557234, 0.163577094674, 0.120462276042, 0.0887621790171, 0.0101763028651, 0.0461470372975], "mean": [0.368377894163, 0.378630071878, 0.178374961019, 0.134192109108, 0.0111397383735, 0.0300503708422], "max": [0.980902850628, 0.910080969334, 0.796002805233, 0.832075953484, 0.196195825934, 0.700781047344], "dmean2": [0.336510360241, 0.273420482874, 0.205176785588, 0.151544868946, 0.0178755410016, 0.0861738696694], "median": [0.319334834814, 0.335360169411, 0.138063371181, 0.052856259048, 0.00547374039888, 0.00319663132541], "dvar": [0.0272271297872, 0.0176500491798, 0.0128616774455, 0.0139210801572, 0.000406488514272, 0.0163473095745]}, "bpm_histogram_first_peak_weight": {"dvar2": 0, "var": 0, "min": 0.309243708849, "dmean": 0, "mean": 0.309243708849, "max": 0.309243708849, "dmean2": 0, "median": 0.309243708849, "dvar": 0}, "bpm": 119.698936462, "beats_count": 596, "bpm_histogram_first_peak_spread": {"dvar2": 0, "var": 0, "min": 0.444108784199, "dmean": 0, "mean": 0.444108784199, "max": 0.444108784199, "dmean2": 0, "median": 0.444108784199, "dvar": 0}, "danceability": 0.844960153103, "bpm_histogram_first_peak_bpm": {"dvar2": 0, "var": 0, "min": 120, "dmean": 0, "mean": 120, "max": 120, "dmean2": 0, "median": 120, "dvar": 0}, "beats_position": [0.487619042397, 0.986848056316, 1.48607707024, 1.98530614376, 2.48453521729, 2.9837641716, 3.48299312592, 3.98222208023, 4.48145103455, 4.98067998886, 5.47990942001, 5.99074840546, 6.48997735977, 6.98920631409, 7.50004529953, 8.0224943161, 8.54494285583, 9.13705158234, 9.72916126251, 10.3096599579, 10.8901586533, 11.4706573486, 12.0975961685, 12.7245349884, 13.3514738083, 13.8855323792, 14.4312019348, 14.9536504745, 15.4877090454, 15.9985485077, 16.4861679077, 16.9853973389, 17.4846248627, 17.9722442627, 18.4598636627, 18.9590930939, 19.458322525, 19.96916008, 20.4799995422, 20.9792289734, 21.4784584045, 21.9776859283, 22.4769153595, 22.9761447906, 23.4753742218, 23.974603653, 24.4738311768, 24.984670639, 25.4955101013, 26.0179595947, 26.5404071808, 27.0512466431, 27.5620861053, 28.0613155365, 28.5721530914, 29.0713825226, 29.5822219849, 30.0930614471, 30.6038990021, 31.1263484955, 31.6371879578, 32.1480255127, 32.6588668823, 33.1580963135, 33.6573219299, 34.2029914856, 34.7370529175, 35.2711105347, 35.7935600281, 36.3160095215, 36.8384590149, 37.3609046936, 37.8717460632, 38.3941955566, 38.8934249878, 39.3926506042, 39.8918800354, 40.3911094666, 40.8903388977, 41.3895683289, 41.88879776, 42.3880271912, 42.8756446838, 43.374874115, 43.8741035461, 44.3617210388, 44.86095047, 45.3601799011, 45.8594093323, 46.3702468872, 46.8810882568, 47.4035377502, 47.9143753052, 48.4252128601, 48.9476623535, 49.4585037231, 49.9693412781, 50.480178833, 50.9910202026, 51.4902496338, 51.9894790649, 52.4770965576, 52.9647140503, 53.4523353577, 53.9515647888, 54.45079422, 54.9616317749, 55.4608612061, 55.9600906372, 56.4477081299, 56.946937561, 57.4461669922, 57.9570045471, 58.4562339783, 58.9554634094, 59.4430847168, 59.9307022095, 60.4183197021, 60.894329071, 61.3935585022, 61.8927879333, 62.3920173645, 62.8796348572, 63.3788642883, 63.8780937195, 64.3773193359, 64.8765487671, 65.3757781982, 65.8750076294, 66.3626327515, 66.8502502441, 67.3610839844, 67.871925354, 68.3711547852, 68.8819961548, 69.3812255859, 69.8920593262, 70.4029006958, 70.9137420654, 71.4245758057, 71.9354171753, 72.4462585449, 72.9570999146, 73.4563217163, 73.9671630859, 74.4663925171, 74.9656219482, 75.4648513794, 75.975692749, 76.4749221802, 76.9741516113, 77.461769104, 77.9609985352, 78.4602279663, 78.9710617065, 79.4819030762, 79.9927444458, 80.4803619385, 80.9563674927, 81.4555969238, 81.954826355, 82.4540557861, 82.9532852173, 83.4525146484, 83.9517440796, 84.4509735107, 84.9618148804, 85.4610443115, 85.9602737427, 86.4595031738, 86.9587249756, 87.4579544067, 87.9687957764, 88.4680252075, 88.9788665771, 89.4664840698, 89.965713501, 90.4649429321, 90.9641723633, 91.4634017944, 91.9742355347, 92.4618606567, 92.9610900879, 93.460319519, 93.9595413208, 94.458770752, 94.9580001831, 95.4456253052, 95.9448471069, 96.4440765381, 96.9549179077, 97.4541473389, 97.9649887085, 98.4642181396, 98.9634475708, 99.474281311, 99.9735107422, 100.472740173, 100.948753357, 101.447982788, 101.947212219, 102.44644165, 102.957275391, 103.456504822, 103.955734253, 104.466575623, 104.977409363, 105.488250732, 106.010704041, 106.521537781, 107.067207336, 107.589660645, 108.112106323, 108.64616394, 109.180221558, 109.714286804, 110.225120544, 110.747573853, 111.28163147, 111.804077148, 112.326530457, 112.848976135, 113.359817505, 113.870658875, 114.381492615, 114.880722046, 115.379951477, 115.86756897, 116.366798401, 116.854415894, 117.353645325, 117.852874756, 118.352104187, 118.862945557, 119.362174988, 119.861404419, 120.372245789, 120.87147522, 121.370697021, 121.97441864, 122.578140259, 123.181854248, 123.785575867, 124.389297485, 124.911743164, 125.434196472, 125.968254089, 126.502311707, 127.036369324, 127.570426941, 128.104492188, 128.638549805, 129.172607422, 129.706665039, 130.252334595, 130.786392212, 131.320449829, 131.854507446, 132.400177002, 132.945846558, 133.491516113, 133.909469604, 134.327438354, 134.745391846, 135.163360596, 135.581314087, 135.999267578, 136.40562439, 136.811965942, 137.218322754, 137.624664307, 138.031021118, 138.448974609, 138.866943359, 139.273284912, 139.772521973, 140.271743774, 140.782577515, 141.293426514, 141.792648315, 142.291885376, 142.791107178, 143.290344238, 143.801177979, 144.312011719, 144.822860718, 145.333694458, 145.856140137, 146.366973877, 146.877822876, 147.400268555, 147.911102295, 148.421951294, 148.932785034, 149.443618774, 149.954467773, 150.488525391, 151.022583008, 151.649520874, 152.27645874, 152.903396606, 153.414230347, 153.913467407, 154.424301147, 154.946762085, 155.469207764, 155.991653442, 156.514099121, 157.0365448, 157.547393799, 158.081451416, 158.603897095, 159.137954712, 159.672012329, 160.206069946, 160.740127563, 161.274185181, 161.808258057, 162.342315674, 162.876373291, 163.39881897, 163.921264648, 164.455322266, 164.989379883, 165.5234375, 166.057495117, 166.579956055, 167.102401733, 167.636459351, 168.158905029, 168.681350708, 169.192199707, 169.703033447, 170.213867188, 170.713104248, 171.21232605, 171.71156311, 172.199172974, 172.698410034, 173.209243774, 173.720092773, 174.219314575, 174.718551636, 175.217773438, 175.717010498, 176.2162323, 176.715454102, 177.226303101, 177.725524902, 178.224761963, 178.723983765, 179.223220825, 179.722442627, 180.233291626, 180.744125366, 181.243347168, 181.742584229, 182.24180603, 182.752655029, 183.251876831, 183.751113892, 184.250335693, 184.737960815, 185.237182617, 185.724807739, 186.224029541, 186.723266602, 187.222488403, 187.710113525, 188.209335327, 188.708572388, 189.219406128, 189.730239868, 190.241088867, 190.740310669, 191.239547729, 191.738769531, 192.238006592, 192.725616455, 193.213241577, 193.70085144, 194.200088501, 194.699310303, 195.198547363, 195.697769165, 196.197006226, 196.696228027, 197.195465088, 197.69468689, 198.19392395, 198.693145752, 199.192382812, 199.691604614, 200.202438354, 200.701675415, 201.212509155, 201.711746216, 202.199356079, 202.686981201, 203.186203003, 203.685440063, 204.173049927, 204.660675049, 205.148300171, 205.635910034, 206.146759033, 206.657592773, 207.156814575, 207.656051636, 208.132064819, 208.608062744, 209.095687866, 209.583312988, 210.059310913, 210.546936035, 211.046157837, 211.545394897, 212.044616699, 212.532241821, 213.031463623, 213.530700684, 214.041534424, 214.552383423, 215.063217163, 215.620498657, 216.177780151, 216.735046387, 217.303939819, 217.872833252, 218.441726685, 218.906112671, 219.358901978, 219.823303223, 220.276092529, 220.728881836, 221.170059204, 221.611236572, 222.040817261, 222.47038269, 222.981216431, 223.468841553, 223.956451416, 224.467300415, 224.966522217, 225.477371216, 225.976593018, 226.46421814, 226.951828003, 227.451065063, 227.950286865, 228.461135864, 228.971969604, 229.494415283, 230.016860962, 230.539321899, 231.061767578, 231.584213257, 232.129882812, 232.675552368, 233.314102173, 233.906204224, 234.509933472, 235.218139648, 235.937957764, 236.692596436, 237.447250366, 238.190292358, 238.944946289, 239.699584961, 240.442626953, 241.185668945, 241.928695679, 242.671737671, 243.426391602, 244.181045532, 244.947296143, 245.701950073, 246.456588745, 247.199630737, 247.931060791, 248.662490845, 249.38230896, 250.113739014, 250.856781006, 251.599807739, 252.35446167, 253.109115601, 253.863754272, 254.606796265, 255.349838257, 256.127716064, 256.905578613, 257.671844482, 258.438079834, 259.192749023, 259.947387695, 260.702026367, 261.456695557, 262.199737549, 262.942749023, 263.697418213, 264.452056885, 265.206695557, 265.961364746, 266.704406738, 267.447418213, 268.190460205, 268.945129395, 269.688171387, 270.442810059, 271.19744873, 271.95211792, 272.706756592, 273.461395264, 274.204437256, 274.947479248, 275.69052124, 276.445159912, 277.199798584, 277.966064453, 278.709106445, 279.452148438, 280.19519043, 280.938232422, 281.681274414, 282.435913086, 283.202178955, 283.956817627, 284.711456299, 285.466125488, 286.20916748, 286.952209473, 287.706848145, 288.461486816, 289.204528809, 289.95916748, 290.702209473, 291.456878662, 292.199890137, 292.942932129, 293.662750244, 294.254882812, 294.846984863, 295.439086914, 295.938323975, 296.437530518, 296.936767578, 297.447601318, 297.958465576, 298.469299316, 298.991729736, 299.525787354, 300.059844971, 300.593902588, 301.127990723, 301.66204834, 302.26574707, 302.869476318, 303.473205566, 304.076904297, 304.715454102, 305.354003906, 305.980957031, 306.619506836, 307.246429443, 307.780487061, 308.302947998, 308.825378418, 309.359436035, 309.89352417, 310.427581787, 310.984832764, 311.542114258, 312.111022949, 312.679901123, 313.260406494, 313.840911865, 314.421386719, 315.013519287, 315.524353027, 316.023590088, 316.522796631, 316.929168701, 317.347106934, 317.765075684, 318.194641113, 318.624206543, 319.053771973, 319.483337402, 319.901306152, 320.319274902, 320.737213135, 321.155181885, 321.573150635, 321.991119385, 322.409057617], "beats_loudness": {"dvar2": 0.000631822913419, "var": 0.000545484304894, "min": 0, "dmean": 0.0136036220938, "mean": 0.0238081552088, "max": 0.117713600397, "dmean2": 0.022500667721, "median": 0.0163415186107, "dvar": 0.000245853036176}, "bpm_histogram_second_peak_weight": {"dvar2": 0, "var": 0, "min": 0.0739495828748, "dmean": 0, "mean": 0.0739495828748, "max": 0.0739495828748, "dmean2": 0, "median": 0.0739495828748, "dvar": 0}, "bpm_histogram_second_peak_spread": {"dvar2": 0, "var": 0, "min": 0.568627476692, "dmean": 0, "mean": 0.568627476692, "max": 0.568627476692, "dmean2": 0, "median": 0.568627476692, "dvar": 0}, "bpm_histogram_second_peak_bpm": {"dvar2": 0, "var": 0, "min": 112, "dmean": 0, "mean": 112, "max": 112, "dmean2": 0, "median": 112, "dvar": 0}, "onset_rate": 1.84347164631}, "lowlevel": {"spectral_energyband_high": {"dvar2": 2.75923895288e-07, "var": 6.88490558787e-07, "min": 7.0125512743e-21, "dmean": 8.49100179039e-05, "mean": 0.000203164978302, "max": 0.0187047626823, "dmean2": 0.000106978070107, "median": 2.29846027651e-05, "dvar": 1.92229677509e-07}, "spectral_energyband_middle_low": {"dvar2": 8.23801601655e-05, "var": 0.000180231683771, "min": 1.35538218472e-22, "dmean": 0.00347127090208, "mean": 0.0125887263566, "max": 0.120405651629, "dmean2": 0.00546711077914, "median": 0.00834360718727, "dvar": 3.05211178784e-05}, "spectral_energy": {"dvar2": 0.000132369008497, "var": 0.00046137656318, "min": 9.86433317647e-21, "dmean": 0.00472965138033, "mean": 0.021365121007, "max": 0.138341665268, "dmean2": 0.0072435955517, "median": 0.0139736160636, "dvar": 5.53900863451e-05}, "spectral_spread": {"dvar2": 1021177298940.0, "var": 22616406491100.0, "min": 539039.125, "dmean": 400884.5, "mean": 4236396.5, "max": 42565952, "dmean2": 610519.625, "median": 3524100, "dvar": 585792094208}, "spectral_energyband_low": {"dvar2": 4.69932710985e-05, "var": 4.3563246436e-05, "min": 1.44236321875e-23, "dmean": 0.00155529822223, "mean": 0.00462872488424, "max": 0.0946070924401, "dmean2": 0.00241326657124, "median": 0.00242970953695, "dvar": 1.92328170669e-05}, "spectral_rolloff": {"dvar2": 727540.5, "var": 6113938.5, "min": 86.1328125, "dmean": 165.997940063, "mean": 1063.80456543, "max": 19810.546875, "dmean2": 285.980224609, "median": 538.330078125, "dvar": 384761.625}, "barkbands": {"dvar2": [3.9606447011e-09, 3.59658006346e-05, 4.59670809505e-06, 8.85590361577e-06, 4.14223213738e-05, 1.82341063919e-05, 7.79690617492e-06, 3.26234498971e-06, 5.58103465664e-07, 6.85919394527e-06, 1.23675581563e-05, 7.57993575462e-06, 2.81974757854e-06, 4.10227727343e-07, 1.21598191072e-07, 7.46439710042e-09, 2.81974532612e-09, 1.24756904807e-09, 2.63618882279e-09, 4.46606929216e-09, 1.27400467953e-09, 6.19193629703e-09, 3.61463996512e-08, 5.7014599264e-08, 2.76144849209e-08, 6.01282745816e-10, 3.1888886063e-12], "var": [2.0559891567e-09, 2.09721620195e-05, 1.01312734841e-05, 8.947445167e-06, 2.90679872705e-05, 3.55666634277e-05, 1.70612383954e-05, 5.3687235777e-06, 6.83308087446e-07, 1.08589965748e-05, 3.27967863996e-05, 2.00052963919e-05, 6.41906081e-06, 5.79855111482e-07, 7.96339421072e-08, 1.21576659851e-08, 3.46464412715e-09, 1.92767513063e-09, 4.51046267003e-09, 9.09469033417e-09, 1.99370320253e-09, 8.23001045092e-09, 5.06480155593e-08, 1.25185692923e-07, 4.69256065116e-08, 6.63155586e-10, 2.59941655874e-12], "min": [1.440969198e-25, 1.81871487268e-24, 5.0128590235e-25, 3.86849844438e-25, 6.60123538654e-24, 2.64108086992e-24, 6.43369355762e-24, 6.91866828164e-24, 1.19916994456e-23, 1.78084024067e-23, 1.09095124457e-23, 2.22715770378e-23, 2.04812493248e-23, 3.07496750232e-23, 3.97514993413e-23, 5.50773343912e-23, 6.16519662326e-23, 6.31211155389e-23, 1.07654156418e-22, 1.41909336822e-22, 2.14362336081e-22, 2.63973129457e-22, 3.62197722241e-22, 5.44565399863e-22, 7.98078031768e-22, 1.25681077082e-21, 1.80887496885e-21], "dmean": [9.40405425354e-06, 0.000947287364397, 0.000650670262985, 0.00054759986233, 0.00161834561732, 0.00138173089363, 0.000758338428568, 0.000400576158427, 0.000182610208867, 0.000706868711859, 0.000702978461049, 0.000515375169925, 0.000244236376602, 0.000110446948383, 4.74682492495e-05, 1.57105023391e-05, 1.4426060261e-05, 9.63636648521e-06, 1.42441349453e-05, 1.74663218786e-05, 8.76813919604e-06, 9.49207606027e-06, 2.65101371042e-05, 2.54279002547e-05, 1.90040864254e-05, 3.0273442917e-06, 2.73097469972e-07], "mean": [2.19249941438e-05, 0.00188093574252, 0.00206624669954, 0.00129976577591, 0.00364094832912, 0.00387616315857, 0.00179177476093, 0.000874610734172, 0.000365606334526, 0.00147783337161, 0.00163193501066, 0.00125814601779, 0.000530861376319, 0.000225084018894, 8.44797177706e-05, 3.24569409713e-05, 3.05094872601e-05, 2.29354482144e-05, 3.24122411257e-05, 4.02847108489e-05, 1.99279620574e-05, 1.7129450498e-05, 5.19570967299e-05, 4.77715620946e-05, 3.69080917153e-05, 5.95390338276e-06, 6.20976493337e-07], "max": [0.000823520240374, 0.0919514298439, 0.0306643471122, 0.0530310310423, 0.0900093540549, 0.103823043406, 0.0717364996672, 0.0497957505286, 0.013766377233, 0.0503720194101, 0.0588334947824, 0.0658714175224, 0.0349114798009, 0.0115825422108, 0.00918745808303, 0.00221940083429, 0.00126342324074, 0.00053956056945, 0.000972916197497, 0.00166730734054, 0.000684066035319, 0.00222366116941, 0.00555295031518, 0.00926245935261, 0.00581809133291, 0.000970135908574, 3.43934116245e-05], "dmean2": [1.54708595801e-05, 0.00145968864672, 0.000982665107585, 0.000961008481681, 0.00275880354457, 0.00197828281671, 0.00107369245961, 0.000555827806238, 0.000271651806543, 0.00104719947558, 0.00102829828393, 0.000755659362767, 0.00034756961395, 0.000166525293025, 7.11892571417e-05, 2.46563377004e-05, 2.28873341257e-05, 1.51280983118e-05, 2.10141697607e-05, 2.50435514317e-05, 1.32179729917e-05, 1.34001211336e-05, 3.70830312022e-05, 3.42446219292e-05, 2.54594488069e-05, 4.52302856502e-06, 4.15659002329e-07], "median": [1.47746050061e-06, 0.000677985954098, 0.000795837375335, 0.00037273223279, 0.00175184861291, 0.00155631452799, 0.000447717786301, 0.000196113571292, 9.2806541943e-05, 0.000204080832191, 0.000130172862555, 7.41973053664e-05, 4.8310150305e-05, 2.40969493461e-05, 2.12019331229e-05, 8.35706305224e-06, 9.32445618673e-06, 5.94852099312e-06, 7.49235732656e-06, 6.23258665655e-06, 4.03587546316e-06, 1.60208605848e-06, 2.91369497063e-06, 2.22407697947e-06, 2.69049655799e-06, 9.24411949654e-07, 1.6784886725e-07], "dvar": [1.44771794552e-09, 1.51808035298e-05, 1.89146157936e-06, 2.68681833404e-06, 1.26965760501e-05, 8.40528628032e-06, 3.69627264263e-06, 1.67701568898e-06, 2.59347501697e-07, 3.29629619955e-06, 6.25949041932e-06, 3.64636139238e-06, 1.55221766818e-06, 1.89760314129e-07, 5.50728707083e-08, 3.49039019909e-09, 1.23886623182e-09, 5.32178079382e-10, 1.33614208586e-09, 2.41567743586e-09, 5.90564319669e-10, 3.17350101753e-09, 1.91518179093e-08, 3.88056804468e-08, 1.61208593141e-08, 2.9251465139e-10, 1.3982201898e-12]}, "melbands_skewness": {"dvar2": 0.741622507572, "var": 1.98385870457, "min": -1.58402347565, "dmean": 0.485937535763, "mean": 2.09042906761, "max": 15.8769245148, "dmean2": 0.747069180012, "median": 1.91051638126, "dvar": 0.320057779551}, "barkbands_skewness": {"dvar2": 0.578870952129, "var": 1.66670644283, "min": -2.43579268456, "dmean": 0.448144495487, "mean": 1.69473981857, "max": 14.6787405014, "dmean2": 0.688535273075, "median": 1.65577197075, "dvar": 0.247311189771}, "erbbands": {"dvar2": [0.0248279720545, 1.94469690323, 4.39835500717, 34.8891944885, 415.533935547, 463.96572876, 458.989868164, 1891.16711426, 1747.20959473, 2271.8918457, 354.470092773, 299.836212158, 5762.63916016, 11347.4130859, 14647.4970703, 15010.5986328, 6279.07617188, 1209.09265137, 257.912628174, 88.6983718872, 6.4010310173, 4.15167140961, 3.12260603905, 6.46169090271, 6.61040639877, 13.7800607681, 2.35529303551, 2.56501531601, 7.00522661209, 15.4215679169, 38.0470695496, 30.1691799164, 11.9601640701, 8.27130794525, 0.677689254284, 0.0455404669046, 0.000734723929781, 1.20492813949e-05, 1.0141617679e-07, 3.52236850798e-10], "var": [0.0136345578358, 1.18000972271, 7.80905532837, 41.3604927063, 297.937042236, 350.116271973, 795.610229492, 3610.25268555, 4203.58154297, 4210.78222656, 534.039428711, 367.245941162, 8876.94140625, 25831.2675781, 50871.40625, 42414.9296875, 14583.6318359, 2275.26391602, 194.231384277, 109.837310791, 9.85905647278, 6.5846581459, 6.0575261116, 10.309794426, 13.952706337, 23.9966812134, 3.6861743927, 4.25200510025, 7.77027845383, 23.332611084, 51.5736579895, 64.6033477783, 26.2705821991, 12.3256406784, 0.932566463947, 0.0510996840894, 0.000803148839623, 9.26654684008e-06, 9.28163643721e-08, 1.06433051261e-09], "min": [1.30116270185e-22, 1.96026583315e-22, 1.69120408385e-21, 3.97220006135e-21, 1.21917690042e-20, 1.35138766573e-20, 2.6220181083e-20, 3.22215670664e-20, 1.07685532231e-19, 8.30223215491e-20, 2.84098567652e-19, 3.39895725679e-19, 3.35548064379e-19, 7.08627639596e-19, 7.91881507093e-19, 1.01047721885e-18, 1.41027718354e-18, 1.83897925243e-18, 2.31156883628e-18, 2.74668155492e-18, 2.84510880998e-18, 4.21241313352e-18, 3.96793866271e-18, 5.02423258851e-18, 4.50970846312e-18, 6.83714820702e-18, 8.42087813398e-18, 8.93112366766e-18, 9.74366980081e-18, 1.04505915872e-17, 1.05491559474e-17, 1.01239114935e-17, 9.62632430475e-18, 7.98614095535e-18, 5.13086485487e-18, 4.23020537491e-18, 2.24920624234e-18, 8.56803397855e-19, 2.31522916219e-19, 2.54041916426e-20], "dmean": [0.0214750971645, 0.234387993813, 0.646580457687, 1.2523393631, 4.08724308014, 5.58118486404, 6.34541893005, 13.0466527939, 14.0154600143, 9.95789909363, 4.86209774017, 4.06783103943, 17.4236679077, 23.8790512085, 24.0353755951, 23.3889198303, 12.4640626907, 7.0320763588, 2.46129560471, 1.70317625999, 0.698841810226, 0.547141432762, 0.495765179396, 0.688412189484, 0.689590454102, 0.872798860073, 0.419862926006, 0.376131057739, 0.299931287766, 0.479459971189, 0.859306871891, 0.660235106945, 0.348819732666, 0.291821599007, 0.0927748605609, 0.0229901317507, 0.00382244493812, 0.000525610521436, 5.03002193e-05, 6.76567788105e-06], "mean": [0.0417554341257, 0.484836429358, 1.92914545536, 3.95701360703, 8.74558162689, 11.6256723404, 16.2614059448, 35.023651123, 36.1162376404, 23.6940422058, 11.1919269562, 9.76551914215, 39.9709358215, 52.8959121704, 60.1855773926, 60.8858909607, 28.2965316772, 16.0337867737, 5.12399244308, 3.62434387207, 1.69844794273, 1.34102427959, 1.29598450661, 1.56216573715, 1.66617155075, 1.94687712193, 1.01514673233, 0.812290430069, 0.55982863903, 0.889660596848, 1.65707993507, 1.25834667683, 0.665149509907, 0.529335677624, 0.185242921114, 0.0450300090015, 0.00773828523234, 0.0011379767675, 0.000123031670228, 3.03048454953e-05], "max": [2.52228784561, 20.8036632538, 28.4508876801, 90.6685791016, 224.485687256, 334.599029541, 445.460021973, 1305.0345459, 945.257995605, 1309.73327637, 419.477844238, 384.099761963, 1330.10021973, 2144.47607422, 2785.58374023, 2991.68652344, 1723.19018555, 664.831359863, 369.650238037, 255.046707153, 61.9033203125, 87.0919799805, 41.2797584534, 68.668586731, 58.2865219116, 87.806098938, 26.0229206085, 33.2550544739, 72.7235107422, 108.95275116, 198.204452515, 201.071350098, 136.990661621, 105.173019409, 26.7929649353, 8.69976902008, 0.812280118465, 0.0840553864837, 0.00699939159676, 0.000303761626128], "dmean2": [0.0323420353234, 0.362981319427, 0.994397342205, 2.08770895004, 7.39857578278, 9.25514507294, 9.50499248505, 18.841468811, 19.0430965424, 14.4223327637, 6.88241147995, 6.16779756546, 26.2662086487, 34.0919113159, 33.6637458801, 33.9023399353, 17.2133598328, 10.1860523224, 3.74971747398, 2.4864282608, 1.10501766205, 0.849521040916, 0.75914567709, 1.04313063622, 0.992586553097, 1.24509370327, 0.633046507835, 0.554984331131, 0.428431034088, 0.644044160843, 1.21315741539, 0.886052668095, 0.469375491142, 0.40310639143, 0.132011815906, 0.0337406098843, 0.00571316992864, 0.000812877842691, 7.47929007048e-05, 1.01213090602e-05], "median": [0.0129655944183, 0.182717978954, 0.820984959602, 1.52684617043, 2.79880571365, 5.20748186111, 6.60521221161, 12.06990242, 10.2475147247, 5.5928850174, 3.33710813522, 3.48486256599, 6.12509822845, 6.19466876984, 5.8937587738, 4.26015758514, 3.00275182724, 2.00080871582, 1.25513577461, 0.914103090763, 0.588361024857, 0.444840908051, 0.389879047871, 0.410830974579, 0.34363219142, 0.298746138811, 0.212921351194, 0.129977509379, 0.0629262849689, 0.0571621134877, 0.0886252000928, 0.0520679913461, 0.0366550683975, 0.0297657642514, 0.0172099024057, 0.00564254075289, 0.00134068587795, 0.000227078271564, 3.56635719072e-05, 1.93384785234e-05], "dvar": [0.010474620387, 0.818492352962, 1.80297744274, 11.3504629135, 116.666618347, 162.029495239, 198.879928589, 896.226501465, 880.946899414, 1057.42712402, 173.20111084, 126.624473572, 2395.24975586, 6187.25439453, 7741.65820312, 7252.14257812, 3430.47216797, 618.433288574, 113.777694702, 45.8587265015, 2.74149250984, 2.0551943779, 1.44171500206, 3.1616101265, 3.54498887062, 7.39306688309, 1.06155800819, 1.25914871693, 3.3875477314, 8.60927772522, 19.9365272522, 20.342048645, 8.06384277344, 4.58363008499, 0.349722534418, 0.0220645219088, 0.000358503893949, 5.11467396791e-06, 4.55705269076e-08, 1.61968494172e-10]}, "silence_rate_30dB": {"dvar2": 0.00301157683134, "var": 0.000861130305566, "min": 0, "dmean": 0.00114917766768, "mean": 0.999138176441, "max": 1, "dmean2": 0.0022985204123, "median": 1, "dvar": 0.00114787078928}, "melbands_spread": {"dvar2": 75.4134674072, "var": 349.059509277, "min": 0.515569090843, "dmean": 2.84501028061, "mean": 13.3647689819, "max": 226.495544434, "dmean2": 4.1992559433, "median": 8.74951934814, "dvar": 43.199382782}, "melbands_crest": {"dvar2": 12.705163002, "var": 20.8871688843, "min": 1.00215804577, "dmean": 2.35634231567, "mean": 13.2373800278, "max": 31.5873222351, "dmean2": 3.80203938484, "median": 12.6001338959, "dvar": 4.82415294647}, "zerocrossingrate": {"dvar2": 0.000102039128251, "var": 0.00409871013835, "min": 0.0029296875, "dmean": 0.00520991161466, "mean": 0.0404232293367, "max": 0.53955078125, "dmean2": 0.00621343310922, "median": 0.02734375, "dvar": 0.000112225017801}, "barkbands_kurtosis": {"dvar2": 87.9931030273, "var": 94.8591003418, "min": -1.96700537205, "dmean": 3.16994214058, "mean": 7.76660299301, "max": 251.727096558, "dmean2": 5.02975130081, "median": 5.0367846489, "dvar": 34.3452415466}, "spectral_flux": {"dvar2": 0.000992487301119, "var": 0.0015315990895, "min": 6.3453062249e-11, "dmean": 0.0145307630301, "mean": 0.0492988079786, "max": 0.288935780525, "dmean2": 0.0236538611352, "median": 0.0411713682115, "dvar": 0.000405015249271}, "barkbands_crest": {"dvar2": 10.214422226, "var": 15.1298770905, "min": 3.32999944687, "dmean": 2.14582514763, "mean": 11.0716514587, "max": 26.3257961273, "dmean2": 3.44566297531, "median": 10.3687038422, "dvar": 4.00734996796}, "barkbands_flatness_db": {"dvar2": 0.000687508669216, "var": 0.00411494541913, "min": 0.0333074405789, "dmean": 0.0159810874611, "mean": 0.215291932225, "max": 0.497340321541, "dmean2": 0.0248038750142, "median": 0.206176877022, "dvar": 0.000279734900687}, "spectral_entropy": {"dvar2": 0.0581691339612, "var": 0.45173484087, "min": 5.03613567352, "dmean": 0.146226584911, "mean": 6.67210102081, "max": 9.82440471649, "dmean2": 0.22449837625, "median": 6.65954399109, "dvar": 0.0269788987935}, "pitch_salience": {"dvar2": 0.00619414262474, "var": 0.0107601005584, "min": 0.079317599535, "dmean": 0.0555846653879, "mean": 0.535320103168, "max": 0.995997667313, "dmean2": 0.0885147750378, "median": 0.535808205605, "dvar": 0.00243929820135}, "erbbands_spread": {"dvar2": 135.331848145, "var": 314.579833984, "min": 2.58628845215, "dmean": 4.36969137192, "mean": 22.3985671997, "max": 161.914398193, "dmean2": 6.59378576279, "median": 17.6370601654, "dvar": 67.7804946899}, "dynamic_complexity": 5.88498449326, "spectral_contrast_valleys": {"dvar2": [0.21768809855, 0.163319662213, 0.120298415422, 0.121549405158, 0.0899306237698, 0.117987863719], "var": [6.27061986923, 6.59142637253, 6.27741765976, 5.61504745483, 5.90927696228, 6.08571243286], "min": [-28.1552314758, -28.1674804688, -27.8922615051, -27.7067432404, -27.552652359, -27.414024353], "dmean": [0.330378264189, 0.284220397472, 0.245275393128, 0.222933903337, 0.170479878783, 0.170569956303], "mean": [-7.8813829422, -7.64478445053, -8.18063926697, -9.3495388031, -9.6659822464, -11.8653154373], "max": [-5.38792085648, -4.91385746002, -5.41236066818, -6.62100744247, -7.08603382111, -7.55594396591], "dmean2": [0.544329106808, 0.466913253069, 0.40427428484, 0.366700410843, 0.276085406542, 0.254156470299], "median": [-7.45563268661, -7.19168186188, -7.77897834778, -8.97947120667, -9.12171363831, -11.3443756104], "dvar": [0.090227201581, 0.0674917325377, 0.0495690517128, 0.0526628568769, 0.0418940708041, 0.0629162713885]}, "hfc": {"dvar2": 49.2087440491, "var": 250.447189331, "min": 1.0934806905e-16, "dmean": 2.74046754837, "mean": 11.7921848297, "max": 163.073364258, "dmean2": 3.77872085571, "median": 5.5786485672, "dvar": 28.8017444611}, "spectral_kurtosis": {"dvar2": 177.141235352, "var": 419.60369873, "min": -1.47753930092, "dmean": 4.57561779022, "mean": 16.5990104675, "max": 171.477416992, "dmean2": 7.63443660736, "median": 10.0125961304, "dvar": 63.3941383362}, "mfcc": {"mean": [-751.357788086, 172.172164917, 23.8319778442, 5.69597244263, 0.964526534081, 1.55178689957, 7.57460737228, -3.98499250412, -10.4294881821, -3.73202967644, -10.1944322586, -1.88993120193, -0.34855261445], "cov": [[12597.3818359, -266.696075439, -313.530853271, -321.764862061, -635.918273926, -191.366577148, 308.921600342, -180.123947144, -461.91809082, 88.6199264526, -257.71661377, 308.784851074, 195.447387695], [-266.696075439, 2023.20361328, -459.36630249, 36.9394760132, 199.802200317, -66.076133728, 1.26262223721, -79.4674530029, -29.367937088, -129.553619385, -7.29409456253, -73.3603286743, -58.4183006287], [-313.530853271, -459.36630249, 908.834228516, -53.8598327637, 18.1505756378, 63.5370483398, 2.95759105682, 95.387588501, 49.9595794678, 58.6829605103, 20.7608718872, 13.2114944458, -5.82811355591], [-321.764862061, 36.9394760132, -53.8598327637, 373.123809814, 57.0901260376, 14.8577108383, -60.0424308777, 9.69993114471, 96.5774688721, -18.9596061707, 9.67270755768, -22.9365558624, -24.8039703369], [-635.918273926, 199.802200317, 18.1505756378, 57.0901260376, 263.443634033, 3.03715324402, -70.0914459229, 14.0195112228, 58.8076896667, -27.3972129822, 17.0424537659, -22.6514167786, -27.9135131836], [-191.366577148, -66.076133728, 63.5370483398, 14.8577108383, 3.03715324402, 163.563018799, 56.4666786194, 23.4243240356, 18.5666599274, 33.3563270569, 19.6041603088, -6.55546426773, 17.1260566711], [308.921600342, 1.26262223721, 2.95759105682, -60.0424308777, -70.0914459229, 56.4666786194, 233.288787842, 38.6100387573, -18.0574607849, 66.3427352905, 10.8390645981, 36.9453125, 42.1982765198], [-180.123947144, -79.4674530029, 95.387588501, 9.69993114471, 14.0195112228, 23.4243240356, 38.6100387573, 111.73992157, 50.4740638733, 18.8955879211, 17.465341568, 10.886138916, 11.8520536423], [-461.91809082, -29.367937088, 49.9595794678, 96.5774688721, 58.8076896667, 18.5666599274, -18.0574607849, 50.4740638733, 145.380233765, 22.3814907074, 19.3449058533, -4.59276533127, -2.96117663383], [88.6199264526, -129.553619385, 58.6829605103, -18.9596061707, -27.3972129822, 33.3563270569, 66.3427352905, 18.8955879211, 22.3814907074, 124.771911621, 22.9292316437, 23.7419757843, 36.2586669922], [-257.71661377, -7.29409456253, 20.7608718872, 9.67270755768, 17.0424537659, 19.6041603088, 10.8390645981, 17.465341568, 19.3449058533, 22.9292316437, 89.709487915, 24.8198871613, 3.0209312439], [308.784851074, -73.3603286743, 13.2114944458, -22.9365558624, -22.6514167786, -6.55546426773, 36.9453125, 10.886138916, -4.59276533127, 23.7419757843, 24.8198871613, 115.264099121, 55.599773407], [195.447387695, -58.4183006287, -5.82811355591, -24.8039703369, -27.9135131836, 17.1260566711, 42.1982765198, 11.8520536423, -2.96117663383, 36.2586669922, 3.0209312439, 55.599773407, 108.303588867]], "icov": [[0.000114073031, -6.00330486122e-06, 1.30498538056e-05, -3.30324837705e-05, 0.000153639819473, 7.81381459092e-05, -5.64499750908e-05, 3.64812476619e-05, 0.000249276810791, -0.000116994538985, 0.000345956417732, -0.000324098888086, 3.20009385177e-05], [-6.00330486122e-06, 0.000685266859364, 0.000268034695182, 1.76456069312e-05, -0.000604746921454, 0.000223155278945, -0.000502379611135, 0.000351169030182, -2.01090210794e-06, 0.000588779221289, -0.000222672213567, 0.000384545361158, -2.32853799389e-05], [1.30498538056e-05, 0.000268034695182, 0.00142839632463, 0.000318196194712, -0.000211992315599, -0.000407160114264, 0.000297740858514, -0.000993432709947, -3.65428713849e-05, -0.000430387997767, 0.000145122801769, -0.000231421116041, 0.00053106516134], [-3.30324837705e-05, 1.76456069312e-05, 0.000318196194712, 0.00354252499528, -4.23402379965e-05, -0.000556886836421, 0.0005699901958, 0.000347715918906, -0.00257465639152, 0.00057405262487, -0.000202348222956, 0.000152371212607, 0.000379422795959], [0.000153639819473, -0.000604746921454, -0.000211992315599, -4.23402379965e-05, 0.00540428282693, -0.000431583554018, 0.00143917591777, -0.000491179467645, -0.00131820247043, 0.000195133878151, -0.000229917248362, -0.000417880975874, 0.000449126469903], [7.81381459092e-05, 0.000223155278945, -0.000407160114264, -0.000556886836421, -0.000431583554018, 0.00772577384487, -0.00211255787872, 0.000113544643682, -2.75623278867e-05, -0.000452510081232, -0.00136093480978, 0.00201713782735, -0.00153914873954], [-5.64499750908e-05, -0.000502379611135, 0.000297740858514, 0.0005699901958, 0.00143917591777, -0.00211255787872, 0.00707069877535, -0.00288722501136, 0.00116591562983, -0.00300034834072, 0.000447067286586, -0.0013272765791, -5.12869009981e-05], [3.64812476619e-05, 0.000351169030182, -0.000993432709947, 0.000347715918906, -0.000491179467645, 0.000113544643682, -0.00288722501136, 0.013187341392, -0.00454614916816, 0.00156751845498, -0.00125183421187, 0.000148175211507, -0.00100321450736], [0.000249276810791, -2.01090210794e-06, -3.65428713849e-05, -0.00257465639152, -0.00131820247043, -2.75623278867e-05, 0.00116591562983, -0.00454614916816, 0.0120612839237, -0.00295554520562, 0.00027554211556, -0.00045321174548, 0.000209513760637], [-0.000116994538985, 0.000588779221289, -0.000430387997767, 0.00057405262487, 0.000195133878151, -0.000452510081232, -0.00300034834072, 0.00156751845498, -0.00295554520562, 0.0122003946453, -0.00280096125789, 0.00102961913217, -0.00285943457857], [0.000345956417732, -0.000222672213567, 0.000145122801769, -0.000202348222956, -0.000229917248362, -0.00136093480978, 0.000447067286586, -0.00125183421187, 0.00027554211556, -0.00280096125789, 0.014601804316, -0.00500881671906, 0.00244513060898], [-0.000324098888086, 0.000384545361158, -0.000231421116041, 0.000152371212607, -0.000417880975874, 0.00201713782735, -0.0013272765791, 0.000148175211507, -0.00045321174548, 0.00102961913217, -0.00500881671906, 0.0143733648583, -0.00670723197982], [3.20009385177e-05, -2.32853799389e-05, 0.00053106516134, 0.000379422795959, 0.000449126469903, -0.00153914873954, -5.12869009981e-05, -0.00100321450736, 0.000209513760637, -0.00285943457857, 0.00244513060898, -0.00670723197982, 0.0141054959968]]}, "silence_rate_20dB": {"dvar2": 0, "var": 0, "min": 1, "dmean": 0, "mean": 1, "max": 1, "dmean2": 0, "median": 1, "dvar": 0}, "melbands_kurtosis": {"dvar2": 220.322891235, "var": 241.961135864, "min": -1.86575043201, "dmean": 4.64626693726, "mean": 11.644525528, "max": 544.879699707, "dmean2": 7.33706903458, "median": 7.10277748108, "dvar": 91.4125900269}, "barkbands_spread": {"dvar2": 36.5830192566, "var": 130.578765869, "min": 0.392304062843, "dmean": 2.21964335442, "mean": 10.3533287048, "max": 120.849990845, "dmean2": 3.3073079586, "median": 7.84907722473, "dvar": 23.1852817535}, "erbbands_skewness": {"dvar2": 0.267231911421, "var": 0.942949354649, "min": -4.32862186432, "dmean": 0.352310836315, "mean": 0.858838260174, "max": 6.38587713242, "dmean2": 0.528930783272, "median": 0.898197114468, "dvar": 0.124257475138}, "average_loudness": 0.420544743538, "spectral_centroid": {"dvar2": 59597.015625, "var": 1603072.75, "min": 154.130432129, "dmean": 84.5256347656, "mean": 738.61138916, "max": 11960.4248047, "dmean2": 125.450645447, "median": 511.768768311, "dvar": 32515.0996094}, "dissonance": {"dvar2": 0.00231595849618, "var": 0.00216272333637, "min": 0.168876975775, "dmean": 0.0316996648908, "mean": 0.419365733862, "max": 0.500000119209, "dmean2": 0.0537162423134, "median": 0.425055265427, "dvar": 0.000825042603537}, "erbbands_flatness_db": {"dvar2": 0.00043762740097, "var": 0.00325820758007, "min": 0.0272074602544, "dmean": 0.0139106968418, "mean": 0.214955836535, "max": 0.403702348471, "dmean2": 0.0208417698741, "median": 0.211338222027, "dvar": 0.000196578519535}, "spectral_strongpeak": {"dvar2": 1.34514677525, "var": 2.86334967613, "min": 0, "dmean": 0.441163629293, "mean": 1.18463253975, "max": 11.5574417114, "dmean2": 0.721071243286, "median": 0.546550989151, "dvar": 0.592156648636}, "spectral_rms": {"dvar2": 7.5444097547e-07, "var": 5.39199845662e-06, "min": 3.10221531623e-12, "dmean": 0.000454386085039, "mean": 0.00393091514707, "max": 0.0116175496951, "dmean2": 0.000691638502758, "median": 0.00369226140901, "dvar": 3.27188530491e-07}, "silence_rate_60dB": {"dvar2": 0.0520212836564, "var": 0.173996761441, "min": 0, "dmean": 0.0222653169185, "mean": 0.22436080873, "max": 1, "dmean2": 0.0445338301361, "median": 0, "dvar": 0.0217651240528}, "melbands": {"dvar2": [2.58054910773e-06, 1.46609875173e-06, 1.55428654125e-06, 2.87619900519e-06, 4.59437330846e-07, 8.59527290231e-07, 3.75539173092e-07, 2.51965047937e-07, 1.76981203026e-08, 1.52006496279e-08, 1.44816283409e-07, 1.77095586196e-07, 1.77697813797e-07, 1.31610434551e-07, 3.69879948892e-08, 2.78576397506e-08, 5.31050803332e-09, 5.62123070313e-10, 6.63243071575e-10, 7.60934926181e-11, 1.08973221072e-11, 7.49326035249e-12, 6.99566012757e-12, 1.63630307221e-12, 6.23345472461e-12, 5.19402186192e-12, 4.17464760677e-12, 9.43358498956e-12, 1.64476841435e-12, 1.15913680564e-12, 1.11832082223e-12, 1.67038518434e-12, 4.7317241271e-12, 6.91063872793e-12, 1.7886983561e-11, 1.25892551592e-11, 1.51616930816e-11, 6.91296499211e-12, 6.3691812241e-12, 8.01957718982e-12], "var": [1.48005904066e-06, 1.692312253e-06, 1.74793945007e-06, 1.6986399487e-06, 7.41575490792e-07, 1.69692179952e-06, 9.29623581669e-07, 4.75916635878e-07, 2.32006822642e-08, 1.92774560759e-08, 2.23427747414e-07, 3.96568964334e-07, 5.49025969576e-07, 3.45824162196e-07, 8.64874465378e-08, 7.13967622801e-08, 8.85863915556e-09, 4.46067516258e-10, 4.23599155752e-10, 1.51202023124e-10, 1.10970321474e-11, 9.24759054055e-12, 1.07200004082e-11, 2.66294365031e-12, 8.74160119291e-12, 7.67304015464e-12, 8.56942034694e-12, 1.22733134419e-11, 2.15085132864e-12, 1.26088668586e-12, 1.60947893468e-12, 1.85883817019e-12, 5.06422247887e-12, 8.68570666779e-12, 1.81488487433e-11, 1.91028790009e-11, 2.95192863209e-11, 1.22289097251e-11, 1.44709157851e-11, 7.36394625833e-12], "min": [1.74320984e-24, 9.7578573684e-25, 7.85114900605e-25, 7.74616493159e-25, 1.3289845993e-24, 6.83447690431e-25, 1.45840738739e-24, 8.35662839436e-25, 2.32437944609e-24, 1.80636111369e-24, 1.46794402548e-24, 2.59075351631e-24, 2.11340668282e-24, 2.7828226085e-24, 2.43381003365e-24, 1.21041811499e-24, 2.8528373665e-24, 2.74159969583e-24, 2.78317917363e-24, 3.57386254476e-24, 3.03809050326e-24, 3.48176540066e-24, 3.46743613675e-24, 3.23118570627e-24, 3.50266035389e-24, 2.94380466457e-24, 3.80927954369e-24, 3.8785793965e-24, 4.69998712494e-24, 4.35297667907e-24, 4.1972622417e-24, 3.58547063298e-24, 4.46241929675e-24, 4.99818049142e-24, 4.86001623704e-24, 5.56824254154e-24, 4.811693379e-24, 5.81670532769e-24, 5.65696020552e-24, 5.97564305072e-24], "dmean": [0.000233990358538, 0.000321411032928, 0.00027674814919, 0.000362376886187, 0.000223787792493, 0.000293847813737, 0.000202637951588, 0.000106417333882, 3.32792733388e-05, 2.9801060009e-05, 8.78173814272e-05, 9.47054795688e-05, 8.29032578622e-05, 7.37322479836e-05, 3.79171433451e-05, 2.44910534093e-05, 1.3646977095e-05, 4.06010121878e-06, 3.22890514326e-06, 1.70903877006e-06, 8.84365874754e-07, 6.78804326526e-07, 6.73428871778e-07, 3.53573881284e-07, 6.42755196623e-07, 5.48745674678e-07, 5.09994436015e-07, 6.70344093123e-07, 3.29847921421e-07, 2.33131487448e-07, 2.3454028053e-07, 1.57725594363e-07, 2.24190770837e-07, 3.01545554748e-07, 5.16040472576e-07, 5.12626172622e-07, 4.02891060958e-07, 2.45605207283e-07, 2.73233638381e-07, 2.51