{"tonal": {"thpcp": [1, 0.351872593164, 0.0547062568367, 0.0574277378619, 0.0675971806049, 0.549149036407, 0.865636885166, 0.394722372293, 0.125966250896, 0.192327737808, 0.117760665715, 0.33402556181, 0.55428725481, 0.252470135689, 0.246736243367, 0.448321789503, 0.223416268826, 0.0256666988134, 0.0269056335092, 0.0429746247828, 0.382996112108, 0.624653160572, 0.288161814213, 0.0286109056324, 0.0268436037004, 0.0480955950916, 0.451961010695, 0.884276926517, 0.604547023773, 0.526581287384, 0.595325112343, 0.221964493394, 0.0290253870189, 0.0327118374407, 0.138914495707, 0.78493386507], "hpcp": {"dmean2": [0.0779407396913, 0.0827840417624, 0.0424298718572, 0.0298714675009, 0.0358725823462, 0.0574789121747, 0.0729760676622, 0.0427706874907, 0.0390307866037, 0.0546044744551, 0.0414334200323, 0.0205006971955, 0.0224111415446, 0.0337965078652, 0.0789923146367, 0.0706932097673, 0.0591042526066, 0.0224937330931, 0.0236947294325, 0.0471266694367, 0.104616485536, 0.111893162131, 0.144704684615, 0.126117795706, 0.0711456909776, 0.0698841363192, 0.0227265432477, 0.0229300875217, 0.0706652328372, 0.111650638282, 0.0813747942448, 0.0677201598883, 0.0222537368536, 0.0207446292043, 0.0456977374852, 0.0980377793312], "median": [0.052068118006, 0.0299657490104, 0.000493543338962, 0.000250718585448, 0.0026215352118, 0.0272856429219, 0.0381152331829, 0.0179181080312, 0.00494481017813, 0.0048289578408, 0.00351846404374, 0.0011564163724, 0.000812101643533, 0.00202720565721, 0.0148220155388, 0.0182542726398, 0.00875735748559, 0.00111320894212, 0.000781639071647, 0.00072706642095, 0.0402035154402, 0.0849980711937, 0.0859281048179, 0.029766401276, 0.0131533108652, 0.000623807660304, 0.00109976856038, 0.00147211318836, 0.00548942387104, 0.0182819850743, 0.0241987686604, 0.0158933438361, 0.00280232727528, 0.00288748904131, 0.00465424545109, 0.0314080156386], "min": [0, 0, 0, 0, 0, 0, 0, 0, 0, 0, 0, 0, 0, 0, 0, 0, 0, 0, 0, 0, 0, 0, 5.58584179089e-06, 0, 0, 0, 3.62015555311e-07, 3.06244857029e-07, 2.12079172002e-07, 0, 0, 0, 0, 0, 0, 0], "dvar2": [0.0349908992648, 0.0307254418731, 0.0226177051663, 0.0193926263601, 0.0147977462038, 0.0163708571345, 0.0267700813711, 0.0092190168798, 0.00942305475473, 0.0231705326587, 0.0107095064595, 0.00871192850173, 0.0101795233786, 0.014543232508, 0.0331345945597, 0.0306090433151, 0.0232816431671, 0.0100352950394, 0.0180866438895, 0.0267162714154, 0.0512211509049, 0.0414633564651, 0.0599163249135, 0.0565475448966, 0.0361148491502, 0.0321910120547, 0.00977716594934, 0.0076236105524, 0.0255878549069, 0.0421241931617, 0.0353358723223, 0.0222492739558, 0.0114759504795, 0.0102043747902, 0.0211579296738, 0.0430498756468], "dvar": [0.0164892356843, 0.0109023097903, 0.00765252485871, 0.00779294874519, 0.00530866719782, 0.00723196053877, 0.0140624595806, 0.00395374139771, 0.00440107611939, 0.0123831797391, 0.00462938053533, 0.00298420968466, 0.00351230381057, 0.00496915727854, 0.0125665832311, 0.0152095593512, 0.00866496749222, 0.00335930474102, 0.005944323726, 0.00859219394624, 0.0175685379654, 0.0203196853399, 0.0208064801991, 0.0203869622201, 0.0159713309258, 0.0109819285572, 0.00335769657977, 0.00266647804528, 0.00891894847155, 0.0183452237397, 0.0191529113799, 0.00800437293947, 0.00374622060917, 0.00351371406578, 0.00707581080496, 0.0155237317085], "dmean": [0.0479982160032, 0.0480921454728, 0.0238416083157, 0.0176340993494, 0.020428897813, 0.0353601835668, 0.0463004633784, 0.0266148168594, 0.0248508863151, 0.0346310921013, 0.0246050376445, 0.0109295705333, 0.0119224712253, 0.0182036478072, 0.045989446342, 0.0437053330243, 0.0347926430404, 0.0118577824906, 0.0122733907774, 0.0245323721319, 0.0625516474247, 0.0734995603561, 0.0874045342207, 0.0720053687692, 0.0419681556523, 0.0389684960246, 0.0120670637116, 0.0124565511942, 0.0396055988967, 0.0669711455703, 0.0521816015244, 0.0397508330643, 0.0123828453943, 0.0119274472818, 0.0247540362179, 0.0579241514206], "max": [1, 1, 1, 1, 1, 1, 1, 1, 1, 1, 0.89743065834, 1, 1, 1, 1, 1, 1, 1, 1, 1, 1, 1, 1, 1, 1, 1, 1, 1, 1, 1, 1, 1, 1, 1, 1, 1], "var": [0.142671227455, 0.0309271905571, 0.0165251400322, 0.0446484126151, 0.0140631720424, 0.0294717568904, 0.0831571221352, 0.0164819192141, 0.0213853102177, 0.0763162523508, 0.0193688515574, 0.00168061605655, 0.00202293391339, 0.00292878272012, 0.0434258766472, 0.114365264773, 0.026003850624, 0.00189802225213, 0.00315825105645, 0.00484689790756, 0.0379266925156, 0.127086848021, 0.0485047213733, 0.073882907629, 0.115316100419, 0.0202464107424, 0.00189064198639, 0.00163976696786, 0.00878235232085, 0.113481625915, 0.172323599458, 0.0233549717814, 0.00276997033507, 0.00280249142088, 0.00457368511707, 0.0631530582905], "mean": [0.268770605326, 0.122556895018, 0.0391111150384, 0.0597156174481, 0.0365633741021, 0.103711210191, 0.172100007534, 0.0783891603351, 0.076608851552, 0.13919891417, 0.0693682581186, 0.00796922389418, 0.00835389923304, 0.0133431414142, 0.118916019797, 0.193947836757, 0.0894710272551, 0.00888336729258, 0.0083346394822, 0.0149331465364, 0.140328854322, 0.274558126926, 0.187705114484, 0.16349761188, 0.184841811657, 0.0689174979925, 0.00901205930859, 0.0101566603407, 0.043131403625, 0.243713214993, 0.310488849878, 0.109252519906, 0.0169856827706, 0.0178306717426, 0.0209881719202, 0.170504644513]}, "tuning_equal_tempered_deviation": 0.0334570258856, "chords_changes_rate": 0.05235914886, "key_key": "C", "tuning_diatonic_strength": 0.448094725609, "key_scale": "major", "chords_number_rate": 0.00199084216729, "tuning_frequency": 442.293365479, "tuning_nontempered_energy_ratio": 0.613468527794, "chords_histogram": [11.1686239243, 17.200876236, 15.4489345551, 0, 3.68305802345, 0, 8.30181121826, 0, 0.756520032883, 0, 0, 0, 0, 0, 0, 0.517618954182, 0, 0, 0.159267365932, 8.28190326691, 1.51304006577, 3.36452317238, 12.8409318924, 16.7628898621], "key_strength": 0.676717221737, "chords_key": "E", "chords_strength": {"dmean2": 0.0040510869585, "median": 0.443976402283, "min": 0.198060765862, "dvar2": 2.41975558311e-05, "dvar": 4.07921688748e-05, "dmean": 0.00784820411354, "max": 0.679815530777, "var": 0.00923596508801, "mean": 0.44261226058}, "chords_scale": "minor", "hpcp_entropy": {"dmean2": 0.55156236887, "median": 1.44796717167, "min": 0.0401129648089, "dvar2": 0.329903930426, "dvar": 0.134813591838, "dmean": 0.324548959732, "max": 4.25162887573, "var": 0.417544811964, "mean": 1.38622438908}}, "metadata": {"audio_properties": {"equal_loudness": 0, "codec": "flac", "downmix": "mix", "sample_rate": 44100, "analysis_sample_rate": 44100, "bit_rate": 0, "md5_encoded": "5b02c39cb2f8008659d121e4aae9e7ca", "length": 233.199996948, "replay_gain": 2.61979103088, "lossless": true}, "version": {"essentia_build_sha": "ca57ba49d9b1854bd80e60cf9ccf267278fb7d6b", "essentia": "2.1-beta1", "extractor": "music 1.0", "essentia_git_sha": "v2.1_beta1-28-g21ef5f4-dirty"}, "tags": {"title": ["La profondit\u00e0 del buio"], "barcode": ["0743213970226"], "media": ["CD"], "albumartist": ["Ludovico Einaudi"], "tracktotal": ["13"], "albumartistsort": ["Einaudi, Ludovico"], "releasetype": ["album"], "musicbrainz_recordingid": ["1f414830-78ed-4707-9774-e473c953eeca"], "musicbrainz_releasegroupid": ["90598a8a-a424-377f-8f42-81e3d1fa07c7"], "musicbrainz_albumartistid": ["fa34b363-79df-434f-a5b8-be4e6898543f"], "musicbrainz_releasetrackid": ["b3ca4b85-44d3-4194-8a37-be1aac72d4cd"], "discnumber": ["1"], "totaldiscs": ["1"], "catalognumber": ["74321397022"], "releasecountry": ["IT"], "isrc": ["ITB009600690"], "originaldate": ["1996"], "artists": ["Ludovico Einaudi"], "date": ["1996"], "file_name": "11 La profondit\u00e0 del buio.flac", "disctotal": ["1"], "musicbrainz_artistid": ["fa34b363-79df-434f-a5b8-be4e6898543f"], "asin": ["B0000268M6"], "musicbrainz_albumid": ["55396529-5a29-4874-a472-073920d48ab7"], "artist": ["Ludovico Einaudi"], "tracknumber": ["11"], "artistsort": ["Einaudi, Ludovico"], "album": ["Le onde"], "label": ["BMG Ricordi"], "releasestatus": ["official"], "acoustid_id": ["edef0471-7e7e-4747-adb6-b329d398b0c0"], "script": ["Latn"], "totaltracks": ["13"]}}, "rhythm": {"bpm_histogram_first_peak_bpm": {"dmean2": 0, "median": 136, "min": 136, "dvar2": 0, "dvar": 0, "dmean": 0, "max": 136, "var": 0, "mean": 136}, "bpm": 135.90965271, "bpm_histogram_second_peak_spread": {"dmean2": 0, "median": 0.232558131218, "min": 0.232558131218, "dvar2": 0, "dvar": 0, "dmean": 0, "max": 0.232558131218, "var": 0, "mean": 0.232558131218}, "bpm_histogram_first_peak_weight": {"dmean2": 0, "median": 0.178846150637, "min": 0.178846150637, "dvar2": 0, "dvar": 0, "dmean": 0, "max": 0.178846150637, "var": 0, "mean": 0.178846150637}, "onset_rate": 1.5435987711, "beats_position": [0.568888902664, 1.13777780533, 1.70666658878, 2.27555561066, 2.8444442749, 3.40172338486, 3.95900225639, 4.52789115906, 5.0967798233, 5.67727899551, 6.25777769089, 6.82666635513, 7.40716552734, 8.01088428497, 8.62621307373, 9.2067117691, 9.77560043335, 10.3560991287, 10.9249887466, 11.4938774109, 12.0859861374, 12.6780948639, 13.2818136215, 13.8855323792, 14.4892511368, 14.9652605057, 15.4412698746, 15.9172782898, 16.3700675964, 16.8228569031, 17.2756462097, 17.7168254852, 18.1696147919, 18.5991840363, 19.0287532806, 19.458322525, 19.9111099243, 20.3522891998, 20.7934684753, 21.2230377197, 21.6177768707, 22.0009059906, 22.3840351105, 22.7671642303, 23.1502952576, 23.5334243774, 23.9629936218, 24.3809528351, 24.7989120483, 25.2168693542, 25.6580486298, 26.1108379364, 26.563627243, 27.0164165497, 27.4459857941, 27.8639450073, 28.2935142517, 28.7230834961, 29.1526527405, 29.5822219849, 30.0350112915, 30.4645805359, 30.9057598114, 31.3469390869, 31.7881164551, 32.2525177002, 32.6936950684, 33.1232643127, 33.5644454956, 34.0056228638, 34.4468002319, 34.8995895386, 35.3639907837, 35.8283882141, 36.2463493347, 36.6875267029, 37.1287078857, 37.5698852539, 38.0110664368, 38.4522438049, 38.8934249878, 39.3229942322, 39.7641716003, 40.216960907, 40.6349182129, 41.041267395, 41.4708366394, 41.8423576355, 42.2254867554, 42.6086158752, 42.9917449951, 43.374874115, 43.7580032349, 44.1527442932, 44.5590934753, 44.953830719, 45.3253517151, 45.6968688965, 46.0799980164, 46.4631271362, 46.8462562561, 47.2409973145, 47.6357345581, 48.0304756165, 48.4368247986, 48.8315620422, 49.2495231628, 49.655872345, 50.0738296509, 50.4917907715, 50.8516998291, 51.2232208252, 51.5947380066, 51.9778671265, 52.4538764954, 52.9298858643, 53.4987754822, 54.0444450378, 54.5901107788, 55.1357803345, 55.6814498901, 56.2155075073, 56.761177063, 57.3068466187, 57.8409042358, 58.2936935425, 58.7464828491, 59.222492218, 59.6868934631, 60.1512908936, 60.6156921387, 61.0684814453, 61.5096588135, 61.9508361816, 62.4036254883, 62.8331947327, 63.2511558533, 63.6807250977, 64.1102905273, 64.5398635864, 64.9694290161, 65.3990020752, 65.8169631958, 66.234916687, 66.6644897461, 67.0824508667, 67.4771881104, 67.8835372925, 68.2898864746, 68.6846237183, 69.0793609619, 69.474105835, 69.9036712646, 70.3448486328, 70.7976379395, 71.2504272461, 71.7032165527, 72.1676177979, 72.5971832275, 73.0383682251, 73.4911575317, 73.9439468384, 74.396736145, 74.8495254517, 75.3023147583, 75.7434921265, 76.1846694946, 76.6374588013, 77.0902481079, 77.5430374146, 78.0190429688, 78.4834442139, 78.924621582, 79.3541946411, 79.7953720093, 80.2481613159, 80.6893386841, 81.1072998047, 81.5252609253, 81.9432220459, 82.3727874756, 82.8139648438, 83.2551422119, 83.6731033325, 84.0910644531, 84.5206298828, 84.9385910034, 85.3681640625, 85.8093414307, 86.2621307373, 86.7265319824, 87.1909255981, 87.7017669678, 88.2126083374, 88.7234420776, 89.1878433228, 89.6638565063, 90.1398620605, 90.6042633057, 91.0802688599, 91.5678863525, 92.0206756592, 92.4734649658, 92.9262542725, 93.3790435791, 93.8318328857, 94.2846221924, 94.7490234375, 95.2018127441, 95.6429901123, 96.0841674805, 96.525352478, 96.9897460938, 97.4425354004, 97.895324707, 98.3597259521, 98.8241271973, 99.3001327515, 99.7529220581, 100.205711365, 100.658500671, 101.09967804, 101.540863037, 101.993652344, 102.434829712, 102.899223328, 103.352012634, 103.816413879, 104.269203186, 104.721992493, 105.186393738, 105.639183044, 106.091972351, 106.544761658, 106.997550964, 107.450340271, 107.903129578, 108.344306946, 108.773872375, 109.215057373, 109.656234741, 110.097412109, 110.550201416, 110.991378784, 111.432563782, 111.885353088, 112.314918518, 112.779319763, 113.220497131, 113.6616745, 114.102851868, 114.544036865, 114.985214233, 115.426391602, 115.855964661, 116.28553009, 116.715103149, 117.167892456, 117.597457886, 118.038635254, 118.479812622, 118.886169434, 119.269294739, 119.652427673, 120.047164917, 120.430290222, 120.813423157, 121.196548462, 121.579681396, 122.020858765, 122.462036133, 122.926437378, 123.402442932, 123.878456116, 124.319633484, 124.760810852, 125.20199585, 125.619949341, 126.084350586, 126.548751831, 127.013153076, 127.477546692, 127.907119751, 128.336685181, 128.76625061, 129.207427979, 129.660217285, 130.113006592, 130.565795898, 131.018585205, 131.48298645, 131.958999634, 132.423400879, 132.887802124, 133.328979492, 133.77015686, 134.211334229, 134.652511597, 135.082077026, 135.500045776, 135.929611206, 136.370788574, 136.823577881, 137.264755249, 137.671112061, 138.089065552, 138.553466797, 138.983032227, 139.389389038, 139.807342529, 140.225296021, 140.631652832, 141.037994385, 141.467575073, 141.908752441, 142.34992981, 142.802719116, 143.255508423, 143.708297729, 144.172698975, 144.613876343, 145.066665649, 145.519454956, 145.972244263, 146.425033569, 146.889434814, 147.35383606, 147.818222046, 148.282623291, 148.747024536, 149.211425781, 149.675827026, 150.093780518, 150.500137329, 150.906478882, 151.312835693, 151.719177246, 152.125534058, 152.53187561, 152.94984436, 153.356185913, 153.774139404, 154.192108154, 154.633285522, 155.074462891, 155.50402832, 155.92199707, 156.3515625, 156.804351807, 157.245529175, 157.698318481, 158.162719727, 158.615509033, 159.06829834, 159.521087646, 159.962265015, 160.42666626, 160.891067505, 161.35546875, 161.808258057, 162.284255981, 162.748657227, 163.22467041, 163.700683594, 164.16506958, 164.617858887, 165.070648193, 165.5234375, 165.976226807, 166.417419434, 166.870193481, 167.322982788, 167.787384033, 168.216964722, 168.646530151, 169.076095581, 169.505661011, 169.946838379, 170.388031006, 170.829208374, 171.270385742, 171.71156311, 172.164352417, 172.617141724, 173.06993103, 173.522720337, 173.963897705, 174.393463135, 174.846252441, 175.28742981, 175.763442993, 176.251068115, 176.738677979, 177.156646729, 177.57460022, 177.992553711, 178.410522461, 178.828475952, 179.258041382, 179.676010132, 180.059127808, 180.442260742, 180.813781738, 181.196914673, 181.55682373, 181.928344727, 182.323074341, 182.706207275, 183.08934021, 183.484085083, 183.867202759, 184.296783447, 184.726348877, 185.167526245, 185.608703613, 186.049880981, 186.49105835, 186.920639038, 187.361816406, 187.791381836, 188.220947266, 188.685348511, 189.138137817, 189.556091309, 189.985671997, 190.380401611, 190.775146484, 191.169876099, 191.564620972, 191.982574463, 192.400543213, 192.818496704, 193.259674072, 193.70085144, 194.095596313, 194.490341187, 194.908294678, 195.314651489, 195.709381104, 196.104125977, 196.556915283, 196.986480713, 197.416046143, 197.834014893, 198.251968384, 198.669921875, 199.087890625, 199.529067993, 199.970245361, 200.411422729, 200.864212036, 201.328613281, 201.781402588, 202.210968018, 202.640533447, 203.070114136, 203.499679565, 203.929244995, 204.358810425, 204.788391113, 205.217956543, 205.635910034, 206.065490723, 206.495056152, 206.913009644, 207.319366455, 207.748931885, 208.21333313, 208.677734375, 209.142120361, 209.594909668, 210.047698975, 210.51210022, 210.976501465, 211.406066895, 211.847259521, 212.28843689, 212.752838135, 213.217224121, 213.681625366, 214.146026611, 214.622039795, 215.08644104, 215.527618408, 215.968795776, 216.409973145, 216.87437439, 217.361984253, 217.826385498, 218.290786743, 218.720352173, 219.149932861, 219.579498291, 220.043899536, 220.496688843, 220.949478149, 221.448699951, 221.947937012, 222.447158813, 222.958007812, 223.480453491, 223.979675293, 224.467300415, 224.966522217, 225.477371216, 225.941757202, 226.417770386, 226.882171631, 227.346572876, 227.810974121, 228.275375366, 228.739776611, 229.169342041, 229.598907471, 230.0284729, 230.469650269, 230.899230957, 231.328796387, 231.758361816, 232.187927246, 232.617507935], "beats_loudness": {"dmean2": 0.048492077738, "median": 0.0101938433945, "min": 9.72276666289e-06, "dvar2": 0.00634587276727, "dvar": 0.00228602159768, "dmean": 0.0282172206789, "max": 0.343913674355, "var": 0.00245999032632, "mean": 0.0287179760635}, "danceability": 0.995305418968, "bpm_histogram_second_peak_weight": {"dmean2": 0, "median": 0.126923084259, "min": 0.126923084259, "dvar2": 0, "dvar": 0, "dmean": 0, "max": 0.126923084259, "var": 0, "mean": 0.126923084259}, "beats_count": 521, "bpm_histogram_second_peak_bpm": {"dmean2": 0, "median": 129, "min": 129, "dvar2": 0, "dvar": 0, "dmean": 0, "max": 129, "var": 0, "mean": 129}, "bpm_histogram_first_peak_spread": {"dmean2": 0, "median": 0.645038187504, "min": 0.645038187504, "dvar2": 0, "dvar": 0, "dmean": 0, "max": 0.645038187504, "var": 0, "mean": 0.645038187504}, "beats_loudness_band_ratio": {"dmean2": [0.381250619888, 0.243226572871, 0.37308087945, 0.186274409294, 0.0283513329923, 0.00114851165563], "median": [0.295939266682, 0.170006662607, 0.29226911068, 0.0832049846649, 0.00635665515438, 7.93900253484e-05], "min": [0.00187544256914, 0.00118434638716, 0.000161682342878, 0.000162987897056, 2.84326997644e-05, 3.70085285795e-06], "dvar2": [0.0849988460541, 0.0403305329382, 0.0939818173647, 0.0518287047744, 0.00267230952159, 5.02109924128e-06], "dvar": [0.0399695672095, 0.0199741832912, 0.0433508493006, 0.0222529452294, 0.000942262297031, 1.825864274e-06], "dmean": [0.224418342113, 0.145129486918, 0.213995158672, 0.111538872123, 0.0159202441573, 0.000632882583886], "max": [0.995156645775, 0.830276548862, 0.98329770565, 0.957074284554, 0.272092938423, 0.0124252503738], "var": [0.0691546052694, 0.0392129309475, 0.0801266878843, 0.0297515634447, 0.000669665227178, 1.38438190334e-06], "mean": [0.337618470192, 0.223083585501, 0.375253498554, 0.142444938421, 0.0136279687285, 0.000504887546413]}}, "lowlevel": {"barkbands_spread": {"dmean2": 1.54185533524, "median": 6.07670593262, "min": 0.261775434017, "dvar2": 2.87009954453, "dvar": 1.2672482729, "dmean": 0.969879329205, "max": 26.8838844299, "var": 7.90930366516, "mean": 6.23452854156}, "melbands_spread": {"dmean2": 2.15364933014, "median": 8.45738983154, "min": 0.56484568119, "dvar2": 6.09111022949, "dvar": 2.66406035423, "dmean": 1.35599684715, "max": 31.8667144775, "var": 17.1956996918, "mean": 8.80357456207}, "hfc": {"dmean2": 3.11242699623, "median": 2.33330249786, "min": 3.32569705108e-08, "dvar2": 322.847595215, "dvar": 154.50692749, "dmean": 2.31715869904, "max": 444.201416016, "var": 455.157348633, "mean": 8.73229503632}, "barkbands_kurtosis": {"dmean2": 3.63425779343, "median": 1.30198001862, "min": -1.66270256042, "dvar2": 267.364868164, "dvar": 94.0751800537, "dmean": 2.28472828865, "max": 342.884643555, "var": 498.384765625, "mean": 5.74253749847}, "gfcc": {"mean": [-221.19241333, 218.435440063, -97.9680023193, -46.9150390625, -25.4433956146, -6.94830513, -23.6585731506, -1.86809790134, -9.83769798279, -11.4775447845, -11.7104291916, -6.83351230621, -5.02965593338], "icov": [[0.0036228436511, -0.00528351264074, 0.00489878794178, -0.00419250456616, 0.00274375872687, -0.0010866302764, -0.00246700155549, 0.00379978702404, -0.00559547077864, 0.00612836470827, -0.00540279457346, 0.00485746609047, -0.0020900152158], [-0.00528351264074, 0.0107944263145, -0.00876544602215, 0.0100218970329, -0.0082529457286, 0.00476256897673, 0.000780038302764, -0.00139245891478, 0.00581747433171, -0.00570078706369, 0.00512347184122, -0.00466033956036, 0.00267960689962], [0.00489878794178, -0.00876544602215, 0.00942117534578, -0.00816822424531, 0.00709584867582, -0.00619095843285, -0.000692950445227, 0.0018999039894, -0.00397644005716, 0.00524991145357, -0.00486524309963, 0.00531287724152, -0.00153654324822], [-0.00419250456616, 0.0100218970329, -0.00816822424531, 0.0135804228485, -0.00991008803248, 0.00654459232464, -0.00327282794751, 0.00110951461829, 0.00392988324165, -0.00451068906114, 0.00355711719021, -0.00290469708852, 0.00190711044706], [0.00274375872687, -0.0082529457286, 0.00709584867582, -0.00991008803248, 0.0138621237129, -0.00728990277275, 0.00583431310952, -0.00411090953276, -0.00102990109008, 0.0022446224466, -0.00345538393594, 0.00412951549515, -0.00203343690373], [-0.0010866302764, 0.00476256897673, -0.00619095843285, 0.00654459232464, -0.00728990277275, 0.0134355332702, -0.00494463741779, 0.00611171219498, -0.00178436713759, 0.00172902701888, -2.82315268123e-05, -0.00303590437397, -0.00134252663702], [-0.00246700155549, 0.000780038302764, -0.000692950445227, -0.00327282794751, 0.00583431310952, -0.00494463741779, 0.0128546813503, -0.00971493218094, 0.00532275484875, -0.00368836987764, 0.00375007512048, -0.000435297290096, 0.00098272471223], [0.00379978702404, -0.00139245891478, 0.0018999039894, 0.00110951461829, -0.00411090953276, 0.00611171219498, -0.00971493218094, 0.0237500350922, -0.0167145226151, 0.0139316897839, -0.0145267834887, 0.0098427599296, 6.65864426992e-05], [-0.00559547077864, 0.00581747433171, -0.00397644005716, 0.00392988324165, -0.00102990109008, -0.00178436713759, 0.00532275484875, -0.0167145226151, 0.0310318674892, -0.0232592970133, 0.0212423745543, -0.0142941735685, 0.00467683700845], [0.00612836470827, -0.00570078706369, 0.00524991145357, -0.00451068906114, 0.0022446224466, 0.00172902701888, -0.00368836987764, 0.0139316897839, -0.0232592970133, 0.0302833113819, -0.020875480026, 0.0153568889946, -0.00410043075681], [-0.00540279457346, 0.00512347184122, -0.00486524309963, 0.00355711719021, -0.00345538393594, -2.82315268123e-05, 0.00375007512048, -0.0145267834887, 0.0212423745543, -0.020875480026, 0.0356931425631, -0.0275955479592, 0.0118502015248], [0.00485746609047, -0.00466033956036, 0.00531287724152, -0.00290469708852, 0.00412951549515, -0.00303590437397, -0.000435297290096, 0.0098427599296, -0.0142941735685, 0.0153568889946, -0.0275955479592, 0.0345447026193, -0.0103652430698], [-0.0020900152158, 0.00267960689962, -0.00153654324822, 0.00190711044706, -0.00203343690373, -0.00134252663702, 0.00098272471223, 6.65864426992e-05, 0.00467683700845, -0.00410043075681, 0.0118502015248, -0.0103652430698, 0.0153614915907]], "cov": [[7054.37353516, 1506.54833984, -2524.95288086, 121.395820618, 419.618682861, -791.571105957, 564.323303223, 98.7447891235, 183.503601074, -411.686401367, -135.396759033, -357.02746582, 76.9770965576], [1506.54833984, 1279.56286621, -4.19290494919, -329.154632568, 254.687225342, -22.106338501, -73.6813430786, -88.2047119141, -79.8114852905, -132.212188721, 10.4863805771, -35.4884910583, 16.0657958984], [-2524.95288086, -4.19290494919, 1656.94787598, -87.8357696533, -170.310470581, 509.612701416, -166.910293579, -143.826583862, -170.528778076, 69.0930175781, 31.3556919098, 117.910804749, -7.13234901428], [121.395820618, -329.154632568, -87.8357696533, 368.675964355, 20.6122436523, -66.970993042, 130.05039978, 46.2919044495, 24.1858844757, 10.0019073486, -18.2636604309, -51.1025390625, -17.3545265198], [419.618682861, 254.687225342, -170.310470581, 20.6122436523, 275.720306396, -27.8829708099, -78.9421463013, 8.1716375351, -8.13744926453, -21.0815963745, 24.2922725677, -8.73229694366, 4.36430120468], [-791.571105957, -22.106338501, 509.612701416, -66.970993042, -27.8829708099, 302.532684326, -53.7080459595, -89.2564086914, -62.649684906, 2.16946411133, 1.60519838333, 67.1007003784, 45.7103042603], [564.323303223, -73.6813430786, -166.910293579, 130.05039978, -78.9421463013, -53.7080459595, 272.527618408, 77.2678756714, 30.5311317444, -40.7416763306, -33.1253471375, -67.066078186, -15.991856575], [98.7447891235, -88.2047119141, -143.826583862, 46.2919044495, 8.1716375351, -89.2564086914, 77.2678756714, 148.443588257, 56.3690185547, 7.50947999954, 25.4797382355, -26.463432312, -56.2871131897], [183.503601074, -79.8114852905, -170.528778076, 24.1858844757, -8.13744926453, -62.649684906, 30.5311317444, 56.3690185547, 122.40688324, 49.2747268677, -27.2887077332, -24.4102363586, -9.4551410675], [-411.686401367, -132.212188721, 69.0930175781, 10.0019073486, -21.0815963745, 2.16946411133, -40.7416763306, 7.50947999954, 49.2747268677, 123.808357239, 32.9784660339, 14.5536556244, -24.8812904358], [-135.396759033, 10.4863805771, 31.3556919098, -18.2636604309, 24.2922725677, 1.60519838333, -33.1253471375, 25.4797382355, -27.2887077332, 32.9784660339, 134.562271118, 70.640045166, -48.510925293], [-357.02746582, -35.4884910583, 117.910804749, -51.1025390625, -8.73229694366, 67.1007003784, -67.066078186, -26.463432312, -24.4102363586, 14.5536556244, 70.640045166, 110.253448486, 16.0841884613], [76.9770965576, 16.0657958984, -7.13234901428, -17.3545265198, 4.36430120468, 45.7103042603, -15.991856575, -56.2871131897, -9.4551410675, -24.8812904358, -48.510925293, 16.0841884613, 124.561691284]]}, "spectral_energyband_middle_low": {"dmean2": 0.00397202232853, "median": 0.00364671740681, "min": 1.89935515232e-11, "dvar2": 0.000384928367566, "dvar": 0.00018324588018, "dmean": 0.00280575151555, "max": 0.483033537865, "var": 0.000585341476835, "mean": 0.0109170302749}, "melbands_crest": {"dmean2": 3.41085863113, "median": 14.8289175034, "min": 4.77967214584, "dvar2": 11.55164814, "dvar": 5.03562307358, "dmean": 2.12067985535, "max": 37.7234573364, "var": 41.128818512, "mean": 16.2026309967}, "spectral_kurtosis": {"dmean2": 37.887298584, "median": 82.3832473755, "min": 2.02772188187, "dvar2": 1096.74816895, "dvar": 406.112640381, "dmean": 21.8637580872, "max": 236.692947388, "var": 1652.82751465, "mean": 86.0582122803}, "spectral_rms": {"dmean2": 0.000492917315569, "median": 0.00242869951762, "min": 1.82083795153e-07, "dvar2": 1.09673499082e-06, "dvar": 6.38538836029e-07, "dmean": 0.000354761839844, "max": 0.0232233889401, "var": 5.84503868595e-06, "mean": 0.00305332685821}, "zerocrossingrate": {"dmean2": 0.00257875514217, "median": 0.0234375, "min": 0, "dvar2": 7.60511466069e-06, "dvar": 4.86893350171e-06, "dmean": 0.00198219623417, "max": 0.0576171875, "var": 6.39591889922e-05, "mean": 0.0237954594195}, "silence_rate_60dB": {"dmean2": 0.0565568059683, "median": 0, "min": 0, "dvar2": 0.0597299151123, "dvar": 0.0274731889367, "dmean": 0.0282755866647, "max": 1, "var": 0.226461589336, "mean": 0.346640110016}, "erbbands_kurtosis": {"dmean2": 1.76891374588, "median": 0.204148054123, "min": -1.60662007332, "dvar2": 16.1452007294, "dvar": 8.49496841431, "dmean": 1.22083687782, "max": 104.73110199, "var": 141.185821533, "mean": 4.33723306656}, "erbbands": {"dmean2": [0.0106941657141, 0.265315592289, 0.75154954195, 0.502726435661, 2.17417597771, 1.63926672935, 2.33518505096, 3.54057407379, 6.16435098648, 14.0608787537, 19.9160442352, 29.8698883057, 54.8133468628, 28.579284668, 8.16210079193, 1.72171270847, 2.24552440643, 1.62853896618, 1.76164388657, 1.73769295216, 0.628979146481, 0.757038772106, 0.444209903479, 0.153493434191, 0.455912232399, 0.0885915234685, 0.0562690347433, 0.0226819496602, 0.0188882388175, 0.00483377277851, 0.00196881662123, 0.00123141438235, 0.000778023793828, 0.000250175100518, 3.63716790162e-05, 1.62636242749e-05, 8.17680029286e-06, 2.82754103864e-06, 2.870501703e-06, 6.19578622718e-06], "median": [0.0025579710491, 0.0812516361475, 0.306911855936, 0.339526861906, 1.21401798725, 1.22039115429, 1.43640446663, 2.512393713, 3.6669254303, 3.09967708588, 4.33947515488, 5.05961036682, 2.97652840614, 4.83309078217, 4.00851249695, 1.1618694067, 1.15375006199, 0.648535430431, 0.478516697884, 0.394069582224, 0.158766627312, 0.0914924293756, 0.0295729096979, 0.0113084390759, 0.00512844137847, 0.00107035727706, 0.00050725514302, 0.00026941523538, 0.000191100189113, 0.000152297754539, 0.000124349913676, 0.000100975128589, 8.40317952679e-05, 6.97295836289e-05, 5.11492835358e-05, 3.23922904499e-05, 1.77547699423e-05, 6.66835649099e-06, 5.06196420247e-06, 7.32789158064e-06], "min": [1.63140223552e-10, 9.07045882848e-10, 3.03930236534e-09, 7.25882776109e-09, 1.41807854348e-08, 2.3713781161e-08, 3.44745849645e-08, 4.32026858732e-08, 4.50264749929e-08, 3.6082301591e-08, 1.87074569169e-08, 4.92439644617e-09, 8.83538398e-09, 2.65732946758e-08, 3.18392032739e-08, 1.5291593769e-08, 5.13451103856e-09, 5.55766277444e-09, 4.70809169428e-09, 1.18041931785e-08, 4.14114298408e-09, 4.05129396697e-09, 5.25266186102e-09, 1.98593994583e-08, 1.60860569309e-08, 9.96924587326e-09, 3.53345108728e-09, 4.11178247006e-09, 3.41058870035e-09, 4.01565136698e-09, 4.38136149583e-09, 3.71320396653e-09, 2.53780796378e-09, 1.73241632151e-09, 1.26785237864e-09, 1.59583235515e-09, 3.58249319099e-10, 1.5116177754e-10, 4.19313715694e-11, 7.26272124038e-12], "dvar2": [0.00095988123212, 0.562100231647, 4.73647356033, 2.03904080391, 44.971206665, 25.0003929138, 45.8333511353, 60.7822875977, 335.926300049, 2298.91137695, 22688.734375, 30074.1621094, 521336.375, 74041.7734375, 1376.02563477, 37.3391456604, 144.470733643, 90.5713043213, 66.0523071289, 127.520149231, 10.1259469986, 17.8508071899, 8.43826198578, 1.59255874157, 24.5792446136, 0.879061162472, 0.306997060776, 0.0558789037168, 0.064711920917, 0.00187107955571, 0.000260359112872, 0.00016458267055, 0.00010643308633, 1.14427048175e-05, 3.21949542581e-08, 1.13087250675e-09, 2.50059389861e-10, 2.42762771691e-11, 1.34246072592e-10, 7.16664338984e-10], "dvar": [0.000399532989832, 0.206371754408, 1.98062241077, 0.989186644554, 22.3706989288, 10.6487350464, 19.2994060516, 20.3870010376, 109.500061035, 1057.32019043, 13321.3037109, 19337.6152344, 229204.390625, 37736.890625, 950.049194336, 18.8653621674, 76.2473068237, 64.6703796387, 36.321975708, 58.359790802, 5.64606904984, 10.7591781616, 5.74492645264, 0.651499330997, 11.641166687, 0.46579605341, 0.156707897782, 0.0239965356886, 0.0243828576058, 0.000684256316163, 0.000148067629198, 8.53342207847e-05, 4.50086408819e-05, 5.35531853529e-06, 1.36145565932e-08, 5.35676836222e-10, 1.14845688515e-10, 1.05906464154e-11, 6.55294499219e-11, 3.43187478435e-10], "dmean": [0.00644297292456, 0.161313787103, 0.491199940443, 0.333073079586, 1.44603323936, 1.04284620285, 1.4872430563, 2.06211829185, 3.54153704643, 9.15515613556, 14.9695014954, 21.9622993469, 39.0739364624, 20.9421367645, 6.6934132576, 1.22641670704, 1.77363586426, 1.30409455299, 1.30658197403, 1.30386579037, 0.496518552303, 0.618073225021, 0.364052385092, 0.106806211174, 0.328665435314, 0.06389028579, 0.0397967807949, 0.0149461384863, 0.0118577368557, 0.00292469654232, 0.00135387433693, 0.000825681432616, 0.000455773435533, 0.000162554788403, 2.26564316108e-05, 1.00228471638e-05, 5.01061413161e-06, 1.7068833813e-06, 2.04903653866e-06, 4.45155001216e-06], "max": [0.499764204025, 13.8324747086, 50.1597824097, 40.4694633484, 133.134063721, 83.5108032227, 283.1199646, 125.153427124, 246.972747803, 1251.81274414, 7276.89111328, 5808.99707031, 19704.5097656, 8238.15527344, 1666.43066406, 212.008102417, 400.722503662, 339.055938721, 280.763671875, 311.600189209, 141.357879639, 155.67149353, 129.873657227, 34.2292823792, 207.941009521, 43.7811050415, 21.4279956818, 6.65025997162, 10.3158864975, 0.884122729301, 0.476532995701, 0.376730978489, 0.280293464661, 0.105355300009, 0.00535402540118, 0.000717786315363, 0.000270265853032, 7.89569312474e-05, 0.000285890098894, 0.000644251820631], "var": [0.000669809931424, 0.510573983192, 11.6497859955, 6.35551214218, 135.958267212, 31.3559474945, 178.136932373, 93.013092041, 335.214996338, 4668.00732422, 58177.6171875, 116745.304688, 532546.9375, 112326.375, 6937.82373047, 111.577636719, 254.398635864, 243.113494873, 160.968551636, 178.457519531, 21.8008594513, 32.9373893738, 14.685377121, 1.3471916914, 17.4845142365, 0.777922391891, 0.241146117449, 0.0298843067139, 0.0196228567511, 0.000626827066299, 0.000229654600844, 0.000110780689283, 4.12905683334e-05, 7.22471804693e-06, 1.62687747718e-08, 1.14085074721e-09, 2.53603665845e-10, 2.13052700482e-11, 2.16483886373e-10, 1.10631637185e-09], "mean": [0.0104036582634, 0.316343098879, 1.46162080765, 1.22336769104, 5.16465187073, 3.13670563698, 5.38375425339, 6.23218345642, 10.1386117935, 24.1843986511, 49.2983627319, 88.6029129028, 115.094734192, 58.1164741516, 24.8034248352, 4.28297948837, 5.42316436768, 3.70292043686, 3.96204185486, 3.81177330017, 1.38836121559, 1.42841553688, 0.786269068718, 0.2465351969, 0.498581439257, 0.089568503201, 0.0512593053281, 0.0193565730006, 0.0141557874158, 0.00379789364524, 0.00178573955782, 0.000977828749456, 0.000511456397362, 0.000249486998655, 7.04733538441e-05, 4.1242899897e-05, 2.22915314225e-05, 7.90094145486e-06, 9.80858294497e-06, 1.81864597835e-05]}, "spectral_strongpeak": {"dmean2": 0.412347912788, "median": 0.442712038755, "min": 0, "dvar2": 1.14134037495, "dvar": 0.600924372673, "dmean": 0.275493323803, "max": 22.1379318237, "var": 4.29843711853, "mean": 1.24443638325}, "spectral_energy": {"dmean2": 0.00545142963529, "median": 0.00604604557157, "min": 3.39833716723e-11, "dvar2": 0.000533473561518, "dvar": 0.000255143851973, "dmean": 0.00390348467045, "max": 0.552808940411, "var": 0.000828919117339, "mean": 0.0155470240861}, "average_loudness": 0.245206788182, "spectral_rolloff": {"dmean2": 96.5978851318, "median": 667.529296875, "min": 21.533203125, "dvar2": 25418.7441406, "dvar": 11791.9648438, "dmean": 55.3740921021, "max": 1981.0546875, "var": 57799.6601562, "mean": 648.796264648}, "spectral_centroid": {"dmean2": 50.7501983643, "median": 492.306335449, "min": 175.565155029, "dvar2": 8845.13085938, "dvar": 3785.22143555, "dmean": 32.8651008606, "max": 2175.7434082, "var": 28906.6933594, "mean": 523.862854004}, "pitch_salience": {"dmean2": 0.0736803933978, "median": 0.535236537457, "min": 0.0552011206746, "dvar2": 0.00663845054805, "dvar": 0.00270579312928, "dmean": 0.0453339330852, "max": 0.893723070621, "var": 0.0197923909873, "mean": 0.513848602772}, "spectral_energyband_middle_high": {"dmean2": 0.00162447965704, "median": 0.000475620559882, "min": 2.95623616732e-12, "dvar2": 0.000190182225197, "dvar": 8.76297999639e-05, "dmean": 0.00120003102347, "max": 0.339078068733, "var": 0.000221455498831, "mean": 0.00369975622743}, "spectral_contrast_coeffs": {"dmean2": [0.0596622154117, 0.0555835440755, 0.0350822918117, 0.0307003371418, 0.0238890405744, 0.0240335036069], "median": [-0.626063287258, -0.675668776035, -0.675414085388, -0.712384700775, -0.753098368645, -0.875416755676], "min": [-0.974810779095, -0.976997554302, -0.959482550621, -0.960768461227, -0.940658330917, -0.943756461143], "dvar2": [0.00238936091773, 0.00269412109628, 0.00158675853163, 0.00118929927703, 0.000637718709186, 0.000964335456956], "dvar": [0.00087444804376, 0.00102606380824, 0.000737684080377, 0.000551189121325, 0.000347933615558, 0.000379996665288], "dmean": [0.0352613925934, 0.0331196598709, 0.0224849749357, 0.0199031420052, 0.0160195436329, 0.0140626803041], "max": [-0.371758252382, -0.337405622005, -0.325468748808, -0.495233595371, -0.475930601358, -0.598345458508], "var": [0.00555389374495, 0.00590876908973, 0.00779884681106, 0.00412314385176, 0.00675814365968, 0.00192410580348], "mean": [-0.629188477993, -0.671714365482, -0.666234910488, -0.711747825146, -0.757909178734, -0.859393358231]}, "melbands_skewness": {"dmean2": 0.536940515041, "median": 1.09365868568, "min": -6.27478551865, "dvar2": 0.714268147945, "dvar": 0.319669336081, "dmean": 0.345191627741, "max": 25.5678195953, "var": 3.83763456345, "mean": 1.10612738132}, "spectral_spread": {"dmean2": 400469.9375, "median": 980569.125, "min": 346388.53125, "dvar2": 154082459648, "dvar": 59499249664, "dmean": 227181.59375, "max": 20057792, "var": 1349997953020.0, "mean": 1200891.75}, "dissonance": {"dmean2": 0.0542475692928, "median": 0.382844477892, "min": 0.0276312697679, "dvar2": 0.00341449445114, "dvar": 0.00126120739151, "dmean": 0.0314863175154, "max": 0.500000059605, "var": 0.00397114409134, "mean": 0.37851318717}, "spectral_skewness": {"dmean2": 2.08539795876, "median": 6.62989854813, "min": 1.26952123642, "dvar2": 2.97965073586, "dvar": 1.06879842281, "dmean": 1.19343328476, "max": 12.616601944, "var": 4.02895402908, "mean": 6.64642524719}, "spectral_flux": {"dmean2": 0.0185581613332, "median": 0.0175406746566, "min": 0.000425725476816, "dvar2": 0.00194858782925, "dvar": 0.000833931670059, "dmean": 0.0116210076958, "max": 0.600565493107, "var": 0.00113099778537, "mean": 0.0261417273432}, "spectral_contrast_valleys": {"dmean2": [0.614772617817, 0.44689810276, 0.360841214657, 0.388225972652, 0.32518067956, 0.350050926208], "median": [-8.35572147369, -7.47992515564, -8.54641151428, -10.0986623764, -11.8337421417, -14.131896019], "min": [-15.5290327072, -16.4059619904, -17.0517730713, -17.8909034729, -17.3977947235, -18.9897537231], "dvar2": [0.257903277874, 0.19680839777, 0.21008579433, 0.250061631203, 0.244994059205, 0.187487453222], "dvar": [0.105211056769, 0.0863840505481, 0.0979225859046, 0.118360646069, 0.114650502801, 0.0652482137084], "dmean": [0.368440896273, 0.271620035172, 0.226008668542, 0.241300627589, 0.203429833055, 0.203273385763], "max": [-5.64730501175, -5.06396007538, -4.99829053879, -6.90836238861, -7.43688678741, -11.0911998749], "var": [0.913050472736, 1.23840224743, 1.39037752151, 1.0511572361, 0.516274154186, 0.135935887694], "mean": [-8.41791057587, -7.68863105774, -8.68006229401, -10.2065019608, -11.6956176758, -14.0058708191]}, "erbbands_flatness_db": {"dmean2": 0.0162001550198, "median": 0.340658962727, "min": 0.0236455388367, "dvar2": 0.000365042913472, "dvar": 0.000182176867384, "dmean": 0.0107934679836, "max": 0.55801987648, "var": 0.00345253152773, "mean": 0.344243079424}, "spectral_energyband_high": {"dmean2": 2.42846408582e-06, "median": 7.09258642928e-08, "min": 1.34736872267e-12, "dvar2": 6.05609284943e-10, "dvar": 3.11153547372e-10, "dmean": 1.69855934473e-06, "max": 0.00106671731919, "var": 4.84697615377e-10, "mean": 2.37072254095e-06}, "spectral_entropy": {"dmean2": 0.17180518806, "median": 5.68059682846, "min": 4.0759973526, "dvar2": 0.070613630116, "dvar": 0.0306272543967, "dmean": 0.109719611704, "max": 8.63186168671, "var": 0.19400344789, "mean": 5.66586399078}, "silence_rate_20dB": {"dmean2": 0.00238972413354, "median": 1, "min": 0, "dvar2": 0.00337937287986, "dvar": 0.0011931436602, "dmean": 0.00119474309031, "max": 1, "var": 0.000696371833328, "mean": 0.999303162098}, "melbands_flatness_db": {"dmean2": 0.0231388639659, "median": 0.43570369482, "min": 0.183108821511, "dvar2": 0.000879593950231, "dvar": 0.000391571549699, "dmean": 0.0149914529175, "max": 0.629522442818, "var": 0.00258145690896, "mean": 0.439315229654}, "barkbands": {"dmean2": [6.02083127887e-05, 0.000946321233641, 0.000585663306993, 0.000245715549681, 0.000615750439465, 0.000403641635785, 0.000640840444248, 0.000865589419845, 0.00109833816532, 0.00183238298632, 0.000246672338108, 4.05748905905e-05, 4.5602737373e-05, 3.41356026183e-05, 2.77946783172e-05, 2.26258125622e-05, 1.82779349416e-05, 5.79770858167e-06, 7.89642581367e-06, 1.50220296291e-06, 6.88415070726e-07, 3.95998995373e-07, 1.01388010876e-07, 4.24658210818e-08, 1.50250336617e-08, 3.6973906159e-09, 5.7798126285e-09], "median": [1.64242192113e-05, 0.000248554570135, 0.000192982086446, 8.66045229486e-05, 0.000476253917441, 0.000310330942739, 0.000227927812375, 0.000129464446218, 0.000147377300891, 0.000106074206997, 8.38532214402e-05, 1.31214710564e-05, 1.65678302437e-05, 1.15354550871e-05, 3.8345797293e-06, 4.55738518212e-06, 2.08729284168e-06, 3.44285723486e-07, 1.49960484919e-07, 1.56675135088e-08, 7.56883800079e-09, 4.89448614971e-09, 4.21696677577e-09, 4.63170835019e-09, 6.21132612011e-09, 8.039680921e-09, 2.45701059498e-08], "min"