{"tonal": {"thpcp": [1, 0.519061148167, 0.223117828369, 0.194764256477, 0.17653721571, 0.263106882572, 0.374333322048, 0.30134254694, 0.199191525578, 0.181365907192, 0.199089169502, 0.327204793692, 0.402383476496, 0.341337561607, 0.450345575809, 0.516722738743, 0.319607198238, 0.216064184904, 0.233226343989, 0.262403041124, 0.451880276203, 0.642866134644, 0.559988379478, 0.405583530664, 0.318490922451, 0.318052887917, 0.474241673946, 0.531585872173, 0.4014749825, 0.490642517805, 0.645453095436, 0.453166425228, 0.356470733881, 0.413146346807, 0.395801484585, 0.803214132786], "hpcp": {"dmean2": [0.269765287638, 0.241451323032, 0.23471096158, 0.239670097828, 0.226863235235, 0.214395642281, 0.223345175385, 0.240173563361, 0.300150722265, 0.316611707211, 0.237361773849, 0.161916688085, 0.135388329625, 0.12690128386, 0.145295009017, 0.182904452085, 0.17127430439, 0.141633614898, 0.131402298808, 0.148766189814, 0.19348333776, 0.217754870653, 0.206396281719, 0.245671063662, 0.236228004098, 0.168139055371, 0.150496512651, 0.150237485766, 0.182831034064, 0.254951834679, 0.305051058531, 0.313899099827, 0.299944370985, 0.237372800708, 0.224943161011, 0.268508791924], "median": [0.0364316254854, 0.0403459072113, 0.0452332980931, 0.037859223783, 0.0268577225506, 0.0299818832427, 0.0316134802997, 0.0454477407038, 0.105439946055, 0.118163242936, 0.06785620749, 0.0188322998583, 0.0145983230323, 0.013198572211, 0.0239492487162, 0.0333701297641, 0.0288310423493, 0.0171929895878, 0.0142592508346, 0.0167536698282, 0.0342636704445, 0.0377588421106, 0.0373790450394, 0.0431540831923, 0.0415714979172, 0.0272129960358, 0.0191044062376, 0.0182204134762, 0.0171311274171, 0.046683691442, 0.0688063725829, 0.0599596127868, 0.0270959548652, 0.0237867496908, 0.0234789140522, 0.0346419923007], "min": [0, 0, 0, 0, 0, 0, 0, 0, 0, 0, 0, 0, 0, 0, 0, 0, 0, 0, 0, 0, 0, 0, 0, 0, 0, 0, 0, 0, 0, 0, 0, 0, 0, 0, 0, 0], "dvar2": [0.143947169185, 0.129788354039, 0.113397672772, 0.137850195169, 0.116263665259, 0.1140204072, 0.112817443907, 0.120976857841, 0.131265327334, 0.153920531273, 0.0980264097452, 0.0840516090393, 0.067572645843, 0.06778614223, 0.0644455850124, 0.0842650309205, 0.0860527455807, 0.0664621889591, 0.0692428350449, 0.0779739320278, 0.093056730926, 0.108388133347, 0.0908706784248, 0.128868997097, 0.115836426616, 0.0772743746638, 0.0814750567079, 0.0790238827467, 0.106127440929, 0.133066087961, 0.153989672661, 0.166888773441, 0.183669701219, 0.129656583071, 0.121764987707, 0.153991550207], "dvar": [0.0617805458605, 0.0480529479682, 0.0437104217708, 0.0585437938571, 0.0435337498784, 0.0438352525234, 0.0444841496646, 0.0439185015857, 0.0523627437651, 0.0677583441138, 0.0360163673759, 0.0297427847981, 0.024522120133, 0.0241075642407, 0.0243168454617, 0.0339735746384, 0.0314596034586, 0.0231135059148, 0.0248624421656, 0.0282388944179, 0.0345511175692, 0.0418325290084, 0.0339783169329, 0.0483159683645, 0.0466951988637, 0.0290866289288, 0.0290827527642, 0.0286137722433, 0.0377683341503, 0.0498128309846, 0.0636710748076, 0.065738029778, 0.0708299130201, 0.0491257235408, 0.0455530807376, 0.0621055848897], "dmean": [0.153269991279, 0.13490344584, 0.133900761604, 0.135028094053, 0.128631800413, 0.120732009411, 0.128303304315, 0.134865030646, 0.175056785345, 0.184092670679, 0.135428413749, 0.0887770727277, 0.0747115761042, 0.0701699331403, 0.0830596759915, 0.106453940272, 0.096788212657, 0.0779187679291, 0.0721856355667, 0.0811135619879, 0.109082847834, 0.124091364443, 0.116774909198, 0.13937920332, 0.133532315493, 0.0952745527029, 0.083179242909, 0.0839676335454, 0.100226074457, 0.144352957606, 0.176674589515, 0.17852948606, 0.166077211499, 0.130343481898, 0.124564819038, 0.153016120195], "max": [1, 1, 1, 1, 1, 1, 1, 1, 1, 1, 1, 1, 1, 1, 1, 1, 1, 1, 1, 1, 1, 1, 1, 1, 1, 1, 1, 1, 1, 1, 1, 1, 1, 1, 1, 1], "var": [0.0837612822652, 0.0463462546468, 0.056535474956, 0.114472739398, 0.0555855594575, 0.043338701129, 0.0538774095476, 0.0418465323746, 0.0949252769351, 0.145420178771, 0.0463900603354, 0.0220347344875, 0.0196444392204, 0.0186053365469, 0.025220066309, 0.0463090911508, 0.0314236879349, 0.0177207048982, 0.0185507740825, 0.0211448203772, 0.0330464839935, 0.04848498106, 0.0326553322375, 0.053371746093, 0.0740884840488, 0.0340145863593, 0.0228820126504, 0.025951391086, 0.0325233489275, 0.0540004856884, 0.0880399495363, 0.0696424916387, 0.059367403388, 0.0402759835124, 0.0388588793576, 0.0705951824784], "mean": [0.173966228962, 0.13138628006, 0.16056714952, 0.211230307817, 0.1483027637, 0.116658240557, 0.135205835104, 0.129529580474, 0.262859016657, 0.327258944511, 0.169867411256, 0.0730173066258, 0.0637383460999, 0.0577733851969, 0.086104080081, 0.12250392884, 0.0986170470715, 0.0651872083545, 0.0593536160886, 0.0651537105441, 0.107080690563, 0.131683588028, 0.111705772579, 0.147379621863, 0.169102147222, 0.104594312608, 0.070708937943, 0.0763254091144, 0.0858737453818, 0.147881865501, 0.210383698344, 0.183261215687, 0.132730841637, 0.104229003191, 0.10408565402, 0.155199825764]}, "tuning_equal_tempered_deviation": 0.0825657695532, "chords_changes_rate": 0.080608792603, "key_key": "F", "tuning_diatonic_strength": 0.589040100574, "key_scale": "major", "chords_number_rate": 0.00281848921441, "tuning_frequency": 440, "tuning_nontempered_energy_ratio": 0.729147255421, "chords_histogram": [15.7271699905, 6.05975198746, 33.8218727112, 1.63472378254, 10.6538896561, 0.648252546787, 0.0281848926097, 0.197294250131, 0, 0, 0.958286345005, 0.0281848926097, 0.732807219028, 0.0563697852194, 0, 1.18376553059, 0, 2.42390084267, 0.225479140878, 2.42390084267, 0.845546782017, 8.878241539, 12.9086809158, 0.563697874546], "key_strength": 0.726702272892, "chords_key": "C", "chords_strength": {"dmean2": 0.0123093910515, "median": 0.492044866085, "min": 0.209424346685, "dvar2": 0.00012395370868, "dvar": 9.43684208323e-05, "dmean": 0.011798738502, "max": 0.70049482584, "var": 0.00880640838295, "mean": 0.488897413015}, "chords_scale": "major", "hpcp_entropy": {"dmean2": 1.0814704895, "median": 2.20914745331, "min": 0, "dvar2": 0.788398265839, "dvar": 0.304514497519, "dmean": 0.65292018652, "max": 4.41777229309, "var": 0.683064341545, "mean": 2.16371583939}}, "metadata": {"audio_properties": {"equal_loudness": 0, "codec": "flac", "downmix": "mix", "analysis_sample_rate": 44100, "bit_rate": 0, "md5_encoded": "5281ac6bc0f9c50ef11109ed89d35c81", "length": 164.706665039, "replay_gain": -5.89469337463, "lossless": true}, "version": {"essentia_build_sha": "7598a69e7b456135ce4c070efb04a3d0ebb71fdd", "essentia": "2.1-beta1", "extractor": "music 1.0", "essentia_git_sha": "v2.1_beta1-6-g5578087"}, "tags": {"title": ["Panpan cucul"], "barcode": ["042283839229"], "media": ["CD"], "albumartist": ["Serge Gainsbourg"], "tracktotal": ["22"], "musicbrainz_releasegroupid": ["6c241774-a6bb-422c-a9f9-bb20b5a7de5e"], "releasetype": ["album", "compilation"], "musicbrainz_recordingid": ["1f44f259-1cc5-437b-a846-471de440263c"], "musicbrainz_albumartistid": ["b21ef19b-c6aa-4775-90d3-3cc3e067ce6d"], "musicbrainz_releasetrackid": ["66b7ddf4-9ee9-3bc6-9100-9ac92445cc28"], "discnumber": ["1"], "album": ["Gainsbourg, Volume 6: Je suis venu te dire que je m'en vais, 1972-1975"], "catalognumber": ["838 392-2"], "releasecountry": ["FR"], "isrc": ["FRZ037301130"], "originaldate": ["1989"], "albumartistsort": ["Gainsbourg, Serge"], "date": ["1989"], "file_name": "05 Panpan cucul.flac", "disctotal": ["1"], "musicbrainz_artistid": ["b21ef19b-c6aa-4775-90d3-3cc3e067ce6d"], "asin": ["B0000084D3"], "musicbrainz_albumid": ["fe23ba81-c69e-4448-a5c4-d949285f79e0"], "tracknumber": ["5"], "artistsort": ["Gainsbourg, Serge"], "artist": ["Serge Gainsbourg"], "label": ["Phonogram"], "releasestatus": ["official"], "totaldiscs": ["1"], "script": ["Latn"], "totaltracks": ["22"]}}, "rhythm": {"bpm_histogram_first_peak_bpm": {"dmean2": 0, "median": 157, "min": 157, "dvar2": 0, "dvar": 0, "dmean": 0, "max": 157, "var": 0, "mean": 157}, "bpm": 155.204544067, "bpm_histogram_second_peak_spread": {"dmean2": 0, "median": 0.0560000538826, "min": 0.0560000538826, "dvar2": 0, "dvar": 0, "dmean": 0, "max": 0.0560000538826, "var": 0, "mean": 0.0560000538826}, "bpm_histogram_first_peak_weight": {"dmean2": 0, "median": 0.636792480946, "min": 0.636792480946, "dvar2": 0, "dvar": 0, "dmean": 0, "max": 0.636792480946, "var": 0, "mean": 0.636792480946}, "onset_rate": 4.19493770599, "beats_position": [0.348299324512, 0.719818592072, 1.11455774307, 1.49768710136, 1.88081634045, 2.2523355484, 2.63546490669, 3.01859402657, 3.39011335373, 3.7732424736, 4.15637159348, 4.52789115906, 4.8994102478, 5.2941493988, 5.6888885498, 6.08362817764, 6.46675729752, 6.84988641739, 7.23301553726, 7.61614513397, 7.99927425385, 8.38240337372, 8.75392246246, 9.12544155121, 9.49696159363, 9.8800907135, 10.2632198334, 10.6347389221, 11.0062580109, 11.3893871307, 11.7725172043, 12.1556463242, 12.538775444, 12.933514595, 13.328253746, 13.7113828659, 14.0945119858, 14.4776411057, 14.8491611481, 15.2322902679, 15.6154193878, 15.9869384766, 16.3700675964, 16.7415866852, 17.1247158051, 17.5078449249, 17.8909740448, 18.2741031647, 18.6572322845, 19.0519733429, 19.4351024628, 19.8182315826, 20.2013607025, 20.5844898224, 20.9676189423, 21.3507480621, 21.733877182, 22.1170063019, 22.5001354218, 22.8832645416, 23.2663936615, 23.6495227814, 24.0442619324, 24.4273910522, 24.8105201721, 25.1936511993, 25.5767803192, 25.9599094391, 26.3314285278, 26.7145576477, 27.0976867676, 27.4808158875, 27.8639450073, 28.2470741272, 28.6302032471, 29.0133323669, 29.3964614868, 29.7795906067, 30.1627197266, 30.5574588776, 30.9405899048, 31.3237190247, 31.7184581757, 32.1015853882, 32.4847145081, 32.8678436279, 33.2509727478, 33.6341018677, 34.0172348022, 34.4003639221, 34.783493042, 35.1666221619, 35.5497512817, 35.9328804016, 36.3160095215, 36.7107467651, 37.1054878235, 37.4886169434, 37.8717460632, 38.2548751831, 38.638004303, 39.0327415466, 39.427482605, 39.8106117249, 40.1937408447, 40.5884780884, 40.9716110229, 41.3547401428, 41.7378692627, 42.1209983826, 42.5157356262, 42.9104766846, 43.3052139282, 43.6999549866, 44.0946922302, 44.4894332886, 44.8725624084, 45.2556915283, 45.6388206482, 46.0335578918, 46.4166870117, 46.8114280701, 47.1945571899, 47.5776863098, 47.9608154297, 48.3439445496, 48.7386856079, 49.1334228516, 49.5281639099, 49.9229011536, 50.3176422119, 50.6891593933, 51.0722885132, 51.4554176331, 51.8501586914, 52.2448959351, 52.6396369934, 53.0227661133, 53.4058952332, 53.789024353, 54.1721534729, 54.5668907166, 54.9616317749, 55.3447608948, 55.7278900146, 56.122631073, 56.5057601929, 56.9004974365, 57.2836265564, 57.6667556763, 58.0498847961, 58.433013916, 58.8161430359, 59.2108840942, 59.5824012756, 59.9655303955, 60.3486595154, 60.7434005737, 61.1381378174, 61.5212669373, 61.9043960571, 62.2991371155, 62.6822662354, 63.0653953552, 63.4485244751, 63.831653595, 64.2031707764, 64.5979156494, 64.9926528931, 65.3757781982, 65.7589111328, 66.142036438, 66.5251693726, 66.9082946777, 67.2914276123, 67.686164856, 68.0809020996, 68.4756469727, 68.8703842163, 69.2535171509, 69.6366424561, 70.0197753906, 70.4029006958, 70.7860336304, 71.1691589355, 71.5522918701, 71.9354171753, 72.3185501099, 72.701675415, 73.0964126587, 73.4911575317, 73.8858947754, 74.280632019, 74.6753692627, 75.0701141357, 75.4532394409, 75.8363723755, 76.2194976807, 76.6026306152, 76.9973678589, 77.3921051025, 77.7868499756, 78.1699752808, 78.5531082153, 78.9362335205, 79.3193664551, 79.7141036987, 80.1088409424, 80.491973877, 80.8750991821, 81.2582321167, 81.6413574219, 82.0244903564, 82.4076156616, 82.7907485962, 83.1738739014, 83.5686187744, 83.9517440796, 84.3348770142, 84.7180023193, 85.1011352539, 85.4726486206, 85.8557815552, 86.2389068604, 86.6336517334, 87.0167770386, 87.3999099731, 87.7830352783, 88.1661682129, 88.5609054565, 88.9556427002, 89.3387756348, 89.7219009399, 90.1050338745, 90.4881591797, 90.8596801758, 91.2428131104, 91.6259384155, 92.0090713501, 92.3921966553, 92.7637176514, 93.1468429565, 93.5299758911, 93.9247131348, 94.3078460693, 94.6909713745, 95.0741043091, 95.4688415527, 95.8519744873, 96.2350997925, 96.6182327271, 97.0013580322, 97.3844909668, 97.767616272, 98.1507492065, 98.5454864502, 98.9286117554, 99.3233566284, 99.7180938721, 100.112831116, 100.49596405, 100.879089355, 101.26222229, 101.656959534, 102.051696777, 102.44644165, 102.829566956, 103.21269989, 103.595825195, 103.97895813, 104.373695374, 104.768432617, 105.163169861, 105.546302795, 105.929428101, 106.324172974, 106.718910217, 107.102035522, 107.485168457, 107.868293762, 108.251426697, 108.634559631, 109.017684937, 109.41242218, 109.795555115, 110.17868042, 110.561813354, 110.94493866, 111.339683533, 111.722808838, 112.105941772, 112.500679016, 112.89541626, 113.278549194, 113.6616745, 114.044807434, 114.427932739, 114.822669983, 115.205802917, 115.588935852, 115.972061157, 116.355194092, 116.749931335, 117.133056641, 117.516189575, 117.910926819, 118.305664062, 118.700408936, 119.083534241, 119.466667175, 119.84979248, 120.232925415, 120.627662659, 121.022399902, 121.405532837, 121.788658142, 122.171791077, 122.554916382, 122.949661255, 123.33278656, 123.715919495, 124.110656738, 124.505393982, 124.888526917, 125.271652222, 125.654785156, 126.037910461, 126.432647705, 126.827392578, 127.210517883, 127.593650818, 127.976776123, 128.359909058, 128.743041992, 129.126159668, 129.520904541, 129.915649414, 130.310379028, 130.693511963, 131.076644897, 131.459777832, 131.842895508, 132.214416504, 132.609161377, 132.992294312, 133.363800049, 133.746932983, 134.130065918, 134.513198853, 134.896316528, 135.279449463, 135.674194336, 136.057327271, 136.440444946, 136.835189819, 137.218322754, 137.601455688, 137.984573364, 138.367706299, 138.750839233, 139.133972168, 139.517089844, 139.900222778, 140.294967651, 140.678085327, 141.061218262, 141.455963135, 141.850692749, 142.245437622, 142.640182495, 143.034912109, 143.418045044, 143.801177979, 144.184310913, 144.567428589, 144.962173462, 145.345306396, 145.728439331, 146.111557007, 146.494689941, 146.877822876, 147.260955811, 147.655685425, 148.050430298, 148.433563232, 148.828292847, 149.211425781, 149.606170654, 149.98928833, 150.372421265, 150.767166138, 151.150299072, 151.533416748, 151.928161621, 152.311294556, 152.694412231, 153.077545166, 153.460678101, 153.855422974, 154.250152588, 154.644897461, 155.028030396, 155.411148071, 155.805892944, 156.17741394, 156.560546875, 156.943664551, 157.315185547, 157.70993042, 158.104675293, 158.499404907, 158.905761719, 159.300491333, 159.695236206, 160.101577759, 160.519546509, 160.9375, 161.343856812, 161.761810303, 162.168167114, 162.586120605, 163.004074097, 163.410430908, 163.816772461, 164.223129272], "beats_loudness": {"dmean2": 0.0498676151037, "median": 0.0181607939303, "min": 3.12388714896e-09, "dvar2": 0.00114660046529, "dvar": 0.000464440556243, "dmean": 0.0266254600137, "max": 0.144858762622, "var": 0.000610759539995, "mean": 0.0264644045383}, "danceability": 1.21182358265, "bpm_histogram_second_peak_weight": {"dmean2": 0, "median": 0.278301894665, "min": 0.278301894665, "dvar2": 0, "dvar": 0, "dmean": 0, "max": 0.278301894665, "var": 0, "mean": 0.278301894665}, "beats_count": 425, "bpm_histogram_second_peak_bpm": {"dmean2": 0, "median": 152, "min": 152, "dvar2": 0, "dvar": 0, "dmean": 0, "max": 152, "var": 0, "mean": 152}, "bpm_histogram_first_peak_spread": {"dmean2": 0, "median": 0.075342476368, "min": 0.075342476368, "dvar2": 0, "dvar": 0, "dmean": 0, "max": 0.075342476368, "var": 0, "mean": 0.075342476368}, "beats_loudness_band_ratio": {"dmean2": [0.393500983715, 0.437339872122, 0.164714246988, 0.169921755791, 0.0948756039143, 0.13411539793], "median": [0.530083596706, 0.196084529161, 0.0471830964088, 0.0560754314065, 0.046346642077, 0.050899092108], "min": [0.00287794065662, 0.00209617312066, 0.000644325395115, 0.000514151877724, 0.000334576616297, 0.00216307351366], "dvar2": [0.0929642617702, 0.0914343446493, 0.0347280018032, 0.0395907908678, 0.0188095085323, 0.0380698926747], "dvar": [0.030149448663, 0.0388035774231, 0.0120804673061, 0.0120049705729, 0.00691657792777, 0.0130757056177], "dmean": [0.227802604437, 0.249514266849, 0.090464361012, 0.0922494828701, 0.0532800778747, 0.0756493359804], "max": [0.983164548874, 0.752001523972, 0.764621734619, 0.713574111462, 0.629925072193, 0.897009730339], "var": [0.0527983829379, 0.0479521937668, 0.0119509138167, 0.0109535381198, 0.00625158520415, 0.0126058440655], "mean": [0.512640893459, 0.267593175173, 0.0892916098237, 0.0926453471184, 0.0679656639695, 0.0847195759416]}}, "lowlevel": {"barkbands_spread": {"dmean2": 12.1290445328, "median": 19.8308467865, "min": 0.277626425028, "dvar2": 244.762924194, "dvar": 113.757736206, "dmean": 8.02084350586, "max": 112.775901794, "var": 413.564086914, "mean": 23.9071006775}, "melbands_spread": {"dmean2": 14.3941249847, "median": 18.7408332825, "min": 0.352725476027, "dvar2": 471.029937744, "dvar": 223.207977295, "dmean": 9.46769428253, "max": 283.889434814, "var": 664.635864258, "mean": 24.679107666}, "hfc": {"dmean2": 7.68056440353, "median": 4.49278497696, "min": 9.63607647009e-08, "dvar2": 281.462677002, "dvar": 157.863891602, "dmean": 5.45167398453, "max": 662.155639648, "var": 722.956237793, "mean": 11.328253746}, "barkbands_kurtosis": {"dmean2": 10.000246048, "median": 1.31157779694, "min": -1.96480190754, "dvar2": 781.914978027, "dvar": 300.523773193, "dmean": 6.21260452271, "max": 625.741638184, "var": 414.209289551, "mean": 7.63454198837}, "gfcc": {"mean": [-101.714233398, 100.599998474, -115.062911987, 29.0832939148, -38.2924919128, 20.4231796265, -31.1400814056, 7.29611301422, -23.5774784088, -3.80555820465, -18.7596187592, -3.3958773613, -11.6456308365], "icov": [[0.000217662003706, -0.000584051129408, 0.00046178829507, -0.000558221596293, 0.000698151416145, -0.000723930599634, 0.000724829791579, -0.000496348482557, 0.000479878945043, -0.000459592556581, 0.000638311670627, -0.00036232045386, 0.000282687426079], [-0.000584051129408, 0.00245955423452, -0.00113253609743, 0.00172393466346, -0.00229103374295, 0.00224342057481, -0.00200299895369, 0.00190282519907, -0.0017014661571, 0.00222159456462, -0.00231873942539, 0.00236198632047, -0.00162705010734], [0.00046178829507, -0.00113253609743, 0.00209145015106, -0.00156775221694, 0.00143349298742, -0.00205971556716, 0.00201102765277, -0.000532068603206, 0.000928171037231, -0.00115801824722, 0.00184393196832, -0.000886124093086, 0.000472983490909], [-0.000558221596293, 0.00172393466346, -0.00156775221694, 0.00316835078411, -0.00244681863114, 0.00203967420384, -0.00156804476865, 0.00146014813799, -0.000269175478024, 0.00169454398565, -0.00170047453139, 0.00107457197737, -0.000688112166245], [0.000698151416145, -0.00229103374295, 0.00143349298742, -0.00244681863114, 0.00532115111127, -0.0026383290533, 0.00088421109831, -0.00145385868382, 0.00112831674051, -0.00132897985168, 0.000956668634899, -0.000350971502485, 0.000291678879876], [-0.000723930599634, 0.00224342057481, -0.00205971556716, 0.00203967420384, -0.0026383290533, 0.00712189823389, -0.00277661066502, -0.000383290549507, -0.000442066957476, 0.00102613773197, -0.00120575458277, 0.00109711359255, -0.000202052062377], [0.000724829791579, -0.00200299895369, 0.00201102765277, -0.00156804476865, 0.00088421109831, -0.00277661066502, 0.00714218569919, -0.00301113422029, 0.00157911097631, -0.000727074220777, 0.00133810238913, -0.000852266559377, 0.000983473146334], [-0.000496348482557, 0.00190282519907, -0.000532068603206, 0.00146014813799, -0.00145385868382, -0.000383290549507, -0.00301113422029, 0.0114502487704, -0.00475240964442, 0.00170931138564, 0.00121885573026, -0.00196247478016, 0.00120763888117], [0.000479878945043, -0.0017014661571, 0.000928171037231, -0.000269175478024, 0.00112831674051, -0.000442066957476, 0.00157911097631, -0.00475240964442, 0.0116694578901, -0.00346365943551, -0.00135192472953, 0.0032976870425, -0.00051066436572], [-0.000459592556581, 0.00222159456462, -0.00115801824722, 0.00169454398565, -0.00132897985168, 0.00102613773197, -0.000727074220777, 0.00170931138564, -0.00346365943551, 0.0118801146746, -0.00238478998654, -0.000263207650278, 0.000436373054981], [0.000638311670627, -0.00231873942539, 0.00184393196832, -0.00170047453139, 0.000956668634899, -0.00120575458277, 0.00133810238913, 0.00121885573026, -0.00135192472953, -0.00238478998654, 0.0165952499956, -0.00832580309361, 0.00445278733969], [-0.00036232045386, 0.00236198632047, -0.000886124093086, 0.00107457197737, -0.000350971502485, 0.00109711359255, -0.000852266559377, -0.00196247478016, 0.0032976870425, -0.000263207650278, -0.00832580309361, 0.0218555163592, -0.00767940841615], [0.000282687426079, -0.00162705010734, 0.000472983490909, -0.000688112166245, 0.000291678879876, -0.000202052062377, 0.000983473146334, 0.00120763888117, -0.00051066436572, 0.000436373054981, 0.00445278733969, -0.00767940841615, 0.0188616346568]], "cov": [[24667.421875, 1615.12768555, -1087.03186035, 870.976013184, -1256.21508789, 505.86831665, -996.793334961, 113.130004883, -398.125, -28.8945140839, -369.354034424, -19.1893539429, -32.4936790466], [1615.12768555, 2578.75610352, -615.204833984, -273.870605469, 531.647277832, -353.402740479, 272.81552124, -169.18963623, 184.514480591, -236.329193115, 134.443237305, -189.583496094, 89.8156814575], [-1087.03186035, -615.204833984, 1334.0390625, 388.621765137, -128.722824097, 180.510101318, -230.943328857, -42.4552230835, -113.552467346, 59.7243080139, -88.766204834, 42.2493667603, -3.66716432571], [870.976013184, -273.870605469, 388.621765137, 815.173583984, 81.0529251099, 37.4951248169, -82.1937484741, -53.0313529968, -120.809249878, -25.3462505341, -27.0683250427, 19.3910980225, 1.74564576149], [-1256.21508789, 531.647277832, -128.722824097, 81.0529251099, 548.342163086, -46.4896087646, 195.54473877, -25.3986854553, 51.9778594971, -65.6904602051, 60.7385292053, -48.7435646057, 22.0684890747], [505.86831665, -353.402740479, 180.510101318, 37.4951248169, -46.4896087646, 308.766204834, -8.37921524048, 75.9066238403, -39.9576835632, 35.2904014587, -45.0136833191, 23.3923854828, -23.3698120117], [-996.793334961, 272.81552124, -230.943328857, -82.1937484741, 195.54473877, -8.37921524048, 328.984832764, 40.4365730286, 48.6640853882, -42.3360939026, 37.5420875549, -24.1555900574, 2.00869441032], [113.130004883, -169.18963623, -42.4552230835, -53.0313529968, -25.3986854553, 75.9066238403, 40.4365730286, 152.460418701, 32.9580154419, 17.2189445496, -19.4655475616, 13.9163541794, -17.0690116882], [-398.125, 184.514480591, -113.552467346, -120.809249878, 51.9778594971, -39.9576835632, 48.6640853882, 32.9580154419, 150.934661865, 12.8758106232, 28.6176605225, -29.3975791931, -0.492231935263], [-28.8945140839, -236.329193115, 59.7243080139, -25.3462505341, -65.6904602051, 35.2904014587, -42.3360939026, 17.2189445496, 12.8758106232, 126.095115662, 0.697059094906, 20.6491165161, -14.202796936], [-369.354034424, 134.443237305, -88.766204834, -27.0683250427, 60.7385292053, -45.0136833191, 37.5420875549, -19.4655475616, 28.6176605225, 0.697059094906, 101.79724884, 14.0362958908, -1.31962287426], [-19.1893539429, -189.583496094, 42.2493667603, 19.3910980225, -48.7435646057, 23.3923854828, -24.1555900574, 13.9163541794, -29.3975791931, 20.6491165161, 14.0362958908, 79.5491943359, 12.7552156448], [-32.4936790466, 89.8156814575, -3.66716432571, 1.74564576149, 22.0684890747, -23.3698120117, 2.00869441032, -17.0690116882, -0.492231935263, -14.202796936, -1.31962287426, 12.7552156448, 67.6245498657]]}, "spectral_energyband_middle_low": {"dmean2": 0.0133418729529, "median": 0.0016666057054, "min": 2.83821629393e-11, "dvar2": 0.0012901952723, "dvar": 0.000486189586809, "dmean": 0.00792610179633, "max": 0.275086611509, "var": 0.000433751061792, "mean": 0.00881695281714}, "melbands_crest": {"dmean2": 5.39490556717, "median": 14.9734735489, "min": 3.59364008904, "dvar2": 25.4801425934, "dvar": 10.2220640182, "dmean": 3.35209107399, "max": 36.21534729, "var": 28.9718399048, "mean": 15.4403104782}, "spectral_kurtosis": {"dmean2": 5.17705011368, "median": 5.34243488312, "min": -1.23144114017, "dvar2": 46.9660835266, "dvar": 19.6121940613, "dmean": 3.26645803452, "max": 111.547294617, "var": 52.8190002441, "mean": 7.3130569458}, "spectral_rms": {"dmean2": 0.00148161756806, "median": 0.00259922165424, "min": 3.32314868956e-07, "dvar2": 6.77589059705e-06, "dvar": 2.91997639579e-06, "dmean": 0.000991223147139, "max": 0.016790414229, "var": 5.95425353822e-06, "mean": 0.00326026394032}, "zerocrossingrate": {"dmean2": 0.0177272316068, "median": 0.04736328125, "min": 0.00390625, "dvar2": 0.000497467815876, "dvar": 0.000409361266065, "dmean": 0.015208715573, "max": 0.4228515625, "var": 0.0030800185632, "mean": 0.0631222724915}, "silence_rate_60dB": {"dmean2": 0.149443119764, "median": 0, "min": 0, "dvar2": 0.143468827009, "dvar": 0.0691321492195, "dmean": 0.0747110247612, "max": 1, "var": 0.180343344808, "mean": 0.236081749201}, "erbbands_kurtosis": {"dmean2": 2.43529653549, "median": 0.121242523193, "min": -1.86128640175, "dvar2": 58.8973693848, "dvar": 28.4931507111, "dmean": 1.5948895216, "max": 228.213119507, "var": 49.6785507202, "mean": 1.42366719246}, "erbbands": {"dmean2": [0.0737472176552, 0.894454777241, 3.8108754158, 8.38445568085, 27.8634262085, 26.2662200928, 10.1753072739, 9.25934886932, 9.24014663696, 8.96897888184, 8.26886844635, 9.33026218414, 10.0343236923, 9.9415063858, 10.8922252655, 10.4497404099, 9.01929855347, 11.5772485733, 12.4743614197, 8.87665081024, 7.76013326645, 10.2057981491, 6.6650147438, 5.3104763031, 5.68927431107, 4.29111766815, 2.7715587616, 3.78120231628, 3.54022550583, 4.08418273926, 3.33843016624, 2.27402257919, 1.72734427452, 0.940393805504, 0.609969973564, 0.2648832798, 0.0374690778553, 0.00306948274374, 0.000141393044032, 2.55753293459e-05], "median": [0.0226162392646, 0.238907873631, 1.28736913204, 1.98095405102, 1.1277358532, 0.847409725189, 0.753669679165, 0.717701971531, 1.00682795048, 1.482899189, 1.53003263474, 2.65138912201, 4.36474514008, 4.37720537186, 5.62790584564, 4.68364143372, 4.50183820724, 4.30539321899, 4.51249599457, 4.16751289368, 3.82954478264, 3.37614941597, 2.74197030067, 1.65599989891, 1.47709000111, 0.83357322216, 0.425303399563, 0.300383120775, 0.200358793139, 0.159333318472, 0.0735007151961, 0.0443532578647, 0.0303171966225, 0.0176201909781, 0.0090098073706, 0.00306067173369, 0.000510553945787, 8.22757938295e-05, 1.7345582819e-05, 1.04827786345e-05], "min": [1.31464750197e-09, 2.92019630699e-09, 1.52833905531e-08, 2.34263524135e-08, 2.86685271078e-08, 3.5358112882e-08, 4.0307732263e-08, 3.33379652773e-08, 2.14660147435e-08, 2.91012991482e-08, 3.95628063643e-08, 4.93763998577e-08, 3.80595110983e-08, 2.35637624968e-08, 1.21105392381e-08, 3.09495149509e-08, 3.69211825557e-08, 3.76170099514e-08, 4.14772713953e-08, 3.26493960756e-08, 3.53874405334e-08, 1.79332850792e-08, 2.26082423893e-08, 2.38631159277e-08, 3.29652891651e-08, 1.37151348056e-08, 3.98519475198e-08, 2.10975112935e-08, 1.71726899367e-08, 1.40387408365e-08, 7.43904404743e-09, 4.24410950828e-09, 4.55662174659e-09, 5.44956435533e-09, 3.23371796007e-09, 3.8436764882e-09, 1.58213731005e-09, 1.09992515096e-09, 1.75492037569e-10, 2.15615043181e-11], "dvar2": [0.0436755418777, 6.22221422195, 100.991516113, 411.440948486, 7325.49609375, 6693.7265625, 723.070800781, 634.810119629, 1026.35778809, 572.914794922, 575.766540527, 819.69342041, 828.552612305, 882.791015625, 815.85748291, 1343.29064941, 452.898376465, 1655.99475098, 1936.68237305, 745.090698242, 403.223449707, 2308.14770508, 463.84375, 731.740356445, 970.529968262, 498.489898682, 139.291595459, 176.276519775, 177.381820679, 514.006469727, 795.881347656, 150.057510376, 89.6465454102, 17.7105121613, 3.27867889404, 0.491490453482, 0.0145910885185, 8.90349256224e-05, 1.68198326378e-07, 2.75334421929e-09], "dvar": [0.0166684947908, 2.34331917763, 36.0039901733, 146.513290405, 2681.75488281, 2537.81420898, 317.139984131, 269.136779785, 824.424743652, 303.656463623, 306.886993408, 443.043457031, 376.47442627, 400.456207275, 379.608184814, 524.051330566, 219.818435669, 789.899780273, 795.721130371, 398.503509521, 223.936431885, 933.395812988, 220.053436279, 373.922302246, 422.88168335, 232.345413208, 57.6540603638, 73.9323196411, 87.345916748, 243.093200684, 356.512695312, 96.8564071655, 49.8323364258, 9.90719604492, 1.69122779369, 0.232410997152, 0.0075426120311, 4.7852172429e-05, 8.75515340226e-08, 1.18963061624e-09], "dmean": [0.0436894670129, 0.524646043777, 2.20061922073, 4.75022363663, 15.8680086136, 15.5710926056, 6.28177690506, 5.6045498848, 6.22628545761, 5.85320138931, 5.47221565247, 6.41980314255, 6.74903488159, 6.42706775665, 6.9726433754, 6.59281921387, 5.96114730835, 7.72591638565, 8.0348033905, 5.9853310585, 5.34323787689, 6.55838727951, 4.45797729492, 3.58510708809, 3.83040833473, 2.78226447105, 1.85555076599, 2.52180147171, 2.38811349869, 2.72934126854, 2.30521273613, 1.68106746674, 1.19006049633, 0.677045881748, 0.416646212339, 0.177965626121, 0.0259032547474, 0.00214511621743, 9.86245140666e-05, 1.6711805074e-05], "max": [1.37634825706, 15.5174474716, 73.5515060425, 142.725448608, 649.592834473, 651.82800293, 470.386505127, 336.37411499, 1525.25952148, 629.671691895, 520.553039551, 882.026123047, 674.559814453, 585.125610352, 730.65435791, 1077.62097168, 471.138977051, 1147.7175293, 1021.5993042, 941.00604248, 703.093505859, 2019.96154785, 681.445861816, 1315.55200195, 861.736083984, 858.814758301, 446.235168457, 432.148529053, 373.065216064, 657.615600586, 1442.14855957, 701.558288574, 584.535827637, 185.214385986, 62.0380630493, 17.4489364624, 3.88162279129, 0.225966572762, 0.0129398191348, 0.00103984423913], "var": [0.013076344505, 1.80621445179, 29.731098175, 116.631507874, 1912.30834961, 2122.97045898, 493.844818115, 452.509368896, 2550.6184082, 918.750793457, 728.932250977, 1348.37683105, 960.989257812, 1038.61242676, 800.469848633, 709.729736328, 513.244567871, 1413.62902832, 1418.56896973, 1421.65161133, 779.30670166, 2470.45385742, 763.068969727, 1383.00561523, 844.274353027, 396.789916992, 115.671340942, 145.703384399, 234.0599823, 680.692932129, 1054.58483887, 423.397583008, 235.42350769, 38.8541717529, 5.34207963943, 0.514273822308, 0.019806381315, 0.000121971279441, 2.53350037838e-07, 2.45725684245e-09], "mean": [0.0482827797532, 0.575046479702, 2.86702179909, 5.33084344864, 13.1811408997, 14.4020366669, 7.28026151657, 6.77116155624, 8.62264060974, 9.31388378143, 8.24745845795, 11.7488441467, 12.8691005707, 12.2797784805, 13.2841901779, 11.1915187836, 11.534409523, 12.9630823135, 14.0492887497, 12.0871629715, 10.3783245087, 11.1505937576, 8.35466384888, 6.75792598724, 6.0995721817, 3.97158312798, 2.69261288643, 3.14974808693, 3.36559414864, 4.21255636215, 3.69590306282, 2.70947432518, 1.90112733841, 1.02099394798, 0.520101606846, 0.197309106588, 0.0304850172251, 0.00257107568905, 0.000132306071464, 2.69791871688e-05]}, "spectral_strongpeak": {"dmean2": 0.489525020123, "median": 0.26061168313, "min": 0, "dvar2": 1.39963519573, "dvar": 0.539482116699, "dmean": 0.296632885933, "max": 26.112154007, "var": 0.919790506363, "mean": 0.54149889946}, "spectral_energy": {"dmean2": 0.017817247659, "median": 0.00692485133186, "min": 1.13194002782e-10, "dvar2": 0.00164494314231, "dvar": 0.00064035539981, "dmean": 0.011055316776, "max": 0.28896600008, "var": 0.000724786834326, "mean": 0.0169981140643}, "average_loudness": 0.39453715086, "spectral_rolloff": {"dmean2": 1244.06799316, "median": 1119.7265625, "min": 43.06640625, "dvar2": 4829367, "dvar": 2086668.375, "dmean": 750.088745117, "max": 14793.3105469, "var": 5072159, "mean": 1749.7109375}, "spectral_centroid": {"dmean2": 499.475830078, "median": 1173.60742188, "min": 121.299858093, "dvar2": 383090.90625, "dvar": 189416.5625, "dmean": 332.100708008, "max": 10918.4677734, "var": 660580.375, "mean": 1311.95910645}, "pitch_salience": {"dmean2": 0.135146677494, "median": 0.559547007084, "min": 0.10369271785, "dvar2": 0.0192952435464, "dvar": 0.00707418145612, "dmean": 0.0824961215258, "max": 0.958918094635, "var": 0.0146519988775, "mean": 0.552699744701}, "spectral_energyband_middle_high": {"dmean2": 0.00127625314053, "median": 0.00134682829957, "min": 6.31406472246e-12, "dvar2": 7.37276559448e-06, "dvar": 3.85011207982e-06, "dmean": 0.000888630456757, "max": 0.0600344762206, "var": 1.52526845341e-05, "mean": 0.00240198499523}, "spectral_contrast_coeffs": {"dmean2": [0.0948504209518, 0.0703782737255, 0.0574895292521, 0.0463137477636, 0.0363796539605, 0.0291799325496], "median": [-0.681238412857, -0.786492347717, -0.799544692039, -0.800087869167, -0.798763811588, -0.78740298748], "min": [-0.963832736015, -0.97934615612, -0.963822424412, -0.964792788029, -0.958351314068, -0.95775860548], "dvar2": [0.00922287814319, 0.00349444104359, 0.00237644952722, 0.00155128724873, 0.00103853049222, 0.000789407582488], "dvar": [0.00390207464807, 0.00155149807688, 0.00103944167495, 0.000697748095263, 0.000502017792314, 0.000360339588951], "dmean": [0.0592010766268, 0.0440135523677, 0.0361084118485, 0.0293733328581, 0.0240541733801, 0.0192868337035], "max": [-0.280250787735, -0.349310040474, -0.391264617443, -0.446875572205, -0.602469325066, -0.595438599586], "var": [0.010060261935, 0.00650438619778, 0.00586869148538, 0.00346853490919, 0.00303381215781, 0.00224301451817], "mean": [-0.669646859169, -0.774285435677, -0.789220452309, -0.795296370983, -0.796494722366, -0.787542283535]}, "melbands_skewness": {"dmean2": 1.64101779461, "median": 2.5005838871, "min": -4.05473947525, "dvar2": 4.57712507248, "dvar": 1.90780901909, "dmean": 1.08013856411, "max": 17.6051445007, "var": 5.18936347961, "mean": 2.93132615089}, "spectral_spread": {"dmean2": 1095574.75, "median": 3734452.5, "min": 843274.4375, "dvar2": 1913371099140.0, "dvar": 1152485425150.0, "dmean": 846117.25, "max": 41438312, "var": 5099951226880.0, "mean": 4372736}, "dissonance": {"dmean2": 0.0291565414518, "median": 0.478744447231, "min": 0.175258740783, "dvar2": 0.0012639433844, "dvar": 0.000517790089361, "dmean": 0.0177323427051, "max": 0.500000178814, "var": 0.00131581071764, "mean": 0.467944949865}, "spectral_skewness": {"dmean2": 0.56003767252, "median": 1.66550064087, "min": -0.347432553768, "dvar2": 0.368782132864, "dvar": 0.170876502991, "dmean": 0.371864020824, "max": 8.70075130463, "var": 0.648807883263, "mean": 1.83500254154}, "spectral_flux": {"dmean2": 0.0472007617354, "median": 0.0402628555894, "min": 2.36568012042e-05, "dvar2": 0.00542901968583, "dvar": 0.0026755859144, "dmean": 0.0307374317199, "max": 0.469048529863, "var": 0.00475777545944, "mean": 0.0658426806331}, "spectral_contrast_valleys": {"dmean2": [0.713719785213, 0.823836803436, 0.647934556007, 0.572996795177, 0.564884901047, 0.632999837399], "median": [-7.42511796951, -7.55127716064, -7.56560659409, -7.9209446907, -8.38556289673, -11.3481473923], "min": [-26.9131526947, -27.2327632904, -27.2855873108, -27.185541153, -27.2288551331, -27.2899703979], "dvar2": [0.442654877901, 0.805799841881, 0.493334650993, 0.410912007093, 0.448218107224, 0.607462763786], "dvar": [0.227123275399, 0.390558600426, 0.259614259005, 0.228508651257, 0.27003672719, 0.40749630332], "dmean": [0.460263133049, 0.550633430481, 0.438003271818, 0.398686140776, 0.439243376255, 0.553559482098], "max": [-5.1065530777, -4.53654527664, -4.88828849792, -5.77031755447, -5.12132024765, -6.73214769363], "var": [2.75519371033, 2.87428307533, 2.86989355087, 2.63076782227, 2.33129453659, 2.88484525681], "mean": [-7.88761901855, -7.88119983673, -8.03649139404, -8.35948944092, -8.66357326508, -11.2754335403]}, "erbbands_flatness_db": {"dmean2": 0.0313334353268, "median": 0.169862315059, "min": 0.0242287237197, "dvar2": 0.00111371348612, "dvar": 0.000664772407617, "dmean": 0.0240213051438, "max": 0.459070324898, "var": 0.00423442386091, "mean": 0.170372143388}, "spectral_energyband_high": {"dmean2": 0.000473170162877, "median": 3.79743360099e-05, "min": 4.77505014695e-12, "dvar2": 2.54989777204e-06, "dvar": 1.64041580319e-06, "dmean": 0.00034527524258, "max": 0.0806578695774, "var": 8.50447850098e-06, "mean": 0.000574133533519}, "spectral_entropy": {"dmean2": 0.374093174934, "median": 7.41866159439, "min": 4.12260484695, "dvar2": 0.181790754199, "dvar": 0.0964608713984, "dmean": 0.273498415947, "max": 9.79365730286, "var": 0.428923338652, "mean": 7.41690349579}, "silence_rate_20dB": {"dmean2": 0, "median": 1, "min": 1, "dvar2": 0, "dvar": 0, "dmean": 0, "max": 1, "var": 0, "mean": 1}, "melbands_flatness_db": {"dmean2": 0.0556362196803, "median": 0.223802357912, "min": 0.0243521332741, "dvar2": 0.00349744013511, "dvar": 0.00169589056168, "dmean": 0.0393626354635, "max": 0.64068120718, "var": 0.00798436254263, "mean": 0.230975076556}, "barkbands": {"dmean2": [0.000161717063747, 0.0034070503898, 0.00386875099503, 0.00368717010133, 0.00857985205948, 0.00100895599462, 0.000606075394899, 0.000422280369094, 0.000384240120184, 0.000328016700223, 0.000303456676193, 0.000255234714132, 0.00020463236433, 0.000243791087996, 0.000233409329667, 0.000146647755173, 0.000198507405003, 0.00011845237168, 0.000106197971036, 9.53041235334e-05, 8.09220728115e-05, 0.000101736070064, 0.000125343998661, 0.000103481790575, 8.26028117444e-05, 3.49123438355e-05, 7.9500262018e-07], "median": [1.74179967871e-05, 0.000889256130904, 0.00133717502467, 0.000394802482333, 0.000301909807604, 8.74118341017e-05, 7.62187264627e-05, 6.1901700974e-05, 0.00010420052422, 0.00012248341227, 0.000144449877553, 8.7251952209e-05, 8.5945277533e-05, 7.23200573702e-05, 8.25231545605e-05, 6.68593565933e-05, 5.75185113121e-05, 3.78229597118e-05, 3.02920434478e-05, 1.65975834534e-05, 8.34808543004e-06, 5.68791347177e-06, 2.77113394986e-06, 1.99571240955e-06, 1.46475701968e-06, 4.21844475795e-07, 7.10682712679e-08], "min": [2.6490545868e-11, 1.65446649436e-11, 1.36695429281e-11, 7.96365924594e-12, 1.03526085274e-11, 4.40926331904e-12, 1.50004455472e-12, 1.66086968397e-12, 2.1337836012e-12, 1.06664069938e-12, 2.10762153173e-13, 6.9552100624e-13, 7.88038146023e-13, 7.58669114944e-13, 7.42762568031e-13, 6.44342868991e-13, 3.34992314921e-13, 3.6397770106e-13, 6.55901114671e-13, 3.15481988407e-13, 8.60999802271e-13, 4.85578808065e-13, 3.35891552202e-13, 2.17996275328e-13, 4.77506977101e-13, 9.53779156349e-13, 1.64897891348e-12], "dvar2": [5.2937593864e-07, 8.74293255038e-05, 9.73050409812e-05, 9.08236106625e-05, 0.000687760068104, 7.47642070564e-06, 4.0483050725e-06, 1.42992576002e-06, 1.41093960337e-06, 8.96055553312e-07, 6.42200348011e-07, 7.90034277998e-07, 2.75250584991e-07, 6.82675306507e-07, 7.14669795343e-07, 1.10304661405e-07, 7.62750801186e-07, 2.64342247647e-07, 2.16887528381e-07, 3.06424027485e-07, 9.37798674272e-08, 1.96777463657e-07, 7.82432266533e-07, 3.28483167777e-07, 9.01760657257e-08, 9.08677932898e-09, 5.28571500805e-12], "dvar": [2.3909291258e-07, 3.34639407811e-05, 3.46055603586e-05, 3.20917497447e-05, 0.000260391796473, 3.13693317366e-06, 3.11865619551e-06, 7.55290386678e-07, 7.39522135973e-07, 3.97677951014e-07, 2.97471530075e-07, 3.06981888798e-07, 1.31021451466e-07, 3.49191310534e-07, 3.46198817169e-07, 5.5905758245e-08, 3.21106057299e-07, 1.13503070054e-07, 1.22876144815e-07, 1.28162838564e-07, 3.85769247657e-08, 9.08342201456e-08, 3.50400540583e-07, 1.86415633152e-07, 4.82745150521e-08, 4.4134402799e-09, 2.53408622211e-12], "dmean": [0.000104364626168, 0.00201414222829, 0.00224063033238, 0.00204227026552, 0.00509815802798, 0.000613079522736, 0.000403182319133, 0.000279602332739, 0.000265015958576, 0.000217829467147, 0.000196612076252, 0.000159703180543, 0.000134444489959, 0.000158809358254, 0.000151044965605, 9.82325873338e-05, 0.000127771927509, 7.76277593104e-05, 7.31843174435e-05, 6.11107461737e-05, 5.40660366823e-05, 6.86158746248e-05, 8.56345941429e-05, 7.60331458878e-05, 5.82812572247e-05, 2.35264233197e-0