{"tonal": {"thpcp": [1, 0.524589776993, 0.198046460748, 0.238453835249, 0.103542990983, 0.00925650261343, 0.00520278420299, 0.0178273115307, 0.218802526593, 0.405547201633, 0.210119605064, 0.0148645918816, 0.0142112886533, 0.0564644858241, 0.537360489368, 0.865358173847, 0.385314792395, 0.0112292543054, 0.0314840339124, 0.0564076006413, 0.15922871232, 0.250985085964, 0.126187324524, 0.193282261491, 0.38526186347, 0.223530709743, 0.0441639050841, 0.0269505735487, 0.0146878436208, 0.211179360747, 0.416105985641, 0.223006606102, 0.0152179133147, 0.0170349963009, 0.109196484089, 0.628165841103], "hpcp": {"dmean2": [0.0770749002695, 0.0579514093697, 0.0114837381989, 0.00990746822208, 0.0146496389061, 0.029192827642, 0.02963142097, 0.0232010781765, 0.0358789935708, 0.0517969988286, 0.0452152974904, 0.0169954746962, 0.0119211208075, 0.0131474491209, 0.0348459668458, 0.0447905771434, 0.0370466373861, 0.0115471659228, 0.0123771028593, 0.0350853018463, 0.0761423707008, 0.0954065844417, 0.100201532245, 0.0750312432647, 0.0455812700093, 0.0236831977963, 0.00782668124884, 0.005542548839, 0.0106810610741, 0.0416572727263, 0.0490195527673, 0.0445887967944, 0.0163598004729, 0.015150106512, 0.0291692186147, 0.0705271065235], "median": [0.119496025145, 0.0518652461469, 0.000319185433909, 0.000151006635861, 0.00027494475944, 0.00189105863683, 0.0017839478096, 0.00124104658607, 0.00674335332587, 0.0155143178999, 0.0116324722767, 0.000396147370338, 0.000220893925871, 0.000345520675182, 0.00317238876596, 0.00607664696872, 0.00434911390767, 0.00031189105357, 0.000174015862285, 0.000425287085818, 0.118916630745, 0.212401673198, 0.0977712422609, 0.00552828377113, 0.00209655426443, 0.000366346677765, 0.000153916524141, 0.00012402072025, 0.000340255181072, 0.00543191796169, 0.00911284610629, 0.00422352366149, 0.000507199787535, 0.000252492027357, 0.00130086846184, 0.0708986148238], "min": [0, 0, 0, 0, 0, 0, 0, 0, 0, 0, 0, 0, 0, 0, 0, 0, 0, 0, 0, 0, 0, 0, 0, 0, 0, 0, 0, 0, 0, 0, 0, 0, 0, 0, 0, 0], "dvar2": [0.0254787243903, 0.0108384294435, 0.00235294364393, 0.00222795666195, 0.0045707244426, 0.00805066898465, 0.0123966420069, 0.00509920995682, 0.00783864501864, 0.0194900333881, 0.0111525319517, 0.00406023440883, 0.00313149858266, 0.00498176366091, 0.00822431314737, 0.0173803251237, 0.00891664531082, 0.00299479905516, 0.0040349769406, 0.014113586396, 0.0219277199358, 0.0344377793372, 0.029208118096, 0.0360155589879, 0.0150151001289, 0.00675463909283, 0.00163464085199, 0.000583267305046, 0.00161850161385, 0.00961676985025, 0.0200486872345, 0.0128009347245, 0.00634912773967, 0.00464864587411, 0.0103264544159, 0.0158238038421], "dvar": [0.0133528709412, 0.00471797864884, 0.00081233511446, 0.00101296242792, 0.00215853052214, 0.00360068795271, 0.00637659151107, 0.00222982652485, 0.00342813064344, 0.00994459539652, 0.00491133704782, 0.00167713803239, 0.00117459404282, 0.00164385221433, 0.00354864331894, 0.00859990064055, 0.00372336478904, 0.00103749381378, 0.00156732555479, 0.00561753474176, 0.00866867881268, 0.0168559346348, 0.0112765785307, 0.0133635504171, 0.00668953312561, 0.00280054961331, 0.000563959009014, 0.000203972274903, 0.000576973834541, 0.00421427702531, 0.010149685666, 0.00519552314654, 0.00209332304075, 0.00157439394388, 0.00361947785132, 0.00717469444498], "dmean": [0.0515078157187, 0.0367668494582, 0.00618609925732, 0.00616084598005, 0.00902693904936, 0.0184894353151, 0.0184688288718, 0.0140701085329, 0.0233453474939, 0.0353908389807, 0.029561445117, 0.0104014258832, 0.00698653887957, 0.00716297561303, 0.0220804866403, 0.0300412960351, 0.0233971364796, 0.00635518366471, 0.0073029701598, 0.0213239490986, 0.0476638935506, 0.0636547654867, 0.0617218799889, 0.0450772233307, 0.0289521086961, 0.0158244166523, 0.00437281141058, 0.00297929765657, 0.00609942991287, 0.0269572250545, 0.0315146446228, 0.0270065292716, 0.00863842200488, 0.00799079053104, 0.0169433318079, 0.0447801277041], "max": [1, 1, 0.729644358158, 0.861041128635, 1, 1, 1, 1, 0.911246538162, 1, 1, 1, 1, 1, 1, 1, 1, 0.726837217808, 1, 1, 1, 1, 1, 1, 1, 1, 0.591671645641, 0.396864682436, 0.887599050999, 1, 1, 1, 1, 0.677902519703, 1, 1], "var": [0.164102971554, 0.0380474962294, 0.000497619679663, 0.00454545812681, 0.0146557269618, 0.0248432122171, 0.0744529217482, 0.0182192567736, 0.0241284612566, 0.087348356843, 0.0275921653956, 0.00539394887164, 0.00322461873293, 0.00105773832183, 0.0272317379713, 0.106621563435, 0.0296197850257, 0.000867338327225, 0.00162514531985, 0.0231143329293, 0.0842544734478, 0.17124414444, 0.0531198047101, 0.0333139412105, 0.0562295652926, 0.0144236655906, 0.000414258945966, 0.00013252159988, 0.000664701452479, 0.028130935505, 0.103877156973, 0.0296373087913, 0.00115374044981, 0.00101225741673, 0.00489265704527, 0.0745278373361], "mean": [0.350168973207, 0.155918419361, 0.00454394100234, 0.0127400793135, 0.0228254515678, 0.0644322261214, 0.101561628282, 0.0510619580746, 0.0782120674849, 0.155897006392, 0.0904521644115, 0.0178710147738, 0.0109056048095, 0.00594346597791, 0.0854541659355, 0.168378144503, 0.0902400836349, 0.00615795981139, 0.00689324643463, 0.0441865809262, 0.254188597202, 0.404652059078, 0.21227632463, 0.0801399052143, 0.0964908376336, 0.0418988838792, 0.00374566274695, 0.00210531731136, 0.00721385795623, 0.0885388925672, 0.164105504751, 0.0850253328681, 0.00601498782635, 0.00575062725693, 0.0228484701365, 0.217444017529]}, "tuning_equal_tempered_deviation": 0.0123854298145, "chords_changes_rate": 0.0308034885675, "key_key": "A", "tuning_diatonic_strength": 0.5304864645, "key_scale": "minor", "chords_number_rate": 0.00204119505361, "tuning_frequency": 443.572570801, "tuning_nontempered_energy_ratio": 0.595171332359, "chords_histogram": [30.5436992645, 15.0120620728, 8.29467391968, 2.69066619873, 0, 0.760809063911, 0, 10.8925590515, 0.612358510494, 3.95249581337, 1.85563182831, 0.352570056915, 0.167006865144, 0, 0.0371126383543, 0, 0, 1.24327337742, 0, 1.22471702099, 0.204119503498, 0.408239006996, 14.1770277023, 7.57097768784], "key_strength": 0.778075575829, "chords_key": "A", "chords_strength": {"dmean2": 0.00308374338783, "median": 0.49321487546, "min": -1, "dvar2": 0.000714126857929, "dvar": 0.000371236674255, "dmean": 0.00510902237147, "max": 0.714649796486, "var": 0.0364733822644, "mean": 0.47116291523}, "chords_scale": "minor", "hpcp_entropy": {"dmean2": 0.41618219018, "median": 1.29830098152, "min": 0, "dvar2": 0.278984338045, "dvar": 0.10793915391, "dmean": 0.249129474163, "max": 3.40900182724, "var": 0.386061131954, "mean": 1.28862297535}}, "metadata": {"audio_properties": {"equal_loudness": 0, "codec": "flac", "downmix": "mix", "sample_rate": 44100, "analysis_sample_rate": 44100, "bit_rate": 0, "md5_encoded": "0c0bd930d123f8ea7d100f5ed442a90a", "length": 250.21333313, "replay_gain": -3.90061569214, "lossless": true}, "version": {"essentia_build_sha": "5c9e65ec81695c916afb4cba055c226bfc528ee6", "essentia": "2.1-beta1", "extractor": "music 1.0", "essentia_git_sha": "v2.1_beta1-28-g21ef5f4"}, "tags": {"title": ["11:11"], "barcode": ["028947804611"], "media": ["CD"], "albumartist": ["Javier Navarrete"], "tracktotal": ["10"], "albumartistsort": ["Navarrete, Javier"], "releasetype": ["album", "soundtrack"], "musicbrainz_recordingid": ["1f45bcba-1bc6-4b2b-b088-217a126493f8"], "musicbrainz_releasegroupid": ["41c0cf18-94a0-4df7-93ec-25a857ba97db"], "musicbrainz_albumartistid": ["e927aaaa-323e-4f90-952d-b420212191b2"], "musicbrainz_releasetrackid": ["863aa19f-7559-4da3-9a3a-d36045f50dee"], "discnumber": ["1"], "catalognumber": ["478 0461"], "releasecountry": ["DE"], "originaldate": ["2008-10-08"], "artists": ["Javier Navarrete"], "date": ["2008-10-08"], "file_name": "02 11_11.flac", "disctotal": ["1"], "acoustid_id": ["c20c8a97-38dd-41bc-a7aa-b7e62d2cdc24"], "musicbrainz_artistid": ["e927aaaa-323e-4f90-952d-b420212191b2"], "asin": ["B0018YD176"], "musicbrainz_albumid": ["b032fe5e-e367-475b-ac47-db6110ee5234"], "tracknumber": ["2"], "artistsort": ["Navarrete, Javier"], "album": ["Zur\u00fcck im Sommer"], "label": ["Decca Records"], "releasestatus": ["official"], "totaldiscs": ["1"], "script": ["Latn"], "totaltracks": ["10"]}}, "rhythm": {"bpm_histogram_first_peak_bpm": {"dmean2": 0, "median": 144, "min": 144, "dvar2": 0, "dvar": 0, "dmean": 0, "max": 144, "var": 0, "mean": 144}, "bpm": 143.388412476, "bpm_histogram_second_peak_spread": {"dmean2": 0, "median": 0.470085442066, "min": 0.470085442066, "dvar2": 0, "dvar": 0, "dmean": 0, "max": 0.470085442066, "var": 0, "mean": 0.470085442066}, "bpm_histogram_first_peak_weight": {"dmean2": 0, "median": 0.0779220759869, "min": 0.0779220759869, "dvar2": 0, "dvar": 0, "dmean": 0, "max": 0.0779220759869, "var": 0, "mean": 0.0779220759869}, "onset_rate": 0.451584815979, "beats_position": [0.603718817234, 1.23065757751, 1.8575963974, 2.47292518616, 3.07664394379, 3.68036270142, 4.28408145905, 4.94585037231, 5.60761880875, 6.21133756638, 6.81505680084, 7.41877555847, 7.98766422272, 8.56816291809, 9.19510173798, 9.82204055786, 10.4489793777, 11.0759181976, 11.7028570175, 12.3181858063, 12.933514595, 13.5372333527, 14.1525621414, 14.7678909302, 15.3599996567, 15.9521083832, 16.5674381256, 17.1827659607, 17.8329238892, 18.483083725, 19.1216316223, 19.760181427, 20.4103393555, 21.0488891602, 21.6758270264, 22.3027667999, 22.9413146973, 23.5798625946, 24.2416324615, 24.9034004211, 25.5419502258, 26.168888092, 26.7493877411, 27.3298854828, 27.9103851318, 28.5024929047, 29.0946025848, 29.686712265, 30.2788200378, 30.870929718, 31.4630374908, 32.0551452637, 32.6588668823, 33.2509727478, 33.8546943665, 34.4700202942, 35.0853500366, 35.7006797791, 36.3160095215, 36.9429473877, 37.5350570679, 38.1387748718, 38.7889328003, 39.4390907288, 40.0776405334, 40.7277984619, 41.3663482666, 41.9932861328, 42.6086158752, 43.2123336792, 43.8160552979, 44.4197731018, 45.046710968, 45.6736488342, 46.2889785767, 46.9043083191, 47.5312461853, 48.1930160522, 48.8431739807, 49.4585037231, 50.0738296509, 50.6891593933, 51.3160972595, 51.9430389404, 52.5699768066, 53.1969146729, 53.8354644775, 54.4740142822, 55.1241722107, 55.7743301392, 56.4244880676, 57.0746459961, 57.7131958008, 58.3169136047, 58.9206352234, 59.4895210266, 60.070022583, 60.6505203247, 61.2890701294, 61.9392280579, 62.5429458618, 63.1466636658, 63.7619934082, 64.2147827148, 64.6675720215, 65.1319732666, 65.5847625732, 66.0375518799, 66.4903411865, 66.9547348022, 67.4191360474, 67.8835372925, 68.3479385376, 68.8007278442, 69.2419052124, 69.6830825806, 70.1358718872, 70.5770492554, 71.0182266235, 71.4826278687, 71.9470291138, 72.423034668, 72.8874359131, 73.3518371582, 73.8162307739, 74.280632019, 74.7682495117, 75.2558746338, 75.731880188, 76.2078933716, 76.6838989258, 77.15990448, 77.5082092285, 77.8565063477, 78.2164154053, 78.5647125244, 78.924621582, 79.2729263306, 79.6212234497, 79.9695205688, 80.3178253174, 80.6893386841, 81.0608596802, 81.4207687378, 81.861946106, 82.3031311035, 82.7326965332, 83.2203140259, 83.684715271, 84.1491165161, 84.7063903809, 85.263671875, 85.8325576782, 86.3898391724, 86.9471206665, 87.5160064697, 88.0732879639, 88.6421737671, 89.3387756348, 90.035369873, 90.7319717407, 91.428565979, 92.1251678467, 92.8217697144, 93.5067520142, 94.1917419434, 94.8651199341, 95.6546020508, 96.4440765381, 97.2451705933, 98.046257019, 98.7660751343, 99.4858932495, 100.031562805, 100.577232361, 101.134513855, 101.680175781, 102.237457275, 102.806350708, 103.363624573, 104.025398254, 104.687164307, 105.348930359, 105.999092102, 106.649246216, 107.299407959, 107.961174011, 108.599723816, 109.238273621, 109.876823425, 110.526985168, 111.177139282, 111.827301025, 112.454238892, 113.081176758, 113.708114624, 114.346664429, 114.938774109, 115.542495728, 116.146209717, 116.749931335, 117.342041016, 117.945755005, 118.549476624, 119.048706055, 119.547935486, 120.047164917, 120.53478241, 121.022399902, 121.510017395, 121.986030579, 122.462036133, 122.938049316, 123.425666809, 123.901672363, 124.377685547, 124.876914978, 125.376144409, 125.87537384, 126.374603271, 126.873832703, 127.361450195, 127.849067688, 128.348297119, 128.859130859, 129.428024292, 130.008529663, 130.577407837, 131.14630127, 131.691970825, 132.237640381, 132.794921875, 133.352203369, 133.839813232, 134.327438354, 134.803451538, 135.279449463, 135.767074585, 136.243087769, 136.730697632, 137.218322754, 137.705932617, 138.251602173, 138.797271729, 139.342941284, 139.88861084, 140.434280396, 140.979949951, 141.514007568, 142.048065186, 142.593734741, 143.209060669, 143.824401855, 144.428115845, 145.031829834, 145.6587677, 146.297317505, 146.924255371, 147.504760742, 148.085250854, 148.642532349, 149.199813843, 149.757095337, 150.314376831, 150.860046387, 151.417327881, 151.962997437, 152.508651733, 153.054321289, 153.599990845, 154.1456604, 154.784210205, 155.399536133, 156.026489258, 156.641815186, 157.245529175, 157.849243164, 158.452972412, 159.06829834, 159.683624268, 160.287338257, 160.960723877, 161.634094238, 162.226211548, 162.818313599, 163.410430908, 163.921264648, 164.432098389, 164.942947388, 165.360900879, 165.778869629, 166.19682312, 166.638000488, 167.079177856, 167.520355225, 167.938323975, 168.344665527, 168.751022339, 169.180587769, 169.59854126, 170.01651001, 170.434463501, 170.852416992, 171.270385742, 171.688339233, 172.106307983, 172.524261475, 172.942214966, 173.360183716, 173.778137207, 174.184494019, 174.590835571, 174.997192383, 175.426757812, 175.844711304, 176.262680054, 176.680633545, 177.098587036, 177.516555786, 177.934509277, 178.352462769, 178.770431519, 179.211608887, 179.652786255, 180.082351685, 180.511917114, 180.941497803, 181.382675171, 181.835464478, 182.276641846, 182.717819214, 183.135772705, 183.553741455, 183.971694946, 184.412872314, 184.865661621, 185.306838989, 185.759628296, 186.200805664, 186.641998291, 187.059951782, 187.489517212, 187.919082642, 188.337051392, 188.755004883, 189.172973633, 189.590927124, 190.020492554, 190.426849365, 190.833190918, 191.239547729, 191.645889282, 192.075454712, 192.5050354, 192.93460083, 193.375778198, 193.816955566, 194.234924316, 194.652877808, 195.070831299, 195.500411987, 195.929977417, 196.359542847, 196.789108276, 197.241897583, 197.729522705, 198.217132568, 198.716369629, 199.180770874, 199.656768799, 200.132781982, 200.597183228, 201.061584473, 201.514373779, 201.967163086, 202.419952393, 202.872741699, 203.325531006, 203.894424438, 204.463302612, 205.090240479, 205.728790283, 206.355728149, 207.052337646, 207.737319946, 208.457138062, 209.165344238, 209.792282104, 210.419219971, 211.022949219, 211.626663208, 212.230377197, 212.88053894, 213.542312622, 214.204071045, 214.865844727, 215.481170654, 216.084899902, 216.688613892, 217.303939819, 217.919265747, 218.615875244, 219.312469482, 219.985839844, 220.670837402, 221.355819702, 222.029205322, 222.702575684, 223.387573242, 224.072555542, 224.676269531, 225.268386841, 225.87210083, 226.394546509, 226.905395508, 227.416229248, 227.927078247, 228.437911987, 228.855865479, 229.238998413, 229.633743286, 230.040084839, 230.44644165, 230.852783203, 231.259140015, 231.665481567, 232.106658936, 232.547836304, 232.977416992, 233.406982422, 233.836547852, 234.266113281, 234.707290649, 235.113647461, 235.531600952, 235.937957764, 236.402359009, 236.866760254, 237.33114624, 237.830383301, 238.329605103, 238.828842163, 239.339675903, 239.850509644, 240.361358643, 240.872192383, 241.383041382, 241.893875122, 242.404708862, 242.915557861, 243.426391602, 243.937225342, 244.448074341, 244.958908081, 245.458129883, 245.957366943, 246.456588745, 246.932601929, 247.408615112, 247.884628296, 248.360626221, 248.836639404, 249.312652588], "beats_loudness": {"dmean2": 0.033519461751, "median": 0.00260854745284, "min": 0, "dvar2": 0.00348715367727, "dvar": 0.00121587223839, "dmean": 0.0186443477869, "max": 0.243749663234, "var": 0.00103102496359, "mean": 0.0152711309493}, "danceability": 0.844848573208, "bpm_histogram_second_peak_weight": {"dmean2": 0, "median": 0.134199142456, "min": 0.134199142456, "dvar2": 0, "dvar": 0, "dmean": 0, "max": 0.134199142456, "var": 0, "mean": 0.134199142456}, "beats_count": 463, "bpm_histogram_second_peak_bpm": {"dmean2": 0, "median": 99, "min": 99, "dvar2": 0, "dvar": 0, "dmean": 0, "max": 99, "var": 0, "mean": 99}, "bpm_histogram_first_peak_spread": {"dmean2": 0, "median": 0.5, "min": 0.5, "dvar2": 0, "dvar": 0, "dmean": 0, "max": 0.5, "var": 0, "mean": 0.5}, "beats_loudness_band_ratio": {"dmean2": [0.270723164082, 0.270846098661, 0.289149522781, 0.12992438674, 0.00255776778795, 0.00895313918591], "median": [0.110971070826, 0.162509247661, 0.417185217142, 0.00939527060837, 0.000210475758649, 5.16386098752e-05], "min": [0, 0, 0, 0, 0, 0], "dvar2": [0.0823084190488, 0.07800450176, 0.0828724503517, 0.0664714798331, 5.84247609368e-05, 0.00586605491117], "dvar": [0.0344195663929, 0.0343967713416, 0.0366098172963, 0.0288289096206, 2.00201811822e-05, 0.00296098226681], "dmean": [0.156746640801, 0.158462882042, 0.165894910693, 0.0728632956743, 0.00146901817061, 0.00486053014174], "max": [0.992392361164, 0.994385719299, 0.996932566166, 0.992120146751, 0.053568482399, 0.953407585621], "var": [0.082546249032, 0.0713077560067, 0.125292629004, 0.0484449826181, 2.36575615418e-05, 0.00990238599479], "mean": [0.24763213098, 0.251994907856, 0.440893441439, 0.0967187210917, 0.00173912115861, 0.0131149869412]}}, "lowlevel": {"barkbands_spread": {"dmean2": 2.66895771027, "median": 3.21730875969, "min": 0.0320326276124, "dvar2": 22.4566726685, "dvar": 9.12024021149, "dmean": 1.60635256767, "max": 133.480285645, "var": 88.9730987549, "mean": 5.61538028717}, "melbands_spread": {"dmean2": 2.44347691536, "median": 3.96248698235, "min": 0.179004564881, "dvar2": 33.2757453918, "dvar": 12.2501077652, "dmean": 1.51960158348, "max": 191.183944702, "var": 311.573028564, "mean": 7.6675362587}, "hfc": {"dmean2": 1.73054838181, "median": 0.754230618477, "min": 1.0989640377e-16, "dvar2": 111.006729126, "dvar": 50.8039932251, "dmean": 1.24884307384, "max": 437.658599854, "var": 198.53692627, "mean": 5.33027172089}, "barkbands_kurtosis": {"dmean2": 14.3833827972, "median": 4.88326025009, "min": -1.92114841938, "dvar2": 12943.4726562, "dvar": 7787.87548828, "dmean": 9.85377979279, "max": 7490.53662109, "var": 17267.9101562, "mean": 21.210105896}, "gfcc": {"mean": [-338.055450439, 175.258499146, -52.3553352356, -47.3340835571, -62.0071334839, -21.188627243, -24.4054203033, 0.546389222145, -5.19757270813, 0.151922076941, -4.82269096375, -1.96206152439, -5.16835212708], "icov": [[0.000644656596705, -0.00142555404454, 0.00117454747669, -0.000993176246993, 0.00138449133374, -0.000999967567623, 0.000922062667087, -0.000596296507865, 8.37401603349e-05, 0.000517449341714, -0.000561910972465, 0.000719752919395, -4.02166151616e-05], [-0.00142555404454, 0.00387447956018, -0.00274839997292, 0.00264443061315, -0.00303780892864, 0.00235989829525, -0.00257893279195, 0.00245026056655, -0.00158474198543, 0.000913189200219, -0.000435766909504, -0.000452237349236, -0.000355260213837], [0.00117454747669, -0.00274839997292, 0.00336861005053, -0.00289553892799, 0.0040103844367, -0.00321860169061, 0.00259129470214, -0.000811180507299, -0.000160060517373, 0.0010381982429, -0.000410786829889, 0.000698751129676, 0.000347904948285], [-0.000993176246993, 0.00264443061315, -0.00289553892799, 0.00528241833672, -0.00591973913833, 0.00512379221618, -0.00323502672836, -0.000271617638646, 0.00356550957076, -0.00491989869624, 0.00538937980309, -0.00375415501185, 0.00144723791163], [0.00138449133374, -0.00303780892864, 0.0040103844367, -0.00591973913833, 0.0102614369243, -0.00806812476367, 0.00403220625594, 0.00309816631489, -0.00716564618051, 0.0105628529564, -0.00778828607872, 0.00501418719068, 0.000499628135003], [-0.000999967567623, 0.00235989829525, -0.00321860169061, 0.00512379221618, -0.00806812476367, 0.0121119720861, -0.0096237808466, 0.00149333500303, 0.00660407915711, -0.0114812087268, 0.0102923391387, -0.00841023679823, 0.00222941767424], [0.000922062667087, -0.00257893279195, 0.00259129470214, -0.00323502672836, 0.00403220625594, -0.0096237808466, 0.0176526270807, -0.0138375936076, 0.00425126496702, 0.00542642269284, -0.00964264851063, 0.0120618576184, -0.00620114337653], [-0.000596296507865, 0.00245026056655, -0.000811180507299, -0.000271617638646, 0.00309816631489, 0.00149333500303, -0.0138375936076, 0.0236749034375, -0.0183147322387, 0.00530024897307, 0.00578211154789, -0.0105308750644, 0.00661144219339], [8.37401603349e-05, -0.00158474198543, -0.000160060517373, 0.00356550957076, -0.00716564618051, 0.00660407915711, 0.00425126496702, -0.0183147322387, 0.0277039967477, -0.0204145424068, 0.00717171654105, 0.00373943638988, -0.00442722579464], [0.000517449341714, 0.000913189200219, 0.0010381982429, -0.00491989869624, 0.0105628529564, -0.0114812087268, 0.00542642269284, 0.00530024897307, -0.0204145424068, 0.0356593430042, -0.0266429707408, 0.0116540323943, -3.90941204387e-05], [-0.000561910972465, -0.000435766909504, -0.000410786829889, 0.00538937980309, -0.00778828607872, 0.0102923391387, -0.00964264851063, 0.00578211154789, 0.00717171654105, -0.0266429707408, 0.0402004979551, -0.0290672555566, 0.0137020237744], [0.000719752919395, -0.000452237349236, 0.000698751129676, -0.00375415501185, 0.00501418719068, -0.00841023679823, 0.0120618576184, -0.0105308750644, 0.00373943638988, 0.0116540323943, -0.0290672555566, 0.0364132672548, -0.021192362532], [-4.02166151616e-05, -0.000355260213837, 0.000347904948285, 0.00144723791163, 0.000499628135003, 0.00222941767424, -0.00620114337653, 0.00661144219339, -0.00442722579464, -3.90941204387e-05, 0.0137020237744, -0.021192362532, 0.0224828328937]], "cov": [[20219.2929688, 7223.72753906, -3694.54785156, -1968.99499512, 248.520767212, -921.998596191, -154.607711792, -313.148742676, 400.88192749, -417.035461426, 156.303939819, -549.665222168, -65.5838928223], [7223.72753906, 3386.39672852, -870.536499023, -862.502502441, 176.968612671, -334.069366455, -136.890701294, -273.928100586, 93.689743042, -208.703765869, 80.8856201172, -186.213363647, 0.678180813789], [-3694.54785156, -870.536499023, 1855.40844727, 497.636474609, -341.904846191, 223.512664795, 2.767380476, 31.449464798, -162.448654175, 59.2590751648, -74.3544692993, 155.863845825, 56.1874580383], [-1968.99499512, -862.502502441, 497.636474609, 1055.2532959, 388.776367188, 40.6596069336, -51.047668457, -93.9195480347, -181.230636597, -87.7481765747, -123.160774231, -20.4449691772, -71.9632492065], [248.520767212, 176.968612671, -341.904846191, 388.776367188, 755.746398926, 98.4694137573, -85.48853302, -248.592407227, -124.91204834, -147.183258057, -27.7032184601, -97.5286254883, -93.429977417], [-921.998596191, -334.069366455, 223.512664795, 40.6596069336, 98.4694137573, 475.446044922, 242.364624023, 70.0116958618, -84.1824798584, 19.515542984, -13.2720050812, 61.4132232666, 33.3561096191], [-154.607711792, -136.890701294, 2.767380476, -51.047668457, -85.48853302, 242.364624023, 374.59866333, 276.488677979, 73.995880127, 11.7107934952, -51.9032554626, -12.8767795563, 34.7706108093], [-313.148742676, -273.928100586, 31.449464798, -93.9195480347, -248.592407227, 70.0116958618, 276.488677979, 410.888458252, 225.566955566, 84.2368927002, -50.3763389587, -6.11343288422, 24.1873760223], [400.88192749, 93.689743042, -162.448654175, -181.230636597, -124.91204834, -84.1824798584, 73.995880127, 225.566955566, 280.928161621, 123.773696899, 9.67100811005, -58.5289993286, -23.9506492615], [-417.035461426, -208.703765869, 59.2590751648, -87.7481765747, -147.183258057, 19.515542984, 11.7107934952, 84.2368927002, 123.773696899, 198.961853027, 101.690711975, 27.6242752075, -30.7350482941], [156.303939819, 80.8856201172, -74.3544692993, -123.160774231, -27.7032184601, -13.2720050812, -51.9032554626, -50.3763389587, 9.67100811005, 101.690711975, 166.380233765, 86.6055374146, -4.61753034592], [-549.665222168, -186.213363647, 155.863845825, -20.4449691772, -97.5286254883, 61.4132232666, -12.8767795563, -6.11343288422, -58.5289993286, 27.6242752075, 86.6055374146, 185.433563232, 99.8337860107], [-65.5838928223, 0.678180813789, 56.1874580383, -71.9632492065, -93.429977417, 33.3561096191, 34.7706108093, 24.1873760223, -23.9506492615, -30.7350482941, -4.61753034592, 99.8337860107, 141.528869629]]}, "spectral_energyband_middle_low": {"dmean2": 0.00256340624765, "median": 0.00131820666138, "min": 1.84018062988e-22, "dvar2": 0.000111655426736, "dvar": 5.91860734858e-05, "dmean": 0.00186864379793, "max": 0.336010694504, "var": 0.000508577097207, "mean": 0.00979952793568}, "melbands_crest": {"dmean2": 3.27994608879, "median": 18.6406497955, "min": 1.67400276661, "dvar2": 18.1891822815, "dvar": 6.98388767242, "dmean": 2.09381604195, "max": 38.4748382568, "var": 49.0828285217, "mean": 19.3857517242}, "spectral_kurtosis": {"dmean2": 36.1555709839, "median": 88.9385528564, "min": -1.25701439381, "dvar2": 2732.75610352, "dvar": 851.962890625, "dmean": 20.7462654114, "max": 504.474731445, "var": 5521.71582031, "mean": 100.800453186}, "spectral_rms": {"dmean2": 0.000317654834362, "median": 0.00137661339249, "min": 3.14391590019e-12, "dvar2": 4.77716184832e-07, "dvar": 2.78406560028e-07, "dmean": 0.000229174038395, "max": 0.0183425489813, "var": 5.94941184318e-06, "mean": 0.00225538224913}, "zerocrossingrate": {"dmean2": 0.00329421041533, "median": 0.021484375, "min": 0.00048828125, "dvar2": 6.33224190096e-05, "dvar": 4.47142883786e-05, "dmean": 0.00250806007534, "max": 0.5869140625, "var": 0.00492245750502, "mean": 0.0339681021869}, "silence_rate_60dB": {"dmean2": 0.0475174002349, "median": 1, "min": 0, "dvar2": 0.0500859990716, "dvar": 0.0231922771782, "dmean": 0.0237564966083, "max": 1, "var": 0.242221847177, "mean": 0.58801150322}, "erbbands_kurtosis": {"dmean2": 6.04912853241, "median": 7.26598739624, "min": -1.87114655972, "dvar2": 151.428863525, "dvar": 74.0535125732, "dmean": 4.20363664627, "max": 327.817657471, "var": 792.172058105, "mean": 17.7938175201}, "erbbands": {"dmean2": [0.00242896564305, 0.0269841104746, 0.129869028926, 0.389833748341, 0.712563812733, 0.898940682411, 2.65587377548, 5.75428628922, 9.58601951599, 13.8203744888, 21.3322696686, 11.6832590103, 8.10491847992, 4.11290979385, 3.44577431679, 2.10158109665, 11.006360054, 1.66130387783, 0.451540082693, 0.115321598947, 0.101023159921, 0.0883922427893, 0.0307893194258, 0.0212614499032, 0.0126194432378, 0.00638542603701, 0.00367703149095, 0.000978547730483, 0.000438720890088, 0.000257719832007, 0.00013333390234, 7.28599843569e-05, 4.96395077789e-05, 3.04551631416e-05, 1.83517586265e-05, 1.08125450424e-05, 5.46551109437e-06, 2.4733965347e-06, 1.85737428637e-06, 3.42884709426e-06], "median": [0.00078734831186, 0.00145910889842, 0.00276759266853, 0.0136643862352, 0.0526507087052, 0.101795099676, 0.478516548872, 1.15258872509, 1.4764277935, 1.78285229206, 1.39752984047, 1.02828466892, 0.396024227142, 0.244831264019, 0.110022820532, 0.042714305222, 0.0249711200595, 0.010445555672, 0.00709623889998, 0.00364222703502, 0.00160357356071, 0.000912254094146, 0.000409201835282, 0.00028969097184, 0.000240667941398, 0.00018801423721, 0.000164863842656, 0.000148747087223, 0.000146547870827, 0.000135648675496, 0.000126139158965, 0.000108336593257, 9.03512554942e-05, 7.09824234946e-05, 5.03757983097e-05, 3.22501109622e-05, 1.81104769581e-05, 8.54630252434e-06, 3.95372535422e-06, 2.4735545594e-06], "min": [4.07368465654e-23, 2.61088271437e-22, 1.6012307237e-21, 6.61483855448e-21, 1.04298112915e-20, 3.41294817675e-20, 4.3716023622e-20, 9.72471332856e-20, 1.04043481843e-19, 1.06672778817e-19, 1.86347390568e-19, 4.25572818781e-19, 5.87053286054e-19, 1.04172024418e-18, 5.55899027547e-19, 1.01402375573e-18, 1.80623820302e-18, 1.39958587413e-18, 2.57604308674e-18, 3.05867485002e-18, 4.45013202027e-18, 5.39478427393e-18, 5.19515085053e-18, 5.96308961479e-18, 7.54646964436e-18, 8.14375360362e-18, 9.23695136527e-18, 9.01640681599e-18, 9.32604947059e-18, 1.13677702776e-17, 1.22357978959e-17, 1.24049058732e-17, 9.30262288846e-18, 7.65299230928e-18, 5.77008769837e-18, 4.29586986707e-18, 2.43445768322e-18, 9.66081401398e-19, 2.51763999959e-19, 2.87018263183e-20], "dvar2": [3.49772526533e-05, 0.0172684378922, 0.369405508041, 2.88469028473, 7.06531238556, 13.3263759613, 128.497009277, 780.085021973, 3702.56079102, 5599.65722656, 30585.7070312, 16197.2294922, 14078.4287109, 1197.26367188, 4299.63671875, 1051.87902832, 106049.632812, 1325.24389648, 72.055229187, 0.418416827917, 0.579178154469, 1.03281652927, 0.0252420790493, 0.0441688671708, 0.014524881728, 0.00812570657581, 0.00356286950409, 0.00015546711802, 1.2606294149e-05, 4.43789303972e-06, 9.16165731724e-07, 2.64523436044e-07, 2.62319055366e-08, 2.61610488828e-09, 7.96808174996e-10, 2.5826546457e-10, 5.99681415636e-11, 7.81311907533e-12, 4.06715494616e-11, 2.14911699548e-10], "dvar": [1.2166070519e-05, 0.00615818798542, 0.183308407664, 1.06350111961, 3.10453939438, 7.53727483749, 56.6477584839, 266.403320312, 2420.36816406, 3138.31079102, 15239.0791016, 9545.58984375, 5476.45996094, 482.834320068, 1719.38586426, 481.726196289, 46080.8828125, 510.708007812, 26.3843631744, 0.211844310164, 0.224985525012, 0.416160345078, 0.0101466057822, 0.0259374175221, 0.0068700783886, 0.00402765022591, 0.00147177267354, 7.24928177078e-05, 5.65866093893e-06, 1.89602724276e-06, 3.8720557427e-07, 1.23164397792e-07, 1.08923208231e-08, 9.95079241228e-10, 2.85199502903e-10, 9.38711747223e-11, 2.28571814254e-11, 2.82159452053e-12, 2.00984194565e-11, 1.058395524e-10], "dmean": [0.00146262615453, 0.0177270025015, 0.103425905108, 0.25097861886, 0.481082320213, 0.640643119812, 1.73322784901, 3.68226075172, 7.3530292511, 9.91789150238, 15.5712871552, 8.76809692383, 5.4385933876, 2.84483194351, 2.30129861832, 1.50603973866, 7.72388744354, 1.17083442211, 0.296171367168, 0.0784860998392, 0.0703021287918, 0.0601403191686, 0.0197794735432, 0.0177224837244, 0.00842607114464, 0.00466622970998, 0.00242944178171, 0.000636455893982, 0.000277200975688, 0.000157843940542, 8.01778296591e-05, 4.36801201431e-05, 2.93647317449e-05, 1.76688281499e-05, 1.06423931356e-05, 6.32499404674e-06, 3.21086668009e-06, 1.43496765759e-06, 1.2814218735e-06, 2.46848048846e-06], "max": [0.21600279212, 3.39499902725, 39.4210510254, 41.9542045593, 74.1466445923, 143.4896698, 346.758300781, 514.233459473, 3777.50585938, 2540.94628906, 7974.69091797, 6709.50097656, 5908.72851562, 1209.29736328, 2953.99291992, 1589.4296875, 17562.1601562, 1654.37390137, 435.15145874, 24.3512325287, 33.6595535278, 58.2553901672, 4.56390047073, 12.1110391617, 7.5801358223, 3.83267331123, 2.79928565025, 0.701323986053, 0.156469777226, 0.12431781739, 0.0416864678264, 0.0336144454777, 0.00726009532809, 0.00228171423078, 0.000915476062801, 0.000311262498144, 0.000190390375792, 7.90275371401e-05, 0.000196442415472, 0.000411133514717], "var": [0.000159334842465, 0.0627074092627, 8.2103509903, 10.8502902985, 32.0867195129, 132.748138428, 669.783874512, 1582.24572754, 19998.0800781, 24898.2128906, 109949.515625, 46550.8203125, 11055.9658203, 906.42755127, 1668.62219238, 1031.86633301, 87422.2890625, 704.828918457, 30.0100040436, 0.82133680582, 0.85676419735, 0.889589905739, 0.032192401588, 0.260914504528, 0.0116473808885, 0.0075441012159, 0.00186442944687, 0.000150433275849, 1.41959726534e-05, 2.97452106679e-06, 6.09868038737e-07, 1.59173637826e-07, 3.43018129456e-08, 6.60890497883e-09, 1.69019109819e-09, 5.47284051411e-10, 1.51443607654e-10, 1.63143196868e-11, 1.4380718838e-10, 7.72882813305e-10], "mean": [0.00458295084536, 0.0741320177913, 0.682691574097, 1.02011704445, 2.0191257, 3.39495325089, 7.07079219818, 13.4435796738, 37.9390945435, 41.6101646423, 66.003288269, 32.3743400574, 13.1530151367, 6.13225793839, 3.84729528427, 2.93141078949, 14.0209274292, 2.49001097679, 0.63438975811, 0.210065886378, 0.202086091042, 0.137603312731, 0.0465096458793, 0.0629994645715, 0.0165725313127, 0.00880987197161, 0.0041078729555, 0.00129679986276, 0.000692781235557, 0.000395185634261, 0.000229040815611, 0.000143759913044, 0.000112048801384, 7.90320336819e-05, 5.37829910172e-05, 3.44816253346e-05, 1.93801351998e-05, 8.97722475202e-06, 8.04859973869e-06, 1.2998535567e-05]}, "spectral_strongpeak": {"dmean2": 0.301213502884, "median": 0.433798074722, "min": 0, "dvar2": 0.581750094891, "dvar": 0.3016089499, "dmean": 0.203107446432, "max": 23.5289745331, "var": 2.36899518967, "mean": 1.01807534695}, "spectral_energy": {"dmean2": 0.00301153771579, "median": 0.00194244098384, "min": 1.01313121815e-20, "dvar2": 0.000159228817211, "dvar": 7.89737387095e-05, "dmean": 0.00216834270395, "max": 0.344860345125, "var": 0.000603164313361, "mean": 0.0113121047616}, "average_loudness": 0.0149745568633, "spectral_rolloff": {"dmean2": 163.288864136, "median": 538.330078125, "min": 21.533203125, "dvar2": 1397669.125, "dvar": 528982.75, "dmean": 89.0119171143, "max": 20650.3417969, "var": 7294709.5, "mean": 955.62487793}, "spectral_centroid": {"dmean2": 40.206741333, "median": 460.580749512, "min": 118.820259094, "dvar2": 24645.1875, "dvar": 13497.8574219, "dmean": 26.9804573059, "max": 11651.5488281, "var": 912762, "mean": 590.455627441}, "pitch_salience": {"dmean2": 0.0855451598763, "median": 0.432044684887, "min": 0.0344309844077, "dvar2": 0.0086369048804, "dvar": 0.00320032332093, "dmean": 0.0525806695223, "max": 0.862408161163, "var": 0.0211246814579, "mean": 0.423642724752}, "spectral_energyband_middle_high": {"dmean2": 0.00050977722276, "median": 2.93640659947e-05, "min": 1.17550099667e-21, "dvar2": 4.6423785534e-05, "dvar": 1.96864784812e-05, "dmean": 0.000349343405105, "max": 0.327491283417, "var": 3.60019148502e-05, "mean": 0.000716377748176}, "spectral_contrast_coeffs": {"dmean2": [0.058544781059, 0.0462141595781, 0.0393926240504, 0.0303866676986, 0.0194243304431, 0.0206975284964], "median": [-0.696282446384, -0.67046046257, -0.705556571484, -0.805455505848, -0.879982829094, -0.887533843517], "min": [-0.980458080769, -0.978175580502, -0.975214242935, -0.971391201019, -0.967921257019, -0.964695632458], "dvar2": [0.00231872033328, 0.00171715742908, 0.00123751617502, 0.000675314979162, 0.000320234306855, 0.000618003192358], "dvar": [0.000849683012348, 0.000691145949531, 0.000530485471245, 0.000286653230432, 0.000143843601109, 0.000189652913832], "dmean": [0.0346672087908, 0.0282869394869, 0.0245742425323, 0.0188655648381, 0.0116507913917, 0.0116331120953], "max": [-0.286697179079, -0.344314306974, -0.344786942005, -0.369202971458, -0.559969186783, -0.686511874199], "var": [0.0170619245619, 0.0130817051977, 0.0118993539363, 0.00727635668591, 0.00409118179232, 0.000982216210105], "mean": [-0.686042606831, -0.663733899593, -0.706131100655, -0.798813700676, -0.856597185135, -0.878741443157]}, "melbands_skewness": {"dmean2": 0.795686066151, "median": 0.218312680721, "min": -8.57178783417, "dvar2": 1.13609552383, "dvar": 0.522522628307, "dmean": 0.524425148964, "max": 20.1068782806, "var": 6.02743959427, "mean": 0.379698187113}, "spectral_spread": {"dmean2": 609467.8125, "median": 1321448.125, "min": 211819.875, "dvar2": 599441604608, "dvar": 275501973504, "dmean": 343820.3125, "max": 42771792, "var": 14644320141300.0, "mean": 2225820.75}, "dissonance": {"dmean2": 0.099978223443, "median": 0.317923694849, "min": 0.0345637276769, "dvar2": 0.0102795939893, "dvar": 0.00366740371101, "dmean": 0.0573822855949, "max": 0.500000119209, "var": 0.0108643006533, "mean": 0.312572568655}, "spectral_skewness": {"dmean2": 1.42004299164, "median": 7.67817783356, "min": -0.0830578878522, "dvar2": 2.68916034698, "dvar": 0.901346802711, "dmean": 0.821455359459, "max": 18.5117492676, "var": 10.8550109863, "mean": 7.75918769836}, "spectral_flux": {"dmean2": 0.0105185192078, "median": 0.0102262729779, "min": 6.37255734293e-11, "dvar2": 0.00067216809839, "dvar": 0.000285614049062, "dmean": 0.00642704917118, "max": 0.406463384628, "var": 0.000543126836419, "mean": 0.0164864491671}, "spectral_contrast_valleys": {"dmean2": [0.607357621193, 0.445377290249, 0.43481144309, 0.373865664005, 0.242169573903, 0.348962605], "median": [-9.68746948242, -8.16345405579, -10.2577457428, -11.9407510757, -12.368522644, -14.0878286362], "min": [-28.1797714233, -27.9798984528, -27.7740821838, -27.6981601715, -27.5201206207, -27.3997936249], "dvar2": [0.249277547002, 0.194212421775, 0.199413433671, 0.172246739268, 0.0883064344525, 0.258871614933], "dvar": [0.0950634777546, 0.0937840715051, 0.0997822508216, 0.085941106081, 0.0457123331726, 0.0872334837914], "dmean": [0.355543673038, 0.266728043556, 0.258416712284, 0.219902396202, 0.140882775187, 0.193658664823], "max": [-5.99888801575, -4.68696832657, -6.15506982803, -7.31576013565, -8.39849948883, -12.0088806152], "var": [4.72643899918, 5.64196872711, 4.7121591568, 3.54842996597, 2.36889910698, 1.49220740795], "mean": [-9.80972957611, -8.56524372101, -10.4430742264, -11.8169498444, -12.3155517578, -14.2463331223]}, "erbbands_flatness_db": {"dmean2": 0.0189414173365, "median": 0.393566250801, "min": 0.0246908850968, "dvar2": 0.000456557667349, "dvar": 0.000246798532316, "dmean": 0.0131132835522, "max": 0.649049699306, "var": 0.0104518327862, "mean": 0.387733459473}, "spectral_energyband_high": {"dmean2": 1.49862785292e-07, "median": 5.79454884075e-08, "min": 7.09202362101e-21, "dvar2": 5.04627329506e-12, "dvar": 2.29632805826e-12, "dmean": 1.04461904016e-07, "max": 8.11937788967e-05, "var": 3.77208594221e-12, "mean": 2.29402417062e-07}, "spectral_entropy": {"dmean2": 0.166677176952, "median": 5.08165407181, "min": 3.02807950974, "dvar2": 0.0410758294165, "dvar": 0.0199496429414, "dmean": 0.112878724933, "max": 9.82551860809, "var": 0.842050254345, "mean": 5.13805675507}, "silence_rate_20dB": {"dmean2": 0, "median": 1, "min": 1, "dvar2": 0, "dvar": 0, "dmean": 0, "max": 1, "var": 0, "mean": 1}, "melbands_flatness_db": {"dmean2": 0.022697782144, "median": 0.504321396351, "min": 0.00361184380017, "dvar2": 0.000630845490377, "dvar": 0.000275525293546, "dmean": 0.0149574037641, "max": 0.737035989761, "var": 0.0108678350225, "mean": 0.497734934092}, "barkbands": {"dmean2": [0.000114901449706, 0.000105483712105, 0.00014704959176, 0.000146822480019, 0.000281641609035, 0.000585798756219, 0.000800958252512, 0.000970508554019, 0.000390564848203, 0.000243430855335, 9.87286330201e-05, 2.38307493419e-05, 0.000205745280255, 2.19576013478e-05, 3.75116428586e-06, 2.05296441891e-06, 2.22291055252e-06, 3.93052431491e-07, 3.78395981215e-07, 1.3287503009e-07, 3.56958729242e-08, 1.46362788556e-08, 4.98647745317e-09, 2.82510881355e-09, 2.37050934437e-09, 2.41005326806e-09, 4.02338784511e-09], "median": [2.08504243346e-05, 1.26235836433e-05, 1.6345371705e-06, 4.99928410136e-06, 2.55899121839e-05, 0.000100087716419, 9.08072834136e-05, 4.32570450357e-05, 2.42974292632e-05, 5.56997565582e-06, 1.63060474279e-06, 2.62422190644e-07, 2.30853018479e-07, 6.65890240725e-08, 4.25944648441e-08, 3.09828962486e-08, 1.1356860341e-08, 6.33584962273e-09, 4.91928409119e-09, 3.89432353032e-09, 3.75388209406e-09, 4.07511313583e-09, 4.30347535385e-09, 5.20787279967e-09, 6.23433971114e-09, 7.58927498623e-09, 1.85667428099e-08], "min": [9.0122999965e-25, 2.95869776682e-24, 8.21945632978e-25, 9.81901381008e-25, 9.57464146494e-24, 8.42667924275e-24, 2.80794940606e-24, 5.08707446582e-24, 1.67102275629e-23, 1.87738088048e-23, 1.32542642247e-23, 1.50965526278e-23, 3.28737303422e-23, 2.17679950572e-23, 4.30821584356e-23, 6.12242963369e-23, 8.90998513152e-23, 1.24767124294e-22, 9.79029079288e-23, 1.56242838495e-22, 2.49144942576e-22, 3.36757374566e-22, 4.01893177748e-22, 5.62274001899e-22, 8.13708938263e-22, 1.30555141906e-21, 1.94508612985e-21], "dvar2": [4.78855994857e-08, 2.12516795273e-07, 4.48204332315e-07, 4.52865918987e-07, 1.30374758101e-06, 6.64026720187e-06, 2.30514597206e-05, 4.27372397098e-05, 2.0145860617e-05, 9.97393090074e-06, 4.34809771832e-06, 9.89095880755e-08, 3.63486396964e-05, 4.53933438394e-07, 6.35315133835e