{"tonal": {"thpcp": [1, 0.879361212254, 0.628845095634, 0.534980893135, 0.430465608835, 0.441122323275, 0.560970366001, 0.634060919285, 0.879313886166, 0.987863123417, 0.72082388401, 0.565301001072, 0.572232246399, 0.634521722794, 0.800390422344, 0.842420756817, 0.655584454536, 0.521257519722, 0.493734866381, 0.474369198084, 0.552328467369, 0.672325789928, 0.64555734396, 0.724093079567, 0.939174354076, 0.780927956104, 0.527254700661, 0.465694189072, 0.377974510193, 0.438670784235, 0.567023634911, 0.528361797333, 0.47659561038, 0.479112148285, 0.459910720587, 0.683737099171], "hpcp": {"dmean2": [0.203083798289, 0.224389597774, 0.223744556308, 0.226399555802, 0.210378438234, 0.167040601373, 0.140568256378, 0.132505565882, 0.155518904328, 0.176129981875, 0.17419283092, 0.16251142323, 0.159465223551, 0.164106637239, 0.207194224, 0.244203791022, 0.226493909955, 0.214884668589, 0.185340568423, 0.151013746858, 0.153681218624, 0.17490760982, 0.226939707994, 0.25571924448, 0.265983343124, 0.244796767831, 0.215451985598, 0.21738190949, 0.242236912251, 0.257881999016, 0.253764420748, 0.24055492878, 0.192939385772, 0.175786629319, 0.188248679042, 0.196863517165], "median": [0.0234097354114, 0.0213903840631, 0.0289206877351, 0.0341487005353, 0.0308422837406, 0.0204576812685, 0.0136294420809, 0.0130450837314, 0.0161676481366, 0.0213561579585, 0.0196786671877, 0.0160100907087, 0.0137698696926, 0.0167466271669, 0.0386245399714, 0.0550256893039, 0.0431554242969, 0.0276619754732, 0.01726770401, 0.0119391493499, 0.00956443138421, 0.0117964930832, 0.0219078622758, 0.0427678599954, 0.052086353302, 0.0350281149149, 0.0151306726038, 0.0158627163619, 0.0235829278827, 0.0335624143481, 0.0332209318876, 0.0289333108813, 0.0185353569686, 0.016286816448, 0.0164330042899, 0.0220064558089], "min": [1.66469396845e-06, 1.15328657557e-06, 0, 0, 0, 0, 0, 0, 0, 0, 0, 0, 0, 0, 0, 0, 2.02460205401e-06, 0, 0, 0, 0, 0, 5.28789678356e-06, 6.53106144455e-06, 1.43757199567e-06, 1.36062124056e-06, 0, 0, 0, 0, 0, 0, 0, 0, 0, 2.72401643997e-06], "dvar2": [0.107420362532, 0.129893407226, 0.111420974135, 0.113405905664, 0.104214929044, 0.0796613693237, 0.0663096904755, 0.0599354431033, 0.0766889825463, 0.0843294709921, 0.0907740741968, 0.08199390769, 0.0799478515983, 0.0765396803617, 0.0972388461232, 0.115811400115, 0.109803490341, 0.112768761814, 0.10299667716, 0.0778756216168, 0.0822176411748, 0.0976457297802, 0.1288112849, 0.13199301064, 0.138066396117, 0.136568278074, 0.127527087927, 0.129670649767, 0.13840726018, 0.137427374721, 0.132859706879, 0.128310635686, 0.10175742209, 0.0962923392653, 0.103725083172, 0.104581840336], "dvar": [0.0408343374729, 0.0472473949194, 0.0424311794341, 0.0474476441741, 0.0411682277918, 0.0307577196509, 0.0257976204157, 0.0223902799189, 0.0290685556829, 0.0342570766807, 0.0349304527044, 0.0311303231865, 0.0317851044238, 0.0293516889215, 0.0386244542897, 0.0502669885755, 0.0455117374659, 0.0416868589818, 0.0393073372543, 0.029973026365, 0.03093184717, 0.0380058549345, 0.0466856099665, 0.0503732226789, 0.0540405772626, 0.050038125366, 0.0467623285949, 0.0462662801147, 0.050510391593, 0.0532845370471, 0.0536119416356, 0.0476337112486, 0.0384509824216, 0.0370215810835, 0.0392026267946, 0.0387613102794], "dmean": [0.116382740438, 0.12688857317, 0.128671720624, 0.132407680154, 0.122522249818, 0.096525721252, 0.0811494588852, 0.0755862519145, 0.0891388878226, 0.103127263486, 0.100442767143, 0.0932554677129, 0.0910594984889, 0.0944886803627, 0.122084505856, 0.144367665052, 0.133087545633, 0.123027436435, 0.105348899961, 0.0863100737333, 0.0874756425619, 0.100306048989, 0.128550559282, 0.146098732948, 0.153711944818, 0.139937728643, 0.121207952499, 0.121718026698, 0.135371312499, 0.148903608322, 0.146428823471, 0.136467039585, 0.108854919672, 0.0999018326402, 0.105638727546, 0.111314691603], "max": [1, 1, 1, 1, 1, 1, 1, 1, 1, 1, 1, 1, 1, 1, 1, 1, 1, 1, 1, 1, 1, 1, 1, 1, 1, 1, 1, 1, 1, 1, 1, 1, 1, 1, 1, 1], "var": [0.0611759722233, 0.0567205995321, 0.0591994635761, 0.0947302952409, 0.0706286728382, 0.0405005514622, 0.0394809991121, 0.0252803470939, 0.0323927551508, 0.0489561036229, 0.0446687228978, 0.0381688028574, 0.0437951534986, 0.0350132025778, 0.0539167113602, 0.0932143479586, 0.0807469636202, 0.0489866547287, 0.0472853034735, 0.0347417518497, 0.0370414443314, 0.0572046563029, 0.0536216162145, 0.0778995379806, 0.0906406566501, 0.0587598308921, 0.0523060522974, 0.0518864765763, 0.0553609356284, 0.0707638934255, 0.0797684937716, 0.053334005177, 0.0432762801647, 0.0434833429754, 0.0395110957325, 0.0432308875024], "mean": [0.140584528446, 0.134987205267, 0.151409164071, 0.196383044124, 0.16329343617, 0.110249899328, 0.0973774939775, 0.0790351480246, 0.091726846993, 0.118565656245, 0.110481396317, 0.0996569991112, 0.100183211267, 0.0961681604385, 0.142970651388, 0.20910179615, 0.183876007795, 0.131492644548, 0.111865468323, 0.0900111347437, 0.0922394692898, 0.117299906909, 0.132583275437, 0.183866113424, 0.206563949585, 0.150725573301, 0.118205457926, 0.119654789567, 0.132679626346, 0.167363077402, 0.176151692867, 0.137083888054, 0.108995884657, 0.103240847588, 0.0991914495826, 0.115492872894]}, "tuning_equal_tempered_deviation": 0.0733459219337, "chords_changes_rate": 0.0933880284429, "key_key": "A#", "tuning_diatonic_strength": 0.54901689291, "key_scale": "major", "chords_number_rate": 0.00217181467451, "tuning_frequency": 441.782684326, "tuning_nontempered_energy_ratio": 0.806727528572, "chords_histogram": [17.2659263611, 9.90588760376, 5.20028972626, 3.96959447861, 2.4372587204, 2.81129336357, 4.93484544754, 7.15492296219, 3.69208502769, 0.434362947941, 2.02702713013, 0.7239382267, 1.01351356506, 0.386100381613, 0.422297298908, 2.9319498539, 2.79922771454, 6.87741327286, 0.916988432407, 1.60472977161, 0.374034762383, 3.48696899414, 3.3542470932, 15.2750968933], "key_strength": 0.735768973827, "chords_key": "A#", "chords_strength": {"dmean2": 0.014473548159, "median": 0.476669996977, "min": 0.173458561301, "dvar2": 0.000174430068, "dvar": 0.000124546408188, "dmean": 0.0134977903217, "max": 0.779938876629, "var": 0.0128606697544, "mean": 0.483293175697}, "chords_scale": "major", "hpcp_entropy": {"dmean2": 1.13200891018, "median": 1.94329023361, "min": 0.0332632251084, "dvar2": 0.867919147015, "dvar": 0.337943077087, "dmean": 0.674530923367, "max": 4.65918684006, "var": 0.925426006317, "mean": 1.97711253166}}, "metadata": {"audio_properties": {"equal_loudness": 0, "codec": "alac", "downmix": "mix", "sample_rate": 44100, "analysis_sample_rate": 44100, "bit_rate": 809887, "md5_encoded": "161b0b506118277b0d0be600bdfcc7e1", "length": 384.826660156, "replay_gain": -11.291179657, "lossless": true}, "version": {"essentia_build_sha": "c0e182ba78c2de26e491b7b7a4a2c98c1ed34208", "essentia": "2.1-beta2", "extractor": "music 1.0", "essentia_git_sha": "v2.1_beta2-2-gbb40004"}, "tags": {"title": ["A Foggy Day"], "barcode": ["610614011622"], "media": ["CD"], "musicbrainz_releasegroupid": ["ccc806a8-7c26-4bfb-a431-ef3f37fe94e4"], "musicbrainz_recordingid": ["1f48a8c3-519d-47f9-a68c-7020cdeedf81"], "musicbrainz_albumartistid": ["12822d4f-4607-4f1d-ab16-d6bacc27cafe"], "discnumber": ["1/1"], "bpm": ["0"], "catalognumber": ["MXJ116"], "file_name": "08 A Foggy Day.m4a", "compilation": ["0"], "date": ["2003"], "genre": ["Jazz Vocals"], "album": ["Live at Jazz Standard"], "script": ["Latin"], "musicbrainz_albumid": ["d15de0bd-0867-4237-94ab-4d94249ab69a"], "tracknumber": ["8/10"], "encodedby": ["iTunes 12.2.0.145"], "composer": ["George Gershwin & Ira Gershwin"], "artist": ["Ren\u00e9 Marie"], "label": ["MAXJAZZ"], "musicbrainz_artistid": ["12822d4f-4607-4f1d-ab16-d6bacc27cafe"]}}, "rhythm": {"bpm_histogram_first_peak_bpm": {"dmean2": 0, "median": 157, "min": 157, "dvar2": 0, "dvar": 0, "dmean": 0, "max": 157, "var": 0, "mean": 157}, "bpm": 155.543075562, "bpm_histogram_second_peak_spread": {"dmean2": 0, "median": 0, "min": 0, "dvar2": 0, "dvar": 0, "dmean": 0, "max": 0, "var": 0, "mean": 0}, "bpm_histogram_first_peak_weight": {"dmean2": 0, "median": 0.294964015484, "min": 0.294964015484, "dvar2": 0, "dvar": 0, "dmean": 0, "max": 0.294964015484, "var": 0, "mean": 0.294964015484}, "onset_rate": 4.23024654388, "beats_position": [0.603718817234, 1.20743763447, 1.8111563921, 2.41487526894, 3.03020405769, 3.63392281532, 4.23764181137, 4.71365070343, 5.17804956436, 5.64244890213, 6.10684776306, 6.57124710083, 7.03564596176, 7.4884352684, 7.95283412933, 8.4172334671, 8.88163280487, 9.33442115784, 9.78721046448, 10.2516098022, 10.7276191711, 11.2036275864, 11.8886165619, 12.5736055374, 13.2585935593, 13.9203624725, 14.5821313858, 15.2555103302, 15.9404983521, 16.6254863739, 17.298866272, 17.9606342316, 18.6224040985, 19.272562027, 19.9343299866, 20.6077098846, 21.2114276886, 21.8035373688, 22.3840351105, 22.9761447906, 23.5450344086, 24.1371421814, 24.7176418304, 25.3445796967, 25.9715194702, 26.5984573364, 27.1209068298, 27.6317462921, 28.142583847, 28.6534233093, 29.1526527405, 29.6634922028, 30.1046714783, 30.5342407227, 30.9754180908, 31.3933773041, 31.7997264862, 32.2060775757, 32.6240348816, 33.0187759399, 33.4135131836, 33.8082542419, 34.2029914856, 34.5977325439, 34.9924697876, 35.3988189697, 35.8051681519, 36.1999092102, 36.5946464539, 37.000995636, 37.3492965698, 37.6975975037, 38.0575065613, 38.4058036804, 38.823764801, 39.2533340454, 39.6829032898, 40.1124725342, 40.5420417786, 40.9599990845, 41.3779602051, 41.795917511, 42.2138786316, 42.6318359375, 43.0614051819, 43.5374145508, 44.0134239197, 44.5010414124, 44.953830719, 45.3950119019, 45.83618927, 46.2889785767, 46.7417678833, 47.1829452515, 47.6241264343, 48.0653038025, 48.4948730469, 48.9244422913, 49.4468917847, 49.9693412781, 50.5033988953, 51.0955085754, 51.6876182556, 52.2681159973, 52.8486175537, 53.4291152954, 54.0096130371, 54.578502655, 55.1590003967, 55.7395019531, 56.3199996948, 56.9237174988, 57.515827179, 58.1195449829, 58.7232627869, 59.3269844055, 59.9307022095, 60.5344200134, 61.1265296936, 61.7186393738, 62.2991371155, 62.9028549194, 63.5181846619, 64.0754623413, 64.621131897, 65.1668014526, 65.6892471313, 66.2117004395, 66.7341461182, 67.2682037354, 67.8022689819, 68.3247146606, 68.7194519043, 69.1025848389, 69.474105835, 69.8572311401, 70.2635803223, 70.6583175659, 71.053062439, 71.4361877441, 71.8193206787, 72.2140579224, 72.5971832275, 72.9803161621, 73.3750534058, 73.7581863403, 74.1413116455, 74.5360565186, 74.9424057007, 75.3487548828, 75.7434921265, 76.1382293701, 76.5329666138, 76.9509277344, 77.345664978, 77.7287979126, 78.1119232178, 78.4834442139, 78.85496521, 79.2380905151, 79.6096115112, 79.9811325073, 80.3526535034, 80.7357788086, 81.1072998047, 81.4904327393, 81.8735580444, 82.2450790405, 82.6282043457, 83.0113372803, 83.3828582764, 83.7543716431, 84.1375045776, 84.5206298828, 84.8921508789, 85.263671875, 85.6468048096, 86.0299301147, 86.4130630493, 86.7961883545, 87.1677093506, 87.5392303467, 87.9223556519, 88.3054885864, 88.6886138916, 89.0717468262, 89.4548721313, 89.8380050659, 90.2095184326, 90.5810394287, 90.9525604248, 91.3240814209, 91.7072067261, 92.1019515991, 92.4618606567, 92.8333740234, 93.2048950195, 93.5764160156, 93.9479370117, 94.3194503784, 94.6909713745, 95.0624923706, 95.4340133667, 95.8055343628, 96.1770477295, 96.5485687256, 96.9317016602, 97.3032150269, 97.6747360229, 98.046257019, 98.4293823242, 98.8241271973, 99.2420806885, 99.6600418091, 100.054779053, 100.449523926, 100.844261169, 101.238998413, 101.633743286, 102.02848053, 102.423217773, 102.817955017, 103.224304199, 103.630653381, 104.037002563, 104.443351746, 104.82648468, 105.209609985, 105.59274292, 105.975868225, 106.347389221, 106.718910217, 107.090431213, 107.473556519, 107.856689453, 108.239814758, 108.622947693, 108.994468689, 109.377593994, 109.760726929, 110.143852234, 110.51537323, 110.886894226, 111.258407593, 111.641540527, 112.024665833, 112.407798767, 112.779319763, 113.162445068, 113.545578003, 113.928703308, 114.311836243, 114.694961548, 115.078094482, 115.449615479, 115.832740784, 116.215873718, 116.587387085, 116.958908081, 117.330429077, 117.701950073, 118.07346344, 118.444984436, 118.816505432, 119.188026428, 119.559547424, 119.942672729, 120.325805664, 120.697319031, 121.068840027, 121.451972961, 121.811882019, 122.195007324, 122.578140259, 122.972877502, 123.356010437, 123.739135742, 124.110656738, 124.482177734, 124.86530304, 125.248435974, 125.631561279, 126.014694214, 126.386207581, 126.769340515, 127.15246582, 127.523986816, 127.895507812, 128.278640747, 128.661773682, 129.044891357, 129.428024292, 129.822769165, 130.194290161, 130.565795898, 130.960540771, 131.355285645, 131.761627197, 132.167984009, 132.574325562, 132.969070435, 133.363800049, 133.746932983, 134.130065918, 134.501586914, 134.87310791, 135.256240845, 135.639358521, 136.022491455, 136.40562439, 136.753921509, 137.102218628, 137.462127686, 137.810424805, 138.205169678, 138.588302612, 138.971420288, 139.342941284, 139.71446228, 140.085983276, 140.445892334, 140.829025269, 141.188934326, 141.560455322, 141.931976318, 142.303482056, 142.675003052, 143.034912109, 143.406433105, 143.777954102, 144.149475098, 144.520996094, 144.904129028, 145.287246704, 145.6587677, 146.030288696, 146.401809692, 146.76171875, 147.110015869, 147.481536865, 147.853057861, 148.224578857, 148.596099854, 148.956008911, 149.327529907, 149.699050903, 150.070556641, 150.453689575, 150.83682251, 151.208343506, 151.579864502, 151.974594116, 152.369338989, 152.775695801, 153.193649292, 153.611602783, 154.006347656, 154.401092529, 154.784210205, 155.178955078, 155.573699951, 155.980041504, 156.374786377, 156.78112793, 157.187484741, 157.570602417, 157.96534729, 158.348480225, 158.731613159, 159.114730835, 159.486251831, 159.869384766, 160.2525177, 160.624038696, 161.007156372, 161.390289307, 161.773422241, 162.156555176, 162.539672852, 162.911193848, 163.282714844, 163.65423584, 164.025756836, 164.408889771, 164.792022705, 165.163528442, 165.535049438, 165.906570435, 166.278091431, 166.661224365, 167.0443573, 167.427474976, 167.81060791, 168.193740845, 168.576873779, 168.948379517, 169.319900513, 169.703033447, 170.086166382, 170.469299316, 170.864028931, 171.247161865, 171.6302948, 172.025024414, 172.431381226, 172.826126099, 173.232467651, 173.638824463, 174.033554077, 174.416687012, 174.799819946, 175.182937622, 175.566070557, 175.949203491, 176.332336426, 176.703857422, 177.075378418, 177.446884155, 177.83001709, 178.201538086, 178.573059082, 178.956192017, 179.350921631, 179.734054565, 180.1171875, 180.500320435, 180.88343811, 181.254959106, 181.638092041, 182.021224976, 182.40435791, 182.787475586, 183.182220459, 183.565353394, 183.948471069, 184.331604004, 184.714736938, 185.097869873, 185.480987549, 185.864120483, 186.247253418, 186.630386353, 187.025115967, 187.431472778, 187.837814331, 188.232559204, 188.615692139, 188.998809814, 189.381942749, 189.765075684, 190.148208618, 190.519729614, 190.90284729, 191.285980225, 191.657501221, 192.029022217, 192.412155151, 192.795272827, 193.166793823, 193.549926758, 193.933059692, 194.316192627, 194.687713623, 195.05921936, 195.430740356, 195.813873291, 196.185394287, 196.568527222, 196.951644897, 197.334777832, 197.717910767, 198.089431763, 198.460952759, 198.844070435, 199.215591431, 199.587112427, 199.970245361, 200.341766357, 200.724899292, 201.108016968, 201.479537964, 201.85105896, 202.234191895, 202.617324829, 202.988845825, 203.360351562, 203.743484497, 204.126617432, 204.498138428, 204.881271362, 205.264389038, 205.647521973, 206.030654907, 206.402175903, 206.773696899, 207.145217896, 207.528335571, 207.911468506, 208.282989502, 208.666122437, 209.049255371, 209.432373047, 209.815505981, 210.210250854, 210.59336853, 210.976501465, 211.371246338, 211.765975952, 212.149108887, 212.532241821, 212.903762817, 213.275283813, 213.658401489, 214.041534424, 214.424667358, 214.807800293, 215.190933228, 215.574050903, 215.945571899, 216.317092896, 216.70022583, 217.083358765, 217.46647644, 217.837997437, 218.209518433, 218.581039429, 218.952560425, 219.324081421, 219.695602417, 220.067123413, 220.43862915, 220.810150146, 221.193283081, 221.576416016, 221.97114563, 222.354278564, 222.737411499, 223.132156372, 223.538497925, 223.933242798, 224.316360474, 224.711105347, 225.117462158, 225.512191772, 225.895324707, 226.278457642, 226.649978638, 227.021499634, 227.393005371, 227.764526367, 228.136047363, 228.507568359, 228.890701294, 229.273834229, 229.656951904, 230.0284729, 230.411605835, 230.783126831, 231.154647827, 231.526168823, 231.909286499, 232.280807495, 232.66394043, 233.035461426, 233.406982422, 233.790115356, 234.173233032, 234.556365967, 234.939498901, 235.311019897, 235.682540894, 236.065658569, 236.448791504, 236.8203125, 237.191833496, 237.574966431, 237.958084106, 238.329605103, 238.701126099, 239.072647095, 239.455780029, 239.827301025, 240.198822021, 240.581939697, 240.953460693, 241.336593628, 241.719726562, 242.091247559, 242.462768555, 242.834274292, 243.217407227, 243.588928223, 243.972061157, 244.343582153, 244.715103149, 245.086624146, 245.458129883, 245.829650879, 246.201171875, 246.572692871, 246.944213867, 247.327346802, 247.710464478, 248.081985474, 248.45350647, 248.825027466, 249.2081604, 249.591293335, 249.962814331, 250.334320068, 250.705841064, 251.077362061, 251.448883057, 251.808792114, 252.168701172, 252.540222168, 252.911743164, 253.28326416, 253.654785156, 254.037902832, 254.421035767, 254.792556763, 255.164077759, 255.535598755, 255.907119751, 256.278625488, 256.650146484, 257.02166748, 257.393188477, 257.77633667, 258.159454346, 258.542572021, 258.925720215, 259.308837891, 259.691955566, 260.063476562, 260.446624756, 260.829742432, 261.201263428, 261.584381104, 261.967529297, 262.350646973, 262.733795166, 263.128509521, 263.546478271, 263.964447021, 264.382385254, 264.788757324, 265.183502197, 265.566619873, 265.949737549, 266.344482422, 266.750823975, 267.157196045, 267.540313721, 267.935058594, 268.31817627, 268.701324463, 269.072814941, 269.455963135, 269.839080811, 270.210601807, 270.59375, 270.976867676, 271.359985352, 271.743133545, 272.126251221, 272.509368896, 272.90411377, 273.298858643, 273.681976318, 274.065124512, 274.436645508, 274.819763184, 275.202911377, 275.574401855, 275.945922852, 276.317443848, 276.700592041, 277.083709717, 277.46685791, 277.849975586, 278.233093262, 278.616241455, 279.010955811, 279.394104004, 279.77722168, 280.160369873, 280.543487549, 280.926605225, 281.321350098, 281.72769165, 282.122436523, 282.517181396, 282.900299072, 283.283447266, 283.666564941, 284.049713135, 284.44442749, 284.827575684, 285.210693359, 285.582214355, 285.965332031, 286.360076904, 286.754821777, 287.16116333, 287.5675354, 287.985473633, 288.368621826, 288.740142822, 289.111663818, 289.483154297, 289.854675293, 290.226196289, 290.597717285, 290.980865479, 291.352386475, 291.712280273, 292.07220459, 292.420501709, 292.757171631, 293.09387207, 293.43057251, 293.778869629, 294.115539551, 294.45223999, 294.800537109, 295.148834229, 295.497131348, 295.845428467, 296.193725586, 296.542022705, 296.890319824, 297.238647461, 297.58694458, 297.935241699, 298.283538818, 298.631835938, 298.991729736, 299.351654053, 299.734771729, 300.094696045, 300.466217041, 300.837738037, 301.209259033, 301.557556152, 301.917449951, 302.26574707, 302.625671387, 302.973968506, 303.322265625, 303.682159424, 304.04208374, 304.401977539, 304.761901855, 305.133422852, 305.504943848, 305.876464844, 306.24798584, 306.619506836, 306.991027832, 307.350921631, 307.710845947, 308.082366943, 308.465484619, 308.848602295, 309.220123291, 309.591644287, 309.963165283, 310.346282959, 310.706207275, 311.054504395, 311.426025391, 311.77432251, 312.122619629, 312.470916748, 312.819213867, 313.167510986, 313.515808105, 313.864135742, 314.212432861, 314.57232666, 314.932250977, 315.280548096, 315.628845215, 315.988739014, 316.34866333, 316.708557129, 317.056854248, 317.405151367, 317.765075684, 318.13659668, 318.496490479, 318.856414795, 319.227935791, 319.599456787, 319.982574463, 320.377319336, 320.760437012, 321.143585205, 321.526702881, 321.909820557, 322.281341553, 322.652862549, 323.036010742, 323.407531738, 323.767425537, 324.127349854, 324.475646973, 324.823944092, 325.172241211, 325.52053833, 325.868835449, 326.228759766, 326.588653564, 326.936950684, 327.285247803, 327.645172119, 328.005065918, 328.353363037, 328.701660156, 329.061584473, 329.421478271, 329.781402588, 330.129699707, 330.477996826, 330.837921143, 331.186218262, 331.534515381, 331.871185303, 332.219482422, 332.556182861, 332.892883301, 333.229553223, 333.577850342, 333.926147461, 334.274475098, 334.634368896, 334.994293213, 335.354187012, 335.714111328, 336.074005127, 336.433929443, 336.782226562, 337.130523682, 337.49041748, 337.850341797, 338.210235596, 338.570159912, 338.918457031, 339.26675415, 339.638275146, 340.009796143, 340.392913818, 340.776062012, 341.14755249, 341.519073486, 341.890594482, 342.285339355, 342.668487549, 343.074829102, 343.481170654, 343.887512207, 344.28225708, 344.665405273, 345.048522949, 345.420043945, 345.779937744, 346.139862061, 346.499755859, 346.848052979, 347.207977295, 347.556274414, 347.91619873, 348.276092529, 348.636016846, 348.995910645, 349.344207764, 349.70413208, 350.064025879, 350.423950195, 350.772247314, 351.132141113, 351.49206543, 351.840362549, 352.188659668, 352.525360107, 352.873657227, 353.233551025, 353.593475342, 353.953369141, 354.313293457, 354.673187256, 355.033111572, 355.393005371, 355.752929688, 356.101226807, 356.461120605, 356.821044922, 357.180938721, 357.540863037, 357.912384033, 358.260681152, 358.608978271, 358.957275391, 359.317169189, 359.665466309, 360.025390625, 360.385284424, 360.74520874, 361.105133057, 361.465026855, 361.836547852, 362.208068848, 362.602813721, 362.997558594, 363.392272949, 363.787017822, 364.170166016, 364.541656494, 364.901580811, 365.273101807, 365.644622803, 366.016143799, 366.387664795, 366.759185791, 367.130706787, 367.502227783, 367.873748779, 368.245239258, 368.605163574, 368.965057373, 369.336578369, 369.719726562, 370.091247559, 370.462768555, 370.84588623, 371.217407227, 371.577331543, 371.937225342, 372.297149658, 372.668640137, 373.028564453, 373.376861572, 373.725158691, 374.073455811, 374.42175293, 374.746826172, 375.071929932, 375.385375977, 375.698852539, 376.012329102, 376.325805664, 376.650878906, 376.975952148, 377.301025391, 377.62612915, 377.962799072, 378.299499512, 378.636169434, 379.030914307, 379.4140625, 379.808776855, 380.191925049, 380.575042725, 380.946563721, 381.329711914, 381.71282959, 382.095947266, 382.490692139, 382.885437012, 383.280181885, 383.674926758, 384.069641113], "beats_loudness": {"dmean2": 0.0235279873013, "median": 0.0087222494185, "min": 2.15180943997e-06, "dvar2": 0.000851397169754, "dvar": 0.000291353091598, "dmean": 0.0133870411664, "max": 0.113584198058, "var": 0.000434235174907, "mean": 0.0174208730459}, "danceability": 1.0574516058, "bpm_histogram_second_peak_weight": {"dmean2": 0, "median": 0.0935251787305, "min": 0.0935251787305, "dvar2": 0, "dvar": 0, "dmean": 0, "max": 0.0935251787305, "var": 0, "mean": 0.0935251787305}, "beats_count": 974, "bpm_histogram_second_peak_bpm": {"dmean2": 0, "median": 167, "min": 167, "dvar2": 0, "dvar": 0, "dmean": 0, "max": 167, "var": 0, "mean": 167}, "bpm_histogram_first_peak_spread": {"dmean2": 0, "median": 0.43503934145, "min": 0.43503934145, "dvar2": 0, "dvar": 0, "dmean": 0, "max": 0.43503934145, "var": 0, "mean": 0.43503934145}, "beats_loudness_band_ratio": {"dmean2": [0.401868343353, 0.339425206184, 0.298474818468, 0.292801469564, 0.152883276343, 0.106022521853], "median": [0.217859685421, 0.174063950777, 0.12313824892, 0.0615060701966, 0.0296042636037, 0.0133870542049], "min": [7.15694040991e-05, 0.000466345372843, 0.000735489593353, 6.525353092e-05, 6.74154125591e-06, 5.16014461027e-06], "dvar2": [0.140650629997, 0.0954007059336, 0.0777776762843, 0.124017521739, 0.0422613546252, 0.0590484179556], "dvar": [0.0498699992895, 0.0328562408686, 0.0280657354742, 0.0422987602651, 0.0149587318301, 0.0189997814596], "dmean": [0.230427354574, 0.193270996213, 0.170143887401, 0.160475373268, 0.0857395380735, 0.0577507428825], "max": [0.970547199249, 0.992740392685, 0.957213044167, 0.95559579134, 0.797162592411, 0.984859704971], "var": [0.0855043530464, 0.0526930466294, 0.0380481295288, 0.0528621450067, 0.0177424568683, 0.0120281213894], "mean": [0.313595384359, 0.24396276474, 0.196058422327, 0.167738601565, 0.0852340385318, 0.0474153421819]}}, "lowlevel": {"barkbands_spread": {"dmean2": 8.93943500519, "median": 11.4345397949, "min": 0.0253920983523, "dvar2": 171.63432312, "dvar": 75.6198501587, "dmean": 5.68853855133, "max": 123.576248169, "var": 192.452636719, "mean": 15.4440937042}, "melbands_spread": {"dmean2": 10.9562902451, "median": 12.5812015533, "min": 0.233718365431, "dvar2": 401.701049805, "dvar": 179.308349609, "dmean": 7.02744197845, "max": 287.699859619, "var": 448.932189941, "mean": 18.3085193634}, "hfc": {"dmean2": 5.12266540527, "median": 2.44807624817, "min": 3.86319456425e-08, "dvar2": 145.707794189, "dvar": 78.7264251709, "dmean": 3.80879950523, "max": 220.178039551, "var": 405.186004639, "mean": 10.4211196899}, "barkbands_kurtosis": {"dmean2": 12.1243810654, "median": 4.00768899918, "min": -1.93711590767, "dvar2": 5457.29101562, "dvar": 2577.94824219, "dmean": 7.78285646439, "max": 6178.18359375, "var": 5835.15478516, "mean": 12.4777593613}, "gfcc": {"mean": [-123.774795532, 95.6966552734, -103.383529663, 14.1512479782, -56.8360061646, 3.25431108475, -37.3658676147, 1.1431273222, -22.6282444, -3.61101007462, -12.0046043396, -3.00855493546, -9.89933490753], "icov": [[0.000120494769362, -4.66590245196e-05, 0.000113967435027, 2.34991875914e-05, 2.05018168344e-05, -0.000210603073356, 0.000162614887813, -0.000361468730262, 0.00027868145844, -0.000378429598641, 0.000326386798406, -0.000254281389061, 0.000227729498874], [-4.66590245196e-05, 0.000969569489826, -0.000307310750941, 0.000352175615262, -0.000566873699427, 0.000599886232521, -0.000743316370063, 0.000472956016893, -0.000610643997788, 0.00111353828106, -0.00159037637059, 0.00174232420977, -0.000768662779592], [0.000113967435027, -0.000307310750941, 0.00117387250066, -0.000553918944206, 0.000195932865608, -9.50450848904e-05, -0.000137277587783, 0.000337872392265, -0.000128128012875, -3.63343951904e-06, 0.000226038173423, -0.000614544027485, 0.000498644134495], [2.34991875914e-05, 0.000352175615262, -0.000553918944206, 0.00186185527127, -0.000541465182323, 0.000275475991657, 0.00010823627963, -0.00135661126114, 0.00077612203313, -0.000383284146665, 0.000330266164383, 0.00109727296513, 3.11004223477e-05], [2.05018168344e-05, -0.000566873699427, 0.000195932865608, -0.000541465182323, 0.00431555975229, -0.00184520590119, -0.000996299670078, 0.00050040736096, -0.00221799733117, 0.000838503416162, 0.000776234723162, -0.00158108433243, 0.0011167981429], [-0.000210603073356, 0.000599886232521, -9.50450848904e-05, 0.000275475991657, -0.00184520590119, 0.00553472107276, -0.00219580437988, -0.000580351101235, 0.00158054730855, -0.00116163596977, -0.00103557272814, 0.00128157774452, -0.00145939679351], [0.000162614887813, -0.000743316370063, -0.000137277587783, 0.00010823627963, -0.000996299670078, -0.00219580437988, 0.00710201309994, -0.0023563534487, 0.000980811892077, 0.000332810828695, -0.000512106809765, -0.000345843523974, 0.00200030044653], [-0.000361468730262, 0.000472956016893, 0.000337872392265, -0.00135661126114, 0.00050040736096, -0.000580351101235, -0.0023563534487, 0.00941084232181, -0.0043037426658, 0.000592260446865, 0.00123993284069, -0.00175990350544, -3.81716345146e-05], [0.00027868145844, -0.000610643997788, -0.000128128012875, 0.00077612203313, -0.00221799733117, 0.00158054730855, 0.000980811892077, -0.0043037426658, 0.0113304760307, -0.0058220224455, 0.00119112001266, 0.000349955866113, -0.00196029595099], [-0.000378429598641, 0.00111353828106, -3.63343951904e-06, -0.000383284146665, 0.000838503416162, -0.00116163596977, 0.000332810828695, 0.000592260446865, -0.0058220224455, 0.0138139044866, -0.00628047157079, 0.00175124208909, 0.00176051794551], [0.000326386798406, -0.00159037637059, 0.000226038173423, 0.000330266164383, 0.000776234723162, -0.00103557272814, -0.000512106809765, 0.00123993284069, 0.00119112001266, -0.00628047157079, 0.0147859854624, -0.00738908350468, 0.00197675032541], [-0.000254281389061, 0.00174232420977, -0.000614544027485, 0.00109727296513, -0.00158108433243, 0.00128157774452, -0.000345843523974, -0.00175990350544, 0.000349955866113, 0.00175124208909, -0.00738908350468, 0.0176903046668, -0.00720811262727], [0.000227729498874, -0.000768662779592, 0.000498644134495, 3.11004223477e-05, 0.0011167981429, -0.00145939679351, 0.00200030044653, -3.81716345146e-05, -0.00196029595099, 0.00176051794551, 0.00197675032541, -0.00720811262727, 0.0135769471526]], "cov": [[18019.6640625, -3022.47436523, -2358.62451172, 327.321350098, -37.8265266418, 1003.28863525, -112.599067688, 1003.08068848, -110.120582581, 600.424743652, -316.387420654, 207.193572998, -194.816268921], [-3022.47436523, 2850.46240234, 769.472167969, -437.021850586, 297.955108643, -211.134979248, 256.83782959, -308.843048096, 98.4167556763, -204.774536133, 209.340606689, -132.547515869, 38.8177146912], [-2358.62451172, 769.472167969, 1393.4934082, 228.201095581, 64.308265686, -125.888847351, 91.6015472412, -138.57434082, 13.6712694168, -94.3770828247, 46.2196350098, -53.1575393677, -22.0226821899], [327.321350098, -437.021850586, 228.201095581, 852.315185547, 46.3404884338, 47.808467865, 17.1892585754, 148.661132812, -14.5016756058, 28.862203598, -88.8751449585, -44.70728302, -57.9852981567], [-37.8265266418, 297.955108643, 64.308265686, 46.3404884338, 397.888214111, 135.392272949, 139.458648682, 41.029750824, 71.636932373, -2.08039975166, 17.1915397644, 2.17059850693, -14.3091821671], [1003.28863525, -211.134979248, -125.888847351, 47.808467865, 135.392272949, 345.481781006, 114.077552795, 97.9724349976, -9.08063030243, 57.7450141907, 4.69145202637, 17.1694736481, -15.1668691635], [-112.599067688, 256.83782959, 91.6015472412, 17.1892585754, 139.458648682, 114.077552795, 250.002883911, 43.7719841003, 11.3153076172, -7.00157499313, 28.4586734772, -11.4603261948, -30.5794372559], [1003.08068848, -308.843048096, -138.57434082, 148.661132812, 41.029750824, 97.9724349976, 43.7719841003, 233.639373779, 56.7553749084, 56.1893882751, -36.4197120667, 26.3044948578, -8.02080345154], [-110.120582581, 98.4167556763, 13.6712694168, -14.5016756058, 71.636932373, -9.08063030243, 11.3153076172, 56.7553749084, 161.456573486, 52.732673645, 15.4936265945, 8.03382396698, 17.0571956635], [600.424743652, -204.774536133, -94.3770828247, 28.862203598, -2.08039975166, 57.7450141907, -7.00157499313, 56.1893882751, 52.732673645, 146.464630127, 32.8688621521, 15.3837985992, -18.6930847168], [-316.387420654, 209.340606689, 46.2196350098, -88.8751449585, 17.1915397644, 4.69145202637, 28.4586734772, -36.4197120667, 15.4936265945, 32.8688621521, 130.658294678, 34.1752243042, 7.55523347855], [207.193572998, -132.547515869, -53.1575393677, -44.70728302, 2.17059850693, 17.1694736481, -11.4603261948, 26.3044948578, 8.03382396698, 15.3837985992, 34.1752243042, 105.677009583, 44.7988014221], [-194.816268921, 38.8177146912, -22.0226821899, -57.9852981567, -14.3091821671, -15.1668691635, -30.5794372559, -8.02080345154, 17.0571956635, -18.6930847168, 7.55523347855, 44.7988014221, 111.661521912]]}, "spectral_energyband_middle_low": {"dmean2": 0.00368359056301, "median": 0.00199558120221, "min": 3.06760554458e-11, "dvar2": 6.16210090811e-05, "dvar": 2.73941805062e-05, "dmean": 0.00244645238854, "max": 0.134004160762, "var": 6.72715977998e-05, "mean": 0.00489879446104}, "melbands_crest": {"dmean2": 5.96114873886, "median": 15.0741863251, "min": 2.44251966476, "dvar2": 28.9291000366, "dvar": 11.3966779709, "dmean": 3.65602231026, "max": 35.9940071106, "var": 38.7043685913, "mean": 15.8919668198}, "spectral_kurtosis": {"dmean2": 6.8812046051, "median": 5.34434127808, "min": -1.41265630722, "dvar2": 440.857788086, "dvar": 156.464401245, "dmean": 4.19241285324, "max": 539.663757324, "var": 1232.54772949, "mean": 13.9817504883}, "spectral_rms": {"dmean2": 0.000864335161168, "median": 0.00215289718471, "min": 2.64110667558e-07, "dvar2": 1.41350381e-06, "dvar": 7.03199816598e-07, "dmean": 0.000612285279203, "max": 0.0128545928746, "var": 4.832706054e-06, "mean": 0.00271393242292}, "zerocrossingrate": {"dmean2": 0.0129784168676, "median": 0.0419921875, "min": 0.00048828125, "dvar2": 0.000320905761328, "dvar": 0.000283145956928, "dmean": 0.0111374026164, "max": 0.46044921875, "var": 0.00176640506834, "mean": 0.0518315173686}, "silence_rate_60dB": {"dmean2": 0.154468104243, "median": 0, "min": 0, "dvar2": 0.153407156467, "dvar": 0.0712724849582, "dmean": 0.0772293955088, "max": 1, "var": 0.241117686033, "mean": 0.405731528997}, "erbbands_kurtosis": {"dmean2": 3.41827344894, "median": 0.57982301712, "min": -1.92298781872, "dvar2": 59.6905975342, "dvar": 28.8365783691, "dmean": 2.20721840858, "max": 317.975524902, "var": 93.9236602783, "mean": 3.03689789772}, "erbbands": {"dmean2": [0.0134819056839, 0.437653690577, 1.70378875732, 1.51135933399, 2.2008395195, 3.79296350479, 5.23852777481, 9.77604866028, 11.1374177933, 13.0648927689, 13.5740718842, 18.3341274261, 21.5180263519, 37.1787910461, 22.2444152832, 16.2409114838, 18.2665061951, 21.1066894531, 18.1915454865, 25.6585083008, 12.4869003296, 7.93692874908, 5.03966140747, 3.27935934067, 1.90816795826, 1.95182085037, 1.16501891613, 0.838990986347, 0.533815324306, 0.59743398428, 0.517424464226, 0.466603338718, 0.596921205521, 0.413753181696, 0.125871941447, 0.0441034547985, 0.0161446891725, 0.00600783945993, 0.00123245792929, 6.52216986055e-05], "median": [0.00139324064367, 0.0474774464965, 0.237619116902, 0.356956213713, 0.57771974802, 0.814600884914, 1.27171623707, 1.74022316933, 1.62263810635, 1.19883990288, 1.36698830128, 1.38832747936, 1.43784868717, 1.24151933193, 1.21959924698, 1.00188696384, 0.980743467808, 1.03023910522, 0.994554340839, 0.962110817432, 0.709831953049, 1.16275322437, 0.699261367321, 0.937240302563, 0.867185771465, 0.691954791546, 0.359978944063, 0.302097558975, 0.176456972957, 0.225270465016, 0.152312278748, 0.104860320687, 0.0636391043663, 0.0408685803413, 0.0177651327103, 0.00565608264878, 0.00178707169835, 0.000424686091719, 5.48737807549e-05, 1.07310424937e-05], "min": [5.53351642285e-10, 2.95119861882e-09, 9.28878840512e-09, 2.01843359804e-08, 3.44221220416e-08, 4.76531987204e-08, 5.33656780988e-08, 4.62005864676e-08, 2.74029776648e-08, 8.8246130403e-09, 7.28076132717e-09, 2.56718202252e-08, 4.03644122571e-08, 3.04127709683e-08, 2.07279953202e-08, 3.42782122686e-08, 3.42216566196e-08, 1.94381044594e-08, 6.62933441475e-09, 2.54031178315e-08, 2.77644858215e-08, 4.25042046004e-09, 9.52709910962e-09, 1.86445223704e-08, 1.32328565883e-08, 8.08948463771e-09, 4.98673324856e-09, 7.84095366413e-09, 2.54859653381e-08, 2.72839812965e-08, 7.55918616591e-09, 9.4864986977e-09, 2.46543541138e-09, 8.22613643869e-10, 6.1947258434e-10, 2.46793918635e-10, 1.14071543877e-10, 5.64717439477e-11, 5.75584475915e-11, 5.39166497907e-12], "dvar2": [0.00139801378828, 1.6713912487, 28.7243881226, 17.5680980682, 29.1592578888, 123.037590027, 152.900527954, 802.942687988, 1749.84899902, 2852.65332031, 4043.64086914, 12447.3046875, 16341.0654297, 37799.859375, 10899.1201172, 7792.6484375, 10563.8632812, 15661.2832031, 9797.81933594, 23141.0527344, 5811.54931641, 1739.9197998, 536.236755371, 178.398071289, 40.1322746277, 38.0563774109, 16.5681838989, 7.57421636581, 2.12525010109, 3.01792836189, 3.03559088707, 6.25305509567, 54.2020721436, 25.5723400116, 1.03665912151, 0.0714636221528, 0.00440465519205, 0.000564784684684, 3.14193202939e-05, 7.54553681759e-08], "dvar": [0.000554297410417, 0.640256345272, 9.95864391327, 6.42671346664, 11.8237705231, 48.3461761475, 62.5041160583, 331.960113525, 767.346618652, 1192.08557129, 2215.13793945, 5223.30029297, 7323.72363281, 17891.5136719, 5581.31396484, 4391.80273438, 5681.13574219, 7346.97705078, 4411.31103516, 9747.66796875, 3355.23413086, 958.132873535, 267.391571045, 87.5016403198, 22.7674617767, 18.1393966675, 9.19885253906, 4.02482223511, 1.07074272633, 1.42023026943, 1.43018651009, 2.62424731255, 23.5302257538, 9.6893119812, 0.450017362833, 0.033183246851, 0.00196153344586, 0.000247906718869, 1.28626907099e-05, 3.06766629876e-08], "dmean": [0.00896252598614, 0.274108737707, 0.985471844673, 0.89729309082, 1.36084485054, 2.299939394, 3.28868222237, 6.19938898087, 7.17004871368, 8.42198371887, 9.26152038574, 12.1155614853, 14.3867444992, 26.3587341309, 16.1605510712, 12.0797653198, 13.4142589569, 14.5558366776, 12.5948038101, 17.2320652008, 8.93389320374, 5.65781164169, 3.41743469238, 2.19161653519, 1.3020619154, 1.27617418766, 0.781437933445, 0.569655001163, 0.358665674925, 0.396150112152, 0.341039657593, 0.30689778924, 0.396499097347, 0.266870200634, 0.0859183967113, 0.0298938211054, 0.0108482157812, 0.0039714933373, 0.000790921389125, 4.15742470068e-05], "max": [0.506761312485, 14.5115709305, 59.4718933105, 78.5437011719, 122.765739441, 228.75592041, 214.172714233, 472.362884521, 1043.6517334, 1278.87902832, 2603.6171875, 3920.17138672, 3221.36230469, 4855.60058594, 2760.73242188, 3574.63525391, 3847.1784668, 5619.90576172, 2328.79980469, 3240.26098633, 3558.00585938, 1577.8704834, 615.47052002, 467.902282715, 243.603256226, 198.780441284, 175.923675537, 130.252624512, 52.2632331848, 64.433052063, 72.5168762207, 96.3818817139, 458.450805664, 217.421508789, 39.3442230225, 12.3362979889, 1.778028965, 0.606905639172, 0.178870722651, 0.00971642695367], "var": [0.00101604452357, 0.788138151169, 10.3239059448, 8.78524971008, 18.9447250366, 54.5545043945, 116.195487976, 733.265136719, 1545.95617676, 2089.52514648, 5092.15234375, 8341.90039062, 16887.0625, 94868.7265625, 20005.9199219, 12740.5400391, 20658.8535156, 15429.6621094, 7854.53710938, 14064.9824219, 11510.3613281, 2372.35766602, 561.68145752, 193.348007202, 77.3653793335, 56.8833427429, 22.7072753906, 8.9695186615, 2.57021260262, 2.90697860718, 2.54459261894, 3.67289924622, 27.8332519531, 9.75611686707, 0.653637647629, 0.0531471520662, 0.00274335988797, 0.000287799950456, 1.22353230836e-05, 3.00677669429e-08], "mean": [0.0144639909267, 0.368656545877, 1.24099755287, 1.25360941887, 1.96282839775, 3.03800153732, 5.07675266266, 10.031621933, 11.6147918701, 13.3443565369, 15.6319284439, 17.5634002686, 23.2546634674, 69.1786117554, 36.7891769409, 21.9292259216, 25.8657550812, 22.6198730469, 20.4101448059, 25.3300514221, 15.0967731476, 9.49657821655, 5.62217140198, 3.90013122559, 2.68703103065, 2.46154403687, 1.39394438267, 0.991290986538, 0.616167545319, 0.678963720798, 0.550202131271, 0.46089297533, 0.511224448681, 0.339462965727, 0.118709228933, 0.039033036679, 0.0131818447262, 0.00419566221535, 0.000757152272854, 5.02513030369e-05]}, "spectral_strongpeak": {"dmean2": 0.748554229736, "median": 0.277470707893, "min": 0, "dvar2": 2.47345089912, "dvar": 1.22249686718, "dmean": 0.497154325247, "max": 22.1233024597, "var": 4.92284154892, "mean": 1.16089951992}, "spectral_energy": {"dmean2": 0.00706415763125, "median": 0.00475084083155, "min": 7.14983142136e-11, "dvar2": 0.000180865870789, "dvar": 8.3451574028e-05, "dmean": 0.00485760951415, "max": 0.169371560216, "var": 0.000354369374691, "mean": 0.0125030474737}, "average_loudness": 0.0531870275736, "spectral_rolloff": {"dmean2": 798.743103027, "median": 710.595703125, "min": 21.533203125, "dvar2": 2595589.25, "dvar": 1154537.5, "dmean": 472.005584717, "max": 15137.8417969, "var": 2251447.75, "mean": 1237.38562012}, "spectral_centroid": {"dmean2": 378.339294434, "median": 897.351196289, "min": 158.105331421, "dvar2": 294883.28125, "dvar": 144867.5625, "dm