{"metadata": {"tags": {"label": ["Putumayo World Music"], "barcode": ["790248012124"], "musicbrainz_artistid": ["50cd3334-1bad-483a-a059-b297e06ec65a"], "tracknumber": ["4/10"], "genre": ["Putumayo"], "artist": ["Tour\u00e9 Kunda"], "musicbrainz_albumid": ["e4a52b4e-b8b9-491c-ba82-cde2b4dd8523"], "artistsort": ["Tour\u00e9 Kunda"], "title": ["Cira"], "asin": ["B000003EJN"], "musicbrainz_albumartistid": ["50cd3334-1bad-483a-a059-b297e06ec65a"], "album": ["Putumayo Presents: The Tour\u00e9 Kunda Collection"], "script": ["Latn"], "albumartistsort": ["Tour\u00e9 Kunda"], "discnumber": ["1/1"], "date": ["1996-03-19"], "catalognumber": ["PUTU 121-2"], "media": ["CD"], "file_name": "04. Tour\u00e9 Kunda - Cira.m4a", "musicbrainz_releasegroupid": ["102cd0d6-5493-3cdb-91c9-258f166c3b9d"], "musicbrainz_recordingid": ["1f527681-9626-4a60-85f9-a487330da819"]}, "audio_properties": {"sample_rate": 44100, "downmix": "mix", "lossless": false, "analysis_sample_rate": 44100, "md5_encoded": "e9c3517200c1573851461ac218a77927", "equal_loudness": 0, "replay_gain": -10.7370243073, "codec": "aac", "bit_rate": 279205, "length": 307.060668945}, "version": {"extractor": "music 1.0", "essentia_build_sha": "70f2e5ece6736b2c40cc944ad0e695b16b925413", "essentia_git_sha": "v2.1_beta2", "essentia": "2.1-beta2"}}, "rhythm": {"beats_loudness_band_ratio": {"dvar2": [0.222987279296, 0.0779701694846, 0.034366030246, 0.0308777149767, 0.00583854457363, 0.0315738432109], "var": [0.11278745532, 0.0272759273648, 0.0161162186414, 0.011813858524, 0.00263365916908, 0.0144175384194], "min": [0, 0, 0, 0, 0, 0], "dmean": [0.444506675005, 0.179077148438, 0.137440562248, 0.11691980809, 0.0514588318765, 0.158098295331], "mean": [0.383527368307, 0.205927327275, 0.141797095537, 0.108847260475, 0.0527524724603, 0.129850462079], "max": [1, 0.844483852386, 0.707852721214, 0.705632448196, 0.448435395956, 0.464100390673], "dmean2": [0.825645446777, 0.317047834396, 0.240556418896, 0.207019552588, 0.0908858478069, 0.298270255327], "median": [0.246465831995, 0.15848056972, 0.105261087418, 0.0814481377602, 0.0426149405539, 0.0837589353323], "dvar": [0.0831108316779, 0.0237164832652, 0.0126937124878, 0.0101844733581, 0.00227693188936, 0.011406224221]}, "bpm_histogram_first_peak_weight": {"dvar2": 0, "var": 0, "min": 0.518883407116, "dmean": 0, "mean": 0.518883407116, "max": 0.518883407116, "dmean2": 0, "median": 0.518883407116, "dvar": 0}, "bpm": 119.662071228, "beats_count": 610, "bpm_histogram_first_peak_spread": {"dvar2": 0, "var": 0, "min": 0.469798624516, "dmean": 0, "mean": 0.469798624516, "max": 0.469798624516, "dmean2": 0, "median": 0.469798624516, "dvar": 0}, "danceability": 1.45522665977, "bpm_histogram_first_peak_bpm": {"dvar2": 0, "var": 0, "min": 120, "dmean": 0, "mean": 120, "max": 120, "dmean2": 0, "median": 120, "dvar": 0}, "beats_position": [0.522448956966, 1.04489791393, 1.57895684242, 2.08979582787, 2.58902478218, 3.08825397491, 3.58748292923, 4.08671188354, 4.57433080673, 5.08516979218, 5.58439922333, 6.09523820877, 6.59446716309, 7.10530614853, 7.60453510284, 8.10376358032, 8.60299301147, 9.10222244263, 9.61306095123, 10.1122903824, 10.6115188599, 11.1223583221, 11.6215867996, 12.1208162308, 12.6084346771, 13.1076641083, 13.6185035706, 14.117732048, 14.6169614792, 15.1161899567, 15.6270294189, 16.1262588501, 16.6254863739, 17.1363258362, 17.6355552673, 18.1347846985, 18.6340141296, 19.1332416534, 19.6440811157, 20.1433105469, 20.642539978, 21.1417675018, 21.640996933, 22.1402263641, 22.6394557953, 23.1502952576, 23.6611328125, 24.1603622437, 24.6595916748, 25.1704311371, 25.6696586609, 26.168888092, 26.6681175232, 27.1673469543, 27.6665763855, 28.1658039093, 28.6534233093, 29.1642627716, 29.6751022339, 30.1743297577, 30.6735591888, 31.1843986511, 31.6952381134, 32.2060775757, 32.6936950684, 33.1813163757, 33.6805419922, 34.1797714233, 34.6673927307, 35.1782302856, 35.6890678406, 36.1882972717, 36.6875267029, 37.1983680725, 37.6975975037, 38.1968231201, 38.6844444275, 39.1952819824, 39.7061233521, 40.2053489685, 40.7045783997, 41.2154197693, 41.703037262, 42.2022666931, 42.7014961243, 43.2123336792, 43.7231750488, 44.2107925415, 44.6984100342, 45.2092514038, 45.7200889587, 46.2077102661, 46.718547821, 47.229385376, 47.7286148071, 48.2278442383, 48.7270736694, 49.2263031006, 49.7371406555, 50.2247619629, 50.7123794556, 51.2232208252, 51.7340583801, 52.2448959351, 52.7325172424, 53.2433547974, 53.7541923523, 54.2418136597, 54.7526512146, 55.2634925842, 55.7627182007, 56.2619476318, 56.7495689392, 57.2487983704, 57.7596359253, 58.2588653564, 58.7580947876, 59.2573242188, 59.7565536499, 60.2557830811, 60.7550086975, 61.2542381287, 61.7650794983, 62.2759170532, 62.7751464844, 63.2743759155, 63.7852134705, 64.2844467163, 64.7836685181, 65.2945098877, 65.7937393188, 66.29296875, 66.7921981812, 67.2914276123, 67.7906570435, 68.2898864746, 68.7775039673, 69.2883453369, 69.7875747681, 70.2984085083, 70.7976379395, 71.3084793091, 71.8077087402, 72.2953262329, 72.7945556641, 73.2937850952, 73.7930145264, 74.2922439575, 74.7914733887, 75.3023147583, 75.8131484985, 76.3007659912, 76.7883911133, 77.2992248535, 77.8100662231, 78.3092956543, 78.8085250854, 79.3193664551, 79.8302001953, 80.3294296265, 80.8286590576, 81.3395004272, 81.8387298584, 82.3263473511, 82.8255767822, 83.3364181519, 83.835647583, 84.3348770142, 84.8341064453, 85.3333282471, 85.8441696167, 86.3433990479, 86.842628479, 87.3534698486, 87.8526992798, 88.3519287109, 88.8395462036, 89.3503875732, 89.8612213135, 90.3720626831, 90.8596801758, 91.3705215454, 91.8697509766, 92.3689804077, 92.8682098389, 93.36743927, 93.8782730103, 94.3775024414, 94.8651199341, 95.3643493652, 95.8751907349, 96.374420166, 96.8736495972, 97.3844909668, 97.895324707, 98.3945541382, 98.8937835693, 99.404624939, 99.9038543701, 100.403083801, 100.890701294, 101.389930725, 101.889160156, 102.388389587, 102.887619019, 103.398452759, 103.909294128, 104.396911621, 104.896141052, 105.395370483, 105.906211853, 106.405441284, 106.904670715, 107.415504456, 107.914733887, 108.413963318, 108.90158844, 109.41242218, 109.911651611, 110.410881042, 110.898498535, 111.409339905, 111.920181274, 112.431015015, 112.918640137, 113.429473877, 113.928703308, 114.427932739, 114.915550232, 115.426391602, 115.937232971, 116.436462402, 116.935691833, 117.446525574, 117.945755005, 118.433380127, 118.932601929, 119.443443298, 119.954284668, 120.453514099, 120.95274353, 121.451972961, 121.951202393, 122.450431824, 122.949661255, 123.460494995, 123.971336365, 124.482177734, 124.969795227, 125.480628967, 125.979858398, 126.47908783, 126.966712952, 127.477546692, 127.976776123, 128.476013184, 128.963623047, 129.474472046, 129.985305786, 130.484527588, 130.983764648, 131.494598389, 131.993835449, 132.493057251, 132.992294312, 133.491516113, 134.002349854, 134.501586914, 135.000808716, 135.500045776, 135.999267578, 136.498504639, 136.986114502, 137.485351562, 137.984573364, 138.483810425, 138.983032227, 139.482269287, 139.993103027, 140.503936768, 141.014785767, 141.525619507, 142.024856567, 142.524078369, 143.011703491, 143.510925293, 144.010162354, 144.520996094, 145.020217896, 145.519454956, 146.018676758, 146.517913818, 147.005523682, 147.516372681, 148.027206421, 148.538040161, 149.025665283, 149.524902344, 150.024124146, 150.534957886, 151.022583008, 151.533416748, 152.044265747, 152.543487549, 153.042724609, 153.55355835, 154.052780151, 154.552017212, 155.039627075, 155.550476074, 156.061309814, 156.560546875, 157.059768677, 157.570602417, 158.069839478, 158.569061279, 159.056686401, 159.567520142, 160.066757202, 160.565979004, 161.053604126, 161.564437866, 162.075286865, 162.562896729, 163.062133789, 163.561355591, 164.072189331, 164.571426392, 165.070648193, 165.581497192, 166.080718994, 166.579956055, 167.067565918, 167.578414917, 168.089248657, 168.588470459, 169.08770752, 169.586929321, 170.086166382, 170.585388184, 171.084625244, 171.595458984, 172.106307983, 172.605529785, 173.104751587, 173.615600586, 174.126434326, 174.614059448, 175.11328125, 175.612518311, 176.123352051, 176.610977173, 177.110198975, 177.609436035, 178.120269775, 178.619491577, 179.118728638, 179.629562378, 180.140411377, 180.639633179, 181.138870239, 181.638092041, 182.137313843, 182.636550903, 183.135772705, 183.646621704, 184.145843506, 184.645080566, 185.144302368, 185.655151367, 186.154373169, 186.641998291, 187.141220093, 187.640457153, 188.151290894, 188.650512695, 189.149749756, 189.660583496, 190.159820557, 190.659042358, 191.14666748, 191.657501221, 192.168334961, 192.667572021, 193.166793823, 193.677642822, 194.176864624, 194.664489746, 195.163711548, 195.674560547, 196.173782349, 196.673019409, 197.183853149, 197.69468689, 198.205535889, 198.693145752, 199.180770874, 199.691604614, 200.202438354, 200.690063477, 201.189300537, 201.688522339, 202.199356079, 202.686981201, 203.186203003, 203.685440063, 204.196273804, 204.707122803, 205.194732666, 205.705581665, 206.216415405, 206.715637207, 207.214874268, 207.725708008, 208.224945068, 208.72416687, 209.223403931, 209.722625732, 210.233459473, 210.721084595, 211.220306396, 211.719543457, 212.230377197, 212.729614258, 213.22883606, 213.739685059, 214.23890686, 214.738143921, 215.225753784, 215.736587524, 216.247436523, 216.735046387, 217.222671509, 217.733505249, 218.244354248, 218.755187988, 219.24281311, 219.753646851, 220.252868652, 220.752105713, 221.251327515, 221.762176514, 222.261398315, 222.749023438, 223.236633301, 223.7474823, 224.25831604, 224.757553101, 225.256774902, 225.767608643, 226.278457642, 226.777679443, 227.276916504, 227.787750244, 228.286987305, 228.786209106, 229.273834229, 229.784667969, 230.283889771, 230.783126831, 231.270736694, 231.781585693, 232.292419434, 232.780044556, 233.290878296, 233.801712036, 234.300949097, 234.800170898, 235.311019897, 235.821853638, 236.30947876, 236.797088623, 237.296325684, 237.795547485, 238.306396484, 238.794006348, 239.304855347, 239.815689087, 240.30329895, 240.790924072, 241.301757812, 241.812606812, 242.311828613, 242.811065674, 243.321899414, 243.832733154, 244.331970215, 244.831192017, 245.330429077, 245.829650879, 246.340499878, 246.828109741, 247.315734863, 247.826568604, 248.337417603, 248.836639404, 249.335861206, 249.846710205, 250.345932007, 250.845169067, 251.332778931, 251.832015991, 252.342849731, 252.842086792, 253.341308594, 253.852142334, 254.362991333, 254.862213135, 255.361450195, 255.860671997, 256.371520996, 256.870758057, 257.3699646, 257.88079834, 258.368438721, 258.867645264, 259.366882324, 259.854522705, 260.353729248, 260.852966309, 261.363800049, 261.874633789, 262.37387085, 262.87310791, 263.360717773, 263.883178711, 264.382385254, 264.893249512, 265.404083252, 265.903320312, 266.402526855, 266.901763916, 267.401000977, 267.90020752, 268.39944458, 268.91027832, 269.397918701, 269.908752441, 270.407989502, 270.907196045, 271.394836426, 271.894042969, 272.404907227, 272.90411377, 273.39175415, 273.902587891, 274.413421631, 274.912658691, 275.411865234, 275.911102295, 276.410339355, 276.921173096, 277.420410156, 277.919647217, 278.430480957, 278.9296875, 279.417327881, 279.916534424, 280.427398682, 280.926605225, 281.425842285, 281.936676025, 282.447509766, 282.946746826, 283.445983887, 283.945220947, 284.44442749, 284.955291748, 285.454498291, 285.953735352, 286.464569092, 286.975402832, 287.474639893, 287.973876953, 288.461486816, 288.94909668, 289.44833374, 289.947570801, 290.446807861, 290.946014404, 291.456878662, 291.956085205, 292.455322266, 292.966156006, 293.476989746, 293.976226807, 294.475463867, 294.974700928, 295.473907471, 295.984771729, 296.483978271, 296.983215332, 297.494049072, 297.993286133, 298.492523193, 298.991729736, 299.490966797, 299.990203857, 300.501037598, 301.011871338, 301.534332275, 302.068389893, 302.60244751, 303.136505127, 303.670562744, 304.216217041, 304.773498535, 305.330780029, 305.888061523, 306.445343018], "beats_loudness": {"dvar2": 0.00046593969455, "var": 0.000296838377835, "min": 0, "dmean": 0.0152335800231, "mean": 0.036476649344, "max": 0.119430489838, "dmean2": 0.0247887503356, "median": 0.0379497855902, "dvar": 0.000167327409144}, "bpm_histogram_second_peak_weight": {"dvar2": 0, "var": 0, "min": 0.0082101803273, "dmean": 0, "mean": 0.0082101803273, "max": 0.0082101803273, "dmean2": 0, "median": 0.0082101803273, "dvar": 0}, "bpm_histogram_second_peak_spread": {"dvar2": 0, "var": 0, "min": 0.615384578705, "dmean": 0, "mean": 0.615384578705, "max": 0.615384578705, "dmean2": 0, "median": 0.615384578705, "dvar": 0}, "bpm_histogram_second_peak_bpm": {"dvar2": 0, "var": 0, "min": 112, "dmean": 0, "mean": 112, "max": 112, "dmean2": 0, "median": 112, "dvar": 0}, "onset_rate": 5.71200990677}, "lowlevel": {"spectral_energyband_high": {"dvar2": 1.23656145661e-05, "var": 7.86798864283e-06, "min": 7.08982076795e-21, "dmean": 0.0010253865039, "mean": 0.00151738780551, "max": 0.0285479966551, "dmean2": 0.00152134092059, "median": 0.000474229658721, "dvar": 5.15875763085e-06}, "spectral_energyband_middle_low": {"dvar2": 0.000411504704971, "var": 0.000201928734896, "min": 1.94932199737e-22, "dmean": 0.00842379406095, "mean": 0.0143571086228, "max": 0.121893085539, "dmean2": 0.0137152234092, "median": 0.0101865995675, "dvar": 0.000156913753017}, "spectral_energy": {"dvar2": 0.00173680274747, "var": 0.000670836074278, "min": 9.91894082939e-21, "dmean": 0.0150239393115, "mean": 0.0275222435594, "max": 0.247142568231, "dmean2": 0.0238447319716, "median": 0.0218564383686, "dvar": 0.000653152936138}, "spectral_spread": {"dvar2": 2551500242940.0, "var": 20668412330000.0, "min": 1796526.375, "dmean": 887321.0625, "mean": 6399553, "max": 48398396, "dmean2": 1285887.125, "median": 5639549, "dvar": 1280949747710.0}, "spectral_energyband_low": {"dvar2": 0.000893792835996, "var": 0.000270374643151, "min": 2.17947043097e-23, "dmean": 0.00742518203333, "mean": 0.00979869905859, "max": 0.189060911536, "dmean2": 0.0123133789748, "median": 0.0059305569157, "dvar": 0.000334952957928}, "spectral_rolloff": {"dvar2": 4591219.5, "var": 4653211, "min": 21.533203125, "dmean": 755.086730957, "mean": 1598.4317627, "max": 19896.6796875, "dmean2": 1219.36181641, "median": 753.662109375, "dvar": 2076596.25}, "barkbands": {"dvar2": [1.52110476392e-06, 0.000246374111157, 0.000165392673807, 0.000196951019461, 4.10646716773e-05, 2.89473045996e-05, 1.1615819858e-05, 1.98203724722e-05, 1.35772443173e-05, 2.05600463232e-06, 3.77005608243e-06, 2.83112035504e-06, 8.63644231686e-07, 1.11956683213e-06, 5.11687062499e-07, 5.05940079165e-07, 2.51666079976e-07, 4.04966925771e-07, 4.913945304e-07, 7.99790939254e-07, 1.17755257634e-06, 1.29091813506e-06, 4.35314490232e-07, 2.72643745802e-07, 1.28585654124e-07, 7.69621522068e-08, 9.98237297267e-08], "var": [5.65958657717e-07, 7.64189535403e-05, 3.63068575098e-05, 6.8572240707e-05, 1.51770673256e-05, 2.76697974186e-05, 4.94300229548e-06, 8.81223149918e-06, 7.31081399863e-06, 1.5558788391e-06, 2.75141064776e-06, 1.26046359128e-06, 5.41023496226e-07, 8.2245600197e-07, 3.08907516455e-07, 3.34624559173e-07, 1.4879964283e-07, 2.4108743446e-07, 2.01249775955e-07, 3.28054284182e-07, 5.48409957446e-07, 4.41181867927e-07, 2.19411205649e-07, 1.98798588258e-07, 1.12057456647e-07, 5.87199906477e-08, 4.46752146388e-08], "min": [1.56016817619e-24, 4.09415654366e-24, 1.01703734433e-24, 1.27689650816e-24, 1.37958882336e-23, 1.53638818114e-23, 1.29526290581e-23, 1.2391524918e-23, 1.384720048e-23, 2.01042668977e-23, 1.57163637965e-23, 1.87856432961e-23, 2.87270924602e-23, 3.78411369753e-23, 4.80198818105e-23, 3.99590170911e-23, 6.74798812738e-23, 8.5443285382e-23, 1.17054576374e-22, 1.49721003537e-22, 2.23564341743e-22, 2.56116125328e-22, 3.87276935704e-22, 5.37720005716e-22, 7.4268540545e-22, 1.36179404616e-21, 1.65828760671e-21], "dmean": [0.000369078770746, 0.00395000493154, 0.00233801268041, 0.00375311658718, 0.00219080853276, 0.00191435345914, 0.00104345567524, 0.00131906440947, 0.000982536468655, 0.000412391353166, 0.000432077504229, 0.000394930219045, 0.000237759071751, 0.00027625382063, 0.000179876005859, 0.000168948128703, 0.000179606300662, 0.000210546713788, 0.000198231311515, 0.000235668558162, 0.000248827942414, 0.000234609557083, 0.000156818292453, 0.000146205667988, 0.000100416997157, 8.41878863866e-05, 8.282672934e-05], "mean": [0.000377944903448, 0.00515161128715, 0.00248498748988, 0.00390579085797, 0.00288551324047, 0.00334153254516, 0.00120940012857, 0.00151818967424, 0.0013977503404, 0.000536448205821, 0.00064003438456, 0.000471142906463, 0.000311473093461, 0.000376725685783, 0.000227518044994, 0.000217507797061, 0.000232056205277, 0.000282203953248, 0.000265128968749, 0.000314765522489, 0.000306839152472, 0.000271001597866, 0.000215242413105, 0.000221626556595, 0.000158702867338, 0.000116106195492, 8.3613456809e-05], "max": [0.0104417195544, 0.115110516548, 0.0967193841934, 0.0850754380226, 0.0709767565131, 0.107436597347, 0.0391925163567, 0.0336974002421, 0.0476331152022, 0.017334414646, 0.0464152209461, 0.0195458978415, 0.00938570685685, 0.01686979644, 0.0155322859064, 0.0258701872081, 0.00497581297532, 0.00651893857867, 0.00757576990873, 0.00924908649176, 0.0102243283764, 0.0101931439713, 0.00775264156982, 0.0070316772908, 0.0118111632764, 0.00500429840758, 0.00395645247772], "dmean2": [0.000606914865784, 0.00671218708158, 0.00416693463922, 0.00631413934752, 0.00374865112826, 0.00303669902496, 0.00173849088605, 0.00222886004485, 0.00154056341853, 0.000641511403956, 0.00066396134207, 0.000644649786409, 0.000376100244466, 0.000429719540989, 0.00029039173387, 0.000273940269835, 0.00029022799572, 0.000336312019499, 0.000322262145346, 0.000377357850084, 0.00039671533159, 0.000390725734178, 0.00025073211873, 0.000225079449592, 0.000143491997733, 0.000121082739497, 0.000127464620164], "median": [8.59895590111e-05, 0.00275473296642, 0.000962632591836, 0.00111485808156, 0.00170003739186, 0.00166477682069, 0.000444300589152, 0.00043805516907, 0.000462090159999, 0.000117047056847, 0.000117807576316, 0.000109013621113, 7.10332897143e-05, 9.35559874051e-05, 6.39972713543e-05, 5.91653952142e-05, 8.06346943136e-05, 9.26520224311e-05, 0.000100835459307, 0.000114257905807, 5.44715076103e-05, 6.33705058135e-05, 5.79466104682e-05, 6.34681855445e-05, 4.25437028753e-05, 2.02474766411e-05, 7.25648942534e-06], "dvar": [6.00828855113e-07, 9.28314475459e-05, 5.72383178223e-05, 7.36046713428e-05, 1.50984087668e-05, 1.20963532027e-05, 4.53692291558e-06, 7.36368383514e-06, 5.5456021073e-06, 9.31339570798e-07, 1.57093666076e-06, 1.11213284981e-06, 3.64926847851e-07, 4.91129583224e-07, 2.18651578621e-07, 2.1316219545e-07, 1.02126037405e-07, 1.66410003999e-07, 1.86006985814e-07, 3.06295675045e-07, 4.64305969672e-07, 4.75139358969e-07, 1.69639605474e-07, 1.16708868347e-07, 6.18398203756e-08, 3.5310378621e-08, 4.17964187704e-08]}, "melbands_skewness": {"dvar2": 4957968, "var": 146239232, "min": -0.854226946831, "dmean": 39.6163673401, "mean": 1150.38525391, "max": 134113.921875, "dmean2": 73.0105514526, "median": 2.78568887711, "dvar": 2498009.25}, "barkbands_skewness": {"dvar2": 1.25227797031, "var": 3.88857483864, "min": -2.09506773949, "dmean": 0.708611369133, "mean": 2.10966610909, "max": 26.1285514832, "dmean2": 1.08173704147, "median": 1.8121598959, "dvar": 0.574559211731}, "erbbands": {"dvar2": [0.243130519986, 14.5886011124, 169.961715698, 1066.54858398, 1088.0916748, 745.538452148, 910.59753418, 3160.8972168, 1291.11730957, 8016.20019531, 8389.53613281, 6745.12158203, 2730.05517578, 3891.08618164, 4495.67675781, 3129.13793945, 1510.20837402, 2890.97338867, 1114.23901367, 988.771057129, 1219.72900391, 996.897094727, 1160.39746094, 1117.61682129, 1513.50354004, 1609.43078613, 1850.98620605, 2126.27172852, 1811.66833496, 922.162719727, 283.419067383, 178.678237915, 56.2560119629, 24.183467865, 4.24038505554, 0.775043666363, 0.286676675081, 0.0920622572303, 0.00271358247846, 7.66709672462e-06], "var": [0.0753979161382, 4.06616258621, 37.1229667664, 304.643676758, 385.37612915, 261.233520508, 830.08392334, 2774.12426758, 674.999023438, 3224.78344727, 3368.51416016, 3399.33300781, 1545.00415039, 3290.36572266, 2414.04760742, 1408.62805176, 966.568969727, 2343.38598633, 798.427307129, 559.575195312, 848.132202148, 606.266479492, 760.129211426, 546.045166016, 586.883239746, 664.259887695, 851.603088379, 870.728149414, 617.396118164, 331.217132568, 161.677062988, 109.796699524, 46.8241767883, 20.3348293304, 3.93067026138, 0.742151319981, 0.207353129983, 0.0404096059501, 0.00121518829837, 3.68778182747e-06], "min": [1.40148611903e-22, 7.44492237711e-22, 2.62278817791e-21, 4.96816186958e-21, 1.98978894117e-20, 3.04107879262e-20, 1.00884569556e-19, 1.32323772397e-19, 1.64856915136e-19, 2.02036111656e-19, 3.89850843082e-19, 3.2630067627e-19, 5.17482485153e-19, 7.9843763723e-19, 7.55806144327e-19, 1.75792796011e-18, 1.36671454376e-18, 2.15599663578e-18, 2.48429821026e-18, 3.08954585087e-18, 3.84459569362e-18, 4.15507628218e-18, 4.8434410987e-18, 6.72252620313e-18, 5.9122362051e-18, 7.05345924593e-18, 9.85162266101e-18, 1.19409774907e-17, 1.30628370606e-17, 1.01036133085e-17, 1.22137411249e-17, 1.25357071163e-17, 1.02819873629e-17, 8.92413895456e-18, 6.71195400772e-18, 4.23938004867e-18, 2.4065761131e-18, 1.10053350951e-18, 2.50164336052e-19, 2.90256416787e-20], "dmean": [0.12670275569, 0.88979268074, 2.42178726196, 7.98255062103, 9.91123485565, 7.61837339401, 10.8054132462, 17.8020191193, 11.3730354309, 27.8755149841, 24.6112918854, 19.9338245392, 14.340051651, 17.4956321716, 14.7017889023, 12.7405767441, 10.5000066757, 13.8782434464, 9.32696819305, 8.1428232193, 9.59133625031, 11.1656579971, 11.3458023071, 10.3527441025, 10.6789360046, 10.4229812622, 9.96675777435, 9.95193862915, 8.68816757202, 6.69551610947, 4.00254869461, 3.3623483181, 2.21195912361, 1.34474015236, 0.640239238739, 0.285662233829, 0.160279870033, 0.0750140696764, 0.0137543538585, 0.000762052717619], "mean": [0.160403817892, 1.10149359703, 2.79798769951, 8.35044574738, 11.0703744888, 10.0176992416, 18.1560192108, 28.9521408081, 16.1499271393, 31.5084972382, 30.4179229736, 27.2890415192, 20.3388805389, 27.2384166718, 19.3402271271, 16.2945671082, 14.7958068848, 20.1349430084, 13.0427417755, 10.6620960236, 13.0120849609, 14.7948532104, 15.5578565598, 14.6128950119, 14.3707513809, 14.0215559006, 12.5369148254, 11.7199440002, 9.93275737762, 8.10569381714, 5.78409671783, 4.84223937988, 3.42828559875, 2.10692763329, 0.992090940475, 0.43251824379, 0.21386256814, 0.0811082944274, 0.0138401677832, 0.000802144873887], "max": [3.61495542526, 26.3824138641, 97.7977371216, 224.890777588, 286.772796631, 284.015991211, 461.269378662, 1233.11547852, 520.54284668, 861.277587891, 770.507873535, 1117.73046875, 641.453369141, 1236.28442383, 1726.37792969, 846.402282715, 443.999694824, 927.410888672, 753.135498047, 998.446044922, 620.754455566, 366.942718506, 422.333557129, 293.897216797, 496.477752686, 449.34161377, 500.870880127, 433.480773926, 339.48059082, 213.051589966, 211.155410767, 207.176834106, 136.973968506, 145.451141357, 45.4586029053, 16.7413730621, 9.92133522034, 5.103764534, 0.581775486469, 0.0397237800062], "dmean2": [0.21892747283, 1.5216165781, 4.27986526489, 13.6163797379, 16.8863620758, 12.9838161469, 17.0431270599, 28.8331260681, 18.6402721405, 46.5562858582, 41.2283325195, 31.5749950409, 22.2534580231, 26.5615215302, 23.4023761749, 20.5976276398, 16.3534049988, 21.1977825165, 14.7992811203, 13.1015987396, 15.2956800461, 17.9078502655, 18.0287151337, 16.6405715942, 17.2945728302, 16.544298172, 15.8668107986, 16.1610031128, 14.453461647, 11.00776577, 6.33746528625, 5.30624914169, 3.32627153397, 1.95551979542, 0.916082143784, 0.407325267792, 0.232543364167, 0.11483117938, 0.021254086867, 0.00116558896843], "median": [0.0673439502716, 0.56027764082, 1.36976492405, 3.02627849579, 4.64373159409, 5.44568920135, 8.94356060028, 12.9553585052, 7.7010641098, 10.2468891144, 10.2398500443, 9.16044139862, 6.50653219223, 6.99226427078, 4.60860061646, 4.18815040588, 3.98652648926, 5.18053531647, 3.95261383057, 3.61596155167, 4.11519098282, 5.25874423981, 5.20902681351, 5.82423877716, 5.70357704163, 5.04568624496, 2.7757589817, 2.00440359116, 2.17868876457, 2.13515210152, 1.59746551514, 1.32953727245, 0.96591001749, 0.589705407619, 0.239246055484, 0.0890731215477, 0.0349743627012, 0.0091280862689, 0.00121642381418, 0.000101426972833], "dvar": [0.0897946953773, 5.36548662186, 58.797580719, 383.320220947, 404.034698486, 271.385253906, 384.215484619, 1317.02026367, 509.899261475, 3067.91503906, 3162.1340332, 2708.89990234, 1131.49084473, 1703.24597168, 1824.02905273, 1236.4440918, 643.798522949, 1293.8380127, 479.901947021, 418.794952393, 523.346435547, 404.609588623, 484.720672607, 436.421325684, 565.599060059, 618.878845215, 728.057495117, 817.105285645, 668.361816406, 339.15713501, 112.870925903, 72.9925918579, 25.4825592041, 11.3840684891, 2.09383702278, 0.378498017788, 0.129745811224, 0.0374170020223, 0.00113609130494, 3.30644502355e-06]}, "silence_rate_30dB": {"dvar2": 0.0567208565772, "var": 0.0132040968165, "min": 0, "dmean": 0.0213248636574, "mean": 0.986616253853, "max": 1, "dmean2": 0.0426529534161, "median": 1, "dvar": 0.0208720993251}, "melbands_spread": {"dvar2": 245.324813843, "var": 348.364532471, "min": 1.90526137089e-08, "dmean": 7.82085084915, "mean": 20.8514595032, "max": 216.167999268, "dmean2": 11.7937202454, "median": 15.6316318512, "dvar": 116.7602005}, "melbands_crest": {"dvar2": 25.9307308197, "var": 29.6626434326, "min": 1.7064769268, "dmean": 3.5732486248, "mean": 13.7384548187, "max": 40, "dmean2": 5.85078477859, "median": 12.7627773285, "dvar": 10.2896099091}, "zerocrossingrate": {"dvar2": 0.00045987291378, "var": 0.00266066472977, "min": 0, "dmean": 0.0173430312425, "mean": 0.0703528895974, "max": 0.533203125, "dmean2": 0.0196209810674, "median": 0.0576171875, "dvar": 0.000369689340005}, "barkbands_kurtosis": {"dvar2": 347.125854492, "var": 1042.11828613, "min": -1.92592537403, "dmean": 4.87858009338, "mean": 9.70180892944, "max": 952.742980957, "dmean2": 7.71174573898, "median": 3.71121549606, "dvar": 152.378723145}, "spectral_flux": {"dvar2": 0.00442194472998, "var": 0.00370612065308, "min": 6.30814636637e-11, "dmean": 0.0381397567689, "mean": 0.0942747741938, "max": 0.447238355875, "dmean2": 0.0586929656565, "median": 0.0818303450942, "dvar": 0.00213268725201}, "barkbands_crest": {"dvar2": 16.7796955109, "var": 16.5129013062, "min": 2.39110040665, "dmean": 2.85436987877, "mean": 9.78855800629, "max": 26.9169921875, "dmean2": 4.67382478714, "median": 9.05084228516, "dvar": 6.52365350723}, "barkbands_flatness_db": {"dvar2": 0.00172546622343, "var": 0.00971661321819, "min": 0.0154166165739, "dmean": 0.0290996879339, "mean": 0.130636051297, "max": 1, "dmean2": 0.04272666201, "median": 0.116300873458, "dvar": 0.000867541763}, "spectral_entropy": {"dvar2": 0.131626188755, "var": 0.271104902029, "min": 5.31390762329, "dmean": 0.244746625423, "mean": 7.59979724884, "max": 9.82098484039, "dmean2": 0.359118163586, "median": 7.6222319603, "dvar": 0.0652143731713}, "pitch_salience": {"dvar2": 0.0115544646978, "var": 0.0125146666542, "min": 1.62999276654e-05, "dmean": 0.0762621089816, "mean": 0.565389573574, "max": 0.895748794079, "dmean2": 0.124593757093, "median": 0.572592139244, "dvar": 0.00441977661103}, "erbbands_spread": {"dvar2": 429.718811035, "var": 549.941833496, "min": 2.05189657211, "dmean": 12.3942089081, "mean": 47.9484367371, "max": 164.757202148, "dmean2": 19.1539783478, "median": 44.7668876648, "dvar": 189.120071411}, "dynamic_complexity": 3.00062012672, "spectral_contrast_valleys": {"dvar2": [0.664723992348, 0.50662958622, 0.476353645325, 0.416269570589, 0.489050239325, 0.502024531364], "var": [5.83191347122, 5.74145698547, 5.29987335205, 5.08554983139, 5.37662553787, 4.79337406158], "min": [-28.0637130737, -28.0181369781, -27.6355476379, -27.8733501434, -27.4399719238, -27.4064044952], "dmean": [0.550759732723, 0.490096896887, 0.488085478544, 0.468757927418, 0.469757974148, 0.452793449163], "mean": [-7.46628284454, -6.94371318817, -7.93581628799, -8.3635559082, -8.01361751556, -10.0332269669], "max": [-4.80850124359, -4.19339179993, -5.16815900803, -5.79041290283, -5.12435340881, -7.23082876205], "dmean2": [0.84782409668, 0.788311719894, 0.745225667953, 0.687879741192, 0.673671901226, 0.606183588505], "median": [-6.93746519089, -6.64357185364, -7.67915201187, -8.11368942261, -7.72984170914, -9.74907970428], "dvar": [0.327928125858, 0.216280922294, 0.219739899039, 0.204299017787, 0.240511223674, 0.249112978578]}, "hfc": {"dvar2": 1162.86010742, "var": 821.009094238, "min": 1.07215431995e-16, "dmean": 13.0764026642, "mean": 23.6660366058, "max": 248.897644043, "dmean2": 18.9931373596, "median": 14.2459163666, "dvar": 492.872589111}, "spectral_kurtosis": {"dvar2": 8.76464271545, "var": 8.11309051514, "min": -1.33167409897, "dmean": 1.36235272884, "mean": 3.84626126289, "max": 37.1049423218, "dmean2": 2.15514087677, "median": 3.31264352798, "dvar": 3.65562129021}, "mfcc": {"mean": [-653.035766602, 109.253250122, 23.6835002899, 23.3857860565, 1.29516685009, -2.1350376606, -0.75210916996, 0.932610630989, -4.83852815628, 0.78110897541, -0.372867554426, -2.06219100952, -1.40520882607], "cov": [[9725.41113281, -335.460906982, -292.673980713, -16.1459617615, -259.609161377, -97.5506439209, -31.2535095215, 11.6871290207, -42.3036613464, -10.2775363922, -2.84225845337, 47.4934959412, 32.8168945312], [-335.460906982, 1429.70581055, 110.133277893, 155.148330688, 139.042785645, 88.7442245483, 105.684249878, 78.1346664429, 36.2885093689, 80.9999465942, 79.0600967407, -10.1518259048, 12.6744432449], [-292.673980713, 110.133277893, 617.506225586, 160.350570679, 130.771224976, 69.4918136597, 30.2310218811, 33.1350708008, 47.2402305603, 16.9397716522, 11.2056360245, 36.1317672729, 22.6742248535], [-16.1459617615, 155.148330688, 160.350570679, 433.691650391, 176.038131714, 36.7849578857, -21.9029541016, 13.5734872818, 73.2477798462, 2.37886714935, -15.5769481659, 62.4644432068, 31.039144516], [-259.609161377, 139.042785645, 130.771224976, 176.038131714, 301.550323486, 54.8137245178, 37.3880195618, 43.0646896362, 68.6731338501, 34.6573638916, 16.7104301453, 29.9930171967, 19.078950882], [-97.5506439209, 88.7442245483, 69.4918136597, 36.7849578857, 54.8137245178, 176.30380249, 99.2948684692, 44.7349624634, 29.8903198242, 23.9081192017, 27.7859287262, 3.04715442657, 0.470910429955], [-31.2535095215, 105.684249878, 30.2310218811, -21.9029541016, 37.3880195618, 99.2948684692, 162.389953613, 63.5764007568, 9.39751338959, 30.6131458282, 32.8482475281, -9.76696014404, 6.45270061493], [11.6871290207, 78.1346664429, 33.1350708008, 13.5734872818, 43.0646896362, 44.7349624634, 63.5764007568, 137.928436279, 21.2784538269, 28.4583854675, 23.6565589905, -2.49696803093, 17.01130867], [-42.3036613464, 36.2885093689, 47.2402305603, 73.2477798462, 68.6731338501, 29.8903198242, 9.39751338959, 21.2784538269, 145.832061768, 36.0069046021, 14.0529918671, 38.2204551697, -3.35631227493], [-10.2775363922, 80.9999465942, 16.9397716522, 2.37886714935, 34.6573638916, 23.9081192017, 30.6131458282, 28.4583854675, 36.0069046021, 106.548568726, 49.0595664978, -1.42803478241, 0.331366509199], [-2.84225845337, 79.0600967407, 11.2056360245, -15.5769481659, 16.7104301453, 27.7859287262, 32.8482475281, 23.6565589905, 14.0529918671, 49.0595664978, 95.0377426147, 20.9607906342, 0.0616041719913], [47.4934959412, -10.1518259048, 36.1317672729, 62.4644432068, 29.9930171967, 3.04715442657, -9.76696014404, -2.49696803093, 38.2204551697, -1.42803478241, 20.9607906342, 92.7028884888, 25.3124675751], [32.8168945312, 12.6744432449, 22.6742248535, 31.039144516, 19.078950882, 0.470910429955, 6.45270061493, 17.01130867, -3.35631227493, 0.331366509199, 0.0616041719913, 25.3124675751, 80.4481430054]], "icov": [[0.000108738451672, 2.23426231969e-05, 4.36676673417e-05, -6.16078978055e-05, 0.000113240610517, 5.10862992087e-05, -4.39450996055e-05, -5.00861242472e-05, 1.78508107638e-05, -3.95178140025e-05, -3.85126941183e-06, -7.31972249923e-05, -2.55125778494e-05], [2.23426231969e-05, 0.000830243865494, -1.75474360731e-05, -0.000359593919711, -8.88077847776e-05, 3.74629162252e-05, -0.000360244099284, -9.88868123386e-05, 4.8161320592e-05, -0.000205425196327, -0.000591851363424, 0.000443144585006, -6.17065816186e-05], [4.36676673417e-05, -1.75474360731e-05, 0.00192472466733, -0.000444139470346, -0.000381436024327, -0.000492674123961, 3.08578491968e-05, -0.000128496845718, -8.34875118016e-06, -3.35723416356e-05, 3.16425066558e-05, -0.000291837146506, -0.0001765373745], [-6.16078978055e-05, -0.000359593919711, -0.000444139470346, 0.00386345945299, -0.00173340388574, -0.000834654550999, 0.00139007007238, -5.35239159944e-05, -0.000560239888728, 0.000114986600238, 0.00145762122702, -0.00167426245753, -0.000466035155114], [0.000113240610517, -8.88077847776e-05, -0.000381436024327, -0.00173340388574, 0.00517601566389, -0.000137906768941, -0.000737985945307, -0.000552307988983, -0.00106867507566, -0.000690569519065, -0.000134403730044, 4.55451809103e-05, -0.000362613121979], [5.10862992087e-05, 3.74629162252e-05, -0.000492674123961, -0.000834654550999, -0.000137906768941, 0.00956043787301, -0.00561933312565, -0.000134973539389, -0.00100670126267, 0.000454684399301, -0.00106163462624, 0.000325839791913, 0.000744575692806], [-4.39450996055e-05, -0.000360244099284, 3.08578491968e-05, 0.00139007007238, -0.000737985945307, -0.00561933312565, 0.0116809681058, -0.00295520504005, 0.000543795118574, -0.000549780321307, -0.000983163015917, 0.000818752974737, -0.000806366442703], [-5.00861242472e-05, -9.88868123386e-05, -0.000128496845718, -5.35239159944e-05, -0.000552307988983, -0.000134973539389, -0.00295520504005, 0.0096637243405, -0.00103955261875, -0.000580518622883, -0.0010259145638, 0.00145232060459, -0.00207892851904], [1.78508107638e-05, 4.8161320592e-05, -8.34875118016e-06, -0.000560239888728, -0.00106867507566, -0.00100670126267, 0.000543795118574, -0.00103955261875, 0.00987770222127, -0.00354200229049, 0.00176151003689, -0.00440983753651, 0.00245204684325], [-3.95178140025e-05, -0.000205425196327, -3.35723416356e-05, 0.000114986600238, -0.000690569519065, 0.000454684399301, -0.000549780321307, -0.000580518622883, -0.00354200229049, 0.0145882470533, -0.00730297574773, 0.00368297286332, -0.00101954548154], [-3.85126941183e-06, -0.000591851363424, 3.16425066558e-05, 0.00145762122702, -0.000134403730044, -0.00106163462624, -0.000983163015917, -0.0010259145638, 0.00176151003689, -0.00730297574773, 0.0170858297497, -0.00634285714477, 0.00194361677859], [-7.31972249923e-05, 0.000443144585006, -0.000291837146506, -0.00167426245753, 4.55451809103e-05, 0.000325839791913, 0.000818752974737, 0.00145232060459, -0.00440983753651, 0.00368297286332, -0.00634285714477, 0.0169506929815, -0.00522492360324], [-2.55125778494e-05, -6.17065816186e-05, -0.0001765373745, -0.000466035155114, -0.000362613121979, 0.000744575692806, -0.000806366442703, -0.00207892851904, 0.00245204684325, -0.00101954548154, 0.00194361677859, -0.00522492360324, 0.0150149809197]]}, "silence_rate_20dB": {"dvar2": 0, "var": 0, "min": 1, "dmean": 0, "mean": 1, "max": 1, "dmean2": 0, "median": 1, "dvar": 0}, "melbands_kurtosis": {"dvar2": 212115962164000000, "var": 6350646121130000000, "min": -1.68765079975, "dmean": 10646521, "mean": 239029024, "max": 28517994496, "dmean2": 19295908, "median": 12.0501489639, "dvar": 108204957924000000}, "barkbands_spread": {"dvar2": 189.863861084, "var": 287.748046875, "min": 0.00306497677229, "dmean": 8.18806648254, "mean": 23.767578125, "max": 106.618492126, "dmean2": 12.2134046555, "median": 19.2814598083, "dvar": 93.1780395508}, "erbbands_skewness": {"dvar2": 0.526257514954, "var": 2.8912653923, "min": -4.58629226685, "dmean": 0.459330022335, "mean": 0.821195662022, "max": 16.6362056732, "dmean2": 0.697756946087, "median": 0.659273386002, "dvar": 0.242760777473}, "average_loudness": 0.90331107378, "spectral_centroid": {"dvar2": 298673.78125, "var": 1114050.625, "min": 175.33694458, "dmean": 326.638946533, "mean": 1293.94238281, "max": 11930.0966797, "dmean2": 493.060699463, "median": 1070.2154541, "dvar": 140346.96875}, "dissonance": {"dvar2": 0.00139151781332, "var": 0.00109395885374, "min": 0, "dmean": 0.0242697428912, "mean": 0.453476011753, "max": 0.500000119209, "dmean2": 0.0401033461094, "median": 0.461153209209, "dvar": 0.000529608689249}, "erbbands_flatness_db": {"dvar2": 0.000953867391217, "var": 0.00194635346998, "min": 0.0308168493211, "dmean": 0.0224154721946, "mean": 0.127192303538, "max": 0.340051025152, "dmean2": 0.032348588109, "median": 0.12164156884, "dvar": 0.000457342306618}, "spectral_strongpeak": {"dvar2": 1.18687045574, "var": 0.737826764584, "min": 0, "dmean": 0.473747491837, "mean": 0.748092353344, "max": 8.69231414795, "dmean2": 0.798932552338, "median": 0.41691967845, "dvar": 0.474838197231}, "spectral_rms": {"dvar2": 5.89577030041e-06, "var": 4.61948820885e-06, "min": 3.11079005437e-12, "dmean": 0.00125029974151, "mean": 0.00471503054723, "max": 0.0155278686434, "dmean2": 0.00187870743684, "median": 0.00461772177368, "dvar": 2.38585266743e-06}, "silence_rate_60dB": {"dvar2": 0.0565790459514, "var": 0.0584920234978, "min": 0, "dmean": 0.0229885056615, "mean": 0.0623818524182, "max": 1, "dmean2": 0.0459804870188, "median": 0, "dvar": 0.0224632583559}, "melbands": {"dvar2": [1.84466316568e-05, 3.7331970816e-05, 3.38894096785e-05, 2.95531799566e-06, 8.50951266784e-07, 1.30885632643e-06, 3.20632352668e-07, 9.74354747996e-07, 6.03907437835e-07, 2.61193036977e-07, 7.03142788439e-08, 5.99569247584e-08, 5.05668360518e-08, 4.26728519187e-08, 2.06010799531e-08, 9.2780716443e-09, 1.1775487252e-08, 3.60687546497e-09, 4.05743039167e-09, 3.13493719872e-09, 1.68959235491e-09, 1.37574529546e-09, 6.9554517701e-10, 1.33410937853e-09, 8.03946520467e-10, 7.75327468894e-10, 1.10639208906e-09, 7.10226266687e-10, 6.64072408174e-10, 8.94050611322e-10, 7.62553575839e-10, 6.82454537326e-10, 3.72835484708e-10, 2.86002110883e-10, 1.15928648625e-10, 8.39750352588e-11, 7.93857549142e-11, 3.49135581557e-11, 3.81078155143e-11, 1.53416012533e-11], "var": [5.8429877754e-06, 8.78741047927e-06, 1.04541686596e-05, 1.04471962459e-06, 7.22744687209e-07, 1.16471073852e-06, 1.60939876537e-07, 4.22170643333e-07, 2.63213848939e-07, 1.35764267384e-07, 4.08254550166e-08, 5.07832815799e-08, 3.06479819301e-08, 1.90194047178e-08, 1.09365911882e-08, 7.38590832938e-09, 9.08615849227e-09, 2.37029040839e-09, 2.11507034109e-09, 1.87643989236e-09, 1.06498609931e-09, 7.94759258405e-10, 3.98006128055e-10, 7.59566631814e-10, 3.81562642593e-10, 2.92388196987e-10, 4.35500996376e-10, 2.89770707429e-10, 3.05305281056e-10, 3.69727998217e-10, 2.94914426213e-10, 2.24937540816e-10, 1.30537705645e-10, 1.00073553611e-10, 5.70232819297e-11, 5.09194353349e-11, 4.23304551134e-11, 2.53693385743e-11, 2.26566161665e-11, 1.29940207899e-11], "min": [2.13971618008e-24, 1.39198451031e-24, 1.73462841386e-24, 1.73163488394e-24, 3.93891187296e-24, 3.06036221598e-24, 2.45016213414e-24, 2.15204232894e-24, 3.2406542065e-24, 1.97094234764e-24, 2.6847764671e-24, 2.83271352481e-24, 2.2092921342e-24, 2.25603529828e-24, 2.32626640138e-24, 2.55704903971e-24, 3.35307181587e-24, 3.42329858024e-24, 3.61457920595e-24, 2.8678515589e-24, 2.90418077295e-24, 3.62753782404e-24, 3.3298785164e-24, 3.67657223462e-24, 3.05555134775e-24, 4.00042842964e-24, 3.96192531214e-24, 3.86352595827e-24, 4.10992311214e-24, 4.43366255575e-24, 5.09146368789e-24, 4.00561597895e-24, 4.40014188373e-24, 4.56109593524e-24, 5.74708519736e-24, 5.42520509891e-24, 4.79597138116e-24, 5.76646119892e-24, 5.52106195409e-24, 5.58018037362e-24], "dmean": [0.00110503134783, 0.00122172385454, 0.00148559932131, 0.000576877442654, 0.000349217327312, 0.000378005235689, 0.00018170120893, 0.000314560980769, 0.000200779933948, 0.000125987120555, 7.21968754078e-05, 7