{"metadata": {"tags": {"bpm": ["98.04"], "musicip_puid": ["81ae5baf-2a33-4cf4-6633-966896d88fe4"], "musicbrainz_albumid": ["fafa6310-99a1-49e4-a69b-f61f59744b17"], "genre": ["Country"], "musicbrainz_artistid": ["b0295e0d-9ae7-4bcc-962a-bf5895e562d7"], "title": ["Love Shack"], "tracknumber": ["05"], "artist": ["Lee Kernaghan"], "musicbrainz_albumartistid": ["b0295e0d-9ae7-4bcc-962a-bf5895e562d7"], "album": ["The New Bush"], "musicbrainz album type": ["Album"], "musicbrainz_recordingid": ["1f532039-6c9f-4342-b0d9-76136f48ae59"], "musicbrainz album release country": ["Australia"], "date": ["2006"], "acoustid_id": ["96f48178-7100-4893-ba53-6902c8b77d2b"], "file_name": "Lee Kernaghan - Love Shack.mp3", "acoustid_fingerprint": ["AQADtFFEcck2IfnRxDlK5UKnLFYSNPtwCz-HvF-GSdITaGkiC89xSoEOXVeEPHqC_6ieo9ElPLpwRhdyKkKyF0_h9ijzHM34oTqFI1KamIfGhN6QMzP6CfmDUumxKjsuboMf4R1-XFkeaGQmFWF-fEmU47tRiU_QPIifQ7skeD1S55i6qMMeGuEz_Ai7o88c4NmQzxOuR0gWNcKNZznm7UdDPsUNHyGlCFp3NJGb4of2w3CV4YlyxPxwPnCVGr0tnB8-lD-aVET-IclRTfvQVOHwY9_ROEfPRMizQ_vQtFBXBbsKq8zxaMcl6Ef4w19i1BLOBGV3hJHWQ2doYSfCFO-Rtxr07Yj5DXZ24VSKnsdEBvGgk2lgLaGJGjpGHyUTHXWHp8cP7XpSUJexH0e5xvjw_OjRhMcdXMOdE1qWfUMkcomDb9HBo8eUVB5-RJ3CQ_UOzTy8lRXy4HhavIPzZzjypULCGY-DKTmeHJf4onKO_EeSSzlq-XioDvHeBFq6IDw-XBfSTXMS6M-RW4K54VJm3FIadPCkI2H2XMiPisrE4U_BPsNH9ArS_tB0HVkslULz42ps3D5CjRu0aGqJsTsiyzk-TPeC9EQpZ9CT487xo9mP8MWe4ETTceg3PDwO5kj8I1eq433gFm3RrDOyvDH0Izf84zmi_hVKKVGgD_mIqyWiTylxHXoO70bGx4QrbsKT5GgnjsiPY8pX9D3e4L2CiNThH4_wPsEN17mRS7iS43Kg6Dn8KB1K4lEGVYtW5NMTNBHDYbpw65iZ6Niv4UelaRTSHtrEEz-eH0fjuBOuXGhO8NCCfjp-4eh3bBWDysmC1n1wXgmm5zi1BFnXo2EuoeyHfUHTBz36BKeyBB0CT6OhTkJ-_Kh-XIQvoR--FmEuJYUmMWvwBWG0mOiPWymmOggTkYGuxMieB81ROS9OuZjzDBeiZx-0NTt8pkMvQfYSC7UOK0uigWdSWGygG68OXjHOo8d-6LKI8wnCxM_QC2eG5yg31nC2OfhX5Gw66DtSUVEmGJV03BHRvJbRZx56H1PO41ITXEqCrNIDLT3yBH3xJD_-ISePmoMWZeGDB0_ROkfTfDiPX6jMwyccRsMT6dAT9DmR83g05ggn1TE8_ZDyIAefJMElDvvy4nozdB_S89CeDLmao04k4TlxDtPyTfhJIk8keUMyUTmaxQnIWPhlHLV4I30UD5q0IHfwJ0QoH62SKMUPVdQc9DOsCRMfHQ9zPKE-VE_Q_NgTBhqx9QkRR_zwxUEf7PQQ_hBvZDruDE9xfrCa45uRJ8d5tBImsWhiZpgpHXeO5kfRH402gp1yHd-LhluO_shJVNxha_ngF_Vu9AaT6fgw8Udz6cgVzYQ-BZeRv6h2wdeOnshv_MaOXNGD60KTg6GH57iMi5zQNFqOZI-R6_iHK0uO83iE8MqJ5DTcSKj34zr6HD5zpE4-TJeoBFWao_kSIdZlPHkRng_EZ4itocd5PPuOZkuOfseLdBWuyDr-GE115KWCPch3_FFQK4MeoZFOgtHVDfqLW8hrTORhZuhL4f-RQ9H5oNmRH7kFPwty8B_uRDneDA0neSgfxM5EInngH1-mCRdYXviW4WSKVM0DlR_y40yUB3mUHwcjZxmaUobcPNjxDFoqSUcPXTzxRjpSVsdRikfj5JFw6jiZDo9m7MpS0BNFbLaF-Ie-5MjxLGhO9C9-xnh6xIoKf9AbYbTwINcxhdKDRyIlbGfgV0S3I19y6McfxM5A7TlxKsfzIO9hZtegUznyv_iHcmEaND9OmmDm5UGY0IYehGRuNFSK-bibILdQPQq0JCGPdxM-VQhfmI63oXxUXFGDP9HwC81wPcj5QPsp5FiPlg-aKx1-8Jp25FqOsQ3O7PBtnEwVPNDRbwgTike3HWcq2CFqZcelYBWTWGASM0ePfD2SWMd_NJ-DSc_xPHi0o7qQLJeOPAWPaznMvPiPnIHGp0ROHR0ToakY_Bma88RzfEsjPDzRMB1KJgbzIz8UyQxy5vjxE522BD4qaSd-IWcD5ezB5Cg1PFqgs0HzHUwZZXiO00KeMNtx4dISNJgeD1eOT7WFfEsg47Qw5WaCapKiQ7OD5jGJnLiYBs1W48rheyh_5AvhKTnuxMQPTfGFZqiYwMV0Id544woeTcWZ4JQKc1nwHw8PX8Z1BnkS_Iei4c1BPRExSUmhb8f3xHiqQDuPSc4RMDyaS7gOP0KuQ3JyKQizF_2yMvjx48kQLjrER0L_Yl-OewmHWToaStuGPsh11KKHM_Thz0SP6Dm077j0I09GG6-eoMGd4gyeJ_h_lJJOpFIcZtAXZ0g_4kQjpzj1oDx1ND_eiGh-9IrxRS4RXXikHJ2UROA1uMoCHf1Rw05RKwrQHHX64MpiaAsPx0GWE7WyHF90hEwePDu0M_gvWFHOBI-ON4KkEyEdXNk24UEkDlYu9JkFfUWeo1U0PMed4nsU3C9yMU6RZLHwoHsyXNSHH_0FP3SRVL4RdjxOJsF_XFk6fDpyUmjWDJpoFmfAMrNRq0cjRXxwfOHR7OhmG32OC6eNJ_DxS5B0eug0oWOyoMGfkDgvNJSW0NBxyggtfLPwNGQEljnR_Ojx74iUzZisHN9-NDox_biP8NHxbTzGp3BFH72NHwcTnkcfysizGX829Ih4C5a24EE7_Ah2HXoQ9jwoHr1F_MHx6Ggm5-iPR0d-fCwOfSVaNYe1TUePE99y9LCoQR8-oj_yGz2YjGGo4zmP3NCaLQgTrccrow985sR54VHE4qtxCsmXEKl6lAeuzfiDsNkORCACAABAlHQEE2MII8QwYAAgUiDAgAJQCKGUMAARhAwAihAADDBCKEMIgkYYwQRgQghClKGAAWEoIQAZxAxBnoAhlBEKAAeQAwopIgAEwCgDCCQCCQGgAYgZIQgyFDllBAECAWAcIYIhQhwhjBkimCGKEEAMAIQAIYBhggAlCAAACKKQMEAAAIAwSBAnDTUQAYAJsIIxRqgjwAGCADJMIGUIEJIQJBB1xADGpBAOAWKAEgBRIQwhwggDjDbMCeMMEEAxIhAyihOEjFIAECEIMAYYoDEQ0iljFAACAEIgAYgqBohwAghFCCGIGAIEEEgpxogTQAHggDAIQCCMkkAowJAggFGBjBHQCCK4UEoIooRwhABCBARCCMMIFQAZARwpgggCkCXAKCCAFJYoApBBAmlAhSIIIiAQQBAJIwACyBgBDTKKGgIAMRAAhAAgjBjhhEECFAUSwkoIARxR4AAEDAMCAECEA4IYIIASjAigDBBGAKOYIwYYAwhwFilGgBBiCCCBAWIg4AQ0hiFxACEACQKUAIp4JgARgjkgDBCECYAAVAwABJxAhHihjQACCkiQYUIAqZAAhAhABABUAMCBYxJAo6BQwAguHBMAGGgIFYAAQhwgzB2hGGBCE2KZIcIQIYkBREgNDBEGCGEUAEA4hpQQRgohEINCCQmYMQAhIAABRoArkAEGASAIQgwIRgBiDGABBSDEEQoQEgYYxhgAABEqmFBAEmEUcIQKYowFwhkhkCKACCOQIIoABQBxTBEACEBIOGAEAIooR4BWAiMGOEFGCCIUcwIABYwhQigohEOMIUGAQkYQATBAQBgBjECGKCGAJIAIxACzAABgGGAOAAOERkYIgARBBglAhDCCKWQFAAoBJZwBAhEAhHLIIMmUcYoCRwhggiGAmDHKAAEEAFIhAQBBhgCFHAKGAA"]}, "audio_properties": {"sample_rate": 44100, "downmix": "mix", "lossless": false, "analysis_sample_rate": 44100, "md5_encoded": "06ba2e86e4d4b86b4a5aec1c6a1a04cd", "equal_loudness": 0, "replay_gain": -4.93524932861, "codec": "mp3", "bit_rate": 128000, "length": 223.843261719}, "version": {"extractor": "music 1.0", "essentia_build_sha": "2d9f1f26377add8aeb1075a9c2973f962c4f09fd", "essentia_git_sha": "v2.1_beta2-1-ge3940c0", "essentia": "2.1-beta2"}}, "rhythm": {"beats_loudness_band_ratio": {"dvar2": [0.0666846558452, 0.0300477258861, 0.040180016309, 0.035694334656, 0.00902127102017, 0.00390448141843], "var": [0.0571258291602, 0.0199225563556, 0.0211989171803, 0.0125273102894, 0.00454891752452, 0.00132169446442], "min": [0.000525615294464, 0.007125611417, 0.00154721201397, 0.000353708106559, 0.000320787570672, 0.000146777369082], "dmean": [0.198448672891, 0.106201574206, 0.139452010393, 0.088935136795, 0.0541099123657, 0.0329239591956], "mean": [0.479657918215, 0.152974069118, 0.203010782599, 0.0944597944617, 0.065382361412, 0.0433661080897], "max": [0.985997200012, 0.924410283566, 0.763970851898, 0.724853634834, 0.290756523609, 0.429413378239], "dmean2": [0.333382934332, 0.17796690762, 0.244980052114, 0.155238986015, 0.0957750603557, 0.0602191612124], "median": [0.455772340298, 0.1010453403, 0.170357778668, 0.0519331917167, 0.0382548943162, 0.0369172655046], "dvar": [0.0249876007438, 0.010602960363, 0.0137884151191, 0.0119108539075, 0.00346349691972, 0.0013348062057]}, "bpm_histogram_first_peak_weight": {"dvar2": 0, "var": 0, "min": 0.869209825993, "dmean": 0, "mean": 0.869209825993, "max": 0.869209825993, "dmean2": 0, "median": 0.869209825993, "dvar": 0}, "bpm": 98.0713577271, "beats_count": 368, "bpm_histogram_first_peak_spread": {"dvar2": 0, "var": 0, "min": 0.0911680608988, "dmean": 0, "mean": 0.0911680608988, "max": 0.0911680608988, "dmean2": 0, "median": 0.0911680608988, "dvar": 0}, "danceability": 1.14141285419, "bpm_histogram_first_peak_bpm": {"dvar2": 0, "var": 0, "min": 98, "dmean": 0, "mean": 98, "max": 98, "dmean2": 0, "median": 98, "dvar": 0}, "beats_position": [0.592108845711, 1.20743763447, 1.8111563921, 2.42648530006, 3.04181408882, 3.64553284645, 4.2492518425, 4.85297060013, 5.45668935776, 6.07201814651, 6.68734693527, 7.2910656929, 7.90639448166, 8.52172279358, 9.13705158234, 9.75238037109, 10.3560991287, 10.9714279175, 11.5867567062, 12.1904764175, 12.8174142838, 13.4211339951, 14.0248527527, 14.6285715103, 15.2555103302, 15.870839119, 16.4861679077, 17.0898857117, 17.7052154541, 18.3205432892, 18.9242630005, 19.5279808044, 20.1433105469, 20.758638382, 21.3739681244, 21.9892959595, 22.6046257019, 23.219953537, 23.8236732483, 24.4390010834, 25.0543308258, 25.6696586609, 26.2849884033, 26.8887062073, 27.5156459808, 28.1193637848, 28.7230834961, 29.3268013, 29.9537410736, 30.5574588776, 31.17278862, 31.776506424, 32.391834259, 32.9955558777, 33.6108856201, 34.2262115479, 34.8531494141, 35.4684791565, 36.0838088989, 36.6991386414, 37.3144645691, 37.9181861877, 38.5219039917, 39.1372337341, 39.7525634766, 40.3795013428, 41.006439209, 41.6101570129, 42.2138786316, 42.8175964355, 43.4213142395, 44.0366439819, 44.6519737244, 45.2789115906, 45.8826293945, 46.4863471985, 47.0900688171, 47.7053947449, 48.3207244873, 48.9244422913, 49.5513839722, 50.1667098999, 50.7820396423, 51.3857574463, 51.9894790649, 52.6048049927, 53.2201347351, 53.8238525391, 54.4391822815, 55.0545120239, 55.6582298279, 56.2735595703, 56.8888893127, 57.5042152405, 58.1195449829, 58.7232627869, 59.3385925293, 59.9539222717, 60.5576400757, 61.1729698181, 61.7882995605, 62.3920173645, 63.0073471069, 63.6226730347, 64.2263946533, 64.8417205811, 65.4570541382, 66.0607681274, 66.6761016846, 67.2914276123, 67.895149231, 68.5104751587, 69.1258010864, 69.7295227051, 70.3448486328, 70.9601821899, 71.5755081177, 72.1908340454, 72.7945556641, 73.3982772827, 74.0252151489, 74.6405410767, 75.2558746338, 75.859588623, 76.4749221802, 77.0786361694, 77.6939697266, 78.2976837158, 78.924621582, 79.5399551392, 80.1552810669, 80.7706069946, 81.3859405518, 81.9896621704, 82.5933761597, 83.2087097168, 83.8240356445, 84.4393615723, 85.0546951294, 85.6700210571, 86.2737426758, 86.8890686035, 87.5043945313, 88.1197280884, 88.7350540161, 89.3503875732, 89.965713501, 90.5810394287, 91.2079772949, 91.8116989136, 92.4154205322, 93.0191345215, 93.6228561401, 94.2381820679, 94.853515625, 95.4572296143, 96.0725631714, 96.6878890991, 97.2916107178, 97.895324707, 98.5222625732, 99.1375961304, 99.7413101196, 100.356643677, 100.960357666, 101.575691223, 102.191017151, 102.79473877, 103.421676636, 104.037002563, 104.652336121, 105.25605011, 105.871383667, 106.486709595, 107.090431213, 107.694145203, 108.321083069, 108.924804688, 109.528526306, 110.143852234, 110.759178162, 111.386123657, 111.989837646, 112.593559265, 113.197273254, 113.800994873, 114.427932739, 115.031654358, 115.635368347, 116.250701904, 116.866027832, 117.481361389, 118.096687317, 118.700408936, 119.315734863, 119.931060791, 120.53478241, 121.138504028, 121.765441895, 122.380767822, 122.99609375, 123.599815369, 124.203536987, 124.807250977, 125.434196472, 126.037910461, 126.653244019, 127.268569946, 127.883895874, 128.499221802, 129.10295105, 129.718276978, 130.333602905, 130.937316895, 131.552658081, 132.167984009, 132.783309937, 133.398635864, 134.013961792, 134.62928772, 135.244628906, 135.859954834, 136.463668823, 137.078994751, 137.694335938, 138.309661865, 138.924987793, 139.540313721, 140.14402771, 140.759368896, 141.374694824, 141.990020752, 142.60534668, 143.220672607, 143.824401855, 144.428115845, 145.043441772, 145.6587677, 146.285705566, 146.889434814, 147.493148804, 148.096862793, 148.712203979, 149.327529907, 149.931243896, 150.546569824, 151.17350769, 151.788833618, 152.392562866, 152.996276855, 153.623214722, 154.226928711, 154.842269897, 155.457595825, 156.061309814, 156.665023804, 157.268753052, 157.884078979, 158.499404907, 159.114730835, 159.730072021, 160.333786011, 160.9375, 161.541213989, 162.168167114, 162.79510498, 163.39881897, 164.025756836, 164.629470825, 165.256408691, 165.871749878, 166.487075806, 167.090789795, 167.694503784, 168.298233032, 168.91355896, 169.528884888, 170.144210815, 170.759536743, 171.37487793, 171.990203857, 172.593917847, 173.209243774, 173.824569702, 174.42829895, 175.032012939, 175.635726929, 176.262680054, 176.866394043, 177.470108032, 178.08543396, 178.700775146, 179.304489136, 179.919815063, 180.535140991, 181.138870239, 181.742584229, 182.357910156, 182.973236084, 183.588562012, 184.203903198, 184.819229126, 185.434555054, 186.049880981, 186.665206909, 187.268936157, 187.884262085, 188.499588013, 189.103302002, 189.70703125, 190.322357178, 190.937683105, 191.541397095, 192.145126343, 192.772064209, 193.387390137, 194.002716064, 194.618041992, 195.23336792, 195.848709106, 196.464035034, 197.067749023, 197.683074951, 198.298416138, 198.902130127, 199.505844116, 200.121170044, 200.73651123, 201.34022522, 201.943939209, 202.559265137, 203.174606323, 203.789932251, 204.405258179, 205.020584106, 205.635910034, 206.251235962, 206.866577148, 207.470291138, 208.074005127, 208.689331055, 209.304672241, 209.90838623, 210.51210022, 211.127426147, 211.742767334, 212.381317139, 212.973419189, 213.565536499, 214.169250488, 214.761352539, 215.365081787, 215.85269165, 216.340316772, 216.816329956, 217.292327881, 217.768341064, 218.255966187, 218.74357605, 219.219589233, 219.707214355, 220.194824219, 220.682449341, 221.181671143, 221.680908203, 222.180130005, 222.679367065, 223.166976929], "beats_loudness": {"dvar2": 0.000623503816314, "var": 0.000474019703688, "min": 2.19230287257e-07, "dmean": 0.0168315116316, "mean": 0.0448046773672, "max": 0.107222139835, "dmean2": 0.0290892273188, "median": 0.043627705425, "dvar": 0.000221919297474}, "bpm_histogram_second_peak_weight": {"dvar2": 0, "var": 0, "min": 0.0217983648181, "dmean": 0, "mean": 0.0217983648181, "max": 0.0217983648181, "dmean2": 0, "median": 0.0217983648181, "dvar": 0}, "bpm_histogram_second_peak_spread": {"dvar2": 0, "var": 0, "min": 0.5, "dmean": 0, "mean": 0.5, "max": 0.5, "dmean2": 0, "median": 0.5, "dvar": 0}, "bpm_histogram_second_peak_bpm": {"dvar2": 0, "var": 0, "min": 123, "dmean": 0, "mean": 123, "max": 123, "dmean2": 0, "median": 123, "dvar": 0}, "onset_rate": 4.04264068604}, "lowlevel": {"spectral_energyband_high": {"dvar2": 6.42473821699e-07, "var": 8.57691190959e-07, "min": 7.90853328054e-21, "dmean": 0.000270076183369, "mean": 0.000552838901058, "max": 0.00867053121328, "dmean2": 0.000377364340238, "median": 0.000189890968613, "dvar": 3.26004453655e-07}, "spectral_energyband_middle_low": {"dvar2": 0.000137589260703, "var": 0.000142668912304, "min": 2.54047795143e-22, "dmean": 0.00550046237186, "mean": 0.0144888926297, "max": 0.10164962709, "dmean2": 0.00852541904896, "median": 0.0114777386189, "dvar": 5.78103645239e-05}, "spectral_energy": {"dvar2": 0.00099576159846, "var": 0.000528054544702, "min": 1.07505731923e-20, "dmean": 0.0110073108226, "mean": 0.0285498742014, "max": 0.177662014961, "dmean2": 0.017661685124, "median": 0.0246834382415, "dvar": 0.000386597210309}, "spectral_spread": {"dvar2": 1377242578940.0, "var": 3583228248060.0, "min": 514957.9375, "dmean": 633505.375, "mean": 4156699.25, "max": 42343200, "dmean2": 900957.1875, "median": 3800354, "dvar": 738862432256}, "spectral_energyband_low": {"dvar2": 0.000937118777074, "var": 0.000261861685431, "min": 3.06236213614e-23, "dmean": 0.00667414162308, "mean": 0.00827649608254, "max": 0.171122401953, "dmean2": 0.0114646377042, "median": 0.00432448461652, "dvar": 0.000346634042216}, "spectral_rolloff": {"dvar2": 1649128.375, "var": 1674400.25, "min": 64.599609375, "dmean": 419.566955566, "mean": 1259.80737305, "max": 18712.3535156, "dmean2": 692.846923828, "median": 882.861328125, "dvar": 797316.8125}, "barkbands": {"dvar2": [6.36682500499e-07, 0.000625976361334, 6.67594431434e-05, 3.61302918463e-05, 2.10452108149e-05, 1.50230180225e-05, 2.36679134105e-05, 8.82503718458e-06, 1.13975956992e-05, 6.02947238804e-06, 3.49583319803e-06, 1.9282890662e-06, 1.78349080215e-06, 1.63600202541e-06, 1.120007596e-06, 6.80336313508e-07, 5.16968043485e-07, 4.50734091828e-07, 1.87529835216e-07, 7.1716037553e-08, 2.79056138197e-08, 1.18747543354e-07, 9.37679374147e-08, 3.04850331645e-08, 1.4302907303e-08, 1.59021906754e-09, 7.81134740224e-11], "var": [2.27271570452e-07, 0.000151177999214, 1.69874383573e-05, 1.39670055432e-05, 1.70118491951e-05, 1.69397480931e-05, 1.98168672796e-05, 1.0833306078e-05, 7.4710633271e-06, 1.05068738776e-05, 4.6044156079e-06, 2.49832919508e-06, 2.0947009034e-06, 1.7893845552e-06, 1.39435292112e-06, 1.16163755592e-06, 6.31030729892e-07, 4.24016093348e-07, 2.33672906802e-07, 5.80700998398e-08, 2.33144614725e-08, 8.74994583455e-08, 8.76405152894e-08, 2.42029578601e-08, 1.21183116875e-08, 1.54616641712e-09, 3.29224321416e-11], "min": [6.3166475041e-24, 1.77541066883e-23, 6.74565373018e-24, 1.29531765275e-23, 2.03096200131e-23, 6.03280809288e-23, 1.2835350685e-23, 3.77970238734e-23, 4.93499644056e-23, 4.66986786338e-23, 9.93348293113e-23, 5.69565335961e-23, 6.51944376354e-23, 5.45786228378e-23, 2.25734125751e-22, 1.50732752357e-22, 1.21395015292e-22, 1.12513211428e-22, 2.21412278706e-22, 2.45379715786e-22, 3.69863127833e-22, 5.41830766204e-22, 6.03823621321e-22, 9.00276539761e-22, 1.20068941373e-21, 1.31394500007e-21, 2.42807357757e-21], "dmean": [0.000166718629771, 0.00469117844477, 0.0019156744238, 0.00144417327829, 0.00171402888373, 0.00151707627811, 0.0017392601585, 0.000962137710303, 0.000944945262745, 0.000829924247228, 0.000451340485597, 0.000383317586966, 0.00037744443398, 0.000313215132337, 0.000296867394354, 0.00024872229551, 0.000241464280407, 0.000212595477933, 0.000169140505022, 9.61713449215e-05, 5.5966880609e-05, 7.56196386646e-05, 7.35659705242e-05, 4.53473548987e-05, 2.97226288239e-05, 1.06041516119e-05, 1.49883385347e-06], "mean": [0.000165513483807, 0.00504211569205, 0.00229524634778, 0.00155527505558, 0.00297676026821, 0.00310206622817, 0.0028313039802, 0.00182293960825, 0.00154297950212, 0.00172537681647, 0.000774069223553, 0.000695079099387, 0.000624847889412, 0.000547998060938, 0.000544155889656, 0.000474088854389, 0.000448901177151, 0.000399959128117, 0.000330154871335, 0.000165659512277, 0.000101267076388, 0.000119029507914, 0.000123927602544, 7.43547498132e-05, 4.9177724577e-05, 1.62031574291e-05, 1.45532317219e-06], "max": [0.00499728694558, 0.14141201973, 0.0476957969368, 0.04935310781, 0.0586089082062, 0.0459460988641, 0.0435418784618, 0.0347236432135, 0.0416697449982, 0.0361343249679, 0.0366118513048, 0.0163953192532, 0.017746290192, 0.0172494277358, 0.0139837358147, 0.0124835688621, 0.00963646546006, 0.00868153758347, 0.00575391203165, 0.00346391601488, 0.00166682351846, 0.00528625817969, 0.0048743262887, 0.00273718475364, 0.00237489514984, 0.000649560650345, 0.000111831293907], "dmean2": [0.000270689983154, 0.00830322224647, 0.00339399161749, 0.00238608499058, 0.00278901145793, 0.00238565518521, 0.00267640803941, 0.00148459488992, 0.00146861735266, 0.0012010470964, 0.000675948685966, 0.000587043701671, 0.000570328265894, 0.000472855113912, 0.000443122087745, 0.000364124629414, 0.000368480541511, 0.000326022796798, 0.000257605628576, 0.000150261592353, 8.52165394463e-05, 0.000115246657515, 0.000108294167148, 6.76942727296e-05, 4.14440655732e-05, 1.51184694914e-05, 2.4764558475e-06], "median": [2.97632905131e-05, 0.00193234032486, 0.000969511980657, 0.000429959909525, 0.00165203528013, 0.00176848203409, 0.00120415247511, 0.000661134952679, 0.000498909386806, 0.000461639545392, 0.000159773277119, 0.00016666596639, 0.000128486193717, 7.73077772465e-05, 0.000102891019196, 8.75706100487e-05, 0.000137305090902, 0.000127765611978, 0.000151687359903, 7.72106723161e-05, 3.88144108001e-05, 2.28455046454e-05, 3.04167333525e-05, 1.76073954208e-05, 1.08968324639e-05, 2.41926682065e-06, 2.00490433144e-08], "dvar": [2.59479975284e-07, 0.000225485855481, 2.29663564824e-05, 1.42006956594e-05, 8.52740049595e-06, 6.07228412264e-06, 1.02630374386e-05, 3.79940706807e-06, 4.62893831354e-06, 2.95762151836e-06, 1.64289963323e-06, 8.4411192347e-07, 8.34468607991e-07, 7.32199225695e-07, 5.14200280577e-07, 3.59084253887e-07, 2.47190968139e-07, 1.94188601199e-07, 8.95315821481e-08, 3.02093141613e-08, 1.15254357169e-08, 5.1840814308e-08, 4.55029436353e-08, 1.38530324989e-08, 6.86602863453e-09, 7.61449236997e-10, 3.11878266268e-11]}, "melbands_skewness": {"dvar2": 2.93184947968, "var": 3.33004450798, "min": -1.76400482655, "dmean": 0.784585595131, "mean": 2.20520067215, "max": 18.7313537598, "dmean2": 1.19374871254, "median": 1.84612798691, "dvar": 1.24689483643}, "barkbands_skewness": {"dvar2": 1.37508618832, "var": 1.746327281, "min": -4.31125068665, "dmean": 0.593500852585, "mean": 1.43978583813, "max": 12.1269760132, "dmean2": 0.898755609989, "median": 1.28828346729, "dvar": 0.591605246067}, "erbbands": {"dvar2": [0.404990166426, 36.5409927368, 110.047241211, 189.245666504, 370.10748291, 324.504882813, 881.546691895, 1154.78564453, 4843.11962891, 4519.28759766, 3928.01953125, 6509.27001953, 6946.09960938, 4082.69677734, 5639.23828125, 2030.57775879, 3812.04858398, 3965.37768555, 3168.5690918, 1814.34753418, 1924.8170166, 1092.92687988, 1048.34802246, 770.048034668, 433.144714355, 163.838134766, 61.338394165, 47.4147109985, 157.499526978, 170.179214478, 56.1654129028, 22.6262187958, 6.05619716644, 2.71681213379, 0.551022768021, 0.0444295443594, 0.00656115449965, 0.000283655914245, 2.4780183594e-06, 2.44152609241e-09], "var": [0.103911176324, 8.34594535828, 26.5693264008, 66.9427185059, 157.0206604, 255.765686035, 1294.31481934, 1184.44433594, 3709.16333008, 4666.70703125, 3887.41577148, 3930.45922852, 10254.4296875, 7064.44384766, 8831.56835938, 2866.22436523, 4967.18408203, 4238.29101563, 3831.58105469, 3291.34204102, 3074.24365234, 1596.56689453, 1259.31054688, 832.721984863, 500.951568604, 132.687698364, 47.512802124, 40.6350517273, 114.023902893, 127.898582458, 56.4096717834, 16.8323440552, 5.14336872101, 2.03170871735, 0.514002859592, 0.0501586608589, 0.00500604789704, 0.00019194354536, 8.51493950904e-07, 1.2509766556e-09], "min": [2.38029829312e-22, 4.18120291431e-21, 9.47506553449e-21, 2.44357957898e-20, 7.4159404403e-20, 5.57626749352e-20, 2.77632264159e-19, 4.82674983471e-19, 1.9868623697e-19, 2.9459910854e-19, 7.19734193681e-19, 1.21533221986e-18, 1.59919065639e-18, 2.01615782412e-18, 2.13685505602e-18, 2.58672012729e-18, 3.09104614971e-18, 2.59976993543e-18, 5.07268717443e-18, 1.17815665518e-17, 9.19631198178e-18, 7.72869257022e-18, 5.91005658418e-18, 8.59576231345e-18, 1.19178329772e-17, 1.2491473633e-17, 1.60497854254e-17, 1.30564752145e-17, 1.91372999274e-17, 2.14396479746e-17, 1.69990413527e-17, 1.42241382565e-17, 1.72198952675e-17, 1.23642565635e-17, 9.58187492736e-18, 4.83862442599e-18, 2.70379658286e-18, 1.12030757225e-18, 3.32774424388e-19, 3.50847041227e-20], "dmean": [0.119765490294, 1.12816774845, 2.35306882858, 3.41090226173, 5.1943526268, 6.06512308121, 9.99015903473, 12.180059433, 23.9759845734, 21.9239406586, 19.741104126, 21.7240447998, 23.8101444244, 21.3865795135, 19.2547836304, 13.5665273666, 17.6844215393, 15.2086629868, 14.8206148148, 13.0628156662, 12.7140254974, 11.6788873672, 11.5955438614, 8.97796726227, 7.91390609741, 4.38162899017, 2.52976536751, 2.15637207031, 2.65423679352, 2.79187822342, 1.92943060398, 1.18144476414, 0.636490464211, 0.366443216801, 0.199516624212, 0.0651814714074, 0.0170512441546, 0.00331410206854, 0.000236127001699, 1.61313764693e-05], "mean": [0.130212426186, 1.1785030365, 2.80982446671, 4.01989603043, 6.81587219238, 10.3698282242, 20.7539997101, 23.9094848633, 39.0407829285, 40.4483337402, 37.3012161255, 36.813999176, 48.3828315735, 44.0210227966, 38.4963378906, 26.918056488, 31.3201808929, 27.6735801697, 29.0739994049, 26.8209037781, 26.0673923492, 23.7577095032, 23.4520225525, 18.0215797424, 15.3629817963, 7.91927099228, 4.73306560516, 3.76852321625, 4.15188217163, 4.35332679749, 3.30109214783, 1.90534985065, 1.05813288689, 0.593386828899, 0.323693275452, 0.104936480522, 0.0241477712989, 0.00408324040473, 0.000238044507569, 3.96874456783e-05], "max": [3.69459700584, 33.0814476013, 57.1619338989, 148.572387695, 172.550476074, 323.694274902, 730.29083252, 493.140136719, 686.373168945, 973.910339355, 727.395080566, 1079.8269043, 1395.63928223, 1062.72631836, 1396.22741699, 667.077758789, 939.408325195, 875.434936523, 901.737609863, 707.496032715, 573.30291748, 464.472747803, 386.2706604, 565.313659668, 287.35256958, 191.761886597, 80.5755081177, 87.6929550171, 245.384353638, 246.53843689, 144.729934692, 69.7900009155, 49.0527305603, 39.0588264465, 15.212436676, 3.33120131493, 1.44046354294, 0.28507527709, 0.0218880362809, 0.000839014886878], "dmean2": [0.208390474319, 2.02258181572, 4.16511726379, 5.72327709198, 8.64664077759, 9.75912475586, 15.6585741043, 19.1165027618, 37.4189834595, 33.7544136047, 30.3881168365, 33.5892295837, 35.4071884155, 30.3867053986, 28.044128418, 20.7357749939, 26.4966583252, 22.6878070831, 21.6418018341, 19.134721756, 18.4713745117, 17.4795398712, 17.4330940247, 13.5928630829, 12.0676612854, 6.81898641586, 3.94689893723, 3.25649833679, 4.08428144455, 4.19998407364, 2.82644987106, 1.77743375301, 0.943620920181, 0.51786929369, 0.284634381533, 0.0916049778461, 0.0250944700092, 0.00512078264728, 0.000394994975068, 2.53844773397e-05], "median": [0.0413341522217, 0.45373249054, 1.28993117809, 1.52662467957, 2.84239029884, 5.49472856522, 10.2348537445, 12.8623495102, 16.5483150482, 18.8207836151, 15.918888092, 14.0846252441, 14.241765976, 13.2211208344, 9.87617111206, 7.72443294525, 7.33110141754, 4.66125583649, 5.62779045105, 5.79629278183, 5.65857219696, 7.88539409637, 7.95154714584, 7.74185991287, 7.25585985184, 3.90934658051, 2.05192255974, 1.17575716972, 0.822180867195, 0.819406032562, 0.849661231041, 0.517320156097, 0.224060714245, 0.134612649679, 0.0679416805506, 0.0177095867693, 0.00316279637627, 0.000283126835711, 2.73901714536e-05, 3.36360681104e-05], "dvar": [0.148243531585, 12.9435405731, 38.0544319153, 71.8205795288, 144.830810547, 133.748443604, 376.381256104, 461.30291748, 2060.49829102, 1933.87036133, 1676.53222656, 2633.91088867, 3222.57397461, 2073.54467773, 2627.04272461, 917.67376709, 1845.18078613, 1788.89123535, 1334.50610352, 936.897705078, 940.949462891, 550.12298584, 480.740997314, 344.311950684, 199.787490845, 69.4983139038, 24.435125351, 20.5274143219, 68.9495925903, 76.6473007202, 27.6062202454, 10.3825454712, 2.78346657753, 1.26296901703, 0.271476566792, 0.0222114399076, 0.00297739286907, 0.000125956634292, 9.55292421168e-07, 9.58509160931e-10]}, "silence_rate_30dB": {"dvar2": 0.00186580920126, "var": 0.000311016134219, "min": 0, "dmean": 0.000622342107818, "mean": 0.999688863754, "max": 1, "dmean2": 0.00124481332023, "median": 1, "dvar": 0.000621989602223}, "melbands_spread": {"dvar2": 223.719451904, "var": 287.374847412, "min": 0.423204481602, "dmean": 6.2956609726, "mean": 20.295583725, "max": 246.34262085, "dmean2": 9.43243122101, "median": 16.5315742493, "dvar": 107.828186035}, "melbands_crest": {"dvar2": 22.8214054108, "var": 23.5892295837, "min": 1.4198871851, "dmean": 3.09696984291, "mean": 12.5757846832, "max": 32.4424514771, "dmean2": 5.00641441345, "median": 11.6247148514, "dvar": 9.11964416504}, "zerocrossingrate": {"dvar2": 0.000247510732152, "var": 0.00118312472478, "min": 0.00341796875, "dmean": 0.00976628344506, "mean": 0.0512895844877, "max": 0.505859375, "dmean2": 0.0113119669259, "median": 0.0458984375, "dvar": 0.000194910462596}, "barkbands_kurtosis": {"dvar2": 180.849487305, "var": 133.885040283, "min": -1.96161019802, "dmean": 3.73335933685, "mean": 5.24052095413, "max": 246.67338562, "dmean2": 5.9509601593, "median": 2.36552286148, "dvar": 75.9622344971}, "spectral_flux": {"dvar2": 0.00323258922435, "var": 0.00369599927217, "min": 6.86453949239e-11, "dmean": 0.0312176030129, "mean": 0.0860576927662, "max": 0.375170767307, "dmean2": 0.0479500368237, "median": 0.0731229633093, "dvar": 0.00168502866291}, "barkbands_crest": {"dvar2": 19.4056835175, "var": 15.5377721786, "min": 2.43061733246, "dmean": 2.56833958626, "mean": 9.5915813446, "max": 26.3846035004, "dmean2": 4.18890666962, "median": 8.77857208252, "dvar": 7.07076787949}, "barkbands_flatness_db": {"dvar2": 0.00160645809956, "var": 0.00460231211036, "min": 0.023755159229, "dmean": 0.0254214536399, "mean": 0.166565418243, "max": 0.498390138149, "dmean2": 0.0375445075333, "median": 0.153644740582, "dvar": 0.000716590147931}, "spectral_entropy": {"dvar2": 0.106465734541, "var": 0.410507619381, "min": 4.5720744133, "dmean": 0.210788339376, "mean": 7.22629737854, "max": 9.7937746048, "dmean2": 0.294508874416, "median": 7.30964326859, "dvar": 0.0564940087497}, "pitch_salience": {"dvar2": 0.0130290891975, "var": 0.0111951362342, "min": 0.0936092212796, "dmean": 0.0706247240305, "mean": 0.57954210043, "max": 0.977802395821, "dmean2": 0.114605180919, "median": 0.586038589478, "dvar": 0.00499955285341}, "erbbands_spread": {"dvar2": 294.375579834, "var": 477.97946167, "min": 1.52583217621, "dmean": 8.78170013428, "mean": 33.7934150696, "max": 169.034896851, "dmean2": 12.9998865128, "median": 28.5865745544, "dvar": 138.224212646}, "dynamic_complexity": 3.71082139015, "spectral_contrast_valleys": {"dvar2": [0.407004624605, 0.396592855453, 0.390125691891, 0.344217538834, 0.330981254578, 0.461343735456], "var": [1.56195342541, 1.34795165062, 1.6948376894, 1.84496212006, 1.91246044636, 2.92842912674], "min": [-27.3560218811, -27.0127696991, -27.3886184692, -27.5897808075, -27.384141922, -27.3161888123], "dmean": [0.447514861822, 0.42742779851, 0.432799458504, 0.404316902161, 0.375022143126, 0.414718180895], "mean": [-7.47360420227, -6.70658922195, -7.67386245728, -8.3302154541, -8.08791160583, -10.8000974655], "max": [-4.92590713501, -4.72190952301, -5.25344419479, -5.52216434479, -5.91761636734, -7.77177000046], "dmean2": [0.689721047878, 0.667019307613, 0.661242365837, 0.600811839104, 0.534210681915, 0.538473725319], "median": [-7.1876168251, -6.47237062454, -7.41273021698, -8.07565307617, -7.7953119278, -10.4232978821], "dvar": [0.201910212636, 0.178824335337, 0.181395858526, 0.170623674989, 0.174251079559, 0.248445287347]}, "hfc": {"dvar2": 107.524787903, "var": 253.259963989, "min": 1.16299066261e-16, "dmean": 5.70030212402, "mean": 20.1825447083, "max": 83.9727859497, "dmean2": 8.21731853485, "median": 17.0031852722, "dvar": 52.741771698}, "spectral_kurtosis": {"dvar2": 94.7298965454, "var": 144.119613647, "min": -1.24316287041, "dmean": 3.279088974, "mean": 7.73708629608, "max": 214.615219116, "dmean2": 5.34374380112, "median": 4.86958026886, "dvar": 40.8328704834}, "mfcc": {"mean": [-667.781677246, 137.463226318, 4.2547712326, 23.2599449158, -2.20710110664, -8.06134414673, -4.03557157516, 4.44646215439, -6.32281637192, 1.80797290802, -1.39313077927, -0.241443127394, 1.43309950829], "cov": [[11659.2441406, -928.558837891, -1355.44311523, -492.619476318, -153.833633423, 149.715652466, 7.35239219666, 381.878631592, 63.1758308411, 282.143920898, 36.571346283, -55.8871612549, -126.408851624], [-928.558837891, 1869.953125, -461.15512085, 54.724521637, 6.08486366272, -245.703765869, 79.6203079224, -25.5558052063, -37.6374931335, -10.0376501083, -12.7277088165, 50.0705337524, 66.1514892578], [-1355.44311523, -461.15512085, 1598.00524902, 141.828369141, -38.0869674683, 199.055679321, -5.14172363281, -37.2398262024, 68.3963317871, -26.9259662628, 38.2731628418, 101.467025757, 72.7609786987], [-492.619476318, 54.724521637, 141.828369141, 437.328857422, 141.060699463, -14.2150430679, -38.2328186035, 6.71481275558, 45.2192878723, -16.0392246246, 19.7929077148, 7.71514701843, 66.2908325195], [-153.833633423, 6.08486366272, -38.0869674683, 141.060699463, 319.943237305, 47.7932319641, -47.8983764648, 26.5507259369, 31.3392734528, 29.4289779663, 11.6551170349, -1.60749030113, 14.7524747849], [149.715652466, -245.703765869, 199.055679321, -14.2150430679, 47.7932319641, 302.866546631, 93.731628418, 6.90990066528, 47.5762023926, 19.4842529297, 30.4510917664, 28.9950141907, -13.7314920425], [7.35239219666, 79.6203079224, -5.14172363281, -38.2328186035, -47.8983764648, 93.731628418, 245.615234375, 55.4911308289, 15.0636978149, 29.3468399048, 28.8914432526, 45.190662384, -5.31504869461], [381.878631592, -25.5558052063, -37.2398262024, 6.71481275558, 26.5507259369, 6.90990066528, 55.4911308289, 173.404586792, 24.6614608765, 36.0963287354, 19.9428443909, -0.655906558037, 9.6747303009], [63.1758308411, -37.6374931335, 68.3963317871, 45.2192878723, 31.3392734528, 47.5762023926, 15.0636978149, 24.6614608765, 174.430511475, 55.1124229431, -9.93869590759, 10.3101453781, 14.9908628464], [282.143920898, -10.0376501083, -26.9259662628, -16.0392246246, 29.4289779663, 19.4842529297, 29.3468399048, 36.0963287354, 55.1124229431, 141.164215088, 31.3584270477, 0.514133632183, -12.069275856], [36.571346283, -12.7277088165, 38.2731628418, 19.7929077148, 11.6551170349, 30.4510917664, 28.8914432526, 19.9428443909, -9.93869590759, 31.3584270477, 129.864807129, 31.2039527893, -3.62325525284], [-55.8871612549, 50.0705337524, 101.467025757, 7.71514701843, -1.60749030113, 28.9950141907, 45.190662384, -0.655906558037, 10.3101453781, 0.514133632183, 31.2039527893, 115.566490173, 31.2422504425], [-126.408851624, 66.1514892578, 72.7609786987, 66.2908325195, 14.7524747849, -13.7314920425, -5.31504869461, 9.6747303009, 14.9908628464, -12.069275856, -3.62325525284, 31.2422504425, 106.460914612]], "icov": [[0.000126691869809, 6.88908330631e-05, 0.000143246448715, 5.07721997565e-05, 0.000141738142702, -0.000148481514771, 0.000175550740096, -0.000274807855021, 1.27146604427e-05, -0.000202166847885, 2.78695642919e-05, -0.000133352354169, -1.15747052405e-05], [6.88908330631e-05, 0.000753696600441, 0.000245360453846, -3.33881253027e-05, -8.65394977154e-05, 0.00058692030143, -0.000460797309643, 0.000185958924703, 7.80240497988e-06, -9.84531507129e-05, 3.61545644409e-05, -0.000379503559088, -0.000385296938475], [0.000143246448715, 0.000245360453846, 0.00100708846003, -0.000261142355157, 0.000526996445842, -0.000679607561324, 0.000464109878521, -0.000183327472769, -0.000124547776068, -0.000147280574311, -3.42542953149e-05, -0.000779195979703, -0.000400575401727], [5.07721997565e-05, -3.33881253027e-05, -0.000261142355157, 0.00329768820666, -0.0014506081352, 0.000579010637011, -9.73926653387e-05, 7.12369728717e-05, -0.00091325759422, 0.000873534183484, -0.000920072081499, 0.000659986981191, -0.00152689462993], [0.000141738142702, -8.65394977154e-05, 0.000526996445842, -0.0014506081352, 0.00461817579344, -0.00174587604124, 0.00187035521958, -0.00119084655307, 0.000197869885596, -0.00128116772976, 0.000252628495218, -0.000607007881626, 0.000115241185995], [-0.000148481514771, 0.00058692030143, -0.000679607561324, 0.000579010637011, -0.00174587604124, 0.00568747334182, -0.00283929822035, 0.00126580777578, -0.00123134779278, 0.000827421492431, -0.000831558485515, 9.57213997026e-05, 0.000492469524033], [0.000175550740096, -0.000460797309643, 0.000464109878521, -9.73926653387e-05, 0.00187035521958, -0.00283929822035, 0.00677645206451, -0.0025534434244, 0.000327597866999, -0.00112757517491, 2.37344102061e-05, -0.00225458899513, 0.000671664951369], [-0.000274807855021, 0.000185958924703, -0.000183327472769, 7.12369728717e-05, -0.00119084655307, 0.00126580777578, -0.0025534434244, 0.00768153369427, -0.000685928622261, -0.000454489083495, -0.000952825881541, 0.00130313250702, -0.00122796022333], [1.27146604427e-05, 7.80240497988e-06, -0.000124547776068, -0.00091325759422, 0.000197869885596, -0.00123134779278, 0.000327597866999, -0.000685928622261, 0.00767678488046, -0.00341843673959, 0.00203854776919, -0.00069461367093, -0.000638809287921], [-0.000202166847885, -9.84531507129e-05, -0.000147280574311, 0.000873534183484, -0.00128116772976, 0.000827421492431, -0.00112757517491, -0.000454489083495, -0.00341843673959, 0.0100632049143, -0.00270257284865, 0.000978042371571, 0.000890324357897], [2.78695642919e-05, 3.61545644409e-05, -3.42542953149e-05, -0.000920072081499, 0.000252628495218, -0.000831558485515, 2.37344102061e-05, -0.000952825881541, 0.00203854776919, -0.00270257284865, 0.0096704820171, -0.00279372255318, 0.00110799516551], [-0.000133352354169, -0.000379503559088, -0.000779195979703, 0.000659986981191, -0.000607007881626, 9.57213997026e-05, -0.00225458899513, 0.00130313250702, -0.00069461367093, 0.000978042371571, -0.00279372255318, 0.0119624193758, -0.00333237601444], [-1.15747052405e-05, -0.000385296938475, -0.000400575401727, -0.00152689462993, 0.000115241185995, 0.000492469524033, 0.000671664951369, -0.00122796022333, -0.000638809287921, 0.000890324357897, 0.00110799516551, -0.00333237601444, 0.012242520228]]}, "silence_rate_20dB": {"dvar2": 0, "var": 0, "min": 1, "dmean": 0, "mean": 1, "max": 1, "dmean2": 0, "median": 1, "dvar": 0}, "melbands_kurtosis": {"dvar2": 1063.90930176, "var": 770.569702148, "min": -1.82660651207, "dmean": 8.48682594299, "mean": 13.1028051376, "max": 487.28704834, "dmean2": 13.6126098633, "median": 5.9190864563, "dvar": 442.095214844}, "barkbands_spread": {"dvar2": 120.668426514, "var": 158.308776855, "min": 0.500454246998, "dmean": 5.19741010666, "mean": 17.852481842, "max": 124.338287354, "dmean2": 7.92152643204, "median": 15.3893661499, "dvar": 54.6901435852}, "erbbands_skewness": {"dvar2": 0.450833231211, "var": 1.09552371502, "min": -4.94542646408, "dmean": 0.423901438713, "mean": 0.730711519718, "max": 6.43739938736, "dmean2": 0.625522553921, "median": 0.641727626324, "dvar": 0.212458893657}, "average_loudness": 0.908394992352, "spectral_centroid": {"dvar2": 193796.65625, "var": 383981.21875, "min": 136.870483398, "dmean": 235.979858398, "mean": 1147.67675781, "max": 11115.9257813, "dmean2": 344.092987061, "median": 1087.24194336, "dvar": 97070.4765625}, "dissonance": {"dvar2": 0.00153037055861, "var": 0.00197689048946, "min": 0.156389385462, "dmean": 0.0252766422927, "mean": 0.441535651684, "max": 0.500000119209, "dmean2": 0.0410418622196, "median": 0.452893763781, "dvar": 0.000628557114396}, "erbbands_flatness_db": {"dvar2": 0.00107076426502, "var": 0.00380497728474, "min": 0.0336484722793, "dmean": 0.0221190266311, "mean": 0.187526315451, "max": 0.436487168074, "dmean2": 0.0304824002087, "median": 0.184517577291, "dvar": 0.000585043861065}, "spectral_strongpeak": {"dvar2": 1.75126767159, "var": 1.57245647907, "min": 0, "dmean": 0.596599578857, "mean": 1.17276835442, "max": 11.6429777145, "dmean2": 0.991826951504, "median": 0.713050246239, "dvar": 0.746434867382}, "spectral_rms": {"dvar2": 3.96482391807e-06, "var": 4.50181914857e-06, "min": 3.23857433926e-12, "dmean": 0.000906180415768, "mean": 0.00483236508444, "max": 0.0131654394791, "dmean2": 0.00139305065386, "median": 0.00490728067234, "dvar": 1.66473273566e-06}, "silence_rate_60dB": {"dvar2": 0.0442638657987, "var": 0.0736535564065, "min": 0, "dmean": 0.0199149474502, "mean": 0.0800663754344, "max": 1, "dmean2": 0.0398340262473, "median": 0, "dvar": 0.0195184741169}, "melbands": {"dvar2": [4.07539992011e-05, 3.98568627133e-05, 6.25641860097e-06, 1.27159830754e-06, 8.28458780688e-07, 5.61608544558e-07, 1.0621988622e-06, 4.86147484935e-07, 2.68799709602e-07, 2.57427757333e-07, 1.74392837948e-07, 7.58911937737e-08, 7.25375599586e-08, 2.86065890975e-08, 2.19893081521e-08, 1.44629792587e-08, 1.76936563179e-08, 1.05554764929e-08, 6.78112987984e-09, 3.5276019883e-09, 3.46259687589e-09, 1.53507695444e-09, 1.60824797923e-09, 1.14344533841e-09, 5.59901291997e-10, 3.92132992744e-10, 1.59960322765e-10, 8.05262106995e-11, 3.08112667324e-11, 2.23956738571e-11, 1.93005646187e-11, 5.5781407271e-11, 6.58647650309e-11, 6.60895851934e-11, 2.62473948826e-11, 1.24245605124e-11, 8.46270102606e-12, 4.17889247512e-12, 2.35401542009e-12, 2.1178245789e-12], "var": [1.01852238004e-05, 9.4723645816e-06, 2.3120746846e-06, 8.56942449445e-07, 1.14085094083e-06, 5.83523160458e-07, 8.60660009039e-07, 5.43503858808e-07, 2.53670833672e-07, 1.51117347968e-07, 2.59175294559e-07, 1.30944727061e-07, 1.0574503051e-07, 4.32342126544e-08, 2.49497809079e-08, 1.48301406711e-08, 1.78090537872e-08, 1.10803037856e-08, 7.16089099129e-09, 6.57219612066e-09, 4.48979387002e-09, 1.98793781436e-09, 1.88968818371e-09, 1.04865904849e-09, 5.70840652525e-10, 4.39884351167e-10, 1.43178108258e-10, 6.02134314631e-11, 2.1544604642e-11, 1.62695221878e-11, 1.45332973087e-11, 3.78438669291e-11, 4.10668409001e-11, 4.55162955937e-11, 2.43392285493e-11, 9.45580159312e-12, 5.56066217378e-12, 3.10903343001e-12, 1.668270448e-12, 1.49468827072e-12], "min": [4.49306969837e-24, 5.29130937089e-24, 6.16372642319e-24, 4.3506041799e-24, 8.44414620091e-24, 1.12303161435e-23, 2.74793779877e-24, 4.54086835833e-24, 5.50004117755e-24, 7.95974221776e-24, 7.37001268198e-24, 6.74916968324e-24, 8.75872973042e-24, 6.68963119528e-24, 7.21097280146e-24, 5.08829443921e-24, 4.88220097784e-24, 5.71899464939e-24, 1.95698656992e-23, 8.61845921742e-24, 1.09175998477e-23, 7.23615087497e-24, 7.68220990725e-24, 4.22766809643e-24, 6.29531631079e-24, 1.01144487272e-23, 7.48254605669e-24, 8.08182159828e-24, 8.84107418715e-24, 9.21467240097e-24, 6.93206313981e-24, 9.32903908843e-24, 1.19804991985e-23, 1.20219759272e-23, 8.48572705923e-24, 1.06539790993e-23, 7.32889409615e-24, 9.59616947904e-24, 1.40945841045e-23, 8.58551638601e-24], "dmean": [0.0011