{"tonal": {"thpcp": [1, 0.778478324413, 0.355098605156, 0.24033215642, 0.201817393303, 0.340452522039, 0.374314159155, 0.237162068486, 0.216446474195, 0.254395574331, 0.25608587265, 0.317163079977, 0.331474691629, 0.249939292669, 0.381389319897, 0.44993904233, 0.313111066818, 0.345380544662, 0.365075409412, 0.325414419174, 0.547433972359, 0.759787619114, 0.507896482944, 0.209109291434, 0.14053979516, 0.098363943398, 0.159115627408, 0.217980474234, 0.164342209697, 0.176710620522, 0.211101129651, 0.1503008008, 0.137287333608, 0.172105073929, 0.175502851605, 0.515019416809], "hpcp": {"dmean2": [0.130986347795, 0.117589272559, 0.123212657869, 0.130171328783, 0.133150562644, 0.126249581575, 0.139068722725, 0.134864717722, 0.152079716325, 0.150262594223, 0.173014372587, 0.15907099843, 0.181912228465, 0.200805142522, 0.238161027431, 0.222926005721, 0.215079784393, 0.14822371304, 0.108144916594, 0.0785970687866, 0.0790745615959, 0.0934609174728, 0.0852987766266, 0.0962523296475, 0.100251637399, 0.0816111043096, 0.0798763111234, 0.0967873334885, 0.130104705691, 0.211458414793, 0.258776634932, 0.256793469191, 0.233989432454, 0.186332017183, 0.136747524142, 0.132776424289], "median": [0.0150570869446, 0.012179499492, 0.0101933497936, 0.0118302088231, 0.0140842869878, 0.0226722322404, 0.0256026349962, 0.0222870856524, 0.0145463421941, 0.0175188668072, 0.0207617729902, 0.00989180710167, 0.0112024536356, 0.017784781754, 0.0585424676538, 0.0929889902472, 0.0619039535522, 0.0132134128362, 0.00520696071908, 0.00379570340738, 0.00732295121998, 0.0115211494267, 0.0126493414864, 0.0124392807484, 0.0148824891075, 0.0088063236326, 0.00743863172829, 0.00934723578393, 0.011446820572, 0.0858777314425, 0.163255438209, 0.127074316144, 0.0232364088297, 0.0111376009881, 0.0105593390763, 0.01138755586], "min": [0, 0, 0, 0, 0, 0, 0, 0, 0, 0, 0, 0, 0, 0, 0, 0, 0, 0, 0, 0, 0, 0, 0, 0, 0, 0, 0, 0, 0, 0, 0, 0, 0, 0, 0, 0], "dvar2": [0.0689528807998, 0.0576507523656, 0.0713473185897, 0.0702790766954, 0.0708515420556, 0.0619513615966, 0.0742232948542, 0.0614303722978, 0.0871345624328, 0.0795156210661, 0.0883912965655, 0.0855655819178, 0.103884518147, 0.108007460833, 0.124141521752, 0.104023136199, 0.103679202497, 0.0835067853332, 0.0693248435855, 0.0446358211339, 0.0394388698041, 0.0452335402369, 0.0372585318983, 0.044545263052, 0.0445600561798, 0.0394281968474, 0.038385655731, 0.0462162829936, 0.0696292221546, 0.0907009392977, 0.135916918516, 0.114108622074, 0.137355968356, 0.111219912767, 0.0718387290835, 0.0650949403644], "dvar": [0.0286406986415, 0.0223134458065, 0.0273503176868, 0.0275722276419, 0.027065968141, 0.02541497536, 0.0289205312729, 0.0226487405598, 0.032288171351, 0.0320710428059, 0.0315587967634, 0.0337008498609, 0.0393360927701, 0.0408994071186, 0.0468098856509, 0.0426497831941, 0.0385217443109, 0.0310393925756, 0.0249894969165, 0.0156559348106, 0.0146105559543, 0.0180071610957, 0.0145343393087, 0.0171668045223, 0.0181013885885, 0.0152870034799, 0.0152381761, 0.0178528018296, 0.0254090894014, 0.0349300764501, 0.0543141104281, 0.0433722436428, 0.0538602545857, 0.0420095287263, 0.0263865645975, 0.0268704593182], "dmean": [0.0769015923142, 0.0685140714049, 0.0707077085972, 0.0759513676167, 0.0768045857549, 0.0740879774094, 0.0810374766588, 0.0775990262628, 0.0873424485326, 0.0859040245414, 0.0982954800129, 0.089836589992, 0.10311254859, 0.113482750952, 0.137598320842, 0.131429627538, 0.125677704811, 0.0826859325171, 0.0598308146, 0.0429296791553, 0.0456398949027, 0.054959744215, 0.0493952743709, 0.0551292076707, 0.0587706081569, 0.0476938784122, 0.0467803366482, 0.0564417727292, 0.0717850029469, 0.124734804034, 0.152391523123, 0.149632751942, 0.131856933236, 0.103925660253, 0.0766248255968, 0.0760614871979], "max": [1, 1, 1, 1, 1, 1, 1, 1, 1, 1, 1, 1, 1, 1, 1, 1, 1, 1, 1, 1, 1, 1, 1, 1, 1, 1, 1, 1, 1, 1, 1, 1, 1, 1, 1, 1], "var": [0.0706646293402, 0.0314757414162, 0.0321460366249, 0.0378902368248, 0.0373958945274, 0.0516019053757, 0.0517251342535, 0.0257808510214, 0.0698019564152, 0.0881438702345, 0.0378293693066, 0.0663965344429, 0.0662516802549, 0.0470272786915, 0.0740390792489, 0.117296747863, 0.0593015290797, 0.0274492073804, 0.0202903542668, 0.0115160308778, 0.0200143698603, 0.0318799391389, 0.0174595098943, 0.0213149674237, 0.0284500997514, 0.0176157522947, 0.0162193719298, 0.0216142609715, 0.0215880312026, 0.0508059598505, 0.146445944905, 0.0981909036636, 0.0538179501891, 0.0360495261848, 0.0243905242532, 0.0638548880816], "mean": [0.132664218545, 0.0840548500419, 0.0767128393054, 0.0901627391577, 0.0907618105412, 0.11240876466, 0.117481075227, 0.088583342731, 0.135171785951, 0.159467145801, 0.110972650349, 0.122409574687, 0.129389822483, 0.11533319205, 0.194021239877, 0.269283503294, 0.180008381605, 0.0741124004126, 0.0498100370169, 0.0348620936275, 0.0563936717808, 0.0772565156221, 0.058246076107, 0.0626296773553, 0.0748183429241, 0.0532695278525, 0.0486573018134, 0.0609973818064, 0.0622016228735, 0.182532891631, 0.354419440031, 0.275907844305, 0.125853851438, 0.0851783901453, 0.0715280100703, 0.120662987232]}, "tuning_equal_tempered_deviation": 0.0283020343632, "chords_changes_rate": 0.0523364469409, "key_key": "G", "tuning_diatonic_strength": 0.595397233963, "key_scale": "major", "chords_number_rate": 0.00261682248674, "tuning_frequency": 438.224517822, "tuning_nontempered_energy_ratio": 0.680800795555, "chords_histogram": [30.3364486694, 1.77570092678, 3.98130846024, 0.448598116636, 4.44859790802, 2.50467300415, 0.130841121078, 0.149532705545, 1.90654206276, 0.448598116636, 1.88785052299, 1.2336448431, 0.934579432011, 0.485981315374, 0, 4.56074762344, 0.261682242155, 18.7476634979, 2.76635503769, 2.78504681587, 0.485981315374, 0.299065411091, 16.6915893555, 2.72897195816], "key_strength": 0.712986886501, "chords_key": "G", "chords_strength": {"dmean2": 0.0086144991219, "median": 0.508928179741, "min": -1, "dvar2": 0.000692269066349, "dvar": 0.000419729214627, "dmean": 0.00894542131573, "max": 0.754368543625, "var": 0.0329609662294, "mean": 0.489693254232}, "chords_scale": "major", "hpcp_entropy": {"dmean2": 0.883935809135, "median": 1.72130417824, "min": 0, "dvar2": 0.607359588146, "dvar": 0.229181572795, "dmean": 0.517464458942, "max": 4.15161466599, "var": 0.512155115604, "mean": 1.69908547401}}, "metadata": {"audio_properties": {"equal_loudness": 0, "codec": "flac", "downmix": "mix", "sample_rate": 44100, "analysis_sample_rate": 44100, "bit_rate": 0, "md5_encoded": "1a302930ec934a66bc8b218bb92b0c1b", "length": 248.399993896, "replay_gain": -13.0928344727, "lossless": true}, "version": {"essentia_build_sha": "2d9f1f26377add8aeb1075a9c2973f962c4f09fd", "essentia": "2.1-beta2", "extractor": "music 1.0", "essentia_git_sha": "v2.1_beta2-1-ge3940c0"}, "tags": {"title": ["Drown in My Own Tears"], "barcode": ["081227193423"], "media": ["CD"], "albumartist": ["Aretha Franklin"], "tracktotal": ["14"], "language": ["eng"], "releasetype": ["album"], "musicbrainz_recordingid": ["1f558084-f0c6-49a7-ad6a-a32119a1fc2d"], "musicbrainz_releasegroupid": ["7d8f07a7-4c64-3afb-8daf-8f1d4df89a78"], "musicbrainz_albumartistid": ["2f9ecbed-27be-40e6-abca-6de49d50299e"], "originaldate": ["1967-03-10"], "acoustid_fingerprint": ["AQADtEmUaEkSRZEGAACA4w--HEeO4zj-HD-A5kH859B3hEny4FHy4Q984qiy41KO_IZ-hB8H_-iDnFKm4ctkXEK1V6CS9BHyw64llKJiYQqXo-Rx9Ef0JYOmhqkQJ5LE4R887fjBo2eO5sXxD1OUH9WQH8keHz5OPMd2g2G-LbicCk9S5phkIqGmLEco58QTPdh_HL9iOCmDC09ClEey5IjjfHiRf9gTEX1y5I_hrxna48Zv5EcajHkOX8ePH_0z0MKdgH0owm7QH70RJk0ONaUTCn8VhCbspUdWbYG47IUm58FTaHkWhDdxfeiDsseZC3ePZ8eTI9nnI_sCJsezKjgfPMVKNCXCHjpy4hpxtmj4B32O-oGdXLiKH82PY7SOfMfLB5rFIz18_DgONw6Px3h49OBv7LjQ7GiTSMa15IFuHb4SPD1-Cf-aqAjtjNAj9IYeIczlo3yxX8rwCww_ocFtxPEO6cuQiz3eSMIzB_-xH9eGHPoRe8mFKWJxSvCPGw_-Du9xmEEWdtCjpSSuPJBePHiu4-KRLVOuZGjcMAnCJ-OhS8gPv_hkBX8TVEnBSkJyBeEJ_8OeBz9OtNeEpo6GT0jKw0nQm0HzXMMRWRI5PDkYrtGIU8bf4MkSOCmJbId45CiHJnSK6T_eS8KPH00dfIZbHamqB5rOFPqnHDmN8_jTBM_TBVt28sih5whTLQTmC7eCMNQTqCTi5Jjyrpgo6bDzYFek4iSaH0yjo29wLejj4NQDO1J8PAqO9McPaSv-INIfPMWPbdpxlDJe4eA3NKcR30iPzsc3XcEPJpdRUceZEOeJSZNm-A5Kdbh8_EflTghThUwC_ciNZswaXA_GfENVD-VxxknA_MiJZNQx5R6-4fiDH1-PUEfi5-ix4wn4o9HR58hXvLjxRUe8HX5cPAOr5LhQ3QijB8oRRkap40yK_TxS0pA-5ENzokSuKNA3RMqLUtt2_CiPPviD_4jzQMtkIU-CPyh7HDfODEecG1pC5QpK5UPypfiPHn6EZ5KCJsyBZj2mHufBR2VwiqjyI4lyHvmHL7zx3MaUC2WoCFkp6JFCxOGjYMPJDU-QfHmKJye-J9Cy5wg1LiRmecMfJejR5PnxJGGEOAyNRBqeXXiOXkfjMLjxREkoVLpwZNEPXTqaKc0RNjPOB6dF-MddPBm-LToqzsc3Zngjo8Hz47pQL8qDKT_2JEIyMgsajsgxVEwzRqgVHbkVPB_xQ18feNrx5ciZos8wZZSFB3S0HN3RXBe-Fy_y8Kiy-NDBuUO-4zJmpR987Cx--CzCRbiS5BGKKU8U3Mhj4YmJMPFx2UgWJnh69EeT83iaG_-CHMmFV8nh88aTB9-LH36K70HMF0mzaEazp2j34czx4z6mU0F7fHEOPkjeGrGD-gnRiPNxqQdz5Eoc-McPgk-DlPHwH1aO6cfRa0fz4NHUIyQZDVqS5gqcBzmuXAquPAmeZcdxC9aVMMF3BU8A8wee5EKuPPgOx1IaPGHxvdgZDvfEoJmOPtBDvLmKnDWJkxmuoRd-HPcR50fS6fjwH_fhDxc3oaWl426J50PDSCPOzghzI_mD5_h29LkkNBWO_EcSSeLxdDH6JUP9LJjiC02VKEEyMhnyREeTF18UMYd1VBZKRjGo3gmeTDL87Hgrovnx-LiIHBJCkULzBDmVE3IeRFz24cSD_khY5UiboBKl4NFy9BmaCzeONtbRjK0Qn0iaiT9u4_rR8wjD-HgOMYuyODj-oB0PPwsmqEwCeTp-hNGPitMDOsnxIDy05EFOffjBOaijwSFX9Ege5D4unDmmN3BEJHuQHw_xD2V-NGOOK0ev7HCVGaFEHrIU5gilJReaWhX-KMLxrGhGBlV7nKHRPEuO-riYBCkrDPo-5Dl-MCyLppLwcMeFZh2qiMtxEcfBHNGJpFly4sJ3_EJzCpdcfNGPI31OzLIVI48aNJ_A6OiP5qGPP3j4Bnm4B8mvWuCfoFcnbLVxJWGDMieO5EdOnArxKDk8_nieYn_wFy8SJaGJcKXG4cuL6wqeHKWWww5cHdXbhCBfGTGPJ0mVo3kelDl0Poj-B82X40xIBdaUHBcHE_0Y7FGOPMoDLfuI8DifI46eHb-gMw_CVJk2fFvRsMGFi3mQ8Vyg8kO6nXiUBTnFIxmPPqVxCc_RJPEHbjvcLT_cJNnQI_whctlRC08TY4wOXSPCqELFSMlxHn_QHmEcBvo95N1RuUJz47hEPJoSfA_aHGF0JOfxa7hoBY9yYw9-IX6KhOvxtMV__LDD4ELeI6l4dKWFz8apwSqepHhR7TfyHyqPM0cfPWiiUcU_PMfVwtGLi8dR9TgU-eiFntgbPOmJeOyDXjnObEGNJ-gvo_kY4if2I3mKUEwowoqcp6iUF5cDP0oi4Tye5MMzJOMlhEmO88d37Du8KDSO5kdPIX8qJFrEsOhHVJKk4MJ_9Gi2HOdj_MOTE0eYH8n44zwcquCPp5aEig-aU0iOH7oS5Md9DWOeJDie7IerPHhwXGijLGgS1sepHKF8XGeh6Q7mU7iQZc1RbaSIGzxxUcNOHceZ5nhmTJcFXxZ6ZR8y_9DFE_lcD_eDX8WN6UFzIs9aKGbmBH_AB2KR40kqnMkTXHiOP0WOJJKP5heeKI-CfTlOBg-H5j9C5wlUKguypdSD5kmnA4iosICcUpACSiAhBALCGCKpbAARBggBBAvDiTCGKEacMEwwwQTTHEAlhFMCISgYIAgwhAwDRASAiMXMGiaIEAJBhoCRgABnHNIKWAKVAAgYQwBQyjBEFABAIESIwY4YI7hxCAhhFUDcIKQVUEAQoh0lmxihODIMEgKQUMA5AABRjBBkhFEEGGMMY0QQioxEDADBqEhACUQYQKoQAwgBBBAMDCDAKoCMYwQQKQCRyiBDpBBGAUCIU0wpAoAARFBBBCAACAUARRIYI5giBiCFhDBSOWcEFQhBQiwAQSCEACGSGEEQAEoQB4loQjglFDEAgmaIMMwSoRUCziLhRBJSIcaQIeoBQAhzwBgljHNEEiAMIcQRQxilhAgiAAZAEUMMAMYBwRQRRABLiFAACaEYUUIAAyARiihDihKEIAKIYUJhQgQSgAhHHABWeCIYIFIAIJQSCBgBgJBECcQMEgABiwABDDJHBFPAAAQQ0ogAQIxChBDACCGIEMyIUMoYDgwASDmgnAFMGCcYFc4QApBCgBhmoAGIIOGMMYgCZ4QRSkABBGAWSbMAMcwRAhASRAAgCAIQMEAEcAgRAoRBAiFBGDAAMEQAAswA4wihyiEAGHEkACAIMgQQAqBCTgDEjAHEgGUIEFKBgBBATAAoghSAMGSQMoQIZogAQgFCjDIQMcYAiUgo4BQTCghgAAJCiAEAAAARIQBgQBCglVAIEWEIMAZB5gBQDlADjEGAAAgUEkIwIAADyABBCBFAAAcQQUAQxYwCUHBmBAFAM0YQkwQJhpgAQiDBhAIMAgMgQkZLwBAwACAFBWIEQSKAEEQJRQAUhiGigAiWCiIAAAYQKoxwwGAODAQIIEGEAcQQZAESQAiBFDBMGGOIU8gK5IRQhgAlsCFEBCAYRQQgKhoBRgmABEDWQkAgcEAIIwAiQCABLDRICAokJAQhRYR0giAgDCHAEAQAAA"], "discnumber": ["1"], "totaldiscs": ["1"], "album": ["I Never Loved a Man the Way I Love You"], "catalognumber": ["8122-71934-2"], "releasecountry": ["US"], "file_name": "02 - Aretha Franklin - Drown in My Own Tears.flac", "compilation": ["0"], "musicip_puid": ["2a1140e2-057b-9d67-01dd-32cc3507c6af"], "albumartistsort": ["Franklin, Aretha"], "date": ["1995"], "genre": ["Soul"], "disctotal": ["1"], "initialkey": ["G"], "musicbrainz_artistid": ["2f9ecbed-27be-40e6-abca-6de49d50299e"], "asin": ["B0000033IS"], "musicbrainz_albumid": ["04f4edab-4f53-4ab0-8c3f-337ce6df2a8c"], "artist": ["Aretha Franklin"], "tracknumber": ["2"], "artistsort": ["Franklin, Aretha"], "bpm": ["133"], "label": ["Rhino"], "releasestatus": ["official"], "acoustid_id": ["de7dc206-1537-4649-8373-4c1372281ed8"], "script": ["Latn"], "totaltracks": ["14"]}}, "rhythm": {"bpm_histogram_first_peak_bpm": {"dmean2": 0, "median": 133, "min": 133, "dvar2": 0, "dvar": 0, "dmean": 0, "max": 133, "var": 0, "mean": 133}, "bpm": 131.816009521, "bpm_histogram_second_peak_spread": {"dmean2": 0, "median": 0.232142835855, "min": 0.232142835855, "dvar2": 0, "dvar": 0, "dmean": 0, "max": 0.232142835855, "var": 0, "mean": 0.232142835855}, "bpm_histogram_first_peak_weight": {"dmean2": 0, "median": 0.291588783264, "min": 0.291588783264, "dvar2": 0, "dvar": 0, "dmean": 0, "max": 0.291588783264, "var": 0, "mean": 0.291588783264}, "onset_rate": 2.99494385719, "beats_position": [0.510838985443, 1.03328800201, 1.55573689938, 2.07818579674, 2.60063481331, 3.12308382988, 3.64553284645, 4.1679816246, 4.69043064117, 5.20126962662, 5.71210861206, 6.28099775314, 6.84988641739, 7.41877555847, 7.97605419159, 8.52172279358, 9.06739234924, 9.61306095123, 10.1703395844, 10.7276191711, 11.2848978043, 11.8421764374, 12.3297958374, 12.8174142838, 13.3050336838, 13.7926530838, 14.268661499, 14.8839902878, 15.4877090454, 16.1030387878, 16.7183666229, 17.3336963654, 17.9490242004, 18.5527439117, 19.1564617157, 19.7485713959, 20.3406791687, 20.8282985687, 21.3159179688, 21.826757431, 22.3027667999, 22.7671642303, 23.2315635681, 23.707572937, 24.195192337, 24.6944217682, 25.1936511993, 25.6580486298, 26.1224479675, 26.5868473053, 27.0744667053, 27.5504760742, 28.0264854431, 28.4908847809, 28.9552822113, 29.4312915802, 29.9073009491, 30.383310318, 30.8593196869, 31.3237190247, 31.7997264862, 32.2757377625, 32.7401351929, 33.204536438, 33.6805419922, 34.1449432373, 34.6209526062, 35.0853500366, 35.5497512817, 36.0141487122, 36.4785499573, 36.9545555115, 37.4421768188, 37.9297943115, 38.4290237427, 38.9050331116, 39.3810424805, 39.8454399109, 40.3214492798, 40.7974586487, 41.2618598938, 41.7262573242, 42.1906585693, 42.6550559998, 43.1194534302, 43.5838546753, 44.0598640442, 44.5242614746, 45.0002708435, 45.4878921509, 45.9755096436, 46.4515190125, 46.9391365051, 47.415145874, 47.8911552429, 48.3671646118, 48.8315620422, 49.2959632874, 49.7603607178, 50.2363700867, 50.7007713318, 51.1767807007, 51.6411781311, 52.1055755615, 52.5699768066, 53.0459861755, 53.5219955444, 53.9863929749, 54.45079422, 54.9268035889, 55.3912010193, 55.8672103882, 56.3432197571, 56.7960090637, 57.2604064941, 57.7248077393, 58.2008171082, 58.6768226624, 59.1412239075, 59.6056213379, 60.070022583, 60.5344200134, 60.9988212585, 61.463218689, 61.9160079956, 62.3687973022, 62.8331947327, 63.2975959778, 63.7619934082, 64.2263946533, 64.6907958984, 65.1435852051, 65.5963668823, 66.049156189, 66.5019454956, 66.9663467407, 67.4307479858, 67.90675354, 68.3711547852, 68.8471679688, 69.3115615845, 69.7759628296, 70.2287521362, 70.6931533813, 71.145942688, 71.5987319946, 72.0515213013, 72.5043106079, 72.9687042236, 73.4447174072, 73.9207229614, 74.3851242065, 74.8611297607, 75.3255310059, 75.789932251, 76.2543258667, 76.7187271118, 77.1831283569, 77.6359176636, 78.1003189087, 78.5647125244, 79.0291137695, 79.4819030762, 79.9463043213, 80.410697937, 80.8750991821, 81.3395004272, 81.8039016724, 82.2682952881, 82.7326965332, 83.1854858398, 83.6382751465, 84.1026763916, 84.5670700073, 85.0314712524, 85.4958724976, 85.9602737427, 86.4246673584, 86.8890686035, 87.3534698486, 87.8062591553, 88.270652771, 88.7234420776, 89.1762313843, 89.6290206909, 90.0818099976, 90.5345993042, 90.9990005493, 91.4634017944, 91.9277954102, 92.3921966553, 92.8565979004, 93.309387207, 93.7621765137, 94.2265777588, 94.6793670654, 95.1437606812, 95.6197738647, 96.0841674805, 96.5485687256, 97.0013580322, 97.4657592773, 97.918548584, 98.3713378906, 98.8357315063, 99.288520813, 99.7529220581, 100.217323303, 100.67011261, 101.122901917, 101.575691223, 102.040092468, 102.492874146, 102.945663452, 103.398452759, 103.851242065, 104.304031372, 104.768432617, 105.232833862, 105.697235107, 106.161628723, 106.61441803, 107.078819275, 107.554824829, 108.019226074, 108.472015381, 108.924804688, 109.377593994, 109.830383301, 110.283172607, 110.747573853, 111.211967468, 111.664756775, 112.12915802, 112.593559265, 113.05796051, 113.533966064, 113.99836731, 114.451156616, 114.915550232, 115.368339539, 115.821128845, 116.28553009, 116.749931335, 117.214332581, 117.690338135, 118.15473938, 118.619132996, 119.071922302, 119.524711609, 119.977500916, 120.418685913, 120.859863281, 121.312652588, 121.765441895, 122.218231201, 122.659408569, 123.112197876, 123.553375244, 123.994552612, 124.43573761, 124.86530304, 125.306480408, 125.736053467, 126.188842773, 126.630020142, 127.082809448, 127.523986816, 127.976776123, 128.42956543, 128.870742798, 129.311920166, 129.776321411, 130.240722656, 130.693511963, 131.14630127, 131.599090576, 132.051879883, 132.493057251, 132.934234619, 133.375411987, 133.816589355, 134.269378662, 134.722167969, 135.163360596, 135.604537964, 136.045715332, 136.4868927, 136.928070068, 137.369247437, 137.833648682, 138.286437988, 138.739227295, 139.20362854, 139.644805908, 140.097595215, 140.550384521, 140.99156189, 141.432739258, 141.885528564, 142.338317871, 142.791107178, 143.243896484, 143.708297729, 144.149475098, 144.567428589, 145.008621216, 145.449798584, 145.879364014, 146.308929443, 146.738494873, 147.168075562, 147.586029053, 148.027206421, 148.479995728, 148.932785034, 149.397186279, 149.861587524, 150.32598877, 150.790390015, 151.254776001, 151.719177246, 152.171966553, 152.624755859, 153.077545166, 153.541946411, 153.994735718, 154.459136963, 154.91192627, 155.364715576, 155.84072876, 156.305114746, 156.757904053, 157.222305298, 157.686706543, 158.151107788, 158.603897095, 159.056686401, 159.49786377, 159.950653076, 160.403442383, 160.844619751, 161.285797119, 161.750198364, 162.214599609, 162.679000854, 163.1434021, 163.607803345, 164.072189331, 164.524978638, 164.977767944, 165.430557251, 165.883346558, 166.347747803, 166.788925171, 167.241714478, 167.694503784, 168.158905029, 168.600082397, 169.041259766, 169.470840454, 169.912017822, 170.35319519, 170.805984497, 171.270385742, 171.734786987, 172.199172974, 172.663574219, 173.116363525, 173.580764771, 174.033554077, 174.486343384, 174.93913269, 175.380310059, 175.833099365, 176.285888672, 176.738677979, 177.191467285, 177.65586853, 178.120269775, 178.573059082, 179.025848389, 179.478637695, 179.931427002, 180.384216309, 180.837005615, 181.278182983, 181.742584229, 182.206985474, 182.671386719, 183.112564087, 183.542129517, 183.971694946, 184.424484253, 184.865661621, 185.318450928, 185.771240234, 186.224029541, 186.676818848, 187.141220093, 187.570785522, 188.000366211, 188.453155518, 188.894332886, 189.335510254, 189.765075684, 190.194641113, 190.635818481, 191.07699585, 191.506576538, 191.936141968, 192.365707397, 192.795272827, 193.259674072, 193.70085144, 194.142044067, 194.583221436, 195.036010742, 195.47718811, 195.918365479, 196.371154785, 196.823944092, 197.276733398, 197.729522705, 198.182312012, 198.62348938, 199.076278687, 199.529067993, 199.970245361, 200.423034668, 200.864212036, 201.317001343, 201.769790649, 202.222579956, 202.663757324, 203.116546631, 203.557723999, 203.987304688, 204.428482056, 204.869659424, 205.299224854, 205.75201416, 206.193191528, 206.634368896, 207.075546265, 207.528335571, 207.981124878, 208.433914185, 208.875091553, 209.327880859, 209.769073486, 210.221862793, 210.6746521, 211.115829468, 211.568618774, 212.021408081, 212.474197388, 212.938583374, 213.391372681, 213.844161987, 214.273742676, 214.714920044, 215.167709351, 215.620498657, 216.073287964, 216.526077271, 216.978866577, 217.431655884, 217.88444519, 218.337234497, 218.778411865, 219.231201172, 219.67237854, 220.125167847, 220.589569092, 221.042358398, 221.495147705, 221.95954895, 222.412338257, 222.876724243, 223.32951355, 223.782302856, 224.235092163, 224.676269531, 225.094238281, 225.512191772, 225.941757202, 226.371337891, 226.80090332, 227.23046875, 227.671646118, 228.112823486, 228.577224731, 229.041625977, 229.506027222, 229.970428467, 230.527709961, 231.084991455, 231.630645752, 232.199539185, 232.768432617, 233.314102173, 233.871383667, 234.417053223, 234.962722778, 235.508392334, 236.05406189, 236.506851196, 236.959625244, 237.412414551, 237.853607178, 238.294784546, 238.724349976, 239.153915405, 239.525436401, 239.908569336, 240.280090332, 240.651611328, 241.023132324, 241.394638062, 241.766159058, 242.137680054, 242.50920105, 242.869110107, 243.229019165, 243.600540161, 243.983673096, 244.366790771, 244.749923706, 245.133056641, 245.551010132, 245.968978882, 246.398544312, 246.828109741, 247.257675171, 247.698867798], "beats_loudness": {"dmean2": 0.0357186421752, "median": 0.0196127463132, "min": 4.83680928642e-10, "dvar2": 0.000985432532616, "dvar": 0.000367837434169, "dmean": 0.0203379560262, "max": 0.114810869098, "var": 0.000644904735964, "mean": 0.0271410346031}, "danceability": 1.08116304874, "bpm_histogram_second_peak_weight": {"dmean2": 0, "median": 0.0803738310933, "min": 0.0803738310933, "dvar2": 0, "dvar": 0, "dmean": 0, "max": 0.0803738310933, "var": 0, "mean": 0.0803738310933}, "beats_count": 536, "bpm_histogram_second_peak_bpm": {"dmean2": 0, "median": 126, "min": 126, "dvar2": 0, "dvar": 0, "dmean": 0, "max": 126, "var": 0, "mean": 126}, "bpm_histogram_first_peak_spread": {"dmean2": 0, "median": 0.591623008251, "min": 0.591623008251, "dvar2": 0, "dvar": 0, "dmean": 0, "max": 0.591623008251, "var": 0, "mean": 0.591623008251}, "beats_loudness_band_ratio": {"dmean2": [0.489805191755, 0.262985110283, 0.272031337023, 0.269636511803, 0.170940920711, 0.0792509540915], "median": [0.498731970787, 0.094657510519, 0.117618128657, 0.0597879886627, 0.0258047580719, 0.0354195162654], "min": [0.000207947421586, 2.94499022857e-05, 0.000724070763681, 3.59404293704e-05, 1.01061004898e-05, 1.83311749424e-05], "dvar2": [0.131244599819, 0.0636744201183, 0.0729352459311, 0.0856184065342, 0.0498237535357, 0.0163310207427], "dvar": [0.0588029623032, 0.0235160198063, 0.0282546766102, 0.0337310917675, 0.0193579550833, 0.00574786914513], "dmean": [0.279609411955, 0.146246403456, 0.156818926334, 0.152755394578, 0.0965780988336, 0.0442382059991], "max": [0.998368680477, 0.883031487465, 0.943010091782, 0.955495774746, 0.707903921604, 0.719995141029], "var": [0.0929333493114, 0.0253778155893, 0.0333637297153, 0.0380460210145, 0.0195590611547, 0.00423495238647], "mean": [0.466787070036, 0.147934496403, 0.18119764328, 0.14775107801, 0.0867080017924, 0.0500312000513]}}, "lowlevel": {"barkbands_spread": {"dmean2": 6.85695695877, "median": 15.584903717, "min": 0.41301715374, "dvar2": 129.67338562, "dvar": 53.3631286621, "dmean": 4.45423650742, "max": 104.591720581, "var": 215.156829834, "mean": 18.8501720428}, "melbands_spread": {"dmean2": 7.95084762573, "median": 16.6123123169, "min": 0.258963167667, "dvar2": 186.464889526, "dvar": 89.9026870728, "dmean": 5.36429214478, "max": 238.974899292, "var": 368.714355469, "mean": 22.2229690552}, "hfc": {"dmean2": 4.88455057144, "median": 4.48286533356, "min": 1.159382964e-16, "dvar2": 85.032081604, "dvar": 47.0795860291, "dmean": 3.63063812256, "max": 151.291671753, "var": 438.44519043, "mean": 14.3585605621}, "barkbands_kurtosis": {"dmean2": 5.34616184235, "median": 3.15350365639, "min": -1.94449067116, "dvar2": 133.264678955, "dvar": 67.6360092163, "dmean": 3.61919641495, "max": 413.479553223, "var": 833.729125977, "mean": 10.9914398193}, "gfcc": {"mean": [-97.9962768555, 82.3868865967, -107.3670578, 25.9781761169, -61.9607505798, 23.8700752258, -31.510263443, 9.91991996765, -16.9687271118, 4.4015378952, -9.41971683502, -5.1369600296, -14.328830719], "icov": [[0.000285032700049, -0.000692834146321, 0.000775545544457, -0.000686505052727, 0.000720354088116, -0.000867548747919, 0.000731841195375, -0.000923058832996, 0.000980666140094, -0.000670989451464, 0.000826264440548, -0.000525692768861, 0.000820016080979], [-0.000692834146321, 0.00275745824911, -0.0021833491046, 0.00189524749294, -0.00188687816262, 0.0025397692807, -0.00221917452291, 0.00286209816113, -0.0027615588624, 0.00217958237045, -0.00215165596455, 0.00269570853561, -0.00204363535158], [0.000775545544457, -0.0021833491046, 0.00288690580055, -0.0020298040472, 0.00204988219775, -0.00241310591809, 0.00163417472504, -0.00237625092268, 0.00267018866725, -0.00250013847835, 0.00361180189066, -0.00293954531662, 0.0028390311636], [-0.000686505052727, 0.00189524749294, -0.0020298040472, 0.00406121462584, -0.00223983242176, 0.00122852192726, -0.00161487574223, 0.00158848054707, -0.00279617938213, 0.00247896159999, -0.00140557426494, 0.00179560843389, -0.00121220713481], [0.000720354088116, -0.00188687816262, 0.00204988219775, -0.00223983242176, 0.00558865768835, -0.00267929607071, 0.00091926328605, -0.00173144449946, 0.00174299022183, -0.0013963842066, 0.00223935698159, -0.00118607969489, 0.00191205344163], [-0.000867548747919, 0.0025397692807, -0.00241310591809, 0.00122852192726, -0.00267929607071, 0.00802614446729, -0.004339620471, 0.00303234020248, -0.0017028596485, 0.00192999595311, -0.00364916305989, 0.00327689107507, -0.00207431358285], [0.000731841195375, -0.00221917452291, 0.00163417472504, -0.00161487574223, 0.00091926328605, -0.004339620471, 0.00845452584326, -0.00325821223669, 0.00325114536099, -0.00234361016192, 0.000674525508657, -0.000825446040835, 0.00181790732313], [-0.000923058832996, 0.00286209816113, -0.00237625092268, 0.00158848054707, -0.00173144449946, 0.00303234020248, -0.00325821223669, 0.0109421499074, -0.00698829535395, 0.00289904023521, -0.00184771337081, 0.0012884993339, -0.00251263496466], [0.000980666140094, -0.0027615588624, 0.00267018866725, -0.00279617938213, 0.00174299022183, -0.0017028596485, 0.00325114536099, -0.00698829535395, 0.0118275890127, -0.00478656357154, 0.00213294313289, -0.00324840750545, 0.00244934274815], [-0.000670989451464, 0.00217958237045, -0.00250013847835, 0.00247896159999, -0.0013963842066, 0.00192999595311, -0.00234361016192, 0.00289904023521, -0.00478656357154, 0.0127014871687, -0.00419296324253, 0.00279074744321, -0.000518605171237], [0.000826264440548, -0.00215165596455, 0.00361180189066, -0.00140557426494, 0.00223935698159, -0.00364916305989, 0.000674525508657, -0.00184771337081, 0.00213294313289, -0.00419296324253, 0.0126879895106, -0.00668067159131, 0.00322542828508], [-0.000525692768861, 0.00269570853561, -0.00293954531662, 0.00179560843389, -0.00118607969489, 0.00327689107507, -0.000825446040835, 0.0012884993339, -0.00324840750545, 0.00279074744321, -0.00668067159131, 0.0167263839394, -0.00746930856258], [0.000820016080979, -0.00204363535158, 0.0028390311636, -0.00121220713481, 0.00191205344163, -0.00207431358285, 0.00181790732313, -0.00251263496466, 0.00244934274815, -0.000518605171237, 0.00322542828508, -0.00746930856258, 0.0167980734259]], "cov": [[26225.5019531, 1144.60644531, -3724.75268555, 1207.3482666, -452.235748291, 805.563476563, -282.843719482, 204.363555908, -546.191711426, -184.264923096, -197.46081543, -702.530151367, -412.716033936], [1144.60644531, 1370.22045898, 504.479766846, -61.6002349854, 68.2812652588, -35.9476280212, 90.736579895, -123.760421753, -32.9815673828, -22.7529392242, -93.314666748, -127.782363892, -54.2200927734], [-3724.75268555, 504.479766846, 2152.52685547, 121.66078949, 7.2474489212, -29.414888382, 82.4501419067, -24.8531093597, 20.1829090118, 60.7009963989, -227.932815552, 54.1209335327, -62.1510391235], [1207.3482666, -61.6002349854, 121.66078949, 559.108764648, 90.8929595947, 115.658416748, 30.3414077759, 54.6239471436, 12.41518116, -33.0128326416, -64.7926025391, -50.2208709717, -50.5430412292], [-452.235748291, 68.2812652588, 7.2474489212, 90.8929595947, 309.903106689, 70.9429779053, 66.9319076538, -14.1286678314, 3.98399090767, -7.90583896637, -5.07631778717, -26.4148406982, -11.7493848801], [805.563476563, -35.9476280212, -29.414888382, 115.658416748, 70.9429779053, 294.672485352, 108.639381409, -23.1334457397, -62.8068733215, 1.0782430172, 17.6223468781, -53.0224380493, -35.0539474487], [-282.843719482, 90.736579895, 82.4501419067, 30.3414077759, 66.9319076538, 108.639381409, 215.411590576, -6.80900859833, -25.6987667084, 13.7820653915, 21.1774578094, -23.5492305756, -15.7977628708], [204.363555908, -123.760421753, -24.8531093597, 54.6239471436, -14.1286678314, -23.1334457397, -6.80900859833, 184.757598877, 89.0254592896, 3.04569101334, -0.847968816757, 25.490776062, 8.8442401886], [-546.191711426, -32.9815673828, 20.1829090118, 12.41518116, 3.98399090767, -62.8068733215, -25.6987667084, 89.0254592896, 187.911087036, 31.5593070984, 16.9931621552, 40.0488624573, 16.1433105469], [-184.264923096, -22.7529392242, 60.7009963989, -33.0128326416, -7.90583896637, 1.0782430172, 13.7820653915, 3.04569101334, 31.5593070984, 110.800140381, 25.0896568298, 4.84163236618, -10.2629032135], [-197.46081543, -93.314666748, -227.932815552, -64.7926025391, -5.07631778717, 17.6223468781, 21.1774578094, -0.847968816757, 16.9931621552, 25.0896568298, 162.917922974, 46.1465797424, 20.0028820038], [-702.530151367, -127.782363892, 54.1209335327, -50.2208709717, -26.4148406982, -53.0224380493, -23.5492305756, 25.490776062, 40.0488624573, 4.84163236618, 46.1465797424, 126.552963257, 50.5197982788], [-412.716033936, -54.2200927734, -62.1510391235, -50.5430412292, -11.7493848801, -35.0539474487, -15.7977628708, 8.8442401886, 16.1433105469, -10.2629032135, 20.0028820038, 50.5197982788, 95.9317626953]]}, "spectral_energyband_middle_low": {"dmean2": 0.00317100947723, "median": 0.00190541509073, "min": 3.1595820483e-22, "dvar2": 6.32114824839e-05, "dvar": 2.71302233159e-05, "dmean": 0.00209075282328, "max": 0.0893378928304, "var": 6.81617821101e-05, "mean": 0.00512474775314}, "melbands_crest": {"dmean2": 3.98402810097, "median": 14.1471147537, "min": 1.7796715498, "dvar2": 16.1627483368, "dvar": 6.8502407074, "dmean": 2.52844572067, "max": 36.1852264404, "var": 33.3822517395, "mean": 15.1182003021}, "spectral_kurtosis": {"dmean2": 2.04503846169, "median": 3.32672095299, "min": -1.23487508297, "dvar2": 8.39684391022, "dvar": 3.66152763367, "dmean": 1.25570118427, "max": 81.8745193481, "var": 25.6231689453, "mean": 4.5015873909}, "spectral_rms": {"dmean2": 0.000640451791696, "median": 0.00268615223467, "min": 3.19995961152e-12, "dvar2": 9.82135702543e-07, "dvar": 5.35598815077e-07, "dmean": 0.000473255087854, "max": 0.0115261608735, "var": 5.28072678208e-06, "mean": 0.00319400872104}, "zerocrossingrate": {"dmean2": 0.00978680513799, "median": 0.05224609375, "min": 0.0029296875, "dvar2": 0.000150137027958, "dvar": 0.00011991316569, "dmean": 0.00813249778003, "max": 0.51513671875, "var": 0.00157869642135, "mean": 0.0582599528134}, "silence_rate_60dB": {"dmean2": 0.0938580930233, "median": 0, "min": 0, "dvar2": 0.093266479671, "dvar": 0.044719606638, "dmean": 0.0469246581197, "max": 1, "var": 0.220012053847, "mean": 0.326759517193}, "erbbands_kurtosis": {"dmean2": 1.98676049709, "median": 1.2813860178, "min": -1.7969301939, "dvar2": 9.87470245361, "dvar": 4.92975282669, "dmean": 1.31713247299, "max": 106.430870056, "var": 24.2270870209, "mean": 2.44485831261}, "erbbands": {"dmean2": [0.025933329016, 0.42166402936, 1.45135712624, 2.91090655327, 5.65508937836, 4.25816011429, 1.85583341122, 2.7811627388, 5.28478717804, 6.48086071014, 13.8816595078, 10.2391805649, 16.6673030853, 21.1021595001, 30.5567016602, 36.9525375366, 17.1952610016, 32.1315727234, 24.5419750214, 17.9781856537, 11.3814916611, 6.42625331879, 6.5895409584, 10.1642198563, 6.42124032974, 4.92175531387, 3.23059988022, 1.69382977486, 1.28656971455, 1.6899600029, 1.79662322998, 1.11059975624, 0.993900179863, 0.425196796656, 0.174536988139, 0.0489366166294, 0.014107641764, 0.00246657151729, 0.000176236935658, 1.09826214612e-05], "median": [0.0113943107426, 0.180595308542, 0.312875449657, 0.341826587915, 0.694025039673, 0.615125358105, 0.432135999203, 1.36869013309, 2.6292154789, 2.40262699127, 3.80163192749, 2.90521454811, 2.44808244705, 2.12963056564, 2.54837965965, 2.94334578514, 2.57384157181, 3.17827367783, 2.15845179558, 2.01122188568, 1.07521903515, 0.892644107342, 1.02180087566, 1.34194123745, 0.937685966492, 1.0287528038, 0.802713871002, 0.541892230511, 0.452890515327, 0.689298152924, 0.52753084898, 0.379467725754, 0.247084498405, 0.0883841961622, 0.0258169211447, 0.00773305958137, 0.0017427977873, 0.000219114459469, 2.69319898507e-05, 1.08051381176e-05], "min": [7.21017352759e-22, 1.10058852348e-20, 3.48423854397e-20, 6.00111908836e-20, 9.28328904091e-20, 1.04005618943e-19, 5.92653660692e-19, 4.33549347277e-19, 4.20087396398e-19, 8.63254579452e-19, 7.19955050904e-19, 1.29114290941e-18, 3.4540467101e-18, 2.11700747761e-18, 2.53911815779e-18, 1.83259010938e-18, 6.93403297704e-18, 5.66731092085e-18, 7.32610955635e-18, 6.39284592537e-18, 9.88661074656e-18, 1.05033723277e-17, 8.5575614584e-18, 1.06344250337e-17, 1.52008499627e-17, 1.41971523162e-17, 1.3461923582e-17, 1.69793511454e-17, 2.18183114067e-17, 1.63728954075e-17, 1.53750343474e-17, 1.48303855448e-17, 1.90158962833e-17, 1.1714472278e-17, 8.42767342271e-18, 5.79631015097e-18, 3.54989605679e-18, 1.37013772733e-18, 3.5815366975e-19, 3.45604008613e-20], "dvar2": [0.00621470436454, 2.16412043571, 18.986989975, 70.6725997925, 404.671600342, 236.65512085, 26.6714286804, 62.5001335144, 166.619384766, 350.749298096, 3042.23388672, 926.770935059, 3832.6027832, 8065.00976563, 16739.3300781, 22797, 4215.27246094, 16338.9433594, 6405.92919922, 3636.82226563, 2078.43945313, 772.516174316, 534.003723145, 1015.82061768, 433.20880127, 161.654678345, 67.1148300171, 20.1134738922, 11.0128793716, 14.756975174, 23.2147979736, 10.4480628967, 36.9620056152, 3.2360033989, 0.788279175758, 0.0423698052764, 0.00348060484976, 0.00011721887131, 6.71702139243e-07, 9.45915346051e-10], "dvar": [0.0026973222848, 0.870971143246, 7.40091609955, 27.8269119263, 166.491577148, 90.1332702637, 14.2264108658, 25.1670589447, 79.5977401733, 165.864898682, 1356.69824219, 460.619567871, 1787.8001709, 3721.49365234, 8308.13867188, 10692.3447266, 2219.67749023, 8360.1015625, 3397.50463867, 1787.31188965, 1200.68530273, 438.320617676, 289.281982422, 494.840942383, 220.963943481, 82.6150131226, 31.8760566711, 8.67936515808, 5.37235116959, 7.19159889221, 10.4747476578, 4.28296661377, 12.5829229355, 1.1536937952, 0.285791456699, 0.0175469256938, 0.00151853030547, 4.72716856166e-05, 2.4307794888e-07, 3.76853437345e-10], "dmean": [0.0172670744359, 0.282680511475, 0.947663724422, 1.87960326672, 3.53776216507, 2.54036998749, 1.19577765465, 1.81480896473, 3.52225160599, 4.22217941284, 9.49990940094, 6.92116069794, 11.1611566544, 14.0115823746, 21.5836791992, 26.1624889374, 12.1699209213, 22.5916786194, 17.3722362518, 12.4767608643, 8.37715911865, 4.62143516541, 4.65426778793, 6.91725540161, 4.49106359482, 3.35226893425, 2.24527382851, 1.14018583298, 0.897945046425, 1.14712548256, 1.19161236286, 0.716021597385, 0.594451904297, 0.263110339642, 0.108719989657, 0.0332029126585, 0.00970775447786, 0.00159689551219, 0.000102453210275, 7.34475224817e-06], "max": [0.912781953812, 23.4233207703, 51.2145195007, 86.87084198, 242.435089111, 180.99961853, 116.067306519, 228.666290283, 299.145507813, 483.440063477, 1577.96496582, 770.87701416, 1094.72143555, 2052.43554688, 3356.42553711, 3463.32006836, 2661.44921875, 4893.98828125, 1612.17041016, 1049.59667969, 1318.03820801, 1001.47540283, 1042.2677002, 1319.7557373, 454.885925293, 396.13381958, 244.090774536, 101.289093018, 71.2984390259, 78.7857818604, 147.564529419, 86.994178772, 208.256027222, 28.9537906647, 24.2667770386, 4.19264030457, 1.03576278687, 0.153305694461, 0.0108223892748, 0.000538636290003], "var": [0.00515982881188, 1.45370447636, 17.465921402, 53.9515266418, 190.387512207, 89.4445495605, 45.2717094421, 93.0345916748, 326.788726807, 556.766357422, 3790.46948242, 2312.34204102, 4364.78320313, 18183.6933594, 21968.7265625, 39662.2226563, 14331.7949219, 54335.265625, 11815.3857422, 4075.97338867, 4552.9375, 1424.86694336, 1207.04650879, 1248.64819336, 806.560119629, 329.221618652, 111.472473145, 23.7677001953, 13.2122354507, 20.1464118958, 22.3294525146, 8.88649463654, 8.97777843475, 1.20226156712, 0.267383247614, 0.0254495274276, 0.00207500089891, 4.55979570688e-05, 1.70721520476e-07, 9.30689636469e-10], "mean": [0.0366027504206, 0.599381506443, 2.1950917244, 3.34938097, 4.71289777756, 3.30827856064, 2.32982587814, 4.61959266663, 8.6872253418, 8.87232112885, 21.7057170868, 16.4760322571, 20.7559700012, 33.6055335999, 40.5818138123, 56.7764968872, 29.6626491547, 51.5656242371, 37.2733039856, 21.4223937988, 17.4300746918, 9.82998752594, 10.1589574814, 14.0168638229, 10.1109600067, 7.84812736511, 5.1707983017, 2.44496226311, 1.85850822926, 2.51958394051, 2.35513949394, 1.49760770798, 1.00071573257, 0.434416651726, 0.162365660071, 0.0522831045091, 0.013540847227, 0.00176658097189, 0.000110343949927, 2.30896912399e-05]}, "spectral_strongpeak": {"dmean2": 0.877190113068, "median": 0.350728929043, "min": 0, "dvar2": 2.74496269226, "dvar": 1.1944694519, "dmean": 0.547138750553, "max": 17.1930599213, "var": 4.46394300461, "mean": 1.28488612175}, "spectral_energy": {"dmean2": 0.00629576016217, "median": 0.00739579973742, "min": 1.04957353245e-20, "dvar2": 0.00014871636813, "dvar": 7.15570058674e-05, "dmean": 0.00443698046729, "max": 0.136173710227, "var": 0.000388023734558, "mean": 0.0158695019782}, "average_loudness": 0.49333357811, "spectral_rolloff": {"dmean2": 617.231933594, "median": 925.927734375, "min": 21.533203125, "dvar2": 2186605.5, "dvar": 861001.875, "dmean": 362.023590088, "max": 18497.0214844, "var": 1823536.25, "mean": 1318.27294922}, "spectral_centroid": {"dmean2": 275.07699585, "median": 1112.18688965, "min": 107.256698608, "dvar2": 159280.90625, "dvar": 80215.9296875, "dmean": 186.847366333, "max": 11399.453125, "var": 504743.8125, "mean": 1218.14538574}, "pitch_salience": {"dmean2": 0.0902637541294, "median": 0.514070272446, "min": 0.0992771834135, "dvar2": 0.00761225214228, "dvar": 0.00312667363323, "dmean": 0.0572055391967, "max": 0.863855421543, "var": 0.0163167789578, "mean": 0.508530914783}, "spectral_energyband_middle_high": {"dmean2": 0.00246440479532, "median": 0.00077287980821, "min": 1.49970753113e-21, "dvar2": 3.15430042974e-05, "dvar": 1.70999774127e-05, "dmean": 0.00179004878737, "max": 0.102871730924, "var": 0.000132582063088, "mean": 0.00617308216169}, "spectral_contrast_coeffs": {"dmean2": [0.0691917464137, 0.0603999570012, 0.0550287254155, 0.0463557317853, 0.0331379659474, 0.024569414556], "median": [-0.689461886883, -0.741803705692, -0.748083293438, -0.765447735786, -0.803855240345, -0.795173346996], "min": [-0.961486339569, -0.958216667175, -0.958112299442, -0.965649306774, -0.961199045181, -0.958661079407], "dvar2": [0.00401535257697, 0.00263714557514, 0.00242783571593, 0.00168261711951, 0.000932000402827, 0.000575921847485], "dvar": [0.00160416844301, 0.00107130932156, 0.00116740365047, 0.000909500580747, 0.000536675914191, 0.000251308665611], "dmean": [0.0421459153295, 0.0372783467174, 0.0352252684534, 0.0305496621877, 0.0220775231719, 0.0155312865973], "max": [-0.256096601486, -0.41025108099, -0.387666195631, -0.423805475235, -0.525545418262, -0.629932820797], "var": [0.00744964042678, 0.00633112899959, 0.00894219614565, 0.00864968728274, 0.00552698457614, 0.00208740192465], "mean": [-0.686230123043, -0.735800087452, -0.733961582184, -0.750757455826, -0.787811636925, -0.796292960644]}, "melbands_skewness": {"dmean2": 0.950715243816, "median": 1.983096838, "min": -3.15374422073, "dvar2": 1.51082611084, "dvar": 0.786115586758, "dmean": 0.653835296631, "max": 16.6380615234, "var": 6.12160015106, "mean": 2.5739402771}, "spectral_spread": {"dmean2": 803902.6875, "median": 4906134, "min": 1211247.375, "dvar2": 1452794052610.0, "dvar": 714867605504, "dmean": 537362.375, "max": 41116724, "var": 3589885394940.0, "mean": 5316430.5}, "dissonance": {"dmean2": 0.0406577959657, "median": 0.456862151623, "min": 0.236196815968, "dvar2": 0.00160687428433, "dvar": 0.00059598457301, "dmean": 0.0241790190339, "max": 0.500000059605, "var": 0.00151194166392, "mean": 0.447576016188}, "spectral_skewness": {"dmean2": 0.285478591919, "median": 1.53149628639, "min": -0.39081171155, "dvar2": 0.0991000309587, "dvar": 0.0458082184196, "dmean": 0.182829007506, "max": 8.0