{"metadata": {"tags": {"label": ["Deutsche Grammophon"], "catalognumber": ["445 399-2"], "genre": ["Chant"], "asin": ["B000001GMY"], "album": ["Chants gr\u00e9goriens \u00e0 Silos"], "script": ["Latn"], "albumartistsort": ["Coro de monjes del Monasterio Benedictino de Santo Domingo de Silos"], "musicbrainz album release country": ["XE"], "acoustid_id": ["3929dd8e-17c5-47cd-b062-1bea7042ae99"], "musicbrainz_artistid": ["22d679e5-34a3-4395-87da-6d524749eac3"], "musicbrainz_releasegroupid": ["d1e4fa84-3eb3-3c6a-bc20-13b48208a1f5"], "musicbrainz_recordingid": ["1f57ea6c-fb1e-4724-a714-5781d5ab74e9"], "musicbrainz album status": ["Official"], "albumartist": ["Coro de monjes del Monasterio Benedictino de Santo Domingo de Silos"], "originaldate": ["1994"], "artist": ["Coro de monjes del Monasterio Benedictino de Santo Domingo de Silos"], "bpm": ["0"], "musicbrainz_albumid": ["280758d9-01d6-4199-8328-9e799e744409"], "artistsort": ["Coro de monjes del Monasterio Benedictino de Santo Domingo de Silos"], "title": ["Sacrificium: Offerte Domino"], "tracknumber": ["17/22"], "musicbrainz_albumartistid": ["22d679e5-34a3-4395-87da-6d524749eac3"], "discnumber": ["1/1"], "date": ["1994"], "media": ["CD"], "file_name": "17. Coro de monjes del Monasterio Benedictino de Santo Domingo de Silos - Sacrificium_ Offerte Domino.mp3", "language": ["lat"]}, "audio_properties": {"sample_rate": 44100, "downmix": "mix", "lossless": false, "analysis_sample_rate": 44100, "md5_encoded": "d3f5309105ea873ebd136a25aba9871f", "equal_loudness": 0, "replay_gain": -4.24617195129, "codec": "mp3", "bit_rate": 192000, "length": 100.07510376}, "version": {"extractor": "music 1.0", "essentia_build_sha": "05ddcf096b9560a4bec586e3e2c3f09258f97377", "essentia_git_sha": "v2.1_beta2", "essentia": "2.1-beta2"}}, "rhythm": {"beats_loudness_band_ratio": {"dvar2": [0.0491560585797, 0.0849913358688, 0.103036642075, 0.00512069230899, 0.00068552151788, 0.00213637831621], "var": [0.0227339472622, 0.0664848312736, 0.0745219960809, 0.00369952199981, 0.00117417157162, 0.0104071637616], "min": [0.000201402173843, 0.0127818398178, 0.018809247762, 0.000451017433079, 4.43203971372e-05, 4.06604813179e-05], "dmean": [0.117799513042, 0.218907281756, 0.242770284414, 0.0327243693173, 0.00777093274519, 0.00939815863967], "mean": [0.140451312065, 0.489858627319, 0.499772012234, 0.0451700873673, 0.0131865870208, 0.0248198658228], "max": [0.762971043587, 0.916872620583, 0.953649401665, 0.422097980976, 0.208306595683, 0.640694141388], "dmean2": [0.204764917493, 0.36574819684, 0.430033624172, 0.0509514585137, 0.0126650827006, 0.0124498680234], "median": [0.0866140052676, 0.531783163548, 0.558026850224, 0.021491959691, 0.00316764926538, 0.00157030601986], "dvar": [0.016531072557, 0.0291607938707, 0.0383992493153, 0.00217969040386, 0.000316927034874, 0.00145866966341]}, "bpm_histogram_first_peak_weight": {"dvar2": 0, "var": 0, "min": 0.108374387026, "dmean": 0, "mean": 0.108374387026, "max": 0.108374387026, "dmean2": 0, "median": 0.108374387026, "dvar": 0}, "bpm": 126.22088623, "beats_count": 204, "bpm_histogram_first_peak_spread": {"dvar2": 0, "var": 0, "min": 0.521739125252, "dmean": 0, "mean": 0.521739125252, "max": 0.521739125252, "dmean2": 0, "median": 0.521739125252, "dvar": 0}, "danceability": 0.828653037548, "bpm_histogram_first_peak_bpm": {"dvar2": 0, "var": 0, "min": 126, "dmean": 0, "mean": 126, "max": 126, "dmean2": 0, "median": 126, "dvar": 0}, "beats_position": [0.545668900013, 1.10294783115, 1.67183673382, 2.24072551727, 2.80961441994, 3.39011335373, 3.97061228752, 4.55111122131, 5.11999988556, 5.6888885498, 6.26938772202, 6.84988641739, 7.4303855896, 8.01088428497, 8.59138298035, 9.10222244263, 9.6014509201, 10.1122903824, 10.623128891, 11.1223583221, 11.6215867996, 12.1208162308, 12.6200447083, 13.1192741394, 13.5952835083, 14.0712919235, 14.5589113235, 14.9884805679, 15.4180498123, 15.8476190567, 16.2771873474, 16.6487064362, 17.0202255249, 17.391746521, 17.7632656097, 18.1347846985, 18.4946937561, 18.8546028137, 19.2145118713, 19.574420929, 19.9343299866, 20.2942390442, 20.6541500092, 21.1185474396, 21.5945568085, 22.0821762085, 22.5001354218, 22.918094635, 23.3360538483, 23.7540130615, 24.1835823059, 24.6131515503, 25.0311107635, 25.5071201324, 25.9831295013, 26.4591369629, 26.9467563629, 27.4343757629, 27.921995163, 28.4212245941, 28.9204521179, 29.4080715179, 29.8840808868, 30.3600902557, 30.8360996246, 31.3121089935, 31.7997264862, 32.2757377625, 32.7401351929, 33.2161445618, 33.6921539307, 34.2029914856, 34.7138328552, 35.2130622864, 35.7819480896, 36.3508377075, 36.9197273254, 37.5002250671, 38.0807266235, 38.6612243652, 39.2301139832, 39.7989997864, 40.309841156, 40.8090705872, 41.3083000183, 41.795917511, 42.2719268799, 42.7479362488, 43.2239456177, 43.6999549866, 44.1759643555, 44.6519737244, 45.1279792786, 45.6039886475, 46.1264381409, 46.6604995728, 47.1829452515, 47.7053947449, 48.2278442383, 48.7502937317, 49.2030830383, 49.6442604065, 50.0970497131, 50.5498390198, 50.9910202026, 51.4438095093, 51.8965988159, 52.3261680603, 52.7673454285, 53.1969146729, 53.6264839172, 54.0560531616, 54.485622406, 54.9151916504, 55.2983207703, 55.6814498901, 56.0761909485, 56.4709281921, 56.8656692505, 57.2487983704, 57.6319274902, 58.0150566101, 58.39818573, 58.7813148499, 59.1644439697, 59.5707931519, 59.977142334, 60.3950996399, 60.8130607605, 61.2310180664, 61.6605873108, 62.0901565552, 62.5197257996, 62.9492950439, 63.3788642883, 63.8084335327, 64.3657150269, 64.9113845825, 65.4570541382, 66.0027160645, 66.5483856201, 67.0940551758, 67.6397247314, 68.1853942871, 68.7426757812, 69.2883453369, 69.8340148926, 70.3680725098, 70.902130127, 71.5406799316, 72.1908340454, 72.8409957886, 73.4911575317, 74.1297073364, 74.7682495117, 75.4184112549, 76.068572998, 76.7187271118, 77.3805007935, 78.0422668457, 78.7040328979, 79.2613143921, 79.8302001953, 80.3178253174, 80.8054428101, 81.2930603027, 81.7574615479, 82.2102508545, 82.6630401611, 83.1158294678, 83.5686187744, 84.0214080811, 84.4741897583, 84.9153747559, 85.356552124, 85.7977294922, 86.2389068604, 86.691696167, 87.1444854736, 87.6088867188, 88.0732879639, 88.537689209, 89.0020828247, 89.4664840698, 89.9308853149, 90.3952789307, 90.8596801758, 91.3240814209, 91.8000869751, 92.3457565308, 92.8798141479, 93.4022674561, 93.9247131348, 94.458770752, 94.9928359985, 95.5268936157, 96.0493392944, 96.5833969116, 97.0361862183, 97.4889755249, 97.9417648315, 98.4061660767, 98.8589553833, 99.3117446899], "beats_loudness": {"dvar2": 0.00552326394245, "var": 0.00144474743865, "min": 2.70851842288e-07, "dmean": 0.0169085748494, "mean": 0.0185541864485, "max": 0.388108074665, "dmean2": 0.0294407978654, "median": 0.00907933339477, "dvar": 0.0018847467145}, "bpm_histogram_second_peak_weight": {"dvar2": 0, "var": 0, "min": 0.0886699482799, "dmean": 0, "mean": 0.0886699482799, "max": 0.0886699482799, "dmean2": 0, "median": 0.0886699482799, "dvar": 0}, "bpm_histogram_second_peak_spread": {"dvar2": 0, "var": 0, "min": 0.27999997139, "dmean": 0, "mean": 0.27999997139, "max": 0.27999997139, "dmean2": 0, "median": 0.27999997139, "dvar": 0}, "bpm_histogram_second_peak_bpm": {"dvar2": 0, "var": 0, "min": 133, "dmean": 0, "mean": 133, "max": 133, "dmean2": 0, "median": 133, "dvar": 0}, "onset_rate": 1.26886296272}, "lowlevel": {"spectral_energyband_high": {"dvar2": 7.9554123289e-09, "var": 3.01109159828e-09, "min": 7.92004595445e-21, "dmean": 3.28289161189e-06, "mean": 4.81202778246e-06, "max": 0.00249848980457, "dmean2": 5.18296292285e-06, "median": 3.64867844382e-07, "dvar": 2.96277846701e-09}, "spectral_energyband_middle_low": {"dvar2": 0.000461820978671, "var": 0.000576409045607, "min": 2.57069725634e-22, "dmean": 0.00692570814863, "mean": 0.0146757252514, "max": 0.547291994095, "dmean2": 0.0111772119999, "median": 0.00768840918317, "dvar": 0.000198241672479}, "spectral_energy": {"dvar2": 0.000483565061586, "var": 0.000668687163852, "min": 1.04839641567e-20, "dmean": 0.00701469229534, "mean": 0.0156446266919, "max": 0.577700078487, "dmean2": 0.0113289142027, "median": 0.0082074124366, "dvar": 0.000205490985536}, "spectral_spread": {"dvar2": 511630475264, "var": 3430367887360.0, "min": 642417.875, "dmean": 353329.84375, "mean": 2474692.75, "max": 39858180, "dmean2": 577442.5, "median": 1875021.625, "dvar": 370303959040}, "spectral_energyband_low": {"dvar2": 1.22658249779e-07, "var": 5.41959579436e-08, "min": 1.12977112127e-22, "dmean": 5.26670446561e-05, "mean": 6.49432549835e-05, "max": 0.00418907729909, "dmean2": 9.0326386271e-05, "median": 4.90079310111e-06, "dvar": 4.23851425069e-08}, "spectral_rolloff": {"dvar2": 389764.75, "var": 7653223.5, "min": 193.798828125, "dmean": 129.982711792, "mean": 1167.42346191, "max": 18733.8867188, "dmean2": 231.274642944, "median": 452.197265625, "dvar": 145926.84375}, "barkbands": {"dvar2": [9.27159485796e-14, 3.08176010752e-12, 8.15800493825e-09, 2.00718932319e-06, 3.12946249323e-05, 2.25131007028e-05, 0.000221299153054, 3.32173681272e-06, 0.000182306976058, 3.91785442844e-06, 1.50207051774e-06, 5.85603811487e-06, 5.85372461614e-08, 1.03001216445e-08, 5.97531268909e-09, 1.00637775891e-09, 1.87843762767e-09, 2.37514496959e-09, 9.02391938951e-09, 8.39085606552e-11, 1.36080415599e-12, 4.10766039238e-12, 2.50267428309e-12, 5.40735468554e-12, 7.84502240947e-09, 1.684616666e-13, 1.56688802676e-15], "var": [4.62973978816e-14, 1.68956894916e-12, 3.79980047427e-09, 1.68264682543e-06, 3.02308963001e-05, 2.20989677473e-05, 0.000175890017999, 2.6929287742e-06, 0.000184259391972, 1.28389194742e-06, 1.41252473895e-06, 2.50517155109e-06, 3.61379512981e-08, 9.05383323868e-09, 4.60914639788e-09, 1.05009922979e-09, 1.97793603718e-09, 3.24174309618e-09, 1.11056923657e-08, 7.74234357181e-11, 2.92630763371e-12, 1.19289907813e-11, 1.64942452058e-11, 3.31906689632e-11, 1.95207583431e-09, 5.16895120456e-13, 6.34090928957e-16], "min": [4.77494350487e-23, 5.66109304781e-23, 1.10226224777e-23, 6.03009811901e-24, 6.54553675793e-23, 3.22904213453e-23, 2.91964299889e-23, 7.31209751199e-23, 3.50455117459e-23, 5.72712259884e-23, 5.98083162556e-23, 1.68379898973e-22, 7.48227942171e-23, 6.74065803184e-23, 1.67146398197e-22, 1.0798108562e-22, 1.62568165047e-22, 2.07706243308e-22, 2.23877917108e-22, 2.6321213743e-22, 4.24503849801e-22, 3.58194398297e-22, 6.95314219739e-22, 8.08279757699e-22, 1.18502649841e-21, 1.87222375596e-21, 2.59482579775e-21], "dmean": [1.46533608358e-07, 6.89439730195e-07, 1.0210263099e-05, 0.00024866728927, 0.00180833949707, 0.00144936400466, 0.00421059085056, 0.000398965668865, 0.00147638248745, 0.000259366526734, 0.000177004432771, 0.000185785087524, 3.11220246658e-05, 1.92529314518e-05, 1.44767318488e-05, 4.88707564728e-06, 9.47508760873e-06, 7.86511554907e-06, 1.75632994797e-05, 1.28828389734e-06, 1.20137158888e-07, 2.19174509652e-07, 1.89097690395e-07, 2.63260744759e-07, 2.66550068773e-06, 4.16311465301e-08, 6.87896761775e-09], "mean": [1.68951146406e-07, 9.74192857939e-07, 1.11332310553e-05, 0.000383151578717, 0.00290179182775, 0.00213811779395, 0.00628019450232, 0.000611792085692, 0.00223398627713, 0.00034929139656, 0.000278549880022, 0.00024885055609, 4.87137658638e-05, 3.44978361682e-05, 2.64983555098e-05, 9.95240316115e-06, 2.01552720682e-05, 1.86474771908e-05, 4.12260342273e-05, 2.59699777416e-06, 3.20621012406e-07, 5.74538034925e-07, 5.45581826827e-07, 6.30057115814e-07, 2.19938078772e-06, 1.19838219348e-07, 2.54299727942e-08], "max": [3.73727925762e-06, 2.6035868359e-05, 0.00151614565402, 0.0322140976787, 0.0592135339975, 0.092583745718, 0.212336629629, 0.0273143816739, 0.490982323885, 0.0384246520698, 0.0286071393639, 0.0509064532816, 0.00324842799455, 0.00149940210395, 0.00116251863074, 0.000946574029513, 0.000482144590933, 0.00103926484007, 0.00161867041606, 0.000220014466322, 3.73121729353e-05, 8.5006293375e-05, 9.58199161687e-05, 0.000153395361849, 0.00221235048957, 1.80628994713e-05, 1.00663248759e-06], "dmean2": [2.51556940611e-07, 1.17485637929e-06, 1.76200028363e-05, 0.000397916533984, 0.00290818233043, 0.00233639380895, 0.00688430154696, 0.000665517465677, 0.00233867554925, 0.000451037398307, 0.000294231780572, 0.000329363218043, 5.3775132983e-05, 3.16447622026e-05, 2.39915534621e-05, 8.19582328404e-06, 1.603014789e-05, 1.3073467926e-05, 2.89937597699e-05, 2.17402998715e-06, 1.88193553186e-07, 3.08690971451e-07, 2.15793349412e-07, 2.87853623604e-07, 4.64186496174e-06, 5.63459785496e-08, 1.16693268382e-08], "median": [1.01207461967e-07, 6.4248962417e-07, 6.06870230513e-07, 3.63820581697e-05, 0.000901531369891, 0.000583143439144, 0.00196107802913, 8.08514596429e-05, 0.000173571228515, 5.07459189976e-05, 1.35439449878e-05, 5.72183444092e-06, 2.99809971693e-06, 3.19315313391e-06, 1.64101379596e-06, 9.90540229395e-07, 4.78735591969e-06, 3.71671330868e-06, 1.16052224257e-05, 2.93519462957e-07, 4.46448709113e-08, 5.58055681665e-08, 4.56197533083e-08, 3.88012999508e-08, 4.16233092437e-08, 5.33634612054e-08, 1.83552941735e-08], "dvar": [3.48227340247e-14, 1.1257319946e-12, 3.04766611947e-09, 8.16595274955e-07, 1.2367436284e-05, 9.82199799182e-06, 8.62133165356e-05, 1.27409407469e-06, 8.78460559761e-05, 1.24739972307e-06, 6.02967872965e-07, 1.78804475581e-06, 1.98514378269e-08, 3.9536147689e-09, 2.23776597252e-09, 3.68365504766e-10, 6.53136378315e-10, 8.55334303385e-10, 3.07529846033e-09, 3.1234837633e-11, 6.09584973645e-13, 2.23818316311e-12, 2.08482103109e-12, 5.49349021134e-12, 2.81427547932e-09, 1.25688996429e-13, 5.44929223375e-16]}, "melbands_skewness": {"dvar2": 1.87568736076, "var": 2.65317392349, "min": -1.04378187656, "dmean": 0.850505590439, "mean": 2.00038576126, "max": 11.0904655457, "dmean2": 1.40383732319, "median": 1.65838992596, "dvar": 0.729393720627}, "barkbands_skewness": {"dvar2": 2.07178544998, "var": 3.28391075134, "min": -2.0339949131, "dmean": 0.871891200542, "mean": 2.61094546318, "max": 12.8037919998, "dmean2": 1.44308686256, "median": 2.36051177979, "dvar": 0.800176620483}, "erbbands": {"dvar2": [4.39708225386e-09, 1.64176242379e-06, 0.00448015099391, 3.62134313583, 168.465438843, 664.123657227, 156.022598267, 3044.234375, 66311.0078125, 3634.1262207, 2072.96142578, 75437.21875, 31657.5976562, 834.499145508, 1250.4498291, 13049.1796875, 406.781707764, 60.3294143677, 21.8975887299, 11.1191940308, 1.4747107029, 5.09784412384, 7.22319221497, 16.0820789337, 13.7001037598, 0.12190373987, 0.00362323177978, 0.00279771932401, 0.00583736924455, 0.00521216634661, 0.00131508102641, 0.00466560851783, 0.0148066552356, 2.39997434616, 0.0961295813322, 5.96423669776e-05, 4.72156187925e-07, 5.71720670806e-09, 1.7346411807e-10, 6.21135032297e-10], "var": [3.77755560166e-09, 1.64560367466e-06, 0.00299449497834, 2.72112131119, 155.639526367, 455.650909424, 225.482162476, 2805.44726562, 54414.9492188, 3124.66381836, 2082.97143555, 73667.1484375, 29787.5703125, 756.832397461, 1226.99645996, 5481.23876953, 220.009658813, 37.380443573, 17.4172801971, 10.8019971848, 2.04006409645, 5.82695102692, 11.3422784805, 21.7148742676, 16.4148616791, 0.236575037241, 0.00745114451274, 0.00652320543304, 0.0140612050891, 0.0155979385599, 0.0132313482463, 0.0115061495453, 0.0184120628983, 0.560382008553, 0.0277353655547, 7.08062361809e-05, 9.15948646707e-07, 1.13255138601e-08, 1.71390984738e-10, 8.62718618766e-10], "min": [4.24391112112e-21, 3.1473990067e-21, 8.86888593275e-21, 2.06802633307e-20, 1.52752186697e-19, 2.26885741705e-19, 1.1708068194e-19, 2.90078127053e-19, 5.04942323669e-19, 1.18941024062e-18, 8.3647589959e-19, 6.02550359734e-19, 1.79021509417e-18, 1.69913165198e-18, 3.30192922943e-18, 7.5651680621e-18, 3.85049597293e-18, 3.54001042129e-18, 5.27402789861e-18, 8.52745704719e-18, 7.97129637207e-18, 8.88313643878e-18, 1.06920952388e-17, 1.16828996212e-17, 1.05058489065e-17, 1.25889758934e-17, 1.28754624539e-17, 1.9866476181e-17, 1.51611188235e-17, 1.50404712225e-17, 1.70756184251e-17, 1.73682815433e-17, 1.48654943988e-17, 1.48357225142e-17, 7.26947249981e-18, 5.52636141242e-18, 3.89000749566e-18, 1.44133667817e-18, 3.64667923869e-19, 4.00276995876e-20], "dmean": [3.19167302223e-05, 0.000303942884784, 0.0105873448774, 0.372032612562, 4.36656236649, 6.5711607933, 2.39689159393, 17.7531280518, 73.3378753662, 16.2375125885, 11.2312259674, 28.5166549683, 19.7158050537, 5.56508731842, 6.19317960739, 7.99650430679, 1.88529896736, 1.1309030056, 0.893308103085, 0.543549060822, 0.246856555343, 0.495060026646, 0.429610073566, 0.655831098557, 0.745031118393, 0.0632082000375, 0.00653406698257, 0.00545569788665, 0.00750031415373, 0.00733397295699, 0.00503252493218, 0.00519373081625, 0.00789705943316, 0.0461281687021, 0.00836759898812, 0.000467620644486, 6.82669415255e-05, 1.09869706648e-05, 4.01847046305e-06, 7.88290435594e-06], "mean": [5.68647992623e-05, 0.000578101957217, 0.0167517568916, 0.589014291763, 6.72208309174, 9.95796298981, 4.24073171616, 26.9182987213, 109.106384277, 26.7288818359, 19.3178043365, 44.2152252197, 31.0513076782, 9.28183174133, 10.267364502, 10.6588220596, 3.12165021896, 2.02208471298, 1.6502352953, 1.08319449425, 0.604210555553, 1.11099338531, 1.11803388596, 1.57989001274, 1.67829704285, 0.171397566795, 0.0204856377095, 0.0143844634295, 0.0193412173539, 0.0195275507867, 0.0152980685234, 0.0122913969681, 0.0134862698615, 0.035862442106, 0.00816635414958, 0.000917036086321, 0.000192153063836, 4.13350499002e-05, 1.15402599477e-05, 1.78642458195e-05], "max": [0.000900558312424, 0.0255702920258, 1.03626918793, 39.8755455017, 218.131744385, 291.327606201, 306.140625, 984.576477051, 3522.01416016, 860.954711914, 738.019836426, 10263.9052734, 5504.41601562, 576.596557617, 731.038146973, 2332.09814453, 437.70022583, 134.502059937, 74.9845504761, 72.9266891479, 28.5918922424, 27.1343402863, 62.12109375, 84.4487838745, 66.8798294067, 9.84885406494, 2.0724170208, 2.2348446846, 3.03093576431, 3.11957240105, 2.44290757179, 2.83089184761, 3.69310998917, 32.2001457214, 9.60253620148, 0.296824812889, 0.028134888038, 0.00387043203227, 0.000292801501928, 0.000665901752654], "dmean2": [5.29186290805e-05, 0.000500212714542, 0.0176259763539, 0.604371249676, 6.88994407654, 10.861161232, 3.84050917625, 29.1805934906, 119.875907898, 26.0225048065, 18.5595302582, 45.0909996033, 32.2105903625, 9.3414850235, 10.3847513199, 14.1587638855, 3.31349682808, 1.89510822296, 1.47682261467, 0.906973481178, 0.412630647421, 0.832342028618, 0.713306009769, 1.061622262, 1.24128854275, 0.102336734533, 0.0102443182841, 0.00839236006141, 0.011255228892, 0.00963962171227, 0.00541582051665, 0.00642934581265, 0.0108655197546, 0.0813791230321, 0.0136493081227, 0.000651109497994, 9.30772366701e-05, 1.68314236362e-05, 6.5536078182e-06, 1.2741127648e-05], "median": [4.01948054787e-05, 0.000262969610048, 0.00314043392427, 0.125213444233, 2.34159970284, 2.316801548, 1.05178534985, 9.79557323456, 36.6827774048, 8.05424976349, 4.13157463074, 3.66116309166, 2.30053973198, 1.32218205929, 0.668852984905, 0.215826407075, 0.147390931845, 0.203884735703, 0.143230736256, 0.0769359916449, 0.0856997519732, 0.284630954266, 0.25009560585, 0.388165891171, 0.466090202332, 0.0370220951736, 0.00375556969084, 0.00190875364933, 0.00183254631702, 0.00191681506112, 0.00123016047291, 0.000840799883008, 0.000635682372376, 0.000443724828074, 0.000321152474498, 0.000201941729756, 0.000103686201328, 3.24445318256e-05, 8.45582417242e-06, 9.33447790885e-06], "dvar": [1.69791813942e-09, 6.51729862966e-07, 0.00168001744896, 1.404712677, 72.07396698, 237.110748291, 66.8795089722, 1275.9753418, 26049.0429688, 1477.01672363, 808.366271973, 36065.3046875, 14250.4472656, 315.893707275, 473.668457031, 3987.59106445, 129.649780273, 19.9148921967, 8.06601142883, 4.18434858322, 0.522944808006, 1.78895556927, 2.66514778137, 6.01808071136, 4.85978317261, 0.0458231680095, 0.00161751406267, 0.0013146676356, 0.00280468678102, 0.00299877184443, 0.00146000576206, 0.00256122113205, 0.0073434188962, 0.853644430637, 0.0352930761874, 2.80950407614e-05, 2.75428448049e-07, 3.7021645749e-09, 6.99128324677e-11, 2.64016392082e-10]}, "silence_rate_30dB": {"dvar2": 0.0146829932928, "var": 0.0112375086173, "min": 0, "dmean": 0.00649651978165, "mean": 0.988633751869, "max": 1, "dmean2": 0.0129960551858, "median": 1, "dvar": 0.00645410781726}, "melbands_spread": {"dvar2": 32.8797912598, "var": 426.680389404, "min": 0.366640746593, "dmean": 2.05761814117, "mean": 8.91745758057, "max": 197.164581299, "dmean2": 3.38608121872, "median": 3.71652388573, "dvar": 13.0399265289}, "melbands_crest": {"dvar2": 31.2383785248, "var": 36.1740188599, "min": 2.2149438858, "dmean": 4.1887421608, "mean": 17.9402503967, "max": 34.4581947327, "dmean2": 7.07118797302, "median": 17.681760788, "dvar": 11.530962944}, "zerocrossingrate": {"dvar2": 0.000126864470076, "var": 0.00424887193367, "min": 0.00830078125, "dmean": 0.00344017357565, "mean": 0.0385965332389, "max": 0.49951171875, "dmean2": 0.00459147570655, "median": 0.021484375, "dvar": 6.69527580612e-05}, "barkbands_kurtosis": {"dvar2": 762.453613281, "var": 540.208862305, "min": -1.83788239956, "dmean": 10.7560358047, "mean": 20.3249645233, "max": 309.91519165, "dmean2": 17.7957763672, "median": 13.2965736389, "dvar": 294.828155518}, "spectral_flux": {"dvar2": 0.00125764659606, "var": 0.00159652216826, "min": 1.02391227441e-10, "dmean": 0.0170522965491, "mean": 0.0514941774309, "max": 0.383634626865, "dmean2": 0.0290288962424, "median": 0.0444538407028, "dvar": 0.000431234308053}, "barkbands_crest": {"dvar2": 21.0143280029, "var": 24.5907821655, "min": 2.15579748154, "dmean": 3.3740041256, "mean": 14.2181968689, "max": 26.3062458038, "dmean2": 5.74120998383, "median": 14.0277299881, "dvar": 7.77299356461}, "barkbands_flatness_db": {"dvar2": 0.00152584293392, "var": 0.00862374808639, "min": 0.0102508012205, "dmean": 0.0295731630176, "mean": 0.314123511314, "max": 0.519640982151, "dmean2": 0.0474401600659, "median": 0.326643466949, "dvar": 0.000586490146816}, "spectral_entropy": {"dvar2": 0.110621295869, "var": 0.708434402943, "min": 4.19271659851, "dmean": 0.247444361448, "mean": 6.01392269135, "max": 9.79329586029, "dmean2": 0.39564794302, "median": 5.9374537468, "dvar": 0.0436723344028}, "pitch_salience": {"dvar2": 0.0146200014278, "var": 0.0157967526466, "min": 0.122228458524, "dmean": 0.0871728956699, "mean": 0.528175294399, "max": 0.815290033817, "dmean2": 0.145613625646, "median": 0.531376183033, "dvar": 0.00537971965969}, "erbbands_spread": {"dvar2": 57.722038269, "var": 151.40423584, "min": 0.626437962055, "dmean": 4.010638237, "mean": 12.2405462265, "max": 95.6718521118, "dmean2": 6.50892925262, "median": 8.21755695343, "dvar": 22.4022579193}, "dynamic_complexity": 7.67232036591, "spectral_contrast_valleys": {"dvar2": [0.328670233488, 0.214105978608, 0.166456416249, 0.115514777601, 0.0873382091522, 0.0614128485322], "var": [0.643433570862, 2.15232467651, 2.06052112579, 1.52513360977, 0.892461419106, 0.36745467782], "min": [-27.785118103, -27.4363555908, -27.4044437408, -27.2146987915, -27.1443824768, -27.3204936981], "dmean": [0.396880030632, 0.319944858551, 0.267378360033, 0.205939844251, 0.144871562719, 0.110260345042], "mean": [-10.6361637115, -7.79095363617, -8.78113174438, -9.8940076828, -10.1877031326, -12.9567041397], "max": [-8.27951526642, -5.12335586548, -5.40231466293, -7.1620426178, -7.64321184158, -8.95709323883], "dmean2": [0.686920285225, 0.540938735008, 0.448022067547, 0.34512257576, 0.239266619086, 0.171482354403], "median": [-10.5429124832, -7.50473499298, -8.61039161682, -9.77996253967, -10.2035608292, -13.105298996], "dvar": [0.142331838608, 0.113357320428, 0.0952726230025, 0.0760430693626, 0.0681009218097, 0.0547335073352]}, "hfc": {"dvar2": 160.698226929, "var": 243.519973755, "min": 1.18364225231e-16, "dmean": 3.20989394188, "mean": 7.47276830673, "max": 408.764556885, "dmean2": 5.15925788879, "median": 3.53526377678, "dvar": 69.7943649292}, "spectral_kurtosis": {"dvar2": 246.221664429, "var": 378.589202881, "min": -1.20210468769, "dmean": 9.46033763885, "mean": 28.5384349823, "max": 120.627830505, "dmean2": 16.2587051392, "median": 24.8407497406, "dvar": 84.7002105713}, "mfcc": {"mean": [-866.953796387, 186.711395264, -1.90300583839, 1.76345670223, -17.4674873352, -52.1781959534, -22.8128929138, -9.51396369934, -31.585149765, -13.2605018616, -5.47688436508, -19.8085098267, -7.46124649048], "cov": [[10179.3085938, 3607.81933594, -2801.9921875, -370.261749268, -471.233886719, -1420.1784668, -454.38482666, -83.1309432983, -1101.14855957, -147.267364502, 50.3574981689, -613.39453125, -59.2876434326], [3607.81933594, 2569.49584961, -582.289123535, -224.584320068, -494.423309326, -991.18548584, -192.700210571, 86.7800979614, -478.757751465, -181.354202271, -26.912984848, -308.15411377, -84.7079315186], [-2801.9921875, -582.289123535, 1634.10180664, 150.112564087, -160.107406616, 215.275100708, 86.8163528442, 89.8408584595, 326.860534668, -135.846664429, -116.525009155, 140.423782349, -78.8128433228], [-370.261749268, -224.584320068, 150.112564087, 467.228485107, 357.966186523, 84.6971206665, -142.541595459, -132.265594482, 4.32010984421, 5.64568042755, -75.5359802246, -60.6418418884, -6.02003002167], [-471.233886719, -494.423309326, -160.107406616, 357.966186523, 649.026123047, 349.212463379, -199.383178711, -306.419281006, 37.2640686035, 109.712524414, -23.0769538879, 2.83604097366, 24.0084590912], [-1420.1784668, -991.18548584, 215.275100708, 84.6971206665, 349.212463379, 623.526000977, 36.0250587463, -144.231842041, 206.015731812, 90.4697723389, -8.87679481506, 148.6275177, 23.5380058289], [-454.38482666, -192.700210571, 86.8163528442, -142.541595459, -199.383178711, 36.0250587463, 251.381317139, 199.095581055, 56.1304473877, -18.1668262482, 28.7179679871, 58.9177513123, 29.7070503235], [-83.1309432983, 86.7800979614, 89.8408584595, -132.265594482, -306.419281006, -144.231842041, 199.095581055, 285.985870361, 33.313495636, -66.8131027222, 3.93758058548, 8.19291496277, -2.62780213356], [-1101.14855957, -478.757751465, 326.860534668, 4.32010984421, 37.2640686035, 206.015731812, 56.1304473877, 33.313495636, 198.934890747, 42.8428573608, -9.93366718292, 79.015914917, -0.82019162178], [-147.267364502, -181.354202271, -135.846664429, 5.64568042755, 109.712524414, 90.4697723389, -18.1668262482, -66.8131027222, 42.8428573608, 125.172332764, 61.5699234009, 25.1353969574, 22.4505977631], [50.3574981689, -26.912984848, -116.525009155, -75.5359802246, -23.0769538879, -8.87679481506, 28.7179679871, 3.93758058548, -9.93366718292, 61.5699234009, 108.340049744, 51.8079223633, 18.2774391174], [-613.39453125, -308.15411377, 140.423782349, -60.6418418884, 2.83604097366, 148.6275177, 58.9177513123, 8.19291496277, 79.015914917, 25.1353969574, 51.8079223633, 126.348068237, 30.1873912811], [-59.2876434326, -84.7079315186, -78.8128433228, -6.02003002167, 24.0084590912, 23.5380058289, 29.7070503235, -2.62780213356, -0.82019162178, 22.4505977631, 18.2774391174, 30.1873912811, 74.0057983398]], "icov": [[0.000582913053222, -0.000399653537897, 0.00088419317035, -0.00040229287697, 0.00102151860483, -0.000576895021368, 0.00080013734987, 0.000132632936584, 0.000616918725427, 0.000604040455073, -0.000316244608257, 0.000545233371668, 0.000133344292408], [-0.000399653537897, 0.00186260964256, -0.000993910245597, 0.00163442536723, -0.00125316018239, 0.00202064565383, 0.000601651030593, -0.000894205353688, 0.00222050701268, -0.00112090352923, 0.00118164659943, 0.000180144706974, 0.000376209936803], [0.00088419317035, -0.000993910245597, 0.00427227141336, -0.00389952771366, 0.00462248036638, -0.000427427818067, -0.00113201141357, 0.00509107066318, -0.00609651068226, 0.00583200762048, -0.00123101111967, -0.00151323853061, 0.00215931073762], [-0.00040229287697, 0.00163442536723, -0.00389952771366, 0.00972719956189, -0.00839953683317, 0.00220894720405, 0.00318420212716, -0.00715018715709, 0.00753795774654, -0.00485734594986, 0.00334933050908, 0.0029086584691, -0.00177935976535], [0.00102151860483, -0.00125316018239, 0.00462248036638, -0.00839953683317, 0.0134205715731, -0.00508991070092, 0.00127478491049, 0.00792540423572, -0.00532171223313, 0.00442205416039, -0.00338188256137, 0.00124619435519, -0.000415348855313], [-0.000576895021368, 0.00202064565383, -0.000427427818067, 0.00220894720405, -0.00508991070092, 0.010839600116, -0.00682796444744, 0.0054692607373, -0.00341040547937, -0.00101696362253, 0.00635546259582, -0.00748287700117, 0.00446726474911], [0.00080013734987, 0.000601651030593, -0.00113201141357, 0.00318420212716, 0.00127478491049, -0.00682796444744, 0.0212126784027, -0.0173451770097, 0.0106500973925, -0.0042323237285, -0.00186124711763, 0.0039273686707, -0.00673007778823], [0.000132632936584, -0.000894205353688, 0.00509107066318, -0.00715018715709, 0.00792540423572, 0.0054692607373, -0.0173451770097, 0.0280308164656, -0.0195897612721, 0.0145439971238, -0.00448835408315, -0.000816907442641, 0.00438266992569], [0.000616918725427, 0.00222050701268, -0.00609651068226, 0.00753795774654, -0.00532171223313, -0.00341040547937, 0.0106500973925, -0.0195897612721, 0.0359439477324, -0.0231970306486, 0.0139495274052, -0.00454535940662, 0.000841338071041], [0.000604040455073, -0.00112090352923, 0.00583200762048, -0.00485734594986, 0.00442205416039, -0.00101696362253, -0.0042323237285, 0.0145439971238, -0.0231970306486, 0.035418972373, -0.0233062710613, 0.0114360423759, -0.00378984888084], [-0.000316244608257, 0.00118164659943, -0.00123101111967, 0.00334933050908, -0.00338188256137, 0.00635546259582, -0.00186124711763, -0.00448835408315, 0.0139495274052, -0.0233062710613, 0.0349988341331, -0.0221067517996, 0.00732270581648], [0.000545233371668, 0.000180144706974, -0.00151323853061, 0.0029086584691, 0.00124619435519, -0.00748287700117, 0.0039273686707, -0.000816907442641, -0.00454535940662, 0.0114360423759, -0.0221067517996, 0.0336050093174, -0.01212929748], [0.000133344292408, 0.000376209936803, 0.00215931073762, -0.00177935976535, -0.000415348855313, 0.00446726474911, -0.00673007778823, 0.00438266992569, 0.000841338071041, -0.00378984888084, 0.00732270581648, -0.01212929748, 0.0220739208162]]}, "silence_rate_20dB": {"dvar2": 0.000927508692257, "var": 0.000463734642835, "min": 0, "dmean": 0.000464037118945, "mean": 0.99953609705, "max": 1, "dmean2": 0.000928289606236, "median": 1, "dvar": 0.000463842123281}, "melbands_kurtosis": {"dvar2": 548.113830566, "var": 423.197143555, "min": -1.27942287922, "dmean": 9.35795307159, "mean": 16.7880344391, "max": 220.452011108, "dmean2": 15.7207317352, "median": 9.97415161133, "dvar": 214.463760376}, "barkbands_spread": {"dvar2": 29.2555751801, "var": 189.063766479, "min": 0.167963579297, "dmean": 1.64653348923, "mean": 6.1845293045, "max": 139.009857178, "dmean2": 2.69701957703, "median": 2.486130476, "dvar": 11.0672521591}, "erbbands_skewness": {"dvar2": 1.26955330372, "var": 1.73248052597, "min": -1.12778735161, "dmean": 0.749096155167, "mean": 1.96468019485, "max": 9.01330852509, "dmean2": 1.21393859386, "median": 1.85525298119, "dvar": 0.502018213272}, "average_loudness": 0.0596078000963, "spectral_centroid": {"dvar2": 30964.1210938, "var": 372136.4375, "min": 216.663604736, "dmean": 68.9205780029, "mean": 620.284301758, "max": 10861.6347656, "dmean2": 110.4584198, "median": 458.857849121, "dvar": 20477.1660156}, "dissonance": {"dvar2": 0.00630573555827, "var": 0.00598308304325, "min": 0.104455418885, "dmean": 0.0515993498266, "mean": 0.383831977844, "max": 0.499999940395, "dmean2": 0.0885837450624, "median": 0.395400702953, "dvar": 0.00216347561218}, "erbbands_flatness_db": {"dvar2": 0.00129119760823, "var": 0.00719675375149, "min": 0.0374752953649, "dmean": 0.0271680969745, "mean": 0.321670562029, "max": 0.50697094202, "dmean2": 0.0435601472855, "median": 0.336034685373, "dvar": 0.000514280924108}, "spectral_strongpeak": {"dvar2": 0.862483203411, "var": 1.49445664883, "min": 0, "dmean": 0.443922668695, "mean": 1.04027724266, "max": 19.6831741333, "dmean2": 0.697191655636, "median": 0.709655642509, "dvar": 0.382886767387}, "spectral_rms": {"dvar2": 1.80302390618e-06, "var": 5.33298180017e-06, "min": 3.19816482325e-12, "dmean": 0.00073015212547, "mean": 0.0031512088608, "max": 0.0237404685467, "dmean2": 0.00117083557416, "median": 0.00282970513217, "dvar": 7.20410071153e-07}, "silence_rate_60dB": {"dvar2": 0.0898518785834, "var": 0.192084431648, "min": 0, "dmean": 0.039443153888, "mean": 0.259336590767, "max": 1, "dmean2": 0.0789046213031, "median": 0, "dvar": 0.0378878861666}, "melbands": {"dvar2": [1.82271163223e-13, 4.76952921602e-10, 4.37677272203e-07, 1.7080166117e-06, 4.49472366881e-07, 1.74036733824e-06, 1.23672352856e-05, 2.67086306849e-07, 1.88404428059e-07, 4.57160695078e-06, 8.52730863699e-07, 1.33273347913e-08, 2.46682603233e-08, 2.89423578437e-08, 5.61019497525e-08, 5.68687819058e-10, 1.66107308464e-10, 8.14921116699e-11, 3.13064157931e-11, 1.03422487588e-11, 1.9107829468e-12, 5.25728592604e-12, 9.27613801743e-12, 8.68419919309e-12, 1.45565261234e-11, 1.57025399627e-11, 1.50947602941e-12, 1.97831642967e-14, 2.3447646514e-15, 6.39147398015e-16, 1.42601734203e-15, 2.89555290755e-15, 3.12476658758e-15, 1.81854077424e-15, 6.46288150458e-16, 3.7728473774e-15, 1.840509209e-15, 8.89535260603e-16, 2.10968571714e-13, 3.22178763702e-12], "var": [9.44241633125e-14, 2.36188180125e-10, 3.66340486835e-07, 1.74643059836e-06, 4.45900354862e-07, 1.84663679192e-06, 1.02125386547e-05, 2.09355491165e-07, 1.74929681407e-07, 4.52957192465e-06, 8.09262132861e-07, 9.49099021597e-09, 2.37085888699e-08, 1.43106220207e-08, 2.19227658249e-08, 3.12478098952e-10, 1.05432773623e-10, 5.97836433136e-11, 2.37281947563e-11, 1.0870344555e-11, 2.14015936049e-12, 5.41526806036e-12, 1.05060847175e-11, 1.02629727633e-11, 1.60576118374e-11, 1.58181644866e-11, 2.11592006936e-12, 2.06525792426e-14, 3.33191865923e-15, 1.40632933172e-15, 2.67078890335e-15, 4.43032451545e-15, 5.59518794144e-15, 4.95462732189e-15, 4.22097651089e-15, 5.7307055897e-15, 3.78163322664e-15, 4.32912356001e-15, 6.58973337052e-14, 7.08021044137e-13], "min": [2.87357320648e-23, 3.98165708997e-24, 5.99214720415e-24, 1.68654990548e-23, 4.63692085102e-24, 7.37183889497e-24, 6.60045046994e-24, 1.48366797575e-23, 5.68240096972e-24, 4.73509222409e-24, 9.33567498636e-24, 6.6274074248e-24, 9.61468798879e-24, 2.0112619357e-23, 1.49175143345e-23, 4.86235047646e-24, 6.9269442214e-24, 7.02186312096e-24, 1.38158353704e-23, 8.38267815918e-24, 9.24600122296e-24, 1.10328342822e-23, 5.63901795867e-24, 1.12088196838e-23, 9.08596422226e-24, 1.01135801913e-23, 6.4239286429e-24, 8.6774423473e-24, 6.99836374345e-24, 1.00989341998e-23, 1.22539191771e-23, 8.93097198705e-24, 5.42572377496e-24, 1.0423257006e-23, 8.48428817693e-24, 1.23317363611e-23, 1.05255738431e-23, 1.07555970056e-23, 1.14681064304e-23, 1.24238240389e-23], "dmean": [2.03773339535e-07, 2.47644902629e-06, 0.000157304486493, 0.000453718355857, 0.000116030132631, 0.000434828281868, 0.00100496085361, 0.000122845303849, 0.000105572136817, 0.000207572084037, 0.000103515099909, 2.39599721681e-05, 2.4371292966e-05, 1.64656648849e-05, 1.56127243827e-05, 2.98482950711e-06, 2.01244301934e-06, 1.67150301422e-06, 1.02826516013e-06, 4.43585037146e-07, 3.05705952997e-07, 5.11391192504e-07, 5.7441059198e-07, 3.72690436734e-07, 6.02760053425e-07, 8.19004867481e-07, 2.15549931681e-07, 1.61253321806e-08, 4.43011272111e-09, 2.90128676639e-09, 3.67706598503e-09, 4.60861926399e-09, 5.50129186649e-09, 4.02052746651e-09, 3.12443826367e-09, 3.57117335703e-09, 3.1408668999e-09, 3.13596970614e-09, 1.67788964944e-08, 4.92059371027e-08], "mean": [2.86485970946e-07, 2.88701062345e-06, 0.000239675238845, 0.000715524889529, 0.000185732846148, 0.000651971669868, 0.0015218075132, 0.000194480147911, 0.000170643033925, 0.000316743244184, 0.000159971925314, 3.62261198461e-05, 3.87834406865e-05, 2.37301446759e-05, 1.9986917323e-05, 4.67351947009e-06, 3.4285383208e-06, 2.81491270471e-06, 1.84563202765e-06, 9.22382525914e-07, 6.58407714127e-07, 1.07422476958e-06, 1.23760321458e-06, 8.66726054483e-07, 1.28175031477e-06, 1.71663225501e-06, 4.60111380107e-07, 3.65028292038e-08, 1.04600950124e-08, 7.26529503225e-09, 8.35813995792e-09, 1.0286454355e-08, 1.22983552231e-08, 1.03221804437e-08, 8.76200711986e-09, 8.33002467004e-09, 7.04224989434e-09, 6.83892142916e-09, 1.77049148675e-08, 3.54885401066e-08], "max": [3.73606962967e-06, 0.000361578742741, 0.0148575538769, 0.016311192885, 0.0125873899087, 0.0293526165187, 0.0506923384964, 0.00740942824632, 0.00653807446361, 0.0794678404927, 0.0286563485861, 0.00186688778922, 0.00357414712198, 0.00321475951932, 0.00516901677474, 0.000306724396069, 0.000215396139538, 0.00013283266162, 8.40104257804e-05, 7.7308890468e-05, 2.54596016021e-05, 3.1295370718e-05, 6.0728911194e-05, 6.85642808094e-05, 7.6534357504e-05, 5.78324506932e-05, 3.73017101083e-05, 3.19867194776e-06, 1.33734431529e-06, 8.2270838675e-07, 1.56322096245e-06, 2.16839384848e-06, 1.83082534022e-06, 1.8855162125e-06, 1.52837924361e-06, 2.68428811978e-06, 1.6303057464e-06, 1.97602003027e-06, 1.08535023173e-05, 4.17674091295e-05], "dmean2": [3.46525524719e-07, 4.26144060839e-06, 0.000253487785812, 0.000723131233826, 0.000192106846953, 0.000712194130756, 0.00163769908249, 0.000197930174181, 0.000175376946572, 0.0003255357733, 0.000168925296748, 4.05142636737e-05, 4.06852668675e-05, 2.85621863441e-05, 2.80378644675e-05, 5.16343152412e-06, 3.3500821246e-06, 2.77808794635e-06, 1.70432304003e-06, 7.60641569286e-07, 5.1673453072e-07, 8.63363084136e-07, 9.51700258156e-07, 6.20118157713e-07, 9.84766188594e-07, 1.38401480854e-06, 3.55152934617e-07, 2.69769682149e-08, 6.99195679132e-09, 4.72033212517e-09, 5.80122794247e-09, 7.23516802026e-09, 7.80464848305e-09, 5.58569679399e-09, 3.72804809246e-09, 4.44042980163e-09, 4.21532231343e-09, 3.61266372373e-09, 2.80456031732e-08, 8.84449633531e-08], "median": [2.00512999982e-07, 2.71006825869e-07, 5.98095139139e-05, 0.000241467103478, 3.35431759595e-05, 0.000226175761782, 0.000523485068697, 4.4125768909e-05, 3.10885334329e-05, 2.01944894798e-05, 1.07780533654e-05, 5.51837320018e-06, 2.04693674277e-06, 8.07643743883e-07, 2.99604835163e-07, 3.03268336665e-07, 3.1411332202e-07, 2.2057940896e-07, 1.03574748778e-07, 7.23307493899e-08, 9.66049356066e-08, 2.50548424674e-07, 2.99039498941e-07, 1.53053051122e-07, 2.78809750398e-07, 4.97426640322e-07, 8.16447567331e-08, 3.66470875868e-09, 1.35676436752e-09, 1.09818865113e-09, 9.14681108632e-10, 9.11214770305e-10, 1.21065291125e-09, 9.51492551415e-10, 7.06272040851e-10, 5.7850046975e-10, 4.90040119594e-10, 4.42372055653e-10, 3.83243187185e-10, 3.60338536787e-10], "dvar": [6.61574067013e-14, 1.77325251705e-10, 1.8011934344e-07, 7.13095573701e-07, 1.70927080489e-07, 7.58336454965e-07, 4.89493140776e-06, 1.05297552011e-07, 7.17031767294e-08, 2.20161564357e-06, 3.8690163251e-07, 4.88297136059e-09, 9.84313786034e-09, 8.9800833436e-09, 1.71272240834e-08, 1.84920800894e-10, 5.60850879627e-11, 3.04643602012e-11, 1.17216349474e-11, 3.78998048223e-12, 6.69451852894e-13, 1.87531197168e-12, 3.31566241477e-12, 3.23749859386e-12, 5.42820302596e-12, 5.51140686908e-12, 6.13417628324e-13, 6.93965369246e-15, 1.0113665505e-15, 2.93510918737e-16, 6.45370602018e-16, 1.21855165644e-15, 1.49962228169e-15, 9.7696218977e-16, 5.2648248691e-16, 1.77628113583e-15, 9.09773842328e-16, 8.07966781875e-16, 7.69177676738e-14, 1.13518233442e-12]}, "spectral_skewness": {"dvar2": 0.940382957458, "var": 2.29881334305, "min": 0.00461791828275, "dmean": 0.642874181271, "mean": 3.72265791893, "max": 9.09693336487, "dmean2": 1.09320187569, "median": 3.52459192276, "dvar": 0.323137521744}, "melbands_flatness_db": {"dvar2": 0.00153435359243, "var": 0.0116259390488, "min": 0.00659078499302, "dmean": 0.0298312902451, "mean": 0.392223000526, "max": 0.600857853889, "dmean2": 0.0477981194854, "median": 0.406250178814, "dvar": 0.000596559839323}, "spectral_decrease": {"dvar2": 3.07195920523e-17, "var": 4.2168344139e-17, "min": -1.4324110964e-07, "dmean": 1.78360504144e-09, "mean": -3.965548778