{"tonal": {"thpcp": [1, 0.613989949226, 0.117963537574, 0.0681425035, 0.119021855295, 0.471405535936, 0.872087419033, 0.637853324413, 0.257646590471, 0.163783103228, 0.144947275519, 0.413963794708, 0.632115721703, 0.426108062267, 0.459512352943, 0.61663120985, 0.348756670952, 0.121591806412, 0.0951759591699, 0.16470593214, 0.57339990139, 0.81802457571, 0.430790454149, 0.103716000915, 0.0764231085777, 0.12794713676, 0.546115219593, 0.883206367493, 0.493146002293, 0.0937613919377, 0.0481816157699, 0.0524734556675, 0.148545861244, 0.263725578785, 0.23511454463, 0.557912945747], "hpcp": {"dmean2": [0.144109919667, 0.136950314045, 0.0732554420829, 0.0585975944996, 0.0811222419143, 0.138368293643, 0.138638779521, 0.115722037852, 0.0609013810754, 0.0354102067649, 0.0342475622892, 0.0545841678977, 0.0830455720425, 0.0976395383477, 0.145365938544, 0.14918474853, 0.136853173375, 0.0715519338846, 0.0500537641346, 0.0826681479812, 0.162005782127, 0.158860325813, 0.187814697623, 0.142566487193, 0.0995871201158, 0.0961860343814, 0.150300607085, 0.143541872501, 0.159918308258, 0.161667600274, 0.124771744013, 0.125574573874, 0.0800718516111, 0.0596050657332, 0.0995584502816, 0.152732864022], "median": [0.0658892244101, 0.0328665301204, 0.00335755618289, 0.00169574841857, 0.00377075420693, 0.0573743097484, 0.0917381569743, 0.0435535982251, 0.0031211739406, 0.000996355665848, 0.00085061910795, 0.00783795770258, 0.0130969975144, 0.0129167092964, 0.0633526444435, 0.0989471524954, 0.0520031526685, 0.00455524772406, 0.00168110476807, 0.00236427364871, 0.0301813520491, 0.0591955818236, 0.041750524193, 0.00929867383093, 0.00442190468311, 0.00325239542872, 0.0196648892015, 0.0296006817371, 0.0275432020426, 0.0161719527096, 0.00954143516719, 0.00708188582212, 0.00445264717564, 0.00316859828308, 0.00503397919238, 0.036635376513], "min": [0, 0, 0, 0, 0, 0, 0, 0, 0, 0, 0, 0, 0, 0, 0, 0, 0, 0, 0, 0, 0, 0, 0, 0, 0, 0, 0, 0, 0, 0, 0, 0, 0, 0, 0, 0], "dvar2": [0.0620035268366, 0.0621591992676, 0.0409447997808, 0.0369909480214, 0.0425470620394, 0.054872341454, 0.0575498081744, 0.0415706150234, 0.0297889262438, 0.0207563005388, 0.0188918020576, 0.0232105515897, 0.0403503477573, 0.0451636649668, 0.0588971972466, 0.0638449713588, 0.0521445646882, 0.0324314758182, 0.0262005459517, 0.0451493263245, 0.080358915031, 0.0781526863575, 0.0954810976982, 0.0806891769171, 0.068974763155, 0.0592474117875, 0.082727111876, 0.0746945291758, 0.0802726224065, 0.0776375383139, 0.0612959004939, 0.0625329390168, 0.0419594980776, 0.0307752881199, 0.052806224674, 0.0709774792194], "dvar": [0.0276676379144, 0.0241854768246, 0.0145885748789, 0.0130317136645, 0.0157632511109, 0.0222291257232, 0.0268162712455, 0.0171403214335, 0.0104727335274, 0.00754097430035, 0.00675425631925, 0.00902880262583, 0.0170631185174, 0.017999663949, 0.0230427403003, 0.0299904551357, 0.0224549397826, 0.01208508946, 0.00974174588919, 0.0170384161174, 0.0295875109732, 0.0338901393116, 0.03494053334, 0.0290576666594, 0.0243813190609, 0.0211225524545, 0.0307332649827, 0.0319543033838, 0.0294886697084, 0.0281006656587, 0.0275294780731, 0.0224676672369, 0.0147706121206, 0.011115715839, 0.0194518826902, 0.0278711058199], "dmean": [0.0890913754702, 0.081205740571, 0.0405976995826, 0.0319198742509, 0.0455334447324, 0.0824041813612, 0.0881894081831, 0.0711964294314, 0.0335110127926, 0.0191768873483, 0.0190376322716, 0.0330230668187, 0.0514413304627, 0.0576233156025, 0.0875531882048, 0.0929597094655, 0.0849844366312, 0.0405155159533, 0.0276237484068, 0.0462918579578, 0.0956339761615, 0.0959019735456, 0.109897017479, 0.0792137756944, 0.0545876175165, 0.0533356815577, 0.0878934934735, 0.0864339619875, 0.0926598086953, 0.0931631028652, 0.0743889585137, 0.0721005573869, 0.0435329377651, 0.0329871922731, 0.056139357388, 0.0899887681007], "max": [1, 1, 1, 1, 1, 1, 1, 1, 1, 1, 1, 1, 1, 1, 1, 1, 1, 1, 1, 1, 1, 1, 1, 1, 1, 1, 1, 1, 1, 1, 1, 1, 1, 1, 1, 1], "var": [0.119330979884, 0.0432361811399, 0.0104648312554, 0.00862568058074, 0.0138385947794, 0.0533958412707, 0.120131641626, 0.0501822084188, 0.00825138296932, 0.00553054781631, 0.0059651392512, 0.0130971819162, 0.0335141308606, 0.0258334204555, 0.0495206676424, 0.141057804227, 0.065300501883, 0.00996660161763, 0.00707549927756, 0.0144369862974, 0.0502665378153, 0.133758351207, 0.0804527029395, 0.0300100408494, 0.0202953740954, 0.0177951194346, 0.0500590093434, 0.102481104434, 0.0497187487781, 0.0554783679545, 0.107890971005, 0.04107009992, 0.0112996464595, 0.00867374055088, 0.0183711405843, 0.0739180594683], "mean": [0.249760255218, 0.131529465318, 0.0316666960716, 0.0233335960656, 0.039064977318, 0.166740566492, 0.26966163516, 0.150567933917, 0.0286273416132, 0.0147108696401, 0.016021259129, 0.0453542023897, 0.080521017313, 0.0717854574323, 0.17034265399, 0.305321216583, 0.187464162707, 0.0360167697072, 0.0208053514361, 0.0363398976624, 0.143930107355, 0.266266793013, 0.194750145078, 0.0786649733782, 0.0500064566731, 0.0442554801702, 0.126391932368, 0.192998349667, 0.130099833012, 0.140298873186, 0.188270583749, 0.106482811272, 0.0371245592833, 0.0290592405945, 0.0502882152796, 0.175071150064]}, "tuning_equal_tempered_deviation": 0.015518902801, "chords_changes_rate": 0.0485678687692, "key_key": "D", "tuning_diatonic_strength": 0.619086205959, "key_scale": "major", "chords_number_rate": 0.00124532997143, "tuning_frequency": 441.527557373, "tuning_nontempered_energy_ratio": 0.617567777634, "chords_histogram": [20.7970104218, 6.70921564102, 14.8505601883, 0.731631398201, 2.64632630348, 0, 0.108966372907, 0, 0.29576587677, 0.031133249402, 0.186799496412, 0, 0, 0, 0, 0.326899141073, 0, 4.18742227554, 0, 0.513698637486, 0, 7.42528009415, 22.882938385, 18.306350708], "key_strength": 0.759131133556, "chords_key": "G", "chords_strength": {"dmean2": 0.00597801664844, "median": 0.492426216602, "min": 0.199730232358, "dvar2": 3.33766620315e-05, "dvar": 4.42374985141e-05, "dmean": 0.00813998654485, "max": 0.737055659294, "var": 0.00798312202096, "mean": 0.488471567631}, "chords_scale": "major", "hpcp_entropy": {"dmean2": 0.756607055664, "median": 1.71169114113, "min": 0, "dvar2": 0.468430936337, "dvar": 0.185473874211, "dmean": 0.453252255917, "max": 4.05215215683, "var": 0.427722722292, "mean": 1.69450819492}}, "metadata": {"audio_properties": {"equal_loudness": 0, "codec": "mp3", "downmix": "mix", "sample_rate": 44100, "analysis_sample_rate": 44100, "bit_rate": 192017, "md5_encoded": "76491a35f675eb5eaaa488ff4d54519e", "length": 298.266113281, "replay_gain": -5.99301338196, "lossless": false}, "version": {"essentia_build_sha": "2d9f1f26377add8aeb1075a9c2973f962c4f09fd", "essentia": "2.1-beta2", "extractor": "music 1.0", "essentia_git_sha": "v2.1_beta2-1-ge3940c0"}, "tags": {"title": ["Old Soldier"], "language": ["eng"], "acoustid_fingerprint": ["AQADtJUSJVIkFbkxhYf0ID92Bd3Go2nOBHkQD0d7-DmeFReq57iV4fipIMk_ZMluTDymwzqYhniS-ugjpCf048-h6cd1nFkRKc8VTD8CHsqJf6mQ95Nwewi_CKW4QKcQhujSD-eV4SleNDsi9UjUlsf46yj1wkwiw3pd_EcT_PiRT6agNdDyyfiR69gVlDeY5LgezMYWlxnyQ6rCI2x0ofmOHf2FmjKe8MhTGD_0C2-eIk8qFZeD5i964VKOV8izQ8sa9HikPNgN5zl-aDmm40yYBq4pEd-DoyfqHXv0HPlhDvyws3hQ72iqEnkDPT9eHWFyJkF_PEPdBL6M5_BZ7M5xHYyP-8gV6D_C6wbVRQ9-4YK7HDau40fzRMiPf4H0oz6y5MeJf_iD5mgb4UfOEWIPTmUVhPlRH6VyPNHQS0pwH72OJpIjY8ySH8dxTJlyEYz14YsxXWiOP8iT5Hig7yh0JUK4DT9uo0-U4oMz4sSRHwmuo5SeEB1xFT_6pLim5MiPL0Wu402DSdmGJj8-IfehPTGuDKEV4lGOmjyaD8-ZYxRzHM0H9-i46MhpXLsERU_gJUYu_Fg_5IGYG22y49TgQ3a8CUd8yXjEJ2gaLcV_WFfgWMkR2h-SN5iTHT-aH4yOHz_44AuCf-AfhDJ--M3xnAj15PgPOT-yKdGD4zr6HDZqPcLFLEyE_BIOXUffoNHxY5R23E6gN_DxKzilQ1P7FD_C4xL8MDkeYvCT0eAyl7iZ49KR3kd-MP3xl5iZmviKPziLsMTfQDe8AzqRf_gTaWgf-MRxPMBP_Inx4ziDfsb1JMc_4deRH8mPyUczRUkF_gn-RPhx_EF46UiWNjmeoX9w489RUjY4VQmuIw_kTKgv4T_S5UW_BzdxvPIDf8TzIyv8QzfkCCeRfkfOBIc2G80RHs0aHPwlomumbdhFDUf-Q4GZI1S149JxoefRfDGyo8026DtyowfzeWj-YmfwHD_u4FrwBD9eHA9-Iz-hqjkiJSkztE6R9RH0xMijHe2O5heubNhzXDmaZ0ZfHrlzJFlyBgeT7FMxcReuHD_xD8c_Joa7JcTxBfcRxn7QEzqCJ8eD5omDfjgC4UG-C43YWKjoAyiPB-6RPsfxRM7RZMSf4bkEnQqjoJeG50csKoGZHXVCHy_24czBEs-T4MmugzOPZw_24wyeZN1xHaECLcgz4mrxHPeJ_hMannikBE-pCaeO6NCRuco2WKeE8yGeo7mSo8d_NNdR4zo11D6oJzwmokcT5Dzkh_hhHi9-PGGOrdvxHTeHvoEfsIIYE32ygLyCXE_QH1Mu_IyOiJ9x55ByBdaCLZKiD62hn8iDrcceHV-N9Hhu6IyTIXQuNB2Q7iGSWkJTxkWdHH0whV8H_sLcB_-REPnx4g96NPnx40lx7keP5nuEH7tIItzSXCh_JHo29Gj0YGR2PKGCk3gW9A6a_sjD4RyaM-jxxzn0HHOSXLiUpZDQV_DzIMfzI6Zq-Lmg9ch19EPTMcWfDkcYazcYkfugKUWk7Dp-PMoqNLWK_jP2XOgzHUzOFIdCKT36EB6ZIszzQL6Q56hTFn6LP_gRJMeN9k1G5IemqUdaR8ab5II_6eiRs0iu5MHjjLjh5BS-SwnmRmmKL2iuI_Tx6NJxqUygPEePo_jxRSR86XiEH01GdEw1_PhR70jTJhQu7kEp5_hQCz_C50h-4up2PFMjhnh_1MajozlyB8mVHz-e5sGUHlnO45AuUnh3NHnRHeMN7biPHP1wZei1w09yFD-eB-aRK3zxF5O0o1Gg18N57HyQ8-jSJDH-Ix_KQ2sehHFM_HgZVE_wyMJ-5LsEcRfCJ-PQ26j3g1OU4tGR5g-kMkOeSMfkREFzfDlKEl7uBGe0TWgaHT_-4zveUcTVqAn67HiFP4SRPOvxoDf-5Gg_I8yTJMdHoVTEHd6DKr0SYT_u44EfhwivD8myJ0yC3nBzMFbSHNdRRWOQcDr6R6hlojmkyggvBVOO5zjxXGjStAi1O7h0_IQmZ4fOYPLxg8mkoj-OZsfIHI2iQ92INxPyMJbg0ImDC4er42sc5F_QQ3xR8XgYPB80UjqaPBN-IbSCp0SZZwry-6ijS3BdhD-F_9gVlHfA5MuQ_xDnI_Ys3EMTJtqIUpfxtYI_4M5RpyfC_OCrHOeL7A5OTE5yPMnRH5eeRPhlIX-h57hRmUGj44dGuoG5DD7DkNAeT7iK_DqOJg_a5cghOwhztEM_D5dxbMeR_xDyY9NiPDj8AjhhU8dkG_mJP8crEzwX6J5Qe4QTRsdl9MfM53iQxyzy6ECkLgtcwzlKKcvxH1f0GNfx4Ud-KLrQ_OgRJtKFNkGj8MEtH3-EH0cezUZ9p9ASfKGR35iPM8vx402OmcxxRj9i6tAL7_jx5_iS7MSpo3Sg5dmxHzl-MA8boYmUmDKeHD_xoeG0omSegr9QLoeZDWSpIswN_XiWI38o1Ic_DZ-yw-hx6zJy9oKqMkTW4x4uvWimo-eJXwe_xMgnCYoV4TpuHjcaiS88PYL25PiRB35EY2aP79ivID8AAzkEFhBmGRWIEEeEIYYwQrABgiIliBDGSAKAMOQAABACiACDmJBCAAAAIcYh5IQgREkrpHDKKCSIZgABCQAyghAClCLMIAIGcQYYDQgwSjAiCFDMGFAIQkAgJDAijAIBjHNEGAAEEMICQIgwygiIhGAGEUccJAIxwJDQiBojjRCGXY-EMQwYY4xgQAqiRAaECGYQAIQJIYxQSijmiAVLCkQIIFRC4gjACCkABQIUPAMAFIAoA4izQDIlCEJKCIUUUM4I4hBwwCiqFAIAEIIEQ8gQQxRwAgjkCEZCGoAYA8YooJiAQBBCoBROCICECMcwpIi1CBAEADIACIqwQ8AAQZhDQjhECDWAQUMEEUAQgbEghCAhLCFCKIYUAwKowwQwyIghBAbaaKWAARyIwgxSRJSHEHCIAIORgQARBQQxgBFhkGGOGHKAMsACSZggh4BniBBICSWBIY4BogAQEIhKiDEAGOWAE5gQQDxCjCCCEEVAmU4QQkwYA4yhwAiBgBiCAIOMJEgYwyCTABpDBAJAACoMkQJMwYAUAiGhhCCGAEeUpIJIIQgwCAAhAJBCCGGYUIQwpYhhggECEEKEAaIEAEIAqSARiAggDEcCGCIAQEIQwRgAiDlCOTBKEEEAZcAYzQBwREBCADHAXOSIEIoZBJkyRAAFhoCCAACUABARI4QBEhBngCQEIGIEEu4iAYhjkhFmAGOAKSCIAkAYLxUwAighCHDKASIcAoIKpwBDSAMAMCGCCGuYUEgxAwAAAjABJBIICAGQQQA8gAghSliAAGGCMmSVJoqBQIiBahCjjJGIEWCYREAIoYQCQAghjDFKMCMQMpAYQgBEFioliDFIMMQQBRIIzAighipMpFMsAGegCAoR4gBQwglCCASEK2IME8AwADQyTgiGmLOGCCCoMAcYQAQB0BniAALGO6OJcEIABoTB0kABEBIcAUUoEgxIYYQSCAgABDUGEAGEIEAYobBigBBMBHLQCKMA"], "date": ["1993"], "genre": ["Pop"], "musicbrainz_releasegroupid": ["1cbcbb11-efb5-3802-a6b6-23a2688f1012"], "musicbrainz album type": ["Album"], "musicbrainz_recordingid": ["1f68671d-980a-4d7d-80e9-66da12d03800"], "artistsort": ["Crosby, David"], "musicbrainz album release country": ["JP"], "musicbrainz_albumartistid": ["e90f9815-221d-4e10-8675-e75c07988113"], "musicbrainz_albumid": ["e86c3cfc-a52c-4421-9e23-da09f9c0a4a0"], "artist": ["David Crosby"], "tracknumber": ["03"], "bpm": ["112.68"], "catalognumber": ["AMCY-3165"], "album": ["Thousand Roads"], "label": ["east west japan"], "acoustid_id": ["c159aaa1-8f5c-4c7c-8eaf-aced853870c1"], "musicbrainz_artistid": ["e90f9815-221d-4e10-8675-e75c07988113"], "file_name": "David Crosby - Old Soldier.mp3"}}, "rhythm": {"bpm_histogram_first_peak_bpm": {"dmean2": 0, "median": 123, "min": 123, "dvar2": 0, "dvar": 0, "dmean": 0, "max": 123, "var": 0, "mean": 123}, "bpm": 123.605987549, "bpm_histogram_second_peak_spread": {"dmean2": 0, "median": 0.102564141154, "min": 0.102564141154, "dvar2": 0, "dvar": 0, "dmean": 0, "max": 0.102564141154, "var": 0, "mean": 0.102564141154}, "bpm_histogram_first_peak_weight": {"dmean2": 0, "median": 0.220825850964, "min": 0.220825850964, "dvar2": 0, "dvar": 0, "dmean": 0, "max": 0.220825850964, "var": 0, "mean": 0.220825850964}, "onset_rate": 2.57473134995, "beats_position": [0.708208620548, 1.42802715302, 2.15945577621, 2.86766433716, 3.59909296036, 4.33052158356, 5.06195020676, 5.79337835312, 6.52480697632, 7.25623559952, 7.98766422272, 8.70748329163, 9.42730140686, 10.1355104446, 10.8437185287, 11.5635375977, 12.294965744, 13.0263938904, 13.7578229904, 14.4892511368, 15.1626300812, 15.8243989944, 16.4861679077, 17.1479358673, 17.7980957031, 18.4482536316, 19.0984115601, 19.6208610535, 20.154920578, 20.6657600403, 21.1417675018, 21.6293869019, 22.1053962708, 22.5117454529, 22.918094635, 23.3360538483, 23.7540130615, 24.1719722748, 24.589931488, 24.984670639, 25.37940979, 25.774148941, 26.168888092, 26.563627243, 26.9467563629, 27.3414955139, 27.7246246338, 28.1077537537, 28.4792747498, 28.8391838074, 29.1874828339, 29.5473918915, 29.8840808868, 30.2207698822, 30.5574588776, 30.9057598114, 31.2540588379, 31.6023578644, 31.9506568909, 32.2873458862, 32.6240348816, 32.960723877, 33.2974128723, 33.6341018677, 33.9707946777, 34.3423118591, 34.7022209167, 35.0621299744, 35.422039032, 35.7819480896, 36.1534690857, 36.5249862671, 36.8965072632, 37.244808197, 37.5931053162, 37.94140625, 38.3013153076, 38.6612243652, 39.0095214844, 39.3578224182, 39.7061233521, 40.0544204712, 40.3911094666, 40.7394104004, 41.099319458, 41.6101570129, 42.0977783203, 42.5970077515, 43.0962333679, 43.5838546753, 44.071472168, 44.5590934753, 45.046710968, 45.5343284607, 46.0103378296, 46.497959137, 46.9971885681, 47.4848060608, 47.9840354919, 48.4832649231, 49.0405426025, 49.6094322205, 50.1667098999, 50.7355995178, 51.2928771973, 51.8501586914, 52.4074363708, 52.9647140503, 53.5800437927, 54.2069816589, 54.8223114014, 55.4260292053, 56.029750824, 56.6450767517, 57.2604064941, 58.0150566101, 58.7464828491, 59.4895210266, 60.2325630188, 60.9756011963, 61.7070274353, 62.438457489, 63.1814956665, 63.9129257202, 64.6443557739, 65.3757781982, 66.0955963135, 66.8270263672, 67.5468444824, 68.2666625977, 69.1141967773, 69.9617233276, 70.8324737549, 71.7032165527, 72.5855789185, 73.3170089722, 74.060043335, 74.7798614502, 75.4996795654, 76.2194976807, 76.9509277344, 77.6939697266, 78.4370040894, 79.1684341431, 79.9114761353, 80.6661224365, 81.4091567993, 82.105758667, 82.8023605347, 83.4525146484, 84.0910644531, 84.7296142578, 85.356552124, 85.9951019287, 86.598815918, 87.1909255981, 87.7017669678, 88.2126083374, 88.7234420776, 89.2226715088, 89.7219009399, 90.2095184326, 90.6739196777, 91.1499328613, 91.6259384155, 92.1019515991, 92.5779571533, 93.065574646, 93.5648040771, 94.0756454468, 94.5748748779, 95.0624923706, 95.5501098633, 96.037727356, 96.525352478, 97.0013580322, 97.4773712158, 97.95337677, 98.4293823242, 98.9170074463, 99.3930130005, 99.8690261841, 100.345031738, 100.821044922, 101.308662415, 101.807891846, 102.307121277, 102.79473877, 103.293968201, 103.793197632, 104.338867188, 104.884536743, 105.441810608, 105.975868225, 106.509933472, 106.997550964, 107.473556519, 107.961174011, 108.448799133, 108.936416626, 109.424034119, 109.911651611, 110.387664795, 110.863670349, 111.339683533, 111.827301025, 112.314918518, 112.802536011, 113.290153503, 113.766166687, 114.242172241, 114.706573486, 115.18258667, 115.658592224, 116.146209717, 116.633827209, 117.121452332, 117.620681763, 118.108299255, 118.595916748, 119.071922302, 119.547935486, 120.02394104, 120.511566162, 120.999183655, 121.486801147, 121.986030579, 122.48526001, 122.949661255, 123.425666809, 123.901672363, 124.389297485, 124.876914978, 125.364532471, 125.852149963, 126.339767456, 126.827392578, 127.303398132, 127.779411316, 128.267028809, 128.754638672, 129.242263794, 129.729888916, 130.217498779, 130.71673584, 131.204345703, 131.703582764, 132.318908691, 132.945846558, 133.572784424, 134.280990601, 134.989196777, 135.709014893, 136.428848267, 137.137054443, 137.84526062, 138.553466797, 139.273284912, 140.004714966, 140.73614502, 141.479187012, 142.210617065, 142.94203186, 143.685073853, 144.428115845, 145.171157837, 145.914199829, 146.657226563, 147.400268555, 148.143310547, 148.874740601, 149.606170654, 150.384033203, 151.161895752, 151.951385498, 152.740859985, 153.460678101, 154.180496216, 154.900314331, 155.620132446, 156.235458374, 156.850784302, 157.466125488, 158.000183105, 158.522628784, 159.079910278, 159.637191772, 160.194458008, 160.76335144, 161.332244873, 161.889526367, 162.528076172, 163.155014038, 163.805160522, 164.466934204, 165.209976196, 165.953018188, 166.696044922, 167.450698853, 168.182128906, 168.925170898, 169.656600952, 170.399627686, 171.131057739, 171.874099731, 172.593917847, 173.313735962, 174.033554077, 174.753372192, 175.461578369, 176.181396484, 176.843170166, 177.481719971, 178.131881714, 178.689163208, 179.258041382, 179.838546753, 180.384216309, 180.941497803, 181.417495728, 181.90512085, 182.392745972, 182.880355835, 183.367980957, 183.85559082, 184.343215942, 184.854049683, 185.341674805, 185.80607605, 186.270477295, 186.73487854, 187.199264526, 187.594009399, 187.988754272, 188.383483887, 188.85949707, 189.335510254, 189.799911499, 190.264297485, 190.717086792, 191.181488037, 191.634277344, 192.08706665, 192.539855957, 193.004257202, 193.491882324, 193.979492188, 194.46711731, 194.943130493, 195.430740356, 195.90675354, 196.464035034, 197.021316528, 197.566986084, 198.11265564, 198.658325195, 199.157546997, 199.645172119, 200.132781982, 200.620407104, 201.108016968, 201.59564209, 202.071655273, 202.547653198, 203.03527832, 203.511291504, 203.998901367, 204.486526489, 204.974151611, 205.461761475, 205.960998535, 206.460220337, 206.959457397, 207.447067261, 207.934692383, 208.422302246, 208.909927368, 209.385940552, 209.873550415, 210.361175537, 210.848800659, 211.336410522, 211.824035645, 212.323257446, 212.834106445, 213.333328247, 213.832565308, 214.320175171, 214.807800293, 215.283798218, 215.759811401, 216.224212646, 216.70022583, 217.176239014, 217.663848877, 218.151473999, 218.662307739, 219.173141479, 219.683990479, 220.171600342, 220.659225464, 221.146850586, 221.634460449, 222.13369751, 222.632919312, 223.143753052, 223.654602051, 224.165435791, 224.653060913, 225.140670776, 225.639907837, 226.115921021, 226.603530884, 227.091156006, 227.590377808, 228.089614868, 228.58883667, 229.099685669, 229.610519409, 230.109741211, 230.597366333, 231.084991455, 231.572601318, 232.06022644, 232.547836304, 233.023849487, 233.499862671, 233.975875854, 234.451873779, 234.927886963, 235.415512085, 235.89151001, 236.367523193, 236.855148315, 237.342758179, 237.818771362, 238.294784546, 238.782394409, 239.246795654, 239.711196899, 240.175598145, 240.651611328, 241.127609253, 241.592010498, 242.068023682, 242.544036865, 243.02003479, 243.496047974, 243.972061157, 244.436462402, 244.912460327, 245.376861572, 245.852874756, 246.328887939, 246.804885864, 247.280899048, 247.745300293, 248.232925415, 248.70892334, 249.173324585, 249.63772583, 250.102127075, 250.56652832, 251.030929565, 251.50692749, 251.982940674, 252.470565796, 252.969787598, 253.45741272, 253.933425903, 254.409423828, 254.885437012, 255.361450195, 255.860671997, 256.359893799, 256.859130859, 257.346740723, 257.845977783, 258.345214844, 258.832824707, 259.32043457, 259.808074951, 260.295684814, 260.771697998, 261.247711182, 261.735321045, 262.222930908, 262.722167969, 263.244628906, 263.755462646, 264.254699707, 264.75390625, 265.241546631, 265.729156494, 266.216766357, 266.704406738, 267.180389404, 267.656402588, 268.132415771, 268.596832275, 269.061218262, 269.525604248, 269.990020752, 270.466033936, 270.953643799, 271.441253662, 271.917266846, 272.38168335, 272.869293213, 273.345306396, 273.83291626, 274.308929443, 274.784942627, 275.249328613, 275.725341797, 276.20135498, 276.688964844, 277.188201904, 277.699035645, 278.209869385, 278.720733643, 279.231567383, 279.730773926, 280.230010986, 280.717651367, 281.21685791, 281.704498291, 282.192108154, 282.679718018, 283.178955078, 283.678192139, 284.189025879, 284.711456299, 285.233917236, 285.767974854, 286.302032471, 286.894134521, 287.48626709, 288.078369141, 288.635650635, 289.192932129, 289.750213623, 290.226196289, 290.702209473, 291.178222656, 291.66583252, 292.141845703, 292.617858887, 293.082275391, 293.546661377, 294.022674561, 294.487060547, 294.96307373, 295.427490234, 295.9034729, 296.379486084, 296.855499268, 297.319915771], "beats_loudness": {"dmean2": 0.0326168090105, "median": 0.0129289347678, "min": 1.40369621704e-07, "dvar2": 0.00278946082108, "dvar": 0.000952757254709, "dmean": 0.0183317419142, "max": 0.333609759808, "var": 0.00100449484307, "mean": 0.0232143867761}, "danceability": 0.920613706112, "bpm_histogram_second_peak_weight": {"dmean2": 0, "median": 0.0628366246819, "min": 0.0628366246819, "dvar2": 0, "dvar": 0, "dmean": 0, "max": 0.0628366246819, "var": 0, "mean": 0.0628366246819}, "beats_count": 558, "bpm_histogram_second_peak_bpm": {"dmean2": 0, "median": 129, "min": 129, "dvar2": 0, "dvar": 0, "dmean": 0, "max": 129, "var": 0, "mean": 129}, "bpm_histogram_first_peak_spread": {"dmean2": 0, "median": 0.534090936184, "min": 0.534090936184, "dvar2": 0, "dvar": 0, "dmean": 0, "max": 0.534090936184, "var": 0, "mean": 0.534090936184}, "beats_loudness_band_ratio": {"dmean2": [0.366982519627, 0.285841673613, 0.163308486342, 0.129073962569, 0.0592906810343, 0.0664989128709], "median": [0.574666678905, 0.250877201557, 0.066390261054, 0.030023932457, 0.00676677236333, 0.00189386052079], "min": [0.00888504274189, 0.00370938377455, 0.000693035079166, 6.65631478114e-06, 9.59604676609e-06, 4.89080412081e-06], "dvar2": [0.0865800306201, 0.0551163293421, 0.0277686771005, 0.0306479260325, 0.0128032155335, 0.0366576835513], "dvar": [0.0306665226817, 0.0189258959144, 0.0103422310203, 0.0113111259416, 0.0044899629429, 0.0124626737088], "dmean": [0.218134433031, 0.167640432715, 0.0912377014756, 0.0726061910391, 0.0322382971644, 0.0344138331711], "max": [0.98816382885, 0.929524481297, 0.659028172493, 0.764585673809, 0.732113063335, 0.810846090317], "var": [0.0671187117696, 0.031994856894, 0.0119567662477, 0.0116143468767, 0.00368286157027, 0.00669816508889], "mean": [0.549547255039, 0.285693824291, 0.107305310667, 0.0738268569112, 0.0261506419629, 0.0206234864891]}}, "lowlevel": {"barkbands_spread": {"dmean2": 3.53460550308, "median": 6.34546041489, "min": 0.433162003756, "dvar2": 71.2506484985, "dvar": 33.4265365601, "dmean": 2.33106613159, "max": 120.123519897, "var": 124.665847778, "mean": 9.73076438904}, "melbands_spread": {"dmean2": 3.88771033287, "median": 6.34257936478, "min": 0.360442966223, "dvar2": 86.1305923462, "dvar": 49.2669944763, "dmean": 2.6331846714, "max": 257.932128906, "var": 239.749481201, "mean": 10.7834539413}, "hfc": {"dmean2": 3.22560214996, "median": 2.92987775803, "min": 1.14898735511e-16, "dvar2": 152.552124023, "dvar": 99.9080734253, "dmean": 2.52523684502, "max": 533.296875, "var": 559.107727051, "mean": 9.65179729462}, "barkbands_kurtosis": {"dmean2": 6.27599430084, "median": 6.03629398346, "min": -1.92771661282, "dvar2": 295.296783447, "dvar": 121.046913147, "dmean": 3.9507317543, "max": 831.318603516, "var": 341.336883545, "mean": 10.2745790482}, "gfcc": {"mean": [-129.389282227, 161.036102295, -89.5981369019, 19.5411930084, -40.9298019409, 2.40030527115, -32.2183074951, -3.84540295601, -21.8372650146, -4.9706029892, -9.77928256989, -5.6874423027, -9.98717880249], "icov": [[0.000189743746887, -0.000257308245637, 0.000436645554146, -0.000300843821606, 0.000419425283326, -0.000398450356442, 0.000295163219562, -0.000497866189107, 0.00030413584318, -0.000290602183668, 0.000318186066579, -7.63626012485e-05, 0.000456150009995], [-0.000257308245637, 0.00278049428016, -0.000918364676181, 0.0023675004486, -0.00164759601466, 0.00198609265499, -0.00189534248784, 0.00235901237465, -0.00257451762445, 0.0023064496927, -0.002745896345, 0.00184071843978, -0.00225102738477], [0.000436645554146, -0.000918364676181, 0.00178402184974, -0.00115012004972, 0.00083898648154, -0.00142447918188, 0.000996512011625, -0.00123209168669, 0.00104697840288, -0.00147246627603, 0.00107017077971, -0.00098203739617, 0.0015175503213], [-0.000300843821606, 0.0023675004486, -0.00115012004972, 0.00466206111014, -0.000792046252172, 0.00215257750824, -0.00156674662139, 0.00184753665235, -0.00218175072223, 0.00114690640476, -0.00166733236983, 0.00132470903918, -0.00282436748967], [0.000419425283326, -0.00164759601466, 0.00083898648154, -0.000792046252172, 0.00455728825182, -0.000768608471844, 0.00108588766307, -0.00219917320646, 0.000322730193147, -0.00129054370336, 0.0008645466296, -0.000203116345801, 0.000708415929694], [-0.000398450356442, 0.00198609265499, -0.00142447918188, 0.00215257750824, -0.000768608471844, 0.00591724552214, -0.00242774398066, 0.00185230455827, -0.00156446092296, 0.000267099705525, -0.00219248444773, 0.0017456188798, -0.00222243764438], [0.000295163219562, -0.00189534248784, 0.000996512011625, -0.00156674662139, 0.00108588766307, -0.00242774398066, 0.00662088394165, -0.00133332400583, 0.000574742385652, -0.000821423192974, 0.000728904677089, -0.000655426003505, 0.000717877876014], [-0.000497866189107, 0.00235901237465, -0.00123209168669, 0.00184753665235, -0.00219917320646, 0.00185230455827, -0.00133332400583, 0.0087011968717, -0.00279012485407, 0.000956082833, -0.00229102000594, -0.00066707469523, -0.000771289807744], [0.00030413584318, -0.00257451762445, 0.00104697840288, -0.00218175072223, 0.000322730193147, -0.00156446092296, 0.000574742385652, -0.00279012485407, 0.0107128536329, -0.00244973134249, 0.00219007022679, -0.00193400890566, 0.000541499524843], [-0.000290602183668, 0.0023064496927, -0.00147246627603, 0.00114690640476, -0.00129054370336, 0.000267099705525, -0.000821423192974, 0.000956082833, -0.00244973134249, 0.0107307378203, -0.00260959705338, 0.00207074848004, -0.00264100404456], [0.000318186066579, -0.002745896345, 0.00107017077971, -0.00166733236983, 0.0008645466296, -0.00219248444773, 0.000728904677089, -0.00229102000594, 0.00219007022679, -0.00260959705338, 0.0140347415581, -0.00420094560832, 0.00343266874552], [-7.63626012485e-05, 0.00184071843978, -0.00098203739617, 0.00132470903918, -0.000203116345801, 0.0017456188798, -0.000655426003505, -0.00066707469523, -0.00193400890566, 0.00207074848004, -0.00420094560832, 0.0136722773314, -0.0031960522756], [0.000456150009995, -0.00225102738477, 0.0015175503213, -0.00282436748967, 0.000708415929694, -0.00222243764438, 0.000717877876014, -0.000771289807744, 0.000541499524843, -0.00264100404456, 0.00343266874552, -0.0031960522756, 0.0121137024835]], "cov": [[16307.0341797, -1542.88085938, -3158.80151367, 224.860671997, -1101.59985352, 218.983322144, -256.495361328, 316.076904297, -301.430725098, -23.3075695038, -166.853775024, -150.832626343, -296.808532715], [-1542.88085938, 2291.72558594, -179.694412231, -575.769042969, 545.169250488, -225.416625977, 306.566375732, -219.827926636, 263.272064209, -234.052200317, 166.894699097, -77.604019165, 136.259689331], [-3158.80151367, -179.694412231, 1634.94787598, 143.800643921, 42.9238090515, 132.89642334, -48.9680938721, 30.8249816895, -11.3303365707, 140.10899353, 5.87643146515, 69.2054367065, -11.3531904221], [224.860671997, -575.769042969, 143.800643921, 474.129882813, -123.090164185, 7.0418715477, -41.8457260132, 27.9437561035, -22.4197349548, 64.7557601929, -40.9462661743, 19.2892227173, 21.6331176758], [-1101.59985352, 545.169250488, 42.9238090515, -123.090164185, 435.619018555, -64.1462783813, 53.2140350342, -0.717146277428, 89.182975769, -26.8786449432, 41.9846839905, -7.35425281525, 44.5839424133], [218.983322144, -225.416625977, 132.89642334, 7.0418715477, -64.1462783813, 287.134063721, 32.2612838745, 7.07030200958, -16.2753620148, 56.7462692261, 1.05734145641, -5.58948564529, 1.15269684792], [-256.495361328, 306.566375732, -48.9680938721, -41.8457260132, 53.2140350342, 32.2612838745, 230.999557495, -26.9600162506, 46.8487625122, -21.9986724854, 27.5414485931, -9.55964756012, 33.188041687], [316.076904297, -219.827926636, 30.8249816895, 27.9437561035, -0.717146277428, 7.07030200958, -26.9600162506, 184.215896606, 3.84209799767, 28.6141300201, 2.38093137741, 29.3810043335, -22.2882442474], [-301.430725098, 263.272064209, -11.3303365707, -22.4197349548, 89.182975769, -16.2753620148, 46.8487625122, 3.84209799767, 150.218597412, -3.78539395332, 15.4180822372, 4.83057689667, 35.0972900391], [-23.3075695038, -234.052200317, 140.10899353, 64.7557601929, -26.8786449432, 56.7462692261, -21.9986724854, 28.6141300201, -3.78539395332, 144.499450684, -3.92638087273, 5.22223949432, 4.20233726501], [-166.853775024, 166.894699097, 5.87643146515, -40.9462661743, 41.9846839905, 1.05734145641, 27.5414485931, 2.38093137741, 15.4180822372, -3.92638087273, 101.279747009, 16.1757144928, -2.70584750175], [-150.832626343, -77.604019165, 69.2054367065, 19.2892227173, -7.35425281525, -5.58948564529, -9.55964756012, 29.3810043335, 4.83057689667, 5.22223949432, 16.1757144928, 94.6860733032, 10.2490673065], [-296.808532715, 136.259689331, -11.3531904221, 21.6331176758, 44.5839424133, 1.15269684792, 33.188041687, -22.2882442474, 35.0972900391, 4.20233726501, -2.70584750175, 10.2490673065, 122.550689697]]}, "spectral_energyband_middle_low": {"dmean2": 0.00464982306585, "median": 0.00513454247266, "min": 2.42408802508e-22, "dvar2": 8.94754412002e-05, "dvar": 3.62091086572e-05, "dmean": 0.00297232437879, "max": 0.235679626465, "var": 0.000210447789868, "mean": 0.0101462071761}, "melbands_crest": {"dmean2": 3.78885507584, "median": 14.5499372482, "min": 1.00083875656, "dvar2": 14.5124902725, "dvar": 5.35390138626, "dmean": 2.31347107887, "max": 39.5665664673, "var": 25.9522914886, "mean": 15.2757825851}, "spectral_kurtosis": {"dmean2": 12.5878820419, "median": 13.9065475464, "min": -1.22999358177, "dvar2": 239.657440186, "dvar": 88.7278137207, "dmean": 7.43763875961, "max": 154.391448975, "var": 409.595458984, "mean": 21.0307292938}, "spectral_rms": {"dmean2": 0.000619774742518, "median": 0.00319573655725, "min": 3.18315534521e-12, "dvar2": 5.89711362409e-07, "dvar": 2.82093139958e-07, "dmean": 0.000416496477555, "max": 0.0189895611256, "var": 4.45436216978e-06, "mean": 0.00361915654503}, "zerocrossingrate": {"dmean2": 0.00560730881989, "median": 0.02001953125, "min": 0, "dvar2": 0.000122110606753, "dvar": 0.000109137901745, "dmean": 0.0047564660199, "max": 0.51416015625, "var": 0.000898409634829, "mean": 0.0273023210466}, "silence_rate_60dB": {"dmean2": 0.0551187247038, "median": 0, "min": 0, "dvar2": 0.0628355517983, "dvar": 0.0268010608852, "dmean": 0.0275572165847, "max": 1, "var": 0.127877518535, "mean": 0.150540977716}, "erbbands_kurtosis": {"dmean2": 1.7529425621, "median": 0.701183319092, "min": -1.80377829075, "dvar2": 7.97747373581, "dvar": 4.13604831696, "dmean": 1.17768037319, "max": 80.796836853, "var": 27.782913208, "mean": 2.23569202423}, "erbbands": {"dmean2": [0.0168584249914, 0.358769267797, 1.50321185589, 3.32230067253, 8.9915189743, 9.70179748535, 8.7212228775, 6.49789571762, 7.29008817673, 6.43257427216, 13.8987445831, 6.69204282761, 5.23389434814, 11.2043819427, 5.8820514679, 7.92746591568, 8.16942596436, 13.4914522171, 12.4948568344, 7.67046403885, 4.58410644531, 4.18419885635, 5.40334701538, 2.35807394981, 3.34287261963, 3.42746376991, 2.26020145416, 1.83340060711, 1.18803882599, 1.18292963505, 1.09960448742, 0.748248934746, 0.335610926151, 0.153432399035, 0.0650484487414, 0.0327339731157, 0.0102253938094, 0.00163846486248, 8.91484305612e-05, 8.21997491585e-06], "median": [0.0325538143516, 0.446693569422, 1.2218375206, 2.25056481361, 4.48708248138, 5.20715475082, 4.97471761703, 3.50845003128, 3.40601038933, 2.65657925606, 3.85347342491, 1.98589801788, 1.38197922707, 2.83046317101, 2.04274320602, 1.74183678627, 1.44708013535, 1.4059907198, 0.921072423458, 0.681261777878, 0.583132982254, 0.445332020521, 0.363286525011, 0.249140590429, 0.215165525675, 0.130553558469, 0.0855454057455, 0.0477803982794, 0.0362600125372, 0.0236173048615, 0.017293382436, 0.0110892616212, 0.00572747085243, 0.00213063578121, 0.00113181420602, 0.000459482514998, 0.000120829725347, 2.0193938326e-05, 7.0097948992e-06, 1.20116219477e-05], "min": [2.84545990776e-22, 2.49334309583e-21, 5.48189676773e-21, 1.54775169976e-20, 2.58568710795e-20, 8.19790787756e-20, 2.14811929141e-19, 1.44016978482e-19, 3.22724205795e-19, 3.80570936434e-19, 7.45906136563e-19, 9.28321950604e-19, 1.15805668328e-18, 1.68122267473e-18, 2.08774906537e-18, 2.31252857259e-18, 4.4201752608e-18, 3.85691903039e-18, 2.5685399382e-18, 3.3573151753e-18, 4.88420497288e-18, 8.90606174946e-18, 9.19879269643e-18, 6.75887169207e-18, 6.4478964495e-18, 9.09716032329e-18, 1.19067429667e-17, 1.64713613333e-17, 1.67920724917e-17, 1.30452032243e-17, 1.40615261286e-17, 1.75123052684e-17, 1.47478014868e-17, 1.04560716587e-17, 7.18858581643e-18, 4.84662905278e-18, 3.23268159766e-18, 1.21627210383e-18, 2.95906906938e-19, 2.98738346175e-20], "dvar2": [0.00104061409365, 0.498701035976, 11.4479293823, 53.2214546204, 513.015075684, 548.790649414, 690.198059082, 296.900848389, 453.678894043, 955.18963623, 4181.50146484, 985.709228516, 1963.14501953, 3081.71435547, 573.005981445, 3058.74291992, 2424.76025391, 17845.0664063, 7221.56494141, 7990.43847656, 679.898010254, 468.629425049, 1713.84326172, 210.832244873, 334.182983398, 1310.1965332, 478.399963379, 574.994995117, 216.686447144, 175.678283691, 152.745697021, 65.8661346436, 9.56838321686, 3.25947380066, 0.288766413927, 0.0612196736038, 0.00667126616463, 0.000139953990583, 4.46525803e-07, 3.60534629928e-10], "dvar": [0.00042605062481, 0.215050265193, 4.50929164886, 19.0303421021, 193.864486694, 198.47203064, 280.872039795, 122.538215637, 185.479675293, 699.232727051, 1970.20275879, 541.813781738, 770.314941406, 1549.60083008, 373.215820313, 1831.87805176, 1408.93225098, 9614.40527344, 3096.34033203, 4122.9296875, 430.841430664, 255.050750732, 851.046875, 142.929992676, 196.592483521, 525.382629395, 213.359329224, 317.52166748, 109.92325592, 86.6403961182, 75.8427124023, 39.2040367126, 5.21679782867, 1.51054227352, 0.165820389986, 0.0336566492915, 0.00402422156185, 8.40006614453e-05, 2.21380886956e-07, 2.09947018104e-10], "dmean": [0.0106532918289, 0.229825973511, 0.951627075672, 1.955119133, 5.49882936478, 5.93192005157, 5.86559581757, 4.24699068069, 4.83170366287, 5.00494003296, 10.1796998978, 4.8745508194, 3.74210214615, 8.40304660797, 4.57735061646, 6.14231491089, 6.16547346115, 10.0301113129, 8.28514862061, 5.36953926086, 3.31155347824, 2.99617433548, 3.89594125748, 1.75387537479, 2.52885222435, 2.42800736427, 1.55223083496, 1.31258380413, 0.848602175713, 0.832180261612, 0.785898685455, 0.543125748634, 0.232696786523, 0.108943507075, 0.0476772226393, 0.0234783887863, 0.00745955482125, 0.00120755436365, 6.04528540862e-05, 5.69427356822e-06], "max": [0.487279862165, 18.0994205475, 76.2141723633, 188.515625, 647.001342773, 382.322113037, 534.97088623, 402.89453125, 697.749389648, 2362.34057617, 1907.49975586, 1151.03710938, 1539.45495605, 2129.57226563, 1246.01855469, 3824.11694336, 3424.37084961, 10384.2519531, 3741.96948242, 5717.26123047, 1625.61242676, 996.417175293, 2833.54541016, 1337.81921387, 771.65411377, 1229.05383301, 930.091064453, 1488.50109863, 658.505065918, 485.710083008, 403.294616699, 445.096191406, 125.525497437, 92.9294509888, 17.3219070435, 9.69599246979, 3.85216021538, 0.492896139622, 0.0235238969326, 0.000613256997894], "var": [0.00242217793129, 0.852194428444, 16.075586319, 38.851398468, 503.908691406, 636.953674316, 1181.46130371, 461.362304688, 620.163024902, 5452.39208984, 7704.36474609, 1981.87463379, 1512.47717285, 5298.22607422, 2361.31494141, 8169.53662109, 4670.62207031, 24641.3652344, 8961.85839844, 13778.8554688, 1647.93286133, 1236.58215332, 4101.15966797, 1067.94091797, 762.160949707, 816.841674805, 454.251373291, 854.805725098, 245.119674683, 169.539916992, 160.73097229, 107.292938232, 13.7926616669, 2.75107264519, 0.425551623106, 0.0977638289332, 0.0124239400029, 0.000269323441898, 4.90648119467e-07, 1.26578969528e-09], "mean": [0.0461503639817, 0.700883924961, 2.51456737518, 4.28667211533, 10.8919668198, 14.1608972549, 15.3307285309, 10.4259290695, 11.6918306351, 15.8563165665, 28.4505729675, 12.1896457672, 8.75422382355, 20.0368232727, 13.0495567322, 15.2129201889, 15.7256355286, 23.8389110565, 16.2639141083, 11.9600696564, 7.24984312057, 7.72724294662, 10.2234067917, 4.68581485748, 5.89735555649, 4.71875, 2.94587683678, 2.1426680088, 1.39674210548, 1.33252990246, 1.25426232815, 0.942942261696, 0.409239709377, 0.18546590209, 0.0853234678507, 0.0414493232965, 0.0135551942512, 0.00222658202983, 0.000106076287921, 2.30797904806e-05]}, "spectral_strongpeak": {"dmean2": 0.459108024836, "median": 0.313076019287, "min": 0, "dvar2": 1.2982006073, "dvar": 0.584332883358, "dmean": 0.274581104517, "max": 26.5284767151, "var": 1.99468183517, "mean": 0.701986074448}, "spectral_energy": {"dmean2": 0.00608083698899, "median": 0.0104680499062, "min": 1.03857889655e-20, "dvar2": 0.000128569474327, "dvar": 6.28930938547e-05, "dmean": 0.00409944169223, "max": 0.369618535042, "var": 0.000549653312191, "mean": 0.017991386354}, "average_loudness": 0.159757658839, "spectral_rolloff": {"dmean2": 272.935974121, "median": 387.59765625, "min": 21.533203125, "dvar2": 1015761.625, "dvar": 449858.375, "dmean": 161.326217651, "max": 19229.1503906, "var": 1132376, "mean": 665.263977051}, "spectral_centroid": {"dmean2": 156.96333313, "median": 431.980163574, "min": 112.103218079, "dvar2": 105757.59375, "dvar": 61053.9414063, "dmean": 106.646766663, "max": 11359.4707031, "var": 339258.96875, "mean": 619.672607422}, "pitch_salience": {"dmean2": 0.0888150334358, "median": 0.539889633656, "min": 0.0333314500749, "dvar2": 0.00715481070802, "dvar": 0.00271268934011, "dmean": 0.0545691773295, "max": 0.996094465256, "var": 0.0130644310266, "mean": 0.529986977577}, "spectral_energyband_middle_high": {"dmean2": 0.000968590262346, "median": 0.000436370115494, "min": 1.24642567575e-21, "dvar2": 2.15157051571e-05, "dvar": 1.41472464747e-05, "dmean": 0.000790260965005, "max": 0.328741669655, "var": 8.01315400167e-05, "mean": 0.00277509447187}, "spectral_contrast_coeffs": {"dmean2": [0.0661902278662, 0.0553106963634, 0.043483350426, 0.0377638824284, 0.0320585779846, 0.0247139018029], "median": [-0.637292087078, -0.721940338612, -0.767299175262, -0.771575629711, -0.77277636528, -0.78684091568], "min": [-0.958725690842, -0.996545135975, -0.998963594437, -0.98800855875, -0.988692581654, -0.961701691151], "dvar2": [0.00326643628068, 0.00203163363039, 0.00135005021002, 0.000997648923658, 0.000856906874105, 0.000560975575354], "dvar": [0.00117678323295, 0.00082766264677, 0.000583757995628, 0.000453145708889, 0.00043754716171, 0.000279751198832], "dmean": [0.0397219881415, 0.03438109532, 0.0276393759996, 0.0240393150598, 0.0210866108537, 0.0162973422557], "max": [-0.286095917225, -0.461813539267, -0.459846973419, -0.450104951859, -0.496390759945, -0.559507668018], "var": [0.00794163532555, 0.0054170624353, 0.00490636005998, 0.00509184971452, 0.00549552543089, 0.00343500776216], "mean": [-0.630794227123, -0.716355741024, -0.760688006878, -0.763357877731, -0.766713559628, -0.784790456295]}, "melbands_skewness": {"dmean2": 0.814777076244, "median": 2.56991910934, "min": -1.73735535145, "dvar2": 1.15759861469, "dvar": 0.478945106268, "dmean": 0.528369069099, "max": 36.4487724304, "var": 2.54292607307, "mean": 2.77639603615}, "spectral_spread": {"dmean2": 600576.5625, "median": 2513231.75, "min": 638430.4375, "dvar2": 815451275264, "dvar": 453288820736, "dmean": 391657, "max": 41096448, "var": 2678307684350.0, "mean": 2797103.75}, "dissonance": {"dmean2": 0.0402813702822, "median": 0.439859837294, "min": 0.166462481022, "dvar2": 0.00141258118674, "dvar": 0.000524953531567, "dmean": 0.0240905731916, "max": 0.500000178814, "var": 0.00186563970055, "mean": 0.432091861963}, "spectral_skewness": {"dmean2": 0.896183490753, "median": 2.82422184944, "min": -0.124891191721, "dvar2": 0.865902721882, "dvar": 0.334630548954, "dmean": 0.542317271233, "max": 10.4172315598, "var": 2.28153896332, "mean": 3.17445397377}, "spectral_flux": {"dmean2": 0.0190792419016, "median": 0.0311331022531, "min": 6.54880663586e-11, "dvar2": 0.000581786618568, "dvar":