{"tonal": {"thpcp": [1, 0.504727005959, 0.0351627469063, 0.0358294844627, 0.0311195384711, 0.264178067446, 0.511335253716, 0.284321784973, 0.291630387306, 0.516777336597, 0.266317218542, 0.302536576986, 0.549490988255, 0.284532040358, 0.252488553524, 0.430896490812, 0.208398371935, 0.0215338971466, 0.021560491994, 0.0224428158253, 0.3316411376, 0.647042095661, 0.348853290081, 0.104869067669, 0.159305080771, 0.0855774059892, 0.333520025015, 0.637528240681, 0.331802725792, 0.157220840454, 0.281477689743, 0.147803798318, 0.0444431602955, 0.0830316320062, 0.0671873390675, 0.534884929657], "hpcp": {"dmean2": [0.18175779283, 0.103018581867, 0.11664712429, 0.206789419055, 0.119767025113, 0.107423074543, 0.17594408989, 0.0891313031316, 0.015365970321, 0.0161067787558, 0.0168944299221, 0.116198346019, 0.214371919632, 0.126647159457, 0.0492352582514, 0.0741903707385, 0.0452026501298, 0.116460621357, 0.222705677152, 0.140510797501, 0.0804028734565, 0.134111687541, 0.0692872330546, 0.0308707654476, 0.0591820664704, 0.0499363578856, 0.184084713459, 0.318302065134, 0.188242912292, 0.0258189588785, 0.0216975007206, 0.0219087544829, 0.123327076435, 0.230635687709, 0.136050507426, 0.109500594437], "median": [0.0375116616488, 0.032511241734, 0.0794707760215, 0.127438813448, 0.0806860178709, 0.1040404737, 0.168624281883, 0.0735551714897, 0.00739042274654, 0.00673591718078, 0.00618746876717, 0.0692709684372, 0.131291210651, 0.0718140602112, 0.0141004072502, 0.00994686596096, 0.00738454051316, 0.0667944476008, 0.139098078012, 0.0824670791626, 0.0263599455357, 0.025085804984, 0.010883172974, 0.0153953712434, 0.0246237665415, 0.0205419193953, 0.273657083511, 0.490304797888, 0.243229329586, 0.0123321097344, 0.00996979512274, 0.00954514183104, 0.0929185301065, 0.17833326757, 0.0993897467852, 0.0402654483914], "min": [0, 0, 0, 0, 0, 0, 0, 0, 0, 0, 0, 0, 0, 0, 0, 0, 0, 0, 0, 0, 0, 0, 0, 0, 0, 0, 0, 0, 0, 0, 0, 0, 0, 0, 0, 0], "dvar2": [0.072644777596, 0.021267645061, 0.0223421212286, 0.075463399291, 0.0242682751268, 0.0146340252832, 0.0398942455649, 0.0112827513367, 0.000603892782237, 0.00067835021764, 0.000743848038837, 0.0208487696946, 0.0727719664574, 0.0267418194562, 0.00938946008682, 0.0299694426358, 0.0078945280984, 0.0200290139765, 0.0808616057038, 0.0300626289099, 0.0140024293214, 0.0500930100679, 0.0138607043773, 0.00255195074715, 0.0167758353055, 0.0108781037852, 0.026665084064, 0.0819257646799, 0.0275838114321, 0.00161248003133, 0.00160793855321, 0.00158600346185, 0.0206245388836, 0.0739158093929, 0.0289986468852, 0.0219581611454], "dvar": [0.033434022218, 0.00959014706314, 0.00918131601065, 0.0328260473907, 0.0107486266643, 0.00691056763753, 0.0205835849047, 0.00561134656891, 0.000221783004235, 0.000266903021839, 0.000290926109301, 0.00929889269173, 0.0367302708328, 0.0121484389529, 0.00382630852982, 0.0129877887666, 0.00363450008444, 0.0111813191324, 0.0446679890156, 0.0139646511525, 0.00624024542049, 0.0230129454285, 0.00641448935494, 0.00105013593566, 0.00689587555826, 0.00444079330191, 0.013426897116, 0.0460707657039, 0.0129841705784, 0.000581092550419, 0.000611094175838, 0.000581478641834, 0.00880261324346, 0.0339230261743, 0.0122113311663, 0.0095070367679], "dmean": [0.115459471941, 0.0674338191748, 0.0721620470285, 0.128279164433, 0.0746067836881, 0.0684870705009, 0.114559434354, 0.0579361990094, 0.00897636823356, 0.00965666770935, 0.0101135093719, 0.0744138881564, 0.13094766438, 0.0811896622181, 0.0304741691798, 0.0473842471838, 0.028718881309, 0.0786278173327, 0.145674437284, 0.090773075819, 0.0507259443402, 0.0850065797567, 0.0444429591298, 0.0179959181696, 0.0351359993219, 0.0297548696399, 0.121176384389, 0.206665679812, 0.119808070362, 0.0149631481618, 0.0128821786493, 0.0130700850859, 0.0765127912164, 0.139581084251, 0.083317399025, 0.0699334740639], "max": [1, 1, 0.674671649933, 1, 1, 0.723279953003, 1, 0.848986029625, 0.174656629562, 0.180940955877, 0.183570027351, 0.843499779701, 1, 0.819520831108, 0.735211253166, 1, 0.616301357746, 0.7130215168, 1, 0.952825784683, 0.786466479301, 1, 0.811766505241, 0.415663391352, 1, 1, 0.968113899231, 1, 0.810232996941, 0.305105626583, 0.283764779568, 0.307062387466, 0.964900135994, 1, 0.939910709858, 0.770658135414], "var": [0.133574068546, 0.0351294614375, 0.0322017259896, 0.113376393914, 0.0301389470696, 0.0186728313565, 0.059363078326, 0.0150854922831, 0.000221336420509, 0.000283319648588, 0.000325867556967, 0.0409907959402, 0.148260146379, 0.0452428422868, 0.0116311069578, 0.0387510322034, 0.0101013472304, 0.0412729904056, 0.148028060794, 0.0384237654507, 0.0174960456789, 0.0689604505897, 0.0199048686773, 0.00118152797222, 0.00711564766243, 0.004407054279, 0.0347488895059, 0.121650010347, 0.0338566452265, 0.000554059050046, 0.000760697235819, 0.000601575884502, 0.0206411797553, 0.077764056623, 0.0251869838685, 0.037924490869], "mean": [0.281432896852, 0.1450342834, 0.16475905478, 0.29924851656, 0.154953926802, 0.137503296137, 0.234662875533, 0.113492131233, 0.0117271924391, 0.0117416754365, 0.0122221820056, 0.180609181523, 0.352374076843, 0.189982786775, 0.057110875845, 0.0867563039064, 0.0466047860682, 0.181632399559, 0.347192913294, 0.18069717288, 0.0856212452054, 0.153290554881, 0.0804927945137, 0.0242033991963, 0.0452183783054, 0.0365897007287, 0.291294157505, 0.54459220171, 0.27487039566, 0.019149357453, 0.0195124577731, 0.0169474575669, 0.143869310617, 0.278469204903, 0.154839426279, 0.158819630742]}, "tuning_equal_tempered_deviation": 0.000243775837589, "chords_changes_rate": 0.0357917584479, "key_key": "B", "tuning_diatonic_strength": 0.452900588512, "key_scale": "major", "chords_number_rate": 0.00325379613787, "tuning_frequency": 441.272583008, "tuning_nontempered_energy_ratio": 0.557724237442, "chords_histogram": [42.7331886292, 8.02603054047, 0, 0, 0, 0, 0, 0, 0, 0, 0, 0, 0, 0, 0, 0, 0, 14.0997829437, 0.162689805031, 29.338394165, 3.79609537125, 0.0542299337685, 0, 1.78958785534], "key_strength": 0.665712237358, "chords_key": "B", "chords_strength": {"dmean2": 0.0058888620697, "median": 0.484803020954, "min": -1, "dvar2": 0.00197432073765, "dvar": 0.00102244573645, "dmean": 0.00692143337801, "max": 0.598664343357, "var": 0.0831416100264, "mean": 0.423443973064}, "chords_scale": "major", "hpcp_entropy": {"dmean2": 0.562572479248, "median": 1.90309071541, "min": 0, "dvar2": 0.249636098742, "dvar": 0.0981161743402, "dmean": 0.349578946829, "max": 2.99906086922, "var": 0.329738467932, "mean": 1.77324128151}}, "metadata": {"audio_properties": {"equal_loudness": 0, "codec": "flac", "downmix": "mix", "sample_rate": 44100, "analysis_sample_rate": 44100, "bit_rate": 0, "md5_encoded": "fdbd92f75eee4006ad45c1e47d6fadbf", "length": 85.5599975586, "replay_gain": -12.323469162, "lossless": true}, "version": {"essentia_build_sha": "70f2e5ece6736b2c40cc944ad0e695b16b925413", "essentia": "2.1-beta2", "extractor": "music 1.0", "essentia_git_sha": "v2.1_beta2"}, "tags": {"title": ["Temple"], "media": ["CD"], "albumartist": ["\u8352\u5ddd\u61b2\u4e00"], "tracktotal": ["24"], "musicbrainz_releasegroupid": ["8574f3e7-bf1e-38b0-abcd-7afbda6308cb"], "releasetype": ["album", "soundtrack"], "musicbrainz_recordingid": ["1f79763a-2680-4ee5-8aed-d87791094c58"], "musicbrainz_albumartistid": ["f8757fa5-4d66-48ac-980e-d799b762c1d1"], "musicbrainz_discid": ["8QK60Eh1OdWB65bj0UOJ9yYyrs8-"], "originalyear": ["2009"], "musicbrainz_releasetrackid": ["15ffff9d-5cdb-3d20-ab81-766d350152dd"], "discnumber": ["1"], "album": ["Sounds From The Dark Spire"], "releasecountry": ["US"], "originaldate": ["2009-04-14"], "albumartistsort": ["Arakawa, Kenichi"], "date": ["2009-04-14"], "file_name": "07 Temple.flac", "disctotal": ["1"], "musicbrainz_artistid": ["f8757fa5-4d66-48ac-980e-d799b762c1d1"], "asin": ["B001OALQIA"], "musicbrainz_albumid": ["32b60b4e-801a-4951-97c1-aad085311ab9"], "artist": ["\u8352\u5ddd\u61b2\u4e00"], "artistsort": ["Arakawa, Kenichi"], "tracknumber": ["7"], "totaltracks": ["24"], "totaldiscs": ["1"], "script": ["Latn"], "releasestatus": ["official"]}}, "rhythm": {"bpm_histogram_first_peak_bpm": {"dmean2": 0, "median": 178, "min": 178, "dvar2": 0, "dvar": 0, "dmean": 0, "max": 178, "var": 0, "mean": 178}, "bpm": 178.205703735, "bpm_histogram_second_peak_spread": {"dmean2": 0, "median": 0, "min": 0, "dvar2": 0, "dvar": 0, "dmean": 0, "max": 0, "var": 0, "mean": 0}, "bpm_histogram_first_peak_weight": {"dmean2": 0, "median": 0.570281147957, "min": 0.570281147957, "dvar2": 0, "dvar": 0, "dmean": 0, "max": 0.570281147957, "var": 0, "mean": 0.570281147957}, "onset_rate": 4.1249332428, "beats_position": [0.406349211931, 0.824308395386, 1.23065757751, 1.64861679077, 2.0549659729, 2.47292518616, 2.89088439941, 3.27401351929, 3.65714287758, 4.05188179016, 4.446621418, 4.81814050674, 5.17804956436, 5.52634906769, 5.87464857101, 6.2229475975, 6.57124710083, 6.91954612732, 7.25623559952, 7.59292507172, 7.94122457504, 8.28952407837, 8.6146030426, 8.95129203796, 9.287981987, 9.61306095123, 9.94974994659, 10.2864398956, 10.6115188599, 10.9482088089, 11.2848978043, 11.6215867996, 11.9582767487, 12.2833557129, 12.6084346771, 12.9451246262, 13.2818136215, 13.6185035706, 13.9551925659, 14.2802715302, 14.6169614792, 14.9536504745, 15.2787294388, 15.6154193878, 15.9521083832, 16.2887973785, 16.6254863739, 16.9505672455, 17.2872562408, 17.6239452362, 17.9490242004, 18.2857131958, 18.6224040985, 18.9474830627, 19.2841720581, 19.6208610535, 19.9575500488, 20.2942390442, 20.6193199158, 20.9560089111, 21.2926979065, 21.6177768707, 21.9660758972, 22.2911567688, 22.616235733, 22.9529247284, 23.2896137238, 23.614692688, 23.9513835907, 24.2880725861, 24.6131515503, 24.9498405457, 25.286529541, 25.6232185364, 25.9599094391, 26.2965984344, 26.6332874298, 26.958366394, 27.2834453583, 27.620136261, 27.9568252563, 28.2819042206, 28.6185932159, 28.9552822113, 29.291973114, 29.6286621094, 29.9537410736, 30.290430069, 30.6271190643, 30.9521980286, 31.2888889313, 31.6255779266, 31.9506568909, 32.2873458862, 32.6240348816, 32.960723877, 33.2974128723, 33.6224937439, 33.9475746155, 34.2958717346, 34.6209526062, 34.9576416016, 35.2943305969, 35.6194114685, 35.9561004639, 36.2927894592, 36.6294784546, 36.96616745, 37.2912483215, 37.6279373169, 37.9646263123, 38.2897033691, 38.6263923645, 38.9630813599, 39.2881622314, 39.6248512268, 39.9615402222, 40.2866210938, 40.6233100891, 40.9599990845, 41.2966880798, 41.6333770752, 41.9584579468, 42.2951469421, 42.6318359375, 42.9569168091, 43.281993866, 43.6186828613, 43.9553718567, 44.2920608521, 44.6287536621, 44.953830719, 45.2905197144, 45.6272087097, 45.9638977051, 46.3005905151, 46.625667572, 46.9507484436, 47.287437439, 47.6241264343, 47.9608154297, 48.297504425, 48.6225852966, 48.959274292, 49.2959632874, 49.6210403442, 49.9577331543, 50.2944221497, 50.6194992065, 50.9561882019, 51.2928771973, 51.6295700073, 51.9662590027, 52.2913360596, 52.6280250549, 52.9647140503, 53.2897949219, 53.6264839172, 53.9631729126, 54.2882537842, 54.6249427795, 54.9616317749, 55.2867126465, 55.6234016418, 55.9600906372, 56.2967796326, 56.6334686279, 56.9585494995, 57.2952384949, 57.6319274902, 57.9570045471, 58.305305481, 58.6303825378, 58.9554634094, 59.2921524048, 59.6288414001, 59.9655303955, 60.3022193909, 60.6273002625, 60.9639892578, 61.3006782532, 61.6257591248, 61.9624481201, 62.2991371155, 62.6358261108, 62.9725151062, 63.2975959778, 63.6226730347, 63.95936203, 64.2960510254, 64.621131897, 64.957824707, 65.2945098877, 65.6428070068, 65.9678878784, 66.3045806885, 66.6412658691, 66.9663467407, 67.2914276123, 67.6281204224, 67.964805603, 68.2898864746, 68.6265716553, 68.9632644653, 69.299949646, 69.6366424561, 69.9617233276, 70.2868041992, 70.6351013184, 70.9601821899, 71.2968673706, 71.6335601807, 71.9586410522, 72.2953262329, 72.632019043, 72.9687042236, 73.3053970337, 73.6304779053, 73.9671630859, 74.303855896, 74.6289291382, 74.9656219482, 75.3023147583, 75.6273880005, 75.9640808105, 76.3007659912, 76.6258468628, 76.9625396729, 77.2992248535, 77.6475296021, 77.9958267212, 78.3557357788, 78.7156448364, 79.075553894, 79.4354629517, 79.7837600708, 80.1320648193, 80.46875, 80.8054428101, 81.1537399292, 81.5136489868, 81.9083862305, 82.3031311035, 82.6978683472, 83.0809936523, 83.4757385254, 83.870475769, 84.2652130127, 84.6599502563, 85.0546951294], "beats_loudness": {"dmean2": 0.00948555395007, "median": 0.0215926542878, "min": 0, "dvar2": 7.68014360801e-05, "dvar": 4.06499639212e-05, "dmean": 0.00661842385307, "max": 0.0554480627179, "var": 0.000219212335651, "mean": 0.0225763879716}, "danceability": 0.852041780949, "bpm_histogram_second_peak_weight": {"dmean2": 0, "median": 0.257028102875, "min": 0.257028102875, "dvar2": 0, "dvar": 0, "dmean": 0, "max": 0.257028102875, "var": 0, "mean": 0.257028102875}, "beats_count": 250, "bpm_histogram_second_peak_bpm": {"dmean2": 0, "median": 185, "min": 185, "dvar2": 0, "dvar": 0, "dmean": 0, "max": 185, "var": 0, "mean": 185}, "bpm_histogram_first_peak_spread": {"dmean2": 0, "median": 0, "min": 0, "dvar2": 0, "dvar": 0, "dmean": 0, "max": 0, "var": 0, "mean": 0}, "beats_loudness_band_ratio": {"dmean2": [0.0777585506439, 0.154156059027, 0.237119704485, 0.171851933002, 0.104519106448, 0.0424389876425], "median": [0.030115224421, 0.0932088121772, 0.382311880589, 0.264975965023, 0.120244517922, 0.0439913086593], "min": [0, 0, 0, 0, 0, 0], "dvar2": [0.0119647514075, 0.01351992134, 0.0405062325299, 0.0189616177231, 0.00741055607796, 0.00114489614498], "dvar": [0.00440979516134, 0.00455093709752, 0.0128361051902, 0.00684870267287, 0.00250311428681, 0.000492029357702], "dmean": [0.0431163087487, 0.0849497243762, 0.138382434845, 0.107270546257, 0.0609829202294, 0.0249248184264], "max": [0.412393033504, 0.496906340122, 0.732981204987, 0.568893432617, 0.373249351978, 0.1495192945], "var": [0.00359852262773, 0.00554379494861, 0.0208614896983, 0.0127975475043, 0.00573752122, 0.00097705074586], "mean": [0.0456781983376, 0.109562948346, 0.374811857939, 0.272174179554, 0.131114214659, 0.0517628788948]}}, "lowlevel": {"barkbands_spread": {"dmean2": 3.64904808998, "median": 15.9991874695, "min": 4.63857412338, "dvar2": 18.6941566467, "dvar": 9.22694396973, "dmean": 2.54762482643, "max": 113.119407654, "var": 36.4811515808, "mean": 16.6923961639}, "melbands_spread": {"dmean2": 6.70862388611, "median": 22.9589576721, "min": 2.84031581879, "dvar2": 61.8161811829, "dvar": 25.4110565186, "dmean": 4.52411174774, "max": 165.122680664, "var": 617.579711914, "mean": 28.7087135315}, "hfc": {"dmean2": 8.48651409149, "median": 22.8096313477, "min": 1.07279998405e-16, "dvar2": 102.671394348, "dvar": 43.2974319458, "dmean": 5.68773937225, "max": 94.3521499634, "var": 329.752716064, "mean": 24.126871109}, "barkbands_kurtosis": {"dmean2": 1.40416193008, "median": 1.20839285851, "min": -1.57655000687, "dvar2": 11.8695354462, "dvar": 4.09286928177, "dmean": 0.929916918278, "max": 81.1920166016, "var": 5.48158836365, "mean": 1.62297558784}, "gfcc": {"mean": [-58.2023200989, 56.8379249573, -138.57975769, -12.5723876953, -66.1219100952, 0.599576056004, -36.1346549988, 9.22379684448, -19.528295517, 2.2065820694, -14.4882316589, -1.09539341927, -12.115937233], "icov": [[8.27535841381e-05, -4.42469718109e-05, 0.000237285770709, -0.000204624666367, 0.000307733687805, -0.000519347551744, 0.000384886021493, -0.000445007462986, 0.000486219971208, -0.000488646270242, 0.000481223076349, -0.000187332683709, 5.92677315581e-05], [-4.42469718109e-05, 0.00524838641286, -0.00154813891277, -0.00112651556265, 0.0025157041382, -0.00336998188868, 0.00181129632983, -0.00168582133483, 0.00308593688533, -0.00361964129843, 0.00642739934847, -0.00410223240033, 0.00285334559157], [0.000237285770709, -0.00154813891277, 0.00313706696033, -3.13620912493e-05, -0.00159488839563, -0.00219871546142, 0.000187158744666, 8.87022179086e-05, -0.00246843369678, 0.0037804893218, -0.00369453639723, 0.00203995662741, -0.000902973697521], [-0.000204624666367, -0.00112651556265, -3.13620912493e-05, 0.00756015861407, -0.00479254173115, 0.00605537183583, -0.0034685311839, 0.000213227191125, 0.000500600435771, -0.00124395487364, 0.000177351234015, -0.00207340973429, 0.00171836535446], [0.000307733687805, 0.0025157041382, -0.00159488839563, -0.00479254173115, 0.0137528814375, -0.0073837665841, 0.00123947823886, -0.000543675734662, -0.00208628969267, 0.00415439438075, -0.00489033339545, 0.00257413391955, -0.00172814610414], [-0.000519347551744, -0.00336998188868, -0.00219871546142, 0.00605537183583, -0.0073837665841, 0.0238090194762, -0.00663927709684, 0.00252081779763, 0.00268494640477, -0.0065573612228, 0.0024574585259, 0.00229616230354, 0.0043010879308], [0.000384886021493, 0.00181129632983, 0.000187158744666, -0.0034685311839, 0.00123947823886, -0.00663927709684, 0.0173171591014, -0.00246521714143, -0.00673788087443, 0.00577367050573, 0.00114950048737, -0.0014269183157, 0.00108534411993], [-0.000445007462986, -0.00168582133483, 8.87022179086e-05, 0.000213227191125, -0.000543675734662, 0.00252081779763, -0.00246521714143, 0.023900186643, -0.0120876030996, 0.0131100602448, -0.00916854292154, 0.00713228154927, 0.00561935082078], [0.000486219971208, 0.00308593688533, -0.00246843369678, 0.000500600435771, -0.00208628969267, 0.00268494640477, -0.00673788087443, -0.0120876030996, 0.0448262244463, -0.0435603670776, 0.0300546158105, -0.0133307185024, -0.000769658654463], [-0.000488646270242, -0.00361964129843, 0.0037804893218, -0.00124395487364, 0.00415439438075, -0.0065573612228, 0.00577367050573, 0.0131100602448, -0.0435603670776, 0.075402803719, -0.0492411367595, 0.0195180829614, 0.00297420914285], [0.000481223076349, 0.00642739934847, -0.00369453639723, 0.000177351234015, -0.00489033339545, 0.0024574585259, 0.00114950048737, -0.00916854292154, 0.0300546158105, -0.0492411367595, 0.0631200820208, -0.0267050620168, 0.00690095545724], [-0.000187332683709, -0.00410223240033, 0.00203995662741, -0.00207340973429, 0.00257413391955, 0.00229616230354, -0.0014269183157, 0.00713228154927, -0.0133307185024, 0.0195180829614, -0.0267050620168, 0.0377410165966, -0.0110629796982], [5.92677315581e-05, 0.00285334559157, -0.000902973697521, 0.00171836535446, -0.00172814610414, 0.0043010879308, 0.00108534411993, 0.00561935082078, -0.000769658654463, 0.00297420914285, 0.00690095545724, -0.0110629796982, 0.034688282758]], "cov": [[73100.5625, 2758.45019531, -8000.33251953, -691.236206055, -3639.74047852, 54.708530426, -2001.53649902, 529.90057373, -1098.27600098, 154.648254395, -803.019226074, -99.456489563, -646.737121582], [2758.45019531, 446.577514648, -137.137405396, -40.2753868103, -162.400543213, 65.2434082031, -85.0433731079, 33.4135284424, -47.9507713318, -0.80269831419, -58.8229026794, -8.9977273941, -54.1164588928], [-8000.33251953, -137.137405396, 1437.17468262, 84.8469543457, 502.95111084, 106.270439148, 241.77734375, -32.2674102783, 132.44090271, -20.973487854, 93.423286438, -15.0576133728, 49.0488815308], [-691.236206055, -40.2753868103, 84.8469543457, 219.81867981, 94.3946914673, -32.745967865, 51.7882118225, 3.91152310371, 19.5458507538, -0.862437546253, 19.4638137817, 19.0522594452, 5.03399848938], [-3639.74047852, -162.400543213, 502.95111084, 94.3946914673, 316.4034729, 34.4089279175, 119.431526184, -17.3110027313, 61.7759552002, -4.72821187973, 54.7916069031, -2.1417863369, 28.7503166199], [54.708530426, 65.2434082031, 106.270439148, -32.745967865, 34.4089279175, 92.4237365723, 17.2730846405, 5.08444213867, 5.33369398117, 7.78072309494, -3.52955269814, -18.334854126, -17.8754940033], [-2001.53649902, -85.0433731079, 241.77734375, 51.7882118225, 119.431526184, 17.2730846405, 137.485473633, 1.76235127449, 50.7590370178, -6.45646762848, 14.2216596603, 1.29939258099, 12.6294536591], [529.90057373, 33.4135284424, -32.2674102783, 3.91152310371, -17.3110027313, 5.08444213867, 1.76235127449, 61.656879425, 7.83622789383, -0.295659124851, -8.56255054474, -10.8423061371, -17.7789497375], [-1098.27600098, -47.9507713318, 132.44090271, 19.5458507538, 61.7759552002, 5.33369398117, 50.7590370178, 7.83622789383, 75.7768096924, 25.4228897095, 9.31184196472, 1.07375884056, 5.85026073456], [154.648254395, -0.80269831419, -20.973487854, -0.862437546253, -4.72821187973, 7.78072309494, -6.45646762848, -0.295659124851, 25.4228897095, 46.2310333252, 21.6789970398, -1.00022697449, -9.68351840973], [-803.019226074, -58.8229026794, 93.423286438, 19.4638137817, 54.7916069031, -3.52955269814, 14.2216596603, -8.56255054474, 9.31184196472, 21.6789970398, 55.3600463867, 16.840221405, 4.49293804169], [-99.456489563, -8.9977273941, -15.0576133728, 19.0522594452, -2.1417863369, -18.334854126, 1.29939258099, -10.8423061371, 1.07375884056, -1.00022697449, 16.840221405, 47.567691803, 15.3866329193], [-646.737121582, -54.1164588928, 49.0488815308, 5.03399848938, 28.7503166199, -17.8754940033, 12.6294536591, -17.7789497375, 5.85026073456, -9.68351840973, 4.49293804169, 15.3866329193, 46.5191917419]]}, "spectral_energyband_middle_low": {"dmean2": 0.00375046022236, "median": 0.00931363552809, "min": 1.15943986437e-22, "dvar2": 2.19633348024e-05, "dvar": 1.04491482489e-05, "dmean": 0.00269591226242, "max": 0.0480925776064, "var": 7.63756688684e-05, "mean": 0.010640008375}, "melbands_crest": {"dmean2": 2.73481845856, "median": 7.85873126984, "min": 1.63746368885, "dvar2": 6.99851465225, "dvar": 2.9712843895, "dmean": 1.78861451149, "max": 38.5903739929, "var": 8.89635276794, "mean": 8.20058441162}, "spectral_kurtosis": {"dmean2": 1.56298363209, "median": 5.46985244751, "min": -1.27155840397, "dvar2": 2.06524276733, "dvar": 0.787002325058, "dmean": 0.943934559822, "max": 15.4762649536, "var": 4.17379903793, "mean": 5.38182973862}, "spectral_rms": {"dmean2": 0.000598501297645, "median": 0.00451068766415, "min": 3.08946314712e-12, "dvar2": 3.81186168852e-07, "dvar": 1.78976208076e-07, "dmean": 0.00041838575271, "max": 0.00839692912996, "var": 4.34589128417e-06, "mean": 0.0040755039081}, "zerocrossingrate": {"dmean2": 0.00801157671958, "median": 0.06884765625, "min": 0.0224609375, "dvar2": 8.13705482869e-05, "dvar": 5.80884661758e-05, "dmean": 0.00640171812847, "max": 0.53125, "var": 0.00871208682656, "mean": 0.0893718972802}, "silence_rate_60dB": {"dmean2": 0.0108577637002, "median": 0, "min": 0, "dvar2": 0.0129117686301, "dvar": 0.00539790233597, "dmean": 0.00542740849778, "max": 1, "var": 0.139371290803, "mean": 0.16739012301}, "erbbands_kurtosis": {"dmean2": 1.10691511631, "median": 0.29943048954, "min": -1.37670695782, "dvar2": 1.49766206741, "dvar": 0.758066117764, "dmean": 0.755259394646, "max": 18.4832420349, "var": 3.32087206841, "mean": 0.765994668007}, "erbbands": {"dmean2": [0.000869481184054, 0.0189508832991, 0.115121737123, 0.0788168907166, 0.558715343475, 1.05006587505, 2.25788736343, 5.57186317444, 21.0182552338, 26.6933326721, 28.0177974701, 29.3284320831, 31.9363441467, 43.1408538818, 22.6839694977, 38.7870445251, 33.4398841858, 47.4900588989, 50.5399093628, 44.6285896301, 52.2077674866, 29.1802692413, 21.6435127258, 17.8627147675, 14.0066328049, 7.4294424057, 9.07110691071, 4.38242912292, 2.43631625175, 1.77772223949, 1.05139553547, 1.02377808094, 0.457894802094, 0.275183260441, 0.185477882624, 0.0457940995693, 0.0123896617442, 0.00354588055052, 0.000525970710441, 3.14215649269e-05], "median": [0.000659982149955, 0.0227133929729, 0.213631734252, 0.123504310846, 0.348112285137, 1.96939182281, 3.12803220749, 7.2366027832, 17.0520820618, 23.6240272522, 35.8896408081, 35.5425338745, 41.3174438477, 53.5414810181, 25.4776268005, 29.6171264648, 28.0709762573, 26.748626709, 27.1938781738, 21.0533981323, 18.6884460449, 18.2490158081, 15.1701555252, 13.1426963806, 10.0638570786, 6.17151403427, 4.6945734024, 2.97150373459, 2.16069078445, 1.42710256577, 1.4602214098, 1.36065948009, 0.654145359993, 0.351205348969, 0.201581463218, 0.0818981900811, 0.0279144272208, 0.00623317901045, 0.000941344187595, 9.39211604418e-05], "min": [2.0016143246e-23, 3.11833812826e-22, 7.79749296708e-22, 4.82505921971e-21, 9.33103028695e-21, 2.03911427039e-20, 3.41536218704e-20, 5.22607411885e-20, 4.92668029667e-20, 2.02931146928e-19, 2.30829635468e-19, 3.12329518175e-19, 5.27912922485e-19, 7.67711341293e-19, 6.27216678805e-19, 1.08705222329e-18, 1.15295990654e-18, 1.67881578594e-18, 1.76906491308e-18, 2.81833276676e-18, 3.17621494032e-18, 4.63876228716e-18, 4.74142822248e-18, 5.39453322461e-18, 6.32134939631e-18, 6.71599437142e-18, 8.56611450593e-18, 1.00639102934e-17, 1.00372072489e-17, 1.10057695717e-17, 1.18417712383e-17, 1.09052232867e-17, 8.31271765145e-18, 7.42979995486e-18, 5.6104608653e-18, 3.44129303262e-18, 2.27785543606e-18, 9.79798434099e-19, 2.3296327031e-19, 2.57035647852e-20], "dvar2": [1.70503324171e-06, 0.000833510770462, 0.0349421612918, 0.0160983819515, 1.35617542267, 2.38199520111, 11.069524765, 59.7043685913, 1413.97070312, 1328.12976074, 1554.11340332, 2013.54516602, 2545.23388672, 3360.62524414, 975.590209961, 2943.68237305, 2589.57324219, 4647.99511719, 5765.15820312, 4417.09521484, 11521.8056641, 1625.65539551, 778.356262207, 638.547302246, 406.258422852, 131.922225952, 403.804901123, 61.1958656311, 15.1074409485, 8.07150173187, 1.85789382458, 1.57871592045, 0.336164861917, 0.117866426706, 0.0879889950156, 0.00406670942903, 0.000200632566703, 1.86354882317e-05, 4.04035745305e-07, 1.2546499395e-09], "dvar": [7.30607382593e-07, 0.000577556609642, 0.0191656351089, 0.0094630215317, 0.831183433533, 1.28517150879, 5.27306270599, 27.7712173462, 477.576385498, 511.26550293, 928.183288574, 1240.79052734, 1748.90686035, 2927.40454102, 693.144042969, 1732.65124512, 1419.89379883, 2127.21728516, 2613.79858398, 1661.81054688, 4447.22265625, 605.154296875, 282.452697754, 227.146499634, 149.170227051, 48.6061859131, 135.184356689, 24.0580291748, 5.78959321976, 3.23621034622, 0.732816815376, 0.65263491869, 0.128682658076, 0.0501206666231, 0.0418206378818, 0.00169813935645, 8.05334057077e-05, 7.42411748433e-06, 1.6086744381e-07, 5.16913234438e-10], "dmean": [0.00058304349659, 0.0152881173417, 0.0926004871726, 0.0594413615763, 0.454880356789, 0.826376140118, 1.65869152546, 4.10031652451, 12.8326292038, 16.7778987885, 23.8908882141, 24.7346363068, 29.7211284637, 38.465045929, 18.6071491241, 28.7313594818, 23.5374794006, 31.4811229706, 31.8707237244, 26.7727565765, 31.0742225647, 17.149553299, 12.9139385223, 10.5072546005, 8.33341026306, 4.49249124527, 5.32375097275, 2.77390980721, 1.53319573402, 1.14085900784, 0.668454289436, 0.667204976082, 0.290463685989, 0.175738826394, 0.12132589519, 0.0287893433124, 0.00794947333634, 0.00222073099576, 0.00032873172313, 2.06859840546e-05], "max": [0.0162353925407, 0.622328281403, 3.22040843964, 2.77913784981, 19.6437206268, 26.3508205414, 39.3112945557, 82.4999694824, 314.486633301, 285.652526855, 472.655059814, 555.688415527, 608.034606934, 838.064941406, 414.864990234, 594.015380859, 637.137573242, 480.825134277, 729.559936523, 441.875976562, 1022.97558594, 279.158416748, 156.441772461, 168.397705078, 184.068557739, 110.626304626, 145.044174194, 69.0659790039, 30.6135902405, 17.4229927063, 9.09695053101, 8.5236158371, 3.5323035717, 3.50477933884, 2.92394471169, 0.838550031185, 0.137801542878, 0.0374454781413, 0.00516959512606, 0.000399536860641], "var": [4.93838251714e-06, 0.0127422977239, 0.218421697617, 0.0765043199062, 3.66867375374, 13.058555603, 32.1545639038, 136.230194092, 1439.48364258, 1782.15710449, 4404.99414062, 6155.63867188, 8475.05957031, 12735.2216797, 2717.8762207, 6423.42285156, 3473.33007812, 4291.40283203, 4409.91113281, 2615.98974609, 7565.06494141, 931.028442383, 497.265289307, 348.15814209, 268.929321289, 89.1878204346, 183.382080078, 34.1744651794, 9.95827102661, 4.92045402527, 2.07506895065, 2.30624222755, 0.475702166557, 0.32016608119, 0.165626659989, 0.0119288014248, 0.00079904566519, 5.6249275076e-05, 1.23077995795e-06, 6.52157217118e-09], "mean": [0.00156950915698, 0.0725106745958, 0.402941286564, 0.212211564183, 1.15107750893, 3.20868682861, 4.72937965393, 11.0346355438, 28.4657802582, 37.236530304, 58.7633934021, 64.2514953613, 72.8283233643, 91.3324356079, 44.4429359436, 59.9916152954, 46.2171363831, 51.2686386108, 48.0399627686, 39.9172859192, 45.4144020081, 27.5709457397, 21.3641242981, 17.7989902496, 14.5804243088, 8.7813501358, 8.39576721191, 4.66813993454, 2.99307250977, 2.05308890343, 1.71054124832, 1.71944820881, 0.7971560359, 0.541661798954, 0.331517279148, 0.109562702477, 0.0344324409962, 0.00843667425215, 0.00125913822558, 0.000105422470369]}, "spectral_strongpeak": {"dmean2": 1.02864050865, "median": 1.58898329735, "min": 0, "dvar2": 1.72641432285, "dvar": 0.670603990555, "dmean": 0.644448816776, "max": 9.70098209381, "var": 1.83791232109, "mean": 1.77189493179}, "spectral_energy": {"dmean2": 0.00612349947914, "median": 0.0208549629897, "min": 9.78340195458e-21, "dvar2": 4.75656961498e-05, "dvar": 2.28152439377e-05, "dmean": 0.00424028374255, "max": 0.0722711309791, "var": 0.000243012589635, "mean": 0.0214794334024}, "average_loudness": 0.884658038616, "spectral_rolloff": {"dmean2": 497.767028809, "median": 1765.72265625, "min": 21.533203125, "dvar2": 344536.96875, "dvar": 173720.96875, "dmean": 298.684906006, "max": 19379.8828125, "var": 13359101, "mean": 2557.18823242}, "spectral_centroid": {"dmean2": 298.256103516, "median": 1467.48583984, "min": 354.650848389, "dvar2": 129299.585938, "dvar": 65378.34375, "dmean": 184.892883301, "max": 11687.7285156, "var": 4266186.5, "mean": 1925.81542969}, "pitch_salience": {"dmean2": 0.0756575167179, "median": 0.554055571556, "min": 0.0584871470928, "dvar2": 0.0042414390482, "dvar": 0.00170267769136, "dmean": 0.0485189184546, "max": 0.836890876293, "var": 0.00639189267531, "mean": 0.564053475857}, "spectral_energyband_middle_high": {"dmean2": 0.00377714424394, "median": 0.00841115228832, "min": 1.0874267592e-21, "dvar2": 1.92278821487e-05, "dvar": 9.58887358138e-06, "dmean": 0.00265252124518, "max": 0.0440175645053, "var": 6.4848412876e-05, "mean": 0.00974915362895}, "spectral_contrast_coeffs": {"dmean2": [0.0543008893728, 0.0641350671649, 0.0561844035983, 0.0624520108104, 0.0475166589022, 0.0221160296351], "median": [-0.585297942162, -0.703731775284, -0.643180370331, -0.672043919563, -0.711319029331, -0.769639790058], "min": [-0.981962323189, -0.979184985161, -0.976489841938, -0.971316218376, -0.967859745026, -0.965788543224], "dvar2": [0.00224053184502, 0.00297180726193, 0.0026434592437, 0.00299424119294, 0.00182149547618, 0.000392849178752], "dvar": [0.000897702353541, 0.00109985866584, 0.00118300353643, 0.00114569324069, 0.000642701750621, 0.000169183447724], "dmean": [0.0346169397235, 0.0388685464859, 0.039502158761, 0.0384102538228, 0.0283171571791, 0.0141927180812], "max": [-0.352361559868, -0.516399741173, -0.441790342331, -0.511841416359, -0.60100543499, -0.667972922325], "var": [0.0109852589667, 0.00691549153998, 0.00984642188996, 0.0071830553934, 0.00484510231763, 0.00250404258259], "mean": [-0.603619098663, -0.715133666992, -0.659989893436, -0.688497424126, -0.728654742241, -0.780078172684]}, "melbands_skewness": {"dmean2": 0.445970922709, "median": 1.09636998177, "min": -0.536951422691, "dvar2": 0.469798535109, "dvar": 0.17658559978, "dmean": 0.293586790562, "max": 17.2687397003, "var": 0.358790755272, "mean": 1.10077548027}, "spectral_spread": {"dmean2": 415315.78125, "median": 4326145, "min": 2801261.75, "dvar2": 1008833986560.0, "dvar": 604109602816, "dmean": 253441.3125, "max": 42880348, "var": 59552884064300.0, "mean": 6043433.5}, "dissonance": {"dmean2": 0.0301429219544, "median": 0.448568761349, "min": 0.147667482495, "dvar2": 0.000773471198045, "dvar": 0.000303220527712, "dmean": 0.0185380447656, "max": 0.500000059605, "var": 0.00113263586536, "mean": 0.444400340319}, "spectral_skewness": {"dmean2": 0.253422766924, "median": 1.84466683865, "min": -0.0707979053259, "dvar2": 0.0572616867721, "dvar": 0.0243077557534, "dmean": 0.161195635796, "max": 3.48953533173, "var": 0.261260122061, "mean": 1.79325032234}, "spectral_flux": {"dmean2": 0.0194950457662, "median": 0.0600465759635, "min": 6.33274058193e-11, "dvar2": 0.000414987036493, "dvar": 0.000161198608112, "dmean": 0.0121857607737, "max": 0.140651673079, "var": 0.00088933610823, "mean": 0.0554960779846}, "spectral_contrast_valleys": {"dmean2": [0.612061321735, 0.534558713436, 0.528527915478, 0.560347616673, 0.527872145176, 0.273295938969], "median": [-9.09263038635, -6.40490531921, -7.40053081512, -8.01341819763, -7.88069057465, -10.0003604889], "min": [-28.3710918427, -28.0777206421, -27.9668064117, -27.6304645538, -27.5273323059, -27.4129047394], "dvar2": [0.362336963415, 0.281441062689, 0.30857488513, 0.351566642523, 0.353110224009, 0.127783939242], "dvar": [0.178174227476, 0.142166510224, 0.160665184259, 0.17647176981, 0.174894377589, 0.0794437453151], "dmean": [0.381019353867, 0.33333709836, 0.350848793983, 0.350818991661, 0.335162222385, 0.176580742002], "max": [-7.11425161362, -5.15812253952, -5.96514987946, -6.34251403809, -6.42046976089, -9.11666679382], "var": [16.1398906708, 20.4852294922, 18.684091568, 17.8158721924, 17.9788818359, 14.3032426834], "mean": [-10.109205246, -7.65712690353, -8.6211271286, -9.16840839386, -9.0756855011, -11.0976381302]}, "erbbands_flatness_db": {"dmean2": 0.0141337830573, "median": 0.16858394444, "min": 0.0331011302769, "dvar2": 0.000135507711093, "dvar": 6.72644455335e-05, "dmean": 0.00989957619458, "max": 0.264228701591, "var": 0.000767098157667, "mean": 0.167324855924}, "spectral_energyband_high": {"dmean2": 0.000327688147081, "median": 0.000441162148491, "min": 6.72596388821e-21, "dvar2": 2.30948813851e-07, "dvar": 8.60765752009e-08, "dmean": 0.00020899529045, "max": 0.00360625470057, "var": 2.04058608233e-07, "mean": 0.000511504535098}, "spectral_entropy": {"dmean2": 0.193103969097, "median": 7.43794107437, "min": 6.08796358109, "dvar2": 0.0416992940009, "dvar": 0.0169570650905, "dmean": 0.122927092016, "max": 9.81976318359, "var": 0.318409115076, "mean": 7.51814174652}, "silence_rate_20dB": {"dmean2": 0, "median": 1, "min": 1, "dvar2": 0, "dvar": 0, "dmean": 0, "max": 1, "var": 0, "mean": 1}, "melbands_flatness_db": {"dmean2": 0.0189657118171, "median": 0.13636007905, "min": 0.00322027201764, "dvar2": 0.000368687033188, "dvar": 0.0001671530772, "dmean": 0.0129675483331, "max": 0.342530846596, "var": 0.00188686314505, "mean": 0.135928928852}, "barkbands": {"dmean2": [5.59451000299e-05, 6.27952540526e-05, 0.000103884522105, 2.30217956414e-05, 0.000272422912531, 0.000541979912668, 0.00197385135107, 0.000944730243646, 0.00186622329056, 0.000676253519487, 0.000865412468556, 0.00124298268929, 0.000626909837592, 0.00106505048461, 0.00130263878964, 0.000761872215662, 0.000503244518768, 0.00035683932947, 0.000310547475237, 0.000234143692069, 0.000182025512913, 7.24509955035e-05, 3.54975236405e-05, 3.67695975001e-05, 2.18510303966e-05, 7.2969151006e-06, 3.02027160615e-06], "median": [4.19509706262e-06, 6.65437983116e-05, 0.000189759943169, 8.72108830663e-06, 0.000513995881192, 0.000731127103791, 0.00159617059398, 0.00102221034467, 0.00212410418317, 0.000649194582365, 0.000303411216009, 0.000782245770097, 0.00048366910778, 0.000577708357014, 0.000452010019217, 0.00024530646624, 0.000298666243907, 0.000224368093768, 0.000173766005901, 0.000162904107128, 0.00010178516095, 5.738119944e-05, 4.88584300911e-05, 5.30410361534e-05, 2.99357034237e-05, 1.67421276274e-05, 5.7180186559e-06], "min": [2.50847414061e-26, 1.07947174068e-24, 2.73649537134e-25, 8.15427571141e-25, 8.18024540684e-24, 5.69218718368e-24, 3.52164310828e-24, 9.32982163845e-24, 1.09855996577e-23, 1.61198582609e-23, 9.35860165085e-24, 2.28221341076e-23, 2.00694497328e-23, 2.50315489097e-23, 4.36039930798e-23, 2.97793508662e-23, 6.8396405117e-23, 9.04921845021e-23, 9.12697678518e-23, 1.40293699201e-22, 2.07259306273e-22, 3.08930956156e-22, 3.63443592357e-22, 4.22563378192e-22, 8.66239551973e-22, 1.18270903964e-21, 1.8144810562e-21], "dvar2": [1.65708282651e-08, 8.88352857942e-09, 3.20075344007e-08, 2.07897254967e-09, 1.79047276561e-07, 5.69014844132e-07, 7.00751888871e-06, 2.43366184804e-06, 8.35597802507e-06, 1.17276806577e-06, 2.53721691479e-06, 3.01120007862e-06, 9.75765374278e-07, 2.02614910449e-06, 3.93172422264e-06, 2.46302329288e-06, 4.34635012425e-07, 2.3820589945e-07, 2.32929210142e-07, 1.24111394939e-07, 1.2175678421e-07, 1.551109996e-08, 2.0417942892e-09, 2.25497265305e-09, 8.48070669246e-10, 7.65090907295e-11, 1.3677855723e-11], "dvar": [5.94999916004e-09, 6.20736440027e-09, 1.65039484301e-08, 1.08534115029e-09, 1.076374474e-07, 2.6049977464e-07, 2.43340809902e-06, 1.47834578001e-06, 5.30810984856e-06, 9.18725447718e-07, 2.13881048694e-06, 1.87920534245e-06, 5.26357155195e-07, 8.90176522717e-07, 1.5607191699e-06, 9.41247606079e-07, 1.56420583153e-07, 9.00172238971e-08, 8.40170670813e-08, 4.45875762978e-08, 4.09334681706e-08, 6.05485528382e-09, 8.1493478632e-10, 8.9598362063e-10, 3.86347481784e-10, 3.0992035327e-11, 5.48267421047e-12], "dmean": [3.37088822562e-05, 4.99336529174e-05, 8.19351116661e-05, 1.63025833899e-05, 0.000213517196244, 0.000402551871957, 0.00118707388174, 0.000765268749092, 0.00158900569659, 0.000585102243349, 0.000750390521716, 0.000929294328671, 0.000437572511146, 0.000697696465068, 0.000792143051513, 0.000451429048553, 0.000294113677228, 0.000214734376641, 0.000184443575563, 0.00014085098519, 0.000109133732622, 4.59237526229e-05, 2.29052438954e-05, 2.40167191805e-05, 1.40165366247e-05, 4.67544714411e-06, 1.89722140931e-06], "max": [0.000815666047856, 0.00213635596447, 0.00285045825876, 0.000811264384538, 0.00838029943407, 0.00707438308746, 0.01961700432, 0.0251623298973, 0.0362857989967, 0.0140021061525, 0.022886518389, 0.021294651553, 0.0124407764524, 0.010508579202, 0.0115960473195, 0.014511779882, 0.00392800476402, 0.00323760323226, 0.00282503920607, 0.0022884409409, 0.00248453184031, 0.000899381178897, 0.000279606261756, 0.000317872065352, 0.000303921842715, 0.000106300678453, 3.34203978127e-05], "var": [6.31258822992e-09, 1.46972396919e-07, 1.5219808347e-07, 9.98478810743e-09, 8.24458481929e-07, 1.22106155231e-06, 7.59083377488e-06, 7.15108353688e-06, 2.96447469736e-05, 4.65344237455e-06, 9.61586283665e-06, 6.42457325739e-06, 1.24196174056e-06, 1.4957587382e-06, 2.40206486524e-06, 1.57168358328e-06, 2.46124386649e-07, 1.59338526373e-07, 1.15783649335e-07, 7.76450761464e-08, 6.35831014506e-08, 8.98722962717e-09, 2.16088302807e-09, 3.23951887538e-09, 2.62782484661e-09, 3.0883023916e-10, 4.23306632802e-11], "mean": [3.22422092722e-05, 0.000232109829085, 0.000333909061737, 5.00286078022e-05, 0.000798892637249, 0.00108997931238, 0.00243310537189, 0.00187817669939, 0.00428062817082, 0.00146796624176, 0.00173772824928, 0.00177472387441, 0.000833436730318, 0.00102879549377, 0.00109094684012, 0.000637280521914, 0.000453254324384, 0.00034855978447, 0.000272762030363, 0.000247838790528, 0.000177175155841, 8.30467251944e-05, 5.61857341381e-05, 6.48910208838e-05, 4.65510420327e-05, 2.07953762583e-05, 7.46483783587e-06]}, "erbbands_skewness": {"dmean2": 0.393749594688, "median": 0.574869811535, "min": -1.62724494934, "dvar2": 0.111391931772, "dvar": 0.0472560636699, "dmean": 0.264053821564, "max": 3.12858057022, "var": 0.303938090801, "mean": 0.565828859806}, "erbbands_spread": {"dmean2": 5.58871221542, "median": 23.4327163696, "min": 5.69229650497, "dvar2": 27.599779129, "dvar": 12.0901660919, "dmean": 3.78563714027, "max": 93.4030838013, "var": 52.1848945618, "mean": 24.2193584442}, "melbands_kurtosis": {"dmean2": 2.27836346626, "median": 2.39769148827, "min": -1.43948352337, "dvar2": 171.497406006, "dvar": 57.2390022278, "dmean": 1.44393444061, "max": 333.842834473, "var": 35.6726531982, "mean": 2.92537069321}, "melbands": {"dmean2": [1.28973861138e-05, 4.8081685236e-05, 2.34910276049e-05, 5.94117882429e-05, 6.65697371005e-05, 0.000120816141134, 0.000343567051459, 0.000267935189186, 0.000254441722063, 0.00020966467855, 0.000165001125424, 0.000174257656909, 8.57592385728e-05, 0.000115851216833, 0.000