{"metadata": {"tags": {"genre": ["TMBG"], "album": ["2007-08-01: Bowery Ballroom, New York City, NY, USA"], "musicbrainz album type": ["live"], "musicbrainz_workid": ["396bd693-0815-3eb6-b113-c2776ee6bda8"], "albumartistsort": ["They Might Be Giants"], "musicbrainz album release country": ["US"], "lyricist": ["They Might Be Giants"], "musicbrainz_artistid": ["183d6ef6-e161-47ff-9085-063c8b897e97", "0a58614a-c607-42eb-859a-cf52b9ff7e13"], "musicbrainz_recordingid": ["1f7f0862-4edb-4a55-94c2-be60e6609497"], "albumartist": ["They Might Be Giants"], "contentgroup": ["Art Done"], "originaldate": ["2007"], "musicbrainz album status": ["official"], "artist": ["They Might Be Giants & Velcro Horns"], "musicbrainz_albumid": ["da05d04e-6080-4d36-a9b9-ffbcee868fa1"], "artistsort": ["They Might Be Giants & Velcro Horns"], "title": ["Birdhouse in Your Soul"], "tracknumber": ["10/15"], "musicbrainz_albumartistid": ["183d6ef6-e161-47ff-9085-063c8b897e97"], "language": ["eng"], "discnumber": ["2/2"], "date": ["2007"], "media": ["Digital Media"], "file_name": "They Might Be Giants - 2007-08-01_ Bowery Ballroom, New York City, NY, USA - 2.10 - Birdhouse in Your Soul.mp3", "composer": ["They Might Be Giants"], "script": ["Latn"]}, "audio_properties": {"sample_rate": 44100, "downmix": "mix", "lossless": false, "analysis_sample_rate": 44100, "md5_encoded": "e0dec524f3711b0ffbe811c535b00961", "equal_loudness": 0, "replay_gain": -7.9146232605, "codec": "mp3", "bit_rate": 192000, "length": 196.780410767}, "version": {"extractor": "music 1.0", "essentia_build_sha": "2d9f1f26377add8aeb1075a9c2973f962c4f09fd", "essentia_git_sha": "v2.1_beta2-1-ge3940c0", "essentia": "2.1-beta2"}}, "rhythm": {"beats_loudness_band_ratio": {"dvar2": [0.0493692308664, 0.0263595767319, 0.0195981282741, 0.014734624885, 0.0092155970633, 0.00894155073911], "var": [0.044589612633, 0.015474870801, 0.0106145218015, 0.0146901328117, 0.00450171809644, 0.00511146057397], "min": [7.44665112506e-06, 0.000197858942556, 0.00265573896468, 0.00586761021987, 0.00212708464824, 0.00118759425823], "dmean": [0.144285812974, 0.0993529930711, 0.0920363664627, 0.0678112879395, 0.0495607182384, 0.0413556285203], "mean": [0.374964773655, 0.197938963771, 0.169668108225, 0.136910706758, 0.0896781012416, 0.0861249789596], "max": [0.942210495472, 0.935699522495, 0.625239789486, 0.729889214039, 0.530946612358, 0.62813526392], "dmean2": [0.249281406403, 0.166905254126, 0.158035486937, 0.118234194815, 0.0838661268353, 0.0730280801654], "median": [0.350172936916, 0.182137921453, 0.158902153373, 0.110115721822, 0.0748288929462, 0.0726309120655], "dvar": [0.0171779803932, 0.00948353298008, 0.00673119584098, 0.00502251181751, 0.00330086797476, 0.00335295801051]}, "bpm_histogram_first_peak_weight": {"dvar2": 0, "var": 0, "min": 0.526011586189, "dmean": 0, "mean": 0.526011586189, "max": 0.526011586189, "dmean2": 0, "median": 0.526011586189, "dvar": 0}, "bpm": 102.00869751, "beats_count": 347, "bpm_histogram_first_peak_spread": {"dvar2": 0, "var": 0, "min": 0.37024217844, "dmean": 0, "mean": 0.37024217844, "max": 0.37024217844, "dmean2": 0, "median": 0.37024217844, "dvar": 0}, "danceability": 1.08073651791, "bpm_histogram_first_peak_bpm": {"dvar2": 0, "var": 0, "min": 101, "dmean": 0, "mean": 101, "max": 101, "dmean2": 0, "median": 101, "dvar": 0}, "beats_position": [0.545668900013, 1.10294783115, 1.66022670269, 2.21750569344, 2.7863945961, 3.35528349876, 3.92417216301, 4.5046710968, 5.08516979218, 5.67727899551, 6.26938772202, 6.87310647964, 7.46521520615, 8.05732440948, 8.63782310486, 9.21832180023, 9.79882049561, 10.379319191, 10.9714279175, 11.5635375977, 12.1556463242, 12.7477550507, 13.3398637772, 13.9319725037, 14.5240812302, 15.1161899567, 15.696688652, 16.2887973785, 16.8809070587, 17.4730148315, 18.0651245117, 18.6456241608, 19.2261219025, 19.8182315826, 20.4103393555, 20.9908390045, 21.5829467773, 22.1750564575, 22.7555541992, 23.3360538483, 23.9281635284, 24.5202713013, 25.1123809814, 25.7044887543, 26.2849884033, 26.865486145, 27.4575958252, 28.0497055054, 28.6418132782, 29.2339229584, 29.8144207001, 30.3949203491, 30.9870281219, 31.5791378021, 32.171245575, 32.7633552551, 33.3438529968, 33.9243545532, 34.5164604187, 35.1085700989, 35.7006797791, 36.2927894592, 36.8732872009, 37.4537849426, 38.0458946228, 38.638004303, 39.2301139832, 39.8222198486, 40.4143295288, 41.006439209, 41.5869369507, 42.1790466309, 42.771156311, 43.3516540527, 43.9437637329, 44.5358734131, 45.1163711548, 45.6968688965, 46.2889785767, 46.8810882568, 47.4615859985, 48.0536956787, 48.6341934204, 49.2146911621, 49.8068008423, 50.3989105225, 50.9910202026, 51.5715179443, 52.1636276245, 52.7557373047, 53.3478431702, 53.9399528503, 54.5320625305, 55.1241722107, 55.7046699524, 56.2851676941, 56.8656692505, 57.4461669922, 58.0382766724, 58.6303825378, 59.222492218, 59.8146018982, 60.3950996399, 60.9756011963, 61.556098938, 62.1598167419, 62.7519264221, 63.3440361023, 63.924533844, 64.5166397095, 65.1087493896, 65.6892471313, 66.2697525024, 66.8502502441, 67.4539642334, 68.0460739136, 68.6381835938, 69.2302932739, 69.8224029541, 70.4029006958, 70.995010376, 71.5871200562, 72.1676177979, 72.7713394165, 73.3634490967, 73.9555511475, 74.5360565186, 75.1165542603, 75.697052002, 76.2775497437, 76.8696594238, 77.461769104, 78.0422668457, 78.6343765259, 79.2148742676, 79.8069839478, 80.3874816895, 80.9795913696, 81.5717010498, 82.16381073, 82.7559204102, 83.3480224609, 83.9401321411, 84.5206298828, 85.112739563, 85.6932373047, 86.2853469849, 86.865852356, 87.4463500977, 88.0268478394, 88.6189575195, 89.2110671997, 89.8031692505, 90.3952789307, 90.9873886108, 91.579498291, 92.1599960327, 92.7404937744, 93.3326034546, 93.9247131348, 94.5052108765, 95.0973205566, 95.6894302368, 96.281539917, 96.8736495972, 97.4541473389, 98.0346450806, 98.6151428223, 99.2072525024, 99.7993621826, 100.391471863, 100.983581543, 101.564079285, 102.156188965, 102.748298645, 103.328796387, 103.920906067, 104.513015747, 105.105125427, 105.697235107, 106.289337158, 106.869842529, 107.450340271, 108.042449951, 108.634559631, 109.226661682, 109.818771362, 110.410881042, 110.991378784, 111.583488464, 112.175598145, 112.756095886, 113.348205566, 113.940315247, 114.520812988, 115.112922668, 115.705032349, 116.297142029, 116.889251709, 117.469749451, 118.050247192, 118.630744934, 119.222854614, 119.814964294, 120.407073975, 120.999183655, 121.579681396, 122.160179138, 122.74067688, 123.33278656, 123.92489624, 124.51700592, 125.109115601, 125.689613342, 126.281723022, 126.873832703, 127.454330444, 128.046432495, 128.638549805, 129.219039917, 129.811157227, 130.403259277, 130.995376587, 131.575866699, 132.15637207, 132.748474121, 133.340591431, 133.932693481, 134.524810791, 135.116912842, 135.709014893, 136.301132202, 136.881637573, 137.462127686, 138.042633057, 138.623123169, 139.215240479, 139.807342529, 140.399459839, 140.99156189, 141.572067261, 142.164169312, 142.756271362, 143.336776733, 143.928878784, 144.520996094, 145.113098145, 145.705215454, 146.285705566, 146.877822876, 147.469924927, 148.050430298, 148.63092041, 149.211425781, 149.803527832, 150.395645142, 150.987747192, 151.579864502, 152.171966553, 152.764083862, 153.344573975, 153.925079346, 154.517181396, 155.109298706, 155.689788818, 156.270294189, 156.86239624, 157.45451355, 158.046615601, 158.63873291, 159.230834961, 159.822952271, 160.403442383, 160.995559692, 161.587661743, 162.179763794, 162.771881104, 163.352371216, 163.944488525, 164.536590576, 165.128707886, 165.720809937, 166.301315308, 166.88180542, 167.462310791, 168.042816162, 168.634918213, 169.227020264, 169.819137573, 170.411239624, 171.014968872, 171.618682861, 172.222396851, 172.663574219, 173.104751587, 173.557540894, 174.068389893, 174.579223633, 175.078460693, 175.612518311, 176.158187866, 176.703857422, 177.237915039, 177.771972656, 178.294418335, 178.770431519, 179.246429443, 179.722442627, 180.186843872, 180.651245117, 181.115646362, 181.568435669, 182.021224976, 182.474014282, 182.91519165, 183.356369019, 183.785934448, 184.227111816, 184.587020874, 184.95854187, 185.330062866, 185.689971924, 186.06149292, 186.433013916, 186.804534912, 187.176055908, 187.547576904, 187.919082642, 188.290603638, 188.662124634, 189.056869507, 189.46321106, 189.869567871, 190.241088867, 190.612609863, 190.984130859, 191.367248535, 191.843261719, 192.319274902, 192.795272827, 193.259674072, 193.735687256, 194.211700439, 194.687713623, 195.152099609, 195.616500854, 196.092514038], "beats_loudness": {"dvar2": 0.000529169745278, "var": 0.000427576247603, "min": 4.50361367257e-05, "dmean": 0.013975109905, "mean": 0.0447658449411, "max": 0.10890070349, "dmean2": 0.0249848552048, "median": 0.0458482280374, "dvar": 0.000162824639119}, "bpm_histogram_second_peak_weight": {"dvar2": 0, "var": 0, "min": 0.0375722534955, "dmean": 0, "mean": 0.0375722534955, "max": 0.0375722534955, "dmean2": 0, "median": 0.0375722534955, "dvar": 0}, "bpm_histogram_second_peak_spread": {"dvar2": 0, "var": 0, "min": 0.0714285746217, "dmean": 0, "mean": 0.0714285746217, "max": 0.0714285746217, "dmean2": 0, "median": 0.0714285746217, "dvar": 0}, "bpm_histogram_second_peak_bpm": {"dvar2": 0, "var": 0, "min": 161, "dmean": 0, "mean": 161, "max": 161, "dmean2": 0, "median": 161, "dvar": 0}, "onset_rate": 3.05385041237}, "lowlevel": {"spectral_energyband_high": {"dvar2": 1.45467492985e-06, "var": 3.36931589118e-06, "min": 7.54791322962e-21, "dmean": 0.000450996943982, "mean": 0.00147299992386, "max": 0.0338328629732, "dmean2": 0.000585867790505, "median": 0.00096941110678, "dvar": 9.0726189228e-07}, "spectral_energyband_middle_low": {"dvar2": 0.000105082574009, "var": 0.000106764549855, "min": 2.26192927253e-22, "dmean": 0.00471827434376, "mean": 0.014418695122, "max": 0.132301345468, "dmean2": 0.00735014257953, "median": 0.0126658901572, "dvar": 4.36430091213e-05}, "spectral_energy": {"dvar2": 0.00156162434723, "var": 0.000679375429172, "min": 1.11780785505e-20, "dmean": 0.0125693827868, "mean": 0.0326723493636, "max": 0.314350694418, "dmean2": 0.0205150935799, "median": 0.0287674330175, "dvar": 0.000589658331592}, "spectral_spread": {"dvar2": 980134461440, "var": 2098587631620.0, "min": 2219230.25, "dmean": 430694.875, "mean": 5002559.5, "max": 47713140, "dmean2": 591052.3125, "median": 4810370.5, "dvar": 536020910080}, "spectral_energyband_low": {"dvar2": 0.00142757059075, "var": 0.000397656229325, "min": 9.34316948051e-23, "dmean": 0.00896356534213, "mean": 0.0123446369544, "max": 0.294636696577, "dmean2": 0.0154832685366, "median": 0.0083037968725, "dvar": 0.000522515387274}, "spectral_rolloff": {"dvar2": 1577316.75, "var": 2176811.5, "min": 64.599609375, "dmean": 531.885803223, "mean": 1710.08898926, "max": 19013.8183594, "dmean2": 855.397399902, "median": 1378.125, "dvar": 772647.8125}, "barkbands": {"dvar2": [1.09884795165e-05, 0.000963344529737, 4.69689221063e-05, 1.40102893056e-05, 3.42984167219e-05, 1.31059014166e-05, 7.71212489781e-06, 5.42275211046e-06, 6.04651495451e-06, 4.29150850323e-06, 1.18795639992e-06, 9.45230340221e-07, 8.58911789692e-07, 8.20113029931e-07, 1.03980437416e-06, 6.500245604e-07, 6.07368917827e-07, 3.23876207631e-07, 9.77764429422e-08, 8.19117076389e-08, 7.99832591269e-08, 1.23280983644e-07, 9.7226156015e-08, 1.71975301555e-07, 4.43701644315e-08, 1.99353351604e-08, 1.51128833892e-08], "var": [4.13492307416e-06, 0.000239745015278, 1.92167390196e-05, 1.18926900541e-05, 1.70065177372e-05, 1.19114702102e-05, 8.54900008562e-06, 4.67477320854e-06, 7.09832784196e-06, 4.06761137128e-06, 9.54098368311e-07, 7.49797152366e-07, 9.12900929961e-07, 7.64357196203e-07, 1.20675986182e-06, 7.62302761359e-07, 9.03882494185e-07, 5.54072073555e-07, 1.13176255923e-07, 1.45958807707e-07, 1.23964838394e-07, 1.88987115735e-07, 1.41443265989e-07, 2.26288705107e-07, 7.69627561681e-08, 2.32658354804e-08, 1.0641009851e-08], "min": [8.70338403817e-24, 1.80415754908e-23, 1.21690337994e-23, 1.61920705881e-23, 1.75522797812e-23, 1.76629490776e-23, 4.81787899513e-23, 2.87284177465e-23, 7.31256010002e-23, 7.90621390326e-23, 7.98226009452e-23, 1.13035336373e-22, 1.4364110739e-22, 6.01516916304e-23, 8.57917157775e-23, 2.16527172354e-22, 1.62983446671e-22, 2.01184951085e-22, 3.38765726078e-22, 1.84963471762e-22, 4.37750099199e-22, 5.15600043011e-22, 5.4611813056e-22, 7.9381035738e-22, 9.69791518088e-22, 1.70538530381e-21, 2.55197154123e-21], "dmean": [0.000785698590335, 0.00667044334114, 0.00181287166197, 0.00146840547677, 0.00202131387778, 0.00141996901948, 0.000944184255786, 0.000755286077037, 0.000753238622565, 0.000711180095095, 0.000324078515405, 0.000338564917911, 0.00029465224361, 0.000292113953037, 0.000334578246111, 0.000257112667896, 0.000271701515885, 0.000238573047682, 0.000138410599902, 0.000132872999529, 0.00010940793436, 0.000119828502648, 9.46665750234e-05, 9.56751100603e-05, 5.76366692258e-05, 3.60265839845e-05, 1.86183970072e-05], "mean": [0.00069849420106, 0.00734544219449, 0.00296213617548, 0.0027528682258, 0.00376331130974, 0.00302634807304, 0.00178064836655, 0.00129265687428, 0.00133780611213, 0.00127495860215, 0.000544573296793, 0.000596389872953, 0.000506779761054, 0.000496877008118, 0.000621072889771, 0.000510206562467, 0.000596499594394, 0.000573991390411, 0.000341373262927, 0.000359982106602, 0.000287896633381, 0.000312160846079, 0.000231284997426, 0.000222449816647, 0.000136350368848, 7.42415431887e-05, 2.55448885582e-05], "max": [0.0172393936664, 0.241032272577, 0.0551882982254, 0.0398086942732, 0.0619866214693, 0.0328716561198, 0.0364958271384, 0.0445602312684, 0.0404311753809, 0.0262555293739, 0.0293788108975, 0.0189393814653, 0.0208188332617, 0.0164710003883, 0.0188062991947, 0.0154838580638, 0.0187195129693, 0.0119910473004, 0.00423557311296, 0.00401171296835, 0.00473623117432, 0.00867845490575, 0.008394761011, 0.0159256309271, 0.00812893081456, 0.00206339871511, 0.0020259169396], "dmean2": [0.00129175942857, 0.0118338167667, 0.00313088670373, 0.00241521047428, 0.00331482454203, 0.00226248404942, 0.00148528057616, 0.00119206286035, 0.00115146499593, 0.00114228040911, 0.000524472387042, 0.000543579342775, 0.000460672192276, 0.000449858373031, 0.000522904854733, 0.000404988182709, 0.000424077181378, 0.000363452301826, 0.000224626142881, 0.000206174998311, 0.000164953919011, 0.000174002503627, 0.000133197798277, 0.000132060056785, 7.76915912866e-05, 5.11620710313e-05, 2.92400418402e-05], "median": [5.98041078774e-05, 0.00361478305422, 0.00144451053347, 0.00159951811656, 0.00264412653632, 0.00204758369364, 0.000782791757956, 0.000579932704568, 0.000546819530427, 0.00061565625947, 0.000267149240244, 0.000314548815368, 0.000214168918319, 0.000194362684852, 0.000275355007034, 0.000251714489423, 0.000328534282744, 0.000326470442815, 0.000258017331362, 0.000254235405009, 0.000178765854798, 0.000175555091118, 0.000121870674775, 0.000122732570162, 5.85152629355e-05, 1.88607264135e-05, 1.48268748035e-06], "dvar": [4.5350388973e-06, 0.000345617503626, 1.67811995198e-05, 5.43321129953e-06, 1.29684676722e-05, 4.98861209053e-06, 3.25572773363e-06, 2.17678461922e-06, 2.73087016467e-06, 1.68718781879e-06, 4.93815946356e-07, 3.89692814906e-07, 4.03605724841e-07, 3.71567494994e-07, 4.75463480143e-07, 2.8642517691e-07, 2.64134683903e-07, 1.52220266614e-07, 3.86171166156e-08, 3.72217456857e-08, 3.63587275842e-08, 6.01300413905e-08, 5.32386081886e-08, 1.00637883804e-07, 2.70694222593e-08, 9.54977430467e-09, 6.40388408968e-09]}, "melbands_skewness": {"dvar2": 1.87488377094, "var": 1.87898266315, "min": -0.956805706024, "dmean": 0.631692707539, "mean": 2.66488838196, "max": 17.3655967712, "dmean2": 1.00355935097, "median": 2.45661783218, "dvar": 0.76010030508}, "barkbands_skewness": {"dvar2": 0.874080300331, "var": 1.01243340969, "min": -1.91320323944, "dmean": 0.45134100318, "mean": 1.48922419548, "max": 9.59990501404, "dmean2": 0.708890020847, "median": 1.35012102127, "dvar": 0.356461912394}, "erbbands": {"dvar2": [1.51583468914, 35.6840629578, 76.3004226685, 89.5368652344, 330.962188721, 402.685455322, 626.647583008, 1125.55004883, 1741.51220703, 1737.92504883, 2919.83642578, 4297.40039063, 3985.87768555, 3741.35742188, 1465.09863281, 1510.82995605, 1493.21337891, 2011.37854004, 2211.22949219, 2115.36523438, 1002.32556152, 1745.27587891, 993.715454102, 293.478790283, 178.937911987, 233.794876099, 169.645111084, 131.843185425, 142.218139648, 135.837921143, 71.9047088623, 39.2021903992, 73.8244171143, 8.21813392639, 2.67896556854, 0.403474837542, 0.0726598650217, 0.0109206978232, 0.00069064280251, 8.45689612561e-07], "var": [0.379524558783, 8.55530166626, 22.990945816, 60.5049171448, 173.672363281, 209.948883057, 648.358337402, 920.066955566, 1749.59777832, 2008.1706543, 2469.27490234, 4588.12597656, 4852.41601563, 2445.07861328, 1247.76208496, 1173.06848145, 1724.61132813, 2391.55175781, 2866.43798828, 2358.40869141, 1410.90942383, 2385.63305664, 1990.04052734, 440.207824707, 224.306442261, 412.231567383, 233.701156616, 198.71043396, 236.17036438, 195.048034668, 101.673454285, 57.4818305969, 81.737739563, 12.0514068604, 4.13655805588, 0.518081128597, 0.0852368399501, 0.00792875513434, 0.000479715061374, 5.75083276999e-07], "min": [1.11305734226e-21, 2.72011498388e-21, 1.44639412506e-20, 3.82052235965e-20, 5.48278445208e-20, 4.31216458843e-20, 1.16895406407e-19, 1.46381513037e-19, 4.89464378541e-19, 6.24136464999e-19, 9.20564857614e-19, 1.44772333968e-18, 1.98099871898e-18, 3.2354700235e-18, 2.78797482469e-18, 5.30983696092e-18, 6.79176328835e-18, 3.41363955757e-18, 4.80506570854e-18, 6.90700030103e-18, 1.07704011187e-17, 8.75605171819e-18, 1.20893670752e-17, 1.60685260293e-17, 1.47808275e-17, 9.41523029397e-18, 1.38493724994e-17, 1.93718486445e-17, 1.46220237116e-17, 1.29865676994e-17, 1.69541899655e-17, 1.72149255664e-17, 1.0655590104e-17, 9.73970843286e-18, 8.36066517565e-18, 6.03486655809e-18, 3.178464458e-18, 1.19902042498e-18, 3.22867928426e-19, 3.85355142302e-20], "dmean": [0.254680305719, 1.29360687733, 2.10187840462, 3.59226441383, 6.34836864471, 6.58732700348, 9.31612110138, 12.1995315552, 14.492146492, 12.3296413422, 17.2912521362, 18.2854709625, 19.6501121521, 19.165397644, 12.1928529739, 13.5133113861, 13.1852998734, 14.4683408737, 16.7634010315, 13.8576498032, 11.9961452484, 13.8486318588, 13.2202587128, 7.75748348236, 6.3138718605, 6.6743016243, 5.06448888779, 4.03874921799, 4.47297239304, 3.54388952255, 2.57290387154, 1.76210510731, 1.69526529312, 0.697650074959, 0.459592163563, 0.190424785018, 0.0675482451916, 0.0181020721793, 0.00387753965333, 0.000142526594573], "mean": [0.237934336066, 1.53305566311, 3.30641031265, 6.99634933472, 10.7674837112, 11.7304191589, 20.4579715729, 23.9450092316, 28.0347099304, 22.8867168427, 30.6331996918, 33.1569747925, 37.7093963623, 34.5774612427, 23.1912574768, 24.6555099487, 24.5710220337, 27.0828266144, 32.8984336853, 28.3105583191, 26.6252174377, 32.8714332581, 34.2493896484, 21.0441093445, 16.9410152435, 17.8040046692, 13.0607318878, 10.5224523544, 11.6355295181, 8.84068393707, 6.27975749969, 4.22083711624, 3.60445165634, 1.60875439644, 1.02283430099, 0.418607234955, 0.129818692803, 0.0276091005653, 0.00533231627196, 0.000219421621296], "max": [8.94335746765, 49.8395576477, 69.484375, 97.0532684326, 174.762664795, 285.542694092, 299.669342041, 282.532653809, 613.022216797, 892.555053711, 1122.32958984, 1089.25732422, 1037.51208496, 860.587097168, 806.04296875, 512.670471191, 686.662780762, 941.825073242, 623.833984375, 979.908325195, 715.982055664, 1287.97033691, 647.854248047, 261.654510498, 219.364273071, 258.177764893, 261.9402771, 216.164306641, 303.762054443, 276.022003174, 231.891601563, 202.504776001, 348.816864014, 119.364440918, 51.6406669617, 9.67083358765, 4.49306201935, 1.59323883057, 0.435091257095, 0.0127274757251], "dmean2": [0.456537812948, 2.29344201088, 3.69460248947, 5.90465784073, 10.364356041, 10.8970403671, 14.7869796753, 19.6728954315, 23.1537380219, 19.0259494781, 27.348695755, 27.7859802246, 30.329410553, 31.5314559937, 19.569065094, 21.5314121246, 20.593536377, 22.0385246277, 25.7089767456, 21.6450710297, 19.0024662018, 21.3815097809, 19.7481021881, 12.4140520096, 10.2371091843, 10.2966451645, 7.72355270386, 5.94928121567, 6.56370687485, 5.05993366241, 3.65802454948, 2.4679248333, 2.36270356178, 0.959545135498, 0.639471232891, 0.270409792662, 0.0961121097207, 0.0275205615908, 0.00612842850387, 0.000223631781409], "median": [0.0770857706666, 0.839510798454, 1.91334605217, 4.74090623856, 6.81631183624, 7.49331235886, 11.7586154938, 13.6698360443, 13.8304100037, 10.2436389923, 15.3476161957, 14.6265153885, 16.5968818665, 19.1264801025, 13.7853097916, 13.54388237, 11.4227428436, 10.848482132, 15.0822820663, 13.9992809296, 15.2552556992, 18.8565349579, 19.1077690125, 15.4928894043, 13.7443504333, 12.1726408005, 8.8141078949, 6.09383773804, 6.69613456726, 4.58914470673, 3.43530988693, 2.3905749321, 1.79299139977, 0.76410317421, 0.404850363731, 0.135759711266, 0.0284368731081, 0.00375739787705, 0.000333322677761, 5.19441673532e-05], "dvar": [0.546795189381, 12.5864334106, 26.7441978455, 33.8206214905, 129.280181885, 148.204559326, 251.22088623, 420.065032959, 703.205810547, 759.928771973, 1160.63134766, 1904.69665527, 1773.37304688, 1307.95446777, 608.853515625, 608.19519043, 674.969055176, 967.078430176, 976.240783691, 964.103759766, 441.850372314, 741.292602539, 479.724334717, 120.464332581, 70.8966064453, 108.685447693, 73.6591415405, 60.9248847961, 69.7880249023, 71.4701080322, 39.2533416748, 22.7950553894, 40.5935211182, 4.93620157242, 1.51298213005, 0.194608435035, 0.0354462750256, 0.00461421301588, 0.000293057732051, 3.53348895032e-07]}, "silence_rate_30dB": {"dvar2": 0.0449372380972, "var": 0.0130399325863, "min": 0, "dmean": 0.0181710906327, "mean": 0.9867862463, "max": 1, "dmean2": 0.0363464727998, "median": 1, "dvar": 0.0178412310779}, "melbands_spread": {"dvar2": 141.332870483, "var": 246.356231689, "min": 1.06775450706, "dmean": 6.44658184052, "mean": 25.9107398987, "max": 183.91343689, "dmean2": 9.86424922943, "median": 23.506565094, "dvar": 65.616394043}, "melbands_crest": {"dvar2": 27.5836429596, "var": 22.4891662598, "min": 1.99218142033, "dmean": 3.10187363625, "mean": 12.3342027664, "max": 35.0567893982, "dmean2": 5.11039686203, "median": 11.3009767532, "dvar": 10.4751377106}, "zerocrossingrate": {"dvar2": 0.000206059048651, "var": 0.0012645869283, "min": 0.00537109375, "dmean": 0.0105612212792, "mean": 0.0737292617559, "max": 0.51318359375, "dmean2": 0.0121775288135, "median": 0.06787109375, "dvar": 0.000161881034728}, "barkbands_kurtosis": {"dvar2": 78.9690170288, "var": 43.5543251038, "min": -1.90148282051, "dmean": 2.30791401863, "mean": 3.06685853004, "max": 111.704711914, "dmean2": 3.79415726662, "median": 1.25624036789, "dvar": 30.1528358459}, "spectral_flux": {"dvar2": 0.00355819216929, "var": 0.00332753406838, "min": 7.09704656154e-11, "dmean": 0.0278871674091, "mean": 0.0895600840449, "max": 0.522876441479, "dmean2": 0.0440086089075, "median": 0.0777162611485, "dvar": 0.00178372545633}, "barkbands_crest": {"dvar2": 15.8695383072, "var": 11.6688528061, "min": 2.56371378899, "dmean": 2.29482293129, "mean": 8.37793636322, "max": 26.016242981, "dmean2": 3.81270432472, "median": 7.58839893341, "dvar": 5.88357925415}, "barkbands_flatness_db": {"dvar2": 0.000841508968733, "var": 0.00203370628878, "min": 0.0195815544575, "dmean": 0.017141694203, "mean": 0.105240873992, "max": 0.322596430779, "dmean2": 0.0264787618071, "median": 0.0954931527376, "dvar": 0.000345398148056}, "spectral_entropy": {"dvar2": 0.0245433840901, "var": 0.113510906696, "min": 5.86111354828, "dmean": 0.107370346785, "mean": 7.71882820129, "max": 9.81217288971, "dmean2": 0.153274416924, "median": 7.75475311279, "dvar": 0.012703015469}, "pitch_salience": {"dvar2": 0.00972348451614, "var": 0.00987691339105, "min": 0.112022861838, "dmean": 0.0641656145453, "mean": 0.58033567667, "max": 0.853085339069, "dmean2": 0.104818671942, "median": 0.58533769846, "dvar": 0.00366549938917}, "erbbands_spread": {"dvar2": 100.236633301, "var": 257.827941895, "min": 5.45399618149, "dmean": 6.63193798065, "mean": 45.5117912292, "max": 150.202651978, "dmean2": 10.0444631577, "median": 44.5824279785, "dvar": 47.3398475647}, "dynamic_complexity": 2.77156877518, "spectral_contrast_valleys": {"dvar2": [0.416606932878, 0.237893208861, 0.184282124043, 0.137240484357, 0.113412454724, 0.165891155601], "var": [2.34474396706, 1.03556859493, 0.62727868557, 0.562245845795, 0.762753844261, 1.04763698578], "min": [-27.5706920624, -26.8982276917, -27.3495025635, -27.1302108765, -27.2309360504, -27.2381057739], "dmean": [0.437100529671, 0.339696377516, 0.294693768024, 0.245233535767, 0.194946482778, 0.25192424655], "mean": [-7.1777882576, -6.70156908035, -7.01102924347, -7.47498130798, -7.30309534073, -9.85337638855], "max": [-4.75390815735, -4.74496126175, -5.21334934235, -5.9088344574, -5.84839963913, -7.02095079422], "dmean2": [0.71335285902, 0.554032802582, 0.475966632366, 0.388752132654, 0.298470258713, 0.332898080349], "median": [-6.75798606873, -6.48817157745, -6.90296554565, -7.37394809723, -7.0653796196, -9.69540405273], "dvar": [0.177195295691, 0.106748864055, 0.0870005190372, 0.0723375156522, 0.0633997395635, 0.104997903109]}, "hfc": {"dvar2": 167.292449951, "var": 447.786132813, "min": 1.22328458538e-16, "dmean": 6.32681941986, "mean": 27.0033740997, "max": 294.906921387, "dmean2": 8.75723648071, "median": 22.9508018494, "dvar": 95.9384155273}, "spectral_kurtosis": {"dvar2": 2.86669588089, "var": 3.8133354187, "min": -1.25204694271, "dmean": 0.896793067455, "mean": 3.48294639587, "max": 23.8381786346, "dmean2": 1.48085987568, "median": 3.14422726631, "dvar": 1.03906881809}, "mfcc": {"mean": [-612.038146973, 105.363166809, 1.55806553364, 21.7773647308, 1.41521477699, 2.64631652832, -1.53824329376, 5.68100738525, -0.6072306633, 0.259274989367, -2.54628634453, -1.27690291405, -2.05706644058], "cov": [[6196.41992188, 243.74079895, 1062.34155273, 701.736999512, 365.109832764, 230.943572998, -7.49628162384, 43.8371315002, 0.274147957563, -25.5594100952, 21.8847427368, 54.1716346741, -6.40536355972], [243.74079895, 856.301757813, 199.287521362, 259.809814453, 178.986862183, 44.2886962891, 59.0016021729, -22.7623195648, -26.8281707764, -8.80589199066, -30.514503479, -6.28543186188, 14.6321620941], [1062.34155273, 199.287521362, 792.239868164, 359.998382568, 231.100128174, 113.973388672, 40.641544342, -32.5262031555, -10.0634489059, -38.8653640747, -17.5873355865, 34.2081184387, 22.295173645], [701.736999512, 259.809814453, 359.998382568, 443.464141846, 235.066833496, 110.384658813, 46.8600692749, 0.151399746537, 7.93118906021, -1.15869760513, -13.206905365, 22.4781112671, 31.6587505341], [365.109832764, 178.986862183, 231.100128174, 235.066833496, 285.816436768, 90.0139007568, 32.4631576538, 1.57761085033, 20.1716308594, 3.9302752018, -6.30854892731, 5.06641244888, 10.083562851], [230.943572998, 44.2886962891, 113.973388672, 110.384658813, 90.0139007568, 143.843215942, 72.8862533569, 35.8298187256, 13.8569440842, 11.4348993301, 18.1414356232, 5.34540748596, -1.79353320599], [-7.49628162384, 59.0016021729, 40.641544342, 46.8600692749, 32.4631576538, 72.8862533569, 177.095397949, 47.5461807251, 12.8662319183, 4.82642459869, 16.0613212585, 1.32432126999, -8.40764427185], [43.8371315002, -22.7623195648, -32.5262031555, 0.151399746537, 1.57761085033, 35.8298187256, 47.5461807251, 110.016082764, 34.9730377197, 11.7310028076, 18.124288559, -2.49354767799, -9.58359146118], [0.274147957563, -26.8281707764, -10.0634489059, 7.93118906021, 20.1716308594, 13.8569440842, 12.8662319183, 34.9730377197, 94.9141235352, 28.0083065033, 4.87116193771, 0.454205036163, 5.63639163971], [-25.5594100952, -8.80589199066, -38.8653640747, -1.15869760513, 3.9302752018, 11.4348993301, 4.82642459869, 11.7310028076, 28.0083065033, 89.4404144287, 29.2893867493, 11.6178064346, -1.43626248837], [21.8847427368, -30.514503479, -17.5873355865, -13.206905365, -6.30854892731, 18.1414356232, 16.0613212585, 18.124288559, 4.87116193771, 29.2893867493, 85.5479736328, 23.2886714935, -6.74460983276], [54.1716346741, -6.28543186188, 34.2081184387, 22.4781112671, 5.06641244888, 5.34540748596, 1.32432126999, -2.49354767799, 0.454205036163, 11.6178064346, 23.2886714935, 75.844329834, 28.3488903046], [-6.40536355972, 14.6321620941, 22.295173645, 31.6587505341, 10.083562851, -1.79353320599, -8.40764427185, -9.58359146118, 5.63639163971, -1.43626248837, -6.74460983276, 28.3488903046, 82.3400268555]], "icov": [[0.000229674318689, 2.61828736257e-05, -0.00023855958716, -0.000235572195379, 7.6244592492e-05, -0.000102668040199, 0.000213144521695, -0.000201248782105, 3.79878365493e-05, 9.86931718217e-06, -9.18807272683e-05, -2.34735834965e-05, 0.000153277782374], [2.61828736257e-05, 0.00154586089775, 4.08172854804e-05, -0.000786257791333, -0.000528200820554, 0.00052847963525, -0.000554540602025, 0.000182443793165, 0.000594091543462, -0.000192540406715, 0.000292269454803, 0.000297529652016, -6.3129074988e-05], [-0.00023855958716, 4.08172854804e-05, 0.00248186360113, -0.00115991092753, -0.000579228799324, -0.000533006037585, -0.000257459760178, 0.00102051405702, -9.50691610342e-05, 0.00104689213913, 0.000185754775885, -0.000782655144576, 0.000209405276109], [-0.000235572195379, -0.000786257791333, -0.00115991092753, 0.00590578140691, -0.00262606446631, -0.00132971827406, -0.000102611811599, -0.00017011561431, 0.000190410602954, -0.000536238076165, 0.000804586103186, -0.000520052970387, -0.00135031819809], [7.6244592492e-05, -0.000528200820554, -0.000579228799324, -0.00262606446631, 0.00707316678017, -0.00222679390572, 0.000593998644035, 0.000576601887587, -0.00147501856554, -5.44225913472e-05, 3.02966855088e-05, 0.000487448240165, 0.000414061796619], [-0.000102668040199, 0.00052847963525, -0.000533006037585, -0.00132971827406, -0.00222679390572, 0.0124100707471, -0.00368156307377, -0.00220799585804, 0.000533925776836, -0.000947606051341, -0.00160977314226, 0.000630588445347, 6.17457044427e-05], [0.000213144521695, -0.000554540602025, -0.000257459760178, -0.000102611811599, 0.000593998644035, -0.00368156307377, 0.00806617271155, -0.0024464414455, -0.000105475730379, 0.000470279745059, -0.000541525252629, -0.000201476752409, 0.000650673464406], [-0.000201248782105, 0.000182443793165, 0.00102051405702, -0.00017011561431, 0.000576601887587, -0.00220799585804, -0.0024464414455, 0.0128889903426, -0.00429331790656, 0.00092321948614, -0.00155155907851, 0.000342858344084, 0.000937510922085], [3.79878365493e-05, 0.000594091543462, -9.50691610342e-05, 0.000190410602954, -0.00147501856554, 0.000533925776836, -0.000105475730379, -0.00429331790656, 0.0137945180759, -0.00425868015736, 0.0012673237361, 0.00072038162034, -0.00163106038235], [9.86931718217e-06, -0.000192540406715, 0.00104689213913, -0.000536238076165, -5.44225913472e-05, -0.000947606051341, 0.000470279745059, 0.00092321948614, -0.00425868015736, 0.0145312407985, -0.00431335857138, -0.00140976754483, 0.000776233500801], [-9.18807272683e-05, 0.000292269454803, 0.000185754775885, 0.000804586103186, 3.02966855088e-05, -0.00160977314226, -0.000541525252629, -0.00155155907851, 0.0012673237361, -0.00431335857138, 0.0157400909811, -0.00517002865672, 0.00221390835941], [-2.34735834965e-05, 0.000297529652016, -0.000782655144576, -0.000520052970387, 0.000487448240165, 0.000630588445347, -0.000201476752409, 0.000342858344084, 0.00072038162034, -0.00140976754483, -0.00517002865672, 0.0178268365562, -0.00630445033312], [0.000153277782374, -6.3129074988e-05, 0.000209405276109, -0.00135031819809, 0.000414061796619, 6.17457044427e-05, 0.000650673464406, 0.000937510922085, -0.00163106038235, 0.000776233500801, 0.00221390835941, -0.00630445033312, 0.0152336768806]]}, "silence_rate_20dB": {"dvar2": 0, "var": 0, "min": 1, "dmean": 0, "mean": 1, "max": 1, "dmean2": 0, "median": 1, "dvar": 0}, "melbands_kurtosis": {"dvar2": 692.51965332, "var": 326.669311523, "min": -1.48541092873, "dmean": 6.32820177078, "mean": 12.2306604385, "max": 452.373352051, "dmean2": 10.45906353, "median": 7.7676076889, "dvar": 266.488067627}, "barkbands_spread": {"dvar2": 76.1206054688, "var": 173.832427979, "min": 1.87100064754, "dmean": 5.32396221161, "mean": 27.0521411896, "max": 98.3497543335, "dmean2": 8.04135322571, "median": 25.9042015076, "dvar": 37.258556366}, "erbbands_skewness": {"dvar2": 0.117536865175, "var": 0.345124602318, "min": -2.3036339283, "dmean": 0.257977664471, "mean": 0.261980384588, "max": 4.64518165588, "dmean2": 0.397506386042, "median": 0.243819028139, "dvar": 0.051032949239}, "average_loudness": 0.929955899715, "spectral_centroid": {"dvar2": 94166.5859375, "var": 326405.96875, "min": 241.488220215, "dmean": 208.918914795, "mean": 1509.59790039, "max": 11303.7578125, "dmean2": 319.925445557, "median": 1480.17700195, "dvar": 47240.4609375}, "dissonance": {"dvar2": 0.00051596207777, "var": 0.000463264907012, "min": 0.124037027359, "dmean": 0.0139210810885, "mean": 0.470245838165, "max": 0.5, "dmean2": 0.0234847702086, "median": 0.474646747112, "dvar": 0.000190224105609}, "erbbands_flatness_db": {"dvar2": 0.000296161015285, "var": 0.00203052186407, "min": 0.0328198634088, "dmean": 0.0130627583712, "mean": 0.131390690804, "max": 0.362468868494, "dmean2": 0.0186065398157, "median": 0.123136989772, "dvar": 0.000160269570188}, "spectral_strongpeak": {"dvar2": 1.7920498848, "var": 0.874113917351, "min": 0, "dmean": 0.464970886707, "mean": 0.777976810932, "max": 10.9133319855, "dmean2": 0.809796333313, "median": 0.472079753876, "dvar": 0.694955766201}, "spectral_rms": {"dvar2": 4.73999443784e-06, "var": 4.4969656301e-06, "min": 3.30233887111e-12, "dmean": 0.000921902654227, "mean": 0.00523244775832, "max": 0.0175123848021, "dmean2": 0.00144114589784, "median": 0.00529771531001, "dvar": 1.91458525478e-06}, "silence_rate_60dB": {"dvar2": 0.00890427269042, "var": 0.0656725391746, "min": 0, "dmean": 0.00401179958135, "mean": 0.0706701278687, "max": 1, "dmean2": 0.00802454538643, "median": 0, "dvar": 0.00399494310841}, "melbands": {"dvar2": [9.17827856028e-05, 3.16218211083e-05, 2.7990183753e-06, 2.12623331208e-06, 5.92957007939e-07, 5.37002676992e-07, 3.79046298349e-07, 1.97912200406e-07, 1.7264858343e-07, 1.57009594659e-07, 1.00969387518e-07, 7.06254965621e-08, 2.27056098367e-08, 1.29192736509e-08, 1.03984136857e-08, 6.57795595771e-09, 9.16228248826e-09, 5.73143044136e-09, 6.77913769564e-09, 4.80304551687e-09, 1.50330192739e-09, 2.13842787922e-09, 2.40784303607e-09, 6.93061608104e-10, 2.53240262094e-10, 1.62776792045e-10, 8.49202999587e-11, 1.49778620062e-10, 1.25558660691e-10, 4.92788379547e-11, 6.69588134938e-11, 5.6994027553e-11, 8.02313215864e-11, 5.03517123829e-11, 3.36921046618e-11, 1.74592233032e-11, 1.76251079703e-11, 4.02861251303e-11, 3.28609812972e-11, 3.22662838288e-12], "var": [2.34695289691e-05, 8.09093580756e-06, 1.97339386432e-06, 9.8159978279e-07, 5.6834875295e-07, 4.60431039073e-07, 3.95806296183e-07, 2.12266925814e-07, 1.54042268719e-07, 1.67007456753e-07, 1.21972647094e-07, 4.46287948819e-08, 1.85381043849e-08, 1.06050013216e-08, 7.67070229557e-09, 9.3476968388e-09, 9.28718968396e-09, 7.23305726424e-09, 6.66527011361e-09, 5.15052533956e-09, 1.78771752957e-09, 2.54373411224e-09, 3.87488618969e-09, 1.1270645528e-09, 2.87589924097e-10, 1.63560207045e-10, 1.33093910892e-10, 2.25920324115e-10, 1.40172540242e-10, 6.24332599508e-11, 8.04106364827e-11, 8.79339240312e-11, 6.9414189674e-11, 6.50112255696e-11, 4.21479309787e-11, 1.96513239709e-11, 2.46541814741e-11, 4.18237319777e-11, 3.37989983223e-11, 4.74769615982e-12], "min": [8.68461703723e-24, 1.00908925517e-23, 7.29934178892e-24, 3.20010419217e-24, 3.70134759464e-24, 3.80864253851e-24, 8.88558093056e-24, 6.67412140102e-24, 7.57673920422e-24, 9.904557295e-24, 9.70187289604e-24, 1.31229630602e-23, 1.02242455434e-23, 9.99144401282e-24, 1.67215824267e-23, 1.10348490329e-23, 5.9276325816e-24, 6.87186910844e-24, 9.01057672985e-24, 1.16737238142e-23, 9.7773258639e-24, 1.06112567592e-23, 5.8227515521e-24, 1.19816690792e-23, 1.33528876151e-23, 1.05226171925e-23, 7.55015853602e-24, 5.65686199234e-24, 1.00661704398e-23, 6.44248304582e-24, 1.33287689817e-23, 7.11800869922e-24, 7.99661673191e-24, 6.92249031273e-24, 8.13027580166e-24, 1.15660222126e-23, 1.09901584849e-23, 6.82339439467e-24, 6.30462289732e-24, 8.6454074948e-24], "dmean": [0.00203615054488, 0.00128964032046, 0.000665454601403, 0.000487568380777, 0.000293203542242, 0.000271530763712, 0.000219089968596, 0.000135915557621, 0.000137964598252, 0.000114499162009, 9.9613374914e-05, 8.24985982035e-05, 4.34961330029e-05, 3.9227954403e-05, 3.28208116116e-05, 2.74574085779e-05, 2.93329812848e-05, 2.69214870059e-05, 2.25453532039e-05, 1.97029985429e-05, 1.44300011016e-05, 1.49318866534e-05, 1.72457403096e-05, 1.08672456918e-05, 6.77742036714e-06, 5.68434415982e-06, 4.46115654995e-06, 4.99603538628e-06, 3.86042938771e-06, 2.8151978313e-06, 2.59313173956e-06, 2.83418080471e-06, 2.50693210546e-06, 2.08682899938e-06, 1.72527427367e-06, 1.2345713003e-06, 1.11625502086e-06, 1.26416932744e-06, 1.16696151053e-06, 4.88564239731e-07], "mean": [0.00211459002458, 0.00188058475032, 0.00133231643122, 0.000822775065899, 0.000656199408695, 0.000547245086636, 0.000423588760896, 0.000250438402873, 0.000244143535383, 0.000202395138331, 0.000185603043064, 0.000142586563015, 7.74435538915e-05, 6.94185873726e-05, 5.66547096241e-05, 4.98790104757e-05, 4.98201225128e-05, 5.014571434e-05, 4.1719271394e-05, 3.80399105779e-05, 2.89784293273e-05, 3.15608704113e-05, 3.83220831282e-05, 2.61095447058e-05, 1.57556332852e-05, 1.28776036945e-05, 1.14651365948e-05, 1.17526860777e-05, 8.74215766089e-06, 6.48261629976e-06, 5.93221193412e-06, 6.85975919623e-06, 5.64441870665e-06, 4.69315818918e-06, 3.87450791095e-06, 2.80275048681e-06, 2.41959969571e-06, 2.53088001045e-06, 2.29514580496e-06, 1.0515801705e-06], "max": [0.0688596069813, 0.0475649498403, 0.0154228648171, 0.0145922433585, 0.00837983749807, 0.0072051435709, 0.0081494236365, 0.0093645285815, 0.00765107991174, 0.00591577170417, 0.0051331948489, 0.00375868543051, 0.00407522497699, 0.00277791032568, 0.00190736260265, 0.00216728192754, 0.00161083205603, 0.00114846148062, 0.00206518825144, 0.00136068160646, 0.000635274336673, 0.00143419473898, 0.00088122964371, 0.000371471542167, 0.000253509555478, 0.0001847701933, 0.000125354519696, 0.00022107057157, 0.000206192635233, 0.000103547914478, 0.000156918889843, 0.000182411589776, 0.000242133130087, 0.000166569807334, 0.000176627843757, 9.56853473326e-05, 0.000135824462632, 0.000238276814343, 0.00022850613459, 5.93942168052e-05], "dmean2": [0.00360893108882, 0.00228099012747, 0.00108138064388, 0.000796722481027, 0.000469780643471, 0.000435834139353, 0.000347887369571, 0.000210080921534, 0.000217420092667, 0.000174632761627, 0.00015434306988, 0.000136164817377, 7.03331024852e-05, 6.31874790997e-05, 5.19332279509e-05, 4.22338853241e-05, 4.51053310826e-05, 4.12503068219e-05, 3.53622781404e-05, 3.11866861011e-05, 2.32610636886e-05, 2.36742780544e-05, 2.59135267697e-05, 1.69209779415e-05, 1.10317068902e-05, 9.31879549171e-06, 7.0843125286e-06, 7.79227866587e-06, 6.05863442615e-06, 4.36058780906e-06, 3.92785341319e-06, 4.24617792305e-06, 3.76373805011e-06, 3.0401240565e-06, 2.51977621701e-06, 1.80432300567e-06, 1.5907986608e-06, 1.80406300387e-06, 1.70103453456e-06, 6.9741651032e-07], "median": [0.000940853846259, 0.00125662179198, 0.000937597244047, 0.000561793451197, 0.000414118694607, 0.000332444236847, 0.000206500437343, 0.000110756242066, 0.000122094308608, 8.35388782434e-05, 7.88645120338e-05, 7.58363312343e-05, 4.21565964643e-05, 3.74596784241e-05, 2.78447441815e-05, 2.09411591641e-05, 1.77536621777e-05, 2.22300768655e-05, 1.88743724721e-05, 1.77118290594e-05, 1.63138793141e-05, 1.77691181307e-05, 1.79064336407e-05, 1.49833122123e-05, 1.10018545456e-05, 9.6819439932e-06, 8.27138956083e-06, 7.37609843782e-06, 5.3988669606e-06, 