{"rhythm": {"bpm": 135.507888794, "bpm_histogram_second_peak_weight": {"mean": 0.0855614989996, "min": 0.0855614989996, "max": 0.0855614989996, "dmean2": 0, "dvar": 0, "dmean": 0, "median": 0.0855614989996, "dvar2": 0, "var": 0}, "bpm_histogram_first_peak_weight": {"mean": 0.0909090936184, "min": 0.0909090936184, "max": 0.0909090936184, "dmean2": 0, "dvar": 0, "dmean": 0, "median": 0.0909090936184, "dvar2": 0, "var": 0}, "danceability": 0.840756356716, "beats_loudness": {"mean": 0.0107347173616, "min": 0, "max": 0.149164512753, "dmean2": 0.0119009083137, "dvar": 0.000145636193338, "dmean": 0.00692189950496, "median": 0.00515199452639, "dvar2": 0.000406652543461, "var": 0.000257704494288}, "onset_rate": 1.91886889935, "bpm_histogram_second_peak_spread": {"mean": 0.600000023842, "min": 0.600000023842, "max": 0.600000023842, "dmean2": 0, "dvar": 0, "dmean": 0, "median": 0.600000023842, "dvar2": 0, "var": 0}, "bpm_histogram_first_peak_spread": {"mean": 0.600000023842, "min": 0.600000023842, "max": 0.600000023842, "dmean2": 0, "dvar": 0, "dmean": 0, "median": 0.600000023842, "dvar2": 0, "var": 0}, "beats_position": [0.452789098024, 0.893968224525, 1.33514738083, 1.77632653713, 2.21750569344, 2.65868473053, 3.11147379875, 3.56426286697, 4.01705217361, 4.46984100342, 4.92263031006, 5.36380958557, 5.81659841537, 6.18811798096, 6.5596370697, 6.93115615845, 7.30267572403, 7.6858048439, 8.06893444061, 8.45206356049, 8.83519268036, 9.2067117691, 9.57823085785, 9.96135997772, 10.47219944, 10.9830379486, 11.4938774109, 12.0047159195, 12.5155553818, 13.0263938904, 13.5372333527, 14.0480718613, 14.5589113235, 15.0929698944, 15.6270294189, 16.1610889435, 16.6951465607, 17.2175960541, 17.7516555786, 18.2857131958, 18.8197727203, 19.4234924316, 20.0272102356, 20.6309299469, 21.1882076263, 21.733877182, 22.2795467377, 22.7671642303, 23.2547836304, 23.7424030304, 24.2300224304, 24.7292518616, 25.2284793854, 25.6348285675, 26.0295696259, 26.4243087769, 26.7958278656, 27.1789569855, 27.5620861053, 27.9452152252, 28.3283443451, 28.711473465, 29.0829925537, 29.4545116425, 29.8608608246, 30.2788200378, 30.68516922, 31.2076187134, 31.7184581757, 32.2292976379, 32.7517471313, 33.2741928101, 33.8082542419, 34.3423118591, 34.8763694763, 35.4104309082, 35.9677085876, 36.5133781433, 37.0706558228, 37.5234451294, 37.976234436, 38.4290237427, 38.8818130493, 39.3229942322, 39.7757797241, 40.216960907, 40.6581382751, 41.099319458, 41.5404968262, 41.9468460083, 42.3648071289, 42.771156311, 43.1194534302, 43.467754364, 43.8160552979, 44.1527442932, 44.4894332886, 44.8261222839, 45.1628112793, 45.4878921509, 45.8129692078, 46.1496582031, 46.4863471985, 46.8230361938, 47.1481170654, 47.4848060608, 47.8331069946, 48.1930160522, 48.5413131714, 48.8896141052, 49.3540115356, 49.8300209045, 50.2944221497, 50.7355995178, 51.1767807007, 51.6063499451, 52.0475273132, 52.4887046814, 52.9298858643, 53.3594551086, 53.789024353, 54.2185935974, 54.6597709656, 55.1009521484, 55.5305213928, 55.971698761, 56.4128799438, 56.912109375, 57.4113349915, 57.9105644226, 58.39818573, 58.8858032227, 59.3850326538, 59.8378219604, 60.2789993286, 60.7201805115, 61.2310180664, 61.741859436, 62.252696991, 62.7635345459, 63.2743759155, 63.7852134705, 64.2960510254, 64.806892395, 65.3061218262, 65.8053512573, 66.29296875, 66.7805862427, 67.2798156738, 67.779045105, 68.2666625977, 68.7310638428, 69.1954650879, 69.6714706421, 70.1474838257, 70.6234893799, 71.0995025635, 71.7032165527, 72.2953262329, 72.8990478516, 73.4911575317, 74.0832672119, 74.7798614502, 75.4764633179, 76.1846694946, 76.8928756714, 77.6010894775, 78.3092956543, 79.0175018311, 79.7257156372, 80.3874816895, 81.0492477417, 81.7110214233, 82.3727874756, 83.0345535278, 83.6963272095, 84.3580932617, 85.019859314, 85.6816329956, 86.2273025513, 86.7729721069, 87.3070297241, 87.8526992798, 88.3983688354, 88.9324264526, 89.3852157593, 89.8380050659, 90.3023986816, 90.7784118652, 91.2544174194, 91.730430603, 92.2296600342, 92.7288894653, 93.2397232056, 93.7505645752, 94.2497940063, 94.760635376, 95.2250289917, 95.6894302368, 96.1538314819, 96.6066207886, 97.0594100952, 97.5005874634, 97.95337677, 98.4758224487, 98.9982757568, 99.532333374, 100.031562805, 100.530792236, 101.030021667, 101.447982788, 101.865936279, 102.2838974, 102.701858521, 103.119819641, 103.537773132, 103.955734253, 104.385307312, 104.814872742, 105.244445801, 105.67401123, 106.10358429, 106.533149719, 106.962722778, 107.38067627, 107.810249329, 108.22820282, 108.680992126, 109.133781433, 109.58657074, 110.016143799, 110.445709229, 110.875282288, 111.293243408, 111.734420776, 112.175598145, 112.616775513, 113.034736633, 113.452697754, 113.859046936, 114.265396118, 114.660133362, 115.066482544, 115.484443665, 115.902404785, 116.320358276, 116.738319397, 117.144668579, 117.469749451, 117.794830322, 118.119903564, 118.456596375, 118.92099762, 119.385391235, 119.838180542, 120.290969849, 120.743759155, 121.184944153, 121.637733459, 122.090522766, 122.543312073, 122.99609375, 123.460494995, 123.92489624, 124.400901794, 124.911743164, 125.410972595, 125.910202026, 126.409431458, 126.908660889, 127.396278381, 127.907119751, 128.406341553, 128.917190552, 129.428024292, 129.938858032, 130.449707031, 130.983764648, 131.517822266, 132.051879883, 132.539505005, 133.038726807, 133.526351929, 133.955917358, 134.37387085, 134.7918396, 135.221405029, 135.685806274, 136.15020752, 136.614593506, 137.055786133, 137.485351562, 137.926528931, 138.367706299, 138.820495605, 139.273284912, 139.772521973, 140.260131836, 140.747756958, 141.24697876, 141.74621582, 142.245437622, 142.744674683, 143.243896484, 143.743133545, 144.242355347, 144.741577148, 145.240814209, 145.82131958, 146.401809692, 146.982315063, 147.562805176, 148.143310547, 148.770248413, 149.397186279, 150.035736084, 150.685897827, 151.336044312, 151.974594116, 152.613143921, 153.251693726, 153.89024353, 154.528793335, 155.155731201, 155.782669067, 156.409606934, 157.0365448, 157.663482666, 158.290420532, 158.917373657, 159.532699585, 160.136413574, 160.68208313, 161.239364624, 161.796646118, 162.353912354, 162.911193848, 163.456863403, 163.932876587, 164.408889771, 164.884887695, 165.326080322, 165.778869629, 166.243255615, 166.696044922, 167.160446167, 167.624847412, 168.06602478, 168.507202148, 168.948379517, 169.401168823, 169.795913696, 170.190658569, 170.585388184, 170.991744995, 171.398086548, 171.792831421, 172.187576294, 172.582305908, 172.965438843, 173.360183716, 173.75491333, 174.149658203, 174.544403076, 174.93913269, 175.345489502, 175.751831055, 176.158187866, 176.564529419, 177.052154541, 177.539764404, 178.027389526, 178.515014648, 179.002624512, 179.490249634], "bpm_histogram_first_peak_bpm": {"mean": 136, "min": 136, "max": 136, "dmean2": 0, "dvar": 0, "dmean": 0, "median": 136, "dvar2": 0, "var": 0}, "beats_count": 375, "beats_loudness_band_ratio": {"mean": [0.126406028867, 0.152350008488, 0.359815716743, 0.242070451379, 0.12111427635, 0.0204619020224], "min": [0, 0, 0, 0, 0, 0], "max": [0.999540269375, 0.945984005928, 0.888870716095, 0.943831980228, 0.895631015301, 0.273559600115], "dmean2": [0.149026155472, 0.232896104455, 0.351723194122, 0.242623195052, 0.162476450205, 0.0328565910459], "dvar": [0.0221196003258, 0.0220352336764, 0.0280214399099, 0.0218157470226, 0.0187711138278, 0.00104365765583], "dmean": [0.0890938788652, 0.130877181888, 0.201693087816, 0.144151121378, 0.0913111642003, 0.0181754492223], "median": [0.0254231449217, 0.0757570788264, 0.34256029129, 0.177842259407, 0.0654434859753, 0.00947774015367], "dvar2": [0.0452954545617, 0.0628799945116, 0.0719311460853, 0.0505137555301, 0.0494326017797, 0.00293301534839], "var": [0.0551492273808, 0.0340751037002, 0.0593516938388, 0.0477824956179, 0.0243951398879, 0.000987912761047]}, "bpm_histogram_second_peak_bpm": {"mean": 120, "min": 120, "max": 120, "dmean2": 0, "dvar": 0, "dmean": 0, "median": 120, "dvar2": 0, "var": 0}}, "tonal": {"chords_number_rate": 0.00283213192597, "tuning_diatonic_strength": 0.731289386749, "chords_changes_rate": 0.0489186421037, "thpcp": [1, 0.638658702374, 0.318543285131, 0.277492105961, 0.2616494596, 0.427302747965, 0.634638607502, 0.494793206453, 0.280073702335, 0.254507571459, 0.276971280575, 0.369447082281, 0.464338332415, 0.462927639484, 0.676375448704, 0.915253102779, 0.613896548748, 0.265938162804, 0.206040143967, 0.187612831593, 0.36920273304, 0.577810108662, 0.379216194153, 0.14530082047, 0.137555539608, 0.168505653739, 0.385948032141, 0.596093356609, 0.45777580142, 0.416227579117, 0.511438786983, 0.329442977905, 0.189653322101, 0.223157972097, 0.28103864193, 0.693887770176], "hpcp": {"mean": [0.193411439657, 0.148532226682, 0.13505128026, 0.165943980217, 0.106892719865, 0.0615358650684, 0.0724069550633, 0.0911872014403, 0.225142300129, 0.32446500659, 0.207222402096, 0.103356152773, 0.0900364816189, 0.0848960950971, 0.138644784689, 0.20591801405, 0.160543084145, 0.0908741131425, 0.0825788006186, 0.0898674875498, 0.119872651994, 0.150661543012, 0.150203824043, 0.21946015954, 0.296967595816, 0.1991879493, 0.086287625134, 0.0668528154492, 0.060873799026, 0.119793362916, 0.187479153275, 0.12304238975, 0.0471450313926, 0.0446319580078, 0.0546741895378, 0.125226631761], "min": [0, 0, 0, 0, 0, 0, 0, 0, 0, 0, 0, 0, 0, 0, 0, 0, 0, 0, 0, 0, 0, 0, 0, 0, 0, 0, 0, 0, 0, 0, 0, 0, 0, 0, 0, 0], "max": [1, 1, 1, 1, 1, 1, 1, 1, 1, 1, 1, 1, 1, 1, 1, 1, 1, 1, 1, 1, 1, 1, 1, 1, 1, 1, 1, 1, 1, 1, 1, 1, 1, 1, 1, 1], "dmean2": [0.183356076479, 0.170991674066, 0.166170716286, 0.167042657733, 0.137344554067, 0.107475586236, 0.124857887626, 0.164550676942, 0.240924805403, 0.27450299263, 0.243885099888, 0.183287382126, 0.190948292613, 0.176865816116, 0.190007641912, 0.217269912362, 0.209805697203, 0.17065346241, 0.162480115891, 0.173922479153, 0.180739551783, 0.196444392204, 0.230363845825, 0.266537159681, 0.285408556461, 0.2413995713, 0.137122943997, 0.118802726269, 0.112438909709, 0.143778368831, 0.172886714339, 0.135166406631, 0.0819825157523, 0.0792327821255, 0.0973194912076, 0.154738500714], "dvar": [0.0299600735307, 0.0287133660167, 0.0301054120064, 0.0308303311467, 0.0246990583837, 0.0226594563574, 0.0263431947678, 0.0308112632483, 0.0380639731884, 0.0479022562504, 0.041488032788, 0.0413627512753, 0.0456246584654, 0.0388421118259, 0.0369173660874, 0.0414075069129, 0.0384296514094, 0.0383205786347, 0.0366711951792, 0.041433095932, 0.0353312902153, 0.0357963182032, 0.0413482673466, 0.0475956313312, 0.0504645891488, 0.0381958149374, 0.0253178030252, 0.0241080652922, 0.0211151558906, 0.0232221409678, 0.0295600499958, 0.0191649403423, 0.0110199470073, 0.0118036065251, 0.0143066691235, 0.0256740115583], "dmean": [0.108533389866, 0.10097065568, 0.0981923490763, 0.0987465307117, 0.0799290388823, 0.0613366886973, 0.0707417801023, 0.0927922651172, 0.143822684884, 0.161505356431, 0.142256990075, 0.1050452739, 0.106365337968, 0.0986426994205, 0.110317438841, 0.126323491335, 0.121665328741, 0.0957073643804, 0.0904707759619, 0.0985042080283, 0.104009754956, 0.111585080624, 0.129038006067, 0.15251737833, 0.167472288013, 0.137729331851, 0.0789403617382, 0.0679096505046, 0.0631403401494, 0.0835770070553, 0.102893508971, 0.0802520960569, 0.0462915152311, 0.0442831739783, 0.0553509667516, 0.0905114039779], "median": [0.0548722594976, 0.0443198382854, 0.0318030714989, 0.024038400501, 0.0139309493825, 0.00738881248981, 0.00726162642241, 0.0222831983119, 0.103075817227, 0.16225117445, 0.0900248959661, 0.0141577105969, 0.00984486937523, 0.014043870382, 0.0384387597442, 0.0570853948593, 0.0508730188012, 0.020521428436, 0.0137476827949, 0.0142362676561, 0.0299435965717, 0.0401381850243, 0.0523253530264, 0.0982859134674, 0.136884972453, 0.0776712223887, 0.0195537209511, 0.0102487020195, 0.0107025979087, 0.0382925346494, 0.0603833198547, 0.0399419926107, 0.0113437138498, 0.00886917393655, 0.014597421512, 0.0429550148547], "dvar2": [0.0770907923579, 0.0751107186079, 0.0789281949401, 0.0777532756329, 0.0685800239444, 0.0619178414345, 0.0695295706391, 0.0827685594559, 0.0998077690601, 0.125514760613, 0.121607936919, 0.113269776106, 0.125382468104, 0.102788887918, 0.101168088615, 0.114800281823, 0.110680431128, 0.106872215867, 0.101557314396, 0.109121382236, 0.0959188565612, 0.100226178765, 0.124411776662, 0.131015181541, 0.127683490515, 0.10892881453, 0.0713006779552, 0.0624689497054, 0.0589119046926, 0.06288497895, 0.0743283480406, 0.0526954308152, 0.0318452268839, 0.0333727672696, 0.0398163385689, 0.0710117816925], "var": [0.0838811770082, 0.0516221262515, 0.0505651831627, 0.078523337841, 0.0408473461866, 0.0243798419833, 0.0324493013322, 0.0316485650837, 0.0738280713558, 0.128281608224, 0.0677685365081, 0.0465069077909, 0.0420079343021, 0.0353829413652, 0.0475772805512, 0.0890593454242, 0.0559984855354, 0.0364059358835, 0.0332447215915, 0.0403276234865, 0.0451623871922, 0.0609650760889, 0.0500077977777, 0.0746803730726, 0.113944046199, 0.0681265294552, 0.0313938893378, 0.0260254107416, 0.0220514051616, 0.0353343635798, 0.0784648358822, 0.0360893793404, 0.0118321320042, 0.0123137822375, 0.013686940074, 0.0381720773876]}, "tuning_frequency": 442.293365479, "chords_scale": "major", "chords_histogram": [34.4747695923, 6.51390314102, 13.4140062332, 2.62615871429, 0.952626168728, 0.411946445704, 0, 0.875386178493, 3.99073123932, 0.154479920864, 0.411946445704, 0.926879525185, 0.695159614086, 0.0257466528565, 0, 0.926879525185, 0, 1.10710608959, 1.00411951542, 2.5231719017, 0.180226564407, 10.6333675385, 12.4356336594, 5.71575689316], "hpcp_entropy": {"mean": 1.76832509041, "min": 0, "max": 3.79764842987, "dmean2": 0.917988836765, "dvar": 0.213181719184, "dmean": 0.540308713913, "median": 1.80604732037, "dvar2": 0.601876616478, "var": 0.501189112663}, "chords_key": "F", "key_key": "F", "key_scale": "major", "tuning_nontempered_energy_ratio": 0.685338139534, "tuning_equal_tempered_deviation": 0.0159994922578, "key_strength": 0.916944801807, "chords_strength": {"mean": 0.537449479103, "min": -1, "max": 0.804921686649, "dmean2": 0.00903606787324, "dvar": 0.0005824258551, "dmean": 0.00920547079295, "median": 0.561659455299, "dvar2": 0.00116611318663, "var": 0.0368112325668}}, "metadata": {"audio_properties": {"md5_encoded": "e1e99eae32320c3c2885ec04b93eb956", "downmix": "mix", "equal_loudness": 0, "bit_rate": 192000, "analysis_sample_rate": 44100, "length": 180.297149658, "lossless": false, "replay_gain": -8.96651649475, "sample_rate": 44100, "codec": "mp3"}, "version": {"essentia_git_sha": "v2.1_beta2", "essentia_build_sha": "70f2e5ece6736b2c40cc944ad0e695b16b925413", "extractor": "music 1.0", "essentia": "2.1-beta2"}, "tags": {"date": ["2007"], "album": ["Pavarotti Forever"], "encodedby": ["Lame 3.97 (-V2 --Vbr-New)"], "language": ["Swedish"], "title": ["Recondita Armonia Tosca (Puccini)"], "musicbrainz_recordingid": ["1f81c0fc-9c92-409f-92d6-2866406bca75"], "albumartist": ["Luciano Pavarotti"], "artist": ["Luciano Pavarotti"], "genre": ["Other"], "file_name": "303346.mp3", "tracknumber": ["18"]}}, "lowlevel": {"mfcc": {"mean": [-813.317626953, 160.539962769, -45.5187149048, 2.90136790276, -2.20130825043, -26.9503688812, -4.09800863266, 5.98261737823, -9.63347911835, -3.63748955727, -0.465992063284, 1.56923425198, -0.535389721394], "cov": [[16473.1132812, 2761.92919922, -4208.48681641, 1199.7142334, -328.100616455, -1342.60510254, 420.196350098, 465.423614502, -917.679504395, -119.684829712, 212.651687622, 99.4030990601, -167.359161377], [2761.92919922, 1928.07092285, -435.295013428, 95.3654632568, 76.2105331421, -335.652557373, -46.2412605286, 128.428009033, -66.9532470703, -73.1558837891, 46.4441604614, 29.2549266815, -2.22074818611], [-4208.48681641, -435.295013428, 2161.57373047, -185.265380859, 117.671630859, 664.701049805, -200.899276733, -124.186027527, 360.770141602, 80.7320556641, -60.1253166199, -8.7067861557, 121.953422546], [1199.7142334, 95.3654632568, -185.265380859, 699.379882812, 257.695739746, -84.4312591553, 122.467445374, 136.329788208, -44.2017745972, 11.0678062439, 75.7897109985, 38.2563095093, -8.9160785675], [-328.100616455, 76.2105331421, 117.671630859, 257.695739746, 409.855895996, 140.015350342, -38.0149421692, 1.79880619049, 108.811523438, 60.4449920654, 54.7052192688, 1.88714110851, -6.89358186722], [-1342.60510254, -335.652557373, 664.701049805, -84.4312591553, 140.015350342, 492.629150391, 9.29309177399, -61.4049720764, 175.190063477, 83.5626602173, -1.52915453911, 3.06822133064, 45.6557426453], [420.196350098, -46.2412605286, -200.899276733, 122.467445374, -38.0149421692, 9.29309177399, 368.963928223, 188.033554077, -66.5323410034, 2.81924915314, 37.0471076965, 73.9774246216, 34.3272171021], [465.423614502, 128.428009033, -124.186027527, 136.329788208, 1.79880619049, -61.4049720764, 188.033554077, 263.907806396, 14.0165071487, -16.8135166168, 28.8676128387, 62.0690422058, 32.7691001892], [-917.679504395, -66.9532470703, 360.770141602, -44.2017745972, 108.811523438, 175.190063477, -66.5323410034, 14.0165071487, 250.735839844, 93.0621185303, 7.24339342117, -7.11749887466, 16.9955654144], [-119.684829712, -73.1558837891, 80.7320556641, 11.0678062439, 60.4449920654, 83.5626602173, 2.81924915314, -16.8135166168, 93.0621185303, 162.387664795, 74.6299438477, 12.0056247711, 7.05546092987], [212.651687622, 46.4441604614, -60.1253166199, 75.7897109985, 54.7052192688, -1.52915453911, 37.0471076965, 28.8676128387, 7.24339342117, 74.6299438477, 145.400146484, 64.4181442261, 5.23005151749], [99.4030990601, 29.2549266815, -8.7067861557, 38.2563095093, 1.88714110851, 3.06822133064, 73.9774246216, 62.0690422058, -7.11749887466, 12.0056247711, 64.4181442261, 138.351989746, 70.4929885864], [-167.359161377, -2.22074818611, 121.953422546, -8.9160785675, -6.89358186722, 45.6557426453, 34.3272171021, 32.7691001892, 16.9955654144, 7.05546092987, 5.23005151749, 70.4929885864, 138.522476196]], "icov": [[0.000323918153299, -0.000425987731433, 0.000645409512799, -0.000741911469959, 0.000853176345117, -0.000811357516795, 0.000567090231925, -0.000358142104233, 0.000598321144935, -0.000609926122706, 0.000218386368942, -4.96933680552e-05, -2.67741165771e-06], [-0.000425987731433, 0.00121942837723, -0.000851576565765, 0.00115738995373, -0.00152280216571, 0.00157020054758, -0.000542188296095, 7.68028548919e-05, -0.000742018164601, 0.00103190727532, -0.000550589873455, 0.000121304874483, -0.000150481879245], [0.000645409512799, -0.000851576565765, 0.00231181783602, -0.00172502186615, 0.00220523960888, -0.00296500395052, 0.00178550090641, -0.000757209316362, 0.000444910139777, -0.000775825988967, 0.000449067854788, -8.02962676971e-05, -0.000547732226551], [-0.000741911469959, 0.00115738995373, -0.00172502186615, 0.00443262141198, -0.00427337316796, 0.00294491904788, -0.00183598313015, -0.000240173598286, -0.000196289533051, 0.00107186508831, -0.000806463707704, 0.000241869609454, 0.000131552238599], [0.000853176345117, -0.00152280216571, 0.00220523960888, -0.00427337316796, 0.00750561943278, -0.00437952158973, 0.0025323915761, -0.000433810870163, -0.000296879094094, -0.00108819908928, -0.000539981178008, 0.000130136293592, 0.000127901526866], [-0.000811357516795, 0.00157020054758, -0.00296500395052, 0.00294491904788, -0.00437952158973, 0.00802000332624, -0.00413020560518, 0.00289181014523, -0.00314585329033, 0.00126016500872, -0.000425451464253, 0.000192657113075, -0.000437230715761], [0.000567090231925, -0.000542188296095, 0.00178550090641, -0.00183598313015, 0.0025323915761, -0.00413020560518, 0.00777968764305, -0.00570896873251, 0.00422823382542, -0.00296443584375, 0.00108842551708, -0.00133002141956, 0.000164251046954], [-0.000358142104233, 7.68028548919e-05, -0.000757209316362, -0.000240173598286, -0.000433810870163, 0.00289181014523, -0.00570896873251, 0.00984548777342, -0.00547677930444, 0.00377120217308, -0.00127474463079, -0.000805588904768, -0.00073135580169], [0.000598321144935, -0.000742018164601, 0.000444910139777, -0.000196289533051, -0.000296879094094, -0.00314585329033, 0.00422823382542, -0.00547677930444, 0.011490075849, -0.00690391147509, 0.00284500350244, -0.000357186014298, 0.000592778262217], [-0.000609926122706, 0.00103190727532, -0.000775825988967, 0.00107186508831, -0.00108819908928, 0.00126016500872, -0.00296443584375, 0.00377120217308, -0.00690391147509, 0.0141503671184, -0.00791557412595, 0.00262465933338, -0.00150581914932], [0.000218386368942, -0.000550589873455, 0.000449067854788, -0.000806463707704, -0.000539981178008, -0.000425451464253, 0.00108842551708, -0.00127474463079, 0.00284500350244, -0.00791557412595, 0.0145889595151, -0.00737804640085, 0.00321086519398], [-4.96933680552e-05, 0.000121304874483, -8.02962676971e-05, 0.000241869609454, 0.000130136293592, 0.000192657113075, -0.00133002141956, -0.000805588904768, -0.000357186014298, 0.00262465933338, -0.00737804640085, 0.014952249825, -0.00692906742916], [-2.67741165771e-06, -0.000150481879245, -0.000547732226551, 0.000131552238599, 0.000127901526866, -0.000437230715761, 0.000164251046954, -0.00073135580169, 0.000592778262217, -0.00150581914932, 0.00321086519398, -0.00692906742916, 0.0113957477733]]}, "barkbands_spread": {"mean": 12.1928100586, "min": 0.114905066788, "max": 119.034355164, "dmean2": 4.1812543869, "dvar": 9.18872356415, "dmean": 2.73367881775, "median": 10.7398147583, "dvar2": 19.9891452789, "var": 58.3502349854}, "spectral_strongpeak": {"mean": 1.28459978104, "min": 0, "max": 17.0895729065, "dmean2": 0.910294115543, "dvar": 0.818086743355, "dmean": 0.565930247307, "median": 0.698929786682, "dvar2": 1.98121082783, "var": 2.60176682472}, "melbands_crest": {"mean": 14.3961696625, "min": 1.61528968811, "max": 38.8227233887, "dmean2": 5.17807102203, "dvar": 8.90811157227, "dmean": 3.25367665291, "median": 13.1739063263, "dvar2": 20.7738113403, "var": 38.0267906189}, "spectral_energyband_middle_high": {"mean": 0.00549132796004, "min": 1.1473390915e-21, "max": 0.172209009528, "dmean2": 0.00272492715158, "dvar": 2.8082742574e-05, "dmean": 0.00185243552551, "median": 0.00142858573236, "dvar2": 5.58346728212e-05, "var": 0.000140658929013}, "spectral_rms": {"mean": 0.0025254196953, "min": 3.1313365529e-12, "max": 0.0160639919341, "dmean2": 0.000556534621865, "dvar": 2.67776727014e-07, "dmean": 0.000371020985767, "median": 0.00217731646262, "dvar2": 5.78366325499e-07, "var": 4.37412154497e-06}, "spectral_flux": {"mean": 0.0502244085073, "min": 6.07800060282e-11, "max": 0.399693608284, "dmean2": 0.0260896869004, "dvar": 0.000581437838264, "dmean": 0.016018204391, "median": 0.0373205393553, "dvar2": 0.00157335342374, "var": 0.00260289874859}, "erbbands_flatness_db": {"mean": 0.280730754137, "min": 0.0338747091591, "max": 0.513348460197, "dmean2": 0.0245869513601, "dvar": 0.000218736589886, "dmean": 0.0165792480111, "median": 0.284594029188, "dvar2": 0.000450762803666, "var": 0.00404288619757}, "barkbands_flatness_db": {"mean": 0.226637646556, "min": 0.0474596209824, "max": 0.621953427792, "dmean2": 0.0292685292661, "dvar": 0.000295383564662, "dmean": 0.0192827749997, "median": 0.223645925522, "dvar2": 0.000669029483106, "var": 0.00399723555893}, "spectral_entropy": {"mean": 6.76726770401, "min": 3.56889867783, "max": 9.81911373138, "dmean2": 0.20222556591, "dvar": 0.0147765986621, "dmean": 0.132509946823, "median": 6.76777935028, "dvar2": 0.0320411734283, "var": 0.376516997814}, "spectral_energyband_high": {"mean": 2.38699467445e-05, "min": 6.88708800866e-21, "max": 0.000710831955075, "dmean2": 1.81743725989e-05, "dvar": 1.31835242723e-09, "dmean": 1.12559973786e-05, "median": 3.13492364512e-06, "dvar2": 3.2104796599e-09, "var": 3.27035420966e-09}, "barkbands_kurtosis": {"mean": 5.95316123962, "min": -1.83003330231, "max": 1429.29858398, "dmean2": 5.3022851944, "dvar": 392.664550781, "dmean": 3.32230782509, "median": 1.12437701225, "dvar2": 1128.61950684, "var": 1582.41967773}, "spectral_complexity": {"mean": 9.49690914154, "min": 0, "max": 33, "dmean2": 2.42684173584, "dvar": 2.78848481178, "dmean": 1.46297490597, "median": 9, "dvar2": 7.14614725113, "var": 58.2548484802}, "spectral_contrast_coeffs": {"mean": [-0.646760940552, -0.70628041029, -0.696124136448, -0.735489487648, -0.730423390865, -0.805813372135], "min": [-0.982075154781, -0.993092358112, -0.987531483173, -0.978876888752, -0.979238927364, -0.964723289013], "max": [-0.308073729277, -0.325160354376, -0.330995231867, -0.368247270584, -0.526889681816, -0.671361207962], "dmean2": [0.0617643818259, 0.066103503108, 0.0575713440776, 0.0470991060138, 0.03385604918, 0.0205835849047], "dvar": [0.000917339639273, 0.00120252731722, 0.000982674420811, 0.000711635686457, 0.00035974784987, 0.000111692912469], "dmean": [0.0375084169209, 0.0409906581044, 0.0364731252193, 0.0296969134361, 0.0211703926325, 0.0125371171162], "median": [-0.64286595583, -0.713504612446, -0.70259976387, -0.740672945976, -0.712970852852, -0.80312538147], "dvar2": [0.00244682724588, 0.00304204970598, 0.0023402615916, 0.00159343797714, 0.000835129292682, 0.000296320329653], "var": [0.0126334298402, 0.00883878953755, 0.0108162174001, 0.00766260130331, 0.00808977056295, 0.00187002855819]}, "spectral_centroid": {"mean": 1391.27062988, "min": 93.6963348389, "max": 11985.8242188, "dmean2": 248.773422241, "dvar": 42906.5703125, "dmean": 161.38520813, "median": 1172.0168457, "dvar2": 96634.140625, "var": 1941643.625}, "spectral_energyband_low": {"mean": 0.000496861466672, "min": 1.48334533164e-23, "max": 0.0295450650156, "dmean2": 0.000212415121496, "dvar": 3.60307382152e-07, "dmean": 0.000152305554366, "median": 5.38857639185e-05, "dvar2": 7.94547759142e-07, "var": 1.76983849087e-06}, "dissonance": {"mean": 0.433672308922, "min": 0.166185706854, "max": 0.5, "dmean2": 0.0533992424607, "dvar": 0.000895730569027, "dmean": 0.03146289289, "median": 0.443144917488, "dvar2": 0.0024809751194, "var": 0.00222864653915}, "zerocrossingrate": {"mean": 0.0554682724178, "min": 0, "max": 0.52783203125, "dmean2": 0.00616118591279, "dvar": 4.05316968681e-05, "dmean": 0.00495141698048, "median": 0.0458984375, "dvar2": 5.35067192686e-05, "var": 0.00402771821246}, "erbbands": {"mean": [0.00524786813185, 0.0552247874439, 0.214350908995, 0.318977892399, 0.630019366741, 1.99616932869, 2.36457228661, 4.21723413467, 7.0250620842, 16.6753406525, 37.5352249146, 40.839389801, 30.1955604553, 19.7201347351, 28.3633556366, 64.2739639282, 59.8543739319, 18.2733898163, 11.4482631683, 8.89949893951, 14.388174057, 23.0161838531, 22.5026473999, 13.7885551453, 11.3353796005, 2.8522901535, 0.484352886677, 0.11867275089, 0.114224210382, 0.0522533804178, 0.05660161376, 0.0333579443395, 0.0143325747922, 0.00706456974149, 0.00268650776707, 0.00110525276978, 0.000520501227584, 0.000153559871251, 1.01388723124e-05, 1.34970941872e-05], "min": [6.67437415205e-23, 3.34807739549e-22, 2.24352930018e-21, 2.99150878272e-21, 1.29200813387e-20, 2.96353707254e-20, 3.55643493246e-20, 7.73295547135e-20, 1.11193559972e-19, 1.43232475219e-19, 1.85265412477e-19, 3.22967474443e-19, 6.16093270915e-19, 6.67947879347e-19, 8.9588075416e-19, 1.33260078812e-18, 1.79524207754e-18, 2.2234463905e-18, 1.93911008597e-18, 3.18663865681e-18, 3.57262946156e-18, 3.98737161684e-18, 3.23554798527e-18, 4.6327788762e-18, 6.43263455361e-18, 8.39558874112e-18, 7.50076956987e-18, 8.126901453e-18, 1.05844037677e-17, 1.05996362987e-17, 1.11828416439e-17, 1.22118204115e-17, 6.98889449039e-18, 8.12315101611e-18, 6.4134691924e-18, 4.0744158327e-18, 2.24051733039e-18, 1.05045899376e-18, 2.51228116169e-19, 2.64288244679e-20], "max": [0.328296691179, 1.58585619926, 13.4020357132, 40.4475669861, 85.1797790527, 213.605056763, 165.808151245, 125.136878967, 360.581451416, 596.35748291, 3581.32714844, 1278.42578125, 2720.33349609, 2011.09667969, 1613.19226074, 3610.26123047, 4905.87695312, 1475.21252441, 918.807739258, 520.124755859, 499.707092285, 1427.14025879, 774.028869629, 338.155426025, 452.009368896, 134.215286255, 24.6087799072, 3.56241869926, 5.65467691422, 5.81686258316, 8.24226284027, 7.55584335327, 1.45667457581, 0.603169083595, 0.290849655867, 0.0595262870193, 0.0404157713056, 0.0150484247133, 0.000545837392565, 0.000303176784655], "dmean2": [0.00160588440485, 0.0221701040864, 0.11836759001, 0.192391306162, 0.54095107317, 1.20211791992, 1.5487729311, 3.66808772087, 5.51861858368, 14.7593708038, 34.2018737793, 35.4350700378, 28.2936897278, 16.1077041626, 25.3132457733, 61.2205581665, 58.5333137512, 14.3782014847, 9.70885944366, 7.72649478912, 12.0064716339, 19.2861690521, 16.3195953369, 11.3418951035, 9.94696140289, 2.210044384, 0.393090814352, 0.0769297108054, 0.0917298942804, 0.036156848073, 0.0386523343623, 0.0276810824871, 0.00950658787042, 0.00457870634273, 0.001616136753, 0.000637332501356, 0.000303060252918, 0.000102923077065, 5.25193217982e-06, 5.82560505791e-06], "dvar": [2.11084407056e-05, 0.00232395925559, 0.110792078078, 0.530661821365, 2.92403864861, 13.7572717667, 13.128947258, 39.8550872803, 108.60382843, 674.356628418, 9393.71484375, 3905.92871094, 6541.98339844, 1684.53112793, 2451.31640625, 26920.2519531, 34352.7695312, 2110.88574219, 570.39263916, 407.881530762, 490.139282227, 1573.80310059, 685.369750977, 355.844177246, 358.555511475, 32.2445335388, 0.819630563259, 0.0203339904547, 0.0543236956, 0.0127522535622, 0.0215320494026, 0.0244101881981, 0.000722754455637, 0.000196100692847, 2.79908999801e-05, 2.14837882595e-06, 4.98159579365e-07, 5.75933292168e-08, 1.99546740243e-10, 6.65440966219e-11], "dmean": [0.00129047583323, 0.0162190124393, 0.08349326998, 0.127008616924, 0.330947428942, 0.792297840118, 0.969849586487, 2.18222045898, 3.48222970963, 9.28894901276, 21.8717269897, 22.618227005, 18.1772575378, 10.3441743851, 16.6575431824, 39.2709770203, 38.874458313, 10.0687303543, 6.40359401703, 4.84192371368, 7.74385547638, 12.097325325, 10.236828804, 7.01475906372, 5.99426364899, 1.4061794281, 0.242010623217, 0.0464760959148, 0.0541227795184, 0.022614935413, 0.0251209549606, 0.0180024560541, 0.00613110605627, 0.00294149667025, 0.0010417465819, 0.000411920394981, 0.000199020505534, 6.70388762956e-05, 3.30781335833e-06, 3.82513144359e-06], "median": [0.000185795070138, 0.00282335700467, 0.0159067101777, 0.049807369709, 0.136030167341, 0.400237798691, 0.606849014759, 1.05900835991, 1.67442250252, 2.49140691757, 3.06276369095, 4.83835887909, 3.72298812866, 2.74575901031, 3.51434588432, 2.63043236732, 2.38548851013, 1.46388113499, 1.11391365528, 0.823377847672, 2.47619175911, 6.71578502655, 5.9663233757, 2.88606953621, 1.36543369293, 0.272423267365, 0.0583830326796, 0.0170257091522, 0.008315987885, 0.00424530170858, 0.00433086417615, 0.00284374365583, 0.0015393840149, 0.00079005479347, 0.000275024445727, 0.000184959339094, 0.000106064107968, 2.30133427976e-05, 3.94546577809e-06, 5.87505746807e-06], "dvar2": [3.68170840375e-05, 0.00480403006077, 0.249854281545, 1.18739688396, 8.0865650177, 34.6952400208, 43.0224685669, 123.290748596, 242.266082764, 1651.97558594, 22817.4941406, 9564.1875, 14357.8271484, 3879.66162109, 5964.70605469, 69964.46875, 69388.015625, 3638.31787109, 1275.72033691, 997.300231934, 1151.21044922, 3488.0234375, 1693.51782227, 925.563049316, 902.608642578, 70.200920105, 2.20429253578, 0.0550284273922, 0.160827338696, 0.0315159149468, 0.0461412072182, 0.0626931264997, 0.00158997962717, 0.000473914929898, 5.87415015616e-05, 4.64080267193e-06, 1.12976647415e-06, 1.3641412977e-07, 5.63066204773e-10, 1.49583428977e-10], "var": [0.000426990503911, 0.0234876777977, 0.415689647198, 1.72221672535, 8.55213451385, 47.0903930664, 34.2545967102, 90.1279449463, 302.641235352, 1722.43725586, 19413.1660156, 9533.99316406, 12944.1240234, 4531.96337891, 4599.4453125, 57389.5390625, 68409.4453125, 5552.52197266, 1194.37036133, 833.121032715, 1092.75683594, 2843.7565918, 1662.21520996, 779.802734375, 826.91796875, 100.310157776, 1.95478546619, 0.0767777785659, 0.125942140818, 0.0308541376144, 0.0615111961961, 0.0409637279809, 0.00204232428223, 0.000483047217131, 9.15547279874e-05, 8.32806563267e-06, 1.79880896667e-06, 1.94709784296e-07, 3.70321273646e-10, 4.27025553806e-10]}, "pitch_salience": {"mean": 0.516611039639, "min": 0.0408116877079, "max": 0.985836923122, "dmean2": 0.100363753736, "dvar": 0.00309666688554, "dmean": 0.063835285604, "median": 0.529099702835, "dvar2": 0.00761888269335, "var": 0.0150316096842}, "silence_rate_60dB": {"mean": 0.424929171801, "min": 0, "max": 1, "dmean2": 0.070066973567, "dvar": 0.0337997227907, "dmean": 0.035028975457, "median": 0, "dvar2": 0.0770011097193, "var": 0.244348272681}, "melbands": {"mean": [5.45339353266e-05, 0.000102840109321, 5.88048314967e-05, 9.39830788411e-05, 9.22659310163e-05, 8.66916307132e-05, 0.000114873793791, 0.000215286374441, 0.000307492213324, 0.000256919156527, 0.000145673941006, 7.69315665821e-05, 7.77339082561e-05, 0.000136998030939, 0.000199695670744, 9.09602022148e-05, 2.59303615167e-05, 1.63828117365e-05, 1.73157695826e-05, 8.97590689419e-06, 1.9032482669e-05, 2.41601064772e-05, 2.28830795095e-05, 1.62250507856e-05, 1.03018683149e-05, 1.18881307571e-05, 4.29825058745e-06, 1.18510001812e-06, 3.36471856599e-07, 9.17391460575e-08, 5.58228556713e-08, 7.60244702747e-08, 3.20572297596e-08, 2.72492712838e-08, 3.36526682077e-08, 2.92282003045e-08, 1.64386975143e-08, 9.07043062881e-09, 9.81930092792e-09, 4.55314719261e-09], "min": [1.00569105933e-24, 1.10927313074e-24, 6.20870313049e-25, 1.66887863234e-24, 1.49077040602e-24, 1.69614146801e-24, 1.80474493491e-24, 1.05981194641e-24, 1.12978311985e-24, 1.84119464747e-24, 2.5636520027e-24, 2.46544098937e-24, 2.77356217034e-24, 3.38328084981e-24, 2.56770497282e-24, 2.67838945478e-24, 2.61306565816e-24, 1.47071273004e-24, 2.1034163511e-24, 4.4644857179e-24, 3.80892534515e-24, 2.94447578799e-24, 3.77393384197e-24, 3.03931560424e-24, 3.19071832512e-24, 4.24277675491e-24, 4.82107885162e-24, 4.64731251572e-24, 4.38546828203e-24, 4.70767457447e-24, 3.75705340189e-24, 5.45618208894e-24, 4.43646143424e-24, 4.61364432672e-24, 5.04299607388e-24, 6.00709059628e-24, 6.34788402936e-24, 5.0075355929e-24, 4.40378484339e-24, 5.83161677095e-24], "max": [0.00261463946663, 0.00537556316704, 0.00633628712967, 0.00948192272335, 0.00760255055502, 0.00245968671516, 0.0054110432975, 0.0126214725897, 0.0258994698524, 0.00941671710461, 0.0132116256282, 0.00902618095279, 0.00608712574467, 0.00513354176655, 0.0200696885586, 0.0107270218432, 0.00248251412995, 0.00124526908621, 0.000957676849794, 0.000276327918982, 0.00077578460332, 0.00145574496128, 0.000707119761501, 0.000609996786807, 0.000334222713718, 0.000501480710227, 0.000365643179975, 6.21971921646e-05, 2.06879631151e-05, 4.18224681198e-06, 2.18321179091e-06, 4.25458847531e-06, 1.53214273269e-06, 4.75982960779e-06, 3.33879779646e-06, 1.24228117784e-05, 2.96567827718e-06, 1.00369777556e-06, 1.01614409687e-06, 5.32178091817e-07], "dmean2": [1.87368586921e-05, 5.04470954183e-05, 3.54737603629e-05, 6.59310026094e-05, 5.60617227165e-05, 7.51574261812e-05, 9.48179585976e-05, 0.000197262503207, 0.000272955745459, 0.000231800004258, 0.000141979893669, 6.77328644088e-05, 7.4090079579e-05, 0.000134486792376, 0.000195054148207, 9.45621795836e-05, 2.38772936427e-05, 1.56644509843e-05, 1.77935689862e-05, 8.30590579426e-06, 1.77533493115e-05, 2.35884108406e-05, 1.84369037015e-05, 1.54649551405e-05, 1.04578230093e-05, 1.14474933071e-05, 4.64962886326e-06, 1.23594077195e-06, 3.55250477924e-07, 8.17147949306e-08, 4.60463169816e-08, 6.62326016254e-08, 2.5984792984e-08, 2.17331912467e-08, 2.49458622648e-08, 2.64641535352e-08, 1.4153472172e-08, 6.87785339792e-09, 7.51539186439e-09, 3.28277760531e-09], "dvar": [2.18790430218e-09, 1.74215681881e-08, 1.22781314005e-08, 4.38734026886e-08, 2.02026466667e-08, 1.63822111432e-08, 2.88388566361e-08, 1.62250515245e-07, 5.06717412918e-07, 1.78988941002e-07, 1.6227420474e-07, 3.43055326368e-08, 2.71527369478e-08, 8.74459971101e-08, 4.44747598749e-07, 6.92375223821e-08, 6.39250874457e-09, 1.48820444856e-09, 2.61975796612e-09, 1.91904270253e-10, 1.12703990585e-09, 2.07146766407e-09, 8.71353433851e-10, 5.97550509074e-10, 3.17802506533e-10, 4.16009976467e-10, 2.11580267195e-10, 9.4113978763e-12, 6.33833643123e-13, 3.36383719002e-14, 7.9992410875e-15, 2.82249911106e-14, 3.69713745499e-15, 6.43896870569e-15, 5.286761646e-15, 3.97633247401e-14, 4.24569759097e-15, 3.61461331134e-16, 3.97373913441e-16, 1.24072446437e-16], "dmean": [1.43794595715e-05, 3.5876470065e-05, 2.30522618949e-05, 4.21298500441e-05, 3.55447482434e-05, 4.4693271775e-05, 5.97695398028e-05, 0.000127661187435, 0.00017828658747, 0.000148643099237, 9.05430060811e-05, 4.33761088061e-05, 4.78767251479e-05, 8.76648991834e-05, 0.000131795095513, 5.86372079852e-05, 1.66526224348e-05, 1.04345945147e-05, 1.13448595584e-05, 5.00649184687e-06, 1.13297455755e-05, 1.47119280882e-05, 1.16246283142e-05, 9.59530370892e-06, 6.31777993476e-06, 6.96967936165e-06, 2.87065336124e-06, 7.43215082366e-07, 2.12507345054e-07, 4.91793912261e-08, 2.73892037939e-08, 3.9129815832e-08, 1.52869006342e-08, 1.37162752267e-08, 1.56611790203e-08, 1.70144982548e-08, 9.10070241389e-09, 4.32521618521e-09, 4.68301131207e-09, 2.11205342104e-09], "median": [1.75926049906e-06, 8.6179425125e-06, 1.22583696793e-05, 1.99324458663e-05, 2.45117116719e-05, 2.16043117689e-05, 2.38502834691e-05, 2.55238537648e-05, 2.02167830139e-05, 2.46545005211e-05, 1.34093033921e-05, 6.66301230012e-06, 8.53298479342e-06, 6.72131591273e-06, 3.17427861773e-06, 3.67058055417e-06, 1.555273343e-06, 1.5907338593e-06, 9.59734734352e-07, 1.11036467842e-06, 2.62690900854e-06, 5.56976783628e-06, 5.76548609388e-06, 3.62352284355e-06, 1.45591695855e-06, 1.28162537294e-06, 2.34945090938e-07, 9.79020313707e-08, 3.52304354578e-08, 1.045122211e-08, 6.65179866743e-09, 4.55337145766e-09, 2.59135868319e-09, 1.90304128012e-09, 2.20539853046e-09, 2.31857555377e-09, 1.27366250879e-09, 9.14960440745e-10, 9.29101795499e-10, 4.94615792768e-10], "dvar2": [4.31200808393e-09, 3.87571681415e-08, 2.83760286379e-08, 1.17904818353e-07, 6.51579199484e-08, 5.06539308276e-08, 6.57700240936e-08, 3.88448711419e-07, 1.19077901672e-06, 4.29235029742e-07, 3.57046559429e-07, 7.94426924244e-08, 6.62990089495e-08, 2.03803040222e-07, 8.6023555923e-07, 1.62208479537e-07, 1.07124051851e-08, 3.26084759195e-09, 6.07558625632e-09, 5.10855469038e-10, 2.63246402454e-09, 4.88949725153e-09, 2.10534412126e-09, 1.50850920644e-09, 8.28281665477e-10, 1.02069153129e-09, 5.39449651615e-10, 2.1322566976e-11, 1.79223975071e-12, 8.78683451412e-14, 2.15408745528e-14, 8.33536120985e-14, 1.09319342722e-14, 1.56518322473e-14, 1.09161633658e-14, 1.06219808611e-13, 1.09135451869e-14, 8.72986460275e-16, 9.31291337924e-16, 3.01547196764e-16], "var": [3.18547854761e-08, 8.09529083767e-08, 5.04831945136e-08, 1.35687415082e-07, 5.49007559414e-08, 3.65391805701e-08, 7.70418751017e-08, 3.73617325522e-07, 1.16903152048e-06, 4.21157750452e-07, 3.27561025415e-07, 8.75188277405e-08, 4.61330493806e-08, 1.78903462711e-07, 9.63030856838e-07, 1.54334799163e-07, 1.39921034759e-08, 2.69936739627e-09, 5.10445952173e-09, 4.51754217368e-10, 2.33351404866e-09, 3.57389762229e-09, 1.92992199999e-09, 1.03218111835e-09, 5.57573542892e-10, 8.4906659481e-10, 3.19385434766e-10, 1.89294049185e-11, 1.06819533687e-12, 8.73218123786e-14, 2.20846222711e-14, 6.01752805571e-14, 1.01413255777e-14, 1.28636022258e-14, 1.89805853326e-14, 4.79096234527e-14, 8.22384457896e-15, 8.28216322089e-16, 9.39596284214e-16, 2.45121594057e-16]}, "dynamic_complexity": 8.89134407043, "average_loudness": 0.052736248821, "spectral_energyband_middle_low": {"mean": 0.0051893023774, "min": 1.59643333868e-22, "max": 0.206834122539, "dmean2": 0.0033680293709, "dvar": 2.55679660768e-05, "dmean": 0.00214101257734, "median": 0.00194724649191, "dvar2": 6.28045745543e-05, "var": 9.04585176613e-05}, "spectral_contrast_valleys": {"mean": [-9.92597866058, -8.41064453125, -9.05661964417, -9.70366382599, -9.80216121674, -13.3013486862], "min": [-28.0071468353, -27.9766483307, -27.8027362823, -27.7944583893, -27.5338764191, -