{"tonal": {"thpcp": [1, 0.561782121658, 0.190569669008, 0.0767609253526, 0.0856272727251, 0.164099514484, 0.235050484538, 0.214349642396, 0.292606651783, 0.411410719156, 0.31823861599, 0.255240529776, 0.293503552675, 0.24728910625, 0.437033206224, 0.796929955482, 0.59592550993, 0.238334685564, 0.224207803607, 0.309527218342, 0.568231642246, 0.718805491924, 0.470781862736, 0.198344543576, 0.175898954272, 0.219653636217, 0.180866867304, 0.143321111798, 0.14607489109, 0.234133958817, 0.396465629339, 0.366690725088, 0.200517728925, 0.11338686198, 0.458145290613, 0.99968200922], "hpcp": {"dmean2": [0.135722741485, 0.12435438484, 0.11133441329, 0.168596059084, 0.199484854937, 0.214954257011, 0.159028172493, 0.160414010286, 0.197599768639, 0.23941603303, 0.245939999819, 0.220625951886, 0.132163971663, 0.112603843212, 0.120398543775, 0.105208821595, 0.105572991073, 0.118613280356, 0.140616118908, 0.22221980989, 0.243094965816, 0.162899792194, 0.0892887860537, 0.157050445676, 0.264942377806, 0.228649318218, 0.192662626505, 0.102035716176, 0.0595089681447, 0.058261629194, 0.0785418376327, 0.0950537621975, 0.112182408571, 0.141671568155, 0.116251438856, 0.140562489629], "median": [0.0160463992506, 0.0120574645698, 0.0137681420892, 0.0580710172653, 0.10400596261, 0.0858096554875, 0.0201665703207, 0.00889435037971, 0.0143575854599, 0.0447625927627, 0.0856440737844, 0.0488258972764, 0.0123647414148, 0.00878144241869, 0.0133340572938, 0.017607241869, 0.0120146237314, 0.00909641291946, 0.0191764049232, 0.0304660722613, 0.0202767364681, 0.00759978406131, 0.00537367071956, 0.0512987971306, 0.176627933979, 0.253967881203, 0.0919195860624, 0.0235251374543, 0.00304826791398, 0.00372877321206, 0.00804292224348, 0.0112931644544, 0.0148951672018, 0.015468663536, 0.0132048400119, 0.0131451934576], "min": [0, 0, 0, 0, 0, 0, 0, 0, 0, 0, 0, 0, 0, 0, 0, 0, 0, 0, 0, 0, 0, 0, 0, 0, 0, 0, 0, 0, 0, 0, 0, 0, 0, 0, 0, 0], "dvar2": [0.0629693120718, 0.0545739419758, 0.0447326600552, 0.0611097291112, 0.0841466858983, 0.0850547477603, 0.0768189355731, 0.0907376483083, 0.113305330276, 0.117855735123, 0.121114648879, 0.11462084204, 0.0702024772763, 0.0611924193799, 0.0684381350875, 0.0538298524916, 0.057398788631, 0.0665954872966, 0.0696305409074, 0.136629641056, 0.164972573519, 0.0921610295773, 0.0434436015785, 0.0574572570622, 0.115941248834, 0.0765327438712, 0.0695695653558, 0.036878850311, 0.0297200288624, 0.0266612302512, 0.0312951803207, 0.0421776510775, 0.0573541074991, 0.0793340876698, 0.0578746050596, 0.0827413722873], "dvar": [0.0236940477043, 0.0210464019328, 0.0169026870281, 0.0234009940177, 0.0350808873773, 0.0327896513045, 0.0294155031443, 0.0343811549246, 0.0435393676162, 0.0475188717246, 0.0482274219394, 0.0445691682398, 0.0258399154991, 0.0224685780704, 0.0262243561447, 0.0198105890304, 0.0203985124826, 0.0233541242778, 0.0246689673513, 0.0477393716574, 0.0595751814544, 0.033136870712, 0.0157643333077, 0.0222561918199, 0.0492113679647, 0.0325965285301, 0.0279293116182, 0.013171040453, 0.0106728607789, 0.00979072786868, 0.012021670118, 0.0164082869887, 0.020356843248, 0.0276276059449, 0.0229665841907, 0.028680536896], "dmean": [0.0772989466786, 0.0721312090755, 0.0652213171124, 0.100440837443, 0.119797386229, 0.12851074338, 0.0904817581177, 0.0919075608253, 0.113479048014, 0.140722706914, 0.144704833627, 0.128607243299, 0.0740711763501, 0.0625500008464, 0.0679845809937, 0.0589665956795, 0.0575529374182, 0.0647000968456, 0.0797116607428, 0.126384988427, 0.135360658169, 0.0902602225542, 0.0491165593266, 0.0910107493401, 0.156630605459, 0.138850674033, 0.118850782514, 0.0587677434087, 0.0329482257366, 0.033130325377, 0.0463560819626, 0.0565250962973, 0.0649080052972, 0.0807609781623, 0.0690883174539, 0.0808169618249], "max": [1, 1, 1, 1, 1, 1, 1, 1, 1, 1, 1, 1, 1, 1, 1, 1, 1, 1, 1, 1, 1, 1, 1, 1, 1, 1, 1, 1, 1, 1, 1, 1, 1, 1, 1, 1], "var": [0.0362094417214, 0.0450047515333, 0.0318486616015, 0.0471119582653, 0.126151770353, 0.0729559063911, 0.0296607166529, 0.0349036902189, 0.0493210740387, 0.0898884087801, 0.112351067364, 0.0612946674228, 0.0247023142874, 0.0226566735655, 0.0342035144567, 0.0218243841082, 0.0171412043273, 0.0187133289874, 0.0263203773648, 0.0611795857549, 0.0614753141999, 0.0273172557354, 0.0122427791357, 0.0429778955877, 0.143459528685, 0.111428394914, 0.0623884759843, 0.0155300917104, 0.00942346081138, 0.00884452927858, 0.0186549816281, 0.0372591987252, 0.0282093323767, 0.0417545512319, 0.0853505954146, 0.0538155138493], "mean": [0.0922223627567, 0.106047391891, 0.0893493890762, 0.157906875014, 0.287943154573, 0.215317130089, 0.0861140191555, 0.081009760499, 0.111836992204, 0.20531091094, 0.259715586901, 0.170100793242, 0.0716649591923, 0.0635550245643, 0.0793642699718, 0.0653500035405, 0.0517841428518, 0.0527791231871, 0.0845962315798, 0.143249183893, 0.132491052151, 0.0724501684308, 0.0409684330225, 0.165535002947, 0.361200630665, 0.361315518618, 0.202980607748, 0.0688557773829, 0.0277349147946, 0.0309384632856, 0.0592917017639, 0.0849273875356, 0.0774478539824, 0.105723321438, 0.148649081588, 0.114984549582]}, "tuning_equal_tempered_deviation": 0.305663615465, "chords_changes_rate": 0.0497863963246, "key_key": "A#", "tuning_diatonic_strength": 0.590746223927, "key_scale": "minor", "chords_number_rate": 0.00131449231412, "tuning_frequency": 434.193115234, "tuning_nontempered_energy_ratio": 0.914736151695, "chords_histogram": [15.6588888168, 0.755833029747, 29.0174179077, 6.30956315994, 3.56556034088, 0.0821557641029, 0.131449222565, 14.4758462906, 5.06079530716, 22.1656265259, 0.0164311528206, 1.5938218832, 0, 0.0328623056412, 0, 0, 0, 0, 0.115018077195, 0.115018077195, 0.394347697496, 0, 0.509365737438, 0], "key_strength": 0.715938150883, "chords_key": "F", "chords_strength": {"dmean2": 0.00757879577577, "median": 0.509347736835, "min": 0.21546728909, "dvar2": 4.57692804048e-05, "dvar": 4.76428795082e-05, "dmean": 0.00838427338749, "max": 0.78518807888, "var": 0.00968113169074, "mean": 0.519432604313}, "chords_scale": "minor", "hpcp_entropy": {"dmean2": 0.918559908867, "median": 1.87635052204, "min": 0, "dvar2": 0.554207921028, "dvar": 0.208844348788, "dmean": 0.543622434139, "max": 4.59822750092, "var": 0.521402299404, "mean": 1.84367656708}}, "metadata": {"audio_properties": {"equal_loudness": 0, "codec": "flac", "downmix": "mix", "sample_rate": 96000, "analysis_sample_rate": 44100, "bit_rate": 0, "md5_encoded": "88575f5b03259126944a0f18da41a233", "length": 282.541809082, "replay_gain": -8.92088508606, "lossless": true}, "version": {"essentia_build_sha": "70f2e5ece6736b2c40cc944ad0e695b16b925413", "essentia": "2.1-beta2", "extractor": "music 1.0", "essentia_git_sha": "v2.1_beta2"}, "tags": {"title": ["Greed"], "barcode": ["5051083088626"], "media": ["12\u2033 Vinyl"], "albumartist": ["Stealing Sheep"], "tracktotal": ["10"], "language": ["eng"], "releasetype": ["album"], "musicbrainz_recordingid": ["1f83fe58-a6f5-4689-ac9d-2979207b10fd"], "musicbrainz_releasegroupid": ["ea2ffedf-89a3-49a7-aec4-762fd7a95e55"], "musicbrainz_albumartistid": ["eeda7b03-06f0-421a-96b8-4a1578adbacf"], "acoustid_fingerprint": ["AQADtEuSSNKuRAgv6Uh04Y-EZ6wiXGhOI7mQT0GXVM7wWhG-IC2P5Hh44eRRvcKDXEHyg8k-4QrXJHhihOmR7EuOP3gyShp-oRclJPyQ7-gdvEqDX_iQ8AuyZ8GTWcIv9BbSakj45GgcS6ClC88y4UTCIx_YK9Lw7FJwCk1LJHyGdDu65MObVfiRXkh-41ku_EdfwU-QjQuS-ijzTMHf4HKRFkm9JMcjPJkl_BV6DcmVHLmOJlfwUxmuHeH1FMly5sKLZ1dxTWjqTAivC8n14PTxPA1-IswHTQ6y5sOTTsSTD1R_JL-RZ8GXEz-YR3IR5kqgX8iPhwffOEGTazN6JHmQL8eTLYvQfEZ_IvmRa8Ed5XiU43IT3IIe6ejRHH9wkQqaMMyDZO-RN8KzR-hVoakTCTGTHYmPK8uMPzH8IzmFPGFePDxOHU3yHH9RS0ceEfqLXE-KvkRTBntM5NmnQGeO3AgPLdUexE2yGP_x5Dt-pFaG5AqD_2BDVri4qDia8kj2ZMhZPMe3ZmhaHcmUI3ZxZngOJs0D910QW0eSXajl49GNyw5SJI8047kk4txjdDucfkIyS4gcHifBfOLQ3MgO_RHyKJSJmVmKPnD5Id-QfGhzXFeG5xnsI3mOmEr24tmFxxde4TkSVsmO-BIePsE7SfCFPNSR5JIevMezD9Wn4KMyZGMSaPmR33ie5shyKMqZII-i4slxUcqI7rkK56QQnkiuiMITG-_gK7WQ_9BF5IlufMmP3QhjRtATI5Q_PMlMvA_xSB7Sbjn0Htkl4VmW435Q5TF-JEwjIZS0McOT7IqCy_CRfSqSR8ec5cbv4HnRB2n4IJkTLcL74Mqu4DqifUge4pUm4hk1Ba-E5kayI1cUXKGiBe8ow48eZD-SKz32KEuJh9bQw_kqhI-SVUiu49Ee3DPRX0ak_BSSS_hYDd-z4B-q_PB3JPOIOKGOp89wr2jaEMmeHDl-dXiq40dTHskeIl9MPCfuoh-SpUqO-MfzEM904aKGnkhYIc-ESvlwZspwBmmJ5Mez4KdQ3YEvI7ki5Ed5Cs9D4ZY1pEVSLzqegc0oCWReobulIJ-iI5GM6sJP4Vko1DyFZHmfIe_x7AreonYm-DrC60jOxSIe_fjhFgnyJJqOqzMeHWEuaG8Qudvx3Hg-TD8i5ZGO5PiFh8cfh-hrpHmgiQtyXAknodYThMlf6EdeyvikHFeSSPgp4VeQnBMR_mj-4PFxSaIyomJ6JIvaI1bOBFe_oeeGJoxxUkf-I3lGlAyXpEOjDzHjIbkwh4zwykmH6pfQqDrO5Mg1LtDzHHmD5pGJegrybArxQyenCUd_qOwRxknW4Rx-4R_C6IcmGnkk_MezD--P8DsSVkTZ41mLU05RZfmHMHlMJA9H_BaefUTTB49HIXqSD9qPWCZzPDnypRBz5A3O40f9THDaTUhmIU96Y3bRlTGaODOJfUj-IE8Sm7iUpegfw8-HhEeYZsej4peOPxkc7kVy5silRXg4bTglisT_4MuHhKG0I8ez6zilJvDDIc9yJLn44OETnB-qfINDB3kEKVaQ58T8psMUhB-SKwvYJKU8lJcTOLm04T7CC7qcI3KSZMZPpJdsXN2h00eszBLOHP0HexKSK0f44cklXFIe7JMXIe126IqQfXh3_MGdGMnsIL0-lJFGXGqHK0yGFLqRPdGDS8GTnMLfoEfCaggdMSr-4NmV4kcaIvES8rjO4FmqZbiFJjeSWTryKMermGBJi_CTI-peJFea41rm4nRR3YJ_9NpFJN-OnKvwnEJzFpFcQ7UoIz9BiuzwB_8RyoMW5CmP5w6uw2GIpFeQZ8Sa5riXI8xXaI6GXMR53LiRJ0cyO4ct5SgvPMmPXyJ-JMsRegtOuvjTHL_QKCqickQyKy8q00qA60ie7QizCye-GWmcQ--RvzjzDGwmWXic49wQRuWhHXmO90F_hLkiJP5xEc9yPMaZGFlyHsmuTMf54gotYteTwEfuI3kUvBSeU3gS5cR_JLwQ5_gV_EHDRFEmhE2D5Bbx4zP6w1O2GleiBaleqM6DXvih_Ecu45GGMzvOD3kZQpE-pMt3lDz-VEP47ILYG-GPcjsHMwqP80L6I6nHwVqSDaXEPHiWmOieFE2eIyeSh0nEDJdEXMvxa8LpTELo8Am0nBneqMHHNIM4iziPWFbiYApHEh5zVDkDPp4Q-hDPIRKZ5XhqHfWN1F-QXId34ePx8IdL5UFsWtBiDXmOH43dILREEsqRKwebZUsnXNKj4dSGUBe0aMuD3Dm-73iiLM3gJ0Ygd-KQJ0tOVORllEo5JFcRZkS7ZJgfo7YjDWHCzIJ8I3bi4vlxXkXTT3g8ETmS6OGDE88PJs2Upgh9qAgzLnnQKcosNJF_hG906DTSacfzbXgE6jfyD8oz5USYajlKJkfDo5L14U8ROoSW6fgFjb2EJrmQh8XuHGXGDpcUR-jYI3mTCqGO5ip-4Um0UEeYNpSRTD9OZh1a7miS8EH9DJnsIvnRPLiOx0-Rmkwy6MqL8IGjXHjyoynZ4u6MZD6yZMWD2qkRpnmgI_5UnCYe-7iUCz1zJJ5TpJeCSt3whKKCPkwXMGmPHHqDPMtx3cHnhMS7C8nSJlHRJ-qQZxdivSmo5NBPRE-WrLjV4Vku4peKPynChOkDRaYy4sxDqMq6FamOkwefZh1KssOXiwilH_KzIRRjNJN6PEVDipkihKKeQSmH3MfHZCFK5oN1KujzISY3IXmy45mHk0kNny5eJB5vRErE7miXozyaOkJ-iE6Il1lBJjdKSbME8Uaqa0HlcCiJhl2PXH4K6TpCPmj4HZ9O9DGSpYso5HiGi2WFJ0uJn0POadBiSqhFsI1xJSoDLVqeIBSu42SOPIscJPcy1A7soqKyuCAvCpd2PEom6QjtQF9i5JPxN_hH5OeOH6L6HKH-4dMR5tCvlkiPkknxi8ePWzzCJJ8KTQ9yssOjRJmGUHog6iTC41mOR3rQnkK0HJp95EcfwznxaNGF6FsgesjjwmOGy8bDF1lSSwvUIzKvo4xzNHGU7IiznNCR40zkoom6Cl0JIIwhhHBDBGAGEUAAgoYhApgQAABBmAEGGcOEAEYQZgASDAEGCKEAOYAAQYAAIgAjChDBgBNESGIgUQYgYAQAhAgqjCLEEICUEoARJRAQxDgDBDOCEiIEQsIQIQRDRggiCERCQ6OQEEAQYIgFBFBBjCCEGAEAMkYgBZgQBgBqDBFAGAEMAQQCM4AgTAFACFPACEUQQQQQAQUhBilmBBbKACQcIM4JIgSQyAFDBAEGCEEIEUYAIAQBQAJDFBBACEAwUcI4YQgAEAFAjAIOEIKIEAgAAZkyABABjIFEAAGVNoRIJ4QgwCADFBBKCKIIIIAYQhwQTAABECKCCkYNAkQCJARxigFiBCEAImCYQowQgQhxRhAAgBMAIGeEMgAIRwQFBihAlAASOKAIhYgAZowAhilGCBFAGEMAYAYgAIiAQCEDBAGEAACAAAYIAAQhACCgBDCCCuOBYIYgZphSQCgiBDFIACAUQQQIRBwRCBkjFCAKCGUIQw4Iw4wgChAAmAFKQAAMMYQAIgQCkghBgCFCEEAEQYIRRQAAxgHCAEDAAEKRIEQJAgwRDhFlGAGGQAcQAQAgQxgRlAhACGUGICMMAUgQo4QARAkiqBQMASEAIAAZIQQAxBhiqaKEOAAUIMwIAoxwDkEAgHDIEAAAQRRIQYQnhBBABCCEIiCAYsYIgxxAhAAEkCJEBEkgsMQpAACyiBFEhCFCAUONIMAIoBACgAhCAHFAaAIEIQIQQIyCAgECECEAEAEAEUgAIYhgDhCgJDKACEEAAMIRQQQgQiAxACEAKkAEIAgRIIKRSABiGBDEGSSYEQIAghVRBAhDBCGEC-IIIEABAIByBElBCSAAAEAAcUgAIAQwQggCiBOEACCEEERAYIABQAhAiREGIAWMIwQAgAh0AgAEiACCCIAIURwCAYwBCBLCBANAEIIYE0QQAYAAAhhDFADQAMIQAYYIA4FiRijiAEXAAQMJAkQAY4QgkAE"], "discnumber": ["1"], "album": ["Not Real \u276cteal vinyl\u276d"], "catalognumber": ["HVNLP112"], "releasecountry": ["GB"], "originaldate": ["2015-04-10"], "albumartistsort": ["Stealing Sheep"], "date": ["2015-05-05"], "file_name": "1-05 Greed.flac", "disctotal": ["1"], "musicbrainz_artistid": ["eeda7b03-06f0-421a-96b8-4a1578adbacf"], "asin": ["B00TQEAN9Y"], "musicbrainz_albumid": ["b9848e02-ff2c-4ea5-937e-37940bee9b7f"], "musicbrainz_releasetrackid": ["5bf39aac-1778-43f8-915a-d00941b414cf"], "tracknumber": ["5"], "artistsort": ["Stealing Sheep"], "artist": ["Stealing Sheep"], "label": ["Heavenly"], "releasestatus": ["official"], "totaldiscs": ["1"], "script": ["Latn"], "totaltracks": ["10"]}}, "rhythm": {"bpm_histogram_first_peak_bpm": {"dmean2": 0, "median": 86, "min": 86, "dvar2": 0, "dvar": 0, "dmean": 0, "max": 86, "var": 0, "mean": 86}, "bpm": 86.4639892578, "bpm_histogram_second_peak_spread": {"dmean2": 0, "median": 0.285714328289, "min": 0.285714328289, "dvar2": 0, "dvar": 0, "dmean": 0, "max": 0.285714328289, "var": 0, "mean": 0.285714328289}, "bpm_histogram_first_peak_weight": {"dmean2": 0, "median": 0.72413790226, "min": 0.72413790226, "dvar2": 0, "dvar": 0, "dmean": 0, "max": 0.72413790226, "var": 0, "mean": 0.72413790226}, "onset_rate": 2.88076710701, "beats_position": [0.731428563595, 1.43963718414, 2.13623571396, 2.83283448219, 3.52943301201, 4.22603178024, 4.92263031006, 5.61922883987, 6.30421733856, 6.98920631409, 7.6858048439, 8.38240337372, 9.07900238037, 9.77560043335, 10.47219944, 11.1687984467, 11.8537864685, 12.538775444, 13.235373497, 13.9319725037, 14.6285715103, 15.3251695633, 16.0217685699, 16.7183666229, 17.4149665833, 18.0999546051, 18.7965526581, 19.4815406799, 20.1781406403, 20.8747386932, 21.5713367462, 22.2679367065, 22.9645347595, 23.6611328125, 24.3577327728, 25.0543308258, 25.7393188477, 26.4243087769, 27.1209068298, 27.8175048828, 28.5141029358, 29.2107028961, 29.9073009491, 30.6038990021, 31.3004989624, 31.9970970154, 32.6820869446, 33.3670730591, 34.0636711121, 34.7602729797, 35.4568710327, 36.1534690857, 36.8500671387, 37.5466651917, 38.2432632446, 38.9282531738, 39.613243103, 40.309841156, 41.006439209, 41.703037262, 42.3996353149, 43.0962333679, 43.7928352356, 44.4778213501, 45.1628112793, 45.8594093323, 46.5560073853, 47.2526054382, 47.9492073059, 48.6458053589, 49.3424034119, 50.0273895264, 50.7123794556, 51.4089775085, 52.1055755615, 52.8021774292, 53.4987754822, 54.1953735352, 54.8919715881, 55.5885696411, 56.2735595703, 56.9585494995, 57.6551475525, 58.3517456055, 59.0483436584, 59.7449417114, 60.4415397644, 61.1381378174, 61.8231277466, 62.5081176758, 63.2047157288, 63.9013137817, 64.5979156494, 65.2945098877, 65.9911117554, 66.6761016846, 67.3726959229, 68.0576858521, 68.7542877197, 69.450881958, 70.1474838257, 70.844078064, 71.5406799316, 72.2372741699, 72.9338760376, 73.6188659668, 74.303855896, 75.0004501343, 75.697052002, 76.3936462402, 77.0902481079, 77.7752380371, 78.4718322754, 79.1568222046, 79.8534240723, 80.5500183105, 81.2466201782, 81.9432220459, 82.6398162842, 83.3364181519, 84.0214080811, 84.7063903809, 85.4029922485, 86.0995864868, 86.7961883545, 87.4927902222, 88.1893844604, 88.8859863281, 89.5709762573, 90.2791824341, 90.9757843018, 91.6607666016, 92.3573684692, 93.0539703369, 93.7389526367, 94.4239425659, 95.1205444336, 95.8171386719, 96.5137405396, 97.1987304688, 97.895324707, 98.5919265747, 99.288520813, 99.9851226807, 100.681724548, 101.378318787, 102.074920654, 102.771514893, 103.46811676, 104.153106689, 104.838096619, 105.534690857, 106.231292725, 106.927886963, 107.624488831, 108.30947876, 108.994468689, 109.691062927, 110.387664795, 111.072654724, 111.769248962, 112.46585083, 113.174057007, 113.870658875, 114.544036865, 115.240631104, 115.937232971, 116.6222229, 117.3072052, 118.003807068, 118.700408936, 119.408615112, 120.10521698, 120.801811218, 121.486801147, 122.171791077, 122.868385315, 123.564987183, 124.273193359, 124.969795227, 125.654785156, 126.339767456, 127.024757385, 127.709747314, 128.406341553, 129.114562988, 129.811157227, 130.519363403, 131.215957642, 131.912567139, 132.597549438, 133.282531738, 133.979141235, 134.675735474, 135.372329712, 136.068939209, 136.74230957, 137.438903809, 138.135513306, 138.820495605, 139.528701782, 140.225296021, 140.921905518, 141.618499756, 142.315093994, 143.011703491, 143.696685791, 144.381668091, 145.078277588, 145.774871826, 146.483078003, 147.19128418, 147.8646698, 148.561264038, 149.257858276, 149.942855835, 150.639450073, 151.324447632, 152.02104187, 152.717636108, 153.414230347, 154.110839844, 154.807434082, 155.492416382, 156.17741394, 156.874008179, 157.570602417, 158.267211914, 158.963806152, 159.660400391, 160.357009888, 161.041992188, 161.726974487, 162.423583984, 163.120178223, 163.816772461, 164.513381958, 165.209976196, 165.906570435, 166.603164673, 167.29977417, 167.98475647, 168.681350708, 169.377960205, 170.062942505, 170.759536743, 171.45614624, 172.152740479, 172.849334717, 173.545944214, 174.242538452, 174.927520752, 175.612518311, 176.309112549, 177.005706787, 177.702316284, 178.398910522, 179.095504761, 179.792098999, 180.477096558, 181.173690796, 181.858688354, 182.555282593, 183.251876831, 183.948471069, 184.645080566, 185.341674805, 186.026657104, 186.711654663, 187.408248901, 188.10484314, 188.801452637, 189.498046875, 190.194641113, 190.89125061, 191.57623291, 192.26121521, 192.957824707, 193.654418945, 194.351013184, 195.047622681, 195.744216919, 196.440811157, 197.137405396, 197.834014893, 198.530609131, 199.227203369, 199.923812866, 200.608795166, 201.293777466, 201.990386963, 202.686981201, 203.383575439, 204.080184937, 204.776779175, 205.461761475, 206.146759033, 206.843353271, 207.53994751, 208.236557007, 208.933151245, 209.629745483, 210.326339722, 211.022949219, 211.707931519, 212.392913818, 213.077911377, 213.762893677, 214.471099854, 215.179321289, 215.875915527, 216.572509766, 217.269119263, 217.965713501, 218.650695801, 219.335693359, 220.032287598, 220.728881836, 221.437088013, 222.13369751, 222.807067871, 223.49206543, 224.165435791, 224.862030029, 225.570251465, 226.278457642, 226.97505188, 227.671646118, 228.368255615, 229.064849854, 229.761444092, 230.45803833, 231.154647827, 231.839630127, 232.547836304, 233.244445801, 233.917816162, 234.591201782, 235.276184082, 235.97277832, 236.680999756, 237.389205933, 238.074188232, 238.770782471, 239.467391968, 240.129150391, 240.837371826, 241.533966064, 242.230560303, 242.927154541, 243.635375977, 244.343582153, 245.040176392, 245.725158691, 246.421768188, 247.106750488, 247.803344727, 248.499954224, 249.196548462, 249.8931427, 250.578140259, 251.263122559, 251.959716797, 252.656326294, 253.352920532, 254.049514771, 254.746124268, 255.431106567, 256.127716064, 256.812683105, 257.520904541, 258.2059021, 258.902496338, 259.599090576, 260.295684814, 260.992279053, 261.688873291, 262.385467529, 263.082092285, 263.767059326, 264.463653564, 265.148651123, 265.845245361, 266.5418396, 267.238464355, 267.935058594, 268.620025635, 269.305023193, 270.013244629, 270.709838867, 271.406433105, 272.091430664, 272.788024902, 273.484619141, 274.181213379, 274.877807617, 275.562805176, 276.247802734, 276.886352539, 277.524902344, 278.117004395, 278.709106445, 279.301208496, 279.951385498, 280.601531982, 281.251708984, 281.901855469], "beats_loudness": {"dmean2": 0.0574743151665, "median": 0.0731733962893, "min": 4.43006058504e-07, "dvar2": 0.00184179877397, "dvar": 0.000602624437306, "dmean": 0.0319019332528, "max": 0.178939759731, "var": 0.00112804048695, "mean": 0.0760597363114}, "danceability": 1.11548125744, "bpm_histogram_second_peak_weight": {"dmean2": 0, "median": 0.0123152704909, "min": 0.0123152704909, "dvar2": 0, "dvar": 0, "dmean": 0, "max": 0.0123152704909, "var": 0, "mean": 0.0123152704909}, "beats_count": 407, "bpm_histogram_second_peak_bpm": {"dmean2": 0, "median": 92, "min": 92, "dvar2": 0, "dvar": 0, "dmean": 0, "max": 92, "var": 0, "mean": 92}, "bpm_histogram_first_peak_spread": {"dmean2": 0, "median": 0.257575750351, "min": 0.257575750351, "dvar2": 0, "dvar": 0, "dmean": 0, "max": 0.257575750351, "var": 0, "mean": 0.257575750351}, "beats_loudness_band_ratio": {"dmean2": [0.378161400557, 0.208676710725, 0.157155960798, 0.0908480584621, 0.0378564484417, 0.0291085299104], "median": [0.68219524622, 0.141086027026, 0.0930072367191, 0.0348412618041, 0.0127946753055, 0.00535356346518], "min": [0.000247571937507, 5.65873597225e-05, 0.000156114401761, 0.000806247757282, 0.000568577554077, 0.000154667373863], "dvar2": [0.0543247535825, 0.0232863817364, 0.0159097146243, 0.0145410494879, 0.0015917866258, 0.00405870378017], "dvar": [0.0169473420829, 0.00745950173587, 0.00514304172248, 0.00630638981238, 0.000556443585083, 0.00193559401669], "dmean": [0.202730342746, 0.113533377647, 0.0857280939817, 0.0522204302251, 0.0205685179681, 0.0162971206009], "max": [0.981289803982, 0.59679120779, 0.566401898861, 0.925146222115, 0.207555264235, 0.621441245079], "var": [0.0465555228293, 0.0107828201726, 0.00860375538468, 0.013333555311, 0.000651640584692, 0.00283619295806], "mean": [0.655233085155, 0.158126994967, 0.114683538675, 0.0681714341044, 0.0206499435008, 0.014092582278]}}, "lowlevel": {"barkbands_spread": {"dmean2": 4.51329612732, "median": 9.43298530579, "min": 0.269616872072, "dvar2": 48.0560112, "dvar": 20.9642734528, "dmean": 2.80543088913, "max": 112.709480286, "var": 84.3558044434, "mean": 11.091296196}, "melbands_spread": {"dmean2": 5.27575969696, "median": 9.87084579468, "min": 0.283224731684, "dvar2": 79.6775817871, "dvar": 36.8653640747, "dmean": 3.27446079254, "max": 185.933349609, "var": 232.421966553, "mean": 12.7164611816}, "hfc": {"dmean2": 5.10148048401, "median": 13.3975563049, "min": 2.54040166681e-08, "dvar2": 35.3834228516, "dvar": 15.6669998169, "dmean": 3.37999176979, "max": 102.557250977, "var": 95.1195526123, "mean": 14.6729440689}, "barkbands_kurtosis": {"dmean2": 6.60251998901, "median": 3.62912607193, "min": -1.9348732233, "dvar2": 248.903121948, "dvar": 85.0737838745, "dmean": 3.98436760902, "max": 266.692626953, "var": 171.08152771, "mean": 7.0171957016}, "gfcc": {"mean": [-48.4798774719, 156.206375122, -116.658790588, 22.6110610962, -51.018409729, 2.17725253105, -26.942855835, 4.96128082275, -16.1025848389, 5.22408342361, -2.91052889824, -7.44791698456, -0.0148236090317], "icov": [[0.000424121157266, -0.0014489563182, 0.000731664767954, -0.0011852387106, 0.00108804099727, -0.00135850894731, 0.00124136079103, -0.000792763778009, 0.000813881575596, -0.000763528398238, 0.000941903097555, -0.000947818101849, 0.000125192120322], [-0.0014489563182, 0.00745951989666, -0.00367489503697, 0.00555378803983, -0.00541482446715, 0.00702690286562, -0.00547292083502, 0.00516940280795, -0.00408473424613, 0.00444643059745, -0.00531412288547, 0.00544513575733, -0.00220615789294], [0.000731664767954, -0.00367489503697, 0.00377396401018, -0.00344166532159, 0.00281968386844, -0.0039575570263, 0.00290715321898, -0.00259332288988, 0.00114111334551, -0.00242919893935, 0.0018856304232, -0.0028529970441, 0.00147675233893], [-0.0011852387106, 0.00555378803983, -0.00344166532159, 0.00626046955585, -0.00481603993103, 0.00547423120588, -0.00418640533462, 0.00385771086439, -0.00269938842393, 0.00291862594895, -0.00253473781049, 0.00334733305499, -0.000224426097702], [0.00108804099727, -0.00541482446715, 0.00281968386844, -0.00481603993103, 0.00811198912561, -0.00564205832779, 0.00242445780896, -0.00393101433292, 0.00277931103483, -0.0021055159159, 0.00144443952013, -0.00189533748198, 0.00019730142958], [-0.00135850894731, 0.00702690286562, -0.0039575570263, 0.00547423120588, -0.00564205832779, 0.0112435258925, -0.00760776596144, 0.00552692869678, -0.00359918968752, 0.0038196425885, -0.00297196162865, 0.00275157089345, -0.00114295049571], [0.00124136079103, -0.00547292083502, 0.00290715321898, -0.00418640533462, 0.00242445780896, -0.00760776596144, 0.0121239870787, -0.00460339244455, 0.00242150085978, -0.0024219348561, 0.00164795562159, -0.00310517242178, 0.00129017874133], [-0.000792763778009, 0.00516940280795, -0.00259332288988, 0.00385771086439, -0.00393101433292, 0.00552692869678, -0.00460339244455, 0.0116375721991, -0.00377513305284, 0.00078339362517, -0.00166901538614, 0.00319019122981, -0.00449485238642], [0.000813881575596, -0.00408473424613, 0.00114111334551, -0.00269938842393, 0.00277931103483, -0.00359918968752, 0.00242150085978, -0.00377513305284, 0.0102763790637, -0.00261917384341, 0.00195781840011, -0.00541218509898, 0.00207234220579], [-0.000763528398238, 0.00444643059745, -0.00242919893935, 0.00291862594895, -0.0021055159159, 0.0038196425885, -0.0024219348561, 0.00078339362517, -0.00261917384341, 0.012474745512, -0.00822798348963, 0.00513336667791, -0.00216978904791], [0.000941903097555, -0.00531412288547, 0.0018856304232, -0.00253473781049, 0.00144443952013, -0.00297196162865, 0.00164795562159, -0.00166901538614, 0.00195781840011, -0.00822798348963, 0.0175045598298, -0.00930048525333, 0.0013585803099], [-0.000947818101849, 0.00544513575733, -0.0028529970441, 0.00334733305499, -0.00189533748198, 0.00275157089345, -0.00310517242178, 0.00319019122981, -0.00541218509898, 0.00513336667791, -0.00930048525333, 0.0181762557477, -0.00493018561974], [0.000125192120322, -0.00220615789294, 0.00147675233893, -0.000224426097702, 0.00019730142958, -0.00114295049571, 0.00129017874133, -0.00449485238642, 0.00207234220579, -0.00216978904791, 0.0013585803099, -0.00493018561974, 0.0139870112762]], "cov": [[8286.72265625, 1433.06616211, -94.3438110352, 318.195343018, -93.31640625, -191.395797729, -277.834197998, -240.370529175, -129.239044189, -115.610740662, -60.0259742737, -70.6245956421, 83.1405181885], [1433.06616211, 1541.31420898, 114.728416443, -333.463378906, 280.463928223, -207.487350464, 103.928146362, -106.982971191, 95.4291229248, -43.8270874023, 187.473144531, -48.8437461853, 91.5781784058], [-94.3438110352, 114.728416443, 683.291015625, 226.001052856, 23.5576438904, 89.6305160522, 27.5321865082, 0.860798180103, 89.9897079468, 37.9769973755, 46.6884040833, 49.0151138306, -39.5460968018], [318.195343018, -333.463378906, 226.001052856, 666.250488281, 69.4074935913, 35.6049957275, 0.996820986271, -30.2733154297, -9.67992591858, -18.7051849365, -56.2317962646, -10.4408578873, -76.1919555664], [-93.31640625, 280.463928223, 23.5576438904, 69.4074935913, 348.833648682, 58.0903739929, 107.342559814, 10.0453472137, 15.3533697128, -6.32948541641, 56.7064208984, -11.9648389816, 23.8698863983], [-191.395797729, -207.487350464, 89.6305160522, 35.6049957275, 58.0903739929, 311.837768555, 102.558067322, -12.4975986481, 19.3325138092, -12.841255188, -5.55221509933, 39.6232643127, -19.0700130463], [-277.834197998, 103.928146362, 27.5321865082, 0.996820986271, 107.342559814, 102.558067322, 193.958007812, 18.8984146118, 27.5543956757, 2.5528857708, 41.1214141846, 14.8574018478, 8.59334278107], [-240.370529175, -106.982971191, 0.860798180103, -30.2733154297, 10.0453472137, -12.4975986481, 18.8984146118, 162.406326294, 24.4957351685, 41.2139511108, 7.28149461746, 13.317990303, 40.7363319397], [-129.239044189, 95.4291229248, 89.9897079468, -9.67992591858, 15.3533697128, 19.3325138092, 27.5543956757, 24.4957351685, 157.432373047, 22.0952758789, 41.8089447021, 42.8871688843, 4.40388441086], [-115.610740662, -43.8270874023, 37.9769973755, -18.7051849365, -6.32948541641, -12.841255188, 2.5528857708, 41.2139511108, 22.0952758789, 142.146255493, 57.382358551, 12.0243854523, 19.3032417297], [-60.0259742737, 187.473144531, 46.6884040833, -56.2317962646, 56.7064208984, -5.55221509933, 41.1214141846, 7.28149461746, 41.8089447021, 57.382358551, 139.982131958, 46.0626678467, 26.9156742096], [-70.6245956421, -48.8437461853, 49.0151138306, -10.4408578873, -11.9648389816, 39.6232643127, 14.8574018478, 13.317990303, 42.8871688843, 12.0243854523, 46.0626678467, 107.692115784, 22.8980865479], [83.1405181885, 91.5781784058, -39.5460968018, -76.1919555664, 23.8698863983, -19.0700130463, 8.59334278107, 40.7363319397, 4.40388441086, 19.3032417297, 26.9156742096, 22.8980865479, 106.35018158]]}, "spectral_energyband_middle_low": {"dmean2": 0.0105251800269, "median": 0.0156373940408, "min": 7.5363635688e-13, "dvar2": 0.000233605489484, "dvar": 9.87058883766e-05, "dmean": 0.00689402967691, "max": 0.151459649205, "var": 0.000257846724708, "mean": 0.0192096680403}, "melbands_crest": {"dmean2": 6.01979970932, "median": 16.1470165253, "min": 2.68833184242, "dvar2": 32.6799545288, "dvar": 10.7893648148, "dmean": 3.55833363533, "max": 35.9228897095, "var": 31.9902877808, "mean": 16.4675064087}, "spectral_kurtosis": {"dmean2": 7.88532686234, "median": 8.59529781342, "min": -1.38526892662, "dvar2": 103.449867249, "dvar": 36.9483413696, "dmean": 4.6000957489, "max": 144.629684448, "var": 122.717422485, "mean": 11.5880298615}, "spectral_rms": {"dmean2": 0.0014578915434, "median": 0.00622325111181, "min": 7.28989562049e-08, "dvar2": 2.4218118142e-06, "dvar": 9.62658418757e-07, "dmean": 0.00090846704552, "max": 0.0179783292115, "var": 6.1779905991e-06, "mean": 0.00611593853682}, "zerocrossingrate": {"dmean2": 0.00571033824235, "median": 0.0244140625, "min": 0.00146484375, "dvar2": 6.70729496051e-05, "dvar": 6.00777093496e-05, "dmean": 0.00461024325341, "max": 0.2978515625, "var": 0.000673143134918, "mean": 0.0291043315083}, "silence_rate_60dB": {"dmean2": 0.0147928996012, "median": 0, "min": 0, "dvar2": 0.0168708171695, "dvar": 0.00733997346833, "dmean": 0.0073958421126, "max": 1, "var": 0.04211326316, "mean": 0.0440427288413}, "erbbands_kurtosis": {"dmean2": 1.99798810482, "median": 0.377051830292, "min": -1.85227644444, "dvar2": 17.3441810608, "dvar": 6.90327882767, "dmean": 1.24755501747, "max": 117.087112427, "var": 19.9616146088, "mean": 1.40199255943}, "erbbands": {"dmean2": [0.387089937925, 2.45812273026, 5.15977954865, 12.505821228, 12.183508873, 17.2043609619, 15.2542438507, 25.9179668427, 33.328742981, 42.5811157227, 25.8311786652, 28.1115322113, 24.7620830536, 35.4390220642, 28.7549762726, 16.026807785, 17.3533306122, 12.4706516266, 16.328830719, 10.3999624252, 6.28053331375, 3.56057810783, 4.13713979721, 5.99250030518, 2.64569616318, 1.70110690594, 1.63658714294, 1.4471269846, 1.32109189034, 0.986246585846, 0.404484719038, 0.173256278038, 0.164802327752, 0.112640373409, 0.0371819324791, 0.00894911214709, 0.00117924739607, 0.000168023470906, 2.59597618424e-05, 2.33943064814e-05], "median": [0.212851896882, 0.875459432602, 1.76852762699, 3.74843835831, 5.35848093033, 11.1368150711, 12.7308979034, 20.8971843719, 27.3663520813, 32.6151351929, 17.0904560089, 15.6919136047, 11.4579200745, 13.711894989, 13.2933177948, 9.69769954681, 8.20526313782, 7.16902828217, 8.83293628693, 6.10703277588, 3.83935213089, 2.08335733414, 2.69112300873, 3.44327116013, 1.9361512661, 1.1516674757, 0.926138937473, 0.541962981224, 0.219774633646, 0.0763131827116, 0.0497967377305, 0.0337733887136, 0.0301948785782, 0.0282807629555, 0.0127629330382, 0.00224265619181, 0.000344784173649, 5.12475671712e-05, 2.54969381785e-05, 4.51887535746e-05], "min": [9.38249911792e-12, 5.08276545852e-11, 1.63050073443e-10, 3.6481270782e-10, 6.51650899908e-10, 9.69774371917e-10, 1.21853216406e-09, 1.27988997178e-09, 1.08937436849e-09, 7.47671036194e-10, 6.08164352212e-10, 1.20357412925e-09, 2.86317924925e-09, 5.10400166576e-09, 6.42543929175e-09, 5.41005951149e-09, 2.65608868233e-09, 5.67623892334e-10, 1.17213475037e-10, 1.18587983877e-09, 5.77868064511e-09, 1.06088196006e-08, 9.55703871597e-09, 9.48978495785e-09, 1.83684356614e-08, 1.38332225674e-08, 3.46777628835e-09, 5.22384491219e-09, 6.41625730324e-09, 2.75284968154e-08, 3.94269896731e-08, 1.27465966671e-08, 9.20306675312e-09, 2.95508417736e-09, 2.29321184264e-09, 4.63802857231e-10, 1.38713027176e-10, 5.70640999731e-11, 1.19559102202e-11, 5.90677788799e-13], "dvar2": [0.560816645622, 22.9972782135, 89.9788513184, 703.416992188, 565.567871094, 741.690307617, 681.012145996, 1825.76086426, 2763.59594727, 4920.40917969, 2642.25463867, 3047.56542969, 3309.24926758, 6995.15576172, 5368.72167969, 872.961181641, 1497.5567627, 644.739257812, 1183.34436035, 430.724945068, 142.827056885, 41.3190345764, 68.8077316284, 172.582305908, 28.0584506989, 14.5719470978, 12.3830461502, 29.9463043213, 50.0449829102, 34.3601646423, 7.10283517838, 0.75254547596, 1.40110003948, 1.0421718359, 0.0797306224704, 0.00642648246139, 5.87285248912e-05, 1.28944975586e-06, 2.06090682298e-08, 8.3898687997e-10], "dvar": [0.17089189589, 8.11610221863, 30.6072387695, 281.590209961, 219.687194824, 291.521453857, 248.300552368, 942.688171387, 1040.26660156, 1965.84338379, 1061.14624023, 1266.88342285, 1283.4831543, 2837.47216797, 2214.85961914, 341.164245605, 563.805725098, 247.118148804, 416.826080322, 181.46862793, 53.2809448242, 15.9406633377, 26.6218719482, 62.3700523376, 11.1026725769, 6.13193178177, 5.14554071426, 12.9586086273, 24.341999054, 19.2439289093, 3.45645546913, 0.451331198215, 0.663362979889, 0.43564581871, 0.0336996279657, 0.00259537436068, 2.54830738413e-05, 5.85408372444e-07, 1.01853041556e-08, 3.25295651527e-10], "dmean": [0.222139254212, 1.45580899715, 3.02197623253, 7.51582574844, 7.31394577026, 10.7481365204, 9.33753395081, 18.2419872284, 21.0692749023, 27.8095264435, 16.4989757538, 18.2786426544, 15.624461174, 22.7076091766, 18.5166835785, 10.0126142502, 10.7081632614, 7.77615356445, 9.85161018372, 6.49660634995, 3.82481217384, 2.18475198746, 2.53949689865, 3.66509842873, 1.65779721737, 1.09628176689, 1.06121909618, 0.931181013584, 0.884089291096, 0.688074588776, 0.280847936869, 0.126400396228, 0.117039397359, 0.0754977166653, 0.0247277077287, 0.00589296082035, 0.00079267390538, 0.00011305402586, 1.71168376255e-05, 1.44941850522e-05], "max": [8.52035045624, 73.3519363403, 68.1118469238, 396.78704834, 236.574127197, 326.14666748, 480.145294189, 663.749694824, 693.18951416, 715.699584961, 570.352783203, 785.758972168, 727.785461426, 1132.53503418, 2320.39599609, 442.836151123, 545.850280762, 470.437042236, 433.806854248, 567.796630859, 180.633682251, 85.2757568359, 166.831924438, 258.413116455, 96.9906845093, 70.556854248, 52.935836792, 247.259597778, 314.126708984, 172.522033691, 96.9764175415, 27.426240921, 33.4788551331, 32.7743988037, 7.79663228989, 1.83936965466, 0.204722419381, 0.0330770872533, 0.00473752710968, 0.000357489421731], "var": [0.347367733717, 24.0889225006, 100.543937683, 364.726989746, 255.836090088, 586.747680664, 513.650695801, 3700.71362305, 2880.86010742, 4786.61474609, 2052.84008789, 3067.20825195, 3124.69848633, 7415.93115234, 4827.48486328, 837.483215332, 1263.25805664, 587.485107422, 1005.28399658, 411.836364746, 152.534729004, 42.8107147217, 114.394226074, 289.207305908, 37.0834465027, 10.6344852448, 11.0827350616, 26.1243686676, 64.8571243286, 46.4118385315, 8.13717651367, 1.15886974335, 1.16515910625, 0.516108632088, 0.0412710011005, 0.00237181084231, 3.30194015987e-05, 8.85058113909e-07, 1.82539334759e-08, 1.29293808993e-09], "mean": [0.432928860188, 3.16087436676, 7.10578775406, 10.2209568024, 10.3341751099, 18.5742034912, 18.2651557922, 42.7237205505, 43.742767334, 56.4496307373, 32.0458717346, 35.0254554749, 29.8319911957, 43.8397712708, 33.8488883972, 19.5446853638, 20.1244297028, 15.5841770172, 19.0397548676, 12.6588420868, 7.76020956039, 4.50831460953, 5.57220935822, 8.03746986389, 3.71170115471, 2.18415665627, 2.10999059677, 1.66318655014, 1.37374961376, 1.06244504452, 0.454530507326, 0.205019325018, 0.170919939876, 0.11049696058, 0.0378032997251, 0.00806766375899, 0.00120995368343, 0.00017655530246, 3.92048750655e-05, 5.06224932906e-05]}, "spectral_strongpeak": {"dmean2": 0.639778733253, "median": 0.520720243454, "min": 0, "dvar2": 0.814596772194, "dvar": 0.317113369703, "dmean": 0.372585684061, "max": 8.44563484192, "var": 0.533999562263, "mean": 0.733658432961}, "spectral_energy": {"dmean2": 0.0209401715547, "median": 0.0396970771253, "min": 5.44711454761e-12, "dvar2": 0.000679776770994, "dvar": 0.000259658001596, "dmean": 0.0129304835573, "max": 0.331300824881, "var": 0.00102204526775, "mean": 0.0446722172201}, "average_loudness": 0.801466524601, "spectral_rolloff": {"dmean2": 313.678131104, "median": 516.796875, "min": 43.06640625, "dvar2": 518393.78125, "dvar": 226242.0625, "dmean": 178.804702759, "max": 10465.1367188, "var": 858659, "mean": 720.093261719}, "spectral_centroid": {"dmean2": 196.19128418, "median": 637.407592773, "min": 129.896102905, "dvar2": 74777.71875, "dvar": 37199.515625, "dmean": 125.619445801, "max": 5202.05322266, "var": 238724.1875, "mean": 751.747009277}, "pitch_salience": {"dmean2": 0.130323022604, "median": 0.518890738487, "min": 0.0933839082718, "dvar2": 0.0135683938861, "dvar": 0.00473266933113, "dmean": 0.0772964954376, "max": 0.958838999271, "var": 0.0135506885126, "mean": 0.512423038483}, "spectral_energyband_middle_high": {"dmean2": 0.00198437715881, "median": 0.00269383238629, "min": 1.38724871434e-12, "dvar2": 9.59213048191e-06, "dvar": 3.89173783333e-06, "dmean": 0.00127914058976, "max": 0.0511020421982, "var": 1.85400367627e-05, "mean": 0.00396879110485}, "spectral_contrast_coeffs": {"dmean2": [0.0839657634497, 0.0726765170693, 0.0628883913159, 0.0502305105329, 0.033726233989, 0.0277116857469], "median": [-0.636901080608, -0.701195120811, -0.73115837574, -0.751510798931, -0.788994312286, -0.757648050785], "min": [-0.966405749321, -0.97823381424, -0.974396824837, -0.928974926472, -0.960860490799, -0.918478250504], "dvar2": [0.00461808312684, 0.00347775523551, 0.00260993395932, 0.00172036071308, 0.000816075189505, 0.000912026909646], "dvar": [0.00179466069676, 0.00138859264553, 0.00103985972237, 0.000686344748829, 0.000360531877959, 0.000391655223211], "dmean": [0.0508751086891, 0.0452645868063, 0.038721036166, 0.0311425272375, 0.021201107651, 0.0177032724023], "max": [-0.289481192827, -0.390342891216, -0.445203661919, -0.52804094553, -0.595879435539, -0.617807686329], "var": [0.00977995432913, 0.00637389207259, 0.00614338740706, 0.00427983421832, 0.0025013461709, 0.0020014513284], "mean": [-0.636122047901, -0.697210907936, -0.726801931858, -0.749824404716, -0.786174237728, -0.760612666607]}, "melbands_skewness": {"dmean2": 1.11367893219, "median": 2.19975972176, "min": -4.78382492065, "dvar2": 1.55570888519, "dvar": 0.608251035213, "dmean": 0.693222224712, "max": 15.9819993973, "var": 2.94314742088, "mean": 2.4679043293}, "spectral_spread": {"dmean2": 485985, "median": 2810605.5, "min": 620642.1875, "dvar2": 427594973184, "dvar": 276334936064, "dmean": 331987.59375, "max": 23884082, "var": 1434188513280.0, "mean": 2984588}, "dissonance": {"dmean2": 0.0448137037456, "median": 0.44544506073, "min": 0, "dvar2": 0.00168933323584, "dvar": 0.000650626956485, "dmean": 0.0270472094417, "max": 0.499999910593, "var": 0.00215715309605, "mean": 0.434946238995}, "spectral_skewness": {"dmean2": 0.674212932587, "median": 2.18858599663, "min": -0.083876170218, "dvar2": 0.508354306221, "dvar": 0.19525654614, "dmean": 0.409080386162, "max": 9.75893974304, "var": 1.01000261307, "mean": 2.32857966423}, "spectral_flux": {"dmean2": 0.0395727939904, "median": 0.0796627104282, "min": 0.000240323599428, "dvar2": 0.0020740183536, "dvar": 0.000872095464729, "dmean": 0.024772439152, "max": 0.34234136343, "var": 0.00221797428094, "mean": 0.085995234549}, "spectral_contrast_valleys": {"dmean2": [0.615733742714, 0.525236070156, 0.494026988745, 0.451317429543, 0.405062228441, 0.290029942989], "median": [-6.80000114441, -6.22058868408, -7.32500648499, -8.02919101715, -8.31836128235, -11.359495163], "min": [-18.3453845978, -17.4146671295, -17.4100036621, -18.2196350098, -16.9436416626, -18.4936771393], "dvar2": [0.291376173496, 0.211600825191, 0.228604793549, 0.228385344148, 0.243032306433, 0.122343108058], "dvar": [0.136865511537, 0.0912426412106, 0.101009719074, 0.104336611927, 0.120565116405, 0.0790177062154], "dmean": [0.367780417204, 0.32564163208, 0.308173656464, 0.287526100874, 0.279325842857, 0.218454092741], "max": [-4.95731115341, -4.40290927887, -5.35363531113, -6.04637145996, -6.11403799057, -7.8750462532], "var": [1.73771011829, 1.51938331127, 1.15080571175, 0.901507139206, 0.875782847404, 0.751262366772], "mean": [-7.04833221436, -6.49918079376, -7.57976961136, -8.20683956146, -8.41065597534, -11.4386224747]}, "erbbands_flatness_db": {"dmean2": 0.0227628853172, "median": 0.208038538694, "min": 0.0783827602863, "dvar2": 0.000545311369933, "dvar": 0.000268278003205, "dmean": 0.0153704034165, "max": 0.468674480915, "var": 0.00255948747508, "mean": 0.212747365236}, "spectral_energyband_high": {"dmean2": 0.000108148306026, "median": 5.28521413798e-05, "min": 2.73706513183e-12, "dvar2": 1.33628958565e-07, "dvar": 7.52085824729e-08, "dmean": 7.604073471