{"metadata": {"tags": {"releasecountry": ["XW"], "musicbrainz_releasetrackid": ["09e46db3-fd52-4236-9d6d-6fd5aac678bd"], "title": ["Paper Planes (feat. Robyn Adele Anderson)"], "genre": ["Jazz"], "releasetype": ["album"], "originalyear": ["2015"], "tracknumber": ["9"], "disctotal": ["1"], "musicbrainz_albumartistid": ["5f5d68dd-285a-4f06-9099-84eb3f85c65f"], "album": ["Emoji Antique"], "script": ["Latn"], "albumartistsort": ["Postmodern Jukebox"], "releasestatus": ["official"], "acoustid_id": ["be8bf94a-4ddb-435a-9c07-d2114bd2fa1c"], "musicbrainz_artistid": ["5f5d68dd-285a-4f06-9099-84eb3f85c65f", "4c1c58d3-321a-4436-b859-6d7524d1d304"], "musicbrainz_releasegroupid": ["4fb81179-0088-494d-80c4-65db3e267821"], "musicbrainz_recordingid": ["1f84f3f5-8969-4bd6-806b-47edadd6b7af"], "albumartist": ["Scott Bradlee & Postmodern Jukebox"], "originaldate": ["2015-04-23"], "artist": ["Scott Bradlee & Postmodern Jukebox"], "bpm": ["76"], "musicbrainz_albumid": ["34bb01ee-86b3-45ac-bc9c-09b3a37970ac"], "artistsort": ["Postmodern Jukebox feat. Anderson, Robyn Adele"], "initialkey": ["F"], "asin": ["B00WNE9340"], "tracktotal": ["12"], "discnumber": ["1"], "date": ["2015-04-23"], "media": ["Digital Media"], "file_name": "09 Paper Planes (feat. Robyn Adele Anderson).flac"}, "audio_properties": {"sample_rate": 44100, "downmix": "mix", "lossless": true, "analysis_sample_rate": 44100, "md5_encoded": "661bff74a1b80d8e508f9b2b976457e0", "equal_loudness": 0, "replay_gain": -13.5038871765, "codec": "flac", "bit_rate": 0, "length": 175.066665649}, "version": {"extractor": "music 1.0", "essentia_build_sha": "2d9f1f26377add8aeb1075a9c2973f962c4f09fd", "essentia_git_sha": "v2.1_beta2-1-ge3940c0", "essentia": "2.1-beta2"}}, "rhythm": {"beats_loudness_band_ratio": {"dvar2": [0.108165405691, 0.0501482188702, 0.048053830862, 0.068614281714, 0.0310521889478, 0.0267793480307], "var": [0.0629986301064, 0.0157444402575, 0.0321000143886, 0.0338623933494, 0.0112697929144, 0.00832735281438], "min": [0, 0, 0, 0, 0, 0], "dmean": [0.237602338195, 0.109035253525, 0.151536718011, 0.143153771758, 0.089328572154, 0.076433673501], "mean": [0.3692676723, 0.125221759081, 0.237648710608, 0.1527428478, 0.0811654701829, 0.0683154761791], "max": [0.990080833435, 0.849148750305, 0.84469640255, 0.843413174152, 0.594369053841, 0.577394723892], "dmean2": [0.408622145653, 0.19537872076, 0.258594244719, 0.251374691725, 0.159207075834, 0.138793736696], "median": [0.359155774117, 0.0844753757119, 0.186001181602, 0.067674189806, 0.0337530113757, 0.0332596600056], "dvar": [0.0407207161188, 0.0169724710286, 0.0182916373014, 0.027944188565, 0.0117380628362, 0.00957921799272]}, "bpm_histogram_first_peak_weight": {"dvar2": 0, "var": 0, "min": 0.262672811747, "dmean": 0, "mean": 0.262672811747, "max": 0.262672811747, "dmean2": 0, "median": 0.262672811747, "dvar": 0}, "bpm": 152.881484985, "beats_count": 435, "bpm_histogram_first_peak_spread": {"dvar2": 0, "var": 0, "min": 0.352272748947, "dmean": 0, "mean": 0.352272748947, "max": 0.352272748947, "dmean2": 0, "median": 0.352272748947, "dvar": 0}, "danceability": 1.08246958256, "bpm_histogram_first_peak_bpm": {"dvar2": 0, "var": 0, "min": 152, "dmean": 0, "mean": 152, "max": 152, "dmean2": 0, "median": 152, "dvar": 0}, "beats_position": [0.510838985443, 1.06811785698, 1.63700675964, 2.18267560005, 2.76317453384, 3.3785033226, 4.00544214249, 4.59755086899, 5.18965959549, 5.78176879883, 6.38548755646, 6.97759628296, 7.50004529953, 8.0224943161, 8.54494285583, 9.05578231812, 9.57823085785, 10.1006803513, 10.5418596268, 10.9714279175, 11.4009971619, 11.8189563751, 12.1904764175, 12.5619955063, 12.9451246262, 13.3398637772, 13.7462129593, 14.1409521103, 14.5356912613, 14.9304304123, 15.3251695633, 15.7082986832, 16.0914287567, 16.4977779388, 16.8925170898, 17.2872562408, 17.6703853607, 18.0651245117, 18.4598636627, 18.8546028137, 19.2493419647, 19.6556911469, 20.062040329, 20.4683895111, 20.8631286621, 21.2694778442, 21.6642169952, 22.0589561462, 22.4536952972, 22.8484344482, 23.2431735992, 23.6379127502, 24.0210418701, 24.4157810211, 24.7989120483, 25.1936511993, 25.5767803192, 25.9599094391, 26.343038559, 26.7261676788, 27.0976867676, 27.4692058563, 27.8407249451, 28.2354640961, 28.6302032471, 29.0249423981, 29.4196815491, 29.8144207001, 30.2091598511, 30.5922889709, 30.9754180908, 31.358549118, 31.7416782379, 32.1248054504, 32.5079345703, 32.8910636902, 33.2741928101, 33.6573219299, 34.0404510498, 34.4119720459, 34.8067131042, 35.2014503479, 35.5845794678, 35.9793205261, 36.3856697083, 36.7920188904, 37.186756134, 37.5931053162, 37.9878463745, 38.3825836182, 38.765712738, 39.1488418579, 39.520362854, 39.9034919739, 40.2866210938, 40.6813583374, 41.0644874573, 41.4592285156, 41.88879776, 42.3183670044, 42.7363243103, 43.1078453064, 43.4909744263, 43.8741035461, 44.2688446045, 44.7100219727, 45.139591217, 45.5691604614, 45.9987297058, 46.4282989502, 46.8694763184, 47.3106575012, 47.7170066833, 48.1349639893, 48.5529251099, 48.9824943542, 49.4120635986, 49.841632843, 50.2595901489, 50.6659393311, 51.0722885132, 51.4786376953, 51.8733787537, 52.2681159973, 52.6628570557, 53.0575942993, 53.4639434814, 53.8470726013, 54.2534217834, 54.6597709656, 55.0777320862, 55.4724693298, 55.8672103882, 56.2735595703, 56.6566886902, 57.0514259338, 57.4461669922, 57.8409042358, 58.2356452942, 58.6303825378, 59.03673172, 59.4430847168, 59.8378219604, 60.2325630188, 60.6273002625, 61.0104293823, 61.3935585022, 61.7766876221, 62.1598167419, 62.5545578003, 62.9492950439, 63.3440361023, 63.7387733459, 64.1219024658, 64.5050354004, 64.8765487671, 65.2596817017, 65.6544189453, 66.0607681274, 66.4555053711, 66.8502502441, 67.2565994263, 67.6513366699, 68.0460739136, 68.4292068481, 68.8239440918, 69.2070770264, 69.5902023315, 69.9849395752, 70.3796844482, 70.7628097534, 71.145942688, 71.5290679932, 71.9122009277, 72.3069381714, 72.701675415, 73.0848083496, 73.4679336548, 73.8510665894, 74.2574157715, 74.6521530151, 75.0468902588, 75.4416275024, 75.824760437, 76.2078933716, 76.5910186768, 76.9741516113, 77.368888855, 77.7520141602, 78.1467590332, 78.5414962769, 78.9362335205, 79.3193664551, 79.7024917603, 80.0972290039, 80.4803619385, 80.8634872437, 81.2350082397, 81.6181411743, 81.9896621704, 82.3727874756, 82.7559204102, 83.1390457153, 83.5221786499, 83.9169158936, 84.3000411987, 84.6947860718, 85.077911377, 85.4610443115, 85.8441696167, 86.2389068604, 86.6336517334, 87.0167770386, 87.3999099731, 87.7714233398, 88.1429443359, 88.5260772705, 88.9092025757, 89.2807235718, 89.6638565063, 90.0469818115, 90.4185028076, 90.7900238037, 91.1615371704, 91.5330581665, 91.8929672241, 92.2644882202, 92.6243972778, 92.9959182739, 93.36743927, 93.7389526367, 94.1104736328, 94.4703826904, 94.8419036865, 95.2018127441, 95.5617218018, 95.9216308594, 96.281539917, 96.6414489746, 97.0129699707, 97.3844909668, 97.767616272, 98.1971893311, 98.6267547607, 99.0563278198, 99.4858932495, 99.9154663086, 100.345031738, 100.75138092, 101.157730103, 101.564079285, 101.970428467, 102.376777649, 102.771514893, 103.166259766, 103.572608948, 103.97895813, 104.373695374, 104.780044556, 105.186393738, 105.581130981, 105.975868225, 106.370613098, 106.765350342, 107.183311462, 107.589660645, 107.996009827, 108.39074707, 108.797096252, 109.203445435, 109.598182678, 109.992919922, 110.387664795, 110.794013977, 111.211967468, 111.629928589, 112.036277771, 112.442626953, 112.860588074, 113.255325317, 113.6616745, 114.07963562, 114.497596741, 114.903945923, 115.310295105, 115.705032349, 116.111381531, 116.506118774, 116.900856018, 117.3072052, 117.725166321, 118.131515503, 118.537864685, 118.944213867, 119.350563049, 119.76852417, 120.186485291, 120.604438782, 121.010787964, 121.417137146, 121.823486328, 122.22983551, 122.636184692, 123.042533875, 123.448883057, 123.855232239, 124.261581421, 124.656326294, 125.039451599, 125.422584534, 125.805709839, 126.200454712, 126.583580017, 126.966712952, 127.349838257, 127.732971191, 128.127700806, 128.522445679, 128.917190552, 129.311920166, 129.706665039, 130.089797974, 130.496139526, 130.890884399, 131.262405396, 131.645523071, 132.017044067, 132.400177002, 132.783309937, 133.166442871, 133.549560547, 133.932693481, 134.304214478, 134.687347412, 135.070480347, 135.465209961, 135.859954834, 136.254684448, 136.649429321, 137.020950317, 137.392471313, 137.76399231, 138.135513306, 138.53024292, 138.924987793, 139.319732666, 139.702850342, 140.085983276, 140.457504272, 140.829025269, 141.200546265, 141.58366394, 141.966796875, 142.338317871, 142.709838867, 143.081359863, 143.452880859, 143.824401855, 144.195922852, 144.579040527, 144.950561523, 145.32208252, 145.693603516, 146.065124512, 146.436645508, 146.819763184, 147.202896118, 147.586029053, 147.957550049, 148.329071045, 148.712203979, 149.095321655, 149.466842651, 149.838363647, 150.209884644, 150.593017578, 150.976135254, 151.359268188, 151.719177246, 152.113922119, 152.485443115, 152.86857605, 153.251693726, 153.63482666, 154.017959595, 154.389480591, 154.772598267, 155.155731201, 155.527252197, 155.898773193, 156.293518066, 156.665023804, 157.0365448, 157.408065796, 157.779586792, 158.174331665, 158.545852661, 158.917373657, 159.300491333, 159.683624268, 160.066757202, 160.438278198, 160.821395874, 161.204528809, 161.587661743, 161.982406616, 162.37713623, 162.771881104, 163.178222656, 163.631011963, 164.095413208, 164.559814453, 164.966171265, 165.372512817, 165.778869629, 166.185211182, 166.579956055, 166.974685669, 167.357818604, 167.752563477, 168.193740845, 168.623306274, 169.064483643, 169.505661011, 169.946838379, 170.388031006, 170.829208374, 171.270385742, 171.699951172, 172.129516602, 172.57069397, 173.011871338, 173.453063965, 173.905853271, 174.358642578], "beats_loudness": {"dvar2": 0.000598923244979, "var": 0.000262973713689, "min": 6.30338073404e-11, "dmean": 0.0136719075963, "mean": 0.0260773524642, "max": 0.110013067722, "dmean2": 0.0244177393615, "median": 0.0231761168689, "dvar": 0.000189804501133}, "bpm_histogram_second_peak_weight": {"dvar2": 0, "var": 0, "min": 0.262672811747, "dmean": 0, "mean": 0.262672811747, "max": 0.262672811747, "dmean2": 0, "median": 0.262672811747, "dvar": 0}, "bpm_histogram_second_peak_spread": {"dvar2": 0, "var": 0, "min": 0.337209314108, "dmean": 0, "mean": 0.337209314108, "max": 0.337209314108, "dmean2": 0, "median": 0.337209314108, "dvar": 0}, "bpm_histogram_second_peak_bpm": {"dvar2": 0, "var": 0, "min": 157, "dmean": 0, "mean": 157, "max": 157, "dmean2": 0, "median": 157, "dvar": 0}, "onset_rate": 3.78116202354}, "lowlevel": {"spectral_energyband_high": {"dvar2": 3.45136612623e-07, "var": 4.21977432552e-07, "min": 1.18422220814e-12, "dmean": 0.000212800994632, "mean": 0.000399329786887, "max": 0.00736601557583, "dmean2": 0.00030905046151, "median": 0.00013518819469, "dvar": 1.61167392321e-07}, "spectral_energyband_middle_low": {"dvar2": 3.60399899364e-05, "var": 8.58928833622e-05, "min": 7.02030266398e-15, "dmean": 0.00252526928671, "mean": 0.00776839395985, "max": 0.0805024206638, "dmean2": 0.00383214745671, "median": 0.00508830090985, "dvar": 1.65220462804e-05}, "spectral_energy": {"dvar2": 0.000140070507769, "var": 0.00024023046717, "min": 1.57714368908e-12, "dmean": 0.00558167789131, "mean": 0.0192361082882, "max": 0.156129032373, "dmean2": 0.00835707876831, "median": 0.016294952482, "dvar": 6.28472844255e-05}, "spectral_spread": {"dvar2": 1130208034820.0, "var": 3162156826620.0, "min": 577624.1875, "dmean": 522087.65625, "mean": 3706934, "max": 16418505, "dmean2": 756923.625, "median": 3310401, "dvar": 679714816000}, "spectral_energyband_low": {"dvar2": 0.000101722733234, "var": 7.10147432983e-05, "min": 3.1062167778e-15, "dmean": 0.00314751313999, "mean": 0.00678351195529, "max": 0.131997078657, "dmean2": 0.00505615724251, "median": 0.00419266661629, "dvar": 4.0107552195e-05}, "spectral_rolloff": {"dvar2": 1360800.5, "var": 3622292.75, "min": 64.599609375, "dmean": 406.824798584, "mean": 1499.65795898, "max": 20564.2089844, "dmean2": 665.731018066, "median": 904.39453125, "dvar": 688656}, "barkbands": {"dvar2": [8.3793283423e-09, 7.54284847062e-05, 9.92082368612e-06, 4.85440750708e-06, 4.15421300204e-06, 5.0785847634e-06, 2.70337477559e-06, 2.84744760393e-06, 9.02825922822e-06, 5.896312814e-06, 4.55117015008e-06, 4.30207728641e-06, 2.04104935619e-06, 1.61427908552e-06, 1.03478794244e-06, 4.03023506124e-07, 6.97366829172e-07, 8.520053143e-07, 5.4325516885e-07, 4.32654758242e-07, 4.64970035807e-08, 9.29268306749e-09, 6.47558406897e-09, 3.25398885614e-09, 4.53490089924e-09, 2.21091020491e-10, 1.87388105033e-10], "var": [2.20928288996e-08, 3.47723726009e-05, 9.24455616769e-06, 2.78153220279e-06, 2.56424823419e-06, 3.58715692528e-06, 1.93923528968e-06, 5.42141924598e-06, 4.42486234533e-05, 1.12396073746e-05, 3.58657166544e-06, 3.59276782547e-06, 2.47306365964e-06, 1.5456902247e-06, 1.01463149349e-06, 3.32328710329e-07, 7.68842312482e-07, 1.40804957027e-06, 7.66843584188e-07, 7.98806638613e-07, 4.65527492111e-08, 3.61182106445e-09, 1.91897053803e-09, 1.75431158489e-09, 3.4457880993e-09, 1.69262770466e-10, 8.09152328474e-11], "min": [9.30292447851e-17, 7.57747363103e-16, 1.48265843521e-15, 1.62054406996e-15, 2.51443763272e-15, 3.30290968661e-16, 3.06589239792e-16, 4.49301638849e-16, 1.28057786746e-15, 7.6367914542e-15, 2.27052221358e-15, 5.59753094045e-16, 7.75230641942e-15, 8.45904784072e-15, 6.8348710582e-15, 7.27740299798e-15, 9.70403634835e-15, 8.59774440363e-15, 8.69457382203e-15, 1.69133929545e-14, 6.9008858415e-14, 2.43611605362e-14, 9.83851333194e-14, 1.0360516698e-13, 2.38258658679e-13, 2.93787997402e-13, 4.1697998136e-13], "dmean": [2.51344627031e-05, 0.00247411173768, 0.00093129085144, 0.000577500963118, 0.000563109584618, 0.000653820286971, 0.000462618394522, 0.00050765305059, 0.000923238578252, 0.000488103658427, 0.000386283034459, 0.000382754747989, 0.000334709358867, 0.000252736470429, 0.000241221860051, 0.000138908551889, 0.00016146467533, 0.000224522984354, 0.000254274113104, 0.000253653532127, 5.31427940587e-05, 1.48414637806e-05, 1.11766030386e-05, 1.03355632746e-05, 1.08714248199e-05, 2.6889201763e-06, 1.83852614555e-06], "mean": [8.51496952237e-05, 0.00431481609121, 0.00195377203636, 0.00075716903666, 0.00093648157781, 0.00121022027452, 0.000858733255882, 0.00105489813723, 0.00267706718296, 0.000921166618355, 0.000653047347441, 0.000562230590731, 0.000529205950443, 0.000343069958035, 0.000358161225449, 0.000202518043807, 0.000267464842182, 0.000406873470638, 0.000467439793283, 0.00052534090355, 8.17121763248e-05, 1.85854241863e-05, 1.34904512379e-05, 1.41653872561e-05, 1.55038160301e-05, 4.77936964671e-06, 2.86133899863e-06], "max": [0.00112451962195, 0.101553596556, 0.035210698843, 0.0284842438996, 0.0269689057022, 0.0323185399175, 0.0270577147603, 0.0423770546913, 0.0544186830521, 0.0713715478778, 0.0620716623962, 0.0453458875418, 0.0273431744426, 0.020874472335, 0.0221658311784, 0.00822230428457, 0.0209573507309, 0.0230447072536, 0.00928956922144, 0.00796399172395, 0.0047058374621, 0.00150041817687, 0.00112003996037, 0.000951641064603, 0.00136431737337, 0.000347632128978, 0.00034632885945], "dmean2": [3.72119066014e-05, 0.00413806503639, 0.00149647158105, 0.000953707844019, 0.00089673436014, 0.00105318170972, 0.000740466930438, 0.000775421678554, 0.00138463731855, 0.000726288591977, 0.000540390203241, 0.000552423181944, 0.000471085950267, 0.000377039716113, 0.000362352264347, 0.000204490948818, 0.000234432838624, 0.000323408283293, 0.000366597087122, 0.000347650639014, 8.19686683826e-05, 2.37122167164e-05, 1.84577274922e-05, 1.64028278959e-05, 1.65247929544e-05, 4.17010596721e-06, 3.09983624902e-06], "median": [5.37899677511e-06, 0.00248735258356, 0.0006814339431, 0.000242435082328, 0.000415744027123, 0.000579559768084, 0.000330110779032, 0.000289833464194, 0.000496140273754, 0.00013104021491, 0.000127453386085, 0.00010853423737, 8.65207184688e-05, 5.67361603316e-05, 7.8923352703e-05, 3.79543962481e-05, 3.68222499674e-05, 3.97870753659e-05, 6.77622592775e-05, 9.79048127192e-05, 2.03665586014e-05, 3.7033071294e-06, 2.80389690488e-06, 3.86266265195e-06, 3.58979400517e-06, 6.66710434416e-07, 2.69435275868e-07], "dvar": [4.21808632467e-09, 2.76047703665e-05, 3.8055436562e-06, 2.00981457965e-06, 1.77507922672e-06, 2.04262642001e-06, 1.06797358512e-06, 1.345558303e-06, 4.30991985922e-06, 2.7215432965e-06, 2.11727501664e-06, 1.98976749743e-06, 1.07727476006e-06, 7.9052296087e-07, 5.19659295151e-07, 1.85923070717e-07, 3.1773356568e-07, 4.14247409708e-07, 2.72067978813e-07, 2.38214951764e-07, 2.20153530961e-08, 3.61081142763e-09, 2.35186004005e-09, 1.35433542159e-09, 2.12564099655e-09, 9.89900383885e-11, 7.26470134049e-11]}, "melbands_skewness": {"dvar2": 1.46207749844, "var": 2.80243039131, "min": -2.67696857452, "dmean": 0.674258649349, "mean": 2.04493737221, "max": 16.4656352997, "dmean2": 1.01451921463, "median": 1.67805397511, "dvar": 0.745088994503}, "barkbands_skewness": {"dvar2": 0.864867568016, "var": 1.96635186672, "min": -3.4644947052, "dmean": 0.536806106567, "mean": 1.28294813633, "max": 19.1524906158, "dmean2": 0.78645157814, "median": 1.10185432434, "dvar": 0.463820904493}, "erbbands": {"dvar2": [0.0321312583983, 4.87532186508, 15.1708211899, 27.4465618134, 62.537071228, 39.772403717, 95.8464584351, 499.174530029, 309.814819336, 1156.44921875, 1348.1229248, 6531.49658203, 5406.63525391, 3762.61889648, 10387.8876953, 9420.86523438, 3603.26074219, 3204.41674805, 3615.92431641, 989.854492188, 828.534729004, 1773.04138184, 2532.1640625, 1355.28942871, 1031.87646484, 1002.67834473, 187.605178833, 28.4056491852, 12.3393011093, 9.84945297241, 4.64027261734, 1.30187106133, 1.43117368221, 1.20658898354, 0.100210390985, 0.00715512549505, 0.000679782533552, 5.01095710206e-05, 6.87423425916e-06, 3.79014828411e-08], "var": [0.0231199655682, 2.12022900581, 12.7073287964, 19.7903709412, 34.2606124878, 22.1241569519, 62.0039176941, 321.35949707, 288.355133057, 1730.66540527, 1355.28295898, 35803.3242188, 6915.53417969, 10268.2607422, 8479.20019531, 7556.3125, 4941.40673828, 3238.77587891, 4359.65478516, 1209.31420898, 943.376342773, 2405.84106445, 4575.40234375, 2280.12988281, 2029.72839355, 1898.58422852, 286.942810059, 16.559381485, 4.87200403214, 3.27470612526, 1.34297859669, 0.483015298843, 0.857224404812, 0.719132721424, 0.106557130814, 0.00713386805728, 0.000424464320531, 3.22195191984e-05, 2.6614188755e-06, 1.34572379906e-08], "min": [1.28872149633e-14, 2.18162659704e-13, 1.40041277186e-12, 4.01914222389e-12, 7.36971594861e-12, 8.41718448413e-12, 5.85953638041e-12, 1.6063772491e-12, 1.57450755992e-12, 1.08545282138e-11, 1.01835952865e-11, 3.00209024306e-11, 1.09890763156e-10, 2.74747974371e-10, 4.98744656685e-11, 3.20789887709e-11, 2.98464031268e-10, 4.65489480295e-10, 3.75907999173e-10, 2.74344741369e-10, 4.7791237634e-10, 5.28256494103e-10, 6.16119322228e-10, 1.70082767315e-10, 8.74345651436e-10, 7.47410355828e-10, 2.41815434343e-09, 2.57020205119e-09, 1.01197572544e-09, 1.85167681188e-09, 2.43260878108e-09, 2.35092278977e-09, 1.71172176433e-09, 2.42325093325e-09, 2.07319983403e-09, 1.4916897717e-09, 4.5703696383e-10, 1.25430263398e-10, 4.92831123133e-11, 7.78757527214e-12], "dmean": [0.0521043017507, 0.622855067253, 1.1414886713, 1.48664605618, 1.96074581146, 1.75217092037, 3.00466179848, 6.31225919724, 5.63004016876, 9.27978038788, 10.3010158539, 24.5927429199, 14.9276285172, 13.937125206, 17.4944591522, 16.6116905212, 14.8244409561, 12.2368717194, 14.659781456, 7.38921642303, 6.35689353943, 8.11027526855, 10.623046875, 12.103260994, 11.5142040253, 12.1719799042, 4.29903507233, 0.925848841667, 0.543138504028, 0.444318413734, 0.300380796194, 0.184580624104, 0.206040382385, 0.159717068076, 0.056572675705, 0.0147614460438, 0.00495472364128, 0.00115343055222, 0.000307169539155, 2.84780035145e-05], "mean": [0.107933461666, 1.01652681828, 2.44623374939, 2.38392305374, 2.82432413101, 2.87609982491, 5.1772403717, 11.3979492188, 11.6110877991, 20.0528755188, 21.1050758362, 74.4835281372, 32.0158500671, 28.4421234131, 30.5393733978, 26.5783786774, 25.0334835052, 18.8959255219, 23.4516086578, 12.3974723816, 10.9626350403, 14.7941827774, 20.7231826782, 24.304681778, 24.7952823639, 25.5214328766, 8.40841293335, 1.49744451046, 0.71365737915, 0.521388053894, 0.36646810174, 0.241249963641, 0.281513363123, 0.215474784374, 0.0837608575821, 0.0244983304292, 0.00881535746157, 0.00221894215792, 0.000490312988404, 5.39118918823e-05], "max": [1.46844279766, 26.9295120239, 49.2433204651, 75.448135376, 92.6081237793, 94.121963501, 133.544265747, 312.810150146, 200.184188843, 739.894897461, 531.963134766, 1583.74084473, 1483.06567383, 2624.65063477, 3016.42675781, 2292.31982422, 1515.18762207, 1095.89624023, 1408.07763672, 692.165161133, 512.592956543, 1223.77075195, 1650.97875977, 550.901977539, 493.341247559, 369.379241943, 305.69128418, 163.76625061, 59.3379821777, 37.6710853577, 29.746635437, 16.3020458221, 23.042974472, 22.9525146484, 9.46186542511, 2.46928977966, 0.422333747149, 0.164376348257, 0.0831290856004, 0.00365922623314], "dmean2": [0.0880149677396, 1.03998196125, 1.82978832722, 2.40805673599, 3.18184399605, 2.82835936546, 4.79668474197, 10.205116272, 8.90121841431, 14.2705430984, 15.5483541489, 36.4188308716, 21.9024181366, 19.9696388245, 23.7294635773, 23.4032993317, 20.3217315674, 17.8424396515, 20.9050750732, 10.8802928925, 9.04218578339, 11.2834415436, 14.5851287842, 16.8203086853, 15.3315038681, 16.5091915131, 6.07054567337, 1.42943799496, 0.8643887043, 0.731309890747, 0.496337503195, 0.296476602554, 0.32464119792, 0.252534806728, 0.0813476443291, 0.0221131201833, 0.00797092635185, 0.0018541009631, 0.000513894890901, 4.8208199587e-05], "median": [0.0427388325334, 0.574566602707, 0.93846231699, 1.01637482643, 0.951969325542, 1.33187103271, 2.79678106308, 5.20278501511, 4.9689874649, 6.60862731934, 8.66592407227, 14.0308189392, 7.73149347305, 7.27200126648, 6.53034543991, 6.04755878448, 5.33324098587, 4.21708631516, 5.26066160202, 3.43209934235, 2.06351351738, 1.92316532135, 2.35884475708, 3.65942454338, 3.77625894547, 4.69070768356, 2.03267812729, 0.516496360302, 0.17985367775, 0.0944011211395, 0.0818397402763, 0.0668166354299, 0.0702674910426, 0.0503761060536, 0.017912087962, 0.00393371423706, 0.001143451198, 0.000276614853647, 5.69601616007e-05, 2.90895895887e-05], "dvar": [0.0114363050088, 1.80359816551, 5.90831947327, 12.1103963852, 25.7615032196, 16.2833786011, 40.4262733459, 190.548248291, 118.989898682, 518.473388672, 619.902893066, 3175.84106445, 2470.44848633, 2037.07507324, 4849.90771484, 4295.63037109, 2019.53918457, 1568.41723633, 1923.07568359, 488.915374756, 427.784606934, 854.46685791, 1278.80700684, 698.80847168, 591.505065918, 553.744628906, 96.9560852051, 11.426112175, 4.81713247299, 3.67950701714, 1.67791163921, 0.494961261749, 0.615298509598, 0.525863587856, 0.0550576299429, 0.00370431295596, 0.000269986398052, 2.07426019188e-05, 2.63942069978e-06, 1.40206299903e-08]}, "silence_rate_30dB": {"dvar2": 0.000795594649389, "var": 0.000132589499117, "min": 0, "dmean": 0.000265251990641, "mean": 0.999867379665, "max": 1, "dmean2": 0.000530574354343, "median": 1, "dvar": 0.000265185342869}, "melbands_spread": {"dvar2": 172.904937744, "var": 466.989685059, "min": 0.40237608552, "dmean": 6.76142787933, "mean": 24.762178421, "max": 208.745452881, "dmean2": 9.6535949707, "median": 17.9334373474, "dvar": 94.4371871948}, "melbands_crest": {"dvar2": 17.6323375702, "var": 27.2906093597, "min": 1.79682278633, "dmean": 2.92659902573, "mean": 14.3469829559, "max": 34.3437156677, "dmean2": 4.74995613098, "median": 13.6996498108, "dvar": 7.10709762573}, "zerocrossingrate": {"dvar2": 0.000142254444654, "var": 0.00234424346127, "min": 0.001953125, "dmean": 0.00848281849176, "mean": 0.0522383227944, "max": 0.58349609375, "dmean2": 0.0095615433529, "median": 0.0439453125, "dvar": 0.000137886556331}, "barkbands_kurtosis": {"dvar2": 140.896942139, "var": 157.927764893, "min": -1.94689965248, "dmean": 3.10413360596, "mean": 4.60085773468, "max": 394.923950195, "dmean2": 4.73219680786, "median": 1.62400686741, "dvar": 72.7251052856}, "spectral_flux": {"dvar2": 0.00133992731571, "var": 0.00176286173519, "min": 5.00553142047e-06, "dmean": 0.0230123624206, "mean": 0.0670616775751, "max": 0.320853948593, "dmean2": 0.0365489721298, "median": 0.0594547241926, "dvar": 0.000554535014089}, "barkbands_crest": {"dvar2": 14.5250597, "var": 17.28166008, "min": 2.82905626297, "dmean": 2.54514980316, "mean": 10.6009302139, "max": 26.8459148407, "dmean2": 4.13609838486, "median": 9.77290248871, "dvar": 5.77901315689}, "barkbands_flatness_db": {"dvar2": 0.0011418806389, "var": 0.00350061128847, "min": 0.0300731901079, "dmean": 0.0218697041273, "mean": 0.177665606141, "max": 0.53165948391, "dmean2": 0.0333142541349, "median": 0.167993173003, "dvar": 0.000550224969629}, "spectral_entropy": {"dvar2": 0.0936240628362, "var": 0.262375801802, "min": 4.66974401474, "dmean": 0.207758828998, "mean": 7.08756351471, "max": 8.9760351181, "dmean2": 0.309590041637, "median": 7.09192180634, "dvar": 0.0450671166182}, "pitch_salience": {"dvar2": 0.0100359730422, "var": 0.0143264839426, "min": 0.0464703440666, "dmean": 0.0678338259459, "mean": 0.505922436714, "max": 0.897644281387, "dmean2": 0.109657652676, "median": 0.500912487507, "dvar": 0.00404729926959}, "erbbands_spread": {"dvar2": 197.973236084, "var": 284.325927734, "min": 1.3991830349, "dmean": 7.0354309082, "mean": 29.7976112366, "max": 183.028457642, "dmean2": 10.5547046661, "median": 26.466129303, "dvar": 93.0585021973}, "dynamic_complexity": 3.83081626892, "spectral_contrast_valleys": {"dvar2": [0.277179270983, 0.303540617228, 0.264422506094, 0.207768306136, 0.302293151617, 0.339677661657], "var": [1.93225383759, 1.80916333199, 1.43208456039, 1.3797416687, 1.65694212914, 1.80048012733], "min": [-19.8027763367, -19.5935688019, -19.3749790192, -19.26902771, -18.6613769531, -19.5120735168], "dmean": [0.379112571478, 0.373505920172, 0.353979051113, 0.319783300161, 0.348482966423, 0.338520765305], "mean": [-7.7347574234, -7.29714632034, -8.04489421844, -8.59150314331, -8.40137004852, -11.2351150513], "max": [-5.1364159584, -4.59821987152, -5.4339261055, -6.40227413177, -5.57659387589, -8.36664581299], "dmean2": [0.619031786919, 0.589622855186, 0.549664258957, 0.491685837507, 0.529090821743, 0.470400691032], "median": [-7.4371008873, -7.06696557999, -7.8416390419, -8.41436386108, -8.23473739624, -11.0594797134], "dvar": [0.120161756873, 0.135812804103, 0.121266543865, 0.098260819912, 0.138058885932, 0.176748260856]}, "hfc": {"dvar2": 69.4870147705, "var": 232.396469116, "min": 2.15700470818e-08, "dmean": 4.42999792099, "mean": 15.0683889389, "max": 87.4900665283, "dmean2": 5.89200782776, "median": 9.04357624054, "dvar": 40.3890571594}, "spectral_kurtosis": {"dvar2": 64.1693572998, "var": 184.694351196, "min": -1.35259175301, "dmean": 2.93211364746, "mean": 8.2178850174, "max": 208.073516846, "dmean2": 4.94542837143, "median": 5.88516139984, "dvar": 24.9110469818}, "mfcc": {"mean": [-705.454223633, 146.854614258, -12.0150499344, 27.3805732727, -1.60354650021, -7.77064323425, 18.4679031372, -3.80393028259, 1.55128920078, 12.6464672089, 1.01243269444, 1.94066286087, 2.60185980797], "cov": [[8315.45507813, 275.472930908, -1000.94433594, 311.249206543, -227.4584198, -350.773803711, 195.099227905, -33.8289108276, 53.3713264465, 212.843811035, -51.8867492676, -46.5932693481, 67.6760177612], [275.472930908, 1298.37731934, 44.792930603, 64.1689453125, 82.3254241943, 65.0563964844, 17.1705913544, 22.9442672729, 11.2956991196, 48.336933136, 52.2900047302, 49.5897216797, 35.8337135315], [-1000.94433594, 44.792930603, 1433.38671875, -151.268203735, 121.250038147, 421.400756836, -384.601593018, 190.454605103, 64.4648361206, -167.902069092, 156.337814331, 36.4852981567, 27.0488052368], [311.249206543, 64.1689453125, -151.268203735, 569.509643555, 150.837188721, -143.299957275, 65.3719558716, 30.1585407257, 50.5610427856, 46.201084137, -42.0057487488, 55.4373855591, 21.2007846832], [-227.4584198, 82.3254241943, 121.250038147, 150.837188721, 312.784942627, 37.3200073242, -93.6334686279, 91.8412704468, 47.4813346863, -27.5894374847, 26.5026626587, 25.3810768127, 4.07345819473], [-350.773803711, 65.0563964844, 421.400756836, -143.299957275, 37.3200073242, 419.5519104, -37.8814163208, 28.7701740265, 13.4693546295, -32.4879379272, 72.2479629517, -24.5584545135, 10.2249040604], [195.099227905, 17.1705913544, -384.601593018, 65.3719558716, -93.6334686279, -37.8814163208, 502.092437744, -81.8935928345, -45.0808639526, 130.763748169, -52.0374946594, -7.66067314148, 13.0690584183], [-33.8289108276, 22.9442672729, 190.454605103, 30.1585407257, 91.8412704468, 28.7701740265, -81.8935928345, 254.257720947, 45.9691123962, -68.3411254883, 52.2294235229, 24.4998855591, 16.1413097382], [53.3713264465, 11.2956991196, 64.4648361206, 50.5610427856, 47.4813346863, 13.4693546295, -45.0808639526, 45.9691123962, 162.199966431, 22.3396682739, 8.24811649323, 11.7814807892, -4.53494930267], [212.843811035, 48.336933136, -167.902069092, 46.201084137, -27.5894374847, -32.4879379272, 130.763748169, -68.3411254883, 22.3396682739, 172.263259888, 5.87366008759, -20.5388431549, -3.47797417641], [-51.8867492676, 52.2900047302, 156.337814331, -42.0057487488, 26.5026626587, 72.2479629517, -52.0374946594, 52.2294235229, 8.24811649323, 5.87366008759, 133.543411255, 26.2454719543, -8.01476192474], [-46.5932693481, 49.5897216797, 36.4852981567, 55.4373855591, 25.3810768127, -24.5584545135, -7.66067314148, 24.4998855591, 11.7814807892, -20.5388431549, 26.2454719543, 114.632362366, 33.28748703], [67.6760177612, 35.8337135315, 27.0488052368, 21.2007846832, 4.07345819473, 10.2249040604, 13.0690584183, 16.1413097382, -4.53494930267, -3.47797417641, -8.01476192474, 33.28748703, 110.64516449]], "icov": [[0.000144234902109, -3.39312937285e-05, 0.000109751425043, -9.41366452025e-05, 0.000162285228726, 4.07080779041e-06, 6.68840439175e-05, -7.65705408412e-05, -6.60041041556e-05, -6.68893699185e-05, -9.32428520173e-05, 0.000126065526274, -0.000138594128657], [-3.39312937285e-05, 0.000833689235151, 6.66019286655e-06, -1.57513240993e-05, -0.000212790590012, -0.000170577710378, 1.37370434459e-05, -1.83774754987e-05, 0.000113823036372, -0.000320091377944, -0.000136878166813, -0.000352802046109, -0.000132371409563], [0.000109751425043, 6.66019286655e-06, 0.00153870868962, -0.000128032959765, 0.000229767072597, -0.00127297791187, 0.000844343390781, -0.000482247327454, -0.000210942875128, 0.000375952804461, -0.000618340040091, -0.000228395219892, -0.000314019824145], [-9.41366452025e-05, -1.57513240993e-05, -0.000128032959765, 0.00269354949705, -0.00149791222066, 0.000802677357569, -0.000424548634328, -0.000133710564114, -0.000343717663782, -0.000665563624352, 0.000982334720902, -0.00109676504508, -5.40223845746e-06], [0.000162285228726, -0.000212790590012, 0.000229767072597, -0.00149791222066, 0.00479746377096, -0.000782840244938, 0.000881577841938, -0.00118154380471, -0.000405359023716, 2.77084072877e-05, -0.000276564562228, -4.01297402277e-05, 0.0001407564705], [4.07080779041e-06, -0.000170577710378, -0.00127297791187, 0.000802677357569, -0.000782840244938, 0.00433789659292, -0.00112654163968, 0.00081253022654, -0.000583857414313, 0.000773664098233, -0.00151900318451, 0.00171721016522, -0.000773636449594], [6.68840439175e-05, 1.37370434459e-05, 0.000844343390781, -0.000424548634328, 0.000881577841938, -0.00112654163968, 0.00347176659852, -0.00062886060914, 0.00108557811473, -0.00239282636903, 0.00113791890908, -0.000884276640136, -9.93666471913e-05], [-7.65705408412e-05, -1.83774754987e-05, -0.000482247327454, -0.000133710564114, -0.00118154380471, 0.00081253022654, -0.00062886060914, 0.00603075744584, -0.00170859287027, 0.00289370492101, -0.00257095741108, 0.000894649128895, -0.00107525405474], [-6.60041041556e-05, 0.000113823036372, -0.000210942875128, -0.000343717663782, -0.000405359023716, -0.000583857414313, 0.00108557811473, -0.00170859287027, 0.0077856965363, -0.0029531493783, 0.00155311927665, -0.001439624466, 0.00108273769729], [-6.68893699185e-05, -0.000320091377944, 0.000375952804461, -0.000665563624352, 2.77084072877e-05, 0.000773664098233, -0.00239282636903, 0.00289370492101, -0.0029531493783, 0.010504335165, -0.00398914190009, 0.00309660332277, -0.00104324659333], [-9.32428520173e-05, -0.000136878166813, -0.000618340040091, 0.000982334720902, -0.000276564562228, -0.00151900318451, 0.00113791890908, -0.00257095741108, 0.00155311927665, -0.00398914190009, 0.011928117834, -0.00423629907891, 0.00253228913061], [0.000126065526274, -0.000352802046109, -0.000228395219892, -0.00109676504508, -4.01297402277e-05, 0.00171721016522, -0.000884276640136, 0.000894649128895, -0.001439624466, 0.00309660332277, -0.00423629907891, 0.0124615039676, -0.00389770395122], [-0.000138594128657, -0.000132371409563, -0.000314019824145, -5.40223845746e-06, 0.0001407564705, -0.000773636449594, -9.93666471913e-05, -0.00107525405474, 0.00108273769729, -0.00104324659333, 0.00253228913061, -0.00389770395122, 0.010845888406]]}, "silence_rate_20dB": {"dvar2": 0, "var": 0, "min": 1, "dmean": 0, "mean": 1, "max": 1, "dmean2": 0, "median": 1, "dvar": 0}, "melbands_kurtosis": {"dvar2": 443.723236084, "var": 474.915435791, "min": -1.85119450092, "dmean": 6.09180641174, "mean": 10.5407810211, "max": 395.590545654, "dmean2": 9.43849754333, "median": 4.26797008514, "dvar": 218.62612915}, "barkbands_spread": {"dvar2": 77.5274505615, "var": 156.310134888, "min": 0.352633684874, "dmean": 4.80476617813, "mean": 19.1204471588, "max": 113.144264221, "dmean2": 7.09236431122, "median": 15.7083940506, "dvar": 41.5837211609}, "erbbands_skewness": {"dvar2": 0.357612460852, "var": 0.963973224163, "min": -7.05215501785, "dmean": 0.396752238274, "mean": 0.447791486979, "max": 6.20522165298, "dmean2": 0.577362000942, "median": 0.523350894451, "dvar": 0.18270124495}, "average_loudness": 0.405968785286, "spectral_centroid": {"dvar2": 191833.171875, "var": 706691.375, "min": 121.151901245, "dmean": 261.490661621, "mean": 1424.53601074, "max": 4657.94970703, "dmean2": 360.683990479, "median": 1183.55175781, "dvar": 115829.390625}, "dissonance": {"dvar2": 0.00173729925882, "var": 0.0016487671528, "min": 0.219303026795, "dmean": 0.0262340009212, "mean": 0.442497313023, "max": 0.500000059605, "dmean2": 0.043804641813, "median": 0.450448691845, "dvar": 0.000641477352474}, "erbbands_flatness_db": {"dvar2": 0.000926481036004, "var": 0.00359983020462, "min": 0.0569989271462, "dmean": 0.0201819781214, "mean": 0.200384959579, "max": 0.42952427268, "dmean2": 0.0284405164421, "median": 0.1996986866, "dvar": 0.000483537733089}, "spectral_strongpeak": {"dvar2": 2.95503139496, "var": 2.52445077896, "min": 0, "dmean": 0.601179122925, "mean": 1.15178918839, "max": 12.8470563889, "dmean2": 1.00567114353, "median": 0.375978410244, "dvar": 1.195353508}, "spectral_rms": {"dvar2": 9.85668634712e-07, "var": 3.20516210195e-06, "min": 3.92259700277e-08, "dmean": 0.000610566406976, "mean": 0.00394483469427, "max": 0.0123418401927, "dmean2": 0.000889073242433, "median": 0.00398716889322, "dvar": 4.96391521665e-07}, "silence_rate_60dB": {"dvar2": 0.0655168667436, "var": 0.0959787517786, "min": 0, "dmean": 0.0305039789528, "mean": 0.107545420527, "max": 1, "dmean2": 0.0610160492361, "median": 0, "dvar": 0.0295738447458}, "melbands": {"dvar2": [4.34999901699e-06, 5.06119158672e-06, 7.79384606631e-07, 2.80432175259e-07, 9.46710656535e-08, 2.2009174927e-07, 8.58917559299e-08, 1.36910202286e-07, 1.07445096376e-07, 2.77156146922e-07, 1.37072476036e-07, 7.3001842793e-08, 8.59179891677e-08, 5.80607277811e-08, 3.03670475432e-08, 2.13543298599e-08, 1.5103374551e-08, 1.29516539715e-08, 3.0347417912e-09, 2.41247488653e-09, 1.64510982614e-09, 2.89126234065e-09, 3.21510307266e-09, 3.34616689912e-09, 1.31346478138e-09, 9.38176314413e-10, 5.76603209623e-10, 5.44308043082e-10, 1.47888479241e-10, 2.31058852607e-11, 8.09097493865e-12, 4.3771900167e-12, 3.26744360735e-12, 3.32031646101e-12, 1.89142343281e-12, 9.36598888723e-13, 4.19848563468e-13, 8.08280037953e-13, 1.20549100216e-12, 8.4379682061e-13], "var": [2.16078387894e-06, 3.31988348989e-06, 5.26846974935e-07, 1.46932848111e-07, 6.70865887287e-08, 1.53357760269e-07, 7.33554585963e-08, 2.54462520388e-07, 9.54138528186e-08, 1.62598928455e-06, 1.66127236412e-07, 2.0642582399e-07, 6.98167923474e-08, 5.24195264973e-08, 3.31244685015e-08, 2.27287948462e-08, 1.50055132764e-08, 1.42272060799e-08, 2.61347232744e-09, 2.23433804791e-09, 1.59117985454e-09, 2.73646172388e-09, 4.5089039169e-09, 3.16232040554e-09, 1.72409397869e-09, 1.43358747096e-09, 1.00620167753e-09, 9.16871745194e-10, 2.08662004342e-10, 1.97234641813e-11, 3.27737576661e-12, 1.6685793372e-12, 1.27084551649e-12, 9.93419647759e-13, 5.21873668412e-13, 2.66527468498e-13, 1.76867377623e-13, 4.43994586105e-13, 5.93916354898e-13, 5.32322666849e-13], "min": [1.66277371811e-16, 5.90218063361e-16, 7.94897910532e-16, 5.97975244031e-16, 2.37994764717e-16, 3.99411239437e-17, 3.34539831508e-17, 1.19520663432e-16, 9.18956897086e-17, 1.90067959731e-16, 5.98533068167e-16, 1.20395071425e-15, 2.24357401918e-16, 7.35824601946e-17, 1.56771584265e-16, 9.52594322427e-16, 8.61197138077e-16, 6.00679184957e-16, 5.64888601864e-16, 3.15076006997e-16, 5.55810949769e-16, 3.87595156293e-16, 8.71594996901e-16, 3.55906409656e-16, 6.87049996388e-17, 4.36906979262e-16, 8.15459370629e-16, 3.6518134102e-16, 1.0467370582e-15, 1.94651622938e-15, 1.41415888077e-15, 5.5626718289e-16, 3.5250837817e-16, 1.41690358516e-15, 1.26177077142e-15, 1.36245376621e-15, 1.71203146332e-15, 1.06058731743e-15, 1.33165998929e-15, 2.29922858367e-15], "dmean": [0.000597662408836, 0.000664313847665, 0.000260945525952, 0.000129660344101, 9.93739886326e-05, 0.000134880858241, 9.11563402042e-05, 0.000105762024759, 9.11578754312e-05, 0.000158288239618, 7.48640086385e-05, 5.85626403335e-05, 5.15684805578e-05, 5.11737307534e-05, 3.67255961464e-05, 3.32821546181e-05, 2.41005527641e-05, 2.63656565949e-05, 1.30823200379e-05, 1.08606345748e-05, 8.09629818832e-06, 9.41400412557e-06, 1.01538207673e-05, 1.12137204269e-05, 1.09500069811e-05, 9.55178256845e-06, 8.89797684067e-06, 8.51965432958e-06, 3.70776956515e-06, 9.26377197175e-07, 4.31764561881e-07, 3.11745822046e-07, 2.83462270545e-07, 2.39744935016e-07, 1.84024173677e-07, 1.37991534643e-07, 1.06667648936e-07, 1.47464760403e-07, 1.59691225576e-07, 1.34213166803e-07], "mean": [0.00108888326213, 0.00134016876109, 0.000438990944531, 0.000200518610654, 0.000178796937689, 0.000249644537689, 0.00018220761558, 0.000230701174587, 0.000168031096109, 0.00048255987349, 0.000144579520565, 0.000114893678983, 8.84081309778e-05, 7.87553290138e-05, 5.57093335374e-05, 5.15624960826e-05, 3.28558053297e-05, 3.91681605834e-05, 1.94741787709e-05, 1.61553871294e-05, 1.20409931696e-05, 1.4702516637e-05, 1.83457486855e-05, 1.90057889995e-05, 1.95341235667e-05, 1.7761329218e-05, 1.83362099051e-05, 1.66891932167e-05, 6.67924405207e-06, 1.50806465626e-06, 5.65722530155e-07, 3.95815590082e-07, 3.34471366159e-07, 2.69523610541e-07, 2.17843066252e-07, 1.66401960655e-07, 1.37734758709e-07, 1.94197909309e-07, 2.04273163718e-07, 1.76490132731e-07], "max": [0.0212810337543, 0.0312309637666, 0.0114331254736, 0.00702822348103, 0.00457267463207, 0.00666712364182, 0.00354517670348, 0.00933129526675, 0.00501143978909, 0.0106538049877, 0.00726028298959, 0.0116903465241, 0.00859801843762, 0.00452936114743, 0.00317715411074, 0.00307054887526, 0.00251551205292, 0.00259064114653, 0.000980525859632, 0.000730786123313, 0.000621174753178, 0.00109261984471, 0.00115943921264, 0.00123170390725, 0.000530128367245, 0.00043915308197, 0.000291880569421, 0.000324981781887, 0.000249211123446, 0.000153739543748, 5.7675770222e-05, 3.86070460081e-05, 2.05723754334e-05, 2.6789968615e-05, 2.15156214836e-05, 1.87150108104e-05, 1.34468655233e-05, 1.71762367245e-05, 