{"tonal": {"thpcp": [1, 0.756080508232, 0.624982893467, 0.38726374507, 0.241801306605, 0.498219668865, 0.616461455822, 0.414852172136, 0.301671773195, 0.295550882816, 0.319309204817, 0.518376290798, 0.571239173412, 0.425259917974, 0.567170500755, 0.618596732616, 0.37743473053, 0.326231241226, 0.364385068417, 0.372393548489, 0.676794588566, 0.823433220387, 0.48963290453, 0.255024820566, 0.230218037963, 0.255238980055, 0.341981142759, 0.361938238144, 0.30181401968, 0.275389134884, 0.227370485663, 0.235122010112, 0.448232233524, 0.529993891716, 0.42770382762, 0.779238343239], "hpcp": {"dmean2": [0.219053506851, 0.221461877227, 0.192186504602, 0.185334905982, 0.202984362841, 0.22465787828, 0.258007735014, 0.271706670523, 0.237586125731, 0.172627344728, 0.14337310195, 0.148373350501, 0.158408105373, 0.158844396472, 0.140943914652, 0.132585048676, 0.120041549206, 0.13718830049, 0.185639485717, 0.21260766685, 0.226240068674, 0.299468517303, 0.275095194578, 0.337292641401, 0.388657718897, 0.244434729218, 0.157164976001, 0.220063209534, 0.239803001285, 0.200608730316, 0.213212192059, 0.242641627789, 0.233276471496, 0.260951578617, 0.250814408064, 0.217350751162], "median": [0.0684096366167, 0.0650437027216, 0.0491498373449, 0.042079590261, 0.0423081032932, 0.049318857491, 0.114061802626, 0.148414134979, 0.0826779901981, 0.0249667856842, 0.0251221396029, 0.031981356442, 0.0484495125711, 0.049372959882, 0.0453904010355, 0.0354211702943, 0.0306986831129, 0.0289271008223, 0.0593447610736, 0.0663097798824, 0.0693655312061, 0.140151888132, 0.161017641425, 0.164462313056, 0.0505138523877, 0.0404358953238, 0.0263578817248, 0.0631714016199, 0.0785053670406, 0.0516321770847, 0.0268735513091, 0.025831149891, 0.0328820869327, 0.0653818547726, 0.0728031173348, 0.0620694048703], "min": [0, 0, 0, 0, 0, 0, 0, 0, 0, 0, 0, 0, 0, 0, 0, 0, 0, 0, 0, 0, 0, 0, 0, 0, 0, 0, 0, 0, 0, 0, 0, 0, 0, 0, 0, 0], "dvar2": [0.0924079939723, 0.101143926382, 0.0862733349204, 0.0878051221371, 0.095341578126, 0.111083395779, 0.0993294417858, 0.0996531024575, 0.107225559652, 0.0830754488707, 0.0655837506056, 0.0695263594389, 0.064075730741, 0.0612769424915, 0.0526484362781, 0.0551856346428, 0.0503681339324, 0.0655240267515, 0.0725405961275, 0.0855665355921, 0.0893086493015, 0.117955438793, 0.109519481659, 0.118045076728, 0.241896033287, 0.098627910018, 0.0715608149767, 0.0983588472009, 0.103319220245, 0.0793729647994, 0.120288662612, 0.163441225886, 0.139841705561, 0.130736783147, 0.117880105972, 0.0921741575003], "dvar": [0.0380250960588, 0.0418957285583, 0.0317317396402, 0.0320936366916, 0.0351234599948, 0.0395328439772, 0.0405908152461, 0.0437711849809, 0.0382883884013, 0.0296690203249, 0.0242517068982, 0.0257100258023, 0.0246409978718, 0.024269092828, 0.0200514048338, 0.0212588887662, 0.018730096519, 0.0243285503238, 0.0301255229861, 0.0365349426866, 0.0334660559893, 0.0450241230428, 0.0501226596534, 0.0451332703233, 0.101003542542, 0.0381598249078, 0.0257974080741, 0.0390993766487, 0.0437891185284, 0.0316984467208, 0.0438853688538, 0.0583886913955, 0.0511186830699, 0.0495418384671, 0.0481278337538, 0.0351722165942], "dmean": [0.130791097879, 0.132082730532, 0.111966557801, 0.105253338814, 0.11582660675, 0.127178028226, 0.156261280179, 0.169103205204, 0.138079449534, 0.0969692319632, 0.0814339146018, 0.085100106895, 0.0938399732113, 0.0960146412253, 0.0842229947448, 0.0783548429608, 0.0698594376445, 0.0785170570016, 0.111647725105, 0.12903444469, 0.131821915507, 0.177636697888, 0.16786570847, 0.194050341845, 0.215670973063, 0.136342316866, 0.0881648510695, 0.128402888775, 0.143433868885, 0.118711918592, 0.118241928518, 0.131247937679, 0.129460245371, 0.150953948498, 0.148062959313, 0.126833513379], "max": [1, 1, 1, 1, 1, 1, 1, 1, 1, 1, 1, 1, 1, 1, 1, 1, 1, 1, 1, 1, 1, 1, 1, 1, 1, 1, 1, 1, 1, 1, 1, 1, 1, 1, 1, 1], "var": [0.0746783912182, 0.0929144695401, 0.036199837923, 0.0346027985215, 0.0411439612508, 0.0396990180016, 0.0732544288039, 0.0941316336393, 0.0440388545394, 0.0262761116028, 0.0212811138481, 0.0235145427287, 0.0312086846679, 0.0361976325512, 0.0223455019295, 0.0229648798704, 0.0172248743474, 0.0229378920048, 0.0487967357039, 0.0676070079207, 0.0380001552403, 0.0818892940879, 0.135747730732, 0.0643104612827, 0.109952330589, 0.0382742322981, 0.0226333905011, 0.0620149970055, 0.0843178778887, 0.0452996008098, 0.0368673615158, 0.0412461832166, 0.0393943563104, 0.0620565079153, 0.0745242461562, 0.0428986176848], "mean": [0.194650992751, 0.212300300598, 0.129534319043, 0.111961454153, 0.125055715442, 0.127804204822, 0.232273593545, 0.28259947896, 0.16804035008, 0.0875236541033, 0.0790100470185, 0.0875971466303, 0.117366760969, 0.124215967953, 0.103581547737, 0.0945126190782, 0.0780327767134, 0.0806930735707, 0.153831779957, 0.181892096996, 0.146786496043, 0.267431944609, 0.343196600676, 0.259484261274, 0.21449200809, 0.132907599211, 0.0829853862524, 0.170987293124, 0.211567476392, 0.142375856638, 0.103532724082, 0.101432055235, 0.109585829079, 0.177904978395, 0.196047335863, 0.145947754383]}, "tuning_equal_tempered_deviation": 0.245075851679, "chords_changes_rate": 0.0364612787962, "key_key": "E", "tuning_diatonic_strength": 0.626526474953, "key_scale": "major", "chords_number_rate": 0.00226116459817, "tuning_frequency": 434.193115234, "tuning_nontempered_energy_ratio": 0.953811705112, "chords_histogram": [36.6026000977, 6.21820259094, 19.2481632233, 3.27868843079, 3.87224411964, 1.21537590027, 0, 0, 0, 0, 0.960994899273, 0.339174687862, 0, 0, 0, 0.197851896286, 0, 0.565291106701, 0, 0, 0, 4.80497455597, 22.4985866547, 0.197851896286], "key_strength": 0.831028819084, "chords_key": "E", "chords_strength": {"dmean2": 0.00990083999932, "median": 0.520416975021, "min": 0.231428146362, "dvar2": 7.40511459298e-05, "dvar": 7.27838269086e-05, "dmean": 0.00993668008596, "max": 0.737376272678, "var": 0.00684460252523, "mean": 0.517008721828}, "chords_scale": "major", "hpcp_entropy": {"dmean2": 1.04604017735, "median": 2.21404933929, "min": 0, "dvar2": 0.719555139542, "dvar": 0.268869817257, "dmean": 0.627084195614, "max": 4.50526094437, "var": 0.510160803795, "mean": 2.21047449112}}, "metadata": {"audio_properties": {"equal_loudness": 0, "codec": "mp3", "downmix": "mix", "sample_rate": 44100, "analysis_sample_rate": 44100, "bit_rate": 192030, "md5_encoded": "6bc97badaf2efcf1458a5a61c294fc87", "length": 164.231842041, "replay_gain": -5.49595069885, "lossless": false}, "version": {"essentia_build_sha": "2d9f1f26377add8aeb1075a9c2973f962c4f09fd", "essentia": "2.1-beta2", "extractor": "music 1.0", "essentia_git_sha": "v2.1_beta2-1-ge3940c0"}, "tags": {"title": ["Burning Bridges"], "language": ["eng"], "acoustid_fingerprint": ["AQADtJHIRZE0oTny6HiOqlOKh0fYx6iPJuvx9CglBt_QOMeJ_Pi0IyRznBea6HjFQxcaHlOnNfga_IMVEqdz3MqEhj-qC1dgdTnyoOERngnOxbgPxz1u6GQo2CG-48lhUREO7bLRVLVwx0aPMOfxfcJv-Eagpy0RRo3Qf_jSoGG24CKmPEc-F-pzZJqo4Mp1fDu857hoD7kOLZZUwZWOLjxGh_hFKEeYa0VdvAr-oWOO_8HJFE2Rszh1Qnoyo1McOC8mHqcGLWj7IUfFKLAUnPC1oKhvoWGSzMjnQrsR5kHPw5UUq-iLvkGTNDvxH0eY9xr6ZMXxHIryEc6H-nh45ME9NPQDVyfMRBmK-8MXI0ysY_Jx5fiEylmO5kfzlELfUHjcoDq0jBmeH7l-5KEtNKH04CcaWTd-6CnKH80lvPmg6ghTx0KfHA3voNzxxUZz9B7CC4oSkWmQMxFewXGWoBLRXGmEZzHRpfnRxMyLx8eeBuF1OD46NQnu4MefBhc9RKyOZkSf48edKMUUcke57MghXjIuvPvQZA-0zUf1DGGcHMeFJvXRaVFOxL6Q7Gh4G710eMeJ5sxxpkcIMXumox9-dIqI5llk9MSULkrx4_CT4ZCS50b3KTgs6GHxC4xMHmHqHL_QBw1PISJ3oXnQ69C3wXqOOzvy6WjOHLUyHA0fhD-hSi-a3QiraLhyPDp8Bl1Tohk145vxINW24CdUM0UzZndQ_Th7mFtyPGgeF70b4pOORtuhyUyNH224ojnx49_RkKiO5kctpvgTiBVDPFLxRA2aL4b2Dx_MVHiwwy_OqcTzwROHOzJy9kYj9Sh1ovEnCbVC7OcQrjKaL8Wf4Vo-NGl6aNrh67gqFYflPXiD50LzCLX4cNBRMhnMV2iuIPoYnMc12CmuI_xeNF9xRSlEKsfnI7YURM8cwU-U4jv-o1ahRVrQ3ChZQ5_molGJ6gq-oJ8yrdDy4z96NEe1H83048OJhgvRHz1PNGoWI7fRo-HCHv_Qz2icJfhxwu_xfEafGU1VfEKOhFyP8_iDvi4ahkefoulWAleNMKGmDZrSRMdJ5Df640R_9ERz5niQn-gzNDF7fLgOczXQvEUffDvyJkPzG2dyohlJBXmWAM6WGHvT4WyDptvQH_9QasflCn2WFHqDOy98VniK57DDMLiO74Pl5XjDHreh3IEv3Ef1odF2VEfDx8RpHH4W_MLTJRMaTiKKH9uZI8-EvsaUZzhew7KQXxAf5UKeHvfh8rhE4zeaG9WTI_mQHz6zol0mNJHOHT8eP4dH5sgP3Xi0Wgh9_MnRacFZD--DNqqF9HmQTOrxlKgr3Eb5FEeT2uh8xCf0G74D9eJxKegqpQiTVwjtnGgu6PuKRwgbZSXaUfjT4LQm9DyaJ0NMHcmkFk2UF0_xd0g_Hc8J3UcebQ56h4iULBKeQy-yf7jy4csPZx_O4frRW2gkJ-B4fFMuhM8M8R9-2GnhCz2PxyzGC33QMIfuQ3vRPB9-VJIYQlSjGD1CPUbzHT-qo3GD-4gPLXTyIfyJ9mge40_gzwvy6PgV9I0NLedxBT2FLVQPq1mOfjieHGG64WgcPngmTXjOGv5xhkV-WBp_6BLU30NzYurQvESoSUuKmzqqIMx56Mjj42GKirzwHO2i48jdoWGyWShJ3Dl-ojo8-chXEt7RfynCQ7zhyMqGadpinEE-HT6D_mhUKcapGJV1NG7xFNeGWjSx_agedM5RC_FTnE6OIQyJqmGOH3sLM5KOr8V7mNlyxNCZoyH3oBaPu4HoRDFOvGgetErTQnXmIbSLhjtq8UKz42h-9PoR0tCSp3hH5EejicdEhsYVaoYvXDnyoQ-h5eikHE2npEOP5oPeElf0onlYhFwW_PhyeKQxPUcYctlxH_oFx1JyxHmO5-ilbEFTEUezn0L4QkeYaBN1tGPwCa_QVAymZyLCePqgyFpS3IdH4i9yzmguCsX1IIy6oF1iaLmMnjJyhTb6I4zK4MbjbGiObg2uoPkDuxRa2fgk44Yf_Pg_9ByaCzGpwPGCJ-hrTAmPXHPwD-aDJ_iCWlJKNNRx6WgeCho79BSmkFGOE3qFf0FzbF10dGyOTx98PPh2PDfc1HiH5sxFHIpCOniT4vyguIHPGDe-5IVjJkQeSdWK80gf4lLwMpga22j0r7jSw0fLQ8ud406LM0cTKkGf48dVY3qkBu4hcmGJ-xiP5shzPMJcakh__EfzHRofdEfDH9eSRWg-KHoUH_cRnhmaMcRzNDHVoxeZ4-mON4f3HEcueUMvQ0xz_AqaPBxyvAjFr2huXBwH1UTDHx-Fpr5waHbQfEIe9Id7ok9mRNcH7SFCfS_2DT9x9WiOHj2acXGQaylaoXmi4DfW8oPlpYeOTyiZBZePfpnwHvJ4pOfxLNgNR1Ki42GKHI6zQM6LTznCx9oQpqJx4woacofDG30avMYjHn4U_Ca-GVqoJIpRI__RvKicEM1-dE-K63gQhiv6QVvzoaGiFe9gPFHwe-iTxRMaTtqgo9fQOEFz9Fki4a1w7rA0BjePZy3RJ0rRNPnwHk7MQ_2Bu2iaMEd4GffxHCf-If-gZXMRyvmCD2j2ZEPVkHiUmEevwcelRwhzQ_WRsw-8jEmDkoEvlkF3DVdSvMkupBeSMcuLZmQm4Tz-w6p25Dn0vEQukYrRUEYtvdiF-0au2MGVHZoPJkP8MBtOPmDqBE0k6_jxoskXodyDnkf6RYPXow8TAkQMkIpBJwByCAxtAFRGCUaAkwYgAoCDRAFGBBQgACYFO4YAJYAwyADCABKMAGOAEMIhRRQzjAMDgAEGEAGYoJAIyRBQCglggWCEUAAAokIIi4wUwADjBHBEGSgAMCAYIIBAxAiCICEACKEBEtoJYYAhCgBilBOCAUaIQEIpQQBgaiBCADAKQgYEBwI4BgQRACjDgTBYAhOIUUgpQpxRgCAjEBFAEAIMGUQ54ZgyAElGgASCMGaAIZAhAIgAQiIAAGBCGOWcMggBAQQRhghAiGAMEACJYgQBjoRikBBBAEFSKAMYAkIhIBgACCnBBBFAKIIMAEYSZAgUBhglhCMPWAMAUcaBoxRgVgjAGAJKcKUAMQwAQAQiRGAglBBQCECZhYABBwwV1gAhJGAeAAGMA0QBBIExAEgChTDEIUKMEAAACoAARgqiGCAMKGCAAAqQpQRQhhADEECUCAQgUEIMABxTDADAJATKICQIc4wIJQgQQBCBBANQGUAEIFwAI4hRRggqBBKGCIEAYQAIpJAASAIQjBDIEAOAMEIIioAQgihFgCHiACEoGUQQIJhhAABkHBXFEGoYIJwYIBQQCAEBPDgGOKwIAMQooQkiRipBkRJIIACEcwAhCpRiQngiDBGEECQEEAIgQ4AggBAFDoVCGQMEAUIoyBRASAnGHLBICSkAoIAgQKggghAgIGIAUMIIUEgJISBBAgkkiBISIIAYcIpYBQAzRBChgAGACESwMQIAIQARgCqkBABiASAEgkQJshgAAigAlFAEKMIRIAIQsYQiCgAAmAEKCmCUhBAqZZAABAklgDACMQeNYMAAJ7RQgADGBENCEIEEARZQkRBhgAEDMCIECcCIYYAohAggQCiEiDCIAWCANQQwARRQgggJAA"], "date": ["2015"], "genre": ["Pop Rock"], "musicbrainz_releasegroupid": ["73a6c7ae-0fd3-49dd-9a3a-d843ace27612"], "musicbrainz album type": ["Album"], "musicbrainz_recordingid": ["1f844918-9a96-4701-aaa0-9b5657db7f35"], "artistsort": ["Bon Jovi"], "musicbrainz album release country": ["XE"], "musicbrainz_albumartistid": ["5dcdb5eb-cb72-4e6e-9e63-b7bace604965"], "musicbrainz_albumid": ["99c93a91-58b7-418e-8ed1-df007bdc7438"], "artist": ["Bon Jovi"], "tracknumber": ["10/10"], "bpm": ["83.04"], "catalognumber": ["0602547508591"], "album": ["Burning Bridges"], "label": ["Mercury Records"], "acoustid_id": ["dbb64082-7eb3-409b-be5b-6ad77e906c19"], "musicbrainz_artistid": ["5dcdb5eb-cb72-4e6e-9e63-b7bace604965"], "file_name": "Bon Jovi - Burning Bridges.mp3"}}, "rhythm": {"bpm_histogram_first_peak_bpm": {"dmean2": 0, "median": 167, "min": 167, "dvar2": 0, "dvar": 0, "dmean": 0, "max": 167, "var": 0, "mean": 167}, "bpm": 165.465332031, "bpm_histogram_second_peak_spread": {"dmean2": 0, "median": 0.0309278462082, "min": 0.0309278462082, "dvar2": 0, "dvar": 0, "dmean": 0, "max": 0.0309278462082, "var": 0, "mean": 0.0309278462082}, "bpm_histogram_first_peak_weight": {"dmean2": 0, "median": 0.668151438236, "min": 0.668151438236, "dvar2": 0, "dvar": 0, "dmean": 0, "max": 0.668151438236, "var": 0, "mean": 0.668151438236}, "onset_rate": 3.27556753159, "beats_position": [0.371519267559, 0.754648506641, 1.1261677742, 1.49768710136, 1.8575963974, 2.21750569344, 2.57741498947, 2.92571425438, 3.27401351929, 3.62231278419, 3.99383211136, 4.34213161469, 4.7020406723, 5.06195020676, 5.42185926437, 5.78176879883, 6.14167785645, 6.5015873909, 6.87310647964, 7.24462556839, 7.60453510284, 7.95283412933, 8.31274318695, 8.67265319824, 9.03256225586, 9.39247131348, 9.76399040222, 10.1355104446, 10.4954195023, 10.8553285599, 11.2152376175, 11.5751476288, 11.9350566864, 12.294965744, 12.6664848328, 13.0263938904, 13.3863039017, 13.7462129593, 14.117732048, 14.4660310745, 14.8259410858, 15.1858501434, 15.545759201, 15.9056682587, 16.2771873474, 16.637096405, 16.99700737, 17.3569164276, 17.7168254852, 18.0767345428, 18.4482536316, 18.8081626892, 19.1680717468, 19.5279808044, 19.8878898621, 20.247800827, 20.6077098846, 20.9676189423, 21.339138031, 21.6990470886, 22.0589561462, 22.4072551727, 22.7671642303, 23.1270751953, 23.4869842529, 23.8585033417, 24.2300224304, 24.589931488, 24.9498405457, 25.2981395721, 25.6580486298, 26.0179595947, 26.3894786835, 26.7493877411, 27.1209068298, 27.4808158875, 27.8407249451, 28.2006340027, 28.5605430603, 28.9204521179, 29.2803630829, 29.6518821716, 30.0117912292, 30.3717002869, 30.7316093445, 31.0915184021, 31.4514274597, 31.8113365173, 32.1828575134, 32.542766571, 32.9026756287, 33.2625846863, 33.6224937439, 33.9824028015, 34.3423118591, 34.7022209167, 35.0737419128, 35.4336509705, 35.7935600281, 36.1534690857, 36.5133781433, 36.8732872009, 37.2331962585, 37.5931053162, 37.9530143738, 38.3245353699, 38.6844444275, 39.0443534851, 39.4042625427, 39.7641716003, 40.124080658, 40.4839897156, 40.8438987732, 41.2154197693, 41.5869369507, 41.9352378845, 42.2951469421, 42.6550559998, 43.0265769958, 43.3864860535, 43.7463951111, 44.1179122925, 44.4778213501, 44.8377304077, 45.1860313416, 45.5343284607, 45.9058494568, 46.2773704529, 46.6372795105, 46.9971885681, 47.3570976257, 47.7170066833, 48.0885238647, 48.4484329224, 48.80834198, 49.1682548523, 49.5281639099, 49.8996810913, 50.2595901489, 50.6194992065, 50.9794082642, 51.3393173218, 51.7108383179, 52.0707473755, 52.4306564331, 52.7789573669, 53.1504745483, 53.510383606, 53.8702926636, 54.2185935974, 54.5901107788, 54.9616317749, 55.3215408325, 55.6814498901, 56.0413589478, 56.3896598816, 56.7495689392, 57.1094779968, 57.457775116, 57.8176841736, 58.1892051697, 58.5607261658, 58.9206352234, 59.280544281, 59.6520614624, 60.01197052, 60.3718795776, 60.7317886353, 61.0916976929, 61.4516105652, 61.8115196228, 62.1830368042, 62.5429458618, 62.9028549194, 63.2627639771, 63.6226730347, 63.9825820923, 64.3424911499, 64.7024002075, 65.0623092651, 65.4338302612, 65.7937393188, 66.1536483765, 66.5019454956, 66.8734664917, 67.2333755493, 67.5932846069, 67.9531936646, 68.3131027222, 68.6846237183, 69.0445327759, 69.4044418335, 69.7643508911, 70.1242599487, 70.4841690063, 70.844078064, 71.2039871216, 71.5638961792, 71.9354171753, 72.2953262329, 72.6552352905, 73.0151443481, 73.3750534058, 73.7233581543, 74.094871521, 74.4663925171, 74.8263015747, 75.1862106323, 75.5577316284, 75.9060287476, 76.2775497437, 76.6258468628, 76.9857559204, 77.3572769165, 77.7171859741, 78.0770950317, 78.4486160278, 78.8085250854, 79.1568222046, 79.5167312622, 79.8766403198, 80.2481613159, 80.6080703735, 80.9679794312, 81.3278884888, 81.6877975464, 82.047706604, 82.4076156616, 82.7675247192, 83.1390457153, 83.4989547729, 83.870475769, 84.2303848267, 84.5902938843, 84.9502029419, 85.3101119995, 85.6700210571, 86.0299301147, 86.3898391724, 86.74974823, 87.1212692261, 87.4695663452, 87.8294754028, 88.1893844604, 88.5609054565, 88.9208145142, 89.2807235718, 89.6406326294, 90.000541687, 90.3720626831, 90.7319717407, 91.0918807983, 91.451789856, 91.8116989136, 92.1832199097, 92.5431289673, 92.9030380249, 93.2629470825, 93.6228561401, 93.9827651978, 94.3426742554, 94.7141952515, 95.0741043091, 95.4340133667, 95.7939224243, 96.1538314819, 96.525352478, 96.8852615356, 97.2451705933, 97.6050796509, 97.9649887085, 98.3248977661, 98.6848068237, 99.0447158813, 99.404624939, 99.7761459351, 100.124443054, 100.49596405, 100.855873108, 101.215782166, 101.575691223, 101.935600281, 102.307121277, 102.655418396, 103.026939392, 103.38684845, 103.746757507, 104.118278503, 104.478187561, 104.838096619, 105.209609985, 105.557914734, 105.917823792, 106.277732849, 106.626029968, 106.985939026, 107.357460022, 107.71736908, 108.077278137, 108.437187195, 108.797096252, 109.15700531, 109.516914368, 109.876823425, 110.248344421, 110.608253479, 110.968162537, 111.316459656, 111.687980652, 112.059501648, 112.419410706, 112.779319763, 113.139228821, 113.499137878, 113.870658875, 114.230567932, 114.59047699, 114.950386047, 115.310295105, 115.658592224, 116.018501282, 116.390022278, 116.749931335, 117.121452332, 117.481361389, 117.841270447, 118.201179504, 118.561088562, 118.932601929, 119.292518616, 119.652427673, 120.012336731, 120.372245789, 120.720542908, 121.092063904, 121.451972961, 121.811882019, 122.171791077, 122.543312073, 122.90322113, 123.263130188, 123.623039246, 123.982948303, 124.342857361, 124.702766418, 125.062675476, 125.434196472, 125.79410553, 126.154014587, 126.513923645, 126.873832703, 127.222129822, 127.582038879, 127.953559875, 128.325073242, 128.6849823, 129.044891357, 129.404800415, 129.764709473, 130.12461853, 130.496139526, 130.856048584, 131.215957642, 131.575866699, 131.935775757, 132.295684814, 132.655593872, 133.027114868, 133.398635864, 133.746932983, 134.095230103, 134.45513916, 134.815048218, 135.186569214, 135.55809021, 135.917999268, 136.277908325, 136.626205444, 136.986114502, 137.34602356, 137.717544556, 138.065841675, 138.437362671, 138.797271729, 139.157180786, 139.528701782, 139.88861084, 140.248519897, 140.608428955, 140.979949951, 141.339859009, 141.688156128, 142.048065186, 142.407974243, 142.779495239, 143.139404297, 143.499313354, 143.847610474, 144.21913147, 144.590652466, 144.950561523, 145.310470581, 145.670379639, 146.030288696, 146.390197754, 146.750106812, 147.110015869, 147.469924927, 147.841445923, 148.20135498, 148.561264038, 148.909561157, 149.281082153, 149.652603149, 150.012512207, 150.372421265, 150.743942261, 151.09223938, 151.452148438, 151.812057495, 152.171966553, 152.53187561, 152.891784668, 153.251693726, 153.611602783, 153.971511841, 154.31980896, 154.668121338, 155.028030396, 155.387939453, 155.736236572, 156.107757568, 156.479278564, 156.850784302, 157.210693359, 157.582214355, 157.96534729, 158.348480225, 158.743209839, 159.14956665, 159.567520142, 159.973876953, 160.380218506, 160.844619751, 161.309020996, 161.78503418, 162.261047363, 162.737045288, 163.201446533, 163.677459717], "beats_loudness": {"dmean2": 0.206549808383, "median": 0.0558760724962, "min": 1.08289679446e-08, "dvar2": 0.0126434769481, "dvar": 0.00392121868208, "dmean": 0.103215478361, "max": 0.29718670249, "var": 0.00498771946877, "mean": 0.0916620120406}, "danceability": 1.58678281307, "bpm_histogram_second_peak_weight": {"dmean2": 0, "median": 0.209354117513, "min": 0.209354117513, "dvar2": 0, "dvar": 0, "dmean": 0, "max": 0.209354117513, "var": 0, "mean": 0.209354117513}, "beats_count": 450, "bpm_histogram_second_peak_bpm": {"dmean2": 0, "median": 161, "min": 161, "dvar2": 0, "dvar": 0, "dmean": 0, "max": 161, "var": 0, "mean": 161}, "bpm_histogram_first_peak_spread": {"dmean2": 0, "median": 0, "min": 0, "dvar2": 0, "dvar": 0, "dmean": 0, "max": 0, "var": 0, "mean": 0}, "beats_loudness_band_ratio": {"dmean2": [1.25529515743, 0.18884550035, 0.163720324636, 0.304028302431, 0.311379373074, 0.384156137705], "median": [0.538234949112, 0.0293987356126, 0.0358543284237, 0.0729589015245, 0.0861341506243, 0.0397124178708], "min": [0.000623361498583, 0.00117201614194, 0.000924721651245, 0.00190975377336, 0.00153524870984, 0.00082450528862], "dvar2": [0.10710811615, 0.0274877697229, 0.019827241078, 0.0550906583667, 0.0312628559768, 0.0266421828419], "dvar": [0.0322651490569, 0.00851194374263, 0.00638403138146, 0.0186746027321, 0.0111564965919, 0.00781065691262], "dmean": [0.627457380295, 0.0953189134598, 0.083525955677, 0.15527176857, 0.158121839166, 0.192665368319], "max": [0.988612830639, 0.563954651356, 0.547082066536, 0.780608057976, 0.907391726971, 0.554255187511], "var": [0.11886395514, 0.00666970247403, 0.00534767657518, 0.0163531657308, 0.0168064497411, 0.0131365079433], "mean": [0.568091750145, 0.0620316155255, 0.0593694485724, 0.109558723867, 0.116056554019, 0.105628728867]}}, "lowlevel": {"barkbands_spread": {"dmean2": 10.6829328537, "median": 28.0822563171, "min": 0.654482483864, "dvar2": 134.155502319, "dvar": 63.9308280945, "dmean": 7.12117862701, "max": 106.593162537, "var": 275.035644531, "mean": 30.3506793976}, "melbands_spread": {"dmean2": 15.1642723083, "median": 32.7126922607, "min": 0.484150707722, "dvar2": 352.625732422, "dvar": 187.476333618, "dmean": 10.2849903107, "max": 198.684188843, "var": 797.02557373, "mean": 36.8929748535}, "hfc": {"dmean2": 13.9497928619, "median": 27.9206104279, "min": 1.13410869199e-16, "dvar2": 438.134521484, "dvar": 233.20262146, "dmean": 10.542301178, "max": 230.17276001, "var": 849.33996582, "mean": 34.9282150269}, "barkbands_kurtosis": {"dmean2": 6.34516048431, "median": -0.00919112656265, "min": -1.88752400875, "dvar2": 300.798309326, "dvar": 122.867370605, "dmean": 4.00452899933, "max": 219.288635254, "var": 178.265182495, "mean": 4.09566068649}, "gfcc": {"mean": [21.6946086884, 65.3742828369, -115.953170776, 36.3674087524, -44.5038948059, 31.8513641357, -34.0324440002, 5.63126468658, -22.8879642487, 0.357297092676, -18.7253494263, 1.80671644211, -12.7218093872], "icov": [[9.77007002803e-05, -5.63760659134e-05, 0.000158035021741, -0.000179600989213, 0.000136408765684, -0.000337485776981, 0.000226477830438, -0.000308473943733, 7.57564848755e-05, -9.22789258766e-05, 0.000300888583297, -0.000256759376498, 0.000318695587339], [-5.63760659134e-05, 0.00183875835501, 0.000268264615443, 0.000223682567594, -0.000897475285456, 0.00055511057144, -0.000682184589095, 0.00011847980204, -0.00047331006499, 0.00146402965765, -0.00257779983804, 0.00266439490952, -0.00183885486331], [0.000158035021741, 0.000268264615443, 0.00208295346238, -0.000817557389382, -0.000250303477515, -0.00104130338877, -0.000114101654617, -0.000821687746793, 0.000104664679384, -0.000825012510177, 0.000322509906255, -0.000446644873591, 0.000566610600799], [-0.000179600989213, 0.000223682567594, -0.000817557389382, 0.0044785477221, -0.00130226102192, 0.00058643927332, 0.000489816593472, 0.00112565595191, -0.0013923344668, 0.000625164306257, -0.000861972628627, -0.000505631731357, -0.00150552822743], [0.000136408765684, -0.000897475285456, -0.000250303477515, -0.00130226102192, 0.00486521655694, -0.000790835532825, -0.00079596741125, -0.001165272668, -0.0011198266875, -0.000791592989117, 0.000261286215391, -0.00175155687612, -5.62741297472e-05], [-0.000337485776981, 0.00055511057144, -0.00104130338877, 0.00058643927332, -0.000790835532825, 0.00892754271626, -0.00444179680198, 0.00156829948537, 0.00106112554204, -0.00025485776132, -0.00212901365012, 0.00270602270029, -0.00308334478177], [0.000226477830438, -0.000682184589095, -0.000114101654617, 0.000489816593472, -0.00079596741125, -0.00444179680198, 0.00966809131205, -0.00537765864283, 0.00229492341168, 0.000178092217539, -0.00105971796438, -0.00167503068224, 0.00116091535892], [-0.000308473943733, 0.00011847980204, -0.000821687746793, 0.00112565595191, -0.001165272668, 0.00156829948537, -0.00537765864283, 0.015051310882, -0.00718894321471, 0.00290637882426, 0.00147951999679, 0.000803475268185, 0.00073582486948], [7.57564848755e-05, -0.00047331006499, 0.000104664679384, -0.0013923344668, -0.0011198266875, 0.00106112554204, 0.00229492341168, -0.00718894321471, 0.0117415348068, -0.00308553036302, -0.0015673545422, 0.00153520400636, -0.00119201804046], [-9.22789258766e-05, 0.00146402965765, -0.000825012510177, 0.000625164306257, -0.000791592989117, -0.00025485776132, 0.000178092217539, 0.00290637882426, -0.00308553036302, 0.0116769000888, -0.0033157102298, 0.00070951320231, 0.00151362339966], [0.000300888583297, -0.00257779983804, 0.000322509906255, -0.000861972628627, 0.000261286215391, -0.00212901365012, -0.00105971796438, 0.00147951999679, -0.0015673545422, -0.0033157102298, 0.0197031199932, -0.00780634349212, 0.000864232541062], [-0.000256759376498, 0.00266439490952, -0.000446644873591, -0.000505631731357, -0.00175155687612, 0.00270602270029, -0.00167503068224, 0.000803475268185, 0.00153520400636, 0.00070951320231, -0.00780634349212, 0.0195285212249, -0.00649506552145], [0.000318695587339, -0.00183885486331, 0.000566610600799, -0.00150552822743, -5.62741297472e-05, -0.00308334478177, 0.00116091535892, 0.00073582486948, -0.00119201804046, 0.00151362339966, 0.000864232541062, -0.00649506552145, 0.0228248443455]], "cov": [[15636.7714844, -379.867645264, -979.258361816, 157.502578735, -557.24609375, 150.510238647, -336.452850342, 73.2797698975, -107.446716309, -37.7777786255, -283.227416992, -27.0805873871, -180.616043091], [-379.867645264, 1219.38244629, -113.938804626, 34.550201416, 281.596405029, 46.6259536743, 166.079345703, 118.219726563, 124.426757813, -115.968238831, 129.574859619, -67.5932617188, 93.4318695068], [-979.258361816, -113.938804626, 742.447692871, 131.113479614, 161.363082886, 99.7361907959, 103.355819702, 54.2551994324, 48.4812011719, 69.0121307373, 35.1868400574, 41.3975830078, 9.97943973541], [157.502578735, 34.550201416, 131.113479614, 324.610015869, 128.632781982, 3.66946268082, -4.91937589645, 16.3668479919, 67.0565109253, 14.2161035538, 31.9852027893, 35.9541473389, 30.8555927277], [-557.24609375, 281.596405029, 161.363082886, 128.632781982, 402.115081787, 64.0174942017, 124.331008911, 92.8669509888, 106.125358582, 8.37349128723, 69.2177658081, 29.6598949432, 46.0740890503], [150.510238647, 46.6259536743, 99.7361907959, 3.66946268082, 64.0174942017, 198.597595215, 113.65272522, 21.1885528564, -14.0374851227, 5.39891147614, 27.7501926422, 3.3287358284, 18.7485332489], [-336.452850342, 166.079345703, 103.355819702, -4.91937589645, 124.331008911, 113.65272522, 234.655715942, 85.0077514648, 17.4301490784, -15.8477478027, 43.8016662598, 10.3610029221, 19.4226589203], [73.2797698975, 118.219726563, 54.2551994324, 16.3668479919, 92.8669509888, 21.1885528564, 85.0077514648, 146.911941528, 84.1067504883, -17.7696723938, 9.34810829163, -7.29212141037, 5.40705251694], [-107.446716309, 124.426757813, 48.4812011719, 67.0565109253, 106.125358582, -14.0374851227, 17.4301490784, 84.1067504883, 168.528030396, 19.3412914276, 25.8876552582, -4.76099872589, 14.6951742172], [-37.7777786255, -115.968238831, 69.0121307373, 14.2161035538, 8.37349128723, 5.39891147614, -15.8477478027, -17.7696723938, 19.3412914276, 118.792861938, 12.6710863113, 12.0945854187, -11.3677167892], [-283.227416992, 129.574859619, 35.1868400574, 31.9852027893, 69.2177658081, 27.7501926422, 43.8016662598, 9.34810829163, 25.8876552582, 12.6710863113, 90.4726257324, 26.8706550598, 21.7524662018], [-27.0805873871, -67.5932617188, 41.3975830078, 35.9541473389, 29.6598949432, 3.3287358284, 10.3610029221, -7.29212141037, -4.76099872589, 12.0945854187, 26.8706550598, 81.9184341431, 17.7500190735], [-180.616043091, 93.4318695068, 9.97943973541, 30.8555927277, 46.0740890503, 18.7485332489, 19.4226589203, 5.40705251694, 14.6951742172, -11.3677167892, 21.7524662018, 17.7500190735, 62.8812484741]]}, "spectral_energyband_middle_low": {"dmean2": 0.0046735489741, "median": 0.00621567387134, "min": 3.1405776949e-22, "dvar2": 4.13600791944e-05, "dvar": 1.68724163814e-05, "dmean": 0.00295860809274, "max": 0.0557345487177, "var": 3.61303245882e-05, "mean": 0.00754873547703}, "melbands_crest": {"dmean2": 5.49044513702, "median": 13.0170021057, "min": 2.06247901917, "dvar2": 23.9264278412, "dvar": 11.3132963181, "dmean": 3.62079668045, "max": 36.4329414368, "var": 50.5899505615, "mean": 14.5929899216}, "spectral_kurtosis": {"dmean2": 1.56029605865, "median": 3.177993536, "min": -1.22702002525, "dvar2": 3.06121301651, "dvar": 1.16422367096, "dmean": 0.968192875385, "max": 24.3805847168, "var": 4.5498585701, "mean": 3.51911473274}, "spectral_rms": {"dmean2": 0.00151788990479, "median": 0.00543901696801, "min": 3.17732125332e-12, "dvar2": 4.1128578232e-06, "dvar": 2.38328789237e-06, "dmean": 0.00110796722583, "max": 0.0181154981256, "var": 8.82439326233e-06, "mean": 0.00571256689727}, "zerocrossingrate": {"dmean2": 0.0148952016607, "median": 0.06884765625, "min": 0.0029296875, "dvar2": 0.00035248833592, "dvar": 0.000306862260913, "dmean": 0.0140635082498, "max": 0.49951171875, "var": 0.00273143104278, "mean": 0.0816552713513}, "silence_rate_60dB": {"dmean2": 0.00791855249554, "median": 0, "min": 0, "dvar2": 0.00926837977022, "dvar": 0.00394264468923, "dmean": 0.00395871605724, "max": 1, "var": 0.0537244528532, "mean": 0.0569691844285}, "erbbands_kurtosis": {"dmean2": 1.45752811432, "median": 0.45506387949, "min": -1.51259338856, "dvar2": 7.35203886032, "dvar": 2.99476742744, "dmean": 0.950612902641, "max": 73.7260360718, "var": 8.8248128891, "mean": 1.11085140705}, "erbbands": {"dmean2": [1.10893678665, 3.66584229469, 6.31720590591, 6.03005170822, 8.12883472443, 5.31775188446, 4.3435587883, 5.90773248672, 9.88798809052, 8.94669818878, 14.9750070572, 20.4471321106, 21.891702652, 38.6005477905, 30.0306739807, 32.2147789001, 37.9950637817, 34.7528114319, 53.417350769, 45.2116127014, 35.785785675, 31.9274978638, 24.5945606232, 15.3612394333, 14.4166707993, 12.3858003616, 13.9145174026, 14.3675460815, 12.7299442291, 13.1207141876, 10.1437730789, 5.55894708633, 3.34243392944, 1.67209565639, 1.05423557758, 0.407450437546, 0.127305209637, 0.0453899055719, 0.00367706385441, 0.000132839093567], "median": [0.0725727006793, 0.957700073719, 2.59686088562, 4.03783082962, 5.52797794342, 3.41735744476, 2.45789146423, 3.67333316803, 4.68077039719, 3.66552567482, 4.38308238983, 8.25518608093, 8.53758335114, 16.7476577759, 20.9279899597, 25.8832950592, 26.2592773438, 20.7693328857, 32.4206237793, 25.429473877, 23.5517730713, 18.3739433289, 13.5541248322, 10.5095939636, 10.7861633301, 7.44673728943, 6.95196199417, 4.9017572403, 4.7168970108, 4.46870517731, 4.29482316971, 2.31080055237, 1.60896682739, 0.536321163177, 0.311800539494, 0.0876773446798, 0.0331516303122, 0.0089486213401, 0.000422910845373, 5.90898562223e-05], "min": [5.97344612043e-22, 4.63567040235e-21, 9.23694980138e-21, 4.08024770159e-20, 3.86863616009e-20, 1.05486123605e-19, 2.9871425454e-19, 1.81593195846e-19, 6.07057408397e-19, 1.26170055288e-18, 9.23690049366e-19, 9.45589242493e-19, 1.41718269409e-18, 1.73190082553e-18, 3.42746588151e-18, 2.39781399567e-18, 2.50991744139e-18, 4.44101648992e-18, 5.25312421735e-18, 4.5786870544e-18, 7.10064162807e-18, 5.41176670549e-18, 1.21664305298e-17, 9.58543511271e-18, 1.02479662515e-17, 1.41834111918e-17, 1.42206177758e-17, 1.38407243261e-17, 1.52703116275e-17, 2.09904508517e-17, 1.51343826918e-17, 1.22347506853e-17, 1.53055048538e-17, 1.35830046257e-17, 7.92214530008e-18, 5.37794990769e-18, 2.7468060456e-18, 1.19665820394e-18, 2.82302189855e-19, 3.32236382174e-20], "dvar2": [9.23595619202, 70.2117080688, 231.198638916, 99.7593307495, 168.023239136, 76.190826416, 118.733596802, 180.317565918, 501.322814941, 568.125671387, 1970.47558594, 2170.85986328, 2353.72167969, 7933.69726563, 3513.53320313, 3520.33154297, 5097.17578125, 3929.10400391, 8289.92382813, 7244.15478516, 3962.85888672, 3492.07958984, 11295.3193359, 1284.47607422, 666.04876709, 684.044799805, 1184.33605957, 1161.79492188, 706.039245605, 819.37512207, 474.311248779, 143.136535645, 58.3412742615, 15.7630977631, 4.54713869095, 0.850584566593, 0.0968978255987, 0.0169947296381, 0.000118681200547, 1.32539298647e-07], "dvar": [3.69533324242, 31.984249115, 82.8275222778, 36.7146224976, 61.6712379456, 30.7235984802, 43.6246757507, 70.1990966797, 215.547668457, 252.974899292, 876.670288086, 969.920166016, 1051.88818359, 3943.74829102, 1647.01672363, 1533.98400879, 2015.90673828, 1578.27880859, 3471.1706543, 3094.37890625, 1953.44702148, 1795.37255859, 4017.8503418, 535.159484863, 294.137573242, 295.958068848, 512.809997559, 539.263122559, 319.310333252, 391.668060303, 229.206207275, 68.3591842651, 27.1513538361, 7.63024711609, 2.18933963776, 0.4110417068, 0.0445441044867, 0.00684208748862, 4.49407198175e-05, 4.98221872647e-08], "dmean": [0.682512044907, 2.40979623795, 3.60824418068, 3.53796958923, 4.86021327972, 3.25317716599, 2.63037991524, 3.71897506714, 6.51149654388, 5.87458133698, 9.86527442932, 13.3831129074, 14.4628553391, 26.1531448364, 20.2941856384, 21.1758422852, 24.2495937347, 21.5599441528, 33.3453216553, 29.0044689178, 24.0858097076, 21.8662834167, 15.8918323517, 9.88052845001, 9.44900989532, 8.25086784363, 9.35673713684, 9.68308544159, 8.57277774811, 8.93387699127, 6.92442321777, 3.79833555222, 2.31647562981, 1.19744646549, 0.738246798515, 0.284683018923, 0.0884533822536, 0.0294281113893, 0.00217870669439, 8.22052315925e-05], "max": [16.0205612183, 54.6661682129, 108.160552979, 83.2868270874, 104.328857422, 114.247253418, 120.470283508, 148.849121094, 319.272766113, 420.240905762, 743.228942871, 710.169128418, 681.860046387, 1264.64050293, 1097.18310547, 852.383789063, 947.489929199, 962.192504883, 1577.83081055, 1134.88562012, 802.422424316, 1348.48962402, 3014.49047852, 774.758422852, 331.046173096, 409.945007324, 709.785888672, 622.451538086, 277.082458496, 390.943786621, 405.080108643, 194.048171997, 143.50769043, 58.834941864, 22.8818721771, 16.9437561035, 3.26177549362, 1.34208571911, 0.101217724383, 0.00420662807301], "var": [4.21798276901, 42.3690109253, 60.9479751587, 41.1625709534, 97.0102310181, 60.4768600464, 44.8483161926, 97.3980178833, 528.967224121, 482.33505249, 1584.00012207, 1961.11779785, 2665.6784668, 12632.09375, 5425.74316406, 3397.11816406, 3680.42504883, 3131.41186523, 6434.71923828, 6269.77685547, 6825.18310547, 7240.59277344, 6866.55517578, 973.224060059, 599.616149902, 561.931762695, 835.783630371, 1073.08654785, 728.33605957, 931.872253418, 571.020446777, 157.990570068, 63.7985496521, 17.5664577484, 4.95214033127, 0.866374433041, 0.0689207389951, 0.00743119046092, 3.95056922571e-05, 4.66182008552e-08], "mean": [0.765873908997, 3.05137848854, 4.54827976227, 5.7594628334, 8.61681747437, 5.80900907516, 4.23611879349, 6.65750741959, 11.9799747467, 10.0602779388, 15.8380451202, 22.6237888336, 26.877248764, 52.0030555725, 43.3846168518, 43.8716430664, 45.7114868164, 40.6350708008, 59.7084884644, 54.9278755188, 53.4927902222, 49.2763290405, 32.2582244873, 19.830406189, 19.3346748352, 16.1184463501, 17.0068359375, 17.5050010681, 16.4109973907, 16.3891410828, 13.3918247223, 7.1860704422, 4.47654247284, 2.10333251953, 1.34235930443, 0.476695686579, 0.129133656621, 0.0371981076896, 0.0022150259465, 0.000120097865874]}, "spectral_strongpeak": {"dmean2": 0.998494684696, "median": 0.433482170105, "min": 0, "dvar2": 2.82794928551, "dvar": 1.12108874321, "dmean": 0.581876635551, "max": 22.9448127747, "var": 2.00386452675, "mean": 0.944579780102}, "spectral_energy": {"dmean2": 0.0263384450227, "median": 0.0303224809468, "min": 1.03477540054e-20, "dvar2": 0.00243181549013, "dvar": 0.00123009039089, "dmean": 0.0184905603528, "max": 0.336375594139, "var": 0.00237533147447, "mean": 0.0424941815436}, "average_loudness": 0.971241652966, "spectral_rolloff": {"dmean2": 1050.75085449, "median": 1765.72265625, "min": 64.599609375, "dvar2": 2423606.25, "dvar": 1222564.375, "dmean": 679.153198242, "max": 18992.2851563, "var": 4243731.5, "mean": 2258.7355957}, "spectral_centroid": {"dmean2": 387.871032715, "median": 1708.00439453, "min": 309.710784912, "dvar2": 200806.328125, "dvar": 107955.890625, "dmean": 267.786987305, "max": 11237.8349609, "var": 525763, "mean": 1765.38757324}, "pitch_salience": {"dmean2": 0.111509911716, "median": 0.574827075005, "min": 0.0592227317393, "dvar2": 0.0106025962159, "dvar": 0.00508718006313, "dmean": 0.0732723623514, "max": 0.870742678642, "var": 0.0205371975899, "mean": 0.548109352589}, "spectral_energyband_middle_high": {"dmean2": 0.00400399183854, "median": 0.00743018696085, "min": 1.19194757272e-21, "dvar2": 2.69688043772e-05, "dvar": 1.32651148306e-05, "dmean": 0.00276508554816, "max": 0.0598957799375, "var": 5.80407431698e-05, "mean": 0.00931364111602}, "spectral_contrast_coeffs": {"dmean2": [0.0813817754388, 0.0702621936798, 0.0570768155158, 0.049019061029, 0.035627450794, 0.0294102281332], "median": [-0.658937931061, -0.740845620632, -0.762293457985, -0.773705601692, -0.79046690464, -0.750030040741], "min": [-0.973765492439, -0.965907394886, -0.959780752659, -0.962139546871, -0.96315318346, -0.962261259556], "dvar2": [0.00469753798097, 0.00347039406188, 0.0020597553812, 0.00149473792408, 0.000842674286105, 0.000662773149088], "dvar": [0.00167992489878, 0.00131223641802, 0.000839991203975, 0.00059286976466, 0.000374309980543, 0.000293917604722], "dmean": [0.048635199666, 0.0440184548497, 0.0362137928605, 0.0300566051155, 0.0225717760623, 0.0186662301421], "max": [-0.388189047575, -0.501440703869, -0.508982241154, -0.534480690956, -0.553522288799, -0.611575126648], "var": [0.00543067185208, 0.0046636085026, 0.00412833644077, 0.00254027172923, 0.00233371322975, 0.00182910833973], "mean": [-0.658609688282, -0.73818141222, -0.758236408234, -0.771249592304, -0.78405970335, -0.753386974335]}, "melbands_skewness": {"dmean2": 1.37381875515, "median": 1.90717041492, "min": -2.13220620155, "dvar2": 3.24054551125, "dvar": 1.59402239323, "dmean": 0.950320482254, "max": 18.8914604187, "var": 6.12086439133, "mean": 2.65933179855}, "spectral_spread": {"dmean2": 706612.25, "median": 4888229.5, "min": 1280119.875, "dvar2": 827216166912, "dvar": 435352567808, "dmean": 500920.5625, "max": 40858476, "var": 2584086315010.0, "mean": 5075903.5}, "dissonance": {"dmean2": 0.0204787515104, "median": 0.482170879841, "min": 0.310132324696, "dvar2": 0.000482247705804, "dvar": 0.000175968758413, "dmean": 0.0121747590601, "max": 0.499999880791, "var": 0.000341754057445, "mean": 0.477239012718}, "spectral_skewness": {"dmean2": 0.246445909142, "median": 1.424710989, "min": -0.0133914509788, "dvar2": 0.0547885447741, "dvar": 0.026006732136, "dmean": 0.16058588028, "max": 3.86815214157, "var": 0.142415419221, "mean": 1.42199623585}, "spectral_flux": {"dmean2": 0.0488192886114, "median": 0.088820964098, "min": 6.79287598393e-11, "dvar2": 0.00482375361025, "dvar": 0.00234632310458, "dmean": 0.0336184501648, "max": 0.53910279274, "var": 0.00554362405092, "mean": 0.10403971374}, "spectral_contrast_valleys": {"dmean2": [0.634727597237, 0.535542190075, 0.481919676065, 0.414022833109, 0.341801851988, 0.357216328382], "median": [-6.89771461487, -6.98089599609, -7.05187368393, -6.99995231628, -7.15559959412, -9.5827589035], "min": [-27.496006012, -27.6106204987, -27.5228672028, -27.3563270569, -27.2267990112, -27.3394737244], "dvar2": [0.334191679955, 0.216594368219, 0.187234058976, 0.155743077397, 0.138285949826, 0.163075536489], "dvar": [0.162349998951, 0.0998305678368, 0.0907545164227, 0.0823582410812, 0.0832209214568, 0.107623018324], "dmean": [0.393842548132, 0.343196302652, 0.313715934753, 0.271198004484, 0.241449341178, 0.283007025719], "max": [-5.17202138901, -5.11774301529, -5.43334627151, -5.37036991119, -5.4334936142, -7.37693357468], "var": [1.72792184353, 1.56369554996, 1.70455086231, 1.69865298271, 1.67027878761, 1.75368118286], "mean": [-7.20185232162, -7.19050359726, -7.24880647659, -7.18357658386, -7.35029220581, -9.68012714386]}, "erbbands_flatness_db": {"dmean2": 0.0214795805514, "median": 0.131956130266, "min": 0.0245652012527, "dvar2": 0.000390024884837, "dvar": 0.000213972030906, "dmean": 0.015265841037, "max": 0.379384100437, "var": 0.00168097438291, "mean": 0.135916307569}, "spectral_energyband_high": {"dmean2": 0.001259433222, "median": 0.000761288567446, "min": 7.4352801492e-21, "dvar2": 6.67625818096e-06, "dvar": 3.56134455615e-06, "dmean": 0.00095716357464, "max": 0.0332278609276, "var": 1.06216784843e-05, "mean": 0.00216302415356}, "spectral_entropy": {"dmean2": 0.168891534209, "median": 7.86334514618, "min": 5.48296785355, "dvar2": 0.0327100157738, "dvar": 0.0179670415819, "dmean": 0.1207