{"tonal": {"thpcp": [1, 0.675840675831, 0.433236479759, 0.379923790693, 0.267749398947, 0.253313422203, 0.299308568239, 0.312257051468, 0.498417377472, 0.619156718254, 0.40339115262, 0.243877902627, 0.238399341702, 0.273166954517, 0.62116765976, 0.965076327324, 0.69125187397, 0.324337810278, 0.213552862406, 0.157496064901, 0.238734409213, 0.398336410522, 0.443469822407, 0.616665840149, 0.738557755947, 0.483669430017, 0.304730951786, 0.277762293816, 0.257995456457, 0.432765871286, 0.557530403137, 0.419784158468, 0.334685474634, 0.337833195925, 0.377227216959, 0.748139202595], "hpcp": {"dmean2": [0.38420945406, 0.317611962557, 0.247309371829, 0.213510096073, 0.180450901389, 0.179274484515, 0.202103689313, 0.203560322523, 0.238211899996, 0.25523391366, 0.207755073905, 0.160374581814, 0.150787398219, 0.169114693999, 0.260398119688, 0.293849885464, 0.280493915081, 0.213259652257, 0.14707005024, 0.111524105072, 0.121592320502, 0.162446737289, 0.191781654954, 0.255531549454, 0.277318447828, 0.22597014904, 0.199013411999, 0.184204012156, 0.161688119173, 0.197770938277, 0.213355064392, 0.188401758671, 0.189745157957, 0.210048556328, 0.25929376483, 0.357125997543], "median": [0.092242822051, 0.0688073188066, 0.0249268170446, 0.0178297534585, 0.0157223977149, 0.0173740629107, 0.0193216297776, 0.0243219640106, 0.0441899970174, 0.0552659407258, 0.0375897586346, 0.0203688368201, 0.0186929497868, 0.0218050815165, 0.0589864253998, 0.0929921716452, 0.0755363330245, 0.0271678157151, 0.0136996479705, 0.00918455794454, 0.0178557187319, 0.0306971669197, 0.0410094000399, 0.0600783675909, 0.0731902867556, 0.0486153736711, 0.0205270648003, 0.0165714770555, 0.0168120004237, 0.0233412012458, 0.0298097357154, 0.0256682671607, 0.0189249571413, 0.0183487161994, 0.0242241881788, 0.0620956085622], "min": [0, 0, 0, 0, 0, 0, 0, 0, 0, 0, 0, 0, 0, 0, 0, 0, 0, 0, 0, 0, 0, 0, 0, 0, 0, 0, 0, 0, 0, 0, 0, 0, 0, 0, 0, 0], "dvar2": [0.205947339535, 0.162553533912, 0.15824405849, 0.129852607846, 0.109914407134, 0.104772008955, 0.133002728224, 0.11270236969, 0.130385935307, 0.136921197176, 0.111537367105, 0.0962300151587, 0.0850244536996, 0.0884799435735, 0.12669660151, 0.13318683207, 0.125601023436, 0.128914222121, 0.0827357545495, 0.0590221956372, 0.0533150061965, 0.0776290297508, 0.0849697068334, 0.124608822167, 0.123377136886, 0.110608190298, 0.123887166381, 0.122374981642, 0.0914619415998, 0.103717423975, 0.109449289739, 0.0937918275595, 0.108961105347, 0.133439540863, 0.147915154696, 0.21283391118], "dvar": [0.0794891864061, 0.0581205189228, 0.0579254999757, 0.0478855222464, 0.0383957773447, 0.0367640145123, 0.046487018466, 0.0391139686108, 0.0482810884714, 0.055210981518, 0.0411765500903, 0.0338296107948, 0.0304114222527, 0.0319325476885, 0.0477351695299, 0.0627288296819, 0.0492556430399, 0.0458143092692, 0.0295898243785, 0.0210134815425, 0.0199997331947, 0.0310700070113, 0.0330851636827, 0.0491977892816, 0.0523135326803, 0.0401695594192, 0.0440521463752, 0.0427046231925, 0.032351590693, 0.040146689862, 0.0456711761653, 0.0356739163399, 0.0405016615987, 0.047679964453, 0.052304636687, 0.0764559879899], "dmean": [0.215808779001, 0.17991155386, 0.137158200145, 0.117237664759, 0.0979739353061, 0.0959801897407, 0.107979305089, 0.110605224967, 0.135159492493, 0.146348997951, 0.117080241442, 0.0870908349752, 0.0821423754096, 0.0943683758378, 0.149335741997, 0.173889756203, 0.163757786155, 0.116774134338, 0.0801860168576, 0.060848440975, 0.0694048032165, 0.0957912281156, 0.111901268363, 0.148317739367, 0.161195352674, 0.130655482411, 0.109234265983, 0.10073877126, 0.0888510495424, 0.113487295806, 0.124506033957, 0.108776971698, 0.105275087059, 0.114126116037, 0.140308141708, 0.198075607419], "max": [1, 1, 1, 1, 1, 1, 1, 1, 1, 1, 1, 1, 1, 1, 1, 1, 1, 1, 1, 1, 1, 1, 1, 1, 1, 1, 1, 1, 1, 1, 1, 1, 1, 1, 1, 1], "var": [0.12560684979, 0.0648589357734, 0.0571697875857, 0.0523990951478, 0.0290113929659, 0.0262203160673, 0.0367934331298, 0.0299553032964, 0.0534697212279, 0.0766277462244, 0.0379161722958, 0.0232034474611, 0.0227138362825, 0.0253465734422, 0.0635670721531, 0.125096857548, 0.0656507015228, 0.032712303102, 0.0206897817552, 0.0143609195948, 0.0193672087044, 0.0429151020944, 0.0424793921411, 0.0697230026126, 0.0876190066338, 0.0429160706699, 0.0330673679709, 0.0309854727238, 0.0247580744326, 0.0524551570415, 0.0785912796855, 0.0455383062363, 0.0412691943347, 0.0440136380494, 0.0427637211978, 0.0857922807336], "mean": [0.291580706835, 0.19706210494, 0.126323401928, 0.110778450966, 0.0780705586076, 0.0738613083959, 0.0872726067901, 0.0910481289029, 0.145328894258, 0.180534154177, 0.117621079087, 0.0711100921035, 0.0695126503706, 0.0796502158046, 0.181120499969, 0.281397640705, 0.201555714011, 0.0945706441998, 0.062267895788, 0.0459228157997, 0.069610349834, 0.116147212684, 0.129307240248, 0.179807856679, 0.215349197388, 0.141028672457, 0.0888536646962, 0.0809901282191, 0.0752265006304, 0.126186177135, 0.162565112114, 0.122400961816, 0.0975878238678, 0.0985056385398, 0.109992176294, 0.218142956495]}, "tuning_equal_tempered_deviation": 0.0213383343071, "chords_changes_rate": 0.0508900918067, "key_key": "D", "tuning_diatonic_strength": 0.55194580555, "key_scale": "minor", "chords_number_rate": 0.00174148601945, "tuning_frequency": 439.491973877, "tuning_nontempered_energy_ratio": 0.705962061882, "chords_histogram": [45.123840332, 21.4783287048, 6.17260074615, 2.59287929535, 0.503095984459, 7.43034076691, 1.21904027462, 2.28328180313, 0.270897835493, 0.638544917107, 1.50928795338, 0, 0, 0, 0, 0.348297208548, 0, 0, 0.0580495372415, 0, 0, 0, 9.69427204132, 0.677244603634], "key_strength": 0.739537894726, "chords_key": "D", "chords_strength": {"dmean2": 0.0108981244266, "median": 0.550337910652, "min": 0.235908538103, "dvar2": 8.53696546983e-05, "dvar": 6.42569502816e-05, "dmean": 0.0098075484857, "max": 0.785544037819, "var": 0.00989424996078, "mean": 0.550117135048}, "chords_scale": "minor", "hpcp_entropy": {"dmean2": 1.17952799797, "median": 2.07096338272, "min": 0, "dvar2": 0.837349891663, "dvar": 0.313193023205, "dmean": 0.696396052837, "max": 4.45563650131, "var": 0.568961203098, "mean": 2.09889745712}}, "metadata": {"audio_properties": {"equal_loudness": 0, "codec": "flac", "downmix": "mix", "sample_rate": 44100, "analysis_sample_rate": 44100, "bit_rate": 0, "md5_encoded": "712cbaf95d30722172a613750f6a8156", "length": 239.946670532, "replay_gain": -15.8381147385, "lossless": true}, "version": {"essentia_build_sha": "2d9f1f26377add8aeb1075a9c2973f962c4f09fd", "essentia": "2.1-beta2", "extractor": "music 1.0", "essentia_git_sha": "v2.1_beta2-1-ge3940c0"}, "tags": {"title": ["Not Over"], "artist": ["Bag Raiders"], "date": ["2010-10-01"], "file_name": "07 - Not Over.flac", "album": ["Bag Raiders"], "tracknumber": ["7"], "musicbrainz_recordingid": ["1f8c9dff-944a-45bd-a446-7039a27d5fff"], "totaltracks": ["11"]}}, "rhythm": {"bpm_histogram_first_peak_bpm": {"dmean2": 0, "median": 115, "min": 115, "dvar2": 0, "dvar": 0, "dmean": 0, "max": 115, "var": 0, "mean": 115}, "bpm": 113.969566345, "bpm_histogram_second_peak_spread": {"dmean2": 0, "median": 0.285714298487, "min": 0.285714298487, "dvar2": 0, "dvar": 0, "dmean": 0, "max": 0.285714298487, "var": 0, "mean": 0.285714298487}, "bpm_histogram_first_peak_weight": {"dmean2": 0, "median": 0.554585158825, "min": 0.554585158825, "dvar2": 0, "dvar": 0, "dmean": 0, "max": 0.554585158825, "var": 0, "mean": 0.554585158825}, "onset_rate": 5.48826313019, "beats_position": [0.557278871536, 1.1261677742, 1.70666658878, 2.2523355484, 2.79800438881, 3.32045340538, 3.85451245308, 4.38857126236, 4.91102027893, 5.4334692955, 5.9675283432, 6.48997735977, 7.01242637634, 7.5464849472, 8.06893444061, 8.59138298035, 9.12544155121, 9.64789104462, 10.1703395844, 10.7043991089, 11.2268476486, 11.749297142, 12.2833557129, 12.8058052063, 13.328253746, 13.8623123169, 14.3847618103, 14.90721035, 15.4412698746, 15.9637184143, 16.4861679077, 17.0086174011, 17.5310649872, 18.0651245117, 18.5875740051, 19.1100215912, 19.6324710846, 20.154920578, 20.6889801025, 21.2114276886, 21.733877182, 22.2679367065, 22.8019943237, 23.3360538483, 23.8585033417, 24.3809528351, 24.9150104523, 25.4258499146, 25.948299408, 26.470746994, 27.0048065186, 27.5388660431, 28.0613155365, 28.5837631226, 29.1178226471, 29.6402721405, 30.1627197266, 30.6967792511, 31.2308387756, 31.753288269, 32.2757377625, 32.7981834412, 33.3206329346, 33.843082428, 34.3655319214, 34.8995895386, 35.4336509705, 35.9561004639, 36.4785499573, 37.0126075745, 37.5466651917, 38.0691146851, 38.5915641785, 39.1140136719, 39.6364631653, 40.1705207825, 40.7045783997, 41.2270278931, 41.7494773865, 42.2719268799, 42.7943763733, 43.3284339905, 43.8508834839, 44.3733329773, 44.9073905945, 45.4298400879, 45.9638977051, 46.4863471985, 47.0204086304, 47.5428581238, 48.0653038025, 48.5993652344, 49.1218147278, 49.6442604065, 50.1667098999, 50.6891593933, 51.2232208252, 51.7572784424, 52.2797279358, 52.8021774292, 53.3362350464, 53.8586845398, 54.3811340332, 54.9151916504, 55.4376411438, 55.9600906372, 56.4825401306, 57.0049858093, 57.5390472412, 58.0614967346, 58.583946228, 59.1180038452, 59.6520614624, 60.1745109558, 60.6969604492, 61.2310180664, 61.741859436, 62.2759170532, 62.8099746704, 63.3324241638, 63.8548736572, 64.3889312744, 64.9113845825, 65.4338302612, 65.9678878784, 66.4903411865, 67.0243988037, 67.5468444824, 68.0576858521, 68.5917434692, 69.1258010864, 69.6482543945, 70.1707000732, 70.6931533813, 71.2155990601, 71.7496566772, 72.2837142944, 72.7945556641, 73.3286132813, 73.8626708984, 74.3851242065, 74.9075698853, 75.4416275024, 75.9640808105, 76.4865264893, 77.0205917358, 77.5430374146, 78.0654830933, 78.5879364014, 79.1103820801, 79.6444396973, 80.1785049438, 80.7009506226, 81.2233963013, 81.7574615479, 82.2799072266, 82.8023605347, 83.3248062134, 83.8472518921, 84.3813171387, 84.9037628174, 85.4262084961, 85.9602737427, 86.4943313599, 87.0167770386, 87.5392303467, 88.0616760254, 88.5841217041, 89.1181869507, 89.6406326294, 90.1630859375, 90.6971435547, 91.2312011719, 91.7536468506, 92.2761001587, 92.7985458374, 93.3209991455, 93.8550567627, 94.3775024414, 94.8999557495, 95.4340133667, 95.9680709839, 96.4905166626, 97.0129699707, 97.5470275879, 98.0694732666, 98.5919265747, 99.1027679443, 99.6368255615, 100.170883179, 100.693328857, 101.215782166, 101.749839783, 102.2838974, 102.806350708, 103.328796387, 103.862854004, 104.385307312, 104.907752991, 105.441810608, 105.964263916, 106.486709595, 107.009155273, 107.531608582, 108.065666199, 108.588119507, 109.110565186, 109.644622803, 110.167076111, 110.68952179, 111.223579407, 111.757637024, 112.268478394, 112.802536011, 113.336593628, 113.859046936, 114.393104553, 114.915550232, 115.43800354, 115.960449219, 116.482902527, 117.005348206, 117.539405823, 118.07346344, 118.58430481, 119.118362427, 119.664031982, 120.186485291, 120.708930969, 121.231384277, 121.742218018, 122.276275635, 122.798728943, 123.321174622, 123.855232239, 124.377685547, 124.900131226, 125.434196472, 125.968254089, 126.490699768, 127.013153076, 127.547210693, 128.069656372, 128.592102051, 129.10295105, 129.637008667, 130.171066284, 130.705123901, 131.22756958, 131.750015259, 132.284072876, 132.794921875, 133.328979492, 133.863037109, 134.385482788, 134.907928467, 135.441986084, 135.964447021, 136.4868927, 136.881637573, 137.276367188, 137.671112061, 138.089065552, 138.495422363, 138.901763916, 139.319732666, 139.737686157, 140.155639648, 140.56199646, 140.956726074, 141.351470947, 141.74621582, 142.152557373, 142.547302246, 142.94203186, 143.336776733, 143.731521606, 144.149475098, 144.567428589, 144.997009277, 145.426574707, 145.949020386, 146.483078003, 147.005523682, 147.527984619, 148.062042236, 148.596099854, 149.118545532, 149.640991211, 150.175048828, 150.697509766, 151.219955444, 151.742401123, 152.27645874, 152.798904419, 153.321365356, 153.855422974, 154.377868652, 154.900314331, 155.434371948, 155.956817627, 156.479278564, 157.013336182, 157.53578186, 158.058227539, 158.592285156, 159.126342773, 159.648788452, 160.17124939, 160.693695068, 161.216140747, 161.750198364, 162.272644043, 162.79510498, 163.329162598, 163.863220215, 164.385665894, 164.908111572, 165.442169189, 165.964630127, 166.487075806, 167.009521484, 167.531967163, 168.06602478, 168.588470459, 169.110931396, 169.644989014, 170.179046631, 170.70149231, 171.223937988, 171.757995605, 172.280456543, 172.802902222, 173.3253479, 173.847793579, 174.381851196, 174.915908813, 175.426757813, 175.96081543, 176.494873047, 177.017318726, 177.539764404, 178.062225342, 178.584671021, 179.118728638, 179.652786255, 180.186843872, 180.709289551, 181.231735229, 181.742584229, 182.276641846, 182.799087524, 183.321533203, 183.85559082, 184.389663696, 184.912109375, 185.434555054, 185.957000732, 186.479446411, 187.013504028, 187.547576904, 188.058410645, 188.592468262, 189.126525879, 189.648971558, 190.171432495, 190.693878174, 191.216323853, 191.75038147, 192.284439087, 192.806884766, 193.329345703, 193.851791382, 194.374237061, 194.908294678, 195.442352295, 195.964797974, 196.487258911, 197.021316528, 197.543762207, 198.066207886, 198.588653564, 199.111114502, 199.645172119, 200.167617798, 200.690063477, 201.224121094, 201.746566772, 202.26902771, 202.803085327, 203.325531006, 203.847976685, 204.382034302, 204.916091919, 205.438537598, 205.960998535, 206.483444214, 207.005889893, 207.53994751, 208.074005127, 208.596466064, 209.118911743, 209.65296936, 210.175415039, 210.697860718, 211.220306396, 211.742767334, 212.276824951, 212.810882568, 213.333328247, 213.855773926, 214.389831543, 214.91229248, 215.434738159, 215.957183838, 216.479629517, 217.013687134, 217.536148071, 218.05859375, 218.592651367, 219.115097046, 219.637542725, 220.171600342, 220.694061279, 221.216506958, 221.750564575, 222.273010254, 222.795455933, 223.32951355, 223.851974487, 224.374420166, 224.908477783, 225.4425354, 225.953369141, 226.487426758, 227.009887695, 227.532333374, 228.066390991, 228.58883667, 229.111282349, 229.645339966, 230.167800903, 230.690246582, 231.224304199, 231.758361816, 232.280807495, 232.803268433, 233.325714111, 233.84815979, 234.382217407, 234.916275024, 235.450332642, 235.984390259, 236.530059814, 237.087341309, 237.644622803, 238.201904297, 238.759185791, 239.316452026], "beats_loudness": {"dmean2": 0.0449452511966, "median": 0.0765027105808, "min": 5.57597523709e-09, "dvar2": 0.00145642354619, "dvar": 0.000481654016767, "dmean": 0.0264180544764, "max": 0.153643026948, "var": 0.00119056820404, "mean": 0.0751565843821}, "danceability": 1.37016069889, "bpm_histogram_second_peak_weight": {"dmean2": 0, "median": 0.0218340605497, "min": 0.0218340605497, "dvar2": 0, "dvar": 0, "dmean": 0, "max": 0.0218340605497, "var": 0, "mean": 0.0218340605497}, "beats_count": 459, "bpm_histogram_second_peak_bpm": {"dmean2": 0, "median": 152, "min": 152, "dvar2": 0, "dvar": 0, "dmean": 0, "max": 152, "var": 0, "mean": 152}, "bpm_histogram_first_peak_spread": {"dmean2": 0, "median": 0.402352929115, "min": 0.402352929115, "dvar2": 0, "dvar": 0, "dmean": 0, "max": 0.402352929115, "var": 0, "mean": 0.402352929115}, "beats_loudness_band_ratio": {"dmean2": [0.355700224638, 0.12653028965, 0.115120217204, 0.0924882441759, 0.0683902129531, 0.149857118726], "median": [0.772923886776, 0.0232280120254, 0.0408412851393, 0.0362714789808, 0.0359719470143, 0.0413186252117], "min": [6.13605006947e-05, 0.000370077934349, 0.000290894211503, 0.000285431102384, 0.000170468585566, 0.0012860664865], "dvar2": [0.0877616107464, 0.0354162976146, 0.0183058138937, 0.0127224260941, 0.00743318954483, 0.026218354702], "dvar": [0.0349640697241, 0.012358003296, 0.00795965548605, 0.00475946068764, 0.00269228522666, 0.0084314243868], "dmean": [0.199086219072, 0.0680155679584, 0.068769544363, 0.0542757846415, 0.0386201106012, 0.0786012709141], "max": [0.995518803596, 0.771222233772, 0.856835186481, 0.467105776072, 0.579655647278, 0.605481624603], "var": [0.0550322495401, 0.0096689062193, 0.012638611719, 0.00505886692554, 0.00269587663934, 0.00751550076529], "mean": [0.69576561451, 0.0598002262414, 0.080516256392, 0.0605866797268, 0.0478942021728, 0.0745084732771]}}, "lowlevel": {"barkbands_spread": {"dmean2": 15.8862333298, "median": 28.8874950409, "min": 0.175233528018, "dvar2": 275.231567383, "dvar": 131.623184204, "dmean": 10.6863965988, "max": 137.439361572, "var": 465.930053711, "mean": 33.9287109375}, "melbands_spread": {"dmean2": 17.4698410034, "median": 24.1925449371, "min": 0.260180920362, "dvar2": 485.923706055, "dvar": 237.125045776, "dmean": 11.4370737076, "max": 251.429244995, "var": 722.928283691, "mean": 30.9442157745}, "hfc": {"dmean2": 23.0349235535, "median": 30.9415416718, "min": 2.52212942087e-07, "dvar2": 863.91394043, "dvar": 434.78717041, "dmean": 16.4532527924, "max": 267.054168701, "var": 1300.13183594, "mean": 40.7484474182}, "barkbands_kurtosis": {"dmean2": 7.39478111267, "median": 1.20487070084, "min": -1.95419025421, "dvar2": 891.459777832, "dvar": 341.567047119, "dmean": 4.68330144882, "max": 1102.47094727, "var": 515.765625, "mean": 5.38721752167}, "gfcc": {"mean": [40.2437667847, 45.6787605286, -97.9000930786, 25.7253303528, -49.7545013428, 25.7226085663, -27.3329563141, 13.9036083221, -19.0740242004, 8.25869178772, -14.1784286499, 0.777565717697, -13.4727621078], "icov": [[0.000139554467751, -8.65393449203e-05, 8.74885445228e-05, -0.000105649916804, 0.000245284056291, -0.000489968399052, 0.000531799218152, -0.000325136177707, 0.000170331113623, -6.18158373982e-05, 0.000203672942007, -0.000224369519856, 0.000174407992745], [-8.65393449203e-05, 0.000918426143471, -8.26456453069e-05, 0.000165943813045, -0.000819836976007, 0.00112907891162, -0.00109121471178, 0.000571742653847, -0.000611321476754, 0.000677382340655, -0.000823007198051, 0.000393872789573, -0.00019486148085], [8.74885445228e-05, -8.26456453069e-05, 0.00172749278136, -0.00111109565478, 0.00067439005943, -0.00144015124533, 0.00104620063212, -0.00181431311648, 0.00129921745975, -0.000717163784429, 0.000897563993931, -0.000494199688546, 0.000325488159433], [-0.000105649916804, 0.000165943813045, -0.00111109565478, 0.00311505096033, -0.0017180753639, 0.000898781639989, -0.000745023135096, 0.00124411215074, -0.000726421305444, 0.000273577141343, -0.000958234712016, 0.000663642596919, -0.000890559516847], [0.000245284056291, -0.000819836976007, 0.00067439005943, -0.0017180753639, 0.00589818134904, -0.00355797982775, 0.0011407189304, -0.000727282545995, -0.000686079962179, -0.000875725003425, 0.000923524959944, 0.000319004058838, 5.67746392335e-05], [-0.000489968399052, 0.00112907891162, -0.00144015124533, 0.000898781639989, -0.00355797982775, 0.00918853655457, -0.00506562786177, -0.00092818622943, 0.00133900064975, -0.0011097593233, -0.000453450978966, 0.000464736600406, -0.000751825165935], [0.000531799218152, -0.00109121471178, 0.00104620063212, -0.000745023135096, 0.0011407189304, -0.00506562786177, 0.0112998373806, -0.00493617495522, -0.000134888876346, 0.00123644119594, -0.00151355261914, 0.000599406543188, -0.000286069465801], [-0.000325136177707, 0.000571742653847, -0.00181431311648, 0.00124411215074, -0.000727282545995, -0.00092818622943, -0.00493617495522, 0.0133078387007, -0.0070550548844, 0.00204378599301, -0.000614452001173, -0.00350139802322, 0.00277532311156], [0.000170331113623, -0.000611321476754, 0.00129921745975, -0.000726421305444, -0.000686079962179, 0.00133900064975, -0.000134888876346, -0.0070550548844, 0.0172629784793, -0.00845774076879, 0.00042342900997, 0.00262970873155, -0.00277848611586], [-6.18158373982e-05, 0.000677382340655, -0.000717163784429, 0.000273577141343, -0.000875725003425, -0.0011097593233, 0.00123644119594, 0.00204378599301, -0.00845774076879, 0.017019899562, -0.0063277031295, 0.000150719934027, 0.00103381869849], [0.000203672942007, -0.000823007198051, 0.000897563993931, -0.000958234712016, 0.000923524959944, -0.000453450978966, -0.00151355261914, -0.000614452001173, 0.00042342900997, -0.0063277031295, 0.0192892234772, -0.0105709116906, 0.00257711694576], [-0.000224369519856, 0.000393872789573, -0.000494199688546, 0.000663642596919, 0.000319004058838, 0.000464736600406, 0.000599406543188, -0.00350139802322, 0.00262970873155, 0.000150719934027, -0.0105709116906, 0.026867851615, -0.012664783746], [0.000174407992745, -0.00019486148085, 0.000325488159433, -0.000890559516847, 5.67746392335e-05, -0.000751825165935, -0.000286069465801, 0.00277532311156, -0.00277848611586, 0.00103381869849, 0.00257711694576, -0.012664783746, 0.0215818751603]], "cov": [[10859.7363281, -423.024780273, 642.796630859, 126.315727234, -126.775024414, 572.108093262, -236.003631592, 269.829925537, -125.25276947, 5.54254102707, -87.975151062, 81.4396743774, -71.7198028564], [-423.024780273, 1674.43530273, -326.988494873, 12.3073625565, 156.1769104, -171.449615479, 113.483673096, -46.7894363403, 82.4488067627, -22.6618995667, 68.4525604248, -13.0306301117, 20.9934005737], [642.796630859, -326.988494873, 1239.75915527, 357.283508301, 122.576690674, 356.20010376, 85.7926025391, 229.536621094, -5.39898347855, 53.6703834534, -3.67526936531, 39.51770401, -8.0325460434], [126.315727234, 12.3073625565, 357.283508301, 524.273864746, 178.565170288, 114.38633728, 51.4110946655, 50.5459480286, 32.6390686035, 36.9564170837, 22.945438385, 10.3147087097, 18.7769165039], [-126.775024414, 156.1769104, 122.576690674, 178.565170288, 336.281799316, 165.793716431, 96.7705841064, 82.4922180176, 63.0653800964, 46.3487052917, 23.5314064026, 2.99665045738, 8.36739730835], [572.108093262, -171.449615479, 356.20010376, 114.38633728, 165.793716431, 370.25567627, 150.718078613, 168.376327515, 33.4638252258, 48.8068313599, 24.0236759186, 27.7824630737, 1.38912785053], [-236.003631592, 113.483673096, 85.7926025391, 51.4110946655, 96.7705841064, 150.718078613, 221.668838501, 125.867172241, 56.5414886475, 24.1773414612, 42.2643013, 18.9704704285, 7.71417856216], [269.829925537, -46.7894363403, 229.536621094, 50.5459480286, 82.4922180176, 168.376327515, 125.867172241, 216.830749512, 74.3844451904, 41.0019874573, 33.4994049072, 32.1712532043, -2.0545091629], [-125.25276947, 82.4488067627, -5.39898347855, 32.6390686035, 63.0653800964, 33.4638252258, 56.5414886475, 74.3844451904, 123.757331848, 60.5769424438, 31.8443908691, 8.55386352539, 9.6167011261], [5.54254102707, -22.6618995667, 53.6703834534, 36.9564170837, 46.3487052917, 48.8068313599, 24.1773414612, 41.0019874573, 60.5769424438, 105.478927612, 41.772277832, 15.6888332367, 4.05689334869], [-87.975151062, 68.4525604248, -3.67526936531, 22.945438385, 23.5314064026, 24.0236759186, 42.2643013, 33.4994049072, 31.8443908691, 41.772277832, 94.2733154297, 40.7468109131, 14.1112737656], [81.4396743774, -13.0306301117, 39.51770401, 10.3147087097, 2.99665045738, 27.7824630737, 18.9704704285, 32.1712532043, 8.55386352539, 15.6888332367, 40.7468109131, 73.2223892212, 34.5810012817], [-71.7198028564, 20.9934005737, -8.0325460434, 18.7769165039, 8.36739730835, 1.38912785053, 7.71417856216, -2.0545091629, 9.6167011261, 4.05689334869, 14.1112737656, 34.5810012817, 68.0447845459]]}, "spectral_energyband_middle_low": {"dmean2": 0.0104509815574, "median": 0.00631067529321, "min": 1.84321481689e-11, "dvar2": 0.000376692798454, "dvar": 0.000137202077894, "dmean": 0.00607686722651, "max": 0.10525110364, "var": 0.00012349478493, "mean": 0.00932353921235}, "melbands_crest": {"dmean2": 6.06290483475, "median": 16.7831363678, "min": 2.64726758003, "dvar2": 31.1199188232, "dvar": 12.9428920746, "dmean": 3.81995916367, "max": 34.1992835999, "var": 42.372833252, "mean": 16.8175163269}, "spectral_kurtosis": {"dmean2": 1.51735162735, "median": 2.36638355255, "min": -0.980378687382, "dvar2": 5.7004442215, "dvar": 2.12903809547, "dmean": 0.980747044086, "max": 32.552986145, "var": 5.33478116989, "mean": 2.87070512772}, "spectral_rms": {"dmean2": 0.00154644821305, "median": 0.00588491093367, "min": 3.20362687489e-07, "dvar2": 2.66007941718e-06, "dvar": 1.32860850499e-06, "dmean": 0.00104386976454, "max": 0.012499907054, "var": 6.23028017799e-06, "mean": 0.00592294242233}, "zerocrossingrate": {"dmean2": 0.0234812572598, "median": 0.07666015625, "min": 0.00244140625, "dvar2": 0.000533567101229, "dvar": 0.000471979175927, "dmean": 0.0215932391584, "max": 0.45556640625, "var": 0.00372570753098, "mean": 0.0915251672268}, "silence_rate_60dB": {"dmean2": 0.0466466657817, "median": 0, "min": 0, "dvar2": 0.0520205646753, "dvar": 0.0227782893926, "dmean": 0.0233210753649, "max": 1, "var": 0.0511661283672, "mean": 0.0540880486369}, "erbbands_kurtosis": {"dmean2": 1.8813816309, "median": 0.00636800471693, "min": -1.7877240181, "dvar2": 8.20365619659, "dvar": 3.57574462891, "dmean": 1.20746469498, "max": 35.6480903625, "var": 6.63452243805, "mean": 0.797444045544}, "erbbands": {"dmean2": [0.353724002838, 3.76389741898, 8.28940200806, 10.3151540756, 14.5833082199, 13.0941143036, 11.0870904922, 11.5958499908, 14.3940019608, 20.0637989044, 22.457075119, 39.8082466125, 49.3291015625, 25.4186859131, 31.9055023193, 43.2573432922, 35.2131538391, 32.3955497742, 41.8187255859, 29.0119972229, 27.3006019592, 23.7762756348, 20.7532520294, 16.8817424774, 20.3435192108, 17.9867935181, 16.762140274, 14.5069351196, 14.3303670883, 12.7469329834, 11.2742509842, 11.4316949844, 9.43393516541, 5.52126121521, 2.87988376617, 1.46918487549, 0.426466584206, 0.0738262012601, 0.00837229192257, 0.00049577379832], "median": [0.169502571225, 2.18005084991, 3.19910478592, 1.67267096043, 1.92565512657, 2.90707349777, 3.04800868034, 3.4969792366, 7.91065168381, 8.84748935699, 9.86614322662, 16.1824455261, 11.206662178, 13.4021873474, 15.6770944595, 21.726644516, 22.063375473, 20.398853302, 22.3872184753, 14.1938552856, 14.8754749298, 13.4006662369, 14.6949319839, 10.0890035629, 12.1714363098, 9.96072769165, 9.28926753998, 8.46874904633, 8.18690681458, 7.57389736176, 6.5648522377, 6.02025604248, 4.89817810059, 2.48286151886, 1.36716520786, 0.63490229845, 0.184508025646, 0.033097974956, 0.00367590435781, 0.000256900850218], "min": [8.41969105547e-10, 8.39078140302e-09, 2.96867135319e-08, 4.40702265792e-08, 2.51738825341e-08, 4.16236867196e-09, 4.14962952888e-09, 1.1169497327e-08, 1.27258648064e-08, 4.34579261466e-09, 7.19617077038e-09, 3.78437858828e-09, 5.8514628698e-09, 9.58058965495e-09, 1.15212719365e-08, 1.33412338954e-08, 7.91458099059e-09, 5.22479393084e-09, 1.36188784694e-08, 2.76397553733e-08, 3.30473994836e-08, 9.51512824088e-09, 9.07569575048e-09, 3.26397326944e-08, 1.79804473532e-08, 3.10488488253e-08, 3.62641365825e-08, 3.16361479236e-08, 1.49843337738e-08, 1.34629916104e-08, 1.65503752925e-08, 1.83620709748e-08, 1.90579676485e-08, 2.76645586439e-08, 1.93142124516e-08, 1.29279227323e-08, 2.23444391878e-08, 2.4135808907e-09, 3.36852074012e-10, 5.77962573634e-11], "dvar2": [0.390264809132, 39.9914703369, 345.542144775, 713.976928711, 1499.73364258, 946.597961426, 574.269042969, 632.85736084, 582.254455566, 1284.80126953, 2167.04272461, 6855.31933594, 17392.921875, 2129.96289063, 5448.75732422, 10182.2792969, 3462.63427734, 2981.55102539, 3808.23339844, 2662.43139648, 2142.53491211, 1617.79077148, 1005.89245605, 936.292724609, 1444.36547852, 1113.59289551, 1030.12268066, 678.301818848, 628.616210938, 557.66418457, 385.458648682, 295.895141602, 215.932815552, 120.217857361, 27.5342254639, 5.72574615479, 0.442405819893, 0.0143050309271, 0.000175645982381, 7.88375757566e-07], "dvar": [0.204816505313, 14.7693977356, 137.86177063, 265.243530273, 537.088195801, 333.987915039, 203.499160767, 233.984008789, 219.527694702, 516.76373291, 923.808410645, 2680.95849609, 7232.91357422, 874.278320313, 2176.90893555, 4418.06445313, 1390.53820801, 1166.45874023, 1509.70031738, 1032.76159668, 850.375854492, 632.993774414, 403.141876221, 368.048980713, 609.493591309, 450.162475586, 406.511138916, 293.101593018, 285.705535889, 258.78125, 179.390991211, 138.961868286, 106.435890198, 60.4182243347, 13.7714071274, 2.91263318062, 0.23221385479, 0.00691263237968, 8.78015271155e-05, 3.70783169501e-07], "dmean": [0.262619227171, 2.3623726368, 5.10796070099, 5.96309566498, 8.21772956848, 7.33158349991, 6.29977464676, 6.76686191559, 8.73751735687, 12.1969480515, 14.0873346329, 24.5011920929, 31.0880947113, 15.8421878815, 19.5817470551, 27.0313549042, 22.4442615509, 19.9513206482, 25.6234970093, 17.7571105957, 16.7680931091, 14.2896537781, 12.963809967, 10.0821895599, 12.3929891586, 11.0655727386, 10.5820188522, 9.28879642487, 9.42047214508, 8.45677757263, 7.60473299026, 8.06530666351, 6.60297012329, 3.84185481071, 2.01335954666, 1.04426968098, 0.309748858213, 0.0521399155259, 0.00595718948171, 0.000351891445462], "max": [4.29704046249, 30.1367683411, 103.457862854, 158.954574585, 262.342498779, 258.877166748, 160.835845947, 274.060546875, 259.682098389, 511.422210693, 604.900268555, 947.527404785, 1812.88342285, 578.12298584, 1246.75720215, 1977.23522949, 1079.21862793, 668.051696777, 587.172790527, 635.740661621, 583.242492676, 712.372070313, 324.903320313, 428.628234863, 1043.3762207, 564.111694336, 404.85824585, 437.790557861, 317.634613037, 469.049499512, 358.944885254, 179.265350342, 178.267608643, 220.392700195, 65.2607803345, 36.7578582764, 13.5167560577, 1.54576873779, 0.176160112023, 0.0085575832054], "var": [0.574232161045, 27.0811920166, 131.558654785, 195.640762329, 375.264648438, 247.008712769, 164.339096069, 252.745422363, 325.882141113, 832.810058594, 1700.97961426, 4944.16699219, 18464.8378906, 2343.8425293, 5491.453125, 9708.86328125, 4082.48022461, 1941.87304688, 2478.76635742, 1296.89489746, 1454.01940918, 1072.05932617, 626.966369629, 520.630065918, 984.688171387, 607.203369141, 583.707092285, 534.137023926, 600.748413086, 571.092956543, 380.555603027, 297.044311523, 259.765808105, 135.919647217, 32.5617370605, 6.37247800827, 0.490927189589, 0.0130449859425, 0.000156033638632, 5.60988667075e-07], "mean": [0.490748256445, 4.26364421844, 6.52935695648, 5.47821712494, 7.25650262833, 7.69284057617, 7.0707025528, 8.14176750183, 13.2225389481, 17.6600952148, 21.79936409, 38.1135368347, 52.8725128174, 29.4699211121, 34.0684661865, 44.9166679382, 42.9699783325, 33.7150306702, 39.7513122559, 25.3572883606, 26.2203578949, 22.0572605133, 22.2476348877, 16.5170555115, 21.0717658997, 17.3766365051, 16.9072914124, 15.9333782196, 16.0351905823, 15.0386972427, 12.7734928131, 12.5401983261, 10.549487114, 6.19049549103, 3.29460978508, 1.6077208519, 0.46137046814, 0.0777933746576, 0.00867768097669, 0.00054025684949]}, "spectral_strongpeak": {"dmean2": 0.80656594038, "median": 0.477570563555, "min": 0, "dvar2": 2.0871822834, "dvar": 0.802784562111, "dmean": 0.467653363943, "max": 12.4857606888, "var": 1.20161235332, "mean": 0.816508293152}, "spectral_energy": {"dmean2": 0.0215707421303, "median": 0.0354979820549, "min": 1.05198058598e-10, "dvar2": 0.000700365460943, "dvar": 0.000319008307997, "dmean": 0.0142070269212, "max": 0.160153880715, "var": 0.000969434971921, "mean": 0.0423441454768}, "average_loudness": 0.948968946934, "spectral_rolloff": {"dmean2": 1763.79333496, "median": 1335.05859375, "min": 64.599609375, "dvar2": 5446341, "dvar": 2714957.25, "dmean": 1109.43029785, "max": 17958.6914063, "var": 7485186, "mean": 2367.64355469}, "spectral_centroid": {"dmean2": 576.660522461, "median": 1697.19067383, "min": 125.611175537, "dvar2": 361298.125, "dvar": 160829.15625, "dmean": 378.704193115, "max": 5672.50341797, "var": 592185.3125, "mean": 1786.4909668}, "pitch_salience": {"dmean2": 0.156684935093, "median": 0.485656946898, "min": 0.0425249710679, "dvar2": 0.0244005173445, "dvar": 0.00967000517994, "dmean": 0.0990660712123, "max": 0.907587826252, "var": 0.0246127713472, "mean": 0.476002544165}, "spectral_energyband_middle_high": {"dmean2": 0.00372357317246, "median": 0.00540627352893, "min": 3.38905422823e-12, "dvar2": 2.28285316553e-05, "dvar": 9.30139412958e-06, "dmean": 0.00239588762634, "max": 0.0523352026939, "var": 3.81836507586e-05, "mean": 0.0067786546424}, "spectral_contrast_coeffs": {"dmean2": [0.087508700788, 0.0825959518552, 0.0717304199934, 0.0578487366438, 0.0393170155585, 0.031824555248], "median": [-0.672316193581, -0.753279685974, -0.762147665024, -0.778016090393, -0.792175114155, -0.780702054501], "min": [-0.91485196352, -0.95653283596, -0.956243216991, -0.947979927063, -0.934224665165, -0.918323755264], "dvar2": [0.00564794801176, 0.00444929581136, 0.00329708354548, 0.00223476905376, 0.00109571847133, 0.000831099343486], "dvar": [0.00240241829306, 0.0018016975373, 0.00135444477201, 0.000967701838817, 0.000460355397081, 0.000366408057744], "dmean": [0.0549894198775, 0.0515358634293, 0.0446697622538, 0.0362658947706, 0.0245513413101, 0.0198341477662], "max": [-0.281339049339, -0.399570852518, -0.470940172672, -0.496332257986, -0.56691724062, -0.567952573299], "var": [0.00825716368854, 0.00551485130563, 0.00567107927054, 0.00364949181676, 0.00172518345062, 0.00161537993699], "mean": [-0.657629191875, -0.746827065945, -0.754622220993, -0.772125542164, -0.787612557411, -0.776149153709]}, "melbands_skewness": {"dmean2": 1.71603512764, "median": 2.69107627869, "min": -1.22140967846, "dvar2": 4.19872617722, "dvar": 1.90303397179, "dmean": 1.12016940117, "max": 26.6362953186, "var": 6.79443883896, "mean": 3.31146860123}, "spectral_spread": {"dmean2": 1088770.125, "median": 6471880.5, "min": 1280048.625, "dvar2": 1373330341890.0, "dvar": 716317261824, "dmean": 782043.625, "max": 18973904, "var": 3840875167740.0, "mean": 6505454.5}, "dissonance": {"dmean2": 0.0275429226458, "median": 0.479423433542, "min": 0.252938896418, "dvar2": 0.00088885484729, "dvar": 0.000339089776389, "dmean": 0.0164349731058, "max": 0.500000119209, "var": 0.000669974426273, "mean": 0.472002327442}, "spectral_skewness": {"dmean2": 0.278666377068, "median": 1.33390259743, "min": 0.0199671983719, "dvar2": 0.0973373129964, "dvar": 0.0419081561267, "dmean": 0.185756057501, "max": 4.32063436508, "var": 0.150027066469, "mean": 1.35797333717}, "spectral_flux": {"dmean2": 0.052864253521, "median": 0.0942644104362, "min": 1.32259592647e-05, "dvar2": 0.00285164313391, "dvar": 0.00149276817683, "dmean": 0.0357594564557, "max": 0.384271144867, "var": 0.00398389529437, "mean": 0.107542030513}, "spectral_contrast_valleys": {"dmean2": [0.722219705582, 0.748769700527, 0.620622456074, 0.612628340721, 0.533855736256, 0.497247666121], "median": [-6.92700004578, -6.74405288696, -6.96217536926, -7.30124425888, -7.1812376976, -8.88379478455], "min": [-16.0325756073, -17.09674263, -17.4422492981, -17.7133922577, -16.953950882, -18.436006546], "dvar2": [0.440549820662, 0.559008002281, 0.353226959705, 0.348012894392, 0.308888018131, 0.326042860746], "dvar": [0.210543930531, 0.228342622519, 0.146582588553, 0.159439668059, 0.13907264173, 0.16995729506], "dmean": [0.459129154682, 0.462895303965, 0.388242214918, 0.405182540417, 0.365165472031, 0.381694763899], "max": [-5.11662817001, -4.57646656036, -5.09825897217, -5.55584716797, -5.40354967117, -7.07503843307], "var": [1.88875043392, 1.18235528469, 1.11621797085, 1.10118854046, 1.05911207199, 1.75341320038], "mean": [-7.30432748795, -6.88428449631, -7.15435171127, -7.4651222229, -7.32511281967, -9.21277713776]}, "erbbands_flatness_db": {"dmean2": 0.0260885283351, "median": 0.105024978518, "min": 0.0330110900104, "dvar2": 0.000620389240794, "dvar": 0.000325195287587, "dmean": 0.0180627480149, "max": 0.355208456516, "var": 0.00203813193366, "mean": 0.116617545485}, "spectral_energyband_high": {"dmean2": 0.0022318798583, "median": 0.00165103934705, "min": 1.55083203224e-11, "dvar2": 1.03782776932e-05, "dvar": 5.33872798769e-06, "dmean": 0.00159885117318, "max": 0.032619163394, "var": 1.4650171579e-05, "mean": 0.00300254975446}, "spectral_entropy": {"dmean2": 0.254731655121, "median": 8.05368614197, "min": 6.09416151047, "dvar2": 0.0638518333435, "dvar": 0.0300422143191, "dmean": 0.177809104323, "max": 8.92565345764, "var": 0.156496539712, "mean": 7.99328660965}, "silence_rate_20dB": {"dmean2": 0, "median": 1, "min": 1, "dvar2": 0, "dvar": 0, "dmean": 0, "max": 1, "var": 0, "mean": 1}, "melbands_flatness_db": {"dmean2": 0.0509783066809, "median": 0.17331661284, "min": 0.0140166450292, "dvar2": 0.00227832538076, "dvar": 0.0010494934395, "dmean": 0.034621167928, "max": 0.580198824406, "var": 0.00527692213655, "mean": 0.178310930729}, "barkbands": {"dmean2": [0.000441256706836, 0.0149974245578, 0.00755411060527, 0.00386258005165, 0.00422393623739, 0.00135778298136, 0.0010934775928, 0.00111278623808, 0.0015285393456, 0.00146410125308, 0.000751040061004, 0.000969069136772, 0.000770200276747, 0.000672302616294, 0.000752499792725, 0.000525524548721, 0.000507545948494, 0.000360838603228, 0.00036876872764, 0.000379354518373, 0.000391831679735, 0.00040268045268, 0.000389782129787, 0.000562597007956, 0.000431418564403, 0.000263717171038, 4.94301857543e-05], "median": [0.000115207963972, 0.00953022390604, 0.00143977208063, 0.000364320352674, 0.000927304965444, 0.000400141114369, 0.000552928249817, 0.000430161337135, 0.000581146101467, 0.000376852054615, 0.000268541887635, 0.000416713446612, 0.000441450451035, 0.000298114522593, 0.000346257147612, 0.000237223881413, 0.000256364204688, 0.000242488400545, 0.000229379496886, 0.000200122827664, 0.000223738737986, 0.00023480609525, 0.000237100452068, 0.000300370476907, 0.000205889431527, 0.000115523536806, 2.22427443077e-05], "min": [3.39468730903e-12, 3.45132082635e-11, 2.79338097792e-11, 1.35106804217e-11, 1.77332887957e-12, 7.17144876469e-13, 6.25842964692e-13, 3.08876351145e-13, 1.50761713768e-13, 3.12515258897e-13, 1.46607132359e-13, 3.91758918057e-13, 1.50251434016e-13, 1.00730872482e-13, 4.40180444178e-13, 6.45665541432e-13, 1.48934995738e-13, 3.72201130593e-13, 3.62676685559e-13, 5.96768999234e-13, 9.93193266345e-13, 4.11981456979e-13, 5.24706363428e-13, 1.00300778967e-12, 2.78916321463e-12, 7.24209754666e-12, 3.29938897384e-12], "dvar2": [6.35861852061e-07, 0.000600063591264, 0.000311861746013, 0.000107644867967, 0.000108263033326, 8.59220926941e-06, 2.97319616038e-06, 4.73483441965e-06, 9.18835939956e-06, 1.25867745737e-05, 3.99355667469e-06, 4.50138850283e-06, 1.61576440405e-06, 1.46938373291e-06, 1.22133121749e-06, 7.56073234243e-07, 9.36471053592e-07, 3.01325172813e-07, 4.72338768986e-07, 4.95897722885e-07, 5.25262578321e-07, 5.08468303906e-07, 4.37430401234e-07, 7.02453633039e-07, 6.35663695903e-07, 1.67257738326e-07, 6.33434327213e-09], "dvar": [2.41727889261e-07, 0.000236960404436, 0.000121901728562, 3.8760706957e-05, 3.82145626645e-05, 3.09268443743e-06, 1.12309044198e-06, 1.98030033971e-06, 3.5873597426e-06, 5.17694252267e-06, 1.72839679635e-06, 1.93128335013e-06, 6.55743804145e-07, 5.68259963529e-07, 4.84542397317e-07, 3.08174890051e-07, 3.54004754399e-07, 1.19134163867e-07, 1.99178160187e-07, 1.98968990617e-07, 2.2035577274e-07, 2.29755158898e-07, 2.08057926443e-07, 3.46046590494e-07, 3.28862711285e-07, 8.70549712317e-08, 3.17276538375e-09], "dmean": [0.000280310923699, 0.00964481011033, 0.00451938807964, 0.00213173613884, 0.0023536994122, 0.000788607285358, 0.000658574455883, 0.000697051873431, 0.000938813434914, 0.000921632861719, 0.000462672091089, 0.000603551219683, 0.00048827676801, 0.000408027350204, 0.000462890951894, 0.000323886837577, 0.000303884560708, 0.000222891860176, 0.000223254261073, 0.000234374296269, 0.000247562566074, 0.000265723996563, 0.000264597591013, 0.000399671582272, 0.000303814362269, 0.000190045670024, 3.51601702278e-05], "max": [0.00485007185489, 0.116366714239, 0.0958781912923, 0.0532884970307, 0.0737386494875, 0.0213630534708, 0.0186421368271, 0.0255560521036, 0.0319038964808, 0.0458136871457, 0.043789550662, 0.038891825825, 0.0226344745606, 0.0152176134288, 0.00960518606007, 0.00863676983863, 0.019469788298, 0.00483761681244, 0.0183551795781, 0.0105776740238, 0.0121307196096, 0.0106478566304, 0.0114139644429, 0.00940683390945, 0.0110703753307, 0.00644837878644, 0.00101597525645]