{"tonal": {"thpcp": [1, 0.729896962643, 0.394507676363, 0.315504580736, 0.227474808693, 0.189837485552, 0.18707460165, 0.184809058905, 0.205411612988, 0.260901153088, 0.264475822449, 0.217323884368, 0.170932546258, 0.142332568765, 0.141056105494, 0.136352494359, 0.137214913964, 0.192654043436, 0.408698022366, 0.619700908661, 0.549895882607, 0.41195255518, 0.324257969856, 0.216557577252, 0.187487244606, 0.241634130478, 0.276849806309, 0.220786988735, 0.140908822417, 0.119506135583, 0.182561427355, 0.278490185738, 0.277690440416, 0.232348650694, 0.233132466674, 0.599042356014], "hpcp": {"dmean2": [0.157872185111, 0.137879654765, 0.129718348384, 0.129253163934, 0.142386496067, 0.201134443283, 0.323467105627, 0.319474458694, 0.375822752714, 0.373248070478, 0.265673130751, 0.209542304277, 0.171361416578, 0.180089130998, 0.179918855429, 0.156382516026, 0.125000283122, 0.112849809229, 0.140599623322, 0.173330023885, 0.178236111999, 0.187481120229, 0.210275560617, 0.313209414482, 0.426181316376, 0.353628963232, 0.290520101786, 0.257065266371, 0.210646852851, 0.195877984166, 0.195291370153, 0.190803185105, 0.185509383678, 0.193600699306, 0.190279722214, 0.186122775078], "median": [0.0134703274816, 0.0121030006558, 0.0105316769332, 0.00847621820867, 0.00857139471918, 0.0157465711236, 0.0479995831847, 0.0727077648044, 0.0638433173299, 0.0451290905476, 0.0283506698906, 0.0150461159647, 0.0137566402555, 0.0190133266151, 0.0245839226991, 0.0204806774855, 0.0118594300002, 0.00740789575502, 0.0144489761442, 0.0275981724262, 0.0323416814208, 0.022287864238, 0.0169516056776, 0.114579841495, 0.180171728134, 0.179969191551, 0.0425188466907, 0.0245900712907, 0.0144951995462, 0.0101818274707, 0.0101880934089, 0.0135729461908, 0.020686276257, 0.0276799090207, 0.0251946412027, 0.0160821974277], "min": [0, 0, 0, 0, 0, 0, 0, 0, 0, 0, 0, 0, 0, 0, 0, 0, 0, 0, 0, 0, 0, 0, 0, 0, 0, 0, 0, 0, 0, 0, 0, 0, 0, 0, 0, 0], "dvar2": [0.0889161676168, 0.0867986306548, 0.084163479507, 0.0812390968204, 0.0939153730869, 0.125094607472, 0.193284213543, 0.165153518319, 0.197454288602, 0.193282052875, 0.131234690547, 0.110078312457, 0.0880165547132, 0.0935857594013, 0.0904107615352, 0.0741758570075, 0.0683012902737, 0.0665073022246, 0.0800296068192, 0.0940083712339, 0.0867426916957, 0.0963648036122, 0.119984582067, 0.131646111608, 0.248587146401, 0.143242359161, 0.146404772997, 0.140851467848, 0.116511426866, 0.113150052726, 0.104385510087, 0.108018621802, 0.10702354461, 0.101725742221, 0.104612112045, 0.114466130733], "dvar": [0.0320994928479, 0.030412806198, 0.0296069588512, 0.0284199006855, 0.0327136404812, 0.043613255024, 0.0676585882902, 0.0640420988202, 0.0707568600774, 0.0679084509611, 0.0484188050032, 0.0395310595632, 0.0319884493947, 0.0349664799869, 0.0340075716376, 0.0274739395827, 0.0241192672402, 0.0243585836142, 0.0291724037379, 0.0346269607544, 0.0315679907799, 0.0343280211091, 0.0426553823054, 0.0496831908822, 0.097896233201, 0.0527020320296, 0.053595982492, 0.0535169877112, 0.0428370572627, 0.0408952236176, 0.0381693728268, 0.0396728254855, 0.0387365296483, 0.0372282639146, 0.0385989882052, 0.0411534979939], "dmean": [0.0863688215613, 0.0745636224747, 0.0703917369246, 0.0696106478572, 0.0760437250137, 0.10796225071, 0.179418891668, 0.181160256267, 0.208693966269, 0.204516112804, 0.146255195141, 0.114834792912, 0.0944418013096, 0.101400703192, 0.103120833635, 0.0896260589361, 0.068952165544, 0.0620906837285, 0.0785588920116, 0.0988962128758, 0.101373910904, 0.10496969521, 0.116033762693, 0.178340017796, 0.236956089735, 0.201303556561, 0.163563400507, 0.142587348819, 0.115524739027, 0.105899743736, 0.105734162033, 0.102709636092, 0.101375043392, 0.10862839222, 0.106449335814, 0.102524086833], "max": [1, 1, 1, 1, 1, 1, 1, 1, 1, 1, 1, 1, 1, 1, 1, 1, 1, 1, 1, 1, 1, 1, 1, 1, 1, 1, 1, 1, 1, 1, 1, 1, 1, 1, 1, 1], "var": [0.0256576109678, 0.020714007318, 0.0213176887482, 0.0207525789738, 0.0218843538314, 0.0302961654961, 0.0654885023832, 0.114119872451, 0.0963013246655, 0.0658610910177, 0.0533596612513, 0.0318379215896, 0.0273859184235, 0.0408951826394, 0.0448379926383, 0.0297080967575, 0.0183232054114, 0.0193622838706, 0.027236988768, 0.0454430431128, 0.0392442978919, 0.0320572406054, 0.0362453982234, 0.0713958889246, 0.176375582814, 0.0895349681377, 0.0621973909438, 0.0549476146698, 0.0372118204832, 0.0316953957081, 0.0290075968951, 0.029254168272, 0.0301909055561, 0.0389286540449, 0.0427499301732, 0.0375700108707], "mean": [0.0690420418978, 0.0574901103973, 0.05697453022, 0.055074673146, 0.0554230175912, 0.0778156518936, 0.165078833699, 0.250305831432, 0.222110614181, 0.166393384337, 0.130972310901, 0.0874706283212, 0.0757287144661, 0.0975993946195, 0.111823491752, 0.0891789421439, 0.056915037334, 0.0482701957226, 0.0737391039729, 0.112486071885, 0.112163037062, 0.0938488617539, 0.0941654518247, 0.241961568594, 0.40391394496, 0.294815570116, 0.159347146749, 0.127436697483, 0.0918802469969, 0.0766780078411, 0.0755620375276, 0.0746469572186, 0.0829686149955, 0.105381608009, 0.106825478375, 0.0877801477909]}, "tuning_equal_tempered_deviation": 0.224932178855, "chords_changes_rate": 0.101065926254, "key_key": "F", "tuning_diatonic_strength": 0.340527445078, "key_scale": "minor", "chords_number_rate": 0.00276352162473, "tuning_frequency": 434.193115234, "tuning_nontempered_energy_ratio": 0.857146084309, "chords_histogram": [19.9170951843, 4.12554264069, 0.848795890808, 0.0394788794219, 0, 5.8033952713, 2.62534546852, 2.72404265404, 0, 0.157915517688, 4.3624162674, 0.730359256268, 1.08566915989, 0.0592183172703, 0.217133834958, 1.10540854931, 4.46111345291, 6.67193031311, 9.0011844635, 15.9494667053, 0.513225436211, 0, 2.86221861839, 16.7390441895], "key_strength": 0.542067527771, "chords_key": "F", "chords_strength": {"dmean2": 0.0143087683246, "median": 0.436994671822, "min": 0.20439901948, "dvar2": 0.000167115256772, "dvar": 0.00011195740808, "dmean": 0.0123575571924, "max": 0.745952367783, "var": 0.0102169215679, "mean": 0.441609382629}, "chords_scale": "minor", "hpcp_entropy": {"dmean2": 1.1764690876, "median": 2.28128886223, "min": 0, "dvar2": 0.866331636906, "dvar": 0.316364496946, "dmean": 0.693387448788, "max": 4.56687879562, "var": 0.606833517551, "mean": 2.27980899811}}, "metadata": {"audio_properties": {"equal_loudness": 0, "codec": "mp3", "downmix": "mix", "sample_rate": 44100, "analysis_sample_rate": 44100, "bit_rate": 160000, "md5_encoded": "5e146ed607d1ccc24b045da69a7cdcf0", "length": 235.181472778, "replay_gain": -7.01291465759, "lossless": false}, "version": {"essentia_build_sha": "ca57ba49d9b1854bd80e60cf9ccf267278fb7d6b", "essentia": "2.1-beta1", "extractor": "music 1.0", "essentia_git_sha": "v2.1_beta1-28-g21ef5f4-dirty"}, "tags": {"title": ["We Can Be Strong"], "albumartist": ["Willy Mason"], "musicbrainz_recordingid": ["1fa0cd17-1b3f-4389-94df-416665cb8b69"], "composer": ["Willy Mason"], "musicbrainz_albumartistid": ["d5c9ee75-5711-469f-b671-669dcde5c9bf"], "discnumber": ["1/1"], "album": ["If the Ocean Gets Rough"], "musicbrainz album type": ["album"], "musicbrainz album status": ["official"], "date": ["2007"], "file_name": "03 - willy  mason - we can be strong.mp3", "musicbrainz_releasegroupid": ["3a9a4d12-d0ec-364d-860f-013c901173f4"], "script": ["Latn"], "originaldate": ["2007"], "musicbrainz_albumid": ["fec83c07-72d5-32e7-ad1e-04c30396f683"], "artist": ["Willy Mason"], "artistsort": ["Mason, Willy"], "tracknumber": ["3/11"], "musicbrainz album release country": ["US"], "albumartistsort": ["Mason, Willy"], "acoustid_id": ["9f48a969-feb8-478e-8513-874b90827762"], "musicbrainz_artistid": ["d5c9ee75-5711-469f-b671-669dcde5c9bf"]}}, "rhythm": {"bpm_histogram_first_peak_bpm": {"dmean2": 0, "median": 112, "min": 112, "dvar2": 0, "dvar": 0, "dmean": 0, "max": 112, "var": 0, "mean": 112}, "bpm": 111.6615448, "bpm_histogram_second_peak_spread": {"dmean2": 0, "median": 0.5, "min": 0.5, "dvar2": 0, "dvar": 0, "dmean": 0, "max": 0.5, "var": 0, "mean": 0.5}, "bpm_histogram_first_peak_weight": {"dmean2": 0, "median": 0.367816090584, "min": 0.367816090584, "dvar2": 0, "dvar": 0, "dmean": 0, "max": 0.367816090584, "var": 0, "mean": 0.367816090584}, "onset_rate": 3.04853534698, "beats_position": [0.603718817234, 1.23065757751, 1.8575963974, 2.48453521729, 3.08825397491, 3.70358276367, 4.33052158356, 4.95746040344, 5.58439922333, 6.19972801208, 6.80344676971, 7.39555549622, 7.98766422272, 8.56816291809, 9.14866161346, 9.72916126251, 10.3096599579, 10.8901586533, 11.4706573486, 12.051156044, 12.6316547394, 13.2121543884, 13.7810430527, 14.3499317169, 14.9188203812, 15.4877090454, 16.0682086945, 16.6487064362, 17.2292060852, 17.8097057343, 18.3785934448, 18.9474830627, 19.5047607422, 20.062040329, 20.6193199158, 21.1882076263, 21.7570972443, 22.3143768311, 22.8716545105, 23.4289340973, 23.9862117767, 24.5434913635, 25.1123809814, 25.6696586609, 26.2269382477, 26.7726078033, 27.3298854828, 27.8871650696, 28.4444446564, 29.0017223358, 29.5590019226, 30.1162815094, 30.6735591888, 31.2308387756, 31.7997264862, 32.357006073, 32.9026756287, 33.4715652466, 34.0404510498, 34.5977325439, 35.1666221619, 35.7238998413, 36.2927894592, 36.8500671387, 37.4073448181, 37.9530143738, 38.4986839294, 39.0559616089, 39.6016311646, 40.1473007202, 40.6929702759, 41.2386398315, 41.795917511, 42.3531951904, 42.8988647461, 43.4445343018, 44.0018119812, 44.5474815369, 45.0931510925, 45.6272087097, 46.1728782654, 46.718547821, 47.2526054382, 47.7982749939, 48.355556488, 48.901222229, 49.4468917847, 49.9925613403, 50.538230896, 51.0839004517, 51.6179580688, 52.1636276245, 52.720905304, 53.2665748596, 53.8238525391, 54.3579139709, 54.8919715881, 55.4260292053, 55.971698761, 56.5173683167, 57.0630378723, 57.608707428, 58.1659851074, 58.7000427246, 59.2457122803, 59.7913818359, 60.3254394531, 60.859500885, 61.3935585022, 61.9276161194, 62.4616775513, 62.9957351685, 63.5414047241, 64.0870742798, 64.621131897, 65.1551895142, 65.7008590698, 66.234916687, 66.7689819336, 67.3030395508, 67.837097168, 68.3827667236, 68.9168243408, 69.450881958, 69.9849395752, 70.5306091309, 71.0762786865, 71.6103363037, 72.1444015503, 72.6784591675, 73.2125167847, 73.7581863403, 74.303855896, 74.8379135132, 75.3603591919, 75.8944168091, 76.4400863647, 76.9741516113, 77.5082092285, 78.0654830933, 78.5995483398, 79.133605957, 79.6908798218, 80.2365493774, 80.7822189331, 81.3278884888, 81.8735580444, 82.4076156616, 82.9416732788, 83.4757385254, 83.9981842041, 84.5206298828, 85.0430831909, 85.5655288696, 86.0879821777, 86.6104278564, 87.1444854736, 87.6785507202, 88.2242126465, 88.7698822021, 89.3155517578, 89.8612213135, 90.4185028076, 90.9525604248, 91.486618042, 92.0322875977, 92.5779571533, 93.123626709, 93.6692962646, 94.2033538818, 94.737411499, 95.2830810547, 95.8287506104, 96.374420166, 96.9200897217, 97.4657592773, 98.0230331421, 98.5687026978, 99.1143722534, 99.6600418091, 100.194099426, 100.728164673, 101.273826599, 101.819496155, 102.36516571, 102.899223328, 103.444892883, 103.990562439, 104.524627686, 105.058685303, 105.604354858, 106.138412476, 106.684082031, 107.218139648, 107.763809204, 108.297866821, 108.831924438, 109.377593994, 109.92326355, 110.457321167, 111.002990723, 111.53704834, 112.082717896, 112.628387451, 113.174057007, 113.708114624, 114.265396118, 114.799453735, 115.333511353, 115.879180908, 116.424850464, 116.958908081, 117.492965698, 118.038635254, 118.58430481, 119.129974365, 119.664031982, 120.209701538, 120.755371094, 121.289428711, 121.835098267, 122.380767822, 122.926437378, 123.460494995, 124.006164551, 124.551834106, 125.085891724, 125.619949341, 126.165618896, 126.699676514, 127.245346069, 127.791015625, 128.325073242, 128.859130859, 129.404800415, 129.938858032, 130.484527588, 131.030197144, 131.564254761, 132.098312378, 132.643981934, 133.17805481, 133.723709106, 134.269378662, 134.815048218, 135.349105835, 135.883178711, 136.417236328, 136.951293945, 137.485351562, 138.01940918, 138.541854858, 139.064300537, 139.598358154, 140.13243103, 140.666488647, 141.200546265, 141.734603882, 142.268661499, 142.802719116, 143.348388672, 143.882446289, 144.416503906, 144.950561523, 145.484619141, 146.007064819, 146.529525757, 147.051971436, 147.574417114, 148.096862793, 148.61932373, 149.141769409, 149.652603149, 150.175048828, 150.697509766, 151.208343506, 151.742401123, 152.27645874, 152.810516357, 153.344573975, 153.878631592, 154.401092529, 154.935150146, 155.457595825, 155.991653442, 156.52571106, 157.048156738, 157.570602417, 158.116271973, 158.63873291, 159.172790527, 159.706848145, 160.240905762, 160.774963379, 161.309020996, 161.843078613, 162.37713623, 162.911193848, 163.445251465, 163.979324341, 164.513381958, 165.024215698, 165.558273315, 166.092330933, 166.614776611, 167.137237549, 167.659683228, 168.182128906, 168.704574585, 169.227020264, 169.784301758, 170.341583252, 170.898864746, 171.432922363, 171.978591919, 172.524261475, 173.06993103, 173.615600586, 174.161270142, 174.695327759, 175.240997314, 175.775054932, 176.309112549, 176.843170166, 177.377227783, 177.946121216, 178.491790771, 179.025848389, 179.571517944, 180.1171875, 180.662857056, 181.196914673, 181.73097229, 182.253417969, 182.787475586, 183.321533203, 183.85559082, 184.389663696, 184.923721313, 185.457778931, 185.980224609, 186.502670288, 187.036727905, 187.570785522, 188.10484314, 188.627304077, 189.149749756, 189.683807373, 190.241088867, 190.775146484, 191.309204102, 191.843261719, 192.377319336, 192.911376953, 193.44543457, 193.979492188, 194.513549805, 195.047622681, 195.581680298, 196.104125977, 196.626571655, 197.149017334, 197.671463013, 198.205535889, 198.739593506, 199.262039185, 199.784484863, 200.31854248, 200.852600098, 201.386657715, 201.920715332, 202.44317627, 202.977233887, 203.499679565, 204.033737183, 204.5677948, 205.101852417, 205.624298096, 206.146759033, 206.669204712, 207.191650391, 207.725708008, 208.248153687, 208.770614624, 209.293060303, 209.815505981, 210.33795166, 210.860397339, 211.394470215, 211.928527832, 212.450973511, 212.985031128, 213.507476807, 214.029922485, 214.552383423, 215.074829102, 215.59727478, 216.131332397, 216.653778076, 217.176239014, 217.710296631, 218.23274231, 218.755187988, 219.277633667, 219.811691284, 220.334152222, 220.868209839, 221.402267456, 221.924713135, 222.447158813, 222.969604492, 223.49206543, 224.014511108, 224.536956787, 225.059402466, 225.581848145, 226.115921021, 226.626754761, 227.160812378, 227.694869995, 228.228927612, 228.762985229, 229.157730103, 229.552474976, 229.94720459, 230.341949463, 230.748291016, 231.143035889, 231.549377441, 231.967346191, 232.373687744, 232.791656494, 233.221221924, 233.650787354, 234.080352783, 234.498321533], "beats_loudness": {"dmean2": 0.0655153542757, "median": 0.0688537657261, "min": 8.2396235257e-07, "dvar2": 0.00312491320074, "dvar": 0.00111078994814, "dmean": 0.0382104851305, "max": 0.271872311831, "var": 0.00197867001407, "mean": 0.0782225877047}, "danceability": 1.0805079937, "bpm_histogram_second_peak_weight": {"dmean2": 0, "median": 0.0344827584922, "min": 0.0344827584922, "dvar2": 0, "dvar": 0, "dmean": 0, "max": 0.0344827584922, "var": 0, "mean": 0.0344827584922}, "beats_count": 436, "bpm_histogram_second_peak_bpm": {"dmean2": 0, "median": 105, "min": 105, "dvar2": 0, "dvar": 0, "dmean": 0, "max": 105, "var": 0, "mean": 105}, "bpm_histogram_first_peak_spread": {"dmean2": 0, "median": 0.575596809387, "min": 0.575596809387, "dvar2": 0, "dvar": 0, "dmean": 0, "max": 0.575596809387, "var": 0, "mean": 0.575596809387}, "beats_loudness_band_ratio": {"dmean2": [0.377752065659, 0.199234470725, 0.0968669131398, 0.0448937341571, 0.0471071414649, 0.140319019556], "median": [0.688853502274, 0.087879575789, 0.0441116727889, 0.0173958260566, 0.0131232161075, 0.0924586355686], "min": [0.139314249158, 0.000815381587017, 0.000136226866744, 4.41919401055e-05, 2.25669118663e-05, 0.0003111656697], "dvar2": [0.067190758884, 0.0273816976696, 0.0119401291013, 0.00289933895692, 0.00273466436192, 0.0133234094828], "dvar": [0.0230829101056, 0.0104573536664, 0.00396090094, 0.00101640936919, 0.000894900644198, 0.00443470990285], "dmean": [0.208359181881, 0.113214418292, 0.0533403269947, 0.0240052174777, 0.0250449217856, 0.0755487084389], "max": [0.995848476887, 0.583926439285, 0.43121728301, 0.360533863306, 0.333044946194, 0.463255226612], "var": [0.0407041274011, 0.0135066574439, 0.0038665975444, 0.00084078888176, 0.000766833196394, 0.00895815528929], "mean": [0.660795509815, 0.125565513968, 0.0628656223416, 0.0244436804205, 0.0219793841243, 0.117991432548]}}, "lowlevel": {"barkbands_spread": {"dmean2": 6.34446716309, "median": 9.34884929657, "min": 0.233201682568, "dvar2": 70.6875152588, "dvar": 35.7708053589, "dmean": 4.16365242004, "max": 102.461235046, "var": 109.166793823, "mean": 11.5865888596}, "melbands_spread": {"dmean2": 4.721326828, "median": 6.46000957489, "min": 0.0334382355213, "dvar2": 59.4208946228, "dvar": 29.188243866, "dmean": 3.03100800514, "max": 151.447967529, "var": 87.0739898682, "mean": 8.13307285309}, "hfc": {"dmean2": 75.2725830078, "median": 121.099700928, "min": 1.21625077084e-16, "dvar2": 7042.42431641, "dvar": 2893.06225586, "dmean": 46.4970245361, "max": 1796.51220703, "var": 9660.66699219, "mean": 142.379608154}, "barkbands_kurtosis": {"dmean2": 24.5622711182, "median": 14.9016714096, "min": -1.68201363087, "dvar2": 2574.07519531, "dvar": 963.827819824, "dmean": 15.1639614105, "max": 891.549377441, "var": 2156.36547852, "mean": 29.9906349182}, "gfcc": {"mean": [-25.531162262, 120.733894348, -67.5759353638, 6.38356208801, -10.7099256516, -15.6267566681, -5.38599348068, -6.54580545425, 1.41753447056, -3.57986831665, -2.96245718002, -5.74930620193, -4.03663110733], "icov": [[0.00017880681844, -0.000171286374098, 0.000555677979719, -0.000271304044873, 0.000274331512628, 6.45384934614e-05, 3.37565688824e-05, -0.000178183719981, 0.000331200630171, -0.000380023207981, 0.000231700047152, 8.36019753478e-05, 0.000113132999104], [-0.000171286374098, 0.00404899939895, -0.00275151152164, 0.00391721539199, -0.0029026363045, 0.00111045222729, 0.000866811024025, 0.00104503997136, -0.00275800563395, 0.00450128689408, -0.00256078294478, 0.00178553722799, -0.00170684710611], [0.000555677979719, -0.00275151152164, 0.00752176251262, -0.00482873898, 0.00550134852529, -0.00359184341505, -0.000750042265281, -0.000795893778559, 0.00238979188725, -0.00245939637534, -0.00316385808401, 0.00296836881898, -0.000144823337905], [-0.000271304044873, 0.00391721539199, -0.00482873898, 0.0115190381184, -0.00796144083142, 0.00306010246277, -0.0004204857687, -0.00159057427663, 0.000731299049221, -0.00228182855062, 0.00740020861849, -0.00837131869048, 0.00325200264342], [0.000274331512628, -0.0029026363045, 0.00550134852529, -0.00796144083142, 0.0154286054894, -0.00477164052427, -0.00271694222465, 0.00383473676629, -0.00495126424357, 0.00639461679384, -0.00906507670879, 0.00748456409201, -0.00374470720999], [6.45384934614e-05, 0.00111045222729, -0.00359184341505, 0.00306010246277, -0.00477164052427, 0.0115055702627, -0.000120799209981, -0.00716881733388, 0.00752620585263, -0.00689956685528, 0.00708611914888, -0.00627739867195, 0.00180556508712], [3.37565688824e-05, 0.000866811024025, -0.000750042265281, -0.0004204857687, -0.00271694222465, -0.000120799209981, 0.00728224404156, 0.000167747028172, -0.00391127541661, 0.00516428565606, -0.00405824324116, 0.000118192961963, 0.0019596638158], [-0.000178183719981, 0.00104503997136, -0.000795893778559, -0.00159057427663, 0.00383473676629, -0.00716881733388, 0.000167747028172, 0.0174272693694, -0.00729408161715, 0.00444616889581, -0.00711644114926, 0.00657342933118, -0.00481491256505], [0.000331200630171, -0.00275800563395, 0.00238979188725, 0.000731299049221, -0.00495126424357, 0.00752620585263, -0.00391127541661, -0.00729408161715, 0.0263402294368, -0.0259946305305, 0.0140411667526, -0.00757167022675, 0.00493554351851], [-0.000380023207981, 0.00450128689408, -0.00245939637534, -0.00228182855062, 0.00639461679384, -0.00689956685528, 0.00516428565606, 0.00444616889581, -0.0259946305305, 0.0444758981466, -0.0283970180899, 0.0166821014136, -0.00824358221143], [0.000231700047152, -0.00256078294478, -0.00316385808401, 0.00740020861849, -0.00906507670879, 0.00708611914888, -0.00405824324116, -0.00711644114926, 0.0140411667526, -0.0283970180899, 0.0434517562389, -0.0224992260337, 0.00704876007512], [8.36019753478e-05, 0.00178553722799, 0.00296836881898, -0.00837131869048, 0.00748456409201, -0.00627739867195, 0.000118192961963, 0.00657342933118, -0.00757167022675, 0.0166821014136, -0.0224992260337, 0.0311177372932, -0.0123324571177], [0.000113132999104, -0.00170684710611, -0.000144823337905, 0.00325200264342, -0.00374470720999, 0.00180556508712, 0.0019596638158, -0.00481491256505, 0.00493554351851, -0.00824358221143, 0.00704876007512, -0.0123324571177, 0.0225001312792]], "cov": [[8898.92871094, -10.5741357803, -1108.9239502, -75.0373153687, 45.0813484192, -501.231964111, -133.100814819, -192.155166626, 50.3081932068, -108.910110474, -203.398132324, -114.089149475, -73.3926467896], [-10.5741357803, 766.733886719, 29.2111854553, -307.685119629, 37.7076034546, -107.658866882, -49.0754776001, -48.4101448059, 28.6562404633, -23.4807987213, 35.3929328918, -90.4155273438, 36.1715698242], [-1108.9239502, 29.2111854553, 497.486480713, 34.2559280396, -113.622817993, 213.242156982, -34.6935157776, 111.058410645, -54.4682350159, 62.1668548584, 55.4784202576, 11.7804555893, 20.6094551086], [-75.0373153687, -307.685119629, 34.2559280396, 315.541351318, 74.6463394165, 42.3944015503, 89.8676376343, 11.0747919083, 1.11814284325, -6.56800460815, -13.6992502213, 71.8673019409, -23.7538757324], [45.0813484192, 37.7076034546, -113.622817993, 74.6463394165, 184.783126831, -45.5351409912, 100.702049255, -40.116443634, 39.3504371643, -24.3843460083, 6.09580802917, 7.24229097366, -7.34001064301], [-501.231964111, -107.658866882, 213.242156982, 42.3944015503, -45.5351409912, 257.646759033, -23.3280296326, 99.8330078125, -60.0148353577, 28.2404289246, 18.5074691772, 32.0984992981, 20.0469818115], [-133.100814819, -49.0754776001, -34.6935157776, 89.8676376343, 100.702049255, -23.3280296326, 233.136489868, -15.035446167, 38.6449432373, -18.0601387024, 16.8909435272, 24.0897369385, -28.3381748199], [-192.155166626, -48.4101448059, 111.058410645, 11.0747919083, -40.116443634, 99.8330078125, -15.035446167, 120.469703674, 10.6637010574, 42.9028053284, 20.4825153351, 0.934407770634, 16.2845287323], [50.3081932068, 28.6562404633, -54.4682350159, 1.11814284325, 39.3504371643, -60.0148353577, 38.6449432373, 10.6637010574, 130.976287842, 63.3620300293, 12.5489664078, -15.8285198212, -6.43294715881], [-108.910110474, -23.4807987213, 62.1668548584, -6.56800460815, -24.3843460083, 28.2404289246, -18.0601387024, 42.9028053284, 63.3620300293, 99.9318695068, 38.6477546692, -9.83238792419, 9.76273345947], [-203.398132324, 35.3929328918, 55.4784202576, -13.6992502213, 6.09580802917, 18.5074691772, 16.8909435272, 20.4825153351, 12.5489664078, 38.6477546692, 66.762512207, 22.5039672852, 11.312543869], [-114.089149475, -90.4155273438, 11.7804555893, 71.8673019409, 7.24229097366, 32.0984992981, 24.0897369385, 0.934407770634, -15.8285198212, -9.83238792419, 22.5039672852, 85.9214477539, 20.0486183167], [-73.3926467896, 36.1715698242, 20.6094551086, -23.7538757324, -7.34001064301, 20.0469818115, -28.3381748199, 16.2845287323, -6.43294715881, 9.76273345947, 11.312543869, 20.0486183167, 66.6784439087]]}, "spectral_energyband_middle_low": {"dmean2": 0.00963861774653, "median": 0.00994158536196, "min": 2.85331241854e-22, "dvar2": 0.000182044052053, "dvar": 8.01038477221e-05, "dmean": 0.00624915398657, "max": 0.143679648638, "var": 0.000292345153866, "mean": 0.0162742864341}, "melbands_crest": {"dmean2": 7.2287902832, "median": 18.5102272034, "min": 1.77344560623, "dvar2": 37.7922821045, "dvar": 13.9522562027, "dmean": 4.31237411499, "max": 39.6567611694, "var": 47.3972587585, "mean": 19.2621898651}, "spectral_kurtosis": {"dmean2": 10.1728563309, "median": 16.6048736572, "min": -1.1666135788, "dvar2": 128.230117798, "dvar": 48.7222862244, "dmean": 6.32827568054, "max": 128.346542358, "var": 89.5131149292, "mean": 18.7414016724}, "spectral_rms": {"dmean2": 0.0021375475917, "median": 0.00726012513041, "min": 3.23304707658e-12, "dvar2": 5.12053247803e-06, "dvar": 2.08001324609e-06, "dmean": 0.00131178926677, "max": 0.0210029147565, "var": 7.65793629398e-06, "mean": 0.0072790728882}, "zerocrossingrate": {"dmean2": 0.050119407475, "median": 0.18359375, "min": 0.0009765625, "dvar2": 0.00188370561227, "dvar": 0.0011077321833, "dmean": 0.0372236706316, "max": 0.7119140625, "var": 0.00761175295338, "mean": 0.193948149681}, "silence_rate_60dB": {"dmean2": 0.0086887832731, "median": 0, "min": 0, "dvar2": 0.0105887893587, "dvar": 0.00432529347017, "dmean": 0.0043439627625, "max": 1, "var": 0.0236951503903, "mean": 0.0242843031883}, "erbbands_kurtosis": {"dmean2": 1.72128355503, "median": 0.182398676872, "min": -1.68351888657, "dvar2": 6.96098613739, "dvar": 2.77314090729, "dmean": 1.1017575264, "max": 42.3746948242, "var": 4.67520999908, "mean": 0.760544776917}, "erbbands": {"dmean2": [1.13498532772, 4.26616191864, 6.9646730423, 8.94222068787, 14.4207811356, 15.5232305527, 27.2975845337, 19.0995063782, 17.5481910706, 26.0665664673, 26.2506999969, 29.8807697296, 16.5971946716, 10.0321922302, 7.05985879898, 10.8564491272, 7.44810962677, 7.95855379105, 20.2276630402, 11.9361314774, 7.65503454208, 8.5320558548, 6.98066329956, 6.17841863632, 4.45976018906, 3.64576554298, 3.03161787987, 2.22154188156, 1.41322588921, 0.546928226948, 0.307489335537, 0.200980216265, 0.109219364822, 0.0722721666098, 0.0455043502152, 0.0260039139539, 0.0182172842324, 0.0160775631666, 0.0121886469424, 0.00406195782125], "median": [0.462780416012, 2.89289665222, 4.34239196777, 4.44461727142, 5.33225774765, 5.30627584457, 10.373290062, 8.27477931976, 9.3804359436, 10.9782886505, 8.68471908569, 10.7194042206, 6.88402843475, 4.49726200104, 4.36665916443, 5.46560001373, 4.66144180298, 4.52268981934, 5.46768331528, 5.33155918121, 3.54524469376, 3.57484722137, 2.60573959351, 2.16191291809, 1.34653496742, 0.857038855553, 0.559690415859, 0.364140033722, 0.230922788382, 0.132398068905, 0.0842863023281, 0.0484986416996, 0.0246976893395, 0.0162589102983, 0.010808845982, 0.0071755410172, 0.0062893871218, 0.00528160762042, 0.00575520051643, 0.00689290137962], "min": [1.73836090134e-22, 1.67005998626e-21, 2.19369510139e-20, 8.21859773263e-20, 1.25929756735e-19, 2.69229685949e-19, 3.39628830684e-19, 2.05264584662e-19, 3.13019696999e-19, 6.23514373479e-19, 1.62511356621e-18, 1.47034538527e-18, 8.34276788233e-19, 1.64132372128e-18, 1.15012422801e-18, 3.30921751781e-18, 3.61304550629e-18, 4.27536530045e-18, 2.56139971515e-18, 1.00222278352e-17, 9.37762087306e-18, 1.208878474e-17, 1.31041985728e-17, 1.21279368528e-17, 1.21679401344e-17, 1.05011984971e-17, 2.12351805078e-17, 1.66897485955e-17, 1.83007556304e-17, 2.49892586541e-17, 1.92516493753e-17, 1.57067618971e-17, 1.22668113787e-17, 1.09939839024e-17, 8.52397709835e-18, 5.17418264918e-18, 3.78518799562e-18, 1.60120515138e-18, 3.53147055695e-19, 3.87477797614e-20], "dvar2": [3.36685705185, 33.8739509583, 86.3044052124, 209.502151489, 767.13470459, 1063.97961426, 2625.01806641, 2072.86108398, 1081.5871582, 2149.62768555, 3817.17407227, 4630.53173828, 2009.19140625, 626.702758789, 313.036132812, 404.68447876, 198.115539551, 350.810760498, 2306.90649414, 658.788085938, 496.609100342, 466.320343018, 304.512207031, 276.480316162, 353.601257324, 246.167922974, 200.278289795, 138.920852661, 63.890663147, 3.08658194542, 0.428996771574, 0.295442938805, 0.0265102181584, 0.0115469256416, 0.00451204646379, 0.0014110855991, 0.00124026450794, 0.0023007101845, 0.00133036950137, 3.4551929275e-05], "dvar": [1.24463427067, 12.5638484955, 30.7693805695, 80.4143829346, 352.598449707, 489.875518799, 1167.75500488, 986.550109863, 435.481842041, 903.962402344, 1583.54296875, 1891.33374023, 828.43963623, 268.9402771, 128.764816284, 166.151199341, 76.6730728149, 150.148025513, 908.15447998, 285.288452148, 245.752090454, 208.656997681, 146.701049805, 128.302078247, 152.260528564, 134.713729858, 120.42578125, 85.4666290283, 30.8670368195, 1.9241399765, 0.273387283087, 0.136300802231, 0.0102449050173, 0.00441605318338, 0.00172777450643, 0.000542748544831, 0.000688037602231, 0.00143224268686, 0.00086040556198, 1.75252298504e-05], "dmean": [0.668721020222, 2.55165100098, 4.14383840561, 5.42055082321, 9.09006118774, 10.1124448776, 17.57670784, 12.4146299362, 10.9181528091, 16.1669197083, 16.5115070343, 18.6462192535, 10.5323343277, 6.37520360947, 4.42277956009, 6.81049823761, 4.63204813004, 5.07555580139, 12.8545894623, 7.72034835815, 5.20418310165, 5.69929790497, 4.83678722382, 4.27480745316, 3.1522705555, 2.62393260002, 2.15709066391, 1.63338041306, 0.985288918018, 0.373250126839, 0.205752909184, 0.127618744969, 0.0643789470196, 0.0424610674381, 0.0268035382032, 0.015433027409, 0.0119371665642, 0.0116897393018, 0.0093757044524, 0.00283948378637], "max": [15.9879264832, 57.801399231, 114.275558472, 158.779083252, 390.835571289, 596.306213379, 756.325012207, 1031.40698242, 581.454162598, 1005.6506958, 1037.96960449, 1442.72155762, 743.882141113, 429.331329346, 503.301849365, 260.540039062, 225.94303894, 666.643127441, 634.54473877, 408.399993896, 578.598693848, 455.414154053, 489.642089844, 344.236358643, 607.098327637, 577.506652832, 631.548339844, 442.447662354, 258.825286865, 74.589225769, 23.6330757141, 22.428445816, 2.02520275116, 0.760043263435, 0.473038226366, 0.260714024305, 1.39962518215, 1.50459194183, 1.0314116478, 0.102576486766], "var": [1.71571230888, 24.0234127045, 53.6931037903, 126.986427307, 847.817565918, 990.515319824, 3080.16040039, 2604.98828125, 1036.46740723, 2145.34936523, 3195.02319336, 4802.25488281, 1718.02880859, 607.375610352, 240.885910034, 350.302429199, 152.207122803, 283.815948486, 2251.23168945, 668.526428223, 515.567199707, 489.863769531, 351.021911621, 298.679534912, 278.735961914, 330.287322998, 391.691894531, 274.546356201, 71.3725585938, 5.64353609085, 0.867019295692, 0.248759165406, 0.0106807136908, 0.00435613514856, 0.00172425480559, 0.000564214482438, 0.0016587045975, 0.00453600427136, 0.00296442303807, 6.96032802807e-05], "mean": [1.00057220459, 4.58590936661, 6.71551847458, 8.17611789703, 14.2300758362, 16.1749038696, 31.0082149506, 21.9279346466, 20.9443740845, 28.2203826904, 29.8285198212, 33.87940979, 17.9232196808, 10.7817640305, 7.89961576462, 11.8188734055, 8.36949157715, 9.66554260254, 24.3880977631, 14.5750951767, 9.08881092072, 10.1510810852, 8.13583278656, 7.15443849564, 5.11645078659, 4.08824634552, 3.45036315918, 2.62172937393, 1.44683933258, 0.528272330761, 0.272654294968, 0.148304373026, 0.0628758072853, 0.0406311489642, 0.0260970089585, 0.0158286392689, 0.0156701467931, 0.0185504611582, 0.017783485353, 0.00952040590346]}, "spectral_strongpeak": {"dmean2": 3.38611865044, "median": 0.305469989777, "min": 0, "dvar2": 266.576263428, "dvar": 95.2434005737, "dmean": 1.80316245556, "max": 168.729217529, "var": 75.3742523193, "mean": 1.52846968174}, "spectral_energy": {"dmean2": 0.0365640409291, "median": 0.0540271475911, "min": 1.07139082501e-20, "dvar2": 0.00248968065716, "dvar": 0.000967352360021, "dmean": 0.0221900008619, "max": 0.45215049386, "var": 0.00193761603441, "mean": 0.0621590279043}, "average_loudness": 0.90846991539, "spectral_rolloff": {"dmean2": 8188.13183594, "median": 689.0625, "min": 21.533203125, "dvar2": 162778528, "dvar": 62672960, "dmean": 4196.69091797, "max": 22050, "var": 90878768, "mean": 6834.40136719}, "spectral_centroid": {"dmean2": 246.808380127, "median": 558.172851562, "min": 101.429550171, "dvar2": 97444.5390625, "dvar": 62891.6484375, "dmean": 171.664764404, "max": 10956.5361328, "var": 249174.203125, "mean": 692.203491211}, "pitch_salience": {"dmean2": 0.144303917885, "median": 0.505863189697, "min": 0.0225693192333, "dvar2": 0.0148843489587, "dvar": 0.005630874075, "dmean": 0.0876809135079, "max": 0.913150787354, "var": 0.0217896029353, "mean": 0.483795523643}, "spectral_energyband_middle_high": {"dmean2": 0.00126326212194, "median": 0.00135214789771, "min": 1.39028613696e-21, "dvar2": 4.15947806687e-06, "dvar": 2.10870621231e-06, "dmean": 0.000891192874406, "max": 0.0338063873351, "var": 9.03825821297e-06, "mean": 0.00237265951}, "spectral_contrast_coeffs": {"dmean2": [0.0882743000984, 0.0781519040465, 0.0626421049237, 0.0505690388381, 0.0427731610835, 0.060688700527], "median": [-0.697832524776, -0.760418772697, -0.814074635506, -0.820964932442, -0.825608372688, -0.81685090065], "min": [-0.96076130867, -0.975073218346, -0.975647509098, -0.990010738373, -0.977252960205, -0.958392202854], "dvar2": [0.00464808195829, 0.00370521796867, 0.00239997892641, 0.00163968326524, 0.00130004866514, 0.0036117346026], "dvar": [0.00173273577821, 0.00134283537045, 0.00090509589063, 0.000661229540128, 0.000524050265085, 0.00160008133389], "dmean": [0.0531458444893, 0.0472730100155, 0.0376987718046, 0.0313119404018, 0.0270714964718, 0.0387931056321], "max": [-0.367096573114, -0.488260477781, -0.557706713676, -0.594681084156, -0.632992744446, -0.407645136118], "var": [0.00664622243494, 0.00409999815747, 0.00343659776263, 0.00360456015915, 0.00249511399306, 0.0052300831303], "mean": [-0.692179083824, -0.758199930191, -0.808967888355, -0.815115392208, -0.829176008701, -0.793294787407]}, "melbands_skewness": {"dmean2": 1.90544676781, "median": 3.46444559097, "min": -0.486870229244, "dvar2": 9.69757080078, "dvar": 3.52822947502, "dmean": 1.18552327156, "max": 62.5236816406, "var": 11.4143829346, "mean": 4.17501592636}, "spectral_spread": {"dmean2": 1048730.375, "median": 3691495.5, "min": 1433318.75, "dvar2": 923501330432, "dvar": 416532758528, "dmean": 655175.8125, "max": 39597232, "var": 1129307176960.0, "mean": 3811651}, "dissonance": {"dmean2": 0.0380873009562, "median": 0.46425640583, "min": 0.298457473516, "dvar2": 0.00119987619109, "dvar": 0.000450913823443, "dmean": 0.0228694304824, "max": 0.500000178814, "var": 0.000950353976805, "mean": 0.457554996014}, "spectral_skewness": {"dmean2": 0.760951459408, "median": 2.91500210762, "min": -0.0132971033454, "dvar2": 0.625475049019, "dvar": 0.247085809708, "dmean": 0.488530904055, "max": 9.37425231934, "var": 0.644831299782, "mean": 3.01709914207}, "spectral_flux": {"dmean2": 0.0576482005417, "median": 0.116143360734, "min": 1.03508007721e-10, "dvar2": 0.00410378212109, "dvar": 0.001667022123, "dmean": 0.0346103608608, "max": 0.543873786926, "var": 0.00351750571281, "mean": 0.121316611767}, "spectral_contrast_valleys": {"dmean2": [0.642422258854, 0.611263692379, 0.590131163597, 0.565057039261, 0.647349357605, 1.20568811893], "median": [-6.2740983963, -6.32353210449, -7.21168804169, -7.64139795303, -7.9610824585, -10.9514837265], "min": [-27.1559925079, -27.574842453, -27.434009552, -27.3916873932, -27.2560882568, -27.3244819641], "dvar2": [0.261480152607, 0.264992177486, 0.283280909061, 0.315383583307, 0.409796029329, 0.985299289227], "dvar": [0.10799433291, 0.113133475184, 0.121334418654, 0.134753867984, 0.179637387395, 0.35712108016], "dmean": [0.385477155447, 0.375935226679, 0.372586578131, 0.370753467083, 0.444247424603, 0.74613815546], "max": [-4.77986288071, -4.44297790527, -5.43204879761, -5.76560497284, -5.33438968658, -8.94003105164], "var": [0.751080870628, 1.02551162243, 0.84783411026, 0.945762097836, 1.08515429497, 1.00877630711], "mean": [-6.40984249115, -6.41608953476, -7.33214902878, -7.80565690994, -8.03834533691, -11.0487537384]}, "erbbands_flatness_db": {"dmean2": 0.0409865193069, "median": 0.141173750162, "min": 0.0220533870161, "dvar2": 0.00126438925508, "dvar": 0.000501079368405, "dmean": 0.0262864809483, "max": 0.308291256428, "var": 0.00179920333903, "mean": 0.145212009549}, "spectral_energyband_high": {"dmean2": 0.00022727806936, "median": 0.000115828115668, "min": 7.97257192335e-21, "dvar2": 4.61300487586e-07, "dvar": 3.35137826823e-07, "dmean": 0.000173074062332, "max": 0.0261103995144, "var": 1.3140303281e-06, "mean": 0.000337012432283}, "spectral_entropy": {"dmean2": 0.414138227701, "median": 7.21044254303, "min": 5.11835765839, "dvar2": 0.160815134645, "dvar": 0.0643652230501, "dmean": 0.269259154797, "max": 9.79901504517, "var": 0.190902203321, "mean": 7.19137144089}, "silence_rate_20dB": {"dmean2": 0, "median": 1, "min": 1, "dvar2": 0, "dvar": 0, "dmean": 0, "max": 1, "var": 0, "mean": 1}, "melbands_flatness_db": {"dmean2": 0.0708184540272, "median": 0.325460880995, "min": 0.00656229024753, "dvar2": 0.00395429739729, "dvar": 0.0015331520699, "dmean": 0.0451201982796, "max": 0.764205694199, "var": 0.00557536631823, "mean": 0.331737756729}, "barkbands": {"dmean2": [0.0104182325304, 0.0239671505988, 0.00569766899571, 0.00388627825305, 0.00472349300981, 0.00262529309839, 0.00155225431081, 0.00099307182245, 0.00140606379136, 0.000469293794595, 0.000200093505555, 0.00026570976479, 0.000160622832482, 0.000244530441705, 0.000384810118703, 0.000156576585141, 0.000157575370395, 0.000129874912091, 0.000106449457235, 7.65822260291e-05, 6.2770988734e-05, 3.59803088941e-05, 1.17511572171e-05, 7.7723270806e-06, 6.42563509246e-06, 8.9385521278e-06, 0.000152071472257], "median": [0.00395291205496, 0.0147544406354, 0.00302758114412, 0.00134332326706, 0.00193109631073, 0.00115318736061, 0.000833893544041, 0.000316038902383, 0.000471271225251, 0.00016787572531, 8.96001292858e-05, 0.000131799926748, 8.22582660476e-05, 8.65613328642e-05, 0.000107812942588, 6.17218902335e-05, 6.20522550889e-05, 4.19648786192e-05, 3.45917942468e-05, 1.82760995813e-05, 1.11845120045e-05, 6.01434567216e-06, 3.11606845571e-06, 1.83613451554e-06, 1.47035916598e-06, 3.17958847518e-06, 0.000133228837512], "min": [7.35167324365e-24, 5.43197589206e-24, 2.49817591648e-23, 3.52507165555e-23, 6.25232851905e-23, 3.35506203305e-23, 2.888154827e-23, 5.54039101842e-23, 6.56447699272e-23, 5.00705225782e-23, 2.22040836765e-23, 7.39899969149e-23, 7.82849722014e-23, 8.0207003398e-23, 8.14109818442e-23, 2.17702284802e-22, 2.03093376009e-22, 2.85547579069e-22, 2.21403822117e-22, 2.26102580592e-22, 5.02673275968e-22, 6.12034388545e-22, 6.59617519094e-22, 7.77413107226e-22, 1.14805237322e-21, 1.82025112565e-21, 2.67243819976e-21], "dvar2": [0.000480101851281, 0.00121389678679, 6.02630680078e-05, 4.40308904217e-05, 7.72796411184e-05, 2.63259080384e-05, 6.37369930701e-06, 5.07450113219e-06, 1.02237072497e-05, 1.64111236245e-06, 2.58582275592e-07, 2.18686693643e-07, 9.18407323525e-08, 3.12664724333e-07, 7.39501501812e-07, 1.77804480472e-07, 1.56069333457e-07, 9.95575177853e-08, 1.46386355482e-07, 9.56915968686e-08, 8.69881446874e-08, 4.0366721521e-08, 7.22221671356e-10, 2.90083540522e-10, 9.06266728329e-11, 2.13161210905e-10, 7.61258363013e-08], "dvar": [0.000187407844351, 0.000452181964647, 2.17730648728e-05, 1.77523452294e-05, 3.54553121724e-05, 1.17506870083e-05, 2.47815705734e-06, 2.25542044063e-06, 4.11302607972e-06, 6.90470869813e-07, 1.15146661983e-07, 8.80383268509e-08, 3.67139172397e-08, 1.32117250473e-07, 2.93728021461e-07, 8.42281551172e-08, 6.88640966473e-08, 4.77401762566e-08, 6.04326970688e-08, 5.24998213791e-08, 6.19781985733e-08, 1.91007210049e-08, 4.44754899576e-10, 1.17264489785e-10, 3.46800886619e-11, 1.10905500061e-10, 4.16665102421e-08], "dmean": [0.00610970426351, 0.0141683137044, 0.00336871296167, 0.00236944924109, 0.00310835824348, 0.00169143651146, 0.000952983624302, 0.000622706837021, 0.000880918640178, 0.000295510719297, 0.000124575773953, 0.000165121266036, 9.90530679701e-05, 0.00015300346422, 0.000245022471063, 0.000103700782347, 0.000103541897261, 8.96307828953e-05, 7.26381549612e-05, 5.49308279005e-05, 4.65429802716e-05, 2.48300766543e-05, 7.77891182224e-06, 4.70204486192e-06, 3.77905416826e-06, 5.75038802708e-06, 0.000109431006422], "max": [0.222316071391, 0.309756875