{"tonal": {"thpcp": [1, 0.568920254707, 0.179549455643, 0.14617998898, 0.163804039359, 0.285974085331, 0.504783332348, 0.495466470718, 0.591182649136, 0.775390505791, 0.492394596338, 0.247162520885, 0.284916222095, 0.269836932421, 0.372505664825, 0.62794470787, 0.560592710972, 0.319545686245, 0.199379116297, 0.144787892699, 0.288617551327, 0.483220040798, 0.362301319838, 0.216029658914, 0.180161491036, 0.0921330451965, 0.100696630776, 0.178514927626, 0.189378768206, 0.2812538445, 0.428109407425, 0.325565844774, 0.17193685472, 0.150627881289, 0.205335989594, 0.667094409466], "hpcp": {"dmean2": [0.252396613359, 0.230690538883, 0.142214074731, 0.127683535218, 0.158392444253, 0.195132136345, 0.232186645269, 0.267427712679, 0.306455403566, 0.282575309277, 0.24317933619, 0.176533266902, 0.185811072588, 0.185956060886, 0.20928876102, 0.271214753389, 0.292719781399, 0.227507933974, 0.155004054308, 0.116644978523, 0.145539671183, 0.180932998657, 0.171736165881, 0.158194720745, 0.141256064177, 0.0735474377871, 0.071955114603, 0.0992619916797, 0.117562152445, 0.161453709006, 0.205032169819, 0.194977357984, 0.156790181994, 0.134746074677, 0.154332116246, 0.240609005094], "median": [0.156340107322, 0.109271772206, 0.0189596805722, 0.0111477412283, 0.0101944804192, 0.0255597010255, 0.0558033660054, 0.0612341351807, 0.0750930830836, 0.057403460145, 0.0403855927289, 0.03176009655, 0.0344753041863, 0.0325466804206, 0.0577543638647, 0.106412574649, 0.103651829064, 0.0438131578267, 0.0198390204459, 0.0140066659078, 0.0348611548543, 0.0622600205243, 0.0528031550348, 0.0183644797653, 0.00864187814295, 0.00810936279595, 0.0116573711857, 0.0180417820811, 0.0195998437703, 0.0291935596615, 0.044656522572, 0.0332954153419, 0.0132427122444, 0.0119039053097, 0.0220787636936, 0.0816157236695], "min": [0, 0, 0, 0, 0, 0, 0, 0, 0, 0, 0, 0, 0, 0, 0, 0, 0, 0, 0, 0, 0, 0, 0, 0, 0, 0, 0, 0, 0, 0, 0, 0, 0, 0, 0, 0], "dvar2": [0.115997701883, 0.0902834683657, 0.0780581906438, 0.0811042264104, 0.112642869353, 0.117617167532, 0.122103467584, 0.137693196535, 0.152273595333, 0.164100959897, 0.120800420642, 0.0964363515377, 0.107932813466, 0.103081963956, 0.0988711044192, 0.112103022635, 0.133142724633, 0.123308546841, 0.092138402164, 0.0636472776532, 0.0633911639452, 0.0819147154689, 0.0635922029614, 0.0641694739461, 0.0748126134276, 0.0271337013692, 0.0271926298738, 0.0386144332588, 0.0510310642421, 0.072905793786, 0.102200612426, 0.100440882146, 0.0923587009311, 0.0802412182093, 0.0757692009211, 0.107215024531], "dvar": [0.0528322011232, 0.0348216444254, 0.0283856391907, 0.0297089684755, 0.0393661633134, 0.0420456565917, 0.050009239465, 0.0519328117371, 0.056147813797, 0.0667313188314, 0.045574337244, 0.0356448143721, 0.039548303932, 0.0372479856014, 0.0363575443625, 0.0463242009282, 0.0513044372201, 0.046167217195, 0.0337860360742, 0.022903509438, 0.0238226987422, 0.0338351875544, 0.0243576299399, 0.0241683907807, 0.0288649909198, 0.00948242750019, 0.00926418416202, 0.0142251094803, 0.0185238216072, 0.027482194826, 0.04218441993, 0.0377708263695, 0.0330671407282, 0.0291804075241, 0.0277648344636, 0.0404616184533], "dmean": [0.145882546902, 0.134458914399, 0.0785697028041, 0.0688592270017, 0.0848001018167, 0.108930058777, 0.134416118264, 0.152999073267, 0.173408821225, 0.157348290086, 0.138368323445, 0.0983748957515, 0.103482931852, 0.103843361139, 0.120267286897, 0.158922314644, 0.16891078651, 0.127794533968, 0.0859909802675, 0.0643469169736, 0.0839368328452, 0.106700278819, 0.0998127236962, 0.0893021374941, 0.0786052644253, 0.0405644476414, 0.0395674258471, 0.0574254207313, 0.0671738833189, 0.0928376615047, 0.118378728628, 0.11210539192, 0.0844740197062, 0.0726579353213, 0.085482545197, 0.140404522419], "max": [1, 1, 1, 1, 1, 1, 1, 1, 1, 1, 1, 1, 1, 1, 1, 1, 1, 1, 1, 1, 1, 1, 1, 1, 1, 1, 1, 1, 1, 1, 1, 1, 1, 1, 1, 1], "var": [0.15888004005, 0.0586983710527, 0.0214737709612, 0.0214284211397, 0.0261649396271, 0.0412446334958, 0.0808529779315, 0.0690449252725, 0.0754150226712, 0.146038010716, 0.0677196979523, 0.0287383478135, 0.0342379920185, 0.0324264094234, 0.0393825769424, 0.0791187286377, 0.064008384943, 0.038012009114, 0.0253650750965, 0.0162268951535, 0.0316854454577, 0.0689959898591, 0.0362858437002, 0.0244772601873, 0.0288543123752, 0.00718869687989, 0.00694131292403, 0.0164043977857, 0.0191436577588, 0.035365074873, 0.0686250329018, 0.0420731641352, 0.0231407098472, 0.021211637184, 0.0229778401554, 0.0919918492436], "mean": [0.369147151709, 0.210015282035, 0.0662801712751, 0.0539619289339, 0.0604677945375, 0.105566523969, 0.186339333653, 0.182900041342, 0.218233391643, 0.286233186722, 0.181766062975, 0.0912393406034, 0.105176009238, 0.0996095389128, 0.137509405613, 0.231803998351, 0.206941202283, 0.11795938015, 0.0736002326012, 0.0534480363131, 0.106542348862, 0.178379297256, 0.133742496371, 0.0797467306256, 0.0665061026812, 0.0340106524527, 0.0371718741953, 0.0658982768655, 0.0699086338282, 0.103824056685, 0.158035367727, 0.120181709528, 0.0634699985385, 0.0556038543582, 0.0757991969585, 0.246256008744]}, "tuning_equal_tempered_deviation": 0.0879557207227, "chords_changes_rate": 0.0773884579539, "key_key": "C", "tuning_diatonic_strength": 0.534171760082, "key_scale": "major", "chords_number_rate": 0.00252079661004, "tuning_frequency": 436.708374023, "tuning_nontempered_energy_ratio": 0.751321315765, "chords_histogram": [1.56289386749, 0, 20.2924118042, 11.721704483, 13.9147968292, 5.14242506027, 17.8724479675, 1.89059746265, 0.0504159331322, 0.857070863247, 0.100831866264, 0, 0, 0.352911531925, 0, 0, 1.38643813133, 0.428535431623, 0, 0.0252079665661, 0, 6.25157546997, 0.378119498491, 17.7716159821], "key_strength": 0.562550902367, "chords_key": "G", "chords_strength": {"dmean2": 0.00968702044338, "median": 0.415382146835, "min": 0.190065383911, "dvar2": 7.7583892562e-05, "dvar": 6.56470510876e-05, "dmean": 0.00975579768419, "max": 0.706019639969, "var": 0.00878007244319, "mean": 0.428121328354}, "chords_scale": "major", "hpcp_entropy": {"dmean2": 0.983090937138, "median": 2.23360705376, "min": 0, "dvar2": 0.680535376072, "dvar": 0.259173125029, "dmean": 0.594645082951, "max": 4.27656173706, "var": 0.504671394825, "mean": 2.2069773674}}, "metadata": {"audio_properties": {"equal_loudness": 0, "codec": "mp3", "downmix": "mix", "sample_rate": 44100, "analysis_sample_rate": 44100, "bit_rate": 160023, "md5_encoded": "a797323d5330ed6377af3cc4530cb2ce", "length": 184.163269043, "replay_gain": -13.0802154541, "lossless": false}, "version": {"essentia_build_sha": "70f2e5ece6736b2c40cc944ad0e695b16b925413", "essentia": "2.1-beta2", "extractor": "music 1.0", "essentia_git_sha": "v2.1_beta2"}, "tags": {"title": ["Look a Ghost"], "media": ["CD"], "albumartist": ["Unwound"], "musicbrainz_recordingid": ["1fa08618-4f57-4ca7-80de-ba3ee98cf98c"], "encoding": ["Lavf56.36.100"], "musicbrainz_albumartistid": ["9434776a-bdd7-4f58-b719-b5d95b9d2a11"], "originalyear": ["2001"], "discnumber": ["1/2"], "album": ["Leaves Turn Inside You"], "catalognumber": ["KRS 369"], "musicbrainz album release country": ["US"], "musicbrainz album type": ["album"], "musicbrainz album status": ["official"], "asin": ["B00005B685"], "date": ["2001"], "file_name": "Unwound - Look a Ghost.mp3", "musicbrainz_releasegroupid": ["75a65e18-da84-345d-a30e-4a7e1b605a22"], "script": ["Latn"], "originaldate": ["2001"], "musicbrainz_albumid": ["3b1b7509-7bff-4a95-9ee8-f5e050cf102e"], "artist": ["Unwound"], "artistsort": ["Unwound"], "tracknumber": ["2/7"], "label": ["Kill Rock Stars"], "albumartistsort": ["Unwound"], "musicbrainz_artistid": ["9434776a-bdd7-4f58-b719-b5d95b9d2a11"]}}, "rhythm": {"bpm_histogram_first_peak_bpm": {"dmean2": 0, "median": 136, "min": 136, "dvar2": 0, "dvar": 0, "dmean": 0, "max": 136, "var": 0, "mean": 136}, "bpm": 137.794128418, "bpm_histogram_second_peak_spread": {"dmean2": 0, "median": 0, "min": 0, "dvar2": 0, "dvar": 0, "dmean": 0, "max": 0, "var": 0, "mean": 0}, "bpm_histogram_first_peak_weight": {"dmean2": 0, "median": 0.472422063351, "min": 0.472422063351, "dvar2": 0, "dvar": 0, "dmean": 0, "max": 0.472422063351, "var": 0, "mean": 0.472422063351}, "onset_rate": 3.99064660072, "beats_position": [0.46439909935, 0.952018141747, 1.43963718414, 1.90403628349, 2.34521532059, 2.7863945961, 3.22757363319, 3.66875267029, 4.1099319458, 4.55111122131, 4.99229001999, 5.4334692955, 5.86303853989, 6.29260778427, 6.72217655182, 7.1517457962, 7.58131504059, 8.01088428497, 8.42884349823, 8.87002277374, 9.31120204926, 9.75238037109, 10.1935596466, 10.6347389221, 11.0643081665, 11.505487442, 11.9350566864, 12.3762359619, 12.8058052063, 13.235373497, 13.6765527725, 14.1061220169, 14.5356912613, 14.9768705368, 15.4180498123, 15.8592290878, 16.2887973785, 16.7299766541, 17.1595458984, 17.600725174, 18.0419044495, 18.483083725, 18.9242630005, 19.365442276, 19.8066215515, 20.247800827, 20.6657600403, 21.0953292847, 21.5248966217, 21.9660758972, 22.4072551727, 22.8484344482, 23.2780036926, 23.7191829681, 24.1603622437, 24.589931488, 25.0195007324, 25.4490699768, 25.8902492523, 26.3314285278, 26.7726078033, 27.2137870789, 27.6549663544, 28.0845336914, 28.5024929047, 28.932062149, 29.3616313934, 29.7912006378, 30.2207698822, 30.6503391266, 31.0682983398, 31.4978675842, 31.9274368286, 32.357006073, 32.7865753174, 33.2277526855, 33.6573219299, 34.0868911743, 34.5164604187, 34.9460296631, 35.3872108459, 35.8283882141, 36.269569397, 36.7107467651, 37.151927948, 37.5814971924, 38.0110664368, 38.4406356812, 38.8702049255, 39.3113822937, 39.7525634766, 40.1937408447, 40.6233100891, 41.0528793335, 41.4940567017, 41.9352378845, 42.3648071289, 42.7943763733, 43.2355537415, 43.6767349243, 44.1063041687, 44.5358734131, 44.9770507812, 45.4066200256, 45.8478012085, 46.2889785767, 46.718547821, 47.1597251892, 47.6009063721, 48.0420837402, 48.4716529846, 48.901222229, 49.3424034119, 49.78358078, 50.2247619629, 50.6659393311, 51.1071205139, 51.5482978821, 51.9778671265, 52.4074363708, 52.8486175537, 53.2897949219, 53.73097229, 54.1721534729, 54.6017227173, 55.0312919617, 55.4608612061, 55.8904304504, 56.3316078186, 56.7727890015, 57.2023582458, 57.6319274902, 58.0731048584, 58.5026741028, 58.9322433472, 59.3618125916, 59.7913818359, 60.2325630188, 60.673740387, 61.1033096313, 61.5328788757, 61.9624481201, 62.3920173645, 62.8331947327, 63.2743759155, 63.7155532837, 64.1567306519, 64.5863037109, 65.0158691406, 65.4454421997, 65.8750076294, 66.3045806885, 66.7341461182, 67.1753311157, 67.6165084839, 68.0576858521, 68.4872512817, 68.9168243408, 69.358001709, 69.7991790771, 70.2403640747, 70.6815414429, 71.122718811, 71.5522918701, 71.9818572998, 72.423034668, 72.8642196655, 73.3053970337, 73.7465744019, 74.18775177, 74.6057128906, 75.0352783203, 75.4648513794, 75.9060287476, 76.3472061157, 76.7883911133, 77.2295684814, 77.6707458496, 78.1003189087, 78.5298843384, 78.9710617065, 79.4122467041, 79.8534240723, 80.2946014404, 80.7241744995, 81.1537399292, 81.5717010498, 82.0012664795, 82.4308395386, 82.8720169067, 83.3131942749, 83.7543716431, 84.1955566406, 84.6367340088, 85.0546951294, 85.4842605591, 85.9138336182, 86.3550109863, 86.7961883545, 87.2373657227, 87.6553268433, 88.0848999023, 88.514465332, 88.9440383911, 89.3736038208, 89.8031692505, 90.244354248, 90.6739196777, 91.1034927368, 91.5330581665, 91.9742355347, 92.4038085938, 92.8333740234, 93.251335144, 93.6925125122, 94.1220855713, 94.5400466919, 94.9696121216, 95.3991851807, 95.8403625488, 96.281539917, 96.7111129761, 97.1522903442, 97.5934677124, 98.0346450806, 98.4758224487, 98.9053955078, 99.346572876, 99.7761459351, 100.217323303, 100.646888733, 101.08807373, 101.529251099, 101.958816528, 102.388389587, 102.817955017, 103.247528076, 103.677093506, 104.118278503, 104.559455872, 105.00063324, 105.430198669, 105.859771729, 106.289337158, 106.718910217, 107.160087585, 107.601264954, 108.042449951, 108.483627319, 108.90158844, 109.33115387, 109.772331238, 110.201904297, 110.631469727, 111.061042786, 111.490608215, 111.920181274, 112.361358643, 112.790924072, 113.220497131, 113.650062561, 114.07963562, 114.520812988, 114.950386047, 115.379951477, 115.809524536, 116.239089966, 116.657051086, 117.098228455, 117.539405823, 117.968978882, 118.398544312, 118.839729309, 119.280906677, 119.722084045, 120.163261414, 120.604438782, 121.045623779, 121.475189209, 121.904762268, 122.345939636, 122.787117004, 123.228294373, 123.66947937, 124.110656738, 124.540222168, 124.969795227, 125.399360657, 125.840545654, 126.270111084, 126.711288452, 127.140861511, 127.570426941, 128, 128.42956543, 128.859130859, 129.300308228, 129.729888916, 130.147842407, 130.565795898, 131.006988525, 131.448165894, 131.889343262, 132.318908691, 132.748474121, 133.189651489, 133.607620239, 134.02557373, 134.466751099, 134.907928467, 135.337509155, 135.767074585, 136.208251953, 136.649429321, 137.078994751, 137.520172119, 137.949752808, 138.379318237, 138.808883667, 139.238449097, 139.668029785, 140.109207153, 140.538772583, 140.968338013, 141.397918701, 141.827484131, 142.257049561, 142.68661499, 143.127792358, 143.557373047, 143.986938477, 144.416503906, 144.857681274, 145.287246704, 145.728439331, 146.169616699, 146.599182129, 147.028747559, 147.458312988, 147.887893677, 148.329071045, 148.770248413, 149.211425781, 149.652603149, 150.093780518, 150.523345947, 150.952926636, 151.394104004, 151.835281372, 152.27645874, 152.717636108, 153.147201538, 153.576782227, 154.006347656, 154.435913086, 154.877090454, 155.318267822, 155.759460449, 156.189025879, 156.630203247, 157.059768677, 157.500946045, 157.930511475, 158.371704102, 158.81288147, 159.242446899, 159.683624268, 160.124801636, 160.554367065, 160.983947754, 161.425125122, 161.854690552, 162.284255981, 162.72543335, 163.166610718, 163.607803345, 164.048980713, 164.490158081, 164.931335449, 165.372512817, 165.813690186, 166.254867554, 166.696044922, 167.12562561, 167.55519104, 167.996368408, 168.437545776, 168.878723145, 169.308303833, 169.737869263, 170.167434692, 170.597000122, 171.03817749, 171.479354858, 171.920547485, 172.361724854, 172.802902222, 173.232467651, 173.662033081, 174.103210449, 174.532791138, 174.962356567, 175.403533936, 175.867935181, 176.29750061, 176.72706604, 177.226303101, 177.737136841, 178.236373901, 178.816864014, 179.397369385, 179.977859497, 180.558364868, 181.138870239, 181.719360352, 182.299865723, 182.891967773, 183.484085083], "beats_loudness": {"dmean2": 0.030326815322, "median": 0.0420637018979, "min": 3.00819408494e-07, "dvar2": 0.000509189558215, "dvar": 0.000183646377991, "dmean": 0.0186650361866, "max": 0.0986310169101, "var": 0.000350465328665, "mean": 0.0424313992262}, "danceability": 1.1905105114, "bpm_histogram_second_peak_weight": {"dmean2": 0, "median": 0.0383693054318, "min": 0.0383693054318, "dvar2": 0, "dvar": 0, "dmean": 0, "max": 0.0383693054318, "var": 0, "mean": 0.0383693054318}, "beats_count": 418, "bpm_histogram_second_peak_bpm": {"dmean2": 0, "median": 144, "min": 144, "dvar2": 0, "dvar": 0, "dmean": 0, "max": 144, "var": 0, "mean": 144}, "bpm_histogram_first_peak_spread": {"dmean2": 0, "median": 0.488311707973, "min": 0.488311707973, "dvar2": 0, "dvar": 0, "dmean": 0, "max": 0.488311707973, "var": 0, "mean": 0.488311707973}, "beats_loudness_band_ratio": {"dmean2": [0.39366877079, 0.255092144012, 0.131943568587, 0.0724276825786, 0.215587109327, 0.0895635411143], "median": [0.46536886692, 0.193761512637, 0.0874024778605, 0.0576831847429, 0.112568736076, 0.0335887819529], "min": [0.0375109314919, 0.00479208491743, 0.00107255380135, 2.07744142244e-05, 2.09956069739e-05, 6.79543954902e-05], "dvar2": [0.0944575965405, 0.0393108762801, 0.0126759922132, 0.00369553593919, 0.0489830113947, 0.0149276321754], "dvar": [0.0312755033374, 0.0135885383934, 0.00428829854354, 0.00145967490971, 0.0140347694978, 0.00496267201379], "dmean": [0.222714856267, 0.148155152798, 0.0759529620409, 0.0429005101323, 0.120447210968, 0.047039013356], "max": [0.969957709312, 0.687041699886, 0.39080363512, 0.293209940195, 0.651684582233, 0.802462041378], "var": [0.0387532822788, 0.0199733264744, 0.00593907572329, 0.00195742910728, 0.0132611161098, 0.00343752279878], "mean": [0.484505981207, 0.215640202165, 0.103567391634, 0.0645069628954, 0.141530349851, 0.0461701974273]}}, "lowlevel": {"barkbands_spread": {"dmean2": 8.95272731781, "median": 22.1159477234, "min": 0.511235415936, "dvar2": 103.203552246, "dvar": 46.6298294067, "dmean": 5.80499219894, "max": 112.177894592, "var": 146.433059692, "mean": 23.4316883087}, "melbands_spread": {"dmean2": 10.7720499039, "median": 17.9123725891, "min": 0.505217373371, "dvar2": 202.342788696, "dvar": 93.0075302124, "dmean": 6.87991142273, "max": 255.773223877, "var": 301.108886719, "mean": 21.2966003418}, "hfc": {"dmean2": 8.25204181671, "median": 19.7789039612, "min": 1.15645156826e-16, "dvar2": 108.65083313, "dvar": 60.3167381287, "dmean": 5.99519395828, "max": 163.62059021, "var": 200.439346313, "mean": 22.1724739075}, "barkbands_kurtosis": {"dmean2": 5.06589746475, "median": 2.14208173752, "min": -1.92346608639, "dvar2": 105.847808838, "dvar": 40.4412574768, "dmean": 3.13564372063, "max": 161.29776001, "var": 112.502677917, "mean": 4.99226617813}, "gfcc": {"mean": [5.53432846069, 103.67956543, -114.789001465, 49.8334541321, -56.0660400391, 18.138507843, -49.2035980225, 4.57494974136, -13.9803762436, -8.82790851593, -25.7332248688, -2.12622666359, -5.52399110794], "icov": [[0.000499565969221, -0.00145083386451, 0.00150706956629, -0.00131897593383, 0.00131355039775, -0.00171754357871, 0.00153669063002, -0.00140495644882, 0.00159546500072, -0.00143005012069, 0.00157195620704, -0.00102730211802, 0.00114931340795], [-0.00145083386451, 0.00954102911055, -0.00470417132601, 0.00824214611202, -0.00619988888502, 0.00718976045027, -0.00737089803442, 0.00857017654926, -0.00804325286299, 0.00787265598774, -0.00791096966714, 0.00624816631898, -0.00649417517707], [0.00150706956629, -0.00470417132601, 0.00630102027208, -0.00464359903708, 0.00370427430607, -0.00557818682864, 0.00426129391417, -0.0042837690562, 0.00480082072318, -0.00552818365395, 0.00530777079985, -0.0046483441256, 0.00540030933917], [-0.00131897593383, 0.00824214611202, -0.00464359903708, 0.0124919507653, -0.00434485450387, 0.00486542703584, -0.00921268388629, 0.00851306598634, -0.00766750471666, 0.00499328505248, -0.00760055845603, 0.00714566744864, -0.00834530498832], [0.00131355039775, -0.00619988888502, 0.00370427430607, -0.00434485450387, 0.00924545805901, -0.00630774581805, 0.00641219923273, -0.00688685243949, 0.00327126146294, -0.00420921016484, 0.00470080133528, -0.00460097799078, 0.00352564849891], [-0.00171754357871, 0.00718976045027, -0.00557818682864, 0.00486542703584, -0.00630774581805, 0.0156372208148, -0.00655232788995, 0.00364235648885, -0.00434235436842, 0.00601898832247, -0.00798782799393, 0.00383721292019, -0.00366263976321], [0.00153669063002, -0.00737089803442, 0.00426129391417, -0.00921268388629, 0.00641219923273, -0.00655232788995, 0.0164753943682, -0.00849314406514, 0.00648451875895, -0.00355066126212, 0.00347009976394, -0.00440284097567, 0.00409763259813], [-0.00140495644882, 0.00857017654926, -0.0042837690562, 0.00851306598634, -0.00688685243949, 0.00364235648885, -0.00849314406514, 0.0192095544189, -0.0115965390578, 0.00413689156994, -0.00178610510193, 0.0040302798152, -0.00588036794215], [0.00159546500072, -0.00804325286299, 0.00480082072318, -0.00766750471666, 0.00327126146294, -0.00434235436842, 0.00648451875895, -0.0115965390578, 0.0196166876704, -0.007701149676, 0.00575691414997, -0.00051033415366, 0.00198428705335], [-0.00143005012069, 0.00787265598774, -0.00552818365395, 0.00499328505248, -0.00420921016484, 0.00601898832247, -0.00355066126212, 0.00413689156994, -0.007701149676, 0.0212838370353, -0.0109070781618, 0.00374989700504, -0.000812756130472], [0.00157195620704, -0.00791096966714, 0.00530777079985, -0.00760055845603, 0.00470080133528, -0.00798782799393, 0.00347009976394, -0.00178610510193, 0.00575691414997, -0.0109070781618, 0.024735212326, -0.00943017099053, 0.00576078984886], [-0.00102730211802, 0.00624816631898, -0.0046483441256, 0.00714566744864, -0.00460097799078, 0.00383721292019, -0.00440284097567, 0.0040302798152, -0.00051033415366, 0.00374989700504, -0.00943017099053, 0.0206193197519, -0.00904459413141], [0.00114931340795, -0.00649417517707, 0.00540030933917, -0.00834530498832, 0.00352564849891, -0.00366263976321, 0.00409763259813, -0.00588036794215, 0.00198428705335, -0.000812756130472, 0.00576078984886, -0.00904459413141, 0.0236934795976]], "cov": [[11043.8701172, -48.8224220276, -1970.3737793, -124.117073059, -501.621826172, 159.881652832, -267.416870117, -27.313829422, -280.297485352, -70.5862960815, -153.343429565, -84.5463104248, 21.1749668121], [-48.8224220276, 862.045227051, -184.051193237, -191.942382812, 190.41607666, -161.426422119, 22.786655426, -82.2884674072, 128.294250488, -150.207839966, 19.6185359955, -66.5200119019, 89.2792510986], [-1970.3737793, -184.051193237, 794.524475098, 59.9776878357, 20.9242191315, 82.0336074829, 28.0302944183, 16.8475952148, -30.4469928741, 99.5767288208, 29.6028633118, 66.8977432251, -81.6281509399], [-124.117073059, -191.942382812, 59.9776878357, 307.270111084, -80.2715454102, 36.2210121155, 99.236869812, -23.9797229767, 7.66142225266, 26.7642803192, 37.0557479858, -15.2826328278, 27.829990387], [-501.621826172, 190.41607666, 20.9242191315, -80.2715454102, 305.536590576, 9.45842170715, -35.6405601501, 65.6262359619, 78.3222579956, -17.9291973114, -10.471827507, 4.58977794647, 19.0540847778], [159.881652832, -161.426422119, 82.0336074829, 36.2210121155, 9.45842170715, 151.633270264, 11.1146841049, 32.986125946, -26.7039775848, 29.6449279785, 12.7220258713, 23.3904247284, -20.5545578003], [-267.416870117, 22.786655426, 28.0302944183, 99.236869812, -35.6405601501, 11.1146841049, 144.195953369, -1.12318205833, 9.37277698517, -10.2084331512, 25.6384048462, -4.50599718094, 20.4979076385], [-27.313829422, -82.2884674072, 16.8475952148, -23.9797229767, 65.6262359619, 32.986125946, -1.12318205833, 143.330947876, 52.2313461304, 16.7621154785, -31.9117050171, 0.311919361353, 1.6636557579], [-280.297485352, 128.294250488, -30.4469928741, 7.66142225266, 78.3222579956, -26.7039775848, 9.37277698517, 52.2313461304, 141.24017334, -8.46859359741, -10.1858272552, -33.9983100891, 31.3376579285], [-70.5862960815, -150.207839966, 99.5767288208, 26.7642803192, -17.9291973114, 29.6449279785, -10.2084331512, 16.7621154785, -8.46859359741, 103.7787323, 20.3847141266, 16.2624225616, -32.3188018799], [-153.343429565, 19.6185359955, 29.6028633118, 37.0557479858, -10.471827507, 12.7220258713, 25.6384048462, -31.9117050171, -10.1858272552, 20.3847141266, 80.7564849854, 20.1925640106, -0.0835078954697], [-84.5463104248, -66.5200119019, 66.8977432251, -15.2826328278, 4.58977794647, 23.3904247284, -4.50599718094, 0.311919361353, -33.9983100891, 16.2624225616, 20.1925640106, 86.0710906982, 0.379449367523], [21.1749668121, 89.2792510986, -81.6281509399, 27.829990387, 19.0540847778, -20.5545578003, 20.4979076385, 1.6636557579, 31.3376579285, -32.3188018799, -0.0835078954697, 0.379449367523, 81.3437423706]]}, "spectral_energyband_middle_low": {"dmean2": 0.010215931572, "median": 0.0122299641371, "min": 5.58515994764e-22, "dvar2": 0.000185984521522, "dvar": 7.62121053413e-05, "dmean": 0.00649619940668, "max": 0.091424882412, "var": 0.000139194933581, "mean": 0.015033335425}, "melbands_crest": {"dmean2": 5.19837808609, "median": 15.241232872, "min": 2.16073060036, "dvar2": 21.2760391235, "dvar": 8.11116981506, "dmean": 3.16378712654, "max": 34.9312896729, "var": 24.2876529694, "mean": 15.8299341202}, "spectral_kurtosis": {"dmean2": 2.44330000877, "median": 3.04683160782, "min": -1.14570617676, "dvar2": 13.6523780823, "dvar": 5.30583286285, "dmean": 1.50532913208, "max": 46.4852828979, "var": 15.2473115921, "mean": 4.08314418793}, "spectral_rms": {"dmean2": 0.00142144551501, "median": 0.00574727915227, "min": 3.24725728078e-12, "dvar2": 2.09297036236e-06, "dvar": 9.15453540529e-07, "dmean": 0.000911872368306, "max": 0.0115125905722, "var": 3.35727190759e-06, "mean": 0.00561580201611}, "zerocrossingrate": {"dmean2": 0.0111615145579, "median": 0.04931640625, "min": 0.0048828125, "dvar2": 0.000149954998051, "dvar": 0.000128645711811, "dmean": 0.00933040678501, "max": 0.5068359375, "var": 0.000841174565721, "mean": 0.0536877326667}, "silence_rate_60dB": {"dmean2": 0.0277392510325, "median": 0, "min": 0, "dvar2": 0.0284783132374, "dvar": 0.0136741762981, "dmean": 0.0138678764924, "max": 1, "var": 0.0500299558043, "mean": 0.0528173446655}, "erbbands_kurtosis": {"dmean2": 1.19704031944, "median": -0.581330299377, "min": -1.84608674049, "dvar2": 5.04738235474, "dvar": 2.14133572578, "dmean": 0.751834571362, "max": 40.6244125366, "var": 7.55904912949, "mean": 0.125912427902}, "erbbands": {"dmean2": [0.101146161556, 1.18038868904, 7.29139661789, 14.47544384, 14.7069225311, 17.5287208557, 20.8498363495, 20.0873413086, 22.280412674, 16.8905506134, 17.2608566284, 15.1657972336, 16.6343975067, 25.5645484924, 12.7223787308, 13.1714611053, 10.9902544022, 11.116973877, 17.6792640686, 51.2106781006, 51.5200233459, 39.1277351379, 11.1912584305, 8.06114959717, 5.13481807709, 6.42523908615, 5.88223075867, 6.14306592941, 5.06110715866, 4.11789417267, 3.68950104713, 2.79013061523, 1.03502702713, 0.59897172451, 0.210159018636, 0.082685045898, 0.016886068508, 0.00144484604243, 4.53959983133e-05, 2.10365433304e-05], "median": [0.0215958021581, 0.651403486729, 7.87356853485, 11.1688995361, 7.91902923584, 8.68307113647, 12.0977182388, 11.3648958206, 13.4617147446, 8.77878189087, 8.9419260025, 7.64179325104, 13.226190567, 19.0665073395, 9.02491950989, 6.80838298798, 7.05614709854, 8.83890533447, 18.3733139038, 44.5508079529, 50.0605735779, 35.2907371521, 11.052570343, 6.70496320724, 3.91676282883, 4.47250175476, 4.8365149498, 4.5566906929, 3.3595662117, 3.85682296753, 2.0612039566, 1.35469555855, 0.651939153671, 0.327625632286, 0.0949584543705, 0.0305267367512, 0.0052347406745, 0.000473716994748, 3.42200255545e-05, 4.16218317696e-05], "min": [4.0640634565e-22, 4.3976761412e-22, 1.38002128196e-20, 7.78871455322e-20, 1.53570953331e-19, 5.24343379648e-19, 4.23070338934e-19, 5.79185092368e-19, 1.45519515876e-18, 2.24275733549e-18, 1.85204994688e-18, 1.11338469091e-18, 3.73266864417e-18, 2.44466157646e-18, 1.81625639421e-18, 2.35610837637e-18, 6.82669264408e-18, 6.27178225246e-18, 8.48040205086e-18, 7.87381975433e-18, 1.35269011007e-17, 6.96874519785e-18, 1.41957163306e-17, 1.59249010052e-17, 1.0896944036e-17, 1.0481431362e-17, 1.97355980101e-17, 1.3493726195e-17, 2.05811867001e-17, 2.03096778989e-17, 1.93474517795e-17, 1.75607797067e-17, 1.54267314813e-17, 1.61427390195e-17, 8.11706048526e-18, 4.09389180022e-18, 3.16223579476e-18, 1.39420640841e-18, 3.67320175105e-19, 3.36649940041e-20], "dvar2": [0.0469027906656, 4.51662302017, 89.0525360107, 436.032928467, 676.863952637, 850.867431641, 1139.44836426, 1534.50720215, 1308.42089844, 910.234130859, 958.695983887, 1285.13269043, 949.353881836, 1741.97436523, 428.496917725, 562.038574219, 324.055877686, 264.243103027, 612.503601074, 5467.61816406, 6062.06884766, 3013.79077148, 271.843414307, 174.512985229, 94.0156707764, 200.040359497, 109.793418884, 110.660964966, 98.5062332153, 56.3845252991, 235.345199585, 123.728767395, 15.3557605743, 8.21926403046, 0.280666738749, 0.0413671992719, 0.00205689296126, 8.64484718477e-06, 8.70150529408e-09, 5.59419122137e-10], "dvar": [0.0187491513789, 2.01301240921, 31.4106426239, 158.620742798, 258.563720703, 338.942932129, 541.827575684, 559.001403809, 549.330566406, 435.734313965, 484.461151123, 562.27947998, 379.271209717, 719.911071777, 168.798553467, 217.529312134, 133.316711426, 113.022460938, 259.11239624, 2276.87841797, 2881.86010742, 1275.55603027, 117.794273376, 70.3160095215, 39.5484390259, 90.1230392456, 51.2032966614, 51.0365905762, 45.1296806335, 26.7877464294, 97.8469772339, 48.8108673096, 7.20674180984, 3.80710792542, 0.136833205819, 0.0184903535992, 0.000823123962618, 3.7329564293e-06, 3.67020436265e-09, 2.43220221741e-10], "dmean": [0.0618167668581, 0.729588747025, 4.24894762039, 8.44154262543, 8.72248649597, 10.8101491928, 13.7849292755, 12.3183765411, 14.1490888596, 11.0464286804, 11.4851636887, 9.91112709045, 10.4341115952, 16.0274429321, 7.86366605759, 8.07069206238, 6.79771280289, 6.99951839447, 11.1817970276, 32.150428772, 33.1627807617, 24.6341705322, 7.17820692062, 5.03082799911, 3.32740235329, 4.24472093582, 3.97344994545, 4.17697095871, 3.4657497406, 2.77281618118, 2.47519373894, 1.86312317848, 0.700218200684, 0.409026831388, 0.145206063986, 0.0548682399094, 0.011109107174, 0.000974211958237, 3.08637645503e-05, 1.36043126986e-05], "max": [1.71042251587, 15.0736227036, 64.3788757324, 158.155014038, 194.101776123, 263.360870361, 382.979492188, 296.964141846, 480.484436035, 377.010437012, 498.822814941, 816.536499023, 584.989379883, 809.989624023, 268.013885498, 254.374557495, 211.168212891, 177.929168701, 203.162872314, 715.795776367, 883.668457031, 539.46673584, 193.315673828, 152.527053833, 159.463027954, 497.252838135, 135.636062622, 165.072753906, 140.601470947, 126.193435669, 440.027587891, 346.064575195, 185.496994019, 140.446044922, 13.7358455658, 4.77024126053, 0.660643517971, 0.0368194244802, 0.00103384209797, 0.000167690930539], "var": [0.0230116341263, 2.67805790901, 50.9119491577, 218.806472778, 258.713623047, 551.584289551, 1238.13085938, 637.710449219, 1159.96313477, 877.259399414, 849.744506836, 1175.87609863, 832.416320801, 1901.78674316, 329.573150635, 462.822631836, 223.794433594, 195.542037964, 529.420898438, 5847.90283203, 10624.4033203, 3355.04321289, 229.320373535, 121.414840698, 66.9591827393, 188.286605835, 111.574432373, 128.27507019, 89.9113464355, 53.8877410889, 115.282615662, 61.6292152405, 12.960103035, 4.90442371368, 0.219305559993, 0.0262403469533, 0.000956932955887, 5.01007025377e-06, 4.76337902455e-09, 5.57174861804e-10], "mean": [0.0761788487434, 1.17703390121, 9.02557563782, 15.265455246, 12.4210195541, 16.7516841888, 24.707950592, 19.4182262421, 23.5775051117, 18.8304576874, 18.4090213776, 16.7162857056, 19.9170742035, 33.3578453064, 14.8712215424, 14.8971881866, 12.0676908493, 12.9464788437, 24.1669998169, 69.1672439575, 85.9346160889, 54.1686134338, 15.2857723236, 9.7316608429, 6.41512823105, 8.32370090485, 8.19310283661, 8.58649730682, 6.74966239929, 5.67535829544, 4.3480591774, 3.13392996788, 1.27614200115, 0.667825162411, 0.218256682158, 0.076526068151, 0.0148748084903, 0.00131051475182, 5.59000400244e-05, 4.42160235252e-05]}, "spectral_strongpeak": {"dmean2": 0.558719813824, "median": 0.473679989576, "min": 0, "dvar2": 1.37109863758, "dvar": 0.516178131104, "dmean": 0.315867245197, "max": 12.7995376587, "var": 0.478593736887, "mean": 0.581466436386}, "spectral_energy": {"dmean2": 0.0182230323553, "median": 0.0338569991291, "min": 1.08082973128e-20, "dvar2": 0.000427797232987, "dvar": 0.000177405469003, "dmean": 0.0114964842796, "max": 0.135853245854, "var": 0.000379821081879, "mean": 0.0357670299709}, "average_loudness": 0.960917890072, "spectral_rolloff": {"dmean2": 836.475280762, "median": 904.39453125, "min": 64.599609375, "dvar2": 1335760.125, "dvar": 612217.8125, "dmean": 495.236602783, "max": 18540.0878906, "var": 1404514.375, "mean": 1296.4284668}, "spectral_centroid": {"dmean2": 357.179473877, "median": 1152.0949707, "min": 139.716812134, "dvar2": 130745.921875, "dvar": 67830.890625, "dmean": 232.514846802, "max": 10657.7275391, "var": 316283.03125, "mean": 1209.24572754}, "pitch_salience": {"dmean2": 0.124088548124, "median": 0.516892910004, "min": 0.120153822005, "dvar2": 0.0122050475329, "dvar": 0.00458742072806, "dmean": 0.0751431584358, "max": 0.869822025299, "var": 0.0120322164148, "mean": 0.514794707298}, "spectral_energyband_middle_high": {"dmean2": 0.00251327315345, "median": 0.0052871783264, "min": 1.56356926715e-21, "dvar2": 9.70177916315e-06, "dvar": 4.89979083795e-06, "dmean": 0.00171583041083, "max": 0.0330605693161, "var": 1.85216849786e-05, "mean": 0.00597080867738}, "spectral_contrast_coeffs": {"dmean2": [0.084849819541, 0.0751340463758, 0.0583274625242, 0.0479115471244, 0.0372387990355, 0.0259545948356], "median": [-0.576093494892, -0.717083752155, -0.778111100197, -0.760537147522, -0.780185818672, -0.740224301815], "min": [-0.965275645256, -0.964681684971, -0.953815281391, -0.956726789474, -0.960009634495, -0.960771799088], "dvar2": [0.00469200871885, 0.00345407682471, 0.00205558445305, 0.00148536090273, 0.00104408117477, 0.000489430967718], "dvar": [0.00177484750748, 0.00134557276033, 0.000792779610492, 0.000585375237279, 0.00043413208914, 0.000226059986744], "dmean": [0.0512686222792, 0.0461829453707, 0.0356699004769, 0.0291412454098, 0.0228817816824, 0.0166657567024], "max": [-0.304975092411, -0.463450729847, -0.578995883465, -0.604170799255, -0.594058871269, -0.620023906231], "var": [0.00707678729668, 0.00410236977041, 0.00298994360492, 0.00299821188673, 0.00224088621326, 0.00218474003486], "mean": [-0.579231202602, -0.717038452625, -0.775977313519, -0.761583089828, -0.776077508926, -0.750402212143]}, "melbands_skewness": {"dmean2": 1.27756154537, "median": 3.06525945663, "min": -1.68334817886, "dvar2": 2.03831338882, "dvar": 0.834235489368, "dmean": 0.798207163811, "max": 17.280166626, "var": 2.64290499687, "mean": 3.39499568939}, "spectral_spread": {"dmean2": 710135.125, "median": 4444086.5, "min": 1452460.125, "dvar2": 782421262336, "dvar": 449269235712, "dmean": 493178.5625, "max": 39372716, "var": 1810788515840.0, "mean": 4574258.5}, "dissonance": {"dmean2": 0.0224439948797, "median": 0.478395998478, "min": 0.2461283952, "dvar2": 0.000484027841594, "dvar": 0.000185827739188, "dmean": 0.0133498376235, "max": 0.499996602535, "var": 0.000601022446062, "mean": 0.472867548466}, "spectral_skewness": {"dmean2": 0.30464169383, "median": 1.40443408489, "min": -0.116458378732, "dvar2": 0.11624968797, "dvar": 0.0477970056236, "dmean": 0.198427796364, "max": 5.25729322433, "var": 0.295512318611, "mean": 1.49172782898}, "spectral_flux": {"dmean2": 0.0421859957278, "median": 0.0792780220509, "min": 1.03962963238e-10, "dvar2": 0.00186100159772, "dvar": 0.000848838652018, "dmean": 0.0269454717636, "max": 0.324719905853, "var": 0.00194121431559, "mean": 0.0869019925594}, "spectral_contrast_valleys": {"dmean2": [0.675328969955, 0.582157313824, 0.502806007862, 0.437212765217, 0.34816801548, 0.35844129324], "median": [-7.00973463058, -6.53524923325, -7.081138134, -7.31099843979, -7.3506064415, -9.8401632309], "min": [-27.5006828308, -27.3340015411, -27.2920303345, -27.1863899231, -27.2458515167, -27.2161750793], "dvar2": [0.311994343996, 0.260195821524, 0.191539376974, 0.183111727238, 0.145831912756, 0.178490042686], "dvar": [0.140676125884, 0.123323790729, 0.101385973394, 0.102611623704, 0.0946640297771, 0.117733851075], "dmean": [0.41505292058, 0.363234132528, 0.318660974503, 0.287176758051, 0.250381797552, 0.280735611916], "max": [-5.21913814545, -4.6594247818, -5.61727046967, -5.91344499588, -5.8433098793, -7.74915266037], "var": [0.882226228714, 1.29374992847, 1.50929737091, 1.53097140789, 1.41798341274, 1.22721397877], "mean": [-7.11218881607, -6.73329925537, -7.34327983856, -7.56542491913, -7.57518386841, -10.0353393555]}, "erbbands_flatness_db": {"dmean2": 0.0206849053502, "median": 0.146708145738, "min": 0.0263079311699, "dvar2": 0.00042402165127, "dvar": 0.000223166643991, "dmean": 0.0144550018013, "max": 0.326219379902, "var": 0.00146789022256, "mean": 0.152756288648}, "spectral_energyband_high": {"dmean2": 0.000470814178698, "median": 0.000484600459458, "min": 7.70489498466e-21, "dvar2": 8.02237252628e-07, "dvar": 4.29303611327e-07, "dmean": 0.000350951508153, "max": 0.0174554754049, "var": 1.12940358576e-06, "mean": 0.000823729846161}, "spectral_entropy": {"dmean2": 0.205012857914, "median": 7.61045026779, "min": 4.71717453003, "dvar2": 0.0382960736752, "dvar": 0.0200320277363, "dmean": 0.144252076745, "max": 9.78999614716, "var": 0.215919137001, "mean": 7.54511165619}, "silence_rate_20dB": {"dmean2": 0, "median": 1, "min": 1, "dvar2": 0, "dvar": 0, "dmean": 0, "max": 1, "var": 0, "mean": 1}, "melbands_flatness_db": {"dmean2": 0.0389262661338, "median": 0.204442083836, "min": 0.00635387189686, "dvar2": 0.00133916432969, "dvar": 0.000573928991798, "dmean": 0.0256316307932, "max": 0.620494186878, "var": 0.00469904392958, "mean": 0.212876334786}, "barkbands": {"dmean2": [0.000152029606397, 0.00439521437511, 0.00830449629575, 0.00453574163839, 0.00515456078574, 0.002510801889, 0.0013795067789, 0.000811801408418, 0.000633908319287, 0.000816272688098, 0.000319600338116, 0.000324997963617, 0.000243927919655, 0.000240478068008, 0.000680540513713, 0.00085144356126, 0.000915090553463, 0.000191053855815, 0.000117476134619, 0.000132460438181, 0.000144420235301, 0.000135118229082, 0.000149406449054, 8.29290002002e-05, 4.10038883274e-05, 1.25848191601e-05, 2.90331570341e-07], "median": [9.58148575592e-06, 0.00192034291103, 0.00883086677641, 0.00288058910519, 0.00290843634866, 0.00170498376247, 0.000850783661008, 0.000372024369426, 0.000288793526124, 0.000653424940538, 0.00015967010404, 0.000165178644238, 0.000148010556586, 0.000163940247148, 0.000619096041191, 0.000753872329369, 0.000697946816217, 0.000160349169164, 8.23735099402e-05, 8.94878685358e-05, 0.000130960484967, 9.78275857051e-05, 9.46397922235e-05, 4.91424907523e-05, 2.12739505514e-05, 4.19448952016e-06, 6.20633997528e-08], "min": [4.01479524333e-23, 3.43467829323e-24, 1.83625440605e-23, 3.62837961752e-23, 1.11013454318e-22, 5.35218710801e-23, 1.4991570703e-22, 8.86210127458e-23, 8.91480980482e-23, 9.24746298222e-23, 2.1957051884e-23, 7.2135870865e-23, 1.43900510099e-22, 1.62977337732e-22, 1.23480334385e-22, 2.23725446072e-22, 1.17510500112e-22, 2.91322571009e-22, 2.50826162937e-22, 2.04308171316e-22, 4.22628885202e-22, 6.30585216349e-22, 6.22504907786e-22, 9.1392865494e-22, 1.24018011881e-21, 1.54818160749e-21, 2.48849249741e-21], "dvar2": [1.23187589907e-07, 6.91659952281e-05, 0.000116388451715, 4.84494230477e-05, 7.2070339229e-05, 1.94109379663e-05, 4.49343951914e-06, 1.76106425442e-06, 1.84592067853e-06, 1.54656754603e-06, 2.90239853484e-07, 3.06176730192e-07, 1.50092731133e-07, 1.30245211949e-07, 8.78168009422e-07, 1.63071854331e-06, 2.02057572096e-06, 7.82608609029e-08, 4.53626221031e-08, 6.97882285294e-08, 5.7883354998e-08, 6.41054711537e-08, 2.20519481786e-07, 8.13499951846e-08, 2.30218351049e-08, 1.04456532313e-09, 3.91804481654e-13], "dvar": [6.41895496756e-08, 3.03884735331e-05, 4.03910671594e-05, 1.80810075108e-05, 2.83617628156e-05, 7.59168415243e-06, 2.01635134545e-06, 8.69027985573e-07, 8.07546996384e-07, 6.48123943847e-07, 1.14137684193e-07, 1.17531719468e-07, 6.0794640433e-08, 5.62406086146e-08, 3.54569152705e-07, 7.47700880765e-07, 8.4463232497e-07, 3.30473213239e-08, 1.83039450263e-08, 3.14608286089e-08, 2.75189293575e-08, 3.02084082193e-08, 9.81781411724e-08, 3.41302985873e-08, 1.10557518695e-08, 4.38013458837e-10, 1.57880856284e-13], "dmean": [0.000109337212052, 0.00273919734173, 0.00484884157777, 0.00265630404465, 0.00317229842767, 0.00160178157967, 0.000894280325156, 0.00053572159959, 0.000410573062254, 0.000515029591043, 0.000195869099116, 0.000196897424757, 0.000149536717799, 0.000150824576849, 0.000424943340477, 0.000545704562683, 0.00057136034593, 0.000121004610264, 7.40181421861e-05, 8.73061653692e-05, 9.80137047009e-05, 9.25476269913e-05, 9.99171606964e-05, 5.48768039152e-05, 2.83280660369e-05, 8.24842118163e-06, 1.82929937864e-07], "max": [0.00315801613033, 0.0630581602454, 0.0670321732759, 0.063804268837, 0.0620396584272, 0.0406230092049, 0.0297134649009, 0.0177162103355, 0.029095325619, 0.0249707121402, 0.00602237461135, 0.00506210327148, 0.00441023427993, 0.00335226254538, 0.00922242552042, 0.0156619530171, 0.0142385121435, 0.00280505861156, 0.0032249914947