{"tonal": {"thpcp": [1, 0.586468219757, 0.243370100856, 0.209648951888, 0.204870313406, 0.32328671217, 0.448055386543, 0.338911354542, 0.278536111116, 0.366747915745, 0.354959696531, 0.402099192142, 0.518586695194, 0.417961269617, 0.422445178032, 0.613705217838, 0.447601914406, 0.205566987395, 0.200273290277, 0.220147743821, 0.452154159546, 0.742765784264, 0.547508716583, 0.295404940844, 0.311654418707, 0.256405681372, 0.325528144836, 0.506379961967, 0.428882926702, 0.384246230125, 0.490312695503, 0.361603736877, 0.220524564385, 0.245405897498, 0.437617987394, 0.856127381325], "hpcp": {"dmean2": [0.226616129279, 0.235983818769, 0.212131619453, 0.217895910144, 0.239241451025, 0.207058653235, 0.147594586015, 0.139236465096, 0.156859874725, 0.219761028886, 0.280674129725, 0.241932317615, 0.175920903683, 0.159132897854, 0.15579469502, 0.177342176437, 0.218361586332, 0.211631089449, 0.194625258446, 0.21844817698, 0.195828735828, 0.164827719331, 0.179989039898, 0.276436388493, 0.405154198408, 0.343265920877, 0.262387305498, 0.173487797379, 0.142991915345, 0.139029487967, 0.179919183254, 0.204225823283, 0.196483299136, 0.182303100824, 0.201292544603, 0.215963557363], "median": [0.0577711313963, 0.0673829093575, 0.0536603964865, 0.0572692789137, 0.0591545514762, 0.0449003279209, 0.0230485908687, 0.0164037197828, 0.0221188236028, 0.0783194899559, 0.119896113873, 0.088994383812, 0.0383141152561, 0.0233513824642, 0.0190678201616, 0.0362202376127, 0.0504556037486, 0.0462020300329, 0.0446726307273, 0.0462177954614, 0.0410276092589, 0.0269935335964, 0.0278571490198, 0.0541164688766, 0.160805374384, 0.238212257624, 0.104584589601, 0.026476053521, 0.0137680908665, 0.0167257320136, 0.0370339080691, 0.0474223457277, 0.0367931947112, 0.0248648431152, 0.0218414347619, 0.0305133834481], "min": [0, 0, 0, 0, 0, 0, 0, 0, 0, 0, 0, 0, 0, 0, 0, 0, 0, 0, 0, 0, 0, 0, 0, 0, 0, 0, 0, 0, 0, 0, 0, 0, 0, 0, 0, 0], "dvar2": [0.108166590333, 0.110337838531, 0.0934267118573, 0.0984830409288, 0.113345861435, 0.0931160598993, 0.0754716917872, 0.0747805386782, 0.0762514173985, 0.0866590067744, 0.116178825498, 0.0936192944646, 0.0810909122229, 0.0833423361182, 0.080776438117, 0.0781830772758, 0.104546077549, 0.0951081588864, 0.0852552056313, 0.108210526407, 0.0917692855, 0.0820128619671, 0.0958203598857, 0.121009774506, 0.20062816143, 0.13249976933, 0.108144462109, 0.0821634456515, 0.0734213367105, 0.0682332739234, 0.0885989889503, 0.0988838970661, 0.104915164411, 0.100250147283, 0.112077586353, 0.110741965473], "dvar": [0.0400260798633, 0.0414627753198, 0.0343457832932, 0.035309843719, 0.0441704466939, 0.0346949212253, 0.0264911707491, 0.0263565704226, 0.0271127875894, 0.0324592404068, 0.0463640727103, 0.0358134135604, 0.0292385388166, 0.0310789439827, 0.0289333108813, 0.0287541672587, 0.0408604517579, 0.0356793068349, 0.0315224230289, 0.0408834554255, 0.0336230397224, 0.0289819035679, 0.0338420271873, 0.0456331148744, 0.0772730782628, 0.0523977838457, 0.0397761724889, 0.0299716703594, 0.0269042197615, 0.0249231141061, 0.0327724963427, 0.0386761017144, 0.0371989607811, 0.0357179567218, 0.042149849236, 0.0417110547423], "dmean": [0.129526033998, 0.135634660721, 0.120667345822, 0.123366266489, 0.138309001923, 0.119907528162, 0.0811733677983, 0.0762577801943, 0.0874286666512, 0.127786144614, 0.166407585144, 0.14132770896, 0.0989712178707, 0.0891144499183, 0.0874447077513, 0.10132766515, 0.125707641244, 0.122559137642, 0.111590445042, 0.124487780035, 0.111080050468, 0.0912411212921, 0.0998314917088, 0.15450823307, 0.227798968554, 0.197075471282, 0.151727974415, 0.0971917957067, 0.0792312994599, 0.0781274065375, 0.102974899113, 0.117399781942, 0.111253678799, 0.102046526968, 0.114068649709, 0.122302532196], "max": [1, 1, 1, 1, 1, 1, 1, 1, 1, 1, 1, 1, 1, 1, 1, 1, 1, 1, 1, 1, 1, 1, 1, 1, 1, 1, 1, 1, 1, 1, 1, 1, 1, 1, 1, 1], "var": [0.0441305823624, 0.0707304254174, 0.0490702986717, 0.0475528165698, 0.0977837592363, 0.0560635440052, 0.0215721707791, 0.0276271179318, 0.0238914340734, 0.0419465005398, 0.100788280368, 0.0583301372826, 0.03236425668, 0.0533822849393, 0.0344635695219, 0.0353506095707, 0.0809594765306, 0.0551954582334, 0.047871094197, 0.0773593485355, 0.0427937693894, 0.0224644877017, 0.0277254171669, 0.0486433207989, 0.111497379839, 0.120057716966, 0.0624856762588, 0.0260939244181, 0.0300572551787, 0.0242432039231, 0.0388072952628, 0.0685602650046, 0.0426570661366, 0.0354632288218, 0.0604094080627, 0.0480029843748], "mean": [0.146176367998, 0.188523441553, 0.151942759752, 0.153572812676, 0.223102167249, 0.162718117237, 0.0747304037213, 0.0728059709072, 0.0800309926271, 0.164373010397, 0.270019948483, 0.199037536979, 0.107389479876, 0.113296702504, 0.0932119563222, 0.118340261281, 0.184085890651, 0.15591314435, 0.139686226845, 0.178244903684, 0.131454929709, 0.080167979002, 0.0892131701112, 0.159088626504, 0.311230659485, 0.363533109426, 0.213200613856, 0.0884730890393, 0.0762143358588, 0.0744771435857, 0.117525421083, 0.162882968783, 0.123205497861, 0.101257093251, 0.133325010538, 0.129039600492]}, "tuning_equal_tempered_deviation": 0.391285389662, "chords_changes_rate": 0.033962264657, "key_key": "A#", "tuning_diatonic_strength": 0.595555603504, "key_scale": "major", "chords_number_rate": 0.0018047579797, "tuning_frequency": 434.193115234, "tuning_nontempered_energy_ratio": 0.962770760059, "chords_histogram": [12.87940979, 14.0114850998, 21.952419281, 0, 0.0984413474798, 0.0328137800097, 0, 0.131255120039, 0, 0, 0.541427373886, 0.229696467519, 0, 0.393765389919, 3.11730933189, 1.67350292206, 0.475799828768, 3.60951590538, 7.08777666092, 6.64479064941, 3.82280564308, 6.39868736267, 16.275636673, 0.623461842537], "key_strength": 0.816451132298, "chords_key": "F", "chords_strength": {"dmean2": 0.00956477876753, "median": 0.597179591656, "min": -1, "dvar2": 0.00176243367605, "dvar": 0.000865163747221, "dmean": 0.00919928681105, "max": 0.840369224548, "var": 0.0252570584416, "mean": 0.575069963932}, "chords_scale": "major", "hpcp_entropy": {"dmean2": 1.00475382805, "median": 1.93689572811, "min": 0, "dvar2": 0.653002619743, "dvar": 0.238991081715, "dmean": 0.594452619553, "max": 4.12920331955, "var": 0.483489215374, "mean": 1.89926970005}}, "metadata": {"audio_properties": {"equal_loudness": 0, "codec": "mp3", "downmix": "mix", "sample_rate": 44100, "analysis_sample_rate": 44100, "bit_rate": 128000, "md5_encoded": "a757f01e3eca8dc4d12ebe93403740cf", "length": 282.98449707, "replay_gain": -11.7048435211, "lossless": false}, "version": {"essentia_build_sha": "70f2e5ece6736b2c40cc944ad0e695b16b925413", "essentia": "2.1-beta2", "extractor": "music 1.0", "essentia_git_sha": "v2.1_beta2"}, "tags": {"title": ["The Sound of Musik"], "barcode": ["886972235424"], "media": ["CD"], "albumartist": ["Falco"], "musicbrainz_recordingid": ["1fa0aec1-33e6-4901-8e23-f4c6c1b38755"], "musicbrainz_albumartistid": ["dcd95aa4-f3ff-492d-a621-8518ada0f58b"], "originalyear": ["2008"], "discnumber": ["1/1"], "bpm": ["101"], "catalognumber": ["88697223542"], "contentgroup": ["Pop"], "musicbrainz album type": ["album"], "musicbrainz album status": ["official"], "file_name": "Falco - The Sound of Musik.mp3", "originaldate": ["2008"], "date": ["2008"], "genre": ["Pop; New Wave"], "musicbrainz album release country": ["DE"], "album": ["Symphonic"], "musicbrainz_artistid": ["dcd95aa4-f3ff-492d-a621-8518ada0f58b"], "asin": ["B0011FN226"], "musicbrainz_albumid": ["86da46cc-48e5-4d8d-846a-13d22967d9f5"], "artist": ["Falco"], "musicbrainz_releasegroupid": ["dd9b3833-8bec-352c-86b2-30021b24c87b"], "tracknumber": ["1/16"], "label": ["Sony BMG Music Entertainment"], "albumartistsort": ["Falco"], "acoustid_id": ["92aa9dc2-2c32-40e4-ab1e-ef469eccab6d"], "script": ["Latn"]}}, "rhythm": {"bpm_histogram_first_peak_bpm": {"dmean2": 0, "median": 101, "min": 101, "dvar2": 0, "dvar": 0, "dmean": 0, "max": 101, "var": 0, "mean": 101}, "bpm": 101.156410217, "bpm_histogram_second_peak_spread": {"dmean2": 0, "median": 0.333333313465, "min": 0.333333313465, "dvar2": 0, "dvar": 0, "dmean": 0, "max": 0.333333313465, "var": 0, "mean": 0.333333313465}, "bpm_histogram_first_peak_weight": {"dmean2": 0, "median": 0.549473702908, "min": 0.549473702908, "dvar2": 0, "dvar": 0, "dmean": 0, "max": 0.549473702908, "var": 0, "mean": 0.549473702908}, "onset_rate": 4.02113294601, "beats_position": [0.568888902664, 1.14938771725, 1.72988653183, 2.31038546562, 2.90249419212, 3.48299312592, 4.06349182129, 4.6439909935, 5.22448968887, 5.81659841537, 6.40870714188, 7.01242637634, 7.61614513397, 8.2198638916, 8.8119726181, 9.4040813446, 9.99619007111, 10.5882987976, 11.1920175552, 11.7957363129, 12.3762359619, 12.9567346573, 13.5488433838, 14.1409521103, 14.7214508057, 15.3251695633, 15.9288883209, 16.5209980011, 17.1131057739, 17.7052154541, 18.2973232269, 18.9010429382, 19.4931507111, 20.0852603912, 20.6773700714, 21.2694778442, 21.8499774933, 22.4420852661, 23.0341949463, 23.6379127502, 24.2300224304, 24.8337402344, 25.4258499146, 26.0179595947, 26.5984573364, 27.1905670166, 27.7942848206, 28.3863945007, 28.9785022736, 29.5706119537, 30.1627197266, 30.7548294067, 31.3469390869, 31.9506568909, 32.5311546326, 33.1232643127, 33.7153739929, 34.3074836731, 34.8995895386, 35.5033111572, 36.0838088989, 36.6759185791, 37.2680282593, 37.8717460632, 38.4522438049, 39.0559616089, 39.6480712891, 40.2401809692, 40.8206787109, 41.4243965149, 42.0165061951, 42.6086158752, 43.2123336792, 43.8044433594, 44.3965530396, 44.9886627197, 45.5807685852, 46.1728782654, 46.7649879456, 47.3687057495, 47.9492073059, 48.5413131714, 49.1334228516, 49.7255325317, 50.3176422119, 50.9213600159, 51.513469696, 52.1055755615, 52.6976852417, 53.2897949219, 53.8702926636, 54.4740142822, 55.0661201477, 55.6582298279, 56.2387275696, 56.8424491882, 57.4345550537, 58.0266647339, 58.6187744141, 59.2108840942, 59.8029937744, 60.4067115784, 60.9988212585, 61.590927124, 62.1830368042, 62.7751464844, 63.3672561646, 63.95936203, 64.5514755249, 65.1551895142, 65.7356872559, 66.3394088745, 66.9315185547, 67.5236282349, 68.115737915, 68.7078475952, 69.299949646, 69.8920593262, 70.4841690063, 71.0762786865, 71.6683883667, 72.2604980469, 72.8526077271, 73.4563217163, 74.0484313965, 74.6405410767, 75.2326507568, 75.824760437, 76.4168701172, 77.0089797974, 77.6010894775, 78.1931991577, 78.7853012085, 79.3890228271, 79.9695205688, 80.5732421875, 81.1653518677, 81.7574615479, 82.3379592896, 82.9416732788, 83.533782959, 84.1375045776, 84.7296142578, 85.321723938, 85.9138336182, 86.5059356689, 87.0980453491, 87.7017669678, 88.2822647095, 88.8743743896, 89.4664840698, 90.0702056885, 90.6739196777, 91.2660293579, 91.8465270996, 92.4154205322, 93.0075302124, 93.5996322632, 94.1917419434, 94.795463562, 95.3875732422, 95.9912872314, 96.5717926025, 97.1638946533, 97.7560043335, 98.3481140137, 98.9634475708, 99.5439453125, 100.136054993, 100.728164673, 101.320266724, 101.912376404, 102.504486084, 103.096595764, 103.700317383, 104.304031372, 104.884536743, 105.488250732, 106.068748474, 106.660858154, 107.252967834, 107.845077515, 108.448799133, 109.040908813, 109.633010864, 110.225120544, 110.817230225, 111.409339905, 112.013061523, 112.605171204, 113.197273254, 113.789382935, 114.381492615, 114.985214233, 115.577323914, 116.169433594, 116.773147583, 117.353645325, 117.945755005, 118.537864685, 119.118362427, 119.710472107, 120.290969849, 120.883079529, 121.486801147, 122.078910828, 122.671020508, 123.274734497, 123.878456116, 124.482177734, 125.062675476, 125.666389465, 126.246894836, 126.838996887, 127.419502258, 128.011611938, 128.615325928, 129.207427979, 129.799545288, 130.403259277, 130.983764648, 131.587478638, 132.191192627, 132.783309937, 133.375411987, 133.967529297, 134.559631348, 135.163360596, 135.755462646, 136.347564697, 136.928070068, 137.508575439, 138.112289429, 138.716003418, 139.308120728, 139.900222778, 140.503936768, 141.107666016, 141.688156128, 142.280273438, 142.872375488, 143.464492798, 144.04498291, 144.63710022, 145.240814209, 145.83291626, 146.425033569, 147.005523682, 147.60925293, 148.20135498, 148.79347229, 149.397186279, 150.000900269, 150.58140564, 151.161895752, 151.754013062, 152.346115112, 152.94984436, 153.541946411, 154.1456604, 154.73777771, 155.318267822, 155.910385132, 156.502487183, 157.094604492, 157.698318481, 158.290420532, 158.882537842, 159.474639893, 160.078369141, 160.658859253, 161.239364624, 161.831466675, 162.423583984, 163.027297974, 163.631011963, 164.211517334, 164.803619385, 165.395736694, 165.976226807, 166.579956055, 167.183670044, 167.787384033, 168.367889404, 168.948379517, 169.552108765, 170.144210815, 170.736328125, 171.316818237, 171.920547485, 172.524261475, 173.116363525, 173.708480835, 174.300582886, 174.892700195, 175.484802246, 176.076919556, 176.680633545, 177.272735596, 177.864852905, 178.456954956, 179.049072266, 179.629562378, 180.210067749, 180.813781738, 181.417495728, 182.009613037, 182.601715088, 183.193832397, 183.785934448, 184.378051758, 184.970153809, 185.562271118, 186.154373169, 186.74647522, 187.338592529, 187.93069458, 188.52281189, 189.11491394, 189.718643188, 190.310745239, 190.914459229, 191.518188477, 192.110290527, 192.702392578, 193.294509888, 193.886611938, 194.490341187, 195.070831299, 195.65133667, 196.243438721, 196.83555603, 197.43927002, 198.042984009, 198.62348938, 199.227203369, 199.80770874, 200.411422729, 201.003540039, 201.59564209, 202.187744141, 202.77986145, 203.371963501, 203.964080811, 204.556182861, 205.148300171, 205.740402222, 206.332519531, 206.936233521, 207.53994751, 208.120452881, 208.72416687, 209.304672241, 209.90838623, 210.500488281, 211.092605591, 211.673095703, 212.276824951, 212.88053894, 213.461044312, 214.053146362, 214.645263672, 215.225753784, 215.817871094, 216.409973145, 217.013687134, 217.617416382, 218.221130371, 218.801635742, 219.382125854, 219.974243164, 220.577957153, 221.170059204, 221.773788452, 222.354278564, 222.958007812, 223.550109863, 224.142211914, 224.734329224, 225.338043213, 225.930160522, 226.533874512, 227.137588501, 227.741317749, 228.3334198, 228.925521851, 229.506027222, 230.086532593, 230.678634644, 231.270736694, 231.874465942, 232.454956055, 233.047073364, 233.639175415, 234.231292725, 234.823394775, 235.427108765, 236.019226074, 236.622940063, 237.215057373, 237.807159424, 238.399276733, 238.991378784, 239.583480835, 240.175598145, 240.767700195, 241.371429443, 241.963531494, 242.555648804, 243.159362793, 243.751464844, 244.343582153, 244.924072266, 245.516189575, 246.108291626, 246.712020874, 247.315734863, 247.907836914, 248.499954224, 249.092056274, 249.684173584, 250.264663696, 250.845169067, 251.448883057, 252.041000366, 252.633102417, 253.236816406, 253.828933716, 254.421035767, 255.024749756, 255.628479004, 256.220581055, 256.812683105, 257.404815674, 257.996917725, 258.589019775, 259.181121826, 259.784851074, 260.376953125, 260.969055176, 261.572784424, 262.176513672, 262.780212402, 263.38394165, 263.976043701, 264.568145752, 265.171875, 265.775604248, 266.356109619, 266.95980835, 267.5519104, 268.144042969, 268.747741699, 269.351470947, 269.955200195, 270.558898926, 271.162628174, 271.766357422, 272.38168335, 273.008605957, 273.612335205, 274.216064453, 274.819763184, 275.458312988, 276.096862793, 276.677368164, 277.257873535, 277.838348389, 278.372406006, 278.906494141, 279.463745117, 280.032653809, 280.601531982, 281.170440674, 281.739318848, 282.296600342], "beats_loudness": {"dmean2": 0.0374928973615, "median": 0.0428681448102, "min": 0, "dvar2": 0.00093453010777, "dvar": 0.000294563069474, "dmean": 0.0207716207951, "max": 0.121745705605, "var": 0.000502974027768, "mean": 0.0417717508972}, "danceability": 1.02074337006, "bpm_histogram_second_peak_weight": {"dmean2": 0, "median": 0.00421052612364, "min": 0.00421052612364, "dvar2": 0, "dvar": 0, "dmean": 0, "max": 0.00421052612364, "var": 0, "mean": 0.00421052612364}, "beats_count": 476, "bpm_histogram_second_peak_bpm": {"dmean2": 0, "median": 94, "min": 94, "dvar2": 0, "dvar": 0, "dmean": 0, "max": 94, "var": 0, "mean": 94}, "bpm_histogram_first_peak_spread": {"dmean2": 0, "median": 0.442307710648, "min": 0.442307710648, "dvar2": 0, "dvar": 0, "dmean": 0, "max": 0.442307710648, "var": 0, "mean": 0.442307710648}, "beats_loudness_band_ratio": {"dmean2": [0.567383825779, 0.252047657967, 0.279924809933, 0.243215307593, 0.0932689383626, 0.152098357677], "median": [0.272972166538, 0.115791156888, 0.175547227263, 0.139719888568, 0.0651768371463, 0.0563478469849], "min": [0, 0, 0, 0, 0, 0], "dvar2": [0.190146669745, 0.0567137263715, 0.0587110444903, 0.039173733443, 0.0066856443882, 0.0345821529627], "dvar": [0.0551329739392, 0.0187331344932, 0.0180593803525, 0.0136373843998, 0.00218546693213, 0.0100431954488], "dmean": [0.300344139338, 0.138877481222, 0.155343666673, 0.13668012619, 0.0526933707297, 0.0783059224486], "max": [0.982028007507, 0.845653235912, 0.836226463318, 0.695092499256, 0.332969844341, 0.87339246273], "var": [0.0570191964507, 0.0221030898392, 0.0235806833953, 0.0190570428967, 0.0029071290046, 0.00669783726335], "mean": [0.330382704735, 0.163638681173, 0.210018798709, 0.176631808281, 0.073715865612, 0.0751309543848]}}, "lowlevel": {"barkbands_spread": {"dmean2": 10.306968689, "median": 23.0783557892, "min": 0.522738933563, "dvar2": 158.897415161, "dvar": 69.2560272217, "dmean": 6.55346822739, "max": 151.559829712, "var": 178.902404785, "mean": 24.6258735657}, "melbands_spread": {"dmean2": 11.4697580338, "median": 24.0739898682, "min": 0.273965924978, "dvar2": 231.712188721, "dvar": 97.6355743408, "dmean": 7.28188371658, "max": 215.271362305, "var": 303.768554688, "mean": 26.0878658295}, "hfc": {"dmean2": 10.4287672043, "median": 26.8245925903, "min": 1.05921675195e-16, "dvar2": 115.790351868, "dvar": 54.3533439636, "dmean": 6.99920463562, "max": 100.162612915, "var": 378.470062256, "mean": 29.2482776642}, "barkbands_kurtosis": {"dmean2": 5.04413509369, "median": 1.44100904465, "min": -1.86973106861, "dvar2": 291.789031982, "dvar": 103.629379272, "dmean": 3.03646039963, "max": 529.309631348, "var": 103.367912292, "mean": 3.62424206734}, "gfcc": {"mean": [24.6355247498, 70.6282958984, -109.163848877, 15.1894292831, -67.3321304321, 21.1639099121, -41.7723655701, 9.88278388977, -23.6953296661, 11.9164552689, -16.0160484314, 5.94163036346, -16.9984378815], "icov": [[0.000279215310002, -0.0005538155674, 0.000523474765942, -0.000550990458578, 0.000761931529269, -0.0012414251687, 0.00120205548592, -0.00137438252568, 0.00113418337423, -0.00123758532573, 0.00131313176826, -0.00140972458757, 0.00105369067751], [-0.0005538155674, 0.00248959450983, -0.000816037179902, 0.00100639963057, -0.00204208027571, 0.00269414135255, -0.00225363881327, 0.00261308322661, -0.00285930396058, 0.00333967269398, -0.00324845290743, 0.00307033327408, -0.00221246248111], [0.000523474765942, -0.000816037179902, 0.00299225375056, -0.00129448238295, 0.000989228137769, -0.00201298925094, 0.00260650948621, -0.00305113592185, 0.00204441230744, -0.00266202236526, 0.00340376235545, -0.00357108353637, 0.00189512618817], [-0.000550990458578, 0.00100639963057, -0.00129448238295, 0.00520727876574, -0.00241612759419, 0.000469268357847, -0.00242642266676, 0.00378726702183, -0.00438813120127, 0.00338899949566, -0.00324619608, 0.00323743699118, -0.00365178473294], [0.000761931529269, -0.00204208027571, 0.000989228137769, -0.00241612759419, 0.00890958309174, -0.0038858812768, -0.000200210459298, -0.00239619030617, 0.00166198518127, -0.00423139985651, 0.00391277251765, -0.00477545522153, 0.00209796032868], [-0.0012414251687, 0.00269414135255, -0.00201298925094, 0.000469268357847, -0.0038858812768, 0.0140222087502, -0.00851507391781, 0.0035422060173, -0.00249164155684, 0.00292698782869, -0.00492960540578, 0.0053566256538, -0.00361090432853], [0.00120205548592, -0.00225363881327, 0.00260650948621, -0.00242642266676, -0.000200210459298, -0.00851507391781, 0.015619029291, -0.0100543741137, 0.00422781985253, -0.00319312303327, 0.0028065093793, -0.00413742149249, 0.00390143552795], [-0.00137438252568, 0.00261308322661, -0.00305113592185, 0.00378726702183, -0.00239619030617, 0.0035422060173, -0.0100543741137, 0.0229738764465, -0.0115040838718, 0.00498505821452, -0.00495037762448, 0.00532045168802, -0.00397271011025], [0.00113418337423, -0.00285930396058, 0.00204441230744, -0.00438813120127, 0.00166198518127, -0.00249164155684, 0.00422781985253, -0.0115040838718, 0.0208251662552, -0.01171090547, 0.00399007368833, -0.00284195272252, 0.0020775438752], [-0.00123758532573, 0.00333967269398, -0.00266202236526, 0.00338899949566, -0.00423139985651, 0.00292698782869, -0.00319312303327, 0.00498505821452, -0.01171090547, 0.0225348193198, -0.00987216643989, 0.00584812276065, -0.00335467932746], [0.00131313176826, -0.00324845290743, 0.00340376235545, -0.00324619608, 0.00391277251765, -0.00492960540578, 0.0028065093793, -0.00495037762448, 0.00399007368833, -0.00987216643989, 0.0212992224842, -0.0142656126991, 0.00604534382001], [-0.00140972458757, 0.00307033327408, -0.00357108353637, 0.00323743699118, -0.00477545522153, 0.0053566256538, -0.00413742149249, 0.00532045168802, -0.00284195272252, 0.00584812276065, -0.0142656126991, 0.027172902599, -0.011529950425], [0.00105369067751, -0.00221246248111, 0.00189512618817, -0.00365178473294, 0.00209796032868, -0.00361090432853, 0.00390143552795, -0.00397271011025, 0.0020775438752, -0.00335467932746, 0.00604534382001, -0.011529950425, 0.0207894146442]], "cov": [[20404.6171875, 888.190429688, -932.809997559, 180.075836182, -646.602722168, 673.06842041, -451.589508057, 283.757751465, -280.21395874, 189.031448364, -240.278945923, 116.296768188, -308.996032715], [888.190429688, 839.68371582, -86.0740280151, 89.7749404907, 112.082511902, 4.69093179703, 62.2518882751, 20.0977363586, 63.4411659241, -15.0168952942, 52.9688148499, 2.59826683998, 26.8973331451], [-932.809997559, -86.0740280151, 553.64050293, 41.9447059631, 38.1333236694, -1.72871291637, -10.4239959717, 18.0425987244, 18.6400470734, 18.3535556793, -23.2642002106, 24.2691764832, 17.5965270996], [180.075836182, 89.7749404907, 41.9447059631, 397.898193359, 152.69581604, 126.816543579, 117.233352661, 41.6227645874, 90.8089599609, 32.2838249207, 47.6048812866, 18.2193489075, 51.4636726379], [-646.602722168, 112.082511902, 38.1333236694, 152.69581604, 276.258178711, 97.6000289917, 146.268585205, 47.8405036926, 77.9480819702, 38.9864654541, 45.7126617432, 21.9398784637, 36.1891174316], [673.06842041, 4.69093179703, -1.72871291637, 126.816543579, 97.6000289917, 216.770751953, 124.104263306, 63.9352455139, 37.2721748352, 39.800983429, 27.4743404388, 12.705540657, 7.30331897736], [-451.589508057, 62.2518882751, -10.4239959717, 117.233352661, 146.268585205, 124.104263306, 224.282592773, 78.0062179565, 65.9689788818, 29.299074173, 48.9296188354, 8.87111854553, 19.494972229], [283.757751465, 20.0977363586, 18.0425987244, 41.6227645874, 47.8405036926, 63.9352455139, 78.0062179565, 107.520309448, 57.2394790649, 32.6618499756, 17.1513843536, 5.91822767258, 3.45308995247], [-280.21395874, 63.4411659241, 18.6400470734, 90.8089599609, 77.9480819702, 37.2721748352, 65.9689788818, 57.2394790649, 127.931442261, 53.8633232117, 34.3425331116, 3.52070808411, 20.2448291779], [189.031448364, -15.0168952942, 18.3535556793, 32.2838249207, 38.9864654541, 39.800983429, 29.299074173, 32.6618499756, 53.8633232117, 93.7438430786, 34.2812995911, 11.8133087158, 2.86785960197], [-240.278945923, 52.9688148499, -23.2642002106, 47.6048812866, 45.7126617432, 27.4743404388, 48.9296188354, 17.1513843536, 34.3425331116, 34.2812995911, 107.238380432, 38.2799491882, 14.6986265182], [116.296768188, 2.59826683998, 24.2691764832, 18.2193489075, 21.9398784637, 12.705540657, 8.87111854553, 5.91822767258, 3.52070808411, 11.8133087158, 38.2799491882, 74.2382583618, 26.4250831604], [-308.996032715, 26.8973331451, 17.5965270996, 51.4636726379, 36.1891174316, 7.30331897736, 19.494972229, 3.45308995247, 20.2448291779, 2.86785960197, 14.6986265182, 26.4250831604, 77.4996871948]]}, "spectral_energyband_middle_low": {"dmean2": 0.00806019175798, "median": 0.0124538475648, "min": 1.82656097791e-22, "dvar2": 8.44001260702e-05, "dvar": 3.29195136146e-05, "dmean": 0.00501952134073, "max": 0.0621966719627, "var": 8.96734636626e-05, "mean": 0.0141468103975}, "melbands_crest": {"dmean2": 6.40315008163, "median": 11.4859161377, "min": 1.75068867207, "dvar2": 41.7731552124, "dvar": 15.3067331314, "dmean": 3.84866809845, "max": 38.8436088562, "var": 30.8739891052, "mean": 12.7952013016}, "spectral_kurtosis": {"dmean2": 1.72496080399, "median": 3.15048408508, "min": -1.26252889633, "dvar2": 4.43183898926, "dvar": 1.97306871414, "dmean": 1.12197244167, "max": 26.1997852325, "var": 4.72726535797, "mean": 3.50077080727}, "spectral_rms": {"dmean2": 0.00139413285069, "median": 0.00553519232199, "min": 3.10947621818e-12, "dvar2": 2.8777665193e-06, "dvar": 1.21696780297e-06, "dmean": 0.000871323980391, "max": 0.0126923900098, "var": 4.53550546808e-06, "mean": 0.00537754315883}, "zerocrossingrate": {"dmean2": 0.0163294766098, "median": 0.0673828125, "min": 0.00634765625, "dvar2": 0.000369050074369, "dvar": 0.000290587020572, "dmean": 0.0136101786047, "max": 0.5205078125, "var": 0.00219290982932, "mean": 0.0754429548979}, "silence_rate_60dB": {"dmean2": 0.0183802414685, "median": 0, "min": 0, "dvar2": 0.0208303015679, "dvar": 0.00910442788154, "dmean": 0.00918936636299, "max": 1, "var": 0.0454753674567, "mean": 0.0477479696274}, "erbbands_kurtosis": {"dmean2": 1.73386251926, "median": 0.567990541458, "min": -1.78480541706, "dvar2": 5.17254924774, "dvar": 2.13395500183, "dmean": 1.09268140793, "max": 34.7614135742, "var": 4.66353225708, "mean": 1.07515048981}, "erbbands": {"dmean2": [0.434138029814, 1.99090504646, 2.68654537201, 3.31803560257, 4.84451627731, 9.13772964478, 14.2202205658, 36.7023353577, 26.6203937531, 38.5497779846, 41.9394264221, 55.6525688171, 30.6214828491, 46.8234176636, 72.833480835, 55.7165794373, 62.9184532166, 48.3179321289, 58.200466156, 26.4098758698, 16.2785186768, 15.3366765976, 16.0777111053, 12.6437034607, 8.30742645264, 8.52860355377, 5.12890768051, 6.50368881226, 7.38296175003, 6.83916854858, 5.35661268234, 3.27221083641, 2.64771366119, 1.55184328556, 0.734294712543, 0.377658158541, 0.128564715385, 0.0248906519264, 0.000497677072417, 2.96273337881e-05], "median": [0.0497621186078, 0.605141401291, 1.13390696049, 1.72867429256, 3.10223507881, 5.14573955536, 7.97795152664, 15.1134204865, 16.7665252686, 24.1693153381, 24.2296962738, 25.4782905579, 16.1620960236, 18.591463089, 24.9462623596, 24.2463417053, 28.9749851227, 23.1744117737, 28.1308555603, 16.470954895, 11.2747192383, 9.42702674866, 10.2660188675, 8.63128376007, 7.73005580902, 7.41232728958, 5.02536535263, 5.56499958038, 6.20168209076, 5.58170747757, 4.73819637299, 2.8316783905, 1.99645316601, 1.24992668629, 0.606979072094, 0.286084204912, 0.0951326042414, 0.0132470652461, 0.000293237215374, 5.67820497963e-05], "min": [2.58662252786e-23, 5.85086142717e-22, 1.6179341781e-21, 5.86074993114e-21, 2.3849232647e-20, 3.610773267e-20, 7.54050802443e-20, 8.89129396473e-20, 2.08743835565e-19, 1.7912846904e-19, 3.43720402036e-19, 3.88762428492e-19, 6.41891896847e-19, 9.43363402863e-19, 9.57585636122e-19, 1.7708050943e-18, 1.52135306415e-18, 2.5418780459e-18, 2.46432924309e-18, 2.0508288927e-18, 3.51645645335e-18, 4.05514748751e-18, 6.60453840133e-18, 5.6932922503e-18, 7.34965442531e-18, 1.00196280065e-17, 1.01834072863e-17, 1.07282281423e-17, 1.23444282171e-17, 1.10456405044e-17, 1.22957147236e-17, 1.19661610045e-17, 9.44275390167e-18, 8.10685886676e-18, 6.406668527e-18, 4.54134274488e-18, 2.29902216075e-18, 1.03112064841e-18, 2.79341271003e-19, 2.84005807101e-20], "dvar2": [1.2142983675, 17.6676216125, 31.6300239563, 39.4085693359, 55.4033432007, 231.39225769, 685.32824707, 4584.48876953, 2221.17529297, 4759.51513672, 5886.54394531, 12250.9208984, 3743.89331055, 12665.4882812, 26630.4414062, 16063.2373047, 12023.8027344, 10355.0439453, 12416.6621094, 2453.70581055, 890.93170166, 977.161560059, 889.019348145, 450.805603027, 158.396438599, 180.484024048, 48.6016998291, 92.8417358398, 123.757240295, 107.402816772, 63.979057312, 32.284122467, 28.2804965973, 7.87208127975, 1.5444611311, 0.394318699837, 0.0507230311632, 0.00233167363331, 9.07609432943e-07, 1.41774803009e-09], "dvar": [0.443286776543, 6.4947104454, 11.0197782516, 14.2771921158, 20.3519706726, 88.5685119629, 283.03036499, 1887.1619873, 899.99017334, 2012.6081543, 2338.75854492, 5018.07568359, 1622.57287598, 4714.328125, 10640.0732422, 6329.10205078, 4725.84326172, 4489.25927734, 5036.01953125, 956.3515625, 357.676849365, 392.696411133, 350.780151367, 191.954666138, 65.5119171143, 75.3418502808, 18.5964851379, 35.4984703064, 47.6200256348, 44.5433502197, 27.7644996643, 13.7060289383, 11.9477062225, 3.38842582703, 0.692791879177, 0.183055728674, 0.0239031706005, 0.00101414404344, 3.95783899876e-07, 6.2270422152e-10], "dmean": [0.246740400791, 1.15054988861, 1.53921830654, 1.93250870705, 2.83741664886, 5.42897415161, 8.82784557343, 22.9739685059, 16.7125663757, 24.971364975, 26.4934902191, 35.0573921204, 19.7423419952, 29.2194805145, 45.928478241, 34.6341705322, 38.5678749084, 30.6603813171, 36.0269699097, 16.2312145233, 10.0560865402, 9.53158569336, 9.97008895874, 8.00292491913, 5.25041103363, 5.33684921265, 3.17939591408, 4.03927755356, 4.57062149048, 4.34724903107, 3.46902656555, 2.126049757, 1.72182452679, 1.01429224014, 0.485932260752, 0.254493653774, 0.0883927568793, 0.0165621079504, 0.000332021998474, 1.94208059838e-05], "max": [6.3992857933, 25.3633289337, 63.2733039856, 63.6592636108, 92.2428131104, 194.276992798, 429.011932373, 702.632995605, 660.105895996, 932.46307373, 1074.65917969, 1402.68395996, 890.049499512, 2339.12670898, 2020.37548828, 2205.35180664, 1087.42370605, 1598.96289062, 1502.8079834, 605.005493164, 597.071655273, 478.600280762, 424.931030273, 277.201171875, 213.511642456, 175.107391357, 70.9274139404, 112.711357117, 125.783950806, 101.622123718, 75.8262329102, 68.2745666504, 72.6832809448, 36.2343864441, 20.8089179993, 7.29774093628, 3.45282292366, 0.559527635574, 0.0107013070956, 0.000341132137692], "var": [0.366376131773, 6.39405202866, 13.2509689331, 17.9836883545, 30.558921814, 142.176422119, 465.97366333, 3176.57470703, 1597.9284668, 4555.66308594, 4543.16503906, 8973.38085938, 3342.62524414, 8841.44824219, 20740.1972656, 18164.2011719, 11132.5224609, 7119.37011719, 10251.2333984, 1875.67675781, 710.516052246, 709.702270508, 723.988708496, 442.337585449, 165.351806641, 171.273239136, 53.3323287964, 89.6874465942, 102.899902344, 104.200836182, 62.0122451782, 25.1374797821, 18.840965271, 5.37014532089, 1.20967817307, 0.346766322851, 0.041987426579, 0.00138632417656, 5.46968749404e-07, 1.42288503202e-09], "mean": [0.250725179911, 1.52984941006, 2.45927190781, 3.09712100029, 4.77655553818, 8.99030780792, 14.4493579865, 35.0260314941, 29.7633056641, 47.2916221619, 47.2926902771, 55.7968864441, 34.2845115662, 47.7156333923, 73.4048614502, 65.2579650879, 67.5816040039, 50.4883308411, 61.0190162659, 29.7010002136, 19.3065128326, 17.7555332184, 18.7105922699, 15.383644104, 11.3703708649, 11.1618022919, 7.2297949791, 8.62281227112, 9.20479297638, 8.80009365082, 7.04685211182, 4.21268939972, 3.17623305321, 1.86284255981, 0.89958524704, 0.471411257982, 0.156004756689, 0.0247467588633, 0.000520934932865, 5.95147139393e-05]}, "spectral_strongpeak": {"dmean2": 1.2541885376, "median": 0.614295482635, "min": 0, "dvar2": 2.82396769524, "dvar": 1.11109626293, "dmean": 0.727348744869, "max": 14.4058818817, "var": 1.70923674107, "mean": 1.13821685314}, "spectral_energy": {"dmean2": 0.0181009396911, "median": 0.0314043089747, "min": 9.9105632023e-21, "dvar2": 0.000669985194691, "dvar": 0.000266078102868, "dmean": 0.011029176414, "max": 0.165124177933, "var": 0.000551043893211, "mean": 0.0342900231481}, "average_loudness": 0.855427503586, "spectral_rolloff": {"dmean2": 1028.34216309, "median": 1291.9921875, "min": 21.533203125, "dvar2": 4013833.25, "dvar": 1708631.25, "dmean": 609.80657959, "max": 19509.0820312, "var": 3651727, "mean": 1663.83557129}, "spectral_centroid": {"dmean2": 335.264984131, "median": 1253.02111816, "min": 259.420593262, "dvar2": 135542.625, "dvar": 62535.2460938, "dmean": 218.326446533, "max": 11515.1494141, "var": 600838.5, "mean": 1308.27233887}, "pitch_salience": {"dmean2": 0.125735253096, "median": 0.56497335434, "min": 0.0553113222122, "dvar2": 0.0143934348598, "dvar": 0.00531006930396, "dmean": 0.0756604149938, "max": 0.988040030003, "var": 0.0120336897671, "mean": 0.558983802795}, "spectral_energyband_middle_high": {"dmean2": 0.00453821802512, "median": 0.00574179971591, "min": 1.25177124968e-21, "dvar2": 3.84069389838e-05, "dvar": 1.6303943994e-05, "dmean": 0.00297520472668, "max": 0.0648404881358, "var": 8.26602918096e-05, "mean": 0.00893341656774}, "spectral_contrast_coeffs": {"dmean2": [0.0809083804488, 0.0808439701796, 0.0668377503753, 0.0551200807095, 0.040036842227, 0.0313005037606], "median": [-0.660180151463, -0.711144030094, -0.741221666336, -0.755526125431, -0.79393517971, -0.778323709965], "min": [-0.991101145744, -0.9831559062, -0.985224366188, -0.984016060829, -0.967636704445, -0.965319037437], "dvar2": [0.00446601212025, 0.00436938647181, 0.00286301993765, 0.00190620531794, 0.00104602763895, 0.000852737692185], "dvar": [0.00175403989851, 0.00166777009144, 0.00109294813592, 0.000714852707461, 0.000431251333794, 0.000333387608407], "dmean": [0.0499043911695, 0.0496737584472, 0.0413367338479, 0.0336601547897, 0.0248174667358, 0.0193983558565], "max": [-0.269451022148, -0.444475263357, -0.483182102442, -0.557526409626, -0.617050468922, -0.629976391792], "var": [0.00983657501638, 0.00562041951343, 0.00483644008636, 0.00364161212929, 0.00178457621951, 0.00158514955547], "mean": [-0.650050520897, -0.709518015385, -0.738370418549, -0.75495070219, -0.791997253895, -0.780348181725]}, "melbands_skewness": {"dmean2": 1.16090595722, "median": 1.89225542545, "min": -0.999962151051, "dvar2": 2.55346798897, "dvar": 1.07051587105, "dmean": 0.736075401306, "max": 29.4943618774, "var": 2.28269314766, "mean": 2.14922881126}, "spectral_spread": {"dmean2": 1045691.1875, "median": 5525943.5, "min": 2163700.5, "dvar2": 1665599930370.0, "dvar": 847339913216, "dmean": 734987.0625, "max": 42723832, "var": 6717668589570.0, "mean": 5938044}, "dissonance": {"dmean2": 0.0363397076726, "median": 0.463667035103, "min": 0.16549269855, "dvar2": 0.00101459817961, "dvar": 0.000374937051674, "dmean": 0.0215629581362, "max": 0.500000059605, "var": 0.000744403572753, "mean": 0.458655208349}, "spectral_skewness": {"dmean2": 0.30502524972, "median": 1.55068576336, "min": -0.04549106583, "dvar2": 0.117491535842, "dvar": 0.0541046261787, "dmean": 0.200218215585, "max": 4.07106733322, "var": 0.176192238927, "mean": 1.58019304276}, "spectral_flux": {"dmean2": 0.0456593446434, "median": 0.0941684618592, "min": 6.48626569122e-11, "dvar2": 0.00266372878104, "dvar": 0.00123543816153, "dmean": 0.0282771643251, "max": 0.379880189896, "var": 0.00281919701956, "mean": 0.100476406515}, "spectral_contrast_valleys": {"dmean2": [0.68205010891, 0.576762616634, 0.477826535702, 0.436005681753, 0.400776207447, 0.420049160719], "median": [-7.03793954849, -6.24800252914, -6.92497444153, -7.2705411911, -7.31118106842, -9.27254676819], "min": [-27.9400157928, -28.0979175568, -27.8164901733, -27.6901378632, -27.5364513397, -27.3529453278], "dvar2": [0.391858786345, 0.262141346931, 0.162017792463, 0.142727717757, 0.184913575649, 0.240673214197], "dvar": [0.171480551362, 0.103838868439, 0.0734104067087, 0.0698781982064, 0.0902710258961, 0.128657475114], "dmean": [0.419598609209, 0.349823147058, 0.29866746068, 0.276991188526, 0.263465881348, 0.308750718832], "max": [-5.0092663765, -4.3814997673, -5.10461759567, -5.42873477936, -5.99332380295, -7.85408115387], "var": [3.69903087616, 3.07574152946, 2.93876194954, 2.79725241661, 2.73501396179, 2.6815264225], "mean": [-7.51480007172, -6.50160312653, -7.1804728508, -7.54461717606, -7.65483999252, -9.58834266663]}, "erbbands_flatness_db": {"dmean2": 0.0273866076022, "median": 0.134334370494, "min": 0.0384421125054, "dvar2": 0.000628955371212, "dvar": 0.00030435048393, "dmean": 0.0182266589254, "max": 0.275919765234, "var": 0.00103495840449, "mean": 0.136865437031}, "spectral_energyband_high": {"dmean2": 0.00068777409615, "median": 0.00103123451117, "min": 7.08998717342e-21, "dvar2": 7.90021658759e-07, "dvar": 3.62227751793e-07, "dmean": 0.000467120204121, "max": 0.00701799616218, "var": 1.13926898848e-06, "mean": 0.00125419336837}, "spectral_entropy": {"dmean2": 0.245317131281, "median": 7.80739498138, "min": 6.23620462418, "dvar2": 0.0682578384876, "dvar": 0.0349154174328, "dmean": 0.167276069522, "max": 9.82219409943, "var": 0.133451923728, "mean": 7.77070188522}, "silence_rate_20dB": {"dmean2": 0, "median": 1, "min": 1, "dvar2": 0, "dvar": 0, "dmean": 0, "max": 1, "var": 0, "mean": 1}, "melbands_flatness_db": {"dmean2": 0.0414946451783, "median": 0.158405333757, "min": 0.00366752431728, "dvar2": 0.00188880809583, "dvar": 0.000802381546237, "dmean": 0.0268348809332, "max": 0.51574921608, "var": 0.00288490974344, "mean": 0.166539475322}, "barkbands": {"dmean2": [0.00107098068111, 0.0106788249686, 0.00223829434253, 0.00121940812096, 0.00225469074212, 0.00345720699988, 0.00184432335664, 0.00231328071095, 0.00224655610509, 0.00119216437452, 0.00157055445015, 0.00163422734477, 0.00148435949814, 0.000984241254628, 0.00101474346593, 0.000365066516679, 0.000280992913758, 0.000295058445772, 0.00019330039504, 0.000195570042706, 0.0001393743878, 0.000197865781956, 0.000189861952094, 0.000152691864059, 0.000113541471364, 7.54512511776e-05, 5.68480709262e-06], "median": [1.58368893608e-05, 0.00265949545428, 0.000731856969651, 0.000572222867049, 0.0015024865279, 0.00168864661828, 0.00107576407026, 0.00109300261829, 0.00102998514194, 0.000392606278183, 0.000487523328047, 0.000570458825678, 0.000590951356571, 0.000306642876239, 0.000429377541877, 0.00018824430299, 0.000155948844622, 0.000164631739608, 0.00015328770678, 0.000160150870215, 0.000122295532492, 0.000179189009941, 0.000166783021996, 0.000125392136397, 9.78101888904e-05, 5.70393931412e-05, 1.68706094428e-06], "min": [1.83266035577e-24, 2.15956786476e-24, 1.39163780594e-24, 2.37385699929e-24, 1.73300403092e-23, 1.64407873875e-23, 1.43503186104e-23, 7.25928106557e-24, 1.66339683791e-23, 2.65009143639e-23, 1.40866734073e-23, 3.71537014943e-23, 2.56242327295e-23, 4.06233894345e-23, 1.96107886475e-23, 5.27649401089e-23, 4.49638977726e-23, 1.09101078779e-22, 1.13071674462e-22, 1.94703417452e-22, 2.86812028436e-22, 3.28197110407e-22, 4.06065456765e-22, 6.31906867599e-22, 9.20658282172e-22, 1.26031427249e-21, 2.04953040493e-21], "dvar2": [9.77950458037e-06, 0.00056614074856, 2.20385500143e-05, 4.46016065325e-06, 1.15751772682e-05, 3.52019633283e-05, 9.41631606111e-06, 1.79181988642e-05, 1.74102206074e-05, 7.84824533184e-06, 1.05011549749e-05, 1.30291309688e-05, 6.90192337061e-06, 4.44465467808e-06, 3.43715737472e-06, 4.90828711008e-07, 2.86998499632e-07, 2.68664962277e-07, 8.95124827593e-08, 8.92561615728e-08, 3.88040142241e-08, 8.0731133778e-08, 8.06845363854e-08, 8.43620213686e-08, 3.84488139105e-08, 1.72580083557e-08, 1.21427173871e-10], "dvar": [3.64236007044e-06, 0.000210799960769, 7.79272431828e-06, 1.61460320669e-06, 4.38824508819e-06, 1.44341929627e-05, 3.90220247937e-06, 7.3146820796e-06, 7.26516645955e-06, 3.00899819194e-06, 4.16278135162e-06, 5.33507e-06, 2.75100137515e-06, 1.86847580608e-06, 1.34167123633e-06, 1.98471994395e-07, 1.16455140642e-07, 1.06879809891e-07, 3.82494285134e-08, 3.6574991924e-08, 1.47903653769e-08, 3.21795390335e-08, 3.46891866343e-08, 3.57831488884e-08, 1.69717608856e-08, 8.10067746215e-09, 4.88773084506e-11], "dmean": [0.000614612130448, 0.00616615219042, 0.0012826398015, 0.000709196436219, 0.