{"tonal": {"thpcp": [1, 0.654151678085, 0.295054465532, 0.275734782219, 0.283990681171, 0.337237596512, 0.361146479845, 0.305692464113, 0.275164037943, 0.293000966311, 0.292139112949, 0.303939521313, 0.341393232346, 0.356636911631, 0.310815930367, 0.26803958416, 0.296648085117, 0.2928429842, 0.287720888853, 0.353430390358, 0.405204713345, 0.434777528048, 0.477335095406, 0.4467895329, 0.383163809776, 0.420206665993, 0.446309715509, 0.394154310226, 0.345154643059, 0.316385626793, 0.307617902756, 0.297340542078, 0.312422275543, 0.337779343128, 0.302148640156, 0.635291099548], "hpcp": {"dmean2": [0.309934407473, 0.30120998621, 0.273815631866, 0.248192772269, 0.275606751442, 0.274368047714, 0.274188071489, 0.326332241297, 0.349568963051, 0.382988750935, 0.407464385033, 0.384247988462, 0.32063677907, 0.351141482592, 0.386435359716, 0.374013841152, 0.347800850868, 0.331245094538, 0.326691180468, 0.307211607695, 0.292653024197, 0.303521573544, 0.273901075125, 0.376462101936, 0.567170858383, 0.391757935286, 0.290906667709, 0.279832482338, 0.27243578434, 0.307226002216, 0.326291024685, 0.288510262966, 0.264034062624, 0.274824589491, 0.277257949114, 0.294476121664], "median": [0.0728085339069, 0.0816007703543, 0.0747170075774, 0.0596413947642, 0.0682382881641, 0.0719849839807, 0.0684626176953, 0.0718140155077, 0.0793101340532, 0.0901132971048, 0.114378154278, 0.110101945698, 0.0986965596676, 0.0987489670515, 0.0984176620841, 0.0925128236413, 0.083999119699, 0.0708472877741, 0.0603932105005, 0.0580877549946, 0.0664287358522, 0.0806047320366, 0.0771027058363, 0.262107938528, 0.352067708969, 0.305562138557, 0.0620481669903, 0.0538777671754, 0.0577185451984, 0.0701134651899, 0.0802027732134, 0.0693860128522, 0.0562848113477, 0.0634195357561, 0.0606381334364, 0.0595841705799], "min": [7.77089153416e-05, 3.58583238267e-05, 4.86925964651e-05, 5.37779742444e-05, 6.559684698e-05, 2.47988355113e-05, 2.67073264695e-05, 3.91025569115e-05, 6.47234701319e-05, 7.3262344813e-05, 4.47831698693e-05, 2.22166800086e-05, 4.09456333728e-05, 0.000101227306004, 0.000167719554156, 8.13702718006e-05, 4.77518842672e-05, 4.03481390094e-05, 2.64530517597e-05, 7.61752598919e-05, 5.79777515668e-05, 2.99736020679e-05, 0.000186176301213, 0.000261108361883, 0.000356132542947, 0.000420359458076, 4.52713320556e-05, 3.76779753424e-05, 5.30979705218e-05, 4.0591796278e-05, 3.90406130464e-05, 5.8272624301e-05, 3.95707065763e-05, 5.04228373757e-05, 6.27140252618e-05, 2.58870222751e-05], "dvar2": [0.134940952063, 0.125745087862, 0.110139846802, 0.096945784986, 0.115114845335, 0.110169522464, 0.106531411409, 0.145231544971, 0.146263182163, 0.166172668338, 0.174679622054, 0.156629756093, 0.120879285038, 0.141056582332, 0.160129830241, 0.161838546395, 0.155072763562, 0.158564299345, 0.160524576902, 0.148561373353, 0.124841585755, 0.128705620766, 0.109019488096, 0.107476949692, 0.200276434422, 0.111200816929, 0.137703716755, 0.129295676947, 0.117796063423, 0.140104830265, 0.147322610021, 0.127937465906, 0.116524286568, 0.120251484215, 0.118972510099, 0.124872639775], "dvar": [0.0506341829896, 0.0470336414874, 0.0411054119468, 0.035922922194, 0.0421384945512, 0.0404519885778, 0.0393146127462, 0.0547790341079, 0.05885996297, 0.06556276232, 0.0683795288205, 0.0632858276367, 0.046641163528, 0.055482186377, 0.0653945058584, 0.0623542405665, 0.0559080243111, 0.0560543686152, 0.0565522946417, 0.0532637685537, 0.0469911880791, 0.0495455004275, 0.0413954295218, 0.0463864095509, 0.112313479185, 0.0461632497609, 0.049724381417, 0.0464804023504, 0.0430626198649, 0.0526003465056, 0.0558412596583, 0.0472580641508, 0.042750865221, 0.044955085963, 0.0442368835211, 0.0472575165331], "dmean": [0.17890059948, 0.17845363915, 0.159347265959, 0.14267192781, 0.158110231161, 0.156257301569, 0.155937433243, 0.188882887363, 0.206593573093, 0.222858846188, 0.236367478967, 0.222891256213, 0.186194077134, 0.204916730523, 0.224019870162, 0.210532307625, 0.192684084177, 0.18300807476, 0.18080855906, 0.17265611887, 0.168914571404, 0.176018938422, 0.157780513167, 0.210467934608, 0.315927803516, 0.218262135983, 0.164405420423, 0.157016128302, 0.15493991971, 0.175549954176, 0.186783120036, 0.164035513997, 0.151359811425, 0.157368049026, 0.157837659121, 0.167390465736], "max": [1, 1, 1, 1, 1, 1, 1, 1, 1, 1, 1, 1, 1, 1, 1, 1, 1, 1, 1, 1, 1, 1, 1, 1, 1, 1, 1, 1, 1, 1, 1, 1, 1, 1, 1, 1], "var": [0.0520666278899, 0.0512585639954, 0.040831591934, 0.0339467264712, 0.0396957285702, 0.0380417704582, 0.0369488745928, 0.0556482821703, 0.067955262959, 0.0742843151093, 0.0785913616419, 0.0713125094771, 0.0525694973767, 0.0662914663553, 0.0749122053385, 0.060572847724, 0.0491787940264, 0.0461941286922, 0.0471915900707, 0.0457109063864, 0.0458031781018, 0.049682289362, 0.0400608293712, 0.0573571249843, 0.162008911371, 0.054450776428, 0.0435089096427, 0.0396991558373, 0.0395856611431, 0.0538801811635, 0.0582734383643, 0.0436309799552, 0.0382694602013, 0.0420019179583, 0.0408437997103, 0.0445448942482], "mean": [0.167044058442, 0.174502804875, 0.152082547545, 0.131152048707, 0.145150214434, 0.143288373947, 0.140782132745, 0.172933846712, 0.19826708734, 0.212737083435, 0.233560547233, 0.218614578247, 0.187482446432, 0.205607548356, 0.218379795551, 0.192860111594, 0.168884515762, 0.154807806015, 0.150517761707, 0.145489037037, 0.152868539095, 0.165275782347, 0.147841632366, 0.310848593712, 0.489301025867, 0.320077091455, 0.14437045157, 0.134917318821, 0.138956934214, 0.16501070559, 0.176709339023, 0.149575635791, 0.134638041258, 0.14336566627, 0.142943963408, 0.148717924953]}, "tuning_equal_tempered_deviation": 0.190388917923, "chords_changes_rate": 0.129447385669, "key_key": "F", "tuning_diatonic_strength": 0.523936450481, "key_scale": "major", "chords_number_rate": 0.00170325511135, "tuning_frequency": 434.193115234, "tuning_nontempered_energy_ratio": 0.823492586613, "chords_histogram": [45.6283111572, 4.14458751678, 2.66843295097, 0.0567751713097, 0.302800893784, 0.62452685833, 0.0378501117229, 1.93035578728, 0.0757002234459, 0.0757002234459, 0, 0, 0, 0, 0.302800893784, 15.177895546, 12.5662374496, 6.47236919403, 0.0189250558615, 0.719152152538, 0, 0.302800893784, 5.29901599884, 3.5957608223], "key_strength": 0.601939857006, "chords_key": "F", "chords_strength": {"dmean2": 0.01916542463, "median": 0.445565730333, "min": 0.207199320197, "dvar2": 0.000229786892305, "dvar": 0.000113322937978, "dmean": 0.0133569631726, "max": 0.649471879005, "var": 0.00496927415952, "mean": 0.441747874022}, "chords_scale": "major", "hpcp_entropy": {"dmean2": 1.28304612637, "median": 2.80595445633, "min": 0.0511520393193, "dvar2": 0.918571949005, "dvar": 0.329520791769, "dmean": 0.756666123867, "max": 4.46196222305, "var": 0.516599178314, "mean": 2.70644402504}}, "metadata": {"audio_properties": {"equal_loudness": 0, "codec": "mp3", "downmix": "mix", "analysis_sample_rate": 44100, "bit_rate": 192000, "md5_encoded": "f08c618e4187e49a3ee6663070705c08", "length": 245.342041016, "replay_gain": -4.21220779419, "lossless": false}, "version": {"essentia_build_sha": "eef087cf131c10083d474ad51def18efd0e38295", "essentia": "2.1-beta1", "extractor": "music 1.0", "essentia_git_sha": "v2.1_beta1-7-ge0e83e8-dirty"}, "tags": {"title": ["[untitled]"], "language": ["eng"], "media": ["Vinyl"], "albumartist": ["Kosmik Kommando"], "replaygain_album_gain": ["-1.44 dB"], "musicbrainz_recordingid": ["1fb29983-febc-48e5-90da-81a73ccd33f9"], "replaygain_album_peak": ["1.043861"], "musicbrainz_albumartistid": ["51963eea-c7ba-44f9-b66d-570006b26982"], "discnumber": ["1/1"], "album": ["Universal Indicator 5 (Ultra Violet)"], "catalognumber": ["BB03.5"], "musicbrainz album release country": ["US"], "replaygain_track_gain": ["-2.78 dB"], "musicbrainz album status": ["official"], "file_name": "04 [untitled].mp3", "mp3gain_minmax": ["154,189"], "replaygain_track_peak": ["1.043861"], "date": ["2001"], "genre": ["IDM"], "musicbrainz album type": ["album"], "musicip_puid": ["5299580d-3567-d2bf-210e-ea695ab70f60"], "musicbrainz_artistid": ["51963eea-c7ba-44f9-b66d-570006b26982"], "originaldate": ["2001"], "musicbrainz_albumid": ["0486a160-2982-49f5-bc3e-f3d105c37c90"], "artist": ["Kosmik Kommando"], "tracknumber": ["4/6"], "artistsort": ["Kosmik Kommando"], "mp3gain_album_minmax": ["140,192"], "label": ["Beta Bodega"], "albumartistsort": ["Kosmik Kommando"], "script": ["Latn"]}}, "rhythm": {"bpm_histogram_first_peak_bpm": {"dmean2": 0, "median": 148, "min": 148, "dvar2": 0, "dvar": 0, "dmean": 0, "max": 148, "var": 0, "mean": 148}, "bpm": 149.575683594, "bpm_histogram_second_peak_spread": {"dmean2": 0, "median": 0.399999976158, "min": 0.399999976158, "dvar2": 0, "dvar": 0, "dmean": 0, "max": 0.399999976158, "var": 0, "mean": 0.399999976158}, "bpm_histogram_first_peak_weight": {"dmean2": 0, "median": 0.490968793631, "min": 0.490968793631, "dvar2": 0, "dvar": 0, "dmean": 0, "max": 0.490968793631, "var": 0, "mean": 0.490968793631}, "onset_rate": 4.21024894714, "beats_position": [0.394739210606, 0.812698423862, 1.23065757751, 1.64861679077, 2.06657600403, 2.47292518616, 2.87927436829, 3.29723358154, 3.7151927948, 4.13315200806, 4.55111122131, 4.95746040344, 5.36380958557, 5.7701587677, 6.17650794983, 6.58285713196, 6.97759628296, 7.38394546509, 7.77868461609, 8.18503379822, 8.57977294922, 8.98612213135, 9.39247131348, 9.79882049561, 10.1935596466, 10.5999088287, 11.0062580109, 11.4009971619, 11.7957363129, 12.1904764175, 12.5852155685, 12.9799547195, 13.3746938705, 13.7810430527, 14.1873922348, 14.5937414169, 14.9884805679, 15.3832197189, 15.7895689011, 16.1843090057, 16.5790481567, 16.9853973389, 17.391746521, 17.7980957031, 18.2044448853, 18.5991840363, 19.0055332184, 19.4118824005, 19.8066215515, 20.2013607025, 20.5960998535, 20.9908390045, 21.3855781555, 21.7803173065, 22.1866664886, 22.5930156708, 22.9993648529, 23.405714035, 23.800453186, 24.2068023682, 24.6131515503, 25.0195007324, 25.4142398834, 25.8089790344, 26.2037181854, 26.5984573364, 27.0048065186, 27.3995456696, 27.8058948517, 28.2122440338, 28.6185932159, 29.0249423981, 29.4196815491, 29.8144207001, 30.2091598511, 30.6038990021, 31.0102481842, 31.4165973663, 31.8113365173, 32.2060775757, 32.6008148193, 32.9955558777, 33.4019050598, 33.8082542419, 34.2029914856, 34.5977325439, 35.0040817261, 35.4104309082, 35.8051681519, 36.211517334, 36.6178665161, 37.0242156982, 37.4189567566, 37.8253059387, 38.2316551208, 38.638004303, 39.0443534851, 39.4507026672, 39.8454399109, 40.2401809692, 40.6349182129, 41.041267395, 41.4476165771, 41.8423576355, 42.2370948792, 42.6434440613, 43.0381851196, 43.432926178, 43.8392753601, 44.2456245422, 44.6519737244, 45.046710968, 45.4414520264, 45.83618927, 46.2425384521, 46.6488876343, 47.0436286926, 47.4383659363, 47.8447151184, 48.2394561768, 48.6458053589, 49.052154541, 49.4585037231, 49.8532409668, 50.2479820251, 50.6543312073, 51.0606803894, 51.4554176331, 51.8617668152, 52.2681159973, 52.6628570557, 53.0575942993, 53.4523353577, 53.8470726013, 54.2418136597, 54.6365509033, 55.0312919617, 55.4376411438, 55.8439903259, 56.2503395081, 56.6566886902, 57.0630378723, 57.4693870544, 57.8641242981, 58.2588653564, 58.6536026001, 59.0483436584, 59.4430847168, 59.8494338989, 60.2557830811, 60.6505203247, 61.0452613831, 61.4516105652, 61.8579597473, 62.252696991, 62.6590461731, 63.0653953552, 63.4717445374, 63.8780937195, 64.2844467163, 64.6907958984, 65.0855331421, 65.4918823242, 65.8982315063, 66.29296875, 66.6877059937, 67.0940551758, 67.5004043579, 67.895149231, 68.3014984131, 68.7078475952, 69.1025848389, 69.4973220825, 69.8920593262, 70.2984085083, 70.7047576904, 71.0995025635, 71.5058517456, 71.9122009277, 72.3069381714, 72.701675415, 73.0964126587, 73.5027618408, 73.8975067139, 74.303855896, 74.7102050781, 75.1165542603, 75.5112915039, 75.9060287476, 76.3007659912, 76.6955108643, 77.0902481079, 77.4849853516, 77.8913345337, 78.2976837158, 78.7040328979, 79.1103820801, 79.5167312622, 79.9230804443, 80.3410415649, 80.7241744995, 81.1189117432, 81.5136489868, 81.9083862305, 82.3031311035, 82.7094802856, 83.1042175293, 83.4989547729, 83.8936920166, 84.2884368896, 84.6947860718, 85.1011352539, 85.507484436, 85.9138336182, 86.3201828003, 86.7265319824, 87.1212692261, 87.5160064697, 87.9223556519, 88.3170928955, 88.7118377686, 89.1065750122, 89.5129241943, 89.907661438, 90.3140106201, 90.7203598022, 91.1267089844, 91.521446228, 91.9277954102, 92.3341445923, 92.7404937744, 93.1352386475, 93.5299758911, 93.9363250732, 94.3426742554, 94.737411499, 95.1321487427, 95.5384979248, 95.9448471069, 96.33959198, 96.7343292236, 97.1290664673, 97.5354156494, 97.9301605225, 98.3365097046, 98.7428588867, 99.1492080688, 99.5439453125, 99.9386825562, 100.3334198, 100.739768982, 101.146118164, 101.540863037, 101.947212219, 102.353561401, 102.748298645, 103.154647827, 103.549385071, 103.944122314, 104.338867188, 104.733604431, 105.128341675, 105.534690857, 105.941040039, 106.347389221, 106.753738403, 107.160087585, 107.566436768, 107.97278595, 108.367523193, 108.762268066, 109.15700531, 109.551742554, 109.958091736, 110.352828979, 110.759178162, 111.153923035, 111.560272217, 111.966621399, 112.361358643, 112.767707825, 113.174057007, 113.592018127, 114.009971619, 114.451156616, 114.892333984, 115.345123291, 115.786300659, 116.20426178, 116.633827209, 117.05178833, 117.458137512, 117.864486694, 118.270835876, 118.677185059, 119.071922302, 119.478271484, 119.884620667, 120.27936554, 120.674102783, 121.080451965, 121.475189209, 121.881538391, 122.276275635, 122.671020508, 123.07736969, 123.472106934, 123.878456116, 124.273193359, 124.679542542, 125.085891724, 125.503852844, 125.921813965, 126.339767456, 126.746116638, 127.15246582, 127.547210693, 127.953559875, 128.359909058, 128.76625061, 129.172607422, 129.567337036, 129.973693848, 130.368438721, 130.774780273, 131.181137085, 131.575866699, 131.958999634, 132.353744507, 132.76008606, 133.166442871, 133.561172485, 133.967529297, 134.37387085, 134.780227661, 135.186569214, 135.581314087, 135.98765564, 136.382400513, 136.777145386, 137.183486938, 137.578231812, 137.972961426, 138.367706299, 138.77406311, 139.180404663, 139.586761475, 139.993103027, 140.3878479, 140.794189453, 141.188934326, 141.595275879, 141.990020752, 142.384765625, 142.791107178, 143.197463989, 143.603805542, 144.010162354, 144.404891968, 144.799636841, 145.194366455, 145.589111328, 145.983856201, 146.378585815, 146.784942627, 147.19128418, 147.597640991, 148.003982544, 148.398727417, 148.79347229, 149.199813843, 149.606170654, 150.000900269, 150.395645142, 150.790390015, 151.185119629, 151.579864502, 151.974594116, 152.369338989, 152.775695801, 153.182037354, 153.588394165, 153.994735718, 154.401092529, 154.807434082, 155.202178955, 155.608520508, 156.003265381, 156.397994995, 156.804351807, 157.19909668, 157.605438232, 158.011795044, 158.406524658, 158.801269531, 159.207611084, 159.613967896, 160.00869751, 160.403442383, 160.798187256, 161.19291687, 161.587661743, 161.982406616, 162.388748169, 162.79510498, 163.201446533, 163.607803345, 164.014144897, 164.420501709, 164.826843262, 165.233200073, 165.627929688, 166.022674561, 166.429016113, 166.835372925, 167.241714478, 167.648071289, 168.042816162, 168.437545776, 168.832290649, 169.227020264, 169.633377075, 170.039718628, 170.434463501, 170.840820312, 171.235549927, 171.641906738, 172.036636353, 172.431381226, 172.826126099, 173.232467651, 173.627212524, 174.033554077, 174.42829895, 174.823028564, 175.229385376, 175.624130249, 176.030471802, 176.425216675, 176.819946289, 177.226303101, 177.632644653, 178.027389526, 178.422134399, 178.816864014, 179.223220825, 179.617950439, 180.012695312, 180.419036865, 180.825393677, 181.22013855, 181.626480103, 182.021224976, 182.427566528, 182.83392334, 183.228652954, 183.635009766, 184.041351318, 184.436096191, 184.830841064, 185.225570679, 185.620315552, 186.026657104, 186.433013916, 186.839355469, 187.234100342, 187.640457153, 188.035186768, 188.429931641, 188.824661255, 189.219406128, 189.614151001, 190.020492554, 190.426849365, 190.833190918, 191.227935791, 191.622665405, 192.029022217, 192.43536377, 192.841720581, 193.248062134, 193.642807007, 194.03755188, 194.432281494, 194.838638306, 195.23336792, 195.628112793, 196.022857666, 196.41758728, 196.823944092, 197.218673706, 197.613418579, 198.008163452, 198.402893066, 198.809249878, 199.215591431, 199.621948242, 200.028289795, 200.434646606, 200.840988159, 201.247344971, 201.642089844, 202.036819458, 202.44317627, 202.849517822, 203.244262695, 203.63899231, 204.033737183, 204.428482056, 204.82321167, 205.217956543, 205.624298096, 206.030654907, 206.43699646, 206.843353271, 207.249694824, 207.644439697, 208.03918457, 208.433914185, 208.828659058, 209.23500061, 209.641357422, 210.047698975, 210.442443848, 210.848800659, 211.255142212, 211.649887085, 212.044616699, 212.439361572, 212.845703125, 213.240447998, 213.64680481, 214.053146362, 214.447891235, 214.854232788, 215.248977661, 215.643707275, 216.050064087, 216.44480896, 216.839538574, 217.245895386, 217.652236938, 218.046981812, 218.453323364, 218.848068237, 219.24281311, 219.649154663, 220.055511475, 220.450241089, 220.844985962, 221.239730835, 221.634460449, 222.040817261, 222.447158813, 222.841903687, 223.236633301, 223.642990112, 224.037734985, 224.444076538, 224.85043335, 225.256774902, 225.651519775, 226.04624939, 226.440994263, 226.847335815, 227.253692627, 227.6484375, 228.043167114, 228.437911987, 228.84425354, 229.250610352, 229.656951904, 230.063308716, 230.45803833, 230.852783203, 231.247528076, 231.653869629, 232.048614502, 232.443344116, 232.849700928, 233.244445801, 233.639175415, 234.045532227, 234.451873779, 234.846618652, 235.241363525, 235.63609314, 236.030838013, 236.425567627, 236.831924438, 237.238265991, 237.633010864, 238.039367676, 238.445709229, 238.840454102, 239.246795654, 239.653152466, 240.04788208, 240.442626953, 240.837371826, 241.243713379, 241.65007019, 242.044799805, 242.439544678, 242.84588623, 243.252243042, 243.670196533, 244.088165283, 244.506118774, 244.912460327], "beats_loudness": {"dmean2": 0.0897772759199, "median": 0.255235373974, "min": 2.43912181759e-05, "dvar2": 0.00607363274321, "dvar": 0.00220408849418, "dmean": 0.0504986532032, "max": 0.422687977552, "var": 0.0098370090127, "mean": 0.223497658968}, "danceability": 2.33052015305, "bpm_histogram_second_peak_weight": {"dmean2": 0, "median": 0.00492610828951, "min": 0.00492610828951, "dvar2": 0, "dvar": 0, "dmean": 0, "max": 0.00492610828951, "var": 0, "mean": 0.00492610828951}, "beats_count": 610, "bpm_histogram_second_peak_bpm": {"dmean2": 0, "median": 136, "min": 136, "dvar2": 0, "dvar": 0, "dmean": 0, "max": 136, "var": 0, "mean": 136}, "bpm_histogram_first_peak_spread": {"dmean2": 0, "median": 0.50332224369, "min": 0.50332224369, "dvar2": 0, "dvar": 0, "dmean": 0, "max": 0.50332224369, "var": 0, "mean": 0.50332224369}, "beats_loudness_band_ratio": {"dmean2": [0.124683760107, 0.0530233569443, 0.104589283466, 0.0698334574699, 0.00598885724321, 0.00873281992972], "median": [0.961098372936, 0.00552037265152, 0.00861989147961, 0.00928605720401, 0.00144245265983, 0.0047277607955], "min": [0.0071333530359, 0.000279936124571, 0.000144910110976, 0.000228240300203, 2.51331839536e-05, 0.000562308414374], "dvar2": [0.0500626340508, 0.012956481427, 0.0509032979608, 0.0253439005464, 8.73137687449e-05, 0.00130607339088], "dvar": [0.0190260633826, 0.00418428331614, 0.0175493806601, 0.00903024803847, 2.94890196528e-05, 0.000410037202528], "dmean": [0.0672681629658, 0.029742974788, 0.0573045387864, 0.0395514070988, 0.00320368306711, 0.00506673986092], "max": [0.987395405769, 0.566863656044, 0.889663159847, 0.803600728512, 0.0562766715884, 0.344009876251], "var": [0.101710796356, 0.00498089566827, 0.0302929524332, 0.0181235894561, 2.92093354801e-05, 0.000286655995296], "mean": [0.809631586075, 0.0312036350369, 0.0811623185873, 0.0650846734643, 0.00342013826594, 0.00763856014237]}}, "lowlevel": {"barkbands_spread": {"dmean2": 6.23034191132, "median": 9.30201435089, "min": 0.253455340862, "dvar2": 75.2373428345, "dvar": 33.9378814697, "dmean": 4.047747612, "max": 125.211738586, "var": 106.022544861, "mean": 11.0827713013}, "melbands_spread": {"dmean2": 6.41659975052, "median": 13.7816839218, "min": 0.0737701058388, "dvar2": 61.3597297668, "dvar": 31.0053348541, "dmean": 4.19142723083, "max": 217.098175049, "var": 88.0593566895, "mean": 12.9405441284}, "hfc": {"dmean2": 26.6215896606, "median": 39.9410171509, "min": 0.000148567210999, "dvar2": 1826.0880127, "dvar": 844.572998047, "dmean": 17.7437114716, "max": 2892.73095703, "var": 3692.62695312, "mean": 50.3649940491}, "barkbands_kurtosis": {"dmean2": 15.8467082977, "median": 2.30190229416, "min": -1.8287512064, "dvar2": 621.682128906, "dvar": 358.313323975, "dmean": 11.3672323227, "max": 264.130004883, "var": 939.698486328, "mean": 17.5690975189}, "gfcc": {"mean": [-14.486946106, 125.869949341, -92.9244613647, -27.6457538605, -33.3742713928, -0.736305594444, 8.2631893158, -11.209900856, -7.26365184784, -9.27727222443, -5.65789699554, 3.21674275398, -11.9182195663], "icov": [[0.000583257235121, -0.000682206242345, 0.00172225444112, -0.00141302065458, 0.000269837182714, -8.26116047392e-06, 1.14660988402e-05, -0.000512247090228, 0.00150507537182, -0.00219386164099, 0.00203155260533, -0.00123328552581, 0.000272513570962], [-0.000682206242345, 0.00514652719721, -0.00724872667342, 0.00753515819088, -0.00320056942292, -0.00115002784878, -0.00130876444746, 0.00403386261314, -0.00525272730738, 0.00687709683552, -0.0060164090246, 0.00407825922593, -0.00028717139503], [0.00172225444112, -0.00724872667342, 0.0198191665113, -0.017919966951, 0.00945798959583, -0.00912421476096, 0.00391365820542, -0.00115678750444, 0.00404195906594, -0.00420710910112, 0.00266091595404, -0.00251632346772, 0.00108518754132], [-0.00141302065458, 0.00753515819088, -0.017919966951, 0.0263311602175, -0.019238896668, 0.00916749890894, -0.00822895020247, -0.00387753616087, 0.0094462716952, -0.0129565717652, 0.0131833665073, -0.0106265749782, 0.00410440331325], [0.000269837182714, -0.00320056942292, 0.00945798959583, -0.019238896668, 0.0325399599969, -0.0181296300143, 0.00411218637601, 0.0112468842417, -0.0289698224515, 0.0269533265382, -0.0206151865423, 0.012420270592, -0.00835212133825], [-8.26116047392e-06, -0.00115002784878, -0.00912421476096, 0.00916749890894, -0.0181296300143, 0.0318631455302, -0.000960324017797, -0.0211226865649, 0.0188898462802, -0.0187721289694, 0.0149976210669, -0.00630317814648, -0.0012125831563], [1.14660988402e-05, -0.00130876444746, 0.00391365820542, -0.00822895020247, 0.00411218637601, -0.000960324017797, 0.0147866820917, -0.00142319349106, -0.0105638066307, 0.0128439646214, -0.00679000513628, -0.00540241738781, 0.00703866779804], [-0.000512247090228, 0.00403386261314, -0.00115678750444, -0.00387753616087, 0.0112468842417, -0.0211226865649, -0.00142319349106, 0.0391060300171, -0.0212292913347, 0.00552210956812, -0.0166494399309, 0.0297387409955, -0.0167306344956], [0.00150507537182, -0.00525272730738, 0.00404195906594, 0.0094462716952, -0.0289698224515, 0.0188898462802, -0.0105638066307, -0.0212292913347, 0.0557176880538, -0.0507314316928, 0.0361056663096, -0.0218163430691, 0.0104939742014], [-0.00219386164099, 0.00687709683552, -0.00420710910112, -0.0129565717652, 0.0269533265382, -0.0187721289694, 0.0128439646214, 0.00552210956812, -0.0507314316928, 0.0863114818931, -0.0604150444269, 0.0192910507321, 0.00336772366427], [0.00203155260533, -0.0060164090246, 0.00266091595404, 0.0131833665073, -0.0206151865423, 0.0149976210669, -0.00679000513628, -0.0166494399309, 0.0361056663096, -0.0604150444269, 0.074852257967, -0.0455258525908, 0.00260957772844], [-0.00123328552581, 0.00407825922593, -0.00251632346772, -0.0106265749782, 0.012420270592, -0.00630317814648, -0.00540241738781, 0.0297387409955, -0.0218163430691, 0.0192910507321, -0.0455258525908, 0.0701503381133, -0.0287159122527], [0.000272513570962, -0.00028717139503, 0.00108518754132, 0.00410440331325, -0.00835212133825, -0.0012125831563, 0.00703866779804, -0.0167306344956, 0.0104939742014, 0.00336772366427, 0.00260957772844, -0.0287159122527, 0.0335259996355]], "cov": [[3582.29833984, -973.868652344, -239.498077393, 616.889770508, -22.6770267487, -259.307556152, 321.633361816, -98.1982498169, 58.8739547729, 123.680168152, -65.5539855957, 132.207000732, -149.299316406], [-973.868652344, 1448.50195312, 73.5153808594, -596.406799316, 95.6238479614, 149.201751709, -158.845245361, -29.1767559052, 5.62119293213, -155.090164185, 25.637462616, -107.28213501, 58.8998603821], [-239.498077393, 73.5153808594, 558.747131348, 395.776702881, 155.871627808, 321.28817749, -24.3035926819, 215.761642456, 36.5081520081, 128.559631348, 41.0027961731, 17.5811691284, 86.790473938], [616.889770508, -596.406799316, 395.776702881, 807.343811035, 235.03062439, 140.774353027, 238.845748901, 152.177856445, 141.781951904, 195.758590698, 34.6056900024, 121.8022995, 5.25811767578], [-22.6770267487, 95.6238479614, 155.871627808, 235.03062439, 260.600402832, 138.004989624, 102.529022217, 93.8744812012, 140.469406128, 64.2669143677, 44.2872161865, 42.8850250244, 45.2796859741], [-259.307556152, 149.201751709, 321.28817749, 140.774353027, 138.004989624, 331.802429199, -90.297996521, 226.800827026, 31.6422634125, 92.0048828125, 37.5628890991, -23.2092552185, 112.322746277], [321.633361816, -158.845245361, -24.3035926819, 238.845748901, 102.529022217, -90.297996521, 277.383270264, -43.9979820251, 117.958061218, 30.396572113, 13.0715551376, 72.3633041382, -69.3563690186], [-98.1982498169, -29.1767559052, 215.761642456, 152.177856445, 93.8744812012, 226.800827026, -43.9979820251, 221.60836792, 56.392036438, 102.38911438, 31.377286911, -21.2275257111, 77.7903213501], [58.8739547729, 5.62119293213, 36.5081520081, 141.781951904, 140.469406128, 31.6422634125, 117.958061218, 56.392036438, 158.377822876, 73.6960525513, 29.4292755127, 29.0779914856, -13.8156204224], [123.680168152, -155.090164185, 128.559631348, 195.758590698, 64.2669143677, 92.0048828125, 30.396572113, 102.38911438, 73.6960525513, 126.614814758, 58.9504432678, 38.2838973999, 26.0078678131], [-65.5539855957, 25.637462616, 41.0027961731, 34.6056900024, 44.2872161865, 37.5628890991, 13.0715551376, 31.377286911, 29.4292755127, 58.9504432678, 89.452507019, 57.9734420776, 48.0540313721], [132.207000732, -107.28213501, 17.5811691284, 121.8022995, 42.8850250244, -23.2092552185, 72.3633041382, -21.2275257111, 29.0779914856, 38.2838973999, 57.9734420776, 95.6356964111, 31.0389614105], [-149.299316406, 58.8998603821, 86.790473938, 5.25811767578, 45.2796859741, 112.322746277, -69.3563690186, 77.7903213501, -13.8156204224, 26.0078678131, 48.0540313721, 31.0389614105, 121.37386322]]}, "spectral_energyband_middle_low": {"dmean2": 0.0100761447102, "median": 0.0118673481047, "min": 4.79986550506e-10, "dvar2": 0.000227450625971, "dvar": 0.00011011629249, "dmean": 0.00676372880116, "max": 0.309542924166, "var": 0.000250613840763, "mean": 0.0152621958405}, "melbands_crest": {"dmean2": 7.4866361618, "median": 13.4843482971, "min": 3.76873254776, "dvar2": 47.0405349731, "dvar": 30.5165901184, "dmean": 5.09241628647, "max": 39.2963638306, "var": 122.5834198, "mean": 17.8909416199}, "spectral_kurtosis": {"dmean2": 17.464553833, "median": 19.7055301666, "min": -0.0406610965729, "dvar2": 368.284362793, "dvar": 154.613922119, "dmean": 11.0184011459, "max": 109.953781128, "var": 405.304718018, "mean": 26.9843616486}, "spectral_rms": {"dmean2": 0.00255336635746, "median": 0.00598359154537, "min": 3.67256166101e-06, "dvar2": 7.28338363842e-06, "dvar": 5.00834585182e-06, "dmean": 0.00184109061956, "max": 0.0235261712223, "var": 1.99801834242e-05, "mean": 0.00799970887601}, "zerocrossingrate": {"dmean2": 0.0184036046267, "median": 0.05810546875, "min": 0.00341796875, "dvar2": 0.000536666833796, "dvar": 0.000458184542367, "dmean": 0.0163802038878, "max": 0.99853515625, "var": 0.00427206186578, "mean": 0.0667057707906}, "silence_rate_60dB": {"dmean2": 0.00719356350601, "median": 0, "min": 0, "dvar2": 0.00714272167534, "dvar": 0.00358275626786, "dmean": 0.0035964413546, "max": 1, "var": 0.0140865147114, "mean": 0.0142897702754}, "erbbands_kurtosis": {"dmean2": 2.34264159203, "median": 1.15242671967, "min": -1.41186630726, "dvar2": 10.9619350433, "dvar": 4.63432598114, "dmean": 1.47469711304, "max": 37.1829948425, "var": 6.93166589737, "mean": 1.72487092018}, "erbbands": {"dmean2": [1.99702239037, 5.0589094162, 7.94277667999, 8.15280437469, 5.58672475815, 11.5363311768, 14.7264089584, 19.8622875214, 26.3819274902, 44.8009300232, 88.9159698486, 155.80519104, 92.3632965088, 90.3835830688, 83.7743225098, 61.7607498169, 34.0689544678, 17.0526447296, 8.06673336029, 6.27020549774, 4.85251283646, 3.73824429512, 3.65982198715, 3.86158561707, 4.45773172379, 2.99666953087, 2.36305522919, 2.22508740425, 1.82084679604, 1.25788974762, 0.59256529808, 0.209629997611, 0.109281621873, 0.072425454855, 0.0459983311594, 0.0287181101739, 0.0350376926363, 0.0467746667564, 0.0138756958768, 0.00201561464928], "median": [0.0610837005079, 0.382509857416, 1.34549593925, 1.96923959255, 2.32003307343, 5.08889579773, 6.1386551857, 6.94925022125, 9.94281959534, 18.1199474335, 27.6425323486, 41.5967063904, 48.5691146851, 59.9578399658, 60.0688819885, 44.8075485229, 27.6633758545, 12.5320911407, 4.53601026535, 2.14643764496, 2.01507472992, 1.71191763878, 1.2690256834, 0.832303345203, 0.527982056141, 0.348668545485, 0.274436742067, 0.223047152162, 0.177525505424, 0.147219315171, 0.101655565202, 0.0536647960544, 0.0191172584891, 0.0107776271179, 0.00675333756953, 0.00539131416008, 0.00624082516879, 0.00480026798323, 0.00195178634021, 0.00216972548515], "min": [7.00916835683e-09, 6.85506229559e-09, 1.26128760769e-08, 3.54880604903e-08, 1.19071287941e-07, 1.35211428187e-06, 1.62051742336e-06, 5.92383400999e-07, 1.0101797443e-07, 2.27655519325e-07, 5.02886905451e-07, 5.25023835962e-07, 2.09121708394e-06, 1.78281300123e-06, 3.63050799024e-06, 1.39705343827e-06, 1.36080632274e-06, 2.24446671382e-06, 5.0137477956e-06, 3.60631179319e-06, 6.36680942989e-06, 3.57063890988e-06, 3.4917436551e-06, 6.27570580036e-06, 3.8445696191e-06, 4.98163672091e-06, 7.78770663601e-06, 6.63271657686e-06, 1.19082151286e-05, 2.45349401666e-05, 2.13976672967e-05, 7.42932343201e-06, 6.47725028102e-06, 1.1139896742e-05, 1.68633573594e-06, 6.12114217802e-06, 2.1689309051e-06, 1.59338765116e-06, 1.59635064279e-07, 1.93338465238e-08], "dvar2": [12.8022661209, 111.208534241, 319.155944824, 219.003433228, 60.4821090698, 276.177856445, 447.303894043, 1194.72363281, 1826.63305664, 9250.86035156, 48350.640625, 235793.46875, 28925.1132812, 23842.0820312, 13075.0029297, 6233.55517578, 2153.21704102, 813.073242188, 230.335372925, 276.574127197, 140.511672974, 75.5662612915, 110.244346619, 60.5675888062, 94.4618835449, 36.134475708, 22.7354125977, 18.7482299805, 10.8238563538, 5.22733736038, 1.56098687649, 0.288098424673, 0.245211333036, 0.0881322100759, 0.026472909376, 0.0312264990062, 0.0119512109086, 0.00868056807667, 0.000903636449948, 0.000111903820653], "dvar": [7.31638860703, 47.6933670044, 116.540214539, 79.3622131348, 22.7533664703, 120.892700195, 194.141830444, 513.73248291, 754.210693359, 3936.00048828, 18195.4472656, 115911.289062, 12167.8847656, 8903.63769531, 5013.45166016, 2428.00390625, 837.758666992, 315.057159424, 88.5217208862, 107.102897644, 56.4791412354, 29.0254764557, 44.2152938843, 28.7637081146, 50.0452575684, 19.2006988525, 10.9696865082, 8.56995105743, 4.84755420685, 2.46547579765, 0.626834094524, 0.102834038436, 0.082892678678, 0.0298982467502, 0.0090216724202, 0.0104614794254, 0.00433043111116, 0.00388170639053, 0.000424342433689, 3.80418314307e-05], "dmean": [1.45333528519, 3.2618932724, 4.63866424561, 4.74599599838, 3.29695606232, 7.35270929337, 9.08781051636, 12.1947450638, 15.7966594696, 28.1922035217, 52.8153800964, 104.337921143, 57.559223175, 54.3728942871, 50.6967849731, 37.3840827942, 20.7801647186, 10.4900941849, 5.00335502625, 3.8765668869, 3.04582309723, 2.32035279274, 2.3167886734, 2.64656710625, 3.15952968597, 2.10651397705, 1.62677752972, 1.48960971832, 1.19541680813, 0.844066262245, 0.385837376118, 0.125931486487, 0.0624168291688, 0.041276268661, 0.0261535700411, 0.0162760335952, 0.0225239396095, 0.0313487648964, 0.00962504465133, 0.00135037733708], "max": [23.2455558777, 69.8140869141, 102.466255188, 95.3654403687, 71.6508712769, 144.546142578, 269.445465088, 408.972442627, 400.375335693, 2044.6229248, 1943.20288086, 5581.84912109, 4131.82861328, 2842.4128418, 1561.54101562, 863.767944336, 500.806396484, 868.698852539, 311.823669434, 213.509017944, 213.856567383, 149.249404907, 372.263275146, 110.147193909, 126.571708679, 75.0621032715, 53.6687393188, 56.333820343, 27.5118598938, 25.3854942322, 34.4501876831, 18.6266822815, 19.5816383362, 11.5645904541, 6.14667320251, 7.23342895508, 4.08602809906, 1.99956083298, 0.702942252159, 0.46364235878], "var": [17.7247104645, 61.3588867188, 92.5656433105, 71.5307922363, 24.0624027252, 180.329376221, 286.431518555, 644.234863281, 962.657531738, 4772.52685547, 17771.3847656, 142092.375, 15056.9980469, 10491.9609375, 7658.38916016, 4166.18701172, 1428.4152832, 567.698181152, 145.321228027, 116.250068665, 88.6910934448, 36.1803436279, 86.0833816528, 84.0497436523, 178.613296509, 68.1449356079, 35.6972045898, 24.6318054199, 12.5579881668, 7.0192065239, 1.07435679436, 0.0850373134017, 0.0461696460843, 0.0170684792101, 0.00536911934614, 0.00557668181136, 0.00453786319122, 0.00962345488369, 0.00121324381325, 3.27321467921e-05], "mean": [2.26516747475, 3.85274362564, 4.36645555496, 5.19308280945, 4.01851940155, 9.5526266098, 11.7231817245, 14.3454799652, 19.2537441254, 36.0665168762, 63.4530715942, 123.290512085, 82.9280700684, 86.1405487061, 84.9042205811, 64.3679275513, 37.6133995056, 19.0766620636, 8.5600605011, 5.48320007324, 4.71207761765, 3.61763215065, 3.86204719543, 4.71670627594, 5.91049575806, 3.80171585083, 2.81634879112, 2.42492175102, 1.87287271023, 1.3981385231, 0.589575350285, 0.156362608075, 0.0551322884858, 0.0353554673493, 0.0224268045276, 0.0145248249173, 0.0334826521575, 0.0512701310217, 0.0173167437315, 0.00334034045227]}, "spectral_strongpeak": {"dmean2": 1.13409459591, "median": 0.595299124718, "min": 0, "dvar2": 20.6891059875, "dvar": 10.9396076202, "dmean": 0.680467844009, "max": 272.516784668, "var": 14.9016036987, "mean": 0.937192559242}, "spectral_energy": {"dmean2": 0.0532999821007, "median": 0.0366984531283, "min": 1.3824902112e-08, "dvar2": 0.00507694482803, "dvar": 0.00296438578516, "dmean": 0.0375370308757, "max": 0.567317783833, "var": 0.00920477509499, "mean": 0.0860754474998}, "average_loudness": 0.959788560867, "spectral_rolloff": {"dmean2": 456.823608398, "median": 947.4609375, "min": 21.533203125, "dvar2": 2855100.5, "dvar": 1206677.875, "dmean": 276.204437256, "max": 22050, "var": 4459578, "mean": 1008.33660889}, "spectral_centroid": {"dmean2": 212.863632202, "median": 711.747009277, "min": 125.000038147, "dvar2": 55458.0195312, "dvar": 27992.7128906, "dmean": 139.979309082, "max": 4416.59765625, "var": 179238.90625, "mean": 838.495300293}, "pitch_salience": {"dmean2": 0.165631979704, "median": 0.623446702957, "min": 0.0422628372908, "dvar2": 0.0214755050838, "dvar": 0.0132197020575, "dmean": 0.111458882689, "max": 0.896575510502, "var": 0.0552037730813, "mean": 0.525866270065}, "spectral_energyband_middle_high": {"dmean2": 0.00460708513856, "median": 0.00627326406538, "min": 7.71868902127e-10, "dvar2": 3.54126168531e-05, "dvar": 1.35017944558e-05, "dmean": 0.00294452346861, "max": 0.0842986106873, "var": 3.21781008097e-05, "mean": 0.0074120555073}, "spectral_contrast_coeffs": {"dmean2": [0.1054886356, 0.0968348234892, 0.068640999496, 0.0543343909085, 0.042405821383, 0.0766049697995], "median": [-0.663011431694, -0.778160274029, -0.805118322372, -0.78576540947, -0.835421323776, -0.801134109497], "min": [-0.923370599747, -0.948780119419, -0.961030364037, -0.961292922497, -0.963639318943, -0.914202809334], "dvar2": [0.00650609657168, 0.00641170470044, 0.00306887202896, 0.00180211872794, 0.00119954824913, 0.00528026325628], "dvar": [0.00281421164982, 0.00228484114632, 0.0012171335984, 0.000694638583809, 0.000475220935186, 0.00225329957902], "dmean": [0.0679107457399, 0.0575462058187, 0.0414315350354, 0.0332528688014, 0.0264077018946, 0.0483634769917], "max": [-0.310555875301, -0.427953243256, -0.439811229706, -0.613310992718, -0.687896192074, -0.434937417507], "var": [0.0115689001977, 0.00484127923846, 0.00257507129572, 0.00211512157694, 0.00159406580497, 0.00855177268386], "mean": [-0.663691699505, -0.767216384411, -0.798766553402, -0.786065995693, -0.837927222252, -0.764464974403]}, "melbands_skewness": {"dmean2": 1.84019517899, "median": 1.16293609142, "min": -2.04140138626, "dvar2": 4.66829776764, "dvar": 3.49012136459, "dmean": 1.44713616371, "max": 30.677947998, "var": 14.8909254074, "mean": 2.91006708145}, "spectral_spread": {"dmean2": 1111862.25, "median": 2906177.25, "min": 884295.9375, "dvar2": 1123894820860.0, "dvar": 483707289600, "dmean": 706528, "max": 12807301, "var": 1738310025220.0, "mean": 3022033.5}, "dissonance": {"dmean2": 0.0473122932017, "median": 0.472780823708, "min": 0.234982356429, "dvar2": 0.00207966379821, "dvar": 0.000757530506235, "dmean": 0.0278152301908, "max": 0.500000119209, "var": 0.00101710855961, "mean": 0.463677406311}, "spectral_skewness": {"dmean2": 1.0726006031, "median": 3.45281338692, "min": 0.639225661755, "dvar2": 1.14172804356, "dvar": 0.499671667814, "dmean": 0.700838923454, "max": 7.74795389175, "var": 2.03714752197, "mean": 3.57563042641}, "spectral_flux": {"dmean2": 0.0980318188667, "median": 0.130760878325, "min": 0.000196903958567, "dvar2": 0.0107175065205, "dvar": 0.00445063458756, "dmean": 0.060317799449, "max": 0.508136212826, "var": 0.00722348783165, "mean": 0.161591380835}, "spectral_contrast_valleys": {"dmean2": [0.79266834259, 0.629904150963, 0.47083979845, 0.479591041803, 0.70323497057, 1.37486755848], "median": [-6.98999071121, -6.03498125076, -5.94407510757, -7.5442905426, -8.20834922791, -11.1563463211], "min": [-14.9725160599, -14.9367389679, -14.537730217, -14.5516586304, -14.2763366699, -15.9873399734], "dvar2": [0.401521086693, 0.239202275872, 0.14109107852, 0.169281512499, 0.43624997139, 1.35628867149], "dvar": [0.187805876136, 0.0928261429071, 0.0599988363683, 0.0760834291577, 0.187123477459, 0.509218633175], "dmean": [0.508778989315, 0.381231307983, 0.295405596495, 0.303713560104, 0.453502565622, 0.840959250927], "max": [-4.66511297226, -4.69228982925, -4.81491756439, -5.46447086334, -6.13620471954, -7.84546470642], "var": [0.894256472588, 0.399937331676, 0.426356345415, 0.368948757648, 0.74137866497, 0.941203594208], "mean": [-7.00625991821, -6.10320568085, -6.03647041321, -7.53800535202, -8.14178466797, -11.2386341095]}, "erbbands_flatness_db": {"dmean2": 0.0515778772533, "median": 0.204334542155, "min": 0.0300970934331, "dvar2": 0.00191584241111, "dvar": 0.00098236487247, "dmean": 0.034366093576, "max": 0.406081736088, "var": 0.00467089237645, "mean": 0.201137214899}, "spectral_energyband_high": {"dmean2": 0.000248902098974, "median": 4.72845676995e-05, "min": 1.00644879097e-08, "dvar2": 3.54712170747e-07, "dvar": 1.52142121124e-07, "dmean": 0.000172831874806, "max": 0.0187855195254, "var": 3.63805014558e-07, "mean": 0.00031817224226}, "spectral_entropy": {"dmean2": 0.371058523655, "median": 7.06127166748, "min": 5.30099582672, "dvar2": 0.124495498836, "dvar": 0.0554278083146, "dmean": 0.241584733129, "max": 8.98337554932, "var": 0.240235581994, "mean": 7.14623594284}, "silence_rate_20dB": {"dmean2": 0.0249881688505, "median": 1, "min": 0, "dvar2": 0.0357210747898, "dvar": 0.0123357474804, "dmean": 0.0124929016456, "max": 1, "var": 0.00704690814018, "mean": 0.992902457714}, "melbands_flatness_db": {"dmean2": 0.069480009377, "median": 0.306113