{"tonal": {"thpcp": [1, 0.807339012623, 0.65112310648, 0.638607442379, 0.552385210991, 0.502364695072, 0.556839048862, 0.698348939419, 0.760430157185, 0.681424617767, 0.649644434452, 0.59500849247, 0.484345823526, 0.437737286091, 0.436522603035, 0.510286450386, 0.600877702236, 0.790224850178, 0.951016783714, 0.758044183254, 0.638386547565, 0.756824672222, 0.849641501904, 0.833011507988, 0.71343511343, 0.664357602596, 0.709141016006, 0.744026839733, 0.761701822281, 0.79071611166, 0.826517641544, 0.770529389381, 0.636951327324, 0.630426645279, 0.728352963924, 0.898033499718], "hpcp": {"dmean2": [0.311552792788, 0.298388302326, 0.260837048292, 0.263384252787, 0.285533100367, 0.310111105442, 0.297768950462, 0.279850244522, 0.272389501333, 0.261210232973, 0.221728503704, 0.201214432716, 0.220308870077, 0.235736563802, 0.234378919005, 0.224608466029, 0.213723689318, 0.202603280544, 0.177056282759, 0.159765928984, 0.156423389912, 0.175174251199, 0.1856225878, 0.254965990782, 0.348749160767, 0.269532471895, 0.222187563777, 0.260156482458, 0.272523283958, 0.265587031841, 0.256142348051, 0.245151951909, 0.266380697489, 0.29322552681, 0.303855836391, 0.318989664316], "median": [0.0704656243324, 0.0646810084581, 0.0497987829149, 0.0422880724072, 0.05323869735, 0.0774729177356, 0.0816231966019, 0.0707258209586, 0.0528800599277, 0.046701643616, 0.0450496561825, 0.0373948663473, 0.0481389686465, 0.0618750192225, 0.0617947392166, 0.0559894442558, 0.0481683760881, 0.0385362431407, 0.0322551168501, 0.0314943939447, 0.0359838604927, 0.0407228916883, 0.0456991679966, 0.0725234672427, 0.0673487409949, 0.071896828711, 0.0583433881402, 0.0686186477542, 0.0776932686567, 0.0756600424647, 0.069193944335, 0.0615623518825, 0.0610519237816, 0.0628416091204, 0.0613817721605, 0.0624945424497], "min": [0, 0, 0, 0, 0, 0, 0, 0, 0, 0, 0, 0, 0, 0, 0, 0, 0, 0, 0, 0, 0, 0, 0, 0, 0, 0, 0, 0, 0, 0, 0, 0, 0, 0, 0, 0], "dvar2": [0.156160220504, 0.146270036697, 0.130500942469, 0.139253437519, 0.144590318203, 0.1688298136, 0.149689644575, 0.130847156048, 0.141947314143, 0.131292164326, 0.098024405539, 0.0861841961741, 0.0979529470205, 0.100865751505, 0.0966747701168, 0.0913395732641, 0.0954219922423, 0.0933345705271, 0.0787105485797, 0.0631479397416, 0.062845736742, 0.0704399198294, 0.0762852206826, 0.0883568078279, 0.204918131232, 0.101081572473, 0.0888888165355, 0.112937144935, 0.119254082441, 0.114191800356, 0.10694155097, 0.100771673024, 0.12520802021, 0.145431667566, 0.153989583254, 0.169609472156], "dvar": [0.058111038059, 0.0545654706657, 0.047220621258, 0.0503870211542, 0.0525884889066, 0.0589308254421, 0.0543434545398, 0.048994269222, 0.0495928190649, 0.0475446134806, 0.036144964397, 0.0324321128428, 0.0358827188611, 0.0369742885232, 0.0359629020095, 0.0337458662689, 0.0347809717059, 0.033829562366, 0.0287669599056, 0.0238511711359, 0.0227551087737, 0.0256209429353, 0.0280632674694, 0.0343423038721, 0.0789580717683, 0.0375011488795, 0.033194039017, 0.0415646657348, 0.0445479080081, 0.0428023077548, 0.0392726920545, 0.0374351516366, 0.0464137010276, 0.0538129396737, 0.0566698201001, 0.0618772283196], "dmean": [0.175563812256, 0.168670356274, 0.146617889404, 0.14652825892, 0.160175383091, 0.172665089369, 0.167340174317, 0.158223748207, 0.151754334569, 0.14610619843, 0.125030353665, 0.114424437284, 0.124964423478, 0.134986162186, 0.134649470448, 0.128045871854, 0.121609546244, 0.11449958384, 0.100719340146, 0.091461353004, 0.0897353366017, 0.100136734545, 0.107089713216, 0.144650548697, 0.192500635982, 0.152730494738, 0.12849932909, 0.149323806167, 0.15634162724, 0.151938229799, 0.145797073841, 0.139958202839, 0.150711342692, 0.164861604571, 0.169158056378, 0.178213104606], "max": [1, 1, 1, 1, 1, 1, 1, 1, 1, 1, 1, 1, 1, 1, 1, 1, 1, 1, 1, 1, 1, 1, 1, 1, 1, 1, 1, 1, 1, 1, 1, 1, 1, 1, 1, 1], "var": [0.0690500661731, 0.0616407319903, 0.04801909253, 0.0538206733763, 0.0622378438711, 0.0741945654154, 0.0943701788783, 0.0629943460226, 0.0499368943274, 0.0514457859099, 0.038352008909, 0.0360952280462, 0.0385333262384, 0.052527140826, 0.0615673847497, 0.0496506132185, 0.0517019182444, 0.0506430752575, 0.0341781415045, 0.0295644495636, 0.0261256583035, 0.0350438803434, 0.0489614345133, 0.0517064295709, 0.100238069892, 0.0468769222498, 0.0443343222141, 0.0565853863955, 0.0663972869515, 0.0665155500174, 0.0499627329409, 0.0455311611295, 0.0563308373094, 0.0594375394285, 0.0642050653696, 0.067742779851], "mean": [0.187967732549, 0.175234809518, 0.14485630393, 0.1433724612, 0.165642991662, 0.204231962562, 0.227421313524, 0.183606103063, 0.148079276085, 0.145232945681, 0.125624164939, 0.11424843967, 0.126637071371, 0.158819437027, 0.172938019037, 0.154970481992, 0.147742986679, 0.135317608714, 0.110150560737, 0.0995507910848, 0.099274545908, 0.11605001986, 0.136652395129, 0.179713979363, 0.216281488538, 0.172395408154, 0.145182713866, 0.172118067741, 0.193226590753, 0.189444571733, 0.162250354886, 0.151089072227, 0.161273777485, 0.169207558036, 0.173227235675, 0.179825693369]}, "tuning_equal_tempered_deviation": 0.23519949615, "chords_changes_rate": 0.102190740407, "key_key": "B", "tuning_diatonic_strength": 0.496702432632, "key_scale": "minor", "chords_number_rate": 0.00275482097641, "tuning_frequency": 434.193115234, "tuning_nontempered_energy_ratio": 0.884064972401, "chords_histogram": [8.64489078522, 9.87800121307, 7.38554382324, 1.56106519699, 3.04342126846, 4.3683590889, 2.41374778748, 3.68621277809, 2.46622061729, 13.5117406845, 2.24321126938, 5.44405078888, 4.60448646545, 1.01010096073, 0.721500694752, 0.944510042667, 3.72556734085, 2.34815692902, 9.53692817688, 2.92535758018, 0.695264339447, 2.49245715141, 1.87590181828, 4.4733042717], "key_strength": 0.424890190363, "chords_key": "F#", "chords_strength": {"dmean2": 0.0156876407564, "median": 0.466820150614, "min": -1, "dvar2": 0.000449535407824, "dvar": 0.000394522008719, "dmean": 0.0133752385154, "max": 0.824467658997, "var": 0.0141655923799, "mean": 0.469835460186}, "chords_scale": "major", "hpcp_entropy": {"dmean2": 1.14687526226, "median": 2.39159965515, "min": 0, "dvar2": 0.841968417168, "dvar": 0.29865565896, "dmean": 0.673179507256, "max": 4.56178045273, "var": 0.611486673355, "mean": 2.36168813705}}, "metadata": {"audio_properties": {"equal_loudness": 0, "codec": "mp3", "downmix": "mix", "sample_rate": 44100, "analysis_sample_rate": 44100, "bit_rate": 320000, "md5_encoded": "019a7a77057a19479f50cefe48582c99", "length": 353.959197998, "replay_gain": -7.46877861023, "lossless": false}, "version": {"essentia_build_sha": "ca57ba49d9b1854bd80e60cf9ccf267278fb7d6b", "essentia": "2.1-beta1", "extractor": "music 1.0", "essentia_git_sha": "v2.1_beta1-28-g21ef5f4-dirty"}, "tags": {"title": ["Cuckoo Clock - Black Forest to Holy St."], "media": ["Digital Media"], "albumartist": ["Dokkebi Q"], "musicbrainz_recordingid": ["1fbc2f00-e23c-4125-b34f-0a6739ca0f8d"], "musicbrainz_albumartistid": ["6d815880-6092-4bae-9c01-84d6f17cc315"], "album": ["Hardcore Cherry Bon Bon"], "musicbrainz album release country": ["XW"], "musicbrainz album type": ["album"], "musicbrainz album status": ["official"], "asin": ["B003JJWHBE"], "artists": ["Dokkebi Q"], "date": ["2010-04-26"], "file_name": "10 - Cuckoo Clock - Black Forest to Holy St..mp3", "musicbrainz_releasegroupid": ["fa06e654-72b7-491e-9a4e-a214ecfb08ad"], "musicbrainz release track id": ["610c237d-1912-3a16-909b-16f04e72b31c"], "script": ["Latn"], "originaldate": ["2010"], "musicbrainz_albumid": ["19e19169-0cf1-4792-abcf-8348be670b59"], "artist": ["Dokkebi Q"], "artistsort": ["Dokkebi Q"], "tracknumber": ["10/13"], "label": ["3QREQ"], "albumartistsort": ["Dokkebi Q"], "acoustid_id": ["a8c366f5-f5b6-469d-a10c-67de60472705"], "musicbrainz_artistid": ["6d815880-6092-4bae-9c01-84d6f17cc315"]}}, "rhythm": {"bpm_histogram_first_peak_bpm": {"dmean2": 0, "median": 85, "min": 85, "dvar2": 0, "dvar": 0, "dmean": 0, "max": 85, "var": 0, "mean": 85}, "bpm": 84.9010543823, "bpm_histogram_second_peak_spread": {"dmean2": 0, "median": 0.538461506367, "min": 0.538461506367, "dvar2": 0, "dvar": 0, "dmean": 0, "max": 0.538461506367, "var": 0, "mean": 0.538461506367}, "bpm_histogram_first_peak_weight": {"dmean2": 0, "median": 0.691552042961, "min": 0.691552042961, "dvar2": 0, "dvar": 0, "dmean": 0, "max": 0.691552042961, "var": 0, "mean": 0.691552042961}, "onset_rate": 2.03403282166, "beats_position": [0.626938760281, 1.26548755169, 1.90403628349, 2.53097510338, 3.15791368484, 3.78485250473, 4.41179132462, 5.0387301445, 5.66566896439, 6.29260778427, 6.91954612732, 7.5464849472, 8.16181373596, 8.78875255585, 9.4040813446, 10.0194101334, 10.6463489532, 11.2732877731, 11.9118366241, 12.5503854752, 13.1889343262, 13.8390922546, 14.4892511368, 15.0697498322, 15.6502494812, 16.3584575653, 17.0550556183, 17.7632656097, 18.4598636627, 19.1564617157, 19.853061676, 20.549659729, 21.246257782, 21.942855835, 22.6626758575, 23.3824939728, 24.0907020569, 24.8221302032, 25.4955101013, 26.168888092, 26.8770961761, 27.5853061676, 28.2935142517, 28.9901123047, 29.6983222961, 30.4181404114, 31.1379585266, 31.869386673, 32.6008148193, 33.2974128723, 33.9824028015, 34.6673927307, 35.3523788452, 36.0605888367, 36.7687988281, 37.4653968811, 38.1736030579, 38.8934249878, 39.6248512268, 40.3214492798, 41.0296592712, 41.7378692627, 42.4344673157, 43.1426734924, 43.8508834839, 44.5474815369, 45.2556915283, 45.9522895813, 46.6488876343, 47.3570976257, 48.0653038025, 48.7619056702, 49.4817237854, 50.2015419006, 50.9794082642, 51.7572784424, 52.4770965576, 53.1736946106, 53.9399528503, 54.7178230286, 55.4028091431, 56.0877990723, 56.7727890015, 57.457775116, 58.1427650452, 58.8393630981, 59.5359611511, 60.2325630188, 60.9291610718, 61.6373672485, 62.34557724, 63.0537872314, 63.7619934082, 64.470199585, 65.1784133911, 65.8866195679, 66.5948257446, 67.2914276123, 67.98802948, 68.6962356567, 69.4044418335, 70.1126480103, 70.8208618164, 71.5290679932, 72.2372741699, 72.9454879761, 73.6420822144, 74.3502960205, 75.0585021973, 75.766708374, 76.4749221802, 77.1831283569, 77.9029464722, 78.6111526489, 79.3077545166, 80.0159606934, 80.712562561, 81.4207687378, 82.1289749146, 82.8255767822, 83.5221786499, 84.2419967651, 84.9502029419, 85.6584091187, 86.3666229248, 87.0748291016, 87.7714233398, 88.479637146, 89.1878433228, 89.8960494995, 90.6042633057, 91.3008575439, 91.9974594116, 92.7056655884, 93.4138793945, 94.1220855713, 94.830291748, 95.5384979248, 96.246711731, 96.9433059692, 97.6399078369, 98.3481140137, 99.0563278198, 99.7645339966, 100.472740173, 101.192558289, 101.900772095, 102.597366333, 103.293968201, 104.002174377, 104.710380554, 105.41859436, 106.115188599, 106.823402405, 107.531608582, 108.239814758, 108.959632874, 109.66784668, 110.364440918, 111.072654724, 111.780860901, 112.489067078, 113.197273254, 113.893875122, 114.59047699, 115.298683167, 116.006889343, 116.703491211, 117.400085449, 118.119903564, 118.828117371, 119.536323547, 120.232925415, 120.941131592, 121.649337769, 122.357551575, 123.065757751, 123.762359619, 124.470565796, 125.167160034, 125.87537384, 126.571968079, 127.291786194, 128.011611938, 128.719818115, 129.416412354, 130.12461853, 130.821228027, 131.529434204, 132.237640381, 132.945846558, 133.654052734, 134.362258911, 135.070480347, 135.778686523, 136.475280762, 137.183486938, 137.891693115, 138.61151123, 139.319732666, 140.016326904, 140.724533081, 141.432739258, 142.152557373, 142.849151611, 143.545761108, 144.242355347, 144.950561523, 145.6587677, 146.355377197, 147.063583374, 147.771789551, 148.479995728, 149.188201904, 149.884811401, 150.58140564, 151.301223755, 152.009429932, 152.717636108, 153.414230347, 154.122451782, 154.830657959, 155.538864136, 156.247070312, 156.943664551, 157.640274048, 158.348480225, 159.056686401, 159.764892578, 160.473098755, 161.181304932, 161.889526367, 162.586120605, 163.282714844, 163.990921021, 164.699142456, 165.407348633, 166.11555481, 166.823760986, 167.531967163, 168.24017334, 168.948379517, 169.656600952, 170.364807129, 171.073013306, 171.757995605, 172.454605103, 173.162811279, 173.859405518, 174.579223633, 175.299041748, 175.984039307, 176.669021606, 177.354003906, 178.039001465, 178.793640137, 179.536682129, 180.29133606, 181.034378052, 181.707748413, 182.381134033, 183.124176025, 183.867202759, 184.563812256, 185.260406494, 185.957000732, 186.653594971, 187.361816406, 188.070022583, 188.766616821, 189.46321106, 190.159820557, 190.856414795, 191.553009033, 192.24961853, 192.946212769, 193.654418945, 194.351013184, 195.05921936, 195.767440796, 196.464035034, 197.172241211, 197.880447388, 198.588653564, 199.296859741, 200.005081177, 200.713287354, 201.409881592, 202.118087769, 202.826293945, 203.534515381, 204.242721558, 204.962539673, 205.659133911, 206.355728149, 207.052337646, 207.772155762, 208.46875, 209.165344238, 209.873550415, 210.581771851, 211.301589966, 211.998184204, 212.706390381, 213.414596558, 214.122802734, 214.819412231, 215.527618408, 216.224212646, 216.944030762, 217.663848877, 218.383666992, 219.103485107, 219.823303223, 220.543121338, 221.262939453, 221.982757568, 222.714187622, 223.445617676, 224.177047729, 224.920089722, 225.663131714, 226.394546509, 227.125976562, 227.857406616, 228.577224731, 229.285430908, 229.993652344, 230.701858521, 231.410064697, 232.118270874, 232.814865112, 233.523086548, 234.231292725, 234.939498901, 235.659317017, 236.367523193, 237.087341309, 237.795547485, 238.515365601, 239.235183716, 239.96661377, 240.698043823, 241.40625, 242.126068115, 242.76461792, 243.403167725, 244.041717529, 244.668655396, 245.3072052, 245.945755005, 246.58430481, 247.211242676, 247.838180542, 248.45350647, 249.068832397, 249.684173584, 250.299499512, 250.914825439, 251.530151367, 252.145477295, 252.7840271, 253.410964966, 254.049514771, 254.64163208, 255.233734131, 255.767791748, 256.301849365, 256.84753418, 257.381591797, 257.915649414, 258.449707031, 258.972137451, 259.494598389, 260.017059326, 260.643981934, 261.270935059, 261.897857666, 262.524810791, 263.151733398, 263.778686523, 264.405609131, 265.032562256, 265.671112061, 266.367706299, 267.064300537, 267.772521973, 268.469116211, 269.165710449, 269.873931885, 270.582122803, 271.290344238, 271.998535156, 272.706756592, 273.41494751, 274.111572266, 274.808166504, 275.516357422, 276.224578857, 276.932769775, 277.640991211, 278.349212646, 279.057403564, 279.753997803, 280.462219238, 281.170440674, 281.867034912, 282.56362915, 283.271820068, 283.980041504, 284.688262939, 285.396453857, 286.104675293, 286.812866211, 287.521087646, 288.229278564, 288.9375, 289.645721436, 290.342315674, 291.050506592, 291.758728027, 292.466918945, 293.175140381, 293.883361816, 294.579956055, 295.288146973, 295.984771729, 296.704589844, 297.401184082, 298.109375, 298.817596436, 299.525787354, 300.222412109, 300.930603027, 301.638824463, 302.347015381, 303.055236816, 303.763427734, 304.46005249, 305.168243408, 305.864837646, 306.573059082, 307.28125, 307.989471436, 308.697692871, 309.405883789, 310.114105225, 310.822296143, 311.518920898, 312.215515137, 312.923706055, 313.63192749, 314.340118408, 315.048339844, 315.744934082, 316.464752197, 317.172973633, 317.881164551, 318.577758789, 319.285980225, 319.99420166, 320.690795898, 321.398986816, 322.107208252, 322.81539917, 323.523620605, 324.220214844, 324.916809082, 325.61340332, 326.321624756, 327.029846191, 327.749664307, 328.446258545, 329.154449463, 329.862670898, 330.570892334, 331.279083252, 331.97567749, 332.683898926, 333.392089844, 334.100311279, 334.808532715, 335.516723633, 336.224945068, 336.933135986, 337.629730225, 338.33795166, 339.057769775, 339.754364014, 340.462585449, 341.170776367, 341.867401123, 342.563995361, 343.283813477, 343.980407715, 344.70022583, 345.396820068, 346.105041504, 346.813232422, 347.521453857, 348.160003662, 348.798553467, 349.344207764, 349.889892578, 350.435546875, 350.958007812, 351.480438232, 352.00289917, 352.536956787, 353.071014404], "beats_loudness": {"dmean2": 0.121061295271, "median": 0.0575923100114, "min": 7.03922786727e-09, "dvar2": 0.0201207976788, "dvar": 0.00724731199443, "dmean": 0.065262131393, "max": 0.542259156704, "var": 0.012988592498, "mean": 0.105334021151}, "danceability": 0.948557794094, "bpm_histogram_second_peak_weight": {"dmean2": 0, "median": 0.0471512787044, "min": 0.0471512787044, "dvar2": 0, "dvar": 0, "dmean": 0, "max": 0.0471512787044, "var": 0, "mean": 0.0471512787044}, "beats_count": 510, "bpm_histogram_second_peak_bpm": {"dmean2": 0, "median": 96, "min": 96, "dvar2": 0, "dvar": 0, "dmean": 0, "max": 96, "var": 0, "mean": 96}, "bpm_histogram_first_peak_spread": {"dmean2": 0, "median": 0.181395471096, "min": 0.181395471096, "dvar2": 0, "dvar": 0, "dmean": 0, "max": 0.181395471096, "var": 0, "mean": 0.181395471096}, "beats_loudness_band_ratio": {"dmean2": [0.439702957869, 0.109875619411, 0.244294241071, 0.13068702817, 0.0506907962263, 0.176559224725], "median": [0.481572985649, 0.0422341115773, 0.103004679084, 0.0392378941178, 0.0146896969527, 0.11769399792], "min": [1.03850725282e-05, 5.45604052604e-05, 0.00105732947122, 0.00101895793341, 0.000120737648103, 0.00158370856661], "dvar2": [0.206892490387, 0.0211214851588, 0.0640096738935, 0.0279155466706, 0.00491668470204, 0.035187613219], "dvar": [0.0613921880722, 0.00781250558794, 0.0218176916242, 0.00859922729433, 0.00197511049919, 0.0119430534542], "dmean": [0.239030450583, 0.0630049854517, 0.132764741778, 0.0709451586008, 0.0272827055305, 0.101293444633], "max": [0.978803753853, 0.739617407322, 0.931953072548, 0.535037636757, 0.421553432941, 0.894308269024], "var": [0.120199047029, 0.00921075232327, 0.04425117746, 0.00842717476189, 0.00203850050457, 0.0367877148092], "mean": [0.456707835197, 0.0762322470546, 0.187808215618, 0.0752525255084, 0.028116138652, 0.195377454162]}}, "lowlevel": {"barkbands_spread": {"dmean2": 8.9934425354, "median": 14.6017827988, "min": 0.402293741703, "dvar2": 118.928619385, "dvar": 48.954750061, "dmean": 5.72022199631, "max": 104.453643799, "var": 221.149703979, "mean": 18.7697925568}, "melbands_spread": {"dmean2": 7.16432952881, "median": 11.4632225037, "min": 0.358400583267, "dvar2": 90.6652908325, "dvar": 36.7177619934, "dmean": 4.53602409363, "max": 246.19078064, "var": 173.339767456, "mean": 14.4622564316}, "hfc": {"dmean2": 83.6290664673, "median": 109.111717224, "min": 1.12164685211e-16, "dvar2": 25099.9648438, "dvar": 9293.95996094, "dmean": 51.9945220947, "max": 3617.07226562, "var": 38230.328125, "mean": 169.430450439}, "barkbands_kurtosis": {"dmean2": 12.064166069, "median": 8.32232379913, "min": -1.79064404964, "dvar2": 467.039123535, "dvar": 201.710952759, "dmean": 7.72516441345, "max": 418.821746826, "var": 612.750671387, "mean": 15.9689512253}, "gfcc": {"mean": [-21.8387775421, 89.9772567749, -90.4449768066, -15.3829975128, -29.2004451752, -20.7804870605, 2.29784941673, -9.42125511169, -1.74221992493, -5.39108419418, -3.91823744774, -7.90189981461, -6.41541433334], "icov": [[0.000115201917652, -0.000212355560507, 0.000283234519884, -0.000279409287032, 0.000177321213414, -0.000330433249474, -1.45983240145e-05, -7.06806986273e-06, -5.25225987076e-05, 6.33994641248e-05, 7.64342330513e-05, 0.000159654315212, -0.00011752294813], [-0.000212355560507, 0.00235273176804, -0.00159159861505, 0.00148014305159, -0.000806748168543, 0.00079372577602, -0.00063021259848, 0.000645194377284, -0.000567637558561, 0.000137224749778, -0.00189894461073, 0.00177603412885, -0.00168731890153], [0.000283234519884, -0.00159159861505, 0.00427188258618, -0.00308502558619, 0.0026312568225, -0.00157172628678, 0.000740335613955, -0.00137044186704, -5.33496495336e-05, 0.00179473822936, -0.000977925257757, 0.00173511879984, -0.00113524461631], [-0.000279409287032, 0.00148014305159, -0.00308502558619, 0.00634318683296, -0.00591493863612, 0.00270982645452, -0.000592130643781, -0.00195559579879, 0.002872093115, -0.00510974926874, 0.0057149915956, -0.00719916960225, 0.00470219599083], [0.000177321213414, -0.000806748168543, 0.0026312568225, -0.00591493863612, 0.00862585380673, -0.00449570920318, -0.000466435099952, 0.00277771148831, -0.00390902208164, 0.00781081011519, -0.00898449961096, 0.00910508912057, -0.00539810024202], [-0.000330433249474, 0.00079372577602, -0.00157172628678, 0.00270982645452, -0.00449570920318, 0.00684108724818, -7.91961938376e-05, -0.00289067183621, 0.00341360643506, -0.00692192930728, 0.00664369389415, -0.00688851810992, 0.00184280052781], [-1.45983240145e-05, -0.00063021259848, 0.000740335613955, -0.000592130643781, -0.000466435099952, -7.91961938376e-05, 0.0056994180195, 5.44361028005e-05, -0.00179030746222, 0.00146966474131, -0.000383134261938, -0.000558383995667, 0.00059007271193], [-7.06806986273e-06, 0.000645194377284, -0.00137044186704, -0.00195559579879, 0.00277771148831, -0.00289067183621, 5.44361028005e-05, 0.00833949819207, -0.00557138444856, 0.00542039377615, -0.00737482355908, 0.00624123588204, -0.00359668303281], [-5.25225987076e-05, -0.000567637558561, -5.33496495336e-05, 0.002872093115, -0.00390902208164, 0.00341360643506, -0.00179030746222, -0.00557138444856, 0.0167522504926, -0.0127106383443, 0.0115608666092, -0.00916526932269, 0.0052942186594], [6.33994641248e-05, 0.000137224749778, 0.00179473822936, -0.00510974926874, 0.00781081011519, -0.00692192930728, 0.00146966474131, 0.00542039377615, -0.0127106383443, 0.0214857775718, -0.0171673987061, 0.0109523190185, -0.0065662143752], [7.64342330513e-05, -0.00189894461073, -0.000977925257757, 0.0057149915956, -0.00898449961096, 0.00664369389415, -0.000383134261938, -0.00737482355908, 0.0115608666092, -0.0171673987061, 0.0294106025249, -0.0189715288579, 0.00938338413835], [0.000159654315212, 0.00177603412885, 0.00173511879984, -0.00719916960225, 0.00910508912057, -0.00688851810992, -0.000558383995667, 0.00624123588204, -0.00916526932269, 0.0109523190185, -0.0189715288579, 0.0298789590597, -0.0132910693064], [-0.00011752294813, -0.00168731890153, -0.00113524461631, 0.00470219599083, -0.00539810024202, 0.00184280052781, 0.00059007271193, -0.00359668303281, 0.0052942186594, -0.0065662143752, 0.00938338413835, -0.0132910693064, 0.0203967895359]], "cov": [[14419.9238281, 474.652282715, -391.926452637, 785.250915527, 690.228759766, 1054.19238281, 275.26574707, 112.755355835, 203.305709839, 273.977508545, -66.7402420044, 110.343391418, 156.891494751], [474.652282715, 1020.69500732, 122.127326965, -384.623077393, -54.239402771, -156.032455444, 37.0649108887, -19.4974479675, -24.5423641205, -27.9733638763, 60.2601509094, -100.044616699, 82.321647644], [-391.926452637, 122.127326965, 573.983093262, 248.986282349, 1.16644322872, 69.4672393799, -36.8170318604, 170.46031189, -7.50426149368, -5.87651920319, 10.4521818161, 12.0991067886, 10.678686142], [785.250915527, -384.623077393, 248.986282349, 917.329284668, 450.708190918, 261.077056885, 76.4434661865, 132.98298645, 30.359582901, 35.7224388123, 4.15730953217, 103.238082886, -39.000617981], [690.228759766, -54.239402771, 1.16644322872, 450.708190918, 549.946655273, 190.531570435, 97.18359375, 29.9656276703, -8.09813117981, -30.2167301178, 31.5299396515, 14.7801952362, 13.9552440643], [1054.19238281, -156.032455444, 69.4672393799, 261.077056885, 190.531570435, 445.985198975, 18.685956955, 101.267211914, 54.1530189514, 106.227371216, 4.70495462418, 83.4229660034, 36.6300086975], [275.26574707, 37.0649108887, -36.8170318604, 76.4434661865, 97.18359375, 18.685956955, 213.510772705, 2.44760131836, 25.718460083, -10.8184976578, 4.42251968384, 8.092253685, -3.65296244621], [112.755355835, -19.4974479675, 170.46031189, 132.98298645, 29.9656276703, 101.267211914, 2.44760131836, 239.13079834, 47.9855575562, 22.5027313232, 24.1290245056, 13.9177541733, 11.502409935], [203.305709839, -24.5423641205, -7.50426149368, 30.359582901, -8.09813117981, 54.1530189514, 25.718460083, 47.9855575562, 135.527923584, 80.9620437622, -0.35203436017, 25.128900528, -0.171365499496], [273.977508545, -27.9733638763, -5.87651920319, 35.7224388123, -30.2167301178, 106.227371216, -10.8184976578, 22.5027313232, 80.9620437622, 166.070755005, 48.3738288879, 38.1540107727, 12.4444293976], [-66.7402420044, 60.2601509094, 10.4521818161, 4.15730953217, 31.5299396515, 4.70495462418, 4.42251968384, 24.1290245056, -0.35203436017, 48.3738288879, 98.9072570801, 31.8449897766, 7.1836848259], [110.343391418, -100.044616699, 12.0991067886, 103.238082886, 14.7801952362, 83.4229660034, 8.092253685, 13.9177541733, 25.128900528, 38.1540107727, 31.8449897766, 99.4839553833, 23.7640419006], [156.891494751, 82.321647644, 10.678686142, -39.000617981, 13.9552440643, 36.6300086975, -3.65296244621, 11.502409935, -0.171365499496, 12.4444293976, 7.1836848259, 23.7640419006, 85.0756912231]]}, "spectral_energyband_middle_low": {"dmean2": 0.00854106806219, "median": 0.00929353199899, "min": 2.49237813592e-22, "dvar2": 0.000167412465089, "dvar": 6.42745217192e-05, "dmean": 0.00534746376798, "max": 0.135038003325, "var": 0.000197787070647, "mean": 0.0133730201051}, "melbands_crest": {"dmean2": 6.40371847153, "median": 15.3416090012, "min": 1.99699425697, "dvar2": 36.8813018799, "dvar": 15.6201992035, "dmean": 4.0226931572, "max": 39.012336731, "var": 78.7080841064, "mean": 17.5191802979}, "spectral_kurtosis": {"dmean2": 8.17403793335, "median": 14.9815979004, "min": -1.23751604557, "dvar2": 166.192779541, "dvar": 62.9386100769, "dmean": 5.08300638199, "max": 162.942687988, "var": 174.045181274, "mean": 19.0160903931}, "spectral_rms": {"dmean2": 0.00175794004463, "median": 0.00547690782696, "min": 3.16255095029e-12, "dvar2": 5.63577123103e-06, "dvar": 2.77468143395e-06, "dmean": 0.0012001026189, "max": 0.0270162206143, "var": 2.5374465622e-05, "mean": 0.00714021082968}, "zerocrossingrate": {"dmean2": 0.0475429221988, "median": 0.2548828125, "min": 0.00244140625, "dvar2": 0.00212764297612, "dvar": 0.00147329631727, "dmean": 0.0384754016995, "max": 0.900390625, "var": 0.0313545688987, "mean": 0.271612823009}, "silence_rate_60dB": {"dmean2": 0.010759036988, "median": 0, "min": 0, "dvar2": 0.0122225591913, "dvar": 0.00535163283348, "dmean": 0.00537916552275, "max": 1, "var": 0.0569793693721, "mean": 0.0606756322086}, "erbbands_kurtosis": {"dmean2": 3.52383565903, "median": 1.14023208618, "min": -1.80080127716, "dvar2": 58.1537246704, "dvar": 21.8630771637, "dmean": 2.17820572853, "max": 178.543487549, "var": 141.887084961, "mean": 4.19702720642}, "erbbands": {"dmean2": [0.954220831394, 1.74132633209, 2.30001378059, 3.45572590828, 5.68247365952, 6.66591596603, 9.36173534393, 24.1806201935, 29.3002738953, 46.5627288818, 54.8883972168, 62.6950531006, 65.0793457031, 48.6631774902, 31.4340305328, 31.7661628723, 27.8179264069, 31.1210079193, 20.9283561707, 12.2772636414, 8.5354013443, 6.00571966171, 4.83912992477, 4.84833145142, 3.86970448494, 3.34209156036, 4.1585278511, 2.89041733742, 1.55198919773, 0.842009902, 0.568557083607, 0.395551472902, 0.283069729805, 0.0875632762909, 0.0495741143823, 0.0500204302371, 0.0374902226031, 0.023296425119, 0.0204363688827, 0.00760158803314], "median": [0.0358881354332, 0.264158338308, 0.65050637722, 1.4650503397, 2.29131102562, 2.45015215874, 3.6333501339, 6.96678304672, 12.4324493408, 17.027841568, 21.4276237488, 22.1048927307, 22.5283374786, 18.0088920593, 11.3516693115, 9.19637298584, 9.21200180054, 10.9280414581, 8.98072338104, 5.76625156403, 4.18129301071, 3.54150485992, 4.05607652664, 4.24744033813, 3.19769358635, 2.03544354439, 1.90913486481, 1.31074869633, 0.617886126041, 0.311921775341, 0.183968022466, 0.110117681324, 0.0616661570966, 0.0202296320349, 0.00940092839301, 0.013788538985, 0.0138530442491, 0.0138691002503, 0.0181104317307, 0.0112337013707], "min": [1.655053277e-22, 9.80288694516e-22, 2.46148593898e-21, 5.59737045423e-21, 1.73205077141e-20, 4.15174583332e-20, 3.04841000391e-20, 8.82743691391e-20, 1.54053794164e-19, 3.39271256015e-19, 3.6413028232e-19, 7.67602722139e-19, 7.31799450095e-19, 8.505210645e-19, 7.65198314893e-19, 1.05495347962e-18, 1.32688372932e-18, 2.94985448415e-18, 2.3467928751e-18, 3.21456882378e-18, 3.48005926562e-18, 3.84154050203e-18, 4.39430394637e-18, 7.1678773498e-18, 8.36465301339e-18, 8.63937954715e-18, 1.31595948584e-17, 1.14585492139e-17, 1.32165255641e-17, 1.4233401025e-17, 1.33827582615e-17, 1.22110122561e-17, 1.25859963888e-17, 8.48172967575e-18, 6.58454751387e-18, 4.55607979467e-18, 2.67676204569e-18, 1.04138378846e-18, 2.60962093274e-19, 3.02030331143e-20], "dvar2": [5.74504137039, 13.323972702, 16.5425701141, 31.9677562714, 117.203781128, 213.500579834, 449.98638916, 3867.95507812, 4376.66699219, 13139.328125, 19735.3964844, 27685.8925781, 22489.6347656, 14412.7607422, 6780.98193359, 7704.91796875, 4183.14990234, 4766.26660156, 2161.58349609, 606.971313477, 346.541137695, 126.832862854, 70.0562896729, 66.5554122925, 52.5312080383, 43.8375892639, 82.1871109009, 39.8284835815, 13.4893627167, 3.80762290955, 2.42402887344, 1.26770210266, 0.692224383354, 0.0278266295791, 0.00939065590501, 0.0137536628172, 0.0111346766353, 0.00306998658925, 0.00209337007254, 0.000212062324863], "dvar": [2.28771710396, 5.71060085297, 6.89928913116, 12.6785650253, 45.055721283, 85.3654098511, 179.783157349, 1474.44628906, 1653.9074707, 4819.80273438, 7865.75439453, 10201.5722656, 8807.90039062, 5535.03320312, 2742.82055664, 3038.87353516, 1733.49487305, 1941.31420898, 829.431213379, 239.922958374, 131.983215332, 51.5534057617, 28.9486503601, 26.6111736298, 21.6733760834, 19.1343288422, 37.0512580872, 18.6756038666, 5.90445613861, 1.69542062283, 1.03225421906, 0.545399367809, 0.299280107021, 0.0121914865449, 0.00414351839572, 0.00615260004997, 0.00499486457556, 0.00146474281792, 0.000914702308364, 8.5324732936e-05], "dmean": [0.602833509445, 1.13997936249, 1.42691719532, 2.09464693069, 3.42076969147, 4.06308221817, 5.72358417511, 14.625998497, 17.7906360626, 28.3237495422, 33.1955337524, 37.9791069031, 39.5612831116, 29.5792369843, 19.7654590607, 19.7366409302, 17.5108642578, 19.4191970825, 12.9121303558, 7.60655975342, 5.21813631058, 3.756275177, 3.00001978874, 2.9900598526, 2.41941523552, 2.1409471035, 2.69818615913, 1.91658902168, 1.01879870892, 0.551158308983, 0.365503489971, 0.255365043879, 0.181483626366, 0.0556708797812, 0.0314218662679, 0.0322720780969, 0.0248347446322, 0.0159411095083, 0.0134967928752, 0.0048866411671], "max": [20.193567276, 56.6910209656, 50.8341293335, 71.8621292114, 195.957870483, 327.13848877, 375.43737793, 1271.98620605, 1258.68164062, 1827.71276855, 2512.41845703, 2321.37084961, 2524.89526367, 2075.32885742, 1940.83044434, 2154.47924805, 1116.30944824, 1045.00720215, 634.312866211, 450.801696777, 259.424377441, 165.953140259, 120.196166992, 126.426147461, 109.727394104, 91.4593200684, 165.421936035, 140.386764526, 76.1123504639, 42.8967056274, 20.9491176605, 21.4037837982, 10.9957427979, 1.70690369606, 0.982039749622, 1.65806734562, 2.32813334465, 1.9450865984, 0.630459189415, 0.254792243242], "var": [8.06788730621, 17.6413784027, 12.6552791595, 26.9673233032, 79.334602356, 147.819335938, 296.681030273, 2449.7175293, 2833.35107422, 10908.1875, 14808.4443359, 17733.421875, 16645.640625, 9876.47949219, 5399.59326172, 6197.61767578, 4071.91259766, 4383.49414062, 1865.78100586, 533.052856445, 239.027206421, 130.666702271, 74.9234237671, 73.4372634888, 58.0665779114, 54.3517837524, 97.1179580688, 48.1543121338, 12.0919771194, 3.64521074295, 1.8348184824, 1.01057648659, 0.523084044456, 0.0196568351239, 0.00576928304508, 0.0123953102157, 0.0107978507876, 0.00435430277139, 0.00301965908147, 0.000519824330695], "mean": [1.27954697609, 2.08222413063, 2.07582640648, 3.1260573864, 4.98563289642, 5.86112928391, 8.43796062469, 20.5397186279, 28.2150249481, 51.0834693909, 53.2707023621, 61.4069290161, 64.3959197998, 48.9150810242, 33.5318489075, 32.8564109802, 30.9067783356, 34.985408783, 23.5038871765, 14.4290275574, 9.77118206024, 7.90726280212, 6.82333993912, 7.06683540344, 5.74778175354, 4.66580915451, 5.37187242508, 3.71728682518, 1.84151005745, 1.00026595592, 0.661451399326, 0.468709349632, 0.317386001348, 0.0741989836097, 0.0358550772071, 0.0548307001591, 0.0492166429758, 0.0358808152378, 0.0364763811231, 0.0184365678579]}, "spectral_strongpeak": {"dmean2": 13.3976230621, "median": 0.620900988579, "min": 0, "dvar2": 1004.22229004, "dvar": 363.644592285, "dmean": 7.43361139297, "max": 251.174484253, "var": 385.833221436, "mean": 7.40076160431}, "spectral_energy": {"dmean2": 0.036922108382, "median": 0.0307464320213, "min": 1.02517727816e-20, "dvar2": 0.00468539306894, "dvar": 0.00221043732017, "dmean": 0.0249995142221, "max": 0.748123049736, "var": 0.0124911516905, "mean": 0.0782658681273}, "average_loudness": 0.207728222013, "spectral_rolloff": {"dmean2": 4146.55664062, "median": 19207.6171875, "min": 21.533203125, "dvar2": 79496352, "dvar": 31881348, "dmean": 2179.04492188, "max": 22028.4667969, "var": 105454000, "mean": 11622.65625}, "spectral_centroid": {"dmean2": 279.686767578, "median": 928.398010254, "min": 126.617904663, "dvar2": 115419.90625, "dvar": 52288.9570312, "dmean": 180.797622681, "max": 11551.2597656, "var": 413302.40625, "mean": 1079.99377441}, "pitch_salience": {"dmean2": 0.134099915624, "median": 0.536482691765, "min": 0.0488739386201, "dvar2": 0.0143158193678, "dvar": 0.0058327508159, "dmean": 0.0828389674425, "max": 0.987988114357, "var": 0.0323768146336, "mean": 0.507089316845}, "spectral_energyband_middle_high": {"dmean2": 0.00299052498303, "median": 0.0027168255765, "min": 1.08605785202e-21, "dvar2": 2.7672309443e-05, "dvar": 1.16329720186e-05, "dmean": 0.00194986897986, "max": 0.0727778896689, "var": 4.57916648884e-05, "mean": 0.00527229113504}, "spectral_contrast_coeffs": {"dmean2": [0.0890691354871, 0.0860285609961, 0.0688282698393, 0.0483111143112, 0.0348651334643, 0.053696539253], "median": [-0.698507905006, -0.768008112907, -0.781203389168, -0.818556070328, -0.823672652245, -0.756601333618], "min": [-0.971318483353, -0.993192911148, -0.986827850342, -0.98533052206, -0.973798513412, -0.964302539825], "dvar2": [0.00480433460325, 0.00455287192017, 0.00292328232899, 0.00147225544788, 0.000878805178218, 0.00240352191031], "dvar": [0.00180537474807, 0.0016329898499, 0.00107857875992, 0.000559659907594, 0.000326293724356, 0.00100695190486], "dmean": [0.0541192553937, 0.0512781180441, 0.0413314625621, 0.0291427019984, 0.0208635944873, 0.0340326204896], "max": [-0.325852245092, -0.414036929607, -0.453100562096, -0.547768831253, -0.632641375065, -0.507867574692], "var": [0.00874566752464, 0.0058210529387, 0.00461371243, 0.00237656454556, 0.00129941606428, 0.00461446167901], "mean": [-0.692608177662, -0.758743226528, -0.775454938412, -0.813635528088, -0.82607448101, -0.75914222002]}, "melbands_skewness": {"dmean2": 1.39637112617, "median": 1.75149393082, "min": -2.72147583961, "dvar2": 2.55942320824, "dvar": 1.06846868992, "dmean": 0.897786259651, "max": 19.616765976, "var": 6.25132274628, "mean": 2.52349996567}, "spectral_spread": {"dmean2": 780345.4375, "median": 4041343.25, "min": 1080097.125, "dvar2": 862562811904, "dvar": 377803243520, "dmean": 491833.4375, "max": 41703948, "var": 2733278494720.0, "mean": 4102255.25}, "dissonance": {"dmean2": 0.0463546700776, "median": 0.470386296511, "min": 0.199568420649, "dvar2": 0.00251831416972, "dvar": 0.000889738847036, "dmean": 0.0269197877496, "max": 0.500000178814, "var": 0.00175344734453, "mean": 0.457190036774}, "spectral_skewness": {"dmean2": 0.602409899235, "median": 2.70872306824, "min": -0.0679094269872, "dvar2": 0.659090042114, "dvar": 0.258620262146, "dmean": 0.382943928242, "max": 11.5438089371, "var": 1.30738484859, "mean": 2.98813724518}, "spectral_flux": {"dmean2": 0.0523265488446, "median": 0.102409541607, "min": 6.5828065221e-11, "dvar2": 0.00510802818462, "dvar": 0.0020491022151, "dmean": 0.0324155688286, "max": 0.561779439449, "var": 0.00610421458259, "mean": 0.119355395436}, "spectral_contrast_valleys": {"dmean2": [0.71357613802, 0.595088720322, 0.496712088585, 0.463425397873, 0.423623174429, 0.824151754379], "median": [-7.2540512085, -6.13709259033, -6.77395343781, -7.41671323776, -7.62126493454, -10.8445825577], "min": [-27.8994903564, -28.4557113647, -27.4672927856, -27.6057567596, -27.416267395, -27.3398952484], "dvar2": [0.337335824966, 0.234496161342, 0.168529346585, 0.184783354402, 0.218178078532, 0.594921112061], "dvar": [0.147102415562, 0.0989555642009, 0.0772647708654, 0.0873224288225, 0.0994003415108, 0.234538644552], "dmean": [0.448415249586, 0.35888504982, 0.306117504835, 0.293006926775, 0.271278738976, 0.514026641846], "max": [-4.80014324188, -4.45179319382, -4.86333084106, -5.15454292297, -5.72093820572, -8.62815856934], "var": [2.86280989647, 1.8526018858, 1.89624142647, 2.04658746719, 1.8415569067, 1.65926480293], "mean": [-7.41916513443, -6.41559123993, -7.01446390152, -7.7060303688, -7.89185857773, -11.0074396133]}, "erbbands_flatness_db": {"dmean2": 0.0361161679029, "median": 0.157301217318, "min": 0.0468301996589, "dvar2": 0.00107978319284, "dvar": 0.00043516032747, "dmean": 0.0230730678886, "max": 0.462875753641, "var": 0.0044149691239, "mean": 0.167202606797}, "spectral_energyband_high": {"dmean2": 0.000301682506688, "median": 0.00032434129389, "min": 7.26135977086e-21, "dvar2": 3.26922958038e-07, "dvar": 1.56980306087e-07, "dmean": 0.000206136275665, "max": 0.00740349339321, "var": 6.09256460393e-07, "mean": 0.000586590205785}, "spectral_entropy": {"dmean2": 0.285139083862, "median": 7.47165870667, "min": 4.94928455353, "dvar2": 0.0840981826186, "dvar": 0.0337352976203, "dmean": 0.18108433485, "max": 9.82096195221, "var": 0.289033472538, "mean": 7.36555671692}, "silence_rate_20dB": {"dmean2": 0.0480220429599, "median": 1, "min": 0, "dvar2": 0.0555638596416, "dvar": 0.0234351139516, "dmean": 0.0240094456822, "max": 1, "var": 0.0470656789839, "mean": 0.95047557354}, "melbands_flatness_db": {"dmean2": 0.0509180985391, "median": 0.258867442608, "min": 0.00436508422717, "dvar2": 0.00206976966001, "dvar": 0.000854866812006, "dmean": 0.0330678857863, "max": 0.585386872292, "var": 0.00467954250053, "mean": 0.260245680809}, "barkbands": {"dmean2": [0.0241152979434, 0.0148827796802, 0.00206094328314, 0.00132532301359, 0.00191578303929, 0.00241058436222, 0.0025879542809, 0.00238325586542, 0.0029641489964, 0.00174141593743, 0.0010228950996, 0.000797565444373, 0.000639090139885, 0.000623235886451, 0.000315824203426, 0.000192351551959, 0.000112840098154, 9.18052173802e-05, 9.03844484128e-05, 7.22770200809e-05, 8.84090040927e-05, 4.03001395171e-05, 2.10180369322e-05, 1.78034315468e-05, 6.97614905221e-06, 1.78554910235e-05, 0.000232317426708], "median": [0.00013904995285, 0.00125397893135, 0.000575264915824, 0.000494995736517, 0.000856566359289, 0.00078425265383, 0.000954386603553, 0.000815611565486, 0.00101019570138, 0.000618100981228, 0.000291934236884, 0.000207632838283, 0.00018242841179, 0.00020282130572, 0.000128111423692, 7.848921814e-05, 5.91099087615e-05, 7.45074212318e-05, 7.65055374359e-05, 4.17630290031e-05, 4.16694310843e-05, 1.51958502101e-05, 6.77298521623e-06, 4.39020686827e-06, 1.11023700811e-06, 6.63559694658e-06, 0.000253249774687], "min": [1.60150744585e-24, 8.28560330276e-24, 2.04900309244e-24, 4.27506207075e-25, 9.02787802723e-24, 7.09720012627e-24, 1.14882602488e-23, 1.53535477335e-23, 3.37005102134e-23, 8.62968155265e-24, 1.60742131912e-23, 2.35487002449e-23, 2.77256114529e-23, 5.76717843125e-23, 4.13103231999e-23, 6.93326378611e-23, 6.06706421992e-23, 9.75919263382e-23, 1.6673081365e-22, 1.88359297078e-22, 2.7939746799e-22, 3.40543957398e-22, 4.24087886602e-22, 7.93422414519e-22, 1.01523778222e-21, 1.36975878975e-21, 2.01333499273e-21], "dvar2": [0.00288450531662, 0.00119337905198, 1.22514038594e-05, 4.83329722556e-06, 1.3103674064e-05, 3.40160877386e-05, 3.76650750695e-05, 3.37096098519e-05, 5.38548483746e-05, 1.52543098011e-05, 7.67380606703e-06, 4.78950278193e-06, 2.06991967389e-06, 1.86832835425e-06, 4.63170067633e-07, 1.62642862733e-07, 4.51925998846e-08, 2.42964