{"tonal": {"thpcp": [1, 0.90878623724, 0.325136035681, 0.109828360379, 0.105745196342, 0.163272023201, 0.448463022709, 0.519243478775, 0.314503133297, 0.570835292339, 0.639239668846, 0.505428433418, 0.589440464973, 0.330879956484, 0.143390923738, 0.415117442608, 0.471813082695, 0.222594901919, 0.150869578123, 0.159346461296, 0.278093367815, 0.807055532932, 0.848230004311, 0.370268136263, 0.351120501757, 0.330336749554, 0.169032007456, 0.16580632329, 0.174784198403, 0.20774884522, 0.577872753143, 0.724431872368, 0.36310082674, 0.160223945975, 0.194091171026, 0.473721444607], "hpcp": {"dmean2": [0.151793271303, 0.129682213068, 0.107147030532, 0.098215714097, 0.101413808763, 0.122585937381, 0.177400290966, 0.182531103492, 0.158816128969, 0.139358177781, 0.154159829021, 0.208861380816, 0.282359361649, 0.241745963693, 0.146957814693, 0.0866301059723, 0.0799997895956, 0.105761557817, 0.157927647233, 0.166475921869, 0.135420918465, 0.165521323681, 0.175283432007, 0.217890322208, 0.284052878618, 0.167204171419, 0.0818926244974, 0.129173114896, 0.1338737607, 0.106700152159, 0.11851734668, 0.136558383703, 0.174912914634, 0.251126050949, 0.236075401306, 0.17773206532], "median": [0.00913190376014, 0.00692694634199, 0.00905460584909, 0.0124842748046, 0.0133107695729, 0.0181688517332, 0.0469398200512, 0.0511926114559, 0.0233515538275, 0.00656330725178, 0.00865370593965, 0.0273640975356, 0.106481209397, 0.117082804441, 0.0359328463674, 0.00608104327694, 0.00492092361674, 0.010858181864, 0.032635577023, 0.036147788167, 0.0366704389453, 0.0392283760011, 0.0423139706254, 0.0533175319433, 0.0171786602587, 0.0134965367615, 0.0097558349371, 0.0255644246936, 0.029371380806, 0.017266727984, 0.00769134052098, 0.00735607370734, 0.0327076464891, 0.0993485674262, 0.0973203405738, 0.0362886041403], "min": [0, 0, 0, 0, 0, 0, 0, 0, 0, 0, 0, 0, 0, 0, 0, 0, 0, 0, 0, 0, 0, 0, 0, 0, 0, 0, 0, 0, 0, 0, 0, 0, 0, 0, 0, 0], "dvar2": [0.0986274108291, 0.0854623392224, 0.0759462192655, 0.0564695894718, 0.0596466697752, 0.0722496956587, 0.0916795134544, 0.0955753400922, 0.0934745594859, 0.106159061193, 0.110657252371, 0.119175381958, 0.129155933857, 0.10080435127, 0.068773932755, 0.0567813776433, 0.0542199462652, 0.0656940713525, 0.0745487958193, 0.0773542374372, 0.058867584914, 0.0720592439175, 0.0790461301804, 0.0733012259007, 0.175702780485, 0.0631960555911, 0.0442827828228, 0.0567586570978, 0.0587887652218, 0.0467520952225, 0.0809980258346, 0.10737670958, 0.104056827724, 0.114457368851, 0.109416365623, 0.100836247206], "dvar": [0.0357828848064, 0.030786851421, 0.0253266580403, 0.0195197053254, 0.0205792747438, 0.0248323548585, 0.0345437042415, 0.0374465584755, 0.0326449461281, 0.0363191105425, 0.0377255193889, 0.0490236319602, 0.0632518529892, 0.0434314869344, 0.0245437882841, 0.0192536059767, 0.0188476629555, 0.023250952363, 0.0293591339141, 0.0320142619312, 0.0219888389111, 0.0308496579528, 0.0351547971368, 0.0334274992347, 0.0881300643086, 0.0285411737859, 0.0158110316843, 0.0238640643656, 0.0255838222802, 0.0175698809326, 0.0287784729153, 0.0369279533625, 0.0356549061835, 0.0437961146235, 0.0436996668577, 0.0351356081665], "dmean": [0.0841681957245, 0.0720289200544, 0.0576495341957, 0.0538757629693, 0.0561653412879, 0.0673045888543, 0.104067996144, 0.107032448053, 0.0877264812589, 0.0728586986661, 0.0816428661346, 0.119299449027, 0.166839808226, 0.145782142878, 0.0837466046214, 0.0457898117602, 0.0427561290562, 0.0577184297144, 0.0936009958386, 0.0990323424339, 0.079161003232, 0.10080229491, 0.105657450855, 0.12373868376, 0.154509022832, 0.0910303965211, 0.046262640506, 0.0780746042728, 0.0808895230293, 0.0615016520023, 0.0638835653663, 0.0720594450831, 0.0945098102093, 0.146561458707, 0.138820499182, 0.0992853567004], "max": [1, 1, 1, 1, 1, 1, 1, 1, 1, 1, 1, 1, 1, 1, 1, 1, 1, 1, 1, 1, 1, 1, 1, 1, 1, 1, 1, 1, 1, 1, 1, 1, 1, 1, 1, 1], "var": [0.0545788630843, 0.053202200681, 0.0171403735876, 0.0148870572448, 0.0163164548576, 0.01774023287, 0.066795065999, 0.105890572071, 0.0359031297266, 0.0221554636955, 0.0248168073595, 0.064544506371, 0.131562873721, 0.10840613395, 0.022573236376, 0.0117068616673, 0.0127690946683, 0.016794398427, 0.0508812665939, 0.0679705888033, 0.0228164661676, 0.0741298571229, 0.0901486873627, 0.0401987321675, 0.108775362372, 0.0313711762428, 0.012652550824, 0.052140571177, 0.065660148859, 0.0177804883569, 0.0182018112391, 0.0218169949949, 0.0232401546091, 0.0941366255283, 0.107794739306, 0.032459590584], "mean": [0.106542818248, 0.100236259401, 0.0512905009091, 0.0503117069602, 0.0530359260738, 0.0630386024714, 0.175347745419, 0.219819143414, 0.110178083181, 0.0486178100109, 0.0588943660259, 0.143744423985, 0.303436607122, 0.275759011507, 0.0986581742764, 0.0333259440958, 0.0320869646966, 0.0495427101851, 0.136080101132, 0.157557487488, 0.0954317599535, 0.173212319613, 0.193968713284, 0.153365492821, 0.178857818246, 0.100401088595, 0.0435100570321, 0.125961825252, 0.143165364861, 0.0675434395671, 0.0457793548703, 0.0483515486121, 0.0843837037683, 0.244890198112, 0.257384032011, 0.112352907658]}, "tuning_equal_tempered_deviation": 0.182450845838, "chords_changes_rate": 0.0457543283701, "key_key": "C#", "tuning_diatonic_strength": 0.475796312094, "key_scale": "minor", "chords_number_rate": 0.00164880463853, "tuning_frequency": 434.193115234, "tuning_nontempered_energy_ratio": 0.939964473248, "chords_histogram": [39.5094795227, 5.81203603745, 10.0164880753, 16.0140151978, 0.103050291538, 0.0618301741779, 2.14344596863, 16.0758457184, 0, 0.391591101885, 0, 0, 0, 0, 0.0206100568175, 0.577081620693, 0.78318220377, 0, 0.103050291538, 0, 0.474031329155, 0, 2.82357788086, 5.09068441391], "key_strength": 0.623162806034, "chords_key": "C#", "chords_strength": {"dmean2": 0.00790688581765, "median": 0.550730228424, "min": 0.231280490756, "dvar2": 5.87669710512e-05, "dvar": 5.63858848182e-05, "dmean": 0.00900433585048, "max": 0.83679497242, "var": 0.00974890589714, "mean": 0.551314890385}, "chords_scale": "minor", "hpcp_entropy": {"dmean2": 1.03060078621, "median": 1.85893726349, "min": 0, "dvar2": 0.770827412605, "dvar": 0.283306390047, "dmean": 0.615198075771, "max": 4.39297056198, "var": 0.524284780025, "mean": 1.88730680943}}, "metadata": {"audio_properties": {"equal_loudness": 0, "codec": "mp3", "downmix": "mix", "sample_rate": 44100, "analysis_sample_rate": 44100, "bit_rate": 160019, "md5_encoded": "71f92fdf4c6cd52a8ef49d3edbb6c809", "length": 225.279998779, "replay_gain": -13.4243774414, "lossless": false}, "version": {"essentia_build_sha": "70f2e5ece6736b2c40cc944ad0e695b16b925413", "essentia": "2.1-beta2", "extractor": "music 1.0", "essentia_git_sha": "v2.1_beta2"}, "tags": {"title": ["Beautiful Creature"], "media": ["Digital Media"], "albumartist": ["Armin van Buuren"], "musicbrainz_recordingid": ["37fd89dd-eee9-4a09-8617-21fa7936464f"], "encoding": ["Lavf56.36.100"], "originalyear": ["2016"], "discnumber": ["1/2"], "album": ["A State of Trance 2016"], "musicbrainz album release country": ["US"], "musicbrainz album type": ["album"], "musicbrainz album status": ["official"], "musicbrainz_albumartistid": ["477b8c0c-c5fc-4ad2-b5b2-191f0bf2a9df"], "date": ["2016"], "file_name": "Ana Criado - Beautiful Creature.mp3", "musicbrainz_releasegroupid": ["624fadb5-34f1-4edc-a40e-4bf4053446fc"], "originaldate": ["2016"], "musicbrainz_albumid": ["5b8472af-77db-4580-b407-fb572479944f"], "artist": ["Ana Criado & Denis Kenzo"], "artistsort": ["Criado, Ana & Kenzo, Denis"], "tracknumber": ["6/20"], "label": ["Armada Music B.V."], "albumartistsort": ["Buuren, van, Armin"], "acoustid_id": ["7bb8b69b-5718-4588-ad30-ac23620fd222"], "musicbrainz_artistid": ["915e7ac3-109c-4f79-a19f-6f13911dc0f0/08ab8a43-bc2d-4768-9259-6853fdeebd25"]}}, "rhythm": {"bpm_histogram_first_peak_bpm": {"dmean2": 0, "median": 129, "min": 129, "dvar2": 0, "dvar": 0, "dmean": 0, "max": 129, "var": 0, "mean": 129}, "bpm": 129.8203125, "bpm_histogram_second_peak_spread": {"dmean2": 0, "median": 0.133333325386, "min": 0.133333325386, "dvar2": 0, "dvar": 0, "dmean": 0, "max": 0.133333325386, "var": 0, "mean": 0.133333325386}, "bpm_histogram_first_peak_weight": {"dmean2": 0, "median": 0.652351737022, "min": 0.652351737022, "dvar2": 0, "dvar": 0, "dmean": 0, "max": 0.652351737022, "var": 0, "mean": 0.652351737022}, "onset_rate": 3.12040019035, "beats_position": [0.46439909935, 0.9287981987, 1.39319729805, 1.88081634045, 2.34521532059, 2.80961441994, 3.26240348816, 3.7151927948, 4.17959165573, 4.6439909935, 5.10838985443, 5.5727891922, 6.03718805313, 6.5015873909, 6.9543762207, 7.40716552734, 7.87156438828, 8.33596324921, 8.80036258698, 9.26476192474, 9.72916126251, 10.1935596466, 10.6463489532, 11.0991382599, 11.5635375977, 12.0279359818, 12.4923353195, 12.9567346573, 13.4211339951, 13.8855323792, 14.3383216858, 14.7911109924, 15.2555103302, 15.7199087143, 16.1843090057, 16.637096405, 17.1131057739, 17.5775051117, 18.0419044495, 18.4946937561, 18.9474830627, 19.4118824005, 19.8762817383, 20.3406791687, 20.8050785065, 21.2694778442, 21.733877182, 22.1866664886, 22.6394557953, 23.1038551331, 23.5682544708, 24.0326519012, 24.497051239, 24.9614505768, 25.4258499146, 25.8786392212, 26.3314285278, 26.7958278656, 27.2602272034, 27.7246246338, 28.1890239716, 28.6534233093, 29.1178226471, 29.5706119537, 30.0234012604, 30.4878005981, 30.9521980286, 31.4165973663, 31.8809967041, 32.3337860107, 32.7865753174, 33.2509727478, 33.7153739929, 34.1797714233, 34.6441726685, 35.1085700989, 35.572971344, 36.0373687744, 36.5017662048, 36.9545555115, 37.4073448181, 37.8717460632, 38.3361434937, 38.8005447388, 39.2649421692, 39.7293434143, 40.1821289062, 40.6465301514, 41.099319458, 41.5637168884, 42.0281181335, 42.492515564, 42.9569168091, 43.4213142395, 43.8857116699, 44.3385009766, 44.7912902832, 45.2556915283, 45.7200889587, 46.1844902039, 46.6488876343, 47.1132888794, 47.5660743713, 48.0304756165, 48.4832649231, 48.9476623535, 49.4120635986, 49.8764610291, 50.3408622742, 50.8052597046, 51.269657135, 51.7224464417, 52.1752357483, 52.6396369934, 53.1040344238, 53.5684356689, 54.0328330994, 54.4972343445, 54.9616317749, 55.4144210815, 55.8672103882, 56.3316078186, 56.7960090637, 57.2604064941, 57.7248077393, 58.1892051697, 58.6536026001, 59.1063919067, 59.5591812134, 60.0235824585, 60.4879798889, 60.952381134, 61.4167785645, 61.8811798096, 62.34557724, 62.7983665466, 63.2511558533, 63.7155532837, 64.1799545288, 64.6443557739, 65.1087493896, 65.5731506348, 66.0375518799, 66.4903411865, 66.9431304932, 67.4075241089, 67.871925354, 68.3363265991, 68.8007278442, 69.26512146, 69.7295227051, 70.1939239502, 70.6467132568, 71.0995025635, 71.5638961792, 72.0282974243, 72.4926986694, 72.9570999146, 73.4214935303, 73.8742828369, 74.3270721436, 74.7914733887, 75.2558746338, 75.7086639404, 76.1614532471, 76.6142425537, 77.0670318604, 77.4849853516, 77.9029464722, 78.3209075928, 78.738861084, 79.1684341431, 79.5979995728, 80.0275726318, 80.4571380615, 80.8983230591, 81.3278884888, 81.7690658569, 82.2102508545, 82.6514282227, 83.0809936523, 83.5105667114, 83.928527832, 84.3580932617, 84.7296142578, 85.1011352539, 85.4726486206, 85.8441696167, 86.2621307373, 86.6684799194, 87.0748291016, 87.4927902222, 87.9455795288, 88.3983688354, 88.8511581421, 89.3155517578, 89.7799530029, 90.244354248, 90.7087478638, 91.1731491089, 91.6259384155, 92.0903396606, 92.5547409058, 93.0191345215, 93.4835357666, 93.9479370117, 94.4123306274, 94.8767318726, 95.3411331177, 95.8055343628, 96.2699279785, 96.7343292236, 97.1987304688, 97.6631240845, 98.1275253296, 98.5919265747, 99.0563278198, 99.5091171265, 99.9735107422, 100.437911987, 100.902313232, 101.366706848, 101.819496155, 102.2838974, 102.748298645, 103.224304199, 103.700317383, 104.187934875, 104.675552368, 105.163169861, 105.639183044, 106.126800537, 106.602806091, 107.078819275, 107.554824829, 108.019226074, 108.483627319, 108.948028564, 109.41242218, 109.876823425, 110.34122467, 110.805618286, 111.270019531, 111.734420776, 112.198822021, 112.663215637, 113.127616882, 113.580406189, 114.033195496, 114.485984802, 114.938774109, 115.403175354, 115.86756897, 116.331970215, 116.79637146, 117.260765076, 117.725166321, 118.189567566, 118.653968811, 119.118362427, 119.582763672, 120.047164917, 120.511566162, 120.964347839, 121.428749084, 121.881538391, 122.345939636, 122.810340881, 123.263130188, 123.715919495, 124.18031311, 124.644714355, 125.109115601, 125.573509216, 126.037910461, 126.513923645, 126.966712952, 127.431106567, 127.895507812, 128.359909058, 128.824310303, 129.288711548, 129.764709473, 130.229110718, 130.693511963, 131.157913208, 131.622314453, 132.098312378, 132.574325562, 133.050338745, 133.526351929, 134.002349854, 134.489974976, 134.977600098, 135.453598022, 135.929611206, 136.394012451, 136.858413696, 137.322814941, 137.787200928, 138.251602173, 138.716003418, 139.180404663, 139.644805908, 140.109207153, 140.56199646, 141.026397705, 141.479187012, 141.943572998, 142.407974243, 142.872375488, 143.336776733, 143.801177979, 144.265579224, 144.71836853, 145.171157837, 145.635559082, 146.099945068, 146.564346313, 147.028747559, 147.493148804, 147.957550049, 148.421951294, 148.874740601, 149.339141846, 149.803527832, 150.256317139, 150.720718384, 151.185119629, 151.637908936, 152.090698242, 152.555099487, 153.019500732, 153.483901978, 153.948303223, 154.412689209, 154.877090454, 155.329879761, 155.782669067, 156.247070312, 156.711471558, 157.175872803, 157.640274048, 158.104675293, 158.569061279, 159.033462524, 159.49786377, 159.950653076, 160.403442383, 160.867843628, 161.332244873, 161.796646118, 162.261047363, 162.72543335, 163.189834595, 163.642623901, 164.095413208, 164.559814453, 165.024215698, 165.488616943, 165.953018188, 166.417419434, 166.870193481, 167.334594727, 167.787384033, 168.251785278, 168.716186523, 169.180587769, 169.644989014, 170.109390259, 170.562179565, 171.026565552, 171.490966797, 171.955368042, 172.408157349, 172.872558594, 173.336959839, 173.801361084, 174.254150391, 174.718551636, 175.171340942, 175.635726929, 176.100128174, 176.564529419, 177.028930664, 177.493331909, 177.946121216, 178.410522461, 178.863311768, 179.327713013, 179.792098999, 180.256500244, 180.720901489, 181.185302734, 181.649703979, 182.114105225, 182.555282593, 183.019683838, 183.484085083, 183.948471069, 184.412872314, 184.87727356, 185.341674805, 185.80607605, 186.258865356, 186.711654663, 187.176055908, 187.640457153, 188.10484314, 188.569244385, 189.03364563, 189.498046875, 189.96244812, 190.426849365, 190.89125061, 191.344039917, 191.796829224, 192.26121521, 192.725616455, 193.1900177, 193.642807007, 194.095596313, 194.559997559, 195.024398804, 195.488800049, 195.941589355, 196.405975342, 196.858764648, 197.323165894, 197.787567139, 198.251968384, 198.716369629, 199.180770874, 199.645172119, 200.109558105, 200.562347412, 201.015136719, 201.479537964, 201.943939209, 202.408340454, 202.872741699, 203.337142944, 203.801544189, 204.254333496, 204.707122803, 205.171508789, 205.635910034, 206.100311279, 206.564712524, 207.02911377, 207.493515015, 207.95791626, 208.422302246, 208.886703491, 209.351104736, 209.838729858, 210.326339722, 210.813964844, 211.313186646, 211.812423706, 212.323257446, 212.810882568, 213.298492432, 213.786117554, 214.250518799, 214.714920044, 215.179321289, 215.632110596, 216.096496582, 216.549285889, 217.013687134, 217.478088379, 217.942489624, 218.406890869, 218.82484436, 219.24281311, 219.660766602, 220.043899536, 220.427032471, 220.810150146, 221.193283081, 221.576416016, 221.95954895, 222.342666626, 222.725799561, 223.120544434, 223.503662109, 223.898406982, 224.281539917, 224.676269531], "beats_loudness": {"dmean2": 0.0383228175342, "median": 0.0487646535039, "min": 1.07433015728e-06, "dvar2": 0.0019358638674, "dvar": 0.000720161478966, "dmean": 0.0220256801695, "max": 0.206374943256, "var": 0.0016675950028, "mean": 0.0601853653789}, "danceability": 1.374979496, "bpm_histogram_second_peak_weight": {"dmean2": 0, "median": 0.026584867388, "min": 0.026584867388, "dvar2": 0, "dvar": 0, "dmean": 0, "max": 0.026584867388, "var": 0, "mean": 0.026584867388}, "beats_count": 490, "bpm_histogram_second_peak_bpm": {"dmean2": 0, "median": 123, "min": 123, "dvar2": 0, "dvar": 0, "dmean": 0, "max": 123, "var": 0, "mean": 123}, "bpm_histogram_first_peak_spread": {"dmean2": 0, "median": 0.259860754013, "min": 0.259860754013, "dvar2": 0, "dvar": 0, "dmean": 0, "max": 0.259860754013, "var": 0, "mean": 0.259860754013}, "beats_loudness_band_ratio": {"dmean2": [0.2057864815, 0.14113907516, 0.199017390609, 0.124448105693, 0.069442152977, 0.0750285312533], "median": [0.346561014652, 0.0781816840172, 0.163101643324, 0.0492680743337, 0.0439996644855, 0.0385385155678], "min": [1.9390048692e-05, 0.000542274792679, 0.000541629793588, 0.00020996540843, 0.000204396928893, 0.000257393490756], "dvar2": [0.0557944774628, 0.0250944215804, 0.0440131165087, 0.0260028615594, 0.00811805110425, 0.0105629358441], "dvar": [0.0241636987776, 0.00885396637022, 0.0162996258587, 0.0102277742699, 0.00311068980955, 0.00373533880338], "dmean": [0.118992350996, 0.0818605870008, 0.116900339723, 0.0741536021233, 0.0406281016767, 0.0434217751026], "max": [0.993232607841, 0.716014862061, 0.930106937885, 0.817678630352, 0.508370220661, 0.478877961636], "var": [0.128050237894, 0.0182036105543, 0.0406963042915, 0.0138575378805, 0.00521312607452, 0.00525423046201], "mean": [0.457677185535, 0.136328145862, 0.216679543257, 0.0930202007294, 0.0668597072363, 0.0613061524928]}}, "lowlevel": {"barkbands_spread": {"dmean2": 9.6787071228, "median": 22.8830032349, "min": 0.389584302902, "dvar2": 170.40826416, "dvar": 77.7310409546, "dmean": 6.39762830734, "max": 101.976402283, "var": 261.188232422, "mean": 25.180229187}, "melbands_spread": {"dmean2": 9.78332424164, "median": 19.4492969513, "min": 0.414230912924, "dvar2": 189.330810547, "dvar": 80.3770599365, "dmean": 6.17761421204, "max": 145.55267334, "var": 243.399856567, "mean": 21.3489055634}, "hfc": {"dmean2": 15.9814596176, "median": 32.0625572205, "min": 1.09374578535e-16, "dvar2": 646.624023438, "dvar": 249.826507568, "dmean": 9.86607933044, "max": 234.346542358, "var": 705.023010254, "mean": 37.6963195801}, "barkbands_kurtosis": {"dmean2": 8.54915523529, "median": 2.49844503403, "min": -1.8635853529, "dvar2": 408.000061035, "dvar": 240.092422485, "dmean": 6.22614049911, "max": 431.407012939, "var": 836.046203613, "mean": 12.3379058838}, "gfcc": {"mean": [47.1117668152, 53.2446136475, -95.2645492554, 13.5344800949, -56.1702308655, 18.0717697144, -38.4381484985, 20.5770549774, -20.7033996582, 10.7644357681, -13.7090063095, 4.91984844208, -10.8180789948], "icov": [[0.000276955863228, 1.96097767002e-06, -0.000163635253557, -1.65167275554e-05, 7.01515409673e-06, -8.16528117866e-05, 0.000298738188576, -0.000453714368632, 1.16715491458e-05, -0.000261285953457, 0.000777961104177, -0.000498978421092, 0.000228581324336], [1.96097767002e-06, 0.00172802014276, -0.000178346192115, -0.000351998722181, -0.000722255732398, 0.000253625184996, -0.000198367546545, 0.00115645176265, -0.000636874814518, 0.00150105671491, -0.00242424965836, 0.002765070647, -0.00122006831225], [-0.000163635253557, -0.000178346192115, 0.00277871754952, -0.0015738629736, -0.000855558726471, -0.00117542117368, 0.00051320635248, -0.000513624807354, 0.00127763836645, -0.0012317574583, 0.000315558922011, -0.00079946994083, 0.00133718724828], [-1.65167275554e-05, -0.000351998722181, -0.0015738629736, 0.00474837468937, -0.000733555993065, -0.000124932761537, -0.000271149154287, -0.000137000213726, -0.00105292373337, 0.00199039978907, -0.000471546052722, -0.00166448112577, 0.000984219252132], [7.01515409673e-06, -0.000722255732398, -0.000855558726471, -0.000733555993065, 0.00662435684353, -0.00303804851137, -0.000505979987793, -0.00168460013811, -0.000114953625598, -7.95865707914e-05, 0.000577029946726, -0.000810556579381, -0.00014228715736], [-8.16528117866e-05, 0.000253625184996, -0.00117542117368, -0.000124932761537, -0.00303804851137, 0.00978270359337, -0.005665066652, 0.00184071180411, 0.000418579089455, -0.0012854199158, -0.000410169304814, 0.00108798593283, -0.00105005607475], [0.000298738188576, -0.000198367546545, 0.00051320635248, -0.000271149154287, -0.000505979987793, -0.005665066652, 0.0103986952454, -0.00185405975208, -0.00314427004196, -0.000705256359652, 0.00179222808219, -0.00205037603155, 0.000992695335299], [-0.000453714368632, 0.00115645176265, -0.000513624807354, -0.000137000213726, -0.00168460013811, 0.00184071180411, -0.00185405975208, 0.00712239416316, -0.000953596259933, 0.00106836028863, -0.00363381649368, 0.00325406016782, -0.00294717215002], [1.16715491458e-05, -0.000636874814518, 0.00127763836645, -0.00105292373337, -0.000114953625598, 0.000418579089455, -0.00314427004196, -0.000953596259933, 0.0104258982465, -0.00574084557593, 0.00361350900494, -0.00348428357393, 0.000948375731241], [-0.000261285953457, 0.00150105671491, -0.0012317574583, 0.00199039978907, -7.95865707914e-05, -0.0012854199158, -0.000705256359652, 0.00106836028863, -0.00574084557593, 0.017171934247, -0.00870764348656, 0.00175280217081, -0.00254820100963], [0.000777961104177, -0.00242424965836, 0.000315558922011, -0.000471546052722, 0.000577029946726, -0.000410169304814, 0.00179222808219, -0.00363381649368, 0.00361350900494, -0.00870764348656, 0.0171149391681, -0.00709189753979, -0.000361393787898], [-0.000498978421092, 0.002765070647, -0.00079946994083, -0.00166448112577, -0.000810556579381, 0.00108798593283, -0.00205037603155, 0.00325406016782, -0.00348428357393, 0.00175280217081, -0.00709189753979, 0.015222242102, -0.00484554423019], [0.000228581324336, -0.00122006831225, 0.00133718724828, 0.000984219252132, -0.00014228715736, -0.00105005607475, 0.000992695335299, -0.00294717215002, 0.000948375731241, -0.00254820100963, -0.000361393787898, -0.00484554423019, 0.0141312638298]], "cov": [[5972.67138672, -742.151794434, 991.627990723, 495.493804932, 419.88079834, 332.072631836, 218.219024658, 390.419830322, 202.113204956, 104.992004395, -196.588546753, 294.478240967, -92.7173156738], [-742.151794434, 1110.44042969, -10.943561554, 37.0429534912, 62.8110237122, -11.0257253647, -53.7513122559, -90.7696380615, -76.7476425171, -69.7729263306, 89.2114715576, -164.907653809, 29.2966117859], [991.627990723, -10.943561554, 1019.78460693, 482.335388184, 428.944091797, 374.142913818, 246.74180603, 149.738571167, 93.2540969849, 94.7433624268, 40.8213157654, 156.233688354, -35.6189689636], [495.493804932, 37.0429534912, 482.335388184, 491.618621826, 272.84072876, 226.932128906, 179.800506592, 82.354675293, 98.8010940552, 34.573764801, 27.8877944946, 118.963989258, -19.4345932007], [419.88079834, 62.8110237122, 428.944091797, 272.84072876, 448.737365723, 309.872802734, 241.351989746, 127.984603882, 118.75428009, 82.0071716309, 45.0581436157, 107.025466919, 20.9894638062], [332.072631836, -11.0257253647, 374.142913818, 226.932128906, 309.872802734, 397.66885376, 283.613769531, 78.2480926514, 132.766601562, 99.1811294556, 36.6620979309, 108.9376297, 18.7993507385], [218.219024658, -53.7513122559, 246.74180603, 179.800506592, 241.351989746, 283.613769531, 336.427764893, 94.0438766479, 165.082015991, 96.1290817261, 27.9803962708, 113.91783905, 21.4759979248], [390.419830322, -90.7696380615, 149.738571167, 82.354675293, 127.984603882, 78.2480926514, 94.0438766479, 244.030273438, 59.8539085388, 53.7768821716, 44.3636322021, 49.1013298035, 40.9851570129], [202.113204956, -76.7476425171, 93.2540969849, 98.8010940552, 118.75428009, 132.766601562, 165.082015991, 59.8539085388, 216.321640015, 93.4409713745, 17.9878463745, 96.7845687866, 22.3251934052], [104.992004395, -69.7729263306, 94.7433624268, 34.573764801, 82.0071716309, 99.1811294556, 96.1290817261, 53.7768821716, 93.4409713745, 141.950714111, 69.37915802, 73.6776580811, 39.9267730713], [-196.588546753, 89.2114715576, 40.8213157654, 27.8877944946, 45.0581436157, 36.6620979309, 27.9803962708, 44.3636322021, 17.9878463745, 69.37915802, 140.719619751, 53.8674621582, 48.9150848389], [294.478240967, -164.907653809, 156.233688354, 118.963989258, 107.025466919, 108.9376297, 113.91783905, 49.1013298035, 96.7845687866, 73.6776580811, 53.8674621582, 180.593444824, 39.4324531555], [-92.7173156738, 29.2966117859, -35.6189689636, -19.4345932007, 20.9894638062, 18.7993507385, 21.4759979248, 40.9851570129, 22.3251934052, 39.9267730713, 48.9150848389, 39.4324531555, 108.639297485]]}, "spectral_energyband_middle_low": {"dmean2": 0.00733709149063, "median": 0.0127943987027, "min": 2.33103500244e-22, "dvar2": 0.000111763816676, "dvar": 4.20029500674e-05, "dmean": 0.0045730038546, "max": 0.0906188338995, "var": 0.000103852777102, "mean": 0.0141157023609}, "melbands_crest": {"dmean2": 4.97285318375, "median": 14.8271913528, "min": 1.56686937809, "dvar2": 29.052564621, "dvar": 12.1059370041, "dmean": 3.29106044769, "max": 37.1654624939, "var": 70.5583953857, "mean": 17.1300582886}, "spectral_kurtosis": {"dmean2": 1.32518458366, "median": 2.72873210907, "min": -1.16609811783, "dvar2": 2.90986418724, "dvar": 1.08668160439, "dmean": 0.81977391243, "max": 20.9793052673, "var": 5.51775455475, "mean": 3.37884140015}, "spectral_rms": {"dmean2": 0.00117688812315, "median": 0.00619886163622, "min": 3.17272640452e-12, "dvar2": 1.58867419486e-06, "dvar": 1.02085505205e-06, "dmean": 0.000832105637528, "max": 0.0154777383432, "var": 8.785740647e-06, "mean": 0.00687382183969}, "zerocrossingrate": {"dmean2": 0.0147597743198, "median": 0.0712890625, "min": 0.001953125, "dvar2": 0.000257972365944, "dvar": 0.000218159490032, "dmean": 0.0127422688529, "max": 0.482421875, "var": 0.00206296169199, "mean": 0.0757749825716}, "silence_rate_60dB": {"dmean2": 0.00123698590323, "median": 0, "min": 0, "dvar2": 0.0012358300155, "dvar": 0.000618140271399, "dmean": 0.000618429214228, "max": 1, "var": 0.0141210351139, "mean": 0.014325466007}, "erbbands_kurtosis": {"dmean2": 1.12052226067, "median": -0.187711000443, "min": -1.80816662312, "dvar2": 2.36826848984, "dvar": 0.967480123043, "dmean": 0.706280648708, "max": 32.4066619873, "var": 3.21097254753, "mean": 0.274696171284}, "erbbands": {"dmean2": [0.510394275188, 3.19191408157, 6.33039188385, 5.76686382294, 5.68653154373, 7.47577571869, 10.6854572296, 16.1420135498, 20.6558303833, 21.9786701202, 41.0598144531, 48.9455108643, 31.2043895721, 20.5916404724, 26.1317138672, 25.9532012939, 22.464515686, 22.6465644836, 30.4044494629, 32.7095222473, 27.4559288025, 29.2982368469, 28.0466194153, 22.2530269623, 7.65035438538, 9.19827461243, 13.3501729965, 10.9299554825, 8.11782646179, 6.83511781693, 6.53430891037, 6.82561540604, 5.26514863968, 2.85723018646, 1.26353907585, 0.948040962219, 0.52233672142, 0.124803975224, 0.00951628945768, 0.000150115025463], "median": [0.174333885312, 1.18931496143, 1.2715280056, 1.05808615685, 1.93540036678, 3.8700568676, 8.0367641449, 10.8859119415, 8.4406003952, 11.2192277908, 26.4342823029, 25.5218830109, 13.794380188, 12.0316915512, 16.3459682465, 15.5147819519, 14.9370584488, 11.4127454758, 17.1385002136, 16.5578327179, 11.3224744797, 12.3463029861, 14.3883075714, 14.0310115814, 6.08955526352, 6.74997615814, 7.61474275589, 4.99440956116, 3.65658426285, 3.2912774086, 3.28504943848, 5.50263500214, 5.30336809158, 3.11045432091, 1.26299870014, 0.736921548843, 0.366560786963, 0.0645674988627, 0.00241919001564, 0.000128317027702], "min": [7.1328055841e-22, 1.56566054372e-21, 3.25748895102e-20, 9.10994752743e-20, 4.45118844624e-20, 8.35660247807e-20, 1.52090144938e-19, 1.21102201433e-19, 5.53573047363e-19, 1.27170240726e-18, 8.62417834564e-19, 1.63571419595e-18, 7.52288972362e-19, 1.7144945673e-18, 2.45505799599e-18, 4.14697859758e-18, 5.55972615602e-18, 8.29245503516e-18, 9.02405989102e-18, 6.60020976518e-18, 1.01625697794e-17, 6.97914616688e-18, 1.01258859736e-17, 1.48894098446e-17, 2.07833926552e-17, 1.56227352362e-17, 1.15070716286e-17, 1.73753125785e-17, 1.56547620151e-17, 2.10631103967e-17, 2.30155081053e-17, 1.8450483593e-17, 1.73225814688e-17, 1.39656145365e-17, 7.91905991639e-18, 6.11086708559e-18, 3.233537316e-18, 1.29076716262e-18, 2.67521428737e-19, 2.62179079519e-20], "dvar2": [0.860445082188, 41.8669891357, 390.557159424, 359.79385376, 232.967834473, 223.268112183, 300.069549561, 796.002563477, 1774.59887695, 4432.97119141, 8653.52636719, 11170.2958984, 5403.70605469, 1784.15625, 2086.48950195, 2481.00024414, 1205.78674316, 2683.59057617, 4786.58642578, 3669.37841797, 5616.35107422, 4041.7722168, 4364.73193359, 1538.09924316, 160.048065186, 457.974487305, 700.331542969, 398.549804688, 237.091918945, 153.019760132, 134.843353271, 128.896972656, 63.4960746765, 23.8549022675, 3.72011256218, 2.97834277153, 1.30567026138, 0.0797038003802, 0.000590473646298, 1.20672751791e-07], "dvar": [0.86017793417, 25.2362594604, 158.164718628, 127.067230225, 80.8120574951, 80.9354400635, 132.516830444, 361.56829834, 832.298156738, 1659.85791016, 3523.32885742, 4946.32714844, 2263.79052734, 759.22253418, 953.936828613, 1095.28979492, 514.055603027, 961.607727051, 1740.08642578, 1467.59655762, 2052.56396484, 1586.43981934, 1635.97814941, 611.409057617, 61.4313926697, 184.553848267, 281.389648438, 152.682250977, 94.7496871948, 62.0684585571, 52.8851089478, 51.7457695007, 24.80352211, 8.93748378754, 1.46526277065, 1.26654815674, 0.524905741215, 0.0319010056555, 0.000234231702052, 4.77505395224e-08], "dmean": [0.484081298113, 2.3369808197, 4.03108644485, 3.25557160378, 3.30416750908, 4.43488311768, 6.87767267227, 10.537478447, 14.137093544, 13.9492387772, 27.4380149841, 32.8481483459, 20.5696487427, 13.3585805893, 16.7649688721, 16.3012237549, 13.8350114822, 13.3350963593, 17.9960708618, 19.846660614, 16.2305870056, 17.5209445953, 16.5727596283, 13.2672948837, 4.52186918259, 5.56028699875, 8.02232265472, 6.5471830368, 4.98190593719, 4.23879051208, 3.99990105629, 4.20171070099, 3.20908856392, 1.77125263214, 0.790519893169, 0.598498463631, 0.327254384756, 0.0781424045563, 0.00588843459263, 9.40776008065e-05], "max": [11.2352085114, 55.0366744995, 115.071632385, 136.653762817, 109.45665741, 138.257064819, 232.792572021, 386.158874512, 842.821838379, 1499.95129395, 1533.1505127, 1574.60009766, 1320.64489746, 635.285461426, 1009.34912109, 980.458312988, 614.245117188, 702.433166504, 1040.41125488, 942.053039551, 1981.5246582, 851.151733398, 1144.90856934, 557.840576172, 181.042022705, 532.567565918, 462.05645752, 319.943511963, 207.221817017, 146.34513855, 144.724212646, 139.859970093, 116.700721741, 66.0646896362, 16.5261421204, 30.3324928284, 18.1671352386, 3.86255598068, 0.280929118395, 0.00398515351117], "var": [5.69880247116, 79.5616073608, 143.301254272, 86.6705322266, 65.5118789673, 140.832351685, 486.430236816, 1455.03613281, 4226.23193359, 3427.54125977, 8927.09765625, 16036.5244141, 6842.28564453, 2188.39819336, 4041.921875, 3486.45727539, 1127.01013184, 1095.97717285, 2391.37792969, 2966.87036133, 2266.43408203, 2518.5871582, 2183.05419922, 1071.12939453, 100.766113281, 320.392089844, 458.395355225, 263.260498047, 200.136001587, 146.604034424, 130.75402832, 145.485748291, 74.6341400146, 22.6143245697, 4.28431940079, 2.93315267563, 0.879629611969, 0.0542888753116, 0.00037530247937, 8.81744242065e-08], "mean": [1.21676945686, 5.0829668045, 4.53179931641, 3.67122006416, 4.82985162735, 8.30808067322, 15.8851938248, 25.1428928375, 35.8449745178, 28.682592392, 60.0974388123, 73.4334411621, 45.2461204529, 27.5378818512, 34.0897979736, 30.6520252228, 25.3203468323, 21.7256011963, 31.4004650116, 34.1913223267, 24.4520549774, 27.7238903046, 27.4326763153, 24.3808879852, 8.93697547913, 11.0354251862, 14.0382261276, 11.0422668457, 8.90658569336, 7.94617652893, 7.95674514771, 9.67898464203, 8.14064788818, 4.42160320282, 1.95541465282, 1.36606752872, 0.673320055008, 0.147805765271, 0.0098612876609, 0.000231204277952]}, "spectral_strongpeak": {"dmean2": 0.766987383366, "median": 0.906581997871, "min": 0, "dvar2": 1.19143688679, "dvar": 0.502883791924, "dmean": 0.468912750483, "max": 9.81622505188, "var": 1.35934793949, "mean": 1.22211134434}, "spectral_energy": {"dmean2": 0.0185311436653, "median": 0.0393865332007, "min": 1.03178470642e-20, "dvar2": 0.000560589018278, "dvar": 0.000374834984541, "dmean": 0.0132027389482, "max": 0.24554939568, "var": 0.00256542605348, "mean": 0.0574361383915}, "average_loudness": 0.900439918041, "spectral_rolloff": {"dmean2": 1004.18902588, "median": 1119.7265625, "min": 64.599609375, "dvar2": 2883602.25, "dvar": 1224516.125, "dmean": 598.207275391, "max": 17894.0917969, "var": 3067509.25, "mean": 1559.21411133}, "spectral_centroid": {"dmean2": 403.014160156, "median": 1336.59265137, "min": 138.528030396, "dvar2": 281962.84375, "dvar": 123719.015625, "dmean": 261.426727295, "max": 10888.9208984, "var": 319330.5, "mean": 1366.82324219}, "pitch_salience": {"dmean2": 0.109197214246, "median": 0.509528934956, "min": 0.0174521058798, "dvar2": 0.0175374504179, "dvar": 0.00830552913249, "dmean": 0.0721278786659, "max": 0.927231371403, "var": 0.0307512916625, "mean": 0.466090232134}, "spectral_energyband_middle_high": {"dmean2": 0.0036203651689, "median": 0.0042515010573, "min": 1.72804371142e-21, "dvar2": 3.53657487722e-05, "dvar": 1.37466267915e-05, "dmean": 0.00221434282139, "max": 0.0714954212308, "var": 3.7201003579e-05, "mean": 0.00625130534172}, "spectral_contrast_coeffs": {"dmean2": [0.0743487551808, 0.0759842768312, 0.0645517855883, 0.0494407340884, 0.0351515859365, 0.0317926816642], "median": [-0.671407282352, -0.688586354256, -0.737476229668, -0.780325770378, -0.795820355415, -0.793937504292], "min": [-0.95429456234, -0.950971245766, -0.958590626717, -0.963007450104, -0.962880671024, -0.961013436317], "dvar2": [0.00442032981664, 0.00419393880293, 0.00275594741106, 0.00149503047578, 0.000824070360977, 0.000868935720064], "dvar": [0.00202377489768, 0.00173445011023, 0.00108891061973, 0.000572850753088, 0.000318711710861, 0.000340817496181], "dmean": [0.0476253964007, 0.047511857003, 0.0401982888579, 0.0300142206252, 0.0212861448526, 0.0196044724435], "max": [-0.251131981611, -0.403588235378, -0.462280154228, -0.604181051254, -0.612851560116, -0.609953403473], "var": [0.0127556780353, 0.0072025526315, 0.00561731122434, 0.0021020330023, 0.00144087953959, 0.00102960085496], "mean": [-0.640973985195, -0.691101014614, -0.734443724155, -0.777476131916, -0.79214823246, -0.791764438152]}, "melbands_skewness": {"dmean2": 1.32669365406, "median": 2.61367607117, "min": -0.917026162148, "dvar2": 3.47627305984, "dvar": 2.04939222336, "dmean": 0.925420820713, "max": 31.4701576233, "var": 12.3209190369, "mean": 3.90548348427}, "spectral_spread": {"dmean2": 893421.6875, "median": 6828220.5, "min": 2088289.125, "dvar2": 976498393088, "dvar": 537414041600, "dmean": 593699.3125, "max": 39215112, "var": 3177506144260.0, "mean": 6601616.5}, "dissonance": {"dmean2": 0.0272777825594, "median": 0.46865350008, "min": 0.313212424517, "dvar2": 0.000617661862634, "dvar": 0.000225858864724, "dmean": 0.0163096934557, "max": 0.5, "var": 0.000643586099613, "mean": 0.463647127151}, "spectral_skewness": {"dmean2": 0.240250512958, "median": 1.51765656471, "min": 0.0309182014316, "dvar2": 0.070389598608, "dvar": 0.0294579584152, "dmean": 0.153476536274, "max": 3.64509773254, "var": 0.161254152656, "mean": 1.57342040539}, "spectral_flux": {"dmean2": 0.0443148203194, "median": 0.0817168578506, "min": 1.01576802525e-10, "dvar2": 0.0023193990346, "dvar": 0.00128218019381, "dmean": 0.0313984155655, "max": 0.436602145433, "var": 0.00415259273723, "mean": 0.0997691303492}, "spectral_contrast_valleys": {"dmean2": [0.626879155636, 0.633795678616, 0.598280668259, 0.492232441902, 0.414098978043, 0.355490535498], "median": [-6.97259235382, -6.48131036758, -7.18478393555, -7.33118009567, -7.18396949768, -9.09553337097], "min": [-27.2536029816, -27.6952667236, -27.6803951263, -27.3224258423, -26.9965286255, -27.2243347168], "dvar2": [0.363914042711, 0.40901067853, 0.341003328562, 0.265918850899, 0.287138044834, 0.179388329387], "dvar": [0.17242346704, 0.176147818565, 0.14760223031, 0.119618050754, 0.128327012062, 0.0886172950268], "dmean": [0.394910931587, 0.388260811567, 0.359583556652, 0.298487275839, 0.256232142448, 0.229227393866], "max": [-5.41109752655, -4.67883682251, -4.96510505676, -5.25586032867, -5.53256320953, -7.56468105316], "var": [1.98182690144, 0.642184376717, 0.528321444988, 0.536742091179, 0.58178550005, 0.953019797802], "mean": [-7.41968345642, -6.55961179733, -7.22140359879, -7.38000154495, -7.28755044937, -9.25623035431]}, "erbbands_flatness_db": {"dmean2": 0.0180615745485, "median": 0.113608196378, "min": 0.0375790670514, "dvar2": 0.000286510650767, "dvar": 0.000142650125781, "dmean": 0.0122195165604, "max": 0.374243736267, "var": 0.00222875410691, "mean": 0.12274403125}, "spectral_energyband_high": {"dmean2": 0.00125373131596, "median": 0.00148709572386, "min": 7.41575820207e-21, "dvar2": 4.29774263466e-06, "dvar": 1.7081599708e-06, "dmean": 0.000786386139225, "max": 0.0187153238803, "var": 5.13240001965e-06, "mean": 0.00222825212404}, "spectral_entropy": {"dmean2": 0.222863271832, "median": 7.87200498581, "min": 5.75325584412, "dvar2": 0.086747571826, "dvar": 0.0381253659725, "dmean": 0.148876607418, "max": 9.80897903442, "var": 0.182736203074, "mean": 7.82239770889}, "silence_rate_20dB": {"dmean2": 0, "median": 1, "min": 1, "dvar2": 0, "dvar": 0, "dmean": 0, "max": 1, "var": 0, "mean": 1}, "melbands_flatness_db": {"dmean2": 0.0403225496411, "median": 0.180570363998, "min": 0.00558128394186, "dvar2": 0.00284744706005, "dvar": 0.00149032170884, "dmean": 0.0278968699276, "max": 0.552035391331, "var": 0.00768255023286, "mean": 0.204310551286}, "barkbands": {"dmean2": [0.000965866202023, 0.0143924700096, 0.00572301819921, 0.00168895313982, 0.0020615439862, 0.00182006205432, 0.00140074570663, 0.00166653958149, 0.00220281351358, 0.000920898630284, 0.00063858559588, 0.000849040574394, 0.000480892078485, 0.000622311898042, 0.000679597374983, 0.000471179984743, 0.000504928524606, 0.000534921884537, 0.000283226196188, 0.000204946903978, 0.000299684004858, 0.000215529929847, 0.000228447461268, 0.000311732612317, 0.000207488337765, 0.000242685739067, 6.26912005828e-05], "median": [7.6409211033e-05, 0.00589613430202, 0.00058425986208, 0.000253983278526, 0.00126405549236, 0.00124897353817, 0.00051315856399, 0.00066573463846, 0.00118149630725, 0.000261715904344, 0.000294831988867, 0.000403155456297, 0.000272868142929, 0.000276661099633, 0.000341453531291, 0.000175276349182, 0.000192816107301, 0.00025952688884, 0.000178331349161, 0.000145174853969, 0.000149090701598, 0.000100324607047, 0.000110891225631, 0.000317186844768, 0.000241713307332, 0.000196312379558, 1.69787617779e-05], "min": [1.94671071e-23, 9.72797393681e-24, 4.32313635872e-23, 2.63151944187e-23, 2.43739781249e-23, 1.28321542206e-23, 8.10743654296e-23, 2.84221472332e-23, 5.66155689802e-23, 4.2334791614e-23, 3.37492113302e-23, 9.99271754987e-23, 1.16379500766e-22, 1.7946381121e-22, 1.56565589891e-22, 1.85051029012e-22, 1.17701846213e-22, 2.14906157857e-22, 3.67303987326e-22, 3.38307909074e-22, 3.68918034603e-22, 5.14545670457e-22, 7.94024978033e-22, 9.75783225896e-22, 1.16290426379e-21, 1.72153127968e-21, 1.93244981508e-21], "dvar2": [3.89862225347e-06, 0.000689517066348, 0.000359398982255, 3.22416235576e-05, 1.84786040336e-05, 8.91075978871e-06, 8.79779418028e-06, 2.19359262701e-05, 1.87431051017e-05, 6.48563263894e-06, 1.2263511735e-06, 3.35450886269e-06, 5.80544508466e-07, 2.22181006393e-06, 1.62259630088e-06, 1.52296172473e-06, 1.13052760753e-06, 1.33765229293e-06, 2.17829594362e-07, 1.85034892297e-07, 3.03941334323e-07, 1.47512068338e-07, 1.65253879914e-07, 2.29609852909e-07, 1.12191898438e-07, 2.56329769854e-07, 2.3457477738e-08], "dvar": [5.83719065617e-06, 0.000475247885333, 0.000133865993121, 1.09738484753e-05, 6.65918969389e-06, 4.01296210839e-06, 3.8285293158e-06, 8.70547319209e-06, 8.29481905384e-06, 2.81272400571e-06,