{"metadata": {"tags": {"album": ["Pinch Your Soul"], "albumartist": ["Clazziquai"], "tracknumber": ["1"], "musicbrainz_recordingid": ["1fcab56d-5123-48ae-979b-eb015455fe77"], "artist": ["Clazziquai"], "date": ["2006"], "discnumber": ["1"], "title": ["Color Your Soul(Pinch Your Remix)"], "file_name": "2145228.mp3"}, "audio_properties": {"sample_rate": 44100, "downmix": "mix", "lossless": false, "analysis_sample_rate": 44100, "md5_encoded": "27274e9d844c9e106ace22adcda47a9e", "equal_loudness": 0, "replay_gain": -11.1238613129, "codec": "mp3", "bit_rate": 192000, "length": 287.111846924}, "version": {"extractor": "music 1.0", "essentia_build_sha": "70f2e5ece6736b2c40cc944ad0e695b16b925413", "essentia_git_sha": "v2.1_beta2", "essentia": "2.1-beta2"}}, "rhythm": {"beats_loudness_band_ratio": {"dvar2": [0.0450293049216, 0.026000533253, 0.014857372269, 0.0296010226011, 0.0279051996768, 0.0130969583988], "var": [0.0637787058949, 0.0111076384783, 0.00537251261994, 0.0170215927064, 0.0114731248468, 0.00615255022421], "min": [0, 0, 0, 0, 0, 0], "dmean": [0.143755748868, 0.0993725284934, 0.0609480068088, 0.0954141914845, 0.0756812766194, 0.0671209692955], "mean": [0.516613662243, 0.114188760519, 0.0747186392546, 0.129811704159, 0.0911235287786, 0.0814029872417], "max": [0.990103006363, 0.675467014313, 0.472369194031, 0.750174045563, 0.732250630856, 0.874515175819], "dmean2": [0.252645641565, 0.176152899861, 0.10846119374, 0.167154833674, 0.142762541771, 0.127342030406], "median": [0.510682404041, 0.0839062929153, 0.053539916873, 0.07516489923, 0.0635241791606, 0.0645397230983], "dvar": [0.0181090272963, 0.00907198246568, 0.00502952374518, 0.0103205246851, 0.00831450521946, 0.00489301001653]}, "bpm_histogram_first_peak_weight": {"dvar2": 0, "var": 0, "min": 0.84790211916, "dmean": 0, "mean": 0.84790211916, "max": 0.84790211916, "dmean2": 0, "median": 0.84790211916, "dvar": 0}, "bpm": 120.012695312, "beats_count": 573, "bpm_histogram_first_peak_spread": {"dvar2": 0, "var": 0, "min": 0.146126747131, "dmean": 0, "mean": 0.146126747131, "max": 0.146126747131, "dmean2": 0, "median": 0.146126747131, "dvar": 0}, "danceability": 1.19818663597, "bpm_histogram_first_peak_bpm": {"dvar2": 0, "var": 0, "min": 120, "dmean": 0, "mean": 120, "max": 120, "dmean2": 0, "median": 120, "dvar": 0}, "beats_position": [0.522448956966, 1.04489791393, 1.57895684242, 2.11301589012, 2.62385487556, 3.13469386101, 3.63392281532, 4.13315200806, 4.63238096237, 5.13160991669, 5.630838871, 6.13006782532, 6.62929677963, 7.12852573395, 7.6277551651, 8.12698364258, 8.62621307373, 9.12544155121, 9.62467098236, 10.1239004135, 10.6347389221, 11.1339683533, 11.6448068619, 12.144036293, 12.6432647705, 13.1424942017, 13.6417226791, 14.1409521103, 14.6517915726, 15.1394100189, 15.6386394501, 16.1378688812, 16.6254863739, 17.1247158051, 17.6239452362, 18.1231746674, 18.6224040985, 19.1216316223, 19.6208610535, 20.1200904846, 20.6193199158, 21.1185474396, 21.6177768707, 22.1170063019, 22.616235733, 23.1270751953, 23.6263027191, 24.1255321503, 24.6247615814, 25.1239910126, 25.6232185364, 26.1224479675, 26.6216773987, 27.1209068298, 27.620136261, 28.1193637848, 28.6185932159, 29.1178226471, 29.6286621094, 30.1278915405, 30.6271190643, 31.1263484955, 31.6255779266, 32.1248054504, 32.6240348816, 33.1232643127, 33.6224937439, 34.121723175, 34.6209526062, 35.1201820374, 35.6194114685, 36.118637085, 36.6178665161, 37.1170959473, 37.6163253784, 38.1271629333, 38.6263923645, 39.1256217957, 39.6248512268, 40.124080658, 40.6233100891, 41.1225395203, 41.6217689514, 42.1209983826, 42.6202278137, 43.1194534302, 43.6186828613, 44.1179122925, 44.6287536621, 45.1279792786, 45.6272087097, 46.1264381409, 46.625667572, 47.1248970032, 47.6241264343, 48.1233558655, 48.6225852966, 49.1218147278, 49.6210403442, 50.1202697754, 50.6194992065, 51.1187286377, 51.6179580688, 52.1171875, 52.6164169312, 53.1272544861, 53.6264839172, 54.1257133484, 54.6249427795, 55.1241722107, 55.6234016418, 56.122631073, 56.6218566895, 57.1210861206, 57.6203155518, 58.1195449829, 58.6187744141, 59.1180038452, 59.6172332764, 60.1164627075, 60.6273002625, 61.1265296936, 61.6257591248, 62.1249885559, 62.6242179871, 63.1234474182, 63.6226730347, 64.1219024658, 64.621131897, 65.1319732666, 65.6312026978, 66.1304321289, 66.6296615601, 67.1288909912, 67.6281204224, 68.1273422241, 68.6265716553, 69.1258010864, 69.6250305176, 70.1242599487, 70.6234893799, 71.122718811, 71.6219482422, 72.1211776733, 72.6204071045, 73.1196365356, 73.6304779053, 74.1297073364, 74.6289291382, 75.1281585693, 75.6273880005, 76.1266174316, 76.6258468628, 77.1250762939, 77.6243057251, 78.1235351562, 78.6227645874, 79.1219940186, 79.6212234497, 80.1320648193, 80.6312942505, 81.1305236816, 81.6181411743, 82.1289749146, 82.6282043457, 83.1274337769, 83.626663208, 84.1258926392, 84.6251220703, 85.1243515015, 85.6235809326, 86.1228103638, 86.6220397949, 87.1212692261, 87.6204986572, 88.1197280884, 88.6305618286, 89.1297912598, 89.6290206909, 90.1282501221, 90.6274795532, 91.1267089844, 91.6259384155, 92.1251678467, 92.6243972778, 93.123626709, 93.6228561401, 94.1220855713, 94.6213150024, 95.1321487427, 95.6197738647, 96.130607605, 96.6298370361, 97.1290664673, 97.6282958984, 98.1275253296, 98.6267547607, 99.1259841919, 99.625213623, 100.124443054, 100.623672485, 101.122901917, 101.622131348, 102.121360779, 102.62059021, 103.119819641, 103.630653381, 104.129882812, 104.629112244, 105.128341675, 105.627571106, 106.126800537, 106.626029968, 107.125259399, 107.624488831, 108.123718262, 108.622947693, 109.122177124, 109.621406555, 110.132240295, 110.631469727, 111.130699158, 111.629928589, 112.12915802, 112.616775513, 113.127616882, 113.626846313, 114.126075745, 114.625305176, 115.124534607, 115.623764038, 116.122993469, 116.6222229, 117.121452332, 117.620681763, 118.119903564, 118.619132996, 119.118362427, 119.617591858, 120.116821289, 120.627662659, 121.12689209, 121.626121521, 122.125350952, 122.624580383, 123.123809814, 123.623039246, 124.122268677, 124.621498108, 125.12071991, 125.619949341, 126.119178772, 126.618408203, 127.117637634, 127.616867065, 128.127700806, 128.626937866, 129.126159668, 129.625396729, 130.12461853, 130.623855591, 131.123077393, 131.622314453, 132.121536255, 132.620773315, 133.119995117, 133.619232178, 134.118453979, 134.62928772, 135.12852478, 135.627746582, 136.126983643, 136.626205444, 137.125442505, 137.624664307, 138.123901367, 138.623123169, 139.122360229, 139.621582031, 140.120819092, 140.620040894, 141.130874634, 141.618499756, 142.129333496, 142.616958618, 143.127792358, 143.627029419, 144.126251221, 144.625488281, 145.124710083, 145.623947144, 146.123168945, 146.622406006, 147.121627808, 147.620864868, 148.12008667, 148.63092041, 149.130157471, 149.629379272, 150.128616333, 150.627838135, 151.127075195, 151.626296997, 152.125534058, 152.624755859, 153.135604858, 153.623214722, 154.134063721, 154.621673584, 155.120910645, 155.620132446, 156.130966187, 156.618591309, 157.129425049, 157.617050171, 158.127883911, 158.627120972, 159.126342773, 159.625579834, 160.124801636, 160.624038696, 161.123260498, 161.622497559, 162.12171936, 162.620956421, 163.120178223, 163.619400024, 164.118637085, 164.629470825, 165.128707886, 165.627929688, 166.127166748, 166.62638855, 167.12562561, 167.624847412, 168.124084473, 168.623306274, 169.134140015, 169.621765137, 170.132598877, 170.620223999, 171.131057739, 171.618682861, 172.129516602, 172.628753662, 173.127975464, 173.627212524, 174.126434326, 174.625671387, 175.124893188, 175.624130249, 176.123352051, 176.622589111, 177.121810913, 177.632644653, 178.131881714, 178.631103516, 179.130340576, 179.629562378, 180.128799438, 180.62802124, 181.127258301, 181.626480103, 182.125717163, 182.624938965, 183.124176025, 183.623397827, 184.122619629, 184.621856689, 185.121078491, 185.620315552, 186.131149292, 186.630386353, 187.129608154, 187.628845215, 188.128067017, 188.627304077, 189.126525879, 189.625762939, 190.124984741, 190.624221802, 191.123443604, 191.622665405, 192.121902466, 192.621124268, 193.120361328, 193.61958313, 194.11882019, 194.618041992, 195.117279053, 195.616500854, 196.115737915, 196.626571655, 197.125808716, 197.625030518, 198.124252319, 198.62348938, 199.122711182, 199.621948242, 200.121170044, 200.620407104, 201.119628906, 201.618865967, 202.118087769, 202.617324829, 203.128158569, 203.62739563, 204.126617432, 204.625839233, 205.125076294, 205.624298096, 206.123535156, 206.622756958, 207.121994019, 207.62121582, 208.120452881, 208.619674683, 209.118911743, 209.618133545, 210.117370605, 210.616592407, 211.115829468, 211.626663208, 212.12588501, 212.62512207, 213.124343872, 213.623580933, 214.122802734, 214.622039795, 215.121261597, 215.620498657, 216.131332397, 216.61895752, 217.12979126, 217.62902832, 218.128250122, 218.615875244, 219.126708984, 219.625930786, 220.125167847, 220.624389648, 221.123626709, 221.622848511, 222.122085571, 222.632919312, 223.132156372, 223.631378174, 224.119003296, 224.618225098, 225.117462158, 225.628295898, 226.1275177, 226.626754761, 227.125976562, 227.625213623, 228.124435425, 228.623672485, 229.122894287, 229.622131348, 230.121353149, 230.62059021, 231.119812012, 231.619049072, 232.129882812, 232.629104614, 233.128341675, 233.615966797, 234.126800537, 234.626022339, 235.125259399, 235.624481201, 236.123718262, 236.622940063, 237.122177124, 237.621398926, 238.120635986, 238.619857788, 239.119094849, 239.61831665, 240.117553711, 240.628387451, 241.127609253, 241.626846313, 242.126068115, 242.625305176, 243.124526978, 243.623764038, 244.12298584, 244.6222229, 245.133056641, 245.620681763, 246.131515503, 246.619140625, 247.129974365, 247.617584229, 248.128433228, 248.627655029, 249.12689209, 249.626113892, 250.125350952, 250.624572754, 251.123809814, 251.623031616, 252.122268677, 252.621490479, 253.120727539, 253.619949341, 254.119186401, 254.618408203, 255.117630005, 255.628479004, 256.127716064, 256.626922607, 257.126159668, 257.625396729, 258.124633789, 258.623840332, 259.123077393, 259.622314453, 260.121551514, 260.620758057, 261.131591797, 261.619232178, 262.118438721, 262.617675781, 263.128509521, 263.627746582, 264.126983643, 264.626220703, 265.125427246, 265.624664307, 266.123901367, 266.623138428, 267.122344971, 267.621582031, 268.120819092, 268.620025635, 269.119262695, 269.618499756, 270.117736816, 270.628570557, 271.127807617, 271.62701416, 272.126251221, 272.625488281, 273.124725342, 273.623931885, 274.123168945, 274.622406006, 275.121612549, 275.620849609, 276.12008667, 276.61932373, 277.118530273, 277.617767334, 278.128601074, 278.627838135, 279.127075195, 279.626312256, 280.125518799, 280.624755859, 281.12399292, 281.62322998, 282.122436523, 282.621673584, 283.120910645, 283.620117188, 284.119354248, 284.618591309, 285.117828369, 285.605438232, 286.069824219, 286.569061279], "beats_loudness": {"dvar2": 0.000514557643328, "var": 0.000523726455867, "min": 0, "dmean": 0.0164676010609, "mean": 0.0392830260098, "max": 0.13810916245, "dmean2": 0.0282491762191, "median": 0.0380263850093, "dvar": 0.000188174526556}, "bpm_histogram_second_peak_weight": {"dvar2": 0, "var": 0, "min": 0.00349650345743, "dmean": 0, "mean": 0.00349650345743, "max": 0.00349650345743, "dmean2": 0, "median": 0.00349650345743, "dvar": 0}, "bpm_histogram_second_peak_spread": {"dvar2": 0, "var": 0, "min": 0.333333313465, "dmean": 0, "mean": 0.333333313465, "max": 0.333333313465, "dmean2": 0, "median": 0.333333313465, "dvar": 0}, "bpm_histogram_second_peak_bpm": {"dvar2": 0, "var": 0, "min": 112, "dmean": 0, "mean": 112, "max": 112, "dmean2": 0, "median": 112, "dvar": 0}, "onset_rate": 5.14755964279}, "lowlevel": {"spectral_energyband_high": {"dvar2": 9.11208462639e-06, "var": 4.80833477923e-06, "min": 7.27302188658e-21, "dmean": 0.00108476320747, "mean": 0.00147853116505, "max": 0.0215254463255, "dmean2": 0.00164719042368, "median": 0.000640066107735, "dvar": 3.7031913962e-06}, "spectral_energyband_middle_low": {"dvar2": 7.9185309005e-05, "var": 9.633020818e-05, "min": 1.62498114199e-22, "dmean": 0.00360165257007, "mean": 0.00875272136182, "max": 0.0895594656467, "dmean2": 0.00571560813114, "median": 0.00556283118203, "dvar": 3.22233099723e-05}, "spectral_energy": {"dvar2": 0.000799008295871, "var": 0.000668824301101, "min": 1.01348196212e-20, "dmean": 0.0111247608438, "mean": 0.0273214280605, "max": 0.187409877777, "dmean2": 0.0172170810401, "median": 0.0215827357024, "dvar": 0.000322903506458}, "spectral_spread": {"dvar2": 2623498878980.0, "var": 8634425671680.0, "min": 1031169.5625, "dmean": 994456.875, "mean": 6561183, "max": 42840652, "dmean2": 1452927.125, "median": 6281265, "dvar": 1291932794880.0}, "spectral_energyband_low": {"dvar2": 0.000676113122609, "var": 0.000311254814733, "min": 1.21671216006e-23, "dmean": 0.00758625240996, "mean": 0.011661728844, "max": 0.131791606545, "dmean2": 0.0122705446556, "median": 0.00340740662068, "dvar": 0.000251629680861}, "spectral_rolloff": {"dvar2": 8019481.5, "var": 8271732.5, "min": 64.599609375, "dmean": 1079.51513672, "mean": 2334.12182617, "max": 20478.0761719, "dmean2": 1849.72021484, "median": 1442.72460938, "dvar": 3474052}, "barkbands": {"dvar2": [3.1240762155e-07, 0.000138037721626, 0.000253122503636, 1.26012755572e-05, 3.48986795871e-05, 1.08801204988e-05, 3.19854075315e-06, 1.27043460907e-06, 1.82819746897e-06, 5.29503449798e-06, 3.42164958056e-06, 3.14907106258e-06, 5.45642706129e-06, 2.14504098039e-06, 2.08862661566e-06, 1.27899886593e-06, 3.95840345391e-07, 5.11138637194e-07, 3.4169173091e-07, 2.11185721355e-07, 2.87749912786e-07, 3.02087073578e-07, 2.31049298804e-07, 3.46436365817e-07, 3.6870019926e-07, 3.71508633634e-07, 2.54689758172e-09], "var": [2.66083219458e-07, 0.000153791086632, 5.87551076023e-05, 6.21764729658e-06, 2.71676999546e-05, 1.61395255418e-05, 4.18395120505e-06, 1.06323000182e-06, 2.73606087831e-06, 9.40595054999e-06, 5.42210773347e-06, 2.12766667573e-06, 6.47227716399e-06, 2.10228654396e-06, 2.1162190933e-06, 1.30185185299e-06, 4.55631180785e-07, 3.95138300746e-07, 1.69852313547e-07, 1.29111739966e-07, 1.36531895123e-07, 1.72859174086e-07, 1.49323952314e-07, 2.58132786257e-07, 1.48864799598e-07, 1.3611918348e-07, 2.11111417237e-09], "min": [9.59506211555e-25, 1.19036389028e-24, 1.6580448111e-24, 9.42991802934e-25, 7.55164474996e-24, 1.07688806344e-23, 1.05022062054e-23, 1.23917773535e-23, 1.89618874441e-23, 1.19570313754e-23, 2.14512784478e-23, 2.34180333245e-23, 2.95445827054e-23, 2.74326632226e-23, 4.53509003109e-23, 3.29544276573e-23, 7.7268894112e-23, 9.45040470761e-23, 1.50601258711e-22, 1.73911934377e-22, 2.46595672296e-22, 3.78061954859e-22, 4.28643488909e-22, 6.00555288549e-22, 8.82588788897e-22, 1.33473881817e-21, 1.95599457418e-21], "dmean": [0.000189495272934, 0.00444320496172, 0.00306082447059, 0.000891589850653, 0.00188711134251, 0.00110945978668, 0.000426606013207, 0.000304939894704, 0.000406559469411, 0.000607930007391, 0.000435506575741, 0.000387084874092, 0.000567882263567, 0.000406122184359, 0.000337264093105, 0.000299029255984, 0.000173919077497, 0.000218965113163, 0.000143507801113, 0.00014268909581, 0.000174190674443, 0.000173308479134, 0.000172212676262, 0.000192712526768, 0.000204525567824, 0.000190313177882, 9.33012870519e-06], "mean": [0.000266374525381, 0.00778676522896, 0.00294392975047, 0.00113968038931, 0.00302228145301, 0.00227736961097, 0.000867524882779, 0.000528606935404, 0.000835978309624, 0.00121057708748, 0.000793577288277, 0.000622177845798, 0.000958302407525, 0.000604298315011, 0.000578924198635, 0.000448279839475, 0.000293673103442, 0.000358766119462, 0.000204297917662, 0.000198724446818, 0.000217737819185, 0.000227130178246, 0.000236162639339, 0.000266923831077, 0.000246690266067, 0.000177415291546, 9.23090465221e-06], "max": [0.00589641882107, 0.111637070775, 0.089855119586, 0.0323091931641, 0.0861658379436, 0.0568644329906, 0.0349852479994, 0.0200712457299, 0.017370229587, 0.0390692800283, 0.0327310748398, 0.0340935923159, 0.0447180941701, 0.0253301523626, 0.0282896868885, 0.0173713881522, 0.0155569212511, 0.00995949376374, 0.0146678918973, 0.00476279715076, 0.00377644691616, 0.00524213211611, 0.00720044923946, 0.00969413015991, 0.00332094775513, 0.00334349484183, 0.000754790089559], "dmean2": [0.000297710328596, 0.00654885452241, 0.0055246646516, 0.00153031561058, 0.00313256378286, 0.00168800621759, 0.000645600841381, 0.000485483527882, 0.000613670388702, 0.000949863344431, 0.000668962369673, 0.000617739395238, 0.000910272821784, 0.000639604520984, 0.000534702383447, 0.000478233851027, 0.000281238229945, 0.000351150141796, 0.000236754640355, 0.000233185477555, 0.000276653794572, 0.000272818288067, 0.00025826485944, 0.000300130603136, 0.000334255746566, 0.00031460201717, 1.56685200636e-05], "median": [3.16508994729e-05, 0.0011399993673, 0.000346086919308, 0.000145451078424, 0.00101022189483, 0.000741103547625, 0.000254134909483, 0.000167245976627, 0.000154832552653, 0.000178581511136, 8.53102901601e-05, 0.000151927873958, 0.000180833914783, 0.000151588494191, 0.000125078717247, 9.36394790187e-05, 8.61473818077e-05, 0.000138168819831, 6.80904049659e-05, 7.34609639039e-05, 8.22151487228e-05, 6.9309695391e-05, 8.74004617799e-05, 0.000101118595921, 0.000104696242488, 4.34163157479e-05, 4.36534463688e-07], "dvar": [1.38160316965e-07, 6.4591775299e-05, 8.99116275832e-05, 4.72529609397e-06, 1.34939236887e-05, 4.95194217365e-06, 1.4347386923e-06, 5.1562670933e-07, 7.91920626853e-07, 2.29377246797e-06, 1.51849280883e-06, 1.24829489323e-06, 2.28785552281e-06, 9.40638983593e-07, 8.51378047173e-07, 5.49937908545e-07, 1.52314498791e-07, 2.03005669164e-07, 1.30868826886e-07, 8.57934523424e-08, 1.14877011015e-07, 1.29378079805e-07, 1.03650314998e-07, 1.52657776198e-07, 1.43620283666e-07, 1.50570770074e-07, 1.25937282824e-09]}, "melbands_skewness": {"dvar2": 2.8300716877, "var": 6.70990753174, "min": -4.55622148514, "dmean": 0.98907828331, "mean": 3.00795722008, "max": 28.412027359, "dmean2": 1.45781135559, "median": 2.46973991394, "dvar": 1.47643554211}, "barkbands_skewness": {"dvar2": 1.41188681126, "var": 3.49522948265, "min": -7.02370738983, "dmean": 0.726185142994, "mean": 1.60054087639, "max": 22.6970443726, "dmean2": 1.04509544373, "median": 1.24174177647, "dvar": 0.771515071392}, "erbbands": {"dvar2": [0.146802544594, 10.2769832611, 325.315765381, 153.68081665, 317.398925781, 523.731384277, 799.483032227, 766.500549316, 663.777648926, 465.983947754, 745.848510742, 846.873168945, 1134.31677246, 9004.83300781, 2658.05249023, 6288.42382812, 8571.95117188, 7347.60595703, 3979.90551758, 7319.26953125, 2080.97436523, 964.659179688, 1356.14624023, 561.357055664, 940.636901855, 569.250793457, 374.817871094, 535.418273926, 379.028503418, 325.861114502, 242.833312988, 139.825485229, 99.3033294678, 58.8351707458, 21.1867389679, 14.4930839539, 0.635422170162, 0.00591972377151, 4.41581942141e-05, 4.27145408821e-07], "var": [0.256287544966, 6.20492744446, 76.6162643433, 60.3798866272, 122.746482849, 516.85534668, 1120.69458008, 1177.87744141, 907.173278809, 674.361328125, 638.50012207, 1132.81445312, 1509.65515137, 15154.8837891, 4759.88818359, 3732.79711914, 10373.5986328, 8622.59179688, 5027.234375, 5432.19677734, 3264.63427734, 1158.86254883, 1213.35791016, 451.285858154, 443.150115967, 330.714324951, 187.600234985, 258.364807129, 233.457763672, 158.078811646, 143.593719482, 99.5930404663, 74.5874176025, 27.3976898193, 6.83191251755, 5.15054893494, 0.241414144635, 0.00232099741697, 4.39056348114e-05, 4.29276781233e-07], "min": [8.08573150847e-23, 8.49377770031e-22, 1.98103940593e-21, 4.16633547371e-21, 1.4069358327e-20, 4.47163822506e-20, 4.2551140062e-20, 1.0535323187e-19, 1.82808595585e-19, 1.62637848047e-19, 2.66915182896e-19, 4.20127023519e-19, 6.30037829983e-19, 7.57963948352e-19, 1.2289664311e-18, 1.24101700506e-18, 1.55286512997e-18, 2.02408965902e-18, 2.73101165219e-18, 2.94958006699e-18, 2.33760393247e-18, 5.62469623005e-18, 4.32856128564e-18, 7.12483004354e-18, 6.44103870863e-18, 9.35499665613e-18, 8.12696266437e-18, 9.88707231335e-18, 1.1803376823e-17, 1.28499745377e-17, 1.26558625449e-17, 1.15129694264e-17, 1.0813063786e-17, 7.39164873065e-18, 6.93258623815e-18, 4.39677183973e-18, 2.35918631543e-18, 1.06057386169e-18, 2.50850172177e-19, 2.70872715446e-20], "dmean": [0.157915264368, 0.959125101566, 3.49824976921, 2.95962119102, 4.9784078598, 6.60341358185, 8.90596199036, 8.41198444366, 5.94660139084, 5.78879022598, 7.1410112381, 8.25233650208, 10.6161165237, 24.7980613708, 14.3089933395, 15.6087141037, 21.6467075348, 23.8058338165, 16.5575637817, 16.6192436218, 14.0265645981, 9.10673713684, 11.7290306091, 6.97479343414, 7.82029628754, 6.78294181824, 6.3493719101, 7.45672369003, 6.4211359024, 5.38149881363, 5.40678405762, 3.8408665657, 3.32335162163, 2.60917258263, 1.41245639324, 1.18917405605, 0.252968758345, 0.0225134622306, 0.00140237098094, 9.80517506832e-05], "mean": [0.264717936516, 1.58917546272, 3.45225071907, 3.79326725006, 5.96114778519, 10.898191452, 17.6238880157, 17.1080341339, 12.3364982605, 12.0744504929, 13.3077726364, 16.7779426575, 21.577829361, 51.2877845764, 30.6172943115, 25.9011726379, 38.6444664001, 39.861114502, 29.0247001648, 26.9888858795, 23.4434719086, 16.365032196, 20.8210639954, 12.1891756058, 10.7129840851, 9.72292709351, 8.24128437042, 8.86674594879, 8.42910671234, 7.04028177261, 7.1173081398, 5.13075256348, 4.7462105751, 3.36099886894, 1.4748775959, 1.08806681633, 0.244619041681, 0.0222189817578, 0.00149699149188, 0.000130216052639], "max": [4.55485248566, 21.9247226715, 90.2594985962, 105.891731262, 170.405807495, 479.932403564, 494.254119873, 678.351013184, 543.40234375, 542.502075195, 560.415893555, 428.932067871, 382.172973633, 1798.08825684, 1053.68591309, 1710.18603516, 1855.44213867, 1837.74353027, 1567.23242188, 1680.58764648, 987.329223633, 705.960388184, 499.681549072, 341.44039917, 648.9375, 289.41607666, 151.713607788, 157.698028564, 204.401138306, 173.652420044, 215.978302002, 166.670074463, 176.869796753, 48.4508476257, 26.6743183136, 20.8566169739, 4.51756620407, 0.903085112572, 0.113310553133, 0.0121592618525], "dmean2": [0.20538893342, 1.54530227184, 6.29206848145, 5.13365077972, 8.60079288483, 10.9014644623, 13.7826919556, 12.8965520859, 9.12028408051, 8.60717773438, 11.396903038, 12.5219869614, 16.2661514282, 37.9323196411, 21.5045967102, 25.0959033966, 34.7848548889, 38.1997566223, 25.5236167908, 26.6040744781, 22.3881244659, 14.5167331696, 18.8289737701, 11.1478347778, 12.964641571, 11.0759487152, 10.268948555, 11.6281137466, 10.1573801041, 8.44715881348, 8.18445777893, 5.94220733643, 5.14442873001, 4.21216392517, 2.35075330734, 1.97394192219, 0.415012598038, 0.03722069785, 0.00227847904898, 0.000155511748744], "median": [0.0244197044522, 0.268346130848, 0.670741796494, 0.697263836861, 1.4741358757, 3.30859541893, 5.45618438721, 5.29549407959, 4.51620817184, 3.59391069412, 4.79709768295, 3.83905982971, 5.26373386383, 8.46144676208, 6.35875558853, 7.036195755, 7.73468971252, 10.1109218597, 7.4559469223, 6.20733356476, 5.5289182663, 5.15481567383, 7.90453147888, 4.62221479416, 3.56306028366, 3.69054985046, 3.37926721573, 2.76054811478, 2.71189308167, 2.17529201508, 2.59920358658, 1.82626771927, 1.92013597488, 1.44528841972, 0.548505544662, 0.266946136951, 0.0616684705019, 0.00456793187186, 0.000169058184838, 4.6190332796e-05], "dvar": [0.0951508134604, 3.8951613903, 115.429367065, 56.6690673828, 117.846046448, 207.878585815, 365.75201416, 359.073425293, 295.764160156, 222.622177124, 300.706604004, 366.526702881, 477.421020508, 4033.03808594, 1184.85375977, 2470.7109375, 3578.12719727, 2931.26416016, 1854.4354248, 2949.83154297, 924.490966797, 386.490386963, 532.952270508, 223.489532471, 360.595092773, 226.939407349, 149.06930542, 220.311599731, 170.056228638, 127.203033447, 106.199996948, 61.1598701477, 43.400894165, 23.181854248, 8.04214859009, 5.8162522316, 0.25884065032, 0.00233124964871, 2.39121654886e-05, 2.28489000165e-07]}, "silence_rate_30dB": {"dvar2": 0.0234615486115, "var": 0.00602876581252, "min": 0, "dmean": 0.00889607798308, "mean": 0.993934988976, "max": 1, "dmean2": 0.0177935939282, "median": 1, "dvar": 0.00881662871689}, "melbands_spread": {"dvar2": 646.762939453, "var": 837.256103516, "min": 0.311746388674, "dmean": 11.1913537979, "mean": 30.7760028839, "max": 280.197875977, "dmean2": 17.7276058197, "median": 24.4646453857, "dvar": 306.351348877}, "melbands_crest": {"dvar2": 30.3411979675, "var": 47.4610862732, "min": 1.00344789028, "dmean": 3.74282121658, "mean": 15.3546180725, "max": 34.3083839417, "dmean2": 5.94058084488, "median": 14.0787601471, "dvar": 13.8987464905}, "zerocrossingrate": {"dvar2": 0.000533237645868, "var": 0.00434810109437, "min": 0.00244140625, "dmean": 0.019515177235, "mean": 0.0902042910457, "max": 0.607421875, "dmean2": 0.0218599457294, "median": 0.07763671875, "dvar": 0.000451857747976}, "barkbands_kurtosis": {"dvar2": 313.715393066, "var": 495.056243896, "min": -1.94447302818, "dmean": 4.89138174057, "mean": 6.50719738007, "max": 649.158691406, "dmean2": 6.95592737198, "median": 1.36173772812, "dvar": 192.370941162}, "spectral_flux": {"dvar2": 0.00316868466325, "var": 0.00342242443003, "min": 6.43300551717e-11, "dmean": 0.0317016020417, "mean": 0.0812014043331, "max": 0.382287293673, "dmean2": 0.0504956617951, "median": 0.0703971013427, "dvar": 0.00151529186405}, "barkbands_crest": {"dvar2": 14.0954418182, "var": 28.1808872223, "min": 2.16398358345, "dmean": 2.76185846329, "mean": 10.8252735138, "max": 26.0924777985, "dmean2": 4.12740850449, "median": 9.56607437134, "dvar": 6.83640146255}, "barkbands_flatness_db": {"dvar2": 0.00144553359132, "var": 0.00332075404003, "min": 0.0205858051777, "dmean": 0.0261042006314, "mean": 0.123474821448, "max": 0.407111048698, "dmean2": 0.0382350198925, "median": 0.111709460616, "dvar": 0.000637726741843}, "spectral_entropy": {"dvar2": 0.130893722177, "var": 0.205461710691, "min": 5.4430975914, "dmean": 0.227407440543, "mean": 7.80164718628, "max": 9.81924629211, "dmean2": 0.336094647646, "median": 7.83095502853, "dvar": 0.0608369000256}, "pitch_salience": {"dvar2": 0.0166761912405, "var": 0.0217370167375, "min": 0.0354702845216, "dmean": 0.0815685614944, "mean": 0.517664909363, "max": 0.996037244797, "dmean2": 0.126876309514, "median": 0.529844522476, "dvar": 0.00705403089523}, "erbbands_spread": {"dvar2": 390.885864258, "var": 658.60534668, "min": 1.1624392271, "dmean": 12.60389328, "mean": 46.7274093628, "max": 175.679824829, "dmean2": 18.941532135, "median": 42.1585769653, "dvar": 182.854507446}, "dynamic_complexity": 4.70312261581, "spectral_contrast_valleys": {"dvar2": [0.470022290945, 0.252525448799, 0.276709705591, 0.3821182549, 0.470006257296, 0.552409589291], "var": [3.11974167824, 2.64005684853, 2.57637572289, 2.57922768593, 2.72503423691, 3.0079460144], "min": [-28.1229572296, -27.9038257599, -27.7873973846, -27.6191959381, -27.4909210205, -27.3684825897], "dmean": [0.450416326523, 0.34123301506, 0.346496611834, 0.38223233819, 0.404741793871, 0.457449316978], "mean": [-7.71702003479, -7.31018972397, -7.74314832687, -8.02473640442, -7.90120983124, -9.75201511383], "max": [-5.22919654846, -5.10269212723, -5.26298141479, -5.33648967743, -5.5013999939, -7.4112033844], "dmean2": [0.700740993023, 0.549339532852, 0.540658473969, 0.579910576344, 0.592453539371, 0.612203299999], "median": [-7.49718952179, -7.07397079468, -7.55555152893, -7.82817649841, -7.59945487976, -9.39301967621], "dvar": [0.225196003914, 0.109985865653, 0.129441738129, 0.183372572064, 0.235085695982, 0.274740725756]}, "hfc": {"dvar2": 1010.79748535, "var": 756.346740723, "min": 1.07369671401e-16, "dmean": 12.4182491302, "mean": 25.2919063568, "max": 234.356048584, "dmean2": 18.7590503693, "median": 16.8424949646, "dvar": 411.366241455}, "spectral_kurtosis": {"dvar2": 10.6328887939, "var": 9.72410106659, "min": -1.26572847366, "dmean": 1.36529326439, "mean": 3.20068788528, "max": 43.9065895081, "dmean2": 2.12855386734, "median": 2.55458784103, "dvar": 4.29473638535}, "mfcc": {"mean": [-655.048461914, 97.7459030151, 13.7590770721, 9.7647485733, 10.0776491165, 7.71854925156, 3.01710677147, 2.20201635361, -1.70663905144, -2.18403792381, -0.372597575188, -0.874332547188, -0.694529831409], "cov": [[10441.1953125, -412.596191406, 49.8243484497, -20.4270896912, 40.8295478821, 46.7203178406, 117.704147339, 91.6189117432, 54.6548309326, -33.594909668, 70.5534133911, -101.494689941, -228.157791138], [-412.596191406, 1262.2442627, -244.62878418, -90.9561386108, 67.243812561, -22.6717090607, 51.7766265869, 65.5439453125, 18.8286457062, -3.43809318542, 43.0414772034, 4.79284191132, 26.027299881], [49.8243484497, -244.62878418, 866.161743164, 108.072898865, 42.4309387207, 84.8782272339, 3.81226181984, -18.8344211578, 30.6103439331, -12.8091726303, -15.9899139404, 45.0603752136, -14.0681524277], [-20.4270896912, -90.9561386108, 108.072898865, 396.871887207, 96.9783554077, 73.6096420288, -32.8908195496, 6.18975543976, 48.7742424011, 12.9193582535, -19.4327201843, 26.1655044556, 32.280620575], [40.8295478821, 67.243812561, 42.4309387207, 96.9783554077, 285.598968506, 26.6380615234, -26.1874237061, 11.4690341949, 28.9130554199, -3.70477342606, -10.3791456223, 11.6282682419, 12.2895078659], [46.7203178406, -22.6717090607, 84.8782272339, 73.6096420288, 26.6380615234, 236.394271851, 73.2212371826, 52.0781326294, 56.0200271606, 36.4985122681, 39.9411506653, 39.71352005, 10.5788087845], [117.704147339, 51.7766265869, 3.81226181984, -32.8908195496, -26.1874237061, 73.2212371826, 193.52494812, 69.1852340698, 14.311507225, 38.5487480164, 62.785282135, 26.0153808594, 0.0866838917136], [91.6189117432, 65.5439453125, -18.8344211578, 6.18975543976, 11.4690341949, 52.0781326294, 69.1852340698, 153.001022339, 66.1461715698, 36.8756484985, 42.8138160706, 28.3087291718, 19.3884963989], [54.6548309326, 18.8286457062, 30.6103439331, 48.7742424011, 28.9130554199, 56.0200271606, 14.311507225, 66.1461715698, 150.466598511, 57.1683235168, 23.4372596741, 28.5083446503, 32.6876068115], [-33.594909668, -3.43809318542, -12.8091726303, 12.9193582535, -3.70477342606, 36.4985122681, 38.5487480164, 36.8756484985, 57.1683235168, 122.592430115, 47.9654350281, 24.5154247284, 19.8590488434], [70.5534133911, 43.0414772034, -15.9899139404, -19.4327201843, -10.3791456223, 39.9411506653, 62.785282135, 42.8138160706, 23.4372596741, 47.9654350281, 128.484970093, 46.6399765015, -0.140951320529], [-101.494689941, 4.79284191132, 45.0603752136, 26.1655044556, 11.6282682419, 39.71352005, 26.0153808594, 28.3087291718, 28.5083446503, 24.5154247284, 46.6399765015, 103.163543701, 38.7728233337], [-228.157791138, 26.027299881, -14.0681524277, 32.280620575, 12.2895078659, 10.5788087845, 0.0866838917136, 19.3884963989, 32.6876068115, 19.8590488434, -0.140951320529, 38.7728233337, 107.092674255]], "icov": [[0.00010545746045, 4.29815991083e-05, 7.68668996898e-06, -3.38105246556e-06, -3.50397494913e-05, 1.55717298185e-05, -6.47108463454e-05, -5.47482304682e-05, -9.6064301033e-05, 8.5116160335e-05, -7.66898083384e-05, 9.09068621695e-05, 0.000209227888263], [4.29815991083e-05, 0.000922465405893, 0.000231135985814, 0.000194936073967, -0.000333628297085, 0.000120831653476, -0.000223644950893, -0.000248136901064, -0.000162522745086, 0.000325897097355, -0.000279563944787, 0.000111508205009, -0.000141128781252], [7.68668996898e-06, 0.000231135985814, 0.00136359862518, -0.00018290731532, -0.000130944594275, -0.000326089299051, -0.000190726219444, 0.000342252402334, -0.000380853743991, 0.000329033209709, 0.000365149433492, -0.000792302889749, 0.000522458343767], [-3.38105246556e-06, 0.000194936073967, -0.00018290731532, 0.00320026976988, -0.000864372588694, -0.000902949948795, 0.000634783995338, 6.77556308801e-05, -0.000439095892943, -0.000175883382326, 0.000546485942323, -0.000345580192516, -0.000575172598474], [-3.50397494913e-05, -0.000333628297085, -0.000130944594275, -0.000864372588694, 0.00404830928892, -0.00025760664721, 0.000635129224975, -0.000242898444412, -0.000361769780284, 0.000262142217252, 0.000224580304348, -0.000261099805357, 1.07545656647e-05], [1.55717298185e-05, 0.000120831653476, -0.000326089299051, -0.000902949948795, -0.00025760664721, 0.00586410425603, -0.0019466226222, -0.000365899206372, -0.00128382118419, -0.000108772190288, -0.000404860416893, -0.000872124452144, 0.000478507165099], [-6.47108463454e-05, -0.000223644950893, -0.000190726219444, 0.000634783995338, 0.000635129224975, -0.0019466226222, 0.007956340909, -0.00280052190647, 0.00172317156103, -0.00120232591871, -0.00198551802896, 1.23100635392e-05, 1.00052475318e-05], [-5.47482304682e-05, -0.000248136901064, 0.000342252402334, 6.77556308801e-05, -0.000242898444412, -0.000365899206372, -0.00280052190647, 0.0101259276271, -0.00378923653625, 0.000275093130767, -0.000977543648332, -0.000495950400364, -0.00051491393242], [-9.6064301033e-05, -0.000162522745086, -0.000380853743991, -0.000439095892943, -0.000361769780284, -0.00128382118419, 0.00172317156103, -0.00378923653625, 0.010821506381, -0.00391443632543, 0.000358540506568, -0.000245785922743, -0.00171755661722], [8.5116160335e-05, 0.000325897097355, 0.000329033209709, -0.000175883382326, 0.000262142217252, -0.000108772190288, -0.00120232591871, 0.000275093130767, -0.00391443632543, 0.011835033074, -0.00345031172037, 0.000425092352089, -0.00102811364923], [-7.66898083384e-05, -0.000279563944787, 0.000365149433492, 0.000546485942323, 0.000224580304348, -0.000404860416893, -0.00198551802896, -0.000977543648332, 0.000358540506568, -0.00345031172037, 0.0126737244427, -0.00540358899161, 0.00248403567821], [9.09068621695e-05, 0.000111508205009, -0.000792302889749, -0.000345580192516, -0.000261099805357, -0.000872124452144, 1.23100635392e-05, -0.000495950400364, -0.000245785922743, 0.000425092352089, -0.00540358899161, 0.015028340742, -0.00507936673239], [0.000209227888263, -0.000141128781252, 0.000522458343767, -0.000575172598474, 1.07545656647e-05, 0.000478507165099, 1.00052475318e-05, -0.00051491393242, -0.00171755661722, -0.00102811364923, 0.00248403567821, -0.00507936673239, 0.0126616237685]]}, "silence_rate_20dB": {"dvar2": 0, "var": 0, "min": 1, "dmean": 0, "mean": 1, "max": 1, "dmean2": 0, "median": 1, "dvar": 0}, "melbands_kurtosis": {"dvar2": 1518.6706543, "var": 2982.76660156, "min": -1.86571931839, "dmean": 12.4954442978, "mean": 21.9195365906, "max": 1156.15905762, "dmean2": 18.2850227356, "median": 7.54568958282, "dvar": 950.629577637}, "barkbands_spread": {"dvar2": 314.821105957, "var": 334.062957764, "min": 0.393771499395, "dmean": 10.0635461807, "mean": 29.7578315735, "max": 115.797393799, "dmean2": 15.7533197403, "median": 26.6592216492, "dvar": 134.493286133}, "erbbands_skewness": {"dvar2": 0.430812776089, "var": 0.775416433811, "min": -4.82978010178, "dmean": 0.417284160852, "mean": 0.291784912348, "max": 4.91702795029, "dmean2": 0.630808055401, "median": 0.256034493446, "dvar": 0.197491034865}, "average_loudness": 0.653876245022, "spectral_centroid": {"dvar2": 387481.5625, "var": 894210.9375, "min": 150.256942749, "dmean": 338.025146484, "mean": 1546.42260742, "max": 11888.0947266, "dmean2": 532.039428711, "median": 1402.87353516, "dvar": 175845.75}, "dissonance": {"dvar2": 0.000866112008225, "var": 0.000777650740929, "min": 0.255806952715, "dmean": 0.0176230873913, "mean": 0.463773518801, "max": 0.500000059605, "dmean2": 0.0289937350899, "median": 0.470651447773, "dvar": 0.000330050941557}, "erbbands_flatness_db": {"dvar2": 0.000919506768696, "var": 0.00200763181783, "min": 0.0310419630259, "dmean": 0.0207329690456, "mean": 0.132808998227, "max": 0.421668559313, "dmean2": 0.030067237094, "median": 0.124780900776, "dvar": 0.000453532062238}, "spectral_strongpeak": {"dvar2": 2.21863603592, "var": 1.85890054703, "min": 0, "dmean": 0.504840552807, "mean": 0.940916240215, "max": 11.9019184113, "dmean2": 0.853426873684, "median": 0.455505907536, "dvar": 0.915036439896}, "spectral_rms": {"dvar2": 3.21394054481e-06, "var": 6.26299197393e-06, "min": 3.14446016968e-12, "dmean": 0.000940617115702, "mean": 0.0045157559216, "max": 0.0135217942297, "dmean2": 0.0013806570787, "median": 0.00458871759474, "dvar": 1.46049239902e-06}, "silence_rate_60dB": {"dvar2": 0.096768938005, "var": 0.134931653738, "min": 0, "dmean": 0.047877073288, "mean": 0.160763382912, "max": 1, "dmean2": 0.0957618877292, "median": 0, "dvar": 0.045591853559}, "melbands": {"dvar2": [8.82035328686e-06, 5.78539256821e-05, 4.4488479034e-06, 2.1118028144e-06, 7.75800117481e-07, 3.479959787e-07, 1.45511350524e-07, 4.57867344039e-08, 4.70941152741e-08, 3.60931515786e-08, 3.35632641679e-08, 1.58534973593e-07, 5.349983212e-08, 1.96494784888e-08, 1.08155767009e-07, 3.95684196519e-08, 2.41944349e-08, 1.25953381058e-08, 1.26882993001e-08, 1.08155520095e-08, 2.8345727987e-09, 8.73004946111e-10, 1.66621816344e-09, 1.78777415094e-09, 3.79359432756e-10, 7.76749831122e-10, 3.52978063445e-10, 2.62650096117e-10, 1.44427747539e-10, 2.45708675628e-10, 1.77539191681e-10, 1.63675406561e-10, 8.22497764341e-11, 9.22475568155e-11, 1.113820286e-10, 4.21078831525e-11, 6.48826617433e-11, 5.60262634897e-11, 4.64335930817e-11, 4.76885614331e-11], "var": [1.46114498421e-05, 1.522565708e-05, 1.71226633938e-06, 1.3556242493e-06, 1.08168558199e-06, 5.42184466212e-07, 2.04345582233e-07, 6.17344113607e-08, 4.32469065004e-08, 4.89240932211e-08, 4.39571827826e-08, 2.7915012879e-07, 1.00884065546e-07, 2.53018335172e-08, 6.81164635807e-08, 4.91330780505e-08, 2.51696850029e-08, 1.45599639012e-08, 1.26044366056e-08, 7.60311547054e-09, 4.21249302107e-09, 8.49449233176e-10, 1.98133731644e-09, 1.46396816891e-09, 2.48076420517e-10, 3.36987160399e-10, 1.79274067813e-10, 1.51437834495e-10, 7.93791976594e-11, 8.70789690355e-11, 8.96167792752e-11, 8.81773196126e-11, 5.03325818524e-11, 4.46833854639e-11, 6.04767833035e-11, 3.0800730022e-11, 4.45994664811e-11, 4.30051480538e-11, 2.72990362954e-11, 1.95644507539e-11], "min": [7.40471240522e-25, 1.41416806782e-24, 1.1712426908e-24, 1.94403706318e-24, 1.36896190061e-24, 2.85687120674e-24, 2.77780722808e-24, 1.5452590009e-24, 2.08461286535e-24, 2.76504503636e-24, 3.12198408559e-24, 2.95045180378e-24, 2.93086064041e-24, 2.86311188536e-24, 1.97144426039e-24, 3.62755044582e-24, 3.16815414222e-24, 3.48190502904e-24, 2.98074603469e-24, 1.60886978607e-24, 2.86016509545e-24, 4.40741597014e-24, 4.362547534e-24, 3.73218298413e-24, 5.1947101976e-24, 4.88677282122e-24, 4.27427281541e-24, 5.86097422954e-24, 4.48638015789e-24, 4.89101373745e-24, 5.68423309917e-24, 5.90593654013e-24, 5.39448291096e-24, 6.08960426368e-24, 6.51361739466e-24, 6.10428654284e-24, 6.71765863438e-24, 6.90123603336e-24, 6.97130029237e-24, 5.27515428841e-24], "dmean": [0.00123884819914, 0.00160978594795, 0.000548400974367, 0.000438404444139, 0.00029073364567, 0.000188084493857, 9.13608892006e-05, 6.22603984084e-05, 5.76836027903e-05, 5.51936791453e-05, 5.84212029935e-05, 0.000104316073703, 5.87761860515e-05, 3.85122111766e-05, 5.45001239516e-05, 5.33181373612e-05, 4.30214022344e-05, 2.81312150037e-05, 2.31145149883e-05, 2.2995942345e-05, 1.6435782527e-05, 8.79177696333e-06, 1.14341783046e-05, 1.25826372823e-05, 5.20688035976e-06, 6.11904806647e-06, 5.57257453693e-06, 4.41011707153e-06, 4.0270788304e-06, 4.29810688729e-06, 4.42839609605e-06, 4.03822832595e-06, 2.95720451504e-06, 2.89513377538e-06, 3.51021708411e-06, 2.35642119151e-06, 2.44569696406e-06, 2.34518915931e-06, 2.33379341807e-06, 2.27943451137e-06], "mean": [0.00223624589853, 0.00191812391859, 0.000702873570845, 0.00061914336402, 0.00058984325733, 0.0003855782561, 0.000189861850231, 0.000125109931105, 0.000107423482405, 0.000111278306576, 0.000111781555461, 0.000215247651795, 0.000117201787361, 6.80823723087e-05, 8.03601942607e-05, 9.24679479795e-05, 6.73794056638e-05, 4.42637719971e-05, 3.99271193601e-05, 3.1944593502e-05, 2.57162173511e-05, 1.43671159094e-05, 1.93313589989e-05, 2.01511538762e-05, 8.23169193609e-06, 8.188