{"tonal": {"thpcp": [1, 0.476174592972, 0.12365809083, 0.13366086781, 0.283215761185, 0.739432692528, 0.943995416164, 0.508904933929, 0.154582619667, 0.078058257699, 0.0506772249937, 0.121184587479, 0.181414991617, 0.165650770068, 0.366024434566, 0.562375664711, 0.329477399588, 0.0804075822234, 0.0397945381701, 0.0502273999155, 0.180796816945, 0.275506407022, 0.154629066586, 0.0478540994227, 0.0375007763505, 0.0727535411716, 0.310036450624, 0.393522590399, 0.177404135466, 0.110359832644, 0.132074162364, 0.0825587585568, 0.0485921725631, 0.0488045662642, 0.171674281359, 0.738111555576], "hpcp": {"dmean2": [0.191338211298, 0.184010252357, 0.109929576516, 0.128906205297, 0.236046001315, 0.272966235876, 0.227661550045, 0.249833375216, 0.12485537678, 0.0641431882977, 0.048630438745, 0.0660042390227, 0.0860868021846, 0.117707163095, 0.141073763371, 0.128035858274, 0.123769521713, 0.0638716369867, 0.0338760018349, 0.04102820158, 0.0662397742271, 0.0782249569893, 0.0568370707333, 0.0366952680051, 0.0300201848149, 0.041208781302, 0.0786002799869, 0.087550021708, 0.0665934756398, 0.0545587725937, 0.0408149622381, 0.0466744042933, 0.0337795130908, 0.0354549996555, 0.119051292539, 0.191135928035], "median": [0.110604077578, 0.047066822648, 0.00215490162373, 0.000938261626288, 0.00340144708753, 0.0383656099439, 0.0541747137904, 0.0307110641152, 0.00415582489222, 0.00125532201491, 0.00135512789711, 0.00501876603812, 0.00749222654849, 0.00571547076106, 0.00809754617512, 0.0114907957613, 0.0100267082453, 0.00324921729043, 0.00123991910368, 0.0012031767983, 0.00667340122163, 0.0125988330692, 0.00882100127637, 0.0014526755549, 0.000649451045319, 0.00271214311942, 0.0185701586306, 0.0245025381446, 0.0121812494472, 0.0014905652497, 0.000859595602378, 0.000611674156971, 0.000946007668972, 0.000948227359913, 0.00518617779016, 0.0601281002164], "min": [0, 0, 0, 0, 0, 0, 0, 0, 0, 0, 0, 0, 0, 0, 0, 0, 0, 0, 0, 0, 0, 0, 0, 0, 0, 0, 0, 0, 0, 0, 0, 0, 0, 0, 0, 0], "dvar2": [0.0953814312816, 0.088322147727, 0.0769585743546, 0.0995267853141, 0.165316924453, 0.163632169366, 0.139815554023, 0.154426112771, 0.0866577029228, 0.0480897799134, 0.0339946486056, 0.0395966432989, 0.0470888055861, 0.0781799703836, 0.0768423452973, 0.0697361901402, 0.0598784722388, 0.0304647218436, 0.0142411487177, 0.0164062026888, 0.0275268834084, 0.0306600835174, 0.0182528104633, 0.0178357474506, 0.0138990832493, 0.0130203450099, 0.0257989186794, 0.0288378223777, 0.0222513116896, 0.0300531052053, 0.0191352032125, 0.0304619185627, 0.0178401302546, 0.0168937072158, 0.0599559210241, 0.095411464572], "dvar": [0.0398354530334, 0.0327028669417, 0.0264734458178, 0.0333350338042, 0.0565204024315, 0.0607177130878, 0.0521785877645, 0.0544308871031, 0.0308047048748, 0.0172636508942, 0.0115260193124, 0.0136095024645, 0.0174698997289, 0.0275274459273, 0.0293672047555, 0.0292675495148, 0.0226112306118, 0.0106425648555, 0.0048879631795, 0.00565570546314, 0.0108441477641, 0.0133863287047, 0.00711459293962, 0.00654528243467, 0.00520285824314, 0.00504827452824, 0.0108893755823, 0.0136972274631, 0.0087176002562, 0.0105045596138, 0.00798935443163, 0.0104492716491, 0.00656032562256, 0.00619809795171, 0.020929262042, 0.0360798537731], "dmean": [0.111263103783, 0.109995491803, 0.0591643825173, 0.068224221468, 0.129038140178, 0.157193437219, 0.128717660904, 0.144392818213, 0.0671044588089, 0.0344394668937, 0.025925308466, 0.037302095443, 0.0494655333459, 0.064441524446, 0.0840243846178, 0.0762743353844, 0.0741231068969, 0.0353231579065, 0.0183213762939, 0.0227334536612, 0.0406588800251, 0.049259878695, 0.0347255505621, 0.0203171018511, 0.0163478329778, 0.0244189687073, 0.0503150299191, 0.0567664168775, 0.0414525270462, 0.0309035833925, 0.0242597404867, 0.0262301620096, 0.0188417322934, 0.0197462961078, 0.0672297030687, 0.114080883563], "max": [1, 1, 1, 1, 1, 1, 1, 1, 1, 1, 1, 1, 1, 1, 1, 1, 1, 1, 1, 1, 1, 1, 1, 1, 1, 1, 1, 1, 1, 1, 1, 1, 1, 1, 1, 1], "var": [0.170075699687, 0.0558481216431, 0.0197550375015, 0.0237530041486, 0.0484299510717, 0.125652089715, 0.172150373459, 0.0763458162546, 0.0244835298508, 0.012891471386, 0.00680377008393, 0.0129327885807, 0.0250072181225, 0.0234455410391, 0.0583116337657, 0.119468979537, 0.0460686571896, 0.00748028047383, 0.00309230294079, 0.00413883524016, 0.020270653069, 0.0403099022806, 0.0134569043294, 0.00601788563654, 0.00499109784141, 0.00622415076941, 0.0459980107844, 0.0680831000209, 0.016130592674, 0.0178823806345, 0.030394744128, 0.0132609140128, 0.00606181239709, 0.00557350274175, 0.0186438243836, 0.116189159453], "mean": [0.35838791728, 0.170655220747, 0.0443175658584, 0.0479024425149, 0.101501107216, 0.265003740788, 0.338316559792, 0.182385370135, 0.0554005429149, 0.0279751364142, 0.0181621052325, 0.0434310920537, 0.0650169402361, 0.05936723575, 0.131178736687, 0.201548650861, 0.118080720305, 0.0288171060383, 0.0142618818209, 0.0180008932948, 0.064795397222, 0.0987381637096, 0.0554171875119, 0.0171503312886, 0.013439825736, 0.0260739903897, 0.111113317311, 0.141033738852, 0.0635794997215, 0.0395516306162, 0.0473337844014, 0.0295880623162, 0.0174148473889, 0.0174909662455, 0.0615259893239, 0.264530271292]}, "tuning_equal_tempered_deviation": 0.0394942723215, "chords_changes_rate": 0.0431492850184, "key_key": "D", "tuning_diatonic_strength": 0.61396676302, "key_scale": "major", "chords_number_rate": 0.0026584865991, "tuning_frequency": 441.017791748, "tuning_nontempered_energy_ratio": 0.668468117714, "chords_histogram": [13.7218818665, 3.33333325386, 30.2453994751, 0, 5.68507146835, 1.12474441528, 6.97341489792, 0.0204498972744, 1.39059305191, 0.224948868155, 0.245398774743, 1.0838445425, 0.184049084783, 0, 0.184049084783, 0.0408997945487, 2.26993870735, 0.65439671278, 0.817995905876, 1.02249491215, 0, 2.78118610382, 6.89161539078, 21.1042938232], "key_strength": 0.655436217785, "chords_key": "A", "chords_strength": {"dmean2": 0.00622064014897, "median": 0.537085413933, "min": -1, "dvar2": 0.000921449158341, "dvar": 0.00046426296467, "dmean": 0.00746644614264, "max": 0.790429532528, "var": 0.0228669755161, "mean": 0.531251788139}, "chords_scale": "major", "hpcp_entropy": {"dmean2": 0.766840219498, "median": 1.70514678955, "min": 0, "dvar2": 0.453549057245, "dvar": 0.172867566347, "dmean": 0.456004202366, "max": 4.14245414734, "var": 0.488238155842, "mean": 1.69975578785}}, "metadata": {"audio_properties": {"equal_loudness": 0, "codec": "flac", "downmix": "mix", "sample_rate": 44100, "analysis_sample_rate": 44100, "bit_rate": 0, "md5_encoded": "13c6023e9296c36a959be62e8e559f56", "length": 227.026672363, "replay_gain": -3.56443786621, "lossless": true}, "version": {"essentia_build_sha": "70f2e5ece6736b2c40cc944ad0e695b16b925413", "essentia": "2.1-beta2", "extractor": "music 1.0", "essentia_git_sha": "v2.1_beta2"}, "tags": {"title": ["Theme From Southern Comfort"], "barcode": ["093624598725"], "media": ["CD"], "albumartist": ["Ry Cooder"], "tracktotal": ["18"], "musicbrainz_releasegroupid": ["19d51589-051a-3795-a026-6e9a96e2e5c0"], "releasetype": ["album", "compilation", "soundtrack"], "musicbrainz_recordingid": ["1fcbe490-c495-4d33-8219-100d84f776c3"], "composer": ["Ry Cooder"], "musicbrainz_discid": ["6xcS5uaFTwvARDEJSXGhCCyrbZc-"], "musicbrainz_albumartistid": ["a4e2650b-938b-4b72-95bc-6e229cd34601"], "musicbrainz_releasetrackid": ["57fbd8d3-909b-3c6f-9d7c-a370f097315c"], "discnumber": ["1"], "totaldiscs": ["2"], "catalognumber": ["9 45987-2"], "releasecountry": ["US"], "file_name": "02_Theme_From_Southern_Comfort.flac", "originaldate": ["1995-07-11"], "albumartistsort": ["Cooder, Ry"], "date": ["1995-07-11"], "genre": ["Soundtrack"], "disctotal": ["2"], "musicbrainz_artistid": ["a4e2650b-938b-4b72-95bc-6e229cd34601"], "asin": ["B000002N0X"], "musicbrainz_albumid": ["b2a2a6cf-1c60-45e3-9616-ddd97e7b1218"], "artist": ["Ry Cooder"], "tracknumber": ["2"], "artistsort": ["Cooder, Ry"], "album": ["Music by Ry Cooder"], "label": ["Warner Bros. Records"], "releasestatus": ["official"], "acoustid_id": ["99d920d2-8f30-4d6c-a8f6-1cb2088bdf19"], "script": ["Latn"], "totaltracks": ["18"]}}, "rhythm": {"bpm_histogram_first_peak_bpm": {"dmean2": 0, "median": 172, "min": 172, "dvar2": 0, "dvar": 0, "dmean": 0, "max": 172, "var": 0, "mean": 172}, "bpm": 172.265426636, "bpm_histogram_second_peak_spread": {"dmean2": 0, "median": 0, "min": 0, "dvar2": 0, "dvar": 0, "dmean": 0, "max": 0, "var": 0, "mean": 0}, "bpm_histogram_first_peak_weight": {"dmean2": 0, "median": 0.481832534075, "min": 0.481832534075, "dvar2": 0, "dvar": 0, "dmean": 0, "max": 0.481832534075, "var": 0, "mean": 0.481832534075}, "onset_rate": 2.54575395584, "beats_position": [0.476009070873, 0.952018141747, 1.43963718414, 1.92725622654, 2.41487526894, 2.90249419212, 3.29723358154, 3.69197273254, 4.08671188354, 4.5046710968, 4.92263031006, 5.32897949219, 5.73532867432, 6.15328788757, 6.57124710083, 7.00081634521, 7.41877555847, 7.80190467834, 8.17342376709, 8.55655288696, 8.93968200684, 9.33442115784, 9.71755123138, 10.1122903824, 10.4954195023, 10.866938591, 11.2384576797, 11.6215867996, 12.0047159195, 12.387845993, 12.7709751129, 13.1541042328, 13.5488433838, 13.9435825348, 14.3151016235, 14.6750106812, 15.0465307236, 15.4064397812, 15.7663488388, 16.1378688812, 16.5558280945, 16.9737873077, 17.391746521, 17.8097057343, 18.1696147919, 18.5179138184, 18.877822876, 19.2261219025, 19.574420929, 19.9227199554, 20.2710208893, 20.6193199158, 20.9676189423, 21.3159179688, 21.6526069641, 21.9892959595, 22.3375968933, 22.6858959198, 23.0341949463, 23.3824939728, 23.7307929993, 24.102312088, 24.4738311768, 24.8337402344, 25.2052612305, 25.553560257, 25.9134693146, 26.2617683411, 26.5984573364, 26.9467563629, 27.2950553894, 27.6433563232, 27.9916553497, 28.3283443451, 28.6650333405, 29.0017223358, 29.3384113312, 29.6751022339, 30.0117912292, 30.3600902557, 30.7199993134, 31.079908371, 31.5094776154, 31.9506568909, 32.3686180115, 32.7169151306, 33.0768241882, 33.4367332458, 33.7966423035, 34.1565513611, 34.5048522949, 34.8531494141, 35.2014503479, 35.572971344, 35.9328804016, 36.2811775208, 36.6294784546, 36.9893875122, 37.3492965698, 37.7092056274, 38.0458946228, 38.3941955566, 38.7424926758, 39.1140136719, 39.4739227295, 39.8338317871, 40.1937408447, 40.5536499023, 40.91355896, 41.2618598938, 41.6217689514, 41.981678009, 42.3415870667, 42.7014961243, 43.0614051819, 43.3980941772, 43.7347831726, 44.071472168, 44.3965530396, 44.7332420349, 45.0699310303, 45.4182319641, 45.7549209595, 46.1032180786, 46.4515190125, 46.7998161316, 47.1597251892, 47.5196380615, 47.8795471191, 48.2394561768, 48.5993652344, 48.9476623535, 49.2959632874, 49.6442604065, 49.9925613403, 50.3408622742, 50.6891593933, 51.0490684509, 51.3973693848, 51.7572784424, 52.1171875, 52.4654884338, 52.813785553, 53.1620864868, 53.510383606, 53.8702926636, 54.2185935974, 54.5668907166, 54.9035835266, 55.240272522, 55.5769615173, 55.9136505127, 56.2503395081, 56.5870285034, 56.9353294373, 57.2836265564, 57.6203155518, 57.9453964233, 58.305305481, 58.6768226624, 59.0251235962, 59.37342453, 59.7217216492, 60.070022583, 60.4183197021, 60.7782287598, 61.1381378174, 61.4864387512, 61.8347396851, 62.1830368042, 62.5197257996, 62.8564147949, 63.2047157288, 63.5530128479, 63.9013137817, 64.2496109009, 64.5979156494, 64.9462127686, 65.3177337646, 65.6660308838, 66.0143280029, 66.3626327515, 66.7109298706, 67.0592269897, 67.4075241089, 67.7558288574, 68.0925140381, 68.4292068481, 68.7775039673, 69.1258010864, 69.474105835, 69.8224029541, 70.1707000732, 70.5073928833, 70.844078064, 71.180770874, 71.5406799316, 71.8889770508, 72.2372741699, 72.5855789185, 72.9454879761, 73.3053970337, 73.6536941528, 74.001991272, 74.3502960205, 74.6869812012, 75.0352783203, 75.3719711304, 75.731880188, 76.0917892456, 76.4400863647, 76.7883911133, 77.1483001709, 77.49659729, 77.8448944092, 78.1931991577, 78.5531082153, 78.9014053345, 79.2497024536, 79.5979995728, 79.9463043213, 80.2946014404, 80.6312942505, 80.9679794312, 81.3162765503, 81.6529693604, 81.9896621704, 82.3379592896, 82.6746444702, 83.0113372803, 83.3596343994, 83.7079315186, 84.0562362671, 84.4161453247, 84.7760543823, 85.1243515015, 85.4842605591, 85.8441696167, 86.2040786743, 86.5755996704, 86.935508728, 87.3070297241, 87.6785507202, 88.0384597778, 88.3983688354, 88.7582778931, 89.1181869507, 89.4897003174, 89.849609375, 90.1979141235, 90.5694351196, 90.9293441772, 91.2776412964, 91.6259384155, 91.9858474731, 92.3457565308, 92.6940536499, 93.03074646, 93.3906555176, 93.7389526367, 94.0872573853, 94.4355545044, 94.7838516235, 95.1321487427, 95.4804534912, 95.8287506104, 96.188659668, 96.5369567871, 96.8968658447, 97.2451705933, 97.5934677124, 97.9417648315, 98.2900695801, 98.6499786377, 98.9982757568, 99.3581848145, 99.7064819336, 100.054779053, 100.403083801, 100.75138092, 101.111289978, 101.471199036, 101.819496155, 102.167800903, 102.527709961, 102.87600708, 103.235916138, 103.595825195, 103.955734253, 104.304031372, 104.640724182, 104.977409363, 105.314102173, 105.650794983, 105.999092102, 106.347389221, 106.69568634, 107.043991089, 107.392288208, 107.740585327, 108.088890076, 108.437187195, 108.785484314, 109.145393372, 109.505302429, 109.853607178, 110.201904297, 110.561813354, 110.921722412, 111.270019531, 111.61831665, 111.966621399, 112.314918518, 112.663215637, 112.999908447, 113.336593628, 113.684898376, 114.033195496, 114.381492615, 114.729797363, 115.078094482, 115.414779663, 115.751472473, 116.099769592, 116.436462402, 116.773147583, 117.121452332, 117.469749451, 117.81804657, 118.177955627, 118.526252747, 118.886169434, 119.234466553, 119.582763672, 119.919456482, 120.256141663, 120.604438782, 120.929519653, 121.277824402, 121.626121521, 121.97441864, 122.334327698, 122.694236755, 123.042533875, 123.390838623, 123.739135742, 124.087432861, 124.43573761, 124.784034729, 125.132331848, 125.480628967, 125.828933716, 126.188842773, 126.537139893, 126.873832703, 127.222129822, 127.570426941, 127.91872406, 128.267028809, 128.626937866, 128.975234985, 129.335144043, 129.706665039, 130.054962158, 130.403259277, 130.751556396, 131.099868774, 131.448165894, 131.796463013, 132.15637207, 132.516281128, 132.864578247, 133.224487305, 133.561172485, 133.909469604, 134.257781982, 134.606079102, 134.965988159, 135.325897217, 135.674194336, 136.022491455, 136.370788574, 136.730697632, 137.090606689, 137.450515747, 137.798812866, 138.158721924, 138.518630981, 138.878540039, 139.238449097, 139.598358154, 139.96987915, 140.341400146, 140.701309204, 141.061218262, 141.409515381, 141.757827759, 142.117736816, 142.477645874, 142.837554932, 143.185852051, 143.545761108, 143.917282104, 144.277191162, 144.63710022, 145.008621216, 145.380126953, 145.740036011, 146.099945068, 146.459854126, 146.819763184, 147.168075562, 147.516372681, 147.876281738, 148.236190796, 148.584487915, 148.932785034, 149.269470215, 149.606170654, 149.954467773, 150.302764893, 150.651062012, 150.999359131, 151.336044312, 151.672744751, 152.02104187, 152.369338989, 152.717636108, 153.054321289, 153.414230347, 153.762542725, 154.110839844, 154.459136963, 154.807434082, 155.144119263, 155.480819702, 155.829116821, 156.189025879, 156.548934937, 156.897232056, 157.245529175, 157.593826294, 157.942123413, 158.302032471, 158.661941528, 159.06829834, 159.486251831, 159.904220581, 160.322174072, 160.740127563, 161.158096313, 161.576049805, 161.994003296, 162.411972046, 162.841537476, 163.247894287, 163.619400024, 163.979324341, 164.362442017, 164.733963013, 165.105484009, 165.465393066, 165.813690186, 166.161987305, 166.521896362, 166.88180542, 167.253326416, 167.601623535, 167.949935913, 168.298233032, 168.646530151, 168.983215332, 169.319900513, 169.668212891, 170.004898071, 170.35319519, 170.689880371, 171.03817749, 171.386474609, 171.734786987, 172.083084106, 172.442993164, 172.802902222, 173.174423218, 173.545944214, 173.894241333, 174.254150391, 174.60244751, 174.962356567, 175.310653687, 175.647338867, 175.984039307, 176.320724487, 176.657409668, 177.005706787, 177.354003906, 177.702316284, 178.050613403, 178.398910522, 178.747207642, 179.095504761, 179.44380188, 179.792098999, 180.152008057, 180.500320435, 180.848617554, 181.185302734, 181.533599854, 181.870285034, 182.230194092, 182.57850647, 182.91519165, 183.251876831, 183.60017395, 183.948471069, 184.308380127, 184.656692505, 185.016601562, 185.3881073, 185.748016357, 186.107940674, 186.456237793, 186.804534912, 187.152832031, 187.50112915, 187.84942627, 188.197723389, 188.546035767, 188.905944824, 189.265853882, 189.614151001, 189.96244812, 190.310745239, 190.659042358, 191.007339478, 191.332427979, 191.680725098, 192.029022217, 192.377319336, 192.725616455, 193.073913574, 193.422225952, 193.770523071, 194.11882019, 194.455505371, 194.792190552, 195.140487671, 195.488800049, 195.825485229, 196.16217041, 196.510467529, 196.858764648, 197.195465088, 197.532150269, 197.880447388, 198.228744507, 198.565444946, 198.913742065, 199.262039185, 199.610336304, 199.958633423, 200.31854248, 200.6668396, 201.015136719, 201.363449097, 201.711746216, 202.060043335, 202.408340454, 202.756637573, 203.093322754, 203.430023193, 203.778320312, 204.126617432, 204.486526489, 204.846435547, 205.194732666, 205.519821167, 205.844894409, 206.193191528, 206.541488647, 206.889785767, 207.249694824, 207.598007202, 207.95791626, 208.306213379, 208.654510498, 209.002807617, 209.351104736, 209.699401855, 210.047698975, 210.396011353, 210.732696533, 211.069381714, 211.406066895, 211.742767334, 212.091064453, 212.439361572, 212.776046753, 213.124343872, 213.47265625, 213.820953369, 214.169250488, 214.505935669, 214.854232788, 215.202529907, 215.562438965, 215.922348022, 216.2706604, 216.630569458, 216.978866577, 217.338775635, 217.687072754, 218.035369873, 218.383666992, 218.755187988, 219.138320923, 219.521453857, 219.904571533, 220.252868652, 220.60118103, 220.949478149, 221.297775269, 221.704116821, 222.110473633, 222.516815186, 222.946395874, 223.375961304, 223.817138672, 224.25831604, 224.699493408, 225.140670776, 225.581848145, 226.023040771, 226.46421814], "beats_loudness": {"dmean2": 0.0416342578828, "median": 0.0226278416812, "min": 3.20704067747e-08, "dvar2": 0.00278947735205, "dvar": 0.00108773668762, "dmean": 0.0244802441448, "max": 0.261123508215, "var": 0.00202851253562, "mean": 0.0391978658736}, "danceability": 0.941032469273, "bpm_histogram_second_peak_weight": {"dmean2": 0, "median": 0.219589263201, "min": 0.219589263201, "dvar2": 0, "dvar": 0, "dmean": 0, "max": 0.219589263201, "var": 0, "mean": 0.219589263201}, "beats_count": 634, "bpm_histogram_second_peak_bpm": {"dmean2": 0, "median": 167, "min": 167, "dvar2": 0, "dvar": 0, "dmean": 0, "max": 167, "var": 0, "mean": 167}, "bpm_histogram_first_peak_spread": {"dmean2": 0, "median": 0, "min": 0, "dvar2": 0, "dvar": 0, "dmean": 0, "max": 0, "var": 0, "mean": 0}, "beats_loudness_band_ratio": {"dmean2": [0.266156971455, 0.155000835657, 0.144682526588, 0.0734345912933, 0.0288557279855, 0.0404370054603], "median": [0.756898462772, 0.0961840078235, 0.0580100640655, 0.0153285618871, 0.00316097261384, 0.00218149274588], "min": [0.001811584807, 9.81456250884e-05, 0.000123094301671, 1.17260842671e-05, 4.70319537271e-06, 3.18949314533e-05], "dvar2": [0.0673040896654, 0.0303280986845, 0.0327624715865, 0.0109256394207, 0.00258396728896, 0.0123527543619], "dvar": [0.0299596562982, 0.0121640032157, 0.0129428897053, 0.00426990166306, 0.00095609278651, 0.00460794754326], "dmean": [0.163295120001, 0.0917500928044, 0.0884888246655, 0.0432581230998, 0.016402522102, 0.0227505061775], "max": [0.994570493698, 0.993848264217, 0.957176983356, 0.449321508408, 0.219511330128, 0.674673855305], "var": [0.0805135071278, 0.0365376248956, 0.0193476993591, 0.00527330813929, 0.000873962591868, 0.00394330685958], "mean": [0.666693031788, 0.158695429564, 0.119276449084, 0.0464487448335, 0.0146940276027, 0.0195865668356]}}, "lowlevel": {"barkbands_spread": {"dmean2": 3.37383937836, "median": 4.17460298538, "min": 0.123596087098, "dvar2": 46.1119880676, "dvar": 18.9657154083, "dmean": 2.12932729721, "max": 136.878692627, "var": 199.351577759, "mean": 8.25422000885}, "melbands_spread": {"dmean2": 3.22083353996, "median": 3.91270565987, "min": 0.254553556442, "dvar2": 49.2362442017, "dvar": 21.9281349182, "dmean": 2.05709695816, "max": 121.672958374, "var": 98.856918335, "mean": 7.00603246689}, "hfc": {"dmean2": 3.34587740898, "median": 3.07023644447, "min": 1.74198149239e-07, "dvar2": 144.603897095, "dvar": 63.4319076538, "dmean": 2.40597605705, "max": 252.944869995, "var": 179.639785767, "mean": 7.57924032211}, "barkbands_kurtosis": {"dmean2": 18.5931606293, "median": 14.0172290802, "min": -1.89362561703, "dvar2": 1556.56481934, "dvar": 890.666503906, "dmean": 12.8396291733, "max": 1148.7220459, "var": 8374.17480469, "mean": 41.1140022278}, "gfcc": {"mean": [-156.928527832, 152.258468628, -78.0027236938, 12.1181287766, -32.1883773804, -21.4304790497, -12.3687133789, -6.96524524689, -26.8025112152, -5.91459274292, -16.2234516144, -12.1449308395, -19.2182044983], "icov": [[0.000616636592895, -0.0015415152302, 0.000993741559796, -0.0013280560961, 0.00122835836373, -0.00110945454799, 0.00107401050627, -0.000991157488897, 0.000814324070234, -0.000362249440514, 0.000601901614573, -0.000432948028902, 0.000565333699342], [-0.0015415152302, 0.00491080945358, -0.00241698557511, 0.00422205682844, -0.00298189464957, 0.00345950876363, -0.00308842421509, 0.00362481619231, -0.002419534605, 0.00232433038764, -0.00191816105507, 0.00283436034806, -0.000646036700346], [0.000993741559796, -0.00241698557511, 0.00223263655789, -0.00240936526097, 0.00199833442457, -0.00218967860565, 0.00168988388032, -0.00101377791725, 0.00111853110138, -0.000304786051856, 0.00112699298188, -0.00111071672291, 0.0014291156549], [-0.0013280560961, 0.00422205682844, -0.00240936526097, 0.00615227641538, -0.00321911321953, 0.00318389153108, -0.00261579453945, 0.00219259923324, -0.000814887287561, 0.00145005097147, -0.000922485487536, 0.00238637207076, -0.000518566055689], [0.00122835836373, -0.00298189464957, 0.00199833442457, -0.00321911321953, 0.00625178823248, -0.00204540346749, 0.000364587613149, -0.000872580916621, 0.00024954759283, 0.000256736093434, 0.00113266217522, -0.000112424968393, 0.000959434779361], [-0.00110945454799, 0.00345950876363, -0.00218967860565, 0.00318389153108, -0.00204540346749, 0.00709378439933, -0.00155875319615, 0.000566452450585, -0.00241549988277, 0.00195882515982, -0.00121410668362, 0.00192730710842, 0.000723016448319], [0.00107401050627, -0.00308842421509, 0.00168988388032, -0.00261579453945, 0.000364587613149, -0.00155875319615, 0.00734322378412, -0.00294651300646, 0.0011922508711, -0.00031334607047, -0.000208682540688, 0.00120275688823, 0.00164400588255], [-0.000991157488897, 0.00362481619231, -0.00101377791725, 0.00219259923324, -0.000872580916621, 0.000566452450585, -0.00294651300646, 0.014579616487, -0.00346492882818, 0.00324102770537, -0.00151875906158, 0.00345122395083, 0.000157930859132], [0.000814324070234, -0.002419534605, 0.00111853110138, -0.000814887287561, 0.00024954759283, -0.00241549988277, 0.0011922508711, -0.00346492882818, 0.0110136102885, -0.00392079539597, 0.0027314662002, -0.0026049814187, -0.000897424586583], [-0.000362249440514, 0.00232433038764, -0.000304786051856, 0.00145005097147, 0.000256736093434, 0.00195882515982, -0.00031334607047, 0.00324102770537, -0.00392079539597, 0.0167779680341, -0.00603489670902, 0.0052178655751, 0.000153450499056], [0.000601901614573, -0.00191816105507, 0.00112699298188, -0.000922485487536, 0.00113266217522, -0.00121410668362, -0.000208682540688, -0.00151875906158, 0.0027314662002, -0.00603489670902, 0.015012617223, -0.00573031092063, 0.000939188932534], [-0.000432948028902, 0.00283436034806, -0.00111071672291, 0.00238637207076, -0.000112424968393, 0.00192730710842, 0.00120275688823, 0.00345122395083, -0.0026049814187, 0.0052178655751, -0.00573031092063, 0.0186130944639, -0.00327386241406], [0.000565333699342, -0.000646036700346, 0.0014291156549, -0.000518566055689, 0.000959434779361, 0.000723016448319, 0.00164400588255, 0.000157930859132, -0.000897424586583, 0.000153450499056, 0.000939188932534, -0.00327386241406, 0.0173308029771]], "cov": [[17390.6269531, 3802.27197266, -3405.68017578, -477.09765625, -758.590576172, -187.426452637, -188.61088562, 39.8352661133, -253.930664062, -123.564865112, -67.4273147583, -347.73248291, -165.734008789], [3802.27197266, 2095.48754883, -437.635559082, -424.60760498, 85.0959625244, -214.686691284, 215.307342529, -113.107757568, 13.8550033569, -76.0729751587, -0.628305435181, -161.188949585, -66.7069168091], [-3405.68017578, -437.635559082, 1997.44238281, 234.250305176, 18.849357605, 188.92300415, -40.553691864, -39.7268981934, 6.99982404709, -42.1287727356, -38.0780906677, 58.7392120361, -53.7428207397], [-477.09765625, -424.60760498, 234.250305176, 480.511901855, 74.5937728882, 2.23736429214, 24.4450302124, 18.2682247162, -45.4875564575, -8.86890411377, -25.8692741394, -13.3515491486, -15.3091840744], [-758.590576172, 85.0959625244, 18.849357605, 74.5937728882, 365.631713867, -25.410112381, 142.256820679, -11.8657512665, 32.7256393433, -16.5942993164, -10.507188797, -36.6915016174, -8.49289035797], [-187.426452637, -214.686691284, 188.92300415, 2.23736429214, -25.410112381, 265.089538574, -31.9602298737, 40.4038162231, 21.0752258301, -10.6699409485, -11.9167098999, 4.75267648697, -21.6602878571], [-188.61088562, 215.307342529, -40.553691864, 24.4450302124, 142.256820679, -31.9602298737, 276.242218018, 11.7562189102, 10.3224496841, -10.0321092606, 5.17354822159, -57.1460533142, -25.0517120361], [39.8352661133, -113.107757568, -39.7268981934, 18.2682247162, -11.8657512665, 40.4038162231, 11.7562189102, 100.149040222, 13.7743291855, -5.15669965744, -5.29849672318, -9.36750984192, -5.47322750092], [-253.930664062, 13.8550033569, 6.99982404709, -45.4875564575, 32.7256393433, 21.0752258301, 10.3224496841, 13.7743291855, 125.156959534, 16.6421356201, -4.96927547455, 6.25723314285, 10.8506650925], [-123.564865112, -76.0729751587, -42.1287727356, -8.86890411377, -16.5942993164, -10.6699409485, -10.0321092606, -5.15669965744, 16.6421356201, 84.0572128296, 27.2575645447, -2.01718878746, 5.0253071785], [-67.4273147583, -0.628305435181, -38.0780906677, -25.8692741394, -10.507188797, -11.9167098999, 5.17354822159, -5.29849672318, -4.96927547455, 27.2575645447, 89.6273574829, 21.3240242004, 3.85078239441], [-347.73248291, -161.188949585, 58.7392120361, -13.3515491486, -36.6915016174, 4.75267648697, -57.1460533142, -9.36750984192, 6.25723314285, -2.01718878746, 21.3240242004, 92.3541412354, 24.0628929138], [-165.734008789, -66.7069168091, -53.7428207397, -15.3091840744, -8.49289035797, -21.6602878571, -25.0517120361, -5.47322750092, 10.8506650925, 5.0253071785, 3.85078239441, 24.0628929138, 73.2483673096]]}, "spectral_energyband_middle_low": {"dmean2": 0.00515542598441, "median": 0.00429526297376, "min": 1.80520615817e-12, "dvar2": 0.000224259492825, "dvar": 9.21924802242e-05, "dmean": 0.00347810890526, "max": 0.237886920571, "var": 0.000253276375588, "mean": 0.0104516893625}, "melbands_crest": {"dmean2": 4.06529855728, "median": 20.2025623322, "min": 5.00424003601, "dvar2": 16.9155426025, "dvar": 6.65722942352, "dmean": 2.56158185005, "max": 39.824432373, "var": 39.8318977356, "mean": 19.8356399536}, "spectral_kurtosis": {"dmean2": 11.5562915802, "median": 13.3431625366, "min": -1.20700025558, "dvar2": 173.576858521, "dvar": 69.3347320557, "dmean": 6.96991109848, "max": 131.083465576, "var": 278.479034424, "mean": 18.7255115509}, "spectral_rms": {"dmean2": 0.00096472928999, "median": 0.00344146299176, "min": 1.25893137692e-07, "dvar2": 2.18137006414e-06, "dvar": 1.00111037682e-06, "dmean": 0.000678030250128, "max": 0.0206059552729, "var": 8.17773070594e-06, "mean": 0.00404966808856}, "zerocrossingrate": {"dmean2": 0.00570974918082, "median": 0.0166015625, "min": 0.00439453125, "dvar2": 9.60771649261e-05, "dvar": 5.88525326748e-05, "dmean": 0.00446109706536, "max": 0.4921875, "var": 0.00180659128819, "mean": 0.0268512740731}, "silence_rate_60dB": {"dmean2": 0.0658688768744, "median": 0, "min": 0, "dvar2": 0.0715495944023, "dvar": 0.0318497121334, "dmean": 0.0329310707748, "max": 1, "var": 0.17382954061, "mean": 0.22405153513}, "erbbands_kurtosis": {"dmean2": 2.97091531754, "median": 1.53477954865, "min": -1.83162534237, "dvar2": 49.5011253357, "dvar": 25.5804767609, "dmean": 2.09737062454, "max": 241.561019897, "var": 237.673019409, "mean": 5.58936500549}, "erbbands": {"dmean2": [0.00732738850638, 0.409731894732, 6.29748773575, 13.0520629883, 5.57589101791, 4.16159248352, 5.26450443268, 5.33371257782, 9.76010227203, 7.29675197601, 11.0719118118, 8.34456348419, 5.78835248947, 8.36343097687, 7.44898986816, 7.1674747467, 5.37933015823, 3.50932765007, 2.89114809036, 2.45551228523, 3.03762793541, 2.92304611206, 2.22548723221, 4.68466472626, 9.08651828766, 4.76104736328, 1.90429162979, 0.563826978207, 0.225430563092, 0.14795166254, 0.109644860029, 0.0579499565065, 0.0449154376984, 0.021048175171, 0.0165111217648, 0.00565049191937, 0.00206462200731, 0.000453392887721, 4.33498244092e-05, 1.48442159116e-05], "median": [0.00359119777568, 0.175806999207, 3.48323750496, 5.79570579529, 2.84110093117, 2.57086348534, 2.33313584328, 3.02973604202, 3.42568540573, 2.58685517311, 2.97027349472, 2.37464642525, 1.30714702606, 1.21606361866, 1.18479704857, 0.97276109457, 0.692117273808, 0.441755950451, 0.314960569143, 0.263439267874, 0.292629688978, 0.22279779613, 0.139299765229, 0.17082118988, 0.220035478473, 0.148690402508, 0.0700579658151, 0.0292177088559, 0.0110833961517, 0.00543713197112, 0.00327676720917, 0.00157516158652, 0.000872576260008, 0.00051316106692, 0.000295352685498, 0.000160868046805, 0.000188167556189, 0.000930192007218, 4.64323093183e-05, 1.56061923917e-05], "min": [1.04328490291e-10, 4.49521142531e-10, 9.13529418778e-10, 1.23057808388e-09, 1.07904485347e-09, 2.11680117879e-09, 2.61896659914e-09, 2.27444107992e-09, 2.39323361129e-09, 2.89230617234e-09, 2.37501973643e-09, 2.75950862161e-09, 1.97773974975e-09, 2.03938488319e-09, 1.75472025798e-09, 1.74235736949e-09, 1.81372716845e-09, 1.22605392505e-09, 1.06318509552e-09, 1.16410692197e-09, 9.37739885742e-10, 1.40001465976e-09, 1.55167911853e-09, 1.38413724926e-09, 1.23531684881e-09, 9.20537424065e-10, 4.56237075896e-10, 1.40674005777e-09, 9.64004875925e-10, 7.16219805685e-10, 6.01078187223e-10, 6.13218364975e-10, 4.60762622501e-10, 3.26570298581e-10, 2.31136804141e-10, 2.8784391537e-10, 1.1636028252e-10, 1.50322948533e-10, 1.84940521231e-10, 1.05923519955e-10], "dvar2": [0.000304503482766, 0.980347573757, 218.8618927, 1504.80737305, 304.932647705, 94.0560379028, 217.778030396, 245.126113892, 1217.45910645, 717.486083984, 3409.47851562, 1156.56018066, 473.268798828, 1690.16308594, 934.173461914, 1929.60339355, 1445.65551758, 469.934387207, 314.604644775, 196.447906494, 385.924499512, 251.332366943, 164.832565308, 1020.72424316, 3565.85986328, 1542.73022461, 184.661193848, 9.71379756927, 2.34420228004, 1.22380614281, 0.510768592358, 0.184984117746, 0.166846975684, 0.0319346413016, 0.0447375327349, 0.00223945290782, 0.000303268694552, 5.4968513723e-06, 5.69553790797e-08, 1.29225341539e-09], "dvar": [0.000131103763124, 0.463542491198, 91.6972808838, 588.910217285, 118.759742737, 43.480430603, 125.510658264, 120.862411499, 550.420715332, 330.540496826, 1429.86303711, 726.681091309, 218.774932861, 859.725524902, 446.506072998, 830.63659668, 541.805480957, 202.493469238, 148.413085938, 83.0694198608, 138.948059082, 104.985290527, 70.8927536011, 446.46963501, 1455.4708252, 590.976501465, 71.3601531982, 3.67274832726, 0.819074690342, 0.435505539179, 0.181809693575, 0.0672673359513, 0.0614724718034, 0.0113085703924, 0.0155137460679, 0.000815868785139, 0.000106528132164, 1.96839482669e-06, 2.05645580564e-08, 5.34130184526e-10], "dmean": [0.00483849365264, 0.284304141998, 4.29514074326, 8.10011100769, 3.59856152534, 2.90393805504, 4.02374172211, 3.95165276527, 7.38564586639, 5.28122854233, 8.18275260925, 6.73429012299, 4.09902954102, 6.23675632477, 5.23646879196, 4.94033813477, 3.57604002953, 2.37384772301, 1.98130571842, 1.60995340347, 1.96779561043, 1.90103256702, 1.50450444221, 3.11566257477, 5.67936372757, 3.00494503975, 1.19040203094, 0.33712503314, 0.129151508212, 0.0843188092113, 0.0613981075585, 0.0330956578255, 0.0256044175476, 0.0121526168659, 0.00939246732742, 0.00327750504948, 0.00116007949691, 0.000286653026706, 2.59235948761e-05, 1.00408551589e-05], "max": [0.307530194521, 18.9299736023, 231.414779663, 530.301513672, 301.074279785, 225.381774902, 371.465393066, 439.227233887, 618.134521484, 607.265991211, 1295.40649414, 1073.81713867, 615.414306641, 1429.23937988, 827.838012695, 1783.64245605, 1442.57849121, 752.599487305, 804.985656738, 329.158905029, 438.504699707, 350.85244751, 370.352172852, 1090.3894043, 1217.35839844, 1315.08032227, 410.154144287, 59.706451416, 33.6887168884, 26.0422325134, 12.7275562286, 9.49000835419, 10.2272977829, 5.33039426804, 6.16812705994, 1.42412698269, 0.387258648872, 0.0639400556684, 0.00426167761907, 0.000479644251755], "var": [0.000451020896435, 2.11634325981, 311.958312988, 847.913391113, 225.177902222, 234.785018921, 491.643615723, 441.069488525, 2534.6027832, 1194.17016602, 3545.48364258, 6207.35644531, 629.472167969, 2903.24926758, 1561.1472168, 1728.98828125, 960.039855957, 570.758483887, 592.622497559, 170.101119995, 230.78213501, 162.19619751, 114.012001038, 834.012268066, 2562.80712891, 602.651733398, 75.1072311401, 3.30713319778, 0.532792747021, 0.280254691839, 0.117126084864, 0.0454113595188, 0.0416842401028, 0.00809639599174, 0.00946295727044, 0.000608756905422, 6.95996495779e-05, 2.03173794944e-06, 1.72093077566e-08, 1.56060153689e-09], "mean": [0.0111389681697, 0.693753063679, 10.3887557983, 15.1175394058, 7.94716596603, 7.9483165741, 8.58843994141, 10.4326143265, 22.2381057739, 14.8066711426, 21.7748565674, 22.7134342194, 9.78854846954, 15.1698875427, 13.1149740219, 10.6937789917, 8.2038640976, 5.57402181625, 4.45139360428, 3.21217918396, 3.54435372353, 2.97149658203, 2.46266722679, 4.64306879044, 8.08101558685, 4.05951118469, 1.47846484184, 0.366578012705, 0.128851756454, 0.0789186134934, 0.05280951038, 0.0301116593182, 0.0237546060234, 0.0131753347814, 0.00946311932057, 0.00354340509512, 0.00119623122737, 0.00119888188783, 6.87901774654e-05, 3.02743501379e-05]}, "spectral_strongpeak": {"dmean2": 0.345237702131, "median": 0.434060662985, "min": 0, "dvar2": 0.646032631397, "dvar": 0.262346953154, "dmean": 0.214864969254, "max": 15.6637611389, "var": 0.513140022755, "mean": 0.616614282131}, "spectral_energy": {"dmean2": 0.0121690258384, "median": 0.0121397590265, "min": 1.62453089175e-11, "dvar2": 0.000847170420457, "dvar": 0.000357993529178, "dmean": 0.00830605812371, "max": 0.435220509768, "var": 0.00116381666157, "mean": 0.0251918863505}, "average_loudness": 0.250443458557, "spectral_rolloff": {"dmean2": 239.762741089, "median": 301.46484375, "min": 64.599609375, "dvar2": 635337.6875, "dvar": 265614.75, "dmean": 137.611862183, "max": 21447.0703125, "var": 5870366.5, "mean": 765.145019531}, "spectral_centroid": {"dmean2": 179.418411255, "median": 353.913269043, "min": 125.551620483, "dvar2": 133747.984375, "dvar": 62008.3085938, "dmean": 115.844482422, "max": 10472.9462891, "var": 394707.84375, "mean": 571.514099121}, "pitch_salience": {"dmean2": 0.105305105448, "median": 0.419989317656, "min": 0.0376792214811, "dvar2": 0.0110444994643, "dvar": 0.00436954153702, "dmean": 0.0669776275754, "max": 0.869749009609, "var": 0.0283203348517, "mean": 0.413746058941}, "spectral_energyband_middle_high": {"dmean2": 0.000853554636706, "median": 0.00019500158669, "min": 3.30435006614e-13, "dvar2": 1.85615444934e-05, "dvar": 8.48856961966e-06, "dmean": 0.000617871177383, "max": 0.121710635722, "var": 2.38343964156e-05, "mean": 0.00160090997815}, "spectral_contrast_coeffs": {"dmean2": [0.0742707028985, 0.0532063990831, 0.0473959296942, 0.0383582375944, 0.0299130193889, 0.0312229786068], "median": [-0.543083548546, -0.720038414001, -0.767935931683, -0.795621037483, -0.819797158241, -0.79378426075], "min": [-0.987891495228, -0.963842511177, -0.981100618839, -0.953398227692, -0.957114040852, -0.958450496197], "dvar2": [0.0036789951846, 0.00218564225361, 0.00186924752779, 0.00123094057199, 0.000839877873659, 0.00150973186828], "dvar": [0.00132917577866, 0.000900804181583, 0.000788625620771, 0.000523948634509, 0.000419518299168, 0.000610909133684], "dmean": [0.0444713123143, 0.0336036533117, 0.0293983519077, 0.0241806842387, 0.0194953009486, 0.0194701235741], "max": [-0.25441634655, -0.296135276556, -0.445033013821, -0.486760914326, -0.439241558313, -0.547669649124], "var": [0.00862311571836, 0.0074327616021, 0.00635660300031, 0.00480174645782, 0.00412065768614, 0.0027323118411], "mean": [-0.547158539295, -0.716083109379, -0.760773599148, -0.789507746696, -0.804170429707, -0.785882711411]}, "melbands_skewness": {"dmean2": 1.19422852993, "median": 3.41156363487, "min": -0.369920879602, "dvar2": 1.99653887749, "dvar": 0.823977410793, "dmean": 0.774956345558, "max": 21.3786964417, "var": 6.06655454636, "mean": 3.90497732162}, "spectral_spread": {"dmean2": 589554.3125, "median": 2516354.25, "min": 693583.0625, "dvar2": 608321077248, "dvar": 301874872320, "dmean": 370307.9375, "max": 41804988, "var": 3759823650820.0, "mean": 2946421.75}, "dissonance": {"dmean2": 0.0410078279674, "median": 0.431932002306, "min": 0.140725076199, "dvar2": 0.00150651764125, "dvar": 0.000589072646108, "dmean": 0.0251120943576, "max": 0.5, "var": 0.00273032183759, "mean": 0.421936571598}, "spectral_skewness": {"dmean2": 0.926936328411, "median": 2.70473885536, "min": -0.400664776564, "dvar2": 0.856318354607, "dvar": 0.362050801516, "dmean": 0.57378923893, "max": 10.0373601913, "var": 1.99887371063, "mean": 2.94504475594}, "spectral_flux": {"dmean2": 0.0291431285441, "median": 0.0310548953712, "min": 5.76859820285e-05, "dvar2": 0.00214315135963, "dvar": 0.000888677081093, "dmean": 0.0178037956357, "max": 0.442669063807, "var": 0.00202435138635, "mean": 0.0432654544711}, "spectral_contrast_valleys": {"dmean2": [0.681333303452, 0.481633841991, 0.491902977228, 0.477383941412, 0.42293959856, 0.367287278175], "median": [-7.9691824913, -7.35627841949, -8.48566055298, -9.53716850281, -9.49325752258, -12.9965953827], "min": [-26.9244174957, -26.85638237, -27.2390956879, -27.4048881531, -27.2022209167, -27.297460556], "dvar2": [0.309021234512, 0.203412815928, 0.255002617836, 0.276884883642, 0.291962563992, 0.345956265926], "dvar": [0.118485979736, 0.0916148722172, 0.117219269276, 0.135577142239, 0.146795392036, 0.168723464012], "dmean": [0.404709130526, 0.300589591265, 0.310794383287, 0.311451196671, 0.28482028842, 0.242175832391], "max": [-5.56756305695, -4.48760890961, -5.02317619324, -5.4926199913, -5.34302902222, -8.78495311737], "var": [2.07841253281, 2.80334305763, 2.48194599152, 2.08869194984, 1.60405647755, 1.01550519466], "mean": [-8.24784851074, -7.72630357742, -8.75705051422, -9.72136688232, -9.53562259674, -12.8104133606]}, "erbbands_flatness_db": {"dmean2": 0.0213345009834, "median": 0.226644530892, "min": 0.00806623697281, "dvar2": 0.000632380251773, "dvar": 0.000300002633594, "dmean": 0.0149986436591, "max": 0.409434407949, "var": 0.0033545778133, "mean": 0.225294306874}, "spectral_energyband_high": {"dmean2": 8.53105448186e-05, "median": 4.9685754675e-06, "min": 3.40808566264e-12, "dvar2": 3.6287994476e-07, "dvar": 1.37937348654e-07, "dmean": 5.29300777998e-05, "max": 0.0192742515355, "var": 1.30137166821e-07, "mean": 6.69748551445e-05}, "spectral_entropy": {"dmean2": 0.316057980061, "median": 6.32545089722, "min": 3.59812402725, "dvar2": 0.141489118338, "dvar": 0.0631413459778, "dmean": 0.211101189256, "max": 9.7971496582, "var": 0.584434151649, "mean": 6.28333806992}, "silence_rate_20dB