{"metadata": {"tags": {"label": ["vap"], "releasecountry": ["JP"], "musicbrainz_releasetrackid": ["b78db76f-9fdc-3ad3-a871-0a43a3d2d247"], "disctotal": ["1"], "replaygain_track_peak": ["0.98236084"], "genre": ["Pop/Rock, Japanese Traditions, International"], "releasetype": ["single"], "tracknumber": ["3"], "albumsort": ["\u3056\u308f\u30fb\u30fb\u30fb\u3056\u308f\u30fb\u30fb\u30fb\u3056\u30fb\u30fb\u3056\u308f\u30fb\u30fb\u30fb\u30fb\u30fb\u30fb\u3056\u308f (2005-11-16, Maximum the Hormone, 0e9cf919-8a8a-4a39-ade4-adbd8f0b9488)"], "musicbrainz_albumartistid": ["fb01635c-51fc-4cad-b71f-62e18bb3433b"], "album": ["\u3056\u308f\u30fb\u30fb\u30fb\u3056\u308f\u30fb\u30fb\u30fb\u3056\u30fb\u30fb\u3056\u308f\u30fb\u30fb\u30fb\u30fb\u30fb\u30fb\u3056\u308f"], "script": ["Jpan"], "albumartistsort": ["Maximum the Hormone"], "releasestatus": ["official"], "catalognumber": ["VPCC-82207"], "musicbrainz_artistid": ["fb01635c-51fc-4cad-b71f-62e18bb3433b"], "musicbrainz_albumid": ["0e9cf919-8a8a-4a39-ade4-adbd8f0b9488"], "musicbrainz_recordingid": ["1fd292b3-870c-42c3-bda9-3ead57a5cbca"], "albumartist": ["\u30de\u30ad\u30b7\u30de\u30e0 \u30b6 \u30db\u30eb\u30e2\u30f3"], "barcode": ["4988021822077"], "replaygain_album_peak": ["0.98260498"], "originaldate": ["2005-11-16"], "totaltracks": ["5"], "artist": ["\u30de\u30ad\u30b7\u30de\u30e0 \u30b6 \u30db\u30eb\u30e2\u30f3"], "isrc": ["JPVP00510203"], "artistsort": ["Maximum the Hormone"], "title": ["\u30d6\u30e9\u30c3\u30af\uffe5\u30d1\u30ef\u30fcG\u30e1\u30f3\u30b9\u30d1\u30a4"], "asin": ["B000BM6M7C"], "tracktotal": ["5"], "musicbrainz_releasegroupid": ["af0cc62d-16c8-38f1-8c04-49b90840eeca"], "replaygain_album_gain": ["-11.33 dB"], "replaygain_track_gain": ["-11.21 dB"], "totaldiscs": ["1"], "date": ["2005-11-16"], "musicip_puid": ["208be205-ca3d-25da-2bb2-08563dab39d6"], "media": ["CD"], "file_name": "03 - \u30de\u30ad\u30b7\u30de\u30e0 \u30b6 \u30db\u30eb\u30e2\u30f3 - \u30d6\u30e9\u30c3\u30af\uffe5\u30d1\u30ef\u30fcG\u30e1\u30f3\u30b9\u30d1\u30a4.flac", "artists": ["\u30de\u30ad\u30b7\u30de\u30e0 \u30b6 \u30db\u30eb\u30e2\u30f3"], "discnumber": ["1"]}, "audio_properties": {"downmix": "mix", "lossless": true, "analysis_sample_rate": 44100, "md5_encoded": "7c07b20f8aefbd772f13ae0cd7e9bd6e", "equal_loudness": 0, "replay_gain": -16.2490749359, "codec": "flac", "bit_rate": 0, "length": 147.279998779}, "version": {"extractor": "music 1.0", "essentia_build_sha": "5a55991247aa8bc5301991e5ebe36927b56abb96", "essentia_git_sha": "v2.1_beta1-6-g5578087", "essentia": "2.1-beta1"}}, "rhythm": {"beats_loudness_band_ratio": {"dvar2": [0.198124006391, 0.0898843333125, 0.0344481021166, 0.0373865589499, 0.00968478713185, 0.00368205620907], "var": [0.0862577930093, 0.0284973103553, 0.0124674336985, 0.0124078728259, 0.00442408910021, 0.00131014233921], "min": [6.44173196633e-05, 0.00743538327515, 0.000522685877513, 0.000159438335686, 0.000831937708426, 9.49746681727e-05], "dmean": [0.276881784201, 0.167226582766, 0.0839139223099, 0.0927895754576, 0.0498386994004, 0.0268649794161], "mean": [0.584637284279, 0.175853684545, 0.0829041227698, 0.0911633446813, 0.06016818434, 0.0372113101184], "max": [0.985901176929, 0.778717637062, 0.679274141788, 0.73927539587, 0.480339497328, 0.295789271593], "dmean2": [0.514915943146, 0.304240167141, 0.155155390501, 0.163941815495, 0.091323800385, 0.0479243583977], "median": [0.669739723206, 0.107463553548, 0.0362124480307, 0.0428945608437, 0.0409626401961, 0.0314314626157], "dvar": [0.0597998984158, 0.0268121603876, 0.0124928932637, 0.0128774698824, 0.00338780111633, 0.00137486273888]}, "bpm_histogram_first_peak_weight": {"dvar2": 0, "var": 0, "min": 0.609467446804, "dmean": 0, "mean": 0.609467446804, "max": 0.609467446804, "dmean2": 0, "median": 0.609467446804, "dvar": 0}, "bpm": 140.28024292, "beats_count": 339, "bpm_histogram_first_peak_spread": {"dvar2": 0, "var": 0, "min": 0.337620556355, "dmean": 0, "mean": 0.337620556355, "max": 0.337620556355, "dmean2": 0, "median": 0.337620556355, "dvar": 0}, "danceability": 1.12549328804, "bpm_histogram_first_peak_bpm": {"dvar2": 0, "var": 0, "min": 140, "dmean": 0, "mean": 140, "max": 140, "dmean2": 0, "median": 140, "dvar": 0}, "beats_position": [0.417959183455, 0.847528338432, 1.27709746361, 1.70666658878, 2.13623571396, 2.58902478218, 3.04181408882, 3.49460315704, 3.94739222527, 4.40018129349, 4.86458063126, 5.31736946106, 5.75854873657, 6.18811798096, 6.6176867485, 7.04725599289, 7.47682523727, 7.90639448166, 8.33596324921, 8.75392246246, 9.18349170685, 9.61306095123, 10.0426301956, 10.47219944, 10.9017686844, 11.3313379288, 11.7609071732, 12.202085495, 12.6548748016, 13.1076641083, 13.5836734772, 14.0596818924, 14.512471199, 14.9536504745, 15.3832197189, 15.8127889633, 16.242357254, 16.6719264984, 17.0898857117, 17.5194549561, 17.9490242004, 18.3785934448, 18.8081626892, 19.2261219025, 19.6556911469, 20.0852603912, 20.5032196045, 20.9327888489, 21.3623580933, 21.7919273376, 22.221496582, 22.6510658264, 23.0806350708, 23.4985942841, 23.9281635284, 24.3577327728, 24.7756919861, 25.2052612305, 25.6348285675, 26.0643978119, 26.4939670563, 26.9119262695, 27.3414955139, 27.7710647583, 28.2006340027, 28.6185932159, 29.0481624603, 29.4777317047, 29.9073009491, 30.3252601624, 30.7548294067, 31.1843986511, 31.6255779266, 32.0435371399, 32.4731063843, 32.9026756287, 33.332244873, 33.7618141174, 34.1797714233, 34.5977325439, 35.0273017883, 35.4568710327, 35.8748283386, 36.2927894592, 36.7339668274, 37.151927948, 37.5698852539, 37.9994544983, 38.4290237427, 38.8469848633, 39.2765541077, 39.7061233521, 40.1356925964, 40.5652618408, 40.9948310852, 41.4243965149, 41.8539657593, 42.2835350037, 42.713104248, 43.1426734924, 43.560634613, 44.0018119812, 44.4313812256, 44.86095047, 45.2905197144, 45.7200889587, 46.1380500793, 46.5676193237, 46.9971885681, 47.4267578125, 47.8563270569, 48.297504425, 48.7154655457, 49.1334228516, 49.5513839722, 49.9693412781, 50.3873023987, 50.8052597046, 51.234828949, 51.6643981934, 52.0823554993, 52.5003166199, 52.941493988, 53.3710632324, 53.8006324768, 54.2302017212, 54.6481628418, 55.0777320862, 55.5073013306, 55.936870575, 56.3664398193, 56.7960090637, 57.2255783081, 57.643535614, 58.0731048584, 58.491065979, 58.9206352234, 59.3502044678, 59.7913818359, 60.2325630188, 60.6621322632, 61.0916976929, 61.5212669373, 61.9508361816, 62.380405426, 62.7983665466, 63.227935791, 63.6575050354, 64.0870742798, 64.5166397095, 64.9462127686, 65.3757781982, 65.8053512573, 66.234916687, 66.6644897461, 67.0824508667, 67.5236282349, 67.9415893555, 68.3595428467, 68.7775039673, 69.2070770264, 69.6366424561, 70.0546035767, 70.4841690063, 70.9137420654, 71.3316955566, 71.7496566772, 72.1792297363, 72.608795166, 73.0267562866, 73.4563217163, 73.8858947754, 74.3154602051, 74.7450332642, 75.1745986938, 75.6041717529, 76.0221328735, 76.4516983032, 76.8928756714, 77.3224487305, 77.7404098511, 78.1815872192, 78.6111526489, 79.040725708, 79.4702911377, 79.8998641968, 80.3294296265, 80.7590026855, 81.1885681152, 81.6181411743, 82.047706604, 82.4772796631, 82.8952331543, 83.3131942749, 83.7311553955, 84.1491165161, 84.5670700073, 84.9966430664, 85.4262084961, 85.8441696167, 86.2621307373, 86.6800918579, 87.1212692261, 87.5508346558, 87.9804077148, 88.4099731445, 88.8279342651, 89.2575073242, 89.6870727539, 90.116645813, 90.5462112427, 90.9757843018, 91.4053497314, 91.8233108521, 92.2528762817, 92.6824493408, 93.1120147705, 93.5299758911, 93.9711532593, 94.4007263184, 94.830291748, 95.2714691162, 95.7010421753, 96.130607605, 96.5717926025, 96.9897460938, 97.4309310913, 97.8488845825, 98.2668457031, 98.6848068237, 99.1027679443, 99.532333374, 99.9619064331, 100.391471863, 100.821044922, 101.250610352, 101.680175781, 102.098136902, 102.527709961, 102.957275391, 103.375236511, 103.804801941, 104.234375, 104.652336121, 105.070289612, 105.499862671, 105.929428101, 106.35900116, 106.788566589, 107.20652771, 107.647705078, 108.077278137, 108.506843567, 108.936416626, 109.365982056, 109.795555115, 110.225120544, 110.654693604, 111.084259033, 111.502220154, 111.943397522, 112.361358643, 112.790924072, 113.220497131, 113.638458252, 114.056411743, 114.485984802, 114.915550232, 115.333511353, 115.763084412, 116.192649841, 116.6222229, 117.05178833, 117.481361389, 117.910926819, 118.328887939, 118.74684906, 119.17641449, 119.605987549, 120.02394104, 120.465126038, 120.906303406, 121.335868835, 121.765441895, 122.183395386, 122.601356506, 123.019317627, 123.448883057, 123.878456116, 124.308021545, 124.737594604, 125.167160034, 125.596733093, 126.026298523, 126.455871582, 126.885437012, 127.315010071, 127.7445755, 128.162536621, 128.592102051, 129.021682739, 129.451248169, 129.880813599, 130.310379028, 130.751556396, 131.181137085, 131.610702515, 132.040267944, 132.469833374, 132.887802124, 133.317367554, 133.746932983, 134.176498413, 134.606079102, 135.024032593, 135.453598022, 135.883178711, 136.324356079, 136.765533447, 137.218322754, 137.671112061, 138.112289429, 138.565078735, 139.017868042, 139.45904541, 139.900222778, 140.341400146, 140.770965576, 141.316635132, 141.850692749, 142.396362305, 142.94203186, 143.476104736, 144.010162354, 144.520996094, 145.043441772, 145.57749939, 146.099945068, 146.634017944], "beats_loudness": {"dvar2": 0.000868310569786, "var": 0.00048824690748, "min": 9.64035038464e-08, "dmean": 0.0173159670085, "mean": 0.0434412248433, "max": 0.142269805074, "dmean2": 0.0299346279353, "median": 0.0411493629217, "dvar": 0.000314346485538}, "bpm_histogram_second_peak_weight": {"dvar2": 0, "var": 0, "min": 0.0384615398943, "dmean": 0, "mean": 0.0384615398943, "max": 0.0384615398943, "dmean2": 0, "median": 0.0384615398943, "dvar": 0}, "bpm_histogram_second_peak_spread": {"dvar2": 0, "var": 0, "min": 0.0714285969734, "dmean": 0, "mean": 0.0714285969734, "max": 0.0714285969734, "dmean2": 0, "median": 0.0714285969734, "dvar": 0}, "bpm_histogram_second_peak_bpm": {"dvar2": 0, "var": 0, "min": 133, "dmean": 0, "mean": 133, "max": 133, "dmean2": 0, "median": 133, "dvar": 0}, "onset_rate": 3.74077248573}, "lowlevel": {"spectral_energyband_high": {"dvar2": 2.42623559643e-06, "var": 1.97276722247e-06, "min": 7.473629341e-21, "dmean": 0.000395952520194, "mean": 0.000901582709048, "max": 0.0218552052975, "dmean2": 0.000595483870711, "median": 0.000619041151367, "dvar": 1.17563740787e-06}, "spectral_energyband_middle_low": {"dvar2": 0.000513345876243, "var": 0.0002063739812, "min": 1.80315995558e-22, "dmean": 0.00876553729177, "mean": 0.0140414908528, "max": 0.104841627181, "dmean2": 0.0145960282534, "median": 0.0100915320218, "dvar": 0.00019491025887}, "spectral_energy": {"dvar2": 0.00135152821895, "var": 0.000704669277184, "min": 1.02120059121e-20, "dmean": 0.0163248218596, "mean": 0.0321576297283, "max": 0.16476456821, "dmean2": 0.0267231464386, "median": 0.0267940573394, "dvar": 0.000527583120856}, "spectral_spread": {"dvar2": 1277781999620.0, "var": 5021791420420.0, "min": 1120630.625, "dmean": 529370.3125, "mean": 4514380.5, "max": 41472472, "dmean2": 768413.5, "median": 4290592.5, "dvar": 691304660992}, "spectral_energyband_low": {"dvar2": 0.00110049161594, "var": 0.000462910044007, "min": 1.8399801961e-23, "dmean": 0.0105449818075, "mean": 0.0147885521874, "max": 0.145093545318, "dmean2": 0.0173159595579, "median": 0.00801623798907, "dvar": 0.000424491736339}, "spectral_rolloff": {"dvar2": 2965638, "var": 3160128.25, "min": 43.06640625, "dmean": 682.047058105, "mean": 1514.80786133, "max": 19401.4160156, "dmean2": 1106.58776855, "median": 1205.859375, "dvar": 1383431.625}, "barkbands": {"dvar2": [7.28612860712e-07, 0.000567556649912, 0.000150802705321, 4.61756208097e-05, 0.000323003827361, 3.21516745316e-05, 1.4455843484e-05, 7.78575304139e-06, 2.38635266214e-06, 6.36497861706e-06, 2.46545664595e-06, 2.8745751024e-06, 2.66689835371e-06, 3.17380454362e-06, 1.13882515507e-06, 1.13950648029e-07, 2.374819843e-07, 5.07632819335e-07, 3.4675946381e-07, 9.83672379107e-08, 4.17914129969e-08, 6.34845562786e-08, 2.25525155884e-07, 2.33904287938e-07, 3.18445785297e-07, 5.02025692128e-08, 2.88700841011e-09], "var": [1.72548965338e-07, 0.000195871238247, 7.99695408205e-05, 2.98696268146e-05, 9.42969418247e-05, 1.05814278868e-05, 6.61794365442e-06, 2.53859889199e-06, 1.03047455013e-06, 3.3909634567e-06, 1.31865465391e-06, 1.59810110745e-06, 1.20098968637e-06, 1.85828480426e-06, 6.32233025044e-07, 2.09080965874e-07, 2.96501582397e-07, 4.13846862557e-07, 3.84393445074e-07, 1.11877270115e-07, 3.19723341136e-08, 5.13024893678e-08, 1.23680436559e-07, 1.20231746337e-07, 1.644570915e-07, 3.36994929739e-08, 1.65066116331e-09], "min": [8.65089421961e-25, 5.50032911178e-24, 1.52394230291e-24, 3.68466989181e-24, 1.44826279392e-23, 1.85424863884e-23, 1.7224752622e-23, 1.67506456402e-23, 2.5089763689e-23, 2.16254636688e-23, 1.27832953316e-23, 2.57960040362e-23, 3.05312804593e-23, 3.29098633271e-23, 5.81739289886e-23, 9.28882706156e-23, 8.54900111912e-23, 1.07675966844e-22, 1.85010576225e-22, 1.72597452295e-22, 2.81184963693e-22, 4.15731716535e-22, 5.11589146002e-22, 6.01884967248e-22, 9.74123815961e-22, 1.27969495672e-21, 2.14254217961e-21], "dmean": [0.000179140668479, 0.00660395529121, 0.00406315037981, 0.00244824006222, 0.00535252504051, 0.00164073018823, 0.00116505997721, 0.00060580810532, 0.000387756153941, 0.000631790200714, 0.000355292286258, 0.000434999412391, 0.000389068707591, 0.000467686768388, 0.000265178357949, 0.000131666311063, 0.000185087264981, 0.000227983488003, 0.00025285242009, 0.000125694743474, 8.55493053677e-05, 7.77465756983e-05, 8.43901216285e-05, 7.32571352273e-05, 7.03376208548e-05, 3.00366482406e-05, 6.4295413722e-06], "mean": [0.000132438217406, 0.00621659029275, 0.00565655669197, 0.00411698780954, 0.0054369205609, 0.00173937156796, 0.00142547953874, 0.000628761714324, 0.000432886561612, 0.000777011737227, 0.000459201663034, 0.000645498628728, 0.000589594652411, 0.000711897679139, 0.000419021700509, 0.000282362976577, 0.000376542971935, 0.00045817962382, 0.000608669535723, 0.000289589050226, 0.000197360408492, 0.000169882725459, 0.000140781732625, 0.000112773559522, 9.04418775463e-05, 3.59134719474e-05, 6.69494284011e-06], "max": [0.00965445674956, 0.0999273955822, 0.093980461359, 0.0687191486359, 0.0873338505626, 0.0548592507839, 0.0374920032918, 0.0401271693408, 0.018747203052, 0.0252674147487, 0.0184718258679, 0.0168359149247, 0.0260172840208, 0.0239950045943, 0.0137128401548, 0.00553707871586, 0.0080987084657, 0.0137200048193, 0.00579652329907, 0.00479859346524, 0.00261031603441, 0.00406171893701, 0.00689820805565, 0.00738655542955, 0.00904246047139, 0.00494863791391, 0.000919135403819], "dmean2": [0.000324836466461, 0.0107877114788, 0.00694343401119, 0.00407352112234, 0.00920659862459, 0.00285596610047, 0.00195296155289, 0.00103453057818, 0.000646185071673, 0.00101721019018, 0.000572174729314, 0.000711991102435, 0.00063159147976, 0.000763383344747, 0.000422833720222, 0.000206351207453, 0.000298764818581, 0.000362730381312, 0.000409661064623, 0.000198898691451, 0.000143165379995, 0.000120496719319, 0.00012977476581, 0.00011108378385, 0.000108648593596, 4.79509362776e-05, 1.0162628314e-05], "median": [2.13887578866e-05, 0.00128660036717, 0.00287328101695, 0.0024699093774, 0.002326679416, 0.000749755068682, 0.000540803768672, 0.000192531733774, 0.000141265394632, 0.000141547759995, 0.000151938176714, 0.000269986281637, 0.000257309060544, 0.000341274397215, 0.000204251351533, 0.000169997510966, 0.00024974765256, 0.000321534957038, 0.000465677090688, 0.000225355004659, 0.000180151837412, 0.000113352914923, 7.20374519005e-05, 4.94576452184e-05, 2.67696341325e-05, 8.70964504429e-06, 1.17896502161e-06], "dvar": [2.61055390638e-07, 0.000223026858293, 5.50411969016e-05, 1.64214852703e-05, 0.000120523873193, 1.20892545965e-05, 5.74730847802e-06, 2.92455706585e-06, 9.68752146946e-07, 2.56322573478e-06, 1.01997147794e-06, 1.09779375634e-06, 1.0164193327e-06, 1.25197493617e-06, 4.43534844408e-07, 5.40884848022e-08, 1.08076712024e-07, 2.19163524662e-07, 1.35252250288e-07, 4.26821245014e-08, 1.59134909694e-08, 2.77661627024e-08, 9.96031630507e-08, 1.0375384818e-07, 1.42721674479e-07, 2.24662866088e-08, 1.29618937805e-09]}, "melbands_skewness": {"dvar2": 4.21467971802, "var": 5.7803850174, "min": -3.01423692703, "dmean": 1.18999731541, "mean": 3.63754701614, "max": 18.9933395386, "dmean2": 1.85212886333, "median": 3.18750452995, "dvar": 1.70815241337}, "barkbands_skewness": {"dvar2": 1.83813345432, "var": 2.94775414467, "min": -3.80690288544, "dmean": 0.842406153679, "mean": 2.01239705086, "max": 11.4347677231, "dmean2": 1.30746769905, "median": 1.64085388184, "dvar": 0.755538523197}, "erbbands": {"dvar2": [0.205113083124, 38.3805923462, 233.100402832, 290.21572876, 271.70425415, 6863.91992188, 7644.45361328, 2219.69677734, 2923.2824707, 3189.52880859, 2855.31542969, 1439.85083008, 4574.96582031, 4019.28564453, 3754.8137207, 4880.02539062, 5015.69189453, 7350.79199219, 5590.72021484, 485.44052124, 366.114562988, 622.931152344, 1008.02587891, 1784.7578125, 344.374176025, 200.461395264, 103.564155579, 58.2538490295, 65.6053009033, 134.028640747, 229.17829895, 114.357673645, 80.9415283203, 44.3815422058, 15.7818613052, 1.92882108688, 0.105230733752, 0.00498188892379, 7.94255029177e-05, 2.55659074355e-07], "var": [0.076806165278, 12.9785585403, 99.3469390869, 220.13671875, 129.056365967, 2000.5501709, 2015.58239746, 788.354248047, 1453.05773926, 1200.66369629, 981.614624023, 628.517211914, 2466.94995117, 2474.32373047, 2286.89428711, 2928.26489258, 2254.00415039, 4653.65673828, 3010.67285156, 512.803466797, 730.467773438, 863.272399902, 912.462646484, 1649.50854492, 440.149993896, 218.468887329, 99.020980835, 40.9387969971, 55.0403137207, 87.7486495972, 114.334983826, 56.1023178101, 39.5101356506, 22.2125549316, 7.85375070572, 1.18138599396, 0.081159606576, 0.00359338638373, 4.58007561974e-05, 1.21500534078e-07], "min": [9.77308857643e-23, 8.67333304463e-22, 2.71604229066e-21, 1.1095694108e-20, 2.69463374165e-20, 4.99361051733e-20, 7.80027634099e-20, 1.95443482174e-19, 1.13020504677e-19, 3.63826370993e-19, 4.42457358691e-19, 5.94356153489e-19, 5.02965000114e-19, 7.36917526738e-19, 5.75495091355e-19, 1.64156101872e-18, 1.23179290726e-18, 2.425080557e-18, 3.54801504808e-18, 2.73327833386e-18, 6.40829186895e-18, 6.18563304602e-18, 5.80305498168e-18, 8.88811606607e-18, 9.97021637262e-18, 1.04144686098e-17, 8.6436097488e-18, 1.14442687678e-17, 1.29298834936e-17, 1.44146098274e-17, 1.38456981631e-17, 1.21921012529e-17, 1.05069225869e-17, 9.68860273307e-18, 7.23110289992e-18, 4.31873396638e-18, 2.57276496997e-18, 9.13997560539e-19, 2.84241101211e-19, 2.81979925459e-20], "dmean": [0.128284528852, 1.70873844624, 4.54303455353, 6.79598712921, 5.83711862564, 23.9218139648, 23.7753257751, 13.1640043259, 17.0697994232, 14.1581392288, 11.8736047745, 9.27362632751, 16.5139904022, 15.045217514, 14.8548374176, 18.3287620544, 16.1951999664, 22.9114665985, 18.2299442291, 8.17903518677, 7.44697093964, 9.67465019226, 10.3848581314, 16.1822280884, 8.85469150543, 5.43293905258, 4.43542718887, 3.00281381607, 2.70090270042, 2.7545273304, 2.38079762459, 1.6067378521, 1.26965022087, 0.849757611752, 0.465103894472, 0.180092006922, 0.0439957566559, 0.00892670080066, 0.00106486445293, 6.69561923132e-05], "mean": [0.122266799212, 1.64822733402, 5.74724292755, 12.4027795792, 9.54316043854, 22.5495109558, 21.6751213074, 14.2582950592, 22.2251110077, 15.2880001068, 12.7552461624, 10.6522035599, 20.2487678528, 20.3848609924, 21.2892456055, 28.6295490265, 26.3387775421, 37.5262756348, 29.1636219025, 16.6636295319, 16.9682731628, 21.0384616852, 22.7159919739, 36.1287651062, 22.6661434174, 13.0039138794, 10.6522045135, 6.44948911667, 5.87497615814, 5.24320983887, 3.81081557274, 2.51180291176, 1.86615347862, 1.12064981461, 0.570281088352, 0.21893401444, 0.052637886256, 0.00986019521952, 0.00113390828483, 9.61792975431e-05], "max": [2.56285190582, 25.7842464447, 88.6607055664, 152.751922607, 226.063461304, 423.356292725, 420.382385254, 550.667541504, 653.57244873, 628.856262207, 772.609741211, 538.134887695, 704.693237305, 766.745483398, 724.044677734, 846.769226074, 1140.52990723, 1348.88586426, 910.289916992, 421.37286377, 295.519470215, 469.070922852, 738.509643555, 447.555419922, 187.546356201, 221.252593994, 145.47984314, 86.7479553223, 116.333709717, 226.878845215, 241.244049072, 196.782485962, 133.534164429, 107.124488831, 62.032409668, 27.6730594635, 7.39960956573, 1.46812427044, 0.160929322243, 0.00948683265597], "dmean2": [0.205902680755, 2.81125187874, 7.88694095612, 11.1851387024, 9.86380767822, 41.0874519348, 41.724609375, 22.6161155701, 28.5223407745, 24.0025367737, 20.1553192139, 15.3304338455, 26.3567905426, 23.5255336761, 23.5398902893, 29.9149417877, 26.2916793823, 37.083316803, 29.3189754486, 13.0254640579, 11.6762247086, 15.4843082428, 16.4273109436, 25.8823814392, 14.3324565887, 8.48499298096, 7.29234409332, 5.06594753265, 4.20004606247, 4.26050853729, 3.69775724411, 2.47052288055, 1.93380236626, 1.30709302425, 0.734199285507, 0.287971019745, 0.070223711431, 0.0142807746306, 0.00167567946482, 0.000108191197796], "median": [0.024823255837, 0.391541659832, 2.61361408234, 8.19911193848, 6.67779350281, 7.82654380798, 7.66375541687, 5.95475006104, 8.82358932495, 5.56756591797, 4.1636762619, 3.73863124847, 4.2881436348, 5.15389585495, 8.10797786713, 12.8783950806, 12.8958778381, 19.671251297, 13.6997280121, 11.242269516, 10.7735385895, 14.5104379654, 16.2700386047, 26.3521232605, 18.8320846558, 10.3760719299, 9.43114948273, 5.36301279068, 4.03644371033, 3.11972951889, 1.86309206486, 1.17580235004, 0.76667368412, 0.368441581726, 0.144831106067, 0.0555251687765, 0.0121356677264, 0.00174509396311, 0.000229716155445, 5.17708540428e-05], "dvar": [0.082747399807, 14.9530076981, 85.0569610596, 105.857650757, 100.345985413, 2580.2331543, 2779.24072266, 849.920715332, 1166.16638184, 1232.56030273, 1084.40539551, 588.367492676, 1857.27453613, 1694.20288086, 1620.87023926, 1803.5111084, 1927.94592285, 3004.28417969, 2103.28564453, 210.956863403, 178.57963562, 291.312774658, 446.819213867, 698.359680176, 139.90196228, 85.0426483154, 42.1507225037, 22.0472316742, 28.4712352753, 59.426197052, 99.1599121094, 49.9179077148, 35.4327468872, 20.0208187103, 6.85079574585, 0.854121208191, 0.0479376241565, 0.00235565262847, 3.55236261385e-05, 1.07032661845e-07]}, "silence_rate_30dB": {"dvar2": 0.0131437303498, "var": 0.00408173818141, "min": 0, "dmean": 0.00504493154585, "mean": 0.99590164423, "max": 1, "dmean2": 0.0100914537907, "median": 1, "dvar": 0.00501910829917}, "melbands_spread": {"dvar2": 327.464263916, "var": 394.498138428, "min": 0.297574728727, "dmean": 9.47153568268, "mean": 23.4628658295, "max": 182.305648804, "dmean2": 14.4266052246, "median": 19.6237716675, "dvar": 146.241546631}, "melbands_crest": {"dvar2": 26.8630809784, "var": 28.1072807312, "min": 2.0986905098, "dmean": 3.70521521568, "mean": 14.8510227203, "max": 36.7872924805, "dmean2": 6.04376268387, "median": 14.1909122467, "dvar": 10.2824459076}, "zerocrossingrate": {"dvar2": 0.000383733713534, "var": 0.00182330049574, "min": 0.00439453125, "dmean": 0.0127281062305, "mean": 0.0610489323735, "max": 0.51953125, "dmean2": 0.015387095511, "median": 0.05615234375, "dvar": 0.000288072624244}, "barkbands_kurtosis": {"dvar2": 197.605895996, "var": 302.124633789, "min": -1.90771865845, "dmean": 5.51860761642, "mean": 8.19471168518, "max": 274.523071289, "dmean2": 8.94030380249, "median": 1.87505102158, "dvar": 81.7761154175}, "spectral_flux": {"dvar2": 0.0038972471375, "var": 0.00413516582921, "min": 6.56883089589e-11, "dmean": 0.0378283672035, "mean": 0.103900037706, "max": 0.376967608929, "dmean2": 0.0568715743721, "median": 0.0931426882744, "dvar": 0.00181964051444}, "barkbands_crest": {"dvar2": 26.4042816162, "var": 17.4593544006, "min": 2.4911468029, "dmean": 3.38891029358, "mean": 10.0931215286, "max": 26.2999248505, "dmean2": 5.55730295181, "median": 9.31924057007, "dvar": 10.2464494705}, "barkbands_flatness_db": {"dvar2": 0.00167728611268, "var": 0.00534769706428, "min": 0.0282636638731, "dmean": 0.0277393255383, "mean": 0.139125928283, "max": 0.483524262905, "dmean2": 0.0427285730839, "median": 0.117582395673, "dvar": 0.000715644680895}, "spectral_entropy": {"dvar2": 0.0807294696569, "var": 0.269857019186, "min": 4.90429544449, "dmean": 0.169112563133, "mean": 7.62249326706, "max": 9.80905342102, "dmean2": 0.255196601152, "median": 7.76232147217, "dvar": 0.0358898714185}, "pitch_salience": {"dvar2": 0.0178117100149, "var": 0.0140699110925, "min": 0.09851115942, "dmean": 0.0905472263694, "mean": 0.57754188776, "max": 0.878323256969, "dmean2": 0.147562742233, "median": 0.594217538834, "dvar": 0.00661764713004}, "erbbands_spread": {"dvar2": 321.550170898, "var": 461.890777588, "min": 1.84794712067, "dmean": 11.3334541321, "mean": 47.7204589844, "max": 176.235610962, "dmean2": 17.5662555695, "median": 45.8722229004, "dvar": 135.230377197}, "dynamic_complexity": 3.191218853, "spectral_contrast_valleys": {"dvar2": [0.43138808012, 0.594709396362, 0.263660609722, 0.188575387001, 0.17785051465, 0.262897729874], "var": [2.3008980751, 2.62821722031, 2.30664038658, 2.18291330338, 2.25645136833, 2.76962327957], "min": [-27.8747119904, -27.9417190552, -27.5065631866, -27.8020191193, -27.4298324585, -27.3916320801], "dmean": [0.461394488811, 0.487055301666, 0.35395526886, 0.274576514959, 0.225614190102, 0.278701215982], "mean": [-7.21435976028, -7.03946208954, -7.56709957123, -7.59155368805, -7.3208065033, -10.1748018265], "max": [-5.08878040314, -4.42163228989, -5.21861028671, -5.67480945587, -5.83180856705, -7.28028964996], "dmean2": [0.715986013412, 0.781355857849, 0.556570649147, 0.427502065897, 0.34148555994, 0.385136961937], "median": [-6.98459005356, -6.69920825958, -7.21426010132, -7.14795064926, -6.79726076126, -9.70968818665], "dvar": [0.205471917987, 0.253342986107, 0.131578043103, 0.0972891077399, 0.0973722040653, 0.136089906096]}, "hfc": {"dvar2": 224.535858154, "var": 283.438140869, "min": 1.08822313053e-16, "dmean": 6.34190320969, "mean": 21.0471057892, "max": 201.277313232, "dmean2": 9.66900444031, "median": 19.9132957458, "dvar": 106.604675293}, "spectral_kurtosis": {"dvar2": 19.0941791534, "var": 14.6938533783, "min": -1.21780407429, "dmean": 1.52303147316, "mean": 4.02366638184, "max": 96.4673461914, "dmean2": 2.54016256332, "median": 3.24505400658, "dvar": 7.80719661713}, "mfcc": {"mean": [-643.446655273, 109.568916321, 0.40897205472, 37.1991996765, 12.1124820709, 10.3677806854, 6.06202507019, 0.0289220586419, -12.7075977325, -2.90337777138, 0.723576545715, -2.67898821831, -4.32714319229], "cov": [[10357.1904297, -359.041381836, -352.992431641, -283.625549316, -530.038574219, -77.3123550415, -310.301361084, -40.3853607178, -53.2140846252, 65.4946365356, -8.05317592621, -33.7619628906, -13.0024547577], [-359.041381836, 1278.58886719, -82.1921386719, 193.966278076, 93.8890838623, -41.3188514709, 88.9948348999, 39.0644645691, 18.4109172821, -36.5020484924, 12.8656721115, 20.5722064972, -44.502658844], [-352.992431641, -82.1921386719, 647.682128906, 240.403747559, 111.802879333, 48.2581291199, -4.54577875137, -9.89210033417, -0.979693949223, -33.4843788147, 0.75117623806, 7.01577568054, -13.5693368912], [-283.625549316, 193.966278076, 240.403747559, 490.24432373, 222.544281006, 82.1176757812, 64.239906311, 23.8230686188, 18.5771045685, 7.69610500336, -1.5348662138, 29.8529186249, -14.7885417938], [-530.038574219, 93.8890838623, 111.802879333, 222.544281006, 308.215606689, 72.4914550781, 86.7020645142, 25.5378665924, 17.0615386963, 5.75576686859, 7.40304279327, 23.086473465, -11.2683334351], [-77.3123550415, -41.3188514709, 48.2581291199, 82.1176757812, 72.4914550781, 183.099960327, 71.5096969604, 40.721496582, 28.7324542999, 17.8830814362, -1.49588465691, 13.8654031754, 2.68903493881], [-310.301361084, 88.9948348999, -4.54577875137, 64.239906311, 86.7020645142, 71.5096969604, 182.716598511, 87.9485549927, 28.2747859955, 5.3283905983, 16.5554256439, 18.5431556702, -11.4641618729], [-40.3853607178, 39.0644645691, -9.89210033417, 23.8230686188, 25.5378665924, 40.721496582, 87.9485549927, 141.095947266, 57.4456596375, 8.92658805847, 7.92658996582, 4.31748104095, -2.61708784103], [-53.2140846252, 18.4109172821, -0.979693949223, 18.5771045685, 17.0615386963, 28.7324542999, 28.2747859955, 57.4456596375, 123.283119202, 55.784412384, -6.3460893631, -0.729748904705, -3.22452831268], [65.4946365356, -36.5020484924, -33.4843788147, 7.69610500336, 5.75576686859, 17.8830814362, 5.3283905983, 8.92658805847, 55.784412384, 98.5568313599, 27.4957523346, 4.23548221588, 6.75955963135], [-8.05317592621, 12.8656721115, 0.75117623806, -1.5348662138, 7.40304279327, -1.49588465691, 16.5554256439, 7.92658996582, -6.3460893631, 27.4957523346, 78.9349060059, 36.9765968323, 3.07074522972], [-33.7619628906, 20.5722064972, 7.01577568054, 29.8529186249, 23.086473465, 13.8654031754, 18.5431556702, 4.31748104095, -0.729748904705, 4.23548221588, 36.9765968323, 90.8253097534, 30.358379364], [-13.0024547577, -44.502658844, -13.5693368912, -14.7885417938, -11.2683334351, 2.68903493881, -11.4641618729, -2.61708784103, -3.22452831268, 6.75955963135, 3.07074522972, 30.358379364, 66.1640625]], "icov": [[0.000113753812911, 1.81018986041e-05, 5.30795477971e-05, -5.29236203874e-05, 0.000182935647899, -6.20024147793e-05, 0.00021126496722, -0.000151291242219, 0.000138103627251, -0.000144959049067, 5.71298587602e-05, -8.96670753718e-05, 0.000157914822921], [1.81018986041e-05, 0.000990008353256, 0.000363048427971, -0.000598278245889, 5.98853912379e-05, 0.000501077738591, -0.000388050801121, 0.000141991578857, -0.000527229509316, 0.000817821535747, -0.000395539216697, -0.000117018331366, 0.000501197529957], [5.30795477971e-05, 0.000363048427971, 0.00219538062811, -0.00123971130233, -9.43057602854e-06, -0.000257471750956, 0.000502352719195, 0.000331254821504, -0.000845608010422, 0.0016835371498, -0.00108638207894, 0.000390680885175, 0.000194729393115], [-5.29236203874e-05, -0.000598278245889, -0.00123971130233, 0.00403759395704, -0.00218101963401, -0.000636908225715, 0.000182906936971, -0.000439501338406, 0.000849792966619, -0.00154884066433, 0.00154031708371, -0.00122740946244, 0.000595485325903], [0.000182935647899, 5.98853912379e-05, -9.43057602854e-06, -0.00218101963401, 0.00573899364099, -0.000668592518196, -0.00162291736342, 0.000675124290865, -0.000186421340914, 1.46916790982e-05, -0.000168940692674, -0.000390382803744, 0.000513263104949], [-6.20024147793e-05, 0.000501077738591, -0.000257471750956, -0.000636908225715, -0.000668592518196, 0.00747930910438, -0.00255758478306, -0.000359224010026, -0.000356299628038, -0.0010852329433, 0.00138426362537, -0.000727969629224, -0.000382235244615], [0.00021126496722, -0.000388050801121, 0.000502352719195, 0.000182906936971, -0.00162291736342, -0.00255758478306, 0.0107209878042, -0.00590532645583, 0.00139579607639, -0.000311937270453, -0.000637758930679, -0.00148287054617, 0.00218588020653], [-0.000151291242219, 0.000141991578857, 0.000331254821504, -0.000439501338406, 0.000675124290865, -0.000359224010026, -0.00590532645583, 0.0134927406907, -0.00719368550926, 0.00446900120005, -0.0033450264018, 0.00224409182556, -0.00200603250414], [0.000138103627251, -0.000527229509316, -0.000845608010422, 0.000849792966619, -0.000186421340914, -0.000356299628038, 0.00139579607639, -0.00719368550926, 0.0169880799949, -0.0117130596191, 0.00736388517544, -0.00311613059603, 0.00274166557938], [-0.000144959049067, 0.000817821535747, 0.0016835371498, -0.00154884066433, 1.46916790982e-05, -0.0010852329433, -0.000311937270453, 0.00446900120005, -0.0117130596191, 0.0207497533411, -0.0108430208638, 0.00473200157285, -0.00366868008859], [5.71298587602e-05, -0.000395539216697, -0.00108638207894, 0.00154031708371, -0.000168940692674, 0.00138426362537, -0.000637758930679, -0.0033450264018, 0.00736388517544, -0.0108430208638, 0.0222856681794, -0.0102631514892, 0.00468025030568], [-8.96670753718e-05, -0.000117018331366, 0.000390680885175, -0.00122740946244, -0.000390382803744, -0.000727969629224, -0.00148287054617, 0.00224409182556, -0.00311613059603, 0.00473200157285, -0.0102631514892, 0.0188208911568, -0.00929027982056], [0.000157914822921, 0.000501197529957, 0.000194729393115, 0.000595485325903, 0.000513263104949, -0.000382235244615, 0.00218588020653, -0.00200603250414, 0.00274166557938, -0.00366868008859, 0.00468025030568, -0.00929027982056, 0.0206113792956]]}, "silence_rate_20dB": {"dvar2": 0, "var": 0, "min": 1, "dmean": 0, "mean": 1, "max": 1, "dmean2": 0, "median": 1, "dvar": 0}, "melbands_kurtosis": {"dvar2": 1578.7097168, "var": 1828.75146484, "min": -1.83986580372, "dmean": 15.2261018753, "mean": 27.0433921814, "max": 534.665893555, "dmean2": 24.5799770355, "median": 12.1700935364, "dvar": 626.812255859}, "barkbands_spread": {"dvar2": 188.164459229, "var": 229.283905029, "min": 0.399843931198, "dmean": 7.86080932617, "mean": 23.5705337524, "max": 112.19178772, "dmean2": 12.2141609192, "median": 22.9291725159, "dvar": 84.2267074585}, "erbbands_skewness": {"dvar2": 0.478279948235, "var": 0.811754405499, "min": -4.12724590302, "dmean": 0.445708245039, "mean": 0.0920864343643, "max": 6.6096162796, "dmean2": 0.69749635458, "median": -0.0659319534898, "dvar": 0.204616367817}, "average_loudness": 0.830858290195, "spectral_centroid": {"dvar2": 280493.21875, "var": 677690.5, "min": 153.690338135, "dmean": 334.637084961, "mean": 1451.93920898, "max": 11650.6328125, "dmean2": 517.615234375, "median": 1471.97216797, "dvar": 129800.171875}, "dissonance": {"dvar2": 0.000553276913706, "var": 0.000450645049568, "min": 0.185758620501, "dmean": 0.0129060307518, "mean": 0.47763261199, "max": 0.500000119209, "dmean2": 0.0215461459011, "median": 0.483225882053, "dvar": 0.000211967184441}, "erbbands_flatness_db": {"dvar2": 0.000668858876452, "var": 0.00220965500921, "min": 0.0214384868741, "dmean": 0.0180915296078, "mean": 0.148891717196, "max": 0.424115777016, "dmean2": 0.0272704660892, "median": 0.13948340714, "dvar": 0.00031492576818}, "spectral_strongpeak": {"dvar2": 1.34421145916, "var": 0.525311052799, "min": 0, "dmean": 0.433522224426, "mean": 0.664886951447, "max": 9.28970336914, "dmean2": 0.753043413162, "median": 0.465385019779, "dvar": 0.494371563196}, "spectral_rms": {"dvar2": 5.30761690243e-06, "var": 4.93593324791e-06, "min": 3.15641133022e-12, "dmean": 0.00125279603526, "mean": 0.00514172483236, "max": 0.0126785617322, "dmean2": 0.00195025326684, "median": 0.00511278258637, "dvar": 2.15347108679e-06}, "silence_rate_60dB": {"dvar2": 0.0226613413543, "var": 0.0339161008596, "min": 0, "dmean": 0.00945924594998, "mean": 0.0351513251662, "max": 1, "dmean2": 0.0189214758575, "median": 0, "dvar": 0.00936908926815}, "melbands": {"dvar2": [3.03826946038e-05, 6.37220728095e-05, 7.59105296311e-06, 7.48680258766e-06, 1.3386059436e-05, 1.05383242044e-06, 6.27911049378e-07, 3.74812117343e-07, 1.72648938701e-07, 5.45810081576e-08, 1.24159996062e-07, 7.87048506368e-08, 4.00741306805e-08, 3.93167631785e-08, 3.12544159442e-08, 1.80161894292e-08, 3.45823174541e-08, 1.92112672437e-08, 3.47718298599e-09, 6.05919425745e-10, 6.65654309451e-10, 8.11095801634e-10, 8.35672253618e-10, 1.77037662308e-09, 1.54958101906e-09, 3.95826732502e-10, 1.41301068068e-10, 1.20015455907e-10, 6.75845213127e-11, 2.4844690541e-11, 2.03493749629e-11, 2.16013387733e-11, 3.37334465916e-11, 4.82893794396e-11, 7.20559792389e-11, 9.30447177638e-11, 3.43258685365e-11, 3.62963548106e-11, 4.41341824198e-11, 3.68264620187e-11], "var": [1.11318768177e-05, 2.36332489294e-05, 5.35033268534e-06, 2.46241802415e-06, 3.6560109038e-06, 3.78333794515e-07, 3.10541366844e-07, 1.3632052287e-07, 5.83110093544e-08, 2.40541737639e-08, 6.57926193526e-08, 4.61268889751e-08, 2.46978899554e-08, 2.1906149783e-08, 1.43493190663e-08, 1.04516546529e-08, 2.08407922031e-08, 9.74323999259e-09, 2.2577755221e-09, 8.53260628819e-10, 1.17686715928e-09, 1.05924125027e-09, 6.71398270313e-10, 1.2573774244e-09, 1.30039234936e-09, 4.07305966732e-10, 1.46866532824e-10, 1.1681253187e-10, 6.00636901327e-11, 1.73412447596e-11, 1.42499432393e-11, 1.68450357829e-11, 2.44363054097e-11, 2.96360401497e-11, 3.5827792122e-11, 4.40494203613e-11, 1.58961403068e-11, 1.81989041892e-11, 2.01510752529e-11, 1.66177939465e-11], "min": [2.19926354273e-24, 1.01829666216e-24, 2.88766971699e-24, 2.66725961349e-24, 2.14106887932e-24, 3.97656499282e-24, 2.29939188249e-24, 3.9726388321e-24, 3.54109681263e-24, 3.61843870793e-24, 2.4182678961e-24, 3.53033122786e-24, 1.73250164486e-24, 2.53751132167e-24, 2.7393871382e-24, 3.38550188769e-24, 3.69719503084e-24, 4.91791507761e-24, 4.13444051465e-24, 3.58277746185e-24, 6.95767114252e-24, 5.68890946662e-24, 5.12044328211e-24, 4.65217663206e-24, 7.04438273322e-24, 5.19607256038e-24, 5.17327132478e-24, 6.21381672409e-24, 5.32204733606e-24, 6.33638362066e-24, 7.02426362469e-24, 6.6343486119e-24, 7.12628306126e-24, 6.34046518698e-24, 6.93629932287e-24, 7.59666583068e-24, 7.52472881588e-24, 6.16291626304e-24, 6.83698804579e-24, 7.10273714096e-24], "dmean": [0.00155124731828, 0.00233427411877, 0.00108194060158, 0.000915766577236, 0.00100025010761, 0.000292283541057, 0.000251430057688, 0.000149640647578, 9.16781718843e-05, 5.65232221561e-05, 8.59945648699e-05, 6.5401683969e-05, 4.78975889564e-05, 5.03386108903e-05, 4.03444173571e-05, 3.86467436329e-05, 4.70780796604e-05, 3.33498828695e-05, 1.70432722371e-05, 9.3914604804e-06, 9.29290399654e-06, 1.06896413854e-05, 1.01355144579e-05, 1.17866075016e-05, 1.48461394929e-05, 8.87890564627e-06, 5.08483344674e-06, 3.87937006963e-06, 3.48699427377e-06, 2.15102431866e-06, 1.77511094535e-06, 1.55751035891e-06, 1.71813553607e-06, 1.58268630912e-06, 1.46905927068e-06, 1.25993778965e-06, 9.32048465074e-07, 9.23920879359e-07, 8.10344772617e-07, 7.29867281279e-07], "mean": [0.00148311594967, 0.00279761711136, 0.00199986132793, 0.00105962564703, 0.000900959013961, 0.000319513666909, 0.000325914093992, 0.000157293499797, 9.71081972239e-05, 6.38309065835e-05, 0.000103404250694, 8.46317925607e-05, 6.54546020087e-05, 7.39013412385e-05, 6.24284002697e-05, 5.96725658397e-05, 7.21854594303e-05, 4.97036744491e-05, 2.77540420939e-05, 1.9198480004e-05, 1.97089739231e-05, 2.16040207306e-05, 1.99266760319e-05, 2.25210733333e-05, 3.09870956698e-05, 2.00507365662e-05, 1.12207480925e-05, 8.05871604825e-06, 7.51287825551e-06, 4.54091741631e-06, 3.46371029991e-06, 3.27723978444e-06, 3.25197515849e-06, 2.80102244687e-06, 2.25800681619e-06, 1.85075714398e-06, 1.39783344366e-06, 1.36042433496e-06, 1.0821804608e-06, 9.09862080789e-07], "max": [0.0256876330823, 0.0357664972544, 0.0246888659894, 0.0157131738961, 0.0182044487447, 0.0115202628076, 0.00884628109634, 0.00724737811834, 0.00592418387532, 0.00362419919111, 0.00353170419112, 0.00359612540342, 0.00241690687835, 0.00195469334722, 0.00283627631143, 0.00128052278887, 0.00293796299957, 0.00164893362671, 0.000970794470049, 0.000396087998524, 0.000440191186499, 0.000571733340621, 0.000383371138014, 0.00102491141297, 0.000402292585932, 0.000225047231652, 0.00015297664504, 0.000210323458305, 0.000106811421574, 5.74391960981e-05, 5.49443466298e-05, 7.24130586605e-05, 9.8557153251e-05, 0.000134092813823, 0.000124182115542, 0.000169727238244, 0.000105106249976, 8.57050617924e-05, 0.000109036656795, 0.000102041092759], "dmean2": [0.002510037506, 0.00396189559251, 0.00179946073331, 0.00154661491979, 0.00173892651219, 0.00050145102432, 0.000420070340624, 0.000253904057899, 0.000155859757797, 9.38752782531e-05, 0.000137802446261, 0.000103244034108, 7.61852643336e-05, 8.24305607239e-05, 6.59461657051e-05, 6.22907900834e-05, 7.63148127589e-05, 5.43764763279e-05, 2.74456779152e-05, 1.49388797581e-05, 1.49274646901e-05, 1.72601157828e-05, 1.65072688105e-05, 1.86607176147e-05, 2.41197867581e-05, 1.44509049278e-05, 8.32199566503e-06, 6.14319742454e-06, 5.73370289203e-06, 3.63991694