{"tonal": {"thpcp": [1, 0.682461440563, 0.240356087685, 0.179087743163, 0.155074819922, 0.164444476366, 0.209416761994, 0.206975072622, 0.166235208511, 0.154188141227, 0.151355236769, 0.167280465364, 0.221914976835, 0.252071738243, 0.227361932397, 0.204743012786, 0.188427239656, 0.196970134974, 0.255438894033, 0.330579638481, 0.398466795683, 0.399985074997, 0.321330159903, 0.255806773901, 0.214527741075, 0.166020810604, 0.136194229126, 0.1549256742, 0.180747881532, 0.170970350504, 0.162746280432, 0.144432425499, 0.115685194731, 0.136099770665, 0.173475638032, 0.55171495676], "hpcp": {"dmean2": [0.202671602368, 0.217880055308, 0.201112419367, 0.198099300265, 0.183044627309, 0.173296332359, 0.218799307942, 0.2706592381, 0.284765690565, 0.308722168207, 0.276643663645, 0.219077304006, 0.199271276593, 0.181267172098, 0.154904767871, 0.161126300693, 0.184694647789, 0.184837624431, 0.178143814206, 0.160560235381, 0.128467082977, 0.135411337018, 0.167823299766, 0.31368380785, 0.49828261137, 0.36515083909, 0.217274785042, 0.185731068254, 0.165907368064, 0.169353216887, 0.195106983185, 0.189261823893, 0.169782996178, 0.167788073421, 0.16575294733, 0.175998806953], "median": [0.00353211397305, 0.00383820710704, 0.00315685011446, 0.00221076537855, 0.0020512023475, 0.00232845032588, 0.00356622366235, 0.00528689986095, 0.00635416572914, 0.00664791557938, 0.00548349367455, 0.00321538257413, 0.00180381000973, 0.00151610781904, 0.00133872032166, 0.00143094186205, 0.00161176850088, 0.00153575476725, 0.00122672331054, 0.00111915683374, 0.00129238795489, 0.00164536037482, 0.00224456540309, 0.0573810636997, 0.101137876511, 0.0815891474485, 0.00467036571354, 0.00197211676277, 0.00168732996099, 0.00229081814177, 0.00304530723952, 0.00301460316405, 0.00261869514361, 0.0019442550838, 0.00188982801046, 0.00222288467921], "min": [3.04526452055e-07, 2.52023568237e-07, 2.53340033396e-07, 2.48177940421e-07, 0, 2.54920223597e-07, 1.22399953284e-07, 2.65901832108e-07, 3.16327486871e-07, 3.07558593704e-07, 4.74838742548e-07, 2.13839697949e-07, 2.11192059396e-07, 1.31308084406e-07, 2.06648465451e-07, 2.53531652561e-07, 2.9429529036e-07, 2.81290880366e-07, 2.97476390188e-07, 1.2530502147e-07, 2.73737668977e-07, 2.72074743179e-07, 3.37638368819e-07, 2.81441970174e-07, 2.52943237911e-07, 0, 2.13220275214e-07, 2.84175712295e-07, 2.64248399162e-07, 3.00595019098e-07, 2.66670610927e-07, 2.47969211387e-07, 3.17877010048e-07, 3.10545971161e-07, 2.71469957625e-07, 0], "dvar2": [0.128292441368, 0.138905540109, 0.122061632574, 0.134453877807, 0.11797709018, 0.111720755696, 0.145089015365, 0.169992730021, 0.182405352592, 0.196857556701, 0.18008390069, 0.140514835715, 0.138712748885, 0.127188503742, 0.105467438698, 0.104253187776, 0.131178870797, 0.13023544848, 0.124255381525, 0.114006370306, 0.0833421424031, 0.0833193510771, 0.113057635725, 0.126293182373, 0.276891261339, 0.165142670274, 0.140322729945, 0.126377597451, 0.112027749419, 0.105011500418, 0.120122797787, 0.116804659367, 0.10619559139, 0.104575254023, 0.103793829679, 0.115030221641], "dvar": [0.0480509996414, 0.0543409585953, 0.0463179424405, 0.0496572293341, 0.0434495843947, 0.0424154698849, 0.0551736429334, 0.0659198239446, 0.0738735720515, 0.0753969997168, 0.0673716142774, 0.0527574755251, 0.0511020123959, 0.0451177656651, 0.0371165983379, 0.0373784899712, 0.0477736666799, 0.0463698133826, 0.044537242502, 0.0404779091477, 0.0293162707239, 0.0305128507316, 0.0420088805258, 0.0524200499058, 0.128272607923, 0.0683732628822, 0.0515756085515, 0.0460641793907, 0.0405210964382, 0.0378454104066, 0.0452364422381, 0.0441235527396, 0.0381245389581, 0.0375506691635, 0.0365699157119, 0.0413265228271], "dmean": [0.110881224275, 0.120118498802, 0.11017870903, 0.106657475233, 0.0989629924297, 0.09444257617, 0.119196295738, 0.14937402308, 0.156351774931, 0.167643681169, 0.151142910123, 0.119688175619, 0.107254333794, 0.0956267863512, 0.0816369727254, 0.0858005583286, 0.0988970026374, 0.0981906577945, 0.0941696688533, 0.0849205106497, 0.0680909007788, 0.0735249146819, 0.0914898067713, 0.174696236849, 0.27389729023, 0.203368842602, 0.119518198073, 0.100886918604, 0.0894014239311, 0.0917655751109, 0.106440015137, 0.103400185704, 0.0917121171951, 0.0895600169897, 0.0885272696614, 0.0935963466763], "max": [1, 1, 1, 1, 1, 1, 1, 1, 1, 1, 1, 1, 1, 1, 1, 1, 1, 1, 1, 1, 1, 1, 1, 1, 1, 1, 1, 1, 1, 1, 1, 1, 1, 1, 1, 1], "var": [0.0415043085814, 0.0510216243565, 0.0422314815223, 0.0414518341422, 0.0357496924698, 0.0398455522954, 0.0527907572687, 0.0660710632801, 0.0874263644218, 0.0820973142982, 0.0615396983922, 0.050193734467, 0.0443375818431, 0.0319755636156, 0.0244404673576, 0.0275360271335, 0.0358629263937, 0.0323679596186, 0.0313684679568, 0.0272399727255, 0.018809825182, 0.0229607913643, 0.0329777672887, 0.0663513764739, 0.187742754817, 0.0945346653461, 0.042289506644, 0.0341466702521, 0.0285033751279, 0.0273506622761, 0.0393140874803, 0.0393352843821, 0.0276985410601, 0.0264139417559, 0.0249012298882, 0.030704414472], "mean": [0.084362000227, 0.0958262309432, 0.0864326879382, 0.0778340026736, 0.0716314837337, 0.0748791024089, 0.0971062779427, 0.125671371818, 0.151478990912, 0.15205617249, 0.122155144811, 0.0972461253405, 0.0815537124872, 0.0631135776639, 0.0517748631537, 0.0588957108557, 0.0687121376395, 0.0649951696396, 0.0618687495589, 0.0549066513777, 0.0439782589674, 0.0517389550805, 0.0659475624561, 0.209736973047, 0.38015460968, 0.259440869093, 0.091372475028, 0.0680810287595, 0.0589524097741, 0.0625143274665, 0.0796107500792, 0.0786825269461, 0.063195079565, 0.0586153306067, 0.0575383901596, 0.06359244138]}, "tuning_equal_tempered_deviation": 0.209004402161, "chords_changes_rate": 0.0901159718633, "key_key": "A#", "tuning_diatonic_strength": 0.682463526726, "key_scale": "minor", "chords_number_rate": 0.00117033731658, "tuning_frequency": 434.193115234, "tuning_nontempered_energy_ratio": 0.839706897736, "chords_histogram": [13.8099794388, 6.12831163406, 23.5344181061, 0.51069265604, 1.10650074482, 0, 0.063836582005, 3.30886268616, 3.75571870804, 21.6512393951, 5.16012334824, 11.7246513367, 4.85158014297, 2.28747749329, 0.755399525166, 0.0319182910025, 0.159591451287, 0.063836582005, 0.0425577200949, 0.414937764406, 0, 0.574529230595, 0, 0.063836582005], "key_strength": 0.657559752464, "chords_key": "F", "chords_strength": {"dmean2": 0.0150330560282, "median": 0.494663953781, "min": 0.196474447846, "dvar2": 0.00015925464686, "dvar": 9.40733807511e-05, "dmean": 0.0119317118078, "max": 0.766638994217, "var": 0.00754473404959, "mean": 0.493547201157}, "chords_scale": "minor", "hpcp_entropy": {"dmean2": 1.31569671631, "median": 2.2509894371, "min": 0.0364694111049, "dvar2": 1.00743722916, "dvar": 0.366976261139, "dmean": 0.779254198074, "max": 4.70237874985, "var": 0.633674919605, "mean": 2.27100610733}}, "metadata": {"audio_properties": {"equal_loudness": 0, "codec": "mp3", "downmix": "mix", "sample_rate": 44100, "analysis_sample_rate": 44100, "bit_rate": 244016, "md5_encoded": "69f2ca1b536f9f1567cb1ad762a35deb", "length": 436.427764893, "replay_gain": -6.6941204071, "lossless": false}, "version": {"essentia_build_sha": "70f2e5ece6736b2c40cc944ad0e695b16b925413", "essentia": "2.1-beta2", "extractor": "music 1.0", "essentia_git_sha": "v2.1_beta2"}, "tags": {"title": ["Timemorf"], "language": ["mul"], "media": ["CD"], "albumartist": ["Ricardo Villalobos"], "musicbrainz_releasegroupid": ["674b3cdf-88ee-4a72-bf58-69d6233e0735"], "musicbrainz_recordingid": ["1fdede35-cdfd-4192-b22e-26f52f6186f9"], "musicbrainz_albumartistid": ["bbd79854-df54-4c1b-b7d6-cf7eea2d0afb"], "discnumber": ["1/1"], "bpm": ["0"], "catalognumber": ["PERL92CD"], "musicbrainz album release country": ["DE"], "musicbrainz album type": ["album"], "musicbrainz album status": ["Official"], "file_name": "02. Ricardo Villalobos - Timemorf.mp3", "originaldate": ["2012-07-11"], "acoustid_fingerprint": ["AQADtFwyaVGSJEmCPvCPidrQUcS57UEuaLrASjx-fLswHc6UCdpzofBzyFTwIzbjYONSvDbh46GU4k0UUENPIuwhnrHwF6mN42kIxySYpTmKfCbOD48OMxt0uM6ETziP5_iGw1xxHUd0Bj8ebHLm4BP841Xw7EheDbnU4wmNSzIqp0aXZ0dzHtGjFC9DQdN1_MdxmMa548efQ-zG4ceZwxY-wyNxp9D5Im-O97Ak4cfFw5Eu7DmuwGM4HD9SD9JDFZwLK0wUFfF2PLngHX1DhM_waOgXHCUviOlxE5-WHM9xMQm2KiO68uiLLcuO8ugPv8GPC-ehmFXxEQ9uPPCL40uOQ4ePqNqFbjq-I_zwEnrx5Mg3DV6RHz60mUF4eBMefMXxGS_yQVeOJ3iORjgTVFv2oXlGfMmh6cObC2mc4z3KLPNRLjzSE28K2Tlu4umFhxA35FJ4mMR74lcM5sSV-ngUNBNr9MVxi0i6BXmWoGo-8EuN_nh1HHfDIJSSa2h-XIyxJ0KYXeizOIi4UULfBOKPsM9R_oXzHM-SwWqG6kfW5EMpPaAOvcSHS6gSSnhycQjlY_uDH3_wTIiuHn8M_bCN-CCHH64u_MJ_3Ad1PPrxE7_QBx874Tt6B152JbhOvBmcTBmSWkFOvBdMPYFPCqWcYH-HiuIC4yd8ncj7w-oK8Zdw88JOeD3eyfh4eI-hPsefwHEi8Cd-Bf6DB0-VhNB0Ab-CLEyuoPlwZ8SvC9XhGzzy5bikHT9-qItDwmJJ41JwULrhfEF9fD6eMPIEh8RzacOOPocupcV75MoJH5Oc4TmK5rmIf3jQM8G_ooUuJ0e_41dw48bn4DlO-vgx6xfyaLKQsIqJZ0h_OD7q8Xhx_WjLKnjx3DCPM0d447iPKfpRUUE_Hk2FL-Cl40e8n0g8JzqqJh-oPrgPRyweT8fhHsd5HHG2BxcPL2IcPAxxaHJy5OWHqsnhPjiat3hMND3R9_iSJA--Ui1S9ZAn88iPi7i2BP_QR2Pw4wkuHWHWB8mjn-jzwVcQe7CaCOqPPFdwHs-E5_CRayQuE1cC-Z-wXjG-G_F3BYd__HGxjUEfGtd09CGaJ0e-B0mVEz_RPHOO7gH-7DiNf0P-IVn4KERZBu8R5jPqg3mGJqlynMRvlInyCD_48eihK8fDKCWaED36q0jIfcONN1mKZweTn_iOHwW1JYbPHMlI5Fk4XK_wCw--4yEe4ZobIZGWH_mDi7jDo0mOWkE_XnB7gU1vpL-gUUcc5mjyoJaOPi6-6PAJ715QZiIpxLyC50GfHWF-POCP6-CbIxeeSYGuLEGofMQfPPvBGw2OKyeaJaKNPgv6oPlxI38IPVqK0oLpcEOfDBd5_MYh_UXwxjiNnkeKDz4U0Rc-4vnR5MMH_Tm2dbgK94WeQOfhwhODd5C4S0H8oz9RsuD3GK6OH0d_5NShilmOPElwVCYs8_iNHj-O3mhyDV1uvKiP72hOlIhzVIc7CRczNbD041NuxC8ePEOzjDpyGz-0H34GRga-q_DIGIc-NHVKTPpx6InRHHtyQj96XC9-9IFBTVqIA86PB78B8fhw5AucXDF-5DH8QcrxIDQP58px_WBOo62ODz5OGscRX4b47MgP49GFw_mRe_gEHWlfXC9yOM-hS4d5HJd0OMcpHCrw4sPhr4Kf5EF1_KioB-Y59GLREz5M5UGPS8cvnMePPod1HYd6He6k47h0gXpBqD_y7cKr2Tix--hb4dHxf8ihLxe842K2CXmyo5n8oL_QfMakLfiIuA--Q4odIMc__DDjIMtxEtoXCl44QvMQ6jgeWGOSwy_KHVeiXMGnID-0PCrC87gZ4nlw0sQjRcjP4NJ0MJtEwpmOO8ZHHOVj6LvQpGFWotseRGZyNC9aHuuIt3iygHnh42WIhA7iTMe_NHgHf7lQ0ww-VWicjQhPhVCvHOH8w3nw6Anu42YOK01yhPrx7MEv9IH4JEEt3Xj0oNrhF8W1o88k-NDRbEOu6OBxXegbNNmDbz_yQ3SyBDeJnEGz6A56_EeeBxqZKPiHsNyJF5WkZDs2_YjNQl-OE7kPT02OJ0Nu9AzUS3hI_ByeE30EV2mDHj_6oE8U7Aw1nAcPzTrMs8QP3cfhLzj-4HAP_BncAUcO88bhI8-P48cP_wh_nCZ6JU8mlJ3wJGieB8l0g3yQJ0YpKVvQhPnwXcGJcCFRncdPHLl8OLkL7sjFFKXEQ5dOlEyL_EVfND9uZjiKZjoyXhBCPcXxSTH440fGp4cDfRR-5MSNH4ePHD8O6PCP44I_3JAPXjgOws8Iywf9wzUOXcDx7YB96HiCC3lwF9_xUAnyHxp_tIenHT1TaDmP8EGvkWjY4M7RaOgjEfeD60e1BWGKxM3xHk_yCJ86Cs86tMuKk4Xd5MiPLyl4ivgLPxdeZshHpMe1wM9RCtojpJGOJ0qOHw-O9AMMDBDKCIUA4sIoQwEQAhgICGLLEEGo8E4gSaxTxgIGGRAIMSIEUEggQABAwhkhnIEUGCAQIMYhAQxghiFCgTGGUaGMMlIIRZwBSDimDBAKAgaYUk4AoRggxWopEEKACKQUoUZggiwiSjCqEBOGGCGIYoAABhwgAgxACBMMAaUpAsIIoYQnyghkhADCACAAEEoYhZBSThGEiEUMMeCIUAQAYggkwiigiAIEImOgEw4QoQwhCiAhCGBCACIAQIYYJ4AQggjDgHHAEIccEAYYABAggCEOCCuAKgGMIAoAhgxRwBMAhRpEAEQMExQI5YCRRADhgFGCAScYQ4JQTIEhkAgFDBGCCMKoAIhxhRxDQDHFgCKKAKaAQAgQgBgiQgLAJBMIACIAsUAwgiiDAAEjADAMAIaEAYARBIBgCAkACBACMSIcUEAAwYBihApAlBGACyMQABwoCZAFQCginIdGKgKBMhQQAhBAQBnCCHIGAgOIgMCAopQSQBKggGFASEagEMBh44gATDAAmGLKOGAkAAghAQAFBilggFXCAKEcEswIAgADRiCuNBAAGCQoAYAoACgzyBFGgFBUAQqSKAYCYgwlwiIhnFGOKeCMFIoiwIRQhCBkoCBCEOCABQogCISQBCgAGAJIWIUoIQAIRgBQgEhEAHBACKUAcIIohQgAChBAhBGOEECcAAwhQYQRQjFFIXGScCKpQxoAQA0QgEDCiFICEIOcGARJYChQGhIBAATCKIGAsAQRAQCxgBjgFBCCWaCIEkgRg4SDghDlgDASKeEEkkQRIhQgxABlCBAAGQQYI0IY4AQCVhFAhRPCQgCsGE4RYxwRYggnDBKCAGKIIoCRwKhRCghhhSAGCAGBwBCCAxRAQigrmAWAK_CM9UogKZAxBgkhhGgWAScVkwgAKoQiDBgBoBBAMEEAIghYBgxlzDEGAARGGKuEFEYJiAwaAA"], "date": ["2012-09-21"], "genre": ["Electronic, House"], "album": ["Dependent and Happy"], "musicbrainz_artistid": ["bbd79854-df54-4c1b-b7d6-cf7eea2d0afb"], "asin": ["B008RGMGA6"], "musicbrainz_albumid": ["42f9b509-366a-4c62-a0cb-4b7b8ab0bf90"], "tracknumber": ["2/11"], "encodedby": ["LAME 3.98.4"], "artistsort": ["Villalobos, Ricardo"], "artist": ["Ricardo Villalobos"], "label": ["Perlon"], "albumartistsort": ["Villalobos, Ricardo"], "acoustid_id": ["b95adfef-375b-4c48-9ee3-852d26ce908e"], "script": ["Latn"]}}, "rhythm": {"bpm_histogram_first_peak_bpm": {"dmean2": 0, "median": 129, "min": 129, "dvar2": 0, "dvar": 0, "dmean": 0, "max": 129, "var": 0, "mean": 129}, "bpm": 128.011322021, "bpm_histogram_second_peak_spread": {"dmean2": 0, "median": 0.333333313465, "min": 0.333333313465, "dvar2": 0, "dvar": 0, "dmean": 0, "max": 0.333333313465, "var": 0, "mean": 0.333333313465}, "bpm_histogram_first_peak_weight": {"dmean2": 0, "median": 0.618945121765, "min": 0.618945121765, "dvar2": 0, "dvar": 0, "dmean": 0, "max": 0.618945121765, "var": 0, "mean": 0.618945121765}, "onset_rate": 5.93893003464, "beats_position": [0.487619042397, 0.975238084793, 1.45124709606, 1.92725622654, 2.39165520668, 2.89088439941, 3.40172338486, 3.92417216301, 4.446621418, 4.94585037231, 5.42185926437, 5.89786815643, 6.3622674942, 6.83827638626, 7.31428575516, 7.77868461609, 8.24308395386, 8.70748329163, 9.18349170685, 9.64789104462, 10.1239004135, 10.5882987976, 11.0526981354, 11.5287075043, 12.0047159195, 12.4691152573, 12.933514595, 13.3979139328, 13.8623123169, 14.3383216858, 14.8143310547, 15.2787294388, 15.7431287766, 16.2075271606, 16.6835365295, 17.1595458984, 17.6239452362, 18.088344574, 18.5527439117, 19.0171432495, 19.4931507111, 19.96916008, 20.4335594177, 20.8979587555, 21.3623580933, 21.826757431, 22.3027667999, 22.7787742615, 23.2431735992, 23.707572937, 24.1719722748, 24.6479816437, 25.1239910126, 25.5883903503, 26.0527877808, 26.5171871185, 26.9931964874, 27.4575958252, 27.9336051941, 28.3980045319, 28.8624038696, 29.3384113312, 29.8144207001, 30.2788200378, 30.7432193756, 31.2076187134, 31.6720180511, 32.1480255127, 32.6240348816, 33.0884361267, 33.5528335571, 34.028842926, 34.5048522949, 34.9692497253, 35.4336509705, 35.8980484009, 36.362449646, 36.8384590149, 37.3028564453, 37.7788658142, 38.2432632446, 38.7076644897, 39.1836738586, 39.6596832275, 40.124080658, 40.5884780884, 41.0528793335, 41.5172767639, 41.9932861328, 42.4692955017, 42.9336967468, 43.3980941772, 43.8624954224, 44.3268928528, 44.8029022217, 45.2789115906, 45.743309021, 46.2077102661, 46.6721076965, 47.1481170654, 47.6241264343, 48.0885238647, 48.5529251099, 49.0173225403, 49.4817237854, 49.9577331543, 50.4337387085, 50.8981399536, 51.362537384, 51.8385467529, 52.3145561218, 52.7789573669, 53.2433547974, 53.7077522278, 54.1837615967, 54.6481628418, 55.1241722107, 55.5885696411, 56.0529708862, 56.5173683167, 56.9817695618, 57.457775116, 57.9337844849, 58.39818573, 58.8625831604, 59.3385925293, 59.8146018982, 60.2789993286, 60.7434005737, 61.2077980042, 61.6721992493, 62.1482086182, 62.6242179871, 63.0886154175, 63.5530128479, 64.0290222168, 64.5050354004, 64.9694290161, 65.4338302612, 65.8982315063, 66.3626327515, 66.8270263672, 67.3030395508, 67.779045105, 68.2434463501, 68.7078475952, 69.1722412109, 69.6482543945, 70.1242599487, 70.5886611938, 71.053062439, 71.5174560547, 71.9818572998, 72.4578704834, 72.9338760376, 73.3982772827, 73.8626708984, 74.338684082, 74.8146896362, 75.2790908813, 75.7434921265, 76.2078933716, 76.6722869873, 77.1483001709, 77.6243057251, 78.0887069702, 78.5531082153, 79.0175018311, 79.4935150146, 79.9695205688, 80.433921814, 80.8983230591, 81.3627166748, 81.8387298584, 82.3031311035, 82.7791366577, 83.2435379028, 83.7079315186, 84.1723327637, 84.6483459473, 85.1243515015, 85.5887527466, 86.0531539917, 86.5175476074, 86.993560791, 87.4695663452, 87.9339675903, 88.3983688354, 88.8627624512, 89.3271636963, 89.8031692505, 90.2791824341, 90.7435836792, 91.2079772949, 91.67237854, 92.1483917236, 92.6243972778, 93.0887985229, 93.5531921387, 94.0175933838, 94.4936065674, 94.9696121216, 95.4340133667, 95.8984146118, 96.3628082275, 96.8388214111, 97.3148269653, 97.7792282104, 98.2436294556, 98.7080230713, 99.1840362549, 99.6484298706, 100.124443054, 100.588844299, 101.053237915, 101.51763916, 101.993652344, 102.458045959, 102.934059143, 103.398452759, 103.862854004, 104.338867188, 104.803260803, 105.279273987, 105.743675232, 106.208068848, 106.684082031, 107.160087585, 107.624488831, 108.088890076, 108.553283691, 109.029296875, 109.505302429, 109.969703674, 110.434104919, 110.898498535, 111.36289978, 111.827301025, 112.30330658, 112.779319763, 113.243713379, 113.708114624, 114.172515869, 114.648521423, 115.124534607, 115.588935852, 116.053329468, 116.517730713, 116.982131958, 117.458137512, 117.934150696, 118.398544312, 118.862945557, 119.338951111, 119.814964294, 120.27936554, 120.743759155, 121.2081604, 121.672561646, 122.1485672, 122.624580383, 123.088973999, 123.553375244, 124.029388428, 124.505393982, 124.969795227, 125.434196472, 125.898590088, 126.362991333, 126.838996887, 127.303398132, 127.779411316, 128.243804932, 128.708206177, 129.18421936, 129.660217285, 130.12461853, 130.589019775, 131.053421021, 131.517822266, 131.982223511, 132.458221436, 132.934234619, 133.398635864, 133.863037109, 134.327438354, 134.803451538, 135.279449463, 135.743850708, 136.208251953, 136.672653198, 137.148666382, 137.624664307, 138.089065552, 138.553466797, 139.017868042, 139.482269287, 139.946670532, 140.422668457, 140.898681641, 141.363082886, 141.839096069, 142.315093994, 142.779495239, 143.243896484, 143.708297729, 144.172698975, 144.648712158, 145.124710083, 145.589111328, 146.053512573, 146.517913818, 146.993927002, 147.458312988, 147.934326172, 148.398727417, 148.863128662, 149.327529907, 149.803527832, 150.279541016, 150.743942261, 151.208343506, 151.672744751, 152.148742676, 152.624755859, 153.089157104, 153.55355835, 154.017959595, 154.493972778, 154.969970703, 155.434371948, 155.898773193, 156.363174438, 156.827575684, 157.303573608, 157.779586792, 158.243988037, 158.708389282, 159.172790527, 159.648788452, 160.124801636, 160.589202881, 161.053604126, 161.518005371, 161.982406616, 162.458404541, 162.934417725, 163.39881897, 163.863220215, 164.32762146, 164.803619385, 165.279632568, 165.744033813, 166.208435059, 166.684448242, 167.148834229, 167.624847412, 168.089248657, 168.553649902, 169.018051147, 169.494049072, 169.970062256, 170.434463501, 170.898864746, 171.363265991, 171.827667236, 172.303665161, 172.779678345, 173.24407959, 173.708480835, 174.184494019, 174.660491943, 175.124893188, 175.589294434, 176.053695679, 176.518096924, 176.994094849, 177.470108032, 177.934509277, 178.398910522, 178.863311768, 179.327713013, 179.792098999, 180.268112183, 180.744125366, 181.208526611, 181.672927856, 182.148925781, 182.613327026, 183.08934021, 183.553741455, 184.0181427, 184.482528687, 184.95854187, 185.422943115, 185.898956299, 186.363357544, 186.839355469, 187.315368652, 187.779769897, 188.244171143, 188.708572388, 189.184570312, 189.648971558, 190.124984741, 190.589385986, 191.053787231, 191.518188477, 191.982574463, 192.446975708, 192.922988892, 193.399002075, 193.86340332, 194.327789307, 194.80380249, 195.279815674, 195.744216919, 196.208618164, 196.673019409, 197.149017334, 197.625030518, 198.089431763, 198.553833008, 199.018234253, 199.494232178, 199.970245361, 200.434646606, 200.899047852, 201.363449097, 201.827835083, 202.303848267, 202.77986145, 203.244262695, 203.70866394, 204.173049927, 204.637451172, 205.113464355, 205.589477539, 206.053878784, 206.518280029, 206.994277954, 207.470291138, 207.934692383, 208.399093628, 208.863494873, 209.339492798, 209.815505981, 210.279907227, 210.744308472, 211.208709717, 211.684707642, 212.149108887, 212.62512207, 213.089523315, 213.553924561, 214.018310547, 214.49432373, 214.970336914, 215.434738159, 215.899139404, 216.363540649, 216.839538574, 217.303939819, 217.779953003, 218.244354248, 218.708755493, 219.184753418, 219.660766602, 220.125167847, 220.589569092, 221.053970337, 221.518356323, 221.994369507, 222.47038269, 222.934783936, 223.399185181, 223.863571167, 224.327972412, 224.803985596, 225.279998779, 225.744400024, 226.20880127, 226.673187256, 227.149200439, 227.625213623, 228.089614868, 228.554016113, 229.0184021, 229.494415283, 229.970428467, 230.434829712, 230.899230957, 231.363616943, 231.839630127, 232.315643311, 232.780044556, 233.244445801, 233.708831787, 234.173233032, 234.649246216, 235.125259399, 235.589660645, 236.05406189, 236.518447876, 236.982849121, 237.447250366, 237.92326355, 238.399276733, 238.86366272, 239.339675903, 239.804077148, 240.280090332, 240.744491577, 241.208877563, 241.673278809, 242.149291992, 242.625305176, 243.089706421, 243.554092407, 244.018493652, 244.494506836, 244.97052002, 245.434921265, 245.89932251, 246.363708496, 246.828109741, 247.304122925, 247.780136108, 248.244537354, 248.70892334, 249.173324585, 249.649337769, 250.125350952, 250.589752197, 251.054138184, 251.518539429, 251.982940674, 252.447341919, 252.923355103, 253.399353027, 253.863754272, 254.339767456, 254.81578064, 255.280181885, 255.74458313, 256.208984375, 256.684997559, 257.160980225, 257.625396729, 258.089782715, 258.554199219, 259.018585205, 259.483001709, 259.947387695, 260.423400879, 260.899414062, 261.363800049, 261.839813232, 262.304199219, 262.780212402, 263.244628906, 263.709014893, 264.185028076, 264.66104126, 265.125427246, 265.58984375, 266.054229736, 266.51864624, 266.994628906, 267.47064209, 267.935058594, 268.39944458, 268.863861084, 269.32824707, 269.804260254, 270.280273438, 270.744659424, 271.209075928, 271.673461914, 272.149475098, 272.625488281, 273.089874268, 273.554290771, 274.018676758, 274.483093262, 274.959075928, 275.435089111, 275.899505615, 276.363891602, 276.839904785, 277.315917969, 277.780303955, 278.244720459, 278.709106445, 279.173522949, 279.649505615, 280.125518799, 280.589935303, 281.054321289, 281.518737793, 281.994720459, 282.470733643, 282.935150146, 283.399536133, 283.863952637, 284.328338623, 284.804351807, 285.28036499, 285.744750977, 286.20916748, 286.673553467, 287.14956665, 287.625579834, 288.08996582, 288.554382324, 289.018768311, 289.494781494, 289.970794678, 290.435180664, 290.899597168, 291.363983154, 291.828399658, 292.304382324, 292.780395508, 293.244812012, 293.709197998, 294.173614502, 294.649597168, 295.125610352, 295.590026855, 296.054412842, 296.518829346, 296.983215332, 297.447601318, 297.923614502, 298.399627686, 298.864044189, 299.340026855, 299.816040039, 300.280456543, 300.744842529, 301.209259033, 301.67364502, 302.149658203, 302.625671387, 303.090057373, 303.554473877, 304.018859863, 304.494873047, 304.97088623, 305.435272217, 305.899688721, 306.364074707, 306.840087891, 307.316101074, 307.780487061, 308.244903564, 308.709289551, 309.185302734, 309.661315918, 310.125701904, 310.590118408, 311.054504395, 311.530517578, 312.006530762, 312.470916748, 312.935333252, 313.399719238, 313.864135742, 314.328521729, 314.804534912, 315.280548096, 315.744934082, 316.220947266, 316.696960449, 317.161346436, 317.625762939, 318.090148926, 318.55456543, 319.018951416, 319.4949646, 319.970977783, 320.43536377, 320.899780273, 321.36416626, 321.840179443, 322.316192627, 322.780578613, 323.244995117, 323.709381104, 324.185394287, 324.661407471, 325.125793457, 325.590209961, 326.054595947, 326.518981934, 326.994995117, 327.471008301, 327.935424805, 328.399810791, 328.864196777, 329.328613281, 329.804626465, 330.280639648, 330.745025635, 331.209442139, 331.673828125, 332.149841309, 332.625854492, 333.090240479, 333.554656982, 334.019042969, 334.495056152, 334.971069336, 335.435455322, 335.899871826, 336.364257812, 336.828643799, 337.304656982, 337.780670166, 338.24508667, 338.709472656, 339.173858643, 339.649871826, 340.12588501, 340.590301514, 341.0546875, 341.519073486, 341.98348999, 342.459503174, 342.935516357, 343.399902344, 343.86428833, 344.340301514, 344.816314697, 345.280731201, 345.745117188, 346.209503174, 346.673919678, 347.149932861, 347.625946045, 348.090332031, 348.554718018, 349.019134521, 349.495147705, 349.971160889, 350.435546875, 350.899963379, 351.364349365, 351.840362549, 352.316375732, 352.780761719, 353.245178223, 353.709564209, 354.173950195, 354.649963379, 355.125976562, 355.590393066, 356.054779053, 356.519165039, 356.995178223, 357.471191406, 357.93560791, 358.399993896, 358.864379883, 359.340393066, 359.81640625, 360.280822754, 360.74520874, 361.209594727, 361.68560791, 362.161621094, 362.626037598, 363.090423584, 363.55480957, 364.019226074, 364.495239258, 364.971252441, 365.435638428, 365.900024414, 366.364440918, 366.828826904, 367.304840088, 367.780853271, 368.245239258, 368.709655762, 369.174041748, 369.650054932, 370.126068115, 370.590484619, 371.054870605, 371.519256592, 371.995269775, 372.471282959, 372.935699463, 373.400085449, 373.864471436, 374.328887939, 374.804901123, 375.280914307, 375.745300293, 376.209686279, 376.674102783, 377.150115967, 377.62612915, 378.090515137, 378.554901123, 379.019317627, 379.483703613, 379.959716797, 380.43572998, 380.900115967, 381.364532471, 381.828918457, 382.304931641, 382.780944824, 383.245330811, 383.709747314, 384.174133301, 384.650146484, 385.126159668, 385.590545654, 386.054962158, 386.519348145, 386.995361328, 387.471374512, 387.935760498, 388.400177002, 388.864562988, 389.340576172, 389.816589355, 390.280975342, 390.745391846, 391.209777832, 391.674194336, 392.15020752, 392.626220703, 393.090606689, 393.554992676, 394.01940918, 394.495422363, 394.971435547, 395.435821533, 395.90020752, 396.364624023, 396.840637207, 397.305023193, 397.781036377, 398.245422363, 398.709838867, 399.174224854, 399.650238037, 400.126251221, 400.590637207, 401.055053711, 401.519439697, 401.995452881, 402.471466064, 402.935852051, 403.400268555, 403.864654541, 404.340667725, 404.816680908, 405.281066895, 405.745483398, 406.209869385, 406.674285889, 407.150299072, 407.626281738, 408.090698242, 408.555084229, 409.019500732, 409.495513916, 409.971496582, 410.435913086, 410.900299072, 411.364715576, 411.84072876, 412.316741943, 412.78112793, 413.245513916, 413.70993042, 414.174316406, 414.65032959, 415.126342773, 415.59072876, 416.055145264, 416.51953125, 416.995544434, 417.471557617, 417.935943604, 418.400360107, 418.864746094, 419.329162598, 419.805175781, 420.281158447, 420.745574951, 421.209960938, 421.674377441, 422.150390625, 422.626373291, 423.090789795, 423.555175781, 424.019592285, 424.495605469, 424.971588135, 425.436004639, 425.900390625, 426.364807129, 426.829193115, 427.305206299, 427.781219482, 428.245605469, 428.710021973, 429.174407959, 429.650421143, 430.126434326, 430.590820312, 431.055236816, 431.519622803, 431.984039307, 432.46005249, 432.936035156, 433.40045166, 433.864837646, 434.32925415, 434.805267334, 435.28125, 435.745666504, 436.21005249], "beats_loudness": {"dmean2": 0.3606993258, "median": 0.0447445884347, "min": 0.000946685438976, "dvar2": 0.0893252417445, "dvar": 0.0344920046628, "dmean": 0.194817528129, "max": 0.642843663692, "var": 0.0362050011754, "mean": 0.164944157004}, "danceability": 1.60576474667, "bpm_histogram_second_peak_weight": {"dmean2": 0, "median": 0.00215285248123, "min": 0.00215285248123, "dvar2": 0, "dvar": 0, "dmean": 0, "max": 0.00215285248123, "var": 0, "mean": 0.00215285248123}, "beats_count": 930, "bpm_histogram_second_peak_bpm": {"dmean2": 0, "median": 115, "min": 115, "dvar2": 0, "dvar": 0, "dmean": 0, "max": 115, "var": 0, "mean": 115}, "bpm_histogram_first_peak_spread": {"dmean2": 0, "median": 0.377031445503, "min": 0.377031445503, "dvar2": 0, "dvar": 0, "dmean": 0, "max": 0.377031445503, "var": 0, "mean": 0.377031445503}, "beats_loudness_band_ratio": {"dmean2": [0.68163472414, 0.222979635, 0.241534382105, 0.121320009232, 0.0518033914268, 0.273723959923], "median": [0.847241282463, 0.0198927111924, 0.0148938037455, 0.00816209893674, 0.00507649127394, 0.0283946022391], "min": [0.014181911014, 6.14090822637e-05, 8.55509915709e-06, 1.43500928971e-05, 7.54930988478e-06, 5.51038556296e-06], "dvar2": [0.256471663713, 0.0591145195067, 0.0721230581403, 0.0210661496967, 0.00233602430671, 0.0744589492679], "dvar": [0.0954993665218, 0.0203247759491, 0.0223832540214, 0.00672432221472, 0.000760325114243, 0.0286789834499], "dmean": [0.362915635109, 0.118223324418, 0.127354383469, 0.0645207762718, 0.0277964547276, 0.149148598313], "max": [0.999616920948, 0.880450069904, 0.787200450897, 0.603843808174, 0.146939724684, 0.869635641575], "var": [0.116685420275, 0.0170473884791, 0.0192002989352, 0.00591771770269, 0.000809560355265, 0.0243875887245], "mean": [0.680028676987, 0.0852045342326, 0.0876501724124, 0.0459406077862, 0.0211235620081, 0.103857085109]}}, "lowlevel": {"barkbands_spread": {"dmean2": 17.1951370239, "median": 1.5440376997, "min": 0.00839767698199, "dvar2": 1182.15356445, "dvar": 485.153930664, "dmean": 10.2434406281, "max": 132.380737305, "var": 474.896789551, "mean": 10.0161123276}, "melbands_spread": {"dmean2": 23.2651596069, "median": 1.2391166687, "min": 0.0107223233208, "dvar2": 3302.81713867, "dvar": 1305.40087891, "dmean": 13.3428249359, "max": 284.144775391, "var": 1086.66479492, "mean": 11.3596735001}, "hfc": {"dmean2": 117.968528748, "median": 6.4847612381, "min": 0.000515833264217, "dvar2": 97483.1171875, "dvar": 34045.328125, "dmean": 62.8307495117, "max": 1390.53173828, "var": 19219.9199219, "mean": 41.5072555542}, "barkbands_kurtosis": {"dmean2": 258.549743652, "median": 31.8328132629, "min": -1.95711147785, "dvar2": 615103.9375, "dvar": 253045.859375, "dmean": 160.848251343, "max": 13528.4619141, "var": 283206.3125, "mean": 176.381790161}, "gfcc": {"mean": [-127.671546936, 126.807495117, -42.9204673767, 29.3160839081, -23.0316905975, 17.4924144745, -19.29829216, 7.34473085403, -3.50510263443, 5.38822412491, -1.15104353428, -0.58246999979, -6.59609270096], "icov": [[0.000155230532982, 0.000195038708625, 0.000140030257171, -2.12276427192e-05, 0.000162257812917, -0.00010695149831, -6.20693463134e-05, 0.000149371742737, -8.58572457219e-05, 0.000332290917868, -0.000223392707994, 0.000341058766935, -9.98136456474e-05], [0.000195038708625, 0.00112660008017, 0.000127426159452, 0.000509709643666, -0.000143105222378, 0.00111044733785, -0.000800719542895, 0.00146029517055, -0.00123993097804, 0.00190081924666, -0.00100067490712, 0.00157465424854, -0.000717383984011], [0.000140030257171, 0.000127426159452, 0.00103507889435, -0.000342073035426, -9.72809866653e-05, 6.48458590149e-05, -0.000652492279187, 0.000386778527172, -0.000129913969431, 1.31294891617e-05, -0.000309741182718, -0.000159126793733, 4.89411504532e-05], [-2.12276427192e-05, 0.000509709643666, -0.000342073035426, 0.00252350675873, -0.000742411240935, 0.000384670565836, -0.000960666395258, 0.00121422437951, -9.46639338508e-05, 0.000817914900836, -0.000408103631344, 0.00100623199251, 0.000151836022269], [0.000162257812917, -0.000143105222378, -9.72809866653e-05, -0.000742411240935, 0.00395171577111, -0.00252571632154, 0.000674655369949, 0.000203062896617, -0.00231239409186, 0.00149404269177, -0.00204921793193, 0.00152666750364, -0.000935459160246], [-0.00010695149831, 0.00111044733785, 6.48458590149e-05, 0.000384670565836, -0.00252571632154, 0.0079473843798, -0.00386857287958, 0.00132127432153, -0.000145558093209, -0.000624620064627, 0.00391166750342, -0.00129216001369, -0.000480823800899], [-6.20693463134e-05, -0.000800719542895, -0.000652492279187, -0.000960666395258, 0.000674655369949, -0.00386857287958, 0.00738751888275, -0.00424465257674, 0.000764071184676, 0.00172919000033, -0.00446071382612, 0.00258023058996, -0.00159962032922], [0.000149371742737, 0.00146029517055, 0.000386778527172, 0.00121422437951, 0.000203062896617, 0.00132127432153, -0.00424465257674, 0.010817931965, -0.00469911005348, 0.0008995741955, 0.000265966082225, -0.00120601151139, 0.00246513122693], [-8.58572457219e-05, -0.00123993097804, -0.000129913969431, -9.46639338508e-05, -0.00231239409186, -0.000145558093209, 0.000764071184676, -0.00469911005348, 0.0104608461261, -0.0061650602147, 0.00104171701241, 0.000889190821908, -0.00320268771611], [0.000332290917868, 0.00190081924666, 1.31294891617e-05, 0.000817914900836, 0.00149404269177, -0.000624620064627, 0.00172919000033, 0.0008995741955, -0.0061650602147, 0.0160139910877, -0.0079837674275, 0.00326412101276, 0.00177059543785], [-0.000223392707994, -0.00100067490712, -0.000309741182718, -0.000408103631344, -0.00204921793193, 0.00391166750342, -0.00446071382612, 0.000265966082225, 0.00104171701241, -0.0079837674275, 0.0149253904819, -0.00699861580506, 0.00128055817913], [0.000341058766935, 0.00157465424854, -0.000159126793733, 0.00100623199251, 0.00152666750364, -0.00129216001369, 0.00258023058996, -0.00120601151139, 0.000889190821908, 0.00326412101276, -0.00699861580506, 0.0157862063497, -0.0083483774215], [-9.98136456474e-05, -0.000717383984011, 4.89411504532e-05, 0.000151836022269, -0.000935459160246, -0.000480823800899, -0.00159962032922, 0.00246513122693, -0.00320268771611, 0.00177059543785, 0.00128055817913, -0.0083483774215, 0.0165066644549]], "cov": [[14072.6572266, -4570.33886719, -1960.38195801, 106.12159729, -1137.76574707, 470.775390625, -444.553527832, 37.1654281616, -741.969543457, -96.3682250977, -504.576507568, 37.4039649963, -283.654388428], [-4570.33886719, 4024.51123047, 512.266418457, -151.396575928, 579.520202637, -408.520782471, 307.387145996, -204.663528442, 412.69744873, -156.776473999, 259.68838501, -215.07850647, 196.405303955], [-1960.38195801, 512.266418457, 1591.82922363, 332.396697998, 387.533966064, 79.0686340332, 349.486206055, 33.9163665771, 170.070220947, 39.5012130737, 188.710693359, 4.66286706924, 72.1789550781], [106.12159729, -151.396575928, 332.396697998, 614.906860352, 205.971450806, 113.81187439, 163.492965698, -15.064704895, 10.4951934814, -18.8372783661, 30.9987468719, -44.7075195312, -0.45741713047], [-1137.76574707, 579.520202637, 387.533966064, 205.971450806, 658.796569824, 153.841537476, 231.30078125, 34.5967750549, 237.259307861, 9.39498233795, 112.374679565, -48.7454872131, 85.9818878174], [470.775390625, -408.520782471, 79.0686340332, 113.81187439, 153.841537476, 310.606567383, 137.66746521, 50.8541755676, 15.1589698792, -2.83864974976, -35.1506614685, 9.87243938446, 18.2891521454], [-444.553527832, 307.387145996, 349.486206055, 163.492965698, 231.30078125, 137.66746521, 406.776367188, 105.277313232, 115.131462097, 0.581713318825, 116.662590027, -26.6268692017, 48.7052383423], [37.1654281616, -204.663528442, 33.9163665771, -15.064704895, 34.5967750549, 50.8541755676, 105.277313232, 189.141174316, 83.2177734375, 47.7167205811, 34.5196533203, 16.1790008545, -6.70190429688], [-741.969543457, 412.69744873, 170.070220947, 10.4951934814, 237.259307861, 15.1589698792, 115.131462097, 83.2177734375, 276.503143311, 76.3635559082, 88.3323516846, -22.6283740997, 52.6251220703], [-96.3682250977, -156.776473999, 39.5012130737, -18.8372783661, 9.39498233795, -2.83864974976, 0.581713318825, 47.7167205811, 76.3635559082, 142.37361145, 66.3034973145, 9.61001777649, -14.6988782883], [-504.576507568, 259.68838501, 188.710693359, 30.9987468719, 112.374679565, -35.1506614685, 116.662590027, 34.5196533203, 88.3323516846, 66.3034973145, 183.081207275, 34.1392250061, 31.9747524261], [37.4039649963, -215.07850647, 4.66286706924, -44.7075195312, -48.7454872131, 9.87243938446, -26.6268692017, 16.1790008545, -22.6283740997, 9.61001777649, 34.1392250061, 135.952087402, 44.4938964844], [-283.654388428, 196.405303955, 72.1789550781, -0.45741713047, 85.9818878174, 18.2891521454, 48.7052383423, -6.70190429688, 52.6251220703, -14.6988782883, 31.9747524261, 44.4938964844, 110.128463745]]}, "spectral_energyband_middle_low": {"dmean2": 0.0160558205098, "median": 0.00168566918001, "min": 1.60710854402e-07, "dvar2": 0.000896784709767, "dvar": 0.000319645769196, "dmean": 0.00880588870496, "max": 0.169910818338, "var": 0.000213665742194, "mean": 0.0069012530148}, "melbands_crest": {"dmean2": 7.6842417717, "median": 25.4541931152, "min": 2.42237281799, "dvar2": 57.2308006287, "dvar": 26.9365730286, "dmean": 5.06312274933, "max": 39.8356819153, "var": 71.1696624756, "mean": 24.7067050934}, "spectral_kurtosis": {"dmean2": 16.9464378357, "median": 13.4923477173, "min": -0.827327013016, "dvar2": 405.630004883, "dvar": 174.384292603, "dmean": 10.5536594391, "max": 180.649215698, "var": 373.05758667, "mean": 19.1484889984}, "spectral_rms": {"dmean2": 0.00523522403091, "median": 0.00842908769846, "min": 1.74452052306e-05, "dvar2": 3.58336947102e-05, "dvar": 1.47113114508e-05, "dmean": 0.00355303729884, "max": 0.0276134163141, "var": 3.83776859962e-05, "mean": 0.00908392388374}, "zerocrossingrate": {"dmean2": 0.0201995670795, "median": 0.00634765625, "min": 0.00048828125, "dvar2": 0.00133879855275, "dvar": 0.000940315483604, "dmean": 0.0149958403781, "max": 0.443359375, "var": 0.0019923010841, "mean": 0.0235893856734}, "silence_rate_60dB": {"dmean2": 0.126044154167, "median": 0, "min": 0, "dvar2": 0.141752660275, "dvar": 0.059069737792, "dmean": 0.0630453303456, "max": 1, "var": 0.060274284333, "mean": 0.0644251778722}, "erbbands_kurtosis": {"dmean2": 16.0358715057, "median": 2.47594547272, "min": -1.95856261253, "dvar2": 1021.74163818, "dvar": 475.308837891, "dmean": 10.099480629, "max": 318.959625244, "var": 732.516113281, "mean": 11.0647954941}, "erbbands": {"dmean2": [2.59256005287, 17.4446277618, 35.1860771179, 25.4571266174, 19.8647537231, 19.9902801514, 11.4386224747, 15.0424995422, 19.8829593658, 22.9828853607, 13.9360771179, 23.6134586334, 19.8513774872, 38.4862365723, 36.5700111389, 24.5354366302, 22.2114105225, 53.1948280334, 46.5277099609, 21.0736408234, 23.7991886139, 14.1098613739, 16.2323493958, 16.8994750977, 10.9950466156, 8.7353553772, 13.8552961349, 18.8025989532, 15.1901216507, 24.9114894867, 34.6639900208, 35.2541809082, 47.4779891968, 43.5228157043, 16.9504413605, 6.33421897888, 4.05959129333, 0.892120599747, 0.0970521196723, 0.00259871594608], "median": [1.15927767754, 3.51389217377, 1.73332726955, 1.11503231525, 1.29799985886, 0.950205087662, 0.898477196693, 1.25474596024, 1.34286308289, 1.3130491972, 0.653907239437, 0.393863230944, 0.340961307287, 0.305265069008, 0.293826729059, 0.234487965703, 0.292110592127, 0.455608427525, 0.317738652229, 0.124762751162, 0.173070549965, 0.19270503521, 0.0927543193102, 0.064959846437, 0.0514931380749, 0.0324360914528, 0.026518419385, 0.0220264922827, 0.0144123006612, 0.013037671335, 0.0100296344608, 0.00636517908424, 0.00473747914657, 0.0027219040785, 0.00108137598727, 0.000557922874577, 0.000342058454407, 7.37480804673e-05, 6.6343061917e-05, 0.00011233999976], "min": [1.79149162172e-09, 8.05450639518e-09, 3.22434274835e-08, 4.71729535434e-08, 1.10008109289e-07, 4.55920940112e-07, 3.99596592615e-06, 8.53640813148e-05, 0.000454552966403, 0.000154262568685, 0.000611585390288, 0.000813695369288, 0.000500052585267, 0.000595165067352, 0.00026618517586, 4.85945820401e-05, 0.000719656585716, 0.000325847504428, 0.000161527961609, 0.000224024362979, 0.000184829710633, 0.000233545521041, 0.000171001243871, 0.000169826904312, 7.26551952539e-05, 0.000119252756122, 0.000117849427625, 0.000121761826449, 8.38232881506e-05, 0.000162086580531, 0.000283003610093, 0.000113991358376, 2.76078117167e-05, 1.80755387191e-06, 7.05944194124e-06, 3.83647875424e-06, 1.52184725266e-07, 1.19505418894e-08, 3.40738082194e-09, 7.49930006982e-10], "dvar2": [15.9319877625, 946.060424805, 6020.25244141, 3254.65454102, 1559.7166748, 1931.55200195, 533.623474121, 960.845336914, 1718.38769531, 4520.26904297, 1497.51123047, 7121.1640625, 4242.20507812, 22153.6796875, 24383.375, 7400.26074219, 4668.89941406, 38874.7304688, 29983.3691406, 5325.50683594, 6948.20898438, 1508.1875, 2401.35253906, 2849.49072266, 1037.04724121, 640.317077637, 1709.66259766, 3051.7668457, 2259.62353516, 6103.87646484, 11975.8251953, 12693.3994141, 22446.7871094, 19067.0605469, 2872.66772461, 390.267700195, 159.917999268, 7.33755922318, 0.0832682177424, 5.4968510085e-05], "dvar": [6.75920009613, 409.414916992, 2166.17285156, 1148.34472656, 561.729064941, 685.596435547, 192.851226807, 354.023712158, 638.948730469, 1629.60302734, 573.375, 2512.37915039, 1507.17785645, 7636.88378906, 8489.61621094, 2576.45336914, 1640.28491211, 13406.7978516, 10362.8886719, 1846.57836914, 2391.51489258, 528.799194336, 844.149108887, 988.637268066, 362.764465332, 224.504547119, 599.091308594, 1062.86560059, 785.135559082, 2115.61401367, 4141.19580078, 4381.15625, 7754.27050781, 6582.42626953