{"tonal": {"thpcp": [1, 0.596951663494, 0.194828242064, 0.180697262287, 0.160288587213, 0.153641209006, 0.172318056226, 0.187803834677, 0.218972414732, 0.297490686178, 0.458093434572, 0.574106216431, 0.481657624245, 0.327810913324, 0.22771538794, 0.169746056199, 0.151881486177, 0.169420346618, 0.223252221942, 0.237740039825, 0.228858873248, 0.24376770854, 0.248543322086, 0.278786301613, 0.376947045326, 0.577011466026, 0.766008079052, 0.692320823669, 0.45102968812, 0.275563240051, 0.202032133937, 0.174802824855, 0.148733541369, 0.138193339109, 0.148029625416, 0.583339393139], "hpcp": {"dmean2": [0.3463781178, 0.278775334358, 0.213019758463, 0.175371184945, 0.156818330288, 0.155826300383, 0.175125733018, 0.189453497529, 0.198463499546, 0.224465191364, 0.24875845015, 0.303338468075, 0.374436199665, 0.441235125065, 0.486497163773, 0.480676263571, 0.388086915016, 0.27005058527, 0.205024808645, 0.172929912806, 0.141126945615, 0.129950731993, 0.132689386606, 0.303882062435, 0.491778790951, 0.309962302446, 0.170444056392, 0.156633913517, 0.143444657326, 0.150895759463, 0.175316855311, 0.180360451341, 0.197899371386, 0.254920005798, 0.321183055639, 0.347666352987], "median": [0.0737192332745, 0.0302392169833, 0.0153128327802, 0.00986952520907, 0.00934409722686, 0.0120722316206, 0.0205193124712, 0.0254006627947, 0.0233915708959, 0.0206064712256, 0.0180005803704, 0.0169640742242, 0.0338004119694, 0.0813490971923, 0.0983228683472, 0.0808167383075, 0.04093875736, 0.0171487443149, 0.0123114520684, 0.0116848582402, 0.0127664702013, 0.0112985773012, 0.0127392364666, 0.166058629751, 0.287208169699, 0.176670327783, 0.0177653897554, 0.0173424892128, 0.0144333681092, 0.0108712157235, 0.0108965979889, 0.0147016439587, 0.0203309301287, 0.0318278297782, 0.0641383454204, 0.0929683148861], "min": [0, 0, 0, 0, 0, 0, 0, 0, 0, 0, 0, 0, 0, 0, 0, 0, 0, 0, 0, 0, 0, 0, 0, 0, 0, 0, 0, 0, 0, 0, 0, 0, 0, 0, 0, 0], "dvar2": [0.158306062222, 0.152168229222, 0.135108441114, 0.114049427211, 0.103613682091, 0.0978724732995, 0.0997662842274, 0.100857540965, 0.111996546388, 0.131892457604, 0.151977151632, 0.194374546409, 0.213395997882, 0.215006172657, 0.236315444112, 0.244806274772, 0.218746840954, 0.163207232952, 0.128200158477, 0.111250221729, 0.0772785916924, 0.0714009255171, 0.0703896507621, 0.104881875217, 0.224878177047, 0.103651329875, 0.0958084389567, 0.0891109406948, 0.0790246725082, 0.0896364450455, 0.107796043158, 0.108089327812, 0.105286121368, 0.128478646278, 0.146648138762, 0.154844999313], "dvar": [0.0606703273952, 0.0570573844016, 0.0482778549194, 0.0399758256972, 0.0365410409868, 0.0347850248218, 0.0359739288688, 0.0362827517092, 0.0395177640021, 0.0475661680102, 0.0534566566348, 0.069226898253, 0.0779845118523, 0.0795495659113, 0.0966031402349, 0.0939255207777, 0.0792854130268, 0.0587663538754, 0.0457275137305, 0.0390836708248, 0.0273068100214, 0.0253883954138, 0.0254670325667, 0.0386017337441, 0.0871234387159, 0.0389107093215, 0.034664157778, 0.0319922231138, 0.0283567141742, 0.0314621552825, 0.0377174131572, 0.0386837124825, 0.0374122299254, 0.0460723154247, 0.0536659546196, 0.0582054555416], "dmean": [0.195526763797, 0.153762117028, 0.116003669798, 0.0940176025033, 0.0841561853886, 0.0848079621792, 0.0969661921263, 0.105054050684, 0.108884528279, 0.121483772993, 0.134202450514, 0.161749064922, 0.202572867274, 0.246376886964, 0.27330198884, 0.27042734623, 0.212022185326, 0.14551281929, 0.109530590475, 0.0927117690444, 0.0763314962387, 0.0704304352403, 0.0729878470302, 0.172200262547, 0.276933163404, 0.17561930418, 0.093523286283, 0.0868532136083, 0.0789796635509, 0.0817405730486, 0.0938697829843, 0.0980518311262, 0.108600199223, 0.141055867076, 0.178967341781, 0.197665169835], "max": [1, 1, 1, 1, 1, 1, 1, 1, 1, 1, 1, 1, 1, 1, 1, 1, 1, 1, 1, 1, 1, 1, 1, 1, 1, 1, 1, 1, 1, 1, 1, 1, 1, 1, 1, 1], "var": [0.0659388303757, 0.0520128235221, 0.0380969122052, 0.0276222452521, 0.0245277080685, 0.0259600002319, 0.0335223861039, 0.0323305688798, 0.0309684351087, 0.0371660850942, 0.0395048521459, 0.0492673739791, 0.0624058619142, 0.0864630788565, 0.129533156753, 0.114875800908, 0.075534440577, 0.0472289249301, 0.0324192531407, 0.0266569722444, 0.019208997488, 0.0184201709926, 0.0194904580712, 0.0507330745459, 0.138356044888, 0.0501247234643, 0.028214244172, 0.0252850148827, 0.0219655521214, 0.0221798252314, 0.0269890017807, 0.0282820723951, 0.029114862904, 0.0399910770357, 0.0653527453542, 0.0835355818272], "mean": [0.187662228942, 0.127720862627, 0.0887218937278, 0.0661360323429, 0.0591756813228, 0.0660091266036, 0.0869829654694, 0.0926276743412, 0.0891674160957, 0.09497615695, 0.0968368202448, 0.108620017767, 0.146865159273, 0.224813759327, 0.298450142145, 0.269740283489, 0.175729051232, 0.10736425221, 0.078715249896, 0.0681062340736, 0.0579491890967, 0.0538425408304, 0.0576749257743, 0.227279216051, 0.389617472887, 0.232582807541, 0.0759084895253, 0.0704028084874, 0.0624512322247, 0.0598612986505, 0.0671381279826, 0.0731716528535, 0.0853154808283, 0.115907564759, 0.178481206298, 0.223681807518]}, "tuning_equal_tempered_deviation": 0.172124102712, "chords_changes_rate": 0.0856906846166, "key_key": "D", "tuning_diatonic_strength": 0.428527027369, "key_scale": "minor", "chords_number_rate": 0.00247780303471, "tuning_frequency": 434.193115234, "tuning_nontempered_energy_ratio": 0.83737128973, "chords_histogram": [41.6683883667, 9.35370635986, 0.0619450770319, 0.0619450770319, 0, 1.79640722275, 0.867231070995, 1.15630805492, 1.73446214199, 5.74024343491, 9.0026845932, 3.84059476852, 0.970472872257, 0.0619450770319, 0, 0.165186867118, 4.33615541458, 9.84926700592, 1.56927525997, 0, 0.165186867118, 0, 0, 7.59859609604], "key_strength": 0.578192055225, "chords_key": "D", "chords_strength": {"dmean2": 0.015602179803, "median": 0.483900308609, "min": -1, "dvar2": 0.00077300646808, "dvar": 0.000397031690227, "dmean": 0.0120070977136, "max": 0.778380393982, "var": 0.0269428882748, "mean": 0.476887911558}, "chords_scale": "minor", "hpcp_entropy": {"dmean2": 1.18926370144, "median": 2.58103871346, "min": 0, "dvar2": 0.900242686272, "dvar": 0.318363159895, "dmean": 0.695185303688, "max": 4.78816413879, "var": 0.671991288662, "mean": 2.56941986084}}, "metadata": {"audio_properties": {"equal_loudness": 0, "codec": "mp3", "downmix": "mix", "sample_rate": 44100, "analysis_sample_rate": 44100, "bit_rate": 320000, "md5_encoded": "4670f8c39f8dbf7c002ff5d8c59f1994", "length": 224.835922241, "replay_gain": -8.11139678955, "lossless": false}, "version": {"essentia_build_sha": "5a811adb4c06fd6d02ca903f7349a26d851abfa8", "essentia": "2.1-beta1", "extractor": "music 1.0", "essentia_git_sha": "v2.1_beta1-34-gf95df8b"}, "tags": {"title": ["Bin\u00e4\u00e4ripyhimys"], "language": ["fin"], "albumartist": ["Kuusumun Profeetta"], "musicbrainz_recordingid": ["1fe2a32e-19cd-4d4c-9082-22426847563e"], "musicbrainz_albumartistid": ["ce131ba3-ff96-4584-b663-6cc75877af86"], "acoustid_fingerprint": ["AQADtEoUJVkYJSpq_CI-w9bC4hGOR8KPaHhEqNTha0eX4l-OU7iJH3qE8NExJccr5fhF_CN6UJV05Av4QH8x7WgfwzWH0EmGozn6XHhy_HiaCrkz9NmhKEeegw-rYT8eJkMYTSfaCT9-6HsE7bXgiomOSN2O98FHgTsabTtCaemh_EF4YcqPxslRq5vx5ArCRI4uopszqM4R8mj-Bd-PStqCp9mPPkO9Gzm86PDc4U8chGMy3C_-4B_aZZkQJiLVQB_eI-tyNIwI48_hJjlCSyZmH62PZDleWsYj48d74ZYsNOcR3tB79KIwhcty6DK-5OB9fMQZg56sCTrCD02I57hyI_xSaDlyZUej6eiJHPrxbKmCXKkTA2_gHzlDglsOPdGHyhkXNE8qRL2LasvxHPkTTE9STLlkCb2N7zj1YFLYI8yXa_gR-eh7NFWiaNC3C_lwTIqyB02kXBx-3AiPhE1yXEfDy7i2gXkeNIoShUF9eOIT9KWOR1ly_Ai0cBbRF7H0RHgP18EbIsJ_aFGkfAif4zJ5ND_yeSHEP8iVHy_hdCoe3EhvaGSOr0d-vMKE5jiPZh_64fvwo3rwOHCj0PjBrEEuHToR8cuHpkcdHFNe9ARnI8ezvIGu4zki3QicD9rpJMiTLJXxXPiJu7gSEb5x-eijHE3t4_twkSnSKrOgBzmZSIazZceZ44Z__MKlq3g4-TgHH2ce_BIu-HiiCheRI7mMkpnRZD-u9Ak-G02OPit6HZ5ctGIyIWfyDbtQtmgoHRW9BXLYojziXfiDPpNwH-F3os-hZUd-4NER5jL8oY8KPUcoB9RR3-jwXfCPH1fwEMXxXjgSHvkFWs2LbyW6K4bNSDl6IbQ-PITr4GfROHghncE3bfjK4r8QSksPfwip49Mw_TgPlzIeiXgEEZp8_GRwXnjyYE9Eoxear8OP68Olg8kNPVkKXgNuPniG67ghppSOv4hzTPmO5zguN_gRiTzOQctDPJHa4T3xo4-Hpsdx8Wieo5KkNXjw4_vxiRF-Yd-hZeSDOsmFplQ29A8eK0xwUURVNJqCu0ePZg_a_YiUkfjzEEfMlUY_XdCn5PiDLjripseVI8zRhyr4GZ8i3NlxDVX0bNBSO8hzXD3KDttzfDncSA_yrhl-_Eeew4yYCX9Q8Yi3KPihpeIR6mg8WQgtM9CeI8xJBc3jocezYLfwhS-y7IeWB1fy43qO8JTgI4-EZkoO_HhwLoeq9eDx3oRznMkO_gr0PGjO8KhEGg8uZUenJIVOodlxMTryG68eBed2fCh5NFn2aIia5Uh69BuFPyr6JDlOPFThIHmOPNHxC1Peozq49MUXHF50JOPjIMyz4M2HX8F5obyLD803PANP4b-MTE6L5_hhlcc35nj0IdqYpcFp4mjyI9TjQA9yrIpyoQ5-4WBO9IOP8FqMXUJJRkGkPMNx8iBJNPvxo1d23DWyHz90HXW0B-lzMHgvNBURfsqIa3ugBj_CYz8uh8NzI0zEZ7iWR1D1IM-BH5cSNF_QP7hzIoymB5qOfBe2B5ePpkm1oV8Qw_KiXTgT4UovxFoXicL08WiqZMJz_PjxMAtSqEHOHG9y9FmFX9iFx8WRyET8wvOMyUmSNLhOHPuO5E-FrMl2VFnSYkpOPDN-Bbk0NtCTaXCd4ToGHdfRZ_hxBYk2Bd2PU1o3XP5RR9ukobmGZ0clLkeaNBm0nPqQ5-j3oLnAPsNlTByc7UQYRQr0I48cXEOPv2iWHWce3MeVoCmFUsMVPagvpHyNSLlwFewRWdHR5go8aPNEPPhxDeeMpsc0PfgL5oP2QKWP-4GibBc6fcOjo2EwSc-JB-FBRRquw5oFn2HAeUHx49qR67j0QPtgoe7xXsN16MdJ1HLB68i5EumxMeKhLTuuPAgT8-il4DqOMH1RaYG2JHaCLS9yNMdJZFdyNFeEUEe4SEvRQA94M2jIHfWO8MfWDeFeoflQ_fiRu7jxmAr6o8F77DvyiDl-SOQ8PAjP43vwCbbAmYGPT_BLBLIRnnhwrfgd_OjDI8wD4cuQJ5GKo8fLwySD9zhaCT2avshTNJqg_XgS48dvo3kCjzzEL0e34BRmLplCXBbMJ0csKUeeB0113FlOXMelOZhOdGIO1Tyu8MKJ5iwehQ36Gs2YF_9S6HnQJ7vgShDSHxUlBc_R_vgz4s0lWBeHZM8RXkez4zmaJwejkQ-uhcSTo8yJZoxxX8ifQIuapUIkMbgUvF1w3cTzBE0RckmOi00I_TJyNE-HWqgUNUWTTCzxxEbzBD3-HM0S0UGfHLsZ9Ee-oITOBH8VobtA3XBMPIfKH1-E1BFqHD_-o88j1EmNWDqeo_INJvOOH2SYK3jCQ7Nz-DTCB8944vqQ5_gJ8UFOUcKHhzzGRzlxNJPoIKyaI_lx5cf0FK7C44poOD_yI2F2_AfzD9cR5tCO8AncrXiPVPtSaEcePXgufMefoEcYpYf6B09aBc2koJ2MmTl-nNEMLZqmop8DOTd6xDvOws2EfwizQzs9I8wX7Ctxyh3qNGiGPyFO0ngW5MMZHA8zCRVSXWpwgfqR_qguPDv0gA_aGz62G9px5sUznSmOfoKQBz-c5UGXaZZwfplw4cdV2ImCEz-cmMefY0fKbFEDvUeuo-fRHJxvw6_Af8UVRY-MkwdGhKEMWGQAAEAQpJRAAghhADIcEYYEBSAowBAySAqhGCLAIQMEU4QAwQjRQijgGICECSAdAEYQIIAlogACBGIEcUQMEUARgohQxBAgmCLCGEIQQI4Qx4wTBAggBAXCCCGAcEQYgBA0yBBiDDBMCKYcUEg4ghAFYEgCABcEAkAMIIEhJYhhBABDAGCEEKAEgVQRA4TgyAmiEDGKGmkUQQAYqpQCgigQrBbGSGAAYkIRIYADRAhitVIOAAQEQkQQBpYhEAlAgEBCOEE0EoQ4hQgwglikjCLEIMOIQYIAxAwlhihjgQNGCFOEIwQIQoBwjgkHkHOCAGWQQQIAZIRCBgDgIEAAAUoEQ8gg5awAQCGAJDsGEAGgMcBZAAgiRBECmHVCAAMEAIQAqgBSGCEKCBPIEIkcUEIwSIRQQinFLCLKAKCYAUIQgAgQQCgBBDDUCACGgIQARRQApAgIASCEAAYgJAYpKAigABmBiQDKIIQSAIAICJCwAkAADENACMCUACAg4wQCQgyHgAUeCAGYAwIRBRRRBAECADBIYKcIEkwIJw0XBBgDCEJEAiIIIEIIQABxDDGBDCFOCAQqEgwxIICiEAhDrCFOMIMQAAQAwKAChDhghICCUCY1MIoQYJwBDACqFaLQIOEYM4QpoJBQAACqjQKUIEIQUIwQYCQEAiGClUJCCGegQSpQgBz1ShggjACKKaMMAgwgQgiQShgAjGZCSGkAkMAgAwEYwAkrgBJMIWAAVYIgCIRCxgAAFYFCIeChAYQBCIAwQAigiBCCKAUQMw44QBASgEhADBBAGCSEBExwIgAgwgkmgJDMACWQ50AYIJBmgBgDCQIEECKAMwwBIIBggICEICLCEkMMAJAZQQAykiyACHoAIWQEUUAQRBgCRijqkAFCGGQAYZIwA5ASSCjDCAMeMCCAYFhSpgCyiDIEHCEOaKOEI0AEBQwAhAA"], "country": ["Finland"], "album": ["Hymyilevien laivojen satama"], "musicbrainz original album id": ["bd95787b-c6b6-4e14-b886-3c0a8428284d"], "musicbrainz album type": ["Album"], "musicbrainz album status": ["Official"], "discnumber": ["01/01"], "artists": ["Kuusumun Profeetta"], "date": ["2006"], "genre": ["Alternative"], "originalalbum": ["Hymyilevien laivojen satama"], "musicbrainz release track id": ["3c4feac2-2d38-3b25-b346-bbc0c38641db"], "script": ["Latin"], "musicbrainz_albumid": ["bd95787b-c6b6-4e14-b886-3c0a8428284d"], "artist": ["Kuusumun Profeetta"], "url:discogs_release": ["http://www.discogs.com/release/721427"], "musicbrainz_releasegroupid": ["cc6906b4-eb19-3b5f-b667-4d76b20d16af"], "tracknumber": ["03/10"], "musicbrainz album release country": ["FI"], "file_name": "kuusumun profeetta - 2006  - [03] bin\u00e4\u00e4ripyhimys.mp3", "acoustid_id": ["31f9244d-51e9-4d55-88a6-002cd523e9bb"], "musicbrainz_artistid": ["ce131ba3-ff96-4584-b663-6cc75877af86"]}}, "rhythm": {"bpm_histogram_first_peak_bpm": {"dmean2": 0, "median": 88, "min": 88, "dvar2": 0, "dvar": 0, "dmean": 0, "max": 88, "var": 0, "mean": 88}, "bpm": 88.1946411133, "bpm_histogram_second_peak_spread": {"dmean2": 0, "median": 0.510638296604, "min": 0.510638296604, "dvar2": 0, "dvar": 0, "dmean": 0, "max": 0.510638296604, "var": 0, "mean": 0.510638296604}, "bpm_histogram_first_peak_weight": {"dmean2": 0, "median": 0.367292225361, "min": 0.367292225361, "dvar2": 0, "dvar": 0, "dmean": 0, "max": 0.367292225361, "var": 0, "mean": 0.367292225361}, "onset_rate": 4.36290025711, "beats_position": [0.684988677502, 1.369977355, 2.04335594177, 2.71673464775, 3.39011335373, 4.05188179016, 4.71365070343, 5.3754196167, 6.06040811539, 6.73378658295, 7.40716552734, 8.09215450287, 8.77714252472, 9.45052146912, 10.1239004135, 10.7972784042, 11.4590473175, 12.1208162308, 12.7941951752, 13.4675731659, 14.1409521103, 14.8027210236, 15.4760990143, 16.1494789124, 16.8228569031, 17.5078449249, 18.1928348541, 18.877822876, 19.5512008667, 20.2129707336, 20.8863487244, 21.5713367462, 22.2447166443, 22.918094635, 23.5914726257, 24.2996826172, 25.0078907013, 25.7277088165, 26.4475269318, 27.1789569855, 27.921995163, 28.6534233093, 29.3848514557, 30.1162815094, 30.8360996246, 31.5443077087, 32.2525177002, 32.9491157532, 33.6689338684, 34.3655319214, 35.0621299744, 35.7587280273, 36.4669380188, 37.1635360718, 37.848526001, 38.545124054, 39.2301139832, 39.9034919739, 40.5768699646, 41.2502479553, 41.923625946, 42.6086158752, 43.2936058044, 43.9785919189, 44.6751937866, 45.3717918396, 46.0683898926, 46.7649879456, 47.4499778748, 48.1349639893, 48.8315620422, 49.5281639099, 50.2131500244, 50.9097480774, 51.6179580688, 52.302947998, 52.9879341125, 53.6845359802, 54.3811340332, 55.0661201477, 55.7395019531, 56.4244880676, 57.1210861206, 57.8292961121, 58.5375061035, 59.2341041565, 59.919090271, 60.5924720764, 61.2774581909, 61.9508361816, 62.6242179871, 63.2975959778, 63.9709739685, 64.6443557739, 65.3177337646, 65.8517913818, 66.3742370605, 66.9199066162, 67.4539642334, 67.9996337891, 68.5104751587, 69.0213165283, 69.543762207, 70.0546035767, 70.5886611938, 71.1111068726, 71.6335601807, 72.1676177979, 72.6900634766, 73.1776885986, 73.6769180298, 74.1761474609, 74.7218093872, 75.2790908813, 75.8131484985, 76.3239898682, 76.8580474854, 77.3805007935, 77.8913345337, 78.4021759033, 78.924621582, 79.4354629517, 79.9346923828, 80.433921814, 80.9447631836, 81.4439926147, 81.9432220459, 82.4424438477, 82.9416732788, 83.4525146484, 83.9517440796, 84.4625854492, 84.9618148804, 85.4726486206, 85.9834899902, 86.4827194214, 86.9819488525, 87.4927902222, 87.9920196533, 88.4912490845, 89.0020828247, 89.5129241943, 90.023765564, 90.5345993042, 91.0338287354, 91.5330581665, 92.0322875977, 92.5431289673, 93.0423583984, 93.5415878296, 94.0408172607, 94.5400466919, 95.0508804321, 95.5617218018, 96.0725631714, 96.5717926025, 97.0826263428, 97.5818557739, 98.0810852051, 98.5803146362, 99.0911560059, 99.6136016846, 100.124443054, 100.646888733, 101.169342041, 101.69178772, 102.225845337, 102.771514893, 103.305580139, 103.816413879, 104.315643311, 104.82648468, 105.348930359, 105.859771729, 106.35900116, 106.881446838, 107.415504456, 107.949569702, 108.472015381, 109.006072998, 109.528526306, 110.050971985, 110.573425293, 111.084259033, 111.595100403, 112.105941772, 112.605171204, 113.104400635, 113.615234375, 114.126075745, 114.636917114, 115.147750854, 115.670204163, 116.215873718, 116.749931335, 117.283988953, 117.794830322, 118.305664062, 118.816505432, 119.327346802, 119.826576233, 120.337409973, 120.848251343, 121.370697021, 121.951202393, 122.531700134, 123.112197876, 123.715919495, 124.319633484, 125.016235352, 125.71282959, 126.409431458, 127.106025696, 127.802627563, 128.476013184, 129.160995483, 129.845977783, 130.530975342, 131.215957642, 131.9009552, 132.5859375, 133.25932312, 133.932693481, 134.606079102, 135.279449463, 135.952835083, 136.626205444, 137.299591064, 137.972961426, 138.646347046, 139.308120728, 139.993103027, 140.666488647, 141.339859009, 142.024856567, 142.709838867, 143.394821167, 144.068206787, 144.753189087, 145.426574707, 146.111557007, 146.796554565, 147.469924927, 148.143310547, 148.816680908, 149.490066528, 150.175048828, 150.860046387, 151.545028687, 152.230026245, 152.915008545, 153.588394165, 154.273376465, 154.958358765, 155.654968262, 156.339950562, 157.024932861, 157.70993042, 158.39491272, 159.079910278, 159.764892578, 160.449890137, 161.123260498, 161.796646118, 162.481628418, 163.166610718, 163.851608276, 164.524978638, 165.209976196, 165.894958496, 166.556732178, 167.230117798, 167.891876221, 168.576873779, 169.250244141, 169.923629761, 170.608612061, 171.281997681, 171.96697998, 172.640365601, 173.3253479, 174.0103302, 174.695327759, 175.36869812, 176.053695679, 176.72706604, 177.40045166, 178.08543396, 178.75881958, 179.44380188, 180.128799438, 180.813781738, 181.498779297, 182.183761597, 182.857131958, 183.542129517, 184.227111816, 184.900497437, 185.573867798, 186.247253418, 186.920639038, 187.594009399, 188.255783081, 188.755004883, 189.265853882, 189.765075684, 190.264297485, 190.775146484, 191.285980225, 191.785217285, 192.284439087, 192.795272827, 193.306121826, 193.805343628, 194.304580688, 194.815414429, 195.326248169, 195.837097168, 196.33631897, 196.847167969, 197.346389771, 197.857223511, 198.356460571, 198.867294312, 199.366531372, 199.865753174, 200.364990234, 200.864212036, 201.363449097, 201.85105896, 202.338684082, 202.826293945, 203.325531006, 203.824752808, 204.323989868, 204.82321167, 205.32244873, 205.833282471, 206.332519531, 206.843353271, 207.342575073, 207.841812134, 208.341033936, 208.840270996, 209.351104736, 209.861953735, 210.372787476, 210.872009277, 211.382858276, 211.893692017, 212.392913818, 212.892150879, 213.391372681, 213.890609741, 214.389831543, 214.900680542, 215.411514282, 215.922348022, 216.433197021, 216.932418823, 217.443267822, 217.942489624, 218.441726685, 218.940948486, 219.451782227, 219.962631226, 220.473464966, 220.995910645, 221.495147705, 222.005981445, 222.505218506, 223.004440308, 223.503662109, 224.014511108], "beats_loudness": {"dmean2": 0.0652456358075, "median": 0.0692328065634, "min": 0, "dvar2": 0.00335207977332, "dvar": 0.0011566656176, "dmean": 0.038111705333, "max": 0.234474435449, "var": 0.0019180708332, "mean": 0.0728476941586}, "danceability": 1.1100256443, "bpm_histogram_second_peak_weight": {"dmean2": 0, "median": 0.184986591339, "min": 0.184986591339, "dvar2": 0, "dvar": 0, "dmean": 0, "max": 0.184986591339, "var": 0, "mean": 0.184986591339}, "beats_count": 374, "bpm_histogram_second_peak_bpm": {"dmean2": 0, "median": 120, "min": 120, "dvar2": 0, "dvar": 0, "dmean": 0, "max": 120, "var": 0, "mean": 120}, "bpm_histogram_first_peak_spread": {"dmean2": 0, "median": 0.234636843204, "min": 0.234636843204, "dvar2": 0, "dvar": 0, "dmean": 0, "max": 0.234636843204, "var": 0, "mean": 0.234636843204}, "beats_loudness_band_ratio": {"dmean2": [0.309288442135, 0.202912703156, 0.0788984447718, 0.0613814108074, 0.0875325873494, 0.0947966203094], "median": [0.711688041687, 0.0815086811781, 0.027244631201, 0.0332350172102, 0.027353188023, 0.0565892681479], "min": [0, 0, 0, 0, 0, 0], "dvar2": [0.072018660605, 0.0492557808757, 0.0126519091427, 0.00445917947218, 0.0193649884313, 0.0136747621], "dvar": [0.0256581455469, 0.0175847262144, 0.00464447401464, 0.00169411918614, 0.00695658987388, 0.00645106146112], "dmean": [0.184506058693, 0.116187170148, 0.0445130430162, 0.0352353788912, 0.048014357686, 0.05477527529], "max": [0.984028637409, 0.702522575855, 0.49858045578, 0.322257608175, 0.508250355721, 0.970733880997], "var": [0.0463975965977, 0.0178259704262, 0.00490517169237, 0.0022981215734, 0.00489408709109, 0.0111136203632], "mean": [0.671449363232, 0.123556934297, 0.0517927668989, 0.0481574051082, 0.0443135872483, 0.0810434967279]}}, "lowlevel": {"barkbands_spread": {"dmean2": 8.85020542145, "median": 11.5953006744, "min": 0.225202292204, "dvar2": 110.429481506, "dvar": 50.8402633667, "dmean": 5.795378685, "max": 95.4335632324, "var": 151.039672852, "mean": 14.7017602921}, "melbands_spread": {"dmean2": 8.13976764679, "median": 7.66699123383, "min": 0.281349569559, "dvar2": 175.992523193, "dvar": 78.6896972656, "dmean": 5.24309968948, "max": 273.054351807, "var": 373.294921875, "mean": 12.7584609985}, "hfc": {"dmean2": 47.6591529846, "median": 49.6456298828, "min": 1.03947314187e-16, "dvar2": 6056.83105469, "dvar": 2720.67797852, "dmean": 31.9710388184, "max": 1270.23779297, "var": 10237.9541016, "mean": 86.3454589844}, "barkbands_kurtosis": {"dmean2": 20.647611618, "median": 11.9405899048, "min": -1.8805321455, "dvar2": 1203.12512207, "dvar": 553.341003418, "dmean": 13.49559021, "max": 496.092559814, "var": 1163.61206055, "mean": 23.0012168884}, "gfcc": {"mean": [-18.4498214722, 103.596504211, -78.5704421997, 20.3250083923, -7.8358001709, -8.73439598083, 3.37989163399, -16.2840003967, -2.67876625061, -4.41710805893, -8.4497718811, -1.28497719765, -5.47184753418], "icov": [[0.000138924791827, -0.000496719265357, 0.000822255911771, -0.000621935294475, 0.000595891382545, -0.000384089886211, 0.000160541036166, -0.000117593124742, -0.00025967208785, 0.000330498063704, -0.000130638218252, 7.38181188353e-05, -0.000206175944186], [-0.000496719265357, 0.00335605978034, -0.00415802048519, 0.00316055119038, -0.00273679895326, 0.00202190014534, -0.00142765569035, 0.0018658953486, 0.000911957176868, -0.000364540406736, -0.00104192760773, 0.00199320074171, -0.000800820649602], [0.000822255911771, -0.00415802048519, 0.00866120588034, -0.00567803764716, 0.00554916216061, -0.00439829891548, 0.00183864857536, -0.00229371292517, -0.00134678010363, 0.00194384215865, -0.00031312846113, 0.000332901050569, -0.00182043912355], [-0.000621935294475, 0.00316055119038, -0.00567803764716, 0.00988451763988, -0.00939472392201, 0.00644849054515, -0.000401912868256, -0.0017491967883, 0.00601576035842, -0.00781547557563, 0.00839055236429, -0.00867683906108, 0.0066456287168], [0.000595891382545, -0.00273679895326, 0.00554916216061, -0.00939472392201, 0.0146895144135, -0.00848539918661, -0.000492828432471, 0.00467687984928, -0.00815378408879, 0.0109985684976, -0.0109163997695, 0.0106459148228, -0.00837493594736], [-0.000384089886211, 0.00202190014534, -0.00439829891548, 0.00644849054515, -0.00848539918661, 0.0107329934835, -0.00163119158242, -0.0041814330034, 0.00854084268212, -0.00975765194744, 0.00655333139002, -0.00563476979733, 0.0060377670452], [0.000160541036166, -0.00142765569035, 0.00183864857536, -0.000401912868256, -0.000492828432471, -0.00163119158242, 0.00678351707757, -0.000592627213337, -0.00404382916167, 0.00264041591436, 0.000886480149347, -0.00332226697356, 0.000971553323325], [-0.000117593124742, 0.0018658953486, -0.00229371292517, -0.0017491967883, 0.00467687984928, -0.0041814330034, -0.000592627213337, 0.0112846456468, -0.00704022729769, 0.00714310910553, -0.00969761610031, 0.00872955005616, -0.00571794249117], [-0.00025967208785, 0.000911957176868, -0.00134678010363, 0.00601576035842, -0.00815378408879, 0.00854084268212, -0.00404382916167, -0.00704022729769, 0.018996456638, -0.0143381226808, 0.0095117688179, -0.00854771398008, 0.00808656867594], [0.000330498063704, -0.000364540406736, 0.00194384215865, -0.00781547557563, 0.0109985684976, -0.00975765194744, 0.00264041591436, 0.00714310910553, -0.0143381226808, 0.0292360335588, -0.0188797079027, 0.0153936967254, -0.0117486584932], [-0.000130638218252, -0.00104192760773, -0.00031312846113, 0.00839055236429, -0.0109163997695, 0.00655333139002, 0.000886480149347, -0.00969761610031, 0.0095117688179, -0.0188797079027, 0.0347339175642, -0.0227649360895, 0.0133921904489], [7.38181188353e-05, 0.00199320074171, 0.000332901050569, -0.00867683906108, 0.0106459148228, -0.00563476979733, -0.00332226697356, 0.00872955005616, -0.00854771398008, 0.0153936967254, -0.0227649360895, 0.0368358679116, -0.0183347482234], [-0.000206175944186, -0.000800820649602, -0.00182043912355, 0.0066456287168, -0.00837493594736, 0.0060377670452, 0.000971553323325, -0.00571794249117, 0.00808656867594, -0.0117486584932, 0.0133921904489, -0.0183347482234, 0.0231034196913]], "cov": [[21956.96875, 2234.95214844, -1600.90588379, -46.9740715027, 222.203186035, -587.580322266, 376.784637451, -496.167205811, 153.5625, -214.408081055, -18.9323539734, 2.39873766899, 106.34046936], [2234.95214844, 1347.40710449, 157.636367798, -265.057373047, 90.086265564, -26.7609462738, 125.330757141, -124.338981628, -10.9403657913, -41.7675170898, 15.8934364319, -66.1478881836, 79.801361084], [-1600.90588379, 157.636367798, 531.992004395, 66.5789031982, -74.8493881226, 130.169021606, -98.1381454468, 93.624671936, -74.6942520142, 30.6925468445, -8.81537055969, -10.1354913712, 18.9110679626], [-46.9740715027, -265.057373047, 66.5789031982, 453.369781494, 111.66191864, -46.4133872986, -40.134853363, -35.4022827148, -35.2159309387, -5.18473482132, -36.1812438965, 47.1169624329, -21.184179306], [222.203186035, 90.086265564, -74.8493881226, 111.66191864, 263.77142334, 41.5341835022, 84.0347061157, -57.4814186096, 21.9267787933, -24.9375457764, 8.88036823273, -2.88745689392, 6.29540634155], [-587.580322266, -26.7609462738, 130.169021606, -46.4133872986, 41.5341835022, 276.589111328, -7.13101959229, 71.627456665, -48.0956115723, 37.3994636536, 15.2116565704, -19.1082057953, -9.89242744446], [376.784637451, 125.330757141, -98.1381454468, -40.134853363, 84.0347061157, -7.13101959229, 260.064666748, -6.31434488297, 80.6417312622, -27.9843769073, 8.79255771637, 18.5861053467, -1.45808231831], [-496.167205811, -124.338981628, 93.624671936, -35.4022827148, -57.4814186096, 71.627456665, -6.31434488297, 203.99206543, 35.643699646, 23.2428321838, 27.8131771088, -9.00215244293, -3.90334820747], [153.5625, -10.9403657913, -74.6942520142, -35.2159309387, 21.9267787933, -48.0956115723, 80.6417312622, 35.643699646, 140.721038818, 25.0131492615, 12.8374023438, 2.58384585381, -10.7423286438], [-214.408081055, -41.7675170898, 30.6925468445, -5.18473482132, -24.9375457764, 37.3994636536, -27.9843769073, 23.2428321838, 25.0131492615, 84.8267745972, 25.8801822662, -5.88384389877, 3.37459564209], [-18.9323539734, 15.8934364319, -8.81537055969, -36.1812438965, 8.88036823273, 15.2116565704, 8.79255771637, 27.8131771088, 12.8374023438, 25.8801822662, 68.4077911377, 19.1814861298, 0.0886384919286], [2.39873766899, -66.1478881836, -10.1354913712, 47.1169624329, -2.88745689392, -19.1082057953, 18.5861053467, -9.00215244293, 2.58384585381, -5.88384389877, 19.1814861298, 71.5129318237, 26.0513057709], [106.34046936, 79.801361084, 18.9110679626, -21.184179306, 6.29540634155, -9.89242744446, -1.45808231831, -3.90334820747, -10.7423286438, 3.37459564209, 0.0886384919286, 26.0513057709, 84.6438293457]]}, "spectral_energyband_middle_low": {"dmean2": 0.0105518642813, "median": 0.0095202345401, "min": 1.49827708018e-22, "dvar2": 0.000239976798184, "dvar": 0.00010209766333, "dmean": 0.00708369771019, "max": 0.17655685544, "var": 0.000243570728344, "mean": 0.0141761666164}, "melbands_crest": {"dmean2": 7.08046674728, "median": 19.3402862549, "min": 1.65428984165, "dvar2": 34.48021698, "dvar": 13.4002981186, "dmean": 4.36305809021, "max": 37.1986351013, "var": 34.3052825928, "mean": 19.4334354401}, "spectral_kurtosis": {"dmean2": 5.6673169136, "median": 10.5688819885, "min": -1.28194594383, "dvar2": 85.1958236694, "dvar": 32.0950317383, "dmean": 3.60408878326, "max": 114.16759491, "var": 75.63230896, "mean": 12.8126764297}, "spectral_rms": {"dmean2": 0.00243362877518, "median": 0.00755821540952, "min": 3.1187222943e-12, "dvar2": 6.64432036501e-06, "dvar": 2.67309019364e-06, "dmean": 0.00159742322285, "max": 0.0209976304322, "var": 9.52337450144e-06, "mean": 0.00747823808342}, "zerocrossingrate": {"dmean2": 0.0355032198131, "median": 0.11572265625, "min": 0.0009765625, "dvar2": 0.00103914749343, "dvar": 0.000674587383401, "dmean": 0.0275869574398, "max": 0.6328125, "var": 0.00821778550744, "mean": 0.13332413137}, "silence_rate_60dB": {"dmean2": 0.0185912009329, "median": 0, "min": 0, "dvar2": 0.0215532016009, "dvar": 0.00920714810491, "dmean": 0.00929464027286, "max": 1, "var": 0.0332009233534, "mean": 0.0343866162002}, "erbbands_kurtosis": {"dmean2": 2.10084581375, "median": -0.0589708089828, "min": -1.8231524229, "dvar2": 13.4540081024, "dvar": 5.39871168137, "dmean": 1.31551456451, "max": 50.5762825012, "var": 8.05739784241, "mean": 0.700035154819}, "erbbands": {"dmean2": [1.22933721542, 5.88537502289, 9.61174297333, 9.18213367462, 13.2804450989, 19.8947658539, 34.1623420715, 24.9608478546, 10.6931915283, 23.2740211487, 25.3631267548, 28.6213760376, 24.6948871613, 30.4017505646, 25.2148780823, 26.928527832, 19.0143413544, 27.4441871643, 20.7731285095, 21.5223636627, 17.5350418091, 12.2627019882, 9.33999824524, 9.13035678864, 7.43211317062, 5.78596019745, 5.26428842545, 4.02671194077, 2.22836756706, 1.05624675751, 0.586983144283, 0.318855047226, 0.182986557484, 0.0736669227481, 0.0353236086667, 0.0319317132235, 0.0263180341572, 0.0227288976312, 0.0127759771422, 0.00630267942324], "median": [0.734865009785, 3.38976836205, 5.88956451416, 5.02093887329, 6.18904399872, 7.37585163116, 6.98413562775, 4.57182216644, 3.78393697739, 5.4366440773, 5.57861423492, 5.43759822845, 6.08936309814, 7.70776748657, 7.82910823822, 7.2772526741, 8.20624065399, 12.3524503708, 8.56401634216, 8.72948455811, 7.89165306091, 4.88382434845, 3.99370098114, 3.84921741486, 3.16558456421, 2.57610440254, 2.45419001579, 1.6974080801, 0.990485787392, 0.464803814888, 0.190299421549, 0.0803860351443, 0.0399427264929, 0.0144465081394, 0.00727016571909, 0.00816801562905, 0.00933794956654, 0.0170107036829, 0.0116003500298, 0.00449502281845], "min": [1.43638204382e-22, 6.39746554653e-22, 1.54951779903e-21, 3.46821159648e-21, 5.72021242975e-21, 3.50880516193e-20, 5.51320401911e-20, 9.82130863706e-20, 9.14331651033e-20, 1.56729723446e-19, 2.33536325529e-19, 5.10004513922e-19, 6.93387612291e-19, 7.82567505094e-19, 1.37534327832e-18, 8.14577223451e-19, 1.02011914626e-18, 2.1772433902e-18, 2.44765762464e-18, 2.71321796324e-18, 3.20359585937e-18, 5.36263796737e-18, 5.36601658658e-18, 6.68322188914e-18, 8.73021307739e-18, 8.18864304111e-18, 7.3400508584e-18, 9.0975011217e-18, 1.18703048336e-17, 1.2750336497e-17, 1.32037687847e-17, 1.06618295274e-17, 1.05059696748e-17, 8.52740658917e-18, 6.43911716807e-18, 4.13088290363e-18, 2.42734475713e-18, 9.28368169321e-19, 2.44096345873e-19, 2.59451354514e-20], "dvar2": [3.67641305923, 62.2310943604, 154.018493652, 172.136535645, 439.390106201, 1512.72924805, 7253.46826172, 5477.00683594, 414.498260498, 3239.99804688, 4706.89599609, 13818.1992188, 3847.82739258, 5005.55810547, 3384.69140625, 4908.71728516, 1257.73352051, 2312.76123047, 2956.08032227, 2726.3112793, 1012.59234619, 381.236297607, 218.191818237, 241.951324463, 164.983596802, 125.720993042, 105.238967896, 190.91178894, 27.5739326477, 7.20336532593, 4.03840351105, 3.68100833893, 2.93645358086, 0.473607003689, 0.00911506637931, 0.0865866243839, 0.0166030302644, 0.00211297837086, 0.000453554530395, 0.000131742766825], "dvar": [1.34909880161, 24.1992969513, 57.8535118103, 73.2336730957, 195.243927002, 669.183654785, 3008.91650391, 2271.53955078, 181.16468811, 1326.62841797, 1894.49133301, 5787.17578125, 1563.37585449, 2002.16003418, 1401.69970703, 2128.27783203, 536.050842285, 974.344604492, 1311.10009766, 1177.44921875, 428.908294678, 159.937225342, 98.8886032104, 104.611618042, 81.1187133789, 63.6641159058, 50.7895202637, 88.9067077637, 14.9052381516, 3.30539274216, 1.74392819405, 1.41558647156, 1.08560860157, 0.190142214298, 0.00369869545102, 0.0336494743824, 0.00650951452553, 0.00103836180642, 0.000234806691878, 5.45956063434e-05], "dmean": [0.760131955147, 3.6780936718, 5.84983825684, 5.69280004501, 8.40777778625, 12.7631893158, 21.6978492737, 15.8609390259, 6.74210309982, 14.5130758286, 15.4297161102, 17.7182025909, 15.3615198135, 19.0706272125, 16.0860042572, 17.4477672577, 12.3562927246, 17.7784366608, 13.4717273712, 13.8034648895, 11.4065608978, 7.89391183853, 6.26078701019, 6.10540294647, 5.18740272522, 4.03622627258, 3.69324612617, 2.80227041245, 1.57209730148, 0.741621077061, 0.402342349291, 0.208076447248, 0.114729553461, 0.0445568822324, 0.0210165046155, 0.0199296753854, 0.0175420772284, 0.0160649102181, 0.00912082009017, 0.00424738135189], "max": [15.2555866241, 64.0171813965, 104.519973755, 175.196228027, 286.954315186, 544.064331055, 1219.40466309, 1596.54846191, 347.916381836, 834.313476562, 1281.28918457, 3610.21118164, 1105.18212891, 841.861816406, 937.421142578, 990.189758301, 469.427154541, 522.096252441, 1976.80725098, 1128.67626953, 416.817504883, 245.766815186, 298.605224609, 228.122055054, 234.218795776, 292.175018311, 179.72366333, 509.246887207, 159.690246582, 57.7733802795, 66.6927719116, 84.6548309326, 78.0676651001, 33.4449386597, 3.89461731911, 14.2202482224, 5.6652507782, 0.9828774333, 0.516433060169, 0.133930981159], "var": [1.59839451313, 40.3881645203, 88.7936630249, 126.749275208, 360.634979248, 1013.75689697, 4895.04980469, 3159.15380859, 321.779815674, 1978.58752441, 2955.97241211, 9850.27636719, 2543.66455078, 3181.54907227, 2306.17895508, 3755.61328125, 896.029968262, 1658.92810059, 1842.7208252, 1696.29516602, 834.75189209, 336.906982422, 252.456298828, 231.472793579, 200.338394165, 159.705352783, 115.592987061, 133.739059448, 30.6084384918, 6.0625128746, 2.45723748207, 1.19269490242, 0.793067514896, 0.156116276979, 0.0033334994223, 0.0266953893006, 0.00603206269443, 0.00224001868628, 0.000655548996292, 0.000156058827997], "mean": [1.10043334961, 5.65628051758, 8.82738208771, 8.65120887756, 12.3193569183, 17.6748657227, 28.5424442291, 20.1701202393, 9.85517120361, 20.1348228455, 22.4455604553, 25.8223838806, 22.4852409363, 28.255815506, 25.7210884094, 26.4629325867, 19.1755867004, 27.1624908447, 20.5896949768, 20.9520587921, 18.3888053894, 12.6893911362, 10.6011714935, 10.1262264252, 8.76148891449, 6.95347929001, 6.64114522934, 4.70995664597, 2.70753455162, 1.2516027689, 0.605381190777, 0.273580491543, 0.139089018106, 0.0443160273135, 0.0203769598156, 0.0232173670083, 0.025219656527, 0.0319846011698, 0.0205366387963, 0.00970940105617]}, "spectral_strongpeak": {"dmean2": 1.46807742119, "median": 0.232613608241, "min": 0, "dvar2": 108.249992371, "dvar": 40.2290992737, "dmean": 0.806449890137, "max": 177.701553345, "var": 31.5765151978, "mean": 0.774999082088}, "spectral_energy": {"dmean2": 0.0435652658343, "median": 0.0585547871888, "min": 9.96958948603e-21, "dvar2": 0.00330110895447, "dvar": 0.0012576066656, "dmean": 0.0278071798384, "max": 0.451922982931, "var": 0.00243777199648, "mean": 0.0670839697123}, "average_loudness": 0.903320550919, "spectral_rolloff": {"dmean2": 3554.83813477, "median": 322.998046875, "min": 21.533203125, "dvar2": 70807584, "dvar": 26161094, "dmean": 1882.82617188, "max": 22006.9335938, "var": 32749392, "mean": 2485.03759766}, "spectral_centroid": {"dmean2": 392.789733887, "median": 807.232727051, "min": 104.061935425, "dvar2": 206775.109375, "dvar": 110536.054688, "dmean": 266.636199951, "max": 11779.3505859, "var": 1062398.5, "mean": 1039.09411621}, "pitch_salience": {"dmean2": 0.155237331986, "median": 0.489209026098, "min": 0.0784318074584, "dvar2": 0.0163207445294, "dvar": 0.00652460660785, "dmean": 0.0969539508224, "max": 0.987303614616, "var": 0.0178035441786, "mean": 0.486003369093}, "spectral_energyband_middle_high": {"dmean2": 0.00267216400243, "median": 0.00261082174256, "min": 1.16642775835e-21, "dvar2": 1.75467303052e-05, "dvar": 8.82177573658e-06, "dmean": 0.0019298348343, "max": 0.0621412433684, "var": 2.59565822489e-05, "mean": 0.00431257253513}, "spectral_contrast_coeffs": {"dmean2": [0.0910046845675, 0.0885414481163, 0.063925743103, 0.0523750074208, 0.0366081334651, 0.0670341923833], "median": [-0.69554656744, -0.775012910366, -0.815967321396, -0.817981183529, -0.827298223972, -0.718662321568], "min": [-0.972217679024, -0.974265396595, -0.976183414459, -0.975093007088, -0.970270037651, -0.963613927364], "dvar2": [0.00519177038223, 0.00492891669273, 0.00261952518485, 0.00177529768553, 0.00101110117976, 0.00331361033022], "dvar": [0.00201482116245, 0.0018786113942, 0.00100929231849, 0.000703094119672, 0.000390861328924, 0.00136873824522], "dmean": [0.0554364621639, 0.0540246777236, 0.0388061515987, 0.0321515798569, 0.0228003580123, 0.0431278124452], "max": [-0.340833723545, -0.375323623419, -0.472842663527, -0.575504541397, -0.644211411476, -0.47132268548], "var": [0.00621853629127, 0.00587279209867, 0.00366170355119, 0.00229439069517, 0.00156085914932, 0.005552590359], "mean": [-0.68936175108, -0.766326606274, -0.810603559017, -0.816781878471, -0.829447686672, -0.724631011486]}, "melbands_skewness": {"dmean2": 2.05480575562, "median": 3.89890980721, "min": -2.6371512413, "dvar2": 3.99176073074, "dvar": 1.73194098473, "dmean": 1.33538961411, "max": 20.0959091187, "var": 6.4751496315, "mean": 4.3674621582}, "spectral_spread": {"dmean2": 837803.0625, "median": 3880946.75, "min": 1399040.125, "dvar2": 1080014733310.0, "dvar": 503161552896, "dmean": 524384.25, "max": 42349300, "var": 8364287328260.0, "mean": 4178853}, "dissonance": {"dmean2": 0.03050750494, "median": 0.476162314415, "min": 0.25884398818, "dvar2": 0.00105755554978, "dvar": 0.000377054675482, "dmean": 0.0183394681662, "max": 0.500000059605, "var": 0.000689085049089, "mean": 0.469279438257}, "spectral_skewness": {"dmean2": 0.527572214603, "median": 2.15569806099, "min": -0.0657529905438, "dvar2": 0.440605342388, "dvar": 0.178586021066, "dmean": 0.35554343462, "max": 8.54287052155, "var": 0.715567171574, "mean": 2.30921983719}, "spectral_flux": {"dmean2": 0.0661742463708, "median": 0.12501886487, "min": 6.41600661488e-11, "dvar2": 0.00437566544861, "dvar": 0.00190022680908, "dmean": 0.041251949966, "max": 0.570775449276, "var": 0.00442100409418, "mean": 0.130574822426}, "spectral_contrast_valleys": {"dmean2": [0.650358140469, 0.700481057167, 0.589980185032, 0.554598271847, 0.56007874012, 0.977793633938], "median": [-6.20687770844, -6.58640193939, -7.06911563873, -7.32386684418, -7.50652503967, -10.9883394241], "min": [-27.8973464966, -27.8822555542, -27.877040863, -27.7951507568, -27.5620059967, -27.4185161591], "dvar2": [0.278757154942, 0.339954376221, 0.25700211525, 0.257051289082, 0.355880200863, 0.732886373997], "dvar": [0.121575221419, 0.147583544254, 0.120231859386, 0.135466262698, 0.17203605175, 0.291832745075], "dmean": [0.403456419706, 0.447861105204, 0.387423396111, 0.385596066713, 0.406207561493, 0.61701464653], "max": [-4.80715036392, -4.54283714294, -5.03627300262, -5.69260931015, -5.69589853287, -7.97308969498], "var": [4.47800111771, 4.06093597412, 3.95577955246, 3.75402235985, 3.62746500969, 2.49433898926], "mean": [-6.56345176697, -6.88773202896, -7.3492231369, -7.67638301849, -7.79445314407, -11.1913423538]}, "erbbands_flatness_db": {"dmean2": 0.0367115922272, "median": 0.131922051311, "min": 0.0519602522254, "dvar2": 0.00114322465379, "dvar": 0.000475888518849, "dmean": 0.02369315736, "max": 0.323534756899, "var": 0.00137420429382, "mean": 0.137831687927}, "spectral_energyband_high": {"dmean2": 0.000357318378519, "median": 0.000255397782894, "min": 6.94592042193e-21, "dvar2": 4.75934200495e-07, "dvar": 2.40143094743e-07, "dmean": 0.000259843858657, "max": 0.0168783217669, "var": 6.02994759902e-07, "mean": 0.000543613685295}, "spectral_entropy": {"dmean2": 0.35287040472, "median": 7.49062681198, "min": 5.12749290466, "dvar2": 0.145980685949, "dvar": 0.0627953708172, "dmean": 0.23437038064, "max": 9.82116031647, "var": 0.255388200283, "mean": 7.42361211777}, "silence_rate_20dB": {"dmean2": 0, "median": 1, "min": 1, "dvar2": 0, "dvar": 0, "dmean": 0, "max": 1, "var": 0, "mean": 1}, "melbands_flatness_db": {"dmean2": 0.0654899552464, "median": 0.298794597387, "min": 0.0021408717148, "dvar2": 0.00328922225162, "dvar": 0.00146103557199, "dmean": 0.0443584285676, "max": 0.689911663532, "var": 0.00807799212635, "mean": 0.301826894283}, "barkbands": {"dmean2": [0.0105559965596, 0.0301289856434, 0.00794631335884, 0.00316018168814, 0.00542162545025, 0.0036827926524, 0.000969602435362, 0.00114304583985, 0.00126491230913, 0.000938676355872, 0.00063134910306, 0.000684963306412, 0.000476344896015, 0.00055867194896