{"tonal": {"thpcp": [1, 0.856127917767, 0.556238055229, 0.439492255449, 0.377196252346, 0.390638589859, 0.441019058228, 0.42642518878, 0.432384520769, 0.419944852591, 0.372698396444, 0.461282044649, 0.585325539112, 0.520878016949, 0.449260175228, 0.522235155106, 0.494987428188, 0.399245858192, 0.36878618598, 0.377359271049, 0.492465853691, 0.612266838551, 0.559302985668, 0.401236861944, 0.261505514383, 0.208316639066, 0.253861963749, 0.279036551714, 0.268271625042, 0.334931433201, 0.3808388412, 0.325984060764, 0.346078306437, 0.439436286688, 0.4803429842, 0.705721795559], "hpcp": {"dmean2": [0.447253137827, 0.411549508572, 0.345026195049, 0.298193216324, 0.26536282897, 0.262566506863, 0.26269620657, 0.281756579876, 0.319715827703, 0.299859106541, 0.257190614939, 0.282654047012, 0.303717792034, 0.296048045158, 0.263596475124, 0.261091202497, 0.261589020491, 0.246840268373, 0.239024624228, 0.254289954901, 0.286785662174, 0.300573706627, 0.292019277811, 0.265601992607, 0.183569341898, 0.142426982522, 0.156534522772, 0.161788314581, 0.160018131137, 0.187784954906, 0.200370267034, 0.19487580657, 0.209927543998, 0.233943715692, 0.264490455389, 0.37343326211], "median": [0.146145775914, 0.127295821905, 0.0627846419811, 0.0343390293419, 0.0282375980169, 0.0359962023795, 0.043033387512, 0.0397551804781, 0.0362896472216, 0.0354737564921, 0.0347239263356, 0.0471482127905, 0.0573628395796, 0.0497805289924, 0.0508370697498, 0.0468251928687, 0.0435018837452, 0.0402691662312, 0.0315025821328, 0.031042907387, 0.0572058856487, 0.0812909454107, 0.0698443725705, 0.0388629958034, 0.0216964185238, 0.0164541974664, 0.020277466625, 0.0235126297921, 0.0270405225456, 0.0341555662453, 0.033246807754, 0.0284294337034, 0.0346193537116, 0.0394762977958, 0.047334805131, 0.106487222016], "min": [0, 0, 0, 0, 0, 0, 0, 0, 0, 0, 0, 0, 0, 0, 0, 0, 0, 0, 0, 0, 0, 0, 0, 0, 0, 0, 0, 0, 0, 0, 0, 0, 0, 0, 0, 0], "dvar2": [0.185708343983, 0.17343492806, 0.168750062585, 0.16994009912, 0.148006439209, 0.152479231358, 0.13526006043, 0.160592734814, 0.201988935471, 0.192870736122, 0.141988918185, 0.159074291587, 0.153910920024, 0.159147724509, 0.128961384296, 0.12965708971, 0.137794658542, 0.134951502085, 0.125352501869, 0.131532788277, 0.128807216883, 0.120843492448, 0.119640544057, 0.129492983222, 0.0809114947915, 0.0723560675979, 0.0765886753798, 0.075617864728, 0.0689146444201, 0.0853903740644, 0.0969053134322, 0.0943618714809, 0.105444416404, 0.114202216268, 0.125671565533, 0.159792929888], "dvar": [0.0870020166039, 0.0707135945559, 0.0635617375374, 0.0636948123574, 0.0549606792629, 0.0554389692843, 0.0506795160472, 0.0581722334027, 0.07230117172, 0.0698956549168, 0.0511921010911, 0.058012727648, 0.0609154738486, 0.0589402765036, 0.0469944067299, 0.0513734854758, 0.0515648536384, 0.0493093170226, 0.0474006161094, 0.050054166466, 0.0508102104068, 0.0524012595415, 0.04952179268, 0.0481929518282, 0.0289091598243, 0.0265461895615, 0.0289808809757, 0.0287455990911, 0.0261193662882, 0.0320290289819, 0.03911530599, 0.0352465808392, 0.0381712801754, 0.0444468855858, 0.0485766418278, 0.0614405423403], "dmean": [0.260204166174, 0.238891601562, 0.194228172302, 0.166412010789, 0.14674039185, 0.145919620991, 0.148111641407, 0.154965043068, 0.173225551844, 0.163189291954, 0.141255140305, 0.159152656794, 0.173658356071, 0.167628765106, 0.149326086044, 0.148712083697, 0.148773923516, 0.139106854796, 0.134206712246, 0.142794176936, 0.164851307869, 0.177497029305, 0.169521644711, 0.147935926914, 0.101520858705, 0.0796402990818, 0.0893806517124, 0.092923797667, 0.0911965668201, 0.108047954738, 0.114950358868, 0.110337086022, 0.11844240129, 0.133622705936, 0.150419339538, 0.218498244882], "max": [1, 1, 1, 1, 1, 1, 1, 1, 1, 1, 1, 1, 1, 1, 1, 1, 1, 1, 1, 1, 1, 1, 1, 1, 1, 1, 1, 1, 1, 1, 1, 1, 1, 1, 1, 1], "var": [0.127426505089, 0.0964045748115, 0.0652688443661, 0.0582683160901, 0.0472949817777, 0.0462780967355, 0.0506976507604, 0.0504182130098, 0.0564906820655, 0.0562077872455, 0.0412510894239, 0.0536741502583, 0.07769356668, 0.0656448453665, 0.0466460250318, 0.0682644620538, 0.0636376515031, 0.0444420874119, 0.0436800159514, 0.0451008938253, 0.0536829121411, 0.0681466311216, 0.0615623965859, 0.0443861111999, 0.023807156831, 0.0205319281667, 0.0262168012559, 0.0285834856331, 0.0241034608334, 0.0321255065501, 0.0489960499108, 0.0346344895661, 0.0343865528703, 0.0560725294054, 0.060323253274, 0.0719411224127], "mean": [0.320115208626, 0.274059563875, 0.178060263395, 0.140688151121, 0.120746254921, 0.125049352646, 0.141176909208, 0.136505186558, 0.138412863016, 0.134430736303, 0.11930642277, 0.147663399577, 0.187371611595, 0.166740983725, 0.143815010786, 0.167175412178, 0.158453002572, 0.127804666758, 0.118054062128, 0.120798438787, 0.15764580667, 0.195995926857, 0.179041400552, 0.128442019224, 0.0837118923664, 0.0666853263974, 0.0812650769949, 0.0893238484859, 0.0858778283, 0.107216641307, 0.121912300587, 0.104352451861, 0.110784932971, 0.140670239925, 0.15376509726, 0.225912287831]}, "tuning_equal_tempered_deviation": 0.141653642058, "chords_changes_rate": 0.0656236410141, "key_key": "D", "tuning_diatonic_strength": 0.664697468281, "key_scale": "minor", "chords_number_rate": 0.00217296835035, "tuning_frequency": 442.804626465, "tuning_nontempered_energy_ratio": 0.814879119396, "chords_histogram": [4.41112565994, 0.217296823859, 22.6205997467, 0.456323325634, 0.564971745014, 0.782268583775, 0.912646651268, 7.32290315628, 1.78183400631, 45.7409820557, 4.54150390625, 2.47718381882, 2.34680581093, 0.086918734014, 0.239026516676, 0.043459367007, 0, 0.0651890486479, 0.0651890486479, 1.23859190941, 0.956106066704, 3.02042579651, 0.10864841193, 0], "key_strength": 0.713149428368, "chords_key": "A", "chords_strength": {"dmean2": 0.0163719467819, "median": 0.562454581261, "min": -1, "dvar2": 0.000795542495325, "dvar": 0.000455131055787, "dmean": 0.0145389810205, "max": 0.885125100613, "var": 0.02470815368, "mean": 0.553906559944}, "chords_scale": "major", "hpcp_entropy": {"dmean2": 1.18474566936, "median": 2.21040201187, "min": 0, "dvar2": 0.939183294773, "dvar": 0.345588713884, "dmean": 0.709951043129, "max": 4.71482372284, "var": 0.737855613232, "mean": 2.21603322029}}, "metadata": {"audio_properties": {"equal_loudness": 0, "codec": "flac", "downmix": "mix", "sample_rate": 44100, "analysis_sample_rate": 44100, "bit_rate": 0, "md5_encoded": "96f2f986c28b7375eae37dbed31b484e", "length": 213.666671753, "replay_gain": -12.2914390564, "lossless": true}, "version": {"essentia_build_sha": "70f2e5ece6736b2c40cc944ad0e695b16b925413", "essentia": "2.1-beta2", "extractor": "music 1.0", "essentia_git_sha": "v2.1_beta2"}, "tags": {"title": ["What\u2019s a Girl to Do"], "barcode": ["607217707120"], "media": ["CD"], "albumartist": ["Ladytron"], "tracktotal": ["18"], "language": ["eng"], "releasetype": ["album", "compilation"], "musicbrainz_recordingid": ["1fe9a3b5-0da1-4e82-ab4d-bfdeb59a34b7"], "musicbrainz_releasegroupid": ["f0d5a0c3-865a-31ac-a656-c89e95a0f303"], "musicbrainz_discid": ["VMDoNBpL.2QKugUqRklyzOLORMY-"], "musicbrainz_albumartistid": ["b45335d1-5219-4262-a44d-936aa36eeaed"], "musicbrainz_releasetrackid": ["086b4a2f-29c8-3d8e-ada6-eeb9b56b1d2d"], "discnumber": ["1"], "totaldiscs": ["1"], "album": ["Softcore Jukebox"], "catalognumber": ["EMN 7071-2"], "releasecountry": ["US"], "file_name": "1-03 What\u2019s a Girl to Do.flac", "compilation": ["1"], "originaldate": ["2003-10-07"], "date": ["2003-10-07"], "genre": ["Electro"], "musicbrainz_albumid": ["b6cbb7a5-a0c2-47f8-93a2-7157874249eb"], "disctotal": ["1"], "musicbrainz_artistid": ["f52cbd18-84dd-48f6-aca6-5750b7c23810"], "asin": ["B0000CA31S"], "grouping": ["Electronic"], "artist": ["Cristina"], "tracknumber": ["3"], "artistsort": ["Cristina"], "bpm": ["137.8"], "label": ["Emperor Norton"], "albumartistsort": ["Ladytron"], "acoustid_id": ["8f317351-5045-42e0-8657-0e26d8aa0af7"], "script": ["Latn"], "releasestatus": ["official"]}}, "rhythm": {"bpm_histogram_first_peak_bpm": {"dmean2": 0, "median": 136, "min": 136, "dvar2": 0, "dvar": 0, "dmean": 0, "max": 136, "var": 0, "mean": 136}, "bpm": 137.334716797, "bpm_histogram_second_peak_spread": {"dmean2": 0, "median": 0.100000023842, "min": 0.100000023842, "dvar2": 0, "dvar": 0, "dmean": 0, "max": 0.100000023842, "var": 0, "mean": 0.100000023842}, "bpm_histogram_first_peak_weight": {"dmean2": 0, "median": 0.569672107697, "min": 0.569672107697, "dvar2": 0, "dvar": 0, "dmean": 0, "max": 0.569672107697, "var": 0, "mean": 0.569672107697}, "onset_rate": 2.92023229599, "beats_position": [0.383129239082, 0.789478421211, 1.19582760334, 1.60217678547, 2.04335594177, 2.47292518616, 2.90249419212, 3.34367346764, 3.78485250473, 4.22603178024, 4.66721057892, 5.0967798233, 5.52634906769, 5.9675283432, 6.40870714188, 6.84988641739, 7.27945566177, 7.70902490616, 8.15020370483, 8.59138298035, 9.02095222473, 9.45052146912, 9.89170074463, 10.3328800201, 10.774058342, 11.1920175552, 11.6331968307, 12.0743761063, 12.5155553818, 12.9567346573, 13.3863039017, 13.8158731461, 14.2570514679, 14.6866207123, 15.1277999878, 15.5573692322, 15.9985485077, 16.4397277832, 16.8809070587, 17.298866272, 17.7400455475, 18.181224823, 18.6224040985, 19.0403633118, 19.4815406799, 19.9227199554, 20.363899231, 20.8050785065, 21.2346477509, 21.6642169952, 22.1053962708, 22.5349655151, 22.9761447906, 23.405714035, 23.8468933105, 24.2880725861, 24.7292518616, 25.158821106, 25.6000003815, 26.0295696259, 26.470746994, 26.9003162384, 27.3298854828, 27.7710647583, 28.2122440338, 28.6534233093, 29.0946025848, 29.5125617981, 29.9537410736, 30.3949203491, 30.8360996246, 31.265668869, 31.7068481445, 32.1364173889, 32.5775947571, 33.0187759399, 33.4599533081, 33.8779144287, 34.3190917969, 34.7602729797, 35.2014503479, 35.6310195923, 36.0605888367, 36.5017662048, 36.9429473877, 37.3725166321, 37.8020858765, 38.2432632446, 38.6844444275, 39.1256217957, 39.5668029785, 39.9847602844, 40.4259414673, 40.8671188354, 41.2966880798, 41.7262573242, 42.1674385071, 42.6086158752, 43.0497932434, 43.4793624878, 43.9205436707, 44.350112915, 44.7912902832, 45.2324714661, 45.6736488342, 46.0916099548, 46.532787323, 46.9739685059, 47.415145874, 47.8447151184, 48.2742843628, 48.7154655457, 49.1566429138, 49.5862121582, 50.0157814026, 50.4569587708, 50.8981399536, 51.327709198, 51.7572784424, 52.1984558105, 52.6396369934, 53.0808143616, 53.510383606, 53.9399528503, 54.3811340332, 54.8223114014, 55.2634925842, 55.6814498901, 56.122631073, 56.5638084412, 57.0049858093, 57.4345550537, 57.8641242981, 58.305305481, 58.7348747253, 59.1644439697, 59.6056213379, 60.0468025208, 60.4879798889, 60.9175491333, 61.3587303162, 61.7882995605, 62.2178688049, 62.6590461731, 63.1118354797, 63.5414047241, 63.9709739685, 64.4121551514, 64.8533325195, 65.2828979492, 65.7240829468, 66.1536483765, 66.5948257446, 67.0243988037, 67.4539642334, 67.895149231, 68.3363265991, 68.7542877197, 69.1954650879, 69.6366424561, 70.0778198242, 70.5189971924, 70.9601821899, 71.3897476196, 71.8309249878, 72.2604980469, 72.701675415, 73.1312484741, 73.5608139038, 74.001991272, 74.4431762695, 74.8727416992, 75.3023147583, 75.7434921265, 76.1846694946, 76.6142425537, 77.0554199219, 77.4849853516, 77.9261627197, 78.3673477173, 78.8085250854, 79.2380905151, 79.6792755127, 80.1088409424, 80.5500183105, 80.9795913696, 81.4207687378, 81.8503417969, 82.291519165, 82.7326965332, 83.1622695923, 83.591835022, 84.0330123901, 84.4741897583, 84.9153747559, 85.3333282471, 85.7745132446, 86.2156906128, 86.656867981, 87.0748291016, 87.5160064697, 87.9571838379, 88.3983688354, 88.8279342651, 89.2575073242, 89.6986846924, 90.1398620605, 90.5810394287, 91.0106124878, 91.4401779175, 91.8813552856, 92.3225402832, 92.7521057129, 93.181678772, 93.6228561401, 94.0640335083, 94.5052108765, 94.946395874, 95.3875732422, 95.8055343628, 96.246711731, 96.6878890991, 97.1290664673, 97.5470275879, 97.9882049561, 98.4177780151, 98.8473434448, 99.288520813, 99.7297058105, 100.147659302, 100.588844299, 101.030021667, 101.471199036, 101.912376404, 102.341949463, 102.771514893, 103.21269989, 103.653877258, 104.083442688, 104.513015747, 104.954193115, 105.395370483, 105.836547852, 106.266120911, 106.707298279, 107.136871338, 107.566436768, 107.996009827, 108.437187195, 108.878364563, 109.319541931, 109.74911499, 110.190292358, 110.619865417, 111.061042786, 111.502220154, 111.931785583, 112.361358643, 112.802536011, 113.243713379, 113.684898376, 114.114463806, 114.544036865, 114.985214233, 115.414779663, 115.844352722, 116.28553009, 116.726707458, 117.167892456, 117.597457886, 118.027030945, 118.468208313, 118.897773743, 119.327346802, 119.76852417, 120.209701538, 120.650878906, 121.092063904, 121.533241272, 121.962806702, 122.403991699, 122.833557129, 123.263130188, 123.704307556, 124.145484924, 124.575057983, 125.016235352, 125.434196472, 125.87537384, 126.30493927, 126.734512329, 127.175689697, 127.616867065, 128.046432495, 128.499221802, 128.92880249, 129.369979858, 129.799545288, 130.229110718, 130.658676147, 131.099868774, 131.541046143, 131.982223511, 132.400177002, 132.84135437, 133.2709198, 133.712112427, 134.141677856, 134.582855225, 135.024032593, 135.465209961, 135.883178711, 136.335968018, 136.765533447, 137.206710815, 137.636276245, 138.077453613, 138.507034302, 138.94821167, 139.3777771, 139.807342529, 140.236907959, 140.689697266, 141.130874634, 141.572067261, 141.990020752, 142.43119812, 142.872375488, 143.313552856, 143.731521606, 144.172698975, 144.613876343, 145.055053711, 145.484619141, 145.914199829, 146.355377197, 146.796554565, 147.214508057, 147.655685425, 148.096862793, 148.538040161, 148.979232788, 149.408798218, 149.838363647, 150.279541016, 150.709106445, 151.138687134, 151.579864502, 152.02104187, 152.4506073, 152.891784668, 153.321365356, 153.762542725, 154.192108154, 154.633285522, 155.062850952, 155.50402832, 155.945205688, 156.386398315, 156.827575684, 157.268753052, 157.698318481, 158.127883911, 158.5574646, 158.998641968, 159.428207397, 159.869384766, 160.310562134, 160.740127563, 161.169708252, 161.61088562, 162.04045105, 162.493240356, 162.911193848, 163.352371216, 163.793563843, 164.234741211, 164.664306641, 165.09387207, 165.535049438, 165.976226807, 166.405807495, 166.846984863, 167.276550293, 167.717727661, 168.135681152, 168.576873779, 169.018051147, 169.459228516, 169.888793945, 170.318359375, 170.759536743, 171.20072937, 171.641906738, 172.083084106, 172.501037598, 172.942214966, 173.383392334, 173.812973022, 174.242538452, 174.68371582, 175.101669312, 175.54284668, 175.96081543, 176.425216675, 176.866394043, 177.295959473, 177.725524902, 178.166702271, 178.607894897, 179.049072266, 179.478637695, 179.919815063, 180.349380493, 180.790557861, 181.22013855, 181.661315918, 182.090881348, 182.532058716, 182.961624146, 183.402801514, 183.832382202, 184.27355957, 184.714736938, 185.155914307, 185.573867798, 186.038269043, 186.456237793, 186.9090271, 187.338592529, 187.768157959, 188.197723389, 188.638900757, 189.080093384, 189.521270752, 189.950836182, 190.380401611, 190.821578979, 191.251159668, 191.680725098, 192.121902466, 192.563079834, 193.004257202, 193.433822632, 193.875015259, 194.304580688, 194.745758057, 195.186935425, 195.616500854, 196.046066284, 196.487258911, 196.928436279, 197.369613647, 197.799179077, 198.240356445, 198.669921875, 199.111114502, 199.540679932, 199.970245361, 200.411422729, 200.852600098, 201.282180786, 201.723358154, 202.152923584, 202.594100952, 203.023666382, 203.453231812, 203.894424438, 204.335601807, 204.776779175, 205.217956543, 205.647521973, 206.077087402, 206.518280029, 206.947845459, 207.377410889, 207.818588257, 208.259765625, 208.700942993, 209.130523682, 209.560089111, 210.001266479, 210.442443848, 210.883621216, 211.324798584, 211.754379272, 212.195556641, 212.636734009, 213.124343872], "beats_loudness": {"dmean2": 0.0635890141129, "median": 0.0532494597137, "min": 0, "dvar2": 0.00177194492426, "dvar": 0.000556947488803, "dmean": 0.0346335098147, "max": 0.129128843546, "var": 0.000882286869455, "mean": 0.0587801709771}, "danceability": 1.67085969448, "bpm_histogram_second_peak_weight": {"dmean2": 0, "median": 0.0553278699517, "min": 0.0553278699517, "dvar2": 0, "dvar": 0, "dmean": 0, "max": 0.0553278699517, "var": 0, "mean": 0.0553278699517}, "beats_count": 489, "bpm_histogram_second_peak_bpm": {"dmean2": 0, "median": 144, "min": 144, "dvar2": 0, "dvar": 0, "dmean": 0, "max": 144, "var": 0, "mean": 144}, "bpm_histogram_first_peak_spread": {"dmean2": 0, "median": 0.389010965824, "min": 0.389010965824, "dvar2": 0, "dvar": 0, "dmean": 0, "max": 0.389010965824, "var": 0, "mean": 0.389010965824}, "beats_loudness_band_ratio": {"dmean2": [0.649865329266, 0.104412540793, 0.112438626587, 0.133283093572, 0.145620822906, 0.275372207165], "median": [0.749549746513, 0.0296424347907, 0.0237129162997, 0.0289555862546, 0.044461723417, 0.0884638056159], "min": [0, 0, 0, 0, 0, 0], "dvar2": [0.143387421966, 0.00685799028724, 0.0133684743196, 0.0228535514325, 0.0158740207553, 0.024784790352], "dvar": [0.054574046284, 0.00232112850063, 0.00499283522367, 0.00840645749122, 0.00566199282184, 0.00902562495321], "dmean": [0.342426806688, 0.0545393526554, 0.0620738938451, 0.0726516917348, 0.0786226093769, 0.141271054745], "max": [0.983169257641, 0.302485048771, 0.423238128424, 0.550448894501, 0.485927641392, 0.516241908073], "var": [0.0662226602435, 0.00223499862477, 0.00463468162343, 0.006858126726, 0.00540733756498, 0.0103216981515], "mean": [0.66630089283, 0.0460136383772, 0.0505761876702, 0.0574889555573, 0.0691648796201, 0.120877549052]}}, "lowlevel": {"barkbands_spread": {"dmean2": 16.4154472351, "median": 33.4274635315, "min": 0.339638084173, "dvar2": 274.367553711, "dvar": 120.944847107, "dmean": 10.24650383, "max": 133.496917725, "var": 317.598907471, "mean": 35.1637153625}, "melbands_spread": {"dmean2": 23.2609825134, "median": 34.0234107971, "min": 0.334872037172, "dvar2": 693.90435791, "dvar": 320.326812744, "dmean": 14.7830648422, "max": 289.033538818, "var": 809.934143066, "mean": 39.342338562}, "hfc": {"dmean2": 13.3804302216, "median": 30.1184101105, "min": 1.1001680818e-16, "dvar2": 359.879547119, "dvar": 145.874832153, "dmean": 8.71807575226, "max": 185.79888916, "var": 502.922729492, "mean": 32.614315033}, "barkbands_kurtosis": {"dmean2": 7.78671646118, "median": 0.150940895081, "min": -1.92424416542, "dvar2": 654.230834961, "dvar": 347.942993164, "dmean": 4.82777309418, "max": 852.19329834, "var": 457.629150391, "mean": 4.46707105637}, "gfcc": {"mean": [16.5412788391, 47.2666130066, -111.123420715, 43.363155365, -57.4176712036, 22.8132324219, -35.3564987183, 9.13146209717, -26.5945892334, 5.88022232056, -15.3770065308, -6.47769451141, -8.42487716675], "icov": [[0.00012515365961, -0.000197047498659, 0.000190529899555, -0.000242320485995, 0.00020796865283, -0.000298248283798, 0.000263643800281, -0.000268589123152, 0.00019685686857, -0.00032006757101, 0.000475951615954, -0.000260222965153, 0.0004098599602], [-0.000197047498659, 0.00163307262119, -0.000296184414765, 0.000172509404365, -0.000539141241461, 0.000836338265799, -0.00105481559876, 4.76951172459e-05, 5.63566172787e-05, 0.00153405673336, -0.00149951374624, 0.00203232979402, -0.00167379598133], [0.000190529899555, -0.000296184414765, 0.00143255444709, -0.000557320541702, -0.000368840817828, -0.000582438136917, 0.000753053987864, -0.000915057491511, 0.000142781733302, -0.000365462648915, 0.00125340430532, -0.001286225277, 0.00142738060094], [-0.000242320485995, 0.000172509404365, -0.000557320541702, 0.00278530525975, -0.000783335999586, 0.000303475448163, -0.000435341265984, 0.00129096978344, -0.00123818847351, 0.000631784205325, -0.000543162692338, 0.000507227843627, -0.000244056296651], [0.00020796865283, -0.000539141241461, -0.000368840817828, -0.000783335999586, 0.00431686500087, -0.00121068244334, -0.00136248744093, -1.22905539683e-05, -0.000683870399371, -0.00145003886428, 0.000561550667044, -0.000152439504745, 0.00164236593992], [-0.000298248283798, 0.000836338265799, -0.000582438136917, 0.000303475448163, -0.00121068244334, 0.00516723096371, -0.00147264078259, -0.000934006471653, 0.00136136612855, 0.000993660418317, -0.00257262773812, 0.00206288788468, -0.00226499931887], [0.000263643800281, -0.00105481559876, 0.000753053987864, -0.000435341265984, -0.00136248744093, -0.00147264078259, 0.00695086084306, -0.0014837088529, -0.00114033941645, 9.01417151908e-05, 0.000268372270511, -0.00184427038766, 0.00188182422426], [-0.000268589123152, 4.76951172459e-05, -0.000915057491511, 0.00129096978344, -1.22905539683e-05, -0.000934006471653, -0.0014837088529, 0.0100915562361, -0.00524529768154, -0.000821416906547, 0.000792602426372, -0.00158719858155, -0.00126662338153], [0.00019685686857, 5.63566172787e-05, 0.000142781733302, -0.00123818847351, -0.000683870399371, 0.00136136612855, -0.00114033941645, -0.00524529768154, 0.013467296958, -0.00393373845145, -0.00134669383988, 0.00318172154948, -0.00217287195846], [-0.00032006757101, 0.00153405673336, -0.000365462648915, 0.000631784205325, -0.00145003886428, 0.000993660418317, 9.01417151908e-05, -0.000821416906547, -0.00393373845145, 0.0130603900179, -0.00562148122117, 0.000904477317818, 7.90198610048e-05], [0.000475951615954, -0.00149951374624, 0.00125340430532, -0.000543162692338, 0.000561550667044, -0.00257262773812, 0.000268372270511, 0.000792602426372, -0.00134669383988, -0.00562148122117, 0.0152722746134, -0.00660485308617, -0.000516897183843], [-0.000260222965153, 0.00203232979402, -0.001286225277, 0.000507227843627, -0.000152439504745, 0.00206288788468, -0.00184427038766, -0.00158719858155, 0.00318172154948, 0.000904477317818, -0.00660485308617, 0.0154195353389, -0.00397336063907], [0.0004098599602, -0.00167379598133, 0.00142738060094, -0.000244056296651, 0.00164236593992, -0.00226499931887, 0.00188182422426, -0.00126662338153, -0.00217287195846, 7.90198610048e-05, -0.000516897183843, -0.00397336063907, 0.0140834609047]], "cov": [[17944.609375, 931.648986816, -1398.07409668, 707.091247559, -799.485412598, 268.415985107, -492.250915527, -11.8604364395, -357.977294922, -121.168823242, -416.848754883, -209.071960449, -185.278762817], [931.648986816, 1083.54870605, -82.4847259521, 88.0938644409, 87.9199142456, 7.60513496399, 127.074043274, 17.0427360535, 22.5441684723, -82.5342330933, 13.8145952225, -97.4594497681, 64.0270233154], [-1398.07409668, -82.4847259521, 1227.64221191, 160.783401489, 290.008056641, 68.4198989868, 56.6112136841, 98.4801025391, 55.4642486572, 35.8024673462, -30.6120033264, 44.5260276794, -92.4816513062], [707.091247559, 88.0938644409, 160.783401489, 503.659515381, 123.896789551, 29.2411270142, 37.9604148865, -11.557390213, 35.606880188, 3.30365848541, -16.4999332428, -26.0599765778, -36.0158500671], [-799.485412598, 87.9199142456, 290.008056641, 123.896789551, 449.639465332, 98.8522872925, 163.750213623, 66.3979263306, 88.7031784058, 60.1911964417, 36.0072898865, -1.94325006008, -31.8545284271], [268.415985107, 7.60513496399, 68.4198989868, 29.2411270142, 98.8522872925, 287.940185547, 73.4679107666, 56.0582389832, 13.9606266022, 18.8150901794, 38.7957725525, 3.35359954834, 21.0886917114], [-492.250915527, 127.074043274, 56.6112136841, 37.9604148865, 163.750213623, 73.4679107666, 250.85723877, 66.7952270508, 67.7853851318, 26.2576026917, 43.7932701111, 11.5370283127, 4.72911691666], [-11.8604364395, 17.0427360535, 98.4801025391, -11.557390213, 66.3979263306, 56.0582389832, 66.7952270508, 176.689361572, 85.7234191895, 50.2650032043, 26.1658649445, 21.2939224243, 20.3394393921], [-357.977294922, 22.5441684723, 55.4642486572, 35.606880188, 88.7031784058, 13.9606266022, 67.7853851318, 85.7234191895, 151.500854492, 65.4494400024, 41.2555923462, -1.15999603271, 22.8402099609], [-121.168823242, -82.5342330933, 35.8024673462, 3.30365848541, 60.1911964417, 18.8150901794, 26.2576026917, 50.2650032043, 65.4494400024, 134.4556427, 55.546459198, 21.7083301544, 4.67140626907], [-416.848754883, 13.8145952225, -30.6120033264, -16.4999332428, 36.0072898865, 38.7957725525, 43.7932701111, 26.1658649445, 41.2555923462, 55.546459198, 130.27104187, 46.3188323975, 39.0343551636], [-209.071960449, -97.4594497681, 44.5260276794, -26.0599765778, -1.94325006008, 3.35359954834, 11.5370283127, 21.2939224243, -1.15999603271, 21.7083301544, 46.3188323975, 106.340560913, 22.0777416229], [-185.278762817, 64.0270233154, -92.4816513062, -36.0158500671, -31.8545284271, 21.0886917114, 4.72911691666, 20.3394393921, 22.8402099609, 4.67140626907, 39.0343551636, 22.0777416229, 112.218734741]]}, "spectral_energyband_middle_low": {"dmean2": 0.00796055886894, "median": 0.00578213715926, "min": 1.81320777159e-22, "dvar2": 0.000132974688313, "dvar": 5.07579570694e-05, "dmean": 0.00476870918646, "max": 0.06777818501, "var": 7.0795758802e-05, "mean": 0.00828557740897}, "melbands_crest": {"dmean2": 6.6872010231, "median": 14.5838022232, "min": 1.52317416668, "dvar2": 32.2373161316, "dvar": 15.3793640137, "dmean": 4.15241003036, "max": 36.5848579407, "var": 40.1774864197, "mean": 15.1763792038}, "spectral_kurtosis": {"dmean2": 1.1767950058, "median": 1.97692680359, "min": -1.41382062435, "dvar2": 1.78227972984, "dvar": 0.745953202248, "dmean": 0.747835874557, "max": 26.5106868744, "var": 2.32532095909, "mean": 2.21981406212}, "spectral_rms": {"dmean2": 0.00155167363118, "median": 0.00500015122816, "min": 3.1753915903e-12, "dvar2": 3.15568922815e-06, "dvar": 1.94549147636e-06, "dmean": 0.00108913169242, "max": 0.01290260721, "var": 5.94373341301e-06, "mean": 0.00513178575784}, "zerocrossingrate": {"dmean2": 0.0221256520599, "median": 0.091796875, "min": 0.00439453125, "dvar2": 0.000504549941979, "dvar": 0.000424937024945, "dmean": 0.0198669228703, "max": 0.5244140625, "var": 0.00351444911212, "mean": 0.100569911301}, "silence_rate_60dB": {"dmean2": 0.0469514168799, "median": 0, "min": 0, "dvar2": 0.051262460649, "dvar": 0.022920679301, "dmean": 0.0234731584787, "max": 1, "var": 0.0674990639091, "mean": 0.072802349925}, "erbbands_kurtosis": {"dmean2": 1.40454745293, "median": -0.231698989868, "min": -1.82405459881, "dvar2": 3.58646655083, "dvar": 1.50289344788, "dmean": 0.893456935883, "max": 22.9032974243, "var": 2.99401807785, "mean": 0.207440406084}, "erbbands": {"dmean2": [0.318205565214, 3.00525999069, 10.2470350266, 12.9340391159, 10.3583812714, 8.59179210663, 9.68235492706, 9.30021858215, 11.6919879913, 14.6414737701, 16.0938301086, 27.1420822144, 18.4786834717, 30.5640220642, 21.0505161285, 18.4532985687, 26.7517623901, 30.8657112122, 51.9702987671, 28.1248760223, 20.6838531494, 17.7552261353, 16.3511428833, 26.1633968353, 19.9664573669, 18.8764648438, 24.9452590942, 21.5744476318, 13.3567295074, 7.99018001556, 6.73717832565, 6.07209539413, 4.81459712982, 2.40574026108, 1.45683646202, 0.430778115988, 0.129487395287, 0.0198595579714, 0.00185745197814, 0.000123477395391], "median": [0.0220442675054, 0.367667138577, 1.28572273254, 2.31955909729, 3.13840198517, 3.28731298447, 3.40866589546, 3.15780115128, 3.74908542633, 4.05425786972, 5.63555812836, 7.19302606583, 6.92066287994, 9.81866359711, 9.03624725342, 9.70470142365, 15.7832136154, 13.6952285767, 25.288640976, 16.4978179932, 11.3324890137, 11.3098993301, 12.7355556488, 17.3926353455, 16.8315963745, 12.2049465179, 18.3251438141, 13.9322299957, 8.83835506439, 5.9449300766, 5.56221437454, 5.71328735352, 4.24323892593, 1.87317979336, 0.634119033813, 0.162770360708, 0.0312427096069, 0.00364837958477, 0.0003711177269, 6.59385332256e-05], "min": [5.98640413899e-23, 2.47817762989e-22, 3.39036978109e-21, 6.34505569796e-21, 1.22895653402e-20, 1.58932657282e-20, 6.23692307784e-20, 6.3602692781e-20, 1.67563527649e-19, 1.63737028909e-19, 2.44977267376e-19, 3.89834997403e-19, 4.75337891438e-19, 7.74231954363e-19, 9.77154661463e-19, 1.57641020572e-18, 1.69303491727e-18, 2.20667613076e-18, 3.13226249168e-18, 3.51887802459e-18, 4.12168300085e-18, 3.10564299239e-18, 5.52084701287e-18, 6.1531566944e-18, 6.7618652587e-18, 7.41271784803e-18, 1.04317649564e-17, 1.0258396999e-17, 9.19466092927e-18, 1.18692791296e-17, 1.13485176488e-17, 9.88550894199e-18, 1.06912018838e-17, 8.19104269206e-18, 6.20982766535e-18, 4.27748701872e-18, 2.51877757973e-18, 9.73137769011e-19, 2.51011808439e-19, 2.89650700859e-20], "dvar2": [0.490990400314, 36.1363067627, 478.090057373, 608.14050293, 314.335510254, 225.13168335, 435.75177002, 630.98223877, 871.507446289, 1637.3848877, 1863.1229248, 5021.13574219, 2409.87841797, 5374.8203125, 2617.27294922, 1111.1472168, 1703.66052246, 13139.2148438, 10959.9863281, 3335.08837891, 1558.85864258, 989.41973877, 507.933959961, 3071.7956543, 1205.90454102, 1217.79040527, 2429.12890625, 1713.53295898, 640.913818359, 258.287872314, 149.751586914, 113.353477478, 72.3051834106, 21.6339092255, 13.1917705536, 1.0415699482, 0.131283849478, 0.00492173898965, 4.38417991973e-05, 1.6285828508e-07], "dvar": [0.258492738008, 20.8935108185, 176.819030762, 231.487579346, 113.678878784, 94.5043640137, 180.42137146, 259.473907471, 361.653381348, 692.84777832, 835.606201172, 2103.67211914, 1130.17272949, 2492.8112793, 1119.43200684, 478.970977783, 678.741943359, 5609.84472656, 4441.89892578, 1460.69799805, 617.253967285, 389.355316162, 221.244262695, 2208.03808594, 539.402587891, 465.767974854, 956.289733887, 662.181335449, 241.417190552, 101.809959412, 56.2028121948, 43.4547996521, 28.0054607391, 8.68417263031, 5.87820959091, 0.443418502808, 0.0493784546852, 0.00187395513058, 1.71101219166e-05, 6.38320045709e-08], "dmean": [0.223960265517, 1.91314446926, 6.03746652603, 7.61646413803, 5.88735628128, 5.19629478455, 6.02490234375, 5.69652223587, 7.22435855865, 9.20313358307, 10.3808698654, 17.5466136932, 12.2546424866, 20.2724685669, 13.6942081451, 11.831568718, 16.4423027039, 20.1738071442, 33.4627876282, 17.9798030853, 12.5882034302, 10.84852314, 10.2722978592, 17.8846569061, 12.8389053345, 11.7878074646, 15.9960975647, 13.2780761719, 8.06874370575, 4.89443874359, 4.09841394424, 3.69771909714, 2.98582172394, 1.52147877216, 0.933576643467, 0.277784347534, 0.0813295543194, 0.012522732839, 0.00119131756946, 8.09526536614e-05], "max": [4.23636388779, 34.7010154724, 102.557861328, 138.630218506, 113.398834229, 222.389129639, 310.572662354, 382.263641357, 490.329772949, 585.133239746, 701.13079834, 904.677062988, 945.068603516, 950.706359863, 1115.52148438, 572.237182617, 505.082305908, 3022.07202148, 1950.77087402, 1256.99523926, 776.47644043, 608.342773438, 364.098632812, 2171.61279297, 808.598205566, 617.533203125, 1037.45532227, 617.896240234, 249.487182617, 231.803100586, 143.856948853, 126.4740448, 142.383392334, 70.9941558838, 70.1372756958, 13.0195808411, 4.32867002487, 1.22106707096, 0.123389415443, 0.00610471330583], "var": [0.340132772923, 30.3585147858, 141.721572876, 237.612838745, 101.586891174, 149.802734375, 312.783630371, 324.611755371, 591.959106445, 1087.83374023, 1655.07019043, 3501.40893555, 2675.65869141, 6012.06347656, 3269.93310547, 1086.07922363, 1378.95349121, 7461.44677734, 8961.8046875, 3486.87963867, 1198.14208984, 958.341186523, 675.270324707, 9106.20507812, 1480.31591797, 1075.84973145, 2107.49365234, 1232.52124023, 406.624023438, 179.168045044, 81.9909057617, 64.9087371826, 49.6960639954, 15.7346725464, 11.7090005875, 0.8274538517, 0.057973574847, 0.00195716321468, 1.88225312741e-05, 7.44089021509e-08], "mean": [0.264661550522, 2.52765583992, 5.93795442581, 8.10817050934, 6.62252902985, 7.03482627869, 8.61713218689, 7.65401411057, 10.3447208405, 13.218588829, 16.3591823578, 25.7975940704, 19.9876422882, 33.4294776917, 24.1220874786, 20.8638343811, 27.3405151367, 33.7486419678, 57.2313575745, 32.9450874329, 22.2600898743, 21.0344486237, 21.6030826569, 37.9859809875, 28.5194644928, 24.9805107117, 35.0895500183, 27.1011066437, 15.9637308121, 10.2609872818, 8.02284526825, 7.54398870468, 6.05640506744, 3.09972429276, 1.64209270477, 0.48964035511, 0.124499447644, 0.0182299166918, 0.00178507505916, 0.000150353400386]}, "spectral_strongpeak": {"dmean2": 1.19339287281, "median": 0.524363338947, "min": 0, "dvar2": 3.848487854, "dvar": 1.58980894089, "dmean": 0.697927236557, "max": 21.8270282745, "var": 2.61840939522, "mean": 1.0652936697}, "spectral_energy": {"dmean2": 0.0204918384552, "median": 0.0256265513599, "min": 1.03351895843e-20, "dvar2": 0.000814293453004, "dvar": 0.000433599518146, "dmean": 0.0137283522636, "max": 0.170639201999, "var": 0.000853960693348, "mean": 0.0330860055983}, "average_loudness": 0.962950348854, "spectral_rolloff": {"dmean2": 1808.39819336, "median": 2196.38671875, "min": 21.533203125, "dvar2": 5389308.5, "dvar": 2513076.25, "dmean": 1106.61499023, "max": 19509.0820312, "var": 6881657, "mean": 2871.8671875}, "spectral_centroid": {"dmean2": 615.666870117, "median": 2065.47509766, "min": 156.081954956, "dvar2": 383816, "dvar": 171398.921875, "dmean": 395.018981934, "max": 11922.7705078, "var": 1041745.375, "mean": 2113.65405273}, "pitch_salience": {"dmean2": 0.150309979916, "median": 0.539320170879, "min": 0.0303176548332, "dvar2": 0.018882824108, "dvar": 0.00942655839026, "dmean": 0.0944608896971, "max": 0.922111034393, "var": 0.0237448420376, "mean": 0.5218719244}, "spectral_energyband_middle_high": {"dmean2": 0.00302995904349, "median": 0.004705586005, "min": 1.19356204914e-21, "dvar2": 1.73555708898e-05, "dvar": 8.03406783234e-06, "dmean": 0.0020245986525, "max": 0.0742316544056, "var": 3.66256354027e-05, "mean": 0.00638107117265}, "spectral_contrast_coeffs": {"dmean2": [0.0965505242348, 0.0821634680033, 0.0696949586272, 0.0599312894046, 0.0414849109948, 0.0367073081434], "median": [-0.642240524292, -0.761385083199, -0.766917467117, -0.760909020901, -0.789317011833, -0.757608771324], "min": [-0.979282021523, -0.978055417538, -0.976479530334, -0.970060884953, -0.966777443886, -0.964276015759], "dvar2": [0.00621252600104, 0.00463044224307, 0.00332430819981, 0.00275082280859, 0.00143860036042, 0.0013886350207], "dvar": [0.0027151752729, 0.00186915916856, 0.00144005205948, 0.00120894704014, 0.000627640227322, 0.000579060288146], "dmean": [0.0607715807855, 0.0507713742554, 0.0439189821482, 0.0387687236071, 0.0261775832623, 0.0231627207249], "max": [-0.308485507965, -0.410483270884, -0.41875988245, -0.443566083908, -0.582009851933, -0.487157642841], "var": [0.0101378029212, 0.0062487362884, 0.00650924351066, 0.0053739072755, 0.00279923761263, 0.00306111085229], "mean": [-0.642794489861, -0.75084733963, -0.757176697254, -0.75363111496, -0.779919922352, -0.757300436497]}, "melbands_skewness": {"dmean2": 1.94819712639, "median": 2.2661857605, "min": -2.06107592583, "dvar2": 5.89466047287, "dvar": 3.47302103043, "dmean": 1.33423447609, "max": 20.0503196716, "var": 8.29819393158, "mean": 3.08519363403}, "spectral_spread": {"dmean2": 995180.875, "median": 5504740.5, "min": 1915709.25, "dvar2": 1770202857470.0, "dvar": 885995012096, "dmean": 704138.1875, "max": 42561620, "var": 10398337073200.0, "mean": 6107038.5}, "dissonance": {"dmean2": 0.0243365634233, "median": 0.4819688797, "min": 0.325041800737, "dvar2": 0.000681316945702, "dvar": 0.000248068536166, "dmean": 0.0143092684448, "max": 0.500000059605, "var": 0.000446644873591, "mean": 0.475747704506}, "spectral_skewness": {"dmean2": 0.244946464896, "median": 1.09268593788, "min": -0.117006860673, "dvar2": 0.0654459968209, "dvar": 0.028681917116, "dmean": 0.158782333136, "max": 4.47297954559, "var": 0.114581137896, "mean": 1.11957001686}, "spectral_flux": {"dmean2": 0.0672950893641, "median": 0.0891970098019, "min": 6.54729673255e-11, "dvar2": 0.00642212154344, "dvar": 0.00263042165898, "dmean": 0.0414034351707, "max": 0.374591827393, "var": 0.00441831117496, "mean": 0.105612717569}, "spectral_contrast_valleys": {"dmean2": [0.79650002718, 0.681115627289, 0.607188820839, 0.609564900398, 0.503085792065, 0.404099434614], "median": [-7.28636026382, -6.86315393448, -7.34797763824, -7.5126080513, -7.07828855515, -8.98952770233], "min": [-27.8747005463, -27.8953227997, -27.7930927277, -27.6370124817, -27.5632991791, -27.4100246429], "dvar2": [0.517521739006, 0.390426427126, 0.33949354291, 0.453041315079, 0.378846943378, 0.262016355991], "dvar": [0.269247114658, 0.182438880205, 0.159653097391, 0.206640899181, 0.177595838904, 0.136373892426], "dmean": [0.529184937477, 0.425719350576, 0.390355348587, 0.403946042061, 0.336535274982, 0.270006358624], "max": [-5.30275392532, -4.97386217117, -5.55950260162, -5.69158220291, -5.48470687866, -7.68503761292], "var": [3.82817602158, 3.54662132263, 3.48143076897, 3.51790428162, 3.56203103065, 2.92041063309], "mean": [-7.59803342819, -7.16896915436, -7.67487573624, -7.83158445358, -7.34285163879, -9.36195278168]}, "erbbands_flatness_db": {"dmean2": 0.0261763073504, "median": 0.123477466404, "min": 0.0260598659515, "dvar2": 0.000777574663516, "dvar": 0.000425946753239, "dmean": 0.0183247700334, "max": 0.361114889383, "var": 0.00180461106356, "mean": 0.131168484688}, "spectral_energyband_high": {"dmean2": 0.00145404355135, "median": 0.00179936166387, "min": 7.09630735029e-21, "dvar2": 5.82490929446e-06, "dvar": 2.26445604312e-06, "dmean": 0.000927657820284, "max": 0.0284099951386, "var": 5.8203613662e-06, "mean": 0.00251974188723}, "spectral_entropy": {"dmean2": 0.250057518482, "median": 8.00377941132, "min": 6.02666425705, "dvar2": 0.0911731794477, "dvar": 0.0371673442423, "dmean": 0.162755399942, "max": 9.82165718079, "var": 0.157061696053, "mean": 7.93500328064}, "silence_rate_20dB": {"dmean2": 0, "median": 1, "min": 1, "dvar2": 0, "dvar": 0, "dmean": 0, "max": 1, "var": 0, "mean": 1}, "melbands_flatness_db": {"dmean2": 0.0562888011336, "median": 0.145599707961, "min": 0.00410020072013, "dvar2": 0.00336549151689, "dvar": 0.00191289803479, "dmean": 0.0377401486039, "max": 0.555164933205, "var": 0.00659167440608, "mean": 0.157775849104}, "barkbands": {"dmean2": [0.00020476274949, 0.0119283599779, 0.00970819592476, 0.00437536882237, 0.00250426051207, 0.00121062935796, 0.000922934501432, 0.000688573869411, 0.00112316606101, 0.000834693142679, 0.000635005009826, 0.000463837815914, 0.000587778165936, 0.00070120341843, 0.000956537202001, 0.000408908294048, 0.000358376972144, 0.000344221509295, 0.000513548904564, 0.000393321766751, 0.000594488694333, 0.000334875338012, 0.000241730027483, 0.000278193358099, 0.000198197725695, 7.39856041037e-05, 1.46483544086e-05], "median": [4.46867197752e-05, 0.00131750083528, 0.000967435073107, 0.000642201164737, 0.001034871093, 0.00040234651533, 0.000248318567174, 0.000168327140273, 0.000287167204078, 0.00025276033557, 0.000160610768944, 0.000172196276253, 0.000308458606014, 0.000247258169111, 0.00042367176502, 0.000181910509127, 0.000207474819035, 0.000225105861318, 0.000380140991183, 0.000238954438828, 0.000424944562837, 0.000227282609558, 0.000203738556593, 0.000265285430942, 0.000126028593513, 2.28252320085e-05, 2.14819669964e-06], "min": [1.33064342587e-25, 2.38680634826e-24, 2.46442434488e-24, 1.78766175758e-24, 4.71978437822e-24, 8.84807374996e-24, 6.983501604e-24, 7.79571752518e-24, 1.69185183963e-23, 1.63434624622e-23, 1.12097615837e-23, 3.32702055223e-23, 3.94778750477e-23, 3.72772339567e-23, 4.24353997784e-23, 4.711440202e-23, 2.68657846207e-23, 1.0829454739e-22, 9.38134088199e-23, 1.80313193524e-22, 2.53006170582e-22, 2.8475407335e-22, 3.73349059997e-22, 6.18821823505e-22, 7.78712847075e-22, 1.27683657919e-21, 2.02949167187e-21], "dvar2": [1.32342279358e-07, 0.000583132554311, 0.000404398830142, 7.27301012375e-05, 1.48564913616e-05, 8.18987064122e-06, 6.29241367278e-06, 3.62800960829e-06, 7.81471590017e-06, 3.68188807442e-06, 3.12057977681e-06, 7.86872590197e-07, 8.33389492527e-07, 5.98548558628e-06, 3.65395385415e-06, 7.22107643014e-07, 3.93518718056e-07, 3.19183470765e-07, 8.38380231016e-07, 5.89755643432e-07, 1.21350706195e-06, 4.05842598639e-07, 2.07490472803e-07, 2.27671776543e-07, 1.79021100166e-07, 3.53366402805e-08, 2.78875078585e-09], "dvar": [5.96545817189e-08, 0.00034769665217, 0.00015047530178,