{"tonal": {"thpcp": [1, 0.50987225771, 0.0758018046618, 0.281940340996, 0.364807367325, 0.23067894578, 0.481472283602, 0.713730216026, 0.421172648668, 0.159174665809, 0.115351133049, 0.117406390607, 0.203285560012, 0.189464196563, 0.0675353854895, 0.0299206171185, 0.0288366694003, 0.0452860556543, 0.143198013306, 0.171180844307, 0.0791824534535, 0.0413008034229, 0.0427951179445, 0.0637043714523, 0.145512640476, 0.192386731505, 0.178686141968, 0.288473039865, 0.304548293352, 0.135258719325, 0.0460214316845, 0.0359944477677, 0.0617245063186, 0.172703608871, 0.200839087367, 0.58229392767], "hpcp": {"dmean2": [0.0910905972123, 0.0763689726591, 0.0442863404751, 0.032310012728, 0.0292313303798, 0.0322235897183, 0.0504150614142, 0.0559810735285, 0.0427902787924, 0.036562692374, 0.0402000583708, 0.0551859512925, 0.0794483050704, 0.0893285498023, 0.0939387455583, 0.110182635486, 0.0986660718918, 0.074875511229, 0.0406714640558, 0.0294643174857, 0.0353677384555, 0.0515935458243, 0.0563491918147, 0.143494069576, 0.228557616472, 0.128189533949, 0.0478781238198, 0.1016613096, 0.11342381686, 0.10170019418, 0.196232661605, 0.21718287468, 0.216568261385, 0.156941235065, 0.121179021895, 0.103548176587], "median": [0.00691246939823, 0.00617996789515, 0.00321175390854, 0.000777803477831, 0.000806228490546, 0.00190371391363, 0.00597122265026, 0.00685183797032, 0.00332732172683, 0.000704556936398, 0.00057220668532, 0.00133728748187, 0.00386097817682, 0.00499194581062, 0.00647735316306, 0.00864204671234, 0.00792064331472, 0.00287870201282, 0.000640405458398, 0.000542422058061, 0.00131449685432, 0.00311404210515, 0.00375942420214, 0.0529205575585, 0.0231338627636, 0.0213191173971, 0.00278347590938, 0.0118093490601, 0.0157872457057, 0.0134470285848, 0.0161403976381, 0.0194718390703, 0.0109041212127, 0.00212021055631, 0.00167374394368, 0.00344879925251], "min": [0, 0, 0, 0, 0, 0, 0, 0, 0, 0, 0, 0, 0, 0, 0, 0, 0, 0, 0, 0, 0, 0, 0, 0, 0, 0, 0, 0, 0, 0, 0, 0, 0, 0, 0, 0], "dvar2": [0.0572952330112, 0.0468985661864, 0.0235924050212, 0.0230881199241, 0.0185830798, 0.017978368327, 0.0231928210706, 0.0256933998317, 0.0228253342211, 0.0256830472499, 0.0276116020977, 0.0388345308602, 0.0484271794558, 0.0558588989079, 0.0502413660288, 0.0591658502817, 0.0616189055145, 0.0445906817913, 0.022682543844, 0.0157111473382, 0.016979528591, 0.0220741629601, 0.0269911233336, 0.0699674263597, 0.223595440388, 0.064598210156, 0.0197091866285, 0.0468315184116, 0.0583287589252, 0.0354050137103, 0.113348826766, 0.157637774944, 0.14885468781, 0.117812164128, 0.105070441961, 0.0781073048711], "dvar": [0.0235003530979, 0.0188642963767, 0.00840007793158, 0.00781323388219, 0.0063000433147, 0.00643097888678, 0.00876606069505, 0.0108119174838, 0.00884420797229, 0.00933051854372, 0.00997379887849, 0.0134347388521, 0.0179399475455, 0.0217296034098, 0.0193746667355, 0.0242222957313, 0.024276284501, 0.0163205116987, 0.00810034200549, 0.00582456449047, 0.00636004470289, 0.0094479303807, 0.0117389624938, 0.0261176228523, 0.0826038569212, 0.0237871464342, 0.00761027121916, 0.0191601160914, 0.0241814516485, 0.0144829601049, 0.0413923971355, 0.0586303062737, 0.0518913194537, 0.0408828519285, 0.0359330326319, 0.0277283117175], "dmean": [0.0519572384655, 0.0447678603232, 0.0246724989265, 0.0170396994799, 0.0155822867528, 0.0178716722876, 0.0302194170654, 0.0339650586247, 0.0246825926006, 0.0200804006308, 0.0217466186732, 0.030499894172, 0.0452247969806, 0.0517343245447, 0.0553680621088, 0.0647644251585, 0.0581685975194, 0.0420400090516, 0.0224325489253, 0.0161947496235, 0.0203538369387, 0.0315953269601, 0.0335679240525, 0.0781305581331, 0.12097427994, 0.0683514550328, 0.0281590986997, 0.0604008249938, 0.0678863301873, 0.0598889328539, 0.110534921288, 0.120543330908, 0.119656927884, 0.0841517671943, 0.0645494610071, 0.0563564151525], "max": [1, 1, 1, 1, 1, 1, 1, 1, 1, 1, 1, 1, 1, 1, 1, 1, 1, 1, 1, 1, 1, 1, 1, 1, 1, 1, 1, 1, 1, 1, 1, 1, 1, 1, 1, 1], "var": [0.0442835725844, 0.0410486012697, 0.00693443138152, 0.00427076919004, 0.00368122244254, 0.00457116635516, 0.0225382037461, 0.0315122492611, 0.00981782749295, 0.00743715511635, 0.00757939647883, 0.0101443482563, 0.026678731665, 0.0405602008104, 0.0285716559738, 0.0584422685206, 0.0710730925202, 0.0210166759789, 0.0062960293144, 0.00512759294361, 0.00910212378949, 0.035638358444, 0.0465604886413, 0.0631457194686, 0.2169816643, 0.0550094954669, 0.00887963734567, 0.0526978820562, 0.0804272517562, 0.0284602884203, 0.0891791880131, 0.160304233432, 0.077706053853, 0.032299682498, 0.0247217714787, 0.0210345890373], "mean": [0.0792922899127, 0.0739012137055, 0.0263424292207, 0.0116706481203, 0.0112478500232, 0.017663994804, 0.0558549165726, 0.0667697265744, 0.0308854095638, 0.0161095317453, 0.0166923943907, 0.0248481277376, 0.056757748127, 0.0750411599874, 0.0696971938014, 0.112519979477, 0.118790194392, 0.0527581647038, 0.0179508309811, 0.0140397679061, 0.0240758731961, 0.0673636868596, 0.078338034451, 0.227125912905, 0.390053719282, 0.198877573013, 0.0295667760074, 0.109971873462, 0.142294466496, 0.0899771824479, 0.187800049782, 0.278393119574, 0.164279952645, 0.0620866715908, 0.0449931398034, 0.0457947999239]}, "tuning_equal_tempered_deviation": 0.157652571797, "chords_changes_rate": 0.068883612752, "key_key": "C", "tuning_diatonic_strength": 0.303823590279, "key_scale": "major", "chords_number_rate": 0.00403800467029, "tuning_frequency": 434.193115234, "tuning_nontempered_energy_ratio": 0.834702134132, "chords_histogram": [6.03325414658, 6.50831365585, 10.3325414658, 6.91211414337, 7.19714975357, 5.34441804886, 3.46793341637, 4.29928731918, 0.261282652617, 0, 0.926365792751, 1.52019000053, 2.13776731491, 5.79572439194, 13.3254156113, 5.60570049286, 0, 0.593824207783, 0.0950118750334, 2.82660341263, 2.58907365799, 12.2327795029, 1.9952493906, 0], "key_strength": 0.349888384342, "chords_key": "C#", "chords_strength": {"dmean2": 0.00765730114654, "median": 0.432324528694, "min": -1, "dvar2": 0.000945760752074, "dvar": 0.000493965169881, "dmean": 0.00823955610394, "max": 0.78499931097, "var": 0.0134090855718, "mean": 0.435457885265}, "chords_scale": "major", "hpcp_entropy": {"dmean2": 0.862794339657, "median": 1.61281967163, "min": 0, "dvar2": 0.562430858612, "dvar": 0.211755290627, "dmean": 0.503130495548, "max": 4.27255773544, "var": 0.461133420467, "mean": 1.59980154037}}, "metadata": {"audio_properties": {"equal_loudness": 0, "codec": "flac", "downmix": "mix", "sample_rate": 44100, "analysis_sample_rate": 44100, "bit_rate": 0, "md5_encoded": "6bc6efb5862803fdc3a319bdc5649d96", "length": 195.42666626, "replay_gain": -6.64976501465, "lossless": true}, "version": {"essentia_build_sha": "70f2e5ece6736b2c40cc944ad0e695b16b925413", "essentia": "2.1-beta2", "extractor": "music 1.0", "essentia_git_sha": "v2.1_beta2"}, "tags": {"title": ["Try"], "barcode": ["634904608026"], "media": ["CD"], "albumartist": ["The xx"], "tracktotal": ["11"], "language": ["eng"], "releasetype": ["album"], "musicbrainz_recordingid": ["1fe95b43-8fe9-442f-858b-ed50683a25ef"], "musicbrainz_releasegroupid": ["a862b364-6b65-4b6f-945f-6f4f1258411a"], "musicbrainz_albumartistid": ["c5c2ea1c-4bde-4f4d-bd0b-47b200bf99d6"], "acoustid_fingerprint": ["AQADtHqViDiPP4dV4lKMPHGKP9DOoXnwaMdRUoeYOMmDan9wQQ-O_kEzMsdz4sczJfiD7hGa8REeHhc_PIZ45MdL9LgkJUabKBPRnBnCC7rO4IkLRzr-4RJ0a8YjhQjvoDmPR0d-HCJ-fFGOcFXwe-gZBy0HZ_mMOmUw90HyIX2OpwNzRUazRce4XfizBaPeDPyJB0kehIbXbQn6hSu-acSjLMST5DiPI0xICfpxqQcuvMNxwDiOqzhsHL_ww8xxHOnh43JwPIfD4y-Ou0GfIrqR_HiCxyv-4BZcUTueRMGHe0WE7odPnILsrMB34PB3HJ9HpCo-4cPX4XgP3_he3EhP6EE-oy3-4w7O4MqFtPlw_ImK8I_go2l84Tq8fPiPmItyPDx0HcP8GGGpB39w4LhgPAh__NCuHB-e4xyO5jmUHzuJK0GpjTRS4jmBpx_SOmj04oFu4ePwNEWpLTG6P_iG5mmgWTSmBymjY3qGP-h1wQ9MskgPXbiIPzgO48cP8cXx4g8O48dlPPCFIziqH3goXLiOfkeY6hOSM3TgT7j6BM97PIFL_MGP57iRB5c3PNHRB2LoB1fwTgWe0YJ9XPjq4BPcHMdtQt3h4zdufMcPR5UO_ThxnLSEH66K73iiwzly40ee48txvFDh9_gOM9GyBT_8pMI3wmkP_RV-XNmF-zBefA_cSMdxHdch5jqOH18dHKLF4vheCTcu5Dh-HIaPRw8uHD2PA82Y6MhXRYP3RTilQyY8jUea48dz_Id_4buMBzkeIaRM_CE-1NEOt7KE68C1HtaiA_kEO9DKHOcRijBOlL7QC-5SfOfxvMFcnKjMgD_6I1W0DyYOnccdIj964syMZjr6gx_OFs031NKOPkOzGjkU8XDuIP1x_Ngv_HCr4ipe-EZyWUGuw0ceJOSLHZ8evDesHz-O_sOJk8gN_fgRPsePOkN5ofnxHTc6JKO2I1aUB1slE1dI5BeSij-eD_3hH3_wwztCXjnQ6Ui_46TioE1Qwo_RI_whpMtxzehzoM9RHcdfIYeMUroER8l2_B38CHpi4UXs4_rwHuZyDuWDJ09QCz6T49mOMKOH5ORx6rjNwE-OnxiVMFlofEL9I-HDMEHI4Mc7CU2_ZOi9DzeOXwjjQpdaHAd0nDgCP3CD48DhPhR6fEU_pEXyEI9aPMpxF_6RH3p3pCiFi0XIy1CG8ImCPvDj4Tru4-rSoNZRNK8wH_lRbVIO8ciLH8dxwzfM4C6Av8Kn5cIuyUJxI3yiGEmeC2ZQ_ehvnI_w-UUuB96PC2aOdD-6dMCn4cL1YwqfR8g7wUd_COVB5NLwCz5gG79weMeBGx3LIZdvqNsRZqhVXMqHpw9RTjh1JHzyIuRxEUyOUluM70RtpOQPjTry431xhj_eE9EW_Bt0xihJNMyI4zqHK0NpuBUO4LDgXshx_ICNByZO_Ic9wheqHcd5HTGVQ-8oIReOX-g5NA-6a0KzI88n4viPNOITvDWeJDeskDjyQz_CPMsUo5RDPHJI_MtxPHjwE8nYMUeYB9_xJA_WHtSDJCRHpE2IL8IfNJd09EEcajmSnjF-7PAsPMNnXEmC5DmLPGHAHs3DolZ-XIuKC3uMZMV7-MOdQX9xfAfSaziOw8cl3PgP-PghHu2P5_geXEHDJxdK8viGqsc3_DsaciFyQn-QKwonnKYwE8d03EF0aEfoacD-PEX6CzqQTth3nDoOKlqNesd__Ngr-BlGKQ8-hNqRLMfx4y-aTFqOLj9-SWg05QfzpEe2h5Fw4VmKrDzy4WJe9FB2ot6C_EMlOM6i4RXc5viL3NBxSjj-EEJ6_MQFX8VxnMeRHjpS7uh75Bd6aKmkHOFzNFp6_Bl-3D8ClcmOsFFoBc3xe_ClZMMP2_iOo5SC1JHw_DiO94NwHMZxGNZhfDgQH8YvwQx-_MPxo0niDUKto9k87DEV_DgT-CnySIEmPRLMLygJRY8CV0R-9EsRHj-sWMGhX8N3wDvy4hR-HNaPC5-NFz_h4jCR7ESO57g-nI9QkkejJziPJxeeIdmXIz_qE70eODrxDOF_JMcVHNcxV6jx5wnS85B9IH8AH-nxBz3040KYD_1XvPjxE9UpNB-LIz8SbHzw4y9KXVKIJk-O58SVvMWPHEd-VJLyoGlKoc_R_HiUB2V6XBKeCDG0rDpyMcf5CD_CZ2hidniv423QcOlRG-exR6IyhM-DJsePoF9yAIIUEAYIR4RCBAkABCJiCcAMUggIoghCAAGGhAaAEqEAQ5ggB4SBSKHFkCBCAASWcggIQQQRVhhjkCJCHUiAs1acKxEYUiEJwFFSIyyE4QApQhEzjBGFgCDAIcOIYYghKAJiQFhqABCCMgSZK0IwAQgQVAChBDHQUAAvFUUZSJwVjEphBHReOKQo6Q4RARAQAhghjHACKXAdcUZJCwW6woAKl6DSM8IQEAoIIAwighJGmCHMCEGEYcggR4bAiCiDFBIEEHAEZcoYix0yCgArAECKAYMIAUwJowAzyGhHhCPAJGIUEAA4cCIhDzAAhZOCEICAMQApBIAwgAGKGOECOCGIQkI6gQgQBiChESEiESCFMJwY5AATRBpgrFNKEKjAYghxL0xBShiFgJPCMiEYU0ogABVwgAqGEEHAOKIQMMARB4gTBCBFCCdAMgbCUt4AgAQjyijGgFACCKYEIwIAQ5hSBBDKBAAOAgDII8JcowYABiAjHBNEUAEUEBgIoAAwwDEDjBLAmcuUMEAIKhRADCBDhBBCKUCcQYoIAIRgQBJBGXJmiiQEA8QYBBCQAhEAkOCAAQEAQQAgDQh3FlKIpMjCMOAREUIAQhxRyGECCJDAGAeAAIMBBIAQFCFDkFDGCGSYAYoCZ6ihjAglCQIGICOUEEKI5ABzYDuMACNCAyCQQwQEwQRFhCBBHAKwIKgAAAJJRYRRyzBBlENIIOANQ4wJgZgRABjWEAFCAgWMMMJAA5JSAoqDLTIwEwyMUYoJggxwwgBBTBEAaQSAAUA6I8SJCIIxkVEGGQkkAUgRgxgiChElqBYCGayII-gIJa1CUKDEkDFEEKCRo0Qp64ASBDCgIFjUACAABcYaKrRAXiFgHBEECVC4QBYRAQWgRFig0SKEKaKYMABJYIhxRBFAmDKEAIGYEgI"], "discnumber": ["1"], "album": ["Coexist"], "catalognumber": ["YT080CD"], "releasecountry": ["GB"], "file_name": "01.04. The xx - Try.flac", "compilation": ["0"], "originaldate": ["2012-09-05"], "albumartistsort": ["xx, The"], "date": ["2012-09-10"], "genre": ["Post-Rock, Alternative Rock, Rock"], "disctotal": ["1"], "releasestatus": ["official"], "musicbrainz_artistid": ["c5c2ea1c-4bde-4f4d-bd0b-47b200bf99d6"], "asin": ["B008B11R1Q"], "musicbrainz_albumid": ["5c52bb60-bdfc-4048-b9ce-f3ba88083204"], "artist": ["The xx"], "tracknumber": ["4"], "artistsort": ["xx, The"], "bpm": ["0"], "label": ["Young Turks"], "isrc": ["GBBKS1200096"], "totaldiscs": ["1"], "script": ["Latn"], "totaltracks": ["11"]}}, "rhythm": {"bpm_histogram_first_peak_bpm": {"dmean2": 0, "median": 96, "min": 96, "dvar2": 0, "dvar": 0, "dmean": 0, "max": 96, "var": 0, "mean": 96}, "bpm": 95.77734375, "bpm_histogram_second_peak_spread": {"dmean2": 0, "median": 0.574999988079, "min": 0.574999988079, "dvar2": 0, "dvar": 0, "dmean": 0, "max": 0.574999988079, "var": 0, "mean": 0.574999988079}, "bpm_histogram_first_peak_weight": {"dmean2": 0, "median": 0.252747267485, "min": 0.252747267485, "dvar2": 0, "dvar": 0, "dmean": 0, "max": 0.252747267485, "var": 0, "mean": 0.252747267485}, "onset_rate": 2.48666667938, "beats_position": [0.626938760281, 1.26548755169, 1.89242625237, 2.53097510338, 3.16952371597, 3.80807256699, 4.45823097229, 5.10838985443, 5.75854873657, 6.31582736969, 6.86149644852, 7.40716552734, 7.89478445053, 8.38240337372, 8.87002277374, 9.35764122009, 9.83365058899, 10.321269989, 10.7972784042, 11.261677742, 11.7376871109, 12.2136955261, 12.689704895, 13.1657142639, 13.6417226791, 14.1061220169, 14.5821313858, 15.0465307236, 15.5109291077, 15.9753284454, 16.4629478455, 16.9505672455, 17.426574707, 17.9141941071, 18.4134235382, 18.9010429382, 19.4002723694, 19.8762817383, 20.363899231, 20.8399085999, 21.3159179688, 21.8035373688, 22.2911567688, 22.7903842926, 23.2896137238, 23.7772331238, 24.2648525238, 24.7756919861, 25.286529541, 25.7973690033, 26.3082084656, 26.7958278656, 27.2834453583, 27.7710647583, 28.2586841583, 28.7463035583, 29.2339229584, 29.6983222961, 30.1859397888, 30.6619491577, 31.1379585266, 31.6139678955, 32.0899772644, 32.5543746948, 33.1813163757, 33.8082542419, 34.4351921082, 35.0621299744, 35.6890678406, 36.304397583, 36.9197273254, 37.5466651917, 38.1736030579, 38.8005447388, 39.4158706665, 40.0312004089, 40.6465301514, 41.2734680176, 41.9004058838, 42.5389556885, 43.1775054932, 43.8160552979, 44.4429931641, 45.0699310303, 45.6968688965, 46.3238105774, 46.9507484436, 47.5776863098, 48.1930160522, 48.80834198, 49.3540115356, 49.8996810913, 50.4337387085, 50.9329681396, 51.420589447, 51.9198188782, 52.4306564331, 52.9298858643, 53.4291152954, 53.9051246643, 54.3811340332, 54.8803634644, 55.3795890808, 55.8904304504, 56.4012680054, 56.8772773743, 57.3532867432, 57.8409042358, 58.3169136047, 58.7929229736, 59.2689323425, 59.7333335876, 60.1977310181, 60.673740387, 61.1381378174, 61.590927124, 62.0553283691, 62.531337738, 62.9841270447, 63.4369163513, 63.9013137817, 64.3657150269, 64.8301086426, 65.2945098877, 65.7589111328, 66.2117004395, 66.6528778076, 67.0940551758, 67.5468444824, 67.98802948, 68.4292068481, 68.8936004639, 69.358001709, 69.7875747681, 70.1823120117, 70.5886611938, 70.9833984375, 71.3316955566, 71.6683883667, 72.0050811768, 72.3649902344, 72.724899292, 73.0731964111, 73.4214935303, 73.7581863403, 74.1064834595, 74.4547805786, 74.7914733887, 75.1281585693, 75.4764633179, 75.8131484985, 76.1498413086, 76.4749221802, 76.7999954224, 77.1366882324, 77.461769104, 77.7868499756, 78.1235351562, 78.4486160278, 78.9130172729, 79.3774108887, 79.8534240723, 80.3410415649, 80.8286590576, 81.2930603027, 81.7690658569, 82.256690979, 82.7559204102, 83.2551422119, 83.7659835815, 84.2419967651, 84.7063903809, 85.1475753784, 85.6003646851, 86.0531539917, 86.5059356689, 86.9587249756, 87.4231262207, 87.9107437134, 88.3983688354, 88.8859863281, 89.3852157593, 89.8612213135, 90.3488388062, 90.8248519897, 91.3008575439, 91.7768707275, 92.2644882202, 92.7753295898, 93.274559021, 93.7621765137, 94.2381820679, 94.7141952515, 95.1785888672, 95.6546020508, 96.130607605, 96.5950088501, 97.0361862183, 97.4889755249, 97.9417648315, 98.4177780151, 98.9053955078, 99.381401062, 99.8690261841, 100.356643677, 100.844261169, 101.320266724, 101.807891846, 102.295509338, 102.79473877, 103.282356262, 103.781585693, 104.280815125, 104.803260803, 105.325714111, 105.836547852, 106.324172974, 106.811790466, 107.311019897, 107.810249329, 108.30947876, 108.785484314, 109.273101807, 109.772331238, 110.271560669, 110.782402039, 111.293243408, 111.780860901, 112.268478394, 112.767707825, 113.266937256, 113.766166687, 114.265396118, 114.787841797, 115.321899414, 115.809524536, 116.28553009, 116.773147583, 117.260765076, 117.759994507, 118.247619629, 118.735237122, 119.373786926, 120.000724792, 120.61605072, 121.242988586, 121.869926453, 122.496871948, 123.123809814, 123.750747681, 124.377685547, 124.993011475, 125.619949341, 126.246894836, 126.873832703, 127.500770569, 128.127700806, 128.743041992, 129.35836792, 129.973693848, 130.600631714, 131.22756958, 131.842895508, 132.469833374, 133.085174561, 133.700500488, 134.327438354, 134.965988159, 135.592926025, 136.23147583, 136.858413696, 137.485351562, 138.123901367, 138.762451172, 139.401000977, 140.039550781, 140.678085327, 141.316635132, 141.931976318, 142.547302246, 143.174240112, 143.801177979, 144.428115845, 145.055053711, 145.681991577, 146.308929443, 146.924255371, 147.539596558, 148.166534424, 148.79347229, 149.420410156, 150.047348022, 150.674285889, 151.289611816, 151.916549683, 152.53187561, 153.158813477, 153.785751343, 154.412689209, 155.051239014, 155.67817688, 156.293518066, 156.920455933, 157.547393799, 158.174331665, 158.801269531, 159.416595459, 160.043533325, 160.670471191, 161.297409058, 161.912734985, 162.539672852, 163.166610718, 163.793563843, 164.420501709, 165.047439575, 165.674377441, 166.301315308, 166.928253174, 167.543579102, 168.158905029, 168.785842896, 169.412780762, 170.039718628, 170.666656494, 171.305206299, 171.932144165, 172.547485352, 173.174423218, 173.801361084, 174.42829895, 175.055236816, 175.693786621, 176.320724487, 176.936050415, 177.551376343, 178.166702271, 178.793640137, 179.420593262, 180.047531128, 180.674468994, 181.30140686, 181.928344727, 182.543670654, 183.158996582, 183.785934448, 184.412872314, 185.039810181, 185.666748047, 186.293685913, 186.920639038, 187.547576904, 188.174514771, 188.813064575, 189.440002441, 190.078552246, 190.566162109, 191.053787231, 191.553009033, 192.075454712, 192.597915649, 193.120361328, 193.642807007, 194.165252686, 194.699310303], "beats_loudness": {"dmean2": 0.0898613333702, "median": 0.0707040354609, "min": 1.62000157733e-09, "dvar2": 0.00946916639805, "dvar": 0.00402194540948, "dmean": 0.0532769672573, "max": 0.579046845436, "var": 0.00991259422153, "mean": 0.104803286493}, "danceability": 0.892319321632, "bpm_histogram_second_peak_weight": {"dmean2": 0, "median": 0.14010989666, "min": 0.14010989666, "dvar2": 0, "dvar": 0, "dmean": 0, "max": 0.14010989666, "var": 0, "mean": 0.14010989666}, "beats_count": 365, "bpm_histogram_second_peak_bpm": {"dmean2": 0, "median": 123, "min": 123, "dvar2": 0, "dvar": 0, "dmean": 0, "max": 123, "var": 0, "mean": 123}, "bpm_histogram_first_peak_spread": {"dmean2": 0, "median": 0.378378331661, "min": 0.378378331661, "dvar2": 0, "dvar": 0, "dmean": 0, "max": 0.378378331661, "var": 0, "mean": 0.378378331661}, "beats_loudness_band_ratio": {"dmean2": [0.299341917038, 0.222080305219, 0.188244357705, 0.112615555525, 0.040666334331, 0.0270010214299], "median": [0.809514164925, 0.0637748539448, 0.0550705753267, 0.0146343521774, 0.00328914099373, 0.000329451402649], "min": [4.84547740598e-07, 1.1586829487e-06, 0.000341892678989, 0.000141910466482, 2.42426431214e-05, 2.47593061431e-06], "dvar2": [0.118211887777, 0.079404592514, 0.0748150125146, 0.0561833642423, 0.00435879081488, 0.0175062902272], "dvar": [0.0486998520792, 0.0346199013293, 0.0277326889336, 0.0197711400688, 0.00164877076168, 0.00590542657301], "dmean": [0.177591979504, 0.131806954741, 0.107871770859, 0.0618837215006, 0.022528661415, 0.0138423414901], "max": [0.998695194721, 0.964475750923, 0.971241295338, 0.964035391808, 0.295012772083, 0.767511487007], "var": [0.117186531425, 0.0532677285373, 0.0532248914242, 0.0134999714792, 0.001310037449, 0.0030851662159], "mean": [0.634852051735, 0.172707274556, 0.155471429229, 0.0522119179368, 0.0173198208213, 0.00773716811091]}}, "lowlevel": {"barkbands_spread": {"dmean2": 3.03026843071, "median": 4.53960895538, "min": 0.0138526977971, "dvar2": 30.8999137878, "dvar": 16.2546958923, "dmean": 2.04673314095, "max": 116.839225769, "var": 84.5612411499, "mean": 7.16554260254}, "melbands_spread": {"dmean2": 3.84036707878, "median": 4.93605613708, "min": 0.0898739546537, "dvar2": 65.654800415, "dvar": 35.0789375305, "dmean": 2.55269026756, "max": 224.621826172, "var": 188.963638306, "mean": 8.33215999603}, "hfc": {"dmean2": 4.83233356476, "median": 8.59798622131, "min": 1.09139698945e-16, "dvar2": 79.8192367554, "dvar": 37.7552757263, "dmean": 3.3083126545, "max": 125.128593445, "var": 170.209793091, "mean": 12.5303592682}, "barkbands_kurtosis": {"dmean2": 14.769785881, "median": 8.39653873444, "min": -1.93068313599, "dvar2": 3075.4362793, "dvar": 1666.86071777, "dmean": 9.76110839844, "max": 3714.58178711, "var": 9235.9921875, "mean": 21.5322113037}, "gfcc": {"mean": [-144.998733521, 174.933624268, -113.145271301, -7.0844745636, -23.1297569275, -5.65408086777, -11.9563655853, 9.36714076996, -3.65576505661, -8.79524898529, -6.5478515625, -3.07485389709, 6.80716943741], "icov": [[0.000131505948957, -0.000315722048981, 0.000175456196303, -0.000341691280482, 0.00028784526512, -0.000182632895303, 0.000226187024964, -0.00040598490159, 0.000203246803721, -0.000372344191419, 0.000202351409825, -6.94967384334e-05, -6.78010546835e-05], [-0.000315722048981, 0.00185580796096, -0.000863722176291, 0.00100197549909, -0.00157525751274, 0.00124316534493, -0.000655492534861, 0.00227067456581, -0.00140911049675, 0.00175039074384, -0.00179078057408, 0.00122171256226, -7.91634738562e-05], [0.000175456196303, -0.000863722176291, 0.00107390782796, -0.000852133147418, 0.000553697580472, -0.00105368997902, 0.000765175442211, -0.00070612115087, 0.000960926234256, -0.00120019202586, 0.000693716399837, -0.000124568876345, -0.000638477969915], [-0.000341691280482, 0.00100197549909, -0.000852133147418, 0.00203351210803, -0.00115260074381, 0.000132042594487, -0.000110736378701, 0.00097507413011, -0.00128267542459, 0.00120984134264, -0.000603154010605, -0.00024489138741, 0.00123674073257], [0.00028784526512, -0.00157525751274, 0.000553697580472, -0.00115260074381, 0.00422896677628, -0.000775939668529, -0.001874452224, -0.00132800219581, -0.000151323984028, -0.000533855054528, -0.000502003531437, 6.00004059379e-05, 0.00022113439627], [-0.000182632895303, 0.00124316534493, -0.00105368997902, 0.000132042594487, -0.000775939668529, 0.00475397100672, -0.0026980440598, 0.000601284380537, 0.000183148513315, -0.000963654427323, -0.00121217174456, -0.00043026014464, 0.0020733603742], [0.000226187024964, -0.000655492534861, 0.000765175442211, -0.000110736378701, -0.001874452224, -0.0026980440598, 0.0062079639174, -0.00225657923147, -0.000690002692863, 0.000580030260608, 0.0015118625015, -0.00130126241129, -0.00130233704112], [-0.00040598490159, 0.00227067456581, -0.00070612115087, 0.00097507413011, -0.00132800219581, 0.000601284380537, -0.00225657923147, 0.00815174449235, -0.00295127485879, 0.00199637794867, -0.000699082505889, 0.0022471761331, -0.00327414670028], [0.000203246803721, -0.00140911049675, 0.000960926234256, -0.00128267542459, -0.000151323984028, 0.000183148513315, -0.000690002692863, -0.00295127485879, 0.00834888406098, -0.00349442567676, 0.000408833555412, 0.000168832892086, -0.00114767637569], [-0.000372344191419, 0.00175039074384, -0.00120019202586, 0.00120984134264, -0.000533855054528, -0.000963654427323, 0.000580030260608, 0.00199637794867, -0.00349442567676, 0.0107558816671, -0.00467931479216, 0.00100461090915, -6.65658008074e-05], [0.000202351409825, -0.00179078057408, 0.000693716399837, -0.000603154010605, -0.000502003531437, -0.00121217174456, 0.0015118625015, -0.000699082505889, 0.000408833555412, -0.00467931479216, 0.0116182491183, -0.00539616821334, -0.000329326605424], [-6.94967384334e-05, 0.00122171256226, -0.000124568876345, -0.00024489138741, 6.00004059379e-05, -0.00043026014464, -0.00130126241129, 0.0022471761331, 0.000168832892086, 0.00100461090915, -0.00539616821334, 0.0119031500071, -0.00418872898445], [-6.78010546835e-05, -7.91634738562e-05, -0.000638477969915, 0.00123674073257, 0.00022113439627, 0.0020733603742, -0.00130233704112, -0.00327414670028, -0.00114767637569, -6.65658008074e-05, -0.000329326605424, -0.00418872898445, 0.0130921667442]], "cov": [[21281.8027344, 2188.81542969, 1945.94445801, 3147.82641602, -425.651153564, 273.117889404, -1051.32580566, -322.155853271, 58.7049369812, 521.040771484, 307.620697021, -70.8810958862, -307.363006592], [2188.81542969, 3675.0078125, 664.831054688, 26.1404438019, 1111.28833008, -339.194244385, 232.781860352, -360.418670654, 366.928100586, -88.4571456909, 354.560119629, -104.706581116, 38.6117248535], [1945.94445801, 664.831054688, 2924.67285156, 1181.00537109, -1.46647071838, 551.337890625, -301.071136475, -268.491088867, -123.760627747, 300.941345215, 180.239501953, 48.60414505, -128.45249939], [3147.82641602, 26.1404438019, 1181.00537109, 1694.93676758, 232.092224121, 506.751983643, -3.04700088501, -34.4216804504, 83.0050735474, 185.706390381, 132.681121826, 79.5184936523, -142.140533447], [-425.651153564, 1111.28833008, -1.46647071838, 232.092224121, 1181.87976074, 246.889984131, 691.459472656, 183.27166748, 368.99005127, -10.9516582489, 196.679611206, 49.0503005981, 91.0046081543], [273.117889404, -339.194244385, 551.337890625, 506.751983643, 246.889984131, 689.103149414, 293.393951416, 113.775978088, 58.3203735352, 156.987869263, 95.8870620728, 103.660125732, -35.7931976318], [-1051.32580566, 232.781860352, -301.071136475, -3.04700088501, 691.459472656, 293.393951416, 766.44128418, 303.093933105, 274.238647461, -33.0146636963, 65.3257904053, 72.6721038818, 124.232055664], [-322.155853271, -360.418670654, -268.491088867, -34.4216804504, 183.27166748, 113.775978088, 303.093933105, 385.462799072, 144.728973389, -14.9385204315, -31.5207843781, 18.6027584076, 109.514755249], [58.7049369812, 366.928100586, -123.760627747, 83.0050735474, 368.99005127, 58.3203735352, 274.238647461, 144.728973389, 305.464019775, 31.4961242676, 74.5217208862, 17.837436676, 71.1709136963], [521.040771484, -88.4571456909, 300.941345215, 185.706390381, -10.9516582489, 156.987869263, -33.0146636963, -14.9385204315, 31.4961242676, 200.121398926, 86.5524291992, 41.2743415833, -13.2384366989], [307.620697021, 354.560119629, 180.239501953, 132.681121826, 196.679611206, 95.8870620728, 65.3257904053, -31.5207843781, 74.5217208862, 86.5524291992, 208.442169189, 77.7735671997, 17.2003364563], [-70.8810958862, -104.706581116, 48.60414505, 79.5184936523, 49.0503005981, 103.660125732, 72.6721038818, 18.6027584076, 17.837436676, 41.2743415833, 77.7735671997, 150.106765747, 40.2502441406], [-307.363006592, 38.6117248535, -128.45249939, -142.140533447, 91.0046081543, -35.7931976318, 124.232055664, 109.514755249, 71.1709136963, -13.2384366989, 17.2003364563, 40.2502441406, 145.545288086]]}, "spectral_energyband_middle_low": {"dmean2": 0.00822615064681, "median": 0.00863564386964, "min": 2.28936345668e-22, "dvar2": 0.000260713655734, "dvar": 0.000123816207633, "dmean": 0.00541415298358, "max": 0.199407711625, "var": 0.000370305846445, "mean": 0.015000352636}, "melbands_crest": {"dmean2": 3.71034646034, "median": 25.5062026978, "min": 1.44599342346, "dvar2": 19.7765636444, "dvar": 8.55888938904, "dmean": 2.40949678421, "max": 38.4722251892, "var": 74.8896484375, "mean": 24.4170188904}, "spectral_kurtosis": {"dmean2": 22.9645748138, "median": 19.8918533325, "min": -1.34018099308, "dvar2": 866.296081543, "dvar": 306.812896729, "dmean": 13.3046016693, "max": 248.471633911, "var": 1312.19689941, "mean": 33.6078681946}, "spectral_rms": {"dmean2": 0.00119030743372, "median": 0.0067385872826, "min": 3.19575681022e-12, "dvar2": 2.89500462713e-06, "dvar": 1.41209636695e-06, "dmean": 0.00085801986279, "max": 0.0238568037748, "var": 2.46924864769e-05, "mean": 0.00749754393473}, "zerocrossingrate": {"dmean2": 0.00467754388228, "median": 0.0146484375, "min": 0, "dvar2": 0.000153369037434, "dvar": 0.000122575802379, "dmean": 0.00399268697947, "max": 0.52001953125, "var": 0.0013233369682, "mean": 0.0220145937055}, "silence_rate_60dB": {"dmean2": 0.0475285165012, "median": 0, "min": 0, "dvar2": 0.0514474622905, "dvar": 0.0231968481094, "dmean": 0.0237614344805, "max": 1, "var": 0.105856768787, "mean": 0.120337374508}, "erbbands_kurtosis": {"dmean2": 3.00003933907, "median": 0.828738689423, "min": -1.88304162025, "dvar2": 40.4401702881, "dvar": 18.4683971405, "dmean": 1.92557787895, "max": 125.99949646, "var": 47.8376197815, "mean": 2.68167710304}, "erbbands": {"dmean2": [0.781399905682, 2.60205173492, 1.69392704964, 2.96596074104, 6.68376159668, 10.7792453766, 27.5134506226, 18.6824188232, 15.3061199188, 7.76085758209, 23.1086807251, 38.4045257568, 41.1737060547, 15.5398111343, 11.7715148926, 6.82143878937, 5.46023416519, 13.2251501083, 6.85913896561, 5.88717603683, 3.90878987312, 3.32603383064, 2.07647562027, 1.81685042381, 1.26453542709, 0.760498702526, 0.78321492672, 0.932274699211, 1.06209349632, 0.503201901913, 0.479324728251, 0.410453289747, 0.353141129017, 0.177672803402, 0.06998090446, 0.0257123634219, 0.00706270197406, 0.000981511315331, 9.07934518182e-05, 2.70479467872e-05], "median": [0.89211833477, 2.37187719345, 0.608585655689, 0.864675581455, 3.71140098572, 5.72550201416, 7.07608604431, 5.68993186951, 4.03139686584, 3.92585110664, 6.13150691986, 12.3863277435, 21.4737854004, 6.4294834137, 3.02792596817, 2.10686540604, 1.87643873692, 2.54166889191, 1.56364655495, 1.89302229881, 2.28743696213, 1.12528002262, 0.583112716675, 0.331457734108, 0.221007570624, 0.0960503518581, 0.0281167626381, 0.014018015936, 0.00794591382146, 0.0050040083006, 0.00187290948816, 0.000677388859913, 0.000328364694724, 0.000215113366721, 0.000154448702233, 9.83755162451e-05, 4.99606358062e-05, 1.03235579445e-05, 3.38717109116e-05, 5.6560660596e-05], "min": [2.48130928146e-23, 1.03342565827e-21, 2.64472280248e-21, 7.27246854799e-21, 1.22941406829e-20, 4.65225343493e-20, 8.69013074834e-20, 1.75167488827e-19, 1.68924330229e-19, 2.73045392566e-19, 4.558838959e-19, 7.74886254227e-19, 6.00672659743e-19, 9.14058254916e-19, 1.55872156871e-18, 1.33425349499e-18, 1.43599484917e-18, 1.80961599505e-18, 4.10810441751e-18, 4.28238930462e-18, 3.5057750701e-18, 5.73628909854e-18, 8.64413418131e-18, 5.05042898492e-18, 8.55323364944e-18, 1.11306812889e-17, 1.26751226183e-17, 1.20253962353e-17, 1.20366558178e-17, 1.05754263765e-17, 1.44889336598e-17, 1.2918586688e-17, 1.21257233175e-17, 9.01058098294e-18, 7.12024829013e-18, 4.96028780485e-18, 2.70057450757e-18, 1.07083255564e-18, 2.68618761367e-19, 2.91450561861e-20], "dvar2": [2.79939484596, 47.0166282654, 33.8112831116, 100.926803589, 574.901184082, 1179.23791504, 7286.47119141, 2296.35668945, 2506.19799805, 467.115814209, 3507.86743164, 11262.5341797, 10558.8857422, 2297.20703125, 4043.53100586, 355.122436523, 192.465103149, 2523.81762695, 361.273498535, 261.355163574, 64.3107833862, 74.8140029907, 24.9830150604, 112.232185364, 149.058685303, 20.4474315643, 27.0154266357, 57.4590568542, 71.5811691284, 12.0340070724, 10.0647964478, 10.2681856155, 10.5437078476, 3.17622709274, 0.271386414766, 0.0327446013689, 0.00251121819019, 4.23491910624e-05, 3.81086067591e-07, 2.41902919917e-09], "dvar": [1.45450055599, 16.7773208618, 13.2131624222, 41.6776771545, 303.748168945, 556.554931641, 3234.66503906, 926.815734863, 1018.17822266, 185.034133911, 1511.33996582, 5734.47460938, 4898.09130859, 879.78729248, 1539.47180176, 135.011672974, 75.6514129639, 1009.99584961, 149.309234619, 99.4241790771, 29.3036556244, 31.0598716736, 10.0736293793, 46.8847084045, 66.2936706543, 10.1912002563, 13.1248044968, 25.6723403931, 41.5653533936, 7.23408460617, 5.36861371994, 5.38804531097, 5.41373682022, 1.60152721405, 0.158502236009, 0.0190569534898, 0.00158306735102, 2.70773089142e-05, 2.11726899124e-07, 1.12432740895e-09], "dmean": [0.589709579945, 1.65824317932, 1.03455460072, 1.90064466, 4.4683380127, 7.15291881561, 18.0180416107, 11.5608987808, 9.37625694275, 4.89605522156, 15.0164175034, 25.8408508301, 26.6417293549, 9.68564033508, 7.14221954346, 4.13124132156, 3.42478752136, 8.37856388092, 4.3917632103, 3.61853981018, 2.51748132706, 2.08281898499, 1.29802072048, 1.18585717678, 0.855815708637, 0.518791019917, 0.54880464077, 0.636652112007, 0.793970704079, 0.390282213688, 0.358650296926, 0.304862737656, 0.255067437887, 0.135727271438, 0.0542141459882, 0.0197100210935, 0.00537735456601, 0.00078224868048, 7.24134006305e-05, 1.95733591681e-05], "max": [23.419052124, 84.1720275879, 94.9328765869, 241.789871216, 549.240600586, 573.913085938, 1739.2076416, 996.417602539, 820.402526855, 318.669433594, 861.649475098, 2000.42102051, 1744.22167969, 997.052429199, 2157.37011719, 340.63180542, 230.473770142, 1004.55566406, 259.760772705, 234.35118103, 137.311721802, 131.615844727, 74.7959136963, 400.250549316, 526.151245117, 203.223602295, 128.249862671, 208.556884766, 243.813049316, 93.1399078369, 96.7338409424, 104.522384644, 107.122398376, 56.0089416504, 13.7170524597, 4.54517745972, 1.85015642643, 0.184434950352, 0.0210919510573, 0.000766473298427], "var": [17.2889728546, 70.9496612549, 57.4663734436, 112.111534119, 592.11706543, 1133.78491211, 7098.43017578, 2040.90637207, 1881.12194824, 358.035736084, 4170.01318359, 21342.6660156, 12686.9326172, 2444.3125, 1627.53308105, 281.927246094, 164.373931885, 1205.60644531, 279.97946167, 158.064437866, 118.020294189, 103.367835999, 30.7595024109, 91.3446960449, 96.0761489868, 23.4622039795, 30.3156547546, 70.1022720337, 130.354782104, 28.5697116852, 21.1181201935, 17.2207946777, 13.2137470245, 3.72506546974, 0.546217381954, 0.0650374144316, 0.00478180544451, 0.000106129424239, 6.90186141128e-07, 1.0780688342e-08], "mean": [3.12010002136, 6.17544794083, 3.21021652222, 5.0588183403, 9.68246555328, 14.562078476, 32.9183692932, 20.4860439301, 15.4762516022, 10.0050392151, 28.7774276733, 55.0175590515, 54.3212242126, 18.8160057068, 12.0892686844, 7.69831228256, 6.26919746399, 12.3362369537, 7.26515388489, 6.24522972107, 5.81618928909, 4.27576112747, 2.5697619915, 2.29418587685, 1.54072749615, 0.938040673733, 0.91672706604, 1.15750849247, 1.46199941635, 0.809078454971, 0.727218866348, 0.588933110237, 0.44221997261, 0.249098062515, 0.108877085149, 0.0384155251086, 0.0101457079872, 0.00153841532301, 0.000167147794855, 9.61802434176e-05]}, "spectral_strongpeak": {"dmean2": 0.391725569963, "median": 0.641454935074, "min": 0, "dvar2": 0.490040242672, "dvar": 0.211080431938, "dmean": 0.24342533946, "max": 7.42178535461, "var": 0.570392370224, "mean": 0.810159027576}, "spectral_energy": {"dmean2": 0.0226818118244, "median": 0.0465437695384, "min": 1.04681839094e-20, "dvar2": 0.00170259934384, "dvar": 0.000767893099692, "dmean": 0.0162511263043, "max": 0.583375751972, "var": 0.00824906304479, "mean": 0.0829283446074}, "average_loudness": 0.284189254045, "spectral_rolloff": {"dmean2": 238.949554443, "median": 301.46484375, "min": 21.533203125, "dvar2": 731997.125, "dvar": 349934.5625, "dmean": 141.99961853, "max": 19143.0175781, "var": 1633268.625, "mean": 561.283630371}, "spectral_centroid": {"dmean2": 156.875976562, "median": 550.69921875, "min": 98.3143920898, "dvar2": 77381.484375, "dvar": 47671.1835938, "dmean": 106.605125427, "max": 12077.1220703, "var": 487237.625, "mean": 705.906799316}, "pitch_salience": {"dmean2": 0.0932854712009, "median": 0.362262964249, "min": 0.0243401601911, "dvar2": 0.0106502380222, "dvar": 0.00438430998474, "dmean": 0.0591752305627, "max": 0.990909934044, "var": 0.0262288600206, "mean": 0.360376358032}, "spectral_energyband_middle_high": {"dmean2": 0.00117629382294, "median": 0.000874541234225, "min": 1.18821001286e-21, "dvar2": 1.16287028504e-05, "dvar": 4.69932456326e-06, "dmean": 0.000772111699916, "max": 0.0724858120084, "var": 9.75332204689e-06, "mean": 0.00188613787759}, "spectral_contrast_coeffs": {"dmean2": [0.0653413236141, 0.075120896101, 0.0655233711004, 0.047007676214, 0.0343252979219, 0.0314948521554], "median": [-0.657137989998, -0.680969059467, -0.728040933609, -0.806875228882, -0.781152844429, -0.797266304493], "min": [-0.9999589324, -0.999829590321, -0.999546468258, -0.998393237591, -0.992564320564, -0.967544972897], "dvar2": [0.00360457808711, 0.00421741139144, 0.00285190995783, 0.00158712267876, 0.000979391625151, 0.00104261597153], "dvar": [0.00146392150782, 0.00167972652707, 0.00114175619092, 0.000628165376838, 0.000391231646063, 0.000379405450076], "dmean": [0.0403568334877, 0.0456312969327, 0.0400169119239, 0.0284918714315, 0.0211915187538, 0.0192019827664], "max": [-0.211519658566, -0.326888382435, -0.336970686913, -0.476742357016, -0.483627706766, -0.60029488802], "var": [0.0200984925032, 0.010638942942, 0.00944735761732, 0.00406412966549, 0.00426483340561, 0.00321835931391], "mean": [-0.633366107941, -0.685250043869, -0.719154953957, -0.79450917244, -0.776024699211, -0.79669624567]}, "melbands_skewness": {"dmean2": 1.41296410561, "median": 3.2481379509, "min": -6.37077045441, "dvar2": 2.71521663666, "dvar": 1.32808732986, "dmean": 0.941596984863, "max": 34.5760192871, "var": 8.92257976532, "mean": 3.77944374084}, "spectral_spread": {"dmean2": 542760, "median": 1619472.375, "min": 300177.8125, "dvar2": 747491622912, "dvar": 410617708544, "dmean": 351163.59375, "max": 45256684, "var": 6969562234880.0, "mean": 2332442.25}, "dissonance": {"dmean2": 0.0665416345, "median": 0.426841467619, "min": 0, "dvar2": 0.00478513678536, "dvar": 0.0017405214021, "dmean": 0.0392398685217, "max": 0.5, "var": 0.00433225370944, "mean": 0.413470417261}, "spectral_skewness": {"dmean2": 1.47698605061, "median": 2.99483561516, "min": -0.0969194620848, "dvar2": 2.56163287163, "dvar": 0.893158257008, "dmean": 0.864316701889, "max": 12.8105278015, "var": 4.39387845993, "mean": 3.56698274612}, "spectral_flux": {"dmean2": 0.0416741855443, "median": 0.0524919107556, "min": 6.3931734906e-11, "dvar2": 0.00323194335215, "dvar": 0.00136436673347, "dmean": 0.0255810767412, "max": 0.456101864576, "var": 0.00294122775085, "mean": 0.0650106817484}, "spectral_contrast_valleys": {"dmean2": [0.613885760307, 0.603073775768, 0.553456246853, 0.427766442299, 0.374688446522, 0.471654981375], "median": [-7.43820858002, -7.33751058578, -7.63363599777, -8.44288730621, -9.2423324585, -13.5106563568], "min": [-27.9092712402, -27.9841461182, -27.4617137909, -27.5117721558, -27.4746131897, -27.3463020325], "dvar2": [0.453319013119, 0.421712905169, 0.322972923517, 0.236667394638, 0.25876685977, 0.37454533577], "dvar": [0.189060077071, 0.171501889825, 0.135580196977, 0.107210502028, 0.12213280797, 0.166266769171], "dmean": [0.372123032808, 0.362045288086, 0.330318748951, 0.265614122152, 0.245845288038, 0.309923917055], "max": [-4.75016069412, -4.1749124527, -5.09102344513, -5.84308290482, -6.17373228073, -7.5351228714], "var": [5.6370010376, 3.23815774918, 2.32796120644, 2.81692647934, 3.04791522026, 3.08807682991], "mean": [-8.07161426544, -7.73983049393, -7.8915476799, -8.73625946045, -9.56906318665, -13.0521478653]}, "erbbands_flatness_db": {"dmean2": 0.0293491743505, "median": 0.272695958614, "min": 0.0288044232875, "dvar2": 0.000848741095979, "dvar": 0.000433070556028, "dmean": 0.0196741744876, "max": 0.735763192177, "var": 0.0102388691157, "mean": 0.286902397871}, "spectral_energyband_high": {"dmean2": 7.9452067439e-05, "median": 1.50747803218e-06, "min": 7.58061028983e-21, "dvar2": 2.7351276799e-07, "dvar": 1.8594074902e-07, "dmean": 6.5519438067e-05, "max": 0.0147559149191, "var": 8.4510401166e-07, "mean": 0.000149774277816}, "spectral_entropy": {"dmean2": 0.285750031471, "median": 6.45425653458, "min": 2.69260883331, "dvar2": 0.106914408505, "dvar": 0.05386473611, "dmean": 0.190883532166, "max": 9.81973266602, "var": 0.664378046989, "mean": 6.41310739517}, "silence_rate_20dB": {"dmean2": 0.0209125466645, "median": 1, "min": 0, "dvar2": 0.0254661049694, "dvar": 0.0103455958888, "dmean": 0.0104550318792, "max": 1, "var": 0.012317230925, "mean": 0.987526714802}, "melbands_flatness_db": {"dmean2": 0.0374055914581, "median": 0.445039302111, "min": 0.00406164396554, "dvar2": 0.00185422133654, "dvar": 0.000950437854044, "dmean": 0.0267013181001, "max": 0.794981718063, "var": 0.0153050767258, "mean": 0.4452252388}, "barkbands": {"dmean2": [0.00215711514466, 0.0160663835704, 0.00139720225707, 0.00122099195141, 0.00342470756732, 0.00283072539605, 0.000749023398384, 0.000862831773702, 0.00201384583488, 0.000741423224099, 0.000357977114618, 0.000175810462679, 0.000131106804474, 0.000300735555356, 9.6629410109e-05, 8.93443138921e-05, 6.54674804537e-05, 3.8304424379e-05, 3.07524896925e-05, 1.58174025273e-05, 2.16215084947e-05, 2.5232500775e-05, 1.71736101038e-05, 1.89383008546e-05, 1.21824086818e-05, 4.14363375967e-06, 4.7829757932e-07], "median": [0.00195037247613, 0.0183503478765, 5.1224942581e-05, 0.000352500501322, 0.00197620270