{"tonal": {"thpcp": [1, 0.876915872097, 0.630141675472, 0.590372562408, 0.524152696133, 0.481038510799, 0.501842737198, 0.506596803665, 0.517924010754, 0.518985807896, 0.464776724577, 0.451924085617, 0.475578546524, 0.429575264454, 0.422590255737, 0.465753704309, 0.46105363965, 0.44517660141, 0.476853579283, 0.589815855026, 0.783801198006, 0.949054062366, 0.893264949322, 0.661207139492, 0.58491808176, 0.681297659874, 0.63252556324, 0.51936519146, 0.577352821827, 0.572859704494, 0.469631463289, 0.437269926071, 0.448584020138, 0.47764056921, 0.517969608307, 0.728112697601], "hpcp": {"dmean2": [0.224113807082, 0.2510625422, 0.326896876097, 0.362777799368, 0.312868475914, 0.310959547758, 0.27082914114, 0.280048489571, 0.254927635193, 0.227334544063, 0.223760247231, 0.222820520401, 0.211366966367, 0.213690847158, 0.21928742528, 0.235184594989, 0.251668930054, 0.319796264172, 0.311258107424, 0.375892996788, 0.30461871624, 0.268463939428, 0.258314311504, 0.256192296743, 0.251950770617, 0.243386179209, 0.24611389637, 0.235294386744, 0.214135840535, 0.210313737392, 0.208361744881, 0.18745829165, 0.183305978775, 0.200282275677, 0.198632702231, 0.202261671424], "median": [0.0345049127936, 0.0460721962154, 0.0762258321047, 0.0948586165905, 0.0698507428169, 0.0494167208672, 0.0383437797427, 0.034769192338, 0.0359390005469, 0.0377399399877, 0.0357877463102, 0.0380162633955, 0.0342678427696, 0.0262740068138, 0.0278840251267, 0.0319387763739, 0.0375007204711, 0.0557250715792, 0.0696120262146, 0.0695108398795, 0.0469454601407, 0.0329791195691, 0.033287961036, 0.0333210006356, 0.0313777029514, 0.0338639169931, 0.0350231379271, 0.0292829498649, 0.0288035832345, 0.0307807028294, 0.030570236966, 0.0302591957152, 0.0303851589561, 0.0316185802221, 0.0296163856983, 0.0280113257468], "min": [0, 7.87825483712e-05, 7.51724292058e-05, 0.000100109369669, 9.13873736863e-05, 0, 0, 0, 0, 0, 0, 0, 0, 0, 0, 0, 0, 0, 0, 0, 0, 0, 0, 0, 0, 0, 0, 0, 0, 0, 0, 0, 0, 0, 0, 0], "dvar2": [0.102422863245, 0.115043990314, 0.1380533427, 0.160231545568, 0.14567053318, 0.165734574199, 0.135088145733, 0.144883468747, 0.115567490458, 0.104758173227, 0.101821228862, 0.0987038165331, 0.0986075401306, 0.110666170716, 0.110849939287, 0.113494835794, 0.127418935299, 0.159720927477, 0.15623934567, 0.225551351905, 0.159859761596, 0.148167952895, 0.143061876297, 0.140668407083, 0.129169046879, 0.113891109824, 0.122924894094, 0.117327354848, 0.100354917347, 0.0979450196028, 0.0935669913888, 0.076802931726, 0.0762483328581, 0.0890608727932, 0.0880563259125, 0.0897739380598], "dvar": [0.0387479662895, 0.0435362197459, 0.0536364875734, 0.0627040341496, 0.057463940233, 0.0599587336183, 0.0529626756907, 0.0612598285079, 0.0467887148261, 0.0399917401373, 0.0405948422849, 0.0394761934876, 0.0375906042755, 0.0415006615222, 0.0414374992251, 0.0432477779686, 0.0475103594363, 0.0578141212463, 0.0620875321329, 0.0766204446554, 0.0579182058573, 0.0584078505635, 0.0552377328277, 0.0517478585243, 0.0491731539369, 0.0441049225628, 0.0469466373324, 0.0458491295576, 0.0386076085269, 0.0365972481668, 0.0370931960642, 0.0300727095455, 0.0302207041532, 0.0350700095296, 0.0346455387771, 0.0349670052528], "dmean": [0.128353282809, 0.144837200642, 0.187034547329, 0.209962725639, 0.179532364011, 0.17753893137, 0.155483081937, 0.160389244556, 0.148045748472, 0.131136611104, 0.129916861653, 0.130022212863, 0.121498860419, 0.120331704617, 0.125292301178, 0.133190721273, 0.143236175179, 0.181396156549, 0.179587498307, 0.210684448481, 0.174014255404, 0.150918588042, 0.14525192976, 0.143212407827, 0.142589688301, 0.139029309154, 0.141461461782, 0.134729355574, 0.123972631991, 0.120952636003, 0.119192942977, 0.108853302896, 0.106674559414, 0.116779871285, 0.116014003754, 0.116544418037], "max": [1, 1, 1, 1, 1, 1, 1, 1, 1, 1, 1, 1, 1, 1, 1, 1, 1, 1, 1, 1, 1, 1, 1, 1, 1, 1, 1, 1, 1, 1, 1, 1, 1, 1, 1, 1], "var": [0.0416793003678, 0.0548259541392, 0.0736712217331, 0.0951978117228, 0.0996638759971, 0.06429823488, 0.0561442859471, 0.0805962905288, 0.0639548152685, 0.0443378090858, 0.0606471411884, 0.0571086481214, 0.0408948734403, 0.0417817048728, 0.0419785194099, 0.0435696430504, 0.0479434616864, 0.0689889267087, 0.120510049164, 0.0944053977728, 0.0595408380032, 0.0683608055115, 0.0545755550265, 0.0453494340181, 0.0480421073735, 0.0456589646637, 0.0508544519544, 0.0550859607756, 0.043822273612, 0.0386079549789, 0.0455410964787, 0.0351463519037, 0.0350879058242, 0.0441712997854, 0.042471639812, 0.041147492826], "mean": [0.124724678695, 0.15427082777, 0.205009162426, 0.24823230505, 0.233640238643, 0.172943755984, 0.152989774942, 0.178198590875, 0.165441870689, 0.135843917727, 0.151011019945, 0.149835810065, 0.122835680842, 0.114371277392, 0.117330566049, 0.124930523336, 0.135478898883, 0.190443411469, 0.261557608843, 0.229364022613, 0.1648183465, 0.154416441917, 0.137096121907, 0.125819280744, 0.13126078248, 0.13250425458, 0.135466963053, 0.135744690895, 0.121565885842, 0.118204183877, 0.124391190708, 0.112358681858, 0.110531695187, 0.121821425855, 0.120592087507, 0.116439327598]}, "tuning_equal_tempered_deviation": 0.189842388034, "chords_changes_rate": 0.108899630606, "key_key": "D#", "tuning_diatonic_strength": 0.670152723789, "key_scale": "minor", "chords_number_rate": 0.00454933196306, "tuning_frequency": 451.065460205, "tuning_nontempered_energy_ratio": 0.870832681656, "chords_histogram": [11.7429628372, 5.85726451874, 3.26983213425, 0.0852999687195, 0.113733299077, 7.16519784927, 8.04663085938, 15.7520618439, 4.43559837341, 10.605629921, 2.6158657074, 6.48279762268, 7.30736446381, 0.682399749756, 0.56866645813, 1.87659943104, 1.47853279114, 0.0568666495383, 0.0852999687195, 2.98549890518, 0.369633197784, 0.0852999687195, 5.40233135223, 2.92863225937], "key_strength": 0.708107173443, "chords_key": "D#", "chords_strength": {"dmean2": 0.0181936658919, "median": 0.504660367966, "min": 0.222123473883, "dvar2": 0.00024249125272, "dvar": 0.000150903215399, "dmean": 0.0153648713604, "max": 0.772281885147, "var": 0.00778458407149, "mean": 0.502736210823}, "chords_scale": "major", "hpcp_entropy": {"dmean2": 1.36676645279, "median": 2.35808253288, "min": 0.0353403761983, "dvar2": 1.19483268261, "dvar": 0.500332772732, "dmean": 0.827292382717, "max": 4.90691328049, "var": 1.072509408, "mean": 2.47349691391}}, "metadata": {"audio_properties": {"equal_loudness": 0, "codec": "flac", "downmix": "mix", "sample_rate": 44100, "analysis_sample_rate": 44100, "bit_rate": 0, "md5_encoded": "1065d089025034852290a60eb64f5368", "length": 163.266662598, "replay_gain": -12.1500797272, "lossless": true}, "version": {"essentia_build_sha": "70f2e5ece6736b2c40cc944ad0e695b16b925413", "essentia": "2.1-beta2", "extractor": "music 1.0", "essentia_git_sha": "v2.1_beta2"}, "tags": {"title": ["Jazz Cats, Part 1"], "barcode": ["659457212520"], "albumartist": ["Quasimoto"], "tracktotal": ["24"], "language": ["English"], "musicbrainz_recordingid": ["1ff1b6ed-8d9e-4300-b579-b8d585bec31b"], "artistsort": ["Quasimoto"], "mood": ["Extremely excited"], "musicbrainz_albumid": ["8d00ff6d-d71c-3da6-8b45-f58dc1464363"], "musicbrainz_discid": [".iIMjdajkiEoZHyeQr0NyFljYfA-"], "musicbrainz_albumartistid": ["b614843c-bec3-421f-9af1-03169cdd4b63"], "acoustid_fingerprint": ["AQABz1WYJIqiKUJt5LSCix-0J4uPMFUUXDJ-9Ef94nGFnV_Qi0OTL8clI5fQRHqKh4V-hL7xBz96pTAYb0aPJoqOWH2CRMfRnNEklMyFx0dj9DkekfhqTFaKlDt0GzkqSSG-TMdV4z-JH_EzXHeGPjqaH-eCX0M_aD-ih1kS3AmapGSHNpFwEUfz7Dg8bT6iK8-QvPjx5-hDMQl-o_lRHlckfFGKPJjyWCiTKZagL0F6PMrxC3WOTcmM94FP5E6hxZpw4lFxGXdnfBf0hxGaUFEQWomOHz9xBye-OJguIUweyEKsHX2nYHvu4Tz6yfiPp0-E02h2os9xFQmXH7Ee4aGO_obfCiXz4LgOdzquB30ewU5QZkcT6UQ3PQifGVo8Rcg1PMWPPLjsBE2aRJmOfniUQw_RHz0zYdeRc2ioHVXC7Pgl_IGP5DryG89xKUdP_MGlC-1CHLHWTIJW6shzHOOXCw_JBc1SvLgZNM-K87g0WIqO6xmOPniQ_7iEJ6KEaw_k-dCS66g57Oh1NDeaj0Ifrcg1FU0iRUMl-XiK8GigC_kfHPOSUMJfdPlxkXCcI78h8lYQUit62EyG8BfyMJdQiQ-apBmFhzH-oRlztMUvIW8J1cyJRpRwnHDyjSibB88nqHTg__jxiUdvhC-DM1Nx3IngRE6JmQku9B_C_IL-IXt6VKqLTyJ-B7-GM0eV4HuGI0u25An0I78otMck_WiOZ_iVKujhJcpR8qifIj0N0YqCUJmG3FCdETmrBP_x1DCjZPgVPHRwfkJycsiNfkUT9rhDCtV2bDuM0BfiVAmaXEE5fLnwoW8KPxGL8DuSHl0sNPlxlDwaLvjRM5jy4Mcb2QivGOKyINfhHU-ywkf4QPuRKzN6PhRuBXcyWNNCxI-KL1kO7Yd2LcLDGHmOSWi4HY_x41SQ7FkQ_2jk6Hi0C99cTA9cIXzmQDvC7HiL5wjzQ-OO88F1aFaOMF_wSKnwHNePdvCk7BnuI7YEeT16GXmGnJuM68IbyYL2cGg-PMH_4Lnw4pOHeFvRJGmM_niCY8p55IT2I3_w5KhOHD04MS4eZB5KhvDh6_AP_cGPPBP81MOfY_zxwNGDnDr06ugfvEpwGjf0K8jlBZeyFDbx4D_CX4GeiwgfGteSo4kpZwiV69BxpD32Izwh5XmQXceFJ_hxx8h5BT80dsFxHv7x4z8-fUjHHDePnjHCZdiWC_qDPsiPR8iLXiK0C7kiXNoew5-KJ8FRH-Hj4T-xixVy8WhiqUSVMMdx9EU-aDmP_C-eXOiPZ47wC32Qx_ivAAUIAMwygoASAgGGgGLICsUQMdoRTIEhgAhKFAQDOCAEsJAAIIxEjilhDCAiCCuAUcYQAYAjCBGAQALUAQoYQdggBpEiQDCrHFFaKYAEEFQQIJAgAAmCgHCAAAGIIRJAoIA0ShjHgChCOGMIFIZAQ4BCShOGGBGEGGCIIAYhAoQADjEBFJBUQUYEY4ABABBACAEmwAUHAAYMYYgICbAgQjDFDCIKAYaQAdIAAh0BXBAQQCDAEOWAAIgJggAARSkhHACOAaGNcsArAggiiBEjDDACOSkM4QAIKYGRh0ghmEHGKK0MMMoIQAEgTmClmCACSCqMIIIAJYBhzFDBDCFKAcUMEUQoAIRShAEBGAOCEawEAyE4pgRDTCkrSEDCEIWIEAAYYQCRgCAkIEAOGUUcAoAQAQAhwHGxCBQKCMQoMEAYAykzhjhFhDBGASGYQkoqZYTxAADFgEAAGAKQF4ECIQxQyAjAhCAEAA"], "discnumber": ["1"], "album": ["The Unseen"], "catalognumber": ["STH 2125-2"], "releasecountry": ["US"], "engineer": ["Gene Grimaldi"], "file_name": "17-Jazz Cats, Part 1.flac", "musicip_puid": ["2cc25e0a-f347-8033-887f-df297cad75fd"], "producer": ["Madlib"], "date": ["2000"], "genre": ["Rap > Underground Rap"], "composersort": ["Quasimoto"], "disctotal": ["2"], "initialkey": ["2A"], "musicbrainz_artistid": ["b614843c-bec3-421f-9af1-03169cdd4b63"], "asin": ["B00004T20V"], "grouping": ["Rap"], "musicbrainz_releasetrackid": ["f1a1fb22-e3d4-3f49-9a60-58a5611a9985"], "artist": ["Quasimoto"], "tracknumber": ["17"], "composer": ["Madlib"], "bpm": ["131.000000"], "label": ["Stones Throw Records"], "albumartistsort": ["Quasimoto"], "acoustid_id": ["3ea94402-a96a-4ff1-9e3d-1f878c568c11"], "script": ["Latin"], "musicbrainz_releasegroupid": ["c3a6dd79-a28d-3280-931c-42a0c6ac9b42"]}}, "rhythm": {"bpm_histogram_first_peak_bpm": {"dmean2": 0, "median": 89, "min": 89, "dvar2": 0, "dvar": 0, "dmean": 0, "max": 89, "var": 0, "mean": 89}, "bpm": 89.3517227173, "bpm_histogram_second_peak_spread": {"dmean2": 0, "median": 0.611111104488, "min": 0.611111104488, "dvar2": 0, "dvar": 0, "dmean": 0, "max": 0.611111104488, "var": 0, "mean": 0.611111104488}, "bpm_histogram_first_peak_weight": {"dmean2": 0, "median": 0.625, "min": 0.625, "dvar2": 0, "dvar": 0, "dmean": 0, "max": 0.625, "var": 0, "mean": 0.625}, "onset_rate": 3.92570638657, "beats_position": [0.673378646374, 1.369977355, 2.07818579674, 2.7863945961, 3.45977306366, 4.13315200806, 4.81814050674, 5.50312900543, 6.17650794983, 6.84988641739, 7.52326536179, 8.19664382935, 8.87002277374, 9.54340076447, 10.2167797089, 10.8901586533, 11.5635375977, 12.2369155884, 12.9102945328, 13.5836734772, 14.2454423904, 14.9304304123, 15.6154193878, 16.2887973785, 16.9621772766, 17.6471652985, 18.3205432892, 18.9939231873, 19.667301178, 20.3406791687, 21.0140590668, 21.6874370575, 22.3724250793, 23.0341949463, 23.707572937, 24.3809528351, 25.0543308258, 25.7277088165, 26.4010887146, 27.0744667053, 27.747844696, 28.4212245941, 29.0829925537, 29.7679805756, 30.4297504425, 31.1147384644, 31.7881164551, 32.4614944458, 33.146484375, 33.8082542419, 34.4816322327, 35.1550102234, 35.8167800903, 36.5017662048, 37.1751480103, 37.848526001, 38.5219039917, 39.1952819824, 39.8686599731, 40.5536499023, 41.2386398315, 41.9120178223, 42.585395813, 43.2587738037, 43.9437637329, 44.6055335999, 45.2789115906, 45.9522895813, 46.625667572, 47.2990455627, 47.9724235535, 48.6458053589, 49.3191833496, 49.9925613403, 50.6775512695, 51.3393173218, 52.0126991272, 52.6860771179, 53.3710632324, 54.0560531616, 54.7294311523, 55.3795890808, 56.0529708862, 56.726348877, 57.3881187439, 58.0731048584, 58.7464828491, 59.4198646545, 60.104850769, 60.801448822, 61.4748306274, 62.1598167419, 62.8215866089, 63.4833564758, 64.1451263428, 64.8185043335, 65.4802703857, 66.1536483765, 66.8270263672, 67.5120162964, 68.1970062256, 68.8703842163, 69.543762207, 70.2171401978, 70.8905181885, 71.5638961792, 72.2372741699, 72.91065979, 73.5840377808, 74.2574157715, 74.9191818237, 75.5925598145, 76.2659378052, 76.9509277344, 77.6243057251, 78.2976837158, 78.982673645, 79.6444396973, 80.3178253174, 80.9912033081, 81.6645812988, 82.3379592896, 83.0113372803, 83.684715271, 84.3697052002, 85.0314712524, 85.7048492432, 86.3898391724, 87.0748291016, 87.7482070923, 88.421585083, 89.0949630737, 89.7683410645, 90.4417190552, 91.1150970459, 91.788482666, 92.4618606567, 93.1352386475, 93.8086166382, 94.4819946289, 95.1553726196, 95.8287506104, 96.4905166626, 97.0129699707, 97.5238113403, 98.046257019, 98.5222625732, 99.0098876953, 99.5091171265, 100.031562805, 100.554008484, 101.076461792, 101.587303162, 102.074920654, 102.527709961, 103.224304199, 103.909294128, 104.582672119, 105.25605011, 105.929428101, 106.602806091, 107.276191711, 107.949569702, 108.622947693, 109.296325684, 109.969703674, 110.643081665, 111.316459656, 111.989837646, 112.663215637, 113.336593628, 114.009971619, 114.683357239, 115.356735229, 116.03011322, 116.703491211, 117.376869202, 118.050247192, 118.723625183, 119.397003174, 120.070381165, 120.755371094, 121.440361023, 122.113739014, 122.787117004, 123.472106934, 124.133872986, 124.818862915, 125.480628967, 126.154014587, 126.827392578, 127.500770569, 128.162536621, 128.824310303, 129.474472046, 130.12461853, 130.774780273, 131.413330078, 132.063491821, 132.713653564, 133.352203369, 134.002349854, 134.652511597, 135.314285278, 135.97605896, 136.649429321, 137.218322754, 137.775604248, 138.344482422, 138.901763916, 139.45904541, 139.993103027, 140.538772583, 141.084442139, 141.641723633, 142.199005127, 142.767883301, 143.325164795, 143.894058228, 144.46295166, 145.031829834, 145.600723267, 146.216049194, 146.819763184, 147.423492432, 148.027206421, 148.607711792, 149.188201904, 149.768707275, 150.384033203, 150.999359131, 151.614685059, 152.241622925, 152.856964111, 153.483901978, 154.122451782, 154.761001587, 155.399536133, 156.049697876, 156.699859619, 157.350021362, 157.942123413, 158.534240723, 159.184402466, 159.846160889, 160.50793457, 161.169708252, 161.831466675, 162.493240356], "beats_loudness": {"dmean2": 0.0405782386661, "median": 0.0273863524199, "min": 1.63617769999e-07, "dvar2": 0.00204071658663, "dvar": 0.000690987159032, "dmean": 0.0241007152945, "max": 0.191089987755, "var": 0.000854502723087, "mean": 0.0323551520705}, "danceability": 1.45007491112, "bpm_histogram_second_peak_weight": {"dmean2": 0, "median": 0.0282258056104, "min": 0.0282258056104, "dvar2": 0, "dvar": 0, "dmean": 0, "max": 0.0282258056104, "var": 0, "mean": 0.0282258056104}, "beats_count": 249, "bpm_histogram_second_peak_bpm": {"dmean2": 0, "median": 105, "min": 105, "dvar2": 0, "dvar": 0, "dmean": 0, "max": 105, "var": 0, "mean": 105}, "bpm_histogram_first_peak_spread": {"dmean2": 0, "median": 0.225000023842, "min": 0.225000023842, "dvar2": 0, "dvar": 0, "dmean": 0, "max": 0.225000023842, "var": 0, "mean": 0.225000023842}, "beats_loudness_band_ratio": {"dmean2": [0.729003608227, 0.125639826059, 0.220613092184, 0.159187078476, 0.40738016367, 0.418273985386], "median": [0.291719406843, 0.0196124874055, 0.0293789152056, 0.0499692037702, 0.124025337398, 0.116853043437], "min": [0.000767620338593, 0.000190350780031, 1.44499754242e-05, 0.000315964309266, 0.000841145461891, 0.000915968732443], "dvar2": [0.291980862617, 0.0379998721182, 0.0648100227118, 0.0409265235066, 0.0736811906099, 0.0797189474106], "dvar": [0.0914720743895, 0.0129851084203, 0.0250554215163, 0.0139455683529, 0.0246544741094, 0.0280790105462], "dmean": [0.404961645603, 0.0705311894417, 0.122362464666, 0.0880414322019, 0.215354129672, 0.223477855325], "max": [0.995438575745, 0.822624862194, 0.835180938244, 0.762383043766, 0.79502928257, 0.908801853657], "var": [0.118091128767, 0.0122590558603, 0.0239849202335, 0.0141017846763, 0.0342639535666, 0.0335344858468], "mean": [0.400110572577, 0.0668709501624, 0.0999605283141, 0.0831275507808, 0.189456999302, 0.180259674788]}}, "lowlevel": {"barkbands_spread": {"dmean2": 16.0140247345, "median": 24.802816391, "min": 0.593973338604, "dvar2": 349.500640869, "dvar": 160.592315674, "dmean": 10.4974412918, "max": 114.760848999, "var": 397.574035645, "mean": 29.8874835968}, "melbands_spread": {"dmean2": 24.8755130768, "median": 28.6079406738, "min": 0.45384979248, "dvar2": 1091.53063965, "dvar": 539.422973633, "dmean": 16.4625682831, "max": 241.299285889, "var": 1230.01037598, "mean": 40.2490501404}, "hfc": {"dmean2": 14.010017395, "median": 8.03545284271, "min": 3.36830822789e-07, "dvar2": 1079.43896484, "dvar": 518.812561035, "dmean": 9.83173465729, "max": 273.4140625, "var": 803.219299316, "mean": 17.4630889893}, "barkbands_kurtosis": {"dmean2": 11.5096406937, "median": 0.784190177917, "min": -1.95462882519, "dvar2": 1589.26782227, "dvar": 802.271972656, "dmean": 7.69358587265, "max": 436.45980835, "var": 923.138977051, "mean": 6.97535657883}, "gfcc": {"mean": [-63.3440437317, 52.752658844, -127.580871582, 53.4023208618, -52.6180801392, 5.83364772797, -26.9024353027, 10.755449295, -12.6741809845, 5.83986616135, -11.06503582, -0.335034281015, -13.6195859909], "icov": [[0.000124778525787, -9.74653012236e-05, 0.000164587821928, -0.000320309365634, 0.000317416066537, -1.95698339667e-05, 2.96864145639e-05, -0.000423962075729, 0.00032770546386, -0.000286500755465, -4.11511391576e-05, -3.49370056938e-05, 0.000212118771742], [-9.74653012236e-05, 0.000830120814499, -0.00041531259194, 0.00083280284889, -0.000502951384988, 0.000315576820867, -0.000587152317166, 0.000979412114248, -0.000822215282824, 0.000945702544414, -0.00137206248473, 0.00137410254683, -0.00137668196112], [0.000164587821928, -0.00041531259194, 0.00200009928085, -0.00119400792755, -7.14449924999e-05, 0.000448905979283, 0.000207821809454, -0.00257976888679, 0.00224483013153, -0.00111705390736, -0.000400194374379, 8.70498188306e-05, 0.000662508769892], [-0.000320309365634, 0.00083280284889, -0.00119400792755, 0.00303272204474, -0.0019380976446, -0.000287687929813, 3.43605061062e-05, 0.00209046783857, -0.00291587319225, 0.0018454932142, -0.00171621050686, 0.00111031893175, -0.00215077004395], [0.000317416066537, -0.000502951384988, -7.14449924999e-05, -0.0019380976446, 0.00536978896707, -0.00309998635203, -7.83375526225e-06, 0.000904317421373, -0.00163780490402, -0.000834469799884, 0.00277246604674, -0.0037575350143, 0.00293652387336], [-1.95698339667e-05, 0.000315576820867, 0.000448905979283, -0.000287687929813, -0.00309998635203, 0.00715923402458, -0.00277470471337, -0.00285811978392, 0.00469183456153, -0.0012260604417, -0.00273783155717, 0.00417402852327, -0.00233343685977], [2.96864145639e-05, -0.000587152317166, 0.000207821809454, 3.43605061062e-05, -7.83375526225e-06, -0.00277470471337, 0.00719060143456, -0.00262440671213, -0.00391937233508, 0.00378630729392, 0.000353693001671, -0.00355417421088, 0.00291717657819], [-0.000423962075729, 0.000979412114248, -0.00257976888679, 0.00209046783857, 0.000904317421373, -0.00285811978392, -0.00262440671213, 0.0136665860191, -0.0058256466873, -0.00111376098357, 0.00399604346603, -0.00135616376065, -0.00155142764561], [0.00032770546386, -0.000822215282824, 0.00224483013153, -0.00291587319225, -0.00163780490402, 0.00469183456153, -0.00391937233508, -0.0058256466873, 0.0180390141904, -0.00876484438777, -0.00330267776735, 0.00655084755272, -0.00300087337382], [-0.000286500755465, 0.000945702544414, -0.00111705390736, 0.0018454932142, -0.000834469799884, -0.0012260604417, 0.00378630729392, -0.00111376098357, -0.00876484438777, 0.0162491220981, -0.00466926442459, -0.00173061783426, 0.00252331490628], [-4.11511391576e-05, -0.00137206248473, -0.000400194374379, -0.00171621050686, 0.00277246604674, -0.00273783155717, 0.000353693001671, 0.00399604346603, -0.00330267776735, -0.00466926442459, 0.0194193329662, -0.0104054538533, 0.00307942274958], [-3.49370056938e-05, 0.00137410254683, 8.70498188306e-05, 0.00111031893175, -0.0037575350143, 0.00417402852327, -0.00355417421088, -0.00135616376065, 0.00655084755272, -0.00173061783426, -0.0104054538533, 0.0230452101678, -0.0120035931468], [0.000212118771742, -0.00137668196112, 0.000662508769892, -0.00215077004395, 0.00293652387336, -0.00233343685977, 0.00291717657819, -0.00155142764561, -0.00300087337382, 0.00252331490628, 0.00307942274958, -0.0120035931468, 0.0204375702888]], "cov": [[13129.6953125, 218.270645142, -211.371032715, 761.55090332, -615.821899414, -43.7363700867, -42.1895217896, 266.668121338, 106.327430725, 214.143554688, 181.442779541, -36.3692092896, 15.6537237167], [218.270645142, 2341.18505859, -17.1002349854, -408.111907959, -111.925491333, -123.082557678, 133.557739258, -105.555366516, 52.7331809998, -99.1194839478, 98.1628570557, -44.2033729553, 67.2245559692], [-211.371032715, -17.1002349854, 931.256835938, 447.229309082, 260.705474854, 147.722167969, 75.7554626465, 140.085372925, 34.8062477112, 61.3667106628, 46.1349143982, 29.4887580872, 5.04914522171], [761.55090332, -408.111907959, 447.229309082, 1228.79406738, 530.745422363, 263.379760742, 128.044250488, 57.5980224609, 182.093017578, 77.2732543945, 110.122077942, 58.6590805054, 54.385433197], [-615.821899414, -111.925491333, 260.705474854, 530.745422363, 615.653625488, 285.979003906, 168.13520813, 50.7021446228, 103.315940857, 40.9835166931, 34.4097366333, 47.5793457031, 3.16725540161], [-43.7363700867, -123.082557678, 147.722167969, 263.379760742, 285.979003906, 358.529907227, 164.599349976, 90.5200805664, 24.7391052246, 15.6057443619, 18.8989810944, 10.9899721146, 3.62609124184], [-42.1895217896, 133.557739258, 75.7554626465, 128.044250488, 168.13520813, 164.599349976, 302.565490723, 93.8096618652, 76.1718902588, -12.6119823456, 17.8896350861, 21.7365550995, 1.83510637283], [266.668121338, -105.555366516, 140.085372925, 57.5980224609, 50.7021446228, 90.5200805664, 93.8096618652, 170.469192505, 55.8670692444, 40.8902015686, -9.29605960846, 3.07134056091, 0.601916670799], [106.327430725, 52.7331809998, 34.8062477112, 182.093017578, 103.315940857, 24.7391052246, 76.1718902588, 55.8670692444, 162.558959961, 70.538772583, 37.8945274353, -3.47670221329, 9.23930549622], [214.143554688, -99.1194839478, 61.3667106628, 77.2732543945, 40.9835166931, 15.6057443619, -12.6119823456, 40.8902015686, 70.538772583, 126.847846985, 38.525226593, 9.59508895874, -7.43250703812], [181.442779541, 98.1628570557, 46.1349143982, 110.122077942, 34.4097366333, 18.8989810944, 17.8896350861, -9.29605960846, 37.8945274353, 38.525226593, 104.226272583, 42.2658119202, 18.7042541504], [-36.3692092896, -44.2033729553, 29.4887580872, 58.6590805054, 47.5793457031, 10.9899721146, 21.7365550995, 3.07134056091, -3.47670221329, 9.59508895874, 42.2658119202, 94.9324188232, 41.859161377], [15.6537237167, 67.2245559692, 5.04914522171, 54.385433197, 3.16725540161, 3.62609124184, 1.83510637283, 0.601916670799, 9.23930549622, -7.43250703812, 18.7042541504, 41.859161377, 82.6387557983]]}, "spectral_energyband_middle_low": {"dmean2": 0.00290374737233, "median": 0.00103476864751, "min": 2.72747692487e-11, "dvar2": 2.7205051083e-05, "dvar": 1.6256566596e-05, "dmean": 0.00213286792859, "max": 0.0717526823282, "var": 5.17686821695e-05, "mean": 0.00403320742771}, "melbands_crest": {"dmean2": 5.84972333908, "median": 14.3452768326, "min": 2.45359778404, "dvar2": 32.6047782898, "dvar": 14.0567102432, "dmean": 3.73468255997, "max": 35.2543334961, "var": 46.5541419983, "mean": 15.1614322662}, "spectral_kurtosis": {"dmean2": 1.97297656536, "median": 3.16247320175, "min": -0.857304811478, "dvar2": 3.90825200081, "dvar": 1.51522684097, "dmean": 1.17458558083, "max": 22.0485153198, "var": 3.79580307007, "mean": 3.48674654961}, "spectral_rms": {"dmean2": 0.00143565051258, "median": 0.00290100509301, "min": 2.72773036158e-07, "dvar2": 4.33305194747e-06, "dvar": 2.75686898021e-06, "dmean": 0.00105817045551, "max": 0.0160398669541, "var": 6.83922826283e-06, "mean": 0.00343886576593}, "zerocrossingrate": {"dmean2": 0.020151341334, "median": 0.07177734375, "min": 0.00390625, "dvar2": 0.000494215171784, "dvar": 0.000497603672557, "dmean": 0.0195168070495, "max": 0.37841796875, "var": 0.00345731712878, "mean": 0.0881661847234}, "silence_rate_60dB": {"dmean2": 0.148485273123, "median": 0, "min": 0, "dvar2": 0.146913856268, "dvar": 0.0687272623181, "dmean": 0.0742320790887, "max": 1, "var": 0.174882814288, "mean": 0.225934877992}, "erbbands_kurtosis": {"dmean2": 2.43638586998, "median": 0.557345628738, "min": -1.88357806206, "dvar2": 8.32570075989, "dvar": 3.75935602188, "dmean": 1.55617249012, "max": 34.2233314514, "var": 8.60315608978, "mean": 1.46280491352}, "erbbands": {"dmean2": [0.163074374199, 3.19384694099, 5.07464694977, 1.25205051899, 1.28856372833, 2.15071725845, 2.81889152527, 6.65761566162, 10.4477863312, 21.1363773346, 19.2474880219, 16.0933055878, 10.9242506027, 8.56838321686, 10.7892036438, 9.83310222626, 10.3613462448, 11.1377849579, 12.1536989212, 23.5183982849, 22.6016578674, 18.7196159363, 25.3870582581, 35.2802352905, 25.0388050079, 17.5520076752, 17.5540447235, 13.7702188492, 9.43562889099, 6.21078872681, 4.23460865021, 2.65728354454, 1.63712394238, 0.87072956562, 0.463245779276, 0.444565564394, 0.102395422757, 0.00909366179258, 0.000901758146938, 5.15089122928e-05], "median": [0.0134209115058, 0.175883039832, 0.344054460526, 0.289333790541, 0.305815517902, 0.337660133839, 0.661025345325, 1.06233811378, 1.17832887173, 2.00111961365, 1.7937245369, 1.23341882229, 1.06634128094, 0.942958414555, 0.844288885593, 1.18144774437, 1.83547234535, 2.08477067947, 2.1438934803, 3.24251270294, 3.79914689064, 6.7978272438, 7.25741910934, 7.48990821838, 6.80564260483, 6.78331327438, 4.84616279602, 3.74817371368, 2.49906229973, 1.51945006847, 0.767633736134, 0.309176921844, 0.150950878859, 0.0732151046395, 0.0251733306795, 0.00756011717021, 0.00215013069101, 0.000484890770167, 8.40821594466e-05, 2.01295370061e-05], "min": [1.03500492898e-10, 8.13597356153e-10, 3.44702733024e-09, 9.04778829636e-09, 1.83098158857e-08, 3.20538759979e-08, 4.41622418634e-08, 4.89741971421e-08, 6.85679353296e-08, 6.01482170737e-08, 1.2143896555e-08, 3.65771164468e-08, 8.57942552557e-08, 6.05300201073e-08, 1.34557254228e-07, 2.23245663733e-07, 1.45518029626e-07, 6.70936657343e-08, 5.75611167619e-08, 7.43694386074e-08, 6.97950781614e-08, 4.0175809346e-08, 6.75116709203e-08, 6.07906045502e-08, 7.12660552793e-09, 7.98364929722e-09, 1.48161838354e-08, 1.93725870901e-08, 3.1035401804e-08, 7.79101583248e-08, 6.48154951932e-08, 2.29921930384e-08, 1.5910641693e-08, 2.7706180461e-08, 1.89101463377e-08, 1.13624460951e-08, 1.06638298192e-08, 1.0273521589e-08, 1.09266673487e-09, 6.48926745672e-11], "dvar2": [0.222279623151, 89.1885681152, 203.457595825, 8.26104068756, 19.2903575897, 20.849149704, 42.0380363464, 341.912811279, 859.934448242, 3506.22875977, 4032.74194336, 2620.85913086, 1162.11816406, 648.562133789, 1415.37670898, 573.061584473, 607.64855957, 642.40423584, 1030.85253906, 4910.52246094, 3921.13696289, 1719.76403809, 4846.50927734, 11032.4775391, 4547.77001953, 2156.8125, 2665.56445312, 1415.85473633, 637.092956543, 263.607727051, 133.156417847, 98.9299850464, 50.8250198364, 15.834564209, 5.63915777206, 7.88689231873, 0.457145273685, 0.00280049443245, 2.91134638246e-05, 3.36198340278e-08], "dvar": [0.106569498777, 44.0562324524, 102.372505188, 3.3578646183, 7.10824680328, 10.4947862625, 21.7001228333, 176.124069214, 441.063598633, 1696.40527344, 1981.7878418, 1466.98095703, 677.306518555, 405.249176025, 624.245300293, 266.573150635, 276.633239746, 309.419616699, 445.605377197, 1838.99743652, 1769.1229248, 891.017089844, 2236.40161133, 4748.15380859, 2117.4440918, 1012.11224365, 1140.91101074, 703.466308594, 300.122833252, 115.930351257, 61.2889328003, 46.1376647949, 24.1668663025, 7.04612636566, 2.55011582375, 4.04779720306, 0.240434929729, 0.0017050774768, 1.64326356753e-05, 1.86824635762e-08], "dmean": [0.111896030605, 2.11328697205, 3.35922050476, 0.797969758511, 0.759354829788, 1.39468455315, 1.88903236389, 4.45859718323, 6.92211151123, 14.4094715118, 13.528840065, 11.9440326691, 8.05131912231, 6.25395870209, 7.11580467224, 6.54822969437, 6.93445968628, 7.45707607269, 7.94800758362, 13.9981365204, 14.6146535873, 12.870426178, 16.7120990753, 22.7013149261, 16.2388896942, 11.5591211319, 11.0710287094, 8.96871376038, 6.08882331848, 3.9503698349, 2.89905643463, 1.82577776909, 1.14976561069, 0.617900550365, 0.331058949232, 0.330468386412, 0.0770739987493, 0.00706929061562, 0.00071041949559, 3.83918995794e-05], "max": [3.19599056244, 61.4080238342, 88.264213562, 21.2824459076, 77.0442581177, 72.9722290039, 110.362236023, 582.131225586, 622.303833008, 697.415588379, 1447.5123291, 913.421203613, 661.961547852, 865.397705078, 846.859069824, 340.397247314, 467.531463623, 403.033508301, 460.125091553, 453.788543701, 1229.32751465, 735.643798828, 455.446228027, 627.147460938, 506.931762695, 323.068969727, 324.601776123, 248.283950806, 192.878005981, 146.821594238, 151.695266724, 189.645980835, 153.569549561, 73.9206695557, 59.0083808899, 49.174495697, 12.2173957825, 1.15735399723, 0.119270659983, 0.00397822400555], "var": [0.124001719058, 48.7180976868, 118.067962646, 3.63959217072, 7.32253742218, 25.6333961487, 55.0126342773, 369.250061035, 808.915344238, 2780.46606445, 3514.83813477, 3249.46020508, 1444.28759766, 1037.36914062, 998.641601562, 501.220184326, 681.806884766, 613.508239746, 599.034667969, 1673.47387695, 2142.79907227, 1408.36694336, 2645.53100586, 4966.01953125, 2477.58056641, 1244.14135742, 1138.83898926, 852.025268555, 367.547912598, 140.577148438, 102.184028625, 75.538520813, 36.8088340759, 10.2350177765, 3.9280526638, 6.70168924332, 0.426283150911, 0.00380364945158, 3.71243440895e-05, 4.60045121997e-08], "mean": [0.131673082709, 2.27645516396, 3.60745787621, 0.951702356339, 0.949295341969, 2.16646623611, 3.02087330818, 6.4131155014, 9.30245876312, 18.6948356628, 19.3314762115, 18.3684082031, 11.8561029434, 10.5408973694, 10.0952329636, 9.19147872925, 11.3848295212, 10.9018411636, 10.2286539078, 15.8042879105, 17.1825199127, 19.3075504303, 22.2730617523, 28.6756858826, 22.2557697296, 17.2199516296, 14.4287443161, 12.3147497177, 8.59859085083, 5.65510749817, 4.24568462372, 2.69388055801, 1.6375426054, 0.885858058929, 0.48099219799, 0.436178982258, 0.10802680254, 0.0120905553922, 0.00133144203573, 7.58143141866e-05]}, "spectral_strongpeak": {"dmean2": 0.748348593712, "median": 0.345650464296, "min": 0, "dvar2": 1.37850046158, "dvar": 0.567264139652, "dmean": 0.456795305014, "max": 11.1495189667, "var": 0.940496265888, "mean": 0.744591772556}, "spectral_energy": {"dmean2": 0.017688902095, "median": 0.00862622540444, "min": 7.62652649366e-11, "dvar2": 0.00142183643766, "dvar": 0.000771415943746, "dmean": 0.0123423431069, "max": 0.263709247112, "var": 0.00108909991104, "mean": 0.0191316027194}, "average_loudness": 0.886702775955, "spectral_rolloff": {"dmean2": 1376.81079102, "median": 2088.72070312, "min": 64.599609375, "dvar2": 3265847.25, "dvar": 1921368.125, "dmean": 899.862182617, "max": 14987.109375, "var": 5559646.5, "mean": 2598.76416016}, "spectral_centroid": {"dmean2": 580.512634277, "median": 2179.73535156, "min": 284.076934814, "dvar2": 363130.625, "dvar": 233892.40625, "dmean": 403.497772217, "max": 5424.38769531, "var": 901342.3125, "mean": 2209.55859375}, "pitch_salience": {"dmean2": 0.13833552599, "median": 0.555588841438, "min": 0.0276910252869, "dvar2": 0.0167708396912, "dvar": 0.0100083425641, "dmean": 0.0936726406217, "max": 0.906474947929, "var": 0.0394963622093, "mean": 0.529094278812}, "spectral_energyband_middle_high": {"dmean2": 0.00278490246274, "median": 0.00131867418531, "min": 1.88896485259e-11, "dvar2": 4.63323231088e-05, "dvar": 2.09182144317e-05, "dmean": 0.00193398352712, "max": 0.0439810939133, "var": 2.90190946544e-05, "mean": 0.00324896723032}, "spectral_contrast_coeffs": {"dmean2": [0.0900341048837, 0.086284071207, 0.0654420629144, 0.0526985935867, 0.0339669361711, 0.0323568806052], "median": [-0.683626294136, -0.755661725998, -0.812790930271, -0.814010798931, -0.816018104553, -0.721757769585], "min": [-0.981722533703, -0.950535655022, -0.956198692322, -0.946904480457, -0.934772789478, -0.922046363354], "dvar2": [0.00546226510778, 0.00539375655353, 0.00306032761, 0.00196193694137, 0.000774556072429, 0.000895045523066], "dvar": [0.00258113420568, 0.00269436347298, 0.00159943953622, 0.000844313763082, 0.000318961043376, 0.000462649826659], "dmean": [0.0580458566546, 0.0575036779046, 0.0439582578838, 0.0333143100142, 0.0211029835045, 0.0211386810988], "max": [-0.30209377408, -0.353453278542, -0.462398648262, -0.555844664574, -0.572670042515, -0.588926196098], "var": [0.00866843853146, 0.0102888057008, 0.00774861592799, 0.00309035624377, 0.00113049079664, 0.00283987913281], "mean": [-0.67642301321, -0.737918496132, -0.788152337074, -0.800238668919, -0.811000943184, -0.730939030647]}, "melbands_skewness": {"dmean2": 1.93651652336, "median": 1.94895255566, "min": -2.56401562691, "dvar2": 7.73083972931, "dvar": 4.37174224854, "dmean": 1.34745681286, "max": 22.0571212769, "var": 10.6532440186, "mean": 2.76774311066}, "spectral_spread": {"dmean2": 692526, "median": 3839965.5, "min": 2051861, "dvar2": 588307824640, "dvar": 331908120576, "dmean": 473111.96875, "max": 20019892, "var": 1466686111740.0, "mean": 4126037.75}, "dissonance": {"dmean2": 0.0237501636147, "median": 0.482864797115, "min": 0.223968029022, "dvar2": 0.000827827840112, "dvar": 0.000385636347346, "dmean": 0.0154867591336, "max": 0.499999940395, "var": 0.00110780610703, "mean": 0.470507919788}, "spectral_skewness": {"dmean2": 0.320904672146, "median": 1.08040010929, "min": -0.0681254267693, "dvar2": 0.0864804759622, "dvar": 0.0371786281466, "dmean": 0.200741142035, "max": 3.84528183937, "var": 0.167657315731, "mean": 1.12182080746}, "spectral_flux": {"dmean2": 0.0526373051107, "median": 0.0544177703559, "min": 8.44491514727e-05, "dvar2": 0.00579081848264, "dvar": 0.00214580702595, "dmean": 0.0317673049867, "max": 0.40320879221, "var": 0.00413021724671, "mean": 0.0726302117109}, "spectral_contrast_valleys": {"dmean2": [0.801457881927, 0.862525761127, 0.689289629459, 0.506182789803, 0.360024362803, 0.427834093571], "median": [-8.20048618317, -7.62350845337, -8.3537902832, -8.0921754837, -7.21654081345, -10.4270706177], "min": [-14.9950418472, -15.720705986, -15.4889431, -16.1997337341, -16.9553546906, -18.0189876556], "dvar2": [0.44425880909, 0.587591946125, 0.361876070499, 0.213655516505, 0.135491102934, 0.201961621642], "dvar": [0.198154911399, 0.257884442806, 0.171128481627, 0.106864064932, 0.0790932700038, 0.118302181363], "dmean": [0.510212123394, 0.545772492886, 0.451012611389, 0.331230074167, 0.251329630613, 0.312786728144], "max": [-5.60797691345, -4.96182346344, -5.52877855301, -5.51003694534, -5.06666755676, -7.18604755402], "var": [1.74069035053, 1.79376685619, 1.46907830238, 1.35366880894, 1.58339262009, 1.5516769886], "mean": [-8.47110080719, -7.85520982742, -8.4286365509, -8.19688796997, -7.41238021851, -10.4070110321]}, "erbbands_flatness_db": {"dmean2": 0.0292198490351, "median": 0.163496568799, "min": 0.0515686385334, "dvar2": 0.000734947097953, "dvar": 0.000338085519616, "dmean": 0.0195489171892, "max": 0.364589422941, "var": 0.0014478364028, "mean": 0.166647538543}, "spectral_energyband_high": {"dmean2": 0.00112201087177, "median": 0.000299587263726, "min": 2.15544127685e-11, "dvar2": 8.66220580065e-06, "dvar": 4.18402487412e-06, "dmean": 0.000759664806537, "max": 0.0245436429977, "var": 6.24649737802e-06, "mean": 0.00116964243352}, "spectral_entropy": {"dmean2": 0.204135909677, "median": 7.87882328033, "min": 5.79929876328, "dvar2": 0.0437684059143, "dvar": 0.0246990378946, "dmean": 0.142494529486, "max": 8.78637504578, "var": 0.111068807542, "mean": 7.80899810791}, "silence_rate_20dB": {"dmean2": 0, "median": 1, "min": 1, "dvar2": 0, "dvar": 0, "dmean": 0, "max": 1, "var": 0, "mean": 1}, "melbands_flatness_db": {"dmean2": 0.0516226217151, "median": 0.16631731391, "min": 0.0169416442513, "dvar2": 0.0031521320343, "dvar": 0.00209557288326, "dmean": 0.0374696291983, "max": 0.555913090706, "var": 0.00732619594783, "mean": 0.175528228283}, "barkbands": {"dmean2": [8.59339343151e-05, 0.0117026390508, 0.00299950735644, 0.000298101018416, 0.000545192044228, 0.00067058741115, 0.00100111798383, 0.0010042731883, 0.000715344387572, 0.000311002339004, 0.000270880322205, 0.000260937318671, 0.000258344749454, 0.000218357090489, 0.000380811979994, 0.000426180427894, 0.000362766702892, 0.000521808979101, 0.000618704070803, 0.000440848816652, 0.000358682969818, 0.000241340778302, 0.000157619142556, 0.000101684359834, 6.95171765983e-05, 7.42152988096e-05, 4.96344773637e-06], "median": [3.77099081561e-06, 0.000672771420795, 0.000214046711335, 5.16205946042e-05, 0.000113167399832, 0.000130356405862, 9.11958632059e-05, 6.01041429036e-05, 5.17627158843e-05, 2.52060108323e-05, 1.52970933414e-05, 2.17388169403e-05, 3.89602537325e-05, 3.53035720764e-05, 4.59988623334e-05, 6.22052029939e-05, 0.0001130024757, 0.000120519463962, 0.000136558664963, 0.000145927857375, 0.000109240550955, 6.59661091049e-05, 2.99778330373e-05, 1.1012950381e-05, 5.11078360432e-06, 1.33422247472e-06, 4.45490343282e-07], "min": [1.24587037735e-12, 3.52703369982e-12, 3.46494274245e-12, 3.64482489329e-12, 8.89510860802e-12, 5.91060794058e-12, 5.10133428555e-12, 9.1567660572e-13, 1.81064158892e-12, 2.57046792705e-12, 1.28539670227e-12, 6.29147125022e-12, 3.1595232073e-12, 8.60182910144e-13, 1.3476911644e-12, 1.37004979844e-12, 5.72719877166e-13, 1.45035697861e-12, 4.11695010765e-13, 1.7807993578e-13, 3.87366923477e-13, 1.36160494772e-12, 2.36998615177e-12, 8.93056136854e-13, 2.40745487781e-12, 6.80906372952e-12, 7.35994511863e-12], "dvar2": [5.04945241175e-08, 0.00118251726963, 7.15126661817e-05, 6.4846250325e-07, 1.60422996487e-06, 2.91339642899e-06, 7.58265605327e-06, 8.33851026982e-06, 4.87054785481e-06, 8.41945563934e-07, 1.02544129277e-06, 4.37512426288e-07, 4.02530815791e-07, 2.58720149304e-07, 1.31560352656e-06, 1.46011700508e-06, 7.29949476863e-07, 2.40904159909e-06, 3.1066210795e-06, 1.48907895436e-06, 9.02504041278e-07, 4.1694241304e-07, 1.79720203164e-07, 1.63226445693e-07, 9.93758675349e-08, 2.32741541595e-07, 7.96920252011e-10], "dvar": [1.84087021182e-08, 0.000591157062445, 3.24378343066e-05, 2.29518889228e-07, 7.2368027304e-07, 1.45105343563e-06, 3.64360903404e-06, 4.07523111789e-06, 2.77530580206e-06, 4.73947295632e-07, 4.59036925804e-07, 2.07170430144e-07, 1.81104297781e-07, 1.28894711793e-07, 4.89432864015e-07, 6.12324242866e-07, 3.50273353433e-07, 1.06516506548e-06, 1.36070025292e-06, 6.99905683632e-07, 4.36959311401e-07, 1.97418316361e-07, 7.94424153128e-08, 8.1618068748e-08, 4.51383606048e-08, 1.21838155565e-07, 4.74298600395e-10], "dmean": [5.00649548485e-05, 0.00788582861423, 0.00195601396263, 0.000169948238181, 0.000348955160007, 0.00044687098125, 0.000669281522278, 0.00068621034734, 0.000521636509802, 0.000222720045713, 0.000180270435521, 0.000169339997228, 0.000169971390278, 0.000146130361827, 0.000228322518524, 0.00026519264793, 0.00024411479535, 0.000342358223861, 0.000397734547732, 0.000285814196104, 0.000230661360547, 0.000156177702593, 0.000105554827314, 7.23597404431e-05, 4.92783110531e-05, 5.54139041924e-05, 3.88983653465e-06], "max": [0.00151359802112, 0.230398803949, 0.0499060787261, 0.0109635209665, 0.0165380425751, 0.0497736483812, 0.0381392277777, 0.0601681061089, 0.0430507473648, 0.0156502984464, 0.0189880020916, 0.00854353420436, 0.00897253397852, 0.0109837129712, 0.00936654862016, 0.0179580729455, 0.0115468883887, 0.0106283174828, 0.0115857059136, 0.00849256943911, 0.00603198027238, 0.00512197101489, 0.00565844355151, 0.00831564702094, 0.00711695291102, 0.00859741773456, 0.000641239923425], "var": [1.44590339701e-08, 0.000671731191687, 3.42923085555e-05, 1.78