{"tonal": {"thpcp": [1, 0.569507062435, 0.299134045839, 0.281426519156, 0.313929527998, 0.540568709373, 0.659688651562, 0.485656201839, 0.327532321215, 0.264712572098, 0.264872431755, 0.374814391136, 0.457844495773, 0.443605959415, 0.659909427166, 0.783592224121, 0.488778024912, 0.290726572275, 0.279198199511, 0.316642940044, 0.46158143878, 0.489543020725, 0.323680788279, 0.229446351528, 0.221863895655, 0.267549276352, 0.541442811489, 0.691542744637, 0.505530774593, 0.459018707275, 0.505986452103, 0.406239837408, 0.329112559557, 0.351690590382, 0.499712914228, 0.89351773262], "hpcp": {"dmean2": [0.245947778225, 0.267007380724, 0.284970074892, 0.3050776124, 0.256085902452, 0.19230261445, 0.179130032659, 0.185995951295, 0.214343249798, 0.217477187514, 0.187672689557, 0.156953841448, 0.15463347733, 0.162306204438, 0.234232321382, 0.262339353561, 0.231761410832, 0.223625168204, 0.231399133801, 0.216473042965, 0.199399650097, 0.214435696602, 0.266112655401, 0.30263954401, 0.319252252579, 0.25069001317, 0.192685827613, 0.183393672109, 0.185082703829, 0.246238276362, 0.267584681511, 0.219763547182, 0.212290033698, 0.193408995867, 0.183360174298, 0.209351539612], "median": [0.0456519685686, 0.0505878403783, 0.0763549655676, 0.0784408673644, 0.05582928285, 0.0208677686751, 0.0182226691395, 0.029065085575, 0.0578558295965, 0.0573283210397, 0.0303110703826, 0.0105835879222, 0.00785471685231, 0.0205862168223, 0.0661889389157, 0.0829882696271, 0.0687043890357, 0.0458934605122, 0.0401811562479, 0.0359602347016, 0.0269621796906, 0.0237787794322, 0.0418217554688, 0.132809355855, 0.168836519122, 0.0905482321978, 0.0220752153546, 0.0139311244711, 0.0239118542522, 0.0472070164979, 0.0630739927292, 0.0427058152854, 0.0160393156111, 0.0122039141133, 0.0169441010803, 0.0369327701628], "min": [0, 0, 0, 0, 0, 0, 0, 0, 0, 0, 0, 0, 0, 0, 0, 0, 0, 0, 0, 0, 0, 0, 0, 0, 0, 0, 0, 0, 0, 0, 0, 0, 0, 0, 0, 0], "dvar2": [0.120797373354, 0.125475659966, 0.123140603304, 0.15065266192, 0.109745196998, 0.0927451774478, 0.0859190747142, 0.0808133110404, 0.0894068107009, 0.0979235246778, 0.0868653655052, 0.086685962975, 0.0954232439399, 0.076336748898, 0.107565544546, 0.115694634616, 0.107489809394, 0.103509277105, 0.11581774056, 0.107802927494, 0.103266380727, 0.107913441956, 0.133401587605, 0.12949885428, 0.128705322742, 0.112954638898, 0.104817576706, 0.107387378812, 0.088744096458, 0.115596972406, 0.122847914696, 0.102580018342, 0.126185759902, 0.124367877841, 0.0995375663042, 0.100880309939], "dvar": [0.043963778764, 0.0435841977596, 0.0469659157097, 0.0582957342267, 0.0406385995448, 0.0343143008649, 0.0322929099202, 0.0299209728837, 0.0352266989648, 0.0377609170973, 0.0334473624825, 0.0325151011348, 0.0342163778841, 0.0280732493848, 0.0412222407758, 0.047151889652, 0.0405141599476, 0.0385173037648, 0.0433499962091, 0.0402514822781, 0.0382328815758, 0.040088724345, 0.049380376935, 0.0513238683343, 0.0527104102075, 0.0403331369162, 0.0378594323993, 0.0381370261312, 0.032588403672, 0.0441534742713, 0.0476441197097, 0.0389540828764, 0.0460052452981, 0.0438919104636, 0.03617926687, 0.0381057076156], "dmean": [0.141252741218, 0.150111615658, 0.164724588394, 0.176081240177, 0.145712479949, 0.107497192919, 0.100838810205, 0.106068260968, 0.125568836927, 0.129440799356, 0.107105128467, 0.0881328657269, 0.0861891210079, 0.0925973057747, 0.137314289808, 0.154813915491, 0.136280268431, 0.131846606731, 0.134548708797, 0.123576924205, 0.112159729004, 0.121987469494, 0.153645664454, 0.179275870323, 0.186960071325, 0.147852435708, 0.10825112462, 0.102925106883, 0.105004966259, 0.143301144242, 0.156163483858, 0.125018119812, 0.117647200823, 0.107130140066, 0.101260580122, 0.118481516838], "max": [1, 1, 1, 1, 1, 1, 1, 1, 1, 1, 1, 1, 1, 1, 1, 1, 1, 1, 1, 1, 1, 1, 1, 1, 1, 1, 1, 1, 1, 1, 1, 1, 1, 1, 1, 1], "var": [0.0541047081351, 0.046479575336, 0.0811896324158, 0.114016696811, 0.0499133653939, 0.0321335755289, 0.033728428185, 0.0331642255187, 0.0494838766754, 0.0566226616502, 0.0338361002505, 0.0301584005356, 0.0302256215364, 0.0295458883047, 0.0619226396084, 0.0898571535945, 0.0524913035333, 0.0546296834946, 0.0672667771578, 0.0472396872938, 0.0393528863788, 0.0436822026968, 0.0605019591749, 0.112919978797, 0.129436388612, 0.0532975718379, 0.037669301033, 0.0382506400347, 0.0338892862201, 0.0698397904634, 0.0888383835554, 0.0661976635456, 0.0457805246115, 0.0372062176466, 0.0318705029786, 0.0424293652177], "mean": [0.151077896357, 0.146379515529, 0.21775457263, 0.258566975594, 0.161285236478, 0.0959329232574, 0.0921288281679, 0.104484714568, 0.152310997248, 0.161537662148, 0.106807038188, 0.0757118910551, 0.0732098594308, 0.0882849544287, 0.178663372993, 0.228192806244, 0.166813254356, 0.15146535635, 0.166963607073, 0.134049579501, 0.108599387109, 0.116049610078, 0.164893493056, 0.294839799404, 0.329976439476, 0.187923908234, 0.0987071841955, 0.0928641185164, 0.103589348495, 0.178374931216, 0.217681720853, 0.160255104303, 0.108077950776, 0.0873489156365, 0.0874016582966, 0.12367991358]}, "tuning_equal_tempered_deviation": 0.0808573365211, "chords_changes_rate": 0.0819291099906, "key_key": "A#", "tuning_diatonic_strength": 0.718192517757, "key_scale": "major", "chords_number_rate": 0.00697269011289, "tuning_frequency": 447.432556152, "tuning_nontempered_energy_ratio": 0.75372004509, "chords_histogram": [37.5944213867, 4.5903544426, 15.5723419189, 0.464846014977, 3.83497977257, 0.987797796726, 2.44044160843, 4.29982566833, 0.52295178175, 0, 1.0459035635, 0.87158626318, 0.581057548523, 0, 0.755374789238, 0, 0, 2.2661242485, 0.0581057518721, 3.31202793121, 0.581057548523, 6.56594991684, 5.92678689957, 7.72806501389], "key_strength": 0.862799048424, "chords_key": "A#", "chords_strength": {"dmean2": 0.0140754105523, "median": 0.560722529888, "min": 0.244826644659, "dvar2": 0.000200023510843, "dvar": 0.000145696045365, "dmean": 0.0129138538614, "max": 0.788984000683, "var": 0.011932968162, "mean": 0.557196736336}, "chords_scale": "major", "hpcp_entropy": {"dmean2": 1.18076658249, "median": 1.81894254684, "min": 0, "dvar2": 0.87226742506, "dvar": 0.336253851652, "dmean": 0.707705259323, "max": 4.29098510742, "var": 0.77729511261, "mean": 1.781940341}}, "metadata": {"audio_properties": {"equal_loudness": 0, "codec": "flac", "downmix": "mix", "sample_rate": 44100, "analysis_sample_rate": 44100, "bit_rate": 0, "md5_encoded": "d1b3763f6a718afbbd5e3f06c2d9275a", "length": 79.8399963379, "replay_gain": -9.18573951721, "lossless": true}, "version": {"essentia_build_sha": "81dca3489dfd3c4275b86ac4d56d870715677d3f", "essentia": "2.1-beta1", "extractor": "music 1.0", "essentia_git_sha": "v2.1_beta1-28-g21ef5f4"}, "tags": {"title": ["Hans Beimler, Kamerad"], "barcode": ["4007198839876"], "albumartist": ["Ernst Busch"], "language": ["deu"], "releasetype": ["album"], "musicbrainz_recordingid": ["1ff2eb09-2c11-4bae-8818-c74de76dac98"], "musicbrainz_albumartistid": ["6ec4ecc5-0271-4291-a305-c589dc8f8645"], "album": ["I: Lieder der Arbeiterklasse & Lieder aus dem spanischen B\u00fcrgerkrieg"], "catalognumber": ["88642"], "releasecountry": ["DE"], "file_name": "28 - Ernst Busch - Hans Beimler, Kamerad.flac", "albumartistsort": ["Busch, Ernst"], "date": ["1989-05-02"], "genre": ["Communism", "Deutsch", "German", "Arbeiterlieder", "Kampflieder", "Political", "Music For The Revolution", "Antifascist", "Arbeiterkampflieder", "Communist", "German Artists"], "musicip_puid": ["1dd38479-e35f-23a3-3e1b-e736ebd87428"], "format": ["CD"], "musicbrainz_artistid": ["6ec4ecc5-0271-4291-a305-c589dc8f8645"], "asin": ["B00000ATZW"], "musicbrainz_albumid": ["e0cac4b8-ea17-4c0e-83c0-5934b42e9b32"], "artist": ["Ernst Busch"], "artistsort": ["Busch, Ernst"], "tracknumber": ["28"], "label": ["'pl\u00e4ne' records"], "totaltracks": ["29"], "script": ["Latn"], "releasestatus": ["official"]}}, "rhythm": {"bpm_histogram_first_peak_bpm": {"dmean2": 0, "median": 105, "min": 105, "dvar2": 0, "dvar": 0, "dmean": 0, "max": 105, "var": 0, "mean": 105}, "bpm": 105.3592453, "bpm_histogram_second_peak_spread": {"dmean2": 0, "median": 0.478260874748, "min": 0.478260874748, "dvar2": 0, "dvar": 0, "dmean": 0, "max": 0.478260874748, "var": 0, "mean": 0.478260874748}, "bpm_histogram_first_peak_weight": {"dmean2": 0, "median": 0.10000000149, "min": 0.10000000149, "dvar2": 0, "dvar": 0, "dmean": 0, "max": 0.10000000149, "var": 0, "mean": 0.10000000149}, "onset_rate": 3.21839666367, "beats_position": [0.592108845711, 1.18421769142, 1.77632653713, 2.34521532059, 2.91410422325, 3.49460315704, 4.07510185242, 4.66721057892, 5.27092981339, 5.87464857101, 6.53641700745, 7.17496585846, 7.75546455383, 8.33596324921, 8.92807197571, 9.54340076447, 10.1239004135, 10.6347389221, 11.1687984467, 11.656416893, 12.144036293, 12.6316547394, 13.1308841705, 13.6417226791, 14.1641721725, 14.6866207123, 15.2671203613, 15.8592290878, 16.4629478455, 17.0434455872, 17.6471652985, 18.2624931335, 18.877822876, 19.5047607422, 20.1317005157, 20.7354183197, 21.1998176575, 21.6874370575, 22.1634464264, 22.6510658264, 23.1038551331, 23.5566444397, 23.8933334351, 24.2300224304, 24.589931488, 24.9382305145, 25.2981395721, 25.681268692, 26.0527877808, 26.435918808, 26.8190479279, 27.2021770477, 27.6085262299, 28.0032653809, 28.3980045319, 28.7695236206, 29.1294326782, 29.500951767, 29.8840808868, 30.2788200378, 30.6735591888, 31.2308387756, 31.776506424, 32.322177887, 32.8562355042, 33.3902931213, 33.9243545532, 34.4584121704, 35.0040817261, 35.5497512817, 36.1070289612, 36.6643066406, 37.2912483215, 37.9065742493, 38.5219039917, 39.1836738586, 39.8338317871, 40.4723815918, 41.1109275818, 41.8423576355, 42.585395813, 43.3516540527, 44.0946922302, 44.8377304077, 45.6039886475, 46.3238105774, 47.0552368164, 47.7866668701, 48.5180931091, 49.2030830383, 49.9112930298, 50.5962791443, 51.3044891357, 52.0010871887, 52.6280250549, 53.2433547974, 53.8238525391, 54.4159622192, 55.0080718994, 55.5885696411, 56.1690673828, 56.7495689392, 57.3184585571, 57.8873443604, 58.4446258545, 59.0019035339, 59.5591812134, 60.1164627075, 60.673740387, 61.2426300049, 61.8115196228, 62.3687973022, 62.9376869202, 63.5065765381, 64.0754623413, 64.6443557739, 65.2248535156, 65.7937393188, 66.3626327515, 67.0011749268, 67.6397247314, 68.2782745361, 68.9284362793, 69.5785903931, 70.2403640747, 70.902130127, 71.4477996826, 71.9818572998, 72.515914917, 73.0383682251, 73.5608139038, 74.0832672119, 74.6521530151, 75.2210388184, 75.7783203125, 76.3123779297, 76.8464355469, 77.3921051025, 77.9261627197, 78.4602279663, 78.9942855835], "beats_loudness": {"dmean2": 0.0316461399198, "median": 0.0268160756677, "min": 6.16525897001e-09, "dvar2": 0.000822189147584, "dvar": 0.000296412297757, "dmean": 0.0180456917733, "max": 0.110423661768, "var": 0.000403641781304, "mean": 0.0247538555413}, "danceability": 1.10165560246, "bpm_histogram_second_peak_weight": {"dmean2": 0, "median": 0.0857142880559, "min": 0.0857142880559, "dvar2": 0, "dvar": 0, "dmean": 0, "max": 0.0857142880559, "var": 0, "mean": 0.0857142880559}, "beats_count": 141, "bpm_histogram_second_peak_bpm": {"dmean2": 0, "median": 112, "min": 112, "dvar2": 0, "dvar": 0, "dmean": 0, "max": 112, "var": 0, "mean": 112}, "bpm_histogram_first_peak_spread": {"dmean2": 0, "median": 0.674418568611, "min": 0.674418568611, "dvar2": 0, "dvar": 0, "dmean": 0, "max": 0.674418568611, "var": 0, "mean": 0.674418568611}, "beats_loudness_band_ratio": {"dmean2": [0.269936323166, 0.360679119825, 0.292349368334, 0.295002043247, 0.176381215453, 0.0665681287646], "median": [0.115669213235, 0.207252085209, 0.234842672944, 0.124551407993, 0.0375811979175, 0.00921953842044], "min": [0.000639184494503, 0.00792508851737, 0.00418830988929, 0.00246793217957, 0.000487489451189, 0.000200744761969], "dvar2": [0.0573761723936, 0.111115798354, 0.078446418047, 0.0763102769852, 0.053121201694, 0.0517590194941], "dvar": [0.0247858855873, 0.0354498140514, 0.0280927922577, 0.0299699101597, 0.0185242872685, 0.0174566004425], "dmean": [0.149458825588, 0.202887639403, 0.167894437909, 0.167718365788, 0.0990986600518, 0.0346466898918], "max": [0.935783684254, 0.954160153866, 0.954308688641, 0.813802063465, 0.691689670086, 0.844428360462], "var": [0.0650809332728, 0.043976791203, 0.0415054634213, 0.0355728156865, 0.0164455045015, 0.00921284966171], "mean": [0.203122764826, 0.243410363793, 0.286588639021, 0.19534163177, 0.0893936008215, 0.0275112614036]}}, "lowlevel": {"barkbands_spread": {"dmean2": 7.28438472748, "median": 12.9507980347, "min": 0.616508185863, "dvar2": 114.750930786, "dvar": 52.8942947388, "dmean": 4.63770341873, "max": 88.5470809937, "var": 166.896408081, "mean": 16.2641792297}, "melbands_spread": {"dmean2": 9.47827911377, "median": 15.3892059326, "min": 0.841953575611, "dvar2": 394.188659668, "dvar": 223.906295776, "dmean": 6.48838329315, "max": 235.836090088, "var": 628.672668457, "mean": 20.3864994049}, "hfc": {"dmean2": 7.4060997963, "median": 8.27496051788, "min": 9.09018353923e-08, "dvar2": 127.296737671, "dvar": 71.3050689697, "dmean": 5.11862230301, "max": 90.5946044922, "var": 272.39553833, "mean": 14.2670717239}, "barkbands_kurtosis": {"dmean2": 4.00884771347, "median": 1.59557962418, "min": -1.86268532276, "dvar2": 51.3178215027, "dvar": 21.6845378876, "dmean": 2.51091456413, "max": 110.159805298, "var": 69.8518829346, "mean": 3.66190195084}, "gfcc": {"mean": [-137.514526367, 116.923194885, -131.255172729, 1.06713736057, -59.2321434021, 9.74390983582, -47.3784332275, 7.6723985672, -18.6790466309, -6.98006296158, -5.98165750504, -5.55631542206, -6.87660694122], "icov": [[0.000231365818763, -0.0004325453192, 0.000653661496472, -0.000331856776029, 0.000800262903795, -0.000543166184798, 0.000873084180057, -0.00068231363548, 0.00052744691493, -0.000233234881307, 0.000174506873009, -0.0001240237616, 8.40242500999e-05], [-0.0004325453192, 0.00169017736334, -0.00116901891306, 0.000872849836014, -0.00132118351758, 0.00130343355704, -0.00206250487827, 0.00252505810931, -0.00124534172937, 0.00108327774797, -0.000704640115146, 0.00156341784168, -0.000789807643741], [0.000653661496472, -0.00116901891306, 0.00350561225787, -0.00223581236787, 0.00243647838943, -0.00105563458055, 0.00151811295655, -0.000990770175122, 0.00122002512217, -0.00163373653777, 0.00217910902575, -0.00229716324247, 0.00117769790813], [-0.000331856776029, 0.000872849836014, -0.00223581236787, 0.00500809634104, -0.000861517211888, -0.000364704901585, -0.000529234413989, 0.00160892563872, -0.00209720036946, -0.00122693600133, -0.000107542437036, 0.00217217043974, -0.00155676074792], [0.000800262903795, -0.00132118351758, 0.00243647838943, -0.000861517211888, 0.00613697152585, -0.000339077843819, 0.00106196373235, -0.00190133543219, 0.00061198574258, -0.00137385982089, 0.00097319035558, -0.000262323126663, 0.000400663004257], [-0.000543166184798, 0.00130343355704, -0.00105563458055, -0.000364704901585, -0.000339077843819, 0.00681100366637, -0.00448428932577, 0.00161204556935, 0.000766549317632, -0.00172479602043, 0.00199577771127, -0.000319819460856, -0.000277390878182], [0.000873084180057, -0.00206250487827, 0.00151811295655, -0.000529234413989, 0.00106196373235, -0.00448428932577, 0.00893086381257, -0.00347451749258, 0.00127885094844, 0.000155691101099, -0.000841058848891, -0.00253559020348, 0.00108577054925], [-0.00068231363548, 0.00252505810931, -0.000990770175122, 0.00160892563872, -0.00190133543219, 0.00161204556935, -0.00347451749258, 0.0133526371792, -0.0054318732582, 0.00160392152611, -0.000290427851724, -0.0011420508381, 0.00187959999312], [0.00052744691493, -0.00124534172937, 0.00122002512217, -0.00209720036946, 0.00061198574258, 0.000766549317632, 0.00127885094844, -0.0054318732582, 0.0141241829842, -0.00364110129885, -0.0027449966874, 0.0032374789007, -0.00357082881965], [-0.000233234881307, 0.00108327774797, -0.00163373653777, -0.00122693600133, -0.00137385982089, -0.00172479602043, 0.000155691101099, 0.00160392152611, -0.00364110129885, 0.0113962925971, -0.00152139924467, -0.000333672418492, 0.000218884903006], [0.000174506873009, -0.000704640115146, 0.00217910902575, -0.000107542437036, 0.00097319035558, 0.00199577771127, -0.000841058848891, -0.000290427851724, -0.0027449966874, -0.00152139924467, 0.0143412053585, -0.00500152399763, -0.000214241983485], [-0.0001240237616, 0.00156341784168, -0.00229716324247, 0.00217217043974, -0.000262323126663, -0.000319819460856, -0.00253559020348, -0.0011420508381, 0.0032374789007, -0.000333672418492, -0.00500152399763, 0.0175418071449, -0.00695837195963], [8.40242500999e-05, -0.000789807643741, 0.00117769790813, -0.00155676074792, 0.000400663004257, -0.000277390878182, 0.00108577054925, 0.00187959999312, -0.00357082881965, 0.000218884903006, -0.000214241983485, -0.00695837195963, 0.0163506940007]], "cov": [[42362.171875, 3976.43188477, -5297.46240234, -1032.42297363, -2496.1262207, -67.8106536865, -2275.52880859, -26.5065784454, -656.981323242, -895.777709961, -16.5701904297, -909.032043457, -46.7422370911], [3976.43188477, 2284.89453125, -838.746520996, -432.529510498, 78.2984085083, -408.343292236, -79.1968841553, -173.140899658, 26.356552124, -311.190795898, 128.363861084, -217.285140991, 44.616985321], [-5297.46240234, -838.746520996, 1913.12353516, 725.381958008, -72.3138580322, 415.170135498, 254.391921997, -81.4232940674, 4.15117692947, 366.05380249, -198.845779419, 181.452362061, -10.1211156845], [-1032.42297363, -432.529510498, 725.381958008, 603.803894043, -103.549858093, 247.81388855, 21.9979553223, -43.2565078735, 33.2931938171, 217.496139526, -101.210220337, 30.2077178955, 15.7957630157], [-2496.1262207, 78.2984085083, -72.3138580322, -103.549858093, 472.332061768, -149.187820435, 142.229110718, 23.2537612915, 81.8910675049, -16.6516017914, 59.5754089355, 10.2647294998, 8.99198532104], [-67.8106536865, -408.343292236, 415.170135498, 247.81388855, -149.187820435, 435.774230957, 104.915962219, -9.86406707764, -63.5825195312, 139.697463989, -101.402984619, 60.6553611755, -11.7411212921], [-2275.52880859, -79.1968841553, 254.391921997, 21.9979553223, 142.229110718, 104.915962219, 338.182312012, 21.037853241, 20.0432033539, 36.0833244324, 16.4126167297, 78.5481643677, 2.59561038017], [-26.5065784454, -173.140899658, -81.4232940674, -43.2565078735, 23.2537612915, -9.86406707764, 21.037853241, 131.701171875, 30.6305999756, -4.91574192047, 18.9431438446, 17.721944809, -9.20956802368], [-656.981323242, 26.356552124, 4.15117692947, 33.2931938171, 81.8910675049, -63.5825195312, 20.0432033539, 30.6305999756, 136.944854736, 32.4039497375, 41.1855659485, -8.170753479, 26.1186828613], [-895.777709961, -311.190795898, 366.05380249, 217.496139526, -16.6516017914, 139.697463989, 36.0833244324, -4.91574192047, 32.4039497375, 201.247817993, -32.9255828857, 40.4492759705, 6.02571678162], [-16.5701904297, 128.363861084, -198.845779419, -101.210220337, 59.5754089355, -101.402984619, 16.4126167297, 18.9431438446, 41.1855659485, -32.9255828857, 126.722923279, 14.0559015274, 21.6015605927], [-909.032043457, -217.285140991, 181.452362061, 30.2077178955, 10.2647294998, 60.6553611755, 78.5481643677, 17.721944809, -8.170753479, 40.4492759705, 14.0559015274, 120.60610199, 26.6910915375], [-46.7422370911, 44.616985321, -10.1211156845, 15.7957630157, 8.99198532104, -11.7411212921, 2.59561038017, -9.20956802368, 26.1186828613, 6.02571678162, 21.6015605927, 26.6910915375, 83.5199737549]]}, "spectral_energyband_middle_low": {"dmean2": 0.00705003878102, "median": 0.00586880929768, "min": 1.75530388835e-11, "dvar2": 0.000131804001285, "dvar": 6.39750724076e-05, "dmean": 0.00470135686919, "max": 0.115717865527, "var": 0.000222460992518, "mean": 0.010948240757}, "melbands_crest": {"dmean2": 5.1297712326, "median": 11.8734302521, "min": 2.96892118454, "dvar2": 21.5191268921, "dvar": 8.57433605194, "dmean": 3.242603302, "max": 35.3260612488, "var": 49.2499771118, "mean": 13.81569767}, "spectral_kurtosis": {"dmean2": 7.06549501419, "median": 8.87186050415, "min": -1.31203591824, "dvar2": 81.6318054199, "dvar": 29.3768310547, "dmean": 4.27752923965, "max": 78.5112991333, "var": 74.7642288208, "mean": 11.0009145737}, "spectral_rms": {"dmean2": 0.000947680498939, "median": 0.00333187356591, "min": 3.33555334464e-07, "dvar2": 1.55596922014e-06, "dvar": 8.98138409866e-07, "dmean": 0.0006673996686, "max": 0.0108536891639, "var": 5.78141543883e-06, "mean": 0.00338444020599}, "zerocrossingrate": {"dmean2": 0.0121698211879, "median": 0.04345703125, "min": 0.0029296875, "dvar2": 0.000406662729802, "dvar": 0.000420874857809, "dmean": 0.0109097277746, "max": 0.42578125, "var": 0.00224885088392, "mean": 0.0552159510553}, "silence_rate_60dB": {"dmean2": 0.11867364496, "median": 0, "min": 0, "dvar2": 0.117962494493, "dvar": 0.0558033026755, "dmean": 0.0593195706606, "max": 1, "var": 0.22741343081, "mean": 0.349709302187}, "erbbands_kurtosis": {"dmean2": 1.77809870243, "median": 0.441633462906, "min": -1.80474054813, "dvar2": 8.38560009003, "dvar": 3.73168921471, "dmean": 1.11988508701, "max": 68.0202941895, "var": 10.870677948, "mean": 0.985340476036}, "erbbands": {"dmean2": [0.0077696070075, 0.15814191103, 0.60274797678, 1.24624419212, 3.58130836487, 10.8882789612, 11.6674957275, 11.9845514297, 18.8618125916, 35.269203186, 47.5404777527, 53.7263259888, 33.8841819763, 31.869052887, 26.5409984589, 35.4328346252, 42.9936447144, 43.6169700623, 28.0776996613, 24.3075408936, 15.5805492401, 18.6855182648, 8.8200044632, 6.09272050858, 3.894313097, 0.698517084122, 0.380927056074, 0.583197176456, 0.574574172497, 0.643101930618, 0.833009183407, 0.899281084538, 0.664482057095, 0.36635106802, 0.119687817991, 0.0326745212078, 0.00759397493675, 0.000584484951105, 2.21421832975e-05, 1.13157720989e-05], "median": [0.00110476126429, 0.0194529723376, 0.0535059683025, 0.159474462271, 0.652667462826, 2.15529060364, 2.51053619385, 2.94056606293, 3.13593173027, 5.42833805084, 7.99471092224, 8.93839263916, 5.67565727234, 5.64049530029, 5.19968938828, 5.54738712311, 6.52905988693, 5.97480106354, 3.95849704742, 3.72547769547, 3.19586467743, 2.65993881226, 1.85771512985, 1.19720292091, 0.787042975426, 0.330255031586, 0.104664444923, 0.0837860330939, 0.0787222087383, 0.0640372484922, 0.06827673316, 0.0685481876135, 0.0534606575966, 0.025467865169, 0.00777807272971, 0.00145443622023, 0.000229743323871, 3.26452209265e-05, 1.26640206872e-05, 1.50713331095e-05], "min": [1.67244673666e-09, 7.30298399532e-09, 1.43353933169e-08, 1.00458681374e-08, 1.41177780577e-08, 1.40183145092e-08, 1.63802678088e-08, 1.9646119398e-08, 3.21923465663e-08, 2.52300687009e-08, 3.43664972036e-08, 2.67946624888e-08, 2.37801369707e-08, 2.0313608573e-08, 2.64345967338e-08, 2.16158042576e-08, 3.64598307101e-08, 2.03168717405e-08, 3.46514923422e-08, 2.51273579721e-08, 2.38367192651e-08, 3.19567590168e-08, 1.2094425017e-08, 2.27124523633e-08, 2.47373961315e-08, 1.27870096733e-08, 7.81201059397e-09, 6.49442455369e-09, 2.06134398439e-08, 7.539632918e-09, 1.2366299984e-08, 1.49478847078e-08, 5.89935922335e-09, 5.17390796873e-09, 4.6473598303e-09, 2.71881273051e-09, 1.65952507292e-09, 2.32471042416e-09, 2.01152636214e-10, 2.40331261836e-11], "dvar2": [0.000473068968859, 0.147578567266, 3.56807327271, 10.8648729324, 56.3645324707, 609.00793457, 1510.22619629, 765.147033691, 4039.96508789, 13265.1142578, 18427.7246094, 19802.40625, 9654.28222656, 6942.38916016, 7765.68359375, 8962.60644531, 9941.44238281, 12741.5585938, 7658.50146484, 9144.546875, 1727.80297852, 2041.16931152, 420.188293457, 220.209136963, 167.807723999, 3.15019083023, 1.52541303635, 6.17131662369, 7.81296110153, 9.14642333984, 18.7115325928, 22.5051879883, 10.6803827286, 3.40380001068, 0.239263221622, 0.0192606579512, 0.00171034224331, 8.83022130438e-06, 7.35832861309e-09, 2.67124239395e-10], "dvar": [0.000165316276252, 0.059369135648, 1.45690870285, 3.94439411163, 21.8721446991, 231.260375977, 777.58026123, 436.915863037, 2035.91027832, 6471.98486328, 8669.34765625, 9098.22851562, 4852.546875, 3578.57226562, 3200.30493164, 4025.91918945, 5233.68652344, 5552.97705078, 3422.64746094, 4364.14355469, 903.54675293, 974.647888184, 200.078536987, 105.231414795, 81.465133667, 1.4569144249, 0.619015097618, 2.47147750854, 3.37524795532, 4.17192745209, 8.11721229553, 10.4488306046, 5.50523805618, 1.67333388329, 0.125586539507, 0.0105133671314, 0.000816159299575, 4.15221347794e-06, 3.54442164507e-09, 1.37824779367e-10], "dmean": [0.00469171954319, 0.101425655186, 0.39399561286, 0.752704203129, 2.22419500351, 6.77516889572, 8.12434959412, 8.43783092499, 12.7338972092, 23.4063796997, 30.4841938019, 35.7913627625, 23.2707309723, 21.9375362396, 17.5767192841, 23.1257324219, 28.7429122925, 28.2123565674, 17.8676128387, 16.4699172974, 10.6368055344, 12.5734996796, 6.01474428177, 4.20635318756, 2.62917280197, 0.450228065252, 0.24776725471, 0.377767294645, 0.377566337585, 0.441015183926, 0.569203197956, 0.621007859707, 0.469337195158, 0.261665165424, 0.0869700163603, 0.0241560377181, 0.00524014187977, 0.000392428395571, 1.51819622261e-05, 7.65928416513e-06], "max": [0.335944920778, 4.56352901459, 21.7525653839, 28.7470378876, 72.3563613892, 193.280853271, 963.032958984, 720.051147461, 1064.3614502, 2175.67504883, 2444.0769043, 2493.3059082, 1264.62084961, 1202.40368652, 1861.47888184, 1353.6496582, 1165.18859863, 1187.99084473, 1427.52709961, 2391.50854492, 530.544311523, 443.454589844, 262.004333496, 194.503692627, 211.712203979, 35.2657699585, 25.6745891571, 49.2140464783, 68.1898345947, 48.6620521545, 88.5705795288, 76.9476242065, 62.7550582886, 33.9791412354, 8.86449241638, 2.99569511414, 0.980742037296, 0.0576628185809, 0.00180430116598, 0.000159525763593], "var": [0.000448956154287, 0.189471662045, 4.02691793442, 6.7349562645, 45.4034194946, 311.099151611, 2380.25927734, 2111.7421875, 3962.79614258, 17773.9785156, 13422.7783203, 25581.1542969, 9666.06640625, 8304.55664062, 4160.90869141, 6952.91259766, 12402.1630859, 9575.71191406, 5560.84765625, 8694.20214844, 2145.31665039, 2292.92773438, 553.729614258, 255.627792358, 121.391189575, 2.22845506668, 1.01364517212, 3.4065592289, 6.00038290024, 6.66495275497, 14.8671274185, 17.5243911743, 10.5163316727, 2.79543995857, 0.231067061424, 0.0190138723701, 0.00100086384919, 4.82551513414e-06, 4.73332040229e-09, 5.34480404379e-10], "mean": [0.00870299059898, 0.18595688045, 0.695906579494, 1.09207618237, 3.35010933876, 9.04246139526, 15.7658805847, 16.7398796082, 18.9254493713, 35.1183853149, 40.8091926575, 53.2885780334, 36.2987518311, 33.5635757446, 26.2986164093, 33.6309585571, 45.1084899902, 41.1842041016, 25.0660476685, 24.1827011108, 18.1669483185, 21.0655708313, 11.077340126, 7.31281518936, 3.87037444115, 0.785424053669, 0.483529955149, 0.661503434181, 0.671987652779, 0.693767309189, 0.893684625626, 0.971442162991, 0.743326067924, 0.409424930811, 0.136101856828, 0.0344406217337, 0.00590805523098, 0.000422133714892, 2.58566960838e-05, 2.20818365051e-05]}, "spectral_strongpeak": {"dmean2": 0.913134932518, "median": 0.467062234879, "min": 0, "dvar2": 1.74123859406, "dvar": 0.816100001335, "dmean": 0.592170238495, "max": 11.8222951889, "var": 2.18590402603, "mean": 1.07644462585}, "spectral_energy": {"dmean2": 0.00909781083465, "median": 0.0113789197057, "min": 1.14040631105e-10, "dvar2": 0.000184994511073, "dvar": 9.47346561588e-05, "dmean": 0.00613242108375, "max": 0.120747633278, "var": 0.000373617658624, "mean": 0.0176667422056}, "average_loudness": 0.786566197872, "spectral_rolloff": {"dmean2": 621.38269043, "median": 1033.59375, "min": 21.533203125, "dvar2": 1738791.5, "dvar": 980807.5625, "dmean": 376.55368042, "max": 10594.3359375, "var": 2619236.5, "mean": 1354.67224121}, "spectral_centroid": {"dmean2": 299.753631592, "median": 866.315185547, "min": 210.086624146, "dvar2": 217199.234375, "dvar": 130865.929688, "dmean": 208.649154663, "max": 11187.2353516, "var": 526645, "mean": 1082.4876709}, "pitch_salience": {"dmean2": 0.108992524445, "median": 0.621035218239, "min": 0.126117154956, "dvar2": 0.00905282888561, "dvar": 0.00379247148521, "dmean": 0.0693041086197, "max": 0.884753704071, "var": 0.0205281227827, "mean": 0.591634392738}, "spectral_energyband_middle_high": {"dmean2": 0.00325950607657, "median": 0.00193929392844, "min": 5.37145631793e-12, "dvar2": 3.03260403598e-05, "dvar": 1.76871526492e-05, "dmean": 0.00232518860139, "max": 0.0511489100754, "var": 6.86902276357e-05, "mean": 0.0054695662111}, "spectral_contrast_coeffs": {"dmean2": [0.0846044570208, 0.0790153816342, 0.0647552758455, 0.0558537580073, 0.0414685942233, 0.0219486244023], "median": [-0.6356959939, -0.742989480495, -0.760007858276, -0.767933189869, -0.776777625084, -0.825017809868], "min": [-0.9763661623, -0.965281784534, -0.96076130867, -0.962089896202, -0.958780527115, -0.959432959557], "dvar2": [0.00509145949036, 0.00511202402413, 0.00320849753916, 0.00241820816882, 0.0015798532404, 0.000378756783903], "dvar": [0.00224826275371, 0.00249101780355, 0.00156197091565, 0.00122098962311, 0.000993525725789, 0.000163475400768], "dmean": [0.0534769743681, 0.0511152893305, 0.0423948429525, 0.0361479371786, 0.0285114962608, 0.013732179068], "max": [-0.321723401546, -0.346732735634, -0.348857998848, -0.481804907322, -0.496113419533, -0.712802886963], "var": [0.0146657470614, 0.0131091354415, 0.00970036163926, 0.00776166748255, 0.00887778401375, 0.00120232976042], "mean": [-0.638254165649, -0.725801408291, -0.750442862511, -0.760363280773, -0.759598016739, -0.826596856117]}, "melbands_skewness": {"dmean2": 0.927347898483, "median": 1.5344748497, "min": -1.229195714, "dvar2": 0.960572659969, "dvar": 0.404092997313, "dmean": 0.612719118595, "max": 15.6760339737, "var": 4.00539684296, "mean": 2.02783679962}, "spectral_spread": {"dmean2": 861334.3125, "median": 3042863.25, "min": 726767, "dvar2": 1765738414080.0, "dvar": 1239843471360.0, "dmean": 619413.8125, "max": 41180248, "var": 6503756464130.0, "mean": 3901237.5}, "dissonance": {"dmean2": 0.0508738718927, "median": 0.451513260603, "min": 0.181212097406, "dvar2": 0.00247431430034, "dvar": 0.000954048126005, "dmean": 0.0304429437965, "max": 0.499829858541, "var": 0.00221552862786, "mean": 0.440506011248}, "spectral_skewness": {"dmean2": 0.643402099609, "median": 2.27242231369, "min": -0.238975554705, "dvar2": 0.499113827944, "dvar": 0.198248401284, "dmean": 0.401407301426, "max": 7.00867509842, "var": 0.653813898563, "mean": 2.30887651443}, "spectral_flux": {"dmean2": 0.0348490476608, "median": 0.057197406888, "min": 1.59367718879e-05, "dvar2": 0.0021747504361, "dvar": 0.00100252218544, "dmean": 0.0227942373604, "max": 0.319836378098, "var": 0.00328267482109, "mean": 0.0686236470938}, "spectral_contrast_valleys": {"dmean2": [0.669729292393, 0.632271587849, 0.550280213356, 0.501188457012, 0.399270415306, 0.402526259422], "median": [-8.61228752136, -7.14357757568, -7.73712253571, -8.12037086487, -8.82931900024, -11.2664012909], "min": [-27.5420532227, -26.87981987, -27.4235668182, -27.3258953094, -27.3432388306, -27.3292274475], "dvar2": [0.312366187572, 0.340557277203, 0.265210866928, 0.259457617998, 0.211165100336, 0.295219153166], "dvar": [0.148928418756, 0.167321324348, 0.157131686807, 0.162026360631, 0.138253107667, 0.205135941505], "dmean": [0.408740639687, 0.396913081408, 0.353883177042, 0.331383705139, 0.276326805353, 0.307849019766], "max": [-5.9224395752, -5.04913234711, -5.11398506165, -5.58022260666, -6.87298679352, -7.90732145309], "var": [3.31765842438, 4.55400466919, 4.3290553093, 4.20163822174, 3.26555895805, 3.61325478554], "mean": [-8.80589485168, -7.58690166473, -8.23277950287, -8.7141122818, -9.41336345673, -11.6054592133]}, "erbbands_flatness_db": {"dmean2": 0.0305742770433, "median": 0.202871203423, "min": 0.0215642862022, "dvar2": 0.00110741530079, "dvar": 0.000707953236997, "dmean": 0.022317526862, "max": 0.417857259512, "var": 0.00694819679484, "mean": 0.210157334805}, "spectral_energyband_high": {"dmean2": 0.000108113912574, "median": 1.57730391948e-05, "min": 5.35399155566e-12, "dvar2": 2.21234657261e-07, "dvar": 1.11972887851e-07, "dmean": 7.91115671746e-05, "max": 0.00659342948347, "var": 2.33570006003e-07, "mean": 0.000146838618093}, "spectral_entropy": {"dmean2": 0.273953080177, "median": 7.1070098877, "min": 4.46562576294, "dvar2": 0.0838112309575, "dvar": 0.0515014380217, "dmean": 0.197007477283, "max": 9.8031206131, "var": 0.439959645271, "mean": 7.15931081772}, "silence_rate_20dB": {"dmean2": 0, "median": 1, "min": 1, "dvar2": 0, "dvar": 0, "dmean": 0, "max": 1, "var": 0, "mean": 1}, "melbands_flatness_db": {"dmean2": 0.0345522910357, "median": 0.234967172146, "min": 0.0198583286256, "dvar2": 0.00125747232232, "dvar": 0.00073417252861, "dmean": 0.0244520585984, "max": 0.489311039448, "var": 0.00479992618784, "mean": 0.236412882805}, "barkbands": {"dmean2": [1.00562629086e-05, 0.000564992544241, 0.00056541187223, 0.000615430122707, 0.00234639062546, 0.00150694360491, 0.00175092951395, 0.00223083724268, 0.00235217506997, 0.00101759866811, 0.000765799661167, 0.000863126246259, 0.00114065525122, 0.000809788471088, 0.000593238743022, 0.000350101618096, 0.000350809539668, 0.000154653156642, 0.000114234251669, 1.71682368091e-05, 1.19256947073e-05, 1.62491378433e-05, 2.72711786238e-05, 4.14191636082e-05, 2.39226137637e-05, 4.99019279232e-06, 8.3954496688e-08], "median": [2.15644085984e-05, 7.00227101333e-05, 3.51186608896e-05, 4.76734603581e-05, 0.000658001343254, 0.000332326046191, 0.000215795909753, 0.000210791709833, 0.000295558362268, 0.000105867118691, 0.000114587208373, 0.000111739689601, 0.000125447433675, 7.17907605576e-05, 6.54591640341e-05, 4.15770591644e-05, 4.69563929073e-05, 2.49921558861e-05, 1.78474638233e-05, 5.26780331711e-06, 1.87167711374e-06, 2.16654143514e-06, 2.39285418502e-06, 3.30969260176e-06, 1.66517429534e-06, 1.78668216222e-07, 1.78212307134e-08], "min": [3.36381686394e-11, 4.03459418652e-11, 1.73371679426e-12, 1.61160657302e-12, 4.44575973257e-12, 2.57873843806e-12, 1.14347149371e-12, 8.26976616526e-13, 1.16132591824e-12, 6.77199236358e-13, 6.29535540451e-13, 4.87143474431e-13, 7.66393242271e-13, 4.06970870849e-13, 7.47545851176e-13, 2.79846485611e-13, 6.07064040963e-13, 1.70334978219e-13, 5.80752405801e-13, 3.13678987299e-13, 1.36626739653e-13, 4.45018127166e-13, 3.73506401589e-13, 5.38173618083e-13, 6.10965434061e-13, 8.93966107737e-13, 2.2536482229e-12], "dvar2": [4.98949270789e-10, 1.91695153262e-06, 3.40338124261e-06, 2.92239928967e-06, 2.41916459345e-05, 1.45162593981e-05, 2.99146049656e-05, 4.02883488277e-05, 3.39820944646e-05, 8.22278343549e-06, 5.43670375919e-06, 6.52541484669e-06, 6.86497969582e-06, 5.07201048094e-06, 4.34683033745e-06, 1.3590826029e-06, 6.64808567308e-07, 1.54363988258e-07, 9.63368051998e-08, 2.57821342053e-09, 1.85586723767e-09, 6.22526918903e-09, 1.8575748939e-08, 4.55424711276e-08, 1.14027418618e-08, 5.17674014766e-10, 1.57853209128e-13], "dvar": [2.23701335234e-10, 7.51805089294e-07, 1.38213579248e-06, 1.05873948542e-06, 9.79250853561e-06, 8.36718481878e-06, 1.44755258589e-05, 1.86514917004e-05, 1.55916695803e-05, 4.20940114054e-06, 2.21129903366e-06, 2.76045193459e-06, 3.25121004607e-06, 2.14811848309e-06, 1.90276011836e-06, 6.50741071695e-07, 3.15026028375e-07, 7.23122397517e-08, 4.50049775225e-08, 1.08871056614e-09, 7.71098462859e-10, 2.72640621191e-09, 8.17683964982e-09, 2.24071143862e-08, 5.83161874346e-09, 2.69039901468e-10, 7.26503411467e-14], "dmean": [6.64300887365e-06, 0.000359516532626, 0.000362900958862, 0.000368054490536, 0.00148420978803, 0.00101883418392, 0.00113705126569, 0.00140199135058, 0.00153464847244, 0.00070106133353, 0.000501180125866, 0.000544246344361, 0.000732431653887, 0.000517060456332, 0.00037729673204, 0.000235997649725, 0.000231257581618, 0.000105124810943, 7.51564657548e-05, 1.07159858089e-05, 7.76064371166e-06, 1.0975434634e-05, 1.85385069926e-05, 2.87165639747e-05, 1.76180528797e-05, 3.56383270628e-06, 5.52483108152e-08], "max": [0.00034750677878, 0.0179597232491, 0.02153140679, 0.0206990111619, 0.0418494939804, 0.110163576901, 0.0839340761304, 0.0956609323621, 0.080217897892, 0.0398261211812, 0.0413898304105, 0.0316042527556, 0.0240609683096, 0.0201839711517, 0.0272407662123, 0.0294707957655, 0.00720080733299, 0.00556540489197, 0.00408644834533, 0.00108631665353, 0.000818544474896, 0.00154893251602, 0.00239970651455, 0.00381755805574, 0.00172593584284, 0.000536755542271, 7.83877567301e-06], "var": [3.22106341599e-10, 2.34162939705e-06, 3.47405284629e-06, 2.05833202926e-06, 1.6495339878e-05, 4.02168734581e-05, 3.57758181053e-05, 3.62988430425e-05, 3.83978695027e-05, 8.38603227749e-06, 3.26258873429e-06, 3.90061768485e-06, 6.62446836941e-06, 3.2715895486e-06, 2.84087695945e-06, 1.5024249933e-06, 7.3883325058e-07, 1.59943823519e-07, 7.67412160485e-08, 1.45724809997e-09, 1.18711040997e-09, 4.66345140282e-09, 1.46575604987e-08, 3.97187598367e-08, 1.03352517655e-08, 4.18486967302e-10, 8.09638475512e-14], "mean": [2.24865743803e-05, 0.000659346114844, 0.000599505729042, 0.000486643781187, 0.00224779825658, 0.00211747200228, 0.00171364692505, 0.00181421055458, 0.00222825980745, 0.000979468459263, 0.000723925419152, 0.000717623101082, 0.001048137201, 0.00065584218828, 0.000481701979879, 0.000344782165485, 0.000383976992453, 0.000171378196683, 0.000113097172289, 1.7053074771e-05, 1.36654198286e-05, 1.92553980014e-05, 2.92965214612e-05, 4.61003146484e-05, 2.750735257e-05, 4.5324218263e-06, 6.70253612611e-08]}, "erbbands_skewness": {"dmean2": 0.608150184155, "median": 0.416668146849, "min": -3.24961972237, "dvar2": 0.346915781498, "dvar": 0.163299784064, "dmean": 0.401059657335, "max": 6.67154312134, "var": 0.710068583488, "mean": 0.419980227947}, "erbbands_spread": {"dmean2": 9.8710308075, "median": 22.23503685, "min": 1.66530048847, "dvar2": 176.121795654, "dvar": 77.6032028198, "dmean": 6.53599214554, "max": 123.102020264, "var": 374.595794678, "mean": 27.6397590637}, "melbands_kurtosis": {"dmean2": 7.59273195267, "median": 3.50404572487, "min": -1.85715270042, "dvar2": 236.194885254, "dvar": 89.7270736694, "dmean": 4.82406044006, "max": 335.205596924, "var": 500.868133545, "mean": 10.9139490128}, "melbands": {"dmean2": [0.000116795992653, 0.000273058889434, 0.000261306151515, 0.000500774942338, 0.000408011488616, 0.000274004298262, 0.000302382803056, 0.000402880541515, 0.000390432716813, 0.00035925451084, 0.000172439700691, 0.000136025424581, 9.6046453109e-05, 8.7296939455e-05, 0.000113947200589, 0.000110098619189, 8.66915215738e-05, 4.94885171065e-05, 4.75455599371e-05, 2.77971321339e-05, 1.84104883374e-05, 2.2078593247e-05, 1.31566303025e-05, 6.09580547462e-06, 5.34702940058e-06, 3.9519263737e-06, 1.41084285588e-06, 3.32615258003e-07, 2.34852009839e-07, 3.69470541273e-07, 3.54196316721e-07, 3.62905183238e-07, 3.18551570899e-07, 3.88624840753e-07, 4.66497283469e-07, 5.43671887954e-07, 6.21936351308e-07, 5.32425133315e-07, 3.94337860143e-07, 2.96929528076e-07], "median": [1.58376533363e-05, 2.88840819849e-05, 3.8150108594e-05, 0.000105846818769, 9.95559821604e-05, 6.31305301795e-05, 4.45442892669e-05, 5.60690714337e-05, 5.32264130015e-05, 4.4772583351e-05, 2.1710731744e-05, 1.91981835087e-05, 1.61827629199e-05, 1.29571908474e-05, 1.14268495963e-05, 1.22103874673e-05, 9.10913331609e-06, 5.00346686749e-06, 5.05936350237e-06, 3.86847614209e-06, 3.13518603434e-06, 2.71689032161e-06, 1.5732994143e-06, 1.14962074349e-06, 6.9927966706e-07, 5.15896999786e-07, 3.48242110704e-07, 1.10838918488e-07, 4.9517364431e-08, 4.35163620693e-08, 4.55063933202e-08, 4.53820554469e-08, 3.34291030413e-08, 3.33162262223e-08, 3.6723690755e-08, 4.20902459553e-08, 4.01701996111e-08, 3.91090040353e-08, 2.85947194811e-08, 1.88131146217e-08], "min": [1.46933281514e-11, 8.40899745669e-12, 2.44464301233e-12, 1.05197014294e-12, 5.7540192229e-13, 4.50607460416e-13, 4.67367084703e-13, 1.87735013624e-13, 2.64436720134e-13, 1.60821714019e-13, 1.15520535303e-13, 7.88863264533e-14, 8.89443819161e-14, 5.99756518321e-14, 6.88941159438e-14, 6.94614721644e-14, 3.41774744899e-14, 5.286763932