{"tonal": {"thpcp": [1, 0.790657699108, 0.519065916538, 0.363639056683, 0.26340007782, 0.245789721608, 0.288061112165, 0.306186974049, 0.293779820204, 0.253063052893, 0.205184742808, 0.208159163594, 0.225458353758, 0.206336274743, 0.219937771559, 0.3373247087, 0.463473379612, 0.419440150261, 0.28537222743, 0.283100813627, 0.489424079657, 0.701531529427, 0.726301968098, 0.599078536034, 0.40623486042, 0.288781523705, 0.280835837126, 0.329291254282, 0.471452951431, 0.618757784367, 0.577332556248, 0.428108900785, 0.338164508343, 0.360366284847, 0.533527970314, 0.847388982773], "hpcp": {"dmean2": [0.38271048665, 0.397679179907, 0.361337929964, 0.307205110788, 0.262294024229, 0.196832358837, 0.155271321535, 0.156599983573, 0.169374063611, 0.173301622272, 0.147227570415, 0.114766910672, 0.111672133207, 0.121528916061, 0.116716817021, 0.122633725405, 0.157033294439, 0.181760266423, 0.185298994184, 0.176531866193, 0.18695692718, 0.243831217289, 0.30212444067, 0.319491565228, 0.311488121748, 0.243127658963, 0.186925306916, 0.182061523199, 0.210665762424, 0.269856214523, 0.315904647112, 0.2898234725, 0.230340495706, 0.212307199836, 0.253164589405, 0.331583529711], "median": [0.0744799152017, 0.124989435077, 0.0755654275417, 0.031791806221, 0.0181592479348, 0.0152922719717, 0.0198472030461, 0.0248156357557, 0.0245044771582, 0.0227928701788, 0.0230741165578, 0.0213566441089, 0.0236049890518, 0.0247448664159, 0.0231323633343, 0.0233618281782, 0.0257306303829, 0.0244061592966, 0.0231901928782, 0.0211392827332, 0.0242949109524, 0.0403517782688, 0.0547302402556, 0.0576910413802, 0.0427954867482, 0.0272376853973, 0.0158977024257, 0.0156735721976, 0.0184820089489, 0.0240379590541, 0.0360511653125, 0.0361289605498, 0.0219201687723, 0.0165523439646, 0.0170679781586, 0.0276925824583], "min": [0, 0, 0, 0, 0, 0, 0, 0, 0, 0, 0, 0, 0, 0, 0, 0, 0, 0, 0, 0, 0, 0, 0, 0, 0, 0, 0, 0, 0, 0, 0, 0, 0, 0, 0, 0], "dvar2": [0.203182592988, 0.189511105418, 0.179857999086, 0.176637068391, 0.174605071545, 0.126822769642, 0.0840204507113, 0.0803279876709, 0.093458108604, 0.100162275136, 0.0798664465547, 0.0526513941586, 0.0507908053696, 0.0546453632414, 0.0530473105609, 0.055787794292, 0.0771046802402, 0.0994959101081, 0.108557119966, 0.101674869657, 0.0990635231137, 0.120166487992, 0.160436928272, 0.160951316357, 0.166605770588, 0.138961225748, 0.115287937224, 0.110247991979, 0.138322412968, 0.163929343224, 0.197265252471, 0.16596890986, 0.141841769218, 0.130752772093, 0.163005247712, 0.191585227847], "dvar": [0.0750859603286, 0.0737425461411, 0.0664972215891, 0.0639335736632, 0.0615757517517, 0.0448680520058, 0.03015813604, 0.0296975262463, 0.0342446528375, 0.0356483347714, 0.0284973233938, 0.0187990292907, 0.0181157365441, 0.0193999186158, 0.0186044424772, 0.019494863227, 0.0281762834638, 0.0388051904738, 0.0401180572808, 0.0355850420892, 0.0352124869823, 0.0447543226182, 0.0630692690611, 0.0628946870565, 0.0615836046636, 0.0500858426094, 0.0418950803578, 0.0405100099742, 0.0507213957608, 0.0600664056838, 0.0725320056081, 0.0600515641272, 0.0517523102462, 0.0471008606255, 0.0584741123021, 0.0692391321063], "dmean": [0.213109120727, 0.226165041327, 0.205493599176, 0.168567880988, 0.141302242875, 0.105101652443, 0.0846754387021, 0.0877041593194, 0.094192571938, 0.0957520753145, 0.0809846892953, 0.0632173344493, 0.0621665678918, 0.0672870874405, 0.0641415193677, 0.0680753365159, 0.0890064388514, 0.103708073497, 0.10345774889, 0.0961169973016, 0.101646736264, 0.137221232057, 0.173256784678, 0.181574270129, 0.173935547471, 0.13420073688, 0.101282916963, 0.0994715318084, 0.114562503994, 0.148087769747, 0.173909753561, 0.162089154124, 0.1270968467, 0.115614742041, 0.135663583875, 0.180462449789], "max": [1, 1, 1, 1, 1, 1, 1, 1, 1, 1, 1, 1, 1, 1, 1, 1, 1, 1, 1, 1, 1, 1, 1, 1, 1, 1, 1, 1, 1, 1, 1, 1, 1, 1, 1, 1], "var": [0.103175848722, 0.111399047077, 0.0881512314081, 0.0626985728741, 0.0464430525899, 0.0311775617301, 0.0230809617788, 0.0273481868207, 0.0320208482444, 0.030412144959, 0.0235691200942, 0.0149676287547, 0.0143576040864, 0.0159021094441, 0.0139647321776, 0.0150029575452, 0.0326564610004, 0.0648133829236, 0.0563883967698, 0.0292726121843, 0.0249598566443, 0.0510886646807, 0.0861703753471, 0.0890179499984, 0.0730203837156, 0.0477258265018, 0.036145478487, 0.0342251472175, 0.0424112714827, 0.0619478709996, 0.0859390348196, 0.0707327648997, 0.0568717494607, 0.0436447300017, 0.0478646717966, 0.0657083913684], "mean": [0.244800999761, 0.288888573647, 0.228411972523, 0.149952217937, 0.105051167309, 0.0760932713747, 0.0710058435798, 0.083217561245, 0.0884539186954, 0.0848696306348, 0.0731070265174, 0.0592755265534, 0.0601348057389, 0.065132342279, 0.0596081912518, 0.0635375082493, 0.0974492505193, 0.133892163634, 0.121171467006, 0.0824407786131, 0.0817845910788, 0.141389027238, 0.202664449811, 0.209820345044, 0.173066943884, 0.117356605828, 0.0834256783128, 0.0811302661896, 0.0951284766197, 0.136197373271, 0.178752049804, 0.166784778237, 0.123675771058, 0.0976918637753, 0.104105703533, 0.154130131006]}, "tuning_equal_tempered_deviation": 0.2479121387, "chords_changes_rate": 0.0779416486621, "key_key": "A", "tuning_diatonic_strength": 0.619971454144, "key_scale": "major", "chords_number_rate": 0.00129185058177, "tuning_frequency": 434.444000244, "tuning_nontempered_energy_ratio": 0.912812650204, "chords_histogram": [14.7486276627, 0.505974829197, 0.41985142231, 0.915060818195, 0.462913125753, 0.818172037601, 0, 0.064592525363, 0.0322962626815, 0.0430616848171, 3.14350295067, 8.13865852356, 1.34567773342, 0.0753579512239, 0.538271069527, 21.0141029358, 4.05856370926, 15.2115402222, 6.86833906174, 7.38507890701, 3.11120676994, 1.34567773342, 9.290558815, 0.462913125753], "key_strength": 0.681193947792, "chords_key": "D", "chords_strength": {"dmean2": 0.013532682322, "median": 0.557482779026, "min": 0.247505739331, "dvar2": 0.000139910393045, "dvar": 9.36866708798e-05, "dmean": 0.0114081418142, "max": 0.823513627052, "var": 0.0114004397765, "mean": 0.547252476215}, "chords_scale": "minor", "hpcp_entropy": {"dmean2": 1.11926829815, "median": 3.34125947952, "min": 0, "dvar2": 0.81231546402, "dvar": 0.291824549437, "dmean": 0.65929877758, "max": 4.77528333664, "var": 0.647626101971, "mean": 3.1927382946}}, "metadata": {"audio_properties": {"equal_loudness": 0, "codec": "mp3", "downmix": "mix", "sample_rate": 44100, "analysis_sample_rate": 44100, "bit_rate": 239158, "md5_encoded": "83d56f1833a1a720ce02fcad4a38dd0a", "length": 431.307769775, "replay_gain": -14.5782966614, "lossless": false}, "version": {"essentia_build_sha": "2d9f1f26377add8aeb1075a9c2973f962c4f09fd", "essentia": "2.1-beta2", "extractor": "music 1.0", "essentia_git_sha": "v2.1_beta2-1-ge3940c0"}, "tags": {"title": ["Cataclysms"], "language": ["eng"], "media": ["CD"], "albumartist": ["Supercontinent"], "musicbrainz_recordingid": ["1ff9d9f4-bae0-49c1-831a-4c29d11c785c"], "musicbrainz_albumartistid": ["9f3d9d92-4115-40f6-81b7-387c16ed9bff"], "discnumber": ["1/1"], "album": ["Vaalbara"], "musicbrainz album release country": ["US"], "musicbrainz album type": ["album"], "musicbrainz album status": ["official"], "file_name": "04 - Cataclysms.mp3", "date": ["2008-10"], "genre": ["Post Metal", "Doom Metal", "Sludge Metal"], "musicip_puid": ["917b971f-e65e-1024-40aa-811e659e230a"], "script": ["Latn"], "musicbrainz_albumid": ["0a4a896f-efd7-497b-a425-0ce1a883870e"], "artist": ["Supercontinent"], "artistsort": ["Supercontinent"], "tracknumber": ["4/9"], "label": ["Saw Her Ghost Records"], "albumartistsort": ["Supercontinent"], "musicbrainz_artistid": ["9f3d9d92-4115-40f6-81b7-387c16ed9bff"]}}, "rhythm": {"bpm_histogram_first_peak_bpm": {"dmean2": 0, "median": 161, "min": 161, "dvar2": 0, "dvar": 0, "dmean": 0, "max": 161, "var": 0, "mean": 161}, "bpm": 163.705871582, "bpm_histogram_second_peak_spread": {"dmean2": 0, "median": 0, "min": 0, "dvar2": 0, "dvar": 0, "dmean": 0, "max": 0, "var": 0, "mean": 0}, "bpm_histogram_first_peak_weight": {"dmean2": 0, "median": 0.272547096014, "min": 0.272547096014, "dvar2": 0, "dvar": 0, "dmean": 0, "max": 0.272547096014, "var": 0, "mean": 0.272547096014}, "onset_rate": 2.86096978188, "beats_position": [0.580498874187, 1.17260766029, 1.764716506, 2.35682535172, 2.94893407822, 3.55265307426, 4.14476203918, 4.73687076569, 5.32897949219, 5.90947818756, 6.48997735977, 7.07047605515, 7.63936471939, 8.20825386047, 8.77714252472, 9.34603118896, 9.91492080688, 10.4838094711, 11.0526981354, 11.6215867996, 12.1904764175, 12.7593650818, 13.328253746, 13.8855323792, 14.4428119659, 15.0233106613, 15.6038093567, 16.1843090057, 16.7648067474, 17.3453063965, 17.9025840759, 18.4714736938, 19.0403633118, 19.6092510223, 20.1665306091, 20.7354183197, 21.3159179688, 21.8964176178, 22.4653053284, 23.0341949463, 23.6030826569, 24.1719722748, 24.7524719238, 25.3097496033, 25.8670291901, 26.4243087769, 26.9815864563, 27.5388660431, 28.0961437225, 28.6534233093, 29.2223129272, 29.8028106689, 30.3717002869, 30.9521980286, 31.5326976776, 32.1131973267, 32.6820869446, 33.2509727478, 33.8314743042, 34.4119720459, 34.9924697876, 35.5613594055, 36.1302490234, 36.6991386414, 37.2680282593, 37.8253059387, 38.3941955566, 38.9630813599, 39.520362854, 40.0776405334, 40.6233100891, 41.1689796448, 41.7262573242, 42.2951469421, 42.8524246216, 43.4213142395, 43.9785919189, 44.5474815369, 45.1163711548, 45.6852607727, 46.2425384521, 46.8114280701, 47.380317688, 47.9492073059, 48.5064849854, 49.052154541, 49.5978240967, 50.1434898376, 50.6891593933, 51.2464370728, 51.8037185669, 52.3726081848, 52.941493988, 53.510383606, 54.0792732239, 54.6481628418, 55.2286605835, 55.7975502014, 56.3780479431, 56.946937561, 57.515827179, 58.0963249207, 58.6652145386, 59.2341041565, 59.8146018982, 60.3834915161, 60.9756011963, 61.5793190002, 62.1830368042, 62.7983665466, 63.4136962891, 64.0174102783, 64.621131897, 65.2248535156, 65.8169631958, 66.4206771851, 67.0127868652, 67.6048965454, 68.1970062256, 68.7891159058, 69.3812255859, 69.9733352661, 70.5654373169, 71.1691589355, 71.7612686157, 72.3533782959, 72.9454879761, 73.5375976563, 74.1297073364, 74.7334213257, 75.3371429443, 75.9292526245, 76.5213623047, 77.1250762939, 77.7287979126, 78.3325119019, 78.7620849609, 79.1916503906, 79.6212234497, 80.0391845703, 80.4455337524, 80.8518829346, 81.2582321167, 81.6529693604, 82.0593185425, 82.4540557861, 82.8487930298, 83.2435379028, 83.6382751465, 84.0214080811, 84.4161453247, 84.8108825684, 85.2172317505, 85.6235809326, 86.0299301147, 86.4246673584, 86.8194122314, 87.2141494751, 87.6088867188, 88.0036239624, 88.3983688354, 88.7814941406, 89.1646270752, 89.5477523804, 89.9308853149, 90.3256225586, 90.6971435547, 91.0802688599, 91.451789856, 91.8233108521, 92.1948318481, 92.5663452148, 92.9378662109, 93.2977752686, 93.6692962646, 94.0408172607, 94.4123306274, 94.7838516235, 95.1669845581, 95.5501098633, 95.9448471069, 96.33959198, 96.7343292236, 97.1174621582, 97.5005874634, 97.8837203979, 98.2668457031, 98.6615829468, 99.0447158813, 99.439453125, 99.8225860596, 100.205711365, 100.600448608, 100.995193481, 101.378318787, 101.77305603, 102.167800903, 102.562538147, 102.957275391, 103.352012634, 103.735145569, 104.129882813, 104.524627686, 104.919364929, 105.314102173, 105.708839417, 106.10358429, 106.498321533, 106.881446838, 107.276191711, 107.670928955, 108.065666199, 108.460403442, 108.855148315, 109.249885559, 109.644622803, 110.039360046, 110.422492981, 110.805618286, 111.200363159, 111.595100403, 111.989837646, 112.372970581, 112.767707825, 113.162445068, 113.557182312, 113.940315247, 114.33505249, 114.729797363, 115.124534607, 115.507659912, 115.890792847, 116.28553009, 116.680267334, 117.075012207, 117.469749451, 117.864486694, 118.259223938, 118.642356873, 119.025482178, 119.408615112, 119.791740417, 120.163261414, 120.546394348, 120.929519653, 121.312652588, 121.695777893, 122.078910828, 122.462036133, 122.833557129, 123.205078125, 123.58820343, 123.971336365, 124.342857361, 124.714370728, 125.097503662, 125.492240906, 125.87537384, 126.270111084, 126.653244019, 127.036369324, 127.40789032, 127.791015625, 128.17414856, 128.568893433, 128.952011108, 129.335144043, 129.718276978, 130.101409912, 130.472915649, 130.856048584, 131.239181519, 131.610702515, 131.982223511, 132.353744507, 132.736862183, 133.119995117, 133.51473999, 133.921081543, 134.327438354, 134.733779907, 135.140136719, 135.546478271, 135.952835083, 136.359176636, 136.777145386, 137.183486938, 137.58984375, 137.996185303, 138.390930176, 138.78565979, 139.180404663, 139.575149536, 139.981491089, 140.3878479, 140.782577515, 141.177322388, 141.58366394, 141.990020752, 142.396362305, 142.802719116, 143.197463989, 143.592193604, 143.986938477, 144.381668091, 144.776412964, 145.159545898, 145.554275513, 145.949020386, 146.343765259, 146.738494873, 147.133239746, 147.516372681, 147.899505615, 148.282623291, 148.677368164, 149.060501099, 149.455230713, 149.861587524, 150.256317139, 150.639450073, 151.022583008, 151.394104004, 151.765625, 152.137145996, 152.520263672, 152.903396606, 153.274917603, 153.658050537, 154.041183472, 154.424301147, 154.807434082, 155.190567017, 155.562088013, 155.933609009, 156.305114746, 156.688247681, 157.071380615, 157.45451355, 157.837631226, 158.22076416, 158.603897095, 158.987030029, 159.358551025, 159.741668701, 160.136413574, 160.519546509, 160.902679443, 161.297409058, 161.680541992, 162.052062988, 162.423583984, 162.80670166, 163.189834595, 163.572967529, 163.956100464, 164.32762146, 164.699142456, 165.070648193, 165.430557251, 165.790466309, 166.161987305, 166.533508301, 166.916641235, 167.29977417, 167.682891846, 168.06602478, 168.449157715, 168.832290649, 169.203811646, 169.586929321, 169.970062256, 170.35319519, 170.736328125, 171.107849121, 171.490966797, 171.874099731, 172.257232666, 172.640365601, 173.023483276, 173.395004272, 173.778137207, 174.149658203, 174.509567261, 174.881088257, 175.252609253, 175.624130249, 175.995635986, 176.367156982, 176.738677979, 177.098587036, 177.470108032, 177.83001709, 178.201538086, 178.584671021, 178.967803955, 179.350921631, 179.734054565, 180.1171875, 180.488708496, 180.860229492, 181.231735229, 181.614868164, 181.98638916, 182.369522095, 182.752655029, 183.135772705, 183.507293701, 183.878814697, 184.250335693, 184.621856689, 185.004989624, 185.3881073, 185.759628296, 186.131149292, 186.502670288, 186.874191284, 187.24571228, 187.617233276, 187.988754272, 188.360275269, 188.731781006, 189.091690063, 189.451599121, 189.811508179, 190.183029175, 190.542938232, 190.914459229, 191.285980225, 191.657501221, 192.029022217, 192.388931274, 192.748840332, 193.120361328, 193.491882324, 193.851791382, 194.223312378, 194.594833374, 194.954742432, 195.314651489, 195.674560547, 196.034469604, 196.394378662, 196.75428772, 197.114196777, 197.462493896, 197.822402954, 198.182312012, 198.530609131, 198.87890625, 199.238815308, 199.598724365, 199.958633423, 200.31854248, 200.690063477, 201.061584473, 201.433105469, 201.804626465, 202.164535522, 202.52444458, 202.872741699, 203.232650757, 203.592559814, 203.952468872, 204.31237793, 204.672286987, 205.032196045, 205.392105103, 205.75201416, 206.100311279, 206.448608398, 206.808517456, 207.168426514, 207.528335571, 207.888244629, 208.248153687, 208.608062744, 208.956375122, 209.304672241, 209.65296936, 210.012878418, 210.372787476, 210.732696533, 211.092605591, 211.452514648, 211.812423706, 212.183944702, 212.555465698, 212.926986694, 213.31010437, 213.693237305, 214.064758301, 214.436279297, 214.807800293, 215.179321289, 215.550842285, 215.922348022, 216.293869019, 216.665390015, 217.036911011, 217.408432007, 217.779953003, 218.139862061, 218.499771118, 218.859680176, 219.219589233, 219.579498291, 219.939407349, 220.310928345, 220.670837402, 221.03074646, 221.402267456, 221.773788452, 222.145309448, 222.516815186, 222.89994812, 223.271469116, 223.631378174, 223.991287231, 224.351196289, 224.722717285, 225.094238281, 225.465759277, 225.825668335, 226.185577393, 226.54548645, 226.905395508, 227.265304565, 227.625213623, 227.985122681, 228.345031738, 228.693328857, 229.041625977, 229.401535034, 229.761444092, 230.121353149, 230.481262207, 230.841171265, 231.201080322, 231.56098938, 231.920898438, 232.280807495, 232.640716553, 233.00062561, 233.360534668, 233.720443726, 234.080352783, 234.451873779, 234.811782837, 235.171691895, 235.531600952, 235.879898071, 236.239807129, 236.599716187, 236.971237183, 237.342758179, 237.714279175, 238.097412109, 238.468933105, 238.840454102, 239.223571777, 239.583480835, 239.955001831, 240.326522827, 240.686431885, 241.057952881, 241.441085815, 241.82421875, 242.207336426, 242.578857422, 242.950378418, 243.321899414, 243.69342041, 244.064941406, 244.436462402, 244.807983398, 245.179489136, 245.551010132, 245.934143066, 246.317276001, 246.688796997, 247.060317993, 247.431838989, 247.803344727, 248.174865723, 248.546386719, 248.917907715, 249.289428711, 249.660949707, 250.032470703, 250.415603638, 250.798721313, 251.17024231, 251.541763306, 251.913284302, 252.284805298, 252.656326294, 253.02784729, 253.399353027, 253.770874023, 254.14239502, 254.513916016, 254.89704895, 255.280181885, 255.651702881, 256.023223877, 256.406341553, 256.789459229, 257.160980225, 257.532501221, 257.904022217, 258.275543213, 258.635467529, 258.995361328, 259.343658447, 259.691955566, 260.063476563, 260.434997559, 260.806518555, 261.178039551, 261.549560547, 261.921081543, 262.281005859, 262.640899658, 263.012420654, 263.372344971, 263.73223877, 264.092163086, 264.440460205, 264.800354004, 265.148651123, 265.508575439, 265.868469238, 266.216766357, 266.576690674, 266.924987793, 267.273284912, 267.633178711, 267.993103027, 268.352996826, 268.724517822, 269.096038818, 269.467559814, 269.839080811, 270.210601807, 270.582122803, 270.953643799, 271.325164795, 271.685089111, 272.04498291, 272.404907227, 272.764801025, 273.124725342, 273.484619141, 273.856140137, 274.227661133, 274.599182129, 274.959075928, 275.319000244, 275.69052124, 276.062042236, 276.433563232, 276.805084229, 277.176605225, 277.548126221, 277.931243896, 278.314361572, 278.697509766, 279.080627441, 279.452148438, 279.823669434, 280.19519043, 280.566711426, 280.938232422, 281.309753418, 281.681274414, 282.05279541, 282.412689209, 282.784210205, 283.144134521, 283.50402832, 283.863952637, 284.223846436, 284.583770752, 284.932067871, 285.28036499, 285.640258789, 286.000183105, 286.360076904, 286.720001221, 287.091522217, 287.463043213, 287.834564209, 288.206085205, 288.565979004, 288.92590332, 289.285797119, 289.657318115, 290.017242432, 290.37713623, 290.737060547, 291.096954346, 291.468475342, 291.828399658, 292.199890137, 292.559814453, 292.919708252, 293.279632568, 293.639526367, 293.999450684, 294.359344482, 294.719268799, 295.079193115, 295.427490234, 295.775787354, 296.124084473, 296.483978271, 296.843902588, 297.192199707, 297.552093506, 297.912017822, 298.283538818, 298.655059814, 299.003356934, 299.351654053, 299.711547852, 300.071472168, 300.431365967, 300.791290283, 301.151184082, 301.511108398, 301.871002197, 302.230926514, 302.590820313, 302.950744629, 303.310638428, 303.670562744, 304.030456543, 304.401977539, 304.761901855, 305.133422852, 305.49331665, 305.853240967, 306.224761963, 306.596282959, 306.956176758, 307.327697754, 307.69921875, 308.059143066, 308.430664063, 308.802185059, 309.173675537, 309.545196533, 309.916717529, 310.288238525, 310.659759521, 311.042907715, 311.414428711, 311.77432251, 312.145843506, 312.517364502, 312.888885498, 313.272003174, 313.655151367, 314.026672363, 314.398193359, 314.769714355, 315.141204834, 315.524353027, 315.907470703, 316.290618896, 316.673736572, 317.056854248, 317.440002441, 317.834747314, 318.22946167, 318.624206543, 319.018951416, 319.413696289, 319.796813965, 320.179962158, 320.551483154, 320.93460083, 321.306121826, 321.677642822, 322.049163818, 322.420684814, 322.792205811, 323.163726807, 323.523620605, 323.895141602, 324.266662598, 324.638183594, 325.00970459, 325.381225586, 325.752746582, 326.124267578, 326.495788574, 326.87890625, 327.262023926, 327.633544922, 328.005065918, 328.376586914, 328.74810791, 329.108032227, 329.467926025, 329.839447021, 330.199371338, 330.559265137, 330.919189453, 331.279083252, 331.650604248, 332.033721924, 332.416870117, 332.788391113, 333.159912109, 333.531433105, 333.902954102, 334.274475098, 334.634368896, 334.994293213, 335.365783691, 335.737304688, 336.108825684, 336.46875, 336.828643799, 337.200164795, 337.571685791, 337.931610107, 338.291503906, 338.663024902, 339.046173096, 339.429290771, 339.800811768, 340.172332764, 340.54385376, 340.915374756, 341.286895752, 341.658416748, 342.029937744, 342.389831543, 342.749755859, 343.121276855, 343.481170654, 343.841094971, 344.212615967, 344.584106445, 344.955627441, 345.315551758, 345.675445557, 346.035369873, 346.395263672, 346.755187988, 347.115081787, 347.486602783, 347.8465271, 348.206420898, 348.577941895, 348.949462891, 349.320983887, 349.692504883, 350.064025879, 350.423950195, 350.795471191, 351.15536499, 351.526885986, 351.886810303, 352.246704102, 352.606628418, 352.966522217, 353.338043213, 353.709564209, 354.081085205, 354.440979004, 354.80090332, 355.172424316, 355.532318115, 355.903839111, 356.275360107, 356.646881104, 357.00680542, 357.378326416, 357.749847412, 358.109741211, 358.469665527, 358.829559326, 359.189483643, 359.561004639, 359.932525635, 360.304016113, 360.66394043, 361.023834229, 361.383758545, 361.755279541, 362.126800537, 362.498321533, 362.858215332, 363.229736328, 363.601257324, 364.146942139, 364.692596436, 365.23828125, 365.818756104, 366.399261475, 366.991363525, 367.583496094, 368.175598145, 368.756103516, 369.336578369, 369.91708374, 370.485992432, 371.054870605, 371.623748779, 372.192657471, 372.761535645, 373.330413818, 373.887695313, 374.444976807, 374.979034424, 375.524719238, 376.070373535, 376.627655029, 377.184936523, 377.742218018, 378.299499512, 378.868377686, 379.437286377, 380.01776123, 380.586669922, 381.155548096, 381.72442627, 382.281707764, 382.838989258, 383.384674072, 383.941955566, 384.499237061, 385.056488037, 385.613769531, 386.182678223, 386.751556396, 387.32043457, 387.877716064, 388.446624756, 389.00390625, 389.561157227, 390.118438721, 390.687347412, 391.256225586, 391.81350708, 392.370788574, 392.928070068, 393.485351563, 394.054229736, 394.62310791, 395.192016602, 395.760894775, 396.341400146, 396.91027832, 397.479187012, 398.048065186, 398.616943359, 399.174224854, 399.743133545, 400.300415039, 400.857666016, 401.426574707, 401.995452881, 402.564361572, 403.144836426, 403.725341797, 404.317443848, 404.909576416, 405.513275146, 406.128601074, 406.743927002, 407.394104004, 408.044250488, 408.69442749, 409.332977295, 409.971496582, 410.586853027, 411.202178955, 411.875549316, 412.548919678, 413.233917236, 413.918914795, 414.627105713, 415.335327148, 416.043518066, 416.763336182, 417.483154297, 418.191375732, 418.899597168, 419.607788086, 420.316009521, 421.01260376, 421.720794678, 422.394195557, 423.079162598, 423.764160156, 424.437530518, 425.110931396, 425.784301758, 426.457672119, 427.131072998, 427.827667236, 428.524261475, 429.197631836, 429.894226074, 430.567596436], "beats_loudness": {"dmean2": 0.0290282145143, "median": 0.0434962026775, "min": 0.00536522222683, "dvar2": 0.000515235064086, "dvar": 0.000185066703125, "dmean": 0.0169152095914, "max": 0.249101996422, "var": 0.000716020236723, "mean": 0.0477567873895}, "danceability": 1.15178012848, "bpm_histogram_second_peak_weight": {"dmean2": 0, "median": 0.200198218226, "min": 0.200198218226, "dvar2": 0, "dvar": 0, "dmean": 0, "max": 0.200198218226, "var": 0, "mean": 0.200198218226}, "beats_count": 1010, "bpm_histogram_second_peak_bpm": {"dmean2": 0, "median": 167, "min": 167, "dvar2": 0, "dvar": 0, "dmean": 0, "max": 167, "var": 0, "mean": 167}, "bpm_histogram_first_peak_spread": {"dmean2": 0, "median": 0.343675434589, "min": 0.343675434589, "dvar2": 0, "dvar": 0, "dmean": 0, "max": 0.343675434589, "var": 0, "mean": 0.343675434589}, "beats_loudness_band_ratio": {"dmean2": [0.226287961006, 0.175492465496, 0.0453340299428, 0.0410321056843, 0.0561556331813, 0.089514657855], "median": [0.733115553856, 0.117965966463, 0.0274582505226, 0.0241702273488, 0.0523716844618, 0.071760378778], "min": [0.0416115447879, 0.00140192022081, 0.00396515289322, 0.0023401088547, 0.00433142390102, 0.00138913374394], "dvar2": [0.0387084856629, 0.0205822344869, 0.00443878164515, 0.00359749654308, 0.00369617342949, 0.00552694732323], "dvar": [0.0132018746808, 0.00750867882743, 0.0014631251106, 0.00121360551566, 0.00124103273265, 0.00198623677716], "dmean": [0.132189780474, 0.100450776517, 0.0260325092822, 0.0237406678498, 0.0321792326868, 0.051301471889], "max": [0.981458902359, 0.534975469112, 0.694364249706, 0.430508494377, 0.426656246185, 0.316734433174], "var": [0.0243368949741, 0.00955293606967, 0.00601775106043, 0.00152340321802, 0.00147768715397, 0.00270858453587], "mean": [0.695510447025, 0.140139639378, 0.0471438877285, 0.0363513790071, 0.0615679994226, 0.0834136083722]}}, "lowlevel": {"barkbands_spread": {"dmean2": 13.0887079239, "median": 26.6475811005, "min": 2.03602409363, "dvar2": 146.265335083, "dvar": 56.109085083, "dmean": 7.95724773407, "max": 94.6963806152, "var": 134.705078125, "mean": 27.9354572296}, "melbands_spread": {"dmean2": 11.182384491, "median": 15.5938930511, "min": 1.60601127148, "dvar2": 131.016174316, "dvar": 50.5717468262, "dmean": 6.75224876404, "max": 179.704910278, "var": 113.043174744, "mean": 18.0747070313}, "hfc": {"dmean2": 7.9772734642, "median": 24.1537513733, "min": 9.93866365206e-07, "dvar2": 90.1873016357, "dvar": 41.3397521973, "dmean": 5.24870443344, "max": 275.911010742, "var": 970.761657715, "mean": 30.9582958221}, "barkbands_kurtosis": {"dmean2": 5.4030175209, "median": 3.36536598206, "min": -1.81403779984, "dvar2": 33.8853225708, "dvar": 13.5803136826, "dmean": 3.27427434921, "max": 69.3721008301, "var": 29.3629951477, "mean": 4.73724985123}, "gfcc": {"mean": [58.2508010864, 66.2028045654, -98.8297424316, 57.4722099304, -40.2831916809, 16.8270359039, -33.9454727173, 8.31363582611, -27.2921543121, -0.954955637455, -25.8389072418, -3.0802936554, -13.1812028885], "icov": [[0.00219239690341, 0.000534010061529, -0.00027600111207, 0.00120004534256, 0.000671858200803, -0.00236849673092, 0.000140692965942, 0.000669623608701, -0.00116642366629, -0.00156922033057, 0.0018971695099, -0.00135392404627, -0.000421298056608], [0.000534010061529, 0.00644445465878, 0.0032534848433, -0.00235646171495, -0.00353238964453, 0.00335218571126, -0.00232457183301, 0.00155212427489, -0.000304464861983, 0.00255871168338, -0.00540961371735, 0.00521051604301, -0.00296167121269], [-0.00027600111207, 0.0032534848433, 0.00674181617796, -0.00385429640301, -0.00463830120862, 0.00130106916185, 0.00259916926734, -0.00160491862334, 0.00163815182168, 0.00155942351557, -2.76980208582e-05, -0.00329582206905, 0.00392972351983], [0.00120004534256, -0.00235646171495, -0.00385429640301, 0.0104349153116, 0.00325932493433, -0.00576045643538, 0.00220366148278, 0.00313504645601, -0.00384394475259, 0.000676422787365, -0.00428819051012, 0.00071220024256, -0.00308461906388], [0.000671858200803, -0.00353238964453, -0.00463830120862, 0.00325932493433, 0.0125627368689, -0.000943243096117, -0.00433682324365, 0.000261393375695, 0.000550477183424, -0.00468165893108, 0.00180137204006, 0.00258001219481, -0.0029573906213], [-0.00236849673092, 0.00335218571126, 0.00130106916185, -0.00576045643538, -0.000943243096117, 0.0179719291627, -0.00511817727238, -0.00257315649651, 0.00253663770854, 0.00159133074339, -0.00456977635622, 0.00647618621588, -7.76961387601e-05], [0.000140692965942, -0.00232457183301, 0.00259916926734, 0.00220366148278, -0.00433682324365, -0.00511817727238, 0.0188033226877, -0.00507943704724, -0.00566671043634, 0.00407385174185, 0.00339584308676, -0.00630599074066, 0.00293040811084], [0.000669623608701, 0.00155212427489, -0.00160491862334, 0.00313504645601, 0.000261393375695, -0.00257315649651, -0.00507943704724, 0.0195911359042, -0.0061473865062, -0.00426075421274, 0.00191542413086, -0.000664032588247, -0.00624138396233], [-0.00116642366629, -0.000304464861983, 0.00163815182168, -0.00384394475259, 0.000550477183424, 0.00253663770854, -0.00566671043634, -0.0061473865062, 0.0246863663197, -0.00692885927856, -9.86002874015e-07, 0.00837981980294, -0.0042517716065], [-0.00156922033057, 0.00255871168338, 0.00155942351557, 0.000676422787365, -0.00468165893108, 0.00159133074339, 0.00407385174185, -0.00426075421274, -0.00692885927856, 0.0256158076227, -0.0140595827252, -0.00460318662226, 0.00651597464457], [0.0018971695099, -0.00540961371735, -2.76980208582e-05, -0.00428819051012, 0.00180137204006, -0.00456977635622, 0.00339584308676, 0.00191542413086, -9.86002874015e-07, -0.0140595827252, 0.0418888181448, -0.0225657429546, 0.00401322403923], [-0.00135392404627, 0.00521051604301, -0.00329582206905, 0.00071220024256, 0.00258001219481, 0.00647618621588, -0.00630599074066, -0.000664032588247, 0.00837981980294, -0.00460318662226, -0.0225657429546, 0.04770815745, -0.0202003065497], [-0.000421298056608, -0.00296167121269, 0.00392972351983, -0.00308461906388, -0.0029573906213, -7.76961387601e-05, 0.00293040811084, -0.00624138396233, -0.0042517716065, 0.00651597464457, 0.00401322403923, -0.0202003065497, 0.0426525250077]], "cov": [[862.236633301, -395.521270752, 146.655761719, -85.8444442749, -60.8839836121, 114.003738403, -21.0735340118, 59.7342681885, 15.9334793091, 82.2951202393, -29.1741294861, 48.8314590454, -17.6044788361], [-395.521270752, 635.731445313, -336.745605469, 28.6916217804, 95.9446182251, -75.9279937744, 111.272453308, -41.673576355, 49.2147483826, -75.1523590088, 12.8613471985, -75.6720962524, 45.4466094971], [146.655761719, -336.745605469, 463.058685303, 90.2875289917, 3.93847799301, 33.0684204102, -112.395507813, 1.32685983181, -57.1838951111, 48.0032463074, 25.9613685608, 64.2311706543, -34.8746337891], [-85.8444442749, 28.6916217804, 90.2875289917, 212.121276855, -29.7346000671, 32.214641571, -46.7816009521, -36.474822998, -2.39922118187, 0.0882042348385, 45.8281707764, 12.4195556641, 5.35733175278], [-60.8839836121, 95.9446182251, 3.93847799301, -29.7346000671, 140.654663086, -11.8301582336, 47.4713554382, 16.4133491516, 13.4303827286, 5.52600240707, -5.17731189728, -11.9938812256, 7.72018766403], [114.003738403, -75.9279937744, 33.0684204102, 32.214641571, -11.8301582336, 95.7818450928, 10.0198307037, 17.272064209, 5.50010156631, 8.66930675507, 1.88564479351, 1.67453634739, -3.83035588264], [-21.0735340118, 111.272453308, -112.395507813, -46.7816009521, 47.4713554382, 10.0198307037, 122.465461731, 37.555557251, 40.1910514832, -15.8984384537, -18.7703533173, -18.4277229309, 14.3557672501], [59.7342681885, -41.673576355, 1.32685983181, -36.474822998, 16.4133491516, 17.272064209, 37.555557251, 88.8663635254, 30.6661109924, 22.6617069244, -6.94365787506, 7.8015294075, 10.4724855423], [15.9334793091, 49.2147483826, -57.1838951111, -2.39922118187, 13.4303827286, 5.50010156631, 40.1910514832, 30.6661109924, 71.0868453979, 13.2851409912, -2.55444717407, -12.4341230392, 10.7452898026], [82.2951202393, -75.1523590088, 48.0032463074, 0.0882042348385, 5.52600240707, 8.66930675507, -15.8984384537, 22.6617069244, 13.2851409912, 82.7214279175, 31.5350093842, 29.2872505188, -4.42409276962], [-29.1741294861, 12.8613471985, 25.9613685608, 45.8281707764, -5.17731189728, 1.88564479351, -18.7703533173, -6.94365787506, -2.55444717407, 31.5350093842, 60.3856048584, 30.5641555786, 5.16653013229], [48.8314590454, -75.6720962524, 64.2311706543, 12.4195556641, -11.9938812256, 1.67453634739, -18.4277229309, 7.8015294075, -12.4341230392, 29.2872505188, 30.5641555786, 56.6744194031, 10.038936615], [-17.6044788361, 45.4466094971, -34.8746337891, 5.35733175278, 7.72018766403, -3.83035588264, 14.3557672501, 10.4724855423, 10.7452898026, -4.42409276962, 5.16653013229, 10.038936615, 37.1174201965]]}, "spectral_energyband_middle_low": {"dmean2": 0.013053663075, "median": 0.00994292832911, "min": 1.35655237044e-10, "dvar2": 0.000457617861684, "dvar": 0.000167362770298, "dmean": 0.00767654599622, "max": 0.190174266696, "var": 0.000524508126546, "mean": 0.0166974905878}, "melbands_crest": {"dmean2": 6.464615345, "median": 18.1842002869, "min": 2.36686992645, "dvar2": 26.2762832642, "dvar": 9.2742099762, "dmean": 3.81772589684, "max": 30.8717346191, "var": 21.612903595, "mean": 18.3163318634}, "spectral_kurtosis": {"dmean2": 1.22011423111, "median": 2.58134222031, "min": -0.164876788855, "dvar2": 2.15759348869, "dvar": 0.721588850021, "dmean": 0.734115600586, "max": 15.5809202194, "var": 1.91725254059, "mean": 2.77678227425}, "spectral_rms": {"dmean2": 0.00180608453229, "median": 0.00635342486203, "min": 7.67765982346e-07, "dvar2": 2.61903755927e-06, "dvar": 9.62240733315e-07, "dmean": 0.00108763284516, "max": 0.0156354960054, "var": 3.74146134163e-06, "mean": 0.00659281108528}, "zerocrossingrate": {"dmean2": 0.0138083379716, "median": 0.05859375, "min": 0.0078125, "dvar2": 0.000143076948007, "dvar": 9.14831834962e-05, "dmean": 0.0106203733012, "max": 0.302734375, "var": 0.000547137635294, "mean": 0.0617605596781}, "silence_rate_60dB": {"dmean2": 0.000161516101798, "median": 0, "min": 0, "dvar2": 0.000161463933182, "dvar": 0.00010764842591, "dmean": 0.000107671599835, "max": 1, "var": 0.000537749554496, "mean": 0.000538329011761}, "erbbands_kurtosis": {"dmean2": 0.714033544064, "median": -0.718534469604, "min": -1.79920446873, "dvar2": 0.422028332949, "dvar": 0.160954207182, "dmean": 0.432045936584, "max": 5.86962604523, "var": 0.383551687002, "mean": -0.646742999554}, "erbbands": {"dmean2": [0.167431086302, 2.88589811325, 14.269695282, 15.4979505539, 34.3020858765, 20.527765274, 8.00143241882, 7.21372938156, 7.38494586945, 6.36469268799, 8.63353633881, 24.569108963, 39.9922332764, 13.1004829407, 9.45178508759, 13.0910968781, 19.3540172577, 18.9266471863, 20.9815864563, 24.5695362091, 28.8644886017, 21.3157615662, 14.9808301926, 15.8716115952, 13.8969364166, 12.6920585632, 15.3983392715, 10.6744594574, 10.3319120407, 8.00166034698, 4.93740224838, 2.92460918427, 1.86961865425, 1.05713677406, 0.621323347092, 0.235463365912, 0.0863825529814, 0.0187343545258, 0.00194328383077, 6.54830946587e-05], "median": [0.0963914394379, 2.49797201157, 11.5129127502, 11.8672971725, 12.0509147644, 11.1140460968, 6.2121963501, 5.06088352203, 4.91890716553, 4.32732725143, 4.69995498657, 8.25021934509, 6.657310009, 6.81078529358, 7.07544326782, 8.93594741821, 9.88469600677, 8.11316013336, 16.6502113342, 22.529132843, 25.9214839935, 26.6956310272, 22.0859947205, 23.3521976471, 20.5085029602, 19.3380661011, 18.5196914673, 13.6677684784, 8.62106895447, 5.97884178162, 4.41957330704, 3.03684568405, 2.20966672897, 1.33245515823, 0.697129607201, 0.251165032387, 0.0708958432078, 0.0124770030379, 0.0011604311876, 8.62068409333e-05], "min": [5.07689940435e-12, 3.0357175107e-11, 5.54878754055e-10, 8.10716382915e-09, 2.41686812785e-08, 9.9358086203e-09, 5.05004820184e-08, 1.56901933224e-07, 1.93174770402e-07, 3.0217239555e-07, 3.86308727229e-07, 9.65612684922e-07, 4.65802429517e-07, 5.74944998277e-08, 1.09691242756e-08, 3.16945865109e-08, 7.47275450408e-08, 4.48779147177e-08, 1.14617776603e-07, 7.1234620691e-07, 2.94149742786e-07, 3.90204547784e-07, 1.40229064982e-06, 6.1773039306e-07, 1.0340576182e-06, 5.58916326554e-07, 2.8000604857e-07, 1.80466926736e-07, 1.53179229301e-07, 1.79351260954e-07, 2.1817903928e-07, 3.18305950486e-07, 1.8555967074e-07, 1.1569029823e-07, 1.01219470139e-07, 3.59175693632e-08, 1.74955232524e-08, 6.69172806056e-09, 2.4287299949e-10, 8.87428585478e-12], "dvar2": [0.0762763470411, 10.5313549042, 206.420257568, 253.834411621, 4801.57958984, 967.505981445, 74.5727386475, 73.3299179077, 118.289878845, 146.52696228, 1096.90087891, 14045.2470703, 56555.9921875, 1811.14929199, 337.772125244, 682.182434082, 2192.13598633, 6382.92285156, 2478.96118164, 4597.375, 5441.17919922, 809.695617676, 218.716690063, 212.001464844, 319.144897461, 175.601043701, 384.57989502, 174.724822998, 240.007293701, 143.615066528, 47.1702690125, 16.7091598511, 6.59135818481, 2.23074054718, 1.09774136543, 0.171112433076, 0.0277701616287, 0.00150221935473, 2.0253679395e-05, 1.34184778844e-08], "dvar": [0.0308890100569, 3.78954911232, 73.7153701782, 93.7540283203, 1745.11022949, 343.909362793, 26.5714664459, 24.6222133636, 46.5367660522, 57.5902099609, 416.467987061, 5587.44824219, 24628.7480469, 726.413330078, 125.639419556, 250.484115601, 888.113464355, 2630.06274414, 1013.55474854, 1808.73474121, 2345.9206543, 334.089050293, 80.2474517822, 75.9418182373, 118.060874939, 70.3724060059, 147.135543823, 68.1292648315, 95.58253479, 67.2460327148, 20.9185333252, 7.25033473969, 2.75427389145, 1.00238752365, 0.482728868723, 0.0801159068942, 0.0128178745508, 0.000675281859003, 8.76296780916e-06, 5.87672310814e-09], "dmean": [0.103217862546, 1.71971559525, 8.39083766937, 9.1695098877, 19.7604370117, 11.9038305283, 4.68597316742, 4.17652082443, 4.42813444138, 3.82773518562, 5.16177654266, 14.9666185379, 25.2894592285, 8.0606584549, 5.64365339279, 7.77278423309, 11.6410932541, 11.8717088699, 12.7319860458, 14.8413658142, 17.780714035, 12.7431612015, 8.88023757935, 9.36268234253, 8.29779624939, 7.73030185699, 9.34214401245, 6.51363372803, 6.38307905197, 5.30601453781, 3.25114607811, 1.91126453876, 1.19699203968, 0.690640628338, 0.403114557266, 0.153201282024, 0.0559259019792, 0.0120220351964, 0.00124408840202, 4.16044895246e-05], "max": [4.4293513298, 24.9681587219, 102.486572266, 169.738677979, 369.96585083, 201.564910889, 76.397567749, 98.4046859741, 258.080108643, 244.619186401, 805.59979248, 3049.36108398, 6733.90429688, 1820.80749512, 408.324432373, 541.135192871, 1328.58288574, 2699.91381836, 1330.94628906, 1851.68701172, 1991.94335938, 743.44708252, 185.926071167, 154.026306152, 348.176605225, 236.663406372, 181.339324951, 105.777557373, 130.352325439, 120.519920349, 54.0486068726, 33.1128768921, 30.1838321686, 29.389919281, 18.9213581085, 9.43123340607, 4.65002965927, 0.73579621315, 0.0850232839584, 0.0013717332622], "var": [0.0507912896574, 6.76596260071, 147.827224731, 157.518707275, 1404.7532959, 329.347747803, 39.7884101868, 34.1461372375, 63.2365837097, 78.5146865845, 656.839172363, 30323.9511719, 405809.875, 4300.10400391, 259.668212891, 431.707672119, 2267.59667969, 11083.7021484, 2810.19335938, 4262.12597656, 31931.8925781, 2748.99780273, 184.022186279, 157.151397705, 294.170928955, 299.484344482, 253.33454895, 117.150138855, 138.930007935, 137.084274292, 42.7764358521, 14.491689682, 6.02781391144, 2.42939710617, 0.996199965477, 0.201808005571, 0.0321912392974, 0.00176088360604, 2.2212650947e-05, 1.58443693721e-08], "mean": [0.174659371376, 3.14194130898, 14.7153367996, 15.3491821289, 22.7570075989, 16.5174102783, 7.88093519211, 6.66021299362, 7.02449798584, 6.23377656937, 8.70301151276, 39.7234764099, 121.041923523, 20.1005325317, 10.8596048355, 14.627450943, 22.5595912933, 27.3036460876, 27.5078048706, 33.7402534485, 60.3087463379, 36.7507247925, 24.5695133209, 25.6027488708, 23.6382808685, 22.7143058777, 22.3337688446, 16.4236164093, 12.8759336472, 10.2479848862, 6.56311988831, 4.13864612579, 2.83986091614, 1.72202944756, 0.930811464787, 0.374508827925, 0.128680884838, 0.0265624579042, 0.00282153906301, 0.00012942806643]}, "spectral_strongpeak": {"dmean2": 0.533382713795, "median": 0.449188172817, "min": 5.08846569574e-05, "dvar2": 0.850236594677, "dvar": 0.327444463968, "dmean": 0.311713576317, "max": 14.0276527405, "var": 2.21871852875, "mean": 0.755822181702}, "spectral_energy": {"dmean2": 0.0251285303384, "median": 0.0413751527667, "min": 6.04201244592e-10, "dvar2": 0.000589999894146, "dvar": 0.000215848252992, "dmean": 0.0149641493335, "max": 0.250580459833, "var": 0.00109674350824, "mean": 0.0483868271112}, "average_l