{"tonal": {"thpcp": [1, 0.505985856056, 0.17807534337, 0.16364338994, 0.184956744313, 0.395434617996, 0.694012284279, 0.673179328442, 0.481156378984, 0.354472726583, 0.289556205273, 0.254171133041, 0.189830586314, 0.162614136934, 0.161247700453, 0.149996101856, 0.185773089528, 0.293264895678, 0.352521181107, 0.257839947939, 0.223782122135, 0.268909901381, 0.219180881977, 0.1831920892, 0.217607423663, 0.248878464103, 0.261966139078, 0.269837349653, 0.256428152323, 0.217996120453, 0.215201288462, 0.282715439796, 0.374176025391, 0.367785155773, 0.372082978487, 0.807636737823], "hpcp": {"dmean2": [0.182128682733, 0.143915265799, 0.129194155335, 0.12677103281, 0.168410047889, 0.187666684389, 0.169298648834, 0.162521645427, 0.153521835804, 0.17623257637, 0.182927027345, 0.179213374853, 0.210489720106, 0.232769191265, 0.210371434689, 0.220618024468, 0.203763902187, 0.186182722449, 0.182993292809, 0.216556593776, 0.262405663729, 0.247969925404, 0.227961674333, 0.373358756304, 0.502736747265, 0.347334265709, 0.184907317162, 0.155716747046, 0.177089378238, 0.262055039406, 0.342195779085, 0.376068264246, 0.346806228161, 0.302780836821, 0.286596924067, 0.255565136671], "median": [0.014317789115, 0.0133079113439, 0.0122348666191, 0.0117985205725, 0.0126901753247, 0.0156746655703, 0.0141630163416, 0.0161729082465, 0.0159748643637, 0.0145226633176, 0.011932794936, 0.00968494173139, 0.0105073386803, 0.0131333069876, 0.0196568053216, 0.0267425104976, 0.025191091001, 0.0173968076706, 0.0142705310136, 0.0191446114331, 0.0276971198618, 0.0239948611706, 0.0332325510681, 0.10203563422, 0.108837477863, 0.0542073138058, 0.00897546857595, 0.00834251288325, 0.0101059377193, 0.0143318772316, 0.0286499708891, 0.0506745055318, 0.0408426970243, 0.0243869703263, 0.0165615566075, 0.0155592840165], "min": [1.02451303974e-05, 5.39583743375e-06, 6.17508703726e-07, 8.60881300468e-06, 6.56723705106e-06, 6.80812536302e-06, 7.03224486642e-06, 1.16962728498e-05, 9.67018786469e-06, 7.95538380771e-06, 6.75841965858e-06, 1.04993375771e-06, 6.43262364974e-06, 4.0392851588e-06, 4.86971293867e-06, 1.68603892234e-05, 2.58659147221e-05, 2.1092741008e-05, 1.86551314982e-05, 4.40014446212e-07, 5.69346354951e-07, 3.32486109755e-07, 4.1718499233e-06, 7.36036781745e-06, 1.33538360387e-05, 5.85634734307e-06, 2.95986978927e-07, 4.50266412599e-07, 5.75145531911e-06, 2.21815189434e-05, 2.14668980334e-05, 1.64861648955e-05, 8.81546782239e-07, 8.50913579598e-07, 1.59538394655e-05, 2.71687640634e-05], "dvar2": [0.106070905924, 0.072817876935, 0.0616475865245, 0.0598477162421, 0.101676620543, 0.102753065526, 0.0889309421182, 0.0806570723653, 0.0780810639262, 0.101575568318, 0.11291474849, 0.116737313569, 0.150428518653, 0.179745197296, 0.120197609067, 0.130644410849, 0.115636155009, 0.110855296254, 0.108052946627, 0.112236872315, 0.145130306482, 0.132295116782, 0.106132470071, 0.145295321941, 0.315013051033, 0.168366163969, 0.133654713631, 0.100391179323, 0.114319249988, 0.145695000887, 0.194723263383, 0.195306241512, 0.199377417564, 0.17934024334, 0.192102894187, 0.203100517392], "dvar": [0.0376262180507, 0.0253903921694, 0.0222522206604, 0.0213251095265, 0.0363872647285, 0.0383480675519, 0.0390817634761, 0.0303845982999, 0.0287267044187, 0.0387546718121, 0.0402325317264, 0.0416694879532, 0.0546813756227, 0.0647309273481, 0.0439758747816, 0.0460505113006, 0.0407150834799, 0.038498070091, 0.0376915894449, 0.0409898720682, 0.0533376075327, 0.0487267971039, 0.037923514843, 0.0582423992455, 0.124603994191, 0.0600071698427, 0.0459750927985, 0.0357502140105, 0.0410709157586, 0.0560332387686, 0.0835530161858, 0.0785074904561, 0.0697087347507, 0.0621228888631, 0.0653607174754, 0.0682684183121], "dmean": [0.0970763936639, 0.0777016654611, 0.0718780234456, 0.0698267817497, 0.0919203534722, 0.105288632214, 0.0965362414718, 0.0913679376245, 0.085355438292, 0.0984179005027, 0.0984188616276, 0.0958462059498, 0.112531282008, 0.124588035047, 0.115851640701, 0.120074182749, 0.112309649587, 0.101171657443, 0.0990046486259, 0.118459828198, 0.146830335259, 0.140320420265, 0.125967398286, 0.211050391197, 0.275906383991, 0.187021896243, 0.0966156497598, 0.0824732482433, 0.0948660001159, 0.145081713796, 0.197104156017, 0.2127866745, 0.193320482969, 0.163315281272, 0.151519790292, 0.135478407145], "max": [1, 1, 1, 1, 1, 1, 1, 1, 1, 1, 1, 1, 1, 1, 1, 1, 1, 1, 1, 1, 1, 1, 1, 1, 1, 1, 1, 1, 1, 1, 1, 1, 1, 1, 1, 1], "var": [0.0252214875072, 0.0170913301408, 0.0166380945593, 0.014751070179, 0.0245100762695, 0.0419535748661, 0.0717545822263, 0.0316262878478, 0.0267006456852, 0.0429126098752, 0.029359837994, 0.0270455870777, 0.036925457418, 0.0444313660264, 0.0355684198439, 0.0339384265244, 0.0298956111073, 0.0261884145439, 0.0264611840248, 0.0369709394872, 0.0480760708451, 0.0478824041784, 0.0473586767912, 0.10103508085, 0.167725116014, 0.0538365021348, 0.027944047004, 0.0242516156286, 0.0280574113131, 0.0589921250939, 0.128616377711, 0.104889459908, 0.0692150741816, 0.0493955425918, 0.0446104928851, 0.0440945327282], "mean": [0.0667286366224, 0.0571615993977, 0.0566812716424, 0.052726149559, 0.0653023570776, 0.103087536991, 0.123917110264, 0.0906350687146, 0.0786631703377, 0.0945263430476, 0.0770457610488, 0.0643950924277, 0.0764926597476, 0.0874849557877, 0.0920854955912, 0.0948523581028, 0.0901388004422, 0.0766292959452, 0.0756468623877, 0.0993792265654, 0.131529152393, 0.129282653332, 0.130793407559, 0.28389787674, 0.351516783237, 0.177862510085, 0.0625964701176, 0.0575233995914, 0.0650153979659, 0.139001905918, 0.243956968188, 0.236633822322, 0.169134542346, 0.124603115022, 0.1017838642, 0.0893454179168]}, "tuning_equal_tempered_deviation": 0.206371724606, "chords_changes_rate": 0.104159504175, "key_key": "F", "tuning_diatonic_strength": 0.495801150799, "key_scale": "minor", "chords_number_rate": 0.00412512896582, "tuning_frequency": 434.193115234, "tuning_nontempered_energy_ratio": 0.821968197823, "chords_histogram": [10.1409416199, 0, 6.01581287384, 0.515641093254, 3.78136825562, 1.34066689014, 12.8566513062, 1.54692339897, 0, 33.1041603088, 10.0034379959, 8.18150520325, 0, 0, 0, 2.61258172989, 5.5689239502, 0.171880364418, 0, 0, 0, 0, 0, 4.15950489044], "key_strength": 0.543094277382, "chords_key": "C", "chords_strength": {"dmean2": 0.0140517633408, "median": 0.416624128819, "min": 0.216522186995, "dvar2": 0.000170532017364, "dvar": 9.58767850534e-05, "dmean": 0.0103635247797, "max": 0.586638867855, "var": 0.00479673221707, "mean": 0.415848076344}, "chords_scale": "major", "hpcp_entropy": {"dmean2": 1.32027626038, "median": 2.17816591263, "min": 0.033290579915, "dvar2": 1.27854788303, "dvar": 0.515276193619, "dmean": 0.79229080677, "max": 4.48173856735, "var": 1.1904386282, "mean": 2.07857108116}}, "metadata": {"audio_properties": {"equal_loudness": 0, "codec": "flac", "downmix": "mix", "sample_rate": 44100, "analysis_sample_rate": 44100, "bit_rate": 0, "md5_encoded": "8881e0c245912cdf32369bdac84b5e81", "length": 135.013336182, "replay_gain": -12.8616390228, "lossless": true}, "version": {"essentia_build_sha": "2d9f1f26377add8aeb1075a9c2973f962c4f09fd", "essentia": "2.1-beta2", "extractor": "music 1.0", "essentia_git_sha": "v2.1_beta2-1-ge3940c0"}, "tags": {"title": ["Solve It (original mix)"], "barcode": ["602517636590"], "media": ["CD"], "albumartist": ["Tommy Trash & Stafford Brothers"], "tracktotal": ["21"], "musicbrainz_releasegroupid": ["002429b3-3b6a-3a61-95ce-ad2a1d89f273"], "releasetype": ["album", "compilation", "dj-mix"], "musicbrainz_recordingid": ["1ffa7f34-6bc0-499f-b6a0-97d86c868668"], "musicbrainz_albumartistid": ["e2b65c5b-c2a6-4f62-9c67-dbadcaa5955b", "5c35448f-423b-4b71-be35-ee4d4fedd1ef"], "originalyear": ["2008"], "djmixer": ["Stafford Brothers"], "musicbrainz_releasetrackid": ["41ab0407-21a4-3c86-ace0-579be516df5f"], "discnumber": ["2"], "totaldiscs": ["2"], "catalognumber": ["MOSA078"], "releasecountry": ["AU"], "file_name": "32261e714d8bb6302d623e323dee.flac", "originaldate": ["2008-03-22"], "albumartistsort": ["Trash, Tommy & Stafford Brothers"], "date": ["2008-03-22"], "genre": ["Electronic And Space Music"], "disctotal": ["2"], "discsubtitle": ["Mixed by Stafford Brothers"], "musicbrainz_artistid": ["c4f38299-7d27-4a9c-8c54-7afe567dcbc0"], "asin": ["B0015I2NEC"], "musicbrainz_albumid": ["056b4693-f5ee-484d-bbff-6f2318ffab93"], "artist": ["Dave Robertson"], "tracknumber": ["8"], "artistsort": ["Robertson, Dave"], "album": ["Ministry of Sound: Electro House Sessions 2"], "label": ["Ministry of Sound (Australia)"], "releasestatus": ["official"], "acoustid_id": ["10d43226-1e71-4d8b-b630-2d623e323dee"], "script": ["Latn"], "totaltracks": ["21"]}}, "rhythm": {"bpm_histogram_first_peak_bpm": {"dmean2": 0, "median": 129, "min": 129, "dvar2": 0, "dvar": 0, "dmean": 0, "max": 129, "var": 0, "mean": 129}, "bpm": 128.175476074, "bpm_histogram_second_peak_spread": {"dmean2": 0, "median": 0, "min": 0, "dvar2": 0, "dvar": 0, "dmean": 0, "max": 0, "var": 0, "mean": 0}, "bpm_histogram_first_peak_weight": {"dmean2": 0, "median": 0.653846144676, "min": 0.653846144676, "dvar2": 0, "dvar": 0, "dmean": 0, "max": 0.653846144676, "var": 0, "mean": 0.653846144676}, "onset_rate": 6.69452857971, "beats_position": [0.46439909935, 0.940408170223, 1.4164172411, 1.88081634045, 2.34521532059, 2.80961441994, 3.29723358154, 3.76163268089, 4.22603178024, 4.69043064117, 5.15482997894, 5.630838871, 6.10684776306, 6.57124710083, 7.03564596176, 7.50004529953, 7.97605419159, 8.44045352936, 8.91646194458, 9.38086128235, 9.84526062012, 10.3096599579, 10.7972784042, 11.261677742, 11.7260770798, 12.1904764175, 12.6548748016, 13.1308841705, 13.6068935394, 14.0712919235, 14.5356912613, 15.0000905991, 15.4760990143, 15.9404983521, 16.4165077209, 16.8809070587, 17.3453063965, 17.8097057343, 18.2973232269, 18.7617225647, 19.2261219025, 19.6905212402, 20.154920578, 20.6309299469, 21.1069393158, 21.5713367462, 22.035736084, 22.5001354218, 22.9761447906, 23.4405441284, 23.9165534973, 24.3809528351, 24.8453502655, 25.3097496033, 25.7973690033, 26.2617683411, 26.7261676788, 27.1905670166, 27.6549663544, 28.1193637848, 28.5953731537, 29.0597724915, 29.5357818604, 30.0001811981, 30.476190567, 30.9405899048, 31.4165973663, 31.8809967041, 32.3453979492, 32.8097953796, 33.2974128723, 33.7618141174, 34.2262115479, 34.690612793, 35.1550102234, 35.6310195923, 36.1070289612, 36.5714263916, 37.0358276367, 37.5002250671, 37.976234436, 38.4406356812, 38.91664505, 39.3810424805, 39.8454399109, 40.309841156, 40.7974586487, 41.2618598938, 41.7262573242, 42.1906585693, 42.6550559998, 43.1310653687, 43.6070747375, 44.071472168, 44.5358734131, 45.0002708435, 45.4762802124, 45.9406776428, 46.4166870117, 46.8810882568, 47.3454856873, 47.8214950562, 48.297504425, 48.7619056702, 49.2263031006, 49.690700531, 50.1667098999, 50.631111145, 51.1071205139, 51.5715179443, 52.0359191895, 52.5003166199, 52.9763259888, 53.4523353577, 53.9167327881, 54.3811340332, 54.8455314636, 55.3099327087, 55.7975502014, 56.2619476318, 56.726348877, 57.1907463074, 57.6551475525, 58.1311569214, 58.6071662903, 59.0715637207, 59.5359611511, 60.0003623962, 60.4763717651, 60.952381134, 61.4167785645, 61.8811798096, 62.34557724, 62.8099746704, 63.2975959778, 63.7619934082, 64.2263946533, 64.6907958984, 65.1551895142, 65.6312026978, 66.107208252, 66.5716094971, 67.0360107422, 67.5004043579, 67.964805603, 68.4408187866, 68.9168243408, 69.3812255859, 69.8456192017, 70.3100204468, 70.7976379395, 71.2620391846, 71.7264404297, 72.1908340454, 72.6552352905, 73.1312484741, 73.6072540283, 74.0716552734, 74.5360565186, 75.0004501343, 75.4764633179, 75.9524688721, 76.4168701172, 76.8812713623, 77.345664978, 77.8100662231, 78.2860794067, 78.7620849609, 79.2264862061, 79.6908798218, 80.1552810669, 80.6312942505, 81.1072998047, 81.5717010498, 82.0360946655, 82.5004959106, 82.9765090942, 83.4525146484, 83.9169158936, 84.3813171387, 84.8457107544, 85.3101119995, 85.7861175537, 86.2621307373, 86.7265319824, 87.1909255981, 87.6553268433, 88.1313400269, 88.6073455811, 89.0717468262, 89.5361404419, 90.000541687, 90.4765548706, 90.9525604248, 91.4169616699, 91.8813552856, 92.3457565308, 92.8101577759, 93.2861633301, 93.7621765137, 94.2265777588, 94.6909713745, 95.1553726196, 95.6313781738, 96.1073913574, 96.5717926025, 97.0361862183, 97.5005874634, 97.976600647, 98.4526062012, 98.9170074463, 99.381401062, 99.8458023071, 100.310203552, 100.786209106, 101.26222229, 101.726615906, 102.191017151, 102.655418396, 103.13142395, 103.607437134, 104.071838379, 104.536231995, 105.00063324, 105.476638794, 105.952651978, 106.417053223, 106.881446838, 107.345848083, 107.810249329, 108.286254883, 108.762268066, 109.226661682, 109.691062927, 110.155464172, 110.631469727, 111.10748291, 111.571876526, 112.036277771, 112.500679016, 112.97668457, 113.452697754, 113.917098999, 114.381492615, 114.84589386, 115.310295105, 115.786300659, 116.262313843, 116.726707458, 117.191108704, 117.655509949, 118.131515503, 118.607528687, 119.071922302, 119.536323547, 120.000724792, 120.476730347, 120.95274353, 121.417137146, 121.881538391, 122.345939636, 122.810340881, 123.286346436, 123.762359619, 124.226753235, 124.69115448, 125.155555725, 125.631561279, 126.107574463, 126.571968079, 127.036369324, 127.500770569, 127.976776123, 128.452789307, 128.917190552, 129.381591797, 129.845977783, 130.310379028, 130.774780273, 131.250793457, 131.726806641, 132.191192627, 132.655593872, 133.119995117, 133.596008301, 134.072021484, 134.536407471], "beats_loudness": {"dmean2": 0.0366386882961, "median": 0.0971872732043, "min": 0.0156265124679, "dvar2": 0.000939237768762, "dvar": 0.000289619114483, "dmean": 0.0226166732609, "max": 0.184115082026, "var": 0.000851152290124, "mean": 0.0973276868463}, "danceability": 1.73230338097, "bpm_histogram_second_peak_weight": {"dmean2": 0, "median": 0.0314685329795, "min": 0.0314685329795, "dvar2": 0, "dvar": 0, "dmean": 0, "max": 0.0314685329795, "var": 0, "mean": 0.0314685329795}, "beats_count": 287, "bpm_histogram_second_peak_bpm": {"dmean2": 0, "median": 123, "min": 123, "dvar2": 0, "dvar": 0, "dmean": 0, "max": 123, "var": 0, "mean": 123}, "bpm_histogram_first_peak_spread": {"dmean2": 0, "median": 0.324909776449, "min": 0.324909776449, "dvar2": 0, "dvar": 0, "dmean": 0, "max": 0.324909776449, "var": 0, "mean": 0.324909776449}, "beats_loudness_band_ratio": {"dmean2": [0.111211694777, 0.103408165276, 0.0376838818192, 0.0149183310568, 0.0143909556791, 0.0694585517049], "median": [0.919904768467, 0.0396382547915, 0.00754251610488, 0.00383612746373, 0.00510959001258, 0.0116115976125], "min": [0.320788174868, 0.00459994236007, 0.000319301150739, 0.000137487979373, 0.000156294699991, 0.000212433296838], "dvar2": [0.0102537469938, 0.0098297894001, 0.00535958539695, 0.000207442353712, 0.000168966755155, 0.0033273040317], "dvar": [0.00391507335007, 0.00312422146089, 0.00231563486159, 7.19124363968e-05, 5.58933388675e-05, 0.000905555032659], "dmean": [0.0641776621342, 0.0548703148961, 0.0224180836231, 0.00800261646509, 0.00759212858975, 0.0349921025336], "max": [0.994041144848, 0.346163719893, 0.527810633183, 0.0576000809669, 0.0805851593614, 0.163875520229], "var": [0.0121046220884, 0.00302048376761, 0.00594311859459, 0.000108657543024, 8.95105840755e-05, 0.000880102161318], "mean": [0.891319334507, 0.05965520069, 0.0322707481682, 0.00842735730112, 0.00776918511838, 0.023698259145]}}, "lowlevel": {"barkbands_spread": {"dmean2": 14.3616638184, "median": 12.3404321671, "min": 0.0868182331324, "dvar2": 297.255065918, "dvar": 153.010192871, "dmean": 9.2105922699, "max": 117.01978302, "var": 298.565704346, "mean": 17.2143192291}, "melbands_spread": {"dmean2": 12.1749200821, "median": 8.50539398193, "min": 0.147876814008, "dvar2": 258.076904297, "dvar": 103.468086243, "dmean": 7.41063642502, "max": 93.5045166016, "var": 166.100418091, "mean": 12.7461423874}, "hfc": {"dmean2": 20.3205242157, "median": 15.0194625854, "min": 0.0023130113259, "dvar2": 895.678894043, "dvar": 364.588134766, "dmean": 12.8438148499, "max": 179.757827759, "var": 425.766113281, "mean": 21.4965057373}, "barkbands_kurtosis": {"dmean2": 44.3046913147, "median": 8.11128902435, "min": -1.88849329948, "dvar2": 20283.9179688, "dvar": 9231.15429688, "dmean": 29.7655639648, "max": 1894.64404297, "var": 12167.1855469, "mean": 35.2054481506}, "gfcc": {"mean": [-1.24912571907, 74.5317382813, -81.4954147339, 27.8519058228, -47.1837654114, 3.07667899132, -32.9049110413, 0.359917640686, -16.5675525665, 2.03139734268, -15.4682855606, 1.01861226559, -7.50706768036], "icov": [[0.000295064208331, 0.000221065522055, 9.76259907475e-05, -0.000160007330123, -6.45454492769e-05, -0.000146545629832, 0.000401539524319, -9.80935656116e-05, -6.95824928698e-05, 0.000309231632855, 0.000227958444157, -0.000186620032764, 0.00062434526626], [0.000221065522055, 0.00122187554371, -0.00017336885503, -5.3779338316e-08, -0.000887139060069, 0.000700510921888, -0.000364749314031, -6.49625580991e-05, -0.000388748565456, 0.00164658075664, -0.000969764194451, 0.00132047443185, -0.000126305691083], [9.76259907475e-05, -0.00017336885503, 0.00117955147289, -0.000840236374643, 5.28796372237e-05, -0.000446522812126, -0.000818920962047, 0.00144705630373, -0.00070247502299, -0.000516062311362, 0.00165484391619, -0.000986234634183, 0.000751958054025], [-0.000160007330123, -5.3779338316e-08, -0.000840236374643, 0.00285528716631, -0.00124789879192, -0.000345339853084, 0.00118713558186, -0.000481230963487, -0.000374785508029, 0.000803908100352, -0.0022391253151, 0.000690665736329, 0.000281319691567], [-6.45454492769e-05, -0.000887139060069, 5.28796372237e-05, -0.00124789879192, 0.00477072549984, -0.00214349734597, -0.00157429045066, -0.000719117175322, 0.000911601935513, 0.000640605110675, 0.000513681326993, -0.00163965462707, -0.000910328468308], [-0.000146545629832, 0.000700510921888, -0.000446522812126, -0.000345339853084, -0.00214349734597, 0.0106988130137, -0.00652020936832, 0.000561909051612, -3.61277889169e-05, -0.0026326761581, 0.00227996543981, -0.0013560638763, 0.00271512567997], [0.000401539524319, -0.000364749314031, -0.000818920962047, 0.00118713558186, -0.00157429045066, -0.00652020936832, 0.0177668221295, -0.0115133263171, -4.98840418004e-05, 0.00250245933421, -0.00600032135844, 0.00664629274979, 0.000620185746811], [-9.80935656116e-05, -6.49625580991e-05, 0.00144705630373, -0.000481230963487, -0.000719117175322, 0.000561909051612, -0.0115133263171, 0.0232524778694, -0.00989395007491, -0.00484205549583, 0.0114134578034, -0.00980735011399, 0.00330685311928], [-6.95824928698e-05, -0.000388748565456, -0.00070247502299, -0.000374785508029, 0.000911601935513, -3.61277889169e-05, -4.98840418004e-05, -0.00989395007491, 0.0208341162652, -0.00501373130828, -0.00750692235306, 0.0102733019739, -0.00865908898413], [0.000309231632855, 0.00164658075664, -0.000516062311362, 0.000803908100352, 0.000640605110675, -0.0026326761581, 0.00250245933421, -0.00484205549583, -0.00501373130828, 0.0234769061208, -0.00842988025397, -0.005997128319, 0.00426501827314], [0.000227958444157, -0.000969764194451, 0.00165484391619, -0.0022391253151, 0.000513681326993, 0.00227996543981, -0.00600032135844, 0.0114134578034, -0.00750692235306, -0.00842988025397, 0.0266871117055, -0.00819214899093, -0.00741216354072], [-0.000186620032764, 0.00132047443185, -0.000986234634183, 0.000690665736329, -0.00163965462707, -0.0013560638763, 0.00664629274979, -0.00980735011399, 0.0102733019739, -0.005997128319, -0.00819214899093, 0.0245170406997, -0.0101592931896], [0.00062434526626, -0.000126305691083, 0.000751958054025, 0.000281319691567, -0.000910328468308, 0.00271512567997, 0.000620185746811, 0.00330685311928, -0.00865908898413, 0.00426501827314, -0.00741216354072, -0.0101592931896, 0.0263328887522]], "cov": [[6660.04736328, -2330.05102539, -632.830627441, -125.744873047, -420.226409912, 25.1751499176, -447.735931396, -71.3027496338, -370.93560791, 13.5955076218, -316.022338867, 147.867599487, -303.37689209], [-2330.05102539, 2487.29882813, 737.234924316, 414.794250488, 619.93347168, 102.118110657, 391.278411865, 74.0963668823, 215.182159424, -169.387130737, 86.5283813477, -239.056991577, 64.3939361572], [-632.830627441, 737.234924316, 1861.89453125, 643.557067871, 548.616271973, 413.083068848, 382.949493408, 153.139770508, 90.7191009521, -22.7324752808, -103.04864502, -101.895172119, -128.183776855], [-125.744873047, 414.794250488, 643.557067871, 696.227233887, 364.452758789, 180.703613281, 157.818969727, 66.421081543, 68.2691040039, -13.8805685043, 17.181180954, -34.5470428467, -22.7300949097], [-420.226409912, 619.93347168, 548.616271973, 364.452758789, 647.001647949, 312.043304443, 322.443664551, 178.575500488, 85.946472168, -13.3829593658, -25.3076171875, -44.7155265808, -40.3948440552], [25.1751499176, 102.118110657, 413.083068848, 180.703613281, 312.043304443, 371.119659424, 273.440856934, 176.279373169, 51.0306091309, 30.754365921, -68.1111450195, -29.3186702728, -88.5722198486], [-447.735931396, 391.278411865, 382.949493408, 157.818969727, 322.443664551, 273.440856934, 355.23449707, 199.220199585, 108.197120667, 12.3336439133, -26.9314651489, -65.3929367065, -49.7886161804], [-71.3027496338, 74.0963668823, 153.139770508, 66.421081543, 178.575500488, 176.279373169, 199.220199585, 197.463867188, 77.8128738403, 41.1912117004, -34.9340591431, -2.92642235756, -36.5747833252], [-370.93560791, 215.182159424, 90.7191009521, 68.2691040039, 85.946472168, 51.0306091309, 108.197120667, 77.8128738403, 141.744049072, 34.0060882568, 51.9178619385, -19.4249858856, 40.1183662415], [13.5955076218, -169.387130737, -22.7324752808, -13.8805685043, -13.3829593658, 30.754365921, 12.3336439133, 41.1912117004, 34.0060882568, 95.6941604614, 36.5934562683, 50.7049026489, 16.111246109], [-316.022338867, 86.5283813477, -103.04864502, 17.181180954, -25.3076171875, -68.1111450195, -26.9314651489, -34.9340591431, 51.9178619385, 36.5934562683, 129.128814697, 41.9492874146, 85.5126800537], [147.867599487, -239.056991577, -101.895172119, -34.5470428467, -44.7155265808, -29.3186702728, -65.3929367065, -2.92642235756, -19.4249858856, 50.7049026489, 41.9492874146, 116.462211609, 44.1502914429], [-303.37689209, 64.3939361572, -128.183776855, -22.7300949097, -40.3948440552, -88.5722198486, -49.7886161804, -36.5747833252, 40.1183662415, 16.111246109, 85.5126800537, 44.1502914429, 114.568122864]]}, "spectral_energyband_middle_low": {"dmean2": 0.0161502547562, "median": 0.013167232275, "min": 2.59006043279e-07, "dvar2": 0.00073457788676, "dvar": 0.000269019423285, "dmean": 0.00966257601976, "max": 0.130351886153, "var": 0.000314223783789, "mean": 0.0183986183256}, "melbands_crest": {"dmean2": 6.84010696411, "median": 18.909324646, "min": 3.57316446304, "dvar2": 37.485370636, "dvar": 15.3963832855, "dmean": 4.27937507629, "max": 36.6742362976, "var": 50.087059021, "mean": 19.3127937317}, "spectral_kurtosis": {"dmean2": 4.49627304077, "median": 3.95931482315, "min": -0.201294466853, "dvar2": 117.516342163, "dvar": 55.9977607727, "dmean": 2.96440649033, "max": 223.191558838, "var": 85.377532959, "mean": 6.10884904861}, "spectral_rms": {"dmean2": 0.00168577814475, "median": 0.00607340363786, "min": 2.86519425572e-05, "dvar2": 3.66788344763e-06, "dvar": 1.55024724791e-06, "dmean": 0.00112761324272, "max": 0.0138438027352, "var": 5.12876022185e-06, "mean": 0.00621840311214}, "zerocrossingrate": {"dmean2": 0.0193827673793, "median": 0.03564453125, "min": 0.001953125, "dvar2": 0.000627067289315, "dvar": 0.000530613586307, "dmean": 0.0163073334843, "max": 0.3515625, "var": 0.00180188100785, "mean": 0.0458430275321}, "silence_rate_60dB": {"dmean2": 0.0295837633312, "median": 0, "min": 0, "dvar2": 0.0338681563735, "dvar": 0.0145709067583, "dmean": 0.0147893382236, "max": 1, "var": 0.020372165367, "mean": 0.0208046771586}, "erbbands_kurtosis": {"dmean2": 3.89124083519, "median": -0.0152449067682, "min": -1.78540277481, "dvar2": 46.6665802002, "dvar": 20.490858078, "dmean": 2.47929382324, "max": 56.9500656128, "var": 39.6312141418, "mean": 2.21577739716}, "erbbands": {"dmean2": [0.386636793613, 3.80869889259, 10.9818820953, 11.4724121094, 30.4274673462, 29.8242282867, 21.1351356506, 26.9640922546, 18.1976928711, 14.3413324356, 23.2552890778, 59.6720809937, 20.1076717377, 18.6438751221, 18.3723583221, 20.3136196136, 25.0982379913, 24.5623683929, 28.893409729, 18.8600292206, 27.0498962402, 32.4075202942, 24.5977993011, 17.5069465637, 13.1382884979, 10.1946554184, 8.5130815506, 9.27342414856, 12.2975749969, 7.04818439484, 5.25536108017, 3.73644566536, 1.97170233727, 1.56447446346, 1.01388347149, 1.01981091499, 0.509554386139, 0.119392551482, 0.0149959241971, 0.000606960617006], "median": [0.147175014019, 1.54553723335, 2.22503018379, 2.07448029518, 5.88800048828, 7.12082958221, 13.0571613312, 9.69017219543, 5.84335803986, 3.21794605255, 5.34362888336, 14.6688117981, 5.24445915222, 2.55670213699, 2.9598736763, 3.62327384949, 6.75097703934, 4.66983985901, 6.91924762726, 6.89343547821, 6.83167171478, 7.28455305099, 5.32131004333, 4.41064023972, 4.53311157227, 3.94072151184, 3.45731210709, 3.36701202393, 2.8860270977, 2.31271934509, 1.70765423775, 1.11674177647, 0.604401290417, 0.391180157661, 0.189226746559, 0.0776522904634, 0.0323807224631, 0.00868771132082, 0.00192930782214, 0.000250966753811], "min": [3.89700893777e-08, 6.39228630916e-07, 2.77481331068e-06, 2.61042932834e-05, 6.91257446306e-05, 6.38885976514e-05, 0.000146918333485, 0.000253485137364, 0.000481634779135, 0.000620172126219, 0.000470391416457, 0.000695220020134, 0.000591200601775, 0.00085861311527, 0.000731157022528, 0.000903954845853, 0.00074104097439, 0.000529275916051, 0.000697857001796, 0.000870261865202, 0.000902390340343, 0.000614663469605, 0.000727992039174, 0.000638918136247, 0.00101788481697, 0.000601701089181, 0.000559803214855, 0.000436740607256, 0.000323082669638, 0.000282375200186, 0.000255843100604, 0.000159237504704, 9.12686155061e-05, 5.51375160285e-05, 3.7441670429e-05, 2.35503666772e-05, 1.413895734e-05, 1.76363437276e-06, 1.74582942236e-06, 1.40252453207e-07], "dvar2": [0.491539657116, 42.516204834, 534.139892578, 493.464477539, 4166.11572266, 2349.8972168, 1792.53369141, 2934.07592773, 1577.46179199, 767.86529541, 1595.38354492, 20787.3984375, 1037.83691406, 1376.82775879, 1440.50305176, 1335.3951416, 2522.85473633, 2357.20458984, 2821.53149414, 991.376403809, 3060.19238281, 4864.62792969, 2680.64648438, 837.196228027, 411.09664917, 242.408309937, 182.462936401, 248.762832642, 634.284606934, 145.223602295, 75.8126068115, 35.5466690063, 11.5619897842, 10.1824302673, 3.46544027328, 3.90169906616, 1.6537719965, 0.133535414934, 0.00205028289929, 1.13974545002e-06], "dvar": [0.200331643224, 19.3704776764, 204.61946106, 210.472351074, 1479.89916992, 845.705688477, 698.036499023, 1656.72351074, 577.640441895, 266.982147217, 641.936706543, 7920.87695313, 380.616729736, 485.23739624, 517.078918457, 554.674743652, 999.779785156, 852.518981934, 1033.26586914, 365.673431396, 1103.40673828, 1743.01086426, 950.467041016, 304.216064453, 156.32460022, 93.3420333862, 73.2979812622, 102.943733215, 238.769470215, 59.896320343, 30.2652378082, 14.6198043823, 5.05024766922, 4.45415782928, 1.65394973755, 1.69753754139, 0.675906896591, 0.0594561994076, 0.000909301394131, 4.93988636663e-07], "dmean": [0.273703753948, 2.59199333191, 6.63414907455, 6.96965169907, 16.9379711151, 17.2367630005, 13.4870014191, 19.9993247986, 10.4680871964, 7.87503671646, 13.9093236923, 36.5776252747, 11.4453411102, 10.2545547485, 10.2195539474, 12.0638904572, 15.1001291275, 13.5511846542, 16.4088191986, 11.0446949005, 15.0021562576, 17.9640235901, 13.6627473831, 9.79459381104, 7.60615873337, 6.01808977127, 5.16373920441, 5.75234508514, 7.42057561874, 4.3058218956, 3.29890370369, 2.36556911469, 1.25898265839, 0.993922412395, 0.661370456219, 0.61713719368, 0.313089728355, 0.0778753831983, 0.00973737239838, 0.000393211783376], "max": [4.06195735931, 37.00025177, 112.916801453, 109.903793335, 316.973999023, 214.788314819, 661.537963867, 832.805175781, 303.569580078, 244.105484009, 378.841369629, 2145.81665039, 243.418457031, 220.392105103, 217.428543091, 344.282196045, 419.18536377, 456.648529053, 525.277282715, 271.879699707, 637.612731934, 833.279968262, 252.527740479, 140.882171631, 103.270835876, 92.681388855, 86.9795455933, 96.3976974487, 138.440917969, 73.1650161743, 50.7706222534, 30.5413322449, 21.6727333069, 20.2539215088, 10.6272296906, 10.8790435791, 7.84203100204, 2.52885603905, 0.300377428532, 0.00626338087022], "var": [0.471077829599, 35.7635421753, 182.265258789, 229.289474487, 1195.02490234, 1550.89355469, 1026.95532227, 7606.31640625, 513.732116699, 196.566452026, 1187.85437012, 16609.3183594, 392.745605469, 314.498931885, 354.07925415, 693.735229492, 1216.35351563, 596.515014648, 856.974975586, 357.614624023, 772.153808594, 1210.05310059, 632.639160156, 242.209396362, 154.089477539, 108.77230835, 107.165245056, 139.986938477, 196.77482605, 74.2048797607, 35.6991844177, 17.0502738953, 5.85962867737, 4.65592193604, 2.05366516113, 1.66915178299, 0.584440350533, 0.0588282570243, 0.000899153295904, 7.1337620966e-07], "mean": [0.454456180334, 3.83463287354, 6.93445539474, 8.28471660614, 19.3507080078, 24.909078598, 24.0312690735, 47.5722846985, 12.1359205246, 7.73967981339, 18.8534088135, 55.8978881836, 12.9931373596, 8.60538673401, 9.00569629669, 13.6871852875, 19.7814826965, 12.4678916931, 17.3676357269, 13.2385368347, 14.8081159592, 17.6139698029, 12.9079456329, 10.2406921387, 9.19079017639, 7.93222475052, 7.47099113464, 7.85916566849, 7.92991781235, 5.62130117416, 4.09474515915, 2.80558824539, 1.56245732307, 1.1651507616, 0.791988015175, 0.593227982521, 0.283184438944, 0.0775683671236, 0.0106425331905, 0.000597194069996]}, "spectral_strongpeak": {"dmean2": 0.552862405777, "median": 0.61254876852, "min": 0, "dvar2": 0.514841854572, "dvar": 0.195126652718, "dmean": 0.344045370817, "max": 6.20623397827, "var": 0.413455247879, "mean": 0.796831011772}, "spectral_energy": {"dmean2": 0.0241484139115, "median": 0.0378083884716, "min": 8.41457165279e-07, "dvar2": 0.00105282047298, "dvar": 0.000415925867856, "dmean": 0.0158277209848, "max": 0.196442142129, "var": 0.000945943407714, "mean": 0.0448922216892}, "average_loudness": 0.972355246544, "spectral_rolloff": {"dmean2": 1308.79064941, "median": 366.064453125, "min": 43.06640625, "dvar2": 6178835, "dvar": 2945242.25, "dmean": 764.185119629, "max": 15030.1757813, "var": 3679310.25, "mean": 1055.37365723}, "spectral_centroid": {"dmean2": 597.080688477, "median": 837.766113281, "min": 91.1253128052, "dvar2": 472043.65625, "dvar": 195255.25, "dmean": 372.173675537, "max": 3449.71337891, "var": 375472.9375, "mean": 960.72644043}, "pitch_salience": {"dmean2": 0.172960281372, "median": 0.510316610336, "min": 0.0275169312954, "dvar2": 0.0271323975176, "dvar": 0.0128344316036, "dmean": 0.112736999989, "max": 0.890468657017, "var": 0.0384599454701, "mean": 0.477709501982}, "spectral_energyband_middle_high": {"dmean2": 0.00405539013445, "median": 0.00161474011838, "min": 2.941692685e-07, "dvar2": 4.74591070088e-05, "dvar": 1.75967434188e-05, "dmean": 0.00232381164096, "max": 0.0405194833875, "var": 1.48902790897e-05, "mean": 0.00277322321199}, "spectral_contrast_coeffs": {"dmean2": [0.105861827731, 0.101133003831, 0.0771948993206, 0.0602284818888, 0.0493931099772, 0.0368363000453], "median": [-0.639808773994, -0.73706638813, -0.786617934704, -0.823254227638, -0.822367191315, -0.774279236794], "min": [-0.902525246143, -0.943704843521, -0.951052725315, -0.967375040054, -0.94730001688, -0.901648640633], "dvar2": [0.00965294800699, 0.00909795891494, 0.00428603729233, 0.00316540012136, 0.00226163561456, 0.00131841318216], "dvar": [0.00378176756203, 0.00390866352245, 0.00173869845457, 0.00137996952981, 0.0011573061347, 0.000599785649683], "dmean": [0.06688991189, 0.0632853358984, 0.0477957166731, 0.037501052022, 0.0323181711137, 0.0236324369907], "max": [-0.309461891651, -0.217099756002, -0.393860399723, -0.424708306789, -0.455978095531, -0.571677565575], "var": [0.00877920165658, 0.0158800426871, 0.00713795889169, 0.00507192779332, 0.00436627166346, 0.00191506475676], "mean": [-0.640695333481, -0.70128172636, -0.769160151482, -0.810100495815, -0.812758147717, -0.772513329983]}, "melbands_skewness": {"dmean2": 2.58362841606, "median": 3.98876857758, "min": -1.86561000347, "dvar2": 10.3000421524, "dvar": 4.21779155731, "dmean": 1.66732299328, "max": 25.4875049591, "var": 10.2600107193, "mean": 4.67135286331}, "spectral_spread": {"dmean2": 1451543.375, "median": 5281584, "min": 513468.0625, "dvar2": 2225697980420.0, "dvar": 1475025436670.0, "dmean": 1027990.3125, "max": 18783038, "var": 3948904185860.0, "mean": 5436018.5}, "dissonance": {"dmean2": 0.0373084954917, "median": 0.469571560621, "min": 0.205416098237, "dvar2": 0.00150346872397, "dvar": 0.000571595970541, "dmean": 0.0226937998086, "max": 0.500000119209, "var": 0.00115305511281, "mean": 0.46030023694}, "spectral_skewness": {"dmean2": 0.578103005886, "median": 1.5773857832, "min": 0.288363575935, "dvar2": 0.738362550735, "dvar": 0.360135436058, "dmean": 0.390291422606, "max": 11.8812141418, "var": 0.697864949703, "mean": 1.7942841053}, "spectral_flux": {"dmean2": 0.0638316124678, "median": 0.0974767804146, "min": 0.000563607958611, "dvar2": 0.00359225831926, "dvar": 0.00200999900699, "dmean": 0.0439653173089, "max": 0.393082410097, "var": 0.00573250930756, "mean": 0.115378506482}, "spectral_contrast_valleys": {"dmean2": [0.835431754589, 0.985928952694, 1.03028452396, 0.968181073666, 0.855475783348, 0.799754321575], "median": [-6.77137422562, -6.84561443329, -7.59471893311, -7.6545124054, -7.53979158401, -9.81029891968], "min": [-13.8599529266, -11.386516571, -12.0471973419, -11.9441137314, -11.8423633575, -14.5220088959], "dvar2": [0.632093369961, 1.03490126133, 0.996383905411, 0.937592327595, 0.857296824455, 0.795108795166], "dvar": [0.351939052343, 0.429341375828, 0.455523908138, 0.443088561296, 0.404834985733, 0.428342819214], "dmean": [0.55474448204, 0.611642241478, 0.650968134403, 0.621737122536, 0.5984582901, 0.583411097527], "max": [-5.12796926498, -4.50532770157, -4.9674115181, -5.45692682266, -5.65895462036, -8.05492115021], "var": [1.97012603283, 1.03422749043, 0.961577475071, 1.02069973946, 1.11646783352, 1.41959190369], "mean": [-7.17341709137, -6.98948764801, -7.65727710724, -7.82687330246, -7.72908163071, -10.0519647598]}, "erbbands_flatness_db": {"dmean2": 0.0426079630852, "median": 0.136296734214, "min": 0.0330584906042, "dvar2": 0.00181326724123, "dvar": 0.000943927676417, "dmean": 0.0300802141428, "max": 0.422480493784, "var": 0.0037097944878, "mean": 0.142418563366}, "spectral_energyband_high": {"dmean2": 0.00131591642275, "median": 0.000439761381131, "min": 5.86031987382e-08, "dvar2": 4.64027152702e-06, "dvar": 1.98744214686e-06, "dmean": 0.000833803904243, "max": 0.0105089079589, "var": 2.36705682255e-06, "mean": 0.00106537702959}, "spectral_entropy": {"dmean2": 0.532018125057, "median": 7.55133247375, "min": 4.63776874542, "dvar2": 0.332707703114, "dvar": 0.165568828583, "dmean": 0.361704796553, "max": 8.82345962524, "var": 0.503472268581, "mean": 7.41412353516}, "silence_rate_20dB": {"dmean2": 0, "median": 1, "min": 1, "dvar2": 0, "dvar": 0, "dmean": 0, "max": 1, "var": 0, "mean": 1}, "melbands_flatness_db": {"dmean2": 0.0845796689391, "median": 0.252938121557, "min": 0.0366904810071, "dvar2": 0.00750723062083, "dvar": 0.00387327838689, "dmean": 0.0595848225057, "max": 0.734803140163, "var": 0.0141588076949, "mean": 0.273682683706}, "barkbands": {"dmean2": [0.000693397887517, 0.014840346761, 0.00970193371177, 0.00576770724729, 0.00901466421783, 0.00309083261527, 0.0011669555679, 0.00077161192894, 0.00220731948502, 0.000621675921138, 0.000431888562161, 0.000500757887494, 0.000515852239914, 0.000546449911781, 0.000416674592998, 0.000440443865955, 0.000631362665445, 0.000420655764174, 0.000284396781353, 0.000218606888666, 0.000218601519009, 0.000303889537463, 0.00017892762844, 0.000148729159264, 0.000133538618684, 0.000258506188402, 8.95885896171e-05], "median": [0.000142877950566, 0.00670519890264, 0.00122969783843, 0.000563841953408, 0.00230076676235, 0.00125803938136, 0.000210527825402, 0.000158724724315, 0.000559112639166, 8.19105916889e-05, 5.60223124921e-05, 7.12177134119e-05, 0.000139177631354, 8.02999857115e-05, 0.000119932301459, 0.000134169051307, 0.000124819154735, 8.8348533609e-05, 8.0969031842e-05, 8.121485007e-05, 8.92392563401e-05, 7.94250518084e-05, 6.08832706348e-05, 4.38086062786e-05, 3.10878531309e-05, 1.8184131477e-05, 1.54999106599e-05], "min": [2.88491730505e-11, 2.49232856575e-09, 2.81908185684e-09, 2.92795498957e-09, 2.65475712524e-08, 3.00473210757e-08, 1.48452503623e-08, 7.77691155918e-09, 2.96835835911e-08, 5.12914732909e-09, 1.85885298265e-08, 1.9545389307e-08, 1.75681922343e-08, 1.42647644807e-08, 1.26977202086e-08, 1.58482542645e-08, 1.03315898059e-08, 1.39530946797e-08, 1.07952544681e-08, 1.46296432746e-08, 1.23514531936e-08, 8.75682193424e-09, 8.20331003126e-09, 5.07981345876e-09, 2.10510475718e-09, 3.96554095117e-10, 2.07456984924e-09], "dvar2": [1.41437124057e-06, 0.000654338509776, 0.000443899101811, 0.000167205434991, 0.000247700547334, 3.26280642184e-05, 5.39046413905e-06, 1.91187427845e-06, 2.47005409619e-05, 1.40182601172e-06, 7.21327978681e-07, 8.12465373201e-07, 9.89840259535e-07, 1.25943017792e-06, 4.65095837399e-07, 6.38857102331e-07, 2.04337152354e-06, 6.97339203271e-07, 1.92973317326e-07, 1.30584624003e-07, 1.35135962864e-07, 3.77167452825e-07, 8.38360065814e-08, 5.81869059602e-08, 6.26750207289e-08, 3.47277904211e-07, 7.22163377986e-08], "dvar": [6.97494840551e-07, 0.00028103752993, 0.000163990931469, 6.15205644863e-05, 8.78605060279e-05, 1.67417565535e-05, 1.97349436348e-06, 7.31366924356e-07, 9.45246392803e-06, 4.96624465995e-07, 2.58353253457e-07, 3.24435887933e-07, 3.96829221927e-07, 4.51829549775e-07, 1.72814552002e-07, 2.31332421663e-07, 7.31058378278e-07, 2.49855077072e-07, 7.2319693345e-08, 4.84285642699e-08, 5.5832909851e-08, 1.42069040976e-07, 3.44488135795e-08, 2.47830858058e-08, 3.0344157409e-08, 1.46855072103e-07, 3.20119397657e-08], "dmean": [0.000460871116957, 0.0103720147163, 0.00561669189483, 0.00337900966406, 0.00510011520237, 0.00214989832602, 0.00065320316935, 0.000444448407507, 0.00134284421802, 0.000342658691807, 0.000238294669543, 0.000292268901831, 0.000308700429741, 0.000301218300592, 0.000238515436649, 0.000250236771535, 0.000349255045876, 0.000234211765928, 0.000161746604135, 0.000129960622871, 0.000135697016958, 0.000183666474186, 0.000113550915557, 9.44569183048e-05, 8.71442971402e-05, 0.000157671427587, 5.88809780311e-05], "max": [0.0117202680558, 0.146702408791, 0.0976120829582, 0.058611202985, 0.0646524131298, 0.0726240873337, 0.0174412764609, 0.01543934457, 0.0729516074061, 0.00771666364744, 0.00515180407092, 0.00721528707072, 0.00882313959301, 0.0100087355822, 0.00545628229156, 0.00769731029868, 0.0188119113445, 0.00385563145392, 0.00209308392368, 0.0019481817726, 0.0024893223308, 0.00355241517536, 0.0016497442266, 0.00135292625055, 0.00152674503624, 0.00348403817043, 0.00184216909111], "var": [1.68617509644e-06, 0.00059110665461, 0.000121757693705, 4.87864854222e-05, 0.000102687314211, 6.18262420176e-05, 1.74339072601e-06, 8.31883369301e-07, 2.05953710974e-05, 3.40252313435e-07, 1.72519705188e-07, 3.59662294613e-07, 4.90754928251e-07, 3.08543292249e-07, 1.66990517414e-07, 1.81125543008e-07, 4.91238210998e-07, 1.75492232302e-07, 6.72965612125e-08, 5.07361725965e-08, 8.30420532338e-08, 1.20723683494e-07, 4.59234357209e-08, 2.90117618817e-08, 3.71597224103e-08, 1.34274628749e-07, 3.2093630864e-08], "mean": [0.000706081220414, 0.0169778447598, 0.00502304639667, 0.00326025532559, 0.00711247231811, 0.0047872774303, 0.000612500181887, 0.000463435979327, 0.00206594238989, 0.000292402721243, 0.000196940076421, 0.000301932275761, 0.000399204000132, 0.0002642153995