{"tonal": {"thpcp": [1, 0.62464427948, 0.274932086468, 0.248622342944, 0.297958672047, 0.581452667713, 0.661595344543, 0.376877963543, 0.225604295731, 0.190258964896, 0.213556438684, 0.470351606607, 0.642535805702, 0.467374145985, 0.333923369646, 0.296375274658, 0.223941922188, 0.24039286375, 0.272382467985, 0.295743018389, 0.592332601547, 0.735344290733, 0.462221235037, 0.300285190344, 0.257759541273, 0.250819087029, 0.480730742216, 0.614652693272, 0.415433436632, 0.278486520052, 0.271499037743, 0.297449707985, 0.460642158985, 0.516131281853, 0.411068618298, 0.712854385376], "hpcp": {"dmean2": [0.218953624368, 0.21962878108, 0.254143178463, 0.274248152971, 0.251431137323, 0.174600929022, 0.150086775422, 0.172914117575, 0.21516931057, 0.193176448345, 0.167049497366, 0.131784558296, 0.120815984905, 0.129795774817, 0.186762869358, 0.209351450205, 0.193225249648, 0.169433116913, 0.143655195832, 0.124743834138, 0.127158343792, 0.14230042696, 0.170466214418, 0.236804232001, 0.2318007797, 0.19060844183, 0.155185565352, 0.130499452353, 0.135360553861, 0.190396428108, 0.19336026907, 0.180098816752, 0.146349951625, 0.145986512303, 0.170787647367, 0.202590376139], "median": [0.0521176420152, 0.0440770573914, 0.0695402100682, 0.0806890875101, 0.0491186566651, 0.0168863926083, 0.0125414505601, 0.0201206412166, 0.0414774827659, 0.0486532486975, 0.0280235540122, 0.0128818536177, 0.0102769443765, 0.0155978016555, 0.0458729118109, 0.058187417686, 0.038176279515, 0.0215626247227, 0.0126722855493, 0.0113056814298, 0.0129868155345, 0.0139714898542, 0.0239511057734, 0.0572930164635, 0.07428932935, 0.0430406630039, 0.0161637216806, 0.0126276798546, 0.0132270492613, 0.0311385728419, 0.0429779812694, 0.0319153144956, 0.0184081289917, 0.0130227552727, 0.0186241604388, 0.0443365909159], "min": [0, 0, 0, 0, 0, 0, 0, 0, 0, 0, 0, 0, 0, 0, 0, 0, 0, 0, 0, 0, 0, 0, 0, 0, 0, 0, 0, 0, 0, 0, 0, 0, 0, 0, 0, 0], "dvar2": [0.118707418442, 0.113782815635, 0.119475051761, 0.150290027261, 0.130372315645, 0.0964357256889, 0.0870811492205, 0.092104293406, 0.105216644704, 0.0930716991425, 0.0795160681009, 0.0724516436458, 0.0717095881701, 0.0693718641996, 0.0908467099071, 0.100571863353, 0.0937041565776, 0.0900814011693, 0.0794857442379, 0.0696240141988, 0.0703794434667, 0.0777198001742, 0.0903855338693, 0.123740464449, 0.11643306911, 0.0987452939153, 0.0839557051659, 0.073377110064, 0.0703684166074, 0.0957072153687, 0.0956477746367, 0.0931032672524, 0.0782295912504, 0.0877781957388, 0.103076130152, 0.109774067998], "dvar": [0.0441737920046, 0.0408930666745, 0.0462271757424, 0.0616073198617, 0.0485374107957, 0.0347788147628, 0.0312890820205, 0.0335208289325, 0.0410429500043, 0.0397023707628, 0.0314548686147, 0.0278546102345, 0.0263232961297, 0.0248455945402, 0.0346087701619, 0.0417663864791, 0.0387596674263, 0.0354154966772, 0.0311304032803, 0.0256020054221, 0.0261968225241, 0.0288149639964, 0.033131364733, 0.0478558652103, 0.0472510494292, 0.0383298024535, 0.0321761108935, 0.0273478906602, 0.0261750854552, 0.0378841757774, 0.0408041924238, 0.0354021154344, 0.0285506099463, 0.0324611254036, 0.0367073863745, 0.0403952300549], "dmean": [0.12527282536, 0.122730791569, 0.147371575236, 0.157926335931, 0.143715813756, 0.0962915346026, 0.082123234868, 0.0961932018399, 0.125054836273, 0.113525278866, 0.0956985205412, 0.0738714188337, 0.0664015263319, 0.0716283991933, 0.108577504754, 0.122963741422, 0.112819030881, 0.0970891043544, 0.0819646567106, 0.0705654472113, 0.072287581861, 0.0798511654139, 0.0961194783449, 0.136053517461, 0.135810285807, 0.109937556088, 0.0878828540444, 0.0727645605803, 0.0759939551353, 0.110470756888, 0.114979311824, 0.103994056582, 0.0831491798162, 0.0818178802729, 0.0947327911854, 0.115724436939], "max": [1, 1, 1, 1, 1, 1, 1, 1, 1, 1, 1, 1, 1, 1, 1, 1, 1, 1, 1, 1, 1, 1, 1, 1, 1, 1, 1, 1, 1, 1, 1, 1, 1, 1, 1, 1], "var": [0.0610072612762, 0.0396570786834, 0.0766134485602, 0.144231557846, 0.0680797472596, 0.0297131743282, 0.0307257659733, 0.0321832075715, 0.0726311430335, 0.0969333648682, 0.0382187664509, 0.0257303118706, 0.0208264049143, 0.0190759394318, 0.0505561195314, 0.0842573642731, 0.0560222417116, 0.0391347892582, 0.0388862267137, 0.0237785503268, 0.026223288849, 0.0311185903847, 0.0290847271681, 0.0695890262723, 0.0980742052197, 0.0513069592416, 0.0360456481576, 0.0321572348475, 0.0270269978791, 0.0589261427522, 0.0874974280596, 0.0453382991254, 0.0297373011708, 0.034528054297, 0.0346734449267, 0.0517030470073], "mean": [0.155831083655, 0.124110415578, 0.215225994587, 0.301921397448, 0.188593477011, 0.0830078795552, 0.0750644057989, 0.0899600982666, 0.175553008914, 0.199749797583, 0.113787516952, 0.0681147649884, 0.057443253696, 0.0644772574306, 0.142009213567, 0.193995311856, 0.141110256314, 0.100818611681, 0.0894820392132, 0.0676128566265, 0.0725797489285, 0.0822380930185, 0.0892911478877, 0.178837895393, 0.222016170621, 0.139554485679, 0.0906625241041, 0.077823124826, 0.0757276490331, 0.145142897964, 0.185576796532, 0.125428244472, 0.0840810388327, 0.0819713696837, 0.0898064300418, 0.139077723026]}, "tuning_equal_tempered_deviation": 0.0857171788812, "chords_changes_rate": 0.0568021014333, "key_key": "A#", "tuning_diatonic_strength": 0.646709620953, "key_scale": "major", "chords_number_rate": 0.00323428330012, "tuning_frequency": 441.527557373, "tuning_nontempered_energy_ratio": 0.740813732147, "chords_histogram": [35.1324043274, 6.67070960999, 8.40913677216, 3.13321208954, 6.20578145981, 2.1427128315, 6.26642417908, 0.545785307884, 5.07378196716, 1.111784935, 0, 0.161714166403, 0.768142282963, 0.667070925236, 0.282999783754, 1.63735592365, 0.141499891877, 2.56721234322, 0.363856881857, 3.8204972744, 1.111784935, 6.42813825607, 3.86092591286, 3.49706888199], "key_strength": 0.846520185471, "chords_key": "A#", "chords_strength": {"dmean2": 0.00974622089416, "median": 0.53929412365, "min": 0.224195852876, "dvar2": 7.44686185499e-05, "dvar": 6.4652202127e-05, "dmean": 0.00980029720813, "max": 0.835776507854, "var": 0.0123514942825, "mean": 0.541033983231}, "chords_scale": "major", "hpcp_entropy": {"dmean2": 1.02054584026, "median": 1.84507119656, "min": 0, "dvar2": 0.720059096813, "dvar": 0.276397407055, "dmean": 0.615967333317, "max": 4.57069253922, "var": 0.564870357513, "mean": 1.87434065342}}, "metadata": {"audio_properties": {"equal_loudness": 0, "codec": "aac", "downmix": "mix", "sample_rate": 44100, "analysis_sample_rate": 44100, "bit_rate": 269586, "md5_encoded": "035ed8924aa207c7a276f33fdb3b91d1", "length": 229.69178772, "replay_gain": -15.2948589325, "lossless": false}, "version": {"essentia_build_sha": "70f2e5ece6736b2c40cc944ad0e695b16b925413", "essentia": "2.1-beta2", "extractor": "music 1.0", "essentia_git_sha": "v2.1_beta2"}, "tags": {"title": ["So Very Hard to Go"], "language": ["eng"], "media": [""], "musicbrainz_releasegroupid": ["9236171b-aeee-3d01-8fee-2b8e3d74d16b"], "musicbrainz_recordingid": ["0d01f528-3e9f-4c2c-98c3-0f1c7306e4ca"], "artistsort": ["Tower of Power"], "musicbrainz_albumartistid": ["6c4d81f8-8a34-4cda-9a4b-538c539b50f4"], "discnumber": ["1/1"], "bpm": ["94"], "catalognumber": [""], "file_name": "12 So Very Hard to Go.m4a", "compilation": ["0"], "date": ["1999"], "genre": ["Soul, Rhythm And Blues"], "musicbrainz_albumid": ["55b2ed5c-20f1-4700-bb54-305077dbf865"], "album": ["Soul Vaccination: Live"], "discsubtitle": [""], "musicbrainz_artistid": ["6c4d81f8-8a34-4cda-9a4b-538c539b50f4"], "asin": ["B00000JQFW"], "grouping": [""], "tracknumber": ["12/15"], "encodedby": ["iTunes 10.0.1.22, QuickTime 7.6.8"], "composer": ["Castillo/S.Kupka"], "artist": ["Tower of Power"], "albumartistsort": ["Tower of Power"], "script": ["Latn"]}}, "rhythm": {"bpm_histogram_first_peak_bpm": {"dmean2": 0, "median": 96, "min": 96, "dvar2": 0, "dvar": 0, "dmean": 0, "max": 96, "var": 0, "mean": 96}, "bpm": 94.8738632202, "bpm_histogram_second_peak_spread": {"dmean2": 0, "median": 0.200000047684, "min": 0.200000047684, "dvar2": 0, "dvar": 0, "dmean": 0, "max": 0.200000047684, "var": 0, "mean": 0.200000047684}, "bpm_histogram_first_peak_weight": {"dmean2": 0, "median": 0.323119789362, "min": 0.323119789362, "dvar2": 0, "dvar": 0, "dmean": 0, "max": 0.323119789362, "var": 0, "mean": 0.323119789362}, "onset_rate": 3.47839856148, "beats_position": [0.615328788757, 1.21904754639, 1.83437633514, 2.46131515503, 3.11147379875, 3.7732424736, 4.43501138687, 5.10838985443, 5.7701587677, 6.43192720413, 7.0936961174, 7.76707458496, 8.44045352936, 9.11383247375, 9.77560043335, 10.4489793777, 11.110748291, 11.7725172043, 12.4226751328, 13.0728340149, 13.7346029282, 14.3963718414, 15.0465307236, 15.7082986832, 16.3700675964, 17.031835556, 17.6819953918, 18.3437633514, 19.0055332184, 19.667301178, 20.3290691376, 20.9908390045, 21.640996933, 22.2911567688, 22.9413146973, 23.6030826569, 24.2648525238, 24.9150104523, 25.5651702881, 26.2269382477, 26.8887062073, 27.5388660431, 28.1890239716, 28.8507938385, 29.5125617981, 30.1511096954, 30.7896595001, 31.4398174286, 32.0899772644, 32.7401351929, 33.3902931213, 34.0404510498, 34.690612793, 35.3407707214, 35.9909286499, 36.6410865784, 37.2912483215, 37.94140625, 38.57995224, 39.2301139832, 39.8918800354, 40.5420417786, 41.1805877686, 41.8191375732, 42.4576873779, 43.0962333679, 43.7463951111, 44.3965530396, 45.046710968, 45.6968688965, 46.3586387634, 47.0087966919, 47.6357345581, 48.2742843628, 48.901222229, 49.5281639099, 50.1783218384, 50.8168716431, 51.4554176331, 52.0823554993, 52.720905304, 53.3594551086, 53.9863929749, 54.6133308411, 55.2170524597, 55.8207702637, 56.4361000061, 57.0630378723, 57.6783676147, 58.305305481, 58.9322433472, 59.5475730896, 60.162902832, 60.7898406982, 61.4167785645, 62.0321083069, 62.6474380493, 63.2743759155, 63.889705658, 64.5050354004, 65.1319732666, 65.7821273804, 66.4322891235, 67.0708389282, 67.7093887329, 68.3479385376, 68.9864807129, 69.6134262085, 70.2403640747, 70.8789138794, 71.5174560547, 72.1676177979, 72.817779541, 73.4563217163, 74.094871521, 74.7218093872, 75.3487548828, 75.9872970581, 76.6258468628, 77.252784729, 77.8797302246, 78.5066680908, 79.1568222046, 79.8069839478, 80.4571380615, 81.1072998047, 81.7574615479, 82.3960113525, 83.0345535278, 83.6731033325, 84.3116531372, 84.9502029419, 85.5887527466, 86.2156906128, 86.842628479, 87.4811782837, 88.1197280884, 88.7698822021, 89.4200439453, 90.0702056885, 90.7203598022, 91.3589096069, 91.9974594116, 92.6476211548, 93.2977752686, 93.9363250732, 94.5748748779, 95.2134246826, 95.8519744873, 96.4905166626, 97.1174621582, 97.7327880859, 98.3713378906, 99.0098876953, 99.6368255615, 100.263763428, 100.890701294, 101.51763916, 102.156188965, 102.783126831, 103.398452759, 104.002174377, 104.617500305, 105.25605011, 105.882987976, 106.509933472, 107.136871338, 107.740585327, 108.344306946, 108.971244812, 109.598182678, 110.225120544, 110.852058411, 111.490608215, 112.12915802, 112.756095886, 113.383033752, 114.009971619, 114.636917114, 115.27545929, 115.914009094, 116.564170837, 117.202720642, 117.81804657, 118.444984436, 119.071922302, 119.698867798, 120.314193726, 120.95274353, 121.602897644, 122.264671326, 122.90322113, 123.530158997, 124.168708801, 124.807250977, 125.445800781, 126.084350586, 126.734512329, 127.361450195, 128, 128.638549805, 129.277099609, 129.915649414, 130.565795898, 131.192733765, 131.81968689, 132.446624756, 133.073562622, 133.700500488, 134.327438354, 134.954376221, 135.581314087, 136.208251953, 136.835189819, 137.462127686, 138.089065552, 138.716003418, 139.342941284, 139.946670532, 140.550384521, 141.177322388, 141.815872192, 142.454421997, 143.092971802, 143.719909668, 144.358459473, 144.985397339, 145.612335205, 146.239273071, 146.877822876, 147.516372681, 148.143310547, 148.770248413, 149.408798218, 150.058959961, 150.685897827, 151.301223755, 151.928161621, 152.555099487, 153.182037354, 153.80897522, 154.459136963, 155.109298706, 155.747848511, 156.374786377, 157.013336182, 157.663482666, 158.302032471, 158.940582275, 159.57913208, 160.217681885, 160.867843628, 161.518005371, 162.156555176, 162.79510498, 163.422042847, 164.060592651, 164.699142456, 165.337677002, 165.976226807, 166.603164673, 167.241714478, 167.880264282, 168.518814087, 169.157363892, 169.795913696, 170.434463501, 171.073013306, 171.71156311, 172.361724854, 173.011871338, 173.650421143, 174.265762329, 174.904312134, 175.54284668, 176.169799805, 176.808334351, 177.446884155, 178.073822021, 178.700775146, 179.327713013, 179.954650879, 180.581588745, 181.208526611, 181.835464478, 182.439178467, 183.066116333, 183.693054199, 184.319992065, 184.946929932, 185.562271118, 186.177597046, 186.804534912, 187.431472778, 188.058410645, 188.685348511, 189.300674438, 189.916000366, 190.519729614, 191.123443604, 191.75038147, 192.377319336, 193.015869141, 193.642807007, 194.258132935, 194.896682739, 195.535232544, 196.150558472, 196.765899658, 197.404434204, 198.042984009, 198.669921875, 199.30847168, 199.947021484, 200.573959351, 201.200897217, 201.827835083, 202.454788208, 203.081726074, 203.70866394, 204.335601807, 204.962539673, 205.589477539, 206.216415405, 206.820129395, 207.423858643, 208.03918457, 208.666122437, 209.293060303, 209.90838623, 210.523712158, 211.139038086, 211.742767334, 212.3697052, 212.996643066, 213.611968994, 214.227294922, 214.877456665, 215.562438965, 216.247436523, 216.932418823, 217.536148071, 218.151473999, 218.778411865, 219.405349731, 220.043899536, 220.670837402, 221.309387207, 221.947937012, 222.586486816, 223.213424683, 223.840362549, 224.467300415, 225.094238281, 225.721176147, 226.382949829, 227.044708252, 227.706481934, 228.368255615, 229.030014038], "beats_loudness": {"dmean2": 0.0212325844914, "median": 0.0207718797028, "min": 0.00141434744, "dvar2": 0.000291364995064, "dvar": 9.80063559837e-05, "dmean": 0.0119029404595, "max": 0.073861785233, "var": 0.000206873912248, "mean": 0.0229101367295}, "danceability": 1.09280121326, "bpm_histogram_second_peak_weight": {"dmean2": 0, "median": 0.0891364887357, "min": 0.0891364887357, "dvar2": 0, "dvar": 0, "dmean": 0, "max": 0.0891364887357, "var": 0, "mean": 0.0891364887357}, "beats_count": 360, "bpm_histogram_second_peak_bpm": {"dmean2": 0, "median": 91, "min": 91, "dvar2": 0, "dvar": 0, "dmean": 0, "max": 91, "var": 0, "mean": 91}, "bpm_histogram_first_peak_spread": {"dmean2": 0, "median": 0.636363625526, "min": 0.636363625526, "dvar2": 0, "dvar": 0, "dmean": 0, "max": 0.636363625526, "var": 0, "mean": 0.636363625526}, "beats_loudness_band_ratio": {"dmean2": [0.823292553425, 0.175038084388, 0.254907131195, 0.175223171711, 0.192436799407, 0.303046286106], "median": [0.400784790516, 0.0623905882239, 0.0948861986399, 0.0619740337133, 0.0917012915015, 0.0921591222286], "min": [3.46306624124e-05, 8.10875135357e-05, 0.000427304796176, 0.000373585295165, 0.000732013082597, 0.00103582500014], "dvar2": [0.221007317305, 0.038142349571, 0.0583247169852, 0.0403839126229, 0.0251131691039, 0.0589050278068], "dvar": [0.0627667233348, 0.0124987252057, 0.0216734427959, 0.0137752024457, 0.00752568384632, 0.0174808166921], "dmean": [0.425163924694, 0.0946159139276, 0.14445245266, 0.0945803523064, 0.102247007191, 0.154271602631], "max": [0.99329161644, 0.730082809925, 0.742886245251, 0.638230800629, 0.519632697105, 0.672512471676], "var": [0.0879652425647, 0.0112757785246, 0.0261861905456, 0.013557434082, 0.00975111685693, 0.0143701219931], "mean": [0.433469086885, 0.0973585769534, 0.157514333725, 0.0994153320789, 0.11728811264, 0.12116650492]}}, "lowlevel": {"barkbands_spread": {"dmean2": 8.95426464081, "median": 22.4805278778, "min": 0.344047874212, "dvar2": 135.077957153, "dvar": 64.6144943237, "dmean": 5.93309926987, "max": 125.460853577, "var": 226.828689575, "mean": 24.5603942871}, "melbands_spread": {"dmean2": 12.0632791519, "median": 24.0317420959, "min": 0.362711519003, "dvar2": 296.486572266, "dvar": 139.611877441, "dmean": 7.95915174484, "max": 264.432281494, "var": 447.701599121, "mean": 27.6729888916}, "hfc": {"dmean2": 6.58037519455, "median": 9.82678604126, "min": 1.14385287961e-16, "dvar2": 116.158149719, "dvar": 54.9150657654, "dmean": 4.55240917206, "max": 129.945205688, "var": 354.495452881, "mean": 17.3114185333}, "barkbands_kurtosis": {"dmean2": 6.08249473572, "median": 0.762056589127, "min": -1.91487634182, "dvar2": 235.106201172, "dvar": 108.271568298, "dmean": 3.89914941788, "max": 291.268463135, "var": 290.054779053, "mean": 6.10814714432}, "gfcc": {"mean": [-37.8916816711, 77.5960922241, -126.917869568, 38.9967842102, -51.8441123962, 10.6187410355, -29.6494941711, 11.9102773666, -15.2136516571, 1.13803207874, -14.0249814987, -3.00048828125, -13.0714149475], "icov": [[0.000207851117011, 9.67221567407e-05, 2.85367696051e-05, -0.000288381386781, 0.000237212996581, -4.55486879218e-05, -0.000217427674215, -0.000249410542892, 0.000238557186094, -0.000439897790784, 0.000263860478299, -5.62744135095e-05, 0.000420096330345], [9.67221567407e-05, 0.00118508841842, -0.000109269887616, -0.000601452135015, -0.000275303929811, 0.000514381041285, -0.00078350584954, 0.000941992795561, -0.000727459671907, 0.000673825095873, -0.00177164271008, 0.0015616749879, -0.000161187752383], [2.85367696051e-05, -0.000109269887616, 0.00140644761268, -0.000679984863382, -0.000746201665606, -0.000487663695822, 0.00083191745216, 0.000453424494481, 0.000119904048915, -0.000391275796574, 0.000665189058054, -0.00107384251896, 0.00120161648374], [-0.000288381386781, -0.000601452135015, -0.000679984863382, 0.00368522759527, -0.000821255147457, -0.00102162198164, 0.000732414133381, 0.00051605317276, -0.00039214460412, 0.000509833975229, 3.94511844206e-05, 0.00116478686687, -0.00209306296892], [0.000237212996581, -0.000275303929811, -0.000746201665606, -0.000821255147457, 0.00367313274182, 2.54648530245e-05, -0.00136857898906, -0.000373639602913, -0.000469002698082, 0.000306000234559, 0.000601102365181, -0.000446895108325, 0.000280174019281], [-4.55486879218e-05, 0.000514381041285, -0.000487663695822, -0.00102162198164, 2.54648530245e-05, 0.00575855281204, -0.0021104295738, -0.00127184914891, 0.000913636409678, 0.000643097504508, -0.00172765168827, 0.000878913386259, 0.00142222736031], [-0.000217427674215, -0.00078350584954, 0.00083191745216, 0.000732414133381, -0.00136857898906, -0.0021104295738, 0.00659630075097, -0.00332180899568, 0.00131585251074, 0.000462441093987, 0.00102101906668, -0.000539591128472, 0.000633754883893], [-0.000249410542892, 0.000941992795561, 0.000453424494481, 0.00051605317276, -0.000373639602913, -0.00127184914891, -0.00332180899568, 0.0126105248928, -0.00422671949491, 0.000512105063535, -0.000526049174368, 0.000344143831171, 0.000172346801264], [0.000238557186094, -0.000727459671907, 0.000119904048915, -0.00039214460412, -0.000469002698082, 0.000913636409678, 0.00131585251074, -0.00422671949491, 0.0108022838831, -0.00517588574439, 0.000566255301237, 0.00270892377011, 0.000181358205737], [-0.000439897790784, 0.000673825095873, -0.000391275796574, 0.000509833975229, 0.000306000234559, 0.000643097504508, 0.000462441093987, 0.000512105063535, -0.00517588574439, 0.0149330180138, -0.00537566095591, 0.000250411278103, 0.000150794090587], [0.000263860478299, -0.00177164271008, 0.000665189058054, 3.94511844206e-05, 0.000601102365181, -0.00172765168827, 0.00102101906668, -0.000526049174368, 0.000566255301237, -0.00537566095591, 0.0166250579059, -0.00966112315655, 0.00298084551468], [-5.62744135095e-05, 0.0015616749879, -0.00107384251896, 0.00116478686687, -0.000446895108325, 0.000878913386259, -0.000539591128472, 0.000344143831171, 0.00270892377011, 0.000250411278103, -0.00966112315655, 0.0192394591868, -0.00815685931593], [0.000420096330345, -0.000161187752383, 0.00120161648374, -0.00209306296892, 0.000280174019281, 0.00142222736031, 0.000633754883893, 0.000172346801264, 0.000181358205737, 0.000150794090587, 0.00298084551468, -0.00815685931593, 0.0161798596382]], "cov": [[8360.49316406, -1301.1348877, -465.923065186, 74.6808166504, -506.003143311, 438.847442627, 450.952728271, 379.280517578, -113.658218384, 161.106262207, -162.829299927, -104.591117859, -260.24621582], [-1301.1348877, 1817.89746094, 432.061218262, 413.258453369, 390.549224854, -55.3498039246, 26.1384792328, -128.5990448, 130.972991943, -47.1624908447, 85.2186889648, -113.64907074, -2.3089838028], [-465.923065186, 432.061218262, 1304.74438477, 400.409698486, 360.18447876, 70.8620452881, -133.595901489, -115.55973053, 16.9616756439, -8.11262989044, 1.86728346348, -0.830491662025, -35.5781860352], [74.6808166504, 413.258453369, 400.409698486, 522.775268555, 212.768829346, 70.4106140137, -20.6760883331, -45.610584259, 30.093624115, -22.1516418457, -11.8388690948, -46.2171478271, 10.241101265], [-506.003143311, 390.549224854, 360.18447876, 212.768829346, 485.968505859, 52.9936943054, 69.2116165161, -8.23803806305, 37.8268547058, -34.0107460022, -9.06805801392, -29.1047153473, -11.0022983551], [438.847442627, -55.3498039246, 70.8620452881, 70.4106140137, 52.9936943054, 286.036102295, 136.620895386, 67.8126525879, -23.1142578125, -12.8473510742, -1.81262814999, -22.8838653564, -51.0579452515], [450.952728271, 26.1384792328, -133.595901489, -20.6760883331, 69.2116165161, 136.620895386, 309.42565918, 107.107536316, -12.887295723, -21.8778362274, -19.7250137329, -30.5228157043, -42.0751152039], [379.280517578, -128.5990448, -115.55973053, -45.610584259, -8.23803806305, 67.8126525879, 107.107536316, 147.967819214, 32.4378051758, 11.8416690826, -12.0176296234, -17.2791118622, -27.0075283051], [-113.658218384, 130.972991943, 16.9616756439, 30.093624115, 37.8268547058, -23.1142578125, -12.887295723, 32.4378051758, 153.402679443, 44.7226905823, 3.15886902809, -36.910484314, -12.9010353088], [161.106262207, -47.1624908447, -8.11262989044, -22.1516418457, -34.0107460022, -12.8473510742, -21.8778362274, 11.8416690826, 44.7226905823, 103.41759491, 33.6651382446, 10.5266571045, -6.82733297348], [-162.829299927, 85.2186889648, 1.86728346348, -11.8388690948, -9.06805801392, -1.81262814999, -19.7250137329, -12.0176296234, 3.15886902809, 33.6651382446, 112.397926331, 52.8477134705, 10.2095241547], [-104.591117859, -113.64907074, -0.830491662025, -46.2171478271, -29.1047153473, -22.8838653564, -30.5228157043, -17.2791118622, -36.910484314, 10.5266571045, 52.8477134705, 115.593841553, 48.415927887], [-260.24621582, -2.3089838028, -35.5781860352, 10.241101265, -11.0022983551, -51.0579452515, -42.0751152039, -27.0075283051, -12.9010353088, -6.82733297348, 10.2095241547, 48.415927887, 101.856231689]]}, "spectral_energyband_middle_low": {"dmean2": 0.00354619254358, "median": 0.00348872202449, "min": 4.05108650528e-22, "dvar2": 3.1431667594e-05, "dvar": 1.30327871375e-05, "dmean": 0.00225253263488, "max": 0.0474162995815, "var": 6.07659494563e-05, "mean": 0.00657750573009}, "melbands_crest": {"dmean2": 5.19800424576, "median": 15.3426809311, "min": 2.59982538223, "dvar2": 25.72930336, "dvar": 10.3539152145, "dmean": 3.21948266029, "max": 35.5138931274, "var": 32.526184082, "mean": 15.8235988617}, "spectral_kurtosis": {"dmean2": 2.46232151985, "median": 3.54318284988, "min": -1.29181933403, "dvar2": 11.3577098846, "dvar": 3.84139537811, "dmean": 1.44163835049, "max": 38.7706489563, "var": 9.08651065826, "mean": 4.18898105621}, "spectral_rms": {"dmean2": 0.00106083927676, "median": 0.00374793866649, "min": 3.17376441968e-12, "dvar2": 3.1397632938e-06, "dvar": 1.14303099963e-06, "dmean": 0.000676094321534, "max": 0.0122841261327, "var": 3.809568625e-06, "mean": 0.00376493344083}, "zerocrossingrate": {"dmean2": 0.0123510817066, "median": 0.05908203125, "min": 0.00341796875, "dvar2": 0.000336332537699, "dvar": 0.000282821070869, "dmean": 0.0109812440351, "max": 0.5146484375, "var": 0.00169484608341, "mean": 0.0653251484036}, "silence_rate_60dB": {"dmean2": 0.109493479133, "median": 0, "min": 0, "dvar2": 0.108411498368, "dvar": 0.0517840497196, "dmean": 0.054791752249, "max": 1, "var": 0.141700133681, "mean": 0.170928940177}, "erbbands_kurtosis": {"dmean2": 1.24206292629, "median": -0.411278247833, "min": -1.90669858456, "dvar2": 4.36518955231, "dvar": 1.94656765461, "dmean": 0.792201220989, "max": 30.5060424805, "var": 5.64355134964, "mean": 0.197973772883}, "erbbands": {"dmean2": [0.121096156538, 1.16436970234, 3.48027205467, 2.91537547112, 2.26722693443, 3.6265437603, 3.36494469643, 5.54657936096, 7.97851037979, 11.4958229065, 21.8854942322, 28.4825134277, 25.5757408142, 17.5584430695, 14.1970529556, 19.1017475128, 16.6801700592, 16.062412262, 19.1125488281, 13.5870485306, 13.0359420776, 16.0085411072, 16.4771327972, 26.114944458, 16.6598987579, 8.06043624878, 7.77774143219, 8.15608406067, 5.03150510788, 3.09345602989, 2.00479221344, 1.52518379688, 0.895244777203, 0.32320562005, 0.183368071914, 0.0818381011486, 0.0270419809967, 0.00867350772023, 0.00175991724245, 0.000131866589072], "median": [0.0302397459745, 0.398815214634, 1.24743902683, 1.33221232891, 0.962460458279, 0.954843521118, 1.10203289986, 2.05679321289, 3.11758971214, 3.45973467827, 3.63979458809, 5.11400699615, 4.96239471436, 4.23874902725, 3.56797599792, 4.49415683746, 5.33808135986, 6.10144615173, 7.98431873322, 7.23648405075, 8.25603485107, 8.58081150055, 7.93518304825, 10.2088565826, 7.20466327667, 2.90614509583, 2.6924264431, 2.7229142189, 1.93753349781, 1.14192223549, 0.821664869785, 0.477186888456, 0.231477290392, 0.110855594277, 0.0522709302604, 0.0172167979181, 0.00368260359392, 0.000572588120122, 6.56034608255e-05, 2.47442585533e-05], "min": [9.49607786075e-22, 1.09329277433e-20, 1.38816481046e-20, 3.44711687528e-20, 6.94015390678e-20, 1.85929935777e-19, 3.19615505956e-19, 4.80445059636e-19, 1.07994074476e-18, 2.37801480732e-18, 1.76954674579e-18, 1.10505063944e-18, 2.99333378549e-18, 4.95662546269e-18, 6.7848790777e-18, 5.30161271768e-18, 4.41116974547e-18, 6.59224567024e-18, 4.95865329596e-18, 8.29856045526e-18, 1.06877707386e-17, 6.47077667883e-18, 7.36253031872e-18, 1.01115674772e-17, 7.6706807395e-18, 7.65146616105e-18, 1.27193941518e-17, 1.33383866391e-17, 1.57042621573e-17, 1.54627039118e-17, 1.50011718716e-17, 2.00618909833e-17, 2.05949939988e-17, 1.0416314877e-17, 7.89320473198e-18, 6.60583707489e-18, 2.99616936063e-18, 1.29750258415e-18, 3.27180667194e-19, 3.46082642458e-20], "dvar2": [0.140194043517, 12.2336044312, 81.3053970337, 44.7751846313, 24.9501609802, 128.906509399, 98.4969558716, 223.160293579, 583.878051758, 1082.86376953, 4425.81689453, 6807.89648438, 5355.82275391, 3652.83032227, 2293.8815918, 3836.01049805, 1449.83496094, 1952.84960938, 1671.3380127, 1146.22851562, 495.539642334, 997.210998535, 1140.07800293, 2934.65283203, 1529.1932373, 350.341369629, 341.716522217, 377.73815918, 135.476806641, 51.6766166687, 26.1385269165, 29.2269077301, 11.9642105103, 0.844918191433, 0.305208772421, 0.0909104496241, 0.0143648320809, 0.0017121983692, 7.37463851692e-05, 3.62364687589e-07], "dvar": [0.0453423373401, 4.08889627457, 28.6204280853, 16.6243782043, 9.74917984009, 46.2396469116, 42.4665527344, 83.8100585938, 215.780197144, 526.51348877, 2074.99267578, 3565.04492188, 3147.0793457, 1840.89367676, 1117.94042969, 1705.875, 599.082702637, 814.035095215, 756.130187988, 520.335449219, 210.22807312, 391.88961792, 496.703186035, 1332.29882812, 656.395629883, 140.301651001, 137.436355591, 154.407028198, 54.8518486023, 21.2489471436, 12.1466913223, 15.9680252075, 6.45626163483, 0.409489542246, 0.150066956878, 0.0421699732542, 0.00647387513891, 0.000787879456766, 3.28319692926e-05, 1.58428051122e-07], "dmean": [0.0669167786837, 0.639304220676, 1.99802422523, 1.77652871609, 1.35376524925, 2.093354702, 2.06165099144, 3.37726783752, 4.75741624832, 7.7761387825, 14.7340955734, 20.2825984955, 18.7302722931, 12.0339794159, 9.40183162689, 12.5076351166, 10.7401571274, 10.1602468491, 12.1492624283, 8.67343425751, 8.12487316132, 9.84301376343, 10.3832092285, 17.1332511902, 10.6788387299, 5.11618518829, 5.00463819504, 5.30174684525, 3.25790953636, 1.97162127495, 1.30520427227, 1.06061553955, 0.609464228153, 0.219568386674, 0.124181270599, 0.054835498333, 0.0181884393096, 0.00575725361705, 0.00115001481026, 8.46981129143e-05], "max": [2.47676038742, 21.903678894, 67.2042617798, 91.8975143433, 83.9140167236, 106.645088196, 251.874160767, 202.151489258, 437.354003906, 516.214355469, 1080.87487793, 1159.13793945, 1372.04724121, 1274.42822266, 978.372253418, 1305.14660645, 535.781433105, 733.251220703, 1064.06469727, 771.190246582, 437.50793457, 523.762512207, 622.462097168, 1107.74816895, 1123.36083984, 230.099761963, 196.317230225, 240.075088501, 124.901603699, 140.713577271, 191.466461182, 167.851379395, 110.163169861, 24.9152793884, 9.19328022003, 5.3408613205, 2.09189748764, 0.59967148304, 0.118981465697, 0.0084387017414], "var": [0.0347159616649, 2.73024225235, 27.7825603485, 23.0797729492, 12.6031446457, 39.6425361633, 62.1913032532, 117.667747498, 256.825469971, 1459.97058105, 9032.96582031, 14716.1748047, 18734.4550781, 8900.8203125, 2601.54907227, 4265.95996094, 1360.10766602, 1367.43505859, 1724.30834961, 1102.59997559, 531.543579102, 806.349060059, 1381.43640137, 4050.31152344, 1754.43103027, 379.552276611, 312.116027832, 315.926391602, 112.10786438, 49.1359977722, 35.6910858154, 45.2021522522, 16.4536838531, 1.16032588482, 0.284905582666, 0.0609440803528, 0.00809282436967, 0.000964319915511, 3.7087185774e-05, 1.68799473954e-07], "mean": [0.0752274021506, 0.79898250103, 3.32330775261, 3.35946631432, 2.09330892563, 2.67215657234, 3.28907203674, 5.74779653549, 8.41430091858, 14.6202392578, 32.9487457275, 44.748588562, 46.8036766052, 26.108789444, 16.5866165161, 22.4585933685, 18.9917106628, 17.5993232727, 21.9583816528, 16.805639267, 15.9906053543, 18.0405406952, 20.7174453735, 35.8342704773, 22.1377868652, 10.7829790115, 10.4511356354, 10.3926753998, 6.50112199783, 3.93646359444, 2.75839543343, 2.14825558662, 1.2054527998, 0.470610767603, 0.229736968875, 0.0890373885632, 0.0260746460408, 0.00748155498877, 0.00128302921075, 0.000102597674413]}, "spectral_strongpeak": {"dmean2": 0.795251727104, "median": 0.446426689625, "min": 0, "dvar2": 1.79058670998, "dvar": 0.771309137344, "dmean": 0.478392660618, "max": 18.4018325806, "var": 2.04475140572, "mean": 1.10265874863}, "spectral_energy": {"dmean2": 0.0107489479706, "median": 0.0143982199952, "min": 1.03246002184e-20, "dvar2": 0.000517204985954, "dvar": 0.000174447282916, "dmean": 0.00646620895714, "max": 0.154672250152, "var": 0.000295453326544, "mean": 0.0184338875115}, "average_loudness": 0.76336568594, "spectral_rolloff": {"dmean2": 958.460327148, "median": 1464.2578125, "min": 43.06640625, "dvar2": 2651686, "dvar": 1312779.875, "dmean": 583.510314941, "max": 21081.0058594, "var": 3010840.75, "mean": 1837.27563477}, "spectral_centroid": {"dmean2": 375.114837646, "median": 1622.27185059, "min": 124.880126953, "dvar2": 179185.875, "dvar": 93853.8359375, "dmean": 252.301834106, "max": 11032.4570312, "var": 525852.75, "mean": 1626.12744141}, "pitch_salience": {"dmean2": 0.10591302067, "median": 0.484199881554, "min": 0.0822379812598, "dvar2": 0.0111088464037, "dvar": 0.0044223619625, "dmean": 0.0652157887816, "max": 0.984597146511, "var": 0.0140174813569, "mean": 0.493376851082}, "spectral_energyband_middle_high": {"dmean2": 0.0020464877598, "median": 0.00236400868744, "min": 1.47165770731e-21, "dvar2": 1.03042630144e-05, "dvar": 5.4068677855e-06, "dmean": 0.00142859376501, "max": 0.0510395094752, "var": 3.75136041839e-05, "mean": 0.00466122385114}, "spectral_contrast_coeffs": {"dmean2": [0.0762960463762, 0.0703821405768, 0.0608203075826, 0.0518139339983, 0.0382522344589, 0.0319444723427], "median": [-0.670857310295, -0.722183585167, -0.745624542236, -0.758152067661, -0.763058364391, -0.738955020905], "min": [-0.973446965218, -0.972880601883, -0.989347100258, -0.964449524879, -0.957145035267, -0.959812641144], "dvar2": [0.00452407961711, 0.0038369151298, 0.00263806967996, 0.00184413907118, 0.00106223754119, 0.000899889040738], "dvar": [0.00178946135566, 0.00164142181166, 0.00127267709468, 0.000850715267006, 0.000536296516657, 0.000439451046987], "dmean": [0.0467135421932, 0.0441325753927, 0.0390666089952, 0.0327380262315, 0.025085862726, 0.0212382562459], "max": [-0.313646823168, -0.387221515179, -0.405498743057, -0.509711444378, -0.550929546356, -0.589380979538], "var": [0.00583547679707, 0.00736288167536, 0.00911183468997, 0.00438665552065, 0.00341830449179, 0.0026079795789], "mean": [-0.67047482729, -0.712016701698, -0.727369248867, -0.751864373684, -0.757323980331, -0.74026620388]}, "melbands_skewness": {"dmean2": 1.28138792515, "median": 2.15375256538, "min": -1.92036771774, "dvar2": 3.02403688431, "dvar": 1.34389042854, "dmean": 0.826386809349, "max": 14.6703634262, "var": 4.69156885147, "mean": 2.78566861153}, "spectral_spread": {"dmean2": 714709.9375, "median": 4108722.75, "min": 1591253.125, "dvar2": 1056559923200.0, "dvar": 607601426432, "dmean": 490745.28125, "max": 40487808, "var": 2153300230140.0, "mean": 4370887}, "dissonance": {"dmean2": 0.02709726803, "median": 0.469053596258, "min": 0.0683583021164, "dvar2": 0.000840362743475, "dvar": 0.00032516248757, "dmean": 0.0163255799562, "max": 0.500000119209, "var": 0.00078819936607, "mean": 0.462392777205}, "spectral_skewness": {"dmean2": 0.331325978041, "median": 1.31741344929, "min": -0.0865722149611, "dvar2": 0.130656227469, "dvar": 0.0494751483202, "dmean": 0.203111410141, "max": 4.81935119629, "var": 0.192882791162, "mean": 1.38744592667}, "spectral_flux": {"dmean2": 0.0364096015692, "median": 0.0540304146707, "min": 1.01610039827e-10, "dvar2": 0.00224369741045, "dvar": 0.00102916744072, "dmean": 0.0233496073633, "max": 0.372628182173, "var": 0.0024718362838, "mean": 0.066247291863}, "spectral_contrast_valleys": {"dmean2": [0.743108391762, 0.595388174057, 0.510751068592, 0.460623621941, 0.411805093288, 0.39570876956], "median": [-7.59831809998, -7.51395797729, -7.98205661774, -8.0922794342, -7.76290655136, -10.4001073837], "min": [-26.9393749237, -27.1455440521, -27.0048923492, -27.047170639, -27.3597812653, -27.203622818], "dvar2": [0.50255304575, 0.364110350609, 0.235578894615, 0.226994335651, 0.260863929987, 0.266501635313], "dvar": [0.237607643008, 0.157715663314, 0.11666982621, 0.113609388471, 0.138695538044, 0.15359659493], "dmean": [0.463090747595, 0.370094001293, 0.324258267879, 0.292613536119, 0.280297636986, 0.293831825256], "max": [-5.32788944244, -4.5943479538, -5.58340597153, -6.11429643631, -5.47434854507, -7.69286775589], "var": [1.35460138321, 0.940445303917, 0.941174983978, 0.804761052132, 1.02928006649, 1.22096991539], "mean": [-7.87554550171, -7.52880907059, -8.09510326385, -8.24193954468, -7.94025278091, -10.5640220642]}, "erbbands_flatness_db": {"dmean2": 0.024966577068, "median": 0.157945364714, "min": 0.0362890549004, "dvar2": 0.000676740019117, "dvar": 0.00035832755384, "dmean": 0.0177611839026, "max": 0.369932115078, "var": 0.00248294905759, "mean": 0.165258780122}, "spectral_energyband_high": {"dmean2": 0.000447760539828, "median": 0.000264103728114, "min": 7.34613043557e-21, "dvar2": 1.01751720649e-06, "dvar": 4.47943648396e-07, "dmean": 0.000308523391141, "max": 0.0143517740071, "var": 1.4760863678e-06, "mean": 0.00079592684051}, "spectral_entropy": {"dmean2": 0.223965957761, "median": 7.56091451645, "min": 4.94825077057, "dvar2": 0.067582808435, "dvar": 0.0371039658785, "dmean": 0.158718690276, "max": 9.8091917038, "var": 0.233114242554, "mean": 7.48415803909}, "silence_rate_20dB": {"dmean2": 0, "median": 1, "min": 1, "dvar2": 0, "dvar": 0, "dmean": 0, "max": 1, "var": 0, "mean": 1}, "melbands_flatness_db": {"dmean2": 0.0400365144014, "median": 0.178766414523, "min": 0.00609724177048, "dvar2": 0.00227867159992, "dvar": 0.00110127427615, "dmean": 0.0267993547022, "max": 0.579507291317, "var": 0.00728553021327, "mean": 0.196537345648}, "barkbands": {"dmean2": [0.000419300195063, 0.00482920370996, 0.00298580341041, 0.000808676413726, 0.000902571191546, 0.000589638948441, 0.000632115872577, 0.000920873077121, 0.00126514118165, 0.000757317058742, 0.000363326136721, 0.000468985759653, 0.00039201794425, 0.000329884089297, 0.000371555477614, 0.000232883976423, 0.00033981265733, 0.000358690565918, 0.00046574298176, 0.000169675942743, 0.000210391459404, 0.000138169751153, 7.06932478352e-05, 6.07850161032e-05, 2.5578226996e-05, 1.63303520822e-05, 1.08091371658e-05], "median": [9.75514558377e-06, 0.00143039389513, 0.000975872739218, 0.000256811938016, 0.000328511465341, 0.00022879736207, 0.000223730196012, 0.000126135215396, 0.000167809688719, 9.7695425211e-05, 6.33708405076e-05, 8.32155201351e-05, 8.55968028191e-05, 7.73273422965e-05, 0.000153020009748, 0.000101944649941, 0.00016225426225, 0.000143088022014, 0.000186514545931, 5.70126576349e-05, 7.33852066332e-05, 5.17181179021e-05, 2.91779306281e-05, 1.79243725142e-05, 8.57595568959e-06, 2.62782918981e-06, 2.95750027135e-07], "min": [1.14730375999e-23, 4.47993035224e-23, 1.21159363607e-23, 8.76657258554e-24, 4.90098517595e-23, 5.07429381475e-23, 9.68742774846e-23, 1.16010970194e-22, 4.21852109646e-23, 1.44041217641e-22, 1.4720639265e-22, 1.1679933885e-22, 1.10605001074e-22, 1.18003001752e-22, 1.41495721272e-22, 1.72216766955e-22, 1.25266605776e-22, 1.56267059681e-22, 1.70983127339e-22, 1.75018169802e-22, 3.25911332291e-22, 4.25395754874e-22, 5.51389437968e-22, 1.2208247791e-21, 9.20472388677e-22, 1.76657081975e-21, 2.39882135302e-21], "dvar2": [3.4397521631e-06, 0.000210089696338, 5.58018145966e-05, 2.88900923806e-06, 6.12434814684e-06, 2.46461377174e-06, 3.77985634259e-06, 7.242859283e-06, 1.10360169856e-05, 5.47029048903e-06, 1.4256357872e-06, 2.03112767849e-06, 8.53637402543e-07, 8.99952510736e-07, 5.60149317153e-07, 2.03896348694e-07, 3.72691715711e-07, 5.2078240742e-07, 9.07008200102e-07, 1.48411317014e-07, 2.44963530349e-07, 9.66465094621e-08, 3.01671221337e-08, 4.80437769568e-08, 5.06696906655e-09, 4.73667638445e-09, 2.64537192152e-09], "dvar": [1.66641268606e-06, 6.86213606969e-05, 2.02544179047e-05, 1.05791662008e-06, 2.21120581045e-06, 9.5240545761e-07, 1.49528261773e-06, 3.43847955264e-06, 5.81762787988e-06, 3.12156089421e-06, 8.32455611999e-07, 8.80918094026e-07, 3.45219575593e-07, 3.63175189477e-07, 2.56614043792e-07, 8.50932693197e-08, 1.45707062416e-07, 2.20161538778e-07, 4.07443565109e-07, 5.93813744842e-08, 9.8637855217e-08, 3.90552443719e-08, 1.44312854999e-08, 2.76374230168e-08, 2.49270293295e-09, 2.16579087997e-09, 1.19320597847e-09], "dmean": [0.000294590892736, 0.00264383503236, 0.00176443671808, 0.000479062116938, 0.000524096074514, 0.000358983612387, 0.000388389657019, 0.00060789793497, 0.000875945028383, 0.000534675607923, 0.000249895412708, 0.00030331799644, 0.000250133132795, 0.000205535587156, 0.000235884814174, 0.000143865006976, 0.000207113131182, 0.000224011950195, 0.000303946668282, 0.000108212836494, 0.00013580590894, 8.91371892067e-05, 4.66303572466e-05, 4.26047772635e-05, 1.74744818651e-05, 1.09886705104e-05, 7.044119684e-06], "max": [0.0333475619555, 0.0902358144522, 0.0590236261487, 0.0210444461554, 0.0288644991815, 0.0243521686643, 0.0346659645438, 0.039083071053, 0.0448933839798, 0.0418229140341, 0.0263298992068, 0.0255389083177, 0.0120450472459, 0.0161403007805, 0.0180612560362, 0.00674757221714, 0.00763131724671, 0.0116890473291, 0.0178385619074, 0.00440347241238, 0.00578536000103, 0.00400034431368, 0.00541983172297, 0.0072526903823, 0.00136179302353, 0.00113671377767, 0.000754334789235], "var": [2.17419574255e-06, 4.70275299449e-05, 2.43564008997e-05, 1.50917867359e-06, 1.98803650164e-06, 1.28191084059e-06, 2.23033225666e-06, 1.40851516335e-05, 2.46097006311e-05, 1.4667942196e-05, 2.55471627497e-06, 2.05038304557e-06, 7.28504630843e-07, 5.8003729464e-07, 6.27398549113e-07, 2.08851702155e-07, 2.84532944761e-07, 5.26236647147e-07, 1.23888401049e-06, 1.56363427095e-07, 2.08428048154e-07, 8.04044759661e-08, 4.2934846789e-08, 8.03626107881e-08, 6.11361672398e-09, 2.82197709645e-09, 1.36652089644e-09], "mean": [0.000309161521727, 0.0031691