{"tonal": {"thpcp": [1, 0.941024363041, 0.999697208405, 0.994535148144, 0.727189183235, 0.72457253933, 0.884955525398, 0.7296641469, 0.70513021946, 0.787099182606, 0.546734333038, 0.52193492651, 0.64056378603, 0.467974036932, 0.448144733906, 0.563514173031, 0.428822904825, 0.389819085598, 0.512664914131, 0.414836645126, 0.504461169243, 0.726599693298, 0.600728690624, 0.609414637089, 0.686682462692, 0.445883274078, 0.469571977854, 0.654314398766, 0.472526431084, 0.607614994049, 0.901179492474, 0.636138439178, 0.521944582462, 0.613126933575, 0.522982418537, 0.745913028717], "hpcp": {"dmean2": [0.153350710869, 0.134183630347, 0.125990748405, 0.147575333714, 0.134672060609, 0.14755345881, 0.173911973834, 0.154937133193, 0.161109983921, 0.162481054664, 0.125553295016, 0.128595560789, 0.156187817454, 0.137785032392, 0.162041068077, 0.192641854286, 0.17665874958, 0.152780890465, 0.158474996686, 0.163677439094, 0.208675220609, 0.266814261675, 0.299803137779, 0.304221391678, 0.292765796185, 0.266154587269, 0.243634745479, 0.240461781621, 0.246702507138, 0.22247287631, 0.20342130959, 0.185442298651, 0.159488201141, 0.172483593225, 0.153448864818, 0.144698500633], "median": [0.022651584819, 0.0203706920147, 0.017095150426, 0.0173286516219, 0.0183764081448, 0.0268525313586, 0.0309442356229, 0.0329526551068, 0.027616860345, 0.0248457510024, 0.0205980464816, 0.0256756804883, 0.030733756721, 0.0265654176474, 0.0271886214614, 0.0310586672276, 0.0306841339916, 0.0228135343641, 0.0198380853981, 0.0260719861835, 0.0392195396125, 0.0576428957283, 0.0516603700817, 0.0494710765779, 0.0468177646399, 0.0368508398533, 0.0421999432147, 0.0425778366625, 0.0346741974354, 0.0348791889846, 0.0327982157469, 0.0283920932561, 0.0232739336789, 0.020787563175, 0.0168618876487, 0.0178897809237], "min": [0, 0, 0, 0, 0, 0, 0, 0, 0, 0, 0, 0, 0, 0, 0, 0, 0, 0, 0, 0, 0, 0, 0, 0, 0, 0, 0, 0, 0, 0, 0, 0, 0, 0, 0, 0], "dvar2": [0.0767142251134, 0.0612831898034, 0.0585991218686, 0.0768335610628, 0.0617513656616, 0.0650859624147, 0.0836581587791, 0.064259275794, 0.0669251456857, 0.0743593499064, 0.04730591923, 0.0492604151368, 0.0700261890888, 0.0548446886241, 0.0697552412748, 0.0925710201263, 0.0760023370385, 0.0671679079533, 0.0758272334933, 0.0757429227233, 0.0996794179082, 0.133321866393, 0.160298779607, 0.163370445371, 0.152934297919, 0.142380326986, 0.127186343074, 0.124697096646, 0.134131282568, 0.116296716034, 0.102732956409, 0.0985607132316, 0.073474124074, 0.0879529491067, 0.0800952091813, 0.0675580278039], "dvar": [0.0317983143032, 0.0229978747666, 0.0214264150709, 0.0315392501652, 0.0234794765711, 0.0241669025272, 0.0346405990422, 0.0250038839877, 0.0262290239334, 0.0339126810431, 0.0192725080997, 0.0199094768614, 0.0303765181452, 0.0210026297718, 0.027593433857, 0.0429837405682, 0.0298295803368, 0.026462379843, 0.0313512645662, 0.0293032415211, 0.0386530533433, 0.0533606559038, 0.0608496181667, 0.0663155168295, 0.0618622973561, 0.051999270916, 0.0456227846444, 0.0500058121979, 0.0481509827077, 0.0433630086482, 0.042199447751, 0.0354131385684, 0.0280812829733, 0.0375511273742, 0.0301862731576, 0.0260078441352], "dmean": [0.0902272611856, 0.0765723362565, 0.0717398971319, 0.0842382609844, 0.0772445350885, 0.0856291875243, 0.102934315801, 0.0920844748616, 0.0939096137881, 0.095436617732, 0.0745045542717, 0.0763619765639, 0.0930876582861, 0.0799955129623, 0.0963951274753, 0.11517329514, 0.104181885719, 0.0886462256312, 0.0932654812932, 0.0948942378163, 0.121447227895, 0.15463462472, 0.171723008156, 0.17630019784, 0.16868840158, 0.149124637246, 0.137334555387, 0.138172209263, 0.138919875026, 0.126704350114, 0.119174607098, 0.105309553444, 0.0927652865648, 0.10125707835, 0.087661780417, 0.0826325044036], "max": [1, 1, 1, 1, 1, 1, 1, 1, 1, 1, 1, 1, 1, 1, 1, 1, 1, 1, 1, 1, 1, 1, 1, 1, 1, 1, 1, 1, 1, 1, 1, 1, 1, 1, 1, 1], "var": [0.049630060792, 0.0312028117478, 0.0265139881521, 0.0493197105825, 0.0300742071122, 0.0316528491676, 0.06535564363, 0.040864393115, 0.0430972054601, 0.0677776485682, 0.0277175735682, 0.0295808203518, 0.0580420829356, 0.0293273963034, 0.0437504388392, 0.0927026495337, 0.0440874509513, 0.0399488098919, 0.0554477237165, 0.034930948168, 0.0552572719753, 0.0857072174549, 0.0751621201634, 0.0893351584673, 0.0901329144835, 0.0566074997187, 0.0523283593357, 0.0815800502896, 0.0580681301653, 0.0558180175722, 0.0722169801593, 0.0378434844315, 0.0365700908005, 0.062249392271, 0.0354606248438, 0.032976411283], "mean": [0.113286815584, 0.0862089768052, 0.0783677920699, 0.103064261377, 0.0833972319961, 0.101415015757, 0.146072924137, 0.120768286288, 0.122514471412, 0.138048112392, 0.0896387323737, 0.094401024282, 0.131540954113, 0.0949949771166, 0.122152678668, 0.181169807911, 0.127886936069, 0.104929819703, 0.123260781169, 0.105138465762, 0.149955615401, 0.201036319137, 0.189180076122, 0.200975447893, 0.199937686324, 0.146191433072, 0.14566539228, 0.177908197045, 0.146688997746, 0.141756787896, 0.158235520124, 0.10991346091, 0.104927875102, 0.128776580095, 0.0940797775984, 0.0900933668017]}, "tuning_equal_tempered_deviation": 0.0160949025303, "chords_changes_rate": 0.0870208442211, "key_key": "E", "tuning_diatonic_strength": 0.271175295115, "key_scale": "major", "chords_number_rate": 0.0029589778278, "tuning_frequency": 446.399932861, "tuning_nontempered_energy_ratio": 0.73050904274, "chords_histogram": [5.42030954361, 2.3940820694, 5.66240739822, 2.75722932816, 3.72562193871, 1.51983857155, 4.04841947556, 4.1694688797, 2.21923327446, 2.54203104973, 0.578345656395, 0.941492915154, 5.47410917282, 5.97175502777, 2.16543364525, 2.79757905006, 12.1183595657, 9.84532642365, 5.35305976868, 4.96301269531, 1.10289168358, 2.87827849388, 4.65366506577, 6.69804954529], "key_strength": 0.407686233521, "chords_key": "C", "chords_strength": {"dmean2": 0.0130129316822, "median": 0.425602138042, "min": -1, "dvar2": 0.000646512082312, "dvar": 0.000356269651093, "dmean": 0.0125399269164, "max": 0.696519553661, "var": 0.0143641931936, "mean": 0.422991842031}, "chords_scale": "major", "hpcp_entropy": {"dmean2": 1.01567971706, "median": 1.78606522083, "min": 0, "dvar2": 0.71749818325, "dvar": 0.273010164499, "dmean": 0.601221323013, "max": 4.55838060379, "var": 0.605748295784, "mean": 1.77999401093}}, "metadata": {"audio_properties": {"equal_loudness": 0, "codec": "mp3", "downmix": "mix", "sample_rate": 44100, "analysis_sample_rate": 44100, "bit_rate": 192000, "md5_encoded": "be36b90bc7c961aa9ab97340eb25e99e", "length": 345.234283447, "replay_gain": -8.06832695007, "lossless": false}, "version": {"essentia_build_sha": "70f2e5ece6736b2c40cc944ad0e695b16b925413", "essentia": "2.1-beta2", "extractor": "music 1.0", "essentia_git_sha": "v2.1_beta2"}, "tags": {"title": ["Pots"], "barcode": ["011105027021"], "media": ["CD"], "albumartist": ["Various Artists"], "language": ["eng"], "musicbrainz_recordingid": ["0d03ef8b-1816-4e75-9f8b-295f3e01fc13"], "encoding": ["Audiograbber 1.82.02, LAME dll 3.90, 192 Kbit/s, Joint Stereo, Normal quality"], "musicbrainz_albumartistid": ["89ad4ac3-39f7-470e-963a-56509c546377"], "discnumber": ["1/1"], "album": ["Mixed"], "catalognumber": ["IMPD270"], "musicbrainz album release country": ["US"], "musicbrainz album type": ["album"], "musicbrainz album status": ["official"], "file_name": "02. Pots.mp3", "originaldate": ["1998"], "date": ["1998"], "genre": ["Jazz"], "musicbrainz_artistid": ["89efd371-dad0-439e-9995-dd25423868c0"], "asin": ["B00000DD24"], "musicbrainz_albumid": ["34cf88d7-ff21-43c2-8a12-88cda53b13c8"], "artist": ["The Cecil Taylor Unit"], "artistsort": ["Cecil Taylor Unit, The"], "tracknumber": ["2/7"], "label": ["impulse!"], "albumartistsort": ["Various Artists"], "acoustid_id": ["38cc5df2-9a0f-4bc5-9341-8a18a26444f2"], "script": ["Latn"]}}, "rhythm": {"bpm_histogram_first_peak_bpm": {"dmean2": 0, "median": 136, "min": 136, "dvar2": 0, "dvar": 0, "dmean": 0, "max": 136, "var": 0, "mean": 136}, "bpm": 135.824645996, "bpm_histogram_second_peak_spread": {"dmean2": 0, "median": 0.400000035763, "min": 0.400000035763, "dvar2": 0, "dvar": 0, "dmean": 0, "max": 0.400000035763, "var": 0, "mean": 0.400000035763}, "bpm_histogram_first_peak_weight": {"dmean2": 0, "median": 0.189922481775, "min": 0.189922481775, "dvar2": 0, "dvar": 0, "dmean": 0, "max": 0.189922481775, "var": 0, "mean": 0.189922481775}, "onset_rate": 3.98556494713, "beats_position": [0.487619042397, 0.986848056316, 1.49768710136, 2.00852608681, 2.50775504112, 3.00698399544, 3.48299312592, 3.95900225639, 4.43501138687, 4.91102027893, 5.38702917099, 5.87464857101, 6.33904743195, 6.81505680084, 7.27945566177, 7.65097475052, 8.0224943161, 8.40562343597, 8.77714252472, 9.12544155121, 9.49696159363, 9.8800907135, 10.2516098022, 10.623128891, 10.9830379486, 11.354557991, 11.7376871109, 12.0975961685, 12.4691152573, 12.8290243149, 13.1889343262, 13.5372333527, 13.9087524414, 14.2802715302, 14.6401815414, 14.9768705368, 15.3135595322, 15.6386394501, 15.9753284454, 16.3004074097, 16.6487064362, 17.0086174011, 17.3685264587, 17.7168254852, 18.0535144806, 18.390203476, 18.7385025024, 19.0751914978, 19.4118824005, 19.7369613647, 20.0852603912, 20.4335594177, 20.7818584442, 21.1301574707, 21.4668483734, 21.8151473999, 22.1634464264, 22.523355484, 22.8716545105, 23.1967334747, 23.5334243774, 23.8817234039, 24.2184123993, 24.5434913635, 24.8685703278, 25.1936511993, 25.5419502258, 25.8902492523, 26.2269382477, 26.563627243, 26.9003162384, 27.2370071411, 27.5853061676, 27.9336051941, 28.2819042206, 28.6302032471, 28.9668922424, 29.3035831451, 29.6286621094, 29.9537410736, 30.2788200378, 30.6155090332, 30.9754180908, 31.358549118, 31.7416782379, 32.1248054504, 32.5195465088, 32.9026756287, 33.2974128723, 33.6805419922, 34.0636711121, 34.4468002319, 34.818321228, 35.1898422241, 35.572971344, 35.9677085876, 36.3392295837, 36.7107467651, 37.0822677612, 37.4886169434, 37.9065742493, 38.3361434937, 38.765712738, 39.1952819824, 39.613243103, 40.0312004089, 40.4375495911, 40.8438987732, 41.2618598938, 41.6914291382, 42.1093864441, 42.5273475647, 42.9569168091, 43.3864860535, 43.8160552979, 44.2456245422, 44.6635818481, 45.0931510925, 45.5227203369, 45.9522895813, 46.3818588257, 46.7998161316, 47.229385376, 47.6589546204, 48.076915741, 48.5064849854, 48.9244422913, 49.3424034119, 49.748752594, 50.1551017761, 50.5266189575, 50.8865280151, 51.2464370728, 51.6179580688, 51.9778671265, 52.3493881226, 52.7092971802, 53.0924263, 53.4755554199, 53.8702926636, 54.2650337219, 54.6481628418, 55.0777320862, 55.5073013306, 55.936870575, 56.3780479431, 56.7727890015, 57.1675262451, 57.5622673035, 57.9802246094, 58.4097938538, 58.8393630981, 59.2573242188, 59.6636734009, 60.0584106445, 60.4531517029, 60.859500885, 61.2658500671, 61.6721992493, 62.0901565552, 62.5777778625, 63.0653953552, 63.5530128479, 63.9825820923, 64.4121551514, 64.8533325195, 65.2945098877, 65.7240829468, 66.142036438, 66.5599975586, 66.9779586792, 67.4075241089, 67.8254852295, 68.2318344116, 68.6265716553, 69.0329208374, 69.4276657104, 69.8340148926, 70.2287521362, 70.6351013184, 71.029838562, 71.4245758057, 71.8193206787, 72.2256698608, 72.6436233521, 73.0615844727, 73.4679336548, 73.8742828369, 74.280632019, 74.6173248291, 74.9540100098, 75.3023147583, 75.638999939, 75.975692749, 76.3007659912, 76.6374588013, 76.9625396729, 77.2876205444, 77.6243057251, 77.9726028442, 78.3092956543, 78.6459884644, 79.0871658325, 79.5283432007, 79.9695205688, 80.4223098755, 80.8634872437, 81.3046722412, 81.7342376709, 82.16381073, 82.5933761597, 83.0461654663, 83.4873428345, 83.928527832, 84.3580932617, 84.8921508789, 85.4378204346, 85.9834899902, 86.5175476074, 87.0516052246, 87.5972747803, 88.1429443359, 88.7002258301, 89.2575073242, 89.8263931274, 90.4068908691, 90.8829040527, 91.3472976685, 91.8116989136, 92.2528762817, 92.6940536499, 93.1352386475, 93.5880279541, 94.0292053223, 94.4819946289, 94.9115600586, 95.3527450562, 95.7939224243, 96.2350997925, 96.6530609131, 97.0826263428, 97.5238113403, 97.9649887085, 98.4177780151, 98.8589553833, 99.3001327515, 99.7297058105, 100.170883179, 100.612060547, 101.053237915, 101.494422913, 101.935600281, 102.376777649, 102.829566956, 103.270744324, 103.72353363, 104.164710999, 104.617500305, 105.070289612, 105.511474609, 105.952651978, 106.405441284, 106.858230591, 107.311019897, 107.752197266, 108.193374634, 108.64616394, 109.098953247, 109.540130615, 110.00453186, 110.445709229, 110.875282288, 111.304847717, 111.734420776, 112.175598145, 112.616775513, 113.081176758, 113.533966064, 113.986755371, 114.439544678, 114.892333984, 115.333511353, 115.786300659, 116.239089966, 116.680267334, 117.121452332, 117.574241638, 118.027030945, 118.479812622, 118.932601929, 119.373786926, 119.814964294, 120.267753601, 120.79019928, 121.312652588, 121.846710205, 122.299499512, 122.763900757, 123.216690063, 123.66947937, 124.122268677, 124.575057983, 125.02784729, 125.480628967, 125.921813965, 126.362991333, 126.804168701, 127.23374176, 127.651695251, 128.081268311, 128.51083374, 128.94039917, 129.404800415, 129.857589722, 130.310379028, 130.751556396, 131.204345703, 131.668746948, 132.121536255, 132.574325562, 133.027114868, 133.468292236, 133.909469604, 134.350662231, 134.7918396, 135.244628906, 135.697418213, 136.138595581, 136.579772949, 137.020950317, 137.462127686, 137.903305054, 138.35609436, 138.808883667, 139.273284912, 139.830566406, 140.376235962, 140.921905518, 141.479187012, 142.036453247, 142.593734741, 143.151016235, 143.719909668, 144.172698975, 144.613876343, 145.055053711, 145.484619141, 145.937408447, 146.401809692, 146.877822876, 147.330612183, 147.783401489, 148.236190796, 148.677368164, 149.118545532, 149.548110962, 149.97769165, 150.40725708, 150.825210571, 151.254776001, 151.684356689, 152.137145996, 152.578323364, 153.019500732, 153.460678101, 153.901855469, 154.331420898, 154.761001587, 155.190567017, 155.608520508, 156.026489258, 156.456054688, 156.897232056, 157.338409424, 157.79119873, 158.243988037, 158.685165405, 159.126342773, 159.567520142, 160.00869751, 160.449890137, 160.891067505, 161.332244873, 161.773422241, 162.214599609, 162.655776978, 163.085342407, 163.514923096, 163.944488525, 164.385665894, 164.815231323, 165.256408691, 165.68598938, 166.11555481, 166.556732178, 167.009521484, 167.462310791, 167.903488159, 168.344665527, 168.785842896, 169.238632202, 169.691421509, 170.155822754, 170.608612061, 171.061401367, 171.502578735, 171.943756104, 172.39654541, 172.849334717, 173.290512085, 173.731704712, 174.161270142, 174.60244751, 175.032012939, 175.484802246, 175.937591553, 176.378768921, 176.819946289, 177.249526978, 177.679092407, 178.120269775, 178.561447144, 179.002624512, 179.455413818, 179.826934814, 180.175231934, 180.535140991, 180.88343811, 181.243347168, 181.603256226, 181.963165283, 182.334686279, 182.787475586, 183.228652954, 183.669830322, 184.111022949, 184.563812256, 185.016601562, 185.457778931, 185.88734436, 186.340133667, 186.781311035, 187.222488403, 187.652053833, 188.09324646, 188.534423828, 188.987213135, 189.428390503, 189.857955933, 190.287521362, 190.72869873, 191.169876099, 191.622665405, 192.063858032, 192.516647339, 192.957824707, 193.399002075, 193.840179443, 194.269744873, 194.710922241, 195.152099609, 195.593276978, 196.022857666, 196.440811157, 196.858764648, 197.288345337, 197.741134644, 198.182312012, 198.635101318, 199.099502563, 199.575500488, 200.039901733, 200.504302979, 200.968704224, 201.433105469, 201.897506714, 202.361907959, 202.826293945, 203.29069519, 203.720275879, 204.149841309, 204.5677948, 204.985748291, 205.403717041, 205.833282471, 206.2628479, 206.715637207, 207.180038452, 207.632827759, 208.074005127, 208.515182495, 208.956375122, 209.409164429, 209.861953735, 210.303131104, 210.744308472, 211.197097778, 211.649887085, 212.102676392, 212.555465698, 212.996643066, 213.449432373, 213.90222168, 214.343399048, 214.784576416, 215.225753784, 215.666931152, 216.108108521, 216.549285889, 216.978866577, 217.420043945, 217.872833252, 218.31401062, 218.74357605, 219.173141479, 219.614334106, 220.055511475, 220.496688843, 220.937866211, 221.379043579, 221.831832886, 222.284622192, 222.714187622, 223.166976929, 223.608154297, 224.060943604, 224.51373291, 224.966522217, 225.419311523, 225.930160522, 226.452606201, 226.97505188, 227.497497559, 228.008346558, 228.519180298, 229.030014038, 229.552474976, 230.086532593, 230.667022705, 231.235916138, 231.781585693, 232.338867188, 232.896133423, 233.453414917, 234.010696411, 234.567977905, 235.125259399, 235.682540894, 236.228210449, 236.669387817, 237.098953247, 237.551742554, 238.00453186, 238.457321167, 238.898498535, 239.351287842, 239.79246521, 240.233642578, 240.674819946, 241.127609253, 241.592010498, 242.068023682, 242.520812988, 242.973602295, 243.426391602, 243.879180908, 244.331970215, 244.784759521, 245.249160767, 245.701950073, 246.15473938, 246.595916748, 247.037094116, 247.489883423, 247.942672729, 248.372238159, 248.801803589, 249.231384277, 249.649337769, 250.078903198, 250.520080566, 250.949661255, 251.390838623, 251.84362793, 252.296417236, 252.737594604, 253.167160034, 253.596725464, 254.026306152, 254.455871582, 254.885437012, 255.303390503, 255.721359253, 256.150939941, 256.580505371, 256.998443604, 257.43963623, 257.88079834, 258.321990967, 258.71673584, 259.134674072, 259.529418945, 259.924163818, 260.318908691, 260.725250244, 261.108398438, 261.491516113, 261.909484863, 262.339050293, 262.768615723, 263.163360596, 263.569702148, 263.976043701, 264.394012451, 264.800354004, 265.218322754, 265.624664307, 266.031005859, 266.425750732, 266.820495605, 267.226837158, 267.668029785, 268.120819092, 268.573608398, 269.014770508, 269.467559814, 269.931976318, 270.373138428, 270.802703857, 271.232299805, 271.673461914, 272.137878418, 272.602264404, 273.066650391, 273.589111328, 274.111572266, 274.645629883, 275.202911377, 275.760162354, 276.317443848, 276.886352539, 277.46685791, 278.070556641, 278.685882568, 279.289611816, 279.893341064, 280.508666992, 281.100769043, 281.692871094, 282.284973145, 282.900299072, 283.515655518, 284.003265381, 284.490875244, 284.978485107, 285.454498291, 285.953735352, 286.429748535, 286.905761719, 287.381774902, 287.869384766, 288.356994629, 288.833007812, 289.320617676, 289.819854736, 290.330688477, 290.853149414, 291.271118164, 291.689056396, 292.107025146, 292.513366699, 292.931335449, 293.337677002, 293.755645752, 294.173614502, 294.579956055, 294.986297607, 295.39263916, 295.79901123, 296.216949463, 296.623291016, 297.029663086, 297.50567627, 297.981658936, 298.469299316, 298.9453125, 299.421295166, 299.88571167, 300.361724854, 300.837738037, 301.313751221, 301.801361084, 302.288970947, 302.764984131, 303.322265625, 303.879547119, 304.448425293, 305.028930664, 305.621032715, 306.224761963, 306.840087891, 307.443817139, 308.047515869, 308.662841797, 309.278167725, 309.89352417, 310.508850098, 311.135772705, 311.76272583, 312.494140625, 313.237182617, 313.980224609, 314.723266602, 315.454681396, 316.186126709, 316.85949707, 317.532867432, 318.148193359, 318.763519287, 319.378845215, 319.99420166, 320.609527588, 321.155181885, 321.700866699, 322.234924316, 322.699310303, 323.152099609, 323.616516113, 324.06930542, 324.522094727, 324.974884033, 325.43927002, 325.903656006, 326.356445312, 326.809234619, 327.262023926, 327.714813232, 328.167602539, 328.597167969, 329.026763916, 329.456329346, 329.885894775, 330.210968018, 330.53604126, 330.861114502, 331.197814941, 331.534515381, 331.871185303, 332.207885742, 332.544586182, 332.881256104, 333.217956543, 333.554656982, 333.891326904, 334.228027344, 334.645965576, 335.063934326, 335.481903076, 335.946289062, 336.410705566, 336.875091553, 337.339508057, 337.803894043, 338.268280029, 338.825561523, 339.359619141, 339.893676758, 340.450958252, 341.008239746, 341.56552124, 342.134429932, 342.703308105, 343.272186279, 343.841094971, 344.409973145], "beats_loudness": {"dmean2": 0.0310121905059, "median": 0.0281384121627, "min": 1.18279852579e-09, "dvar2": 0.000710628344677, "dvar": 0.000247172371019, "dmean": 0.0175556149334, "max": 0.153108045459, "var": 0.000601101783104, "mean": 0.0323394201696}, "danceability": 1.11038029194, "bpm_histogram_second_peak_weight": {"dmean2": 0, "median": 0.0620155036449, "min": 0.0620155036449, "dvar2": 0, "dvar": 0, "dmean": 0, "max": 0.0620155036449, "var": 0, "mean": 0.0620155036449}, "beats_count": 775, "bpm_histogram_second_peak_bpm": {"dmean2": 0, "median": 144, "min": 144, "dvar2": 0, "dvar": 0, "dmean": 0, "max": 144, "var": 0, "mean": 144}, "bpm_histogram_first_peak_spread": {"dmean2": 0, "median": 0.589385449886, "min": 0.589385449886, "dvar2": 0, "dvar": 0, "dmean": 0, "max": 0.589385449886, "var": 0, "mean": 0.589385449886}, "beats_loudness_band_ratio": {"dmean2": [0.442594021559, 0.204863637686, 0.311171919107, 0.247892051935, 0.11548756808, 0.0647668763995], "median": [0.3105892241, 0.123564615846, 0.172244891524, 0.111480362713, 0.052260812372, 0.0143582848832], "min": [0.00377920712344, 0.000360807025572, 0.00154921913054, 0.000654075178318, 0.000326161069097, 0.000125309903524], "dvar2": [0.11906427145, 0.0365646667778, 0.0715483874083, 0.0683671087027, 0.0172832515091, 0.0092353541404], "dvar": [0.0441105030477, 0.013604214415, 0.0245851874352, 0.0253257919103, 0.00604817969725, 0.00330838072114], "dmean": [0.257660448551, 0.119944468141, 0.17475810647, 0.141480088234, 0.067815862596, 0.0356886647642], "max": [0.986813783646, 0.870768964291, 0.926866531372, 0.97010576725, 0.564306616783, 0.817698478699], "var": [0.0741630941629, 0.0239648148417, 0.0327337235212, 0.0330166369677, 0.00722910603508, 0.00494925584644], "mean": [0.366980403662, 0.169576212764, 0.219357356429, 0.173755958676, 0.078015036881, 0.0359628163278]}}, "lowlevel": {"barkbands_spread": {"dmean2": 7.67898845673, "median": 15.3818483353, "min": 0.595295667648, "dvar2": 87.5016555786, "dvar": 39.1686134338, "dmean": 4.94888210297, "max": 143.164901733, "var": 180.248901367, "mean": 18.2324504852}, "melbands_spread": {"dmean2": 9.76982593536, "median": 17.4294261932, "min": 0.44614893198, "dvar2": 152.846725464, "dvar": 66.4171829224, "dmean": 6.26004076004, "max": 196.584884644, "var": 313.742523193, "mean": 21.1964130402}, "hfc": {"dmean2": 7.97508478165, "median": 12.5811834335, "min": 1.15861136992e-16, "dvar2": 169.706161499, "dvar": 84.8445739746, "dmean": 5.63786458969, "max": 301.04119873, "var": 357.245330811, "mean": 17.4860668182}, "barkbands_kurtosis": {"dmean2": 5.26053524017, "median": 1.5304441452, "min": -1.92396473885, "dvar2": 147.006546021, "dvar": 68.9507598877, "dmean": 3.41397595406, "max": 300.179962158, "var": 144.725631714, "mean": 4.72492694855}, "gfcc": {"mean": [-39.8233337402, 104.697677612, -119.980209351, 22.3721580505, -54.0167503357, 12.4182386398, -35.4172439575, 5.92314004898, -22.9924278259, 2.6712949276, -16.3202590942, -6.96201181412, -13.3558111191], "icov": [[0.000422930606874, -0.000949102686718, 0.000914929376449, -0.000843447167426, 0.00104568502866, -0.00149252731353, 0.00124848727137, -0.00134904403239, 0.000952499511186, -0.000963542726822, 0.0007315952098, -0.000326061475789, 0.000120336233522], [-0.000949102686718, 0.00355560006574, -0.00198188656941, 0.00234856200404, -0.00254196487367, 0.00314601883292, -0.00224727462046, 0.00356932077557, -0.00337420031428, 0.00448627537116, -0.00438213953748, 0.00326172797941, -0.00144783908036], [0.000914929376449, -0.00198188656941, 0.00321514438838, -0.00191673077643, 0.00213595107198, -0.0032030295115, 0.00146880769171, -0.00246405880898, 0.00233545480296, -0.00277557596564, 0.00207950221375, -0.00140391371679, 0.00131420243997], [-0.000843447167426, 0.00234856200404, -0.00191673077643, 0.00386910070665, -0.00304046878591, 0.00238376646303, -0.00191220175475, 0.00132751266938, -0.000585122150369, 0.00119943288155, -0.00184760289267, 0.00274270470254, -0.0010965061374], [0.00104568502866, -0.00254196487367, 0.00213595107198, -0.00304046878591, 0.00835350342095, -0.00542611768469, 0.00270431651734, -0.00135047885124, -0.00188587268349, 0.000755975430366, 0.000356923410436, -0.00130543101113, 0.000234700564761], [-0.00149252731353, 0.00314601883292, -0.0032030295115, 0.00238376646303, -0.00542611768469, 0.014460766688, -0.00989911146462, 0.00213011587039, 0.00159657024778, -0.00141203461681, 0.00135078572202, -0.000520833593328, 0.000553819292691], [0.00124848727137, -0.00224727462046, 0.00146880769171, -0.00191220175475, 0.00270431651734, -0.00989911146462, 0.0166497901082, -0.00730034243315, 0.00044848077232, 0.00404930952936, -0.00488255219534, 0.00340574863367, -0.00315319327638], [-0.00134904403239, 0.00356932077557, -0.00246405880898, 0.00132751266938, -0.00135047885124, 0.00213011587039, -0.00730034243315, 0.020500652492, -0.01190798264, 0.00406052265316, 0.000528746517375, -0.00257517769933, 0.00218565762043], [0.000952499511186, -0.00337420031428, 0.00233545480296, -0.000585122150369, -0.00188587268349, 0.00159657024778, 0.00044848077232, -0.01190798264, 0.0241159982979, -0.0162585899234, 0.00518015213311, 0.00301304762252, -0.00396438362077], [-0.000963542726822, 0.00448627537116, -0.00277557596564, 0.00119943288155, 0.000755975430366, -0.00141203461681, 0.00404930952936, 0.00406052265316, -0.0162585899234, 0.0326221510768, -0.0171713344753, 0.00363702583127, 0.00256225350313], [0.0007315952098, -0.00438213953748, 0.00207950221375, -0.00184760289267, 0.000356923410436, 0.00135078572202, -0.00488255219534, 0.000528746517375, 0.00518015213311, -0.0171713344753, 0.0284740719944, -0.0146683538333, 0.0049470057711], [-0.000326061475789, 0.00326172797941, -0.00140391371679, 0.00274270470254, -0.00130543101113, -0.000520833593328, 0.00340574863367, -0.00257517769933, 0.00301304762252, 0.00363702583127, -0.0146683538333, 0.0235964357853, -0.0104299653322], [0.000120336233522, -0.00144783908036, 0.00131420243997, -0.0010965061374, 0.000234700564761, 0.000553819292691, -0.00315319327638, 0.00218565762043, -0.00396438362077, 0.00256225350313, 0.0049470057711, -0.0104299653322, 0.0188190806657]], "cov": [[16973.4433594, 1526.14221191, -2384.24902344, 897.929443359, -407.375366211, 293.017578125, -399.46282959, 247.542404175, -49.3610305786, 10.4840068817, -163.141998291, -238.733627319, 27.2222251892], [1526.14221191, 1345.45288086, -257.819030762, -297.24130249, 84.7098464966, -135.528213501, -15.9136972427, -92.2545089722, 76.4037780762, -72.0837783813, 59.8343162537, -82.2660140991, 70.0056228638], [-2384.24902344, -257.819030762, 1030.14990234, 115.520462036, 37.5338745117, 125.154418945, 128.075332642, 24.6033229828, -30.8893680573, 26.8356609344, 11.7519626617, 21.703245163, -56.5684318542], [897.929443359, -297.24130249, 115.520462036, 672.531738281, 84.7498855591, 129.596984863, 44.293548584, 74.946762085, -13.5016040802, 21.5165786743, -37.7528343201, -44.1105957031, -23.9418754578], [-407.375366211, 84.7098464966, 37.5338745117, 84.7498855591, 245.169570923, 54.1660881042, 54.2032241821, 9.9313287735, 40.6646575928, -10.3539533615, 9.58674907684, -6.32236242294, 18.6677055359], [293.017578125, -135.528213501, 125.154418945, 129.596984863, 54.1660881042, 224.111801147, 105.959480286, 56.8147621155, -19.8632659912, 4.69182491302, -13.5332736969, 3.45893740654, -8.95349979401], [-399.46282959, -15.9136972427, 128.075332642, 44.293548584, 54.2032241821, 105.959480286, 165.705566406, 47.7941932678, 10.9608325958, -14.0002393723, 9.66456127167, -1.0443969965, 14.482008934], [247.542404175, -92.2545089722, 24.6033229828, 74.946762085, 9.9313287735, 56.8147621155, 47.7941932678, 112.464561462, 41.5811462402, 16.7943019867, -11.1983699799, -0.379505932331, -3.67501020432], [-49.3610305786, 76.4037780762, -30.8893680573, -13.5016040802, 40.6646575928, -19.8632659912, 10.9608325958, 41.5811462402, 108.611343384, 36.8596153259, 8.06795978546, -16.2471008301, 11.3847827911], [10.4840068817, -72.0837783813, 26.8356609344, 21.5165786743, -10.3539533615, 4.69182491302, -14.0002393723, 16.7943019867, 36.8596153259, 79.054107666, 33.9522895813, 9.10525512695, -17.415719986], [-163.141998291, 59.8343162537, 11.7519626617, -37.7528343201, 9.58674907684, -13.5332736969, 9.66456127167, -11.1983699799, 8.06795978546, 33.9522895813, 87.5442657471, 41.6467971802, 2.97036099434], [-238.733627319, -82.2660140991, 21.703245163, -44.1105957031, -6.32236242294, 3.45893740654, -1.0443969965, -0.379505932331, -16.2471008301, 9.10525512695, 41.6467971802, 95.8509979248, 28.4706172943], [27.2222251892, 70.0056228638, -56.5684318542, -23.9418754578, 18.6677055359, -8.95349979401, 14.482008934, -3.67501020432, 11.3847827911, -17.415719986, 2.97036099434, 28.4706172943, 83.5564498901]]}, "spectral_energyband_middle_low": {"dmean2": 0.00627902057022, "median": 0.00825469009578, "min": 5.22222789056e-22, "dvar2": 7.09330561222e-05, "dvar": 3.05592293444e-05, "dmean": 0.00406223209575, "max": 0.119328305125, "var": 0.000121774763102, "mean": 0.0111999036744}, "melbands_crest": {"dmean2": 5.86729192734, "median": 13.7597894669, "min": 2.56172513962, "dvar2": 25.8986053467, "dvar": 10.4257898331, "dmean": 3.62835717201, "max": 34.2393341064, "var": 31.4189510345, "mean": 14.6554708481}, "spectral_kurtosis": {"dmean2": 3.33389115334, "median": 4.91954183578, "min": -1.15428459644, "dvar2": 16.9877624512, "dvar": 6.03244543076, "dmean": 2.00892686844, "max": 62.7234649658, "var": 34.6106185913, "mean": 6.58384799957}, "spectral_rms": {"dmean2": 0.00110811775085, "median": 0.00456882920116, "min": 3.26794342455e-12, "dvar2": 1.39420524192e-06, "dvar": 6.71678094477e-07, "dmean": 0.000769371225033, "max": 0.0146303698421, "var": 4.96870688949e-06, "mean": 0.00449353409931}, "zerocrossingrate": {"dmean2": 0.010509361513, "median": 0.04345703125, "min": 0.00439453125, "dvar2": 0.00014125337475, "dvar": 0.000101803576399, "dmean": 0.00877149216831, "max": 0.6513671875, "var": 0.00288259075023, "mean": 0.0523820482194}, "silence_rate_60dB": {"dmean2": 0.046007938683, "median": 0, "min": 0, "dvar2": 0.0520961582661, "dvar": 0.0224723257124, "dmean": 0.0230024214834, "max": 1, "var": 0.10615015775, "mean": 0.1207209602}, "erbbands_kurtosis": {"dmean2": 1.83478820324, "median": 0.133715867996, "min": -1.75380575657, "dvar2": 16.7319297791, "dvar": 9.08605670929, "dmean": 1.21299803257, "max": 113.318504333, "var": 20.9015102386, "mean": 1.20761191845}, "erbbands": {"dmean2": [0.0419380441308, 1.24990475178, 4.65640258789, 5.65335607529, 6.72372770309, 5.80901288986, 8.3868522644, 16.4774074554, 17.7405738831, 20.2404232025, 33.4333229065, 31.0314159393, 31.6082458496, 38.1155357361, 34.2557640076, 28.4931564331, 33.2754173279, 32.4156990051, 23.511133194, 27.9814434052, 22.1852226257, 18.1271076202, 13.7819156647, 9.65628528595, 4.96946907043, 5.52457332611, 5.02201843262, 3.58742308617, 2.23550748825, 1.14586615562, 0.970877468586, 0.96656703949, 0.694853544235, 0.364699631929, 0.16146863997, 0.0759280622005, 0.0163661632687, 0.00230199308135, 0.000160363808391, 1.62978903973e-05], "median": [0.0121520468965, 0.283689439297, 1.4927520752, 2.38614368439, 2.7914814949, 2.70511770248, 3.55610609055, 6.15083742142, 6.58977413177, 7.48552322388, 11.6164007187, 12.724354744, 10.0309057236, 7.89547157288, 9.21911239624, 10.0858163834, 15.7525568008, 14.0588712692, 10.350230217, 8.61331748962, 7.29324674606, 6.1031088829, 4.99091482162, 4.40463972092, 2.6013982296, 3.32127785683, 2.06993031502, 1.55978524685, 0.966226994991, 0.423107385635, 0.377524912357, 0.336588680744, 0.232244983315, 0.100814007223, 0.032542064786, 0.0132174538448, 0.00322701362893, 0.000456022593426, 3.85060484405e-05, 2.77400376945e-05], "min": [2.53777719462e-21, 8.22957790902e-21, 2.71681914573e-20, 1.18529902373e-19, 1.76872114199e-19, 2.27578583017e-19, 3.70377124456e-19, 7.0509857691e-19, 1.35128690156e-18, 3.52955154962e-18, 1.339756831e-18, 1.766252499e-18, 8.68157485738e-19, 1.99344820079e-18, 5.03789554428e-18, 3.23674719037e-18, 2.41736399586e-18, 8.1428288157e-18, 6.06539862168e-18, 1.13350180612e-17, 7.37467663884e-18, 1.36242792839e-17, 1.08430697627e-17, 1.30586531811e-17, 1.38401734238e-17, 1.84871855968e-17, 1.22055280486e-17, 1.78629752542e-17, 1.87752793693e-17, 2.11114425599e-17, 1.71622540137e-17, 1.6578166894e-17, 1.85526073115e-17, 1.26710901128e-17, 9.10505162633e-18, 5.42545985335e-18, 3.98715944502e-18, 1.65828423256e-18, 3.01669667471e-19, 3.47991878709e-20], "dvar2": [0.00692251417786, 6.03398799896, 80.4048156738, 92.4290618896, 125.21711731, 127.432304382, 233.053848267, 1311.35510254, 1422.73815918, 2551.02001953, 6558.19775391, 5692.33154297, 12338.9140625, 26263.9648438, 20539.6289062, 10511.1386719, 9359.15429688, 11790.7060547, 4490.04199219, 24688.6210938, 4393.72021484, 3121.37133789, 1252.9017334, 388.131835938, 107.258010864, 115.335189819, 104.64276123, 53.7532310486, 20.4104194641, 6.0292057991, 4.48354625702, 5.3945608139, 2.86034679413, 0.893329203129, 0.185521662235, 0.0443149991333, 0.00207001785748, 4.42030868726e-05, 2.19003652546e-07, 4.31564561865e-10], "dvar": [0.00298918201588, 2.88674116135, 32.8972358704, 40.0722160339, 46.8602485657, 48.132232666, 91.1873703003, 475.654144287, 658.183837891, 1142.81005859, 2906.15307617, 2820.47583008, 5552.484375, 10763.6972656, 10847.8330078, 4889.77001953, 4858.78955078, 6396.66015625, 1973.46911621, 8733.61035156, 2128.68554688, 1418.53173828, 556.235046387, 182.468353271, 45.1393356323, 51.3965187073, 49.7488937378, 26.5395030975, 9.42574119568, 2.55986189842, 1.90318799019, 2.18105912209, 1.15545761585, 0.360824912786, 0.0755777284503, 0.0176872424781, 0.000837806088384, 1.79721755558e-05, 8.63869971113e-08, 1.93982246932e-10], "dmean": [0.0266313552856, 0.836892664433, 2.96514368057, 3.53373169899, 4.01310300827, 3.52931785583, 5.17629337311, 9.99753665924, 11.3408145905, 13.1538095474, 21.7108192444, 20.7085056305, 21.4829349518, 25.4253330231, 24.3758869171, 19.0359153748, 22.1992073059, 22.1244354248, 15.5961265564, 18.0925960541, 14.6566200256, 11.9066534042, 9.03774452209, 6.33110427856, 3.21319150925, 3.57876157761, 3.31873393059, 2.36023068428, 1.4604023695, 0.735785186291, 0.623960196972, 0.60957300663, 0.43822312355, 0.230130523443, 0.102064989507, 0.0473110638559, 0.0102242603898, 0.00144300272223, 9.8319243989e-05, 1.10004548333e-05], "max": [0.83798199892, 28.0742111206, 113.950637817, 181.054367065, 110.49156189, 177.624206543, 201.056564331, 428.070068359, 816.369018555, 1034.72143555, 2042.0916748, 1418.28601074, 2045.94909668, 3369.74511719, 2816.09790039, 2476.64453125, 5777.35253906, 3280.97119141, 1704.09069824, 5981.75146484, 2107.48828125, 1883.8026123, 753.145507812, 656.176025391, 194.672363281, 203.058639526, 301.507049561, 360.713287354, 116.032539368, 37.4097442627, 31.2891998291, 27.4466362, 19.8548240662, 10.0502729416, 4.43555831909, 2.03200364113, 0.502255260944, 0.0880609676242, 0.00491425395012, 0.000275920901913], "var": [0.00478126853704, 5.49039983749, 56.6478424072, 93.3774795532, 63.2167396545, 115.443145752, 249.035964966, 1082.82592773, 1843.57678223, 4514.40917969, 6967.63964844, 6549.16308594, 9673.68847656, 18098.4824219, 20207.734375, 8618.95019531, 9376.02441406, 14086.4550781, 4262.75537109, 12747.7900391, 6422.93701172, 3165.80297852, 1375.51733398, 542.094177246, 92.7258300781, 119.290466309, 175.308685303, 127.120498657, 30.1341114044, 4.28082370758, 2.72112131119, 2.47238349915, 1.29793548584, 0.388568639755, 0.0838188230991, 0.0177606809884, 0.000843080459163, 1.72004529304e-05, 7.46502095694e-08, 7.42193084768e-10], "mean": [0.0387525931001, 1.2344558239, 4.32210731506, 5.63073825836, 5.56125688553, 6.19466781616, 9.60831356049, 18.2316627502, 21.6952114105, 30.2503318787, 42.5949134827, 39.4673500061, 37.0876121521, 42.1329612732, 39.5795822144, 33.4498062134, 42.2120704651, 40.7353515625, 30.0310058594, 31.8229522705, 27.9723834991, 22.0339946747, 17.0194187164, 12.0840797424, 5.9284992218, 6.63206768036, 5.9150261879, 4.41472768784, 2.58053159714, 1.1235960722, 0.930880904198, 0.838794767857, 0.592508256435, 0.291499137878, 0.125383257866, 0.056264154613, 0.0122696924955, 0.00167746539228, 0.000112276567961, 3.28287496814e-05]}, "spectral_strongpeak": {"dmean2": 1.11673462391, "median": 0.575656175613, "min": 0, "dvar2": 3.62042927742, "dvar": 1.54385972023, "dmean": 0.673809289932, "max": 22.8297729492, "var": 2.75023031235, "mean": 1.19329857826}, "spectral_energy": {"dmean2": 0.0123689649627, "median": 0.021396053955, "min": 1.09464413218e-20, "dvar2": 0.000264183850959, "dvar": 0.000120680851978, "dmean": 0.00839702039957, "max": 0.219398930669, "var": 0.000497366359923, "mean": 0.0257896464318}, "average_loudness": 0.45370092988, "spectral_rolloff": {"dmean2": 627.223754883, "median": 1012.06054688, "min": 86.1328125, "dvar2": 1221620.75, "dvar": 495106.6875, "dmean": 374.808258057, "max": 19013.8183594, "var": 3331207.75, "mean": 1342.11132812}, "spectral_centroid": {"dmean2": 338.360290527, "median": 994.821533203, "min": 186.207443237, "dvar2": 147607.6875, "dvar": 71665.1328125, "dmean": 221.913223267, "max": 11671.4111328, "var": 364294.9375, "mean": 1135.98181152}, "pitch_salience": {"dmean2": 0.122202821076, "median": 0.512985527515, "min": 0.0820948556066, "dvar2": 0.0123853748664, "dvar": 0.0050431387499, "dmean": 0.0760369226336, "max": 0.888178765774, "var": 0.0140348188579, "mean": 0.507341146469}, "spectral_energyband_middle_high": {"dmean2": 0.00385748059489, "median": 0.00338974129409, "min": 1.53202210108e-21, "dvar2": 7.13717236067e-05, "dvar": 3.45674052369e-05, "dmean": 0.00269978726283, "max": 0.185764864087, "var": 9.5708630397e-05, "mean": 0.00663377298042}, "spectral_contrast_coeffs": {"dmean2": [0.0875457152724, 0.0802979618311, 0.0636454150081, 0.0514458827674, 0.0366100184619, 0.0256051365286], "median": [-0.629644393921, -0.716301679611, -0.746400475502, -0.750187158585, -0.798189163208, -0.774553775787], "min": [-0.968695282936, -0.960920751095, -0.964825510979, -0.967703938484, -0.965500295162, -0.961676359177], "dvar2": [0.00489689875394, 0.00439461087808, 0.00304452050477, 0.00191710062791, 0.000989091466181, 0.000509168196004], "dvar": [0.00176723813638, 0.00174044840969, 0.00136741728056, 0.000886465189978, 0.000475961220218, 0.000228473101743], "dmean": [0.0523529909551, 0.0489532388747, 0.0406544096768, 0.0327551625669, 0.0232706349343, 0.0162154063582], "max": [-0.269718289375, -0.367747575045, -0.378811120987, -0.480689167976, -0.566534280777, -0.589549660683], "var": [0.00712271081284, 0.00851641595364, 0.00701681198552, 0.00515856733546, 0.00317054009065, 0.00195207539946], "mean": [-0.627454161644, -0.711603462696, -0.739744365215, -0.749531209469, -0.78989481926, -0.775130867958]}, "melbands_skewness": {"dmean2": 1.21394872665, "median": 1.78114724159, "min": -3.9752035141, "dvar2": 2.15992546082, "dvar": 1.07676029205, "dmean": 0.814080178738, "max": 18.8843231201, "var": 4.31426286697, "mean": 2.30071258545}, "spectral_spread": {"dmean2": 710291.375, "median": 3827442.75, "min": 1219458.5, "dvar2": 641946222592, "dvar": 374496231424, "dmean": 480443.6875, "max": 39082860, "var": 2626060288000.0, "mean": 4135204.25}, "dissonance": {"dmean2": 0.0376926846802, "median": 0.463740259409, "min": 0.228574126959, "dvar2": 0.00142547208816, "dvar": 0.000519824912772, "dmean": 0.0222703982145, "max": 0.5, "var": 0.0012544109486, "mean": 0.455151349306}, "spectral_skewness": {"dmean2": 0.383198648691, "median": 1.70627629757, "min": -0.0581802241504, "dvar2": 0.131266668439, "dvar": 0.0550451613963, "dmean": 0.242192983627, "max": 6.30411529541, "var": 0.501386165619, "mean": 1.84079027176}, "spectral_flux": {"dmean2": 0.0409096181393, "median": 0.0685895979404, "min": 1.04625239028e-10, "dvar2": 0.00193038280122, "dvar": 0.000736386573408, "dmean": 0.0249375402927, "max": 0.33370757103, "var": 0.00207442697138, "mean": 0.0733632668853}, "spectral_contrast_valleys": {"dmean2": [0.714342772961, 0.612337052822, 0.550381422