{"metadata": {"tags": {"label": ["Fluxus Music"], "albumartist": ["Clazziquai Project"], "musicbrainz_artistid": ["8baba03b-38da-42a4-b905-5326c828bf4e"], "tracknumber": ["2/11"], "genre": ["Fusion"], "artist": ["Clazziquai Project"], "barcode": ["8804775019500"], "artistsort": ["Clazziquai Project"], "title": ["Futuristic (House remix)"], "asin": ["B000M66MEA"], "musicbrainz_albumartistid": ["8baba03b-38da-42a4-b905-5326c828bf4e"], "album": ["ZBAM"], "musicbrainz album type": ["remix"], "musicbrainz_recordingid": ["0d064283-dafe-4fae-b7be-786d22628281"], "albumartistsort": ["Clazziquai Project"], "musicbrainz album release country": ["KR"], "date": ["2004-11-25"], "catalognumber": ["SRCD 3785"], "file_name": "02 Futuristic (House remix).mp3", "musicbrainz_albumid": ["370d1c8a-6af6-4f30-aad0-9669358d519b"], "musicbrainz album status": ["official"]}, "audio_properties": {"sample_rate": 44100, "downmix": "mix", "lossless": false, "analysis_sample_rate": 44100, "md5_encoded": "9a4f1eef92a2231ad4bfb59696ab6b81", "equal_loudness": 0, "replay_gain": -16.1555290222, "codec": "mp3", "bit_rate": 192000, "length": 398.60244751}, "version": {"extractor": "music 1.0", "essentia_build_sha": "70f2e5ece6736b2c40cc944ad0e695b16b925413", "essentia_git_sha": "v2.1_beta2", "essentia": "2.1-beta2"}}, "rhythm": {"beats_loudness_band_ratio": {"dvar2": [0.15577493608, 0.0414033457637, 0.0247095581144, 0.0197552908212, 0.0173950642347, 0.0110301207751], "var": [0.0875075757504, 0.0120209986344, 0.00647935690358, 0.00596395740286, 0.00714825466275, 0.0112424213439], "min": [0, 0, 0, 0, 0, 0], "dmean": [0.127511888742, 0.052052564919, 0.0389819256961, 0.0403286442161, 0.0300385504961, 0.0316408723593], "mean": [0.79482293129, 0.0548417717218, 0.0372490026057, 0.0422067828476, 0.035699300468, 0.046278078109], "max": [0.993390023708, 0.90474063158, 0.673149466515, 0.750906169415, 0.825332462788, 0.955197036266], "dmean2": [0.244930490851, 0.0973804146051, 0.0737480893731, 0.0732986629009, 0.0551950186491, 0.0591554865241], "median": [0.925659298897, 0.0238903015852, 0.0122954342514, 0.0128760104999, 0.00976909417659, 0.0143684353679], "dvar": [0.0441446714103, 0.0126144243404, 0.00758696161211, 0.00602704985067, 0.0055747856386, 0.00393602997065]}, "bpm_histogram_first_peak_weight": {"dvar2": 0, "var": 0, "min": 0.743619501591, "dmean": 0, "mean": 0.743619501591, "max": 0.743619501591, "dmean2": 0, "median": 0.743619501591, "dvar": 0}, "bpm": 129.988143921, "beats_count": 863, "bpm_histogram_first_peak_spread": {"dvar2": 0, "var": 0, "min": 0.249414563179, "dmean": 0, "mean": 0.249414563179, "max": 0.249414563179, "dmean2": 0, "median": 0.249414563179, "dvar": 0}, "danceability": 1.67448651791, "bpm_histogram_first_peak_bpm": {"dvar2": 0, "var": 0, "min": 129, "dmean": 0, "mean": 129, "max": 129, "dmean2": 0, "median": 129, "dvar": 0}, "beats_position": [0.476009070873, 0.952018141747, 1.4164172411, 1.88081634045, 2.34521532059, 2.79800438881, 3.25079369545, 3.7151927948, 4.17959165573, 4.6439909935, 5.10838985443, 5.5727891922, 6.025578022, 6.48997735977, 6.94276618958, 7.40716552734, 7.87156438828, 8.33596324921, 8.80036258698, 9.26476192474, 9.72916126251, 10.1819496155, 10.6347389221, 11.0991382599, 11.5635375977, 12.0279359818, 12.4923353195, 12.9567346573, 13.4211339951, 13.8855323792, 14.3383216858, 14.7911109924, 15.2555103302, 15.7199087143, 16.1843090057, 16.6487064362, 17.1131057739, 17.5775051117, 18.0302944183, 18.483083725, 18.9474830627, 19.4118824005, 19.8762817383, 20.3406791687, 20.8050785065, 21.2694778442, 21.7222671509, 22.1750564575, 22.6394557953, 23.1038551331, 23.5682544708, 24.0326519012, 24.497051239, 24.9614505768, 25.4258499146, 25.8902492523, 26.343038559, 26.7958278656, 27.2602272034, 27.7246246338, 28.1890239716, 28.6534233093, 29.1178226471, 29.5706119537, 30.0234012604, 30.4878005981, 30.9521980286, 31.4165973663, 31.8809967041, 32.3453979492, 32.8097953796, 33.2625846863, 33.7153739929, 34.1797714233, 34.6441726685, 35.1085700989, 35.572971344, 36.0373687744, 36.5017662048, 36.9545555115, 37.4073448181, 37.8717460632, 38.3361434937, 38.8005447388, 39.2649421692, 39.7293434143, 40.1937408447, 40.6581382751, 41.1109275818, 41.5637168884, 42.0281181335, 42.492515564, 42.9569168091, 43.4213142395, 43.8857116699, 44.3385009766, 44.7912902832, 45.2556915283, 45.7200889587, 46.1844902039, 46.6488876343, 47.1132888794, 47.5776863098, 48.0420837402, 48.4948730469, 48.9476623535, 49.4120635986, 49.8764610291, 50.3408622742, 50.8052597046, 51.269657135, 51.7340583801, 52.1868476868, 52.6396369934, 53.1040344238, 53.5684356689, 54.0328330994, 54.4972343445, 54.9616317749, 55.4260292053, 55.878818512, 56.3316078186, 56.7960090637, 57.2604064941, 57.7248077393, 58.1892051697, 58.6536026001, 59.1180038452, 59.5707931519, 60.0235824585, 60.4879798889, 60.952381134, 61.4167785645, 61.8811798096, 62.34557724, 62.8099746704, 63.2627639771, 63.7155532837, 64.1799545288, 64.6443557739, 65.1087493896, 65.5731506348, 66.0375518799, 66.5019454956, 66.9547348022, 67.4075241089, 67.871925354, 68.3363265991, 68.8007278442, 69.26512146, 69.7295227051, 70.1939239502, 70.6467132568, 71.0995025635, 71.5638961792, 72.0282974243, 72.4926986694, 72.9570999146, 73.4214935303, 73.8858947754, 74.338684082, 74.7914733887, 75.2558746338, 75.7202682495, 76.1846694946, 76.6490707397, 77.1134643555, 77.5778656006, 78.0422668457, 78.4950561523, 78.947845459, 79.4122467041, 79.8766403198, 80.3410415649, 80.8054428101, 81.2698364258, 81.7226257324, 82.1754150391, 82.6398162842, 83.1042175293, 83.5686187744, 84.0330123901, 84.4974136353, 84.9618148804, 85.414604187, 85.8673934937, 86.3317871094, 86.7961883545, 87.2605895996, 87.7249908447, 88.1893844604, 88.6537857056, 89.1065750122, 89.5593643188, 90.023765564, 90.4881591797, 90.9525604248, 91.4169616699, 91.8813552856, 92.3457565308, 92.7985458374, 93.251335144, 93.7157363892, 94.1801376343, 94.64453125, 95.1089324951, 95.5733337402, 96.037727356, 96.5021286011, 96.9549179077, 97.4077072144, 97.8721084595, 98.3365097046, 98.8009033203, 99.2653045654, 99.7297058105, 100.194099426, 100.658500671, 101.111289978, 101.564079285, 102.02848053, 102.492874146, 102.957275391, 103.421676636, 103.886077881, 104.350471497, 104.803260803, 105.25605011, 105.720451355, 106.1848526, 106.649246216, 107.113647461, 107.578048706, 108.030838013, 108.483627319, 108.948028564, 109.41242218, 109.876823425, 110.34122467, 110.805618286, 111.270019531, 111.734420776, 112.187210083, 112.63999939, 113.104400635, 113.56879425, 114.033195496, 114.497596741, 114.961990356, 115.426391602, 115.879180908, 116.331970215, 116.79637146, 117.260765076, 117.725166321, 118.189567566, 118.653968811, 119.118362427, 119.571151733, 120.02394104, 120.488342285, 120.95274353, 121.417137146, 121.881538391, 122.345939636, 122.798728943, 123.25151825, 123.715919495, 124.18031311, 124.644714355, 125.109115601, 125.573509216, 126.037910461, 126.502311707, 126.955101013, 127.40789032, 127.872291565, 128.336685181, 128.801086426, 129.265487671, 129.729888916, 130.194290161, 130.647079468, 131.099868774, 131.564254761, 132.028656006, 132.493057251, 132.957458496, 133.421859741, 133.886260986, 134.339050293, 134.7918396, 135.256240845, 135.720626831, 136.185028076, 136.649429321, 137.113830566, 137.578231812, 138.031021118, 138.483810425, 138.94821167, 139.412597656, 139.876998901, 140.341400146, 140.805801392, 141.270202637, 141.722991943, 142.17578125, 142.640182495, 143.10458374, 143.568969727, 144.033370972, 144.497772217, 144.962173462, 145.414962769, 145.867752075, 146.33215332, 146.796554565, 147.260955811, 147.725341797, 148.189743042, 148.654144287, 149.106933594, 149.5597229, 150.024124146, 150.488525391, 150.952926636, 151.417327881, 151.881713867, 152.346115112, 152.798904419, 153.251693726, 153.716094971, 154.180496216, 154.644897461, 155.109298706, 155.573699951, 156.038085938, 156.502487183, 156.955276489, 157.408065796, 157.872467041, 158.336868286, 158.801269531, 159.265670776, 159.730072021, 160.182861328, 160.635650635, 161.100036621, 161.564437866, 162.028839111, 162.493240356, 162.957641602, 163.422042847, 163.874832153, 164.32762146, 164.792022705, 165.256408691, 165.720809937, 166.185211182, 166.649612427, 167.114013672, 167.566802979, 168.019592285, 168.48399353, 168.948379517, 169.412780762, 169.877182007, 170.341583252, 170.805984497, 171.270385742, 171.723175049, 172.175964355, 172.640365601, 173.104751587, 173.569152832, 174.033554077, 174.497955322, 174.962356567, 175.415145874, 175.867935181, 176.332336426, 176.796737671, 177.261123657, 177.725524902, 178.189926147, 178.654327393, 179.107116699, 179.559906006, 180.024307251, 180.488708496, 180.953109741, 181.417495728, 181.881896973, 182.346298218, 182.810699463, 183.26348877, 183.716278076, 184.180679321, 184.645080566, 185.109481812, 185.573867798, 186.038269043, 186.502670288, 186.955459595, 187.408248901, 187.872650146, 188.337051392, 188.801452637, 189.265853882, 189.730239868, 190.194641113, 190.64743042, 191.100219727, 191.564620972, 192.029022217, 192.493423462, 192.957824707, 193.422225952, 193.875015259, 194.327789307, 194.792190552, 195.256591797, 195.720993042, 196.185394287, 196.649795532, 197.114196777, 197.578598022, 198.042984009, 198.484161377, 198.948562622, 199.412963867, 199.877365112, 200.341766357, 200.806167603, 201.270568848, 201.723358154, 202.176147461, 202.640533447, 203.104934692, 203.569335938, 204.033737183, 204.498138428, 204.962539673, 205.415328979, 205.868118286, 206.332519531, 206.796905518, 207.261306763, 207.725708008, 208.190109253, 208.654510498, 209.107299805, 209.560089111, 210.024490356, 210.488891602, 210.953277588, 211.417678833, 211.882080078, 212.346481323, 212.79927063, 213.252059937, 213.716461182, 214.180862427, 214.645263672, 215.109649658, 215.574050903, 216.02684021, 216.479629517, 216.944030762, 217.408432007, 217.872833252, 218.337234497, 218.801635742, 219.266021729, 219.730422974, 220.18321228, 220.636001587, 221.100402832, 221.564804077, 222.029205322, 222.493606567, 222.958007812, 223.422393799, 223.875183105, 224.327972412, 224.792373657, 225.256774902, 225.721176147, 226.185577393, 226.638366699, 227.102767944, 227.555557251, 228.019943237, 228.484344482, 228.948745728, 229.413146973, 229.877548218, 230.330337524, 230.79473877, 231.259140015, 231.711929321, 232.176315308, 232.640716553, 233.105117798, 233.569519043, 234.02230835, 234.486709595, 234.95111084, 235.403900146, 235.868301392, 236.332687378, 236.797088623, 237.261489868, 237.725891113, 238.190292358, 238.643081665, 239.095870972, 239.560272217, 240.024673462, 240.489059448, 240.953460693, 241.417861938, 241.882263184, 242.346664429, 242.799453735, 243.252243042, 243.716644287, 244.181045532, 244.645431519, 245.109832764, 245.574234009, 246.038635254, 246.491424561, 246.944213867, 247.408615112, 247.873016357, 248.337417603, 248.801803589, 249.254592896, 249.707382202, 250.171783447, 250.636184692, 251.100585938, 251.553375244, 252.017776489, 252.482177734, 252.946563721, 253.399353027, 253.863754272, 254.328155518, 254.792556763, 255.245346069, 255.709747314, 256.174133301, 256.638549805, 257.102935791, 257.567352295, 258.031738281, 258.484527588, 258.948944092, 259.413330078, 259.877716064, 260.342132568, 260.806518555, 261.259307861, 261.712097168, 262.176513672, 262.640899658, 263.105316162, 263.569702148, 264.034088135, 264.498504639, 264.962890625, 265.415679932, 265.868469238, 266.332885742, 266.797271729, 267.261688232, 267.726074219, 268.190460205, 268.643249512, 269.096038818, 269.560455322, 270.024841309, 270.489257812, 270.953643799, 271.418029785, 271.882446289, 272.346832275, 272.799621582, 273.252410889, 273.716827393, 274.181213379, 274.645629883, 275.110015869, 275.574401855, 276.027191162, 276.479980469, 276.944396973, 277.408782959, 277.873199463, 278.337585449, 278.802001953, 279.266387939, 279.730773926, 280.183563232, 280.636352539, 281.100769043, 281.565155029, 282.029571533, 282.49395752, 282.958374023, 283.41116333, 283.863952637, 284.328338623, 284.792724609, 285.257141113, 285.7215271, 286.185943604, 286.65032959, 287.114746094, 287.5675354, 288.020324707, 288.484710693, 288.94909668, 289.413513184, 289.87789917, 290.342315674, 290.79510498, 291.247894287, 291.712280273, 292.176696777, 292.641082764, 293.10546875, 293.569885254, 294.03427124, 294.498687744, 294.951477051, 295.404266357, 295.868652344, 296.333068848, 296.797454834, 297.26184082, 297.726257324, 298.190643311, 298.643432617, 299.096221924, 299.560638428, 300.025024414, 300.489440918, 300.953826904, 301.418212891, 301.882629395, 302.347015381, 302.799804688, 303.252593994, 303.717010498, 304.181396484, 304.645812988, 305.110198975, 305.574584961, 306.027374268, 306.480163574, 306.944580078, 307.408966064, 307.873382568, 308.337768555, 308.802185059, 309.266571045, 309.719360352, 310.172149658, 310.636535645, 311.100952148, 311.565338135, 312.029754639, 312.494140625, 312.958557129, 313.411346436, 313.864135742, 314.328521729, 314.792907715, 315.257324219, 315.721710205, 316.186126709, 316.650512695, 317.103302002, 317.556091309, 318.020507812, 318.484893799, 318.949279785, 319.413696289, 319.878082275, 320.342498779, 320.795288086, 321.259674072, 321.712463379, 322.176879883, 322.641265869, 323.105651855, 323.570068359, 324.034454346, 324.487243652, 324.940032959, 325.404449463, 325.868835449, 326.333221436, 326.797637939, 327.262023926, 327.72644043, 328.179229736, 328.632019043, 329.096405029, 329.560821533, 330.02520752, 330.489593506, 330.95401001, 331.418395996, 331.8828125, 332.335601807, 332.788391113, 333.2527771, 333.717193604, 334.18157959, 334.645965576, 335.11038208, 335.563171387, 336.027557373, 336.48034668, 336.944763184, 337.40914917, 337.873565674, 338.33795166, 338.802337646, 339.255126953, 339.70791626, 340.172332764, 340.63671875, 341.101135254, 341.56552124, 342.029937744, 342.49432373, 342.947113037, 343.399902344, 343.86428833, 344.328704834, 344.79309082, 345.257507324, 345.721893311, 346.186309814, 346.650695801, 347.103485107, 347.556274414, 348.0206604, 348.485076904, 348.949462891, 349.413879395, 349.878265381, 350.342681885, 350.795471191, 351.248260498, 351.712646484, 352.177032471, 352.641448975, 353.105834961, 353.570251465, 354.023040771, 354.475830078, 354.940216064, 355.404632568, 355.869018555, 356.333404541, 356.797821045, 357.262207031, 357.714996338, 358.167785645, 358.632202148, 359.096588135, 359.561004639, 360.025390625, 360.489776611, 360.954193115, 361.406982422, 361.859771729, 362.324157715, 362.788574219, 363.252960205, 363.717376709, 364.181762695, 364.646148682, 365.110565186, 365.563354492, 366.016143799, 366.480529785, 366.944946289, 367.409332275, 367.873748779, 368.338134766, 368.790924072, 369.243713379, 369.708099365, 370.172515869, 370.636901855, 371.101318359, 371.565704346, 372.03012085, 372.482910156, 372.935699463, 373.400085449, 373.864471436, 374.328887939, 374.793273926, 375.25769043, 375.722076416, 376.18649292, 376.650878906, 377.103668213, 377.55645752, 378.020843506, 378.48526001, 378.949645996, 379.4140625, 379.878448486, 380.34286499, 380.795654297, 381.248443604, 381.71282959, 382.177215576, 382.64163208, 383.106018066, 383.57043457, 384.034820557, 384.487609863, 384.94039917, 385.404785156, 385.86920166, 386.333587646, 386.79800415, 387.262390137, 387.726806641, 388.179595947, 388.632385254, 389.09677124, 389.561157227, 390.02557373, 390.489959717, 390.954376221, 391.418762207, 391.871551514, 392.32434082, 392.788757324, 393.253143311, 393.729156494, 394.205169678, 394.681182861, 395.157196045, 395.5519104, 395.946655273, 396.341400146, 396.747741699, 397.154083252, 397.560455322, 398.048065186], "beats_loudness": {"dvar2": 0.00193549273536, "var": 0.00274341017939, "min": 0, "dmean": 0.0339218638837, "mean": 0.0992940962315, "max": 0.180419072509, "dmean2": 0.0655501186848, "median": 0.116984061897, "dvar": 0.000663037062623}, "bpm_histogram_second_peak_weight": {"dvar2": 0, "var": 0, "min": 0.00348027842119, "dmean": 0, "mean": 0.00348027842119, "max": 0.00348027842119, "dmean2": 0, "median": 0.00348027842119, "dvar": 0}, "bpm_histogram_second_peak_spread": {"dvar2": 0, "var": 0, "min": 0.5, "dmean": 0, "mean": 0.5, "max": 0.5, "dmean2": 0, "median": 0.5, "dvar": 0}, "bpm_histogram_second_peak_bpm": {"dvar2": 0, "var": 0, "min": 148, "dmean": 0, "mean": 148, "max": 148, "dmean2": 0, "median": 148, "dvar": 0}, "onset_rate": 5.45385694504}, "lowlevel": {"spectral_energyband_high": {"dvar2": 1.50390849285e-06, "var": 1.290626642e-06, "min": 7.08311527355e-21, "dmean": 0.000484835094539, "mean": 0.000801498361398, "max": 0.014928791672, "dmean2": 0.000680179393385, "median": 0.000442717166152, "dvar": 7.17837053799e-07}, "spectral_energyband_middle_low": {"dvar2": 0.00121457746718, "var": 0.000409868283896, "min": 1.65544720258e-22, "dmean": 0.00835331436247, "mean": 0.00860254839063, "max": 0.155943334103, "dmean2": 0.0140244625509, "median": 0.00294579938054, "dvar": 0.000495470769238}, "spectral_energy": {"dvar2": 0.000756747380365, "var": 0.00128727697302, "min": 1.015784093e-20, "dmean": 0.0134151484817, "mean": 0.0270861294121, "max": 0.187908619642, "dmean2": 0.0180201102048, "median": 0.0138262584805, "dvar": 0.000478789006593}, "spectral_spread": {"dvar2": 1458189369340.0, "var": 7612835823620.0, "min": 278371, "dmean": 851275.375, "mean": 6930108, "max": 42075252, "dmean2": 1205224.875, "median": 6746262, "dvar": 797351346176}, "spectral_energyband_low": {"dvar2": 0.000831662502605, "var": 0.000826907984447, "min": 2.1299187643e-23, "dmean": 0.0114909317344, "mean": 0.0166113693267, "max": 0.177554607391, "dmean2": 0.0158023741096, "median": 0.00544566102326, "dvar": 0.000437393260654}, "spectral_rolloff": {"dvar2": 5075984, "var": 7555427, "min": 64.599609375, "dmean": 937.796875, "mean": 2164.90844727, "max": 19810.546875, "dmean2": 1510.40795898, "median": 1162.79296875, "dvar": 2550113.75}, "barkbands": {"dvar2": [1.32661156726e-07, 0.000430749874795, 0.000737328955438, 0.000545785936993, 0.000626664259471, 6.37038328932e-06, 1.33088292387e-06, 5.37614369023e-07, 6.09345079283e-07, 1.38191478527e-06, 8.39183030621e-07, 5.82524762649e-07, 7.60587397508e-07, 4.83345900193e-07, 4.73271484225e-07, 3.48579845877e-07, 3.18164836699e-07, 6.0537729496e-08, 5.96886735593e-08, 4.9238256139e-08, 2.84500636383e-08, 3.5123338904e-08, 4.59707969469e-08, 2.14271921095e-07, 9.18404765571e-08, 1.94569675926e-08, 7.43040340628e-14], "var": [6.65892372353e-08, 0.000329730537487, 0.00020380600472, 0.00012273392349, 0.000127276376588, 2.49351251114e-06, 6.55648136672e-07, 2.77116640746e-07, 5.16062300449e-07, 1.74767160388e-06, 9.20183481412e-07, 6.58894805383e-07, 6.6499848117e-07, 6.5568252694e-07, 4.51426956261e-07, 3.62108693253e-07, 2.22976780151e-07, 5.87204347369e-08, 5.77041703309e-08, 1.7982442202e-08, 1.32790010099e-08, 2.23939995436e-08, 4.34952198702e-08, 1.9626176595e-07, 9.11920352564e-08, 1.20970700124e-08, 2.69565287789e-14], "min": [3.23955295667e-25, 3.67530926831e-24, 1.72277104559e-24, 1.83796228991e-24, 7.85615925887e-24, 1.23638469442e-23, 1.17455519662e-23, 7.91756182515e-24, 1.73256084887e-23, 1.46140647878e-23, 1.49393657815e-23, 2.57436205167e-23, 2.48431989022e-23, 4.18731723004e-23, 4.36043875103e-23, 6.88771495744e-23, 7.95032889835e-23, 1.03768208666e-22, 1.52903205319e-22, 1.72132289418e-22, 2.16323734593e-22, 2.96728199342e-22, 3.52574957105e-22, 5.61115272514e-22, 8.74191774769e-22, 1.31267747098e-21, 1.88169392384e-21], "dmean": [0.000132897388539, 0.00767931994051, 0.0059505905956, 0.00445202691481, 0.00456398166716, 0.000756058492698, 0.000322259089444, 0.000201870891033, 0.00026835052995, 0.000373815681087, 0.000230847552302, 0.000199906062335, 0.000249452685239, 0.000154901776114, 0.000196953769773, 0.00016226893058, 0.000174822431291, 8.28906049719e-05, 8.16100873635e-05, 6.80589437252e-05, 5.84628542128e-05, 6.50129586575e-05, 7.50708786654e-05, 0.000128871906782, 0.000114924099762, 5.89983428654e-05, 4.1903668091e-08], "mean": [0.000151987740537, 0.00984844192863, 0.00495916139334, 0.00307125016116, 0.00312982709147, 0.00104249396827, 0.000419045478338, 0.000298488565022, 0.000416505121393, 0.000683766847942, 0.000363791768905, 0.000306621630443, 0.000335691613145, 0.000229680692428, 0.000266503804596, 0.000225950934691, 0.000224811461521, 0.000126999089844, 0.000136065093102, 9.83325226116e-05, 8.80599836819e-05, 0.000100472017948, 0.000117872972623, 0.000198493158678, 0.000172210173332, 7.34900095267e-05, 3.50398039473e-08], "max": [0.00289114098996, 0.138198912144, 0.139206185937, 0.0955427139997, 0.0980955660343, 0.0234357044101, 0.00944978371263, 0.00599738024175, 0.0104229506105, 0.0147287948057, 0.0147293433547, 0.0116811916232, 0.0117296976969, 0.024426985532, 0.0121435103938, 0.00919535942376, 0.00707863969728, 0.00529764499515, 0.00466745113954, 0.0019252615748, 0.00163937464822, 0.00198357435875, 0.00431700935587, 0.00843661557883, 0.00693102553487, 0.00194622366689, 3.48703088093e-06], "dmean2": [0.000213869861909, 0.0110708381981, 0.0102324280888, 0.00813304632902, 0.00854243990034, 0.00131671223789, 0.000543882779311, 0.000334708514856, 0.000418548908783, 0.000566117698327, 0.000366048741853, 0.000307380367303, 0.000404398044338, 0.000240206863964, 0.000314785633236, 0.000263051857473, 0.000280573702184, 0.000129821099108, 0.000127139719552, 0.000111950314022, 9.16575445444e-05, 9.66205989243e-05, 0.00010833585111, 0.00018574668502, 0.000164583092555, 8.67599228513e-05, 6.66898785084e-08], "median": [4.29606479884e-05, 0.00189685868099, 0.000525696901605, 0.000163050921401, 0.000291716714855, 0.00046607706463, 0.000129748004838, 9.02371975826e-05, 0.000176669840585, 0.000148856444866, 0.00011003758118, 5.74356017751e-05, 8.12905782368e-05, 4.24746976933e-05, 7.38486560294e-05, 5.63711910218e-05, 7.1304035373e-05, 5.01157701365e-05, 6.28780253464e-05, 5.79997140449e-05, 5.00994065078e-05, 4.71168241347e-05, 5.55918522878e-05, 9.06008644961e-05, 8.18591797724e-05, 2.93310440611e-05, 2.99223146261e-10], "dvar": [5.26217647234e-08, 0.000209102101508, 0.000278273248114, 0.000196952212718, 0.000219483074034, 2.24007249017e-06, 5.0155244935e-07, 1.94308370283e-07, 2.52776203524e-07, 6.0592429918e-07, 3.43817106341e-07, 2.58654921481e-07, 3.23261872381e-07, 2.28856237072e-07, 2.09779827287e-07, 1.40119894354e-07, 1.45357603287e-07, 2.74552931501e-08, 2.67408122312e-08, 1.85860145052e-08, 1.11585114482e-08, 1.52540646781e-08, 2.43285551704e-08, 1.0991875854e-07, 4.63891751679e-08, 8.57899173923e-09, 3.0704842694e-14]}, "melbands_skewness": {"dvar2": 5.05075502396, "var": 10.6861515045, "min": -4.03151464462, "dmean": 1.46311557293, "mean": 3.81327748299, "max": 30.318031311, "dmean2": 1.99052906036, "median": 3.03416252136, "dvar": 2.8439552784}, "barkbands_skewness": {"dvar2": 2.82249283791, "var": 6.42096042633, "min": -6.15247106552, "dmean": 1.00740587711, "mean": 2.12860441208, "max": 40.656955719, "dmean2": 1.3454310894, "median": 1.63764810562, "dvar": 1.79959774017}, "erbbands": {"dvar2": [0.139258280396, 31.6818084717, 602.047241211, 2583.16308594, 7919.45263672, 6345.26025391, 1085.62658691, 479.787078857, 302.838317871, 249.140213013, 248.624633789, 386.235870361, 1095.50256348, 838.799743652, 1871.69494629, 1149.73901367, 1540.09460449, 1129.08105469, 1351.34606934, 737.57409668, 1292.52697754, 488.562835693, 243.540802002, 181.065475464, 102.12625885, 111.547683716, 71.6098632812, 39.9803199768, 35.5369415283, 38.6552124023, 46.9136352539, 93.3507080078, 55.7632713318, 15.7280721664, 4.80682611465, 0.709891796112, 0.0545072779059, 0.000388950895285, 1.39807170285e-07, 1.64061531027e-09], "var": [0.118855528533, 22.9558753967, 221.058456421, 693.72265625, 1778.39538574, 1248.1619873, 271.240539551, 222.708755493, 165.22618103, 109.331581116, 100.527839661, 356.36126709, 1355.13366699, 1175.01281738, 2221.92236328, 1415.92150879, 1330.95727539, 1701.95568848, 1604.07104492, 533.800415039, 1387.0291748, 402.743286133, 211.457595825, 189.382781982, 82.7222290039, 38.5086898804, 27.7174739838, 20.1244926453, 24.6409816742, 29.7445201874, 41.8027687073, 79.2397460938, 53.4476928711, 16.1845607758, 3.85692763329, 0.499849081039, 0.0295453239232, 0.000149535786477, 6.62641070903e-08, 2.27888796722e-09], "min": [8.52735982459e-23, 5.77347631807e-22, 2.65107791642e-21, 5.69788420776e-21, 1.41977361118e-20, 2.69119754938e-20, 7.02389818898e-20, 1.1856778466e-19, 1.36378508363e-19, 1.56099864184e-19, 3.53007494816e-19, 4.8628495476e-19, 4.46999510832e-19, 6.71962497053e-19, 8.98153432893e-19, 1.52657412478e-18, 1.43037312294e-18, 2.07159629596e-18, 2.36660653911e-18, 2.86758372082e-18, 3.40607891997e-18, 5.01422990695e-18, 5.9873578532e-18, 7.00397564732e-18, 6.54530151612e-18, 8.07588839745e-18, 8.01529741758e-18, 9.52296395131e-18, 9.41605995613e-18, 1.17716494835e-17, 1.23906039204e-17, 1.02777836311e-17, 1.08194926337e-17, 7.96360441956e-18, 6.03723229464e-18, 3.86384584084e-18, 2.35241977122e-18, 9.98056998555e-19, 2.60253483833e-19, 2.66339943403e-20], "dmean": [0.153359785676, 2.02800750732, 6.17318964005, 10.8020820618, 16.7304668427, 14.0273962021, 7.22656393051, 6.68819141388, 4.99241542816, 4.00713396072, 4.40774869919, 6.89554643631, 8.84618091583, 10.0629291534, 10.0727729797, 8.85290050507, 11.3531398773, 8.17803287506, 9.77036190033, 7.90796756744, 9.69621753693, 7.53030395508, 5.27302455902, 4.2116484642, 3.8355743885, 3.08621788025, 2.52977895737, 2.27919816971, 2.08977818489, 2.33264446259, 2.30952548981, 2.60744047165, 2.12706899643, 1.34386599064, 0.852927684784, 0.358954161406, 0.0906519666314, 0.00583129934967, 0.000128504441818, 2.07522680284e-05], "mean": [0.19600944221, 2.50248456001, 5.97594213486, 8.59844303131, 11.432598114, 9.42190742493, 7.8599729538, 9.09864139557, 7.1951379776, 5.52430295944, 6.17110395432, 11.4550170898, 15.8414878845, 18.0349082947, 17.3076324463, 15.1081218719, 16.2263946533, 12.8534784317, 15.1185865402, 10.9136772156, 14.2092895508, 10.2799034119, 7.83328104019, 7.08407735825, 6.45700979233, 4.58690452576, 3.7483754158, 3.37201309204, 3.34350824356, 3.57747983932, 3.53901576996, 4.00953388214, 3.21246433258, 2.06348991394, 1.182985425, 0.457091152668, 0.111753076315, 0.00689035980031, 0.000167807054822, 4.21713739343e-05], "max": [2.75104355812, 37.6213302612, 126.492843628, 237.360015869, 446.874694824, 337.327789307, 261.962188721, 224.844970703, 159.278961182, 130.472640991, 167.89125061, 292.357788086, 515.715148926, 455.846618652, 699.765319824, 529.938964844, 496.209594727, 1353.22424316, 761.442199707, 666.407836914, 599.534912109, 401.103027344, 367.415893555, 241.395431519, 199.509246826, 85.7032699585, 68.1771774292, 51.0732688904, 65.9730758667, 94.5348052979, 129.947525024, 200.983703613, 118.526985168, 96.2339324951, 48.5475234985, 15.557970047, 3.89338469505, 0.149547457695, 0.00303773442283, 0.000262023095274], "dmean2": [0.214137136936, 2.91570687294, 9.86910629272, 18.7949409485, 30.5002307892, 26.5606956482, 13.0636205673, 11.5700855255, 8.29737949371, 6.84033632278, 7.31994438171, 10.5935668945, 13.3116474152, 15.1566305161, 15.8798027039, 13.6187982559, 18.4157543182, 12.6742830276, 15.3394393921, 12.9419584274, 15.5860805511, 11.8883209229, 8.25715065002, 6.45158910751, 6.10524702072, 5.08539152145, 4.16290664673, 3.47108364105, 3.20268940926, 3.38434481621, 3.34406876564, 3.81599473953, 3.04242134094, 1.93655216694, 1.23683345318, 0.529821395874, 0.133757710457, 0.00897038541734, 0.000189243524801, 2.84731177089e-05], "median": [0.0477189011872, 0.493920862675, 1.33997178078, 0.786961972713, 0.581147551537, 0.907235145569, 2.30493116379, 3.51599597931, 2.55987787247, 1.57280755043, 2.66457653046, 5.31019067764, 3.78342056274, 5.69253444672, 5.73483085632, 3.64407157898, 4.12712287903, 3.28220963478, 3.96744298935, 3.59659981728, 3.88967061043, 3.46750068665, 3.30102825165, 2.76290893555, 3.31491422653, 2.84367227554, 2.11759662628, 1.8490871191, 1.56670856476, 1.74726128578, 1.62757635117, 1.89906346798, 1.39062559605, 0.936348497868, 0.558088898659, 0.191980034113, 0.0432829260826, 0.00250136014074, 7.14190100553e-05, 2.5512477805e-05], "dvar": [0.0688186511397, 15.3357839584, 245.031219482, 975.140869141, 2859.44067383, 2200.27832031, 376.737731934, 172.23664856, 114.876579285, 89.7358398438, 90.4023513794, 161.949356079, 495.507720947, 390.663208008, 759.911987305, 509.42098999, 639.520812988, 523.783874512, 609.066162109, 285.847381592, 538.031799316, 229.721832275, 110.384521484, 83.6601028442, 42.7065315247, 41.7265205383, 26.7383213043, 16.410867691, 15.1288127899, 19.0794754028, 24.1808376312, 46.6027984619, 29.0387268066, 8.03689193726, 2.27909851074, 0.324615955353, 0.0235273297876, 0.000152045729919, 5.72556686507e-08, 9.51952960904e-10]}, "silence_rate_30dB": {"dvar2": 0.134799107909, "var": 0.0630476921797, "min": 0, "dmean": 0.0697850510478, "mean": 0.932374179363, "max": 1, "dmean2": 0.13957823813, "median": 1, "dvar": 0.064923889935}, "melbands_spread": {"dvar2": 695.042175293, "var": 725.926635742, "min": 0.219623997808, "dmean": 11.535410881, "mean": 26.3162250519, "max": 281.799713135, "dmean2": 17.6108570099, "median": 19.649055481, "dvar": 326.270202637}, "melbands_crest": {"dvar2": 32.4089164734, "var": 41.1116638184, "min": 1.65854716301, "dmean": 4.14570093155, "mean": 16.5805301666, "max": 35.3907737732, "dmean2": 6.6754117012, "median": 16.6286010742, "dvar": 14.3681354523}, "zerocrossingrate": {"dvar2": 0.000535976898391, "var": 0.00453124614432, "min": 0.00244140625, "dmean": 0.0210049115121, "mean": 0.0898888558149, "max": 0.53076171875, "dmean2": 0.0225239992142, "median": 0.07421875, "dvar": 0.00051115162205}, "barkbands_kurtosis": {"dvar2": 4351.50585938, "var": 3346.40209961, "min": -1.95033955574, "dmean": 9.86369419098, "mean": 12.78033638, "max": 2288.12524414, "dmean2": 13.7093105316, "median": 2.72906661034, "dvar": 2330.25537109}, "spectral_flux": {"dvar2": 0.00362979038619, "var": 0.00794823933393, "min": 6.36296848544e-11, "dmean": 0.038839507848, "mean": 0.0951061844826, "max": 0.463797718287, "dmean2": 0.0538130030036, "median": 0.0649654865265, "dvar": 0.00243769981898}, "barkbands_crest": {"dvar2": 23.8551921844, "var": 30.82579422, "min": 2.20938491821, "dmean": 3.62811541557, "mean": 12.3558282852, "max": 26.7387809753, "dmean2": 5.70991849899, "median": 11.5561666489, "dvar": 11.0063743591}, "barkbands_flatness_db": {"dvar2": 0.00190022366587, "var": 0.00396103644744, "min": 0.0340648181736, "dmean": 0.0331960134208, "mean": 0.161089509726, "max": 0.602148234844, "dmean2": 0.0468532145023, "median": 0.150232329965, "dvar": 0.000928726396523}, "spectral_entropy": {"dvar2": 0.0835702717304, "var": 0.205365493894, "min": 4.48261260986, "dmean": 0.213302344084, "mean": 7.76095628738, "max": 9.82035160065, "dmean2": 0.296606898308, "median": 7.79204177856, "dvar": 0.0456051491201}, "pitch_salience": {"dvar2": 0.0184643361717, "var": 0.0262188650668, "min": 0.0310561973602, "dmean": 0.102117240429, "mean": 0.474495232105, "max": 0.911339104176, "dmean2": 0.145706698298, "median": 0.493353009224, "dvar": 0.00945478491485}, "erbbands_spread": {"dvar2": 346.17288208, "var": 728.39453125, "min": 1.04923641682, "dmean": 13.0809288025, "mean": 49.3241424561, "max": 188.457794189, "dmean2": 18.2568855286, "median": 45.2005386353, "dvar": 177.543518066}, "dynamic_complexity": 3.85305190086, "spectral_contrast_valleys": {"dvar2": [0.717231750488, 0.822200715542, 0.524392187595, 0.485396116972, 0.339942127466, 0.274553269148], "var": [5.01717805862, 2.68674302101, 2.27960085869, 2.1414513588, 2.15055370331, 2.21457910538], "min": [-28.0807933807, -28.330121994, -27.7522945404, -27.7198410034, -27.4668464661, -27.3657951355], "dmean": [0.649815261364, 0.519207239151, 0.496587872505, 0.463472694159, 0.419989049435, 0.373762756586], "mean": [-8.26397132874, -7.64264822006, -7.88009119034, -8.39102649689, -8.31433296204, -9.80732345581], "max": [-5.3699259758, -4.67289113998, -5.54449510574, -5.80926132202, -5.89232826233, -7.40693235397], "dmean2": [0.927054703236, 0.822428643703, 0.753359675407, 0.667472362518, 0.541151702404, 0.475320786238], "median": [-7.54579305649, -7.4510602951, -7.76223468781, -8.31192207336, -8.18873596191, -9.62064647675], "dvar": [0.403845250607, 0.342844516039, 0.231796547771, 0.22956892848, 0.187145590782, 0.150823116302]}, "hfc": {"dvar2": 245.821685791, "var": 213.757858276, "min": 1.07571119658e-16, "dmean": 6.95429754257, "mean": 14.6670217514, "max": 143.223373413, "dmean2": 9.71201705933, "median": 10.32721138, "dvar": 112.30556488}, "spectral_kurtosis": {"dvar2": 27.1288452148, "var": 38.0102386475, "min": -1.53479015827, "dmean": 1.17089438438, "mean": 2.87371873856, "max": 220.305358887, "dmean2": 1.73576962948, "median": 2.10413098335, "dvar": 13.0885152817}, "mfcc": {"mean": [-676.719360352, 81.3290481567, 13.3775911331, 5.42056560516, 6.30791425705, 3.4844956398, 4.37425088882, 5.95936775208, 2.19483947754, 2.95383119583, -2.30291867256, 1.18811917305, 2.43532466888], "cov": [[7107.76757812, 1452.00183105, 779.576904297, 441.472930908, 718.200195312, 213.534622192, 166.193435669, 103.641540527, -25.1527423859, -4.05991411209, -35.2588691711, -93.7795257568, -137.404708862], [1452.00183105, 1931.22717285, 805.482177734, 263.075683594, 425.974884033, 303.22366333, 307.311553955, 157.632781982, 47.7028999329, 89.4273986816, 3.21575927734, -53.665851593, -81.6802368164], [779.576904297, 805.482177734, 1264.77319336, 465.921447754, 342.794555664, 307.042724609, 252.51625061, 151.757781982, 68.840171814, 71.2410888672, 60.1071472168, -7.73751401901, -46.0883750916], [441.472930908, 263.075683594, 465.921447754, 653.609802246, 328.397827148, 229.365356445, 154.675140381, 171.865997314, 114.665267944, 65.6816711426, 84.4506454468, 33.2770690918, 15.4345674515], [718.200195312, 425.974884033, 342.794555664, 328.397827148, 512.06829834, 281.550079346, 200.614730835, 186.133010864, 120.445976257, 95.7622528076, 77.2792282104, 34.0570220947, 6.54685544968], [213.534622192, 303.22366333, 307.042724609, 229.365356445, 281.550079346, 426.825805664, 267.096832275, 168.206481934, 134.885528564, 116.951805115, 80.2789077759, 26.8414039612, 10.9050531387], [166.193435669, 307.311553955, 252.51625061, 154.675140381, 200.614730835, 267.096832275, 331.302276611, 196.962692261, 118.447143555, 123.413917542, 70.772277832, 26.5857143402, 16.2625141144], [103.641540527, 157.632781982, 151.757781982, 171.865997314, 186.133010864, 168.206481934, 196.962692261, 250.800292969, 156.147033691, 97.4111099243, 81.0068511963, 49.7702445984, 31.4886074066], [-25.1527423859, 47.7028999329, 68.840171814, 114.665267944, 120.445976257, 134.885528564, 118.447143555, 156.147033691, 194.521026611, 113.345077515, 74.2137374878, 49.0949668884, 47.0907249451], [-4.05991411209, 89.4273986816, 71.2410888672, 65.6816711426, 95.7622528076, 116.951805115, 123.413917542, 97.4111099243, 113.345077515, 163.060028076, 86.0168151855, 40.019329071, 34.2737503052], [-35.2588691711, 3.21575927734, 60.1071472168, 84.4506454468, 77.2792282104, 80.2789077759, 70.772277832, 81.0068511963, 74.2137374878, 86.0168151855, 134.40461731, 75.1131515503, 40.8440895081], [-93.7795257568, -53.665851593, -7.73751401901, 33.2770690918, 34.0570220947, 26.8414039612, 26.5857143402, 49.7702445984, 49.0949668884, 40.019329071, 75.1131515503, 108.107841492, 62.3266296387], [-137.404708862, -81.6802368164, -46.0883750916, 15.4345674515, 6.54685544968, 10.9050531387, 16.2625141144, 31.4886074066, 47.0907249451, 34.2737503052, 40.8440895081, 62.3266296387, 93.9496841431]], "icov": [[0.000188808931853, -9.48469314608e-05, -1.28199999381e-05, -1.46006232171e-05, -0.000277122133411, 0.000109862368845, 1.89869169844e-05, 4.91316313855e-05, 3.88698535971e-05, 4.00254466513e-05, 1.34603551487e-05, 5.24786191818e-05, 0.000101843419543], [-9.48469314608e-05, 0.00090506154811, -0.000416702241637, 0.000214737650822, -0.000393970054574, 6.60186415189e-05, -0.000445072335424, -1.30973012347e-05, 0.000203072413569, -0.000297266204143, 0.000378750584787, 7.48191159801e-05, 0.000302035157802], [-1.28199999381e-05, -0.000416702241637, 0.0014669635566, -0.000804124923889, 9.12240138859e-05, -0.000268863805104, -0.000414395297412, 0.000262482906692, 0.000121273595141, 0.000174018059624, -0.000267766765319, -8.3614824689e-05, 0.000526931602508], [-1.46006232171e-05, 0.000214737650822, -0.000804124923889, 0.00289203878492, -0.0011770282872, -0.000316607271088, 0.000536767358426, -0.000827453914098, -0.000289555813652, 0.000684513128363, -0.000846715469379, 0.000631886825431, -0.000556738465093], [-0.000277122133411, -0.000393970054574, 9.12240138859e-05, -0.0011770282872, 0.00477716000751, -0.00190543395001, 0.000696859846357, -0.00165705569088, 0.000379388482543, -0.000530340767, 0.000102815603896, -0.000685654173139, 0.000226814925554], [0.000109862368845, 6.60186415189e-05, -0.000268863805104, -0.000316607271088, -0.00190543395001, 0.00642783427611, -0.00432331720367, 0.00216348003596, -0.00234780274332, 0.000583313812967, -0.000917635799851, 0.000389300141251, 0.000652781338431], [1.89869169844e-05, -0.000445072335424, -0.000414395297412, 0.000536767358426, 0.000696859846357, -0.00432331720367, 0.0105672748759, -0.00671949703246, 0.00345914112404, -0.004048937466, 0.001151790726, 0.000621284416411, -0.00094406894641], [4.91316313855e-05, -1.30973012347e-05, 0.000262482906692, -0.000827453914098, -0.00165705569088, 0.00216348003596, -0.00671949703246, 0.0142273567617, -0.00853850878775, 0.00325834797695, -0.00200222944841, -0.0013846589718, 0.00146430474706], [3.88698535971e-05, 0.000203072413569, 0.000121273595141, -0.000289555813652, 0.000379388482543, -0.00234780274332, 0.00345914112404, -0.00853850878775, 0.0157133154571, -0.00715603120625, 0.001448663068, 6.23457235633e-05, -0.00308703095652], [4.00254466513e-05, -0.000297266204143, 0.000174018059624, 0.000684513128363, -0.000530340767, 0.000583313812967, -0.004048937466, 0.00325834797695, -0.00715603120625, 0.0154315214604, -0.00734356883913, 0.00252238265239, -0.00117247493472], [1.34603551487e-05, 0.000378750584787, -0.000267766765319, -0.000846715469379, 0.000102815603896, -0.000917635799851, 0.001151790726, -0.00200222944841, 0.001448663068, -0.00734356883913, 0.0183837600052, -0.0105101764202, 0.00186091952492], [5.24786191818e-05, 7.48191159801e-05, -8.3614824689e-05, 0.000631886825431, -0.000685654173139, 0.000389300141251, 0.000621284416411, -0.0013846589718, 6.23457235633e-05, 0.00252238265239, -0.0105101764202, 0.0223236531019, -0.0108356997371], [0.000101843419543, 0.000302035157802, 0.000526931602508, -0.000556738465093, 0.000226814925554, 0.000652781338431, -0.00094406894641, 0.00146430474706, -0.00308703095652, -0.00117247493472, 0.00186091952492, -0.0108356997371, 0.0193410310894]]}, "silence_rate_20dB": {"dvar2": 0, "var": 0, "min": 1, "dmean": 0, "mean": 1, "max": 1, "dmean2": 0, "median": 1, "dvar": 0}, "melbands_kurtosis": {"dvar2": 4541.05761719, "var": 5021.14648438, "min": -1.82236742973, "dmean": 23.1323471069, "mean": 36.6823158264, "max": 1326.78869629, "dmean2": 32.5776405334, "median": 12.1977806091, "dvar": 2310.96484375}, "barkbands_spread": {"dvar2": 273.055450439, "var": 301.080993652, "min": 0.0743116512895, "dmean": 9.65268230438, "mean": 25.6038665771, "max": 118.370872498, "dmean2": 14.602139473, "median": 22.6805763245, "dvar": 119.142181396}, "erbbands_skewness": {"dvar2": 0.405996590853, "var": 0.768088042736, "min": -5.18192815781, "dmean": 0.437714785337, "mean": 0.389446139336, "max": 6.11696529388, "dmean2": 0.637587606907, "median": 0.397036492825, "dvar": 0.199923604727}, "average_loudness": 0.937136948109, "spectral_centroid": {"dvar2": 267684.125, "var": 1136111.625, "min": 84.2686386108, "dmean": 329.500762939, "mean": 1557.76123047, "max": 11854.4375, "dmean2": 474.111083984, "median": 1365.44140625, "dvar": 148496.046