{"tonal": {"thpcp": [1, 0.858884572983, 0.767169296741, 0.999319314957, 0.551682710648, 0.224670186639, 0.405225247145, 0.438576698303, 0.359714925289, 0.390516132116, 0.387737601995, 0.320526719093, 0.273496896029, 0.239152058959, 0.399603754282, 0.701915800571, 0.627362132072, 0.328700482845, 0.241846114397, 0.237363532186, 0.406909555197, 0.926955759525, 0.949784398079, 0.446947097778, 0.269742697477, 0.233087450266, 0.196377798915, 0.221588894725, 0.24850718677, 0.354653954506, 0.554469645023, 0.503437399864, 0.267071902752, 0.16908198595, 0.170556992292, 0.481879770756], "hpcp": {"dmean2": [0.249574333429, 0.247590079904, 0.180452272296, 0.158697724342, 0.159228742123, 0.201615005732, 0.317895770073, 0.335628092289, 0.208885297179, 0.149884283543, 0.13499340415, 0.119330435991, 0.134305074811, 0.158877313137, 0.197019606829, 0.228619083762, 0.201737254858, 0.143930122256, 0.11055765301, 0.116350665689, 0.19527259469, 0.268634468317, 0.282097309828, 0.271242260933, 0.412127524614, 0.243069082499, 0.133141726255, 0.197328060865, 0.232125818729, 0.22271899879, 0.240828827024, 0.241863206029, 0.208452269435, 0.175700336695, 0.16646194458, 0.210376694798], "median": [0.0538297668099, 0.0463859736919, 0.0250572301447, 0.016460897401, 0.0186026804149, 0.0525955930352, 0.125693380833, 0.127849310637, 0.0595038607717, 0.017879396677, 0.014401845634, 0.0150187751278, 0.0182551778853, 0.0207040011883, 0.0300402715802, 0.0424142554402, 0.0377574898303, 0.0228656493127, 0.0132901184261, 0.0131386201829, 0.0433835312724, 0.113282874227, 0.109420090914, 0.145453304052, 0.110485084355, 0.0662408024073, 0.0129857929423, 0.0278937704861, 0.0316574424505, 0.0243527013808, 0.0166625231504, 0.019565384835, 0.0304573178291, 0.0273289307952, 0.0219351612031, 0.0312091205269], "min": [0, 0, 0, 0, 0, 0, 0, 0, 0, 0, 0, 0, 0, 0, 0, 0, 0, 0, 0, 0, 0, 0, 0, 0, 0, 0, 0, 0, 0, 0, 0, 0, 0, 0, 0, 0], "dvar2": [0.124100960791, 0.125229477882, 0.0977040380239, 0.0904229730368, 0.0831212326884, 0.0891706645489, 0.128257319331, 0.139505550265, 0.0826364532113, 0.076921209693, 0.0739083141088, 0.0648053064942, 0.0760942175984, 0.082850471139, 0.101193092763, 0.110937334597, 0.0963868275285, 0.0725847110152, 0.0601322390139, 0.0613608583808, 0.0758093670011, 0.104596711695, 0.109320908785, 0.083028845489, 0.211465612054, 0.0907347053289, 0.0752574577928, 0.106516398489, 0.13567763567, 0.133531749249, 0.161857977509, 0.157152548432, 0.121076881886, 0.103852249682, 0.100109495223, 0.114555679262], "dvar": [0.051292989403, 0.048937458545, 0.0359529554844, 0.033486071974, 0.0299816671759, 0.0322324074805, 0.0583109855652, 0.0615181103349, 0.0305580291897, 0.0293094273657, 0.0266956631094, 0.0227941758931, 0.0270477570593, 0.0299031678587, 0.0376369692385, 0.046792536974, 0.0397524870932, 0.0261698178947, 0.0215100571513, 0.0215040892363, 0.0290424749255, 0.0515029914677, 0.0456829480827, 0.0339035764337, 0.0862792804837, 0.0335308462381, 0.0276990048587, 0.0427580475807, 0.0532428920269, 0.0503733716905, 0.0610456131399, 0.0585935488343, 0.0429178364575, 0.0362328030169, 0.0343670397997, 0.0411498583853], "dmean": [0.146308407187, 0.144373223186, 0.102132879198, 0.0888663753867, 0.088121637702, 0.115990586579, 0.190227076411, 0.199611410499, 0.122142255306, 0.085644684732, 0.0754854530096, 0.0660086646676, 0.0756530612707, 0.0884971767664, 0.113555200398, 0.134521692991, 0.119838833809, 0.0813499838114, 0.0619162917137, 0.0646796822548, 0.119269452989, 0.167996704578, 0.168270602822, 0.160719767213, 0.236309662461, 0.138410031796, 0.0757054239511, 0.113767467439, 0.132039651275, 0.124865189195, 0.133110716939, 0.132840663195, 0.114808298647, 0.0970631688833, 0.0906555429101, 0.118529126048], "max": [1, 1, 1, 1, 1, 1, 1, 1, 1, 1, 1, 1, 1, 1, 1, 1, 1, 1, 1, 1, 1, 1, 1, 1, 1, 1, 1, 1, 1, 1, 1, 1, 1, 1, 1, 1], "var": [0.0960552617908, 0.0795481428504, 0.0345554575324, 0.0269452482462, 0.0239951852709, 0.0335840545595, 0.107089549303, 0.107718735933, 0.0344118699431, 0.0305752456188, 0.0265593752265, 0.0178499557078, 0.0209723878652, 0.0233387891203, 0.0353893749416, 0.072287671268, 0.0634010955691, 0.0229827314615, 0.0159951262176, 0.0159089136869, 0.0425797104836, 0.126406177878, 0.090373583138, 0.0532577559352, 0.12678296864, 0.0397879220545, 0.0234636552632, 0.0498629175127, 0.0573919937015, 0.0423200726509, 0.0580147393048, 0.0544013530016, 0.0320943258703, 0.0257577262819, 0.0235215462744, 0.0409325510263], "mean": [0.212137714028, 0.189605608582, 0.0993420705199, 0.0730923563242, 0.0717376023531, 0.122978940606, 0.280150800943, 0.28705021739, 0.135079354048, 0.0815234482288, 0.0704452544451, 0.0593506172299, 0.0669700875878, 0.0751055106521, 0.107185900211, 0.167575538158, 0.152152240276, 0.0807162672281, 0.0511010959744, 0.051546882838, 0.145636945963, 0.30222672224, 0.259577870369, 0.231859058142, 0.302020996809, 0.166733264923, 0.0679013356566, 0.122469902039, 0.132549598813, 0.108715467155, 0.118024408817, 0.117184661329, 0.096871741116, 0.0826580673456, 0.0722781419754, 0.120770931244]}, "tuning_equal_tempered_deviation": 0.13044808805, "chords_changes_rate": 0.0655030012131, "key_key": "A", "tuning_diatonic_strength": 0.545695126057, "key_scale": "minor", "chords_number_rate": 0.00168918923009, "tuning_frequency": 434.193115234, "tuning_nontempered_energy_ratio": 0.837722361088, "chords_histogram": [8.85885906219, 0, 42.7927932739, 4.24174165726, 7.2259759903, 5.0487985611, 0.4316816926, 2.45870876312, 0.0187687687576, 13.1193695068, 0, 0.168918922544, 0, 0, 0.356606602669, 0.262762755156, 0.675675690174, 0.544294297695, 0.0187687687576, 0, 0, 1.55780780315, 11.2237234116, 0.994744718075], "key_strength": 0.626348853111, "chords_key": "E", "chords_strength": {"dmean2": 0.0120039302856, "median": 0.519903659821, "min": 0.208375349641, "dvar2": 0.000137573471875, "dvar": 0.000107694861072, "dmean": 0.0119989803061, "max": 0.796285629272, "var": 0.0111934309825, "mean": 0.521448194981}, "chords_scale": "minor", "hpcp_entropy": {"dmean2": 1.10839605331, "median": 2.1528840065, "min": 0, "dvar2": 0.796113669872, "dvar": 0.290231078863, "dmean": 0.65439593792, "max": 4.43731832504, "var": 0.504837155342, "mean": 2.14715862274}}, "metadata": {"audio_properties": {"equal_loudness": 0, "codec": "flac", "downmix": "mix", "sample_rate": 44100, "analysis_sample_rate": 44100, "bit_rate": 0, "md5_encoded": "264c14d8ba077593d8997ed40aab63e0", "length": 247.373336792, "replay_gain": -11.8379249573, "lossless": true}, "version": {"essentia_build_sha": "ca57ba49d9b1854bd80e60cf9ccf267278fb7d6b", "essentia": "2.1-beta1", "extractor": "music 1.0", "essentia_git_sha": "v2.1_beta1-28-g21ef5f4-dirty"}, "tags": {"title": ["Face to Face"], "barcode": ["090204229321"], "media": ["CD"], "albumartist": ["2 Unlimited"], "tracktotal": ["13"], "albumartistsort": ["2 Unlimited"], "releasetype": ["album"], "discid": ["b80d6b0d"], "replaygain_album_peak": ["1.00000000"], "musicbrainz_releasegroupid": ["5c4ccd76-3974-3b58-8bf6-35bfd9346776"], "musicbrainz_recordingid": ["0d079284-75d4-4a1a-8adc-68d26478720f"], "musicbrainz_discid": ["xsYp6JkGGHc8ipA2p3d_Nzm7SKI-"], "musicbrainz_albumartistid": ["515b236c-cce1-4dc2-aedd-50de7b1736e2"], "producer": ["Jean-Paul de Coster"], "discnumber": ["1"], "catalognumber": ["ZYX 20302-2"], "replaygain_track_gain": ["-6.02 dB"], "releasecountry": ["DE"], "file_name": "01-11 Face to Face.flac", "originaldate": ["1994-06-06"], "replaygain_track_peak": ["1.00000000"], "artists": ["2 Unlimited"], "date": ["1994-06-06"], "genre": ["Techno, Euro House, Electronic, Disco, Dance Club"], "disctotal": ["1"], "replaygain_album_gain": ["-6.99 dB"], "albumanddiscnumber": ["Real Things"], "musicbrainz_artistid": ["515b236c-cce1-4dc2-aedd-50de7b1736e2"], "asin": ["B000025FAL"], "musicbrainz_albumid": ["7769c5f1-366f-313c-85e3-f4feca900f0e"], "musicbrainz_releasetrackid": ["e96e8adb-7bad-300e-a848-c64b392b2d2c"], "artist": ["2 Unlimited"], "tracknumber": ["11"], "replaygain_reference_loudness": ["89.0 dB"], "artistsort": ["2 Unlimited"], "album": ["Real Things"], "label": ["ZYX Music"], "releasestatus": ["official"], "totaldiscs": ["1"], "script": ["Latn"], "totaltracks": ["13"]}}, "rhythm": {"bpm_histogram_first_peak_bpm": {"dmean2": 0, "median": 129, "min": 129, "dvar2": 0, "dvar": 0, "dmean": 0, "max": 129, "var": 0, "mean": 129}, "bpm": 128.971755981, "bpm_histogram_second_peak_spread": {"dmean2": 0, "median": 0.428571403027, "min": 0.428571403027, "dvar2": 0, "dvar": 0, "dmean": 0, "max": 0.428571403027, "var": 0, "mean": 0.428571403027}, "bpm_histogram_first_peak_weight": {"dmean2": 0, "median": 0.860902249813, "min": 0.860902249813, "dvar2": 0, "dvar": 0, "dmean": 0, "max": 0.860902249813, "var": 0, "mean": 0.860902249813}, "onset_rate": 4.40203857422, "beats_position": [0.452789098024, 0.9287981987, 1.39319729805, 1.86920630932, 2.34521532059, 2.80961441994, 3.28562355042, 3.76163268089, 4.23764181137, 4.7020406723, 5.17804956436, 5.65405893326, 6.13006782532, 6.60607719421, 7.08208608627, 7.5464849472, 8.01088428497, 8.47528362274, 8.93968200684, 9.4040813446, 9.86848068237, 10.3328800201, 10.7972784042, 11.261677742, 11.7260770798, 12.1904764175, 12.6548748016, 13.1192741394, 13.5836734772, 14.0480718613, 14.512471199, 14.9768705368, 15.4412698746, 15.9056682587, 16.3700675964, 16.8344669342, 17.298866272, 17.7632656097, 18.2160549164, 18.6688423157, 19.1332416534, 19.6092510223, 20.0852603912, 20.549659729, 21.0140590668, 21.4784584045, 21.942855835, 22.4072551727, 22.8716545105, 23.3360538483, 23.800453186, 24.2648525238, 24.7292518616, 25.1936511993, 25.6580486298, 26.1224479675, 26.5868473053, 27.0512466431, 27.5156459808, 27.9800453186, 28.4444446564, 28.9088420868, 29.3732414246, 29.8376407623, 30.3020401001, 30.7664394379, 31.2308387756, 31.6952381134, 32.1596374512, 32.6240348816, 33.1000442505, 33.5644454956, 34.0404510498, 34.4932403564, 34.9692497253, 35.4336509705, 35.8980484009, 36.362449646, 36.8268470764, 37.2912483215, 37.755645752, 38.2200431824, 38.6844444275, 39.1488418579, 39.613243103, 40.0776405334, 40.5420417786, 41.006439209, 41.4708366394, 41.9352378845, 42.3996353149, 42.8640365601, 43.3284339905, 43.7928352356, 44.257232666, 44.7216300964, 45.1860313416, 45.650428772, 46.1264381409, 46.590839386, 47.0668487549, 47.5312461853, 47.9956436157, 48.4600448608, 48.9244422913, 49.3888435364, 49.8532409668, 50.3176422119, 50.7820396423, 51.2464370728, 51.7108383179, 52.1752357483, 52.6396369934, 53.1040344238, 53.5684356689, 54.0328330994, 54.4972343445, 54.9616317749, 55.4260292053, 55.8904304504, 56.3548278809, 56.819229126, 57.2836265564, 57.7480278015, 58.2124252319, 58.6768226624, 59.1412239075, 59.6056213379, 60.070022583, 60.5344200134, 60.9988212585, 61.463218689, 61.9392280579, 62.4036254883, 62.8796348572, 63.3440361023, 63.8084335327, 64.2728347778, 64.7372360229, 65.2016296387, 65.6660308838, 66.1304321289, 66.5948257446, 67.0592269897, 67.5236282349, 67.98802948, 68.4524230957, 68.9168243408, 69.3812255859, 69.8456192017, 70.3100204468, 70.7744216919, 71.238822937, 71.7032165527, 72.1676177979, 72.632019043, 73.0964126587, 73.5608139038, 74.0252151489, 74.489616394, 74.9540100098, 75.4184112549, 75.8944168091, 76.3704299927, 76.8348312378, 77.2992248535, 77.7636260986, 78.2280273438, 78.6924285889, 79.1568222046, 79.6212234497, 80.0856246948, 80.5500183105, 81.0144195557, 81.4788208008, 81.9432220459, 82.4076156616, 82.8720169067, 83.3364181519, 83.8008117676, 84.2652130127, 84.7296142578, 85.1940155029, 85.6584091187, 86.1228103638, 86.5872116089, 87.0516052246, 87.5043945312, 87.9804077148, 88.44480896, 88.9208145142, 89.3852157593, 89.849609375, 90.3140106201, 90.7900238037, 91.2544174194, 91.7188186646, 92.1832199097, 92.6476211548, 93.100402832, 93.5531921387, 94.0175933838, 94.5052108765, 94.9696121216, 95.4340133667, 95.8984146118, 96.3628082275, 96.8272094727, 97.2916107178, 97.7560043335, 98.2204055786, 98.6848068237, 99.1492080688, 99.6136016846, 100.07800293, 100.542404175, 101.006797791, 101.471199036, 101.935600281, 102.400001526, 102.864395142, 103.328796387, 103.804801941, 104.269203186, 104.74521637, 105.209609985, 105.67401123, 106.138412476, 106.602806091, 107.067207336, 107.531608582, 107.996009827, 108.460403442, 108.924804688, 109.389205933, 109.853607178, 110.318000793, 110.782402039, 111.246803284, 111.711196899, 112.175598145, 112.63999939, 113.104400635, 113.56879425, 114.033195496, 114.497596741, 114.961990356, 115.426391602, 115.890792847, 116.355194092, 116.819587708, 117.283988953, 117.748390198, 118.212783813, 118.688796997, 119.153198242, 119.629203796, 120.093605042, 120.557998657, 121.022399902, 121.486801147, 121.951202393, 122.415596008, 122.879997253, 123.344398499, 123.808792114, 124.273193359, 124.737594604, 125.20199585, 125.666389465, 126.13079071, 126.595191956, 127.059593201, 127.523986816, 127.988388062, 128.452789307, 128.917190552, 129.381591797, 129.845977783, 130.310379028, 130.774780273, 131.239181519, 131.715194702, 132.179595947, 132.643981934, 133.108383179, 133.584396362, 134.048797607, 134.513198853, 134.977600098, 135.441986084, 135.906387329, 136.370788574, 136.835189819, 137.299591064, 137.76399231, 138.228393555, 138.692779541, 139.157180786, 139.621582031, 140.085983276, 140.550384521, 141.014785767, 141.479187012, 141.943572998, 142.407974243, 142.872375488, 143.336776733, 143.801177979, 144.265579224, 144.729980469, 145.194366455, 145.6587677, 146.123168945, 146.58757019, 147.051971436, 147.527984619, 147.992385864, 148.468383789, 148.932785034, 149.397186279, 149.861587524, 150.32598877, 150.790390015, 151.254776001, 151.719177246, 152.183578491, 152.647979736, 153.112380981, 153.576782227, 154.041183472, 154.505569458, 154.969970703, 155.434371948, 155.898773193, 156.363174438, 156.827575684, 157.291976929, 157.756362915, 158.22076416, 158.685165405, 159.14956665, 159.613967896, 160.089981079, 160.554367065, 161.018768311, 161.494781494, 161.959182739, 162.423583984, 162.887985229, 163.352371216, 163.816772461, 164.281173706, 164.745574951, 165.209976196, 165.674377441, 166.138778687, 166.603164673, 167.067565918, 167.531967163, 167.996368408, 168.460769653, 168.925170898, 169.389572144, 169.85395813, 170.318359375, 170.78276062, 171.247161865, 171.71156311, 172.164352417, 172.640365601, 173.104751587, 173.569152832, 174.033554077, 174.509567261, 174.985580444, 175.449981689, 175.914367676, 176.378768921, 176.843170166, 177.307571411, 177.771972656, 178.236373901, 178.700775146, 179.165161133, 179.629562378, 180.093963623, 180.558364868, 181.022766113, 181.487167358, 181.951568604, 182.41595459, 182.880355835, 183.34475708, 183.809158325, 184.27355957, 184.737960815, 185.202362061, 185.666748047, 186.14276123, 186.618774414, 187.083175659, 187.547576904, 188.011962891, 188.476364136, 188.940765381, 189.405166626, 189.869567871, 190.333969116, 190.809967041, 191.285980225, 191.75038147, 192.214782715, 192.67918396, 193.131973267, 193.607971191, 194.072372437, 194.536773682, 194.989562988, 195.442352295, 195.90675354, 196.371154785, 196.83555603, 197.299957275, 197.764343262, 198.228744507, 198.693145752, 199.157546997, 199.621948242, 200.086349487, 200.550750732, 201.015136719, 201.479537964, 201.943939209, 202.419952393, 202.884353638, 203.360351562, 203.824752808, 204.289154053, 204.753555298, 205.217956543, 205.682357788, 206.146759033, 206.611160278, 207.075546265, 207.53994751, 208.004348755, 208.46875, 208.933151245, 209.39755249, 209.861953735, 210.326339722, 210.790740967, 211.255142212, 211.719543457, 212.183944702, 212.648345947, 213.112747192, 213.577133179, 214.041534424, 214.505935669, 214.970336914, 215.434738159, 215.899139404, 216.363540649, 216.827926636, 217.292327881, 217.756729126, 218.221130371, 218.697143555, 219.173141479, 219.637542725, 220.10194397, 220.566345215, 221.03074646, 221.495147705, 221.95954895, 222.423934937, 222.888336182, 223.352737427, 223.817138672, 224.281539917, 224.745941162, 225.210342407, 225.674728394, 226.139129639, 226.603530884, 227.067932129, 227.532333374, 227.996734619, 228.461135864, 228.925521851, 229.389923096, 229.854324341, 230.318725586, 230.783126831, 231.247528076, 231.711929321, 232.187927246, 232.652328491, 233.128341675, 233.59274292, 234.057144165, 234.521530151, 234.985931396, 235.450332642, 235.914733887, 236.379135132, 236.843536377, 237.307937622, 237.772338867, 238.236724854, 238.701126099, 239.165527344, 239.629928589, 240.094329834, 240.558731079, 241.023132324, 241.487518311, 241.940307617, 242.288604736, 242.648529053, 243.02003479, 243.403167725, 243.786300659, 244.157821655, 244.529342651, 244.912460327, 245.295593262, 245.690338135, 246.085067749, 246.456588745, 246.816497803], "beats_loudness": {"dmean2": 0.0217113681138, "median": 0.0495224930346, "min": 0, "dvar2": 0.000282138906186, "dvar": 9.38134471653e-05, "dmean": 0.0122948894277, "max": 0.08669950068, "var": 0.000446871999884, "mean": 0.0444867871702}, "danceability": 1.33833730221, "bpm_histogram_second_peak_weight": {"dmean2": 0, "median": 0.00751879718155, "min": 0.00751879718155, "dvar2": 0, "dvar": 0, "dmean": 0, "max": 0.00751879718155, "var": 0, "mean": 0.00751879718155}, "beats_count": 533, "bpm_histogram_second_peak_bpm": {"dmean2": 0, "median": 157, "min": 157, "dvar2": 0, "dvar": 0, "dmean": 0, "max": 157, "var": 0, "mean": 157}, "bpm_histogram_first_peak_spread": {"dmean2": 0, "median": 0.115830123425, "min": 0.115830123425, "dvar2": 0, "dvar": 0, "dmean": 0, "max": 0.115830123425, "var": 0, "mean": 0.115830123425}, "beats_loudness_band_ratio": {"dmean2": [0.334742903709, 0.132152572274, 0.140045285225, 0.225408107042, 0.151088938117, 0.143799185753], "median": [0.6424446702, 0.0631081834435, 0.0690638870001, 0.0732785239816, 0.0618054307997, 0.0646636635065], "min": [0, 0, 0, 0, 0, 0], "dvar2": [0.0525157824159, 0.034047242254, 0.0235548429191, 0.0479813739657, 0.0126462066546, 0.00975575111806], "dvar": [0.0203357934952, 0.0114004453644, 0.00905679352582, 0.0153805259615, 0.00383591745049, 0.00327350012958], "dmean": [0.183493971825, 0.0728103816509, 0.0810190364718, 0.120620958507, 0.0789699181914, 0.072737634182], "max": [0.984084069729, 0.775229513645, 0.783802270889, 0.83062684536, 0.621267318726, 0.472064048052], "var": [0.0746046900749, 0.00904994923621, 0.0125968065113, 0.0174108110368, 0.00591345829889, 0.00353991053998], "mean": [0.583814740181, 0.0883704274893, 0.109548173845, 0.109450407326, 0.0711381137371, 0.0712067112327]}}, "lowlevel": {"barkbands_spread": {"dmean2": 12.5095643997, "median": 24.7975788116, "min": 0.424875974655, "dvar2": 178.695419312, "dvar": 90.1053924561, "dmean": 8.43061733246, "max": 123.571868896, "var": 324.857055664, "mean": 28.3729534149}, "melbands_spread": {"dmean2": 15.5222063065, "median": 23.4891700745, "min": 0.356984615326, "dvar2": 357.794769287, "dvar": 161.939331055, "dmean": 10.2440299988, "max": 200.320877075, "var": 518.428649902, "mean": 28.8057689667}, "hfc": {"dmean2": 14.4208059311, "median": 17.299665451, "min": 1.05303314674e-16, "dvar2": 417.703094482, "dvar": 193.338562012, "dmean": 10.2046689987, "max": 111.821983337, "var": 390.535736084, "mean": 22.8207111359}, "barkbands_kurtosis": {"dmean2": 7.31123876572, "median": 1.36775255203, "min": -1.90638053417, "dvar2": 404.563934326, "dvar": 212.983383179, "dmean": 4.95674991608, "max": 746.64453125, "var": 394.820098877, "mean": 6.28389406204}, "gfcc": {"mean": [-9.91114902496, 63.6601142883, -110.97605896, 34.0567817688, -70.9994506836, 17.9312896729, -31.967010498, 5.15662050247, -15.4981651306, 4.35384225845, -14.2182559967, 7.52867221832, -14.0883226395], "icov": [[0.000141732467455, -0.000302203407045, 0.000246741226874, -0.000297151418636, 0.000419225223595, -0.000485733064124, 0.00045436641085, -0.000565745285712, 0.000587741727941, -0.000607904046774, 0.000602878862992, -0.000200303082238, 0.000173355627339], [-0.000302203407045, 0.00198425492272, -0.000857607868966, 0.000792822160292, -0.00141837482806, 0.00133529608138, -0.00132538506296, 0.00186888524331, -0.00225984444842, 0.00277103949338, -0.00236004707403, 0.0014849595027, -0.000509811448865], [0.000246741226874, -0.000857607868966, 0.00185886374675, -0.00128130370285, 0.000417768023908, -0.00102403899655, 0.00111458345782, -0.00168843846768, 0.000928763765842, -0.000968563486822, 0.00153317244258, -0.00080276367953, 0.00116881052963], [-0.000297151418636, 0.000792822160292, -0.00128130370285, 0.00412170728669, -0.00168501003645, -0.000661022902932, -3.98160773329e-05, 0.00170065462589, -0.00322832679376, 0.00244446797296, -0.00115654221736, -0.000759177724831, 0.0012355443323], [0.000419225223595, -0.00141837482806, 0.000417768023908, -0.00168501003645, 0.0056291022338, -0.00294601055793, 0.00040622940287, -0.00265694712289, 0.0029892900493, -0.00155917077791, 3.88884072891e-05, 0.00230162893422, -0.00147207069676], [-0.000485733064124, 0.00133529608138, -0.00102403899655, -0.000661022902932, -0.00294601055793, 0.00923616439104, -0.0063218344003, 0.00232968828641, 0.000164375684108, -0.000643276434857, 0.000415489193983, -0.00185356952716, -0.000292434910079], [0.00045436641085, -0.00132538506296, 0.00111458345782, -3.98160773329e-05, 0.00040622940287, -0.0063218344003, 0.0118207428604, -0.00433683767915, -0.000851301185321, 0.000875712663401, -0.000288265669951, -8.36177059682e-05, 0.00147464929614], [-0.000565745285712, 0.00186888524331, -0.00168843846768, 0.00170065462589, -0.00265694712289, 0.00232968828641, -0.00433683767915, 0.0114772990346, -0.00704946555197, 0.00144800031558, -0.000455168425106, 0.000155794637976, -0.00331637193449], [0.000587741727941, -0.00225984444842, 0.000928763765842, -0.00322832679376, 0.0029892900493, 0.000164375684108, -0.000851301185321, -0.00704946555197, 0.0164190959185, -0.00894752144814, 0.00224840664305, -0.00383869861253, 0.00337847881019], [-0.000607904046774, 0.00277103949338, -0.000968563486822, 0.00244446797296, -0.00155917077791, -0.000643276434857, 0.000875712663401, 0.00144800031558, -0.00894752144814, 0.0198866520077, -0.0134245827794, 0.00530625786632, -0.000315785116982], [0.000602878862992, -0.00236004707403, 0.00153317244258, -0.00115654221736, 3.88884072891e-05, 0.000415489193983, -0.000288265669951, -0.000455168425106, 0.00224840664305, -0.0134245827794, 0.0225648768246, -0.00920872762799, -0.00096600537654], [-0.000200303082238, 0.0014849595027, -0.00080276367953, -0.000759177724831, 0.00230162893422, -0.00185356952716, -8.36177059682e-05, 0.000155794637976, -0.00383869861253, 0.00530625786632, -0.00920872762799, 0.0160056501627, -0.00378402369097], [0.000173355627339, -0.000509811448865, 0.00116881052963, 0.0012355443323, -0.00147207069676, -0.000292434910079, 0.00147464929614, -0.00331637193449, 0.00337847881019, -0.000315785116982, -0.00096600537654, -0.00378402369097, 0.0135568426922]], "cov": [[17214.7265625, 461.121032715, -553.903137207, 581.933105469, -618.551147461, 440.421295166, -255.168991089, 115.931587219, -146.141357422, 51.1673316956, -296.803192139, 44.4559783936, -180.748458862], [461.121032715, 1107.18945312, 326.207489014, 93.0338745117, 229.382888794, 18.3640041351, 81.3042068481, -19.0336055756, 29.1233634949, -86.333152771, 0.193014129996, -75.2780838013, -19.3263950348], [-553.903137207, 326.207489014, 1300.5859375, 549.411682129, 246.999420166, 249.990921021, 144.664718628, 152.12171936, 153.475814819, -17.1855278015, -21.6499710083, 49.5387077332, -115.5258255], [581.933105469, 93.0338745117, 549.411682129, 663.32208252, 175.917648315, 252.162750244, 121.9972229, 89.463432312, 139.818847656, 4.80409097672, 4.43769454956, 73.9971542358, -92.3697738647], [-618.551147461, 229.382888794, 246.999420166, 175.917648315, 450.913269043, 185.736907959, 137.812072754, 78.4328536987, 13.4285020828, -5.62302207947, 15.2891845703, -31.8515548706, 25.0943984985], [440.421295166, 18.3640041351, 249.990921021, 252.162750244, 185.736907959, 341.595977783, 174.865722656, 83.7667694092, 56.6177902222, 23.2234764099, 10.5425281525, 48.5336418152, -19.7391681671], [-255.168991089, 81.3042068481, 144.664718628, 121.9972229, 137.812072754, 174.865722656, 223.516265869, 104.546813965, 81.1680297852, 19.9293575287, 29.5124111176, 31.2610378265, -6.20714426041], [115.931587219, -19.0336055756, 152.12171936, 89.463432312, 78.4328536987, 83.7667694092, 104.546813965, 216.384292603, 118.076347351, 54.7300376892, 32.8075447083, 44.5579986572, 15.0420541763], [-146.141357422, 29.1233634949, 153.475814819, 139.818847656, 13.4285020828, 56.6177902222, 81.1680297852, 118.076347351, 200.044509888, 87.689163208, 62.6456451416, 62.4565315247, -26.1890964508], [51.1673316956, -86.333152771, -17.1855278015, 4.80409097672, -5.62302207947, 23.2234764099, 19.9293575287, 54.7300376892, 87.689163208, 144.60848999, 82.9564285278, 33.0641479492, 4.90958690643], [-296.803192139, 0.193014129996, -21.6499710083, 4.43769454956, 15.2891845703, 10.5425281525, 29.5124111176, 32.8075447083, 62.6456451416, 82.9564285278, 122.418167114, 57.6674003601, 23.1075057983], [44.4559783936, -75.2780838013, 49.5387077332, 73.9971542358, -31.8515548706, 48.5336418152, 31.2610378265, 44.5579986572, 62.4565315247, 33.0641479492, 57.6674003601, 126.774024963, 15.3738307953], [-180.748458862, -19.3263950348, -115.5258255, -92.3697738647, 25.0943984985, -19.7391681671, -6.20714426041, 15.0420541763, -26.1890964508, 4.90958690643, 23.1075057983, 15.3738307953, 112.959121704]]}, "spectral_energyband_middle_low": {"dmean2": 0.0138904657215, "median": 0.00716250436381, "min": 1.66120134335e-22, "dvar2": 0.00089215405751, "dvar": 0.000351103371941, "dmean": 0.00868162699044, "max": 0.152811050415, "var": 0.000317152997013, "mean": 0.0119045833126}, "melbands_crest": {"dmean2": 6.14763355255, "median": 14.5431842804, "min": 1.53899550438, "dvar2": 27.5803432465, "dvar": 11.4816179276, "dmean": 3.84196734428, "max": 37.4939994812, "var": 41.5638542175, "mean": 15.5809459686}, "spectral_kurtosis": {"dmean2": 1.88769340515, "median": 2.01540851593, "min": -1.27280426025, "dvar2": 90.7516860962, "dvar": 36.8133239746, "dmean": 1.17778289318, "max": 260.525939941, "var": 44.445854187, "mean": 2.60581302643}, "spectral_rms": {"dmean2": 0.00157987733837, "median": 0.00459525873885, "min": 3.15181886666e-12, "dvar2": 4.52160657005e-06, "dvar": 1.85457111002e-06, "dmean": 0.00106564734597, "max": 0.0128839053214, "var": 4.95583344673e-06, "mean": 0.00470868172124}, "zerocrossingrate": {"dmean2": 0.0169354248792, "median": 0.0693359375, "min": 0.00341796875, "dvar2": 0.000312105956255, "dvar": 0.000264598813374, "dmean": 0.0158243644983, "max": 0.52783203125, "var": 0.00307184550911, "mean": 0.08066277951}, "silence_rate_60dB": {"dmean2": 0.0851403325796, "median": 0, "min": 0, "dvar2": 0.100615881383, "dvar": 0.0408032722771, "dmean": 0.0426131039858, "max": 1, "var": 0.0789648592472, "mean": 0.0864382907748}, "erbbands_kurtosis": {"dmean2": 1.60625088215, "median": -0.443321704865, "min": -1.87969112396, "dvar2": 5.35363292694, "dvar": 2.43955254555, "dmean": 1.02948713303, "max": 32.2811927795, "var": 5.43273687363, "mean": 0.250051349401}, "erbbands": {"dmean2": [0.16312263906, 1.41901004314, 3.73806166649, 5.72984743118, 28.1587791443, 26.1153278351, 14.4936666489, 15.6484260559, 20.5964927673, 42.6643409729, 19.2678756714, 27.6262817383, 23.1684570312, 38.6741638184, 57.2827529907, 23.4120140076, 22.2055263519, 21.2078514099, 23.7388954163, 24.0395183563, 14.1851139069, 13.4448862076, 9.66987895966, 13.5780944824, 8.97703361511, 8.61416149139, 9.5893535614, 9.29008674622, 18.3224639893, 16.9685878754, 11.0237779617, 3.40662503242, 1.56382775307, 0.964698433876, 0.387464761734, 0.181154355407, 0.0440141223371, 0.00598174473271, 0.000497769739013, 4.63793112431e-05], "median": [0.155546888709, 0.303167879581, 0.572535514832, 1.55593037605, 2.00939536095, 2.03155946732, 2.93531942368, 5.06274461746, 7.44572591782, 11.5250549316, 6.84057855606, 7.45982933044, 5.63455343246, 8.36223506927, 9.91990470886, 5.18039608002, 7.03740882874, 5.64393377304, 5.71703720093, 6.55023670197, 5.77139091492, 4.89319372177, 4.28896522522, 6.0725274086, 5.79566049576, 5.32182073593, 4.97051525116, 4.5861530304, 5.87437677383, 6.58243227005, 4.3913064003, 2.63347101212, 0.743395149708, 0.337001055479, 0.139671057463, 0.0806481614709, 0.023483902216, 0.00273620546795, 0.000227432581596, 4.54455112049e-05], "min": [6.34646613077e-23, 2.8610495663e-22, 2.27760748544e-21, 6.62798983765e-21, 6.62893091715e-21, 1.8459533802e-20, 4.37244375998e-20, 8.09494909445e-20, 1.09790545331e-19, 1.52389984986e-19, 2.17803246881e-19, 3.04556812152e-19, 8.44443251552e-19, 1.03825363363e-18, 1.01584014095e-18, 1.31312874971e-18, 8.56660140512e-19, 1.00850790861e-18, 2.68872824723e-18, 2.95190837362e-18, 3.74510406391e-18, 5.02687129466e-18, 5.74820132654e-18, 5.45110948338e-18, 9.17093490776e-18, 7.19594193362e-18, 1.0195295526e-17, 1.07276441528e-17, 1.23500555268e-17, 1.2208199842e-17, 1.2539048926e-17, 1.1403898218e-17, 9.85408683206e-18, 9.26519379292e-18, 6.53065297465e-18, 4.26170275827e-18, 2.3408154612e-18, 9.6396340544e-19, 2.38220959531e-19, 2.79003400035e-20], "dvar2": [0.0888904705644, 11.1610708237, 79.8909835815, 171.090774536, 6539.36572266, 5326.98681641, 989.785522461, 753.307250977, 1520.37817383, 7036.38427734, 1399.38452148, 3661.42529297, 4353.58837891, 6465.84960938, 18147.2558594, 3954.12792969, 2848.40161133, 3062.39672852, 3816.66943359, 2637.90600586, 720.055358887, 949.659973145, 386.259307861, 567.469421387, 248.233322144, 240.835403442, 308.018157959, 257.996002197, 1546.23742676, 924.586425781, 464.52041626, 43.1358413696, 8.89103317261, 3.01649832726, 0.481554269791, 0.0937215611339, 0.00566049432382, 0.000269608630333, 4.1958305701e-06, 1.26155228486e-08], "dvar": [0.0462954901159, 6.0781416893, 39.9550247192, 86.3187103271, 2405.07373047, 1855.30041504, 365.73928833, 306.757171631, 628.444091797, 3312.64355469, 617.792541504, 1486.20300293, 1830.61535645, 2858.03442383, 7220.30566406, 1751.72033691, 1120.42175293, 1088.16638184, 1541.78735352, 1081.03466797, 334.425415039, 435.144561768, 175.856842041, 231.191329956, 102.034858704, 102.266227722, 134.174682617, 110.600288391, 677.548217773, 469.495880127, 195.859405518, 19.2699623108, 3.77003908157, 1.28115177155, 0.201561778784, 0.0404343828559, 0.00253288634121, 0.000107253639726, 1.57361591846e-06, 4.71259609114e-09], "dmean": [0.122266985476, 1.062754035, 2.61325883865, 4.39023447037, 16.0621490479, 14.2414999008, 8.50028800964, 9.60584449768, 12.8880376816, 28.4346199036, 12.1937179565, 17.1887359619, 14.9206399918, 24.5393447876, 34.5259361267, 14.5030536652, 13.5510149002, 12.907330513, 14.6739177704, 14.9587669373, 9.21573638916, 8.68321800232, 6.33323144913, 8.54124069214, 5.71191883087, 5.58221197128, 6.25475740433, 6.26741218567, 13.3677244186, 12.7233695984, 7.56943750381, 2.2756049633, 0.993889033794, 0.619834065437, 0.250635892153, 0.120101593435, 0.029870364815, 0.00411016121507, 0.000335732125677, 3.01408999803e-05], "max": [2.08890843391, 20.6500892639, 51.3194541931, 99.2477645874, 317.259033203, 344.795013428, 360.154876709, 240.592330933, 428.84274292, 1449.48120117, 678.658935547, 809.478210449, 1463.45776367, 1621.34411621, 2122.08178711, 1134.49230957, 1078.65759277, 893.102966309, 1054.22070312, 668.570739746, 873.493835449, 523.611633301, 203.42250061, 209.831207275, 188.836837769, 188.542419434, 213.709243774, 150.567550659, 551.587768555, 227.416519165, 132.487594604, 100.086006165, 45.4162521362, 27.6226024628, 9.30971717834, 3.8167617321, 1.22355902195, 0.51430696249, 0.0681193172932, 0.00278741819784], "var": [0.086370266974, 8.95126152039, 51.1831436157, 129.455856323, 1600.16259766, 1097.78442383, 342.1378479, 399.450500488, 1055.99658203, 6201.52880859, 1030.94274902, 2173.57348633, 3272.046875, 11279.0341797, 8688.05371094, 3150.23095703, 2024.13415527, 2223.42456055, 3254.8125, 1978.41357422, 706.957702637, 816.613525391, 223.385177612, 271.558044434, 176.601867676, 171.28616333, 211.102233887, 157.763870239, 1078.04772949, 1001.91638184, 326.001831055, 41.3583183289, 5.9323220253, 2.42683005333, 0.302617847919, 0.0618261098862, 0.00429575843737, 0.00012907848577, 1.48340484429e-06, 5.37530508993e-09], "mean": [0.219528391957, 1.30354583263, 2.91823959351, 6.19346857071, 13.0464963913, 11.223695755, 8.93819141388, 12.0119848251, 18.6802139282, 40.7931213379, 16.6901817322, 21.8829269409, 21.3618907928, 37.2559013367, 38.8804244995, 20.29413414, 20.1208229065, 18.5032539368, 21.862329483, 21.9942913055, 13.8706331253, 13.0736083984, 9.05128860474, 11.7931880951, 10.1688566208, 9.62168884277, 10.0726995468, 9.27942371368, 20.7585296631, 22.2955608368, 12.8240661621, 4.49238014221, 1.55222976208, 0.887495577335, 0.347750306129, 0.178929567337, 0.0475160479546, 0.00634022569284, 0.00051475467626, 6.13592783338e-05]}, "spectral_strongpeak": {"dmean2": 0.922436118126, "median": 0.576104879379, "min": 0, "dvar2": 1.90768027306, "dvar": 0.774810194969, "dmean": 0.555754542351, "max": 9.8181476593, "var": 1.39682281017, "mean": 0.941084980965}, "spectral_energy": {"dmean2": 0.0197773110121, "median": 0.0216443128884, "min": 1.01823114206e-20, "dvar2": 0.00105309544597, "dvar": 0.000392810296034, "dmean": 0.0125809116289, "max": 0.170144885778, "var": 0.000589620030951, "mean": 0.0278057977557}, "average_loudness": 0.9270581007, "spectral_rolloff": {"dmean2": 1447.87084961, "median": 1313.52539062, "min": 43.06640625, "dvar2": 3484295.75, "dvar": 1785316, "dmean": 879.068359375, "max": 19401.4160156, "var": 6049459, "mean": 2225.56835938}, "spectral_centroid": {"dmean2": 535.933044434, "median": 1458.83166504, "min": 118.193901062, "dvar2": 335899.3125, "dvar": 160582.359375, "dmean": 352.983673096, "max": 11609.4951172, "var": 1067566.625, "mean": 1585.671875}, "pitch_salience": {"dmean2": 0.123808644712, "median": 0.523106515408, "min": 0.042630020529, "dvar2": 0.0137864658609, "dvar": 0.00615644734353, "dmean": 0.0802194848657, "max": 0.962464570999, "var": 0.0187134668231, "mean": 0.509074985981}, "spectral_energyband_middle_high": {"dmean2": 0.00349756632932, "median": 0.00213719112799, "min": 1.06490668624e-21, "dvar2": 2.88805113087e-05, "dvar": 1.24827674881e-05, "dmean": 0.00227602035739, "max": 0.0537007302046, "var": 3.52114111593e-05, "mean": 0.00456728460267}, "spectral_contrast_coeffs": {"dmean2": [0.0833994597197, 0.0848377272487, 0.0756497234106, 0.0560806468129, 0.0355849713087, 0.0312918536365], "median": [-0.653427541256, -0.716012358665, -0.753502368927, -0.776558876038, -0.807793557644, -0.737533986568], "min": [-0.978322923183, -0.980866193771, -0.995128214359, -0.980808436871, -0.971028745174, -0.964858412743], "dvar2": [0.00743632623926, 0.00545161729679, 0.00369751546532, 0.00211454601958, 0.000881696003489, 0.000919274636544], "dvar": [0.00350062525831, 0.00225507980213, 0.00157669989858, 0.000904823595192, 0.000365959393093, 0.000465486373287], "dmean": [0.0571906901896, 0.0541628189385, 0.0475554391742, 0.0350942760706, 0.0220497362316, 0.0211246311665], "max": [-0.320371866226, -0.38278144598, -0.384441465139, -0.506791114807, -0.617139101028, -0.587101340294], "var": [0.0115688154474, 0.00678460346535, 0.00667593954131, 0.0049172481522, 0.00172850757372, 0.00204411195591], "mean": [-0.644387304783, -0.71243339777, -0.744056284428, -0.768091678619, -0.802374660969, -0.741126954556]}, "melbands_skewness": {"dmean2": 1.36832022667, "median": 2.66202116013, "min": -1.82155489922, "dvar2": 2.59473228455, "dvar": 1.38019800186, "dmean": 0.940861701965, "max": 23.1267910004, "var": 5.40665817261, "mean": 3.12395596504}, "spectral_spread": {"dmean2": 696965.25, "median": 5566415, "min": 449619.84375, "dvar2": 939013767168, "dvar": 518942720000, "dmean": 480342.0625, "max": 43553056, "var": 8827268235260.0, "mean": 5779099.5}, "dissonance": {"dmean2": 0.0372537113726, "median": 0.462937802076, "min": 0.0847072079778, "dvar2": 0.00132843910251, "dvar": 0.000502328679431, "dmean": 0.0221863761544, "max": 0.499999970198, "var": 0.000899973965716, "mean": 0.457964271307}, "spectral_skewness": {"dmean2": 0.328759968281, "median": 1.1630307436, "min": -0.0620300285518, "dvar2": 0.334850817919, "dvar": 0.142834469676, "dmean": 0.213216349483, "max": 13.3949069977, "var": 0.313874363899, "mean": 1.19361376762}, "spectral_flux": {"dmean2": 0.0483475364745, "median": 0.0784347429872, "min": 6.36369429374e-11, "dvar2": 0.00364174204879, "dvar": 0.00175274850335, "dmean": 0.0322491936386, "max": 0.39302521944, "var": 0.00459545105696, "mean": 0.097800090909}, "spectral_contrast_valleys": {"dmean2": [0.618400871754, 0.816129505634, 0.724913179874, 0.646600604057, 0.473621368408, 0.463400125504], "median": [-7.18900871277, -6.83812570572, -7.48636102676, -8.00036525726, -7.51053571701, -9.71533584595], "min": [-28.3881874084, -27.7895774841, -27.7761974335, -27.7027587891, -27.5162220001, -27.4341564178], "dvar2": [0.434774041176, 0.801180541515, 0.572636961937, 0.481737226248, 0.316828250885, 0.333433717489], "dvar": [0.23448368907, 0.352292180061, 0.275399982929, 0.241947591305, 0.165524199605, 0.167290255427], "dmean": [0.419401317835, 0.527769505978, 0.480719387531, 0.438411653042, 0.339159280062, 0.341934889555], "max": [-5.74605226517, -4.5636100769, -5.17211914062, -5.68654441833, -5.35789346695, -7.57873630524], "var": [4.38116979599, 3.78628349304, 3.51958799362, 3.28141379356, 3.22169971466, 2.89439630508], "mean": [-7.89851951599, -7.12435626984, -7.73400115967, -8.19697666168, -7.71572780609, -9.94677066803]}, "erbbands_flatness_db": {"dmean2": 0.0239465702325, "median": 0.135330960155, "min": 0.0578837506473, "dvar2": 0.000555480713956, "dvar": 0.00026826155954, "dmean": 0.0163738653064, "max": 0.452223092318, "var": 0.00161212834064, "mean": 0.144328251481}, "spectral_energyband_high": {"dmean2": 0.00126968487166, "median": 0.000791183498222, "min": 7.17689364432e-21, "dvar2": 5.21347783433e-06, "dvar": 2.36015807786e-06, "dmean": 0.000963015365414, "max": 0.0162054616958, "var": 4.50616698799e-06, "mean": 0.00173462321982}, "spectral_entropy": {"dmean2": 0.257578730583, "median": 7.8058514595, "min": 4.40585374832, "dvar2": 0.0835122615099, "dvar": 0.0383670553565, "dmean": 0.173925355077, "max": 9.8257598877, "var": 0.158360645175, "mean": 7.77516078949}, "silence_rate_20dB": {"dmean2": 0, "median": 1, "min": 1, "dvar2": 0, "dvar": 0, "dmean": 0, "max": 1, "var": 0, "mean": 1}, "melbands_flatness_db": {"dmean2": 0.0454202070832, "median": 0.171992793679, "min": 0.00308654340915, "dvar2": 0.00212303269655, "dvar": 0.00109280366451, "dmean": 0.0332073755562, "max": 0.623491108418, "var": 0.00561140337959, "mean": 0.184392035007}, "barkbands": {"dmean2": [0.000530210090801, 0.00568831758574, 0.00360436970368, 0.00316114514135, 0.00883377436548, 0.00184779253323, 0.00222075521015, 0.00100414443295, 0.00118422426749, 0.000903527077753, 0.00152589881327, 0.000651924114209, 0.000541546556633, 0.00042399924132, 0.00052900146693, 0.000310079980409, 0.000245753035415, 0.000188397985767, 0.000239714601776, 0.000193833053345, 0.000215995591134, 0.000580534804612, 0.000365797721315, 0.000111016459414, 6.88930158503e-05, 2.99603470921e-05, 2.90668867819e-06], "median": [0.000444659206551, 0.00279390951619, 0.000352581497282, 0.000402793753892, 0.000572848657612, 0.000558023806661, 0.000680580676999, 0.000262924062554, 0.000294749974273, 0.000171486550244, 0.000216669490328, 8.76124759088e-05, 0.00014191592345, 0.000102281199361, 0.000119974858535, 9.32002876652e-05, 9.08693400561e-05, 7.56155786803e-05, 0.000122820056276, 0.00011005471606, 0.000109715409053, 0.000190788457985, 0.00015951700334, 7.65762015362e-05, 2.4752369427e-05, 1.4810662833e-05, 1.19241451557e-06], "min": [1.34437823379e-25, 1.69840332944e-24, 1.62733800594e-24, 3.90773959055e-25, 4.73843028901e-24, 1.21733843673e-23, 5.18907654745e-24, 5.29061990646e-24, 1.58520683826e-23, 2.00581437783e-23, 1.5212