{"metadata": {"tags": {"label": ["Yep Roc"], "albumartist": ["Heloise & The Savoir Faire"], "genre": ["Indie"], "artist": ["Heloise & The Savoir Faire"], "musicbrainz_recordingid": ["0d098c96-4ac1-4115-aea6-d25f7ebdd9de"], "title": ["Po 'T"], "tracknumber": ["5"], "encoding": ["Audiograbber 1.82.01, External encoder lame.exe (%s %d -V2 --vbr-new) "], "album": ["Savoir Faire"], "date": ["2005"], "file_name": "266844.mp3", "language": ["eng"]}, "audio_properties": {"sample_rate": 44100, "downmix": "mix", "lossless": false, "analysis_sample_rate": 44100, "md5_encoded": "37bd9c95b340008474a0b33c096ca1ec", "equal_loudness": 0, "replay_gain": -16.5547485352, "codec": "mp3", "bit_rate": 188158, "length": 228.649795532}, "version": {"extractor": "music 1.0", "essentia_build_sha": "70f2e5ece6736b2c40cc944ad0e695b16b925413", "essentia_git_sha": "v2.1_beta2", "essentia": "2.1-beta2"}}, "rhythm": {"beats_loudness_band_ratio": {"dvar2": [0.219332188368, 0.0411917120218, 0.0393595509231, 0.0541310533881, 0.0221416279674, 0.034475274384], "var": [0.0944135859609, 0.0228825230151, 0.0175796560943, 0.0261249914765, 0.00727879954502, 0.0148753840476], "min": [0, 0, 0, 0, 0, 0], "dmean": [0.414572685957, 0.161581709981, 0.142335310578, 0.126380816102, 0.0886295884848, 0.138197004795], "mean": [0.402907133102, 0.144794180989, 0.146149545908, 0.141988739371, 0.084224998951, 0.113586738706], "max": [0.990490555763, 0.851609587669, 0.674255788326, 0.871211349964, 0.523104429245, 0.8165563941], "dmean2": [0.810604333878, 0.301115214825, 0.259327441454, 0.221608266234, 0.167555436492, 0.264710485935], "median": [0.274076938629, 0.0965095609426, 0.117545723915, 0.0850814729929, 0.0624204874039, 0.0777051374316], "dvar": [0.0742254629731, 0.0157951079309, 0.0143713708967, 0.0195413324982, 0.00704375607893, 0.011950221844]}, "bpm_histogram_first_peak_weight": {"dvar2": 0, "var": 0, "min": 0.532687664032, "dmean": 0, "mean": 0.532687664032, "max": 0.532687664032, "dmean2": 0, "median": 0.532687664032, "dvar": 0}, "bpm": 108.986923218, "beats_count": 414, "bpm_histogram_first_peak_spread": {"dvar2": 0, "var": 0, "min": 0.462102651596, "dmean": 0, "mean": 0.462102651596, "max": 0.462102651596, "dmean2": 0, "median": 0.462102651596, "dvar": 0}, "danceability": 1.01468348503, "bpm_histogram_first_peak_bpm": {"dvar2": 0, "var": 0, "min": 110, "dmean": 0, "mean": 110, "max": 110, "dmean2": 0, "median": 110, "dvar": 0}, "beats_position": [0.615328788757, 1.24226760864, 1.8111563921, 2.36843538284, 2.92571425438, 3.48299312592, 4.04027223587, 4.58594083786, 5.13160991669, 5.65405893326, 6.21133756638, 6.78022670746, 7.32589578629, 7.87156438828, 8.4172334671, 8.96290206909, 9.52018165588, 10.077460289, 10.6347389221, 11.1920175552, 11.7376871109, 12.2833557129, 12.840634346, 13.3979139328, 13.9435825348, 14.4892511368, 15.0465307236, 15.5921993256, 16.1378688812, 16.6835365295, 17.2292060852, 17.786485672, 18.3205432892, 18.877822876, 19.4351024628, 19.9923801422, 20.549659729, 21.1069393158, 21.6642169952, 22.2098865509, 22.7555541992, 23.312833786, 23.8701133728, 24.4157810211, 24.9614505768, 25.5071201324, 26.0527877808, 26.6100673676, 27.1673469543, 27.7130146027, 28.2586841583, 28.8159637451, 29.3732414246, 29.9189109802, 30.4645805359, 31.0218582153, 31.567527771, 32.1131973267, 32.6704750061, 33.2161445618, 33.7618141174, 34.3074836731, 34.8531494141, 35.4104309082, 35.9677085876, 36.5249862671, 37.0706558228, 37.6163253784, 38.1736030579, 38.7192726135, 39.2765541077, 39.8222198486, 40.3795013428, 40.9251708984, 41.4708366394, 42.0281181335, 42.585395813, 43.1426734924, 43.6883430481, 44.2340126038, 44.7912902832, 45.3369598389, 45.8826293945, 46.439907074, 46.9855766296, 47.5312461853, 48.076915741, 48.6225852966, 49.1798629761, 49.7371406555, 50.2944221497, 50.8400878906, 51.3857574463, 51.9430389404, 52.5003166199, 53.0343742371, 53.5916557312, 54.1373214722, 54.6829910278, 55.240272522, 55.7975502014, 56.3432197571, 56.8888893127, 57.4345550537, 57.9802246094, 58.5375061035, 59.094783783, 59.6520614624, 60.1977310181, 60.7434005737, 61.2890701294, 61.8347396851, 62.3920173645, 62.9492950439, 63.5065765381, 64.0406341553, 64.5746917725, 65.1319732666, 65.6892471313, 66.2465286255, 66.8038101196, 67.3494796753, 67.895149231, 68.4408187866, 68.9980926514, 69.543762207, 70.1010437012, 70.6583175659, 71.2039871216, 71.7496566772, 72.3069381714, 72.8526077271, 73.3982772827, 73.9555511475, 74.5128326416, 75.0585021973, 75.6041717529, 76.1614532471, 76.7071151733, 77.252784729, 77.7984542847, 78.3441238403, 78.9014053345, 79.4586868286, 80.0159606934, 80.561630249, 81.1072998047, 81.6645812988, 82.2218551636, 82.7675247192, 83.3131942749, 83.870475769, 84.4161453247, 84.9618148804, 85.5190887451, 86.0647583008, 86.6104278564, 87.1677093506, 87.7249908447, 88.270652771, 88.8163223267, 89.3619918823, 89.9192733765, 90.4649429321, 91.0222167969, 91.5678863525, 92.1135559082, 92.6708374023, 93.2281188965, 93.7737884521, 94.3194503784, 94.8767318726, 95.4340133667, 95.9796829224, 96.525352478, 97.0710220337, 97.61668396, 98.1739654541, 98.7312469482, 99.2769165039, 99.8225860596, 100.379859924, 100.937141418, 101.482810974, 102.02848053, 102.585754395, 103.143035889, 103.688705444, 104.234375, 104.780044556, 105.325714111, 105.882987976, 106.44026947, 106.985939026, 107.531608582, 108.088890076, 108.634559631, 109.180221558, 109.737503052, 110.294784546, 110.852058411, 111.397727966, 111.943397522, 112.489067078, 113.034736633, 113.592018127, 114.149291992, 114.694961548, 115.240631104, 115.797912598, 116.355194092, 116.900856018, 117.446525574, 117.992195129, 118.537864685, 119.095146179, 119.652427673, 120.1980896, 120.743759155, 121.301040649, 121.858322144, 122.403991699, 122.949661255, 123.50693512, 124.064216614, 124.609886169, 125.155555725, 125.701225281, 126.246894836, 126.792556763, 127.349838257, 127.895507812, 128.452789307, 129.010070801, 129.567337036, 130.113006592, 130.658676147, 131.215957642, 131.761627197, 132.307296753, 132.864578247, 133.410247803, 133.955917358, 134.513198853, 135.058868408, 135.604537964, 136.161804199, 136.719085693, 137.264755249, 137.810424805, 138.367706299, 138.913375854, 139.470657349, 140.016326904, 140.573608398, 141.119277954, 141.66494751, 142.222213745, 142.767883301, 143.313552856, 143.870834351, 144.404891968, 144.962173462, 145.519454956, 146.07673645, 146.610794067, 147.168075562, 147.725341797, 148.282623291, 148.828292847, 149.373962402, 149.919631958, 150.465301514, 151.022583008, 151.579864502, 152.125534058, 152.671203613, 153.216873169, 153.762542725, 154.31980896, 154.877090454, 155.42276001, 155.968429565, 156.52571106, 157.082992554, 157.628662109, 158.174331665, 158.731613159, 159.288879395, 159.83454895, 160.380218506, 160.9375, 161.494781494, 162.04045105, 162.586120605, 163.1434021, 163.700683594, 164.246353149, 164.792022705, 165.337677002, 165.883346558, 166.440628052, 166.997909546, 167.543579102, 168.089248657, 168.646530151, 169.192199707, 169.737869263, 170.295150757, 170.852416992, 171.386474609, 171.943756104, 172.489425659, 173.035095215, 173.592376709, 174.149658203, 174.695327759, 175.240997314, 175.798278809, 176.343948364, 176.88961792, 177.446884155, 177.992553711, 178.538223267, 179.095504761, 179.652786255, 180.198455811, 180.744125366, 181.30140686, 181.847076416, 182.392745972, 182.950012207, 183.507293701, 184.052963257, 184.598632812, 185.155914307, 185.701583862, 186.247253418, 186.804534912, 187.361816406, 187.907485962, 188.453155518, 189.010421753, 189.556091309, 190.101760864, 190.659042358, 191.204711914, 191.75038147, 192.307662964, 192.85333252, 193.399002075, 193.956283569, 194.513549805, 195.05921936, 195.604888916, 196.16217041, 196.707839966, 197.253509521, 197.810791016, 198.36807251, 198.913742065, 199.459411621, 200.016693115, 200.550750732, 201.108016968, 201.665298462, 202.222579956, 202.77986145, 203.325531006, 203.871200562, 204.416870117, 204.962539673, 205.519821167, 206.065490723, 206.611160278, 207.168426514, 207.725708008, 208.271377563, 208.817047119, 209.374328613, 209.931610107, 210.477279663, 211.022949219, 211.580215454, 212.137496948, 212.683166504, 213.22883606, 213.774505615, 214.320175171, 214.877456665, 215.434738159, 215.980407715, 216.526077271, 217.071746826, 217.617416382, 218.174682617, 218.731964111, 219.277633667, 219.823303223, 220.380584717, 220.926254272, 221.471923828, 222.029205322, 222.586486816, 223.132156372, 223.677825928, 224.223495483, 224.780761719, 225.326431274, 225.87210083, 226.417770386, 226.97505188, 227.532333374, 228.089614868], "beats_loudness": {"dvar2": 0.00188817968592, "var": 0.000951047695708, "min": 0, "dmean": 0.0302114468068, "mean": 0.0441542677581, "max": 0.119351245463, "dmean2": 0.0536773428321, "median": 0.0342911854386, "dvar": 0.000649351626635}, "bpm_histogram_second_peak_weight": {"dvar2": 0, "var": 0, "min": 0.0048426152207, "dmean": 0, "mean": 0.0048426152207, "max": 0.0048426152207, "dmean2": 0, "median": 0.0048426152207, "dvar": 0}, "bpm_histogram_second_peak_spread": {"dvar2": 0, "var": 0, "min": 0, "dmean": 0, "mean": 0, "max": 0, "dmean2": 0, "median": 0, "dvar": 0}, "bpm_histogram_second_peak_bpm": {"dvar2": 0, "var": 0, "min": 105, "dmean": 0, "mean": 105, "max": 105, "dmean2": 0, "median": 105, "dvar": 0}, "onset_rate": 4.71858739853}, "lowlevel": {"spectral_energyband_high": {"dvar2": 3.17632611768e-06, "var": 3.22704818245e-06, "min": 7.15393130439e-21, "dmean": 0.000656818563584, "mean": 0.00109560636338, "max": 0.0248395558447, "dmean2": 0.000911936862394, "median": 0.000465396064101, "dvar": 1.57679517088e-06}, "spectral_energyband_middle_low": {"dvar2": 0.000325103377691, "var": 0.00012818184041, "min": 1.75452724875e-22, "dmean": 0.00542338518426, "mean": 0.0093219904229, "max": 0.103030525148, "dmean2": 0.00895092263818, "median": 0.00628495682031, "dvar": 0.000124179263366}, "spectral_energy": {"dvar2": 0.000672720198054, "var": 0.000653109047562, "min": 9.98863564276e-21, "dmean": 0.0117373187095, "mean": 0.0277543943375, "max": 0.134396538138, "dmean2": 0.0177637450397, "median": 0.0205002091825, "dvar": 0.000306171510601}, "spectral_spread": {"dvar2": 2814125015040.0, "var": 10477935525900.0, "min": 483093.53125, "dmean": 935450.1875, "mean": 6214711.5, "max": 42197044, "dmean2": 1305214.25, "median": 5898530, "dvar": 1459953467390.0}, "spectral_energyband_low": {"dvar2": 0.000368350360077, "var": 0.000319333892548, "min": 2.13061501293e-23, "dmean": 0.00669724401087, "mean": 0.0108504407108, "max": 0.13061837852, "dmean2": 0.0100426292047, "median": 0.00497652962804, "dvar": 0.000187996905879}, "spectral_rolloff": {"dvar2": 5858373.5, "var": 10114326, "min": 43.06640625, "dmean": 875.097961426, "mean": 2322.1472168, "max": 19250.6835938, "dmean2": 1420.77587891, "median": 1098.19335938, "dvar": 2897318.25}, "barkbands": {"dvar2": [5.12513395279e-07, 0.000271983502898, 6.97048817528e-05, 7.7128650446e-05, 4.92535473313e-05, 8.24837115943e-06, 3.87533737012e-06, 3.75959803023e-06, 4.15974545831e-06, 2.7712226256e-06, 8.89031289262e-05, 5.65682194065e-06, 1.82571795904e-06, 3.81737027055e-06, 3.83290444006e-06, 9.65510707829e-07, 3.19758413525e-07, 7.28348581447e-08, 7.51005586608e-08, 5.5699025836e-08, 8.22666734734e-08, 2.08760255305e-07, 3.52616382315e-07, 1.13829202064e-07, 1.22929620261e-07, 1.65391085716e-07, 2.20415881103e-08], "var": [6.53053746191e-07, 0.000206565338885, 2.23437291424e-05, 1.92025618162e-05, 1.71353858605e-05, 1.30436692416e-05, 3.21210222864e-06, 2.90634648081e-06, 3.27150587509e-06, 2.77426511275e-06, 9.5326176961e-05, 4.58609702036e-06, 1.7889958599e-06, 2.63959827862e-06, 4.17177534473e-06, 8.03869738775e-07, 2.72036089655e-07, 6.8168674261e-08, 5.68448470517e-08, 3.74058544139e-08, 6.27470626569e-08, 1.04374592524e-07, 1.94967839207e-07, 1.100327367e-07, 1.44800736734e-07, 1.74189153768e-07, 2.14991544567e-08], "min": [3.25116141467e-26, 2.2097118082e-24, 1.48477782416e-24, 4.36685865885e-24, 1.12206123655e-23, 1.52225352921e-23, 5.29134250305e-24, 5.38234076391e-24, 1.77743315042e-23, 2.28611133027e-23, 1.43412198888e-23, 2.57074780654e-23, 2.88436987238e-23, 4.73074110399e-23, 4.85482640003e-23, 6.7963711755e-23, 6.27622216924e-23, 1.12367745477e-22, 1.27186554379e-22, 1.62650761939e-22, 2.5226057712e-22, 3.31249535104e-22, 3.89739090496e-22, 5.40466503843e-22, 9.48838867574e-22, 1.41528643908e-21, 1.91882455904e-21], "dmean": [0.000221611451707, 0.00507666775957, 0.00217721494846, 0.00221015606076, 0.00178837019484, 0.000931619142648, 0.00063734309515, 0.000586075359024, 0.000672270834912, 0.000466784695163, 0.00183895253576, 0.000497938075569, 0.000309715047479, 0.000418055686168, 0.000377941993065, 0.000241037545493, 0.000163773875101, 8.60502332216e-05, 9.18512814678e-05, 7.85708034527e-05, 0.000106285166112, 0.000116954448458, 0.000120295160741, 0.000101747442386, 9.80762197287e-05, 0.000115865630505, 3.87004984077e-05], "mean": [0.000326923502143, 0.0070440848358, 0.00262584211305, 0.00174194143619, 0.00214674090967, 0.00188026367687, 0.00116629037075, 0.000948364846408, 0.00107565231156, 0.000824586080853, 0.00324690155685, 0.00078450521687, 0.000517376931384, 0.000684183265548, 0.000633612216916, 0.000392661982914, 0.000266064278549, 0.000143286961247, 0.000160398660228, 0.00011965874728, 0.000157161426614, 0.000164316021255, 0.000164014680195, 0.00015648167755, 0.000150188148837, 0.000172035739524, 6.08613663644e-05], "max": [0.00889653060585, 0.106883913279, 0.0507412329316, 0.0563507378101, 0.0435918457806, 0.0428115800023, 0.027309037745, 0.0263458807021, 0.0315586775541, 0.02949228324, 0.0914729908109, 0.0580244921148, 0.0209708549082, 0.0293288286775, 0.0468984991312, 0.0196920912713, 0.0105452742428, 0.00572653999552, 0.00401717657223, 0.00378166441806, 0.00391821982339, 0.00831467006356, 0.0140258297324, 0.00858398899436, 0.0107541326433, 0.00948985293508, 0.00227915099822], "dmean2": [0.000279848463833, 0.00740118743852, 0.00373580004089, 0.00394646544009, 0.00305069494061, 0.00143958686385, 0.00100905052386, 0.000932657916564, 0.0010587341385, 0.000719997682609, 0.00286159501411, 0.000767297227867, 0.000486830074806, 0.000682544545271, 0.000602928630542, 0.000383499631425, 0.000260570435785, 0.000133702546009, 0.000144304955029, 0.000122466415633, 0.000160102397786, 0.000174970744411, 0.000184805103345, 0.000151873973664, 0.000142958888318, 0.000167451711604, 5.68836367165e-05], "median": [5.08645352966e-05, 0.00203855452128, 0.00107631529681, 0.000312514835969, 0.000672163674608, 0.000612157979049, 0.00051910005277, 0.000384860264603, 0.00048559816787, 0.000319926970406, 0.000280984473648, 0.000211577586015, 0.000113626505481, 0.00014643240138, 0.000126879182062, 0.000122772995383, 8.23769514682e-05, 5.94386328885e-05, 7.84000803833e-05, 4.87916149723e-05, 6.27508270554e-05, 6.22785664746e-05, 6.10143979429e-05, 6.99763768353e-05, 5.35367253178e-05, 3.86512001569e-05, 7.48849743104e-06], "dvar": [3.03693497017e-07, 0.000133488560095, 2.53670459642e-05, 2.811381637e-05, 1.85008993867e-05, 3.87551062886e-06, 1.61217155892e-06, 1.61762216067e-06, 1.78065261025e-06, 1.19111473396e-06, 3.5649529309e-05, 2.50249127021e-06, 7.61628939472e-07, 1.34685490139e-06, 1.56198484547e-06, 3.84618914495e-07, 1.36441627774e-07, 3.24193543122e-08, 3.21633102374e-08, 2.3989644049e-08, 3.84492757632e-08, 8.85889832603e-08, 1.50719358771e-07, 5.49028804642e-08, 6.30475796015e-08, 8.48515782081e-08, 1.02337924801e-08]}, "melbands_skewness": {"dvar2": 4.01082897186, "var": 7.74962568283, "min": -4.87790298462, "dmean": 1.0654708147, "mean": 2.84816932678, "max": 25.3546161652, "dmean2": 1.55203604698, "median": 2.27211880684, "dvar": 2.03085803986}, "barkbands_skewness": {"dvar2": 2.41628146172, "var": 4.18090105057, "min": -11.2105207443, "dmean": 0.77691423893, "mean": 1.57069456577, "max": 38.1434211731, "dmean2": 1.12670910358, "median": 1.27883660793, "dvar": 1.2745295763}, "erbbands": {"dvar2": [0.482961535454, 12.5851840973, 78.3042221069, 313.554504395, 1270.55041504, 296.51449585, 419.345184326, 788.703369141, 872.556945801, 1517.73022461, 1436.24230957, 2198.60083008, 3049.36083984, 13889.4931641, 112931.476562, 6108.03417969, 2862.91625977, 11274.3193359, 5335.16113281, 12379.8095703, 1214.13439941, 683.591186523, 192.904693604, 275.46472168, 129.497406006, 121.001739502, 133.276184082, 144.797302246, 267.9637146, 282.903411865, 302.412963867, 119.017089844, 16.4522418976, 15.5244779587, 7.24291658401, 3.06020975113, 0.688721776009, 0.0435144156218, 0.000798347347882, 5.1258740541e-07], "var": [0.349803358316, 7.39609336853, 25.1441822052, 85.5444030762, 311.856994629, 161.538009644, 769.431152344, 979.365112305, 926.372497559, 934.448852539, 1335.23352051, 1776.70080566, 3043.6965332, 15276.6552734, 121110.953125, 5952.32373047, 2742.39233398, 8936.30664062, 5149.61865234, 11885.5, 1176.80053711, 552.17779541, 195.885025024, 209.88130188, 96.6566085815, 82.9825744629, 108.567947388, 98.0487365723, 131.300735474, 136.958206177, 176.326568604, 102.059623718, 16.3635463715, 17.8649959564, 7.57625770569, 3.16929769516, 0.628225505352, 0.0391112752259, 0.000875147175975, 5.66117762446e-07], "min": [1.09048647928e-22, 2.52883663639e-22, 1.53255948575e-21, 1.12058706882e-20, 1.83132391558e-20, 3.65634025588e-20, 7.57964917704e-20, 1.1546791239e-19, 8.32870839686e-20, 1.50420157755e-19, 2.38368792216e-19, 4.44329216718e-19, 7.28180224723e-19, 8.89445392392e-19, 6.64172006646e-19, 1.20125164128e-18, 1.90152279214e-18, 2.46878526505e-18, 1.8260615864e-18, 3.86111200891e-18, 3.8051735064e-18, 3.61598241106e-18, 5.67103943746e-18, 6.5237476709e-18, 9.07758674846e-18, 7.73476076719e-18, 8.30469648105e-18, 1.00245340147e-17, 1.11355963961e-17, 1.15453461027e-17, 1.10319531468e-17, 1.12935564602e-17, 9.91842245856e-18, 8.59518907729e-18, 6.97490934778e-18, 4.56833943853e-18, 2.36194765111e-18, 1.07956117226e-18, 2.70753300938e-19, 2.78532036333e-20], "dmean": [0.19287532568, 1.04526090622, 2.3136048317, 5.06476068497, 7.79168272018, 4.90932035446, 6.12487411499, 8.22252845764, 9.15315818787, 11.4105558395, 12.1670084, 14.9081583023, 15.7049818039, 27.7308712006, 64.7358474731, 19.6774902344, 12.7381210327, 22.6657314301, 13.189827919, 22.9549865723, 10.9716348648, 7.57012748718, 4.65077447891, 4.9449763298, 3.9503865242, 3.69226789474, 4.11725091934, 4.32238721848, 4.18934869766, 3.99643325806, 3.38488817215, 2.49550080299, 1.46279871464, 1.12191557884, 0.710114717484, 0.463712900877, 0.229302048683, 0.0565575323999, 0.00749129056931, 0.000201249189558], "mean": [0.252664089203, 1.38192462921, 3.01771783829, 4.59666585922, 6.85734653473, 6.59562301636, 11.9408454895, 14.5744123459, 17.3341732025, 18.1982707977, 21.7198219299, 24.8208885193, 28.7011089325, 52.3888816833, 115.453285217, 35.0270195007, 23.5098686218, 40.0071601868, 22.746421814, 39.3942604065, 20.3032360077, 13.3144893646, 8.20588111877, 8.6266002655, 6.67958593369, 5.74589061737, 6.43204689026, 6.07933807373, 5.68228673935, 5.45097827911, 4.70392656326, 3.56525278091, 2.32518696785, 1.71287441254, 1.09981834888, 0.689643323421, 0.325361698866, 0.0843450501561, 0.0120876170695, 0.000341562030371], "max": [4.79468297958, 23.0720310211, 56.215965271, 105.435440063, 212.787963867, 169.667007446, 295.426849365, 395.256439209, 432.340820312, 560.450683594, 565.765686035, 601.487609863, 849.433227539, 1444.82177734, 3576.73535156, 1358.58984375, 994.893737793, 1551.96435547, 2635.40429688, 1785.21154785, 467.005859375, 473.113830566, 225.384857178, 254.638198853, 220.292022705, 192.526977539, 182.640960693, 143.166427612, 287.80480957, 339.027252197, 335.610076904, 268.187347412, 78.2898635864, 132.428146362, 57.9954681396, 62.6501426697, 14.805970192, 2.7774913311, 0.396697998047, 0.00941723864526], "dmean2": [0.280615180731, 1.60069692135, 3.92981123924, 8.86738491058, 13.8518762589, 8.02059459686, 9.47802448273, 12.7994670868, 14.3898792267, 18.1628799438, 19.1411781311, 23.4639225006, 24.038690567, 42.6678237915, 100.276802063, 30.4163417816, 19.9134311676, 36.7415962219, 20.6035614014, 36.8609848022, 17.2816848755, 11.9316835403, 7.13080596924, 7.73396778107, 6.19984436035, 5.73135662079, 6.13928794861, 6.56202936172, 6.2743897438, 6.12543296814, 5.16286277771, 3.80295157433, 2.1869726181, 1.65807580948, 1.04401898384, 0.683440864086, 0.336319416761, 0.082916341722, 0.0109765967354, 0.000293497170787], "median": [0.0431322082877, 0.448094278574, 1.50307095051, 1.40447700024, 1.5420871973, 2.01495862007, 3.50098896027, 4.86749124527, 6.75862264633, 8.18647289276, 10.2981472015, 12.1863708496, 12.5892839432, 12.7641925812, 11.4814548492, 11.1197919846, 7.28317022324, 7.87463903427, 8.07944869995, 7.57131624222, 6.91614532471, 4.58242416382, 3.51109457016, 4.06374406815, 3.27655625343, 2.44465208054, 2.55879640579, 2.29873418808, 2.07136201859, 2.07762312889, 1.80505466461, 1.4727076292, 1.09286117554, 0.70370644331, 0.371779233217, 0.18575309217, 0.06622441113, 0.0128889381886, 0.00147032446694, 7.7155418694e-05], "dvar": [0.23411244154, 5.65665435791, 28.2950191498, 116.199508667, 458.10333252, 118.934593201, 204.577636719, 356.901092529, 369.887939453, 614.119506836, 630.294555664, 940.140319824, 1287.90307617, 5596.61669922, 45944.3398438, 2629.45458984, 1204.45922852, 4008.04589844, 2359.21313477, 4780.06933594, 497.12322998, 285.278320312, 86.8602523804, 117.161987305, 55.2486495972, 52.192150116, 62.5503768921, 65.2582244873, 113.052993774, 120.386764526, 129.93548584, 56.0839309692, 7.71121120453, 8.10400867462, 3.48835110664, 1.56419730186, 0.33392187953, 0.0206952001899, 0.000378016178729, 2.44402627914e-07]}, "silence_rate_30dB": {"dvar2": 0.0211218502373, "var": 0.00354109727778, "min": 0, "dmean": 0.00710804201663, "mean": 0.996446311474, "max": 1, "dmean2": 0.0142175285146, "median": 1, "dvar": 0.00705718621612}, "melbands_spread": {"dvar2": 681.352111816, "var": 810.53302002, "min": 0.086208768189, "dmean": 10.1939620972, "mean": 27.7271842957, "max": 284.719940186, "dmean2": 15.6170024872, "median": 20.9971218109, "dvar": 316.251342773}, "melbands_crest": {"dvar2": 30.8174629211, "var": 46.3762168884, "min": 1.56996500492, "dmean": 4.03273200989, "mean": 15.9142017365, "max": 37.5581054688, "dmean2": 6.29514884949, "median": 15.1328878403, "dvar": 13.3260736465}, "zerocrossingrate": {"dvar2": 0.000551195931621, "var": 0.00586826261133, "min": 0.001953125, "dmean": 0.0185213685036, "mean": 0.0867258682847, "max": 0.5634765625, "dmean2": 0.0197889022529, "median": 0.0654296875, "dvar": 0.000560428132303}, "barkbands_kurtosis": {"dvar2": 3260.86621094, "var": 1606.84436035, "min": -1.94392621517, "dmean": 6.37315416336, "mean": 8.33429908752, "max": 2443.49267578, "dmean2": 9.70187091827, "median": 2.03737449646, "dvar": 1415.37817383}, "spectral_flux": {"dvar2": 0.00337155233137, "var": 0.0035498731304, "min": 6.43467501504e-11, "dmean": 0.0337480157614, "mean": 0.0864972919226, "max": 0.328407347202, "dmean2": 0.0519497282803, "median": 0.0770497098565, "dvar": 0.00158430484589}, "barkbands_crest": {"dvar2": 19.2365512848, "var": 27.1371974945, "min": 2.07145190239, "dmean": 3.06665182114, "mean": 10.7327699661, "max": 26.7199516296, "dmean2": 4.78334999084, "median": 9.63825702667, "dvar": 8.477602005}, "barkbands_flatness_db": {"dvar2": 0.00158543058205, "var": 0.00570541853085, "min": 0.01591735892, "dmean": 0.0273256152868, "mean": 0.13009019196, "max": 0.658059954643, "dmean2": 0.038811288774, "median": 0.113631024957, "dvar": 0.000827181444038}, "spectral_entropy": {"dvar2": 0.149166256189, "var": 0.409189343452, "min": 4.21514511108, "dmean": 0.226342648268, "mean": 7.69879817963, "max": 9.81691265106, "dmean2": 0.308563739061, "median": 7.78839349747, "dvar": 0.0756325572729}, "pitch_salience": {"dvar2": 0.0155291222036, "var": 0.0234675258398, "min": 0.0329365693033, "dmean": 0.0846494361758, "mean": 0.539245069027, "max": 0.920847833157, "dmean2": 0.131000727415, "median": 0.555648863316, "dvar": 0.00686003360897}, "erbbands_spread": {"dvar2": 419.446350098, "var": 728.508605957, "min": 1.66051614285, "dmean": 11.146733284, "mean": 41.5407333374, "max": 187.370117188, "dmean2": 16.6386528015, "median": 35.6698112488, "dvar": 189.558914185}, "dynamic_complexity": 4.38926649094, "spectral_contrast_valleys": {"dvar2": [0.464152693748, 0.627162158489, 0.572046935558, 0.491012603045, 0.554109692574, 0.605915486813], "var": [3.99577331543, 3.98454403877, 3.97858810425, 3.73779296875, 3.39861392975, 3.25960302353], "min": [-28.116651535, -27.9270381927, -27.5609703064, -27.5408248901, -27.5203514099, -27.4181613922], "dmean": [0.44785168767, 0.462893247604, 0.427851140499, 0.406352728605, 0.410525292158, 0.489280134439], "mean": [-7.75057888031, -7.04632711411, -7.53455066681, -8.05649280548, -8.11091041565, -10.1021003723], "max": [-5.05707550049, -4.55076503754, -5.11848068237, -5.54183006287, -5.61342477798, -7.5131149292], "dmean2": [0.690453410149, 0.708373725414, 0.649071633816, 0.593671858311, 0.568108141422, 0.606096386909], "median": [-7.18540859222, -6.51982450485, -6.9794549942, -7.54459142685, -7.70798110962, -9.65979194641], "dvar": [0.229850739241, 0.292301535606, 0.283500701189, 0.265521258116, 0.293540239334, 0.316629707813]}, "hfc": {"dvar2": 373.749298096, "var": 617.310791016, "min": 1.10037606809e-16, "dmean": 9.03563785553, "mean": 23.8648281097, "max": 208.030075073, "dmean2": 12.8251066208, "median": 15.3755140305, "dvar": 183.633865356}, "spectral_kurtosis": {"dvar2": 109.960670471, "var": 204.183959961, "min": -1.24996948242, "dmean": 2.3232665062, "mean": 6.07406949997, "max": 192.382965088, "dmean2": 3.65569972992, "median": 3.57018947601, "dvar": 44.67029953}, "mfcc": {"mean": [-670.400024414, 105.387306213, 13.4037818909, 7.80340480804, 2.03673672676, 7.31611776352, -0.0825674682856, 5.73661804199, 4.47584247589, 3.56240963936, -0.766270518303, 0.345708400011, 1.97414410114], "cov": [[14724.9111328, 1493.7130127, -780.680419922, -366.595733643, -60.1558647156, 134.113983154, -19.5762214661, 111.203849792, 61.6286048889, -17.4408531189, -29.6426048279, -27.0690078735, 76.1539382935], [1493.7130127, 2733.65283203, -232.563644409, -45.7011032104, 203.339782715, 89.652305603, 88.441696167, 130.66746521, 28.1734924316, -41.7963142395, -17.552520752, 16.0318717957, 41.6250915527], [-780.680419922, -232.563644409, 1132.13916016, 234.720291138, 108.69631958, 46.3903312683, 37.3171882629, 1.96381700039, 35.3285217285, 9.85498428345, 30.37707901, -3.51328086853, -26.3746013641], [-366.595733643, -45.7011032104, 234.720291138, 432.991210938, 107.379859924, 1.44574356079, 13.3107328415, 28.6182479858, 19.436630249, -0.168635129929, 28.4950466156, 24.4717292786, -28.0367240906], [-60.1558647156, 203.339782715, 108.69631958, 107.379859924, 252.560958862, 87.9688568115, 72.9275588989, 68.3338394165, 62.6228027344, 33.2684593201, 48.7111816406, 41.7163162231, 28.3586006165], [134.113983154, 89.652305603, 46.3903312683, 1.44574356079, 87.9688568115, 204.768936157, 102.395874023, 46.2023506165, 33.3394546509, 36.8725128174, 29.6930847168, 14.2027645111, 27.5776519775], [-19.5762214661, 88.441696167, 37.3171882629, 13.3107328415, 72.9275588989, 102.395874023, 183.400375366, 90.2499008179, 54.4959182739, 48.4599113464, 39.8049621582, 24.349779129, 28.9151096344], [111.203849792, 130.66746521, 1.96381700039, 28.6182479858, 68.3338394165, 46.2023506165, 90.2499008179, 163.729003906, 74.3891448975, 38.4483833313, 33.4742889404, 29.6189842224, 26.9045295715], [61.6286048889, 28.1734924316, 35.3285217285, 19.436630249, 62.6228027344, 33.3394546509, 54.4959182739, 74.3891448975, 127.458251953, 59.0155029297, 25.8002204895, 23.8838176727, 25.3429832458], [-17.4408531189, -41.7963142395, 9.85498428345, -0.168635129929, 33.2684593201, 36.8725128174, 48.4599113464, 38.4483833313, 59.0155029297, 105.384155273, 48.3159599304, 24.6934490204, 27.6678829193], [-29.6426048279, -17.552520752, 30.37707901, 28.4950466156, 48.7111816406, 29.6930847168, 39.8049621582, 33.4742889404, 25.8002204895, 48.3159599304, 99.4861373901, 52.2679214478, 22.2382392883], [-27.0690078735, 16.0318717957, -3.51328086853, 24.4717292786, 41.7163162231, 14.2027645111, 24.349779129, 29.6189842224, 23.8838176727, 24.6934490204, 52.2679214478, 87.4627075195, 47.9968299866], [76.1539382935, 41.6250915527, -26.3746013641, -28.0367240906, 28.3586006165, 27.5776519775, 28.9151096344, 26.9045295715, 25.3429832458, 27.6678829193, 22.2382392883, 47.9968299866, 89.0374069214]], "icov": [[7.65379882068e-05, -3.87526088161e-05, 3.69711742678e-05, 2.69209758699e-05, 5.50172153453e-05, -8.39746135171e-05, 8.30734716146e-05, -4.2858573579e-05, -7.11173779564e-05, 4.41184420197e-05, -5.18346496392e-05, 6.97802752256e-05, -5.15957071912e-05], [-3.87526088161e-05, 0.000449489365565, 8.17690524855e-05, 7.89290716057e-05, -0.000449521059636, 1.35696254802e-05, -8.68415008881e-05, -0.000278333231108, 0.000137566952617, 0.000289979623631, 0.000193154672161, 1.74652650458e-05, -6.35629985482e-05], [3.69711742678e-05, 8.17690524855e-05, 0.00108065793756, -0.000480541406432, -0.000266038376139, -0.00017173300148, -0.000119220239867, 0.000278011051705, -0.00034562376095, 0.000253041129326, -0.000312628864776, 0.0004531313607, 4.51430496469e-05], [2.69209758699e-05, 7.89290716057e-05, -0.000480541406432, 0.00312370993197, -0.00129155255854, 0.000413747620769, 0.000128576662974, -0.000446248624939, 0.000159784976859, 0.00018831458874, 5.37935084139e-05, -0.00132788147312, 0.00175602384843], [5.50172153453e-05, -0.000449521059636, -0.000266038376139, -0.00129155255854, 0.00666822539642, -0.00196913746186, -9.87558451016e-05, -0.000386470026569, -0.0019205812132, 0.000686929095536, -0.00143459974788, -0.000735380279366, -0.000599565100856], [-8.39746135171e-05, 1.35696254802e-05, -0.00017173300148, 0.000413747620769, -0.00196913746186, 0.00768195837736, -0.00371403549798, 0.000596423109528, 0.000633892428596, -0.000777418899816, -0.000305621855659, 0.00120032730047, -0.00109092169441], [8.30734716146e-05, -8.68415008881e-05, -0.000119220239867, 0.000128576662974, -9.87558451016e-05, -0.00371403549798, 0.0102233076468, -0.0039295242168, -0.00023295354913, -0.00132212671451, -0.00103029457387, 0.000455593632068, -0.000487246201374], [-4.2858573579e-05, -0.000278333231108, 0.000278011051705, -0.000446248624939, -0.000386470026569, 0.000596423109528, -0.0039295242168, 0.0108117200434, -0.00454106694087, 0.000828995951451, -0.000933790579438, -0.000527215830516, -0.000391532899812], [-7.11173779564e-05, 0.000137566952617, -0.00034562376095, 0.000159784976859, -0.0019205812132, 0.000633892428596, -0.00023295354913, -0.00454106694087, 0.0142467971891, -0.00662391865626, 0.00261045387015, -0.00114853400737, -0.000221971655264], [4.41184420197e-05, 0.000289979623631, 0.000253041129326, 0.00018831458874, 0.000686929095536, -0.000777418899816, -0.00132212671451, 0.000828995951451, -0.00662391865626, 0.0171390995383, -0.00732101593167, 0.00276166084222, -0.00293886731379], [-5.18346496392e-05, 0.000193154672161, -0.000312628864776, 5.37935084139e-05, -0.00143459974788, -0.000305621855659, -0.00103029457387, -0.000933790579438, 0.00261045387015, -0.00732101593167, 0.0195537693799, -0.0110886581242, 0.00367233622819], [6.97802752256e-05, 1.74652650458e-05, 0.0004531313607, -0.00132788147312, -0.000735380279366, 0.00120032730047, 0.000455593632068, -0.000527215830516, -0.00114853400737, 0.00276166084222, -0.0110886581242, 0.0244876015931, -0.0114400601014], [-5.15957071912e-05, -6.35629985482e-05, 4.51430496469e-05, 0.00175602384843, -0.000599565100856, -0.00109092169441, -0.000487246201374, -0.000391532899812, -0.000221971655264, -0.00293886731379, 0.00367233622819, -0.0114400601014, 0.0189029257745]]}, "silence_rate_20dB": {"dvar2": 0, "var": 0, "min": 1, "dmean": 0, "mean": 1, "max": 1, "dmean2": 0, "median": 1, "dvar": 0}, "melbands_kurtosis": {"dvar2": 5118.05810547, "var": 3575.86523438, "min": -1.89890837669, "dmean": 14.6721429825, "mean": 23.0610618591, "max": 1710.74755859, "dmean2": 22.1278839111, "median": 7.22200012207, "dvar": 2215.62963867}, "barkbands_spread": {"dvar2": 282.286193848, "var": 469.986358643, "min": 0.0336453653872, "dmean": 8.75871086121, "mean": 27.1321048737, "max": 125.248809814, "dmean2": 13.1859178543, "median": 21.2759590149, "dvar": 137.921081543}, "erbbands_skewness": {"dvar2": 0.59369212389, "var": 1.0871655941, "min": -5.2531247139, "dmean": 0.454846471548, "mean": 0.480652272701, "max": 10.1786184311, "dmean2": 0.675294578075, "median": 0.470139712095, "dvar": 0.287724733353}, "average_loudness": 0.782496511936, "spectral_centroid": {"dvar2": 370031.25, "var": 1169955.25, "min": 67.4266281128, "dmean": 311.627532959, "mean": 1446.33874512, "max": 11951.2744141, "dmean2": 456.937988281, "median": 1217.44726562, "dvar": 203007.734375}, "dissonance": {"dvar2": 0.00139914592728, "var": 0.00135835888796, "min": 0.169977366924, "dmean": 0.0210197791457, "mean": 0.461537033319, "max": 0.500000119209, "dmean2": 0.0352065786719, "median": 0.473605662584, "dvar": 0.000524772738572}, "erbbands_flatness_db": {"dvar2": 0.00114594656043, "var": 0.00396570935845, "min": 0.0272092502564, "dmean": 0.0219753235579, "mean": 0.139893934131, "max": 0.403196185827, "dmean2": 0.0308072771877, "median": 0.125983253121, "dvar": 0.000582316657528}, "spectral_strongpeak": {"dvar2": 3.3016269207, "var": 3.51321983337, "min": 0, "dmean": 0.577678978443, "mean": 1.16761171818, "max": 21.6051635742, "dmean2": 0.966985404491, "median": 0.412461638451, "dvar": 1.30146574974}, "spectral_rms": {"dvar2": 3.36959328706e-06, "var": 5.84679355597e-06, "min": 3.12169994715e-12, "dmean": 0.000997750204988, "mean": 0.00460768211633, "max": 0.0114507023245, "dmean2": 0.00144409539644, "median": 0.00447215884924, "dvar": 1.60344302458e-06}, "silence_rate_60dB": {"dvar2": 0.0774915739894, "var": 0.110813267529, "min": 0, "dmean": 0.0373679921031, "mean": 0.126916438341, "max": 1, "dmean2": 0.0747435763478, "median": 0, "dvar": 0.0359757654369}, "melbands": {"dvar2": [2.74429148703e-05, 1.73359258042e-05, 1.31875076477e-05, 3.2008274502e-06, 4.41722221467e-07, 3.53700869482e-07, 1.78280188834e-07, 1.85949048159e-07, 9.51674152816e-08, 9.48778975385e-08, 7.83889717582e-08, 1.78781036198e-07, 1.7915058379e-06, 1.32321844148e-07, 2.26869030229e-08, 2.16457731739e-08, 5.08705149116e-08, 1.47117242832e-08, 2.111530506e-08, 1.41800988729e-08, 1.82647497127e-09, 1.26442423198e-09, 3.90749238521e-10, 1.16211706924e-10, 2.41497155606e-10, 8.01678168294e-11, 7.41701353113e-11, 6.27856863722e-11, 6.294874344e-11, 4.80633623179e-11, 6.26907761814e-11, 8.5417659057e-11, 1.02167288518e-10, 1.05276183604e-10, 1.34103825267e-10, 8.05877031773e-11, 4.27472016118e-11, 9.3552604899e-12, 9.64501655626e-12, 1.27469848912e-11], "var": [2.03925956157e-05, 7.45902389099e-06, 3.48419007423e-06, 1.02493629583e-06, 6.43172541004e-07, 4.7306306783e-07, 1.87457089851e-07, 1.15257705602e-07, 8.83863080503e-08, 7.50359916424e-08, 7.70336967548e-08, 1.89177384868e-07, 2.006921477e-06, 1.28164458602e-07, 1.86844424377e-08, 2.37539463654e-08, 3.6711071516e-08, 1.16749898638e-08, 2.26284768701e-08, 1.1965195057e-08, 1.55569435112e-09, 9.60942991846e-10, 3.06068725919e-10, 1.02313435502e-10, 1.68043523541e-10, 6.30348620523e-11, 4.05973449302e-11, 4.13940964838e-11, 4.4339299593e-11, 3.87714062244e-11, 3.68424526997e-11, 4.11759515373e-11, 4.70154401522e-11, 4.67098790202e-11, 6.49418227527e-11, 5.86780693479e-11, 3.72274051863e-11, 7.81628407831e-12, 1.04887019209e-11, 1.3887525678e-11], "min": [1.16193501958e-24, 5.13440227443e-25, 2.40496651794e-24, 1.86518094937e-24, 2.17863088575e-24, 2.63327075252e-24, 1.16766816482e-24, 1.64524426102e-24, 2.10356445973e-24, 2.42276538933e-24, 3.07197661509e-24, 3.2390157424e-24, 1.73861847232e-24, 2.85670278494e-24, 3.59092323956e-24, 3.16543829134e-24, 4.82624549612e-24, 1.9409301345e-24, 5.47232415521e-24, 3.80704548961e-24, 3.31312587179e-24, 3.07708153122e-24, 4.83596741791e-24, 5.69354126342e-24, 4.86151073402e-24, 5.09894130042e-24, 5.26501032603e-24, 3.98725997455e-24, 3.93898563145e-24, 4.53029288904e-24, 4.94040984075e-24, 5.91060146909e-24, 5.31964841005e-24, 5.77149689251e-24, 6.2008257627e-24, 6.89810819987e-24, 6.45598124477e-24, 6.84116900859e-24, 6.6153216813e-24, 6.65360786204e-24], "dmean": [0.00153988029342, 0.00116575602442, 0.000988324172795, 0.000440858042566, 0.000206134063774, 0.000182836927706, 0.000134326241096, 0.0001252975635, 0.00010178393859, 9.77109812084e-05, 7.92480641394e-05, 0.000100845783891, 0.000257285282714, 7.13669287506e-05, 3.53630930476e-05, 3.35898475896e-05, 4.50961051683e-05, 2.26676238526e-05, 2.7451733331e-05, 2.63829970208e-05, 1.29593954625e-05, 9.75734747044e-06, 5.44910653844e-06, 3.72629983758e-06, 4.40760322817e-06, 3.20371304952e-06, 2.62165121967e-06, 2.57334454545e-06, 2.58449972534e-06, 2.67524387709e-06, 2.63659808297e-06, 2.42381543103e-06, 2.34085700868e-06, 2.29036163546e-06, 2.08102096622e-06, 1.78699656317e-06, 1.46479885643e-06, 1.04178377569e-06, 9.83186623671e-07, 9.6717769793e-07], "mean": [0.00206711376086, 0.00167074659839, 0.000894998782314, 0.000476110028103, 0.000384552695323, 0.000341037200997, 0.000259880936937, 0.000194425781956, 0.000177758061909, 0.000156822745339, 0.000138130722917, 0.000183351905434, 0.00046060924069, 0.000117543371744, 5.69738695049e-05, 5.90032250329e-05, 7.56004083087e-05, 3.42334533343e-05, 4.58093127236e-05, 4.32864071627e-05, 2.17803499254e-05, 1.56383957801e-05, 8.64945832291e-06, 6.21773324383e-06, 7.1910949373e-06, 5.34946639164e-06, 3.83612632504e-06, 3.83261840398e-06, 3.92045740227e-06, 3.91783078157e-06, 3.46144838659e-06, 3.19272612614e-06, 3.12317956741e-06, 2.97062865684e-06, 2.7690468869e-06, 2.48729475061e-06, 2.01881698558e-06, 1.59174726377e-06, 1.53582391249e-06, 1.41092755257e-06], "max": [0.0357802174985, 0.0257715284824, 0.0220158658922, 0.0113487550989, 0.00902565475553, 0.00859678164124, 0.00601136032492, 0.00628133071586, 0.00394995277748, 0.00430772360414, 0.00444496609271, 0.00565144279972, 0.0135729806498, 0.00733071565628, 0.00277421413921, 0.00257852999493, 0.00356624973938, 0.00391066819429, 0.00304035097361, 0.00205112458207, 0.000582909386139, 0.000666059844662, 0.000380609591957, 0.000173664651811, 0.000222117785597, 0.000165376026416, 0.000199673580937, 0.000164484066772, 0.000164350887644, 9.04205735424e-05, 0.000101008139609, 0.000169282531715, 0.000192096835235, 0.000270559947239, 0.000241376648773, 0.00022833282128, 0.000202741590329, 7.88577308413e-05, 7.47901358409e-05, 0.000123860081658], "dmean2": [0.00222521438263, 0.00186567287892, 0.00172889768146, 0.000760855327826, 0.00032030735747, 0.000283766421489, 0.000211368038435, 0.000200037611648, 0.000160922238138, 0.000153455519467, 0.000121588462207, 0.000156205758685, 0.000397116469685, 0.000110425600724, 5.5068245274e-05, 5.28742821189e-05, 7.35284993425e-05, 3.568232205e-05, 4.38547285739e-05, 4.24842401117e-05, 2.05208580155e-05, 1.55254329002e-05, 8.49979460327e-06, 5.81641370445e-06, 6.98955318512e-06, 5.06186643179e-06, 4.21376171289e-06, 4.02336081606e-06, 3.90417744711e-06, 4.07944344261e-06, 4.08142477681e-06, 3.68153564523e-06, 3.60242302122e-06, 3.57683870789e-06, 3.21292304761e-06, 2.7633764148e-06, 2.27720624935e-06, 1.57900853992e-06, 1.4798522443e-06, 1.45032333876e-06], "median": [0.000490005826578, 0.000836859981064, 0.000286740920274, 0.000121426433907, 0.000122305253171, 0.000113241068902, 0.000107172207208, 8.72219679877e-05, 8.26621471788e-05, 7.17231014278e-05, 5.61580200156e-05, 4.35751862824e-05, 3.72733229597e-05, 2.80488657154e-05, 1.71419414983e-05, 1.19000360428e-05, 1.34592546601e-05, 1.06996767499e-05, 9.21917853702e-06, 9.1413858172e-06, 6.91826107868e-06, 4.64421691504e-06, 3.23829362969e-06, 2.75747061096e-06, 3.19904620483e-06, 2.50177708949e-06, 1.70530597643e-06, 1.4623755078e-06, 1.39907979246e-06, 1.63692766364e-06, 1.188