{"tonal": {"thpcp": [1, 0.891997873783, 0.771734654903, 0.601730287075, 0.642281293869, 0.667871177197, 0.434683084488, 0.333967328072, 0.436464250088, 0.557500064373, 0.837133824825, 0.942405104637, 0.638914644718, 0.438485860825, 0.375456988811, 0.289295524359, 0.391170531511, 0.508084535599, 0.411421477795, 0.440593808889, 0.504293620586, 0.314861446619, 0.226148828864, 0.279920220375, 0.326539635658, 0.494618237019, 0.60323113203, 0.390352964401, 0.221913531423, 0.243940383196, 0.297634929419, 0.620543122292, 0.84211564064, 0.595978856087, 0.63880699873, 0.987794518471], "hpcp": {"dmean2": [0.260569065809, 0.234324991703, 0.229630827904, 0.21978276968, 0.165463224053, 0.145612150431, 0.161530300975, 0.183060720563, 0.235052704811, 0.236908838153, 0.196220234036, 0.144743546844, 0.129207000136, 0.121610976756, 0.141352981329, 0.15721976757, 0.156418427825, 0.138414800167, 0.148252025247, 0.112520121038, 0.0881076231599, 0.097444690764, 0.10678563267, 0.128956049681, 0.143934562802, 0.108746789396, 0.0746803209186, 0.0786708146334, 0.118119262159, 0.16274496913, 0.202799528837, 0.186525136232, 0.192807242274, 0.254393398762, 0.276072800159, 0.279741346836], "median": [0.00391069846228, 0.00360226607881, 0.00525659369305, 0.00443599978462, 0.00327730178833, 0.00274123274721, 0.00324226659723, 0.00577998673543, 0.0107719311491, 0.0113843278959, 0.0081463130191, 0.00307883624919, 0.00152775167953, 0.00172245001886, 0.002454664791, 0.00261451047845, 0.00315108126961, 0.00292104389518, 0.00200636242516, 0.00194461026695, 0.00113536650315, 0.000919483718462, 0.00152493419591, 0.00249373819679, 0.00208120234311, 0.00192078808323, 0.00109050504398, 0.000781243492384, 0.00140647008084, 0.0038314696867, 0.00440062163398, 0.00496302871034, 0.00440997164696, 0.0056166248396, 0.00896213296801, 0.00688184471801], "min": [0, 0, 0, 0, 0, 0, 0, 0, 0, 0, 0, 0, 0, 0, 0, 0, 0, 0, 0, 0, 0, 0, 0, 0, 0, 0, 0, 0, 0, 0, 0, 0, 0, 0, 0, 0], "dvar2": [0.174393668771, 0.167986899614, 0.158865332603, 0.147318676114, 0.109954543412, 0.106059215963, 0.106926426291, 0.111541949213, 0.142692297697, 0.140151977539, 0.119920760393, 0.0918152332306, 0.0860384255648, 0.086110368371, 0.104057095945, 0.105949521065, 0.113764248788, 0.0839384123683, 0.0988690927625, 0.0682546645403, 0.0574866198003, 0.0704278200865, 0.074749417603, 0.0751711726189, 0.0832729116082, 0.0632714554667, 0.0461149476469, 0.0539362132549, 0.0858498886228, 0.0987348631024, 0.130812883377, 0.119970232248, 0.112670473754, 0.147959768772, 0.156802326441, 0.174259260297], "dvar": [0.0681345537305, 0.0607099831104, 0.0580591335893, 0.0591018088162, 0.0407915636897, 0.0376149117947, 0.041226297617, 0.0435648076236, 0.0573160052299, 0.059898275882, 0.0456346049905, 0.0362194553018, 0.0344509184361, 0.0317175388336, 0.0374373085797, 0.0427267849445, 0.0415627583861, 0.0334021188319, 0.0404299795628, 0.0252409391105, 0.0216737855226, 0.027401573956, 0.0292581357062, 0.0322023890913, 0.03976880759, 0.0269739888608, 0.0174229573458, 0.0219187159091, 0.0293964706361, 0.040226534009, 0.055859066546, 0.0461496412754, 0.0434482768178, 0.0664537623525, 0.0646326318383, 0.0690084993839], "dmean": [0.14551025629, 0.128831595182, 0.127088114619, 0.123245172203, 0.0913803353906, 0.0787950381637, 0.0896098315716, 0.103137433529, 0.133738070726, 0.135797426105, 0.111498177052, 0.082000747323, 0.0723188072443, 0.066753283143, 0.0782785266638, 0.0889473184943, 0.0873190388083, 0.0785287469625, 0.0853526443243, 0.0636039450765, 0.0490987412632, 0.0542236641049, 0.0603814013302, 0.075501576066, 0.086406417191, 0.0638193190098, 0.0417706593871, 0.0438036061823, 0.0643381550908, 0.092305213213, 0.116285480559, 0.106041461229, 0.108846090734, 0.144017502666, 0.157953172922, 0.156331256032], "max": [1, 1, 1, 1, 1, 1, 1, 1, 1, 1, 1, 1, 1, 1, 1, 1, 1, 1, 1, 1, 1, 1, 1, 1, 1, 1, 1, 1, 1, 1, 1, 1, 1, 1, 1, 1], "var": [0.0729553773999, 0.0536347143352, 0.055104598403, 0.0633910298347, 0.0348303690553, 0.0278792567551, 0.0393382720649, 0.0481978021562, 0.0736552104354, 0.0892356038094, 0.0511543042958, 0.0392194390297, 0.0357621535659, 0.0248926263303, 0.033938601613, 0.0489409565926, 0.0351577065885, 0.0367356985807, 0.0477845035493, 0.0219312179834, 0.0179550815374, 0.027494860813, 0.0311044082046, 0.044121325016, 0.0608089864254, 0.0333202257752, 0.0177005007863, 0.0255231466144, 0.0247947033495, 0.0565367043018, 0.0867365300655, 0.0493271797895, 0.0507664084435, 0.0973750278354, 0.0857464522123, 0.0816365778446], "mean": [0.130121290684, 0.101457044482, 0.108294308186, 0.112608991563, 0.073291413486, 0.0563098452985, 0.0735917314887, 0.0939994454384, 0.141148164868, 0.158897832036, 0.107726663351, 0.073932595551, 0.0633053705096, 0.0487777851522, 0.0659548118711, 0.0856675431132, 0.0693693011999, 0.0742880105972, 0.0850283652544, 0.05308842659, 0.0381306931376, 0.0471970252693, 0.0550574697554, 0.0833970084786, 0.101710103452, 0.0658169612288, 0.0374165847898, 0.0411305055022, 0.0501838810742, 0.104629054666, 0.141988143325, 0.100487306714, 0.107708506286, 0.166550889611, 0.16860884428, 0.150398731232]}, "tuning_equal_tempered_deviation": 0.0416341684759, "chords_changes_rate": 0.113529704511, "key_key": "G#", "tuning_diatonic_strength": 0.489234179258, "key_scale": "major", "chords_number_rate": 0.00179730402306, "tuning_frequency": 447.691040039, "tuning_nontempered_energy_ratio": 0.775190293789, "chords_histogram": [12.780828476, 8.01797294617, 1.5876185894, 2.50624060631, 0.868696928024, 1.23814272881, 12.8806791306, 1.86719918251, 5.0823764801, 1.53769350052, 11.8721914291, 2.60609078407, 0.798801779747, 0.109835244715, 0.439340978861, 1.47778332233, 4.61308050156, 1.70743882656, 1.17823266983, 0.479281067848, 0.459311038256, 2.09685468674, 2.5162255764, 21.2780838013], "key_strength": 0.404218971729, "chords_key": "F", "chords_strength": {"dmean2": 0.0161865130067, "median": 0.471811115742, "min": -1, "dvar2": 0.000583685992751, "dvar": 0.000326649809722, "dmean": 0.0150870168582, "max": 0.832947432995, "var": 0.0183399561793, "mean": 0.467895716429}, "chords_scale": "minor", "hpcp_entropy": {"dmean2": 1.07168507576, "median": 1.62818527222, "min": 0, "dvar2": 0.801347136497, "dvar": 0.307458937168, "dmean": 0.629670977592, "max": 4.48668193817, "var": 0.559702634811, "mean": 1.62345945835}}, "metadata": {"audio_properties": {"equal_loudness": 0, "codec": "alac", "downmix": "mix", "sample_rate": 44100, "analysis_sample_rate": 44100, "bit_rate": 565435, "md5_encoded": "09bc741f300b47d85fdf2d524f7fa8d5", "length": 465.040008545, "replay_gain": -10.1409568787, "lossless": true}, "version": {"essentia_build_sha": "c0e182ba78c2de26e491b7b7a4a2c98c1ed34208", "essentia": "2.1-beta2", "extractor": "music 1.0", "essentia_git_sha": "v2.1_beta2-2-gbb40004"}, "tags": {"title": ["Battle Hymn of the Republican"], "barcode": ["015775164826"], "media": ["CD"], "language": ["English"], "musicbrainz_recordingid": ["0d0d4ae5-8e03-47c5-8eb3-af57316bb2d0"], "artistsort": ["Mulligan, Gerry & Desmond, Paul"], "musicbrainz_albumartistid": ["68f19808-1f7b-46d4-bd1d-71aaf0f6b267"], "discnumber": ["1/1"], "bpm": ["0"], "catalognumber": ["UDCD 648"], "file_name": "06 Battle Hymn Of The Republican.m4a", "date": ["1995-10-07"], "genre": ["Jazz"], "album": ["Blues In Time"], "script": ["Latin"], "musicbrainz_albumid": ["6519cdbe-0271-47b7-91ed-c1f6f5c33a0b"], "tracknumber": ["6/7"], "encodedby": ["iTunes 10.7"], "composer": ["Paul Desmond"], "artist": ["Gerry Mulligan & Paul Desmond"], "label": ["Mobile Fidelity Sound Lab"], "albumartistsort": ["Mulligan, Gerry & Desmond, Paul"], "musicbrainz_artistid": ["68f19808-1f7b-46d4-bd1d-71aaf0f6b267"], "musicbrainz_releasegroupid": ["0dea2123-d853-4e4f-bb40-59002813295c"]}}, "rhythm": {"bpm_histogram_first_peak_bpm": {"dmean2": 0, "median": 112, "min": 112, "dvar2": 0, "dvar": 0, "dmean": 0, "max": 112, "var": 0, "mean": 112}, "bpm": 111.205551147, "bpm_histogram_second_peak_spread": {"dmean2": 0, "median": 0.066666662693, "min": 0.066666662693, "dvar2": 0, "dvar": 0, "dmean": 0, "max": 0.066666662693, "var": 0, "mean": 0.066666662693}, "bpm_histogram_first_peak_weight": {"dmean2": 0, "median": 0.37485447526, "min": 0.37485447526, "dvar2": 0, "dvar": 0, "dmean": 0, "max": 0.37485447526, "var": 0, "mean": 0.37485447526}, "onset_rate": 4.58649635315, "beats_position": [0.557278871536, 1.1261677742, 1.69505667686, 2.2523355484, 2.80961441994, 3.36689329147, 3.92417216301, 4.46984100342, 5.01551008224, 5.5727891922, 6.13006782532, 6.66412687302, 7.19818592072, 7.73224496841, 8.27791404724, 8.82358264923, 9.35764122009, 9.90331077576, 10.4489793777, 11.0062580109, 11.5403175354, 12.0859861374, 12.6316547394, 13.1657142639, 13.6997728348, 14.2454423904, 14.7911109924, 15.3483896255, 15.8824491501, 16.4281177521, 16.9737873077, 17.5194549561, 18.0651245117, 18.6224040985, 19.179681778, 19.7253513336, 20.2826309204, 20.8282985687, 21.3739681244, 21.9312477112, 22.4769153595, 23.0225849152, 23.5682544708, 24.1139221191, 24.6828117371, 25.2284793854, 25.774148941, 26.3314285278, 26.8887062073, 27.4343757629, 27.9800453186, 28.537322998, 29.0946025848, 29.6402721405, 30.1859397888, 30.7316093445, 31.2772789001, 31.8229465485, 32.3686180115, 32.9026756287, 33.4599533081, 34.0172348022, 34.5629005432, 35.1085700989, 35.6658477783, 36.211517334, 36.7455787659, 37.2912483215, 37.8369140625, 38.3825836182, 38.9398651123, 39.4855308533, 40.0312004089, 40.5652618408, 41.1225395203, 41.6682090759, 42.2138786316, 42.7595443726, 43.3052139282, 43.8624954224, 44.4197731018, 44.9770507812, 45.5343284607, 46.0799980164, 46.6372795105, 47.2061653137, 47.7518348694, 48.297504425, 48.8431739807, 49.3888435364, 49.9461212158, 50.4917907715, 51.0374603271, 51.5947380066, 52.1404075623, 52.6860771179, 53.2317466736, 53.7774124146, 54.3346939087, 54.8919715881, 55.4492492676, 56.0065307617, 56.5638084412, 57.1094779968, 57.6551475525, 58.2008171082, 58.7464828491, 59.3037643433, 59.8494338989, 60.3950996399, 60.952381134, 61.4864387512, 62.0321083069, 62.5893859863, 63.135055542, 63.6923332214, 64.2496109009, 64.7952804565, 65.3409500122, 65.9098434448, 66.478729248, 67.0360107422, 67.5932846069, 68.1621780396, 68.7310638428, 69.2883453369, 69.8340148926, 70.3796844482, 70.936958313, 71.4942398071, 72.0399093628, 72.5855789185, 73.1428527832, 73.7001342773, 74.2574157715, 74.8146896362, 75.3719711304, 75.917640686, 76.4749221802, 77.0321960449, 77.5778656006, 78.1235351562, 78.6692047119, 79.2264862061, 79.7837600708, 80.3294296265, 80.8867111206, 81.4439926147, 81.9896621704, 82.5585479736, 83.1042175293, 83.661491394, 84.2187728882, 84.7528305054, 85.3101119995, 85.8673934937, 86.4246673584, 86.9819488525, 87.5160064697, 88.0732879639, 88.6189575195, 89.1646270752, 89.7219009399, 90.2791824341, 90.8364639282, 91.393737793, 91.9510192871, 92.4966888428, 93.0423583984, 93.5996322632, 94.1569137573, 94.7141952515, 95.2482528687, 95.8055343628, 96.33959198, 96.8968658447, 97.4425354004, 97.9882049561, 98.5454864502, 99.0911560059, 99.6368255615, 100.194099426, 100.739768982, 101.285438538, 101.842720032, 102.388389587, 102.934059143, 103.491333008, 104.025398254, 104.571060181, 105.116729736, 105.67401123, 106.231292725, 106.788566589, 107.345848083, 107.879905701, 108.437187195, 108.994468689, 109.540130615, 110.085800171, 110.643081665, 111.188751221, 111.734420776, 112.291702271, 112.837364197, 113.383033752, 113.917098999, 114.451156616, 114.996826172, 115.542495728, 116.099769592, 116.657051086, 117.214332581, 117.759994507, 118.317276001, 118.862945557, 119.420227051, 119.977500916, 120.53478241, 121.092063904, 121.626121521, 122.171791077, 122.717460632, 123.25151825, 123.785575867, 124.319633484, 124.86530304, 125.410972595, 125.956642151, 126.502311707, 127.059593201, 127.605255127, 128.150924683, 128.696594238, 129.242263794, 129.78793335, 130.321990967, 130.867660522, 131.40171814, 131.935775757, 132.481445312, 133.027114868, 133.584396362, 134.141677856, 134.698959351, 135.244628906, 135.790298462, 136.335968018, 136.893234253, 137.438903809, 137.972961426, 138.507034302, 139.052688599, 139.598358154, 140.13243103, 140.689697266, 141.223754883, 141.757827759, 142.303482056, 142.849151611, 143.383224487, 143.917282104, 144.47454834, 145.020217896, 145.565887451, 146.123168945, 146.680450439, 147.237731934, 147.771789551, 148.305847168, 148.851516724, 149.397186279, 149.954467773, 150.511749268, 151.069015503, 151.626296997, 152.160354614, 152.70602417, 153.251693726, 153.797363281, 154.343032837, 154.888702393, 155.434371948, 155.980041504, 156.514099121, 157.048156738, 157.582214355, 158.127883911, 158.661941528, 159.207611084, 159.75328064, 160.298950195, 160.844619751, 161.390289307, 161.935958862, 162.470016479, 163.004074097, 163.549743652, 164.107025146, 164.652694702, 165.209976196, 165.755645752, 166.289703369, 166.835372925, 167.38104248, 167.926712036, 168.460769653, 169.006439209, 169.563720703, 170.109390259, 170.655059814, 171.20072937, 171.757995605, 172.3152771, 172.849334717, 173.383392334, 173.917449951, 174.474731445, 174.985580444, 175.519638062, 176.04208374, 176.576141357, 177.121810913, 177.667480469, 178.213150024, 178.770431519, 179.327713013, 179.884979248, 180.430648804, 180.976318359, 181.521987915, 182.067657471, 182.601715088, 183.158996582, 183.716278076, 184.261947632, 184.807617188, 185.353286743, 185.898956299, 186.444625854, 186.978683472, 187.524353027, 188.070022583, 188.615692139, 189.172973633, 189.730239868, 190.287521362, 190.844802856, 191.390472412, 191.912918091, 192.446975708, 192.981033325, 193.526702881, 194.072372437, 194.629653931, 195.163711548, 195.697769165, 196.243438721, 196.789108276, 197.323165894, 197.868835449, 198.414505005, 198.960174561, 199.505844116, 200.039901733, 200.585571289, 201.131240845, 201.688522339, 202.222579956, 202.756637573, 203.302307129, 203.847976685, 204.39364624, 204.927703857, 205.461761475, 205.995819092, 206.541488647, 207.075546265, 207.609603882, 208.155273438, 208.700942993, 209.23500061, 209.769073486, 210.303131104, 210.837188721, 211.371246338, 211.905303955, 212.450973511, 212.996643066, 213.542312622, 214.087982178, 214.633651733, 215.190933228, 215.736587524, 216.2706604, 216.827926636, 217.361984253, 217.896057129, 218.430114746, 218.964172363, 219.509841919, 220.055511475, 220.589569092, 221.135238647, 221.680908203, 222.238174438, 222.783843994, 223.32951355, 223.863571167, 224.409240723, 224.954910278, 225.500579834, 226.023040771, 226.557098389, 227.091156006, 227.625213623, 228.182495117, 228.728164673, 229.273834229, 229.807891846, 230.341949463, 230.87600708, 231.421676636, 231.967346191, 232.501403809, 233.058685303, 233.615966797, 234.150024414, 234.684082031, 235.218139648, 235.752197266, 236.286254883, 236.8203125, 237.354370117, 237.900039673, 238.445709229, 238.979766846, 239.513824463, 240.04788208, 240.581939697, 241.115997314, 241.65007019, 242.172515869, 242.706573486, 243.229019165, 243.786300659, 244.320358276, 244.854415894, 245.388473511, 245.922531128, 246.468200684, 247.013870239, 247.547927856, 248.081985474, 248.616043091, 249.150115967, 249.707382202, 250.22984314, 250.775512695, 251.309570312, 251.866836548, 252.389297485, 252.911743164, 253.434188843, 253.979858398, 254.525527954, 255.07119751, 255.605255127, 256.139312744, 256.673370361, 257.219055176, 257.764709473, 258.29876709, 258.832824707, 259.366882324, 259.900939941, 260.434997559, 260.969055176, 261.503112793, 262.03717041, 262.571228027, 263.105316162, 263.639373779, 264.173431396, 264.707489014, 265.241546631, 265.787200928, 266.332885742, 266.866943359, 267.401000977, 267.946655273, 268.480712891, 269.026397705, 269.560455322, 270.094512939, 270.628570557, 271.162628174, 271.708282471, 272.253967285, 272.799621582, 273.345306396, 273.879364014, 274.413421631, 274.947479248, 275.481536865, 276.015594482, 276.561279297, 277.106933594, 277.640991211, 278.186676025, 278.732330322, 279.266387939, 279.788848877, 280.311279297, 280.845336914, 281.391021729, 281.936676025, 282.48236084, 283.028015137, 283.562072754, 284.107757568, 284.641815186, 285.187469482, 285.7215271, 286.267211914, 286.812866211, 287.346923828, 287.880981445, 288.415039062, 288.94909668, 289.494781494, 290.040435791, 290.574493408, 291.108551025, 291.65423584, 292.199890137, 292.733947754, 293.279632568, 293.825286865, 294.347747803, 294.88180542, 295.415863037, 295.961547852, 296.495605469, 297.018035889, 297.540496826, 298.074554443, 298.608612061, 299.142669678, 299.676727295, 300.210784912, 300.756469727, 301.278900146, 301.812957764, 302.347015381, 302.881072998, 303.415130615, 303.949188232, 304.47164917, 304.994110107, 305.528167725, 306.062225342, 306.596282959, 307.141937256, 307.664398193, 308.198455811, 308.732513428, 309.266571045, 309.800628662, 310.334686279, 310.868743896, 311.402801514, 311.936859131, 312.470916748, 313.004974365, 313.539031982, 314.0730896, 314.607147217, 315.141204834, 315.675262451, 316.197723389, 316.720184326, 317.254241943, 317.788299561, 318.322357178, 318.844787598, 319.367248535, 319.889709473, 320.412139893, 320.94619751, 321.468658447, 321.991119385, 322.525177002, 323.059234619, 323.593292236, 324.127349854, 324.661407471, 325.195465088, 325.717895508, 326.240356445, 326.774414062, 327.30847168, 327.854156494, 328.376586914, 328.910644531, 329.444702148, 329.978759766, 330.512817383, 331.046875, 331.569335938, 332.103393555, 332.625854492, 333.159912109, 333.693969727, 334.228027344, 334.762084961, 335.296142578, 335.830200195, 336.364257812, 336.89831543, 337.432373047, 337.966430664, 338.500488281, 339.034545898, 339.568603516, 340.091064453, 340.613494873, 341.14755249, 341.681640625, 342.204071045, 342.726531982, 343.2605896, 343.794647217, 344.328704834, 344.862762451, 345.385223389, 345.907653809, 346.441711426, 346.964172363, 347.486602783, 348.0206604, 348.554718018, 349.088806152, 349.62286377, 350.156921387, 350.690979004, 351.225036621, 351.759094238, 352.293151855, 352.815582275, 353.349639893, 353.87210083, 354.406158447, 354.940216064, 355.451049805, 355.973510742, 356.507568359, 357.030029297, 357.564086914, 358.086517334, 358.608978271, 359.143035889, 359.665466309, 360.187927246, 360.698760986, 361.232818604, 361.766876221, 362.300933838, 362.834991455, 363.357452393, 363.87991333, 364.413970947, 364.948028564, 365.482086182, 366.004516602, 366.526977539, 367.061035156, 367.583496094, 368.117553711, 368.639984131, 369.162445068, 369.684906006, 370.218963623, 370.75302124, 371.287078857, 371.821136475, 372.343566895, 372.866027832, 373.38848877, 373.910919189, 374.444976807, 374.967437744, 375.501495361, 376.035552979, 376.557983398, 377.092071533, 377.62612915, 378.160186768, 378.694244385, 379.205078125, 379.715911865, 380.238372803, 380.760803223, 381.28326416, 381.80569458, 382.339752197, 382.873840332, 383.407897949, 383.930328369, 384.452789307, 384.986846924, 385.520904541, 386.054962158, 386.589019775, 387.111480713, 387.64553833, 388.16796875, 388.702026367, 389.224487305, 389.746917725, 390.280975342, 390.815063477, 391.349121094, 391.883178711, 392.417236328, 392.951293945, 393.485351562, 394.01940918, 394.5418396, 395.064300537, 395.598358154, 396.132415771, 396.654876709, 397.177307129, 397.711364746, 398.245422363, 398.77947998, 399.313537598, 399.847625732, 400.38168335, 400.915740967, 401.449798584, 401.972229004, 402.506286621, 403.028747559, 403.551208496, 404.085266113, 404.607696533, 405.14175415, 405.675811768, 406.198272705, 406.720703125, 407.25479126, 407.788848877, 408.334503174, 408.868560791, 409.391021729, 409.913452148, 410.435913086, 410.946746826, 411.480804443, 412.014862061, 412.548919678, 413.071380615, 413.593811035, 414.116271973, 414.63873291, 415.16116333, 415.683624268, 416.217681885, 416.751739502, 417.285797119, 417.808258057, 418.330688477, 418.853149414, 419.375579834, 419.909637451, 420.443725586, 420.977783203, 421.500213623, 422.022674561, 422.556732178, 423.067565918, 423.601623535, 424.135681152, 424.66973877, 425.203796387, 425.737854004, 426.260314941, 426.782745361, 427.316802979, 427.827667236, 428.350097656, 428.872558594, 429.394989014, 429.917449951, 430.428283691, 430.962341309, 431.496398926, 432.007263184, 432.506469727, 433.028930664, 433.539764404, 434.073822021, 434.596282959, 435.118713379, 435.641174316, 436.163635254, 436.697692871, 437.208526611, 437.730957031, 438.253417969, 438.764251709, 439.286712646, 439.797546387, 440.319976807, 440.842437744, 441.376495361, 441.898956299, 442.433013916, 442.955444336, 443.489501953, 444.011962891, 444.546020508, 445.068481445, 445.590911865, 446.124969482, 446.64743042, 447.169891357, 447.703948975, 448.261230469, 448.795288086, 449.352539062, 449.886627197, 450.443878174, 451.012786865, 451.581665039, 452.17376709, 452.765899658, 453.381225586, 453.973327637, 454.530609131, 455.099487305, 455.656768799, 456.214050293, 456.771331787, 457.340209961, 457.885894775, 458.44317627, 458.988830566, 459.522888184, 460.056945801, 460.591003418, 461.125061035, 461.659118652, 462.19317627, 462.738861084, 463.284515381, 463.830200195, 464.375854492], "beats_loudness": {"dmean2": 0.0655553564429, "median": 0.0458731725812, "min": 0, "dvar2": 0.00355834863149, "dvar": 0.00118513905909, "dmean": 0.0380232930183, "max": 0.278631567955, "var": 0.00150035810657, "mean": 0.0533107891679}, "danceability": 1.28685176373, "bpm_histogram_second_peak_weight": {"dmean2": 0, "median": 0.0162980202585, "min": 0.0162980202585, "dvar2": 0, "dvar": 0, "dmean": 0, "max": 0.0162980202585, "var": 0, "mean": 0.0162980202585}, "beats_count": 860, "bpm_histogram_second_peak_bpm": {"dmean2": 0, "median": 117, "min": 117, "dvar2": 0, "dvar": 0, "dmean": 0, "max": 117, "var": 0, "mean": 117}, "bpm_histogram_first_peak_spread": {"dmean2": 0, "median": 0.610640883446, "min": 0.610640883446, "dvar2": 0, "dvar": 0, "dmean": 0, "max": 0.610640883446, "var": 0, "mean": 0.610640883446}, "beats_loudness_band_ratio": {"dmean2": [0.469774514437, 0.180497840047, 0.181254178286, 0.191090986133, 0.114329263568, 0.0185220073909], "median": [0.802097499371, 0.0388109833002, 0.0342189669609, 0.0289252251387, 0.0103476503864, 0.00199184007943], "min": [0, 0, 0, 0, 0, 0], "dvar2": [0.160891190171, 0.0467654690146, 0.0413254387677, 0.0482983738184, 0.02991165407, 0.00143656681757], "dvar": [0.0661224871874, 0.0169321894646, 0.0156176295131, 0.0180479120463, 0.0111786071211, 0.000532337464392], "dmean": [0.266863912344, 0.102381467819, 0.101561978459, 0.108610481024, 0.0639244690537, 0.0102457860485], "max": [0.99812412262, 0.877214431763, 0.763796150684, 0.726071894169, 0.789071917534, 0.292048603296], "var": [0.100820921361, 0.0199188292027, 0.0166974365711, 0.0195210631937, 0.0100963097066, 0.000407970394008], "mean": [0.680187642574, 0.100444562733, 0.0927216112614, 0.0972102209926, 0.0525846965611, 0.00823368690908]}}, "lowlevel": {"barkbands_spread": {"dmean2": 6.2211265564, "median": 6.31100940704, "min": 0.12191940099, "dvar2": 105.04434967, "dvar": 42.6283302307, "dmean": 3.91364479065, "max": 150.557662964, "var": 90.2032928467, "mean": 9.2809419632}, "melbands_spread": {"dmean2": 6.65175151825, "median": 5.39121246338, "min": 0.208790034056, "dvar2": 109.416725159, "dvar": 51.5696258545, "dmean": 4.39394044876, "max": 164.873596191, "var": 257.336547852, "mean": 11.3104076385}, "hfc": {"dmean2": 6.78236627579, "median": 4.85619974136, "min": 1.09498066674e-16, "dvar2": 173.290649414, "dvar": 110.335166931, "dmean": 5.12736415863, "max": 334.530853271, "var": 403.740142822, "mean": 12.6761226654}, "barkbands_kurtosis": {"dmean2": 47.5843696594, "median": 10.0922689438, "min": -1.96426939964, "dvar2": 9761.50097656, "dvar": 4352.49267578, "dmean": 31.1461791992, "max": 1970.70739746, "var": 11241.8828125, "mean": 52.9889335632}, "gfcc": {"mean": [-100.566001892, 127.450210571, -91.2601470947, 37.4964523315, -36.8289222717, 15.087852478, -21.4311008453, 0.516516208649, -8.86487579346, 3.54326343536, -13.3812332153, -9.30567646027, -4.67865180969], "icov": [[0.000407180079492, -0.00110744009726, 0.000856330618262, -0.00114045257214, 0.000949911132921, -0.00129171262961, 0.00086561019998, -0.00125901203137, 0.000823575188406, -0.000792502425611, 0.00094102602452, -0.000777459936216, 0.000409117230447], [-0.00110744009726, 0.00484342733398, -0.00261312467046, 0.00402993243188, -0.00246358569711, 0.0035516556818, -0.00294986134395, 0.00521343573928, -0.00422528153285, 0.0045225401409, -0.00468177441508, 0.00426949001849, -0.00235987198539], [0.000856330618262, -0.00261312467046, 0.00291740102693, -0.00335861812346, 0.00181569263805, -0.00162162911147, 0.00126694061328, -0.00357214268297, 0.00291031366214, -0.00126506667584, 0.000425752281444, -0.000587818271015, 0.00123002252076], [-0.00114045257214, 0.00402993243188, -0.00335861812346, 0.00672376295552, -0.00413399841636, 0.00370705476962, -0.00255589163862, 0.00289563112892, -0.00156680867076, 0.00138860731386, -0.00233624689281, 0.00245326850563, 7.57951420383e-05], [0.000949911132921, -0.00246358569711, 0.00181569263805, -0.00413399841636, 0.0105287991464, -0.0080886175856, 0.000108321059088, 0.0023362764623, -0.00349135929719, 0.000393860653276, 0.000474558357382, -0.000674254668411, 0.000578223960474], [-0.00129171262961, 0.0035516556818, -0.00162162911147, 0.00370705476962, -0.0080886175856, 0.0161217488348, -0.00519037013873, 0.000830839562695, 0.00180665566586, -0.000578804989345, -0.000198869995074, 0.00266184937209, -0.00158898637164], [0.00086561019998, -0.00294986134395, 0.00126694061328, -0.00255589163862, 0.000108321059088, -0.00519037013873, 0.0164209213108, -0.00973290670663, -0.00188269990031, 0.00329120876268, -0.00220487639308, -0.000501892354805, -0.000413672882132], [-0.00125901203137, 0.00521343573928, -0.00357214268297, 0.00289563112892, 0.0023362764623, 0.000830839562695, -0.00973290670663, 0.0249076597393, -0.012030039914, 0.0026815419551, -0.00121712754481, 0.00030237462488, 6.88815052854e-05], [0.000823575188406, -0.00422528153285, 0.00291031366214, -0.00156680867076, -0.00349135929719, 0.00180665566586, -0.00188269990031, -0.012030039914, 0.0216686315835, -0.0112962797284, 0.00516978092492, -0.00371744367294, 0.00291813584045], [-0.000792502425611, 0.0045225401409, -0.00126506667584, 0.00138860731386, 0.000393860653276, -0.000578804989345, 0.00329120876268, 0.0026815419551, -0.0112962797284, 0.0264752712101, -0.0168417058885, 0.0063906093128, -0.00294328154996], [0.00094102602452, -0.00468177441508, 0.000425752281444, -0.00233624689281, 0.000474558357382, -0.000198869995074, -0.00220487639308, -0.00121712754481, 0.00516978092492, -0.0168417058885, 0.0287598110735, -0.0152194229886, 0.00287571153603], [-0.000777459936216, 0.00426949001849, -0.000587818271015, 0.00245326850563, -0.000674254668411, 0.00266184937209, -0.000501892354805, 0.00030237462488, -0.00371744367294, 0.0063906093128, -0.0152194229886, 0.0193524602801, -0.00680057844147], [0.000409117230447, -0.00235987198539, 0.00123002252076, 7.57951420383e-05, 0.000578223960474, -0.00158898637164, -0.000413672882132, 6.88815052854e-05, 0.00291813584045, -0.00294328154996, 0.00287571153603, -0.00680057844147, 0.0124318916351]], "cov": [[13702.5537109, 940.671569824, -3395.10400391, -611.096984863, -318.732177734, 441.300689697, -301.993133545, -47.4897346497, -20.2570476532, -10.4337739944, -284.718322754, 103.027587891, 253.217193604], [940.671569824, 1238.0826416, 17.2249107361, -386.088989258, 49.6788673401, -40.6580963135, 62.9530410767, -107.27495575, 49.4386558533, -93.6786346436, 23.2331523895, -74.3617172241, 120.057594299], [-3395.10400391, 17.2249107361, 2260.78588867, 753.923461914, 66.5523529053, -139.519973755, 134.683349609, 92.6718673706, -60.0265426636, -20.154838562, 93.8180541992, -154.445144653, -227.11177063], [-611.096984863, -386.088989258, 753.923461914, 720.058044434, 105.891654968, 10.1324462891, 51.5307426453, 75.1551971436, -16.094121933, 28.2137012482, 10.2101840973, -66.9626235962, -163.029022217], [-318.732177734, 49.6788673401, 66.5523529053, 105.891654968, 253.015029907, 92.2271499634, 68.8327178955, -2.11332416534, 55.0944290161, 1.73790538311, 5.65023994446, -27.6691074371, -13.9525432587], [441.300689697, -40.6580963135, -139.519973755, 10.1324462891, 92.2271499634, 146.646820068, 33.9685897827, 14.5221223831, 13.589266777, 4.81219959259, -19.7163925171, -7.75885248184, 5.27183151245], [-301.993133545, 62.9530410767, 134.683349609, 51.5307426453, 68.8327178955, 33.9685897827, 144.840698242, 64.8078155518, 61.6115570068, 1.27992916107, 26.9605121613, 2.87462949753, -4.97392702103], [-47.4897346497, -107.27495575, 92.6718673706, 75.1551971436, -2.11332416534, 14.5221223831, 64.8078155518, 115.995956421, 58.6858901978, 25.6862106323, 16.0629310608, 19.1721286774, -25.8815746307], [-20.2570476532, 49.4386558533, -60.0265426636, -16.094121933, 55.0944290161, 13.589266777, 61.6115570068, 58.6858901978, 127.922996521, 42.1731529236, 28.411989212, 23.3171901703, 3.12805557251], [-10.4337739944, -93.6786346436, -20.154838562, 28.2137012482, 1.73790538311, 4.81219959259, 1.27992916107, 25.6862106323, 42.1731529236, 92.7684783936, 54.9382247925, 37.387134552, 4.62501573563], [-284.718322754, 23.2331523895, 93.8180541992, 10.2101840973, 5.65023994446, -19.7163925171, 26.9605121613, 16.0629310608, 28.411989212, 54.9382247925, 112.914497375, 72.2697525024, 22.2125205994], [103.027587891, -74.3617172241, -154.445144653, -66.9626235962, -27.6691074371, -7.75885248184, 2.87462949753, 19.1721286774, 23.3171901703, 37.387134552, 72.2697525024, 148.105895996, 66.1466217041], [253.217193604, 120.057594299, -227.11177063, -163.029022217, -13.9525432587, 5.27183151245, -4.97392702103, -25.8815746307, 3.12805557251, 4.62501573563, 22.2125205994, 66.1466217041, 151.066894531]]}, "spectral_energyband_middle_low": {"dmean2": 0.00341688538902, "median": 0.00339635717683, "min": 1.80454595264e-22, "dvar2": 4.21266704507e-05, "dvar": 2.64319987764e-05, "dmean": 0.00255440827459, "max": 0.16498811543, "var": 0.000110259410576, "mean": 0.00692027108744}, "melbands_crest": {"dmean2": 5.23780536652, "median": 19.9851360321, "min": 1.61036026478, "dvar2": 24.3295707703, "dvar": 11.09811306, "dmean": 3.3557972908, "max": 32.8071212769, "var": 42.961807251, "mean": 19.9090557098}, "spectral_kurtosis": {"dmean2": 5.95216560364, "median": 6.9948425293, "min": -1.25907027721, "dvar2": 36.7284317017, "dvar": 14.1657304764, "dmean": 3.64570140839, "max": 53.7852745056, "var": 35.8921165466, "mean": 8.35550498962}, "spectral_rms": {"dmean2": 0.0015457366826, "median": 0.0046919346787, "min": 3.10460728306e-12, "dvar2": 2.4277007924e-06, "dvar": 1.39545454658e-06, "dmean": 0.00113862636499, "max": 0.0162634942681, "var": 6.34075968264e-06, "mean": 0.00494120270014}, "zerocrossingrate": {"dmean2": 0.00804419443011, "median": 0.01904296875, "min": 0.00244140625, "dvar2": 0.000119089039799, "dvar": 8.08184558991e-05, "dmean": 0.00668227067217, "max": 0.5712890625, "var": 0.00186152465176, "mean": 0.0271328501403}, "silence_rate_60dB": {"dmean2": 0.0866829752922, "median": 0, "min": 0, "dvar2": 0.0958654135466, "dvar": 0.0414698459208, "dmean": 0.0433393232524, "max": 1, "var": 0.0677638351917, "mean": 0.0730940103531}, "erbbands_kurtosis": {"dmean2": 4.40896606445, "median": 0.972506284714, "min": -1.78553724289, "dvar2": 74.6137924194, "dvar": 39.3362617493, "dmean": 2.95934677124, "max": 164.404602051, "var": 108.894042969, "mean": 3.96305465698}, "erbbands": {"dmean2": [0.093590863049, 1.8649674654, 9.71265125275, 6.19266605377, 1.86640655994, 3.0019094944, 2.93753170967, 9.09414196014, 13.227555275, 6.43238162994, 6.12057971954, 12.8523330688, 37.3569564819, 25.2327365875, 16.1326065063, 9.62953472137, 15.7152061462, 22.1912269592, 16.5292339325, 15.6277494431, 20.8202495575, 12.3423538208, 6.33439731598, 2.33273839951, 1.31490969658, 1.67966485023, 3.41954874992, 2.84889912605, 1.2030415535, 0.350203186274, 0.304262667894, 0.277073353529, 0.137188971043, 0.0569703541696, 0.0236027315259, 0.0100870197639, 0.0024480833672, 0.000424479367211, 6.73691683915e-05, 1.98092820938e-05], "median": [0.0409187562764, 1.24649989605, 4.2570514679, 2.40642976761, 1.08881270885, 0.979647815228, 1.17995786667, 1.39399635792, 1.9108325243, 2.12493562698, 1.40333545208, 1.33623611927, 1.52026045322, 1.60576844215, 1.12154471874, 1.07899940014, 1.43544912338, 1.99357926846, 1.7338064909, 1.28444361687, 0.894794464111, 0.557056665421, 0.352249205112, 0.263853549957, 0.242109194398, 0.271302759647, 0.318869888783, 0.235846087337, 0.104584150016, 0.0546600483358, 0.0420296117663, 0.0322481580079, 0.0195256825536, 0.00838022772223, 0.00349327153526, 0.00117650290485, 0.000330214970745, 8.31615907373e-05, 3.16498772008e-05, 2.80144813587e-05], "min": [1.25326155308e-22, 4.52229243529e-22, 1.58427806498e-21, 5.07119997801e-21, 6.74196466318e-21, 1.72821730626e-20, 2.66787832624e-20, 4.56945847172e-20, 1.16945179416e-19, 1.29493897049e-19, 1.93547648833e-19, 3.52228911064e-19, 3.52913532268e-19, 6.99797745051e-19, 6.67561792797e-19, 1.22183778858e-18, 1.35895734738e-18, 1.76357098625e-18, 1.98125948767e-18, 2.12285812608e-18, 3.03503506209e-18, 4.43393830542e-18, 4.22151212026e-18, 4.67395055042e-18, 6.89429439323e-18, 8.27006987342e-18, 1.04750670343e-17, 9.42357902789e-18, 1.05294260355e-17, 1.12472790136e-17, 1.1227518496e-17, 1.039556836e-17, 9.33893198145e-18, 8.04358616735e-18, 5.49402733587e-18, 4.14871526327e-18, 2.39903636182e-18, 9.43646505427e-19, 2.43846330533e-19, 2.78954480057e-20], "dvar2": [0.0235506445169, 8.43590259552, 215.519073486, 112.008125305, 15.7647628784, 47.7136955261, 42.0937271118, 945.261291504, 1430.9486084, 259.601623535, 414.993896484, 3142.91235352, 17411.0253906, 7758.02832031, 5297.53613281, 817.501953125, 2307.04541016, 7224.93994141, 2481.48852539, 2201.03295898, 5625.96923828, 1561.07751465, 1436.2421875, 117.522903442, 31.0700435638, 34.3098068237, 217.731613159, 183.975814819, 38.8488044739, 1.5883538723, 0.704523086548, 0.65789014101, 0.150092586875, 0.0319148860872, 0.00505542336032, 0.00106213334948, 7.21825635992e-05, 1.94365907191e-06, 4.58410269744e-08, 5.61737212301e-10], "dvar": [0.0126411672682, 3.64272642136, 132.84034729, 57.0037956238, 6.5292391777, 25.9586410522, 25.9281539917, 651.771118164, 869.287780762, 155.767456055, 273.111206055, 1856.60241699, 10749.6484375, 5154.82324219, 2756.06079102, 518.967468262, 1371.88342285, 5061.84667969, 1571.40771484, 1266.89318848, 3459.81396484, 1056.38842773, 852.170349121, 68.2852249146, 17.9419403076, 17.2520961761, 125.001808167, 117.061515808, 23.7039794922, 0.9000172019, 0.296010166407, 0.261631250381, 0.0580110140145, 0.0121300052851, 0.00206070370041, 0.000438810646301, 3.04833029077e-05, 8.63123318595e-07, 1.96649594386e-08, 3.25956095448e-10], "dmean": [0.0655477195978, 1.274477005, 7.00548839569, 4.2629570961, 1.24693465233, 2.14540958405, 2.1756875515, 6.93525648117, 9.6895570755, 4.61365127563, 4.574655056, 9.41822147369, 27.1096839905, 18.5726833344, 11.700876236, 7.16235637665, 11.6419801712, 16.4713916779, 12.0951786041, 11.2119836807, 14.9917488098, 9.20167636871, 4.63509893417, 1.69977986813, 0.918547928333, 1.16896808147, 2.43155121803, 2.04591822624, 0.857486069202, 0.234294131398, 0.194706961513, 0.175282746553, 0.0859760195017, 0.0358651541173, 0.0152837848291, 0.00657780421898, 0.00163041509222, 0.000287217379082, 4.55134977528e-05, 1.46904330904e-05], "max": [2.63153457642, 29.7146930695, 226.52104187, 147.09916687, 121.786529541, 167.219482422, 217.5103302, 921.875854492, 822.912353516, 545.924743652, 792.283813477, 2505.94677734, 3597.83007812, 2775.79345703, 2993.03198242, 816.276428223, 1158.20837402, 4701.96972656, 1581.93676758, 1679.6348877, 2424.34521484, 1006.87072754, 2343.10253906, 512.151916504, 437.274017334, 184.208572388, 625.104431152, 1004.19219971, 460.955413818, 90.2621231079, 20.7400951385, 19.3135871887, 9.84065532684, 5.33275556564, 0.924272954464, 0.532779633999, 0.139941468835, 0.0238502658904, 0.00411565927789, 0.000300416868413], "var": [0.0653486177325, 10.2582921982, 421.304351807, 143.716430664, 19.9253463745, 106.109413147, 112.283538818, 2702.65258789, 3998.80541992, 557.379760742, 903.940490723, 5277.41992188, 34306.7539062, 15857.5712891, 6290.953125, 1553.71105957, 4525.34521484, 18427.4101562, 6623.92041016, 3265.26464844, 10415.5761719, 3389.75732422, 2759.20776367, 171.468688965, 42.1953659058, 40.9186286926, 358.9503479, 403.327880859, 67.2715988159, 2.29028010368, 0.438046097755, 0.3083743155, 0.0618504174054, 0.0120120765641, 0.00225794827566, 0.000465581339085, 3.28827700287e-05, 1.0502205896e-06, 2.27226379934e-08, 1.23457588597e-09], "mean": [0.143607228994, 2.54545903206, 11.8323841095, 7.12551355362, 2.72086191177, 4.92181062698, 5.12607002258, 15.9761190414, 24.1399898529, 9.81042194366, 9.14375209808, 18.7203369141, 56.9051513672, 37.2291069031, 21.801940918, 14.0028486252, 23.1678237915, 32.0164756775, 24.7369728088, 21.0326423645, 27.7429847717, 17.0885753632, 8.48709106445, 2.82829189301, 1.51592671871, 1.90054106712, 4.05931568146, 3.54567527771, 1.39473724365, 0.338526457548, 0.24799130857, 0.209489405155, 0.0996646508574, 0.0410496890545, 0.0175131671131, 0.00720958644524, 0.00182550225873, 0.000357982789865, 7.12730980013e-05, 3.84363884223e-05]}, "spectral_strongpeak": {"dmean2": 0.819622218609, "median": 0.51341354847, "min": 0, "dvar2": 2.65834999084, "dvar": 1.28307271004, "dmean": 0.503570497036, "max": 20.5583267212, "var": 2.58761096001, "mean": 1.001126647}, "spectral_energy": {"dmean2": 0.0171944256872, "median": 0.0225646086037, "min": 9.87955039168e-21, "dvar2": 0.0004311184166, "dvar": 0.000249841774348, "dmean": 0.0126687418669, "max": 0.271113783121, "var": 0.000910457514692, "mean": 0.0315249338746}, "average_loudness": 0.850547730923, "spectral_rolloff": {"dmean2": 366.437866211, "median": 279.931640625, "min": 64.599609375, "dvar2": 591751.625, "dvar": 253919.96875, "dmean": 219.672637939, "max": 21985.4003906, "var": 2657140.5, "mean": 717.955932617}, "spectral_centroid": {"dmean2": 315.228271484, "median": 490.718383789, "min": 104.087509155, "dvar2": 252344.390625, "dvar": 110343.414062, "dmean": 204.986358643, "max": 11801.8134766, "var": 971272.4375, "mean": 724.36529541}, "pitch_salience": {"dmean2": 0.129039615393, "median": 0.369847923517, "min": 0.019493021071, "dvar2": 0.0148861967027, "dvar": 0.00684123858809, "dmean": 0.0849792733788, "max": 0.871319830418, "var": 0.0279650017619, "mean": 0.367593199015}, "spectral_energyband_middle_high": {"dmean2": 0.00321667757817, "median": 0.000407772953622, "min": 1.16246542993e-21, "dvar2": 5.21458896401e-05, "dvar": 3.31140181515e-05, "dmean": 0.00238869921304, "max": 0.115653507411, "var": 0.000109534950752, "mean": 0.00518832122907}, "spectral_contrast_coeffs": {"dmean2": [0.083111576736, 0.075415097177, 0.0703743100166, 0.0657174661756, 0.0428402498364, 0.0316642783582], "median": [-0.593354582787, -0.692556202412, -0.733442902565, -0.776412367821, -0.845083415508, -0.7835252285], "min": [-0.982496201992, -0.97896695137, -0.984019637108, -0.981740832329, -0.974117457867, -0.973353266716], "dvar2": [0.00456846319139, 0.00392572488636, 0.00389505899511, 0.00372709776275, 0.0018659735797, 0.000944227853324], "dvar": [0.00187979545444, 0.00193792907521, 0.00226104608737, 0.00220901751891, 0.00114896008745, 0.000528654141817], "dmean": [0.0526938438416, 0.0506408363581, 0.0502731949091, 0.0465167015791, 0.0299553703517, 0.0210887826979], "max": [-0.294466912746, -0.312109827995, -0.336837768555, -0.397219151258, -0.468240886927, -0.495534211397], "var": [0.00893745757639, 0.012400964275, 0.0152595983818, 0.0121965734288, 0.0057084732689, 0.00275848666206], "mean": [-0.594325244427, -0.68144184351, -0.719561398029, -0.754743516445, -0.814610302448, -0.768926680088]}, "melbands_skewness": {"dmean2": 2.31162714958, "median": 3.636