{"tonal": {"thpcp": [1, 0.674774289131, 0.278365582228, 0.099460862577, 0.0593203939497, 0.0535905212164, 0.0510362498462, 0.0456487052143, 0.0425833538175, 0.0451310947537, 0.0680354386568, 0.0855843424797, 0.0787508785725, 0.0730637982488, 0.0749272108078, 0.080520927906, 0.086086563766, 0.100924506783, 0.124606944621, 0.172922313213, 0.299200236797, 0.333369523287, 0.210881412029, 0.115348815918, 0.0763077363372, 0.0608387924731, 0.0558560565114, 0.0549408532679, 0.0618975944817, 0.0737539604306, 0.0847666934133, 0.0876836255193, 0.0828393101692, 0.107325963676, 0.290920466185, 0.761498808861], "hpcp": {"dmean2": [0.117988862097, 0.136538416147, 0.172093719244, 0.228749960661, 0.269445627928, 0.300294309855, 0.310419172049, 0.26954087615, 0.185692414641, 0.12491633743, 0.093964278698, 0.0894101262093, 0.0873760059476, 0.0936227962375, 0.106704138219, 0.128182038665, 0.137803390622, 0.136855319142, 0.189460501075, 0.361114114523, 0.474251657724, 0.423130095005, 0.488860934973, 0.318294793367, 0.15088160336, 0.0980838686228, 0.0755703449249, 0.064632602036, 0.0611339919269, 0.0584429986775, 0.064415819943, 0.0866358727217, 0.0967809408903, 0.104152336717, 0.113282479346, 0.113260932267], "median": [0.0102920290083, 0.0110264755785, 0.00981153082103, 0.00966833718121, 0.033221732825, 0.087936386466, 0.111667528749, 0.0624116770923, 0.0184896960855, 0.0102179832757, 0.00966879911721, 0.00837900862098, 0.00857612397522, 0.0117123182863, 0.0128362206742, 0.00948984734714, 0.00723352236673, 0.00714448606595, 0.0109719391912, 0.0868315547705, 0.53499853611, 0.849434375763, 0.43522644043, 0.0852210894227, 0.0154860606417, 0.00748125044629, 0.011369837448, 0.012624011375, 0.00959087349474, 0.0066725355573, 0.00843015685678, 0.0164803601801, 0.0231422465295, 0.0196100696921, 0.0118909999728, 0.0102901924402], "min": [0, 0, 0, 0, 0, 0, 0, 0, 0, 0, 0, 0, 0, 0, 0, 0, 0, 0, 0, 0, 0, 0, 0, 0, 0, 0, 0, 0, 0, 0, 0, 0, 0, 0, 0, 0], "dvar2": [0.0605978816748, 0.0749981030822, 0.0974892228842, 0.143174484372, 0.144335791469, 0.128661185503, 0.130758672953, 0.115443661809, 0.0888701751828, 0.0730916857719, 0.0554964579642, 0.05524180457, 0.0530604235828, 0.0535167045891, 0.0625567659736, 0.0811726078391, 0.0924017652869, 0.0834429860115, 0.109125599265, 0.163226917386, 0.176070719957, 0.169419705868, 0.168104708195, 0.142174169421, 0.0805755332112, 0.0519730448723, 0.0353553704917, 0.0229681041092, 0.019120387733, 0.0188999697566, 0.0275324173272, 0.0366381369531, 0.0364670716226, 0.0425767637789, 0.053814612329, 0.0549032092094], "dvar": [0.0221715457737, 0.0273985918611, 0.0344858765602, 0.0489399842918, 0.0490897148848, 0.0482250973582, 0.0483523979783, 0.0409741997719, 0.0322056822479, 0.0260117407888, 0.0196010414511, 0.0193848200142, 0.0186824407429, 0.0190690606833, 0.0224665794522, 0.0288989637047, 0.0328776501119, 0.0303988400847, 0.0394074320793, 0.0601023808122, 0.068727247417, 0.0747743025422, 0.0628955960274, 0.0526206083596, 0.0292288810015, 0.0186137836426, 0.0124921305105, 0.00812352821231, 0.00716207828373, 0.00710407877341, 0.00962818413973, 0.0129185710102, 0.0130882551894, 0.0151409981772, 0.0187961943448, 0.0194111596793], "dmean": [0.0658777058125, 0.075490616262, 0.09304484725, 0.122484318912, 0.146743014455, 0.173564568162, 0.180138736963, 0.15219309926, 0.101774692535, 0.0677206292748, 0.0512876920402, 0.0485411249101, 0.047660574317, 0.0512743517756, 0.0588232576847, 0.0707605555654, 0.0754439160228, 0.0750894621015, 0.103060230613, 0.203279107809, 0.275274127722, 0.246158748865, 0.279852837324, 0.179993838072, 0.0834479257464, 0.0532658025622, 0.0417797081172, 0.0365683622658, 0.0344720482826, 0.0328998342156, 0.0359013341367, 0.0485174134374, 0.0549684874713, 0.0583638809621, 0.0626025274396, 0.0627910643816], "max": [1, 1, 1, 1, 1, 1, 1, 1, 1, 1, 1, 1, 1, 1, 1, 1, 1, 1, 1, 1, 1, 1, 1, 1, 1, 1, 1, 1, 1, 1, 1, 1, 1, 1, 1, 1], "var": [0.0185193829238, 0.0212640408427, 0.0270455740392, 0.0371553599834, 0.0403053015471, 0.068713568151, 0.0747787952423, 0.0398885942996, 0.0250554624945, 0.0187328550965, 0.0132935531437, 0.0128492647782, 0.0123912673444, 0.0132356090471, 0.0172961335629, 0.0238275434822, 0.0261489413679, 0.0226543843746, 0.0283545739949, 0.0650023296475, 0.11805896461, 0.126025855541, 0.0959551483393, 0.0609285421669, 0.0243033077568, 0.01420187857, 0.00907983630896, 0.00596250314265, 0.00644528493285, 0.00664450973272, 0.0071405605413, 0.00969521980733, 0.0108745153993, 0.0116018969566, 0.0141445342451, 0.015922639519], "mean": [0.0554539300501, 0.0592869259417, 0.069505661726, 0.0858155116439, 0.11908981204, 0.20605610311, 0.229588136077, 0.145231842995, 0.079439535737, 0.0525523461401, 0.041899047792, 0.0384674891829, 0.0378371961415, 0.0426282323897, 0.0507935881615, 0.058377943933, 0.0603868067265, 0.0570505745709, 0.0739142820239, 0.20035392046, 0.524436354637, 0.688689649105, 0.464710056782, 0.191707491875, 0.0684976652265, 0.0408533401787, 0.0369072370231, 0.0351481363177, 0.0314377918839, 0.0293267145753, 0.0310813188553, 0.0468553043902, 0.0589410513639, 0.0542349144816, 0.0503182820976, 0.0516015924513]}, "tuning_equal_tempered_deviation": 0.169006079435, "chords_changes_rate": 0.073207385838, "key_key": "A", "tuning_diatonic_strength": 0.627172231674, "key_scale": "minor", "chords_number_rate": 0.00193215976469, "tuning_frequency": 447.949737549, "tuning_nontempered_energy_ratio": 0.823106944561, "chords_histogram": [7.42808055878, 2.89823961258, 35.4229278564, 0, 0.472305715084, 0, 0, 5.58179473877, 1.99656510353, 37.1618728638, 3.45641899109, 1.24516963959, 0.171747535467, 0.107342205942, 0, 0, 0, 0.12881064415, 0.429368823767, 3.49935603142, 0, 0, 0, 0], "key_strength": 0.642100214958, "chords_key": "E", "chords_strength": {"dmean2": 0.00898918602616, "median": 0.554623305798, "min": 0.225768133998, "dvar2": 6.36298718746e-05, "dvar": 3.81755853596e-05, "dmean": 0.00720299687237, "max": 0.72100764513, "var": 0.00473611988127, "mean": 0.543925285339}, "chords_scale": "major", "hpcp_entropy": {"dmean2": 1.20189154148, "median": 2.30028533936, "min": 0.0332539789379, "dvar2": 0.864693462849, "dvar": 0.31091094017, "dmean": 0.706853568554, "max": 4.47881317139, "var": 0.747759521008, "mean": 2.26289820671}}, "metadata": {"audio_properties": {"equal_loudness": 0, "codec": "flac", "downmix": "mix", "analysis_sample_rate": 44100, "bit_rate": 0, "md5_encoded": "d0da248ee90f1ddd66678f89794dccd9", "length": 216.266662598, "replay_gain": -11.9272727966, "lossless": true}, "version": {"essentia_build_sha": "7598a69e7b456135ce4c070efb04a3d0ebb71fdd", "essentia": "2.1-beta1", "extractor": "music 1.0", "essentia_git_sha": "v2.1_beta1-6-g5578087"}, "tags": {"title": ["Joan of Arc"], "barcode": ["075678253225"], "media": ["CD"], "albumartist": ["Melvins"], "tracktotal": ["13"], "musicbrainz_releasegroupid": ["76ce6e14-2938-3653-8fd9-e1f31a33deb2"], "releasetype": ["album"], "musicbrainz_recordingid": ["0d132e4e-c7c7-4b63-a992-ba1b85c1ee62"], "musicbrainz_albumartistid": ["9ccfbc94-a4f4-42f7-b6f5-d903ab77cccb"], "musicbrainz_releasetrackid": ["472e422c-e822-3dac-8b2d-8025f879187e"], "discnumber": ["1"], "album": ["Houdini"], "catalognumber": ["7 82532-2"], "releasecountry": ["US"], "originaldate": ["1993-09-21"], "albumartistsort": ["Melvins"], "date": ["1993-09-21"], "file_name": "09 Joan of Arc.flac", "disctotal": ["1"], "musicbrainz_artistid": ["9ccfbc94-a4f4-42f7-b6f5-d903ab77cccb"], "asin": ["B000002IWU"], "musicbrainz_albumid": ["8aa3f597-a618-40f2-81c9-4a8102f309b7"], "tracknumber": ["9"], "artistsort": ["Melvins"], "artist": ["Melvins"], "label": ["Atlantic"], "releasestatus": ["official"], "totaldiscs": ["1"], "script": ["Latn"], "totaltracks": ["13"]}}, "rhythm": {"bpm_histogram_first_peak_bpm": {"dmean2": 0, "median": 96, "min": 96, "dvar2": 0, "dvar": 0, "dmean": 0, "max": 96, "var": 0, "mean": 96}, "bpm": 95.2087936401, "bpm_histogram_second_peak_spread": {"dmean2": 0, "median": 0.456521749496, "min": 0.456521749496, "dvar2": 0, "dvar": 0, "dmean": 0, "max": 0.456521749496, "var": 0, "mean": 0.456521749496}, "bpm_histogram_first_peak_weight": {"dmean2": 0, "median": 0.183183178306, "min": 0.183183178306, "dvar2": 0, "dvar": 0, "dmean": 0, "max": 0.183183178306, "var": 0, "mean": 0.183183178306}, "onset_rate": 2.29792284966, "beats_position": [0.696598649025, 1.40480720997, 2.10140585899, 2.79800438881, 3.49460315704, 4.17959165573, 4.86458063126, 5.56117916107, 6.25777769089, 6.9543762207, 7.66258478165, 8.37079334259, 9.07900238037, 9.78721046448, 10.4954195023, 11.2036275864, 11.9118366241, 12.6200447083, 13.328253746, 14.0364627838, 14.7446708679, 15.4412698746, 16.1378688812, 16.8344669342, 17.5310649872, 18.2044448853, 18.877822876, 19.574420929, 20.2594108582, 20.94439888, 21.640996933, 22.3375968933, 23.0341949463, 23.7307929993, 24.4506111145, 25.1704311371, 25.8902492523, 26.6100673676, 27.3182754517, 28.0264854431, 28.7230834961, 29.4196815491, 30.1394996643, 30.8593196869, 31.5791378021, 32.2989578247, 33.0187759399, 33.7385940552, 34.4584121704, 35.1782302856, 35.8864402771, 36.5946464539, 37.3028564453, 38.0110664368, 38.7192726135, 39.427482605, 40.124080658, 40.8206787109, 41.5172767639, 42.2138786316, 42.9104766846, 43.5954627991, 44.2804527283, 44.9770507812, 45.6736488342, 46.3702468872, 47.0668487549, 47.7518348694, 48.4368247986, 49.14503479, 49.8532409668, 50.5498390198, 51.2232208252, 51.8965988159, 52.5699768066, 53.2549667358, 53.9399528503, 54.6133308411, 55.2867126465, 55.9484786987, 56.6218566895, 57.2836265564, 57.9453964233, 58.6187744141, 59.2921524048, 59.977142334, 60.6621322632, 61.3471183777, 62.0437164307, 62.7170982361, 63.3904762268, 64.0638504028, 64.7256240845, 65.3873901367, 66.049156189, 66.7109298706, 67.3610839844, 68.0112457275, 68.6614074707, 69.3115615845, 69.9733352661, 70.6351013184, 71.3084793091, 71.9818572998, 72.6436233521, 73.3053970337, 73.9671630859, 74.6289291382, 75.2907028198, 75.9408569336, 76.6026306152, 77.2643966675, 77.9145584106, 78.5647125244, 79.2032623291, 79.8534240723, 80.503578186, 81.1537399292, 81.8155059814, 82.4772796631, 83.1274337769, 83.77759552, 84.4277572632, 85.0662994385, 85.7048492432, 86.3433990479, 86.9819488525, 87.6088867188, 88.235824585, 88.8627624512, 89.4897003174, 90.116645813, 90.7435836792, 91.3705215454, 91.9858474731, 92.6127853394, 93.2397232056, 93.8550567627, 94.4819946289, 95.1089324951, 95.7358703613, 96.3628082275, 96.9897460938, 97.61668396, 98.2436294556, 98.8705673218, 99.497505188, 100.112831116, 100.739768982, 101.355102539, 101.970428467, 102.585754395, 103.189476013, 103.804801941, 104.443351746, 105.070289612, 105.697235107, 106.347389221, 106.997550964, 107.647705078, 108.274642944, 108.889976501, 109.505302429, 110.132240295, 110.759178162, 111.397727966, 112.036277771, 112.674827576, 113.31337738, 113.940315247, 114.567253113, 115.194190979, 115.832740784, 116.482902527, 117.144668579, 117.794830322, 118.444984436, 119.083534241, 119.710472107, 120.337409973, 120.975959778, 121.591293335, 122.206619263, 122.810340881, 123.414054871, 124.017776489, 124.621498108, 125.271652222, 125.921813965, 126.595191956, 127.268569946, 127.91872406, 128.568893433, 129.219039917, 129.86920166, 130.519363403, 131.169525146, 131.831283569, 132.469833374, 133.108383179, 133.746932983, 134.37387085, 135.000808716, 135.639358521, 136.277908325, 136.928070068, 137.578231812, 138.228393555, 138.878540039, 139.528701782, 140.178863525, 140.829025269, 141.479187012, 142.117736816, 142.756271362, 143.394821167, 144.033370972, 144.671920776, 145.310470581, 145.949020386, 146.575958252, 147.202896118, 147.829833984, 148.456771851, 149.083709717, 149.699050903, 150.314376831, 150.929702759, 151.545028687, 152.148742676, 152.752471924, 153.356185913, 153.948303223, 154.540405273, 155.178955078, 155.805892944, 156.432830811, 157.059768677, 157.698318481, 158.336868286, 158.987030029, 159.637191772, 160.298950195, 160.9375, 161.552825928, 162.168167114, 162.79510498, 163.422042847, 164.048980713, 164.675918579, 165.302856445, 165.929794312, 166.556732178, 167.172058105, 167.798995972, 168.425933838, 169.064483643, 169.703033447, 170.35319519, 170.980133057, 171.595458984, 172.210784912, 172.826126099, 173.441452026, 174.068389893, 174.68371582, 175.275817871, 175.867935181, 176.47164917, 177.086975098, 177.702316284, 178.306030273, 178.93296814, 179.571517944, 180.233291626, 180.88343811, 181.521987915, 182.16053772, 182.787475586, 183.414413452, 184.041351318, 184.668289185, 185.29524231, 185.922180176, 186.549118042, 187.16444397, 187.779769897, 188.406707764, 189.03364563, 189.660583496, 190.299133301, 190.949295044, 191.587844849, 192.191558838, 192.795272827, 193.410614014, 194.014328003, 194.618041992, 195.23336792, 195.848709106, 196.440811157, 197.032928467, 197.636642456, 198.228744507, 198.809249878, 199.38973999, 199.970245361, 200.562347412, 201.142852783, 201.711746216, 202.28062439, 202.849517822, 203.430023193, 203.987304688, 204.5677948, 205.148300171, 205.717178345, 206.286071777, 206.843353271, 207.412246704, 207.981124878, 208.561630249, 209.142120361, 209.722625732, 210.303131104, 210.895233154, 211.487350464, 212.079452515, 212.671554565, 213.252059937, 213.832565308, 214.424667358, 215.016769409, 215.608886719], "beats_loudness": {"dmean2": 0.0325432680547, "median": 0.0444295927882, "min": 1.97846276251e-07, "dvar2": 0.000757608795539, "dvar": 0.000283695204416, "dmean": 0.0186126232147, "max": 0.138062000275, "var": 0.000617887009867, "mean": 0.0458301082253}, "danceability": 1.09424304962, "bpm_histogram_second_peak_weight": {"dmean2": 0, "median": 0.150150150061, "min": 0.150150150061, "dvar2": 0, "dvar": 0, "dmean": 0, "max": 0.150150150061, "var": 0, "mean": 0.150150150061}, "beats_count": 334, "bpm_histogram_second_peak_bpm": {"dmean2": 0, "median": 86, "min": 86, "dvar2": 0, "dvar": 0, "dmean": 0, "max": 86, "var": 0, "mean": 86}, "bpm_histogram_first_peak_spread": {"dmean2": 0, "median": 0.66483515501, "min": 0.66483515501, "dvar2": 0, "dvar": 0, "dmean": 0, "max": 0.66483515501, "var": 0, "mean": 0.66483515501}, "beats_loudness_band_ratio": {"dmean2": [0.38281878829, 0.208075001836, 0.152714550495, 0.105443552136, 0.0803938731551, 0.0708616897464], "median": [0.599270939827, 0.121108278632, 0.0831791982055, 0.0259351227432, 0.0245829969645, 0.0518267676234], "min": [0.000870741030667, 0.00324911694042, 0.00172094570007, 0.000246539217187, 0.00120672711637, 0.000313826196361], "dvar2": [0.106093771756, 0.0595038719475, 0.02551279217, 0.0231076963246, 0.0150779085234, 0.00650070747361], "dvar": [0.0371022708714, 0.0188360121101, 0.00866715889424, 0.00882387347519, 0.005074812565, 0.00260807247832], "dmean": [0.22087046504, 0.115506179631, 0.086082495749, 0.0605365484953, 0.0458224378526, 0.0423770099878], "max": [0.962175011635, 0.841445446014, 0.665589809418, 0.695813655853, 0.516389906406, 0.317228555679], "var": [0.0535186454654, 0.0173538196832, 0.00970108434558, 0.00894026551396, 0.0052507664077, 0.00443853391334], "mean": [0.579159617424, 0.158273920417, 0.10583499819, 0.0645831152797, 0.0515149906278, 0.0668874159455]}}, "lowlevel": {"barkbands_spread": {"dmean2": 7.41707229614, "median": 11.7970695496, "min": 0.314354419708, "dvar2": 112.135162354, "dvar": 57.4488601685, "dmean": 5.08636569977, "max": 128.520675659, "var": 334.975616455, "mean": 18.4837322235}, "melbands_spread": {"dmean2": 5.57628917694, "median": 7.74298191071, "min": 0.36003357172, "dvar2": 57.7036590576, "dvar": 24.5572929382, "dmean": 3.70316410065, "max": 86.9206085205, "var": 158.237640381, "mean": 12.692109108}, "hfc": {"dmean2": 7.33849287033, "median": 9.5374250412, "min": 1.94110725715e-06, "dvar2": 162.833023071, "dvar": 82.5238189697, "dmean": 5.30987024307, "max": 132.529678345, "var": 506.772399902, "mean": 19.8625926971}, "barkbands_kurtosis": {"dmean2": 8.63814735413, "median": 8.59459972382, "min": -1.88750326633, "dvar2": 300.734771729, "dvar": 158.531539917, "dmean": 5.90601301193, "max": 854.304504395, "var": 489.861450195, "mean": 13.4096250534}, "gfcc": {"mean": [-37.8247108459, 112.143531799, -88.756729126, 31.1028289795, -37.0529327393, 5.68230628967, -31.6507892609, 7.29187297821, -21.2889785767, -3.81312155724, -19.758644104, -5.63024950027, -10.8300905228], "icov": [[0.000190583232325, -0.000289784278721, 0.000321300321957, -0.000405616214266, 0.000235601313761, -0.000512546976097, 0.000535092956852, -0.000513372477144, 0.000873334880453, -0.000858863757458, 0.000989233609289, -0.000344564701663, 0.000540493812878], [-0.000289784278721, 0.00180200044997, -0.000245865056058, 0.000555036065634, -0.00129680952523, 0.00192714168224, -0.00210502836853, 0.00216122320853, -0.00216739648022, 0.00229202141054, -0.00266874558292, 0.00210859719664, -0.00146462314297], [0.000321300321957, -0.000245865056058, 0.0022829042282, -0.0012336288346, -0.000127781022456, -0.000204508964089, -0.000137129318318, -0.00107487861533, 0.00330477836542, -0.00439953338355, 0.0025192075409, -0.000877006154042, -0.000194116000785], [-0.000405616214266, 0.000555036065634, -0.0012336288346, 0.00515572493896, 0.000331127957907, -0.000643165782094, -0.0005500788684, 0.00136262958404, -0.00374744343571, 0.00290285027586, -0.00330036343075, 0.00326539739035, 0.000219299341552], [0.000235601313761, -0.00129680952523, -0.000127781022456, 0.000331127957907, 0.00502020446584, -0.00124677096028, 0.000471140490845, -0.00179541192483, -5.74301302549e-05, -3.37778401445e-05, 0.00172808521893, 0.00131294387393, 0.000678925018292], [-0.000512546976097, 0.00192714168224, -0.000204508964089, -0.000643165782094, -0.00124677096028, 0.00882333610207, -0.00372843979858, 6.44040264888e-05, -0.000607311900239, 0.000493596540764, -0.00219675782137, -0.000397360650823, 0.00142967037391], [0.000535092956852, -0.00210502836853, -0.000137129318318, -0.0005500788684, 0.000471140490845, -0.00372843979858, 0.0116109941155, -0.000598207465373, 0.000971934001427, -0.00186747184489, 0.00246688560583, -0.00331883062609, 0.00247299438342], [-0.000513372477144, 0.00216122320853, -0.00107487861533, 0.00136262958404, -0.00179541192483, 6.44040264888e-05, -0.000598207465373, 0.0143197681755, -0.00645340746269, 0.0017758832546, -0.0048691695556, 0.000829459400848, -0.000942021608353], [0.000873334880453, -0.00216739648022, 0.00330477836542, -0.00374744343571, -5.74301302549e-05, -0.000607311900239, 0.000971934001427, -0.00645340746269, 0.0237224660814, -0.0108932098374, 0.00246269791387, 0.000268852047157, -0.00319024571218], [-0.000858863757458, 0.00229202141054, -0.00439953338355, 0.00290285027586, -3.37778401445e-05, 0.000493596540764, -0.00186747184489, 0.0017758832546, -0.0108932098374, 0.0221464857459, -0.00703022116795, -0.00325798662379, 5.45882030565e-05], [0.000989233609289, -0.00266874558292, 0.0025192075409, -0.00330036343075, 0.00172808521893, -0.00219675782137, 0.00246688560583, -0.0048691695556, 0.00246269791387, -0.00703022116795, 0.0223491713405, -0.0062987152487, -0.00135329167824], [-0.000344564701663, 0.00210859719664, -0.000877006154042, 0.00326539739035, 0.00131294387393, -0.000397360650823, -0.00331883062609, 0.000829459400848, 0.000268852047157, -0.00325798662379, -0.0062987152487, 0.0279263854027, -0.012063972652], [0.000540493812878, -0.00146462314297, -0.000194116000785, 0.000219299341552, 0.000678925018292, 0.00142967037391, 0.00247299438342, -0.000942021608353, -0.00319024571218, 5.45882030565e-05, -0.00135329167824, -0.012063972652, 0.0281427055597]], "cov": [[18312.7207031, -1787.07849121, -754.235046387, 900.848083496, -704.302490234, 1122.33178711, -477.273681641, 256.719573975, -426.27355957, 153.145996094, -506.641601562, -122.827171326, -572.057067871], [-1787.07849121, 3351.32788086, -976.991760254, -110.226905823, 646.12487793, -644.629150391, 207.150283813, -341.965362549, 168.581375122, -453.980194092, 127.284439087, -282.298858643, 95.4628143311], [-754.235046387, -976.991760254, 1257.00585938, 28.8636322021, -135.68927002, 170.67829895, 35.832195282, 114.152992249, -61.3580360413, 288.612335205, -32.4948234558, 146.227767944, 20.9664115906], [900.848083496, -110.226905823, 28.8636322021, 315.794403076, -45.6819114685, 91.9787139893, -14.0713281631, 14.5835485458, 6.12894201279, 3.12526726723, -3.98340535164, -33.5472717285, -41.0289077759], [-704.302490234, 646.12487793, -135.68927002, -45.6819114685, 364.860321045, -110.171684265, 50.0997810364, -42.2421455383, 40.3165397644, -91.9519195557, 10.3424491882, -71.4310150146, 12.1765022278], [1122.33178711, -644.629150391, 170.67829895, 91.9787139893, -110.171684265, 305.610046387, -6.15060091019, 79.4028167725, -40.4116096497, 95.2451782227, -31.4803218842, 45.9859466553, -50.8784217834], [-477.273681641, 207.150283813, 35.832195282, -14.0713281631, 50.0997810364, -6.15060091019, 133.63243103, -19.1971168518, 16.0353069305, -5.28571414948, 14.156537056, 2.19502329826, 10.4719400406], [256.719573975, -341.965362549, 114.152992249, 14.5835485458, -42.2421455383, 79.4028167725, -19.1971168518, 129.411315918, 12.6905117035, 66.5340652466, 8.23396110535, 36.6495361328, -1.63335800171], [-426.27355957, 168.581375122, -61.3580360413, 6.12894201279, 40.3165397644, -40.4116096497, 16.0353069305, 12.6905117035, 88.757522583, 8.76772975922, 34.9267311096, -1.59325122833, 27.6263217926], [153.145996094, -453.980194092, 288.612335205, 3.12526726723, -91.9519195557, 95.2451782227, -5.28571414948, 66.5340652466, 8.76772975922, 165.340286255, 10.5750389099, 72.9530944824, 7.92470741272], [-506.641601562, 127.284439087, -32.4948234558, -3.98340535164, 10.3424491882, -31.4803218842, 14.156537056, 8.23396110535, 34.9267311096, 10.5750389099, 88.6785049438, 19.2384338379, 32.9927711487], [-122.827171326, -282.298858643, 146.227767944, -33.5472717285, -71.4310150146, 45.9859466553, 2.19502329826, 36.6495361328, -1.59325122833, 72.9530944824, 19.2384338379, 93.0719909668, 29.8586711884], [-572.057067871, 95.4628143311, 20.9664115906, -41.0289077759, 12.1765022278, -50.8784217834, 10.4719400406, -1.63335800171, 27.6263217926, 7.92470741272, 32.9927711487, 29.8586711884, 70.7707290649]]}, "spectral_energyband_middle_low": {"dmean2": 0.00969796907157, "median": 0.0117349084467, "min": 7.24531962204e-11, "dvar2": 0.000303472392261, "dvar": 0.000110757064249, "dmean": 0.00631147483364, "max": 0.161781907082, "var": 0.000168347774888, "mean": 0.0146857090294}, "melbands_crest": {"dmean2": 5.17263793945, "median": 16.7356472015, "min": 4.01907730103, "dvar2": 21.9534053802, "dvar": 8.76099300385, "dmean": 3.32654571533, "max": 39.0790977478, "var": 28.6877651215, "mean": 17.258638382}, "spectral_kurtosis": {"dmean2": 4.55739164352, "median": 5.4110918045, "min": -1.16909646988, "dvar2": 48.28565979, "dvar": 19.9018268585, "dmean": 2.81289982796, "max": 88.7971038818, "var": 65.5958938599, "mean": 7.67071485519}, "spectral_rms": {"dmean2": 0.0012387605384, "median": 0.00544383004308, "min": 6.67878396143e-07, "dvar2": 2.38606230596e-06, "dvar": 9.756865893e-07, "dmean": 0.000805013580248, "max": 0.0143923368305, "var": 4.40199664808e-06, "mean": 0.00531360320747}, "zerocrossingrate": {"dmean2": 0.0111995348707, "median": 0.03369140625, "min": 0.00341796875, "dvar2": 0.000228035220061, "dvar": 0.000200756665436, "dmean": 0.0100033171475, "max": 0.3603515625, "var": 0.00210077292286, "mean": 0.0497257448733}, "silence_rate_60dB": {"dmean2": 0.00730162160471, "median": 0, "min": 0, "dvar2": 0.00724839512259, "dvar": 0.00363705004565, "dmean": 0.00365041871555, "max": 1, "var": 0.0582954101264, "mean": 0.0621578097343}, "erbbands_kurtosis": {"dmean2": 1.42673540115, "median": -0.113024234772, "min": -1.81722915173, "dvar2": 23.4910736084, "dvar": 12.1768903732, "dmean": 0.929089009762, "max": 292.655548096, "var": 40.8397636414, "mean": 0.707242965698}, "erbbands": {"dmean2": [0.19021114707, 1.73478031158, 5.14478254318, 13.5211744308, 15.6557769775, 14.2641153336, 8.86078166962, 12.2155838013, 14.4702234268, 14.3875579834, 15.3964080811, 35.6937026978, 18.4639129639, 19.975566864, 18.479391098, 13.463227272, 38.5954208374, 12.9889936447, 17.2597637177, 23.8111972809, 13.1880683899, 12.5035648346, 9.52857494354, 6.09173536301, 6.12456226349, 4.02513837814, 3.61558318138, 3.3475933075, 2.64875626564, 2.4652557373, 1.78731799126, 1.18959903717, 0.938602209091, 0.943109810352, 1.10505521297, 0.588598430157, 0.14253090322, 0.0235808510333, 0.00244594458491, 0.00012210951536], "median": [0.0794289112091, 1.58164191246, 3.72226190567, 10.5504560471, 10.7165222168, 8.52292156219, 5.54790973663, 5.22061061859, 4.58847665787, 6.39420366287, 5.51855897903, 7.84963274002, 8.06284809113, 3.83499145508, 4.005382061, 3.37683653831, 3.47170758247, 4.32215023041, 4.28207111359, 4.66796302795, 5.64617156982, 5.22649002075, 3.65054774284, 2.67807722092, 2.77301907539, 2.00380563736, 1.05213868618, 0.725468695164, 0.643025934696, 0.423961281776, 0.306661188602, 0.274443000555, 0.157431527972, 0.0769781395793, 0.0349066928029, 0.0108627649024, 0.00278494367376, 0.000543717877008, 8.9130269771e-05, 4.61383715447e-05], "min": [6.38150732257e-09, 2.23687592893e-08, 2.03161238943e-08, 1.32057511593e-08, 1.45972540722e-08, 2.16216449189e-08, 6.88109169644e-09, 4.18784935619e-08, 2.25049234359e-07, 2.55602742527e-07, 3.16466071126e-07, 3.14388017841e-07, 6.83617088271e-07, 2.99744471022e-07, 1.69375098835e-07, 3.54214307663e-07, 2.9607764418e-07, 2.70089998367e-07, 2.48455677365e-07, 2.05104996098e-07, 4.47834509032e-07, 3.27509468434e-07, 1.73875477572e-07, 2.40806969032e-07, 2.59366942146e-07, 1.95158847305e-07, 2.15116827462e-07, 2.05982047419e-07, 2.30819480862e-07, 3.08808296268e-07, 2.20434941411e-07, 1.88088037589e-07, 1.59692177704e-07, 1.81466973004e-07, 1.22120596302e-07, 1.09364549417e-07, 7.68710322063e-08, 2.49230076577e-08, 7.3621930774e-09, 5.09593978126e-10], "dvar2": [0.235844120383, 11.5222415924, 68.7426376343, 506.395996094, 887.419921875, 404.645843506, 209.980987549, 951.143371582, 2473.93237305, 1052.00488281, 2084.16137695, 11841.5107422, 2779.24682617, 8990.83007812, 3856.13061523, 2987.40258789, 18040.8847656, 1754.08068848, 3138.37524414, 5923.02294922, 969.424865723, 887.859619141, 499.43182373, 183.238693237, 176.274276733, 98.8972167969, 94.3246841431, 92.6945953369, 78.5876541138, 58.0511398315, 31.1448078156, 11.729973793, 5.41360139847, 6.46161937714, 11.3639068604, 3.20611619949, 0.193128034472, 0.00518342340365, 5.59061045351e-05, 1.23085257542e-07], "dvar": [0.0840018615127, 4.26752376556, 25.3369979858, 188.171096802, 316.943725586, 149.171066284, 75.1509170532, 330.61730957, 848.891296387, 408.54284668, 810.401428223, 4602.91064453, 1243.09289551, 3504.06445312, 1357.75927734, 1060.3614502, 6375.34619141, 634.417236328, 1271.17956543, 2086.22973633, 355.792602539, 349.602844238, 189.030426025, 72.6125946045, 75.6611099243, 41.1434059143, 38.845993042, 37.7601776123, 30.5193824768, 23.9531459808, 13.5096082687, 5.33593797684, 2.83426856995, 3.52982568741, 6.05765390396, 1.83561587334, 0.102830275893, 0.00270582805388, 3.00167394016e-05, 6.75533158301e-08], "dmean": [0.112815774977, 1.0811984539, 3.12501311302, 8.76297569275, 10.1805753708, 8.63887786865, 5.26116800308, 7.120677948, 8.42402935028, 8.71223449707, 9.26160907745, 21.9702606201, 11.5116071701, 11.9186840057, 11.0810937881, 8.24431228638, 22.5222053528, 7.94830846786, 10.5681257248, 14.1835107803, 8.090092659, 7.77468204498, 5.95238161087, 3.85415554047, 3.92076349258, 2.5807261467, 2.31710577011, 2.17709708214, 1.72040390968, 1.64041864872, 1.20799028873, 0.845471203327, 0.706262946129, 0.71371871233, 0.816130340099, 0.443309634924, 0.104007139802, 0.0171433761716, 0.00179690856021, 9.11499373615e-05], "max": [4.13763093948, 27.2718658447, 58.4176216125, 210.87071228, 285.443572998, 139.911529541, 150.551254272, 273.050323486, 650.553649902, 615.578369141, 812.875, 2146.97827148, 2256.90893555, 1867.72631836, 866.904663086, 1572.72937012, 1428.28112793, 956.801574707, 1123.7857666, 1218.59313965, 640.539855957, 513.048278809, 396.989807129, 222.331237793, 262.38180542, 170.307022095, 124.16230011, 161.539825439, 160.615432739, 147.941040039, 89.2843704224, 58.9242935181, 40.0882225037, 33.4432640076, 42.663520813, 22.5913314819, 4.63565969467, 0.779686689377, 0.0818306654692, 0.00396599806845], "var": [0.086138099432, 6.03904438019, 40.7750663757, 282.080871582, 443.782989502, 212.175430298, 106.762077332, 271.707580566, 625.905151367, 496.822235107, 1036.57006836, 8187.32519531, 2650.50708008, 7016.29736328, 2763.69458008, 1876.20141602, 11519.1728516, 1348.29211426, 2565.31787109, 5425.81347656, 1597.46704102, 1167.87219238, 681.959777832, 313.967285156, 293.924499512, 111.179283142, 100.551651001, 93.0386657715, 60.6876144409, 57.9932632446, 35.4830322266, 17.4373683929, 13.5094337463, 15.9915962219, 22.094045639, 6.62490940094, 0.33012843132, 0.00840743351728, 9.68631720752e-05, 2.30278004665e-07], "mean": [0.166147172451, 2.1725897789, 5.83099603653, 15.6601734161, 17.8575992584, 13.2640380859, 8.71303462982, 9.60279083252, 10.5594396591, 12.9718551636, 13.3186302185, 31.9806232452, 18.3966732025, 18.2697143555, 17.3877487183, 14.3676109314, 33.6354980469, 14.495508194, 17.9840126038, 27.1448440552, 18.9744377136, 18.132144928, 13.800942421, 9.27656745911, 9.34410858154, 5.77196598053, 5.1003613472, 5.03737354279, 3.97098016739, 3.70471906662, 2.80885410309, 2.15939998627, 1.8442530632, 1.81696105003, 1.89358901978, 1.01082730293, 0.232546374202, 0.037437889725, 0.00405196426436, 0.000229727345868]}, "spectral_strongpeak": {"dmean2": 0.497568875551, "median": 0.373352497816, "min": 0, "dvar2": 1.04024755955, "dvar": 0.38568547368, "dmean": 0.29898288846, "max": 8.8150100708, "var": 0.53021645546, "mean": 0.581752896309}, "spectral_energy": {"dmean2": 0.0164775103331, "median": 0.0303761679679, "min": 4.57213100713e-10, "dvar2": 0.000628238427453, "dvar": 0.000245748902671, "dmean": 0.0104143619537, "max": 0.212317854166, "var": 0.000525726529304, "mean": 0.0334522798657}, "average_loudness": 0.878786325455, "spectral_rolloff": {"dmean2": 714.941345215, "median": 344.53125, "min": 43.06640625, "dvar2": 3420019.5, "dvar": 1434835.25, "dmean": 429.930023193, "max": 16774.3652344, "var": 2487964, "mean": 942.865722656}, "spectral_centroid": {"dmean2": 265.539001465, "median": 701.95324707, "min": 153.38053894, "dvar2": 106838.304688, "dvar": 55523.078125, "dmean": 179.198852539, "max": 11366.0205078, "var": 362471.09375, "mean": 889.109069824}, "pitch_salience": {"dmean2": 0.126825943589, "median": 0.566176474094, "min": 0.0794401168823, "dvar2": 0.0124388635159, "dvar": 0.00493001984432, "dmean": 0.08132147789, "max": 0.94456923008, "var": 0.0140401711687, "mean": 0.552893638611}, "spectral_energyband_middle_high": {"dmean2": 0.00214944244362, "median": 0.00117448496167, "min": 7.1363102927e-11, "dvar2": 2.49748045462e-05, "dvar": 9.45805550145e-06, "dmean": 0.00134922773577, "max": 0.0670977756381, "var": 4.7245528549e-05, "mean": 0.00382722332142}, "spectral_contrast_coeffs": {"dmean2": [0.0798880234361, 0.0734838023782, 0.0626816079021, 0.0430450476706, 0.0296712853014, 0.0214606560767], "median": [-0.63326382637, -0.778749227524, -0.804548144341, -0.836046695709, -0.824004948139, -0.78604722023], "min": [-0.968625366688, -0.970086395741, -0.963427245617, -0.962174117565, -0.961323976517, -0.960883200169], "dvar2": [0.00462488131598, 0.00337624130771, 0.00252164620906, 0.00126842700411, 0.000577419763431, 0.00034764924203], "dvar": [0.00173964712303, 0.00122775963973, 0.00092832709197, 0.000479324080516, 0.000247182702878, 0.000172062937054], "dmean": [0.0497854687274, 0.0440913699567, 0.0372065491974, 0.0259493011981, 0.0182982329279, 0.0143350064754], "max": [-0.310601502657, -0.432821154594, -0.488265067339, -0.498894125223, -0.582993149757, -0.661944806576], "var": [0.00787239708006, 0.00387026742101, 0.00405934173614, 0.00411199545488, 0.00287646939978, 0.00162218371406], "mean": [-0.632699251175, -0.773168981075, -0.793143630028, -0.81641304493, -0.808843672276, -0.789468586445]}, "melbands_skewness": {"dmean2": 1.34919822216, "median": 4.13157510757, "min": -0.380586594343, "dvar2": 1.81854557991, "dvar": 0.806701481342, "dmean": 0.891754209995, "max": 21.1165180206, "var": 4.980073452, "mean": 4.29584598541}, "spectral_spread": {"dmean2": 616646.125, "median": 3732050.5, "min": 1002515.6875, "dvar2": 781260816384, "dvar": 625837015040, "dmean": 483497.1875, "max": 39247432, "var": 9044449296380.0, "mean": 4933218.5}, "dissonance": {"dmean2": 0.0255805235356, "median": 0.473334044218, "min": 0.149353981018, "dvar2": 0.000636681623291, "dvar": 0.000239647590206, "dmean": 0.0150888059288, "max": 0.500000059605, "var": 0.000998222036287, "mean": 0.466431736946}, "spectral_skewness": {"dmean2": 0.436577171087, "median": 1.7362600565, "min": -0.0223759301007, "dvar2": 0.276140511036, "dvar": 0.121353685856, "dmean": 0.278670072556, "max": 7.3355755806, "var": 0.581897199154, "mean": 1.88948941231}, "spectral_flux": {"dmean2": 0.0353754907846, "median": 0.075244769454, "min": 3.10718169203e-05, "dvar2": 0.00163750944193, "dvar": 0.000784335890785, "dmean": 0.0225010178983, "max": 0.380445599556, "var": 0.00269005913287, "mean": 0.0818212628365}, "spectral_contrast_valleys": {"dmean2": [0.606068611145, 0.56986528635, 0.497263461351, 0.407439023256, 0.308744341135, 0.269899874926], "median": [-6.64762878418, -6.61000728607, -7.27011919022, -7.70393753052, -7.69128465652, -10.529510498], "min": [-27.1392345428, -27.812379837, -27.2328052521, -27.342502594, -27.2462768555, -27.1946353912], "dvar2": [0.256716161966, 0.255510032177, 0.186670839787, 0.16290473938, 0.124017499387, 0.161641508341], "dvar": [0.110357224941, 0.120549142361, 0.0928235352039, 0.0891461446881, 0.0857863500714, 0.121544905007], "dmean": [0.365589410067, 0.353216320276, 0.313251763582, 0.265314161777, 0.225904777646, 0.233757570386], "max": [-4.89104223251, -4.16207551956, -5.07442712784, -5.42661714554, -5.7360625267, -7.77513551712], "var": [1.8045078516, 1.92835354805, 1.89413607121, 1.89073491096, 1.80957818031, 3.00560665131], "mean": [-6.90792131424, -6.88847494125, -7.54203081131, -7.9545674324, -7.99142360687, -10.7858142853]}, "erbbands_flatness_db": {"dmean2": 0.0187540873885, "median": 0.153055086732, "min": 0.0272985752672, "dvar2": 0.00035976714571, "dvar": 0.000218109300476, "dmean": 0.0134642040357, "max": 0.393234074116, "var": 0.00446407822892, "mean": 0.147798925638}, "spectral_energyband_high": {"dmean2": 0.000375515257474, "median": 0.000100370401924, "min": 1.2569542629e-10, "dvar2": 1.08756717054e-06, "dvar": 6.14866792148e-07, "dmean": 0.000308311573463, "max": 0.0148912956938, "var": 3.01516320178e-06, "mean": 0.000918551988434}, "spectral_entropy": {"dmean2": 0.226720914245, "median": 7.39116954803, "min": 3.88206553459, "dvar2": 0.0521780923009, "dvar": 0.0336200222373, "dmean": 0.165604397655, "max": 9.81516742706, "var": 0.478035479784, "mean": 7.36376571655}, "silence_rate_20dB": {"dmean2": 0, "median": 1, "min": 1, "dvar2": 0, "dvar": 0, "dmean": 0, "max": 1, "var": 0, "mean": 1}, "melbands_flatness_db": {"dmean2": 0.0387412495911, "median": 0.262176394463, "min": 0.0660314410925, "dvar2": 0.00154815032147, "dvar": 0.000834827951621, "dmean": 0.0280223488808, "max": 0.571180522442, "var": 0.00911427475512, "mean": 0.275568902493}, "barkbands": {"dmean2": [0.000592543743551, 0.00706117786467, 0.00538375414908, 0.00608375063166, 0.00348881981336, 0.00133524870034, 0.000993961468339, 0.000608291535173, 0.00133047660347, 0.000619030906819, 0.00054231705144, 0.000341767037753, 0.000762474373914, 0.000320823775837, 0.000302696920699, 0.000403204205213, 0.000255867169471, 0.000171272375155, 0.0001357379806, 9.33332994464e-05, 8.15629173303e-05, 7.58461101213e-05, 6.47419292363e-05, 5.14728417329e-05, 0.00011499584798, 9.42101905821e-05, 1.45733856698e-05], "median": [3.01347881759e-05, 0.00615625735372, 0.00221092021093, 0.00405549490824, 0.00249419524334, 0.000563123263419, 0.000377178599592, 0.000229651646805, 0.000347700843122, 0.00017114932416, 7.71916966187e-05, 8.12473299447e-05, 7.60344482842e-05, 8.12795115053e-05, 6.46707776468e-05, 0.00010207737796, 9.49872483034e-05, 6.03172156843e-05, 5.21470501553e-05, 4.23431702075e-05, 1.97348272195e-05, 1.77850361069e-05, 1.06307297756e-05, 1.16838709801e-05, 5.9444901126e-06, 1.80637073299e-06, 4.36967297901e-07], "min": [3.1288568958e-11, 1.41110331753e-10, 1.26374310322e-11, 3.39020434989e-12, 5.70432893629e-12, 3.25985961315e-12, 1.73984594093e-11, 1.00238957759e-11, 1.41904465609e-11, 1.69261583916e-11, 4.19210629751e-12, 7.13208572062e-12, 7.5188874224e-12, 3.70555279169e-12, 3.38780501048e-12, 6.37337448442e-12, 7.85572475126e-12, 3.21718151251e-12, 4.87563808771e-12, 4.61900396403e-12, 5.62587823549e-12, 7.43212349302e-12, 8.3633803008e-12, 8.97230553742e-12, 1.73539186493e-11, 3.50994927567e-11, 4.27883804777e-11], "dvar2": [2.31888111557e-06, 0.000224072558922, 8.1724851043e-05, 0.00010645025759, 3.15403085551e-05, 9.28308509174e-06, 8.67923608894e-06, 2.53943949247e-06, 1.4325903976e-05, 5.4324523262e-06, 4.52294716524e-06, 2.15812519855e-06, 6.4930386543e-06, 1.19559842915e-06, 7.78676223945e-07, 1.57379849952e-06, 3.54244292566e-07, 1.72590020497e-07, 9.42398941106e-08, 4.92410556774e-08, 5.42786224855e-08, 5.60412267703e-08, 4.32672031536e-08, 1.71209002531e-08, 1.154231839e-07, 8.44257641575e-08, 2.0215162877e-09], "dvar": [9.61225282481e-07, 8.20605637273e-05, 3.05864850816e-05, 4.0719685785e-05, 1.10475102701e-05, 3.20311346513e-06, 3.08435369334e-06, 9.90956777969e-07, 5.54825646759e-06, 2.28339808928e-06, 1.54495796778e-06, 7.43361283639e-07, 2.3048598905e-06, 4.40293632664e-07, 3.12581988737e-07, 5.45261457319e-07, 1.39276323807e-07, 6.37088390931e-08, 3.86590031098e-08, 2.06201686836e-08, 2.22916849424e-08, 2.2387375509e-08, 1.86338500185e-08, 8.73028493942e-09, 6.46281321792e-08, 4.79245265694e-08, 1.0719378718e-09], "dmean": [0.000360148464097, 0.00439450005069, 0.00325217237696, 0.00414263084531, 0.00209266599268, 0.000775676686317, 0.000586255802773, 0.000364303909009, 0.000821315858047, 0.000378792261472, 0.000316373247188, 0.000208615718293, 0.000444743374828, 0.000195578759303, 0.000185535551282, 0.000242076232098, 0.000157425660291, 0.000104994905996, 8.61907101353e-05, 5.94532648392e-05, 5.28575983481e-05, 4.99294183101e-05, 4.42231612396e-05, 3.88570479117e-05, 8.81400483195e-05, 7.13735862519e-05, 1.06772704385e-05], "max": [0.0213335230947, 0.114896148443, 0.0654443502426, 0.0990854203701, 0.0460032261908, 0.0251220110804, 0.0375531688333, 0.0287880357355, 0.0777782574296, 0.0636075437069, 0.0364756286144, 0.0331002920866, 0.0272162184119, 0.0184700489044, 0.0180172882974, 0.0248881019652, 0.00859925616533, 0.00790604948997, 0.00556751200929, 0.00311098550446, 0.00375160272233, 0.00430172495544, 0.00350814708509, 0.00189094617963, 0.0046166498214, 0.00336724240333, 0.000470041006338], "var": [1.24928953937e-06, 0.00010784069309, 4.48264763691e-05, 7.93695799075e-05, 1.31525057441e-05, 2.92217919196e-06, 2.70171653938e-06, 1.17404795219e-06, 1.00833767647e-05, 5.00476380694e-06, 2.35084212363e-06, 1.18264529192e-06, 4.30169848187e-06, 8.12844120901e-07, 7.15978330845e-07, 1.67715745647e-06, 4.05136603376e-07, 1.72862129943e-07, 1.57950552193e-07, 5.57218484687e-08, 5.47916663152e-08, 5.12454185753e-08, 5.05540640461e-08, 4.00728161765e-08, 2.71725639323e-07, 1.67791540662e-07, 3.39909145275e-09], "mean": [0.000439562048996, 0.00861242692918, 0.00504465587437, 0.00742372265086, 0.0034856069833, 0.00106522825081, 0.000825949304271, 0.000503418326844, 0.0012246806873, 0.000566832139157, 0.000428620143794, 0.000324143562466, 0.000666819454636, 0.0003068165679, 0.000315148761729, 0.000488384685013, 0.000331607181579, 0.000215853666305, 0.000200448092073, 0.000126518396428, 0.000121920238598, 0.000117096038593, 0.000103856094938, 0.000104966668005, 0.000