{"tonal": {"thpcp": [1, 0.786452829838, 0.626713514328, 0.493738412857, 0.267650842667, 0.215400159359, 0.247804313898, 0.278297662735, 0.439158678055, 0.545784771442, 0.416915804148, 0.347179442644, 0.362591087818, 0.444999784231, 0.78877800703, 0.916057169437, 0.564225375652, 0.301489502192, 0.279877483845, 0.329489499331, 0.534480988979, 0.695939421654, 0.597874343395, 0.628147363663, 0.690154135227, 0.485088855028, 0.32966119051, 0.320052057505, 0.331792622805, 0.492763310671, 0.660466730595, 0.54657638073, 0.40348342061, 0.37776863575, 0.419850707054, 0.756252229214], "hpcp": {"dmean2": [0.280778586864, 0.258771568537, 0.206039682031, 0.199969410896, 0.226762801409, 0.249132215977, 0.272784769535, 0.304484456778, 0.303437173367, 0.296097993851, 0.257459133863, 0.213808685541, 0.212010920048, 0.215231582522, 0.241828590631, 0.268347114325, 0.273460477591, 0.2614133358, 0.243652313948, 0.270809203386, 0.338081240654, 0.322269260883, 0.34778919816, 0.315571993589, 0.221178546548, 0.157382577658, 0.138524338603, 0.149151861668, 0.165402233601, 0.202783122659, 0.21744415164, 0.211599230766, 0.204647392035, 0.210281312466, 0.265238404274, 0.31364735961], "median": [0.114290706813, 0.0654647126794, 0.0209460314363, 0.0169283319265, 0.0237793941051, 0.0593527853489, 0.0817624777555, 0.0728330612183, 0.0646106079221, 0.0667692944407, 0.0442924499512, 0.0228167325258, 0.01905958727, 0.0236671194434, 0.0426940321922, 0.0571928545833, 0.0427300184965, 0.0222508646548, 0.0182061214, 0.0281094294041, 0.102965511382, 0.145181879401, 0.120293959975, 0.0721155926585, 0.0385779589415, 0.0183219909668, 0.0171069279313, 0.0208487268537, 0.0221434254199, 0.031421083957, 0.0424534380436, 0.0385190583766, 0.0360355265439, 0.0366046689451, 0.0411039143801, 0.0945183709264], "min": [0, 0, 0, 0, 0, 0, 0, 0, 0, 0, 0, 0, 0, 0, 0, 0, 0, 0, 0, 0, 0, 0, 0, 0, 0, 0, 0, 0, 0, 0, 0, 0, 0, 0, 0, 0], "dvar2": [0.128001958132, 0.129178062081, 0.10474896431, 0.106908962131, 0.116565018892, 0.112090185285, 0.114395186305, 0.143019452691, 0.142090812325, 0.153351694345, 0.133280321956, 0.119838930666, 0.125782981515, 0.118560545146, 0.124156095088, 0.132873415947, 0.135475605726, 0.156264454126, 0.145590946078, 0.13751912117, 0.156213313341, 0.135076254606, 0.14487183094, 0.141669556499, 0.101859800518, 0.0772580727935, 0.0678126439452, 0.0781695172191, 0.0820757523179, 0.0970074236393, 0.0999547615647, 0.0984518900514, 0.0996138006449, 0.101330377162, 0.120332159102, 0.140007555485], "dvar": [0.051341380924, 0.0460820347071, 0.0379278436303, 0.0383977890015, 0.0414512902498, 0.0413578562438, 0.045363817364, 0.0541289485991, 0.0546163208783, 0.0581143163145, 0.0486472025514, 0.0439093969762, 0.0459070056677, 0.0422781817615, 0.0447093546391, 0.0512820072472, 0.0510616898537, 0.056369818747, 0.053249437362, 0.0503095015883, 0.0567303970456, 0.0556276068091, 0.0538110509515, 0.0520948953927, 0.0383426249027, 0.027502020821, 0.0239735115319, 0.0279822126031, 0.0296452436596, 0.0366121977568, 0.0397614873946, 0.0360206067562, 0.0357715897262, 0.0369575768709, 0.0448260940611, 0.0540927276015], "dmean": [0.165425568819, 0.146537587047, 0.112459279597, 0.108666323125, 0.124622777104, 0.142295911908, 0.159881979227, 0.172479718924, 0.173454657197, 0.167389705777, 0.144555926323, 0.118214085698, 0.116690002382, 0.118176966906, 0.136846721172, 0.153868570924, 0.154245734215, 0.144309937954, 0.133173584938, 0.149540394545, 0.192260697484, 0.187878593802, 0.199091628194, 0.177773058414, 0.124221332371, 0.0874813720584, 0.0761057958007, 0.083191730082, 0.0922898948193, 0.116405077279, 0.126124158502, 0.119463279843, 0.113673664629, 0.117815725505, 0.148013696074, 0.180846959352], "max": [1, 1, 1, 1, 1, 1, 1, 1, 1, 1, 1, 1, 1, 1, 1, 1, 1, 1, 1, 1, 1, 1, 1, 1, 1, 1, 1, 1, 1, 1, 1, 1, 1, 1, 1, 1], "var": [0.112182810903, 0.054615214467, 0.031584430486, 0.0289367027581, 0.0326756611466, 0.0515217781067, 0.0755837932229, 0.0601998604834, 0.0699073076248, 0.086222961545, 0.0516774468124, 0.0376353114843, 0.0389884710312, 0.0356330312788, 0.0535113662481, 0.0833139270544, 0.0633032917976, 0.0509634129703, 0.0509934015572, 0.0485406406224, 0.0767591074109, 0.114407040179, 0.0756201893091, 0.0657237172127, 0.0594976395369, 0.0237393453717, 0.0190723892301, 0.0242090057582, 0.026434795931, 0.0488483309746, 0.0676855891943, 0.0401292107999, 0.0310935974121, 0.033749692142, 0.04484673962, 0.0878084748983], "mean": [0.276463776827, 0.170281812549, 0.0909887775779, 0.0844663307071, 0.0994391143322, 0.16130502522, 0.210032775998, 0.180436983705, 0.189573302865, 0.20828679204, 0.146398603916, 0.0994909256697, 0.0965909138322, 0.100134186447, 0.148714736104, 0.199327215552, 0.16495539248, 0.121770292521, 0.11400963366, 0.126709893346, 0.228235036135, 0.301797509193, 0.237349510193, 0.189140573144, 0.149009019136, 0.0807763561606, 0.0650072321296, 0.0747867226601, 0.0839895382524, 0.132536992431, 0.164716482162, 0.125824153423, 0.104777887464, 0.109429083765, 0.134299829602, 0.238051235676]}, "tuning_equal_tempered_deviation": 0.03292940557, "chords_changes_rate": 0.0780987888575, "key_key": "A", "tuning_diatonic_strength": 0.605236768723, "key_scale": "minor", "chords_number_rate": 0.00223671947606, "tuning_frequency": 441.527557373, "tuning_nontempered_energy_ratio": 0.746460437775, "chords_histogram": [37.7632789612, 8.96551704407, 7.21342039108, 7.69804286957, 3.41099715233, 0.726933836937, 0.503261864185, 3.24324321747, 0.820130467415, 13.6812677383, 1.24883508682, 1.49114632607, 0.111835971475, 0.186393290758, 0, 0, 2.27399802208, 0.83876979351, 0.31686860323, 0.521901190281, 0.857409119606, 0.876048445702, 4.93942213058, 2.31127691269], "key_strength": 0.870703518391, "chords_key": "A", "chords_strength": {"dmean2": 0.0124392807484, "median": 0.514417290688, "min": 0.166487827897, "dvar2": 0.00012517493451, "dvar": 9.70527980826e-05, "dmean": 0.0116549460217, "max": 0.854370653629, "var": 0.0124483359978, "mean": 0.520808398724}, "chords_scale": "minor", "hpcp_entropy": {"dmean2": 1.04916870594, "median": 2.33468198776, "min": 0, "dvar2": 0.7388677001, "dvar": 0.270567655563, "dmean": 0.621147096157, "max": 4.33671760559, "var": 0.571361005306, "mean": 2.28843331337}}, "metadata": {"audio_properties": {"equal_loudness": 0, "codec": "flac", "downmix": "mix", "sample_rate": 44100, "analysis_sample_rate": 44100, "bit_rate": 0, "md5_encoded": "a8e6c68c0c4fca6f7cd4b59e5b5f8884", "length": 249.093338013, "replay_gain": -11.5501213074, "lossless": true}, "version": {"essentia_build_sha": "2d9f1f26377add8aeb1075a9c2973f962c4f09fd", "essentia": "2.1-beta2", "extractor": "music 1.0", "essentia_git_sha": "v2.1_beta2-1-ge3940c0"}, "tags": {"title": ["Shed Your Skin"], "barcode": ["074646789124"], "media": ["CD"], "albumartist": ["Indigo Girls"], "tracktotal": ["12"], "musicbrainz_releasegroupid": ["96e059f3-503a-3953-9a88-cdf18a21a2dd"], "performer": ["Sara Lee (bass)", "Josh Freese (drums)", "Chris Verene (drums)", "Amy Ray (vocals)", "Emily Saliers (vocals)", "Emily Saliers (electric guitar)", "Amy Ray (acoustic guitar and electric guitar)"], "releasetype": ["album"], "musicbrainz_recordingid": ["0d1f265f-f9f7-4b70-b4b8-5cbf5d291179"], "composer": ["Amy Ray"], "mixer": ["David Leonard"], "musicbrainz_albumartistid": ["00c49f40-d715-4b79-b223-432048602cce"], "originalyear": ["1997"], "lyricist": ["Amy Ray"], "producer": ["Indigo Girls", "David Leonard"], "discnumber": ["1"], "composersort": ["Ray, Amy"], "catalognumber": ["EK 67891"], "releasecountry": ["US"], "engineer": ["David Leonard"], "isrc": ["USSM19700118"], "originaldate": ["1997-04-29"], "work": ["Shed Your Skin"], "date": ["1997-04-29"], "file_name": "03 Shed Your Skin.flac", "musicbrainz_albumid": ["7bcdd80b-f777-4d0a-bc17-15682ab734c9"], "disctotal": ["1"], "musicbrainz_artistid": ["00c49f40-d715-4b79-b223-432048602cce"], "asin": ["B000002BS2"], "musicbrainz_workid": ["fea766d4-6720-3327-914a-6e2763efa0ff"], "musicbrainz_releasetrackid": ["7cf2f5c0-ab5d-303d-85f4-1ee7fa2b2430"], "artist": ["Indigo Girls"], "tracknumber": ["3"], "artistsort": ["Indigo Girls"], "album": ["Shaming of the Sun"], "label": ["Epic"], "albumartistsort": ["Indigo Girls"], "acoustid_id": ["f2222d30-886a-4d5a-9fcb-de37a18e2bd3"], "script": ["Latn"], "releasestatus": ["official"]}}, "rhythm": {"bpm_histogram_first_peak_bpm": {"dmean2": 0, "median": 99, "min": 99, "dvar2": 0, "dvar": 0, "dmean": 0, "max": 99, "var": 0, "mean": 99}, "bpm": 98.7338256836, "bpm_histogram_second_peak_spread": {"dmean2": 0, "median": 0.300000041723, "min": 0.300000041723, "dvar2": 0, "dvar": 0, "dmean": 0, "max": 0.300000041723, "var": 0, "mean": 0.300000041723}, "bpm_histogram_first_peak_weight": {"dmean2": 0, "median": 0.938423633575, "min": 0.938423633575, "dvar2": 0, "dvar": 0, "dmean": 0, "max": 0.938423633575, "var": 0, "mean": 0.938423633575}, "onset_rate": 3.49235892296, "beats_position": [0.615328788757, 1.25387752056, 1.89242625237, 2.54258489609, 3.1811337471, 3.8196823597, 4.45823097229, 5.07355976105, 5.6888885498, 6.30421733856, 6.91954612732, 7.52326536179, 8.12698364258, 8.74231243134, 9.35764122009, 9.96135997772, 10.5650787354, 11.1571884155, 11.7609071732, 12.3762359619, 12.9799547195, 13.5952835083, 14.2106122971, 14.8143310547, 15.4180498123, 16.0217685699, 16.6254863739, 17.2408161163, 17.8561439514, 18.4598636627, 19.0635814667, 19.667301178, 20.2710208893, 20.8863487244, 21.5016784668, 22.1053962708, 22.7091159821, 23.312833786, 23.9281635284, 24.5318813324, 25.1472110748, 25.7509288788, 26.3546485901, 26.958366394, 27.5736961365, 28.1890239716, 28.7927436829, 29.3964614868, 30.0117912292, 30.6271190643, 31.2308387756, 31.8345565796, 32.4382743835, 33.0419960022, 33.6457138062, 34.2610435486, 34.8763694763, 35.480091095, 36.0838088989, 36.6875267029, 37.3028564453, 37.9181861877, 38.5219039917, 39.1256217957, 39.7293434143, 40.3330612183, 40.9367790222, 41.5521087646, 42.1674385071, 42.771156311, 43.374874115, 43.9785919189, 44.5823135376, 45.1860313416, 45.7897491455, 46.3934669495, 47.0087966919, 47.6125144958, 48.2278442383, 48.8431739807, 49.4585037231, 50.0622215271, 50.6659393311, 51.269657135, 51.8733787537, 52.4770965576, 53.0924263, 53.696144104, 54.3114738464, 54.9151916504, 55.5305213928, 56.1342391968, 56.7495689392, 57.3532867432, 57.9570045471, 58.5607261658, 59.1644439697, 59.7797737122, 60.3950996399, 60.9988212585, 61.6025390625, 62.2062568665, 62.8099746704, 63.4136962891, 64.0290222168, 64.6327438354, 65.2480697632, 65.8517913818, 66.4555053711, 67.0708389282, 67.686164856, 68.2898864746, 68.8936004639, 69.4973220825, 70.1010437012, 70.7163696289, 71.3200912476, 71.9354171753, 72.5391387939, 73.1428527832, 73.7465744019, 74.3619003296, 74.9772338867, 75.580947876, 76.1730575562, 76.7883911133, 77.3921051025, 77.9958267212, 78.5995483398, 79.2032623291, 79.8185958862, 80.4223098755, 81.0260314941, 81.6413574219, 82.2450790405, 82.8604049683, 83.4641265869, 84.0794525146, 84.6831741333, 85.2868881226, 85.8906097412, 86.5059356689, 87.1212692261, 87.7249908447, 88.3403167725, 88.9556427002, 89.5593643188, 90.1630859375, 90.7667999268, 91.3821334839, 91.9974594116, 92.6011810303, 93.2048950195, 93.8086166382, 94.4007263184, 95.0044403076, 95.6197738647, 96.2350997925, 96.8388214111, 97.4425354004, 98.0578689575, 98.6615829468, 99.2769165039, 99.8806304932, 100.49596405, 101.09967804, 101.703399658, 102.307121277, 102.910835266, 103.514556885, 104.118278503, 104.721992493, 105.33732605, 105.952651978, 106.567977905, 107.171699524, 107.787025452, 108.39074707, 108.994468689, 109.609794617, 110.225120544, 110.828842163, 111.432563782, 112.047889709, 112.663215637, 113.266937256, 113.870658875, 114.474372864, 115.078094482, 115.681808472, 116.28553009, 116.889251709, 117.492965698, 118.108299255, 118.712013245, 119.327346802, 119.931060791, 120.53478241, 121.138504028, 121.742218018, 122.357551575, 122.972877502, 123.576599121, 124.191925049, 124.807250977, 125.410972595, 126.014694214, 126.618408203, 127.23374176, 127.849067688, 128.452789307, 129.056503296, 129.671829224, 130.28717041, 130.890884399, 131.494598389, 132.098312378, 132.702041626, 133.305755615, 133.909469604, 134.513198853, 135.12852478, 135.743850708, 136.359176636, 136.974502563, 137.578231812, 138.181945801, 138.78565979, 139.389389038, 139.993103027, 140.596817017, 141.212158203, 141.827484131, 142.43119812, 143.034912109, 143.638641357, 144.242355347, 144.846069336, 145.461410522, 146.07673645, 146.680450439, 147.295776367, 147.911102295, 148.514831543, 149.118545532, 149.722259521, 150.32598877, 150.929702759, 151.533416748, 152.137145996, 152.740859985, 153.344573975, 153.948303223, 154.56362915, 155.178955078, 155.782669067, 156.397994995, 157.013336182, 157.617050171, 158.22076416, 158.824493408, 159.428207397, 160.031921387, 160.635650635, 161.239364624, 161.831466675, 162.446792603, 163.062133789, 163.677459717, 164.281173706, 164.896499634, 165.51184082, 166.11555481, 166.719268799, 167.322982788, 167.926712036, 168.530426025, 169.134140015, 169.737869263, 170.341583252, 170.945297241, 171.560638428, 172.175964355, 172.791290283, 173.406616211, 174.0103302, 174.614059448, 175.217773438, 175.821487427, 176.425216675, 177.040542603, 177.65586853, 178.25958252, 178.863311768, 179.490249634, 180.105575562, 180.720901489, 181.324615479, 181.928344727, 182.532058716, 183.147384644, 183.762710571, 184.366439819, 184.981765747, 185.597091675, 186.200805664, 186.804534912, 187.408248901, 188.011962891, 188.615692139, 189.219406128, 189.823120117, 190.438461304, 191.053787231, 191.657501221, 192.26121521, 192.876556396, 193.480270386, 194.095596313, 194.699310303, 195.303039551, 195.895141602, 196.487258911, 197.102584839, 197.717910767, 198.321624756, 198.936950684, 199.540679932, 200.156005859, 200.759719849, 201.363449097, 201.967163086, 202.570877075, 203.186203003, 203.778320313, 204.382034302, 204.974151611, 205.589477539, 206.204803467, 206.820129395, 207.435455322, 208.03918457, 208.654510498, 209.258224487, 209.861953735, 210.477279663, 211.092605591, 211.69631958, 212.300048828, 212.903762817, 213.507476807, 214.111190796, 214.714920044, 215.330245972, 215.945571899, 216.549285889, 217.153015137, 217.756729126, 218.360443115, 218.964172363, 219.579498291, 220.194824219, 220.798538208, 221.402267456, 222.005981445, 222.621307373, 223.236633301, 223.840362549, 224.444076538, 225.059402466, 225.674728394, 226.278457642, 226.882171631, 227.48588562, 228.089614868, 228.693328857, 229.297042847, 229.912384033, 230.527709961, 231.13142395, 231.735137939, 232.350479126, 232.965805054, 233.569519043, 234.173233032, 234.788574219, 235.403900146, 236.007614136, 236.611328125, 237.226669312, 237.841995239, 238.445709229, 239.049423218, 239.653152466, 240.256866455, 240.860580444, 241.464309692, 242.091247559, 242.729797363, 243.368347168, 244.018493652, 244.668655396, 245.388473511, 246.119903564, 246.83972168, 247.571151733, 248.302581787], "beats_loudness": {"dmean2": 0.0395627468824, "median": 0.048028215766, "min": 0, "dvar2": 0.00147466221824, "dvar": 0.000504961819388, "dmean": 0.0234516710043, "max": 0.162017434835, "var": 0.00117296958342, "mean": 0.0496605075896}, "danceability": 1.05608296394, "bpm_histogram_second_peak_weight": {"dmean2": 0, "median": 0.0172413792461, "min": 0.0172413792461, "dvar2": 0, "dvar": 0, "dmean": 0, "max": 0.0172413792461, "var": 0, "mean": 0.0172413792461}, "beats_count": 407, "bpm_histogram_second_peak_bpm": {"dmean2": 0, "median": 94, "min": 94, "dvar2": 0, "dvar": 0, "dmean": 0, "max": 94, "var": 0, "mean": 94}, "bpm_histogram_first_peak_spread": {"dmean2": 0, "median": 0.0255754534155, "min": 0.0255754534155, "dvar2": 0, "dvar": 0, "dmean": 0, "max": 0.0255754534155, "var": 0, "mean": 0.0255754534155}, "beats_loudness_band_ratio": {"dmean2": [0.562159061432, 0.214341923594, 0.250526219606, 0.180411979556, 0.0788826942444, 0.0839459523559], "median": [0.608803510666, 0.131116196513, 0.0750927254558, 0.0254842396826, 0.0349062718451, 0.0299695245922], "min": [0, 0, 0, 0, 0, 0], "dvar2": [0.169026046991, 0.0328279063106, 0.0606482326984, 0.0428870134056, 0.00586618669331, 0.0133199840784], "dvar": [0.0463098697364, 0.0109141962603, 0.0193664226681, 0.0141259739175, 0.00180894718505, 0.00411650305614], "dmean": [0.294381320477, 0.116970896721, 0.134109929204, 0.0942203551531, 0.0417437255383, 0.0449433401227], "max": [0.980916321278, 0.666343450546, 0.809356629848, 0.611389160156, 0.30701482296, 0.780728518963], "var": [0.0575316771865, 0.0141244875267, 0.0194753613323, 0.0126138599589, 0.00173846329562, 0.00314738648012], "mean": [0.590528964996, 0.165057078004, 0.12497933954, 0.073419302702, 0.0458498261869, 0.045860812068]}}, "lowlevel": {"barkbands_spread": {"dmean2": 8.48498916626, "median": 18.1615600586, "min": 0.740404427052, "dvar2": 99.2705001831, "dvar": 45.448348999, "dmean": 5.47302961349, "max": 145.571472168, "var": 180.582397461, "mean": 20.4475135803}, "melbands_spread": {"dmean2": 8.28145503998, "median": 15.1190891266, "min": 0.671252787113, "dvar2": 101.330535889, "dvar": 42.7524871826, "dmean": 5.21220302582, "max": 146.667602539, "var": 242.496582031, "mean": 18.43683815}, "hfc": {"dmean2": 8.20553874969, "median": 14.316655159, "min": 1.09241925234e-16, "dvar2": 172.145126343, "dvar": 80.734413147, "dmean": 5.72693586349, "max": 131.557617188, "var": 301.483551025, "mean": 18.7544994354}, "barkbands_kurtosis": {"dmean2": 6.05607509613, "median": 3.54825663567, "min": -1.85471475124, "dvar2": 97.2942657471, "dvar": 38.6251296997, "dmean": 3.79923129082, "max": 110.190597534, "var": 107.28401947, "mean": 7.11454582214}, "gfcc": {"mean": [-10.018579483, 85.6021118164, -93.751121521, 30.8773975372, -45.9845199585, 9.20283317566, -35.6701698303, 5.93821382523, -24.8821964264, 0.449619233608, -17.8728637695, -4.01386499405, -13.4527854919], "icov": [[0.000107643078081, -8.20647837827e-05, 0.000174247674295, -9.27053843043e-05, -1.42130090808e-06, -0.000152964930749, 0.000348938949173, -0.000550375960302, 0.00052246573614, -0.000305881811073, 0.000503429560922, -0.000324943859596, 0.000449850602308], [-8.20647837827e-05, 0.00143334525637, 0.000100198296423, -8.19026463432e-05, -0.00066450034501, 0.000843326735776, -0.000107699648652, 0.000853560864925, -0.00101826770697, 0.0020020166412, -0.00205794419162, 0.00193627818953, -0.000443786702817], [0.000174247674295, 0.000100198296423, 0.00196434836835, -0.000541651563253, -0.000739437702578, 0.000512719037943, 0.000711190979928, -0.000494890497066, 0.000736071902793, -0.000442793767434, 0.00139742693864, -0.000502356968354, 0.000943980237935], [-9.27053843043e-05, -8.19026463432e-05, -0.000541651563253, 0.00272104283795, -0.000119707270642, -0.00111233803909, -5.36513070983e-05, 0.000824898597784, -0.00182100071106, 0.00109190226067, -0.000462571391836, -0.000687942956574, -0.000707612198312], [-1.42130090808e-06, -0.00066450034501, -0.000739437702578, -0.000119707270642, 0.0044921906665, -0.0009702591924, -0.00164920696989, 0.000446918216767, -0.000138332339702, -0.000517508655321, 0.00165547698271, -0.00106179516297, -0.00180410873145], [-0.000152964930749, 0.000843326735776, 0.000512719037943, -0.00111233803909, -0.0009702591924, 0.00645528826863, -0.00375314732082, 0.00155712105334, 0.000508151773829, 0.000499942107126, -0.00188039161731, 0.00246563181281, -0.000907347886823], [0.000348938949173, -0.000107699648652, 0.000711190979928, -5.36513070983e-05, -0.00164920696989, -0.00375314732082, 0.00971137173474, -0.00364066520706, 0.00215204013512, -0.000505596515723, -0.00100338400807, -0.000707588740624, 0.00272725825198], [-0.000550375960302, 0.000853560864925, -0.000494890497066, 0.000824898597784, 0.000446918216767, 0.00155712105334, -0.00364066520706, 0.0134794441983, -0.00604988448322, -0.000127644379972, 0.000258750107605, 0.00196828623302, -0.00229501188733], [0.00052246573614, -0.00101826770697, 0.000736071902793, -0.00182100071106, -0.000138332339702, 0.000508151773829, 0.00215204013512, -0.00604988448322, 0.0147222373635, -0.00374144897796, 2.27052714763e-06, 0.000238127307966, 0.000643871142529], [-0.000305881811073, 0.0020020166412, -0.000442793767434, 0.00109190226067, -0.000517508655321, 0.000499942107126, -0.000505596515723, -0.000127644379972, -0.00374144897796, 0.0168379042298, -0.00433190958574, -0.000422609475208, 0.00215923879296], [0.000503429560922, -0.00205794419162, 0.00139742693864, -0.000462571391836, 0.00165547698271, -0.00188039161731, -0.00100338400807, 0.000258750107605, 2.27052714763e-06, -0.00433190958574, 0.0193536151201, -0.00664290646091, 0.00102484389208], [-0.000324943859596, 0.00193627818953, -0.000502356968354, -0.000687942956574, -0.00106179516297, 0.00246563181281, -0.000707588740624, 0.00196828623302, 0.000238127307966, -0.000422609475208, -0.00664290646091, 0.0182957202196, -0.00513923726976], [0.000449850602308, -0.000443786702817, 0.000943980237935, -0.000707612198312, -0.00180410873145, -0.000907347886823, 0.00272725825198, -0.00229501188733, 0.000643871142529, 0.00215923879296, 0.00102484389208, -0.00513923726976, 0.022044159472]], "cov": [[20403.5742188, -822.504577637, -1033.6282959, -215.071960449, -391.350158691, 47.1381530762, -365.377380371, 534.300354004, -406.669708252, 274.261474609, -430.879943848, 83.0794067383, -300.415466309], [-822.504577637, 1315.18383789, -79.5306015015, 104.517753601, 117.069389343, -70.9059677124, -17.8549499512, -76.4395828247, 75.1420898438, -143.446105957, 87.6601867676, -90.0341949463, 37.7261352539], [-1033.6282959, -79.5306015015, 731.513183594, 85.8972854614, 100.361984253, -83.5036697388, -46.0391731262, -19.0330047607, 6.89246511459, -2.41320586205, -46.8257484436, 15.0124397278, 5.1271109581], [-215.071960449, 104.517753601, 85.8972854614, 491.435272217, 82.8360824585, 101.02960968, 33.0349693298, -27.1073131561, 42.8107452393, -33.0637512207, 23.8134765625, 16.3382263184, 27.3084011078], [-391.350158691, 117.069389343, 100.361984253, 82.8360824585, 318.549835205, 81.9216156006, 77.7641448975, -18.7451572418, 2.43807506561, -17.5512275696, -0.880991756916, 6.6164765358, 29.8056144714], [47.1381530762, -70.9059677124, -83.5036697388, 101.02960968, 81.9216156006, 295.770812988, 133.924942017, -13.4366493225, -24.8145980835, -1.44459724426, 25.1876506805, -8.32898616791, 3.09375691414], [-365.377380371, -17.8549499512, -46.0391731262, 33.0349693298, 77.7641448975, 133.924942017, 194.525726318, 12.6609306335, -8.33984088898, 2.03137898445, 27.7316551208, -2.49298977852, -2.56871271133], [534.300354004, -76.4395828247, -19.0330047607, -27.1073131561, -18.7451572418, -13.4366493225, 12.6609306335, 119.567687988, 27.2490177155, 23.4684696198, -17.6179523468, -3.74737763405, -6.85193586349], [-406.669708252, 75.1420898438, 6.89246511459, 42.8107452393, 2.43807506561, -24.8145980835, -8.33984088898, 27.2490177155, 107.716743469, 8.43867874146, 14.80747509, -6.8159365654, 7.68723487854], [274.261474609, -143.446105957, -2.41320586205, -33.0637512207, -17.5512275696, -1.44459724426, 2.03137898445, 23.4684696198, 8.43867874146, 88.2979049683, 3.72395944595, 14.7139091492, -14.3846311569], [-430.879943848, 87.6601867676, -46.8257484436, 23.8134765625, -0.880991756916, 25.1876506805, 27.7316551208, -17.6179523468, 14.80747509, 3.72395944595, 86.1036682129, 15.5648155212, 7.85516500473], [83.0794067383, -90.0341949463, 15.0124397278, 16.3382263184, 6.6164765358, -8.32898616791, -2.49298977852, -3.74737763405, -6.8159365654, 14.7139091492, 15.5648155212, 78.1619491577, 12.7470378876], [-300.415466309, 37.7261352539, 5.1271109581, 27.3084011078, 29.8056144714, 3.09375691414, -2.56871271133, -6.85193586349, 7.68723487854, -14.3846311569, 7.85516500473, 12.7470378876, 58.8726577759]]}, "spectral_energyband_middle_low": {"dmean2": 0.00946862157434, "median": 0.0115758683532, "min": 1.27606480816e-22, "dvar2": 0.000178376227268, "dvar": 7.04731210135e-05, "dmean": 0.00585598545149, "max": 0.126042202115, "var": 0.000170435727341, "mean": 0.01435943041}, "melbands_crest": {"dmean2": 5.22689723969, "median": 13.499127388, "min": 1.69926822186, "dvar2": 19.0644378662, "dvar": 7.09710121155, "dmean": 3.13845705986, "max": 35.3974494934, "var": 19.7345142365, "mean": 13.8176527023}, "spectral_kurtosis": {"dmean2": 2.05678081512, "median": 4.2546877861, "min": -1.25490176678, "dvar2": 8.82758522034, "dvar": 3.21510004997, "dmean": 1.28026163578, "max": 93.8360443115, "var": 37.9368553162, "mean": 5.20410490036}, "spectral_rms": {"dmean2": 0.00154843286145, "median": 0.00490234280005, "min": 3.14820630502e-12, "dvar2": 3.87667205359e-06, "dvar": 1.71118017533e-06, "dmean": 0.00100141414441, "max": 0.0144929783419, "var": 5.89242608839e-06, "mean": 0.00493611721322}, "zerocrossingrate": {"dmean2": 0.0121444882825, "median": 0.05029296875, "min": 0.00390625, "dvar2": 0.00017266163195, "dvar": 0.000145673911902, "dmean": 0.0102835819125, "max": 0.61572265625, "var": 0.00192571000662, "mean": 0.0585320368409}, "silence_rate_60dB": {"dmean2": 0.026848141104, "median": 0, "min": 0, "dvar2": 0.0294848717749, "dvar": 0.013243118301, "dmean": 0.0134228188545, "max": 1, "var": 0.0790158212185, "mean": 0.0864945501089}, "erbbands_kurtosis": {"dmean2": 1.18678104877, "median": -0.393181353807, "min": -1.87296831608, "dvar2": 3.11485505104, "dvar": 1.60171329975, "dmean": 0.776792764664, "max": 65.1742248535, "var": 13.8769626617, "mean": 0.623687505722}, "erbbands": {"dmean2": [0.20054268837, 2.40713238716, 6.5386595726, 12.5141143799, 14.6455078125, 15.5771808624, 12.5345211029, 11.2354154587, 14.1616973877, 26.8087215424, 28.9325904846, 37.0968399048, 21.5869789124, 23.6030731201, 23.0978298187, 19.7065296173, 21.0268955231, 22.5045280457, 19.7820529938, 16.0680809021, 13.8062076569, 12.0634260178, 11.2292757034, 9.82825946808, 8.60798072815, 8.34167194366, 6.03126478195, 3.94217252731, 3.20099067688, 2.49107456207, 2.14874076843, 1.65409982204, 1.0577609539, 0.732581973076, 0.501228749752, 0.32746297121, 0.108184680343, 0.0238166730851, 0.00467983214185, 0.000283151486656], "median": [0.0429806374013, 0.648810386658, 2.33332824707, 5.27083301544, 8.22316646576, 9.75393104553, 8.11141681671, 7.09352445602, 7.97884893417, 9.80345821381, 8.21307277679, 7.83119487762, 7.89746618271, 6.04788446426, 6.93819284439, 5.86054420471, 6.36644792557, 8.78817081451, 10.6574888229, 7.92662143707, 8.16695213318, 8.89496898651, 8.57205200195, 7.218562603, 5.57210445404, 5.63822793961, 4.35226821899, 2.05912017822, 1.64668858051, 1.43744015694, 1.22363197803, 0.807746052742, 0.483989447355, 0.332395195961, 0.196794435382, 0.0983825400472, 0.0267793126404, 0.00474821683019, 0.000549441843759, 6.37915436528e-05], "min": [5.45008474635e-23, 4.04688244464e-22, 2.484995761e-21, 4.99037659656e-21, 1.22251203772e-20, 2.69623414227e-20, 4.8762629921e-20, 1.13225800565e-19, 1.90270475568e-19, 1.90956699435e-19, 2.20276904653e-19, 3.3386314917e-19, 7.66443583607e-19, 8.59561011222e-19, 1.26232362668e-18, 1.56791185551e-18, 2.24916054061e-18, 2.46163966533e-18, 2.84329211456e-18, 4.36642878691e-18, 4.01027335287e-18, 6.10843145227e-18, 5.14064419766e-18, 5.17299192269e-18, 8.74446209063e-18, 7.00455384657e-18, 7.28196458142e-18, 1.01800299078e-17, 1.06333439086e-17, 9.15281717081e-18, 1.29620723999e-17, 1.22216158843e-17, 1.13519256329e-17, 8.65375015593e-18, 6.72407716678e-18, 4.39761597754e-18, 2.26820844216e-18, 1.01176089976e-18, 2.49508433525e-19, 2.73332269142e-20], "dvar2": [0.226101964712, 30.4713802338, 140.213134766, 557.085693359, 520.756103516, 565.026916504, 386.337432861, 437.44430542, 748.901611328, 3675.26123047, 5579.12890625, 15350.5117188, 2811.31347656, 5054.10839844, 4894.57324219, 3112.42651367, 3937.78173828, 3402.86987305, 1642.29626465, 1330.26416016, 1006.85137939, 580.83026123, 348.289642334, 309.188049316, 353.510498047, 204.697463989, 119.304496765, 96.2216415405, 56.6580238342, 29.8916606903, 24.0764808655, 15.9391469955, 6.0915646553, 2.45454454422, 1.15036547184, 0.58091878891, 0.0700800716877, 0.00323494710028, 0.000146808932186, 5.66106507449e-07], "dvar": [0.0845093131065, 12.0751104355, 55.056388855, 205.188598633, 190.871780396, 207.318374634, 152.699005127, 159.385803223, 301.092346191, 1666.10144043, 2638.03686523, 6858.85839844, 1158.55065918, 2066.99902344, 2207.26831055, 1389.44934082, 1741.61779785, 1571.81787109, 639.282470703, 547.194458008, 400.616973877, 236.452133179, 137.979919434, 122.08581543, 135.06427002, 85.506690979, 48.5324897766, 35.950630188, 21.493188858, 12.3604240417, 11.0949697495, 7.95597743988, 2.91739320755, 1.11303031445, 0.527434945107, 0.246329918504, 0.0290372911841, 0.00141512462869, 6.07744514127e-05, 2.32215086271e-07], "dmean": [0.117516197264, 1.42507398129, 3.86999773979, 7.31072759628, 8.59653759003, 9.21349620819, 7.596575737, 6.70363330841, 8.62755584717, 16.8306808472, 19.1232891083, 24.0120658875, 13.7254772186, 14.7136716843, 14.9214420319, 12.8021879196, 13.7930679321, 14.4295549393, 12.4903831482, 10.0838079453, 8.66037654877, 7.64009714127, 7.00452327728, 6.13996982574, 5.34739303589, 5.3503947258, 3.85461807251, 2.47550082207, 2.02711319923, 1.63538777828, 1.45390725136, 1.12726759911, 0.720905601978, 0.498060435057, 0.34443089366, 0.219031319022, 0.0720138698816, 0.0159859079868, 0.00306745991111, 0.000184574862942], "max": [4.04381847382, 41.1234588623, 92.5925140381, 215.470672607, 188.988204956, 175.425048828, 396.984344482, 292.433227539, 342.720428467, 1122.10144043, 1203.31188965, 2207.29174805, 860.705932617, 1386.17419434, 1422.15075684, 1336.38708496, 1132.12011719, 1813.62878418, 686.6328125, 557.538757324, 602.92767334, 466.169891357, 196.419464111, 204.49067688, 272.618621826, 166.19720459, 135.901138306, 134.346481323, 82.3014678955, 90.1474456787, 96.9186096191, 89.4872741699, 37.1667327881, 23.9472827911, 19.0259513855, 9.91221427917, 4.52430438995, 0.499463200569, 0.102532818913, 0.00658060796559], "var": [0.0805584713817, 10.8342065811, 66.0220870972, 235.316757202, 239.263671875, 328.873718262, 287.599395752, 258.549224854, 540.719909668, 5710.32958984, 5731.03955078, 18671.5214844, 2631.58886719, 4432.50244141, 4944.06152344, 3273.24365234, 3762.06396484, 4546.50390625, 1528.77990723, 992.996643066, 1019.98571777, 584.173339844, 276.541625977, 234.516967773, 192.019729614, 228.262954712, 111.695320129, 49.952255249, 33.7535171509, 25.6841239929, 27.0695781708, 21.7932243347, 6.46410989761, 2.47321486473, 1.22414374352, 0.426092892885, 0.0443863682449, 0.00214458676055, 7.3116265412e-05, 2.54795594401e-07], "mean": [0.135521799326, 1.5863339901, 5.4329161644, 10.4145593643, 12.9174041748, 15.3276996613, 13.0501213074, 11.9014015198, 14.9451198578, 31.2052898407, 31.8456249237, 40.8316650391, 23.8014736176, 24.201051712, 26.2316322327, 23.5457191467, 24.1881694794, 26.4434890747, 23.5205059052, 18.3654899597, 17.3049030304, 15.4909152985, 13.9297962189, 12.3442029953, 9.90263271332, 11.2427873611, 8.0137090683, 4.4950709343, 3.70423650742, 3.21390795708, 2.83848977089, 2.2092795372, 1.34480214119, 0.954792201519, 0.670284926891, 0.395172119141, 0.122211396694, 0.0253364816308, 0.00413374556229, 0.000251193792792]}, "spectral_strongpeak": {"dmean2": 0.744028329849, "median": 0.373950541019, "min": 0, "dvar2": 1.28985238075, "dvar": 0.524841547012, "dmean": 0.439871758223, "max": 11.0117349625, "var": 1.12548923492, "mean": 0.759883105755}, "spectral_energy": {"dmean2": 0.0206210613251, "median": 0.024633789435, "min": 1.01589823424e-20, "dvar2": 0.00106606038753, "dvar": 0.000444069126388, "dmean": 0.012995434925, "max": 0.215297579765, "var": 0.000781325041316, "mean": 0.0310140959918}, "average_loudness": 0.883422136307, "spectral_rolloff": {"dmean2": 668.432983398, "median": 689.0625, "min": 21.533203125, "dvar2": 1413511.25, "dvar": 629009.875, "dmean": 401.6043396, "max": 21231.7382813, "var": 2963915.75, "mean": 1170.95153809}, "spectral_centroid": {"dmean2": 343.829528809, "median": 1070.2232666, "min": 155.10256958, "dvar2": 149658.484375, "dvar": 71544.875, "dmean": 218.753540039, "max": 11756.1865234, "var": 659779.8125, "mean": 1168.73022461}, "pitch_salience": {"dmean2": 0.123663589358, "median": 0.583353459835, "min": 0.112179689109, "dvar2": 0.012586359866, "dvar": 0.00474808784202, "dmean": 0.0748223438859, "max": 0.983016848564, "var": 0.0122002391145, "mean": 0.571342885494}, "spectral_energyband_middle_high": {"dmean2": 0.002207682468, "median": 0.00237621925771, "min": 1.26982634466e-21, "dvar2": 1.55167363118e-05, "dvar": 7.53065160097e-06, "dmean": 0.00150070339441, "max": 0.0539938732982, "var": 3.49587826349e-05, "mean": 0.00438557006419}, "spectral_contrast_coeffs": {"dmean2": [0.0887294337153, 0.0773211270571, 0.0616676136851, 0.0465338863432, 0.031903129071, 0.0269096698612], "median": [-0.638689100742, -0.739410221577, -0.779182434082, -0.791845440865, -0.801256000996, -0.789723515511], "min": [-0.973099112511, -0.993772685528, -0.992454409599, -0.997447967529, -0.981629014015, -0.964917361736], "dvar2": [0.00543352914974, 0.00392781803384, 0.00249107787386, 0.00139714532997, 0.00063772656722, 0.000675127783325], "dvar": [0.0019755109679, 0.00151049881242, 0.000997099326923, 0.000584223365877, 0.00025638032821, 0.000271196855465], "dmean": [0.0528972223401, 0.046587318182, 0.0379185751081, 0.0290373954922, 0.0196684673429, 0.0167263317853], "max": [-0.335092157125, -0.437815755606, -0.476346254349, -0.558123171329, -0.627053141594, -0.634086370468], "var": [0.00584233552217, 0.00605674926192, 0.00514643499628, 0.00342238042504, 0.00149760092609, 0.00151010008994], "mean": [-0.638851940632, -0.7342851758, -0.768424272537, -0.78280544281, -0.799815177917, -0.788802266121]}, "melbands_skewness": {"dmean2": 1.31219136715, "median": 3.0024266243, "min": -1.0615298748, "dvar2": 2.03110551834, "dvar": 0.891524910927, "dmean": 0.844781160355, "max": 15.2013034821, "var": 3.84619736671, "mean": 3.26672387123}, "spectral_spread": {"dmean2": 776469.375, "median": 4870986, "min": 1220623, "dvar2": 1118835572740.0, "dvar": 612016979968, "dmean": 556406.8125, "max": 42622612, "var": 6623909642240.0, "mean": 5179534.5}, "dissonance": {"dmean2": 0.0286476761103, "median": 0.471321940422, "min": 0.171800076962, "dvar2": 0.000753522908781, "dvar": 0.000275474012597, "dmean": 0.017140455544, "max": 0.500000059605, "var": 0.00123636738863, "mean": 0.462461858988}, "spectral_skewness": {"dmean2": 0.282554298639, "median": 1.64754283428, "min": -0.0867142379284, "dvar2": 0.0876278877258, "dvar": 0.0373014770448, "dmean": 0.183273822069, "max": 8.5290222168, "var": 0.464799046516, "mean": 1.69929301739}, "spectral_flux": {"dmean2": 0.0461433790624, "median": 0.0813261047006, "min": 6.3685959284e-11, "dvar2": 0.00342328101397, "dvar": 0.00145016715396, "dmean": 0.0290708635002, "max": 0.391226887703, "var": 0.0034475964494, "mean": 0.0901665911078}, "spectral_contrast_valleys": {"dmean2": [0.688281297684, 0.585829555988, 0.507576823235, 0.443965196609, 0.374558180571, 0.340107113123], "median": [-6.75310325623, -6.58315229416, -7.35897254944, -7.63247776031, -7.36472034454, -9.87254905701], "min": [-27.7881774902, -27.7505626678, -28.0511493683, -27.6108150482, -27.459980011, -27.3083763123], "dvar2": [0.342854529619, 0.265395462513, 0.203702971339, 0.166015312076, 0.162319153547, 0.175400257111], "dvar": [0.148465290666, 0.120805822313, 0.0988741517067, 0.0874221250415, 0.0906006470323, 0.110197611153], "dmean": [0.420244634151, 0.361270308495, 0.321189850569, 0.291802763939, 0.264616370201, 0.268979996443], "max": [-4.87297058105, -4.65861415863, -4.91278266907, -5.53444004059, -5.60254383087, -7.72330236435], "var": [3.06279754639, 3.17009139061, 2.94718432426, 2.94577240944, 3.05435752869, 2.78844738007], "mean": [-7.08421325684, -6.97533464432, -7.66787099838, -7.97473621368, -7.75637435913, -10.2022953033]}, "erbbands_flatness_db": {"dmean2": 0.0218787528574, "median": 0.125359967351, "min": 0.0159501731396, "dvar2": 0.00043700626702, "dvar": 0.000252064608503, "dmean": 0.015776347369, "max": 0.416422367096, "var": 0.00252067763358, "mean": 0.131854608655}, "spectral_energyband_high": {"dmean2": 0.000441034731921, "median": 0.000398477393901, "min": 7.0858205742e-21, "dvar2": 7.24029007415e-07, "dvar": 3.33232094363e-07, "dmean": 0.000313701835694, "max": 0.00959269702435, "var": 8.95227117326e-07, "mean": 0.000755710701924}, "spectral_entropy": {"dmean2": 0.228638827801, "median": 7.64421319962, "min": 4.4421339035, "dvar2": 0.0520574301481, "dvar": 0.0271686464548, "dmean": 0.158011719584, "max": 9.81719303131, "var": 0.300351053476, "mean": 7.55531024933}, "silence_rate_20dB": {"dmean2": 0, "median": 1, "min": 1, "dvar2": 0, "dvar": 0, "dmean": 0, "max": 1, "var": 0, "mean": 1}, "melbands_flatness_db": {"dmean2": 0.0421472713351, "median": 0.205901190639, "min": 0.00405554287136, "dvar2": 0.00168198824394, "dvar": 0.000738473259844, "dmean": 0.0273381378502, "max": 0.57958728075, "var": 0.00611551338807, "mean": 0.215171977878}, "barkbands": {"dmean2": [0.000241947403993, 0.00932874623686, 0.00663321604952, 0.00462283147499, 0.00436952151358, 0.00146774260793, 0.00125107332133, 0.00140946125612, 0.00151556509081, 0.000780292029958, 0.000667398737278, 0.000485957309138, 0.000472231127787, 0.000502595154103, 0.000372729846276, 0.000247655698331, 0.000263118068688, 0.000204642172321, 0.000190200662473, 0.000171532301465, 0.00012042059825, 8.51099466672e-05, 7.55340006435e-05, 6.81161982357e-05, 6.44124811515e-05, 6.30663125776e-05, 2.69833490165e-05], "median": [2.86464419332e-05, 0.00247384328395, 0.00208103074692, 0.00184068595991, 0.00293970829807, 0.00088763225358, 0.000573285855353, 0.000343331921613, 0.000316788908094, 0.000209350720979, 0.000142745760968, 0.000116701194202, 0.000120626740681, 0.000168795755599, 0.000166586469277, 0.000117248673632, 0.000168999278685, 0.000140485251904, 0.000126450089738, 0.000116107192298, 7.06797727617e-05, 4.44389988843e-05, 4.50703591923e-05, 3.26251101797e-05, 2.91941687465e-05, 1.74831548065e-05, 3.10281666316e-06], "min": [4.61338331236e-25, 2.87237784555e-24, 2.17977453685e-24, 2.90322960391e-24, 6.50386983489e-24, 1.11997249064e-23, 6.83540953512e-24, 1.04911227097e-23, 9.24531412511e-24, 2.38418078251e-23, 1.58095456243e-23, 3.83811248867e-23, 4.43776479022e-23, 4.39696237985e-23, 5.85149062262e-23, 6.19495750531e-23, 9.46186149231e-23, 8.57289413821e-23, 1.54695093399e-22, 1.47608661224e-22, 2.23147898916e-22, 3.11353074679e-22, 4.30733604277e-22, 6.29861635262e-22, 8.12815619552e-22, 1.41349717633e-21, 1.93849695772e-21], "dvar2": [3.47916824239e-07, 0.000475694861962, 0.000145277896081, 7.07740473445e-05, 4.3885436753e-05, 6.68124630465e-06, 7.01335238773e-06, 1.20855293062e-05, 2.11523802136e-05, 4.08394726037e-06, 3.87259660783e-06, 2.17108868128e-06, 1.89066645362e-06, 1.47842433762e-06, 6.70332781283e-07, 2.89213375027e-07, 3.73093712369e-07, 1.12548924847e-07, 1.50005931232e-07, 8.53412913671e-08, 6.0931277801e-08, 4.00928001909e-08, 2.78216525373e-08, 2.44572042618e-08, 1.86581754491e-08, 2.25008580657e-08, 4.85584727983e-09], "dvar": [1.50967878199e-07, 0.000186319302884, 5.46429764654e-05, 2.58458330791e-05, 1.61257248692e-05, 2.58919703811e-06, 2.90365710498e-06, 5.91709658693e-06, 9.30726582737e-06, 1.64234120348e-06, 1.63778963724e-06, 9.46269040014e-07, 8.20587615635e-07, 6.72874875818e-07, 2.63055483174e-07, 1.22589199236e-07, 1.51916168534e-07, 4.47932926306e-08, 5.77152547976e-08, 3.48891120439e-08, 2.37282549165e-08, 1.53861048346e-08, 1.27025820973e-08, 1.23519567907e-08, 8.69903793443e-09, 9.49941281192e-09, 2.03555972078e-09], "dmean": [0.000153350149048, 0.00557400099933, 0.00387751567177, 0.00270565017127, 0.00256613409147, 0.000879300001543, 0.000773278821725, 0.000933007395361, 0.000967869709712, 0.000484617892653, 0.000423804536695, 0.00031099061016, 0.000304647692246, 0.000321730942233, 0.000232701931964, 0.000155788657139, 0.000166491343407, 0.000127061619423