{"tonal": {"thpcp": [1, 0.520420193672, 0.281278073788, 0.39621540904, 0.491501510143, 0.343767374754, 0.191528901458, 0.212748080492, 0.361874252558, 0.420732110739, 0.323900789022, 0.24144411087, 0.231656000018, 0.399494975805, 0.796561360359, 0.978384554386, 0.645298540592, 0.30564725399, 0.398407757282, 0.606934905052, 0.589502513409, 0.464763849974, 0.35504001379, 0.335453480482, 0.428033351898, 0.518715560436, 0.626942932606, 0.781582057476, 0.634797155857, 0.335315167904, 0.243184104562, 0.233406618237, 0.214089393616, 0.206413522363, 0.363581895828, 0.875740170479], "hpcp": {"dmean2": [0.110702432692, 0.105657495558, 0.111053273082, 0.165832310915, 0.228620857, 0.218059390783, 0.19885379076, 0.154910057783, 0.171576887369, 0.176184028387, 0.144836634398, 0.100755847991, 0.102965764701, 0.121362835169, 0.128994822502, 0.125529140234, 0.105582214892, 0.116670534015, 0.173085600138, 0.238277927041, 0.250527441502, 0.233775094151, 0.147860273719, 0.147018253803, 0.193171232939, 0.182995945215, 0.166578695178, 0.159058317542, 0.170401901007, 0.192929849029, 0.210548475385, 0.231943294406, 0.205221191049, 0.199734628201, 0.141500338912, 0.110810875893], "median": [0.00768559379503, 0.00737269036472, 0.00602192990482, 0.0195185039192, 0.0730819404125, 0.0887136757374, 0.0456248708069, 0.0139377610758, 0.021528635174, 0.0263315588236, 0.01789425686, 0.00711348373443, 0.0105286538601, 0.0175433382392, 0.018606223166, 0.0137145463377, 0.00887942686677, 0.00813672319055, 0.0189816597849, 0.0796388611197, 0.120824858546, 0.0680123120546, 0.0182802584022, 0.0299288630486, 0.0419227033854, 0.0517122000456, 0.0243068691343, 0.015424374491, 0.00750315608457, 0.00855155009776, 0.0165012683719, 0.0468421280384, 0.0639854222536, 0.0477684736252, 0.0162384584546, 0.0067651909776], "min": [2.54646602116e-06, 4.8472029448e-06, 2.48462970376e-06, 6.61839249005e-06, 1.65388973983e-05, 2.87373259198e-05, 1.48422650454e-05, 3.96338100472e-06, 4.04038610213e-06, 5.9212125052e-06, 3.9123337956e-06, 2.83774738818e-06, 4.01643774239e-06, 5.34601576874e-06, 5.15760029884e-06, 4.65551374873e-06, 3.47416198565e-06, 4.04426646128e-06, 4.20999094786e-06, 1.40503780131e-05, 2.31587273447e-05, 1.5656958567e-05, 6.25589382253e-06, 4.33944660472e-06, 5.90609943174e-06, 8.43162888486e-06, 2.78739571513e-06, 3.18475258609e-06, 3.05504727294e-06, 2.77844401353e-06, 7.86484815762e-06, 2.26009033213e-05, 4.68992584501e-06, 5.54358894078e-06, 3.71509349861e-06, 2.20324454858e-06], "dvar2": [0.0624949894845, 0.0572205111384, 0.0634626895189, 0.0788595676422, 0.100295513868, 0.0930483043194, 0.0809083357453, 0.0712894871831, 0.079402692616, 0.0779566913843, 0.06273239851, 0.0439412072301, 0.0432604141533, 0.0494283773005, 0.0578082725406, 0.0574318468571, 0.0493692085147, 0.0595872327685, 0.0824905112386, 0.106444194913, 0.102836430073, 0.0944818481803, 0.0647973194718, 0.0662228614092, 0.0912106409669, 0.0836326926947, 0.0853720530868, 0.0919890850782, 0.108185939491, 0.119351454079, 0.116457469761, 0.115831904113, 0.0872487723827, 0.0873671621084, 0.0682877004147, 0.059132155031], "dvar": [0.0226150602102, 0.0208096578717, 0.0223471447825, 0.0288452524692, 0.0406577624381, 0.0394380763173, 0.0305894780904, 0.0260911397636, 0.0295656062663, 0.0314868874848, 0.0233336072415, 0.0154967298731, 0.0159881822765, 0.020215973258, 0.0236545875669, 0.0221855342388, 0.0183244589716, 0.0221207980067, 0.0333265699446, 0.0423693060875, 0.0437519475818, 0.038048479706, 0.0241381712258, 0.0244675185531, 0.0365532264113, 0.0321833230555, 0.0343492999673, 0.034941483289, 0.0401130355895, 0.0470063760877, 0.0480959638953, 0.045216742903, 0.0363846942782, 0.0338744819164, 0.0246233772486, 0.0213877689093], "dmean": [0.0621059574187, 0.0591871403158, 0.0617721788585, 0.0951380208135, 0.137137144804, 0.13116158545, 0.117021501064, 0.0868765041232, 0.0982607081532, 0.102680556476, 0.083438962698, 0.0560889020562, 0.0583765171468, 0.0720802396536, 0.0766138583422, 0.0739839822054, 0.060838740319, 0.0656757205725, 0.100826337934, 0.140815317631, 0.152396947145, 0.137834131718, 0.0841140970588, 0.085669785738, 0.114382527769, 0.107921093702, 0.0977582931519, 0.091843791306, 0.0954351350665, 0.110412746668, 0.122450165451, 0.135184556246, 0.123402632773, 0.117677055299, 0.0804719924927, 0.0625605434179], "max": [1, 1, 1, 1, 1, 1, 1, 1, 1, 1, 1, 1, 1, 1, 1, 1, 1, 1, 1, 1, 1, 1, 1, 1, 1, 1, 1, 1, 1, 1, 1, 1, 1, 1, 1, 1], "var": [0.0276614688337, 0.0237074792385, 0.0221887957305, 0.0372386313975, 0.10618212074, 0.129124805331, 0.0476327799261, 0.0259956959635, 0.0407660678029, 0.0590950585902, 0.0307793747634, 0.0153155978769, 0.0192660931498, 0.0435238555074, 0.0557329021394, 0.033612947911, 0.0241527277976, 0.0233077071607, 0.0446577370167, 0.0914002433419, 0.110649287701, 0.0628548711538, 0.029165495187, 0.0338234528899, 0.0722472444177, 0.061011441052, 0.0590387135744, 0.0422441586852, 0.045223750174, 0.0622836872935, 0.0734042972326, 0.0716185942292, 0.0975189879537, 0.0717730820179, 0.0382389165461, 0.029071688652], "mean": [0.0668153688312, 0.0612855888903, 0.0590882822871, 0.104079566896, 0.250690847635, 0.286261677742, 0.148976355791, 0.0805191323161, 0.113421283662, 0.140698045492, 0.0984074249864, 0.0548273846507, 0.0609016232193, 0.103590726852, 0.120439477265, 0.0927203819156, 0.0691161975265, 0.0663142353296, 0.114360101521, 0.228024989367, 0.280074000359, 0.184724241495, 0.0874950960279, 0.114048875868, 0.173742204905, 0.168751984835, 0.133044078946, 0.101634353399, 0.0960274785757, 0.122529543936, 0.148488387465, 0.17946973443, 0.223736986518, 0.181718096137, 0.0959878861904, 0.0696142911911]}, "tuning_equal_tempered_deviation": 0.288527190685, "chords_changes_rate": 0.076070189476, "key_key": "D#", "tuning_diatonic_strength": 0.47408246994, "key_scale": "major", "chords_number_rate": 0.00163902819622, "tuning_frequency": 434.193115234, "tuning_nontempered_energy_ratio": 0.894061028957, "chords_histogram": [17.2580032349, 3.84689545631, 8.87003517151, 0.501349806786, 2.75742387772, 0.56883919239, 7.53952932358, 0.694176614285, 3.08522939682, 0.7038179636, 0.83879673481, 1.03162360191, 1.63902819157, 0.896644830704, 1.2822984457, 1.50404942036, 6.70073270798, 4.155418396, 0.520632445812, 4.81102991104, 2.09217119217, 7.02853822708, 4.23254919052, 17.4411869049], "key_strength": 0.63889414072, "chords_key": "C", "chords_strength": {"dmean2": 0.0105704544112, "median": 0.483602106571, "min": 0.19750417769, "dvar2": 9.63110433077e-05, "dvar": 7.72543862695e-05, "dmean": 0.0104909269139, "max": 0.815697968006, "var": 0.0108953202143, "mean": 0.483993262053}, "chords_scale": "minor", "hpcp_entropy": {"dmean2": 1.10745298862, "median": 2.35987114906, "min": 0.0366164408624, "dvar2": 0.827934324741, "dvar": 0.315764755011, "dmean": 0.660189151764, "max": 4.81087207794, "var": 0.795100748539, "mean": 2.33752465248}}, "metadata": {"audio_properties": {"equal_loudness": 0, "codec": "mp3", "downmix": "mix", "sample_rate": 44100, "analysis_sample_rate": 44100, "bit_rate": 196311, "md5_encoded": "5be26e6c06e459e243c43a5f28a16c8d", "length": 481.594543457, "replay_gain": 0.54490852356, "lossless": false}, "version": {"essentia_build_sha": "ca57ba49d9b1854bd80e60cf9ccf267278fb7d6b", "essentia": "2.1-beta1", "extractor": "music 1.0", "essentia_git_sha": "v2.1_beta1-28-g21ef5f4-dirty"}, "tags": {"title": ["A Remark You Made"], "albumartist": ["Weather Report"], "date": ["1994"], "genre": ["Instrumental", "Jazz Fusion", "Free Jazz", "Jazz", "Lounge", "Fusion", "Experimental", "Rock", "Acid Jazz", "Progressive Rock", "Funk"], "musicbrainz_recordingid": ["0d202ca5-c912-4d76-8044-b805c17b93ad"], "musicbrainz_albumid": ["6ed663e6-b140-4d80-8394-8d9547e185b8"], "artist": ["Weather Report"], "tracknumber": ["3/12"], "album": ["8:30"], "albumartistsort": ["Weather Report"], "musicbrainz_artistid": ["0f9997bd-e079-429e-8ccd-9378c9b0c746"], "file_name": "03 - Weather Report - A Remark You Made.mp3"}}, "rhythm": {"bpm_histogram_first_peak_bpm": {"dmean2": 0, "median": 112, "min": 112, "dvar2": 0, "dvar": 0, "dmean": 0, "max": 112, "var": 0, "mean": 112}, "bpm": 111.623764038, "bpm_histogram_second_peak_spread": {"dmean2": 0, "median": 0.51891887188, "min": 0.51891887188, "dvar2": 0, "dvar": 0, "dmean": 0, "max": 0.51891887188, "var": 0, "mean": 0.51891887188}, "bpm_histogram_first_peak_weight": {"dmean2": 0, "median": 0.129411771894, "min": 0.129411771894, "dvar2": 0, "dvar": 0, "dmean": 0, "max": 0.129411771894, "var": 0, "mean": 0.129411771894}, "onset_rate": 2.18223333359, "beats_position": [0.452789098024, 0.917188167572, 1.38158726692, 1.84598636627, 2.31038546562, 2.76317453384, 3.21596360207, 3.68036270142, 4.14476203918, 4.59755086899, 5.06195020676, 5.52634906769, 6.01396799088, 6.51319694519, 7.01242637634, 7.50004529953, 7.98766422272, 8.46367359161, 8.93968200684, 9.42730140686, 9.91492080688, 10.4025392532, 10.8901586533, 11.3777770996, 11.8653964996, 12.3530158997, 12.8522443771, 13.3514738083, 13.8158731461, 14.2802715302, 14.7446708679, 15.1974601746, 15.6502494812, 16.0914287567, 16.5326080322, 16.9737873077, 17.4149665833, 17.8561439514, 18.2973232269, 18.7385025024, 19.1680717468, 19.5976409912, 20.0272102356, 20.45677948, 20.8979587555, 21.3275279999, 21.7687072754, 22.221496582, 22.7555541992, 23.2896137238, 23.8236732483, 24.3577327728, 24.89179039, 25.4258499146, 25.9599094391, 26.4939670563, 27.0164165497, 27.5388660431, 28.0613155365, 28.5837631226, 29.0946025848, 29.6054420471, 30.1162815094, 30.6271190643, 31.1263484955, 31.66040802, 32.2060775757, 32.7633552551, 33.2974128723, 33.843082428, 34.3771438599, 34.9228096008, 35.4684791565, 36.0141487122, 36.5598182678, 37.1054878235, 37.6511573792, 38.1968231201, 38.823764801, 39.462310791, 40.124080658, 40.7858505249, 41.4592285156, 42.1326065063, 42.7943763733, 43.4445343018, 44.0946922302, 44.7332420349, 45.3717918396, 45.9987297058, 46.6372795105, 47.287437439, 48.0420837402, 48.7967338562, 49.5513839722, 50.3060302734, 50.9910202026, 51.6760063171, 52.3145561218, 52.9531059265, 53.6148757935, 54.2650337219, 54.9151916504, 55.5537414551, 56.1922874451, 56.819229126, 57.4461669922, 58.0731048584, 58.7000427246, 59.3385925293, 59.977142334, 60.6156921387, 61.2426300049, 61.8811798096, 62.5081176758, 63.135055542, 63.7619934082, 64.3192749023, 64.8765487671, 65.4338302612, 65.9911117554, 66.5483856201, 67.1056671143, 67.6629486084, 68.2202224731, 68.7891159058, 69.358001709, 69.9268951416, 70.4957809448, 71.053062439, 71.6103363037, 72.1676177979, 72.7132873535, 73.2589569092, 73.8162307739, 74.3619003296, 74.9075698853, 75.4532394409, 75.9989089966, 76.5445785522, 77.0902481079, 77.6243057251, 78.1583633423, 78.6924285889, 79.2380905151, 79.7721557617, 80.2946014404, 80.8286590576, 81.3627166748, 81.8967819214, 82.4308395386, 82.9648971558, 83.5105667114, 84.0562362671, 84.6019058228, 85.1475753784, 85.6932373047, 86.2273025513, 86.7613601685, 87.2954177856, 87.8294754028, 88.3519287109, 88.8859863281, 89.4664840698, 90.0469818115, 90.6274795532, 91.2544174194, 91.8813552856, 92.5199050903, 93.158454895, 93.7041244507, 94.2497940063, 94.7838516235, 95.3179092407, 95.8519744873, 96.3860321045, 96.9317016602, 97.4773712158, 98.011428833, 98.5454864502, 99.0911560059, 99.6368255615, 100.170883179, 100.704940796, 101.250610352, 101.784667969, 102.330337524, 102.759910583, 103.189476013, 103.619049072, 104.048614502, 104.478187561, 104.907752991, 105.33732605, 105.766891479, 106.196456909, 106.626029968, 106.997550964, 107.36907196, 107.728981018, 108.088890076, 108.460403442, 108.831924438, 109.203445435, 109.574966431, 109.946479797, 110.306388855, 110.666305542, 111.037818909, 111.409339905, 111.780860901, 112.163986206, 112.535507202, 112.89541626, 113.266937256, 113.638458252, 114.009971619, 114.381492615, 114.753013611, 115.136146545, 115.519271851, 115.937232971, 116.355194092, 116.773147583, 117.202720642, 117.632286072, 118.061859131, 118.491424561, 118.967437744, 119.443443298, 119.907844543, 120.430290222, 120.964347839, 121.498413086, 122.032470703, 122.578140259, 123.123809814, 123.66947937, 124.203536987, 124.749206543, 125.329704285, 125.910202026, 126.467483521, 127.013153076, 127.570426941, 128.127700806, 128.6849823, 129.242263794, 129.799545288, 130.345214844, 130.902496338, 131.448165894, 132.005432129, 132.562713623, 133.119995117, 133.677276611, 134.222946167, 134.768615723, 135.314285278, 135.859954834, 136.40562439, 136.962905884, 137.520172119, 138.077453613, 138.599899292, 139.122360229, 139.644805908, 140.097595215, 140.550384521, 141.003173828, 141.479187012, 141.955184937, 142.43119812, 142.907211304, 143.383224487, 143.859222412, 144.265579224, 144.671920776, 145.078277588, 145.496231079, 145.902587891, 146.320541382, 146.726898193, 147.144851685, 147.562805176, 147.980773926, 148.410339355, 148.839904785, 149.281082153, 149.722259521, 150.15184021, 150.58140564, 150.999359131, 151.417327881, 151.858505249, 152.288070679, 152.729248047, 153.158813477, 153.588394165, 154.029571533, 154.470748901, 154.900314331, 155.329879761, 155.759460449, 156.200637817, 156.641815186, 157.071380615, 157.512557983, 157.942123413, 158.371704102, 158.801269531, 159.219223022, 159.637191772, 160.055145264, 160.473098755, 160.891067505, 161.309020996, 161.726974487, 162.144943237, 162.562896729, 162.980865479, 163.39881897, 163.863220215, 164.339233398, 164.815231323, 165.291244507, 165.778869629, 166.266479492, 166.812149048, 167.369430542, 167.996368408, 168.623306274, 169.250244141, 169.946838379, 170.643447876, 171.386474609, 172.129516602, 172.872558594, 173.615600586, 174.254150391, 174.904312134, 175.473190308, 176.053695679, 176.622589111, 177.191467285, 177.748748779, 178.317642212, 178.886520386, 179.455413818, 179.896591187, 180.337768555, 180.778961182, 181.22013855, 181.638092041, 182.067657471, 182.4972229, 182.926803589, 183.356369019, 183.785934448, 184.215499878, 184.563812256, 184.900497437, 185.248794556, 185.585479736, 185.922180176, 186.258865356, 186.607162476, 186.943847656, 187.326980591, 187.710113525, 188.10484314, 188.487976074, 188.871109009, 189.265853882, 189.660583496, 190.055328369, 190.450057983, 190.856414795, 191.262756348, 191.820037842, 192.377319336, 192.922988892, 193.468658447, 194.002716064, 194.54838562, 195.094055176, 195.628112793, 196.173782349, 196.719451904, 197.276733398, 197.810791016, 198.356460571, 198.87890625, 199.412963867, 199.947021484, 200.481079102, 201.015136719, 201.549209595, 202.083267212, 202.617324829, 203.151382446, 203.685440063, 204.231109619, 204.765167236, 205.310836792, 205.856506348, 206.402175903, 206.947845459, 207.493515015, 208.027572632, 208.561630249, 209.095687866, 209.641357422, 210.187026978, 210.744308472, 211.289978027, 211.847259521, 212.404525757, 212.961807251, 213.530700684, 214.087982178, 214.633651733, 215.190933228, 215.736587524, 216.293869019, 216.827926636, 217.373596191, 217.919265747, 218.464935303, 218.99899292, 219.544662476, 220.055511475, 220.577957153, 221.100402832, 221.588027954, 222.087249756, 222.574874878, 223.004440308, 223.434005737, 223.851974487, 224.281539917, 224.699493408, 225.129058838, 225.558639526, 225.999816895, 226.440994263, 226.882171631, 227.323348999, 227.764526367, 228.194107056, 228.623672485, 229.053237915, 229.482803345, 229.923980713, 230.36517334, 230.817947388, 231.247528076, 231.688705444, 232.118270874, 232.547836304, 232.977416992, 233.406982422, 233.836547852, 234.27772522, 234.707290649, 235.148483276, 235.589660645, 236.042449951, 236.495239258, 236.936416626, 237.377593994, 237.818771362, 238.25994873, 238.701126099, 239.153915405, 239.606704712, 240.059494019, 240.500671387, 240.941848755, 241.394638062, 241.835830688, 242.323440552, 242.811065674, 243.298675537, 243.774688721, 244.250701904, 244.738311768, 245.318817139, 245.887710571, 246.456588745, 247.025482178, 247.605987549, 248.174865723, 248.732147217, 249.289428711, 249.904754639, 250.520080566, 251.147018433, 251.762359619, 252.377685547, 252.934967041, 253.492233276, 254.049514771, 254.606796265, 255.175689697, 255.75617981, 256.336669922, 256.917175293, 257.486083984, 258.054962158, 258.623840332, 259.181121826, 259.750030518, 260.295684814, 260.841369629, 261.387023926, 261.93270874, 262.478363037, 263.024017334, 263.569702148, 264.103759766, 264.637817383, 265.171875, 265.705932617, 266.170349121, 266.634735107, 267.099121094, 267.563537598, 268.039550781, 268.503936768, 269.026397705, 269.560455322, 270.094512939, 270.616943359, 271.151000977, 271.673461914, 272.195922852, 272.718353271, 273.240814209, 273.763275146, 274.297332764, 274.819763184, 275.435089111, 276.050415039, 276.665740967, 277.281097412, 277.89642334, 278.50012207, 279.115447998, 279.637908936, 280.171966553, 280.70602417, 281.228485107, 281.750915527, 282.284973145, 282.830657959, 283.376312256, 283.92199707, 284.467651367, 285.024932861, 285.663482666, 286.290435791, 286.928985596, 287.5675354, 288.194458008, 288.821411133, 289.459960938, 290.086883545, 290.71383667, 291.340759277, 291.967712402, 292.59463501, 293.140319824, 293.674377441, 294.220031738, 294.765716553, 295.31137085, 295.857055664, 296.402709961, 296.959991455, 297.50567627, 298.062927246, 298.62020874, 299.165893555, 299.711547852, 300.257232666, 300.791290283, 301.3253479, 301.987121582, 302.660491943, 303.368713379, 304.076904297, 304.785125732, 305.49331665, 306.201538086, 306.909759521, 307.60635376, 308.221679688, 308.837005615, 309.382659912, 309.916717529, 310.450775146, 310.973236084, 311.507293701, 312.029754639, 312.436096191, 312.842437744, 313.248779297, 313.666748047, 314.0730896, 314.49105835, 314.9090271, 315.326965332, 315.744934082, 316.162902832, 316.569244385, 316.987213135, 317.416778564, 317.846343994, 318.391998291, 318.926086426, 319.460144043, 319.99420166, 320.539855957, 321.085540771, 321.631195068, 322.176879883, 322.606445312, 323.036010742, 323.465576172, 323.895141602, 324.313110352, 324.731048584, 325.137420654, 325.543762207, 325.961730957, 326.379669189, 326.797637939, 327.215606689, 327.633544922, 328.039916992, 328.562347412, 329.073181152, 329.58404541, 330.10647583, 330.628936768, 331.151367188, 331.673828125, 332.196289062, 332.718719482, 333.229553223, 333.740386963, 334.251251221, 334.785308838, 335.319366455, 335.853424072, 336.387481689, 336.921539307, 337.455596924, 337.978057861, 338.500488281, 339.034545898, 339.568603516, 340.102661133, 340.62512207, 341.159179688, 341.681640625, 342.215698242, 342.738128662, 343.2605896, 343.77142334, 344.305480957, 344.827941895, 345.350372314, 345.872833252, 346.395263672, 346.929321289, 347.451782227, 347.974243164, 348.496673584, 349.019134521, 349.529968262, 350.040802002, 350.551635742, 351.0625, 351.58493042, 352.107391357, 352.618225098, 353.140686035, 353.674743652, 354.20880127, 354.731231689, 355.265289307, 355.799346924, 356.333404541, 356.855865479, 357.389923096, 357.912384033, 358.44644165, 358.992095947, 359.630645752, 360.257598877, 360.884521484, 361.511474609, 362.138397217, 362.776947021, 363.415496826, 364.042449951, 364.669372559, 365.296325684, 365.923248291, 366.550201416, 367.165527344, 367.780853271, 368.407806396, 369.034729004, 369.661682129, 370.288604736, 370.927154541, 371.565704346, 372.192657471, 372.819580078, 373.458129883, 374.096679688, 374.723632812, 375.35055542, 376.000732422, 376.639282227, 377.277801514, 377.858306885, 378.427215576, 378.972869873, 379.50692749, 380.052612305, 380.575042725, 381.097503662, 381.619934082, 382.153991699, 382.676452637, 383.198913574, 383.732971191, 384.267028809, 384.801086426, 385.335144043, 385.86920166, 386.403259277, 386.937316895, 387.471374512, 387.993835449, 388.516265869, 389.027099609, 389.549560547, 390.072021484, 390.594451904, 391.116912842, 391.650970459, 392.173431396, 392.695861816, 393.229919434, 393.763977051, 394.298034668, 394.843719482, 395.366149902, 395.90020752, 396.422668457, 396.945129395, 397.455963135, 397.978393555, 398.500854492, 399.02331543, 399.54574585, 400.068206787, 400.590637207, 401.124694824, 401.658782959, 402.181213379, 402.703674316, 403.237731934, 403.760162354, 404.282623291, 404.816680908, 405.339141846, 405.861572266, 406.372406006, 406.894866943, 407.417327881, 407.939758301, 408.462219238, 408.984649658, 409.507110596, 410.017944336, 410.540405273, 411.039642334, 411.550476074, 412.072906494, 412.595367432, 413.106201172, 413.617034912, 414.127868652, 414.63873291, 415.14956665, 415.660400391, 416.171234131, 416.693695068, 417.216125488, 417.726989746, 418.237823486, 418.748657227, 419.259490967, 419.793548584, 420.304382324, 420.826843262, 421.337677002, 421.860137939, 422.359344482, 422.87020874, 423.38104248, 423.915100098, 424.449157715, 424.994812012, 425.470825195, 425.946838379, 426.422851562, 426.898864746, 427.386474609, 427.874084473, 428.350097656, 428.82611084, 429.313720703, 429.75491333, 430.196105957, 430.637268066, 431.066833496, 431.496398926, 431.925964355, 432.343933105, 432.773498535, 433.203063965, 433.621032715, 434.062225342, 434.491790771, 434.921356201, 435.350921631, 435.768890381, 436.198455811, 436.63961792, 437.092407227, 437.545196533, 437.98638916, 438.41595459, 438.84552002, 439.275085449, 439.704650879, 440.087799072, 440.470916748, 440.854064941, 441.22555542, 441.597076416, 441.968597412, 442.340118408, 442.711639404, 443.0831604, 443.466308594, 443.84942627, 444.232543945, 444.638916016, 445.045257568, 445.440002441, 445.869567871, 446.299133301, 446.72869873, 447.169891357, 447.599456787, 448.029022217, 448.470184326, 448.899749756, 449.329345703, 449.770507812, 450.281341553, 450.780578613, 451.279815674, 451.767425537, 452.243438721, 452.731048584, 453.218688965, 453.648254395, 454.066192627, 454.484161377, 454.925354004, 455.354919434, 455.784484863, 456.225646973, 456.65524292, 457.08480835, 457.514373779, 457.943939209, 458.385101318, 458.814697266, 459.348754883, 459.8828125, 460.416870117, 460.962524414, 461.508209229, 462.053863525, 462.59954834, 463.145202637, 463.690887451, 464.236541748, 464.782226562, 465.327880859, 465.873565674, 466.419219971, 466.976501465, 467.522155762, 468.067840576, 468.613494873, 469.159179688, 469.809326172, 470.447875977, 471.086425781, 471.724975586, 472.363525391, 472.955627441, 473.54776001, 474.15145874, 474.743560791, 475.335693359, 475.92779541, 476.519897461, 477.123626709, 477.727325439, 478.331054688, 478.981201172, 479.631378174, 480.281524658, 480.93170166], "beats_loudness": {"dmean2": 0.0252211932093, "median": 0.0114641627297, "min": 8.9752020358e-06, "dvar2": 0.00121009314898, "dvar": 0.000468501297291, "dmean": 0.0150249535218, "max": 0.212420329452, "var": 0.00112273148261, "mean": 0.0247037671506}, "danceability": 0.882612586021, "bpm_histogram_second_peak_weight": {"dmean2": 0, "median": 0.0951871648431, "min": 0.0951871648431, "dvar2": 0, "dvar": 0, "dmean": 0, "max": 0.0951871648431, "var": 0, "mean": 0.0951871648431}, "beats_count": 936, "bpm_histogram_second_peak_bpm": {"dmean2": 0, "median": 140, "min": 140, "dvar2": 0, "dvar": 0, "dmean": 0, "max": 140, "var": 0, "mean": 140}, "bpm_histogram_first_peak_spread": {"dmean2": 0, "median": 0.680738806725, "min": 0.680738806725, "dvar2": 0, "dvar": 0, "dmean": 0, "max": 0.680738806725, "var": 0, "mean": 0.680738806725}, "beats_loudness_band_ratio": {"dmean2": [0.315351992846, 0.274466723204, 0.0807536914945, 0.0633350089192, 0.0729423463345, 0.163845777512], "median": [0.478346168995, 0.181678831577, 0.0203344337642, 0.00640729675069, 0.00621523987502, 0.139851808548], "min": [0.000297874532407, 0.000701326236594, 0.000204168551136, 2.1336340069e-05, 2.04233274417e-05, 0.00311545724981], "dvar2": [0.0822405293584, 0.0600802600384, 0.0229925513268, 0.0138637563214, 0.0180705133826, 0.0255080144852], "dvar": [0.0327508561313, 0.023159628734, 0.00827309302986, 0.0049266172573, 0.00633519515395, 0.00897472631186], "dmean": [0.189919576049, 0.16094340384, 0.0463473983109, 0.0361431725323, 0.0415433868766, 0.0968652516603], "max": [0.984622597694, 0.924049437046, 0.902231991291, 0.569002091885, 0.555933833122, 0.886715233326], "var": [0.0850621908903, 0.0449187494814, 0.0110098216683, 0.00677351467311, 0.00723062874749, 0.0209320802242], "mean": [0.466916322708, 0.250242620707, 0.0558724701405, 0.0429257228971, 0.043488919735, 0.178813278675]}}, "lowlevel": {"barkbands_spread": {"dmean2": 5.5923037529, "median": 6.69269227982, "min": 0.18264169991, "dvar2": 80.7003097534, "dvar": 34.6020355225, "dmean": 3.5512945652, "max": 108.972328186, "var": 255.378509521, "mean": 14.2259683609}, "melbands_spread": {"dmean2": 4.58597421646, "median": 4.5376329422, "min": 0.266224592924, "dvar2": 82.9778366089, "dvar": 34.4046363831, "dmean": 2.94394016266, "max": 197.435073853, "var": 205.585479736, "mean": 10.7414293289}, "hfc": {"dmean2": 35.8502578735, "median": 29.6718635559, "min": 0.0101189035922, "dvar2": 10803.3046875, "dvar": 4572.97851562, "dmean": 23.7578163147, "max": 3221.94799805, "var": 23395.3867188, "mean": 79.2586212158}, "barkbands_kurtosis": {"dmean2": 19.5882034302, "median": 17.0933074951, "min": -1.7605266571, "dvar2": 1064.15356445, "dvar": 439.160308838, "dmean": 12.4482936859, "max": 666.232971191, "var": 1411.6484375, "mean": 28.2438526154}, "gfcc": {"mean": [-132.200241089, 104.925575256, -63.8305778503, 15.1575517654, -15.8230705261, -27.1854095459, -15.8322439194, -18.9472846985, -10.0008268356, -14.7001686096, -2.38083124161, -4.8786907196, -5.74905395508], "icov": [[0.000168600643519, -0.00018237385666, 0.000304320914438, -0.000166368467035, -0.000122600307805, 0.000399965676479, 5.26067788087e-06, -0.000515329593327, 0.000518755521625, -0.000696921139024, 0.000403605896281, -0.000426290207542, 0.000113272748422], [-0.00018237385666, 0.00222838763148, -0.0018146999646, 0.00158151297364, -0.00194346811622, 0.000234850711422, 7.67868841649e-05, 0.000314681907184, -0.000139614930958, 0.00120799487922, -0.00197456474416, 0.00202333764173, -0.00115286977962], [0.000304320914438, -0.0018146999646, 0.00341866305098, -0.00343195814639, 0.0035749161616, -0.00124241854064, 0.000564172980376, -0.000881526677404, -0.000835711776745, -0.000291570526315, -0.000188023070223, 0.000984417158179, -0.00161872012541], [-0.000166368467035, 0.00158151297364, -0.00343195814639, 0.00564899388701, -0.0054060514085, 0.00185417057946, 0.000158679831657, -0.00100683933124, 0.00209237635136, -0.000663264479954, 0.00176996411756, -0.00338489445858, 0.00361237861216], [-0.000122600307805, -0.00194346811622, 0.0035749161616, -0.0054060514085, 0.00879687536508, -0.00348674855195, -0.000655068084598, 0.00216348841786, -0.00327388406731, 0.00364398770034, -0.0046266624704, 0.00458070589229, -0.00333050149493], [0.000399965676479, 0.000234850711422, -0.00124241854064, 0.00185417057946, -0.00348674855195, 0.00659300247207, -0.00109794503078, -0.00406427541748, 0.0060874922201, -0.00533800153062, 0.00522496271878, -0.00439269514754, 0.00357256853022], [5.26067788087e-06, 7.67868841649e-05, 0.000564172980376, 0.000158679831657, -0.000655068084598, -0.00109794503078, 0.00625926023349, -0.00129051681142, -0.00348653108813, 0.00295709725469, -0.00172463431954, 0.000111468056275, 0.00079098372953], [-0.000515329593327, 0.000314681907184, -0.000881526677404, -0.00100683933124, 0.00216348841786, -0.00406427541748, -0.00129051681142, 0.0102032283321, -0.00537816388533, 0.00138076685835, -0.000846354058012, 0.0028930415865, -0.00335401645862], [0.000518755521625, -0.000139614930958, -0.000835711776745, 0.00209237635136, -0.00327388406731, 0.0060874922201, -0.00348653108813, -0.00537816388533, 0.0167692434043, -0.00975432153791, 0.00609473558143, -0.00619143992662, 0.00506472215056], [-0.000696921139024, 0.00120799487922, -0.000291570526315, -0.000663264479954, 0.00364398770034, -0.00533800153062, 0.00295709725469, 0.00138076685835, -0.00975432153791, 0.0216456055641, -0.0154395680875, 0.00815466977656, -0.00380607671104], [0.000403605896281, -0.00197456474416, -0.000188023070223, 0.00176996411756, -0.0046266624704, 0.00522496271878, -0.00172463431954, -0.000846354058012, 0.00609473558143, -0.0154395680875, 0.0296578872949, -0.0182208586484, 0.00558559177443], [-0.000426290207542, 0.00202333764173, 0.000984417158179, -0.00338489445858, 0.00458070589229, -0.00439269514754, 0.000111468056275, 0.0028930415865, -0.00619143992662, 0.00815466977656, -0.0182208586484, 0.0318384058774, -0.0145982699469], [0.000113272748422, -0.00115286977962, -0.00161872012541, 0.00361237861216, -0.00333050149493, 0.00357256853022, 0.00079098372953, -0.00335401645862, 0.00506472215056, -0.00380607671104, 0.00558559177443, -0.0145982699469, 0.0231230128556]], "cov": [[12926.8837891, 31.4857616425, -2306.87133789, 35.9806976318, 867.127807617, -769.621765137, 104.361793518, -58.1713027954, -31.8531284332, 160.668823242, 254.032501221, 150.279754639, 69.8641281128], [31.4857616425, 1116.1895752, 700.937866211, 146.699005127, 120.28099823, 60.0624084473, -47.6667823792, 64.9833450317, -12.0573501587, 2.19463706017, 44.8386878967, -36.5731544495, 69.8303146362], [-2306.87133789, 700.937866211, 2110.68481445, 644.24017334, -294.893676758, 395.156616211, -158.075195312, 319.930480957, 2.86057877541, 62.1912994385, -59.2961654663, -32.3834571838, 45.1352043152], [35.9806976318, 146.699005127, 644.24017334, 779.58215332, 251.934677124, 125.408233643, -17.9825172424, 99.339012146, -28.3375740051, -14.4680042267, -5.20693635941, 9.16367912292, -26.7478580475], [867.127807617, 120.28099823, -294.893676758, 251.934677124, 475.41897583, 5.69036626816, 81.8867492676, -52.9224586487, -16.2177181244, -43.1922416687, 39.9400444031, 1.36157429218, -13.4789438248], [-769.621765137, 60.0624084473, 395.156616211, 125.408233643, 5.69036626816, 425.440734863, 19.4523296356, 145.122039795, -45.381362915, 24.529510498, -43.8696136475, -15.401219368, -14.8402013779], [104.361793518, -47.6667823792, -158.075195312, -17.9825172424, 81.8867492676, 19.4523296356, 237.577575684, 37.0087738037, 57.037727356, -15.3443088531, 5.86294078827, 3.66868495941, -19.2332630157], [-58.1713027954, 64.9833450317, 319.930480957, 99.339012146, -52.9224586487, 145.122039795, 37.0087738037, 227.222198486, 48.4537391663, 39.5118331909, -17.3421993256, -3.43354201317, 9.96298599243], [-31.8531284332, -12.0573501587, 2.86057877541, -28.3375740051, -16.2177181244, -45.381362915, 57.037727356, 48.4537391663, 130.057800293, 43.7127075195, 13.4706029892, 7.94863510132, -5.59269666672], [160.668823242, 2.19463706017, 62.1912994385, -14.4680042267, -43.1922416687, 24.529510498, -15.3443088531, 39.5118331909, 43.7127075195, 112.651664734, 45.1176376343, 14.3492612839, 9.30994796753], [254.032501221, 44.8386878967, -59.2961654663, -5.20693635941, 39.9400444031, -43.8696136475, 5.86294078827, -17.3421993256, 13.4706029892, 45.1176376343, 90.3757705688, 41.9964828491, 16.6266384125], [150.279754639, -36.5731544495, -32.3834571838, 9.16367912292, 1.36157429218, -15.401219368, 3.66868495941, -3.43354201317, 7.94863510132, 14.3492612839, 41.9964828491, 72.1469650269, 31.7187004089], [69.8641281128, 69.8303146362, 45.1352043152, -26.7478580475, -13.4789438248, -14.8402013779, -19.2332630157, 9.96298599243, -5.59269666672, 9.30994796753, 16.6266384125, 31.7187004089, 74.9452438354]]}, "spectral_energyband_middle_low": {"dmean2": 0.00413671368733, "median": 0.00255713006482, "min": 4.54281462225e-07, "dvar2": 0.000100945588201, "dvar": 4.71531529911e-05, "dmean": 0.00282404129393, "max": 0.207225471735, "var": 0.000313369149808, "mean": 0.00888297706842}, "melbands_crest": {"dmean2": 4.68633270264, "median": 16.7590789795, "min": 3.01809310913, "dvar2": 19.1169338226, "dvar": 7.08469057083, "dmean": 2.95303845406, "max": 36.8565788269, "var": 32.8253250122, "mean": 17.0646972656}, "spectral_kurtosis": {"dmean2": 8.64780807495, "median": 15.9090442657, "min": 2.37333965302, "dvar2": 162.773193359, "dvar": 62.0117111206, "dmean": 5.34386730194, "max": 142.663574219, "var": 120.25164032, "mean": 18.3231487274}, "spectral_rms": {"dmean2": 0.000683078425936, "median": 0.00306858820841, "min": 4.81294628116e-05, "dvar2": 8.56891404055e-07, "dvar": 3.88408295748e-07, "dmean": 0.000473188090837, "max": 0.0170416869223, "var": 8.03715465736e-06, "mean": 0.00372429774143}, "zerocrossingrate": {"dmean2": 0.0467887148261, "median": 0.224365234375, "min": 0.00732421875, "dvar2": 0.00192970433272, "dvar": 0.00134704192169, "dmean": 0.0380026474595, "max": 0.9287109375, "var": 0.0160789769143, "mean": 0.24323053658}, "silence_rate_60dB": {"dmean2": 0.0580520741642, "median": 0, "min": 0, "dvar2": 0.0652038678527, "dvar": 0.0281880125403, "dmean": 0.0290246363729, "max": 1, "var": 0.1987888515, "mean": 0.273551255465}, "erbbands_kurtosis": {"dmean2": 6.71416330338, "median": 2.11617588997, "min": -1.85345745087, "dvar2": 194.835479736, "dvar": 80.9846496582, "dmean": 4.29366970062, "max": 269.996765137, "var": 262.336853027, "mean": 7.94488477707}, "erbbands": {"dmean2": [0.0645277351141, 0.677184700966, 2.71638035774, 3.56503009796, 4.16107797623, 11.6507444382, 14.3216791153, 10.6782121658, 5.36710309982, 3.28440856934, 2.46400022507, 2.37955498695, 1.74593818188, 2.41849207878, 3.94778394699, 5.64423036575, 8.917304039, 5.81460285187, 2.71491241455, 3.81238436699, 6.23779916763, 9.52924060822, 9.44970226288, 5.05302333832, 2.60863399506, 1.75323104858, 1.15824747086, 0.666497290134, 0.328690320253, 0.251276016235, 0.219551712275, 0.233248025179, 0.107746168971, 0.0222151651978, 0.0123750381172, 0.0127372620627, 0.0146709447727, 0.00524199288338, 0.00381061364897, 0.00228691590019], "median": [0.0251507237554, 0.205454945564, 0.727514922619, 1.19651162624, 1.54266452789, 2.61680459976, 2.26284265518, 2.19959211349, 1.49395728111, 0.897998809814, 0.69403386116, 0.724730849266, 0.495168685913, 0.479603111744, 0.388793706894, 0.378355234861, 0.420394062996, 0.408163964748, 0.385189056396, 0.370929181576, 0.401015549898, 0.409710139036, 0.361576557159, 0.345303654671, 0.228637337685, 0.163061112165, 0.104672059417, 0.0676945447922, 0.0366381332278, 0.0225503370166, 0.0164530239999, 0.00868926849216, 0.0039545353502, 0.00223475554958, 0.0014455273049, 0.0010846350342, 0.000964103383012, 0.000791448808741, 0.00102311908267, 0.00166076025926], "min": [4.36903974332e-07, 6.9986026574e-06, 1.5979669115e-05, 8.18356784293e-05, 7.9245386587e-05, 4.43021126557e-05, 8.96379788173e-05, 4.08959167544e-05, 4.405521031e-05, 4.2985597247e-05, 7.75097796577e-05, 4.84777228849e-05, 9.35070347623e-05, 0.000142553020851, 9.88987885648e-05, 0.000161562798894, 0.000114472379209, 0.000165883946465, 0.000274827820249, 0.000243690810748, 0.000254031852819, 0.000260996137513, 0.000338560494129, 0.000487846584292, 0.000555058009923, 0.000580288236961, 0.000501089845784, 0.000530444376636, 0.00049664825201, 0.00017766043311, 9.26182838157e-05, 8.80130683072e-05, 1.54901499627e-05, 3.73427974409e-06, 2.53901089309e-06, 2.65768335339e-06, 1.45948315549e-05, 7.4443360063e-06, 4.521658866e-06, 1.33275830194e-06], "dvar2": [0.0247494019568, 3.17648220062, 66.9810562134, 80.5311508179, 113.092346191, 1617.15576172, 2753.2097168, 1238.11315918, 329.034515381, 104.317878723, 57.9732513428, 28.1623821259, 22.6066303253, 54.3840904236, 243.857818604, 541.383239746, 1873.55871582, 481.040008545, 56.949016571, 174.674804688, 420.383880615, 1288.18115234, 1247.14648438, 268.223144531, 85.7020950317, 41.3184738159, 20.2671604156, 19.7173690796, 5.25068569183, 4.2006444931, 3.37824440002, 7.85464763641, 1.60885214806, 0.00624173274264, 0.00104024412576, 0.0112594757229, 0.0293807964772, 0.00118411914445, 0.000162259020726, 2.880561442e-05], "dvar": [0.00950704421848, 1.39993190765, 26.4277362823, 31.9394741058, 54.7222366333, 694.298583984, 1387.75939941, 603.23651123, 176.974304199, 52.4677009583, 26.2571468353, 13.2479496002, 8.8165397644, 25.3972625732, 110.315658569, 218.028686523, 837.792663574, 217.71585083, 22.668718338, 77.9610748291, 188.513626099, 554.453186035, 528.487243652, 122.321235657, 38.8394355774, 17.2152805328, 9.15672492981, 8.38092422485, 2.34018993378, 1.6376966238, 1.35889828205, 3.14234685898, 0.653258740902, 0.00262956134975, 0.000424072262831, 0.00468531111255, 0.011975931935, 0.000495836080518, 8.80056250026e-05, 1.24850148495e-05], "dmean": [0.0415926016867, 0.459062725306, 1.82658135891, 2.24517607689, 2.80675268173, 7.5152130127, 9.87233638763, 7.61591529846, 3.70179867744, 2.22598099709, 1.63495838642, 1.58411896229, 1.10045099258, 1.57270228863, 2.55361557007, 3.60219717026, 5.98391723633, 3.79310488701, 1.71117591858, 2.44909977913, 4.03545951843, 6.15385818481, 6.08334970474, 3.29494905472, 1.67095911503, 1.12160909176, 0.747754573822, 0.432177245617, 0.218255624175, 0.15347494185, 0.13479450345, 0.142982169986, 0.0667927190661, 0.0136744612828, 0.0075927474536, 0.00792316906154, 0.00906268879771, 0.00333705917001, 0.00255001126789, 0.00147561868653], "max": [3.28401303291, 57.3655586243, 195.920639038, 324.471221924, 352.840789795, 1116.64819336, 1353.75671387, 792.036315918, 724.978942871, 263.07208252, 262.539459229, 112.580863953, 140.00352478, 302.591674805, 725.59387207, 623.904968262, 1484.05908203, 669.694091797, 139.651779175, 516.278503418, 525.382446289, 856.607177734, 1440.96081543, 482.670166016, 279.476379395, 147.577209473, 137.846679688, 195.342926025, 94.38621521, 83.6582565308, 56.6348838806, 106.581718445, 50.7134857178, 2.86785364151, 0.680991172791, 4.19790840149, 6.57858037949, 1.36468613148, 0.605278611183, 0.117561303079], "var": [0.02881545946, 7.13415622711, 107.3203125, 131.370239258, 323.382354736, 2997.52490234, 5835.19628906, 2939.6730957, 746.018249512, 176.068771362, 61.9364471436, 42.2437820435, 18.3309783936, 62.5178184509, 545.24810791, 539.791748047, 2548.86254883, 641.349365234, 71.8731689453, 221.32333374, 622.867797852, 1636.7644043, 1523.8449707, 433.798675537, 152.942428589, 66.0486602783, 35.5899887085, 22.2212867737, 4.32804059982, 1.58395421505, 1.20071995258, 2.55273723602, 0.549707889557, 0.00284082326107, 0.000522045651451, 0.00418899720535, 0.0102871507406, 0.000697490700986, 0.000560731743462, 8.86606794666e-05], "mean": [0.0902722552419, 1.15105271339, 4.20097923279, 4.7036485672, 6.94344520569, 16.5693683624, 22.783908844, 18.8518352509, 8.10733509064, 4.40515565872, 3.00475907326, 3.02827262878, 1.94689440727, 2.80203533173, 5.20283555984, 6.6055932045, 11.6843671799, 7.53751468658, 3.58822798729, 5.0008430481, 8.55337715149, 12.6881084442, 12.2581090927, 7.28877305984, 3.95839929581, 2.58374738693, 1.71042358875, 0.963824927807, 0.405942976475, 0.216761723161, 0.157644897699, 0.138423845172, 0.0613733530045, 0.0144136073068, 0.00821370072663, 0.00817473419011, 0.00988524500281, 0.00614842586219, 0.00857383664697, 0.0057090097107]}, "spectral_strongpeak": {"dmean2": 3.99609899521, "median": 0.326464831829, "min": 0, "dvar2": 304.311737061, "dvar": 118.141685486, "dmean": 2.18372750282, "max": 318.574645996, "var": 131.921630859, "mean": 2.38904333115}, "spectral_energy": {"dmean2": 0.00769635755569, "median": 0.00965164043009, "min": 2.37435642703e-06, "dvar2": 0.000251156889135, "dvar": 0.000108815409476, "dmean": 0.00530213583261, "max": 0.297679543495, "var": 0.00108702166472, "mean": 0.022455278784}, "average_loudness": 0.0242871083319, "spectral_rolloff": {"dmean2": 6194.17089844, "median": 20208.9101562, "min": 43.06640625, "dvar2": 123386504, "dvar": 50485364, "dmean": 3176.1184082, "max": 22028.4667969, "var": 106576680, "mean": 11671.5732422}, "spectral_centroid": {"dmean2": 201.955932617, "median": 447.300476074, "min": 104.444976807, "dvar2": 94822.9140625, "dvar": 44151.9570312, "dmean": 130.907287598, "max": 3872.40063477, "var": 389878.375, "mean": 743.899536133}, "pitch_salience": {"dmean2": 0.108654938638, "median": 0.530591249466, "min": 0.0817241668701, "dvar2": 0.00971138291061, "dvar": 0.00367332273163, "dmean": 0.068544045