{"metadata": {"tags": {"label": ["fabric"], "releasecountry": ["GB"], "musicbrainz_releasetrackid": ["15726af9-6911-3727-b2e3-66e9a964c2ff"], "catalognumber": ["FABRIC63"], "genre": ["Techno;Minimal;Electronic;Trance;German;Electro;All"], "releasetype": ["album", "compilation"], "originalyear": ["2007"], "tracknumber": ["5"], "disctotal": ["1"], "musicbrainz_albumartistid": ["2dea2870-5f17-42f7-ac32-d76ccde70dbd"], "album": ["Fabric 32: Luke Slater"], "script": ["Latn"], "albumartistsort": ["Slater, Luke"], "releasestatus": ["official"], "acoustid_id": ["154d271e-691f-4539-962f-1f2dc1967bbd"], "musicbrainz_artistid": ["138a7f89-0d15-4767-8e85-8d30d2e182c1"], "musicbrainz_releasegroupid": ["23b71c6e-72a6-34a9-a2b4-4075ff93c125"], "musicbrainz_recordingid": ["0d23b1e2-943e-4449-9deb-02d32daea5c8"], "albumartist": ["Luke Slater"], "barcode": ["0802560006320"], "originaldate": ["2007-01-15"], "totaltracks": ["22"], "artist": ["Markus Lange"], "musicbrainz_albumid": ["6513ab96-7e2c-4b56-8c93-cc4b42fe1aa4"], "artistsort": ["Lange, Markus"], "title": ["Ruhestorung Plattenbau"], "asin": ["B000K9L3A2"], "tracktotal": ["22"], "totaldiscs": ["1"], "djmixer": ["Luke Slater"], "compilation": ["1"], "date": ["2007-01-15"], "media": ["CD"], "file_name": "05 - Markus Lange - Ruhestorung Plattenbau.flac", "discnumber": ["1"]}, "audio_properties": {"sample_rate": 44100, "downmix": "mix", "lossless": true, "analysis_sample_rate": 44100, "md5_encoded": "da82147a5b69a660cacc40cbe9ef7619", "equal_loudness": 0, "replay_gain": -10.0263957977, "codec": "flac", "bit_rate": 0, "length": 228.119995117}, "version": {"extractor": "music 1.0", "essentia_build_sha": "2d9f1f26377add8aeb1075a9c2973f962c4f09fd", "essentia_git_sha": "v2.1_beta2-1-ge3940c0", "essentia": "2.1-beta2"}}, "rhythm": {"beats_loudness_band_ratio": {"dvar2": [0.0591918006539, 0.0120048597455, 0.0021503646858, 0.0014913987834, 0.00358914164826, 0.050290338695], "var": [0.0526777692139, 0.00702201714739, 0.00114665238652, 0.00064805673901, 0.000958793214522, 0.0179756525904], "min": [0.0312752909958, 0.000117070172564, 2.38491411437e-05, 5.3122303143e-06, 1.3558453702e-06, 4.84609199702e-06], "dmean": [0.0940335169435, 0.0443778634071, 0.0131322965026, 0.00835575442761, 0.013146395795, 0.0659555271268], "mean": [0.854589521885, 0.0529931932688, 0.0155380973592, 0.0099931564182, 0.0123302098364, 0.0598418340087], "max": [0.999849259853, 0.61963891983, 0.283094733953, 0.200994104147, 0.288137644529, 0.780837595463], "dmean2": [0.166717678308, 0.0800007805228, 0.0239778235555, 0.0155334547162, 0.0245592817664, 0.119476802647], "median": [0.960530042648, 0.0169709548354, 0.00430318154395, 0.00151767604984, 0.00154298869893, 0.00545230833814], "dvar": [0.0209353137761, 0.00404801033437, 0.000679887656588, 0.000418814335717, 0.00100570532959, 0.0159653741866]}, "bpm_histogram_first_peak_weight": {"dvar2": 0, "var": 0, "min": 0.813807547092, "dmean": 0, "mean": 0.813807547092, "max": 0.813807547092, "dmean2": 0, "median": 0.813807547092, "dvar": 0}, "bpm": 126.251861572, "beats_count": 479, "bpm_histogram_first_peak_spread": {"dvar2": 0, "var": 0, "min": 0.165236055851, "dmean": 0, "mean": 0.165236055851, "max": 0.165236055851, "dmean2": 0, "median": 0.165236055851, "dvar": 0}, "danceability": 1.38575577736, "bpm_histogram_first_peak_bpm": {"dvar2": 0, "var": 0, "min": 126, "dmean": 0, "mean": 126, "max": 126, "dmean2": 0, "median": 126, "dvar": 0}, "beats_position": [0.487619042397, 0.975238084793, 1.46285712719, 1.95047616959, 2.4497051239, 2.94893407822, 3.45977306366, 3.98222208023, 4.51628112793, 5.01551008224, 5.50312900543, 5.97913837433, 6.45514726639, 6.93115615845, 7.40716552734, 7.8831744194, 8.35918331146, 8.83519268036, 9.31120204926, 9.78721046448, 10.2632198334, 10.7392292023, 11.2152376175, 11.6912469864, 12.1788663864, 12.6548748016, 13.1308841705, 13.6068935394, 14.0829019547, 14.5589113235, 15.0349206924, 15.5109291077, 15.9869384766, 16.4629478455, 16.9389572144, 17.4149665833, 17.8909740448, 18.3669834137, 18.8429927826, 19.3190021515, 19.7950115204, 20.2710208893, 20.7470283508, 21.2230377197, 21.7106571198, 22.1866664886, 22.6626758575, 23.1386852264, 23.614692688, 24.0907020569, 24.5667114258, 25.0427207947, 25.5187301636, 25.9947395325, 26.470746994, 26.9467563629, 27.4227657318, 27.8987751007, 28.3747844696, 28.8507938385, 29.3268013, 29.8028106689, 30.2788200378, 30.7664394379, 31.2424488068, 31.7184581757, 32.1944656372, 32.6704750061, 33.146484375, 33.6224937439, 34.0985031128, 34.5745124817, 35.0505218506, 35.5265312195, 36.0025405884, 36.4785499573, 36.9545555115, 37.4305648804, 37.9065742493, 38.3825836182, 38.8585929871, 39.334602356, 39.8106117249, 40.2866210938, 40.7626304626, 41.2386398315, 41.7146492004, 42.1906585693, 42.6666641235, 43.1426734924, 43.6186828613, 44.0946922302, 44.5590934753, 45.0351028442, 45.5111083984, 45.9871177673, 46.4631271362, 46.9391365051, 47.415145874, 47.8911552429, 48.3671646118, 48.8431739807, 49.3191833496, 49.7951927185, 50.2712020874, 50.7472114563, 51.2232208252, 51.6992263794, 52.1752357483, 52.6512451172, 53.1272544861, 53.603263855, 54.0792732239, 54.5436706543, 55.0196800232, 55.4956893921, 55.971698761, 56.4477081299, 56.9237174988, 57.3997268677, 57.8757362366, 58.3517456055, 58.8161430359, 59.2689323425, 59.6868934631, 60.1396827698, 60.5808601379, 61.0220413208, 61.463218689, 61.9276161194, 62.3920173645, 62.8680267334, 63.3440361023, 63.831653595, 64.2960510254, 64.772064209, 65.2480697632, 65.7240829468, 66.200088501, 66.6761016846, 67.1521072388, 67.6281204224, 68.1041259766, 68.5801315308, 69.0561447144, 69.5205459595, 69.9965515137, 70.4725646973, 70.9485702515, 71.4245758057, 71.9005889893, 72.3765945435, 72.8526077271, 73.3286132813, 73.8046264648, 74.280632019, 74.7450332642, 75.2210388184, 75.697052002, 76.1730575562, 76.6490707397, 77.1250762939, 77.6010894775, 78.0887069702, 78.5531082153, 79.0291137695, 79.5051269531, 79.9811325073, 80.4571380615, 80.9331512451, 81.4091567993, 81.8851699829, 82.3611755371, 82.8255767822, 83.3015823364, 83.77759552, 84.2536010742, 84.7296142578, 85.205619812, 85.6816329956, 86.1576385498, 86.6336517334, 87.0980453491, 87.5740585327, 88.0500640869, 88.5260772705, 89.0020828247, 89.4780960083, 89.9541015625, 90.4301147461, 90.9061203003, 91.3821334839, 91.8581390381, 92.3341445923, 92.8101577759, 93.2861633301, 93.7621765137, 94.2265777588, 94.702583313, 95.1785888672, 95.6546020508, 96.130607605, 96.6066207886, 97.0826263428, 97.5586395264, 98.0346450806, 98.5106582642, 98.9866638184, 99.462677002, 99.9386825562, 100.403083801, 100.879089355, 101.355102539, 101.831108093, 102.307121277, 102.783126831, 103.259140015, 103.735145569, 104.211151123, 104.687164307, 105.163169861, 105.627571106, 106.10358429, 106.579589844, 107.055595398, 107.531608582, 108.019226074, 108.495239258, 108.971244812, 109.435646057, 109.911651611, 110.387664795, 110.863670349, 111.339683533, 111.815689087, 112.291702271, 112.756095886, 113.243713379, 113.708114624, 114.195732117, 114.660133362, 115.147750854, 115.6121521, 116.099769592, 116.564170837, 117.040176392, 117.516189575, 117.992195129, 118.468208313, 118.944213867, 119.420227051, 119.896232605, 120.372245789, 120.836639404, 121.312652588, 121.788658142, 122.264671326, 122.74067688, 123.216690063, 123.692695618, 124.168708801, 124.644714355, 125.12071991, 125.596733093, 126.061134338, 126.537139893, 127.013153076, 127.500770569, 127.965164185, 128.441177368, 128.917190552, 129.393188477, 129.86920166, 130.345214844, 130.821228027, 131.297225952, 131.773239136, 132.249252319, 132.725265503, 133.201263428, 133.677276611, 134.141677856, 134.62928772, 135.105300903, 135.581314087, 136.045715332, 136.521713257, 136.99772644, 137.473739624, 137.949752808, 138.425750732, 138.901763916, 139.3777771, 139.853790283, 140.31817627, 140.794189453, 141.270202637, 141.74621582, 142.222213745, 142.698226929, 143.174240112, 143.638641357, 144.114639282, 144.590652466, 145.066665649, 145.542678833, 146.018676758, 146.494689941, 146.970703125, 147.446716309, 147.922714233, 148.398727417, 148.874740601, 149.350738525, 149.815139771, 150.291152954, 150.767166138, 151.243179321, 151.719177246, 152.19519043, 152.671203613, 153.147201538, 153.623214722, 154.099227905, 154.575241089, 155.039627075, 155.527252197, 156.003265381, 156.479278564, 156.943664551, 157.431289673, 157.895690918, 158.383300781, 158.847702026, 159.32371521, 159.799728394, 160.275741577, 160.751739502, 161.227752686, 161.703765869, 162.179763794, 162.655776978, 163.120178223, 163.596191406, 164.072189331, 164.548202515, 165.024215698, 165.500228882, 165.976226807, 166.45223999, 166.928253174, 167.404266357, 167.880264282, 168.344665527, 168.820678711, 169.296691895, 169.772689819, 170.248703003, 170.724716187, 171.20072937, 171.676727295, 172.152740479, 172.628753662, 173.104751587, 173.580764771, 174.056777954, 174.532791138, 175.008789063, 175.484802246, 175.96081543, 176.425216675, 176.9012146, 177.377227783, 177.853240967, 178.32925415, 178.805252075, 179.281265259, 179.757278442, 180.233291626, 180.709289551, 181.185302734, 181.649703979, 182.137313843, 182.601715088, 183.077728271, 183.553741455, 184.029754639, 184.505752563, 184.981765747, 185.457778931, 185.933776855, 186.409790039, 186.885803223, 187.361816406, 187.837814331, 188.313827515, 188.789840698, 189.265853882, 189.741851807, 190.206253052, 190.682266235, 191.158279419, 191.634277344, 192.110290527, 192.586303711, 193.062316895, 193.538314819, 194.002716064, 194.478729248, 194.954742432, 195.442352295, 195.90675354, 196.394378662, 196.858764648, 197.346389771, 197.810791016, 198.286804199, 198.762802124, 199.227203369, 199.703216553, 200.179229736, 200.6668396, 201.131240845, 201.607254028, 202.083267212, 202.559265137, 203.03527832, 203.511291504, 203.987304688, 204.463302612, 204.939315796, 205.403717041, 205.868118286, 206.344116211, 206.820129395, 207.296142578, 207.772155762, 208.248153687, 208.72416687, 209.200180054, 209.664581299, 210.140579224, 210.616592407, 211.092605591, 211.557006836, 212.033004761, 212.509017944, 212.985031128, 213.461044312, 213.937042236, 214.41305542, 214.877456665, 215.353469849, 215.829467773, 216.305480957, 216.781494141, 217.245895386, 217.721893311, 218.197906494, 218.673919678, 219.149932861, 219.625930786, 220.10194397, 220.577957153, 221.053970337, 221.518356323, 221.994369507, 222.47038269, 222.946395874, 223.422393799, 223.886795044, 224.362808228, 224.838821411, 225.314819336, 225.79083252, 226.266845703, 226.742858887, 227.207244873, 227.683258057], "beats_loudness": {"dvar2": 0.00926117505878, "var": 0.0121291717514, "min": 4.44128891104e-05, "dmean": 0.0535500906408, "mean": 0.140559539199, "max": 0.421747535467, "dmean2": 0.0928372964263, "median": 0.1255004704, "dvar": 0.00360727100633}, "bpm_histogram_second_peak_weight": {"dvar2": 0, "var": 0, "min": 0.0062761506997, "dmean": 0, "mean": 0.0062761506997, "max": 0.0062761506997, "dmean2": 0, "median": 0.0062761506997, "dvar": 0}, "bpm_histogram_second_peak_spread": {"dvar2": 0, "var": 0, "min": 0.249999970198, "dmean": 0, "mean": 0.249999970198, "max": 0.249999970198, "dmean2": 0, "median": 0.249999970198, "dvar": 0}, "bpm_histogram_second_peak_bpm": {"dvar2": 0, "var": 0, "min": 120, "dmean": 0, "mean": 120, "max": 120, "dmean2": 0, "median": 120, "dvar": 0}, "onset_rate": 5.95697164536}, "lowlevel": {"spectral_energyband_high": {"dvar2": 2.05648575502e-05, "var": 1.34975934998e-05, "min": 4.19816572617e-08, "dmean": 0.00107288209256, "mean": 0.00139866932295, "max": 0.0308824870735, "dmean2": 0.00187375338282, "median": 9.24054438656e-06, "dvar": 7.6819133028e-06}, "spectral_energyband_middle_low": {"dvar2": 0.00244938326068, "var": 0.000533067446668, "min": 1.62838475148e-07, "dmean": 0.0092102913186, "mean": 0.00856053549796, "max": 0.358441323042, "dmean2": 0.0164578258991, "median": 0.00324833299965, "dvar": 0.000865594600327}, "spectral_energy": {"dvar2": 0.00797234568745, "var": 0.00711771985516, "min": 2.34718299907e-06, "dmean": 0.0404388457537, "mean": 0.0753693655133, "max": 0.518389761448, "dmean2": 0.067999176681, "median": 0.0424804911017, "dvar": 0.00312446779571}, "spectral_spread": {"dvar2": 3316791902210.0, "var": 5137844142080.0, "min": 595273.8125, "dmean": 1294962.875, "mean": 4674313, "max": 26833036, "dmean2": 1952913.875, "median": 4261367, "dvar": 1560308350980.0}, "spectral_energyband_low": {"dvar2": 0.00721039995551, "var": 0.00659867143258, "min": 1.5309973378e-06, "dmean": 0.0377134755254, "mean": 0.066762804985, "max": 0.510786533356, "dmean2": 0.0621375218034, "median": 0.0349530316889, "dvar": 0.00284544564784}, "spectral_rolloff": {"dvar2": 4452748, "var": 3962167.5, "min": 21.533203125, "dmean": 556.212402344, "mean": 851.335388184, "max": 10099.0722656, "dmean2": 975.213745117, "median": 129.19921875, "dvar": 1904849.75}, "barkbands": {"dvar2": [1.83042141089e-06, 0.0066549978219, 0.00150660949294, 0.000947074149735, 0.000357279350283, 1.02305893961e-05, 1.92430957213e-06, 5.08441473812e-07, 1.64616309917e-07, 1.21578779044e-07, 1.39562985169e-07, 2.60528224771e-07, 1.03160104459e-07, 4.30249286865e-07, 1.28820246914e-07, 4.53031020697e-07, 3.43894782873e-07, 1.53875487285e-06, 6.07776030392e-07, 2.43540910105e-07, 5.1048067462e-07, 1.21576329093e-06, 2.04286993721e-06, 1.27948169393e-06, 1.36033335707e-07, 3.93930621456e-09, 2.24186641473e-11], "var": [1.55895338594e-06, 0.00577521696687, 0.000341259990819, 0.00019571428129, 7.13155022822e-05, 3.55396059604e-06, 5.19805041677e-07, 1.77077680519e-07, 8.44360172891e-08, 5.82722314846e-08, 6.82267824459e-08, 1.35680352287e-07, 5.05321047228e-08, 1.01694034527e-07, 4.95545116053e-08, 1.125724296e-07, 1.06090681129e-07, 3.54229285904e-07, 2.00534287842e-07, 1.61648856079e-07, 2.90840631578e-07, 4.92236381433e-07, 7.46139050989e-07, 7.99057431777e-07, 3.74134117465e-07, 8.54682724594e-09, 2.50842471794e-11], "min": [1.39402615673e-07, 3.05737415829e-07, 2.49812304176e-09, 1.87041244715e-08, 1.31595623287e-08, 1.45383767247e-08, 6.26055474129e-09, 1.12783427042e-09, 1.22847232387e-09, 6.58268606291e-10, 4.29262181356e-10, 7.47407025159e-10, 6.50015374859e-10, 4.2410874812e-10, 6.47261466646e-10, 9.89573867294e-10, 1.29062749377e-09, 1.51607815191e-09, 2.03100136709e-09, 1.77337566853e-09, 2.93733992685e-09, 3.10379810742e-09, 4.74012118445e-09, 6.97119872939e-09, 8.67502514268e-09, 3.31274119247e-09, 1.25538079931e-09], "dmean": [0.000518010172527, 0.0351688675582, 0.0073616518639, 0.00510995928198, 0.00327523960732, 0.000880222185515, 0.000306075875415, 0.00021121611644, 0.000140034768265, 0.000118418567581, 0.000112139059638, 0.000111743174784, 0.00010966683476, 0.000137898605317, 0.000107168983959, 0.000149823186803, 0.000146241218317, 0.000262754416326, 0.000189396203496, 0.000134028348839, 0.000185126002179, 0.000236023013713, 0.00028657191433, 0.000259505875874, 9.891953232e-05, 1.68394672073e-05, 1.04764433217e-06], "mean": [0.000907292996999, 0.0573803894222, 0.00579857081175, 0.00428018299863, 0.002579808468, 0.000994588597678, 0.000300541665638, 0.000221827576752, 0.000155011701281, 0.000119774449558, 0.000109193613753, 0.000112787114631, 0.000106386636617, 0.000114040281915, 9.90983462543e-05, 0.000123311809148, 0.000127164312289, 0.000200135473278, 0.000169823077158, 0.000152077991515, 0.000205516131246, 0.000246961135417, 0.000292696990073, 0.000325261527905, 0.000212266226299, 3.32358649757e-05, 1.58835871389e-06], "max": [0.0202738065273, 0.457223117352, 0.308899462223, 0.290777206421, 0.135211214423, 0.0221259444952, 0.017417434603, 0.0159132685512, 0.00794886611402, 0.00344570865855, 0.00728754512966, 0.01676136069, 0.00372515805066, 0.0057040816173, 0.00246758968569, 0.00555412378162, 0.00632212450728, 0.00800058152527, 0.00748634524643, 0.00746063282713, 0.00805427506566, 0.00744537217543, 0.00877987593412, 0.0072734374553, 0.00448552519083, 0.000799471046776, 5.62331806577e-05], "dmean2": [0.000825167109724, 0.0566591843963, 0.0133403521031, 0.0093198036775, 0.00601335242391, 0.00147027231287, 0.000525494862814, 0.000344879168551, 0.000226671894779, 0.000197434361326, 0.000191777522559, 0.000191386090592, 0.000189389364095, 0.000248905824265, 0.000190649399883, 0.000275281490758, 0.000265844893875, 0.000489637139253, 0.000346296204953, 0.000233219048823, 0.000321826373693, 0.000421330914833, 0.000517853361089, 0.000453713117167, 0.000160023177159, 2.75299262285e-05, 1.81508812602e-06], "median": [0.000319091341225, 0.0269097089767, 0.00148957199417, 0.00127711636014, 0.000738251488656, 0.000347195891663, 8.16894316813e-05, 5.07316399307e-05, 2.89871786663e-05, 1.68424776348e-05, 1.06355619209e-05, 1.01113373603e-05, 7.71364102548e-06, 5.3161111282e-06, 4.00747831009e-06, 3.49879655914e-06, 3.01853287965e-06, 3.006413408e-06, 2.53946927842e-06, 1.8514125486e-06, 2.67763925876e-06, 1.38064763178e-06, 1.01777072814e-06, 1.06240804598e-06, 1.00939769254e-06, 2.05752655802e-07, 1.90399624955e-08], "dvar": [7.34616946829e-07, 0.00268921698444, 0.000537859043106, 0.00033127196366, 0.000123701262055, 3.69831741409e-06, 6.99122608694e-07, 1.88408520785e-07, 6.54693650404e-08, 4.814437915e-08, 5.35054844875e-08, 1.03352761016e-07, 3.94484516164e-08, 1.50912910613e-07, 4.75930512778e-08, 1.59643931852e-07, 1.24283616287e-07, 5.42754776234e-07, 2.21145810997e-07, 9.45921456719e-08, 1.92572343849e-07, 4.38917453494e-07, 7.32393118597e-07, 4.72589334777e-07, 6.27555394317e-08, 1.63931579422e-09, 8.63533116541e-12]}, "melbands_skewness": {"dvar2": 34.0958824158, "var": 20.8967189789, "min": -1.44074332714, "dmean": 2.60785531998, "mean": 5.35381221771, "max": 62.1773719788, "dmean2": 4.25158500671, "median": 3.85242319107, "dvar": 12.440076828}, "barkbands_skewness": {"dvar2": 48.8046417236, "var": 34.546661377, "min": -3.1077439785, "dmean": 3.22657251358, "mean": 5.9602098465, "max": 56.1512107849, "dmean2": 5.4401807785, "median": 4.34453201294, "dvar": 18.2462882996}, "erbbands": {"dvar2": [5.36887121201, 375.08706665, 1376.43933105, 5844.62109375, 7825.33398438, 2874.22851563, 1082.76379395, 602.868225098, 366.645904541, 327.572174072, 208.168609619, 97.3354415894, 69.222114563, 206.807098389, 273.479278564, 300.101470947, 203.732681274, 694.44543457, 662.415100098, 606.819702148, 1308.01940918, 1281.30273438, 3532.2980957, 3099.40625, 1373.34680176, 531.79095459, 402.925140381, 1332.93518066, 1590.55651855, 2052.68554688, 1488.6776123, 843.710021973, 194.497055054, 28.1525402069, 5.68900918961, 0.301902681589, 0.00542185083032, 7.13043191354e-05, 6.76317540638e-07, 1.21153309607e-08], "var": [6.78499555588, 257.217803955, 403.851135254, 1287.20324707, 1571.33361816, 604.671142578, 320.64175415, 167.961730957, 95.9482192993, 96.8707275391, 75.7239532471, 51.3139839172, 41.4278144836, 82.9781570435, 185.659713745, 176.818954468, 103.451805115, 188.766525269, 186.167709351, 191.014434814, 334.895324707, 379.969421387, 843.796447754, 798.303405762, 498.556945801, 354.752685547, 360.367004395, 585.751831055, 619.755554199, 730.024047852, 572.434143066, 402.27166748, 188.443862915, 61.1794090271, 14.1939907074, 0.715435802937, 0.0120160263032, 8.7456915935e-05, 8.67185008246e-07, 1.35753746022e-08], "min": [2.51758119703e-05, 2.67295363301e-05, 1.91129583982e-05, 5.81141030125e-05, 7.28963277652e-05, 6.23670057394e-05, 6.68014763505e-05, 0.000124376267195, 7.59554677643e-05, 5.55611986783e-05, 2.88605770038e-05, 2.97797087114e-05, 3.84305494663e-05, 2.55203485722e-05, 2.8864144042e-05, 2.84299912892e-05, 2.91594242299e-05, 3.23934000335e-05, 2.89892250294e-05, 5.39358552487e-05, 6.83664111421e-05, 7.55933506298e-05, 8.92919342732e-05, 7.99594199634e-05, 0.000100186916825, 9.21258761082e-05, 0.000131565815536, 0.000108442822238, 0.000104491795355, 0.000132466448122, 0.00012649166456, 0.000120274147775, 0.000115694609121, 9.846600733e-05, 5.96100726398e-05, 2.47923890129e-05, 4.25329108111e-06, 9.80866047939e-07, 2.688681775e-07, 3.84630851613e-08], "dmean": [1.01073217392, 8.12832164764, 9.07765579224, 13.9310874939, 13.5808067322, 10.5173711777, 8.10696983337, 6.26719713211, 4.68454694748, 4.54594230652, 4.1141872406, 3.39375925064, 3.17355847359, 4.50517988205, 4.42390584946, 4.66870927811, 4.83045482635, 6.40395545959, 6.34124898911, 6.51909971237, 8.22555351257, 8.84866333008, 13.1780471802, 12.3998823166, 8.38923549652, 6.37310504913, 5.69659471512, 8.55187416077, 8.41926765442, 9.20956993103, 7.83161020279, 6.25723314285, 3.54016947746, 1.42268681526, 0.611985564232, 0.151073142886, 0.0197656806558, 0.00193513568956, 0.000196451932425, 5.47085037397e-05], "mean": [1.7737698555, 12.2085523605, 9.64572906494, 12.2531242371, 9.92250728607, 9.20091056824, 8.50793933868, 6.51704835892, 4.80243349075, 4.63724088669, 4.37103271484, 3.77041745186, 3.46850562096, 4.28858804703, 4.66379547119, 4.785800457, 4.79842424393, 5.56151390076, 5.57396030426, 5.79132032394, 6.88598489761, 7.58229589462, 10.2518043518, 10.0849542618, 8.02587127686, 7.21146297455, 7.07256793976, 8.8762550354, 8.70684337616, 9.16651248932, 8.16365909576, 7.10279226303, 4.9594912529, 2.71938920021, 1.29100871086, 0.302975714207, 0.0404648371041, 0.00336294225417, 0.000334574346198, 0.000105211154732], "max": [16.0200824738, 103.330673218, 296.857025146, 607.881103516, 709.484802246, 356.194702148, 225.049423218, 169.393722534, 178.987884521, 220.119506836, 368.214904785, 182.531036377, 85.7148971558, 135.141906738, 569.829711914, 603.054016113, 211.49822998, 245.469955444, 198.917007446, 164.459457397, 278.560882568, 384.720428467, 329.981506348, 452.745910645, 492.68347168, 331.432342529, 387.217498779, 379.491699219, 307.719818115, 352.191589355, 222.865982056, 162.409484863, 121.636230469, 57.5735435486, 28.5706596375, 6.85494947433, 0.925023376942, 0.104779697955, 0.0115778548643, 0.000782188843004], "dmean2": [1.55824553967, 13.3944101334, 15.6517810822, 25.0985527039, 25.2839488983, 18.8653507233, 13.8659639359, 10.6931228638, 7.96053886414, 7.62053012848, 6.78606510162, 5.50676250458, 5.14721441269, 7.68890047073, 7.43372488022, 7.97647428513, 8.31002902985, 11.4258069992, 11.3960065842, 11.7803888321, 15.0875864029, 16.1399536133, 24.4911994934, 22.976770401, 15.1513023376, 11.1253356934, 9.74489688873, 15.1346149445, 15.0905370712, 16.5825214386, 14.0930204391, 11.0834207535, 6.07048082352, 2.30252051353, 1.00821352005, 0.246898010373, 0.032248262316, 0.00325648020953, 0.00033586320933, 9.21049067983e-05], "median": [0.515536308289, 6.11211681366, 4.36759519577, 4.02247238159, 2.32467722893, 3.04145431519, 2.86227059364, 2.12381744385, 1.65685629845, 1.09135627747, 0.952071428299, 0.710499644279, 0.554697930813, 0.50675535202, 0.451757073402, 0.434202700853, 0.365685582161, 0.29841119051, 0.250594854355, 0.206388503313, 0.192043215036, 0.176889449358, 0.162626594305, 0.150399953127, 0.119529649615, 0.0879096537828, 0.0953737795353, 0.0937684625387, 0.0529836192727, 0.0384611710906, 0.0269197076559, 0.022032096982, 0.0178012512624, 0.0123737752438, 0.00612141937017, 0.00168696139008, 0.000268543721177, 2.90764583042e-05, 3.97872900066e-05, 5.76793427172e-05], "dvar": [2.48577952385, 145.083404541, 513.070678711, 2068.02880859, 2733.92138672, 996.011901855, 386.236358643, 212.470565796, 131.020431519, 119.921211243, 78.1583938599, 38.4509010315, 28.5608654022, 78.1867523193, 120.113739014, 121.550048828, 77.8253326416, 247.873504639, 236.150939941, 219.820129395, 461.647064209, 461.797210693, 1251.92541504, 1100.42785645, 505.5206604, 206.404647827, 160.448654175, 491.566070557, 572.578552246, 737.211303711, 532.985473633, 308.35836792, 74.0689544678, 12.3314685822, 2.47785592079, 0.127442836761, 0.00233197561465, 2.81855081994e-05, 2.60684885234e-07, 4.8124277896e-09]}, "silence_rate_30dB": {"dvar2": 0.158934757113, "var": 0.201403781772, "min": 0, "dmean": 0.0856997445226, "mean": 0.72043555975, "max": 1, "dmean2": 0.171416938305, "median": 1, "dvar": 0.0783493891358}, "melbands_spread": {"dvar2": 808.424804688, "var": 637.75970459, "min": 0.0461106114089, "dmean": 8.04335784912, "mean": 10.8041543961, "max": 219.097824097, "dmean2": 13.3041248322, "median": 1.55888211727, "dvar": 349.006408691}, "melbands_crest": {"dvar2": 28.4439640045, "var": 52.9136772156, "min": 2.29256772995, "dmean": 3.21523499489, "mean": 21.424949646, "max": 39.7553329468, "dmean2": 5.18954658508, "median": 20.6079368591, "dvar": 11.908700943}, "zerocrossingrate": {"dvar2": 0.000394401140511, "var": 0.00221349741332, "min": 0, "dmean": 0.0105738611892, "mean": 0.0278430636972, "max": 0.31494140625, "dmean2": 0.0135585526004, "median": 0.00927734375, "dvar": 0.000324271444697}, "barkbands_kurtosis": {"dvar2": 214977.5, "var": 135420.3125, "min": -1.91251838207, "dmean": 124.949172974, "mean": 152.319046021, "max": 4827.97314453, "dmean2": 215.877288818, "median": 31.7395477295, "dvar": 80706.6015625}, "spectral_flux": {"dvar2": 0.00900131557137, "var": 0.0119724925607, "min": 0.001051411964, "dmean": 0.0582569278777, "mean": 0.12326348573, "max": 0.756522476673, "dmean2": 0.0887462571263, "median": 0.0878536626697, "dvar": 0.00519487587735}, "barkbands_crest": {"dvar2": 36.4766807556, "var": 47.5498275757, "min": 1.98358845711, "dmean": 3.56958723068, "mean": 18.463136673, "max": 26.757188797, "dmean2": 6.00658178329, "median": 20.6588096619, "dvar": 14.7418403625}, "barkbands_flatness_db": {"dvar2": 0.016768168658, "var": 0.0257938671857, "min": 0.020508883521, "dmean": 0.0924076288939, "mean": 0.317118436098, "max": 0.69790905714, "dmean2": 0.133353665471, "median": 0.31877335906, "dvar": 0.00792663078755}, "spectral_entropy": {"dvar2": 1.04523766041, "var": 1.44557762146, "min": 3.41693425179, "dmean": 0.713598787785, "mean": 6.79420757294, "max": 8.77302932739, "dmean2": 1.04177284241, "median": 6.80916309357, "dvar": 0.552865803242}, "pitch_salience": {"dvar2": 0.0397096611559, "var": 0.0489109456539, "min": 0.0128893023357, "dmean": 0.118019551039, "mean": 0.385249495506, "max": 0.937331855297, "dmean2": 0.197341397405, "median": 0.361940532923, "dvar": 0.0154307438061}, "erbbands_spread": {"dvar2": 1635.16516113, "var": 1180.57275391, "min": 1.18782246113, "dmean": 21.7312793732, "mean": 37.9365539551, "max": 201.272674561, "dmean2": 34.9077682495, "median": 27.1062793732, "dvar": 645.23248291}, "dynamic_complexity": 4.16804218292, "spectral_contrast_valleys": {"dvar2": [0.472417414188, 1.42237210274, 1.81764030457, 2.08847045898, 2.21109676361, 1.8483787775], "var": [1.10005009174, 1.67109882832, 2.52576184273, 2.77560830116, 2.91568827629, 2.86814832687], "min": [-11.9471693039, -12.3234119415, -13.0484037399, -13.3673000336, -12.6089639664, -13.9121446609], "dmean": [0.471606373787, 0.77325040102, 0.93168336153, 1.01940572262, 1.02617752552, 0.905503928661], "mean": [-6.90608787537, -7.52576494217, -8.49792480469, -8.99337673187, -8.85341072083, -10.8998441696], "max": [-4.7864818573, -4.81484174728, -5.45549249649, -5.44478464127, -5.28385925293, -7.18904542923], "dmean2": [0.764234900475, 1.17862010002, 1.29663407803, 1.41463637352, 1.47941172123, 1.34918749332], "median": [-6.7013835907, -7.34979820251, -8.33332252502, -8.97851753235, -9.104347229, -11.4955730438], "dvar": [0.203414514661, 0.591391682625, 0.805027782917, 0.977970838547, 1.12079119682, 1.00157308578]}, "hfc": {"dvar2": 1608.38916016, "var": 1107.38391113, "min": 0.000837013649289, "dmean": 13.1845722198, "mean": 19.4988861084, "max": 265.657836914, "dmean2": 22.8279533386, "median": 6.48646259308, "dvar": 605.743164063}, "spectral_kurtosis": {"dvar2": 237.323471069, "var": 233.829864502, "min": -0.614958584309, "dmean": 8.35349178314, "mean": 12.6423177719, "max": 194.617874146, "dmean2": 12.5269002914, "median": 6.79128170013, "dvar": 123.508728027}, "mfcc": {"mean": [-770.477416992, 142.082885742, 57.1437911987, 47.0914230347, 24.6718978882, 17.5585250854, 12.4585094452, 8.94044780731, 5.1928935051, 5.30459547043, 6.20965337753, 5.00876522064, 1.66023755074], "cov": [[21026.9726563, -4384.65527344, -3683.93579102, -1705.64086914, -720.40838623, -299.335968018, -311.317016602, 146.961456299, -249.171966553, -285.333679199, -430.574645996, -148.524429321, -189.636138916], [-4384.65527344, 3696.75756836, 761.054992676, 28.3218917847, -0.915355026722, -52.3531303406, 125.309082031, -136.689208984, 82.1998138428, 13.5293149948, 60.5646629333, -27.3634643555, 45.1652450562], [-3683.93579102, 761.054992676, 1356.61340332, 469.26675415, 193.441070557, 92.7762145996, 57.1809921265, -6.94421100616, 52.4324684143, 73.6997680664, 84.5400009155, 45.6653747559, 35.6614532471], [-1705.64086914, 28.3218917847, 469.26675415, 460.309936523, 180.277374268, 127.667800903, 87.9960632324, 59.7140007019, 52.1549453735, 53.0798606873, 57.3718719482, 23.6345920563, 3.75637197495], [-720.40838623, -0.915355026722, 193.441070557, 180.277374268, 228.542984009, 100.206100464, 99.4296188354, 59.2502555847, 62.2011947632, 59.5058135986, 48.8205375671, 19.6881980896, 30.9716701508], [-299.335968018, -52.3531303406, 92.7762145996, 127.667800903, 100.206100464, 150.611633301, 102.055183411, 84.1480865479, 55.7097015381, 47.6546516418, 33.3071479797, 26.7540531158, 12.3944644928], [-311.317016602, 125.309082031, 57.1809921265, 87.9960632324, 99.4296188354, 102.055183411, 157.818817139, 64.1245880127, 75.5854034424, 38.3122367859, 35.8717269897, 16.3052253723, 23.5963230133], [146.961456299, -136.689208984, -6.94421100616, 59.7140007019, 59.2502555847, 84.1480865479, 64.1245880127, 120.466873169, 43.2236595154, 43.1594085693, 29.1305828094, 27.2679748535, 8.12062263489], [-249.171966553, 82.1998138428, 52.4324684143, 52.1549453735, 62.2011947632, 55.7097015381, 75.5854034424, 43.2236595154, 74.4707260132, 39.2745857239, 29.574054718, 20.2750110626, 22.7387046814], [-285.333679199, 13.5293149948, 73.6997680664, 53.0798606873, 59.5058135986, 47.6546516418, 38.3122367859, 43.1594085693, 39.2745857239, 61.429069519, 37.9451789856, 21.9099941254, 18.6727561951], [-430.574645996, 60.5646629333, 84.5400009155, 57.3718719482, 48.8205375671, 33.3071479797, 35.8717269897, 29.1305828094, 29.574054718, 37.9451789856, 52.1150970459, 23.9734611511, 17.6348342896], [-148.524429321, -27.3634643555, 45.6653747559, 23.6345920563, 19.6881980896, 26.7540531158, 16.3052253723, 27.2679748535, 20.2750110626, 21.9099941254, 23.9734611511, 42.3184547424, 23.3998336792], [-189.636138916, 45.1652450562, 35.6614532471, 3.75637197495, 30.9716701508, 12.3944644928, 23.5963230133, 8.12062263489, 22.7387046814, 18.6727561951, 17.6348342896, 23.3998336792, 40.6940536499]], "icov": [[0.00014132434444, 0.000112061505206, 0.000168422368006, 0.000317030702718, 1.57514768944e-05, 6.95893395459e-05, -0.00011344000086, -0.000316176214255, -5.03571900481e-05, -9.47896478465e-06, 0.00057454459602, -3.14728131343e-05, 0.000254639278864], [0.000112061505206, 0.000485783151817, -0.000175407578354, 0.000494462728966, 0.000302892556647, 0.000270010874374, -0.000656119140331, 0.000171925115865, -0.000468787649879, 0.00012291118037, -0.000139837080496, 0.000696600298397, -9.91208526102e-06], [0.000168422368006, -0.000175407578354, 0.00173972710036, -0.00113915186375, -0.000282919936581, -3.6994657421e-05, 0.000533303944394, 0.000429829058703, 0.000273293349892, -0.000772722996771, 0.000669271219522, -0.00119603145868, -8.73109092936e-06], [0.000317030702718, 0.000494462728966, -0.00113915186375, 0.00599907711148, -0.00221472256817, -0.00197497615591, -0.000227492855629, -0.000650578294881, -0.000616554520093, 0.00167365663219, -0.00103005906567, -0.000105388608063, 0.00400548428297], [1.57514768944e-05, 0.000302892556647, -0.000282919936581, -0.00221472256817, 0.00982994493097, -0.00168725044932, -0.00217913044617, -0.000220175614231, -0.000360769336112, -0.00323219969869, -0.00170937599614, 0.00552250817418, -0.00622051674873], [6.95893395459e-05, 0.000270010874374, -3.6994657421e-05, -0.00197497615591, -0.00168725044932, 0.0197449848056, -0.00903361942619, -0.00562583515421, 0.00144351518247, -0.00545589532703, 0.00534672522917, -0.00677029090002, 0.00514329504222], [-0.00011344000086, -0.000656119140331, 0.000533303944394, -0.000227492855629, -0.00217913044617, -0.00903361942619, 0.020139195025, -0.00186603830662, -0.0128760952502, 0.00784348417073, -0.0057177641429, 0.00708896899596, -0.00514483870938], [-0.000316176214255, 0.000171925115865, 0.000429829058703, -0.000650578294881, -0.000220175614231, -0.00562583515421, -0.00186603830662, 0.0185822881758, -0.00164200749714, -0.0060378680937, -0.00140938162804, -0.00711531750858, 0.00566432997584], [-5.03571900481e-05, -0.000468787649879, 0.000273293349892, -0.000616554520093, -0.000360769336112, 0.00144351518247, -0.0128760952502, -0.00164200749714, 0.0357591770589, -0.0126730212942, 0.00208843243308, -0.00418143114075, -0.00493495957926], [-9.47896478465e-06, 0.00012291118037, -0.000772722996771, 0.00167365663219, -0.00323219969869, -0.00545589532703, 0.00784348417073, -0.0060378680937, -0.0126730212942, 0.043573372066, -0.0209714937955, 0.00389161985368, -0.00494168512523], [0.00057454459602, -0.000139837080496, 0.000669271219522, -0.00103005906567, -0.00170937599614, 0.00534672522917, -0.0057177641429, -0.00140938162804, 0.00208843243308, -0.0209714937955, 0.0477474108338, -0.0164550375193, 0.00283684721217], [-3.14728131343e-05, 0.000696600298397, -0.00119603145868, -0.000105388608063, 0.00552250817418, -0.00677029090002, 0.00708896899596, -0.00711531750858, -0.00418143114075, 0.00389161985368, -0.0164550375193, 0.0535774417222, -0.0278200507164], [0.000254639278864, -9.91208526102e-06, -8.73109092936e-06, 0.00400548428297, -0.00622051674873, 0.00514329504222, -0.00514483870938, 0.00566432997584, -0.00493495957926, -0.00494168512523, 0.00283684721217, -0.0278200507164, 0.0502226017416]]}, "silence_rate_20dB": {"dvar2": 0.0193287171423, "var": 0.00496200798079, "min": 0, "dmean": 0.00732824439183, "mean": 0.995013237, "max": 1, "dmean2": 0.0146579807624, "median": 1, "dvar": 0.00727443629876}, "melbands_kurtosis": {"dvar2": 128128.46875, "var": 47868.2695313, "min": -1.80199444294, "dmean": 82.9637756348, "mean": 100.908287048, "max": 7212.67089844, "dmean2": 142.487930298, "median": 38.9412994385, "dvar": 47053.9257813}, "barkbands_spread": {"dvar2": 578.94744873, "var": 457.062194824, "min": 0.022786648944, "dmean": 8.49629592896, "mean": 12.0685806274, "max": 102.638015747, "dmean2": 14.3390722275, "median": 2.15812969208, "dvar": 235.457077026}, "erbbands_skewness": {"dvar2": 5.31622552872, "var": 5.81812095642, "min": -3.18595123291, "dmean": 1.40797662735, "mean": 1.77313184738, "max": 14.5721559525, "dmean2": 2.13659596443, "median": 1.31893360615, "dvar": 2.26865100861}, "average_loudness": 0.906131744385, "spectral_centroid": {"dvar2": 1067503.25, "var": 992374.5, "min": 63.6821746826, "dmean": 478.144836426, "mean": 803.648986816, "max": 4592.16015625, "dmean2": 778.874938965, "median": 291.982666016, "dvar": 503275.625}, "dissonance": {"dvar2": 0.00223948969506, "var": 0.00173056870699, "min": 0.115441307425, "dmean": 0.0251916758716, "mean": 0.456995278597, "max": 0.500000178814, "dmean2": 0.0387259945273, "median": 0.468954443932, "dvar": 0.000883368018549}, "erbbands_flatness_db": {"dvar2": 0.00442469958216, "var": 0.00608944473788, "min": 0.0431147441268, "dmean": 0.0480149425566, "mean": 0.183604747057, "max": 0.451188713312, "dmean2": 0.0707978606224, "median": 0.175976604223, "dvar": 0.00228615757078}, "spectral_strongpeak": {"dvar2": 0.165535122156, "var": 0.140116482973, "min": 0, "dmean": 0.190727949142, "mean": 0.527731060982, "max": 5.19180965424, "dmean2": 0.303971737623, "median": 0.475725293159, "dvar": 0.064803801477}, "spectral_rms": {"dvar2": 1.44094610732e-05, "var": 2.08888432098e-05, "min": 4.78532638226e-05, "dmean": 0.00212998595089, "mean": 0.00725549506024, "max": 0.0224887989461, "dmean2": 0.00354909710586, "median": 0.00643773097545, "dvar": 5.77878518015e-06}, "silence_rate_60dB": {"dvar2": 0.0624100863934, "var": 0.0726548582315, "min": 0, "dmean": 0.0294147580862, "mean": 0.0788723826408, "max": 1, "dmean2": 0.0587337128818, "median": 0, "dvar": 0.0285526588559}, "melbands": {"dvar2": [0.00051514635561, 0.000285707617877, 0.000175103210495, 2.59484131675e-05, 1.66920028732e-06, 3.01116727996e-07, 8.81166073441e-08, 3.34765992704e-08, 1.18836469554e-08, 3.51020745804e-09, 1.71817526873e-09, 3.39286487794e-09, 2.6167541467e-09, 4.06650180196e-09, 1.27851307319e-09, 1.15084564101e-09, 2.91428903232e-09, 2.36350072846e-09, 7.48289374908e-10, 1.62431978978e-09, 1.82467241316e-09, 1.24854560024e-09, 2.42446529519e-09, 2.99448066343e-09, 2.08962824821e-09, 9.59699208991e-10, 4.64737082151e-10, 2.39758407572e-10, 1.5698059519e-10, 3.18198439819e-10, 4.55470716698e-10, 3.90805304784e-10, 7.6192580023e-10, 7.07284508739e-10, 5.83280479471e-10, 4.40942921065e-10, 2.86506790514e-10, 1.48540263423e-10, 3.89842949589e-11, 2.06435580435e-11], "var": [0.000509756617248, 0.000150771826156, 3.9523562009e-05, 5.22034360984e-06, 4.20205992668e-07, 8.9297181205e-08, 2.36654464913e-08, 1.04218633723e-08, 4.64826444002e-09, 1.82087989131e-09, 9.87537829289e-10, 1.32756472482e-09, 1.61939672783e-09, 2.13272755012e-09, 6.8221267524e-10, 4.83970585829e-10, 7.36447181016e-10, 5.97619675968e-10, 2.89404250564e-10, 4.34692143392e-10, 4.65744720568e-10, 3.81111614489e-10, 6.05844374668e-10, 7.0251715556e-10, 5.34137511998e-10, 2.99171548646e-10, 2.16095544237e-10, 1.52713050539e-10, 1.39784073205e-10, 1.6211593179e-10, 2.0416862645e-10, 1.74030442834e-10, 2.46283327066e-10, 2.41595882189e-10, 2.06042946593e-10, 1.75854775186e-10, 1.44988049344e-10, 1.08768903606e-10, 6.32920799104e-11, 3.88778072236e-11], "min": [2.23016982659e-07, 1.25926131744e-08, 8.92038265476e-09, 3.99891364466e-09, 1.94470972659e-09, 3.2528566507e-09, 1.31182686935e-09, 4.94348395552e-10, 1.84414220006e-10, 1.71080399847e-10, 1.6032603023e-10, 8.20768175647e-11, 8.80036807316e-11, 6.53674545048e-11, 7.91345253215e-11, 7.00077218418e-11, 5.69961994268e-11, 3.50297811591e-11, 5.81081051332e-11, 6.54450590942e-11, 7.03140184966e-11, 5.79960870994e-11, 6.75346514822e-11, 7.86674614339e-11, 5.34763656967e-11, 6.9221711696e-11, 6.76574074543e-11, 4.65373087288e-11, 6.9652381085e-11, 6.57990745223e-11, 5.04718176975e-11, 5.37335523298e-11, 5.464387276e-11, 6.22927820437e-11, 6.07540615039e-11, 6.98823915402e-11, 7.24328375057e-11, 7.2277288321e-11, 7.48327233513e-11, 7.68673666385e-11], "dmean": [0.00988287013024, 0.00637952238321, 0.0023850845173, 0.000871891563293, 0.000294500787277, 0.000143573561218, 7.20284006093e-05, 4.86993958475e-05, 3.22906089423e-05, 2.02872288355e-05, 1.56015885295e-05, 1.83409028978e-05, 1.49394372784e-05, 1.33163875944e-05, 1.14959339044e-05, 1.09509037429e-05, 1.22648089018e-05, 1.09830225483e-05, 8.12039161247e-06, 9.63487127592e-06, 9.66926472756e-06, 8.72301370691e-06, 1.14203148769e-05, 1.18566449601e-05, 1.01544264908e-05, 6.67769654683e-06, 5.06919332111e-06, 4.18217450715e-06, 3.36975608661e-06, 4.48699483968e-06, 5.00112037116e-06, 4.32874821854e-06, 5.5182572396e-06, 5.37180812898e-06, 4.82687801195e-06, 4.35169340562e-06, 3.73480997951e-06, 2.91676610686e-06, 1.66139136581e-06, 1.12262432594e-06], "mean": [0.0163375530392, 0.00910560786724, 0.00200655963272, 0.000690649554599, 0.000295051955618, 0.000153681612574, 7.3960647569e-05, 5.03816190758e-05, 3.46566812368e-05, 2.24051473197e-05, 1.66991267179e-05, 1.72088166437e-05, 1.52312186401e-05, 1.3616780052e-05, 1.14973836389e-05, 1.02788890217e-05, 1.03408674477e-05, 9.25503172766e-06, 7.46279010855e-06, 8.07779269962e-06, 7.99245844973e-06, 7.5327061495e-06, 8.90558385436e-06, 9.12150335353e-06, 8.13041788206e-06, 6.10922734268e-06, 5.17063563166e-06, 4.68322923552e-06, 4.23092387791e-06, 4.77905950902e-06, 5.14419389219e-06, 4.59078682979e-06, 5.28331702299e-06, 5.18080287293e-06, 4.81585675516e-06, 4.5426700126e-06, 4.26045698987e-06, 3.7448439798e-06, 2.75689444607e