{"tonal": {"thpcp": [1, 0.775864958763, 0.297167003155, 0.219423800707, 0.256036102772, 0.309402346611, 0.395182877779, 0.383326768875, 0.405094385147, 0.651350021362, 0.582554578781, 0.302136093378, 0.2838088274, 0.303325116634, 0.451122939587, 0.822183310986, 0.643054127693, 0.220193952322, 0.272893160582, 0.334714651108, 0.46744248271, 0.604819357395, 0.405221879482, 0.225250542164, 0.29421505332, 0.304012268782, 0.184843167663, 0.141137883067, 0.187966480851, 0.228759229183, 0.221838667989, 0.194011360407, 0.18268096447, 0.216924384236, 0.248844608665, 0.54313147068], "hpcp": {"dmean2": [0.153377383947, 0.172052428126, 0.225934147835, 0.270078837872, 0.258540898561, 0.173921883106, 0.152017578483, 0.174480244517, 0.184665977955, 0.199097305536, 0.211910560727, 0.208415150642, 0.25399902463, 0.246711045504, 0.189246729016, 0.183832123876, 0.193148180842, 0.193793714046, 0.207717657089, 0.1945707798, 0.128674402833, 0.150843337178, 0.166808545589, 0.204268857837, 0.248019456863, 0.179563000798, 0.127952247858, 0.133450269699, 0.137389585376, 0.0997418910265, 0.0922857448459, 0.120883584023, 0.134297370911, 0.123753026128, 0.115323238075, 0.123765133321], "median": [0.00418274197727, 0.00626371614635, 0.0360021963716, 0.0715932622552, 0.059573367238, 0.0157924499363, 0.00411047739908, 0.00391136016697, 0.00658957660198, 0.00833753310144, 0.00862442981452, 0.0190993417054, 0.0241561215371, 0.0215686298907, 0.00957081373781, 0.00539079820737, 0.00522291334346, 0.0175512526184, 0.0174756478518, 0.0141969369724, 0.00657200813293, 0.00289420597255, 0.0050414740108, 0.0116545958444, 0.0133831640705, 0.0141589185223, 0.00817171297967, 0.00674747023731, 0.0055124363862, 0.0051204864867, 0.0031838901341, 0.00376498885453, 0.00469602830708, 0.00612946972251, 0.00500740576535, 0.0037812187802], "min": [0, 0, 0, 0, 0, 0, 0, 0, 0, 0, 0, 0, 0, 0, 0, 0, 0, 0, 0, 0, 0, 0, 0, 0, 0, 0, 0, 0, 0, 0, 0, 0, 0, 0, 0, 0], "dvar2": [0.101634658873, 0.105287864804, 0.114863477647, 0.133360639215, 0.121804349124, 0.0967843234539, 0.103811509907, 0.112818330526, 0.118066221476, 0.131080836058, 0.136938333511, 0.122410386801, 0.144593715668, 0.137425363064, 0.1208011657, 0.125763595104, 0.132452815771, 0.114667274058, 0.12317712605, 0.101682841778, 0.0730735510588, 0.0899711474776, 0.103079520166, 0.0987025424838, 0.149130538106, 0.0839194655418, 0.0654556900263, 0.0657930672169, 0.0743740573525, 0.0470885708928, 0.0515157841146, 0.0765675380826, 0.0856407657266, 0.0699038207531, 0.0678866505623, 0.0762587785721], "dvar": [0.0365131832659, 0.0375673770905, 0.042102266103, 0.0580400116742, 0.0473708994687, 0.0342029258609, 0.0364930219948, 0.0404842533171, 0.0432190299034, 0.0510033406317, 0.052718564868, 0.0448593460023, 0.0604345872998, 0.0547327660024, 0.0438331626356, 0.0462351627648, 0.0497641228139, 0.0419812239707, 0.0532604046166, 0.0414757914841, 0.0257011633366, 0.0338040143251, 0.0404357798398, 0.0399350449443, 0.064296528697, 0.0324979200959, 0.0239011477679, 0.0255893059075, 0.0300512183458, 0.0176290664822, 0.0186219420284, 0.0278152767569, 0.0319520868361, 0.0258767418563, 0.0247733984143, 0.0272964909673], "dmean": [0.0836111158133, 0.0936707779765, 0.128227099776, 0.157434538007, 0.149930343032, 0.0961896777153, 0.0825688242912, 0.0944358035922, 0.101326808333, 0.111160188913, 0.117665581405, 0.117492057383, 0.146152451634, 0.141519188881, 0.104100093246, 0.100968748331, 0.106387160718, 0.107404969633, 0.118964865804, 0.11214069277, 0.071021437645, 0.0843302085996, 0.0939550101757, 0.116732217371, 0.139788985252, 0.103620447218, 0.0720467194915, 0.0768674984574, 0.0793361291289, 0.0567272417247, 0.0512237139046, 0.0673279389739, 0.0759490579367, 0.0694363191724, 0.0641565173864, 0.067978322506], "max": [1, 1, 1, 1, 1, 1, 1, 1, 1, 1, 1, 1, 1, 1, 1, 1, 1, 1, 1, 1, 1, 1, 1, 1, 1, 1, 1, 1, 1, 1, 1, 1, 1, 1, 1, 1], "var": [0.0264898240566, 0.0286991856992, 0.0510980039835, 0.133103787899, 0.0836432725191, 0.0288522578776, 0.0271673798561, 0.0319142155349, 0.0385129973292, 0.0581382885575, 0.0528082214296, 0.0429661609232, 0.0922597274184, 0.0725954920053, 0.0351175330579, 0.0368719361722, 0.0415685400367, 0.0444797165692, 0.134024381638, 0.0857339948416, 0.0207857973874, 0.0349489711225, 0.0491926446557, 0.0512876063585, 0.0941642075777, 0.0408770032227, 0.0215113032609, 0.0341629497707, 0.0393624044955, 0.0165474060923, 0.0141286030412, 0.022267267108, 0.0295361578465, 0.0250104740262, 0.0225538667291, 0.0197710040957], "mean": [0.060035251081, 0.068869382143, 0.150315210223, 0.276756584644, 0.214725732803, 0.0822429284453, 0.0607269816101, 0.0708596780896, 0.0856291353703, 0.109369464219, 0.106088206172, 0.112112537026, 0.180265411735, 0.161225810647, 0.0836181566119, 0.0785459652543, 0.0839472264051, 0.124851241708, 0.227544650435, 0.17796947062, 0.0609401278198, 0.0755249783397, 0.0926344841719, 0.129367783666, 0.167387738824, 0.112147822976, 0.0623395703733, 0.0814259499311, 0.0841373950243, 0.051156565547, 0.0390608385205, 0.0520209632814, 0.0633106231689, 0.0613953135908, 0.0536939203739, 0.0505581609905]}, "tuning_equal_tempered_deviation": 0.169234335423, "chords_changes_rate": 0.0631735995412, "key_key": "D#", "tuning_diatonic_strength": 0.467777699232, "key_scale": "minor", "chords_number_rate": 0.00198971969076, "tuning_frequency": 436.708374023, "tuning_nontempered_energy_ratio": 0.799575567245, "chords_histogram": [23.7108268738, 2.47056865692, 37.1414375305, 1.3098988533, 0.746144890785, 3.84679150581, 3.74730563164, 1.54203283787, 0.795887887478, 10.3299617767, 1.17725086212, 0.497429937124, 0.762725889683, 0.0497429929674, 0.0165809988976, 1.3098988533, 0.298457980156, 0.414524942636, 0.0994859859347, 7.66042137146, 0, 0.0165809988976, 0.165809988976, 1.89023375511], "key_strength": 0.639193356037, "chords_key": "A#", "chords_strength": {"dmean2": 0.0124342665076, "median": 0.495703369379, "min": -1, "dvar2": 0.000810648314655, "dvar": 0.000440715957666, "dmean": 0.0112999938428, "max": 0.804934799671, "var": 0.133275479078, "mean": 0.424829989672}, "chords_scale": "minor", "hpcp_entropy": {"dmean2": 1.04364812374, "median": 1.85809469223, "min": 0, "dvar2": 0.821156740189, "dvar": 0.310495108366, "dmean": 0.616460561752, "max": 4.42859601974, "var": 0.799101769924, "mean": 1.81841254234}}, "metadata": {"audio_properties": {"equal_loudness": 0, "codec": "mp3", "downmix": "mix", "sample_rate": 44100, "analysis_sample_rate": 44100, "bit_rate": 320030, "md5_encoded": "3548425f6cd872c7b2ca0448173328f2", "length": 280.032653809, "replay_gain": -9.48354530334, "lossless": false}, "version": {"essentia_build_sha": "2d9f1f26377add8aeb1075a9c2973f962c4f09fd", "essentia": "2.1-beta2", "extractor": "music 1.0", "essentia_git_sha": "v2.1_beta2-1-ge3940c0"}, "tags": {"title": ["Love Makes the World Go Round"], "media": ["CD"], "albumartist": ["Brain Damage"], "musicbrainz_recordingid": ["0d27763c-dd05-4181-b8f4-8820ebd02513"], "mood": ["Unknown"], "originalyear": ["2015"], "discnumber": ["1/1"], "album": ["Walk the Walk"], "contentgroup": ["Unknown"], "musicbrainz album type": ["album"], "musicbrainz album status": ["official"], "file_name": "10 - Love Makes the World Go Round.mp3", "musicbrainz_albumartistid": ["9d19a058-3bb8-4858-937b-39dc2b817fc8"], "date": ["2015-10-16"], "genre": ["Unknown"], "musicbrainz album release country": ["FR"], "musicbrainz_releasegroupid": ["787c4edc-5508-4591-97be-c9b412442474"], "script": ["Latn"], "originaldate": ["2015-10-15"], "musicbrainz_albumid": ["c690613c-bc3e-4679-a030-ad2abad84ca0"], "artist": ["Brain Damage feat. Ras Michael"], "artistsort": ["Brain Damage feat. Michael, Ras"], "tracknumber": ["10/10"], "label": ["Jarring Effects"], "albumartistsort": ["Brain Damage"], "musicbrainz_artistid": ["9d19a058-3bb8-4858-937b-39dc2b817fc8", "61582e70-ffc4-49d0-937b-6b9011773bf8"]}}, "rhythm": {"bpm_histogram_first_peak_bpm": {"dmean2": 0, "median": 133, "min": 133, "dvar2": 0, "dvar": 0, "dmean": 0, "max": 133, "var": 0, "mean": 133}, "bpm": 131.996368408, "bpm_histogram_second_peak_spread": {"dmean2": 0, "median": 0.352941185236, "min": 0.352941185236, "dvar2": 0, "dvar": 0, "dmean": 0, "max": 0.352941185236, "var": 0, "mean": 0.352941185236}, "bpm_histogram_first_peak_weight": {"dmean2": 0, "median": 0.689768970013, "min": 0.689768970013, "dvar2": 0, "dvar": 0, "dmean": 0, "max": 0.689768970013, "var": 0, "mean": 0.689768970013}, "onset_rate": 4.38145017624, "beats_position": [0.487619042397, 0.986848056316, 1.45124709606, 1.91564619541, 2.38004541397, 2.83283448219, 3.40172338486, 3.97061228752, 4.52789115906, 5.0967798233, 5.66566896439, 6.23455762863, 6.80344676971, 7.37233543396, 7.8251247406, 8.27791404724, 8.73070240021, 9.19510173798, 9.64789104462, 10.1006803513, 10.5534696579, 11.0062580109, 11.4590473175, 11.9118366241, 12.3762359619, 12.840634346, 13.2934236526, 13.7462129593, 14.1990022659, 14.6517915726, 15.1045799255, 15.5573692322, 16.0217685699, 16.4629478455, 16.9157371521, 17.3685264587, 17.8213157654, 18.2741031647, 18.7385025024, 19.2029018402, 19.6556911469, 20.1084804535, 20.5612697601, 21.0140590668, 21.4784584045, 21.9312477112, 22.3840351105, 22.8368244171, 23.2896137238, 23.7424030304, 24.195192337, 24.6479816437, 25.1007709503, 25.553560257, 26.0063495636, 26.470746994, 26.9235363007, 27.3763256073, 27.8291149139, 28.2819042206, 28.7346935272, 29.1874828339, 29.6518821716, 30.1046714783, 30.5574588776, 31.0102481842, 31.4630374908, 31.9158267975, 32.3686180115, 32.8330154419, 33.2741928101, 33.7385940552, 34.1913833618, 34.6441726685, 35.1085700989, 35.5613594055, 36.0141487122, 36.4669380188, 36.9197273254, 37.3725166321, 37.8253059387, 38.2897033691, 38.730884552, 39.1836738586, 39.6364631653, 40.1008605957, 40.5536499023, 41.006439209, 41.4592285156, 41.9120178223, 42.3764152527, 42.8292045593, 43.281993866, 43.7463951111, 44.1875724792, 44.6519737244, 45.1047592163, 45.5575485229, 46.0103378296, 46.4631271362, 46.9159164429, 47.3687057495, 47.8331069946, 48.2858963013, 48.7386856079, 49.1914749146, 49.6442604065, 50.0970497131, 50.5498390198, 51.0142402649, 51.4670295715, 51.9198188782, 52.3726081848, 52.8253974915, 53.2897949219, 53.73097229, 54.1953735352, 54.6481628418, 55.1009521484, 55.5537414551, 56.0065307617, 56.4593200684, 56.912109375, 57.3765068054, 57.8292961121, 58.2820854187, 58.7348747253, 59.187664032, 59.6404533386, 60.0932426453, 60.5576400757, 61.0104293823, 61.463218689, 61.9160079956, 62.3687973022, 62.8215866089, 63.2743759155, 63.7387733459, 64.1915664673, 64.6443557739, 65.0971450806, 65.5499343872, 66.0143280029, 66.4671173096, 66.9199066162, 67.3843078613, 67.8254852295, 68.2782745361, 68.7310638428, 69.1954650879, 69.6482543945, 70.1010437012, 70.5538330078, 71.0066223145, 71.4594116211, 71.9122009277, 72.3765945435, 72.8293838501, 73.2821731567, 73.7349624634, 74.18775177, 74.6405410767, 75.0933303833, 75.5461196899, 75.9989089966, 76.4633102417, 76.9160995483, 77.368888855, 77.8216781616, 78.2744674683, 78.7272567749, 79.1800460815, 79.6444396973, 80.0972290039, 80.5500183105, 81.0028076172, 81.4555969238, 81.9199981689, 82.3727874756, 82.8255767822, 83.2899780273, 83.7311553955, 84.1839447021, 84.6367340088, 85.1011352539, 85.5655288696, 86.0183181763, 86.4711074829, 86.9238967896, 87.3766860962, 87.8294754028, 88.2822647095, 88.7350540161, 89.1878433228, 89.6406326294, 90.093421936, 90.5578231812, 91.0106124878, 91.4634017944, 91.9161911011, 92.3689804077, 92.8333740234, 93.274559021, 93.7389526367, 94.2033538818, 94.64453125, 95.0973205566, 95.5501098633, 96.0145111084, 96.467300415, 96.9200897217, 97.3728790283, 97.825668335, 98.2900695801, 98.7312469482, 99.1840362549, 99.6368255615, 100.101219177, 100.554008484, 101.006797791, 101.459587097, 101.912376404, 102.36516571, 102.817955017, 103.282356262, 103.735145569, 104.187934875, 104.640724182, 105.093513489, 105.557914734, 106.010704041, 106.463493347, 106.916282654, 107.36907196, 107.833465576, 108.286254883, 108.739044189, 109.191833496, 109.644622803, 110.097412109, 110.550201416, 111.014602661, 111.455780029, 111.920181274, 112.372970581, 112.825759888, 113.278549194, 113.731338501, 114.184127808, 114.636917114, 115.10131073, 115.554100037, 116.006889343, 116.471290588, 116.924079895, 117.376869202, 117.829658508, 118.282447815, 118.735237122, 119.188026428, 119.640815735, 120.093605042, 120.546394348, 120.999183655, 121.463577271, 121.916366577, 122.369155884, 122.82194519, 123.274734497, 123.739135742, 124.191925049, 124.644714355, 125.097503662, 125.550292969, 126.003082275, 126.455871582, 126.920272827, 127.373062134, 127.82585144, 128.278640747, 128.731430054, 129.195831299, 129.648620605, 130.101409912, 130.554199219, 131.006988525, 131.459777832, 131.912567139, 132.365356445, 132.818145752, 133.282531738, 133.735321045, 134.188110352, 134.652511597, 135.093688965, 135.55809021, 136.010879517, 136.463668823, 136.91645813, 137.369247437, 137.833648682, 138.286437988, 138.739227295, 139.180404663, 139.644805908, 140.097595215, 140.550384521, 141.014785767, 141.467575073, 141.92036438, 142.373153687, 142.825942993, 143.2787323, 143.731521606, 144.195922852, 144.63710022, 145.101501465, 145.554275513, 146.007064819, 146.471466064, 146.924255371, 147.377044678, 147.829833984, 148.282623291, 148.747024536, 149.211425781, 149.664215088, 150.105392456, 150.558181763, 151.010971069, 151.463760376, 151.916549683, 152.369338989, 152.822128296, 153.274917603, 153.739318848, 154.192108154, 154.644897461, 155.097686768, 155.550476074, 156.003265381, 156.467666626, 156.920455933, 157.384857178, 157.849243164, 158.290420532, 158.743209839, 159.195999146, 159.648788452, 160.101577759, 160.554367065, 161.007156372, 161.471557617, 161.924346924, 162.37713623, 162.829925537, 163.282714844, 163.73550415, 164.188293457, 164.652694702, 165.105484009, 165.558273315, 166.011062622, 166.463851929, 166.928253174, 167.38104248, 167.833831787, 168.286621094, 168.7394104, 169.203811646, 169.656600952, 170.109390259, 170.573776245, 171.014968872, 171.467758179, 171.920547485, 172.373336792, 172.826126099, 173.278915405, 173.731704712, 174.196090698, 174.648880005, 175.101669312, 175.554458618, 176.007247925, 176.47164917, 176.912826538, 177.365615845, 177.818405151, 178.282806396, 178.735595703, 179.18838501, 179.641174316, 180.093963623, 180.54675293, 180.999542236, 181.463943481, 181.928344727, 182.369522095, 182.822311401, 183.275100708, 183.739501953, 184.19229126, 184.645080566, 185.097869873, 185.55065918, 186.003448486, 186.456237793, 186.920639038, 187.373413086, 187.826202393, 188.278991699, 188.731781006, 189.196182251, 189.637359619, 190.101760864, 190.554550171, 191.007339478, 191.460128784, 191.912918091, 192.365707397, 192.818496704, 193.271286011, 193.724075317, 194.188476563, 194.652877808, 195.094055176, 195.558456421, 196.011245728, 196.464035034, 196.916824341, 197.369613647, 197.822402954, 198.275192261, 198.739593506, 199.192382813, 199.645172119, 200.097961426, 200.550750732, 201.003540039, 201.456329346, 201.920715332, 202.373504639, 202.826293945, 203.29069519, 203.743484497, 204.196273804, 204.64906311, 205.101852417, 205.554641724, 206.00743103, 206.460220337, 206.913009644, 207.36579895, 207.818588257, 208.282989502, 208.735778809, 209.188568115, 209.641357422, 210.094146729, 210.558547974, 211.01133728, 211.464126587, 211.916915894, 212.3697052, 212.822494507, 213.275283813, 213.739685059, 214.192474365, 214.645263672, 215.098052979, 215.550842285, 216.003631592, 216.45640564, 216.920806885, 217.373596191, 217.826385498, 218.279174805, 218.731964111, 219.196365356, 219.649154663, 220.10194397, 220.554733276, 221.007522583, 221.46031189, 221.913101196, 222.377502441, 222.830291748, 223.283081055, 223.7474823, 224.200271606, 224.653060913, 225.10585022, 225.558639526, 226.011428833, 226.46421814, 226.917007446, 227.369796753, 227.834197998, 228.298583984, 228.751373291, 229.204162598, 229.656951904, 230.109741211, 230.562530518, 231.015319824, 231.468109131, 231.920898438, 232.373687744, 232.826477051, 233.290878296, 233.755279541, 234.208068848, 234.660858154, 235.102035522, 235.554824829, 236.007614136, 236.483627319, 236.924804688, 237.377593994, 237.841995239, 238.294784546, 238.747573853, 239.200363159, 239.653152466, 240.105941772, 240.558731079, 241.011520386, 241.464309692, 241.928695679, 242.381484985, 242.834274292, 243.298675537, 243.751464844, 244.20425415, 244.657043457, 245.109832764, 245.56262207, 246.015411377, 246.468200684, 246.92098999, 247.373779297, 247.826568604, 248.27935791, 248.732147217, 249.196548462, 249.649337769, 250.102127075, 250.56652832, 251.019317627, 251.472106934, 251.92489624, 252.377685547, 252.830474854, 253.28326416, 253.747665405, 254.316543579, 254.885437012, 255.454330444, 256.023223877, 256.580505371, 257.137786865, 257.695037842, 258.240722656, 258.786376953, 259.343658447, 259.900939941, 260.365356445, 260.829742432, 261.294158936, 261.665649414, 262.03717041, 262.408691406, 262.780212402, 263.151733398, 263.511657715, 263.871551514, 264.23147583, 264.591369629, 264.951293945, 265.311187744, 265.671112061, 266.123901367, 266.576690674, 267.02947998, 267.517089844, 268.004699707, 268.492340088, 269.096038818, 269.699768066, 270.303497314, 270.907196045, 271.510925293, 272.114654541, 272.718353271, 273.32208252, 273.925811768, 274.529510498, 275.063568115, 275.597625732, 276.13168335, 276.665740967, 277.199798584, 277.733886719, 278.267944336, 278.802001953, 279.33605957], "beats_loudness": {"dmean2": 0.106060542166, "median": 0.0890842229128, "min": 2.47588866076e-10, "dvar2": 0.0100432373583, "dvar": 0.00320686050691, "dmean": 0.0584435872734, "max": 0.313983559608, "var": 0.00521214911714, "mean": 0.0981150344014}, "danceability": 1.34682202339, "bpm_histogram_second_peak_weight": {"dmean2": 0, "median": 0.0181518159807, "min": 0.0181518159807, "dvar2": 0, "dvar": 0, "dmean": 0, "max": 0.0181518159807, "var": 0, "mean": 0.0181518159807}, "beats_count": 607, "bpm_histogram_second_peak_bpm": {"dmean2": 0, "median": 105, "min": 105, "dvar2": 0, "dvar": 0, "dmean": 0, "max": 105, "var": 0, "mean": 105}, "bpm_histogram_first_peak_spread": {"dmean2": 0, "median": 0.24137930572, "min": 0.24137930572, "dvar2": 0, "dvar": 0, "dmean": 0, "max": 0.24137930572, "var": 0, "mean": 0.24137930572}, "beats_loudness_band_ratio": {"dmean2": [0.261956900358, 0.137978971004, 0.204819172621, 0.0747914761305, 0.0457823313773, 0.0578044094145], "median": [0.807909667492, 0.0273600909859, 0.0564130842686, 0.0100211128592, 0.00596328033134, 0.0108641665429], "min": [9.66000811786e-07, 1.84114014701e-06, 2.03393938136e-05, 3.70098632629e-06, 2.79742034763e-05, 7.69576854509e-06], "dvar2": [0.0875128358603, 0.033562168479, 0.0554720237851, 0.0128567861393, 0.00733538158238, 0.0101145934314], "dvar": [0.0296301320195, 0.01271597296, 0.0213002730161, 0.00455535994843, 0.00261042104103, 0.00437447195873], "dmean": [0.146346494555, 0.0801739618182, 0.117131598294, 0.0413624718785, 0.0252754315734, 0.0326341576874], "max": [0.998644948006, 0.783006548882, 0.999704122543, 0.658300757408, 0.529822587967, 0.868703603745], "var": [0.140234008431, 0.0171393547207, 0.0688570737839, 0.00664803851396, 0.0022177840583, 0.0350511930883], "mean": [0.62201821804, 0.079562485218, 0.180422410369, 0.0385535694659, 0.0244551356882, 0.0691219493747]}}, "lowlevel": {"barkbands_spread": {"dmean2": 11.4185199738, "median": 9.81267642975, "min": 0.0394353866577, "dvar2": 366.650085449, "dvar": 149.375656128, "dmean": 7.00951385498, "max": 145.328536987, "var": 296.701629639, "mean": 15.4718589783}, "melbands_spread": {"dmean2": 13.0675640106, "median": 9.69227313995, "min": 0.124456040561, "dvar2": 614.201721191, "dvar": 263.157928467, "dmean": 8.08279895782, "max": 259.697998047, "var": 1168.55639648, "mean": 21.932636261}, "hfc": {"dmean2": 17.6892642975, "median": 10.0385036469, "min": 1.14632595112e-16, "dvar2": 1890.36584473, "dvar": 744.942443848, "dmean": 11.507349968, "max": 317.077819824, "var": 982.605773926, "mean": 20.7291240692}, "barkbands_kurtosis": {"dmean2": 45.5891571045, "median": 4.82550954819, "min": -1.95034074783, "dvar2": 31348.2050781, "dvar": 13826.1171875, "dmean": 29.4462890625, "max": 2716.37158203, "var": 26763.2636719, "mean": 43.012046814}, "gfcc": {"mean": [-123.788215637, 82.3604660034, -102.032867432, 10.8388252258, -51.9401168823, 1.77460885048, -30.6743373871, 10.0817337036, -7.80826759338, 12.1302652359, -6.88467884064, -1.50038087368, -9.34925365448], "icov": [[3.81949321309e-05, -0.00010905678937, 2.03877789318e-05, -7.31388208806e-05, 5.50530203327e-05, -8.82789099705e-05, 8.18124390207e-05, -9.67817395576e-05, 0.0001107470016, -0.000201499802643, 0.000241083587753, -0.000169899794855, 0.000148341234308], [-0.00010905678937, 0.000692341418471, 5.78470098844e-06, 0.000192998195416, -0.000310887728119, 0.000395139097236, -0.000163473319844, 0.000366136751836, -0.000397172058001, 0.00094852456823, -0.00148994755, 0.00135715457145, -0.000760287977755], [2.03877789318e-05, 5.78470098844e-06, 0.000829365744721, -0.000648215936963, -0.00038761520409, 0.000117079893243, -7.93201761553e-05, 0.000135764232255, -0.000201619957807, -0.000197753994144, 0.000365135638276, -0.000679865886923, 0.00075336365262], [-7.31388208806e-05, 0.000192998195416, -0.000648215936963, 0.00154564075638, -0.000124480808154, -0.00019629097369, 7.06403588993e-05, 0.000214452215005, 0.00011123760487, 0.000449502666015, -0.000531034427695, 0.00082004169235, -0.00139639922418], [5.50530203327e-05, -0.000310887728119, -0.00038761520409, -0.000124480808154, 0.00260021095164, -0.00121294439305, -0.00082363729598, -2.36170217249e-05, 0.000112331916171, 0.000258425832726, -0.000374771567294, -0.00025819952134, 0.000395268027205], [-8.82789099705e-05, 0.000395139097236, 0.000117079893243, -0.00019629097369, -0.00121294439305, 0.00293436902575, -0.00101214379538, -6.12579679e-05, 7.8166332969e-05, -0.000760093855206, 0.000838345149532, -0.000867428840138, -2.0072404368e-05], [8.18124390207e-05, -0.000163473319844, -7.93201761553e-05, 7.06403588993e-05, -0.00082363729598, -0.00101214379538, 0.0048534180969, -0.00290487031452, -5.8413053921e-05, 0.000831670186017, -0.00145512400195, 0.00036879410618, -0.00111749069765], [-9.67817395576e-05, 0.000366136751836, 0.000135764232255, 0.000214452215005, -2.36170217249e-05, -6.12579679e-05, -0.00290487031452, 0.00682215066627, -0.00265853456222, 0.000310599250952, 0.000423137273174, -0.000577764585614, 0.000980640063062], [0.0001107470016, -0.000397172058001, -0.000201619957807, 0.00011123760487, 0.000112331916171, 7.8166332969e-05, -5.8413053921e-05, -0.00265853456222, 0.00746253645048, -0.00520175741985, -0.000462420575786, 0.00361195206642, -0.00173186091706], [-0.000201499802643, 0.00094852456823, -0.000197753994144, 0.000449502666015, 0.000258425832726, -0.000760093855206, 0.000831670186017, 0.000310599250952, -0.00520175741985, 0.0117711471394, -0.00471059931442, -0.000914695090614, 0.00126213638578], [0.000241083587753, -0.00148994755, 0.000365135638276, -0.000531034427695, -0.000374771567294, 0.000838345149532, -0.00145512400195, 0.000423137273174, -0.000462420575786, -0.00471059931442, 0.0116787133738, -0.00652660150081, 0.00158084928989], [-0.000169899794855, 0.00135715457145, -0.000679865886923, 0.00082004169235, -0.00025819952134, -0.000867428840138, 0.00036879410618, -0.000577764585614, 0.00361195206642, -0.000914695090614, -0.00652660150081, 0.0133399385959, -0.00513590639457], [0.000148341234308, -0.000760287977755, 0.00075336365262, -0.00139639922418, 0.000395268027205, -2.0072404368e-05, -0.00111749069765, 0.000980640063062, -0.00173186091706, 0.00126213638578, 0.00158084928989, -0.00513590639457, 0.0111379921436]], "cov": [[57024.0546875, 6453.08544922, -616.133300781, 1400.68359375, -713.846252441, 363.829345703, -1205.78515625, -252.342468262, -578.588745117, 59.3363647461, -554.887634277, -243.570724487, -304.718353271], [6453.08544922, 4703.98486328, -834.298522949, -294.685394287, -60.3403282166, -693.921569824, -35.9399909973, -129.665039063, 211.300582886, -157.357925415, 246.784637451, -378.788085938, 104.333999634], [-616.133300781, -834.298522949, 2524.05224609, 1106.36877441, 680.378479004, 508.276519775, 253.406234741, 73.1311035156, -12.5475902557, 82.5947113037, 41.135723114, 206.568359375, -6.90085792542], [1400.68359375, -294.685394287, 1106.36877441, 1316.19885254, 348.839508057, 332.4112854, 95.9783554077, -16.4777641296, -79.3973388672, -16.478717804, -8.08360958099, 98.045249939, 86.5901565552], [-713.846252441, -60.3403282166, 680.378479004, 348.839508057, 887.691040039, 501.970062256, 396.435333252, 161.765457153, 56.6282806396, 49.7911758423, 120.74471283, 118.140617371, 38.5394058228], [363.829345703, -693.921569824, 508.276519775, 332.4112854, 501.970062256, 837.231994629, 321.91708374, 177.210845947, 9.27080059052, 97.8865432739, 23.2510547638, 166.670455933, 19.3768806458], [-1205.78515625, -35.9399909973, 253.406234741, 95.9783554077, 396.435333252, 321.91708374, 553.539978027, 256.98916626, 136.186126709, 59.7536697388, 127.708465576, 71.4542694092, 57.1483688354], [-252.342468262, -129.665039063, 73.1311035156, -16.4777641296, 161.765457153, 177.210845947, 256.98916626, 317.670623779, 158.616531372, 81.7648925781, 50.9708595276, 23.129781723, -1.279992342], [-578.588745117, 211.300582886, -12.5475902557, -79.3973388672, 56.6282806396, 9.27080059052, 136.186126709, 158.616531372, 347.213134766, 143.709747314, 85.8890151978, -58.3660507202, 9.32910728455], [59.3363647461, -157.357925415, 82.5947113037, -16.478717804, 49.7911758423, 97.8865432739, 59.7536697388, 81.7648925781, 143.709747314, 203.582901001, 88.798789978, 43.8989257813, -15.0636415482], [-554.887634277, 246.784637451, 41.135723114, -8.08360958099, 120.74471283, 23.2510547638, 127.708465576, 50.9708595276, 85.8890151978, 88.798789978, 220.47946167, 75.7590866089, 31.4553604126], [-243.570724487, -378.788085938, 206.568359375, 98.045249939, 118.140617371, 166.670455933, 71.4542694092, 23.129781723, -58.3660507202, 43.8989257813, 75.7590866089, 200.011276245, 44.3738594055], [-304.718353271, 104.333999634, -6.90085792542, 86.5901565552, 38.5394058228, 19.3768806458, 57.1483688354, -1.279992342, 9.32910728455, -15.0636415482, 31.4553604126, 44.3738594055, 135.954116821]]}, "spectral_energyband_middle_low": {"dmean2": 0.0070992289111, "median": 0.00696750823408, "min": 2.46927877401e-22, "dvar2": 0.000134898073156, "dvar": 5.90787858528e-05, "dmean": 0.00472980225459, "max": 0.126782864332, "var": 0.000174781613168, "mean": 0.0115808183327}, "melbands_crest": {"dmean2": 4.84625864029, "median": 16.7200279236, "min": 1.50418496132, "dvar2": 25.3699398041, "dvar": 11.8195562363, "dmean": 3.13762497902, "max": 37.8803138733, "var": 63.0325393677, "mean": 16.8974685669}, "spectral_kurtosis": {"dmean2": 7.64725828171, "median": 5.7927441597, "min": -1.23356997967, "dvar2": 290.2527771, "dvar": 119.000724792, "dmean": 4.81474733353, "max": 349.799438477, "var": 614.111206055, "mean": 11.925992012}, "spectral_rms": {"dmean2": 0.00171008647885, "median": 0.00492835044861, "min": 3.18955408959e-12, "dvar2": 5.6023795878e-06, "dvar": 3.19669129567e-06, "dmean": 0.00122361863032, "max": 0.0183530375361, "var": 1.44399327837e-05, "mean": 0.00545554980636}, "zerocrossingrate": {"dmean2": 0.015230698511, "median": 0.03662109375, "min": 0.001953125, "dvar2": 0.000452669308288, "dvar": 0.000381789228413, "dmean": 0.0127909034491, "max": 0.5283203125, "var": 0.0139057412744, "mean": 0.0767652913928}, "silence_rate_60dB": {"dmean2": 0.102827765048, "median": 0, "min": 0, "dvar2": 0.103373877704, "dvar": 0.0487654134631, "dmean": 0.0514096170664, "max": 1, "var": 0.149657145143, "mean": 0.183235228062}, "erbbands_kurtosis": {"dmean2": 5.58721113205, "median": 0.797685980797, "min": -1.91619467735, "dvar2": 202.312042236, "dvar": 93.6341934204, "dmean": 3.60489153862, "max": 213.459197998, "var": 215.9740448, "mean": 5.38263845444}, "erbbands": {"dmean2": [0.536939740181, 5.04974126816, 3.67571544647, 2.16472601891, 2.99682354927, 8.33213043213, 12.0032052994, 20.4520072937, 36.6289253235, 38.3864212036, 35.1451683044, 23.9603042603, 10.0797338486, 14.0492305756, 24.2498989105, 26.5768947601, 28.2956199646, 28.3273620605, 31.3819675446, 25.2134590149, 13.0118503571, 10.8624296188, 10.384016037, 10.2980060577, 9.64090061188, 10.3487348557, 12.7064743042, 10.3859577179, 6.69407463074, 5.76552629471, 6.25779294968, 3.43119931221, 2.19249153137, 1.52808356285, 0.866286873817, 0.658154070377, 0.446738272905, 0.20307020843, 0.0202724188566, 0.000762219307944], "median": [0.00445688236505, 0.0461148843169, 0.209931269288, 0.444610714912, 0.612522661686, 1.01271808147, 2.25604915619, 3.72641134262, 8.55133342743, 9.41600227356, 7.34345149994, 7.20125675201, 2.28518939018, 2.68305158615, 1.98535788059, 2.5573580265, 2.24175882339, 2.23281621933, 2.83089470863, 3.11540150642, 1.74391567707, 1.53005468845, 1.21811366081, 1.39229035378, 1.3088902235, 0.707059979439, 0.460898518562, 0.384520679712, 0.276770293713, 0.185817345977, 0.158564701676, 0.131607279181, 0.0881520360708, 0.0538683794439, 0.0225284546614, 0.0100040566176, 0.00280281412415, 0.000466879369924, 7.11560278432e-05, 4.95711647091e-05], "min": [4.46427215747e-22, 2.31536274702e-21, 4.47769748461e-21, 2.36063178123e-20, 3.39066955329e-20, 7.77410124448e-20, 1.90021856096e-19, 2.92427061499e-19, 9.89380390917e-19, 4.21140345619e-19, 1.65055929622e-18, 1.39234825056e-18, 1.27180042816e-18, 1.73417412465e-18, 2.63833640431e-18, 6.00314252723e-18, 4.04136086824e-18, 2.82986283732e-18, 7.21161287032e-18, 8.57938910041e-18, 9.79428332813e-18, 8.87637258291e-18, 1.46626928736e-17, 1.71678904224e-17, 1.75860881247e-17, 1.74566475938e-17, 1.33611109449e-17, 1.7650024223e-17, 2.11338591545e-17, 1.89606919036e-17, 1.19119525502e-17, 1.59231341474e-17, 1.37352910581e-17, 1.43817260893e-17, 1.07373014865e-17, 5.76125299584e-18, 2.81066625005e-18, 1.34354469782e-18, 3.42718117628e-19, 3.30031428853e-20], "dvar2": [1.64007711411, 149.048721313, 78.5183029175, 21.0812454224, 49.9997787476, 557.020629883, 853.394470215, 3225.83398438, 8912.1640625, 11146.3769531, 9535.69824219, 4313.62988281, 1321.25134277, 1716.37414551, 4406.57324219, 10643.2246094, 5997.32910156, 12618.3769531, 15978.2832031, 6901.31054688, 902.456848145, 719.191467285, 866.43170166, 843.086547852, 645.818725586, 1013.61682129, 1819.92150879, 1690.16638184, 708.448730469, 396.186706543, 491.647644043, 127.714805603, 46.2854499817, 24.8843860626, 8.24822711945, 5.63705015182, 3.18256831169, 0.758968830109, 0.00657068332657, 9.89588170341e-06], "dvar": [0.734232902527, 67.59324646, 36.6656265259, 8.50902938843, 21.9780807495, 227.32383728, 387.918731689, 1408.94226074, 3638.07568359, 4593.43505859, 4444.08691406, 2036.2565918, 682.697387695, 847.617004395, 2050.94604492, 4705.58496094, 2716.77026367, 5715.71630859, 6925.95410156, 3170.00854492, 355.248046875, 271.173126221, 315.040100098, 317.217773438, 233.705001831, 359.56439209, 692.662536621, 806.040466309, 323.331542969, 163.731201172, 200.707443237, 51.2169036865, 19.2351989746, 9.90263271332, 3.44514918327, 2.24202513695, 1.25673997402, 0.282567948103, 0.00256632780656, 3.84192480851e-06], "dmean": [0.349947094917, 3.22108078003, 2.31670117378, 1.33901894093, 1.88440155983, 5.2265291214, 7.97922945023, 13.2363882065, 23.400018692, 24.9009590149, 23.3629932404, 16.7027263641, 7.21748495102, 9.20698642731, 14.7690172195, 16.6368179321, 17.9564380646, 18.754119873, 20.5394496918, 15.8884782791, 7.87989091873, 6.36087417603, 5.95579862595, 6.04772043228, 5.60138940811, 5.72984170914, 7.22612285614, 6.7063035965, 4.27276182175, 3.53318405151, 3.79559755325, 2.0817117691, 1.38824105263, 0.974075198174, 0.560798466206, 0.415716171265, 0.276514858007, 0.121206589043, 0.0125085841864, 0.000474102213047], "max": [11.9466581345, 81.5877990723, 74.8791427612, 45.0485534668, 126.341896057, 443.09588623, 475.349121094, 1030.61474609, 1276.91943359, 2387.76098633, 2371.9362793, 1137.38647461, 1323.87658691, 1364.20458984, 2329.74804688, 3497.43286133, 1807.39538574, 2306.07495117, 2819.96972656, 2927.5925293, 681.257324219, 293.22277832, 254.734893799, 456.036224365, 208.522003174, 254.661224365, 713.657775879, 743.128051758, 692.148376465, 285.044799805, 534.815063477, 157.157592773, 87.3830108643, 36.6611099243, 20.9019584656, 19.6638469696, 19.0335998535, 6.69629001617, 0.593429744244, 0.0242498163134], "var": [1.85348820686, 110.881225586, 58.9200363159, 13.1891870499, 42.6016120911, 355.07723999, 806.354553223, 2262.80810547, 4938.5234375, 8468.91210938, 14955.9501953, 5283.54882813, 1757.18664551, 2140.87597656, 5910.81738281, 14614.7539063, 5255.51953125, 10770.5488281, 15082.3916016, 10243.3925781, 687.003295898, 334.56918335, 275.724060059, 288.312011719, 205.500076294, 248.951950073, 643.122802734, 1470.25402832, 614.408447266, 253.918045044, 286.60256958, 66.9609985352, 24.7591667175, 11.0541906357, 4.04897642136, 2.34583067894, 1.17404592037, 0.213138595223, 0.00228501204401, 3.18699676427e-06], "mean": [0.746597349644, 6.03307676315, 4.05180549622, 1.95919144154, 2.83288049698, 7.70802974701, 12.7815818787, 19.5398178101, 33.1429405212, 45.7792510986, 54.3722686768, 34.6212921143, 12.6556529999, 15.2748374939, 21.0406036377, 25.266834259, 23.1111507416, 27.8975982666, 32.2492332458, 24.6273269653, 11.2483119965, 7.96768140793, 6.3955078125, 6.53624296188, 6.11613035202, 5.18332719803, 6.48720884323, 8.19764900208, 5.48889636993, 3.89549350739, 3.95826911926, 2.31827187538, 1.56163156033, 1.07584583759, 0.631464481354, 0.427143394947, 0.26140293479, 0.102098748088, 0.0115136792883, 0.000449637067504]}, "spectral_strongpeak": {"dmean2": 0.735601007938, "median": 0.738949298859, "min": 0, "dvar2": 1.90494990349, "dvar": 0.778303444386, "dmean": 0.449237257242, "max": 15.687579155, "var": 1.84632432461, "mean": 1.08561861515}, "spectral_energy": {"dmean2": 0.0274713169783, "median": 0.0248958542943, "min": 1.04275874359e-20, "dvar2": 0.00245311670005, "dvar": 0.00118352496065, "dmean": 0.0184556171298, "max": 0.345254808664, "var": 0.00264128576964, "mean": 0.0453083142638}, "average_loudness": 0.854226410389, "spectral_rolloff": {"dmean2": 1128.37023926, "median": 624.462890625, "min": 43.06640625, "dvar2": 6694805, "dvar": 2754110.25, "dmean": 646.045227051, "max": 19035.3515625, "var": 20781406, "mean": 2302.69433594}, "spectral_centroid": {"dmean2": 468.929931641, "median": 839.798278809, "min": 71.0750350952, "dvar2": 496611.34375, "dvar": 231867.25, "dmean": 299.570343018, "max": 10810.8222656, "var": 1036723.125, "mean": 1205.76428223}, "pitch_salience": {"dmean2": 0.134823217988, "median": 0.492737412453, "min": 0.00814968720078, "dvar2": 0.0207145866007, "dvar": 0.00993487611413, "dmean": 0.0869819521904, "max": 0.911599993706, "var": 0.0492180548608, "mean": 0.467348217964}, "spectral_energyband_middle_high": {"dmean2": 0.00318783544935, "median": 0.000812941463664, "min": 1.67577603451e-21, "dvar2": 4.47726779385e-05, "dvar": 1.8560243916e-05, "dmean": 0.0020038925577, "max": 0.081667214632, "var": 5.50212389498e-05, "mean": 0.00371283153072}, "spectral_contrast_coeffs": {"dmean2": [0.0901805534959, 0.0971518903971, 0.0747250467539, 0.0559175685048, 0.0400674976408, 0.0326611362398], "median": [-0.643169641495, -0.685513675213, -0.766817927361, -0.783677458763, -0.807740271091, -0.800261616707], "min": [-0.973811984062, -0.975087344646, -0.963298141956, -0.95781058073, -0.957683086395, -0.962767779827], "dvar2": [0.00674847560003, 0.00774897728115, 0.00434645451605, 0.00252046366222, 0.0014095401857, 0.000979934819043], "dvar": [0.00320698437281, 0.00324597395957, 0.00199099606834, 0.00111754820682, 0.000629987334833, 0.000421537522925], "dmean": [0.0577141754329, 0.0612072385848, 0.0478408075869, 0.0357051752508, 0.025648554787, 0.0211013667285], "max": [-0.190337717533, -0.232567548752, -0.408455342054, -0.397383630276, -0.577102661133, -0.584238290787], "var": [0.0182904582471, 0.0184155534953, 0.00943397544324, 0.00698742084205, 0.00356619991362, 0.00303282705136], "mean": [-0.642732024193, -0.683175802231, -0.761382579803, -0.776454806328, -0.806438148022, -0.799177348614]}, "melbands_skewness": {"dmean2": 2.21175789833, "median": 2.41199088097, "min": -3.5193157196, "dvar2": 10.1609354019, "dvar": 5.0761384964, "dmean": 1.4887008667, "max": 44.1705856323, "var": 16.3427143097, "mean": 3.5543448925}, "spectral_spread": {"dmean2": 1255418.625, "median": 4062655.75, "min": 251908.171875, "dvar2": 2453872836610.0, "dvar": 1374859821060.0, "dmean": 893081.0625, "max": 40092824, "var": 7989621161980.0, "mean": 4917410}, "dissonance": {"dmean2": 0.0501653552055, "median": 0.45054256916, "min": 0.0593898817897, "dvar2": 0.00307973986492, "dvar": 0.00122766569257, "dmean": 0.0307425130159, "max": 0.500000059605, "var": 0.00388528732583, "mean": 0.435030907393}, "spectral_skewness": {"dmean2": 0.683411240578, "median": 1.91516494751, "min": -0.263981550932, "dvar2": 0.846287071705, "dvar": 0.384570807219, "dmean": 0.449983090162, "max": 15.9557199478, "var": 2.52643704414, "mean": 2.23758029938}, "spectral_flux": {"dmean2": 0.0712015107274, "median": 0.0642025545239, "min": 1.02115559064e-10, "dvar2": 0.00839612726122, "dvar": 0.00335744698532, "dmean": 0.0441510863602, "max": 0.475048542023, "var": 0.00626803049818, "mean": 0.0857835188508}, "spectral_contrast_valleys": {"dmean2": [0.912920355797, 0.956410586834, 0.949990272522, 0.807433545589, 0.726190149784, 0.65860658884], "median": [-8.38404178619, -7.13842535019, -8.26183605194, -8.48589324951, -8.44753170013, -10.8042678833], "min": [-27.7268695831, -26.6866874695, -27.2571697235, -27.4182929993, -27.2939109802, -27.1475639343], "dvar2": [0.77073186636, 0.890632212162, 0.988756537437, 0.838083922863, 0.874614417553, 0.870130777359], "dvar": [0.42715844512, 0.369619190693, 0.44518238306, 0.384698182344, 0.411463886499, 0.451099067926], "dmean": [0.607578456402, 0.594758689404, 0.6176430583, 0.538422584534, 0.49953597784, 0.492736309767], "max": [-4.92628765106, -4.66442108154, -5.11251544952, -5.24982023239, -5.29717540741, -7.38651752472], "var": [7.85298776627, 6.15832614899, 5.34643793106, 5.19604492188, 4.57386207581, 4.54138183594], "mean": [-8.98347091675, -7.86199855804, -8.79348373413, -8.99640750885, -8.97033119202, -11.2848796844]}, "erbbands_flatness_db": {"dmean2": 0.0420768223703, "median": 0.192583292723, "min": 0.0228423252702, "dvar2": 0.00215320428833, "dvar": 0.00116235215683, "dmean": 0.0292504411191, "max": 0.650613069534, "var": 0.0100601883605, "mean": 0.203851282597}, "spectral_energyband_high": {"dmean2": 0.00130260549486, "median": 6.23198429821e-05, "min": 7.54587274307e-21, "dvar2": 1.60099370987e-05, "dvar": 6.52186736261e-06, "dmean": 0.000814918254036, "max": 0.031981639564, "var": 8.37968218548e-06, "mean": 0.000923220126424}, "spectral_entropy": {"dmean2": 0.458055317402, "median": 7.19998979568, "min": 2.50011706352, "dvar2": 0.297151178122, "dvar": 0.152999967337, "dmean": 0.315188616514, "max": 9.79942989349, "var": 1.06655871868, "mean": 7.14080429077}, "silence_rate_20dB": {"dmean2": 0, "median": 1, "min": 1, "dvar2": 0, "dvar": 0, "dmean": 0, "max": 1, "var": 0, "mean": 1}, "melbands_flatness_db": {"dmean2": 0.069874919951, "median": 0.274451106787, "min": 0.00291289645247, "dvar2": 0.00705419341102, "dvar": 0.0035024585668, "dmean": 0.0484431013465, "max": 0.921422600746, "var": 0.0239359624684, "mean": 0.289393573999}, "barkbands": {"dmean2": [0.000304624991259, 0.0212860442698, 0.00221911724657, 0.000644816958811, 0.00192110135686, 0.00223004142754, 0.00285746762529, 0.00177277182229, 0.00109911209438, 0.000274248246569, 0.000577918312047, 0.000678990152664, 0.000649287132546, 0.0006635345635, 0.000603374151979, 0.000309646944515, 0.000196313252673, 0.000186676494195, 0.000213537117816, 0.00018467142945