{"tonal": {"thpcp": [1, 0.90012216568, 0.863707184792, 0.542589604855, 0.336907953024, 0.697014093399, 0.886543691158, 0.608209371567, 0.522609710693, 0.506524682045, 0.377190947533, 0.42475566268, 0.504999101162, 0.561463296413, 0.810991168022, 0.774969279766, 0.401767939329, 0.236713096499, 0.211022496223, 0.274939596653, 0.623873949051, 0.790173232555, 0.521118581295, 0.386377722025, 0.342902332544, 0.310170829296, 0.555947542191, 0.638366281986, 0.425835818052, 0.488815307617, 0.486106485128, 0.282986521721, 0.261711001396, 0.314773499966, 0.461963474751, 0.856232404709], "hpcp": {"dmean2": [0.297172158957, 0.267925292253, 0.198945820332, 0.132563218474, 0.122407190502, 0.140683293343, 0.205377697945, 0.223853051662, 0.198818817735, 0.159244477749, 0.141755729914, 0.155901238322, 0.189804375172, 0.201767101884, 0.175734460354, 0.174215808511, 0.161095902324, 0.142662420869, 0.148601382971, 0.177520766854, 0.234678268433, 0.301495790482, 0.311303913593, 0.31713861227, 0.322269946337, 0.237383708358, 0.18346427381, 0.222830116749, 0.238653987646, 0.230020955205, 0.215749025345, 0.184563577175, 0.183811783791, 0.21196937561, 0.241952568293, 0.278768211603], "median": [0.0633797198534, 0.0564077198505, 0.0280091427267, 0.0107889454812, 0.00893371365964, 0.0157220195979, 0.0561656653881, 0.0723347216845, 0.0412599854171, 0.0119415894151, 0.00961753726006, 0.0148438727483, 0.0368027463555, 0.0458472929895, 0.036391839385, 0.0213265046477, 0.0196857694536, 0.0130369625986, 0.00890394672751, 0.0105097964406, 0.0234757252038, 0.0742142796516, 0.0887758433819, 0.0891449302435, 0.0417784079909, 0.0255694333464, 0.0198271609843, 0.0567405894399, 0.0683383271098, 0.0491723641753, 0.0182870216668, 0.0120939686894, 0.0149462269619, 0.0268479213119, 0.0342315211892, 0.0435218811035], "min": [0, 0, 0, 0, 0, 0, 0, 0, 0, 0, 0, 0, 0, 0, 0, 0, 0, 0, 0, 0, 0, 0, 0, 0, 0, 0, 0, 0, 0, 0, 0, 0, 0, 0, 0, 0], "dvar2": [0.154334530234, 0.144367665052, 0.10497558862, 0.0719283074141, 0.0726120471954, 0.0748630911112, 0.0963915809989, 0.0987010747194, 0.0991257429123, 0.0853247046471, 0.0800910964608, 0.0842005386949, 0.0906251072884, 0.0948288440704, 0.0876880586147, 0.0897330716252, 0.0890455320477, 0.0861345157027, 0.091342702508, 0.108229495585, 0.131143063307, 0.152922391891, 0.154660329223, 0.147329688072, 0.188409596682, 0.124842196703, 0.102982953191, 0.107205294073, 0.116681069136, 0.114002913237, 0.120853096247, 0.107604578137, 0.100076846778, 0.121889710426, 0.132898509502, 0.148439332843], "dvar": [0.0569591484964, 0.0551316998899, 0.0379772894084, 0.026115398854, 0.0259423498064, 0.0270923376083, 0.0372792929411, 0.0417506359518, 0.0383497439325, 0.0319310836494, 0.0296320803463, 0.0309390537441, 0.0355071164668, 0.0383499599993, 0.0318863689899, 0.0350608974695, 0.0349820256233, 0.0304168891162, 0.032634858042, 0.0390953347087, 0.0486598834395, 0.060044053942, 0.063188970089, 0.0572451092303, 0.0743141099811, 0.0461454540491, 0.0368195176125, 0.0406389310956, 0.0475347265601, 0.0422155857086, 0.0455274246633, 0.0407918021083, 0.0356022827327, 0.0435846224427, 0.050116892904, 0.0540871918201], "dmean": [0.167954683304, 0.153212919831, 0.110725283623, 0.0729056224227, 0.0672872364521, 0.0792293846607, 0.120410725474, 0.133611768484, 0.114570476115, 0.0895965695381, 0.0787355601788, 0.0866472423077, 0.110048428178, 0.118914969265, 0.100161105394, 0.0996397361159, 0.0932056307793, 0.0789112150669, 0.0820335447788, 0.0977892503142, 0.131201133132, 0.173930227757, 0.180291950703, 0.181863203645, 0.182470247149, 0.133053719997, 0.100646421313, 0.130457192659, 0.14056289196, 0.130524247885, 0.120966635644, 0.103168822825, 0.101833365858, 0.117377370596, 0.134671881795, 0.154926642776], "max": [1, 1, 1, 1, 1, 1, 1, 1, 1, 1, 1, 1, 1, 1, 1, 1, 1, 1, 1, 1, 1, 1, 1, 1, 1, 1, 1, 1, 1, 1, 1, 1, 1, 1, 1, 1], "var": [0.0849928036332, 0.0833026394248, 0.0321491584182, 0.0204994827509, 0.018516568467, 0.0220334623009, 0.0518399141729, 0.0763340815902, 0.0439939275384, 0.0446396805346, 0.0427289605141, 0.0265483781695, 0.0543053671718, 0.0660949572921, 0.0303215384483, 0.0536146014929, 0.056471042335, 0.0242656450719, 0.0247456356883, 0.0317304134369, 0.0451637543738, 0.0827933475375, 0.103748477995, 0.0763889923692, 0.106403321028, 0.0474405996501, 0.0283370651305, 0.0598656758666, 0.0936471372843, 0.0529954172671, 0.0615397542715, 0.0690777227283, 0.0350200794637, 0.0377057157457, 0.047079667449, 0.050627797842], "mean": [0.203021392226, 0.194003760815, 0.100577525795, 0.059258133173, 0.0528268143535, 0.0688276514411, 0.156178966165, 0.197809889913, 0.130455449224, 0.0967247784138, 0.085841268301, 0.0776473507285, 0.139174446464, 0.159806936979, 0.106602616608, 0.122368738055, 0.121690616012, 0.07084210217, 0.0655160397291, 0.0787995681167, 0.115646719933, 0.214346960187, 0.250337362289, 0.225334212184, 0.216218173504, 0.135830447078, 0.084340646863, 0.174488663673, 0.221935003996, 0.152257531881, 0.130828738213, 0.126802057028, 0.0944249853492, 0.106332212687, 0.126420140266, 0.140555247664]}, "tuning_equal_tempered_deviation": 0.211009815335, "chords_changes_rate": 0.0858995169401, "key_key": "A", "tuning_diatonic_strength": 0.593207895756, "key_scale": "major", "chords_number_rate": 0.00210696924478, "tuning_frequency": 434.193115234, "tuning_nontempered_energy_ratio": 0.923734784126, "chords_histogram": [21.7828197479, 10.4213933945, 8.76823329926, 0, 2.72285246849, 0, 0, 0.259319275618, 0.97244733572, 0.162074550986, 0.745542943478, 0.162074550986, 0.0162074547261, 0.956239879131, 0.113452188671, 4.65153980255, 1.02106964588, 2.43111824989, 4.7001619339, 7.86061573029, 4.2949757576, 8.91410064697, 5.38087511063, 13.6628847122], "key_strength": 0.713671088219, "chords_key": "A", "chords_strength": {"dmean2": 0.0135320778936, "median": 0.488162487745, "min": -1, "dvar2": 0.000779183057602, "dvar": 0.000408481137129, "dmean": 0.0122400308028, "max": 0.800218820572, "var": 0.0189851690084, "mean": 0.488337397575}, "chords_scale": "major", "hpcp_entropy": {"dmean2": 1.06295180321, "median": 2.06108522415, "min": 0, "dvar2": 0.791698813438, "dvar": 0.305816441774, "dmean": 0.637837529182, "max": 4.57839298248, "var": 0.645525038242, "mean": 2.04381942749}}, "metadata": {"audio_properties": {"equal_loudness": 0, "codec": "mp3", "downmix": "mix", "sample_rate": 44100, "analysis_sample_rate": 44100, "bit_rate": 240093, "md5_encoded": "492db7c7ac979abf9bbfe0a39e31e8ba", "length": 286.458770752, "replay_gain": -14.5610237122, "lossless": false}, "version": {"essentia_build_sha": "2d9f1f26377add8aeb1075a9c2973f962c4f09fd", "essentia": "2.1-beta2", "extractor": "music 1.0", "essentia_git_sha": "v2.1_beta2-1-ge3940c0"}, "tags": {"title": ["Footsteps in the Dark"], "media": ["CD"], "albumartist": ["The Isley Brothers"], "musicbrainz_recordingid": ["0d315480-bca3-45de-9f91-bd55e3efede2"], "encoding": ["Audiograbber 1.83.01, LAME dll 3.96, VBR 0 (Default method), Stereo, High quality"], "musicbrainz_albumartistid": ["4a76400d-283f-492e-9754-18ef41755f81"], "originalyear": ["2004"], "discnumber": ["1/1"], "album": ["Taken to the Next Phase"], "musicbrainz album release country": ["US"], "musicbrainz album type": ["album/remix"], "musicbrainz album status": ["official"], "file_name": "07 - Gabriel Rene - Footsteps In The Dark.mp3", "asin": ["B0002S945C"], "date": ["2004"], "genre": ["Soul"], "musicbrainz_releasegroupid": ["b5c1847d-12ca-376c-86d6-d262f7523cfe"], "script": ["Latn"], "originaldate": ["2004"], "musicbrainz_albumid": ["9dcdf799-4af9-44f1-9eda-840274621b4e"], "artist": ["Gabriel Ren\u00e9"], "artistsort": ["Ren\u00e9, Gabriel"], "tracknumber": ["7/10"], "label": ["Epic"], "albumartistsort": ["Isley Brothers, The"], "acoustid_id": ["9c3ebcb5-bcec-4f65-a5f5-11d43cbaa120"], "musicbrainz_artistid": ["fe7a2e2b-e2df-49d1-afd1-c485ebb86153"]}}, "rhythm": {"bpm_histogram_first_peak_bpm": {"dmean2": 0, "median": 80, "min": 80, "dvar2": 0, "dvar": 0, "dmean": 0, "max": 80, "var": 0, "mean": 80}, "bpm": 80.0421066284, "bpm_histogram_second_peak_spread": {"dmean2": 0, "median": 0, "min": 0, "dvar2": 0, "dvar": 0, "dmean": 0, "max": 0, "var": 0, "mean": 0}, "bpm_histogram_first_peak_weight": {"dmean2": 0, "median": 0.950000047684, "min": 0.950000047684, "dvar2": 0, "dvar": 0, "dmean": 0, "max": 0.950000047684, "var": 0, "mean": 0.950000047684}, "onset_rate": 3.85023260117, "beats_position": [0.812698423862, 1.63700675964, 2.46131515503, 3.22757363319, 3.99383211136, 4.76009082794, 5.50312900543, 6.24616765976, 6.98920631409, 7.73224496841, 8.48689365387, 9.24154186249, 9.99619007111, 10.7508392334, 11.4938774109, 12.2485256195, 12.9915647507, 13.7462129593, 14.4892511368, 15.2439002991, 15.9985485077, 16.7531967163, 17.5078449249, 18.2508831024, 18.9939231873, 19.7369613647, 20.4799995422, 21.2346477509, 21.9892959595, 22.7439460754, 23.4985942841, 24.2416324615, 24.984670639, 25.7393188477, 26.4939670563, 27.2486171722, 28.0032653809, 28.7579135895, 29.5125617981, 30.2555999756, 31.0218582153, 31.7648983002, 32.5079345703, 33.2509727478, 33.9824028015, 34.725440979, 35.480091095, 36.2347373962, 36.9777755737, 37.7324256897, 38.4870758057, 39.2417221069, 39.9847602844, 40.7394104004, 41.4940567017, 42.2487068176, 42.9917449951, 43.7347831726, 44.4894332886, 45.2440795898, 45.9987297058, 46.7533760071, 47.4964179993, 48.2394561768, 48.994102478, 49.7371406555, 50.4917907715, 51.2464370728, 51.9894790649, 52.7325172424, 53.4755554199, 54.2418136597, 54.9964599609, 55.7511100769, 56.5057601929, 57.2604064941, 58.0034446716, 58.7580947876, 59.5127410889, 60.2557830811, 60.9988212585, 61.7534675598, 62.5081176758, 63.2511558533, 64.0058059692, 64.7604522705, 65.5034942627, 66.2465286255, 66.9895706177, 67.7442169189, 68.4988632202, 69.2535171509, 70.0081634521, 70.7628097534, 71.5058517456, 72.2604980469, 73.0035324097, 73.7581863403, 74.5128326416, 75.2558746338, 76.0105209351, 76.7535552979, 77.49659729, 78.2512435913, 78.9942855835, 79.7489318848, 80.503578186, 81.2582321167, 82.0012664795, 82.7559204102, 83.4989547729, 84.2536010742, 84.9966430664, 85.7512893677, 86.5059356689, 87.2605895996, 88.0036239624, 88.7466659546, 89.5013122559, 90.2559585571, 90.9873886108, 91.730430603, 92.4850769043, 93.251335144, 93.9943771362, 94.7490234375, 95.5036697388, 96.246711731, 96.9897460938, 97.7327880859, 98.4874343872, 99.2420806885, 99.9851226807, 100.739768982, 101.494422913, 102.249069214, 102.992103577, 103.746757507, 104.501403809, 105.244445801, 105.987480164, 106.742126465, 107.485168457, 108.239814758, 108.994468689, 109.737503052, 110.492149353, 111.246803284, 111.989837646, 112.732879639, 113.475914001, 114.242172241, 114.996826172, 115.751472473, 116.506118774, 117.260765076, 118.003807068, 118.758453369, 119.5131073, 120.256141663, 120.999183655, 121.753829956, 122.508476257, 123.25151825, 124.006164551, 124.760810852, 125.503852844, 126.246894836, 126.989929199, 127.7445755, 128.499221802, 129.242263794, 129.996917725, 130.751556396, 131.506210327, 132.260864258, 133.003890991, 133.758544922, 134.513198853, 135.256240845, 135.999267578, 136.753921509, 137.508575439, 138.251602173, 138.994644165, 139.749298096, 140.503936768, 141.24697876, 141.990020752, 142.744674683, 143.499313354, 144.242355347, 144.985397339, 145.740036011, 146.494689941, 147.237731934, 147.980773926, 148.735412598, 149.490066528, 150.244720459, 150.987747192, 151.742401123, 152.485443115, 153.251693726, 153.994735718, 154.73777771, 155.492416382, 156.247070313, 156.990112305, 157.733154297, 158.487792969, 159.242446899, 159.985488892, 160.740127563, 161.483169556, 162.237823486, 162.980865479, 163.73550415, 164.490158081, 165.244796753, 165.987838745, 166.742492676, 167.497146606, 168.251785278, 168.994827271, 169.737869263, 170.492507935, 171.247161865, 171.990203857, 172.744842529, 173.49949646, 174.242538452, 174.985580444, 175.740219116, 176.494873047, 177.249526978, 177.992553711, 178.747207642, 179.501861572, 180.256500244, 180.999542236, 181.742584229, 182.4972229, 183.251876831, 183.994918823, 184.737960815, 185.492599487, 186.247253418, 187.001907349, 187.756546021, 188.499588013, 189.254241943, 189.997268677, 190.751922607, 191.506576538, 192.26121521, 193.004257202, 193.758911133, 194.513549805, 195.256591797, 195.999633789, 196.742675781, 197.497314453, 198.251968384, 198.995010376, 199.749649048, 200.504302979, 201.247344971, 202.001998901, 202.756637573, 203.499679565, 204.254333496, 205.008972168, 205.75201416, 206.495056152, 207.249694824, 208.004348755, 208.747390747, 209.490432739, 210.245071411, 210.988113403, 211.742767334, 212.497406006, 213.252059937, 213.995101929, 214.749740601, 215.504394531, 216.247436523, 216.990478516, 217.745117188, 218.499771118, 219.24281311, 219.985839844, 220.740493774, 221.495147705, 222.238174438, 222.981216431, 223.735870361, 224.490524292, 225.245162964, 225.988204956, 226.742858887, 227.497497559, 228.252151489, 228.995193481, 229.738220215, 230.481262207, 231.235916138, 231.990570068, 232.74520874, 233.499862671, 234.254501343, 234.997543335, 235.752197266, 236.506851196, 237.261489868, 238.00453186, 238.747573853, 239.502212524, 240.256866455, 240.999908447, 241.742950439, 242.497589111, 243.252243042, 243.995285034, 244.749923706, 245.504577637, 246.247619629, 246.990646362, 247.745300293, 248.499954224, 249.242996216, 249.986022949, 250.74067688, 251.495330811, 252.238357544, 252.993011475, 253.747665405, 254.502304077, 255.256958008, 256, 256.743041992, 257.497680664, 258.252319336, 258.995361328, 259.750030518, 260.504669189, 261.247711182, 261.990753174, 262.745391846, 263.500030518, 264.24307251, 264.986114502, 265.740753174, 266.495422363, 267.250061035, 267.993103027, 268.73614502, 269.490783691, 270.257049561, 271.000091553, 271.754730225, 272.497772217, 273.252410889, 273.995452881, 274.75012207, 275.504760742, 276.247802734, 276.990844727, 277.745483398, 278.476898193, 279.219940186, 279.939758301, 280.647979736, 281.379394531, 282.110839844, 282.842254639, 283.585296631, 284.328338623, 285.082977295, 285.837646484], "beats_loudness": {"dmean2": 0.0869377925992, "median": 0.0683718770742, "min": 0, "dvar2": 0.00413630902767, "dvar": 0.00116009940393, "dmean": 0.0624700263143, "max": 0.197179168463, "var": 0.00257050525397, "mean": 0.073788896203}, "danceability": 1.31095993519, "bpm_histogram_second_peak_weight": {"dmean2": 0, "median": 0.00526315812021, "min": 0.00526315812021, "dvar2": 0, "dvar": 0, "dmean": 0, "max": 0.00526315812021, "var": 0, "mean": 0.00526315812021}, "beats_count": 381, "bpm_histogram_second_peak_bpm": {"dmean2": 0, "median": 73, "min": 73, "dvar2": 0, "dvar": 0, "dmean": 0, "max": 73, "var": 0, "mean": 73}, "bpm_histogram_first_peak_spread": {"dmean2": 0, "median": 0.0424402542412, "min": 0.0424402542412, "dvar2": 0, "dvar": 0, "dmean": 0, "max": 0.0424402542412, "var": 0, "mean": 0.0424402542412}, "beats_loudness_band_ratio": {"dmean2": [0.535778343678, 0.176405251026, 0.16931296885, 0.176479652524, 0.130838081241, 0.192770779133], "median": [0.588907778263, 0.0830454528332, 0.079583838582, 0.0631543695927, 0.0545010454953, 0.0754970163107], "min": [0, 0, 0, 0, 0, 0], "dvar2": [0.123937167227, 0.0303663760424, 0.0257571507245, 0.0354271531105, 0.00851454120129, 0.0252330377698], "dvar": [0.0421747416258, 0.0122648971155, 0.00923444051296, 0.0140866870061, 0.00322311138734, 0.0091729555279], "dmean": [0.34021911025, 0.105287835002, 0.0986791476607, 0.0974689275026, 0.0744353160262, 0.108183763921], "max": [0.997562587261, 0.71029227972, 0.758354961872, 0.73953217268, 0.523236453533, 0.726277470589], "var": [0.0881246998906, 0.0129045350477, 0.00996591709554, 0.0160318464041, 0.00446287868544, 0.0105790700763], "mean": [0.559162676334, 0.110916689038, 0.104599542916, 0.0904999375343, 0.0616906136274, 0.0983493253589]}}, "lowlevel": {"barkbands_spread": {"dmean2": 9.46841526031, "median": 15.3824691772, "min": 0.048558332026, "dvar2": 173.041305542, "dvar": 89.589012146, "dmean": 6.61669015884, "max": 128.841186523, "var": 309.832855225, "mean": 20.1330509186}, "melbands_spread": {"dmean2": 11.4908008575, "median": 15.5211277008, "min": 0.186558201909, "dvar2": 348.976531982, "dvar": 185.227706909, "dmean": 7.81890869141, "max": 280.399963379, "var": 708.088928223, "mean": 22.1721057892}, "hfc": {"dmean2": 10.3443975449, "median": 11.1830158234, "min": 1.06100974865e-16, "dvar2": 343.191192627, "dvar": 208.378860474, "dmean": 8.12717437744, "max": 466.019317627, "var": 748.037231445, "mean": 20.2353343964}, "barkbands_kurtosis": {"dmean2": 10.612569809, "median": 2.79371738434, "min": -1.9458899498, "dvar2": 1136.90039063, "dvar": 462.933776855, "dmean": 6.87588739395, "max": 774.415710449, "var": 688.530822754, "mean": 9.77557277679}, "gfcc": {"mean": [-73.1335601807, 98.9779510498, -100.546875, 21.2508335114, -45.2728500366, 1.30415344238, -25.911239624, 6.00475978851, -19.1651763916, 2.04877567291, -12.6929788589, -0.614315450191, -9.09414863586], "icov": [[5.09078636242e-05, -3.64214247384e-05, 3.51293019776e-05, -4.26905862696e-05, 0.000117216091894, -0.000125954975374, 0.000123013232951, -0.000209114848985, 8.12167199911e-05, -4.69197984785e-05, 9.83812569757e-05, 1.28414103528e-05, 7.353957335e-05], [-3.64214247384e-05, 0.000534457562026, -2.63512411038e-05, 0.000116159120807, -0.00051594764227, 0.000580557389185, -0.000411817571148, 0.000145982732647, -0.000272678764304, 0.000372345617507, -0.000483752286527, 0.000328930298565, -0.000222329443204], [3.51293019776e-05, -2.63512411038e-05, 0.0006644189707, -0.000255095044849, 0.000106742139906, -0.000488219637191, 0.000355866068276, -0.000500564463437, -0.000433316454291, 5.08278208144e-05, -2.30350433412e-05, -0.000167404185049, -0.000108472399006], [-4.26905862696e-05, 0.000116159120807, -0.000255095044849, 0.00206480291672, -0.000273560115602, -0.000125142498291, -0.000349911628291, 0.000555124133825, -0.000783898809459, -0.000568324292544, 0.000325831788359, 0.00055965379579, -0.000544419686776], [0.000117216091894, -0.00051594764227, 0.000106742139906, -0.000273560115602, 0.00284006609581, -0.000762802024838, -0.000412166962633, 4.06513900089e-05, -0.000672210066114, -0.0003819707199, 1.31032629724e-05, 0.00084463506937, -0.000267276511295], [-0.000125954975374, 0.000580557389185, -0.000488219637191, -0.000125142498291, -0.000762802024838, 0.00375600904226, -0.00108617544174, -0.000756371184252, 0.000505547272041, 0.000279077212326, -0.00122582179029, 4.72589817946e-05, 0.00114971154835], [0.000123013232951, -0.000411817571148, 0.000355866068276, -0.000349911628291, -0.000412166962633, -0.00108617544174, 0.00368880853057, -0.000636283715721, 0.000241801622906, 0.000694620073773, -0.00066749821417, -0.000440456904471, 0.000987280043773], [-0.000209114848985, 0.000145982732647, -0.000500564463437, 0.000555124133825, 4.06513900089e-05, -0.000756371184252, -0.000636283715721, 0.00635488377884, -0.00184072589036, -0.000595303194132, 0.000409206695622, -0.00180006655864, -0.000309636729071], [8.12167199911e-05, -0.000272678764304, -0.000433316454291, -0.000783898809459, -0.000672210066114, 0.000505547272041, 0.000241801622906, -0.00184072589036, 0.00831986963749, -0.0020650033839, 0.000248916563578, 0.00124421552755, -0.00124700705055], [-4.69197984785e-05, 0.000372345617507, 5.08278208144e-05, -0.000568324292544, -0.0003819707199, 0.000279077212326, 0.000694620073773, -0.000595303194132, -0.0020650033839, 0.0106321070343, -0.00194066669792, -0.00105592340697, 0.000493883097079], [9.83812569757e-05, -0.000483752286527, -2.30350433412e-05, 0.000325831788359, 1.31032629724e-05, -0.00122582179029, -0.00066749821417, 0.000409206695622, 0.000248916563578, -0.00194066669792, 0.00999670755118, -0.00202026078478, -0.00167532416526], [1.28414103528e-05, 0.000328930298565, -0.000167404185049, 0.00055965379579, 0.00084463506937, 4.72589817946e-05, -0.000440456904471, -0.00180006655864, 0.00124421552755, -0.00105592340697, -0.00202026078478, 0.00977031234652, -0.000863644527271], [7.353957335e-05, -0.000222329443204, -0.000108472399006, -0.000544419686776, -0.000267276511295, 0.00114971154835, 0.000987280043773, -0.000309636729071, -0.00124700705055, 0.000493883097079, -0.00167532416526, -0.000863644527271, 0.0117874462157]], "cov": [[36002.828125, -3699.23974609, 800.615478516, -2.00838518143, -2246.16992188, 1380.32214355, -1221.07543945, 1426.17956543, -402.199249268, 234.399414063, -424.277709961, 438.536834717, -413.480987549], [-3699.23974609, 4198.61132813, -640.152099609, -0.0799660459161, 978.540100098, -588.389892578, 500.718078613, -326.495941162, 194.024536133, -127.618522644, 155.291000366, -259.52645874, 154.368560791], [800.615478516, -640.152099609, 2324.38330078, 309.611297607, -95.9945297241, 407.968841553, -148.480880737, 316.834442139, 174.346450806, 90.4442825317, 19.560382843, 94.1338653564, 21.7427120209], [-2.00838518143, -0.0799660459161, 309.611297607, 619.160705566, 117.260688782, 66.6879959106, 32.4120826721, 3.48787522316, 102.313575745, 44.7382659912, -7.54886960983, -45.6576271057, 29.5193881989], [-2246.16992188, 978.540100098, -95.9945297241, 117.260688782, 719.90612793, -50.7010803223, 232.145492554, -102.578361511, 110.550720215, -11.8131752014, 59.3679847717, -107.534881592, 48.8823814392], [1380.32214355, -588.389892578, 407.968841553, 66.6879959106, -50.7010803223, 524.438903809, 56.395488739, 163.584075928, -18.6340827942, 28.2782020569, 26.3338184357, 61.2157287598, -60.5315933228], [-1221.07543945, 500.718078613, -148.480880737, 32.4120826721, 232.145492554, 56.395488739, 439.902770996, -26.1258773804, 11.8440465927, -31.9359836578, 59.8495178223, -18.5187950134, -10.8344831467], [1426.17956543, -326.495941162, 316.834442139, 3.48787522316, -102.578361511, 163.584075928, -26.1258773804, 288.116394043, 35.769618988, 40.4153366089, -3.28163123131, 72.2604598999, -13.5852909088], [-402.199249268, 194.024536133, 174.346450806, 102.313575745, 110.550720215, -18.6340827942, 11.8440465927, 35.769618988, 184.275497437, 35.239654541, 10.1144170761, -25.7511367798, 34.3395423889], [234.399414063, -127.618522644, 90.4442825317, 44.7382659912, -11.8131752014, 28.2782020569, -31.9359836578, 40.4153366089, 35.239654541, 116.587852478, 16.5090866089, 21.6145210266, 2.51279568672], [-424.277709961, 155.291000366, 19.560382843, -7.54886960983, 59.3679847717, 26.3338184357, 59.8495178223, -3.28163123131, 10.1144170761, 16.5090866089, 129.97833252, 22.0317211151, 19.5520381927], [438.536834717, -259.52645874, 94.1338653564, -45.6576271057, -107.534881592, 61.2157287598, -18.5187950134, 72.2604598999, -25.7511367798, 21.6145210266, 22.0317211151, 146.068557739, -3.62977075577], [-413.480987549, 154.368560791, 21.7427120209, 29.5193881989, 48.8823814392, -60.5315933228, -10.8344831467, -13.5852909088, 34.3395423889, 2.51279568672, 19.5520381927, -3.62977075577, 105.494285583]]}, "spectral_energyband_middle_low": {"dmean2": 0.00790160987526, "median": 0.00577496364713, "min": 1.50299787627e-22, "dvar2": 0.000248732569162, "dvar": 0.000104228718556, "dmean": 0.0050934641622, "max": 0.113244831562, "var": 0.000149700717884, "mean": 0.00976727996022}, "melbands_crest": {"dmean2": 5.34360980988, "median": 15.2236890793, "min": 1.58283984661, "dvar2": 28.0355949402, "dvar": 10.7125682831, "dmean": 3.31722283363, "max": 37.8871040344, "var": 37.5835647583, "mean": 15.653632164}, "spectral_kurtosis": {"dmean2": 6.08495855331, "median": 4.86826133728, "min": -1.38663232327, "dvar2": 130.246154785, "dvar": 51.9991493225, "dmean": 3.85420298576, "max": 270.062011719, "var": 146.827575684, "mean": 8.24956035614}, "spectral_rms": {"dmean2": 0.00134473107755, "median": 0.00439205858856, "min": 3.12420380365e-12, "dvar2": 4.2947149268e-06, "dvar": 2.39471023633e-06, "dmean": 0.000961084733717, "max": 0.0154202962294, "var": 9.34647596296e-06, "mean": 0.00466569140553}, "zerocrossingrate": {"dmean2": 0.0153546957299, "median": 0.044921875, "min": 0.001953125, "dvar2": 0.000416786439018, "dvar": 0.00044002244249, "dmean": 0.0150332208723, "max": 0.5244140625, "var": 0.00447371834889, "mean": 0.0639104247093}, "silence_rate_60dB": {"dmean2": 0.0797665342689, "median": 0, "min": 0, "dvar2": 0.0823077559471, "dvar": 0.0382866635919, "dmean": 0.0398800373077, "max": 1, "var": 0.151342630386, "mean": 0.185929641128}, "erbbands_kurtosis": {"dmean2": 2.45784878731, "median": 0.301321953535, "min": -1.84935510159, "dvar2": 28.0316562653, "dvar": 13.4631910324, "dmean": 1.64618945122, "max": 133.333511353, "var": 32.2955932617, "mean": 1.8377944231}, "erbbands": {"dmean2": [0.249399766326, 2.92582440376, 5.84809494019, 10.731098175, 12.0768251419, 10.0134992599, 8.24067497253, 10.3408603668, 13.9600410461, 16.6801738739, 19.0856761932, 29.2889614105, 21.2720718384, 21.9995994568, 30.3482170105, 16.1184158325, 15.9290151596, 20.1160125732, 38.1854934692, 13.4203033447, 13.5725250244, 7.89275550842, 7.90805625916, 9.0791311264, 9.22494602203, 5.85772418976, 5.26707696915, 7.04677009583, 5.30598402023, 4.84569120407, 4.55104207993, 3.90196728706, 2.68014597893, 1.68857884407, 0.882755100727, 0.372554332018, 0.12272632122, 0.0344842635095, 0.00789241585881, 0.000541357207112], "median": [0.0215545333922, 0.284631252289, 0.89898955822, 0.955974400043, 1.92633414268, 3.86544799805, 4.88412857056, 4.92314910889, 4.70967960358, 5.62010765076, 8.22613716125, 7.43197631836, 5.73402166367, 4.7756152153, 3.69241762161, 2.72615718842, 4.16338825226, 4.527135849, 3.22645282745, 3.26273202896, 3.76264762878, 3.1042945385, 2.7411570549, 3.19026827812, 3.38634490967, 1.75332379341, 0.878164410591, 0.819231748581, 0.799353718758, 0.550796627998, 0.280658364296, 0.159077063203, 0.127156823874, 0.0959461182356, 0.0520106032491, 0.0249194465578, 0.00926767848432, 0.0019321818836, 0.000215425592614, 4.51004925708e-05], "min": [1.14275779126e-22, 1.11789340039e-21, 1.99890214507e-21, 6.49036564375e-21, 1.28420541347e-20, 1.50587535813e-20, 2.92917741161e-20, 5.34671001014e-20, 2.02881554865e-19, 2.47900006673e-19, 1.33076467981e-19, 4.16178295919e-19, 7.79289543423e-19, 8.45863210471e-19, 1.25814419323e-18, 1.03907585116e-18, 1.33158893944e-18, 1.66407087793e-18, 2.81681861265e-18, 3.4424204798e-18, 3.55398067465e-18, 5.17145253957e-18, 5.322846444e-18, 7.00217156641e-18, 7.64423991122e-18, 7.76424727449e-18, 9.34923947906e-18, 9.26803350397e-18, 1.0354115858e-17, 1.12398360425e-17, 1.13304197642e-17, 9.66837485837e-18, 1.09885848945e-17, 8.16730839875e-18, 5.72238832835e-18, 3.99621707272e-18, 2.26082482122e-18, 9.49174450063e-19, 2.4540248991e-19, 2.60685323811e-20], "dvar2": [0.349998265505, 64.4677886963, 233.717880249, 859.599304199, 1219.18933105, 397.395721436, 271.349029541, 567.100830078, 1361.04138184, 1423.63000488, 2130.89501953, 6650.640625, 3107.78881836, 3786.71118164, 8064.19970703, 2332.36743164, 1551.82971191, 3277.9597168, 25870.2597656, 1083.83898926, 1049.1496582, 357.883514404, 355.650421143, 399.139160156, 387.547393799, 176.478240967, 196.290161133, 363.530609131, 185.281143188, 254.550445557, 262.996154785, 127.730949402, 65.2993774414, 34.3511695862, 6.95533466339, 1.10183107853, 0.110809467733, 0.00684542721137, 0.000389750377508, 2.08087453757e-06], "dvar": [0.148738086224, 22.1541728973, 122.362739563, 340.078918457, 472.14163208, 142.189727783, 125.482185364, 252.641769409, 566.446960449, 701.986572266, 1140.26989746, 3265.26293945, 1729.12243652, 1925.06262207, 4163.48144531, 1013.98370361, 769.692810059, 1253.35522461, 8790.67675781, 432.272918701, 455.103027344, 166.662353516, 157.726425171, 195.585662842, 186.020523071, 82.5232009888, 93.0557479858, 157.022964478, 100.856910706, 128.809326172, 141.303207397, 66.8559646606, 37.5317497253, 18.3398113251, 4.1562628746, 0.676011383533, 0.0713950768113, 0.00393924070522, 0.00021269377612, 1.02803880964e-06], "dmean": [0.157717704773, 1.68044650555, 3.98976707458, 6.54562568665, 7.21398210526, 5.75728797913, 5.25779151917, 6.66272068024, 8.58476448059, 11.1460609436, 13.0449047089, 20.1437492371, 14.9172954559, 15.3045473099, 21.1366462708, 10.5969982147, 10.7873773575, 12.410867691, 21.2834129333, 8.46440505981, 9.13518810272, 5.41068744659, 5.34357976913, 6.34725761414, 6.45275020599, 4.07098865509, 3.6663711071, 4.79830789566, 3.88307952881, 3.49968743324, 3.34930801392, 2.84658885002, 2.02677035332, 1.28199636936, 0.686955928802, 0.286790341139, 0.0945095792413, 0.026456521824, 0.00599760515615, 0.000392727059079], "max": [5.79580879211, 44.0178375244, 133.855133057, 174.927856445, 302.916320801, 164.358963013, 344.680664063, 483.85836792, 871.555541992, 685.985534668, 995.956726074, 1842.30810547, 1326.70739746, 1406.76794434, 1888.1550293, 991.732299805, 1062.07617188, 942.645690918, 1135.26269531, 453.554107666, 532.667053223, 596.045288086, 347.762145996, 336.466278076, 454.752532959, 229.435195923, 235.208999634, 372.36605835, 391.482421875, 558.614929199, 510.993804932, 321.055480957, 318.993652344, 269.953399658, 105.107505798, 62.3126182556, 12.7034635544, 2.00247454643, 0.178407862782, 0.0112762637436], "var": [0.328064322472, 23.4503307343, 186.949127197, 283.356719971, 384.982208252, 143.13218689, 265.213439941, 583.898986816, 1323.55310059, 2195.15673828, 3324.42626953, 9342.27539063, 6517.50048828, 6550.21240234, 20661.5253906, 2150.18334961, 2073.33178711, 1577.17114258, 5528.24560547, 831.120361328, 907.902404785, 532.269042969, 388.501525879, 609.845275879, 592.118347168, 185.98374939, 185.994827271, 298.921569824, 265.707336426, 323.812316895, 393.124725342, 158.795288086, 87.8227005005, 38.539680481, 11.2389230728, 2.15438103676, 0.199179366231, 0.0080653782934, 0.000348955858499, 1.40819224725e-06], "mean": [0.327713161707, 2.50063347816, 6.05952310562, 6.18449497223, 7.09278392792, 7.70380210876, 9.54085159302, 12.0807275772, 14.2530422211, 21.3049907684, 24.6313362122, 37.075958252, 30.6586685181, 31.5691566467, 43.6218338013, 17.8162708282, 18.883813858, 17.5790576935, 20.2604618073, 13.5928611755, 14.452214241, 10.0956783295, 10.2363271713, 13.0514316559, 12.4682168961, 6.83719491959, 5.59627246857, 7.17469263077, 6.6330037117, 5.86574268341, 5.18915891647, 3.99473071098, 2.99769473076, 1.8898011446, 1.01154172421, 0.428507804871, 0.139604464173, 0.0358295924962, 0.00740637490526, 0.000455367087852]}, "spectral_strongpeak": {"dmean2": 0.651474893093, "median": 0.403977632523, "min": 0, "dvar2": 1.18557631969, "dvar": 0.50615298748, "dmean": 0.400343000889, "max": 8.88460350037, "var": 1.33979701996, "mean": 0.827491462231}, "spectral_energy": {"dmean2": 0.0186445713043, "median": 0.0197724364698, "min": 1.00046654983e-20, "dvar2": 0.00130519864615, "dvar": 0.000649329391308, "dmean": 0.0128432204947, "max": 0.243730172515, "var": 0.00139222864527, "mean": 0.0318930707872}, "average_loudness": 0.840829372406, "spectral_rolloff": {"dmean2": 999.502380371, "median": 839.794921875, "min": 64.599609375, "dvar2": 3513801, "dvar": 1819726.125, "dmean": 626.393310547, "max": 19810.546875, "var": 6714333.5, "mean": 1693.74438477}, "spectral_centroid": {"dmean2": 393.553253174, "median": 1055.27099609, "min": 78.5706634521, "dvar2": 257284.921875, "dvar": 133462.90625, "dmean": 274.938842773, "max": 11913.421875, "var": 1266580.875, "mean": 1276.63562012}, "pitch_salience": {"dmean2": 0.123433105648, "median": 0.521069467068, "min": 0.0742998123169, "dvar2": 0.0159258805215, "dvar": 0.00605901610106, "dmean": 0.0765083059669, "max": 0.971821069717, "var": 0.0215091854334, "mean": 0.514360189438}, "spectral_energyband_middle_high": {"dmean2": 0.00264106527902, "median": 0.00161571288481, "min": 1.14368998503e-21, "dvar2": 3.08558919642e-05, "dvar": 1.27760249597e-05, "dmean": 0.00178837752901, "max": 0.0581082478166, "var": 4.6548575483e-05, "mean": 0.00443442119285}, "spectral_contrast_coeffs": {"dmean2": [0.0820596516132, 0.0706425085664, 0.0614079125226, 0.054437674582, 0.0401413999498, 0.0389751382172], "median": [-0.662180840969, -0.729250192642, -0.74945473671, -0.765355944633, -0.779421567917, -0.778187274933], "min": [-0.980348706245, -0.978318631649, -0.977050840855, -0.971748828888, -0.966666638851, -0.964372038841], "dvar2": [0.00539583805948, 0.00386660592631, 0.00264736963436, 0.00214751972817, 0.00127841916401, 0.00182321132161], "dvar": [0.00228892941959, 0.00163062219508, 0.00135701312684, 0.000998667674139, 0.000679861637764, 0.00083112413995], "dmean": [0.0518240332603, 0.0444241501391, 0.0407203249633, 0.0355999320745, 0.0274351872504, 0.0262132696807], "max": [-0.273469358683, -0.343576133251, -0.35956594348, -0.499994963408, -0.541423499584, -0.397735238075], "var": [0.00934439804405, 0.00821285136044, 0.010317989625, 0.00567215448245, 0.00490172300488, 0.00397951202467], "mean": [-0.658790171146, -0.725005209446, -0.738170146942, -0.76378428936, -0.77443754673, -0.769034743309]}, "melbands_skewness": {"dmean2": 1.36140668392, "median": 2.4048511982, "min": -3.63737559319, "dvar2": 2.74791383743, "dvar": 1.31542909145, "dmean": 0.921068131924, "max": 18.8870601654, "var": 4.93429088593, "mean": 2.82902002335}, "spectral_spread": {"dmean2": 1097649.625, "median": 4217867, "min": 490726.53125, "dvar2": 2297274564610.0, "dvar": 1416349876220.0, "dmean": 834047.0625, "max": 42748772, "var": 14959299788800.0, "mean": 4964503.5}, "dissonance": {"dmean2": 0.0409136265516, "median": 0.45897307992, "min": 0.160014212132, "dvar2": 0.0017125736922, "dvar": 0.000665690982714, "dmean": 0.0247714705765, "max": 0.500000119209, "var": 0.00174323795363, "mean": 0.448425590992}, "spectral_skewness": {"dmean2": 0.610345482826, "median": 1.68532645702, "min": -0.268121600151, "dvar2": 0.723619222641, "dvar": 0.296814501286, "dmean": 0.404177308083, "max": 14.3298101425, "var": 1.13249886036, "mean": 1.89529299736}, "spectral_flux": {"dmean2": 0.047219440341, "median": 0.0636683404446, "min": 6.23996479487e-11, "dvar2": 0.00442558573559, "dvar": 0.00215153838508, "dmean": 0.0307679008693, "max": 0.433404773474, "var": 0.00549082411453, "mean": 0.0839326381683}, "spectral_contrast_valleys": {"dmean2": [0.661701798439, 0.630555927753, 0.60577237606, 0.610432803631, 0.549149394035, 0.635462701321], "median": [-7.43077278137, -6.94026994705, -7.98194217682, -8.45365142822, -8.29821395874, -10.7691249847], "min": [-28.2909698486, -28.0574131012, -27.7424468994, -27.6921043396, -27.4908485413, -27.4028587341], "dvar2": [0.446420818567, 0.44443821907, 0.383418828249, 0.448430091143, 0.426732033491, 0.768577039242], "dvar": [0.244574978948, 0.250633001328, 0.233937740326, 0.262342125177, 0.259447842836, 0.459103703499], "dmean": [0.420350670815, 0.418588936329, 0.426298350096, 0.438901752234, 0.425191968679, 0.539195358753], "max": [-4.94955158234, -4.88079881668, -5.35110616684, -5.54375696182, -5.57341098785, -6.90379619598], "var": [5.60481548309, 5.1740655899, 4.74859285355, 4.48322153091, 4.70140600204, 7.14277744293], "mean": [-7.83925485611, -7.44299030304, -8.31602954865, -8.78567790985, -8.66511154175, -11.2693872452]}, "erbbands_flatness_db": {"dmean2": 0.0321088507771, "median": 0.167851448059, "min": 0.0320062488317, "dvar2": 0.00117510289419, "dvar": 0.00067957531428, "dmean": 0.0240981467068, "max": 0.477948606014, "var": 0.00542925763875, "mean": 0.175594776869}, "spectral_energyband_high": {"dmean2": 0.000751943211071, "median": 0.000130735497805, "min": 7.08704842043e-21, "dvar2": 3.19898640555e-06, "dvar": 2.07922994377e-06, "dmean": 0.000611710711382, "max": 0.0477775111794, "var": 6.60899695504e-06, "mean": 0.0010538122151}, "spectral_entropy": {"dmean2": 0.334016472101, "median": 7.30070352554, "min": 4.16296625137, "dvar2": 0.151384964585, "dvar": 0.086298763752, "dmean": 0.248132973909, "max": 9.81998538971, "var": 0.584130227566, "mean": 7.27917098999}, "silence_rate_20dB": {"dmean2": 0, "median": 1, "min": 1, "dvar2": 0, "dvar": 0, "dmean": 0, "max": 1, "var": 0, "mean": 1}, "melbands_flatness_db": {"dmean2": 0.0485972575843, "median": 0.240119740367, "min": 0.00286854756996, "dvar2": 0.00316501245834, "dvar": 0.00165694579482, "dmean": 0.0353879593313, "max": 0.872662842274, "var": 0.0148959420621, "mean": 0.256108224392}, "barkbands": {"dmean2": [0.000388777145417, 0.0112435948104, 0.00589150842279, 0.0039357659407, 0.0031508798711, 0.00121305475477, 0.00104977074079, 0.000858658866491, 0.00122576684225, 0.000701023265719, 0.000807942356914, 0.000467857928015, 0.000347121676896, 0.000607588619459, 0.000485278986162, 0.000237485655816, 0.00014338598703, 0.00017433942412, 0.00018896185793, 0.000141448792419, 0.000160601688549, 0.000141481214087, 0.000154211738845, 0.000165365825524, 0.000135335125378, 6.94554692018e-05, 4.51665582659e-05], "median": [3.32073832396e-05, 0.00119285995606, 0.000576118007302, 0.000244166265475, 0.00112097791862, 0.000608976115473, 0.00030918236007, 0.000243348215008, 0.00027492234949, 0.000115441536764, 7.19116651453e-05, 5.13843115186e-05, 8.14245795482e-05, 8.23710797704e-05, 4.45840123575e-05, 6.2739403802e-05, 4.45634541393e-05, 4.6040982852e-05, 6.60764053464e-05, 3.52643837687e-05, 2.05566084333e-05, 2.27293203352e-05, 1.07324867713e-05, 7.44916633266e-06, 8.48498893902e-06, 5.49097330804e-06, 1.08651056507e-06], "min": [4.07845599298e-25, 4.15846645681e-24, 1.08609265026e-24, 1.7278043726e-24, 6.44907437312e-24, 7.90994695084e-24, 1.25118498718e-23, 7.1717033056e-24, 1.56444685913e-23, 1.71336738973e-23, 2.46882177111e-23, 2.08641355869e-23, 2.5668983231e-23, 3.52583779726e-23, 3.6769835467e-23, 4.16132552539e-23, 7.70343941638e-23, 8.60617460208e-23, 9.65573573491e-23, 1.64281255389e-22, 2.33866940896e-22, 3.18124227549e-22, 4.11374099382e-22, 6.22133272258e-22, 8.74114024638e-22, 1.31904954859e-21, 1.93083160262e-21], "dvar2": [1.19603714666e-06, 0.000850464974064, 0.000295354111586, 0.000121586061141, 5.77966820856e-05, 7.12426663085e-06, 6.1027267293e-06, 4.43266344519e-06, 9.76805404207e-06, 3.24078905578e-06, 5.73629677092e-06, 2.20603965317e-06, 6.73270506013e-07, 4.29166357208e-06, 2.80144945464e-06, 3.12993194029e-07, 1.18719519548e-07, 1.72025679035e-07, 1.56674147433e-07, 9.82431060947e-08, 1.85595737889e-07, 1.43752828308e-07, 2.85310846948e-07, 2.16291255128e-07, 1.74967610178e-07, 3.53144962162e-08, 1.32316388957e-08], "dvar": [5.00867315623e-07, 0.000306230940623, 0.00013881069026, 4.66030251118e-05, 2.14941446757e-05, 3.26261033479e-06, 2.67381392405e-06, 2.2234462449e-06, 4.91957871418e-06, 1.69732629729e-06, 2.82313089883e-06, 9.74504359874e-07, 3.33701592581e-07, 1.51669200932e-06, 9.56418261921e-07, 1.34196596946e-07, 5.64736737374e-08, 7.73951498445e-08, 7.84104940976e-08, 4.46787353781e-08, 8.33323667848e-08, 7.94448453689e-08, 1.5459113456e-07, 1.21526539942e-07, 1.04108636378e-07, 2.25331167059e-08, 7.11049663593e-09], "dmean": [0.000252470432315, 0.0065900250338, 0.0040113623254, 0.00233179656789, 0.0018289956497, 0.000781839247793, 0.000657623633742, 0.000573038239963, 0.00084031035658, 0.000477369962027, 0.000545959570445, 0.000302348518744, 0.000230878489674, 0.000353441893822, 0.000278793420875, 0.000157990376465, 9.81333432719e-05, 0.000115165625175, 0.000135282607516, 9.37861550483e-05, 0.000110045737529, 0.000105139639345, 0.000114082089567, 0.000124522746773, 0.000105936087493, 5.39004213351e-05, 3.4309730836e-05], "max": [0.0153186582029, 0.164693266153, 0.128219842911, 0.0715296119452, 0.0726378038526, 0.0487432554364, 0.0594992265105, 0.039972756058, 0.0630603432655, 0.0325324088335, 0.053162522614, 0.0232096165419, 0.0194093268365, 0.0157491993159, 0.0119074080139, 0.00787410698831, 0.00865936465561, 0.00869324617088, 0.00955628603697, 0.00669767893851, 0.00758541701362, 0.0136537794024, 0.0176429189742, 0.0142752593383, 0.0163451526314, 0.00910373032093, 0.00106183311436], "var": [8.38868515984e-07, 0.000409688684158, 0.000166542085935, 3.60382036888e-05, 1.87991281564e-05, 7.35581443223e-06, 8.47797946335e-06, 7.12183191354e-06, 1.72339023266e-05, 5.46677392776e-06, 1.45411831909e-05, 2.06924801205e-06,