{"metadata": {"tags": {"label": ["Harmless"], "title": ["Bollocks (feat. Orifice & Dubbledge)"], "replaygain_track_peak": ["0.999969"], "genre": ["Breakbeat"], "asin": ["B000HT395M"], "musicmagic data": ["AgEBqxALhUWLv5CLgUkyzIABgAGBOIeuzHyb2XHF2Hn2R4ABgvPK2M4np3T1A+0rgAGAAStOgAEkPkFAh0702uXFCR6yggzyg/2AAY0mlTCjCYNsCW8muKilgb+Ki85tmB1ecdfV/5KD+IMS0Da7Cr1Z3HfVHIGJgAEWpIcSF3gGnYfy4DvjxwB4uKzxjYOzgRg="], "album": ["Watch the Ride: Scratch Perverts"], "musicbrainz album type": ["compilation"], "albumartistsort": ["Scratch Perverts"], "musicbrainz album release country": ["GB"], "musicbrainz_artistid": ["70cfe8a4-1efb-4576-82a7-77533d4b9929"], "musicbrainz album status": ["official"], "albumartist": ["Scratch Perverts"], "musicip_puid": ["79ad5331-5f4b-ef08-ad19-e05b4365be2e"], "artist": ["Vex'd"], "musicbrainz_albumid": ["4f3d6a15-3762-4803-8699-57f70a556917"], "musicbrainz_recordingid": ["0d32c5de-f003-4843-98d6-aa17b179fc6c"], "catalognumber": ["HURTCD069"], "tracknumber": ["15/24"], "musicbrainz_albumartistid": ["3989ff5c-412c-4abb-a461-ad733291ed45"], "musicmagic fingerprint": ["AWWRQ38OnAwMCtoK9wdoB7wIQwmbCF4IeAeABqsFbAU7Be8FuAUXBM4HpgX4BIwD6AM1AycD4gNGAtcCiwJBAhUCAwHjAdIB0AHCAVgBXwEmxNoZkiesKEcc/B40FvoXMRezHOAWeRcOFekS7g6VDq8RKhGMDuYNexdMD8gKDgoACFYIfgk6CFcGwQXZBVkE3AR3A4EDbQNoA5ACngKyAl0yVpanDQ4N1w2VD7MNRgrvCMAMYgnpDLsJrQhsCa0JAQiiCdMIuwhDDa4IngaxBWMFDgVwBfkElgO3A3MC8AJoAj0CNQIuAhkB4AFvAYYBcvvwBuG5WsYN66D+Ig2R/gb44vW6Da0mMyXvFBsJuAuSFSId4BG2CjUaWxNADqAK1gluCKQICgYZBRYEOwKhARwBVAIEAcEBZQGqASYBKQCtAKf/lN7F6lMCi9/3/ZQcPkcQRlMAbdac8fcWCgyr/pj4X/aXAqQEOADF+rv6bfe9+Hn8dQBK/Q/8sP4CAe4DZgItAZwBPv/x/3j/3QAgAAD/2wHI92P5F/2kDwtL8FAJAUDXTNv278b/X/wm9ab2Y/h49z78wgMW/vj2Yv3R/e3+pvqz92v5//2I/Y/+YQCgAdoBPwDLAB//uAA2AJEAnwGU/rUfWxcL7kO6G/Cx/PcJq+PQxhzyMCibJAMIoQHqCJYaaBR6C0IW6gUa/m/9mP+pANT+C/we/A38hf7Y/ej8Kfzy/Z3+bP7m/v7/Qf9MQkE+PQ=="], "replaygain_album_gain": ["-8.20 dB"], "replaygain_track_gain": ["-9.38 dB"], "date": ["2007"], "file_name": "15-Vex'd-Bollocks (feat. Orifice & Dubbledge).mp3", "length": ["110573"]}, "audio_properties": {"sample_rate": 44100, "downmix": "mix", "lossless": false, "analysis_sample_rate": 44100, "md5_encoded": "8d2c312e67ced32962f22f070aa531e9", "equal_loudness": 0, "replay_gain": -11.044960022, "codec": "mp3", "bit_rate": 128000, "length": 110.524078369}, "version": {"extractor": "music 1.0", "essentia_build_sha": "ca57ba49d9b1854bd80e60cf9ccf267278fb7d6b", "essentia_git_sha": "v2.1_beta1-28-g21ef5f4-dirty", "essentia": "2.1-beta1"}}, "rhythm": {"beats_loudness_band_ratio": {"dvar2": [0.112569950521, 0.0444180034101, 0.0379988476634, 0.0210420470685, 0.0103041464463, 0.00729256356135], "var": [0.0604051202536, 0.022239882499, 0.0152249988168, 0.00511513184756, 0.0027435447555, 0.0014302842319], "min": [0.0327524729073, 0.00138518412132, 0.00288113742135, 0.00101629144046, 0.000861940148752, 0.000770524435211], "dmean": [0.274174928665, 0.144311383367, 0.122664898634, 0.0676123946905, 0.049959987402, 0.0291899312288], "mean": [0.615473508835, 0.16337262094, 0.121004030108, 0.0601199418306, 0.0461736321449, 0.0221022572368], "max": [0.993138670921, 0.667015075684, 0.685359537601, 0.393094182014, 0.328826457262, 0.242225572467], "dmean2": [0.493953734636, 0.255075514317, 0.220928773284, 0.12606343627, 0.0917500704527, 0.0554872006178], "median": [0.67247647047, 0.107962459326, 0.075674071908, 0.0303948968649, 0.0270413197577, 0.0100920628756], "dvar": [0.0394086055458, 0.0175434835255, 0.0136647056788, 0.00588611606508, 0.00334423501045, 0.00233693723567]}, "bpm_histogram_first_peak_weight": {"dvar2": 0, "var": 0, "min": 0.881889820099, "dmean": 0, "mean": 0.881889820099, "max": 0.881889820099, "dmean2": 0, "median": 0.881889820099, "dvar": 0}, "bpm": 69.8844604492, "beats_count": 128, "bpm_histogram_first_peak_spread": {"dvar2": 0, "var": 0, "min": 0.096774160862, "dmean": 0, "mean": 0.096774160862, "max": 0.096774160862, "dmean2": 0, "median": 0.096774160862, "dvar": 0}, "danceability": 1.55070900917, "bpm_histogram_first_peak_bpm": {"dvar2": 0, "var": 0, "min": 70, "dmean": 0, "mean": 70, "max": 70, "dmean2": 0, "median": 70, "dvar": 0}, "beats_position": [0.835918366909, 1.69505667686, 2.54258489609, 3.39011335373, 4.26086139679, 5.11999988556, 5.97913837433, 6.82666635513, 7.6858048439, 8.54494285583, 9.41569137573, 10.2864398956, 11.1571884155, 12.0163259506, 12.8870744705, 13.7462129593, 14.6169614792, 15.4877090454, 16.3700675964, 17.2640361786, 18.1580047607, 19.0403633118, 19.8994998932, 20.758638382, 21.6177768707, 22.4885253906, 23.3708839417, 24.2532424927, 25.1356010437, 25.9366893768, 26.73777771, 27.5388660431, 28.4212245941, 29.3035831451, 30.1859397888, 31.0450782776, 31.9042167664, 32.7633552551, 33.6108856201, 34.4584121704, 35.3175506592, 36.1766891479, 37.0358276367, 37.8949661255, 38.7541046143, 39.613243103, 40.4723815918, 41.3315200806, 42.1906585693, 43.0497932434, 43.9321517944, 44.7912902832, 45.6620407104, 46.5095672607, 47.3687057495, 48.2278442383, 49.0753746033, 49.9229011536, 50.7704315186, 51.6179580688, 52.4770965576, 53.3362350464, 54.1953735352, 55.0545120239, 55.9136505127, 56.7727890015, 57.6319274902, 58.491065979, 59.3385925293, 60.1977310181, 61.0568695068, 61.9160079956, 62.7751464844, 63.6226730347, 64.4818115234, 65.3409500122, 66.200088501, 67.0592269897, 67.9183654785, 68.7658920288, 69.6250305176, 70.4725646973, 71.3084793091, 72.1792297363, 73.0383682251, 73.8975067139, 74.7566452026, 75.6041717529, 76.4633102417, 77.3224487305, 78.1815872192, 79.040725708, 79.8998641968, 80.7590026855, 81.6181411743, 82.4772796631, 83.3364181519, 84.1955566406, 85.0430831909, 85.8906097412, 86.74974823, 87.6088867188, 88.4680252075, 89.3271636963, 90.1979141235, 91.0454406738, 91.8929672241, 92.7404937744, 93.6112442017, 94.4703826904, 95.3295211792, 96.1770477295, 97.0361862183, 97.895324707, 98.7544631958, 99.6136016846, 100.472740173, 101.331878662, 102.191017151, 103.05015564, 103.909294128, 104.756820679, 105.604354858, 106.463493347, 107.322631836, 108.181770325, 109.040908813, 109.900039673], "beats_loudness": {"dvar2": 0.00392854539678, "var": 0.00142394728027, "min": 0.014117885381, "dmean": 0.0411796346307, "mean": 0.0614603869617, "max": 0.219323560596, "dmean2": 0.0744895264506, "median": 0.0489993579686, "dvar": 0.00137725740205}, "bpm_histogram_second_peak_weight": {"dvar2": 0, "var": 0, "min": 0.0236220471561, "dmean": 0, "mean": 0.0236220471561, "max": 0.0236220471561, "dmean2": 0, "median": 0.0236220471561, "dvar": 0}, "bpm_histogram_second_peak_spread": {"dvar2": 0, "var": 0, "min": 0, "dmean": 0, "mean": 0, "max": 0, "dmean2": 0, "median": 0, "dvar": 0}, "bpm_histogram_second_peak_bpm": {"dvar2": 0, "var": 0, "min": 75, "dmean": 0, "mean": 75, "max": 75, "dmean2": 0, "median": 75, "dvar": 0}, "onset_rate": 4.88517141342}, "lowlevel": {"spectral_energyband_high": {"dvar2": 8.86636598807e-07, "var": 8.72727298429e-07, "min": 5.67154900821e-09, "dmean": 0.000348556030076, "mean": 0.000515894556884, "max": 0.0165232606232, "dmean2": 0.000516102358233, "median": 0.000269936805125, "dvar": 4.42419519686e-07}, "spectral_energyband_middle_low": {"dvar2": 0.000443965604063, "var": 0.000305038323859, "min": 5.54586554458e-09, "dmean": 0.00922297500074, "mean": 0.0144851757213, "max": 0.276877760887, "dmean2": 0.0140752689913, "median": 0.00904763489962, "dvar": 0.000183588301297}, "spectral_energy": {"dvar2": 0.00187964353245, "var": 0.00153990683611, "min": 3.45402568769e-08, "dmean": 0.0246733985841, "mean": 0.0472772456706, "max": 0.351015210152, "dmean2": 0.0386607423425, "median": 0.0379659123719, "dvar": 0.000767628487665}, "spectral_spread": {"dvar2": 581965774848, "var": 621221183488, "min": 905924.6875, "dmean": 564534.625, "mean": 3503870, "max": 8718623, "dmean2": 879694.75, "median": 3453350, "dvar": 238214873088}, "spectral_energyband_low": {"dvar2": 0.000980715733021, "var": 0.000653272145428, "min": 2.04034900086e-09, "dmean": 0.0137888640165, "mean": 0.0204347390682, "max": 0.233957245946, "dmean2": 0.021458985284, "median": 0.0116256410256, "dvar": 0.000417833216488}, "spectral_rolloff": {"dvar2": 3287872.5, "var": 1707143.5, "min": 21.533203125, "dmean": 570.662109375, "mean": 1016.7230835, "max": 22050, "dmean2": 937.694885254, "median": 645.99609375, "dvar": 1408969.875}, "barkbands": {"dvar2": [0.00149669300299, 0.000399516167818, 2.94703295367e-05, 0.000179763490451, 0.000159112649271, 6.52235976304e-05, 2.88918454316e-05, 2.26265619858e-05, 1.1822147826e-05, 5.16485079061e-06, 2.81916163658e-06, 2.38217307924e-06, 1.60056356435e-06, 2.8311881124e-06, 1.4404462263e-06, 8.46114289743e-07, 4.20902466658e-07, 4.42063253558e-07, 6.47593537906e-07, 2.71315542477e-07, 1.40897256529e-07, 4.64328664407e-08, 9.76437064537e-09, 3.31980221091e-10, 1.02466417295e-10, 7.54446893847e-10, 2.67410111832e-08], "var": [0.000731147942133, 0.000188035861356, 1.20550275824e-05, 5.9591486206e-05, 7.51048210077e-05, 3.12901247526e-05, 1.6329515347e-05, 1.09253496703e-05, 5.83536666454e-06, 2.93797688755e-06, 1.54053941515e-06, 1.39104201935e-06, 9.8886437172e-07, 1.93955247596e-06, 9.55622567744e-07, 5.51645314317e-07, 2.73380550198e-07, 3.02557765508e-07, 4.20526816924e-07, 1.68170203096e-07, 1.15118638178e-07, 4.02987332393e-08, 7.2357466685e-09, 1.23127452678e-10, 3.8792982715e-11, 5.82945802741e-10, 2.80303851241e-08], "min": [1.57038548831e-09, 8.31401836265e-10, 2.65405530886e-10, 1.81960058132e-10, 3.41145445226e-10, 1.44033363014e-09, 4.54242976566e-10, 1.71015479555e-09, 1.285262341e-09, 4.4618048145e-10, 9.36715816025e-10, 5.33868615982e-10, 9.87974035915e-10, 8.75704841974e-10, 3.22209453563e-10, 1.08898123852e-09, 1.42753020516e-09, 5.24000898228e-10, 3.78900660847e-10, 5.08444841785e-10, 6.85733914096e-10, 3.01680153081e-10, 1.5266680975e-10, 2.73965520409e-11, 4.9658450095e-12, 1.03652052219e-10, 8.87900775126e-09], "dmean": [0.0146426996216, 0.00833583343774, 0.00213893130422, 0.00196002726443, 0.00416928576306, 0.0026271478273, 0.00170868379064, 0.00132996717002, 0.00105389812961, 0.000692667381372, 0.000445915124146, 0.000449181941804, 0.000397628959036, 0.000534368038643, 0.000432780914707, 0.0003230740258, 0.000244794617174, 0.00024058490817, 0.000252347643254, 0.000153422923177, 0.000119467142213, 6.97556970408e-05, 2.83433801087e-05, 6.46610942567e-06, 3.92009587813e-06, 9.77967829385e-06, 7.5958429079e-05], "mean": [0.01504854206, 0.00969478115439, 0.00235481676646, 0.00198868731968, 0.00470725959167, 0.0028832135722, 0.00196636398323, 0.00146294699516, 0.00121349422261, 0.000836319639347, 0.000533238227945, 0.00056711625075, 0.000498645298649, 0.000702569435816, 0.000582913693506, 0.000453235232271, 0.000348341360223, 0.000329616043018, 0.000318650825648, 0.000199499190785, 0.000156381152919, 9.21608152566e-05, 3.89051601815e-05, 7.09891264705e-06, 3.58547094947e-06, 1.32347649924e-05, 0.000129642139655], "max": [0.217415452003, 0.119241163135, 0.0674394443631, 0.261484116316, 0.128943964839, 0.0614057667553, 0.053100284189, 0.0747456401587, 0.0388025157154, 0.0205892585218, 0.0277129542083, 0.0231476649642, 0.0191645715386, 0.0216075610369, 0.0190009903163, 0.0143068954349, 0.00844812765718, 0.00932360906154, 0.0135153271258, 0.00534409983084, 0.00710330158472, 0.00387137127109, 0.00174590945244, 0.000303583481582, 5.13986087753e-05, 0.000443660130259, 0.00225079851225], "dmean2": [0.0251599308103, 0.0138637302443, 0.00359410885721, 0.00327627779916, 0.0068293614313, 0.00426598777995, 0.00270960386842, 0.00214908504859, 0.00170639413409, 0.00111681141425, 0.000703486381099, 0.000717992777936, 0.000639558711555, 0.000818870903458, 0.000668276683427, 0.000500046822708, 0.000372258102288, 0.000371789501514, 0.000403471640311, 0.000241453773924, 0.000181743045687, 0.000105024191726, 4.26898695878e-05, 1.09014890768e-05, 6.74964849168e-06, 1.52377069753e-05, 0.00011087328312], "median": [0.00308480812237, 0.00444251578301, 0.00127901940141, 0.000649842200801, 0.00203229626641, 0.00101561937481, 0.000631996488664, 0.000445039826445, 0.000412820634665, 0.000297193211736, 0.000188206497114, 0.00020542817947, 0.000167726277141, 0.000233633079915, 0.000256027356954, 0.000221570604481, 0.000183320051292, 0.000148446400999, 0.000145552374306, 8.66046102601e-05, 6.96298011462e-05, 3.75299496227e-05, 1.79593225766e-05, 3.52063329956e-06, 1.08924075448e-06, 7.12291011951e-06, 8.40962020447e-05], "dvar": [0.000550884869881, 0.000153560496983, 1.11644694698e-05, 6.61449375912e-05, 6.51235241094e-05, 2.7326237614e-05, 1.22624105643e-05, 9.46116415435e-06, 4.80956259707e-06, 2.17658407564e-06, 1.20742708987e-06, 1.02390049506e-06, 6.70039923989e-07, 1.25651422422e-06, 6.14771749952e-07, 3.67471017171e-07, 1.86114448297e-07, 1.95116882651e-07, 2.91945610797e-07, 1.14033269938e-07, 6.66258230808e-08, 2.30449561656e-08, 4.40795799861e-09, 1.21689464061e-10, 3.82488901662e-11, 3.45556028236e-10, 1.3095685425e-08]}, "melbands_skewness": {"dvar2": 4.85507583618, "var": 4.71959161758, "min": -2.76671552658, "dmean": 1.31602728367, "mean": 3.01111912727, "max": 23.8939762115, "dmean2": 2.01523399353, "median": 2.55559515953, "dvar": 2.12862825394}, "barkbands_skewness": {"dvar2": 3.41061544418, "var": 3.25931978226, "min": -1.91154646873, "dmean": 1.11228430271, "mean": 2.21254324913, "max": 16.5342102051, "dmean2": 1.72461307049, "median": 1.81833434105, "dvar": 1.43167233467}, "erbbands": {"dvar2": [1.10349452496, 13.0758705139, 29.1629943848, 805.204284668, 1120.08654785, 3589.79418945, 5006.31738281, 4631.38232422, 7175.36474609, 6004.11376953, 10930.6152344, 6180.01660156, 4467.35888672, 5079.21630859, 3818.42163086, 3311.30493164, 3412.53100586, 6238.93359375, 5335.71337891, 2709.54394531, 1642.62719727, 1172.5748291, 1043.87988281, 1666.95178223, 1496.11645508, 491.110778809, 223.809936523, 243.645324707, 72.6527557373, 17.6485366821, 5.65139341354, 0.673612177372, 0.0286301057786, 0.013097345829, 0.00508257513866, 0.00155857903883, 0.0039490647614, 0.00431940238923, 0.000873304146808, 7.02082661519e-06], "var": [0.567347943783, 5.18430662155, 12.4689836502, 233.529937744, 611.961669922, 1447.19787598, 2283.26367188, 2119.56103516, 3729.70458984, 2887.9128418, 5604.32861328, 2918.95458984, 2555.85693359, 2617.47875977, 2403.10253906, 2042.06176758, 2069.5246582, 4158.46142578, 4022.55444336, 1909.46716309, 1123.22753906, 822.903442383, 813.680664062, 1037.86669922, 936.186218262, 335.467773438, 206.61668396, 171.389221191, 63.9977226257, 14.1442928314, 4.62823724747, 0.341943979263, 0.0111052105203, 0.00496282568201, 0.0019259195542, 0.000596687430516, 0.00255704671144, 0.00425589783117, 0.000844337802846, 6.76091576679e-06], "min": [5.92024491652e-08, 6.88596415443e-08, 1.88793251255e-07, 6.6611261218e-07, 4.38145974613e-07, 1.14952706554e-06, 6.41082260699e-06, 1.19832411656e-05, 7.81799735705e-06, 2.18944824155e-05, 3.17830017593e-05, 2.67774103122e-05, 1.85698190762e-05, 2.14311930904e-05, 4.24026839028e-05, 1.89714373846e-05, 3.86489955417e-05, 4.31502739957e-05, 4.07429797633e-05, 3.58626130037e-05, 5.87064787396e-05, 7.6913216617e-05, 3.28069800162e-05, 2.42971709667e-05, 2.16339376493e-05, 2.20873898797e-05, 2.03676863748e-05, 2.85088735836e-05, 1.31119450089e-05, 7.87648150435e-06, 3.17412263939e-06, 1.20906486245e-06, 1.20875640164e-07, 5.63018573985e-08, 4.36094076406e-08, 3.79809819151e-08, 2.54553043533e-07, 5.15971123605e-07, 4.41742088242e-07, 1.74748606696e-07], "dmean": [0.411664813757, 1.38353681564, 2.29985117912, 4.72710752487, 8.35498332977, 16.8142547607, 22.1376209259, 20.4716205597, 24.923116684, 23.4364509583, 29.996963501, 23.0695858002, 21.7757263184, 19.5266914368, 18.0234851837, 17.5315513611, 17.7656803131, 24.0220756531, 26.7297344208, 18.4292869568, 16.0107288361, 13.2294750214, 12.3039112091, 13.9077110291, 10.6617078781, 6.99509239197, 5.15730285645, 4.54445552826, 2.80387091637, 1.36966824532, 0.719008862972, 0.238383874297, 0.0673943534493, 0.04437161237, 0.027624970302, 0.0154999438673, 0.0197780597955, 0.0233132466674, 0.0107834329829, 0.00128572771791], "mean": [0.495623677969, 1.50294542313, 2.63001203537, 5.18123531342, 9.20260715485, 17.8477172852, 23.595621109, 22.6849517822, 27.9144611359, 28.1062965393, 33.2851600647, 27.0706939697, 26.9976215363, 24.4500179291, 23.0358371735, 22.8415317535, 23.220287323, 32.0591583252, 36.6621055603, 27.017036438, 23.3988513947, 19.7101459503, 17.7944755554, 17.9760608673, 13.8888759613, 9.24071025848, 6.94778776169, 5.73945903778, 3.65283060074, 1.8561296463, 0.98469722271, 0.301738828421, 0.0665051117539, 0.0409563370049, 0.0253803282976, 0.0149119412526, 0.0265299417078, 0.0327926240861, 0.0156370792538, 0.00238132709637], "max": [8.12659454346, 19.5401115417, 49.6843299866, 591.764587402, 557.65838623, 577.08581543, 750.842346191, 596.146057129, 976.871704102, 853.403808594, 1473.73937988, 870.228149414, 798.418823242, 863.14453125, 998.252563477, 902.971740723, 787.933837891, 1064.40234375, 896.526245117, 756.128051758, 505.34552002, 414.695892334, 514.212158203, 541.205627441, 702.895324707, 256.251831055, 268.774902344, 273.262786865, 152.558792114, 68.6658935547, 38.2794685364, 15.2278032303, 0.858125388622, 0.580933213234, 0.362503200769, 0.20079664886, 1.16262722015, 1.18332910538, 0.485632032156, 0.0343356281519], "dmean2": [0.676542580128, 2.31384539604, 3.83918595314, 7.92152023315, 13.7380723953, 27.5914020538, 35.9880752563, 33.1767196655, 39.5623054504, 37.9988441467, 48.4214859009, 37.1662826538, 34.788848877, 30.7767391205, 28.1544742584, 27.4977111816, 28.3360614777, 36.4073867798, 40.5206604004, 28.1266059875, 24.4083366394, 19.852722168, 18.6327285767, 22.0325222015, 16.6228160858, 11.0300064087, 7.76815319061, 6.94577121735, 4.20491886139, 2.06980848312, 1.07665753365, 0.386649101973, 0.11530739814, 0.0763343200088, 0.0475412532687, 0.0265903398395, 0.0312068238854, 0.0342224352062, 0.0160047337413, 0.00189140124712], "median": [0.208107575774, 0.661795258522, 1.44508135319, 2.31020402908, 3.40304160118, 6.89341831207, 7.8401389122, 8.24230289459, 8.67561721802, 9.32217216492, 10.3007011414, 9.69157314301, 9.6282787323, 9.38336086273, 8.87328720093, 8.42207813263, 8.53720855713, 11.2589912415, 15.1727285385, 13.3598279953, 12.3588018417, 10.9091110229, 8.60595321655, 8.07793045044, 6.1961979866, 4.09077596664, 3.15372014046, 2.46693015099, 1.47862589359, 0.838569581509, 0.448820114136, 0.153180673718, 0.0252823010087, 0.0127378609031, 0.0077790399082, 0.00522489286959, 0.014063780196, 0.0147520489991, 0.00777443405241, 0.00165777083021], "dvar": [0.440574288368, 4.91342067719, 11.0455560684, 289.236694336, 466.849365234, 1414.83251953, 2062.36376953, 1924.98364258, 3044.26269531, 2368.87695312, 4638.02539062, 2463.72607422, 1855.0592041, 2073.82226562, 1700.15612793, 1422.70727539, 1422.57043457, 2772.57006836, 2373.71337891, 1177.76037598, 714.68939209, 532.118286133, 481.567901611, 727.797302246, 657.385498047, 215.309509277, 107.588378906, 112.521781921, 36.4005699158, 8.23870754242, 2.6338133812, 0.272055476904, 0.0106768924743, 0.00488731218502, 0.00189700908959, 0.000581235042773, 0.00170283461921, 0.00218206690624, 0.000431079766713, 3.32711351803e-06]}, "silence_rate_30dB": {"dvar2": 0.135187551379, "var": 0.0562788359821, "min": 0, "dmean": 0.0634453818202, "mean": 0.94013863802, "max": 1, "dmean2": 0.126917421818, "median": 1, "dvar": 0.059422262013}, "melbands_spread": {"dvar2": 355.244720459, "var": 312.151367188, "min": 0.462159603834, "dmean": 9.66565704346, "mean": 20.1679992676, "max": 177.650695801, "dmean2": 14.8169240952, "median": 15.8598737717, "dvar": 161.086334229}, "melbands_crest": {"dvar2": 50.8725547791, "var": 57.4370803833, "min": 2.73090863228, "dmean": 5.65296363831, "mean": 17.2433795929, "max": 38.8397026062, "dmean2": 9.13403892517, "median": 15.7921409607, "dvar": 21.3231143951}, "zerocrossingrate": {"dvar2": 0.000415386544773, "var": 0.0012926714262, "min": 0.0009765625, "dmean": 0.0155658116564, "mean": 0.0576470308006, "max": 0.40966796875, "dmean2": 0.018577773124, "median": 0.05029296875, "dvar": 0.000296542333672}, "barkbands_kurtosis": {"dvar2": 1021.83465576, "var": 407.240692139, "min": -1.69988703728, "dmean": 9.34338665009, "mean": 9.99986553192, "max": 385.590209961, "dmean2": 15.4790449142, "median": 3.91570329666, "dvar": 392.191436768}, "spectral_flux": {"dvar2": 0.00368836172856, "var": 0.00343638332561, "min": 0.000185850090929, "dmean": 0.0408400893211, "mean": 0.143305435777, "max": 0.508896768093, "dmean2": 0.0657051056623, "median": 0.136407926679, "dvar": 0.00141539308242}, "barkbands_crest": {"dvar2": 34.7410240173, "var": 24.4277744293, "min": 2.38746237755, "dmean": 4.37291002274, "mean": 11.2391338348, "max": 25.6120471954, "dmean2": 7.42755842209, "median": 10.3316459656, "dvar": 12.2730522156}, "barkbands_flatness_db": {"dvar2": 0.00353969074786, "var": 0.00290432036854, "min": 0.0335152000189, "dmean": 0.0423534885049, "mean": 0.147852480412, "max": 0.387124806643, "dmean2": 0.0686478540301, "median": 0.140847980976, "dvar": 0.00135875702836}, "spectral_entropy": {"dvar2": 0.0734466612339, "var": 0.0967246368527, "min": 6.12849569321, "dmean": 0.211461260915, "mean": 7.5695233345, "max": 8.22548007965, "dmean2": 0.318654745817, "median": 7.61159420013, "dvar": 0.0358530320227}, "pitch_salience": {"dvar2": 0.0287035033107, "var": 0.0265695042908, "min": 0.0484434217215, "dmean": 0.12693631649, "mean": 0.533569157124, "max": 0.897324562073, "dmean2": 0.210307613015, "median": 0.561176717281, "dvar": 0.0107871796936}, "erbbands_spread": {"dvar2": 211.867401123, "var": 241.298095703, "min": 4.07129859924, "dmean": 10.643901825, "mean": 35.4009513855, "max": 102.359062195, "dmean2": 16.4735107422, "median": 34.3988456726, "dvar": 90.4688644409}, "dynamic_complexity": 2.1470553875, "spectral_contrast_valleys": {"dvar2": [0.430858075619, 0.475753903389, 0.319647431374, 0.253628045321, 0.282809436321, 1.41849696636], "var": [0.644689261913, 0.563497006893, 0.453909218311, 0.446315467358, 0.418640911579, 1.00198185444], "min": [-14.7283773422, -12.4827232361, -12.8947544098, -13.4073209763, -13.3011217117, -17.3358058929], "dmean": [0.520523965359, 0.527761459351, 0.441905409098, 0.405894190073, 0.41144567728, 0.857122659683], "mean": [-6.8133187294, -6.31018447876, -6.94035339355, -7.22862434387, -7.29708194733, -11.1369800568], "max": [-5.12363672256, -4.48211193085, -5.12484788895, -5.5157957077, -5.52719068527, -9.06361198425], "dmean2": [0.820997953415, 0.827344179153, 0.679511725903, 0.58751142025, 0.592374801636, 1.42796671391], "median": [-6.67831516266, -6.23913526535, -6.87177181244, -7.18093442917, -7.23059654236, -11.0433969498], "dvar": [0.187962815166, 0.205880835652, 0.144842803478, 0.127386525273, 0.140872165561, 0.528280794621]}, "hfc": {"dvar2": 215.956115723, "var": 276.315673828, "min": 0.000377043383196, "dmean": 9.81171226501, "mean": 22.7570705414, "max": 166.413223267, "dmean2": 14.2383098602, "median": 19.2723388672, "dvar": 101.276069641}, "spectral_kurtosis": {"dvar2": 19.9089107513, "var": 19.3677158356, "min": 2.44783067703, "dmean": 2.67391467094, "mean": 9.63935947418, "max": 86.741027832, "dmean2": 4.11149454117, "median": 8.57222747803, "dvar": 8.74637508392}, "mfcc": {"mean": [-651.743896484, 152.679046631, -23.0302429199, 45.7102165222, -5.37592983246, 17.3933410645, -8.52153873444, 8.40246486664, -0.861564338207, 5.74062347412, 0.830828845501, -0.370077818632, 1.03370201588], "cov": [[2877.81811523, -76.5398635864, -182.585372925, -50.1406822205, -172.580062866, 48.4137229919, -60.1566619873, -17.3039054871, -97.7234039307, 24.7931098938, 8.91978359222, 18.881860733, 0.861547350883], [-76.5398635864, 911.063354492, -63.5694007874, -348.273284912, 17.0919799805, -108.736274719, -75.9077453613, -158.005126953, -4.66861629486, -35.236907959, -4.47036361694, -32.9920806885, -14.681139946], [-182.585372925, -63.5694007874, 621.063354492, 7.79348802567, 106.212295532, -69.9798583984, 106.468894958, 20.4912052155, 83.8930587769, -6.6980714798, 67.4944076538, 51.2231140137, 28.5031013489], [-50.1406822205, -348.273284912, 7.79348802567, 505.887023926, -19.1930427551, 91.1619338989, -25.9345207214, 153.6328125, -31.2618045807, 39.5083732605, -5.32148933411, 17.2090797424, 0.0908356010914], [-172.580062866, 17.0919799805, 106.212295532, -19.1930427551, 383.616546631, -39.368598938, 97.5778579712, -30.7184810638, 58.7125854492, -30.5729904175, 8.5898771286, -10.4592103958, -16.3427906036], [48.4137229919, -108.736274719, -69.9798583984, 91.1619338989, -39.368598938, 267.088104248, 53.5444412231, 57.7811393738, -6.9742474556, 8.71933937073, -23.7292232513, 12.2142858505, 26.9655189514], [-60.1566619873, -75.9077453613, 106.468894958, -25.9345207214, 97.5778579712, 53.5444412231, 203.15788269, 52.9395484924, 44.9500274658, -4.39911413193, 0.475171416998, -0.30116558075, 16.3547363281], [-17.3039054871, -158.005126953, 20.4912052155, 153.6328125, -30.7184810638, 57.7811393738, 52.9395484924, 170.350204468, 25.4647426605, 26.6034984589, 4.22854232788, 11.7033519745, 8.0363368988], [-97.7234039307, -4.66861629486, 83.8930587769, -31.2618045807, 58.7125854492, -6.9742474556, 44.9500274658, 25.4647426605, 108.24974823, 26.3705654144, 17.8377246857, 12.2131290436, 10.4365873337], [24.7931098938, -35.236907959, -6.6980714798, 39.5083732605, -30.5729904175, 8.71933937073, -4.39911413193, 26.6034984589, 26.3705654144, 103.39037323, 40.2136154175, 19.6783084869, 14.4426851273], [8.91978359222, -4.47036361694, 67.4944076538, -5.32148933411, 8.5898771286, -23.7292232513, 0.475171416998, 4.22854232788, 17.8377246857, 40.2136154175, 90.6890563965, 44.6273956299, 12.7747602463], [18.881860733, -32.9920806885, 51.2231140137, 17.2090797424, -10.4592103958, 12.2142858505, -0.30116558075, 11.7033519745, 12.2131290436, 19.6783084869, 44.6273956299, 80.9097976685, 37.5864028931], [0.861547350883, -14.681139946, 28.5031013489, 0.0908356010914, -16.3427906036, 26.9655189514, 16.3547363281, 8.0363368988, 10.4365873337, 14.4426851273, 12.7747602463, 37.5864028931, 73.6402053833]], "icov": [[0.000375204748707, 7.27565493435e-05, 5.8055138652e-05, 0.000144480683957, 8.10138153611e-05, -5.08817211085e-05, 2.53414345934e-05, -3.00460724247e-05, 0.000334990909323, -0.000135177091579, -3.80793644581e-05, -0.000134872330818, 7.62090130593e-05], [7.27565493435e-05, 0.00164725142531, 4.02511323045e-05, 0.00108572898898, -0.000178976959432, 6.57342316117e-05, 0.000747711979784, 0.000225160925766, 0.000141622382216, -1.5163606804e-05, -8.95413395483e-05, 0.000447988248197, -0.000174010259798], [5.8055138652e-05, 4.02511323045e-05, 0.00237130303867, -0.00057146063773, 0.000137458177051, 0.00084115867503, -0.00131582748145, 0.000543939415365, -0.00150528503582, 0.00130055379122, -0.00152907159645, -0.000623666623142, -0.000412577704992], [0.000144480683957, 0.00108572898898, -0.00057146063773, 0.00443106656894, -0.00116131186951, -0.000895403907634, 0.00243904464878, -0.00370682682842, 0.00256326538511, -0.00167733069975, 0.00115719344467, -0.000417184986873, 0.000341356033459], [8.10138153611e-05, -0.000178976959432, 0.000137458177051, -0.00116131186951, 0.0039699585177, 0.00063535006484, -0.00242386595346, 0.00218638777733, -0.00234732334502, 0.0016399041051, -0.000998751726002, 0.000237867774558, 0.000922601553611], [-5.08817211085e-05, 6.57342316117e-05, 0.00084115867503, -0.000895403907634, 0.00063535006484, 0.00513773085549, -0.0020719752647, -0.000107780913822, -5.95678357058e-05, -9.57836255111e-06, 0.00140155700501, -0.00119148439262, -0.00120384967886], [2.53414345934e-05, 0.000747711979784, -0.00131582748145, 0.00243904464878, -0.00242386595346, -0.0020719752647, 0.00906319916248, -0.00393000990152, 6.02097134106e-05, -0.000195487213205, 0.000400013348553, 0.00180897710379, -0.00167100550607], [-3.00460724247e-05, 0.000225160925766, 0.000543939415365, -0.00370682682842, 0.00218638777733, -0.000107780913822, -0.00393000990152, 0.0115345222875, -0.00376621331088, 0.000235881117987, -0.000683144840878, -0.000294467783533, 0.000734326138627], [0.000334990909323, 0.000141622382216, -0.00150528503582, 0.00256326538511, -0.00234732334502, -5.95678357058e-05, 6.02097134106e-05, -0.00376621331088, 0.0146848140284, -0.00489805312827, 0.00146982492879, -0.00103881931864, -0.000343021238223], [-0.000135177091579, -1.5163606804e-05, 0.00130055379122, -0.00167733069975, 0.0016399041051, -9.57836255111e-06, -0.000195487213205, 0.000235881117987, -0.00489805312827, 0.0149440439418, -0.00756288319826, 0.00196332926862, -0.00204449216835], [-3.80793644581e-05, -8.95413395483e-05, -0.00152907159645, 0.00115719344467, -0.000998751726002, 0.00140155700501, 0.000400013348553, -0.000683144840878, 0.00146982492879, -0.00756288319826, 0.0206282064319, -0.0106889856979, 0.00297604640946], [-0.000134872330818, 0.000447988248197, -0.000623666623142, -0.000417184986873, 0.000237867774558, -0.00119148439262, 0.00180897710379, -0.000294467783533, -0.00103881931864, 0.00196332926862, -0.0106889856979, 0.0235041175038, -0.00992793310434], [7.62090130593e-05, -0.000174010259798, -0.000412577704992, 0.000341356033459, 0.000922601553611, -0.00120384967886, -0.00167100550607, 0.000734326138627, -0.000343021238223, -0.00204449216835, 0.00297604640946, -0.00992793310434, 0.0196403749287]]}, "silence_rate_20dB": {"dvar2": 0, "var": 0, "min": 1, "dmean": 0, "mean": 1, "max": 1, "dmean2": 0, "median": 1, "dvar": 0}, "melbands_kurtosis": {"dvar2": 2647.97753906, "var": 1175.80041504, "min": -1.80085539818, "dmean": 15.2435922623, "mean": 18.270816803, "max": 692.001831055, "dmean2": 24.9420413971, "median": 8.57777404785, "dvar": 1078.77038574}, "barkbands_spread": {"dvar2": 175.150604248, "var": 176.828781128, "min": 0.529502093792, "dmean": 8.68775558472, "mean": 19.4748306274, "max": 97.1786193848, "dmean2": 13.4722414017, "median": 16.7516269684, "dvar": 79.3729019165}, "erbbands_skewness": {"dvar2": 0.492062687874, "var": 0.796179890633, "min": -3.39899778366, "dmean": 0.534245073795, "mean": 0.0327597521245, "max": 4.01381158829, "dmean2": 0.7940081954, "median": 0.0974956229329, "dvar": 0.230941310525}, "average_loudness": 0.914453685284, "spectral_centroid": {"dvar2": 328335.78125, "var": 506722.46875, "min": 208.026184082, "dmean": 409.148132324, "mean": 1305.23742676, "max": 4267.56396484, "dmean2": 614.040100098, "median": 1105.73803711, "dvar": 182957.15625}, "dissonance": {"dvar2": 0.000905270513613, "var": 0.000578375998884, "min": 0.32818955183, "dmean": 0.0187529269606, "mean": 0.472323358059, "max": 0.500000119209, "dmean2": 0.030881896615, "median": 0.478821694851, "dvar": 0.000349696783815}, "erbbands_flatness_db": {"dvar2": 0.00135455967393, "var": 0.00198552478105, "min": 0.0601056963205, "dmean": 0.0300451237708, "mean": 0.150187939405, "max": 0.380596727133, "dmean2": 0.0451320968568, "median": 0.144231840968, "dvar": 0.000623664294835}, "spectral_strongpeak": {"dvar2": 1.07492589951, "var": 0.562252223492, "min": 0, "dmean": 0.456339001656, "mean": 0.477585673332, "max": 9.93846893311, "dmean2": 0.767327964306, "median": 0.186751127243, "dvar": 0.443073540926}, "spectral_rms": {"dvar2": 5.06063179273e-06, "var": 7.03189516571e-06, "min": 5.8049818108e-06, "dmean": 0.00172458658926, "mean": 0.00625238753855, "max": 0.0185055080801, "dmean2": 0.00261886673979, "median": 0.00608604261652, "dvar": 2.18506352212e-06}, "silence_rate_60dB": {"dvar2": 0.0531820394099, "var": 0.0193533524871, "min": 0, "dmean": 0.0218487400562, "mean": 0.0197437517345, "max": 1, "dmean2": 0.0432864055037, "median": 0, "dvar": 0.0213725604117}, "melbands": {"dvar2": [6.32203009445e-05, 9.57363045018e-06, 2.29797951761e-05, 9.28790177568e-06, 5.11907865075e-06, 2.18661466533e-06, 1.42700002925e-06, 7.74803197601e-07, 7.20679736332e-07, 2.29059779144e-07, 1.17542185762e-07, 9.24485874521e-08, 5.19360803253e-08, 3.5793366493e-08, 2.11950972329e-08, 1.63465365688e-08, 2.58539643028e-08, 1.85389641416e-08, 6.91043755552e-09, 5.96357274674e-09, 2.24847451769e-09, 1.70304514935e-09, 1.11553610793e-09, 1.3334581217e-09, 1.29592292453e-09, 1.14416454089e-09, 6.37008890081e-10, 2.17158124816e-10, 1.13329699791e-10, 9.1281010528e-11, 9.21003343035e-11, 3.21166704342e-11, 1.09687762345e-11, 5.53374403592e-12, 2.0368088726e-12, 1.71504325498e-12, 5.51141062313e-14, 1.44941635191e-14, 1.11685037981e-14, 8.71864395729e-15], "var": [3.90726199839e-05, 4.17894534621e-06, 8.27406802273e-06, 4.28181920142e-06, 2.38441862166e-06, 1.03124989437e-06, 7.90716740084e-07, 3.65417690773e-07, 3.57741527068e-07, 1.12367416705e-07, 6.65158239599e-08, 4.68772505258e-08, 2.94353679209e-08, 1.95338429876e-08, 1.24754748754e-08, 9.71137659178e-09, 1.69852754084e-08, 1.32201121161e-08, 4.6125574471e-09, 3.71193031867e-09, 1.38308831055e-09, 1.03377306715e-09, 8.29801283242e-10, 7.4542721995e-10, 7.35391580964e-10, 6.72275957125e-10, 3.44290151943e-10, 1.29529068027e-10, 9.49292727759e-11, 6.28486984677e-11, 6.21936738221e-11, 2.67711616764e-11, 7.79270138002e-12, 3.63370228004e-12, 1.65370907072e-12, 8.93702429769e-13, 2.1539952981e-14, 5.49071532124e-15, 4.23013632518e-15, 3.30172532279e-15], "min": [4.46781639463e-10, 9.134523693e-11, 1.03322704559e-10, 4.17600676261e-11, 1.9300883114e-10, 2.74256617416e-10, 1.12880316205e-10, 3.00365149419e-10, 2.51865778234e-10, 1.68879243923e-10, 8.80410674919e-11, 7.58953247471e-11, 1.41877246063e-10, 8.01690658303e-11, 3.68099925541e-11, 1.15573911552e-10, 7.23013870996e-11, 7.81788800364e-11, 2.1715840931e-11, 6.92428198112e-11, 7.46099015903e-11, 9.91119616933e-11, 3.44267288288e-11, 2.10200416101e-11, 2.03128763809e-11, 1.18433336055e-11, 2.04117642927e-11, 1.31944559445e-11, 1.04788139971e-11, 1.43749179227e-11, 1.77627756254e-11, 7.56812494618e-12, 5.04031929041e-12, 3.84808721346e-12, 1.74051474188e-12, 1.38461019993e-12, 4.07914235159e-13, 6.19874702783e-14, 4.96970391543e-14, 4.23199141204e-14], "dmean": [0.00324642052874, 0.00133142306004, 0.000867498340085, 0.000880576204509, 0.0007711732178, 0.000467684789328, 0.000367842498235, 0.000257359497482, 0.000244772963924, 0.000142830394907, 0.000110743400001, 8.21148132673e-05, 6.18599515292e-05, 5.27761185367e-05, 4.47140046163e-05, 3.78789809474e-05, 4.78679030493e-05, 4.75254564662e-05, 2.87458951789e-05, 2.49962540693e-05, 1.84310738405e-05, 1.48096005432e-05, 1.22675919556e-05, 1.20955974126e-05, 1.18332081911e-05, 9.24052346818e-06, 6.70812232784e-06, 4.39500990979e-06, 3.39704138241e-06, 2.89976787826e-06, 2.64811410489e-06, 1.77645335953e-06, 1.04407570234e-06, 6.79414881688e-07, 4.42040573034e-07, 3.14027232662e-07, 8.25487944667e-08, 4.67297383011e-08, 4.09620213304e-08, 3.61635912327e-08], "mean": [0.00437290873379, 0.00158212101087, 0.000999687006697, 0.000970165710896, 0.000841117638629, 0.000521296751685, 0.000420502969064, 0.000306069327053, 0.000266100774752, 0.000165868870681, 0.000134125119075, 9.99984404189e-05, 7.55885266699e-05, 6.59766083118e-05, 5.47738382011e-05, 4.89150770591e-05, 6.13379816059e-05, 6.22158695478e-05, 3.97317526222e-05, 3.3918171539e-05, 2.56567236647e-05, 2.07274206332e-05, 1.71310293808e-05, 1.5600646293e-05, 1.46218526424e-05, 1.12715188152e-05, 8.35373339214e-06, 5.58251986149e-06, 4.48036280432e-06, 3.67331335838e-06, 3.2321775052e-06, 2.25837948165e-06, 1.33519199608e-06, 9.01139401321e-07, 5.91488401369e-07, 4.01856993903e-07, 9.21474878623e-08, 4.28500257499e-08, 3.74870836595e-08, 3.30806955162e-08], "max": [0.0560402087867, 0.0172119755298, 0.0943692699075, 0.0341032147408, 0.0202739741653, 0.0126552172005, 0.0130540765822, 0.0127696478739, 0.0116098998114, 0.00549539504573, 0.00388664659113, 0.00347781949677, 0.00345550151542, 0.00328450161032, 0.00213727727532, 0.00157781783491, 0.00216443324462, 0.00172271369956, 0.00141248700675, 0.00132434628904, 0.000497906061355, 0.000597418460529, 0.000459047412733, 0.000447418220574, 0.000460177776404, 0.000785925542004, 0.000293988647172, 0.000223798764637, 0.000155902263941, 0.000179446942639, 0.000184809410712, 9.84660364338e-05, 6.58954086248e-05, 4.4357861043e-05, 2.50681878242e-05, 2.62881058006e-05, 3.77906167159e-06, 6.12605106198e-07, 5.35442438832e-07, 4.74010306561e-07], "dmean2": [0.00514571461827, 0.00220859539695, 0.0014308973914, 0.00145167473238, 0.00125270220451, 0.000755935208872, 0.000582083070185, 0.000417374656536, 0.000398873555241, 0.000230345758609, 0.000177464069566, 0.000130609914777, 9.72058696789e-05, 8.42171648401e-05, 7.26038051653e-05, 5.99409067945e-05, 7.33603810659e-05, 7.30145402486e-05, 4.42314012616e-05, 3.90288987546e-05, 2.85212390736e-05, 2.27229193115e-05, 1.84883519978e-05, 1.92442548723e-05, 1.90078080777e-05, 1.4676083083e-05, 1.06071911432e-05, 7.02951319909e-06, 5.19947843713e-06, 4.44917077402e-06, 4.11570317738e-06, 2.71992939815e-06, 1.58791738158e-06, 1.05762649127e-06, 6.66425592044e-07, 4.9793652579e-07, 1.38365493285e-07, 8.0382527301e-08, 7.0496341209e-08, 6.22536404649e-08], "median": [0.00200056890026, 0.000880221719854, 0.00045537186088, 0.000376440322725, 0.000308036629576, 0.000188312696991, 0.000130155356601, 0.000100060045952, 8.05408562883e-05, 5.74612495257e-05, 4.62122552563e-05, 3.70210727851e-05, 2.80895401374e-05, 2.4136454158e-05, 1.80570550583e-05, 1.67280413734e-05, 1.9571672965e-05, 2.42182632064e-05, 1.7531991034e-05, 1.57386548381e-05, 1.33563280542e-05, 1.08355834527e-05, 8.26416180644e-06, 6.68287702865e-06, 6.37053972241e-06, 4.88055047754e-06, 3.40940096066e-06, 2.4239020604e-06, 1.9749211333e-06, 1.63068807524e-06, 1.30007526877e-06, 8.70788653629e-07, 5.73576983243e-07, 4.01236945891e-07, 2.62923435912e-07, 1.85509492212e-07, 4.63145362062e-08, 1.32037891731e-08, 1.13732019358e-08, 1.0005409834e-08], "dvar": [2.64287082246e-05, 3.64616926163e-06, 8.43455109134e-06, 3.76257253265e-06, 2.11012525142e-06, 9.10019252842e-07, 6.12371991338e-07, 3.07200309635e-07, 3.01017223592e-07, 9.32040649104e-08, 4.88722022851e-08, 3.78075242224e-08, 2.24506777613e-08, 1.51481565069e-08, 8.95624641117e-09, 6.73745415014e-09, 1.15851088722e-08, 8.16416800831e-09, 2.97549207495e-09, 2.57087751088e-09, 9.51520529036e-10, 7.43974493123e-10, 5.15225584419e-10, 5.51651002656e-10, 5.5003007704e-10, 4.98014629535e-10, 2.61510535449e-10, 9.21965351286e-11, 5.31570412687e-11, 4.00573879622e-11, 4.28037189026e-11, 1.58583493559e-11, 5.04662110712e-12, 2.39869647582e-12, 9.49640431396e-13, 7.00482044331e-13, 2.04728981435e-14, 5.40997402312e-15, 4.16896402925e-15, 3.2544894717e-15]}, "spectral_skewness": {"dvar2": 0.17542886734, "var": 0.240064278245, "min": 0.542607188225, "dmean": 0.317893713713, "mean": 1.88100874424, "max": 6.21624088287, "dmean2": 0.468341350555, "median": 1.84400582314, "dvar": 0.0849209725857}, "melbands_flatness_db": {"dvar2": 0.00312104029581, "var": 0.00360099738464, "min": 0.0628100261092, "dmean": 0.0441779382527, "mean": 0.239793226123, "max": 0.469058990479, "dmean2": 0.0683955699205, "median": 0.234619632363, "dvar": 0.00140082777943}, "spectral_decrease": {"dvar2": 1.31127754431e-16, "var": 1.05884571181e-16, "min": -9.12796593866e-08, "dmean": 6.42393516159e-09, "mean": -1.19794254516e-08, "max": -9.04417576546e-17, "dmean2": 1.00827879379e-08, "median": -9.41280564604e-09, "dvar": 5.34566397305e-17}, "erbbands_crest": {"dvar2": 18.9650497437, "var": 13.0405769348, "min": 2.08999705315, "dmean": 2.97097539902, "mean": 7.98956298828, "max": 26.0147724152, "dmean2": 4.85973834991, "median": 7.20227384567, "dvar": 7.57470846176}, "gfcc": {"mean": [5.90539264679, 99.517791748, -104.892242432, 16.2141609192, -20.7191028595, -20.8724956512, -3.94812178612, -16.3075714111, 0.469982028008, -4.89996910095, -10.0234851837, 2.97249245644, -10.4998321533], "cov": [[2946.98999023, -167.82081604, -61.7678565979, -46.0944099426, -125.276260376, 58.5902442932, -41.9638671875, 22.1479053497, -37.6231803894, 85.3880386353, 43.9205169678, 48.2748260498, 0.466697216034], [-167.82081604, 868.937988281, -16.895778656, -347.835845947, -22.04