{"tonal": {"thpcp": [1, 0.529048204422, 0.451244622469, 0.969329833984, 0.736505746841, 0.20545989275, 0.033800624311, 0.0189404711127, 0.0271832160652, 0.053856972605, 0.0494633615017, 0.0229069069028, 0.0162301007658, 0.0164067465812, 0.031565874815, 0.0574268065393, 0.0471285022795, 0.0351455174387, 0.0373365469277, 0.0249733887613, 0.0223793908954, 0.0195599179715, 0.0171990636736, 0.0603496842086, 0.279121726751, 0.39087754488, 0.176277771592, 0.0256722960621, 0.0167014542967, 0.0109976278618, 0.0125240851194, 0.013514473103, 0.035442057997, 0.0577386654913, 0.0336784534156, 0.51157772541], "hpcp": {"dmean2": [0.018309218809, 0.0171736162156, 0.0187329482287, 0.0274152960628, 0.0324663408101, 0.02205587551, 0.031387142837, 0.0307751763612, 0.0282808560878, 0.0196563713253, 0.0247122813016, 0.0589595995843, 0.118440419436, 0.200476303697, 0.110460087657, 0.0455876663327, 0.0302324667573, 0.0151008460671, 0.0179593600333, 0.0182590857148, 0.0254681259394, 0.0332840532064, 0.0175810400397, 0.0958494246006, 0.179140076041, 0.121929325163, 0.320602178574, 0.130023121834, 0.271438002586, 0.164774149656, 0.0438676662743, 0.0186683945358, 0.0279862042516, 0.0410988666117, 0.0340781211853, 0.0172533616424], "median": [0.00999653153121, 0.0114934043959, 0.0257762111723, 0.0439208000898, 0.0380824431777, 0.0269311517477, 0.0268225707114, 0.0140281505883, 0.012196296826, 0.0130421090871, 0.00855003483593, 0.0299726165831, 0.203967511654, 0.244658797979, 0.0871932953596, 0.0131023535505, 0.00835544988513, 0.006634415593, 0.00682826433331, 0.0083783948794, 0.0210157576948, 0.0202022455633, 0.011106884107, 0.431510686874, 0.839942216873, 0.431898534298, 0.365645766258, 0.963113427162, 0.564911961555, 0.0584533885121, 0.00755013199523, 0.00827009417117, 0.0169672183692, 0.0293515361845, 0.0349339954555, 0.0174819026142], "min": [0.000833608675748, 0.00212459824979, 0.00365158659406, 0.00482787564397, 0.00313934450969, 0.00160713517107, 0.00010175681382, 0.000193161162315, 0.000951493391767, 0.00319203035906, 0.00170942535624, 0.00232776254416, 0.000111959066999, 0.0536740422249, 0.00437264284119, 0.00140404445119, 0.00117952493019, 0.000268462375971, 0.00033054681262, 0.000361302751116, 0.00319992215373, 0.0043656709604, 0.00181952968705, 0.00329954456538, 0.00248993095011, 0.00035366974771, 0.00225327070802, 0.0478804931045, 0.0873859748244, 0.0117224073038, 0.00163470942061, 0.00135988602415, 0.00169853400439, 0.0050235753879, 0.00577650731429, 0.00307801086456], "dvar2": [0.000447700673249, 0.000336814613547, 0.000222059781663, 0.000546120689251, 0.000738215225283, 0.000853331352118, 0.00463656522334, 0.0053719682619, 0.0031092138961, 0.000807050440926, 0.00360964378342, 0.00491262273863, 0.0072780479677, 0.0403074286878, 0.0225007422268, 0.0170206427574, 0.0120525183156, 0.00086834852118, 0.000696839648299, 0.000479742651805, 0.000436703005107, 0.00183911295608, 0.000730631232727, 0.0104753058404, 0.0404016599059, 0.0127002298832, 0.100562497973, 0.0507441647351, 0.0687391981483, 0.0842245295644, 0.0169437471777, 0.00382776535116, 0.00168948248029, 0.00787947699428, 0.0023505713325, 0.000208276687772], "dvar": [0.000164890967426, 0.000116503448226, 8.46608527354e-05, 0.000223312526941, 0.000244763912633, 0.000298742204905, 0.00161917763762, 0.00185739493463, 0.00107363285497, 0.000282115186565, 0.00125546939671, 0.00208184099756, 0.00489376951009, 0.0189765207469, 0.00889141019434, 0.00563573976979, 0.00403892062604, 0.000300134648569, 0.000244554394158, 0.000166676327353, 0.000236818974372, 0.00102895998862, 0.000390076282201, 0.00458208518103, 0.0174212474376, 0.0048961113207, 0.0345761142671, 0.0239458233118, 0.0275599081069, 0.0298296976835, 0.0110118519515, 0.0037023012992, 0.00158499763347, 0.00729847466573, 0.00216470239684, 7.14204361429e-05], "dmean": [0.0100645730272, 0.00965801160783, 0.0115873841569, 0.0189220067114, 0.0203749835491, 0.0137568255886, 0.0194282270968, 0.0168601199985, 0.0157795585692, 0.0110879279673, 0.0130007183179, 0.0339365750551, 0.0857077613473, 0.126991435885, 0.0676927790046, 0.0239104703069, 0.0155594572425, 0.00837058760226, 0.0100666591898, 0.0101511757821, 0.0153494663537, 0.0234054625034, 0.0123872216791, 0.0574867874384, 0.107887938619, 0.0726853907108, 0.177239567041, 0.0909509807825, 0.158670186996, 0.101000696421, 0.0279565583915, 0.0128251770511, 0.0173023603857, 0.02642345801, 0.0213999673724, 0.0097167911008], "max": [0.091422341764, 0.0831511318684, 0.0710974857211, 0.109034836292, 0.099721737206, 0.159800320864, 0.350550979376, 0.282555818558, 0.254819989204, 0.11353366822, 0.239916101098, 0.279976993799, 0.697284221649, 1, 0.659919261932, 0.526635289192, 0.449174135923, 0.113210372627, 0.107392594218, 0.0684278458357, 0.128639996052, 0.317925870419, 0.198506340384, 0.533667743206, 1, 0.655747056007, 1, 1, 1, 1, 1, 0.665380716324, 0.468630313873, 1, 0.571353197098, 0.0551482252777], "var": [0.00015045220789, 0.00011036885553, 0.000206662298297, 0.000544410489965, 0.000363168801414, 0.000294411118375, 0.00106159877032, 0.00107082980685, 0.000633864023257, 0.000194505337276, 0.000726182071958, 0.00311005162075, 0.0199960451573, 0.0581497326493, 0.0222565513104, 0.00296242791228, 0.00208202842623, 0.00017977427342, 0.000174254906597, 0.000136010014103, 0.000677955336869, 0.00401349784806, 0.00156064634211, 0.0061013889499, 0.0218783635646, 0.00765108922496, 0.0749869272113, 0.0615253262222, 0.0708505809307, 0.0578506886959, 0.0100981639698, 0.00365840853192, 0.00182826805394, 0.00830198451877, 0.00289097148925, 9.11235038075e-05], "mean": [0.0136422896758, 0.0137907704338, 0.0265328492969, 0.0482703782618, 0.0396140888333, 0.029541734606, 0.0313834138215, 0.0209915023297, 0.0188111048192, 0.0164411831647, 0.014456756413, 0.0507272183895, 0.234617128968, 0.328554004431, 0.148171126842, 0.0215789731592, 0.0140384882689, 0.00924410950392, 0.0105271805078, 0.0113596552983, 0.0297909937799, 0.0485325157642, 0.0283085871488, 0.430009126663, 0.840554833412, 0.444694012403, 0.379295855761, 0.814774870872, 0.619073450565, 0.172700300813, 0.0284112766385, 0.0159205049276, 0.0228489842266, 0.0452697388828, 0.0415766686201, 0.0192545112222]}, "tuning_equal_tempered_deviation": 0.118268243968, "chords_changes_rate": 0, "key_key": "F#", "tuning_diatonic_strength": 0.570250749588, "key_scale": "major", "chords_number_rate": 0.00847457628697, "tuning_frequency": 434.193115234, "tuning_nontempered_energy_ratio": 0.773104071617, "chords_histogram": [100, 0, 0, 0, 0, 0, 0, 0, 0, 0, 0, 0, 0, 0, 0, 0, 0, 0, 0, 0, 0, 0, 0, 0], "key_strength": 0.566520452499, "chords_key": "F#", "chords_strength": {"dmean2": 0.00389494304545, "median": 0.395760416985, "min": 0.358160287142, "dvar2": 6.63313767291e-06, "dvar": 6.65358356855e-06, "dmean": 0.00312848971225, "max": 0.416036933661, "var": 9.3857270258e-05, "mean": 0.394975274801}, "chords_scale": "major", "hpcp_entropy": {"dmean2": 0.643121659756, "median": 2.39486455917, "min": 1.12115156651, "dvar2": 0.199575260282, "dvar": 0.0774547979236, "dmean": 0.39700999856, "max": 3.41750407219, "var": 0.230804905295, "mean": 2.38386535645}}, "metadata": {"audio_properties": {"equal_loudness": 0, "codec": "flac", "downmix": "mix", "sample_rate": 44100, "analysis_sample_rate": 44100, "bit_rate": 0, "md5_encoded": "6cecdefa01134cc793215e56bbb2d910", "length": 5.40120172501, "replay_gain": -4.94951820374, "lossless": true}, "version": {"essentia_build_sha": "2d9f1f26377add8aeb1075a9c2973f962c4f09fd", "essentia": "2.1-beta2", "extractor": "music 1.0", "essentia_git_sha": "v2.1_beta2-1-ge3940c0"}, "tags": {"title": ["Dayvan Cowboy"], "media": ["10\" Vinyl"], "albumartist": ["Various Artists"], "tracktotal": ["25"], "musicbrainz_releasegroupid": ["f86c7496-9f94-476b-8891-f75df12747d5"], "releasetype": ["album", "compilation"], "musicbrainz_recordingid": ["0d337bb3-2c2e-424c-b172-640cb96d92a2"], "musicbrainz_albumartistid": ["89ad4ac3-39f7-470e-963a-56509c546377"], "originalyear": ["2009"], "djmixer": ["Osymyso"], "musicbrainz_releasetrackid": ["1bc93c0d-b4c5-384a-a197-9fcea1b71386"], "discnumber": ["4"], "album": ["Warp20"], "catalognumber": ["WARP20\u2070"], "releasecountry": ["GB"], "compilation": ["1"], "originaldate": ["2009-09-28"], "albumartistsort": ["Various Artists"], "date": ["2009-09-28"], "file_name": "337bb32c2e424cb172640cb96d92a2.flac", "disctotal": ["10"], "discsubtitle": ["Infinite (disc 1)"], "musicbrainz_artistid": ["69158f97-4c07-4c4e-baf8-4e4ab1ed666e"], "asin": ["B002KER8U4"], "musicbrainz_albumid": ["3d91913e-a9b4-43f7-b1f6-4dd4a7585e63"], "tracknumber": ["1"], "artistsort": ["Boards of Canada"], "artist": ["Boards of Canada"], "label": ["Warp"], "releasestatus": ["official"], "totaldiscs": ["10"], "script": ["Latn"], "totaltracks": ["25"]}}, "rhythm": {"bpm_histogram_first_peak_bpm": {"dmean2": 0, "median": 133, "min": 133, "dvar2": 0, "dvar": 0, "dmean": 0, "max": 133, "var": 0, "mean": 133}, "bpm": 133.693786621, "bpm_histogram_second_peak_spread": {"dmean2": 0, "median": 0, "min": 0, "dvar2": 0, "dvar": 0, "dmean": 0, "max": 0, "var": 0, "mean": 0}, "bpm_histogram_first_peak_weight": {"dmean2": 0, "median": 0.40000000596, "min": 0.40000000596, "dvar2": 0, "dvar": 0, "dmean": 0, "max": 0.40000000596, "var": 0, "mean": 0.40000000596}, "onset_rate": 0.922192871571, "beats_position": [0.406349211931, 0.835918366909, 1.27709746361, 1.72988653183, 2.19428563118, 2.6470746994, 3.08825397491, 3.54104304314, 3.99383211136, 4.43501138687, 4.87619018555], "beats_loudness": {"dmean2": 0.0309038888663, "median": 0.0871353670955, "min": 0.0844151228666, "dvar2": 0.000397450814489, "dvar": 0.000192963023437, "dmean": 0.0176724642515, "max": 0.119534797966, "var": 0.000207693039556, "mean": 0.0963577032089}, "danceability": 0, "bpm_histogram_second_peak_weight": {"dmean2": 0, "median": 0.10000000149, "min": 0.10000000149, "dvar2": 0, "dvar": 0, "dmean": 0, "max": 0.10000000149, "var": 0, "mean": 0.10000000149}, "beats_count": 11, "bpm_histogram_second_peak_bpm": {"dmean2": 0, "median": 140, "min": 140, "dvar2": 0, "dvar": 0, "dmean": 0, "max": 140, "var": 0, "mean": 140}, "bpm_histogram_first_peak_spread": {"dmean2": 0, "median": 0.555555522442, "min": 0.555555522442, "dvar2": 0, "dvar": 0, "dmean": 0, "max": 0.555555522442, "var": 0, "mean": 0.555555522442}, "beats_loudness_band_ratio": {"dmean2": [0.133367329836, 0.06982024014, 0.0627609193325, 0.0529635027051, 0.0131416842341, 0.000519874447491], "median": [0.660381197929, 0.129333272576, 0.0959366932511, 0.0886156633496, 0.037316262722, 0.00064801244298], "min": [0.628978788853, 0.0576409213245, 0.0421199835837, 0.0362476222217, 0.014994641766, 0.00026456444175], "dvar2": [0.00247854623012, 0.00208615092561, 0.00201976974495, 0.00045996758854, 0.000146509162732, 1.01077709758e-07], "dvar": [0.00190890277736, 0.000363243569154, 0.000621219398454, 0.000132149696583, 4.10146931245e-05, 3.78919366995e-08], "dmean": [0.0738592669368, 0.0581817701459, 0.0391020588577, 0.0304754432291, 0.00922508351505, 0.000347802910255], "max": [0.790643155575, 0.174729511142, 0.136068016291, 0.121853895485, 0.041099678725, 0.000955600175075], "var": [0.00319284107536, 0.00201040599495, 0.00092939514434, 0.000459565693745, 6.07328147453e-05, 6.66246862124e-08], "mean": [0.686283528805, 0.11631654948, 0.0883356481791, 0.0917786806822, 0.0332935415208, 0.000592116091866]}}, "lowlevel": {"barkbands_spread": {"dmean2": 3.20941114426, "median": 13.4983882904, "min": 8.31639289856, "dvar2": 10.0674190521, "dvar": 3.67179489136, "dmean": 1.98350095749, "max": 26.0827903748, "var": 8.11863422394, "mean": 13.7566957474}, "melbands_spread": {"dmean2": 3.69970107079, "median": 12.3414487839, "min": 6.40026140213, "dvar2": 18.9245185852, "dvar": 6.50316333771, "dmean": 2.29525256157, "max": 32.0246963501, "var": 10.7902269363, "mean": 12.7495546341}, "hfc": {"dmean2": 5.77514505386, "median": 24.3069343567, "min": 1.93311560154, "dvar2": 20.2926559448, "dvar": 10.0474758148, "dmean": 4.2242231369, "max": 43.6508140564, "var": 42.803817749, "mean": 24.925901413}, "barkbands_kurtosis": {"dmean2": 1.87677752972, "median": 1.87841129303, "min": -1.31242215633, "dvar2": 2.60703825951, "dvar": 0.837668776512, "dmean": 1.23433244228, "max": 8.03967571259, "var": 2.47705101967, "mean": 2.19123029709}, "gfcc": {"mean": [-22.0944137573, 212.038208008, -133.881515503, -2.45163345337, 5.36576557159, 1.27647459507, -16.020198822, -1.54945766926, -5.69540643692, 0.716641247272, -3.60109734535, 4.87010145187, 4.74584531784], "icov": [[0.0108975013718, 0.000291264645057, 0.00634188484401, 0.00154921226203, 0.00976751744747, 0.00104271399323, 0.00360362161882, 0.00683227879927, 0.000714266556315, 0.00467010261491, 0.00226692669094, 0.00323204486631, 0.00774592300877], [0.000291264645057, 0.0762008577585, -0.00920814834535, 0.0833459347486, -0.0484635494649, 0.0785983577371, -0.061063464731, 0.100633338094, -0.0602091699839, 0.0606339983642, -0.0393017716706, 0.0579607672989, -0.0236685276031], [0.00634188484401, -0.00920814834535, 0.0196234006435, -0.00413398910314, 0.0176879391074, -0.0158033333719, 0.0175007916987, -0.00722767831758, 0.0120356362313, -0.00610097730532, 0.0141858914867, -0.00736871082336, 0.00571106793359], [0.00154921226203, 0.0833459347486, -0.00413398910314, 0.11829970777, -0.0525656193495, 0.087235018611, -0.0688152238727, 0.116261988878, -0.0662085413933, 0.0708621516824, -0.0388435572386, 0.0625571906567, -0.0322718471289], [0.00976751744747, -0.0484635494649, 0.0176879391074, -0.0525656193495, 0.0635197460651, -0.0597857162356, 0.0503748618066, -0.0653721317649, 0.0411001183093, -0.0318365879357, 0.0202413350344, -0.0357022844255, 0.0072789802216], [0.00104271399323, 0.0785983577371, -0.0158033333719, 0.087235018611, -0.0597857162356, 0.117833003402, -0.0867747366428, 0.119513936341, -0.0622406303883, 0.0499222911894, -0.0199065767229, 0.0513285212219, -0.0188251622021], [0.00360362161882, -0.061063464731, 0.0175007916987, -0.0688152238727, 0.0503748618066, -0.0867747366428, 0.0935194939375, -0.0912342146039, 0.0608941875398, -0.027485884726, 0.0240941420197, -0.0289159212261, 0.0274334158748], [0.00683227879927, 0.100633338094, -0.00722767831758, 0.116261988878, -0.0653721317649, 0.119513936341, -0.0912342146039, 0.180903181434, -0.0801784768701, 0.0961458981037, -0.022529842332, 0.0738145336509, -0.0344784781337], [0.000714266556315, -0.0602091699839, 0.0120356362313, -0.0662085413933, 0.0411001183093, -0.0622406303883, 0.0608941875398, -0.0801784768701, 0.0997257232666, -0.0566743128002, 0.0463747009635, -0.0378241315484, 0.0174592956901], [0.00467010261491, 0.0606339983642, -0.00610097730532, 0.0708621516824, -0.0318365879357, 0.0499222911894, -0.027485884726, 0.0961458981037, -0.0566743128002, 0.158859491348, -0.0591082908213, 0.0652305707335, -0.019389366731], [0.00226692669094, -0.0393017716706, 0.0141858914867, -0.0388435572386, 0.0202413350344, -0.0199065767229, 0.0240941420197, -0.022529842332, 0.0463747009635, -0.0591082908213, 0.106561914086, -0.0623565167189, 0.0194080080837], [0.00323204486631, 0.0579607672989, -0.00736871082336, 0.0625571906567, -0.0357022844255, 0.0513285212219, -0.0289159212261, 0.0738145336509, -0.0378241315484, 0.0652305707335, -0.0623565167189, 0.109774664044, -0.0454100295901], [0.00774592300877, -0.0236685276031, 0.00571106793359, -0.0322718471289, 0.0072789802216, -0.0188251622021, 0.0274334158748, -0.0344784781337, 0.0174592956901, -0.019389366731, 0.0194080080837, -0.0454100295901, 0.0994340777397]], "cov": [[220.188659668, 18.3667831421, -22.02044487, -5.65014457703, -75.6637039185, -8.3230266571, 12.3483839035, -23.4803123474, 5.12437152863, 0.599594652653, -6.91030311584, -33.3580322266, -35.6034660339], [18.3667831421, 147.60118103, -6.31709718704, -36.5462684631, 9.92362499237, -28.7259979248, -5.93242311478, -30.6034603119, 11.4081029892, 3.13554573059, 20.816028595, -9.6641330719, -2.80336689949], [-22.02044487, -6.31709718704, 107.803947449, -22.1110858917, -27.2631988525, 18.3755531311, -10.5339679718, -8.46768474579, -0.487219452858, 4.81558036804, -13.2934293747, -3.68977832794, -5.77733945847], [-5.65014457703, -36.5462684631, -22.1110858917, 43.8755378723, 9.57352733612, -3.11357855797, 2.19847345352, -0.814301729202, -0.264339983463, -2.64234471321, 2.40078544617, 3.97531700134, 5.94978809357], [-75.6637039185, 9.92362499237, -27.2631988525, 9.57352733612, 75.0091094971, -1.20800483227, -14.8987913132, 6.19619655609, -3.00066041946, -0.579349637032, 12.4380655289, 21.805147171, 21.4129829407], [-8.3230266571, -28.7259979248, 18.3755531311, -3.11357855797, -1.20800483227, 60.5938682556, 32.6314582825, -5.50384473801, -3.64585065842, -0.201950132847, -14.3403949738, -11.1346607208, -9.29158401489], [12.3483839035, -5.93242311478, -10.5339679718, 2.19847345352, -14.8987913132, 32.6314582825, 65.2608566284, 14.1092920303, -7.68897485733, -11.2390565872, -16.9483757019, -23.4544715881, -15.1445198059], [-23.4803123474, -30.6034603119, -8.46768474579, -0.814301729202, 6.19619655609, -5.50384473801, 14.1092920303, 44.8286437988, 2.02379989624, -12.3796138763, -17.5461139679, -5.79324769974, 2.93218827248], [5.12437152863, 11.4081029892, -0.487219452858, -0.264339983463, -3.00066041946, -3.64585065842, -7.68897485733, 2.02379989624, 24.1753616333, 1.9923491478, -6.34834194183, -5.36214065552, -0.4550601542], [0.599594652653, 3.13554573059, 4.81558036804, -2.64234471321, -0.579349637032, -0.201950132847, -11.2390565872, -12.3796138763, 1.9923491478, 14.865650177, 7.99342727661, 1.91987252235, 0.243379488587], [-6.91030311584, 20.816028595, -13.2934293747, 2.40078544617, 12.4380655289, -14.3403949738, -16.9483757019, -17.5461139679, -6.34834194183, 7.99342727661, 32.1337432861, 19.3473567963, 7.23934841156], [-33.3580322266, -9.6641330719, -3.68977832794, 3.97531700134, 21.805147171, -11.1346607208, -23.4544715881, -5.79324769974, -5.36214065552, 1.91987252235, 19.3473567963, 37.8983917236, 17.4054718018], [-35.6034660339, -2.80336689949, -5.77733945847, 5.94978809357, 21.4129829407, -9.29158401489, -15.1445198059, 2.93218827248, -0.4550601542, 0.243379488587, 7.23934841156, 17.4054718018, 22.9575653076]]}, "spectral_energyband_middle_low": {"dmean2": 0.00572455814108, "median": 0.0172534920275, "min": 0.00235492782667, "dvar2": 2.89491690637e-05, "dvar": 1.59676401381e-05, "dmean": 0.00502396468073, "max": 0.0467607453465, "var": 9.70526452875e-05, "mean": 0.0195489153266}, "melbands_crest": {"dmean2": 1.43267798424, "median": 16.5821647644, "min": 10.1933202744, "dvar2": 2.10510730743, "dvar": 1.05581688881, "dmean": 1.22977650166, "max": 20.6238632202, "var": 5.32458257675, "mean": 16.3118057251}, "spectral_kurtosis": {"dmean2": 17.5847949982, "median": 18.8996429443, "min": 4.71915340424, "dvar2": 194.236923218, "dvar": 64.0476608276, "dmean": 10.1232595444, "max": 53.8475456238, "var": 99.931022644, "mean": 20.350643158}, "spectral_rms": {"dmean2": 0.000624316569883, "median": 0.00885701179504, "min": 0.00312293646857, "dvar2": 8.0144968706e-07, "dvar": 4.36356231148e-07, "dmean": 0.000506695883814, "max": 0.0124525539577, "var": 1.25512440263e-06, "mean": 0.0089808749035}, "zerocrossingrate": {"dmean2": 0.0033969222568, "median": 0.02294921875, "min": 0.0048828125, "dvar2": 6.44919236947e-06, "dvar": 4.54992414234e-06, "dmean": 0.00262372591533, "max": 0.0341796875, "var": 1.84766613529e-05, "mean": 0.0230911131948}, "silence_rate_60dB": {"dmean2": 0, "median": 0, "min": 0, "dvar2": 0, "dvar": 0, "dmean": 0, "max": 0, "var": 0, "mean": 0}, "erbbands_kurtosis": {"dmean2": 0.790724694729, "median": -0.45913875103, "min": -1.47114121914, "dvar2": 0.546032786369, "dvar": 0.211193978786, "dmean": 0.470879673958, "max": 1.74796915054, "var": 0.434962302446, "mean": -0.295995265245}, "erbbands": {"dmean2": [0.183476924896, 0.844718575478, 2.63672494888, 1.89494371414, 3.62092351913, 9.85214233398, 31.1074981689, 17.423707962, 14.9396724701, 12.3710260391, 20.5672588348, 23.5325927734, 53.6093292236, 46.7883758545, 64.1472854614, 62.4774971008, 49.5337181091, 40.2480163574, 43.4838294983, 53.0470237732, 23.9417266846, 8.45331573486, 4.4685716629, 2.73470926285, 0.817958593369, 0.334578961134, 0.175277099013, 0.05300751701, 0.0461589507759, 0.0156935416162, 0.00648498861119, 0.00378198944964, 0.00234373449348, 0.00143185025081, 0.00102579104714, 0.000648787477985, 0.000323558022501, 0.000119650314446, 2.21224836423e-05, 1.28949641294e-05], "median": [1.44809925556, 7.08449363708, 15.7033367157, 4.80224084854, 6.49740219116, 13.8138561249, 41.6120262146, 28.9546165466, 27.1251487732, 18.8505973816, 16.0164260864, 24.0703315735, 44.4224853516, 56.4855270386, 67.9544448853, 60.7390327454, 53.2898330688, 53.4382781982, 54.8149719238, 60.8883895874, 30.1855812073, 13.6326408386, 7.12854290009, 2.86625003815, 0.877006292343, 0.423101365566, 0.167426854372, 0.0670751929283, 0.0415492579341, 0.0140711255372, 0.0065347570926, 0.00326451845467, 0.00188655685633, 0.00126877916045, 0.000866054790094, 0.000551245349925, 0.000271700730082, 8.53879610077e-05, 5.21727888554e-05, 9.05301931198e-05], "min": [0.140948995948, 0.691794335842, 1.4075936079, 0.928912818432, 0.286889463663, 2.22380518913, 5.01218366623, 3.71321129799, 1.77051329613, 0.999864339828, 0.612729430199, 3.39091062546, 6.77120733261, 5.88176441193, 1.67922985554, 1.77789783478, 1.72979605198, 1.29038214684, 1.47430610657, 1.1116976738, 0.454129576683, 0.33246037364, 0.289435237646, 0.0937768220901, 0.0699753686786, 0.0835874006152, 0.0500491335988, 0.0237527787685, 0.00936586037278, 0.00463930331171, 0.00255158287473, 0.0013948926935, 0.000890581053682, 0.000644117011689, 0.000499963760376, 0.000306136818836, 0.000130385073135, 3.79258490284e-05, 3.44313157257e-05, 2.90385851258e-05], "dvar2": [0.143039420247, 2.21971917152, 10.9451828003, 7.713514328, 18.7213916779, 89.6229095459, 876.615783691, 316.95223999, 438.255096436, 132.888122559, 536.754760742, 628.812133789, 3115.75561523, 2496.63867188, 2863.37329102, 2799.87451172, 1620.57348633, 1315.8659668, 1274.1159668, 1781.69482422, 513.318847656, 71.9539871216, 21.9645786285, 6.15229272842, 0.973240435123, 0.103607267141, 0.0665177553892, 0.00655425991863, 0.00530846975744, 0.00215546600521, 0.000977669027634, 0.00060366129037, 0.000290543888696, 0.000135373906232, 5.32420272066e-05, 1.61489042512e-05, 3.57801195605e-06, 4.58463802033e-07, 2.28167849059e-08, 3.78076486784e-10], "dvar": [0.0689612478018, 1.30824446678, 6.38668584824, 5.04053258896, 12.1687679291, 41.4829750061, 461.290283203, 195.149627686, 170.458221436, 68.0760650635, 323.080535889, 415.922790527, 1061.9786377, 800.675354004, 1027.29150391, 1044.11572266, 798.777404785, 483.571899414, 527.623901367, 704.510192871, 159.758972168, 25.2036170959, 7.41670608521, 1.84337282181, 0.355239987373, 0.0506921596825, 0.0319477543235, 0.00459446245804, 0.00349065382034, 0.00200069905259, 0.000976957264356, 0.000596034515183, 0.000286999100354, 0.000133813387947, 5.17891712661e-05, 1.5750672901e-05, 3.44002387465e-06, 4.35086320749e-07, 2.24485674494e-08, 2.53124771143e-10], "dmean": [0.137312069535, 1.00037002563, 1.78000283241, 1.40567004681, 2.52172803879, 6.84518098831, 21.1379241943, 14.0315532684, 11.6153116226, 8.98797607422, 14.5230226517, 16.2765750885, 32.1234092712, 28.0992774963, 38.8978385925, 36.0124816895, 31.8794727325, 24.3167743683, 28.5116462708, 31.0111083984, 14.3246831894, 5.1838889122, 2.75990104675, 1.55883228779, 0.517827510834, 0.214737728238, 0.115090578794, 0.0349223390222, 0.0282514113933, 0.0113582201302, 0.00499755050987, 0.00297886412591, 0.00187965133227, 0.0011941237608, 0.000814341299701, 0.000492083432619, 0.000242976500886, 8.85397021193e-05, 1.80012339115e-05, 1.07573869172e-05], "max": [2.87422132492, 13.9234542847, 34.226360321, 30.3023395538, 37.7648391724, 62.9499092102, 196.363555908, 198.991882324, 114.424690247, 82.6296157837, 200.463897705, 243.041030884, 215.380447388, 237.388824463, 206.286270142, 197.913452148, 251.157226563, 155.196624756, 166.009292603, 195.929428101, 81.1759109497, 47.2364692688, 24.6878547668, 9.68632793427, 4.593978405, 1.74924170971, 1.52178442478, 0.892948329449, 0.797834455967, 0.680043876171, 0.485009014606, 0.376114487648, 0.260405004025, 0.177998915315, 0.110979877412, 0.0613003224134, 0.0285519398749, 0.0101182609797, 0.00234883837402, 0.000280556676444], "var": [0.127110272646, 8.03497600555, 26.5008182526, 21.7035942078, 55.8931350708, 174.541946411, 2067.57446289, 1605.59899902, 455.858734131, 242.408798218, 1282.34570313, 2208.68701172, 1521.33276367, 1098.12182617, 1675.17810059, 1799.57287598, 2434.80908203, 751.223571777, 965.066955566, 1288.40197754, 302.031646729, 65.8739852905, 15.331943512, 4.05114555359, 0.717065930367, 0.117097832263, 0.0463349707425, 0.00613501854241, 0.00392324244604, 0.0021533141844, 0.00100300775375, 0.000596384285018, 0.000286122638499, 0.000133553694468, 5.1899914979e-05, 1.58074508363e-05, 3.43576652995e-06, 4.33414271583e-07, 2.26072547349e-08, 6.40905051252e-10], "mean": [1.48013556004, 7.35523176193, 15.7428426743, 6.10397768021, 8.36706066132, 18.2170982361, 56.899723053, 44.7950286865, 30.6573581696, 21.436914444, 29.7350482941, 44.2870788574, 56.1000175476, 57.7233734131, 75.2602996826, 71.5095596313, 67.7762145996, 57.0634422302, 63.5177497864, 67.965965271, 33.3913764954, 14.2705163956, 7.50582408905, 3.33172273636, 1.19019031525, 0.528096139431, 0.227705031633, 0.0879360735416, 0.0567861758173, 0.0225426703691, 0.0103933075443, 0.0054901749827, 0.00326719251461, 0.00217256927863, 0.00147822848521, 0.000894276832696, 0.000436243746663, 0.000145865458762, 6.46035114187e-05, 9.48659580899e-05]}, "spectral_strongpeak": {"dmean2": 0.153561368585, "median": 0.284679859877, "min": 0, "dvar2": 0.0689766928554, "dvar": 0.0319093875587, "dmean": 0.0833265930414, "max": 1.28502571583, "var": 0.0420728437603, "mean": 0.378347337246}, "spectral_energy": {"dmean2": 0.0111295850947, "median": 0.0804086625576, "min": 0.00999655015767, "dvar2": 0.000230866513448, "dvar": 0.000118995223602, "dmean": 0.00917311292142, "max": 0.158942759037, "var": 0.000421693781391, "mean": 0.0839590206742}, "average_loudness": 0.987598776817, "spectral_rolloff": {"dmean2": 305.084594727, "median": 559.86328125, "min": 150.732421875, "dvar2": 89698.765625, "dvar": 31851.7128906, "dmean": 181.876998901, "max": 1485.79101563, "var": 53692.078125, "mean": 591.426879883}, "spectral_centroid": {"dmean2": 108.818367004, "median": 755.134155273, "min": 510.346466064, "dvar2": 13145.6445313, "dvar": 4918.96289063, "dmean": 73.2560806274, "max": 1122.41186523, "var": 15781.5205078, "mean": 754.874084473}, "pitch_salience": {"dmean2": 0.0518254972994, "median": 0.474185854197, "min": 0.304449528456, "dvar2": 0.00246350467205, "dvar": 0.00117096072063, "dmean": 0.0385831668973, "max": 0.668879330158, "var": 0.00515238475055, "mean": 0.468658149242}, "spectral_energyband_middle_high": {"dmean2": 0.00425449106842, "median": 0.0100617539138, "min": 0.000394914386561, "dvar2": 1.27039565996e-05, "dvar": 4.47385400548e-06, "dmean": 0.00277046998963, "max": 0.0202984604985, "var": 1.08436315713e-05, "mean": 0.0102794123814}, "spectral_contrast_coeffs": {"dmean2": [0.0478838793933, 0.076854750514, 0.0686873197556, 0.0528138317168, 0.0422049500048, 0.0249887760729], "median": [-0.664252519608, -0.723600804806, -0.78534245491, -0.790998280048, -0.730176687241, -0.764061570168], "min": [-0.854898631573, -0.9179494977, -0.872545540333, -0.867746651173, -0.883037507534, -0.948722422123], "dvar2": [0.00176984444261, 0.00408602785319, 0.00304574309848, 0.00147275906056, 0.0010648095049, 0.000420188618591], "dvar": [0.000803498202004, 0.0014272145927, 0.00102259474806, 0.000513800710905, 0.00046919164015, 0.0001897161128], "dmean": [0.0301565080881, 0.0445039570332, 0.0391185320914, 0.029598576948, 0.025304319337, 0.015534398146], "max": [-0.536500990391, -0.547823369503, -0.670727074146, -0.703046023846, -0.652926206589, -0.704333245754], "var": [0.00227619265206, 0.00275469571352, 0.00128731341101, 0.000809645629488, 0.000937838747632, 0.000516664469615], "mean": [-0.663692772388, -0.719953238964, -0.784655928612, -0.79030174017, -0.729703485966, -0.764382064342]}, "melbands_skewness": {"dmean2": 0.549057126045, "median": 2.65733146667, "min": 1.29121887684, "dvar2": 0.212223514915, "dvar": 0.0755892470479, "dmean": 0.373454421759, "max": 4.46138143539, "var": 0.308381915092, "mean": 2.71256804466}, "spectral_spread": {"dmean2": 295545.125, "median": 1396931, "min": 1032814.875, "dvar2": 761819299840, "dvar": 1080861720580.0, "dmean": 215675.765625, "max": 19400608, "var": 1458514034690.0, "mean": 1505661.5}, "dissonance": {"dmean2": 0.0238122157753, "median": 0.465782284737, "min": 0.293024420738, "dvar2": 0.000504181021824, "dvar": 0.000266975548584, "dmean": 0.0141853336245, "max": 0.496767401695, "var": 0.000373202085029, "mean": 0.463457196951}, "spectral_skewness": {"dmean2": 1.15610587597, "median": 2.47709083557, "min": 1.41788077354, "dvar2": 0.895031690598, "dvar": 0.295879900455, "dmean": 0.666088342667, "max": 5.4729924202, "var": 0.514534115791, "mean": 2.5809636116}, "spectral_flux": {"dmean2": 0.0199949853122, "median": 0.0774689018726, "min": 0.0552007555962, "dvar2": 0.000492402701639, "dvar": 0.000273266603472, "dmean": 0.0127285849303, "max": 0.213960364461, "var": 0.000585505971685, "mean": 0.0833965092897}, "spectral_contrast_valleys": {"dmean2": [0.38272574544, 0.510640382767, 0.486564606428, 0.427010565996, 0.353807240725, 0.269713610411], "median": [-5.96193313599, -6.03954124451, -6.07091093063, -6.48159599304, -8.38639068604, -12.5531082153], "min": [-7.13416528702, -7.40184354782, -6.90776538849, -8.08290481567, -9.1756696701, -12.9526357651], "dvar2": [0.116434462368, 0.255521833897, 0.144270062447, 0.117307037115, 0.0829682424664, 0.0985247120261], "dvar": [0.0435005016625, 0.0859504491091, 0.0472749359906, 0.044349540025, 0.0339915081859, 0.0641723796725], "dmean": [0.228194177151, 0.320979177952, 0.283360809088, 0.258999198675, 0.217732682824, 0.178267940879], "max": [-5.40657329559, -5.30047559738, -5.42150211334, -5.93715429306, -7.28183317184, -9.65308856964], "var": [0.122827708721, 0.139886260033, 0.0779462978244, 0.0679168254137, 0.0914979055524, 0.108583249152], "mean": [-6.00243616104, -6.07051944733, -6.10115909576, -6.51322460175, -8.35030651093, -12.5057411194]}, "erbbands_flatness_db": {"dmean2": 0.0140961185098, "median": 0.248639732599, "min": 0.112464107573, "dvar2": 0.000183376905625, "dvar": 0.000114525093522, "dmean": 0.00918895099312, "max": 0.273829579353, "var": 0.000204329480766, "mean": 0.247836232185}, "spectral_energyband_high": {"dmean2": 6.50333322483e-06, "median": 8.46278180688e-06, "min": 2.8615447718e-06, "dvar2": 1.46319095728e-10, "dvar": 1.06802684752e-10, "dmean": 4.53281199952e-06, "max": 0.000145734869875, "var": 1.31711461182e-10, "mean": 1.09334050649e-05}, "spectral_entropy": {"dmean2": 0.133713543415, "median": 6.99986076355, "min": 6.64804935455, "dvar2": 0.0145246228203, "dvar": 0.0080994181335, "dmean": 0.0869221910834, "max": 7.92616605759, "var": 0.0205699056387, "mean": 6.99687433243}, "silence_rate_20dB": {"dmean2": 0, "median": 1, "min": 1, "dvar2": 0, "dvar": 0, "dmean": 0, "max": 1, "var": 0, "mean": 1}, "melbands_flatness_db": {"dmean2": 0.0171331632882, "median": 0.359872877598, "min": 0.265828251839, "dvar2": 0.000352772884071, "dvar": 0.000177005102159, "dmean": 0.0123694688082, "max": 0.407956749201, "var": 0.000524262548424, "mean": 0.358872562647}, "barkbands": {"dmean2": [0.00118090410251, 0.00435797730461, 0.00216540438123, 0.000663030717988, 0.00338204484433, 0.00223577790894, 0.00101068732329, 0.000943924707826, 0.00116621190682, 0.00190371728968, 0.00155589240603, 0.00194221839774, 0.0011350561399, 0.000937294040341, 0.0011372899171, 0.000462786789285, 0.000165337114595, 8.96877681953e-05, 2.68862968369e-05, 7.58711257731e-06, 2.74894409813e-06, 1.08305528101e-06, 2.54167673575e-07, 1.52658103048e-07, 1.31107412926e-07, 1.70372999264e-07, 1.32591864599e-07], "median": [0.00350321480073, 0.0394314080477, 0.00993679836392, 0.00127626140602, 0.00623732898384, 0.00410519214347, 0.00114118307829, 0.000549107789993, 0.00127179443371, 0.00127078162041, 0.00128881982528, 0.00178780709393, 0.00111783621833, 0.0010511057917, 0.00125052640215, 0.000530001008883, 0.00021149974782, 0.000111277091492, 2.54727110587e-05, 7.80563823355e-06, 2.78622223959e-06, 1.00159104477e-06, 2.41541727064e-07, 1.2461136123e-07, 1.07454866338e-07, 1.3865437154e-07, 8.13569869251e-08], "min": [0.00250441255048, 0.00364369573072, 0.0011354238959, 0.000127128645545, 0.000550709082745, 0.000324572873069, 4.46984959126e-05, 1.60742165463e-05, 0.000183601689059, 0.000228089484153, 5.09906458319e-05, 4.17617957282e-05, 3.99478631152e-05, 3.02195039694e-05, 2.39046803472e-05, 1.01333071143e-05, 5.03385581396e-06, 4.53408165413e-06, 1.59528394761e-06, 1.77256026745e-06, 7.7079738503e-07, 1.8725008033e-07, 7.74357147293e-08, 5.95206941512e-08, 5.76526488771e-08, 7.64769580996e-08, 4.40383978173e-08], "dvar2": [6.03795524512e-06, 7.11505635991e-05, 6.98545136402e-06, 8.89012255811e-07, 1.06462985059e-05, 3.5341408875e-06, 1.85429530575e-06, 9.49699938246e-07, 1.47680952978e-06, 5.75868853048e-06, 1.64393281921e-06, 3.41430950357e-06, 9.02689350823e-07, 5.51823063688e-07, 8.00295424597e-07, 1.70335738403e-07, 2.79044165552e-08, 8.19791345918e-09, 7.1254524503e-10, 6.34121297138e-11, 1.28233916541e-11, 3.42872084891e-12, 1.3343508156e-12, 1.18111109001e-12, 1.0638377115e-12, 1.03674924548e-12, 1.15742289884e-12], "dvar": [2.2232406991e-06, 4.00874960178e-05, 4.15178010371e-06, 6.11435211795e-07, 5.70456040805e-06, 1.74642866568e-06, 7.7321669778e-07, 5.72825911149e-07, 1.0043961538e-06, 1.86797251445e-06, 5.94733194248e-07, 1.25008057239e-06, 4.18513934619e-07, 2.20910905568e-07, 3.11280388132e-07, 5.87955248932e-08, 1.05405222328e-08, 2.74785727505e-09, 2.47763254357e-10, 2.76010776734e-11, 7.12891898291e-12, 2.63125177029e-12, 1.3205121675e-12, 1.16674064073e-12, 1.04501151656e-12, 9.99845388774e-13, 1.13673968242e-12], "dmean": [0.000678415759467, 0.0044715530239, 0.00154112582095, 0.000489435333293, 0.00251115509309, 0.00164182076696, 0.000754857028369, 0.000644642394036, 0.000812674872577, 0.00110559538007, 0.000900329672731, 0.00116295542102, 0.000736469810363, 0.000562814471778, 0.000669727975037, 0.000269682117505, 0.000105049541162, 5.29251556145e-05, 1.62894029927e-05, 4.96376651427e-06, 1.80655081294e-06, 6.7938981374e-07, 1.97048095174e-07, 1.22274542491e-07, 1.07516967773e-07, 1.26943902501e-07, 1.0856130217e-07], "max": [0.0170931816101, 0.0759884119034, 0.0269952062517, 0.0100885313004, 0.023124743253, 0.0188523959368, 0.006935226731, 0.00852230284363, 0.00904674455523, 0.00985530856997, 0.0048859892413, 0.00698869302869, 0.00545625062659, 0.00307882064953, 0.00402855873108, 0.00163477822207, 0.000826201227028, 0.000457962771179, 0.000106854975456, 4.35181536886e-05, 2.71554254141e-05, 2.32290803979e-05, 1.77439087565e-05, 1.66205045389e-05, 1.57388276421e-05, 1.53909040819e-05, 1.63840213645e-05], "var": [1.80166387054e-06, 0.000154345267219, 1.63995100593e-05, 2.71370686278e-06, 2.61212662735e-05, 1.2464169231e-05, 2.01306056624e-06, 1.96963901544e-06, 4.63028572995e-06, 1.89646107174e-06, 8.97993288618e-07, 2.37716108131e-06, 1.23177858313e-06, 3.74788669433e-07, 5.63892967875e-07, 1.00343008569e-07, 2.56309320434e-08, 4.86272844213e-09, 5.42188682839e-10, 6.07316419377e-11, 1.08235503893e-11, 3.12429943028e-12, 1.35727041585e-12, 1.16493978092e-12, 1.04500858921e-12, 9.98623059245e-13, 1.13670715635e-12], "mean": [0.00369380740449, 0.0405417792499, 0.0101329097524, 0.0018017400289, 0.0076476931572, 0.00476362463087, 0.00163521943614, 0.0011360028293, 0.00220932904631, 0.00165405706502, 0.00151367264334, 0.00213351123966, 0.00149207061622, 0.0011556741083, 0.00143653817941, 0.000595605699345, 0.000241696994635, 0.000122732279124, 3.46766828443e-05, 1.07291725726e-05, 3.68481209989e-06, 1.42980536566e-06, 3.92079869016e-07, 2.16969880285e-07, 1.89861168565e-07, 2.26133579417e-07, 1.67119878824e-07]}, "erbbands_skewness": {"dmean2": 0.353544265032, "median": -0.510137319565, "min": -1.26027750969, "dvar2": 0.0785866528749, "dvar": 0.0363114066422, "dmean": 0.226785197854, "max": 0.54172295332, "var": 0.120342023671, "mean": -0.477642804384}, "erbbands_spread": {"dmean2": 5.56716060638, "median": 24.5421104431, "min": 16.0478935242, "dvar2": 19.7939090729, "dvar": 6.92736816406, "dmean": 3.34976911545, "max": 35.2972183228, "var": 17.824552536, "mean": 24.4118480682}, "melbands_kurtosis": {"dmean2": 4.09854984283, "median": 7.51875686646, "min": 0.406183689833, "dvar2": 12.990685463, "dvar": 4.55415487289, "dmean": 2.66026568413, "max": 22.1091651917, "var": 13.491106987, "mean": 8.13744449615}, "melbands": {"dmean2": [0.0013633898925, 0.00122939876746, 0.000338093697792, 0.000303820939735, 0.00101044843905, 0.000374515599106, 0.000232963473536, 0.000156480731675, 0.000162268377608, 0.000158093127538, 0.000286981347017, 0.000199553353013, 0.000220754140173, 0.000259692664258, 0.000113232839794, 0.000111589331937, 8.04506416898e-05, 7.71270570112e-05, 8.77254351508e-05, 4.20258402301e-05, 3.15869074257e-05, 1.02598096419e-05, 4.88540399601e-06, 5.19449622516e-06, 2.14874012272e-06, 9.01534860986e-07, 4.31749754171e-07, 2.29445490163e-07, 1.51885501509e-07, 5.04106374422e-08, 2.97158777585e-08, 3.45283091008e-08, 1.35107294241e-08, 7.64906271655e-09, 4.23194812527e-09, 2.84221934876e-09, 2.41667885703e-09, 1.82347026367e-09, 1.38503164493e-09, 1.20085863475e-09], "median": [0.0112282447517, 0.00910387560725, 0.00101209059358, 0.000595061806962, 0.00146686565131, 0.000616767909378, 0.000422207667725, 0.000199038724531, 0.000143633878906, 0.000162602664204, 0.000220708025154, 0.000218433386181, 0.000193632120499, 0.000227771553909, 0.000107896128611, 0.000110976172436, 8.66841583047e-05, 8.67610360729e-05, 9.67600935837e-05, 5.09345991304e-05, 3.1391493394e-05, 1.28744995891e-05, 7.03074965713e-06, 5.41374902241e-06, 1.71411670635e-06, 8.13957001355e-07, 3.57223086667e-07, 2.35538607285e-07, 1.07235280211e-07, 4.63784459726e-08, 3.52544375914e-08, 2.7960751936e-08, 1.07643121083e-08, 5.85713966217e-09, 4.10837364129e-09, 2.27583019097e-09, 1.81748149863e-09, 1.30915867036e-09, 1.04610231588e-09, 9.2914231864e-10], "min": [0.00125688698608, 0.000818801112473, 0.000142103308463, 6.59534707665e-05, 0.000168667451362, 8.88949798536e-05, 2.42675614572e-05, 8.8087608674e-06, 3.63854383068e-06, 2.29765100812e-05, 3.02591051877e-05, 2.37629701587e-05, 5.63575804335e-06, 4.63974765808e-06, 5.20366802448e-06, 2.95889140034e-06, 2.35436414187e-06, 2.55359805124e-06, 2.09766017178e-06, 8.46334955895e-07, 4.63515419824e-07, 2.69730321634e-07, 4.88443106406e-07, 9.75294867089e-08, 7.32318952146e-08, 6.0035894478e-08, 4.79166146761e-08, 4.44303331903e-08, 2.14569766399e-08, 1.50874193139e-08, 1.23877024194e-08, 5.63237367857e-09, 1.69475722345e-09, 2.33221375545e-09, 1.32137289999e-09, 8.50626125093e-10, 5.63206148385e-10, 4.98714236574e-10, 4.7837478423e-10, 4.0585546035e-10], "dvar2": [7.21841524864e-06, 2.99527164316e-06, 2.10010057344e-07, 7.04358313897e-08, 9.62763351708e-07, 1.29958124262e-07, 9.70715987592e-08, 2.16910809314e-08, 3.66509524952e-08, 2.31366623638e-08, 9.18922467008e-08, 5.75607224107e-08, 3.46235573545e-08, 6.17132229763e-08, 8.13376477282e-09, 9.56977874722e-09, 4.88050844183e-09, 3.90337806522e-09, 5.57413670776e-09, 1.13065068419e-09, 8.78401351656e-10, 1.14244627647e-10, 1.47608539974e-11, 2.47826949934e-11, 4.30898546011e-12, 9.66187524952e-13, 2.25729157588e-13, 6.54262817426e-14, 5.21131125449e-14, 4.03809870944e-15, 1.742157143e-15, 2.051250371e-15, 1.05484295174e-15, 5.71445748607e-16, 3.22550516891e-16, 2.67173726261e-16, 2.13352538109e-16, 1.45430064564e-16, 1.16322174379e-16, 8.98318873152