{"tonal": {"thpcp": [1, 0.96235537529, 0.924726128578, 0.568980515003, 0.348977982998, 0.71031910181, 0.947566926479, 0.640320181847, 0.306490838528, 0.210476145148, 0.228202998638, 0.368446111679, 0.438328564167, 0.370444774628, 0.401497155428, 0.378717511892, 0.258218109608, 0.280202358961, 0.34024938941, 0.371725320816, 0.681380629539, 0.900959253311, 0.605456113815, 0.320930153131, 0.248302951455, 0.248336851597, 0.471537768841, 0.652649283409, 0.459161192179, 0.274918317795, 0.254458189011, 0.245528906584, 0.335321784019, 0.414792448282, 0.471129655838, 0.800900757313], "hpcp": {"dmean2": [0.188251584768, 0.17617996037, 0.157887518406, 0.160974368453, 0.18925756216, 0.234095498919, 0.276799768209, 0.283847391605, 0.270392894745, 0.205078408122, 0.158550396562, 0.159239366651, 0.194468304515, 0.215248033404, 0.190695524216, 0.151029482484, 0.154080957174, 0.1678712219, 0.19709263742, 0.231577217579, 0.280185610056, 0.360168814659, 0.322508811951, 0.359249532223, 0.360385477543, 0.249377384782, 0.228356420994, 0.298923671246, 0.300241082907, 0.284428775311, 0.222191184759, 0.158056870103, 0.162350907922, 0.198546737432, 0.215674489737, 0.203070417047], "median": [0.0279004909098, 0.025335887447, 0.0268713124096, 0.0363067835569, 0.0422868654132, 0.050750721246, 0.1118882671, 0.142576754093, 0.0862895026803, 0.0374466925859, 0.0304834507406, 0.032333098352, 0.0702052637935, 0.0904677584767, 0.0637054145336, 0.0387711040676, 0.0304845217615, 0.024366542697, 0.0434424355626, 0.0537290461361, 0.062643006444, 0.118451677263, 0.13644605875, 0.212540537119, 0.200422555208, 0.114458024502, 0.0381281599402, 0.110877133906, 0.147906377912, 0.0769227296114, 0.0239254236221, 0.0162922795862, 0.023754440248, 0.0479481033981, 0.0597926564515, 0.0483792647719], "min": [0, 0, 0, 0, 0, 0, 0, 0, 0, 0, 0, 0, 0, 0, 0, 0, 0, 0, 0, 0, 0, 0, 0, 0, 0, 0, 0, 0, 0, 0, 0, 0, 0, 0, 0, 0], "dvar2": [0.092803016305, 0.0894012749195, 0.0699758604169, 0.0646493509412, 0.0767057985067, 0.0984865501523, 0.1068123281, 0.112675078213, 0.107727952302, 0.0957363396883, 0.0679394304752, 0.0650378316641, 0.0675728917122, 0.079931512475, 0.0711598172784, 0.0612124837935, 0.0754833593965, 0.0896407812834, 0.0991353169084, 0.113323427737, 0.140901342034, 0.179081633687, 0.143873736262, 0.142570465803, 0.149941027164, 0.0965770184994, 0.107800647616, 0.120923489332, 0.126854449511, 0.124290145934, 0.109029434621, 0.0704866051674, 0.0730044916272, 0.0858266055584, 0.0960514768958, 0.0912373587489], "dvar": [0.0360821001232, 0.0352381058037, 0.0247762557119, 0.0236091986299, 0.0293613690883, 0.0362972654402, 0.0394505634904, 0.0467110425234, 0.0400230996311, 0.0350170917809, 0.0246120765805, 0.023055749014, 0.0257677752525, 0.0331634432077, 0.0266196914017, 0.0223253685981, 0.0273292977363, 0.0322529003024, 0.0364125780761, 0.0418009720743, 0.0499300509691, 0.0622994191945, 0.0607887506485, 0.0548577345908, 0.0570032447577, 0.0359369590878, 0.039094530046, 0.0463936440647, 0.0530616305768, 0.0478540994227, 0.0397056676447, 0.0260021053255, 0.0265221875161, 0.0318265073001, 0.0357787013054, 0.0323789939284], "dmean": [0.108058020473, 0.100837573409, 0.0889293700457, 0.0912299454212, 0.106801837683, 0.131084769964, 0.160676375031, 0.167845398188, 0.155277177691, 0.115157842636, 0.0884144827724, 0.088593095541, 0.114326298237, 0.130933105946, 0.111626513302, 0.0866054296494, 0.0870522782207, 0.0926307663321, 0.110589973629, 0.130138888955, 0.156255841255, 0.204722493887, 0.188558459282, 0.2079295367, 0.206370815635, 0.141497150064, 0.127360865474, 0.174196794629, 0.176817163825, 0.165932998061, 0.122451037169, 0.0868480876088, 0.0896670222282, 0.113123960793, 0.123766385019, 0.115067385137], "max": [1, 1, 1, 1, 1, 1, 1, 1, 1, 1, 1, 1, 1, 1, 1, 1, 1, 1, 1, 1, 1, 1, 1, 1, 1, 1, 1, 1, 1, 1, 1, 1, 1, 1, 1, 1], "var": [0.0614622272551, 0.0605028495193, 0.023705476895, 0.0226205121726, 0.0313576422632, 0.0337727740407, 0.0662066489458, 0.109709821641, 0.0607093982399, 0.0318655185401, 0.0204649437219, 0.0196513459086, 0.0415483340621, 0.0749156475067, 0.0405154190958, 0.0214300379157, 0.024374499917, 0.0262462459505, 0.0321671664715, 0.0415163449943, 0.0488882437348, 0.0905758962035, 0.133792102337, 0.0958420112729, 0.098551414907, 0.0471016652882, 0.0349531434476, 0.0746567547321, 0.120744988322, 0.0761027261615, 0.0343071855605, 0.0208932925016, 0.0213103629649, 0.0340643487871, 0.04435159266, 0.034157063812], "mean": [0.13217613101, 0.124676883221, 0.0850075036287, 0.0922448933125, 0.11201287061, 0.122374996543, 0.224316045642, 0.296603113413, 0.199321076274, 0.105652816594, 0.0817433521152, 0.0817545130849, 0.155234068632, 0.214857459068, 0.151159599423, 0.0905053466558, 0.0837697014213, 0.0808301120996, 0.110390655696, 0.136553049088, 0.155099719763, 0.263663053513, 0.329208135605, 0.31681522727, 0.304427355528, 0.187313020229, 0.114886395633, 0.233842819929, 0.311946749687, 0.210798606277, 0.100899279118, 0.069290459156, 0.0751262828708, 0.121295459569, 0.144301325083, 0.121953435242]}, "tuning_equal_tempered_deviation": 0.258496493101, "chords_changes_rate": 0.0714696273208, "key_key": "E", "tuning_diatonic_strength": 0.583051323891, "key_scale": "major", "chords_number_rate": 0.00249089859426, "tuning_frequency": 434.193115234, "tuning_nontempered_energy_ratio": 0.93863594532, "chords_histogram": [19.3332061768, 7.66430330276, 15.9800729752, 0.229929104447, 17.7045402527, 4.67522525787, 2.56754159927, 0.0383215174079, 0.153286069632, 0.0383215174079, 0, 0, 0.900555670261, 1.30293154716, 0, 1.09216320515, 0.498179733753, 3.00823903084, 0.114964552224, 1.43705689907, 0.19160759449, 5.28836965561, 10.7491855621, 7.03199863434], "key_strength": 0.724141955376, "chords_key": "E", "chords_strength": {"dmean2": 0.0106801958755, "median": 0.482410758734, "min": -1, "dvar2": 0.000865738780703, "dvar": 0.0004990065936, "dmean": 0.0108883315697, "max": 0.768251359463, "var": 0.0648096874356, "mean": 0.444706320763}, "chords_scale": "major", "hpcp_entropy": {"dmean2": 0.961356401443, "median": 2.45779299736, "min": 0, "dvar2": 0.628877162933, "dvar": 0.228183493018, "dmean": 0.573581576347, "max": 4.46025705338, "var": 0.640779435635, "mean": 2.38148856163}}, "metadata": {"audio_properties": {"equal_loudness": 0, "codec": "flac", "downmix": "mix", "sample_rate": 44100, "analysis_sample_rate": 44100, "bit_rate": 0, "md5_encoded": "7a5e2e5d80422109644cdda1f3f3433a", "length": 242.306671143, "replay_gain": -13.9847450256, "lossless": true}, "version": {"essentia_build_sha": "cead25079874084f62182a551b7393616cd33d87", "essentia": "2.1-beta2", "extractor": "music 1.0", "essentia_git_sha": "v2.1_beta2-1-ge3940c0"}, "tags": {"title": ["Get Your Crayons Out"], "artist": ["Preston School of Industry"], "musicbrainz_albumartistid": ["89ad4ac3-39f7-470e-963a-56509c546377"], "date": ["2006-00-00"], "file_name": "07-Preston_School_of_Industry-Get_Your_Crayons_Out.flac", "musicbrainz_albumid": ["c6ef3360-4c80-480a-84d4-9321e22a6a40"], "album": ["Every Day Is Saturday"], "tracknumber": ["7"], "compilation": ["1"], "musicbrainz_artistid": ["82612071-cfe2-4228-8ca0-bc96e02f5409"], "musicbrainz_recordingid": ["0d394040-ad55-4ba5-9774-ba8899e22737"]}}, "rhythm": {"bpm_histogram_first_peak_bpm": {"dmean2": 0, "median": 140, "min": 140, "dvar2": 0, "dvar": 0, "dmean": 0, "max": 140, "var": 0, "mean": 140}, "bpm": 138.522491455, "bpm_histogram_second_peak_spread": {"dmean2": 0, "median": 0.416666686535, "min": 0.416666686535, "dvar2": 0, "dvar": 0, "dmean": 0, "max": 0.416666686535, "var": 0, "mean": 0.416666686535}, "bpm_histogram_first_peak_weight": {"dmean2": 0, "median": 0.580180168152, "min": 0.580180168152, "dvar2": 0, "dvar": 0, "dmean": 0, "max": 0.580180168152, "var": 0, "mean": 0.580180168152}, "onset_rate": 4.20925045013, "beats_position": [0.441179126501, 0.882358253002, 1.3235373497, 1.77632653713, 2.22911548615, 2.67029476166, 3.11147379875, 3.54104304314, 3.97061228752, 4.41179132462, 4.85297060013, 5.28253936768, 5.71210861206, 6.15328788757, 6.58285713196, 7.01242637634, 7.45360517502, 7.8831744194, 8.31274318695, 8.74231243134, 9.17188167572, 9.61306095123, 10.0542402267, 10.4954195023, 10.9249887466, 11.354557991, 11.7841272354, 12.2136955261, 12.6548748016, 13.084444046, 13.5140132904, 13.9435825348, 14.3731517792, 14.8027210236, 15.2322902679, 15.6734695435, 16.114648819, 16.5558280945, 16.9853973389, 17.4149665833, 17.8561439514, 18.2857131958, 18.7152824402, 19.1564617157, 19.5860309601, 20.0156002045, 20.4451694489, 20.8747386932, 21.3159179688, 21.7570972443, 22.1866664886, 22.616235733, 23.0341949463, 23.4753742218, 23.9165534973, 24.3461227417, 24.7756919861, 25.2168693542, 25.6580486298, 26.0876178741, 26.5171871185, 26.958366394, 27.3879356384, 27.8175048828, 28.2586841583, 28.6882534027, 29.1178226471, 29.5473918915, 29.9769611359, 30.4181404114, 30.8593196869, 31.2888889313, 31.7184581757, 32.1480255127, 32.5775947571, 33.0187759399, 33.4483451843, 33.8779144287, 34.3190917969, 34.7486610413, 35.1782302856, 35.6194114685, 36.0489807129, 36.4785499573, 36.908115387, 37.3376846313, 37.7788658142, 38.2200431824, 38.6496124268, 39.0791816711, 39.520362854, 39.9499320984, 40.3795013428, 40.8206787109, 41.2502479553, 41.6798171997, 42.1093864441, 42.5389556885, 42.9685249329, 43.3980941772, 43.8160552979, 44.257232666, 44.6984100342, 45.139591217, 45.5807685852, 46.0219497681, 46.4631271362, 46.8926963806, 47.322265625, 47.7518348694, 48.1814041138, 48.6109733582, 49.0405426025, 49.4817237854, 49.9112930298, 50.3408622742, 50.7704315186, 51.2000007629, 51.6411781311, 52.0707473755, 52.5003166199, 52.941493988, 53.3826751709, 53.8238525391, 54.2534217834, 54.6829910278, 55.1241722107, 55.5537414551, 55.9833106995, 56.4128799438, 56.8424491882, 57.2720184326, 57.701587677, 58.1195449829, 58.5607261658, 59.0019035339, 59.4314727783, 59.8726501465, 60.3022193909, 60.7434005737, 61.1845779419, 61.6141471863, 62.0553283691, 62.4848976135, 62.9144668579, 63.3440361023, 63.7736053467, 64.2031707764, 64.6327438354, 65.0623092651, 65.4918823242, 65.9214477539, 66.3626327515, 66.7921981812, 67.2217712402, 67.6629486084, 68.1041259766, 68.5453033447, 68.9864807129, 69.4392700195, 69.8920593262, 70.3564605713, 70.8324737549, 71.3084793091, 71.7844848633, 72.2488861084, 72.6900634766, 73.1312484741, 73.5608139038, 74.001991272, 74.4431762695, 74.8727416992, 75.3139190674, 75.7434921265, 76.1614532471, 76.5910186768, 77.0205917358, 77.461769104, 77.8913345337, 78.3209075928, 78.738861084, 79.1800460815, 79.6096115112, 80.0391845703, 80.4803619385, 80.9215393066, 81.3627166748, 81.8039016724, 82.2334671021, 82.6630401611, 83.1042175293, 83.5453948975, 83.9749679565, 84.4045333862, 84.8341064453, 85.263671875, 85.6932373047, 86.1228103638, 86.5407714844, 86.9819488525, 87.4231262207, 87.8643035889, 88.2938766479, 88.7234420776, 89.1646270752, 89.5941925049, 90.023765564, 90.4649429321, 90.8945083618, 91.3240814209, 91.7536468506, 92.1832199097, 92.6243972778, 93.0539703369, 93.4835357666, 93.9247131348, 94.3658905029, 94.8070755005, 95.2366409302, 95.6662139893, 96.0957794189, 96.525352478, 96.9433059692, 97.3844909668, 97.825668335, 98.2552337646, 98.6964187622, 99.1259841919, 99.555557251, 99.9851226807, 100.426300049, 100.867477417, 101.297050476, 101.726615906, 102.156188965, 102.585754395, 103.015327454, 103.444892883, 103.874465942, 104.304031372, 104.74521637, 105.174781799, 105.604354858, 106.033920288, 106.463493347, 106.904670715, 107.334236145, 107.763809204, 108.204986572, 108.634559631, 109.064125061, 109.505302429, 109.946479797, 110.376052856, 110.805618286, 111.246803284, 111.676368713, 112.105941772, 112.547119141, 112.97668457, 113.406257629, 113.847434998, 114.277008057, 114.706573486, 115.147750854, 115.588935852, 116.03011322, 116.471290588, 116.924079895, 117.38848114, 117.852874756, 118.305664062, 118.74684906, 119.188026428, 119.617591858, 120.047164917, 120.488342285, 120.929519653, 121.370697021, 121.800270081, 122.241447449, 122.682624817, 123.112197876, 123.541763306, 123.971336365, 124.400901794, 124.830474854, 125.260040283, 125.689613342, 126.13079071, 126.56036377, 126.989929199, 127.419502258, 127.849067688, 128.278640747, 128.708206177, 129.137771606, 129.578948975, 130.008529663, 130.438095093, 130.867660522, 131.308837891, 131.73840332, 132.167984009, 132.597549438, 133.027114868, 133.468292236, 133.909469604, 134.339050293, 134.768615723, 135.209793091, 135.650970459, 136.080535889, 136.510116577, 136.939682007, 137.369247437, 137.798812866, 138.228393555, 138.657958984, 139.099136353, 139.528701782, 139.96987915, 140.399459839, 140.829025269, 141.24697876, 141.688156128, 142.106124878, 142.547302246, 142.988479614, 143.429656982, 143.859222412, 144.288803101, 144.71836853, 145.159545898, 145.589111328, 146.030288696, 146.448257446, 146.877822876, 147.307388306, 147.736953735, 148.166534424, 148.596099854, 149.025665283, 149.466842651, 149.90802002, 150.349197388, 150.790390015, 151.219955444, 151.649520874, 152.090698242, 152.520263672, 152.94984436, 153.367797852, 153.80897522, 154.250152588, 154.691329956, 155.120910645, 155.550476074, 155.980041504, 156.409606934, 156.850784302, 157.291976929, 157.721542358, 158.151107788, 158.580673218, 159.010253906, 159.439819336, 159.869384766, 160.310562134, 160.740127563, 161.169708252, 161.599273682, 162.04045105, 162.470016479, 162.911193848, 163.352371216, 163.781951904, 164.211517334, 164.641082764, 165.070648193, 165.500228882, 165.929794312, 166.37097168, 166.800537109, 167.230117798, 167.659683228, 168.089248657, 168.518814087, 168.948379517, 169.389572144, 169.830749512, 170.260314941, 170.689880371, 171.131057739, 171.560638428, 171.990203857, 172.419769287, 172.849334717, 173.278915405, 173.708480835, 174.138046265, 174.567611694, 175.008789062, 175.449981689, 175.891159058, 176.332336426, 176.761901855, 177.191467285, 177.621032715, 178.050613403, 178.491790771, 178.921356201, 179.350921631, 179.780502319, 180.210067749, 180.62802124, 181.05758667, 181.487167358, 181.928344727, 182.369522095, 182.799087524, 183.228652954, 183.658233643, 184.087799072, 184.52897644, 184.970153809, 185.411331177, 185.840896606, 186.270477295, 186.700042725, 187.129608154, 187.559173584, 187.988754272, 188.429931641, 188.85949707, 189.277450562, 189.70703125, 190.148208618, 190.589385986, 191.030563354, 191.471740723, 191.889694214, 192.319274902, 192.748840332, 193.178405762, 193.607971191, 194.03755188, 194.46711731, 194.885070801, 195.326248169, 195.767440796, 196.208618164, 196.649795532, 197.0909729, 197.52053833, 197.95010376, 198.379684448, 198.809249878, 199.250427246, 199.679992676, 200.109558105, 200.550750732, 200.980316162, 201.409881592, 201.827835083, 202.26902771, 202.710205078, 203.151382446, 203.580947876, 204.010513306, 204.440093994, 204.869659424, 205.299224854, 205.728790283, 206.169967651, 206.59954834, 207.02911377, 207.470291138, 207.899856567, 208.341033936, 208.770614624, 209.211791992, 209.641357422, 210.070922852, 210.500488281, 210.93006897, 211.359634399, 211.789199829, 212.218765259, 212.648345947, 213.089523315, 213.519088745, 213.960266113, 214.389831543, 214.819412231, 215.248977661, 215.678543091, 216.108108521, 216.537689209, 216.967254639, 217.396820068, 217.837997437, 218.267562866, 218.708755493, 219.149932861, 219.579498291, 220.009063721, 220.43862915, 220.868209839, 221.297775269, 221.727340698, 222.156906128, 222.586486816, 223.027664185, 223.468841553, 223.898406982, 224.327972412, 224.757553101, 225.18711853, 225.61668396, 226.04624939, 226.475830078, 226.905395508, 227.334960938, 227.776138306, 228.217315674, 228.658493042, 229.099685669, 229.540863037, 229.982040405, 230.434829712, 230.887619019, 231.340408325, 231.793197632, 232.269195557, 232.74520874, 233.221221924, 233.685623169, 234.138412476, 234.591201782, 235.03237915, 235.485168457, 235.937957764, 236.344299316, 236.750656128, 237.145385742, 237.540130615, 238.016143799, 238.492156982, 238.956542969, 239.420944214, 239.885345459, 240.349746704, 240.825759888, 241.301757812, 241.766159058], "beats_loudness": {"dmean2": 0.0220597609878, "median": 0.0426627993584, "min": 1.11954641113e-08, "dvar2": 0.000381911697332, "dvar": 0.000137879440445, "dmean": 0.0127634182572, "max": 0.110915988684, "var": 0.000359451427357, "mean": 0.0414407029748}, "danceability": 1.28816211224, "bpm_histogram_second_peak_weight": {"dmean2": 0, "median": 0.025225225836, "min": 0.025225225836, "dvar2": 0, "dvar": 0, "dmean": 0, "max": 0.025225225836, "var": 0, "mean": 0.025225225836}, "beats_count": 556, "bpm_histogram_second_peak_bpm": {"dmean2": 0, "median": 133, "min": 133, "dvar2": 0, "dvar": 0, "dmean": 0, "max": 133, "var": 0, "mean": 133}, "bpm_histogram_first_peak_spread": {"dmean2": 0, "median": 0.377176046371, "min": 0.377176046371, "dvar2": 0, "dvar": 0, "dmean": 0, "max": 0.377176046371, "var": 0, "mean": 0.377176046371}, "beats_loudness_band_ratio": {"dmean2": [0.25795340538, 0.188727125525, 0.132163763046, 0.0908236205578, 0.0905775129795, 0.0431697629392], "median": [0.54010027647, 0.169334352016, 0.0897539779544, 0.0656503885984, 0.0721769034863, 0.0251691322774], "min": [4.00130957132e-05, 4.03459489462e-05, 4.16736766056e-05, 4.00659955631e-05, 2.46517192863e-05, 2.49164568231e-05], "dvar2": [0.0397259071469, 0.0213325191289, 0.0172607246786, 0.0104475300759, 0.00749632576481, 0.00552959367633], "dvar": [0.0140576791018, 0.00710088433698, 0.00579272117466, 0.00367801077664, 0.00256423093379, 0.00246516265906], "dmean": [0.14822627604, 0.106821238995, 0.073318913579, 0.0521442219615, 0.0518957078457, 0.0246417950839], "max": [0.910377621651, 0.546399891376, 0.655248761177, 0.52757704258, 0.405779659748, 0.999286174774], "var": [0.0333730056882, 0.0110507477075, 0.00893999170512, 0.00451981136575, 0.00415683956817, 0.0248109214008], "mean": [0.518596529961, 0.182997301221, 0.117207407951, 0.0829267278314, 0.0847394838929, 0.0588889569044]}}, "lowlevel": {"barkbands_spread": {"dmean2": 8.15745925903, "median": 20.3620433807, "min": 0.081610314548, "dvar2": 97.8784179688, "dvar": 40.6145629883, "dmean": 5.18501663208, "max": 105.750915527, "var": 158.719726562, "mean": 21.9590320587}, "melbands_spread": {"dmean2": 10.3573951721, "median": 19.6816635132, "min": 0.643489062786, "dvar2": 162.369796753, "dvar": 65.5796966553, "dmean": 6.4768948555, "max": 234.205062866, "var": 438.715911865, "mean": 24.6349716187}, "hfc": {"dmean2": 8.93471813202, "median": 19.2718734741, "min": 3.88319449485e-07, "dvar2": 210.425964355, "dvar": 91.8381881714, "dmean": 6.18768835068, "max": 240.743865967, "var": 255.970489502, "mean": 21.2999210358}, "barkbands_kurtosis": {"dmean2": 34.8605461121, "median": 1.30254030228, "min": -1.94534182549, "dvar2": 48609.6757812, "dvar": 17281.9257812, "dmean": 20.3003044128, "max": 4346.31103516, "var": 221301.609375, "mean": 85.4548187256}, "gfcc": {"mean": [-22.0641841888, 118.099502563, -118.83531189, 34.6662902832, -39.8004074097, 6.29898881912, -31.8582859039, 4.49182987213, -18.8430938721, -2.81705856323, -12.02272892, -2.1668639183, -9.21620178223], "icov": [[0.00030957130366, -0.000356470205588, 0.000456200388726, -0.000847118499223, 0.000511364254635, -0.000588332302868, 0.000791486585513, -0.000668171967845, 0.000705809507053, -0.000377988733817, 0.000561529479455, -0.000705316429958, 0.000486206437927], [-0.000356470205588, 0.0013252455974, 0.000413320987718, 0.00120557041373, -0.000558868341614, 0.000315613491694, -0.000495657557622, 0.00112640939187, -0.00131336937193, 0.00172882911284, -0.00171790143941, 0.0018637527246, -0.000923648709431], [0.000456200388726, 0.000413320987718, 0.00315871671773, -0.000102633333881, 1.07474152173e-05, -0.00210672640242, 0.00152340100612, 5.51933662791e-05, -0.000460153591121, 0.000146911494085, 0.000396974268369, -0.00126266025472, 0.0012269486906], [-0.000847118499223, 0.00120557041373, -0.000102633333881, 0.00494212890044, -0.00235461047851, 0.000671126239467, -0.00135220820084, 0.0015217292821, -0.00130158686079, -0.000324394321069, -0.00153182889335, 0.00296039110981, -0.00241804029793], [0.000511364254635, -0.000558868341614, 1.07474152173e-05, -0.00235461047851, 0.00592957017943, 0.00065363541944, -0.000844814640004, -0.00178456911817, 0.000611412047874, -0.00025644415291, -0.000716376060154, -0.000949984940235, -0.00018079324218], [-0.000588332302868, 0.000315613491694, -0.00210672640242, 0.000671126239467, 0.00065363541944, 0.00898290518671, -0.00201985333115, -0.000903559033759, 8.7142097982e-06, 0.000911675044335, 0.000192293999135, -0.00171896652319, 0.00153892743401], [0.000791486585513, -0.000495657557622, 0.00152340100612, -0.00135220820084, -0.000844814640004, -0.00201985333115, 0.0113679766655, -0.00112821278162, -0.00188568874728, 0.000282629218418, -0.000355147756636, 0.00125383748673, -0.00281475693919], [-0.000668171967845, 0.00112640939187, 5.51933662791e-05, 0.0015217292821, -0.00178456911817, -0.000903559033759, -0.00112821278162, 0.0143282525241, -0.00347642274573, -0.00203115842305, 0.00137720687781, -0.00156404124573, 0.00153567001689], [0.000705809507053, -0.00131336937193, -0.000460153591121, -0.00130158686079, 0.000611412047874, 8.7142097982e-06, -0.00188568874728, -0.00347642274573, 0.0182167422026, -0.00370048219338, -0.00298398756422, 0.000100991142972, 0.00106669170782], [-0.000377988733817, 0.00172882911284, 0.000146911494085, -0.000324394321069, -0.00025644415291, 0.000911675044335, 0.000282629218418, -0.00203115842305, -0.00370048219338, 0.0188552793115, -0.00337365758605, 0.00172919896431, -0.00142693624366], [0.000561529479455, -0.00171790143941, 0.000396974268369, -0.00153182889335, -0.000716376060154, 0.000192293999135, -0.000355147756636, 0.00137720687781, -0.00298398756422, -0.00337365758605, 0.0224495455623, -0.0085715809837, 0.00228820252232], [-0.000705316429958, 0.0018637527246, -0.00126266025472, 0.00296039110981, -0.000949984940235, -0.00171896652319, 0.00125383748673, -0.00156404124573, 0.000100991142972, 0.00172919896431, -0.0085715809837, 0.0222034249455, -0.00567929260433], [0.000486206437927, -0.000923648709431, 0.0012269486906, -0.00241804029793, -0.00018079324218, 0.00153892743401, -0.00281475693919, 0.00153567001689, 0.00106669170782, -0.00142693624366, 0.00228820252232, -0.00567929260433, 0.022832300514]], "cov": [[37061.4960938, 4592.18603516, -4573.91845703, 3134.84716797, -1591.79602051, 823.255737305, -1547.27172852, 624.263244629, -1026.05212402, 133.976226807, -500.85357666, -15.6523046494, -223.874786377], [4592.18603516, 2580.11328125, -1125.59155273, 218.730194092, -100.439704895, -104.572189331, -38.5989837646, -81.7589263916, -41.9433860779, -121.266166687, 35.7571983337, -142.986907959, 52.4609832764], [-4573.91845703, -1125.59155273, 1186.11413574, -448.580200195, 109.113571167, 80.2188491821, 76.0082397461, -21.55975914, 101.899688721, 3.75392532349, 31.8162097931, 82.7512893677, -40.2329788208], [3134.84716797, 218.730194092, -448.580200195, 659.774475098, 17.4099750519, 17.4890899658, -64.0849380493, 47.1295204163, -63.685962677, 50.3874320984, -27.533115387, -31.0569725037, 25.1188030243], [-1591.79602051, -100.439704895, 109.113571167, 17.4099750519, 323.579925537, -84.6810302734, 124.326034546, -17.555109024, 63.7162895203, 6.41842842102, 46.2913322449, -11.7935562134, 40.4430198669], [823.255737305, -104.572189331, 80.2188491821, 17.4890899658, -84.6810302734, 197.669723511, -56.0694007874, 44.8855781555, -31.6184368134, 4.42683887482, -22.5862350464, 37.3358192444, -34.8404960632], [-1547.27172852, -38.5989837646, 76.0082397461, -64.0849380493, 124.326034546, -56.0694007874, 197.036972046, -29.6331005096, 67.3846893311, -6.46090078354, 35.2092590332, -21.4790363312, 39.1399726868], [624.263244629, -81.7589263916, -21.55975914, 47.1295204163, -17.555109024, 44.8855781555, -29.6331005096, 105.800102234, -6.27808427811, 23.5971603394, -14.3542470932, 19.5068683624, -16.3259048462], [-1026.05212402, -41.9433860779, 101.899688721, -63.685962677, 63.7162895203, -31.6184368134, 67.3846893311, -6.27808427811, 99.6179733276, 8.57070064545, 31.6169815063, -4.91144180298, 10.7886810303], [133.976226807, -121.266166687, 3.75392532349, 50.3874320984, 6.41842842102, 4.42683887482, -6.46090078354, 23.5971603394, 8.57070064545, 71.9602432251, 3.7461271286, 6.39197015762, 0.0560779087245], [-500.85357666, 35.7571983337, 31.8162097931, -27.533115387, 46.2913322449, -22.5862350464, 35.2092590332, -14.3542470932, 31.6169815063, 3.7461271286, 69.0223693848, 12.4732313156, 9.62368106842], [-15.6523046494, -142.986907959, 82.7512893677, -31.0569725037, -11.7935562134, 37.3358192444, -21.4790363312, 19.5068683624, -4.91144180298, 6.39197015762, 12.4732313156, 74.2119369507, -1.91841173172], [-223.874786377, 52.4609832764, -40.2329788208, 25.1188030243, 40.4430198669, -34.8404960632, 39.1399726868, -16.3259048462, 10.7886810303, 0.0560779087245, 9.62368106842, -1.91841173172, 62.1589622498]]}, "spectral_energyband_middle_low": {"dmean2": 0.0108472127467, "median": 0.0121152522042, "min": 1.774636939e-15, "dvar2": 0.000210992147913, "dvar": 8.29162236187e-05, "dmean": 0.00657022977248, "max": 0.109906181693, "var": 0.000148431572597, "mean": 0.0149770779535}, "melbands_crest": {"dmean2": 4.55701875687, "median": 11.9813222885, "min": 3.17586398125, "dvar2": 16.289144516, "dvar": 6.01919078827, "dmean": 2.74232506752, "max": 32.7893829346, "var": 15.7090549469, "mean": 12.4177179337}, "spectral_kurtosis": {"dmean2": 4.63276052475, "median": 4.94707775116, "min": -1.45153975487, "dvar2": 44.8105773926, "dvar": 18.1139068604, "dmean": 2.80563402176, "max": 109.751342773, "var": 52.4295425415, "mean": 6.50942802429}, "spectral_rms": {"dmean2": 0.00117739581037, "median": 0.00565742561594, "min": 1.39799510634e-07, "dvar2": 1.55692407589e-06, "dvar": 6.49813330256e-07, "dmean": 0.000754695211072, "max": 0.0117816152051, "var": 3.57785029337e-06, "mean": 0.0053984108381}, "zerocrossingrate": {"dmean2": 0.00934828165919, "median": 0.04638671875, "min": 0.001953125, "dvar2": 0.000162163662026, "dvar": 0.000143852710607, "dmean": 0.00767484912649, "max": 0.86865234375, "var": 0.0200747251511, "mean": 0.0741213932633}, "silence_rate_60dB": {"dmean2": 0.00651653110981, "median": 0, "min": 0, "dvar2": 0.00762420939282, "dvar": 0.00324738491327, "dmean": 0.00325795332901, "max": 1, "var": 0.0635654628277, "mean": 0.0682188346982}, "erbbands_kurtosis": {"dmean2": 1.25689816475, "median": -0.337644577026, "min": -1.84243035316, "dvar2": 3.92719769478, "dvar": 1.48028111458, "dmean": 0.773824334145, "max": 35.2446784973, "var": 16.0852622986, "mean": 0.65743637085}, "erbbands": {"dmean2": [0.133435696363, 1.12690234184, 4.01848220825, 11.1472129822, 19.8647823334, 18.7623291016, 12.5360374451, 16.8100414276, 22.925567627, 28.7957420349, 22.7694549561, 22.0049629211, 20.3639831543, 19.0822525024, 18.9707546234, 22.7001457214, 24.068189621, 19.0241947174, 14.8457536697, 18.8898983002, 35.8761787415, 38.6244621277, 18.4816761017, 14.5103349686, 12.2588834763, 9.81424331665, 5.79939651489, 3.64498186111, 3.57530498505, 3.6254594326, 3.86458086967, 3.23140883446, 1.80730211735, 0.81316947937, 0.349749088287, 0.16956242919, 0.0557746626437, 0.0113565120846, 0.0015129147796, 9.64826758718e-05], "median": [0.160455450416, 1.37282586098, 4.13552522659, 7.30288076401, 9.1392621994, 10.0247488022, 8.88641548157, 12.1709909439, 12.6001501083, 11.8550214767, 11.065700531, 13.1402654648, 10.0931892395, 11.22153759, 14.0073604584, 19.3882026672, 19.174905777, 16.4190921783, 12.9247779846, 18.0850963593, 30.5811920166, 30.3543014526, 15.9920148849, 10.665345192, 10.2007694244, 6.65997076035, 3.87016654015, 2.26024270058, 1.31333851814, 0.771303594112, 0.531895399094, 0.28819835186, 0.121926836669, 0.0715558081865, 0.0316167399287, 0.0125006232411, 0.00230405130424, 0.000402375037083, 6.31628354313e-05, 4.42833079433e-05], "min": [2.14048410615e-14, 9.77706278568e-14, 2.4243855621e-13, 3.86090031473e-13, 5.12860153651e-13, 1.07989854038e-12, 3.43802850772e-12, 6.95731363146e-12, 6.03778268701e-12, 1.74389311585e-12, 6.23653852085e-13, 4.53843126275e-12, 4.93566862728e-12, 6.18579883496e-12, 3.22330833899e-12, 1.07268005242e-11, 1.56104001253e-11, 2.16668020331e-11, 1.21263710878e-11, 9.66696167559e-12, 6.70731482508e-12, 2.6818000945e-12, 7.30483121908e-12, 6.51174253408e-12, 5.92251161308e-12, 6.40087201992e-12, 6.02167231009e-12, 8.34949817619e-12, 2.23139649119e-11, 2.97092003776e-11, 2.95461120847e-11, 7.91876841877e-11, 3.02597530366e-11, 2.61415281783e-11, 7.6727894871e-11, 6.57030124751e-11, 1.76429912346e-10, 1.66064761942e-09, 1.82378023794e-09, 2.48067816289e-10], "dvar2": [0.0292494241148, 1.59336709976, 23.6572246552, 310.847595215, 1002.48608398, 803.97833252, 317.234802246, 595.445922852, 1391.32177734, 2839.88525391, 1687.60327148, 2148.80078125, 2460.71118164, 1698.2064209, 1249.96862793, 1689.52197266, 1816.20373535, 1324.40783691, 738.367248535, 1107.640625, 4775.80566406, 4762.74169922, 1001.97467041, 647.363220215, 494.649841309, 435.90737915, 133.122360229, 60.1671714783, 73.4081420898, 105.126472473, 180.623718262, 460.684631348, 35.5302200317, 7.09343385696, 1.53793859482, 0.416004538536, 0.090670928359, 0.00330249872059, 0.000104920189187, 3.45938985902e-07], "dvar": [0.0108909374103, 0.631097316742, 9.03451633453, 115.334236145, 366.131744385, 297.439544678, 120.847763062, 233.232315063, 531.352172852, 1103.9354248, 684.186950684, 857.959472656, 1050.38000488, 703.689758301, 512.507141113, 688.750976562, 750.862609863, 519.984375, 315.352142334, 460.321044922, 1911.82409668, 2016.96240234, 440.327087402, 269.008087158, 206.662536621, 180.005264282, 54.7395782471, 23.6763763428, 31.8849182129, 42.3523368835, 74.9420013428, 170.049331665, 14.2834939957, 2.96655011177, 0.598002672195, 0.151270180941, 0.0316731594503, 0.00115573499352, 3.63149920304e-05, 1.20009090665e-07], "dmean": [0.0804207548499, 0.705153942108, 2.46122431755, 6.60517024994, 11.628405571, 11.0733098984, 7.55627393723, 10.195350647, 13.6761732101, 17.1060218811, 13.5757846832, 13.5245695114, 12.8265800476, 11.9741306305, 11.6928005219, 14.2659006119, 15.235701561, 11.9536781311, 9.58645439148, 12.3073387146, 23.2781639099, 25.044254303, 12.1430892944, 9.57013607025, 8.15514278412, 6.53159141541, 3.78911423683, 2.35220146179, 2.28790545464, 2.28003764153, 2.39964127541, 1.98114526272, 1.10691678524, 0.508519113064, 0.217679783702, 0.102161131799, 0.0320238508284, 0.00648400653154, 0.000849377538543, 5.57355415367e-05], "max": [2.09723377228, 9.22584724426, 52.6935577393, 168.844055176, 256.815917969, 333.698242188, 155.189926147, 285.154449463, 400.580566406, 658.825622559, 697.559631348, 901.121765137, 862.862609863, 707.36328125, 907.322021484, 789.45123291, 618.807678223, 1197.90197754, 505.687408447, 655.223876953, 1461.33703613, 1179.07312012, 498.450927734, 302.000030518, 445.159667969, 440.187530518, 229.936416626, 123.373390198, 170.661712646, 172.645095825, 413.807922363, 926.064819336, 92.8734588623, 51.7312469482, 14.4725198746, 9.51003837585, 5.43654346466, 0.950466096401, 0.235076069832, 0.0131859043613], "var": [0.0220734924078, 1.40682077408, 19.6595497131, 144.279022217, 397.448913574, 429.553619385, 207.89225769, 510.61038208, 811.692321777, 1872.22338867, 1159.00146484, 1527.01269531, 2173.3581543, 1343.71630859, 1375.66625977, 1686.87597656, 1952.45935059, 1209.68774414, 850.568664551, 1288.13317871, 5300.66357422, 3995.16210938, 966.454528809, 534.686584473, 486.998718262, 926.533081055, 203.265853882, 46.0328407288, 59.2231903076, 65.3714523315, 129.768447876, 143.847518921, 16.9183158875, 3.73893928528, 0.613191306591, 0.11439974606, 0.0190777443349, 0.000703147554304, 2.06727254408e-05, 7.19890849155e-08], "mean": [0.179388016462, 1.5172034502, 5.07153177261, 10.4535732269, 15.4459600449, 16.8522968292, 13.3799362183, 19.5913734436, 21.3973712921, 24.6018104553, 21.2272663116, 24.3090515137, 23.3738689423, 21.7712039948, 23.6461982727, 30.0811538696, 31.3163452148, 25.1161937714, 22.1962203979, 28.950296402, 55.0606422424, 50.681476593, 24.9870662689, 18.8158588409, 18.0860748291, 17.4861621857, 9.71435165405, 4.56715202332, 3.4713332653, 2.8124499321, 2.91343212128, 2.03584647179, 1.1000944376, 0.539424955845, 0.234471261501, 0.103901438415, 0.0262465551496, 0.00518089067191, 0.000650557514746, 7.63123753131e-05]}, "spectral_strongpeak": {"dmean2": 0.632595777512, "median": 0.281200826168, "min": 0, "dvar2": 1.35235357285, "dvar": 0.527713477612, "dmean": 0.359202027321, "max": 10.9746856689, "var": 0.656289935112, "mean": 0.528113424778}, "spectral_energy": {"dmean2": 0.0148882307112, "median": 0.0328066274524, "min": 2.00325016991e-11, "dvar2": 0.000326724461047, "dvar": 0.000132865912747, "dmean": 0.00944091193378, "max": 0.142276614904, "var": 0.000352663511876, "mean": 0.0335388034582}, "average_loudness": 0.953707754612, "spectral_rolloff": {"dmean2": 685.349487305, "median": 1098.19335938, "min": 64.599609375, "dvar2": 1141137.5, "dvar": 482964.65625, "dmean": 408.859558105, "max": 21899.2675781, "var": 13018542, "mean": 1915.0189209}, "spectral_centroid": {"dmean2": 384.606658936, "median": 1235.23962402, "min": 192.754165649, "dvar2": 164522.109375, "dvar": 71359.9296875, "dmean": 247.792526245, "max": 11131.5625, "var": 1083493.5, "mean": 1432.48754883}, "pitch_salience": {"dmean2": 0.104780070484, "median": 0.621074616909, "min": 0.16986836493, "dvar2": 0.00771475024521, "dvar": 0.00295451073907, "dmean": 0.0638755857944, "max": 0.914266109467, "var": 0.00891758222133, "mean": 0.616253495216}, "spectral_energyband_middle_high": {"dmean2": 0.00255126086995, "median": 0.00545093324035, "min": 1.92210706918e-15, "dvar2": 1.36677463161e-05, "dvar": 6.21555045655e-06, "dmean": 0.00175937265158, "max": 0.0575078912079, "var": 2.41431880568e-05, "mean": 0.0061865253374}, "spectral_contrast_coeffs": {"dmean2": [0.0858041718602, 0.0762609764934, 0.0579643175006, 0.04749006778, 0.041905105114, 0.0390308834612], "median": [-0.65188896656, -0.753957629204, -0.790861785412, -0.774506986141, -0.767847776413, -0.755368828773], "min": [-0.961331367493, -0.966595053673, -0.972643733025, -0.975264012814, -0.96007758379, -0.95963716507], "dvar2": [0.00518962554634, 0.00371371908113, 0.00217756582424, 0.00147054775152, 0.0013477539178, 0.00142642459832], "dvar": [0.00188392214477, 0.00138101389166, 0.000820214219857, 0.00059470476117, 0.000598354963586, 0.000606406712905], "dmean": [0.0512876845896, 0.0463216938078, 0.0350731350482, 0.0293226297945, 0.0266591459513, 0.0254243742675], "max": [-0.377039968967, -0.448203057051, -0.518842101097, -0.5130443573, -0.507903397083, -0.588075518608], "var": [0.0060126283206, 0.00476197805256, 0.00319908116944, 0.00320533872582, 0.00371658243239, 0.00331685342826], "mean": [-0.650480687618, -0.752002596855, -0.788469493389, -0.773721635342, -0.766451537609, -0.756715476513]}, "melbands_skewness": {"dmean2": 0.919253885746, "median": 2.50418543816, "min": -0.348971873522, "dvar2": 0.7947447896, "dvar": 0.314297050238, "dmean": 0.573861181736, "max": 9.63476657867, "var": 1.1630333662, "mean": 2.56387352943}, "spectral_spread": {"dmean2": 950984.25, "median": 3273120, "min": 674149.4375, "dvar2": 1639154450430.0, "dvar": 843556913152, "dmean": 661192.6875, "max": 47022340, "var": 52537164038100.0, "mean": 4814953.5}, "dissonance": {"dmean2": 0.0248605962843, "median": 0.478165775537, "min": 0.147984802723, "dvar2": 0.000790570222307, "dvar": 0.000303077977151, "dmean": 0.0148657523096, "max": 0.500000059605, "var": 0.000798949389718, "mean": 0.470510035753}, "spectral_skewness": {"dmean2": 0.499981224537, "median": 1.52576696873, "min": -0.0164596922696, "dvar2": 0.282934069633, "dvar": 0.119301855564, "dmean": 0.3142593503, "max": 8.22898578644, "var": 0.592418968678, "mean": 1.64382112026}, "spectral_flux": {"dmean2": 0.0332782417536, "median": 0.0859570801258, "min": 6.64657418383e-05, "dvar2": 0.00107309943996, "dvar": 0.000520332832821, "dmean": 0.0224894694984, "max": 0.32318392396, "var": 0.00196549436077, "mean": 0.0886010080576}, "spectral_contrast_valleys": {"dmean2": [0.619373857975, 0.642235577106, 0.493724733591, 0.43541482091, 0.487080127001, 0.632503688335], "median": [-6.41558694839, -6.33911657333, -6.91512107849, -7.28003263474, -7.39235115051, -10.6075725555], "min": [-27.3604469299, -27.6129550934, -27.6672801971, -27.3332939148, -27.2526512146, -27.1988811493], "dvar2": [0.266225725412, 0.319069296122, 0.180583611131, 0.149028837681, 0.224677205086, 0.457606941462], "dvar": [0.110480099916, 0.133965358138, 0.0840672403574, 0.0804200842977, 0.126416191459, 0.250891506672], "dmean": [0.371025413275, 0.39874830842, 0.312528818846, 0.290273725986, 0.356052726507, 0.506810605526], "max": [-5.20765018463, -4.58921813965, -4.68844985962, -5.7210059166, -5.01052951813, -7.56976318359], "var": [4.71354436874, 3.86401939392, 3.73489642143, 3.83139157295, 4.06210422516, 3.13898491859], "mean": [-6.96283149719, -6.69525718689, -7.28460931778, -7.70853376389, -7.81937217712, -10.8737726212]}, "erbbands_flatness_db": {"dmean2": 0.0266756247729, "median": 0.161663711071, "min": 0.032556168735, "dvar2": 0.000665586965624, "dvar": 0.000355993048288, "dmean": 0.0194470863789, "max": 0.393899470568, "var": 0.00171962880995, "mean": 0.162987992167}, "spectral_energyband_high": {"dmean2": 0.000564765767194, "median": 0.000295823847409, "min": 1.20214576141e-11, "dvar2": 1.96216092263e-06, "dvar": 8.18528576474e-07, "dmean": 0.00036770189763, "max": 0.0298255607486, "var": 1.4537217794e-06, "mean": 0.000671672227327}, "spectral_entropy": {"dmean2": 0.259553641081, "median": 7.47828388214, "min": 5.03103399277, "dvar2": 0.0755614712834, "dvar": 0.0387987829745, "dmean": 0.184285581112, "max": 9.78665065765, "var": 0.303130477667, "mean": 7.48541784286}, "silence_rate_20dB": {"dmean2": 0, "median": 1, "min": 1, "dvar2": 0, "dvar": 0, "dmean": 0, "max": 1, "var": 0, "mean": 1}, "melbands_flatness_db": {"dmean2": 0.0390389785171, "median": 0.207678630948, "min": 0.0260533560067, "dvar2": 0.00134062918369, "dvar": 0.000701389100868, "dmean": 0.0275858845562, "max": 0.604168355465, "var": 0.00453980080783, "mean": 0.212321028113}, "barkbands": {"dmean2": [0.000561775639653, 0.00465838611126, 0.0041224155575, 0.00531913293526, 0.00538090942428, 0.00173784978688, 0.00184159551281, 0.00114811363164, 0.000981135526672, 0.000636096810922, 0.000534347840585, 0.000619723112322, 0.000550506985746, 0.000388954213122, 0.000325098342728, 0.000618722580839, 0.000698532967363, 0.000355755008059, 0.000262247805949, 0.000193155108718, 0.00011547440954, 0.000101637575426, 0.000132258137455, 0.000129702035338, 5.85403176956e-05, 3.27835041389e-05, 9.49515015236e-06], "median": [0.00033868823084, 0.00616698665544, 0.0035420418717, 0.00241935858503, 0.00327639328316, 0.00129100540653, 0.000837851781398, 0.000447239086498, 0.000589228700846, 0.000257304462139, 0.000310961302603, 0.000473447900731, 0.000383864360629, 0.00028175933403, 0.000219525012653, 0.000491814804263, 0.000482418516185, 0.000247494812356, 0.000198358728085, 0.000132833622047, 7.40544637665e-05, 3.23937892972e-05, 2.01322218345e-05, 9.62736794463e-06, 5.42106135981e-06, 1.93164282791e-06, 2.65303299329e-07], "min": [4.38429918032e-16, 5.24428061436e-16, 2.17824183856e-16, 1.33039891605e-16, 3.06852084703e-16, 7.63937321063e-16, 3.07083748214e-16, 1.62551876064e-17, 2.06439028723e-16, 1.60240343003e-16, 8.13487597042e-17, 2.4362832791e-16, 3.96536197856e-16, 3.4791208623e-16, 2.22514549392e-16, 1.19581980676e-16, 4.30445302397e-17, 1.30685060602e-16, 1.12272562797e-16, 1.31732919767e-16, 1.66278232079e-16, 8.58371542044e-16, 1.04836293794e-15, 2.75598686532e-15, 7.38613831149e-15, 6.05891273026e-14, 1.41609632007e-11], "dvar2": [1.02696878912e-06, 2.70476102742e-05, 2.76042810583e-05, 7.7231816249e-05, 6.72429960105e-05, 6.01225292485e-06, 1.03775601019e-05, 