{"tonal": {"thpcp": [1, 0.601873457432, 0.537564694881, 0.603028893471, 0.338128477335, 0.273481756449, 0.481182098389, 0.433866083622, 0.261878699064, 0.352640092373, 0.418025106192, 0.392233818769, 0.487224429846, 0.49158513546, 0.476864308119, 0.54929548502, 0.426187574863, 0.245197370648, 0.198168739676, 0.183914214373, 0.331186562777, 0.524773478508, 0.552917659283, 0.597687661648, 0.619832515717, 0.568204581738, 0.482766449451, 0.381131231785, 0.376946181059, 0.539225995541, 0.692863166332, 0.577396094799, 0.491694569588, 0.510474979877, 0.575980722904, 0.923399686813], "hpcp": {"dmean2": [0.376359701157, 0.351506412029, 0.291391760111, 0.258483588696, 0.238007009029, 0.250263363123, 0.250822722912, 0.235399484634, 0.221901908517, 0.22585657239, 0.266428053379, 0.338480204344, 0.307929456234, 0.269503712654, 0.27599349618, 0.269478321075, 0.169799387455, 0.127140745521, 0.191697493196, 0.190308898687, 0.151512727141, 0.174802675843, 0.178503334522, 0.215225115418, 0.273999273777, 0.301442563534, 0.267711848021, 0.247714057565, 0.213018223643, 0.154818311334, 0.127569869161, 0.106859885156, 0.145994365215, 0.220977589488, 0.283673614264, 0.31516200304], "median": [0.0983842983842, 0.0871683508158, 0.066839069128, 0.0511518865824, 0.0571238547564, 0.0867858827114, 0.0976158604026, 0.101335674524, 0.0907133966684, 0.0693654194474, 0.118209183216, 0.186493694782, 0.192193195224, 0.129124820232, 0.0888714566827, 0.0914430767298, 0.0490370206535, 0.0444196611643, 0.065714687109, 0.0616327747703, 0.0325384922326, 0.0284443572164, 0.0320654585958, 0.0467331409454, 0.0613689348102, 0.0651863515377, 0.0758219510317, 0.080646827817, 0.0616967268288, 0.0361728668213, 0.0264375470579, 0.0238422937691, 0.040833838284, 0.0728997215629, 0.0946485921741, 0.0914959833026], "min": [0, 0, 0, 0, 0, 0, 0, 0, 0, 0, 0, 0, 0, 8.70392432262e-06, 0.000310026487568, 0, 0, 0, 0, 0, 0, 0, 0, 0, 0, 0, 0, 0, 0, 0, 4.19360803789e-05, 8.29322816571e-05, 9.85364749795e-05, 0.000153002882143, 0, 0], "dvar2": [0.185444489121, 0.153000608087, 0.1346655339, 0.113461941481, 0.0978414639831, 0.0870375707746, 0.0936075598001, 0.0783163756132, 0.0592400692403, 0.070318415761, 0.0825695022941, 0.120665609837, 0.104906052351, 0.0859278142452, 0.0978535339236, 0.100315950811, 0.051230430603, 0.0355707891285, 0.0698370188475, 0.0636397749186, 0.050363805145, 0.0670938938856, 0.080104328692, 0.0784564763308, 0.121723048389, 0.148165389895, 0.11379685998, 0.0895444974303, 0.0798197239637, 0.0425167307258, 0.0348061993718, 0.0306962653995, 0.0455504544079, 0.0786410942674, 0.109157949686, 0.126464322209], "dvar": [0.067152351141, 0.0549945682287, 0.0490751713514, 0.0401528999209, 0.0354755111039, 0.03331964463, 0.0392664857209, 0.0307618118823, 0.0240016393363, 0.0326806455851, 0.0328763499856, 0.0504037849605, 0.0452793426812, 0.0326440893114, 0.0363957174122, 0.0408878065646, 0.0196511466056, 0.0130129577592, 0.0274256803095, 0.0260007362813, 0.0189974792302, 0.0270155090839, 0.0330418720841, 0.0297692399472, 0.0500274933875, 0.053680434823, 0.0419173724949, 0.0365061350167, 0.0308495573699, 0.0153579572216, 0.0122203119099, 0.0115728871897, 0.019298736006, 0.0343820676208, 0.0398989953101, 0.048006657511], "dmean": [0.21495090425, 0.198333933949, 0.168926298618, 0.144623145461, 0.134310394526, 0.14631780982, 0.148401543498, 0.13891838491, 0.13112655282, 0.131593719125, 0.157199323177, 0.199638366699, 0.181832507253, 0.1578527987, 0.160091042519, 0.160699144006, 0.101877272129, 0.0731606855989, 0.113318070769, 0.112080842257, 0.0863678380847, 0.10283421725, 0.102356664836, 0.123831823468, 0.163424670696, 0.171340882778, 0.153127714992, 0.143934234977, 0.123609215021, 0.0886230543256, 0.0719373896718, 0.0613440796733, 0.0876207798719, 0.132544368505, 0.163103148341, 0.186591997743], "max": [1, 1, 1, 1, 1, 1, 1, 1, 1, 1, 1, 1, 1, 1, 1, 1, 1, 1, 1, 1, 1, 1, 1, 1, 1, 1, 1, 1, 1, 1, 1, 1, 1, 1, 1, 1], "var": [0.0761172994971, 0.0643405765295, 0.056377120316, 0.0396118536592, 0.0360856615007, 0.0547133311629, 0.0974483415484, 0.0586182288826, 0.0422461554408, 0.0676331669092, 0.0465483479202, 0.108340844512, 0.126402646303, 0.05245032534, 0.0503422766924, 0.0715238973498, 0.027939138934, 0.0208640601486, 0.0568152144551, 0.0481311194599, 0.0232172999531, 0.0454185009003, 0.0722959265113, 0.0418982803822, 0.0629918128252, 0.0590364672244, 0.0487405434251, 0.0726139098406, 0.0461627580225, 0.0151474298909, 0.0120206940919, 0.0140404356644, 0.0340935066342, 0.0683243796229, 0.0511814318597, 0.0706782788038], "mean": [0.216674625874, 0.198627084494, 0.168760493398, 0.133231908083, 0.131768941879, 0.188497036695, 0.242203935981, 0.201840147376, 0.171881496906, 0.178446561098, 0.20134536922, 0.322792500257, 0.349569648504, 0.210396692157, 0.187916308641, 0.210800588131, 0.118199452758, 0.095600925386, 0.16820666194, 0.151666417718, 0.0915448442101, 0.123272269964, 0.146128892899, 0.137113034725, 0.170318871737, 0.171843245625, 0.16669729352, 0.192017033696, 0.14898224175, 0.085713557899, 0.0692737773061, 0.0642908290029, 0.115772768855, 0.183444872499, 0.193283230066, 0.208933457732]}, "tuning_equal_tempered_deviation": 0.0956371948123, "chords_changes_rate": 0.0921428576112, "key_key": "F#", "tuning_diatonic_strength": 0.515617787838, "key_scale": "minor", "chords_number_rate": 0.0121428575367, "tuning_frequency": 452.37008667, "tuning_nontempered_energy_ratio": 0.814834237099, "chords_histogram": [16.6428565979, 5.35714292526, 1.28571426868, 3.35714292526, 2.14285707474, 0, 0.214285716414, 2.21428561211, 9, 1.85714280605, 26.2142848969, 5.35714292526, 0, 0, 0.357142865658, 1.42857146263, 3, 6.42857122421, 1.35714280605, 0, 2.14285707474, 0, 3.85714292526, 7.78571414948], "key_strength": 0.661466300488, "chords_key": "F", "chords_strength": {"dmean2": 0.0126709947363, "median": 0.485659718513, "min": 0.211795628071, "dvar2": 0.000111390676466, "dvar": 9.01270686882e-05, "dmean": 0.0118338642642, "max": 0.794453024864, "var": 0.0127478139475, "mean": 0.478506654501}, "chords_scale": "minor", "hpcp_entropy": {"dmean2": 1.09699547291, "median": 2.3495631218, "min": 0.0516504868865, "dvar2": 0.755693674088, "dvar": 0.269246518612, "dmean": 0.640009880066, "max": 4.37799692154, "var": 0.470387965441, "mean": 2.26200485229}}, "metadata": {"audio_properties": {"equal_loudness": 0, "codec": "flac", "downmix": "mix", "sample_rate": 44100, "analysis_sample_rate": 44100, "bit_rate": 0, "md5_encoded": "3bc137461577a0032da22758b01c9dde", "length": 64.9333343506, "replay_gain": -0.83892250061, "lossless": true}, "version": {"essentia_build_sha": "2d9f1f26377add8aeb1075a9c2973f962c4f09fd", "essentia": "2.1-beta2", "extractor": "music 1.0", "essentia_git_sha": "v2.1_beta2-1-ge3940c0"}, "tags": {"title": ["Night Deeply Sunk (Chinese Traditional)"], "media": ["CD"], "albumartist": ["Thomas Newman"], "tracktotal": ["26"], "musicbrainz_releasegroupid": ["9f4ab789-48e8-47cd-bb63-0813870e92c8"], "releasetype": ["album", "soundtrack"], "musicbrainz_recordingid": ["0d3b8659-b925-4ccc-82fa-0260d83c6453"], "originalyear": ["1997"], "musicbrainz_releasetrackid": ["2af4956d-0245-3eec-9452-58e27c18bff1"], "discnumber": ["1"], "totaldiscs": ["1"], "album": ["Red Corner"], "releasecountry": ["US"], "file_name": "06 Night Deeply Sunk (Chinese Traditional).flac", "musicbrainz_albumartistid": ["348f3a5f-5112-4d72-b33b-11c60b4f9af2"], "albumartistsort": ["Newman, Thomas"], "date": ["1997"], "genre": ["Soundtrack"], "disctotal": ["1"], "musicbrainz_artistid": ["348f3a5f-5112-4d72-b33b-11c60b4f9af2"], "originaldate": ["1997"], "musicbrainz_albumid": ["85064af7-b3f0-48a6-a5ec-44ab7d5cd3f9"], "tracknumber": ["6"], "artistsort": ["Newman, Thomas"], "artist": ["Thomas Newman"], "label": ["Edel America Records"], "releasestatus": ["official"], "acoustid_id": ["3fbd6460-5c75-484e-a344-fd0a88ffac51"], "script": ["Latn"], "totaltracks": ["26"]}}, "rhythm": {"bpm_histogram_first_peak_bpm": {"dmean2": 0, "median": 108, "min": 108, "dvar2": 0, "dvar": 0, "dmean": 0, "max": 108, "var": 0, "mean": 108}, "bpm": 107.007369995, "bpm_histogram_second_peak_spread": {"dmean2": 0, "median": 0.312500029802, "min": 0.312500029802, "dvar2": 0, "dvar": 0, "dmean": 0, "max": 0.312500029802, "var": 0, "mean": 0.312500029802}, "bpm_histogram_first_peak_weight": {"dmean2": 0, "median": 0.10000000149, "min": 0.10000000149, "dvar2": 0, "dvar": 0, "dmean": 0, "max": 0.10000000149, "var": 0, "mean": 0.10000000149}, "onset_rate": 4.09569692612, "beats_position": [0.53405892849, 1.09133780003, 1.64861679077, 2.20589566231, 2.77478456497, 3.32045340538, 3.86612248421, 4.42340135574, 4.82975053787, 5.22448968887, 5.630838871, 6.01396799088, 6.39709758759, 6.78022670746, 7.17496585846, 7.56970500946, 7.96444416046, 8.35918331146, 8.75392246246, 9.14866161346, 9.54340076447, 9.93814086914, 10.3328800201, 10.71600914, 11.0991382599, 11.4938774109, 11.8770065308, 12.3994560242, 12.9219045639, 13.4443531036, 13.966802597, 14.4776411057, 14.9884805679, 15.4993190765, 16.0217685699, 16.6603164673, 17.298866272, 17.9258041382, 18.5527439117, 19.179681778, 19.8414516449, 20.5148296356, 21.1765975952, 21.8151473999, 22.4653053284, 23.1038551331, 23.7540130615, 24.3925609589, 25.0427207947, 25.6696586609, 26.2965984344, 26.9119262695, 27.5156459808, 28.1077537537, 28.6998634338, 29.2803630829, 29.8608608246, 30.4181404114, 30.9986381531, 31.567527771, 32.1364173889, 32.7053070068, 33.2741928101, 33.8314743042, 34.4003639221, 34.9924697876, 35.572971344, 36.1302490234, 36.7107467651, 37.2912483215, 37.8717460632, 38.4406356812, 39.0211334229, 39.5900230408, 40.1705207825, 40.7626304626, 41.3431282043, 41.9120178223, 42.492515564, 43.0497932434, 43.6070747375, 44.164352417, 44.7216300964, 45.2672996521, 45.8129692078, 46.3586387634, 46.9043083191, 47.4499778748, 47.9956436157, 48.5529251099, 49.0637626648, 49.5746040344, 50.0854415894, 50.5614509583, 51.0374603271, 51.513469696, 51.9894790649, 52.5003166199, 53.0111541748, 53.5452156067, 54.0792732239, 54.6017227173, 55.1241722107, 55.6698417664, 56.2155075073, 56.761177063, 57.3068466187, 57.8292961121, 58.305305481, 58.8045349121, 59.3037643433, 59.8029937744, 60.3022193909, 60.7898406982, 61.2774581909, 61.7650794983, 62.252696991, 62.7403144836, 63.227935791, 63.7155532837, 64.1915664673], "beats_loudness": {"dmean2": 0.0326538793743, "median": 0.0102505991235, "min": 0.000352086412022, "dvar2": 0.00142093189061, "dvar": 0.000407559651649, "dmean": 0.0173990502954, "max": 0.117836877704, "var": 0.000364452804206, "mean": 0.0169240757823}, "danceability": 1.41351616383, "bpm_histogram_second_peak_weight": {"dmean2": 0, "median": 0.0916666686535, "min": 0.0916666686535, "dvar2": 0, "dvar": 0, "dmean": 0, "max": 0.0916666686535, "var": 0, "mean": 0.0916666686535}, "beats_count": 121, "bpm_histogram_second_peak_bpm": {"dmean2": 0, "median": 103, "min": 103, "dvar2": 0, "dvar": 0, "dmean": 0, "max": 103, "var": 0, "mean": 103}, "bpm_histogram_first_peak_spread": {"dmean2": 0, "median": 0.657142877579, "min": 0.657142877579, "dvar2": 0, "dvar": 0, "dmean": 0, "max": 0.657142877579, "var": 0, "mean": 0.657142877579}, "beats_loudness_band_ratio": {"dmean2": [0.0634137988091, 0.384430795908, 0.355627983809, 0.313524693251, 0.536116540432, 0.152800455689], "median": [0.0326852872968, 0.206511929631, 0.205821424723, 0.098467387259, 0.197684809566, 0.0610419809818], "min": [9.32843104238e-05, 0.000157421862241, 0.00810221582651, 0.00973594002426, 0.00984954461455, 0.00483600096777], "dvar2": [0.00324456905946, 0.0966109409928, 0.0719779729843, 0.0737405270338, 0.132964164019, 0.0278873406351], "dvar": [0.00115716969594, 0.034195125103, 0.0269601084292, 0.0234820079058, 0.0352656394243, 0.0106646893546], "dmean": [0.0354043282568, 0.207610175014, 0.197783708572, 0.164529547095, 0.28462022543, 0.0843290016055], "max": [0.158157244325, 0.747655153275, 0.876745641232, 0.708277404308, 0.84432631731, 0.762688755989], "var": [0.00123818335123, 0.0404165908694, 0.0304998084903, 0.0214031916112, 0.0424685701728, 0.010521681048], "mean": [0.0379213094711, 0.245714604855, 0.243856728077, 0.154189527035, 0.252386271954, 0.0941227525473]}}, "lowlevel": {"barkbands_spread": {"dmean2": 8.65620517731, "median": 19.0825195313, "min": 2.7655479908, "dvar2": 66.6647186279, "dvar": 27.9923629761, "dmean": 5.56335449219, "max": 72.0169219971, "var": 80.956993103, "mean": 20.0061855316}, "melbands_spread": {"dmean2": 16.283372879, "median": 27.0742759705, "min": 0.632833302021, "dvar2": 254.209625244, "dvar": 117.140830994, "dmean": 10.5338344574, "max": 131.306716919, "var": 341.800018311, "mean": 30.9752616882}, "hfc": {"dmean2": 14.5329408646, "median": 5.54947662354, "min": 0.000272083590971, "dvar2": 2354.18432617, "dvar": 860.784790039, "dmean": 8.81652259827, "max": 277.984527588, "var": 728.10925293, "mean": 12.058298111}, "barkbands_kurtosis": {"dmean2": 3.19583535194, "median": 0.230473875999, "min": -1.83214890957, "dvar2": 33.758102417, "dvar": 12.2305231094, "dmean": 1.98607075214, "max": 108.008522034, "var": 26.6357002258, "mean": 1.53709483147}, "gfcc": {"mean": [-88.8521347046, 72.3000946045, -157.562316895, 17.0948982239, -71.8012771606, -16.5722103119, -46.6319618225, -7.28841114044, -23.2162208557, -3.36901569366, -13.8559856415, -9.38240432739, -10.1499328613], "icov": [[0.000279833795503, -4.39292925876e-05, 0.000189681522897, 3.78896838811e-05, 0.000548343989067, -0.000161853473401, 0.000738179835025, -5.51523153263e-05, 0.000717446440831, -0.000515804509632, 0.000447510770755, -0.000243812857661, 0.000272934208624], [-4.39292925876e-05, 0.00118733942509, -0.000624423555564, 0.000391585490433, -0.000195876025828, 0.000655505282339, -0.000610995106399, 0.0018009688938, -0.00128661678173, 0.00178159191273, -0.00118705269415, 0.000696210365277, -0.000610186310951], [0.000189681522897, -0.000624423555564, 0.00229533901438, -0.000469103397336, -1.69245413417e-05, 0.00104937586002, 0.000899071921594, -0.00142691179644, 0.00199385569431, -0.000920295249671, 0.00115578004625, -0.00163088773843, 0.000920389371458], [3.78896838811e-05, 0.000391585490433, -0.000469103397336, 0.00375351076946, -0.000483919196995, 0.000622159510385, 0.000404166581575, 0.000531088269781, -0.000734527362511, 0.0017370613059, -0.000134395144414, 0.00080278958194, -0.00210142927244], [0.000548343989067, -0.000195876025828, -1.69245413417e-05, -0.000483919196995, 0.00677881157026, -0.00363668845966, 0.0011765670497, 0.000672787311487, 0.00111068587285, -0.00182869390119, 0.00134085351601, -0.000394953298382, 0.000500058580656], [-0.000161853473401, 0.000655505282339, 0.00104937586002, 0.000622159510385, -0.00363668845966, 0.00938061159104, -0.00234934291802, -0.000216449174332, -0.000189105339814, 0.00144768052269, -0.00109417492058, -0.000191522165551, -0.000586504407693], [0.000738179835025, -0.000610995106399, 0.000899071921594, 0.000404166581575, 0.0011765670497, -0.00234934291802, 0.00915291905403, -0.00272438302636, 0.00159926258493, -0.00246145110577, 0.00105229869951, -0.00177947268821, 0.00101176358294], [-5.51523153263e-05, 0.0018009688938, -0.00142691179644, 0.000531088269781, 0.000672787311487, -0.000216449174332, -0.00272438302636, 0.0096853133291, -0.00423811748624, 0.000903990236111, -0.0028475006111, 0.00296753062867, -0.000687093473971], [0.000717446440831, -0.00128661678173, 0.00199385569431, -0.000734527362511, 0.00111068587285, -0.000189105339814, 0.00159926258493, -0.00423811748624, 0.0107510471717, -0.00355490786023, 0.0042836535722, -0.00319455587305, 0.00195155153051], [-0.000515804509632, 0.00178159191273, -0.000920295249671, 0.0017370613059, -0.00182869390119, 0.00144768052269, -0.00246145110577, 0.000903990236111, -0.00355490786023, 0.0129047688097, -0.00470083765686, 0.00258695636876, -0.00184908800293], [0.000447510770755, -0.00118705269415, 0.00115578004625, -0.000134395144414, 0.00134085351601, -0.00109417492058, 0.00105229869951, -0.0028475006111, 0.0042836535722, -0.00470083765686, 0.0109883761033, 0.000311764364596, -5.44829272258e-05], [-0.000243812857661, 0.000696210365277, -0.00163088773843, 0.00080278958194, -0.000394953298382, -0.000191522165551, -0.00177947268821, 0.00296753062867, -0.00319455587305, 0.00258695636876, 0.000311764364596, 0.00933446548879, -0.000417916307924], [0.000272934208624, -0.000610186310951, 0.000920389371458, -0.00210142927244, 0.000500058580656, -0.000586504407693, 0.00101176358294, -0.000687093473971, 0.00195155153051, -0.00184908800293, -5.44829272258e-05, -0.000417916307924, 0.0104069905356]], "cov": [[7226.55615234, -224.052001953, -78.4152908325, -144.477661133, -482.684570313, -205.12562561, -549.356018066, -273.239349365, -403.246551514, 29.8907089233, -122.678649902, 15.1652917862, -97.0024032593], [-224.052001953, 1913.86230469, 428.508666992, 55.6647453308, -36.4543838501, -196.536468506, -95.7853317261, -332.841918945, -2.78166818619, -250.15713501, -28.60987854, 74.0633621216, 28.3446712494], [-78.4152908325, 428.508666992, 767.048339844, 77.4307327271, -24.6470718384, -149.593307495, -79.8064575195, -65.3098144531, -61.1566848755, -78.9859466553, -64.2474212646, 96.6448669434, -27.8417549133], [-144.477661133, 55.6647453308, 77.4307327271, 348.353668213, 16.3474292755, -34.9472541809, -47.3354377747, -31.0171108246, -3.82351589203, -54.6684684753, -22.3834323883, -6.22469758987, 60.9817276001], [-482.684570313, -36.4543838501, -24.6470718384, 16.3474292755, 233.256835938, 92.8468399048, 32.9417304993, -3.86576271057, 10.1559991837, 12.7062320709, -3.46605706215, 4.06890916824, 7.06729459763], [-205.12562561, -196.536468506, -149.593307495, -34.9472541809, 92.8468399048, 188.936157227, 70.4213790894, 46.7740478516, 13.5437774658, 30.4193191528, 23.3841247559, -11.8240528107, 4.97044944763], [-549.356018066, -95.7853317261, -79.8064575195, -47.3354377747, 32.9417304993, 70.4213790894, 196.49269104, 82.200630188, 41.2491874695, 41.0619087219, 26.8141117096, -1.3110986948, -5.35051345825], [-273.239349365, -332.841918945, -65.3098144531, -31.0171108246, -3.86576271057, 46.7740478516, 82.200630188, 227.189849854, 57.8557281494, 70.794631958, 46.8808898926, -48.3336830139, -2.97279381752], [-403.246551514, -2.78166818619, -61.1566848755, -3.82351589203, 10.1559991837, 13.5437774658, 41.2491874695, 57.8557281494, 172.394332886, 14.4454631805, -28.138343811, 24.815120697, -13.7782001495], [29.8907089233, -250.15713501, -78.9859466553, -54.6684684753, 12.7062320709, 30.4193191528, 41.0619087219, 70.794631958, 14.4454631805, 148.988708496, 54.5862960815, -41.1374435425, 4.6780295372], [-122.678649902, -28.60987854, -64.2474212646, -22.3834323883, -3.46605706215, 23.3841247559, 26.8141117096, 46.8808898926, -28.138343811, 54.5862960815, 147.521209717, -48.6878509521, 18.4673614502], [15.1652917862, 74.0633621216, 96.6448669434, -6.22469758987, 4.06890916824, -11.8240528107, -1.3110986948, -48.3336830139, 24.815120697, -41.1374435425, -48.6878509521, 155.281845093, -15.7666826248], [-97.0024032593, 28.3446712494, -27.8417549133, 60.9817276001, 7.06729459763, 4.97044944763, -5.35051345825, -2.97279381752, -13.7782001495, 4.6780295372, 18.4673614502, -15.7666826248, 118.214080811]]}, "spectral_energyband_middle_low": {"dmean2": 0.00386421498843, "median": 0.00228290096857, "min": 9.50588301407e-08, "dvar2": 5.78223734919e-05, "dvar": 2.72545148619e-05, "dmean": 0.00247954181395, "max": 0.141948774457, "var": 6.21473882347e-05, "mean": 0.00504069030285}, "melbands_crest": {"dmean2": 6.29449987411, "median": 11.2747602463, "min": 3.16509723663, "dvar2": 30.4388160706, "dvar": 11.5399599075, "dmean": 3.77273178101, "max": 33.247303009, "var": 25.1299362183, "mean": 12.3735952377}, "spectral_kurtosis": {"dmean2": 3.84728264809, "median": 5.04735851288, "min": 0.541590332985, "dvar2": 13.9194259644, "dvar": 5.00008487701, "dmean": 2.20173335075, "max": 32.8987503052, "var": 8.09721088409, "mean": 5.65333271027}, "spectral_rms": {"dmean2": 0.00097702909261, "median": 0.00217703171074, "min": 1.50411797222e-05, "dvar2": 2.12348163586e-06, "dvar": 9.11173628992e-07, "dmean": 0.000656049058307, "max": 0.0135093415156, "var": 2.61675995716e-06, "mean": 0.00250048562884}, "zerocrossingrate": {"dmean2": 0.0143454447389, "median": 0.0732421875, "min": 0.00927734375, "dvar2": 0.000194216045202, "dvar": 0.000148206527228, "dmean": 0.0121480254456, "max": 0.296875, "var": 0.00112534570508, "mean": 0.0795004963875}, "silence_rate_60dB": {"dmean2": 0.216022893786, "median": 0, "min": 0, "dvar2": 0.19582504034, "dvar": 0.0963145643473, "dmean": 0.107972830534, "max": 1, "var": 0.227886497974, "mean": 0.351322382689}, "erbbands_kurtosis": {"dmean2": 1.9181163311, "median": -0.387599468231, "min": -1.79255974293, "dvar2": 6.58002138138, "dvar": 2.55306792259, "dmean": 1.16629970074, "max": 20.8330841064, "var": 3.95191907883, "mean": 0.178645685315}, "erbbands": {"dmean2": [0.000313990341965, 0.00685046659783, 0.106029048562, 0.734152436256, 1.83361923695, 8.88113307953, 8.19678878784, 15.4644823074, 11.9042749405, 18.7392845154, 20.1543903351, 12.699596405, 8.25080108643, 5.01924037933, 13.6586265564, 20.6246681213, 16.8819999695, 17.0098209381, 17.9158363342, 21.787858963, 164.696624756, 27.1096954346, 11.5526037216, 19.6034297943, 49.7259292603, 24.8069992065, 14.169137001, 4.10509347916, 2.57092261314, 5.09356641769, 2.51959228516, 0.913375496864, 0.702577769756, 0.178441137075, 0.0819687396288, 0.105963788927, 0.0644196197391, 0.00421803863719, 0.00356979644857, 7.83440191299e-05], "median": [0.000120980090287, 0.00201064976864, 0.0211521685123, 0.126400560141, 0.450530558825, 1.76642036438, 1.99044954777, 1.92495393753, 3.00979471207, 6.18959331512, 5.64707279205, 2.959420681, 2.16112470627, 1.58335995674, 2.85918021202, 3.62411308289, 3.46941375732, 2.9932141304, 3.51347446442, 4.22827386856, 6.06673145294, 5.15297746658, 3.53886127472, 2.63562726974, 2.25155067444, 3.16491699219, 2.39854621887, 0.932956218719, 0.425790309906, 0.248247742653, 0.139696478844, 0.127900451422, 0.126147195697, 0.0281019769609, 0.00840028375387, 0.00300638843328, 0.000666522071697, 0.000147971353726, 4.5657150622e-05, 1.00827710412e-05], "min": [8.08687843801e-07, 5.48060779693e-06, 7.7590402725e-06, 2.10337966564e-05, 2.49638815149e-05, 7.7380987932e-05, 4.31680527981e-05, 9.25284075493e-06, 3.341772981e-06, 1.20783943203e-06, 1.38108384817e-06, 9.02114834389e-07, 2.22818448492e-06, 3.17185254062e-06, 5.36484276381e-06, 2.76439641311e-06, 4.30023510489e-06, 2.74044941762e-06, 3.13080886372e-06, 3.59384603144e-06, 1.54090025717e-06, 1.57933277478e-06, 1.84586599516e-06, 3.81635800295e-06, 4.07839434047e-06, 4.84425027025e-06, 5.40534438187e-06, 3.30248690261e-06, 4.94109917781e-06, 3.56688428838e-06, 2.55455393017e-06, 3.19642913382e-06, 2.33048831433e-06, 2.43695990321e-06, 2.4248331556e-06, 2.05622995963e-06, 1.2675650396e-06, 1.1042108099e-06, 5.32392334662e-07, 9.02714987205e-08], "dvar2": [3.06142766249e-07, 0.000134552610689, 0.0662179589272, 3.44003009796, 13.7427473068, 357.482879639, 322.925689697, 2211.01635742, 1012.10998535, 1747.74682617, 1463.11938477, 833.486572266, 333.835784912, 255.049865723, 2338.96362305, 2537.92358398, 1546.55895996, 1655.35424805, 3225.16821289, 3755.98852539, 568276.5625, 9059.22363281, 3742.21240234, 8716.81152344, 47151.6679688, 7399.96044922, 1682.34741211, 187.052825928, 68.9110641479, 427.312103271, 153.398880005, 10.2814188004, 7.8395075798, 0.312238931656, 0.180037200451, 0.346765458584, 0.120724447072, 0.000496815016959, 0.00107038172428, 2.87599789317e-07], "dvar": [1.03840427812e-07, 4.81785173179e-05, 0.0245008748025, 1.33858919144, 5.57922077179, 123.275939941, 119.950279236, 886.173461914, 393.655792236, 722.557678223, 652.060852051, 316.053619385, 129.629989624, 94.9053573608, 870.504272461, 942.773498535, 584.676452637, 729.84173584, 1609.17871094, 1414.98815918, 205607.90625, 3277.63354492, 1684.46240234, 3103.23852539, 16162.1982422, 2541.13989258, 656.319091797, 83.275062561, 28.8227500916, 194.990188599, 53.4099769592, 3.70876312256, 4.25713253021, 0.118039049208, 0.0781951472163, 0.133610695601, 0.0485521070659, 0.000184355361853, 0.000364900566638, 1.00652648882e-07], "dmean": [0.00017876792117, 0.00389145314693, 0.0619179457426, 0.440725892782, 1.1198374033, 5.08112287521, 4.74354457855, 9.74200630188, 7.12983512878, 11.7639923096, 12.9347734451, 7.66370725632, 4.92560625076, 3.12061715126, 8.66844749451, 12.4920063019, 10.3137207031, 10.9718570709, 11.6564588547, 13.1898765564, 91.7187652588, 16.0868263245, 7.59300708771, 11.4174880981, 26.4308071136, 14.0702772141, 8.80765724182, 2.52936816216, 1.61340045929, 3.25093436241, 1.3788588047, 0.524203658104, 0.439319014549, 0.10637203604, 0.0505530461669, 0.0634095668793, 0.0382473021746, 0.00245748925954, 0.0019080650527, 4.49671861134e-05], "max": [0.00442585721612, 0.081808835268, 2.22422337532, 19.3260612488, 48.4475860596, 192.913619995, 232.052200317, 690.991149902, 565.347595215, 599.771484375, 356.685180664, 217.592147827, 170.740768433, 250.890075684, 919.196716309, 750.683044434, 314.902587891, 860.85559082, 1481.67822266, 521.825805664, 5514.35791016, 639.345092773, 1911.72741699, 1840.82409668, 1045.80371094, 541.368225098, 586.83380127, 297.741149902, 109.347602844, 325.626678467, 115.088691711, 17.5747776031, 90.4440841675, 4.25922441483, 9.34984016418, 7.66423130035, 3.70996570587, 0.332647800446, 0.631144881248, 0.010143417865], "var": [1.55579201078e-07, 6.57164637232e-05, 0.0230985675007, 1.31446504593, 10.5488557816, 141.523345947, 174.757797241, 1103.50378418, 486.556121826, 1026.39550781, 1271.72717285, 330.258300781, 137.627944946, 122.701698303, 1444.63525391, 1011.7354126, 691.487609863, 1115.42211914, 2765.63500977, 1187.27612305, 130320.414063, 2391.47802734, 2279.28491211, 4812.41699219, 9079.05761719, 1575.71838379, 870.23638916, 118.612030029, 42.84815979, 303.06362915, 31.7120018005, 2.63238716125, 5.97026824951, 0.108003988862, 0.0893189609051, 0.10152105242, 0.0394028611481, 0.000127622450236, 0.000195320011699, 6.03249716846e-08], "mean": [0.000267905037617, 0.00507479719818, 0.0705715417862, 0.495378613472, 1.68083977699, 6.02338457108, 6.93951368332, 12.5983333588, 10.1447591782, 16.7024269104, 19.6238002777, 8.804063797, 5.94062376022, 4.47850418091, 11.2627725601, 15.6169052124, 12.3863992691, 13.1752614975, 15.2875099182, 13.7185926437, 66.6080322266, 17.5988197327, 11.3141965866, 12.8290719986, 18.0112056732, 13.4192256927, 11.3430452347, 3.23013091087, 2.15798211098, 4.04224824905, 1.04227721691, 0.516218006611, 0.554472148418, 0.114400953054, 0.0564711205661, 0.0512063242495, 0.0299777183682, 0.00192976393737, 0.00115615862887, 4.05853752454e-05]}, "spectral_strongpeak": {"dmean2": 1.4696366787, "median": 0.6439691782, "min": 0.000857051811181, "dvar2": 5.40030050278, "dvar": 2.2679772377, "dmean": 0.885629236698, "max": 20.7231006622, "var": 3.15417575836, "mean": 1.25057172775}, "spectral_energy": {"dmean2": 0.00793399009854, "median": 0.00485795503482, "min": 2.31893025671e-07, "dvar2": 0.000335199001711, "dvar": 0.000132265558932, "dmean": 0.00500524463132, "max": 0.187064871192, "var": 0.000192196006537, "mean": 0.00909091066569}, "average_loudness": 0.838993728161, "spectral_rolloff": {"dmean2": 1121.45141602, "median": 2174.85351563, "min": 129.19921875, "dvar2": 2031056.75, "dvar": 850614.875, "dmean": 658.884094238, "max": 13285.9863281, "var": 1764430.875, "mean": 2273.40161133}, "spectral_centroid": {"dmean2": 573.409362793, "median": 1682.46875, "min": 164.650238037, "dvar2": 267629.65625, "dvar": 128075.601563, "dmean": 375.500396729, "max": 4780.55566406, "var": 612910.8125, "mean": 1784.31921387}, "pitch_salience": {"dmean2": 0.133334711194, "median": 0.555913209915, "min": 0.146067172289, "dvar2": 0.0123389661312, "dvar": 0.00496717449278, "dmean": 0.0826887115836, "max": 0.857568144798, "var": 0.0153088672087, "mean": 0.549862861633}, "spectral_energyband_middle_high": {"dmean2": 0.00494945561513, "median": 0.00127711775713, "min": 1.01887576154e-09, "dvar2": 0.000256326718954, "dvar": 9.41137768677e-05, "dmean": 0.00296788080595, "max": 0.10179322958, "var": 7.47856756789e-05, "mean": 0.00344506977126}, "spectral_contrast_coeffs": {"dmean2": [0.100713767111, 0.0826701074839, 0.0762708410621, 0.0642727762461, 0.0577091313899, 0.0387576185167], "median": [-0.573172748089, -0.757545113564, -0.757560491562, -0.739472866058, -0.721790611744, -0.730987906456], "min": [-0.954158306122, -0.930241942406, -0.949463784695, -0.951904773712, -0.927171885967, -0.910180449486], "dvar2": [0.00651337578893, 0.0040543503128, 0.00391056248918, 0.00283267954364, 0.00251234811731, 0.00104164460208], "dvar": [0.00234121992253, 0.00156401295681, 0.00157831562683, 0.0012172088027, 0.00104044075124, 0.000435331050539], "dmean": [0.0577024929225, 0.0504462346435, 0.0475958958268, 0.0413248315454, 0.0375537127256, 0.0252117849886], "max": [-0.274554252625, -0.4059060812, -0.516095161438, -0.485996454954, -0.456228762865, -0.535546243191], "var": [0.0125999078155, 0.0064832973294, 0.00479084160179, 0.00446585658938, 0.00377778476104, 0.00163557357155], "mean": [-0.579898178577, -0.74463891983, -0.750008523464, -0.734693825245, -0.71795386076, -0.729491472244]}, "melbands_skewness": {"dmean2": 1.10164260864, "median": 1.68317008018, "min": -1.6846858263, "dvar2": 0.992317318916, "dvar": 0.425271898508, "dmean": 0.703931629658, "max": 8.92208576202, "var": 1.43240380287, "mean": 1.68845260143}, "spectral_spread": {"dmean2": 710786.625, "median": 3381351.5, "min": 1378861.25, "dvar2": 574811406336, "dvar": 232214298624, "dmean": 448197.34375, "max": 10422851, "var": 554129948672, "mean": 3444268.25}, "dissonance": {"dmean2": 0.0376365035772, "median": 0.468558102846, "min": 0.311748117208, "dvar2": 0.00115496991202, "dvar": 0.000425215665018, "dmean": 0.0224611442536, "max": 0.500000059605, "var": 0.000728589191567, "mean": 0.462672531605}, "spectral_skewness": {"dmean2": 0.473943889141, "median": 1.51683950424, "min": 0.393992125988, "dvar2": 0.170604169369, "dvar": 0.0648672506213, "dmean": 0.287359267473, "max": 4.23943138123, "var": 0.169882103801, "mean": 1.56784749031}, "spectral_flux": {"dmean2": 0.028470557183, "median": 0.0445564165711, "min": 0.000340723723639, "dvar2": 0.00157180789392, "dvar": 0.000782201997936, "dmean": 0.0183107908815, "max": 0.400816321373, "var": 0.00197306601331, "mean": 0.0547540001571}, "spectral_contrast_valleys": {"dmean2": [0.781920969486, 0.699885547161, 0.706591367722, 0.664699375629, 0.66174519062, 0.717177689075], "median": [-9.41446495056, -7.00850534439, -8.18056964874, -8.61633872986, -8.6667842865, -11.7588195801], "min": [-12.6587171555, -14.1148576736, -14.3628692627, -14.7238168716, -14.2769060135, -15.8547029495], "dvar2": [0.420350700617, 0.36809822917, 0.3979639709, 0.385834187269, 0.426855832338, 0.458191871643], "dvar": [0.144711598754, 0.175294622779, 0.20236569643, 0.192875742912, 0.196248337626, 0.214785769582], "dmean": [0.449838876724, 0.428383737803, 0.463147521019, 0.462246090174, 0.473494380713, 0.510341227055], "max": [-7.45314693451, -4.59161901474, -5.2121925354, -6.01422595978, -5.52114009857, -8.54480743408], "var": [0.811763465405, 1.67901086807, 1.26253318787, 1.13301670551, 1.04103398323, 1.02265918255], "mean": [-9.50537776947, -7.23568534851, -8.30659389496, -8.68552780151, -8.68289279938, -11.7460746765]}, "erbbands_flatness_db": {"dmean2": 0.0357958041131, "median": 0.204861849546, "min": 0.0752228721976, "dvar2": 0.00120462896302, "dvar": 0.000475635955809, "dmean": 0.0226805731654, "max": 0.365269571543, "var": 0.00145375041757, "mean": 0.210030779243}, "spectral_energyband_high": {"dmean2": 0.000606414105278, "median": 0.000177632231498, "min": 5.39832889501e-09, "dvar2": 2.61618401964e-06, "dvar": 9.98915993478e-07, "dmean": 0.000377635820769, "max": 0.0133195081726, "var": 1.18643856695e-06, "mean": 0.000521772308275}, "spectral_entropy": {"dmean2": 0.379809945822, "median": 7.08628368378, "min": 5.24090957642, "dvar2": 0.114093400538, "dvar": 0.0504747480154, "dmean": 0.250709235668, "max": 8.0874042511, "var": 0.174171075225, "mean": 7.04346990585}, "silence_rate_20dB": {"dmean2": 0, "median": 1, "min": 1, "dvar2": 0, "dvar": 0, "dmean": 0, "max": 1, "var": 0, "mean": 1}, "melbands_flatness_db": {"dmean2": 0.0437457300723, "median": 0.178874254227, "min": 0.0625221282244, "dvar2": 0.00145360769238, "dvar": 0.000641220714897, "dmean": 0.0281122680753, "max": 0.467018663883, "var": 0.00244731106795, "mean": 0.184601962566}, "barkbands": {"dmean2": [5.06357515917e-08, 2.29023007705e-05, 0.000151443600771, 0.000311634968966, 0.00168590142857, 0.00153260515071, 0.000911678303964, 0.00113666220568, 0.000520839646924, 0.000205284406547, 0.000218988367124, 0.00053775543347, 0.000400427583372, 0.000333925214363, 0.000292745651677, 0.00256168749183, 0.000354136893293, 0.000218408982619, 0.000698808580637, 0.000663363549393, 0.000207662640605, 0.000135332564241, 6.92780013196e-05, 4.31504304288e-05, 1.09789243652e-05, 2.92676922982e-05, 1.25236092572e-05], "median": [3.12477617115e-08, 5.90135005041e-06, 2.54400983977e-05, 4.72615138278e-05, 0.000420683994889, 0.000256309926044, 0.000257945561316, 0.000301460648188, 9.23389889067e-05, 5.21345500601e-05, 2.45557639573e-05, 6.26658002147e-05, 6.59747165628e-05, 5.91620409978e-05, 5.09247656737e-05, 0.000130811109557, 6.90455199219e-05, 5.0236019888e-05, 3.30878610839e-05, 5.5849643104e-05, 3.05601715809e-05, 1.02820540633e-05, 3.39745974998e-06, 9.03571890376e-06, 1.04851631022e-06, 4.83476924273e-07, 2.26877062914e-07], "min": [9.22041332174e-10, 2.13981028452e-08, 1.29991795106e-09, 3.71189168291e-09, 2.84152417152e-08, 2.54408649702e-09, 2.12964604285e-10, 5.98268379282e-11, 4.05930254688e-11, 8.16783168878e-11, 1.17620482798e-10, 4.45972841989e-11, 9.24990292694e-11, 5.16034853737e-11, 8.18540235592e-11, 2.80085087068e-11, 3.1663022898e-11, 3.96662078184e-11, 7.34418775794e-11, 1.0103312631e-10, 1.11477840847e-10, 1.39775885311e-10, 8.36619107325e-11, 1.59766047614e-10, 3.27469662498e-10, 5.89530924078e-10, 5.01593122593e-09], "dvar2": [4.87415622728e-15, 1.65179037115e-09, 1.34480998781e-07, 7.23418452253e-07, 1.23861573229e-05, 1.99796213565e-05, 4.45523755843e-06, 5.10109202878e-06, 1.18779280456e-06, 1.7490229709e-07, 1.21765583572e-06, 1.56546866492e-06, 8.79755418737e-07, 9.20194338505e-07, 1.17249794584e-06, 0.000133151057526, 1.32627872063e-06, 9.67925416262e-07, 8.17067484604e-06, 5.85887619309e-06, 4.88067598781e-07, 2.51133343454e-07, 1.11159408789e-07, 1.98715852662e-08, 1.7000520991e-09, 2.44702267338e-08, 1.10616946714e-08], "dvar": [1.72160251211e-15, 5.53197820885e-10, 5.0313037292e-08, 2.73355169611e-07, 4.40940766566e-06, 7.91600177763e-06, 1.67963571585e-06, 2.18380978367e-06, 4.5115760372e-07, 6.99272248994e-08, 4.51733910722e-07, 5.85985389989e-07, 3.31121270847e-07, 4.93055836159e-07, 4.96255779581e-07, 4.81247261632e-05, 4.73196394069e-07, 4.26116088192e-07, 2.83646932075e-06, 2.0195216166e-06, 1.91307790942e-07, 1.16063652911e-07, 3.86000387209e-08, 9.15238107524e-09, 7.00781543905e-10, 9.72125491217e-09, 3.79743170242e-09], "dmean": [2.82199259516e-08, 1.27703488033e-05, 8.91035087989e-05, 0.000183842712431, 0.00098069710657, 0.000958256365266, 0.000535354483873, 0.000728151237126, 0.000313414318953, 0.000125027800095, 0.000138228497235, 0.000325774337398, 0.000244988157647, 0.000213885083213, 0.000187444718904, 0.00143071659841, 0.000212488026591, 0.000140837393701, 0.000379241479095, 0.000372489943402, 0.000125900347484, 8.66004702402e-05, 3.75084746338e-05, 2.60755114141e-05, 6.62933916828e-06, 1.72062300408e-05, 6.8155623012e-06], "max": [1.23829215681e-06, 0.00030148535734, 0.00310460850596, 0.0113037228584, 0.0395890586078, 0.0707037597895, 0.0307709164917, 0.0243582464755, 0.007381611038, 0.00321841239929, 0.0200761929154, 0.0165983550251, 0.00787585321814, 0.026362452656, 0.024793561548, 0.0825787559152, 0.010483764112, 0.0281133651733, 0.029837410897, 0.0135025046766, 0.0104302819818, 0.00726159755141, 0.00298810750246, 0.00334078166634, 0.000746073783375, 0.00173449702561, 0.00200617476366], "var": [2.21374326578e-15, 6.34889307793e-10, 4.63660683181e-08, 2.48126184488e-07, 6.36445338387e-06, 1.01604427982e-05, 2.04208367904e-06, 3.60912895303e-06, 5.06407047851e-07, 9.41678806043e-08, 7.5721027315e-07, 6.48499678846e-07, 3.93912841901e-07, 1.06256663912e-06, 6.70799693125e-07, 3.04769600916e-05, 3.90132129269e-07, 5.72958413159e-07, 2.55523173109e-06, 1.22746700981e-06, 2.31565152831e-07, 1.94166844381e-07, 2.22137064299e-08, 1.09874136456e-08, 7.49502238051e-10, 7.73217134764e-09, 2.08100159327e-09], "mean": [4.51934702994e-08, 1.5100435121e-05, 9.53240596573e-05, 0.000198045469006, 0.00134411465842, 0.00135109946132, 0.000711377710104, 0.00103245710488, 0.000350925867679, 0.000164287703228, 0.000175830311491, 0.000385655264836, 0.000280626030872, 0.000272289034911, 0.000228801058256, 0.00105769862421, 0.000247868942097, 0.000191230807104, 0.000307609530864, 0.000329716829583, 0.000153864835738, 0.000113952206448, 2.66043662123e-05, 3.13266355079e-05, 6.81007486492e-06, 1.37591005114e-05, 4.39778023065e-06]}, "erbbands_skewness": {"dmean2": 0.771831452847, "median": 0.121568582952, "min": -3.30890250206, "dvar2": 0.442977786064, "dvar": 0.203118667006, "dmean": 0.503736674786, "max": 4.34191179276, "var": 0.613064467907, "mean": 0.14244055748}, "erbbands_spread": {"dmean2": 13.4456014633, "median": 31.4132118225, "min": 4.61153268814, "dvar2": 158.224746704, "dvar": 65.1838302612, "dmean": 8.53934764862, "max": 101.178962708, "var": 186.125137329, "mean": 32.4703140259}, "melbands_kurtosis": {"dmean2": 6.43965578079, "median": 3.0929787159, "min": -1.65965592861, "dvar2": 145.45085144, "dvar": 53.9880332947, "dmean": 3.98206353188, "max": 278.149688721, "var": 142.569396973, "mean": 5.69835281372}, "melbands": {"dmean2": [4.74005400974e-06, 3.92270376324e-05, 0.000123956226162, 0.00039762846427, 0.000279039755696, 0.000318924925523, 0.000188562218682, 0.000228643591981, 0.000142851800774, 7.80016562203e-05, 4.0228387661e-05, 2.03504587262e-05, 3.70973866666e-05, 7.03120604157e-05, 3.87441032217e-05, 3.77253600163e-05, 3.17798294418e-05, 3.05013018078e-05, 1.99958212761e-05, 5.92629003222e-05, 0.000223053706577, 2.2379854272e-05, 1.05361878013e-05, 1.09800857899e-05, 1.55752713908e-05, 3.10249088216e-05, 3.79119665013e-05, 1.25745764308e-05, 1.02380099634e-05, 4.69515089208e-06, 2.07717016565e-06, 1.0031299098e-06, 3.72792442249e-06, 1.99934879674e-06, 1.85437636446e-06, 6.3074156742e-07, 5.41027134204e-07, 5.68197151551e-07, 2.98639491803e-07, 1.16648550375e-07], "median": [1.35654886435e-06, 8.39040603751e-06, 2.66000861302e-05, 8.3351493231e-05, 7.69285688875e-05, 4.55603876617e-05, 4.84695701743e-05, 7.69912585383e-05, 3.92501970055e-05, 1.23747377074e-05, 9.82509027381e-06, 5.02170905747e-06, 5.55467795493e-06, 8.295135558e-06, 8.82085259946e-06, 5.90815625401e-06, 3.98824249714e-06, 4.86504904984e-06, 3.30148441208e-06, 6.4794512582e-06, 6.02330419497e-06, 3.91784806197e-06, 3.67935172108e-06, 2.1796117835e-06, 1.59787578013e-06, 1.37221923069e-06, 8.33191393212e-07, 1.57098304499e-06, 1.30842499857e-06, 4.10890493185e-07, 2.67320444891e-07, 1.24159171833e-07, 1.62965065442e-07, 9.88550112879e-08, 5.56680497255e-08, 6.32474908002e-08, 6.16508799567e-08, 8.97136658295e-08, 4.33281606149e-08, 8.47684233918e-09], "min": [6.64605837031e-09, 6.60096644012e-09, 4.77709694024e-09, 3.27495297547e-09, 1.41773248696e-09, 2.63068733464e-10, 4.27192205221e-11, 1.1487849734e-11, 8.65156644242e-12, 6.36186546152e-12, 9.60377090353e-12, 1.06910235873e-11, 1.81267553051e-11, 6.90498309572e-12, 7.57472903845e-12, 7.57353468134e-12, 4.49717823744e-12, 3.82707711008e-12, 6.68279060562e-12, 2.90290990031e-12, 1.78278290568e-12, 2.02824541017e-12, 9.33120768154e-13, 2.20832900577e-12, 3.21287267624e-12, 2.07862199675e-12, 1.97959790921e-12, 3.