{"metadata": {"tags": {"encoding": ["Lavf56.36.100"], "artist": ["Mark McGuinn"], "bpm": ["0"], "discnumber": ["0/0"], "title": ["Mrs. Steven Rudy"], "tracknumber": ["1/0"], "album": ["Mrs. Steven Rudy - Single"], "musicbrainz_recordingid": ["0d47ce5f-7fd9-4f76-b508-9b6d7ac6c65c"], "artistsort": ["McGuinn, Mark"], "date": ["2015"], "file_name": "Mark McGuinn - Mrs. Steven Rudy.mp3", "musicbrainz_artistid": ["adc422a4-d235-4d68-9e8a-ac7d33e033de"]}, "audio_properties": {"sample_rate": 44100, "downmix": "mix", "lossless": false, "analysis_sample_rate": 44100, "md5_encoded": "774988aaed08046728f8abb86b0c66be", "equal_loudness": 0, "replay_gain": -12.737449646, "codec": "mp3", "bit_rate": 160020, "length": 209.554290771}, "version": {"extractor": "music 1.0", "essentia_build_sha": "70f2e5ece6736b2c40cc944ad0e695b16b925413", "essentia_git_sha": "v2.1_beta2", "essentia": "2.1-beta2"}}, "rhythm": {"beats_loudness_band_ratio": {"dvar2": [0.163125351071, 0.0189650841057, 0.0306925214827, 0.0261761471629, 0.0246176403016, 0.0250326953828], "var": [0.0658704787493, 0.00870219897479, 0.0168207865208, 0.00891995616257, 0.0112068727612, 0.0135165629908], "min": [1.14313088488e-05, 0.0035616424866, 0.0137369064614, 0.00370027124882, 0.00299134524539, 0.00711023015901], "dmean": [0.371399462223, 0.103595890105, 0.127338543534, 0.112513333559, 0.114085748792, 0.149639040232], "mean": [0.318980306387, 0.117531985044, 0.185523182154, 0.124087043107, 0.136322528124, 0.134551241994], "max": [0.911467909813, 0.511327207088, 0.855562031269, 0.580991506577, 0.520214676857, 0.846061706543], "dmean2": [0.715260565281, 0.186694130301, 0.222189947963, 0.208208143711, 0.205163910985, 0.296416848898], "median": [0.28740465641, 0.0962986052036, 0.148323699832, 0.10198212415, 0.110702089965, 0.103268809617], "dvar": [0.0467637069523, 0.00693813432008, 0.0119812022895, 0.00869130250067, 0.00815672334284, 0.00807362329215]}, "bpm_histogram_first_peak_weight": {"dvar2": 0, "var": 0, "min": 0.700830996037, "dmean": 0, "mean": 0.700830996037, "max": 0.700830996037, "dmean2": 0, "median": 0.700830996037, "dvar": 0}, "bpm": 103.979690552, "beats_count": 362, "bpm_histogram_first_peak_spread": {"dvar2": 0, "var": 0, "min": 0.295264661312, "dmean": 0, "mean": 0.295264661312, "max": 0.295264661312, "dmean2": 0, "median": 0.295264661312, "dvar": 0}, "danceability": 1.15537524223, "bpm_histogram_first_peak_bpm": {"dvar2": 0, "var": 0, "min": 103, "dmean": 0, "mean": 103, "max": 103, "dmean2": 0, "median": 103, "dvar": 0}, "beats_position": [0.545668900013, 1.11455774307, 1.69505667686, 2.27555561066, 2.85605430603, 3.43655323982, 4.01705217361, 4.59755086899, 5.17804956436, 5.74693870544, 6.31582736969, 6.8963265419, 7.47682523727, 8.05732440948, 8.63782310486, 9.21832180023, 9.78721046448, 10.3560991287, 10.9365987778, 11.5170974731, 12.0975961685, 12.6780948639, 13.2585935593, 13.8274831772, 14.3963718414, 14.9768705368, 15.5573692322, 16.1378688812, 16.7067565918, 17.2872562408, 17.8677539825, 18.4366436005, 19.0171432495, 19.5976409912, 20.1665306091, 20.7470283508, 21.3275279999, 21.9080276489, 22.4769153595, 23.0574150085, 23.6379127502, 24.2184123993, 24.7873020172, 25.3677997589, 25.948299408, 26.5287971497, 27.0976867676, 27.6781845093, 28.2470741272, 28.8159637451, 29.3964614868, 29.9769611359, 30.5574588776, 31.1379585266, 31.7184581757, 32.2989578247, 32.8794555664, 33.4483451843, 34.0172348022, 34.5977325439, 35.1782302856, 35.7587280273, 36.3392295837, 36.9197273254, 37.4886169434, 38.0691146851, 38.638004303, 39.2185020447, 39.7989997864, 40.3678894043, 40.9367790222, 41.5172767639, 42.0977783203, 42.678276062, 43.2587738037, 43.8392753601, 44.4197731018, 45.0002708435, 45.5691604614, 46.1380500793, 46.718547821, 47.2990455627, 47.8795471191, 48.4484329224, 49.0289344788, 49.5978240967, 50.1783218384, 50.7588195801, 51.3393173218, 51.9082069397, 52.4770965576, 53.0575942993, 53.6380958557, 54.2185935974, 54.7990913391, 55.3795890808, 55.9484786987, 56.5289802551, 57.0978660583, 57.6783676147, 58.2588653564, 58.8393630981, 59.4198646545, 60.0003623962, 60.5692520142, 61.1381378174, 61.7186393738, 62.2991371155, 62.8796348572, 63.4601364136, 64.0290222168, 64.6095199585, 65.1784133911, 65.7589111328, 66.3394088745, 66.9199066162, 67.4771881104, 68.0576858521, 68.6381835938, 69.2186813354, 69.7991790771, 70.3796844482, 70.9601821899, 71.5290679932, 72.0979614258, 72.6784591675, 73.2589569092, 73.8394546509, 74.4199523926, 75.0004501343, 75.5693435669, 76.1498413086, 76.7187271118, 77.2992248535, 77.8797302246, 78.4602279663, 79.040725708, 79.6212234497, 80.1901092529, 80.7590026855, 81.3395004272, 81.9199981689, 82.4888839722, 83.0693893433, 83.6382751465, 84.2187728882, 84.7992706299, 85.3797683716, 85.9602737427, 86.5407714844, 87.1212692261, 87.7017669678, 88.2822647095, 88.8511581421, 89.4200439453, 89.9889297485, 90.5694351196, 91.1499328613, 91.7188186646, 92.2993164062, 92.8798141479, 93.460319519, 94.0292053223, 94.609703064, 95.1785888672, 95.7590942383, 96.33959198, 96.9200897217, 97.5005874634, 98.0810852051, 98.6499786377, 99.2188644409, 99.7993621826, 100.379859924, 100.960357666, 101.540863037, 102.121360779, 102.701858521, 103.259140015, 103.839637756, 104.420135498, 105.00063324, 105.581130981, 106.161628723, 106.742126465, 107.311019897, 107.879905701, 108.460403442, 109.040908813, 109.621406555, 110.190292358, 110.759178162, 111.339683533, 111.920181274, 112.489067078, 113.069564819, 113.638458252, 114.218955994, 114.799453735, 115.379951477, 115.960449219, 116.54094696, 117.109840393, 117.678726196, 118.259223938, 118.839729309, 119.420227051, 120.000724792, 120.569610596, 121.161720276, 121.742218018, 122.322715759, 122.90322113, 123.472106934, 124.040992737, 124.621498108, 125.20199585, 125.782493591, 126.351379395, 126.920272827, 127.500770569, 128.081268311, 128.661773682, 129.242263794, 129.811157227, 130.391647339, 130.960540771, 131.541046143, 132.121536255, 132.702041626, 133.2709198, 133.839813232, 134.420318604, 135.000808716, 135.581314087, 136.161804199, 136.74230957, 137.322814941, 137.891693115, 138.460586548, 139.041091919, 139.621582031, 140.202087402, 140.782577515, 141.351470947, 141.92036438, 142.500854492, 143.081359863, 143.661849976, 144.242355347, 144.822860718, 145.40335083, 145.972244263, 146.541137695, 147.121627808, 147.702133179, 148.282623291, 148.863128662, 149.432022095, 150.012512207, 150.593017578, 151.161895752, 151.742401123, 152.311294556, 152.891784668, 153.472290039, 154.041183472, 154.621673584, 155.202178955, 155.782669067, 156.3515625, 156.920455933, 157.500946045, 158.081451416, 158.661941528, 159.242446899, 159.822952271, 160.391830444, 160.960723877, 161.541213989, 162.12171936, 162.702224731, 163.282714844, 163.863220215, 164.432098389, 165.01260376, 165.581497192, 166.161987305, 166.730880737, 167.311386108, 167.891876221, 168.460769653, 169.041259766, 169.621765137, 170.202270508, 170.78276062, 171.363265991, 171.943756104, 172.512649536, 173.093154907, 173.662033081, 174.242538452, 174.823028564, 175.403533936, 175.972427368, 176.55291748, 177.121810913, 177.702316284, 178.282806396, 178.863311768, 179.44380188, 180.024307251, 180.593200684, 181.162078857, 181.742584229, 182.323074341, 182.903579712, 183.484085083, 184.064575195, 184.633468628, 185.202362061, 185.782852173, 186.363357544, 186.943847656, 187.512741089, 188.09324646, 188.662124634, 189.242630005, 189.823120117, 190.403625488, 190.984130859, 191.553009033, 192.121902466, 192.702392578, 193.282897949, 193.86340332, 194.443893433, 195.012786865, 195.581680298, 196.16217041, 196.742675781, 197.323165894, 197.903671265, 198.472564697, 199.041442871, 199.621948242, 200.202438354, 200.782943726, 201.363449097, 201.943939209, 202.52444458, 203.093322754, 203.662216187, 204.242721558, 204.82321167, 205.392105103, 205.960998535, 206.541488647, 207.121994019, 207.714096069, 208.29460144, 208.875091553], "beats_loudness": {"dvar2": 0.000215352614759, "var": 0.000151264524902, "min": 1.01955902054e-10, "dmean": 0.00855111237615, "mean": 0.0265036337078, "max": 0.0691196545959, "dmean2": 0.0149541143328, "median": 0.0277121849358, "dvar": 7.14269699529e-05}, "bpm_histogram_second_peak_weight": {"dvar2": 0, "var": 0, "min": 0.0055401660502, "dmean": 0, "mean": 0.0055401660502, "max": 0.0055401660502, "dmean2": 0, "median": 0.0055401660502, "dvar": 0}, "bpm_histogram_second_peak_spread": {"dvar2": 0, "var": 0, "min": 0, "dmean": 0, "mean": 0, "max": 0, "dmean2": 0, "median": 0, "dvar": 0}, "bpm_histogram_second_peak_bpm": {"dvar2": 0, "var": 0, "min": 108, "dmean": 0, "mean": 108, "max": 108, "dmean2": 0, "median": 108, "dvar": 0}, "onset_rate": 4.16563892365}, "lowlevel": {"spectral_energyband_high": {"dvar2": 8.63985678734e-06, "var": 4.92898880111e-06, "min": 8.48523891841e-21, "dmean": 0.000816625310108, "mean": 0.00138195871841, "max": 0.0359441302717, "dmean2": 0.00130762998015, "median": 0.000736984075047, "dvar": 3.50755499312e-06}, "spectral_energyband_middle_low": {"dvar2": 0.000104824765003, "var": 6.45983600407e-05, "min": 4.17082877494e-22, "dmean": 0.00355239282362, "mean": 0.00892560649663, "max": 0.0768835097551, "dmean2": 0.0057619549334, "median": 0.00717228930444, "dvar": 4.04020574933e-05}, "spectral_energy": {"dvar2": 0.000595285615418, "var": 0.000271119264653, "min": 1.13121189683e-20, "dmean": 0.00806334614754, "mean": 0.0228571482003, "max": 0.145177185535, "dmean2": 0.013466829434, "median": 0.0213942490518, "dvar": 0.000221013164264}, "spectral_spread": {"dvar2": 964472733696, "var": 1846040461310.0, "min": 1987914.875, "dmean": 530506.8125, "mean": 5262532.5, "max": 41445632, "dmean2": 780968.3125, "median": 5165464, "dvar": 519757922304}, "spectral_energyband_low": {"dvar2": 0.000358523800969, "var": 0.000102747006167, "min": 3.80148914782e-23, "dmean": 0.00425327755511, "mean": 0.00672717718408, "max": 0.127448320389, "dmean2": 0.00729842996225, "median": 0.00453646387905, "dvar": 0.000129913751152}, "spectral_rolloff": {"dvar2": 2233192.5, "var": 5014244, "min": 64.599609375, "dmean": 673.057128906, "mean": 2332.37792969, "max": 18540.0878906, "dmean2": 1075.04577637, "median": 1851.85546875, "dvar": 1063542}, "barkbands": {"dvar2": [2.19629043841e-07, 0.000178421236342, 4.12526751461e-05, 4.64675349576e-06, 1.39346138894e-05, 3.84708073398e-06, 1.43712368299e-05, 1.40594174809e-05, 9.43495615502e-06, 2.83729104922e-06, 1.14908732485e-06, 1.29145598748e-06, 9.45069587033e-07, 2.57000988313e-06, 1.8362092078e-06, 1.14721046884e-06, 1.19717230973e-06, 1.31364606659e-06, 4.60226601717e-07, 5.74130410769e-07, 6.33784907222e-07, 5.06948765633e-07, 3.21086560007e-07, 2.42169193143e-07, 2.22117876092e-07, 4.65668748006e-08, 9.136066903e-10], "var": [1.41615757343e-07, 4.89750236738e-05, 1.23159807117e-05, 1.53417727233e-06, 7.79702713771e-06, 3.13488203574e-06, 1.13450032586e-05, 8.39671884023e-06, 1.02725962279e-05, 2.48215451393e-06, 2.01427405955e-06, 9.77754893938e-07, 1.07764765289e-06, 4.12435565522e-06, 1.76241996996e-06, 1.01562864074e-06, 1.79837149972e-06, 1.21071718695e-06, 3.11234657602e-07, 2.43263770017e-07, 2.78310636759e-07, 2.57098633938e-07, 1.51940483306e-07, 1.63066573577e-07, 1.75365954647e-07, 2.18325713064e-08, 4.55516790954e-10], "min": [6.96035563618e-24, 1.31585604085e-23, 1.2296109036e-23, 2.06313253788e-23, 9.56138607738e-23, 1.89931815562e-23, 2.10052596474e-23, 5.673378452e-23, 1.89469319035e-22, 2.87609661475e-23, 6.95013720533e-23, 1.03901078086e-22, 3.39906374771e-23, 1.37200127518e-22, 7.93134196299e-23, 1.92899929962e-22, 9.51612944279e-23, 2.25004713403e-22, 2.44241181241e-22, 3.62266107015e-22, 3.82956880952e-22, 8.33171260133e-22, 7.49785759443e-22, 8.57316462284e-22, 1.57415540184e-21, 2.02114534678e-21, 2.03476676581e-21], "dmean": [0.000126339728013, 0.00313028669916, 0.00134317332413, 0.000553071848117, 0.00113491341472, 0.000494024774525, 0.00113717163913, 0.000939286546782, 0.000926981912926, 0.000560166779906, 0.000296515587252, 0.000266603950877, 0.000301193649648, 0.000420344324084, 0.000406311592087, 0.000302852713503, 0.000379387813155, 0.000352645787643, 0.000226682474022, 0.000211609105463, 0.00022287973843, 0.000201347051188, 0.000120328033518, 0.000107904241304, 9.01769017219e-05, 5.11475045641e-05, 7.0875826168e-06], "mean": [0.000222083399422, 0.00423969514668, 0.00182836351451, 0.000833044294268, 0.0019036734011, 0.000876889098436, 0.001979368506, 0.00130092178006, 0.00192618824076, 0.000869065755978, 0.000552347279154, 0.000417152332375, 0.000531910336576, 0.000837684492581, 0.000701907090843, 0.000502393988427, 0.000735939305741, 0.000634050695226, 0.000432962930063, 0.00031258596573, 0.000332818948664, 0.000322187726852, 0.000179018214112, 0.000161131989444, 0.000141568147228, 7.26312864572e-05, 9.55654377321e-06], "max": [0.00426501547918, 0.0864437967539, 0.0454563871026, 0.0182796120644, 0.042712341994, 0.0214044060558, 0.035408437252, 0.0420275889337, 0.0504484772682, 0.0166306030005, 0.022975737229, 0.0262180771679, 0.0137544460595, 0.0339466780424, 0.013999460265, 0.0125085329637, 0.0145594924688, 0.0164192523807, 0.00714674824849, 0.00853220745921, 0.00734301377088, 0.0060394690372, 0.0112695945427, 0.00785888079554, 0.0145491296425, 0.00547047052532, 0.000465579068987], "dmean2": [0.000200219932594, 0.00535396626219, 0.00236093252897, 0.000967486237641, 0.00187920464668, 0.00080476218136, 0.00180195004214, 0.00155184057076, 0.00138609239366, 0.000872314325534, 0.000456275767647, 0.000429874460679, 0.000465126475319, 0.000667342974339, 0.000619279802777, 0.000467935518827, 0.000578985433094, 0.000546745199244, 0.000361640413757, 0.000353700772393, 0.000369734159904, 0.000332262774464, 0.000199009693461, 0.000172469197423, 0.000141277851071, 8.20477798698e-05, 1.12702582555e-05], "median": [6.14243544987e-05, 0.00257398281246, 0.0007892853464, 0.000450132414699, 0.000809529214166, 0.000319070677506, 0.000571647367906, 0.000268876377959, 0.000803112634458, 0.000322971725836, 0.000195730215637, 0.000149334577145, 0.00022202845139, 0.000247670104727, 0.00021975452546, 0.000143208744703, 0.000208572324482, 0.000199825153686, 0.000244670460233, 0.00016265391605, 0.000165227116668, 0.000159007642651, 8.08525655884e-05, 7.40854156902e-05, 6.14608361502e-05, 3.2570642361e-05, 2.16724129132e-06], "dvar": [8.57482618244e-08, 6.45217369311e-05, 1.45355252243e-05, 1.652722176e-06, 5.27347219759e-06, 1.55528755386e-06, 6.00768908043e-06, 5.51989933228e-06, 4.13105726693e-06, 1.20892877931e-06, 5.1526575362e-07, 5.48149216684e-07, 4.30271200003e-07, 1.09270752091e-06, 7.98219218723e-07, 4.88168893753e-07, 5.57940495582e-07, 5.59199122563e-07, 1.83967387102e-07, 2.17894807975e-07, 2.40279689478e-07, 1.94202158355e-07, 1.25100228843e-07, 1.08542870692e-07, 1.07443973718e-07, 1.90159994418e-08, 3.74087039123e-10]}, "melbands_skewness": {"dvar2": 2.09240746498, "var": 2.42855119705, "min": -1.86077201366, "dmean": 0.672757387161, "mean": 2.24810028076, "max": 15.038066864, "dmean2": 1.03002977371, "median": 1.88611292839, "dvar": 0.850692868233}, "barkbands_skewness": {"dvar2": 0.780560731888, "var": 1.14460527897, "min": -4.02422380447, "dmean": 0.467830777168, "mean": 1.05284893513, "max": 9.85830688477, "dmean2": 0.711757063866, "median": 0.895843148232, "dvar": 0.329123139381}, "erbbands": {"dvar2": [0.148230567575, 10.1729564667, 62.1854705811, 41.287525177, 64.4383544922, 290.143615723, 249.242630005, 327.913787842, 2023.19946289, 5218.84033203, 5178.74511719, 6244.20019531, 2299.14916992, 2468.03662109, 1953.08825684, 1694.7902832, 1771.08959961, 4591.49755859, 6344.64746094, 4200.58203125, 2407.0769043, 2996.05981445, 4077.62133789, 1522.42553711, 1042.16882324, 1340.59020996, 993.675537109, 1187.8972168, 809.625061035, 329.356384277, 259.244903564, 96.992225647, 85.3812103271, 41.7688560486, 8.39010429382, 1.25892925262, 0.159372538328, 0.00424580974504, 2.03437575692e-05, 7.99766119997e-09], "var": [0.0422239229083, 2.69342827797, 17.3264732361, 12.8589296341, 31.1856441498, 150.798278809, 186.111755371, 235.507705688, 1680.86218262, 3847.49487305, 3302.10839844, 6590.00830078, 1957.31835938, 2308.15087891, 2355.95458984, 1189.0111084, 1864.0736084, 4809.15478516, 6624.74316406, 5343.70605469, 3492.87011719, 5235.37695312, 4015.64282227, 1061.98718262, 740.694641113, 539.460632324, 405.471008301, 524.001647949, 389.196350098, 168.446121216, 118.814407349, 68.1991500854, 51.4181175232, 31.8756923676, 6.33868980408, 0.592613756657, 0.0743776261806, 0.00246230396442, 9.74048452917e-06, 4.37547420518e-09], "min": [3.83182583523e-22, 2.82270012207e-21, 1.48935080981e-20, 4.53008855198e-20, 9.3383327408e-20, 4.5116891471e-19, 2.83277875237e-19, 1.84000808417e-19, 1.95360130802e-19, 7.54049677995e-19, 1.64566528212e-18, 4.79931638969e-18, 2.00954513551e-18, 1.7201007839e-18, 3.13487472805e-18, 3.93952087277e-18, 2.18000658704e-18, 6.95070521587e-18, 4.10188691444e-18, 9.01987022122e-18, 7.24143686731e-18, 5.97864226467e-18, 1.38182374212e-17, 8.72858435877e-18, 1.64685687715e-17, 1.571925067e-17, 1.11161071936e-17, 2.10520658812e-17, 3.00459361614e-17, 2.08929163313e-17, 2.43310710407e-17, 2.1575992155e-17, 1.28153082254e-17, 1.78047069975e-17, 1.15470542307e-17, 8.27566161437e-18, 3.4483040087e-18, 1.29333255989e-18, 2.91692602663e-19, 2.85391690056e-20], "dmean": [0.0915466248989, 0.711598992348, 1.63509213924, 1.56537878513, 2.3453309536, 4.90439558029, 4.12176847458, 4.46882295609, 12.8802595139, 20.717168808, 18.5161972046, 22.440776825, 14.3729085922, 16.6798381805, 11.4156570435, 9.60880470276, 12.8858423233, 16.9931125641, 21.7109355927, 20.0321311951, 15.0976314545, 19.6381912231, 19.2549057007, 12.1650810242, 10.5838670731, 9.83412456512, 8.79143047333, 9.34658336639, 7.98741769791, 4.59119558334, 3.28929829597, 2.34826087952, 1.74491536617, 1.16105830669, 0.60371619463, 0.292893111706, 0.0800911784172, 0.0153753049672, 0.00105738255661, 2.58670770563e-05], "mean": [0.114879012108, 0.958728611469, 2.31885051727, 2.43464422226, 3.87756466866, 7.41337776184, 7.05345201492, 7.98033285141, 21.9316158295, 33.1465911865, 30.1718654633, 45.3045768738, 25.48620224, 29.3575229645, 22.672908783, 16.4222621918, 24.5842266083, 32.6004257202, 42.9074707031, 36.2192077637, 30.6838684082, 42.0697174072, 38.0799369812, 23.7498683929, 20.3567180634, 14.4462966919, 13.1153659821, 14.0966367722, 12.3147068024, 7.38250160217, 4.86217498779, 3.54451870918, 2.54534316063, 1.71540808678, 0.946368396282, 0.398264378309, 0.116609320045, 0.0231968052685, 0.00142423738725, 5.56037521164e-05], "max": [2.55925750732, 21.6692314148, 53.4500160217, 61.3154830933, 72.2705917358, 189.987426758, 170.546981812, 231.405990601, 492.179504395, 834.413818359, 728.013000488, 1344.48291016, 790.462219238, 520.903198242, 720.413879395, 562.054077148, 678.393066406, 1432.72729492, 960.456726074, 916.535400391, 802.979797363, 676.782836914, 1042.94140625, 525.934753418, 318.878417969, 390.605102539, 258.274047852, 389.588592529, 211.946762085, 265.464599609, 312.208129883, 207.610107422, 155.397506714, 171.793045044, 93.6985702515, 22.8115310669, 10.9152650833, 1.36089015007, 0.0652678087354, 0.00123495876323], "dmean2": [0.157326504588, 1.22962832451, 2.88145923615, 2.70132184029, 3.91013336182, 8.04116439819, 6.67495536804, 7.18028831482, 20.4182682037, 32.9554481506, 29.7042961121, 33.6560287476, 21.9890041351, 25.4238319397, 17.6654834747, 15.2523603439, 19.7581615448, 26.9765491486, 33.6239852905, 29.9800319672, 21.98670578, 29.4209194183, 29.2170314789, 19.0372562408, 17.0488586426, 16.5041217804, 14.4757413864, 15.6662254333, 13.1653900146, 7.62833213806, 5.44419765472, 3.79353404045, 2.79505515099, 1.83140730858, 0.945755958557, 0.47778904438, 0.127386525273, 0.023917272687, 0.00168074038811, 4.07340194215e-05], "median": [0.0535316132009, 0.580572128296, 1.23511266708, 1.4935836792, 1.99875259399, 2.78826117516, 2.37443065643, 3.25561523438, 7.01427650452, 8.88383960724, 11.0476055145, 19.0650539398, 11.0532817841, 13.9221115112, 10.1460666656, 7.02864456177, 11.2793674469, 11.4049110413, 16.141960144, 10.5165672302, 9.42760848999, 12.0498809814, 12.4233436584, 12.1394300461, 11.2046394348, 7.45335054398, 7.0950717926, 6.82924079895, 5.89386844635, 3.45137572289, 2.16448068619, 1.63494920731, 1.1228890419, 0.705732226372, 0.412775754929, 0.187552914023, 0.0484192073345, 0.00738408276811, 0.000341390958056, 4.09684034821e-05], "dvar": [0.0540104433894, 3.62968587875, 21.6603164673, 14.7358226776, 23.7573070526, 111.02053833, 99.9874725342, 130.470214844, 852.189880371, 2174.27001953, 2081.43530273, 2746.36694336, 1019.01184082, 1051.9753418, 825.226928711, 705.717041016, 783.965881348, 1976.97839355, 2657.84057617, 1949.97167969, 1124.38598633, 1431.18615723, 1752.05163574, 615.158813477, 410.3956604, 505.439819336, 375.453613281, 447.651397705, 307.805725098, 128.679458618, 99.5169372559, 43.4203681946, 37.3339118958, 20.0858287811, 3.93444085121, 0.515191614628, 0.0651254951954, 0.0018102513859, 8.22251604404e-06, 3.27901239494e-09]}, "silence_rate_30dB": {"dvar2": 0, "var": 0, "min": 1, "dmean": 0, "mean": 1, "max": 1, "dmean2": 0, "median": 1, "dvar": 0}, "melbands_spread": {"dvar2": 278.7109375, "var": 493.510650635, "min": 0.296385079622, "dmean": 9.04086780548, "mean": 35.0288887024, "max": 256.583557129, "dmean2": 13.6105537415, "median": 31.7369709015, "dvar": 132.998855591}, "melbands_crest": {"dvar2": 24.2245063782, "var": 28.1745700836, "min": 1.5544975996, "dmean": 3.14468383789, "mean": 12.6144561768, "max": 35.8127784729, "dmean2": 5.12169694901, "median": 11.7062091827, "dvar": 9.63475513458}, "zerocrossingrate": {"dvar2": 0.000234657331021, "var": 0.00318281142972, "min": 0.0048828125, "dmean": 0.012654248625, "mean": 0.0863651409745, "max": 0.5087890625, "dmean2": 0.014554287307, "median": 0.07763671875, "dvar": 0.000205011674552}, "barkbands_kurtosis": {"dvar2": 65.5204391479, "var": 31.0800704956, "min": -1.92628419399, "dmean": 1.89695227146, "mean": 1.80853319168, "max": 227.400375366, "dmean2": 3.0554265976, "median": 0.202554225922, "dvar": 24.2793292999}, "spectral_flux": {"dvar2": 0.00213712686673, "var": 0.00271414103918, "min": 1.06358442886e-10, "dmean": 0.0263187345117, "mean": 0.0794313848019, "max": 0.337100863457, "dmean2": 0.0406239032745, "median": 0.0710003525019, "dvar": 0.00111172895413}, "barkbands_crest": {"dvar2": 15.7638587952, "var": 15.6350078583, "min": 1.93460607529, "dmean": 2.43166518211, "mean": 8.7839422226, "max": 24.4257144928, "dmean2": 3.92903423309, "median": 7.94525051117, "dvar": 6.1746263504}, "barkbands_flatness_db": {"dvar2": 0.00110058498103, "var": 0.00211319955997, "min": 0.0160263851285, "dmean": 0.0191660672426, "mean": 0.0970754101872, "max": 0.414362370968, "dmean2": 0.0295860916376, "median": 0.088496401906, "dvar": 0.000466101017082}, "spectral_entropy": {"dvar2": 0.0646276473999, "var": 0.170187756419, "min": 5.03419303894, "dmean": 0.148667797446, "mean": 7.80280828476, "max": 9.8060760498, "dmean2": 0.217626452446, "median": 7.85589408875, "dvar": 0.0311515629292}, "pitch_salience": {"dvar2": 0.0121355894953, "var": 0.0131285311654, "min": 0.0522741824389, "dmean": 0.0692514777184, "mean": 0.55628323555, "max": 0.882464945316, "dmean2": 0.111367188394, "median": 0.559994876385, "dvar": 0.00483871530741}, "erbbands_spread": {"dvar2": 181.516098022, "var": 257.563079834, "min": 1.99065065384, "dmean": 7.56483221054, "mean": 41.1131057739, "max": 116.463340759, "dmean2": 11.6265592575, "median": 39.2376785278, "dvar": 78.859954834}, "dynamic_complexity": 4.41158390045, "spectral_contrast_valleys": {"dvar2": [0.354327052832, 0.507283747196, 0.323826879263, 0.303731024265, 0.301470577717, 0.341086596251], "var": [2.7643764019, 2.50453042984, 2.25155687332, 2.20441555977, 2.16107296944, 2.05923604965], "min": [-27.1880836487, -27.2957782745, -26.8175487518, -27.2126064301, -27.283285141, -27.1908969879], "dmean": [0.389927715063, 0.443071275949, 0.370736628771, 0.34980532527, 0.327505558729, 0.315117627382], "mean": [-7.57114171982, -7.22011566162, -7.65782594681, -8.11626529694, -7.63807344437, -9.87830448151], "max": [-5.26550197601, -4.06696939468, -5.03163909912, -5.36609315872, -5.33710050583, -7.04546880722], "dmean2": [0.645452201366, 0.706530809402, 0.584083497524, 0.53699028492, 0.480868548155, 0.457238763571], "median": [-7.17150449753, -6.90571260452, -7.34155893326, -7.81337213516, -7.32172012329, -9.53144645691], "dvar": [0.150098741055, 0.218766048551, 0.152451366186, 0.146757468581, 0.147526487708, 0.167736589909]}, "hfc": {"dvar2": 896.620300293, "var": 574.294128418, "min": 1.22099984635e-16, "dmean": 9.57909870148, "mean": 25.6647396088, "max": 313.577819824, "dmean2": 15.1611833572, "median": 20.952583313, "dvar": 352.309265137}, "spectral_kurtosis": {"dvar2": 3.15986013412, "var": 4.36025047302, "min": -1.20745778084, "dmean": 0.98620390892, "mean": 3.39042949677, "max": 18.4009780884, "dmean2": 1.58417904377, "median": 2.98870062828, "dvar": 1.26950609684}, "mfcc": {"mean": [-641.244018555, 96.4712600708, 1.14311444759, 21.2637615204, 0.0960014984012, 5.72847938538, 1.15824460983, 6.65893602371, 7.02286100388, 5.97563648224, 6.99699401855, 0.210984170437, -3.78103661537], "cov": [[14219.1777344, 915.332763672, -448.998138428, 199.741622925, -90.2395019531, -267.358337402, -299.729888916, 12.0596408844, -60.6895713806, -19.3268947601, 52.6673355103, -5.51388502121, -56.0227050781], [915.332763672, 973.127868652, -180.621780396, 21.6685276031, 72.6261367798, -24.9850025177, -19.1460781097, 30.3080883026, -20.0157833099, 12.4264230728, 66.009475708, 6.59407138824, -14.735294342], [-448.998138428, -180.621780396, 547.276733398, 94.8049468994, -60.0498046875, 148.185195923, 111.551109314, -34.9993438721, 24.1051101685, -1.00761628151, -40.4316253662, 1.33362066746, 21.2263908386], [199.741622925, 21.6685276031, 94.8049468994, 244.603042603, 83.4677047729, 35.1287612915, 4.99047279358, 16.9836406708, 49.1478652954, 23.1228103638, -10.9842300415, 7.41717290878, 20.6892547607], [-90.2395019531, 72.6261367798, -60.0498046875, 83.4677047729, 245.371109009, -22.9750137329, -62.6117095947, 17.5356292725, 28.9454250336, 6.00494289398, -0.867869794369, 11.314453125, 19.1073417664], [-267.358337402, -24.9850025177, 148.185195923, 35.1287612915, -22.9750137329, 225.641815186, 133.197570801, 6.04818582535, 30.2115345001, 40.1429977417, 10.794095993, -0.335147500038, -12.166009903], [-299.729888916, -19.1460781097, 111.551109314, 4.99047279358, -62.6117095947, 133.197570801, 207.26449585, 41.5945358276, 10.0726413727, 31.5159873962, 22.9416809082, -5.14348220825, -13.2532405853], [12.0596408844, 30.3080883026, -34.9993438721, 16.9836406708, 17.5356292725, 6.04818582535, 41.5945358276, 112.61907196, 37.5948982239, 19.1670055389, 19.8799381256, 6.23585414886, -3.02211856842], [-60.6895713806, -20.0157833099, 24.1051101685, 49.1478652954, 28.9454250336, 30.2115345001, 10.0726413727, 37.5948982239, 113.684555054, 45.1703414917, -4.67654275894, 0.223570078611, 4.71472406387], [-19.3268947601, 12.4264230728, -1.00761628151, 23.1228103638, 6.00494289398, 40.1429977417, 31.5159873962, 19.1670055389, 45.1703414917, 104.856964111, 32.4511680603, -1.14317333698, -12.0903434753], [52.6673355103, 66.009475708, -40.4316253662, -10.9842300415, -0.867869794369, 10.794095993, 22.9416809082, 19.8799381256, -4.67654275894, 32.4511680603, 101.195297241, 22.9316577911, -21.2791805267], [-5.51388502121, 6.59407138824, 1.33362066746, 7.41717290878, 11.314453125, -0.335147500038, -5.14348220825, 6.23585414886, 0.223570078611, -1.14317333698, 22.9316577911, 60.5132675171, 21.8875179291], [-56.0227050781, -14.735294342, 21.2263908386, 20.6892547607, 19.1073417664, -12.166009903, -13.2532405853, -3.02211856842, 4.71472406387, -12.0903434753, -21.2791805267, 21.8875179291, 75.5191726685]], "icov": [[8.27932090033e-05, -7.03272380633e-05, 4.6382414439e-05, -0.00014309414837, 0.000139894895256, 1.69056256709e-05, 0.00013306994515, -3.7669797166e-05, 4.30638465332e-05, -3.04698437503e-06, -2.17117099055e-06, 3.36734800044e-08, 5.9237881942e-05], [-7.03272380633e-05, 0.00122714519966, 0.000323572137859, -0.000124230631627, -0.000339935533702, -0.000131298278575, -0.000107454128738, -0.000104173246655, 0.000274744001217, 7.49748651288e-05, -0.000670726643875, 0.000217742941459, -8.50630676723e-05], [4.6382414439e-05, 0.000323572137859, 0.00293685658835, -0.00124815304298, 0.000721127085853, -0.00118556269445, -0.000907002133317, 0.00120927300304, -0.000400734919822, 0.000649159774184, 0.000664061750285, -0.000361210288247, -0.000449462590041], [-0.00014309414837, -0.000124230631627, -0.00124815304298, 0.00589396990836, -0.0020786379464, -0.000237875661696, -1.22884985103e-05, -0.000412616500398, -0.00133113306947, -0.000680677243508, 0.000409608706832, -0.000141277399962, -0.000794859020971], [0.000139894895256, -0.000339935533702, 0.000721127085853, -0.0020786379464, 0.005782159511, -0.000686192244757, 0.00216878671199, -0.000904854154214, -0.00044821537449, 0.000129808031488, -0.000165515259141, -0.000172297412064, -0.000772816827521], [1.69056256709e-05, -0.000131298278575, -0.00118556269445, -0.000237875661696, -0.000686192244757, 0.00874780863523, -0.00528393406421, 0.00207035057247, -0.00154356705025, -0.00132358225528, 0.000319455692079, -0.00106367631815, 0.00140650128014], [0.00013306994515, -0.000107454128738, -0.000907002133317, -1.22884985103e-05, 0.00216878671199, -0.00528393406421, 0.0106817241758, -0.00464231986552, 0.00201222440228, -0.00090765504865, -0.00140281708445, 0.001696692314, -0.000533060054295], [-3.7669797166e-05, -0.000104173246655, 0.00120927300304, -0.000412616500398, -0.000904854154214, 0.00207035057247, -0.00464231986552, 0.0128135783598, -0.00468084681779, 0.000882290303707, -0.00134585588239, -0.00108682597056, 0.000354662013706], [4.30638465332e-05, 0.000274744001217, -0.000400734919822, -0.00133113306947, -0.00044821537449, -0.00154356705025, 0.00201222440228, -0.00468084681779, 0.0137759493664, -0.00562056852505, 0.00247452384792, -5.63803805562e-05, -0.000452860782389], [-3.04698437503e-06, 7.49748651288e-05, 0.000649159774184, -0.000680677243508, 0.000129808031488, -0.00132358225528, -0.00090765504865, 0.000882290303707, -0.00562056852505, 0.0142868496478, -0.00487260473892, 0.00186384026892, 0.000371348869521], [-2.17117099055e-06, -0.000670726643875, 0.000664061750285, 0.000409608706832, -0.000165515259141, 0.000319455692079, -0.00140281708445, -0.00134585588239, 0.00247452384792, -0.00487260473892, 0.0157117787749, -0.00785042159259, 0.00512977829203], [3.36734800044e-08, 0.000217742941459, -0.000361210288247, -0.000141277399962, -0.000172297412064, -0.00106367631815, 0.001696692314, -0.00108682597056, -5.63803805562e-05, 0.00186384026892, -0.00785042159259, 0.022787598893, -0.00820533465594], [5.9237881942e-05, -8.50630676723e-05, -0.000449462590041, -0.000794859020971, -0.000772816827521, 0.00140650128014, -0.000533060054295, 0.000354662013706, -0.000452860782389, 0.000371348869521, 0.00512977829203, -0.00820533465594, 0.0178671516478]]}, "silence_rate_20dB": {"dvar2": 0, "var": 0, "min": 1, "dmean": 0, "mean": 1, "max": 1, "dmean2": 0, "median": 1, "dvar": 0}, "melbands_kurtosis": {"dvar2": 622.961486816, "var": 268.84854126, "min": -1.65610539913, "dmean": 5.8386592865, "mean": 9.3067035675, "max": 593.026733398, "dmean2": 9.43084144592, "median": 4.23179912567, "dvar": 226.950408936}, "barkbands_spread": {"dvar2": 148.974594116, "var": 230.53843689, "min": 0.503654539585, "dmean": 6.79096603394, "mean": 31.7275276184, "max": 118.066513062, "dmean2": 10.457865715, "median": 30.2267932892, "dvar": 69.5186386108}, "erbbands_skewness": {"dvar2": 0.280143886805, "var": 0.505868077278, "min": -3.53639316559, "dmean": 0.317394673824, "mean": 0.0281928442419, "max": 10.9145565033, "dmean2": 0.468065559864, "median": 0.023308172822, "dvar": 0.126397788525}, "average_loudness": 0.927617132664, "spectral_centroid": {"dvar2": 217468.796875, "var": 502739.03125, "min": 298.184448242, "dmean": 278.075408936, "mean": 1851.78479004, "max": 11259.7412109, "dmean2": 410.086090088, "median": 1835.54150391, "dvar": 110738.234375}, "dissonance": {"dvar2": 0.000724259240087, "var": 0.000711992091965, "min": 0.228769615293, "dmean": 0.0158144440502, "mean": 0.466651141644, "max": 0.500000059605, "dmean2": 0.0262001045048, "median": 0.473329544067, "dvar": 0.000274106685538}, "erbbands_flatness_db": {"dvar2": 0.000531014462467, "var": 0.00144854455721, "min": 0.0532036162913, "dmean": 0.0147925224155, "mean": 0.131626725197, "max": 0.363086760044, "dmean2": 0.021991411224, "median": 0.124168604612, "dvar": 0.000264308357146}, "spectral_strongpeak": {"dvar2": 2.31983613968, "var": 2.39764165878, "min": 0, "dmean": 0.524915039539, "mean": 1.04586195946, "max": 12.551692009, "dmean2": 0.889740288258, "median": 0.366359442472, "dvar": 0.967607557774}, "spectral_rms": {"dvar2": 2.96909024655e-06, "var": 3.34355172527e-06, "min": 3.32207980742e-12, "dmean": 0.00072580302367, "mean": 0.00435384875163, "max": 0.0119011038914, "dmean2": 0.00117316970136, "median": 0.00456863641739, "dvar": 1.16022022212e-06}, "silence_rate_60dB": {"dvar2": 0.0188199020922, "var": 0.085032209754, "min": 0, "dmean": 0.00775623274967, "mean": 0.0938400179148, "max": 1, "dmean2": 0.0155141847208, "median": 0, "dvar": 0.00769680645317}, "melbands": {"dvar2": [1.23809040815e-05, 1.74316501216e-05, 1.13592386697e-06, 6.79509582824e-07, 3.5611000726e-07, 1.58818281193e-07, 5.06985770699e-07, 6.29005739938e-07, 3.38582026416e-07, 2.16640032136e-07, 5.96569194045e-08, 4.77173749402e-08, 2.41186697281e-08, 1.42045539775e-08, 1.5297636935e-08, 9.08237307584e-09, 1.9433747056e-08, 2.17547171388e-08, 7.73188535419e-09, 6.85635548336e-09, 4.24025037304e-09, 3.9217513681e-09, 5.05569186515e-09, 2.52908294307e-09, 1.12296594246e-09, 7.11842640388e-10, 5.83674664156e-10, 6.75872302569e-10, 3.97822441656e-10, 4.1342798629e-10, 4.63911381532e-10, 3.51247086972e-10, 1.39332850813e-10, 1.11770148692e-10, 9.92178561532e-11, 6.31405622231e-11, 3.40823272382e-11, 4.0147656033e-11, 5.00937243075e-11, 3.05025206482e-11], "var": [3.46062620338e-06, 4.61633044324e-06, 3.79418452212e-07, 4.00331856554e-07, 2.31872959944e-07, 1.17133510003e-07, 4.0334583673e-07, 4.36702777051e-07, 2.23507612418e-07, 2.16785650764e-07, 5.20883709498e-08, 4.41882690438e-08, 4.26940438558e-08, 1.13598712659e-08, 1.24006511726e-08, 1.09471347542e-08, 2.13053947817e-08, 2.95969257991e-08, 8.92275675568e-09, 5.61077406758e-09, 6.14580697444e-09, 6.37795061209e-09, 6.12848616299e-09, 2.56572740831e-09, 6.81424083826e-10, 4.45751408007e-10, 3.82541082145e-10, 2.42092124125e-10, 1.62379720781e-10, 1.69409528072e-10, 1.94221097538e-10, 1.51794535275e-10, 7.58690402169e-11, 4.99252167385e-11, 4.1689211111e-11, 3.33338426306e-11, 2.45469478077e-11, 2.42534568817e-11, 2.90657047042e-11, 2.28964520954e-11], "min": [3.13845944559e-24, 6.3674813064e-24, 7.96054212271e-24, 1.94376778551e-23, 1.33433329318e-23, 3.71700135601e-24, 3.35339879872e-24, 9.11316493513e-24, 1.50777572279e-23, 3.05576505017e-23, 8.50542412717e-24, 6.11168881915e-24, 9.4446001113e-24, 1.3968891741e-23, 5.9533506304e-24, 4.78490760696e-24, 1.37799895309e-23, 6.01649145169e-24, 7.58708748157e-24, 1.5432031505e-23, 7.17773493608e-24, 6.23500631686e-24, 7.63400261733e-24, 1.29307523674e-23, 6.13625079229e-24, 8.24089303324e-24, 1.64368099508e-23, 9.3873627306e-24, 6.72220562864e-24, 7.61088425964e-24, 1.36493920303e-23, 1.68155972917e-23, 1.65053382977e-23, 9.17125191903e-24, 1.27633221623e-23, 1.63359809054e-23, 1.19901745775e-23, 7.04474718696e-24, 1.30701898433e-23, 1.51481488642e-23], "dmean": [0.000836982857436, 0.000867685885169, 0.000278002291452, 0.000258098443737, 0.000159880277351, 0.000100575249235, 0.000207206758205, 0.000225627140026, 0.00015449548664, 0.000134665970108, 7.43331038393e-05, 7.37782611395e-05, 4.28572493547e-05, 2.79786654573e-05, 3.1413645047e-05, 2.77555354842e-05, 3.45296466548e-05, 3.95131464757e-05, 2.65692979156e-05, 2.2933802029e-05, 1.90928785742e-05, 2.14785904973e-05, 2.38675511355e-05, 1.53754663188e-05, 1.00196884887e-05, 8.65778929438e-06, 7.27425094738e-06, 6.82092240822e-06, 5.61379965802e-06, 5.78264098294e-06, 5.67724146094e-06, 5.11064945385e-06, 3.39001940119e-06, 2.41505972554e-06, 1.95034021999e-06, 1.7521930431e-06, 1.39438270708e-06, 1.24588780182e-06, 1.19893877581e-06, 9.63771071838e-07], "mean": [0.00110294064507, 0.00127101817634, 0.000455370725831, 0.000427063903771, 0.000270698423265, 0.000175762063009, 0.000352962844772, 0.000354451360181, 0.000264344154857, 0.000269315874903, 0.000124816884636, 0.000124590907944, 8.38106352603e-05, 4.52536405646e-05, 5.21509900864e-05, 5.0374379498e-05, 6.41590595478e-05, 7.75794105721e-05, 4.65476150566e-05, 3.83556507586e-05, 3.58646575478e-05, 4.2347193812e-05, 4.44140241598e-05, 2.76805931207e-05, 1.80540791916e-05, 1.59170776897e-05, 1.21820930872e-05, 9.07482080947e-06, 8.16189822217e-06, 8.1039406723e-06, 8.18831540528e-06, 7.42594738767e-06, 5.31280420546e-06, 3.62677974408e-06, 2.7733412935e-06, 2.51047595157e-06, 2.03259742193e-06, 1.78403536211e-06, 1.64719051554e-06, 1.39048643177e-06], "max": [0.0212726201862, 0.0287034381181, 0.00922298617661, 0.00968301668763, 0.00489219464362, 0.00463903322816, 0.00778072327375, 0.00890396814793, 0.00653186021373, 0.00760476198047, 0.00380971538834, 0.00220381398685, 0.00345320859924, 0.00356933195144, 0.00154320534784, 0.00145142711699, 0.00316139985807, 0.00188201921992, 0.00120645598508, 0.00132003705949, 0.0011476369109, 0.000725503196009, 0.000841289467644, 0.000848347437568, 0.000461748568341, 0.000252475671005, 0.000330325914547, 0.000252132798778, 0.000224799616262, 0.000172780710272, 0.000260377069935, 0.000137983326567, 0.000121526340081, 0.000191518280189, 0.000215357649722, 0.000154713401571, 0.000119834709039, 0.000107477157144, 0.000165847886819, 0.000138478091685], "dmean2": [0.00142668036278, 0.00152128341142, 0.000473874883028, 0.00042508597835, 0.000260458153207, 0.000162412557984, 0.000327635993017, 0.000362445221981, 0.000244535127422, 0.000202188806725, 0.000114471615234, 0.000112441470264, 6.51927766739e-05, 4.52789536212e-05, 4.80011913169e-05, 4.29931642429e-05, 5.52251731278e-05, 6.13313095528e-05, 4.00600220019e-05, 3.56551499863e-05, 2.80454842141e-05, 3.24654793076e-05, 3.63093095075e-05, 2.3991055059e-05, 1.59025603352e-05, 1.39141857289e-05, 1.20289851111e-05, 1.15549055408e-05, 9.2652562671e-06, 9.70405017142e-06, 9.58449345489e-06, 8.53740311868e-06, 5.65455184187e-06, 4.05585615226e-06, 3.25968312609e-06, 2.87625584861e-06, 2.26788665714e-06, 2.02098817681e-06, 1.92342167793e-06, 1.53213852627e-06], "median": [0.000632376235444, 0.000789630634245, 0.000295216275845, 0.000184691540198, 9.86782324617e-05, 6.62666425342e-05, 0.000111988571007, 8.87971982593e-05, 9.19346930459e-05, 0.000114241775009, 4.60500596091e-05, 5.41273984709e-05, 3.34827200277e-05, 1.77356887434e-05, 2.02087976504e-05, 1.99638125196e-05, 2.01116345124e-05, 2.47675088758e-05, 1.31921060529e-05, 1.06277475425e-05, 9.92215427686e-06, 1.09183456516e-05, 1.13943524411e-05, 9.67837240751e-06, 8.99087081052e-06, 8.74613124324e-06, 5.8507716858e-06, 4.42573400505e-06, 4.33920786236e-06, 3.94324524677e-06, 3.83256656278e-06, 3.46585989064e-06, 2.51838628174e-06, 1.63784534379e-06, 1.20448476082e-06, 1.11668464342e-06, 9.31315867092e-07, 7.87812041381e-07, 6.64470235279e-07, 5.49840478925e-07], "dvar": [4.51450250694e-06, 6.09935386819e-06, 4.07522435353e-07, 2.583952039e-07, 1.39200423632e-07, 6.31541681173e-08, 2.13326146081e-07, 2.56876830917e-07, 1.3618750927e-07, 9.48480547436e-08, 2.64586592635e-08, 2.03671977062e-08, 1.09488240696e-08, 5.95668003811e-09, 6.61593224649e-09, 4.09135347823e-09, 8.37666291886e-09, 9.22569487471e-09, 3.5388314501e-09, 2.90497670363e-09, 2.03062167081e-09, 1.85500603767e-09, 2.342869