{"tonal": {"thpcp": [1, 0.687149465084, 0.481813162565, 0.379442632198, 0.236408725381, 0.329570502043, 0.407656133175, 0.287421822548, 0.329805910587, 0.38225415349, 0.27499511838, 0.284849107265, 0.28512108326, 0.34259930253, 0.842493474483, 0.976646721363, 0.484157174826, 0.242908880115, 0.238908022642, 0.298577964306, 0.627582073212, 0.722575366497, 0.390930473804, 0.294575661421, 0.312209576368, 0.304869681597, 0.368832319975, 0.262899726629, 0.161823287606, 0.377668976784, 0.483018308878, 0.272672325373, 0.15945507586, 0.169601157308, 0.25364613533, 0.722574770451], "hpcp": {"dmean2": [0.241870284081, 0.179135620594, 0.145863011479, 0.149747237563, 0.156664535403, 0.141094997525, 0.142912313342, 0.151307344437, 0.136612132192, 0.144446700811, 0.146629944444, 0.172173053026, 0.212359562516, 0.207145407796, 0.186712369323, 0.130507215858, 0.12989602983, 0.146065160632, 0.190665259957, 0.218859896064, 0.181757494807, 0.142198950052, 0.125884279609, 0.14615778625, 0.174987211823, 0.123015768826, 0.0931582078338, 0.128854453564, 0.141585543752, 0.128189742565, 0.113927379251, 0.132205277681, 0.179830253124, 0.263883322477, 0.281213402748, 0.314659267664], "median": [0.033123049885, 0.0227200090885, 0.0239909123629, 0.0347736775875, 0.0412563048303, 0.033543009311, 0.0401726514101, 0.0422540158033, 0.0352899283171, 0.0351297259331, 0.0342047587037, 0.0489738173783, 0.12000104785, 0.136923909187, 0.0790128260851, 0.0303320810199, 0.024540739134, 0.0331440195441, 0.0925991684198, 0.117052808404, 0.0687830224633, 0.0289420261979, 0.0228718072176, 0.0359074659646, 0.0326502658427, 0.0255488418043, 0.0167153142393, 0.0248131044209, 0.0245360210538, 0.0208679251373, 0.0138922054321, 0.0114699238911, 0.0236059818417, 0.126019179821, 0.2093321383, 0.117981567979], "min": [0, 0, 0, 0, 0, 0, 0, 0, 0, 0, 0, 0, 0, 0, 0, 0, 0, 0, 0, 0, 0, 0, 0, 0, 0, 0, 0, 0, 0, 0, 0, 0, 0, 0, 0, 0], "dvar2": [0.124888576567, 0.103055804968, 0.0753215402365, 0.0720996856689, 0.0754989013076, 0.0637521371245, 0.0642956420779, 0.0695120915771, 0.0645594149828, 0.0751440227032, 0.0724037289619, 0.0807686448097, 0.0823967009783, 0.0905503258109, 0.0759910047054, 0.0587084554136, 0.0662690550089, 0.0703241825104, 0.071635954082, 0.0853480324149, 0.0717807412148, 0.0587251633406, 0.0579237937927, 0.0609913282096, 0.0942272171378, 0.0551245585084, 0.0437997356057, 0.0556294098496, 0.0744359269738, 0.0616914816201, 0.0644991695881, 0.0837451517582, 0.100712664425, 0.11997064203, 0.123040184379, 0.15781378746], "dvar": [0.0484997294843, 0.0384125821292, 0.0266747251153, 0.0265241079032, 0.0294919721782, 0.0233172494918, 0.0242579132318, 0.0273647997528, 0.0230970419943, 0.0266217906028, 0.0260036662221, 0.0287990253419, 0.0337987951934, 0.0368056930602, 0.0290107764304, 0.0217571984977, 0.0240702461451, 0.0257610566914, 0.0289868302643, 0.0343097746372, 0.0259512998164, 0.0222479682416, 0.0214831028134, 0.0221620816737, 0.035418163985, 0.0199187453836, 0.0153398606926, 0.0222336072475, 0.0290671605617, 0.0219061728567, 0.0229411479086, 0.0294757783413, 0.0359197929502, 0.0455158427358, 0.0475166141987, 0.0578295886517], "dmean": [0.137132182717, 0.101635865867, 0.0815639272332, 0.0871177315712, 0.0925138294697, 0.0815485492349, 0.0833945870399, 0.0885929986835, 0.0785275623202, 0.0825811326504, 0.0836390331388, 0.0979907661676, 0.128123313189, 0.12330647558, 0.11123033613, 0.0746689885855, 0.07351013273, 0.0834218412638, 0.114405572414, 0.132208511233, 0.105601333082, 0.0828024968505, 0.0733028501272, 0.0842521488667, 0.100803360343, 0.0708879008889, 0.0529068149626, 0.0777519345284, 0.0834698304534, 0.0729780271649, 0.0623338147998, 0.0714315026999, 0.0994890853763, 0.155302271247, 0.16448739171, 0.180621042848], "max": [1, 1, 1, 1, 1, 1, 1, 1, 1, 1, 1, 1, 1, 1, 1, 1, 1, 1, 1, 1, 1, 1, 1, 1, 1, 1, 1, 1, 1, 1, 1, 1, 1, 1, 1, 1], "var": [0.0769487917423, 0.0630117729306, 0.0243432410061, 0.0370047315955, 0.0573156140745, 0.0287276078016, 0.0366459861398, 0.0504122897983, 0.0264805592597, 0.0297345202416, 0.0304348822683, 0.0314690545201, 0.112662523985, 0.1420699507, 0.045411169529, 0.0235086120665, 0.0271979551762, 0.0344574786723, 0.0786874592304, 0.0892232209444, 0.0311579331756, 0.0338637083769, 0.044192571193, 0.0265772491693, 0.0491106584668, 0.0268563162535, 0.0140143614262, 0.0528689324856, 0.086165368557, 0.0315710119903, 0.0183718502522, 0.0227848738432, 0.029538013041, 0.0817410871387, 0.118381805718, 0.0768319442868], "mean": [0.167748585343, 0.132107153535, 0.0823083147407, 0.114743620157, 0.141929998994, 0.100069090724, 0.114825583994, 0.133086010814, 0.095742598176, 0.099173374474, 0.0992680639029, 0.119279742241, 0.293323427439, 0.340030372143, 0.168564677238, 0.0845714136958, 0.0831784754992, 0.10395321995, 0.218499645591, 0.251572608948, 0.136106774211, 0.102559782565, 0.108699217439, 0.10614375025, 0.128413051367, 0.0915314555168, 0.0563405677676, 0.131489634514, 0.16816817224, 0.0949338898063, 0.0555160492659, 0.0590485222638, 0.088309712708, 0.251572400331, 0.348161071539, 0.23923869431]}, "tuning_equal_tempered_deviation": 0.242153570056, "chords_changes_rate": 0.0580745339394, "key_key": "C#", "tuning_diatonic_strength": 0.563891470432, "key_scale": "minor", "chords_number_rate": 0.00232919258997, "tuning_frequency": 434.193115234, "tuning_nontempered_energy_ratio": 0.957507431507, "chords_histogram": [16.8012428284, 3.0434782505, 25.5434780121, 3.74223613739, 4.00621128082, 7.09627342224, 1.64596271515, 13.6335401535, 1.22670805454, 7.68633556366, 0.527950286865, 0.9161490798, 1.10248446465, 0.217391297221, 1.10248446465, 0, 1.39751553535, 0, 0, 0.714285731316, 0.605590045452, 0.326086968184, 5.13975143433, 3.52484464645], "key_strength": 0.80231064558, "chords_key": "G#", "chords_strength": {"dmean2": 0.00823034718633, "median": 0.495091348886, "min": 0.207648783922, "dvar2": 5.6873945141e-05, "dvar": 6.76181443851e-05, "dmean": 0.00991449691355, "max": 0.796499967575, "var": 0.0113642783836, "mean": 0.495869100094}, "chords_scale": "minor", "hpcp_entropy": {"dmean2": 0.963907778263, "median": 1.98994791508, "min": 0, "dvar2": 0.643448174, "dvar": 0.233704417944, "dmean": 0.573303222656, "max": 4.28785181046, "var": 0.60314142704, "mean": 1.94708156586}}, "metadata": {"audio_properties": {"equal_loudness": 0, "codec": "flac", "downmix": "mix", "sample_rate": 44100, "analysis_sample_rate": 44100, "bit_rate": 0, "md5_encoded": "0a96fe50669bf49d834b86e7ed2743c6", "length": 299, "replay_gain": -13.8585720062, "lossless": true}, "version": {"essentia_build_sha": "2d9f1f26377add8aeb1075a9c2973f962c4f09fd", "essentia": "2.1-beta2", "extractor": "music 1.0", "essentia_git_sha": "v2.1_beta2-1-ge3940c0"}, "tags": {"title": ["Broken (Into Pieces)"], "barcode": ["6417138610225"], "media": ["CD"], "albumartist": ["Lullacry"], "tracktotal": ["11"], "musicbrainz_releasegroupid": ["7ed69506-b46a-473d-b355-14e3818ee907"], "releasetype": ["album"], "musicbrainz_recordingid": ["0d4723ae-5162-451e-86c4-2e9ae55216da"], "mood": ["Hot"], "musicbrainz_albumartistid": ["8c9ad692-0b05-4388-a66a-e002ee787ef3"], "originalyear": ["2012"], "musicbrainz_releasetrackid": ["09f10ac9-715d-4fd3-92c1-0db4294a5f72"], "discnumber": ["1"], "totaldiscs": ["2"], "catalognumber": ["LULLACD01"], "releasecountry": ["FI"], "file_name": "1-09 - Broken (Into Pieces).flac", "originaldate": ["2012-03-07"], "albumartistsort": ["Lullacry"], "date": ["2012-03-07"], "genre": ["Metal"], "musicbrainz_albumid": ["54a0a42f-669b-4a43-ace4-f6c98d747c32"], "disctotal": ["2"], "musicbrainz_artistid": ["8c9ad692-0b05-4388-a66a-e002ee787ef3"], "asin": ["B007BS0YYG"], "grouping": ["Metal"], "artist": ["Lullacry"], "tracknumber": ["9"], "artistsort": ["Lullacry"], "album": ["Where Angels Fear"], "label": ["Playground Music Scandinavia"], "releasestatus": ["official"], "acoustid_id": ["c3d31f5c-1b5a-4142-8c92-4efb30a3c14a"], "script": ["Latn"], "totaltracks": ["11"]}}, "rhythm": {"bpm_histogram_first_peak_bpm": {"dmean2": 0, "median": 115, "min": 115, "dvar2": 0, "dvar": 0, "dmean": 0, "max": 115, "var": 0, "mean": 115}, "bpm": 115.940048218, "bpm_histogram_second_peak_spread": {"dmean2": 0, "median": 0.479999989271, "min": 0.479999989271, "dvar2": 0, "dvar": 0, "dmean": 0, "max": 0.479999989271, "var": 0, "mean": 0.479999989271}, "bpm_histogram_first_peak_weight": {"dmean2": 0, "median": 0.472696244717, "min": 0.472696244717, "dvar2": 0, "dvar": 0, "dmean": 0, "max": 0.472696244717, "var": 0, "mean": 0.472696244717}, "onset_rate": 2.2908551693, "beats_position": [0.49922901392, 1.01006805897, 1.52090704441, 2.03174591064, 2.55419492722, 3.06503391266, 3.5758728981, 4.08671188354, 4.55111122131, 5.00390005112, 5.46829938889, 5.93269824982, 6.45514726639, 6.97759628296, 7.47682523727, 7.98766422272, 8.498503685, 9.0093421936, 9.52018165588, 10.0426301956, 10.5650787354, 11.0875282288, 11.6099767685, 12.1324262619, 12.6548748016, 13.177324295, 13.6881628036, 14.2106122971, 14.7214508057, 15.2439002991, 15.7547388077, 16.2771873474, 16.7880268097, 17.298866272, 17.8097057343, 18.3321533203, 18.8546028137, 19.365442276, 19.8762817383, 20.3987293243, 20.9211788177, 21.4436283112, 21.9544658661, 22.4769153595, 22.9877548218, 23.4985942841, 24.0210418701, 24.5434913635, 25.0543308258, 25.5767803192, 26.0992279053, 26.6100673676, 27.1209068298, 27.6433563232, 28.1658039093, 28.6766433716, 29.1874828339, 29.7099323273, 30.2323799133, 30.7432193756, 31.2540588379, 31.776506424, 32.2989578247, 32.8097953796, 33.332244873, 33.8546943665, 34.3655319214, 34.8763694763, 35.3988189697, 35.9212684631, 36.4437179565, 36.9545555115, 37.4770050049, 37.9878463745, 38.5102958679, 39.0327415466, 39.55519104, 40.0776405334, 40.5884780884, 41.099319458, 41.6217689514, 42.1442184448, 42.6550559998, 43.1658935547, 43.6883430481, 44.2107925415, 44.7216300964, 45.2324714661, 45.743309021, 46.2657585144, 46.7882080078, 47.2990455627, 47.8214950562, 48.3439445496, 48.8547821045, 49.3656234741, 49.8764610291, 50.3989105225, 50.9097480774, 51.4321975708, 51.9546470642, 52.4770965576, 52.9879341125, 53.4987754822, 54.0212249756, 54.5436706543, 55.0545120239, 55.5653495789, 56.0877990723, 56.6102485657, 57.1210861206, 57.643535614, 58.1659851074, 58.6768226624, 59.1992721558, 59.7217216492, 60.2325630188, 60.7434005737, 61.2658500671, 61.7766876221, 62.2991371155, 62.8099746704, 63.3324241638, 63.8548736572, 64.3773193359, 64.899772644, 65.4106140137, 65.9214477539, 66.443901062, 66.9663467407, 67.4771881104, 67.98802948, 68.4988632202, 69.0213165283, 69.5321502686, 70.0546035767, 70.5770492554, 71.0995025635, 71.6103363037, 72.1211776733, 72.6436233521, 73.1660766602, 73.6769180298, 74.1993637085, 74.7218093872, 75.2326507568, 75.7434921265, 76.2659378052, 76.7883911133, 77.2992248535, 77.8100662231, 78.3325119019, 78.85496521, 79.3658065796, 79.8766403198, 80.3990936279, 80.9215393066, 81.4323806763, 81.9432220459, 82.4656677246, 82.9881134033, 83.4989547729, 84.0097961426, 84.5322418213, 85.0546951294, 85.5771408081, 86.0995864868, 86.6104278564, 87.1212692261, 87.6437149048, 88.1545562744, 88.665397644, 89.1878433228, 89.7102966309, 90.2327423096, 90.7435836792, 91.2660293579, 91.788482666, 92.2993164063, 92.8101577759, 93.3326034546, 93.8550567627, 94.3658905029, 94.8767318726, 95.3991851807, 95.9216308594, 96.4440765381, 96.9549179077, 97.4657592773, 97.9882049561, 98.4990463257, 99.0214920044, 99.5439453125, 100.066390991, 100.588844299, 101.09967804, 101.610519409, 102.121360779, 102.643806458, 103.166259766, 103.677093506, 104.199546814, 104.721992493, 105.232833862, 105.755279541, 106.277732849, 106.788566589, 107.299407959, 107.821853638, 108.332695007, 108.855148315, 109.365982056, 109.888435364, 110.410881042, 110.921722412, 111.432563782, 111.95500946, 112.477455139, 112.988296509, 113.499137878, 114.021583557, 114.544036865, 115.054870605, 115.565711975, 116.088157654, 116.610610962, 117.133056641, 117.64389801, 118.166343689, 118.677185059, 119.199638367, 119.710472107, 120.232925415, 120.755371094, 121.277824402, 121.800270081, 122.31111145, 122.833557129, 123.344398499, 123.855232239, 124.366073608, 124.888526917, 125.399360657, 125.921813965, 126.432647705, 126.955101013, 127.465942383, 127.988388062, 128.499221802, 129.021682739, 129.544128418, 130.054962158, 130.565795898, 131.088256836, 131.610702515, 132.133148193, 132.643981934, 133.166442871, 133.677276611, 134.188110352, 134.710571289, 135.233016968, 135.743850708, 136.266296387, 136.788757324, 137.299591064, 137.810424805, 138.332870483, 138.855331421, 139.366165161, 139.876998901, 140.399459839, 140.921905518, 141.444351196, 141.955184937, 142.477645874, 142.988479614, 143.499313354, 144.021759033, 144.544219971, 145.055053711, 145.57749939, 146.099945068, 146.610794067, 147.121627808, 147.644073486, 148.166534424, 148.677368164, 149.188201904, 149.710647583, 150.233108521, 150.743942261, 151.254776001, 151.777236938, 152.299682617, 152.810516357, 153.321365356, 153.832199097, 154.354644775, 154.877090454, 155.387939453, 155.910385132, 156.432830811, 156.955276489, 157.477722168, 157.988571167, 158.499404907, 159.021850586, 159.544311523, 160.055145264, 160.565979004, 161.088439941, 161.61088562, 162.12171936, 162.644165039, 163.166610718, 163.677459717, 164.199905396, 164.722351074, 165.233200073, 165.744033813, 166.266479492, 166.788925171, 167.29977417, 167.81060791, 168.333053589, 168.855514526, 169.366348267, 169.877182007, 170.399627686, 170.922088623, 171.432922363, 171.955368042, 172.477813721, 173.011871338, 173.545944214, 174.080001831, 174.60244751, 175.124893188, 175.682174683, 176.251068115, 176.819946289, 177.377227783, 177.934509277, 178.491790771, 179.049072266, 179.606338501, 180.152008057, 180.709289551, 181.266571045, 181.789016724, 182.311477661, 182.83392334, 183.34475708, 183.85559082, 184.366439819, 184.888885498, 185.411331177, 185.922180176, 186.444625854, 186.955459595, 187.477905273, 187.988754272, 188.499588013, 189.022033691, 189.54447937, 190.066940308, 190.589385986, 191.111831665, 191.634277344, 192.08706665, 192.528244019, 192.981033325, 193.422225952, 193.875015259, 194.327789307, 194.780578613, 195.23336792, 195.686157227, 196.138946533, 196.59173584, 197.044525146, 197.497314453, 197.93850708, 198.36807251, 198.797637939, 199.343307495, 199.877365112, 200.411422729, 200.92225647, 201.433105469, 201.955551147, 202.477996826, 202.988845825, 203.499679565, 204.022125244, 204.544570923, 205.055419922, 205.566253662, 206.077087402, 206.59954834, 207.121994019, 207.632827759, 208.155273438, 208.677734375, 209.200180054, 209.722625732, 210.245071411, 210.76751709, 211.278366089, 211.789199829, 212.311645508, 212.834106445, 213.344940186, 213.855773926, 214.366622925, 214.877456665, 215.388290405, 215.910751343, 216.433197021, 216.944030762, 217.46647644, 217.988937378, 218.499771118, 219.010604858, 219.533050537, 220.055511475, 220.577957153, 221.088790894, 221.611236572, 222.13369751, 222.656143188, 223.166976929, 223.677825928, 224.188659668, 224.711105347, 225.233551025, 225.756011963, 226.266845703, 226.789291382, 227.300125122, 227.82258606, 228.345031738, 228.867477417, 229.389923096, 229.900772095, 230.411605835, 230.922439575, 231.444900513, 231.967346191, 232.478179932, 232.989013672, 233.499862671, 234.02230835, 234.544754028, 235.055603027, 235.578048706, 236.100494385, 236.611328125, 237.122177124, 237.644622803, 238.167068481, 238.677902222, 239.188751221, 239.711196899, 240.233642578, 240.744491577, 241.255325317, 241.777770996, 242.300216675, 242.811065674, 243.321899414, 243.844345093, 244.355194092, 244.877639771, 245.400085449, 245.922531128, 246.433380127, 246.955825806, 247.478271484, 247.989105225, 248.499954224, 249.022399902, 249.544845581, 250.05569458, 250.56652832, 251.088973999, 251.611419678, 252.122268677, 252.633102417, 253.155548096, 253.677993774, 254.188842773, 254.711288452, 255.233734131, 255.74458313, 256.255401611, 256.766265869, 257.288696289, 257.811157227, 258.333587646, 258.856048584, 259.366882324, 259.877716064, 260.400177002, 260.922637939, 261.43347168, 261.94430542, 262.466766357, 262.989196777, 263.500030518, 264.010864258, 264.533325195, 265.055786133, 265.566619873, 266.077453613, 266.588287354, 267.099121094, 267.633178711, 268.155639648, 268.678100586, 269.188934326, 269.711364746, 270.233825684, 270.744659424, 271.255493164, 271.777954102, 272.300415039, 272.822845459, 273.333679199, 273.856140137, 274.366973877, 274.877807617, 275.388671875, 275.911102295, 276.421936035, 276.944396973, 277.46685791, 277.98928833, 278.50012207, 279.022583008, 279.545043945, 280.055877686, 280.566711426, 281.077545166, 281.588378906, 282.110839844, 282.644897461, 283.178955078, 283.713012695, 284.130981445, 284.548919678, 284.966888428, 285.396453857, 285.814422607, 286.243988037, 286.673553467, 287.126342773, 287.5675354, 288.00869751, 288.449890137, 288.891052246, 289.332244873, 289.773406982, 290.144927979, 290.516448975, 290.887969971, 291.259490967, 291.619415283, 291.979309082, 292.339233398, 292.710754395, 293.070648193, 293.43057251, 293.790466309, 294.150390625, 294.498687744, 294.846984863, 295.206878662, 295.566802979, 295.961547852, 296.356262207, 296.75100708, 297.145751953, 297.540496826, 297.946838379, 298.341583252], "beats_loudness": {"dmean2": 0.0247927084565, "median": 0.0386388376355, "min": 1.3944275068e-08, "dvar2": 0.000535228173248, "dvar": 0.000170445331605, "dmean": 0.0138031886891, "max": 0.109929122031, "var": 0.000422385433922, "mean": 0.0366401746869}, "danceability": 1.06835973263, "bpm_histogram_second_peak_weight": {"dmean2": 0, "median": 0.0221843011677, "min": 0.0221843011677, "dvar2": 0, "dvar": 0, "dmean": 0, "max": 0.0221843011677, "var": 0, "mean": 0.0221843011677}, "beats_count": 587, "bpm_histogram_second_peak_bpm": {"dmean2": 0, "median": 133, "min": 133, "dvar2": 0, "dvar": 0, "dmean": 0, "max": 133, "var": 0, "mean": 133}, "bpm_histogram_first_peak_spread": {"dmean2": 0, "median": 0.463178306818, "min": 0.463178306818, "dvar2": 0, "dvar": 0, "dmean": 0, "max": 0.463178306818, "var": 0, "mean": 0.463178306818}, "beats_loudness_band_ratio": {"dmean2": [0.385363936424, 0.421768546104, 0.16890616715, 0.171325013041, 0.0764273256063, 0.0834008529782], "median": [0.478903383017, 0.177931025624, 0.0836668163538, 0.0739293918014, 0.0506341792643, 0.0429056249559], "min": [4.79316986457e-05, 1.45594012793e-05, 0.000109549022454, 0.000157615882927, 1.51268523041e-05, 1.03654547274e-05], "dvar2": [0.0795701816678, 0.0838862359524, 0.0355826988816, 0.0482794754207, 0.0101456539705, 0.0326071567833], "dvar": [0.0267239753157, 0.0258644353598, 0.0128961373121, 0.0170403905213, 0.00342659046873, 0.0111250141636], "dmean": [0.216575875878, 0.232233539224, 0.0966320708394, 0.0967584699392, 0.0427784249187, 0.0457702241838], "max": [0.970116734505, 0.859935462475, 0.897392332554, 0.830486595631, 0.578513562679, 0.992737829685], "var": [0.060985468328, 0.0351506955922, 0.016301734373, 0.0186559818685, 0.0046728849411, 0.00738994497806], "mean": [0.469551920891, 0.225183174014, 0.126197263598, 0.118816301227, 0.0648311972618, 0.0551554337144]}}, "lowlevel": {"barkbands_spread": {"dmean2": 7.84401893616, "median": 23.1791152954, "min": 0.310521125793, "dvar2": 112.673667908, "dvar": 54.0959663391, "dmean": 4.96871852875, "max": 115.229652405, "var": 270.513916016, "mean": 24.3712978363}, "melbands_spread": {"dmean2": 9.54013252258, "median": 23.4825801849, "min": 0.486858934164, "dvar2": 218.392120361, "dvar": 109.359642029, "dmean": 6.07635116577, "max": 241.45161438, "var": 469.246185303, "mean": 26.4590682983}, "hfc": {"dmean2": 10.7518348694, "median": 21.5849113464, "min": 7.23255434423e-05, "dvar2": 500.570281982, "dvar": 206.896636963, "dmean": 6.71033620834, "max": 263.155151367, "var": 681.183898926, "mean": 27.1307315826}, "barkbands_kurtosis": {"dmean2": 4.08795452118, "median": 1.49049794674, "min": -1.94048202038, "dvar2": 273.615234375, "dvar": 104.28012085, "dmean": 2.5610063076, "max": 846.905273438, "var": 1056.05944824, "mean": 6.59306812286}, "gfcc": {"mean": [3.38810348511, 90.0908737183, -107.604812622, 24.6943340302, -57.0829238892, 17.3783760071, -36.083732605, 8.68695640564, -21.8062953949, 4.14418411255, -15.3975133896, 4.34646511078, -2.73098468781], "icov": [[0.000387601408875, -0.000260764034465, 0.000596943835262, -0.000639740610495, 0.00058983330382, -0.000853199569974, 0.000508405209985, -0.000498846755363, 0.000647579727229, -0.000826261704788, 0.00107566942461, -0.00097397598438, 0.000764166703448], [-0.000260764034465, 0.00155825086404, -0.000630556489341, 0.00041681813309, -0.00167294894345, 0.00165354681667, -0.00114475749433, 0.00105191534385, -0.000698728486896, 0.00152301066555, -0.00169349391945, 0.0019413967384, -0.00154149252921], [0.000596943835262, -0.000630556489341, 0.00188790308312, -0.000937823904678, 0.000645866908599, -0.00211973162368, 0.00170849997085, -0.000651036039926, 0.000643391977064, -0.000423633086029, 0.00172088702675, -0.00210843421519, 0.00152676983271], [-0.000639740610495, 0.00041681813309, -0.000937823904678, 0.00411149347201, -0.000952568778303, 0.000470592494821, -0.00205374881625, 0.00180965918116, -0.00197113491595, -0.000199144997168, 0.000331526418449, 0.000101622834336, -0.000724206271116], [0.00058983330382, -0.00167294894345, 0.000645866908599, -0.000952568778303, 0.00685361772776, -0.00176549039315, -0.00129140960053, -0.000117355200928, 6.49768626317e-05, -0.00207381905057, 0.00113946141209, -0.00187027757056, 0.00157032196876], [-0.000853199569974, 0.00165354681667, -0.00211973162368, 0.000470592494821, -0.00176549039315, 0.00778435124084, -0.00352255557664, -0.0008801073418, 0.000917902740184, -0.000317100522807, -0.00241431128234, 0.00218107248656, -0.000576927966904], [0.000508405209985, -0.00114475749433, 0.00170849997085, -0.00205374881625, -0.00129140960053, -0.00352255557664, 0.00806843303144, -0.00063700217288, -0.00164095370565, -5.0578473747e-06, 0.00164036278147, -0.00106342078652, 0.00108391267713], [-0.000498846755363, 0.00105191534385, -0.000651036039926, 0.00180965918116, -0.000117355200928, -0.0008801073418, -0.00063700217288, 0.00956062134355, -0.00239525316283, -0.00106467760634, 0.000121712808323, 0.000760509399697, -0.0043667065911], [0.000647579727229, -0.000698728486896, 0.000643391977064, -0.00197113491595, 6.49768626317e-05, 0.000917902740184, -0.00164095370565, -0.00239525316283, 0.0141574442387, -0.00485483976081, 0.00238526100293, -0.00312804081477, 0.00353926396929], [-0.000826261704788, 0.00152301066555, -0.000423633086029, -0.000199144997168, -0.00207381905057, -0.000317100522807, -5.0578473747e-06, -0.00106467760634, -0.00485483976081, 0.0179286766797, -0.0086153075099, 0.0022591361776, -0.00212430907413], [0.00107566942461, -0.00169349391945, 0.00172088702675, 0.000331526418449, 0.00113946141209, -0.00241431128234, 0.00164036278147, 0.000121712808323, 0.00238526100293, -0.0086153075099, 0.0198970083147, -0.00735671026632, 0.00183096947148], [-0.00097397598438, 0.0019413967384, -0.00210843421519, 0.000101622834336, -0.00187027757056, 0.00218107248656, -0.00106342078652, 0.000760509399697, -0.00312804081477, 0.0022591361776, -0.00735671026632, 0.0175127591938, -0.00551293278113], [0.000764166703448, -0.00154149252921, 0.00152676983271, -0.000724206271116, 0.00157032196876, -0.000576927966904, 0.00108391267713, -0.0043667065911, 0.00353926396929, -0.00212430907413, 0.00183096947148, -0.00551293278113, 0.017278002575]], "cov": [[15488.1972656, -3612.99023438, -1960.52575684, 1495.80688477, -1002.20947266, 1546.15869141, -6.02712059021, 879.740539551, -118.869987488, 726.524291992, -267.468231201, 409.778991699, -133.210876465], [-3612.99023438, 2718.88891602, 211.224822998, -172.424484253, 671.966003418, -604.76550293, 309.495605469, -434.936645508, 110.039100647, -257.040740967, 76.9945907593, -192.751296997, 42.065284729], [-1960.52575684, 211.224822998, 1357.6784668, -53.7996635437, 69.0931243896, 62.7482032776, -107.782577515, -48.5019836426, -9.12300491333, -80.006072998, -1.07290756702, 26.5863990784, -25.7237052917], [1495.80688477, -172.424484253, -53.7996635437, 593.180847168, 66.3991317749, 216.038925171, 187.405899048, 22.6203575134, 80.1833877563, 93.0960845947, -38.6956329346, 56.5537147522, -39.6165084839], [-1002.20947266, 671.966003418, 69.0931243896, 66.3991317749, 396.772613525, -66.0121612549, 193.214859009, -108.450286865, 73.1859588623, -26.537115097, 27.8404769897, -29.4078483582, -7.42890167236], [1546.15869141, -604.76550293, 62.7482032776, 216.038925171, -66.0121612549, 443.292755127, 67.5252990723, 149.138031006, -5.73312091827, 114.807563782, -16.7002239227, 63.2450828552, -27.3312683105], [-6.02712059021, 309.495605469, -107.782577515, 187.405899048, 193.214859009, 67.5252990723, 313.699829102, -32.266204834, 79.3063735962, 15.2858848572, -0.405833303928, -8.72989082336, -14.9901847839], [879.740539551, -434.936645508, -48.5019836426, 22.6203575134, -108.450286865, 149.138031006, -32.266204834, 215.375305176, -2.98651909828, 71.0575866699, -10.2234630585, 42.9319038391, 22.9441642761], [-118.869987488, 110.039100647, -9.12300491333, 80.1833877563, 73.1859588623, -5.73312091827, 79.3063735962, -2.98651909828, 114.336746216, 25.1222457886, 5.36824035645, 8.95826339722, -11.3739919662], [726.524291992, -257.040740967, -80.006072998, 93.0960845947, -26.537115097, 114.807563782, 15.2858848572, 71.0575866699, 25.1222457886, 126.811050415, 23.7169494629, 37.2000160217, -1.04676902294], [-267.468231201, 76.9945907593, -1.07290756702, -38.6956329346, 27.8404769897, -16.7002239227, -0.405833303928, -10.2234630585, 5.36824035645, 23.7169494629, 84.0429611206, 18.6284503937, 10.3793745041], [409.778991699, -192.751296997, 26.5863990784, 56.5537147522, -29.4078483582, 63.2450828552, -8.72989082336, 42.9319038391, 8.95826339722, 37.2000160217, 18.6284503937, 99.5704040527, 13.4180850983], [-133.210876465, 42.065284729, -25.7237052917, -39.6165084839, -7.42890167236, -27.3312683105, -14.9901847839, 22.9441642761, -11.3739919662, -1.04676902294, 10.3793745041, 13.4180850983, 80.018447876]]}, "spectral_energyband_middle_low": {"dmean2": 0.00632749311626, "median": 0.00771768763661, "min": 5.87911013275e-13, "dvar2": 0.000133960842504, "dvar": 5.03144838149e-05, "dmean": 0.0038659486454, "max": 0.0923162698746, "var": 8.84805995156e-05, "mean": 0.0104001304135}, "melbands_crest": {"dmean2": 4.75933885574, "median": 12.743429184, "min": 1.55569124222, "dvar2": 20.8764724731, "dvar": 8.44081783295, "dmean": 3.00435256958, "max": 32.5165328979, "var": 25.2478504181, "mean": 13.5344228745}, "spectral_kurtosis": {"dmean2": 4.40587854385, "median": 3.01926159859, "min": -1.55992436409, "dvar2": 187.004943848, "dvar": 67.9749450684, "dmean": 2.6563603878, "max": 213.441864014, "var": 398.548309326, "mean": 8.15001106262}, "spectral_rms": {"dmean2": 0.00097291712882, "median": 0.00498253386468, "min": 1.87513830952e-06, "dvar2": 1.31133390369e-06, "dvar": 5.36079653557e-07, "dmean": 0.000616079312749, "max": 0.0108289197087, "var": 3.0878918551e-06, "mean": 0.00495393807068}, "zerocrossingrate": {"dmean2": 0.0109537914395, "median": 0.06298828125, "min": 0.005859375, "dvar2": 0.000212694270886, "dvar": 0.000235101746512, "dmean": 0.0093393791467, "max": 0.89892578125, "var": 0.00332049909048, "mean": 0.0675697773695}, "silence_rate_60dB": {"dmean2": 0.0192606393248, "median": 0, "min": 0, "dvar2": 0.0227727610618, "dvar": 0.00953572895378, "dmean": 0.00962957181036, "max": 1, "var": 0.0410206243396, "mean": 0.0428637973964}, "erbbands_kurtosis": {"dmean2": 1.4757219553, "median": 0.120379567146, "min": -1.79441595078, "dvar2": 5.81689405441, "dvar": 2.60824131966, "dmean": 0.939356863499, "max": 94.6107025146, "var": 14.6049156189, "mean": 1.21470212936}, "erbbands": {"dmean2": [0.145722851157, 1.00771069527, 2.92262887955, 4.89404153824, 6.30035638809, 11.1239309311, 13.0094013214, 13.4603443146, 17.551115036, 15.3356218338, 16.2907524109, 21.0215473175, 31.4707164764, 33.4069252014, 36.2517127991, 45.8938026428, 20.8935050964, 16.3048439026, 29.6104736328, 31.2563705444, 28.3382778168, 20.6916065216, 8.26299571991, 9.13924789429, 8.44629192352, 9.23409461975, 8.7077589035, 8.83895206451, 9.84626197815, 9.0994348526, 6.55433130264, 4.01616477966, 3.48412561417, 2.14020562172, 0.916744887829, 0.243968710303, 0.0586931705475, 0.00933833420277, 0.00089713424677, 4.59906950709e-05], "median": [0.087509572506, 0.676353812218, 2.04830741882, 2.77791976929, 1.94855964184, 3.28465437889, 9.366979599, 9.49932289124, 11.2855615616, 9.10807609558, 9.94880962372, 11.7385702133, 16.5900115967, 19.2071647644, 21.9697990417, 20.3729057312, 14.6711196899, 10.6078910828, 19.1585445404, 22.2399215698, 22.2345085144, 16.0291519165, 10.036813736, 10.1299343109, 8.76924800873, 9.87924003601, 9.10180282593, 8.06137752533, 6.31453227997, 3.68626403809, 2.11602973938, 1.68978440762, 1.44942736626, 0.951068639755, 0.438102513552, 0.133361041546, 0.0295139309019, 0.00389409833588, 0.000322779349517, 5.14253915753e-05], "min": [6.23734245676e-13, 4.0895520477e-12, 1.89553928109e-11, 4.07673825253e-11, 5.19745080307e-11, 6.68896119049e-11, 4.22362173014e-10, 4.95704921555e-10, 1.15197928974e-09, 1.28869981353e-09, 1.83260884246e-09, 2.84754797519e-09, 2.02959338225e-09, 6.20488194158e-09, 5.63150281963e-09, 4.71567451754e-09, 1.0896322955e-08, 1.16177627518e-08, 1.50797649923e-08, 1.94660749742e-08, 2.12962909529e-08, 3.35544640961e-08, 3.66048098499e-08, 3.70005004413e-08, 3.90367631553e-08, 3.80101532471e-08, 5.31764499101e-08, 3.37936363337e-08, 5.66658791001e-08, 6.16355606553e-08, 5.02658679125e-08, 5.16633491543e-08, 4.7622467747e-08, 4.18103596189e-08, 3.90737149303e-08, 1.97145730851e-08, 2.2716054815e-08, 1.13696991377e-07, 1.20259286973e-07, 4.95942487078e-08], "dvar2": [0.11915537715, 5.77508831024, 38.0039787292, 82.4240570068, 340.82611084, 1402.3692627, 451.83883667, 587.168029785, 1903.73168945, 2001.89550781, 2903.23632813, 2735.72192383, 10475.5478516, 12989.2070313, 11108.2197266, 22566.7480469, 2308.5949707, 1890.8626709, 7019.61083984, 7563.71337891, 6653.42724609, 3580.82250977, 169.151489258, 201.933990479, 217.281051636, 253.004058838, 237.923110962, 416.770050049, 705.303100586, 771.458190918, 437.108764648, 135.391906738, 189.475631714, 84.7751464844, 17.3798217773, 0.912980496883, 0.051125716418, 0.0012704647379, 1.00138913695e-05, 2.13699493656e-08], "dvar": [0.0596223548055, 2.10501170158, 13.524892807, 28.01014328, 133.423629761, 501.780151367, 177.159469604, 224.136444092, 722.297607422, 757.005981445, 1147.42980957, 1277.88366699, 4511.21582031, 5483.63867188, 4546.95654297, 8775.84082031, 948.893615723, 805.222229004, 2793.31152344, 3081.64355469, 2900.57983398, 1417.68078613, 61.7024383545, 73.6721954346, 78.1669082642, 93.8439559937, 85.1413269043, 145.571655273, 251.435913086, 291.359771729, 172.608230591, 59.6893386841, 90.7931213379, 40.2407112122, 8.28856182098, 0.442419290543, 0.0247780568898, 0.000617099343799, 4.44548550149e-06, 8.1871833757e-09], "dmean": [0.101225279272, 0.613482534885, 1.75061929226, 2.8901925087, 3.85040307045, 6.48474216461, 8.15909481049, 8.15431785583, 10.9104099274, 9.39963436127, 10.5111684799, 13.9473161697, 20.4679107666, 21.9613189697, 23.1980571747, 28.756193161, 13.0923519135, 10.1504659653, 18.3585243225, 19.5541744232, 17.8199653625, 12.7135734558, 4.94295406342, 5.42310237885, 4.93954658508, 5.45731925964, 5.08163976669, 5.04950666428, 5.63625717163, 5.26067018509, 3.8935520649, 2.45808601379, 2.26292991638, 1.38889682293, 0.606791198254, 0.160333648324, 0.0375135205686, 0.00596017111093, 0.00055215152679, 2.821389171e-05], "max": [3.51268362999, 21.7216148376, 50.5205764771, 106.691726685, 178.931686401, 305.456329346, 306.741516113, 347.415710449, 999.739807129, 914.005554199, 1176.63110352, 1105.98388672, 1759.21923828, 3015.10400391, 3174.24682617, 2186.11694336, 1371.07897949, 1376.48950195, 2084.7019043, 1760.64916992, 3446.69433594, 1669.11279297, 171.29145813, 190.775497437, 177.753662109, 396.166412354, 195.884399414, 295.101226807, 246.910522461, 599.169433594, 337.189453125, 222.605911255, 356.091186523, 217.646347046, 104.690589905, 32.4787788391, 10.4453001022, 1.85627794266, 0.124084070325, 0.00315608084202], "var": [0.0929161310196, 2.32749295235, 14.4598093033, 49.9892921448, 128.81048584, 420.341644287, 691.900512695, 470.863555908, 1351.08154297, 1093.62768555, 2548.34326172, 4021.77539063, 13455.1679688, 15552.6113281, 15445.2304688, 23372.9902344, 2576.43798828, 2307.55615234, 6282.63085938, 7691.91503906, 12674.8671875, 5037.25439453, 229.311126709, 223.598999023, 183.918334961, 287.076293945, 230.078277588, 177.742034912, 260.601165771, 344.610992432, 240.713623047, 132.230331421, 210.621231079, 86.9059906006, 16.6744251251, 0.970719456673, 0.0530101135373, 0.00122101826128, 7.59106478654e-06, 1.04571977744e-08], "mean": [0.169001504779, 1.07236409187, 3.1297852993, 5.03719806671, 5.0625538826, 8.74526977539, 17.7808094025, 16.4900512695, 22.3097705841, 17.3670120239, 22.3914985657, 31.4789810181, 46.7827148438, 50.752407074, 53.386177063, 58.7409057617, 29.3685894012, 22.6772766113, 38.4188690186, 41.8686180115, 40.6422615051, 29.2047729492, 13.5192070007, 13.7022428513, 11.9203767776, 13.9311342239, 13.010807991, 10.6561393738, 10.3364582062, 8.51930046082, 6.28453683853, 4.51039171219, 4.26855611801, 2.67404437065, 1.15836262703, 0.315140873194, 0.0703737735748, 0.0103470133618, 0.000900227751117, 7.05081474734e-05]}, "spectral_strongpeak": {"dmean2": 0.983141303062, "median": 0.429686069489, "min": 0, "dvar2": 2.73401236534, "dvar": 1.13426530361, "dmean": 0.581114768982, "max": 18.9719581604, "var": 3.37434077263, "mean": 1.18783736229}, "spectral_energy": {"dmean2": 0.0116553213447, "median": 0.0254462845623, "min": 3.60404706079e-09, "dvar2": 0.000278408610029, "dvar": 0.000110134962597, "dmean": 0.00725389039144, "max": 0.12019713223, "var": 0.000323799322359, "mean": 0.0283202715218}, "average_loudness": 0.820635557175, "spectral_rolloff": {"dmean2": 723.855529785, "median": 1162.79296875, "min": 64.599609375, "dvar2": 1926256.125, "dvar": 979357.75, "dmean": 428.6043396, "max": 21727.0019531, "var": 3639544.5, "mean": 1590.52832031}, "spectral_centroid": {"dmean2": 298.25769043, "median": 1355.23754883, "min": 145.802261353, "dvar2": 155673.109375, "dvar": 71746.0546875, "dmean": 188.187194824, "max": 10556.6611328, "var": 515221.125, "mean": 1322.96130371}, "pitch_salience": {"dmean2": 0.0972821861506, "median": 0.553100585938, "min": 0.117457248271, "dvar2": 0.00853556208313, "dvar": 0.00335670285858, "dmean": 0.0600062720478, "max": 0.850368261337, "var": 0.010910439305, "mean": 0.545507133007}, "spectral_energyband_middle_high": {"dmean2": 0.00313741574064, "median": 0.00556495925412, "min": 6.02005771622e-12, "dvar2": 4.52028180007e-05, "dvar": 1.80344813998e-05, "dmean": 0.00203284458257, "max": 0.0864080712199, "var": 0.000105797560536, "mean": 0.00814509578049}, "spectral_contrast_coeffs": {"dmean2": [0.0768943354487, 0.0710991695523, 0.0552015714347, 0.0440084822476, 0.0305655151606, 0.0272646546364], "median": [-0.671577453613, -0.721837639809, -0.762125611305, -0.787798166275, -0.803441882133, -0.759723842144], "min": [-0.950609266758, -0.959710419178, -0.971232533455, -0.965570092201, -0.96467936039, -0.95741546154], "dvar2": [0.00454348605126, 0.0034635073971, 0.00198274222203, 0.00122725125402, 0.000594765122514, 0.000707888102625], "dvar": [0.00174692238215, 0.00126734760124, 0.000789820973296, 0.000473007326946, 0.000234041232034, 0.000292178854579], "dmean": [0.0470510981977, 0.0430463217199, 0.034016661346, 0.0266711525619, 0.018539454788, 0.0169299785048], "max": [-0.299289941788, -0.360975295305, -0.382592886686, -0.570293545723, -0.537575960159, -0.556150496006], "var": [0.00762416096404, 0.00627375533804, 0.00574702490121, 0.00275680329651, 0.0013529532589, 0.0033765307162], "mean": [-0.659396350384, -0.71361976862, -0.751082062721, -0.78284406662, -0.800522208214, -0.759573757648]}, "melbands_skewness": {"dmean2": 0.867799758911, "median": 2.11341047287, "min": -1.5771355629, "dvar2": 0.924891889095, "dvar": 0.386987417936, "dmean": 0.557842195034, "max": 10.0664901733, "var": 2.11353898048, "mean": 2.34495902061}, "spectral_spread": {"dmean2": 709605.75, "median": 4963022, "min": 438253.65625, "dvar2": 945781932032, "dvar": 532187447296, "dmean": 473484.34375, "max": 39666064, "var": 5629893148670.0, "mean": 5259825.5}, "dissonance": {"dmean2": 0.0303218048066, "median": 0.469773352146, "min": 0.208510458469, "dvar2": 0.000967380357906, "dvar": 0.000352763512637, "dmean": 0.0180425215513, "max": 0.500000238419, "var": 0.00120166991837, "mean": 0.458996862173}, "spectral_skewness": {"dmean2": 0.404050916433, "median": 1.40684556961, "min": -0.689429402351, "dvar2": 0.585817754269, "dvar": 0.217874795198, "dmean": 0.248229131103, "max": 12.48391819, "var": 1.95153343678, "mean": 1.79485619068}, "spectral_flux": {"dmean2": 0.0313807837665, "median": 0.0711037144065, "min": 6.00337152719e-05, "dvar2": 0.00135942862835, "dvar": 0.000600374944042, "dmean": 0.0197751652449, "max": 0.28311213851, "var": 0.00200678617693, "mean": 0.0776603594422}, "spectral_contrast_valleys": {"dmean2": [0.541085600853, 0.478776216507, 0.418572425842, 0.356714367867, 0.317132353783, 0.341267168522], "median": [-6.9038939476, -6.49387216568, -6.90743255615, -7.08512687683, -6.97469139099, -9.49290847778], "min": [-27.8064689636, -27.6866264343, -27.1027336121, -27.0952377319, -27.0167388916, -27.257806778], "dvar2": [0.215393394232, 0.167155057192, 0.120906502008, 0.0998892486095, 0.129578024149, 0.233501181006], "dvar": [0.0842670053244, 0.069213539362, 0.0531810373068, 0.0459835268557, 0.0623409487307, 0.115561574697], "dmean": [0.326433390379, 0.290424436331, 0.254323452711, 0.218805879354, 0.199302196503, 0.226400986314], "max": [-5.61935043335, -4.95268011093, -5.1413898468, -5.7773194313, -5.75060319901, -7.14972257614], "var": [1.64112484455, 1.03300797939, 1.40240848064, 1.88193619251, 2.53110766411, 3.09255743027], "mean": [-7.22083950043, -6.70899677277, -7.24076414108, -7.62921571732, -7.70600795746, -10.0624675751]}, "erbbands_flatness_db": {"dmean2": 0.0200935099274, "median": 0.136370122433, "min": 0.0520378835499, "dvar2": 0.000459551170934, "dvar": 0.000210898200748, "dmean": 0.0131437871605, "max": 0.444360822439, "var": 0.00385794695467, "mean": 0.153832912445}, "spectral_energyband_high": {"dmean2": 0.00098356208764, "median": 0.000942824291997, "min": 1.75829395488e-09, "dvar2": 6.63432865622e-06, "dvar": 2.72762281384e-06, "dmean": 0.00059550057631, "max": 0.0282435193658, "var": 5.31906835022e-06, "mean": 0.00147436512634}, "spectral_entropy": {"dmean2": 0.203087136149, "median": 7.82302951813, "min": 4.34525442123, "dvar2": 0.0567399077117, "dvar": 0.027165716514, "dmean": 0.131730675697, "max": 9.8017244339, "var": 0.542830586433, "mean": 7.57659816742}, "silence_rate_20dB": {"dmean2": 0, "median": 1, "min": 1, "dvar2": 0, "dvar": 0, "dmean": 0, "max": 1, "var": 0, "mean": 1}, "melbands_flatness_db": {"dmean2": 0.0320912450552, "median": 0.169528335333, "min": 0.00458379369229, "dvar2": 0.00122398533858, "dvar": 0.000519697146956, "dmean": 0.0207443144172, "max": 0.675336539745, "var": 0.0118527552113, "mean": 0.203002154827}, "barkbands": {"dmean2": [0.000395113602281, 0.00416479818523, 0.00281196949072, 0.00164616084658, 0.00281477649696, 0.00179284031037, 0.00126371788792, 0.000665831961669, 0.00111720268615, 0.00115241028834, 0.000877823273186, 0.001295783557, 0.000434169895016, 0.000548702722881, 0.000585207948461, 0.000573382945731, 0.000368706416339, 0.000162748416187, 0.00018936379638, 0.00019032783166, 0.000210114027141, 0.000272683333606, 0.000244958762778, 0.000194281456061, 0.000151424465002, 3.8137743104e-05, 5.29756607648e-06], "median": [0.0001470499555