{"tonal": {"thpcp": [1, 0.754260361195, 0.534308075905, 0.428833842278, 0.267856687307, 0.283485651016, 0.350351691246, 0.524339437485, 0.803768336773, 0.67625772953, 0.353771179914, 0.295674651861, 0.284174978733, 0.258453398943, 0.349498778582, 0.403979212046, 0.339979887009, 0.29614597559, 0.300699979067, 0.41273406148, 0.671103894711, 0.825276017189, 0.693801939487, 0.425350427628, 0.274799317122, 0.244900763035, 0.244737118483, 0.268091768026, 0.288342684507, 0.399589061737, 0.431523501873, 0.291407734156, 0.197511538863, 0.206167936325, 0.311221510172, 0.70250171423], "hpcp": {"dmean2": [0.282531499863, 0.286501467228, 0.275216579437, 0.201921522617, 0.154803976417, 0.15031658113, 0.152148455381, 0.156435325742, 0.16836617887, 0.185996755958, 0.184140861034, 0.169797986746, 0.14034999907, 0.150856807828, 0.201694175601, 0.278183102608, 0.305112451315, 0.32203862071, 0.272284299135, 0.214725986123, 0.179524183273, 0.175185129046, 0.173717051744, 0.247660025954, 0.325782477856, 0.247205391526, 0.183147639036, 0.158265918493, 0.153104022145, 0.158283546567, 0.193844601512, 0.214558154345, 0.224469080567, 0.216662630439, 0.214723482728, 0.259360551834], "median": [0.0726558566093, 0.11547665298, 0.0814293771982, 0.0420157015324, 0.0177125073969, 0.016508134082, 0.0169732682407, 0.0169914066792, 0.022419989109, 0.0254723932594, 0.0224185939878, 0.0155964232981, 0.0103000961244, 0.0102437846363, 0.0201743226498, 0.0682585388422, 0.0925519093871, 0.0848349332809, 0.0364178195596, 0.0191904883832, 0.0144715663046, 0.014713248238, 0.0189502537251, 0.0426147691905, 0.044342610985, 0.0424261055887, 0.027215262875, 0.0257029421628, 0.0259941443801, 0.0190937481821, 0.0154778454453, 0.0144346216694, 0.0142127219588, 0.013357328251, 0.0151639450341, 0.0325772799551], "min": [0, 0, 0, 0, 0, 0, 0, 0, 0, 0, 0, 0, 0, 0, 0, 0, 0, 0, 0, 0, 0, 0, 0, 0, 0, 0, 0, 0, 0, 0, 0, 0, 0, 0, 0, 0], "dvar2": [0.142001882195, 0.12899389863, 0.129553809762, 0.0937592089176, 0.0818763151765, 0.0820672437549, 0.0901315435767, 0.091435983777, 0.0904788225889, 0.0996577888727, 0.0968780890107, 0.0949940532446, 0.0764815285802, 0.0896874815226, 0.112875282764, 0.13528701663, 0.147940844297, 0.154092743993, 0.135463565588, 0.113022200763, 0.0971008017659, 0.103366866708, 0.0959557965398, 0.115833438933, 0.180609956384, 0.113684169948, 0.0977435261011, 0.0877416729927, 0.0784057602286, 0.0736684054136, 0.108797200024, 0.129764124751, 0.139951869845, 0.136709198356, 0.13311393559, 0.147774398327], "dvar": [0.0543505698442, 0.0506378784776, 0.0505045764148, 0.0349591448903, 0.0305934343487, 0.0301267653704, 0.0321629866958, 0.0332717373967, 0.0324785411358, 0.0387291684747, 0.0403787568212, 0.0356306508183, 0.0276336167008, 0.0320544317365, 0.0408420562744, 0.0524042136967, 0.0646737739444, 0.0600203499198, 0.0516704171896, 0.044358137995, 0.0353018976748, 0.0378274619579, 0.0374156571925, 0.0444827973843, 0.0768686905503, 0.0487536564469, 0.035895768553, 0.0322798788548, 0.0293743684888, 0.0274662207812, 0.0407571941614, 0.048925857991, 0.0504024513066, 0.048064917326, 0.0471116378903, 0.0534261576831], "dmean": [0.162842363119, 0.169340342283, 0.162146046758, 0.115544378757, 0.0861080214381, 0.0831899270415, 0.0845621973276, 0.0867695137858, 0.094159796834, 0.106176994741, 0.106513075531, 0.0956468433142, 0.0769421681762, 0.0822444409132, 0.111506678164, 0.161910712719, 0.180650323629, 0.186781868339, 0.155309095979, 0.123518839478, 0.0994454994798, 0.0974543914199, 0.0978221744299, 0.141107842326, 0.185801073909, 0.144964829087, 0.104805320501, 0.090437926352, 0.0877986997366, 0.0886047035456, 0.10699403286, 0.118663579226, 0.122852787375, 0.117112852633, 0.116352342069, 0.143834024668], "max": [1, 1, 1, 1, 1, 1, 1, 1, 1, 1, 1, 1, 1, 1, 1, 1, 1, 1, 1, 1, 1, 1, 1, 1, 1, 1, 1, 1, 1, 1, 1, 1, 1, 1, 1, 1], "var": [0.0733520612121, 0.0867190063, 0.0752785801888, 0.0397684834898, 0.0319657772779, 0.0266801640391, 0.025238674134, 0.03088192828, 0.0282651819289, 0.0499596223235, 0.0603007189929, 0.0324391536415, 0.0199668277055, 0.0231702830642, 0.0341476351023, 0.0757936313748, 0.136001527309, 0.079771399498, 0.0648112148046, 0.0562934391201, 0.0271433684975, 0.0335724279284, 0.0489680580795, 0.0545392967761, 0.119839280844, 0.0902381315827, 0.0362564474344, 0.0304781291634, 0.0282324422151, 0.0241439435631, 0.0457456223667, 0.0598494149745, 0.0434677302837, 0.0371040329337, 0.0368671678007, 0.0465596541762], "mean": [0.200988441706, 0.247161358595, 0.207786262035, 0.127387911081, 0.0822994634509, 0.0733451619744, 0.0732961520553, 0.0802906230092, 0.0863555520773, 0.119672656059, 0.129236683249, 0.0872735008597, 0.0591525956988, 0.061745095998, 0.0932075157762, 0.210391759872, 0.299489319324, 0.225892916322, 0.160019561648, 0.128431156278, 0.0802202150226, 0.0849009230733, 0.104926593602, 0.157034054399, 0.240720033646, 0.202531963587, 0.105950690806, 0.088551402092, 0.0851073712111, 0.0774040296674, 0.104671150446, 0.120987460017, 0.101820342243, 0.088692560792, 0.0900564342737, 0.123609445989]}, "tuning_equal_tempered_deviation": 0.240574017167, "chords_changes_rate": 0.0872560292482, "key_key": "D", "tuning_diatonic_strength": 0.666802704334, "key_scale": "minor", "chords_number_rate": 0.00172215839848, "tuning_frequency": 434.193115234, "tuning_nontempered_energy_ratio": 0.90604364872, "chords_histogram": [54.267124176, 12.2847299576, 0.248756214976, 0.210486024618, 0, 2.00918483734, 1.4542671442, 12.380405426, 0, 1.14810562134, 0, 0.0191350933164, 0, 0.057405281812, 0.401836961508, 0, 0.172215849161, 0, 1.49253726006, 0.497512429953, 0.325296580791, 0.0382701866329, 2.88939905167, 10.1033296585], "key_strength": 0.75679820776, "chords_key": "D", "chords_strength": {"dmean2": 0.0147722382098, "median": 0.535731911659, "min": 0.202397212386, "dvar2": 0.000170771512785, "dvar": 0.000122969693621, "dmean": 0.0134981106967, "max": 0.92042952776, "var": 0.0132661545649, "mean": 0.535290300846}, "chords_scale": "minor", "hpcp_entropy": {"dmean2": 1.16314375401, "median": 2.17535591125, "min": 0, "dvar2": 0.881019294262, "dvar": 0.332904338837, "dmean": 0.697989702225, "max": 4.65938997269, "var": 0.685349106789, "mean": 2.19613671303}}, "metadata": {"audio_properties": {"equal_loudness": 0, "codec": "mp3", "downmix": "mix", "sample_rate": 44100, "analysis_sample_rate": 44100, "bit_rate": 192000, "md5_encoded": "26113b503338b04650ff0203d4d5b1d0", "length": 242.625305176, "replay_gain": -3.81654548645, "lossless": false}, "version": {"essentia_build_sha": "2d9f1f26377add8aeb1075a9c2973f962c4f09fd", "essentia": "2.1-beta2", "extractor": "music 1.0", "essentia_git_sha": "v2.1_beta2-1-ge3940c0"}, "tags": {"title": ["Killing in the Name"], "language": ["eng"], "acoustid_fingerprint": ["AQADtOKUhzlO9HiF_jiOIswfHBP8AB9FmDJ-CJeJ6D_wwom64kezJ8d15IM--DTyfTg-9AxeHuWNozB2BD6OKx_0wznyF88xKwY-Bs8DR0f-o5kOPUcu9KHQODi-oD8e9AeOIxKO48eHrxCNH4ie44LxX3gOP0d55II-hBmzdOhDnPhyHMeP4-iRYvvw4CPwCWZw6D5-HGm-4mjyBDkuHb8Enym-ZUYu4TpqvfDRX0WP5sNPIs8hVwkRmygP8zj8w_9xHNNZ_DFyR4SOWDmmrDQOf0SP5qh3vEOuyEhUG_2HB_OOfS98HH_ReTNyJSmh78gvPN3hKEqIH8-OPnjmDX2FPBF0xMmNqpGF5hl-NCiXEH_Qo6k448cfI7ZEQrOOPAuPL0dPHH06NGmON2mCfFCvIyfa5caPww81nHjRJ8HXIGkuErEYFmUiHq4In8cPO9XQD7mh5ojFKDx8HT_-w5OO0_jR_EVFGm9kIr4J7TO8I49e8HDM4yltNFsz5MkPPVWR63hKXBHs6MUfTOeMLfTxPFVgZXqC0BeuQpfQR-IKn0xxbOYDUUlvlMjHoz6D5jFOPccVpcglHtoSLg_C7PhuvPGxVSGN3A40OkcYhsW1Hp-Cv8GzhgTSSVKJXzr0ZNlRE1PihMzxbDfkGFf2IGciUrBv_AryNIdO_cg9MuiDZkn05Hi0H36RQ0tEtRHCZklQLj9G9C3xzEF-oRm0jhKDUaJeoe7RXEfj3aibQJeI_oF_lNLRRFEUhOYToQ-HMCfkMA_mJMkLV8X94XVQUoHICZWkbMePN2GDXRK0oE-HUzqDdrkSiD2aSFEU5MGP5id6Co985EkgPjyuxkOoL2iYK8Yb87AiBzlU5wzCXPkklMpUHJfw0YjNQ9uLMLlyPJHxRFaRPlfw9BA3Jkeuo6lyVNSRM0Oz3dCYZiJOPejKBE2H79CT_diO_EGv3NjJ4UtgaTQqMV5wBnkhPgpy4pIHPyHK9ggTRRv0oD_C3MEjfEGjLEmOkGF0o9u5FFq6He_RP2gmFTo_NFce1BQaJ4MlKLLT4DRyWJO04m6RM9HRbNB-rHoQC49IPI9gHxdx5sGpXUXzPEU4TULy_Hh0eLzw47yLlGF0JBGX40KfhcHp4M2R0ocuH_kmEg35oxQf7BFyK9DzI2SZo4kWHleeEefxG3keaIoiKUeYTRdxPWjQo3mIUsqFUNOhi0R_7Mh5ZWiOUs6D6AxJNE_RTcmDE8elnMiZVoEv4tKRM-pxJ9CfEWHyB_UTfFGOw1-CStQjhOHyoSQxJYxK_DEaneiJCVOi1Az26LhEGlq2HFdmhLmC70HlHI1y4ZmJpsmTInRx5YGWZ0c7fF-IJ4eoicGzT_gbI8x8dBNxScX14B8sH3k7OCIf6Fk84UPeZSncLSVx4Q_y53CUSKeEcrrQTMrw53hC439wqdhM4Quh50XJ8KjSa_iljbgzEc0UiUeRTztyPviPP4NIJVREXOhjOM6M7dfQ5jh-9EdzpnhOnIXoHDmm5UdzkTiLZkftg43qEFfYI0t-aEfsEp_QNFeK0CsxPWiW6ygNLfkSCp-PioGWv7iKX4KaBqeOxlQk1DsQ5jKqH01y9FuD6Pmgzxf8CTnOHH9Qn0WYRhd-aHxRhvgxMs2k40efo3mGN1LwDzfC_JgusbgvNPqI8MnQ3CiX44lyqK5x5XiLx-hzoqk-4nkgNcfMpPghNpl8XMF_hMnRF9-S44vGo9mzwFHIo7mOPEmQXBrOo3lyMfCU9Ji04xReMInzIzy0H34--KmM3mCb4HxgLQmNXDeak8d0BldOXBIzCmGaSJB_5OXRt8Fz7OeMF2m4Qzc4PcfvoUymozkuz5B-9MKUF9ePKzqeHv7SIIfxEz8X4swlImoOVTmaj5KK_uBFBU_C4zrObIe6p8F3IZJ-NMcuNN3RH82nHeXBH8mTDGkoxsGHRlVylFZ27PlwKU0kfA5-hOeh5T9yqgn2ZMKXoxKqPB1-KkEdgUmPH4184dKnoJliB3wu3EfCJ1GRSxfmXSIcCldwNjjRwz-SZ0doJYnxH888CZ8wnYuEJlSEXApuCgyZo-EXnGcYvIedYBeaS9kJ7Rnu5LjWo8yGRk-O63jDi_g__CGeWIei52iWF8-OX8ctpPGLS0f3YEqoPLiSo-GPkjl-JMuVC6GjHU2pbKieDYc1PkJDJTsqiYuIfEZyEq6y4NvwCZtdosk4B92Foz-yo5RyQRdj2B0u4YwKj8km3BfyYVqUePiDkhfycMENsYmO80P4oxlNBQ-P6kJTY82SZWiYEofPw4-H30jFpgs0L09xhLkUMOwcoz985fDXGFmW4tnRbA_qzbh25Lj0I1e-4H1QC1qW5ciPG898ZPvxH818tFEe_DL68GiY49yjgE-Oo_zRJkG4aEfzGc9E_Dh1XElqotoQ5j-ei9APXgzaRR_6GKeFhlWOzrsKwmMdfMePRvshXkmOnjJqBVYihNRD9D_6HXmW45SH59BydGE8_Bf0vGCZyLiYBscj52iqKEbYHSHJoFGzQ09QiSeaJ0d8K-AdfDnK5Aj347Igz8EVkUToL2iWXjhy8DyeI3weXEemC32O68WzQ8uk7DjRB_uO7kkeiI1wIV2O0YdzpagVBY_w6EH1oyHyH3yPO1lz3Pih5yiz6Mg06YrwbXi7wksWGTmf4xfEh0I6Pbiiw3_Qf_jx4o6OykezLDqHPDgmF14vOM_R6SmUdwAAgDBEUZAAOQJgIwDQAAKBBOJCCAQEEQI6A4UxBhljDAQAEUCMMWAQIIxThILKpRDACsEsEAIYQ5QxQAPFHCUQLCgFQEYgZIYgEAllAABAIUSIEsAxoBkRRhBg2QICcOwoAQEYYQwThjoLjAFKCEAZE4oJhQEwmBkSnABGAEKJWEIooQQhkAGzAANCKGeIcwIghYwhyjGDhBCECOYAEIggJygSyBBFABEaCYSAMMBIIoARAihkAFEEGAEQIwAZAghAQhlkBAAGACWEIACIYgQDSgBABCIIKGQUIAQoZwQEAhECFIRSACqAEUAAA4AEgBiCIBFAMgCII04oZRESRAFBFEOCCMIc0IwqRgDzmgmAhAFIIEAYMUIQwhwFxhECAAKCIEQIFAQYiwQjgAAiCBBGCACAQMQQIKAAABmGEQZKQSEoIEgQQwCQSAgDgDACCUGBEUgZYQhCiDCCDCEQACGIIkwwABRwQCAFAEgUGACIMAYYAIBBCDgggECEMGKYMAghBRRQxCkAGIHGAEUIFQgA4hwRQgCBhJJEAUQMQNAIQ4giBDAEDISEGiDEMAA4A4ASCggBCCGIKAaEYUYwBBAUwApkhFEIEk0UAEQ4LIBgwgCAFGBKICCAAgIxIoQCgishkCCEAUOtYkQggpRwTCAAAARCECQFM8QAoYBS2hhBBDSQgCGAAM4hIoAwhiFEDADAE2AIYAoYQJAADBgFFFCGGwWIIYIBAYBABhgHHACCAGAcIwAKBpgQiDCmCDECEYYIcYQAwhBTChAhCEEEKIKUEFQCgwBBUAQDkCMgIEAAMhIxBZkAhgBlhKMOSCCIQAQKAQgBRJgCCGQWIEKAEQxAAYACCCAClQNACGUEEUoBhBgwQECBzADIAQCMAcQpCZhSwglgnECAACIAQtQAUJAAgDAklHAACWGIAoAKAhkRTggEBAQOWEEEAIYJwQgihACgAA"], "date": ["2006"], "genre": ["Rock"], "musicbrainz album type": ["Album"], "musicip_puid": ["9dcc2993-0ef3-bd65-5c00-6e99416f7ba7"], "musicbrainz_recordingid": ["0d4ab725-37ca-455e-b6c0-37f7540be7d9"], "musicbrainz_albumartistid": ["d576231e-c0b6-4a42-a4f4-011f06b9095c"], "musicbrainz_albumid": ["5120f65c-4b37-46df-b8e5-a427d9bfc7b8"], "artist": ["Tyrone Wells"], "tracknumber": ["08"], "bpm": ["148.52"], "album": ["Hold On"], "musicbrainz album release country": ["United States"], "acoustid_id": ["b7d42e3d-c8cc-4346-a084-c8f616f4010f"], "musicbrainz_artistid": ["d576231e-c0b6-4a42-a4f4-011f06b9095c"], "file_name": "Tyrone Wells - Killing in the Name.mp3"}}, "rhythm": {"bpm_histogram_first_peak_bpm": {"dmean2": 0, "median": 161, "min": 161, "dvar2": 0, "dvar": 0, "dmean": 0, "max": 161, "var": 0, "mean": 161}, "bpm": 163.026428223, "bpm_histogram_second_peak_spread": {"dmean2": 0, "median": 0.516339898109, "min": 0.516339898109, "dvar2": 0, "dvar": 0, "dmean": 0, "max": 0.516339898109, "var": 0, "mean": 0.516339898109}, "bpm_histogram_first_peak_weight": {"dmean2": 0, "median": 0.197478994727, "min": 0.197478994727, "dvar2": 0, "dvar": 0, "dmean": 0, "max": 0.197478994727, "var": 0, "mean": 0.197478994727}, "onset_rate": 3.9524075985, "beats_position": [0.847528338432, 1.70666658878, 2.56580495834, 3.41333317757, 4.27247142792, 5.13160991669, 5.97913837433, 6.82666635513, 7.6858048439, 8.54494285583, 9.39247131348, 10.2516098022, 11.0875282288, 11.9234466553, 12.7709751129, 13.4675731659, 14.1641721725, 14.8491611481, 15.3367795944, 15.8243989944, 16.3236274719, 16.8344669342, 17.3220863342, 17.8097057343, 18.2508831024, 18.7036724091, 19.1564617157, 19.6092510223, 20.062040329, 20.5032196045, 20.9211788177, 21.339138031, 21.7570972443, 22.1750564575, 22.5930156708, 23.010974884, 23.4289340973, 23.8468933105, 24.2532424927, 24.6595916748, 25.0775508881, 25.4955101013, 25.9134693146, 26.3314285278, 26.7493877411, 27.1673469543, 27.5853061676, 28.0032653809, 28.409614563, 28.7927436829, 29.1874828339, 29.5822219849, 29.9769611359, 30.383310318, 30.778049469, 31.17278862, 31.5791378021, 31.9854869843, 32.391834259, 32.7981834412, 33.204536438, 33.6224937439, 34.028842926, 34.4235839844, 34.8299331665, 35.2362823486, 35.6426315308, 36.0489807129, 36.455329895, 36.8616790771, 37.2680282593, 37.6743774414, 38.0691146851, 38.4638557434, 38.8702049255, 39.2765541077, 39.6829032898, 40.0892524719, 40.5072097778, 40.91355896, 41.3199081421, 41.7262573242, 42.1209983826, 42.5389556885, 42.9453048706, 43.3632659912, 43.7696151733, 44.1875724792, 44.5939216614, 45.0002708435, 45.3950119019, 45.801361084, 46.2077102661, 46.6140594482, 47.0204086304, 47.4267578125, 47.8331069946, 48.2278442383, 48.6225852966, 49.0405426025, 49.4352836609, 49.841632843, 50.2479820251, 50.6427192688, 51.0374603271, 51.4438095093, 51.8501586914, 52.2681159973, 52.6744651794, 53.0924263, 53.4871635437, 53.8819046021, 54.2882537842, 54.6829910278, 55.1009521484, 55.5189094543, 55.9252586365, 56.3316078186, 56.7379570007, 57.1443061829, 57.5622673035, 57.9570045471, 58.340133667, 58.7348747253, 59.1412239075, 59.5475730896, 59.9539222717, 60.3602714539, 60.7782287598, 61.1961898804, 61.6025390625, 62.0204963684, 62.4268455505, 62.8331947327, 63.227935791, 63.6226730347, 64.0290222168, 64.4353713989, 64.8301086426, 65.2248535156, 65.6195907593, 66.0143280029, 66.409072876, 66.8038101196, 67.1985473633, 67.6048965454, 68.0112457275, 68.4059829712, 68.8007278442, 69.2070770264, 69.6134262085, 70.0081634521, 70.4029006958, 70.8092498779, 71.2155990601, 71.6103363037, 72.0050811768, 72.4114303589, 72.817779541, 73.2241287231, 73.6304779053, 74.0368270874, 74.4431762695, 74.8495254517, 75.2558746338, 75.6622238159, 76.068572998, 76.4749221802, 76.8696594238, 77.2876205444, 77.6939697266, 78.0887069702, 78.4834442139, 78.889793396, 79.2961425781, 79.7141036987, 80.2481613159, 80.7822189331, 81.3046722412, 81.8851699829, 82.4540557861, 83.2319259644, 84.0097961426, 84.7760543823, 85.5423126221, 86.3085708618, 87.0748291016, 87.8294754028, 88.5841217041, 89.3387756348, 90.093421936, 90.8364639282, 91.579498291, 92.3225402832, 93.065574646, 93.7970046997, 94.5284347534, 95.2482528687, 95.9912872314, 96.7343292236, 97.4657592773, 98.1971893311, 98.9286117554, 99.6716537476, 100.41469574, 101.146118164, 101.889160156, 102.632194519, 103.375236511, 104.118278503, 104.872924805, 105.627571106, 106.393829346, 107.125259399, 107.879905701, 108.622947693, 109.365982056, 110.109024048, 110.852058411, 111.595100403, 112.338134766, 113.081176758, 113.82421875, 114.555641174, 115.298683167, 116.03011322, 116.773147583, 117.516189575, 118.270835876, 119.00226593, 119.733695984, 120.465126038, 121.184944153, 121.939590454, 122.694236755, 123.460494995, 124.226753235, 124.993011475, 125.759269714, 126.548751831, 127.326622009, 128.104492188, 128.893966675, 129.671829224, 130.449707031, 131.22756958, 132.005432129, 132.783309937, 133.549560547, 134.327438354, 135.105300903, 135.883178711, 136.649429321, 137.42729187, 138.205169678, 138.994644165, 139.784118652, 140.573608398, 141.363082886, 142.152557373, 142.94203186, 143.731521606, 144.509384155, 145.287246704, 146.07673645, 146.866210938, 147.655685425, 148.445159912, 149.246261597, 150.024124146, 150.813598633, 151.603088379, 152.380950928, 153.158813477, 153.948303223, 154.73777771, 155.527252197, 156.316726685, 157.106216431, 157.895690918, 158.685165405, 159.474639893, 160.2525177, 161.030380249, 161.808258057, 162.562896729, 163.352371216, 164.141860962, 164.931335449, 165.709197998, 166.475463867, 167.230117798, 167.996368408, 168.762634277, 169.528884888, 170.283538818, 171.03817749, 171.781219482, 172.512649536, 173.24407959, 173.987121582, 174.730148315, 175.484802246, 176.239456177, 176.88961792, 177.504943848, 178.120269775, 178.700775146, 179.246429443, 179.792098999, 180.163619995, 180.535140991, 180.906661987, 181.278182983, 181.626480103, 181.974777222, 182.334686279, 182.694595337, 183.054504395, 183.402801514, 183.762710571, 184.111022949, 184.470932007, 184.842453003, 185.21395874, 185.573867798, 185.933776855, 186.293685913, 186.665206909, 187.025115967, 187.385025024, 187.744934082, 188.10484314, 188.476364136, 188.836273193, 189.196182251, 189.556091309, 189.927612305, 190.299133301, 190.659042358, 191.030563354, 191.413696289, 191.773605347, 192.133514404, 192.493423462, 192.864944458, 193.224853516, 193.596374512, 193.967880249, 194.327789307, 194.687713623, 195.05921936, 195.419128418, 195.779037476, 196.138946533, 196.510467529, 196.881988525, 197.253509521, 197.625030518, 197.996551514, 198.36807251, 198.739593506, 199.111114502, 199.47102356, 199.842529297, 200.202438354, 200.573959351, 200.933868408, 201.293777466, 201.665298462, 202.036819458, 202.419952393, 202.803085327, 203.186203003, 203.557723999, 203.917633057, 204.289154053, 204.660675049, 205.032196045, 205.403717041, 205.786849976, 206.169967651, 206.541488647, 206.901397705, 207.261306763, 207.632827759, 208.004348755, 208.375869751, 208.770614624, 209.165344238, 209.536865234, 209.90838623, 210.279907227, 210.651428223, 211.022949219, 211.394470215, 211.765975952, 212.137496948, 212.532241821, 212.903762817, 213.275283813, 213.658401489, 214.029922485, 214.401443481, 214.784576416, 215.156097412, 215.527618408, 215.899139404, 216.28225708, 216.653778076, 217.013687134, 217.38520813, 217.756729126, 218.128250122, 218.499771118, 218.871292114, 219.24281311, 219.614334106, 219.985839844, 220.35736084, 220.728881836, 221.100402832, 221.471923828, 221.843444824, 222.21496582, 222.586486816, 222.958007813, 223.341125488, 223.724258423, 224.095779419, 224.467300415, 224.838821411, 225.210342407, 225.581848145, 225.953369141, 226.324890137, 226.696411133, 227.067932129, 227.439453125, 227.810974121, 228.182495117, 228.542404175, 228.902313232, 229.285430908, 229.656951904, 230.040084839, 230.399993896, 230.759902954, 231.13142395, 231.502944946, 231.897689819, 232.292419434, 232.687164307, 233.081893921, 233.453414917, 233.824935913, 234.208068848, 234.579589844, 234.962722778, 235.334228516, 235.705749512, 236.100494385, 236.472015381, 236.831924438, 237.215057373, 237.598175049, 237.981307983, 238.352828979, 238.735961914, 239.119094849, 239.513824463, 239.885345459, 240.256866455, 240.628387451, 241.011520386, 241.383041382, 241.742950439], "beats_loudness": {"dmean2": 0.0334293060005, "median": 0.0365458577871, "min": 2.22885828407e-05, "dvar2": 0.000639555277303, "dvar": 0.000237114916672, "dmean": 0.0183694213629, "max": 0.0981205329299, "var": 0.000401519151637, "mean": 0.0382267050445}, "danceability": 1.18225252628, "bpm_histogram_second_peak_weight": {"dmean2": 0, "median": 0.155462190509, "min": 0.155462190509, "dvar2": 0, "dvar": 0, "dmean": 0, "max": 0.155462190509, "var": 0, "mean": 0.155462190509}, "beats_count": 477, "bpm_histogram_second_peak_bpm": {"dmean2": 0, "median": 148, "min": 148, "dvar2": 0, "dvar": 0, "dmean": 0, "max": 148, "var": 0, "mean": 148}, "bpm_histogram_first_peak_spread": {"dmean2": 0, "median": 0.196581184864, "min": 0.196581184864, "dvar2": 0, "dvar": 0, "dmean": 0, "max": 0.196581184864, "var": 0, "mean": 0.196581184864}, "beats_loudness_band_ratio": {"dmean2": [0.497133374214, 0.269271314144, 0.245444208384, 0.139811694622, 0.105629973114, 0.143185794353], "median": [0.504351139069, 0.149320915341, 0.0663739815354, 0.0452722236514, 0.0327566675842, 0.064275637269], "min": [7.40378936825e-06, 0.000279805011814, 0.000751328712795, 4.06034596381e-05, 1.39873045555e-05, 1.82975225016e-06], "dvar2": [0.148609876633, 0.0561143159866, 0.0711342021823, 0.0276196468621, 0.0213917046785, 0.0348405614495], "dvar": [0.0484130047262, 0.0189745239913, 0.0246969107538, 0.00991991627961, 0.00722487596795, 0.0123925115913], "dmean": [0.284650206566, 0.156247004867, 0.136053860188, 0.0782828778028, 0.0582204535604, 0.0804443061352], "max": [0.995352268219, 0.781399905682, 0.876147449017, 0.88193821907, 0.5862018466, 0.982310652733], "var": [0.0842711031437, 0.0285056028515, 0.0255456492305, 0.00983064901084, 0.00596004584804, 0.0120085384697], "mean": [0.507851541042, 0.194838553667, 0.122612573206, 0.0764516741037, 0.0555192008615, 0.0917443707585]}}, "lowlevel": {"barkbands_spread": {"dmean2": 11.1260614395, "median": 19.1277446747, "min": 0.16719211638, "dvar2": 208.270675659, "dvar": 93.7611694336, "dmean": 7.20011091232, "max": 132.811645508, "var": 342.941772461, "mean": 23.1703071594}, "melbands_spread": {"dmean2": 13.9001665115, "median": 16.3348731995, "min": 0.237536460161, "dvar2": 678.438781738, "dvar": 292.466186523, "dmean": 8.94763565063, "max": 261.218353271, "var": 703.663574219, "mean": 23.1707172394}, "hfc": {"dmean2": 10.3191900253, "median": 14.1722679138, "min": 1.20240284095e-16, "dvar2": 307.017852783, "dvar": 160.243499756, "dmean": 7.32575654984, "max": 232.194213867, "var": 631.613037109, "mean": 22.4040336609}, "barkbands_kurtosis": {"dmean2": 10.3008069992, "median": 3.15142393112, "min": -1.94036984444, "dvar2": 645.665771484, "dvar": 278.656402588, "dmean": 6.65178203583, "max": 405.476013184, "var": 712.087097168, "mean": 12.0540599823}, "gfcc": {"mean": [-22.2197990417, 76.8324356079, -95.707359314, 39.3371620178, -58.4388885498, 16.2009620667, -32.2467956543, 7.68138170242, -27.4488735199, 2.7339720726, -14.6741189957, -2.52577424049, -10.6083459854], "icov": [[0.000117683208373, -5.40981091035e-05, 0.000151419226313, -0.000161595191457, 5.9019352193e-05, -0.000198486348381, 7.58233218221e-05, -0.000161667354405, 0.000340799888363, -0.000316728721373, 0.000244274036959, -0.000329565431457, 0.000165705947438], [-5.40981091035e-05, 0.00101285113487, -0.000167228063219, 0.000236741951085, -0.000754448876251, 0.000831526878756, -0.000936921569519, 0.000709385087248, -0.000915419310331, 0.0010383259505, -0.00130144518334, 0.00139389245305, -0.000420020282036], [0.000151419226313, -0.000167228063219, 0.00133872916922, -0.000745278899558, -0.000539031112567, -0.000322238221997, -0.000280475971522, 0.000795564206783, 7.17552711649e-06, -0.000801316869911, 0.00137074175291, -0.00102578150108, 0.000744218472391], [-0.000161595191457, 0.000236741951085, -0.000745278899558, 0.0035998437088, -0.00105646916199, -0.00114475190639, 0.000643632491119, -0.000252827012446, -0.000419108604547, -0.000460568757262, 6.79593504174e-05, 0.00102518836502, -0.00100009760354], [5.9019352193e-05, -0.000754448876251, -0.000539031112567, -0.00105646916199, 0.00366556597874, -0.000828311487567, -0.000516089203302, -0.000101952071418, 0.000734877190553, -0.000966042280197, 0.000245612143772, 0.000124975267681, -0.00098511192482], [-0.000198486348381, 0.000831526878756, -0.000322238221997, -0.00114475190639, -0.000828311487567, 0.00758663052693, -0.00370483472943, 0.000114466034574, -0.000545687333215, 0.000421299162554, -0.000743302807678, 0.000484049669467, 8.76407211763e-05], [7.58233218221e-05, -0.000936921569519, -0.000280475971522, 0.000643632491119, -0.000516089203302, -0.00370483472943, 0.00874393526465, -0.00460840808228, -0.000101280958916, 0.00118071504403, -0.000610500690527, -0.000986155704595, 0.000426523416536], [-0.000161667354405, 0.000709385087248, 0.000795564206783, -0.000252827012446, -0.000101952071418, 0.000114466034574, -0.00460840808228, 0.0101812584326, -0.00233047315851, -0.00126158271451, 0.00052854011301, 0.000188998601516, -0.000427730003139], [0.000340799888363, -0.000915419310331, 7.17552711649e-06, -0.000419108604547, 0.000734877190553, -0.000545687333215, -0.000101280958916, -0.00233047315851, 0.0110514145344, -0.00463091814891, -0.000157667513122, 0.00123515084852, -0.00147318898235], [-0.000316728721373, 0.0010383259505, -0.000801316869911, -0.000460568757262, -0.000966042280197, 0.000421299162554, 0.00118071504403, -0.00126158271451, -0.00463091814891, 0.0132058011368, -0.0047142105177, -0.000569265102968, 0.00165083014872], [0.000244274036959, -0.00130144518334, 0.00137074175291, 6.79593504174e-05, 0.000245612143772, -0.000743302807678, -0.000610500690527, 0.00052854011301, -0.000157667513122, -0.0047142105177, 0.0138413840905, -0.00501096993685, 0.0015355751384], [-0.000329565431457, 0.00139389245305, -0.00102578150108, 0.00102518836502, 0.000124975267681, 0.000484049669467, -0.000986155704595, 0.000188998601516, 0.00123515084852, -0.000569265102968, -0.00501096993685, 0.0143457381055, -0.00643394328654], [0.000165705947438, -0.000420020282036, 0.000744218472391, -0.00100009760354, -0.00098511192482, 8.76407211763e-05, 0.000426523416536, -0.000427730003139, -0.00147318898235, 0.00165083014872, 0.0015355751384, -0.00643394328654, 0.0137263964862]], "cov": [[14664.5546875, -1766.22949219, -1498.59692383, 367.096862793, -482.932434082, 427.650970459, -27.8307514191, 402.023345947, -375.112182617, 282.755249023, -32.4093780518, 370.020172119, -44.2774810791], [-1766.22949219, 2426.38061523, 521.329589844, 44.1973724365, 583.911682129, -52.5083618164, 255.213363647, -84.318107605, 187.141189575, -96.1368637085, 103.411140442, -197.317077637, 29.79662323], [-1498.59692383, 521.329589844, 1682.50244141, 471.20489502, 577.95526123, 175.423019409, 138.29598999, -80.8262634277, 89.1930389404, 60.9128341675, -73.6880187988, -25.7434177399, 9.11953258514], [367.096862793, 44.1973724365, 471.20489502, 541.831542969, 296.973937988, 169.862838745, 71.6600341797, 33.070022583, 40.5507202148, 67.0174560547, -26.5284557343, -2.20958065987, 28.1071090698], [-482.932434082, 583.911682129, 577.95526123, 296.973937988, 634.686401367, 144.604934692, 159.600646973, 12.6769857407, 67.1533432007, 35.2981758118, 4.58613204956, -31.3567562103, 41.8127670288], [427.650970459, -52.5083618164, 175.423019409, 169.862838745, 144.604934692, 262.931274414, 138.794662476, 71.9331970215, 22.9651679993, 36.1561737061, 2.37882971764, 18.1551589966, 9.08363628387], [-27.8307514191, 255.213363647, 138.29598999, 71.6600341797, 159.600646973, 138.794662476, 265.22845459, 104.939239502, 51.2827110291, 9.07260227203, 25.2658004761, 0.924743771553, 13.4846086502], [402.023345947, -84.318107605, -80.8262634277, 33.070022583, 12.6769857407, 71.9331970215, 104.939239502, 176.784942627, 37.2404937744, 35.8932113647, 12.5997886658, 18.231300354, 8.87295913696], [-375.112182617, 187.141189575, 89.1930389404, 40.5507202148, 67.1533432007, 22.9651679993, 51.2827110291, 37.2404937744, 146.545516968, 44.254776001, 24.7601947784, -18.7108135223, 11.4786233902], [282.755249023, -96.1368637085, 60.9128341675, 67.0174560547, 35.2981758118, 36.1561737061, 9.07260227203, 35.8932113647, 44.254776001, 129.529830933, 34.2358283997, 25.3321151733, -4.42051076889], [-32.4093780518, 103.411140442, -73.6880187988, -26.5284557343, 4.58613204956, 2.37882971764, 25.2658004761, 12.5997886658, 24.7601947784, 34.2358283997, 112.119773865, 27.7031497955, 4.52175760269], [370.020172119, -197.317077637, -25.7434177399, -2.20958065987, -31.3567562103, 18.1551589966, 0.924743771553, 18.231300354, -18.7108135223, 25.3321151733, 27.7031497955, 125.14881897, 39.4099349976], [-44.2774810791, 29.79662323, 9.11953258514, 28.1071090698, 41.8127670288, 9.08363628387, 13.4846086502, 8.87295913696, 11.4786233902, -4.42051076889, 4.52175760269, 39.4099349976, 98.382598877]]}, "spectral_energyband_middle_low": {"dmean2": 0.00585126085207, "median": 0.00757116731256, "min": 3.14691660248e-22, "dvar2": 6.05398818152e-05, "dvar": 2.53071193583e-05, "dmean": 0.00377609441057, "max": 0.0842753127217, "var": 9.21330938581e-05, "mean": 0.0102396626025}, "melbands_crest": {"dmean2": 5.09238100052, "median": 14.5408191681, "min": 2.00257825851, "dvar2": 23.0159950256, "dvar": 10.026927948, "dmean": 3.29887533188, "max": 37.2873344421, "var": 33.2825698853, "mean": 15.4898519516}, "spectral_kurtosis": {"dmean2": 3.27978634834, "median": 2.84928941727, "min": -1.48307979107, "dvar2": 140.651016235, "dvar": 70.3545913696, "dmean": 2.11324810982, "max": 422.70791626, "var": 441.062286377, "mean": 5.84124326706}, "spectral_rms": {"dmean2": 0.00113497581333, "median": 0.00479973386973, "min": 3.2250604097e-12, "dvar2": 2.06691902349e-06, "dvar": 8.90233707196e-07, "dmean": 0.000749834929593, "max": 0.0107306670398, "var": 3.87568616134e-06, "mean": 0.00469542201608}, "zerocrossingrate": {"dmean2": 0.0154706826434, "median": 0.0556640625, "min": 0.0029296875, "dvar2": 0.000388722430216, "dvar": 0.000367948552594, "dmean": 0.0138324862346, "max": 0.490234375, "var": 0.00276119401678, "mean": 0.0651679337025}, "silence_rate_60dB": {"dmean2": 0.0650842264295, "median": 0, "min": 0, "dvar2": 0.0650545358658, "dvar": 0.0314813926816, "dmean": 0.032538998872, "max": 1, "var": 0.0725567862391, "mean": 0.0787559822202}, "erbbands_kurtosis": {"dmean2": 2.19078826904, "median": -0.239863708615, "min": -1.81646442413, "dvar2": 23.7588176727, "dvar": 11.3125152588, "dmean": 1.44220340252, "max": 138.051620483, "var": 35.6553649902, "mean": 1.42086279392}, "erbbands": {"dmean2": [0.210900887847, 2.009786129, 3.57891464233, 3.9715731144, 8.80513477325, 11.3040151596, 12.4713439941, 8.3442697525, 10.1300802231, 12.2827758789, 19.2634601593, 28.2025184631, 24.2109470367, 22.2107009888, 20.7016162872, 15.4481077194, 20.9157428741, 21.9703922272, 24.1901569366, 12.1721563339, 9.21977233887, 11.4151763916, 13.8090858459, 13.056139946, 25.6268882751, 16.4041061401, 9.91401672363, 8.24415683746, 9.17511940002, 7.41994142532, 5.77928209305, 4.65102958679, 3.33034133911, 2.11566853523, 0.969109177589, 0.294848054647, 0.10179272294, 0.0247161705047, 0.00268871383741, 6.68866705382e-05], "median": [0.113669261336, 1.26652669907, 1.74586701393, 2.90313792229, 4.77844285965, 5.09799957275, 4.66689014435, 3.29044532776, 3.75831127167, 4.00503158569, 4.77341175079, 5.32905435562, 6.05968284607, 5.93004131317, 5.63795900345, 4.81528759003, 7.15874481201, 6.10408401489, 5.00555896759, 3.79788589478, 3.99349784851, 4.31889438629, 4.65064001083, 5.38325119019, 9.70297622681, 7.39250183105, 3.87063765526, 3.28630661964, 3.04062700272, 2.20504117012, 1.46363854408, 1.00826907158, 0.723664999008, 0.460922420025, 0.19983650744, 0.0569142848253, 0.0147347636521, 0.00247363327071, 0.000143342360388, 3.76642929041e-05], "min": [1.54422119758e-21, 7.04455282425e-21, 4.48830009829e-20, 5.15388645454e-20, 7.3380219653e-20, 1.38933979467e-19, 1.48700578508e-19, 5.73319658042e-19, 6.21246399336e-19, 7.79118627229e-19, 1.25804948105e-18, 3.02712225235e-18, 9.83387363981e-19, 1.00796589851e-18, 1.07460150071e-18, 1.49918638149e-18, 2.48148972528e-18, 3.16982269534e-18, 2.64646407421e-18, 5.57328405985e-18, 4.55733380048e-18, 7.56280728863e-18, 9.17814626834e-18, 1.28363591448e-17, 1.25737756224e-17, 1.47037144146e-17, 2.29128781523e-17, 2.15585436072e-17, 2.11492596032e-17, 1.51212338287e-17, 1.94450905247e-17, 2.36301595487e-17, 1.53267815935e-17, 1.57666596997e-17, 1.05471483801e-17, 6.13157348427e-18, 2.91745712828e-18, 1.02149733256e-18, 3.2976896703e-19, 4.03979501534e-20], "dvar2": [0.17288595438, 19.1514987946, 79.5029449463, 54.4716339111, 228.284545898, 590.563659668, 522.626708984, 284.565368652, 655.627075195, 858.417480469, 3197.17236328, 7636.20068359, 7651.953125, 2860.92871094, 3812.05175781, 1923.85839844, 2366.23681641, 3526.77368164, 4529.51171875, 1126.18518066, 443.219940186, 563.294677734, 868.151306152, 928.670288086, 3820.42114258, 1052.89001465, 391.568267822, 283.272674561, 389.381896973, 407.637634277, 281.606994629, 208.863708496, 112.325180054, 43.3712272644, 16.614654541, 0.619538486004, 0.0656832158566, 0.00429790234193, 5.90733252466e-05, 2.70896833854e-08], "dvar": [0.0759573578835, 6.79374742508, 27.6376857758, 19.6753044128, 89.1646194458, 257.418701172, 204.286972046, 109.959541321, 305.096679688, 384.988952637, 1451.74902344, 3429.88867188, 3308.09912109, 1339.48657227, 1605.22583008, 867.07244873, 1022.5088501, 1440.84838867, 1991.07067871, 517.105712891, 195.218841553, 225.878890991, 353.408996582, 399.140533447, 1709.18078613, 454.418762207, 170.85710144, 130.266082764, 182.28565979, 189.703399658, 137.572189331, 98.0059585571, 56.917881012, 21.2614517212, 6.49682664871, 0.270537942648, 0.0312533378601, 0.00189395062625, 2.57214269368e-05, 1.233598379e-08], "dmean": [0.130975678563, 1.18582618237, 2.05863237381, 2.47495913506, 5.44041490555, 7.28302192688, 7.8382897377, 5.15615749359, 6.77713394165, 7.93630743027, 12.7219905853, 18.687461853, 16.1190624237, 14.6179857254, 13.0351285934, 9.89686870575, 13.3030757904, 13.7591323853, 15.3854961395, 7.85522460938, 5.92321157455, 7.19441175461, 8.69675064087, 8.53476142883, 16.9142093658, 10.6613702774, 6.43502140045, 5.44844532013, 6.17186355591, 4.94056272507, 3.90306758881, 3.16045618057, 2.32082533836, 1.45328831673, 0.641920208931, 0.199319049716, 0.0683458000422, 0.0163202993572, 0.00174956745468, 4.43892131443e-05], "max": [3.10949444771, 22.2914505005, 51.6240158081, 53.9828147888, 146.538101196, 438.856140137, 292.00112915, 170.675338745, 642.549560547, 428.959777832, 1233.88879395, 1880.86364746, 2553.6784668, 1394.76452637, 1277.78295898, 901.630615234, 672.621826172, 1165.16357422, 1360.36486816, 900.719055176, 374.688049316, 471.814239502, 397.174530029, 736.359741211, 956.059143066, 448.836273193, 291.126434326, 266.706298828, 316.066772461, 343.58493042, 264.276000977, 275.655792236, 281.325531006, 152.753829956, 138.544784546, 16.7088184357, 5.33980226517, 1.15473568439, 0.0946109443903, 0.0021148242522], "var": [0.145965144038, 6.61411094666, 21.1088523865, 27.0456066132, 159.207229614, 530.99786377, 350.214050293, 168.633255005, 1163.89343262, 993.34552002, 3283.49584961, 13066.953125, 17226.7011719, 6266.50585938, 3017.79638672, 1487.28051758, 1967.5480957, 1998.92626953, 3205.80639648, 982.447875977, 377.467529297, 425.181640625, 631.191223145, 754.583435059, 3476.96508789, 1087.13000488, 399.233093262, 331.147338867, 432.785491943, 409.172058105, 286.06262207, 184.259460449, 129.796691895, 47.168182373, 7.5348572731, 0.48082280159, 0.0646209418774, 0.00329714431427, 3.76727293769e-05, 2.17281890258e-08], "mean": [0.235084220767, 1.8140348196, 2.94712305069, 4.44758319855, 8.99389743805, 12.2265043259, 11.949511528, 8.10730552673, 13.683350563, 14.4024190903, 21.3188762665, 37.5583114624, 35.6905708313, 27.7966175079, 21.9970321655, 16.1211223602, 21.2492733002, 19.8702716827, 22.2714939117, 12.6815366745, 10.250541687, 12.0601329803, 14.2623643875, 15.1899938583, 29.7938251495, 20.1230125427, 11.5781316757, 10.0748643875, 11.0452680588, 8.71853160858, 6.55549621582, 5.09631156921, 3.76505637169, 2.30631041527, 0.943653583527, 0.301839023829, 0.0990602821112, 0.0217858236283, 0.00212241732515, 8.07388059911e-05]}, "spectral_strongpeak": {"dmean2": 0.742354869843, "median": 0.335311412811, "min": 0, "dvar2": 1.98463332653, "dvar": 0.779621064663, "dmean": 0.439818829298, "max": 13.4495658875, "var": 1.50611412525, "mean": 0.833182752132}, "spectral_energy": {"dmean2": 0.012925718911, "median": 0.0236133839935, "min": 1.06610405845e-20, "dvar2": 0.000388079875847, "dvar": 0.000152278546011, "dmean": 0.00817716773599, "max": 0.118025898933, "var": 0.000374744005967, "mean": 0.0265706013888}, "average_loudness": 0.853343904018, "spectral_rolloff": {"dmean2": 1105.53845215, "median": 796.728515625, "min": 43.06640625, "dvar2": 3457361.5, "dvar": 1635608.125, "dmean": 663.273254395, "max": 18992.2851563, "var": 4269798, "mean": 1574.85058594}, "spectral_centroid": {"dmean2": 496.079162598, "median": 1306.2121582, "min": 99.1417312622, "dvar2": 373833.8125, "dvar": 194361.078125, "dmean": 330.360107422, "max": 10680.7900391, "var": 844194.9375, "mean": 1428.60095215}, "pitch_salience": {"dmean2": 0.122115410864, "median": 0.541573762894, "min": 0.0716024413705, "dvar2": 0.0140441991389, "dvar": 0.00591595703736, "dmean": 0.0774697884917, "max": 0.92596912384, "var": 0.0179504100233, "mean": 0.525108456612}, "spectral_energyband_middle_high": {"dmean2": 0.00230529741384, "median": 0.00209141452797, "min": 1.01447764847e-21, "dvar2": 1.42592662087e-05, "dvar": 6.63320088279e-06, "dmean": 0.00155627331696, "max": 0.0630742162466, "var": 3.46781562257e-05, "mean": 0.00438460195437}, "spectral_contrast_coeffs": {"dmean2": [0.0803935974836, 0.0781122297049, 0.0647421851754, 0.0518139302731, 0.0399759598076, 0.031094763428], "median": [-0.670055031776, -0.718813478947, -0.786462783813, -0.805755853653, -0.796543836594, -0.769121289253], "min": [-0.947336554527, -0.963196992874, -0.96227812767, -0.957136690617, -0.959053337574, -0.959999620914], "dvar2": [0.00499329250306, 0.0044412240386, 0.00287304655649, 0.00189475587104, 0.00117547612172, 0.000737358990591], "dvar": [0.00207818392664, 0.00192589953076, 0.00134555669501, 0.000891895964742, 0.000580129795708, 0.000316141900839], "dmean": [0.0503139197826, 0.0504592582583, 0.0418945625424, 0.0333245098591, 0.0262366421521, 0.0198701843619], "max": [-0.249297454953, -0.356881409883, -0.284772008657, -0.426897734404, -0.51233881712, -0.635535001755], "var": [0.00930064450949, 0.00895062088966, 0.00829636491835, 0.00440800841898, 0.00357393501326, 0.00157722504809], "mean": [-0.653407216072, -0.709211111069, -0.764541089535, -0.791611075401, -0.788006484509, -0.772473037243]}, "melbands_skewness": {"dmean2": 1.57858264446, "median": 2.95493912697, "min": -4.18098974228, "dvar2": 4.33236455917, "dvar": 2.05746293068, "dmean": 1.05586445332, "max": 22.563419342, "var": 7.56969261169, "mean": 3.61520004272}, "spectral_spread": {"dmean2": 949057.1875, "median": 5134984, "min": 266322.59375, "dvar2": 1294537588740.0, "dvar": 762309509120, "dmean": 666806.25, "max": 42402612, "var": 3391506874370.0, "mean": 5346002.5}, "dissonance": {"dmean2": 0.0328884720802, "median": 0.468075454235, "min": 0.182410463691, "dvar2": 0.00125297391787, "dvar": 0.000523907190654, "dmean": 0.0204422883689, "max": 0.500000059605, "var": 0.001740183332, "mean": 0.455031782389}, "spectral_skewness": {"dmean2": 0.365462571383, "median": 1.31953811646, "min": -0.421898394823, "dvar2": 0.321912556887, "dvar": 0.176255822182, "dmean": 0.247285246849, "max": 17.4361553192, "var": 1.4888355732, "mean": 1.5535749197}, "spectral_flux": {"dmean2": 0.0395913347602, "median": 0.0745142102242, "min": 1.03252316419e-10, "dvar2": 0.0019510515267, "dvar": 0.000968126580119, "dmean": 0.0253766030073, "max": 0.306088536978, "var": 0.00263313343748, "mean": 0.0801092535257}, "spectral_contrast_valleys": {"dmean2": [0.686517655849, 0.688428401947, 0.590469539165, 0.542826533318, 0.478591322899, 0.494180172682], "median": [-6.76028156281, -7.20607471466, -7.60656690598, -7.90923500061, -7.59967136383, -9.8052520752], "min": [-27.5503482819, -26.7765789032, -27.2506580353, -27.1698646545, -27.2032108307, -27.2900428772], "dvar2": [0.457463532686, 0.400112509727, 0.305496573448, 0.320024996996, 0.295688867569, 0.331401586533], "dvar": [0.223568931222, 0.187661707401, 0.154293984175, 0.167598351836, 0.169780790806, 0.207812547684], "dmean": [0.436279147863, 0.439186900854, 0.381121754646, 0.365486860275, 0.347322195768, 0.388335615396], "max": [-5.1767449379, -5.13950538635, -5.2480225563, -5.53221035004, -5.37912273407, -7.2033162117], "var": [2.65503430367, 1.36059069633, 1.63648104668, 1.69031751156, 1.94808495045, 2.05067777634], "mean": [-7.37333345413, -7.40345716476, -7.7916841507, -8.14978504181, -7.88790893555, -10.0721321106]}, "erbbands_flatness_db": {"dmean2": 0.0282234642655, "median": 0.131891280413, "min": 0.0363737381995, "dvar2": 0.000931063259486, "dvar": 0.000488642894197, "dmean": 