{"tonal": {"thpcp": [1, 0.969764769077, 0.783044934273, 0.523753106594, 0.385555267334, 0.365429013968, 0.373143851757, 0.471879839897, 0.547547101974, 0.428056150675, 0.340138524771, 0.41619554162, 0.472628384829, 0.402587473392, 0.333472937346, 0.33958864212, 0.43413323164, 0.459365844727, 0.407488763332, 0.486868023872, 0.539600610733, 0.482908606529, 0.460028976202, 0.554563462734, 0.64662104845, 0.651890039444, 0.641542434692, 0.61550539732, 0.582071900368, 0.566094279289, 0.540248513222, 0.523850440979, 0.521334052086, 0.547764122486, 0.716646969318, 0.919183671474], "hpcp": {"dmean2": [0.315506637096, 0.284262180328, 0.276377528906, 0.307678878307, 0.344468444586, 0.344400376081, 0.348450154066, 0.361915647984, 0.350176036358, 0.337042450905, 0.30986058712, 0.306713759899, 0.299791961908, 0.297634571791, 0.363848656416, 0.42167326808, 0.483121663332, 0.45143032074, 0.334156662226, 0.273637652397, 0.220975235105, 0.195656433702, 0.21174928546, 0.264390587807, 0.316289752722, 0.230641886592, 0.178775385022, 0.209029704332, 0.234003439546, 0.213454216719, 0.190419405699, 0.187749311328, 0.251870363951, 0.265873968601, 0.239283427596, 0.283809393644], "median": [0.0975425541401, 0.0891496241093, 0.0804196819663, 0.108742550015, 0.137168943882, 0.135520011187, 0.124493092299, 0.113397821784, 0.102002501488, 0.0908619835973, 0.0966940149665, 0.0931086689234, 0.0916522815824, 0.113355748355, 0.155981481075, 0.204893425107, 0.227874174714, 0.201193168759, 0.136813208461, 0.0818067491055, 0.0610871501267, 0.0539682172239, 0.0522803142667, 0.071908377111, 0.0791136622429, 0.0736247450113, 0.065647624433, 0.081040173769, 0.094155408442, 0.0770069509745, 0.0642133951187, 0.0647209435701, 0.0651256144047, 0.0636585950851, 0.0722067281604, 0.0877040475607], "min": [0, 0, 0, 0, 0, 0, 0, 0, 0, 0, 0, 0, 0, 0, 0, 0, 0, 0, 0, 0, 0, 0, 0, 0, 0, 0, 0, 0, 0, 0, 0, 0, 0, 0, 0, 0], "dvar2": [0.156769007444, 0.142395183444, 0.139703005552, 0.132486119866, 0.141610503197, 0.143108457327, 0.157728672028, 0.191580802202, 0.174998044968, 0.181697428226, 0.163888901472, 0.168037384748, 0.155225753784, 0.131114929914, 0.160821318626, 0.171303346753, 0.183666020632, 0.187966451049, 0.12879884243, 0.121897950768, 0.0953475162387, 0.0780697911978, 0.103318266571, 0.111121080816, 0.146304175258, 0.0833691209555, 0.0621136911213, 0.08125153929, 0.090184673667, 0.0778594464064, 0.0762119144201, 0.0634605139494, 0.115940146148, 0.122030518949, 0.0949178636074, 0.133591294289], "dvar": [0.0545796863735, 0.048456594348, 0.0497254431248, 0.0496160946786, 0.0529886223376, 0.053646504879, 0.0592005439103, 0.0687992945313, 0.0624419823289, 0.0653102919459, 0.0571395866573, 0.056941896677, 0.0537805184722, 0.0457108952105, 0.0572759062052, 0.0675780400634, 0.074775904417, 0.0753822252154, 0.0544964745641, 0.0486006438732, 0.034712292254, 0.02864568308, 0.0382066071033, 0.0409811027348, 0.0534053146839, 0.0312685705721, 0.0227527935058, 0.0303943641484, 0.0349384434521, 0.0297437291592, 0.0279351696372, 0.0235649812967, 0.0413114391267, 0.0476704537868, 0.0331611856818, 0.0464161448181], "dmean": [0.173970893025, 0.156981304288, 0.154033124447, 0.174715548754, 0.199511528015, 0.199671283364, 0.197683647275, 0.20082564652, 0.193490311503, 0.187360614538, 0.172600001097, 0.169263094664, 0.166379585862, 0.167509779334, 0.20803745091, 0.24571955204, 0.277346462011, 0.259726405144, 0.200147196651, 0.159870743752, 0.124798752367, 0.109818421304, 0.11895442009, 0.148561164737, 0.176274999976, 0.130799919367, 0.102545700967, 0.120169408619, 0.134964972734, 0.123028561473, 0.108457691967, 0.10686571151, 0.141829073429, 0.150541856885, 0.134122639894, 0.157359883189], "max": [1, 1, 1, 1, 1, 1, 1, 1, 1, 1, 1, 1, 1, 1, 1, 1, 1, 1, 1, 1, 1, 1, 1, 1, 1, 1, 1, 1, 1, 1, 1, 1, 1, 1, 1, 1], "var": [0.0555047318339, 0.0438736788929, 0.0433848053217, 0.05069231987, 0.0610450841486, 0.0643827319145, 0.0656671151519, 0.0655088573694, 0.0602441243827, 0.0626507252455, 0.0532972291112, 0.0513906925917, 0.0511162765324, 0.0478057749569, 0.06983743608, 0.0989317074418, 0.107589274645, 0.112270273268, 0.0896368399262, 0.0577441602945, 0.0377009809017, 0.0380943417549, 0.0414303205907, 0.0491797029972, 0.0678204149008, 0.0384679846466, 0.0248035993427, 0.0357980020344, 0.0401963144541, 0.0306284762919, 0.0245903227478, 0.0235398616642, 0.0458760857582, 0.056538078934, 0.0343507789075, 0.0472189933062], "mean": [0.188504442573, 0.168699622154, 0.160706833005, 0.193731576204, 0.225891038775, 0.227731704712, 0.22411686182, 0.215021073818, 0.203341394663, 0.197759762406, 0.18873077631, 0.183002263308, 0.182123199105, 0.191356286407, 0.250353932381, 0.32110825181, 0.349340677261, 0.338778287172, 0.273549437523, 0.182968258858, 0.134690135717, 0.127659216523, 0.130354329944, 0.164846822619, 0.1912804842, 0.149537429214, 0.118824221194, 0.145394027233, 0.165108323097, 0.140640184283, 0.116495661438, 0.118632122874, 0.151660397649, 0.160475179553, 0.14235240221, 0.170082807541]}, "tuning_equal_tempered_deviation": 0.198348641396, "chords_changes_rate": 0.114865988493, "key_key": "D", "tuning_diatonic_strength": 0.428118228912, "key_scale": "minor", "chords_number_rate": 0.00249708676711, "tuning_frequency": 434.193115234, "tuning_nontempered_energy_ratio": 0.888114690781, "chords_histogram": [7.40802383423, 1.36507403851, 0.566006302834, 2.79673719406, 1.91443312168, 12.3023138046, 14.8659896851, 5.64341592789, 1.08207094669, 0.416181117296, 0.266355931759, 2.5303812027, 0.133177965879, 1.24854338169, 0.366239398718, 4.6445813179, 0.932245731354, 0.948892951012, 1.88113868237, 0.0832362249494, 1.81454968452, 0.0166472457349, 18.2120857239, 18.5616779327], "key_strength": 0.432795852423, "chords_key": "A#", "chords_strength": {"dmean2": 0.014923161827, "median": 0.45323497057, "min": 0.176250904799, "dvar2": 0.000144014920807, "dvar": 9.01515595615e-05, "dmean": 0.0117632076144, "max": 0.83114027977, "var": 0.0107562560588, "mean": 0.457547158003}, "chords_scale": "major", "hpcp_entropy": {"dmean2": 1.23595178127, "median": 3.02422404289, "min": 0, "dvar2": 0.887418627739, "dvar": 0.321350127459, "dmean": 0.729687213898, "max": 4.72023630142, "var": 0.684191048145, "mean": 2.94052815437}}, "metadata": {"audio_properties": {"equal_loudness": 0, "codec": "mp3", "downmix": "mix", "sample_rate": 44100, "analysis_sample_rate": 44100, "bit_rate": 320000, "md5_encoded": "e69e99798178c46cfa1fb611fe8ac60f", "length": 278.883270264, "replay_gain": -12.6699829102, "lossless": false}, "version": {"essentia_build_sha": "2d9f1f26377add8aeb1075a9c2973f962c4f09fd", "essentia": "2.1-beta2", "extractor": "music 1.0", "essentia_git_sha": "v2.1_beta2-1-ge3940c0"}, "tags": {"title": ["Genetic Waste"], "barcode": ["724383139026"], "media": ["CD"], "albumartist": ["Various Artists"], "language": ["eng"], "musicbrainz_recordingid": ["0d55495b-79fa-4011-ad72-25103d2c9c5d"], "musicbrainz_albumartistid": ["89ad4ac3-39f7-470e-963a-56509c546377"], "discnumber": ["01/02"], "bpm": ["166"], "catalognumber": ["8313902"], "musicbrainz album release country": ["NL"], "originalalbum": ["Technohead: Mix Hard or Die"], "musicbrainz album type": ["Album", "Compilation"], "musicbrainz album status": ["Official"], "file_name": "Genetic Waste - Genetic Waste [192].mp3", "acoustid_fingerprint": ["AQADtFEqKYqSTMP0Bz_Ub4TFIMdx8tgaeMeLD6HUE_pLxGku1Ie3oi-NuUNO9DnxBuolpOpx_IcbHd5x7BzyDpo-XB9CUTmarcfe48gnBT-0l4TzI-9xfngON8Lh4yLyQ9NOxGlmoRQPe0JfpghexfgD7Uecb4QZHedhi7hwpBeHH5p2Yowv5CKarcf0MkV-fFuhn-iDNLlwn7gMdzi2I-egST1-Ik4zC_XhrZg-MfiM_NB-Is2D5xOuHIdXwsc-xPqhfSUiRsuF-vBW9BOD4N0G_USo53Dy4crx8Tgu4QilQ6l4InZmoVROuEY_MYjcGTpikxwa7RbGKSeO45WQr9CkHteJ2JmFUjl81JoYRO4MHbFPdHMsYct0Dlfhw6sk5Kh0yDoRO7MwUTlcI_zE4B30CbHJCp1yOEy-DD5eIr04XIfWExHjWbh0THERWhODQ--G2OfQKT6cesSlE0Z6DvpRnYgjzsJ1NFOK8DMOvVsR-0c3H1_iLTiLc0gPTTquZ4ip7EO5wzXCTwz0G_FddBNZ4Ut8nN2IHelVXD0UzSe-ZRbyHM1khJ8Y6Hi3Is70opr6wb0Jj-FwaUijQ_uJR8ss5DmaqUH4Eoeq7sinV6iW9PCNc8gjaFKP6xRiihbKHWkboy-hH7GzdeiUlBPO43yE60ij8tBOPOIs5AnCTD76GfoRq1vx6S2qJX0G78qRfocPTToRMeKMJ0eY6eiXQj_ib8WV5BUq-vCuDPmOUR-0nYjHWXiyo5mQs9D4I862GVc-VPThXfiOWIc2nYipzEK5Y6tRpWXw2_iNRw_RbMwHXl0RH2o-RPvRjGHxCw_yoXmI6igsE9pRiDKNokcj0xC0vEanBS38QluDHlZraA8Kv9DWXKghqjk-4RWsBv1RpGpo_IGP8OgPH9V45KiORiJ-tIXPAumPh52gwzrC4xT6o7lx9EN6aJeEHo2Oe0d_NGfwDf2J5gz0HT0aOoHODf2J5kuO7-iOMF-Ewif6DOEPH32GE90jbA8JHc539Bn2Izya83iO6jH8IUfzCc-OQ7uN5sR59A-aL8GPzkXzoIf1o2eMH80n9EeP5jiDHv6EPsfRfIL2QluXw5_wHlaHnmmgM0eh5ZPxLEF_Ycon6HHQyYOWD3eCRj96pvgx5UEvBR_RnCp6Qv_R6IF2Bt1zNBd0Gs_RfIJ2PEdzFf2Co5En9PjRXOiJ_vCno0eP5lOhB9rRfDqOojmDo3vQfMmBHlrkJfjRt9CiEs-Exhe0Mzi0t2ge_Gh49Az6w5_QB0fzCT3-oPmEPjl-aPlk9MF9aLnQozsaOxWuHYW_xOiPXvCh_PCh6FLwo7mOPriPHs2DH4efFPqg7YWPPmh0oSeO5oqO4_BbaDd6WGKh3Uf3o_kE_YEGyxP6Ho16oQ9O7QiP5gz-C4W_40ZKosdxNKIWPPCPdowQnWg-9IxIPKnRHL0CeiXSB4fQHL2CaoePnmAOn_gOH9qhF9qYHs2Jj-hKNA-hE82HvtB6-IX24ENzaJ_QHVaDvhahrRBJtCsKqyF69IGPF6mD8DS-oz-a58iPPmge3GgkJeiLIn2hfShsHf_wwyeOEz6h_fhXNF_Q87jR_Ogr9INvdIf2wt8I7SV6NLLx42g-9EI_orFwoWhuPLXQj4ZP9Ec_WNpxWNrRi4J-dN7Q2NDReTPEoy96QfyNC80n4-gP3-iLfUfzoxf6wbJStM9xH82HPpWOPjt8TK-MfjwamcfRwVzwC9-P5jyg5dAu_JiO5hR0tFR2-B-0Hs1FaEfhC9onoYdv9Efho72KFj6FHvIPLVdm9NPRY7vRv-iJ5kTeoXFQnfjQX0Lj4msRyi9EbbhaHO3xH_0HHifEE_1R-EaP_2hIBeFo_BcaEn3Rw88R3pDyw4mLvNPwDw-RF_0O9cXRdYfPgEG_ozmhQyuF5kYOJvGMljyOXgoabqKQH1qyHeHMos_ho490hM_hHz1eaLGPjhl6WA36CT0PfwjfozKa49Es9AhT5cK7QtOGVJt03AflcqiO8FHhHG9wyBaMB1YvaEfXHH6hHW_QvIYGPUfXwjisG9oOXUKDHveO5kcf3MrR8GiNzkfzQ_6hnR6aHDmaRzF6XEe9Hc1xhFlz9PnwHFpCMcXKHmcuuDp6B7_QUEft4B2aHVqt4kNtD2HcGP2QVjnqF9rRUMlxOeiMZj9ULx6-IEzoFO_hRyhJI89TaHFytONxFX3Q6IUe5WiHtC-eI71Qkik0kkZjHY8YnDyaOIMmXcUzhI14WGyKH3505NCPxsnxOEYfNGrx0dCjo9GcIjyD_kgVKYO2yEHzHK3C45GKPtCy44vRLkdap3gPP0J4Bj0P0UIb8XjRPNB-fFGMnnCd4swOP9COHql1hI0Yo2QGqws0skWeoY092I3xHR4z5IG45UMfAAGoQCQYQKQGAhAmIBCKCmAEMNAyAQVDwBgvGADIAAaMcYQ6IRURhAElDAOOWEGkIgYIARwSSgJhiILIKCacQEIYwIxChhJACBMECSOYUcgQCaZQwgKBLMFIKIWsIEh4qZQgFghFBJCKIBAEIcgACRESFghAAJFKCiWUAAIAQKgBSACjBCdCACmJAEYJLYAQimAklBLAAUeAU4ACA4RkQgACAMAMKSYAAUIIooB0SCgCjAKEAakUEQAYAAAwwhiAmKKYA4AFMIYhgRhTxBBlSNJEAMGEEI4YZwki0AggGHACAAWQEAAYR6RwRAFEmEAIEGIgA8AZIyxjwArBiECCAqQIIBQIJgRwSighhgCCCWKAUAIJKAwRhAJDDCACAEEEQUoCwSRBRDRBEFFEAKYExAJYQYUAWBCiFKEEGQCIIkKZwYQQSAgplDCIUQWEEkpAYQgFCChhiBLWIYWQIoQKYKUAGAgihAACICaAEgYQIRSjZAplhGDAGG2NFMQoAIQwQhiAhJBAMCGkEEAwwoxAQFEFgBWAGAMsMFYpAQQBREhhhBBGCSGscIAJKZQQChBgEYAAAkEAsMAhIYSBgjIFhIECECCEEIiJYQxAgglGnRIQKWMFE0IIJoQQmjghmBBMIAEAJcYIJJoigBAmADOKCAIAMUIAA4RRwFlEGKIGCCO8UoICCwwQlgEhgWFCICGIEEoooQwAxiigAEPIAC4AMs5IpQRQBAlADSLEEIOEMkooAxVgShBAGEKOCCcIEIYQYRQAQCiAhEEEKCSUIQAwwhAAFBllhEEGCAQMEYIwpQAQggAGmDBCCMCEUgxIIwA"], "date": ["1994"], "genre": ["Rave"], "musicbrainz_albumid": ["4da0fed1-d730-48b9-917b-6f2c27727a4d"], "album": ["Rave the City V"], "initialkey": ["10A"], "musicbrainz_artistid": ["f4efca9f-326c-4390-b69b-e797bbbe9484"], "originaldate": ["1993"], "grouping": ["8"], "artist": ["Genetic Waste"], "artistsort": ["Genetic Waste"], "tracknumber": ["04/17"], "label": ["EVA"], "albumartistsort": ["Various Artists"], "acoustid_id": ["7cf23444-264e-44c9-8467-277f8f355788"], "script": ["Latin"], "musicbrainz_releasegroupid": ["d92ebef1-e06c-4e57-81e2-282982c75c22"]}}, "rhythm": {"bpm_histogram_first_peak_bpm": {"dmean2": 0, "median": 110, "min": 110, "dvar2": 0, "dvar": 0, "dmean": 0, "max": 110, "var": 0, "mean": 110}, "bpm": 110.468032837, "bpm_histogram_second_peak_spread": {"dmean2": 0, "median": 0, "min": 0, "dvar2": 0, "dvar": 0, "dmean": 0, "max": 0, "var": 0, "mean": 0}, "bpm_histogram_first_peak_weight": {"dmean2": 0, "median": 0.347294926643, "min": 0.347294926643, "dvar2": 0, "dvar": 0, "dmean": 0, "max": 0.347294926643, "var": 0, "mean": 0.347294926643}, "onset_rate": 3.89035463333, "beats_position": [0.580498874187, 1.16099774837, 1.74149656296, 2.32199549675, 2.91410422325, 3.49460315704, 4.06349182129, 4.62077093124, 5.17804956436, 5.73532867432, 6.28099775314, 6.81505680084, 7.36072540283, 7.89478445053, 8.42884349823, 8.95129203796, 9.47374153137, 10.0078001022, 10.5186395645, 11.017868042, 11.5403175354, 12.0395460129, 12.538775444, 13.0263938904, 13.5140132904, 14.0016326904, 14.4892511368, 14.9652605057, 15.4528799057, 15.9288883209, 16.3932876587, 16.8576869965, 17.3220863342, 17.786485672, 18.2392749786, 18.6920623779, 19.1564617157, 19.5976409912, 20.0388202667, 20.4799995422, 20.9211788177, 21.3623580933, 21.7919273376, 22.221496582, 22.6510658264, 23.0806350708, 23.4985942841, 23.9165534973, 24.3345127106, 24.7524719238, 25.1704311371, 25.5767803192, 25.9831295013, 26.4010887146, 26.7958278656, 27.1905670166, 27.5853061676, 27.9800453186, 28.3747844696, 28.7579135895, 29.1526527405, 29.5357818604, 29.9189109802, 30.3020401001, 30.68516922, 31.0682983398, 31.4398174286, 31.8113365173, 32.1828575134, 32.5543746948, 32.9142837524, 33.2741928101, 33.6457138062, 34.0056228638, 34.3655319214, 34.725440979, 35.0853500366, 35.4568710327, 35.8167800903, 36.1766891479, 36.5482063293, 36.9197273254, 37.2796363831, 37.6395454407, 38.0110664368, 38.3825836182, 38.765712738, 39.1488418579, 39.520362854, 39.9034919739, 40.2866210938, 40.6697502136, 41.0528793335, 41.4243965149, 41.795917511, 42.1674385071, 42.5273475647, 42.8872566223, 43.2471656799, 43.6070747375, 43.9785919189, 44.350112915, 44.7100219727, 45.0699310303, 45.4298400879, 45.7897491455, 46.1496582031, 46.5095672607, 46.8694763184, 47.229385376, 47.6009063721, 47.9608154297, 48.3207244873, 48.6922454834, 49.052154541, 49.4120635986, 49.78358078, 50.1434898376, 50.5033988953, 50.8633079529, 51.2232208252, 51.5831298828, 51.9430389404, 52.3145561218, 52.6744651794, 53.0343742371, 53.3942832947, 53.7541923523, 54.1141014099, 54.4740142822, 54.8339233398, 55.1938323975, 55.5653495789, 55.9136505127, 56.2851676941, 56.6450767517, 57.0049858093, 57.3648986816, 57.7248077393, 58.0963249207, 58.4562339783, 58.8161430359, 59.187664032, 59.7217216492, 60.2557830811, 60.801448822, 61.3471183777, 61.8927879333, 62.438457489, 62.9841270447, 63.5297966003, 64.0638504028, 64.6095199585, 65.1551895142, 65.7008590698, 66.2465286255, 66.7805862427, 67.3262557983, 67.871925354, 68.4059829712, 68.9516525269, 69.4973220825, 70.0429916382, 70.5886611938, 71.122718811, 71.6683883667, 72.2140579224, 72.759727478, 73.3053970337, 73.8510665894, 74.396736145, 74.9307937622, 75.4764633179, 76.0221328735, 76.5561904907, 77.1018600464, 77.6475296021, 78.1931991577, 78.738861084, 79.2729263306, 79.8185958862, 80.3642578125, 80.9099273682, 81.4555969238, 81.9896621704, 82.5353240967, 83.0809936523, 83.626663208, 84.1723327637, 84.7180023193, 85.263671875, 85.7977294922, 86.3317871094, 86.877456665, 87.4231262207, 87.9687957764, 88.514465332, 89.0601348877, 89.6058044434, 90.1398620605, 90.6855316162, 91.2312011719, 91.7652587891, 92.3109283447, 92.8565979004, 93.3906555176, 93.9363250732, 94.4819946289, 95.0276641846, 95.5733337402, 96.1190032959, 96.6646728516, 97.1987304688, 97.7444000244, 98.2900695801, 98.8357315063, 99.381401062, 99.9270706177, 100.472740173, 101.006797791, 101.540863037, 102.086524963, 102.632194519, 103.177864075, 103.72353363, 104.269203186, 104.814872742, 105.348930359, 105.894599915, 106.44026947, 106.974327087, 107.519996643, 108.065666199, 108.611335754, 109.15700531, 109.702674866, 110.248344421, 110.782402039, 111.339683533, 111.87374115, 112.407798767, 112.953468323, 113.499137878, 114.044807434, 114.59047699, 115.124534607, 115.670204163, 116.215873718, 116.761543274, 117.295600891, 117.841270447, 118.386940002, 118.932601929, 119.466667175, 120.02394104, 120.557998657, 121.103668213, 121.649337769, 122.183395386, 122.74067688, 123.274734497, 123.820404053, 124.366073608, 124.900131226, 125.445800781, 125.991470337, 126.537139893, 127.082809448, 127.616867065, 128.162536621, 128.708206177, 129.253875732, 129.799545288, 130.345214844, 130.890884399, 131.436553955, 131.982223511, 132.527893066, 133.073562622, 133.619232178, 134.164901733, 134.710571289, 135.349105835, 135.999267578, 136.649429321, 137.253143311, 137.868484497, 138.460586548, 139.052688599, 139.644805908, 140.248519897, 140.840637207, 141.432739258, 142.024856567, 142.616958618, 143.197463989, 143.777954102, 144.370071411, 144.962173462, 145.554275513, 146.146392822, 146.738494873, 147.330612183, 147.911102295, 148.491607666, 149.083709717, 149.675827026, 150.267929077, 150.860046387, 151.452148438, 152.044265747, 152.624755859, 153.20526123, 153.797363281, 154.389480591, 154.981582642, 155.573699951, 156.165802002, 156.757904053, 157.338409424, 157.930511475, 158.522628784, 159.103118896, 159.683624268, 160.264129639, 160.821395874, 161.390289307, 161.947570801, 162.481628418, 163.015686035, 163.538131714, 164.060592651, 164.58303833, 165.082260132, 165.581497192, 166.069107056, 166.545120239, 167.021133423, 167.508743286, 167.973144531, 168.425933838, 168.878723145, 169.34312439, 169.784301758, 170.225479126, 170.655059814, 171.084625244, 171.502578735, 171.920547485, 172.338500977, 172.744842529, 173.151199341, 173.557540894, 173.952285767, 174.34703064, 174.753372192, 175.159729004, 175.566070557, 175.972427368, 176.390380859, 176.796737671, 177.179855347, 177.539764404, 177.9112854, 178.271194458, 178.631103516, 178.991012573, 179.350921631, 179.722442627, 180.082351685, 180.442260742, 180.813781738, 181.173690796, 181.533599854, 181.893508911, 182.253417969, 182.613327026, 182.973236084, 183.321533203, 183.693054199, 184.052963257, 184.412872314, 184.784393311, 185.13269043, 185.504211426, 185.852508545, 186.224029541, 186.583938599, 186.943847656, 187.315368652, 187.67527771, 188.035186768, 188.383483887, 188.720184326, 189.2890625, 189.846343994, 190.39201355, 190.937683105, 191.483352661, 192.029022217, 192.563079834, 193.097137451, 193.642807007, 194.188476563, 194.745758057, 195.279815674, 195.825485229, 196.371154785, 196.905212402, 197.450881958, 197.996551514, 198.542221069, 199.087890625, 199.621948242, 200.167617798, 200.713287354, 201.247344971, 201.793014526, 202.338684082, 202.884353638, 203.430023193, 203.964080811, 204.509750366, 205.055419922, 205.601089478, 206.146759033, 206.692428589, 207.238098145, 207.772155762, 208.317825317, 208.863494873, 209.39755249, 209.943222046, 210.488891602, 211.022949219, 211.568618774, 212.11428833, 212.659957886, 213.205612183, 213.751281738, 214.296951294, 214.831008911, 215.376678467, 215.922348022, 216.468017578, 217.013687134, 217.559356689, 218.105026245, 218.639083862, 219.173141479, 219.718811035, 220.264480591, 220.810150146, 221.355819702, 221.901489258, 222.447158813, 222.981216431, 223.526885986, 224.072555542, 224.606613159, 225.163894653, 225.697952271, 226.243621826, 226.789291382, 227.334960938, 227.869018555, 228.41468811, 228.960357666, 229.506027222, 230.051696777, 230.597366333, 231.13142395, 231.677093506, 232.211151123, 232.756820679, 233.302490234, 233.84815979, 234.382217407, 234.927886963, 235.473556519, 236.030838013, 236.56489563, 237.110565186, 237.656234741, 238.190292358, 238.724349976, 239.28163147, 239.827301025, 240.372970581, 240.907028198, 241.452697754, 241.99836731, 242.532424927, 243.066482544, 243.623764038, 244.169433594, 244.715103149, 245.249160767, 245.794830322, 246.340499878, 246.886169434, 247.431838989, 247.977508545, 248.511566162, 249.057235718, 249.602905273, 250.14855957, 250.682632446, 251.228302002, 251.773956299, 252.319625854, 252.85369873, 253.399353027, 253.933425903, 254.479095459, 255.024749756, 255.570419312, 256.116088867, 256.661773682, 257.207427979, 257.753112793, 258.29876709, 258.832824707, 259.378509521, 259.924163818, 260.365356445, 260.818145752, 261.270935059, 261.642456055, 262.013977051, 262.397094727, 262.7918396, 263.174957275, 263.546478271, 263.906402588, 264.266296387, 264.637817383, 265.009338379, 265.369232178, 265.729156494, 266.089050293, 266.448974609, 266.808898926, 267.168792725, 267.540313721, 267.90020752, 268.260131836, 268.620025635, 268.979949951, 269.351470947, 269.711364746, 270.071289063, 270.431182861, 270.791107178, 271.162628174, 271.522521973, 271.882446289, 272.242340088, 272.602264404, 272.962158203, 273.32208252, 273.693603516, 274.053497314, 274.413421631, 274.784942627, 275.144836426, 275.516357422, 275.887878418, 276.271026611, 276.642547607, 277.025665283, 277.397186279, 277.780303955, 278.151824951], "beats_loudness": {"dmean2": 0.0676803216338, "median": 0.0392803996801, "min": 0.00100397062488, "dvar2": 0.0038379188627, "dvar": 0.00106614024844, "dmean": 0.0350277498364, "max": 0.221757143736, "var": 0.00143062626012, "mean": 0.0516705513}, "danceability": 1.52674901485, "bpm_histogram_second_peak_weight": {"dmean2": 0, "median": 0.157068058848, "min": 0.157068058848, "dvar2": 0, "dvar": 0, "dmean": 0, "max": 0.157068058848, "var": 0, "mean": 0.157068058848}, "beats_count": 574, "bpm_histogram_second_peak_bpm": {"dmean2": 0, "median": 167, "min": 167, "dvar2": 0, "dvar": 0, "dmean": 0, "max": 167, "var": 0, "mean": 167}, "bpm_histogram_first_peak_spread": {"dmean2": 0, "median": 0.294326245785, "min": 0.294326245785, "dvar2": 0, "dvar": 0, "dmean": 0, "max": 0.294326245785, "var": 0, "mean": 0.294326245785}, "beats_loudness_band_ratio": {"dmean2": [0.48898422718, 0.119362093508, 0.0650056600571, 0.0900851339102, 0.134847804904, 0.264883607626], "median": [0.371740102768, 0.0398865118623, 0.0186772383749, 0.0302145667374, 0.0739995986223, 0.143464237452], "min": [0.00827469862998, 0.0031551644206, 0.00257004005834, 0.00304631236941, 0.000265072565526, 5.05809111928e-06], "dvar2": [0.204812526703, 0.0375416129827, 0.0149433296174, 0.022278778255, 0.0211536996067, 0.0568872988224], "dvar": [0.0557063482702, 0.012999468483, 0.00490813748911, 0.00774935958907, 0.00679447874427, 0.0165930185467], "dmean": [0.250002920628, 0.063960403204, 0.035391587764, 0.0490232110023, 0.0726056918502, 0.137828662992], "max": [0.955533981323, 0.93534630537, 0.759938120842, 0.819199085236, 0.63449960947, 0.783825099468], "var": [0.0945561900735, 0.0212071556598, 0.00711744837463, 0.00917467940599, 0.0104555813596, 0.0533210784197], "mean": [0.456691145897, 0.0906836986542, 0.0522996112704, 0.0649864524603, 0.102824248374, 0.254577040672]}}, "lowlevel": {"barkbands_spread": {"dmean2": 16.6709117889, "median": 44.7593193054, "min": 1.0542538166, "dvar2": 206.543487549, "dvar": 86.8674163818, "dmean": 10.2639026642, "max": 101.041122437, "var": 448.751525879, "mean": 43.5462493896}, "melbands_spread": {"dmean2": 26.1013031006, "median": 49.6027679443, "min": 0.852064192295, "dvar2": 686.082946777, "dvar": 293.33694458, "dmean": 16.2766075134, "max": 208.097961426, "var": 1890.36425781, "mean": 58.5762062073}, "hfc": {"dmean2": 19.6985416412, "median": 33.7468566895, "min": 1.1611666301e-16, "dvar2": 604.28137207, "dvar": 278.879974365, "dmean": 14.1306142807, "max": 183.852676392, "var": 798.324523926, "mean": 38.1997184753}, "barkbands_kurtosis": {"dmean2": 4.35645961761, "median": -0.353651493788, "min": -1.9057970047, "dvar2": 116.716903687, "dvar": 47.9780082703, "dmean": 2.72950029373, "max": 126.015579224, "var": 80.5581207275, "mean": 2.20959687233}, "gfcc": {"mean": [15.801949501, 54.408405304, -118.116333008, 60.7552032471, -58.7490158081, 29.6104621887, -33.2053184509, 10.8791780472, -22.1169662476, 9.33117008209, -12.6505880356, 3.72587108612, -7.48025560379], "icov": [[0.000232778242207, -0.000461073679617, 0.000363248633221, -0.000636853976175, 0.000629356421996, -0.000812883779872, 0.000446333375294, -0.000390226137824, 0.000120822725876, -8.48230120027e-05, 6.43429521006e-05, -0.000367198546883, 0.000280261825537], [-0.000461073679617, 0.00446266587824, -0.0027546226047, 0.00359902973287, -0.00338887376711, 0.00353570724837, -0.00437190383673, 0.00376101816073, -0.00402882322669, 0.00341363903135, -0.00434517255053, 0.00277403276414, -0.00148164806888], [0.000363248633221, -0.0027546226047, 0.00463774427772, -0.0028529134579, 0.0038027416449, -0.00297963083722, 0.00288263778202, -0.00283514242619, 0.00100190378726, -0.000926515669562, -0.000849948788527, -0.000657007622067, -0.000294520257739], [-0.000636853976175, 0.00359902973287, -0.0028529134579, 0.00649245129898, -0.00561208277941, 0.00505943316966, -0.00345311453566, 0.00122497440316, 0.00105617544614, -0.00177526276093, 0.00138847553171, 0.00116861704737, 0.000692901550792], [0.000629356421996, -0.00338887376711, 0.0038027416449, -0.00561208277941, 0.00824594404548, -0.00595257990062, 0.00389346922748, -0.000136380360345, -0.0038397652097, 0.00470459507778, -0.00444554025307, -0.000733783701435, 0.00155441765673], [-0.000812883779872, 0.00353570724837, -0.00297963083722, 0.00505943316966, -0.00595257990062, 0.0105629479513, -0.00775180570781, 0.00227738148533, 0.00238087517209, -0.00717570679262, 0.00595962069929, -0.000594482582528, -3.39675134455e-05], [0.000446333375294, -0.00437190383673, 0.00288263778202, -0.00345311453566, 0.00389346922748, -0.00775180570781, 0.0147144207731, -0.00761832902208, 0.00188316009007, 0.00323120970279, -0.00485495943576, 0.00266182399355, -0.000297329039313], [-0.000390226137824, 0.00376101816073, -0.00283514242619, 0.00122497440316, -0.000136380360345, 0.00227738148533, -0.00761832902208, 0.0152522446588, -0.0100939273834, 0.00476341880858, -0.00217304192483, -0.00103242800105, 0.00457022292539], [0.000120822725876, -0.00402882322669, 0.00100190378726, 0.00105617544614, -0.0038397652097, 0.00238087517209, 0.00188316009007, -0.0100939273834, 0.024022096768, -0.0168390087783, 0.0119863534346, -0.00137569243088, -0.00221284502186], [-8.48230120027e-05, 0.00341363903135, -0.000926515669562, -0.00177526276093, 0.00470459507778, -0.00717570679262, 0.00323120970279, 0.00476341880858, -0.0168390087783, 0.0326460525393, -0.0186246335506, 0.00806240551174, -0.00133632135112], [6.43429521006e-05, -0.00434517255053, -0.000849948788527, 0.00138847553171, -0.00444554025307, 0.00595962069929, -0.00485495943576, -0.00217304192483, 0.0119863534346, -0.0186246335506, 0.0363650470972, -0.0130517641082, 0.00351210217923], [-0.000367198546883, 0.00277403276414, -0.000657007622067, 0.00116861704737, -0.000733783701435, -0.000594482582528, 0.00266182399355, -0.00103242800105, -0.00137569243088, 0.00806240551174, -0.0130517641082, 0.0193868819624, -0.0081633720547], [0.000280261825537, -0.00148164806888, -0.000294520257739, 0.000692901550792, 0.00155441765673, -3.39675134455e-05, -0.000297329039313, 0.00457022292539, -0.00221284502186, -0.00133632135112, 0.00351210217923, -0.0081633720547, 0.022705828771]], "cov": [[8132.28808594, -1116.10778809, -31.4779205322, 686.74621582, -290.464996338, 768.155029297, 140.553436279, 311.030853271, -64.336151123, 193.336898804, -157.203140259, 4.7418756485, -203.174407959], [-1116.10778809, 2902.78540039, 327.989196777, -811.855529785, 511.265625, -349.588256836, 360.252838135, -164.976837158, 268.668029785, -149.069595337, 352.061431885, -29.2089443207, 187.077102661], [-31.4779205322, 327.989196777, 496.915618896, -104.875762939, -176.115646362, -7.42192745209, 52.7803039551, 52.7960090637, 28.7241821289, 27.4317970276, 45.9102783203, -1.36901593208, 30.3674526215], [686.74621582, -811.855529785, -104.875762939, 711.369506836, 143.59916687, 37.7768363953, -86.4976348877, 60.7661514282, -64.3761062622, 27.6282539368, -82.990524292, -11.0403642654, -103.440513611], [-290.464996338, 511.265625, -176.115646362, 143.59916687, 604.439086914, -12.2161130905, 60.280670166, -57.5776748657, 81.1791915894, -51.1441116333, 78.2505645752, -5.78938245773, -8.02174091339], [768.155029297, -349.588256836, -7.42192745209, 37.7768363953, -12.2161130905, 376.036468506, 85.4400482178, 60.9198074341, -8.85281562805, 74.9109268188, -55.1871604919, -20.5630455017, -38.5975723267], [140.553436279, 360.252838135, 52.7803039551, -86.4976348877, 60.280670166, 85.4400482178, 218.617584229, 64.3707427979, 43.2008323669, -5.69444131851, 46.927482605, -27.4969940186, -2.26488995552], [311.030853271, -164.976837158, 52.7960090637, 60.7661514282, -57.5776748657, 60.9198074341, 64.3707427979, 168.209686279, 37.8359794617, 22.2708892822, -20.4311485291, -9.79226016998, -40.1177139282], [-64.336151123, 268.668029785, 28.7241821289, -64.3761062622, 81.1791915894, -8.85281562805, 43.2008323669, 37.8359794617, 123.37184906, 25.4066066742, 18.6871967316, -20.3770141602, 11.3444538116], [193.336898804, -149.069595337, 27.4317970276, 27.6282539368, -51.1441116333, 74.9109268188, -5.69444131851, 22.2708892822, 25.4066066742, 82.5488739014, -7.02922391891, -15.1198310852, -10.5593605042], [-157.203140259, 352.061431885, 45.9102783203, -82.990524292, 78.2505645752, -55.1871604919, 46.927482605, -20.4311485291, 18.6871967316, -7.02922391891, 94.5624008179, 24.5059185028, 22.920583725], [4.7418756485, -29.2089443207, -1.36901593208, -11.0403642654, -5.78938245773, -20.5630455017, -27.4969940186, -9.79226016998, -20.3770141602, -15.1198310852, 24.5059185028, 91.3801269531, 26.5185089111], [-203.174407959, 187.077102661, 30.3674526215, -103.440513611, -8.02174091339, -38.5975723267, -2.26488995552, -40.1177139282, 11.3444538116, -10.5593605042, 22.920583725, 26.5185089111, 77.3170547485]]}, "spectral_energyband_middle_low": {"dmean2": 0.00610135681927, "median": 0.00326205743477, "min": 3.12864330225e-22, "dvar2": 5.46951378055e-05, "dvar": 2.08893416129e-05, "dmean": 0.00365666276775, "max": 0.046283531934, "var": 4.86889002786e-05, "mean": 0.00631384691224}, "melbands_crest": {"dmean2": 6.8021030426, "median": 14.1298847198, "min": 1.90820157528, "dvar2": 30.1003704071, "dvar": 11.2519865036, "dmean": 4.08823871613, "max": 37.9881095886, "var": 32.5615615845, "mean": 14.584736824}, "spectral_kurtosis": {"dmean2": 3.37054300308, "median": 1.91078901291, "min": -1.24604916573, "dvar2": 173.940231323, "dvar": 58.3297653198, "dmean": 1.97241652012, "max": 237.202651978, "var": 340.028839111, "mean": 5.5506234169}, "spectral_rms": {"dmean2": 0.00153918773867, "median": 0.00494155753404, "min": 3.18036590986e-12, "dvar2": 2.38691859522e-06, "dvar": 1.26050997551e-06, "dmean": 0.00108692620415, "max": 0.0149235539138, "var": 6.87374677e-06, "mean": 0.0052264938131}, "zerocrossingrate": {"dmean2": 0.0175812151283, "median": 0.10693359375, "min": 0.00439453125, "dvar2": 0.000233024489717, "dvar": 0.000208004188607, "dmean": 0.015239123255, "max": 0.5185546875, "var": 0.00319011765532, "mean": 0.109077773988}, "silence_rate_60dB": {"dmean2": 0.0343047454953, "median": 0, "min": 0, "dvar2": 0.0361371263862, "dvar": 0.0168531090021, "dmean": 0.0171509440988, "max": 1, "var": 0.0730354115367, "mean": 0.0793373286724}, "erbbands_kurtosis": {"dmean2": 2.0996029377, "median": 1.31682419777, "min": -1.79432213306, "dvar2": 6.1381278038, "dvar": 2.77200293541, "dmean": 1.32273972034, "max": 32.9992179871, "var": 10.5162391663, "mean": 2.02053546906}, "erbbands": {"dmean2": [0.43820270896, 4.35673379898, 6.32226133347, 5.6674079895, 6.17245435715, 6.77280330658, 17.5954265594, 11.3863162994, 10.3458957672, 10.1669769287, 19.7903003693, 16.0455303192, 16.3801059723, 17.4227561951, 19.6412830353, 29.1200466156, 22.6261291504, 30.2485713959, 25.610704422, 26.4507770538, 23.8671913147, 21.4434928894, 26.4869117737, 26.1589431763, 29.8103504181, 33.1018981934, 36.3429374695, 21.031457901, 36.1782226563, 25.2214584351, 14.6897249222, 9.19377708435, 4.17235898972, 1.8258985281, 0.467824488878, 0.143238842487, 0.0399129986763, 0.00414976663888, 8.28010888654e-05, 2.77037579508e-05], "median": [0.121075868607, 0.964496612549, 0.921311795712, 1.14822387695, 1.14787244797, 2.01463317871, 3.82846713066, 2.26393461227, 2.01179552078, 2.70005083084, 4.05184364319, 3.67804574966, 3.98069620132, 6.18221855164, 6.16992378235, 8.47728729248, 10.5313625336, 10.4586448669, 11.5239152908, 13.6687383652, 15.037279129, 14.9297437668, 16.275844574, 16.1343078613, 21.1554946899, 25.7594490051, 26.4190177917, 19.2928886414, 19.0691604614, 14.1094903946, 11.314907074, 8.72869682312, 5.25080108643, 2.56398487091, 0.783155441284, 0.225173890591, 0.0578459650278, 0.00439890753478, 0.000127278792206, 4.70353770652e-05], "min": [1.10258308697e-21, 1.25182290807e-20, 1.20044432916e-20, 1.76267438709e-20, 1.40378495311e-19, 1.26257449505e-19, 2.50054450277e-19, 3.11378855007e-19, 5.58498752814e-19, 5.74895954097e-19, 1.0189145645e-18, 2.78600944355e-18, 2.67231884503e-18, 1.9757967869e-18, 2.91724805838e-18, 5.63977076954e-18, 4.47450944651e-18, 2.31025341231e-18, 5.17285709225e-18, 7.23819680085e-18, 5.88195560441e-18, 6.46381760834e-18, 8.23310813493e-18, 1.20421375438e-17, 1.46305105847e-17, 2.13410894047e-17, 1.03680488882e-17, 1.32197143453e-17, 1.56574966742e-17, 2.1753874037e-17, 2.05647390408e-17, 1.73512366596e-17, 1.29890302161e-17, 1.34155468738e-17, 9.66540197125e-18, 6.58417652337e-18, 3.31683316291e-18, 1.20534060184e-18, 3.24645746358e-19, 4.06848881219e-20], "dvar2": [0.548043072224, 59.879573822, 132.597610474, 82.9788284302, 86.8433990479, 105.115791321, 942.051635742, 466.38885498, 359.453460693, 394.474273682, 3644.63183594, 1573.3717041, 1652.7869873, 1980.35083008, 1886.75500488, 5473.85986328, 1474.50610352, 3448.1418457, 2337.84130859, 1625.49072266, 1339.34277344, 1283.39489746, 1478.75634766, 1168.1315918, 1507.6965332, 1868.05822754, 2664.03271484, 842.177490234, 2927.76342773, 1491.02429199, 433.690002441, 153.674484253, 28.9124317169, 4.59351634979, 0.337802022696, 0.0317727923393, 0.00250313594006, 2.81855154753e-05, 1.05971835751e-08, 1.02718056283e-09], "dvar": [0.211968272924, 25.6343231201, 50.0067329407, 27.8497982025, 32.9582328796, 40.1040687561, 399.968444824, 168.726989746, 135.336029053, 156.727996826, 1370.2956543, 556.729309082, 621.335205078, 705.071350098, 708.093139648, 2004.06738281, 549.898986816, 1197.69775391, 809.588684082, 668.989868164, 546.820007324, 486.97555542, 584.732299805, 484.334197998, 704.198303223, 798.330627441, 921.245300293, 377.021759033, 1318.3046875, 588.727661133, 172.036132813, 63.2649765015, 12.322057724, 2.04300022125, 0.149857521057, 0.0147174187005, 0.00116821483243, 1.17909767141e-05, 4.76358374968e-09, 5.0504517235e-10], "dmean": [0.275559157133, 2.68913912773, 3.61537837982, 3.14267778397, 3.61472272873, 3.97025442123, 10.5712242126, 6.74323940277, 6.06717205048, 6.10354757309, 11.9249267578, 9.32942390442, 9.78784370422, 10.6293334961, 11.7885065079, 17.6679382324, 13.8045969009, 17.7781963348, 15.6585836411, 16.4243278503, 14.8703050613, 13.6855764389, 16.6818847656, 17.0448894501, 19.6932449341, 21.3192329407, 22.1513690948, 13.4944181442, 24.893371582, 16.1499843597, 9.37267494202, 5.90011835098, 2.75034213066, 1.20107626915, 0.321964621544, 0.0982333868742, 0.0272917114198, 0.00270683504641, 5.69781150261e-05, 1.99754558707e-05], "max": [5.33842802048, 50.8161048889, 78.1690597534, 71.678894043, 59.5488586426, 94.636100769, 311.074005127, 193.454238892, 268.361999512, 306.04119873, 565.086730957, 374.677978516, 524.296264648, 654.457458496, 679.750488281, 772.474365234, 511.545440674, 567.941101074, 437.551635742, 641.917114258, 1041.36706543, 853.122924805, 550.889221191, 287.992645264, 386.51776123, 353.885375977, 469.793945313, 330.175750732, 504.971984863, 211.965560913, 119.57975769, 77.9752120972, 42.5665550232, 13.8702392578, 3.50870227814, 1.13563156128, 0.34302046895, 0.0440820045769, 0.000809170247521, 0.000252666126471], "var": [0.406448453665, 39.0888824463, 78.8049621582, 33.4509277344, 30.3814487457, 58.0737457275, 761.71862793, 344.482177734, 258.488830566, 336.222351074, 2397.60449219, 1616.36499023, 1239.69128418, 2015.15551758, 2329.23071289, 5314.50878906, 1665.37683105, 3298.47216797, 2315.39892578, 1904.15246582, 1866.85583496, 1689.3626709, 1681.84765625, 1475.97583008, 1930.7722168, 1902.41125488, 2573.44116211, 1039.62719727, 2293.86083984, 822.034790039, 279.616760254, 126.30316925, 33.1120071411, 6.33408308029, 0.478489816189, 0.0404996648431, 0.00321078044362, 2.5912271667e-05, 1.26168027137e-08, 1.72671132947e-09], "mean": [0.37800309062, 3.40497350693, 4.75798082352, 3.69592738152, 3.47071123123, 4.91439723969, 13.3475751877, 9.59894943237, 8.62699508667, 8.91628074646, 17.7418670654, 17.2793960571, 16.7145214081, 19.3596458435, 22.2371006012, 31.9447040558, 26.555273056, 32.9381027222, 30.4538612366, 31.7594985962, 29.7577362061, 27.9084148407, 32.6675071716, 32.5026016235, 38.2774658203, 39.9656105042, 45.1669006348, 29.4571933746, 37.7973327637, 23.6447696686, 15.7961215973, 11.2487564087, 6.07671308517, 2.78100180626, 0.80946034193, 0.237019538879, 0.0642715767026, 0.00541812786832, 0.000139033130836, 5.43341229786e-05]}, "spectral_strongpeak": {"dmean2": 0.702627718449, "median": 0.232067942619, "min": 0, "dvar2": 1.34988188744, "dvar": 0.486252218485, "dmean": 0.396088898182, "max": 8.88793849945, "var": 0.45653757453, "mean": 0.479874461889}, "spectral_energy": {"dmean2": 0.0213407743722, "median": 0.0250294674188, "min": 1.0367595031e-20, "dvar2": 0.000800864421763, "dvar": 0.000387486506952, "dmean": 0.0145041914657, "max": 0.228280261159, "var": 0.00114694226068, "mean": 0.0350446552038}, "average_loudness": 0.510830163956, "spectral_rolloff": {"dmean2": 1664.93688965, "median": 3208.44726563, "min": 21.533203125, "dvar2": 3499529.25, "dvar": 1495406.75, "dmean": 993.484619141, "max": 18776.953125, "var": 5128605.5, "mean": 3205.28295898}, "spectral_centroid": {"dmean2": 503.148529053, "median": 2597.50146484, "min": 260.601196289, "dvar2": 257617.875, "dvar": 109802.085938, "dmean": 317.172332764, "max": 11150.4091797, "var": 935671.25, "mean": 2471.09375}, "pitch_salience": {"dmean2": 0.157695919275, "median": 0.605564713478, "min": 0.0479547865689, "dvar2": 0.0166272260249, "dvar": 0.00660507520661, "dmean": 0.0957003086805, "max": 0.880270302296, "var": 0.0164456553757, "mean": 0.581036090851}, "spectral_energyband_middle_high": {"dmean2": 0.00311222719029, "median": 0.00518074911088, "min": 1.41733247922e-21, "dvar2": 1.19846517919e-05, "dvar": 5.61137221666e-06, "dmean": 0.00209912378341, "max": 0.0345567539334, "var": 2.85131718556e-05, "mean": 0.00622833380476}, "spectral_contrast_coeffs": {"dmean2": [0.0932234376669, 0.088427066803, 0.0570593737066, 0.0444855876267, 0.0338983908296, 0.0258366446942], "median": [-0.712104439735, -0.779595911503, -0.835770726204, -0.82323217392, -0.796851634979, -0.738191246986], "min": [-0.962381720543, -0.969081699848, -0.970147311687, -0.969737887383, -0.959984004498, -0.960117042065], "dvar2": [0.0055573778227, 0.00460103992373, 0.00204838532954, 0.00118032470345, 0.000712703389581, 0.000543711008504], "dvar": [0.00206197006628, 0.00162533787079, 0.000722689728718, 0.000423184334068, 0.000268622097792, 0.000254641432548], "dmean": [0.0552307963371, 0.0518599897623, 0.0335678383708, 0.0262539386749, 0.0205934103578, 0.0165694393218], "max": [-0.394165337086, -0.460212796926, -0.568478286266, -0.579343259335, -0.596089601517, -0.595466017723], "var": [0.00547487894073, 0.00487774610519, 0.00317303603515, 0.00165903347079, 0.00125980435405, 0.00165832939092], "mean": [-0.705812990665, -0.768671572208, -0.823062777519, -0.817048668861, -0.796156406403, -0.741984188557]}, "melbands_skewness": {"dmean2": 1.40769541264, "median": 1.86813783646, "min": -1.72387683392, "dvar2": 2.11548662186, "dvar": 0.983209729195, "dmean": 0.917835056782, "max": 12.4223451614, "var": 4.7632522583, "mean": 2.42673206329}, "spectral_spread": {"dmean2": 630714.5, "median": 4861702, "min": 413805.21875, "dvar2": 468865908736, "dvar": 282643234816, "dmean": 414689.1875, "max": 41889080, "var": 2458657751040.0, "mean": 4840748.5}, "dissonance": {"dmean2": 0.0149791315198, "median": 0.493629693985, "min": 0.211351066828, "dvar2": 0.000629254325759, "dvar": 0.000218682791456, "dmean": 0.00862937700003, "max": 0.500000059605, "var": 0.000358774879714, "mean": 0.48829767108}, "spectral_skewness": {"dmean2": 0.343704640865, "median": 0.947649240494, "min": -0.00699270283803, "dvar2": 0.461399197578, "dvar": 0.156740352511, "dmean": 0.208789646626, "max": 12.5492706299, "var": 1.46542525291, "mean": 1.23584771156}, "spectral_flux": {"dmean2": 0.0413110