{"tonal": {"thpcp": [1, 0.604238033295, 0.19062320888, 0.110306635499, 0.115797750652, 0.312584787607, 0.46529713273, 0.296889722347, 0.117152556777, 0.0846290811896, 0.145848125219, 0.48620146513, 0.689421653748, 0.415986716747, 0.314085125923, 0.368290156126, 0.210868477821, 0.0980074927211, 0.0941891074181, 0.135275423527, 0.470494240522, 0.701267063618, 0.42056530714, 0.173625826836, 0.129510581493, 0.1553132236, 0.410803467035, 0.553693652153, 0.311326533556, 0.096741437912, 0.0556812733412, 0.0803255438805, 0.267596721649, 0.420360445976, 0.380483984947, 0.696005284786], "hpcp": {"dmean2": [0.100336775184, 0.0937872231007, 0.137126415968, 0.156643420458, 0.12187230587, 0.0798140913248, 0.0726529806852, 0.104403048754, 0.207432374358, 0.248671144247, 0.205314353108, 0.15102905035, 0.132266849279, 0.0981545671821, 0.0758421570063, 0.072556398809, 0.0967618823051, 0.179299369454, 0.20788346231, 0.174631178379, 0.127928182483, 0.109489947557, 0.101937174797, 0.158170327544, 0.166695132852, 0.124994434416, 0.0646402612329, 0.0459101498127, 0.0581605806947, 0.119603060186, 0.162620648742, 0.208018943667, 0.285424768925, 0.283962368965, 0.238503724337, 0.147271335125], "median": [0.0068097980693, 0.00850772112608, 0.0225700177252, 0.0321332849562, 0.0234674960375, 0.00814281590283, 0.00478156702593, 0.0117145478725, 0.0605079829693, 0.0841178074479, 0.0508410260081, 0.0210906211287, 0.0116927698255, 0.0108105503023, 0.00912310183048, 0.00773227866739, 0.0133554004133, 0.0592299029231, 0.0916696414351, 0.0545748174191, 0.0128193683922, 0.00838730856776, 0.0168095454574, 0.0396011024714, 0.0419008508325, 0.0205966979265, 0.00871531292796, 0.00450414512306, 0.00674648676068, 0.0253262463957, 0.0401331409812, 0.0488913282752, 0.135688096285, 0.176992535591, 0.0910652279854, 0.0179403200746], "min": [0, 0, 0, 7.39983624953e-06, 2.81906195596e-05, 0, 0, 0, 0, 0, 0, 0, 0, 0, 0, 0, 0, 0, 0, 0, 0, 0, 0, 0, 0, 0, 0, 0, 0, 0, 0, 0, 0, 0, 0, 0], "dvar2": [0.0693202614784, 0.0593773387372, 0.0722959861159, 0.0822863802314, 0.0586707293987, 0.0419881306589, 0.0480900406837, 0.0555894635618, 0.0941285118461, 0.118785113096, 0.0961676314473, 0.0732057541609, 0.0754443407059, 0.0447543822229, 0.039943318814, 0.0387616753578, 0.0429933257401, 0.0694949030876, 0.0856885015965, 0.067188821733, 0.0662635043263, 0.0730650573969, 0.0470176748931, 0.0644130259752, 0.0777390748262, 0.0544540733099, 0.0263994205743, 0.0234534367919, 0.0245013702661, 0.0481951572001, 0.072974011302, 0.0952737629414, 0.13198107481, 0.142131671309, 0.118447378278, 0.0919068977237], "dvar": [0.0241592116654, 0.0207586232573, 0.0268816463649, 0.0326914414763, 0.0219917930663, 0.0147478478029, 0.0169881340116, 0.02075336501, 0.0369198285043, 0.0483496375382, 0.0361378528178, 0.0270359963179, 0.029248457402, 0.0164316147566, 0.0136924004182, 0.0133538749069, 0.0150034222752, 0.0276656318456, 0.0363146066666, 0.0266671981663, 0.0248061921448, 0.0260535757989, 0.0167274754494, 0.0263013821095, 0.0345004275441, 0.0211477316916, 0.00929911900312, 0.00809178035706, 0.00856827758253, 0.0182489771396, 0.0284737572074, 0.0352967754006, 0.0500089414418, 0.0579830445349, 0.0420783571899, 0.0317970216274], "dmean": [0.0538233071566, 0.0513194613159, 0.0798263400793, 0.0906801074743, 0.0706665143371, 0.0440222248435, 0.0394903533161, 0.0589689873159, 0.124124906957, 0.147768080235, 0.119030550122, 0.0872089788318, 0.0762992277741, 0.0563060306013, 0.0416756756604, 0.0396660044789, 0.0539406351745, 0.107576683164, 0.124666467309, 0.104615397751, 0.0717018842697, 0.0593116879463, 0.056982845068, 0.0946274399757, 0.0991291329265, 0.0746165886521, 0.0362192355096, 0.024884743616, 0.0324718020856, 0.0700462684035, 0.0947465524077, 0.118073150516, 0.16807167232, 0.166535824537, 0.139117375016, 0.0811341479421], "max": [1, 1, 1, 1, 1, 1, 1, 1, 1, 1, 1, 1, 1, 1, 1, 1, 1, 1, 1, 1, 1, 1, 1, 1, 1, 1, 1, 1, 1, 1, 1, 1, 1, 1, 1, 1], "var": [0.0157047491521, 0.014422881417, 0.0457927323878, 0.0878128781915, 0.0428799688816, 0.0137015599757, 0.0116036841646, 0.0182304382324, 0.0647171139717, 0.110474891961, 0.052719373256, 0.0425487719476, 0.0750823542476, 0.0270764417946, 0.00932125002146, 0.00897442456335, 0.0115651655942, 0.0600770562887, 0.111959964037, 0.0500081591308, 0.0216006040573, 0.019552052021, 0.0144523112103, 0.0563866607845, 0.105464890599, 0.0447029843926, 0.00767657160759, 0.00506329676136, 0.00622321944684, 0.032703500241, 0.0709691420197, 0.0471989624202, 0.0805832222104, 0.154425933957, 0.0745882242918, 0.023263162002], "mean": [0.04099554196, 0.0430363193154, 0.116172365844, 0.172928020358, 0.110339276493, 0.0435398332775, 0.0314524583519, 0.0542045608163, 0.180697128177, 0.256224066019, 0.154601767659, 0.116729967296, 0.1368753016, 0.0783694237471, 0.0364245548844, 0.0350054502487, 0.0502752065659, 0.174859523773, 0.260626405478, 0.156303405762, 0.0645281672478, 0.048132698983, 0.0577222704887, 0.152675405145, 0.205780640244, 0.115704730153, 0.0359540246427, 0.0206939857453, 0.0298530459404, 0.0994525179267, 0.156227260828, 0.14140714705, 0.258670866489, 0.371650725603, 0.224565505981, 0.0708452537656]}, "tuning_equal_tempered_deviation": 0.049445040524, "chords_changes_rate": 0.0301802717149, "key_key": "G#", "tuning_diatonic_strength": 0.72049844265, "key_scale": "major", "chords_number_rate": 0.00101276079658, "tuning_frequency": 440.763122559, "tuning_nontempered_energy_ratio": 0.700441718102, "chords_histogram": [36.2163238525, 10.5630950928, 8.51731777191, 0.891229510307, 0.344338655472, 0.15191411972, 0.293700635433, 0.324083447456, 2.99777197838, 0.698804914951, 0.678549706936, 0, 0.010127607733, 0.141786515713, 0, 1.71156573296, 0.324083447456, 1.0127607584, 0, 0.222807377577, 1.43812036514, 4.97265529633, 12.7101478577, 15.7788133621], "key_strength": 0.871934056282, "chords_key": "G#", "chords_strength": {"dmean2": 0.00637264223769, "median": 0.615321993828, "min": 0.243508785963, "dvar2": 3.4022537875e-05, "dvar": 3.57414101018e-05, "dmean": 0.00681799091399, "max": 0.853326499462, "var": 0.0129526630044, "mean": 0.603610217571}, "chords_scale": "major", "hpcp_entropy": {"dmean2": 0.913911044598, "median": 1.6771658659, "min": 0.0365416705608, "dvar2": 0.576407492161, "dvar": 0.215960174799, "dmean": 0.539790451527, "max": 4.43961811066, "var": 0.463520884514, "mean": 1.71161401272}}, "metadata": {"audio_properties": {"equal_loudness": 0, "codec": "flac", "downmix": "mix", "sample_rate": 48000, "analysis_sample_rate": 44100, "bit_rate": 0, "md5_encoded": "387c5ace28f6cee36885b69d5f04ce73", "length": 458.499969482, "replay_gain": -14.2077445984, "lossless": true}, "version": {"essentia_build_sha": "f1e451ced10cd101ada258ca6c6d2f763b75b752", "essentia": "2.1-beta2", "extractor": "music 1.0", "essentia_git_sha": "v2.1_beta2"}, "tags": {"title": ["Desire Paths"], "language": ["fra"], "media": ["Digital Media"], "albumartist": ["Organ Mood"], "tracktotal": ["9"], "musicbrainz_releasegroupid": ["54f4004b-2f8d-42bf-9f29-baf3c90356ab"], "musicbrainz_recordingid": ["0d5a4233-8daa-4178-b953-9d9ea0993298"], "album": ["Comme si nous \u00e9tions d\u00e9j\u00e0 libres"], "musicbrainz_albumartistid": ["d540aac4-48f4-4dac-bee3-cce929536590"], "discnumber": ["1"], "bpm": ["0"], "releasecountry": ["XW"], "compilation": ["0"], "acoustid_fingerprint": ["AQADtFGuZMkWCbmMXziPJ7vwhBZCvYfconqOdK-H_8UlXQnqhIbVMCguEldfPMmFnFGq4i90HmY_XMcz7XBo5I9xrvg-PDmm40dOoSd0pSW8RA9C_bAaJehZ1BmFJsSFOymOnqEQHtfxJa4IpUf1o0EePMeV8AiPMW2gC01UHXl2PNuI70H1HM2NZ8kn4uqRsz7kjQ525Lzgx8Oj45J0w_iRVw20RbvQLErDIneP7nCcFz9Cf8gjd2Al9Dma6AGb45ly2Eo2XNJxMtrQxjGcRioRGk8OfRkuNHpQPMeVKEPzBb8GPah7XEp03EFOyQnOwA9x8biSaegm5ujCHBcqt0irHBqXRCke8ciF3kPzBz-uHU9GJDu-I30Uoj-aH1N5_CPqlIKvBeFT6MnRE2EanzifCs_RE80VPMyRs8MZ6BkvoT7cHLqEm0yRR8HD47vhhkco3tB3GfmOvURFnmhsC0ceaKaCNC16HT9-9IJF7YGz7oh0ouSGBufR7whzHc0vVEmWI9Z46PuR_riCL0cbJQ-a_MHRVTscHtr5CVdxNA9a_MFTDz_RjLrQB3FeqBfy8BrKNceV4oKJLjxOe_hwtuh-NFGu4P1w9Ie7H1V3Jfh1nA1yhfhW5MvxCpUXo3mio5mVB5WSGv8y9NRxBn6CfrhmJ0K3E76mInx0aPkR9sR9HM1RC5eOa4_xXujz4xRM6UOt8_jxc0R-JP2y455T_MPpo08UeHGOzx386MN5-EyNPo6E43vQc4In5cGxxQZPY_tj_ELzHk-S41IuHJeCPorh5vASSQ_6jPiFXkFTEWePs8fRozkuJTsec6hPHPmPhLuJesNz3DkeTEeuQ3qmB6GVE1eOH7-P6UH6Q9sQHu-MksvxEC-FC6VGHNUp9Dm8LidCJlOgjTly5MMPi8kR_sHvoMmDSqni4z1-dD-cH0d46B4epblx8egHPUY640H5FL9QPWgSLxM-LXh7lM_h64GPW8pgPUX4E3qOK8uR86h--BwTlMOXocihKz2cC7n24JkOT0qXw-YDP0NP9IF1q7hmC_C1E_V0Iwyno_6hH0fzo9aP5OHR_DImbZzRNV_AyMJ7PHvwSMGs5miOEo9yJE9a5BHx497RM5PwFPmco8kIPcL_Q8tRK3hKob5xBn2MHs2HS5SFcEpSK5g__Khu8McTWXDY5LiPvIeeZVlRCqIu9DoifsdRXoSfHa1SVMaj2cB_5GuQdoiFw8ehIz1-vPmBMhPyQJN8hFZ2nBkqHQ0fPDuuSLh4JMuPUE9i4DuaKJmqo9zR64aP5Ef-43rgtwr-wDoq68Z14tQs_AgpC-JzIxcP_4ZP9MmHM_hzNHGMrjwqM0fz4MLVo7xO_Dh6fNnxHf2RHtpjIj9-NA9KSsEVBTm04xYOv8e3w0-OTzmOw_ERkonyBCeJNkf6HfqRHlXaEXeOH-_R7EcfJbiOMK-Q_LhOVPtwkvhSCY2S-ChL40LhRzl64tzxTkNI5kOy_Pgv9FmGRhPeo3kU9OaF5Ah9wOfxGf1y9COaKHvwOEeow0etQz9eCw1qMXiSoEeY43xwXoDr4NGF3OgDHX5EBrWPf8LpaNCyvyhLQ-7RH-nbEfVGHLUPswpyftAPqz1COfiDL2jQRwlyiUUPFdYPvUf-p_CiJBaO-8K1wNrR41keHHkKnUeeCz_O1mhCRQjeUjCnHXaS49GH8Mdl9IaLcI-Fz2gOzYL8GLHpDmWjwydqadpwHqWUC81xBndGocqJHOLhWUdLJYcuHvnRF82OX_gYlNqO5sbPHD-saseLH8-kMGieHT1C2zMaMYlC3JsILT1qH0-y4aJ46CF6NHGOy8Lxow_yRPhx4smH8kY_NPHxH-8s5IfGirDa4CfMHEG6RXrQP7iFQz1xFmfR9UGzEyfxSxn-orh0nMaJH0euGTcM_8F14ccXvApuSlLwHkf-FF6Voy1y_MY15IfGqPGRH8-L5sfFFM2P7hKe5bj-II-hz8gXoMlRi2qFR_iF_vhx4dLxSVdQ5sfp4zpuNGfQ68iRPIyMqzRuNJou9HhxPPjxjHhyhEYj6ETLIb3yCOVxlNUJH8dzXPhx7sgfnDqh6zDaMY4QLszg4ceXCBcuIY8ePBd0xOLRriN-7MeNUHpg7odlHbmGTjeuJkPE6uiP5jx0HBre48gPH91xoSeaBzfKS2iiqBXOH13DIwzeedCjkWi2IlxD4hJ-hDnqHf0s4t1x5bBwHf0D9Lhh6RCnFxeRHl3x4nmEWrCOHmWHu4aPq3iUbXBw4a7wHDl0H-FMHP-RF88NfTv-It_xI8wVFYcW5ccz4yKLUNrhH210XMxxHW-koxeaycYfPMd1vPhYBHqOfwjPCg754Q8cJXYiPBceCfmWHOJxXcK9Ys-gp0N6vHgIEj5yQz9-IyfxHE-W4N2DkD6kROIuhF8unBZ-dCz8LAoqHz-OHWeISTpevvjRS5hOEemFfsYfXDquB-VDQYUeTBP-BD-e46IC-jw0A-EIYYIYJIQgwhAABCTGGCEMUAIhIShgyCCrmGEEGCEEuIwQAoEEFhxIhGVEMIQIFIAAYoBwwhhkiKBAEWOkYNYIQZwAAAkigWASOQQMQUAYJAhCwgjDlhEcAUUBoQgyIIRTgiADEJIWAACYJYgYAgBhEDCBADRAGGagoYQYYSBxBCgGCBNACSIIAcohYggCDkBAEByIIaKUEpIQgIACCgAoCBENAAMEBMAoIxkQQAklGIDAAGGIEcIAZBADSAlAEADAMEIUA0AwA5BQRAAmgDBFCSkOEkACRAwRoAklFBBICGBI5gQox4QjRFFEmGEACAAYgYIQJYQFgDwDAgICA8oQEAoBIghizAAAkQJAAEacERQAh4QQBAggCHAEAaCMEAg0ABQgBgAkBACAEASAEiIJBJAgADhjiILAEUIAEEAgIDQRQHilGCEAOEGNMQhRARSAACEhBSACAAGdIEgEhwBQxAgJmTOEAAegEEoIpQBCBCEADDEOEGMBQAIoBQBDDBAAIGIAUAIhIkwYpIhxEFkEEmRAAAOIIFYawBgBCmggjENEEIEU8YA4RhwAQ0hCDABMECEAkwAoBYAjghgBEDFAMsaVMcg4QDAEzDAAiDEGMECIAwAxLwQWgBBBgKhAGdMAlQgoABEBQggjALTEUUIEA8Q0wIx2ADijITLSGAQAc0BQAggAHCigkIBKMCuBUkxigQRlCABgDEBCCAQRIcYYSoiBiBjCkEICKOAYMAYQhAABjEgiiWBECeSQMIAJAAQBBiHgDJWMEQsIEEIhA4QxEAAwRGAMcKYkIEAioZxx5iEjACEIMDCMhEQJ5w2hylCAANGAKAOAQA4gB5gyEAhgkACACAKwFQZARCQwgFwNlFBMSAEIYkw4QYhgxgElBHGEGGSEkMI55JDAwBDMBKCCAkYEAoxAgohgRBkAiDHGWMYMQgoBZSAiwAACCLIAKQyRpMI4RAQggiACBNAEIqckAQg"], "date": ["2015-06-09"], "file_name": "04.Organ_Mood_-_Desire_Paths.flac", "disctotal": ["1"], "acoustid_id": ["91b3adf3-40fc-487f-b4c2-5e2dd8e27d73"], "musicbrainz_artistid": ["d540aac4-48f4-4dac-bee3-cce929536590"], "originaldate": ["2015-06-09"], "musicbrainz_albumid": ["11101b91-2973-4de5-9c2e-8808b0783fb9"], "tracknumber": ["4"], "artistsort": ["Organ Mood"], "artist": ["Organ Mood"], "albumartistsort": ["Organ Mood"], "totaldiscs": ["1"], "script": ["Latn"], "totaltracks": ["9"]}}, "rhythm": {"bpm_histogram_first_peak_bpm": {"dmean2": 0, "median": 82, "min": 82, "dvar2": 0, "dvar": 0, "dmean": 0, "max": 82, "var": 0, "mean": 82}, "bpm": 81.9995346069, "bpm_histogram_second_peak_spread": {"dmean2": 0, "median": 0, "min": 0, "dvar2": 0, "dvar": 0, "dmean": 0, "max": 0, "var": 0, "mean": 0}, "bpm_histogram_first_peak_weight": {"dmean2": 0, "median": 1, "min": 1, "dvar2": 0, "dvar": 0, "dmean": 0, "max": 1, "var": 0, "mean": 1}, "onset_rate": 2.8723294735, "beats_position": [0.743038535118, 1.46285712719, 2.19428563118, 2.92571425438, 3.66875267029, 4.40018129349, 5.13160991669, 5.85142850876, 6.59446716309, 7.31428575516, 8.04571437836, 8.77714252472, 9.52018165588, 10.2399997711, 10.9714279175, 11.7028570175, 12.445895195, 13.177324295, 13.9087524414, 14.6285715103, 15.3716096878, 16.1030387878, 16.8344669342, 17.5542850494, 18.2973232269, 19.0171432495, 19.7485713959, 20.4799995422, 21.2230377197, 21.9544658661, 22.6858959198, 23.4173240662, 24.1487522125, 24.8801803589, 25.6116104126, 26.343038559, 27.0860767365, 27.8175048828, 28.5489330292, 29.2803630829, 30.0117912292, 30.7432193756, 31.474647522, 32.2060775757, 32.9491157532, 33.6689338684, 34.4003639221, 35.1317901611, 35.8748283386, 36.5946464539, 37.3144645691, 38.0458946228, 38.7889328003, 39.520362854, 40.251789093, 40.9832191467, 41.7262573242, 42.4460754395, 43.1775054932, 43.9089317322, 44.6519737244, 45.3717918396, 46.1032180786, 46.8346481323, 47.5776863098, 48.297504425, 49.0289344788, 49.7603607178, 50.5033988953, 51.2232208252, 51.9546470642, 52.6860771179, 53.4291152954, 54.1489334106, 54.8803634644, 55.6117897034, 56.3548278809, 57.0746459961, 57.8060760498, 58.5375061035, 59.280544281, 60.01197052, 60.7434005737, 61.463218689, 62.2062568665, 62.9260749817, 63.6691131592, 64.3889312744, 65.1319732666, 65.8517913818, 66.5832214355, 67.3146438599, 68.0576858521, 68.7891159058, 69.5205459595, 70.2519683838, 70.995010376, 71.7264404297, 72.4462585449, 73.1660766602, 73.9091110229, 74.6405410767, 75.3719711304, 76.1034011841, 76.8348312378, 77.5662536621, 78.2976837158, 79.0291137695, 79.7605438232, 80.491973877, 81.2233963013, 81.954826355, 82.6862564087, 83.4176864624, 84.1491165161, 84.8805389404, 85.6119689941, 86.3433990479, 87.0748291016, 87.8062591553, 88.537689209, 89.2691116333, 90.000541687, 90.7319717407, 91.4634017944, 92.1948318481, 92.9262542725, 93.6576843262, 94.3891143799, 95.1205444336, 95.8519744873, 96.5833969116, 97.3264389038, 98.0578689575, 98.7892990112, 99.5207214355, 100.263763428, 100.995193481, 101.726615906, 102.458045959, 103.189476013, 103.920906067, 104.652336121, 105.372154236, 106.115188599, 106.846618652, 107.578048706, 108.30947876, 109.040908813, 109.772331238, 110.503761292, 111.223579407, 111.966621399, 112.698051453, 113.429473877, 114.149291992, 114.892333984, 115.623764038, 116.355194092, 117.075012207, 117.81804657, 118.537864685, 119.280906677, 120.012336731, 120.743759155, 121.475189209, 122.206619263, 122.926437378, 123.657867432, 124.389297485, 125.12071991, 125.852149963, 126.583580017, 127.315010071, 128.046432495, 128.777862549, 129.509292603, 130.240722656, 130.97215271, 131.703582764, 132.435012817, 133.166442871, 133.897872925, 134.62928772, 135.360717773, 136.092147827, 136.835189819, 137.566619873, 138.298049927, 139.02947998, 139.760910034, 140.480728149, 141.212158203, 141.943572998, 142.675003052, 143.406433105, 144.149475098, 144.880905151, 145.612335205, 146.343765259, 147.075195312, 147.806625366, 148.538040161, 149.269470215, 150.000900269, 150.732330322, 151.463760376, 152.183578491, 152.915008545, 153.658050537, 154.389480591, 155.120910645, 155.863937378, 156.595367432, 157.338409424, 158.058227539, 158.789657593, 159.521087646, 160.2525177, 160.983947754, 161.715377808, 162.446792603, 163.189834595, 163.90965271, 164.652694702, 165.384124756, 166.11555481, 166.835372925, 167.578414917, 168.309844971, 169.041259766, 169.772689819, 170.504119873, 171.235549927, 171.96697998, 172.698410034, 173.429840088, 174.161270142, 174.892700195, 175.624130249, 176.355545044, 177.086975098, 177.818405151, 178.538223267, 179.281265259, 180.012695312, 180.744125366, 181.463943481, 182.206985474, 182.938415527, 183.669830322, 184.389663696, 185.13269043, 185.852508545, 186.583938599, 187.315368652, 188.058410645, 188.77822876, 189.521270752, 190.241088867, 190.984130859, 191.715545654, 192.446975708, 193.166793823, 193.909835815, 194.629653931, 195.361083984, 196.092514038, 196.83555603, 197.566986084, 198.298416138, 199.029830933, 199.761260986, 200.49269104, 201.224121094, 201.943939209, 202.686981201, 203.418411255, 204.149841309, 204.881271362, 205.612701416, 206.344116211, 207.075546265, 207.806976318, 208.538406372, 209.269836426, 210.001266479, 210.721084595, 211.464126587, 212.195556641, 212.926986694, 213.658401489, 214.401443481, 215.132873535, 215.864303589, 216.595733643, 217.327163696, 218.05859375, 218.790023804, 219.521453857, 220.264480591, 220.984298706, 221.704116821, 222.435546875, 223.178588867, 223.910018921, 224.641448975, 225.372879028, 226.115921021, 226.835739136, 227.567153931, 228.298583984, 229.041625977, 229.761444092, 230.492874146, 231.224304199, 231.967346191, 232.687164307, 233.41859436, 234.150024414, 234.893051147, 235.612869263, 236.344299316, 237.07572937, 237.818771362, 238.550201416, 239.28163147, 240.013061523, 240.744491577, 241.475906372, 242.207336426, 242.927154541, 243.670196533, 244.401626587, 245.133056641, 245.864486694, 246.595916748, 247.327346802, 248.058776855, 248.801803589, 249.521621704, 250.264663696, 250.984481812, 251.715911865, 252.447341919, 253.178771973, 253.910202026, 254.64163208, 255.373062134, 256.104492188, 256.835906982, 257.567352295, 258.29876709, 259.030212402, 259.761627197, 260.493041992, 261.224487305, 261.967529297, 262.687347412, 263.418762207, 264.15020752, 264.881622314, 265.613067627, 266.344482422, 267.075927734, 267.807342529, 268.538757324, 269.270202637, 270.001617432, 270.744659424, 271.476104736, 272.207519531, 272.938964844, 273.670379639, 274.401794434, 275.133239746, 275.864654541, 276.596099854, 277.327514648, 278.058959961, 278.802001953, 279.521820068, 280.253234863, 280.984680176, 281.72769165, 282.447509766, 283.178955078, 283.910369873, 284.653411865, 285.37322998, 286.104675293, 286.836090088, 287.57913208, 288.298950195, 289.03036499, 289.761810303, 290.504852295, 291.22467041, 291.956085205, 292.687530518, 293.43057251, 294.150390625, 294.88180542, 295.613250732, 296.356262207, 297.076080322, 297.819122314, 298.53894043, 299.281982422, 300.001800537, 300.73324585, 301.464660645, 302.207702637, 302.927520752, 303.658966064, 304.390380859, 305.133422852, 305.853240967, 306.584655762, 307.316101074, 308.059143066, 308.790557861, 309.522003174, 310.241821289, 310.984832764, 311.716278076, 312.447692871, 313.167510986, 313.910552979, 314.641998291, 315.373413086, 316.093231201, 316.836273193, 317.567718506, 318.299133301, 319.018951416, 319.761993408, 320.493408203, 321.224853516, 321.956268311, 322.699310303, 323.430755615, 324.15057373, 324.870391846, 325.61340332, 326.333221436, 327.064666748, 327.796081543, 328.539123535, 329.270568848, 330.001983643, 330.733428955, 331.476470947, 332.207885742, 332.939300537, 333.67074585, 334.402160645, 335.133605957, 335.865020752, 336.596466064, 337.327880859, 338.047698975, 338.779144287, 339.510559082, 340.253601074, 340.985015869, 341.704833984, 342.447875977, 343.190917969, 343.910736084, 344.642181396, 345.373596191, 346.116638184, 346.836456299, 347.567871094, 348.299316406, 349.042358398, 349.762176514, 350.493591309, 351.225036621, 351.968078613, 352.687896729, 353.419311523, 354.150756836, 354.893768311, 355.613586426, 356.333404541, 357.076446533, 357.819488525, 358.539306641, 359.270751953, 360.002166748, 360.74520874, 361.476623535, 362.208068848, 362.927886963, 363.670928955, 364.39074707, 365.122161865, 365.853607178, 366.59664917, 367.328063965, 368.059509277, 368.779327393, 369.522338867, 370.242156982, 370.973602295, 371.70501709, 372.448059082, 373.167877197, 373.89932251, 374.630737305, 375.373779297, 376.105194092, 376.836639404, 377.55645752, 378.299499512, 379.030914307, 379.762359619, 380.482177734, 381.225219727, 381.956634521, 382.688079834, 383.407897949, 384.150909424, 384.882354736, 385.613769531, 386.345214844, 387.076629639, 387.819671631, 388.539489746, 389.259307861, 390.002349854, 390.733764648, 391.465209961, 392.185028076, 392.928070068, 393.659484863, 394.390930176, 395.122344971, 395.853790283, 396.585205078, 397.316650391, 398.059661865, 398.791107178, 399.522521973, 400.253967285, 400.98538208, 401.716827393, 402.448242188, 403.1796875, 403.911102295, 404.654144287, 405.373962402, 406.105377197, 406.83682251, 407.579864502, 408.299682617, 409.031097412, 409.762542725, 410.505584717, 411.236999512, 411.968414307, 412.688232422, 413.431274414, 414.151092529, 414.894134521, 415.613952637, 416.356994629, 417.076812744, 417.819854736, 418.539672852, 419.282714844, 420.002532959, 420.745574951, 421.476989746, 422.208435059, 422.928253174, 423.659667969, 424.391113281, 425.134155273, 425.865570068, 426.596984863, 427.316802979, 428.059844971, 428.779663086, 429.511108398, 430.242523193, 430.985565186, 431.717010498, 432.448425293, 433.168243408, 433.9112854, 434.642700195, 435.374145508, 436.093963623, 436.837005615, 437.56842041, 438.299865723, 439.031280518, 439.76272583, 440.482543945, 441.21395874, 441.945373535, 442.688415527, 443.41986084, 444.151275635, 444.882720947, 445.614135742, 446.333953857, 447.06539917, 447.796813965, 448.539855957, 449.271270752, 450.002716064, 450.734130859, 451.465576172, 452.196990967, 452.928436279, 453.659851074, 454.402893066, 455.134307861, 455.877349854, 456.620391846, 457.363433838, 458.10647583], "beats_loudness": {"dmean2": 0.0334868915379, "median": 0.0528418049216, "min": 3.87885279451e-08, "dvar2": 0.000851674412843, "dvar": 0.000271913217148, "dmean": 0.0191764626652, "max": 0.131802231073, "var": 0.000430817046436, "mean": 0.0530900917947}, "danceability": 1.22569322586, "bpm_histogram_second_peak_weight": {"dmean2": 0, "median": 0, "min": 0, "dvar2": 0, "dvar": 0, "dmean": 0, "max": 0, "var": 0, "mean": 0}, "beats_count": 626, "bpm_histogram_second_peak_bpm": {"dmean2": 0, "median": 0, "min": 0, "dvar2": 0, "dvar": 0, "dmean": 0, "max": 0, "var": 0, "mean": 0}, "bpm_histogram_first_peak_spread": {"dmean2": 0, "median": 0, "min": 0, "dvar2": 0, "dvar": 0, "dmean": 0, "max": 0, "var": 0, "mean": 0}, "beats_loudness_band_ratio": {"dmean2": [0.456361711025, 0.13452360034, 0.179649710655, 0.171376183629, 0.0758647099137, 0.0523869507015], "median": [0.751663327217, 0.0450365096331, 0.0719086974859, 0.04081992805, 0.0183940734714, 0.00332463160157], "min": [0.087971046567, 0.00175106653478, 0.000993742491119, 0.000287340517389, 1.03577840491e-05, 1.45168121435e-06], "dvar2": [0.0905502811074, 0.0137753253803, 0.0411459729075, 0.0167078301311, 0.0039250520058, 0.00475170277059], "dvar": [0.0303219351918, 0.00546299153939, 0.0148191303015, 0.00577191729099, 0.00134798046201, 0.00154649559408], "dmean": [0.243049174547, 0.0723926723003, 0.102637752891, 0.0911493897438, 0.0397381857038, 0.0262960847467], "max": [0.993165194988, 0.677514016628, 0.775986194611, 0.456539094448, 0.356810808182, 0.247153297067], "var": [0.0422814413905, 0.00740376580507, 0.0166734922677, 0.00681308889762, 0.00142746639904, 0.000990263768472], "mean": [0.707247197628, 0.0772707685828, 0.121504873037, 0.0767575651407, 0.0314518585801, 0.0152957122773]}}, "lowlevel": {"barkbands_spread": {"dmean2": 5.05894136429, "median": 12.1369905472, "min": 0.0176102779806, "dvar2": 29.834236145, "dvar": 12.9385452271, "dmean": 3.28337240219, "max": 58.9747581482, "var": 61.4653549194, "mean": 13.5980644226}, "melbands_spread": {"dmean2": 7.14661884308, "median": 15.4393930435, "min": 0.0532675720751, "dvar2": 63.1031341553, "dvar": 26.176153183, "dmean": 4.60230636597, "max": 90.9431228638, "var": 110.298118591, "mean": 17.3137969971}, "hfc": {"dmean2": 8.5839214325, "median": 12.728014946, "min": 3.60532044397e-06, "dvar2": 140.391647339, "dvar": 62.0376586914, "dmean": 5.55515289307, "max": 114.118354797, "var": 203.773406982, "mean": 16.4694576263}, "barkbands_kurtosis": {"dmean2": 8.15249729156, "median": 1.03418254852, "min": -1.87050008774, "dvar2": 30777.8164062, "dvar": 9380.64257812, "dmean": 4.81972360611, "max": 6988.79345703, "var": 7766.21142578, "mean": 5.49723148346}, "gfcc": {"mean": [-83.7054824829, 173.065338135, -142.335189819, 17.1441459656, -44.7570343018, 7.27781438828, -17.557384491, -4.06352806091, -0.710373044014, -7.85971593857, -5.84657764435, -12.1809692383, 1.68472230434], "icov": [[0.000163111690199, -0.000431013730122, 0.000348691188265, -0.000351530674379, 0.000346864078892, -0.000303881097352, 0.000350154849002, -0.00040674576303, 0.000430775660789, -0.000302171567455, 0.000322435924318, -4.72032552352e-05, -7.70130573073e-05], [-0.000431013730122, 0.0044188532047, -0.00199634442106, 0.00227626948617, -0.00334046967328, 0.00220282399096, -0.00201786449179, 0.00313372304663, -0.00324872741476, 0.00428254995495, -0.00376188615337, 0.00343274907209, -0.0020423294045], [0.000348691188265, -0.00199634442106, 0.002332753269, -0.00125119462609, 0.00108607613947, -0.00145539152436, 0.00138235080522, -0.00190440006554, 0.00205736700445, -0.00202052481472, 0.0021140940953, -0.00133943906985, 0.000783542578574], [-0.000351530674379, 0.00227626948617, -0.00125119462609, 0.00267688604072, -0.00110921205487, 0.00070179020986, -0.00110768817831, 0.00159717327915, -0.00076698284829, 0.00201233034022, -0.00176269072108, 0.00199145637453, -0.00157734227832], [0.000346864078892, -0.00334046967328, 0.00108607613947, -0.00110921205487, 0.0048860264942, -0.00181718263775, 0.000192943756701, -0.00172214757185, 0.00209558219649, -0.00332313147373, 0.00363433547318, -0.00332005880773, 0.00223417766392], [-0.000303881097352, 0.00220282399096, -0.00145539152436, 0.00070179020986, -0.00181718263775, 0.00467057805508, -0.000615620112512, 0.000854335026816, -0.00114205118734, 0.00143559952267, -0.00201715459116, 0.00156721228268, -0.00151634938084], [0.000350154849002, -0.00201786449179, 0.00138235080522, -0.00110768817831, 0.000192943756701, -0.000615620112512, 0.00737806688994, -0.00293744541705, 0.000485344178742, -0.000490471953526, 0.00124870997388, 5.77369428356e-05, -0.000169789404026], [-0.00040674576303, 0.00313372304663, -0.00190440006554, 0.00159717327915, -0.00172214757185, 0.000854335026816, -0.00293744541705, 0.00839421525598, -0.00427441112697, 0.00160958559718, -0.000167976410012, 0.000706792343408, 0.000765439122915], [0.000430775660789, -0.00324872741476, 0.00205736700445, -0.00076698284829, 0.00209558219649, -0.00114205118734, 0.000485344178742, -0.00427441112697, 0.0110790189356, -0.00542706949636, 0.000571819895413, 0.00138707470614, -0.000713300774805], [-0.000302171567455, 0.00428254995495, -0.00202052481472, 0.00201233034022, -0.00332313147373, 0.00143559952267, -0.000490471953526, 0.00160958559718, -0.00542706949636, 0.0143111152574, -0.00696560740471, 0.00193520542234, 0.00116919947322], [0.000322435924318, -0.00376188615337, 0.0021140940953, -0.00176269072108, 0.00363433547318, -0.00201715459116, 0.00124870997388, -0.000167976410012, 0.000571819895413, -0.00696560740471, 0.0162182208151, -0.00736291892827, 0.000175748587935], [-4.72032552352e-05, 0.00343274907209, -0.00133943906985, 0.00199145637453, -0.00332005880773, 0.00156721228268, 5.77369428356e-05, 0.000706792343408, 0.00138707470614, 0.00193520542234, -0.00736291892827, 0.0149012524635, -0.00573539873585], [-7.70130573073e-05, -0.0020423294045, 0.000783542578574, -0.00157734227832, 0.00223417766392, -0.00151634938084, -0.000169789404026, 0.000765439122915, -0.000713300774805, 0.00116919947322, 0.000175748587935, -0.00573539873585, 0.0140680717304]], "cov": [[15371.0263672, -1248.60205078, -1238.1842041, 2210.02441406, -1381.37744141, 498.072967529, -481.605957031, -171.864639282, -424.125671387, -325.157348633, 7.2974448204, -168.50843811, 432.967834473], [-1248.60205078, 2283.73168945, 116.831924438, -1041.35327148, 825.892272949, -388.24230957, 352.589477539, -167.103622437, 296.019226074, -140.604263306, 29.7517528534, -139.198867798, 11.3511180878], [-1238.1842041, 116.831924438, 1025.35986328, 45.4691352844, 184.764205933, 143.092437744, -35.2492980957, 87.78540802, -76.1552200317, 34.1442337036, -67.8356552124, 24.6339855194, -56.7577629089], [2210.02441406, -1041.35327148, 45.4691352844, 1275.93737793, -470.819519043, 241.294311523, -170.373977661, -30.2615032196, -220.924041748, -51.2867965698, -15.0707473755, 10.256155014, 99.2491989136], [-1381.37744141, 825.892272949, 184.764205933, -470.819519043, 722.448608398, -71.6332321167, 169.143188477, 20.4458370209, 92.0650024414, 17.8432846069, -36.6061210632, -4.29278278351, -70.3767166138], [498.072967529, -388.24230957, 143.092437744, 241.294311523, -71.6332321167, 368.415100098, -65.6211853027, 39.7725296021, -64.0746612549, 22.4407310486, -2.33072161674, 24.2662315369, 18.3870410919], [-481.605957031, 352.589477539, -35.2492980957, -170.373977661, 169.143188477, -65.6211853027, 238.948883057, 42.7000312805, 80.1131668091, -17.9175491333, -14.363073349, -38.3006401062, -11.8473863602], [-171.864639282, -167.103622437, 87.78540802, -30.2615032196, 20.4458370209, 39.7725296021, 42.7000312805, 235.373703003, 50.497959137, 45.4997634888, -36.0406455994, -8.30721569061, -48.8913345337], [-424.125671387, 296.019226074, -76.1552200317, -220.924041748, 92.0650024414, -64.0746612549, 80.1131668091, 50.497959137, 209.348846436, 44.2683143616, 21.3439025879, -42.2966918945, -13.7592172623], [-325.157348633, -140.604263306, 34.1442337036, -51.2867965698, 17.8432846069, 22.4407310486, -17.9175491333, 45.4997634888, 44.2683143616, 147.833175659, 37.0399971008, 22.6158542633, -34.2354736328], [7.2974448204, 29.7517528534, -67.8356552124, -15.0707473755, -36.6061210632, -2.33072161674, -14.363073349, -36.0406455994, 21.3439025879, 37.0399971008, 120.433860779, 46.9872932434, 29.4529457092], [-168.50843811, -139.198867798, 24.6339855194, 10.256155014, -4.29278278351, 24.2662315369, -38.3006401062, -8.30721569061, -42.2966918945, 22.6158542633, 46.9872932434, 132.855041504, 31.4866847992], [432.967834473, 11.3511180878, -56.7577629089, 99.2491989136, -70.3767166138, 18.3870410919, -11.8473863602, -48.8913345337, -13.7592172623, -34.2354736328, 29.4529457092, 31.4866847992, 119.682502747]]}, "spectral_energyband_middle_low": {"dmean2": 0.0103893363848, "median": 0.0114230643958, "min": 9.74307523549e-10, "dvar2": 0.000230513585848, "dvar": 9.54782881308e-05, "dmean": 0.00660251034424, "max": 0.156893998384, "var": 0.000244222464971, "mean": 0.0162695366889}, "melbands_crest": {"dmean2": 5.00602865219, "median": 14.2022390366, "min": 3.76386213303, "dvar2": 21.0473022461, "dvar": 9.13153839111, "dmean": 3.27648544312, "max": 39.9543685913, "var": 32.8569831848, "mean": 15.1115694046}, "spectral_kurtosis": {"dmean2": 16.8528137207, "median": 7.90479469299, "min": -0.43065738678, "dvar2": 678.723266602, "dvar": 235.466445923, "dmean": 9.7049703598, "max": 229.754852295, "var": 856.385192871, "mean": 21.2086524963}, "spectral_rms": {"dmean2": 0.0012729925802, "median": 0.00489380722865, "min": 4.88725845571e-06, "dvar2": 2.78432344203e-06, "dvar": 1.22100675526e-06, "dmean": 0.000871161639225, "max": 0.0126423221081, "var": 4.42286500402e-06, "mean": 0.00495555344969}, "zerocrossingrate": {"dmean2": 0.00593497278169, "median": 0.033203125, "min": 0, "dvar2": 3.29546637658e-05, "dvar": 2.47047391895e-05, "dmean": 0.00488328235224, "max": 0.20068359375, "var": 0.000252999132499, "mean": 0.0354710482061}, "silence_rate_60dB": {"dmean2": 0.0175234228373, "median": 0, "min": 0, "dvar2": 0.0205571521074, "dvar": 0.00868405215442, "dmean": 0.00876126810908, "max": 1, "var": 0.0598669499159, "mean": 0.0639590844512}, "erbbands_kurtosis": {"dmean2": 2.7580704689, "median": 0.594116687775, "min": -1.87833201885, "dvar2": 20.0253658295, "dvar": 7.45245409012, "dmean": 1.67824757099, "max": 67.7609481812, "var": 16.618227005, "mean": 1.81020951271}, "erbbands": {"dmean2": [0.157537862659, 1.38433027267, 2.76593399048, 5.90568447113, 8.63466739655, 9.51516532898, 10.6930885315, 12.8467950821, 15.6251821518, 31.0775165558, 53.4843063354, 65.5764160156, 70.0527420044, 40.5060081482, 33.2820129395, 23.7457370758, 34.6291618347, 49.4391822815, 32.2305297852, 14.3801908493, 18.3804512024, 15.3949136734, 6.80821418762, 7.21082258224, 4.17000246048, 4.24946641922, 2.68078756332, 2.9993724823, 1.84442043304, 1.10361468792, 0.586209893227, 0.457827299833, 0.176926717162, 0.11474108696, 0.026638193056, 0.0031154055614, 0.000451041618362, 6.15773024037e-05, 1.39063959068e-05, 1.86054403457e-05], "median": [0.0787113904953, 0.553502202034, 1.05851233006, 1.51270401478, 3.25941467285, 5.00557851791, 5.0342040062, 4.29153013229, 8.03583431244, 11.0319604874, 17.1095123291, 15.5920562744, 19.0600414276, 13.4541425705, 13.841468811, 9.48741436005, 10.5931472778, 13.6768455505, 10.5549259186, 7.68002748489, 6.36971712112, 5.0154004097, 2.33249926567, 1.55834841728, 1.18122065067, 0.988227546215, 0.694557189941, 0.523868620396, 0.277935266495, 0.1400398314, 0.0710500255227, 0.0336778387427, 0.0132033945993, 0.00383118004538, 0.00105888512917, 0.000102922211227, 2.09353820537e-05, 4.81403003505e-06, 1.47234241012e-05, 2.95140307571e-05], "min": [9.58404271501e-08, 7.32039609375e-07, 4.94517189509e-06, 9.3734870461e-06, 1.15058332995e-06, 9.43202920212e-08, 4.43031247244e-08, 3.02678380137e-08, 4.86106692676e-08, 5.65669644459e-08, 8.92715235068e-08, 9.53599368358e-08, 5.7970634515e-08, 1.10289839483e-07, 1.23239260574e-07, 1.60004475447e-07, 1.83616833738e-07, 1.31226414624e-07, 2.13569606444e-07, 1.99492873776e-07, 2.02113639602e-07, 2.47174995138e-07, 3.34392979084e-07, 1.814752153e-07, 2.2194244309e-07, 3.68096351622e-07, 3.85287791005e-07, 1.6937983105e-07, 2.32110963339e-07, 3.39157509188e-07, 3.79562777653e-07, 3.13364381554e-07, 1.81721361514e-07, 1.42920697499e-07, 1.47883511659e-07, 8.39313116785e-08, 7.28787838966e-08, 2.10006927404e-08, 3.25508220378e-09, 2.47615955518e-10], "dvar2": [0.168181836605, 15.4536209106, 77.8036270142, 265.801635742, 519.828186035, 578.253662109, 564.743896484, 1133.71179199, 1130.54919434, 7458.07617188, 13719.7441406, 24672.0214844, 33959.0664062, 9401.61816406, 4906.59082031, 3050.81982422, 9138.04785156, 17211.2285156, 9393.37890625, 795.689880371, 4115.58496094, 2676.84301758, 364.117156982, 581.738647461, 196.409545898, 213.114151001, 72.3589096069, 136.276550293, 45.5378837585, 21.397190094, 6.0387711525, 7.12333440781, 0.621806144714, 0.325977087021, 0.0164094716311, 0.000278352817986, 5.69081248614e-06, 7.44429158317e-08, 1.05414610374e-09, 8.41004543783e-10], "dvar": [0.0735415294766, 5.99554729462, 27.599899292, 100.495742798, 235.754272461, 226.931930542, 263.412658691, 579.247680664, 458.225372314, 3156.80200195, 5575.25146484, 10072.2128906, 13370.1582031, 3861.36865234, 1837.08215332, 1060.7824707, 3110.80249023, 6540.05810547, 3406.24682617, 292.660339355, 1580.24243164, 998.36505127, 148.449417114, 228.303527832, 79.0309066772, 85.8672180176, 29.8515739441, 56.5446815491, 19.1904659271, 8.9394493103, 2.6228325367, 2.83916091919, 0.275565564632, 0.132115378976, 0.00850755348802, 0.000112019020889, 2.27553800869e-06, 2.88390040737e-08, 4.33026975388e-10, 3.49840961755e-10], "dmean": [0.111279770732, 0.878158390522, 1.64897656441, 3.48950767517, 5.47459745407, 5.9294424057, 7.03617668152, 8.56819725037, 9.691198349, 20.2586517334, 34.1166877747, 40.9616394043, 43.3836708069, 25.0361881256, 19.7532176971, 13.7486495972, 19.845489502, 29.2133464813, 19.2509422302, 8.58573150635, 11.0602197647, 9.16565322876, 4.0898194313, 4.30340623856, 2.58203673363, 2.59354948997, 1.70106327534, 1.89219355583, 1.16004669666, 0.711286962032, 0.379449278116, 0.281418830156, 0.114542372525, 0.0701615214348, 0.0184337645769, 0.00198832829483, 0.000281744549284, 3.76322532247e-05, 9.0132934929e-06, 1.23004965644e-05], "max": [2.92083883286, 22.8275547028, 57.4255828857, 113.56098175, 346.234313965, 313.455688477, 521.900390625, 808.205627441, 828.016662598, 1538.47546387, 1510.22790527, 3028.1965332, 2828.00952148, 1866.62512207, 1053.56335449, 583.256347656, 900.15020752, 2781.65820312, 1584.21850586, 451.501861572, 1315.85620117, 1259.52160645, 574.745117188, 283.542144775, 192.499740601, 212.738540649, 121.711174011, 189.690979004, 102.942512512, 66.8637008667, 36.8228569031, 48.2418365479, 13.3052587509, 12.1817941666, 2.76021790504, 0.249302312732, 0.0465712249279, 0.00541435414925, 0.000594250392169, 0.000182904695976], "var": [0.103188239038, 5.64229869843, 20.8387527466, 90.9922485352, 376.210113525, 659.251586914, 1253.20983887, 2872.25878906, 990.981994629, 7159.54443359, 16532.2714844, 33852.734375, 37120.734375, 9396.37597656, 2366.84692383, 1335.7590332, 2805.41235352, 12565.1806641, 6658.70703125, 574.192260742, 3245.5534668, 2088.31665039, 258.820220947, 233.868255615, 88.8471069336, 105.59262085, 41.5591812134, 72.9862289429, 26.0455989838, 12.9310035706, 3.92992734909, 3.38886117935, 0.510687053204, 0.309690177441, 0.0192497279495, 0.000139935422339, 4.05676564696e-06, 1.22237651112e-07, 2.52033083292e-09, 6.83495593456e-10], "mean": [0.179124265909, 1.20010280609, 2.50112485886, 4.33810853958, 9.25997161865, 12.9541816711, 16.3999195099, 18.2574672699, 17.5699481964, 36.9329872131, 62.5800819397, 75.953704834, 75.1011657715, 42.0463676453, 29.6181373596, 22.1220264435, 27.5262851715, 45.7893562317, 32.8245429993, 16.0996379852, 19.2033348083, 15.3058309555, 7.25984096527, 6.0839509964, 4.14558315277, 4.01446199417, 2.80621099472, 3.0699608326, 1.81543123722, 1.15530633926, 0.604499280453, 0.418036311865, 0.189687937498, 0.121226005256, 0.030986847356, 0.00322796357796, 0.000564889283851, 0.000100540324638, 2.81878346868e-05, 3.48831235897e-05]}, "spectral_strongpeak": {"dmean2": 1.146874547, "median": 0.855544507504, "min": 0, "dvar2": 2.53722453117, "dvar": 1.05781555176, "dmean": 0.698934853077, "max": 17.1398735046, "var": 2.79292607307, "mean": 1.49929523468}, "spectral_energy": {"dmean2": 0.0163189396262, "median": 0.0245480835438, "min": 2.44824285289e-08, "dvar2": 0.000684906553943, "dvar": 0.000281620188616, "dmean": 0.0107622863725, "max": 0.163824006915, "var": 0.000519898021594, "mean": 0.0297047328204}, "average_loudness": 0.912471175194, "spectral_rolloff": {"dmean2": 376.850128174, "median": 796.728515625, "min": 21.533203125, "dvar2": 252467.890625, "dvar": 107849.140625, "dmean": 221.740982056, "max": 5361.76757812, "var": 285596.15625, "mean": 924.893188477}, "spectral_centroid": {"dmean2": 230.506149292, "median": 801.24786377, "min": 150.791870117, "dvar2": 78706.0078125, "dvar": 33258.4609375, "dmean": 148.229721069, "max": 3292.28637695, "var": 159507.59375, "mean": 881.408508301}, "pitch_salience": {"dmean2": 0.110838480294, "median": 0.505839884281, "min": 0.00632131239399, "dvar2": 0.0117421662435, "dvar": 0.00470322929323, "dmean": 0.0691302269697, "max": 0.858696997166, "var": 0.0132947992533, "mean": 0.501621127129}, "spectral_energyband_middle_high": {"dmean2": 0.0039636939764, "median": 0.00328539335169, "min": 7.06921951532e-11, "dvar2": 4.86383542011e-05, "dvar": 1.9051698473e-05, "dmean": 0.00246197963133, "max": 0.0648860260844, "var": 5.0889862905e-05, "mean": 0.0057787662372}, "spectral_contrast_coeffs": {"dmean2": [0.0647955015302, 0.0794662833214, 0.0692038163543, 0.0533716827631, 0.0375648587942, 0.0326649025083], "median": [-0.668387532234, -0.70317786932, -0.742768526077, -0.775689065456, -0.774512410164, -0.723570108414], "min": [-0.932710945606, -0.952271938324, -0.962002694607, -0.946692049503, -0.938123703003, -0.955617785454], "dvar2": [0.00334637495689, 0.00420414889231, 0.00306967482902, 0.00187182775699, 0.00105006503873, 0.00109866273124], "dvar": [0.00144208106212, 0.00164249865338, 0.00119436753448, 0.000696756527759, 0.000421258417191, 0.000424006371759], "dmean": [0.0417016930878, 0.0490499697626, 0.0425955876708, 0.0319062210619, 0.023088729009, 0.0199465025216], "max": [-0.22632406652, -0.358898460865, -0.39406645298, -0.483064860106, -0.494036197662, -0.502207636833], "var": [0.00805087387562, 0.00819427706301, 0.00724146328866, 0.00375344604254, 0.00315761892125, 0.00391112780198], "mean": [-0.664823532104, -0.694301366806, -0.733151853085, -0.767508864403, -0.767108440399, -0.734064459801]}, "melbands_skewness": {"dmean2": 0.963588118553, "me