{"tonal": {"thpcp": [1, 0.93661826849, 0.625683307648, 0.510052978992, 0.588449895382, 0.644815266132, 0.527418255806, 0.442175477743, 0.611400127411, 0.859003067017, 0.742997348309, 0.44659486413, 0.310482144356, 0.281185895205, 0.352949053049, 0.469153910875, 0.463877379894, 0.322055965662, 0.227688521147, 0.550196766853, 0.992856860161, 0.879382908344, 0.56232625246, 0.375355124474, 0.280363351107, 0.326435267925, 0.569404065609, 0.89181470871, 0.862696409225, 0.635268807411, 0.644884228706, 0.73370885849, 0.683009922504, 0.566342949867, 0.51513928175, 0.691461205482], "hpcp": {"dmean2": [0.301808327436, 0.273678541183, 0.263311207294, 0.313183099031, 0.349906414747, 0.318814903498, 0.261572510004, 0.234640970826, 0.256681531668, 0.258360147476, 0.223809361458, 0.222467973828, 0.252912849188, 0.261444300413, 0.241959735751, 0.189999297261, 0.154875889421, 0.147568315268, 0.161125987768, 0.165747687221, 0.162541374564, 0.140201538801, 0.118406772614, 0.20801961422, 0.334912121296, 0.27568975091, 0.196421295404, 0.165788084269, 0.146668106318, 0.169985860586, 0.24479585886, 0.287382006645, 0.27200448513, 0.262004882097, 0.25868499279, 0.292290091515], "median": [0.0144779756665, 0.0090782912448, 0.00560718495399, 0.00871365237981, 0.014285326004, 0.0167346224189, 0.0152144422755, 0.0127314217389, 0.0133662549779, 0.0109121073037, 0.00645015621558, 0.00434229848906, 0.0105855185539, 0.0170936174691, 0.0180810894817, 0.0103100519627, 0.00623882375658, 0.00418093753979, 0.00398058723658, 0.00722067942843, 0.010449805297, 0.00824549887329, 0.00466617988423, 0.0142535371706, 0.0270940847695, 0.0336003154516, 0.0126789500937, 0.00759765598923, 0.00404737377539, 0.00351577112451, 0.0075004468672, 0.0140841081738, 0.0180039759725, 0.0164832714945, 0.0129810832441, 0.0133338356391], "min": [0, 0, 0, 0, 0, 0, 0, 0, 0, 0, 0, 0, 0, 0, 0, 0, 0, 0, 0, 0, 0, 0, 0, 0, 0, 0, 0, 0, 0, 0, 0, 0, 0, 0, 0, 0], "dvar2": [0.185613438487, 0.172513797879, 0.177491545677, 0.193539604545, 0.214696064591, 0.179114177823, 0.148338064551, 0.136927396059, 0.153648868203, 0.154417693615, 0.131312295794, 0.134042724967, 0.144062250853, 0.137402921915, 0.127516031265, 0.10272911936, 0.0942705869675, 0.0944134369493, 0.109785079956, 0.0972769856453, 0.0935590937734, 0.0752574503422, 0.0683586597443, 0.0883413851261, 0.19540785253, 0.126132950187, 0.105733402073, 0.0897877141833, 0.0918211713433, 0.110425978899, 0.141838803887, 0.164328947663, 0.145590096712, 0.141470372677, 0.145836606622, 0.173732340336], "dvar": [0.0679842755198, 0.0630311816931, 0.0636042580009, 0.0718099698424, 0.084764778614, 0.0721375718713, 0.0556961148977, 0.0501648075879, 0.055595997721, 0.0592059232295, 0.0500404089689, 0.0484217144549, 0.0526344515383, 0.0555415712297, 0.0501317754388, 0.0379292182624, 0.0335595831275, 0.0326002724469, 0.0385528020561, 0.0374267026782, 0.0356889404356, 0.0268690623343, 0.0238595046103, 0.0329171344638, 0.0763064697385, 0.0492633543909, 0.0414818078279, 0.0331538319588, 0.0328061692417, 0.0390872582793, 0.0528320260346, 0.0669018104672, 0.0571420155466, 0.0506184026599, 0.0549358539283, 0.0665583983064], "dmean": [0.16602961719, 0.14745631814, 0.140466570854, 0.169552594423, 0.193527668715, 0.176982179284, 0.143249049783, 0.127710789442, 0.140755295753, 0.141987890005, 0.122379265726, 0.119710460305, 0.138999149203, 0.147144511342, 0.137586191297, 0.10471046716, 0.0829045921564, 0.0788745954633, 0.0868097692728, 0.0933304876089, 0.0921739637852, 0.0770209953189, 0.0633467808366, 0.114862255752, 0.186141207814, 0.155836984515, 0.110103949904, 0.0910936146975, 0.0780541673303, 0.0903696492314, 0.133340775967, 0.159697368741, 0.153922945261, 0.143476039171, 0.14232096076, 0.162994086742], "max": [1, 1, 1, 1, 1, 1, 1, 1, 1, 1, 1, 1, 1, 1, 1, 1, 1, 1, 1, 1, 1, 1, 1, 1, 1, 1, 1, 1, 1, 1, 1, 1, 1, 1, 1, 1], "var": [0.0594374462962, 0.0510001294315, 0.0476534515619, 0.0627438053489, 0.100012406707, 0.0906001329422, 0.0514673478901, 0.0407353267074, 0.0481803826988, 0.0588146187365, 0.0469685792923, 0.0375725738704, 0.0508839488029, 0.0803132429719, 0.0625653043389, 0.0332841388881, 0.0243184529245, 0.0219769403338, 0.0325621254742, 0.0427614599466, 0.0401223003864, 0.0224146768451, 0.0156058734283, 0.0333456024528, 0.0939784348011, 0.0655412524939, 0.0482642538846, 0.027826204896, 0.0229592714459, 0.0286998245865, 0.0478840246797, 0.0869275853038, 0.0772008597851, 0.0474469177425, 0.0562244690955, 0.0668409019709], "mean": [0.126915425062, 0.105236627162, 0.0957220643759, 0.128485828638, 0.185817837715, 0.17404037714, 0.116263121367, 0.094776943326, 0.109344489872, 0.119818180799, 0.0980037152767, 0.082164093852, 0.113609045744, 0.159618094563, 0.138062164187, 0.0829852893949, 0.0576931200922, 0.052249353379, 0.0655842274427, 0.0871771648526, 0.0861966907978, 0.0598437450826, 0.0423085875809, 0.102236375213, 0.184490516782, 0.163405030966, 0.104490250349, 0.0697476789355, 0.0520965121686, 0.0606574974954, 0.105805434287, 0.16571508348, 0.160304382443, 0.118044279516, 0.119830988348, 0.136336192489]}, "tuning_equal_tempered_deviation": 0.26724794507, "chords_changes_rate": 0.127328589559, "key_key": "A#", "tuning_diatonic_strength": 0.328228861094, "key_scale": "minor", "chords_number_rate": 0.00403303233907, "tuning_frequency": 434.193115234, "tuning_nontempered_energy_ratio": 0.897858560085, "chords_histogram": [14.6725559235, 2.84232759476, 4.24428653717, 5.47340106964, 8.94949150085, 1.76685225964, 7.73958110809, 8.2389087677, 3.14960622787, 7.47071266174, 2.13174581528, 4.95486831665, 2.28538513184, 9.5832529068, 2.59266376495, 1.61321294308, 1.88208186626, 2.51584410667, 1.09468019009, 0, 0.403303235769, 2.72709822655, 0.21125407517, 3.45688486099], "key_strength": 0.425943613052, "chords_key": "A#", "chords_strength": {"dmean2": 0.0195927005261, "median": 0.41125062108, "min": -1, "dvar2": 0.00104497105349, "dvar": 0.000587212853134, "dmean": 0.0163325704634, "max": 0.724261045456, "var": 0.0263436026871, "mean": 0.403485387564}, "chords_scale": "minor", "hpcp_entropy": {"dmean2": 1.14525175095, "median": 2.38228440285, "min": 0, "dvar2": 0.830106735229, "dvar": 0.302408516407, "dmean": 0.679322957993, "max": 4.2060008049, "var": 0.644982814789, "mean": 2.32535481453}}, "metadata": {"audio_properties": {"equal_loudness": 0, "codec": "mp3", "downmix": "mix", "sample_rate": 44100, "analysis_sample_rate": 44100, "bit_rate": 140396, "md5_encoded": "382354b9845b9c8120e6d39c85ce1c6c", "length": 241.764328003, "replay_gain": 0.899648666382, "lossless": false}, "version": {"essentia_build_sha": "ca57ba49d9b1854bd80e60cf9ccf267278fb7d6b", "essentia": "2.1-beta1", "extractor": "music 1.0", "essentia_git_sha": "v2.1_beta1-28-g21ef5f4-dirty"}, "tags": {"title": ["Douce Ambiance"], "barcode": ["764911660424"], "media": ["CD"], "albumartist": ["Sylvain Luc & Bir\u00e9li Lagr\u00e8ne"], "length": ["241000"], "musicbrainz_recordingid": ["0d5f1ffe-1ec9-4c27-a19e-77eb087e15c1"], "musicbrainz_albumartistid": ["7df5778d-b8d5-419d-bd41-bf6db5b57188", "57e0894c-d70d-4026-a001-cf212f8550f2"], "discnumber": ["1/1"], "album": ["Duet"], "musicbrainz album type": ["album"], "musicbrainz album status": ["official"], "file_name": "02-Douce Ambiance.mp3", "originaldate": ["2000-01-17"], "date": ["2000-02-22"], "genre": ["Jazz"], "script": ["Latn"], "asin": ["B0000488TQ"], "musicbrainz_albumid": ["07481a50-6b24-4d07-bde7-d419e6bbcb8c"], "artist": ["Sylvain Luc & Bir\u00e9li Lagr\u00e8ne"], "artistsort": ["Luc, Sylvain & Lagr\u00e8ne, Bir\u00e9li"], "language": ["eng"], "tracknumber": ["2/13"], "musicbrainz album release country": ["US"], "albumartistsort": ["Luc, Sylvain & Lagr\u00e8ne, Bir\u00e9li"], "acoustid_id": ["887f4db3-f038-44d8-ae34-15d70b58bbb8"], "musicbrainz_artistid": ["7df5778d-b8d5-419d-bd41-bf6db5b57188", "57e0894c-d70d-4026-a001-cf212f8550f2"]}}, "rhythm": {"bpm_histogram_first_peak_bpm": {"dmean2": 0, "median": 96, "min": 96, "dvar2": 0, "dvar": 0, "dmean": 0, "max": 96, "var": 0, "mean": 96}, "bpm": 95.4796905518, "bpm_histogram_second_peak_spread": {"dmean2": 0, "median": 0.541666686535, "min": 0.541666686535, "dvar2": 0, "dvar": 0, "dmean": 0, "max": 0.541666686535, "var": 0, "mean": 0.541666686535}, "bpm_histogram_first_peak_weight": {"dmean2": 0, "median": 0.166666671634, "min": 0.166666671634, "dvar2": 0, "dvar": 0, "dmean": 0, "max": 0.166666671634, "var": 0, "mean": 0.166666671634}, "onset_rate": 4.25597429276, "beats_position": [0.638548731804, 1.30031740665, 1.93886613846, 2.57741498947, 3.20435357094, 3.85451245308, 4.51628112793, 5.15482997894, 5.80498838425, 6.45514726639, 7.10530614853, 7.77868461609, 8.45206356049, 9.10222244263, 9.75238037109, 10.4025392532, 11.0526981354, 11.7144670486, 12.3762359619, 13.0263938904, 13.6417226791, 14.3034915924, 14.9420404434, 15.5689792633, 16.2075271606, 16.8344669342, 17.4614048004, 18.0999546051, 18.7385025024, 19.3770523071, 20.0156002045, 20.6657600403, 21.3159179688, 21.9776859283, 22.6394557953, 23.2896137238, 23.974603653, 24.6479816437, 25.3097496033, 25.9831295013, 26.6565074921, 27.3066654205, 27.9568252563, 28.5837631226, 29.2339229584, 29.8608608246, 30.4878005981, 31.1147384644, 31.7416782379, 32.3686180115, 32.9955558777, 33.6224937439, 34.2842636108, 34.9460296631, 35.6194114685, 36.2811775208, 36.9429473877, 37.5814971924, 38.2200431824, 38.8353729248, 39.427482605, 40.0079803467, 40.5652618408, 41.134147644, 41.6101570129, 42.0977783203, 42.585395813, 43.0614051819, 43.5374145508, 44.0134239197, 44.4894332886, 44.9770507812, 45.4762802124, 45.9755096436, 46.4863471985, 47.0087966919, 47.6705665588, 48.3091163635, 48.9476623535, 49.5746040344, 50.2247619629, 50.8749198914, 51.513469696, 52.1752357483, 52.8253974915, 53.4639434814, 54.1141014099, 54.7526512146, 55.4028091431, 56.0413589478, 56.6799087524, 57.3300666809, 57.9802246094, 58.6303825378, 59.280544281, 59.9307022095, 60.5808601379, 61.2426300049, 61.9043960571, 62.5429458618, 63.1931037903, 63.831653595, 64.4818115234, 65.1319732666, 65.7821273804, 66.4322891235, 67.0243988037, 67.6281204224, 68.2318344116, 68.8355560303, 69.4392700195, 70.0546035767, 70.6583175659, 71.2852630615, 71.9238052368, 72.5623550415, 73.2009048462, 73.8394546509, 74.4547805786, 75.0701141357, 75.673828125, 76.2891616821, 76.9044876099, 77.5198135376, 78.1351470947, 78.7620849609, 79.3890228271, 80.0043487549, 80.6312942505, 81.2466201782, 81.861946106, 82.4772796631, 83.0926055908, 83.7079315186, 84.3348770142, 84.9734191895, 85.6003646851, 86.2389068604, 86.877456665, 87.5043945312, 88.1197280884, 88.7466659546, 89.3619918823, 89.9773254395, 90.6042633057, 91.2428131104, 91.8813552856, 92.5083007812, 93.1352386475, 93.7621765137, 94.4007263184, 95.039276123, 95.6662139893, 96.2931518555, 96.9084777832, 97.5238113403, 98.1391372681, 98.7660751343, 99.404624939, 100.043174744, 100.67011261, 101.297050476, 101.923988342, 102.562538147, 103.21269989, 103.874465942, 104.547843933, 105.221221924, 105.882987976, 106.521537781, 107.160087585, 107.810249329, 108.460403442, 109.098953247, 109.737503052, 110.364440918, 110.991378784, 111.629928589, 112.256866455, 112.883804321, 113.499137878, 114.126075745, 114.753013611, 115.379951477, 116.006889343, 116.633827209, 117.260765076, 117.864486694, 118.468208313, 119.048706055, 119.640815735, 120.209701538, 120.674102783, 121.138504028, 121.602897644, 122.044082642, 122.496871948, 122.926437378, 123.367614746, 123.797187805, 124.238365173, 124.679542542, 125.109115601, 125.53868103, 125.956642151, 126.397819519, 126.850608826, 127.291786194, 127.732971191, 128.220581055, 128.696594238, 129.288711548, 129.880813599, 130.472915649, 131.065032959, 131.680358887, 132.284072876, 132.876190186, 133.468292236, 134.060409546, 134.652511597, 135.256240845, 135.859954834, 136.440444946, 137.020950317, 137.613052368, 138.205169678, 138.808883667, 139.401000977, 139.96987915, 140.527160645, 141.107666016, 141.688156128, 142.268661499, 142.849151611, 143.429656982, 144.010162354, 144.590652466, 145.159545898, 145.728439331, 146.297317505, 146.866210938, 147.423492432, 148.003982544, 148.584487915, 149.164993286, 149.745483398, 150.337600708, 150.929702759, 151.498596191, 152.090698242, 152.671203613, 153.263305664, 153.855422974, 154.447525024, 155.039627075, 155.620132446, 156.200637817, 156.78112793, 157.361633301, 157.942123413, 158.522628784, 159.091522217, 159.660400391, 160.240905762, 160.821395874, 161.401901245, 162.005615234, 162.609344482, 163.189834595, 163.781951904, 164.374053955, 164.966171265, 165.558273315, 166.138778687, 166.719268799, 167.311386108, 167.903488159, 168.49559021, 169.08770752, 169.691421509, 170.306747437, 170.933700562, 171.537414551, 172.152740479, 172.744842529, 173.336959839, 173.917449951, 174.497955322, 175.090057373, 175.670562744, 176.251068115, 176.831558228, 177.412063599, 177.992553711, 178.561447144, 179.141952515, 179.745666504, 180.326171875, 180.906661987, 181.498779297, 182.090881348, 182.682983398, 183.275100708, 183.85559082, 184.436096191, 185.016601562, 185.585479736, 186.154373169, 186.73487854, 187.315368652, 187.895874023, 188.487976074, 189.103302002, 189.730239868, 190.39201355, 191.030563354, 191.657501221, 192.284439087, 192.922988892, 193.561538696, 194.200088501, 194.838638306, 195.47718811, 196.127349854, 196.777496338, 197.427658081, 198.077819824, 198.70475769, 199.331695557, 199.970245361, 200.597183228, 201.224121094, 201.85105896, 202.466384888, 203.081726074, 203.697052002, 204.31237793, 204.939315796, 205.577865601, 206.193191528, 206.808517456, 207.423858643, 208.074005127, 208.72416687, 209.351104736, 209.978042603, 210.604980469, 211.231918335, 211.858856201, 212.497406006, 213.135955811, 213.774505615, 214.41305542, 215.051605225, 215.690155029, 216.328704834, 216.978866577, 217.617416382, 218.255966187, 218.894515991, 219.521453857, 220.148391724, 220.77532959, 221.402267456, 222.029205322, 222.64453125, 223.259857178, 223.875183105, 224.490524292, 225.117462158, 225.744400024, 226.359725952, 226.97505188, 227.590377808, 228.205703735, 228.809432983, 229.413146973, 230.016860962, 230.62059021, 231.224304199, 231.828018188, 232.420135498, 233.035461426, 233.650787354, 234.242904663, 234.846618652, 235.450332642, 236.05406189, 236.657775879, 237.261489868, 237.876815796, 238.492156982, 239.119094849, 239.746032715, 240.372970581, 240.988296509], "beats_loudness": {"dmean2": 0.101231619716, "median": 0.0427771285176, "min": 0, "dvar2": 0.00965120084584, "dvar": 0.00368318543769, "dmean": 0.0570044666529, "max": 0.403761386871, "var": 0.0044216462411, "mean": 0.0652010217309}, "danceability": 1.21281480789, "bpm_histogram_second_peak_weight": {"dmean2": 0, "median": 0.111111111939, "min": 0.111111111939, "dvar2": 0, "dvar": 0, "dmean": 0, "max": 0.111111111939, "var": 0, "mean": 0.111111111939}, "beats_count": 397, "bpm_histogram_second_peak_bpm": {"dmean2": 0, "median": 103, "min": 103, "dvar2": 0, "dvar": 0, "dmean": 0, "max": 103, "var": 0, "mean": 103}, "bpm_histogram_first_peak_spread": {"dmean2": 0, "median": 0.722689032555, "min": 0.722689032555, "dvar2": 0, "dvar": 0, "dmean": 0, "max": 0.722689032555, "var": 0, "mean": 0.722689032555}, "beats_loudness_band_ratio": {"dmean2": [0.3180975914, 0.287059575319, 0.0882312655449, 0.0350855663419, 0.0203887168318, 0.155449613929], "median": [0.720292925835, 0.120290830731, 0.0183321479708, 0.0047502592206, 0.00164153496735, 0.114071659744], "min": [0, 0, 0, 0, 0, 0], "dvar2": [0.0682813972235, 0.066033102572, 0.0184853188694, 0.00662463577464, 0.002076898003, 0.0254715587944], "dvar": [0.0255914554, 0.0243002604693, 0.00708116544411, 0.00263066543266, 0.000717644637916, 0.00907732639462], "dmean": [0.186767458916, 0.163417741656, 0.0502466186881, 0.0191936716437, 0.0108676906675, 0.0885427296162], "max": [0.96235960722, 0.757736861706, 0.543718516827, 0.666652739048, 0.324557095766, 0.695575356483], "var": [0.0419129244983, 0.0316932462156, 0.00599773833528, 0.00226888526231, 0.000436461996287, 0.00880569126457], "mean": [0.661656975746, 0.184673473239, 0.0442637056112, 0.0158656034619, 0.00811935402453, 0.132199913263]}}, "lowlevel": {"barkbands_spread": {"dmean2": 3.76155853271, "median": 2.96742320061, "min": 0.136020168662, "dvar2": 33.2355537415, "dvar": 14.0617780685, "dmean": 2.3102376461, "max": 91.378288269, "var": 31.9378490448, "mean": 4.79231834412}, "melbands_spread": {"dmean2": 2.97038578987, "median": 2.28111124039, "min": 0.167549774051, "dvar2": 28.5129375458, "dvar": 11.8029403687, "dmean": 1.82903456688, "max": 167.704025269, "var": 270.639892578, "mean": 5.43714189529}, "hfc": {"dmean2": 104.148017883, "median": 62.321018219, "min": 1.09421125642e-16, "dvar2": 48511.2148438, "dvar": 22469.0820312, "dmean": 69.0455474854, "max": 5267.78759766, "var": 40841.5742188, "mean": 123.312660217}, "barkbands_kurtosis": {"dmean2": 39.2993240356, "median": 30.0100669861, "min": -1.56617581844, "dvar2": 2919.42236328, "dvar": 1131.19616699, "dmean": 23.9748134613, "max": 743.595092773, "var": 2126.1496582, "mean": 42.9184150696}, "gfcc": {"mean": [-126.923088074, 125.396934509, -38.952419281, 13.1918497086, -17.6391162872, -10.1427869797, -13.1068162918, -12.582608223, -8.98528575897, -12.5757732391, -10.5288124084, -8.02320957184, -6.57562494278], "icov": [[0.000100060584373, -0.000364941661246, 0.000420500873588, -0.000520229164977, 0.000500746537, -0.0004405247455, 0.00026607219479, 3.82982361771e-05, -0.000210025798879, 0.000430599495303, -0.000208806537557, 0.000211916412809, 0.000154144960106], [-0.000364941661246, 0.00347845489159, -0.00189688324463, 0.00219732546248, -0.00127768167295, 0.00191269093193, -0.00114889559336, 0.00145161501132, -0.000970827240963, 0.00128603400663, -0.00182033411693, 0.00227540079504, -0.00238843425177], [0.000420500873588, -0.00189688324463, 0.00447191903368, -0.00371981295757, 0.0031115480233, -0.00346527365036, 0.000718527589925, 0.00090734224068, -0.000839239917696, 0.00290595227852, -0.00424606259912, 0.00485913921148, -0.00179927912541], [-0.000520229164977, 0.00219732546248, -0.00371981295757, 0.0100123481825, -0.00662714382634, 0.00287720025517, -0.00181185977999, -0.00178159784991, 0.00447514792904, -0.00667166430503, 0.00690412800759, -0.00695549231023, 0.00448540551588], [0.000500746537, -0.00127768167295, 0.0031115480233, -0.00662714382634, 0.0138912796974, -0.00576934218407, -0.00194752728567, 0.00429812679067, -0.00881613790989, 0.00991688389331, -0.00867523439229, 0.00798452366143, -0.00459909066558], [-0.0004405247455, 0.00191269093193, -0.00346527365036, 0.00287720025517, -0.00576934218407, 0.0139293065295, -0.00363410264254, -0.00630514556542, 0.0107484068722, -0.00927282404155, 0.00575933838263, -0.00206572655588, 0.000576180056669], [0.00026607219479, -0.00114889559336, 0.000718527589925, -0.00181185977999, -0.00194752728567, -0.00363410264254, 0.0139382071793, -0.00166330032516, -0.00871060602367, 0.00831263232976, -0.00153122248594, -0.00504696881399, 0.00341109838337], [3.82982361771e-05, 0.00145161501132, 0.00090734224068, -0.00178159784991, 0.00429812679067, -0.00630514556542, -0.00166330032516, 0.0166752152145, -0.00689487997442, -0.00040453573456, -0.00255265343003, 0.00575834186748, -0.00721042929217], [-0.000210025798879, -0.000970827240963, -0.000839239917696, 0.00447514792904, -0.00881613790989, 0.0107484068722, -0.00871060602367, -0.00689487997442, 0.0297955255955, -0.0207435972989, 0.00781937036663, -0.00433234963566, 0.00500821974128], [0.000430599495303, 0.00128603400663, 0.00290595227852, -0.00667166430503, 0.00991688389331, -0.00927282404155, 0.00831263232976, -0.00040453573456, -0.0207435972989, 0.04184474051, -0.0269384812564, 0.008056092076, -0.00169484899379], [-0.000208806537557, -0.00182033411693, -0.00424606259912, 0.00690412800759, -0.00867523439229, 0.00575933838263, -0.00153122248594, -0.00255265343003, 0.00781937036663, -0.0269384812564, 0.0440089069307, -0.0214370172471, 0.0053379307501], [0.000211916412809, 0.00227540079504, 0.00485913921148, -0.00695549231023, 0.00798452366143, -0.00206572655588, -0.00504696881399, 0.00575834186748, -0.00433234963566, 0.008056092076, -0.0214370172471, 0.0337544567883, -0.0141828246415], [0.000154144960106, -0.00238843425177, -0.00179927912541, 0.00448540551588, -0.00459909066558, 0.000576180056669, 0.00341109838337, -0.00721042929217, 0.00500821974128, -0.00169484899379, 0.0053379307501, -0.0141828246415, 0.0266505219042]], "cov": [[27029.3652344, 1719.01538086, -1184.01733398, 169.713790894, -586.514526367, -78.5152282715, -471.626983643, -250.213043213, -278.333709717, -302.739257812, -295.112792969, -228.836013794, -247.246948242], [1719.01538086, 887.311584473, 171.656646729, -151.62071228, 22.4642047882, -118.233024597, -10.0081100464, -115.781318665, 5.17309236526, -96.9765777588, -10.2087612152, -91.1441040039, 29.4753952026], [-1184.01733398, 171.656646729, 627.753295898, 60.6913375854, 13.4437093735, 111.664031982, -17.2489204407, 11.1289224625, -58.9512710571, -13.3111190796, 4.38122415543, -71.4719619751, 30.84258461], [169.713790894, -151.62071228, 60.6913375854, 251.073181152, 73.366569519, 61.4941177368, 47.6903381348, 26.5266571045, 1.60858881474, 18.6446990967, -3.54826045036, 23.6972732544, -26.1196613312], [-586.514526367, 22.4642047882, 13.4437093735, 73.366569519, 199.198562622, 17.7096881866, 96.7425384521, -4.64130687714, 53.8534622192, -12.544005394, 11.9735517502, 3.2241973877, 2.7196803093], [-78.5152282715, -118.233024597, 111.664031982, 61.4941177368, 17.7096881866, 187.230117798, 9.62439727783, 66.9735641479, -41.9716835022, 19.3463096619, -6.66336488724, -8.06911754608, 9.10175037384], [-471.626983643, -10.0081100464, -17.2489204407, 47.6903381348, 96.7425384521, 9.62439727783, 161.861801147, 18.7912788391, 64.7425537109, -3.23994207382, 14.9971294403, 30.9885387421, -5.39151620865], [-250.213043213, -115.781318665, 11.1289224625, 26.5266571045, -4.64130687714, 66.9735641479, 18.7912788391, 116.212997437, 20.9789199829, 39.6642303467, 11.3272409439, 8.02977657318, 14.7301073074], [-278.333709717, 5.17309236526, -58.9512710571, 1.60858881474, 53.8534622192, -41.9716835022, 64.7425537109, 20.9789199829, 110.290122986, 41.6845741272, 29.4895877838, 20.7932300568, -7.50290679932], [-302.739257812, -96.9765777588, -13.3111190796, 18.6446990967, -12.544005394, 19.3463096619, -3.23994207382, 39.6642303467, 41.6845741272, 87.453918457, 45.4826850891, 24.038187027, -1.00276970863], [-295.112792969, -10.2087612152, 4.38122415543, -3.54826045036, 11.9735517502, -6.66336488724, 14.9971294403, 11.3272409439, 29.4895877838, 45.4826850891, 65.6163711548, 36.4936294556, 8.66973686218], [-228.836013794, -91.1441040039, -71.4719619751, 23.6972732544, 3.2241973877, -8.06911754608, 30.9885387421, 8.02977657318, 20.7932300568, 24.038187027, 36.4936294556, 81.6559066772, 17.0457496643], [-247.246948242, 29.4753952026, 30.84258461, -26.1196613312, 2.7196803093, 9.10175037384, -5.39151620865, 14.7301073074, -7.50290679932, -1.00276970863, 8.66973686218, 17.0457496643, 61.701751709]]}, "spectral_energyband_middle_low": {"dmean2": 0.0124561404809, "median": 0.00741706835106, "min": 1.48411734248e-22, "dvar2": 0.000593521806877, "dvar": 0.000240069828578, "dmean": 0.00792467407882, "max": 0.304300278425, "var": 0.000427130318712, "mean": 0.0143871856853}, "melbands_crest": {"dmean2": 6.45815324783, "median": 18.2379989624, "min": 1.57861661911, "dvar2": 31.0815238953, "dvar": 11.5764522552, "dmean": 3.89936614037, "max": 38.8612785339, "var": 31.7073345184, "mean": 18.6409416199}, "spectral_kurtosis": {"dmean2": 18.8051586151, "median": 15.6976165771, "min": -1.26357829571, "dvar2": 573.08807373, "dvar": 216.817352295, "dmean": 11.4023256302, "max": 190.451278687, "var": 286.728485107, "mean": 20.8079509735}, "spectral_rms": {"dmean2": 0.00233920756727, "median": 0.00511214183643, "min": 3.12116478496e-12, "dvar2": 8.84081237018e-06, "dvar": 4.15064732806e-06, "dmean": 0.00159532600082, "max": 0.0323628485203, "var": 1.35046293508e-05, "mean": 0.00549128418788}, "zerocrossingrate": {"dmean2": 0.059313017875, "median": 0.18017578125, "min": 0.0087890625, "dvar2": 0.00268865795806, "dvar": 0.00157841504551, "dmean": 0.0451214164495, "max": 0.623046875, "var": 0.00838140398264, "mean": 0.191183418036}, "silence_rate_60dB": {"dmean2": 0.107194311917, "median": 0, "min": 0, "dvar2": 0.107219427824, "dvar": 0.0507169365883, "dmean": 0.0535920076072, "max": 1, "var": 0.128293141723, "mean": 0.151157200336}, "erbbands_kurtosis": {"dmean2": 7.14080190659, "median": 3.32317495346, "min": -1.7642428875, "dvar2": 119.537712097, "dvar": 48.4670257568, "dmean": 4.40467214584, "max": 174.936904907, "var": 98.4584960938, "mean": 6.32057189941}, "erbbands": {"dmean2": [0.375559538603, 2.83412098885, 15.8952674866, 22.1359882355, 22.3413925171, 18.4406681061, 14.0303220749, 15.9322414398, 11.9864044189, 11.8427858353, 9.05554866791, 6.55432748795, 6.25799179077, 6.09721899033, 5.24441337585, 2.95108699799, 2.84698104858, 2.68693423271, 4.75429058075, 5.0029091835, 3.82058191299, 3.21626830101, 3.44548726082, 3.73358750343, 2.30663657188, 1.56170499325, 1.35080981255, 0.883530199528, 0.82414239645, 0.554280817509, 0.375399440527, 0.239229932427, 0.0706223770976, 0.0447100773454, 0.0281549245119, 0.01659440808, 0.0217785984278, 0.0133072063327, 0.00553786102682, 0.00346673396416], "median": [0.0764584839344, 0.902436435223, 3.57589411736, 7.19739198685, 6.91573095322, 5.72972726822, 3.99158453941, 2.64543867111, 2.00911355019, 1.76618695259, 1.48475122452, 1.32693493366, 1.04669332504, 0.894472241402, 0.867887437344, 0.59751355648, 0.447420865297, 0.387949556112, 0.411312252283, 0.382343292236, 0.282549232244, 0.211869493127, 0.182789057493, 0.167951002717, 0.11939381808, 0.0892090946436, 0.0726915746927, 0.0554717965424, 0.0456770844758, 0.0345260985196, 0.0256146471947, 0.0166855044663, 0.00939990021288, 0.00622259266675, 0.00409368146211, 0.00265974248759, 0.0019972382579, 0.0011270212708, 0.000767753634136, 0.00187543290667], "min": [6.41359251401e-23, 3.05106533244e-22, 1.17533842822e-21, 4.64799733218e-21, 5.99756794706e-21, 3.11194716848e-20, 3.74219578735e-20, 6.1280396136e-20, 1.25416517015e-19, 1.09341463806e-19, 1.1824586923e-19, 2.37714802544e-19, 3.2034407113e-19, 5.54868257106e-19, 4.69894732814e-19, 1.06436669159e-18, 1.41384439994e-18, 2.02802910668e-18, 2.27904119947e-18, 3.03380318337e-18, 3.39843535752e-18, 4.28885992496e-18, 5.36764116931e-18, 6.40471638075e-18, 6.58208375642e-18, 8.32672430076e-18, 9.21513447661e-18, 9.86364324968e-18, 1.1410246002e-17, 1.08527452943e-17, 1.22196604294e-17, 9.88005534021e-18, 9.24704214156e-18, 8.03996642499e-18, 6.68715802809e-18, 4.10192000166e-18, 2.33067567446e-18, 9.78548254e-19, 2.39560320039e-19, 2.67986323628e-20], "dvar2": [1.97232460976, 39.7296142578, 1447.62390137, 2000.10522461, 2194.66796875, 1999.01647949, 1547.27868652, 11453.8232422, 3933.68359375, 2335.0625, 1367.30761719, 513.911315918, 744.613891602, 759.28704834, 474.388916016, 75.1273117065, 88.8349914551, 64.8012924194, 525.47644043, 458.486602783, 467.341644287, 233.037261963, 204.397079468, 460.531494141, 192.736282349, 92.9120788574, 101.105682373, 18.055644989, 19.0552558899, 7.50727891922, 2.72444796562, 3.18137168884, 0.0284183900803, 0.00877405982465, 0.00345497950912, 0.00120869721286, 0.0146983955055, 0.00331907509826, 0.000677792413626, 6.09905400779e-05], "dvar": [0.717378795147, 14.8378448486, 560.185180664, 711.13293457, 966.113891602, 788.223022461, 613.868591309, 4056.1328125, 1472.94396973, 1188.91650391, 607.569580078, 216.665023804, 303.553161621, 409.820892334, 242.466583252, 32.2613296509, 35.7723655701, 29.1471767426, 228.138900757, 205.087112427, 214.524108887, 102.891990662, 81.7357635498, 197.259033203, 71.9032897949, 34.6889305115, 36.3107070923, 6.54092168808, 6.87338733673, 2.71041274071, 0.989737391472, 1.09275829792, 0.0109475301579, 0.00355377583764, 0.00140263116919, 0.000487466255436, 0.00520180026069, 0.00123699603137, 0.000256422121311, 2.75558795693e-05], "dmean": [0.219019412994, 1.70755445957, 9.79093456268, 13.093380928, 14.0609674454, 11.6109218597, 8.7029838562, 9.55006980896, 7.43055486679, 7.89002084732, 5.80327320099, 4.15595674515, 3.87808275223, 4.19532394409, 3.48625898361, 1.87295854092, 1.76385700703, 1.71657681465, 3.03438830376, 3.18831300735, 2.41514158249, 1.97540569305, 2.06284976006, 2.25954294205, 1.35759365559, 0.917645990849, 0.78404122591, 0.512795746326, 0.474198698997, 0.320442646742, 0.216682568192, 0.136132568121, 0.0418227389455, 0.0265967957675, 0.0167734045535, 0.00992003642023, 0.0126490909606, 0.00781769771129, 0.00335081620142, 0.00231966772117], "max": [40.838848114, 80.8779678345, 569.41986084, 522.724853516, 833.803588867, 843.970458984, 621.19140625, 2113.58349609, 1397.48010254, 1871.63659668, 859.999450684, 385.876861572, 744.822631836, 952.469238281, 939.087585449, 152.201843262, 154.135757446, 137.970581055, 615.143310547, 476.927520752, 903.364257812, 478.252166748, 168.60647583, 817.390686035, 366.38885498, 226.913696289, 271.523712158, 91.768447876, 85.9808120728, 61.448677063, 38.4783096313, 60.1896438599, 3.16414523125, 1.28114581108, 0.795515596867, 0.44769397378, 3.75846362114, 1.05509781837, 0.564768612385, 0.147305548191], "var": [0.530299901962, 19.0599403381, 806.492370605, 941.664001465, 2325.18481445, 1223.26599121, 785.921203613, 2913.11791992, 1273.06323242, 2783.69873047, 1156.56384277, 310.109375, 354.377166748, 856.978088379, 396.276763916, 43.6070137024, 35.7452507019, 38.6453437805, 278.473297119, 251.150344849, 229.585632324, 101.976905823, 69.4355392456, 191.507202148, 50.1088485718, 23.8663845062, 22.5694465637, 4.2715511322, 4.37208557129, 1.73700940609, 0.649108111858, 0.606988370419, 0.00972512271255, 0.00360287632793, 0.00143246469088, 0.000493337865919, 0.00317912991159, 0.000862772576511, 0.000188601014088, 4.15827271354e-05], "mean": [0.257454127073, 2.33137273788, 12.9333000183, 17.5488967896, 23.8453483582, 18.4750976562, 12.680688858, 12.0074138641, 9.55673980713, 11.8632421494, 8.22953224182, 5.73737621307, 4.6555352211, 5.85855531693, 4.32724809647, 2.32005357742, 1.96226716042, 2.0008058548, 3.36170721054, 3.35604643822, 2.4246764183, 1.82690858841, 1.77857983112, 1.90613102913, 1.10003256798, 0.740044891834, 0.60670375824, 0.405873775482, 0.362900316715, 0.249631360173, 0.172458529472, 0.106256254017, 0.0388610251248, 0.0251553170383, 0.0160767547786, 0.00970744993538, 0.0105003295466, 0.00652465503663, 0.00321315182373, 0.00385737977922]}, "spectral_strongpeak": {"dmean2": 3.23238348961, "median": 0.383110046387, "min": 0, "dvar2": 434.087402344, "dvar": 154.243377686, "dmean": 1.71756875515, "max": 360.912963867, "var": 113.464836121, "mean": 1.53600072861}, "spectral_energy": {"dmean2": 0.0382411777973, "median": 0.0267873425037, "min": 9.98521140583e-21, "dvar2": 0.00583740090951, "dvar": 0.00238656392321, "dmean": 0.0245830547065, "max": 1.07353794575, "var": 0.00376810110174, "mean": 0.0447502397001}, "average_loudness": 0.594500243664, "spectral_rolloff": {"dmean2": 11626.3544922, "median": 430.6640625, "min": 21.533203125, "dvar2": 213177104, "dvar": 86361056, "dmean": 5884.16259766, "max": 22050, "var": 91262328, "mean": 6492.00195312}, "spectral_centroid": {"dmean2": 188.498245239, "median": 273.118713379, "min": 103.714317322, "dvar2": 105453.375, "dvar": 48099.3085938, "dmean": 116.607086182, "max": 11754.4775391, "var": 1858887.75, "mean": 521.037841797}, "pitch_salience": {"dmean2": 0.154891610146, "median": 0.514600396156, "min": 0.0538441613317, "dvar2": 0.0171234961599, "dvar": 0.00663754018024, "dmean": 0.0940818414092, "max": 0.986363351345, "var": 0.018298342824, "mean": 0.502069056034}, "spectral_energyband_middle_high": {"dmean2": 0.000735416135285, "median": 0.000130407934193, "min": 1.20543974477e-21, "dvar2": 4.9081168072e-06, "dvar": 2.29727174883e-06, "dmean": 0.000485461583594, "max": 0.044181317091, "var": 3.38420682056e-06, "mean": 0.000620282022282}, "spectral_contrast_coeffs": {"dmean2": [0.0970024615526, 0.0827524960041, 0.0633087679744, 0.0571695640683, 0.0539905130863, 0.0539614260197], "median": [-0.632560431957, -0.779667139053, -0.845599353313, -0.873719215393, -0.883096575737, -0.848340988159], "min": [-0.979434609413, -0.984092116356, -0.975174725056, -0.98649585247, -0.971696376801, -0.965242624283], "dvar2": [0.00590080488473, 0.00452487776056, 0.0026067441795, 0.0021416512318, 0.00197584345005, 0.00410276046023], "dvar": [0.0023641414009, 0.00177284155507, 0.00105135433841, 0.000892241543625, 0.000851798569784, 0.00178248726297], "dmean": [0.0599353611469, 0.0510774701834, 0.0389551259577, 0.0357138775289, 0.0339333415031, 0.0337169244885], "max": [-0.277380764484, -0.402663648129, -0.526838898659, -0.544340014458, -0.611569523811, -0.459290713072], "var": [0.0119611388072, 0.00626919418573, 0.00372731778771, 0.00322883948684, 0.00294731860049, 0.00312906736508], "mean": [-0.636265099049, -0.773014843464, -0.838758707047, -0.86945027113, -0.881516814232, -0.831244587898]}, "melbands_skewness": {"dmean2": 2.11937355995, "median": 3.64145851135, "min": -1.81689953804, "dvar2": 4.26888608932, "dvar": 1.58425295353, "dmean": 1.31052601337, "max": 21.9771823883, "var": 4.4206905365, "mean": 3.88886380196}, "spectral_spread": {"dmean2": 1499891.875, "median": 3754301.25, "min": 814971.0625, "dvar2": 1721764806660.0, "dvar": 703977422848, "dmean": 913001.125, "max": 42658560, "var": 22450349801500.0, "mean": 4312672}, "dissonance": {"dmean2": 0.0556565448642, "median": 0.444187760353, "min": 0, "dvar2": 0.00260328222066, "dvar": 0.00099608162418, "dmean": 0.0337242186069, "max": 0.500000178814, "var": 0.00206958502531, "mean": 0.434970825911}, "spectral_skewness": {"dmean2": 1.47547256947, "median": 3.0822327137, "min": -0.086652725935, "dvar2": 2.36480617523, "dvar": 0.896752595901, "dmean": 0.912300825119, "max": 11.9976301193, "var": 1.74912309647, "mean": 3.35948181152}, "spectral_flux": {"dmean2": 0.0666063204408, "median": 0.0800821557641, "min": 6.34312394276e-11, "dvar2": 0.00681940512732, "dvar": 0.00311183487065, "dmean": 0.0423770323396, "max": 0.971106886864, "var": 0.00628218334168, "mean": 0.0981076359749}, "spectral_contrast_valleys": {"dmean2": [0.788936793804, 0.797685265541, 0.845133662224, 0.973860085011, 1.12005221844, 1.2441598177], "median": [-6.76922559738, -7.13575935364, -8.06045532227, -8.7047586441, -8.92304420471, -11.4377498627], "min": [-28.125213623, -28.3562431335, -27.8845405579, -27.8991966248, -27.4871063232, -27.4433784485], "dvar2": [0.456415504217, 0.47927954793, 0.529917895794, 0.697212576866, 0.907295584679, 1.05430626869], "dvar": [0.232436358929, 0.237708091736, 0.253308534622, 0.314691901207, 0.389919698238, 0.420713663101], "dmean": [0.507623553276, 0.516851305962, 0.546014249325, 0.625894606113, 0.716297745705, 0.786185503006], "max": [-4.6246714592, -4.02950811386, -5.66741943359, -6.09064435959, -5.71914720535, -8.69766044617], "var": [7.48199367523, 7.30207824707, 6.69662094116, 6.41942405701, 6.39392328262, 5.20130729675], "mean": [-7.26972961426, -7.58018445969, -8.48564720154, -9.08021354675, -9.26414680481, -11.806473732]}, "erbbands_flatness_db": {"dmean2": 0.0653170272708, "median": 0.166828617454, "min": 0.0367578491569, "dvar2": 0.00310435076244, "dvar": 0.00121906364802, "dmean": 0.041048515588, "max": 0.421492427588, "var": 0.00338919973001, "mean": 0.172646120191}, "spectral_energyband_high": {"dmean2": 0.000142913282616, "median": 1.29962591018e-05, "min": 7.02740821359e-21, "dvar2": 3.67171253401e-07, "dvar": 1.38275680683e-07, "dmean": 8.53301608004e-05, "max": 0.0116809587926, "var": 1.01542632081e-07, "mean": 7.50421459088e-05}, "spectral_entropy": {"dmean2": 0.82268089056, "median": 6.6038107872, "min": 3.77498340607, "dvar2": 0.499641805887, "dvar": 0.194284036756, "dmean": 0.515203535557, "max": 9.82697677612, "var": 0.685169100761, "mean": 6.59131526947}, "silence_rate_20dB": {"dmean2": 0.0115262698382, "median": 1, "min": 0, "dvar2": 0.0144668696448, "dvar": 0.00572947226465, "dmean": 0.0057625817135, "max": 1, "var": 0.00487377401441, "mean": 0.995102286339}, "melbands_flatness_db": {"dmean2": 0.0969280675054, "median": 0.390310198069, "min": 0.00274702697061, "dvar2": 0.00648085214198, "dvar": 0.00248452625237, "dmean": 0.0606419667602, "max": 0.727921366692, "var": 0.00933614652604, "mean": 0.38959440589}, "barkbands": {"dmean2": [0.00303281284869, 0.01201843936, 0.0169478412718, 0.00606436049566, 0.00611045118421, 0.00187237956561, 0.000872058270033, 0.000403468176955, 0.000297258404316, 0.000204446914722, 0.000138034141855, 7.46287842048e-05, 6.04771594226e-05, 5.7962617575e-05, 0.000104800848931, 7.66043376643e-05, 6.54507603031e-05, 6.6070286266e-05, 5.62861314393e-05, 3.47179047822e-05, 2.6849193091e-05, 2.20777965296e-05, 1.36485587063e-05, 7.0553292062e-06, 3.97235680794e-06, 9.13139228942e-06, 6.48205968901e-05], "median": [0.000286871625576, 0.00344205042347, 0.00332299224101, 0.00178574270103, 0.00204341369681, 0.000355067895725, 0.000132074084831, 5.79160005145e-05, 5.6829474488e-05, 2.7423229767e-05, 1.88001304195e-05, 1.40401543831e-05, 8.644292393e-06, 7.08209745426e-06, 7.66417269915e-06, 5.38510448678e-06, 3.67610755347e-06, 3.19466312249e-06, 2.78468201032e-06, 1.86397596735e-06, 1.61349464634e-06, 1.25751193991e-06, 9.29123757487e-07, 6.67846109081e-07, 5.59272336886e-07, 9.98042764877e-07, 6.57004602544e-06], "min": [2.32401060432e-25, 2.20221802403e-24, 9.96167043011e-25, 4.61457202714e-25, 8.06760080274e-24, 5.56265267317e-24, 5.40875182701e-24, 4.39837562416e-24, 1.13502332562e-23, 1.73729038554e-23, 8.34435687412e-24, 2.37115069362e-23, 2.98182890405e-23, 2.69199793649e-23, 3.41415339465e-23, 4.63213285975e-23, 6.66448499175e-23, 8.74206756815e-23, 1.21362955985e-22, 1.71752449737e-22, 2.1459356699e-22, 3.02345343371e-22, 4.01499731794e-22, 5.61087403636e-22, 8.52337424686e-22, 1.30750183663e-21, 1.89945225567e-21], "dvar2": [0.000208389523323, 0.000902097788639, 0.00160086166579, 0.000144569639815, 0.000180418472155, 0.000113671216241, 1.30988519231e-05, 2.8234758247e-06, 1.04136233858e-06, 8.19559318188e-07, 3.68940419548e-07, 5.02201729091e-08, 4.09520666267e-08, 3.71436712499e-08, 2.40622739511e-07, 1.53716896989e-07, 1.72151317201e-07, 9.73567750862e-08, 1.08775523699e-07, 4.76803556637e-08, 2.94801427714e-08, 1.25825261321e-08, 3.47530515477e-09, 1.94124472053e-09, 6.91707177647e-11, 1.51900358958e-09, 5.75958409854e-08], "dvar": [8.17172185634e-05, 0.000333823059918, 0.000616846955381, 5.11793805344e-05, 7.80092814239e-05, 4.06259132433e-05, 5.59714044357e-06, 1.21303048672e-06, 4.48204843906e-07, 3.96803756075e-07, 1.93086705735e-07, 2.15422844008e-08, 1.6431139116e-08, 1.6457990526e-08, 1.07711663588e-07, 6.48325979569e-08, 8.08050657497e-08, 3.82419855782e-08, 4.57234214934e-08, 1.77921641864e-08, 1.05894972791e-08, 4.56368942636e-09, 1.26323784766e-09, 6.66864674592e-10, 2.80349840565e-11, 5.4804444316e-10, 2.41344544349e-08], "dmean": [0.0018081049202, 0.00716463150457, 0.0103459553793, 0.00355575280264, 0.00392639404163, 0.00113150896505, 0.000566722883377, 0.000254317419603, 0.00018691837613, 0.000134946938488, 9.15630153031e-05, 4.69076258014e-05, 3.71245041606e-05, 3.71347086912e-05, 6.64920953568e-05, 4.81306778966e-05, 4.00590834033e-05, 3.95087081415e-05, 3.37824458256e-05, 2.03479758056e-05, 1.55980505951e-05, 1.27116854856e-05, 7.89223395259e-06, 4.0553341023e-06, 2.36367418438e-06, 5.35479875907e-06, 4.08265150327e-05], "max": [0.360882639885, 0.635939121246, 0.66336196661, 0.151217713952, 0.225674659014, 0.191860482097, 0.0848173946142, 0.0326900482178, 0.0237299408764, 0.024183889851, 0.026767520234, 0.00519550032914, 0.00294859311543, 0.00422584172338, 0.0133860493079, 0.0121177872643, 0.0188941117376, 0.0054046981968, 0.01252178289, 0.00429321732372, 0.00431562634185, 0.00247430778109, 0.00125434808433, 0.001484