{"tonal": {"thpcp": [1, 0.716353237629, 0.319323331118, 0.266598165035, 0.25348341465, 0.534081399441, 0.76391351223, 0.474923849106, 0.193207234144, 0.155075803399, 0.173740848899, 0.487822949886, 0.745654404163, 0.546929299831, 0.593923568726, 0.811033606529, 0.507717192173, 0.177647456527, 0.126170739532, 0.151716768742, 0.465980440378, 0.754861831665, 0.47627261281, 0.174305021763, 0.173633754253, 0.222704038024, 0.558153092861, 0.838818907738, 0.569732069969, 0.666906476021, 0.919075191021, 0.537152171135, 0.284738868475, 0.329636275768, 0.310973733664, 0.589127182961], "hpcp": {"dmean2": [0.133831202984, 0.122485347092, 0.0725146383047, 0.0726740732789, 0.0868873521686, 0.126214489341, 0.160725176334, 0.154241174459, 0.153542861342, 0.137369394302, 0.145680472255, 0.117439925671, 0.114526472986, 0.121247917414, 0.168155640364, 0.202068731189, 0.19717811048, 0.142698407173, 0.118115991354, 0.113980844617, 0.153729468584, 0.161152228713, 0.14103077352, 0.105327740312, 0.0850633084774, 0.084999255836, 0.141230121255, 0.171444743872, 0.167094394565, 0.170559450984, 0.159653931856, 0.129937961698, 0.0840113535523, 0.0678430274129, 0.0736376494169, 0.109167456627], "median": [0.0227261353284, 0.0170827880502, 0.00925265066326, 0.00521950144321, 0.00644991593435, 0.0224204473197, 0.0355954952538, 0.0355769880116, 0.0246623009443, 0.0208011344075, 0.0195144452155, 0.0138275334612, 0.0101840542629, 0.0101918587461, 0.0265854932368, 0.0413222685456, 0.0306231770664, 0.00926742795855, 0.00413733813912, 0.00546630565077, 0.0192576330155, 0.0310732666403, 0.0189727768302, 0.00484677636996, 0.00255533284508, 0.00360575085506, 0.0116580454633, 0.0214297492057, 0.0240814778954, 0.0373803302646, 0.0412280298769, 0.019926995039, 0.00605978816748, 0.00436014076695, 0.00561034074053, 0.0157019291073], "min": [0, 0, 0, 0, 0, 0, 0, 0, 0, 0, 0, 0, 0, 0, 0, 0, 0, 0, 0, 0, 0, 0, 0, 0, 0, 0, 0, 0, 0, 0, 0, 0, 0, 0, 0, 0], "dvar2": [0.0642868429422, 0.0538443550467, 0.0329674482346, 0.0395171046257, 0.0513742044568, 0.0531748719513, 0.0757187306881, 0.0614394359291, 0.0741664469242, 0.0700653418899, 0.0708563029766, 0.0655422508717, 0.0568149425089, 0.0699638128281, 0.0854503437877, 0.106880448759, 0.103145197034, 0.0844847634435, 0.0755488574505, 0.0669497251511, 0.0890156328678, 0.0856066048145, 0.072364218533, 0.0665230602026, 0.0572939813137, 0.0483591221273, 0.0812300220132, 0.0899684131145, 0.0808866173029, 0.084234572947, 0.0760874003172, 0.0608339644969, 0.042230784893, 0.0410224944353, 0.0422931089997, 0.0530304573476], "dvar": [0.0290098339319, 0.0213603675365, 0.0122526213527, 0.0148231452331, 0.0188741013408, 0.0212170053273, 0.0324208922684, 0.0242495145649, 0.026951212436, 0.0293536707759, 0.0265688616782, 0.023774323985, 0.0218929070979, 0.0257423482835, 0.0328987911344, 0.0459149293602, 0.0408676788211, 0.0314492993057, 0.0282423999161, 0.0243474543095, 0.0328612923622, 0.0346096083522, 0.0278528425843, 0.023185569793, 0.020876057446, 0.0182735417038, 0.030880222097, 0.0363765247166, 0.0311666633934, 0.0321504659951, 0.0314872637391, 0.0238454714417, 0.0150662688538, 0.0138166015968, 0.0146752567962, 0.020121442154], "dmean": [0.0814878046513, 0.0739635676146, 0.0410884357989, 0.0408478043973, 0.0493304207921, 0.076190777123, 0.0975956022739, 0.0931709036231, 0.0884286388755, 0.0808529704809, 0.0837632417679, 0.0662980377674, 0.0663569569588, 0.0679094269872, 0.098415017128, 0.119533732533, 0.115304842591, 0.0803276002407, 0.0655817165971, 0.0648074224591, 0.0890782624483, 0.0964566990733, 0.0826150253415, 0.0573076531291, 0.0460686050355, 0.0480619296432, 0.0826967358589, 0.101507849991, 0.0981868356466, 0.100420996547, 0.0940868332982, 0.0772685334086, 0.0467672348022, 0.0368648953736, 0.0402341149747, 0.0644613280892], "max": [1, 1, 1, 1, 1, 1, 1, 1, 1, 1, 1, 1, 1, 1, 1, 1, 1, 1, 1, 1, 1, 1, 1, 1, 1, 1, 1, 1, 1, 1, 1, 1, 1, 1, 1, 1], "var": [0.0947469770908, 0.0398271270096, 0.0103394789621, 0.0144763076678, 0.0230077560991, 0.0509939752519, 0.0962806269526, 0.0433592237532, 0.0661872774363, 0.121465675533, 0.0442695654929, 0.024725208059, 0.0292233377695, 0.028864948079, 0.0515911094844, 0.119672454894, 0.0705424919724, 0.028611894697, 0.0294216610491, 0.0237140338868, 0.0553013123572, 0.0878104045987, 0.0420647338033, 0.0167228467762, 0.0166016854346, 0.0162574760616, 0.0459245592356, 0.0837203934789, 0.0472813211381, 0.0497551448643, 0.0937253981829, 0.0460123158991, 0.012746903114, 0.00863981153816, 0.0119552752003, 0.0445337109268], "mean": [0.174344137311, 0.110000707209, 0.0402577742934, 0.0401027388871, 0.0514360927045, 0.128911957145, 0.193735003471, 0.131586253643, 0.154029816389, 0.212271124125, 0.12406155467, 0.0657637566328, 0.0761333405972, 0.0718230083585, 0.136065781116, 0.23096165061, 0.165450125933, 0.0737514421344, 0.0615739524364, 0.0585449449718, 0.123352326453, 0.176434725523, 0.109689198434, 0.0446234606206, 0.035816565156, 0.0401274748147, 0.112668395042, 0.172217577696, 0.126319691539, 0.137173563242, 0.18731765449, 0.117263197899, 0.0410297513008, 0.0291406027973, 0.0350407548249, 0.107623614371]}, "tuning_equal_tempered_deviation": 0.00376913952641, "chords_changes_rate": 0.0537949390709, "key_key": "G", "tuning_diatonic_strength": 0.592451453209, "key_scale": "major", "chords_number_rate": 0.00266311573796, "tuning_frequency": 439.238189697, "tuning_nontempered_energy_ratio": 0.665978848934, "chords_histogram": [12.2503328323, 11.1051931381, 20.5592536926, 2.15712380409, 6.4713716507, 0.346205055714, 0, 0.0266311578453, 10.8655128479, 0.639147818089, 0.95872169733, 0.665778934956, 0, 0, 0.0266311578453, 1.06524634361, 0, 0.585885465145, 0, 0.0532623156905, 0.0798934772611, 9.18774986267, 18.6151790619, 4.34087896347], "key_strength": 0.80236274004, "chords_key": "D", "chords_strength": {"dmean2": 0.00913042575121, "median": 0.533247947693, "min": -1, "dvar2": 0.00112879858352, "dvar": 0.000615400320385, "dmean": 0.0121494131163, "max": 0.797236561775, "var": 0.055424682796, "mean": 0.505583703518}, "chords_scale": "major", "hpcp_entropy": {"dmean2": 1.00074863434, "median": 1.66616749763, "min": 0, "dvar2": 0.695738136768, "dvar": 0.266215622425, "dmean": 0.589809536934, "max": 3.93882656097, "var": 0.578097522259, "mean": 1.60512554646}}, "metadata": {"audio_properties": {"equal_loudness": 0, "codec": "flac", "downmix": "mix", "sample_rate": 44100, "analysis_sample_rate": 44100, "bit_rate": 0, "md5_encoded": "e770bbe4fcdd9e23d4f5e7c2baea4e95", "length": 174.293334961, "replay_gain": -10.0237121582, "lossless": true}, "version": {"essentia_build_sha": "2d9f1f26377add8aeb1075a9c2973f962c4f09fd", "essentia": "2.1-beta2", "extractor": "music 1.0", "essentia_git_sha": "v2.1_beta2-1-ge3940c0"}, "tags": {"title": ["House Of Ten"], "barcode": ["636551611121"], "media": ["CD"], "albumartist": ["The Pretty Things"], "tracktotal": ["19"], "musicbrainz_releasegroupid": ["307d5b80-5ede-3576-8f11-fd75982bf3cd"], "releasetype": ["album"], "musicbrainz_recordingid": ["d3245582-c74f-4952-bb76-7be37d080407"], "musicbrainz_albumartistid": ["07deede6-db1d-4ede-b19e-5d46df592841"], "discnumber": ["1"], "album": ["Emotions"], "catalognumber": ["SDPCD 111"], "releasecountry": ["GB"], "file_name": "05 - House Of Ten.flac", "date": ["1998-04-27"], "genre": ["Rock & Roll"], "disctotal": ["1"], "musicbrainz_artistid": ["07deede6-db1d-4ede-b19e-5d46df592841"], "originaldate": ["1967-05"], "musicbrainz_albumid": ["f7b587aa-620a-4576-8e4c-1b8e5171490d"], "artist": ["The Pretty Things"], "artistsort": ["Pretty Things, The"], "tracknumber": ["5"], "label": ["Snapper Music"], "albumartistsort": ["Pretty Things, The"], "acoustid_id": ["8a9b8870-9ba6-4264-ba32-018d30fab46f"], "script": ["Latn"], "releasestatus": ["official"]}}, "rhythm": {"bpm_histogram_first_peak_bpm": {"dmean2": 0, "median": 108, "min": 108, "dvar2": 0, "dvar": 0, "dmean": 0, "max": 108, "var": 0, "mean": 108}, "bpm": 108.634689331, "bpm_histogram_second_peak_spread": {"dmean2": 0, "median": 0.363636344671, "min": 0.363636344671, "dvar2": 0, "dvar": 0, "dmean": 0, "max": 0.363636344671, "var": 0, "mean": 0.363636344671}, "bpm_histogram_first_peak_weight": {"dmean2": 0, "median": 0.440894573927, "min": 0.440894573927, "dvar2": 0, "dvar": 0, "dmean": 0, "max": 0.440894573927, "var": 0, "mean": 0.440894573927}, "onset_rate": 3.34457373619, "beats_position": [0.53405892849, 1.09133780003, 1.64861679077, 2.19428563118, 2.73995471001, 3.30884337425, 3.86612248421, 4.41179132462, 4.95746040344, 5.50312900543, 6.06040811539, 6.6176867485, 7.18657588959, 7.75546455383, 8.32435321808, 8.893242836, 9.45052146912, 10.0078001022, 10.5650787354, 11.1223583221, 11.6796369553, 12.2369155884, 12.7941951752, 13.3514738083, 13.9087524414, 14.4660310745, 15.0233106613, 15.5805892944, 16.1262588501, 16.6835365295, 17.2292060852, 17.786485672, 18.3437633514, 18.9010429382, 19.458322525, 20.0156002045, 20.5728797913, 21.1185474396, 21.6642169952, 22.221496582, 22.7787742615, 23.3360538483, 23.8933334351, 24.4390010834, 24.984670639, 25.5303401947, 26.076007843, 26.6332874298, 27.1905670166, 27.747844696, 28.3051242828, 28.8624038696, 29.4080715179, 29.9537410736, 30.4994106293, 31.0450782776, 31.5907478333, 32.1248054504, 32.6704750061, 33.204536438, 33.750202179, 34.2958717346, 34.8415412903, 35.3872108459, 35.9444885254, 36.4901580811, 37.0358276367, 37.5698852539, 38.1155548096, 38.6612243652, 39.2068939209, 39.7525634766, 40.2982292175, 40.8438987732, 41.3779602051, 41.9120178223, 42.4576873779, 43.0033569336, 43.5374145508, 44.071472168, 44.6171417236, 45.1628112793, 45.6968688965, 46.2425384521, 46.7882080078, 47.3454856873, 47.9027671814, 48.4600448608, 49.0057144165, 49.5513839722, 50.1086616516, 50.6659393311, 51.2232208252, 51.7804985046, 52.3261680603, 52.8834457397, 53.4291152954, 53.9863929749, 54.5320625305, 55.08934021, 55.6350097656, 56.1922874451, 56.7495689392, 57.3068466187, 57.8641242981, 58.4214057922, 58.9670753479, 59.5243530273, 60.070022583, 60.6273002625, 61.1845779419, 61.741859436, 62.2875289917, 62.8331947327, 63.3904762268, 63.9477539063, 64.5050354004, 65.0623092651, 65.6312026978, 66.200088501, 66.7689819336, 67.3959197998, 68.0112457275, 68.6381835938, 69.26512146, 69.8456192017, 70.4145126343, 70.9833984375, 71.5755081177, 72.1676177979, 72.7481155396, 73.3053970337, 73.8626708984, 74.396736145, 74.9540100098, 75.4996795654, 76.0453491211, 76.5794067383, 77.1250762939, 77.6707458496, 78.2164154053, 78.7620849609, 79.2845306396, 79.8302001953, 80.375869751, 80.9215393066, 81.4672088623, 82.012878418, 82.5585479736, 83.1158294678, 83.6731033325, 84.2419967651, 84.7992706299, 85.356552124, 85.9138336182, 86.4595031738, 87.0051651001, 87.5508346558, 88.1081161499, 88.6537857056, 89.2110671997, 89.7683410645, 90.3256225586, 90.8712921143, 91.4169616699, 91.9742355347, 92.5315170288, 93.0887985229, 93.6460723877, 94.1917419434, 94.737411499, 95.2830810547, 95.8287506104, 96.3860321045, 96.9433059692, 97.5005874634, 98.046257019, 98.5919265747, 99.1375961304, 99.683265686, 100.228935242, 100.774604797, 101.331878662, 101.889160156, 102.44644165, 102.992103577, 103.537773132, 104.095054626, 104.652336121, 105.209609985, 105.766891479, 106.312561035, 106.858230591, 107.415504456, 107.97278595, 108.530067444, 109.087341309, 109.633010864, 110.190292358, 110.735961914, 111.28163147, 111.827301025, 112.38457489, 112.941856384, 113.499137878, 114.044807434, 114.59047699, 115.147750854, 115.69342041, 116.239089966, 116.79637146, 117.342041016, 117.887710571, 118.444984436, 119.00226593, 119.559547424, 120.10521698, 120.662490845, 121.231384277, 121.788658142, 122.345939636, 122.90322113, 123.437278748, 123.982948303, 124.540222168, 125.097503662, 125.666389465, 126.223670959, 126.780952454, 127.338226318, 127.895507813, 128.452789307, 128.986846924, 129.520904541, 130.054962158, 130.589019775, 131.134689331, 131.680358887, 132.226028442, 132.771697998, 133.317367554, 133.863037109, 134.408706665, 134.954376221, 135.500045776, 136.045715332, 136.591384888, 137.137054443, 137.682723999, 138.228393555, 138.762451172, 139.308120728, 139.853790283, 140.411056519, 140.956726074, 141.50239563, 142.048065186, 142.593734741, 143.151016235, 143.708297729, 144.265579224, 144.822860718, 145.380126953, 145.937408447, 146.494689941, 147.051971436, 147.60925293, 148.166534424, 148.723800659, 149.281082153, 149.838363647, 150.40725708, 150.987747192, 151.568252563, 152.079086304, 152.589935303, 153.135604858, 153.681274414, 154.226928711, 154.784210205, 155.341491699, 155.898773193, 156.456054688, 157.013336182, 157.570602417, 158.127883911, 158.673553467, 159.219223022, 159.776504517, 160.322174072, 160.867843628, 161.425125122, 161.982406616, 162.539672852, 163.096954346, 163.642623901, 164.199905396, 164.745574951, 165.302856445, 165.860137939, 166.417419434, 166.974685669, 167.543579102, 168.124084473, 168.704574585, 169.285079956, 169.877182007, 170.469299316, 170.991744995, 171.514190674, 172.036636353, 172.55909729, 173.081542969, 173.603988647], "beats_loudness": {"dmean2": 0.033151704818, "median": 0.0109912212938, "min": 9.96896343253e-10, "dvar2": 0.00288985180669, "dvar": 0.00100394245237, "dmean": 0.0182086993009, "max": 0.262805253267, "var": 0.000995322712697, "mean": 0.0222188942134}, "danceability": 0.975308835506, "bpm_histogram_second_peak_weight": {"dmean2": 0, "median": 0.022364217788, "min": 0.022364217788, "dvar2": 0, "dvar": 0, "dmean": 0, "max": 0.022364217788, "var": 0, "mean": 0.022364217788}, "beats_count": 314, "bpm_histogram_second_peak_bpm": {"dmean2": 0, "median": 103, "min": 103, "dvar2": 0, "dvar": 0, "dmean": 0, "max": 103, "var": 0, "mean": 103}, "bpm_histogram_first_peak_spread": {"dmean2": 0, "median": 0.522491335869, "min": 0.522491335869, "dvar2": 0, "dvar": 0, "dmean": 0, "max": 0.522491335869, "var": 0, "mean": 0.522491335869}, "beats_loudness_band_ratio": {"dmean2": [0.458063423634, 0.256071478128, 0.320409119129, 0.097474090755, 0.0578079707921, 0.129904940724], "median": [0.407519519329, 0.208975285292, 0.15721142292, 0.0406857170165, 0.0182247459888, 0.0113156400621], "min": [0.000255229882896, 0.000288457260467, 0.000572786258999, 0.000744254444726, 0.000633349001873, 0.000506959331688], "dvar2": [0.13041113317, 0.0410197786987, 0.098986633122, 0.0116841178387, 0.0038291264791, 0.0561138801277], "dvar": [0.0439357236028, 0.0176213849336, 0.0362921766937, 0.00382749945857, 0.00119596673176, 0.0190607309341], "dmean": [0.251906394958, 0.152546212077, 0.179998919368, 0.0542552918196, 0.0302316248417, 0.0675881654024], "max": [0.936286211014, 0.903102993965, 0.946731448174, 0.57862251997, 0.23323944211, 0.990930914879], "var": [0.0777480527759, 0.035290196538, 0.0531563982368, 0.00403752550483, 0.00105327682104, 0.0312298201025], "mean": [0.424186378717, 0.247205331922, 0.239907160401, 0.060582306236, 0.0285358093679, 0.0649500712752]}}, "lowlevel": {"barkbands_spread": {"dmean2": 5.57405471802, "median": 7.92287063599, "min": 0.754862904549, "dvar2": 113.027450562, "dvar": 55.6290130615, "dmean": 3.67451000214, "max": 141.379440308, "var": 183.041366577, "mean": 11.5025520325}, "melbands_spread": {"dmean2": 7.40582084656, "median": 8.89535140991, "min": 0.839787602425, "dvar2": 319.128723145, "dvar": 188.869644165, "dmean": 5.01478624344, "max": 257.189880371, "var": 881.521789551, "mean": 17.021528244}, "hfc": {"dmean2": 4.96372318268, "median": 2.68647241592, "min": 1.17889251505e-16, "dvar2": 283.325012207, "dvar": 162.401306152, "dmean": 3.69986796379, "max": 452.268615723, "var": 509.628417969, "mean": 9.17897129059}, "barkbands_kurtosis": {"dmean2": 7.11480093002, "median": 6.32784175873, "min": -1.92506575584, "dvar2": 121.5936203, "dvar": 49.5349578857, "dmean": 4.52493715286, "max": 148.444076538, "var": 313.437957764, "mean": 11.6417322159}, "gfcc": {"mean": [-122.730636597, 124.482780457, -108.500762939, 21.2430858612, -69.6556396484, 11.1761655807, -40.4076080322, 1.87134706974, -13.3849239349, -7.8347659111, -9.21264743805, -10.1423988342, -7.59975767136], "icov": [[0.000439116614871, -0.000928328488953, 0.000458433205495, -0.0010507684201, 0.00157412164845, -0.00092294550268, 0.000800084962975, -0.000625514658168, 0.000339975318639, -0.000321779254591, 3.48873909388e-05, -0.00019299624546, 0.000277172512142], [-0.000928328488953, 0.00258321524598, -0.000720819109119, 0.00213108048774, -0.00347586302087, 0.0018862427678, -0.00121344719082, 0.00102428463288, -0.000967246422078, 0.00180599337909, -0.00131385982968, 0.00159706582781, -0.00105673144571], [0.000458433205495, -0.000720819109119, 0.00281708524562, -0.00209245504811, 0.00104076729622, -0.001564363949, -5.61131819268e-05, -1.41258224176e-05, -0.001038174727, 0.00069914147025, 0.00022374127002, -0.0010537605267, 0.00140383385587], [-0.0010507684201, 0.00213108048774, -0.00209245504811, 0.00641896948218, -0.00333287636749, -0.000158933718922, -0.00141875783447, 0.00194578827359, 6.10868519288e-05, 0.000568053277675, -0.000236638516071, 0.000349204696249, -0.00143520964775], [0.00157412164845, -0.00347586302087, 0.00104076729622, -0.00333287636749, 0.00889555644244, -0.00273477705196, 0.000971081957687, -0.00242990651168, 0.00174205214716, -0.00150628795382, -0.000389064109186, -0.000811570847873, -0.00107064284384], [-0.00092294550268, 0.0018862427678, -0.001564363949, -0.000158933718922, -0.00273477705196, 0.00940149184316, -0.00272061349824, -0.00178433069959, 0.00100619369186, -0.000844943511765, 0.00171234679874, -0.0016405757051, -0.00149044045247], [0.000800084962975, -0.00121344719082, -5.61131819268e-05, -0.00141875783447, 0.000971081957687, -0.00272061349824, 0.00943475309759, -0.00330070755444, -0.000602902320679, 0.000138351562782, -0.00305685796775, 0.00311634037644, -0.000379239936592], [-0.000625514658168, 0.00102428463288, -1.41258224176e-05, 0.00194578827359, -0.00242990651168, -0.00178433069959, -0.00330070755444, 0.0123855900019, -0.00381743349135, -0.00213211379014, 0.00316958292387, -0.000527350639459, -0.000206352546229], [0.000339975318639, -0.000967246422078, -0.001038174727, 6.10868519288e-05, 0.00174205214716, 0.00100619369186, -0.000602902320679, -0.00381743349135, 0.0132765984163, -0.0033867538441, -0.0027402068954, -0.00083561061183, -0.000178758200491], [-0.000321779254591, 0.00180599337909, 0.00069914147025, 0.000568053277675, -0.00150628795382, -0.000844943511765, 0.000138351562782, -0.00213211379014, -0.0033867538441, 0.0143730472773, -0.00492606637999, 0.00179025484249, -0.000262645684415], [3.48873909388e-05, -0.00131385982968, 0.00022374127002, -0.000236638516071, -0.000389064109186, 0.00171234679874, -0.00305685796775, 0.00316958292387, -0.0027402068954, -0.00492606637999, 0.0179718732834, -0.00782801955938, 0.000338546233252], [-0.00019299624546, 0.00159706582781, -0.0010537605267, 0.000349204696249, -0.000811570847873, -0.0016405757051, 0.00311634037644, -0.000527350639459, -0.00083561061183, 0.00179025484249, -0.00782801955938, 0.0204884838313, -0.00831591431051], [0.000277172512142, -0.00105673144571, 0.00140383385587, -0.00143520964775, -0.00107064284384, -0.00149044045247, -0.000379239936592, -0.000206352546229, -0.000178758200491, -0.000262645684415, 0.000338546233252, -0.00831591431051, 0.0166188012809]], "cov": [[28739.8164063, 4823.59912109, -1500.98303223, 1151.43884277, -2269.57446289, 603.846740723, -1269.0690918, 38.2038040161, -433.229827881, -276.767272949, -223.328079224, -197.556686401, -170.26789856], [4823.59912109, 2455.55664063, -366.911773682, -114.737281799, 34.6294555664, -153.325698853, -109.050819397, -40.591758728, -6.04659700394, -145.296173096, 92.908454895, -98.6844482422, 28.6289405823], [-1500.98303223, -366.911773682, 731.394714355, 221.579574585, 155.697967529, 149.2265625, 145.326400757, 30.4728546143, 61.0358695984, 9.06073188782, 15.7921047211, 59.4907035828, 16.4113006592], [1151.43884277, -114.737281799, 221.579574585, 441.323364258, -30.6391143799, 194.45111084, 2.59426283836, 20.7659511566, -24.5838928223, 8.11246395111, -12.9076967239, 44.034992218, 30.8396110535], [-2269.57446289, 34.6294555664, 155.697967529, -30.6391143799, 500.221435547, 1.23397302628, 170.507537842, 36.7425460815, 49.4713897705, 26.3000278473, 67.1090927124, 36.7680549622, 78.9193115234], [603.846740723, -153.325698853, 149.2265625, 194.45111084, 1.23397302628, 271.136749268, 44.3173217773, 74.7036437988, -5.03841590881, 32.868637085, -16.8677253723, 42.7808265686, 32.9178886414], [-1269.0690918, -109.050819397, 145.326400757, 2.59426283836, 170.507537842, 44.3173217773, 231.868850708, 59.0087776184, 54.8333511353, 31.6101932526, 40.4587020874, 6.2383890152, 26.5496482849], [38.2038040161, -40.591758728, 30.4728546143, 20.7659511566, 36.7425460815, 74.7036437988, 59.0087776184, 136.977905273, 40.1360244751, 39.1992492676, -2.83869028091, 9.53182792664, 13.9938964844], [-433.229827881, -6.04659700394, 61.0358695984, -24.5838928223, 49.4713897705, -5.03841590881, 54.8333511353, 40.1360244751, 117.575843811, 38.4367828369, 38.032699585, 15.376367569, 12.838593483], [-276.767272949, -145.296173096, 9.06073188782, 8.11246395111, 26.3000278473, 32.868637085, 31.6101932526, 39.1992492676, 38.4367828369, 107.943206787, 28.1013813019, 16.1791362762, 10.8053741455], [-223.328079224, 92.908454895, 15.7921047211, -12.9076967239, 67.1090927124, -16.8677253723, 40.4587020874, -2.83869028091, 38.032699585, 28.1013813019, 101.549369812, 35.8705863953, 27.6162624359], [-197.556686401, -98.6844482422, 59.4907035828, 44.034992218, 36.7680549622, 42.7808265686, 6.2383890152, 9.53182792664, 15.376367569, 16.1791362762, 35.8705863953, 93.9121856689, 48.9469146729], [-170.26789856, 28.6289405823, 16.4113006592, 30.8396110535, 78.9193115234, 32.9178886414, 26.5496482849, 13.9938964844, 12.838593483, 10.8053741455, 27.6162624359, 48.9469146729, 99.1650390625]]}, "spectral_energyband_middle_low": {"dmean2": 0.0055344440043, "median": 0.00376099999994, "min": 4.03808052399e-22, "dvar2": 0.00023862834496, "dvar": 0.000124183745356, "dmean": 0.00401188852265, "max": 0.339360445738, "var": 0.000550873985048, "mean": 0.0125735970214}, "melbands_crest": {"dmean2": 4.41833162308, "median": 14.334941864, "min": 1.46781122684, "dvar2": 18.1368618011, "dvar": 7.40112257004, "dmean": 2.83743166924, "max": 35.2253303528, "var": 31.4865722656, "mean": 14.8286437988}, "spectral_kurtosis": {"dmean2": 5.0071310997, "median": 6.57489395142, "min": -1.17888355255, "dvar2": 30.3162498474, "dvar": 11.8516750336, "dmean": 3.08609676361, "max": 56.9152641296, "var": 35.6054420471, "mean": 7.86332941055}, "spectral_rms": {"dmean2": 0.000717452145182, "median": 0.00282848672941, "min": 3.28524837542e-12, "dvar2": 1.05942399387e-06, "dvar": 5.63015476018e-07, "dmean": 0.000508497992996, "max": 0.0183526258916, "var": 5.34776927452e-06, "mean": 0.0032983738929}, "zerocrossingrate": {"dmean2": 0.00980758387595, "median": 0.02783203125, "min": 0.00390625, "dvar2": 0.000267154362518, "dvar": 0.00029281078605, "dmean": 0.00847444683313, "max": 0.841796875, "var": 0.0171681772918, "mean": 0.0594221614301}, "silence_rate_60dB": {"dmean2": 0.10338395834, "median": 0, "min": 0, "dvar2": 0.103880122304, "dvar": 0.0490161329508, "dmean": 0.0516850948334, "max": 1, "var": 0.189009577036, "mean": 0.253063410521}, "erbbands_kurtosis": {"dmean2": 2.81632399559, "median": 1.09326720238, "min": -1.83687460423, "dvar2": 21.400510788, "dvar": 10.0210056305, "dmean": 1.86363065243, "max": 70.3262634277, "var": 33.2801551819, "mean": 3.17106938362}, "erbbands": {"dmean2": [0.0395231470466, 0.462212949991, 0.838822603226, 1.62296772003, 4.40367221832, 8.20620536804, 5.51714038849, 8.84342765808, 19.4421520233, 38.9302215576, 36.9707603455, 9.72432041168, 11.6506567001, 7.39363718033, 5.04668855667, 3.97713661194, 3.12087368965, 3.92171931267, 3.23569512367, 2.77762055397, 2.18847179413, 1.10307657719, 1.25585961342, 0.956621587276, 0.923121631145, 1.01123392582, 1.4209073782, 2.84574341774, 4.10922861099, 4.8162817955, 3.99662041664, 2.56956171989, 1.09232223034, 0.342757940292, 0.0838431790471, 0.0222562309355, 0.00196224474348, 0.000164936922374, 1.30540493046e-05, 9.25223685044e-06], "median": [0.0075587821193, 0.11959849298, 0.408614933491, 1.03582382202, 2.3551158905, 2.38635349274, 2.30507254601, 4.00718212128, 4.53637742996, 4.84347343445, 6.09340143204, 3.7014670372, 3.58265519142, 3.1923019886, 2.48003959656, 2.20484972, 1.38242030144, 1.9428832531, 1.3878275156, 1.51068925858, 1.14992773533, 0.808798193932, 0.555383443832, 0.406584560871, 0.384843945503, 0.253449141979, 0.175905734301, 0.113696746528, 0.100717619061, 0.101212851703, 0.105003163218, 0.070239380002, 0.0392916277051, 0.0146637428552, 0.00373120326549, 0.000952288159169, 0.00013823696645, 1.94379827008e-05, 7.29641624275e-06, 9.68391304923e-06], "min": [5.11319040028e-22, 4.22118788808e-21, 4.93758082462e-21, 2.29238954226e-20, 6.89385764187e-20, 7.54482034961e-20, 2.16264031782e-19, 5.37501341651e-19, 1.36475371212e-18, 2.98158409848e-18, 9.18615813296e-19, 2.0884517553e-18, 2.14130942362e-18, 2.66103155198e-18, 1.39728993094e-18, 1.13415798782e-18, 2.5744534524e-18, 5.81426121103e-18, 6.71120747722e-18, 9.49065510377e-18, 8.76048954218e-18, 2.23807164683e-17, 1.12427303475e-17, 1.1712296793e-17, 1.85218361927e-17, 2.42657535508e-17, 2.33453447202e-17, 2.19975994958e-17, 3.33030987897e-17, 1.98960677403e-17, 1.76109101605e-17, 1.26994003692e-17, 1.45828534009e-17, 1.19936085116e-17, 9.63627942343e-18, 6.15510139602e-18, 2.53838610294e-18, 1.32466564451e-18, 2.85103721343e-19, 3.74807038528e-20], "dvar2": [0.0153091605753, 2.14530825615, 5.80621767044, 9.21540260315, 87.068862915, 487.388824463, 359.908416748, 2382.38867188, 14633.2294922, 34493.6132813, 39758.6367188, 5373.24902344, 1759.78479004, 2171.67407227, 354.297088623, 192.332870483, 159.1822052, 135.087799072, 227.932937622, 179.780929565, 28.1058692932, 5.43209838867, 17.1724796295, 10.0382099152, 7.86797237396, 15.6150655746, 51.6081542969, 467.942474365, 887.01776123, 1058.42468262, 582.680114746, 203.006637573, 39.0535507202, 3.37407803535, 0.137211814523, 0.0126749714836, 6.39568679617e-05, 3.58350348506e-07, 2.458762971e-09, 4.40861624984e-10], "dvar": [0.00544642098248, 0.794018030167, 2.30927443504, 4.5447063446, 43.7051391602, 238.45274353, 170.103210449, 1170.36950684, 6987.10205078, 18008.7324219, 19798.9199219, 2727.17993164, 1019.86413574, 1255.50769043, 194.417358398, 90.7163848877, 92.7263870239, 61.6285934448, 95.7104949951, 65.6016769409, 10.8477735519, 2.30060791969, 7.3184428215, 4.39410018921, 3.85805249214, 7.33057641983, 26.6141014099, 215.672317505, 423.970733643, 555.82611084, 313.03024292, 114.213752747, 20.7474308014, 1.90094280243, 0.090616248548, 0.00787236262113, 3.6978697608e-05, 2.19535394308e-07, 1.30345545468e-09, 2.28692093041e-10], "dmean": [0.022624950856, 0.275555074215, 0.512168765068, 1.07839858532, 2.9974796772, 5.67540359497, 3.93466281891, 6.31531000137, 13.7389793396, 27.9342880249, 26.4008369446, 6.82107782364, 7.81208133698, 4.92998886108, 3.41916942596, 2.59003162384, 2.09104299545, 2.48885464668, 2.06904935837, 1.74558579922, 1.33526575565, 0.71249628067, 0.813166439533, 0.640049278736, 0.625085473061, 0.695441484451, 0.987101316452, 1.9615252018, 2.88980031013, 3.50523948669, 2.79823994637, 1.81292569637, 0.75550532341, 0.240120962262, 0.0581660829484, 0.0159438252449, 0.00135245628189, 0.000116110837553, 9.28851295612e-06, 6.55639360048e-06], "max": [1.98061060905, 27.348613739, 45.2073822021, 78.6812744141, 176.848251343, 398.981536865, 493.634460449, 2033.62866211, 3880.92724609, 4764.49023438, 5974.50048828, 3978.94726563, 1320.31018066, 2592.61645508, 618.416015625, 470.613494873, 484.502746582, 297.028930664, 403.594146729, 471.71282959, 51.0197677612, 37.135307312, 83.2787246704, 77.5378112793, 80.4816436768, 103.35710144, 179.369033813, 697.535705566, 821.451538086, 991.443481445, 758.458068848, 379.546173096, 181.12940979, 77.7379837036, 14.1406965256, 4.66551828384, 0.290935963392, 0.0254467632622, 0.00145839492325, 0.000390056258766], "var": [0.00727658765391, 0.943026304245, 3.81155395508, 30.2578449249, 255.578598022, 1393.75927734, 736.385437012, 2957.19018555, 12406.3115234, 50842.4765625, 68146.1640625, 4813.42480469, 2966.0871582, 2340.44482422, 470.207000732, 196.881011963, 209.521392822, 117.801330566, 152.474899292, 77.7324523926, 14.3175230026, 4.2711853981, 11.5711755753, 7.98636722565, 9.55848121643, 15.6657428741, 52.1751899719, 402.757995605, 839.184326172, 1291.99267578, 745.479370117, 271.159362793, 42.849697113, 3.97045969963, 0.228924617171, 0.0186459030956, 7.90639969637e-05, 5.67782251437e-07, 3.21284310267e-09, 9.82119385817e-10], "mean": [0.044545236975, 0.47499153018, 0.963562130928, 2.83021759987, 7.6490278244, 16.0759620667, 10.8692922592, 13.460108757, 23.2057418823, 54.9538879395, 54.1477851868, 12.9058456421, 13.6328268051, 9.5395565033, 6.37701368332, 4.91645336151, 3.69961667061, 4.29318809509, 3.44427132607, 3.07501864433, 2.19164419174, 1.41086256504, 1.45834159851, 1.14923608303, 1.12265658379, 1.17673099041, 1.44750583172, 2.70253682137, 3.91752719879, 4.91990470886, 4.00985336304, 2.50364017487, 0.989598572254, 0.29531276226, 0.0751723572612, 0.0209582000971, 0.00166974018794, 0.000155817077029, 1.96268701984e-05, 2.0361469069e-05]}, "spectral_strongpeak": {"dmean2": 0.506428182125, "median": 0.378265202045, "min": 0, "dvar2": 1.24666059017, "dvar": 0.517772436142, "dmean": 0.320969343185, "max": 12.2384996414, "var": 1.47539138794, "mean": 0.786631345749}, "spectral_energy": {"dmean2": 0.00720367813483, "median": 0.00820034556091, "min": 1.10626779694e-20, "dvar2": 0.000278738967609, "dvar": 0.000141005904879, "dmean": 0.00504500651732, "max": 0.345239341259, "var": 0.000647751265205, "mean": 0.016632579267}, "average_loudness": 0.176081061363, "spectral_rolloff": {"dmean2": 451.94128418, "median": 581.396484375, "min": 86.1328125, "dvar2": 1446950.625, "dvar": 742858.6875, "dmean": 271.958953857, "max": 21748.5351563, "var": 13547302, "mean": 1494.41369629}, "spectral_centroid": {"dmean2": 214.68069458, "median": 584.411376953, "min": 195.134841919, "dvar2": 164007.703125, "dvar": 114262.273438, "dmean": 151.237579346, "max": 11131.8974609, "var": 668068.375, "mean": 832.901611328}, "pitch_salience": {"dmean2": 0.101007819176, "median": 0.549344539642, "min": 0.126365810633, "dvar2": 0.00917362142354, "dvar": 0.00367448292673, "dmean": 0.0641034096479, "max": 0.927885055542, "var": 0.013772027567, "mean": 0.545416712761}, "spectral_energyband_middle_high": {"dmean2": 0.00050173944328, "median": 0.000476590706967, "min": 1.72221386525e-21, "dvar2": 3.89982824345e-06, "dvar": 2.37205881604e-06, "dmean": 0.000357976532541, "max": 0.116898268461, "var": 7.21503829482e-06, "mean": 0.00094344781246}, "spectral_contrast_coeffs": {"dmean2": [0.0723522678018, 0.0636562779546, 0.0533601306379, 0.0413468368351, 0.0302556194365, 0.0259179919958], "median": [-0.632191538811, -0.731459379196, -0.770802617073, -0.797129511833, -0.814588546753, -0.812801301479], "min": [-0.970859646797, -0.96968972683, -0.969440162182, -0.964687466621, -0.958601355553, -0.958439230919], "dvar2": [0.00362490047701, 0.00300318794325, 0.00195588264614, 0.00105422304478, 0.000642242492177, 0.000623947475106], "dvar": [0.00155652209651, 0.00138625840191, 0.000793147424702, 0.000434814253822, 0.000292337877909, 0.000296139944112], "dmean": [0.0453561320901, 0.0409362465143, 0.0330737195909, 0.0254993773997, 0.0193336680532, 0.0166971888393], "max": [-0.268138587475, -0.325034588575, -0.460903674364, -0.604615688324, -0.640355408192, -0.623744666576], "var": [0.012921650894, 0.00956431310624, 0.00409284187481, 0.00249099475332, 0.00175330194179, 0.00167659879662], "mean": [-0.62583142519, -0.719749569893, -0.768354535103, -0.79546713829, -0.811710953712, -0.80785548687]}, "melbands_skewness": {"dmean2": 1.07968187332, "median": 2.24193668365, "min": -2.17308926582, "dvar2": 1.78790652752, "dvar": 0.758228123188, "dmean": 0.702700376511, "max": 17.6224727631, "var": 2.39859080315, "mean": 2.43056249619}, "spectral_spread": {"dmean2": 1040328, "median": 3577910, "min": 1053404.875, "dvar2": 1679067578370.0, "dvar": 853538701312, "dmean": 710673.375, "max": 39026572, "var": 5923753426940.0, "mean": 4286471}, "dissonance": {"dmean2": 0.044927995652, "median": 0.447878420353, "min": 0.197361811996, "dvar2": 0.0018205398228, "dvar": 0.000693422160111, "dmean": 0.0269761625677, "max": 0.5, "var": 0.00215147132985, "mean": 0.43663841486}, "spectral_skewness": {"dmean2": 0.520173788071, "median": 2.11553359032, "min": -0.409907966852, "dvar2": 0.24436596036, "dvar": 0.116742894053, "dmean": 0.339275479317, "max": 5.74070262909, "var": 0.573044896126, "mean": 2.15654444695}, "spectral_flux": {"dmean2": 0.0250767283142, "median": 0.032635524869, "min": 1.05179268073e-10, "dvar2": 0.0013527192641, "dvar": 0.000583648215979, "dmean": 0.0158587228507, "max": 0.453470498323, "var": 0.00155419437215, "mean": 0.0443576686084}, "spectral_contrast_valleys": {"dmean2": [0.650712132454, 0.476254075766, 0.439209640026, 0.400772541761, 0.360172510147, 0.53607571125], "median": [-7.7217373848, -6.99641609192, -7.92783355713, -8.62009620667, -8.93444538116, -11.3512840271], "min": [-27.3396568298, -26.9054260254, -27.5865039825, -27.547208786, -27.3310489655, -27.2606620789], "dvar2": [0.318445891142, 0.162292078137, 0.144329324365, 0.145115718246, 0.150466114283, 0.465929239988], "dvar": [0.153235480189, 0.074499540031, 0.0710885971785, 0.0783186405897, 0.0943886116147, 0.268287956715], "dmean": [0.406425446272, 0.294033586979, 0.273867607117, 0.256120324135, 0.256457269192, 0.403764456511], "max": [-5.76350879669, -4.69458246231, -5.77590894699, -5.94192934036, -6.25318717957, -7.00903701782], "var": [4.49898529053, 3.37327241898, 2.91461396217, 2.53976964951, 2.28593492508, 2.45039844513], "mean": [-8.25306606293, -7.36927080154, -8.28256034851, -8.94321346283, -9.16262435913, -11.3655176163]}, "erbbands_flatness_db": {"dmean2": 0.0288001801819, "median": 0.189310729504, "min": 0.0246544536203, "dvar2": 0.000875607307535, "dvar": 0.000463192583993, "dmean": 0.0205541197211, "max": 0.397640228271, "var": 0.00290353456512, "mean": 0.191021159291}, "spectral_energyband_high": {"dmean2": 0.000379519595299, "median": 1.96710097953e-05, "min": 7.97486282591e-21, "dvar2": 5.07140293848e-06, "dvar": 2.96997473015e-06, "dmean": 0.000292245880701, "max": 0.0657851621509, "var": 7.82515962783e-06, "mean": 0.000436886009993}, "spectral_entropy": {"dmean2": 0.296211063862, "median": 7.030169487, "min": 5.16046857834, "dvar2": 0.0988824144006, "dvar": 0.0570114329457, "dmean": 0.211539968848, "max": 9.77999401093, "var": 0.400836586952, "mean": 7.08169746399}, "silence_rate_20dB": {"dmean2": 0, "median": 1, "min": 1, "dvar2": 0, "dvar": 0, "dmean": 0, "max": 1, "var": 0, "mean": 1}, "melbands_flatness_db": {"dmean2": 0.0354096032679, "median": 0.263598561287, "min": 0.0032763290219, "dvar2": 0.00139753159601, "dvar": 0.000737632159144, "dmean": 0.0246763732284, "max": 0.463473707438, "var": 0.00611383002251, "mean": 0.252796858549}, "barkbands": {"dmean2": [2.23146362259e-05, 0.00185688212514, 0.00072109256871, 0.000794431369286, 0.00201160344295, 0.000907101901248, 0.00185430725105, 0.00209043943323, 0.000436331814853, 0.000309451075736, 0.000130836444441, 0.000119767610158, 7.13170229574e-05, 8.01902206149e-05, 6.53327952023e-05, 4.23734163633e-05, 2.00668273465e-05, 2.35879851971e-05, 1.7847854906e-05, 2.23795523198e-05, 5.17378248333e-05, 0.000118547708553, 0.000144805788295, 9.28534354898e-05, 2.02148330573e-05, 2.41090151576e-06, 4.56552520234e-08], "median": [3.39577627528e-06, 0.000452842068626, 0.000298055703752, 0.000327981688315, 0.00079966452904, 0.000419685995439, 0.000265594164375, 0.00026810343843, 0.000135196605697, 8.91086674528e-05, 4.7999630624e-05, 5.37713203812e-05, 2.65775670414e-05, 3.39266989613e-05, 2.9556280424e-05, 1.9265600713e-05, 1.40771317092e-05, 9.02705505723e-06, 7.80011396273e-06, 5.33647562406e-06, 3.19574201058e-06, 2.85220744445e-06, 3.6067444853e-06, 2.85393980448e-06, 8.89583077424e-07, 1.16932525884e-07, 1.44733860452e-08], "min": [3.44873027253e-24, 1.80977502759e-23, 2.77702822794e-24, 1.54737590914e-23, 2.6701748884e-23, 5.42215023506e-23, 1.43990162563e-22, 6.72468454515e-23, 9.21586500089e-23, 9.30554144642e-23, 2.8057273821e-23, 3.78784816505e-23, 4.49666966511e-23, 1.04905102381e-22, 2.30787732793e-22, 1.15946170004e-22, 3.69841595086e-22, 1.6378186226e-22, 3.07695461139e-22, 4.65753929272e-22, 5.63537845422e-22, 8.38842071947e-22, 6.21023010487e-22, 7.2228260992e-22, 1.16481358486e-21, 1.5931756082e-21, 2.33588130946e-21], "dvar2": [2.88307955287e-09, 3.44631225744e-05, 3.77202923119e-06, 2.26762676903e-06, 2.10114594665e-05, 1.86563411262e-05, 0.000112271365651, 9.54403076321e-05, 6.73016484143e-06, 2.91267133434e-06, 1.78334261136e-07, 1.95303655914e-07, 6.47951026167e-08, 7.22336537251e-08, 1.01513499828e-07, 1.14840617016e-08, 1.62827040739e-09, 5.4477382605e-09, 2.83985435168e-09, 7.52391215997e-09, 1.08088556772e-07, 7.58435248827e-07, 8.44481633067e-07, 2.57936079606e-07, 1.11742792797e-08, 1.3066872584e-10, 5.129035895e-14], "dvar": [1.1152740953e-09, 1.26433715195e-05, 1.41916325447e-06, 1.14607917112e-06, 9.9536482594e-06, 9.56676558417e-06, 5.45107832295e-05, 4.82223440486e-05, 3.52498341272e-06, 1.80003485184e-06, 9.69613651591e-08, 9.98937395025e-08, 3.63381147395e-08, 3.17475894462e-08, 3.84640301831e-08, 4.7878447873e-09, 6.78600509119e-10, 2.42548914287e-09, 1.25999377598e-09, 3.55068219271e-09, 5.33536805847e-08, 3.74312378426e-07, 4.3912089609e-07, 1.43835478639e-07, 6.23726403859e-09, 8.00359223341e-11, 2.34708780867e-14], "dmean": [1.33800367621e-05, 0.00109913933557, 0.000434663088527, 0.000537154381163, 0.00139642157592, 0.000660899153445, 0.00128503260203, 0.00147339119576, 0.00028851092793, 0.000214805535506, 8.63485329319e-05, 7.93192812125e-05, 4.73227228213e-05, 5.03813789692e-05, 4.08030718972e-05, 2.62678731815e-05, 1.2783274542e-05, 1.53045657498e-05, 1.19701608128e-05, 1.51764825205e-05, 3.59275145456e-05, 8.54651807458e-05, 0.000102719510323, 6.51647715131e-05, 1.41192731462e-05, 1.69983866272e-06, 3.08166612228e-08], "max": [0.000767952180468, 0.107199981809, 0.034473657608, 0.0323096215725, 0.0800179317594, 0.162443965673, 0.313701301813, 0.241274744272, 0.131309390068, 0.105717599392, 0.0132203325629, 0.0159396752715, 0.00868919119239, 0.00723096169531, 0.0103703066707, 0.00221994146705, 0.000580327410717, 0.00137406238355, 0.00127274286933, 0.00257889158092, 0.00841405801475, 0.024559142068, 0.0295032411814, 0.0139770852402, 0.00425408035517, 0.000467126228614, 7.71171198721e-06], "var": [1.07605635513e-09, 1.51645190272e-05, 2.53133430306e-06, 8.30844510347e-06, 5.61297820241e-05, 2.66726601694e-05, 9.54973293119e-05, 0.000181947820238, 6.9680827437e-06, 4.42638065579e-06, 2.253179332e-07, 2.33968933117e-07, 8.35707822944e-08, 4.8813650011e-08, 4.62469493812e-08, 7.9153625876e-09, 1.33134381297e-09, 4.13431600066e-09, 2.40847319866e-09, 7.71912134212e-09, 1.10460277369e-07, 7.83709936059e-07, 1.01639648165e-06, 3.32146072424e-07, 1.2935338134e-08, 1.82082696143e-10, 4.38954055667e-14], "mean": [1.43163015309e-05, 0.00192906404845, 0.000805256364401, 0.00136521854438, 0.00397451221943, 0.00143005454447, 0.00211684731767, 0.00305389566347, 0.000483201874886, 0.00038882723311, 0.000147793383803, 0.00013937575568, 7.83691793913e-05, 7.92738646851e-05, 6.63687897031e-05, 4.05216196668e-05, 2.47525149462e-05, 2.66307524726e-05, 2.09260961128e-05, 2.53862217505e-05, 5.07245094923e-05, 0.000117374002002, 0.000146474732901, 8.80489387782e-05, 1.71719166246e-05, 2.19252910938e-06, 4.8649663853e-08]}, "erbbands_skewness": {"dmean2": 0.571771144867, "median": 0.896414518356, "min": -5.11297559738, "dvar2": 0.384152829647, "dvar": 0.221452131867, "dmean": 0.39530545