{"tonal": {"thpcp": [1, 0.555784642696, 0.144603595138, 0.121674910188, 0.167426481843, 0.293485194445, 0.406073659658, 0.390526175499, 0.440156251192, 0.4151699543, 0.223959594965, 0.123246788979, 0.103144861758, 0.120988614857, 0.155626222491, 0.186053812504, 0.267597407103, 0.295721799135, 0.295472770929, 0.300411731005, 0.228182733059, 0.198133811355, 0.293966412544, 0.413183659315, 0.343993633986, 0.195604175329, 0.144416257739, 0.138880938292, 0.198460370302, 0.360626578331, 0.345863699913, 0.162218183279, 0.154677256942, 0.301788181067, 0.369475066662, 0.709595918655], "hpcp": {"dmean2": [0.234773248434, 0.172437101603, 0.117378689349, 0.099200129509, 0.104058071971, 0.112664923072, 0.128786861897, 0.168961554766, 0.180357977748, 0.193243190646, 0.190817579627, 0.179456144571, 0.191094189882, 0.235398501158, 0.221186354756, 0.207134664059, 0.175144359469, 0.154183030128, 0.148021548986, 0.137171581388, 0.172450423241, 0.183994591236, 0.123673841357, 0.113113746047, 0.178284212947, 0.207531958818, 0.291869074106, 0.268570870161, 0.250075727701, 0.138211816549, 0.118217200041, 0.14465072751, 0.18716481328, 0.230877876282, 0.271220058203, 0.249830767512], "median": [0.0359782204032, 0.022713476792, 0.00886735878885, 0.00458556506783, 0.0045588798821, 0.0058803409338, 0.0158288627863, 0.0342594012618, 0.0391356348991, 0.0222374163568, 0.0110050691292, 0.00764680095017, 0.00987002626061, 0.0255525484681, 0.0352019481361, 0.028302974999, 0.0124308103696, 0.00524955103174, 0.00329252891243, 0.00833262130618, 0.0236110184342, 0.0266604088247, 0.0140095110983, 0.012882085517, 0.017965791747, 0.0336578786373, 0.167764574289, 0.186194479465, 0.0775975137949, 0.00746375974268, 0.00454801972955, 0.011266278103, 0.0243041068316, 0.0339812785387, 0.0435520485044, 0.0392275378108], "min": [0, 0, 0, 0, 0, 0, 0, 0, 0, 0, 0, 0, 0, 0, 0, 0, 0, 0, 0, 0, 0, 0, 0, 0, 0, 0, 0, 0, 0, 0, 0, 0, 0, 0, 0, 0], "dvar2": [0.117371931672, 0.0858546644449, 0.0750480219722, 0.0646502673626, 0.0685023665428, 0.0705991908908, 0.0654019191861, 0.0798248797655, 0.087065808475, 0.105519600213, 0.113475389779, 0.109872065485, 0.110769949853, 0.135098457336, 0.11626688391, 0.106291159987, 0.101474538445, 0.111080892384, 0.109406754375, 0.078025765717, 0.0870038792491, 0.0945114418864, 0.0596249625087, 0.0496367663145, 0.0984643697739, 0.093795709312, 0.11525016278, 0.132553860545, 0.109599351883, 0.0709595456719, 0.0705948844552, 0.0807345956564, 0.0977201536298, 0.122644558549, 0.149658948183, 0.128544151783], "dvar": [0.0451316311955, 0.0306146107614, 0.0256436876953, 0.0225306581706, 0.023903394118, 0.0254944767803, 0.0241511519998, 0.0288870576769, 0.0316034816206, 0.0383327379823, 0.04162267223, 0.0395384170115, 0.0386582575738, 0.0468871556222, 0.0440488010645, 0.0392323806882, 0.0358830429614, 0.0385959222913, 0.0372061021626, 0.0279258284718, 0.0333545841277, 0.0362676605582, 0.0217183884233, 0.0180088263005, 0.0355543419719, 0.0340228974819, 0.0435154885054, 0.0531061217189, 0.0404999963939, 0.0252083111554, 0.0259619299322, 0.0285006854683, 0.0348212905228, 0.0461055003107, 0.051541570574, 0.047739867121], "dmean": [0.134562641382, 0.096986040473, 0.0640712976456, 0.0537318773568, 0.0572377257049, 0.06277371943, 0.0729930400848, 0.0961958616972, 0.102457396686, 0.109157525003, 0.106292232871, 0.100006006658, 0.104437597096, 0.130755335093, 0.126985490322, 0.119776934385, 0.0959075540304, 0.0819506496191, 0.0796697363257, 0.0766537934542, 0.101866215467, 0.106372393668, 0.0691467374563, 0.0626589804888, 0.098677046597, 0.116600356996, 0.170177027583, 0.154718622565, 0.143908858299, 0.0755819827318, 0.0640905275941, 0.0793280601501, 0.10518489778, 0.129884824157, 0.152297303081, 0.142491191626], "max": [1, 1, 1, 1, 1, 1, 1, 1, 1, 1, 1, 1, 1, 1, 1, 1, 1, 1, 1, 1, 1, 1, 1, 1, 1, 1, 1, 1, 1, 1, 1, 1, 1, 1, 1, 1], "var": [0.0742964595556, 0.0305895637721, 0.0187734458596, 0.0171019751579, 0.0204398613423, 0.0298257861286, 0.0274874698371, 0.0361012369394, 0.0402427613735, 0.0517703332007, 0.061260510236, 0.0414023473859, 0.0314602069557, 0.0450631566346, 0.0741427019238, 0.0562544949353, 0.0322539657354, 0.0284154918045, 0.0276018287987, 0.035523135215, 0.0680681839585, 0.0635644719005, 0.0204264167696, 0.0169773213565, 0.0579977296293, 0.0616246014833, 0.0868965685368, 0.170608103275, 0.0733829438686, 0.0202959794551, 0.0202599074692, 0.0249669253826, 0.0448205061257, 0.0748481452465, 0.0591783411801, 0.0770786628127], "mean": [0.1659386307, 0.0895140618086, 0.0492603182793, 0.0412258096039, 0.0483577512205, 0.0622020028532, 0.0743635594845, 0.106955587864, 0.118196584284, 0.118097051978, 0.120071105659, 0.091202005744, 0.0791917964816, 0.117494978011, 0.165144741535, 0.137490287423, 0.0781807303429, 0.0577215105295, 0.0555091053247, 0.0793223157525, 0.144138276577, 0.138237729669, 0.0648367330432, 0.0618227161467, 0.12062124908, 0.147674918175, 0.283617287874, 0.399688452482, 0.222140714526, 0.0577963888645, 0.048632055521, 0.0669184327126, 0.117302648723, 0.162302955985, 0.156088799238, 0.175925374031]}, "tuning_equal_tempered_deviation": 0.20024253428, "chords_changes_rate": 0.0913862287998, "key_key": "F#", "tuning_diatonic_strength": 0.395510077477, "key_scale": "minor", "chords_number_rate": 0.0027786353603, "tuning_frequency": 431.692352295, "tuning_nontempered_energy_ratio": 0.853031039238, "chords_histogram": [17.8604507446, 1.06514358521, 6.74590921402, 4.9706697464, 2.03766584396, 7.08552026749, 0.20067922771, 3.30348873138, 0.216116085649, 5.57270765305, 9.67891311646, 3.2726149559, 2.22290825844, 0.355047851801, 0, 0.463105887175, 4.2914481163, 4.9706697464, 5.83513450623, 4.8008646965, 2.30009269714, 0.895338058472, 5.83513450623, 6.02037668228], "key_strength": 0.602724671364, "chords_key": "F#", "chords_strength": {"dmean2": 0.0123681295663, "median": 0.425309449434, "min": 0.166209489107, "dvar2": 0.000119540032756, "dvar": 9.22573308344e-05, "dmean": 0.0112011702731, "max": 0.797743082047, "var": 0.0125200403854, "mean": 0.431286007166}, "chords_scale": "minor", "hpcp_entropy": {"dmean2": 1.07970070839, "median": 2.25115823746, "min": 0, "dvar2": 0.683336317539, "dvar": 0.245622992516, "dmean": 0.631764471531, "max": 4.47645235062, "var": 0.516605257988, "mean": 2.2215719223}}, "metadata": {"audio_properties": {"equal_loudness": 0, "codec": "mp3", "downmix": "mix", "sample_rate": 44100, "analysis_sample_rate": 44100, "bit_rate": 128000, "md5_encoded": "61dad4189937f39e1e7d66d7cb6539f0", "length": 300.748809814, "replay_gain": -1.28736305237, "lossless": false}, "version": {"essentia_build_sha": "5a811adb4c06fd6d02ca903f7349a26d851abfa8", "essentia": "2.1-beta1", "extractor": "music 1.0", "essentia_git_sha": "v2.1_beta1-34-gf95df8b"}, "tags": {"title": ["Ladies of Azerbaijan"], "albumartist": ["Aziza Mustafa Zadeh"], "date": ["2001"], "genre": ["Jazz"], "album": ["Shamans"], "musicbrainz_recordingid": ["0d669de4-875f-43bb-9b08-e868ec2b4a8f"], "acoustid_fingerprint": ["AQADtB0TRaOQE2IeIT8qfXjGVMHzITnCo3l7_Liio2NpWDtz4EqOcsEVHzmS58J9FT089nhqHftycA_ha8f2HN1w4WmQnBbyEz1xbOFB3dhF5EjQPMEtw8-D40h8EiHPBXfwGCce-CiZPMKTC3kzyUAv2OERestx4mj6InSSJPh06EFwGs9iNLuC-nhyfDx6JZiC52DzIIn2IK2uYnrAHTuSIT1K4Y3QR0bz4MePcJcGnUc-H32ToA_hH7WO-8ib4WOmHAp_aO2RJdMD_jT6o1mWpRdm6cHxzEETikT4HHqG8OoSPDPqH3dCEWeGMuHRRDz23HgC6sGP-WjHo-mM70d3IVqajIwghYho_fiP9yL6SIJroQ_y-ejRVFeh58iLpk4aoWJCccOzHL6G407owCNvPA5y5dArpHFDXMG5MAzOZUMPH7lPJGOiZ3ge_D0efMeP59GERk9QJzzyDzruEhND5fihH_l2_EWaGrsZ6B96xUE-lAxhTokDR9TRE_fKoP7xlWoEL_FxH-ePIz-RLKVwJsTNHNEPXfqCLOVsNLtx58JP3Ad_oj4i5TfUB3my4z-aZ2h_4zy-L9hDNEmSKj0YiTSeYcp79Md1PEcu8YQWduh146cF5SSR5cQ2iUd-iNpMxCYuonmi4zu-KyF-omQWIczXI3mOfzid485yHPXReEfyI8yToctN4ngiTO-x78JLJN8R_CPh86iPR2NiHHeFikZCn8bfIFVClEd_3DxqDldIvBHKI8yh_8h3_DguH1eqBH4OfLmQ3xr0PAiXU8dvHD9Cx0dzaEuDJzeiRwcvXEET-vhLhD10ksjO48fzC_vxo0mc5gj145mmQ8-FMPERroka4dS6Ifx0NBOu7MGb4yexncnwHJePo8-KH9G-Qo-O9OgZ43rRPOh5XEXjBumPn8GXK9CPMOFOPEEfGc0j3MHd4wyShXkRUulx48eDTw_xLFqIZDkRHrhYRkF_yXCYhqiZ4Ee_oeGPC_kTQTwz4t5x1DYUh4dnIcWPf_iDfFGOXVA_pE8K3ClRhnmEX6jd4RFhHc9R3g4e1HiaHc0vfMEzzFwOOjJDRI1laC-iGx5PHPvxvHh2uDnhc6HQ58OHx8d15MmNKsdXM2gm6thznMjyo5mmRNhrESE_1BdULfmIPMqO-oSdfLh0HO-D_OijI--OT8E9_EezkMzRB8fR_UjzBBrDIDLB6_iDHVe-4V6OMWnQ7mDyYLzwHL5mxL-CZM7RHE-OD3-C-wp66cgpJJR-dA0nRIeUH2GqVRiZEf2N5jiPnUGU-0RyC1_x5DjxnMZv-CNxJXnwTEee5ZDzIez44sd_1NGPotGH48clKYi-Q3IWPciDsse54x78FD9GRhee5yi7YEd-DxdjKJbko_JubMkXXAfzfNgDHemU1CizTCyao2jyEl8SLsO3kWg-vLgOM-pREuF7nJ_h9IRmPkLeRMfxiHhuGU1qLUXvoU_wI40aQdEUIQf_GLtyVN1RudmIa7jWItpvLHehSsePlAuFP7h-2EVMEWpq5MF9otyUCWYUHb-I58h1aKSJPQe74_6hHIjq4T9-GSzDKYpwH9EpQouqHD1yogxc-XCYZNzwC_2H_8EjRQqeTUeyVBZCOcfxxNjBS_h37Huw_QaPUfh1eGSK5zH6o3nxH-fx50FeIamjE80e9MTH48FjDf2OH7mgXch9HP_RI9p0ME184hd6BdGu4zqeHNWS4zp67AaP60TkBU9-Cc2D48dHvAwlXJJw6Ef4J3BjHqU2oB98Jjpc8WiaRBmSI4aV4HzwjIIrdrjHImnDHDlOFeGP9Ezx5vCpI9SyDL1h8YNmIx-N4-HxBC-H_mh6PM-RHnp_zBlT6A5cHXmkHdeL8A6S5RFN7IzwB02ejfjRLM-Cu_iJ5EYe_EeVYwp3_PhH7EI_-Dme7EGz50NuPE0unGugG_2LMG2IXg9c6ag-hNFjVBcO_XjY47mQH32FpnHxo99EeNXRC7F-fMpSjM2h5WCOo9RhjgfDEucJRrwgyUZ3cBIPptuP68mgHGkjHq5RPC-aycnROA-uRMFzqEcTocyOKzseE_7x8MiJpNJRJ3qwGzeOrYty_Bl-Ii-NhI0WNDiO84F7Ec-PR0WYq4emL8gjXcabYT-cA5GyJY8GbTniL3jQ9D36A8-PmFmga3GRv0KzD66OB3mcwOcwyRe45MYeEzea3ehxXUiu7cKZov_R_HjoofGFErkSaCHC40ctHuhx9MN7JEWOHsdzoR5-2AgPqGfxIv_Rn_gDH0fOI9mLY_xB_sEo9cd_lE_C40TCuQjx4zKePbhQ04fRp3hxZSmuBw8uIjmPnPlwoXkeVImPK9mOA0dyHzlz_MiP5ukKTTcepwh_NBuuozkr9A-eHTkzNHrx49VMoJQoCnq3RKiP1Aqu4dFx_cL0Bwd_zNERZlpOJKfwwEkxid7w5SHYLEuooDbh7ugPlgweBs-P6g1cxcNPMH1wUoi-oflRx5Bn_MtReMWPXcsj1BGyG_dzfEdP-EepxA4Yv0hvJKEzvCcq5fhxnYKvLHjwZ6hEpUSySMwVxAZOuDf-HScAYwQRYoEAAhlAEBDGJQKQEggIRwBDylCEnEYKESMIIAYQAhBwBhCGLAGEAmNAY84pKpwQHECjPUGGWMaAJUAZooBSxBFhAAFGCaAIMCQIyAQDAgiBDaGAGW8AUFAIQAQBQBkABAKCASKBMAJ5JJAEABCECDDUGWKIccYATgADyBgiDCJAUCEFAAQ4AIByCCDgCAWEAGAFEoJBoAAwgAgEBGEIEMEIIZQiBIUgAABjGCIUGUSIMUwAI5BiAAhyACFGQAKEMKAJgIBTCjmAgBAEEEcIUkQowYwiEBAokAHACeAAS5QgCRDBBBACgAPUIEKEpMoQwIASDAAIkCDAAEaJAQMahQgRiijhjCCIGQIkQYRgAAgAICAmACJCCAEEAQgEBxBQRBJHEANCIUIEcIgTRjxCDjjnuDDiGEoABUgQjwiiDBAgCFIKAGMAEUARBQehhAjDlCBCCIs5kIQCRzwUQFhkBFMAAMWgA0QQQAQAzkiBRDEWCMOUAQQQ5hBASgEnCERKCGAohcQAIBoVQiICCAPeEEWAIw4IBR1ARAllAFEACCCcNUIIorAgRhBKEDFCEU0cMkAkIYjQxinAFTAAEYIMU0BAIhBAghACjFAQfBYAEoYQ4wwwjEAAkDBMAAMAEtIQ8IgAYgCjHDCMSUCoEYQpQBCR2BGkCBCAAi8A8QIqAAgQiBPDBDCFAIAEAMowJiR4DGAkgAQCQCUEAUoYIQChgiGlRDAIIoWQMA0QYQQxSDBqBBBGEkkKVIAwAa0zhglCBKIANMGAYg4ACDxihgAEhRUIIEWYUIwAqoEyTAAiHnCICCeAIUA5pogDCgiFgCGAAGIQQwIAIjRCQDBAADCMGMIMsJQgwqx4QjARlGCAAKYsFZYhYYgAggIAhFGUEgWMEQg4ghRQghQgALKwGEGYJBApIxAEQgnlhDEOIESAA4IJooJBAjmCgIIEAqGIBIQDCwCCRghGhHCKIOiQAAwBhRhIQIDAgAA"], "artist": ["Aziza Mustafa Zadeh"], "composer": ["Aziza Mustafa Zadeh"], "tracknumber": ["2"], "label": ["Decca"], "acoustid_id": ["54bd46ae-5a55-4959-b3a9-415839eaad0a"], "file_name": "02 aziza mustafa zadeh - ladies of azerbaijan.mp3"}}, "rhythm": {"bpm_histogram_first_peak_bpm": {"dmean2": 0, "median": 144, "min": 144, "dvar2": 0, "dvar": 0, "dmean": 0, "max": 144, "var": 0, "mean": 144}, "bpm": 142.994186401, "bpm_histogram_second_peak_spread": {"dmean2": 0, "median": 0.39795923233, "min": 0.39795923233, "dvar2": 0, "dvar": 0, "dmean": 0, "max": 0.39795923233, "var": 0, "mean": 0.39795923233}, "bpm_histogram_first_peak_weight": {"dmean2": 0, "median": 0.168141588569, "min": 0.168141588569, "dvar2": 0, "dvar": 0, "dmean": 0, "max": 0.168141588569, "var": 0, "mean": 0.168141588569}, "onset_rate": 2.21765565872, "beats_position": [0.394739210606, 0.812698423862, 1.23065757751, 1.64861679077, 2.06657600403, 2.49614500999, 2.92571425438, 3.34367346764, 3.76163268089, 4.17959165573, 4.59755086899, 5.01551008224, 5.4334692955, 5.85142850876, 6.26938772202, 6.68734693527, 7.10530614853, 7.52326536179, 7.92961454391, 8.34757328033, 8.76553249359, 9.18349170685, 9.61306095123, 10.0310201645, 10.4489793777, 10.866938591, 11.2848978043, 11.7028570175, 12.1208162308, 12.538775444, 12.9567346573, 13.3746938705, 13.7926530838, 14.2106122971, 14.6285715103, 15.1045799255, 15.5805892944, 16.0449886322, 16.6138763428, 17.1711559296, 17.7400455475, 18.3669834137, 18.9939231873, 19.6208610535, 20.247800827, 20.8747386932, 21.5016784668, 22.128616333, 22.7555541992, 23.3708839417, 23.9862117767, 24.6131515503, 25.2400894165, 25.8670291901, 26.4939670563, 27.132516861, 27.7710647583, 28.4212245941, 29.0597724915, 29.7099323273, 30.3484802246, 30.9986381531, 31.6371879578, 32.2757377625, 32.9258956909, 33.5760536194, 34.2262115479, 34.8879814148, 35.5381393433, 36.1882972717, 36.8384590149, 37.4770050049, 38.1271629333, 38.765712738, 39.4042625427, 40.0428123474, 40.5652618408, 41.099319458, 41.6333770752, 42.1674385071, 42.7014961243, 43.1426734924, 43.5954627991, 44.0366439819, 44.4778213501, 44.9073905945, 45.3485717773, 45.7897491455, 46.2309303284, 46.6721076965, 47.1132888794, 47.5544662476, 47.9956436157, 48.4368247986, 48.8780021667, 49.3075714111, 49.7371406555, 50.1667098999, 50.573059082, 50.9794082642, 51.3857574463, 51.8037185669, 52.2216758728, 52.6396369934, 53.0575942993, 53.4755554199, 53.8935127258, 54.3230819702, 54.7526512146, 55.1706123352, 55.5885696411, 56.0065307617, 56.4244880676, 56.8656692505, 57.3184585571, 57.7712478638, 58.2240333557, 58.6768226624, 59.1180038452, 59.5127410889, 59.9074821472, 60.3138313293, 60.708568573, 61.0916976929, 61.4748306274, 61.8579597473, 62.252696991, 62.6474380493, 63.042175293, 63.4369163513, 63.8432655334, 64.3541030884, 64.8533325195, 65.3525619507, 65.8982315063, 66.4555053711, 67.0127868652, 67.5700683594, 68.1273422241, 68.6846237183, 69.2419052124, 69.8107910156, 70.3796844482, 70.936958313, 71.4942398071, 72.0515213013, 72.608795166, 73.1660766602, 73.7233581543, 74.280632019, 74.8495254517, 75.4300231934, 75.917640686, 76.4052581787, 76.8812713623, 77.3572769165, 77.8332901001, 78.3092956543, 78.7853012085, 79.2729263306, 79.7489318848, 80.2365493774, 80.712562561, 81.1885681152, 81.6645812988, 82.105758667, 82.5469360352, 82.9881134033, 83.3828582764, 83.77759552, 84.1723327637, 84.5670700073, 84.9618148804, 85.356552124, 85.7512893677, 86.1460266113, 86.5639877319, 86.9819488525, 87.3999099731, 87.7830352783, 88.1661682129, 88.5492935181, 88.9324264526, 89.3039474487, 89.6638565063, 90.035369873, 90.4185028076, 90.8596801758, 91.2892532349, 91.7188186646, 92.1483917236, 92.5779571533, 93.0075302124, 93.4370956421, 93.8086166382, 94.1917419434, 94.5748748779, 94.946395874, 95.3179092407, 95.6894302368, 96.0725631714, 96.4556884766, 96.8272094727, 97.1987304688, 97.5702438354, 97.9417648315, 98.3132858276, 98.6848068237, 99.0563278198, 99.4278411865, 99.8458023071, 100.263763428, 100.681724548, 101.09967804, 101.529251099, 101.947212219, 102.376777649, 102.79473877, 103.224304199, 103.653877258, 104.071838379, 104.48979187, 104.907752991, 105.325714111, 105.732063293, 106.138412476, 106.544761658, 106.95111084, 107.36907196, 107.787025452, 108.204986572, 108.622947693, 109.040908813, 109.458862305, 109.876823425, 110.294784546, 110.724349976, 111.153923035, 111.571876526, 111.989837646, 112.407798767, 112.825759888, 113.243713379, 113.6616745, 114.091247559, 114.532424927, 114.973602295, 115.426391602, 115.879180908, 116.308753967, 116.738319397, 117.167892456, 117.585845947, 118.003807068, 118.421768188, 118.851333618, 119.280906677, 119.710472107, 120.140045166, 120.557998657, 120.975959778, 121.38230896, 121.788658142, 122.160179138, 122.531700134, 122.90322113, 123.274734497, 123.66947937, 124.052604675, 124.43573761, 124.818862915, 125.20199585, 125.585121155, 125.968254089, 126.362991333, 126.746116638, 127.129249573, 127.523986816, 127.930335999, 128.336685181, 128.743041992, 129.149383545, 129.555740356, 129.973693848, 130.391647339, 130.821228027, 131.250793457, 131.680358887, 132.098312378, 132.481445312, 132.876190186, 133.25932312, 133.642440796, 134.02557373, 134.420318604, 134.815048218, 135.209793091, 135.604537964, 136.010879517, 136.417236328, 136.835189819, 137.253143311, 137.671112061, 138.077453613, 138.472198486, 138.866943359, 139.261672974, 139.656417847, 140.027938843, 140.411056519, 140.782577515, 141.154098511, 141.525619507, 141.897140503, 142.257049561, 142.628570557, 142.988479614, 143.348388672, 143.708297729, 144.056594849, 144.416503906, 144.776412964, 145.124710083, 145.473007202, 145.844528198, 146.216049194, 146.58757019, 146.970703125, 147.319000244, 147.667297363, 148.003982544, 148.352294922, 148.700592041, 149.037277222, 149.373962402, 149.722259521, 150.070556641, 150.430480957, 150.790390015, 151.138687134, 151.498596191, 151.881713867, 152.253234863, 152.624755859, 153.065933228, 153.507110596, 153.936691284, 154.366256714, 154.842269897, 155.318267822, 155.794281006, 156.328338623, 156.86239624, 157.408065796, 157.930511475, 158.464584351, 159.010253906, 159.555908203, 160.078369141, 160.600814819, 161.123260498, 161.645706177, 162.179763794, 162.71383667, 163.247894287, 163.770339966, 164.292785645, 164.815231323, 165.326080322, 165.836914062, 166.347747803, 166.858596802, 167.369430542, 167.880264282, 168.391113281, 168.901947021, 169.436004639, 169.981674194, 170.52734375, 171.084625244, 171.641906738, 172.199172974, 172.744842529, 173.290512085, 173.836181641, 174.34703064, 174.869476318, 175.391921997, 175.914367676, 176.436828613, 176.959274292, 177.470108032, 177.980941772, 178.491790771, 179.01423645, 179.52507019, 179.954650879, 180.384216309, 180.813781738, 181.30140686, 181.777404785, 182.253417969, 182.741043091, 183.228652954, 183.716278076, 184.19229126, 184.552200317, 184.912109375, 185.283630371, 185.655151367, 186.015060425, 186.363357544, 186.711654663, 187.048339844, 187.385025024, 187.721725464, 188.058410645, 188.406707764, 188.743392944, 189.068481445, 189.405166626, 189.741851807, 190.078552246, 190.415237427, 190.751922607, 191.088607788, 191.425308228, 191.75038147, 192.08706665, 192.42376709, 192.760452271, 193.097137451, 193.515090942, 193.933059692, 194.351013184, 194.768981934, 195.186935425, 195.604888916, 196.022857666, 196.440811157, 196.870376587, 197.299957275, 197.717910767, 198.135864258, 198.565444946, 198.983398438, 199.331695557, 199.668380737, 200.016693115, 200.364990234, 200.724899292, 201.08480835, 201.444717407, 201.804626465, 202.164535522, 202.52444458, 202.872741699, 203.221038818, 203.569335938, 203.917633057, 204.254333496, 204.591018677, 204.939315796, 205.287612915, 205.635910034, 205.995819092, 206.344116211, 206.692428589, 207.052337646, 207.412246704, 207.772155762, 208.120452881, 208.46875, 208.817047119, 209.165344238, 209.525253296, 209.885162354, 210.233459473, 210.59336853, 210.953277588, 211.336410522, 211.719543457, 212.102676392, 212.485794067, 212.868927002, 213.252059937, 213.635192871, 214.029922485, 214.41305542, 214.796188354, 215.179321289, 215.562438965, 215.945571899, 216.328704834, 216.711837769, 217.106567383, 217.501312256, 217.896057129, 218.279174805, 218.662307739, 219.033828735, 219.41696167, 219.800079346, 220.159988403, 220.51991272, 220.891418457, 221.262939453, 221.680908203, 222.098861694, 222.505218506, 222.911560059, 223.341125488, 223.770706177, 224.188659668, 224.595001221, 225.001358032, 225.419311523, 225.814056396, 226.197189331, 226.580307007, 226.97505188, 227.369796753, 227.764526367, 228.15927124, 228.542404175, 228.925521851, 229.308654785, 229.69178772, 230.063308716, 230.434829712, 230.806350708, 231.177871704, 231.549377441, 231.909286499, 232.269195557, 232.640716553, 233.012237549, 233.406982422, 233.801712036, 234.196456909, 234.591201782, 234.974319458, 235.357452393, 235.752197266, 236.1353302, 236.530059814, 236.913192749, 237.296325684, 237.66784668, 238.039367676, 238.410873413, 238.782394409, 239.165527344, 239.53704834, 239.920181274, 240.30329895, 240.674819946, 241.092788696, 241.510742188, 241.928695679, 242.369888306, 242.799453735, 243.229019165, 243.658584595, 244.088165283, 244.517730713, 244.947296143, 245.516189575, 246.085067749, 246.735229492, 247.373779297, 248.012329102, 248.650878906, 249.289428711, 249.927978516, 250.56652832, 251.193466187, 251.808792114, 252.43572998, 253.016235352, 253.596725464, 254.165618896, 254.734512329, 255.315002441, 255.883895874, 256.464385986, 257.091339111, 257.706665039, 258.321990967, 258.948944092, 259.575866699, 260.214416504, 260.852966309, 261.491516113, 262.130065918, 262.780212402, 263.360717773, 263.952819824, 264.544952393, 265.125427246, 265.694335938, 266.251617432, 266.797271729, 267.354553223, 267.88861084, 268.434295654, 268.968353271, 269.397918701, 269.839080811, 270.280273438, 270.733062744, 271.185852051, 271.638641357, 272.068206787, 272.486175537, 272.90411377, 273.32208252, 273.74005127, 274.157989502, 274.575958252, 274.982299805, 275.388671875, 275.795013428, 276.20135498, 276.642547607, 277.095336914, 277.548126221, 278.024108887, 278.50012207, 278.976135254, 279.452148438, 279.916534424, 280.380950928, 280.845336914, 281.251708984, 281.658050537, 282.06439209, 282.48236084, 282.888702393, 283.306671143, 283.736236572, 284.165802002, 284.606964111, 285.048156738, 285.466125488, 285.884063721, 286.302032471, 286.720001221, 287.14956665, 287.5675354, 287.985473633, 288.391845703, 288.798187256, 289.216125488, 289.634094238, 290.075286865, 290.516448975, 290.957641602, 291.387207031, 291.816772461, 292.246337891, 292.67590332, 293.117095947, 293.546661377, 293.976226807, 294.405792236, 294.835357666, 295.264923096, 295.682891846, 296.100860596, 296.530426025, 296.959991455, 297.389556885, 297.830749512, 298.260314941, 298.701477051, 299.142669678, 299.583862305, 300.013427734], "beats_loudness": {"dmean2": 0.0220309570432, "median": 0.00787889864296, "min": 1.16975320452e-06, "dvar2": 0.00111356982961, "dvar": 0.000436510628788, "dmean": 0.0130685353652, "max": 0.25477835536, "var": 0.00089252111502, "mean": 0.0205632075667}, "danceability": 0.807521224022, "bpm_histogram_second_peak_weight": {"dmean2": 0, "median": 0.087020650506, "min": 0.087020650506, "dvar2": 0, "dvar": 0, "dmean": 0, "max": 0.087020650506, "var": 0, "mean": 0.087020650506}, "beats_count": 679, "bpm_histogram_second_peak_bpm": {"dmean2": 0, "median": 157, "min": 157, "dvar2": 0, "dvar": 0, "dmean": 0, "max": 157, "var": 0, "mean": 157}, "bpm_histogram_first_peak_spread": {"dmean2": 0, "median": 0.469767451286, "min": 0.469767451286, "dvar2": 0, "dvar": 0, "dmean": 0, "max": 0.469767451286, "var": 0, "mean": 0.469767451286}, "beats_loudness_band_ratio": {"dmean2": [0.304357498884, 0.282944709063, 0.133765265346, 0.0362290069461, 0.0135741820559, 0.185941830277], "median": [0.526224017143, 0.275751292706, 0.0413652062416, 0.0105068637058, 0.00148673483636, 0.114485546947], "min": [0.00305747101083, 0.00202560797334, 0.000733684981242, 0.000145172700286, 1.66794052348e-05, 0.00429560616612], "dvar2": [0.0599358938634, 0.0518068782985, 0.0414693392813, 0.00378165952861, 0.00159150513355, 0.0333949066699], "dvar": [0.0246499292552, 0.0217787567526, 0.0154130412266, 0.00139369082171, 0.000537290237844, 0.0133752161637], "dmean": [0.186904981732, 0.170349597931, 0.0769933238626, 0.0204920116812, 0.00750717520714, 0.108304589987], "max": [0.967201769352, 0.928000092506, 0.878024876118, 0.380092859268, 0.28498762846, 0.739604115486], "var": [0.0759595707059, 0.0426612943411, 0.0196455642581, 0.0015802300768, 0.000439056369942, 0.017360188067], "mean": [0.494620591402, 0.313189864159, 0.0933815315366, 0.0232577193528, 0.0071222842671, 0.155716523528]}}, "lowlevel": {"barkbands_spread": {"dmean2": 2.62081623077, "median": 3.367228508, "min": 0.200761735439, "dvar2": 10.3564310074, "dvar": 4.05317020416, "dmean": 1.61937439442, "max": 54.9692306519, "var": 15.8070373535, "mean": 4.52032423019}, "melbands_spread": {"dmean2": 2.42020487785, "median": 3.08186101913, "min": 0.263807356358, "dvar2": 12.1722335815, "dvar": 5.09705543518, "dmean": 1.48562014103, "max": 132.017440796, "var": 19.6005573273, "mean": 4.367582798}, "hfc": {"dmean2": 27.206451416, "median": 14.4158382416, "min": 8.2848045091e-10, "dvar2": 3699.4140625, "dvar": 1451.76049805, "dmean": 16.9965114594, "max": 826.575134277, "var": 7677.57226562, "mean": 53.9804420471}, "barkbands_kurtosis": {"dmean2": 28.4422798157, "median": 22.9697685242, "min": -1.60095977783, "dvar2": 3377.07128906, "dvar": 1168.27209473, "dmean": 17.0990581512, "max": 1102.70666504, "var": 1594.23388672, "mean": 33.5035743713}, "gfcc": {"mean": [-174.777282715, 133.886032104, -43.8004989624, -8.70876979828, -34.3826408386, -17.70353508, -19.3340682983, -20.5326499939, -16.7904777527, -13.5502691269, -10.1142272949, -12.23320961, -3.30932283401], "icov": [[0.000199428162887, -0.00028919626493, 0.000465776654892, 0.000270672433544, 0.000157974063768, -0.000268294126727, 0.000541151559446, -0.000393261667341, 0.000723999517504, -0.000428616796853, 0.000212515515159, 0.000300403742585, -0.00017927713634], [-0.00028919626493, 0.00471032084897, -0.00234490819275, 0.000871169206221, -0.00196978216991, 0.00222067208961, -0.00273413746618, 0.00203127181157, -0.00265368213877, 0.00387115194462, -0.00329837831669, 0.00348480162211, -0.00175704387948], [0.000465776654892, -0.00234490819275, 0.00397579930723, -0.0011342363432, 0.00219477247447, -0.0020480165258, 0.00187356257811, -0.00126314244699, 0.000717108545359, 0.0012561926851, -0.00152706005611, -0.000744387274608, 0.00141348014586], [0.000270672433544, 0.000871169206221, -0.0011342363432, 0.00512066623196, -0.00334985810332, 0.00227890443057, -0.00033102548332, -0.00285903341137, 0.00422925688326, -0.00461612595245, 0.0054617151618, -0.00311664771289, 0.00247720279731], [0.000157974063768, -0.00196978216991, 0.00219477247447, -0.00334985810332, 0.0106175355613, -0.00600501988083, -0.00075040810043, 0.00312307476997, -0.00363971642219, 0.00428356230259, -0.00413280911744, 0.00485508842394, -0.00263010989875], [-0.000268294126727, 0.00222067208961, -0.0020480165258, 0.00227890443057, -0.00600501988083, 0.0119813717902, -0.0018824551953, -0.00369765423238, 0.00376966618933, -0.00264157704078, 0.0035123298876, -0.00566182332113, 0.00318921590224], [0.000541151559446, -0.00273413746618, 0.00187356257811, -0.00033102548332, -0.00075040810043, -0.0018824551953, 0.0103007573634, -0.00360071309842, -0.000574473233428, 0.00147276883945, -0.00121702335309, 0.00117919803597, -0.000236283536651], [-0.000393261667341, 0.00203127181157, -0.00126314244699, -0.00285903341137, 0.00312307476997, -0.00369765423238, -0.00360071309842, 0.0144769065082, -0.00925353914499, 0.00463280919939, -0.00157928932458, 0.000944780942518, -3.52675524482e-05], [0.000723999517504, -0.00265368213877, 0.000717108545359, 0.00422925688326, -0.00363971642219, 0.00376966618933, -0.000574473233428, -0.00925353914499, 0.0253654327244, -0.0203095041215, 0.0087476875633, -0.00230562919751, -0.00225838180631], [-0.000428616796853, 0.00387115194462, 0.0012561926851, -0.00461612595245, 0.00428356230259, -0.00264157704078, 0.00147276883945, 0.00463280919939, -0.0203095041215, 0.0329242050648, -0.0189854037017, 0.00912744924426, -0.00176899717189], [0.000212515515159, -0.00329837831669, -0.00152706005611, 0.0054617151618, -0.00413280911744, 0.0035123298876, -0.00121702335309, -0.00157928932458, 0.0087476875633, -0.0189854037017, 0.0338028520346, -0.0223202891648, 0.006574397441], [0.000300403742585, 0.00348480162211, -0.000744387274608, -0.00311664771289, 0.00485508842394, -0.00566182332113, 0.00117919803597, 0.000944780942518, -0.00230562919751, 0.00912744924426, -0.0223202891648, 0.0326111875474, -0.0139651140198], [-0.00017927713634, -0.00175704387948, 0.00141348014586, 0.00247720279731, -0.00263010989875, 0.00318921590224, -0.000236283536651, -3.52675524482e-05, -0.00225838180631, -0.00176899717189, 0.006574397441, -0.0139651140198, 0.0259720534086]], "cov": [[14283.7011719, -92.286605835, -2112.84741211, -1385.62353516, -215.247375488, -151.624450684, -585.118225098, -314.640716553, -161.074630737, 52.9552497864, -223.959716797, -369.584197998, 178.139190674], [-92.286605835, 680.575134277, 180.136245728, -173.430633545, 107.641799927, -84.269203186, 135.234527588, -79.8070755005, 25.1728096008, -76.0719833374, 31.6704769135, -59.2800445557, 31.6290988922], [-2112.84741211, 180.136245728, 806.802490234, 243.226303101, -19.8808784485, 67.387878418, 56.755317688, 65.082611084, -44.4857025146, -64.2778091431, 70.5475387573, 91.7680053711, -55.9495887756], [-1385.62353516, -173.430633545, 243.226303101, 535.088500977, 60.4555282593, 59.8166046143, 40.0555610657, 102.105110168, -28.3574028015, -2.22475624084, -37.4936485291, 31.0647144318, -62.7139091492], [-215.247375488, 107.641799927, -19.8808784485, 60.4555282593, 197.280105591, 49.2182502747, 71.6907730103, -7.58629226685, 12.5644569397, -21.0465221405, -10.7926626205, -26.320186615, 3.92693376541], [-151.624450684, -84.269203186, 67.387878418, 59.8166046143, 49.2182502747, 162.838470459, 21.9983024597, 48.7526397705, -22.1409759521, -8.77065753937, 4.05419063568, 32.8935317993, -16.7274856567], [-585.118225098, 135.234527588, 56.755317688, 40.0555610657, 71.6907730103, 21.9983024597, 184.235794067, 41.9115753174, 34.2879104614, -15.4782848358, 4.87387418747, -8.25547885895, 0.746816337109], [-314.640716553, -79.8070755005, 65.082611084, 102.105110168, -7.58629226685, 48.7526397705, 41.9115753174, 142.291702271, 43.7380905151, 19.2171497345, -4.9910902977, 15.6909379959, -12.2194070816], [-161.074630737, 25.1728096008, -44.4857025146, -28.3574028015, 12.5644569397, -22.1409759521, 34.2879104614, 43.7380905151, 127.340530396, 69.0243453979, 9.32959461212, -9.12487983704, 18.5854701996], [52.9552497864, -76.0719833374, -64.2778091431, -2.22475624084, -21.0465221405, -8.77065753937, -15.4782848358, 19.2171497345, 69.0243453979, 100.957725525, 31.8398914337, 9.21746730804, 7.53532600403], [-223.959716797, 31.6704769135, 70.5475387573, -37.4936485291, -10.7926626205, 4.05419063568, 4.87387418747, -4.9910902977, 9.32959461212, 31.8398914337, 94.4275588989, 59.6049118042, 9.90668392181], [-369.584197998, -59.2800445557, 91.7680053711, 31.0647144318, -26.320186615, 32.8935317993, -8.25547885895, 15.6909379959, -9.12487983704, 9.21746730804, 59.6049118042, 99.8614730835, 17.1646175385], [178.139190674, 31.6290988922, -55.9495887756, -62.7139091492, 3.92693376541, -16.7274856567, 0.746816337109, -12.2194070816, 18.5854701996, 7.53532600403, 9.90668392181, 17.1646175385, 62.1917877197]]}, "spectral_energyband_middle_low": {"dmean2": 0.00758109241724, "median": 0.00328862294555, "min": 5.52356156487e-15, "dvar2": 0.000280279957224, "dvar": 0.00010734526586, "dmean": 0.00468576839194, "max": 0.264470994473, "var": 0.000485414697323, "mean": 0.0124296313152}, "melbands_crest": {"dmean2": 6.10127973557, "median": 17.3427467346, "min": 5.13565063477, "dvar2": 28.2076854706, "dvar": 9.93418979645, "dmean": 3.62240219116, "max": 39.3938026428, "var": 27.097032547, "mean": 17.7996368408}, "spectral_kurtosis": {"dmean2": 26.4623203278, "median": 23.98072052, "min": -1.16755497456, "dvar2": 1115.06518555, "dvar": 409.499572754, "dmean": 16.1558055878, "max": 336.764953613, "var": 532.330993652, "mean": 30.5357627869}, "spectral_rms": {"dmean2": 0.000810854136944, "median": 0.00232689734548, "min": 8.80490524935e-09, "dvar2": 1.08027688839e-06, "dvar": 4.40777654376e-07, "dmean": 0.000515535473824, "max": 0.0184875819832, "var": 6.57009331917e-06, "mean": 0.00319660711102}, "zerocrossingrate": {"dmean2": 0.0516707263887, "median": 0.21435546875, "min": 0.00048828125, "dvar2": 0.00213402230293, "dvar": 0.00136136682704, "dmean": 0.0401752591133, "max": 0.78564453125, "var": 0.0122712552547, "mean": 0.230008885264}, "silence_rate_60dB": {"dmean2": 0.0951204448938, "median": 0, "min": 0, "dvar2": 0.100576892495, "dvar": 0.0452919863164, "dmean": 0.0475565493107, "max": 1, "var": 0.235951811075, "mean": 0.381503790617}, "erbbands_kurtosis": {"dmean2": 6.85300731659, "median": 4.27176380157, "min": -1.72101426125, "dvar2": 147.098876953, "dvar": 56.1444358826, "dmean": 4.20160198212, "max": 171.658508301, "var": 113.45841217, "mean": 7.35485649109}, "erbbands": {"dmean2": [0.0227686315775, 0.129846438766, 0.820473253727, 4.62300300598, 14.2862854004, 11.7990970612, 12.6704912186, 9.41813278198, 8.21340656281, 24.43110466, 7.64246416092, 10.0384244919, 32.4967651367, 7.36626625061, 4.3948841095, 2.03706026077, 4.94678115845, 7.46327352524, 4.37568807602, 6.93428945541, 2.81389355659, 0.402983158827, 0.244469642639, 0.294015824795, 0.295837789774, 0.2128174752, 0.181988313794, 0.103557445109, 0.0834961682558, 0.0644953548908, 0.0497806370258, 0.0378708876669, 0.0275639854372, 0.0189278144389, 0.0120266098529, 0.00689741550013, 0.00345289357938, 0.00147180608474, 0.000632341951132, 0.00126365351025], "median": [0.00508467620239, 0.0436267852783, 0.290506780148, 1.42134714127, 3.12181091309, 2.44727659225, 2.43028759956, 1.78069353104, 1.19233894348, 1.66368699074, 0.676133036613, 0.600368738174, 0.726269960403, 0.593971610069, 0.408588498831, 0.246330648661, 0.226764962077, 0.148056834936, 0.0942199528217, 0.0942936092615, 0.0593995824456, 0.0388146974146, 0.0326538942754, 0.0348855629563, 0.0275986231863, 0.0255532357842, 0.018416043371, 0.0135221313685, 0.0108502712101, 0.00722867250443, 0.00495464727283, 0.00362434005365, 0.00259480671957, 0.00186085677706, 0.00126387109049, 0.000789634068497, 0.000457694666693, 0.000263320631348, 0.000193374231458, 0.000550965312868], "min": [2.45327655997e-15, 8.18636252401e-15, 9.00258634187e-15, 1.35510558598e-14, 1.52601672618e-13, 6.63626976722e-13, 1.29733257557e-12, 9.68630015606e-13, 2.39759189065e-12, 2.01348764051e-11, 5.76090772308e-11, 6.07451311474e-11, 1.98933473861e-11, 2.74249390558e-11, 4.05148241345e-11, 1.06676716072e-10, 7.13561917887e-11, 2.38526316754e-11, 2.40441000443e-11, 4.8913872952e-11, 5.29707805397e-11, 6.68549937632e-11, 1.00168560946e-10, 1.27360996749e-10, 1.43997411217e-10, 1.65744987179e-10, 1.05326469768e-10, 6.46824954709e-11, 3.93655698316e-11, 4.52279706742e-11, 1.24061594331e-10, 1.90384305543e-10, 8.98349311607e-11, 1.53548257442e-10, 5.46898637488e-11, 7.5872440275e-11, 2.13789489584e-11, 5.64935294725e-12, 1.0137500648e-12, 1.13501080008e-13], "dvar2": [0.0040944381617, 0.0984385758638, 4.33693265915, 123.212379456, 1213.43713379, 1248.13037109, 3025.46606445, 961.039001465, 722.747192383, 22282.2675781, 1385.41296387, 3431.74902344, 53274.0351562, 2876.21606445, 572.569213867, 84.600227356, 1502.68469238, 1939.08618164, 877.109313965, 1635.75598145, 432.893676758, 4.25623464584, 0.499292880297, 1.10898995399, 1.79578304291, 0.492139995098, 0.390140861273, 0.0814579874277, 0.0486800707877, 0.0308984238654, 0.0185810457915, 0.0105794966221, 0.00552204996347, 0.00255864020437, 0.00100720475893, 0.000318871811032, 7.58845199016e-05, 1.29116569951e-05, 2.55733357335e-06, 2.23618517339e-05], "dvar": [0.00163760990836, 0.0360214971006, 1.46000778675, 39.5731048584, 420.411682129, 480.939941406, 1382.72998047, 532.271728516, 315.125640869, 8839.04003906, 552.616943359, 1295.86401367, 19354.5, 1024.75878906, 263.160430908, 32.5822143555, 585.479187012, 752.203491211, 305.353271484, 649.052246094, 181.987182617, 1.71708655357, 0.199571564794, 0.428698867559, 0.725121200085, 0.208793729544, 0.167175710201, 0.0316949039698, 0.0188372693956, 0.0117528075352, 0.00712144002318, 0.00406742701307, 0.00212686765008, 0.000987607054412, 0.000390131201129, 0.000124251571833, 2.98766262858e-05, 5.17911985298e-06, 1.07726862097e-06, 8.91387117008e-06], "dmean": [0.0137991569936, 0.0780515894294, 0.484348297119, 2.67213153839, 8.48520088196, 7.3443813324, 7.96693372726, 6.48888063431, 5.45770120621, 15.4721641541, 4.90196323395, 6.35248661041, 20.3915596008, 4.79537677765, 2.84725427628, 1.26810359955, 3.21504712105, 4.62027025223, 2.68525052071, 4.4121966362, 1.89887368679, 0.253538310528, 0.150823757052, 0.18352638185, 0.184491559863, 0.13501624763, 0.114667139947, 0.0623390451074, 0.0504551157355, 0.0385464131832, 0.0297557786107, 0.0226533040404, 0.0165116563439, 0.0113644320518, 0.00724194804206, 0.00417191209272, 0.00210403022356, 0.000907888170332, 0.000404312013416, 0.000814510916825], "max": [2.20222783089, 8.10942077637, 58.4674301147, 195.483154297, 493.113739014, 587.008483887, 2132.79077148, 984.690734863, 610.58416748, 4656.83398438, 896.921569824, 1474.87353516, 5863.36181641, 1646.2644043, 997.993225098, 263.163848877, 1060.7677002, 953.819885254, 714.145690918, 1107.87023926, 775.385192871, 92.3966140747, 18.4331626892, 31.7555904388, 47.9872169495, 24.7146568298, 17.3592643738, 7.87919092178, 4.60487651825, 3.7761888504, 2.88129281998, 2.08670020103, 1.49702179432, 1.01664233208, 0.637295842171, 0.358013004065, 0.173212662339, 0.071332231164, 0.0407740622759, 0.234070539474], "var": [0.00681541766971, 0.079798668623, 2.93439245224, 99.7293243408, 1397.3458252, 1509.45092773, 3106.78100586, 2153.09887695, 839.709289551, 16607.2148438, 1388.02294922, 2520.10351562, 34050.8242188, 1515.5769043, 523.403259277, 70.5206680298, 895.416992188, 1731.61853027, 594.190185547, 1338.71655273, 374.947906494, 2.79174995422, 0.436379790306, 1.30509400368, 2.73993563652, 0.799814343452, 0.483052253723, 0.0496327206492, 0.0258199796081, 0.0131340743974, 0.00749750155956, 0.00416609924287, 0.00218184129335, 0.00102704833262, 0.000414288166212, 0.000136284244945, 3.48013236362e-05, 7.23541506886e-06, 3.99408281737e-06, 3.02658190776e-05], "mean": [0.0248765610158, 0.12980517745, 0.775368332863, 4.93547964096, 17.1714725494, 14.0731153488, 14.4071893692, 15.5235643387, 10.6037960052, 24.7580432892, 8.90133953094, 9.92988586426, 31.3291835785, 8.22570896149, 5.03889560699, 2.50534486771, 5.03378534317, 7.69274330139, 4.69759893417, 6.95290565491, 3.10693764687, 0.37344700098, 0.22229295969, 0.31222486496, 0.340621978045, 0.24294641614, 0.184231489897, 0.0799144953489, 0.0610028766096, 0.0420406721532, 0.0306139960885, 0.0226106718183, 0.0164629034698, 0.0115197869018, 0.00751244882122, 0.0044593764469, 0.00237116171047, 0.00119447079487, 0.00094888888998, 0.00281662377529]}, "spectral_strongpeak": {"dmean2": 4.45389461517, "median": 0.292966425419, "min": 0, "dvar2": 321.522491455, "dvar": 122.960968018, "dmean": 2.44657206535, "max": 155.140075684, "var": 129.640869141, "mean": 2.65537667274}, "spectral_energy": {"dmean2": 0.00843721069396, "median": 0.00554981222376, "min": 7.94645179194e-14, "dvar2": 0.000329931062879, "dvar": 0.000129889827804, "dmean": 0.00527859153226, "max": 0.350335478783, "var": 0.000760206021369, "mean": 0.0172080453485}, "average_loudness": 0.0270245186985, "spectral_rolloff": {"dmean2": 9116.8984375, "median": 775.1953125, "min": 21.533203125, "dvar2": 188440896, "dvar": 72341672, "dmean": 4604.52246094, "max": 22050, "var": 106661552, "mean": 8880.22070312}, "spectral_centroid": {"dmean2": 91.2025299072, "median": 296.733551025, "min": 134.515075684, "dvar2": 18056.1855469, "dvar": 11586.1542969, "dmean": 56.4600753784, "max": 11367.5175781, "var": 41147.4257812, "mean": 344.360046387}, "pitch_salience": {"dmean2": 0.132097408175, "median": 0.547052264214, "min": 0.0289665833116, "dvar2": 0.0122459884733, "dvar": 0.0044642961584, "dmean": 0.0798048526049, "max": 0.906497836113, "var": 0.0152126569301, "mean": 0.531234741211}, "spectral_energyband_middle_high": {"dmean2": 0.000733077758923, "median": 6.09074013482e-05, "min": 1.43424802471e-14, "dvar2": 2.09095233004e-05, "dvar": 8.55238704389e-06, "dmean": 0.000484046962811, "max": 0.122292347252, "var": 2.39943365159e-05, "mean": 0.00112216616981}, "spectral_contrast_coeffs": {"dmean2": [0.0867656320333, 0.0752186328173, 0.0594955310225, 0.0584655962884, 0.0498454272747, 0.0317541770637], "median": [-0.606934309006, -0.761006712914, -0.825169563293, -0.864461779594, -0.907203197479, -0.862155616283], "min": [-0.963309645653, -0.969909369946, -0.971512615681, -0.989960610867, -0.979878604412, -0.963457405567], "dvar2": [0.00479816365987, 0.00373034575023, 0.00247064349242, 0.00218619010411, 0.00174377777148, 0.00113691471051], "dvar": [0.0016939912457, 0.001