{"metadata": {"tags": {"album": ["Christmas Album"], "albumartist": ["Nana Mouskouri"], "genre": ["Vocal"], "artist": ["Nana Mouskouri"], "date": ["2003"], "tracknumber": ["11"], "title": ["Hark! The Herald Angels Sing"], "file_name": "283487.mp3", "musicbrainz_recordingid": ["0d69d4d2-6973-4246-ac76-c769dc12b297"]}, "audio_properties": {"sample_rate": 44100, "downmix": "mix", "lossless": false, "analysis_sample_rate": 44100, "md5_encoded": "d09390b85725af1e4403fa34f6b541c1", "equal_loudness": 0, "replay_gain": -11.5306587219, "codec": "mp3", "bit_rate": 192000, "length": 177.580413818}, "version": {"extractor": "music 1.0", "essentia_build_sha": "70f2e5ece6736b2c40cc944ad0e695b16b925413", "essentia_git_sha": "v2.1_beta2", "essentia": "2.1-beta2"}}, "rhythm": {"beats_loudness_band_ratio": {"dvar2": [0.0616499632597, 0.0819743350148, 0.064984805882, 0.0716505944729, 0.00368758081459, 0.00718199275434], "var": [0.0437952056527, 0.0477863289416, 0.0348714478314, 0.038108151406, 0.00141594081651, 0.00156266696285], "min": [0.00164608936757, 0.00912374164909, 0.00576231535524, 0.000822305039037, 6.45785257802e-05, 4.06295039284e-05], "dmean": [0.188795864582, 0.208185493946, 0.167974099517, 0.145772129297, 0.028042929247, 0.0201787278056], "mean": [0.324406087399, 0.329817116261, 0.227452650666, 0.159326031804, 0.032228179276, 0.0165648236871], "max": [0.931281924248, 0.867313683033, 0.882737994194, 0.844696819782, 0.221764415503, 0.540268182755], "dmean2": [0.320589005947, 0.363914966583, 0.289048552513, 0.25473049283, 0.0503345988691, 0.0372515954077], "median": [0.282376945019, 0.306341141462, 0.16758993268, 0.0637405440211, 0.0192066058517, 0.00696584163234], "dvar": [0.0223628431559, 0.029486246407, 0.0242648422718, 0.0286104530096, 0.00125869491603, 0.00251314276829]}, "bpm_histogram_first_peak_weight": {"dvar2": 0, "var": 0, "min": 0.280487805605, "dmean": 0, "mean": 0.280487805605, "max": 0.280487805605, "dmean2": 0, "median": 0.280487805605, "dvar": 0}, "bpm": 110.203712463, "beats_count": 329, "bpm_histogram_first_peak_spread": {"dvar2": 0, "var": 0, "min": 0.596491217613, "dmean": 0, "mean": 0.596491217613, "max": 0.596491217613, "dmean2": 0, "median": 0.596491217613, "dvar": 0}, "danceability": 1.04779005051, "bpm_histogram_first_peak_bpm": {"dvar2": 0, "var": 0, "min": 110, "dmean": 0, "mean": 110, "max": 110, "dmean2": 0, "median": 110, "dvar": 0}, "beats_position": [0.545668900013, 1.09133780003, 1.63700675964, 2.19428563118, 2.73995471001, 3.27401351929, 3.79646253586, 4.31891155243, 4.841360569, 5.34058952332, 5.83981847763, 6.33904743195, 6.84988641739, 7.36072540283, 7.8831744194, 8.40562343597, 8.91646194458, 9.41569137573, 9.92653083801, 10.4257593155, 10.9365987778, 11.4358272552, 11.9466667175, 12.4575052261, 12.9451246262, 13.4675731659, 14.0016326904, 14.5589113235, 15.1045799255, 15.6386394501, 16.1726989746, 16.7183666229, 17.2408161163, 17.7748756409, 18.2973232269, 18.8313827515, 19.365442276, 19.8994998932, 20.4219493866, 20.94439888, 21.4552383423, 21.9776859283, 22.5001354218, 23.0341949463, 23.5566444397, 24.0790920258, 24.6131515503, 25.1472110748, 25.681268692, 26.2153282166, 26.73777771, 27.2718353271, 27.8175048828, 28.3515644073, 28.8856239319, 29.4312915802, 29.9769611359, 30.5226306915, 31.0450782776, 31.5791378021, 32.1131973267, 32.6356468201, 33.1697044373, 33.7037620544, 34.2262115479, 34.7486610413, 35.2827186584, 35.8167800903, 36.3392295837, 36.8848991394, 37.4189567566, 37.9530143738, 38.4870758057, 39.0095214844, 39.5435829163, 40.1008605957, 40.6581382751, 41.2270278931, 41.7494773865, 42.2603149414, 42.771156311, 43.3052139282, 43.8508834839, 44.3965530396, 44.9422225952, 45.4878921509, 46.0219497681, 46.5560073853, 47.0900688171, 47.6241264343, 48.1465759277, 48.6690254211, 49.2146911621, 49.7603607178, 50.3060302734, 50.8516998291, 51.3857574463, 51.931427002, 52.4770965576, 53.0227661133, 53.5568237305, 54.0908851624, 54.6249427795, 55.1706123352, 55.7046699524, 56.2387275696, 56.7727890015, 57.3068466187, 57.8409042358, 58.39818573, 58.9554634094, 59.5243530273, 60.0932426453, 60.6621322632, 61.1613578796, 61.6721992493, 62.1714286804, 62.6938781738, 63.2163238525, 63.7387733459, 64.2728347778, 64.8185043335, 65.3641738892, 65.9214477539, 66.4903411865, 67.0592269897, 67.6397247314, 68.2202224731, 68.7775039673, 69.3347854614, 69.8804550171, 70.4261245728, 70.9601821899, 71.5174560547, 72.0631256104, 72.6204071045, 73.1428527832, 73.6653060913, 74.18775177, 74.7450332642, 75.3023147583, 75.8479766846, 76.3820419312, 76.9160995483, 77.4385452271, 77.9726028442, 78.5066680908, 79.0523376465, 79.5979995728, 80.1436691284, 80.7009506226, 81.2582321167, 81.8039016724, 82.349571228, 82.9068450928, 83.4525146484, 83.9981842041, 84.5438537598, 85.077911377, 85.6119689941, 86.1576385498, 86.7033081055, 87.2373657227, 87.7714233398, 88.3054885864, 88.8279342651, 89.3852157593, 89.942489624, 90.4881591797, 91.0222167969, 91.5562820435, 92.1135559082, 92.6476211548, 93.2048950195, 93.7505645752, 94.2962341309, 94.8419036865, 95.3875732422, 95.9216308594, 96.467300415, 97.0245819092, 97.5702438354, 98.1159133911, 98.6615829468, 99.2188644409, 99.7761459351, 100.321815491, 100.879089355, 101.413146973, 101.958816528, 102.504486084, 103.05015564, 103.595825195, 104.141494751, 104.698776245, 105.25605011, 105.813331604, 106.35900116, 106.904670715, 107.46194458, 108.019226074, 108.56489563, 109.110565186, 109.656234741, 110.201904297, 110.759178162, 111.316459656, 111.87374115, 112.431015015, 112.988296509, 113.533966064, 114.07963562, 114.625305176, 115.170974731, 115.728248596, 116.28553009, 116.842811584, 117.400085449, 117.968978882, 118.537864685, 119.083534241, 119.629203796, 120.163261414, 120.720542908, 121.266212463, 121.811882019, 122.369155884, 122.926437378, 123.472106934, 124.029388428, 124.586662292, 125.143943787, 125.689613342, 126.246894836, 126.792556763, 127.338226318, 127.872291565, 128.406341553, 128.963623047, 129.520904541, 130.066574097, 130.612243652, 131.157913208, 131.703582764, 132.260864258, 132.818145752, 133.375411987, 133.932693481, 134.489974976, 135.04725647, 135.604537964, 136.161804199, 136.719085693, 137.276367188, 137.833648682, 138.390930176, 138.94821167, 139.505477905, 140.051147461, 140.596817017, 141.142486572, 141.688156128, 142.245437622, 142.802719116, 143.36000061, 143.917282104, 144.486160278, 145.043441772, 145.589111328, 146.134780884, 146.692062378, 147.237731934, 147.771789551, 148.317459106, 148.874740601, 149.420410156, 149.97769165, 150.534957886, 151.080627441, 151.637908936, 152.183578491, 152.729248047, 153.274917603, 153.820587158, 154.377868652, 154.923538208, 155.480819702, 156.061309814, 156.630203247, 157.19909668, 157.779586792, 158.360092163, 158.940582275, 159.509475708, 160.066757202, 160.635650635, 161.181304932, 161.726974487, 162.284255981, 162.841537476, 163.422042847, 164.002532959, 164.58303833, 165.070648193, 165.558273315, 166.045898438, 166.533508301, 167.021133423, 167.508743286, 167.949935913, 168.391113281, 168.843902588, 169.273468018, 169.714645386, 170.167434692, 170.620223999, 171.084625244, 171.549026489, 172.013427734, 172.466217041, 172.919006348, 173.371795654, 173.871017456, 174.370239258, 174.881088257, 175.380310059, 175.891159058, 176.401992798, 176.9012146], "beats_loudness": {"dvar2": 0.000426001817686, "var": 0.00030926958425, "min": 0.000187989862752, "dmean": 0.0134439626709, "mean": 0.0305851381272, "max": 0.119290597737, "dmean2": 0.0236029531807, "median": 0.0292031653225, "dvar": 0.000157828311785}, "bpm_histogram_second_peak_weight": {"dvar2": 0, "var": 0, "min": 0.0975609719753, "dmean": 0, "mean": 0.0975609719753, "max": 0.0975609719753, "dmean2": 0, "median": 0.0975609719753, "dvar": 0}, "bpm_histogram_second_peak_spread": {"dvar2": 0, "var": 0, "min": 0.304347872734, "dmean": 0, "mean": 0.304347872734, "max": 0.304347872734, "dmean2": 0, "median": 0.304347872734, "dvar": 0}, "bpm_histogram_second_peak_bpm": {"dvar2": 0, "var": 0, "min": 115, "dmean": 0, "mean": 115, "max": 115, "dmean2": 0, "median": 115, "dvar": 0}, "onset_rate": 2.66332101822}, "lowlevel": {"spectral_energyband_high": {"dvar2": 1.61914996966e-07, "var": 3.72859716435e-07, "min": 7.57742192862e-21, "dmean": 0.000109067615995, "mean": 0.000257981126197, "max": 0.00781255215406, "dmean2": 0.000148054459714, "median": 7.73000938352e-05, "dvar": 9.77155778514e-08}, "spectral_energyband_middle_low": {"dvar2": 0.00016821155441, "var": 0.000167302438058, "min": 2.71346366213e-22, "dmean": 0.00534290540963, "mean": 0.0145093062893, "max": 0.128790155053, "dmean2": 0.00842059217393, "median": 0.0111343171448, "dvar": 6.35184769635e-05}, "spectral_energy": {"dvar2": 0.000199323490961, "var": 0.000327460322296, "min": 1.04488962224e-20, "dmean": 0.00668125320226, "mean": 0.0250610895455, "max": 0.137332439423, "dmean2": 0.0102419387549, "median": 0.021727187559, "dvar": 7.71483319113e-05}, "spectral_spread": {"dvar2": 1145493520380.0, "var": 4010546561020.0, "min": 857568.875, "dmean": 473649.84375, "mean": 3795955.25, "max": 41848352, "dmean2": 692571.5625, "median": 3490505.5, "dvar": 669717495808}, "spectral_energyband_low": {"dvar2": 7.58477335694e-06, "var": 2.17870092456e-05, "min": 4.37260866599e-23, "dmean": 0.00118583429139, "mean": 0.00470270821825, "max": 0.0407040789723, "dmean2": 0.00182583963033, "median": 0.00338864233345, "dvar": 3.49578749592e-06}, "spectral_rolloff": {"dvar2": 1041837.5, "var": 1560460.625, "min": 21.533203125, "dmean": 243.725128174, "mean": 945.583068848, "max": 19250.6835938, "dmean2": 417.825866699, "median": 689.0625, "dvar": 512321.78125}, "barkbands": {"dvar2": [5.51422516537e-08, 4.82063933305e-06, 1.12885163617e-06, 1.19843730317e-06, 1.88342855836e-05, 4.24018835474e-05, 8.45715476316e-05, 1.14741023935e-05, 5.70345673623e-06, 1.72845575435e-05, 3.47542882082e-05, 4.3884756451e-06, 1.4106448134e-06, 1.27956366214e-06, 3.18369671959e-07, 1.34109669148e-07, 4.40862294226e-07, 8.73480914265e-08, 1.16250284066e-07, 9.71014699758e-08, 1.30090871409e-08, 1.88875759477e-08, 9.86733805775e-09, 1.75007031089e-08, 8.39285174692e-09, 3.90116189353e-10, 5.14400778917e-11], "var": [4.53838637782e-08, 1.16467163025e-05, 3.8549042074e-06, 1.73830198946e-06, 2.85639998765e-05, 4.72878346045e-05, 5.65378795727e-05, 8.22209858597e-06, 4.64793674837e-06, 1.68082333403e-05, 4.37932103523e-05, 5.2863538258e-06, 2.50497146226e-06, 1.77653373612e-06, 2.75807536809e-07, 1.17374902686e-07, 4.74095770642e-07, 1.20312165564e-07, 1.3776651997e-07, 1.3800062959e-07, 1.34854332146e-08, 1.68794773714e-08, 1.26115180521e-08, 3.56087568321e-08, 1.81152142176e-08, 7.89861065442e-10, 1.40177980334e-10], "min": [1.13415981876e-24, 7.91321993473e-24, 5.21269425409e-24, 1.30246954461e-23, 1.26053732765e-23, 2.20847463765e-23, 2.66148164123e-23, 2.52782556915e-23, 1.65776200447e-23, 2.5337410793e-23, 3.47939471587e-23, 1.42523010653e-23, 6.21004241909e-23, 7.10568795406e-23, 6.20803050824e-23, 9.40780180111e-23, 9.96896400138e-23, 1.64022029385e-22, 1.52541200205e-22, 2.44895796952e-22, 3.31675545236e-22, 3.91918391322e-22, 6.1505599087e-22, 5.15411726135e-22, 1.09215558274e-21, 1.51946060819e-21, 2.15191339278e-21], "dmean": [8.32779769553e-05, 0.000823767390102, 0.00041656329995, 0.000308990915073, 0.0013920313213, 0.00221665203571, 0.00233188061975, 0.000521285517607, 0.000522127607837, 0.000967180589214, 0.00131039472762, 0.000359159690561, 0.000250639393926, 0.000186152159586, 0.000133812645799, 6.52046728646e-05, 0.000119263320812, 7.42856645957e-05, 9.16108256206e-05, 7.70196857047e-05, 2.26768861467e-05, 2.13056227949e-05, 1.78237260116e-05, 2.18514196604e-05, 1.61163752637e-05, 3.55417819264e-06, 6.91841705702e-07], "mean": [0.000128584957565, 0.00287215248682, 0.00141109945253, 0.000720246171113, 0.00348363653757, 0.00439731078222, 0.00374783924781, 0.000765269505791, 0.000836270861328, 0.00160201243125, 0.00241298368201, 0.000696896517184, 0.000451077474281, 0.000332409486873, 0.000230885998462, 9.84549915302e-05, 0.000212102895603, 0.000140222822665, 0.000177412264748, 0.000153596440214, 4.08294035878e-05, 3.43303363479e-05, 3.15764045808e-05, 4.19946227339e-05, 3.26662193402e-05, 7.50981962483e-06, 1.6945492689e-06], "max": [0.00163248518948, 0.0259690023959, 0.0160141177475, 0.0226429663599, 0.0758807957172, 0.0654340386391, 0.101491466165, 0.0919173508883, 0.0384042002261, 0.0850896984339, 0.0779565945268, 0.0386689677835, 0.030018594116, 0.0348865836859, 0.0132333431393, 0.0126025266945, 0.0159912984818, 0.0062956539914, 0.00605214573443, 0.00743187405169, 0.00259829917923, 0.00504971574992, 0.00307151605375, 0.00333444448188, 0.00231507397257, 0.000744703982491, 0.000316352990922], "dmean2": [0.000131348337163, 0.0013012860436, 0.000624670588877, 0.000483939045807, 0.00212041824125, 0.00344069534913, 0.00371309230104, 0.000835261947941, 0.000810138182715, 0.00147174031008, 0.00205757422373, 0.000559349311516, 0.000371740985429, 0.000273531419225, 0.000216677231947, 0.000103692756966, 0.000181053794222, 0.000112615307444, 0.000138354997034, 0.000111881017801, 3.40583974321e-05, 3.17726371577e-05, 2.57924020843e-05, 2.98053892038e-05, 2.3218408387e-05, 4.98362669532e-06, 9.50889557316e-07], "median": [3.14044045808e-05, 0.00137032673229, 0.000593754521105, 0.000222041417146, 0.00163551897276, 0.00157899269834, 0.000966876803432, 9.30471433094e-05, 0.00022159195214, 0.000216829546844, 0.000241506990278, 9.70312830759e-05, 7.08489242243e-05, 4.23397468694e-05, 6.21373474132e-05, 1.93437317648e-05, 3.70468078472e-05, 3.62153878086e-05, 4.14020760218e-05, 3.68321743736e-05, 9.87601379165e-06, 6.47334627502e-06, 6.25663506071e-06, 4.85477448819e-06, 6.74588909533e-06, 1.94162021216e-06, 1.01654336504e-07], "dvar": [2.3131168092e-08, 2.06322397389e-06, 5.41376095953e-07, 4.79539096432e-07, 8.12949019746e-06, 1.71501342265e-05, 3.14902172249e-05, 4.68080270366e-06, 2.31272042583e-06, 7.21589822206e-06, 1.41873670145e-05, 1.72127727183e-06, 7.20278592325e-07, 6.61171952743e-07, 1.30152145061e-07, 6.50623164233e-08, 2.05700189326e-07, 4.25296633466e-08, 5.63429374267e-08, 4.7649194812e-08, 6.01664318367e-09, 9.15042086547e-09, 5.15543652213e-09, 1.05841024833e-08, 4.81610129555e-09, 2.39051028972e-10, 2.83209115881e-11]}, "melbands_skewness": {"dvar2": 0.900010406971, "var": 2.39858198166, "min": -1.59560585022, "dmean": 0.586987257004, "mean": 2.20208930969, "max": 13.793548584, "dmean2": 0.899141490459, "median": 2.07376766205, "dvar": 0.408752799034}, "barkbands_skewness": {"dvar2": 0.785053014755, "var": 1.75898087025, "min": -1.9801286459, "dmean": 0.508442044258, "mean": 1.64899873734, "max": 14.997844696, "dmean2": 0.77704167366, "median": 1.5408000946, "dvar": 0.344104737043}, "erbbands": {"dvar2": [0.00527458032593, 0.25633251667, 1.44884860516, 3.23196840286, 118.83605957, 283.593688965, 1456.66918945, 4141.31982422, 21203.6875, 10185.0869141, 2167.05517578, 3027.24023438, 16008.2744141, 28814.8730469, 54486.1992188, 6928.75439453, 2379.97387695, 3928.84765625, 481.384338379, 411.571533203, 413.720214844, 806.54486084, 153.691207886, 317.867218018, 289.401123047, 102.589599609, 29.1630172729, 20.9069404602, 18.0207099915, 28.7508926392, 5.76575469971, 9.08660030365, 5.69481515884, 1.86263632774, 0.309187114239, 0.0241584796458, 0.000763581891079, 6.39851787128e-05, 2.14478882299e-06, 5.64768098954e-09], "var": [0.0161636602134, 0.533090412617, 4.595038414, 7.06120824814, 139.2681427, 471.355712891, 1946.27844238, 4335.18652344, 13240.4765625, 8074.44042969, 1541.18652344, 2390.10522461, 13781.9775391, 51195.9765625, 45835.2070312, 9830.83789062, 5114.35400391, 5392.52392578, 371.568634033, 350.410400391, 739.705932617, 1038.70202637, 376.882568359, 473.122924805, 371.90737915, 219.20664978, 47.1914176941, 21.6160755157, 15.1875867844, 27.269159317, 7.71093463898, 15.1970949173, 9.8042383194, 3.79894518852, 0.534024357796, 0.0417825952172, 0.00153773347847, 0.000345356820617, 1.40084250688e-06, 3.14238146615e-09], "min": [1.66561202245e-22, 2.86880958471e-21, 8.46695854999e-21, 2.45514879845e-20, 3.70070750975e-20, 3.32653203654e-20, 1.10836217947e-19, 1.83823236004e-19, 5.18993899229e-19, 3.78314775464e-19, 8.88229230096e-19, 5.18125669778e-19, 4.21065046334e-19, 1.15264382015e-18, 1.65258206301e-18, 1.6017931734e-18, 2.71537566387e-18, 3.99394728912e-18, 4.41308466859e-18, 5.36277486576e-18, 5.50416195273e-18, 5.93633859378e-18, 8.05248084047e-18, 6.89238029729e-18, 1.00848296911e-17, 1.17302449579e-17, 1.2072113742e-17, 1.45573613488e-17, 1.38153364987e-17, 1.49729931368e-17, 1.72881194701e-17, 9.7703405853e-18, 1.05714360572e-17, 1.04053936113e-17, 7.91294043422e-18, 5.40627918931e-18, 2.45138117816e-18, 9.56004066791e-19, 2.66129981699e-19, 2.88854507207e-20], "dmean": [0.0217299796641, 0.197630226612, 0.491549283266, 0.661654651165, 2.86724805832, 5.09880971909, 10.1611852646, 19.3788414001, 34.3872108459, 22.3586788177, 9.29500007629, 11.1420125961, 24.3584861755, 40.3052368164, 36.3863716125, 15.0868330002, 11.5237588882, 11.2355089188, 5.18958568573, 5.51690626144, 3.96912431717, 5.5848698616, 3.3677148819, 5.08796977997, 3.82204723358, 2.9740126133, 1.29956030846, 0.81697010994, 0.685955882072, 0.768784761429, 0.435072302818, 0.45487588644, 0.387462973595, 0.232944846153, 0.0944824069738, 0.0242912042886, 0.00565674249083, 0.00123789452482, 9.59998069447e-05, 9.994485481e-06], "mean": [0.0786801278591, 0.659231841564, 1.70465862751, 2.03276228905, 6.72031641006, 12.9078655243, 21.6709671021, 37.0789146423, 56.8591308594, 37.4593544006, 15.5057353973, 18.8144989014, 42.7757720947, 81.9460220337, 65.1107406616, 32.0023574829, 23.0244827271, 21.0335922241, 9.71098518372, 9.94414710999, 7.50124931335, 10.9208126068, 7.66609573364, 10.4936685562, 8.21924114227, 6.30174636841, 2.62231183052, 1.45848143101, 1.14456105232, 1.26653122902, 0.795736968517, 0.807201981544, 0.724613785744, 0.474008142948, 0.175256878138, 0.0478579849005, 0.0117138940841, 0.003359999042, 0.000198833440663, 3.42531166098e-05], "max": [0.956636488438, 5.42231035233, 19.095993042, 46.1723098755, 171.926925659, 364.66506958, 605.095581055, 783.163879395, 1916.02490234, 1558.29846191, 737.551513672, 1028.68603516, 3556.59936523, 2964.49707031, 3748.54272461, 1690.29296875, 1434.89331055, 1821.17749023, 419.004089355, 516.226806641, 792.901916504, 606.720031738, 342.559204102, 323.360534668, 367.066436768, 226.448608398, 130.069030762, 142.074539185, 106.819023132, 216.201782227, 54.2602844238, 87.4696655273, 46.3289337158, 32.5841064453, 15.429028511, 6.24974346161, 0.729967951775, 0.500164806843, 0.0563937872648, 0.00364456069656], "dmean2": [0.0353249236941, 0.310054063797, 0.74721455574, 0.999869465828, 4.46969366074, 7.65782690048, 15.7389440536, 30.2050552368, 54.9364891052, 35.0954170227, 14.7555046082, 17.4965190887, 38.0572052002, 59.6457328796, 58.2725982666, 23.0776767731, 16.6897411346, 16.4179592133, 8.09091758728, 8.90842914581, 5.84999322891, 8.42911815643, 4.94063138962, 7.57668352127, 5.4939699173, 4.18266105652, 1.88938939571, 1.22133135796, 1.0333135128, 1.13131403923, 0.622660934925, 0.627636313438, 0.550610005856, 0.335091769695, 0.134832784534, 0.0343884192407, 0.00811422616243, 0.001613936387, 0.00014521634148, 1.4991849639e-05], "median": [0.0212925169617, 0.36575949192, 1.03071200848, 1.22873902321, 2.64142847061, 6.0623588562, 6.0820069313, 11.987742424, 15.9124221802, 7.73660850525, 4.75469589233, 5.7287311554, 7.03228759766, 12.4297618866, 6.65511894226, 5.26890897751, 4.65593957901, 3.61252212524, 3.69757056236, 3.70453572273, 1.96973729134, 2.08995318413, 2.12431788445, 2.80810928345, 2.10548067093, 1.54330360889, 0.687086820602, 0.330692499876, 0.257307261229, 0.202144309878, 0.164699614048, 0.0869518965483, 0.0936823859811, 0.0908054336905, 0.0347357019782, 0.0115467691794, 0.00296082138084, 0.00047263916349, 2.84705456579e-05, 2.85210917355e-05], "dvar": [0.00242974516004, 0.104656398296, 0.662647545338, 1.37206852436, 49.0528144836, 132.598266602, 619.454284668, 1669.42980957, 7814.67773438, 4040.38085938, 847.422180176, 1219.02087402, 6304.46289062, 13255.9667969, 19274.8007812, 2740.34594727, 1242.61206055, 2009.73193359, 204.126846313, 168.084609985, 259.854980469, 385.710723877, 84.1062240601, 158.641815186, 141.931030273, 59.3386611938, 14.7727794647, 10.5564413071, 8.5948266983, 13.1836099625, 3.00169730186, 5.17309093475, 3.05801725388, 1.00908446312, 0.172243207693, 0.0145549410954, 0.000417856499553, 4.63631586172e-05, 8.27905353162e-07, 2.53689536045e-09]}, "silence_rate_30dB": {"dvar2": 0.000784381234553, "var": 0.000130716129206, "min": 0, "dmean": 0.000261506269453, "mean": 0.999869287014, "max": 1, "dmean2": 0.000523080932908, "median": 1, "dvar": 0.000261446257355}, "melbands_spread": {"dvar2": 99.9939575195, "var": 174.124954224, "min": 0.422003209591, "dmean": 3.87275695801, "mean": 14.8935136795, "max": 199.504760742, "dmean2": 5.88477897644, "median": 12.0500030518, "dvar": 48.6043052673}, "melbands_crest": {"dvar2": 17.2809715271, "var": 23.7065162659, "min": 1.60158491135, "dmean": 2.84416699409, "mean": 14.4151172638, "max": 33.3554267883, "dmean2": 4.5403752327, "median": 13.5921564102, "dvar": 6.8464422226}, "zerocrossingrate": {"dvar2": 0.000122726763948, "var": 0.00101387803443, "min": 0.001953125, "dmean": 0.00648600701243, "mean": 0.0400435961783, "max": 0.50927734375, "dmean2": 0.00755313038826, "median": 0.03515625, "dvar": 0.000121746757941}, "barkbands_kurtosis": {"dvar2": 158.833190918, "var": 139.355895996, "min": -1.94312572479, "dmean": 3.59299373627, "mean": 7.06951189041, "max": 345.281005859, "dmean2": 5.62347269058, "median": 3.76255989075, "dvar": 66.8781356812}, "spectral_flux": {"dvar2": 0.00112199655268, "var": 0.001433327212, "min": 6.54430259983e-11, "dmean": 0.0200811214745, "mean": 0.0664700716734, "max": 0.288935363293, "dmean2": 0.0327614322305, "median": 0.0605011619627, "dvar": 0.00042388838483}, "barkbands_crest": {"dvar2": 12.5894298553, "var": 17.045085907, "min": 3.66105031967, "dmean": 2.47148776054, "mean": 11.8272628784, "max": 26.0756950378, "dmean2": 3.94192838669, "median": 11.1539583206, "dvar": 5.03526496887}, "barkbands_flatness_db": {"dvar2": 0.000855637539644, "var": 0.00275055156089, "min": 0.0339581184089, "dmean": 0.0197761245072, "mean": 0.189253643155, "max": 0.440776467323, "dmean2": 0.0298670195043, "median": 0.181969717145, "dvar": 0.000390512228478}, "spectral_entropy": {"dvar2": 0.0838345140219, "var": 0.267429679632, "min": 4.57121229172, "dmean": 0.187599495053, "mean": 6.81282997131, "max": 9.81592845917, "dmean2": 0.2786898911, "median": 6.81929302216, "dvar": 0.0405348278582}, "pitch_salience": {"dvar2": 0.00711632007733, "var": 0.0103082489222, "min": 0.148142024875, "dmean": 0.0587063878775, "mean": 0.50285589695, "max": 0.807438135147, "dmean2": 0.093774035573, "median": 0.499905645847, "dvar": 0.00289698597044}, "erbbands_spread": {"dvar2": 170.422027588, "var": 345.978729248, "min": 1.72026503086, "dmean": 6.55474710464, "mean": 27.7554168701, "max": 153.122207642, "dmean2": 10.0048818588, "median": 24.1571464539, "dvar": 81.6402587891}, "dynamic_complexity": 3.52631258965, "spectral_contrast_valleys": {"dvar2": [0.27295216918, 0.181547030807, 0.159708142281, 0.120944090188, 0.117890588939, 0.214308172464], "var": [1.15030705929, 0.908611238003, 1.00655674934, 0.830565750599, 1.10526430607, 1.60065579414], "min": [-27.9347400665, -27.5956497192, -27.5116405487, -27.2708320618, -27.4358539581, -27.3407897949], "dmean": [0.35846170783, 0.306060135365, 0.285013020039, 0.235911026597, 0.216435655951, 0.256111502647], "mean": [-7.58362722397, -7.28434658051, -7.98127508163, -8.69854164124, -8.66916465759, -11.2341194153], "max": [-5.75355672836, -5.05127573013, -5.20456981659, -6.97449398041, -6.19881677628, -7.90524768829], "dmean2": [0.570437669754, 0.494821280241, 0.460834354162, 0.378676384687, 0.328943014145, 0.355860382318], "median": [-7.39335155487, -7.17091798782, -7.91008996964, -8.55844593048, -8.48202896118, -11.0739631653], "dvar": [0.129182219505, 0.0852747112513, 0.0800691992044, 0.0645391196012, 0.0662710294127, 0.127561539412]}, "hfc": {"dvar2": 84.8196182251, "var": 210.407531738, "min": 1.13924594682e-16, "dmean": 4.28488111496, "mean": 15.3314886093, "max": 104.949829102, "dmean2": 6.27157402039, "median": 10.7135505676, "dvar": 36.4035835266}, "spectral_kurtosis": {"dvar2": 48.0665817261, "var": 67.834236145, "min": -1.34084177017, "dmean": 3.23346018791, "mean": 9.55250930786, "max": 95.4528503418, "dmean2": 5.3397269249, "median": 7.67869949341, "dvar": 17.9410591125}, "mfcc": {"mean": [-698.202331543, 157.854660034, 5.24956083298, 19.7263450623, 1.90417051315, -5.92982816696, 6.52557706833, -1.67459642887, -8.24510574341, -3.79792666435, -4.14339542389, -5.47093200684, 3.62959980965], "cov": [[5607.07373047, -1092.66235352, -541.773010254, -119.685539246, -375.632202148, -109.537475586, 213.906051636, 122.368148804, -34.6754608154, 44.0321807861, 94.4331283569, 14.4630880356, 268.236572266], [-1092.66235352, 1275.74731445, -251.985687256, 7.73568296432, 138.373703003, 28.3291950226, 74.4885940552, 26.7420597076, -15.4265584946, 25.0230464935, 15.634888649, -11.8185472488, -35.6420516968], [-541.773010254, -251.985687256, 794.473083496, -27.3998718262, 60.5484085083, 71.747467041, -61.8874168396, -2.59408712387, 13.589392662, 17.4234542847, -41.0078048706, 84.4521789551, -82.0406570435], [-119.685539246, 7.73568296432, -27.3998718262, 420.511993408, 128.427474976, -73.3634643555, -44.3441505432, 11.6834373474, 55.3631401062, -12.9788923264, 2.59136795998, 25.599401474, -13.4303226471], [-375.632202148, 138.373703003, 60.5484085083, 128.427474976, 295.442565918, -15.8640584946, -72.6653060913, 40.3422698975, 62.0055274963, 14.9630250931, 15.3643894196, 33.2318687439, -35.5130500793], [-109.537475586, 28.3291950226, 71.747467041, -73.3634643555, -15.8640584946, 254.306655884, 80.339050293, 36.049369812, 11.3870668411, 36.6761016846, 41.7387657166, -27.330991745, 8.2829284668], [213.906051636, 74.4885940552, -61.8874168396, -44.3441505432, -72.6653060913, 80.339050293, 276.464996338, 17.4460849762, -10.2504453659, 27.3430976868, 19.958147049, -35.9896507263, 29.6946468353], [122.368148804, 26.7420597076, -2.59408712387, 11.6834373474, 40.3422698975, 36.049369812, 17.4460849762, 175.804763794, 35.2010650635, 22.7299308777, 33.1394615173, 15.8333873749, 26.8509502411], [-34.6754608154, -15.4265584946, 13.589392662, 55.3631401062, 62.0055274963, 11.3870668411, -10.2504453659, 35.2010650635, 158.561706543, 18.2841529846, 33.8567008972, 19.8831195831, -15.8177404404], [44.0321807861, 25.0230464935, 17.4234542847, -12.9788923264, 14.9630250931, 36.6761016846, 27.3430976868, 22.7299308777, 18.2841529846, 122.991798401, 41.7376861572, 12.6589870453, 10.2976379395], [94.4331283569, 15.634888649, -41.0078048706, 2.59136795998, 15.3643894196, 41.7387657166, 19.958147049, 33.1394615173, 33.8567008972, 41.7376861572, 159.864074707, 22.0623264313, 27.8728542328], [14.4630880356, -11.8185472488, 84.4521789551, 25.599401474, 33.2318687439, -27.330991745, -35.9896507263, 15.8333873749, 19.8831195831, 12.6589870453, 22.0623264313, 168.217803955, 16.7036361694], [268.236572266, -35.6420516968, -82.0406570435, -13.4303226471, -35.5130500793, 8.2829284668, 29.6946468353, 26.8509502411, -15.8177404404, 10.2976379395, 27.8728542328, 16.7036361694, 149.315689087]], "icov": [[0.000301624939311, 0.000305626395857, 0.000256855943007, 5.84641420573e-05, 0.000143600715091, 0.000171506166225, -0.000226703210501, -0.000247400283115, 5.19727582287e-05, -0.000135381269502, -4.89514568471e-05, -0.000140826567076, -0.000168562328327], [0.000305626395857, 0.00129205931444, 0.000689052511007, 0.000190691294847, -0.000536173291039, 1.20572724427e-06, -0.000560902059078, -0.000297849299386, 0.000403269747039, -0.000263392081251, 3.22486921505e-05, -0.0003569185792, 0.000287438830128], [0.000256855943007, 0.000689052511007, 0.0019993269816, 0.000236692998442, -0.00034647990833, -0.000656300922856, -3.49889123754e-05, -0.00019189096929, 0.000250983197475, -0.00040114481817, 0.000600884843152, -0.00120825937483, 0.000895577657502], [5.84641420573e-05, 0.000190691294847, 0.000236692998442, 0.00299872364849, -0.00123458018061, 0.000749635277316, -0.000178879199666, -1.00231281976e-05, -0.000628747162409, 0.000309865601594, -1.21758857858e-05, -0.000183587631909, -2.27410782827e-05], [0.000143600715091, -0.000536173291039, -0.00034647990833, -0.00123458018061, 0.00519362697378, 0.000104564656795, 0.0011017388897, -0.000981169869192, -0.00112224137411, -0.000519260182045, -0.000243820759351, -0.000213684106711, 0.000485753495013], [0.000171506166225, 1.20572724427e-06, -0.000656300922856, 0.000749635277316, 0.000104564656795, 0.00539645412937, -0.00131807953585, -0.000843943504151, -0.000334863550961, -0.000691285706125, -0.00120590336155, 0.00113899377175, -0.000351689464878], [-0.000226703210501, -0.000560902059078, -3.49889123754e-05, -0.000178879199666, 0.0011017388897, -0.00131807953585, 0.00478295562789, -0.000104290760646, -0.000102176440123, -0.000629880581982, 2.54169253822e-06, 0.000725867750589, -0.000408290186897], [-0.000247400283115, -0.000297849299386, -0.00019189096929, -1.00231281976e-05, -0.000981169869192, -0.000843943504151, -0.000104290760646, 0.00683987885714, -0.00110812718049, -0.00026769406395, -0.000436965521658, -0.000191069368157, -0.00112477422226], [5.19727582287e-05, 0.000403269747039, 0.000250983197475, -0.000628747162409, -0.00112224137411, -0.000334863550961, -0.000102176440123, -0.00110812718049, 0.00776833482087, -0.000528067874257, -0.00119256810285, -0.000598373881076, 0.00120441033505], [-0.000135381269502, -0.000263392081251, -0.00040114481817, 0.000309865601594, -0.000519260182045, -0.000691285706125, -0.000629880581982, -0.00026769406395, -0.000528067874257, 0.00957236811519, -0.0019346246263, -0.000352351984475, -0.000239502522163], [-4.89514568471e-05, 3.22486921505e-05, 0.000600884843152, -1.21758857858e-05, -0.000243820759351, -0.00120590336155, 2.54169253822e-06, -0.000436965521658, -0.00119256810285, -0.0019346246263, 0.00791530963033, -0.00106765399687, -0.0008393607568], [-0.000140826567076, -0.0003569185792, -0.00120825937483, -0.000183587631909, -0.000213684106711, 0.00113899377175, 0.000725867750589, -0.000191069368157, -0.000598373881076, -0.000352351984475, -0.00106765399687, 0.00734286056831, -0.00139781506732], [-0.000168562328327, 0.000287438830128, 0.000895577657502, -2.27410782827e-05, 0.000485753495013, -0.000351689464878, -0.000408290186897, -0.00112477422226, 0.00120441033505, -0.000239502522163, -0.0008393607568, -0.00139781506732, 0.00843433197588]]}, "silence_rate_20dB": {"dvar2": 0, "var": 0, "min": 1, "dmean": 0, "mean": 1, "max": 1, "dmean2": 0, "median": 1, "dvar": 0}, "melbands_kurtosis": {"dvar2": 226.802963257, "var": 316.748901367, "min": -1.73690056801, "dmean": 5.54754304886, "mean": 12.6013736725, "max": 396.134796143, "dmean2": 8.5590763092, "median": 7.50011730194, "dvar": 108.951370239}, "barkbands_spread": {"dvar2": 62.7562026978, "var": 120.989044189, "min": 0.321647554636, "dmean": 3.49090671539, "mean": 13.1420373917, "max": 106.04183197, "dmean2": 5.30658483505, "median": 10.7285375595, "dvar": 31.7612133026}, "erbbands_skewness": {"dvar2": 0.496394336224, "var": 0.922015964985, "min": -3.76108670235, "dmean": 0.437946438789, "mean": 0.941177010536, "max": 8.23748493195, "dmean2": 0.680793642998, "median": 0.830503880978, "dvar": 0.217649117112}, "average_loudness": 0.883088588715, "spectral_centroid": {"dvar2": 104927.210938, "var": 290412.125, "min": 156.635299683, "dmean": 155.210266113, "mean": 861.483032227, "max": 11434.9179688, "dmean2": 230.499694824, "median": 764.35144043, "dvar": 53757.71875}, "dissonance": {"dvar2": 0.00243486021645, "var": 0.00185521692038, "min": 0.195764780045, "dmean": 0.0322544500232, "mean": 0.424428522587, "max": 0.499902397394, "dmean2": 0.0543822050095, "median": 0.432134836912, "dvar": 0.00086830323562}, "erbbands_flatness_db": {"dvar2": 0.000788894423749, "var": 0.00213829451241, "min": 0.0734717547894, "dmean": 0.0189829804003, "mean": 0.204124763608, "max": 0.383885860443, "dmean2": 0.0286612249911, "median": 0.202856481075, "dvar": 0.000350673857611}, "spectral_strongpeak": {"dvar2": 1.74053800106, "var": 2.41443347931, "min": 0, "dmean": 0.598879516125, "mean": 1.4262919426, "max": 10.7447576523, "dmean2": 0.980106711388, "median": 0.917134940624, "dvar": 0.731141924858}, "spectral_rms": {"dvar2": 1.05521633031e-06, "var": 3.41330223819e-06, "min": 3.1928114666e-12, "dmean": 0.000622120103799, "mean": 0.00458655646071, "max": 0.0115750972182, "dmean2": 0.000933617760893, "median": 0.00460404762998, "dvar": 4.47909741297e-07}, "silence_rate_60dB": {"dvar2": 0.0340902507305, "var": 0.0562857575715, "min": 0, "dmean": 0.015428869985, "mean": 0.0598771087825, "max": 1, "dmean2": 0.0308617763221, "median": 0, "dvar": 0.0151895321906}, "melbands": {"dvar2": [3.68341858348e-07, 3.43923602486e-07, 2.6033899303e-07, 1.02156229786e-06, 1.17125046017e-06, 2.16155649468e-06, 4.12170311392e-06, 1.07152538931e-06, 1.78000277629e-07, 1.24264175838e-07, 4.12951123963e-07, 4.37748070681e-07, 5.4858776366e-07, 9.64310089557e-08, 2.92541386671e-08, 1.75230709942e-08, 1.87899775739e-08, 1.73149738991e-09, 3.3436304836e-09, 3.49266948696e-10, 1.14256948347e-09, 1.23026222543e-09, 6.32735586148e-10, 1.28380681086e-10, 2.98470359539e-10, 1.29592808706e-10, 2.59246651924e-10, 5.61077469208e-11, 2.57114676772e-11, 5.67908654131e-12, 9.6148635928e-12, 7.26665602691e-12, 1.22066818459e-11, 9.07852872739e-12, 2.18878821318e-12, 3.54074538786e-12, 4.90509152393e-12, 3.54127404484e-12, 3.62400062216e-12, 1.26635171533e-12], "var": [9.88386545941e-07, 8.97599647942e-07, 3.57778333182e-07, 1.50731455051e-06, 1.64471532571e-06, 2.18326090362e-06, 2.72118995781e-06, 8.44620785756e-07, 1.28710468061e-07, 9.90732758055e-08, 3.63059058373e-07, 7.60690113566e-07, 5.45533453078e-07, 1.02748501263e-07, 4.16651140256e-08, 3.44420634235e-08, 2.48817801918e-08, 1.06668684996e-09, 2.88449153452e-09, 3.22274262832e-10, 2.02427452578e-09, 1.49150281015e-09, 7.14310888217e-10, 2.37309949469e-10, 4.02893496343e-10, 1.54482399095e-10, 3.32958771665e-10, 1.19251691855e-10, 3.70657081417e-11, 4.97658468254e-12, 9.79800789114e-12, 4.83226653136e-12, 1.01463143443e-11, 8.59553747623e-12, 2.15263679278e-12, 4.2793459748e-12, 6.65456448626e-12, 4.80984045995e-12, 4.88107557844e-12, 2.25672974231e-12], "min": [1.732801412e-24, 6.49637171198e-24, 8.27752063393e-24, 3.4340341883e-24, 3.5183405421e-24, 4.54476690893e-24, 7.38562660588e-24, 5.82040745192e-24, 7.66129641579e-24, 2.59380818296e-24, 1.94522015732e-24, 4.37446958886e-24, 6.17275927499e-24, 1.61995949407e-24, 5.43021673225e-24, 6.0825766963e-24, 7.24085011938e-24, 7.10617105248e-24, 5.08332264335e-24, 7.20051013927e-24, 6.26387704827e-24, 5.88205022635e-24, 5.3973575201e-24, 7.7020923575e-24, 5.25325393196e-24, 5.98441715614e-24, 9.08676097177e-24, 5.89133275262e-24, 6.97347833733e-24, 5.88907227169e-24, 9.60589140084e-24, 7.4491448971e-24, 8.04004510246e-24, 8.37635149472e-24, 8.38433003391e-24, 6.77661336527e-24, 5.86539500605e-24, 7.89165563303e-24, 7.77336041826e-24, 8.49951713671e-24], "dmean": [0.00020991016936, 0.000254824844887, 0.000162151816767, 0.000301850377582, 0.00030507138581, 0.000452388921985, 0.000508624128997, 0.000213711158722, 7.52464111429e-05, 7.37400478101e-05, 0.000121983939607, 0.000158823982929, 0.000139538387884, 5.21420515724e-05, 3.20256913255e-05, 2.75345846603e-05, 2.21056234295e-05, 7.52108053348e-06, 1.33141757033e-05, 4.23754454459e-06, 5.59958789381e-06, 7.02508350514e-06, 4.02559044232e-06, 3.20801586895e-06, 4.72746387459e-06, 2.62781009042e-06, 3.28286637341e-06, 2.06912591239e-06, 1.12332224944e-06, 4.52054678135e-07, 5.42795930869e-07, 4.37359631178e-07, 4.19957927988e-07, 4.44837780833e-07, 2.54670453614e-07, 2.7707000072e-07, 2.98790524766e-07, 2.74482744089e-07, 2.87541752186e-07, 1.89806456774e-07], "mean": [0.000755049171858, 0.000898146536201, 0.000457709131297, 0.000745095778257, 0.000691072666086, 0.000877823738847, 0.000857892271597, 0.000349024427123, 0.000123187171994, 0.000119140968309, 0.000208903351449, 0.00031371449586, 0.000252998812357, 9.94535075733e-05, 5.87779759371e-05, 4.99434681842e-05, 3.86505089409e-05, 1.20737449834e-05, 2.24750474445e-05, 6.99712245478e-06, 9.67924097495e-06, 1.25947753986e-05, 7.52999812903e-06, 6.44313058729e-06, 9.06919194676e-06, 5.32481772098e-06, 6.43415933155e-06, 3.8516341192e-06, 1.94927611119e-06, 8.22598224204e-07, 8.59613578541e-07, 6.6212692218e-07, 6.3498862346e-07, 7.15591170319e-07, 4.36927422243e-07, 4.62746953644e-07, 4.97979442571e-07, 4.80054495711e-07, 5.11493794875e-07, 3.6958405758e-07], "max": [0.00738124037161, 0.00841740053147, 0.00880242045969, 0.0206791888922, 0.0157567914575, 0.0150394057855, 0.0249817576259, 0.0202796403319, 0.0060602016747, 0.00679562939331, 0.0174818821251, 0.0112854121253, 0.0103714736179, 0.00535622052848, 0.00430682208389, 0.00401609018445, 0.00418209005147, 0.000731448235456, 0.00146272126585, 0.000311476556817, 0.00134697044268, 0.000963861646596, 0.000772050116211, 0.000315089651849, 0.000327211571857, 0.00023723852064, 0.000435079127783, 0.000215235224459, 0.000119553733384, 5.5789736507e-05, 8.21641806397e-05, 6.2247767346e-05, 0.000152993365191, 9.83578865998e-05, 2.93913963105e-05, 4.07839143008e-05, 6.45323525532e-05, 4.61919589725e-05, 4.15344657085e-05, 2.72652432614e-05], "dmean2": [0.000335933465976, 0.000391237175791, 0.000247510004556, 0.000462273834273, 0.000468668091344, 0.00070865341695, 0.000811790872831, 0.000336248922395, 0.000120158139907, 0.000115157898108, 0.000191199054825, 0.000234722436289, 0.000220114539843, 8.30730205053e-05, 4.73551735922e-05, 4.08926098316e-05, 3.24281427311e-05, 1.1582940715e-05, 2.16314056161e-05, 6.86331623001e-06, 8.11244990473e-06, 1.06192883322e-05, 6.02360569246e-06, 4.79938580611e-06, 7.12571682016e-06, 3.84975282941e-06, 4.8299766604e-06, 2.92336608254e-06, 1.66623669884e-06, 7.01778219536e-07, 8.16157353256e-07, 6.71250973028e-07, 6.24873564448e-07, 6.65556115109e-07, 3.77219322445e-07, 4.01678562412e-07, 4.23074254741e-07, 3.96443965656e-07, 4.2517433485e-07, 2.77270260085e-07], "median": [0.000303590262774, 0.000702802091837, 0.000259389402345, 0.000334054464474, 0.000237163505517, 0.000302340224152, 0.000247036950896, 5.24964561919e-05, 3.03883844026e-05, 3.0931103538e-05, 2.31901831285e-05, 4.34912471974e-05, 2.43733175012e-05, 1.06512352431e-05, 1.0175848729e-05, 7.40079167372e-06, 4.57666874354e-06, 3.85766043109e-06, 4.97285282108e-06, 2.19530625145e-06, 1.7037031057e-06, 2.23695565182e-06, 1.50748815031e-06, 1.79312860382e-06, 2.19020625991e-06, 1.10947200938e-06, 1.32418063004e-06, 7.19315210063e-07, 3.98344297992e-07, 2.1090565383e-07, 1.45541775964e-07, 1.46138205537e-07, 8.06615219062e-08, 1.07492851953e-07, 8.98632208646e-08, 6.01464833494e-08, 4.03645152858e-08, 5.41439426627e-08, 6.90407730985e-08, 6.84831320541e-08], "dvar": [1.63718553381e-07, 1.49276019101e-07, 1.10041874279e-07, 4.32083197666e-07, 4.99241082252e-07, 8.46642024044e-07, 1.51929214098e-06, 4.26569528145e-07, 6.75670364103e-08, 5.04509252153e-08, 1.62056622344e-07, 2.01001739697e-07, 2.04550801186e-07, 3.59912846193e-08, 1.30992816594e-08, 9.08440700442e-09, 9.62582547004e-09, 7.40367156471e-10, 1.36974920295e-09, 1.43262554597e-10, 7.2234479509e-10, 6.07687011822e-10, 2.85126616761e-10, 6.91785656537e-11, 1.48151754753e-10, 6.27976975975e-11, 1.24253898837e-10, 3.37267019868e-11, 1.30673787763e-11, 2.48573253994e-12, 4.85189406013e-12, 3.2149012185e-12, 5.91224291746e-12, 4.18837967781e-12, 1.01695832744e-12, 1.77670475988e-12, 2.56629982022e-12, 1.78042064598e-12, 1.7030248739e-12, 6.6004255013e-13]}, "spectral_skewness": {"dvar2": 0.28486725