{"tonal": {"thpcp": [1, 0.652730226517, 0.206822186708, 0.131058007479, 0.160241276026, 0.257853418589, 0.323446244001, 0.279612213373, 0.222456932068, 0.178322508931, 0.167507976294, 0.321036696434, 0.479579925537, 0.413963675499, 0.492632627487, 0.620627164841, 0.395086348057, 0.206996679306, 0.194852411747, 0.196889355779, 0.315388381481, 0.408201575279, 0.262166202068, 0.132226511836, 0.108456149697, 0.110932178795, 0.211536049843, 0.275885045528, 0.208462715149, 0.180620908737, 0.220548227429, 0.209839805961, 0.212854325771, 0.221359610558, 0.197859421372, 0.581741809845], "hpcp": {"dmean2": [0.258568137884, 0.206461846828, 0.140320062637, 0.117195792496, 0.117107249796, 0.177457734942, 0.202019274235, 0.14740653336, 0.0922193899751, 0.0787299871445, 0.0867005586624, 0.144824638963, 0.166181147099, 0.128121867776, 0.109161347151, 0.123693294823, 0.117543868721, 0.115790694952, 0.123218767345, 0.138444513083, 0.25029823184, 0.266033887863, 0.249290749431, 0.141086906195, 0.0961941406131, 0.106496565044, 0.145028814673, 0.176229059696, 0.160432234406, 0.126694455743, 0.116250880063, 0.11797209084, 0.183888405561, 0.233306050301, 0.217644929886, 0.251588523388], "median": [0.227919504046, 0.143250584602, 0.0673932954669, 0.050794608891, 0.0512927621603, 0.090220913291, 0.132625758648, 0.0919538587332, 0.0384957119823, 0.0272954367101, 0.0285923443735, 0.0567028932273, 0.0772331655025, 0.0583239383996, 0.0413084253669, 0.0346070677042, 0.0363747403026, 0.0503969192505, 0.042856041342, 0.0557577759027, 0.291626095772, 0.591643571854, 0.328998565674, 0.0619152635336, 0.0325361341238, 0.0354655012488, 0.0688414424658, 0.0974204093218, 0.0813949853182, 0.0546136498451, 0.0414312854409, 0.0406058393419, 0.103597514331, 0.143322139978, 0.139661818743, 0.184675961733], "min": [0, 0, 0, 0, 0, 0, 0, 0, 0, 0, 0, 0, 0, 0, 0, 0, 0, 0, 0, 0, 0, 0, 0, 0, 0, 0, 0, 0, 0, 0, 0, 0, 0, 0, 0, 0], "dvar2": [0.0797662213445, 0.0596343018115, 0.0451130717993, 0.0348335467279, 0.0322162955999, 0.0602105148137, 0.0606163032353, 0.0365877635777, 0.0239124950022, 0.0257946066558, 0.0242872424424, 0.0498290471733, 0.0548490248621, 0.0369515940547, 0.0332375094295, 0.0494461469352, 0.0411424823105, 0.0346730910242, 0.039222959429, 0.0401095598936, 0.0598441362381, 0.0874480679631, 0.0619771033525, 0.040574517101, 0.026477785781, 0.0355466753244, 0.0513186454773, 0.0546636581421, 0.0508835949004, 0.0420247986913, 0.0391299650073, 0.0362565554678, 0.0556228533387, 0.078451231122, 0.0622656419873, 0.0784903019667], "dvar": [0.0313764624298, 0.0223672296852, 0.0162706971169, 0.0132837072015, 0.0126128261909, 0.0233428757638, 0.0236993730068, 0.0141427861527, 0.00915972329676, 0.00952889770269, 0.009017852135, 0.0185279827565, 0.021440917626, 0.01426726114, 0.0123634561896, 0.0182809233665, 0.0156013099477, 0.0130986068398, 0.0149218309671, 0.0151467369869, 0.0232056453824, 0.0378485508263, 0.0247363690287, 0.0149153769016, 0.0103346556425, 0.0130721833557, 0.0197914261371, 0.0217655580491, 0.0197527036071, 0.0163319651037, 0.0144495172426, 0.0136138638481, 0.0211021490395, 0.0322640277445, 0.0255906414241, 0.0288806222379], "dmean": [0.153861537576, 0.124417968094, 0.0824152678251, 0.0705260038376, 0.0702289789915, 0.10541665554, 0.121523797512, 0.0887897759676, 0.0550280995667, 0.046811722219, 0.0507331900299, 0.086662337184, 0.0994895100594, 0.0780093893409, 0.0650602728128, 0.0730535238981, 0.0707862302661, 0.0697259381413, 0.0719845369458, 0.0818690061569, 0.15352140367, 0.16228312254, 0.152750298381, 0.0834753140807, 0.0568329058588, 0.0635628923774, 0.0885475724936, 0.107279911637, 0.0974012762308, 0.0765567570925, 0.0686776340008, 0.0694875940681, 0.109456017613, 0.138799548149, 0.132408544421, 0.149775370955], "max": [1, 1, 1, 1, 1, 1, 1, 1, 1, 1, 1, 1, 1, 1, 1, 1, 1, 1, 1, 1, 1, 1, 1, 1, 1, 1, 1, 1, 1, 1, 1, 1, 1, 1, 1, 1], "var": [0.111375808716, 0.055819876492, 0.0233372207731, 0.0280250236392, 0.0278661437333, 0.05467139557, 0.07189039886, 0.0298055652529, 0.0130467927083, 0.0123912394047, 0.0121562937275, 0.0296230204403, 0.0465089343488, 0.0287773031741, 0.0281410478055, 0.0486679151654, 0.0405739732087, 0.0396145358682, 0.0473623350263, 0.0256165731698, 0.0665757581592, 0.134210377932, 0.0807892009616, 0.0248695909977, 0.0151935359463, 0.0237015262246, 0.0447183102369, 0.0542689561844, 0.0428190492094, 0.0371098704636, 0.0249054338783, 0.0233053192496, 0.047328479588, 0.0962310433388, 0.0674556270242, 0.0751267150044], "mean": [0.365029156208, 0.232374683022, 0.121747530997, 0.114604741335, 0.115802794695, 0.185499384999, 0.240088552237, 0.15419614315, 0.077770575881, 0.0637897625566, 0.0652460679412, 0.124417416751, 0.16226503253, 0.12260980159, 0.106234312057, 0.12971803546, 0.123419754207, 0.125192776322, 0.130195260048, 0.116373345256, 0.342158287764, 0.588161766529, 0.383910953999, 0.1216449067, 0.077083311975, 0.0942477881908, 0.15165951848, 0.190238714218, 0.164457216859, 0.130840659142, 0.104882478714, 0.0985217913985, 0.18882150948, 0.282070577145, 0.243477612734, 0.289747685194]}, "tuning_equal_tempered_deviation": 0.0226323381066, "chords_changes_rate": 0.026406429708, "key_key": "A", "tuning_diatonic_strength": 0.743079841137, "key_scale": "major", "chords_number_rate": 0.00172215839848, "tuning_frequency": 433.441375732, "tuning_nontempered_energy_ratio": 0.695123970509, "chords_histogram": [45.981628418, 3.38691163063, 26.6647529602, 3.70264053345, 0.200918480754, 0.401836961508, 0, 0, 0.889781832695, 0, 0.315729051828, 0, 0.975889801979, 0.143513202667, 0, 0.028702640906, 0, 1.63605046272, 0, 0.344431698322, 0, 0, 14.9540758133, 0.373134315014], "key_strength": 0.871844112873, "chords_key": "A", "chords_strength": {"dmean2": 0.00669910525903, "median": 0.600984334946, "min": 0.275052011013, "dvar2": 4.16041693825e-05, "dvar": 6.18113190285e-05, "dmean": 0.00776854390278, "max": 0.778111517429, "var": 0.00693108281121, "mean": 0.591803014278}, "chords_scale": "major", "hpcp_entropy": {"dmean2": 1.02195262909, "median": 2.023178339, "min": 0, "dvar2": 0.656496942043, "dvar": 0.250481247902, "dmean": 0.606653749943, "max": 4.23300790787, "var": 0.579266011715, "mean": 1.98144292831}}, "metadata": {"audio_properties": {"equal_loudness": 0, "codec": "mp3", "downmix": "mix", "sample_rate": 44100, "analysis_sample_rate": 44100, "bit_rate": 128021, "md5_encoded": "a77ed8799e7af584d23347bea4f0ab75", "length": 161.750198364, "replay_gain": -5.79445266724, "lossless": false}, "version": {"essentia_build_sha": "2d9f1f26377add8aeb1075a9c2973f962c4f09fd", "essentia": "2.1-beta2", "extractor": "music 1.0", "essentia_git_sha": "v2.1_beta2-1-ge3940c0"}, "tags": {"title": ["Temptation"], "language": ["eng"], "acoustid_fingerprint": ["AQADtIkiJVGSSFEoHGKmhDjxHof4o0PlKEdzBv0DtT0skcaPTynS68hFHCrFI4wb_EGnoXnx6sJR-4NR68jxHA3aHZWjBEcoZzn6RMc-wofjDxfhUCEuGn1y5FDeI9eRL8d5Q-uO70h_OIQpF5115FKnQbMRZi8u5cKPcBNT-IIm49KRc8g_9A_EI-fguMbzHNOPHHxQbS2h6niPqO_g8KjFEw9-nEcTURuNkMke6DwitUfz4jqOJ8lwMM_CBM0l42MxhaNsfA8a0siPv_jx3-h3xCqeh8g79Phx6EaPU4dlHR9Owcfz40dsHD8P4_i-4NEOh1WFpzLeCduSoy94i8FzGd-DYyLRLFGWKYhvJEYz-Zi6HJVFB0yjJMnxHKXQ5DizYJ1x5UWbI5S_4D2uFz8qHb8AQ8cNK9Jw3PKQ48ePn_hgvEfvGveLi0cXHs5nXIW35MOPHxdvfMMzBTOlBD_yaNDdA9J_5Ds4-mh_XMf74wx63DneqbjhE32LH3kM_RHyKhVm3XiON0fRjCGOE-XCw0WeEB8OPRG6NkeMHz9K6YSt48eP73jioBw-9B_8Kih1fPkQskfCH7XT4X-CRqguDA_YJPiOSCR_JIy4pKjS4HlwZReQZ4e4x0CeY5fAAZEXHv1XHPpxvIfXF_pwEuJx6cHx8fCO65gLuygfvATT4z3SWcFj_MBznOCP_FAlIZyPj_twMcWuPMV3oRea6KqKj2uOPHyQjLoJKzkc97jCJvjhqoePfjly4sUl4tWC6TKOHMd5-HGQ42IOH3pR5nhRO4afETquHeZwRi9OZF-O6zjxCx5xnDkug-mOk8cRkdvxELqOd0X_QB9wiSnUJnOORxbyHjMfdBfRE0yi7sXX4hSPLv3BXDnunch59DB_nIVf9MczXKiOK6h0CCUn-PhwR4fx44O_Q4c9iNqOIxp_VD9-PEpQC86z4ugznEeYJSiXFrpSBs2hHT-F28j5wOPx8cP3oPmMfsIbhER6FKUONw0-w-eD8iPyymh2Z9CeDld3PBdElWnwDHtiXAIfPBxOPcdnD82L8sczOjgalfnQD_xx5ZTwCmFe9EJBRcvxffA_hGTCQ-6K7MzxDe_xNBgv41SMGz0zouxxNRWBxsjLQfOPIz6DF_hRHmGjDHJ43AhzdFOOnBd-9DzS_DiP9PjxbnDVQ_sQdhd8Bu_gP-gi4wqaGCEO7UPz40rwG70Sw89yGKUOPbJxXkFz0QgvXBqelAijaA-aZdfwEzl2-MFz4BqmMVFEwczxRchz_DAfWNtxBUVzoTz2DD8eomJznDm8oqLwo5oaY8_wFqZQ68Px02jUHjGmBn3q4HB_HLkE6vggptqDj3tQ_gh_NMlx5Tj6C9F-iOcRotcOj33h8Oh-XHjRayfsHt304S_RH--OxCGPtOLRa2mCXj9slFIWjNsCJjt6erhyYTrhsbvwwZyO_sgPjcyOPIafCzdz9MenI1-gJT8eIsyD-3gWD7lOaHeFtDr6HMdDL5ilZHiOj8eZo89xH5ST7Hii4zoqo08O95jeCg-6w0coaYE-5siZo9bRG-fxMviOvwrqHGa3ozxRecEURfhksLKDH6FiaImkIo8HV3nwFj0cP1gbBdWPK6hfNKzQB5744Dmu6HjQ49IVDc9REq6yGJcM_4I7og--HPF0yOERWh88ZoYl6_B-XCs-NIuQC8kzB82N-ngSHdeOHyUc5UJ4Bjpy9D-cp_iGRixOBd-R-0giH3aYgx8eeKWF_hSG_mgqZTryHPqRh9OxKY_xg9EzmMsw-wt-ONZRK8fpEFfmovQR5ocuIY8U4SUqJduR7scp9LihH_1Qpji0B18O6yKOUCI9HL0G4zqMHzlzOLsh9zDzQ7tk4kd4PhQeK8EJ-8YdnNi-Bz5TgdGD58J-hHlWBdrbIfyxPT_o8fCD69g65UO_HDeJ78JbhKch3miJB4cm9vCOH2YPH9VZ_NCmCmkcFleDD9fx-sh7nCqe7IA_9Met4xeeoj_ECa20I5dTZehxHdcx2cH5IfPjQsuN_og41NHQ9MKHH_V27IOLBzl4Qz8cisQfpF105LKFq9wwa0qeoUeOHq7Q70GfI91ltIIqKT5O5Dp6HQ9ufCi74z7qJDOMh-hx7sKVHu0--Mel1Lh05DuUi_qQ5xWaLcfH4kajHswVjOrxTPgRc0uRbN7hGO0VXD1-XAjfIFm-4zhmHj949EdOXEdf9MJ1HDrx43CnBMdx6PvwwznwQMp1lBt--PiRng_i4z-ohCF66DhPPPnwsEmgS_nxI8yDbtKPS04i4qOOJipHlHmO_NCVWdgTOkL4oPnxCdfx8MhZ3Dx6ODt0DV_hrcdxR9gDbSHR8jiPh_CZ4Qz0HT9-pHlwgo-AX8LhXwDBgGMKGEAMYQoIYUhxRgFigGMKMTWEAAIBJAwpDgJhABAMKCAENYJAQhRRRgFABBBGCKIVMIAwiBQjwADgDBtMAOKEcAo4KAQAwjBhgUaQICIskQYIYh0CgCSkBCAEACcYgUYhpgQlBkBFCBEGCmcQdEA5ZQQyhAEABEIUIMIYAkgQQ41EAiggGBEAGgSEAYgRAQQwDABimFHCOKcYQIgQ4xRBgBrnCBJKcWMIEgAQIREBwDgilBFEGUEIUsgiAgTBSlhnqHACOOIMsVQwoBAGgCCAEDBAAEQEMEghwQgRhgBLFGEAKSQQQAIgoIhhhjBCjAQNEEecVQA4Q4ggQhBlCBcGACKAAEQwAwDRwjkCBLQGEGGMAMo4IJAAQABJmCBkAYAAUoAQJQyizAFBiAAAEcYEYoQIIAABBASCEAAEGIUMMIYIBBgVAghlBFHkCQmQsYgII6UgwAKgnBGCIECMgIwggYgUgCkAFCBIGcEEc8hJApkyDAFFjADKCcCEIIYZCwAABgjSEAJCCCGMQYQBigQgQABqACICKEOAQoYJAoQQUiAEiCMAKKwkIEAoIQwTghliiAFACoSURUYQhwGCgEjigIHCCTKMIMgyQ4xCABEBHBGEaYUYAZoohwBVSBDIkFHEKGUABEwIhIASyAjABFQCAYMQI0IpY4wwDBgGEFDAIWKAJA4IIAQwkgICKKSOEIIdILIMCBxSgiCAhGJCAIIQEwIAoQAGQgkghEHMEMMAAIwgRwAQQSBAAQGRMCAUEIYoIggQlBghBKKKEAQAIQpKI4iQDhnFhDBAKAaIEgIxB4gDxADkmECAQIMAI0A4QQhACFhDjYKAEcKMAgIAZwwkhCgCBCGACgIpEUYBBAEligKFACAWKaEoERQoQAAwSAAliDDUECGAcsAaA4SwwBjCgFMESUAEc4ZY4oxSBAg"], "date": ["1958"], "genre": ["Doo Wop"], "musicbrainz album type": ["Compilation"], "musicip_puid": ["c29760af-3a5b-f4b7-acd2-48ebba227d5e"], "musicbrainz_recordingid": ["0d6dc643-cbf0-4067-b5d1-2609b089edac"], "musicbrainz_albumartistid": ["89ad4ac3-39f7-470e-963a-56509c546377"], "musicbrainz_albumid": ["0d09882a-39a3-4c1a-9be7-55bd4df4143b"], "artist": ["Temptations (White Group)"], "tracknumber": ["21"], "bpm": ["116.37"], "album": ["Campark Records: the Vocal Groups, Volume 7"], "musicbrainz album release country": ["United Kingdom"], "acoustid_id": ["e84ccd1f-fa65-4477-9bb2-f8bcb3422898"], "musicbrainz_artistid": ["3e060d78-405d-4a69-8aee-1bde87930b78"], "file_name": "Temptations (White Group) - Temptation.mp3"}}, "rhythm": {"bpm_histogram_first_peak_bpm": {"dmean2": 0, "median": 76, "min": 76, "dvar2": 0, "dvar": 0, "dmean": 0, "max": 76, "var": 0, "mean": 76}, "bpm": 75.196647644, "bpm_histogram_second_peak_spread": {"dmean2": 0, "median": 0, "min": 0, "dvar2": 0, "dvar": 0, "dmean": 0, "max": 0, "var": 0, "mean": 0}, "bpm_histogram_first_peak_weight": {"dmean2": 0, "median": 0.666666686535, "min": 0.666666686535, "dvar2": 0, "dvar": 0, "dmean": 0, "max": 0.666666686535, "var": 0, "mean": 0.666666686535}, "onset_rate": 2.17603898048, "beats_position": [0.847528338432, 1.70666658878, 2.53097510338, 3.34367346764, 4.15637159348, 4.96907043457, 5.79337835312, 6.62929677963, 7.44199514389, 8.26630401611, 9.07900238037, 9.89170074463, 10.7043991089, 11.5170974731, 12.3181858063, 13.1192741394, 13.9087524414, 14.7098407745, 15.5109291077, 16.3236274719, 17.1363258362, 17.9490242004, 18.7501125336, 19.5512008667, 20.3406791687, 21.1301574707, 21.9196376801, 22.7323360443, 23.5334243774, 24.3345127106, 25.1472110748, 25.9366893768, 26.7145576477, 27.5156459808, 28.316734314, 29.1294326782, 29.9305210114, 30.7432193756, 31.5559177399, 32.357006073, 33.1348762512, 33.9127426147, 34.6790008545, 35.4336509705, 36.1999092102, 36.96616745, 37.790473938, 38.6147842407, 39.3926506042, 40.1705207825, 40.9251708984, 41.703037262, 42.492515564, 43.281993866, 44.071472168, 44.8493423462, 45.6388206482, 46.439907074, 47.229385376, 48.0304756165, 48.8315620422, 49.6326522827, 50.4221305847, 51.2232208252, 52.024307251, 52.8253974915, 53.6148757935, 54.4043540955, 55.1938323975, 55.9833106995, 56.7960090637, 57.608707428, 58.39818573, 59.187664032, 59.9655303955, 60.7434005737, 61.5328788757, 62.3339653015, 63.135055542, 63.924533844, 64.714012146, 65.5034942627, 66.2813568115, 67.0592269897, 67.8487091064, 68.6381835938, 69.4276657104, 70.2171401978, 70.995010376, 71.7844848633, 72.57396698, 73.3518371582, 74.1180953979, 74.9075698853, 75.6854400635, 76.4633102417, 77.2295684814, 77.9958267212, 78.8433532715, 79.6908798218, 80.5151901245, 81.3395004272, 82.16381073, 82.9881134033, 83.8008117676, 84.6135101318, 85.4262084961, 86.2389068604, 87.0516052246, 87.8643035889, 88.6886138916, 89.5013122559, 90.3140106201, 91.1150970459, 91.9161911011, 92.7172775269, 93.5183639526, 94.3310623169, 95.1321487427, 95.9448471069, 96.7575454712, 97.5586395264, 98.3713378906, 99.1724243164, 99.9851226807, 100.797821045, 101.610519409, 102.423217773, 103.235916138, 104.037002563, 104.838096619, 105.627571106, 106.44026947, 107.264579773, 108.077278137, 108.878364563, 109.66784668, 110.457321167, 111.246803284, 112.013061523, 112.802536011, 113.615234375, 114.416320801, 115.205802917, 115.995285034, 116.784759521, 117.551017761, 118.305664063, 119.083534241, 119.884620667, 120.674102783, 121.463577271, 122.253059387, 123.042533875, 123.84362793, 124.644714355, 125.445800781, 126.246894836, 127.036369324, 127.83745575, 128.638549805, 129.43963623, 130.240722656, 131.030197144, 131.831283569, 132.643981934, 133.456680298, 134.257781982, 135.04725647, 135.836730957, 136.614593506, 137.41569519, 138.205169678, 138.994644165, 139.795730591, 140.596817017, 141.386306763, 142.17578125, 142.965255737, 143.754730225, 144.544219971, 145.333694458, 146.134780884, 146.93586731, 147.725341797, 148.514831543, 149.30430603, 150.105392456, 150.906478882, 151.707565308, 152.508651733, 153.309753418, 154.122451782, 154.923538208, 155.713012695, 156.490875244, 157.268753052, 158.046615601, 158.824493408, 159.602355957, 160.380218506, 161.158096313], "beats_loudness": {"dmean2": 0.0101029099897, "median": 0.0212969630957, "min": 1.33467622732e-07, "dvar2": 6.01551364525e-05, "dvar": 2.34132221522e-05, "dmean": 0.00584380375221, "max": 0.0441988632083, "var": 5.17106382176e-05, "mean": 0.0219249017537}, "danceability": 0.988500714302, "bpm_histogram_second_peak_weight": {"dmean2": 0, "median": 0.0149253727868, "min": 0.0149253727868, "dvar2": 0, "dvar": 0, "dmean": 0, "max": 0.0149253727868, "var": 0, "mean": 0.0149253727868}, "beats_count": 202, "bpm_histogram_second_peak_bpm": {"dmean2": 0, "median": 71, "min": 71, "dvar2": 0, "dvar": 0, "dmean": 0, "max": 71, "var": 0, "mean": 71}, "bpm_histogram_first_peak_spread": {"dmean2": 0, "median": 0.323232322931, "min": 0.323232322931, "dvar2": 0, "dvar": 0, "dmean": 0, "max": 0.323232322931, "var": 0, "mean": 0.323232322931}, "beats_loudness_band_ratio": {"dmean2": [0.112590573728, 0.132853373885, 0.186012923717, 0.202485963702, 0.24216106534, 0.113311469555], "median": [0.0391748137772, 0.107223644853, 0.185714974999, 0.172908931971, 0.261948108673, 0.0956115201116], "min": [0.0021382397972, 0.00352287106216, 0.0174002442509, 0.0106525765732, 0.0130649125203, 0.000405573489843], "dvar2": [0.0130934575573, 0.015771150589, 0.0209147743881, 0.0322192274034, 0.0321294926107, 0.00993372220546], "dvar": [0.00448353588581, 0.00586314266548, 0.00674554612488, 0.0146650439128, 0.0124261640012, 0.0034866060596], "dmean": [0.0603290088475, 0.0786815732718, 0.107111983001, 0.118269585073, 0.138511672616, 0.0662667155266], "max": [0.41394174099, 0.498609393835, 0.622529506683, 0.82178401947, 0.74296849966, 0.391022443771], "var": [0.00401355372742, 0.0113387145102, 0.0145940510556, 0.0356435440481, 0.0261516012251, 0.00537576526403], "mean": [0.0597750209272, 0.132673725486, 0.207886174321, 0.233077555895, 0.295334428549, 0.107407495379]}}, "lowlevel": {"barkbands_spread": {"dmean2": 5.15692996979, "median": 18.7105770111, "min": 1.92632830143, "dvar2": 19.9835968018, "dvar": 8.45544528961, "dmean": 3.28590464592, "max": 70.6876144409, "var": 81.5985336304, "mean": 19.3310375214}, "melbands_spread": {"dmean2": 10.2274990082, "median": 32.2922554016, "min": 2.08696699142, "dvar2": 86.4880447388, "dvar": 39.3925056458, "dmean": 6.70559120178, "max": 132.184555054, "var": 359.602325439, "mean": 35.10181427}, "hfc": {"dmean2": 8.59469413757, "median": 23.4796619415, "min": 1.18666655697e-16, "dvar2": 107.329750061, "dvar": 44.066116333, "dmean": 5.62157821655, "max": 124.376472473, "var": 273.388000488, "mean": 24.8086013794}, "barkbands_kurtosis": {"dmean2": 1.58776879311, "median": -0.373911440372, "min": -1.85709416866, "dvar2": 6.59756755829, "dvar": 2.90556168556, "dmean": 1.00596737862, "max": 46.2806930542, "var": 7.66427373886, "mean": 0.426233142614}, "gfcc": {"mean": [-31.440202713, 80.0773544312, -178.610244751, 12.5024728775, -69.2654800415, -13.9400520325, -46.5581817627, -0.176777005196, -28.0442142487, -2.27226924896, -11.4077033997, -5.85155916214, -18.3157100677], "icov": [[0.000447929283837, -0.000747130427044, 0.00146662921179, -0.00094374245964, 0.000568911782466, -0.000127722232719, 0.000739091658033, -0.00119858281687, 0.00198164838366, -0.00160482758656, 0.0015679782955, -0.00110037252307, 0.00049028248759], [-0.000747130427044, 0.00550565449521, -0.00490453559905, 0.00400311080739, -0.00367398560047, 0.00193113880232, -0.00349687924609, 0.00611978163943, -0.00811512302607, 0.00912311859429, -0.00716855982319, 0.0063936971128, -0.00234875571914], [0.00146662921179, -0.00490453559905, 0.0102567682043, -0.00617094524205, 0.00493338517845, -0.00282899639569, 0.00522019946948, -0.0053547793068, 0.00647475291044, -0.00499797705561, 0.00385264703073, -0.00366869824938, 0.000794797961134], [-0.00094374245964, 0.00400311080739, -0.00617094524205, 0.00982248224318, -0.00562225142494, 0.00199419888668, 0.000822207774036, -5.91982970946e-05, -0.00144422089215, 0.00384362577461, -0.00324945664033, 0.00365462293848, 0.00130665744655], [0.000568911782466, -0.00367398560047, 0.00493338517845, -0.00562225142494, 0.0139810554683, -0.00803639274091, 0.00486775720492, -0.00144350680057, -0.00196363613941, 2.24759533012e-05, 0.00344407861121, -0.00443434016779, 0.000314525474096], [-0.000127722232719, 0.00193113880232, -0.00282899639569, 0.00199419888668, -0.00803639274091, 0.0164301525801, -0.0143269980326, 0.00791072379798, 0.000382239057217, -0.00578652741387, 0.00693988613784, -0.00402714731172, 0.00189660780597], [0.000739091658033, -0.00349687924609, 0.00522019946948, 0.000822207774036, 0.00486775720492, -0.0143269980326, 0.0223645046353, -0.016596769914, 0.0115636121482, 0.000440253323177, -0.00601064832881, 0.00540244905278, -0.00191997748334], [-0.00119858281687, 0.00611978163943, -0.0053547793068, -5.91982970946e-05, -0.00144350680057, 0.00791072379798, -0.016596769914, 0.0292019173503, -0.0190209653229, 0.00801140349358, -0.00280057289638, -1.20303020594e-05, 0.00262583536096], [0.00198164838366, -0.00811512302607, 0.00647475291044, -0.00144422089215, -0.00196363613941, 0.000382239057217, 0.0115636121482, -0.0190209653229, 0.0380799360573, -0.028819527477, 0.0172326620668, -0.0100027285516, 0.00420506624505], [-0.00160482758656, 0.00912311859429, -0.00499797705561, 0.00384362577461, 2.24759533012e-05, -0.00578652741387, 0.000440253323177, 0.00801140349358, -0.028819527477, 0.0428094379604, -0.0289381090552, 0.0216000154614, -0.0113425888121], [0.0015679782955, -0.00716855982319, 0.00385264703073, -0.00324945664033, 0.00344407861121, 0.00693988613784, -0.00601064832881, -0.00280057289638, 0.0172326620668, -0.0289381090552, 0.0401848219335, -0.0261485315859, 0.010320212692], [-0.00110037252307, 0.0063936971128, -0.00366869824938, 0.00365462293848, -0.00443434016779, -0.00402714731172, 0.00540244905278, -1.20303020594e-05, -0.0100027285516, 0.0216000154614, -0.0261485315859, 0.0345212891698, -0.0136935003102], [0.00049028248759, -0.00234875571914, 0.000794797961134, 0.00130665744655, 0.000314525474096, 0.00189660780597, -0.00191997748334, 0.00262583536096, 0.00420506624505, -0.0113425888121, 0.010320212692, -0.0136935003102, 0.0219584293664]], "cov": [[6315.84033203, -909.027038574, -734.890197754, 478.379272461, -50.3959693909, -165.193649292, -131.659347534, 169.005752563, -190.097946167, -46.9754180908, -178.016479492, 15.204665184, -151.563583374], [-909.027038574, 955.051025391, 214.199111938, -257.826141357, 78.3005905151, 47.5845756531, 68.3253479004, -130.333572388, 28.8704776764, -75.4159393311, 43.3525657654, -40.1359672546, 56.4805412292], [-734.890197754, 214.199111938, 363.529205322, 107.124046326, -10.0381813049, -85.2948455811, -113.399116516, -24.6897411346, 29.378534317, -18.3746490479, 11.2857475281, -1.03856480122, -0.733823359013], [478.379272461, -257.826141357, 107.124046326, 381.704711914, 36.7128791809, -135.626754761, -186.440963745, 42.2977828979, 18.3272628784, -9.62190532684, -44.0560302734, 6.79300403595, -58.5594596863], [-50.3959693909, 78.3005905151, -10.0381813049, 36.7128791809, 172.641220093, 72.4235992432, -18.1408729553, -20.7758808136, 34.0398826599, -7.62072086334, -27.7811584473, 9.24130439758, 8.21387195587], [-165.193649292, 47.5845756531, -85.2948455811, -135.626754761, 72.4235992432, 301.276763916, 238.147659302, -12.8127613068, -54.9257087708, 0.269253373146, 1.76631867886, -8.52365684509, 19.7435874939], [-131.659347534, 68.3253479004, -113.399116516, -186.440963745, -18.1408729553, 238.147659302, 338.537597656, 33.4021339417, -92.7129516602, -17.6068820953, 38.3011360168, -19.9669933319, 8.95079421997], [169.005752563, -130.333572388, -24.6897411346, 42.2977828979, -20.7758808136, -12.8127613068, 33.4021339417, 96.5611877441, 19.8922233582, 14.0039196014, -0.514946877956, 0.79424405098, -22.3983154297], [-190.097946167, 28.8704776764, 29.378534317, 18.3272628784, 34.0398826599, -54.9257087708, -92.7129516602, 19.8922233582, 127.582901001, 61.9425468445, -8.81476306915, -2.6344408989, 9.01382064819], [-46.9754180908, -75.4159393311, -18.3746490479, -9.62190532684, -7.62072086334, 0.269253373146, -17.6068820953, 14.0039196014, 61.9425468445, 100.479492188, 26.7829036713, -5.22150039673, 15.2881088257], [-178.016479492, 43.3525657654, 11.2857475281, -44.0560302734, -27.7811584473, 1.76631867886, 38.3011360168, -0.514946877956, -8.81476306915, 26.7829036713, 82.8458938599, 30.1606693268, 9.87541294098], [15.204665184, -40.1359672546, -1.03856480122, 6.79300403595, 9.24130439758, -8.52365684509, -19.9669933319, 0.79424405098, -2.6344408989, -5.22150039673, 30.1606693268, 74.0826568604, 23.5946674347], [-151.563583374, 56.4805412292, -0.733823359013, -58.5594596863, 8.21387195587, 19.7435874939, 8.95079421997, -22.3983154297, 9.01382064819, 15.2881088257, 9.87541294098, 23.5946674347, 76.3587799072]]}, "spectral_energyband_middle_low": {"dmean2": 0.00279776146635, "median": 0.00534418784082, "min": 4.90608172227e-22, "dvar2": 8.60608997755e-06, "dvar": 3.71608825844e-06, "dmean": 0.00184968335088, "max": 0.0311107672751, "var": 1.31997812787e-05, "mean": 0.00589784886688}, "melbands_crest": {"dmean2": 4.7613196373, "median": 9.47973155975, "min": 2.0328848362, "dvar2": 18.9530143738, "dvar": 7.35833740234, "dmean": 2.9009540081, "max": 31.5844306946, "var": 21.0627288818, "mean": 10.5757780075}, "spectral_kurtosis": {"dmean2": 3.65145373344, "median": 5.36592245102, "min": -1.18790984154, "dvar2": 18.1517963409, "dvar": 6.38467931747, "dmean": 2.0873939991, "max": 63.4058036804, "var": 21.1757488251, "mean": 6.30446434021}, "spectral_rms": {"dmean2": 0.000657362688798, "median": 0.00399141944945, "min": 3.24100728893e-12, "dvar2": 4.39816005837e-07, "dvar": 1.89774254977e-07, "dmean": 0.000435856549302, "max": 0.00764161488041, "var": 1.51281938088e-06, "mean": 0.00384808378294}, "zerocrossingrate": {"dmean2": 0.007244088687, "median": 0.07373046875, "min": 0.01318359375, "dvar2": 7.89284604252e-05, "dvar": 5.54152393306e-05, "dmean": 0.006088164635, "max": 0.509765625, "var": 0.000683611724526, "mean": 0.0759462714195}, "silence_rate_60dB": {"dmean2": 0.0321608036757, "median": 0, "min": 0, "dvar2": 0.0362972356379, "dvar": 0.0158203542233, "dmean": 0.0160780940205, "max": 1, "var": 0.0576614104211, "mean": 0.0614324659109}, "erbbands_kurtosis": {"dmean2": 1.62268745899, "median": 0.0531647764146, "min": -1.82622039318, "dvar2": 4.26927280426, "dvar": 1.72640907764, "dmean": 1.01510310173, "max": 16.9568824768, "var": 4.6496386528, "mean": 0.66797298193}, "erbbands": {"dmean2": [0.00115496281069, 0.0085997665301, 0.0710670351982, 0.522473037243, 1.65041840076, 2.53238010406, 4.22259426117, 7.55900764465, 16.305524826, 11.9880228043, 17.5281066895, 24.4380054474, 16.665517807, 21.1162662506, 26.1526355743, 49.0464897156, 100.68637085, 34.9681091309, 63.0627212524, 35.3220825195, 21.0883617401, 30.9032287598, 34.6701507568, 30.6352977753, 29.2859363556, 14.4123516083, 3.62591648102, 1.91700124741, 1.41531133652, 1.03901815414, 0.686705827713, 0.340574860573, 0.124513752759, 0.0608105994761, 0.0276702642441, 0.0104144364595, 0.00325446529314, 0.000612768810242, 1.4236388779e-05, 7.47266221879e-06], "median": [0.00030167363002, 0.00356186716817, 0.0297982674092, 0.252138525248, 0.826980113983, 1.1540145874, 2.95805215836, 5.97460079193, 9.88968276978, 7.60424613953, 12.3605308533, 15.6988115311, 10.4279165268, 8.36907482147, 9.59184646606, 11.0944538116, 13.9156274796, 24.9559364319, 26.2895431519, 18.7353153229, 15.2189512253, 22.0426044464, 29.6032619476, 26.94962883, 32.3231468201, 13.5664291382, 4.31921863556, 2.08957219124, 1.46904063225, 1.04902601242, 0.718083560467, 0.322117030621, 0.126005142927, 0.0588105767965, 0.024235881865, 0.00915465503931, 0.00325696705841, 0.000583976914641, 2.46501749643e-05, 2.2255922886e-05], "min": [9.39209160462e-22, 1.4388980431e-21, 6.35712938451e-21, 2.22765926659e-20, 2.33901706715e-19, 4.5240110363e-19, 2.98118426005e-19, 6.1521883761e-19, 7.34223761374e-19, 1.4309209233e-18, 1.30165575461e-18, 2.25265496511e-18, 3.98101556102e-18, 4.28225902368e-18, 4.49219580878e-18, 2.51252057878e-18, 7.06147628042e-18, 5.82652002771e-18, 4.41441022552e-18, 6.5622661633e-18, 8.97347696938e-18, 9.40133117814e-18, 1.18573809637e-17, 8.66616448256e-18, 1.50750589526e-17, 1.44095226666e-17, 2.06633737114e-17, 1.79856295955e-17, 1.93929930353e-17, 2.12595244332e-17, 2.46454989352e-17, 1.32549323871e-17, 1.2977208978e-17, 1.15212362694e-17, 9.51424960356e-18, 4.42593326504e-18, 2.41034619554e-18, 1.27323083023e-18, 4.21523666285e-19, 4.22036821995e-20], "dvar2": [9.48188244365e-06, 0.000294798286632, 0.0215079430491, 1.37920379639, 11.2459230423, 39.0765037537, 48.6146087646, 159.664001465, 782.15637207, 446.343811035, 692.350585938, 1396.08459473, 876.252624512, 1720.23388672, 2329.76416016, 12538.3710938, 74746, 3191.16699219, 17962.2382813, 5558.73242188, 1403.71020508, 2753.70996094, 3261.6965332, 3651.29272461, 1838.12963867, 570.598693848, 41.9616127014, 8.5157585144, 5.56930112839, 3.0201921463, 1.45811188221, 1.10702288151, 0.0760548114777, 0.0147575270385, 0.00322008738294, 0.000437641690951, 4.19312891609e-05, 1.91710250874e-06, 8.48135062181e-10, 7.72635289081e-11], "dvar": [3.43453280038e-06, 0.000109636654088, 0.00835672859102, 0.543847203255, 4.37734508514, 14.3435316086, 21.4278564453, 72.7712860107, 373.935791016, 190.266342163, 257.66003418, 605.455444336, 335.702941895, 631.917907715, 950.196166992, 4522.02197266, 26970.15625, 1253.91223145, 6547.57226563, 2052.26000977, 610.724304199, 1160.53271484, 1375.57824707, 1443.55712891, 746.37322998, 232.650726318, 18.868719101, 3.95645952225, 2.52997851372, 1.27755379677, 0.645043849945, 0.535140454769, 0.0377397239208, 0.0069141453132, 0.00148312619422, 0.000227643817198, 2.19428984565e-05, 9.30274381972e-07, 4.17914869377e-10, 3.09868519732e-11], "dmean": [0.000672107562423, 0.00506840320304, 0.043472841382, 0.328528881073, 1.03211653233, 1.54928946495, 2.77383208275, 4.92159223557, 10.7085094452, 7.76936197281, 11.054063797, 15.8820457458, 10.5064592361, 13.0223913193, 16.1293239594, 29.3458614349, 60.6528587341, 21.6550979614, 38.303817749, 21.4272918701, 13.1017599106, 19.3243370056, 21.821434021, 19.5887241364, 18.3099403381, 8.95978069305, 2.29874753952, 1.2366951704, 0.908448755741, 0.659609556198, 0.435212105513, 0.223665431142, 0.0825674831867, 0.0396987944841, 0.0180915333331, 0.0067037763074, 0.00214699679054, 0.000394758681068, 9.3407352324e-06, 4.85659711558e-06], "max": [0.0575754605234, 0.255821079016, 2.18815565109, 14.4491252899, 46.1154518127, 111.327789307, 88.3130187988, 357.908538818, 466.690246582, 268.704772949, 287.308441162, 394.16986084, 495.235778809, 385.791534424, 670.347412109, 1342.90612793, 2513.59375, 891.021606445, 1781.45373535, 1063.20092773, 554.949462891, 1006.19226074, 802.025024414, 1146.765625, 561.555175781, 296.031982422, 149.35017395, 69.951789856, 72.2236480713, 34.1384849548, 20.4712142944, 28.6811828613, 6.25915765762, 3.56061577797, 1.53986549377, 0.59327429533, 0.227045938373, 0.0401139855385, 0.000850255368277, 7.95930100139e-05], "var": [3.14710405291e-06, 0.000109151362267, 0.0130531582981, 0.834463953972, 6.91870594025, 36.8178596497, 89.3347625732, 235.547134399, 1155.7043457, 451.95690918, 536.953857422, 1365.11853027, 906.304931641, 1425.23291016, 2481.46899414, 10648.5410156, 58525.8242188, 2830.09082031, 14424.3574219, 3974.14160156, 2169.85742188, 4246.07080078, 5893.80566406, 7593.91552734, 4277.20263672, 1044.91687012, 54.3118286133, 12.5025529861, 8.82668876648, 4.19242334366, 1.99963593483, 1.00672864914, 0.101469092071, 0.0198171455413, 0.00408942671493, 0.000654743053019, 7.3816627264e-05, 2.39182236328e-06, 1.21564225353e-09, 1.56602203427e-10], "mean": [0.000761237984989, 0.00652384292334, 0.069580771029, 0.560276329517, 1.67271506786, 2.89193081856, 6.56421470642, 11.2863512039, 21.1240215302, 14.9260139465, 19.8825359344, 28.4998722076, 20.7474384308, 23.3655967712, 29.7660179138, 52.6752510071, 103.825462341, 40.6379814148, 67.0782089233, 39.7939949036, 30.7129688263, 45.6446151733, 56.2634506226, 55.596370697, 55.2196502686, 24.949388504, 5.92147684097, 2.99823307991, 2.27733707428, 1.62345659733, 1.13447570801, 0.528494775295, 0.201746359468, 0.0971301570535, 0.0427577719092, 0.0157411284745, 0.00546541111544, 0.00095391710056, 3.0676532333e-05, 2.2580705263e-05]}, "spectral_strongpeak": {"dmean2": 1.99295687675, "median": 1.27961528301, "min": 0, "dvar2": 5.92052936554, "dvar": 2.28934001923, "dmean": 1.17490804195, "max": 14.6557941437, "var": 4.91700172424, "mean": 2.24781084061}, "spectral_energy": {"dmean2": 0.00575738633052, "median": 0.0163297131658, "min": 1.0766731487e-20, "dvar2": 4.62618700112e-05, "dvar": 1.81007872015e-05, "dmean": 0.00372033426538, "max": 0.0598541349173, "var": 8.31177894725e-05, "mean": 0.0167285911739}, "average_loudness": 0.897450745106, "spectral_rolloff": {"dmean2": 524.641479492, "median": 2476.31835938, "min": 258.3984375, "dvar2": 505262.21875, "dvar": 227684.8125, "dmean": 314.856506348, "max": 19422.9492188, "var": 1092111.625, "mean": 2368.56640625}, "spectral_centroid": {"dmean2": 306.557250977, "median": 2017.93591309, "min": 367.995544434, "dvar2": 78625.5078125, "dvar": 41046.2695313, "dmean": 201.807113647, "max": 10997.8994141, "var": 394718.75, "mean": 1981.56884766}, "pitch_salience": {"dmean2": 0.100363522768, "median": 0.617406666279, "min": 0.226365551353, "dvar2": 0.0073227728717, "dvar": 0.00272581446916, "dmean": 0.0611639507115, "max": 0.878307282925, "var": 0.00807872228324, "mean": 0.609342336655}, "spectral_energyband_middle_high": {"dmean2": 0.00473681790754, "median": 0.00851947348565, "min": 1.51287204191e-21, "dvar2": 4.45834339189e-05, "dvar": 1.64359771588e-05, "dmean": 0.00300599494949, "max": 0.0584787502885, "var": 7.37600857974e-05, "mean": 0.0104745198041}, "spectral_contrast_coeffs": {"dmean2": [0.0824628248811, 0.0723132491112, 0.0599822588265, 0.0538784004748, 0.0369303189218, 0.0226477496326], "median": [-0.589148104191, -0.718820154667, -0.771585941315, -0.746982574463, -0.733340144157, -0.738388061523], "min": [-0.958199441433, -0.963949501514, -0.969191014767, -0.962038695812, -0.95759344101, -0.959603667259], "dvar2": [0.00426131952554, 0.00330838863738, 0.00208664825186, 0.00173283577897, 0.000809238117654, 0.000311464769766], "dvar": [0.00157387950458, 0.00121905480046, 0.000758433598094, 0.000643722247332, 0.000324820488458, 0.000118707903312], "dmean": [0.0497489348054, 0.0445327572525, 0.0356306247413, 0.0322939455509, 0.0227917842567, 0.0138668986037], "max": [-0.300437599421, -0.436490923166, -0.536680817604, -0.490224421024, -0.57169175148, -0.671216607094], "var": [0.00703835394233, 0.0043512172997, 0.00358342658728, 0.00354083371349, 0.00289838784374, 0.000848103314638], "mean": [-0.589621663094, -0.717195808887, -0.764196932316, -0.741289436817, -0.735546529293, -0.743079304695]}, "melbands_skewness": {"dmean2": 0.634906411171, "median": 0.893388867378, "min": -1.53496897221, "dvar2": 0.315917223692, "dvar": 0.137469962239, "dmean": 0.416498064995, "max": 6.53930091858, "var": 0.984315097332, "mean": 1.02717542648}, "spectral_spread": {"dmean2": 303924.0625, "median": 2834961.5, "min": 1032786.4375, "dvar2": 232482177024, "dvar": 180733673472, "dmean": 188483.671875, "max": 40888088, "var": 482650750976, "mean": 2870129.25}, "dissonance": {"dmean2": 0.0246317926794, "median": 0.477399885654, "min": 0.305310100317, "dvar2": 0.000697289360687, "dvar": 0.000250014505582, "dmean": 0.0145288994536, "max": 0.500000059605, "var": 0.000547358358745, "mean": 0.471017092466}, "spectral_skewness": {"dmean2": 0.365511417389, "median": 1.36005401611, "min": 0.0480875708163, "dvar2": 0.114897541702, "dvar": 0.0402888357639, "dmean": 0.213098913431, "max": 5.9167137146, "var": 0.234196096659, "mean": 1.44601714611}, "spectral_flux": {"dmean2": 0.0219474751502, "median": 0.0652696117759, "min": 1.03762859416e-10, "dvar2": 0.000452831853181, "dvar": 0.000179678172572, "dmean": 0.0136339450255, "max": 0.175240248442, "var": 0.000684165162966, "mean": 0.0652444735169}, "spectral_contrast_valleys": {"dmean2": [0.750025391579, 0.52668172121, 0.480380028486, 0.408722102642, 0.312791913748, 0.27861648798], "median": [-9.1162405014, -6.6372294426, -7.18092441559, -7.31247234344, -7.10886764526, -10.5386753082], "min": [-27.3528900146, -27.0888729095, -26.8645935059, -27.3455657959, -27.2922000885, -27.2012081146], "dvar2": [0.360395461321, 0.204743430018, 0.16061322391, 0.134057059884, 0.0863725915551, 0.0756106749177], "dvar": [0.142836645246, 0.0900152921677, 0.0753953829408, 0.0707916095853, 0.0539987869561, 0.0469506978989], "dmean": [0.452587366104, 0.31898111105, 0.295951128006, 0.261094123125, 0.209089830518, 0.190463781357], "max": [-6.9296503067, -5.30452919006, -5.32481956482, -5.55352401733, -5.83572530746, -8.70795059204], "var": [0.610576689243, 0.616274833679, 0.714231669903, 0.687206089497, 0.926257312298, 0.796856760979], "mean": [-9.17243289948, -6.72790527344, -7.27610445023, -7.42437314987, -7.3524723053, -10.728477478]}, "erbbands_flatness_db": {"dmean2": 0.0217474643141, "median": 0.222166135907, "min": 0.0631240084767, "dvar2": 0.000411077722674, "dvar": 0.000168804341229, "dmean": 0.0139654595405, "max": 0.356754601002, "var": 0.00109096930828, "mean": 0.224902153015}, "spectral_energyband_high": {"dmean2": 0.000163757213159, "median": 0.000261643377598, "min": 7.79880583358e-21, "dvar2": 7.98775090516e-08, "dvar": 4.03577402608e-08, "dmean": 0.000108719825221, "max": 0.00770839303732, "var": 1.50527483811e-07, "mean": 0.000342564337188}, "spectral_entropy": {"dmean2": 0.139183059335, "median": 7.45304965973, "min": 6.00095701218, "dvar2": 0.0155130811036, "dvar": 0.00777901289985, "dmean": 0.0942024439573, "max": 9.79031181335, "var": 0.0703567191958, "mean": 7.42694616318}, "silence_rate_20dB": {"dmean2": 0, "median": 1, "min": 1, "dvar2": 0, "dvar": 0, "dmean": 0, "max": 1, "var": 0, "mean": 1}, "melbands_flatness_db": {"dmean2": 0.0247088894248, "median": 0.150884866714, "min": 0.00506733590737, "dvar2": 0.000468943471787, "dvar": 0.000217411870835, "dmean": 0.0164921171963, "max": 0.392783999443, "var": 0.00224877032451, "mean": 0.158349409699}, "barkbands": {"dmean2": [9.70264954958e-06, 3.66404347005e-05, 9.0183908469e-05, 0.000258131854935, 0.000678151962347, 0.000842082838062, 0.00116719072685, 0.000575323763769, 0.00115110678598, 0.00078487949213, 0.000446244550403, 0.00101317267399, 0.00233564712107, 0.000968486245256, 0.000946737302002, 0.000343247142155, 0.000645113934297, 0.000646770000458, 0.000652091577649, 0.000335401971824, 5.98125079705e-05, 3.74153314624e-05, 2.48714841291e-05, 1.05014360088e-05, 4.36479331256e-06, 1.88936746781e-06, 1.48476289041e-07], "median": [1.09407119453e-06, 1.24274520203e-05, 2.62786634266e-05, 0.000101510857348, 0.000336281140335, 0.000635427830275, 0.000722651137039, 0.000268140109256, 0.00075275497511, 0.000249644828727, 0.000168866492459, 0.000246953888563, 0.000282785389572, 0.000415787362726, 0.000418823648943, 0.000227611439186, 0.000380551151466, 0.000486676755827, 0.00066074647475, 0.000267279654508, 6.34433527011e-05, 3.94378330384e-05, 2.67934719886e-05, 1.01636151157e-05, 4.25799316872e-06, 1.87953185105e-06, 8.05136011195e-08], "min": [2.92036275558e-23, 1.3866159963e-23, 6.33005971721e-24, 1.10372661027e-23, 1.23894505293e-22, 5.99930674796e-23, 6.95690184536e-23, 5.94998274654e-23, 1.32573477242e-22, 8.94937264098e-23, 1.38305555149e-22, 5.65626711233e-23, 1.4769092995e-22, 1.18590936629e-22, 6.01456836657e-23, 1.79358936886e-22, 1.46170700323e-22, 2.13971464969e-22, 2.49714411797e-22, 2.4507459701e-22, 5.1958342455e-22, 5.4300529805e-22, 8.48624805452e-22, 6.89928559054e-22, 1.18975421124e-21, 1.20877643708e-21, 2.96364959818e-21], "dvar2": [6.95887181212e-10, 6.19705442517e-09, 3.5897333106e-08, 3.79859670829e-07, 2.18649506678e-06, 1.7287280798e-06, 3.47697277903e-06, 9.66312086348e-07, 2.76981586467e-06, 2.30274713431e-06, 8.07169385553e-07, 5.63361936656e-06, 3.86886604247e-05, 3.29581075675e-06, 3.96265113523e-06, 3.76183010076e-07, 1.19986941627e-06, 1.17576905723e-06, 1.02528633761e-06, 3.07548276623e-07, 9.15698183945e-09, 3.92775545421e-09, 1.77752934594e-09, 1.01103769801e-09, 7.90399481976e-11, 1.50423770662e-11, 1.2808004169e-13], "dvar": [3.53247708862e-10, 2.23376939168e-09, 1.38789024717e-08, 1.53125739644e-07, 8.25910547064e-07, 8.10243136584e-07, 1.61021068834e-06, 3.67411388424e-07, 1.17478123229e-06, 8.58503597101e-07, 3.3508788988e-07, 2.06649360734e-06, 1.39454868986e-05, 1.27426199015e-06, 1.48156436808e-06, 1.58675348416e-07, 4.95047970617e-07, 5.0799002338e-07, 4.00321681582e-07, 1.3308951452e-07, 4.23210266831e-09, 1.72859604408e-09, 7.9016571064e-10, 5.09111197644e-10, 3.70596088539e-11, 8.07734695102e-12, 5.46447449464e-14], "dmean": [6.01358487984e-06, 2.12661398109e-05, 5.47375166207e-05, 0.000160787196364, 0.000422460609116, 0.000556944403797, 0.00076321256347, 0.000359173573088, 0.000740782706998, 0.000482666189782, 0.000277466606349, 0.00061065464979, 0.00140200613532, 0.000600566796493, 0.000575536163524, 0.000213235049159, 0.000398383563152, 0.000411895947764, 0.000410618813476, 0.000210669459193, 3.82799262297e-05, 2.3974409487e-05, 1.58297516464e-05, 7.03149817127e-06, 2.86402178062e-06, 1.25065309931e-06, 9.06493156094e-08], "max": [0.00102116446942, 0.00139723508619, 0.00289973686449, 0.00891000777483, 0.0210803281516, 0.0278951562941, 0.0268301144242, 0.00945618934929, 0.0152185326442, 0.0137565722689, 0.0117328828201, 0.0305631812662, 0.0506089925766, 0.0219724029303, 0.031106274