{"tonal": {"thpcp": [1, 0.833042025566, 0.437530070543, 0.288252413273, 0.274704784155, 0.378854453564, 0.501486241817, 0.650814831257, 0.745983541012, 0.512729227543, 0.301275849342, 0.337126404047, 0.327666163445, 0.259526252747, 0.333015173674, 0.443230867386, 0.406617760658, 0.317948281765, 0.268653571606, 0.305535048246, 0.543833613396, 0.741711676121, 0.578228235245, 0.374073863029, 0.343183100224, 0.344106256962, 0.395318210125, 0.461934924126, 0.513069748878, 0.67274916172, 0.73460662365, 0.526509225368, 0.356787115335, 0.309140741825, 0.329437941313, 0.634109973907], "hpcp": {"dmean2": [0.275465041399, 0.323226839304, 0.301320374012, 0.237818941474, 0.220220923424, 0.218552440405, 0.227760910988, 0.234689369798, 0.267237514257, 0.309653431177, 0.279500961304, 0.269218564034, 0.222799763083, 0.2081374228, 0.225368872285, 0.292342036963, 0.335549145937, 0.337232023478, 0.256108283997, 0.189710497856, 0.175536513329, 0.220466226339, 0.256588995457, 0.292190879583, 0.346120685339, 0.237989544868, 0.162512153387, 0.169822961092, 0.164677515626, 0.166931837797, 0.186814159155, 0.205711469054, 0.203572586179, 0.191642999649, 0.178497865796, 0.201573431492], "median": [0.0869830846786, 0.129971578717, 0.0992649644613, 0.0505201257765, 0.043244432658, 0.0461822897196, 0.0531139560044, 0.053433008492, 0.0770210027695, 0.115024320781, 0.101396560669, 0.0709944218397, 0.0577108450234, 0.0458605028689, 0.0449966602027, 0.106456004083, 0.18633505702, 0.146195605397, 0.0638089552522, 0.0425307266414, 0.0430429801345, 0.0610005073249, 0.0763058438897, 0.119166627526, 0.0981427654624, 0.0687018111348, 0.0412542298436, 0.056607414037, 0.0523622371256, 0.0327600501478, 0.0396437942982, 0.0554183982313, 0.0645260736346, 0.0485063865781, 0.0323023870587, 0.0353870689869], "min": [0, 0, 0, 0, 0, 0, 0, 0, 0, 0, 0, 0, 0, 0, 0, 0, 0, 0, 0, 0, 0, 0, 0, 0, 0, 0, 0, 0, 0, 0, 0, 0, 0, 0, 0, 0], "dvar2": [0.1159837991, 0.135277345777, 0.132861688733, 0.109998084605, 0.111544080079, 0.109389208257, 0.109438285232, 0.11112575978, 0.123577512801, 0.136224105954, 0.12151556462, 0.127089962363, 0.105895541608, 0.101384557784, 0.106250539422, 0.119767412543, 0.139681965113, 0.146497949958, 0.115179896355, 0.0898290425539, 0.0788139998913, 0.1098299101, 0.126817375422, 0.120187453926, 0.172185078263, 0.0954622477293, 0.0729663819075, 0.0624786578119, 0.0600760392845, 0.0739801228046, 0.085092023015, 0.0926118940115, 0.0892354547977, 0.0920327752829, 0.0933081805706, 0.0980374515057], "dvar": [0.0443534478545, 0.0532822906971, 0.0482622236013, 0.0398164317012, 0.0407250635326, 0.0398736968637, 0.038745328784, 0.0410442724824, 0.0448100082576, 0.0502799786627, 0.0487485490739, 0.0460682138801, 0.0377944074571, 0.0363429151475, 0.038656193763, 0.044250857085, 0.0572579167783, 0.0566716641188, 0.0418278761208, 0.0316064618528, 0.0282024834305, 0.0398236103356, 0.049748595804, 0.0470131039619, 0.0650506019592, 0.0357928611338, 0.0268831960857, 0.0234483592212, 0.02294402197, 0.026933580637, 0.0322163328528, 0.0362893790007, 0.0330809876323, 0.0334796272218, 0.0338774099946, 0.0362024642527], "dmean": [0.158897683024, 0.189634621143, 0.173179507256, 0.133218899369, 0.123471476138, 0.122302047908, 0.127659603953, 0.132215768099, 0.15110886097, 0.178906902671, 0.162380948663, 0.152797579765, 0.124205052853, 0.115561105311, 0.125032544136, 0.170086547732, 0.199885427952, 0.19808460772, 0.146322011948, 0.105699107051, 0.0983967110515, 0.124483071268, 0.148320376873, 0.169640570879, 0.19645152986, 0.136429041624, 0.0931019261479, 0.0986636206508, 0.0957988128066, 0.0932825058699, 0.106804467738, 0.119720548391, 0.117058478296, 0.107771508396, 0.0988152697682, 0.11305783689], "max": [1, 1, 1, 1, 1, 1, 1, 1, 1, 1, 1, 1, 1, 1, 1, 1, 1, 1, 1, 1, 1, 1, 1, 1, 1, 1, 1, 1, 1, 1, 1, 1, 1, 1, 1, 1], "var": [0.0587413050234, 0.0868438854814, 0.0589006617665, 0.0392479896545, 0.039801992476, 0.0374644994736, 0.0423930101097, 0.0634448304772, 0.0586071237922, 0.0754574090242, 0.100712507963, 0.0601839087903, 0.0332216098905, 0.0295381266624, 0.0334661155939, 0.0647453144193, 0.124293170869, 0.0985579416156, 0.0451610460877, 0.0255798380822, 0.023300493136, 0.0374312661588, 0.0588771142066, 0.0654246434569, 0.101482667029, 0.0580569468439, 0.030266450718, 0.0279829725623, 0.0294545013458, 0.024690978229, 0.0356327854097, 0.0547570586205, 0.0410271733999, 0.0320923775434, 0.0313019119203, 0.0349578000605], "mean": [0.189210534096, 0.258056253195, 0.201177120209, 0.130147740245, 0.11940023303, 0.119721420109, 0.137539073825, 0.160716354847, 0.178507179022, 0.234062820673, 0.255584269762, 0.183183044195, 0.124133341014, 0.107556216419, 0.11461801827, 0.220619484782, 0.347919911146, 0.289831906557, 0.152225419879, 0.100288756192, 0.0955752655864, 0.131811007857, 0.174477055669, 0.226431429386, 0.259542524815, 0.178388699889, 0.104819871485, 0.11729298532, 0.114001587033, 0.0902943536639, 0.115862607956, 0.15420883894, 0.14147041738, 0.11062053591, 0.0934699252248, 0.106301724911]}, "tuning_equal_tempered_deviation": 0.290777921677, "chords_changes_rate": 0.0816812068224, "key_key": "F", "tuning_diatonic_strength": 0.622969269753, "key_scale": "major", "chords_number_rate": 0.0017446471611, "tuning_frequency": 434.193115234, "tuning_nontempered_energy_ratio": 0.91729003191, "chords_histogram": [7.53370332718, 14.3061065674, 22.6804122925, 1.12609040737, 9.80174446106, 5.23394107819, 7.12133216858, 0, 0.15860427916, 0.0475812852383, 0.333068996668, 0, 0.0793021395802, 0, 0, 0.412371128798, 0.253766864538, 2.66455197334, 0.983346521854, 2.47422671318, 0.0158604290336, 0.872323572636, 4.59952402115, 19.3021411896], "key_strength": 0.569227218628, "chords_key": "C", "chords_strength": {"dmean2": 0.0125846629962, "median": 0.468721300364, "min": -1, "dvar2": 0.000624932348728, "dvar": 0.000393057533074, "dmean": 0.0115361297503, "max": 0.801062107086, "var": 0.0119585199282, "mean": 0.479808151722}, "chords_scale": "major", "hpcp_entropy": {"dmean2": 1.15615916252, "median": 2.50987243652, "min": 0, "dvar2": 0.863407671452, "dvar": 0.31456092, "dmean": 0.688894748688, "max": 4.59474134445, "var": 0.714033603668, "mean": 2.46844434738}}, "metadata": {"audio_properties": {"equal_loudness": 0, "codec": "mp3", "downmix": "mix", "sample_rate": 44100, "analysis_sample_rate": 44100, "bit_rate": 128011, "md5_encoded": "18f33feb5c335b184deba47d8f9eda7d", "length": 292.754272461, "replay_gain": -11.5213069916, "lossless": false}, "version": {"essentia_build_sha": "2d9f1f26377add8aeb1075a9c2973f962c4f09fd", "essentia": "2.1-beta2", "extractor": "music 1.0", "essentia_git_sha": "v2.1_beta2-1-ge3940c0"}, "tags": {"title": ["Post Modern Radio"], "media": ["Digital Media"], "albumartist": ["Want Slash Need"], "musicbrainz_recordingid": ["0d6deb0c-9b6b-489d-bbde-1b6d1b54749c"], "originalyear": ["2015"], "discnumber": ["1/1"], "album": ["Want Slash Need"], "musicbrainz album release country": ["XW"], "musicbrainz album type": ["album"], "musicbrainz album status": ["official"], "musicbrainz_albumartistid": ["38552f96-0116-4144-9c35-e2c2e07a12e5"], "date": ["2015-12-16"], "file_name": "07. Want Slash Need - Want Slash Need - Post Modern Radio.mp3", "musicbrainz_releasegroupid": ["eec04bac-c1ea-424c-a884-17706d4805b4"], "script": ["Latn"], "originaldate": ["2015-12-16"], "musicbrainz_albumid": ["32ee9dd6-064d-4db8-9c08-30292dad4df6"], "artist": ["Want Slash Need"], "artistsort": ["Want Slash Need"], "tracknumber": ["7/7"], "label": ["[no label]"], "albumartistsort": ["Want Slash Need"], "musicbrainz_artistid": ["38552f96-0116-4144-9c35-e2c2e07a12e5"]}}, "rhythm": {"bpm_histogram_first_peak_bpm": {"dmean2": 0, "median": 136, "min": 136, "dvar2": 0, "dvar": 0, "dmean": 0, "max": 136, "var": 0, "mean": 136}, "bpm": 136.429473877, "bpm_histogram_second_peak_spread": {"dmean2": 0, "median": 0.102941155434, "min": 0.102941155434, "dvar2": 0, "dvar": 0, "dmean": 0, "max": 0.102941155434, "var": 0, "mean": 0.102941155434}, "bpm_histogram_first_peak_weight": {"dmean2": 0, "median": 0.383333325386, "min": 0.383333325386, "dvar2": 0, "dvar": 0, "dmean": 0, "max": 0.383333325386, "var": 0, "mean": 0.383333325386}, "onset_rate": 2.86915826797, "beats_position": [0.46439909935, 0.952018141747, 1.43963718414, 1.92725622654, 2.41487526894, 2.90249419212, 3.39011335373, 3.87773227692, 4.3653512001, 4.85297060013, 5.34058952332, 5.8282084465, 6.28099775314, 6.73378658295, 7.19818592072, 7.63936471939, 8.08054447174, 8.53333282471, 8.98612213135, 9.43891143799, 9.89170074463, 10.3444900513, 10.7972784042, 11.2384576797, 11.6912469864, 12.144036293, 12.5852155685, 13.0380039215, 13.4907932281, 13.9435825348, 14.3963718414, 14.8839902878, 15.3599996567, 15.8360090256, 16.3120174408, 16.7996368408, 17.2872562408, 17.7748756409, 18.2741031647, 18.7733325958, 19.272562027, 19.7717914581, 20.2710208893, 20.7702484131, 21.2810878754, 21.7803173065, 22.2795467377, 22.7671642303, 23.2431735992, 23.7191829681, 24.2068023682, 24.6944217682, 25.1820411682, 25.6696586609, 26.1456680298, 26.6216773987, 27.0976867676, 27.5736961365, 28.0497055054, 28.5141029358, 28.9901123047, 29.4661216736, 29.9305210114, 30.3949203491, 30.8593196869, 31.3237190247, 31.7881164551, 32.2525177002, 32.7169151306, 33.1813163757, 33.6457138062, 34.1101112366, 34.5629005432, 35.0156898499, 35.480091095, 35.9328804016, 36.3856697083, 36.8500671387, 37.3144645691, 37.7788658142, 38.2432632446, 38.7076644897, 39.1720619202, 39.6364631653, 40.1008605957, 40.5652618408, 41.0296592712, 41.4824485779, 41.9352378845, 42.3996353149, 42.8640365601, 43.3284339905, 43.7928352356, 44.257232666, 44.7216300964, 45.1860313416, 45.650428772, 46.1032180786, 46.5560073853, 47.0087966919, 47.4615859985, 47.9143753052, 48.3671646118, 48.80834198, 49.2495231628, 49.7023124695, 50.1551017761, 50.6078910828, 51.0606803894, 51.5018577576, 51.9546470642, 52.4074363708, 52.8486175537, 53.3014030457, 53.7541923523, 54.1953735352, 54.6365509033, 55.0777320862, 55.5189094543, 55.9600906372, 56.4128799438, 56.8656692505, 57.3068466187, 57.7596359253, 58.2008171082, 58.6536026001, 59.1063919067, 59.5591812134, 60.0003623962, 60.4531517029, 60.9059410095, 61.3587303162, 61.8115196228, 62.2643089294, 62.7054862976, 63.1582756042, 63.6110649109, 64.0638504028, 64.5166397095, 64.9694290161, 65.4338302612, 65.8866195679, 66.3394088745, 66.8038101196, 67.2565994263, 67.7093887329, 68.1621780396, 68.6033554077, 69.0445327759, 69.4973220825, 69.9384994507, 70.4029006958, 70.8556900024, 71.3084793091, 71.7496566772, 72.1908340454, 72.6436233521, 73.0964126587, 73.5375976563, 74.001991272, 74.4431762695, 74.8843536377, 75.3139190674, 75.7434921265, 76.1614532471, 76.6026306152, 77.0438079834, 77.4849853516, 77.9261627197, 78.3673477173, 78.8085250854, 79.2497024536, 79.6792755127, 80.1204528809, 80.561630249, 80.9912033081, 81.4091567993, 81.8271179199, 82.2334671021, 82.6398162842, 83.0809936523, 83.5105667114, 83.9517440796, 84.4045333862, 84.8457107544, 85.2868881226, 85.7048492432, 86.1228103638, 86.5407714844, 86.9819488525, 87.4231262207, 87.8643035889, 88.3054885864, 88.7466659546, 89.1878433228, 89.6174163818, 90.0469818115, 90.4881591797, 90.9293441772, 91.3705215454, 91.8233108521, 92.2528762817, 92.6824493408, 93.1120147705, 93.5415878296, 93.9711532593, 94.3891143799, 94.830291748, 95.2598648071, 95.6778182983, 96.0957794189, 96.525352478, 96.9549179077, 97.3844909668, 97.8140563965, 98.2436294556, 98.6731948853, 99.1027679443, 99.532333374, 99.9619064331, 100.391471863, 100.821044922, 101.238998413, 101.656959534, 102.074920654, 102.492874146, 102.910835266, 103.328796387, 103.758361816, 104.199546814, 104.629112244, 105.070289612, 105.499862671, 105.929428101, 106.35900116, 106.788566589, 107.218139648, 107.647705078, 108.088890076, 108.518455505, 108.959632874, 109.389205933, 109.807167053, 110.225120544, 110.654693604, 111.084259033, 111.513832092, 111.943397522, 112.372970581, 112.802536011, 113.220497131, 113.638458252, 114.068023682, 114.497596741, 114.915550232, 115.345123291, 115.763084412, 116.192649841, 116.610610962, 117.05178833, 117.492965698, 117.934150696, 118.375328064, 118.816505432, 119.2576828, 119.698867798, 120.140045166, 120.581222534, 121.022399902, 121.475189209, 121.927978516, 122.369155884, 122.810340881, 123.25151825, 123.692695618, 124.122268677, 124.575057983, 125.02784729, 125.480628967, 125.921813965, 126.362991333, 126.804168701, 127.245346069, 127.686531067, 128.127700806, 128.592102051, 129.044891357, 129.497680664, 129.950469971, 130.403259277, 130.844436646, 131.285614014, 131.703582764, 132.144760132, 132.597549438, 133.050338745, 133.491516113, 133.932693481, 134.385482788, 134.838272095, 135.291061401, 135.743850708, 136.185028076, 136.626205444, 137.067382813, 137.508575439, 137.949752808, 138.390930176, 138.832107544, 139.273284912, 139.71446228, 140.155639648, 140.596817017, 141.037994385, 141.479187012, 141.943572998, 142.396362305, 142.837554932, 143.290344238, 143.731521606, 144.172698975, 144.602264404, 145.043441772, 145.473007202, 145.902587891, 146.33215332, 146.773330688, 147.19128418, 147.632461548, 148.073654175, 148.503219604, 148.932785034, 149.373962402, 149.815139771, 150.256317139, 150.697509766, 151.115463257, 151.533416748, 151.951385498, 152.380950928, 152.810516357, 153.240081787, 153.681274414, 154.122451782, 154.56362915, 155.004806519, 155.445983887, 155.875549316, 156.305114746, 156.734695435, 157.164260864, 157.593826294, 158.035003662, 158.47618103, 158.905761719, 159.335327148, 159.776504517, 160.217681885, 160.658859253, 161.100036621, 161.541213989, 161.982406616, 162.400360107, 162.829925537, 163.247894287, 163.677459717, 164.107025146, 164.536590576, 164.942947388, 165.372512817, 165.802078247, 166.231658936, 166.672836304, 167.114013672, 167.55519104, 167.98475647, 168.414321899, 168.843902588, 169.273468018, 169.691421509, 170.132598877, 170.562179565, 170.991744995, 171.421310425, 171.850875854, 172.268844604, 172.675186157, 173.081542969, 173.511108398, 173.940673828, 174.370239258, 174.799819946, 175.240997314, 175.670562744, 176.111740112, 176.541305542, 176.982498169, 177.423675537, 177.853240967, 178.282806396, 178.712371826, 179.141952515, 179.583129883, 180.024307251, 180.465484619, 180.906661987, 181.336227417, 181.765808105, 182.206985474, 182.648162842, 183.077728271, 183.507293701, 183.925262451, 184.354827881, 184.784393311, 185.225570679, 185.666748047, 186.107940674, 186.525894165, 186.955459595, 187.385025024, 187.826202393, 188.26739502, 188.708572388, 189.149749756, 189.602539063, 190.055328369, 190.496505737, 190.937683105, 191.378860474, 191.83164978, 192.284439087, 192.748840332, 193.1900177, 193.61958313, 194.060760498, 194.501953125, 194.943130493, 195.372695923, 195.813873291, 196.243438721, 196.673019409, 197.114196777, 197.543762207, 197.973327637, 198.414505005, 198.855682373, 199.30847168, 199.749649048, 200.202438354, 200.655227661, 201.108016968, 201.549209595, 201.990386963, 202.431564331, 202.872741699, 203.302307129, 203.731872559, 204.173049927, 204.614242554, 205.055419922, 205.49659729, 205.937774658, 206.378952026, 206.808517456, 207.261306763, 207.702484131, 208.132064819, 208.561630249, 209.002807617, 209.432373047, 209.861953735, 210.303131104, 210.744308472, 211.18548584, 211.626663208, 212.067840576, 212.532241821, 212.985031128, 213.437820435, 213.878997803, 214.320175171, 214.772964478, 215.225753784, 215.666931152, 216.108108521, 216.549285889, 216.990478516, 217.431655884, 217.872833252, 218.31401062, 218.755187988, 219.207977295, 219.660766602, 220.10194397, 220.543121338, 220.984298706, 221.425476074, 221.866668701, 222.307846069, 222.772247314, 223.213424683, 223.654602051, 224.095779419, 224.536956787, 224.978134155, 225.419311523, 225.860488892, 226.30166626, 226.742858887, 227.172424316, 227.601989746, 228.043167114, 228.484344482, 228.913925171, 229.343490601, 229.784667969, 230.225845337, 230.667022705, 231.108200073, 231.572601318, 232.013778687, 232.454956055, 232.896133423, 233.33732605, 233.778503418, 234.219680786, 234.660858154, 235.102035522, 235.543212891, 235.984390259, 236.425567627, 236.866760254, 237.307937622, 237.760726929, 238.201904297, 238.643081665, 239.095870972, 239.548660278, 239.978225708, 240.407791138, 240.837371826, 241.278549194, 241.719726563, 242.160903931, 242.602081299, 243.043258667, 243.484436035, 243.925613403, 244.366790771, 244.807983398, 245.249160767, 245.690338135, 246.131515503, 246.572692871, 247.013870239, 247.455047607, 247.896224976, 248.325805664, 248.755371094, 249.196548462, 249.63772583, 250.078903198, 250.508468628, 250.938049316, 251.356002808, 251.797180176, 252.238357544, 252.656326294, 253.074279785, 253.503845215, 253.933425903, 254.374603271, 254.804168701, 255.233734131, 255.663299561, 256.069641113, 256.487609863, 256.905578613, 257.323547363, 257.741485596, 258.136230469, 258.530975342, 258.972137451, 259.413330078, 259.854522705, 260.295684814, 260.736877441, 261.178039551, 261.630828857, 262.095245361, 262.559631348, 263.024017334, 263.476806641, 263.917999268, 264.359191895, 264.800354004, 265.241546631, 265.68270874, 266.123901367, 266.553466797, 266.983032227, 267.401000977, 267.818939209, 268.236907959, 268.666473389, 269.096038818, 269.537231445, 269.978393555, 270.419586182, 270.825927734, 271.255493164, 271.696685791, 272.137878418, 272.567443848, 273.008605957, 273.426574707, 273.856140137, 274.274108887, 274.692047119, 275.133239746, 275.551208496, 275.980773926, 276.410339355, 276.828308105, 277.246246338, 277.664215088, 278.082183838, 278.511749268, 278.941314697, 279.370880127, 279.800445557, 280.230010986, 280.659576416, 281.089141846, 281.507110596, 281.936676025, 282.354644775, 282.784210205, 283.213775635, 283.631744385, 284.061309814, 284.479278564, 284.908843994, 285.350006104, 285.779571533, 286.20916748, 286.63873291, 287.06829834, 287.49786377, 287.927429199, 288.345397949, 288.763336182, 289.181304932, 289.599273682, 290.028839111, 290.446807861, 290.864746094, 291.294311523, 291.73550415, 292.16506958], "beats_loudness": {"dmean2": 0.0423474535346, "median": 0.0356779135764, "min": 1.65495020465e-10, "dvar2": 0.00128336355556, "dvar": 0.000380416575354, "dmean": 0.0221678670496, "max": 0.123718321323, "var": 0.000482291536173, "mean": 0.0403664521873}, "danceability": 1.18240261078, "bpm_histogram_second_peak_weight": {"dmean2": 0, "median": 0.0924242436886, "min": 0.0924242436886, "dvar2": 0, "dvar": 0, "dmean": 0, "max": 0.0924242436886, "var": 0, "mean": 0.0924242436886}, "beats_count": 661, "bpm_histogram_second_peak_bpm": {"dmean2": 0, "median": 144, "min": 144, "dvar2": 0, "dvar": 0, "dmean": 0, "max": 144, "var": 0, "mean": 144}, "bpm_histogram_first_peak_spread": {"dmean2": 0, "median": 0.499009907246, "min": 0.499009907246, "dvar2": 0, "dvar": 0, "dmean": 0, "max": 0.499009907246, "var": 0, "mean": 0.499009907246}, "beats_loudness_band_ratio": {"dmean2": [0.244778931141, 0.151391774416, 0.120162896812, 0.0949360579252, 0.0720897912979, 0.0413643270731], "median": [0.554426312447, 0.144995704293, 0.100104294717, 0.0674228817225, 0.0658174008131, 0.0429626666009], "min": [0.000828551186714, 0.000123281643027, 0.000642125029117, 0.000131307228003, 0.000152075968799, 0.000144868390635], "dvar2": [0.0417449474335, 0.0229354035109, 0.0132461581379, 0.00983055401593, 0.00620066793635, 0.00366324209608], "dvar": [0.0153366122395, 0.00742446025833, 0.00502562476322, 0.00343505502678, 0.00226189172827, 0.00162108300719], "dmean": [0.141423746943, 0.0871617421508, 0.0682856217027, 0.0526714213192, 0.0405519083142, 0.0234786402434], "max": [0.995822191238, 0.833384692669, 0.615714669228, 0.519080817699, 0.477676808834, 0.834556639194], "var": [0.0301180817187, 0.00965334009379, 0.00824098009616, 0.00402153003961, 0.00301298219711, 0.00289413123392], "mean": [0.5359993577, 0.164151236415, 0.124273084104, 0.0827027112246, 0.0766592919827, 0.0491375550628]}}, "lowlevel": {"barkbands_spread": {"dmean2": 8.86865711212, "median": 27.1262245178, "min": 0.474412828684, "dvar2": 87.5607528687, "dvar": 36.4466171265, "dmean": 5.57567358017, "max": 116.329147339, "var": 141.419692993, "mean": 26.3234767914}, "melbands_spread": {"dmean2": 11.3918123245, "median": 24.421207428, "min": 0.285125225782, "dvar2": 151.820678711, "dvar": 63.2448883057, "dmean": 7.12452077866, "max": 164.676513672, "var": 264.748504639, "mean": 25.9643802643}, "hfc": {"dmean2": 5.85337257385, "median": 17.1678695679, "min": 1.26071047145e-16, "dvar2": 63.5739974976, "dvar": 30.9831924438, "dmean": 4.03793001175, "max": 105.893730164, "var": 169.726867676, "mean": 18.9967746735}, "barkbands_kurtosis": {"dmean2": 5.49488019943, "median": 0.858178794384, "min": -1.84411168098, "dvar2": 519.418701172, "dvar": 183.774765015, "dmean": 3.25422072411, "max": 665.484863281, "var": 220.095870972, "mean": 3.6912446022}, "gfcc": {"mean": [1.45678091049, 108.76499176, -126.873474121, 46.1577644348, -50.7746391296, 4.50865697861, -27.5334777832, 8.80434322357, -24.0992565155, 0.662406384945, -11.6052732468, 0.118514068425, -8.50130653381], "icov": [[0.000211096630665, -0.000545156595763, 0.000349285022821, -0.000273690471658, 0.000269373122137, -0.000344943226082, 0.000573795172386, -0.000772695988417, 0.000998130766675, -0.000871142488904, 0.00102568150032, -0.000891730363946, 0.00082163856132], [-0.000545156595763, 0.00381704908796, -0.000919611484278, 0.000801542541012, -0.001954855863, 0.00210372591391, -0.00252162967809, 0.00375068257563, -0.00367229175754, 0.00440839212388, -0.00578639889136, 0.00532181747258, -0.00387827074155], [0.000349285022821, -0.000919611484278, 0.0027422469575, -0.00014358968474, -0.00108887196984, -0.00124013004825, 0.00278772134334, -0.00272793183103, 0.00120889022946, -0.000975369592197, 0.00167500646785, -0.00275625195354, 0.00273757893592], [-0.000273690471658, 0.000801542541012, -0.00014358968474, 0.00505229271948, 0.000589618517552, -0.000367944769096, -0.00128425692674, 0.000946006854065, -0.00312534184195, 0.00238182768226, -0.00233442476019, 0.00139974511694, -0.00244108447805], [0.000269373122137, -0.001954855863, -0.00108887196984, 0.000589618517552, 0.00710043031722, -0.00114322046284, -0.00265919999219, 0.00076533597894, 0.00125047867186, -0.00547438114882, 0.00351835531183, -0.000117336319818, -0.000656808435451], [-0.000344943226082, 0.00210372591391, -0.00124013004825, -0.000367944769096, -0.00114322046284, 0.00685257604346, 9.21996179386e-05, -0.00186584680341, 0.000885107030626, 0.00223222048953, -0.00509569561109, 0.00431603332981, -0.00223494973034], [0.000573795172386, -0.00252162967809, 0.00278772134334, -0.00128425692674, -0.00265919999219, 9.21996179386e-05, 0.0111687108874, -0.005593420472, 0.000663358194288, -0.000314112287015, 0.00297856517136, -0.00665618944913, 0.00510052684695], [-0.000772695988417, 0.00375068257563, -0.00272793183103, 0.000946006854065, 0.00076533597894, -0.00186584680341, -0.005593420472, 0.018388422206, -0.00882895197719, -0.000734664907213, -0.000881416315679, 0.00350235914811, -0.00436580227688], [0.000998130766675, -0.00367229175754, 0.00120889022946, -0.00312534184195, 0.00125047867186, 0.000885107030626, 0.000663358194288, -0.00882895197719, 0.0250134170055, -0.00909351278096, 0.00169351056684, 0.00200619059615, 0.00138853897806], [-0.000871142488904, 0.00440839212388, -0.000975369592197, 0.00238182768226, -0.00547438114882, 0.00223222048953, -0.000314112287015, -0.000734664907213, -0.00909351278096, 0.0265800580382, -0.0127745084465, 0.000232126345509, 0.00253169168718], [0.00102568150032, -0.00578639889136, 0.00167500646785, -0.00233442476019, 0.00351835531183, -0.00509569561109, 0.00297856517136, -0.000881416315679, 0.00169351056684, -0.0127745084465, 0.0283320900053, -0.0112541429698, 0.000423281890107], [-0.000891730363946, 0.00532181747258, -0.00275625195354, 0.00139974511694, -0.000117336319818, 0.00431603332981, -0.00665618944913, 0.00350235914811, 0.00200619059615, 0.000232126345509, -0.0112541429698, 0.0271254125983, -0.0106974868104], [0.00082163856132, -0.00387827074155, 0.00273757893592, -0.00244108447805, -0.000656808435451, -0.00223494973034, 0.00510052684695, -0.00436580227688, 0.00138853897806, 0.00253169168718, 0.000423281890107, -0.0106974868104, 0.0280026979744]], "cov": [[11911.6689453, -569.818908691, -518.981567383, 207.603942871, -593.275878906, 399.01651001, -382.578430176, 239.334671021, -349.44744873, 99.3338088989, -187.912002563, 127.155822754, -174.897003174], [-569.818908691, 1735.83740234, -438.184692383, 50.4753265381, 316.953033447, -419.182830811, 282.586547852, -289.668273926, 140.622558594, -133.576873779, 127.263961792, -135.574478149, 133.098007202], [-518.981567383, -438.184692383, 858.054626465, -93.4479522705, 76.793800354, 228.851608276, -149.241973877, 144.306930542, -22.6620597839, 80.3391036987, -24.0952510834, 37.1826133728, -59.3128013611], [207.603942871, 50.4753265381, -93.4479522705, 264.135498047, -52.2948379517, 17.9844684601, 17.6224689484, 1.89113199711, 27.978219986, -22.5833282471, 23.2338066101, -6.30756092072, 28.247800827], [-593.275878906, 316.953033447, 76.793800354, -52.2948379517, 306.285186768, -58.6793403625, 109.343421936, -32.0547981262, 41.2180519104, 24.8928775787, 16.853313446, -20.060546875, 14.6124858856], [399.01651001, -419.182830811, 228.851608276, 17.9844684601, -58.6793403625, 331.08190918, -105.118682861, 113.936317444, -37.6152992249, 38.4594497681, -4.71104240417, 15.1322488785, -24.3698368073], [-382.578430176, 282.586547852, -149.241973877, 17.6224689484, 109.343421936, -105.118682861, 212.586654663, -20.773431778, 45.6139297485, -10.3887910843, 18.2203292847, -1.20683217049, 16.6446857452], [239.334671021, -289.668273926, 144.306930542, 1.89113199711, -32.0547981262, 113.936317444, -20.773431778, 147.439926147, 8.72199058533, 45.65599823, -16.6060180664, 20.0099639893, -22.6359996796], [-349.44744873, 140.622558594, -22.6620597839, 27.978219986, 41.2180519104, -37.6152992249, 45.6139297485, 8.72199058533, 84.1894226074, 12.3602228165, 21.3566265106, -19.1470603943, 12.4701499939], [99.3338088989, -133.576873779, 80.3391036987, -22.5833282471, 24.8928775787, 38.4594497681, -10.3887910843, 45.65599823, 12.3602228165, 83.9672546387, 14.7586526871, 21.4133644104, -18.820608139], [-187.912002563, 127.263961792, -24.0952510834, 23.2338066101, 16.853313446, -4.71104240417, 18.2203292847, -16.6060180664, 21.3566265106, 14.7586526871, 75.4967803955, 11.0660057068, 22.3246326447], [127.155822754, -135.574478149, 37.1826133728, -6.30756092072, -20.060546875, 15.1322488785, -1.20683217049, 20.0099639893, -19.1470603943, 21.4133644104, 11.0660057068, 73.9679107666, 4.48748731613], [-174.897003174, 133.098007202, -59.3128013611, 28.247800827, 14.6124858856, -24.3698368073, 16.6446857452, -22.6359996796, 12.4701499939, -18.820608139, 22.3246326447, 4.48748731613, 61.8340492249]]}, "spectral_energyband_middle_low": {"dmean2": 0.00863028597087, "median": 0.00857129320502, "min": 2.84911870775e-22, "dvar2": 0.00032474816544, "dvar": 0.000132749468321, "dmean": 0.00547402817756, "max": 0.160252049565, "var": 0.00017150885833, "mean": 0.0119197685272}, "melbands_crest": {"dmean2": 5.67955589294, "median": 12.0250167847, "min": 1.00129520893, "dvar2": 26.7084674835, "dvar": 10.0049371719, "dmean": 3.42354083061, "max": 39.5671806335, "var": 23.7493438721, "mean": 12.9822692871}, "spectral_kurtosis": {"dmean2": 2.69446873665, "median": 3.14620256424, "min": -1.22028446198, "dvar2": 13.4706707001, "dvar": 4.7477812767, "dmean": 1.56639683247, "max": 117.685119629, "var": 14.3312826157, "mean": 3.86772894859}, "spectral_rms": {"dmean2": 0.0014637944987, "median": 0.00466770399362, "min": 3.27239515867e-12, "dvar2": 4.32154320151e-06, "dvar": 1.73818648364e-06, "dmean": 0.000922690494917, "max": 0.0136249698699, "var": 3.2787991131e-06, "mean": 0.0048751286231}, "zerocrossingrate": {"dmean2": 0.0101772965863, "median": 0.05908203125, "min": 0.00146484375, "dvar2": 9.80061086011e-05, "dvar": 7.58836176828e-05, "dmean": 0.00817886553705, "max": 0.51123046875, "var": 0.00148333155084, "mean": 0.0611132271588}, "silence_rate_60dB": {"dmean2": 0.020940747112, "median": 0, "min": 0, "dvar2": 0.0251020137221, "dvar": 0.0103589883074, "dmean": 0.0104695428163, "max": 1, "var": 0.0289296060801, "mean": 0.0298199690878}, "erbbands_kurtosis": {"dmean2": 0.779777824879, "median": -0.741417050362, "min": -1.81407904625, "dvar2": 2.63240170479, "dvar": 1.36884737015, "dmean": 0.495338737965, "max": 97.8847503662, "var": 4.29839038849, "mean": -0.380036741495}, "erbbands": {"dmean2": [0.312350720167, 2.06624698639, 4.23109769821, 11.424038887, 14.1069545746, 11.6614303589, 12.3059024811, 12.4922895432, 14.9645185471, 19.43516922, 20.3059959412, 16.8230438232, 24.956943512, 16.0366764069, 24.3660907745, 19.9442157745, 17.0748214722, 13.9679727554, 18.7485179901, 13.0263652802, 17.9158668518, 20.8774147034, 24.8939704895, 12.9356555939, 10.3692588806, 14.3707151413, 9.29510211945, 3.8677406311, 2.25954508781, 1.67671942711, 1.59869670868, 0.937379777431, 0.64590883255, 0.289394617081, 0.10934241116, 0.0487751364708, 0.0298654753715, 0.0123998718336, 0.00043654156616, 2.59324224317e-05], "median": [0.120089486241, 0.798159003258, 1.98026692867, 4.23739051819, 4.31630468369, 6.70570850372, 8.91525745392, 8.4385175705, 10.714179039, 12.177113533, 9.83234024048, 10.1624355316, 14.2884273529, 10.9787330627, 19.9139308929, 18.6945095062, 14.6791734695, 9.6723279953, 15.1031713486, 11.0188169479, 15.8738269806, 23.8945980072, 29.4765357971, 17.9596385956, 15.3556489944, 19.6024417877, 13.6567163467, 5.8156747818, 2.64262104034, 1.40993928909, 1.16307151318, 0.834950447083, 0.575232326984, 0.265761256218, 0.073425590992, 0.0241922996938, 0.00682579586282, 0.000836412596982, 3.67142238247e-05, 3.02490789181e-05], "min": [1.49596464488e-22, 8.60482104299e-22, 2.87307554254e-21, 1.4171290566e-20, 2.78790045598e-20, 7.22341156779e-20, 6.43838226979e-20, 2.53213478886e-19, 4.0436579488e-19, 1.43777235691e-18, 5.40818129113e-19, 1.0585424095e-18, 1.94066808065e-18, 7.62849535544e-19, 2.77192690042e-18, 3.04416217297e-18, 2.16196619147e-18, 4.60227162803e-18, 7.01268751353e-18, 4.22518852449e-18, 4.37987460776e-18, 9.58306606744e-18, 9.8348300674e-18, 1.152694547e-17, 1.11876219207e-17, 1.32366831284e-17, 1.86233378713e-17, 1.98112238248e-17, 2.06715479102e-17, 1.74682595552e-17, 1.35340868187e-17, 1.36447950175e-17, 1.09843000989e-17, 8.29309196423e-18, 9.63807440535e-18, 5.83358869963e-18, 3.12193121262e-18, 1.33136549728e-18, 3.44631903373e-19, 3.14284527241e-20], "dvar2": [0.474393606186, 23.1431884766, 69.8475418091, 496.945770264, 1492.91772461, 308.716674805, 280.338195801, 441.544891357, 682.196716309, 1512.49780273, 2344.01977539, 1313.44274902, 2947.92382813, 1390.81872559, 1455.17480469, 1434.51879883, 665.297058105, 684.736083984, 920.719970703, 652.264526367, 1128.15979004, 896.391357422, 1394.82714844, 329.606933594, 213.012313843, 469.719177246, 172.973648071, 24.7227535248, 11.5110006332, 10.7852754593, 13.3326911926, 4.19473361969, 1.45971095562, 0.271016508341, 0.0484972372651, 0.0102268252522, 0.00522092357278, 0.00111659278627, 1.5604799728e-06, 1.79607606565e-09], "dvar": [0.167403906584, 8.25671100616, 24.6097946167, 191.322219849, 576.401123047, 112.511779785, 114.200218201, 174.621185303, 297.005889893, 633.999328613, 1084.31005859, 575.818847656, 1238.5723877, 721.755249023, 583.0078125, 615.520019531, 276.527038574, 285.012054443, 364.267059326, 287.828155518, 500.11932373, 373.906951904, 594.235290527, 133.295806885, 91.6976089478, 201.31237793, 76.6760482788, 10.4596347809, 4.92891740799, 5.00432157516, 6.31510686874, 1.95470607281, 0.650938034058, 0.123787678778, 0.0235195998102, 0.0051239929162, 0.00253537809476, 0.000521956360899, 6.9573724204e-07, 7.46486372716e-10], "dmean": [0.174660503864, 1.16141426563, 2.42140650749, 6.79624462128, 8.57105255127, 6.96105289459, 7.6329498291, 7.67494106293, 9.35188388824, 11.9519414902, 13.1907224655, 10.5386362076, 15.699213028, 10.4427042007, 15.1987361908, 12.523235321, 10.7054328918, 8.81696796417, 11.5500364304, 8.15056991577, 11.059633255, 12.9443387985, 15.6382408142, 8.01491451263, 6.47245979309, 9.03541183472, 5.86803150177, 2.44748258591, 1.4358536005, 1.09942042828, 1.05136954784, 0.613839328289, 0.421387284994, 0.195381402969, 0.0745781585574, 0.0338151976466, 0.0208432972431, 0.00852313358337, 0.000294063647743, 1.66908394021e-05], "max": [4.24430370331, 29.856836319, 57.7677688599, 196.602996826, 356.643707275, 148.024276733, 276.970001221, 551.148925781, 688.003662109, 997.68347168, 1390.90332031, 1046.23461914, 874.112976074, 1226.96459961, 519.517883301, 1375.04321289, 446.484436035, 404.275390625, 474.482818604, 883.112548828, 996.258361816, 623.630249023, 770.264221191, 334.574554443, 348.684387207, 520.450378418, 300.758239746, 63.5578918457, 56.5452919006, 53.1806335449, 71.8843765259, 33.7053375244, 19.7830467224, 10.1106147766, 5.9274148941, 1.45014715195, 1.3261654377, 0.406632840633, 0.0118821458891, 0.000306345609715], "var": [0.116691619158, 5.70188999176, 18.567987442, 183.938995361, 518.62487793, 148.26763916, 274.421020508, 319.652496338, 830.96496582, 1229.99194336, 6291.37011719, 1174.74023438, 3035.859375, 3728.53295898, 1147.65466309, 1377.83752441, 670.196472168, 498.148254395, 803.437255859, 1228.66137695, 1226.10058594, 1544.70031738, 1917.45605469, 390.234313965, 271.126525879, 923.279296875, 270.288787842, 35.452495575, 16.958070755, 12.9876585007, 15.8750553131, 4.30438280106, 1.58625257015, 0.343797206879, 0.0629969462752, 0.0128214824945, 0.00519378436729, 0.00082655751612, 9.68029212345e-07, 1.1300329561e-09], "mean": [0.19770488143, 1.34112215042, 3.09205698967, 8.28804111481, 10.0488834381, 10.6793375015, 13.8225069046, 13.6352739334, 17.7169685364, 20.5862541199, 27.3099308014, 18.7478199005, 27.5833911896, 22.1136341095, 28.4586162567, 25.9345779419, 21.0157184601, 15.7662715912, 22.2134170532, 17.7525882721, 23.3382472992, 31.3846511841, 37.5042190552, 20.9114837646, 17.5990524292, 24.2029666901, 15.9151277542, 6.75718975067, 3.83942580223, 2.72108483315, 2.410602808, 1.38674974442, 0.954356610775, 0.452222466469, 0.163142219186, 0.065785817802, 0.033603258431, 0.0109554398805, 0.000358341960236, 4.01258112106e-05]}, "spectral_strongpeak": {"dmean2": 0.611522853374, "median": 0.275397360325, "min": 0, "dvar2": 1.19693553448, "dvar": 0.484364926815, "dmean": 0.357292532921, "max": 15.1598119736, "var": 0.958078384399, "mean": 0.591442584991}, "spectral_energy": {"dmean2": 0.0190477427095, "median": 0.0223321449012, "min": 1.09762852552e-20, "dvar2": 0.00115364626981, "dvar": 0.00044331146637, "dmean": 0.011586394161, "max": 0.190280795097, "var": 0.000501508475281, "mean": 0.0277218911797}, "average_loudness": 0.893875956535, "spectral_rolloff": {"dmean2": 827.807006836, "median": 1270.45898438, "min": 21.533203125, "dvar2": 975773.3125, "dvar": 426465.90625, "dmean": 497.173706055, "max": 19229.1503906, "var": 2159128, "mean": 1545.69958496}, "spectral_centroid": {"dmean2": 397.695098877, "median": 1660.51586914, "min": 170.082351685, "dvar2": 158474.5, "dvar": 68891.0078125, "dmean": 253.680725098, "max": 11095.8320313, "var": 416716.625, "mean": 1599.49304199}, "pitch_salience": {"dmean2": 0.119441203773, "median": 0.623323738575, "min": 0.0246341750026, "dvar2": 0.0121875274926, "dvar": 0.00442659622058, "dmean": 0.0719856694341, "max": 0.996093988419, "var": 0.0118763698265, "mean": 0.608421385288}, "spectral_energyband_middle_high": {"dmean2": 0.00193474825937, "median": 0.00464441394433, "min": 1.32512647862e-21, "dvar2": 7.21210471966e-06, "dvar": 3.30014268002e-06, "dmean": 0.0012876506662, "max": 0.042816285044, "var": 2.10179496207e-05, "mean": 0.00525824772194}, "spectral_contrast_coeffs": {"dmean2": [0.0893533080816, 0.0756624937057, 0.0582667142153, 0.0446107536554, 0.0318464003503, 0.0367989018559], "median": [-0.672434449196, -0.765197038651, -0.805911839008, -0.809359669685, -0.802768111229, -0.715889632702], "min": [-0.960496008396, -0.996640026569, -0.998909950256, -0.988312244415, -0.989016830921, -0.959625601768], "dvar2": [0.00563685875386, 0.00360187841579, 0.00213230354711, 0.00126574561, 0.000656877295114, 0.000969058775809], "dvar": [0.00209982623346, 0.00131210905965, 0.000828411139082, 0.00048820671509, 0.000267260067631, 0.00047765232739], "dmean": [0.0536704175174, 0.0455243214965, 0.0352746024728, 0.0270861387253, 0.0193007327616, 0.0237148571759], "max": [-0.27078422904, -0.439236730337, -0.516884088516, -0.570234954357, -0.582998931408, -0.521212518215], "var": [0.00587807968259, 0.00381243042648, 0.00291540683247, 0.00187005114276, 0.00141926342621, 0.00391167588532], "mean": [-0.664159417152, -0.759645104408, -0.798277676105, -0.805474698544, -0.798459291458, -0.710707783699]}, "melbands_skewness": {"dmean2": 1.23089671135, "median": 2.46051073074, "min": -0.802334845066, "dvar2": 2.42936706543, "dvar": 0.957894980907, "dmean": 0.760568141937, "max": 22.4328479767, "var": 2.3491268158, "mean": 2.74676132202}, "spectral_spread": {"dmean2": 509950.09375, "median": 3741714.75, "min": 785471.375, "dvar2": 549068079104, "dvar": 315763064832, "dmean": 353043, "max": 41350984, "var": 1762037334020.0, "mean": 3865197.25}, "dissonance": {"dmean2": 0.0198205895722, "median": 0.483824908733, "min": 0.145447343588, "dvar2": 0.000419254502049, "dvar": 0.000160767609486, "dmean": 0.0117776263505, "max": 0.500000059605, "var": 0.00039394752821, "mean": 0.47899377346}, "spectral_skewness": {"dmean2": 0.335608094931, "median": 1.15529310703, "min": 0.0028745373711, "dvar2": 0.122264616191, "dvar": 0.0501921921968, "dmean": 0.207835167646, "max": 9.62526702881, "var": 0.25375315547, "mean": 1.21833479404}, "spectral_flux": {"dmean2": 0.04120156914, "median": 0.0783584490418, "min": 6.96576546444e-11, "dvar2": 0.00291874958202, "dvar": 0.00141154136509, "dmean": 0.0260332021862, "max": 0.364667385817, "var": 0.00264387018979, "mean": 0.0892816483974}, "spectral_contrast_valleys": {"dmean2": [0.658748626709, 0.549933373928, 0.47919484973, 0.405729681253, 0.31044614315, 0.43460470438], "median": [-6.65418386459, -6.30254030228, -6.75680351257, -7.21547889709, -6.70417881012, -10.268614769], "min": [-27.3362770081, -27.7358551025, -27.5250930786, -27.3250770569, -27.2829284668, -27.2598228455], "dvar2": [0.297885268927, 0.200364261866, 0.170757740736, 0.135681346059, 0.109986424446, 0.188755080104], "dvar": [0.120374381542, 0.0852243751287, 0.0776264071465, 0.070927284658, 0.063177973032, 0.113216198981], "dmean": [0.399322509766, 0.338307529688, 0.298778444529, 0.262147575617, 0.211553931236, 0.307450532913], "max": [-4.94209480286, -4.76954746246, -5.31619310379, -5.38688230515, -5.47841262817, -8.22373390198], "var": [1.44268250465, 1.2396466732, 1.24548757076, 1.20102477074, 1.31580662727, 1.90639162064], "mean": [-6.88744688034, -6.46663141251, -6.99548387527, -7.43531847, -7.06422567368, -10.7312469482]}, "erbbands_flatness_db": {"dmean2": 0.0188035070896, "median": 0.138863787055, "min": 0.0396798849106, "dvar2": 0.000366907363059, "dvar": 0.000202483672183, "dmean": 0.0131640443578, "max": 0.401547908783, "var": 0.00179461250082, "mean": 0.148591920733}, "spectral_energyband_high": {"dmean2": 0.000315977784339, "median": 0.00065273954533, "min": 7.99489449078e-21, "dvar2": 1.75850956907e-07, "dvar": 8.60788631485e-08, "dmean": 0.000215937456232, "max": 0.00795582216233, "var": 5.05415812313e-07, "mean": 0.000794400286395}, "spectral_entropy": {"dmean2": 0.157327055931, "median": 7.75407791138, "min": 4.03645849228, "dvar2": 0.0323930308223, "dvar": 0.0157880950719, "dmean": 0.103404194117, "max": 9.8015537262, "var": 0.124971210957, "mean": 7.68342733383}, "silence_rate_20dB": {"dmean2": 0, "median": 1, "min": 1, "dvar2": 0, "dvar": 0, "dmean": 0, "max": 1, "var": 0, "mean": 1}, "melb