{"tonal": {"thpcp": [1, 0.89190787077, 0.692201972008, 0.614224970341, 0.466971039772, 0.387819200754, 0.47046649456, 0.508857309818, 0.419459313154, 0.340676367283, 0.300643026829, 0.348302662373, 0.45678755641, 0.564506292343, 0.703281283379, 0.797223687172, 0.627193808556, 0.399090349674, 0.377886801958, 0.413142412901, 0.438140183687, 0.553962290287, 0.617822527885, 0.524327874184, 0.444490909576, 0.412412583828, 0.416390419006, 0.417037278414, 0.415814936161, 0.459946841002, 0.525719285011, 0.565515995026, 0.596423923969, 0.614814817905, 0.59526348114, 0.75119304657], "hpcp": {"dmean2": [0.302969545126, 0.277362108231, 0.229914426804, 0.223795101047, 0.244313448668, 0.264114528894, 0.288034707308, 0.296737253666, 0.276575386524, 0.243393138051, 0.225081667304, 0.220431879163, 0.210057660937, 0.220466181636, 0.239531546831, 0.269223332405, 0.285982698202, 0.298182070255, 0.290741115808, 0.292873352766, 0.339038699865, 0.363003611565, 0.373538434505, 0.363350450993, 0.346653223038, 0.276941984892, 0.234910622239, 0.23074580729, 0.247283831239, 0.243388488889, 0.204363003373, 0.175531312823, 0.186637029052, 0.245298817754, 0.312452107668, 0.34681302309], "median": [0.112429380417, 0.0866112411022, 0.0529430136085, 0.0403385236859, 0.0483754724264, 0.0573223903775, 0.061264641583, 0.061300970614, 0.0570412427187, 0.0442214310169, 0.0444210916758, 0.0489897355437, 0.0537118017673, 0.0542418956757, 0.0586954429746, 0.0622963644564, 0.0655913800001, 0.0791590213776, 0.0813662558794, 0.0732025951147, 0.130307152867, 0.154386848211, 0.145307406783, 0.0992095917463, 0.0670420825481, 0.0526032298803, 0.0466318167746, 0.04518468678, 0.0473891198635, 0.0409037545323, 0.031094186008, 0.0337319597602, 0.0454163998365, 0.0582528933883, 0.0708852559328, 0.105900228024], "min": [0, 0, 0, 0, 0, 0, 0, 0, 0, 0, 0, 0, 0, 0, 0, 0, 0, 0, 0, 0, 0, 0, 0, 0, 0, 0, 0, 0, 0, 0, 0, 0, 0, 0, 0, 0], "dvar2": [0.122342243791, 0.114858850837, 0.103248476982, 0.107067450881, 0.116685122252, 0.122678086162, 0.135367140174, 0.13685785234, 0.119233720005, 0.109660863876, 0.0954401567578, 0.0913228094578, 0.0832240283489, 0.102037906647, 0.107567079365, 0.124571740627, 0.140003919601, 0.132838904858, 0.125905409455, 0.131569445133, 0.132685109973, 0.155630648136, 0.156939715147, 0.160882726312, 0.169954955578, 0.138459473848, 0.118194572628, 0.10486010462, 0.119676195085, 0.133964702487, 0.111957155168, 0.0856804698706, 0.080421179533, 0.105400703847, 0.143345400691, 0.151443511248], "dvar": [0.0520516820252, 0.0434917397797, 0.0375946499407, 0.0388539284468, 0.0430117361248, 0.044528786093, 0.0515472702682, 0.0568061694503, 0.0470252670348, 0.0450505726039, 0.0371463634074, 0.0345050692558, 0.0313734225929, 0.0374075695872, 0.0403105393052, 0.0482739582658, 0.0535864792764, 0.0499403998256, 0.0502899736166, 0.051260266453, 0.0495956279337, 0.0642721280456, 0.0624202787876, 0.0595899671316, 0.0672241672873, 0.0506376475096, 0.0431100167334, 0.0405842326581, 0.0454935617745, 0.0469073317945, 0.0416198149323, 0.031560741365, 0.0296011101454, 0.0401700139046, 0.0544183850288, 0.0573253035545], "dmean": [0.177345246077, 0.158999606967, 0.129469156265, 0.123628549278, 0.135600760579, 0.146458774805, 0.162024959922, 0.169845715165, 0.158080548048, 0.138063728809, 0.127782821655, 0.124564424157, 0.120307087898, 0.124543957412, 0.135978654027, 0.153555825353, 0.162386700511, 0.171237632632, 0.168394103646, 0.167603850365, 0.192821532488, 0.208405926824, 0.214986249804, 0.205098807812, 0.19354224205, 0.155287101865, 0.13143260777, 0.131452828646, 0.142638668418, 0.137498319149, 0.115154117346, 0.0988586246967, 0.107111729681, 0.140099346638, 0.176862165332, 0.198464557528], "max": [1, 1, 1, 1, 1, 1, 1, 1, 1, 1, 1, 1, 1, 1, 1, 1, 1, 1, 1, 1, 1, 1, 1, 1, 1, 1, 1, 1, 1, 1, 1, 1, 1, 1, 1, 1], "var": [0.0892987921834, 0.0602647960186, 0.0345162972808, 0.0384586639702, 0.0393647029996, 0.0382692702115, 0.0588306933641, 0.0758654773235, 0.0531103126705, 0.0482339374721, 0.0390031710267, 0.0398455746472, 0.0369506105781, 0.0390657931566, 0.0450703948736, 0.0569325387478, 0.0641825199127, 0.0599472559988, 0.0641639754176, 0.0636254474521, 0.0645641833544, 0.114533357322, 0.088599793613, 0.068017564714, 0.0743866339326, 0.0478419139981, 0.0378725379705, 0.0505805388093, 0.0586681365967, 0.0445348545909, 0.0393787622452, 0.0277874320745, 0.0291615780443, 0.0410193838179, 0.0573821365833, 0.0681681632996], "mean": [0.247892171144, 0.195022344589, 0.124094873667, 0.117501758039, 0.128464281559, 0.136237204075, 0.172251418233, 0.192108407617, 0.163036778569, 0.138211920857, 0.128237351775, 0.129474237561, 0.129675373435, 0.129295289516, 0.143017858267, 0.163469433784, 0.175843983889, 0.185454636812, 0.191173166037, 0.185093805194, 0.233579203486, 0.310944318771, 0.277333676815, 0.215236276388, 0.190989762545, 0.145201995969, 0.120590180159, 0.146288886666, 0.158226281404, 0.130428493023, 0.105931378901, 0.0934832394123, 0.108302734792, 0.142035499215, 0.175530016422, 0.218681320548]}, "tuning_equal_tempered_deviation": 0.157868146896, "chords_changes_rate": 0.0941211432219, "key_key": "A", "tuning_diatonic_strength": 0.676550507545, "key_scale": "minor", "chords_number_rate": 0.00326603325084, "tuning_frequency": 436.204162598, "tuning_nontempered_energy_ratio": 0.870101213455, "chords_histogram": [6.0866985321, 0.890736341476, 0.504750609398, 0.861045122147, 3.32541561127, 2.49406170845, 0, 30.5225658417, 6.73990488052, 13.5688838959, 8.78859901428, 12.9453678131, 0, 0.742280304432, 0.682897865772, 0.356294542551, 0, 5.16627073288, 1.78147268295, 0.534441828728, 0.118764847517, 0, 3.59263658524, 0.296912103891], "key_strength": 0.803872823715, "chords_key": "A", "chords_strength": {"dmean2": 0.0174099523574, "median": 0.499381363392, "min": 0.231217578053, "dvar2": 0.000230301549891, "dvar": 0.00014049388119, "dmean": 0.0143598755822, "max": 0.773970365524, "var": 0.00843250565231, "mean": 0.504598140717}, "chords_scale": "major", "hpcp_entropy": {"dmean2": 1.20518600941, "median": 2.52370500565, "min": 0, "dvar2": 0.935838282108, "dvar": 0.331497818232, "dmean": 0.724379241467, "max": 4.60165452957, "var": 0.623893618584, "mean": 2.52318930626}}, "metadata": {"audio_properties": {"equal_loudness": 0, "codec": "flac", "downmix": "mix", "sample_rate": 44100, "analysis_sample_rate": 44100, "bit_rate": 0, "md5_encoded": "db8c7f4605793efd1c7ca03d14c46e87", "length": 156.333328247, "replay_gain": -16.5686302185, "lossless": true}, "version": {"essentia_build_sha": "70f2e5ece6736b2c40cc944ad0e695b16b925413", "essentia": "2.1-beta2", "extractor": "music 1.0", "essentia_git_sha": "v2.1_beta2"}, "tags": {"title": ["Tapir's Flown Away"], "barcode": ["650035200120"], "media": ["CD"], "albumartist": ["Melt-Banana"], "tracktotal": ["14"], "musicbrainz_releasegroupid": ["554d5175-cdcf-3553-9414-0c673639accb"], "releasetype": ["album"], "musicbrainz_recordingid": ["0d768abd-1b9c-456e-a41d-cea96b6df8e8"], "musicbrainz_albumartistid": ["6d3f44c3-132d-42a6-a45b-16560b30a1fc"], "originalyear": ["1998"], "musicbrainz_releasetrackid": ["2c7c0e60-5f7a-3409-a654-9709cd0727d0"], "discnumber": ["1"], "totaldiscs": ["1"], "album": ["\"Charlie\""], "catalognumber": ["AZCD-0001"], "releasecountry": ["US"], "file_name": "04 Tapir's Flown Away.flac", "originaldate": ["1998-10-27"], "albumartistsort": ["Melt-Banana"], "date": ["1998-10"], "genre": ["Rock And Indie"], "disctotal": ["1"], "musicbrainz_artistid": ["6d3f44c3-132d-42a6-a45b-16560b30a1fc"], "asin": ["B00000C2IK"], "musicbrainz_albumid": ["d1a77bdf-11fa-4ed5-90ba-569485fe16b8"], "tracknumber": ["4"], "artistsort": ["Melt-Banana"], "artist": ["Melt-Banana"], "label": ["A-Zap Records"], "releasestatus": ["official"], "acoustid_id": ["bbabe7f7-9a16-4adf-874d-3af5fbcdb39b"], "script": ["Latn"], "totaltracks": ["14"]}}, "rhythm": {"bpm_histogram_first_peak_bpm": {"dmean2": 0, "median": 99, "min": 99, "dvar2": 0, "dvar": 0, "dmean": 0, "max": 99, "var": 0, "mean": 99}, "bpm": 99.369392395, "bpm_histogram_second_peak_spread": {"dmean2": 0, "median": 0.431372582912, "min": 0.431372582912, "dvar2": 0, "dvar": 0, "dmean": 0, "max": 0.431372582912, "var": 0, "mean": 0.431372582912}, "bpm_histogram_first_peak_weight": {"dmean2": 0, "median": 0.300000011921, "min": 0.300000011921, "dvar2": 0, "dvar": 0, "dmean": 0, "max": 0.300000011921, "var": 0, "mean": 0.300000011921}, "onset_rate": 3.87588071823, "beats_position": [0.592108845711, 1.17260766029, 1.764716506, 2.35682535172, 2.94893407822, 3.55265307426, 4.15637159348, 4.76009082794, 5.36380958557, 5.9675283432, 6.58285713196, 7.19818592072, 7.80190467834, 8.40562343597, 9.0093421936, 9.61306095123, 10.22838974, 10.8437185287, 11.4474372864, 12.051156044, 12.6548748016, 13.2585935593, 13.8623123169, 14.4660310745, 15.0813598633, 15.696688652, 16.3120174408, 16.9273471832, 17.5310649872, 18.1580047607, 18.784942627, 19.3886623383, 20.0039901733, 20.642539978, 21.2694778442, 21.8731975555, 22.4769153595, 23.0806350708, 23.6959629059, 24.3112926483, 24.9150104523, 25.5187301636, 26.1224479675, 26.7145576477, 27.3066654205, 27.8871650696, 28.4908847809, 29.0946025848, 29.686712265, 30.290430069, 30.8941497803, 31.4978675842, 32.1131973267, 32.7169151306, 33.3438529968, 33.9475746155, 34.5629005432, 35.1782302856, 35.7935600281, 36.4088897705, 37.0126075745, 37.6279373169, 38.2316551208, 38.8469848633, 39.462310791, 40.0776405334, 40.6929702759, 41.3083000183, 41.9352378845, 42.5621757507, 43.2239456177, 43.8857116699, 44.5242614746, 45.1628112793, 45.7897491455, 46.3934669495, 47.0087966919, 47.6241264343, 48.2394561768, 48.8547821045, 49.4817237854, 50.1086616516, 50.7472114563, 51.362537384, 51.9894790649, 52.6164169312, 53.2433547974, 53.8470726013, 54.4740142822, 55.1125602722, 55.7511100769, 56.3896598816, 57.0165977478, 57.643535614, 58.2356452942, 58.8277549744, 59.4198646545, 60.0003623962, 60.5808601379, 61.1613578796, 61.741859436, 62.3223571777, 62.9028549194, 63.4949645996, 64.0870742798, 64.6675720215, 65.2596817017, 65.8517913818, 66.443901062, 67.0360107422, 67.6165084839, 68.2086181641, 68.8007278442, 69.392829895, 69.9849395752, 70.5886611938, 71.180770874, 71.7728805542, 72.3649902344, 72.9570999146, 73.5608139038, 74.1645355225, 74.7682495117, 75.3719711304, 75.975692749, 76.5678024292, 77.15990448, 77.6243057251, 78.0770950317, 78.5414962769, 79.005897522, 79.4819030762, 79.9463043213, 80.410697937, 80.8750991821, 81.3395004272, 81.8039016724, 82.2682952881, 82.7210845947, 83.1854858398, 83.661491394, 84.1258926392, 84.5902938843, 85.0662994385, 85.5423126221, 86.0299301147, 86.4943313599, 86.9587249756, 87.4231262207, 87.8875274658, 88.3519287109, 88.8163223267, 89.3039474487, 89.8031692505, 90.3023986816, 90.7900238037, 91.2892532349, 91.788482666, 92.3457565308, 92.9146499634, 93.4835357666, 94.0640335083, 94.64453125, 95.2250289917, 95.8055343628, 96.3860321045, 96.9781417847, 97.5702438354, 98.1739654541, 98.7776870728, 99.381401062, 99.9735107422, 100.565620422, 101.169342041, 101.77305603, 102.376777649, 102.980499268, 103.595825195, 104.199546814, 104.780044556, 105.372154236, 105.964263916, 106.556373596, 107.136871338, 107.728981018, 108.321083069, 108.924804688, 109.505302429, 110.097412109, 110.677909851, 111.270019531, 111.862129211, 112.454238892, 113.046348572, 113.638458252, 114.218955994, 114.811065674, 115.403175354, 115.995285034, 116.598999023, 117.191108704, 117.794830322, 118.398544312, 119.025482178, 119.652427673, 120.290969849, 120.917915344, 121.533241272, 122.160179138, 122.787117004, 123.425666809, 124.075828552, 124.714370728, 125.364532471, 126.003082275, 126.64163208, 127.280181885, 127.91872406, 128.545669556, 129.172607422, 129.799545288, 130.426483154, 131.053421021, 131.703582764, 132.33052063, 132.957458496, 133.584396362, 134.211334229, 134.838272095, 135.476821899, 136.115371704, 136.74230957, 137.369247437, 137.996185303, 138.576690674, 139.157180786, 139.691238403, 140.213699341, 140.73614502, 141.188934326, 141.630111694, 142.082901001, 142.524078369, 142.976867676, 143.429656982, 143.894058228, 144.346847534, 144.799636841, 145.252426147, 145.705215454, 146.181228638, 146.645614624, 147.098403931, 147.562805176, 148.027206421, 148.491607666, 148.956008911, 149.420410156, 149.884811401, 150.349197388, 150.813598633, 151.289611816, 151.765625, 152.230026245, 152.70602417, 153.182037354, 153.658050537, 154.1456604, 154.621673584, 155.109298706, 155.596908569], "beats_loudness": {"dmean2": 0.015828512609, "median": 0.0355254299939, "min": 2.6831966693e-07, "dvar2": 0.000176360073965, "dvar": 6.78345095366e-05, "dmean": 0.00885940156877, "max": 0.0684008598328, "var": 0.000202885188628, "mean": 0.0323162823915}, "danceability": 0.929037034512, "bpm_histogram_second_peak_weight": {"dmean2": 0, "median": 0.107407405972, "min": 0.107407405972, "dvar2": 0, "dvar": 0, "dmean": 0, "max": 0.107407405972, "var": 0, "mean": 0.107407405972}, "beats_count": 271, "bpm_histogram_second_peak_bpm": {"dmean2": 0, "median": 129, "min": 129, "dvar2": 0, "dvar": 0, "dmean": 0, "max": 129, "var": 0, "mean": 129}, "bpm_histogram_first_peak_spread": {"dmean2": 0, "median": 0.549999952316, "min": 0.549999952316, "dvar2": 0, "dvar": 0, "dmean": 0, "max": 0.549999952316, "var": 0, "mean": 0.549999952316}, "beats_loudness_band_ratio": {"dmean2": [0.277221381664, 0.194958463311, 0.108686581254, 0.124404832721, 0.196881592274, 0.0638516917825], "median": [0.509197056293, 0.0950293764472, 0.0552401803434, 0.048420265317, 0.158429205418, 0.0674480870366], "min": [0.000922962150071, 0.00082636915613, 0.0001409391989, 8.7146567239e-05, 0.000277005456155, 4.8998004786e-05], "dvar2": [0.0481382980943, 0.0301603116095, 0.0116092478856, 0.0214022155851, 0.0358082987368, 0.00460900831968], "dvar": [0.0177079476416, 0.0103276856244, 0.0039835376665, 0.00743706477806, 0.0126245925203, 0.00177122326568], "dmean": [0.157603651285, 0.108536608517, 0.0616645962, 0.0695751309395, 0.110423773527, 0.0370799489319], "max": [0.993677616119, 0.815632045269, 0.373892128468, 0.534438550472, 0.786216139793, 0.317964881659], "var": [0.0506853833795, 0.0251947883517, 0.00453594746068, 0.0069532925263, 0.0188141316175, 0.00221498962492], "mean": [0.465710788965, 0.158163428307, 0.0765883699059, 0.0827631056309, 0.194569826126, 0.0758053660393]}}, "lowlevel": {"barkbands_spread": {"dmean2": 11.4694595337, "median": 34.9740982056, "min": 0.0178640205413, "dvar2": 123.606758118, "dvar": 51.5515060425, "dmean": 7.09053945541, "max": 113.816749573, "var": 132.271942139, "mean": 34.6915435791}, "melbands_spread": {"dmean2": 19.8372211456, "median": 36.9642944336, "min": 0.056531958282, "dvar2": 388.56149292, "dvar": 163.080505371, "dmean": 12.4127597809, "max": 159.689987183, "var": 409.706237793, "mean": 39.3222084045}, "hfc": {"dmean2": 9.56516742706, "median": 26.881603241, "min": 1.13595231214e-16, "dvar2": 122.008392334, "dvar": 54.6768989563, "dmean": 6.23942613602, "max": 95.8214416504, "var": 234.362472534, "mean": 26.5223484039}, "barkbands_kurtosis": {"dmean2": 7.40656137466, "median": -0.658383011818, "min": -1.91795158386, "dvar2": 79434.7421875, "dvar": 33233.8242188, "dmean": 4.9413356781, "max": 10971.6308594, "var": 18014.3964844, "mean": 2.57632064819}, "gfcc": {"mean": [5.47877883911, 77.8019485474, -133.240341187, 62.0731582642, -45.3233451843, 9.04930305481, -41.4928817749, 11.4770555496, -22.7820606232, -6.64800882339, -20.4009361267, -5.79938793182, -13.8487548828], "icov": [[0.000255586986896, -0.000552210374735, 0.00049990916159, -0.000439900089987, 0.000266137270955, -0.000579090439714, 0.000525514245965, -0.000896314682905, 0.000722027092706, -0.000803421426099, 0.000957089185249, -0.0008341249777, 0.000943146820646], [-0.000552210374735, 0.0032206622418, -0.00146920816042, 0.0012170157861, -0.000679012504406, 0.00101297337096, -0.00127689819783, 0.0019284352893, -0.00388299697079, 0.00409739185125, -0.00455301813781, 0.00415684329346, -0.00325216399506], [0.00049990916159, -0.00146920816042, 0.0034337209072, -0.00188145798165, 0.000166053214343, -0.00146757962648, 0.000615673721768, -0.00177918118425, 0.00235267472453, -0.00308119971305, 0.00389675912447, -0.00443115876988, 0.00304934079759], [-0.000439900089987, 0.0012170157861, -0.00188145798165, 0.00520237023011, -0.00152540369891, -0.000321311148582, -0.00171491201036, 0.000703524216078, -0.00274805468507, 0.00377268344164, -0.00415790686384, 0.00461262697354, -0.00248004030436], [0.000266137270955, -0.000679012504406, 0.000166053214343, -0.00152540369891, 0.00499724596739, -0.00256378226914, 0.00048565788893, -0.00154580967501, 0.000558929692488, -0.00059585965937, -0.000499344198033, 0.000250836164923, 0.00013615633361], [-0.000579090439714, 0.00101297337096, -0.00146757962648, -0.000321311148582, -0.00256378226914, 0.00994297396392, -0.0044292868115, 0.00419506430626, -0.000377762858989, -0.00245668599382, 0.00103203742765, -0.00186474330258, 0.000486408942379], [0.000525514245965, -0.00127689819783, 0.000615673721768, -0.00171491201036, 0.00048565788893, -0.0044292868115, 0.0127605367452, -0.00486706895754, 0.00154049741104, 0.000687144231051, -0.0027637402527, 0.00231062388048, -0.00011851117597], [-0.000896314682905, 0.0019284352893, -0.00177918118425, 0.000703524216078, -0.00154580967501, 0.00419506430626, -0.00486706895754, 0.0120933037251, -0.0070240679197, 0.00307811261155, -0.00215101242065, -0.00186095898971, -0.000267279479885], [0.000722027092706, -0.00388299697079, 0.00235267472453, -0.00274805468507, 0.000558929692488, -0.000377762858989, 0.00154049741104, -0.0070240679197, 0.0191961508244, -0.0111439945176, 0.00903170090169, -0.00279135862365, 0.00156936841086], [-0.000803421426099, 0.00409739185125, -0.00308119971305, 0.00377268344164, -0.00059585965937, -0.00245668599382, 0.000687144231051, 0.00307811261155, -0.0111439945176, 0.0213848594576, -0.0135814333335, 0.00961973052472, -0.00512722367421], [0.000957089185249, -0.00455301813781, 0.00389675912447, -0.00415790686384, -0.000499344198033, 0.00103203742765, -0.0027637402527, -0.00215101242065, 0.00903170090169, -0.0135814333335, 0.0276339687407, -0.0168461464345, 0.0091876136139], [-0.0008341249777, 0.00415684329346, -0.00443115876988, 0.00461262697354, 0.000250836164923, -0.00186474330258, 0.00231062388048, -0.00186095898971, -0.00279135862365, 0.00961973052472, -0.0168461464345, 0.0290548671037, -0.0137280831113], [0.000943146820646, -0.00325216399506, 0.00304934079759, -0.00248004030436, 0.00013615633361, 0.000486408942379, -0.00011851117597, -0.000267279479885, 0.00156936841086, -0.00512722367421, 0.0091876136139, -0.0137280831113, 0.0244629606605]], "cov": [[10233.1132812, 982.943054199, -354.06854248, 424.975189209, 26.240190506, 290.388305664, 15.5033273697, 502.069671631, 170.539550781, 73.7113876343, -23.9187088013, -24.6620540619, -177.341842651], [982.943054199, 746.602783203, 50.7447814941, 117.302597046, 87.5624160767, 7.60830640793, 73.4567871094, 54.66381073, 94.513999939, -32.0937957764, 32.2236709595, -45.8460121155, 16.6197929382], [-354.06854248, 50.7447814941, 603.981018066, 191.876144409, 142.796295166, 131.376296997, 68.1923751831, 47.5090141296, 4.75001430511, 30.7822761536, 16.5488853455, 42.0778083801, -14.4505758286], [424.975189209, 117.302597046, 191.876144409, 419.177032471, 185.84147644, 116.36428833, 106.890800476, 68.1847839355, 40.9301109314, 2.5827357769, 33.2040939331, -23.4928665161, -12.0357093811], [26.240190506, 87.5624160767, 142.796295166, 185.84147644, 336.653594971, 125.336479187, 77.0819320679, 42.5087165833, 24.3214931488, 23.8352584839, 36.3674468994, -4.38416481018, -4.5417098999], [290.388305664, 7.60830640793, 131.376296997, 116.36428833, 125.336479187, 213.455047607, 66.4390563965, -3.48624420166, 1.98609125614, 40.9861488342, 19.3720016479, 7.02008008957, -14.2946777344], [15.5033273697, 73.4567871094, 68.1923751831, 106.890800476, 77.0819320679, 66.4390563965, 140.111602783, 48.2533683777, 14.3975524902, 3.78656506538, 29.7575378418, -5.26312208176, -3.29969668388], [502.069671631, 54.66381073, 47.5090141296, 68.1847839355, 42.5087165833, -3.48624420166, 48.2533683777, 175.9478302, 55.2549438477, 3.5467004776, 10.9636259079, 17.3810272217, -6.27553606033], [170.539550781, 94.513999939, 4.75001430511, 40.9301109314, 24.3214931488, 1.98609125614, 14.3975524902, 55.2549438477, 109.774124146, 33.8766593933, -9.20440864563, -15.9043989182, 4.63554382324], [73.7113876343, -32.0937957764, 30.7822761536, 2.5827357769, 23.8352584839, 40.9861488342, 3.78656506538, 3.5467004776, 33.8766593933, 97.9590530396, 23.7884750366, -4.16248130798, -4.48634004593], [-23.9187088013, 32.2236709595, 16.5488853455, 33.2040939331, 36.3674468994, 19.3720016479, 29.7575378418, 10.9636259079, -9.20440864563, 23.7884750366, 81.8047561646, 28.4847564697, -2.9764623642], [-24.6620540619, -45.8460121155, 42.0778083801, -23.4928665161, -4.38416481018, 7.02008008957, -5.26312208176, 17.3810272217, -15.9043989182, -4.16248130798, 28.4847564697, 78.6637115479, 20.872592926], [-177.341842651, 16.6197929382, -14.4505758286, -12.0357093811, -4.5417098999, -14.2946777344, -3.29969668388, -6.27553606033, 4.63554382324, -4.48634004593, -2.9764623642, 20.872592926, 62.3243598938]]}, "spectral_energyband_middle_low": {"dmean2": 0.0061624115333, "median": 0.00720340199769, "min": 4.02533606585e-22, "dvar2": 5.6142500398e-05, "dvar": 2.2559070203e-05, "dmean": 0.00381859811023, "max": 0.0592625886202, "var": 5.68344039493e-05, "mean": 0.00916558504105}, "melbands_crest": {"dmean2": 5.58126354218, "median": 14.3680706024, "min": 1.93134844303, "dvar2": 22.1574058533, "dvar": 9.14343166351, "dmean": 3.49006414413, "max": 39.87682724, "var": 23.9112205505, "mean": 14.4675588608}, "spectral_kurtosis": {"dmean2": 2.15629410744, "median": 3.74436330795, "min": -1.24031507969, "dvar2": 6.20863676071, "dvar": 2.17684197426, "dmean": 1.23842608929, "max": 43.7420272827, "var": 4.49825286865, "mean": 4.12333106995}, "spectral_rms": {"dmean2": 0.00119355099741, "median": 0.00527572724968, "min": 3.19573317462e-12, "dvar2": 1.83375993856e-06, "dvar": 7.45790430301e-07, "dmean": 0.000757290865295, "max": 0.00954230129719, "var": 3.26098916048e-06, "mean": 0.00491697248071}, "zerocrossingrate": {"dmean2": 0.0124567570165, "median": 0.07177734375, "min": 0.00439453125, "dvar2": 0.000173036605702, "dvar": 0.000116866300232, "dmean": 0.0101113310084, "max": 0.5078125, "var": 0.000876344915014, "mean": 0.0754273459315}, "silence_rate_60dB": {"dmean2": 0.0237670820206, "median": 0, "min": 0, "dvar2": 0.0255789421499, "dvar": 0.0117413569242, "dmean": 0.011881776154, "max": 1, "var": 0.0436445586383, "mean": 0.0457380451262}, "erbbands_kurtosis": {"dmean2": 2.51130437851, "median": 0.681912541389, "min": -1.75446546078, "dvar2": 13.8799448013, "dvar": 6.02045536041, "dmean": 1.5836097002, "max": 66.6341171265, "var": 15.4595766068, "mean": 1.65931975842}, "erbbands": {"dmean2": [0.170705795288, 1.63374698162, 4.64201593399, 8.86027812958, 9.72691917419, 8.51549053192, 4.95118808746, 4.88010835648, 11.608956337, 18.4581203461, 23.5399971008, 26.4991989136, 12.3472213745, 11.4609603882, 20.995426178, 25.4559707642, 24.5006389618, 26.7842350006, 33.0898361206, 35.0282363892, 67.9917526245, 84.6599655151, 52.0755996704, 36.4710426331, 30.6092319489, 17.5637569427, 10.1916341782, 6.71855974197, 3.92665243149, 3.32775211334, 1.76548981667, 0.798696100712, 0.615260720253, 0.418483823538, 0.163077548146, 0.0560236610472, 0.0117097664624, 0.0015336133074, 0.00012926600175, 1.85023436643e-05], "median": [0.0450814142823, 0.758234083652, 3.37591171265, 7.0641784668, 7.6126241684, 4.44349765778, 3.22708702087, 2.99213027954, 4.44460678101, 4.99183177948, 5.15005874634, 7.66786813736, 4.95130872726, 4.99910831451, 5.27202796936, 6.31818962097, 7.09355068207, 11.6334238052, 18.1883163452, 19.8043327332, 49.8967285156, 75.2525939941, 54.5760154724, 36.3990859985, 28.194940567, 18.4206256866, 8.84529972076, 7.3224811554, 4.39893531799, 3.38343930244, 1.8074451685, 0.970588445663, 0.61800134182, 0.357727348804, 0.124692499638, 0.0339846014977, 0.00649167364463, 0.000795600819401, 7.13409826858e-05, 4.01840879931e-05], "min": [1.74499647111e-21, 1.27956270072e-20, 1.93592461989e-20, 6.16835109753e-20, 1.22236033409e-19, 7.86594414187e-20, 3.122260689e-19, 4.85782701032e-19, 3.10735101695e-19, 1.08786079233e-18, 1.78973243428e-18, 3.46467019071e-18, 3.033870185e-18, 1.5990581007e-18, 4.27462538739e-18, 3.91971982326e-18, 3.92120957555e-18, 2.44213081737e-18, 3.23449953385e-18, 6.42032734686e-18, 6.35905063427e-18, 9.34123733382e-18, 1.88872564632e-17, 1.24534613752e-17, 1.2099505828e-17, 1.42207765944e-17, 2.73111827577e-17, 1.6962463426e-17, 1.5473751736e-17, 1.95553586634e-17, 1.99649917376e-17, 2.36032662526e-17, 1.71129705928e-17, 7.81372425565e-18, 7.38626957512e-18, 4.89581279841e-18, 3.44731738903e-18, 1.17532376838e-18, 3.78469096347e-19, 3.35908191676e-20], "dvar2": [0.102796420455, 6.02455091476, 40.4241027832, 138.354141235, 181.363540649, 172.75958252, 41.7453956604, 40.5598602295, 356.768707275, 1347.08435059, 2529.60668945, 3632.98486328, 722.461608887, 579.431884766, 2979.62304688, 4651.48583984, 3842.19775391, 4729.79248047, 6454.84863281, 5663.86572266, 12212.7705078, 14195.6650391, 4989.62548828, 2920.1027832, 2502.45019531, 632.638427734, 374.935760498, 137.589401245, 42.7609100342, 29.9196243286, 7.94055986404, 1.35403442383, 1.00259482861, 0.559862077236, 0.197895228863, 0.0352722816169, 0.00119295984041, 1.73689404619e-05, 1.13744093255e-07, 5.61395541165e-10], "dvar": [0.0376003608108, 2.28964328766, 15.2673025131, 54.3449249268, 71.0428543091, 69.2912216187, 16.3577194214, 14.7502613068, 133.23500061, 485.323120117, 963.066345215, 1311.45776367, 272.799499512, 228.326339722, 1193.13195801, 1964.47424316, 1830.5970459, 2083.9140625, 2612.63964844, 2344.80810547, 5310.0859375, 5973.12207031, 2015.46374512, 1150.94787598, 1097.52075195, 262.486907959, 146.03427124, 54.2618103027, 18.0414428711, 11.9050741196, 3.0808634758, 0.540951132774, 0.410129845142, 0.232317611575, 0.0779450461268, 0.0134404096752, 0.000466275960207, 6.80935272612e-06, 4.61681928243e-08, 2.25659782527e-10], "dmean": [0.0985547378659, 0.957923233509, 2.76113677025, 5.35211086273, 5.95631408691, 5.22313022614, 3.00357866287, 2.83789157867, 6.79809141159, 10.4767484665, 13.7051048279, 15.440905571, 7.34234380722, 6.89569854736, 12.6270465851, 16.4788131714, 16.0556716919, 17.1034507751, 20.5224151611, 21.8539600372, 42.558921814, 52.1756973267, 31.7244434357, 22.134431839, 19.4399757385, 10.9220228195, 6.24859905243, 4.13630437851, 2.43946695328, 2.08301901817, 1.11406302452, 0.510754704475, 0.399733304977, 0.272003501654, 0.106476031244, 0.0363775640726, 0.00772618129849, 0.00101031572558, 8.52870289236e-05, 1.18269308587e-05], "max": [1.3488214016, 14.5456266403, 37.554889679, 88.9691696167, 102.903656006, 103.906867981, 48.1406669617, 43.9219703674, 119.097625732, 276.941162109, 315.314941406, 426.896392822, 330.379516602, 468.958404541, 839.392211914, 668.083251953, 830.947998047, 911.221801758, 955.112365723, 856.106933594, 1452.11437988, 1097.24401855, 766.459411621, 525.982055664, 573.392578125, 329.594207764, 176.174255371, 146.125244141, 101.010032654, 94.5073471069, 33.2547492981, 14.1409034729, 10.7784194946, 9.38462924957, 7.66224336624, 3.53974318504, 0.610702097416, 0.0699628219008, 0.0048951827921, 0.000350534945028], "var": [0.0304674990475, 2.85504817963, 29.4616661072, 129.128234863, 122.9477005, 83.9417953491, 27.5907897949, 21.2156639099, 158.226623535, 366.190704346, 827.962890625, 1278.43701172, 277.264373779, 239.970230103, 1194.8963623, 2851.16870117, 3194.62402344, 3311.61279297, 3517.6875, 3025.04370117, 11075.9990234, 11504.2177734, 4052.57202148, 1845.79150391, 2952.46362305, 582.760437012, 213.945846558, 111.340766907, 46.1064147949, 30.5129566193, 8.34129333496, 1.59921741486, 0.846371352673, 0.396027684212, 0.0920941531658, 0.0139164356515, 0.000542150228284, 9.03223644855e-06, 7.59208376166e-08, 6.71230127036e-10], "mean": [0.104457743466, 1.37340497971, 5.05865573883, 10.4048566818, 11.0094614029, 7.31709957123, 4.87192678452, 4.38617801666, 8.88776779175, 10.9495134354, 14.0113554001, 18.8681354523, 9.40390586853, 9.08029460907, 14.0111579895, 21.9653491974, 22.7365531921, 25.2419433594, 33.8862190247, 34.3507843018, 77.5664825439, 99.9507064819, 65.8300857544, 44.6767845154, 41.5685653687, 24.3169460297, 12.7754306793, 10.0486412048, 6.34321594238, 5.35828447342, 2.91904592514, 1.40548300743, 0.913926422596, 0.553880393505, 0.198255166411, 0.0606872849166, 0.0123785976321, 0.00164537422825, 0.000155739748152, 4.17215887865e-05]}, "spectral_strongpeak": {"dmean2": 1.04943025112, "median": 0.359911799431, "min": 0, "dvar2": 4.50324487686, "dvar": 1.76022434235, "dmean": 0.596935272217, "max": 13.808599472, "var": 2.17630982399, "mean": 0.817805230618}, "spectral_energy": {"dmean2": 0.0133408345282, "median": 0.028529131785, "min": 1.0468028813e-20, "dvar2": 0.000256196421105, "dvar": 9.96055023279e-05, "dmean": 0.00825372058898, "max": 0.0933319032192, "var": 0.000281317043118, "mean": 0.0281234364957}, "average_loudness": 0.913758933544, "spectral_rolloff": {"dmean2": 1009.80316162, "median": 2454.78515625, "min": 21.533203125, "dvar2": 1403463.375, "dvar": 603985, "dmean": 595.942565918, "max": 18389.3554688, "var": 1359353.5, "mean": 2341.50024414}, "spectral_centroid": {"dmean2": 452.423431396, "median": 2092.56835938, "min": 159.408477783, "dvar2": 205943.25, "dvar": 100667.5625, "dmean": 287.853485107, "max": 10910.4609375, "var": 292630, "mean": 2078.50854492}, "pitch_salience": {"dmean2": 0.120762199163, "median": 0.575998842716, "min": 0.0122431823984, "dvar2": 0.010801336728, "dvar": 0.00452966662124, "dmean": 0.0762576684356, "max": 0.963541924953, "var": 0.0133164189756, "mean": 0.576569080353}, "spectral_energyband_middle_high": {"dmean2": 0.00354685354978, "median": 0.00703912461177, "min": 1.42274954288e-21, "dvar2": 1.62942178576e-05, "dvar": 7.56775580157e-06, "dmean": 0.00233589857817, "max": 0.0327947326005, "var": 2.74188751064e-05, "mean": 0.00786657165736}, "spectral_contrast_coeffs": {"dmean2": [0.0860395133495, 0.0827249735594, 0.0718179866672, 0.0575017295778, 0.0417656041682, 0.0271261874586], "median": [-0.618409872055, -0.774658322334, -0.803874492645, -0.790391564369, -0.763101458549, -0.739692568779], "min": [-0.960411608219, -0.972559452057, -0.984532892704, -0.987203657627, -0.966702342033, -0.957610607147], "dvar2": [0.00499776564538, 0.00456452136859, 0.00351666845381, 0.00233891559765, 0.00123770348728, 0.000523350317962], "dvar": [0.00209979177453, 0.00169731734786, 0.0013858624734, 0.000996009912342, 0.000523897644598, 0.000219645502511], "dmean": [0.0533453039825, 0.0500320754945, 0.0437155254185, 0.0357744917274, 0.0257250759751, 0.016944700852], "max": [-0.303042322397, -0.458105027676, -0.513116061687, -0.515921592712, -0.572640538216, -0.600829720497], "var": [0.00640990352258, 0.00372974784113, 0.00327160675079, 0.00354245118797, 0.00213424745016, 0.00130533089396], "mean": [-0.620720267296, -0.770662605762, -0.796192705631, -0.779735684395, -0.762671172619, -0.739170193672]}, "melbands_skewness": {"dmean2": 1.32329976559, "median": 2.22032165527, "min": -2.42261552811, "dvar2": 3.1797504425, "dvar": 1.42000806332, "dmean": 0.847041547298, "max": 54.9190406799, "var": 2.79482126236, "mean": 2.3821117878}, "spectral_spread": {"dmean2": 593241.125, "median": 3690349.75, "min": 846745.375, "dvar2": 729993183232, "dvar": 526079000576, "dmean": 392235.15625, "max": 44480532, "var": 1251849011200.0, "mean": 3794695.75}, "dissonance": {"dmean2": 0.016135668382, "median": 0.487560451031, "min": 0.139699116349, "dvar2": 0.000396030111006, "dvar": 0.000141384414746, "dmean": 0.00950801838189, "max": 0.500000119209, "var": 0.000169694394572, "mean": 0.484532684088}, "spectral_skewness": {"dmean2": 0.277393698692, "median": 1.222037673, "min": 0.0263747852296, "dvar2": 0.0793602541089, "dvar": 0.0294318441302, "dmean": 0.16607773304, "max": 5.21928215027, "var": 0.0917123034596, "mean": 1.23004770279}, "spectral_flux": {"dmean2": 0.0402849391103, "median": 0.095087364316, "min": 1.02313386929e-10, "dvar2": 0.00147376721725, "dvar": 0.000704054138623, "dmean": 0.0265809576958, "max": 0.247077256441, "var": 0.00198487332091, "mean": 0.0960981026292}, "spectral_contrast_valleys": {"dmean2": [0.770013093948, 0.755110800266, 0.65038651228, 0.474539965391, 0.377333015203, 0.327747106552], "median": [-6.93476581573, -6.78181886673, -7.33236312866, -7.20149946213, -6.67391586304, -9.80676937103], "min": [-27.9549770355, -26.7849121094, -27.336107254, -27.3611450195, -27.0743255615, -27.2940292358], "dvar2": [0.481478631496, 0.478908151388, 0.358013182878, 0.237068846822, 0.181416019797, 0.169574141502], "dvar": [0.224507853389, 0.207275882363, 0.166769966483, 0.123474881053, 0.100637726486, 0.0920470654964], "dmean": [0.48167860508, 0.454326957464, 0.404925882816, 0.306155353785, 0.242151662707, 0.228525355458], "max": [-5.34593439102, -4.84398508072, -5.50478172302, -5.63043689728, -5.44149446487, -8.3433971405], "var": [1.94065475464, 1.32919108868, 1.21058213711, 1.12663006783, 1.08299839497, 0.943331241608], "mean": [-7.31104803085, -6.98023843765, -7.49466562271, -7.42972230911, -6.89176797867, -9.96737861633]}, "erbbands_flatness_db": {"dmean2": 0.0273062475026, "median": 0.154996082187, "min": 0.0373795814812, "dvar2": 0.000802726019174, "dvar": 0.000355264288373, "dmean": 0.0178776979446, "max": 0.421896249056, "var": 0.00158738670871, "mean": 0.162392169237}, "spectral_energyband_high": {"dmean2": 0.000440996955149, "median": 0.000704941048753, "min": 7.61078622632e-21, "dvar2": 4.98670374327e-07, "dvar": 2.05609438808e-07, "dmean": 0.00028027719236, "max": 0.00819345749915, "var": 5.47842603282e-07, "mean": 0.000875929894391}, "spectral_entropy": {"dmean2": 0.17409786582, "median": 7.76988983154, "min": 4.72784614563, "dvar2": 0.0344948358834, "dvar": 0.0163275785744, "dmean": 0.11420211941, "max": 9.7899389267, "var": 0.0929859578609, "mean": 7.71247768402}, "silence_rate_20dB": {"dmean2": 0, "median": 1, "min": 1, "dvar2": 0, "dvar": 0, "dmean": 0, "max": 1, "var": 0, "mean": 1}, "melbands_flatness_db": {"dmean2": 0.0419688783586, "median": 0.161670863628, "min": 0.00538482237607, "dvar2": 0.00172165653203, "dvar": 0.000779597670771, "dmean": 0.0269854757935, "max": 0.622602760792, "var": 0.00328187434934, "mean": 0.168347537518}, "barkbands": {"dmean2": [0.000695343944244, 0.00670022331178, 0.00449593923986, 0.00344644952565, 0.00262565771118, 0.000605883134995, 0.000978148542345, 0.00107564998325, 0.00111781188753, 0.000295368081424, 0.000532122736331, 0.000617459998466, 0.000570756033994, 0.000627822126262, 0.000675290182699, 0.00116361118853, 0.00162203947548, 0.000911290291697, 0.000723382923752, 0.000395135517465, 0.000203161107493, 0.000122164536151, 6.64533508825e-05, 3.43864812749e-05, 2.97615097224e-05, 8.28687279864e-06, 7.47310195948e-07], "median": [3.04629538732e-05, 0.00264456076548, 0.00283298571594, 0.00229269359261, 0.00149128725752, 0.00039400375681, 0.000339671096299, 0.000176336645382, 0.000357439072104, 0.000122517900309, 0.000119610733236, 0.000136493923492, 0.000126190221636, 0.000241305271629, 0.00029854447348, 0.000659061479382, 0.00130351400003, 0.000793320126832, 0.00062382442411, 0.000384383718483, 0.000195693850401, 0.000130632019136, 6.78191136103e-05, 3.99061245844e-05, 2.42749192694e-05, 4.78513493363e-06, 2.97436571373e-07], "min": [7.99715315732e-24, 5.87834786546e-23, 1.37383739627e-23, 3.368362859e-23, 2.55741700388e-23, 6.18502921751e-23, 1.79033670602e-23, 8.6747682666e-23, 1.35534987298e-22, 7.12078107199e-23, 9.04728037673e-23, 9.62270455108e-23, 8.47228976034e-23, 4.44566034125e-23, 9.16919409647e-23, 1.22231359313e-22, 1.40773717906e-22, 3.66403726639e-22, 2.19250421173e-22, 2.94349297774e-22, 5.77903242319e-22, 5.08216658347e-22, 6.76692003179e-22, 1.09306828849e-21, 8.67208298408e-22, 1.58266954604e-21, 2.41212712671e-21], "dvar2": [3.112842478e-06, 0.000108875567093, 3.89028136851e-05, 2.20055844693e-05, 1.61928965099e-05, 5.61432614177e-07, 2.87710440716e-06, 4.86883755002e-06, 5.563121249e-06, 4.00268078238e-07, 1.76748039848e-06, 2.71497356152e-06, 2.1763416953e-06, 2.39742985286e-06, 2.29505803873e-06, 3.99102691517e-06, 4.80539438286e-06, 1.55647842348e-06, 1.19863773307e-06, 3.09076881422e-07, 1.38389069093e-07, 4.01515691806e-08, 1.13509885935e-08, 2.9455464734e-09, 4.09840250626e-09, 5.9568716626e-10, 3.82860193202e-12], "dvar": [1.25943086005e-06, 4.10896573158e-05, 1.44444829857e-05, 8.89360217116e-06, 6.50774791211e-06, 2.16139596887e-07, 1.0543112694e-06, 1.83982911039e-06, 2.05182550417e-06, 1.49998541588e-07, 6.89444334512e-07, 1.1565132354e-06, 1.02089416032e-06, 1.05620574686e-06, 9.26313987293e-07, 1.70053647253e-06, 2.02542878469e-06, 6.30156023362e-07, 4.95469237194e-07, 1.29345465893e-07, 5.45611094083e-08, 1.62618682964e-08, 4.47176962126e-09, 1.20491006061e-09, 1.65435565247e-09, 2.3558088813e-10, 1.53513627591e-12], "dmean": [0.000418826384703, 0.0039309700951, 0.00266777956858, 0.00209398916923, 0.0016160440864, 0.000362653518096, 0.000566429458559, 0.000615972327068, 0.000655248819385, 0.000173710184754, 0.000312423129799, 0.000393832480768, 0.000368029228412, 0.000390402128687, 0.000413820089307, 0.000719105941243, 0.00099348789081, 0.000553456658963, 0.000449382583611, 0.000243579692324, 0.000124435828184, 7.59301838116e-05, 4.20031319663e-05, 2.2349297069e-05, 1.94321673916e-05, 5.42502675671e-06, 4.86099054342e-07], "max": [0.0164261739701, 0.0543034039438, 0.0411035753787, 0.0440062768757, 0.0300525519997, 0.00580055406317, 0.0131285442039, 0.0128202736378, 0.0158762335777, 0.00995333772153, 0.0201995242387, 0.0162337031215, 0.0149358930066, 0.0172030553222, 0.019134754315, 0.0218329224735, 0.0177597478032, 0.012691617012, 0.0127231581137, 0.00621037976816, 0.00449474621564, 0.00267191184685, 0.00121111399494, 0.000591572141275, 0.000954904826358, 0.000343240826624, 2.704815779e-05], "var": [1.07789674075e-06, 4.68452926725e-05, 2.6696421628e-05, 2.30492532864e-05, 7.85030624684e-06, 3.7910334072e-07, 1.06638776742e-06, 1.49778668401e-06, 2.12910777009e-06, 1.53460447905e-07, 6.47101103368e-07, 1.62306548646e-06, 1.69576185272e-06, 1.53104633682e-06, 1.25703911635e-06, 3.07029836222e-06, 3.89560000258e-06, 1.17279398637e-06, 1.07664607185e-06, 2.84284681129e-07, 8.86805295863e-08, 4.26425685873e-08, 1.18191589848e-08, 2.84584666943e-09, 2.35351205191e-09, 2.80002743214e-10, 2.52045996921e-12], "mean": [0.000358552555554, 0.00530376331881, 0.00459373835474, 0.00407597050071, 0.00236662104726, 0.00058471749071, 0.000703446683474, 0.000561961671337, 0.000809728750028, 0.000223055030801, 0.000323115498759, 0.000503508606926, 0.000481766095618, 0.000532024016138, 0.000626876775641, 0.00114780128933, 0.0018040392315, 0.00102939782664, 0.000887272530235, 0.000522467249539, 0.000272694334853, 0.000196450957446, 0.000109431544843, 5.6922013755e-05, 3.8435922761e-05, 8.91452873475e-06, 8.05350111932e-07]}, "erbbands_skewness": {"dmean2": 0.651660084724, "median": -0.911151826382, "min": -6.95643901825, "dvar2": 0.398470133543, "dvar": 0.173064827919, "dmean": 0.41948390007, "max": 7.38829278946, "var": 0.71296954155, "mean": -0.938498020172}, "erbbands_spread": {"dmean2": 13.2922639847, "median": 34.5630493164, "min": 3.28095364571, "dvar2": 161.513717651, "dvar": 68.6799468994, "dmean": 8.52433681488, "max": 153.833114624, "var": 247.642654419, "mean": 35.6087265015}, "melbands_kurtosis": {"dmean2": 11.5156612396, "median": 4.23648548126, "min": -1.9238948822, "dvar2": 13521.8925781, "dvar": 5630.53515625, "dmean": 7.27531385422, "max": 4474.80761719, "var": 3339.15307617, "mean": 9.34536170959}, "melbands": {"dmean2": [0.00167215219699, 0.00227292487398, 0.00142861122731, 0.