{"tonal": {"thpcp": [1, 0.68958479166, 0.31499132514, 0.267640024424, 0.3111795187, 0.443099379539, 0.537914454937, 0.430231124163, 0.347934424877, 0.407632797956, 0.444138854742, 0.623960494995, 0.688516139984, 0.442396879196, 0.432638317347, 0.578683614731, 0.445260256529, 0.268951624632, 0.230884581804, 0.23006208241, 0.519488930702, 0.926911234856, 0.707678556442, 0.292099744081, 0.217210650444, 0.233679100871, 0.357318967581, 0.43675878644, 0.353382915258, 0.347764790058, 0.408602923155, 0.340597182512, 0.259583503008, 0.256832540035, 0.297243088484, 0.65708386898], "hpcp": {"dmean2": [0.145566791296, 0.155489683151, 0.241170555353, 0.312825202942, 0.284664869308, 0.187206536531, 0.149235188961, 0.158968493342, 0.198420897126, 0.209868684411, 0.205538466573, 0.207253962755, 0.205901682377, 0.190425470471, 0.178722172976, 0.187236011028, 0.218700319529, 0.283609181643, 0.339761227369, 0.301416009665, 0.240212082863, 0.225749671459, 0.258640468121, 0.283829092979, 0.270333141088, 0.236726388335, 0.224319785833, 0.234774708748, 0.265097618103, 0.318566739559, 0.312328785658, 0.248557269573, 0.224816694856, 0.223967239261, 0.203810676932, 0.171958595514], "median": [0.0360426604748, 0.0358872376382, 0.122317314148, 0.215459480882, 0.162007004023, 0.0527489669621, 0.0313057079911, 0.0371216833591, 0.053467579186, 0.0606176666915, 0.0542570315301, 0.0582622922957, 0.0578223019838, 0.0438137277961, 0.0407219827175, 0.0391801893711, 0.0489627122879, 0.173161357641, 0.268466979265, 0.176406860352, 0.0464564040303, 0.0352634266019, 0.0415357649326, 0.078043371439, 0.110679157078, 0.0840267166495, 0.0546763204038, 0.0494498461485, 0.0554951094091, 0.140831127763, 0.159269481897, 0.0949964895844, 0.0693297088146, 0.0659586638212, 0.0628315508366, 0.0478763580322], "min": [0, 0, 0, 0, 0, 0, 0, 0, 0, 0, 0, 0, 0, 0, 0, 0, 0, 0, 0, 0, 0, 0, 0, 0, 0, 0, 0, 0, 0, 0, 0, 0, 0, 0, 0, 0], "dvar2": [0.0597861595452, 0.0601244308054, 0.0857811123133, 0.114297300577, 0.0952942967415, 0.0737598314881, 0.0645393803716, 0.0622147619724, 0.0794792994857, 0.0855183079839, 0.0878111943603, 0.0859575346112, 0.0870609804988, 0.0826441571116, 0.0768589451909, 0.082673676312, 0.0926096141338, 0.0991248860955, 0.13107316196, 0.121974758804, 0.12418512255, 0.13113963604, 0.149732232094, 0.139206379652, 0.111634202302, 0.100851342082, 0.0994491949677, 0.118171364069, 0.136497735977, 0.138484984636, 0.124820016325, 0.102488994598, 0.0927185565233, 0.100460469723, 0.0856933072209, 0.074537910521], "dvar": [0.0222609955817, 0.0225690100342, 0.0316629447043, 0.0497016012669, 0.0388591140509, 0.0274552982301, 0.0230853389949, 0.0221524033695, 0.0301767569035, 0.0348651073873, 0.0333503633738, 0.032259028405, 0.0342103466392, 0.0313900522888, 0.0286289211363, 0.0303803030401, 0.0334620885551, 0.0373708754778, 0.0548309199512, 0.0445363856852, 0.0444699712098, 0.0469893664122, 0.0546886101365, 0.0533196255565, 0.0443941578269, 0.0385962426662, 0.0370312258601, 0.0446638055146, 0.0527877658606, 0.0528739877045, 0.0492214076221, 0.0377897880971, 0.0340672768652, 0.0413346998394, 0.0324417538941, 0.0270228218287], "dmean": [0.0824741348624, 0.0880381166935, 0.14010079205, 0.184714108706, 0.168266296387, 0.106521785259, 0.0840725824237, 0.0891962051392, 0.115091666579, 0.124341405928, 0.119051665068, 0.119258411229, 0.120664492249, 0.110399469733, 0.101513206959, 0.105371765792, 0.122565537691, 0.166189342737, 0.202500924468, 0.177326604724, 0.133833870292, 0.123557187617, 0.142686441541, 0.16062040627, 0.158418834209, 0.136029183865, 0.126153171062, 0.134035915136, 0.151264801621, 0.184326961637, 0.18347980082, 0.143152043223, 0.129395902157, 0.131689578295, 0.118514746428, 0.097001068294], "max": [1, 1, 1, 1, 1, 1, 1, 1, 1, 1, 1, 1, 1, 1, 1, 1, 1, 1, 1, 1, 1, 1, 1, 1, 1, 1, 1, 1, 1, 1, 1, 1, 1, 1, 1, 1], "var": [0.0222872737795, 0.0222580730915, 0.044487837702, 0.12007753551, 0.0763585940003, 0.0271175019443, 0.0211086086929, 0.0204331018031, 0.0405410788953, 0.0612476170063, 0.0405518710613, 0.0360249914229, 0.0558167137206, 0.0430919192731, 0.0265373513103, 0.0267289876938, 0.0300636999309, 0.0585442073643, 0.121340587735, 0.0693614408374, 0.0378554947674, 0.0346330963075, 0.0421557612717, 0.0527185462415, 0.0621564351022, 0.0460061244667, 0.0391966477036, 0.0624298378825, 0.0668573379517, 0.0684582442045, 0.0775396302342, 0.0415572226048, 0.0484919175506, 0.0969718769193, 0.0564812272787, 0.0249662175775], "mean": [0.0890345796943, 0.0887174010277, 0.200327277184, 0.357438981533, 0.272897660732, 0.112640596926, 0.083761587739, 0.0901122093201, 0.137790679932, 0.16842456162, 0.136272847652, 0.134106367826, 0.157566994429, 0.131342366338, 0.100101560354, 0.0990407243371, 0.114623993635, 0.253387153149, 0.385623753071, 0.26592028141, 0.121468134224, 0.103208355606, 0.119998209178, 0.170869648457, 0.207432597876, 0.165907338262, 0.134171783924, 0.157192885876, 0.171270489693, 0.240613982081, 0.265508174896, 0.170598745346, 0.166835606098, 0.223154142499, 0.171702936292, 0.103714138269]}, "tuning_equal_tempered_deviation": 0.0290833804756, "chords_changes_rate": 0.0397039018571, "key_key": "D#", "tuning_diatonic_strength": 0.587965488434, "key_scale": "major", "chords_number_rate": 0.00246747420169, "tuning_frequency": 442.804626465, "tuning_nontempered_energy_ratio": 0.69070661068, "chords_histogram": [48.02602005, 0.112157918513, 2.3104531765, 0.0448631681502, 3.81336927414, 0, 0.291610598564, 0, 0, 0, 0.0448631681502, 0.426200091839, 0.246747419238, 0.381336927414, 0, 2.60206365585, 0.134589508176, 5.83221197128, 4.80035877228, 2.10856890678, 1.52534770966, 1.50291609764, 24.7644691467, 1.03185284138], "key_strength": 0.750973939896, "chords_key": "D#", "chords_strength": {"dmean2": 0.0109933195636, "median": 0.56408905983, "min": -1, "dvar2": 0.000967465050053, "dvar": 0.000517253181897, "dmean": 0.0104127917439, "max": 0.836638569832, "var": 0.0142972618341, "mean": 0.555907726288}, "chords_scale": "major", "hpcp_entropy": {"dmean2": 1.12087225914, "median": 2.11586904526, "min": 0, "dvar2": 0.851640760899, "dvar": 0.323835223913, "dmean": 0.671964287758, "max": 4.79955196381, "var": 0.620742619038, "mean": 2.09909439087}}, "metadata": {"audio_properties": {"equal_loudness": 0, "codec": "flac", "downmix": "mix", "sample_rate": 44100, "analysis_sample_rate": 44100, "bit_rate": 0, "md5_encoded": "d38759cb0a63f3ac7137b263c57ad700", "length": 206.973327637, "replay_gain": -14.032371521, "lossless": true}, "version": {"essentia_build_sha": "2d9f1f26377add8aeb1075a9c2973f962c4f09fd", "essentia": "2.1-beta2", "extractor": "music 1.0", "essentia_git_sha": "v2.1_beta2-1-ge3940c0"}, "tags": {"title": ["Nothin' to Lose"], "barcode": ["4988005525642"], "media": ["SHM-CD"], "albumartist": ["KISS"], "language": ["eng"], "performer": ["Peter Criss (drums)", "Peter Criss (background vocals and lead vocals)", "Gene Simmons (background vocals and lead vocals)", "Paul Stanley (background vocals and lead vocals)", "Bruce Foster (guest piano)", "Gene Simmons (electric bass guitar)", "Ace Frehley (electric guitar)", "Paul Stanley (electric guitar)", "Gene Simmons (lead vocals)", "Peter Criss (additional lead vocals)"], "releasetype": ["album"], "musicbrainz_recordingid": ["0d7b4627-a6fd-423d-9b5b-8097b276af0c"], "musicbrainz_albumartistid": ["e1f1e33e-2e4c-4d43-b91b-7064068d3283"], "engineer": ["Warren Dewey"], "isrc": ["USPR37409127"], "date": ["2008-09-24"], "disctotal": ["1"], "asin": ["B001BLSEKK"], "musicbrainz_albumid": ["99263f7d-b299-3acc-a97a-aa961ff7c8e3"], "artistsort": ["KISS"], "artist": ["KISS"], "label": ["Mercury Records"], "musicbrainz_artistid": ["e1f1e33e-2e4c-4d43-b91b-7064068d3283"], "totaltracks": ["10"], "composer": ["Gene Simmons"], "tracktotal": ["10"], "musicbrainz_workid": ["61aa1d2a-1e91-32ef-8b44-3da8728ea480"], "mixer": ["Warren Dewey"], "originalyear": ["1974"], "lyricist": ["Gene Simmons"], "work": ["Nothin' to Lose"], "discnumber": ["1"], "album": ["KISS"], "catalognumber": ["UICY-93650"], "releasecountry": ["JP"], "genre": ["Rock"], "producer": ["Richie Wise", "Kenny Kerner"], "file_name": "02 - Nothin' to Lose.flac", "acoustid_id": ["23fcf991-b618-45f3-b038-1ab366cb8180"], "script": ["Latn"], "originaldate": ["1974-02-18"], "grouping": ["Rock"], "musicbrainz_releasetrackid": ["3cc881b8-06d7-3f53-81b5-e72eb85373c3"], "tracknumber": ["2"], "musicbrainz_releasegroupid": ["a997e8ed-6e37-315b-bfdf-cd31f14e3fcc"], "composersort": ["Simmons, Gene"], "albumartistsort": ["KISS"], "totaldiscs": ["1"], "releasestatus": ["official"]}}, "rhythm": {"bpm_histogram_first_peak_bpm": {"dmean2": 0, "median": 129, "min": 129, "dvar2": 0, "dvar": 0, "dmean": 0, "max": 129, "var": 0, "mean": 129}, "bpm": 130.394607544, "bpm_histogram_second_peak_spread": {"dmean2": 0, "median": 0.051282029599, "min": 0.051282029599, "dvar2": 0, "dvar": 0, "dmean": 0, "max": 0.051282029599, "var": 0, "mean": 0.051282029599}, "bpm_histogram_first_peak_weight": {"dmean2": 0, "median": 0.399553567171, "min": 0.399553567171, "dvar2": 0, "dvar": 0, "dmean": 0, "max": 0.399553567171, "var": 0, "mean": 0.399553567171}, "onset_rate": 3.74889564514, "beats_position": [0.49922901392, 0.99845802784, 1.48607707024, 1.97369611263, 2.4497051239, 2.92571425438, 3.40172338486, 3.87773227692, 4.34213161469, 4.81814050674, 5.2941493988, 5.75854873657, 6.23455762863, 6.71056699753, 7.18657588959, 7.66258478165, 8.13859367371, 8.6146030426, 9.0906124115, 9.56662082672, 10.0426301956, 10.5186395645, 10.9830379486, 11.4590473175, 11.9350566864, 12.3994560242, 12.8754644394, 13.3514738083, 13.7926530838, 14.2338323593, 14.6750106812, 15.15102005, 15.6270294189, 16.0914287567, 16.5326080322, 16.9737873077, 17.4149665833, 17.8793640137, 18.3669834137, 18.8313827515, 19.2957820892, 19.760181427, 20.2245807648, 20.6773700714, 21.1301574707, 21.5945568085, 22.0589561462, 22.523355484, 22.9761447906, 23.4289340973, 23.8817234039, 24.3345127106, 24.7989120483, 25.2633094788, 25.7277088165, 26.1921081543, 26.6565074921, 27.1209068298, 27.5736961365, 28.0264854431, 28.4908847809, 28.9436721802, 29.3964614868, 29.8492507935, 30.3020401001, 30.7548294067, 31.2076187134, 31.6487979889, 32.1015853882, 32.5543746948, 33.0187759399, 33.4831733704, 33.9475746155, 34.4119720459, 34.8647613525, 35.3175506592, 35.7703399658, 36.2231292725, 36.6875267029, 37.151927948, 37.6047172546, 38.0575065613, 38.5219039917, 38.9746932983, 39.427482605, 39.8918800354, 40.344669342, 40.7974586487, 41.2502479553, 41.703037262, 42.1674385071, 42.6202278137, 43.0730133057, 43.5374145508, 43.9902038574, 44.4429931641, 44.8841705322, 45.3485717773, 45.8129692078, 46.2541503906, 46.7069396973, 47.1597251892, 47.6125144958, 48.0653038025, 48.5180931091, 48.9708824158, 49.4236717224, 49.8764610291, 50.3408622742, 50.8052597046, 51.269657135, 51.7108383179, 52.1636276245, 52.6164169312, 53.0692062378, 53.5219955444, 53.9747848511, 54.4275741577, 54.8803634644, 55.333152771, 55.7975502014, 56.2735595703, 56.7495689392, 57.2139663696, 57.6783676147, 58.1311569214, 58.5955543518, 59.0483436584, 59.5127410889, 59.977142334, 60.4415397644, 60.894329071, 61.3587303162, 61.8115196228, 62.2759170532, 62.7403144836, 63.1931037903, 63.6458930969, 64.1102905273, 64.5746917725, 65.0274810791, 65.4802703857, 65.9446716309, 66.409072876, 66.8618545532, 67.3146438599, 67.779045105, 68.2434463501, 68.7078475952, 69.1490249634, 69.6134262085, 70.0778198242, 70.5306091309, 70.9833984375, 71.4477996826, 71.9122009277, 72.3765945435, 72.8409957886, 73.3053970337, 73.7697982788, 74.2341918945, 74.6985931396, 75.1629943848, 75.6273880005, 76.0801773071, 76.5329666138, 76.9973678589, 77.461769104, 77.9261627197, 78.3905639648, 78.85496521, 79.2961425781, 79.7605438232, 80.2249450684, 80.712562561, 81.1885681152, 81.6761856079, 82.16381073, 82.6514282227, 83.1274337769, 83.6034469604, 84.0562362671, 84.5206298828, 84.9850311279, 85.4378204346, 85.8906097412, 86.3550109863, 86.807800293, 87.2605895996, 87.7249908447, 88.1893844604, 88.6537857056, 89.1181869507, 89.5825805664, 90.0469818115, 90.5113830566, 90.9641723633, 91.4169616699, 91.8813552856, 92.3457565308, 92.8101577759, 93.2629470825, 93.7157363892, 94.1801376343, 94.64453125, 95.1089324951, 95.5617218018, 96.0145111084, 96.4789123535, 96.9317016602, 97.3844909668, 97.8488845825, 98.3132858276, 98.7776870728, 99.2420806885, 99.7064819336, 100.170883179, 100.623672485, 101.076461792, 101.540863037, 101.993652344, 102.44644165, 102.887619019, 103.340408325, 103.804801941, 104.257591248, 104.710380554, 105.163169861, 105.615959167, 106.068748474, 106.533149719, 106.985939026, 107.438728333, 107.891517639, 108.344306946, 108.808708191, 109.273101807, 109.725891113, 110.17868042, 110.619865417, 111.072654724, 111.525436401, 111.966621399, 112.431015015, 112.89541626, 113.371429443, 113.847434998, 114.33505249, 114.811065674, 115.26385498, 115.728248596, 116.192649841, 116.657051086, 117.121452332, 117.585845947, 118.050247192, 118.514648438, 118.979042053, 119.443443298, 119.896232605, 120.36063385, 120.813423157, 121.277824402, 121.742218018, 122.206619263, 122.671020508, 123.135414124, 123.599815369, 124.064216614, 124.528617859, 124.993011475, 125.45741272, 125.921813965, 126.386207581, 126.850608826, 127.315010071, 127.779411316, 128.243804932, 128.708206177, 129.172607422, 129.637008667, 130.101409912, 130.565795898, 131.018585205, 131.48298645, 131.947387695, 132.41178894, 132.887802124, 133.352203369, 133.816589355, 134.280990601, 134.733779907, 135.186569214, 135.639358521, 136.103759766, 136.556549072, 137.020950317, 137.462127686, 137.914916992, 138.367706299, 138.832107544, 139.296508789, 139.772521973, 140.248519897, 140.724533081, 141.188934326, 141.66494751, 142.129333496, 142.593734741, 143.058135986, 143.522537231, 143.975326538, 144.428115845, 144.89251709, 145.345306396, 145.798095703, 146.262496948, 146.715286255, 147.168075562, 147.632461548, 148.085250854, 148.538040161, 149.002441406, 149.466842651, 149.931243896, 150.384033203, 150.83682251, 151.301223755, 151.754013062, 152.206802368, 152.659591675, 153.112380981, 153.565170288, 154.017959595, 154.459136963, 154.900314331, 155.341491699, 155.782669067, 156.223846436, 156.665023804, 157.129425049, 157.570602417, 158.023391724, 158.47618103, 158.928970337, 159.381759644, 159.83454895, 160.287338257, 160.728515625, 161.181304932, 161.634094238, 162.086883545, 162.539672852, 162.980865479, 163.433654785, 163.886444092, 164.339233398, 164.780410767, 165.233200073, 165.68598938, 166.138778687, 166.579956055, 167.032745361, 167.485534668, 167.926712036, 168.367889404, 168.809066772, 169.238632202, 169.668212891, 170.109390259, 170.550567627, 170.991744995, 171.432922363, 171.874099731, 172.338500977, 172.779678345, 173.232467651, 173.685256958, 174.138046265, 174.590835571, 175.055236816, 175.496414185, 175.96081543, 176.413604736, 176.878005981, 177.330795288, 177.795196533, 178.24798584, 178.712371826, 179.165161133, 179.629562378, 180.082351685, 180.535140991, 180.999542236, 181.463943481, 181.916732788, 182.369522095, 182.822311401, 183.275100708, 183.739501953, 184.19229126, 184.645080566, 185.109481812, 185.562271118, 186.015060425, 186.479446411, 186.932235718, 187.385025024, 187.837814331, 188.290603638, 188.755004883, 189.219406128, 189.672195435, 190.124984741, 190.577774048, 191.030563354, 191.483352661, 191.936141968, 192.400543213, 192.85333252, 193.317733765, 193.770523071, 194.223312378, 194.676101685, 195.140487671, 195.604888916, 196.057678223, 196.510467529, 196.974868774, 197.427658081, 197.892059326, 198.344848633, 198.797637939, 199.250427246, 199.703216553, 200.156005859, 200.620407104, 201.08480835, 201.549209595, 202.013595581, 202.489608765, 202.965621948, 203.453231812, 203.940856934, 204.428482056, 204.916091919, 205.415328979, 205.902938843, 206.390563965], "beats_loudness": {"dmean2": 0.0340302959085, "median": 0.0351547598839, "min": 0, "dvar2": 0.000733149936423, "dvar": 0.000223723676754, "dmean": 0.0182547327131, "max": 0.0869794487953, "var": 0.000423008896178, "mean": 0.034900419414}, "danceability": 1.14797616005, "bpm_histogram_second_peak_weight": {"dmean2": 0, "median": 0.0825892835855, "min": 0.0825892835855, "dvar2": 0, "dvar": 0, "dmean": 0, "max": 0.0825892835855, "var": 0, "mean": 0.0825892835855}, "beats_count": 449, "bpm_histogram_second_peak_bpm": {"dmean2": 0, "median": 136, "min": 136, "dvar2": 0, "dvar": 0, "dmean": 0, "max": 136, "var": 0, "mean": 136}, "bpm_histogram_first_peak_spread": {"dmean2": 0, "median": 0.54452931881, "min": 0.54452931881, "dvar2": 0, "dvar": 0, "dmean": 0, "max": 0.54452931881, "var": 0, "mean": 0.54452931881}, "beats_loudness_band_ratio": {"dmean2": [0.407155096531, 0.384350448847, 0.140684887767, 0.210239067674, 0.146487638354, 0.0945095792413], "median": [0.436437398195, 0.192708551884, 0.0886795371771, 0.0962647423148, 0.0813462808728, 0.0736344382167], "min": [0, 0, 0, 0, 0, 0], "dvar2": [0.129773333669, 0.05844052881, 0.0172138772905, 0.0375832021236, 0.0243682414293, 0.0154300788417], "dvar": [0.0407405756414, 0.0165311153978, 0.00602505728602, 0.0122497109696, 0.00803614966571, 0.00471773231402], "dmean": [0.229637429118, 0.200189992785, 0.0797647610307, 0.113980971277, 0.080979809165, 0.053925793618], "max": [0.993419110775, 0.64208573103, 0.504693329334, 0.640481591225, 0.580034315586, 0.761782944202], "var": [0.0450585409999, 0.0225549843162, 0.00761037366465, 0.0129196001217, 0.00791527424008, 0.00399318290874], "mean": [0.438288927078, 0.225467026234, 0.116264112294, 0.132243052125, 0.107052750885, 0.0839195325971]}}, "lowlevel": {"barkbands_spread": {"dmean2": 9.38628959656, "median": 26.4814453125, "min": 1.0050150156, "dvar2": 110.160751343, "dvar": 47.4323730469, "dmean": 5.9430809021, "max": 105.869033813, "var": 139.434356689, "mean": 27.3831882477}, "melbands_spread": {"dmean2": 14.5831689835, "median": 31.2911911011, "min": 0.596534669399, "dvar2": 277.012298584, "dvar": 125.345703125, "dmean": 9.31964969635, "max": 195.023498535, "var": 431.506103516, "mean": 34.1475334167}, "hfc": {"dmean2": 8.41940021515, "median": 17.6293010712, "min": 1.12224401033e-16, "dvar2": 142.956375122, "dvar": 71.9000854492, "dmean": 6.01854133606, "max": 144.0440979, "var": 325.659545898, "mean": 21.3376865387}, "barkbands_kurtosis": {"dmean2": 3.0824368, "median": -0.112067937851, "min": -1.93300795555, "dvar2": 80.3419799805, "dvar": 39.2874717712, "dmean": 1.89184963703, "max": 246.141357422, "var": 70.9103012085, "mean": 1.64234793186}, "gfcc": {"mean": [-27.9785060883, 85.5397262573, -131.986679077, 33.4759902954, -51.9089317322, 1.58446764946, -31.0193805695, 1.98851895332, -25.6422672272, -5.04819774628, -18.386631012, -2.44235444069, -13.9322137833], "icov": [[5.57802486583e-05, -7.79388574301e-05, 5.50705153728e-05, -9.03535765246e-05, 8.33352096379e-05, -7.57153175073e-05, 0.000111526816909, -0.000187517493032, 0.000186837889487, -7.42599513615e-05, 0.000229220691836, -0.000212229802855, 0.000178013200639], [-7.79388574301e-05, 0.00138696713839, 0.000218868488446, -0.000425593461841, -0.000621804443654, 0.00129882164765, -0.000787692377344, 0.000316031451803, -0.00100526795723, 0.00134943029843, -0.00129697052762, 0.00159172411077, -0.000520303961821], [5.50705153728e-05, 0.000218868488446, 0.00124689366203, -0.00052371842321, -0.000321492378134, -0.000128644474898, -0.000510813551955, 0.000204743817449, -0.000192743449588, -0.000325653207256, 0.00120154768229, -0.000987246632576, 0.000402504927479], [-9.03535765246e-05, -0.000425593461841, -0.00052371842321, 0.00418554153293, 8.77282436704e-05, -0.0013744821772, 6.44226311124e-05, 0.00146463734563, -0.000434458866948, -0.000693592533935, 0.000502348702867, 0.00111856509466, -0.000815879029687], [8.33352096379e-05, -0.000621804443654, -0.000321492378134, 8.77282436704e-05, 0.00410373182967, 4.2626314098e-05, -0.000586577749345, -0.00176867272239, 7.41314797779e-05, 0.000685942359269, -0.000590641167946, 0.000805856776424, -0.0010246981401], [-7.57153175073e-05, 0.00129882164765, -0.000128644474898, -0.0013744821772, 4.2626314098e-05, 0.00755598396063, -0.00198973855004, -0.00106126873288, -0.000275553145912, 0.000878979451954, -0.000570319010876, -0.000957443669904, 0.0021527572535], [0.000111526816909, -0.000787692377344, -0.000510813551955, 6.44226311124e-05, -0.000586577749345, -0.00198973855004, 0.00858631450683, -0.00184485258069, 0.0002216448338, 0.000170674844412, -0.00195695250295, 0.000294877623674, 0.000260677916231], [-0.000187517493032, 0.000316031451803, 0.000204743817449, 0.00146463734563, -0.00176867272239, -0.00106126873288, -0.00184485258069, 0.0116482349113, -0.00293885404244, -0.00173614907544, 0.000474154920084, 0.000401884200983, -0.000513256702106], [0.000186837889487, -0.00100526795723, -0.000192743449588, -0.000434458866948, 7.41314797779e-05, -0.000275553145912, 0.0002216448338, -0.00293885404244, 0.0120062343776, -0.00467055058107, 0.00138416222762, 0.00044299729052, -0.000706985534634], [-7.42599513615e-05, 0.00134943029843, -0.000325653207256, -0.000693592533935, 0.000685942359269, 0.000878979451954, 0.000170674844412, -0.00173614907544, -0.00467055058107, 0.0144739709795, -0.00339909619652, 0.00028921244666, 0.000433485314716], [0.000229220691836, -0.00129697052762, 0.00120154768229, 0.000502348702867, -0.000590641167946, -0.000570319010876, -0.00195695250295, 0.000474154920084, 0.00138416222762, -0.00339909619652, 0.0152286579832, -0.00652300659567, 0.0018080646405], [-0.000212229802855, 0.00159172411077, -0.000987246632576, 0.00111856509466, 0.000805856776424, -0.000957443669904, 0.000294877623674, 0.000401884200983, 0.00044299729052, 0.00028921244666, -0.00652300659567, 0.0202159006149, -0.00655720988289], [0.000178013200639, -0.000520303961821, 0.000402504927479, -0.000815879029687, -0.0010246981401, 0.0021527572535, 0.000260677916231, -0.000513256702106, -0.000706985534634, 0.000433485314716, 0.0018080646405, -0.00655720988289, 0.0176270138472]], "cov": [[25795.1582031, 411.134887695, -1008.03051758, 455.157989502, -638.701171875, 218.378631592, -374.89755249, 146.60206604, -307.659301758, -29.8050613403, -291.86630249, 42.694152832, -224.054718018], [411.134887695, 1701.64038086, -427.439819336, 54.6256141663, 306.307830811, -267.374755859, 108.883613586, 5.481549263, 75.1084899902, -116.029937744, 90.0081863403, -133.440002441, 54.3686180115], [-1008.03051758, -427.439819336, 1137.48474121, 120.427307129, 14.5356473923, 115.715682983, 47.7387809753, -4.32413053513, 28.0266036987, 48.3467025757, -73.8922958374, 47.2525634766, -11.8635015488], [455.157989502, 54.6256141663, 120.427307129, 303.15411377, -11.7543325424, 45.5228004456, 2.46354293823, -26.2099456787, 11.2618951797, 7.1082444191, -25.6155261993, -16.5696659088, -2.00442790985], [-638.701171875, 306.307830811, 14.5356473923, -11.7543325424, 356.831756592, -43.5456504822, 68.9365844727, 49.6438064575, 33.1478157043, -23.6714344025, 30.3331356049, -28.883813858, 29.1587791443], [218.378631592, -267.374755859, 115.715682983, 45.5228004456, -43.5456504822, 208.980300903, 26.4631595612, 18.5414829254, -7.81993484497, 17.8819828033, -8.87734031677, 24.9704265594, -29.0920124054], [-374.89755249, 108.883613586, 47.7387809753, 2.46354293823, 68.9365844727, 26.4631595612, 158.174743652, 30.8518199921, 16.8851127625, -1.36866831779, 29.9631404877, -5.04866456985, 1.11801123619], [146.60206604, 5.481549263, -4.32413053513, -26.2099456787, 49.6438064575, 18.5414829254, 30.8518199921, 116.883232117, 33.0137786865, 20.4991607666, 3.38892745972, -1.05713713169, 1.21458673477], [-307.659301758, 75.1084899902, 28.0266036987, 11.2618951797, 33.1478157043, -7.81993484497, 16.8851127625, 33.0137786865, 116.180198669, 33.134727478, 1.83911979198, -10.6658906937, 8.48746299744], [-29.8050613403, -116.029937744, 48.3467025757, 7.1082444191, -23.6714344025, 17.8819828033, -1.36866831779, 20.4991607666, 33.134727478, 96.5264282227, 9.53576087952, 11.6997709274, -4.51235961914], [-291.86630249, 90.0081863403, -73.8922958374, -25.6155261993, 30.3331356049, -8.87734031677, 29.9631404877, 3.38892745972, 1.83911979198, 9.53576087952, 98.3786773682, 18.8298435211, 5.36194562912], [42.694152832, -133.440002441, 47.2525634766, -16.5696659088, -28.883813858, 24.9704265594, -5.04866456985, -1.05713713169, -10.6658906937, 11.6997709274, 18.8298435211, 77.1279983521, 15.1437978745], [-224.054718018, 54.3686180115, -11.8635015488, -2.00442790985, 29.1587791443, -29.0920124054, 1.11801123619, 1.21458673477, 8.48746299744, -4.51235961914, 5.36194562912, 15.1437978745, 71.5784606934]]}, "spectral_energyband_middle_low": {"dmean2": 0.00685467012227, "median": 0.00736437970772, "min": 1.79975220269e-22, "dvar2": 0.000198568421183, "dvar": 8.28710108181e-05, "dmean": 0.00437112245709, "max": 0.100472122431, "var": 0.000119964286569, "mean": 0.00967076234519}, "melbands_crest": {"dmean2": 5.25773191452, "median": 11.1095237732, "min": 1.71677076817, "dvar2": 23.458272934, "dvar": 9.4437828064, "dmean": 3.25813746452, "max": 32.3076972961, "var": 25.7543811798, "mean": 12.0329370499}, "spectral_kurtosis": {"dmean2": 2.41526126862, "median": 3.84699511528, "min": -1.24382734299, "dvar2": 8.49946498871, "dvar": 2.87258648872, "dmean": 1.43128490448, "max": 28.5837936401, "var": 5.66523504257, "mean": 4.15001249313}, "spectral_rms": {"dmean2": 0.00101923162583, "median": 0.00433111004531, "min": 3.14496822681e-12, "dvar2": 1.69289592122e-06, "dvar": 8.2563332171e-07, "dmean": 0.000708135892637, "max": 0.0102013219148, "var": 4.01314355258e-06, "mean": 0.00411380827427}, "zerocrossingrate": {"dmean2": 0.0127301542088, "median": 0.0703125, "min": 0.00341796875, "dvar2": 0.00019129946304, "dvar": 0.000157771341037, "dmean": 0.0106421103701, "max": 0.53125, "var": 0.00217467383482, "mean": 0.0758255049586}, "silence_rate_60dB": {"dmean2": 0.0336587019265, "median": 0, "min": 0, "dvar2": 0.0354407764971, "dvar": 0.016544662416, "dmean": 0.0168274622411, "max": 1, "var": 0.119019195437, "mean": 0.138081878424}, "erbbands_kurtosis": {"dmean2": 1.05251693726, "median": -0.437656372786, "min": -1.89357447624, "dvar2": 2.55138897896, "dvar": 1.12848579884, "dmean": 0.668148756027, "max": 31.0301265717, "var": 2.67581009865, "mean": -0.0362106263638}, "erbbands": {"dmean2": [0.0560942180455, 1.00602126122, 2.76424527168, 5.48068714142, 14.2233333588, 10.4628915787, 9.3450756073, 6.51729106903, 9.76845359802, 13.0274972916, 15.1551370621, 20.7783546448, 29.5468139648, 19.933172226, 16.1949939728, 22.1457328796, 26.1596508026, 30.9051456451, 27.2332935333, 24.1382217407, 24.3244018555, 28.4742183685, 21.1871871948, 25.4713535309, 20.0000953674, 14.3084745407, 7.00469446182, 7.73503160477, 7.22978496552, 5.999771595, 3.31985187531, 1.67427504063, 0.899622857571, 0.466006845236, 0.247192203999, 0.152418717742, 0.0484732091427, 0.00957007240504, 0.00160431838594, 0.000183568379725], "median": [0.00911787897348, 0.176845788956, 1.11083197594, 3.03729867935, 3.31568145752, 4.90901517868, 7.60282087326, 5.86930942535, 6.46295118332, 6.77909517288, 5.19730520248, 13.1425600052, 20.089466095, 14.1872835159, 8.21754455566, 8.74182510376, 13.234913826, 16.7053756714, 13.3585863113, 10.7740488052, 15.2548704147, 19.3183193207, 16.1334667206, 17.472486496, 15.2656736374, 10.6106653214, 4.27855443954, 2.9551153183, 2.73387789726, 2.05917453766, 0.968938291073, 0.467946916819, 0.249452710152, 0.106728613377, 0.0500309169292, 0.0288140252233, 0.00726532563567, 0.00110928376671, 0.000126313359942, 3.71382557205e-05], "min": [1.8338495478e-22, 8.65385310276e-22, 2.98468030175e-21, 3.3652241771e-21, 3.82041322674e-21, 3.39917174214e-20, 5.16592774856e-20, 5.98071551533e-20, 1.63456782702e-19, 2.35485835136e-19, 2.34456046973e-19, 3.13942055081e-19, 4.31358145834e-19, 8.65051681031e-19, 1.36944909947e-18, 1.30041953319e-18, 2.02848343564e-18, 2.1277469703e-18, 2.19802320116e-18, 2.96848982938e-18, 4.55193727416e-18, 4.68989362954e-18, 6.2601243825e-18, 5.64161248717e-18, 8.18780841587e-18, 7.60672561608e-18, 1.19612070198e-17, 9.55345051997e-18, 1.03280952375e-17, 1.10264714209e-17, 1.0363491123e-17, 9.40790312811e-18, 8.89538367493e-18, 8.88796055611e-18, 5.29595604306e-18, 3.78358243805e-18, 2.4055053278e-18, 9.24394393658e-19, 2.63410341092e-19, 2.50765166445e-20], "dvar2": [0.0151785919443, 5.53442573547, 27.1741085052, 87.8159408569, 1958.16674805, 600.649597168, 236.490264893, 120.630638123, 475.675811768, 1797.53930664, 1876.28283691, 2076.97558594, 4673.78369141, 1429.31140137, 1228.45214844, 2452.81860352, 3564.73095703, 3957.3293457, 3424.12133789, 4040.40429688, 3655.80957031, 4577.15771484, 2504.06323242, 2584.31713867, 1416.03210449, 675.403625488, 183.562576294, 400.240936279, 259.567138672, 247.653167725, 100.717094421, 25.766916275, 5.99921560287, 2.19265031815, 0.70535749197, 0.185426682234, 0.0157474372536, 0.000650097092148, 1.56895930559e-05, 2.3388220427e-07], "dvar": [0.00610524090007, 2.17085194588, 10.9288349152, 34.0802001953, 802.702880859, 230.473205566, 93.0148925781, 45.7901420593, 176.552963257, 632.002929688, 810.694946289, 915.084594727, 1828.04345703, 594.902404785, 535.435913086, 1042.24621582, 1538.01464844, 1628.70410156, 1525.3359375, 1679.42749023, 1446.09509277, 2107.48022461, 956.543884277, 1194.8470459, 623.9296875, 295.582641602, 78.7571563721, 161.088775635, 120.678947449, 108.374534607, 42.3035240173, 10.7447414398, 2.59695935249, 0.982704222202, 0.318675339222, 0.0820245370269, 0.00719108199701, 0.000303775421344, 7.16015574653e-06, 1.05651402293e-07], "dmean": [0.0341479666531, 0.601800203323, 1.67780399323, 3.27035093307, 8.86724090576, 6.31890058517, 5.82441616058, 4.04812002182, 5.99639558792, 7.98552417755, 9.59698104858, 13.5986766815, 19.1151924133, 12.8416557312, 10.3738918304, 14.1901254654, 16.7000370026, 19.5913162231, 17.5830039978, 15.3588685989, 15.1605739594, 18.1147670746, 13.495388031, 16.277141571, 12.9545040131, 9.13327121735, 4.52105808258, 5.06342840195, 4.87952184677, 4.03170156479, 2.19472169876, 1.09998357296, 0.592728435993, 0.311121881008, 0.16441103816, 0.104320280254, 0.0336988158524, 0.00661233346909, 0.00109774793964, 0.000126824816107], "max": [0.747293174267, 13.2598400116, 41.3617668152, 95.0656356812, 319.161224365, 190.531677246, 185.400665283, 141.095062256, 340.149200439, 645.087768555, 971.441894531, 714.708496094, 1096.96057129, 570.711242676, 589.469482422, 655.99597168, 982.715087891, 921.97833252, 949.42779541, 1162.98962402, 1301.3416748, 2345.37988281, 1270.3828125, 1396.48913574, 669.022766113, 528.558349609, 193.61227417, 399.871276855, 262.242248535, 314.884368896, 238.420013428, 77.2117004395, 38.3870391846, 36.6656684875, 17.461101532, 6.69180679321, 1.5625731945, 0.442264467478, 0.0396573357284, 0.0037185093388], "var": [0.00570074329153, 1.85639107227, 15.0789747238, 49.8964614868, 730.733276367, 245.456695557, 194.010971069, 114.171974182, 370.950927734, 1478.48461914, 1713.02587891, 2524.41625977, 4341.76806641, 1300.81787109, 1186.45092773, 2098.38793945, 2716.93725586, 3063.36669922, 3369.12524414, 3265.80053711, 2333.96801758, 6955.04003906, 1724.78503418, 3713.25756836, 1569.10620117, 815.811157227, 176.824645996, 250.704177856, 242.768112183, 187.604415894, 65.4581756592, 21.6844749451, 5.13714265823, 2.03785729408, 0.571211516857, 0.129773303866, 0.0113239306957, 0.000466144090751, 1.0287258192e-05, 1.39928658882e-07], "mean": [0.0345490351319, 0.638858735561, 2.72623419762, 5.03965187073, 9.69298362732, 9.34070968628, 11.7631225586, 8.7755022049, 11.4306306839, 15.0845365524, 15.8816251755, 26.5291309357, 38.0948448181, 24.9532222748, 18.9585208893, 24.6992549896, 28.9964027405, 34.2106513977, 30.9845809937, 26.9191055298, 28.1797733307, 37.0294113159, 28.1044025421, 34.0357055664, 27.3040943146, 19.6088581085, 8.87721824646, 8.73700332642, 8.60594367981, 6.79853200912, 3.6657333374, 1.77659988403, 0.942624032497, 0.480465620756, 0.243188351393, 0.143797174096, 0.0435690954328, 0.00816357322037, 0.00126814085525, 0.000156797206728]}, "spectral_strongpeak": {"dmean2": 0.943832159042, "median": 0.407394886017, "min": 0, "dvar2": 2.63693118095, "dvar": 1.06938779354, "dmean": 0.554064154625, "max": 19.9334907532, "var": 1.85924422741, "mean": 0.872770130634}, "spectral_energy": {"dmean2": 0.0113404905424, "median": 0.0192274786532, "min": 1.01380952241e-20, "dvar2": 0.000299265084323, "dvar": 0.000133427645778, "dmean": 0.00755067681894, "max": 0.106668651104, "var": 0.000289784744382, "mean": 0.0214600395411}, "average_loudness": 0.852806150913, "spectral_rolloff": {"dmean2": 997.897460938, "median": 1894.921875, "min": 86.1328125, "dvar2": 1801882.875, "dvar": 835528.4375, "dmean": 607.199157715, "max": 20758.0078125, "var": 3599663.5, "mean": 2169.22924805}, "spectral_centroid": {"dmean2": 446.677886963, "median": 1765.05651855, "min": 181.544006348, "dvar2": 241236.46875, "dvar": 110585.476563, "dmean": 286.557189941, "max": 11580.1660156, "var": 917713.0625, "mean": 1812.53564453}, "pitch_salience": {"dmean2": 0.118606559932, "median": 0.610017716885, "min": 0.160406708717, "dvar2": 0.0126106971875, "dvar": 0.00491988612339, "dmean": 0.0733920112252, "max": 0.963791787624, "var": 0.0121749332175, "mean": 0.596279621124}, "spectral_energyband_middle_high": {"dmean2": 0.00269689038396, "median": 0.00445846607909, "min": 1.16516861013e-21, "dvar2": 1.38460500239e-05, "dvar": 6.51866866974e-06, "dmean": 0.00183670397382, "max": 0.0500622801483, "var": 3.64477746189e-05, "mean": 0.00624288339168}, "spectral_contrast_coeffs": {"dmean2": [0.0850092023611, 0.0728772878647, 0.0601458624005, 0.0489988587797, 0.0345860086381, 0.0309838838875], "median": [-0.635747492313, -0.738670408726, -0.754860460758, -0.788698375225, -0.78752464056, -0.733113348484], "min": [-0.978823840618, -0.984712064266, -0.992056250572, -0.981512129307, -0.966790258884, -0.963195919991], "dvar2": [0.0050845281221, 0.00371479219757, 0.00248052715324, 0.00160708033945, 0.000857386097778, 0.000842577894218], "dvar": [0.00200519873761, 0.00142645509914, 0.00102158566006, 0.000659230630845, 0.000365776068065, 0.000371270056348], "dmean": [0.0522277317941, 0.0443664491177, 0.0376385748386, 0.0305917598307, 0.0217050500214, 0.0198139268905], "max": [-0.302330076694, -0.449835389853, -0.474804490805, -0.51123636961, -0.555631935596, -0.528817355633], "var": [0.00796456821263, 0.00583066977561, 0.00488444417715, 0.00320689985529, 0.00239731953479, 0.00231972686015], "mean": [-0.633219242096, -0.736952126026, -0.75497084856, -0.785269200802, -0.785653173923, -0.735486209393]}, "melbands_skewness": {"dmean2": 1.07957041264, "median": 1.80045187473, "min": -3.01432228088, "dvar2": 1.57510077953, "dvar": 0.721235752106, "dmean": 0.701818645, "max": 16.9001464844, "var": 2.31145310402, "mean": 2.09411382675}, "spectral_spread": {"dmean2": 702723.0625, "median": 3822012, "min": 1533965, "dvar2": 1155758030850.0, "dvar": 577874690048, "dmean": 487751.75, "max": 42708480, "var": 9812777631740.0, "mean": 4201707.5}, "dissonance": {"dmean2": 0.0195613764226, "median": 0.482705414295, "min": 0.348038107157, "dvar2": 0.0003898369323, "dvar": 0.000142880773637, "dmean": 0.0116187548265, "max": 0.5, "var": 0.000290853728075, "mean": 0.478504955769}, "spectral_skewness": {"dmean2": 0.321495980024, "median": 1.26127445698, "min": -0.0718144699931, "dvar2": 0.100210078061, "dvar": 0.037135951221, "dmean": 0.197853296995, "max": 3.81607508659, "var": 0.124261185527, "mean": 1.25757002831}, "spectral_flux": {"dmean2": 0.0334076099098, "median": 0.073067098856, "min": 6.38359434757e-11, "dvar2": 0.00170563987922, "dvar": 0.000760053226259, "dmean": 0.0221626069397, "max": 0.285926520824, "var": 0.00227026059292, "mean": 0.0767313316464}, "spectral_contrast_valleys": {"dmean2": [0.717062473297, 0.585964918137, 0.504637002945, 0.436184674501, 0.373991638422, 0.457064300776], "median": [-7.38520240784, -6.76329612732, -7.1990942955, -7.32189083099, -7.05128097534, -10.2884168625], "min": [-28.4323577881, -27.96808815, -27.9192504883, -27.6521778107, -27.5190067291, -27.4391441345], "dvar2": [0.3672991395, 0.28196194768, 0.209696635604, 0.189137935638, 0.167506679893, 0.338826835155], "dvar": [0.17652644217, 0.125362128019, 0.102582238615, 0.0975845232606, 0.0944438278675, 0.188171893358], "dmean": [0.458678632975, 0.366110682487, 0.325057059526, 0.289211243391, 0.257206201553, 0.348185777664], "max": [-5.42159700394, -5.0218205452, -5.38588476181, -5.57217216492, -5.68079900742, -7.60647392273], "var": [4.39047288895, 4.1889295578, 4.03938007355, 3.98073744774, 4.01494884491, 3.72189068794], "mean": [-7.87494325638, -7.22964096069, -7.60956954956, -7.75895452499, -7.4725561142, -10.6941347122]}, "erbbands_flatness_db": {"dmean2": 0.0249909739941, "median": 0.151207640767, "min": 0.0335251018405, "dvar2": 0.000643369625323, "dvar": 0.00032532113255, "dmean": 0.0176365077496, "max": 0.365959793329, "var": 0.00187424267642, "mean": 0.155483990908}, "spectral_energyband_high": {"dmean2": 0.000601820531301, "median": 0.000429535255535, "min": 7.17616905349e-21, "dvar2": 1.3792205209e-06, "dvar": 6.71763984883e-07, "dmean": 0.000417626957642, "max": 0.0195697583258, "var": 1.74194963165e-06, "mean": 0.000907491426915}, "spectral_entropy": {"dmean2": 0.191833913326, "median": 7.74860048294, "min": 6.01453447342, "dvar2": 0.0440828353167, "dvar": 0.0208081677556, "dmean": 0.128413319588, "max": 9.82419300079, "var": 0.108957417309, "mean": 7.7291636467}, "silence_rate_20dB": {"dmean2": 0, "median": 1, "min": 1, "dvar2": 0, "dvar": 0, "dmean": 0, "max": 1, "var": 0, "mean": 1}, "melbands_flatness_db": {"dmean2": 0.040878791362, "median": 0.155913457274, "min": 0.00396879389882, "dvar2": 0.0017865797272, "dvar": 0.000788901001215, "dmean": 0.0262157041579, "max": 0.491962641478, "var": 0.00318295927718, "mean": 0.162325531244}, "barkbands": {"dmean2": [5.39277170901e-05, 0.0037260891404, 0.00260351784527, 0.00225921557285, 0.0037935860455, 0.000981981051154, 0.000952875998337, 0.000575963116717, 0.000974104448687, 0.000829089956824, 0.000542145280633, 0.000554864993319, 0.000670903187711, 0.000663513608743, 0.000548361393157, 0.00044138650992, 0.000495797488838, 0.000425213860581, 0.00049674930051, 0.000310086034006, 0.000178730726475, 0.000200079244678, 0.000130617656396, 6.37129487586e-05, 3.69032568415e-05, 2.90574080282e-05, 1.17823392429e-05], "median": [4.91818400405e-06, 0.000568966381252, 0.00110329093877, 0.000847800110932, 0.00135069701355, 0.000910386850592, 0.000533154758159, 0.000147834958625, 0.000589132134337, 0.000482272705995, 0.000257575127762, 0.000194893800654, 0.000275516009424, 0.000297702965327, 0.000188663674635, 0.00022624155099, 0.000331834686222, 0.00026477521169, 0.000343866180629, 0.000214308864088, 7.67111268942e-05, 7.72940475144e-05, 3.90717905248e-05, 1.83823285624e-05, 8.30000226415e-06, 4.93626293974e-06, 6.8873436021e-07], "min": [5.87982997733e-25, 3.71853687377e-24, 1.01961475013e-24, 9.38739152402e-25, 1.08315666774e-23, 8.48727401546e-24, 8.4385389776e-24, 6.57833238788e-24, 1.23558636719e-23, 8.74960734291e-24, 2.61271599556e-23, 2.23959662031e-23, 3.26967793748e-23, 4.10403182002e-23, 4.46047704232e-23, 6.14077475181e-23, 6.14338682804e-23, 1.08415426124e-22, 1.41844587119e-22, 1.87247104176e-22, 2.79387219109e-22, 3.06809437814e-22, 4.18323421221e-22, 6.33906358625e-22, 8.65119546192e-22, 1.37919826148e-21, 1.93123226823e-21], "dvar2": [1.71093716972e-08, 7.62536437833e-05, 2.22496346396e-05, 1.95279844775e-05, 0.000118065734569, 2.11471910916e-06, 8.93262586033e-06, 2.6806292226e-06, 4.11314385929e-06, 3.101470611e-06, 1.17129206956e-06, 1.45039768995e-06, 2.43113390752e-06, 1.77948334112e-06, 1.71666579263e-06, 1.22752089737e-06, 1.26986594751e-06, 9.31347244659e-07, 9.42165627293e-07, 3.4431073459e-07, 1.67478305002e-07, 2.04883662036e-07, 1.27215713519e-07, 3.1986250093e-08, 1.38325004784e-08, 6.06277250625e-09, 8.73757066699e-