{"tonal": {"thpcp": [1, 0.41491150856, 0.0797684341669, 0.0516324602067, 0.0744923353195, 0.239882469177, 0.30612975359, 0.177130162716, 0.249180689454, 0.308213740587, 0.156509593129, 0.0714947134256, 0.0680701285601, 0.15057335794, 0.439381837845, 0.512151300907, 0.352727949619, 0.320389807224, 0.220465049148, 0.219513192773, 0.523954331875, 0.584345638752, 0.336031138897, 0.334792584181, 0.32997405529, 0.158334776759, 0.104605555534, 0.119044013321, 0.231904953718, 0.680025875568, 0.726342439651, 0.280128777027, 0.138214543462, 0.145366564393, 0.248241141438, 0.818063139915], "hpcp": {"dmean2": [0.168262913823, 0.180295750499, 0.132045999169, 0.0832777246833, 0.0875076875091, 0.140363380313, 0.179477393627, 0.162971422076, 0.142988950014, 0.0697886347771, 0.0482058338821, 0.0525063499808, 0.0832429230213, 0.102045357227, 0.085446164012, 0.0943306386471, 0.097324244678, 0.0746617466211, 0.0504208579659, 0.0556980371475, 0.0939140915871, 0.142803296447, 0.158291682601, 0.173213616014, 0.167778283358, 0.140269264579, 0.152995377779, 0.189435973763, 0.180002138019, 0.185275271535, 0.146466523409, 0.123010478914, 0.102224603295, 0.0783428102732, 0.0856807306409, 0.131266474724], "median": [0.0393698215485, 0.0474249310791, 0.0224544163793, 0.00310393003747, 0.00257234601304, 0.014579876326, 0.0592129454017, 0.0635479092598, 0.0222090147436, 0.00150460889563, 0.000875095778611, 0.00298718060367, 0.017097633332, 0.0219546891749, 0.0138771729544, 0.00780989788473, 0.00715447403491, 0.0048723872751, 0.00218455214053, 0.00176598527469, 0.0046674227342, 0.0194785632193, 0.0233841147274, 0.0158338621259, 0.00451387465, 0.00314397527836, 0.0066348714754, 0.0302302055061, 0.0374709814787, 0.0202389061451, 0.00373293296434, 0.00235386984423, 0.00274126883596, 0.00335415871814, 0.00356751657091, 0.0113171273842], "min": [0, 0, 0, 0, 0, 0, 0, 0, 0, 0, 0, 0, 0, 0, 0, 0, 0, 0, 0, 0, 0, 0, 0, 0, 0, 0, 0, 0, 0, 0, 0, 0, 0, 0, 0, 0], "dvar2": [0.0839463546872, 0.0888502672315, 0.0620171800256, 0.0468860752881, 0.051139947027, 0.0737051442266, 0.086660079658, 0.0878592431545, 0.0741394609213, 0.0456829890609, 0.0313766859472, 0.0291410516948, 0.0379785634577, 0.0503852404654, 0.0371990837157, 0.0470263361931, 0.0520094037056, 0.0399111360312, 0.029259569943, 0.0359803512692, 0.0523032806814, 0.0745511502028, 0.0823321714997, 0.0914273485541, 0.12005379051, 0.0865472108126, 0.0945264324546, 0.110943242908, 0.0958753377199, 0.10275772959, 0.0816273838282, 0.0775982961059, 0.0633624494076, 0.0512656159699, 0.0533596165478, 0.0723638832569], "dvar": [0.0358119159937, 0.0395217947662, 0.0226695071906, 0.0169624052942, 0.0186700262129, 0.0269547738135, 0.0347656235099, 0.0386035442352, 0.0273341275752, 0.016279200092, 0.0110711073503, 0.0104883732274, 0.0153373423964, 0.0211288891733, 0.0140882395208, 0.0192490760237, 0.0225563552231, 0.0151970619336, 0.0108477566391, 0.012809519656, 0.0188393201679, 0.0305799432099, 0.0357440859079, 0.0342966504395, 0.044673319906, 0.031383369118, 0.0346405170858, 0.0439640507102, 0.0397257208824, 0.0382027514279, 0.0318131931126, 0.030508114025, 0.022676486522, 0.0181808173656, 0.0192794911563, 0.0264184400439], "dmean": [0.100303769112, 0.106927514076, 0.0755756273866, 0.0461930185556, 0.0483079068363, 0.0796354040504, 0.106731109321, 0.096757017076, 0.0824995785952, 0.0377043485641, 0.0257515665144, 0.0289733931422, 0.0495629683137, 0.0613456703722, 0.0496485754848, 0.0561986640096, 0.0586224682629, 0.0432301051915, 0.0277854688466, 0.0300604626536, 0.0525824576616, 0.0844718888402, 0.0939401090145, 0.0970917865634, 0.090873926878, 0.0761045441031, 0.0857335478067, 0.109481997788, 0.106078013778, 0.105041630566, 0.0819515362382, 0.0695225000381, 0.0562944225967, 0.0428409278393, 0.0468250177801, 0.0742537453771], "max": [1, 1, 1, 1, 1, 1, 1, 1, 1, 1, 1, 1, 1, 1, 1, 1, 1, 1, 1, 1, 1, 1, 1, 1, 1, 1, 1, 1, 1, 1, 1, 1, 1, 1, 1, 1], "var": [0.109479874372, 0.11925150454, 0.0239865873009, 0.0182644631714, 0.023266274482, 0.0270547289401, 0.115429617465, 0.167710289359, 0.044994212687, 0.0108099384233, 0.00703009171411, 0.0082146320492, 0.02836076729, 0.0417405255139, 0.0152527596802, 0.034859828651, 0.0538259521127, 0.0195266082883, 0.00905584543943, 0.00901931151748, 0.016883790493, 0.0685138404369, 0.0861003249884, 0.0460757948458, 0.0648989379406, 0.0303332787007, 0.030600797385, 0.0813343152404, 0.0919241830707, 0.0409114584327, 0.0604180470109, 0.0685600489378, 0.0202782079577, 0.0134161645547, 0.0156445093453, 0.0258119795471], "mean": [0.223894655704, 0.23914411664, 0.0922308042645, 0.0455063506961, 0.0478611141443, 0.0817319825292, 0.269342631102, 0.329244315624, 0.136607259512, 0.0262633040547, 0.0169996935874, 0.0245261769742, 0.0789799392223, 0.100791484118, 0.0583190992475, 0.082041323185, 0.101477622986, 0.051529891789, 0.0235392283648, 0.0224117040634, 0.0495754219592, 0.144663974643, 0.168622910976, 0.116133674979, 0.105486527085, 0.072586864233, 0.0722734704614, 0.172508984804, 0.192392483354, 0.110636338592, 0.110228553414, 0.108642086387, 0.0521308258176, 0.0344407856464, 0.0391945652664, 0.0763533860445]}, "tuning_equal_tempered_deviation": 0.189201965928, "chords_changes_rate": 0.0684652924538, "key_key": "E", "tuning_diatonic_strength": 0.504406929016, "key_scale": "major", "chords_number_rate": 0.00149132322986, "tuning_frequency": 434.193115234, "tuning_nontempered_energy_ratio": 0.968593537807, "chords_histogram": [5.54501104355, 0.230477228761, 3.24023866653, 0.0949023887515, 3.89099788666, 0.189804777503, 0.420282006264, 0, 0, 0, 0, 1.39642083645, 0.610086739063, 1.39642083645, 0.406724512577, 0.772776544094, 0.0677874162793, 9.53091144562, 3.66052055359, 17.3942508698, 12.0526027679, 16.1062908173, 22.8850326538, 0.108459867537], "key_strength": 0.583959877491, "chords_key": "A", "chords_strength": {"dmean2": 0.00860976334661, "median": 0.467727810144, "min": -1, "dvar2": 0.000603564432822, "dvar": 0.000347748224158, "dmean": 0.0105685386807, "max": 0.748876452446, "var": 0.0228789802641, "mean": 0.465954422951}, "chords_scale": "major", "hpcp_entropy": {"dmean2": 0.835834383965, "median": 1.64221203327, "min": 0, "dvar2": 0.556461691856, "dvar": 0.218570560217, "dmean": 0.497252762318, "max": 4.04459810257, "var": 0.518446028233, "mean": 1.58952856064}}, "metadata": {"audio_properties": {"equal_loudness": 0, "codec": "mp3", "downmix": "mix", "sample_rate": 44100, "analysis_sample_rate": 44100, "bit_rate": 216426, "md5_encoded": "7f5e84fa7e8061a91c5a83386182e2c1", "length": 342.491424561, "replay_gain": -10.5054225922, "lossless": false}, "version": {"essentia_build_sha": "70f2e5ece6736b2c40cc944ad0e695b16b925413", "essentia": "2.1-beta2", "extractor": "music 1.0", "essentia_git_sha": "v2.1_beta2"}, "tags": {"title": ["\u6681\u306e\u8eca"], "artist": ["\u7c73\u5009\u5343\u5c0b"], "copyright": ["\u30a2\u30ea\u30aa\u30e9\u30b8\u30e3\u30d1\u30f3"], "date": ["2011"], "genre": ["Jpop"], "length": ["342"], "album": ["\u6ce3\u3051\u308b\u30a2\u30cb\u30bd\u30f3"], "tracknumber": ["4"], "musicbrainz_recordingid": ["0d8633ef-4bf4-461a-8867-16633223d182"], "file_name": "1803069.mp3"}}, "rhythm": {"bpm_histogram_first_peak_bpm": {"dmean2": 0, "median": 99, "min": 99, "dvar2": 0, "dvar": 0, "dmean": 0, "max": 99, "var": 0, "mean": 99}, "bpm": 98.9765167236, "bpm_histogram_second_peak_spread": {"dmean2": 0, "median": 0.272727310658, "min": 0.272727310658, "dvar2": 0, "dvar": 0, "dmean": 0, "max": 0.272727310658, "var": 0, "mean": 0.272727310658}, "bpm_histogram_first_peak_weight": {"dmean2": 0, "median": 0.823943674564, "min": 0.823943674564, "dvar2": 0, "dvar": 0, "dmean": 0, "max": 0.823943674564, "var": 0, "mean": 0.823943674564}, "onset_rate": 3.78095626831, "beats_position": [0.545668900013, 1.1261677742, 1.71827661991, 2.32199549675, 2.92571425438, 3.52943301201, 4.13315200806, 4.76009082794, 5.3754196167, 5.9675283432, 6.57124710083, 7.17496585846, 7.77868461609, 8.39401340485, 9.0093421936, 9.61306095123, 10.2167797089, 10.8088884354, 11.412607193, 12.0279359818, 12.6316547394, 13.2237634659, 13.8390922546, 14.4428119659, 15.0465307236, 15.6386394501, 16.242357254, 16.8576869965, 17.4730148315, 18.088344574, 18.7152824402, 19.3190021515, 19.9227199554, 20.5032196045, 21.0953292847, 21.7106571198, 22.3143768311, 22.918094635, 23.5218143463, 24.1255321503, 24.7408618927, 25.3445796967, 25.9599094391, 26.563627243, 27.1789569855, 27.7942848206, 28.409614563, 29.0133323669, 29.6170520782, 30.2207698822, 30.8128795624, 31.4165973663, 32.0203170776, 32.6240348816, 33.2277526855, 33.843082428, 34.4468002319, 35.0505218506, 35.6542396545, 36.269569397, 36.8732872009, 37.4770050049, 38.0923347473, 38.7076644897, 39.3229942322, 39.9499320984, 40.5652618408, 41.1689796448, 41.761089325, 42.3531951904, 42.9453048706, 43.5374145508, 44.1411323547, 44.7332420349, 45.3485717773, 45.9522895813, 46.5676193237, 47.1829452515, 47.7982749939, 48.4136047363, 49.0173225403, 49.6210403442, 50.2247619629, 50.8168716431, 51.4089775085, 52.0010871887, 52.6164169312, 53.2201347351, 53.8354644775, 54.4391822815, 55.0545120239, 55.6582298279, 56.2619476318, 56.8656692505, 57.4693870544, 58.0847167969, 58.7000427246, 59.3269844055, 59.9307022095, 60.5344200134, 61.1265296936, 61.7186393738, 62.3223571777, 62.9144668579, 63.5181846619, 64.1335144043, 64.748840332, 65.3757781982, 65.9911117554, 66.6180496216, 67.2101593018, 67.8022689819, 68.4059829712, 69.0097045898, 69.6134262085, 70.2171401978, 70.8092498779, 71.4245758057, 72.0282974243, 72.632019043, 73.2473449707, 73.8626708984, 74.4663925171, 75.0701141357, 75.673828125, 76.2775497437, 76.8812713623, 77.4849853516, 78.0887069702, 78.6924285889, 79.2961425781, 79.8998641968, 80.5384140015, 81.1885681152, 81.8271179199, 82.4656677246, 83.1042175293, 83.742767334, 84.3813171387, 85.019859314, 85.6468048096, 86.2737426758, 86.9238967896, 87.5624465942, 88.270652771, 88.9904708862, 89.6058044434, 90.2095184326, 90.8132400513, 91.428565979, 92.0322875977, 92.6360092163, 93.2281188965, 93.8318328857, 94.4355545044, 95.039276123, 95.6546020508, 96.2699279785, 96.8736495972, 97.4773712158, 98.0810852051, 98.6848068237, 99.288520813, 99.8922424316, 100.49596405, 101.09967804, 101.703399658, 102.318725586, 102.934059143, 103.549385071, 104.153106689, 104.756820679, 105.360542297, 105.964263916, 106.579589844, 107.183311462, 107.787025452, 108.402359009, 108.994468689, 109.598182678, 110.201904297, 110.805618286, 111.397727966, 112.013061523, 112.616775513, 113.243713379, 113.859046936, 114.462760925, 115.054870605, 115.658592224, 116.262313843, 116.854415894, 117.469749451, 118.07346344, 118.688796997, 119.304122925, 119.907844543, 120.511566162, 121.12689209, 121.71900177, 122.322715759, 122.926437378, 123.541763306, 124.157096863, 124.760810852, 125.364532471, 125.968254089, 126.583580017, 127.198905945, 127.802627563, 128.406341553, 129.010070801, 129.602172852, 130.205886841, 130.821228027, 131.424942017, 132.028656006, 132.632385254, 133.236099243, 133.851425171, 134.45513916, 135.070480347, 135.685806274, 136.301132202, 136.904846191, 137.508575439, 138.112289429, 138.716003418, 139.308120728, 139.900222778, 140.492340088, 141.096054077, 141.711380005, 142.326705933, 142.94203186, 143.568969727, 144.172698975, 144.776412964, 145.380126953, 145.983856201, 146.58757019, 147.19128418, 147.795013428, 148.387115479, 148.979232788, 149.582946777, 150.186660767, 150.801986694, 151.417327881, 152.02104187, 152.624755859, 153.228485107, 153.832199097, 154.435913086, 155.039627075, 155.643356323, 156.258682251, 156.874008179, 157.477722168, 158.081451416, 158.673553467, 159.288879395, 159.904220581, 160.519546509, 161.123260498, 161.726974487, 162.330703735, 162.922805786, 163.526535034, 164.141860962, 164.745574951, 165.34928894, 165.953018188, 166.556732178, 167.172058105, 167.787384033, 168.391113281, 168.994827271, 169.610153198, 170.225479126, 170.829208374, 171.432922363, 172.036636353, 172.640365601, 173.24407959, 173.847793579, 174.451522827, 175.043624878, 175.647338867, 176.251068115, 176.854782104, 177.458496094, 178.073822021, 178.689163208, 179.292877197, 179.908203125, 180.511917114, 181.115646362, 181.719360352, 182.323074341, 182.938415527, 183.553741455, 184.157455444, 184.761169434, 185.364898682, 185.968612671, 186.583938599, 187.187667847, 187.779769897, 188.383483887, 188.998809814, 189.602539062, 190.194641113, 190.798370361, 191.413696289, 192.029022217, 192.632736206, 193.236465454, 193.840179443, 194.443893433, 195.047622681, 195.65133667, 196.255050659, 196.870376587, 197.485717773, 198.089431763, 198.70475769, 199.30847168, 199.912200928, 200.515914917, 201.108016968, 201.711746216, 202.315460205, 202.919174194, 203.522903442, 204.149841309, 204.765167236, 205.380493164, 205.984207153, 206.587936401, 207.191650391, 207.79536438, 208.399093628, 209.026031494, 209.722625732, 210.419219971, 211.104217529, 211.789199829, 212.474197388, 213.147567749, 213.809341431, 214.436279297, 215.039993286, 215.643707275, 216.247436523, 216.862762451, 217.478088379, 218.081817627, 218.697143555, 219.312469482, 219.916183472, 220.51991272, 221.123626709, 221.727340698, 222.331054688, 222.934783936, 223.538497925, 224.142211914, 224.757553101, 225.372879028, 225.976593018, 226.580307007, 227.184036255, 227.787750244, 228.391464233, 228.995193481, 229.598907471, 230.20262146, 230.806350708, 231.410064697, 232.013778687, 232.617507935, 233.221221924, 233.824935913, 234.428665161, 235.043991089, 235.659317017, 236.263031006, 236.866760254, 237.470474243, 238.074188232, 238.677902222, 239.28163147, 239.896957397, 240.500671387, 241.104400635, 241.708114624, 242.323440552, 242.927154541, 243.530883789, 244.134597778, 244.738311768, 245.342041016, 245.945755005, 246.549468994, 247.153198242, 247.76852417, 248.383850098, 248.987564087, 249.591293335, 250.195007324, 250.798721313, 251.414047241, 252.029388428, 252.633102417, 253.236816406, 253.840545654, 254.444259644, 255.047973633, 255.651702881, 256.255401611, 256.859130859, 257.462860107, 258.066558838, 258.670288086, 259.285614014, 259.900939941, 260.504669189, 261.108398438, 261.712097168, 262.315826416, 262.919555664, 263.523254395, 264.126983643, 264.730712891, 265.346038818, 265.949737549, 266.565063477, 267.168792725, 267.784118652, 268.3878479, 269.003173828, 269.606903076, 270.210601807, 270.814331055, 271.418029785, 272.021759033, 272.625488281, 273.229187012, 273.83291626, 274.436645508, 275.040344238, 275.644073486, 276.247802734, 276.851501465, 277.455230713, 278.070556641, 278.685882568, 279.289611816, 279.893341064, 280.497039795, 281.100769043, 281.716094971, 282.319824219, 282.923522949, 283.527252197, 284.130981445, 284.734680176, 285.350006104, 285.953735352, 286.5574646, 287.16116333, 287.776489258, 288.380218506, 288.995544434, 289.599273682, 290.20300293, 290.80670166, 291.410430908, 292.014129639, 292.617858887, 293.244812012, 293.848510742, 294.45223999, 295.055969238, 295.659667969, 296.263397217, 296.867126465, 297.470825195, 298.074554443, 298.678283691, 299.281982422, 299.88571167, 300.501037598, 301.116363525, 301.720092773, 302.323791504, 302.927520752, 303.54284668, 304.158172607, 304.761901855, 305.354003906, 305.946105957, 306.549835205, 307.153564453, 307.757263184, 308.360992432, 308.96472168, 309.56842041, 310.172149658, 310.775878906, 311.391204834, 312.006530762, 312.610229492, 313.21395874, 313.817687988, 314.421386719, 315.025115967, 315.640441895, 316.244171143, 316.85949707, 317.463226318, 318.066925049, 318.670654297, 319.285980225, 319.901306152, 320.5050354, 321.108734131, 321.724090576, 322.339416504, 322.943115234, 323.546844482, 324.15057373, 324.754272461, 325.358001709, 325.961730957, 326.565429688, 327.169158936, 327.772888184, 328.376586914, 328.980316162, 329.58404541, 330.210968018, 330.837921143, 331.45324707, 332.068572998, 332.683898926, 333.206329346, 333.717193604, 334.239624023, 334.68081665, 335.133605957, 335.586395264, 335.946289062, 336.317810059, 336.689331055, 337.060852051, 337.443969727, 337.82711792, 338.210235596, 338.593383789, 338.964904785, 339.336425781, 339.70791626, 340.102661133, 340.497406006, 340.892150879, 341.286895752, 341.681640625], "beats_loudness": {"dmean2": 0.0257469639182, "median": 0.0205278471112, "min": 0, "dvar2": 0.000657389988191, "dvar": 0.000245258706855, "dmean": 0.0148549918085, "max": 0.129710882902, "var": 0.000606684363447, "mean": 0.0262819081545}, "danceability": 0.998958230019, "bpm_histogram_second_peak_weight": {"dmean2": 0, "median": 0.0140845067799, "min": 0.0140845067799, "dvar2": 0, "dvar": 0, "dmean": 0, "max": 0.0140845067799, "var": 0, "mean": 0.0140845067799}, "beats_count": 569, "bpm_histogram_second_peak_bpm": {"dmean2": 0, "median": 94, "min": 94, "dvar2": 0, "dvar": 0, "dmean": 0, "max": 94, "var": 0, "mean": 94}, "bpm_histogram_first_peak_spread": {"dmean2": 0, "median": 0.111954391003, "min": 0.111954391003, "dvar2": 0, "dvar": 0, "dmean": 0, "max": 0.111954391003, "var": 0, "mean": 0.111954391003}, "beats_loudness_band_ratio": {"dmean2": [0.330738514662, 0.276411890984, 0.207051590085, 0.154883250594, 0.0861345827579, 0.068426810205], "median": [0.506948649883, 0.13052919507, 0.0952518060803, 0.0356524176896, 0.0176840070635, 0.0122856674716], "min": [0, 0, 0, 0, 0, 0], "dvar2": [0.081902705133, 0.0827315226197, 0.0465377755463, 0.042198035866, 0.0158646702766, 0.0202572997659], "dvar": [0.0319732315838, 0.0303086303174, 0.0169695895165, 0.0165587794036, 0.0058814403601, 0.00713998824358], "dmean": [0.191087514162, 0.159382894635, 0.120451360941, 0.090229794383, 0.0483446381986, 0.037904381752], "max": [0.998750448227, 0.958823561668, 0.735287129879, 0.8381472826, 0.604195177555, 0.720148861408], "var": [0.0911249220371, 0.0457879975438, 0.0201482791454, 0.0232774578035, 0.0065122935921, 0.0048451111652], "mean": [0.48783749342, 0.209118202329, 0.139936164021, 0.106338590384, 0.049131911248, 0.0324342660606]}}, "lowlevel": {"barkbands_spread": {"dmean2": 5.59276771545, "median": 11.0720863342, "min": 0.238250181079, "dvar2": 95.4728851318, "dvar": 45.3598670959, "dmean": 3.73755741119, "max": 111.715866089, "var": 159.326507568, "mean": 14.3399486542}, "melbands_spread": {"dmean2": 5.44344329834, "median": 10.394569397, "min": 0.249752268195, "dvar2": 112.504722595, "dvar": 64.7205886841, "dmean": 3.73639202118, "max": 243.021087646, "var": 422.887573242, "mean": 16.3698883057}, "hfc": {"dmean2": 5.81060743332, "median": 5.03415250778, "min": 1.0793217407e-16, "dvar2": 159.04888916, "dvar": 79.6043777466, "dmean": 4.1499171257, "max": 231.562271118, "var": 423.442138672, "mean": 13.605588913}, "barkbands_kurtosis": {"dmean2": 6.80818891525, "median": 5.20309638977, "min": -1.9602407217, "dvar2": 200.716766357, "dvar": 83.8842468262, "dmean": 4.40093898773, "max": 803.983337402, "var": 1335.22558594, "mean": 12.5248298645}, "gfcc": {"mean": [-96.7386016846, 115.620307922, -90.6927566528, 18.7011852264, -51.9155235291, 17.1761951447, -34.1189002991, 5.14262104034, -20.9996013641, -1.52540493011, -9.31318855286, -5.59457397461, -7.49112415314], "icov": [[7.19346789992e-05, -5.56784107175e-05, 0.000127726161736, -0.000165848279721, 0.000124713653349, -0.000162118318258, 8.92550524441e-05, -0.000179702081368, 8.02287031547e-05, -0.000285663234536, 0.000133989553433, -0.000187922865734, 9.85621882137e-05], [-5.56784107175e-05, 0.000839466054458, -0.000203430565307, 0.000529278593604, -0.000672145048156, 0.000408913561841, -0.000451140047517, 0.000603435910307, -0.000418762560003, 0.0012155061122, -0.000605734880082, 0.000747676938772, -0.000550510303583], [0.000127726161736, -0.000203430565307, 0.0012254009489, -0.000470106751891, -0.000149371058797, -0.000292722921586, -6.84578262735e-05, -0.000231923666433, -0.000380815385142, -0.000944420869928, 0.00070242898073, -0.00128315936308, 0.00060578121338], [-0.000165848279721, 0.000529278593604, -0.000470106751891, 0.00274028000422, -0.000407584273489, 0.000258420302998, -0.000286630674964, -0.000379542849259, -0.000909446098376, 0.000738323840778, -0.0011066806037, -5.37070482096e-05, -0.000549427466467], [0.000124713653349, -0.000672145048156, -0.000149371058797, -0.000407584273489, 0.00389092881233, -0.000229602912441, -0.00155826751143, -0.000705403275788, -0.0010027536191, -0.000646635831799, 0.0009345599683, -0.000173659267602, 0.000251853227383], [-0.000162118318258, 0.000408913561841, -0.000292722921586, 0.000258420302998, -0.000229602912441, 0.0047556576319, -0.000964856997598, 0.000539775996003, -9.85068400041e-05, -0.00065823312616, -0.000341333303368, 0.00167813617736, -0.00150441809092], [8.92550524441e-05, -0.000451140047517, -6.84578262735e-05, -0.000286630674964, -0.00155826751143, -0.000964856997598, 0.00565321231261, -0.00048834620975, 0.000205508695217, -0.00194345368072, -6.73228787491e-05, 0.000189531492651, 0.000181579263881], [-0.000179702081368, 0.000603435910307, -0.000231923666433, -0.000379542849259, -0.000705403275788, 0.000539775996003, -0.00048834620975, 0.00674514053389, -0.0018371042097, 0.00128301780205, -0.00055848370539, -0.00042433879571, 0.000164098950336], [8.02287031547e-05, -0.000418762560003, -0.000380815385142, -0.000909446098376, -0.0010027536191, -9.85068400041e-05, 0.000205508695217, -0.0018371042097, 0.00910369679332, -0.000833807862364, -0.000509359000716, -0.000504764961079, -0.000878843595274], [-0.000285663234536, 0.0012155061122, -0.000944420869928, 0.000738323840778, -0.000646635831799, -0.00065823312616, -0.00194345368072, 0.00128301780205, -0.000833807862364, 0.00958866532892, -0.00138487119693, 0.0014427221613, -0.000293819059152], [0.000133989553433, -0.000605734880082, 0.00070242898073, -0.0011066806037, 0.0009345599683, -0.000341333303368, -6.73228787491e-05, -0.00055848370539, -0.000509359000716, -0.00138487119693, 0.00833902973682, -0.00237823254429, -0.000445271696663], [-0.000187922865734, 0.000747676938772, -0.00128315936308, -5.37070482096e-05, -0.000173659267602, 0.00167813617736, 0.000189531492651, -0.00042433879571, -0.000504764961079, 0.0014427221613, -0.00237823254429, 0.0106404460967, -0.00128689862322], [9.85621882137e-05, -0.000550510303583, 0.00060578121338, -0.000549427466467, 0.000251853227383, -0.00150441809092, 0.000181579263881, 0.000164098950336, -0.000878843595274, -0.000293819059152, -0.000445271696663, -0.00128689862322, 0.00927864108235]], "cov": [[28826.8261719, -3176.59472656, -2262.72851562, 1458.41821289, -1512.0645752, 712.282958984, -696.11920166, 623.587158203, -298.674285889, 589.896118164, 81.7782363892, 282.98727417, -67.9070358276], [-3176.59472656, 2771.31054688, 295.456237793, -440.875091553, 600.071228027, -140.220901489, 296.918945312, -183.769226074, 126.018234253, -228.70753479, 19.5491142273, -145.087463379, 96.697479248], [-2262.72851562, 295.456237793, 1497.91748047, 169.587493896, 365.461486816, -2.90238881111, 210.344085693, 64.9296264648, 171.251037598, 81.1317062378, -25.9839763641, 113.903793335, -28.5028247833], [1458.41821289, -440.875091553, 169.587493896, 625.632080078, -4.21893787384, 34.6464118958, 5.71112918854, 138.556549072, 79.3247680664, 55.4024848938, 65.669883728, 92.7098312378, 12.7721347809], [-1512.0645752, 600.071228027, 365.461486816, -4.21893787384, 551.21307373, 3.53194332123, 228.177215576, 19.483587265, 115.583740234, 6.82006549835, -17.7600860596, -17.1083545685, 16.2942447662], [712.282958984, -140.220901489, -2.90238881111, 34.6464118958, 3.53194332123, 285.864562988, 53.8694419861, -1.52694094181, 0.413786143064, 72.4811553955, -0.0584901943803, -30.0126190186, 29.7507705688], [-696.11920166, 296.918945312, 210.344085693, 5.71112918854, 228.177215576, 53.8694419861, 302.565093994, 7.88669013977, 54.3662757874, 49.623588562, 1.9451905489, -19.8542957306, 12.1569595337], [623.587158203, -183.769226074, 64.9296264648, 138.556549072, 19.483587265, -1.52694094181, 7.88669013977, 210.249694824, 51.1934509277, 12.4813566208, 19.3573894501, 45.6309661865, -5.70916509628], [-298.674285889, 126.018234253, 171.251037598, 79.3247680664, 115.583740234, 0.413786143064, 54.3662757874, 51.1934509277, 160.495300293, 11.9304637909, 20.2223186493, 22.6074562073, 18.8118343353], [589.896118164, -228.70753479, 81.1317062378, 55.4024848938, 6.82006549835, 72.4811553955, 49.623588562, 12.4813566208, 11.9304637909, 169.875640869, 7.60906791687, 3.58335542679, -4.10544776917], [81.7782363892, 19.5491142273, -25.9839763641, 65.669883728, -17.7600860596, -0.0584901943803, 1.9451905489, 19.3573894501, 20.2223186493, 7.60906791687, 147.175186157, 32.9371948242, 19.7557067871], [282.98727417, -145.087463379, 113.903793335, 92.7098312378, -17.1083545685, -30.0126190186, -19.8542957306, 45.6309661865, 22.6074562073, 3.58335542679, 32.9371948242, 138.517959595, 4.66585683823], [-67.9070358276, 96.697479248, -28.5028247833, 12.7721347809, 16.2942447662, 29.7507705688, 12.1569595337, -5.70916509628, 18.8118343353, -4.10544776917, 19.7557067871, 4.66585683823, 124.341552734]]}, "spectral_energyband_middle_low": {"dmean2": 0.00371606857516, "median": 0.00443843333051, "min": 1.38039336682e-22, "dvar2": 5.71145646973e-05, "dvar": 2.38586417254e-05, "dmean": 0.00244886358269, "max": 0.125221461058, "var": 8.88541981112e-05, "mean": 0.00763248093426}, "melbands_crest": {"dmean2": 3.91504120827, "median": 16.0539398193, "min": 1.59886908531, "dvar2": 15.9667320251, "dvar": 6.45189094543, "dmean": 2.43342876434, "max": 35.7948303223, "var": 31.6391639709, "mean": 16.481344223}, "spectral_kurtosis": {"dmean2": 7.50306415558, "median": 5.60337638855, "min": -1.41301608086, "dvar2": 243.025695801, "dvar": 97.2810134888, "dmean": 4.70777702332, "max": 274.645294189, "var": 551.005187988, "mean": 13.4972658157}, "spectral_rms": {"dmean2": 0.000740840274375, "median": 0.00397789292037, "min": 3.1001043746e-12, "dvar2": 1.18911793834e-06, "dvar": 5.32009778453e-07, "dmean": 0.000496133056004, "max": 0.0132406195626, "var": 5.55319275009e-06, "mean": 0.00395871372893}, "zerocrossingrate": {"dmean2": 0.00984120648354, "median": 0.03369140625, "min": 0.001953125, "dvar2": 0.000200254842639, "dvar": 0.000177312947926, "dmean": 0.00835901126266, "max": 0.525390625, "var": 0.00311659974977, "mean": 0.0450434237719}, "silence_rate_60dB": {"dmean2": 0.0623771101236, "median": 0, "min": 0, "dvar2": 0.0670392587781, "dvar": 0.030216993764, "dmean": 0.0311864409596, "max": 1, "var": 0.177489489317, "mean": 0.230764016509}, "erbbands_kurtosis": {"dmean2": 1.76292252541, "median": 0.640138149261, "min": -1.88273096085, "dvar2": 9.04117584229, "dvar": 4.07183122635, "dmean": 1.15739119053, "max": 63.7931594849, "var": 24.78358078, "mean": 1.92251837254}, "erbbands": {"dmean2": [0.10292853415, 0.838892519474, 2.67634034157, 3.20233201981, 4.23315525055, 4.19387102127, 6.68763828278, 11.3997030258, 13.2695808411, 10.6238183975, 8.0335111618, 11.391292572, 11.4991083145, 16.3379173279, 15.3243970871, 9.34872531891, 11.2070970535, 12.1958751678, 14.4424800873, 22.0715274811, 6.09949970245, 6.50098848343, 4.34940910339, 3.78207349777, 6.14467763901, 4.07402944565, 3.04907155037, 1.55044829845, 1.47984278202, 1.48590409756, 1.60930001736, 1.56130111217, 1.05642724037, 0.539048671722, 0.344794481993, 0.208350479603, 0.101207487285, 0.0363706834614, 0.00675112847239, 0.000240566383582], "median": [0.0412965454161, 0.653272211552, 1.46175897121, 1.55904126167, 1.87929940224, 1.64185714722, 2.33781719208, 4.0714931488, 3.77883720398, 2.42241764069, 2.74671530724, 1.84612929821, 2.58416700363, 3.99361085892, 3.19030380249, 2.82140922546, 1.83917963505, 1.50882959366, 2.04962468147, 2.01980447769, 0.893307864666, 0.705482184887, 0.721559107304, 0.627569615841, 0.656120598316, 0.521067023277, 0.421547681093, 0.18802921474, 0.181688606739, 0.212038502097, 0.29721096158, 0.274032235146, 0.162142977118, 0.0617854744196, 0.0209681857377, 0.00773267354816, 0.00207355082966, 0.000307284877636, 2.60910364887e-05, 2.15962882066e-05], "min": [2.15479833284e-23, 2.04003582654e-22, 2.14998438174e-21, 2.40691302118e-21, 9.45340293441e-21, 1.9032474314e-20, 2.92139125098e-20, 9.04726985522e-20, 1.26987074504e-19, 1.06155370882e-19, 2.26666926584e-19, 3.00865570367e-19, 5.06603509134e-19, 8.69356897626e-19, 6.90017781873e-19, 1.0523899435e-18, 1.48674610207e-18, 1.8982517064e-18, 2.56761225514e-18, 2.91253209492e-18, 3.02799968419e-18, 3.870691174e-18, 5.75922557616e-18, 5.460008706e-18, 5.68877791211e-18, 6.39940174532e-18, 8.57213472643e-18, 9.09392191119e-18, 1.10916747599e-17, 9.04902502909e-18, 1.12675771987e-17, 1.12968312682e-17, 1.03770328969e-17, 7.56404805955e-18, 5.93278709382e-18, 4.20920408634e-18, 2.3729814133e-18, 1.01985899796e-18, 2.54277672594e-19, 2.20881198865e-20], "dvar2": [0.0750305280089, 3.39755892754, 34.8062171936, 65.2411651611, 113.582984924, 129.937530518, 374.243225098, 973.193725586, 2001.11730957, 1766.83959961, 941.649963379, 2563.61401367, 1900.26513672, 5068.90283203, 3815.48950195, 1490.84265137, 3702.09521484, 6634.49902344, 6611.36914062, 10531.6474609, 660.122375488, 2376.51928711, 372.01965332, 264.355926514, 411.969451904, 204.924102783, 102.161628723, 30.4831104279, 36.6691398621, 31.2863044739, 22.1978969574, 15.57218647, 7.90318346024, 3.22620892525, 1.62397265434, 0.597218692303, 0.164815559983, 0.0328691974282, 0.00130659365095, 1.63058211911e-06], "dvar": [0.0294751413167, 1.25395524502, 12.5113677979, 23.0754299164, 40.9174575806, 50.8262367249, 162.046676636, 433.263763428, 805.871337891, 726.619812012, 403.584320068, 1185.06091309, 990.82208252, 2825.61987305, 2097.34204102, 1014.40368652, 2369.42089844, 3553.89672852, 3473.90625, 5309.24707031, 332.513549805, 1144.65649414, 198.696502686, 157.025405884, 217.696929932, 107.668075562, 52.8045501709, 13.542096138, 16.8817195892, 15.720287323, 9.70146465302, 7.33527421951, 3.66742277145, 1.27366864681, 0.60569858551, 0.22888186574, 0.0666526630521, 0.0131195262074, 0.000520177767612, 6.5094582169e-07], "dmean": [0.0625365450978, 0.505658388138, 1.57216417789, 1.88651800156, 2.54327702522, 2.57153725624, 4.37647867203, 7.5591340065, 8.39086151123, 6.95018005371, 5.36048603058, 8.22507953644, 8.6138048172, 12.4650917053, 11.6358242035, 7.29511880875, 8.28301334381, 8.55399608612, 10.3837871552, 15.2519664764, 4.22190570831, 4.65198564529, 3.05444836617, 2.75171923637, 4.2445936203, 2.94109320641, 2.17807197571, 1.06380820274, 0.999193847179, 1.01448822021, 1.07238149643, 1.05654120445, 0.706444501877, 0.347198575735, 0.210814252496, 0.126695200801, 0.0619038753211, 0.0221176669002, 0.00410067243502, 0.000146332808072], "max": [2.88928508759, 19.3770236969, 62.98670578, 80.1439971924, 152.368591309, 308.682830811, 431.42565918, 733.714111328, 1510.19628906, 1149.41162109, 684.48626709, 1759.20068359, 1534.88220215, 2479.15283203, 1997.66052246, 1434.14758301, 2803.45141602, 4472.64941406, 2711.43188477, 3075.96557617, 898.657165527, 1594.62536621, 653.855529785, 669.737182617, 592.157653809, 446.041229248, 293.06439209, 162.024414062, 197.364379883, 146.150466919, 104.611114502, 63.2164306641, 65.1268920898, 45.8198280334, 23.1150569916, 13.3155755997, 5.26939582825, 2.79792189598, 0.519595384598, 0.0157901793718], "var": [0.0885483846068, 2.8094534874, 20.3705711365, 38.530166626, 72.4914474487, 96.390335083, 472.113372803, 1545.17578125, 1371.54516602, 2008.45935059, 889.046508789, 2924.78955078, 4395.8359375, 10477.2001953, 11900.8154297, 4526.76464844, 8500.89355469, 16186.671875, 11384.2177734, 19473.2480469, 1229.92541504, 3857.91748047, 868.05657959, 565.325317383, 1140.07458496, 577.542541504, 356.586639404, 30.017698288, 31.1537055969, 32.4759979248, 22.5070991516, 24.5910339355, 8.47348880768, 1.56772398949, 0.53241276741, 0.203293010592, 0.0622833818197, 0.0114028714597, 0.00043809573981, 5.44128454294e-07], "mean": [0.20665691793, 1.33836615086, 3.25322175026, 3.85314178467, 4.66921663284, 4.80114650726, 9.33300113678, 18.8783073425, 15.799908638, 16.8546085358, 11.4108438492, 17.7625255585, 21.8332710266, 29.4593582153, 33.7301254272, 17.9168186188, 18.9677314758, 23.7931404114, 22.981136322, 35.6117706299, 9.53261089325, 10.8786067963, 7.05475234985, 6.33708143234, 9.89263057709, 8.05962657928, 5.77353429794, 1.97622954845, 1.71578466892, 1.82091522217, 2.07356476784, 2.17805409431, 1.25513350964, 0.485978096724, 0.225578099489, 0.125529274344, 0.05767512694, 0.0189599767327, 0.00338518293574, 0.000141143216752]}, "spectral_strongpeak": {"dmean2": 0.680844783783, "median": 0.319587111473, "min": 0, "dvar2": 2.56224656105, "dvar": 1.09715116024, "dmean": 0.406204253435, "max": 15.9000463486, "var": 2.97815084457, "mean": 0.962749898434}, "spectral_energy": {"dmean2": 0.008246505633, "median": 0.0162192229182, "min": 9.85091249415e-21, "dvar2": 0.000231992948102, "dvar": 9.85144506558e-05, "dmean": 0.00540002994239, "max": 0.179696843028, "var": 0.000481660768855, "mean": 0.0217552538961}, "average_loudness": 0.325176119804, "spectral_rolloff": {"dmean2": 384.296691895, "median": 559.86328125, "min": 43.06640625, "dvar2": 1122071.375, "dvar": 505128.84375, "dmean": 224.42401123, "max": 19853.6132812, "var": 4267672, "mean": 1065.91918945}, "spectral_centroid": {"dmean2": 213.121673584, "median": 689.025878906, "min": 114.796058655, "dvar2": 106029.773438, "dvar": 60117.8476562, "dmean": 149.586044312, "max": 11800.3525391, "var": 1328316.375, "mean": 966.281433105}, "pitch_salience": {"dmean2": 0.0866448506713, "median": 0.465787112713, "min": 0.0774688944221, "dvar2": 0.00760595547035, "dvar": 0.00309158116579, "dmean": 0.0539862699807, "max": 0.865323185921, "var": 0.0153455678374, "mean": 0.46980497241}, "spectral_energyband_middle_high": {"dmean2": 0.00158258562442, "median": 0.000680359255057, "min": 1.04618405084e-21, "dvar2": 1.9657842131e-05, "dvar": 1.16372084449e-05, "dmean": 0.0012022072915, "max": 0.0928869247437, "var": 8.768196858e-05, "mean": 0.00428338302299}, "spectral_contrast_coeffs": {"dmean2": [0.0660756081343, 0.0605764910579, 0.0504321753979, 0.0435889326036, 0.0368959493935, 0.0267203766853], "median": [-0.663338959217, -0.702520549297, -0.726056575775, -0.753987908363, -0.782670736313, -0.803861141205], "min": [-0.980511665344, -0.981027543545, -0.976843357086, -0.970968782902, -0.968689858913, -0.964277327061], "dvar2": [0.00325668975711, 0.00296956277452, 0.00201694155112, 0.00147958856542, 0.00121899996884, 0.000599197926931], "dvar": [0.00120158528443, 0.00130277872086, 0.000963227590546, 0.000713840476237, 0.000631572271232, 0.000286998809315], "dmean": [0.0396462082863, 0.0380385033786, 0.0330405905843, 0.0288262609392, 0.0244899373502, 0.0177820939571], "max": [-0.306130379438, -0.350943088531, -0.415520399809, -0.40128326416, -0.488079756498, -0.605327546597], "var": [0.00773499673232, 0.0091204661876, 0.00844376999885, 0.0076158316806, 0.00642275717109, 0.00240054680035], "mean": [-0.659735620022, -0.693792164326, -0.71600073576, -0.740922629833, -0.767592430115, -0.802742242813]}, "melbands_skewness": {"dmean2": 0.943633317947, "median": 2.67596125603, "min": -2.2467019558, "dvar2": 1.29165625572, "dvar": 0.611077368259, "dmean": 0.629326820374, "max": 17.8511428833, "var": 4.2336139679, "mean": 2.99787378311}, "spectral_spread": {"dmean2": 1011966.1875, "median": 4347263, "min": 444048.125, "dvar2": 2063552348160.0, "dvar": 1060027760640.0, "dmean": 711246.8125, "max": 43175588, "var": 16366663893000.0, "mean": 4771305.5}, "dissonance": {"dmean2": 0.0431816913188, "median": 0.437758982182, "min": 0.119356252253, "dvar2": 0.00166001857724, "dvar": 0.000625560991466, "dmean": 0.025859253481, "max": 0.500000119209, "var": 0.00217514648102, "mean": 0.428703278303}, "spectral_skewness": {"dmean2": 0.599484622478, "median": 2.01220417023, "min": -0.300645709038, "dvar2": 0.737001657486, "dvar": 0.308612763882, "dmean": 0.392342537642, "max": 13.433631897, "var": 2.53958797455, "mean": 2.48436641693}, "spectral_flux": {"dmean2": 0.0294333212078, "median": 0.0374513044953, "min": 6.33213828594e-11, "dvar2": 0.00135691498872, "dvar": 0.000595441262703, "dmean": 0.019030528143, "max": 0.32327401638, "var": 0.002128923079, "mean": 0.0510738827288}, "spectral_contrast_valleys": {"dmean2": [0.599692821503, 0.492164283991, 0.472305238247, 0.461510896683, 0.446713477373, 0.530631899834], "median": [-7.19835519791, -7.50233125687, -8.30006885529, -9.05592536926, -9.11868286133, -10.9864187241], "min": [-28.0412387848, -28.1541290283, -27.9181652069, -27.6825561523, -27.4749298096, -27.3872108459], "dvar2": [0.273639947176, 0.194357305765, 0.193027287722, 0.193757638335, 0.228664040565, 0.386657714844], "dvar": [0.112550891936, 0.0876403525472, 0.0902003347874, 0.0974148437381, 0.123102203012, 0.217836886644], "dmean": [0.363989233971, 0.308878660202, 0.302819430828, 0.306325703859, 0.320330530405, 0.400285661221], "max": [-5.17755460739, -4.60730838776, -5.66306877136, -5.94787120819, -6.0959482193, -7.51655960083], "var": [5.59513759613, 4.8232884407, 4.55777311325, 4.61249542236, 5.36405420303, 5.48240947723], "mean": [-7.88382101059, -7.74402952194, -8.57604503632, -9.36353302002, -9.52962875366, -11.4927473068]}, "erbbands_flatness_db": {"dmean2": 0.0253026429564, "median": 0.185589820147, "min": 0.0267751738429, "dvar2": 0.000791616039351, "dvar": 0.000412310560932, "dmean": 0.0182443615049, "max": 0.47329223156, "var": 0.00424775155261, "mean": 0.184538468719}, "spectral_energyband_high": {"dmean2": 0.000316312973155, "median": 6.55463445582e-05, "min": 7.05262429757e-21, "dvar2": 7.0104107408e-07, "dvar": 3.23328833929e-07, "dmean": 0.000217072825762, "max": 0.0117076309398, "var": 8.07312289908e-07, "mean": 0.000440652424004}, "spectral_entropy": {"dmean2": 0.290954649448, "median": 6.84234189987, "min": 4.43654823303, "dvar2": 0.107087157667, "dvar": 0.0570978447795, "dmean": 0.207075074315, "max": 9.82366943359, "var": 0.582140564919, "mean": 6.85960292816}, "silence_rate_20dB": {"dmean2": 0, "median": 1, "min": 1, "dvar2": 0, "dvar": 0, "dmean": 0, "max": 1, "var": 0, "mean": 1}, "melbands_flatness_db": {"dmean2": 0.034175477922, "median": 0.267628669739, "min": 0.00306412554346, "dvar2": 0.00159757188521, "dvar": 0.000864205765538, "dmean": 0.0246135219932, "max": 0.772788465023, "var": 0.0131456879899, "mean": 0.289227455854}, "barkbands": {"dmean2": [0.000322972715367, 0.00349200097844, 0.00236626155674, 0.0013473990839, 0.00116519920994, 0.00123182276729, 0.000885726534761, 0.000391376262996, 0.000563492998481, 0.000369393237634, 0.000463721749838, 0.000256829982391, 0.000337016623234, 0.000272159581073, 0.000467176287202, 0.000144431745866, 0.000122947443742, 8.74892866705e-05, 0.000114023896458, 8.94300756045e-05, 6.21361177764e-05, 4.39533323515e-05, 5.39113316336e-05, 6.98295989423e-05, 4.65419325337e-05, 5.24806710018e-05, 3.64154584531e-05], "median": [4.96617622048e-06, 0.00271960487589, 0.00112241262104, 0.000375399336917, 0.000575484300498, 0.000502737180796, 0.000146163554746, 0.000101041077869, 7.07871440682e-05, 8.9030188974e-05, 3.06899091811e-05, 5.88165057707e-05, 3.17704252666e-05, 2.01893544727e-05, 5.04939671373e-05, 1.26223167172e-05, 1.22027840916e-05, 1.16267965495e-05, 1.30435319079e-05, 9.97979714157e-06, 7.28255417926e-06, 5.58035435461e-06, 9.65775871009e-06, 1.1778633052e-05, 3.85408520742e-06, 1.37608367368e-06, 9.04799364321e-08], "min": [5.93396654303e-25, 2.18572530909e-24, 9.12538320726e-25, 4.24087579735e-25, 7.59385354156e-24, 8.7427166429e-24, 8.5569201782e-24, 6.41932879497e-24, 1.02754284167e-23, 1.33174582941e-23, 1.39166707268e-23, 2.25227077515e-23, 3.04123549447e-23, 2.63480441645e-23, 4.57001511217e-23, 4.6672952302e-23, 5.64804023972e-23, 8.90257930534e-23, 1.24750148007e-22, 1.48091923726e-22, 2.27136404896e-22, 3.20028070769e-22, 3.87369503798e-22, 6.23874875188e-22, 9.51215497222e-22, 1.21977848448e-21, 1.76453316048e-21], "dvar2": [1.63432321187e-06, 6.11061259406e-05, 2.98022168863e-05, 1.26608865685e-05, 7.41457461118e-06, 9.94924539555e-0