{"tonal": {"thpcp": [1, 0.521287322044, 0.0287396442145, 0.00877669081092, 0.00848917290568, 0.0178091134876, 0.0738563835621, 0.127497464418, 0.111908815801, 0.0706561803818, 0.0486120432615, 0.104864940047, 0.223905384541, 0.20101994276, 0.0764255300164, 0.0290855243802, 0.0234899297357, 0.0238030087203, 0.0334849245846, 0.0406100228429, 0.0682932436466, 0.230250358582, 0.269345283508, 0.100739479065, 0.0180256236345, 0.0113952066749, 0.0255584083498, 0.12225754559, 0.161141484976, 0.07034753263, 0.01835934259, 0.0149212116376, 0.0307732746005, 0.0842665284872, 0.103961028159, 0.544783353806], "hpcp": {"dmean2": [0.173526763916, 0.162145495415, 0.102154828608, 0.061801251024, 0.0448333434761, 0.0431203767657, 0.0459237061441, 0.0527643710375, 0.0822029262781, 0.15126092732, 0.157099142671, 0.0940579771996, 0.0335732512176, 0.021689562127, 0.0413942746818, 0.100375369191, 0.113856360316, 0.0683885216713, 0.0320845544338, 0.0284635052085, 0.0454687364399, 0.0894018411636, 0.11364492774, 0.229164168239, 0.350811392069, 0.197754099965, 0.0390923023224, 0.0195743087679, 0.0175406225026, 0.0347715206444, 0.117283463478, 0.171352371573, 0.172014728189, 0.155277326703, 0.112824372947, 0.137319222093], "median": [0.014317618683, 0.0164735428989, 0.00544436601922, 0.00047977163922, 0.000392440124415, 0.000696288829204, 0.00133635103703, 0.0015284284018, 0.00948046706617, 0.0305328965187, 0.0376566573977, 0.0125386361033, 0.000547064817511, 0.000337819568813, 0.00247545074672, 0.023397564888, 0.0376714393497, 0.0156492963433, 0.000662534730509, 0.000379076518584, 0.00255496846512, 0.0102703245357, 0.0153414234519, 0.510461866856, 1, 0.489208400249, 0.000881748797838, 0.000250829762081, 0.000303456443362, 0.00060170434881, 0.00313902553171, 0.0049744239077, 0.00260600913316, 0.000399819633458, 0.000524687464349, 0.00349849043414], "min": [0, 0, 0, 0, 0, 0, 0, 0, 0, 0, 0, 0, 0, 0, 0, 0, 0, 0, 0, 0, 0, 0, 0, 0, 0, 0, 0, 0, 0, 0, 0, 0, 0, 0, 0, 0], "dvar2": [0.108496546745, 0.0931746065617, 0.0651045069098, 0.0444329418242, 0.0272816233337, 0.0225195232779, 0.0241774395108, 0.0309404004365, 0.0405462868512, 0.0703548267484, 0.0765167027712, 0.0488989464939, 0.0198486223817, 0.010903195478, 0.00910061784089, 0.0316876843572, 0.0416750572622, 0.0128903659061, 0.00604710588232, 0.00851745996624, 0.0113636394963, 0.0342204272747, 0.045425247401, 0.0900882408023, 0.311419993639, 0.0801319330931, 0.0162579994649, 0.0100340573117, 0.00761939585209, 0.0153364287689, 0.0949791818857, 0.152584388852, 0.155909568071, 0.150624066591, 0.0920901373029, 0.0935969501734], "dvar": [0.0413788333535, 0.0358612276614, 0.0243568588048, 0.0154618686065, 0.00952124968171, 0.0079342937097, 0.00877497158945, 0.0113973515108, 0.0144709767774, 0.0275429729372, 0.0308236479759, 0.0178726091981, 0.00709296250716, 0.00373204168864, 0.00318199885078, 0.0123930517584, 0.0170072149485, 0.00489576021209, 0.00216709938832, 0.00301401480101, 0.00398361263797, 0.0124331135303, 0.0160791184753, 0.0336796864867, 0.115711890161, 0.0305191148072, 0.00572311878204, 0.00338130351156, 0.00257706153207, 0.00521729467437, 0.0322061926126, 0.0530880987644, 0.0556112900376, 0.0518776625395, 0.0315100550652, 0.0337834730744], "dmean": [0.100724235177, 0.0964411720634, 0.0576799623668, 0.0325525328517, 0.0240920633078, 0.0234337411821, 0.0257346276194, 0.0293898954988, 0.0468817763031, 0.0920340418816, 0.0958919897676, 0.055421449244, 0.0178671274334, 0.0114001585171, 0.0222742352635, 0.0592698939145, 0.0680845379829, 0.0402973890305, 0.0175061058253, 0.0153705170378, 0.0252428483218, 0.0510675683618, 0.0635036304593, 0.124904990196, 0.184554129839, 0.107024595141, 0.0218610633165, 0.0100960843265, 0.00915261730552, 0.0183529164642, 0.063102543354, 0.0940479189157, 0.0945898219943, 0.0813043788075, 0.0580867752433, 0.0773491114378], "max": [1, 1, 1, 1, 1, 1, 1, 1, 1, 1, 1, 1, 1, 1, 1, 1, 1, 1, 0.913628160954, 1, 1, 1, 1, 1, 1, 1, 1, 1, 1, 1, 1, 1, 1, 1, 1, 1], "var": [0.0819429755211, 0.0669037476182, 0.0214521866292, 0.00901807844639, 0.00587150407955, 0.00504413992167, 0.00716350553557, 0.0106852315366, 0.0124373938888, 0.0682370737195, 0.0863419100642, 0.0197744108737, 0.00525454757735, 0.00272938795388, 0.00231216289103, 0.0252800118178, 0.0403571091592, 0.00679630599916, 0.00152782117948, 0.00190970732365, 0.0029534380883, 0.0165271069854, 0.0220621433109, 0.0546887665987, 0.191306069493, 0.054205454886, 0.00546043645591, 0.0017891630996, 0.00141304405406, 0.00307101523504, 0.0248593129218, 0.0523852035403, 0.0474175587296, 0.0315392352641, 0.0182945150882, 0.0314397141337], "mean": [0.150681018829, 0.135279864073, 0.0514318905771, 0.0195736084133, 0.0158079564571, 0.0160186477005, 0.0225342605263, 0.0273292213678, 0.045959122479, 0.154950976372, 0.181260585785, 0.0677943825722, 0.0121306572109, 0.00766860228032, 0.0171999745071, 0.0822753384709, 0.10844296217, 0.0473415963352, 0.0123552381992, 0.0100414883345, 0.0207094103098, 0.0567086264491, 0.0699623823166, 0.366621404886, 0.672967374325, 0.350809365511, 0.0193408429623, 0.00590642634779, 0.00571293616667, 0.0119849527255, 0.0497029349208, 0.0858016312122, 0.0753109827638, 0.0475493036211, 0.0327143184841, 0.0705706849694]}, "tuning_equal_tempered_deviation": 0.157382503152, "chords_changes_rate": 0.0387029275298, "key_key": "F", "tuning_diatonic_strength": 0.571251928806, "key_scale": "major", "chords_number_rate": 0.000915271986742, "tuning_frequency": 434.193115234, "tuning_nontempered_energy_ratio": 0.78949958086, "chords_histogram": [21.1166324615, 14.7489538193, 4.4194560051, 0.758368194103, 1.73901677132, 0, 0, 0, 1.33368206024, 0, 0.353033483028, 0, 0, 0, 0, 0.797594130039, 0.980648517609, 13.7290792465, 0.209205016494, 0, 0, 0.392259418964, 0.836820065975, 38.5852508545], "key_strength": 0.645488500595, "chords_key": "D", "chords_strength": {"dmean2": 0.00604741508141, "median": 0.464814245701, "min": -1, "dvar2": 0.000564306799788, "dvar": 0.000289895309834, "dmean": 0.0058905496262, "max": 0.81831240654, "var": 0.012431695126, "mean": 0.471970796585}, "chords_scale": "minor", "hpcp_entropy": {"dmean2": 0.74306678772, "median": 1.62014389038, "min": 0, "dvar2": 0.368441164494, "dvar": 0.136471986771, "dmean": 0.432183921337, "max": 4.00168895721, "var": 0.259491235018, "mean": 1.62012052536}}, "metadata": {"audio_properties": {"equal_loudness": 0, "codec": "mp3", "downmix": "mix", "sample_rate": 44100, "analysis_sample_rate": 44100, "bit_rate": 320000, "md5_encoded": "4f70088f247df6373861911d39c99378", "length": 355.082458496, "replay_gain": -8.97756385803, "lossless": false}, "version": {"essentia_build_sha": "70f2e5ece6736b2c40cc944ad0e695b16b925413", "essentia": "2.1-beta2", "extractor": "music 1.0", "essentia_git_sha": "v2.1_beta2"}, "tags": {"title": ["\u3086\u3081\u306e\u3042\u3068\u3067"], "media": ["Digital Media"], "albumartist": ["Various Artists"], "musicbrainz_releasegroupid": ["22628619-c5ff-4b3b-b1fc-28f6d56fe5d7"], "musicbrainz_recordingid": ["0d8611cb-cb2a-487f-81a0-e2056a5bacb1"], "musicbrainz_albumartistid": ["89ad4ac3-39f7-470e-963a-56509c546377"], "copyrighturl": ["http://creativecommons.org/licenses/by/3.0/"], "discnumber": ["1/1"], "bpm": ["140"], "catalognumber": ["KSMN-015"], "musicbrainz album release country": ["XW"], "musicbrainz album type": ["album/compilation"], "musicbrainz album status": ["official"], "date": ["2012"], "file_name": "01.mp3", "album": ["\u3086\u3081\u306b\u3063\u304d\u30b3\u30f3\u30d4\u30ec\u30fc\u30b7\u30e7\u30f3"], "script": ["Jpan"], "originaldate": ["2012"], "musicbrainz_albumid": ["d756df03-4f9e-4358-883e-2c72f0476399"], "tracknumber": ["1/7"], "encodedby": ["LAME in FL Studio 9"], "artistsort": ["Airtoxin"], "artist": ["airtoxin"], "label": ["Kusemono Records"], "albumartistsort": ["Various Artists"], "acoustid_id": ["e6ebf9e5-5f69-4c0c-94d6-1cda9fb2c7fa"], "musicbrainz_artistid": ["fc46c47e-4fad-4a79-a060-c99eeab41c0e"]}}, "rhythm": {"bpm_histogram_first_peak_bpm": {"dmean2": 0, "median": 117, "min": 117, "dvar2": 0, "dvar": 0, "dmean": 0, "max": 117, "var": 0, "mean": 117}, "bpm": 117.970909119, "bpm_histogram_second_peak_spread": {"dmean2": 0, "median": 0.266666710377, "min": 0.266666710377, "dvar2": 0, "dvar": 0, "dmean": 0, "max": 0.266666710377, "var": 0, "mean": 0.266666710377}, "bpm_histogram_first_peak_weight": {"dmean2": 0, "median": 0.713055968285, "min": 0.713055968285, "dvar2": 0, "dvar": 0, "dmean": 0, "max": 0.713055968285, "var": 0, "mean": 0.713055968285}, "onset_rate": 3.56234908104, "beats_position": [0.487619042397, 0.96362811327, 1.43963718414, 1.92725622654, 2.42648530006, 2.97215414047, 3.49460315704, 4.01705217361, 4.53950119019, 5.06195020676, 5.58439922333, 6.13006782532, 6.67573690414, 7.22140598297, 7.80190467834, 8.38240337372, 8.96290206909, 9.55501079559, 10.1471195221, 10.7392292023, 11.3313379288, 11.9234466553, 12.5155553818, 13.1076641083, 13.6533327103, 14.1873922348, 14.7330608368, 15.2787294388, 15.8360090256, 16.4281177521, 17.0202255249, 17.6123352051, 18.2044448853, 18.8081626892, 19.3422222137, 19.853061676, 20.363899231, 20.8747386932, 21.3855781555, 21.8964176178, 22.4072551727, 22.918094635, 23.4289340973, 23.9397735596, 24.4390010834, 24.9498405457, 25.4606800079, 25.9715194702, 26.4823570251, 26.9815864563, 27.4924259186, 28.0032653809, 28.5024929047, 29.0133323669, 29.5241718292, 30.0350112915, 30.5342407227, 31.0450782776, 31.5559177399, 32.0667572021, 32.5775947571, 33.0884361267, 33.5992736816, 34.1101112366, 34.6209526062, 35.1201820374, 35.6194114685, 36.1302490234, 36.6410865784, 37.151927948, 37.6627655029, 38.1736030579, 38.6844444275, 39.1952819824, 39.7061233521, 40.1937408447, 40.7045783997, 41.2154197693, 41.7262573242, 42.2254867554, 42.7479362488, 43.2587738037, 43.7696151733, 44.2688446045, 44.7796821594, 45.2789115906, 45.7897491455, 46.3005905151, 46.8114280701, 47.322265625, 47.8331069946, 48.3439445496, 48.8547821045, 49.3656234741, 49.8764610291, 50.3756904602, 50.8865280151, 51.3857574463, 51.8965988159, 52.4074363708, 52.9182739258, 53.4291152954, 53.9399528503, 54.4391822815, 54.9500198364, 55.4608612061, 55.971698761, 56.4709281921, 56.9817695618, 57.4926071167, 58.0034446716, 58.5026741028, 59.0251235962, 59.5359611511, 60.0468025208, 60.5576400757, 61.0684814453, 61.5677070618, 62.0669364929, 62.5777778625, 63.0886154175, 63.5878448486, 64.0870742798, 64.5979156494, 65.1087493896, 65.6195907593, 66.1304321289, 66.6296615601, 67.1521072388, 67.6629486084, 68.1737823486, 68.6846237183, 69.1954650879, 69.7062988281, 70.2171401978, 70.7163696289, 71.2272109985, 71.7264404297, 72.2372741699, 72.7481155396, 73.2589569092, 73.7697982788, 74.280632019, 74.7914733887, 75.2907028198, 75.789932251, 76.3007659912, 76.8116073608, 77.3224487305, 77.8332901001, 78.3441238403, 78.8433532715, 79.3541946411, 79.8534240723, 80.3642578125, 80.8750991821, 81.3859405518, 81.8967819214, 82.4076156616, 82.9184570312, 83.4292984009, 83.928527832, 84.4277572632, 84.9385910034, 85.449432373, 85.9602737427, 86.4711074829, 86.9819488525, 87.4927902222, 88.0036239624, 88.514465332, 89.0136947632, 89.5129241943, 90.023765564, 90.5345993042, 91.0338287354, 91.544670105, 92.0671157837, 92.5779571533, 93.0887985229, 93.5996322632, 94.1104736328, 94.6213150024, 95.1205444336, 95.6197738647, 96.130607605, 96.6414489746, 97.1522903442, 97.6631240845, 98.1739654541, 98.6848068237, 99.1840362549, 99.683265686, 100.194099426, 100.704940796, 101.215782166, 101.726615906, 102.237457275, 102.748298645, 103.259140015, 103.769973755, 104.269203186, 104.768432617, 105.279273987, 105.790107727, 106.300949097, 106.811790466, 107.322631836, 107.833465576, 108.344306946, 108.855148315, 109.354377747, 109.865211487, 110.376052856, 110.886894226, 111.386123657, 111.896957397, 112.407798767, 112.918640137, 113.429473877, 113.928703308, 114.427932739, 114.938774109, 115.449615479, 115.960449219, 116.471290588, 116.982131958, 117.492965698, 118.003807068, 118.514648438, 119.025482178, 119.524711609, 120.02394104, 120.53478241, 121.045623779, 121.55645752, 122.067298889, 122.578140259, 123.088973999, 123.599815369, 124.0990448, 124.598274231, 125.109115601, 125.619949341, 126.13079071, 126.64163208, 127.15246582, 127.66330719, 128.17414856, 128.6849823, 129.195831299, 129.695053101, 130.194290161, 130.705123901, 131.215957642, 131.726806641, 132.237640381, 132.748474121, 133.25932312, 133.77015686, 134.269378662, 134.768615723, 135.279449463, 135.790298462, 136.301132202, 136.811965942, 137.322814941, 137.833648682, 138.344482422, 138.855331421, 139.366165161, 139.865386963, 140.364624023, 140.875457764, 141.386306763, 141.897140503, 142.407974243, 142.918823242, 143.429656982, 143.928878784, 144.428115845, 144.938949585, 145.449798584, 145.960632324, 146.471466064, 146.982315063, 147.493148804, 148.003982544, 148.514831543, 149.025665283, 149.536499023, 150.035736084, 150.534957886, 151.045806885, 151.556640625, 152.067474365, 152.578323364, 153.089157104, 153.599990845, 154.099227905, 154.598449707, 155.109298706, 155.620132446, 156.130966187, 156.641815186, 157.152648926, 157.663482666, 158.174331665, 158.685165405, 159.195999146, 159.706848145, 160.206069946, 160.705307007, 161.216140747, 161.726974487, 162.237823486, 162.748657227, 163.259490967, 163.770339966, 164.269561768, 164.768798828, 165.279632568, 165.790466309, 166.301315308, 166.812149048, 167.322982788, 167.833831787, 168.344665527, 168.855514526, 169.366348267, 169.877182007, 170.364807129, 170.875640869, 171.386474609, 171.897323608, 172.408157349, 172.919006348, 173.429840088, 173.940673828, 174.439910889, 174.950744629, 175.449981689, 175.96081543, 176.47164917, 176.982498169, 177.493331909, 178.004165649, 178.515014648, 179.025848389, 179.536682129, 180.047531128, 180.54675293, 181.04598999, 181.55682373, 182.067657471, 182.57850647, 183.08934021, 183.60017395, 184.111022949, 184.610244751, 185.109481812, 185.620315552, 186.131149292, 186.641998291, 187.152832031, 187.663665771, 188.174514771, 188.673736572, 189.184570312, 189.695419312, 190.194641113, 190.705490112, 191.216323853, 191.727157593, 192.238006592, 192.748840332, 193.259674072, 193.770523071, 194.281356812, 194.780578613, 195.291427612, 195.790649414, 196.301498413, 196.812332153, 197.323165894, 197.834014893, 198.344848633, 198.844070435, 199.343307495, 199.854141235, 200.364990234, 200.875823975, 201.386657715, 201.897506714, 202.408340454, 202.919174194, 203.430023193, 203.940856934, 204.451690674, 204.950927734, 205.450149536, 205.960998535, 206.471832275, 206.982666016, 207.493515015, 208.004348755, 208.515182495, 209.026031494, 209.536865234, 210.036102295, 210.546936035, 211.046157837, 211.557006836, 212.067840576, 212.578674316, 213.089523315, 213.600357056, 214.111190796, 214.622039795, 215.121261597, 215.620498657, 216.131332397, 216.642166138, 217.153015137, 217.663848877, 218.174682617, 218.685531616, 219.184753418, 219.683990479, 220.194824219, 220.717269897, 221.216506958, 221.727340698, 222.238174438, 222.749023438, 223.259857178, 223.770706177, 224.281539917, 224.792373657, 225.291610718, 225.79083252, 226.30166626, 226.812515259, 227.323348999, 227.834197998, 228.345031738, 228.855865479, 229.355102539, 229.854324341, 230.36517334, 230.87600708, 231.38684082, 231.886077881, 232.385299683, 232.896133423, 233.406982422, 233.917816162, 234.428665161, 234.95111084, 235.450332642, 235.961181641, 236.472015381, 236.982849121, 237.49369812, 237.992919922, 238.492156982, 239.002990723, 239.513824463, 240.024673462, 240.535507202, 241.046340942, 241.557189941, 242.068023682, 242.578857422, 243.089706421, 243.588928223, 244.099761963, 244.598999023, 245.109832764, 245.620681763, 246.131515503, 246.642349243, 247.153198242, 247.664031982, 248.174865723, 248.685714722, 249.196548462, 249.707382202, 250.206619263, 250.705841064, 251.216690063, 251.727523804, 252.238357544, 252.749206543, 253.260040283, 253.770874023, 254.270111084, 254.769332886, 255.280181885, 255.791015625, 256.301849365, 256.812683105, 257.323547363, 257.822753906, 258.321990967, 258.821228027, 259.343658447, 259.854522705, 260.365356445, 260.876190186, 261.387023926, 261.897857666, 262.408691406, 262.931152344, 263.349121094, 263.767059326, 264.173431396, 264.556549072, 264.939666748, 265.322814941, 265.705932617, 266.089050293, 266.472198486, 266.855316162, 267.238464355, 267.644805908, 268.051147461, 268.457489014, 268.863861084, 269.258575439, 269.641723633, 270.024841309, 270.535675049, 271.046539307, 271.557373047, 272.068206787, 272.579040527, 273.089874268, 273.600708008, 274.111572266, 274.610778809, 275.110015869, 275.620849609, 276.13168335, 276.642547607, 277.153381348, 277.664215088, 278.175048828, 278.674285889, 279.173522949, 279.684356689, 280.19519043, 280.70602417, 281.21685791, 281.72769165, 282.238555908, 282.749389648, 283.248626709, 283.747833252, 284.258666992, 284.76953125, 285.28036499, 285.79119873, 286.302032471, 286.812866211, 287.323699951, 287.834564209, 288.345397949, 288.84463501, 289.343841553, 289.854675293, 290.365539551, 290.876373291, 291.387207031, 291.898040771, 292.408874512, 292.919708252, 293.418945312, 293.918182373, 294.429016113, 294.939849854, 295.450683594, 295.961547852, 296.472381592, 296.983215332, 297.494049072, 298.004882812, 298.504119873, 299.014953613, 299.514190674, 300.025024414, 300.535858154, 301.046691895, 301.557556152, 302.068389893, 302.579223633, 303.078460693, 303.577667236, 304.088531494, 304.599365234, 305.110198975, 305.621032715, 306.131866455, 306.642730713, 307.153564453, 307.652770996, 308.152008057, 308.662841797, 309.173675537, 309.684539795, 310.195373535, 310.706207275, 311.217041016, 311.727874756, 312.238739014, 312.749572754, 313.248779297, 313.748016357, 314.258850098, 314.769714355, 315.280548096, 315.791381836, 316.302215576, 316.813049316, 317.323883057, 317.834747314, 318.333953857, 318.833190918, 319.344024658, 319.854858398, 320.365722656, 320.876556396, 321.387390137, 321.898223877, 322.409057617, 322.919891357, 323.419128418, 323.918365479, 324.429199219, 324.940032959, 325.450866699, 325.961730957, 326.472564697, 326.983398438, 327.494232178, 328.005065918, 328.515899658, 329.015136719, 329.514373779, 330.02520752, 330.53604126, 331.03527832, 331.546112061, 332.068572998, 332.579406738, 333.090240479, 333.589477539, 334.0887146, 334.59954834, 335.11038208, 335.62121582, 336.132049561, 336.642883301, 337.153747559, 337.664581299, 338.163818359, 338.663024902, 339.173858643, 339.6847229, 340.195556641, 340.706390381, 341.217224121, 341.728057861, 342.238891602, 342.749755859, 343.248962402, 343.748199463, 344.259033203, 344.769866943, 345.280731201, 345.791564941, 346.302398682, 346.813232422, 347.324066162, 347.834899902, 348.34576416, 348.8565979, 349.355834961, 349.855041504, 350.365875244, 350.876739502, 351.375946045, 351.886810303, 352.397644043, 352.896850586, 353.384490967, 353.88369751, 354.417785645], "beats_loudness": {"dmean2": 0.197236701846, "median": 0.123946592212, "min": 0, "dvar2": 0.0276667494327, "dvar": 0.0115889078006, "dmean": 0.118169352412, "max": 0.586810469627, "var": 0.0154509227723, "mean": 0.159135699272}, "danceability": 1.2150233984, "bpm_histogram_second_peak_weight": {"dmean2": 0, "median": 0.0157819222659, "min": 0.0157819222659, "dvar2": 0, "dvar": 0, "dmean": 0, "max": 0.0157819222659, "var": 0, "mean": 0.0157819222659}, "beats_count": 698, "bpm_histogram_second_peak_bpm": {"dmean2": 0, "median": 101, "min": 101, "dvar2": 0, "dvar": 0, "dmean": 0, "max": 101, "var": 0, "mean": 101}, "bpm_histogram_first_peak_spread": {"dmean2": 0, "median": 0.231839299202, "min": 0.231839299202, "dvar2": 0, "dvar": 0, "dmean": 0, "max": 0.231839299202, "var": 0, "mean": 0.231839299202}, "beats_loudness_band_ratio": {"dmean2": [0.278463810682, 0.178121954203, 0.15499381721, 0.128251314163, 0.0166984926909, 0.00565373012796], "median": [0.848527312279, 0.0430289655924, 0.0371144339442, 0.024544917047, 0.00453905342147, 0.000658226723317], "min": [0, 0, 0, 0, 0, 0], "dvar2": [0.0679522529244, 0.0531680732965, 0.0344808623195, 0.0395363718271, 0.000581137835979, 0.00152010342572], "dvar": [0.0310171041638, 0.0212767235935, 0.0124453864992, 0.0147869177163, 0.000226509189815, 0.000579244573601], "dmean": [0.169361397624, 0.105896294117, 0.0871074646711, 0.0720790326595, 0.0097578857094, 0.00333303562365], "max": [0.999435424805, 0.973252594471, 0.64748865366, 0.964717030525, 0.164457336068, 0.504379332066], "var": [0.0782012417912, 0.0346492193639, 0.0118512352929, 0.0271403659135, 0.000303203007206, 0.00040232174797], "mean": [0.723118782043, 0.118736669421, 0.0829636529088, 0.0791968628764, 0.0101930983365, 0.0029767868109]}}, "lowlevel": {"barkbands_spread": {"dmean2": 3.3856511116, "median": 6.09764289856, "min": 0.200936347246, "dvar2": 15.9233999252, "dvar": 6.8584227562, "dmean": 2.21206021309, "max": 65.5583267212, "var": 32.1339225769, "mean": 7.50766038895}, "melbands_spread": {"dmean2": 4.08578205109, "median": 5.71148586273, "min": 0.082791633904, "dvar2": 30.5906925201, "dvar": 13.5819482803, "dmean": 2.66201496124, "max": 159.562805176, "var": 109.604125977, "mean": 8.30321121216}, "hfc": {"dmean2": 7.85586309433, "median": 17.6594543457, "min": 1.07177851525e-16, "dvar2": 144.207931519, "dvar": 56.7499809265, "dmean": 5.01945209503, "max": 123.167793274, "var": 144.522567749, "mean": 19.1040878296}, "barkbands_kurtosis": {"dmean2": 12.4914245605, "median": 7.72607851028, "min": -1.9442679882, "dvar2": 563.143066406, "dvar": 233.220046997, "dmean": 8.15494537354, "max": 444.597595215, "var": 948.696655273, "mean": 17.6862335205}, "gfcc": {"mean": [-73.0940322876, 178.190093994, -107.761047363, 16.2545433044, -20.0332927704, 10.316904068, -0.926909923553, -5.57537603378, -3.49070191383, -5.30748987198, -2.45507955551, -10.4896240234, -3.72548103333], "icov": [[0.000232235819567, -0.000496145628858, 0.000383356207749, -0.000633773044683, 0.00040031815297, -0.000537144718692, 0.000207944758586, -0.000787109544035, 0.000461736664874, -0.000517676293384, 0.000511866121087, -0.00040189945139, 0.000312190881232], [-0.000496145628858, 0.00262141111307, -0.00147724477574, 0.0022269943729, -0.00183714320883, 0.00218198308721, -0.000949588662479, 0.0026858379133, -0.00223862240091, 0.00193260249216, -0.00175567041151, 0.00137674610596, -0.00133204588201], [0.000383356207749, -0.00147724477574, 0.00218880060129, -0.00146248866804, -0.000119583470223, -0.00141493184492, 0.00105713319499, -0.00176210468635, 0.000785654177889, -0.0023233119864, 0.000424966798164, -0.000573979341425, -0.000489860889502], [-0.000633773044683, 0.0022269943729, -0.00146248866804, 0.00407705549151, -0.00134776637424, 0.00109368853737, -0.00151449663099, 0.00261491816491, -0.00259635038674, 0.000930358248297, -0.0018015577225, 0.00226166448556, -0.00136075972114], [0.00040031815297, -0.00183714320883, -0.000119583470223, -0.00134776637424, 0.00562788173556, -0.00182622577995, -0.000584492750932, -0.0018501264276, 0.00188085716218, 0.000214120009332, 0.00107791053597, -0.000936973141506, 0.00213825306855], [-0.000537144718692, 0.00218198308721, -0.00141493184492, 0.00109368853737, -0.00182622577995, 0.00795118231326, -0.00338103086688, 0.000919296406209, -0.00143114221282, 0.00256732129492, -0.00321815651841, 0.001022744691, -0.00106766074896], [0.000207944758586, -0.000949588662479, 0.00105713319499, -0.00151449663099, -0.000584492750932, -0.00338103086688, 0.00703338440508, -0.00148810469545, 0.000846698996611, -0.00116214295849, 0.00119788246229, -0.0017896280624, -0.00139307277277], [-0.000787109544035, 0.0026858379133, -0.00176210468635, 0.00261491816491, -0.0018501264276, 0.000919296406209, -0.00148810469545, 0.00940914452076, -0.00337514048442, 0.00172686600126, -0.00363046885468, 0.00333116808906, -0.00157755881082], [0.000461736664874, -0.00223862240091, 0.000785654177889, -0.00259635038674, 0.00188085716218, -0.00143114221282, 0.000846698996611, -0.00337514048442, 0.00772986235097, -0.00353682041168, 0.00291419844143, -0.00317614409141, 0.00178059353493], [-0.000517676293384, 0.00193260249216, -0.0023233119864, 0.000930358248297, 0.000214120009332, 0.00256732129492, -0.00116214295849, 0.00172686600126, -0.00353682041168, 0.00852716807276, -0.00170700787567, 0.000815637118649, 0.000955513794906], [0.000511866121087, -0.00175567041151, 0.000424966798164, -0.0018015577225, 0.00107791053597, -0.00321815651841, 0.00119788246229, -0.00363046885468, 0.00291419844143, -0.00170700787567, 0.0105513343588, -0.00356719549745, 0.00259615411051], [-0.00040189945139, 0.00137674610596, -0.000573979341425, 0.00226166448556, -0.000936973141506, 0.001022744691, -0.0017896280624, 0.00333116808906, -0.00317614409141, 0.000815637118649, -0.00356719549745, 0.00905829109251, -0.00386990769766], [0.000312190881232, -0.00133204588201, -0.000489860889502, -0.00136075972114, 0.00213825306855, -0.00106766074896, -0.00139307277277, -0.00157755881082, 0.00178059353493, 0.000955513794906, 0.00259615411051, -0.00386990769766, 0.012480459176]], "cov": [[12893.7724609, -842.930419922, -439.29574585, 1808.17663574, -409.621276855, 655.422668457, 414.269012451, 677.635314941, 377.021942139, 552.386047363, -14.0535459518, -17.054851532, -72.8924789429], [-842.930419922, 1846.10961914, 640.899475098, -555.288513184, 354.253295898, -231.15234375, -64.202331543, -192.89881897, 66.5283660889, -126.756599426, 22.8943824768, 62.5804138184, 85.5716018677], [-439.29574585, 640.899475098, 1498.14953613, 269.324890137, 292.150604248, 118.516799927, 57.936542511, 122.363792419, 204.970230103, 245.265335083, 127.982696533, 30.282617569, 84.3252410889], [1808.17663574, -555.288513184, 269.324890137, 926.329711914, -22.4489879608, 231.3175354, 171.388900757, 159.940139771, 178.107696533, 216.053588867, 46.6690483093, -38.9144020081, 6.32873106003], [-409.621276855, 354.253295898, 292.150604248, -22.4489879608, 356.855377197, 70.2402877808, 69.5537490845, 17.0725383759, -23.511598587, -50.2033119202, 44.02576828, 7.36845445633, 12.1911649704], [655.422668457, -231.15234375, 118.516799927, 231.3175354, 70.2402877808, 325.353759766, 165.664749146, 116.643753052, 16.1987667084, 15.9340324402, 76.41065979, 19.0605182648, 24.3254776001], [414.269012451, -64.202331543, 57.936542511, 171.388900757, 69.5537490845, 165.664749146, 263.501525879, 65.4699707031, 24.4535446167, 14.7742328644, 31.6136627197, 45.0305404663, 46.455783844], [677.635314941, -192.89881897, 122.363792419, 159.940139771, 17.0725383759, 116.643753052, 65.4699707031, 236.202301025, 58.652141571, 63.533000946, 51.6586799622, -24.0096111298, -2.50259113312], [377.021942139, 66.5283660889, 204.970230103, 178.107696533, -23.511598587, 16.1987667084, 24.4535446167, 58.652141571, 277.9871521, 142.352645874, -1.40632581711, 39.3587188721, 2.62887787819], [552.386047363, -126.756599426, 245.265335083, 216.053588867, -50.2033119202, 15.9340324402, 14.7742328644, 63.533000946, 142.352645874, 273.257385254, 19.8508605957, 2.95925498009, -18.960975647], [-14.0535459518, 22.8943824768, 127.982696533, 46.6690483093, 44.02576828, 76.41065979, 31.6136627197, 51.6586799622, -1.40632581711, 19.8508605957, 149.606292725, 31.9145374298, -0.584783017635], [-17.054851532, 62.5804138184, 30.282617569, -38.9144020081, 7.36845445633, 19.0605182648, 45.0305404663, -24.0096111298, 39.3587188721, 2.95925498009, 31.9145374298, 174.758895874, 48.1192626953], [-72.8924789429, 85.5716018677, 84.3252410889, 6.32873106003, 12.1911649704, 24.3254776001, 46.455783844, -2.50259113312, 2.62887787819, -18.960975647, -0.584783017635, 48.1192626953, 116.061820984]]}, "spectral_energyband_middle_low": {"dmean2": 0.00727526750416, "median": 0.0149075416848, "min": 1.21284271843e-22, "dvar2": 0.000129308260512, "dvar": 4.99628185935e-05, "dmean": 0.00508737144992, "max": 0.0956019237638, "var": 0.000184166085091, "mean": 0.0177456531674}, "melbands_crest": {"dmean2": 4.89190006256, "median": 27.7614078522, "min": 1.72026312351, "dvar2": 28.9196243286, "dvar": 11.9161090851, "dmean": 3.24727773666, "max": 38.5926513672, "var": 51.1806564331, "mean": 26.3075065613}, "spectral_kurtosis": {"dmean2": 19.977180481, "median": 12.9000883102, "min": -1.26278686523, "dvar2": 1359.89916992, "dvar": 498.748443604, "dmean": 11.6257152557, "max": 540.083312988, "var": 2506.29711914, "mean": 30.1262874603}, "spectral_rms": {"dmean2": 0.00234818062745, "median": 0.0101425582543, "min": 3.12322780485e-12, "dvar2": 8.71949123393e-06, "dvar": 3.80835444957e-06, "dmean": 0.00165031838696, "max": 0.029175657779, "var": 2.3653228709e-05, "mean": 0.0105350073427}, "zerocrossingrate": {"dmean2": 0.00438303640112, "median": 0.0126953125, "min": 0.0009765625, "dvar2": 3.67147913494e-05, "dvar": 3.02850658045e-05, "dmean": 0.0034615190234, "max": 0.521484375, "var": 0.00117270741612, "mean": 0.0177059583366}, "silence_rate_60dB": {"dmean2": 0.0115092862397, "median": 0, "min": 0, "dvar2": 0.0132073359564, "dvar": 0.00572122214362, "dmean": 0.00575426686555, "max": 1, "var": 0.0236025433987, "mean": 0.0241924934089}, "erbbands_kurtosis": {"dmean2": 2.52895641327, "median": 0.633692145348, "min": -1.90908765793, "dvar2": 24.6861457825, "dvar": 10.4388370514, "dmean": 1.59975099564, "max": 159.760742188, "var": 26.7013187408, "mean": 1.90280914307}, "erbbands": {"dmean2": [2.5772588253, 6.03670549393, 15.8999414444, 11.9486179352, 7.0699763298, 14.7621583939, 7.05208063126, 5.08687448502, 3.52173447609, 30.5372905731, 36.2072067261, 36.8305625916, 22.708732605, 20.8858203888, 27.7558097839, 107.245079041, 41.0663719177, 10.9618272781, 15.7610607147, 10.7382202148, 6.13527917862, 5.63140010834, 3.51223778725, 3.23585700989, 2.69662451744, 3.84488248825, 0.772206008434, 1.7569013834, 0.948039829731, 0.249200865626, 0.163669317961, 0.113817423582, 0.0219074171036, 0.0144463470206, 0.0063196499832, 0.00146684818901, 0.000537368061487, 0.000274811580312, 0.000144260091474, 6.86511702952e-05], "median": [3.16016530991, 5.42811393738, 3.31204319, 3.44315028191, 5.4204454422, 19.4184017181, 5.71009254456, 1.91769504547, 1.9619884491, 13.3616094589, 22.9224739075, 21.5893707275, 7.19357013702, 3.5798842907, 12.7346782684, 18.3526306152, 18.6859016418, 6.35002756119, 9.06918334961, 2.53633618355, 2.65382599831, 3.30892038345, 1.31608986855, 0.8459379673, 1.19900143147, 0.613274216652, 0.244459852576, 0.194412529469, 0.168661385775, 0.0374244600534, 0.0427222028375, 0.0236702840775, 0.00511028850451, 0.00313764391467, 0.00148514821194, 0.000389991153497, 0.000151807238581, 5.07104450662e-05, 9.74117574515e-05, 0.000133664114401], "min": [1.60338743155e-22, 6.19118334231e-22, 2.5857088376e-21, 3.61668890085e-21, 1.3764316089e-20, 5.3125225708e-20, 4.76928721314e-20, 6.89732598433e-20, 1.94785757264e-19, 1.77816883706e-19, 2.86804482231e-19, 3.46052818719e-19, 4.4367165983e-19, 9.33938403565e-19, 9.3121015511e-19, 1.3303149779e-18, 1.42766937971e-18, 1.97755599327e-18, 3.11921661265e-18, 4.22322231618e-18, 3.67944660278e-18, 3.51251328337e-18, 6.26134157877e-18, 7.17300421523e-18, 8.14268902218e-18, 1.02986881395e-17, 9.03617725981e-18, 8.61504223917e-18, 1.15044047983e-17, 1.06512374797e-17, 1.2694146118e-17, 9.99578948843e-18, 9.8278925036e-18, 8.16366135943e-18, 7.21885400941e-18, 4.44362334962e-18, 2.49178150646e-18, 9.32334293563e-19, 2.47163815928e-19, 2.71795845778e-20], "dvar2": [17.5027351379, 112.499420166, 3110.90844727, 1962.14831543, 168.257522583, 356.946716309, 127.134498596, 208.296936035, 58.3111839294, 5099.15087891, 5595.91894531, 4422.00878906, 4231.86962891, 3957.14208984, 4927.04980469, 102929.84375, 4734.87402344, 445.757537842, 622.361999512, 848.096923828, 150.704589844, 89.67527771, 75.1963577271, 135.634338379, 34.4030075073, 98.8398132324, 8.0620765686, 21.9952507019, 5.2489027977, 2.24231433868, 0.606782734394, 0.11704261601, 0.0119443740696, 0.0719925537705, 0.00288258004002, 0.000809230143204, 1.74496381078e-06, 9.20551713079e-07, 2.30926403333e-07, 1.00788533075e-08], "dvar": [6.89615535736, 45.0347824097, 1093.68566895, 695.899108887, 72.8867492676, 195.577453613, 64.4062271118, 73.7151031494, 21.463640213, 2402.22631836, 2999.65283203, 1939.10583496, 1937.66479492, 2092.60791016, 2135.23461914, 38911.7226562, 1700.23986816, 195.134872437, 230.569198608, 372.015045166, 58.148563385, 35.4963760376, 29.8290100098, 63.4916419983, 17.1748523712, 38.0962333679, 3.81480264664, 8.19848155975, 1.98381650448, 0.866442501545, 0.251121938229, 0.0516072176397, 0.00669257948175, 0.0502188242972, 0.00209076865576, 0.000557541847229, 7.88987620126e-07, 3.73759235117e-07, 1.01645738937e-07, 4.41975256393e-09], "dmean": [1.79411864281, 3.87256264687, 8.7000541687, 6.82338857651, 5.08182668686, 11.8063869476, 5.40041351318, 2.91252636909, 2.11847925186, 21.6050510406, 26.1148719788, 24.4798164368, 15.1335115433, 14.9492845535, 16.9555416107, 62.7671432495, 23.9636058807, 6.98750925064, 9.39575099945, 6.66076946259, 3.79124951363, 3.50883293152, 2.15621066093, 2.13796043396, 1.6999297142, 2.34904098511, 0.488581359386, 1.06063687801, 0.571285426617, 0.16204328835, 0.104802392423, 0.0722298249602, 0.0146056413651, 0.0109855206683, 0.00449042906985, 0.00109153904486, 0.000336318917107, 0.000181813345989, 9.93838548311e-05, 4.70666709589e-05], "max": [34.1865768433, 119.925773621, 376.439788818, 349.977752686, 132.143203735, 221.751083374, 189.002441406, 164.11000061, 92.5408935547, 1463.7578125, 1840.29992676, 1242.73583984, 974.137695312, 1001.31555176, 1492.82116699, 3337.01879883, 532.127868652, 252.080001831, 247.070983887, 609.20526123, 162.531646729, 128.033706665, 226.062026978, 243.230453491, 221.792358398, 194.994918823, 125.784759521, 91.9510498047, 33.5236587524, 46.8921852112, 24.1553001404, 12.1773138046, 6.81248378754, 30.8823070526, 6.39090394974, 3.26012325287, 0.0655336752534, 0.0443905815482, 0.012685675174, 0.000937055971008], "var": [25.626996994, 136.092453003, 686.132995605, 541.89239502, 253.922836304, 1255.07495117, 582.682495117, 64.8516769409, 49.3561782837, 11266.0703125, 18006.7851562, 5145.38818359, 4413.16650391, 7930.01708984, 4137.83544922, 60475, 2775.27294922, 451.215148926, 446.742126465, 1043.88024902, 101.745185852, 67.8807830811, 42.6424446106, 95.1941223145, 36.7640991211, 112.76033783, 8.58895111084, 26.4997653961, 5.33855056763, 0.840549826622, 0.292220115662, 0.107766896486, 0.012382902205, 0.102083213627, 0.00526561588049, 0.00110228615813, 1.58082127655e-06, 4.72035708299e-07, 1.76641066219e-07, 1.6373583378e-08], "mean": [4.9225692749, 9.36339473724, 8.61717510223, 10.2844667435, 11.7867965698, 32.6551551819, 16.581993103, 4.00854682922, 4.20130872726, 50.3844947815, 75.4640197754, 45.5068702698, 27.6374664307, 34.4894561768, 29.1781291962, 99.621711731, 37.6354141235, 13.7611789703, 16.2955513, 12.0157546997, 6.34072351456, 6.12640762329, 3.49021887779, 3.20983886719, 3.05315065384, 4.65869092941, 0.904702782631, 2.20426464081, 1.08797025681, 0.238519251347, 0.153021469712, 0.13142028451, 0.0224315524101, 0.0175317060202, 0.00866712443531, 0.00168414821383, 0.000637358403765, 0.000302301807096, 0.000212946149986, 0.000161050629686]}, "spectral_strongpeak": {"dmean2": 0.500326514244, "median": 0.542065024376, "min": 0, "dvar2": 1.42911219597, "dvar": 0.524369716644, "dmean": 0.29558557272, "max": 10.528927803, "var": 0.752806305885, "mean": 0.773486256599}, "spectral_energy": {"dmean2": 0.0588782466948, "median": 0.105443283916, "min": 9.99841559947e-21, "dvar2": 0.00751954643056, "dvar": 0.00326190632768, "dmean": 0.0406353212893, "max": 0.872499525547, "var": 0.0131705757231, "mean": 0.138005375862}, "average_loudness": 0.873903036118, "spectral_rolloff": {"dmean2": 224.475830078, "median": 236.865234375, "min": 43.06640625, "dvar2": 168696.734375, "dvar": 81213.1640625, "dmean": 127.223060608, "max": 19293.75, "var": 1591032.5, "mean": 456.99118042}, "spectral_centroid": {"dmean2": 176.436630249, "median": 633.255737305, "min": 95.7974472046, "dvar2": 53471.9375, "dvar": 27744.6210938, "dmean": 116.558914185, "max": 11579, "var": 486561.71875, "mean": 711.54309082}, "pitch_salience": {"dmean2": 0.0907871127129, "median": 0.323173522949, "min": 0.0534192956984, "dvar2": 0.0090857045725, "dvar": 0.00356659130193, "dmean": 0.0583371706307, "max": 0.895657658577, "var": 0.0111990347505, "mean": 0.331691503525}, "spectral_energyband_middle_high": {"dmean2": 0.00359528698027, "median": 0.00322963343933, "min": 1.23207683862e-21, "dvar2": 4.84932534164e-05, "dvar": 1.88514659385e-05, "dmean": 0.00221011089161, "max": 0.0700033456087, "var": 3.58122379112e-05, "mean": 0.00505516445264}, "spectral_contrast_coeffs": {"dmean2": [0.0690157487988, 0.0715732425451, 0.0751521289349, 0.0639770403504, 0.0449269451201, 0.0358950346708], "median": [-0.648366212845, -0.68943631649, -0.689174890518, -0.701801538467, -0.72688794136, -0.743533611298], "min": [-0.981152534485, -0.974616408348, -0.974870800972, -0.973657608032, -0.965974569321, -0.962691605091], "dvar2": [0.00433525023982, 0.00321931042708, 0.00393082853407, 0.00357619277202, 0.00172057014424, 0.00123746553436], "dvar": [0.00159883603919, 0.00128773599863, 0.00152373081073, 0.00137590512168, 0.000694080081303, 0.000448751467047], "dmean": [0.0436530858278, 0.0452067889273, 0.0457496419549, 0.0386580787599, 0.0276679452509, 0.021755957976], "max": [-0.206417292356, -0.39238268137, -0.413296699524, -0.466198325157, -0.534102618694, -0.498963057995], "var": [0.0111858230084, 0.00843779463321, 0.00725485291332, 0.00541819771752, 0.00372890103608, 0.00495043164119], "mean": [-0.636136591434, -0.691140830517, -0.692246794701, -0.702881276608, -0.729807496071, -0.739387154579]}, "melbands_skewness": {"dmean2": 1.55477285385, "median": 3.47414588928, "min": -2.82163071632, "dvar2": 3.47956991196, "dvar": 1.49744391441, "dmean": 1.05223453045, "max": 38.0313453674, "var": 9.25950336456, "mean": 4.07642602921}, "spectral_spread": {"dmean2": 495175.0625, "median": 2264077.5, "min": 176110.6875, "dvar2": 445441572864, "dvar": 240597221376, "dmean": 297523.65625, "max": 42808696, "var": 5947518353410.0, "mean": 2377693.5}, "dissonance": {"dmean2": 0.0627774819732, "median": 0.429886519909, "min": 0.101284168661, "dvar2": 0.00333943474106, "dvar": 0.00119706790429, "dmean": 0.0368920974433, "max": 0.499998509884, "var": 0.00457651959732, "mean": 0.411289274693}, "spectral_skewness": {"dmean2": 1.23983573914, "median": 2.57829713821, "min": -0.0683391317725, "dvar2": 2.56503510475, "dvar": 0.917130708694, "dmean": 0.720484912395, "max": 17.7754421234, "var": 5.38191843033, "mean": 3.29198002815}, "spectral_flux": {"dmean2": 0.0719652324915, "median": 0.0866429060698, "min": 6.28168420058e-11, "dvar2": 0.00832743570209, "dvar": 0.00408247392625, "dmean": 0.0440640412271, "max": 0.726966559887, "var": 0.00927164033055, "mean": 0.112037554383}, "spectral_contrast_valleys": {"dmean2": [0.516193628311, 0.595854640007, 0.612370967865, 0.615501403809, 0.553565979004, 0.623265147209], "median": [-6.29259300232, -7.11944675446, -7.60578918457, -8.5801448822, -9.38738441467, -12.3175888062], "min": [-28.0183734894, -27.9431972504, -27.790895462, -27.6859359741, -27.4477710724, -27.388168335], "dvar2": [0.246206685901, 0.297502696514, 0.36781206727, 0.527430832386, 0.518798649311, 0.542923688889], "dvar": [0.113351620734, 0.135328128934, 0.157585442066, 0.225536480546, 0.221444964409, 0.212026044726], "dmean": [0.312408328056, 0.36208987236, 0.369427263737, 0.368530720472, 0.335541158915, 0.377837985754], "max": [-4.49795675278, -4.96912813187, -5.32742595673, -5.86770820618, -6.76732873917, -9.21258831024], "var": [3.63565993309, 2.26643776894, 2.24499440193, 2.36513543129, 2.78713226318, 2.23279833794], "mean": [-6.76891803741, -7.27007055283, -7.83981561661, -8.75472927094, -9.58826160431, -12.597401619]}, "erbbands_flatness_db": {"dmean2": 0.0284526124597, "median": 0.237553969026, "min": 0.0820734202862, "dvar2": 0.000884722277988, "dvar": 0.00036