{"tonal": {"thpcp": [1, 0.610415160656, 0.445526510477, 0.438950002193, 0.35714200139, 0.449332892895, 0.542219460011, 0.534108281136, 0.641545593739, 0.677452623844, 0.537762343884, 0.397747606039, 0.291555613279, 0.257780253887, 0.308282226324, 0.331508666277, 0.274842768908, 0.263537496328, 0.304118990898, 0.468743354082, 0.788526296616, 0.695471167564, 0.320458263159, 0.215745985508, 0.217370435596, 0.275568962097, 0.380019128323, 0.441915631294, 0.525382697582, 0.690071463585, 0.660637140274, 0.387590825558, 0.312254756689, 0.484463334084, 0.619610488415, 0.906852185726], "hpcp": {"dmean2": [0.193337976933, 0.166137814522, 0.17998765409, 0.211909174919, 0.234668597579, 0.234565377235, 0.235657379031, 0.230324566364, 0.197175338864, 0.158283501863, 0.12908564508, 0.130593776703, 0.131642654538, 0.114876069129, 0.115011371672, 0.141007378697, 0.192568153143, 0.234944492579, 0.236234471202, 0.158094212413, 0.127831965685, 0.137121364474, 0.149745598435, 0.189447388053, 0.225702360272, 0.21277807653, 0.240671187639, 0.252557218075, 0.195720210671, 0.182234510779, 0.25844424963, 0.268978506327, 0.305136948824, 0.300420671701, 0.237183272839, 0.20638372004], "median": [0.00973497610539, 0.0115288384259, 0.01808533445, 0.020674796775, 0.0221416987479, 0.021464176476, 0.0231656320393, 0.0172482375056, 0.00989035144448, 0.00758196972311, 0.00840039085597, 0.0115493386984, 0.0110792666674, 0.00857399962842, 0.0067764557898, 0.00807596184313, 0.0118092149496, 0.0214984305203, 0.0208395048976, 0.00991395674646, 0.0038464278914, 0.00336649129167, 0.0159691385925, 0.0220390856266, 0.0231062546372, 0.0128667652607, 0.0202933587134, 0.0151796545833, 0.0109654758126, 0.0112682012841, 0.0138953719288, 0.0188757069409, 0.044680442661, 0.0413164570928, 0.0278501026332, 0.012785625644], "min": [0, 0, 0, 0, 0, 0, 0, 0, 5.65778555028e-06, 2.15938257497e-06, 4.00098861064e-06, 7.72671955929e-06, 0, 0, 0, 0, 0, 0, 0, 0, 0, 0, 0, 0, 0, 0, 0, 0, 0, 0, 0, 0, 5.06911464981e-06, 2.04092089007e-06, 0, 0], "dvar2": [0.110416643322, 0.087293908, 0.0936220362782, 0.118054941297, 0.129728004336, 0.129791617393, 0.129778757691, 0.127579182386, 0.10873092711, 0.087160795927, 0.0666777044535, 0.0594497509301, 0.0636163949966, 0.0520025454462, 0.0556116960943, 0.0800189971924, 0.0984721407294, 0.13590669632, 0.126278921962, 0.0808751732111, 0.080800883472, 0.0967020988464, 0.0910569503903, 0.113349124789, 0.144213736057, 0.130976349115, 0.144997224212, 0.165410086513, 0.121485844254, 0.103190146387, 0.171016141772, 0.15030477941, 0.167053207755, 0.169668197632, 0.120731271803, 0.112966775894], "dvar": [0.0425215661526, 0.0322978161275, 0.03476087749, 0.0455565080047, 0.0490343347192, 0.0500565208495, 0.0516475513577, 0.047432795167, 0.040814358741, 0.032294947654, 0.0246481113136, 0.0232392400503, 0.0247732196003, 0.01964170672, 0.0212589949369, 0.0293891355395, 0.0367758832872, 0.0566339306533, 0.0509636364877, 0.0305578391999, 0.0294099766761, 0.0346875786781, 0.0326715409756, 0.0409101136029, 0.0510959289968, 0.0540124811232, 0.0546225830913, 0.0676693171263, 0.0447884760797, 0.0371866859496, 0.0675493776798, 0.0632847845554, 0.0628071278334, 0.0717363208532, 0.0451185852289, 0.0430012568831], "dmean": [0.10866728425, 0.0938363969326, 0.101434536278, 0.120342075825, 0.134417057037, 0.133954301476, 0.135026976466, 0.130929112434, 0.110455781221, 0.0876733213663, 0.0726474672556, 0.0757345035672, 0.0774439424276, 0.0662082433701, 0.0659004151821, 0.0804025307298, 0.109545879066, 0.134970918298, 0.135233521461, 0.0894251018763, 0.0699440315366, 0.074386946857, 0.08236515522, 0.104736112058, 0.124712690711, 0.122664481401, 0.13663624227, 0.143741622567, 0.108522981405, 0.0989579334855, 0.143217101693, 0.152464553714, 0.172395840287, 0.170818686485, 0.1344229877, 0.115291677415], "max": [1, 1, 1, 1, 1, 1, 1, 1, 1, 1, 1, 1, 1, 1, 1, 1, 1, 1, 1, 1, 1, 1, 1, 1, 1, 1, 1, 1, 1, 1, 1, 1, 1, 1, 1, 1], "var": [0.0518810525537, 0.0300043150783, 0.0453017130494, 0.0609681941569, 0.0518591962755, 0.0748596638441, 0.0792260766029, 0.0539793968201, 0.0371759459376, 0.0263130888343, 0.0213743988425, 0.0256067924201, 0.0306872986257, 0.0229373965412, 0.0236614011228, 0.028711900115, 0.0410977117717, 0.102427095175, 0.0823894143105, 0.0277767833322, 0.0219443514943, 0.0243401993066, 0.0242513529956, 0.0328799895942, 0.0445769689977, 0.0684533044696, 0.0807386264205, 0.0908680260181, 0.0375572107732, 0.0274023786187, 0.0592597164214, 0.0732482150197, 0.096333026886, 0.126156494021, 0.0541609600186, 0.0471971593797], "mean": [0.106559097767, 0.0866994634271, 0.109079636633, 0.13162869215, 0.129659637809, 0.155741021037, 0.164457768202, 0.130546689034, 0.0965568423271, 0.0707777738571, 0.0625784993172, 0.0748383104801, 0.0804767385125, 0.0667205750942, 0.0639761164784, 0.0738276466727, 0.113791704178, 0.19142191112, 0.168831944466, 0.077794149518, 0.0523742958903, 0.0527686476707, 0.0668968707323, 0.0922530964017, 0.107279032469, 0.127541422844, 0.167521119118, 0.160375669599, 0.0940911918879, 0.0758026763797, 0.117607869208, 0.150416076183, 0.220146596432, 0.242759078741, 0.148183822632, 0.108155608177]}, "tuning_equal_tempered_deviation": 0.174876958132, "chords_changes_rate": 0.0956162661314, "key_key": "G#", "tuning_diatonic_strength": 0.556559562683, "key_scale": "minor", "chords_number_rate": 0.00254129595123, "tuning_frequency": 442.03793335, "tuning_nontempered_energy_ratio": 0.839018702507, "chords_histogram": [24.0311317444, 3.00190591812, 0.603557825089, 1.63595938683, 3.63722991943, 4.98729372025, 3.79606103897, 4.2090215683, 0.079415500164, 5.35260486603, 18.2973308563, 9.08513355255, 1.6200761795, 0.11118170619, 0, 1.17534947395, 0.0952986031771, 13.2465057373, 0.79415500164, 1.01651847363, 1.09593391418, 0.158831000328, 1.33418047428, 0.635324001312], "key_strength": 0.539903819561, "chords_key": "G#", "chords_strength": {"dmean2": 0.0156132010743, "median": 0.498127937317, "min": 0.245122849941, "dvar2": 0.000195896223886, "dvar": 0.00014646796626, "dmean": 0.0143930828199, "max": 0.800934135914, "var": 0.009307987988, "mean": 0.502279222012}, "chords_scale": "minor", "hpcp_entropy": {"dmean2": 1.18176293373, "median": 2.07368135452, "min": 0.0344585776329, "dvar2": 0.897116482258, "dvar": 0.34588932991, "dmean": 0.707844793797, "max": 4.58624315262, "var": 0.674916982651, "mean": 2.12090659142}}, "metadata": {"audio_properties": {"equal_loudness": 0, "codec": "flac", "downmix": "mix", "sample_rate": 44100, "analysis_sample_rate": 44100, "bit_rate": 0, "md5_encoded": "6ba0d9bdea3fb5c9eab4e4b50196cd11", "length": 292.333343506, "replay_gain": -10.2209720612, "lossless": true}, "version": {"essentia_build_sha": "70f2e5ece6736b2c40cc944ad0e695b16b925413", "essentia": "2.1-beta2", "extractor": "music 1.0", "essentia_git_sha": "v2.1_beta2"}, "tags": {"title": ["What Am I Missin'"], "albumartist": ["Frankie Knuckles & Adeva"], "tracktotal": ["12"], "musicbrainz_releasegroupid": ["88c9be0e-a7c6-3583-beeb-5fcde2857b70"], "releasetype": ["album"], "musicbrainz_recordingid": ["0d9620ce-af6b-4eec-9465-680b4bc77648"], "originalyear": ["1995"], "musicbrainz_releasetrackid": ["9a73ee5d-ff1f-3066-be64-983e39075682"], "discnumber": ["1"], "totaldiscs": ["1"], "releasecountry": ["US"], "file_name": "08. Frankie Knuckles & Adeva - What Am I Missin'.flac", "musicbrainz_albumartistid": ["b7a98e65-7ce4-4fab-8cf3-6b3ccda6115a", "5fd73629-465b-44ac-9061-765babd7b5c2"], "albumartistsort": ["Knuckles, Frankie & Adeva"], "date": ["1995"], "genre": ["House"], "disctotal": ["1"], "musicbrainz_artistid": ["b7a98e65-7ce4-4fab-8cf3-6b3ccda6115a", "5fd73629-465b-44ac-9061-765babd7b5c2"], "originaldate": ["1995"], "musicbrainz_albumid": ["d492a619-05ff-4e9d-821d-1c3d9771c49b"], "artist": ["Frankie Knuckles & Adeva"], "tracknumber": ["8"], "artistsort": ["Knuckles, Frankie & Adeva"], "album": ["Welcome to the Real World"], "totaltracks": ["12"], "acoustid_id": ["47aed9a4-9111-4cae-b869-7ac26bfd3665"], "script": ["Latn"], "releasestatus": ["official"]}}, "rhythm": {"bpm_histogram_first_peak_bpm": {"dmean2": 0, "median": 110, "min": 110, "dvar2": 0, "dvar": 0, "dmean": 0, "max": 110, "var": 0, "mean": 110}, "bpm": 109.938308716, "bpm_histogram_second_peak_spread": {"dmean2": 0, "median": 0.125, "min": 0.125, "dvar2": 0, "dvar": 0, "dmean": 0, "max": 0.125, "var": 0, "mean": 0.125}, "bpm_histogram_first_peak_weight": {"dmean2": 0, "median": 0.787992477417, "min": 0.787992477417, "dvar2": 0, "dvar": 0, "dmean": 0, "max": 0.787992477417, "var": 0, "mean": 0.787992477417}, "onset_rate": 5.43182992935, "beats_position": [0.592108845711, 1.19582760334, 1.79954648018, 2.36843538284, 2.92571425438, 3.48299312592, 4.02866220474, 4.57433080673, 5.11999988556, 5.66566896439, 6.21133756638, 6.7570066452, 7.30267572403, 7.84834432602, 8.39401340485, 8.93968200684, 9.4853515625, 10.0310201645, 10.5766887665, 11.1223583221, 11.6680269241, 12.2136955261, 12.7593650818, 13.3050336838, 13.8507022858, 14.3963718414, 14.9420404434, 15.4877090454, 16.0333786011, 16.5790481567, 17.1247158051, 17.6703853607, 18.2160549164, 18.7617225647, 19.3073921204, 19.853061676, 20.3987293243, 20.94439888, 21.4900684357, 22.035736084, 22.5697956085, 23.1154651642, 23.6611328125, 24.2068023682, 24.7524719238, 25.2981395721, 25.8438091278, 26.3894786835, 26.9351463318, 27.4808158875, 28.0264854431, 28.5721530914, 29.1178226471, 29.6634922028, 30.2091598511, 30.7664394379, 31.3004989624, 31.8461666107, 32.391834259, 32.9375038147, 33.4831733704, 34.028842926, 34.5745124817, 35.1201820374, 35.6658477783, 36.1999092102, 36.7571868896, 37.3028564453, 37.848526001, 38.3941955566, 38.9398651123, 39.4971427917, 40.0312004089, 40.5652618408, 41.1109275818, 41.6565971375, 42.2022666931, 42.7479362488, 43.2936058044, 43.8392753601, 44.3849411011, 44.9306106567, 45.4762802124, 46.0219497681, 46.5676193237, 47.1132888794, 47.6589546204, 48.204624176, 48.7502937317, 49.2959632874, 49.841632843, 50.3873023987, 50.9213600159, 51.4670295715, 52.0126991272, 52.5699768066, 53.1156463623, 53.661315918, 54.2069816589, 54.7526512146, 55.2983207703, 55.8439903259, 56.3896598816, 56.9353294373, 57.4693870544, 58.0150566101, 58.5607261658, 59.1063919067, 59.6520614624, 60.1977310181, 60.7434005737, 61.2890701294, 61.8347396851, 62.380405426, 62.9260749817, 63.4717445374, 64.0174102783, 64.563079834, 65.1087493896, 65.6660308838, 66.200088501, 66.7457580566, 67.2914276123, 67.837097168, 68.3827667236, 68.9284362793, 69.474105835, 70.0197753906, 70.5654373169, 71.1111068726, 71.6567764282, 72.2024459839, 72.7481155396, 73.2937850952, 73.8394546509, 74.396736145, 74.9307937622, 75.4764633179, 76.0221328735, 76.5678024292, 77.1134643555, 77.6591339111, 78.2048034668, 78.7504730225, 79.2961425781, 79.8418121338, 80.3874816895, 80.9331512451, 81.4788208008, 82.0244903564, 82.5701599121, 83.1274337769, 83.661491394, 84.2071609497, 84.7528305054, 85.298500061, 85.8441696167, 86.3782272339, 86.935508728, 87.4811782837, 88.0268478394, 88.5609054565, 89.1065750122, 89.6522445679, 90.1979141235, 90.7435836792, 91.3008575439, 91.8465270996, 92.3921966553, 92.9262542725, 93.4719238281, 94.0175933838, 94.5632629395, 95.1089324951, 95.6546020508, 96.2002716064, 96.7459411621, 97.2916107178, 97.8372802734, 98.3829498291, 98.9286117554, 99.474281311, 100.008346558, 100.565620422, 101.09967804, 101.645347595, 102.191017151, 102.748298645, 103.282356262, 103.828025818, 104.373695374, 104.919364929, 105.465034485, 106.010704041, 106.556373596, 107.113647461, 107.647705078, 108.193374634, 108.739044189, 109.296325684, 109.830383301, 110.376052856, 110.921722412, 111.467391968, 112.013061523, 112.558731079, 113.104400635, 113.650062561, 114.195732117, 114.741401672, 115.287071228, 115.832740784, 116.378410339, 116.924079895, 117.469749451, 118.027030945, 118.561088562, 119.106758118, 119.652427673, 120.1980896, 120.743759155, 121.289428711, 121.835098267, 122.380767822, 122.926437378, 123.472106934, 124.017776489, 124.563446045, 125.109115601, 125.654785156, 126.200454712, 126.757728577, 127.291786194, 127.83745575, 128.383132935, 128.92880249, 129.474472046, 130.020126343, 130.565795898, 131.111465454, 131.65713501, 132.191192627, 132.736862183, 133.282531738, 133.828201294, 134.37387085, 134.919540405, 135.476821899, 136.022491455, 136.556549072, 137.113830566, 137.647888184, 138.193557739, 138.739227295, 139.284896851, 139.830566406, 140.376235962, 140.921905518, 141.467575073, 142.013244629, 142.558914185, 143.10458374, 143.650253296, 144.195922852, 144.741577148, 145.287246704, 145.83291626, 146.378585815, 146.912643433, 147.458312988, 148.003982544, 148.561264038, 149.095321655, 149.652603149, 150.186660767, 150.743942261, 151.277999878, 151.823669434, 152.369338989, 152.926620483, 153.460678101, 154.006347656, 154.552017212, 155.097686768, 155.643356323, 156.189025879, 156.734695435, 157.28036499, 157.826034546, 158.371704102, 158.917373657, 159.463043213, 160.00869751, 160.554367065, 161.100036621, 161.657318115, 162.191375732, 162.737045288, 163.282714844, 163.828384399, 164.374053955, 164.919723511, 165.465393066, 166.011062622, 166.556732178, 167.102401733, 167.648071289, 168.193740845, 168.7394104, 169.285079956, 169.830749512, 170.388031006, 170.922088623, 171.467758179, 172.013427734, 172.55909729, 173.104751587, 173.650421143, 174.196090698, 174.741760254, 175.28742981, 175.821487427, 176.367156982, 176.912826538, 177.458496094, 178.004165649, 178.549835205, 179.095504761, 179.641174316, 180.186843872, 180.732513428, 181.278182983, 181.823852539, 182.369522095, 182.91519165, 183.460861206, 184.006530762, 184.552200317, 185.086257935, 185.63192749, 186.177597046, 186.723266602, 187.268936157, 187.826202393, 188.360275269, 188.905944824, 189.451599121, 189.997268677, 190.542938232, 191.088607788, 191.634277344, 192.179946899, 192.725616455, 193.271286011, 193.816955566, 194.362625122, 194.908294678, 195.453964233, 195.999633789, 196.556915283, 197.0909729, 197.636642456, 198.182312012, 198.727981567, 199.273651123, 199.819320679, 200.364990234, 200.91065979, 201.456329346, 202.001998901, 202.547653198, 203.093322754, 203.63899231, 204.184661865, 204.730331421, 205.287612915, 205.821670532, 206.367340088, 206.913009644, 207.458679199, 208.004348755, 208.538406372, 209.095687866, 209.641357422, 210.187026978, 210.732696533, 211.278366089, 211.824035645, 212.3697052, 212.903762817, 213.461044312, 214.006713867, 214.552383423, 215.08644104, 215.632110596, 216.177780151, 216.723449707, 217.269119263, 217.81477356, 218.360443115, 218.917724609, 219.451782227, 219.997451782, 220.543121338, 221.088790894, 221.634460449, 222.180130005, 222.725799561, 223.271469116, 223.817138672, 224.351196289, 224.896865845, 225.4425354, 225.988204956, 226.533874512, 227.091156006, 227.636825562, 228.182495117, 228.716552734, 229.26222229, 229.807891846, 230.353561401, 230.899230957, 231.456497192, 232.002166748, 232.547836304, 233.081893921, 233.627563477, 234.173233032, 234.718902588, 235.264572144, 235.821853638, 236.367523193, 236.913192749, 237.447250366, 237.992919922, 238.538589478, 239.084259033, 239.629928589, 240.187210083, 240.7212677, 241.266937256, 241.812606812, 242.358276367, 242.903945923, 243.449615479, 243.995285034, 244.54095459, 245.086624146, 245.632278442, 246.177947998, 246.723617554, 247.269287109, 247.814956665, 248.360626221, 248.917907715, 249.451965332, 249.997634888, 250.543304443, 251.088973999, 251.634643555, 252.18031311, 252.725982666, 253.271652222, 253.817321777, 254.362991333, 254.908660889, 255.454330444, 256, 256.534057617, 257.091339111, 257.648620605, 258.182678223, 258.71673584, 259.274017334, 259.819671631, 260.365356445, 260.899414062, 261.445068359, 261.990753174, 262.548034668, 263.082092285, 263.627746582, 264.173431396, 264.719085693, 265.264770508, 265.810424805, 266.356109619, 266.901763916, 267.447418213, 267.981506348, 268.527160645, 269.072814941, 269.630096436, 270.17578125, 270.721435547, 271.267120361, 271.812774658, 272.346832275, 272.89251709, 273.438171387, 273.983856201, 274.529510498, 275.086791992, 275.620849609, 276.166534424, 276.712188721, 277.269470215, 277.803527832, 278.349212646, 278.894866943, 279.440551758, 279.986206055, 280.531890869, 281.077545166, 281.62322998, 282.168884277, 282.714538574, 283.260223389, 283.817504883, 284.386383057, 284.955291748, 285.489349365, 286.035003662, 286.580688477, 287.137939453, 287.695220947, 288.252502441, 288.821411133, 289.390289307, 289.947570801, 290.516448975, 291.085357666, 291.66583252], "beats_loudness": {"dmean2": 0.07380451262, "median": 0.117482841015, "min": 0.000313514174195, "dvar2": 0.00366757204756, "dvar": 0.00134433584753, "dmean": 0.0432388074696, "max": 0.227912336588, "var": 0.00353649700992, "mean": 0.108010001481}, "danceability": 1.46810925007, "bpm_histogram_second_peak_weight": {"dmean2": 0, "median": 0.0131332082674, "min": 0.0131332082674, "dvar2": 0, "dvar": 0, "dmean": 0, "max": 0.0131332082674, "var": 0, "mean": 0.0131332082674}, "beats_count": 534, "bpm_histogram_second_peak_bpm": {"dmean2": 0, "median": 105, "min": 105, "dvar2": 0, "dvar": 0, "dmean": 0, "max": 105, "var": 0, "mean": 105}, "bpm_histogram_first_peak_spread": {"dmean2": 0, "median": 0.196940720081, "min": 0.196940720081, "dvar2": 0, "dvar": 0, "dmean": 0, "max": 0.196940720081, "var": 0, "mean": 0.196940720081}, "beats_loudness_band_ratio": {"dmean2": [0.143935754895, 0.0465875864029, 0.0746069923043, 0.1256762743, 0.0726327598095, 0.116896048188], "median": [0.899169802666, 0.0139444833621, 0.0177753604949, 0.0215555541217, 0.0111742708832, 0.0150352502242], "min": [1.13253381642e-05, 0.000404269667342, 0.000286617752863, 8.65512629389e-05, 4.6956785809e-05, 0.00283072330058], "dvar2": [0.0231350008398, 0.00838543567806, 0.00989426113665, 0.0498881340027, 0.0151415551081, 0.064814761281], "dvar": [0.0101240724325, 0.00269796699286, 0.00370118790306, 0.0135832587257, 0.00425225822255, 0.0210068784654], "dmean": [0.0826768055558, 0.0261692423373, 0.0423226170242, 0.0665239468217, 0.0385858565569, 0.0643294602633], "max": [0.99253565073, 0.40028488636, 0.72618997097, 0.701321184635, 0.52759629488, 0.977209687233], "var": [0.100636668503, 0.00189093861263, 0.00371003965847, 0.0102569935843, 0.00309644197114, 0.0441209934652], "mean": [0.764962613583, 0.0264640375972, 0.0401924178004, 0.0514005161822, 0.0297542568296, 0.0946240276098]}}, "lowlevel": {"barkbands_spread": {"dmean2": 15.8103914261, "median": 21.2492256165, "min": 0.378775149584, "dvar2": 366.356903076, "dvar": 154.236877441, "dmean": 10.0128231049, "max": 122.489135742, "var": 388.913116455, "mean": 25.4184169769}, "melbands_spread": {"dmean2": 19.1301460266, "median": 15.2447624207, "min": 0.291770249605, "dvar2": 921.267211914, "dvar": 448.088470459, "dmean": 12.2865304947, "max": 278.744354248, "var": 1853.46801758, "mean": 30.8712825775}, "hfc": {"dmean2": 14.9297094345, "median": 9.08593082428, "min": 1.79121634574e-05, "dvar2": 662.393310547, "dvar": 265.551422119, "dmean": 9.62919330597, "max": 161.470413208, "var": 384.733764648, "mean": 16.2850379944}, "barkbands_kurtosis": {"dmean2": 21.4746570587, "median": 4.61172056198, "min": -1.95174026489, "dvar2": 2088.02661133, "dvar": 891.163330078, "dmean": 13.6097049713, "max": 454.789215088, "var": 2084.81176758, "mean": 21.7841815948}, "gfcc": {"mean": [-42.4133262634, 40.6656417847, -83.9193572998, 41.7755699158, -58.8940315247, 28.7919960022, -27.8138656616, 16.2248535156, -15.7935791016, 9.47907066345, -16.4334049225, 2.0321559906, -15.2400684357], "icov": [[0.000160683790455, -0.000105382830952, 0.000118982337881, -2.86657359538e-05, -4.43286917289e-05, -4.12240005971e-05, 8.16532192403e-05, -6.79081931594e-05, 8.401015657e-05, 8.93705655471e-05, 0.00012973693083, 0.000117195602797, 0.00016637823137], [-0.000105382830952, 0.00084591639461, -0.000383318401873, 0.000484117888846, -0.000862928456627, 0.000540223729331, -0.0006820053095, 0.000402418256272, -0.00074616598431, 0.000617446028627, -0.000802399823442, 0.00103220948949, -0.000411256100051], [0.000118982337881, -0.000383318401873, 0.00149610487279, -0.00142242817674, 0.000917678175028, -0.000720915442798, 0.000202372088097, -0.000198596724658, 0.000206774027902, -0.000524309638422, 0.00170107849408, -0.00119338184595, 0.0010514378082], [-2.86657359538e-05, 0.000484117888846, -0.00142242817674, 0.00374460616149, -0.00202176137827, 0.000227152821026, -0.000607660505921, 0.000568168354221, -0.00142190977931, 0.00174139486626, -0.000765814038459, 0.000897801190149, -0.000828432210255], [-4.43286917289e-05, -0.000862928456627, 0.000917678175028, -0.00202176137827, 0.0040331762284, -0.00223732832819, 0.00105962553062, -0.00178721314296, 0.0014296566369, -0.000681219506077, 0.000233108512475, 0.00014176942932, 0.000767147634178], [-4.12240005971e-05, 0.000540223729331, -0.000720915442798, 0.000227152821026, -0.00223732832819, 0.00630946364254, -0.00422594230622, 0.00169305561576, -0.00118565792218, 6.39625432086e-05, -0.000288798939437, -0.00135138642509, 0.00161956390366], [8.16532192403e-05, -0.0006820053095, 0.000202372088097, -0.000607660505921, 0.00105962553062, -0.00422594230622, 0.00799006316811, -0.00251210457645, 0.000615240365732, -0.000207845383557, 0.000888646987732, 0.00118969427422, 6.79581935401e-05], [-6.79081931594e-05, 0.000402418256272, -0.000198596724658, 0.000568168354221, -0.00178721314296, 0.00169305561576, -0.00251210457645, 0.00746606662869, -0.00310077355243, -0.000356102333171, -0.0017800059868, 0.000753295957111, -0.000499750662129], [8.401015657e-05, -0.00074616598431, 0.000206774027902, -0.00142190977931, 0.0014296566369, -0.00118565792218, 0.000615240365732, -0.00310077355243, 0.0103154983371, -0.00478548696265, 0.00158047722653, -0.00062443013303, 0.000818285858259], [8.93705655471e-05, 0.000617446028627, -0.000524309638422, 0.00174139486626, -0.000681219506077, 6.39625432086e-05, -0.000207845383557, -0.000356102333171, -0.00478548696265, 0.0142307952046, -0.00488174241036, -6.47484994261e-05, -0.00049623765517], [0.00012973693083, -0.000802399823442, 0.00170107849408, -0.000765814038459, 0.000233108512475, -0.000288798939437, 0.000888646987732, -0.0017800059868, 0.00158047722653, -0.00488174241036, 0.0116687510163, -0.00350703299046, 0.00200439989567], [0.000117195602797, 0.00103220948949, -0.00119338184595, 0.000897801190149, 0.00014176942932, -0.00135138642509, 0.00118969427422, 0.000753295957111, -0.00062443013303, -6.47484994261e-05, -0.00350703299046, 0.0150903956965, -0.00686080241576], [0.00016637823137, -0.000411256100051, 0.0010514378082, -0.000828432210255, 0.000767147634178, 0.00161956390366, 6.79581935401e-05, -0.000499750662129, 0.000818285858259, -0.00049623765517, 0.00200439989567, -0.00686080241576, 0.0160025302321]], "cov": [[9199.80957031, 2157.46411133, -884.057006836, 88.0879364014, 981.305419922, 158.946975708, 198.230895996, 217.443374634, -35.2348213196, -147.229873657, 41.3310699463, -406.832733154, -217.101821899], [2157.46411133, 2719.39672852, 270.011688232, 368.325866699, 865.44519043, 305.983703613, 365.287719727, 192.642608643, 135.342697144, -64.8536453247, 36.8517189026, -277.584594727, -151.765991211], [-884.057006836, 270.011688232, 2001.35668945, 821.394897461, 147.776412964, 450.611907959, 267.501098633, -31.2217960358, 118.64957428, -74.2539291382, -251.071502686, 19.7926979065, -96.0809783936], [88.0879364014, 368.325866699, 821.394897461, 819.880004883, 440.339599609, 346.736938477, 225.507110596, 55.3359718323, 90.4000930786, -67.5231552124, -94.8840560913, -57.299243927, -77.8041381836], [981.305419922, 865.44519043, 147.776412964, 440.339599609, 838.977111816, 357.08682251, 235.696746826, 165.210388184, 59.6276817322, -24.2840003967, 17.4866733551, -126.401954651, -107.260810852], [158.946975708, 305.983703613, 450.611907959, 346.736938477, 357.08682251, 495.538208008, 276.132080078, 53.2156906128, 71.4172973633, -13.8617315292, -43.1711235046, -37.1819381714, -86.8424606323], [198.230895996, 365.287719727, 267.501098633, 225.507110596, 235.696746826, 276.132080078, 315.531341553, 91.0898361206, 59.1531715393, -10.1312570572, -28.3898983002, -57.5129852295, -60.7565536499], [217.443374634, 192.642608643, -31.2217960358, 55.3359718323, 165.210388184, 53.2156906128, 91.0898361206, 223.777206421, 75.3936309814, 36.2374572754, 43.1626625061, -31.9833965302, -20.9482574463], [-35.2348213196, 135.342697144, 118.64957428, 90.4000930786, 59.6276817322, 71.4172973633, 59.1531715393, 75.3936309814, 158.264450073, 47.2014198303, 4.94378089905, -7.78092622757, -17.8387203217], [-147.229873657, -64.8536453247, -74.2539291382, -67.5231552124, -24.2840003967, -13.8617315292, -10.1312570572, 36.2374572754, 47.2014198303, 114.853485107, 56.585647583, 20.9489841461, 8.03085041046], [41.3310699463, 36.8517189026, -251.071502686, -94.8840560913, 17.4866733551, -43.1711235046, -28.3898983002, 43.1626625061, 4.94378089905, 56.585647583, 152.713256836, 18.2601127625, 7.30375003815], [-406.832733154, -277.584594727, 19.7926979065, -57.299243927, -126.401954651, -37.1819381714, -57.5129852295, -31.9833965302, -7.78092622757, 20.9489841461, 18.2601127625, 126.307693481, 54.8098869324], [-217.101821899, -151.765991211, -96.0809783936, -77.8041381836, -107.260810852, -86.8424606323, -60.7565536499, -20.9482574463, -17.8387203217, 8.03085041046, 7.30375003815, 54.8098869324, 100.412139893]]}, "spectral_energyband_middle_low": {"dmean2": 0.0116604724899, "median": 0.00145757687278, "min": 5.15812725865e-09, "dvar2": 0.00111594970804, "dvar": 0.000387550710002, "dmean": 0.00634310953319, "max": 0.177788451314, "var": 0.000242073103436, "mean": 0.00594742922112}, "melbands_crest": {"dmean2": 5.06623983383, "median": 19.5072116852, "min": 2.52122712135, "dvar2": 26.3192958832, "dvar": 10.854845047, "dmean": 3.17899370193, "max": 33.9857177734, "var": 45.9411582947, "mean": 18.8266963959}, "spectral_kurtosis": {"dmean2": 1.47339904308, "median": 2.0266046524, "min": -1.22229588032, "dvar2": 3.64079046249, "dvar": 1.6407545805, "dmean": 0.943710505962, "max": 26.3166942596, "var": 3.93946576118, "mean": 2.28227686882}, "spectral_rms": {"dmean2": 0.00200320407748, "median": 0.00444193417206, "min": 3.56394980372e-06, "dvar2": 1.17598065117e-05, "dvar": 5.350905667e-06, "dmean": 0.00129211158492, "max": 0.0196100771427, "var": 9.63378079177e-06, "mean": 0.00457259966061}, "zerocrossingrate": {"dmean2": 0.0214326735586, "median": 0.060546875, "min": 0.00390625, "dvar2": 0.000550815544557, "dvar": 0.000531279481947, "dmean": 0.0189214609563, "max": 0.53076171875, "var": 0.00756477704272, "mean": 0.0909026041627}, "silence_rate_60dB": {"dmean2": 0.104853443801, "median": 0, "min": 0, "dvar2": 0.113074943423, "dvar": 0.049672562629, "dmean": 0.0524225570261, "max": 1, "var": 0.151133790612, "mean": 0.185608774424}, "erbbands_kurtosis": {"dmean2": 2.81779074669, "median": -0.185062885284, "min": -1.94274735451, "dvar2": 28.7267875671, "dvar": 11.685760498, "dmean": 1.74785208702, "max": 50.9717330933, "var": 24.5878925323, "mean": 1.45209550858}, "erbbands": {"dmean2": [0.21105697751, 4.2300028801, 15.027305603, 22.4623012543, 15.4842605591, 10.6580324173, 4.64470291138, 5.00759887695, 10.099527359, 10.7356510162, 17.6054439545, 15.1179180145, 12.0527353287, 12.7006340027, 18.5406837463, 14.7521295547, 11.551363945, 17.6375846863, 17.3644199371, 13.0707645416, 10.3538179398, 7.88345241547, 12.5672168732, 11.0997953415, 8.10152816772, 8.86610603333, 6.15302848816, 16.7757148743, 9.71348190308, 9.4364118576, 11.1872816086, 4.21941184998, 2.91350841522, 1.88419866562, 0.825386047363, 0.36111754179, 0.101345635951, 0.025174498558, 0.00277371820994, 0.000148755469127], "median": [0.134002268314, 1.61350393295, 7.00416564941, 1.75418376923, 0.390347540379, 0.54444694519, 0.511062264442, 0.833217144012, 2.40466237068, 1.38823628426, 1.6291911602, 1.63866066933, 2.64077734947, 2.18583345413, 1.82206571102, 1.92854332924, 1.73555064201, 2.63943505287, 2.68247008324, 2.32244706154, 2.39583563805, 1.98817074299, 2.22604036331, 2.64720797539, 2.46738266945, 2.43879365921, 1.78365552425, 3.24822068214, 1.66657567024, 2.67177915573, 2.66038203239, 1.18070721626, 0.811133146286, 0.460131883621, 0.311696559191, 0.15638500452, 0.0202697720379, 0.00310311978683, 0.000269157870207, 4.14304049627e-05], "min": [4.58401530068e-08, 3.95003610265e-07, 1.56223947556e-07, 2.74994476968e-07, 1.63686252108e-06, 8.59145870891e-07, 1.08047538561e-06, 2.74710441772e-06, 6.58146700516e-06, 1.23554866605e-06, 1.06702384528e-06, 1.198038035e-06, 1.25351562019e-06, 2.32546699408e-06, 1.00176057458e-05, 3.77431911147e-06, 1.01342436665e-06, 4.28783494044e-07, 8.26609380056e-07, 7.21951664673e-07, 1.01061129953e-06, 1.31251704261e-06, 1.27640225855e-06, 1.06455490823e-06, 8.40272150526e-07, 1.02140961644e-06, 1.1956498156e-06, 1.18265211313e-06, 6.04092520007e-07, 1.10101234441e-06, 9.00906798051e-07, 1.15895284125e-06, 1.56423516273e-06, 7.83479720212e-07, 6.61882154418e-07, 6.76599086091e-07, 5.44187400919e-07, 3.28639544023e-07, 6.18065598701e-08, 6.35310115626e-09], "dvar2": [0.214171350002, 97.32371521, 1565.24597168, 4992.28515625, 2604.97216797, 986.293457031, 133.070800781, 135.618515015, 550.662658691, 941.434020996, 3584.71801758, 2033.63415527, 856.94543457, 1287.21777344, 3116.73608398, 1742.35168457, 878.993347168, 2561.57080078, 2630.2121582, 1704.72192383, 624.931213379, 451.835357666, 1611.83776855, 865.010070801, 328.101531982, 383.440612793, 159.335632324, 789.892822266, 273.947784424, 247.574234009, 379.85357666, 62.5458831787, 30.7267036438, 12.512014389, 2.49575018883, 0.383270651102, 0.0648020505905, 0.0092725623399, 8.06140596978e-05, 1.60909650049e-07], "dvar": [0.0827691480517, 36.5558624268, 573.141235352, 1730.58349609, 898.810424805, 346.759613037, 47.1915245056, 49.923828125, 211.772735596, 357.754608154, 1397.0546875, 781.28729248, 376.61605835, 502.138671875, 1147.2598877, 839.183532715, 405.467346191, 1167.8684082, 1196.0847168, 858.368835449, 277.755950928, 209.759841919, 781.791992188, 389.414031982, 149.977142334, 165.857147217, 63.3838195801, 304.923736572, 105.856010437, 95.5375213623, 142.951217651, 24.1369667053, 12.8179006577, 5.30484342575, 1.21301615238, 0.167256265879, 0.0307017192245, 0.00353926909156, 3.28549576807e-05, 6.62116974581e-08], "dmean": [0.127341642976, 2.43211364746, 8.7482213974, 12.0643005371, 8.1515083313, 5.80614995956, 2.60333299637, 2.88663959503, 5.96634101868, 6.57725858688, 11.0721712112, 9.31481075287, 7.61717939377, 7.74747180939, 10.9564170837, 9.81505680084, 7.45912408829, 11.4887981415, 11.4203500748, 8.70945167542, 6.57985019684, 5.21432209015, 8.1273355484, 7.11700248718, 5.31124973297, 5.55029964447, 3.75949239731, 9.87540245056, 5.75539636612, 5.68465137482, 6.80692815781, 2.59276080132, 1.79795897007, 1.16694164276, 0.547882914543, 0.241777420044, 0.0656309649348, 0.0153407910839, 0.00170192623045, 9.24578562262e-05], "max": [3.19511795044, 52.2101821899, 215.292510986, 423.572387695, 276.019287109, 177.33380127, 86.6104125977, 151.253967285, 287.480438232, 668.714660645, 999.382507324, 802.961364746, 630.503234863, 1028.58728027, 614.112731934, 806.125732422, 417.388427734, 979.263671875, 1009.14233398, 963.405090332, 425.559814453, 429.69821167, 961.230163574, 526.372497559, 340.937835693, 462.583587646, 357.403259277, 218.790100098, 165.0884552, 89.664642334, 99.8540802002, 73.8071975708, 132.641845703, 78.6926651001, 60.8511734009, 8.3909740448, 4.2762131691, 1.47436130047, 0.12917457521, 0.00568495132029], "var": [0.0761557146907, 28.8775444031, 467.645812988, 1041.22241211, 498.140808105, 208.251342773, 36.2805480957, 65.3424072266, 329.580596924, 756.280761719, 3068.76220703, 2046.90393066, 781.808837891, 725.587890625, 1293.83239746, 1722.70092773, 584.559143066, 1849.36779785, 3079.25024414, 1487.82299805, 471.583953857, 417.922332764, 1481.17529297, 757.555786133, 353.352935791, 303.716278076, 124.915084839, 311.962463379, 124.153007507, 99.4108581543, 137.299743652, 26.5979957581, 16.7004642487, 7.41413736343, 2.34560823441, 0.340050518513, 0.061011839658, 0.00399697571993, 4.96311331517e-05, 1.01562143584e-07], "mean": [0.179212749004, 3.02068638802, 11.9730272293, 9.8459854126, 5.08706903458, 4.17216825485, 2.54400014877, 3.57236361504, 8.10599136353, 10.7721862793, 18.2449569702, 15.1766500473, 11.5744495392, 10.0721826553, 12.5445928574, 14.460943222, 9.99277973175, 15.5563278198, 17.9524993896, 12.4214963913, 9.23585510254, 7.89127016068, 11.9234285355, 11.1784057617, 9.04232788086, 8.46266555786, 5.31241178513, 10.2881679535, 6.16445875168, 6.84001350403, 7.60637569427, 3.14465808868, 2.17330574989, 1.40371131897, 0.761093854904, 0.340827137232, 0.0846389532089, 0.0161926802248, 0.00189927755855, 0.000121803292132]}, "spectral_strongpeak": {"dmean2": 0.643237113953, "median": 0.461452752352, "min": 0, "dvar2": 1.28347539902, "dvar": 0.5142750144, "dmean": 0.378653824329, "max": 9.8225479126, "var": 0.644549548626, "mean": 0.655686616898}, "spectral_energy": {"dmean2": 0.0319433137774, "median": 0.0202240478247, "min": 1.30192825409e-08, "dvar2": 0.00570958340541, "dvar": 0.00233262078837, "dmean": 0.0196441486478, "max": 0.394169002771, "var": 0.00231053913012, "mean": 0.0313059538603}, "average_loudness": 0.939968287945, "spectral_rolloff": {"dmean2": 1435.20593262, "median": 710.595703125, "min": 86.1328125, "dvar2": 5383047, "dvar": 2402511.5, "dmean": 840.342285156, "max": 14900.9765625, "var": 9272559, "mean": 2247.68701172}, "spectral_centroid": {"dmean2": 653.084655762, "median": 1435.78649902, "min": 108.287277222, "dvar2": 609958.3125, "dvar": 300592.5625, "dmean": 428.610473633, "max": 10867.2421875, "var": 1541913.375, "mean": 1697.39208984}, "pitch_salience": {"dmean2": 0.148030847311, "median": 0.404794603586, "min": 0.0483438670635, "dvar2": 0.0234894733876, "dvar": 0.00959393195808, "dmean": 0.0917297527194, "max": 0.895911812782, "var": 0.030966360122, "mean": 0.421501278877}, "spectral_energyband_middle_high": {"dmean2": 0.0019499786431, "median": 0.000818848493509, "min": 7.50799977745e-10, "dvar2": 1.7354668671e-05, "dvar": 7.47062085793e-06, "dmean": 0.00130528095178, "max": 0.0409754738212, "var": 1.73960870598e-05, "mean": 0.00261089415289}, "spectral_contrast_coeffs": {"dmean2": [0.0918275639415, 0.0825211331248, 0.0668122246861, 0.053193628788, 0.0384294353426, 0.0360282696784], "median": [-0.630192399025, -0.759771049023, -0.796715736389, -0.811070919037, -0.820601403713, -0.781687378883], "min": [-0.972327649593, -0.966829895973, -0.96856367588, -0.961478114128, -0.962712585926, -0.958974778652], "dvar2": [0.00788977462798, 0.00499431556091, 0.00327739212662, 0.00208602938801, 0.00123621057719, 0.00103171786759], "dvar": [0.00307244132273, 0.00207465630956, 0.0014792396687, 0.000973833899479, 0.000577398866881, 0.000446070713224], "dmean": [0.0556042529643, 0.0508514679968, 0.0425418615341, 0.033706586808, 0.0243217702955, 0.0222340095788], "max": [-0.362438648939, -0.382676541805, -0.398097723722, -0.474276125431, -0.515417456627, -0.646742999554], "var": [0.00791877880692, 0.00722536724061, 0.00633663497865, 0.00506828399375, 0.00328245735727, 0.00145874195732], "mean": [-0.639311850071, -0.747330784798, -0.781082868576, -0.796893000603, -0.805432379246, -0.780026257038]}, "melbands_skewness": {"dmean2": 2.67316651344, "median": 3.89370512962, "min": -4.79590177536, "dvar2": 10.5177984238, "dvar": 4.78960371017, "dmean": 1.77055895329, "max": 25.9912643433, "var": 25.0936069489, "mean": 5.45980215073}, "spectral_spread": {"dmean2": 1287826.75, "median": 6370534.5, "min": 2197388.25, "dvar2": 2314020585470.0, "dvar": 1144502222850.0, "dmean": 876535, "max": 40901964, "var": 4541665771520.0, "mean": 6740536.5}, "dissonance": {"dmean2": 0.0314433909953, "median": 0.474429637194, "min": 0.230077326298, "dvar2": 0.00110912742093, "dvar": 0.00042506257887, "dmean": 0.0188249591738, "max": 0.500000059605, "var": 0.00103601778392, "mean": 0.464901208878}, "spectral_skewness": {"dmean2": 0.314250171185, "median": 1.23139679432, "min": -0.154837325215, "dvar2": 0.135268688202, "dvar": 0.066164791584, "dmean": 0.207978576422, "max": 4.14309501648, "var": 0.22289416194, "mean": 1.18767046928}, "spectral_flux": {"dmean2": 0.0616458728909, "median": 0.0585735738277, "min": 4.31286243838e-05, "dvar2": 0.00916602369398, "dvar": 0.00489185005426, "dmean": 0.0410584658384, "max": 0.571893215179, "var": 0.00910781044513, "mean": 0.0872047320008}, "spectral_contrast_valleys": {"dmean2": [0.784537434578, 0.886745452881, 0.800808429718, 0.68809658289, 0.616624355316, 0.61858767271], "median": [-7.56279182434, -7.6461930275, -8.09003448486, -8.33382892609, -7.9413394928, -9.7430305481], "min": [-27.1241645813, -26.9617557526, -26.9808273315, -27.1350269318, -27.1589756012, -27.2537326813], "dvar2": [0.650353908539, 0.932040989399, 0.851651191711, 0.66571199894, 0.575573503971, 0.651481449604], "dvar": [0.371374934912, 0.406269133091, 0.398671507835, 0.321723461151, 0.27394002676, 0.30397644639], "dmean": [0.517189323902, 0.555432677269, 0.523842394352, 0.458001852036, 0.423122853041, 0.46652546525], "max": [-5.06768798828, -4.86529159546, -5.01532363892, -5.7416434288, -5.69468021393, -7.64914369583], "var": [2.89026546478, 1.68902480602, 1.5152336359, 1.44985461235, 1.07278192043, 0.851260721684], "mean": [-8.06327533722, -7.7437505722, -8.23913574219, -8.51596450806, -8.11780643463, -9.78411483765]}, "erbbands_flatness_db": {"dmean2": 0.03173141554, "median": 0.131484106183, "min": 0.0371231660247, "dvar2": 0.00106639624573, "dvar": 0.000506055541337, "dmean": 0.0208470057696, "max": 0.352256625891, "var": 0.00236886087805, "mean": 0.13984850049}, "spectral_energyband_high": {"dmean2": 0.00130576570518, "median": 0.000414071691921, "min": 9.7839170099e-10, "dvar2": 4.88513342134e-06, "dvar": 1.89530271655e-06, "dmean": 0.00081121083349, "max": 0.0158717092127, "var": 2.39367341237e-06, "mean": 0.00104649888817}, "spectral_entropy": {"dmean2": 0.36762791872, "median": 7.84887266159, "min": 4.61783361435, "dvar2": 0.199025318027, "dvar": 0.0897957980633, "dmean": 0.23828792572, "max": 9.80920410156, "var": 0.30855858326, "mean": 7.75490665436}, "silence_rate_20dB": {"dmean2": 0, "median": 1, "min": 1, "dvar2": 0, "dvar": 0, "dmean": 0, "max": 1, "var": 0, "mean": 1}, "melbands_flatness_db": {"dmean2": 0.0647475942969, "median": 0.226455628872, "min": 0.0122893629596, "dvar2": 0.00499358586967, "dvar": 0.0023276116699, "dmean": 0.0428456701338, "max": 0.672622740269, "var": 0.0128922089934, "mean": 0.238275885582}, "barkbands": {"dmean2": [0.000162800250109, 0.015402385965, 0.0148803880438, 0.00694731017575, 0.00321853603236, 0.000573298195377, 0.000768036057707, 0.000724799232557, 0.000670171750244, 0.000392657908378, 0.000445303798188, 0.000397897849325, 0.000266672141152, 0.000397982948925, 0.000331928022206, 0.000206869226531, 0.00014541267592, 0.000241506902967, 0.000194040097995, 0.000187800105778, 0.000330060662236, 0.000212992163142, 0.000418931740569, 0.000171265462996, 0.000141876342241, 6.33466333966e-05, 1.74601918843e-05], "median": [8.6470216047e-05, 0.00637729931623, 0.00534392381087, 6.50288711768e-05, 0.000139453099109, 9.24800187931e-05, 0.000153443834279, 5.39851789654e-05, 7.20963726053e-05, 7.07654689904e-05, 2.99369821732e-05, 4.63985270471e-05, 2.8121714422e-05, 4.9401227443e-05, 3.69324807252e-05, 3.86151441489e-05, 2.90459629468e-05, 4.17821902374e-05, 4.80718372273e-05, 4.9579408369e-05, 6.95820344845e-05, 4.08744053857e-05, 0.000109419837827, 4.85092714371e-05, 5.5439206335e-05, 1.31203669298e-05, 1.56994724421e-06], "min": [3.26856652855e-10, 1.83948700716e-09, 8.2581372296e-11, 4.77764182383e-11, 3.98237109955e-10, 3.01650843193e-10, 3.34118788192e-10, 1.72893435679e-11, 4.48694102706e-11, 2.72869782325e-11, 2.41660635947e-10, 9.81642059306e-11, 1.46028415055e-11, 8.80491859978e-12, 9.356668218e-12,