{"tonal": {"thpcp": [1, 0.588813662529, 0.268296539783, 0.203509911895, 0.241477206349, 0.626032471657, 0.959788322449, 0.622722566128, 0.298874080181, 0.308845937252, 0.225603550673, 0.235182732344, 0.337243318558, 0.268605232239, 0.311863750219, 0.437935650349, 0.300962865353, 0.17855116725, 0.21255916357, 0.231884270906, 0.457221716642, 0.566669106483, 0.303641915321, 0.128623977304, 0.103439800441, 0.161308720708, 0.477472305298, 0.689297378063, 0.453933626413, 0.314953029156, 0.364002972841, 0.273710429668, 0.280774205923, 0.460632413626, 0.651069283485, 0.950942397118], "hpcp": {"dmean2": [0.243282198906, 0.229928359389, 0.167403057218, 0.133658692241, 0.121805071831, 0.13142901659, 0.148700520396, 0.144847586751, 0.160886824131, 0.177065595984, 0.150298625231, 0.111687138677, 0.109431661665, 0.122037403286, 0.154696971178, 0.150961250067, 0.123750708997, 0.0847579985857, 0.0748026743531, 0.122129388154, 0.208018317819, 0.22073353827, 0.219284370542, 0.188878417015, 0.1690454036, 0.152580320835, 0.181578934193, 0.257245391607, 0.328391611576, 0.363437741995, 0.405863642693, 0.314638644457, 0.203679800034, 0.156765207648, 0.184678390622, 0.242166608572], "median": [0.17040476203, 0.103028699756, 0.0229812338948, 0.0094420555979, 0.00756123103201, 0.012080354616, 0.0133030461147, 0.0164641402662, 0.022544503212, 0.0214756317437, 0.0204352326691, 0.0194355919957, 0.0168050676584, 0.0260772742331, 0.0433469563723, 0.0442992821336, 0.0257256962359, 0.010576444678, 0.00612790184096, 0.0107119632885, 0.0582304745913, 0.0959873199463, 0.0576921924949, 0.0186387188733, 0.00930131785572, 0.00992618408054, 0.0156861767173, 0.0266684517264, 0.0658109337091, 0.166052564979, 0.179752588272, 0.0725599378347, 0.0150904841721, 0.00919186882675, 0.0124004352838, 0.0980673283339], "min": [0, 0, 0, 0, 0, 0, 0, 0, 0, 0, 0, 0, 0, 0, 0, 0, 0, 0, 0, 0, 0, 0, 0, 0, 0, 0, 0, 0, 0, 0, 0, 0, 0, 0, 0, 0], "dvar2": [0.0949541255832, 0.0886063352227, 0.074932359159, 0.067013271153, 0.0597616136074, 0.0637426823378, 0.0845595374703, 0.0694104805589, 0.0728672891855, 0.0828927084804, 0.0628646239638, 0.0483835302293, 0.0496269315481, 0.0483363568783, 0.0623371116817, 0.0632909983397, 0.0534750111401, 0.043075799942, 0.0352515876293, 0.0554983578622, 0.0982803404331, 0.0932035967708, 0.105128459632, 0.100584313273, 0.0956143736839, 0.0867895409465, 0.107711680233, 0.149499863386, 0.175920680165, 0.177192837, 0.198533415794, 0.167952388525, 0.130089744925, 0.0980926975608, 0.109986752272, 0.105776466429], "dvar": [0.0389849357307, 0.0332747325301, 0.0273556523025, 0.0248019509017, 0.0218968037516, 0.0227911192924, 0.0320159569383, 0.0254199821502, 0.0283934026957, 0.0366501323879, 0.0236454196274, 0.017177125439, 0.0181023105979, 0.0171598270535, 0.0234997086227, 0.0263640265912, 0.0195037797093, 0.0150406528264, 0.0124264815822, 0.0192295834422, 0.0347475782037, 0.0360137745738, 0.0367703214288, 0.0355287417769, 0.0347956418991, 0.0308525487781, 0.0369901135564, 0.0538834556937, 0.0642378851771, 0.0676920935512, 0.0762346386909, 0.0611600019038, 0.0463180691004, 0.0350396223366, 0.0388051383197, 0.039000429213], "dmean": [0.14573931694, 0.134216442704, 0.0941153243184, 0.0761748850346, 0.0684214755893, 0.0733782351017, 0.0849478244781, 0.0823476016521, 0.0930242910981, 0.103778168559, 0.0861991494894, 0.0622308850288, 0.0625717267394, 0.069061242044, 0.0912758558989, 0.0910351425409, 0.071809925139, 0.0475580357015, 0.0409648306668, 0.066882610321, 0.120229229331, 0.130064681172, 0.125074073672, 0.105877809227, 0.0954156890512, 0.0848021805286, 0.0996616184711, 0.142745837569, 0.185538098216, 0.210448846221, 0.233161091805, 0.177906870842, 0.111344881356, 0.0857592746615, 0.101256512105, 0.140428304672], "max": [1, 1, 1, 1, 1, 1, 1, 1, 1, 1, 1, 1, 1, 1, 1, 1, 1, 1, 1, 1, 1, 1, 1, 1, 1, 1, 1, 1, 1, 1, 1, 1, 1, 1, 1, 1], "var": [0.124212726951, 0.0635551810265, 0.035305224359, 0.051537245512, 0.0288754161447, 0.0264696888626, 0.0567810349166, 0.0315659157932, 0.0342885963619, 0.0675728395581, 0.0316303148866, 0.0140563733876, 0.0212148781866, 0.0188456252217, 0.0574797131121, 0.0869163572788, 0.031163694337, 0.0119053227827, 0.00994172040373, 0.0151694295928, 0.0527096614242, 0.0885300040245, 0.0479624196887, 0.0382040329278, 0.0594633743167, 0.0389610677958, 0.0341366901994, 0.0688290894032, 0.0881629139185, 0.122652709484, 0.127355203032, 0.0710822790861, 0.0384964793921, 0.0284571293741, 0.0326071567833, 0.0662234202027], "mean": [0.325071036816, 0.210910111666, 0.101225763559, 0.104603134096, 0.0764097422361, 0.0796541199088, 0.114221058786, 0.090973995626, 0.105625241995, 0.148324579, 0.101933211088, 0.0604735575616, 0.0719917342067, 0.0785369649529, 0.154856577516, 0.191925361753, 0.102840587497, 0.0435636974871, 0.0350340604782, 0.0546337030828, 0.161715254188, 0.233458355069, 0.153742939234, 0.10667154938, 0.123284287751, 0.0927030816674, 0.0950955078006, 0.156011745334, 0.220510885119, 0.322075009346, 0.338690340519, 0.199425503612, 0.0908694416285, 0.0689268410206, 0.0817859992385, 0.212031140924]}, "tuning_equal_tempered_deviation": 0.00378269259818, "chords_changes_rate": 0.0360655747354, "key_key": "G", "tuning_diatonic_strength": 0.56144285202, "key_scale": "major", "chords_number_rate": 0.00163934426382, "tuning_frequency": 440.508575439, "tuning_nontempered_energy_ratio": 0.689006328583, "chords_histogram": [2.4180328846, 1.17486333847, 12.3497266769, 6.93989086151, 13.9480876923, 0.273224055767, 0, 0, 0, 0.150273218751, 0.0273224040866, 0, 0.136612027884, 0, 0, 0.669398903847, 0, 9.93169403076, 4.24863386154, 7.1174864769, 6.77595615387, 12.0628414154, 6.55737686157, 15.2185792923], "key_strength": 0.676739156246, "chords_key": "E", "chords_strength": {"dmean2": 0.00771454581991, "median": 0.568727254868, "min": -1, "dvar2": 0.000564607733395, "dvar": 0.000307240406983, "dmean": 0.00850411690772, "max": 0.868503510952, "var": 0.0152008859441, "mean": 0.557624280453}, "chords_scale": "minor", "hpcp_entropy": {"dmean2": 0.902930378914, "median": 1.99316394329, "min": 0, "dvar2": 0.625564038754, "dvar": 0.226614415646, "dmean": 0.536997258663, "max": 4.30510091782, "var": 0.512000620365, "mean": 1.97808349133}}, "metadata": {"audio_properties": {"equal_loudness": 0, "codec": "flac", "downmix": "mix", "sample_rate": 44100, "analysis_sample_rate": 44100, "bit_rate": 0, "md5_encoded": "444749718c467a86f8102f59e0690844", "length": 339.880004883, "replay_gain": -10.5391998291, "lossless": true}, "version": {"essentia_build_sha": "70f2e5ece6736b2c40cc944ad0e695b16b925413", "essentia": "2.1-beta2", "extractor": "music 1.0", "essentia_git_sha": "v2.1_beta2"}, "tags": {"title": ["All and Everyone"], "barcode": ["601091065123"], "media": ["CD"], "albumartist": ["PJ Harvey"], "tracktotal": ["12"], "language": ["eng"], "performer": ["PJ Harvey (saxophone)", "PJ Harvey (autoharp)", "John Parish (drums)", "PJ Harvey (guitar)", "John Parish (vocal)", "Mick Harvey (vocal)", "PJ Harvey (vocal)", "Jean-Marc Butty (vocal)", "Mick Harvey (organ)", "Mick Harvey (bass harmonica)", "John Parish (trombone)"], "releasetype": ["album"], "musicbrainz_recordingid": ["0d9921a7-4f5c-4a1a-9704-fb03b502ceaf"], "musicbrainz_releasegroupid": ["9d504fde-1b02-4c14-b484-bcf94570153a"], "musicbrainz_albumartistid": ["e795e03d-b5d5-4a5f-834d-162cfb308a2c"], "originaldate": ["2011-02-14"], "discnumber": ["1"], "catalognumber": ["VR651"], "releasecountry": ["US"], "file_name": "05. All and Everyone.flac", "musicip_puid": ["4ec094d1-5352-bdec-0455-054f7b42dd43"], "albumartistsort": ["Harvey, PJ"], "date": ["2011-02-15"], "genre": ["Rock"], "disctotal": ["1"], "releasestatus": ["official"], "musicbrainz_artistid": ["e795e03d-b5d5-4a5f-834d-162cfb308a2c"], "asin": ["B004GHYCKW"], "musicbrainz_albumid": ["ca453b43-f905-43b0-b6be-119e04daac41"], "artist": ["PJ Harvey"], "tracknumber": ["5"], "artistsort": ["Harvey, PJ"], "album": ["Let England Shake"], "label": ["Vagrant Records"], "isrc": ["GBUM71027776"], "totaldiscs": ["1"], "script": ["Latn"], "totaltracks": ["12"]}}, "rhythm": {"bpm_histogram_first_peak_bpm": {"dmean2": 0, "median": 152, "min": 152, "dvar2": 0, "dvar": 0, "dmean": 0, "max": 152, "var": 0, "mean": 152}, "bpm": 152.989532471, "bpm_histogram_second_peak_spread": {"dmean2": 0, "median": 0.0765306353569, "min": 0.0765306353569, "dvar2": 0, "dvar": 0, "dmean": 0, "max": 0.0765306353569, "var": 0, "mean": 0.0765306353569}, "bpm_histogram_first_peak_weight": {"dmean2": 0, "median": 0.316602319479, "min": 0.316602319479, "dvar2": 0, "dvar": 0, "dmean": 0, "max": 0.316602319479, "var": 0, "mean": 0.316602319479}, "onset_rate": 2.63317608833, "beats_position": [0.417959183455, 0.824308395386, 1.24226760864, 1.63700675964, 2.04335594177, 2.43809509277, 2.8444442749, 3.23918366432, 3.63392281532, 4.02866220474, 4.42340135574, 4.80653047562, 5.20126962662, 5.58439922333, 5.9675283432, 6.3622674942, 6.7570066452, 7.14013576508, 7.52326536179, 7.91800451279, 8.31274318695, 8.6958732605, 9.07900238037, 9.46213150024, 9.84526062012, 10.22838974, 10.6115188599, 10.9946479797, 11.3777770996, 11.7609071732, 12.144036293, 12.5271654129, 12.9102945328, 13.2934236526, 13.6765527725, 14.0596818924, 14.4428119659, 14.8259410858, 15.2090702057, 15.5805892944, 15.9521083832, 16.3468475342, 16.7415866852, 17.1363258362, 17.5310649872, 17.9025840759, 18.2857131958, 18.6688423157, 19.0519733429, 19.4351024628, 19.8298416138, 20.2129707336, 20.5960998535, 20.9792289734, 21.3623580933, 21.733877182, 22.1170063019, 22.5117454529, 22.9064846039, 23.3012237549, 23.6843528748, 24.0674819946, 24.4506111145, 24.8337402344, 25.2168693542, 25.6000003815, 25.9831295013, 26.3778686523, 26.7726078033, 27.1557369232, 27.5388660431, 27.9336051941, 28.316734314, 28.6998634338, 29.0946025848, 29.4893417358, 29.8608608246, 30.2439899445, 30.6271190643, 30.9986381531, 31.3817672729, 31.7648983002, 32.1596374512, 32.542766571, 32.9258956909, 33.2974128723, 33.6805419922, 34.0636711121, 34.4468002319, 34.8299331665, 35.2246704102, 35.5961914062, 35.9909286499, 36.3856697083, 36.7920188904, 37.2099761963, 37.6279373169, 38.0575065613, 38.638004303, 39.1952819824, 39.7641716003, 40.3330612183, 40.8903388977, 41.4476165771, 42.0048980713, 42.5621757507, 43.1194534302, 43.6767349243, 44.2340126038, 44.7912902832, 45.3485717773, 45.9058494568, 46.4631271362, 47.0204086304, 47.5776863098, 48.1349639893, 48.6806335449, 49.2495231628, 49.8068008423, 50.3640823364, 50.9213600159, 51.4786376953, 52.0359191895, 52.5931968689, 53.1504745483, 53.696144104, 54.2418136597, 54.7990913391, 55.3563690186, 55.9136505127, 56.4593200684, 57.0165977478, 57.5738754272, 58.1311569214, 58.6768226624, 59.2341041565, 59.7913818359, 60.3486595154, 60.9059410095, 61.463218689, 62.0204963684, 62.5661659241, 63.1234474182, 63.6807250977, 64.2380065918, 64.7836685181, 65.3293380737, 65.8750076294, 66.4206771851, 66.9663467407, 67.5004043579, 68.0344696045, 68.5685272217, 69.1141967773, 69.659866333, 70.2055282593, 70.7511978149, 71.3084793091, 71.8541488647, 72.3998184204, 72.9454879761, 73.5027618408, 74.060043335, 74.6057128906, 75.1513824463, 75.6854400635, 76.2427215576, 76.7999954224, 77.345664978, 77.8913345337, 78.4370040894, 78.982673645, 79.5283432007, 80.0740127563, 80.619682312, 81.1537399292, 81.6994094849, 82.2450790405, 82.7907485962, 83.3248062134, 83.870475769, 84.4045333862, 84.9502029419, 85.4958724976, 86.0299301147, 86.5755996704, 87.1328811646, 87.6785507202, 88.2126083374, 88.7466659546, 89.2807235718, 89.814781189, 90.3488388062, 90.8829040527, 91.4401779175, 91.9742355347, 92.5199050903, 93.065574646, 93.5996322632, 94.1336975098, 94.667755127, 95.2134246826, 95.7590942383, 96.2931518555, 96.8272094727, 97.3612670898, 97.895324707, 98.4293823242, 98.9402236938, 99.474281311, 100.019950867, 100.565620422, 101.08807373, 101.622131348, 102.156188965, 102.701858521, 103.235916138, 103.769973755, 104.315643311, 104.849700928, 105.383758545, 105.929428101, 106.475097656, 107.020767212, 107.554824829, 108.088890076, 108.634559631, 109.180221558, 109.725891113, 110.271560669, 110.805618286, 111.339683533, 111.87374115, 112.419410706, 112.930244446, 113.359817505, 113.800994873, 114.242172241, 114.648521423, 115.066482544, 115.484443665, 115.902404785, 116.297142029, 116.691879272, 117.086616516, 117.516189575, 117.945755005, 118.363716125, 118.793289185, 119.211242676, 119.629203796, 120.047164917, 120.465126038, 120.87147522, 121.277824402, 121.672561646, 122.067298889, 122.473648071, 122.868385315, 123.274734497, 123.66947937, 124.064216614, 124.458953857, 124.86530304, 125.271652222, 125.666389465, 126.061134338, 126.455871582, 126.850608826, 127.245346069, 127.640090942, 128.034820557, 128.42956543, 128.835922241, 129.242263794, 129.637008667, 130.04335022, 130.449707031, 130.856048584, 131.262405396, 131.65713501, 132.051879883, 132.435012817, 132.818145752, 133.212875366, 133.607620239, 134.002349854, 134.397094727, 134.7918396, 135.186569214, 135.581314087, 135.97605896, 136.382400513, 136.777145386, 137.183486938, 137.578231812, 137.972961426, 138.379318237, 138.78565979, 139.180404663, 139.575149536, 139.96987915, 140.364624023, 140.770965576, 141.177322388, 141.572067261, 141.978408813, 142.384765625, 142.779495239, 143.197463989, 143.603805542, 144.010162354, 144.404891968, 144.799636841, 145.194366455, 145.600723267, 146.007064819, 146.413421631, 146.808166504, 147.202896118, 147.60925293, 148.015594482, 148.421951294, 148.816680908, 149.211425781, 149.606170654, 150.012512207, 150.418869019, 150.825210571, 151.231567383, 151.626296997, 152.02104187, 152.415786743, 152.810516357, 153.20526123, 153.599990845, 153.994735718, 154.389480591, 154.784210205, 155.178955078, 155.585296631, 156.038085938, 156.479278564, 156.920455933, 157.361633301, 157.802810669, 158.255599976, 158.708389282, 159.14956665, 159.590744019, 160.031921387, 160.473098755, 160.867843628, 161.262588501, 161.668930054, 162.110107422, 162.55128479, 162.980865479, 163.410430908, 163.956100464, 164.513381958, 165.070648193, 165.627929688, 166.173599243, 166.719268799, 167.264938354, 167.822219849, 168.367889404, 168.925170898, 169.482452393, 170.028121948, 170.585388184, 171.131057739, 171.688339233, 172.222396851, 172.756454468, 173.290512085, 173.859405518, 174.42829895, 174.985580444, 175.519638062, 176.065307617, 176.610977173, 177.14503479, 177.690704346, 178.236373901, 178.770431519, 179.316101074, 179.850158691, 180.395828247, 180.929885864, 181.463943481, 181.998001099, 182.532058716, 183.077728271, 183.623397827, 184.157455444, 184.691513062, 185.225570679, 185.771240234, 186.305297852, 186.850967407, 187.396636963, 187.942306519, 188.476364136, 189.022033691, 189.567703247, 190.101760864, 190.624221802, 191.158279419, 191.703948975, 192.238006592, 192.772064209, 193.306121826, 193.840179443, 194.385848999, 194.931518555, 195.465576172, 195.999633789, 196.533691406, 197.067749023, 197.601806641, 198.135864258, 198.669921875, 199.203994751, 199.738052368, 200.272109985, 200.806167603, 201.34022522, 201.874282837, 202.419952393, 202.965621948, 203.511291504, 204.068572998, 204.614242554, 205.07862854, 205.531417847, 205.984207153, 206.42539978, 206.843353271, 207.261306763, 207.679275513, 208.085617065, 208.491973877, 208.886703491, 209.293060303, 209.699401855, 210.094146729, 210.488891602, 210.872009277, 211.255142212, 211.638275146, 212.021408081, 212.404525757, 212.787658691, 213.170791626, 213.553924561, 213.948654175, 214.331787109, 214.726531982, 215.109649658, 215.504394531, 215.899139404, 216.305480957, 216.711837769, 217.106567383, 217.501312256, 217.896057129, 218.290786743, 218.685531616, 219.08026123, 219.475006104, 219.869750977, 220.264480591, 220.659225464, 221.053970337, 221.46031189, 221.866668701, 222.261398315, 222.667755127, 223.07409668, 223.468841553, 223.875183105, 224.269927979, 224.676269531, 225.071014404, 225.465759277, 225.860488892, 226.266845703, 226.673187256, 227.067932129, 227.462677002, 227.857406616, 228.252151489, 228.646896362, 229.041625977, 229.447982788, 229.831100464, 230.225845337, 230.62059021, 231.003707886, 231.398452759, 231.781585693, 232.176315308, 232.571060181, 232.965805054, 233.360534668, 233.755279541, 234.161621094, 234.567977905, 234.974319458, 235.38067627, 235.775421143, 236.170150757, 236.553283691, 236.936416626, 237.33114624, 237.725891113, 238.120635986, 238.515365601, 238.910110474, 239.304855347, 239.699584961, 240.094329834, 240.489059448, 240.883804321, 241.278549194, 241.684890747, 242.091247559, 242.485977173, 242.880722046, 243.275466919, 243.670196533, 244.064941406, 244.459671021, 244.854415894, 245.249160767, 245.643890381, 246.038635254, 246.444976807, 246.851333618, 247.257675171, 247.664031982, 248.070373535, 248.476730347, 248.87147522, 249.266204834, 249.672561646, 250.06729126, 250.462036133, 250.856781006, 251.25151062, 251.657867432, 252.052597046, 252.447341919, 252.842086792, 253.236816406, 253.643173218, 254.049514771, 254.444259644, 254.839004517, 255.245346069, 255.640090942, 256.046447754, 256.441162109, 256.835906982, 257.230651855, 257.625396729, 258.020141602, 258.403259277, 258.786376953, 259.181121826, 259.575866699, 259.970611572, 260.388580322, 260.783294678, 261.178039551, 261.561187744, 261.94430542, 262.339050293, 262.733795166, 263.128509521, 263.534881592, 263.941223145, 264.335968018, 264.719085693, 265.102203369, 265.496948242, 265.891693115, 266.286437988, 266.681182861, 267.075927734, 267.47064209, 267.853790283, 268.236907959, 268.631652832, 269.026397705, 269.421142578, 269.815856934, 270.199005127, 270.582122803, 270.965270996, 271.348388672, 271.743133545, 272.137878418, 272.532592773, 272.927337646, 273.32208252, 273.705200195, 274.088348389, 274.471466064, 274.85458374, 275.249328613, 275.644073486, 276.038818359, 276.433563232, 276.828308105, 277.211425781, 277.594543457, 277.97769165, 278.360809326, 278.755554199, 279.150299072, 279.545043945, 279.939758301, 280.322906494, 280.70602417, 281.089141846, 281.472290039, 281.867034912, 282.261749268, 282.656494141, 283.039642334, 283.42276001, 283.794281006, 284.177398682, 284.560546875, 284.955291748, 285.350006104, 285.744750977, 286.13949585, 286.511016846, 286.894134521, 287.277282715, 287.672027588, 288.066741943, 288.461486816, 288.84463501, 289.227752686, 289.610870361, 289.994018555, 290.38873291, 290.771881104, 291.154998779, 291.549743652, 291.944488525, 292.339233398, 292.722351074, 293.10546875, 293.500213623, 293.883361816, 294.266479492, 294.649597168, 295.032745361, 295.404266357, 295.787384033, 296.170501709, 296.553649902, 296.936767578, 297.331512451, 297.726257324, 298.121002197, 298.515716553, 298.887237549, 299.270385742, 299.653503418, 300.048248291, 300.431365967, 300.81451416, 301.186035156, 301.569152832, 301.952270508, 302.335418701, 302.718536377, 303.10168457, 303.484802246, 303.879547119, 304.262664795, 304.657409668, 305.040527344, 305.423675537, 305.806793213, 306.201538086, 306.584655762, 306.967803955, 307.350921631, 307.745666504, 308.12878418, 308.511932373, 308.895050049, 309.278167725, 309.672912598, 310.067657471, 310.450775146, 310.84552002, 311.240264893, 311.623382568, 312.006530762, 312.401275635, 312.784393311, 313.167510986, 313.55065918, 313.945404053, 314.328521729, 314.711639404, 315.094787598, 315.489532471, 315.884246826, 316.278991699, 316.673736572, 317.056854248, 317.440002441, 317.823120117, 318.206237793, 318.600982666, 318.995727539, 319.378845215, 319.761993408, 320.145111084, 320.528259277, 320.911376953, 321.294494629, 321.677642822, 322.060760498, 322.455505371, 322.850250244, 323.244995117, 323.628112793, 324.011230469, 324.394378662, 324.777496338, 325.172241211, 325.566986084, 325.961730957, 326.344848633, 326.727966309, 327.099487305, 327.482635498, 327.865753174, 328.24887085, 328.632019043, 329.015136719, 329.398284912, 329.781402588, 330.164520264, 330.547668457, 330.919189453, 331.302307129, 331.697052002, 332.080169678, 332.463317871, 332.858032227, 333.24118042, 333.624298096, 334.019042969, 334.413787842, 334.808532715, 335.191650391, 335.574768066, 335.969512939, 336.352661133, 336.747375488, 337.153747559, 337.560089111, 337.966430664, 338.384399414, 338.802337646, 339.220306396], "beats_loudness": {"dmean2": 0.0410175770521, "median": 0.0304010510445, "min": 0, "dvar2": 0.000987739185803, "dvar": 0.000332521012751, "dmean": 0.0226862188429, "max": 0.140611276031, "var": 0.000620308623184, "mean": 0.0360531546175}, "danceability": 1.1583353281, "bpm_histogram_second_peak_weight": {"dmean2": 0, "median": 0.232947230339, "min": 0.232947230339, "dvar2": 0, "dvar": 0, "dmean": 0, "max": 0.232947230339, "var": 0, "mean": 0.232947230339}, "beats_count": 778, "bpm_histogram_second_peak_bpm": {"dmean2": 0, "median": 157, "min": 157, "dvar2": 0, "dvar": 0, "dmean": 0, "max": 157, "var": 0, "mean": 157}, "bpm_histogram_first_peak_spread": {"dmean2": 0, "median": 0.238390088081, "min": 0.238390088081, "dvar2": 0, "dvar": 0, "dmean": 0, "max": 0.238390088081, "var": 0, "mean": 0.238390088081}, "beats_loudness_band_ratio": {"dmean2": [0.432963937521, 0.314927637577, 0.198005795479, 0.0979917570949, 0.07486307621, 0.0414121039212], "median": [0.506837069988, 0.258759856224, 0.099805906415, 0.0278502199799, 0.0294201821089, 0.0100611438975], "min": [0, 0, 0, 0, 0, 0], "dvar2": [0.0949181392789, 0.0577299259603, 0.0321818888187, 0.0151132699102, 0.00954439397901, 0.00597771955654], "dvar": [0.0392954945564, 0.0222819373012, 0.0110716177151, 0.00547107961029, 0.00330339814536, 0.00203563994728], "dmean": [0.253726959229, 0.186957404017, 0.110272891819, 0.0536798536777, 0.0427053868771, 0.0231101214886], "max": [0.953343629837, 0.965749204159, 0.647569358349, 0.535146534443, 0.452321410179, 0.496419489384], "var": [0.0730548277497, 0.0426971279085, 0.0146564617753, 0.00489707430825, 0.00327882356942, 0.00153744698036], "mean": [0.477318704128, 0.309316426516, 0.137239962816, 0.0536603070796, 0.0494200065732, 0.024140574038]}}, "lowlevel": {"barkbands_spread": {"dmean2": 5.5540971756, "median": 11.7995252609, "min": 0.422548919916, "dvar2": 50.9115409851, "dvar": 23.3760910034, "dmean": 3.57652616501, "max": 94.967956543, "var": 121.142333984, "mean": 15.0883455276}, "melbands_spread": {"dmean2": 6.56022262573, "median": 11.8252754211, "min": 0.600486278534, "dvar2": 83.2994842529, "dvar": 36.475528717, "dmean": 4.16873788834, "max": 152.978256226, "var": 229.838348389, "mean": 15.4696340561}, "hfc": {"dmean2": 5.13247251511, "median": 9.1967458725, "min": 1.08319168865e-16, "dvar2": 76.8383865356, "dvar": 38.6810684204, "dmean": 3.49893641472, "max": 151.268310547, "var": 237.349258423, "mean": 14.4753837585}, "barkbands_kurtosis": {"dmean2": 5.44518136978, "median": 3.47968053818, "min": -1.94616627693, "dvar2": 100.793266296, "dvar": 40.3831825256, "dmean": 3.42215394974, "max": 270.447814941, "var": 115.158905029, "mean": 6.90367603302}, "gfcc": {"mean": [-63.3696556091, 145.986480713, -117.370071411, 35.6866264343, -35.1846237183, -17.2884674072, -30.2703495026, 5.12369394302, -17.751077652, -7.03389310837, -13.6248197556, -10.4963169098, -3.50163125992], "icov": [[0.000174982531462, -0.000466743687866, 0.000358072022209, -0.00052158680046, 0.000514121667948, -0.000413908972405, 0.000382768688723, -0.000344913394656, 0.000481183582451, -0.00051495898515, 0.000509549106937, -0.000335170130711, 0.000214827945456], [-0.000466743687866, 0.0036535167601, -0.000391471578041, 0.00224597123452, -0.00308960140683, 0.0021808068268, -0.00226642237976, 0.00135582778603, -0.00274014729075, 0.00327076460235, -0.00240361341275, 0.00212451023981, -0.000635001109913], [0.000358072022209, -0.000391471578041, 0.00305383559316, -0.000997214810923, -0.000321077910485, -0.00163616565987, 0.00149937462993, -0.000409837404732, -0.000169744409504, -0.000861066801008, 0.00297371740453, -0.0017903004773, 0.00150158687029], [-0.00052158680046, 0.00224597123452, -0.000997214810923, 0.00421993341297, -0.00272098276764, 0.000844684720505, -0.000305316672893, 0.00171027658507, -0.00268967915326, 0.0013145004632, -0.00238920445554, 0.00254225847311, -0.00167559715919], [0.000514121667948, -0.00308960140683, -0.000321077910485, -0.00272098276764, 0.00679448619485, -0.000520984118339, -0.000367547443602, -0.000447851314675, 0.000912720162887, -0.00245528202504, 0.000778484216426, -0.000473402848002, 0.000373541930458], [-0.000413908972405, 0.0021808068268, -0.00163616565987, 0.000844684720505, -0.000520984118339, 0.00523710297421, -0.0027716557961, -0.000451383559266, 0.000156443391461, 0.00102003186475, -0.00360857602209, 0.00229260255583, -0.000455611443613], [0.000382768688723, -0.00226642237976, 0.00149937462993, -0.000305316672893, -0.000367547443602, -0.0027716557961, 0.00826155114919, -0.00152871070895, 0.000759816670325, -0.000699683441781, 0.000250150013017, -0.00113502098247, -0.00049272342585], [-0.000344913394656, 0.00135582778603, -0.000409837404732, 0.00171027658507, -0.000447851314675, -0.000451383559266, -0.00152871070895, 0.010540981777, -0.00605440605432, 0.00259772199206, 0.000670232926495, -0.000271694472758, -0.0024268811103], [0.000481183582451, -0.00274014729075, -0.000169744409504, -0.00268967915326, 0.000912720162887, 0.000156443391461, 0.000759816670325, -0.00605440605432, 0.0141279399395, -0.00292257079855, 0.00222876970656, -0.00131703563966, 0.00240886863321], [-0.00051495898515, 0.00327076460235, -0.000861066801008, 0.0013145004632, -0.00245528202504, 0.00102003186475, -0.000699683441781, 0.00259772199206, -0.00292257079855, 0.0148338554427, -0.00614800211042, 0.00372476596385, 0.00122221186757], [0.000509549106937, -0.00240361341275, 0.00297371740453, -0.00238920445554, 0.000778484216426, -0.00360857602209, 0.000250150013017, 0.000670232926495, 0.00222876970656, -0.00614800211042, 0.0159979537129, -0.00338954734616, 0.00189116667025], [-0.000335170130711, 0.00212451023981, -0.0017903004773, 0.00254225847311, -0.000473402848002, 0.00229260255583, -0.00113502098247, -0.000271694472758, -0.00131703563966, 0.00372476596385, -0.00338954734616, 0.0137539096177, -0.00179290631786], [0.000214827945456, -0.000635001109913, 0.00150158687029, -0.00167559715919, 0.000373541930458, -0.000455611443613, -0.00049272342585, -0.0024268811103, 0.00240886863321, 0.00122221186757, 0.00189116667025, -0.00179290631786, 0.0158763155341]], "cov": [[17719.9179688, -734.489868164, -1429.15551758, 1163.36096191, -1077.11584473, 883.875, -425.339141846, 17.3259830475, -425.580383301, 359.767547607, 181.932998657, -164.972702026, 25.5300979614], [-734.489868164, 1733.75378418, -312.399230957, -372.899505615, 560.202331543, -485.293701172, 380.155181885, 22.1885814667, 189.781768799, -196.129760742, 27.5728340149, -42.7145652771, 35.7520256042], [-1429.15551758, -312.399230957, 748.404296875, 103.984779358, 58.6032485962, 89.6797103882, -112.878067017, 21.9198951721, 56.9181137085, 12.5804338455, -95.5270004272, 42.3995285034, -45.3612480164], [1163.36096191, -372.899505615, 103.984779358, 648.316162109, 39.3671150208, 162.981323242, -107.421699524, -55.9107475281, -1.27949237823, 110.851615906, 50.6964645386, -74.1633758545, -2.95106196404], [-1077.11584473, 560.202331543, 58.6032485962, 39.3671150208, 469.775238037, -149.007446289, 145.418548584, -16.9247627258, 96.929901123, -24.8349628448, 24.1630439758, -37.4959335327, 2.28232264519], [883.875, -485.293701172, 89.6797103882, 162.981323242, -149.007446289, 476.806427002, -21.1833496094, 7.86631774902, -75.6713790894, 86.0865020752, 60.9330825806, -25.0162258148, -10.1460399628], [-425.339141846, 380.155181885, -112.878067017, -107.421699524, 145.418548584, -21.1833496094, 258.152679443, 26.6843395233, 36.6566848755, -41.2583427429, 33.4689941406, -7.87429141998, 21.0988941193], [17.3259830475, 22.1885814667, 21.9198951721, -55.9107475281, -16.9247627258, 7.86631774902, 26.6843395233, 154.061950684, 55.4141693115, -37.3807487488, -33.3014450073, 23.1995067596, 18.737859726], [-425.580383301, 189.781768799, 56.9181137085, -1.27949237823, 96.929901123, -75.6713790894, 36.6566848755, 55.4141693115, 138.48588562, -20.9894180298, -19.9570388794, 1.55325114727, -3.85643649101], [359.767547607, -196.129760742, 12.5804338455, 110.851615906, -24.8349628448, 86.0865020752, -41.2583427429, -37.3807487488, -20.9894180298, 132.778442383, 46.6411018372, -28.4725379944, -21.9512348175], [181.932998657, 27.5728340149, -95.5270004272, 50.6964645386, 24.1630439758, 60.9330825806, 33.4689941406, -33.3014450073, -19.9570388794, 46.6411018372, 117.845741272, -15.1540966034, -6.15669345856], [-164.972702026, -42.7145652771, 42.3995285034, -74.1633758545, -37.4959335327, -25.0162258148, -7.87429141998, 23.1995067596, 1.55325114727, -28.4725379944, -15.1540966034, 102.297576904, 7.46649646759], [25.5300979614, 35.7520256042, -45.3612480164, -2.95106196404, 2.28232264519, -10.1460399628, 21.0988941193, 18.737859726, -3.85643649101, -21.9512348175, -6.15669345856, 7.46649646759, 75.0760574341]]}, "spectral_energyband_middle_low": {"dmean2": 0.00733633618802, "median": 0.0105926310644, "min": 1.49868817138e-22, "dvar2": 0.000108713975351, "dvar": 4.28684943472e-05, "dmean": 0.00453419191763, "max": 0.103060439229, "var": 9.38996090554e-05, "mean": 0.0127510046586}, "melbands_crest": {"dmean2": 5.3096408844, "median": 14.237361908, "min": 1.54908156395, "dvar2": 20.1637821198, "dvar": 7.76912879944, "dmean": 3.26110553741, "max": 32.4948234558, "var": 26.9447212219, "mean": 14.9833030701}, "spectral_kurtosis": {"dmean2": 6.85480546951, "median": 6.06445884705, "min": -1.27578437328, "dvar2": 59.276184082, "dvar": 19.7478923798, "dmean": 3.95507407188, "max": 54.8340187073, "var": 45.8932418823, "mean": 8.18834781647}, "spectral_rms": {"dmean2": 0.0012460120488, "median": 0.00472170533612, "min": 3.11091972495e-12, "dvar2": 1.95834104488e-06, "dvar": 7.92137541339e-07, "dmean": 0.000782836228609, "max": 0.0135248918086, "var": 4.06364915762e-06, "mean": 0.00481437984854}, "zerocrossingrate": {"dmean2": 0.00747200101614, "median": 0.03125, "min": 0.00439453125, "dvar2": 9.33575793169e-05, "dvar": 6.64487233735e-05, "dmean": 0.00595357548445, "max": 0.51953125, "var": 0.00188196531963, "mean": 0.039573661983}, "silence_rate_60dB": {"dmean2": 0.0229555238038, "median": 0, "min": 0, "dvar2": 0.0283022038639, "dvar": 0.0113474465907, "dmean": 0.0114769777283, "max": 1, "var": 0.0530579201877, "mean": 0.0562196858227}, "erbbands_kurtosis": {"dmean2": 1.24598276615, "median": -0.201969146729, "min": -1.88406443596, "dvar2": 4.37042808533, "dvar": 1.83449101448, "dmean": 0.799041211605, "max": 56.0238456726, "var": 5.51740407944, "mean": 0.387810260057}, "erbbands": {"dmean2": [0.100092895329, 1.93199276924, 6.01100921631, 5.67960548401, 11.5006074905, 17.6973361969, 15.9353189468, 10.7022123337, 15.9932222366, 13.1245012283, 12.3483343124, 18.1508693695, 14.9347105026, 12.5466547012, 4.3781208992, 10.0567159653, 22.6352386475, 15.6810970306, 20.0096626282, 18.1633281708, 16.0295619965, 10.8849105835, 8.22290802002, 14.4886522293, 5.7993388176, 6.07779836655, 8.25664520264, 3.30070924759, 1.18079805374, 0.799603641033, 0.726828813553, 0.873871028423, 0.443252295256, 0.166320309043, 0.0843514055014, 0.0378460474312, 0.0104590486735, 0.00167527247686, 0.000141154421726, 2.06868480745e-05], "median": [0.0441891662776, 0.876995682716, 2.65316009521, 2.48318696022, 6.73118972778, 13.2757329941, 11.590423584, 6.88374996185, 7.47337675095, 7.43090057373, 9.02255249023, 12.5139322281, 10.557056427, 5.66633987427, 3.07293558121, 3.41513490677, 3.86613702774, 3.09456181526, 3.88941526413, 5.84166526794, 9.84933853149, 6.96247434616, 4.41127872467, 5.27684164047, 2.46628141403, 1.81325507164, 1.00683414936, 0.395866453648, 0.143230244517, 0.0500786975026, 0.0444715134799, 0.0442545413971, 0.0249433293939, 0.00946903973818, 0.00297545222566, 0.000867250200827, 0.000309891620418, 0.000235223618802, 2.60698016064e-05, 2.85941405309e-05], "min": [3.19235221383e-23, 4.23443847937e-22, 3.11763100596e-21, 2.01782309379e-21, 1.57510811358e-20, 2.94916804057e-20, 3.3824003321e-20, 5.84823349294e-20, 7.44283414996e-20, 1.91999076253e-19, 2.92453195236e-19, 3.09382661394e-19, 5.63163017494e-19, 9.56501615929e-19, 9.36630359471e-19, 1.39483527247e-18, 1.41163055442e-18, 2.03576841529e-18, 2.43311144677e-18, 2.94808224969e-18, 4.54913933574e-18, 4.05822749452e-18, 6.09661145491e-18, 5.08687869861e-18, 8.53770416062e-18, 8.42550703669e-18, 8.79087105889e-18, 1.08265145699e-17, 1.2028866258e-17, 1.08197234171e-17, 1.23913864333e-17, 9.82144380355e-18, 9.78551355928e-18, 8.36129217856e-18, 5.94081860398e-18, 4.1025751287e-18, 2.07753586635e-18, 9.10504273414e-19, 2.58644695089e-19, 2.54674224918e-20], "dvar2": [0.0474528372288, 9.75278663635, 89.1048736572, 193.340393066, 322.81048584, 1011.16107178, 730.278442383, 552.66204834, 2239.94458008, 1333.3494873, 827.878112793, 2512.3918457, 1275.8614502, 1003.20550537, 100.046363831, 2406.20166016, 11983.3378906, 4841.00195312, 7385.1015625, 5701.43652344, 2131.01831055, 847.44354248, 570.661499023, 1513.23608398, 194.53187561, 320.238220215, 711.975708008, 134.794204712, 27.6142635345, 15.2939167023, 8.79287147522, 11.59953022, 2.81155204773, 0.418994486332, 0.123759165406, 0.063937574625, 0.00368920620531, 6.79186341586e-05, 5.01528347741e-07, 2.0931272271e-09], "dvar": [0.0181863903999, 3.45999884605, 35.1833190918, 66.5004959106, 115.633354187, 412.151977539, 318.032867432, 231.875808716, 848.724975586, 527.845581055, 353.646881104, 1064.515625, 531.360168457, 397.027313232, 39.6132202148, 1070.21203613, 5290.61767578, 2212.88378906, 3387.72094727, 2545.8425293, 919.94342041, 347.07635498, 234.49156189, 655.776611328, 85.1338272095, 151.989562988, 360.628631592, 59.6595802307, 13.620470047, 8.517121315, 4.89028453827, 5.75725507736, 1.34642255306, 0.178628310561, 0.0590585321188, 0.0360046252608, 0.00214359699748, 3.12207885145e-05, 2.3318720821e-07, 8.78798145365e-10], "dmean": [0.0617810413241, 1.14507114887, 3.69917941093, 3.29146027565, 6.79403305054, 10.8661298752, 10.0963611603, 6.7190618515, 10.0041828156, 8.35846042633, 8.18225288391, 12.1401386261, 10.2012271881, 8.07793903351, 2.72091412544, 6.45894813538, 15.1779880524, 10.2484226227, 13.1270256042, 11.614528656, 10.1487531662, 6.77985048294, 5.2991976738, 9.31817531586, 3.71984696388, 4.09483480453, 5.60770893097, 2.18797826767, 0.812569320202, 0.557631611824, 0.503147602081, 0.58698040247, 0.296490520239, 0.109198838472, 0.0566527955234, 0.0271921176463, 0.00742039643228, 0.00108963670209, 9.09168957151e-05, 1.31393344418e-05], "max": [2.06399321556, 22.0090293884, 81.0400390625, 136.206390381, 180.847213745, 472.449157715, 328.144561768, 588.344665527, 1351.9864502, 661.153259277, 930.280578613, 1200.44006348, 558.36920166, 455.959472656, 323.71194458, 1748.31628418, 2406.07055664, 1648.49536133, 2348.95483398, 1585.79589844, 1024.67260742, 669.088989258, 501.988189697, 934.375549316, 251.43421936, 374.787658691, 671.253417969, 207.474105835, 188.090179443, 139.593109131, 114.052230835, 97.9603118896, 53.7358703613, 11.2821722031, 8.76546859741, 16.0052661896, 3.48855066299, 0.300785273314, 0.0240710321814, 0.00154050928541], "var": [0.0245651397854, 5.0745844841, 68.6138381958, 64.2515258789, 184.915298462, 699.505493164, 608.868652344, 486.023620605, 1263.99389648, 967.999328613, 878.964294434, 2510.17089844, 1821.63745117, 1153.82653809, 114.423324585, 2117.38427734, 13608.9599609, 4891.32568359, 8564.53613281, 4963.15722656, 2108.65356445, 898.426757812, 704.56463623, 1975.54614258, 341.251861572, 426.21194458, 997.763671875, 137.600082397, 43.7137489319, 33.4710578918, 22.3833656311, 21.0657844543, 3.73725676537, 0.327262401581, 0.142415463924, 0.0981371328235, 0.00629259087145, 6.96975112078e-05, 5.08537823407e-07, 1.613702727e-09], "mean": [0.0972543880343, 1.75311470032, 6.16111803055, 4.88594913483, 11.1583786011, 20.9082679749, 19.3946151733, 13.3399181366, 18.6503944397, 16.1435413361, 17.516254425, 27.3805198669, 26.8717784882, 19.2363376617, 6.3389544487, 11.5068969727, 28.0116653442, 18.319934845, 23.5842609406, 20.988697052, 22.2945213318, 16.0013160706, 12.7531480789, 21.554397583, 9.98235988617, 9.31661128998, 11.8986110687, 4.54562950134, 1.51630544662, 0.983121752739, 0.928735494614, 1.07885909081, 0.495010226965, 0.152275979519, 0.079721622169, 0.0410167351365, 0.0110450396314, 0.00160091591533, 0.000136335031129, 3.72154245269e-05]}, "spectral_strongpeak": {"dmean2": 0.709269702435, "median": 0.448518097401, "min": 0, "dvar2": 2.19125580788, "dvar": 0.856576144695, "dmean": 0.412779718637, "max": 18.0873126984, "var": 1.15868580341, "mean": 0.716236114502}, "spectral_energy": {"dmean2": 0.0149513743818, "median": 0.0228518620133, "min": 9.91976801e-21, "dvar2": 0.000442977878265, "dvar": 0.000171652558492, "dmean": 0.00926501769572, "max": 0.18749576807, "var": 0.000453704036772, "mean": 0.0279229003936}, "average_loudness": 0.785352170467, "spectral_rolloff": {"dmean2": 436.997833252, "median": 667.529296875, "min": 107.666015625, "dvar2": 718521.5, "dvar": 320897.25, "dmean": 255.937774658, "max": 19466.015625, "var": 2684983.75, "mean": 969.436279297}, "spectral_centroid": {"dmean2": 263.924835205, "median": 781.065734863, "min": 173.729309082, "dvar2": 120847.390625, "dvar": 58527.3359375, "dmean": 170.603546143, "max": 11658.8583984, "var": 920724.25, "mean": 1029.2947998}, "pitch_salience": {"dmean2": 0.116797760129, "median": 0.540640950203, "min": 0.160183221102, "dvar2": 0.0105357076973, "dvar": 0.0038899583742, "dmean": 0.0709431394935, "max": 0.937943041325, "var": 0.0107033010572, "mean": 0.534459292889}, "spectral_energyband_middle_high": {"dmean2": 0.00163911189884, "median": 0.0019551422447, "min": 1.11801497333e-21, "dvar2": 1.44436608025e-05, "dvar": 6.60468003844e-06, "dmean": 0.00109433371108, "max": 0.0757738575339, "var": 3.0298711863e-05, "mean": 0.00374350394122}, "spectral_contrast_coeffs": {"dmean2": [0.0800771489739, 0.0683707967401, 0.0522820837796, 0.0428210422397, 0.0315047279, 0.0276961456984], "median": [-0.624023914337, -0.707869768143, -0.726145744324, -0.774397492409, -0.765272140503, -0.759184241295], "min": [-0.982280254364, -0.979309856892, -0.975879669189, -0.974482119083, -0.969436049461, -0.964419841766], "dvar2": [0.00413297303021, 0.00320620485581, 0.00193215708714, 0.00123938429169, 0.000702650344465, 0.000768033787608], "dvar": [0.00151650537737, 0.00117188529111, 0.000795732659753, 0.000518283515703, 0.000304139073705, 0.000351841881638], "dmean": [0.0477400720119, 0.0412858836353, 0.0325863659382, 0.0263005495071, 0.0201437026262, 0.0179617404938], "max": [-0.2698110044, -0.439470142126, -0.424654811621, -0.461187034845, -0.557219445705, -0.558031320572], "var": [0.00677136145532, 0.00465576117858, 0.00769775407389, 0.00331155955791, 0.00206618686207, 0.00314981397241], "mean": [-0.617771327496, -0.707721292973, -0.724863648415, -0.768485724926, -0.76443785429, -0.755352675915]}, "melbands_skewness": {"dmean2": 1.117233634, "median": 2.73637580872, "min": -1.00351333618, "dvar2": 1.31149685383, "dvar": 0.543597459793, "dmean": 0.716961979866, "max": 20.1481933594, "var": 2.83958172798, "mean": 3.04296898842}, "spectral_spread": {"dmean2": 614378.375, "median": 2827731.5, "min": 1228006.125, "dvar2": 1256763293700.0, "dvar": 636325593088, "dmean": 422500.3125, "max": 42140532, "var": 10228194082800.0, "mean": 3309724.75}, "dissonance": {"dmean2": 0.0296705961227, "median": 0.458310484886, "min": 0.259721308947, "dvar2": 0.000741283001844, "dvar": 0.000275298632914, "dmean": 0.0177494045347, "max": 0.499999970198, "var": 0.00097083725268, "mean": 0.452443420887}, "spectral_skewness": {"dmean2": 0.61865824461, "median": 1.64986240864, "min": -0.105302482843, "dvar2": 0.372004419565, "dvar": 0.12584669888, "dmean": 0.365912020206, "max": 5.75639486313, "var": 0.550161361694, "mean": 1.72439801693}, "spe