{"tonal": {"thpcp": [1, 0.877884149551, 0.350878566504, 0.195602700114, 0.181932196021, 0.201285839081, 0.462574452162, 0.576094269753, 0.337684184313, 0.229920625687, 0.253929406404, 0.384384065866, 0.700724124908, 0.666476726532, 0.326675653458, 0.194651126862, 0.166598007083, 0.175678506494, 0.323118686676, 0.39827722311, 0.386279433966, 0.805149137974, 0.899880647659, 0.385447114706, 0.139168247581, 0.118035562336, 0.146449640393, 0.288063585758, 0.343391388655, 0.220104783773, 0.158128991723, 0.146315544844, 0.199994593859, 0.576429724693, 0.764384031296, 0.701989531517], "hpcp": {"dmean2": [0.255554556847, 0.247815310955, 0.194766461849, 0.134008020163, 0.11512478441, 0.12104678154, 0.163098201156, 0.18511068821, 0.202710390091, 0.256409496069, 0.255973011255, 0.18684643507, 0.0990659147501, 0.0814335048199, 0.0877615958452, 0.120900429785, 0.133681714535, 0.114406846464, 0.0918236449361, 0.0893564745784, 0.121042102575, 0.218145802617, 0.250997662544, 0.352966964245, 0.46959027648, 0.325985193253, 0.208489716053, 0.134174108505, 0.120601177216, 0.131108641624, 0.186609402299, 0.208191379905, 0.177531003952, 0.165750086308, 0.190787181258, 0.245985761285], "median": [0.0414941087365, 0.044310092926, 0.0344219356775, 0.0215260963887, 0.0173308271915, 0.0176948923618, 0.0354955233634, 0.042069233954, 0.0571038983762, 0.100535929203, 0.119362927973, 0.0523784682155, 0.0147366328165, 0.0128579158336, 0.0176725815982, 0.0352982655168, 0.0441875942051, 0.030584981665, 0.0187152549624, 0.016111234203, 0.0228712745011, 0.0695362463593, 0.0900970622897, 0.108308203518, 0.084749519825, 0.0598258413374, 0.0272889193147, 0.0170846767724, 0.0170323215425, 0.0242162998766, 0.0524350181222, 0.0684237852693, 0.0415505953133, 0.0214610751718, 0.0206803455949, 0.0281225331128], "min": [0, 0, 0, 0, 0, 0, 0, 0, 0, 0, 0, 0, 0, 0, 0, 0, 0, 0, 0, 0, 0, 0, 0, 0, 0, 0, 0, 0, 0, 0, 0, 0, 0, 0, 0, 0], "dvar2": [0.148773759604, 0.139624848962, 0.112871281803, 0.0852100253105, 0.0731912776828, 0.077508084476, 0.0923987701535, 0.0989573895931, 0.09491250664, 0.114380441606, 0.11745326966, 0.0849267467856, 0.0526293665171, 0.0431020744145, 0.0399214364588, 0.0490613169968, 0.0561180450022, 0.0510504730046, 0.0511016957462, 0.0466283373535, 0.0545821860433, 0.0974607467651, 0.119733810425, 0.152472600341, 0.285800039768, 0.161523237824, 0.128130331635, 0.0805836394429, 0.0727433487773, 0.0671714395285, 0.086935646832, 0.0965091437101, 0.0870834738016, 0.101205714047, 0.122070901096, 0.152090996504], "dvar": [0.0557832829654, 0.0528508499265, 0.0383049324155, 0.0296841096133, 0.0263367984444, 0.0271638073027, 0.03286742419, 0.036393687129, 0.0334653444588, 0.0445257462561, 0.0450155958533, 0.0298274066299, 0.0187088381499, 0.0152621362358, 0.01419605501, 0.0186595711857, 0.0217433422804, 0.018527135253, 0.0174803379923, 0.0162018295377, 0.0192416552454, 0.0374855287373, 0.0489387027919, 0.0532225742936, 0.104653015733, 0.0621892176569, 0.0439749509096, 0.0287094525993, 0.0257017519325, 0.0234227534384, 0.0323797278106, 0.0379346683621, 0.0310048647225, 0.0351849533617, 0.0427765212953, 0.0527373589575], "dmean": [0.14331279695, 0.138807609677, 0.107014156878, 0.0723249167204, 0.0622670874, 0.0660537704825, 0.0918999761343, 0.10533413291, 0.113446220756, 0.150191545486, 0.148371592164, 0.105484239757, 0.0535671748221, 0.0441212914884, 0.0489704795182, 0.0711718276143, 0.0785746872425, 0.0647159814835, 0.0502680726349, 0.048654101789, 0.0669454187155, 0.128658533096, 0.14677901566, 0.197177663445, 0.255018055439, 0.180164545774, 0.114355258644, 0.0738105773926, 0.0657227560878, 0.0715331211686, 0.107433743775, 0.121297724545, 0.0992145761847, 0.0890600979328, 0.103247866035, 0.133728176355], "max": [1, 1, 1, 1, 1, 1, 1, 1, 1, 1, 1, 1, 1, 1, 1, 1, 1, 1, 1, 1, 1, 1, 1, 1, 1, 1, 1, 1, 1, 1, 1, 1, 1, 1, 1, 1], "var": [0.112712524831, 0.103224948049, 0.0325451530516, 0.0199773218483, 0.0181341972202, 0.0183101277798, 0.0314057469368, 0.042063023895, 0.0325022377074, 0.0984608307481, 0.114649489522, 0.02998367697, 0.0123407868668, 0.00975986197591, 0.0101651744917, 0.0248050373048, 0.0338408276439, 0.0163600128144, 0.0128856319934, 0.0123488586396, 0.0155359096825, 0.060570076108, 0.0998335927725, 0.066877387464, 0.146953821182, 0.132881194353, 0.0381654910743, 0.0206970218569, 0.0180389489979, 0.0164371635765, 0.0479034632444, 0.0670173689723, 0.0284329410642, 0.0241961926222, 0.0299648363143, 0.0472527258098], "mean": [0.222597181797, 0.211717903614, 0.1037741974, 0.0618343092501, 0.0529227517545, 0.055807325989, 0.102644264698, 0.126519680023, 0.122708365321, 0.255769610405, 0.285862714052, 0.122443966568, 0.0442092120647, 0.0374960452318, 0.0465222708881, 0.0915084034204, 0.109084233642, 0.0699201077223, 0.0502324216068, 0.0464796759188, 0.0635317564011, 0.183112904429, 0.242819860578, 0.222999170423, 0.317667365074, 0.278875142336, 0.111462667584, 0.0621365942061, 0.0577939227223, 0.0639419406652, 0.14694480598, 0.183006346226, 0.107271246612, 0.0730382800102, 0.08066508919, 0.122106269002]}, "tuning_equal_tempered_deviation": 0.232055976987, "chords_changes_rate": 0.0391214825213, "key_key": "F", "tuning_diatonic_strength": 0.623114407063, "key_scale": "major", "chords_number_rate": 0.00183024478611, "tuning_frequency": 434.193115234, "tuning_nontempered_energy_ratio": 0.949575960636, "chords_histogram": [10.5239076614, 25.3488903046, 37.8403129578, 10.9128341675, 1.48707389832, 0.457561194897, 0, 0, 0.594829559326, 0, 0.274536728859, 0, 0.137268364429, 0, 0, 1.18965911865, 0.0457561202347, 7.27522325516, 0, 0.571951508522, 0, 0, 0.137268364429, 3.20292830467], "key_strength": 0.822264492512, "chords_key": "C", "chords_strength": {"dmean2": 0.00797420926392, "median": 0.533059000969, "min": 0.282847344875, "dvar2": 4.75590095448e-05, "dvar": 4.43464959972e-05, "dmean": 0.00818319059908, "max": 0.788781285286, "var": 0.0102327726781, "mean": 0.534759283066}, "chords_scale": "major", "hpcp_entropy": {"dmean2": 1.01561689377, "median": 2.15308761597, "min": 0, "dvar2": 0.748506069183, "dvar": 0.265582084656, "dmean": 0.605818688869, "max": 4.69096660614, "var": 0.594621300697, "mean": 2.11683416367}}, "metadata": {"audio_properties": {"equal_loudness": 0, "codec": "mp3", "downmix": "mix", "sample_rate": 44100, "analysis_sample_rate": 44100, "bit_rate": 186278, "md5_encoded": "6a43453e11a009a729a00f25ed2e4eaf", "length": 202.919189453, "replay_gain": -13.2425537109, "lossless": false}, "version": {"essentia_build_sha": "70f2e5ece6736b2c40cc944ad0e695b16b925413", "essentia": "2.1-beta2", "extractor": "music 1.0", "essentia_git_sha": "v2.1_beta2"}, "tags": {"title": ["The Only Reason"], "artist": ["5 Seconds of Summer"], "date": ["2014-03-21 07:00"], "file_name": "2044933.mp3", "album": ["She Looks So Perfect - EP"], "tracknumber": ["3"], "discnumber": ["1"], "musicbrainz_recordingid": ["0da48550-2a5a-431b-a3bb-2af50560006f"]}}, "rhythm": {"bpm_histogram_first_peak_bpm": {"dmean2": 0, "median": 167, "min": 167, "dvar2": 0, "dvar": 0, "dmean": 0, "max": 167, "var": 0, "mean": 167}, "bpm": 166.124038696, "bpm_histogram_second_peak_spread": {"dmean2": 0, "median": 0, "min": 0, "dvar2": 0, "dvar": 0, "dmean": 0, "max": 0, "var": 0, "mean": 0}, "bpm_histogram_first_peak_weight": {"dmean2": 0, "median": 0.559921443462, "min": 0.559921443462, "dvar2": 0, "dvar": 0, "dmean": 0, "max": 0.559921443462, "var": 0, "mean": 0.559921443462}, "onset_rate": 3.16856813431, "beats_position": [0.31346938014, 0.638548731804, 0.975238084793, 1.31192743778, 1.66022670269, 2.00852608681, 2.36843538284, 2.72834467888, 3.08825397491, 3.44816327095, 3.80807256699, 4.1679816246, 4.52789115906, 4.88780021667, 5.24770975113, 5.60761880875, 5.95591831207, 6.31582736969, 6.67573690414, 7.03564596176, 7.39555549622, 7.75546455383, 8.11537361145, 8.47528362274, 8.82358264923, 9.18349170685, 9.54340076447, 9.90331077576, 10.2632198334, 10.623128891, 10.9830379486, 11.3429479599, 11.7028570175, 12.0627660751, 12.4226751328, 12.782585144, 13.1424942017, 13.5024032593, 13.8623123169, 14.2222223282, 14.5821313858, 14.9420404434, 15.301949501, 15.6618595123, 16.0217685699, 16.3816776276, 16.7415866852, 17.1014957428, 17.4497947693, 17.8097057343, 18.1696147919, 18.5295238495, 18.8894329071, 19.2493419647, 19.6092510223, 19.96916008, 20.3290691376, 20.6889801025, 21.037279129, 21.3971881866, 21.7570972443, 22.1170063019, 22.4769153595, 22.8368244171, 23.1967334747, 23.5566444397, 23.9165534973, 24.2764625549, 24.6363716125, 24.9962806702, 25.3561897278, 25.7160987854, 26.076007843, 26.435918808, 26.7958278656, 27.1557369232, 27.5156459808, 27.8755550385, 28.2354640961, 28.5953731537, 28.9552822113, 29.3151912689, 29.6751022339, 30.0350112915, 30.3949203491, 30.7432193756, 31.0915184021, 31.4630374908, 31.8229465485, 32.1828575134, 32.542766571, 32.9026756287, 33.2625846863, 33.6224937439, 33.9707946777, 34.3307037354, 34.690612793, 35.0505218506, 35.4104309082, 35.7703399658, 36.1302490234, 36.4901580811, 36.8500671387, 37.2099761963, 37.5582771301, 37.9181861877, 38.2897033691, 38.6496124268, 39.0095214844, 39.369430542, 39.7293434143, 40.0776405334, 40.4375495911, 40.7974586487, 41.1573677063, 41.5172767639, 41.8771858215, 42.2370948792, 42.6086158752, 42.9685249329, 43.3284339905, 43.6883430481, 44.0482521057, 44.3965530396, 44.7564620972, 45.1163711548, 45.4646720886, 45.83618927, 46.1960983276, 46.5560073853, 46.9159164429, 47.2758255005, 47.6357345581, 47.9956436157, 48.3439445496, 48.7154655457, 49.0637626648, 49.4236717224, 49.78358078, 50.1551017761, 50.5150108337, 50.8749198914, 51.2232208252, 51.5831298828, 51.9430389404, 52.2913360596, 52.6628570557, 53.0227661133, 53.3826751709, 53.7541923523, 54.1024932861, 54.4624023438, 54.8223114014, 55.1706123352, 55.5305213928, 55.8904304504, 56.2503395081, 56.6102485657, 56.9701576233, 57.3300666809, 57.6899757385, 58.0498847961, 58.4097938538, 58.7697029114, 59.129611969, 59.4895210266, 59.8494338989, 60.2093429565, 60.5692520142, 60.9291610718, 61.2774581909, 61.648979187, 62.0088882446, 62.3687973022, 62.7170982361, 63.0770072937, 63.4369163513, 63.7852134705, 64.1567306519, 64.5166397095, 64.8765487671, 65.2480697632, 65.5963668823, 65.9562835693, 66.316192627, 66.6761016846, 67.0360107422, 67.3843078613, 67.7442169189, 68.1041259766, 68.4756469727, 68.8239440918, 69.1838531494, 69.543762207, 69.9036712646, 70.2635803223, 70.6351013184, 70.995010376, 71.3781356812, 71.7612686157, 72.1560058594, 72.5507507324, 72.9338760376, 73.3170089722, 73.7001342773, 74.094871521, 74.489616394, 74.8843536377, 75.2674789429, 75.6506118774, 76.0105209351, 76.3704299927, 76.7303390503, 77.0902481079, 77.4385452271, 77.7868499756, 78.1467590332, 78.5066680908, 78.8781814575, 79.2497024536, 79.6096115112, 79.9695205688, 80.3294296265, 80.6893386841, 81.0492477417, 81.4091567993, 81.7574615479, 82.1173706055, 82.4772796631, 82.8371887207, 83.1970977783, 83.5570068359, 83.9169158936, 84.2768249512, 84.6367340088, 84.9966430664, 85.356552124, 85.7164611816, 86.0763702393, 86.4246673584, 86.7961883545, 87.1444854736, 87.5043945312, 87.8643035889, 88.235824585, 88.5957336426, 88.9556427002, 89.3155517578, 89.6754608154, 90.035369873, 90.3952789307, 90.7435836792, 91.1034927368, 91.4634017944, 91.8349151611, 92.1832199097, 92.5431289673, 92.9030380249, 93.2629470825, 93.6228561401, 93.9827651978, 94.3310623169, 94.6909713745, 95.039276123, 95.4107894897, 95.7823104858, 96.1422195435, 96.5021286011, 96.8504257202, 97.2103347778, 97.5702438354, 97.9301605225, 98.2900695801, 98.6499786377, 99.0098876953, 99.3697967529, 99.7297058105, 100.07800293, 100.449523926, 100.809432983, 101.169342041, 101.529251099, 101.889160156, 102.249069214, 102.597366333, 102.957275391, 103.305580139, 103.677093506, 104.037002563, 104.396911621, 104.756820679, 105.128341675, 105.488250732, 105.84815979, 106.208068848, 106.556373596, 106.916282654, 107.276191711, 107.624488831, 107.984397888, 108.344306946, 108.692604065, 109.064125061, 109.435646057, 109.783943176, 110.132240295, 110.503761292, 110.863670349, 111.223579407, 111.571876526, 111.931785583, 112.291702271, 112.663215637, 113.023124695, 113.383033752, 113.731338501, 114.091247559, 114.451156616, 114.799453735, 115.170974731, 115.530883789, 115.890792847, 116.250701904, 116.610610962, 116.97052002, 117.330429077, 117.690338135, 118.050247192, 118.398544312, 118.758453369, 119.118362427, 119.478271484, 119.838180542, 120.1980896, 120.557998657, 120.929519653, 121.277824402, 121.637733459, 121.997642517, 122.357551575, 122.717460632, 123.07736969, 123.437278748, 123.797187805, 124.157096863, 124.505393982, 124.876914978, 125.225212097, 125.585121155, 125.945030212, 126.316551208, 126.676460266, 127.024757385, 127.384666443, 127.7445755, 128.104492188, 128.464401245, 128.824310303, 129.195831299, 129.544128418, 129.904037476, 130.263946533, 130.623855591, 130.983764648, 131.343673706, 131.703582764, 132.063491821, 132.423400879, 132.771697998, 133.143218994, 133.491516113, 133.851425171, 134.211334229, 134.582855225, 134.942764282, 135.30267334, 135.650970459, 136.010879517, 136.370788574, 136.730697632, 137.090606689, 137.450515747, 137.810424805, 138.170333862, 138.53024292, 138.890151978, 139.250061035, 139.621582031, 139.993103027, 140.353012085, 140.712921143, 141.0728302, 141.50239563, 141.92036438, 142.34992981, 142.767883301, 143.185852051, 143.603805542, 144.021759033, 144.439727783, 144.846069336, 145.264038086, 145.6587677, 146.065124512, 146.459854126, 146.842987061, 147.226119995, 147.60925293, 147.992385864, 148.37550354, 148.921173096, 149.466842651, 150.012512207, 150.558181763, 151.103851318, 151.649520874, 152.183578491, 152.717636108, 153.251693726, 153.797363281, 154.343032837, 154.877090454, 155.411148071, 155.945205688, 156.479278564, 157.0365448, 157.582214355, 158.127883911, 158.661941528, 159.195999146, 159.730072021, 160.264129639, 160.798187256, 161.332244873, 161.86630249, 162.411972046, 162.957641602, 163.503311157, 164.048980713, 164.594650269, 165.140319824, 165.662765503, 166.19682312, 166.742492676, 167.276550293, 167.81060791, 168.344665527, 168.878723145, 169.412780762, 169.958450317, 170.504119873, 171.03817749, 171.583847046, 172.117904663, 172.65196228, 173.197631836, 173.731704712, 174.277359009, 174.823028564, 175.35710144, 175.891159058, 176.436828613, 176.97088623, 177.516555786, 178.050613403, 178.584671021, 179.118728638, 179.652786255, 180.210067749, 180.744125366, 181.289794922, 181.835464478, 182.369522095, 182.91519165, 183.460861206, 183.994918823, 184.52897644, 185.063034058, 185.597091675, 186.131149292, 186.665206909, 187.199264526, 187.744934082, 188.278991699, 188.824661255, 189.370330811, 189.916000366, 190.450057983, 190.984130859, 191.518188477, 192.052246094, 192.597915649, 193.143585205, 193.677642822, 194.211700439, 194.757369995, 195.303039551, 195.837097168, 196.382766724, 196.928436279, 197.474105835, 198.019775391, 198.577041626, 199.122711182, 199.645172119, 200.167617798, 200.690063477, 201.212509155, 201.734954834, 202.26902771], "beats_loudness": {"dmean2": 0.0290161557496, "median": 0.041599214077, "min": 6.94755840414e-07, "dvar2": 0.00057698256569, "dvar": 0.000199407179025, "dmean": 0.0166656859219, "max": 0.107658773661, "var": 0.000457575108157, "mean": 0.0423114597797}, "danceability": 0.955154180527, "bpm_histogram_second_peak_weight": {"dmean2": 0, "median": 0.108055010438, "min": 0.108055010438, "dvar2": 0, "dvar": 0, "dmean": 0, "max": 0.108055010438, "var": 0, "mean": 0.108055010438}, "beats_count": 510, "bpm_histogram_second_peak_bpm": {"dmean2": 0, "median": 172, "min": 172, "dvar2": 0, "dvar": 0, "dmean": 0, "max": 172, "var": 0, "mean": 172}, "bpm_histogram_first_peak_spread": {"dmean2": 0, "median": 0, "min": 0, "dvar2": 0, "dvar": 0, "dmean": 0, "max": 0, "var": 0, "mean": 0}, "beats_loudness_band_ratio": {"dmean2": [0.294220298529, 0.111716605723, 0.111233338714, 0.0965581312776, 0.0922620221972, 0.095157109201], "median": [0.631210565567, 0.0678603053093, 0.0670439749956, 0.0447951927781, 0.0712793171406, 0.0806213617325], "min": [0.000653596478514, 0.000636108219624, 0.00335705513135, 0.00263808784075, 0.000784723786637, 3.58368270099e-05], "dvar2": [0.0481318831444, 0.0127526437864, 0.0107354782522, 0.015680462122, 0.00886105652899, 0.00896757747978], "dvar": [0.0177599173039, 0.00489399954677, 0.00404258817434, 0.00608279928565, 0.00325903226621, 0.00337436632253], "dmean": [0.175476551056, 0.0656844079494, 0.0636188909411, 0.0545893236995, 0.0531266853213, 0.0540439859033], "max": [0.967224955559, 0.819396674633, 0.455525189638, 0.898098170757, 0.496928989887, 0.534205257893], "var": [0.0443807020783, 0.0117716919631, 0.00516291800886, 0.00678497506306, 0.00451224204153, 0.00399326579645], "mean": [0.602973520756, 0.099481292069, 0.085662342608, 0.0695338845253, 0.0847198069096, 0.0863120630383]}}, "lowlevel": {"barkbands_spread": {"dmean2": 10.2766904831, "median": 36.5149993896, "min": 0.862562656403, "dvar2": 126.371276855, "dvar": 60.1488952637, "dmean": 6.62014389038, "max": 116.460357666, "var": 293.480102539, "mean": 34.4911308289}, "melbands_spread": {"dmean2": 12.137638092, "median": 27.3147201538, "min": 0.519811868668, "dvar2": 174.943115234, "dvar": 78.2631072998, "dmean": 7.71337366104, "max": 182.638381958, "var": 358.555419922, "mean": 29.0438270569}, "hfc": {"dmean2": 9.54605102539, "median": 35.4532394409, "min": 1.11841634785e-16, "dvar2": 149.257324219, "dvar": 71.5177383423, "dmean": 6.3872179985, "max": 163.798995972, "var": 563.541625977, "mean": 34.8535308838}, "barkbands_kurtosis": {"dmean2": 4.21417093277, "median": 0.416594147682, "min": -1.93340659142, "dvar2": 82.609336853, "dvar": 33.1333465576, "dmean": 2.54887700081, "max": 236.635269165, "var": 99.7304840088, "mean": 3.95678591728}, "gfcc": {"mean": [39.5536155701, 64.4253387451, -102.817733765, 41.7505149841, -43.8013763428, 21.8186321259, -37.021648407, 17.3267993927, -22.0458278656, 6.56580162048, -19.686208725, 0.959835886955, -14.9498271942], "icov": [[0.000201827671845, 0.000138649891596, 0.000163577351486, -0.000509199686348, 0.000315320037771, -0.00010072360601, -0.000115728857054, -0.000326918758219, 0.00022957084002, -0.000249941571383, 0.000325226341374, -0.000246535986662, 0.000392058631405], [0.000138649891596, 0.00153200188652, 0.00040174977039, -3.0893173971e-05, -0.000808251614217, 0.000229129305808, 9.18040968827e-05, 7.33510096325e-05, -0.000805419927929, 0.00123961188365, -0.0012136856094, 0.00128737080377, -0.000696439645253], [0.000163577351486, 0.00040174977039, 0.00241743260995, -0.00069980538683, -0.000663901737425, -0.000819653796498, 0.000943391001783, -0.000373671762645, -0.000813028775156, -0.000128736850456, -0.000135888360091, -0.000177776659257, 0.000677806092426], [-0.000509199686348, -3.0893173971e-05, -0.00069980538683, 0.00572303636, -0.000417846691562, -0.000335993652698, 9.14539341466e-05, 0.000151339248987, -0.00149758905172, 0.000647379318252, -0.000476769229863, 0.000156223657541, -0.00281781051308], [0.000315320037771, -0.000808251614217, -0.000663901737425, -0.000417846691562, 0.00727854296565, -0.000467676814878, -0.0018195513403, 0.000931573391426, -0.00131192966364, -0.00121694430709, 0.000861121050548, 8.25554161565e-05, -0.00153808970936], [-0.00010072360601, 0.000229129305808, -0.000819653796498, -0.000335993652698, -0.000467676814878, 0.00821045041084, -0.00125026714522, -0.0024370807223, 0.000557439343538, -0.00129136315081, 0.000460064125946, -0.000487246434204, 0.00103515689261], [-0.000115728857054, 9.18040968827e-05, 0.000943391001783, 9.14539341466e-05, -0.0018195513403, -0.00125026714522, 0.00444906204939, -0.00171727209818, -0.00128521618899, 0.000297234946629, -0.000758329988457, 6.47599226795e-05, 0.000171623541974], [-0.000326918758219, 7.33510096325e-05, -0.000373671762645, 0.000151339248987, 0.000931573391426, -0.0024370807223, -0.00171727209818, 0.0122493123636, -0.00325872353278, -0.00114199903328, -0.000615260563791, 0.000967593397945, -0.000835306942463], [0.00022957084002, -0.000805419927929, -0.000813028775156, -0.00149758905172, -0.00131192966364, 0.000557439343538, -0.00128521618899, -0.00325872353278, 0.014180877246, -0.00486801657826, -0.000787151395343, 0.0002585889888, -0.000223278184421], [-0.000249941571383, 0.00123961188365, -0.000128736850456, 0.000647379318252, -0.00121694430709, -0.00129136315081, 0.000297234946629, -0.00114199903328, -0.00486801657826, 0.0167964473367, -0.00333369197324, -0.00112386059482, 0.000213660357986], [0.000325226341374, -0.0012136856094, -0.000135888360091, -0.000476769229863, 0.000861121050548, 0.000460064125946, -0.000758329988457, -0.000615260563791, -0.000787151395343, -0.00333369197324, 0.0172714535147, -0.00380534655415, 0.000264685921138], [-0.000246535986662, 0.00128737080377, -0.000177776659257, 0.000156223657541, 8.25554161565e-05, -0.000487246434204, 6.47599226795e-05, 0.000967593397945, 0.0002585889888, -0.00112386059482, -0.00380534655415, 0.0192598495632, -0.00591671746224], [0.000392058631405, -0.000696439645253, 0.000677806092426, -0.00281781051308, -0.00153808970936, 0.00103515689261, 0.000171623541974, -0.000835306942463, -0.000223278184421, 0.000213660357986, 0.000264685921138, -0.00591671746224, 0.0204062089324]], "cov": [[12829.0419922, -2299.26367188, -312.096130371, 859.069763184, -726.513305664, 486.101318359, 365.676879883, 486.860900879, -134.412490845, 268.216491699, -230.593200684, 208.4246521, -199.380828857], [-2299.26367188, 1321.43823242, -92.9382705688, -120.377502441, 239.589233398, -129.270828247, 5.52356147766, -85.7787094116, 77.7794876099, -93.1834793091, 86.5852584839, -84.6051254272, 72.9699783325], [-312.096130371, -92.9382705688, 550.119995117, 56.068157196, 55.0293312073, 58.7145309448, -61.5874519348, 23.5582180023, 51.5345344543, 33.0437965393, 9.9347076416, 9.64631652832, -2.16847395897], [859.069763184, -120.377502441, 56.068157196, 272.964904785, -6.15178155899, 53.4343223572, 45.8343276978, 50.7014007568, 34.0384101868, 28.6093158722, -2.10274291039, 23.1297950745, 20.5390968323], [-726.513305664, 239.589233398, 55.0293312073, -6.15178155899, 238.946670532, 6.37525129318, 83.4838256836, -2.42473316193, 62.2308273315, 9.98441791534, 24.1026039124, -11.003370285, 33.4167098999], [486.101318359, -129.270828247, 58.7145309448, 53.4343223572, 6.37525129318, 181.123657227, 86.8337097168, 70.9811630249, 24.7594795227, 40.4878425598, -2.96332716942, 13.7380666733, -10.9863595963], [365.676879883, 5.52356147766, -61.5874519348, 45.8343276978, 83.4838256836, 86.8337097168, 360.008087158, 91.3060684204, 68.099105835, 39.1832923889, 18.8449516296, 6.37399196625, 6.07349061966], [486.860900879, -85.7787094116, 23.5582180023, 50.7014007568, -2.42473316193, 70.9811630249, 91.3060684204, 137.198364258, 44.2797203064, 39.1984939575, 4.95821905136, 8.25349330902, -2.59526658058], [-134.412490845, 77.7794876099, 51.5345344543, 34.0384101868, 62.2308273315, 24.7594795227, 68.099105835, 44.2797203064, 119.530723572, 38.6261711121, 22.9667892456, 0.572952985764, 13.6714658737], [268.216491699, -93.1834793091, 33.0437965393, 28.6093158722, 9.98441791534, 40.4878425598, 39.1832923889, 39.1984939575, 38.6261711121, 90.3258972168, 13.6360931396, 15.5390167236, -1.70121026039], [-230.593200684, 86.5852584839, 9.9347076416, -2.10274291039, 24.1026039124, -2.96332716942, 18.8449516296, 4.95821905136, 22.9667892456, 13.6360931396, 73.7694778442, 9.1961145401, 10.5945672989], [208.4246521, -84.6051254272, 9.64631652832, 23.1297950745, -11.003370285, 13.7380666733, 6.37399196625, 8.25349330902, 0.572952985764, 15.5390167236, 9.1961145401, 67.0964584351, 13.9182929993], [-199.380828857, 72.9699783325, -2.16847395897, 20.5390968323, 33.4167098999, -10.9863595963, 6.07349061966, -2.59526658058, 13.6714658737, -1.70121026039, 10.5945672989, 13.9182929993, 65.2181854248]]}, "spectral_energyband_middle_low": {"dmean2": 0.0054710614495, "median": 0.0076320739463, "min": 1.68380580549e-22, "dvar2": 8.0934863945e-05, "dvar": 3.1205760024e-05, "dmean": 0.00332752335817, "max": 0.0689058229327, "var": 4.42035052401e-05, "mean": 0.00880677904934}, "melbands_crest": {"dmean2": 5.12545776367, "median": 16.0006942749, "min": 1.72523343563, "dvar2": 24.4203605652, "dvar": 9.30751419067, "dmean": 3.13816761971, "max": 35.1521911621, "var": 27.7598876953, "mean": 16.3241386414}, "spectral_kurtosis": {"dmean2": 1.66457426548, "median": 2.9412984848, "min": -1.36707353592, "dvar2": 15.2705888748, "dvar": 5.41957998276, "dmean": 1.04021692276, "max": 75.9144821167, "var": 29.5830001831, "mean": 3.89473366737}, "spectral_rms": {"dmean2": 0.00124462449457, "median": 0.00597446691245, "min": 3.18519884947e-12, "dvar2": 2.16184730562e-06, "dvar": 8.79131732745e-07, "dmean": 0.000765098317061, "max": 0.013020446524, "var": 3.78659910893e-06, "mean": 0.0057078176178}, "zerocrossingrate": {"dmean2": 0.0138725405559, "median": 0.078125, "min": 0.00439453125, "dvar2": 0.000223405702855, "dvar": 0.000191920495126, "dmean": 0.0119286123663, "max": 0.52099609375, "var": 0.00157317670528, "mean": 0.0781992450356}, "silence_rate_60dB": {"dmean2": 0.0077821011655, "median": 0, "min": 0, "dvar2": 0.0086375484243, "dvar": 0.00387558620423, "dmean": 0.00389060541056, "max": 1, "var": 0.036965560168, "mean": 0.0384439341724}, "erbbands_kurtosis": {"dmean2": 0.867229044437, "median": -0.292508602142, "min": -1.85516262054, "dvar2": 3.02428126335, "dvar": 1.17074537277, "dmean": 0.538357138634, "max": 52.2848396301, "var": 1.97626078129, "mean": -0.0417632907629}, "erbbands": {"dmean2": [0.370765775442, 2.73797941208, 6.5341758728, 6.6980381012, 10.0053415298, 6.88117933273, 7.98013162613, 9.06072711945, 9.12109851837, 13.6557674408, 15.0546426773, 19.3830127716, 22.9052391052, 11.570810318, 20.413230896, 16.2858333588, 35.0402069092, 27.5517559052, 27.7556991577, 37.1647491455, 29.6054973602, 39.4895553589, 28.5819549561, 16.4449539185, 26.9902076721, 21.4805660248, 10.5003633499, 10.1966562271, 8.77623176575, 6.22160673141, 4.18743467331, 3.7356967926, 2.67981338501, 2.20468235016, 1.30774509907, 0.773905754089, 0.161614000797, 0.0337415225804, 0.00513670360669, 0.000168762198882], "median": [0.183574855328, 2.17855453491, 4.19957113266, 4.32371711731, 3.95328402519, 4.19289922714, 5.27418231964, 5.02756309509, 4.97393751144, 8.0862197876, 10.059252739, 11.7009143829, 13.5408687592, 8.72543144226, 12.5348358154, 12.0510692596, 15.069975853, 20.2999897003, 19.2129859924, 20.9263801575, 25.7302131653, 34.8748893738, 34.4719619751, 26.1824626923, 34.7897872925, 26.3522148132, 15.6418485641, 15.9506206512, 13.1934509277, 10.2166976929, 6.52287435532, 5.23659276962, 3.36908555031, 2.03382182121, 0.97936296463, 0.503848433495, 0.116837471724, 0.0191785916686, 0.00100710242987, 8.43376474222e-05], "min": [1.21806018135e-22, 2.28941035919e-21, 3.99554731492e-21, 1.13129453411e-20, 4.24274119369e-20, 5.05284117283e-20, 9.71184937757e-20, 1.91854823709e-19, 2.11634108023e-19, 3.41839315775e-19, 2.71114701318e-19, 6.40286752869e-19, 7.91094186246e-19, 1.4030260149e-18, 1.90154491922e-18, 2.24999950854e-18, 2.83876495507e-18, 3.02265795859e-18, 3.70555904036e-18, 3.41815803166e-18, 3.81546197886e-18, 4.90858529425e-18, 5.44365948119e-18, 8.58963869538e-18, 1.10729564898e-17, 1.13703246113e-17, 9.45041690287e-18, 1.36364371846e-17, 1.14876891325e-17, 1.30629776813e-17, 1.19881631816e-17, 1.23735631726e-17, 1.03500990689e-17, 8.03081615305e-18, 8.42066141266e-18, 5.43736835904e-18, 2.77860741784e-18, 1.1997577531e-18, 2.77620476835e-19, 2.90190662391e-20], "dvar2": [0.477692514658, 20.9348602295, 151.777984619, 131.551651001, 493.640533447, 135.377639771, 181.15020752, 303.860717773, 449.783874512, 626.728271484, 826.618041992, 1700.82897949, 1837.49731445, 428.877380371, 1437.8314209, 815.019348145, 6590.61425781, 1746.2857666, 2249.25463867, 9148.82519531, 2459.0546875, 3786.82617188, 1507.95239258, 418.396392822, 1481.85949707, 978.058959961, 183.587661743, 194.151321411, 152.556884766, 69.1334152222, 29.4250202179, 30.7172908783, 29.5816459656, 30.6799869537, 10.6246356964, 2.08992218971, 0.144001811743, 0.0126333646476, 0.000594363315031, 6.83527730416e-07], "dvar": [0.179404392838, 7.53364610672, 54.2533721924, 48.8293876648, 186.231369019, 49.2219772339, 71.7373352051, 110.300354004, 159.890197754, 284.859466553, 368.335998535, 767.228637695, 865.369995117, 211.126953125, 621.898071289, 320.337310791, 2620.02319336, 688.82421875, 926.395324707, 3865.70263672, 1041.48632812, 1422.11303711, 541.661315918, 158.287857056, 574.601928711, 370.78125, 70.6281509399, 78.080619812, 64.9735946655, 28.4420986176, 13.2269096375, 14.0289154053, 14.4661855698, 16.4476070404, 5.47230386734, 0.967549800873, 0.0641928091645, 0.00530138844624, 0.000248984870268, 2.82600865376e-07], "dmean": [0.22396671772, 1.60700654984, 3.79208993912, 3.92856740952, 5.93070888519, 4.04086494446, 4.85255479813, 5.30549955368, 5.34622526169, 8.61460494995, 9.71206760406, 12.687374115, 15.2660970688, 7.46205568314, 13.0430345535, 10.0263910294, 21.5585727692, 16.7670688629, 17.3189220428, 22.8660583496, 18.1380977631, 23.8009128571, 16.9530677795, 9.98751926422, 16.6245555878, 12.9899950027, 6.30164957047, 6.25319480896, 5.56674289703, 3.88896584511, 2.68884730339, 2.45461058617, 1.76733922958, 1.49778568745, 0.894466102123, 0.532324194908, 0.109770722687, 0.0222480036318, 0.00330618140288, 0.000108234678919], "max": [4.71576404572, 30.229516983, 80.0675125122, 101.335914612, 185.6275177, 102.921203613, 136.136932373, 152.325576782, 177.347976685, 422.279602051, 488.252624512, 611.660827637, 557.236206055, 360.254211426, 516.259399414, 463.50100708, 1046.69885254, 489.350616455, 533.241943359, 1560.63891602, 824.99407959, 758.670715332, 296.214538574, 194.44744873, 476.077606201, 399.527282715, 132.220672607, 194.754608154, 157.495407104, 109.448616028, 93.5651321411, 101.91620636, 91.9648666382, 129.438705444, 64.1643676758, 27.6405334473, 5.74125003815, 1.92885780334, 0.408228576183, 0.0127872116864], "var": [0.247254922986, 10.3261919022, 61.8592376709, 52.566986084, 165.04750061, 69.0422821045, 114.851127625, 131.692199707, 153.960083008, 761.919250488, 841.561157227, 2661.27587891, 2678.41430664, 654.418762207, 1567.12976074, 684.880004883, 6257.94189453, 1552.3807373, 2211.91601562, 8287.93457031, 3106.84033203, 3406.42480469, 1629.90405273, 658.487792969, 1738.90856934, 1140.25036621, 266.653106689, 269.540008545, 236.236343384, 116.119018555, 53.305847168, 45.0463981628, 35.4602775574, 35.6533851624, 11.4765558243, 1.82331132889, 0.121443085372, 0.00844707153738, 0.000312310206937, 3.19003390814e-07], "mean": [0.367092460394, 3.04146790504, 6.80259990692, 6.35999250412, 7.74428653717, 6.85211753845, 8.61578845978, 8.79736804962, 8.67063045502, 16.3801460266, 19.9468688965, 28.8367557526, 32.2115135193, 16.0366096497, 25.4283256531, 19.983215332, 39.204120636, 33.272277832, 34.1013641357, 43.5251083374, 41.2960243225, 50.7166900635, 41.2516021729, 28.6288414001, 41.4968605042, 32.0189208984, 17.3392124176, 17.326631546, 15.6627988815, 11.4501180649, 7.70560216904, 6.395611763, 4.40611410141, 3.33762574196, 1.78200554848, 0.928943395615, 0.219219014049, 0.0422827079892, 0.00474987318739, 0.000185346245416]}, "spectral_strongpeak": {"dmean2": 0.599719107151, "median": 0.339598417282, "min": 0, "dvar2": 1.91100478172, "dvar": 0.697135746479, "dmean": 0.332628011703, "max": 11.414434433, "var": 0.594604074955, "mean": 0.51697075367}, "spectral_energy": {"dmean2": 0.01715724729, "median": 0.036586612463, "min": 1.03991296763e-20, "dvar2": 0.000560058047995, "dvar": 0.00022173031175, "dmean": 0.0104041695595, "max": 0.173770323396, "var": 0.000475897191791, "mean": 0.0372747704387}, "average_loudness": 0.941681265831, "spectral_rolloff": {"dmean2": 1022.54943848, "median": 1744.18945312, "min": 64.599609375, "dvar2": 1993490.125, "dvar": 985065.75, "dmean": 621.163024902, "max": 19444.4824219, "var": 2806772.5, "mean": 1902.83984375}, "spectral_centroid": {"dmean2": 367.904998779, "median": 2009.85717773, "min": 207.984268188, "dvar2": 159649.671875, "dvar": 76987.125, "dmean": 233.545471191, "max": 11616.8134766, "var": 567076.1875, "mean": 1810.14172363}, "pitch_salience": {"dmean2": 0.114132679999, "median": 0.505236566067, "min": 0.0365186184645, "dvar2": 0.0121905785054, "dvar": 0.00453924527392, "dmean": 0.0683107227087, "max": 0.866315126419, "var": 0.0136790145189, "mean": 0.495725691319}, "spectral_energyband_middle_high": {"dmean2": 0.00257907598279, "median": 0.00683225039393, "min": 1.29315976477e-21, "dvar2": 1.05646286102e-05, "dvar": 4.39139148511e-06, "dmean": 0.00163972447626, "max": 0.0362236984074, "var": 3.51853195752e-05, "mean": 0.00727823283523}, "spectral_contrast_coeffs": {"dmean2": [0.0806196406484, 0.0698926374316, 0.0583273135126, 0.0509256161749, 0.0351063683629, 0.026256557554], "median": [-0.668389201164, -0.751821637154, -0.777249097824, -0.774818956852, -0.776860594749, -0.755776643753], "min": [-0.969900727272, -0.977501630783, -0.971948087215, -0.962616980076, -0.963921904564, -0.961719989777], "dvar2": [0.00445679575205, 0.003234077245, 0.00206650560722, 0.00159154133871, 0.000773005769588, 0.000445092155132], "dvar": [0.00165864906739, 0.00124166673049, 0.000827149895485, 0.000617910118308, 0.000319656915963, 0.000187801939319], "dmean": [0.0485355146229, 0.0425196476281, 0.0359230153263, 0.0312050841749, 0.0216376371682, 0.0164098888636], "max": [-0.290838956833, -0.453095108271, -0.556556224823, -0.585274875164, -0.614530086517, -0.665460526943], "var": [0.00820780172944, 0.00440365821123, 0.00343333440833, 0.00221009273082, 0.00127139710821, 0.00164589774795], "mean": [-0.656052231789, -0.744528830051, -0.771399617195, -0.770640730858, -0.777457416058, -0.764562189579]}, "melbands_skewness": {"dmean2": 1.22280621529, "median": 2.865213871, "min": -5.36409759521, "dvar2": 1.94277060032, "dvar": 0.833386480808, "dmean": 0.770126998425, "max": 29.1507740021, "var": 3.98647117615, "mean": 3.34217500687}, "spectral_spread": {"dmean2": 816925, "median": 5219229, "min": 939474.125, "dvar2": 1185984544770.0, "dvar": 719378841600, "dmean": 584256.6875, "max": 42434244, "var": 3695080898560.0, "mean": 5511285.5}, "dissonance": {"dmean2": 0.0181531645358, "median": 0.4825938344, "min": 0.319996416569, "dvar2": 0.000318457372487, "dvar": 0.000118820586067, "dmean": 0.0107623152435, "max": 0.500000119209, "var": 0.000440934323706, "mean": 0.476238250732}, "spectral_skewness": {"dmean2": 0.229442328215, "median": 1.30728447437, "min": -0.0559570081532, "dvar2": 0.0898776575923, "dvar": 0.035828191787, "dmean": 0.145180910826, "max": 6.69043731689, "var": 0.268511921167, "mean": 1.43152940273}, "spectral_flux": {"dmean2": 0.0371959060431, "median": 0.0867419689894, "min": 6.70332539476e-11, "dvar2": 0.00175348180346, "dvar": 0.000841032771859, "dmean": 0.0239854250103, "max": 0.320827722549, "var": 0.00243194913492, "mean": 0.0910073146224}, "spectral_contrast_valleys": {"dmean2": [0.614694058895, 0.540546178818, 0.472283691168, 0.415384083986, 0.330010771751, 0.318291008472], "median": [-6.60214042664, -6.58081960678, -6.97472763062, -7.08531284332, -6.58779668808, -8.98269271851], "min": [-27.9815330505, -27.4886798859, -27.6049118042, -27.3783187866, -27.3859596252, -27.4661197662], "dvar2": [0.258984208107, 0.224676325917, 0.165902078152, 0.146366536617, 0.138932719827, 0.174685418606], "dvar": [0.113448604941, 0.101014174521, 0.0808357223868, 0.0755707100034, 0.075801178813, 0.115216031671], "dmean": [0.369524687529, 0.324389785528, 0.287424951792, 0.2570746243, 0.209617137909, 0.238969057798], "max": [-5.13969087601, -5.0222659111, -5.47530269623, -5.80679368973, -5.6535449028, -7.49084615707], "var": [1.80261933804, 1.44296467304, 1.46380138397, 1.40346860886, 1.91026937962, 2.17614173889], "mean": [-6.93515729904, -6.82865953445, -7.29202699661, -7.39622592926, -7.13885116577, -9.45841598511]}, "erbbands_flatness_db": {"dmean2": 0.0173822101206, "median": 0.1089861691, "min": 0.0327235721052, "dvar2": 0.000306319125229, "dvar": 0.0001629988692, "dmean": 0.0122171239927, "max": 0.476887881756, "var": 0.00179278664291, "mean": 0.115663468838}, "spectral_energyband_high": {"dmean2": 0.000771023565903, "median": 0.0019981819205, "min": 7.40359283095e-21, "dvar2": 1.12049190193e-06, "dvar": 5.84314534535e-07, "dmean": 0.000529228767846, "max": 0.0151623021811, "var": 3.12139513881e-06, "mean": 0.00209508044645}, "spectral_entropy": {"dmean2": 0.166456177831, "median": 8.00637054443, "min": 5.25268268585, "dvar2": 0.036523964256, "dvar": 0.0197126269341, "dmean": 0.115928933024, "max": 9.80687618256, "var": 0.214863419533, "mean": 7.8693523407}, "silence_rate_20dB": {"dmean2": 0, "median": 1, "min": 1, "dvar2": 0, "dvar": 0, "dmean": 0, "max": 1, "var": 0, "mean": 1}, "melbands_flatness_db": {"dmean2": 0.0383201427758, "median": 0.160444259644, "min": 0.00421362556517, "dvar2": 0.0014633302344, "dvar": 0.000630804453976, "dmean": 0.0244298130274, "max": 0.521842122078, "var": 0.00620338506997, "mean": 0.181618720293}, "barkbands": {"dmean2": [0.000694443762768, 0.0117612192407, 0.00547779584303, 0.0026774443686, 0.00234417035244, 0.00109284278005, 0.000608714006376, 0.000817429914605, 0.000754104519729, 0.000645786582027, 0.000508330995217, 0.000334555428708, 0.000786237535067, 0.000615817727521, 0.000615954981185, 0.00060596910771, 0.000822654052172, 0.000473770633107, 0.000437421957031, 0.000461487623397, 0.000256942235865, 0.00022593398171, 0.000151635598741, 0.000155123139848, 0.000179515453056, 0.000120022879855, 2.63040947175e-05], "median": [8.79458893905e-05, 0.00978851318359, 0.00329375313595, 0.00115104392171, 0.00142254726961, 0.000664112798404, 0.00036222327617, 0.000426701793913, 0.000408766820328, 0.00037930556573, 0.000246749143116, 0.000218631786993, 0.00030391299515, 0.000369310611859, 0.000330954033416, 0.000393604161218, 0.000649273628369, 0.00054533733055, 0.000564177869819, 0.000557398423553, 0.000416635826696, 0.000368792563677, 0.00024481973378, 0.000224587609409, 0.000162230600836, 8.60680011101e-05, 6.33707259112e-06], "min": [1.87478217544e-24, 7.13421742424e-24, 2.7760873141e-24, 4.72649068199e-25, 1.05631788425e-23, 2.37106660105e-23, 2.594668278e-23, 1.57677470404e-23, 2.68289984589e-23, 2.37314824721e-23, 5.23421138191e-23, 5.38156618138e-23, 6.08053733309e-23, 4.68640238795e-23, 9.09422012495e-23, 3.92425168189e-23, 8.09692891571e-23, 9.34530950237e-23, 2.0431979597e-22, 2.4371510568e-22, 3.37820203708e-22, 3.48011024426e-22, 4.81783885788e-22, 6.71586697349e-22, 1.02404081359e-21, 1.52594739248e-21, 1.94570227439e-21], "dvar2": [1.97008694158e-06, 0.000367248110706, 0.000106903287815, 2.13138155232e-05, 2.2634772904e-05, 3.85817793358e-06, 1.37833035296e-06, 2.60544447883e-06, 2.14520969166e-06, 1.23368556615e-06, 1.08221797746e-06, 3.48397804828e-07, 2.91240939987e-06, 1.10218979898e-06, 1.73399882897e-06, 9.82909682534e-07, 1.6543036736e-06, 4.0554982661e-07, 3.5474297988e-07, 4.32977799392e-07, 1.12011107944e-07, 9.39655464549e-08, 3.66858508016e-08, 7.90997845002e-08, 1.9739053414e-07, 5.95892899469e-08, 1.39927172071e-08], "dvar": [1.04177308913e-06, 0.000136030226713, 3.84765226045e-05, 8.38637788547e-06, 8.11478093965e-06, 1.42272290304e-06, 5.01520162288e-07, 1.19453090974e-06, 9.7505312624e-07, 6.12400754108e-07, 4.77140645216e-07, 1.33921147949e-07, 1.15040609217e-06, 4.44970652325e-07, 7.44399017094e-07, 3.95622265614e-07, 6.22070501777e-07, 1.46045366023e-07, 1.38702532126e-07, 1.67560372688e-07, 4.29743138852e-08, 4.07498887967e-08, 1.6231863853e-08, 3.83861902264e-08, 1.09248503577e-07, 2.6972369227e-08, 5.89463855505e-09], "dmean": [0.000465132528916, 0.00695157935843, 0.00316611700691, 0.00159974012058, 0.00137953215744, 0.00064671918517, 0.000360237172572, 0.00052996451268, 0.000492356077302, 0.000434398709331, 0.000329227244947, 0.0002030208270