{"tonal": {"thpcp": [1, 0.990699470043, 0.349692583084, 0.165929153562, 0.190559983253, 0.364605635405, 0.675572454929, 0.554483413696, 0.231902390718, 0.333738148212, 0.451125085354, 0.308826118708, 0.34717425704, 0.50478386879, 0.523461937904, 0.549846351147, 0.471754252911, 0.316769868135, 0.26146119833, 0.236874058843, 0.230162084103, 0.451659560204, 0.565143585205, 0.351525515318, 0.281193494797, 0.342143833637, 0.291274964809, 0.222034007311, 0.184265732765, 0.228209987283, 0.564534425735, 0.632876992226, 0.311198741198, 0.192878186703, 0.207444295287, 0.390037506819], "hpcp": {"dmean2": [0.197130188346, 0.181367769837, 0.159373372793, 0.182881087065, 0.197240963578, 0.17954005301, 0.196923360229, 0.227513074875, 0.211787313223, 0.157615825534, 0.110353179276, 0.0965331718326, 0.147110626101, 0.153874218464, 0.120758287609, 0.121415354311, 0.133902624249, 0.207621753216, 0.253478586674, 0.242209047079, 0.177535817027, 0.118333689868, 0.11945284903, 0.187099084258, 0.289905995131, 0.210488259792, 0.11889988929, 0.132722690701, 0.123117506504, 0.129903018475, 0.222059696913, 0.285639971495, 0.308061152697, 0.319768816233, 0.250324904919, 0.203688263893], "median": [0.00453973608091, 0.00366892525926, 0.00767844496295, 0.0297709815204, 0.0405478999019, 0.0210802927613, 0.00579327391461, 0.0047749010846, 0.00481211626902, 0.00627304892987, 0.00623554317281, 0.00943488068879, 0.0289352107793, 0.0378409847617, 0.019333332777, 0.0068045174703, 0.00521645741537, 0.0101787252352, 0.0179482195526, 0.0171606615186, 0.00989904440939, 0.00362008297816, 0.00310471979901, 0.0176322832704, 0.0475478619337, 0.0481787770987, 0.0155629422516, 0.00832607783377, 0.007862880826, 0.00733500020579, 0.00803424976766, 0.00791766960174, 0.00958591885865, 0.0197867434472, 0.0196447167546, 0.0107923466712], "min": [0, 0, 0, 0, 0, 0, 0, 0, 0, 0, 0, 0, 0, 0, 0, 0, 0, 0, 0, 0, 0, 0, 0, 0, 0, 0, 0, 0, 0, 0, 0, 0, 0, 0, 0, 0], "dvar2": [0.162202686071, 0.154169365764, 0.120368778706, 0.109854497015, 0.125167548656, 0.125985503197, 0.153854995966, 0.184562534094, 0.1767257303, 0.115953244269, 0.0841907784343, 0.0596480928361, 0.0854830443859, 0.0838230252266, 0.0702578052878, 0.092558465898, 0.0987806469202, 0.128731116652, 0.154356136918, 0.141100659966, 0.108014434576, 0.072720579803, 0.0798116922379, 0.0798395648599, 0.169191464782, 0.0842266231775, 0.0588489584625, 0.0739115551114, 0.0679675936699, 0.0653473958373, 0.149538367987, 0.196836292744, 0.209103673697, 0.234065636992, 0.172954171896, 0.149618551135], "dvar": [0.0567255094647, 0.0530956275761, 0.0420064590871, 0.0417336635292, 0.0486041307449, 0.0436597950757, 0.0539661385119, 0.0657538175583, 0.0617094859481, 0.0408820919693, 0.0301329903305, 0.0221345759928, 0.035443469882, 0.0348772965372, 0.0261857658625, 0.0329982340336, 0.0346635654569, 0.0441508665681, 0.0683148428798, 0.0618674792349, 0.0368294492364, 0.0249511525035, 0.0279953479767, 0.0291926693171, 0.0645890161395, 0.0321202650666, 0.0201009791344, 0.0280271545053, 0.0329483821988, 0.0247302856296, 0.0562085732818, 0.078756198287, 0.0832021608949, 0.0857140347362, 0.0642448365688, 0.0543633960187], "dmean": [0.103783465922, 0.0950273498893, 0.0845493376255, 0.10191257298, 0.109942287207, 0.0969356000423, 0.103001564741, 0.117723882198, 0.109109662473, 0.0822596400976, 0.0594031922519, 0.0548607446253, 0.085615105927, 0.0893087163568, 0.0678620412946, 0.0654681846499, 0.0706681832671, 0.113875865936, 0.143272340298, 0.136245638132, 0.0956562831998, 0.0622572749853, 0.0635050162673, 0.103434801102, 0.16202250123, 0.117811508477, 0.0640538558364, 0.0741124972701, 0.0714091807604, 0.0719255581498, 0.120051026344, 0.159632399678, 0.170996889472, 0.174142718315, 0.136543720961, 0.109343066812], "max": [1, 1, 1, 1, 1, 1, 1, 1, 1, 1, 1, 1, 1, 1, 1, 1, 1, 1, 1, 1, 1, 1, 1, 1, 1, 1, 1, 1, 1, 1, 1, 1, 1, 1, 1, 1], "var": [0.0373382531106, 0.0341182686388, 0.0277737900615, 0.0438356287777, 0.0648451671004, 0.0336011759937, 0.0370809659362, 0.052902828902, 0.0427591614425, 0.0267944056541, 0.022490343079, 0.0214326065034, 0.0719040334225, 0.0808498933911, 0.0288913957775, 0.0240990947932, 0.0276045389473, 0.0368371903896, 0.143821701407, 0.143500611186, 0.0299079734832, 0.0166419446468, 0.0241991784424, 0.0286159943789, 0.0718348994851, 0.0497540012002, 0.0153367482126, 0.03668134287, 0.0744556337595, 0.0322244539857, 0.0441828966141, 0.0729504078627, 0.0736078843474, 0.0724673196673, 0.0582464113832, 0.0390076749027], "mean": [0.0666976869106, 0.0604256093502, 0.0587134100497, 0.115216515958, 0.144165828824, 0.089672729373, 0.0717313140631, 0.0872794985771, 0.07430306077, 0.0566399730742, 0.0470054373145, 0.0582154393196, 0.144010439515, 0.161444351077, 0.0793855339289, 0.0492024384439, 0.0529181957245, 0.0994969829917, 0.255095928907, 0.252723395824, 0.0892051532865, 0.0423278510571, 0.0486110746861, 0.0930094122887, 0.172335788608, 0.141446456313, 0.0591573566198, 0.0851352438331, 0.115080170333, 0.0787802860141, 0.0885627418756, 0.128768309951, 0.133533015847, 0.140263572335, 0.120342589915, 0.0808067023754]}, "tuning_equal_tempered_deviation": 0.206950485706, "chords_changes_rate": 0.063878826797, "key_key": "G#", "tuning_diatonic_strength": 0.534354269505, "key_scale": "major", "chords_number_rate": 0.00131708919071, "tuning_frequency": 434.193115234, "tuning_nontempered_energy_ratio": 0.940978348255, "chords_histogram": [0.0987816900015, 0.0493908450007, 9.68060588837, 0, 0.0987816900015, 0.0493908450007, 0, 0, 0, 0, 2.22258806229, 0.707935452461, 0.559762895107, 2.55186033249, 0.197563380003, 0.0164636150002, 0, 0.806717157364, 3.22686862946, 10.0592689514, 14.3727359772, 34.9357910156, 20.3654918671, 0], "key_strength": 0.611120164394, "chords_key": "A#", "chords_strength": {"dmean2": 0.00965469516814, "median": 0.485236108303, "min": 0.218937963247, "dvar2": 7.48421662138e-05, "dvar": 5.93930635659e-05, "dmean": 0.00941048841923, "max": 0.721165657043, "var": 0.00705383112654, "mean": 0.483987927437}, "chords_scale": "minor", "hpcp_entropy": {"dmean2": 1.04488837719, "median": 2.02104496956, "min": 0, "dvar2": 0.832478582859, "dvar": 0.293089181185, "dmean": 0.612799823284, "max": 4.52760076523, "var": 0.497176349163, "mean": 2.00346970558}}, "metadata": {"audio_properties": {"equal_loudness": 0, "codec": "flac", "downmix": "mix", "sample_rate": 44100, "analysis_sample_rate": 44100, "bit_rate": 0, "md5_encoded": "b980635d92617e951ffe17848f7557c1", "length": 281.983795166, "replay_gain": -11.6891365051, "lossless": true}, "version": {"essentia_build_sha": "2d9f1f26377add8aeb1075a9c2973f962c4f09fd", "essentia": "2.1-beta2", "extractor": "music 1.0", "essentia_git_sha": "v2.1_beta2-1-ge3940c0"}, "tags": {"title": ["Holy Lust"], "artist": ["LLLL"], "date": ["2015-03-15"], "file_name": "04 - Holy Lust.flac", "album": ["Faithful"], "tracknumber": ["4"], "musicbrainz_recordingid": ["0da6ee9c-2d3c-4564-9141-415aaf0a6396"], "totaltracks": ["13"]}}, "rhythm": {"bpm_histogram_first_peak_bpm": {"dmean2": 0, "median": 120, "min": 120, "dvar2": 0, "dvar": 0, "dmean": 0, "max": 120, "var": 0, "mean": 120}, "bpm": 120.919281006, "bpm_histogram_second_peak_spread": {"dmean2": 0, "median": 0.26315793395, "min": 0.26315793395, "dvar2": 0, "dvar": 0, "dmean": 0, "max": 0.26315793395, "var": 0, "mean": 0.26315793395}, "bpm_histogram_first_peak_weight": {"dmean2": 0, "median": 0.575916230679, "min": 0.575916230679, "dvar2": 0, "dvar": 0, "dmean": 0, "max": 0.575916230679, "var": 0, "mean": 0.575916230679}, "onset_rate": 5.34030532837, "beats_position": [0.487619042397, 0.986848056316, 1.48607707024, 1.98530614376, 2.48453521729, 2.97215414047, 3.47138309479, 3.97061228752, 4.45823097229, 4.95746040344, 5.45668935776, 5.94430828094, 6.44353723526, 6.94276618958, 7.44199514389, 7.94122457504, 8.44045352936, 8.93968200684, 9.42730140686, 9.91492080688, 10.4141492844, 10.9133787155, 11.412607193, 11.9118366241, 12.4110651016, 12.9102945328, 13.3979139328, 13.8855323792, 14.3847618103, 14.8839902878, 15.3716096878, 15.870839119, 16.3700675964, 16.8692970276, 17.3685264587, 17.8561439514, 18.3553733826, 18.8546028137, 19.3538322449, 19.853061676, 20.3406791687, 20.8399085999, 21.339138031, 21.826757431, 22.3259868622, 22.825214386, 23.312833786, 23.800453186, 24.2996826172, 24.7989120483, 25.286529541, 25.7857589722, 26.2849884033, 26.7842178345, 27.2718353271, 27.7710647583, 28.2702941895, 28.7695236206, 29.2571430206, 29.7679805756, 30.2555999756, 30.7548294067, 31.2540588379, 31.7416782379, 32.2409057617, 32.7401351929, 33.2277526855, 33.7269821167, 34.2146034241, 34.7138328552, 35.2130622864, 35.7122879028, 36.211517334, 36.7107467651, 37.1983680725, 37.6859855652, 38.1852149963, 38.6844444275, 39.1836738586, 39.6829032898, 40.1821289063, 40.6813583374, 41.1689796448, 41.6565971375, 42.1558265686, 42.6550559998, 43.1542854309, 43.6535148621, 44.1411323547, 44.6403617859, 45.139591217, 45.6272087097, 46.1264381409, 46.625667572, 47.1132888794, 47.6125144958, 48.111743927, 48.5993652344, 49.0985946655, 49.5978240967, 50.0970497131, 50.5962791443, 51.0839004517, 51.5715179443, 52.0707473755, 52.5699768066, 53.0692062378, 53.5684356689, 54.0676651001, 54.5668907166, 55.0545120239, 55.5421295166, 56.0413589478, 56.5405883789, 57.0282058716, 57.5274353027, 58.0266647339, 58.525894165, 59.0251235962, 59.5127410889, 60.01197052, 60.5111999512, 60.9988212585, 61.4864387512, 61.9856681824, 62.4848976135, 62.9841270447, 63.4833564758, 63.9825820923, 64.4818115234, 64.9694290161, 65.4570541382, 65.9562835693, 66.4555053711, 66.9431304932, 67.4423599243, 67.9415893555, 68.4408187866, 68.9400405884, 69.4276657104, 69.9268951416, 70.4261245728, 70.9253463745, 71.4129714966, 71.9005889893, 72.3998184204, 72.8990478516, 73.3982772827, 73.8975067139, 74.396736145, 74.8843536377, 75.3719711304, 75.8712005615, 76.3704299927, 76.8580474854, 77.3572769165, 77.8565063477, 78.3673477173, 78.85496521, 79.3425827026, 79.8418121338, 80.3410415649, 80.8286590576, 81.3278884888, 81.8271179199, 82.3263473511, 82.8255767822, 83.3131942749, 83.8124237061, 84.3116531372, 84.7992706299, 85.2868881226, 85.7861175537, 86.2853469849, 86.784576416, 87.2838058472, 87.7830352783, 88.2822647095, 88.7698822021, 89.2691116333, 89.7683410645, 90.2675704956, 90.7667999268, 91.2544174194, 91.7536468506, 92.2528762817, 92.7404937744, 93.2281188965, 93.7273483276, 94.2265777588, 94.7257995605, 95.2250289917, 95.7126541138, 96.2118835449, 96.7111129761, 97.1987304688, 97.6979598999, 98.1971893311, 98.6848068237, 99.1724243164, 99.6716537476, 100.170883179, 100.658500671, 101.146118164, 101.645347595, 102.156188965, 102.655418396, 103.143035889, 103.64226532, 104.141494751, 104.629112244, 105.128341675, 105.627571106, 106.126800537, 106.626029968, 107.125259399, 107.612876892, 108.112106323, 108.599723816, 109.087341309, 109.58657074, 110.085800171, 110.585029602, 111.084259033, 111.583488464, 112.082717896, 112.570335388, 113.05796051, 113.557182312, 114.056411743, 114.567253113, 115.054870605, 115.554100037, 116.053329468, 116.54094696, 117.028572083, 117.527801514, 118.027030945, 118.514648438, 119.00226593, 119.501495361, 120.000724792, 120.499954224, 120.999183655, 121.498413086, 121.997642517, 122.48526001, 122.984489441, 123.483718872, 123.971336365, 124.482177734, 124.969795227, 125.469024658, 125.968254089, 126.455871582, 126.943489075, 127.442718506, 127.941947937, 128.441177368, 128.94039917, 129.43963623, 129.938858032, 130.426483154, 130.914108276, 131.424942017, 131.912567139, 132.400177002, 132.899414063, 133.387023926, 133.897872925, 134.397094727, 134.884719849, 135.38394165, 135.883178711, 136.370788574, 136.858413696, 137.357635498, 137.856872559, 138.35609436, 138.855331421, 139.354553223, 139.853790283, 140.341400146, 140.829025269, 141.32824707, 141.827484131, 142.326705933, 142.825942993, 143.325164795, 143.824401855, 144.312011719, 144.799636841, 145.298858643, 145.798095703, 146.285705566, 146.773330688, 147.27255249, 147.771789551, 148.271011353, 148.770248413, 149.269470215, 149.768707275, 150.256317139, 150.743942261, 151.243179321, 151.742401123, 152.230026245, 152.717636108, 153.216873169, 153.727706909, 154.226928711, 154.714553833, 155.213790894, 155.701400757, 156.200637817, 156.699859619, 157.19909668, 157.698318481, 158.197555542, 158.685165405, 159.184402466, 159.683624268, 160.17124939, 160.658859253, 161.158096313, 161.657318115, 162.168167114, 162.655776978, 163.155014038, 163.65423584, 164.141860962, 164.641082764, 165.140319824, 165.627929688, 166.127166748, 166.62638855, 167.12562561, 167.624847412, 168.112472534, 168.600082397, 169.099319458, 169.59854126, 170.09777832, 170.597000122, 171.096237183, 171.595458984, 172.106307983, 172.512649536, 172.919006348, 173.3253479, 173.731704712, 174.138046265, 174.544403076, 174.950744629, 175.473190308, 175.995635986, 176.518096924, 177.017318726, 177.528152466, 178.027389526, 178.515014648, 179.01423645, 179.513473511, 180.012695313, 180.511917114, 180.999542236, 181.498779297, 181.998001099, 182.485626221, 182.984848022, 183.484085083, 183.971694946, 184.459320068, 184.95854187, 185.457778931, 185.945388794, 186.433013916, 186.943847656, 187.454696655, 187.942306519, 188.429931641, 188.917541504, 189.416778564, 189.916000366, 190.415237427, 190.914459229, 191.413696289, 191.912918091, 192.400543213, 192.911376953, 193.433822632, 193.967880249, 194.490341187, 195.001174927, 195.512008667, 195.999633789, 196.487258911, 196.986480713, 197.485717773, 197.996551514, 198.518997192, 199.05305481, 199.575500488, 200.086349487, 200.585571289, 201.08480835, 201.584030151, 202.083267212, 202.570877075, 203.058502197, 203.557723999, 204.05696106, 204.556182861, 205.055419922, 205.566253662, 206.077087402, 206.587936401, 207.11038208, 207.632827759, 208.143676758, 208.654510498, 209.1537323, 209.65296936, 210.140579224, 210.639816284, 211.139038086, 211.626663208, 212.11428833, 212.613510132, 213.112747192, 213.611968994, 214.111190796, 214.598815918, 215.109649658, 215.608886719, 216.108108521, 216.595733643, 217.083358765, 217.582580566, 218.081817627, 218.56942749, 219.068664551, 219.567886353, 220.055511475, 220.554733276, 221.053970337, 221.553192139, 222.052429199, 222.540039063, 223.027664185, 223.526885986, 224.026123047, 224.525344849, 225.024581909, 225.512191772, 225.999816895, 226.499038696, 226.998275757, 227.497497559, 227.996734619, 228.484344482, 228.983581543, 229.482803345, 229.970428467, 230.469650269, 230.968887329, 231.456497192, 231.955734253, 232.454956055, 232.954193115, 233.453414917, 233.941040039, 234.440261841, 234.939498901, 235.427108765, 235.914733887, 236.413970947, 236.913192749, 237.412414551, 237.911651611, 238.399276733, 238.910110474, 239.397735596, 239.896957397, 240.396179199, 240.883804321, 241.394638062, 241.882263184, 242.369888306, 242.869110107, 243.368347168, 243.855957031, 244.366790771, 244.854415894, 245.353652954, 245.852874756, 246.340499878, 246.83972168, 247.33895874, 247.826568604, 248.325805664, 248.825027466, 249.312652588, 249.800262451, 250.299499512, 250.798721313, 251.297958374, 251.797180176, 252.284805298, 252.7840271, 253.28326416, 253.782485962, 254.281723022, 254.769332886, 255.256958008, 255.75617981, 256.255401611, 256.754638672, 257.253875732, 257.741485596, 258.240722656, 258.739959717, 259.22756958, 259.715179443, 260.226013184, 260.713653564, 261.224487305, 261.712097168, 262.199737549, 262.698944092, 263.198181152, 263.685791016, 264.185028076, 264.684265137, 265.183502197, 265.68270874, 266.170349121, 266.669555664, 267.168792725, 267.691253662, 268.213684082, 268.747741699, 269.142486572, 269.514007568, 269.885528564, 270.257049561, 270.628570557, 271.000091553, 271.371612549, 271.743133545, 272.114654541, 272.486175537, 272.857696533, 273.229187012, 273.612335205, 273.995452881, 274.378601074, 274.76171875, 275.133239746, 275.504760742, 275.876281738, 276.259399414, 276.688964844, 277.106933594, 277.536499023, 277.966064453, 278.395629883, 278.825195313, 279.25479126, 279.684356689, 280.113922119, 280.543487549, 280.973052979, 281.402618408], "beats_loudness": {"dmean2": 0.0605955868959, "median": 0.0865425392985, "min": 3.38483707729e-09, "dvar2": 0.00305956532247, "dvar": 0.00108385842759, "dmean": 0.0356442369521, "max": 0.191422402859, "var": 0.00219147326425, "mean": 0.085514113307}, "danceability": 0.952743589878, "bpm_histogram_second_peak_weight": {"dmean2": 0, "median": 0.0244328081608, "min": 0.0244328081608, "dvar2": 0, "dvar": 0, "dmean": 0, "max": 0.0244328081608, "var": 0, "mean": 0.0244328081608}, "beats_count": 574, "bpm_histogram_second_peak_bpm": {"dmean2": 0, "median": 161, "min": 161, "dvar2": 0, "dvar": 0, "dmean": 0, "max": 161, "var": 0, "mean": 161}, "bpm_histogram_first_peak_spread": {"dmean2": 0, "median": 0.365384638309, "min": 0.365384638309, "dvar2": 0, "dvar": 0, "dmean": 0, "max": 0.365384638309, "var": 0, "mean": 0.365384638309}, "beats_loudness_band_ratio": {"dmean2": [0.260964989662, 0.0757486894727, 0.0700687170029, 0.114398598671, 0.0659518390894, 0.111994244158], "median": [0.826454758644, 0.026521012187, 0.0296126175672, 0.0304751060903, 0.0189893357456, 0.0274400152266], "min": [1.32053003199e-06, 1.62692117556e-06, 0.000150363644934, 0.0020000981167, 0.000825974741019, 0.000678392767441], "dvar2": [0.074548818171, 0.0123468805104, 0.0117980511859, 0.0277417507023, 0.0159032978117, 0.010624980554], "dvar": [0.0332603603601, 0.00458846706897, 0.00483064725995, 0.0105162551627, 0.0057736239396, 0.00449191406369], "dmean": [0.152666673064, 0.0429069623351, 0.0423133932054, 0.0644200369716, 0.0367479249835, 0.0631113350391], "max": [0.981240153313, 0.593884289265, 0.761086463928, 0.911424934864, 0.875531494617, 0.823616743088], "var": [0.0871521830559, 0.00393209327012, 0.0110325468704, 0.0173824969679, 0.00727123022079, 0.00793661735952], "mean": [0.709673643112, 0.0453976429999, 0.0637302175164, 0.0841856598854, 0.0440275520086, 0.0619023367763]}}, "lowlevel": {"barkbands_spread": {"dmean2": 17.1044902802, "median": 18.2790679932, "min": 0.765276491642, "dvar2": 308.842376709, "dvar": 125.252304077, "dmean": 10.3836336136, "max": 108.621566772, "var": 301.911468506, "mean": 23.1993141174}, "melbands_spread": {"dmean2": 10.5026025772, "median": 11.017250061, "min": 0.584205210209, "dvar2": 180.675460815, "dvar": 69.6371765137, "dmean": 6.44591093063, "max": 157.009628296, "var": 200.659332275, "mean": 14.9849967957}, "hfc": {"dmean2": 29.1222629547, "median": 26.0138187408, "min": 1.39795952592e-11, "dvar2": 1453.91308594, "dvar": 575.61138916, "dmean": 18.5023765564, "max": 265.152618408, "var": 965.830566406, "mean": 35.4747390747}, "barkbands_kurtosis": {"dmean2": 15.5308914185, "median": 6.45263290405, "min": -1.8149497509, "dvar2": 715.447814941, "dvar": 250.154769897, "dmean": 9.41941356659, "max": 304.548248291, "var": 390.721252441, "mean": 13.3395614624}, "gfcc": {"mean": [28.2680854797, 56.0732460022, -85.3327789307, 26.7795410156, -48.471786499, 29.1495666504, -24.4724655151, 13.867975235, -16.0335006714, 6.46315097809, -12.8453207016, 4.93085765839, -12.4050655365], "icov": [[0.000147909973748, -5.75602607569e-05, -1.91922845261e-05, -0.000298108439893, 0.000104932943941, -0.000278517487459, 0.000259339605691, -0.000458958675154, 0.000480727961985, -0.000320816965541, 0.000289264920866, -0.000554895552341, 0.000378559692763], [-5.75602607569e-05, 0.00102129683364, -8.40682914713e-05, -0.000116502567835, -0.000109954737127, -0.000516393221915, -0.000239794972003, 0.000636124168523, -0.000995669513941, 0.0015455376124, -0.00145198497921, 0.00224606110714, -0.00113019766286], [-1.91922845261e-05, -8.40682914713e-05, 0.00119458604604, -0.0004973661853, -0.000918806879781, -0.000162181284395, -4.36721165897e-05, -0.000470510422019, 0.000354208226781, -0.000714822264854, 0.000543041387573, -0.000747651502024, 0.00140120240394], [-0.000298108439893, -0.000116502567835, -0.0004973661853, 0.00318089220673, -0.000866092508659, 0.00043620885117, 0.000114228409075, -0.00167301553302, 0.001764559187, -0.00103935727384, -0.000514768296853, 0.00191555148922, -0.00199864106253], [0.000104932943941, -0.000109954737127, -0.000918806879781, -0.000866092508659, 0.00687442161143, -0.00198571733199, -0.000459076691186, 0.000350838323357, -0.00404806667939, 0.00396352866665, -0.000364571402315, 8.95787452464e-05, 0.000204989381018], [-0.000278517487459, -0.000516393221915, -0.000162181284395, 0.00043620885117, -0.00198571733199, 0.00779580976814, -0.00458657648414, -0.00114785938058, 0.00221854052506, -0.00450572744012, 0.00257835001685, -0.00284520746209, 0.00192659336608], [0.000259339605691, -0.000239794972003, -4.36721165897e-05, 0.000114228409075, -0.000459076691186, -0.00458657648414, 0.0136147718877, -0.00508486153558, 0.000136733026011, 0.00102689780761, -0.00529245520011, 0.00525983609259, -0.00341622112319], [-0.000458958675154, 0.000636124168523, -0.000470510422019, -0.00167301553302, 0.000350838323357, -0.00114785938058, -0.00508486153558, 0.0199437644333, -0.0125462850556, 0.00229205307551, 0.00295586348511, -0.00377471209504, -0.000487324927235], [0.000480727961985, -0.000995669513941, 0.000354208226781, 0.001764559187, -0.00404806667939, 0.00221854052506, 0.000136733026011, -0.0125462850556, 0.026031665504, -0.0111337741837, 8.04051451269e-05, -0.000357060227543, 0.000165881661815], [-0.000320816965541, 0.0015455376124, -0.000714822264854, -0.00103935727384, 0.00396352866665, -0.00450572744012, 0.00102689780761, 0.00229205307551, -0.0111337741837, 0.0299476888031, -0.0164787154645, 0.00542329763994, -0.00369762722403], [0.000289264920866, -0.00145198497921, 0.000543041387573, -0.000514768296853, -0.000364571402315, 0.00257835001685, -0.00529245520011, 0.00295586348511, 8.04051451269e-05, -0.0164787154645, 0.034874022007, -0.0177382342517, 0.0053320066072], [-0.000554895552341, 0.00224606110714, -0.000747651502024, 0.00191555148922, 8.95787452464e-05, -0.00284520746209, 0.00525983609259, -0.00377471209504, -0.000357060227543, 0.00542329763994, -0.0177382342517, 0.0309019442648, -0.0140631441027], [0.000378559692763, -0.00113019766286, 0.00140120240394, -0.00199864106253, 0.000204989381018, 0.00192659336608, -0.00341622112319, -0.000487324927235, 0.000165881661815, -0.00369762722403, 0.0053320066072, -0.0140631441027, 0.0252318736166]], "cov": [[19008.5820313, 706.724060059, 2904.16479492, 2578.02539063, 630.940734863, 1456.41088867, 348.986999512, 890.240661621, 33.7352790833, 387.916412354, 116.122543335, 369.988586426, -24.1878089905], [706.724060059, 1500.49768066, 340.989562988, 253.512268066, 202.167572021, 202.643325806, 150.541168213, 63.9279174805, 56.7432441711, -20.0977401733, -0.299765735865, -97.4312973022, 4.69524145126], [2904.16479492, 340.989562988, 1761.60595703, 674.42565918, 396.387634277, 417.299346924, 173.945632935, 259.117218018, 80.1954116821, 92.5590667725, 23.7486190796, 44.7540397644, -46.2690734863], [2578.02539063, 253.512268066, 674.42565918, 787.01373291, 200.460998535, 251.344818115, 105.534439087, 182.907073975, 26.5267753601, 68.6876220703, 18.9274024963, 29.0247821808, 16.6339492798], [630.940734863, 202.167572021, 396.387634277, 200.460998535, 296.655731201, 168.185409546, 92.5452880859, 99.6542205811, 61.6894798279, 12.1102781296, 4.49920749664, 3.83831429482, -4.78406953812], [1456.41088867, 202.643325806, 417.299346924, 251.344818115, 168.185409546, 369.592590332, 149.854522705, 140.786834717, 50.4077224731, 70.4498519897, 31.0864639282, 38.1847839355, 2.0890455246], [348.986999512, 150.541168213, 173.945632935, 105.534439087, 92.5452880859, 149.854522705, 164.623397827, 88.9810714722, 48.3029899597, 34.9924736023, 26.6274280548, 5.58627843857, 14.3173646927], [890.240661621, 63.9279174805, 259.117218018, 182.907073975, 99.6542205811, 140.786834717, 88.9810714722, 162.391845703, 70.7242660522, 44.4689826965, 20.863615036, 35.2253341675, 14.5059909821], [33.7352790833, 56.7432441711, 80.1954116821, 26.5267753601, 61.6894798279, 50.4077224731, 48.3029899597, 70.7242660522, 92.7744979858, 38.6214332581, 23.0990123749, 14.4181051254, 11.4436273575], [387.916412354, -20.0977401733, 92.5590667725, 68.6876220703, 12.1102781296, 70.4498519897, 34.9924736023, 44.4689826965, 38.6214332581, 82.2000579834, 43.604724884, 29.0626239777, 12.4753293991], [116.122543335, -0.299765735865, 23.7486190796, 18.9274024963, 4.49920749664, 31.0864639282, 26.6274280548, 20.863615036, 23.0990123749, 43.604724884, 66.0302047729, 39.3775787354, 14.2547883987], [369.988586426, -97.4312973022, 44.7540397644, 29.0247821808, 3.83831429482, 38.1847839355, 5.58627843857, 35.2253341675, 14.4181051254, 29.0626239777, 39.3775787354, 84.0344619751, 31.0684947968], [-24.1878089905, 4.69524145126, -46.2690734863, 16.6339492798, -4.78406953812, 2.0890455246, 14.3173646927, 14.5059909821, 11.4436273575, 12.4753293991, 14.2547883987, 31.0684947968, 62.2475357056]]}, "spectral_energyband_middle_low": {"dmean2": 0.00902816094458, "median": 0.00589240947738, "min": 8.94529327155e-18, "dvar2": 0.000183473181096, "dvar": 8.41610890348e-05, "dmean": 0.00553439278156, "max": 0.071094058454, "var": 0.00011242194887, "mean": 0.00974099524319}, "melbands_crest": {"dmean2": 5.10988616943, "median": 20.0416488647, "min": 2.20742487907, "dvar2": 23.3798217773, "dvar": 9.52376270294, "dmean": 3.24777436256, "max": 34.3825569153, "var": 33.1937561035, "mean": 20.0208702087}, "spectral_kurtosis": {"dmean2": 1.70235896111, "median": 2.20424318314, "min": -1.04918015003, "dvar2": 9.30223941803, "dvar": 3.31872653961, "dmean": 1.0352190733, "max": 45.1771507263, "var": 10.0457572937, "mean": 3.0549595356}, "spectral_rms": {"dmean2": 0.0021228378173, "median": 0.00795522518456, "min": 1.05136377382e-09, "dvar2": 5.56645545657e-06, "dvar": 1.93831237993e-06, "dmean": 0.00132153404411, "max": 0.0146620366722, "var": 9.93372304947e-06, "mean": 0.00764153338969}, "zerocrossingrate": {"dmean2": 0.0189706757665, "median": 0.0517578125, "min": 0.00244140625, "dvar2": 0.00027704690001, "dvar": 0.000172248997842, "dmean": 0.0142270959914, "max": 0.63671875, "var": 0.00329627445899, "mean": 0.0616861321032}, "silence_rate_60dB": {"dmean2": 0.00757575780153, "median": 0, "min": 0, "dvar2": 0.00900166295469, "dvar": 0.00377360754646, "dmean": 0.0037875669077, "max": 1, "var": 0.0812164247036, "mean": 0.0891651585698}, "erbbands_kurtosis": {"dmean2": 1.19777333736, "median": -0.36928665638, "min": -1.74522423744, "dvar2": 2.52413630486, "dvar": 1.01319348812, "dmean": 0.736078441143, "max": 18.7993011475, "var": 2.33942317963, "mean": 0.0396409854293}, "erbbands": {"dmean2": [1.08324611187, 6.89003705978, 12.5971574783, 18.985332489, 14.998336792, 6.03554439545, 12.2301588058, 25.4658317566, 11.5349636078, 13.8369255066, 19.4705924988, 13.8346061707, 15.3570985794, 39.9568634033, 29.9250221252, 27.2949237823, 29.3592414856, 17.0693206787, 20.6209545135, 15.3657827377, 22.1576213837, 13.1005268097, 23.4662380219, 18.0555343628, 17.6872177124, 16.5925559998, 14.8687696457, 12.5316677094, 13.8282136917, 12.3165502548, 14.4983720779, 10.2747983932, 10.3927555084, 4.43921232224, 2.390427351, 1.68978261948, 0.966404557228, 0.324799031019, 0.0337361358106, 0.00121334148571], "median": [0.857699155807, 7.62584590912, 7.91851520538, 3.18185329437, 3.44301271439, 3.28871011734, 4.18126296997, 5.48865604401, 6.62316989899, 9.46025371552, 12.2344303131, 9.8102273941, 11.5832777023, 16.0502967834, 16.0316314697, 14.0336551666, 12.2765598297, 10.7290935516, 11.8558883667, 9.42848777771, 10.7911491394, 5.93134593964, 8.21385383606, 5.90296173096, 6.07303237915, 5.56642627716, 5.37104415894, 4.97440814972, 6.55491256714, 6.48856163025, 8.31046199799, 4.37565040588, 3.67010712624, 2.09335827827, 0.942153692245, 0.474527359009, 0.151878833771, 0.0269249230623, 0.00259901117533, 0.000215917068999], "min": [2.02344160437e-17, 1.16460293689e-16, 4.0114749816e-16, 1.01556508107e-15, 2.16435955089e-15, 4.11787523703e-15, 7.24957965973e-15, 1.1989664124e-14, 1.8841407655e-14, 2.81159779703e-14, 3.95188642552e-14, 5.1681284984e-14, 6.13864021464e-14, 6.34819548816e-14, 5.28595281424e-14, 3.15114586172e-14, 2.4040026629e-14, 1.01375844026e-13, 3.98156280081e-13, 1.08065444614e-12, 2.20160673546e-12, 3.44355121674e-12, 4.01833254171e-12, 3.24972861121e-12, 1.73292239933e-12, 1.05957018333e-12, 1.0563196368e-12, 4.49955610965e-13, 1.49798001694e-12, 3.28085583874e-12, 1.70849879383e-12, 4.1998688056e-13, 8.76681160392e-13, 3.63630864786e-13, 2.81691906129e-13, 3.59617582024e-13, 2.63911966282e-13, 9.62547776944e-14, 5.03867170969e-14, 8.8142807533e-15], "dvar2": [2.5395758152, 86.4431228638, 589.481079102, 1534.19750977, 887.079528809, 174.846984863, 712.095825195, 3189.66259766, 393.36932373, 400.674133301, 662.979309082, 475.860473633, 765.385681152, 9080.48242188, 3528.75097656, 4345.07958984, 4655.66601563, 1017.79559326, 1386.96740723, 985.607849121, 3323.98413086, 671.41998291, 1947.59667969, 1073.75427246, 970.516906738, 785.660217285, 558.554870605, 405.549407959, 524.682434082, 344.079711914, 393.6434021, 195.758453369, 222.41947937, 46.5085372925, 13.1160488129, 6.37622928619, 1.96731173992, 0.228630542755, 0.00246278708801, 3.14623775921e-06], "dvar": [0.866284370422, 26.8962841034, 251.953979492, 635.209289551, 346.989746094, 71.402885437, 265.339660645, 1182.62487793, 144.25793457, 152.439682007, 246.00668335, 213.421600342, 358.318359375, 3915.4152832, 1426.99047852, 1598.60266113, 1914.72766113, 417.73046875, 551.515991211, 392.770385742, 1286.60632324, 263.533233643, 752.28894043, 445.901489258, 421.125946045, 368.823760986, 256.126647949, 209.22026062, 224.206375122, 152.646270752, 175.575408936, 77.4121780396, 83.8000106812, 19.2424678802, 5.27252531052, 2.3610022068, 0.724269330502, 0.0837857276201, 0.00090336217545, 1.15351792829e-06], "dmean": [0.68049031496, 3.95360517502, 8.35385799408, 11.9867477417, 8.89456558228, 3.61275672913, 7.07794046402, 14.4866266251, 6.85833740234, 8.24281787872, 11.4782791138, 8.87331962585, 9.86879730225, 25.2313175201, 18.3237743378, 16.3338489532, 17.8276882172, 10.4169149399, 12.4624547958, 9.2797498703, 13.3774223328, 8.05966567993, 14.1535987854, 11.4120779037, 11.1524877548, 10.9198932648, 9.71870136261, 8.60209655762, 8.93078517914, 7.86102199554, 9.02762031555, 6.32019424438, 6.12946605682, 2.76510715485, 1.46590542793, 0.985771536827, 0.540134370327, 0.178090661764, 0.0185431241989, 0.000674784008879], "max": [8.51560783386, 39.3086204529, 122.18195343, 197.742858887, 162.29725647, 156.175949097, 204.2265625, 375.662231445, 270.788543701, 224.922775269, 361.984161377, 264.701477051, 467.746429443, 1681.51660156, 760.088439941, 1311.70593262, 1580.18103027, 492.268066406, 590.771850586, 549.276000977, 1585.01538086, 528.339111328, 446.109375, 330.944091797, 352.306884766, 219.465026855, 179.050262451, 147.177215576, 198.615219116, 323.111358643, 237.941604614, 117.236221313, 150.602172852, 126.684432983, 45.9541091919, 24.826505661, 10.9879074097, 4.31894683838, 0.419114559889, 0.0157011430711], "var": [1.73978924751, 42.8252716064, 318.074035645, 629.938781738, 320.142944336, 105.806838989, 236.394515991, 877.897521973, 166.962020874, 227.840957642, 422.068695068, 694.899169922, 752.38067627, 6647.26708984, 2825.39794922, 2238.55761719, 3211.93139648, 698.74395752, 820.496154785, 578.548217773, 1481.73754883, 314.887786865, 910.992431641, 593.287231445, 588.583129883, 565.586181641, 463.835845947, 446.83102417, 389.5965271, 293.015258789, 348.966125488, 113.041931152, 96.5689315796, 29.6446456909, 7.38045072556, 2.51786637306, 0.620703697205, 0.0648130327463, 0.000706868711859, 9.50442597514e-07], "mean": [1.27062880993, 8.27837848663, 14.0978746414, 13.0779924393, 9.64399909973, 5.94715595245, 8.60212230682, 14.2112884521, 10.4375162125, 13.6419267654, 18.5868587494, 19.3328323364, 19.2626876831, 39.3783836365, 32.2033996582, 26.7710723877, 28.4521121979, 18.1931800842, 20.2168159485, 16.252696991, 21.3018875122, 12.100028038, 19.9966869354, 15.3489713669, 15.5361118317, 14.9101390839, 14.7722501755, 13.8917045593, 14.2921037674, 12.9192180634, 14.8334255219, 8.60593986511, 7.46994447708, 4.00717926025, 1.95294761658, 1.08895909786, 0.482045322657, 0.135689422488, 0.0140568790957, 0.00060905283317]}, "spectral_strongpeak": {"dmean2": 0.44269707799, "median": 0.562563538551, "min": 0, "dvar2": 0.566609621048, "dvar": 0.208758845925, "dmean": 0.249872818589, "max": 10.447933197, "var": 0.304329276085, "mean": 0.660212337971}, "spectral_energy": {"dmean2": 0.0390187762678, "median": 0.0648677572608, "min": 1.13300005821e-15, "dvar2": 0.0022214083001, "dvar": 0.00076432863716, "dmean": 0.024206917733, "max": 0.220349699259, "var": 0.00197696569376, "mean": 0.0700347796082}, "average_loudness": 0.954019844532, "spectral_rolloff": {"dmean2": 1141.41162109, "median": 473.73046875, "min": 64.599609375, "dvar2": 4109303.5, "dvar": 1534676.125, "dmean": 657.692626953, "max": 19961.2792969, "var": 5670084, "mean": 1217.98193359}, "spectral_centroid": {"dmean2": 513.320739746, "median": 1275.48657227, "min": 143.736968994, "dvar2": 246951.78125, "dvar": 112824.203125, "dmean": 339.20425415, "max": 4817.23388672, "var": 419335.875, "mean": 1383.06945801}, "pitch_salience": {"dmean2": 0.139455214143, "median": 0.377952754498, "min": 0.0770176127553, "dvar2": 0.0162653848529, "dvar": 0.00673884199932, "dmean": 0.0892947465181, "max": 0.995205938816, "var": 0.0222835913301, "mean": 0.392043203115}, "spectral_energyband_middle_high": {"dmean2": 0.00346271344461, "median": 0.00353955361061, "min": 2.4457597249e-16, "dvar2": 2.60419928964e-05, "dvar": 1.0704385204e-05, "dmean": 0.00218984833919, "max": 0.0581188499928, "var": 2.75466336461e-05, "mean": 0.0051556089893}, "spectral_contrast_coeffs": {"dmean2": [0.0745288357139, 0.0768989175558, 0.0622765608132, 0.0510951913893, 0.0358255021274, 0.0343291275203], "median": [-0.672939658165, -0.768212199211, -0.775376737118, -0.794681668282, -0.812743365765, -0.784896552563], "min": [-0.997929036617, -0.997505843639, -0.986154913902, -0.988649845123, -0.975001394749, -0.924887061119], "dvar2": [0.00413598446175, 0.00424359273165, 0.00241731363349, 0.00181188911665, 0.00128992670216, 0.000981768011115], "dvar": [0.00178381381556, 0.0014999480918, 0.00094857258955, 0.0007010869449, 0.000489394878969, 0.000385398394428], "dmean": [0.0469222813845, 0.0456713177264, 0.0378477498889, 0.0306215491146, 0.0214596092701, 0.0216426197439], "max": [-0.33656796813, -0.443808853626, -0.435029953718, -0.475282102823, -0.487173527479, -0.514752686024], "var": [0.00616381317377, 0.0034280475229, 0.00389390415512, 0.0031906128861, 0.00179759552702, 0.00152275245637], "mean": [-0.66275036335, -0.764126896858, -0.768158972263, -0.786083221436, -0.809086859226, -0.785006284714]}, "melbands_skewness": {"dmean2": 2.13583040237, "median": 4.848695755, "min": -1.51053905487, "dvar2": 4.92300224304, "dvar": 1.80687749386, "dmean": 1.32851397991, "max": 17.3956890106, "var": 7.69142961502, "mean": 5.1191983223}, "spectral_spread": {"dmean2": 1741199.125, "median": 6714447.5, "min": 1365132.625, "dvar2": 4271803203580.0, "dvar": 1596878749700.0, "dmean": 1045191.875, "max": 16711333, "var": 4437403238400.0, "mean": 6811847}, "dissonance": {"dmean2": 0.0287505369633, "median": 0.476543664932, "min": 0.16944463551, "dvar2": 0.000862733344547, "dvar": 0.000309688912239, "dmean": 0.0168503541499, "max": 0.500000178814, "var": 0.000566857343074, "mean": 0.470541715622}, "spectral_skewness": {"dmean2": 0.296450525522, "median": 1.35964334011, "min": 0.325201809406, "dvar2": 0.118034079671, "dvar": 0.0464965924621, "dmean": 0.192291736603, "max": 4.80409145355, "var": 0.188155651093, "mean": 1.43121337891}, "spectral_flux": {"dmean2": 0.0590288005769, "median": 0.100563675165, "min": 6.38553319732e-06, "dvar2": 0.0035068676807, "dvar": 0.00163845601492, "dmean": 0.0379576832056, "max": 0.374314248562, "var": 0.00573742669076, "mean": 0.117419630289}, "spectral_contrast_valleys": {"dmean2": [0.558952510357, 0.635199725628, 0.505762994289, 0.508993983269, 0.524254381657, 0.659846305847], "median": [-6.41731548309, -6.46790122986, -6.91474628448, -7.42366504669, -7.33285951614, -8.9708147049], "min": [-21.9502868652, -21.8672809601, -22.1424350739, -22.7187213898, -20.8276462555, -23.3073883057], "dvar2": [0.245380729437, 0.331377327442, 0.1847076267, 0.247794598341, 0.368687093258, 0.514854848385], "dvar": [0.0991012006998, 0.129471451044, 0.0728211328387, 0.10145264864, 0.162581682205, 0.208596125245], "dmean": [0.343581616879, 0.389504551888, 0.30860221386, 0.31203392148, 0.347761303186, 0.429749369621], "max": [-5.05149888992, -4.62282562256, -5.42011976242, -5.87338066101, -5.56427907944, -7.32513904572], "var": [4.74671649933, 1.70381343365, 1.48277270794, 1.42081034184, 1.86535096169, 2.56609368324], "mean": [-7.12990188599, -6.74918746948, -7.19007587433, -7.66906690598, -7.5282740593, -9.4017162323]}, "erbbands_flatness_db": {"dmean2": 0.0287209767848, "median": 0.0862533524632, "min": 0.0322375744581, "dvar2": 0.000689506530762, "dvar": 0.000285496993456, "dmean": 0.0177769828588, "max": 0.485573112965, "var": 0.00363118737005, "mean": 0.104146279395}, "spectral_energyband_high": {"dmean2": 0.0026353856083, "median": 0.00133166415617, "min": 7.49722414142e-16, "dvar2": 1.24591606436e-05, "dvar": 5.23424660059e-06, "dmean": 0.00166938884649, "max": 0.0244703218341, "var": 8.90079081728e-06, "mean": 0.00250115990639}, "spectral_entropy": {"dmean2": 0.352967232466, "median": 8.00735473633, "min": 4.74648714066, "dvar2": 0.136620655656, "dvar": 0.0560120306909, "dmean": 0.22162617743, "max": 8.99486351013, "var": 0.227508246899, "mean": 7.90716838837}, "silence_rate_20dB": {"dmean2": 0, "median": 1, "min": 1, "dvar2": 0, "dvar": 0, "dmean": 0, "max": 1, "var": 0, "mean": 1}, "melbands_flatness_db": {"dmean2": 0.0617443919182, "median": 0.233350992203, "min": 0.00719003658742, "dvar2": 0.00329176499508, "dvar": 0.00131553399842, "dmean": 0.0385748408735, "max": 0.490349113941, "var": 0.00523847574368, "mean": 0.23347055912}, "barkbands": {"dmean2": [0.00101243425161, 0.0321090035141, 0.0132905468345, 0.00519919535145, 0.00269811041653, 0.00279852910899, 0.000883501837961, 0.000905154738575, 0.000611913506873, 0.000555298407562, 0.00105320708826, 0.00102677906398, 0.0006701539387, 0.000380790239433, 0.000384852435673, 0.000359597266652, 0.000232019927353, 0.000409437139751, 0.000372861337382, 0.000340388214681, 0.000330467737513, 0.00040180850192, 0.000464106822619, 0.00057159923017, 0.000333481730195, 0.000497212866321, 0.000209403544432], "median": [0.000615584314801, 0.0361076630652, 0.00253988383338, 0.000837259925902, 0.00108838756569, 0.000662168720737, 0.000515924068168, 0.000501009402797, 0.000435513647972, 0.000297561113257, 0.0003795104858, 0.000406816776376, 0.000250244222116, 0.000200867390959, 0.000166925950907, 0.000183728290722, 7.76719098212e-05, 0.000142340257298, 0.000107502979517, 0.000121233577374, 0.000132251443574, 0.00018326130521, 0.000275103724562, 0.000206683413126, 0.000156787631568, 9.17357829167e-05, 1.52208303916e-05], "min": [3.69698448613e-19, 5.64122495305e-19, 3.93760408849e-19, 4.10416750308e-19, 1.14114580284e-18, 1.3275159021e-18, 1.50655128747e-18, 1.63384538816e-18, 2.30928829933e-18, 2.00982554974e-18, 1.42061900915e-18, 8.45533113707e-19, 4.94461583417e-19, 2.87611153934e-18, 1.25719558251e-17, 3.3592254662e-17, 5.95038858736e-17, 7.39434219616e-17, 4.68840577977e-17, 2.24475923665e-17, 1.78608361652e-17, 5.58546297088e-17, 7.30329938922e-17, 3.66523795597e-17, 3.31159375955e-17, 1.25116904235e-16, 4.70004976965e-16], "dvar2": [2.45812475441e-06, 0.00199900451116, 0.000746721809264, 0.000100383891549, 3.23185158777e-05, 4.08152664022e-05, 1.93529604076e-06, 1.48882850226e-06, 9.53844050855e-07, 1.2593984593e-06, 6.37590073893e-06, 6.46305215923e-06, 2.51435994869e-06, 5.06192179728e-07, 