{"metadata": {"tags": {"originalyear": ["2009"], "album": ["French Level 2 Unit 4: Dining and Vacation"], "musicbrainz album type": ["other/spokenword"], "script": ["Latn"], "albumartistsort": ["Rosetta Stone"], "musicbrainz album release country": ["US"], "musicbrainz_artistid": ["7a8d62ab-2b8e-4ec9-924c-9b23b78afbe5"], "musicbrainz_releasegroupid": ["dd2fa67b-8063-426e-940f-a34e014f6e62"], "musicbrainz_recordingid": ["0db18e4b-693d-404f-875b-1d70deb4b192"], "albumartist": ["Rosetta Stone"], "barcode": ["9781617161469"], "originaldate": ["2009"], "musicbrainz album status": ["official"], "artist": ["Rosetta Stone"], "musicbrainz_albumid": ["521f237d-c89e-4109-928c-f49f871cfcc5"], "artistsort": ["Rosetta Stone"], "title": ["Lesson 2 Phrases"], "tracknumber": ["9/21"], "musicbrainz_albumartistid": ["7a8d62ab-2b8e-4ec9-924c-9b23b78afbe5"], "encoding": ["LAME 32bits version 3.98.2 (http://www.mp3dev.org/)"], "discnumber": ["1/1"], "date": ["2009"], "media": ["CD"], "file_name": "09. Rosetta Stone - Lesson 2 Phrases.mp3", "composer": ["Rosetta Stone Ltd."], "length": ["226626"]}, "audio_properties": {"sample_rate": 44100, "downmix": "mix", "lossless": false, "analysis_sample_rate": 44100, "md5_encoded": "8d78f9e432659080d23393e8e7213452", "equal_loudness": 0, "replay_gain": -13.3678531647, "codec": "mp3", "bit_rate": 72032, "length": 226.690612793}, "version": {"extractor": "music 1.0", "essentia_build_sha": "70f2e5ece6736b2c40cc944ad0e695b16b925413", "essentia_git_sha": "v2.1_beta2", "essentia": "2.1-beta2"}}, "rhythm": {"beats_loudness_band_ratio": {"dvar2": [0.21828918159, 0.111314333975, 0.0639011859894, 0.0183024778962, 0.00690632453188, 0.231400892138], "var": [0.0821166560054, 0.0447753369808, 0.0228532943875, 0.00383736658841, 0.00161121063866, 0.0556877702475], "min": [0, 0, 0, 0, 0, 0], "dmean": [0.203792855144, 0.129792317748, 0.0865547060966, 0.0288696344942, 0.0188564416021, 0.112713389099], "mean": [0.164052933455, 0.109686113894, 0.0643591284752, 0.0172952730209, 0.0128223793581, 0.0710699185729], "max": [0.99969637394, 0.979801476002, 0.963582277298, 0.509131371975, 0.339438289404, 0.999016344547], "dmean2": [0.368780344725, 0.240642562509, 0.156845703721, 0.0546838901937, 0.0354729406536, 0.219610035419], "median": [0, 0, 0, 0, 0, 0], "dvar": [0.0864989832044, 0.0442981719971, 0.0244117733091, 0.0064519518055, 0.00245161075145, 0.0822805911303]}, "bpm_histogram_first_peak_weight": {"dvar2": 0, "var": 0, "min": 0.0897959172726, "dmean": 0, "mean": 0.0897959172726, "max": 0.0897959172726, "dmean2": 0, "median": 0.0897959172726, "dvar": 0}, "bpm": 164.596633911, "beats_count": 491, "bpm_histogram_first_peak_spread": {"dvar2": 0, "var": 0, "min": 0, "dmean": 0, "mean": 0, "max": 0, "dmean2": 0, "median": 0, "dvar": 0}, "danceability": 0.941255807877, "bpm_histogram_first_peak_bpm": {"dvar2": 0, "var": 0, "min": 167, "dmean": 0, "mean": 167, "max": 167, "dmean2": 0, "median": 167, "dvar": 0}, "beats_position": [0.66176867485, 1.33514738083, 2.00852608681, 2.65868473053, 3.33206343651, 3.98222208023, 4.58594083786, 5.18965959549, 5.79337835312, 6.3622674942, 6.90793657303, 7.47682523727, 8.04571437836, 8.62621307373, 9.14866161346, 9.67111110687, 10.22838974, 10.7043991089, 11.1804075241, 11.656416893, 12.144036293, 12.6316547394, 13.1192741394, 13.6068935394, 14.0712919235, 14.5589113235, 15.0581407547, 15.545759201, 16.0333786011, 16.5326080322, 17.0202255249, 17.5078449249, 18.0767345428, 18.6456241608, 19.2145118713, 19.6905212402, 20.1665306091, 20.642539978, 21.1069393158, 21.5713367462, 22.035736084, 22.4885253906, 22.9297046661, 23.3941040039, 23.8585033417, 24.3229026794, 24.7873020172, 25.2633094788, 25.7277088165, 26.1921081543, 26.6448974609, 27.0976867676, 27.5388660431, 27.9684352875, 28.4328346252, 28.897233963, 29.3616313934, 29.9189109802, 30.476190567, 31.0334682465, 31.5907478333, 32.0899772644, 32.5892066956, 33.0884361267, 33.6108856201, 34.1565513611, 34.6093406677, 35.0621299744, 35.514919281, 35.9444885254, 36.3740577698, 36.8036270142, 37.2331962585, 37.6627655029, 38.0807266235, 38.4986839294, 38.8818130493, 39.2533340454, 39.6829032898, 40.1124725342, 40.4723815918, 40.8438987732, 41.2154197693, 41.5869369507, 41.9584579468, 42.3299751282, 42.7014961243, 43.0497932434, 43.3864860535, 43.7231750488, 44.071472168, 44.4313812256, 44.8261222839, 45.2092514038, 45.5923805237, 45.9755096436, 46.3702468872, 46.7649879456, 47.1481170654, 47.5428581238, 47.9375953674, 48.3207244873, 48.6922454834, 49.0637626648, 49.4352836609, 49.8184127808, 50.2131500244, 50.5846710205, 50.9561882019, 51.327709198, 51.6992263794, 52.0707473755, 52.4306564331, 52.7905654907, 53.1620864868, 53.4987754822, 53.8238525391, 54.1257133484, 54.4624023438, 54.8107032776, 55.1590003967, 55.5073013306, 55.8555984497, 56.2038993835, 56.5638084412, 56.9353294373, 57.3068466187, 57.6783676147, 58.0150566101, 58.3517456055, 58.6768226624, 59.0019035339, 59.4546928406, 59.9307022095, 60.4067115784, 60.9291610718, 61.4399986267, 61.9392280579, 62.438457489, 62.9376869202, 63.4485244751, 63.9477539062, 64.4585952759, 64.9810409546, 65.5034942627, 66.0259399414, 66.5599975586, 67.0824508667, 67.6048965454, 68.0809020996, 68.5569152832, 69.0097045898, 69.485710144, 70.0081634521, 70.5189971924, 71.029838562, 71.4942398071, 71.9586410522, 72.423034668, 72.8874359131, 73.3518371582, 73.7930145264, 74.245803833, 74.6869812012, 75.1165542603, 75.5461196899, 76.0569610596, 76.5678024292, 77.0670318604, 77.426940918, 77.7868499756, 78.1467590332, 78.5066680908, 78.8665771484, 79.2264862061, 79.5863952637, 79.9463043213, 80.3062133789, 80.6312942505, 80.9563674927, 81.3046722412, 81.6529693604, 82.0244903564, 82.3843994141, 82.7443084717, 83.2551422119, 83.7659835815, 84.2768249512, 84.7876663208, 85.263671875, 85.7280731201, 86.1808624268, 86.6220397949, 87.1096572876, 87.5856704712, 88.0732879639, 88.5492935181, 89.0253067017, 89.5013122559, 89.9773254395, 90.4533309937, 90.9177322388, 91.3705215454, 91.8116989136, 92.2644882202, 92.7753295898, 93.2861633301, 93.8434448242, 94.4007263184, 94.9580001831, 95.5036697388, 96.0609512329, 96.5833969116, 97.1058502197, 97.6399078369, 98.1855773926, 98.8009033203, 99.5671615601, 100.275375366, 100.983581543, 101.69178772, 102.411605835, 103.096595764, 103.781585693, 104.454963684, 105.163169861, 105.871383667, 106.579589844, 107.287796021, 107.996009827, 108.704216003, 109.400817871, 110.074195862, 110.747573853, 111.444168091, 112.071105957, 112.698051453, 113.301765442, 113.905487061, 114.50920105, 115.124534607, 115.716644287, 116.308753967, 116.912467957, 117.5626297, 118.212783813, 118.851333618, 119.5131073, 120.174873352, 120.825035095, 121.486801147, 122.195007324, 122.891609192, 123.541763306, 124.203536987, 124.853691101, 125.515464783, 126.154014587, 126.780952454, 127.396278381, 127.988388062, 128.592102051, 129.195831299, 129.764709473, 130.345214844, 130.925704956, 131.494598389, 132.051879883, 132.609161377, 133.154830933, 133.735321045, 134.176498413, 134.61769104, 135.070480347, 135.511657715, 135.964447021, 136.40562439, 136.846801758, 137.276367188, 137.717544556, 138.158721924, 138.61151123, 139.075912476, 139.551925659, 139.935058594, 140.329788208, 140.724533081, 141.119277954, 141.50239563, 141.885528564, 142.268661499, 142.663391113, 143.034912109, 143.406433105, 143.766342163, 144.137863159, 144.520996094, 144.904129028, 145.298858643, 145.681991577, 146.065124512, 146.448257446, 146.831375122, 147.214508057, 147.597640991, 147.94593811, 148.294235229, 148.654144287, 148.990829468, 149.339141846, 149.699050903, 150.140228271, 150.58140564, 151.022583008, 151.463760376, 151.893325806, 152.322906494, 152.764083862, 153.20526123, 153.623214722, 154.017959595, 154.424301147, 154.830657959, 155.236999512, 155.6665802, 156.072921753, 156.467666626, 156.874008179, 157.28036499, 157.756362915, 158.22076416, 158.696777344, 159.184402466, 159.672012329, 160.113189697, 160.565979004, 161.007156372, 161.436737061, 161.912734985, 162.37713623, 162.841537476, 163.305938721, 163.758728027, 164.199905396, 164.641082764, 165.082260132, 165.51184082, 165.929794312, 166.347747803, 166.777328491, 167.195281982, 167.636459351, 168.007980347, 168.367889404, 168.727798462, 169.099319458, 169.459228516, 169.819137573, 170.179046631, 170.538955688, 170.898864746, 171.258773804, 171.618682861, 171.96697998, 172.303665161, 172.65196228, 173.011871338, 173.371795654, 173.731704712, 174.09161377, 174.451522827, 174.823028564, 175.182937622, 175.484802246, 175.809890747, 176.146575928, 176.483261108, 176.831558228, 177.191467285, 177.551376343, 177.9112854, 178.271194458, 178.631103516, 178.979400635, 179.327713013, 179.664398193, 180.001083374, 180.337768555, 180.709289551, 181.092422485, 181.463943481, 181.847076416, 182.230194092, 182.613327026, 182.950012207, 183.251876831, 183.588562012, 183.93687439, 184.331604004, 184.726348877, 185.121078491, 185.515823364, 185.910568237, 186.305297852, 186.700042725, 187.083175659, 187.466293335, 187.861038208, 188.244171143, 188.731781006, 189.207794189, 189.683807373, 190.287521362, 190.90284729, 191.506576538, 192.110290527, 192.702392578, 193.294509888, 193.886611938, 194.478729248, 194.989562988, 195.500411987, 196.034469604, 196.545303345, 197.056137085, 197.566986084, 198.089431763, 198.565444946, 199.041442871, 199.505844116, 199.970245361, 200.434646606, 200.887435913, 201.34022522, 201.793014526, 202.257415771, 202.710205078, 203.162994385, 203.63899231, 204.115005493, 204.591018677, 205.090240479, 205.601089478, 206.100311279, 206.611160278, 207.121994019, 207.656051636, 208.190109253, 208.72416687, 209.246612549, 209.780670166, 210.233459473, 210.697860718, 211.18548584, 211.69631958, 212.207168579, 212.706390381, 213.217224121, 213.716461182, 214.076370239, 214.41305542, 214.738143921, 215.051605225, 215.446350098, 215.841079712, 216.235824585, 216.630569458, 217.025299072, 217.38520813, 217.733505249, 218.093414307, 218.464935303, 218.859680176, 219.254425049, 219.649154663, 220.055511475, 220.461853027, 220.868209839, 221.274551392, 221.680908203, 222.052429199, 222.447158813, 222.853515625, 223.271469116, 223.689422607, 224.095779419, 224.502120972, 224.908477783, 225.314819336, 225.674728394, 226.034637451], "beats_loudness": {"dvar2": 0.00117654679343, "var": 0.000652109389193, "min": 0, "dmean": 0.0138653870672, "mean": 0.0147222634405, "max": 0.138525396585, "dmean2": 0.0239139124751, "median": 0, "dvar": 0.000506126903929}, "bpm_histogram_second_peak_weight": {"dvar2": 0, "var": 0, "min": 0.0612244904041, "dmean": 0, "mean": 0.0612244904041, "max": 0.0612244904041, "dmean2": 0, "median": 0.0612244904041, "dvar": 0}, "bpm_histogram_second_peak_spread": {"dvar2": 0, "var": 0, "min": 0.600000023842, "dmean": 0, "mean": 0.600000023842, "max": 0.600000023842, "dmean2": 0, "median": 0.600000023842, "dvar": 0}, "bpm_histogram_second_peak_bpm": {"dvar2": 0, "var": 0, "min": 126, "dmean": 0, "mean": 126, "max": 126, "dmean2": 0, "median": 126, "dvar": 0}, "onset_rate": 1.517370224}, "lowlevel": {"spectral_energyband_high": {"dvar2": 5.92705009694e-06, "var": 1.11993986138e-05, "min": 6.75028574471e-21, "dmean": 0.000317996367812, "mean": 0.000523310212884, "max": 0.0596857145429, "dmean2": 0.000415344024077, "median": 8.04215041445e-21, "dvar": 3.76818866243e-06}, "spectral_energyband_middle_low": {"dvar2": 0.000130338085, "var": 0.000333716947353, "min": 1.19635767121e-22, "dmean": 0.00304989703, "mean": 0.00696884235367, "max": 0.146495506167, "dmean2": 0.00405213283375, "median": 3.88467244769e-22, "dvar": 8.4596038505e-05}, "spectral_energy": {"dvar2": 0.000172897591256, "var": 0.000431167747593, "min": 9.69168022623e-21, "dmean": 0.00376125285402, "mean": 0.00913033075631, "max": 0.151617899537, "dmean2": 0.00509252818301, "median": 1.09902560449e-20, "dvar": 0.000103973405203}, "spectral_spread": {"dvar2": 19630850572300.0, "var": 288562813600000.0, "min": 223275.296875, "dmean": 1400119.25, "mean": 27827328, "max": 53237180, "dmean2": 2349516.75, "median": 39852160, "dvar": 9970514919420.0}, "spectral_energyband_low": {"dvar2": 2.61759923887e-05, "var": 2.64647133008e-05, "min": 6.29293079541e-24, "dmean": 0.000776332337409, "mean": 0.00151384703349, "max": 0.146881118417, "dmean2": 0.00108115107287, "median": 1.00010636982e-22, "dvar": 1.14326257972e-05}, "spectral_rolloff": {"dvar2": 8469263, "var": 66263996, "min": 21.533203125, "dmean": 773.153869629, "mean": 13068.7060547, "max": 20478.0761719, "dmean2": 1333.69458008, "median": 18475.4882812, "dvar": 4256869.5}, "barkbands": {"dvar2": [3.31698902301e-06, 8.71008433023e-06, 3.66884114555e-06, 1.03228039734e-05, 3.63926810678e-05, 2.8458687666e-05, 2.28535755014e-05, 1.37246315717e-05, 6.48704462947e-06, 2.10085772778e-06, 6.0650705791e-07, 3.10352135102e-07, 1.51261502879e-07, 1.12913070893e-07, 1.83402590892e-07, 4.24411368272e-08, 5.80596086763e-08, 2.44782370373e-07, 2.71178237199e-07, 1.58247914328e-07, 2.02617613354e-07, 2.41665048861e-07, 1.37248400733e-06, 1.22560390992e-06, 3.84319974955e-07, 7.62515313113e-08, 4.28158314358e-10], "var": [1.0462431419e-06, 5.00821306559e-06, 5.42555017091e-06, 2.07598532143e-05, 7.95721789473e-05, 3.15548531944e-05, 1.5686820916e-05, 8.81331288838e-06, 7.55786459194e-06, 1.56423777753e-06, 2.78200843695e-07, 3.37324109978e-07, 7.51621840323e-08, 7.35316447731e-08, 1.19580562341e-07, 3.48600828204e-08, 4.51500810073e-08, 1.75593370955e-07, 2.02219425205e-07, 1.24984268268e-07, 2.48259993896e-07, 3.4968655882e-07, 1.11204599307e-06, 1.31313731799e-06, 3.92384578163e-07, 1.09254145286e-07, 7.84104892126e-10], "min": [3.31588252157e-26, 9.23830667369e-25, 7.60581351104e-26, 1.03303985618e-25, 2.29349475279e-24, 1.23729835312e-24, 3.22387986821e-24, 2.88400013327e-24, 4.24910775811e-24, 3.38655186155e-24, 5.96030483371e-24, 7.56578113738e-24, 1.30820345898e-23, 1.42062931195e-23, 1.90522199064e-23, 3.34097455501e-23, 4.19040956478e-23, 4.35189885841e-23, 7.89529291289e-23, 1.00738705111e-22, 1.89974316232e-22, 2.52195978878e-22, 2.51909136431e-22, 4.27132056659e-22, 7.10235832995e-22, 1.15348518885e-21, 1.72990587754e-21], "dmean": [0.000153801491251, 0.000256444647675, 0.000307546346448, 0.000668275344651, 0.0011953948997, 0.000986997154541, 0.000723132048734, 0.000473913562018, 0.000353530194843, 0.00014045779244, 7.06669306965e-05, 5.29398639628e-05, 3.43508909282e-05, 3.55137199222e-05, 4.54742294096e-05, 2.74724698102e-05, 2.91421783913e-05, 5.06181604578e-05, 5.55757978873e-05, 3.70266716345e-05, 4.08637897635e-05, 4.38943425252e-05, 8.89040748007e-05, 0.000106302642962, 6.02164836891e-05, 1.99444730242e-05, 1.99920509658e-06], "mean": [0.000129779102281, 0.000408310239436, 0.00051334768068, 0.001224872889, 0.00247335410677, 0.00140150007792, 0.000829061784316, 0.000513733481057, 0.00046619065688, 0.000158347887918, 6.91950044711e-05, 6.35317628621e-05, 3.5666187614e-05, 3.81440477213e-05, 4.83880430693e-05, 3.33409443556e-05, 3.61698912457e-05, 6.40735597699e-05, 7.30980245862e-05, 4.70072991448e-05, 5.65827504033e-05, 5.94307311985e-05, 0.000122084136819, 0.000148987426655, 8.16272149677e-05, 3.13619493681e-05, 3.14251110467e-06], "max": [0.05448557809, 0.089361011982, 0.0470560565591, 0.0527090802789, 0.144898995757, 0.101262353361, 0.0939453989267, 0.0668209418654, 0.0403767898679, 0.0504103526473, 0.0154664833099, 0.0171294398606, 0.00820938218385, 0.00761750387028, 0.00931059475988, 0.00394908245653, 0.00434142677113, 0.0166737213731, 0.0145482905209, 0.0168340690434, 0.0198329426348, 0.0222357138991, 0.0384675860405, 0.027826923877, 0.0164560619742, 0.0146792689338, 0.000734820670914], "dmean2": [0.000255671388004, 0.000380123819923, 0.000423811754445, 0.00087202899158, 0.00165230431594, 0.00137147749774, 0.00108953844756, 0.00071286468301, 0.000481341674458, 0.000196695502382, 0.000110792447231, 7.78714820626e-05, 5.3204879805e-05, 5.33360471309e-05, 6.76162453601e-05, 4.01935903938e-05, 4.3054093112e-05, 7.59419926908e-05, 8.13594670035e-05, 5.49043834326e-05, 5.47545241716e-05, 6.08597001701e-05, 0.000128524639877, 0.000149332365254, 8.09455450508e-05, 2.69502161245e-05, 2.5972315143e-06], "median": [3.13924799096e-23, 4.67223507718e-23, 3.13837551079e-23, 3.10870266562e-23, 7.23063216185e-23, 7.29320082232e-23, 7.282920387e-23, 7.31113762604e-23, 9.8642909945e-23, 9.84077978408e-23, 1.00443639578e-22, 1.24290273654e-22, 1.37083376104e-22, 1.497467772e-22, 1.74908221524e-22, 1.98693438046e-22, 2.25279590408e-22, 2.69732823807e-22, 3.28900143245e-22, 3.99001175804e-22, 5.15032012672e-22, 6.16486997174e-22, 7.28473691279e-22, 9.7391803055e-22, 1.3383481408e-21, 1.85847692698e-21, 2.6095544998e-21], "dvar": [1.26785380417e-06, 3.33513344231e-06, 2.14322221836e-06, 6.62910815663e-06, 2.12883114727e-05, 1.61575935635e-05, 1.11158087748e-05, 6.70879171594e-06, 3.68580299437e-06, 1.10136329567e-06, 2.5705875828e-07, 1.65235761074e-07, 6.52128591128e-08, 5.50382068809e-08, 8.83625617121e-08, 2.14417656963e-08, 2.61074539765e-08, 1.10367544437e-07, 1.21699173405e-07, 8.50419681342e-08, 1.26631292119e-07, 1.51164712747e-07, 6.30100032595e-07, 6.18166268396e-07, 2.00475838597e-07, 4.30735553891e-08, 2.68740307785e-10]}, "melbands_skewness": {"dvar2": 26.569196701, "var": 15.10414505, "min": -11.5358400345, "dmean": 1.03902983665, "mean": 1.26994240284, "max": 86.3104400635, "dmean2": 1.63205099106, "median": 0.0718690082431, "dvar": 11.3624792099}, "barkbands_skewness": {"dvar2": 15.705956459, "var": 13.4851922989, "min": -18.0759887695, "dmean": 0.933009207249, "mean": -0.338338702917, "max": 69.8148498535, "dmean2": 1.44926774502, "median": -1.76321864128, "dvar": 6.75070476532}, "erbbands": {"dvar2": [0.0291042849422, 0.167843833566, 2.5222966671, 36.0630111694, 229.734786987, 961.522827148, 1211.0703125, 3654.87573242, 4835.63964844, 5277.99609375, 6660.30664062, 4044.66430664, 1895.96594238, 1477.92382812, 597.067932129, 408.677886963, 263.207672119, 196.4894104, 335.090698242, 247.375488281, 123.807418823, 185.993743896, 444.338806152, 1536.79711914, 768.182006836, 207.458084106, 242.821762085, 355.973876953, 295.044525146, 862.41796875, 1312.46887207, 448.598175049, 588.311950684, 83.4880752563, 13.2501916885, 3.77469444275, 0.136242732406, 0.00158820464276, 1.19324522529e-05, 1.14896350212e-08], "var": [0.00587918190286, 0.299014925957, 5.02548885345, 76.8064422607, 462.892364502, 1558.89648438, 1741.33422852, 2938.56103516, 3134.25610352, 3942.95239258, 4045.90869141, 4068.93286133, 1692.12695312, 1057.91577148, 420.072296143, 446.028686523, 158.494628906, 136.95552063, 273.093322754, 185.015441895, 105.030418396, 142.821884155, 352.757751465, 753.17010498, 707.551818848, 184.055938721, 218.231384277, 493.583221436, 341.78894043, 792.13458252, 899.514648438, 483.752807617, 524.284484863, 82.1274032593, 15.2191152573, 3.42305350304, 0.317180335522, 0.00359255634248, 2.35094466916e-05, 2.87814980737e-08], "min": [3.04655588796e-23, 1.15086008695e-22, 4.90692132271e-22, 1.10391544149e-21, 4.3075523295e-21, 7.60170905001e-21, 1.58078916417e-20, 1.52131633216e-20, 3.49878270558e-20, 5.8868156524e-20, 1.29976052873e-19, 1.13710011416e-19, 2.41447196564e-19, 2.72857984459e-19, 5.31654622287e-19, 6.94097488353e-19, 8.77602854357e-19, 1.16838827253e-18, 1.38842162419e-18, 1.83010525882e-18, 2.73010899135e-18, 2.98651368134e-18, 2.92536787007e-18, 4.01225238249e-18, 4.23959925154e-18, 5.77777510139e-18, 6.22818156237e-18, 7.37811109274e-18, 7.76815156698e-18, 8.50463596127e-18, 8.74038078148e-18, 8.4369155117e-18, 7.82999737984e-18, 6.17745760644e-18, 5.0680338699e-18, 3.37069047901e-18, 2.04857420515e-18, 7.86821591587e-19, 2.11229461607e-19, 2.27225221799e-20], "dmean": [0.00839932262897, 0.0551098436117, 0.278463721275, 1.24343597889, 3.28979873657, 4.93857479095, 6.0020275116, 9.5511932373, 10.0415706635, 10.1366043091, 10.0757455826, 8.41160106659, 5.07755279541, 3.50981354713, 2.4053914547, 1.96122872829, 1.52506613731, 1.60070693493, 2.09891629219, 1.98137998581, 1.42617964745, 1.65863788128, 2.33983302116, 3.12420678139, 2.56837654114, 1.60990095139, 1.58979249001, 1.6269005537, 1.36533677578, 2.39370322227, 2.40713334084, 1.93229341507, 2.05942249298, 0.852555692196, 0.342707127333, 0.129490017891, 0.0312924571335, 0.00413154019043, 0.000340894068358, 1.46753636727e-05], "mean": [0.00836948677897, 0.108076505363, 0.535970926285, 2.45193314552, 6.21241235733, 8.70368289948, 9.46353626251, 12.3195724487, 11.7660331726, 12.4975614548, 11.4244194031, 10.6312055588, 6.33675575256, 3.95566940308, 2.76372528076, 2.43698954582, 1.69242167473, 1.77185201645, 2.42679333687, 2.288823843, 1.81715154648, 2.10966706276, 3.01387381554, 4.13362693787, 3.43832921982, 2.11676073074, 2.09435391426, 2.2235045433, 1.8339291811, 3.11979579926, 3.27020263672, 2.75575900078, 2.81200575829, 1.149985075, 0.474178850651, 0.184426143765, 0.0505213215947, 0.00678777787834, 0.00055821222486, 3.00293613691e-05], "max": [5.44840717316, 9.36166858673, 44.5371665955, 120.293022156, 306.218078613, 757.056213379, 766.998352051, 1040.01745605, 1597.80822754, 1534.62731934, 1430.50927734, 1109.4440918, 1171.1829834, 1350.72631836, 694.659912109, 568.991577148, 390.505706787, 301.870483398, 347.707885742, 331.77243042, 253.106140137, 267.758636475, 694.981201172, 1630.91333008, 1441.52819824, 521.807922363, 610.744995117, 846.85760498, 791.435241699, 1291.73242188, 1431.84204102, 604.763793945, 755.036682129, 301.446563721, 126.310791016, 91.0196380615, 24.2827568054, 1.40610778332, 0.139523983002, 0.00471501611173], "dmean2": [0.0143353492022, 0.0744926556945, 0.374789357185, 1.58607125282, 4.28895759583, 6.75629854202, 8.15416240692, 13.7102203369, 14.8611001968, 14.4476222992, 14.7144384384, 11.289853096, 6.80842971802, 4.99408435822, 3.50501704216, 2.86392736435, 2.30243396759, 2.30691552162, 3.06029605865, 2.86161446571, 2.04289340973, 2.41495704651, 3.48709964752, 4.6956987381, 3.80397248268, 2.36072850227, 2.26017355919, 2.09737825394, 1.82286083698, 3.55550432205, 3.49002075195, 2.70294547081, 2.92388725281, 1.14821124077, 0.468424528837, 0.182369023561, 0.0399532206357, 0.0053228950128, 0.000440241652541, 1.95359443751e-05], "median": [1.71072805047e-21, 9.55398211922e-21, 3.13684627427e-20, 7.486959712e-20, 1.5047688425e-19, 2.61349368897e-19, 4.29975616838e-19, 6.5510708941e-19, 9.33389259036e-19, 1.24889600379e-18, 1.71946116649e-18, 2.18013459324e-18, 2.79262357973e-18, 3.45624390861e-18, 4.2821982259e-18, 5.08224566e-18, 6.14702397734e-18, 7.19804958982e-18, 8.39144704779e-18, 9.72173627969e-18, 1.10848257044e-17, 1.2768871133e-17, 1.42155057996e-17, 1.57786885601e-17, 1.74225876048e-17, 1.88115082257e-17, 2.01157222432e-17, 2.12510607212e-17, 2.17494072617e-17, 2.17421710857e-17, 2.10770351552e-17, 1.94867820819e-17, 1.71200413327e-17, 1.39005319659e-17, 1.0397551112e-17, 6.74362716697e-18, 3.62268216043e-18, 1.46691175854e-18, 3.70138612097e-19, 3.889295319e-20], "dvar": [0.00993939395994, 0.0876456052065, 1.561424613, 23.0527553558, 145.310577393, 559.256530762, 684.001220703, 1845.9296875, 2336.28540039, 2608.23999023, 3117.60302734, 2239.65649414, 1042.42712402, 781.263183594, 282.028778076, 226.767745972, 119.991111755, 98.1548690796, 173.739120483, 125.320663452, 61.3616714478, 83.1837005615, 203.461730957, 586.25970459, 432.257720947, 112.018104553, 125.215957642, 238.52772522, 169.289031982, 415.007659912, 576.141418457, 223.886566162, 281.716522217, 43.7436141968, 7.25257444382, 1.73050415516, 0.10526907444, 0.00111458601896, 7.76182969275e-06, 8.03261190896e-09]}, "silence_rate_30dB": {"dvar2": 0.00774783082306, "var": 0.00245168688707, "min": 0, "dmean": 0.00307282595895, "mean": 0.997541964054, "max": 1, "dmean2": 0.00614628149197, "median": 1, "dvar": 0.00306346802972}, "melbands_spread": {"dvar2": 1966.81054688, "var": 3452.37231445, "min": 0.0332025624812, "dmean": 16.0364151001, "mean": 95.5335922241, "max": 313.763580322, "dmean2": 27.2851257324, "median": 124.814910889, "dvar": 819.222839355}, "melbands_crest": {"dvar2": 35.8796730042, "var": 78.0027542114, "min": 1.00118994713, "dmean": 2.20831727982, "mean": 7.88341999054, "max": 39.8392906189, "dmean2": 3.52139759064, "median": 2.70594263077, "dvar": 16.181558609}, "zerocrossingrate": {"dvar2": 0.00300555559807, "var": 0.0453185513616, "min": 0, "dmean": 0.0213970020413, "mean": 0.358884930611, "max": 0.72021484375, "dmean2": 0.030039601028, "median": 0.4921875, "dvar": 0.00211236765608}, "barkbands_kurtosis": {"dvar2": 93457.5859375, "var": 29450.2226562, "min": -1.93336367607, "dmean": 21.648897171, "mean": 22.1472663879, "max": 10438.3857422, "dmean2": 36.0123252869, "median": 3.46762371063, "dvar": 34822.1210938}, "spectral_flux": {"dvar2": 0.00212036096491, "var": 0.00327501539141, "min": 6.14153658485e-11, "dmean": 0.013230709359, "mean": 0.0303310789168, "max": 0.34267359972, "dmean2": 0.020424425602, "median": 6.93418100717e-11, "dvar": 0.000892300973646}, "barkbands_crest": {"dvar2": 15.9374408722, "var": 20.9833488464, "min": 2.80057096481, "dmean": 1.6761264801, "mean": 8.9597492218, "max": 26.9053421021, "dmean2": 2.70643258095, "median": 6.90079069138, "dvar": 6.75301027298}, "barkbands_flatness_db": {"dvar2": 0.00529757793993, "var": 0.0124277677387, "min": 0.0214353129268, "dmean": 0.0274190176278, "mean": 0.14141112566, "max": 0.701375186443, "dmean2": 0.0416275560856, "median": 0.0799113959074, "dvar": 0.00254518981092}, "spectral_entropy": {"dvar2": 0.31223320961, "var": 2.38332843781, "min": 3.13660812378, "dmean": 0.190989300609, "mean": 8.78398323059, "max": 9.83671092987, "dmean2": 0.267389923334, "median": 9.79295825958, "dvar": 0.181418091059}, "pitch_salience": {"dvar2": 0.0190544929355, "var": 0.0255133472383, "min": 0.0110758980736, "dmean": 0.0480288080871, "mean": 0.712866008282, "max": 0.995945870876, "dmean2": 0.0750706791878, "median": 0.785118758678, "dvar": 0.00859587918967}, "erbbands_spread": {"dvar2": 534.807373047, "var": 257.60836792, "min": 0.575555801392, "dmean": 7.71902942657, "mean": 34.2094459534, "max": 205.606277466, "dmean2": 12.8701171875, "median": 35.3993530273, "dvar": 212.971801758}, "dynamic_complexity": 45.5031051636, "spectral_contrast_valleys": {"dvar2": [1.34069311619, 1.60000121593, 1.40192425251, 1.47211873531, 1.55325031281, 1.22120702267], "var": [72.4081039429, 78.2111663818, 71.8499755859, 68.8754196167, 72.661315918, 56.4458847046], "min": [-28.7016029358, -28.4410495758, -28.1659126282, -27.8822174072, -27.6569404602, -27.4966049194], "dmean": [0.674420893192, 0.67672008276, 0.581210851669, 0.524246752262, 0.477092832327, 0.420728445053], "mean": [-21.0612640381, -20.7835159302, -20.9796924591, -21.1428718567, -20.9682006836, -21.7248210907], "max": [-5.72814559937, -4.74253892899, -5.00896215439, -6.0136051178, -5.54470825195, -6.96478271484], "dmean2": [0.973763883114, 0.969962835312, 0.808989584446, 0.719988882542, 0.624068498611, 0.528158545494], "median": [-27.035446167, -27.0695838928, -27.0500545502, -27.1265792847, -27.1692352295, -27.1953086853], "dvar": [1.07780516148, 1.21068394184, 1.09634435177, 1.10375463963, 1.19763946533, 0.947929620743]}, "hfc": {"dvar2": 443.589080811, "var": 863.232788086, "min": 1.00237852508e-16, "dmean": 3.94666051865, "mean": 7.67539405823, "max": 491.098327637, "dmean2": 5.29382991791, "median": 1.22108349086e-16, "dvar": 269.249603271}, "spectral_kurtosis": {"dvar2": 307.361694336, "var": 378.753204346, "min": -1.31461286545, "dmean": 2.5518746376, "mean": 3.63998889923, "max": 497.211212158, "dmean2": 3.95701003075, "median": -1.17656517029, "dvar": 131.304351807}, "mfcc": {"mean": [-1024.64587402, 34.9150009155, 9.75730133057, 9.46459960938, 3.31981730461, -4.20303726196, 0.482642173767, -2.31655597687, -3.85978865623, -0.695981383324, -1.68106889725, -1.44069051743, -0.174551710486], "cov": [[32591.4375, 8637.46679688, 1662.79663086, 2064.55786133, 564.354736328, -1619.97485352, -137.978729248, -807.64654541, -1115.76794434, -194.930404663, -552.450805664, -492.154418945, -157.00100708], [8637.46679688, 4957.53564453, 731.886169434, 695.020324707, 199.42276001, -686.624267578, -45.7303085327, -398.013458252, -487.198150635, -234.947067261, -283.518066406, -283.655975342, -115.127944946], [1662.79663086, 731.886169434, 659.254638672, 246.474212646, 45.2916297913, 36.7736206055, 36.1991882324, 2.5647482872, -75.3852233887, -57.3772850037, -35.2188529968, -19.0775737762, 11.1549959183], [2064.55786133, 695.020324707, 246.474212646, 623.048278809, 291.984649658, -42.5543060303, 9.53191566467, -49.9345932007, -77.7801971436, -44.9611167908, -27.9777603149, -37.7414894104, -0.0841474831104], [564.354736328, 199.42276001, 45.2916297913, 291.984649658, 409.937927246, 32.9627113342, 2.95127367973, 3.51559305191, -33.8868598938, 39.6535949707, 4.54345083237, 14.4009809494, 28.6812419891], [-1619.97485352, -686.624267578, 36.7736206055, -42.5543060303, 32.9627113342, 354.467376709, 116.530982971, 95.4618911743, 105.480445862, 35.7848434448, 91.8357391357, 67.3518676758, 40.4645690918], [-137.978729248, -45.7303085327, 36.1991882324, 9.53191566467, 2.95127367973, 116.530982971, 215.460357666, 39.71459198, 58.9321403503, 32.8668785095, 40.8361206055, 31.3859539032, 21.047492981], [-807.64654541, -398.013458252, 2.5647482872, -49.9345932007, 3.51559305191, 95.4618911743, 39.71459198, 148.332931519, 45.1132240295, 35.0636787415, 33.4249229431, 23.3059806824, 32.9638977051], [-1115.76794434, -487.198150635, -75.3852233887, -77.7801971436, -33.8868598938, 105.480445862, 58.9321403503, 45.1132240295, 204.974349976, 34.8084068298, 52.9036941528, 62.6737365723, 3.56388068199], [-194.930404663, -234.947067261, -57.3772850037, -44.9611167908, 39.6535949707, 35.7848434448, 32.8668785095, 35.0636787415, 34.8084068298, 103.129669189, 34.2903022766, 28.1455535889, 23.8086090088], [-552.450805664, -283.518066406, -35.2188529968, -27.9777603149, 4.54345083237, 91.8357391357, 40.8361206055, 33.4249229431, 52.9036941528, 34.2903022766, 88.9869537354, 46.7190933228, 15.4633712769], [-492.154418945, -283.655975342, -19.0775737762, -37.7414894104, 14.4009809494, 67.3518676758, 31.3859539032, 23.3059806824, 62.6737365723, 28.1455535889, 46.7190933228, 98.2412414551, 26.2821102142], [-157.00100708, -115.127944946, 11.1549959183, -0.0841474831104, 28.6812419891, 40.4645690918, 21.047492981, 32.9638977051, 3.56388068199, 23.8086090088, 15.4633712769, 26.2821102142, 62.2775650024]], "icov": [[7.54927532398e-05, -7.43113851058e-05, -6.84967599227e-05, -0.000167507081642, 8.44915339258e-05, 0.000164891811437, -4.4203192374e-05, 9.00638697203e-05, 0.000126748127514, -0.000280515174381, 2.85886580969e-05, -6.22187289991e-05, 5.34931496077e-06], [-7.43113851058e-05, 0.000655831187032, -0.000461911957245, 0.000132179207867, -0.000398398580728, 0.000781304319389, -0.000667145766784, 0.000731793581508, 0.000287522765575, 0.000733331486117, -8.6913438281e-05, 0.000676095485687, 6.1372644268e-05], [-6.84967599227e-05, -0.000461911957245, 0.0026329413522, -0.000842079054564, 0.000801171874627, -0.001632475527, 0.000387681939173, -0.00120339205023, 0.000290091789793, 0.000350999413058, 0.0010939190397, -0.00105717184488, -0.000277923478279], [-0.000167507081642, 0.000132179207867, -0.000842079054564, 0.0038763419725, -0.00283352448605, 0.000342053710483, -0.00051546638133, 0.000426814076491, -0.000556454935577, 0.00243791867979, -0.0011618201388, 0.00136981485412, -0.000180646165973], [8.44915339258e-05, -0.000398398580728, 0.000801171874627, -0.00283352448605, 0.00502415560186, -0.00134421605617, 0.00104583997745, -0.000473637279356, 0.000821075460408, -0.00327135622501, 0.00130109908059, -0.00174197554588, -0.000598268292379], [0.000164891811437, 0.000781304319389, -0.001632475527, 0.000342053710483, -0.00134421605617, 0.00725115230307, -0.00281200394966, -7.29017774574e-05, -0.000395976996515, 0.00164002971724, -0.00382087170146, 0.000901563034859, -0.000986583996564], [-4.4203192374e-05, -0.000667145766784, 0.000387681939173, -0.00051546638133, 0.00104583997745, -0.00281200394966, 0.00704825855792, -0.00109008175787, -0.00140341254883, -0.00199775095098, -0.000296651298413, -0.000703853031155, -0.000659757293761], [9.00638697203e-05, 0.000731793581508, -0.00120339205023, 0.000426814076491, -0.000473637279356, -7.29017774574e-05, -0.00109008175787, 0.0107041401789, -0.00038161710836, -0.00114763586316, -0.000809103075881, 0.0023316971492, -0.00355841289274], [0.000126748127514, 0.000287522765575, 0.000290091789793, -0.000556454935577, 0.000821075460408, -0.000395976996515, -0.00140341254883, -0.00038161710836, 0.0083030462265, -0.0011828209972, -0.000302200875012, -0.00359915173613, 0.00292475754395], [-0.000280515174381, 0.000733331486117, 0.000350999413058, 0.00243791867979, -0.00327135622501, 0.00164002971724, -0.00199775095098, -0.00114763586316, -0.0011828209972, 0.0160415619612, -0.00409900024533, 0.000926819746383, -0.00312582962215], [2.85886580969e-05, -8.6913438281e-05, 0.0010939190397, -0.0011618201388, 0.00130109908059, -0.00382087170146, -0.000296651298413, -0.000809103075881, -0.000302200875012, -0.00409900024533, 0.0203565619886, -0.00629018945619, 0.0013102068333], [-6.22187289991e-05, 0.000676095485687, -0.00105717184488, 0.00136981485412, -0.00174197554588, 0.000901563034859, -0.000703853031155, 0.0023316971492, -0.00359915173613, 0.000926819746383, -0.00629018945619, 0.017989192158, -0.00567388068885], [5.34931496077e-06, 6.1372644268e-05, -0.000277923478279, -0.000180646165973, -0.000598268292379, -0.000986583996564, -0.000659757293761, -0.00355841289274, 0.00292475754395, -0.00312582962215, 0.0013102068333, -0.00567388068885, 0.0223534144461]]}, "silence_rate_20dB": {"dvar2": 0, "var": 0, "min": 1, "dmean": 0, "mean": 1, "max": 1, "dmean2": 0, "median": 1, "dvar": 0}, "melbands_kurtosis": {"dvar2": 278976.65625, "var": 83291.5078125, "min": -1.95563554764, "dmean": 35.4279823303, "mean": 29.6098098755, "max": 11680.5429688, "dmean2": 60.6324386597, "median": -1.11455559731, "dvar": 106827.179688}, "barkbands_spread": {"dvar2": 523.868835449, "var": 258.133087158, "min": 0.0169506873935, "dmean": 6.79271221161, "mean": 22.8045215607, "max": 144.492874146, "dmean2": 11.4363498688, "median": 24.9990158081, "dvar": 209.213699341}, "erbbands_skewness": {"dvar2": 1.58947741985, "var": 1.77261352539, "min": -5.30469942093, "dmean": 0.428641080856, "mean": -0.0916939675808, "max": 12.5443592072, "dmean2": 0.676374971867, "median": -0.591206550598, "dvar": 0.689628243446}, "average_loudness": 0.103831365705, "spectral_centroid": {"dvar2": 1464574.5, "var": 21716814, "min": 98.2453384399, "dmean": 477.84588623, "mean": 7603.04638672, "max": 12093.8154297, "dmean2": 779.960021973, "median": 10794.5517578, "dvar": 857006.6875}, "dissonance": {"dvar2": 0.00271014752798, "var": 0.00473745819181, "min": 0.0688599571586, "dmean": 0.018314352259, "mean": 0.463814377785, "max": 0.500000119209, "dmean2": 0.0290402453393, "median": 0.49202388525, "dvar": 0.00127019407228}, "erbbands_flatness_db": {"dvar2": 0.00212166365236, "var": 0.00630732160062, "min": 0.0241190455854, "dmean": 0.0205419603735, "mean": 0.142841354012, "max": 0.620124101639, "dmean2": 0.0307270865887, "median": 0.103064671159, "dvar": 0.00108505389653}, "spectral_strongpeak": {"dvar2": 2.06831765175, "var": 1.34228849411, "min": 0, "dmean": 0.244490966201, "mean": 0.38955399394, "max": 16.9430923462, "dmean2": 0.393166095018, "median": 4.04451849789e-09, "dvar": 0.82894307375}, "spectral_rms": {"dvar2": 1.35086543196e-06, "var": 6.88290128892e-06, "min": 3.07494676423e-12, "dmean": 0.000395176350139, "mean": 0.00142284226604, "max": 0.0121622327715, "dmean2": 0.000505324744154, "median": 3.27447726052e-12, "dvar": 9.04509192878e-07}, "silence_rate_60dB": {"dvar2": 0.0717609226704, "var": 0.191147580743, "min": 0, "dmean": 0.0348253622651, "mean": 0.742625951767, "max": 1, "dmean2": 0.0696578547359, "median": 1, "dvar": 0.0336117818952}, "melbands": {"dvar2": [1.52706024892e-06, 4.298199201e-07, 1.28423596379e-06, 2.0218001282e-06, 1.29209126953e-06, 1.47226808167e-06, 9.95857362796e-07, 5.66486505704e-07, 4.15476051785e-07, 1.55419911607e-07, 4.8697273769e-08, 2.89634307649e-08, 7.45477457542e-09, 4.38051328544e-09, 3.56291773862e-09, 9.50504008834e-10, 8.1929141249e-10, 1.00204522457e-09, 1.46051715166e-09, 2.49819526177e-10, 1.94286059463e-10, 2.46076187205e-10, 1.6339712916e-10, 6.87752244044e-10, 1.28413490952e-09, 3.38750555384e-10, 5.50352929896e-10, 6.29260740737e-11, 7.46684450381e-11, 2.17721563001e-10, 1.20740792364e-10, 1.20306417606e-10, 1.9432741527e-10, 3.52404494475e-10, 3.1135719003e-10, 6.69480137994e-10, 1.79515513565e-10, 3.86455423218e-10, 1.93198901322e-10, 5.8799971836e-11], "var": [4.29459760198e-07, 9.42393739933e-07, 3.09405663756e-06, 3.84845361623e-06, 2.27835448641e-06, 1.3266158021e-06, 6.90547949489e-07, 4.44593553084e-07, 2.80633344119e-07, 1.55048581973e-07, 4.26479473958e-08, 1.98633447468e-08, 4.45240155855e-09, 5.07103159464e-09, 2.31653052296e-09, 5.66012958725e-10, 5.34265798269e-10, 7.32835070405e-10, 8.44980196923e-10, 1.90454346738e-10, 1.53415544157e-10, 1.8563799109e-10, 1.27985899656e-10, 5.09091158118e-10, 5.60003432515e-10, 3.02474101321e-10, 4.30112834238e-10, 5.13498896182e-11, 5.97263419277e-11, 2.01346675444e-10, 1.64575908457e-10, 1.12454781598e-10, 2.16628590066e-10, 2.69170769007e-10, 2.28803836988e-10, 4.07838096628e-10, 1.66477373553e-10, 3.39684641526e-10, 1.35468025686e-10, 4.7956257021e-11], "min": [4.23826959813e-25, 3.86665768676e-25, 2.88858282349e-25, 4.40145435106e-25, 4.60529699505e-25, 2.47688223351e-25, 4.28421729459e-25, 3.84646999664e-25, 7.68794551767e-25, 6.49746862307e-25, 1.09632526088e-24, 8.29359544981e-25, 1.25992130616e-24, 1.14411406009e-24, 1.35613423343e-24, 1.49805898775e-24, 1.37988239795e-24, 1.6149602853e-24, 1.51719497837e-24, 1.87196673087e-24, 2.01100484593e-24, 2.25733396054e-24, 2.34267391935e-24, 2.49944286654e-24, 2.72366652087e-24, 2.95533366949e-24, 2.69009792555e-24, 2.99321674231e-24, 3.22577254274e-24, 3.45160961484e-24, 3.52557873534e-24, 3.23167913876e-24, 3.69848047968e-24, 3.01519460434e-24, 3.93094595554e-24, 3.81679857141e-24, 4.57706957971e-24, 4.6810931174e-24, 4.61522125966e-24, 4.33018924853e-24], "dmean": [7.87821045378e-05, 0.000117075891467, 0.000262711488176, 0.000286467751721, 0.000205494929105, 0.000204250289244, 0.000151992178871, 0.000106959247205, 8.04642186267e-05, 5.10910140292e-05, 2.53217585851e-05, 1.50292689796e-05, 8.60307500261e-06, 6.23339155936e-06, 4.86020326207e-06, 3.14241242449e-06, 3.07287382384e-06, 3.36941570822e-06, 3.71541932509e-06, 2.11817405216e-06, 1.66748122865e-06, 1.80035772246e-06, 1.64661935287e-06, 2.62586468125e-06, 2.64689037976e-06, 1.9847184376e-06, 1.72568013568e-06, 9.66771381172e-07, 9.19888691442e-07, 1.1219328826e-06, 9.2120563977e-07, 7.50630647417e-07, 9.95417281047e-07, 1.52487143623e-06, 1.25648125504e-06, 1.60620106726e-06, 1.20050356145e-06, 1.67990640421e-06, 1.02101557786e-06, 6.81523601997e-07], "mean": [0.000101821373391, 0.000232167862123, 0.000542308669537, 0.000544766604435, 0.000353618466761, 0.000273015612038, 0.000180063696462, 0.000131935652462, 9.27780783968e-05, 6.41217629891e-05, 3.03573760903e-05, 1.62481683219e-05, 9.11545612325e-06, 7.56222789278e-06, 5.09134042659e-06, 3.27143447976e-06, 3.27129509969e-06, 3.78559730052e-06, 3.85966586691e-06, 2.47206162385e-06, 2.04094658329e-06, 2.22302605835e-06, 2.012179948e-06, 3.33621733262e-06, 3.38707627634e-06, 2.58980958279e-06, 2.15229806599e-06, 1.21047162338e-06, 1.17814226996e-06, 1.48220317442e-06, 1.21383970964e-06, 9.59345925367e-07, 1.28651299747e-06, 1.90757032215e-06, 1.68880387719e-06, 2.05274614018e-06, 1.591119144e-06, 2.21968434744e-06, 1.32871275582e-06, 8.60522675339e-07], "max": [0.0399547331035, 0.0170050803572, 0.0204984676093, 0.0298420730978, 0.0252067577094, 0.0215119794011, 0.0224901139736, 0.0134672112763, 0.01021879