{"tonal": {"thpcp": [1, 0.698893249035, 0.344798713923, 0.339382618666, 0.323440343142, 0.281120419502, 0.263579756021, 0.293998837471, 0.362622380257, 0.380406051874, 0.326788365841, 0.346481621265, 0.398649483919, 0.331129044294, 0.267228573561, 0.253539323807, 0.249368593097, 0.331699848175, 0.412721276283, 0.360654950142, 0.307111263275, 0.309752166271, 0.301341176033, 0.350005954504, 0.450135588646, 0.470816135406, 0.361562013626, 0.256785541773, 0.221381813288, 0.208255589008, 0.251765280962, 0.276799291372, 0.318396061659, 0.452003449202, 0.411563575268, 0.630730926991], "hpcp": {"dmean2": [0.261186003685, 0.222382172942, 0.188479378819, 0.184363678098, 0.174958661199, 0.204654067755, 0.240980133414, 0.228843167424, 0.213526263833, 0.221743360162, 0.225457891822, 0.230048850179, 0.265325695276, 0.262610793114, 0.219327628613, 0.178183153272, 0.158854216337, 0.154247283936, 0.172413751483, 0.194937154651, 0.203693106771, 0.247308507562, 0.246014609933, 0.296898633242, 0.417073041201, 0.338122934103, 0.247567400336, 0.242304906249, 0.226782470942, 0.225170969963, 0.223791599274, 0.232356533408, 0.264180541039, 0.280341506004, 0.2572914958, 0.252466529608], "median": [0.081799723208, 0.0669119507074, 0.0476866289973, 0.0399251095951, 0.0455051213503, 0.0744043141603, 0.0943885222077, 0.0766105055809, 0.0614539794624, 0.0654687806964, 0.0621531382203, 0.0653449222445, 0.0957067385316, 0.100970558822, 0.0697093382478, 0.0487241074443, 0.0380901023746, 0.0341606400907, 0.0411991775036, 0.0490472428501, 0.0682477653027, 0.0871013179421, 0.0781747698784, 0.230123996735, 0.327181458473, 0.261954516172, 0.0682764425874, 0.0655695125461, 0.0646893307567, 0.0494117438793, 0.0403683036566, 0.0552176870406, 0.0809895023704, 0.0835043042898, 0.0659117698669, 0.0694265067577], "min": [0, 0, 0, 0, 0, 0, 0, 0, 0, 0, 0, 0, 0, 0, 0, 0, 0, 0, 0, 0, 0, 0, 0, 0, 0, 0, 0, 0, 0, 0, 0, 0, 0, 0, 0, 0], "dvar2": [0.1187254861, 0.101447850466, 0.0893353223801, 0.0951157584786, 0.0758488029242, 0.0827661082149, 0.0964509099722, 0.0928527787328, 0.0904724597931, 0.101612962782, 0.102674894035, 0.0981044396758, 0.110748298466, 0.100090943277, 0.092296846211, 0.0779864266515, 0.0677668824792, 0.0675192326307, 0.0742174386978, 0.0828182026744, 0.0766048952937, 0.105910331011, 0.103894904256, 0.105857148767, 0.20545245707, 0.121499590576, 0.107301533222, 0.111653231084, 0.0971519723535, 0.11844317615, 0.11785607785, 0.108041055501, 0.122769035399, 0.120670765638, 0.120607540011, 0.116771399975], "dvar": [0.0449670031667, 0.037208378315, 0.0332365371287, 0.0351786091924, 0.027974948287, 0.0318535603583, 0.0372630804777, 0.0351690277457, 0.0339824147522, 0.0369701646268, 0.0377340167761, 0.0360956713557, 0.0414241813123, 0.0404251366854, 0.0353228263557, 0.0280773323029, 0.0252590924501, 0.0254202466458, 0.0285077802837, 0.0307091213763, 0.0284423101693, 0.0417020022869, 0.0404300279915, 0.0391966290772, 0.0811792314053, 0.0457893237472, 0.039910774678, 0.0414391942322, 0.0370146036148, 0.0433649048209, 0.0425872057676, 0.039458733052, 0.0447231084108, 0.0453553423285, 0.0452067814767, 0.0430906750262], "dmean": [0.151231244206, 0.128285989165, 0.108332067728, 0.105297863483, 0.099574893713, 0.12051589787, 0.143128171563, 0.134520575404, 0.123569883406, 0.126976087689, 0.128659278154, 0.133954182267, 0.15577018261, 0.154313445091, 0.129254728556, 0.103188171983, 0.0910155549645, 0.0891337916255, 0.10099760443, 0.111663483083, 0.118173956871, 0.145441427827, 0.144203200936, 0.172073632479, 0.237735018134, 0.194641917944, 0.141425356269, 0.138858944178, 0.131218031049, 0.128004774451, 0.124975435436, 0.132296264172, 0.151672020555, 0.159932985902, 0.144404709339, 0.145398795605], "max": [1, 1, 1, 1, 1, 1, 1, 1, 1, 1, 1, 1, 1, 1, 1, 1, 1, 1, 1, 1, 1, 1, 1, 1, 1, 1, 1, 1, 1, 1, 1, 1, 1, 1, 1, 1], "var": [0.0600741691887, 0.0472729690373, 0.0383073724806, 0.041509822011, 0.0333116091788, 0.0428725890815, 0.0558219254017, 0.0494441352785, 0.0411937758327, 0.0423545278609, 0.0406431667507, 0.050379998982, 0.0673243403435, 0.0712583810091, 0.0521245114505, 0.0321087166667, 0.0282012932003, 0.0263099279255, 0.0369000248611, 0.0387226231396, 0.0390208959579, 0.0766552910209, 0.0640945360065, 0.0619780309498, 0.15616184473, 0.0730099380016, 0.0502384863794, 0.0497122853994, 0.0451613888144, 0.0427454225719, 0.0407625995576, 0.0403955802321, 0.0488557480276, 0.0520067811012, 0.0459353625774, 0.0498186312616], "mean": [0.184296309948, 0.153081506491, 0.123540207744, 0.117211639881, 0.115283511579, 0.153345391154, 0.190801724792, 0.166731372476, 0.141978040338, 0.143198937178, 0.139310523868, 0.16180832684, 0.208098426461, 0.217659071088, 0.167150706053, 0.118712373078, 0.102345176041, 0.0962769016623, 0.116391502321, 0.127964764833, 0.147195026278, 0.208961933851, 0.190266519785, 0.291587948799, 0.462301641703, 0.32309949398, 0.159401014447, 0.156897142529, 0.149526998401, 0.129962429404, 0.121853351593, 0.135916143656, 0.167640924454, 0.175862342119, 0.151074796915, 0.160179018974]}, "tuning_equal_tempered_deviation": 0.0618782751262, "chords_changes_rate": 0.103564411402, "key_key": "A#", "tuning_diatonic_strength": 0.303920596838, "key_scale": "minor", "chords_number_rate": 0.00449059763923, "tuning_frequency": 434.193115234, "tuning_nontempered_energy_ratio": 0.761974930763, "chords_histogram": [8.22340679169, 8.33567237854, 9.34605693817, 1.31911313534, 0.196463659406, 1.09458327293, 0.589390933514, 5.55711460114, 10.1319112778, 11.4510240555, 1.03845071793, 2.32949757576, 3.9854054451, 0, 0.252596139908, 0, 1.45944428444, 19.1131076813, 8.27954006195, 4.09767055511, 0.112264946103, 1.43137800694, 0.954252064228, 0.70165592432], "key_strength": 0.486433207989, "chords_key": "A", "chords_strength": {"dmean2": 0.0141314417124, "median": 0.43731534481, "min": -1, "dvar2": 0.00117249565665, "dvar": 0.000628817942925, "dmean": 0.0119480239227, "max": 0.737299740314, "var": 0.022857721895, "mean": 0.4261495471}, "chords_scale": "major", "hpcp_entropy": {"dmean2": 1.07401001453, "median": 2.40687465668, "min": 0, "dvar2": 0.726077973843, "dvar": 0.271266669035, "dmean": 0.638002455235, "max": 4.30957794189, "var": 0.600931882858, "mean": 2.3610253334}}, "metadata": {"audio_properties": {"equal_loudness": 0, "codec": "mp3", "downmix": "mix", "sample_rate": 44100, "analysis_sample_rate": 44100, "bit_rate": 162985, "md5_encoded": "e472a51ec96fe3ec8eb6ce8641d630f0", "length": 165.408416748, "replay_gain": -11.578207016, "lossless": false}, "version": {"essentia_build_sha": "ca57ba49d9b1854bd80e60cf9ccf267278fb7d6b", "essentia": "2.1-beta1", "extractor": "music 1.0", "essentia_git_sha": "v2.1_beta1-28-g21ef5f4-dirty"}, "tags": {"title": ["The Beginning of the End"], "barcode": ["602517341906"], "media": ["CD"], "albumartist": ["Various Artists"], "musicbrainz_recordingid": ["0db44ea5-4acd-4cc5-80c5-6a7941827686"], "musicbrainz_albumartistid": ["89ad4ac3-39f7-470e-963a-56509c546377"], "discnumber": ["36/5"], "album": ["The Complete Motown Singles, Volume 7: 1967"], "catalognumber": ["B0008993-02/B0008993-02 CD05"], "musicbrainz album release country": ["US"], "musicbrainz album type": ["album/compilation"], "musicbrainz album status": ["official"], "file_name": "15 - Chris Clark - The Beginning Of The End.mp3", "originaldate": ["2007"], "date": ["2007"], "genre": ["Soul"], "musicbrainz_releasegroupid": ["88e79b66-b003-3a5e-be2f-a1a095ebcbcf"], "musicbrainz_artistid": ["9e302028-e8aa-49de-8ac6-6e055f3c3600"], "asin": ["B000SFYZBM"], "musicbrainz_albumid": ["841cb724-b30c-4365-be64-c2b38907d42b"], "artist": ["Chris Clark"], "artistsort": ["Clark, Chris"], "remastered": ["Yes"], "tracknumber": ["15/24"], "label": ["Hip-O Select/Hip-O Select"], "albumartistsort": ["Various Artists"], "acoustid_id": ["50f6bd94-f8fc-4381-bd75-62127514289a"], "script": ["Latn"]}}, "rhythm": {"bpm_histogram_first_peak_bpm": {"dmean2": 0, "median": 172, "min": 172, "dvar2": 0, "dvar": 0, "dmean": 0, "max": 172, "var": 0, "mean": 172}, "bpm": 172.265792847, "bpm_histogram_second_peak_spread": {"dmean2": 0, "median": 0, "min": 0, "dvar2": 0, "dvar": 0, "dmean": 0, "max": 0, "var": 0, "mean": 0}, "bpm_histogram_first_peak_weight": {"dmean2": 0, "median": 0.388349503279, "min": 0.388349503279, "dvar2": 0, "dvar": 0, "dmean": 0, "max": 0.388349503279, "var": 0, "mean": 0.388349503279}, "onset_rate": 3.10704350471, "beats_position": [0.49922901392, 1.01006805897, 1.53251695633, 2.04335594177, 2.55419492722, 3.07664394379, 3.55265307426, 4.04027223587, 4.52789115906, 5.01551008224, 5.50312900543, 6.00235795975, 6.5015873909, 7.00081634521, 7.4884352684, 7.97605419159, 8.45206356049, 8.93968200684, 9.42730140686, 9.91492080688, 10.4025392532, 10.8901586533, 11.3777770996, 11.8537864685, 12.3297958374, 12.8174142838, 13.4675731659, 14.117732048, 14.756280899, 15.4064397812, 16.0565986633, 16.7183666229, 17.3685264587, 18.0302944183, 18.7036724091, 19.365442276, 20.0272102356, 20.6889801025, 21.3507480621, 22.0125160217, 22.6742858887, 23.3244438171, 23.9862117767, 24.6363716125, 25.286529541, 25.9366893768, 26.5868473053, 27.2370071411, 27.8987751007, 28.5489330292, 29.199092865, 29.8608608246, 30.5226306915, 31.1843986511, 31.8461666107, 32.5079345703, 33.1580963135, 33.8198623657, 34.4816322327, 35.1434020996, 35.8167800903, 36.4785499573, 37.151927948, 37.8253059387, 38.5102958679, 39.1952819824, 39.8686599731, 40.5420417786, 41.2154197693, 41.88879776, 42.5621757507, 43.2355537415, 43.9089317322, 44.5939216614, 45.2905197144, 45.9871177673, 46.5211791992, 47.0320167542, 47.5544662476, 48.0653038025, 48.5761451721, 49.0869827271, 49.5978240967, 50.1086616516, 50.6194992065, 51.1187286377, 51.6295700073, 52.152015686, 52.6628570557, 53.1736946106, 53.6729240417, 54.1721534729, 54.6713829041, 55.0080718994, 55.3447608948, 55.6814498901, 56.029750824, 56.3780479431, 56.7147369385, 57.0514259338, 57.3881187439, 57.7248077393, 58.0731048584, 58.4097938538, 58.7464828491, 59.094783783, 59.4430847168, 59.7913818359, 60.1280708313, 60.4763717651, 60.8130607605, 61.1497497559, 61.4864387512, 61.8347396851, 62.1830368042, 62.5197257996, 62.8564147949, 63.2047157288, 63.5414047241, 63.8780937195, 64.2147827148, 64.5514755249, 64.899772644, 65.2480697632, 65.5847625732, 65.9214477539, 66.258140564, 66.5948257446, 66.9431304932, 67.2798156738, 67.6165084839, 67.964805603, 68.3014984131, 68.6381835938, 68.9864807129, 69.3347854614, 69.6830825806, 70.0313796997, 70.3796844482, 70.7279815674, 71.0762786865, 71.4129714966, 71.7496566772, 72.0979614258, 72.4462585449, 72.7945556641, 73.1428527832, 73.4795455933, 73.8278427124, 74.1645355225, 74.5012207031, 74.8495254517, 75.1862106323, 75.5229034424, 75.859588623, 76.1962814331, 76.5329666138, 76.8812713623, 77.2295684814, 77.5778656006, 77.9145584106, 78.2512435913, 78.5879364014, 78.924621582, 79.2613143921, 79.5979995728, 79.9463043213, 80.2946014404, 80.6428985596, 80.9912033081, 81.3278884888, 81.6761856079, 82.012878418, 82.3611755371, 82.7094802856, 83.0577774048, 83.4060745239, 83.742767334, 84.0910644531, 84.4393615723, 84.7760543823, 85.112739563, 85.449432373, 85.7861175537, 86.1228103638, 86.4595031738, 86.7961883545, 87.1328811646, 87.4695663452, 87.8062591553, 88.1429443359, 88.479637146, 88.8163223267, 89.1530151367, 89.4897003174, 89.8380050659, 90.1863021851, 90.5229949951, 90.8596801758, 91.2079772949, 91.5562820435, 91.9045791626, 92.2296600342, 92.5663452148, 92.9030380249, 93.2281188965, 93.5531921387, 93.8898849487, 94.2265777588, 94.5748748779, 94.9115600586, 95.2482528687, 95.5965499878, 95.9332427979, 96.2699279785, 96.6066207886, 96.9433059692, 97.2916107178, 97.6399078369, 97.9882049561, 98.3248977661, 98.6615829468, 99.0098876953, 99.3581848145, 99.7064819336, 100.043174744, 100.391471863, 100.728164673, 101.076461792, 101.424758911, 101.77305603, 102.132965088, 102.492874146, 102.841178894, 103.189476013, 103.537773132, 103.886077881, 104.234375, 104.582672119, 104.930976868, 105.279273987, 105.615959167, 105.964263916, 106.312561035, 106.649246216, 106.997550964, 107.345848083, 107.694145203, 108.042449951, 108.39074707, 108.727432251, 109.064125061, 109.41242218, 109.760726929, 110.109024048, 110.445709229, 110.794013977, 111.130699158, 111.467391968, 111.804077148, 112.152381897, 112.500679016, 112.837364197, 113.174057007, 113.522354126, 113.859046936, 114.207344055, 114.555641174, 114.892333984, 115.229019165, 115.565711975, 115.914009094, 116.262313843, 116.610610962, 116.958908081, 117.3072052, 117.655509949, 117.992195129, 118.340499878, 118.677185059, 119.025482178, 119.373786926, 119.710472107, 120.047164917, 120.383850098, 120.720542908, 121.057228088, 121.405532837, 121.742218018, 122.090522766, 122.438819885, 122.775505066, 123.112197876, 123.460494995, 123.808792114, 124.157096863, 124.51700592, 124.86530304, 125.213600159, 125.561904907, 125.898590088, 126.246894836, 126.595191956, 126.943489075, 127.291786194, 127.628479004, 127.965164185, 128.313461304, 128.650161743, 128.986846924, 129.335144043, 129.683441162, 130.031738281, 130.3800354, 130.728347778, 131.065032959, 131.40171814, 131.750015259, 132.086715698, 132.423400879, 132.771697998, 133.119995117, 133.468292236, 133.816589355, 134.153289795, 134.489974976, 134.838272095, 135.174957275, 135.511657715, 135.859954834, 136.208251953, 136.544937134, 136.893234253, 137.241546631, 137.578231812, 137.914916992, 138.263214111, 138.599899292, 138.94821167, 139.296508789, 139.644805908, 139.993103027, 140.341400146, 140.689697266, 141.037994385, 141.374694824, 141.711380005, 142.059677124, 142.396362305, 142.733062744, 143.081359863, 143.418045044, 143.754730225, 144.103042603, 144.439727783, 144.776412964, 145.124710083, 145.473007202, 145.82131958, 146.158004761, 146.494689941, 146.831375122, 147.179672241, 147.516372681, 147.8646698, 148.212966919, 148.5496521, 148.886352539, 149.22303772, 149.5597229, 149.90802002, 150.256317139, 150.604629517, 150.952926636, 151.301223755, 151.649520874, 151.986206055, 152.322906494, 152.659591675, 153.007888794, 153.344573975, 153.681274414, 154.017959595, 154.366256714, 154.714553833, 155.062850952, 155.411148071, 155.759460449, 156.09614563, 156.444442749, 156.78112793, 157.129425049, 157.477722168, 157.814422607, 158.162719727, 158.511016846, 158.847702026, 159.195999146, 159.544311523, 159.892608643, 160.240905762, 160.589202881, 160.9375, 161.297409058, 161.657318115, 162.028839111, 162.388748169, 162.760269165, 163.131790161, 163.503311157, 163.874832153, 164.246353149, 164.641082764], "beats_loudness": {"dmean2": 0.0357257239521, "median": 0.0249195285141, "min": 0, "dvar2": 0.000936709402595, "dvar": 0.000339607504429, "dmean": 0.0207792855799, "max": 0.14834831655, "var": 0.000578232866246, "mean": 0.03015149571}, "danceability": 1.09441113472, "bpm_histogram_second_peak_weight": {"dmean2": 0, "median": 0.349514573812, "min": 0.349514573812, "dvar2": 0, "dvar": 0, "dmean": 0, "max": 0.349514573812, "var": 0, "mean": 0.349514573812}, "beats_count": 413, "bpm_histogram_second_peak_bpm": {"dmean2": 0, "median": 178, "min": 178, "dvar2": 0, "dvar": 0, "dmean": 0, "max": 178, "var": 0, "mean": 178}, "bpm_histogram_first_peak_spread": {"dmean2": 0, "median": 0, "min": 0, "dvar2": 0, "dvar": 0, "dmean": 0, "max": 0, "var": 0, "mean": 0}, "beats_loudness_band_ratio": {"dmean2": [0.41883379221, 0.190126523376, 0.2326631248, 0.270669519901, 0.141656950116, 0.094012029469], "median": [0.300932824612, 0.0867730975151, 0.131420552731, 0.189388513565, 0.0631074383855, 0.0188632067293], "min": [0, 0, 0, 0, 0, 0], "dvar2": [0.113287962973, 0.041293118149, 0.0580063462257, 0.0557002201676, 0.0200457517058, 0.0491052977741], "dvar": [0.0418136827648, 0.0148077066988, 0.0220473706722, 0.0215779226273, 0.0073681618087, 0.0180286597461], "dmean": [0.253559052944, 0.108605504036, 0.137994363904, 0.161190405488, 0.0811493694782, 0.0513855367899], "max": [0.987608671188, 0.814491927624, 0.845529198647, 0.88495850563, 0.585577011108, 0.942311108112], "var": [0.064072035253, 0.0154794976115, 0.0292831212282, 0.0350282453001, 0.00808973610401, 0.0126512795687], "mean": [0.347336173058, 0.124197497964, 0.181324571371, 0.239083483815, 0.0929166898131, 0.0459998883307]}}, "lowlevel": {"barkbands_spread": {"dmean2": 7.57497787476, "median": 18.7598800659, "min": 0.490997850895, "dvar2": 70.1344223022, "dvar": 31.1566886902, "dmean": 4.88199186325, "max": 120.751251221, "var": 136.09992981, "mean": 20.4545879364}, "melbands_spread": {"dmean2": 10.4678230286, "median": 22.4072704315, "min": 0.382989704609, "dvar2": 173.874465942, "dvar": 80.1292877197, "dmean": 6.77038240433, "max": 227.465118408, "var": 515.23626709, "mean": 26.5015907288}, "hfc": {"dmean2": 7.26678752899, "median": 8.04221820831, "min": 1.07153783878e-16, "dvar2": 211.174362183, "dvar": 112.622032166, "dmean": 5.37439727783, "max": 425.189971924, "var": 576.846069336, "mean": 16.3816776276}, "barkbands_kurtosis": {"dmean2": 5.04831075668, "median": 0.926784515381, "min": -1.81024587154, "dvar2": 268.011138916, "dvar": 121.954315186, "dmean": 3.26688742638, "max": 402.337188721, "var": 224.014221191, "mean": 4.38439178467}, "gfcc": {"mean": [-80.2146911621, 118.905410767, -120.495887756, -2.41192293167, -11.551700592, -15.8390207291, 5.3970913887, -14.1434631348, -7.77902364731, -0.209856823087, -4.21454429626, -4.80406236649, -1.29183149338], "icov": [[0.000122057477711, -0.000320586026646, 0.000769263016991, -0.000525238108821, 0.000139496623888, 0.000109038737719, 0.000152502325363, -0.000487986573717, 0.000784849864431, -0.000896966317669, 0.000712348206434, -0.000480416551, 0.0001588522573], [-0.000320586026646, 0.00199465709738, -0.00273683993146, 0.00282608321868, -0.00104096520226, -7.32168191462e-05, -0.000850970682222, 0.0016064386582, -0.00290052546188, 0.00318662705831, -0.0023721519392, 0.00184285454452, -0.000744310906157], [0.000769263016991, -0.00273683993146, 0.0100425817072, -0.00961738731712, 0.00644842721522, -0.00374758034013, 0.00233869580552, -0.00260377139784, 0.0019951518625, -0.00208560260944, 0.000241422865656, 0.00103777681943, -0.00188014889136], [-0.000525238108821, 0.00282608321868, -0.00961738731712, 0.0174587275833, -0.0148621266708, 0.0103645129129, -0.00411108369008, -0.00508456770331, 0.00970108620822, -0.0118894940242, 0.0121290758252, -0.012218831107, 0.0110346209258], [0.000139496623888, -0.00104096520226, 0.00644842721522, -0.0148621266708, 0.020602574572, -0.0135976653546, 0.00146714539733, 0.0104838367552, -0.0179428886622, 0.0221674591303, -0.0214778091758, 0.019092803821, -0.0146804377437], [0.000109038737719, -7.32168191462e-05, -0.00374758034013, 0.0103645129129, -0.0135976653546, 0.0142354024574, -0.00100055977236, -0.0101242959499, 0.0177201405168, -0.0193938594311, 0.0187941454351, -0.0187925137579, 0.0127923330292], [0.000152502325363, -0.000850970682222, 0.00233869580552, -0.00411108369008, 0.00146714539733, -0.00100055977236, 0.00542482500896, 0.00133482797537, -0.00197630259208, 0.00156829564366, -0.0019012237899, 0.00133473146707, -0.00167587003671], [-0.000487986573717, 0.0016064386582, -0.00260377139784, -0.00508456770331, 0.0104838367552, -0.0101242959499, 0.00133482797537, 0.0157024729997, -0.0200077239424, 0.0207164697349, -0.0186489205807, 0.0170422699302, -0.0122179761529], [0.000784849864431, -0.00290052546188, 0.0019951518625, 0.00970108620822, -0.0179428886622, 0.0177201405168, -0.00197630259208, -0.0200077239424, 0.0379591993988, -0.0372953265905, 0.0341068506241, -0.0312792435288, 0.0213257614523], [-0.000896966317669, 0.00318662705831, -0.00208560260944, -0.0118894940242, 0.0221674591303, -0.0193938594311, 0.00156829564366, 0.0207164697349, -0.0372953265905, 0.051992315799, -0.0441048555076, 0.0359693802893, -0.0245371181518], [0.000712348206434, -0.0023721519392, 0.000241422865656, 0.0121290758252, -0.0214778091758, 0.0187941454351, -0.0019012237899, -0.0186489205807, 0.0341068506241, -0.0441048555076, 0.0500826798379, -0.0340762771666, 0.0205225069076], [-0.000480416551, 0.00184285454452, 0.00103777681943, -0.012218831107, 0.019092803821, -0.0187925137579, 0.00133473146707, 0.0170422699302, -0.0312792435288, 0.0359693802893, -0.0340762771666, 0.0387410409749, -0.021237835288], [0.0001588522573, -0.000744310906157, -0.00188014889136, 0.0110346209258, -0.0146804377437, 0.0127923330292, -0.00167587003671, -0.0122179761529, 0.0213257614523, -0.0245371181518, 0.0205225069076, -0.021237835288, 0.0294127110392]], "cov": [[23720.1816406, 1926.7043457, -2176.1159668, -413.764526367, 141.056304932, -797.763305664, 229.110397339, -464.430389404, -83.9451141357, 36.8842430115, -34.9086151123, -171.142974854, 166.692901611], [1926.7043457, 1330.16821289, -163.459671021, -282.885009766, 66.0028915405, -58.8185310364, 56.0897598267, -42.6847763062, 76.5538864136, -63.2368927002, -0.349742591381, -29.9992771149, 33.2471809387], [-2176.1159668, -163.459671021, 722.796875, 225.339141846, -144.137893677, 242.649032593, -122.685897827, 239.108734131, -25.2055091858, 65.1284866333, -2.69354581833, 23.8542385101, -24.1495189667], [-413.764526367, -282.885009766, 225.339141846, 433.594573975, 142.398910522, -48.1757545471, 135.29095459, 9.34214782715, 7.94183397293, 19.5545425415, 10.6586084366, 14.7153053284, -35.8297653198], [141.056304932, 66.0028915405, -144.137893677, 142.398910522, 323.684844971, -16.245141983, 140.859527588, -104.242149353, 16.1875686646, -49.8722114563, 25.6722240448, 5.19440460205, 4.11421823502], [-797.763305664, -58.8185310364, 242.649032593, -48.1757545471, -16.245141983, 448.298309326, -121.933242798, 128.828582764, -62.3884391785, 4.12382459641, -12.6833896637, 73.7199554443, -9.35674190521], [229.110397339, 56.0897598267, -122.685897827, 135.29095459, 140.859527588, -121.933242798, 326.746185303, -96.8198852539, 39.9816856384, -14.8266448975, 15.382232666, 6.0660777092, -4.3913693428], [-464.430389404, -42.6847763062, 239.108734131, 9.34214782715, -104.242149353, 128.828582764, -96.8198852539, 300.859558105, 64.9549560547, 17.1860275269, -7.85117578506, 9.57036590576, 4.23756361008], [-83.9451141357, 76.5538864136, -25.2055091858, 7.94183397293, 16.1875686646, -62.3884391785, 39.9816856384, 64.9549560547, 172.577209473, 26.3997249603, -10.0380477905, 29.394071579, -12.6016569138], [36.8842430115, -63.2368927002, 65.1284866333, 19.5545425415, -49.8722114563, 4.12382459641, -14.8266448975, 17.1860275269, 26.3997249603, 130.151550293, 53.2485542297, -17.4020824432, 14.3527173996], [-34.9086151123, -0.349742591381, -2.69354581833, 10.6586084366, 25.6722240448, -12.6833896637, 15.382232666, -7.85117578506, -10.0380477905, 53.2485542297, 91.4026031494, 16.4248409271, 11.7378644943], [-171.142974854, -29.9992771149, 23.8542385101, 14.7153053284, 5.19440460205, 73.7199554443, 6.0660777092, 9.57036590576, 29.394071579, -17.4020824432, 16.4248409271, 116.567901611, 7.8998093605], [166.692901611, 33.2471809387, -24.1495189667, -35.8297653198, 4.11421823502, -9.35674190521, -4.3913693428, 4.23756361008, -12.6016569138, 14.3527173996, 11.7378644943, 7.8998093605, 72.0959320068]]}, "spectral_energyband_middle_low": {"dmean2": 0.00402887212113, "median": 0.00293584237806, "min": 1.7149427134e-22, "dvar2": 8.19531414891e-05, "dvar": 3.87257241528e-05, "dmean": 0.00281447125599, "max": 0.188771262765, "var": 0.000198087858735, "mean": 0.00729095097631}, "melbands_crest": {"dmean2": 6.19322919846, "median": 13.849067688, "min": 1.0015360117, "dvar2": 30.1107158661, "dvar": 12.2864952087, "dmean": 3.8432199955, "max": 39.4743309021, "var": 48.6254272461, "mean": 15.0249881744}, "spectral_kurtosis": {"dmean2": 4.84340572357, "median": 12.2516469955, "min": -1.25726091862, "dvar2": 44.3191108704, "dvar": 17.7856998444, "dmean": 3.04605770111, "max": 95.6050262451, "var": 47.0688209534, "mean": 13.4815969467}, "spectral_rms": {"dmean2": 0.000930294569116, "median": 0.00357861211523, "min": 3.09029928383e-12, "dvar2": 1.13345618047e-06, "dvar": 5.6221460909e-07, "dmean": 0.000671663554385, "max": 0.0139682069421, "var": 4.92242907058e-06, "mean": 0.00383802945726}, "zerocrossingrate": {"dmean2": 0.00709094339982, "median": 0.0400390625, "min": 0.0009765625, "dvar2": 0.000126450686366, "dvar": 8.302173228e-05, "dmean": 0.00600824458525, "max": 0.52001953125, "var": 0.00306610600092, "mean": 0.0484998635948}, "silence_rate_60dB": {"dmean2": 0.0662642121315, "median": 0, "min": 0, "dvar2": 0.0722651705146, "dvar": 0.0320311710238, "dmean": 0.0331274569035, "max": 1, "var": 0.14190274477, "mean": 0.171228066087}, "erbbands_kurtosis": {"dmean2": 2.10747790337, "median": 0.600511074066, "min": -1.83406078815, "dvar2": 13.3272790909, "dvar": 6.09809541702, "dmean": 1.35301661491, "max": 76.3245849609, "var": 19.2111358643, "mean": 1.7117664814}, "erbbands": {"dmean2": [0.155990660191, 0.838995039463, 1.73474895954, 1.64966547489, 2.93855428696, 2.96233677864, 5.95230674744, 13.7852716446, 17.1028079987, 24.1563663483, 18.4885616302, 22.4927177429, 20.7752552032, 33.0576553345, 43.9651374817, 49.9696083069, 34.1543731689, 34.9784164429, 19.188741684, 21.1959495544, 17.9370059967, 9.55581378937, 7.07845306396, 7.16890048981, 10.165304184, 7.81155252457, 4.67401742935, 2.91440105438, 1.41136562824, 0.293931216002, 0.0888190791011, 0.0553378723562, 0.0371606722474, 0.0238058958203, 0.0147709120065, 0.00839063245803, 0.00450118258595, 0.00704262033105, 0.00724067492411, 0.000860283849761], "median": [0.053308326751, 0.227089554071, 0.454681605101, 0.740631103516, 1.19733667374, 1.2028901577, 1.83023512363, 2.66178822517, 4.04472017288, 3.86076664925, 4.32742786407, 6.58641767502, 7.00383901596, 11.2276659012, 13.2306900024, 11.8962192535, 10.4983186722, 9.98591423035, 7.37403440475, 8.74691390991, 6.14171743393, 2.90541100502, 1.83443176746, 1.85408055782, 2.37269902229, 2.01641464233, 1.09052228928, 0.461976498365, 0.160941749811, 0.048658195883, 0.0191607493907, 0.00945039838552, 0.00517650553957, 0.0028755676467, 0.00170139200054, 0.00109719322063, 0.000856063794345, 0.00155930756591, 0.00264171301387, 0.000648333691061], "min": [6.59902846928e-23, 2.68269783439e-22, 1.3925813814e-21, 9.48765095826e-21, 2.05356569731e-20, 1.61927099568e-20, 3.46883359753e-20, 1.09607738415e-19, 1.23073993219e-19, 3.1201443991e-19, 2.69943206775e-19, 2.46719128801e-19, 5.72876857921e-19, 6.68366484436e-19, 1.16955304623e-18, 1.32057906209e-18, 1.99944960293e-18, 2.04531180481e-18, 2.54545250012e-18, 2.82894652799e-18, 3.90553574371e-18, 3.10945402026e-18, 4.92241658127e-18, 5.69793356072e-18, 7.41836749161e-18, 7.68683640404e-18, 9.29173222852e-18, 9.22614011466e-18, 9.15557002788e-18, 1.25901049949e-17, 1.26851364668e-17, 1.27046504846e-17, 1.01563775054e-17, 8.65266241343e-18, 5.87811914073e-18, 4.43211850807e-18, 2.34167200673e-18, 1.09057435833e-18, 2.62174171366e-19, 2.797798189e-20], "dvar2": [0.111517429352, 3.30214309692, 12.7495336533, 7.56050729752, 31.7452774048, 62.5726470947, 197.17578125, 2295.65795898, 3644.39916992, 10007.7753906, 6153.53857422, 6554.25244141, 6255.97802734, 9382.06640625, 16171.7373047, 22228.2265625, 12029.0566406, 10225.9804688, 2799.53076172, 2798.77075195, 2142.58251953, 705.477600098, 522.766418457, 1005.02813721, 4062.01611328, 1890.37158203, 760.478210449, 285.213012695, 61.0990180969, 7.342192173, 0.0586700066924, 0.0149895129725, 0.00645014178008, 0.00258093327284, 0.00099272839725, 0.000321183440974, 9.6027222753e-05, 0.00122269254643, 0.00119588722009, 7.13330427971e-06], "dvar": [0.0480814725161, 1.49834251404, 5.59373235703, 3.21276402473, 14.3431892395, 26.750421524, 89.0691680908, 1026.67712402, 2072.63891602, 4534.20117188, 2697.57714844, 4006.23583984, 3037.42553711, 4178.68554688, 6791.36425781, 8179.50683594, 4592.04980469, 4034.43188477, 1334.83435059, 1192.20129395, 933.43157959, 333.761230469, 283.153717041, 496.441802979, 1736.87854004, 896.797241211, 367.119750977, 160.266921997, 39.5529632568, 3.34597015381, 0.0291426703334, 0.00611294759437, 0.00255569908768, 0.000992245855741, 0.000380899728043, 0.000124806741951, 4.12625449826e-05, 0.000855095044244, 0.000739568495192, 3.95886354454e-06], "dmean": [0.101148933172, 0.526298046112, 1.05468356609, 1.03300476074, 1.83083033562, 1.82796347141, 3.80718493462, 9.08914661407, 11.7712078094, 16.2054386139, 12.3237123489, 15.6362533569, 13.3843765259, 21.2715072632, 27.7390804291, 30.9681491852, 21.4837608337, 22.1180400848, 12.7439117432, 13.5475816727, 11.5862474442, 6.51628637314, 4.98334026337, 4.91514253616, 6.73199129105, 5.27516412735, 3.1923968792, 2.07630300522, 0.994904994965, 0.201923340559, 0.0574149265885, 0.0337747745216, 0.0222391076386, 0.0141481850296, 0.0087670609355, 0.00500807305798, 0.00279049528763, 0.00521408161148, 0.00541567103937, 0.000640487705823], "max": [3.47087717056, 27.4013175964, 60.3768539429, 35.9164543152, 158.864334106, 238.171722412, 249.560531616, 885.57208252, 2716.7019043, 2059.91796875, 1710.20300293, 4894.66796875, 2931.89331055, 2198.70043945, 2783.29174805, 2993.65039062, 2665.79541016, 1729.27978516, 878.003234863, 1359.06286621, 1120.94702148, 550.86328125, 620.085632324, 976.594909668, 1739.93981934, 1251.06799316, 806.343505859, 800.968994141, 378.938110352, 139.512863159, 10.2095012665, 2.19875144958, 1.33147859573, 0.533175528049, 0.33072668314, 0.236442178488, 0.197264760733, 1.66094529629, 1.54363977909, 0.0835377499461], "var": [0.0847534313798, 2.90258049965, 10.2704019547, 6.73512792587, 41.3093032837, 52.3402023315, 202.10369873, 1800.93603516, 6417.98583984, 14727.3320312, 8300.7890625, 36111.3320312, 5344.33691406, 8445.07519531, 15256.3583984, 19414.7929688, 11982.1318359, 10680.8876953, 2650.9050293, 2441.66674805, 2144.28759766, 665.614379883, 604.026550293, 1233.06616211, 3923.44506836, 2344.77636719, 1113.51342773, 562.07421875, 121.252113342, 5.84486055374, 0.059391785413, 0.00793934147805, 0.0028462971095, 0.000935810559895, 0.000354480900569, 0.000126044425997, 6.88468644512e-05, 0.00298190466128, 0.00331251742318, 1.41675618579e-05], "mean": [0.168235510588, 0.782545804977, 1.39894914627, 1.63211929798, 2.96725296974, 2.9666852951, 5.95590686798, 13.1707057953, 20.2214927673, 28.1115436554, 22.2833766937, 33.5917930603, 22.0972614288, 35.8038368225, 47.7636413574, 54.4244194031, 40.7424049377, 39.4262199402, 22.4626159668, 24.0490150452, 20.2625293732, 11.0473852158, 8.2851190567, 8.51473522186, 12.1774749756, 9.91351318359, 5.93979692459, 3.60177636147, 1.54586350918, 0.28843948245, 0.0740953236818, 0.0366134382784, 0.0220352355391, 0.0129495225847, 0.00792615395039, 0.00477465055883, 0.00326236360706, 0.00888422690332, 0.0118489954621, 0.0016253257636]}, "spectral_strongpeak": {"dmean2": 0.891414880753, "median": 0.214008197188, "min": 0, "dvar2": 2.60132002831, "dvar": 1.01925182343, "dmean": 0.53624600172, "max": 16.9411125183, "var": 2.36524701118, "mean": 0.889278411865}, "spectral_energy": {"dmean2": 0.00944532826543, "median": 0.0131266266108, "min": 9.788698657e-21, "dvar2": 0.000196313747438, "dvar": 9.28394874791e-05, "dmean": 0.0066682305187, "max": 0.19998857379, "var": 0.000467523874249, "mean": 0.0201442185789}, "average_loudness": 0.507673561573, "spectral_rolloff": {"dmean2": 492.733612061, "median": 1141.25976562, "min": 21.533203125, "dvar2": 463867.5, "dvar": 235151.25, "dmean": 300.634368896, "max": 19918.2128906, "var": 4201266, "mean": 1454.27246094}, "spectral_centroid": {"dmean2": 296.99105835, "median": 1183.50280762, "min": 206.531036377, "dvar2": 137061.484375, "dvar": 67514.78125, "dmean": 199.330657959, "max": 11689.5166016, "var": 1159730.75, "mean": 1393.94750977}, "pitch_salience": {"dmean2": 0.125094488263, "median": 0.578361153603, "min": 0.026567351073, "dvar2": 0.0120349954814, "dvar": 0.00489152828231, "dmean": 0.0777010843158, "max": 0.99608451128, "var": 0.017819320783, "mean": 0.559139966965}, "spectral_energyband_middle_high": {"dmean2": 0.00342094805092, "median": 0.00258389185183, "min": 1.13865520968e-21, "dvar2": 4.86962926516e-05, "dvar": 2.12340892176e-05, "dmean": 0.00235488498583, "max": 0.0988389104605, "var": 8.77158527146e-05, "mean": 0.00619554845616}, "spectral_contrast_coeffs": {"dmean2": [0.0816737264395, 0.0754536166787, 0.0610366165638, 0.0485388301313, 0.0352923423052, 0.0810364559293], "median": [-0.724070429802, -0.783995509148, -0.79903781414, -0.804536819458, -0.807532846928, -0.75031286478], "min": [-0.980067253113, -0.996850013733, -0.998888850212, -0.988466203213, -0.989112317562, -0.96423381567], "dvar2": [0.00428607687354, 0.00375747913495, 0.00235057715327, 0.00146350276191, 0.000834459671751, 0.00508625200018], "dvar": [0.00158987683244, 0.00143276376184, 0.000901576306205, 0.000561296590604, 0.000355294207111, 0.00199910742231], "dmean": [0.0496140122414, 0.0463612675667, 0.0367958247662, 0.0294016860425, 0.0223776753992, 0.0507207177579], "max": [-0.362411558628, -0.449190855026, -0.452149868011, -0.53842574358, -0.559608280659, -0.385753840208], "var": [0.00675389962271, 0.00577893387526, 0.00386047852226, 0.0028926988598, 0.00243303133175, 0.00709410291165], "mean": [-0.719869673252, -0.774232745171, -0.793225944042, -0.799122452736, -0.806587278843, -0.742117106915]}, "melbands_skewness": {"dmean2": 1.10367524624, "median": 1.39623367786, "min": -4.31809139252, "dvar2": 1.66490733624, "dvar": 0.786420345306, "dmean": 0.71848154068, "max": 27.2938079834, "var": 3.66532111168, "mean": 1.78744471073}, "spectral_spread": {"dmean2": 676567.4375, "median": 2751327.75, "min": 770110.1875, "dvar2": 1295564406780.0, "dvar": 542077714432, "dmean": 419982.90625, "max": 50596296, "var": 12042645798900.0, "mean": 3162596.5}, "dissonance": {"dmean2": 0.0330671928823, "median": 0.476518511772, "min": 0.286116540432, "dvar2": 0.0011871221941, "dvar": 0.000431915803347, "dmean": 0.0194802358747, "max": 0.500000059605, "var": 0.00081377272727, "mean": 0.468468755484}, "spectral_skewness": {"dmean2": 0.405873835087, "median": 2.16974306107, "min": -0.0678632631898, "dvar2": 0.180307239294, "dvar": 0.0776357874274, "dmean": 0.262466341257, "max": 6.79291152954, "var": 0.485725700855, "mean": 2.18143725395}, "spectral_flux": {"dmean2": 0.0278257466853, "median": 0.0617403537035, "min": 6.33886276802e-11, "dvar2": 0.00101084751077, "dvar": 0.000432224012911, "dmean": 0.017735293135, "max": 0.254350572824, "var": 0.00183668360114, "mean": 0.0682157725096}, "spectral_contrast_valleys": {"dmean2": [0.694301366806, 0.584022819996, 0.484869718552, 0.412341684103, 0.377204746008, 1.28858721256], "median": [-7.34287071228, -6.81003236771, -6.97271251678, -7.4245762825, -7.90282726288, -11.8071756363], "min": [-28.0361976624, -28.2744560242, -27.6980018616, -27.6062088013, -27.4108524323, -27.4195098877], "dvar2": [0.324523448944, 0.225006431341, 0.172317236662, 0.138786047697, 0.163904026151, 1.29529738426], "dvar": [0.136575803161, 0.105329416692, 0.0885741487145, 0.0782211199403, 0.0947364270687, 0.478458762169], "dmean": [0.425824761391, 0.367535740137, 0.313132911921, 0.277844309807, 0.27523329854, 0.802229702473], "max": [-5.41728782654, -4.62384033203, -4.99061775208, -5.59463882446, -5.02992677689, -9.10583019257], "var": [4.75848293304, 4.90271139145, 4.81961297989, 4.66673851013, 4.37965631485, 3.31826305389], "mean": [-7.70464754105, -7.17159986496, -7.36070966721, -7.80936527252, -8.25947189331, -12.0588912964]}, "erbbands_flatness_db": {"dmean2": 0.0400121621788, "median": 0.193190559745, "min": 0.0321325771511, "dvar2": 0.00113574543502, "dvar": 0.000467209581984, "dmean": 0.0256532765925, "max": 0.40960496664, "var": 0.00216120691039, "mean": 0.194479927421}, "spectral_energyband_high": {"dmean2": 0.000209055084269, "median": 7.69588295952e-05, "min": 7.24498902643e-21, "dvar2": 8.61443254507e-07, "dvar": 5.55271014946e-07, "dmean": 0.000156672307639, "max": 0.0453688874841, "var": 2.48493915933e-06, "mean": 0.000329005270032}, "spectral_entropy": {"dmean2": 0.222222357988, "median": 7.41654777527, "min": 5.75882911682, "dvar2": 0.0436341762543, "dvar": 0.0189252030104, "dmean": 0.146138370037, "max": 9.81996631622, "var": 0.142988339067, "mean": 7.40653896332}, "silence_rate_20dB": {"dmean2": 0, "median": 1, "min": 1, "dvar2": 0, "dvar": 0, "dmean": 0, "max": 1, "var": 0, "mean": 1}, "melbands_flatness_db": {"dmean2": 0.0488723218441, "median": 0.242015823722, "min": 2.5023146577e-07, "dvar2": 0.001840475481, "dvar": 0.00077960343333, "dmean": 0.0314054191113, "max": 0.52304238081, "var": 0.00450437841937, "mean": 0.247253715992}, "barkbands": {"dmean2": [0.00104790506884, 0.00410775328055, 0.00138937321026, 0.000678885437082, 0.000878824852407, 0.00140216515865, 0.00135261518881, 0.00104923010804, 0.00101438479032, 0.000850990763865, 0.000968033331446, 0.00143586262129, 0.000825074035674, 0.000618746737018, 0.00039683826617, 0.000371731381165, 0.00018183895736, 0.000126597064082, 0.000186752309673, 0.000175666442374, 8.77624188433e-05, 3.83340193366e-05, 3.57101203008e-06, 2.38510983763e-06, 2.09679478758e-06, 2.32184061133e-06, 4.63812757516e-05], "median": [0.000422419252573, 0.00147901615128, 0.000346622429788, 0.000245204893872, 0.000423181103542, 0.000311548064929, 0.000294677913189, 0.000118337913591, 0.000296316080494, 0.000253485341091, 0.00026237333077, 0.000296756741591, 0.000211815960938, 0.000166343219462, 0.000135462818434, 0.000125799982925, 4.69560400234e-05, 2.90105363092e-05, 4.2143783503e-05, 4.41272495664e-05, 1.71134470293e-05, 3.86484953196e-06, 7.4769695857e-07, 3.59052108934e-07, 2.35352672462e-07, 4.17474211645e-07, 2.90493462671e-05], "min": [1.25449653159e-25, 2.51394745478e-24, 1.09850310862e-24, 1.3232117152e-24, 6.70299607673e-24, 1.00966378257e-23, 8.51255542975e-24, 2.66635064851e-24, 9.12283321439e-24, 1.23943245853e-23, 1.37838675711e-23, 2.06874796535e-23, 3.76046743412e-23, 3.51328481144e-23, 4.25341493865e-23, 5.09652927931e-23, 4.56116156846e-23, 8.30410966405e-23, 1.05502541454e-22, 1.63658673741e-22, 2.18792225516e-22, 2.75075090831e-22, 4.03134352564e-22, 6.09695674708e-22, 8.91692925319e-22, 1.27938658153e-21, 2.01524380893e-21], "dvar2": [3.91063576899e-06, 7.1916525485e-05, 7.32315447749e-06, 1.48160779645e-06, 3.17402100336e-06, 1.91764320334e-05, 2.15252948692e-05, 2.57906922343e-05, 1.19795495266e-05, 8.44807436806e-06, 6.18900639893e-06, 1.66420213645e-05, 7.26413827579e-06, 3.33038542522e-06, 9.8166594853e-07, 7.51919174036e-07, 2.48137723702e-07, 2.02724166343e-07, 1.03894944914e-06, 1.05127480765e-06, 2.55980182828e-07, 4.02950064426e-08, 2.0640431031e-10, 2.6987048013e-11, 1.99579970606e-11, 2.43120176768e-11, 2.59606167674e-08], "dvar": [1.53885343934e-06, 3.21549123328e-05, 2.95549671137e-06, 6.78943706589e-07, 1.48813865053e-06, 8.66324080562e-06, 1.07937466964e-05, 1.15087341328e-05, 6.32209776086e-06, 3.96292716687e-06, 2.59896478383e-06, 6.59531724523e-06, 2.74956187241e-06, 1.31355977828e-06, 4.46764772732e-07, 3.31493112071e-07, 1.14031486476e-07, 1.0833002051e-07, 4.58172394247e-07, 4.63866427935e-07, 1.34062517532e-07, 2.49929268392e-08, 1.06396287614e-10, 1.08407605809e-11, 7.65859251017e-12, 1.00217256369e-11, 1.61095865536e-08], "dmean": [0.000630746479146, 0.00264757149853, 0.000834510836285, 0.00042904962902, 0.000560943386517, 0.000925105588976, 0.000916814722586, 0.000693391019013, 0.000688855478074, 0.000549839576706, 0.000599009683356, 0.00089850765653, 0.000515254505444, 0.000384911196306, 0.000259656255366, 0.000236865365878, 0.000121537057566, 8.73662502272e-05, 0.000122753510368, 0.000115875540359, 6.08054615441e-05, 2.64073678409e-05, 2.33492460211e-06, 1.43592069435e-06, 1.24440771287e-06, 1.41945417909e-06, 3.52958777512e-05], "max": [0.0264241136611, 0.104043520987, 0.0393108129501, 0.0228276271373, 0.0482046678662, 0.0785922855139, 0.150278255343, 0.124177113175, 0.184743568301, 0.0923436880112, 0.0561908073723, 0.0697539225221, 0.0676382556558, 0.0289356838912, 0.0211870465428, 0.0196052957326, 0.00860421918333, 0.0111128846183, 0.029491821304, 0.0317600145