{"tonal": {"thpcp": [1, 0.619926035404, 0.260995656252, 0.258285403252, 0.25020685792, 0.282739847898, 0.381845682859, 0.473379701376, 0.48812776804, 0.471590548754, 0.497885018587, 0.596098601818, 0.651255905628, 0.516851663589, 0.351500093937, 0.298271685839, 0.307071089745, 0.330173194408, 0.332839369774, 0.319437682629, 0.319231331348, 0.327968686819, 0.30443289876, 0.278605014086, 0.316695064306, 0.397379904985, 0.426505535841, 0.38310033083, 0.339168041945, 0.326431691647, 0.305389285088, 0.280849188566, 0.290926337242, 0.295106142759, 0.276305675507, 0.644189476967], "hpcp": {"dmean2": [0.403773665428, 0.344748347998, 0.277089118958, 0.234523609281, 0.229343727231, 0.232336401939, 0.233804285526, 0.230868414044, 0.221923902631, 0.230014413595, 0.224808514118, 0.214855909348, 0.238729521632, 0.271781951189, 0.269438296556, 0.249422550201, 0.233895808458, 0.2346072644, 0.225530773401, 0.206765845418, 0.209558695555, 0.219124078751, 0.201122045517, 0.346968024969, 0.536996603012, 0.327321022749, 0.180674999952, 0.184235617518, 0.186070680618, 0.21910905838, 0.297250747681, 0.344317704439, 0.342297375202, 0.351902186871, 0.363098084927, 0.391295164824], "median": [0.063327640295, 0.0458249114454, 0.0248231627047, 0.0170654505491, 0.0195926949382, 0.0246754214168, 0.0280712023377, 0.0278988182545, 0.0275498963892, 0.0277849026024, 0.0252936016768, 0.0224821045995, 0.0267107486725, 0.0351729951799, 0.0395016930997, 0.0369773879647, 0.0290115699172, 0.0202046856284, 0.0174177195877, 0.0179401282221, 0.0195235908031, 0.020781295374, 0.0232526957989, 0.0906347334385, 0.116208344698, 0.0984729081392, 0.0248386785388, 0.0221324898303, 0.0193340107799, 0.0194910094142, 0.0264232922345, 0.0344523712993, 0.0386183857918, 0.0381658188999, 0.0430728197098, 0.056479010731], "min": [0, 0, 0, 0, 0, 0, 0, 0, 0, 0, 0, 0, 0, 0, 0, 0, 0, 0, 0, 0, 0, 0, 0, 0, 0, 0, 0, 0, 0, 0, 0, 0, 0, 0, 0, 0], "dvar2": [0.211547881365, 0.186460450292, 0.166148409247, 0.14516274631, 0.136754602194, 0.130410701036, 0.125099688768, 0.128158077598, 0.119863413274, 0.126781612635, 0.122973054647, 0.112726695836, 0.119582884014, 0.138299673796, 0.134075984359, 0.126297846437, 0.123558476567, 0.132739424706, 0.130130022764, 0.116784282029, 0.113764457405, 0.124155811965, 0.101689338684, 0.123412542045, 0.29229208827, 0.107286900282, 0.0796899497509, 0.0901248380542, 0.0882127732038, 0.112829349935, 0.166438430548, 0.195245146751, 0.187291547656, 0.196009248495, 0.202133402228, 0.204492747784], "dvar": [0.081251822412, 0.0694018676877, 0.0596604123712, 0.0524146109819, 0.0501738414168, 0.0476046614349, 0.045468993485, 0.0463607348502, 0.0433054491878, 0.0450710207224, 0.0444057844579, 0.0409904792905, 0.0436285659671, 0.0518884323537, 0.0508470721543, 0.0470702238381, 0.0453098453581, 0.0503598339856, 0.0481732673943, 0.0430130548775, 0.0416650027037, 0.0447501502931, 0.0369827859104, 0.0477723330259, 0.119717314839, 0.0415423512459, 0.0292535349727, 0.0329382456839, 0.0325551666319, 0.0409114174545, 0.0602562092245, 0.0721964836121, 0.0707518979907, 0.072233133018, 0.0748190358281, 0.0774231031537], "dmean": [0.225950524211, 0.192207202315, 0.150316879153, 0.128427997231, 0.12601660192, 0.129087820649, 0.130208984017, 0.127851113677, 0.123376779258, 0.127666458488, 0.124703861773, 0.118467263877, 0.132554262877, 0.152411416173, 0.151823490858, 0.139870449901, 0.13120046258, 0.13040292263, 0.124836973846, 0.114239379764, 0.116334214807, 0.120793238282, 0.1118420735, 0.194016724825, 0.293847084045, 0.184228762984, 0.101496018469, 0.102515280247, 0.102996610105, 0.120157860219, 0.162418395281, 0.190121516585, 0.191108927131, 0.194551959634, 0.200719371438, 0.21804279089], "max": [1, 1, 1, 1, 1, 1, 1, 1, 1, 1, 1, 1, 1, 1, 1, 1, 1, 1, 1, 1, 1, 1, 1, 1, 1, 1, 1, 1, 1, 1, 1, 1, 1, 1, 1, 1], "var": [0.0924379825592, 0.068581238389, 0.0469521097839, 0.0417665280402, 0.0421910695732, 0.0421399250627, 0.039807908237, 0.0390375964344, 0.0395452193916, 0.0410025306046, 0.0372342467308, 0.0325455740094, 0.0363265685737, 0.0504654459655, 0.0543583221734, 0.0465931482613, 0.0402668640018, 0.0464318208396, 0.0421202778816, 0.0373673290014, 0.0375768281519, 0.037961691618, 0.0305067803711, 0.0594717673957, 0.154673501849, 0.0522001869977, 0.0257165655494, 0.0287769660354, 0.0272585488856, 0.0333918966353, 0.0507227890193, 0.06798645854, 0.0689289420843, 0.0654449686408, 0.0688905194402, 0.0808954760432], "mean": [0.216789349914, 0.17204901576, 0.117006957531, 0.0992883518338, 0.10221748054, 0.10990768671, 0.110795199871, 0.106334060431, 0.106265366077, 0.109173849225, 0.101339280605, 0.092741727829, 0.105421096087, 0.132279381156, 0.141974687576, 0.127526015043, 0.112901881337, 0.108662217855, 0.101657643914, 0.0934887677431, 0.0968432351947, 0.0982346087694, 0.0919763296843, 0.214437067509, 0.332878887653, 0.206360295415, 0.0868799388409, 0.085977755487, 0.0832885801792, 0.0941181257367, 0.127108365297, 0.157578110695, 0.162487432361, 0.156982541084, 0.165735408664, 0.19842864573]}, "tuning_equal_tempered_deviation": 0.162939831614, "chords_changes_rate": 0.0963843762875, "key_key": "A#", "tuning_diatonic_strength": 0.487868517637, "key_scale": "major", "chords_number_rate": 0.00145011604764, "tuning_frequency": 434.193115234, "tuning_nontempered_energy_ratio": 0.834830343723, "chords_histogram": [7.6276102066, 44.1318626404, 11.0692186356, 0.744392871857, 0.986078858376, 0.541376650333, 1.1890951395, 0.48337200284, 2.26218104362, 0.802397549152, 4.70804309845, 4.33101320267, 1.03441607952, 0.0580046400428, 0.106341838837, 0, 1.01508116722, 4.06032466888, 4.81438493729, 5.16241312027, 1.28576958179, 1.1890951395, 0.0966743975878, 2.30085062981], "key_strength": 0.483727157116, "chords_key": "D", "chords_strength": {"dmean2": 0.0189196541905, "median": 0.486718565226, "min": -1, "dvar2": 0.00130252761301, "dvar": 0.000679386197589, "dmean": 0.0143590690568, "max": 0.806581139565, "var": 0.0739444494247, "mean": 0.445894628763}, "chords_scale": "minor", "hpcp_entropy": {"dmean2": 1.24065124989, "median": 2.7069606781, "min": 0, "dvar2": 1.00610172749, "dvar": 0.376160293818, "dmean": 0.738971889019, "max": 4.7619767189, "var": 0.90211802721, "mean": 2.62587618828}}, "metadata": {"audio_properties": {"equal_loudness": 0, "codec": "mp3", "downmix": "mix", "sample_rate": 44100, "analysis_sample_rate": 44100, "bit_rate": 181688, "md5_encoded": "5a72537d9517b2b4805a4d104cbba8f4", "length": 480.288421631, "replay_gain": -3.31037712097, "lossless": false}, "version": {"essentia_build_sha": "ca57ba49d9b1854bd80e60cf9ccf267278fb7d6b", "essentia": "2.1-beta1", "extractor": "music 1.0", "essentia_git_sha": "v2.1_beta1-28-g21ef5f4-dirty"}, "tags": {"title": ["The Other Side"], "media": ["Digital Media"], "albumartist": ["Murs & Fashawn"], "musicbrainz_recordingid": ["0dbfa961-66f5-48a8-a7f6-e9a516ffd4e4"], "musicbrainz_albumartistid": ["29776960-786c-4086-8079-ef5b83a0054c", "e65fdcd8-e02d-486b-ba9f-61fca43c37ab"], "album": ["This Generation"], "musicbrainz album release country": ["US"], "musicbrainz album type": ["album"], "musicbrainz album status": ["official"], "asin": ["B009FRH8G8"], "artists": ["Murs", "Fashawn"], "date": ["2012-09-25"], "file_name": "12 - The Other Side.mp3", "musicbrainz_releasegroupid": ["46eb030a-d1f9-4498-ad96-64547ab15cdc"], "musicbrainz release track id": ["553f8ddc-3cac-3bab-b7fe-3a748c6aa802"], "script": ["Latn"], "originaldate": ["2012"], "musicbrainz_albumid": ["e60e05bb-b82c-42f8-92c9-69b4cad73009"], "artist": ["Murs & Fashawn"], "artistsort": ["Murs & Fashawn"], "tracknumber": ["12/12"], "label": ["Duck Down"], "albumartistsort": ["Murs & Fashawn"], "musicbrainz_artistid": ["29776960-786c-4086-8079-ef5b83a0054c", "e65fdcd8-e02d-486b-ba9f-61fca43c37ab"]}}, "rhythm": {"bpm_histogram_first_peak_bpm": {"dmean2": 0, "median": 115, "min": 115, "dvar2": 0, "dvar": 0, "dmean": 0, "max": 115, "var": 0, "mean": 115}, "bpm": 115.858184814, "bpm_histogram_second_peak_spread": {"dmean2": 0, "median": 0.455357134342, "min": 0.455357134342, "dvar2": 0, "dvar": 0, "dmean": 0, "max": 0.455357134342, "var": 0, "mean": 0.455357134342}, "bpm_histogram_first_peak_weight": {"dmean2": 0, "median": 0.265246868134, "min": 0.265246868134, "dvar2": 0, "dvar": 0, "dmean": 0, "max": 0.265246868134, "var": 0, "mean": 0.265246868134}, "onset_rate": 3.92250967026, "beats_position": [0.557278871536, 1.09133780003, 1.6137868166, 2.13623571396, 2.6470746994, 3.16952371597, 3.69197273254, 4.20281171799, 4.71365070343, 5.23609972, 5.74693870544, 6.26938772202, 6.78022670746, 7.30267572403, 7.8251247406, 8.34757328033, 8.85841274261, 9.36925125122, 9.8800907135, 10.4025392532, 10.9249887466, 11.4474372864, 11.9582767487, 12.4691152573, 12.9915647507, 13.5140132904, 14.0364627838, 14.5589113235, 15.0697498322, 15.5805892944, 16.1030387878, 16.6254863739, 17.1363258362, 17.6471652985, 18.1580047607, 18.6804523468, 19.2029018402, 19.7137413025, 20.2245807648, 20.7470283508, 21.2694778442, 21.7803173065, 22.3027667999, 22.825214386, 23.3360538483, 23.8585033417, 24.3809528351, 24.89179039, 25.4026298523, 25.9250793457, 26.4475269318, 26.958366394, 27.4692058563, 27.9916553497, 28.5141029358, 29.0365524292, 29.5473918915, 30.0582313538, 30.5806789398, 31.0915184021, 31.6023578644, 32.1248054504, 32.6472549438, 33.1580963135, 33.6805419922, 34.1913833618, 34.7022209167, 35.2246704102, 35.7471199036, 36.269569397, 36.7920188904, 37.3144645691, 37.8253059387, 38.3361434937, 38.8469848633, 39.369430542, 39.8918800354, 40.402721405, 40.91355896, 41.4360084534, 41.9584579468, 42.4809074402, 43.0033569336, 43.5141944885, 44.0250320435, 44.5474815369, 45.0699310303, 45.5807685852, 46.0916099548, 46.6024475098, 47.1248970032, 47.6473464966, 48.16979599, 48.6922454834, 49.2030830383, 49.7139205933, 50.2247619629, 50.7472114563, 51.2580490112, 51.7804985046, 52.302947998, 52.8253974915, 53.3362350464, 53.8586845398, 54.3811340332, 54.9035835266, 55.4144210815, 55.936870575, 56.4477081299, 56.9585494995, 57.4809951782, 57.9918365479, 58.5142860413, 59.0251235962, 59.5359611511, 60.0584106445, 60.5808601379, 61.0916976929, 61.6141471863, 62.1365966797, 62.6474380493, 63.1582756042, 63.6807250977, 64.2031707764, 64.714012146, 65.2364578247, 65.7589111328, 66.2697525024, 66.7805862427, 67.2914276123, 67.813873291, 68.3363265991, 68.8471679688, 69.3696136475, 69.8920593262, 70.4145126343, 70.9253463745, 71.4477996826, 71.9586410522, 72.481086731, 73.0035324097, 73.5143737793, 74.0252151489, 74.5476608276, 75.0701141357, 75.580947876, 76.0917892456, 76.6142425537, 77.1366882324, 77.6475296021, 78.1699752808, 78.6924285889, 79.2032623291, 79.7141036987, 80.2249450684, 80.7473907471, 81.2582321167, 81.7690658569, 82.291519165, 82.8139648438, 83.3364181519, 83.8588638306, 84.3813171387, 84.8921508789, 85.4029922485, 85.9254379272, 86.4478912354, 86.9587249756, 87.4695663452, 87.9804077148, 88.5028533936, 89.0253067017, 89.5477523804, 90.0702056885, 90.5926513672, 91.1150970459, 91.6259384155, 92.1483917236, 92.6708374023, 93.181678772, 93.6925125122, 94.2149658203, 94.737411499, 95.2482528687, 95.7590942383, 96.281539917, 96.8039855957, 97.3148269653, 97.825668335, 98.3481140137, 98.8705673218, 99.3930130005, 99.9154663086, 100.437911987, 100.960357666, 101.471199036, 101.970428467, 102.481269836, 103.003715515, 103.514556885, 104.025398254, 104.547843933, 105.070289612, 105.581130981, 106.10358429, 106.626029968, 107.136871338, 107.647705078, 108.170158386, 108.692604065, 109.226661682, 109.737503052, 110.248344421, 110.759178162, 111.28163147, 111.804077148, 112.314918518, 112.837364197, 113.359817505, 113.870658875, 114.381492615, 114.903945923, 115.426391602, 115.937232971, 116.448066711, 116.97052002, 117.481361389, 118.003807068, 118.514648438, 119.025482178, 119.547935486, 120.070381165, 120.581222534, 121.092063904, 121.614509583, 122.136962891, 122.647796631, 123.170249939, 123.681083679, 124.203536987, 124.714370728, 125.236824036, 125.759269714, 126.270111084, 126.780952454, 127.303398132, 127.82585144, 128.336685181, 128.859130859, 129.381591797, 129.904037476, 130.426483154, 130.937316895, 131.448165894, 131.958999634, 132.469833374, 132.992294312, 133.51473999, 134.02557373, 134.536407471, 135.058868408, 135.581314087, 136.092147827, 136.614593506, 137.137054443, 137.647888184, 138.170333862, 138.692779541, 139.20362854, 139.71446228, 140.236907959, 140.759368896, 141.270202637, 141.781036377, 142.303482056, 142.825942993, 143.336776733, 143.847610474, 144.370071411, 144.89251709, 145.40335083, 145.925796509, 146.436645508, 146.959091187, 147.469924927, 147.980773926, 148.503219604, 149.025665283, 149.536499023, 150.058959961, 150.58140564, 151.103851318, 151.626296997, 152.137145996, 152.647979736, 153.158813477, 153.669662476, 154.192108154, 154.714553833, 155.225387573, 155.736236572, 156.258682251, 156.78112793, 157.303573608, 157.826034546, 158.348480225, 158.859313965, 159.381759644, 159.892608643, 160.403442383, 160.925888062, 161.448348999, 161.959182739, 162.481628418, 162.992462158, 163.514923096, 164.025756836, 164.536590576, 165.059051514, 165.581497192, 166.092330933, 166.603164673, 167.12562561, 167.648071289, 168.158905029, 168.681350708, 169.192199707, 169.714645386, 170.237091064, 170.759536743, 171.270385742, 171.792831421, 172.3152771, 172.826126099, 173.336959839, 173.859405518, 174.381851196, 174.892700195, 175.403533936, 175.914367676, 176.436828613, 176.959274292, 177.481719971, 178.004165649, 178.515014648, 179.037460327, 179.548294067, 180.070739746, 180.593200684, 181.115646362, 181.638092041, 182.16053772, 182.694595337, 183.217056274, 183.739501953, 184.250335693, 184.761169434, 185.272018433, 185.782852173, 186.293685913, 186.804534912, 187.326980591, 187.837814331, 188.34866333, 188.85949707, 189.370330811, 189.892791748, 190.403625488, 190.914459229, 191.425308228, 191.936141968, 192.470199585, 192.992645264, 193.515090942, 194.025939941, 194.536773682, 195.047622681, 195.570068359, 196.092514038, 196.614959717, 197.137405396, 197.671463013, 198.182312012, 198.693145752, 199.215591431, 199.738052368, 200.248886108, 200.759719849, 201.270568848, 201.793014526, 202.315460205, 202.837905884, 203.348754883, 203.859588623, 204.370422363, 204.881271362, 205.392105103, 205.902938843, 206.413787842, 206.936233521, 207.470291138, 207.992736816, 208.515182495, 209.026031494, 209.548477173, 210.070922852, 210.581771851, 211.104217529, 211.61505127, 212.12588501, 212.648345947, 213.170791626, 213.681625366, 214.204071045, 214.714920044, 215.237365723, 215.759811401, 216.28225708, 216.804718018, 217.315551758, 217.826385498, 218.337234497, 218.859680176, 219.382125854, 219.892959595, 220.403808594, 220.926254272, 221.448699951, 221.95954895, 222.47038269, 222.981216431, 223.503662109, 224.026123047, 224.536956787, 225.047790527, 225.570251465, 226.092697144, 226.603530884, 227.125976562, 227.6484375, 228.15927124, 228.67010498, 229.192550659, 229.715011597, 230.225845337, 230.736679077, 231.259140015, 231.769973755, 232.292419434, 232.814865112, 233.33732605, 233.859771729, 234.382217407, 234.893051147, 235.403900146, 235.914733887, 236.437179565, 236.948028564, 237.470474243, 237.992919922, 238.515365601, 239.037811279, 239.548660278, 240.071105957, 240.581939697, 241.092788696, 241.615234375, 242.137680054, 242.648529053, 243.159362793, 243.670196533, 244.192642212, 244.715103149, 245.22593689, 245.748382568, 246.270828247, 246.781677246, 247.292510986, 247.803344727, 248.325805664, 248.848251343, 249.359085083, 249.869934082, 250.392379761, 250.914825439, 251.437271118, 251.959716797, 252.470565796, 252.981399536, 253.492233276, 254.003082275, 254.513916016, 255.024749756, 255.535598755, 256.058044434, 256.592102051, 257.137786865, 257.660217285, 258.194274902, 258.71673584, 259.22756958, 259.726806641, 260.237640381, 260.760070801, 261.282531738, 261.804992676, 262.327423096, 262.849884033, 263.360717773, 263.871551514, 264.394012451, 264.916442871, 265.438903809, 265.961364746, 266.495422363, 267.02947998, 267.575134277, 268.120819092, 268.678100586, 269.223754883, 269.769439697, 270.315093994, 270.849151611, 271.371612549, 271.894042969, 272.416503906, 272.950561523, 273.484619141, 274.018676758, 274.564361572, 275.051971436, 275.551208496, 276.038818359, 276.526428223, 277.002441406, 277.47845459, 277.942840576, 278.40725708, 278.871643066, 279.34765625, 279.823669434, 280.299682617, 280.78729248, 281.21685791, 281.64642334, 282.07598877, 282.528778076, 282.969970703, 283.42276001, 283.910369873, 284.398010254, 284.885620117, 285.384857178, 285.884063721, 286.383300781, 286.870910645, 287.358551025, 287.846160889, 288.333770752, 288.821411133, 289.309020996, 289.808258057, 290.29586792, 290.79510498, 291.282714844, 291.770324707, 292.257965088, 292.745574951, 293.233184814, 293.709197998, 294.185211182, 294.614776611, 295.032745361, 295.450683594, 295.868652344, 296.286621094, 296.704589844, 297.122528076, 297.517272949, 297.923614502, 298.329986572, 298.724700928, 299.142669678, 299.607055664, 300.059844971, 300.501037598, 300.930603027, 301.3253479, 301.720092773, 302.126434326, 302.532775879, 302.927520752, 303.322265625, 303.728607178, 304.13494873, 304.529693604, 304.924438477, 305.31918335, 305.725524902, 306.120269775, 306.526611328, 306.921356201, 307.327697754, 307.734039307, 308.12878418, 308.523529053, 308.918273926, 309.313018799, 309.719360352, 310.125701904, 310.520446777, 310.92678833, 311.321533203, 311.727874756, 312.122619629, 312.517364502, 312.935333252, 313.330047607, 313.72479248, 314.131164551, 314.537506104, 314.932250977, 315.326965332, 315.733337402, 316.139678955, 316.546020508, 316.940765381, 317.347106934, 317.753448486, 318.13659668, 318.531341553, 318.937683105, 319.344024658, 319.738769531, 320.133514404, 320.528259277, 320.93460083, 321.340942383, 321.735687256, 322.130432129, 322.525177002, 322.931518555, 323.326263428, 323.73260498, 324.138946533, 324.533691406, 324.928436279, 325.334777832, 325.729522705, 326.124267578, 326.518981934, 326.925354004, 327.320098877, 327.72644043, 328.121185303, 328.527526855, 328.933868408, 329.328613281, 329.723358154, 330.129699707, 330.52444458, 330.930786133, 331.325531006, 331.731872559, 332.138214111, 332.532958984, 332.927703857, 333.32244873, 333.717193604, 334.123535156, 334.529876709, 334.924621582, 335.330963135, 335.725708008, 336.132049561, 336.526794434, 336.921539307, 337.327880859, 337.734222412, 338.128967285, 338.523712158, 338.930053711, 339.336425781, 339.731140137, 340.137512207, 340.532226562, 340.938598633, 341.333312988, 341.739685059, 342.134429932, 342.540771484, 342.935516357, 343.330230713, 343.724975586, 344.119720459, 344.526062012, 344.932434082, 345.338775635, 345.733520508, 346.139862061, 346.546203613, 346.940948486, 347.347290039, 347.742034912, 348.136779785, 348.531524658, 348.926239014, 349.320983887, 349.727325439, 350.13369751, 350.528442383, 350.934783936, 351.341125488, 351.735870361, 352.130615234, 352.525360107, 352.93170166, 353.338043213, 353.732788086, 354.139129639, 354.545471191, 354.940216064, 355.334960938, 355.729705811, 356.124450684, 356.530792236, 356.937133789, 357.331878662, 357.726623535, 358.121368408, 358.516082764, 358.922454834, 359.328796387, 359.735137939, 360.141479492, 360.536224365, 360.930969238, 361.325714111, 361.720458984, 362.11517334, 362.52154541, 362.927886963, 363.322631836, 363.728973389, 364.135314941, 364.530059814, 364.924804688, 365.33114624, 365.737487793, 366.132232666, 366.526977539, 366.933319092, 367.339660645, 367.746032715, 368.140777588, 368.547119141, 368.941864014, 369.336578369, 369.731323242, 370.137695312, 370.532409668, 370.938781738, 371.333496094, 371.728240967, 372.13458252, 372.54095459, 372.935699463, 373.342041016, 373.748382568, 374.143127441, 374.537872314, 374.93258667, 375.33895874, 375.745300293, 376.140045166, 376.534790039, 376.929504395, 377.335876465, 377.73059082, 378.125335693, 378.520080566, 378.926422119, 379.321166992, 379.715911865, 380.122253418, 380.528594971, 380.923339844, 381.329711914, 381.736053467, 382.13079834, 382.525512695, 382.920257568, 383.326599121, 383.721343994, 384.127716064, 384.52243042, 384.917175293, 385.323516846, 385.729888916, 386.124633789, 386.519348145, 386.925720215, 387.332061768, 387.726806641, 388.133148193, 388.527893066, 388.934234619, 389.328979492, 389.723724365, 390.130065918, 390.536407471, 390.931152344, 391.325897217, 391.73223877, 392.138580322, 392.533325195, 392.928070068, 393.322814941, 393.717529297, 394.123901367, 394.53024292, 394.924987793, 395.319732666, 395.726074219, 396.132415771, 396.527160645, 396.921905518, 397.32824707, 397.734588623, 398.140930176, 398.535675049, 398.942047119, 399.336761475, 399.731506348, 400.126251221, 400.520996094, 400.927337646, 401.333679199, 401.728424072, 402.123168945, 402.529510498, 402.935852051, 403.330596924, 403.725341797, 404.12008667, 404.526428223, 404.932769775, 405.327514648, 405.722259521, 406.128601074, 406.534973145, 406.9296875, 407.324432373, 407.719177246, 408.125518799, 408.531860352, 408.926605225, 409.332977295, 409.739318848, 410.134063721, 410.528778076, 410.935150146, 411.341491699, 411.736236572, 412.130981445, 412.525695801, 412.920440674, 413.326782227, 413.7215271, 414.127868652, 414.522613525, 414.928985596, 415.335327148, 415.730072021, 416.124786377, 416.51953125, 416.925872803, 417.332244873, 417.726989746, 418.133331299, 418.539672852, 418.934417725, 419.329162598, 419.73550415, 420.130249023, 420.536590576, 420.931335449, 421.337677002, 421.732421875, 422.138763428, 422.533508301, 422.928253174, 423.334594727, 423.740936279, 424.135681152, 424.530426025, 424.925170898, 425.319915771, 425.714630127, 426.121002197, 426.52734375, 426.933685303, 427.328430176, 427.734771729, 428.129516602, 428.535858154, 428.930603027, 429.33694458, 429.731689453, 430.138031006, 430.544403076, 430.939117432, 431.333862305, 431.728607178, 432.123352051, 432.529693604, 432.924438477, 433.330780029, 433.725524902, 434.131866455, 434.538238525, 434.932952881, 435.327697754, 435.722442627, 436.12878418, 436.535125732, 436.929870605, 437.336242676, 437.742584229, 438.137329102, 438.532043457, 438.938415527, 439.333129883, 439.739501953, 440.134246826, 440.528961182, 440.935333252, 441.341674805, 441.736419678, 442.131134033, 442.537506104, 442.943847656, 443.338592529, 443.733337402, 444.139678955, 444.546020508, 444.940765381, 445.358734131, 445.753448486, 446.148193359, 446.542938232, 446.937683105, 447.332427979, 447.738769531, 448.133514404, 448.539855957, 448.93460083, 449.329345703, 449.724060059, 450.130432129, 450.536773682, 450.931518555, 451.326263428, 451.720977783, 452.127349854, 452.533691406, 452.928436279, 453.323181152, 453.729522705, 454.135864258, 454.530609131, 454.925354004, 455.320068359, 455.72644043, 456.132781982, 456.527526855, 456.922271729, 457.328613281, 457.734954834, 458.129699707, 458.52444458, 458.919189453, 459.325531006, 459.720275879, 460.126617432, 460.521362305, 460.91607666, 461.32244873, 461.728790283, 462.123535156, 462.518280029, 462.912994385, 463.319366455, 463.714080811, 464.120452881, 464.526794434, 464.933135986, 465.327880859, 465.722625732, 466.128967285, 466.535308838, 466.930053711, 467.324798584, 467.719543457, 468.11428833, 468.520629883, 468.926971436, 469.321716309, 469.728057861, 470.122802734, 470.529144287, 470.92388916, 471.318634033, 471.713378906, 472.119720459, 472.514465332, 472.920806885, 473.327148438, 473.733520508, 474.128234863, 474.522979736, 474.917724609, 475.324066162, 475.718811035, 476.125152588, 476.519897461, 476.926239014, 477.320983887, 477.727325439, 478.13369751, 478.540039062, 478.946380615, 479.352722168, 479.759094238], "beats_loudness": {"dmean2": 0.0916675776243, "median": 0.0501970872283, "min": 7.46070538682e-10, "dvar2": 0.00660708313808, "dvar": 0.00205666664988, "dmean": 0.0507618933916, "max": 0.254125326872, "var": 0.0021716915071, "mean": 0.0588341765106}, "danceability": 1.40565466881, "bpm_histogram_second_peak_weight": {"dmean2": 0, "median": 0.236205220222, "min": 0.236205220222, "dvar2": 0, "dvar": 0, "dmean": 0, "max": 0.236205220222, "var": 0, "mean": 0.236205220222}, "beats_count": 1034, "bpm_histogram_second_peak_bpm": {"dmean2": 0, "median": 152, "min": 152, "dvar2": 0, "dvar": 0, "dmean": 0, "max": 152, "var": 0, "mean": 152}, "bpm_histogram_first_peak_spread": {"dmean2": 0, "median": 0.472061634064, "min": 0.472061634064, "dvar2": 0, "dvar": 0, "dmean": 0, "max": 0.472061634064, "var": 0, "mean": 0.472061634064}, "beats_loudness_band_ratio": {"dmean2": [0.580946266651, 0.200175777078, 0.101203806698, 0.0634822547436, 0.147958576679, 0.316461086273], "median": [0.655573248863, 0.0410663187504, 0.0209917649627, 0.0109488926828, 0.0150989759713, 0.115409933031], "min": [0.000242496826104, 0.000113451329526, 2.06065597013e-05, 6.21659546596e-06, 3.08023368234e-06, 0.00158735190053], "dvar2": [0.208463668823, 0.0647701695561, 0.0289868805557, 0.00941774342209, 0.0377118885517, 0.108715251088], "dvar": [0.0673038288951, 0.022683288902, 0.00986688304693, 0.00327320233919, 0.0130302114412, 0.0347939096391], "dmean": [0.319174289703, 0.110809475183, 0.0547784939408, 0.0346266552806, 0.0780466794968, 0.173833891749], "max": [0.99340313673, 0.912789523602, 0.85422039032, 0.759417295456, 0.51065403223, 0.944328427315], "var": [0.0967514738441, 0.0215858630836, 0.00652768649161, 0.00236219493672, 0.0093389339745, 0.0528229624033], "mean": [0.586017429829, 0.100907042623, 0.0456931963563, 0.0269796121866, 0.0538650713861, 0.20314411819]}}, "lowlevel": {"barkbands_spread": {"dmean2": 13.3330516815, "median": 12.6981544495, "min": 0.114707551897, "dvar2": 272.188903809, "dvar": 134.094406128, "dmean": 8.72021198273, "max": 138.491470337, "var": 512.733825684, "mean": 21.5421409607}, "melbands_spread": {"dmean2": 14.479678154, "median": 8.42956352234, "min": 0.0824685767293, "dvar2": 515.834106445, "dvar": 252.030990601, "dmean": 9.5452671051, "max": 269.872497559, "var": 1175.82165527, "mean": 22.7051448822}, "hfc": {"dmean2": 42.9648895264, "median": 38.2822494507, "min": 1.26478933214e-16, "dvar2": 7717.18652344, "dvar": 3484.61328125, "dmean": 30.1499729156, "max": 1580.0592041, "var": 8142.16015625, "mean": 65.1869888306}, "barkbands_kurtosis": {"dmean2": 36.8835105896, "median": 11.1517715454, "min": -1.92256963253, "dvar2": 8200.6171875, "dvar": 2873.01513672, "dmean": 22.4299678802, "max": 1743.82263184, "var": 3360.38525391, "mean": 30.8800125122}, "gfcc": {"mean": [-86.5029602051, 76.5513534546, -73.9052352905, 28.2668685913, -16.9465827942, -18.8597640991, 1.38008761406, -12.3146858215, -3.11399817467, -6.84207296371, -5.4340467453, 0.836601376534, -9.02848052979], "icov": [[7.13817571523e-05, -0.000219966794248, 0.000275775702903, -0.000391962239519, 0.000251207995461, -7.67316596466e-05, 1.9369967049e-05, 5.93789882259e-05, -8.71608935995e-05, 0.000167341626366, -0.000204351221328, 0.000168669721461, -7.58633541409e-05], [-0.000219966794248, 0.00148983090185, -0.00140678230673, 0.00177575123962, -0.001142196008, 0.000879091734532, -0.000292118667858, 8.60839281813e-05, 0.000185731303645, 0.000169077466126, 6.25948741799e-05, 0.000381925725378, -0.000921546772588], [0.000275775702903, -0.00140678230673, 0.00390790263191, -0.00424182787538, 0.00371454004198, -0.00331654236652, 0.00154612283222, 0.000194404827198, -0.00244895112701, 0.00364253018051, -0.0049709174782, 0.00508851930499, -0.002300133463], [-0.000391962239519, 0.00177575123962, -0.00424182787538, 0.0101014059037, -0.00842329859734, 0.00526600610465, -0.00268684397452, -0.00214119441807, 0.00539664039388, -0.00848308298737, 0.0100932307541, -0.00984245911241, 0.0071572419256], [0.000251207995461, -0.001142196008, 0.00371454004198, -0.00842329859734, 0.0128935175017, -0.00763119896874, 0.000247554009547, 0.00432791188359, -0.00835436396301, 0.0116013307124, -0.0130994124338, 0.0138623518869, -0.00882694404572], [-7.67316596466e-05, 0.000879091734532, -0.00331654236652, 0.00526600610465, -0.00763119896874, 0.00934171956033, -0.000976786133833, -0.00471478002146, 0.00755572970957, -0.00875801313668, 0.0105424709618, -0.00969367660582, 0.00456956401467], [1.9369967049e-05, -0.000292118667858, 0.00154612283222, -0.00268684397452, 0.000247554009547, -0.000976786133833, 0.00708575453609, 0.000330547249177, -0.00331558845937, 0.00385837676004, -0.00348089216277, 0.00171755091287, -0.000974625872914], [5.93789882259e-05, 8.60839281813e-05, 0.000194404827198, -0.00214119441807, 0.00432791188359, -0.00471478002146, 0.000330547249177, 0.0105043053627, -0.0057892142795, 0.000819386448711, -0.00380340218544, 0.00660727964714, -0.00579935405403], [-8.71608935995e-05, 0.000185731303645, -0.00244895112701, 0.00539664039388, -0.00835436396301, 0.00755572970957, -0.00331558845937, -0.0057892142795, 0.0176499467343, -0.0136783784255, 0.0119421528652, -0.0123673090711, 0.00996503885835], [0.000167341626366, 0.000169077466126, 0.00364253018051, -0.00848308298737, 0.0116013307124, -0.00875801313668, 0.00385837676004, 0.000819386448711, -0.0136783784255, 0.0311340931803, -0.0259557645768, 0.0160018876195, -0.00939287338406], [-0.000204351221328, 6.25948741799e-05, -0.0049709174782, 0.0100932307541, -0.0130994124338, 0.0105424709618, -0.00348089216277, -0.00380340218544, 0.0119421528652, -0.0259557645768, 0.039908118546, -0.0242866706103, 0.00815894175321], [0.000168669721461, 0.000381925725378, 0.00508851930499, -0.00984245911241, 0.0138623518869, -0.00969367660582, 0.00171755091287, 0.00660727964714, -0.0123673090711, 0.0160018876195, -0.0242866706103, 0.0322582386434, -0.0152387935668], [-7.58633541409e-05, -0.000921546772588, -0.002300133463, 0.0071572419256, -0.00882694404572, 0.00456956401467, -0.000974625872914, -0.00579935405403, 0.00996503885835, -0.00939287338406, 0.00815894175321, -0.0152387935668, 0.0255311019719]], "cov": [[38915.4101562, 4693.89160156, -2103.07324219, 758.697265625, 546.902404785, -1927.21777344, 949.610046387, -1112.96179199, 66.8391647339, -605.45703125, -38.7537345886, -73.5758972168, -80.0048522949], [4693.89160156, 2384.74731445, 413.787780762, -223.909240723, 154.326812744, -150.268295288, -6.08588647842, -75.899810791, -76.8117752075, -140.084365845, 13.10546875, -167.199127197, 137.31022644], [-2103.07324219, 413.787780762, 1006.22357178, 32.2250709534, -0.864572763443, 332.833984375, -167.833953857, 214.356491089, -42.2811203003, 62.0439453125, 9.57496738434, -91.4550476074, 54.4010314941], [758.697265625, -223.909240723, 32.2250709534, 428.793029785, 186.93762207, -32.7950820923, 139.756896973, -31.3915042877, 51.6147994995, -2.76375412941, -19.1794471741, 9.94334506989, -63.5235366821], [546.902404785, 154.326812744, -0.864572763443, 186.93762207, 365.16583252, 53.3556938171, 123.532646179, -45.3817481995, 24.2096290588, -56.3590507507, -9.90144348145, -52.3242874146, 7.56979942322], [-1927.21777344, -150.268295288, 332.833984375, -32.7950820923, 53.3556938171, 444.363311768, -89.6662445068, 170.46055603, -54.6013298035, 60.708152771, -8.71327400208, -6.69226408005, 44.6760597229], [949.610046387, -6.08588647842, -167.833953857, 139.756896973, 123.532646179, -89.6662445068, 254.911239624, -59.2527389526, 58.1655349731, -36.2077026367, 0.57724148035, 11.0325317383, -26.2902336121], [-1112.96179199, -75.899810791, 214.356491089, -31.3915042877, -45.3817481995, 170.46055603, -59.2527389526, 229.876449585, 30.6229820251, 81.3022613525, 16.2968425751, -11.1089439392, 31.9402866364], [66.8391647339, -76.8117752075, -42.2811203003, 51.6147994995, 24.2096290588, -54.6013298035, 58.1655349731, 30.6229820251, 145.322891235, 45.8654212952, 15.9013700485, 18.8879699707, -27.1884422302], [-605.45703125, -140.084365845, 62.0439453125, -2.76375412941, -56.3590507507, 60.708152771, -36.2077026367, 81.3022613525, 45.8654212952, 127.381858826, 57.7837982178, 25.473903656, 11.9444694519], [-38.7537345886, 13.10546875, 9.57496738434, -19.1794471741, -9.90144348145, -8.71327400208, 0.57724148035, 16.2968425751, 15.9013700485, 57.7837982178, 86.6683197021, 44.0902671814, 22.1291637421], [-73.5758972168, -167.199127197, -91.4550476074, 9.94334506989, -52.3242874146, -6.69226408005, 11.0325317383, -11.1089439392, 18.8879699707, 25.473903656, 44.0902671814, 108.543815613, 16.4214019775], [-80.0048522949, 137.31022644, 54.4010314941, -63.5235366821, 7.56979942322, 44.6760597229, -26.2902336121, 31.9402866364, -27.1884422302, 11.9444694519, 22.1291637421, 16.4214019775, 85.2038345337]]}, "spectral_energyband_middle_low": {"dmean2": 0.00769527209923, "median": 0.00351305562072, "min": 2.96329957113e-22, "dvar2": 0.000166603713296, "dvar": 7.57063316996e-05, "dmean": 0.00512784812599, "max": 0.176601424813, "var": 0.000142501070513, "mean": 0.0080420859158}, "melbands_crest": {"dmean2": 7.9219250679, "median": 18.7466011047, "min": 1.98894405365, "dvar2": 42.9247055054, "dvar": 17.690410614, "dmean": 4.88987398148, "max": 39.1671943665, "var": 61.2281684875, "mean": 19.4072971344}, "spectral_kurtosis": {"dmean2": 4.89760351181, "median": 9.51831531525, "min": -1.20975553989, "dvar2": 81.9988250732, "dvar": 30.2732410431, "dmean": 3.10616374016, "max": 280.14074707, "var": 42.836730957, "mean": 10.626701355}, "spectral_rms": {"dmean2": 0.00205017463304, "median": 0.00503935664892, "min": 3.32300571608e-12, "dvar2": 4.71200837637e-06, "dvar": 2.37836047745e-06, "dmean": 0.00137889932375, "max": 0.0187509693205, "var": 9.32612874749e-06, "mean": 0.00515705626458}, "zerocrossingrate": {"dmean2": 0.0549795627594, "median": 0.1650390625, "min": 0.00244140625, "dvar2": 0.00277448398992, "dvar": 0.00228539481759, "dmean": 0.0476016514003, "max": 0.90673828125, "var": 0.0233864430338, "mean": 0.20942863822}, "silence_rate_60dB": {"dmean2": 0.068845488131, "median": 0, "min": 0, "dvar2": 0.075622998178, "dvar": 0.0332325585186, "dmean": 0.0344210788608, "max": 1, "var": 0.117447264493, "mean": 0.135937348008}, "erbbands_kurtosis": {"dmean2": 5.20409011841, "median": 0.171575665474, "min": -1.87075507641, "dvar2": 269.413543701, "dvar": 97.1873168945, "dmean": 3.19359469414, "max": 259.844207764, "var": 105.132720947, "mean": 2.72761631012}, "erbbands": {"dmean2": [0.615428924561, 2.57844209671, 4.81390142441, 6.05705881119, 9.78019237518, 15.041343689, 18.0661087036, 17.074634552, 14.3510303497, 15.5899906158, 15.2925014496, 12.0043582916, 11.1468048096, 12.7433176041, 8.75351142883, 7.83296108246, 8.01263999939, 7.68516731262, 9.26245594025, 14.2471446991, 12.5379772186, 13.4511022568, 15.9173164368, 15.4317350388, 26.4565639496, 13.5356311798, 9.36246109009, 7.07946681976, 5.03903722763, 3.13925743103, 1.13725733757, 0.368469774723, 0.145431473851, 0.0457804352045, 0.0272829215974, 0.0229472052306, 0.0344044789672, 0.050489064306, 0.0235954485834, 0.00366679416038], "median": [0.129443079233, 0.532524585724, 1.12996041775, 1.66841697693, 2.09641027451, 2.19952559471, 2.24581551552, 2.24211859703, 2.00725126266, 1.89092278481, 1.72765827179, 1.63404214382, 1.71663951874, 1.71324133873, 1.51634168625, 1.78222298622, 1.70183718204, 1.53835177422, 1.95621275902, 2.43448972702, 2.28092670441, 2.9794960022, 3.69548177719, 3.24648404121, 2.80109071732, 2.30785512924, 1.64975702763, 1.18553328514, 0.658371806145, 0.383194893599, 0.195294246078, 0.0772649198771, 0.0285347215831, 0.0093948636204, 0.00499428482726, 0.00563015416265, 0.00830811541528, 0.00928116589785, 0.00725278072059, 0.00315418001264], "min": [3.02763270519e-21, 8.74829931686e-21, 3.32650198662e-20, 8.03941167114e-20, 1.30868916796e-19, 3.45324201846e-19, 2.78677277616e-19, 1.51416677748e-19, 1.92635889003e-19, 5.03079616327e-19, 1.69227184316e-18, 1.61803827684e-18, 2.2435334377e-18, 1.99683695297e-18, 1.91354151964e-18, 4.22116677236e-18, 5.08617394073e-18, 6.89078962897e-18, 4.69670835702e-18, 1.06935841639e-17, 8.55372499472e-18, 1.13668810584e-17, 1.2470644398e-17, 1.35761836944e-17, 1.53197273973e-17, 1.42048616395e-17, 1.87592800419e-17, 1.60532149162e-17, 2.52515295022e-17, 2.01313906984e-17, 2.14303256491e-17, 2.43979370127e-17, 1.19192871607e-17, 9.82791649184e-18, 9.39535479821e-18, 6.88137548642e-18, 3.19317710596e-18, 1.41448132901e-18, 3.02975733959e-19, 3.90527153705e-20], "dvar2": [1.57960045338, 27.831829071, 67.6530990601, 125.549819946, 434.005218506, 1826.94238281, 2489.33496094, 2395.29272461, 1681.81005859, 2614.90112305, 2345.51464844, 1434.87060547, 786.318359375, 1334.86047363, 742.727111816, 443.787322998, 528.90625, 587.214477539, 873.771606445, 5080.50292969, 2419.50463867, 2277.84545898, 2524.74291992, 1807.82995605, 6280.73339844, 1473.30358887, 678.882080078, 418.600616455, 215.653457642, 82.1109466553, 12.5164699554, 1.32082521915, 0.135621741414, 0.00602560257539, 0.00223571504466, 0.00230953656137, 0.00976938568056, 0.0180655810982, 0.00319122103974, 4.21295590058e-05], "dvar": [0.630338549614, 10.6821250916, 25.9512271881, 48.3383102417, 189.065994263, 792.736694336, 1041.79699707, 1061.11108398, 738.489013672, 1097.17236328, 990.807128906, 627.426269531, 332.081939697, 526.119140625, 314.336853027, 182.593994141, 215.54776001, 242.385543823, 357.891235352, 2117.76098633, 1120.28259277, 1007.40374756, 1095.66247559, 840.214538574, 3354.74389648, 713.106323242, 333.321166992, 193.420211792, 99.0822906494, 37.3877487183, 5.55372619629, 0.607642591, 0.0630663335323, 0.002549914876, 0.000936529831961, 0.00100058922544, 0.00460233027115, 0.00877314899117, 0.00180833507329, 2.423292608e-05], "dmean": [0.383318126202, 1.55206775665, 2.88715624809, 3.65906834602, 6.14774799347, 9.57328414917, 11.4944572449, 11.0579872131, 9.34352684021, 9.89327430725, 9.79611873627, 7.77325487137, 6.98036718369, 7.86647462845, 5.50102186203, 5.03052139282, 5.05705165863, 4.79639959335, 5.8479347229, 9.14256000519, 8.31602573395, 8.8616771698, 10.4229707718, 10.6197862625, 18.6072597504, 9.44748878479, 6.50018119812, 4.82401371002, 3.35843539238, 2.12036895752, 0.767582714558, 0.248286992311, 0.0945712402463, 0.0279617644846, 0.0165307316929, 0.01457087975, 0.0237541291863, 0.0353034697473, 0.0177562236786, 0.00275888782926], "max": [10.9634647369, 46.9635009766, 74.1820678711, 149.139648438, 318.428710938, 981.479431152, 757.311096191, 1023.95666504, 636.099975586, 896.7578125, 962.963195801, 1258.52941895, 600.323608398, 735.382751465, 631.985107422, 604.164123535, 675.520629883, 309.496337891, 337.628448486, 1305.83752441, 628.120727539, 603.619628906, 480.535308838, 657.225769043, 1077.07897949, 499.653747559, 256.490386963, 307.86920166, 183.4896698, 120.697090149, 67.8109512329, 20.833190918, 9.83548164368, 0.843250334263, 0.494694471359, 1.53383409977, 1.81471288204, 1.89339923859, 1.25740504265, 0.113578259945], "var": [0.893457710743, 11.7753572464, 33.0434532166, 59.0069656372, 277.964508057, 952.993347168, 1249.03393555, 1446.86450195, 1088.10546875, 1394.30444336, 1165.1673584, 825.44342041, 484.206481934, 603.823913574, 419.044708252, 249.204116821, 252.600097656, 245.750045776, 366.779541016, 1950.71276855, 1303.87353516, 1137.48510742, 1227.30200195, 1295.50634766, 8531.45507812, 1101.51403809, 512.050231934, 270.796325684, 143.590820312, 51.7414360046, 7.57853460312, 0.934708178043, 0.128538280725, 0.0030450085178, 0.00103321217466, 0.00250111380592, 0.0102382423356, 0.0153007330373, 0.0044173928909, 8.56939514051e-05], "mean": [0.529543459415, 1.86199986935, 3.40899801254, 4.45212984085, 7.41549634933, 10.6211481094, 13.0936746597, 13.0833530426, 11.5150346756, 11.4274053574, 11.1414070129, 9.2504825592, 8.60461616516, 9.17873001099, 7.06690740585, 6.77517318726, 6.48691272736, 5.9673037529, 7.27303791046, 10.5172767639, 10.0410881042, 11.3412418365, 13.7008104324, 15.7073907852, 30.7883014679, 13.0778503418, 8.95676612854, 6.53781938553, 4.33136415482, 2.65692162514, 1.0191167593, 0.332098096609, 0.120429970324, 0.028864601627, 0.016175230965, 0.0188122428954, 0.0363746024668, 0.0519374