{"tonal": {"thpcp": [1, 0.61906260252, 0.299549609423, 0.238373056054, 0.322453081608, 0.57810986042, 0.588035345078, 0.308545768261, 0.170960918069, 0.170340955257, 0.217959016562, 0.391797453165, 0.624378740788, 0.886194050312, 0.90372556448, 0.573138058186, 0.283578395844, 0.179028123617, 0.191510036588, 0.262372583151, 0.517442107201, 0.655988454819, 0.433280706406, 0.248869940639, 0.198974296451, 0.201840430498, 0.334611177444, 0.410071998835, 0.386709302664, 0.574673593044, 0.68196439743, 0.475508213043, 0.338058680296, 0.310402482748, 0.401084065437, 0.809959411621], "hpcp": {"dmean2": [0.20315477252, 0.140211641788, 0.102550193667, 0.0974607244134, 0.107622474432, 0.152776509523, 0.232728555799, 0.277527183294, 0.287313491106, 0.223653033376, 0.148163422942, 0.106204017997, 0.119062893093, 0.153445839882, 0.198048532009, 0.221272692084, 0.194472834468, 0.143654108047, 0.112653486431, 0.113850876689, 0.149432986975, 0.164392545819, 0.18607570231, 0.229666471481, 0.249044552445, 0.217622101307, 0.165859386325, 0.168077602983, 0.221120163798, 0.308425366879, 0.276614904404, 0.238340288401, 0.174278080463, 0.143263682723, 0.165565177798, 0.209109172225], "median": [0.0596953928471, 0.0321846157312, 0.0112582724541, 0.0102940229699, 0.0165307708085, 0.0335453562438, 0.0728859305382, 0.0957172065973, 0.0904708504677, 0.0603630580008, 0.0223551504314, 0.0115598868579, 0.0109619162977, 0.0167976208031, 0.03727517277, 0.0497354529798, 0.0381255485117, 0.0183432735503, 0.0125455316156, 0.0130531322211, 0.0239356271923, 0.0322739630938, 0.0360808447003, 0.0438461452723, 0.0456274822354, 0.0375063642859, 0.0240983739495, 0.0218198522925, 0.0352508127689, 0.0944391936064, 0.112247422338, 0.061931014061, 0.0243490375578, 0.0161212999374, 0.0262683331966, 0.0528229773045], "min": [0, 0, 0, 0, 0, 0, 0, 0, 0, 0, 0, 0, 0, 0, 0, 0, 0, 0, 0, 0, 0, 0, 0, 0, 0, 0, 0, 0, 0, 0, 0, 0, 0, 0, 0, 0], "dvar2": [0.0816393569112, 0.0543972738087, 0.0528713129461, 0.0481552407146, 0.0495232157409, 0.0618820488453, 0.0962013602257, 0.110258542001, 0.123146831989, 0.0943434461951, 0.0667176097631, 0.0448010228574, 0.0645128563046, 0.0821598693728, 0.0861718058586, 0.102825820446, 0.0843994170427, 0.0711793601513, 0.0493894293904, 0.0490839295089, 0.0702954232693, 0.0689657330513, 0.0826350450516, 0.113347440958, 0.120313063264, 0.106026932597, 0.0711340159178, 0.078833244741, 0.103093795478, 0.137836754322, 0.11248344183, 0.103325463831, 0.0890982151031, 0.0746467411518, 0.0730838179588, 0.087155841291], "dvar": [0.0352860577404, 0.0210725776851, 0.019216151908, 0.0178556945175, 0.0180614013225, 0.0247047506273, 0.0407311171293, 0.0516060888767, 0.0557451806962, 0.0362152978778, 0.0244478322566, 0.0163238104433, 0.0233248118311, 0.0300545580685, 0.0349400229752, 0.0441385172307, 0.0324805006385, 0.0258682128042, 0.0187125597149, 0.0183096602559, 0.0269801579416, 0.0301092229784, 0.0306329522282, 0.0445376038551, 0.052660625428, 0.0415102280676, 0.0267426520586, 0.0291789844632, 0.0390443354845, 0.060350254178, 0.0516193434596, 0.0430709570646, 0.0327963456511, 0.0272587202489, 0.0276859458536, 0.0372501015663], "dmean": [0.122825860977, 0.0820357948542, 0.0581148937345, 0.0552979670465, 0.0615906566381, 0.0916399732232, 0.141679361463, 0.167142599821, 0.173276141286, 0.132691189647, 0.0845901966095, 0.0598136857152, 0.066843368113, 0.0866945162416, 0.117336675525, 0.132959842682, 0.113871350884, 0.0813686698675, 0.0631708726287, 0.0641598105431, 0.0876219347119, 0.0989820882678, 0.108593285084, 0.134862139821, 0.148929834366, 0.12763106823, 0.0953596010804, 0.0947971642017, 0.128344103694, 0.182432740927, 0.168867126107, 0.14385984838, 0.0987918078899, 0.0801212340593, 0.0956223681569, 0.125800207257], "max": [1, 1, 1, 1, 1, 1, 1, 1, 1, 1, 1, 1, 1, 1, 1, 1, 1, 1, 1, 1, 1, 1, 1, 1, 1, 1, 1, 1, 1, 1, 1, 1, 1, 1, 1, 1], "var": [0.0693604722619, 0.0248386543244, 0.0159306582063, 0.0175125822425, 0.0213911067694, 0.0392985343933, 0.0678053498268, 0.107375368476, 0.1154826805, 0.0604514144361, 0.0256132036448, 0.01564710401, 0.0199688971043, 0.0264629125595, 0.0591996125877, 0.0872992277145, 0.0424788482487, 0.0233033001423, 0.0206304378808, 0.0180821996182, 0.0355540886521, 0.0507549569011, 0.0363457016647, 0.0722926110029, 0.0960106775165, 0.0540648438036, 0.0329673103988, 0.0320982262492, 0.0386972017586, 0.0962088406086, 0.127357065678, 0.0687332451344, 0.029645094648, 0.0247286166996, 0.0301197040826, 0.0674401521683], "mean": [0.177087500691, 0.0929189026356, 0.0514850728214, 0.0512983687222, 0.0656386017799, 0.117990240455, 0.188032358885, 0.266878336668, 0.272157967091, 0.172601163387, 0.0853999555111, 0.0539145208895, 0.0576734654605, 0.0790138021111, 0.155828267336, 0.19755166769, 0.130482971668, 0.0749474614859, 0.059921335429, 0.0607844740152, 0.100768528879, 0.123493641615, 0.116457946599, 0.173063606024, 0.205374345183, 0.143199831247, 0.101806752384, 0.0934780612588, 0.12078692019, 0.243920192122, 0.301151126623, 0.186431393027, 0.0902097001672, 0.071786314249, 0.0971071124077, 0.174098432064]}, "tuning_equal_tempered_deviation": 0.121968448162, "chords_changes_rate": 0.0833764895797, "key_key": "C", "tuning_diatonic_strength": 0.780867576599, "key_scale": "major", "chords_number_rate": 0.00388399790972, "tuning_frequency": 441.527557373, "tuning_nontempered_energy_ratio": 0.798554897308, "chords_histogram": [12.2216472626, 12.3770065308, 34.6452598572, 1.89021229744, 0.310719847679, 0.336613148451, 1.11341273785, 0.621439695358, 8.75194168091, 3.65095806122, 6.75815629959, 0.284826517105, 1.19109272957, 0.699119627476, 0.0258933193982, 0.310719847679, 0.233039870858, 1.08751940727, 0.673226296902, 1.7348524332, 1.00983941555, 5.82599687576, 2.04557228088, 2.20093226433], "key_strength": 0.818346858025, "chords_key": "G", "chords_strength": {"dmean2": 0.013552534394, "median": 0.525350689888, "min": -1, "dvar2": 0.0010947213741, "dvar": 0.000621002691332, "dmean": 0.0141500988975, "max": 0.755941033363, "var": 0.0343876816332, "mean": 0.510488510132}, "chords_scale": "major", "hpcp_entropy": {"dmean2": 1.08863842487, "median": 1.90408849716, "min": 0, "dvar2": 0.785952568054, "dvar": 0.290647357702, "dmean": 0.642872333527, "max": 4.15627145767, "var": 0.606640398502, "mean": 1.86372506618}}, "metadata": {"audio_properties": {"equal_loudness": 0, "codec": "mp3", "downmix": "mix", "sample_rate": 44100, "analysis_sample_rate": 44100, "bit_rate": 192028, "md5_encoded": "07a71dfe2dde41c4148ee01fcc27b3b4", "length": 179.304489136, "replay_gain": -12.2116985321, "lossless": false}, "version": {"essentia_build_sha": "70f2e5ece6736b2c40cc944ad0e695b16b925413", "essentia": "2.1-beta2", "extractor": "music 1.0", "essentia_git_sha": "v2.1_beta2"}, "tags": {"title": ["La Campeona"], "barcode": ["605633115024"], "media": ["CD"], "albumartist": ["Celia Cruz"], "musicbrainz_recordingid": ["0dc1c77b-dccd-4afe-b8c4-2ce4317949d6"], "musicbrainz_albumartistid": ["7b8e1188-9ca4-4aa5-8393-172de6fa04de"], "discnumber": ["1/1"], "album": ["The Rough Guide to Celia Cruz"], "catalognumber": ["RGNET1150CD"], "musicbrainz album release country": ["GB"], "musicbrainz album type": ["compilation"], "musicbrainz album status": ["official"], "file_name": "05 La Campeona.mp3", "originaldate": ["2005"], "date": ["2005"], "genre": ["World"], "script": ["Latn"], "asin": ["B0007YNRP4"], "musicbrainz_albumid": ["0720cdde-ef77-48e0-935a-9f5ac141c218"], "artist": ["Celia Cruz"], "artistsort": ["Cruz, Celia"], "tracknumber": ["5/19"], "label": ["World Music Network"], "albumartistsort": ["Cruz, Celia"], "acoustid_id": ["b17be51c-98f1-476a-9744-bd9f3cebab7d"], "musicbrainz_artistid": ["7b8e1188-9ca4-4aa5-8393-172de6fa04de"]}}, "rhythm": {"bpm_histogram_first_peak_bpm": {"dmean2": 0, "median": 172, "min": 172, "dvar2": 0, "dvar": 0, "dmean": 0, "max": 172, "var": 0, "mean": 172}, "bpm": 172.265853882, "bpm_histogram_second_peak_spread": {"dmean2": 0, "median": 0, "min": 0, "dvar2": 0, "dvar": 0, "dmean": 0, "max": 0, "var": 0, "mean": 0}, "bpm_histogram_first_peak_weight": {"dmean2": 0, "median": 0.274853795767, "min": 0.274853795767, "dvar2": 0, "dvar": 0, "dmean": 0, "max": 0.274853795767, "var": 0, "mean": 0.274853795767}, "onset_rate": 4.37216711044, "beats_position": [0.325079351664, 0.650158703327, 0.99845802784, 1.35836732388, 1.71827661991, 2.06657600403, 2.41487526894, 2.76317453384, 3.12308382988, 3.47138309479, 3.83129239082, 4.17959165573, 4.52789115906, 4.87619018555, 5.23609972, 5.59600877762, 5.9675283432, 6.31582736969, 6.66412687302, 7.01242637634, 7.36072540283, 7.70902490616, 8.05732440948, 8.40562343597, 8.76553249359, 9.11383247375, 9.47374153137, 9.83365058899, 10.1819496155, 10.5418596268, 10.9133787155, 11.2965078354, 11.6796369553, 12.051156044, 12.4342851639, 12.7941951752, 13.1424942017, 13.4907932281, 13.8390922546, 14.1873922348, 14.5473012924, 14.8839902878, 15.2206802368, 15.5573692322, 15.9056682587, 16.2539672852, 16.602268219, 16.9389572144, 17.2756462097, 17.6239452362, 17.9722442627, 18.3205432892, 18.6572322845, 19.0055332184, 19.3538322449, 19.7021312714, 20.0504302979, 20.4219493866, 20.8050785065, 21.1882076263, 21.5713367462, 21.9312477112, 22.3027667999, 22.6626758575, 23.0225849152, 23.3824939728, 23.7424030304, 24.0907020569, 24.4506111145, 24.8105201721, 25.1704311371, 25.5303401947, 25.8902492523, 26.2385482788, 26.5984573364, 26.958366394, 27.3298854828, 27.7014045715, 28.0729255676, 28.4444446564, 28.8159637451, 29.199092865, 29.5590019226, 29.9073009491, 30.2555999756, 30.6038990021, 30.9521980286, 31.2888889313, 31.6255779266, 31.962266922, 32.3105659485, 32.6472549438, 32.9723358154, 33.3206329346, 33.6689338684, 34.0056228638, 34.3539237976, 34.7138328552, 35.0853500366, 35.4568710327, 35.8632202148, 36.269569397, 36.6759185791, 37.0822677612, 37.4770050049, 37.8601341248, 38.2432632446, 38.6263923645, 38.9979133606, 39.3810424805, 39.7757797241, 40.1473007202, 40.5188217163, 40.8787307739, 41.2386398315, 41.5869369507, 41.9352378845, 42.2835350037, 42.6318359375, 42.9801368713, 43.340045929, 43.6999549866, 44.0482521057, 44.3849411011, 44.7448501587, 45.0931510925, 45.4530601501, 45.801361084, 46.1496582031, 46.4863471985, 46.8346481323, 47.1829452515, 47.5312461853, 47.8795471191, 48.2394561768, 48.5993652344, 48.959274292, 49.3191833496, 49.6674804688, 50.0157814026, 50.3873023987, 50.7820396423, 51.1767807007, 51.5599098206, 51.9430389404, 52.302947998, 52.6628570557, 53.0111541748, 53.3710632324, 53.7077522278, 54.0560531616, 54.4043540955, 54.7410430908, 55.0777320862, 55.4260292053, 55.7743301392, 56.122631073, 56.4709281921, 56.819229126, 57.1675262451, 57.515827179, 57.8641242981, 58.2008171082, 58.5375061035, 58.8858032227, 59.222492218, 59.5824012756, 59.9307022095, 60.2789993286, 60.6273002625, 60.9639892578, 61.3006782532, 61.648979187, 61.9856681824, 62.34557724, 62.6938781738, 63.042175293, 63.3904762268, 63.7387733459, 64.0870742798, 64.4469833374, 64.806892395, 65.1668014526, 65.5267105103, 65.8866195679, 66.2465286255, 66.5948257446, 66.9431304932, 67.2798156738, 67.6397247314, 67.98802948, 68.3479385376, 68.7078475952, 69.0561447144, 69.392829895, 69.7527389526, 70.1010437012, 70.4493408203, 70.7976379395, 71.122718811, 71.4710159302, 71.8193206787, 72.1676177979, 72.5043106079, 72.8526077271, 73.2009048462, 73.5375976562, 73.8742828369, 74.2225799561, 74.5592727661, 74.9075698853, 75.2558746338, 75.5925598145, 75.9408569336, 76.3007659912, 76.6722869873, 77.0438079834, 77.4153289795, 77.8100662231, 78.1815872192, 78.5414962769, 78.9014053345, 79.2729263306, 79.6328353882, 79.9927444458, 80.3410415649, 80.6893386841, 81.0376434326, 81.3859405518, 81.7342376709, 82.08253479, 82.4192276001, 82.7675247192, 83.1158294678, 83.4641265869, 83.8008117676, 84.1491165161, 84.4858016968, 84.8224945068, 85.1475753784, 85.4958724976, 85.8441696167, 86.1924667358, 86.5407714844, 86.8890686035, 87.2373657227, 87.5856704712, 87.9339675903, 88.2822647095, 88.6189575195, 88.9556427002, 89.2807235718, 89.6290206909, 89.9773254395, 90.3256225586, 90.6739196777, 91.0106124878, 91.3472976685, 91.6839904785, 92.0206756592, 92.3689804077, 92.7172775269, 93.065574646, 93.4022674561, 93.7389526367, 94.0640335083, 94.4007263184, 94.737411499, 95.0741043091, 95.4107894897, 95.7590942383, 96.0957794189, 96.432472229, 96.7575454712, 97.0942382812, 97.4309310913, 97.767616272, 98.104309082, 98.4526062012, 98.7892990112, 99.1259841919, 99.462677002, 99.7993621826, 100.136054993, 100.472740173, 100.821044922, 101.169342041, 101.506027222, 101.842720032, 102.191017151, 102.527709961, 102.852790833, 103.189476013, 103.526168823, 103.862854004, 104.199546814, 104.536231995, 104.861312866, 105.209609985, 105.546302795, 105.882987976, 106.208068848, 106.556373596, 106.881446838, 107.218139648, 107.554824829, 107.879905701, 108.204986572, 108.541679382, 108.878364563, 109.215057373, 109.551742554, 109.900039673, 110.236732483, 110.573425293, 110.898498535, 111.235191345, 111.571876526, 111.896957397, 112.222038269, 112.558731079, 112.89541626, 113.220497131, 113.557182312, 113.893875122, 114.230567932, 114.567253113, 114.892333984, 115.229019165, 115.565711975, 115.890792847, 116.215873718, 116.552558899, 116.889251709, 117.237548828, 117.5626297, 117.89931488, 118.23600769, 118.561088562, 118.886169434, 119.211242676, 119.536323547, 119.861404419, 120.1980896, 120.53478241, 120.859863281, 121.196548462, 121.521629333, 121.858322144, 122.195007324, 122.531700134, 122.856781006, 123.193466187, 123.530158997, 123.855232239, 124.18031311, 124.51700592, 124.853691101, 125.190383911, 125.527069092, 125.852149963, 126.188842773, 126.525527954, 126.862220764, 127.198905945, 127.535598755, 127.883895874, 128.220581055, 128.557281494, 128.893966675, 129.242263794, 129.590560913, 129.938858032, 130.263946533, 130.589019775, 130.902496338, 131.215957642, 131.541046143, 131.866119385, 132.191192627, 132.516281128, 132.84135437, 133.166442871, 133.491516113, 133.816589355, 134.153289795, 134.489974976, 134.815048218, 135.151748657, 135.488433838, 135.836730957, 136.161804199, 136.4868927, 136.811965942, 137.137054443, 137.462127686, 137.798812866, 138.123901367, 138.448974609, 138.762451172, 139.075912476, 139.401000977, 139.737686157, 140.062759399, 140.399459839, 140.73614502, 141.084442139, 141.409515381, 141.734603882, 142.082901001, 142.419586182, 142.756271362, 143.10458374, 143.452880859, 143.801177979, 144.161087036, 144.509384155, 144.869293213, 145.217590332, 145.542678833, 145.879364014, 146.216049194, 146.552734375, 146.877822876, 147.202896118, 147.539596558, 147.8646698, 148.20135498, 148.538040161, 148.863128662, 149.188201904, 149.513290405, 149.838363647, 150.15184021, 150.465301514, 150.778778076, 151.09223938, 151.417327881, 151.754013062, 152.079086304, 152.404174805, 152.740859985, 153.065933228, 153.391021729, 153.716094971, 154.041183472, 154.366256714, 154.691329956, 155.016418457, 155.341491699, 155.67817688, 156.014877319, 156.339950562, 156.665023804, 157.001724243, 157.315185547, 157.640274048, 157.976959229, 158.302032471, 158.615509033, 158.940582275, 159.265670776, 159.590744019, 159.915817261, 160.240905762, 160.565979004, 160.902679443, 161.227752686, 161.552825928, 161.877914429, 162.214599609, 162.528076172, 162.841537476, 163.155014038, 163.48008728, 163.805160522, 164.141860962, 164.466934204, 164.792022705, 165.117095947, 165.442169189, 165.76725769, 166.103942871, 166.429016113, 166.765716553, 167.102401733, 167.439086914, 167.787384033, 168.147293091, 168.507202148, 168.867111206, 169.238632202, 169.714645386, 170.190658569, 170.666656494, 171.131057739, 171.595458984, 172.059860229, 172.454605103, 172.849334717, 173.24407959, 173.650421143, 174.033554077, 174.416687012, 174.799819946, 175.182937622, 175.612518311, 176.04208374, 176.47164917, 176.9012146, 177.330795288, 177.795196533, 178.25958252, 178.735595703], "beats_loudness": {"dmean2": 0.0333021655679, "median": 0.030430406332, "min": 0, "dvar2": 0.000715033849701, "dvar": 0.000231357611483, "dmean": 0.0184930395335, "max": 0.0942680537701, "var": 0.000270567223197, "mean": 0.03135381639}, "danceability": 1.22885084152, "bpm_histogram_second_peak_weight": {"dmean2": 0, "median": 0.269005835056, "min": 0.269005835056, "dvar2": 0, "dvar": 0, "dmean": 0, "max": 0.269005835056, "var": 0, "mean": 0.269005835056}, "beats_count": 514, "bpm_histogram_second_peak_bpm": {"dmean2": 0, "median": 178, "min": 178, "dvar2": 0, "dvar": 0, "dmean": 0, "max": 178, "var": 0, "mean": 178}, "bpm_histogram_first_peak_spread": {"dmean2": 0, "median": 0, "min": 0, "dvar2": 0, "dvar": 0, "dmean": 0, "max": 0, "var": 0, "mean": 0}, "beats_loudness_band_ratio": {"dmean2": [0.660803556442, 0.418024659157, 0.269476413727, 0.242657497525, 0.251173585653, 0.0840633884072], "median": [0.232454046607, 0.0971706733108, 0.116591021419, 0.0949883162975, 0.105932816863, 0.0303690172732], "min": [0, 0, 0, 0, 0, 0], "dvar2": [0.273838579655, 0.16876578331, 0.0550860799849, 0.051864143461, 0.0581648983061, 0.00836651399732], "dvar": [0.0801501348615, 0.0582752637565, 0.0198415424675, 0.0184162613004, 0.0210622753948, 0.00300364708528], "dmean": [0.352658122778, 0.223732158542, 0.149941086769, 0.138084605336, 0.143179163337, 0.0474979802966], "max": [0.993412792683, 0.985781669617, 0.622612297535, 0.709551930428, 0.842868566513, 0.491417080164], "var": [0.0937809571624, 0.0490681380033, 0.0215400420129, 0.0220478922129, 0.0260161533952, 0.00320931547321], "mean": [0.328008413315, 0.186975672841, 0.163109943271, 0.146866083145, 0.152195245028, 0.0496016703546]}}, "lowlevel": {"barkbands_spread": {"dmean2": 7.9341173172, "median": 19.40442276, "min": 0.169556826353, "dvar2": 73.8688430786, "dvar": 32.3652801514, "dmean": 5.17720746994, "max": 125.906272888, "var": 122.91683197, "mean": 19.6086273193}, "melbands_spread": {"dmean2": 11.7906894684, "median": 26.2888965607, "min": 0.389893651009, "dvar2": 171.947647095, "dvar": 80.9876556396, "dmean": 7.92833471298, "max": 207.772476196, "var": 519.308837891, "mean": 29.289264679}, "hfc": {"dmean2": 9.51264095306, "median": 14.950758934, "min": 1.09256172593e-16, "dvar2": 167.133987427, "dvar": 86.3475112915, "dmean": 6.92165517807, "max": 115.324188232, "var": 332.246917725, "mean": 20.5526123047}, "barkbands_kurtosis": {"dmean2": 6.7332239151, "median": 0.358503103256, "min": -1.85082435608, "dvar2": 407.473388672, "dvar": 198.507827759, "dmean": 4.30293750763, "max": 689.244995117, "var": 468.75491333, "mean": 5.97832632065}, "gfcc": {"mean": [-60.7191238403, 111.239929199, -147.316558838, 34.1021728516, -46.8469276428, 1.21150386333, -31.9105243683, 3.73196220398, -18.4815654755, -0.156527712941, -9.01054573059, -2.94339442253, -6.00070142746], "icov": [[0.000218637898797, -0.000593425531406, 0.000607515510637, -0.000552522542421, 0.00058575742878, -0.000532728969119, 0.000523113820236, -0.000496869673952, 0.000361625076039, -0.000241144647589, 0.000229755401961, -4.60009105154e-05, 4.82817358716e-06], [-0.000593425531406, 0.00251483242027, -0.00165141711477, 0.00134509569034, -0.00189828057773, 0.00220225867815, -0.00205570529215, 0.00216344487853, -0.00151921727229, 0.00105948175769, -0.000571503362153, -0.000142111384775, 0.000116240589705], [0.000607515510637, -0.00165141711477, 0.00257029617205, -0.00183264329098, 0.00115746096708, -0.00141911383253, 0.000896567245945, -0.000651975045912, 0.000911086972337, -0.00122201710474, 0.00173411041033, -0.00103546236642, 1.05916242319e-05], [-0.000552522542421, 0.00134509569034, -0.00183264329098, 0.00509562948719, -0.00150559819303, -0.000243466653046, -2.55576560448e-05, 0.000815339502878, -0.00176932266913, 0.000424971978646, -0.00120756519027, 0.00134482432622, -0.000891015515663], [0.00058575742878, -0.00189828057773, 0.00115746096708, -0.00150559819303, 0.00571866519749, -0.00179461634252, 4.72235842608e-05, -0.00187867705245, -4.36684422311e-05, 0.00064094166737, -0.00117204559501, 0.000445495941676, -0.000364623992937], [-0.000532728969119, 0.00220225867815, -0.00141911383253, -0.000243466653046, -0.00179461634252, 0.00749104330316, -0.00486366124824, 0.00119663134683, 0.000492484134156, -0.00161071564071, 0.00207584979944, -0.00248155393638, 0.00237324880436], [0.000523113820236, -0.00205570529215, 0.000896567245945, -2.55576560448e-05, 4.72235842608e-05, -0.00486366124824, 0.0107425833121, -0.00419183308259, -0.00105478358455, 0.00200861576013, -0.00312364776619, 0.00189248111565, -0.000833738129586], [-0.000496869673952, 0.00216344487853, -0.000651975045912, 0.000815339502878, -0.00187867705245, 0.00119663134683, -0.00419183308259, 0.00931407045573, -0.00336450571194, -0.000152389155119, -0.00107200280763, 0.0012211157009, 0.000386968808016], [0.000361625076039, -0.00151921727229, 0.000911086972337, -0.00176932266913, -4.36684422311e-05, 0.000492484134156, -0.00105478358455, -0.00336450571194, 0.0121159832925, -0.00712676625699, 0.00461608916521, -0.00222461018711, -0.00028870429378], [-0.000241144647589, 0.00105948175769, -0.00122201710474, 0.000424971978646, 0.00064094166737, -0.00161071564071, 0.00200861576013, -0.000152389155119, -0.00712676625699, 0.0163514446467, -0.00547329196706, 6.78027208778e-05, 0.00226965243928], [0.000229755401961, -0.000571503362153, 0.00173411041033, -0.00120756519027, -0.00117204559501, 0.00207584979944, -0.00312364776619, -0.00107200280763, 0.00461608916521, -0.00547329196706, 0.0142923668027, -0.00526405498385, 0.000519366352819], [-4.60009105154e-05, -0.000142111384775, -0.00103546236642, 0.00134482432622, 0.000445495941676, -0.00248155393638, 0.00189248111565, 0.0012211157009, -0.00222461018711, 6.78027208778e-05, -0.00526405498385, 0.0190802663565, -0.00610568141565], [4.82817358716e-06, 0.000116240589705, 1.05916242319e-05, -0.000891015515663, -0.000364623992937, 0.00237324880436, -0.000833738129586, 0.000386968808016, -0.00028870429378, 0.00226965243928, 0.000519366352819, -0.00610568141565, 0.0140022421256]], "cov": [[28828.4570312, 1974.89550781, -4333.60595703, 584.155029297, -1240.54321289, -73.4420394897, -646.481933594, 123.278114319, -271.463043213, -26.3504657745, -22.5832252502, -197.20072937, -134.119934082], [1974.89550781, 1562.63977051, 225.907180786, -28.6540184021, 160.491256714, -211.896652222, 51.1812324524, -145.083953857, 49.7004089355, -72.1074523926, 10.7996778488, 30.9521560669, 57.3121452332], [-4333.60595703, 225.907180786, 1638.3692627, 138.273178101, 199.871063232, 104.634429932, 94.8186645508, -93.8115615845, 105.469032288, 42.854598999, -84.5297775269, 75.7335968018, 34.2742385864], [584.155029297, -28.6540184021, 138.273178101, 337.293670654, 28.5951023102, 102.171134949, 9.70473194122, 32.9246788025, 49.4643135071, 38.9758148193, -8.76193141937, -2.86652040482, -1.73210597038], [-1240.54321289, 160.491256714, 199.871063232, 28.5951023102, 370.280944824, 57.3616485596, 142.53527832, 64.6320877075, 60.1204338074, -0.0757668688893, 46.8414115906, 11.2933654785, 11.8235969543], [-73.4420394897, -211.896652222, 104.634429932, 102.171134949, 57.3616485596, 317.59085083, 116.111129761, 80.7764205933, 37.1980361938, 52.6251335144, -8.74165916443, 7.82909154892, -43.4719238281], [-646.481933594, 51.1812324524, 94.8186645508, 9.70473194122, 142.53527832, 116.111129761, 233.878814697, 103.731536865, 55.5356636047, 11.4156684875, 42.6636581421, 1.43355751038, -6.22776412964], [123.278114319, -145.083953857, -93.8115615845, 32.9246788025, 64.6320877075, 80.7764205933, 103.731536865, 217.880630493, 65.4779663086, 38.9549217224, 27.9916572571, -14.9471244812, -21.0448741913], [-271.463043213, 49.7004089355, 105.469032288, 49.4643135071, 60.1204338074, 37.1980361938, 55.5356636047, 65.4779663086, 159.347824097, 60.8678588867, -9.83792114258, 10.6799993515, -2.05188918114], [-26.3504657745, -72.1074523926, 42.854598999, 38.9758148193, -0.0757668688893, 52.6251335144, 11.4156684875, 38.9549217224, 60.8678588867, 107.139724731, 18.308052063, 7.65710544586, -19.7145214081], [-22.5832252502, 10.7996778488, -84.5297775269, -8.76193141937, 46.8414115906, -8.74165916443, 42.6636581421, 27.9916572571, -9.83792114258, 18.308052063, 114.066879272, 19.6842937469, 5.07464313507], [-197.20072937, 30.9521560669, 75.7335968018, -2.86652040482, 11.2933654785, 7.82909154892, 1.43355751038, -14.9471244812, 10.6799993515, 7.65710544586, 19.6842937469, 74.1767349243, 29.6306304932], [-134.119934082, 57.3121452332, 34.2742385864, -1.73210597038, 11.8235969543, -43.4719238281, -6.22776412964, -21.0448741913, -2.05188918114, -19.7145214081, 5.07464313507, 29.6306304932, 94.6236877441]]}, "spectral_energyband_middle_low": {"dmean2": 0.00660320976749, "median": 0.00572469830513, "min": 1.34268341741e-22, "dvar2": 0.000113284550025, "dvar": 4.92632862006e-05, "dmean": 0.00434261141345, "max": 0.0719525739551, "var": 0.000103339662019, "mean": 0.00902866665274}, "melbands_crest": {"dmean2": 4.96557998657, "median": 13.0757884979, "min": 1.58480119705, "dvar2": 21.4079685211, "dvar": 9.30614566803, "dmean": 3.17409992218, "max": 37.4731025696, "var": 37.6627807617, "mean": 14.0040512085}, "spectral_kurtosis": {"dmean2": 5.1092209816, "median": 5.05339431763, "min": -1.25493967533, "dvar2": 27.6416816711, "dvar": 10.7163295746, "dmean": 3.030367136, "max": 58.3758468628, "var": 21.4746417999, "mean": 6.28610754013}, "spectral_rms": {"dmean2": 0.00106521102134, "median": 0.00455020787194, "min": 3.13574361789e-12, "dvar2": 1.45444175814e-06, "dvar": 7.34887862563e-07, "dmean": 0.000784739037044, "max": 0.0103207947686, "var": 3.20806657328e-06, "mean": 0.00431438488886}, "zerocrossingrate": {"dmean2": 0.00929644238204, "median": 0.05517578125, "min": 0.00390625, "dvar2": 8.92470270628e-05, "dvar": 7.0389956818e-05, "dmean": 0.00809344183654, "max": 0.52392578125, "var": 0.00351248215884, "mean": 0.0596330314875}, "silence_rate_60dB": {"dmean2": 0.0699391290545, "median": 0, "min": 0, "dvar2": 0.0782559737563, "dvar": 0.0337409675121, "dmean": 0.0349650345743, "max": 1, "var": 0.0750267282128, "mean": 0.0817039981484}, "erbbands_kurtosis": {"dmean2": 1.94584858418, "median": -0.163330316544, "min": -1.81490659714, "dvar2": 29.6692466736, "dvar": 14.3850622177, "dmean": 1.22043681145, "max": 158.820220947, "var": 38.7150840759, "mean": 0.808208703995}, "erbbands": {"dmean2": [0.0362544432282, 0.727587223053, 1.86430096626, 1.22808408737, 3.47485542297, 15.7617788315, 13.652258873, 11.5195398331, 20.611995697, 12.8394880295, 16.5472793579, 34.406539917, 39.3112106323, 24.1367378235, 20.0390911102, 25.2771453857, 37.935092926, 40.9960784912, 48.5865097046, 38.1068153381, 26.2099246979, 24.1849308014, 30.4393997192, 28.615568161, 20.1496562958, 12.3406295776, 6.59096479416, 4.5272359848, 3.43763995171, 1.97522556782, 1.09338283539, 0.574682831764, 0.390022337437, 0.144408524036, 0.0472776591778, 0.0150463432074, 0.00299676833674, 0.00045066565508, 4.05845239584e-05, 1.308830997e-05], "median": [0.00957833509892, 0.248552829027, 0.54885417223, 0.420772314072, 1.15661144257, 3.17145657539, 3.83540654182, 4.84647750854, 5.36815643311, 4.63433265686, 4.77592325211, 8.00737953186, 10.895775795, 6.68845510483, 5.892827034, 7.82039546967, 10.8076219559, 13.9620571136, 14.1792287827, 15.6937208176, 10.8195018768, 12.210067749, 15.6913690567, 12.6604223251, 8.76470756531, 5.36701059341, 2.23957228661, 1.01133024693, 0.669250428677, 0.364652633667, 0.171631976962, 0.0905529633164, 0.0441480204463, 0.0179594568908, 0.00667732022703, 0.00203255354427, 0.000569040013943, 0.000107724197733, 1.65660876519e-05, 2.67379036814e-05], "min": [4.06584432577e-23, 2.64587936092e-22, 2.58532675124e-21, 4.73793747182e-21, 2.42956339124e-20, 2.65363579475e-20, 3.66960454936e-20, 8.3489898315e-20, 8.99032816357e-20, 1.70241925547e-19, 2.51962238963e-19, 1.39940361005e-19, 2.87404420819e-19, 7.41821777192e-19, 9.83980762673e-19, 1.04422928977e-18, 1.33574231669e-18, 2.39493416637e-18, 2.10247288027e-18, 3.76896532945e-18, 2.91075572455e-18, 5.15248404736e-18, 5.25919241433e-18, 5.15779868279e-18, 5.90415671846e-18, 8.53260541932e-18, 8.64234002656e-18, 1.01227286252e-17, 1.05275466811e-17, 1.20428968956e-17, 1.06122177158e-17, 1.06710989133e-17, 8.84859006768e-18, 8.08521899476e-18, 6.48225835932e-18, 3.88723974933e-18, 2.33124332715e-18, 9.78371340747e-19, 2.30681363344e-19, 2.9496989225e-20], "dvar2": [0.00689636589959, 2.40317296982, 18.9074211121, 17.8513355255, 90.2572937012, 1406.27026367, 936.710327148, 455.057556152, 6199.74609375, 904.853820801, 1974.3260498, 10129.8789062, 8225.06738281, 4422.04785156, 3118.72094727, 5898.53955078, 10472.5576172, 8806.578125, 13606.2949219, 6574.11132812, 3628.01806641, 2055.69311523, 2959.44946289, 4930.18457031, 2116.23583984, 521.454101562, 183.417556763, 92.5780334473, 52.2763977051, 16.6740627289, 6.02052402496, 1.72473025322, 1.33905231953, 0.0969205498695, 0.0114854266867, 0.00149457529187, 6.83026519255e-05, 1.18301068142e-06, 1.8179861172e-08, 2.74468614503e-10], "dvar": [0.00333438208327, 1.26968502998, 11.902132988, 6.06246089935, 33.9976882935, 676.546813965, 386.949920654, 176.862121582, 2439.37426758, 376.502807617, 795.054199219, 4164.42578125, 3533.17602539, 2107.24267578, 1611.45532227, 2696.17504883, 4671.72802734, 4194.42480469, 6536.33886719, 3270.63476562, 1647.38586426, 954.204833984, 1397.94433594, 2294.69165039, 875.287963867, 246.304794312, 73.9892654419, 35.1357879639, 20.4923210144, 7.00785923004, 2.46409106255, 0.68340086937, 0.494239449501, 0.0394856631756, 0.00458335829899, 0.00056386803044, 2.55706218013e-05, 4.67652057523e-07, 7.11688574739e-09, 1.28910646047e-10], "dmean": [0.0245179273188, 0.526997566223, 1.42487406731, 0.750538766384, 2.07313346863, 10.7849435806, 8.72203159332, 7.07571315765, 12.7991876602, 8.17081260681, 10.4141817093, 21.5012836456, 25.0170345306, 15.6602287292, 13.9249563217, 16.8991069794, 25.1597919464, 27.4955730438, 32.7202568054, 25.7611637115, 17.3944549561, 15.9843435287, 20.5642147064, 19.7643756866, 13.3752861023, 8.21334648132, 4.18369626999, 2.76639008522, 2.10192418098, 1.22698009014, 0.683724522591, 0.353303313255, 0.233893975616, 0.088470466435, 0.0290311016142, 0.00909825228155, 0.00183317752089, 0.000276071252301, 2.46052113653e-05, 9.40332665778e-06], "max": [1.32297289371, 19.7239589691, 59.1795349121, 48.3327407837, 116.07736969, 316.632263184, 242.264892578, 197.850234985, 1071.46899414, 429.30682373, 584.874023438, 1342.16149902, 1429.81347656, 2111.52148438, 1483.07116699, 1799.06945801, 1995.14941406, 1151.58972168, 2160.51025391, 1238.69824219, 1316.68359375, 620.402954102, 622.639953613, 1160.9822998, 686.525390625, 367.919158936, 224.940353394, 108.613189697, 85.5125274658, 57.3482170105, 32.1363220215, 15.5628929138, 15.9031896591, 3.09798574448, 1.15251505375, 0.641484022141, 0.158461466432, 0.0131806172431, 0.00185569399036, 0.000134504123707], "var": [0.0116221765056, 3.43232488632, 31.5418357849, 5.3287358284, 38.7735176086, 1722.24804688, 773.179382324, 245.666900635, 2279.69873047, 622.900695801, 1162.7734375, 5824.77441406, 6912.60009766, 7619.70751953, 3430.50341797, 5120.04638672, 9347.28613281, 11146.8173828, 15394.3789062, 7934.06640625, 3060.59399414, 2171.3762207, 3428.18847656, 5747.03613281, 1717.98632812, 634.727722168, 146.658660889, 57.2021331787, 35.1617507935, 17.1198940277, 5.50473356247, 1.38040149212, 0.57987254858, 0.0738586187363, 0.00724244257435, 0.00069604604505, 3.08962225972e-05, 6.18582078005e-07, 7.28165661101e-09, 3.63004348802e-10], "mean": [0.0500057451427, 1.01327347755, 2.54434776306, 1.06754934788, 3.04400801659, 19.4228687286, 14.6183958054, 10.1436901093, 16.4917888641, 12.5303144455, 15.4772729874, 30.2081432343, 38.8286552429, 27.1820449829, 22.8940639496, 29.4880027771, 43.6715507507, 51.5314483643, 54.6311531067, 45.6696624756, 31.4608821869, 29.9869213104, 39.9925384521, 41.6054954529, 26.1808662415, 15.7711877823, 7.19925880432, 4.14188098907, 3.11839032173, 1.96750724316, 1.09569191933, 0.563550174236, 0.323524385691, 0.127780869603, 0.0406469032168, 0.0119096087292, 0.00255862157792, 0.000380585348466, 3.3990600059e-05, 2.78766619886e-05]}, "spectral_strongpeak": {"dmean2": 1.25591242313, "median": 0.703580975533, "min": 0, "dvar2": 3.51630878448, "dvar": 1.54506921768, "dmean": 0.782764136791, "max": 13.997253418, "var": 3.25296854973, "mean": 1.46303772926}, "spectral_energy": {"dmean2": 0.010527042672, "median": 0.0212220028043, "min": 1.007871028e-20, "dvar2": 0.000182692456292, "dvar": 8.59583014972e-05, "dmean": 0.00755079183728, "max": 0.109181776643, "var": 0.000238692722633, "mean": 0.022367535159}, "average_loudness": 0.969560623169, "spectral_rolloff": {"dmean2": 628.243835449, "median": 1614.99023438, "min": 21.533203125, "dvar2": 634787.25, "dvar": 311322.5625, "dmean": 389.951751709, "max": 19573.6816406, "var": 5288563, "mean": 1861.609375}, "spectral_centroid": {"dmean2": 401.025909424, "median": 1600.03112793, "min": 131.826629639, "dvar2": 201482.5625, "dvar": 100786.117188, "dmean": 267.812927246, "max": 11713.3105469, "var": 1579690.75, "mean": 1636.19885254}, "pitch_salience": {"dmean2": 0.118601121008, "median": 0.528943777084, "min": 0.0499990209937, "dvar2": 0.0123711489141, "dvar": 0.00512966513634, "dmean": 0.0762643590569, "max": 0.856932103634, "var": 0.0190953183919, "mean": 0.518388152122}, "spectral_energyband_middle_high": {"dmean2": 0.00396652240306, "median": 0.00451717618853, "min": 1.04601613076e-21, "dvar2": 2.996672265e-05, "dvar": 1.65896708495e-05, "dmean": 0.00289792288095, "max": 0.065764002502, "var": 6.93687761668e-05, "mean": 0.00779610406607}, "spectral_contrast_coeffs": {"dmean2": [0.0831424742937, 0.0829316601157, 0.0685463771224, 0.0564464479685, 0.0459796302021, 0.0371940210462], "median": [-0.627376675606, -0.728528261185, -0.750035524368, -0.756034493446, -0.762152373791, -0.735828220844], "min": [-0.980422854424, -0.975096642971, -0.975631654263, -0.968424022198, -0.966371655464, -0.964760661125], "dvar2": [0.00515927467495, 0.00457453448325, 0.00325369276106, 0.00220629549585, 0.00158471171744, 0.00107344181743], "dvar": [0.00215986277908, 0.00179033493623, 0.00153085170314, 0.00112516852096, 0.000863028748427, 0.000452184234746], "dmean": [0.0519929267466, 0.0504424385726, 0.0444373004138, 0.0372866205871, 0.0309286415577, 0.0236582383513], "max": [-0.253125369549, -0.373534321785, -0.384006500244, -0.498246401548, -0.530159473419, -0.555622577667], "var": [0.0122327227145, 0.00633725104854, 0.00846668798476, 0.00676805200055, 0.00623993342742, 0.00279994704761], "mean": [-0.621538460255, -0.72758859396, -0.740694701672, -0.748578429222, -0.757016956806, -0.74033921957]}, "melbands_skewness": {"dmean2": 1.16671574116, "median": 1.59343039989, "min": -1.40912926197, "dvar2": 2.04098057747, "dvar": 0.952690422535, "dmean": 0.797387361526, "max": 16.1074943542, "var": 4.19608259201, "mean": 2.14133739471}, "spectral_spread": {"dmean2": 652587.375, "median": 2960994, "min": 1359919.625, "dvar2": 891922546688, "dvar": 474116816896, "dmean": 424248.28125, "max": 42369596, "var": 16541921837100.0, "mean": 3597624.5}, "dissonance": {"dmean2": 0.0307891573757, "median": 0.470868736506, "min": 0.210143730044, "dvar2": 0.000867552415002, "dvar": 0.000328596623149, "dmean": 0.0184411667287, "max": 0.500000059605, "var": 0.000794921128545, "mean": 0.46399345994}, "spectral_skewness": {"dmean2": 0.549479067326, "median": 1.37418997288, "min": -0.0803947299719, "dvar2": 0.263353854418, "dvar": 0.109182782471, "dmean": 0.334321200848, "max": 6.28052663803, "var": 0.350035399199, "mean": 1.50358211994}, "spectral_flux": {"dmean2": 0.0408652350307, "median": 0.0707602500916, "min": 6.44839598385e-11, "dvar2": 0.00182576593943, "dvar": 0.000799178029411, "dmean": 0.0264596175402, "max": 0.26305025816, "var": 0.00175913283601, "mean": 0.0756959915161}, "spectral_contrast_valleys": {"dmean2": [0.732537984848, 0.673834502697, 0.615350365639, 0.526722848415, 0.532271623611, 0.678110659122], "median": [-7.8181219101, -7.02577495575, -7.55062007904, -7.68646621704, -7.63276481628, -11.1710195541], "min": [-28.2388725281, -27.8695240021, -27.6686172485, -27.7079200745, -27.5333251953, -27.4600410461], "dvar2": [0.362131893635, 0.343711018562, 0.341042339802, 0.258846759796, 0.290948152542, 0.490304648876], "dvar": [0.162944540381, 0.158987119794, 0.160810351372, 0.130313873291, 0.158307820559, 0.257526546717], "dmean": [0.459550917149, 0.423891305923, 0.391454130411, 0.339404731989, 0.36382651329, 0.466958701611], "max": [-5.47839689255, -4.91836690903, -4.88544893265, -5.6882276535, -5.89990663528, -8.69459629059], "var": [5.90038967133, 6.17810535431, 5.8318066597, 5.77266216278, 5.70107364655, 4.1506934166], "mean": [-8.20632743835, -7.41357374191, -7.92176532745, -8.08006858826, -8.06735515594, -11.3539457321]}, "erbbands_flatness_db": {"dmean2": 0.0299025066197, "median": 0.200056836009, "min": 0.0432373471558, "dvar2": 0.000866843794938, "dvar": 0.0004482473596, "dmean": 0.0209066867828, "max": 0.404369741678, "var": 0.00256635877304, "mean": 0.202823549509}, "spectral_energyband_high": {"dmean2": 0.000366104126442, "median": 0.000124046942801, "min": 7.15090450189e-21, "dvar2": 4.79177629131e-07, "dvar": 1.98765690129e-07, "dmean": 0.000236295527429, "max": 0.00764055131003, "var": 4.94025073294e-07, "mean": 0.000423973891884}, "spectral_entropy": {"dmean2": 0.313650608063, "median": 7.35330820084, "min": 4.40153026581, "dvar2": 0.109470270574, "dvar": 0.0561856776476, "dmean": 0.214719489217, "max": 9.81739425659, "var": 0.319034636021, "mean": 7.2972240448}, "silence_rate_20dB": {"dmean2": 0, "median": 1, "min": 1, "dvar2": 0, "dvar": 0, "dmean": 0, "max": 1, "var": 0, "mean": 1}, "melbands_flatness_db": {"dmean2": 0.0444152839482, "median": 0.199475005269, "min": 0.00332511565648, "dvar2": 0.00222515757196, "dvar": 0.00113305717241, "dmean": 0.0310763362795, "max": 0.564617216587, "var": 0.00792950857431, "mean": 0.212132483721}, "barkbands": {"dmean2": [1.08097283373e-05, 0.00266034691595, 0.00131270557176, 0.000502953189425, 0.00350936944596, 0.00125111662783, 0.00130142271519, 0.000687094812747, 0.00138847937342, 0.00122141907923, 0.000456974870758, 0.00058157951571, 0.00090848992113, 0.000808613665868, 0.000934696116019, 0.000595892837737, 0.000533072161488, 0.000609280657955, 0.000540721637663, 0.000244273338467, 0.000133456342155, 8.89392322279e-05, 4.05284663429e-05, 2.42983205681e-05, 9.04986336536e-06, 2.17436422645e-06, 2.07489179616e-07], "median": [1.40150416428e-06, 0.000887830858119, 0.000265636830591, 7.75169173721e-05, 0.000935480406042, 0.000551652221475, 0.000342431623721, 0.000170915183844, 0.000266075163381, 0.00026508278097, 8.75878322404e-05, 0.000122068653582, 0.000199798567337, 0.000185650133062, 0.000250780081842, 0.000187241457752, 0.000194934516912, 0.000250359327765, 0.000200757523999, 0.000105657665699, 3.0935734685e-05, 1.70090061147e-05, 7.0897635851e-06, 3.3732819702e-06, 1.24702864923e-06, 3.48228979874e-07, 2.45372770991e-08], "min": [1.11622782709e-24, 1.08603792303e-24, 5.49581840512e-25, 3.205039306e-25, 9.6051435607e-24, 1.15832793337e-23, 6.04923154584e-24, 7.11153925094e-24, 6.7999589149e-24, 8.67726248701e-24, 1.72816200269e-23, 2.7059023988e-23, 2.581920128e-23, 3.43197691794e-23, 4.79613041551e-23, 4.39740319533e-23, 7.81798201982e-23, 1.11599016302e-22, 1.0684941732e-22, 1.5344180168e-22, 1.95580769619e-22, 3.18573436503e-22, 3.09293100109e-22, 5.86637560749e-22, 8.18066479686e-22, 1.26251813529e-21, 2.01072945458e-21], "dvar2": [1.33974231709e-09, 3.19186001434e-05, 9.85644510365e-06, 4.3965092118e-06, 6.365092122e-05, 5.33029242433e-06, 2.28530589084e-05, 2.96840630654e-06, 1.48734325194e-05, 8.61173430167e-06, 1.56816201979e-06, 2.94727306027e-06, 5.21127276443e-06, 3.76578373107e-06, 4.12012514062e-06, 2.12936743083e-06, 1.0737375078e-06, 1.12252223516e-06, 1.59241062647e-06, 2.04421368721e-07, 8.14759317791e-08, 3.06402618833e-08, 8.43712744114e-09, 3.